site,A,C,D,E,F,G,H,I,K,L,M,N,P,Q,R,S,T,V,W,Y
338,0.1281588736036667,0.010139701364872841,0.03867963300576976,0.1317438699868882,0.005242294583199564,0.1379439604273799,0.013389103732766453,0.002978322983853147,0.009809838378462547,0.005524871800509577,0.0359903685808124,0.11620419659425699,0.001567538412554288,0.10492780251685375,0.00039579121952180096,0.12314949647990839,0.11361100820710095,0.0023599759862506743,0.0009307259324541086,0.017252626202917964
339,0.002688565541697796,0.08577812230387472,0.01406642773107897,0.0065547032223639435,0.013323538200567248,0.0017773056459772082,0.021008664174243408,0.055006651473181574,0.02340965436558551,0.003920277046868387,0.013655631713258216,0.03277351611181971,0.009754022652327296,0.015756498130682556,0.003175728305408888,0.004736057241592444,0.010371365858170797,0.6522789126933517,0.0065547032223639435,0.02340965436558551
340,0.0007471167672957809,0.0072077257949949075,0.0035637609895651013,0.00236099165558688,0.004497126963022629,0.0007236756032450206,0.006745690444533944,0.47020316122735084,0.003398190999917765,0.07568112084744652,0.03375971567214527,0.007264589709498092,0.002698276177813577,0.005104846822890551,0.0007700209549131365,0.0012936940578558245,0.1464321802626018,0.21915182686422977,0.0023034064932554925,0.006092881691837111
341,0.026078895804694486,0.18039698998784537,0.001967893666343176,0.036520208448740224,0.0013381676931133594,0.05268249161061952,0.0015930567775159046,0.006920198395348906,0.002909060202420347,0.07935351465740996,0.08001479394622171,0.009847974639534981,0.0008803734823114208,0.08053101842329415,0.0003014808024881754,0.1317576940314451,0.2961614239929487,0.00830299192871857,0.0007690618925938847,0.0016727096163916997
342,0.00387148315928422,0.009176848970155187,0.012388746109709504,0.006607331258511736,0.11551663911890708,0.0015200915472036202,0.023597611637541913,0.394576011238051,0.008399149904887798,0.0326637258850912,0.2396546164750316,0.01982199377553521,0.005056631065187553,0.013040785378641583,0.0020226524260750214,0.00387148315928422,0.003387374981286871,0.0016246144781447776,0.03266332554396683,0.07053888388750285
343,0.2606978276674909,0.4915858599965722,0.003826686292701346,0.004220176462360545,0.021256348410368265,0.0010151770327314308,0.008662467475371647,0.008440352924721091,0.009974962547397654,0.0024937406368494134,0.008028628391807869,0.01844300817958423,0.012058889963574302,0.006210825737058916,0.0015749940864312087,0.10403133580225979,0.014477374534964255,0.0011294423025027566,0.003428893375667942,0.01844300817958423
344,0.008224618780375625,0.012689411832579534,0.019739085072901497,0.012689411832579534,0.02166484947025774,0.0021455527253153805,0.03416380108771413,0.012327637381503909,0.015514825323847707,0.017634029089521257,0.7061955937869574,0.02537882366515907,0.011687616161586412,0.01930997452783842,0.0032626315944240167,0.007930882395362208,0.003725117472979001,0.035434586834986945,0.008075080257096067,0.022206470707014186
345,0.002619852993779705,0.012264829049906301,0.018998460685148977,0.0099888813911608,0.023632231583965803,0.003575356069898885,0.023069559403395185,0.010083640102706161,0.014680628711251482,0.005181398368676993,0.011673752951115637,0.020701195339607372,0.008889188026996309,0.016705543016251687,0.003284479643873213,0.005690905728574277,0.7702357007071344,0.006636448595497245,0.009689214949425977,0.02239873268163371
346,0.0040560239259357705,0.008478252403786024,0.7886350528101423,0.006449408518575235,0.01855617507243733,0.0011227352613654552,0.016324482577573435,0.02235175633725406,0.01891302459306113,0.004942096878588839,0.016956504807572045,0.011044185098477025,0.009106271100362768,0.022871564624166944,0.002953385221739275,0.005611996032250079,0.008061289170812941,0.01078834107848724,0.006033602937663673,0.01674385154974868
347,0.041563402597917756,0.007245745391848293,0.009004421457830888,0.009274554101565816,0.013062752255726501,0.0016415140002771355,0.019321987711595455,0.05277543655358839,0.013062752255726501,0.003277227597726437,0.011450066792056563,0.015145020094221402,0.006466264939841331,0.02061012022570181,0.0021518687010593546,0.0033190992668540396,0.7465403225907099,0.002944302889385974,0.005152530056425453,0.015990610519941065
348,0.027922584397294448,0.017902816657527933,0.01710713591719336,0.013505633618836861,0.025660703875790038,0.004229786353152204,0.024832939234635518,0.006144415253459592,0.01973900298137695,0.008951408328763967,0.021994889036391463,0.03665814839398576,0.011800324322900372,0.07698211162737012,0.007298641957514573,0.005910911906784974,0.6115895660931558,0.007698211162737012,0.032075879844737545,0.021994889036391463
349,0.004650192830681572,0.014171979404932408,0.013573163373738081,0.010707717772615597,0.013767065707648624,0.003901597568969246,0.01661542412992076,0.026769294431538995,0.01853258845260392,0.0034514436589371715,0.010828029208262962,0.03011545623548137,0.7704079153023612,0.012493122612816203,0.003255724998430418,0.0036859263130202356,0.00915732587761769,0.005702334908493513,0.00770955679628323,0.020504140415646896
350,0.003722205566585972,0.002440882991548519,0.008387369876707055,0.007488723104202727,0.12971460193796586,0.0018180715050665586,0.06041207879006621,0.012334367465745667,0.010845736909534985,0.03960371526910789,0.01367505958158759,0.020065882403014663,0.005330955430110417,0.015342749774464124,0.0026101773475229423,0.00572957554063461,0.007671374887232063,0.014563946905413874,0.13558028650685588,0.5026622382066325
351,0.006361207404022373,0.008292154308735448,0.008937512378345308,0.011018947254271265,0.015610175276884295,0.7478246162787949,0.033450375593323485,0.02601695879480716,0.017029282120237414,0.004878179774026342,0.017671896539869017,0.026760300474658792,0.010071080823796319,0.014866833597032662,0.003207570262373486,0.003008986027410901,0.010292423259484151,0.008991150784342128,0.006595848708542661,0.019114500339042
352,0.0035916300757317,0.008734191320529362,0.012810147270109729,0.006487405465040131,0.013251876486320412,0.0018565430826245983,0.04769041795165051,0.0799799610085419,0.014896849757509153,0.3729622850287857,0.0660347370378218,0.010675122725091442,0.009721878970467387,0.3053961884619388,0.005000794706634674,0.004088344873439276,0.005490063115761313,0.009314122041501085,0.006004756532863937,0.016012684087637164
353,0.03545337561435295,0.015262687068679085,0.023512788186883998,0.016730253132975156,0.017754554345198122,0.004142729347212896,0.014999537291632895,0.020231934021272276,0.021096264202358536,0.013412202451837505,0.022894030603018624,0.025587445968079638,0.008699731629147079,0.692407244653785,0.0036428671628106943,0.0071309275648746544,0.013593330670542313,0.007372653923006,0.013181411559313759,0.022894030603018624
354,0.05206958354294135,0.009552253156489122,0.014328379734733682,0.010662980267708788,0.013485533867984643,0.001144006957955711,0.05163202401737041,0.10495572264804769,0.1496964805617426,0.03989747310433168,0.04281680040464863,0.01763492890428761,0.013485533867984643,0.020898676387983258,0.36338298542059766,0.03240383827200346,0.013485533867984643,0.0086053373362284,0.014389252595004868,0.02547267508397099
355,0.00259910492443326,0.02358810731024408,0.01919962222926844,0.01618791678154006,0.04768246894077594,0.0033257813628365562,0.03175322137917473,0.012301195553381506,0.030577176142908998,0.006026158801887176,0.015577051997330997,0.025799492370579463,0.012701288551669892,0.02172588831206692,0.0058139701116798805,0.007938305344793683,0.01719966158038631,0.6566604411224686,0.010319796948231786,0.03302335023434172
356,0.007197900053701463,0.010457584272275038,0.015092371080341779,0.012476360093082534,0.7474715271940692,0.0045645219852740995,0.03018474216068356,0.02126652288593614,0.023393175174529757,0.001923025698698881,0.015092371080341779,0.02034189145611283,0.009646670175063815,0.023393175174529757,0.005377741419432129,0.0033897676042084243,0.01559545011635317,0.005078871520884336,0.01006158072022785,0.017994750134253657
357,0.009440755952369283,0.025747516233734412,0.020979457671931746,0.005336455652933683,0.023601889880923214,0.006743397108835204,0.035402834821384815,0.016184153061204486,0.4487228974172359,0.006824642857134422,0.018272430875553455,0.018338714450983496,0.015309333976815056,0.02547171305273314,0.23476878664144427,0.008209353002060247,0.010893179945041482,0.006364554574630978,0.016184153061204486,0.04720377976184642
358,0.00999470337949943,0.022722223864697334,0.016583135159739252,0.5580551666890629,0.03913271887808986,0.0034312509054796633,0.035219446990280866,0.03354233046693416,0.03707244475887237,0.01154735966894455,0.02515674785020062,0.05869907831713478,0.014674769579283696,0.02934953915856739,0.008190569067507179,0.011180776822311387,0.02201215436892554,0.008752758484295983,0.017609723495140436,0.0370731020950325
359,0.013871238590617254,0.03765050474596112,0.07530100949192224,0.003517488572448976,0.043925588870287975,0.011979706055533085,0.058567451827050636,0.0704221704058048,0.41648575330885035,0.015972941407377445,0.03100629802608562,0.012942308271241352,0.03294419165271598,0.06364565860138285,0.004591947858494175,0.017003453756240506,0.01884549901147038,0.011713490365410128,0.021962794435143988,0.03765050474596112
360,0.0024323934751558822,0.07482170085944029,0.041567611588577934,0.009844960639400038,0.05344407204245733,0.0034097505363431843,0.03741085042972014,0.05344407204245733,0.03741085042972014,0.00960773897084245,0.051142161787425616,0.07482170085944029,0.01781469068081911,0.03400986402701831,0.009844960639400038,0.014964340171888055,0.028777577253630882,0.29558730184738247,0.024940566953146757,0.12470283476573381
361,0.007903895823551357,0.06370081201921422,0.4035224186389196,0.013971254939033489,0.042467208012809475,0.0010455381299146293,0.027942509878066978,0.056622944017079305,0.10192129923074275,0.016438919230764962,0.03920049970413183,0.006624013977772508,0.015442621095567086,0.03397376641024759,0.009992284238308117,0.02123360400640474,0.018874314672359775,0.061013484130012764,0.03640046401097956,0.021708147834119198
362,0.00182535594513131,0.021796046640156906,0.021017616403008442,0.016814093122406757,0.025586663447140712,0.0038213848005469895,0.04904110494035304,0.019342301241260712,0.025586663447140712,0.014011744268672298,0.053499387207657866,0.02675387255175167,0.019883424130818395,0.053499387207657866,0.006842944875398098,0.09186142272902642,0.4667929350533989,0.00817351749005884,0.03461725054613156,0.03923288395228243
363,0.007049881562772974,0.029080761446438515,0.030345142378892364,0.012924782865083783,0.038774348595251355,0.0014240169221618568,0.036733593406027595,0.03489691373572621,0.006543634875813286,0.01268978681299135,0.02144315317216086,0.038774348595251355,0.016231122667779634,0.01702288474913474,0.5537160278964879,0.00826101315903435,0.030329349718181544,0.007931116758119595,0.045975386774510386,0.04985273390818031
364,0.07805730709659078,0.01603696014925234,0.020194690558317758,0.006396894041981452,0.030292035837476645,0.002097140942594537,0.022719026878107482,0.09087610751242993,0.020194690558317758,0.012981452399898183,0.08607949351896033,0.04194281885189074,0.006815708063432246,0.014348859080909989,0.0034729722616215256,0.007902270218472167,0.07331269068165715,0.4337062667077911,0.011601205214352758,0.02097140942594537
365,0.057205170846219684,0.0339558922076362,0.03112623452366652,0.02075082301577768,0.03735148142839983,0.004104558398725256,0.02873190879107679,0.02075082301577768,0.02873190879107679,0.028464978403056694,0.013339814795857082,0.23835487852591533,0.2955145025919578,0.024138062056963734,0.00405994363352172,0.05970325454193376,0.006255361072743433,0.012048864976903169,0.026679629591714164,0.02873190879107679
366,0.03264140554791911,0.04828682728071232,0.3440284784207618,0.028726637970390746,0.03342934196357008,0.04443679259024776,0.04828682728071232,0.039507404138764635,0.03342934196357008,0.011143113987856692,0.025563614442730063,0.11340828762215385,0.015520765911657533,0.0434581445526411,0.0077603829558287665,0.010864536138160274,0.01975370206938232,0.02387509652860758,0.03342934196357008,0.0424499566707629
367,0.013531613218968393,0.031302821412058514,0.019919977262219047,0.0410849531033268,0.036519958314068256,0.007223728018167347,0.02073099641446743,0.0410849531033268,0.03459785524490677,0.004721829948245732,0.06573592496532286,0.03286796248266144,0.5209619456912904,0.01933409557803614,0.005432721071514286,0.004228658248487903,0.017067848864262082,0.013986367013898483,0.02858083694144472,0.0410849531033268
368,0.032821067579293366,0.09189898922202143,0.006858432785200932,0.007793673619546513,0.007793673619546513,0.10300228655203769,0.22584570548870694,0.00659464690884705,0.09934142792267202,0.0013425399442447952,0.004396431272564699,0.06153950171117507,0.001562801466145451,0.13565345037852128,0.07644586719012947,0.11897636997493846,0.00349920040061272,0.0025978912065155045,0.0059124420562077,0.00612360070107226
369,0.05592913783914571,0.07764005238437446,0.044986582370384734,0.050587951677649665,0.0409766943139754,0.037782015488962935,0.07092120169726514,0.08561202204884151,0.06030489222242068,0.0337308154413822,0.05654783815328607,0.09219756220644469,0.07074278357978774,0.03969107527784636,0.0614650414709631,0.030732520735481567,0.012572394846333367,0.047013469438078735,0.013492326176552877,0.01707362263082309
370,0.009224385007845894,0.016734034017011658,0.005146723628902467,0.04957217039391517,0.03652686239551644,0.5498474456538108,0.02669270713518509,0.03017436458760054,0.0385561325286007,0.011566839758580204,0.0385561325286007,0.034700519275740624,0.017350259637870312,0.04082414032440073,0.006309185322861931,0.004900447919761379,0.014766178415208777,0.009583268777785483,0.02041207016220037,0.0385561325286007
371,0.0030903911199159934,0.03227048394298561,0.04468220853644162,0.018152147217929408,0.04468220853644162,0.010959786999504548,0.02766041480827338,0.005325864893149141,0.05280624645215828,0.012358908744122146,0.038724580731582726,0.09312936708491915,0.01185446348926002,0.04840572591447842,0.007543749493165467,0.011982987700940454,0.4596128132417734,0.010372655553102515,0.02766041480827338,0.038724580731582726
372,0.028915854289045532,0.0029994752113131,0.006628440672027447,0.005907957990285334,0.006320141105886635,0.0018681462855388705,0.01228530739158559,0.09847020649783073,0.09759100822552866,0.08021635580155777,0.007151738619819088,0.00799311963391545,0.004246344805517583,0.2961382318567767,0.21553749530953029,0.0027979205409101753,0.0236584262364918,0.08588008723846523,0.0049412012282386425,0.01045254105973559
373,0.12278110131361934,0.0424428498368067,0.016977139934722683,0.07003070223073106,0.04583827782375124,0.003472596804829639,0.06368573828847442,0.008861375826475573,0.12296806278374753,0.04175512720755954,0.11883997954305876,0.015950476487656032,0.0019143173746919311,0.06291185494749602,0.07472013625548922,0.016711872123242637,0.07639712970625205,0.07028535932975188,0.012062704690460849,0.011393197491182878
374,0.17151335928505887,0.288756700057064,0.018270798563222373,0.01116548801085812,0.04019575683908923,0.002173355101766756,0.033496464032574357,0.022173873449319773,0.020097878419544614,0.005091425094455544,0.012561174012215385,0.033496464032574357,0.013398585613029744,0.033496464032574357,0.003091981295314556,0.030395442111269894,0.05500127620134553,0.15872846420311842,0.006699292806514872,0.04019575683908923
375,0.01592093220560277,0.033964655371952576,0.03184186441120554,0.046315439143571696,0.05094698305792886,0.006448985197206185,0.042455819214940724,0.010081083942391924,0.01592093220560277,0.011359889575888899,0.4031404728947042,0.07278140436846979,0.01643451066384802,0.03918998696763759,0.009097675546058726,0.014556280873693962,0.11008239891950987,0.0027664530730427193,0.020378793223171546,0.046315439143571696
376,0.029900821445628046,0.08698420784182707,0.002017387289277217,0.05096730928232053,0.040773847425856435,0.050615810597614885,0.09138353225257198,0.013831643260748505,0.11073456335750798,0.06290822174274992,0.01064959993293045,0.06726594021250389,0.0019813209177545026,0.06900189564375704,0.053649799244547935,0.06262267438949463,0.09759754431066875,0.028119894776452707,0.028781539359428076,0.040212446716359394
377,0.027080024291010862,0.027080024291010866,0.0073759615806548535,0.005654903878502054,0.012117651168218687,0.0016632070230888393,0.027080024291010866,0.13420411499890367,0.10450183219371897,0.12943390759209697,0.28721650848909314,0.022156383510827077,0.004039217056072896,0.013049778181158586,0.05753893993386842,0.025172980326855172,0.02302931588031754,0.023858126370169513,0.0058499005639676424,0.06189719837945342
378,0.12933337994473118,0.1583482547335417,0.0056537223163834445,0.006499794079900065,0.009014005884073254,0.0012519338777623643,0.016249485199750162,0.02753018571282829,0.007844579061948354,0.003991101628008811,0.009478866366520927,0.016249485199750162,0.004136232596300041,0.010340581490750102,0.0026763857976059087,0.004212829496231523,0.3919119304655158,0.18015193917001396,0.004292316845217024,0.010832990133166773
379,0.2844963769807454,0.04425477911329941,0.020440863899255774,0.013187654128552112,0.054529707525273134,0.014500446718696353,0.025551079874069717,0.018582603544777972,0.014600617070896979,0.007433041417911191,0.027254485199007698,0.034068106498759625,0.0008812891053636111,0.027254485199007698,0.009733744713931323,0.3238187359857503,0.009037070327693741,0.007172232947107291,0.016352691119404617,0.0468499886304962
380,0.05242579638927956,0.04393396350165599,0.08777029597330828,0.07061977836932849,0.006437242495785517,0.05788299691343174,0.03714416914230915,0.03738694148964449,0.05526765263686579,0.04607601744352776,0.02368613684437105,0.1324120844424909,0.0010023616987755069,0.0847437340431942,0.045398428951711166,0.07486880975985247,0.056892386888923924,0.033017039237608126,0.030265619301140783,0.0227685444767951
381,0.011597964657231398,0.01407464296800219,0.046391858628925586,0.020876336383016513,0.20876336383016517,0.015645590343343528,0.03479389397169418,0.046391858628925586,0.02783511517735535,0.007920657373231483,0.021975090929491067,0.08350534553206607,0.011597964657231398,0.02456039574472531,0.0036033347632560982,0.006231742203885528,0.04175267276603303,0.009489243810462053,0.3308754870417023,0.03211744058925618
382,0.0023529106373713885,0.015588032972585451,0.012470426378068361,0.004618676436321615,0.5454973906112043,0.0016627235170757813,0.007794016486292726,0.006563382304246506,0.007335544928275506,0.09868680663501148,0.08594700930746282,0.005938298275270647,0.005312276186460778,0.007672523309507206,0.001066311135770743,0.0019720046577102047,0.002710962256101817,0.007955170279746729,0.004453723706452985,0.17440180997906288
383,0.014822745839923324,0.021518127801273868,0.02096876240769641,0.015352129619920586,0.01910487241590118,0.005051479703965498,0.033066125335213574,0.02096876240769641,0.01719438517431106,0.009076912720588354,0.02046950615989412,0.02686622683486103,0.015631259249373686,0.02308695451114218,0.0021924330532278567,0.007475819641004806,0.010484381203848205,0.007348027852269682,0.6840352275174306,0.02528586055045744
384,0.0799236073079701,0.029305322679589036,0.05328240487198007,0.04286883377745131,0.029305322679589036,0.08216430218293647,0.036887818757524664,0.04701388665174713,0.06591917790253567,0.05121318526530123,0.03253079067224356,0.0821490433994452,0.0014394173454800807,0.0776566511240504,0.05422019580856396,0.08368471824010988,0.0624322570559821,0.03356791506934745,0.00832537576124689,0.04610977344690583
385,0.05160823581397166,0.0347459152890899,0.03627123508331438,0.14384421346754359,0.009555329767843164,0.015352093444898017,0.15131285690410115,0.04963702184155701,0.03359449000487216,0.057909858815149824,0.06013716107727097,0.06514859116704357,0.0038627928848727682,0.10717441926891776,0.0018716625318455674,0.05078249157636215,0.05147543005791096,0.04961519728840657,0.016545673947185664,0.009555329767843164
386,0.014579678372549353,0.03332497913725567,0.05183885643573103,0.03332497913725567,0.05831871349019742,0.007648355867566874,0.019439571163399137,0.012959714108932758,0.02455524778534628,0.3693044986542197,0.10319420034101798,0.03588843907089072,0.026524738196951312,0.011184992333450097,0.004925976982792349,0.011663742698039482,0.013722050232987625,0.07093008826150446,0.022216652758170446,0.0744545249717415
387,0.046202188209091125,0.02948551726476996,0.02948551726476996,0.005030051571477155,0.04309421754081764,0.44311717631454867,0.06224720311451436,0.03112360155725718,0.05092952982096628,0.010773554385204411,0.028011241401531457,0.04309421754081764,0.02154710877040882,0.04001605914504494,0.003732549992008136,0.052543665022103635,0.02000802957252247,0.006460606023700629,0.009755264320502367,0.023342701167942882
388,0.09900480512239941,0.006473452012966359,0.004932153914641037,0.028718366707453966,0.012375600640299925,0.012716213501959558,0.12375600640299923,0.028312514373929995,0.1638490365556485,0.01873063880694043,0.07615754240184568,0.05339741271145414,0.003983662777210068,0.030082046522300617,0.1436879941586118,0.07333689268325883,0.0687435575954056,0.04061735594765104,0.0034525077402487257,0.007672239422774945
389,0.02212270261811029,0.028928664189015057,0.06173616837114626,0.07857330519964068,0.031750029448018066,0.053301244655300686,0.07652177228295669,0.008065160761489325,0.1646297823230567,0.001691434883341793,0.033674273656988864,0.07598297645679539,0.0016334502808079646,0.036584396071790364,0.10210411076182836,0.06446486122657728,0.05832380473700945,0.025028176366680904,0.01543404209278656,0.05944964361665935
390,0.01037220125606072,0.016501229271005693,0.02016816910900696,0.003490550602535183,0.021354531997772076,0.006785552223591125,0.029042163516970018,0.016501229271005693,0.5772840803197614,0.005628326262978684,0.011809784162213816,0.027874394789058888,0.009308385742618594,0.025006845359250563,0.14388803074951384,0.006089039229499137,0.00934713935520565,0.034574004186869074,0.009190558074990512,0.015783784520092402
391,0.07564832414001663,0.0538266921765503,0.013283925811323337,0.021530676870620116,0.07306159196227836,0.001034597258776008,0.05831224985792948,0.018265397990569587,0.10702012915102352,0.013402871931472873,0.05331405701296411,0.013283925811323337,0.002148870351831716,0.09800823601940391,0.11563455912172475,0.07774966647723931,0.12245572470165195,0.0605186593120133,0.0006251034806362313,0.020874740560650955
392,0.00709217817666064,0.04824583471013797,0.021107552685685364,0.019865931939468576,0.03973186387893715,0.007262813827332598,0.019865931939468576,0.0355495624179964,0.03377208429709658,0.011579013461972373,0.02501635873859006,0.025978526382381985,0.5354953664907813,0.031953959106024686,0.00643277796135173,0.022221846172144705,0.03652033233330345,0.006372091376810676,0.03377208429709658,0.03216388980675865
393,0.01383371036152476,0.00577782766910058,0.03499114973797438,0.0313078708181876,0.05948495455455646,0.005948495455455645,0.004954811080690792,0.06609439394950717,0.05407723141323314,0.0163538701184446,0.06609439394950717,0.0457576573496588,0.011223576331048389,0.0228788286748294,0.47117680288444913,0.009019780211944871,0.01699570130130185,0.012392698865532596,0.018589048298298893,0.033047196974753584
394,0.0005509838973238638,0.0125116823705895,0.0006134223624594696,0.007387738887011875,0.03468533546151392,0.0012707771637914817,0.009439888577848506,0.12507171746550455,0.14232038696545554,0.07215516251926507,0.100093458964716,0.01061987465007957,0.03795210319078816,0.19518224498119616,0.04879556124529905,0.00499758807062568,0.03162675265899012,0.1346629061734701,0.013070614953944083,0.016991799440127308
395,0.01328459032594403,0.2945174527250294,0.017712787101258707,0.01328459032594403,0.1055281408888274,0.006996146475293983,0.04132983656960365,0.028612963778956377,0.03381532082967572,0.16951119329885608,0.1369128868952299,0.028612963778956377,0.012826501004359754,0.04132983656960365,0.0011416145424752934,0.009314791798626989,0.016172544744627516,0.01328459032594403,0.012066898506020267,0.003744349514766917
396,0.002845804156948945,0.04864214348059883,0.025942476522986042,0.0432374608716434,0.014966813378645792,0.01945685739223953,0.02993362675729159,0.004122053841815789,0.05559102112068436,0.016214047826866276,0.0648561913074651,0.05130161410622513,0.01797277492799099,0.04864214348059883,0.011118204224136874,0.12330651904642612,0.3078886542600334,0.03891371478447907,0.01945685739223953,0.05559102112068436
397,0.04445275944262843,0.034820824848393335,0.023213883232262224,0.0026107437275863926,0.023213883232262224,0.004887133312055205,0.030951844309682966,0.02867876672536792,0.2199518364699543,0.00960574478576368,0.017410412424196667,0.08848426238886917,0.013928329939357335,0.0446579721691366,0.3205258089963888,0.00928555329290489,0.036370439543968715,0.006964164969678667,0.014661399936165616,0.02532423625337697
398,0.058561851889980636,0.005967456870840643,0.08209061840466327,0.0701570196923147,0.04914357988627528,0.03560268703006047,0.10374755753769227,0.06063168947007991,0.023622926874366238,0.02680558902887743,0.07781066815326922,0.0074593210885508035,0.006287730759860137,0.1075921474994073,0.023478654220328816,0.1167160022299038,0.04020838354331614,0.05089496617425389,0.03301058648926573,0.020210563156693298
399,0.011272132260152652,0.027586718237307826,0.023743546623679748,0.4734381961815827,0.04335055723005515,0.0014047646630086224,0.05517343647461565,0.04668521547852093,0.014162414289981322,0.01046392760725469,0.06320124378403165,0.04335055723005515,0.025287825050865506,0.03971785168140127,0.008760155954321738,0.01046392760725469,0.022478066711880452,0.011900152965113178,0.01238587349430147,0.05517343647461565
400,0.008155290407430944,0.015129762870235326,0.02070189103424779,0.012815456354534342,0.21140286713899695,0.005276952616572966,0.02990273149391347,0.02990273149391347,0.014951365746956732,0.0027122766188608736,0.019223184531801517,0.019223184531801517,0.008155290407430944,0.010764983337808846,0.004077645203715472,0.002443473212202201,0.012815456354534342,0.006073274056050017,0.555728685651902,0.010543496937090306
401,0.020706603724151965,0.14080490532423331,0.014589402358866035,0.010100355479214947,0.00468945075820694,0.004103269413431072,0.021884103538299046,0.10293316964646783,0.07247311303453186,0.03028991880853352,0.34942393784506437,0.012795094394724007,0.005471025884574762,0.014589402358866035,0.024847924468982346,0.0018618374552663846,0.03633989703245163,0.11604824587938115,0.007294701179433017,0.00875364141531962
402,0.19179185739674542,0.021459228799635854,0.010029294870815612,0.010335712392225036,0.008859182050478602,0.04969505616757777,0.029159205431661405,0.02064066648481269,0.08865189905244682,0.022697261230384083,0.0590128791989986,0.04866445643461895,0.0034452374640750122,0.04425965939924895,0.18687411746349558,0.08698488352870351,0.08590662594782492,0.013618356738230449,0.012402854870670044,0.005511565077350553
403,0.014646417133947237,0.17260579693213277,0.0439392514018417,0.002141473489956104,0.17260579693213277,0.009552011174313414,0.03661604283486808,0.07323208566973619,0.17318721187072564,0.016899712077631426,0.014178289146206327,0.025861044026971886,0.02441069522324539,0.026637503802110087,0.000919961224685527,0.016899712077631426,0.0162795144065557,0.012923309235835798,0.07323208566973619,0.07323208566973619
404,0.011970443383734944,0.08863699883462954,0.018305420147354964,0.00784518006315213,0.03294975626523894,0.0024227761959734516,0.054916260442064886,0.19389343495075212,0.013729065110516225,0.17852061529517235,0.07048123400482882,0.054916260442064886,0.0068645325552581125,0.04118719533154868,0.00610180671578499,0.014977161938744973,0.009691104783893807,0.1290035046063689,0.008670988490852355,0.054916260442064886
405,0.014017142677220543,0.02210808003790643,0.05606857070888219,0.04485485656710575,0.11213714141776437,0.007929679916594323,0.004202641485882014,0.04983872951900638,0.040777142333732495,0.01440815798204631,0.05606857070888219,0.03737904713925479,0.015317768528420402,0.05606857070888219,0.3506401972228169,0.01222291313267125,0.032039183262218385,0.01950211155091554,0.026385209745356315,0.028034285354441087
406,0.07663644419869002,0.11936204482515884,0.04598186651921401,0.038318222099344997,0.010142500202415543,0.04669328354541303,0.12453422182287127,0.012071863405337871,0.191591110496725,0.006761666801610362,0.04057000080966217,0.029206755511724303,0.010142500202415543,0.051090962799126664,0.046774008266596695,0.06353425997048288,0.04470459244923584,0.003245600064772974,0.011591428802760623,0.02704666720644145
407,0.027334057217532737,0.05770523190368023,0.0038621424837182,0.018548110254754356,0.07419244101901742,0.014426307975920058,0.024730813673005808,0.030549828654889533,0.01505391904503003,0.012077839235653998,0.02077388348532488,0.4095329421779124,0.01790852024596972,0.02885261595184011,0.011049938024108977,0.0037775725428566627,0.15834497322271365,0.014426307975920058,0.021639461963880082,0.035213092946271014
408,0.30766976292301373,0.0243609838608955,0.0243609838608955,0.014584449559535135,0.012992524725810936,0.0045723376911712445,0.014991374683628005,0.014991374683628005,0.027841124412452005,0.004872196772179101,0.23198480050550518,0.019488787088716403,0.0076426616034182,0.15184459669451253,0.006090245965223877,0.06025129688805142,0.03916914136864963,0.002000866516174892,0.012573411024978326,0.017717079171560363
409,0.3106371260834844,0.039433333500256976,0.02628888900017131,0.030341196821606634,0.032861111250214146,0.009797204000473828,0.030333333461736143,0.02628888900017131,0.04929166687532122,0.013597701206985165,0.05633333357179568,0.05633333357179568,0.009797204000473828,0.19716666750128486,0.007886666700051394,0.032276074755817806,0.003537610609517745,0.0037835063027102274,0.02816666678589784,0.03584848500023362
410,0.00884891395280906,0.03792391694061026,0.03792391694061026,0.018961958470305126,0.02654674185842718,0.007584783388122051,0.018961958470305126,0.14782918385068353,0.033183427323033976,0.20952867938664033,0.2132910713842275,0.022122284882022652,0.005143222267227271,0.00823347307639508,0.003392881841583466,0.014748189921348433,0.008563465115621671,0.13709685434395938,0.010618696743370874,0.029496379842696867
411,0.014671021212466922,0.04001187603400069,0.0366775530311673,0.006100297021394032,0.02589003743376515,0.34693881378748903,0.0733551060623346,0.02934204242493384,0.05501632954675096,0.008630012477921719,0.03385620279800059,0.0733551060623346,0.015176918495655434,0.08802612727480151,0.003546426259052056,0.017605225454960308,0.016301134680518803,0.03881034087728437,0.04001187603400069,0.0366775530311673
412,0.3124555567137561,0.03603542668269939,0.03963896935096933,0.026906327965411734,0.026425979567312886,0.009909742337742333,0.01981948467548466,0.04404329927885481,0.04954871168871165,0.008089585581830474,0.04404329927885481,0.04954871168871165,0.027828400643524192,0.1981948467548466,0.010163838295120341,0.011018084215800522,0.006152839536324805,0.004202204488019261,0.026425979567312886,0.04954871168871165
413,0.009087873045411523,0.28021047712233915,0.011107400388836307,0.012495825437440846,0.011760776882297265,0.005126492487155218,0.015379477461465658,0.15751090507932008,0.01428094335707525,0.003943660308460347,0.003158277047084318,0.01428094335707525,0.0074049335925575385,0.011107400388836307,0.003979365691008451,0.0037723246603595,0.023172043271487395,0.38970093128178634,0.007140471678537625,0.015379477461465658
414,0.009451109257461935,0.025990550458020314,0.022600478659148097,0.03248818807252539,0.4101793893996511,0.008962258778627694,0.034654067277360416,0.030136373094220285,0.047255546287309665,0.002741020684816865,0.024752905198114582,0.04331758409670052,0.014851743118868752,0.047255546287309665,0.012088628120009447,0.004118794857629561,0.017327033638680208,0.009241310447129482,0.016768097069690523,0.18581937519672562
415,0.045757047209680775,0.014618451872151876,0.014070168033941451,0.20802096702159195,0.013156606684936687,0.0019751506560030945,0.013156606684936687,0.012530101604701608,0.1020504723754519,0.0030956721611615735,0.013849059668354409,0.06990261526855213,0.005598556036143272,0.2516494149667876,0.06370871264981964,0.050329882993357514,0.09033568742397503,0.0035442584030307496,0.012530101604701608,0.010120466680720528
416,0.027575975979753465,0.016924224474139857,0.015237162986884538,0.6331920198496515,0.01729214239749072,0.0019087761063064335,0.016571636464261942,0.028408519653020475,0.0760499474540257,0.004545363144483276,0.025659308073695913,0.03458428479498144,0.007504137266835599,0.016571636464261942,0.006263295671532073,0.005980740979583258,0.010605847337127642,0.023486524492896725,0.012237516158224205,0.01940094025084325
417,0.007289490505238681,0.011060778167695597,0.018292874476515727,0.6232551928567396,0.015398338233458575,0.0254153153676182,0.016026841834824234,0.023797431815345074,0.09568367810069875,0.004702486526385553,0.024541101559574605,0.024541101559574605,0.007624419902003762,0.041732788794848936,0.005690690216712953,0.007551108172176802,0.012874020490268645,0.00591652440940847,0.010757743149402569,0.017848073861508804
418,0.014799972621678592,0.01564568534291737,0.024890863045550358,0.002512920931792612,0.021061499500081075,0.007399986310839296,0.023808651608787295,0.01955710667864671,0.43354099839689497,0.00564535038146503,0.028820999315900417,0.1719233424812609,0.008052926279442763,0.016609463959533194,0.10295776232574894,0.007111675155871531,0.03944240087208892,0.009281338762747591,0.01955710667864671,0.027379949350105393
419,0.0458707673053195,0.06184780416586865,0.002993228142458649,0.027296370167635045,0.0028857936196163524,0.01703266537696256,0.14749611833594692,0.11504697230203859,0.028340485792265457,0.06102057153737157,0.1511835212943456,0.05360916608748842,0.0009130907498027847,0.06246894423640104,0.01914092156440826,0.07100394533846746,0.022706639270139196,0.07223129083727947,0.0007081111937246087,0.0362035926824597
420,0.020201351329218638,0.01862927779461408,0.04506455296518004,0.02789710421654003,0.15748677822379997,0.00388684406239253,0.02092282816240502,0.03446112873807886,0.03661494928420879,0.007373940999148139,0.029291959427367033,0.04881993237894505,0.011487042912692952,0.02253227648259002,0.002673531985101557,0.008136655396490841,0.013314527012439561,0.011487042912692952,0.4638847841337332,0.015833491582360557
421,0.031145551800650536,0.041527402400867386,0.1258406133359618,0.03438395234910602,0.009077602205731295,0.03304792265859637,0.04614155822318599,0.019774953524222566,0.11449529026441857,0.014249598863042732,0.013996876051227533,0.07256376081778058,0.02442788376521611,0.054015357796179025,0.04857739653698363,0.12434758910994188,0.11810088358249789,0.06529465786299905,0.004149761008334307,0.004841387843056693
422,0.0012362653304422945,0.04242937606283477,0.027259631501422295,0.01918270364914902,0.015694939349303747,0.009086543833807432,0.02589664992635118,0.022518826022914072,0.017882184223454042,0.004583477863071006,0.004301122214299502,0.1019136974058286,0.0031728137577775274,0.01618540620396949,0.005819471893562063,0.23227137021378058,0.4106948770602321,0.008092703101984743,0.013280333295564708,0.018497607090250844
423,0.4035279355331386,0.1393588516139193,0.012528543296464157,0.030007260570853327,0.03188271435653166,0.00718483703809164,0.0340082286469671,0.030007260570853327,0.025506171485225323,0.007085047634784813,0.022179279552369847,0.04637485724586423,0.008912170553232018,0.051012342970450646,0.007848052764684714,0.04300208643020296,0.02876820919282167,0.002789693249610577,0.025506171485225323,0.04251028580870887
424,0.0690739803009152,0.015100559774322854,0.017656039120746723,0.03178291173905441,0.08197446734632408,0.0879622773324412,0.057382127142426846,0.011813967352852586,0.044630543332998665,0.03799304126831447,0.004975029294587618,0.057382127142426846,0.001667212387817144,0.11476425428485369,0.06867041444913378,0.08176953117795827,0.07803969291370051,0.04718990955816879,0.021313361510044256,0.06885855257091221
425,0.03262043734585349,0.026259417692510684,0.1558718385925576,0.29337952408255,0.016851343787662627,0.0318159411209932,0.02317059770803611,0.02059608685158765,0.08389220907145967,0.004943060844381037,0.013240341547449207,0.016851343787662627,0.008238434740635061,0.18767760292000285,0.004413447182483068,0.03265151278871394,0.014829182533143113,0.005771003855295049,0.007414591266571555,0.01951208228045146
426,0.5257493432208131,0.014767381274063246,0.10744491059543589,0.01796032857656341,0.025558929128186386,0.00791109711110531,0.033226607866642305,0.030206007151493002,0.025558929128186386,0.008306651966660574,0.026581286293313845,0.026581286293313845,0.007936600029216343,0.036918453185158115,0.006269171295592886,0.013608799463283628,0.005164171019612049,0.005094623845859092,0.02768883988886859,0.04746658266663186
427,0.01813775548441324,0.16172109775545346,0.011323251898335225,0.007008269370555171,0.00905860151866818,0.0018356499089286808,0.009607607671314737,0.34654520947597167,0.013210460548057764,0.0692092190266394,0.005732126483476847,0.015097669197780304,0.0032685675582823336,0.006745767088369923,0.002781149589064793,0.002963093954704546,0.04270803637908103,0.25155745126606216,0.012682042126135454,0.008806973698705176
428,0.04771249203149901,0.01655331356194864,0.0005499639434523538,0.0044821053012095045,0.023174638986728092,0.024022491632584,0.31105587755211006,0.02014564332952384,0.06654304462484277,0.007094277240835128,0.01241498517146148,0.09579540335832215,0.0017288120447522372,0.0206916419524358,0.1262887630175632,0.035540236296514933,0.02363018647985284,0.01982041492285955,0.014230041483078654,0.1285256670684257
429,0.02876393890513505,0.366807645353514,0.18252902160648785,0.0244538430235676,0.005474430657546276,0.0005870218242211815,0.0305673037794595,0.009996786418127982,0.007664202920564787,0.0018394087009355486,0.006050686516235358,0.018961920700188484,0.0025266603034828964,0.006386835767137322,0.002299260876169436,0.23594653944361169,0.0029477703540633795,0.0021847662723877437,0.005895540708126759,0.05811641586903715
430,0.06284299541581453,0.03648354367754496,0.05430499819284341,0.06326709756780612,0.008252230117539928,0.07406879715255352,0.04903266827120813,0.03860365275323763,0.055270750554686034,0.03377920399161978,0.02829336040299404,0.07792269750332785,0.08195500160299336,0.03884153323566965,0.04852027380834974,0.06405886602276104,0.07293476524812777,0.03815710072697362,0.02939856979373599,0.04401189396021297
431,0.06628521354482779,0.013027433511202004,0.009474497099056001,0.010167752984352784,0.011579940898846225,0.07884593835230226,0.020932172698366676,0.017291794837781163,0.30189997602277197,0.012726761000606938,0.010626776935044541,0.042611922993103596,0.004168778723584641,0.022511959317111325,0.330120056425203,0.014588880445969286,0.008937332163347569,0.004342477837067335,0.0054852351626113694,0.01437509904684359
432,0.0652997959142403,0.047188569639731996,0.07462833818770322,0.017413278910464083,0.41178322821389385,0.01536465786217419,0.03264989795712016,0.0208959346925569,0.018657084546925808,0.05532783184440446,0.01934808767829342,0.029022131517440146,0.022712972491909674,0.029022131517440146,0.007156142017998937,0.004058120061151661,0.022712972491909674,0.07189352741478035,0.01801373680392836,0.016851560235932983
433,0.011023488317630496,0.03560593668753281,0.03256939730209011,0.023884224688199406,0.03771193371820959,0.016975028611748454,0.03980704114699901,0.025590240737356513,0.015245249800978347,0.015112969636258211,0.023113765827289752,0.03256939730209011,0.010856465767363366,0.029855280860249262,0.005372281945486603,0.011746340010589874,0.014049543934234946,0.010694428964865407,0.5684099435938287,0.03980704114699901
