site,A,C,D,E,F,G,H,I,K,L,M,N,P,Q,R,S,T,V,W,Y
338,0.08063691586318046,0.01925695649074243,0.04944353693569003,0.13253614343279257,0.005360910964455769,0.1503103679824159,0.043358178543605116,0.002466055328356032,0.003343934561987261,0.0065915290018354845,0.04005219057098205,0.08599794672147797,0.0014813043454417261,0.08619339660039041,0.0003277156477352677,0.1209271589800012,0.1411742293379782,0.0038998140396235108,0.003957860047977109,0.022683854603331503
339,0.08732184848383566,0.08939714464947528,0.03185156983171748,0.005029863913882684,0.0102240455024143,0.0013638459636341332,0.016121358698341935,0.006858536919716696,0.017963799692438154,0.004126409153536152,0.010478883153922258,0.02514931956941341,0.007484916538515897,0.01209101902375645,0.0024369495706795946,0.003634294735464366,0.007958645433358676,0.637513885559576,0.005029863913882684,0.017963799692438154
340,0.0013629193128455977,0.029468138827485935,0.006501150679062593,0.004307012324878968,0.008203832999769463,0.0013201570344456607,0.012305749499654193,0.2774978650724411,0.0061991114980457064,0.005893627765497189,0.005067073323387021,0.013252345615012207,0.004922299799861678,0.009312459080819391,0.0014047020180601017,0.002360006753358339,0.3488301791094683,0.24647453552630547,0.0042019632437843586,0.01111487051581669
341,0.03587966104076824,0.1737236888250398,0.0022141844061171197,0.05613468257353904,0.001505645396159641,0.07549458652935258,0.0017924349954281443,0.0020346559407562717,0.0032731421655644364,0.10704186887199417,0.06124873644472556,0.010208122740787593,0.0009905561816839746,0.0839041830436348,0.0003392124803437339,0.11855033209634656,0.2583335594935314,0.004583376582958852,0.0008653134460687591,0.0018820567451995514
342,0.00283855140898643,0.006728418154634501,0.009083364508756577,0.0048444610713368405,0.14811110227828536,0.0011145232526081688,0.01730164668334586,0.36779432238462284,0.019453921607705413,0.0028278565777320112,0.23861025996336332,0.014533383214010525,0.0037074957178598275,0.009561436325006922,0.001482998287143931,0.00283855140898643,0.002483605799198399,0.0011911589244392373,0.010906169528393857,0.13458677290358373
343,0.2019482529447628,0.4456363299203545,0.0023237853320887242,0.0025627353307649064,0.0068485724873922444,0.0006382589877209916,0.07088873276423549,0.005125470661529813,0.006057374418171597,0.003061104369364715,0.004875447702430799,0.05546000857437248,0.0025627353307649064,0.0037715727509370334,0.0009564275397113048,0.13483354573896472,0.03779727242201145,0.0006858627165237705,0.0020822224562464862,0.011884287551651248
344,0.005975466010303172,0.009219290415896322,0.014341118424727609,0.009219290415896322,0.015740251929579088,0.0015588172200790883,0.024821166504336255,0.17364005810084573,0.011272049666259281,0.0037626780489400337,0.6544884898274571,0.018438580831792645,0.008491451698851876,0.014029354980711794,0.002370413111807666,0.005762056509935201,0.0027064248737320644,0.0021624620272778536,0.005866821173752206,0.01613375822781856
345,0.002159478254730101,0.010109586947870477,0.015659948409446425,0.00823358112249245,0.019479448021506526,0.002947075161925342,0.01901565164004209,0.008311688320688033,0.01210086922548133,0.004270895020758116,0.009622377938334549,0.017063469320203094,0.007327131824603372,0.013769954635892546,0.0027073131148534495,0.0046908689914104745,0.8106111261913181,0.005470255951244984,0.007986573688817677,0.018462706218380916
346,0.0049200451894969455,0.005567368880288365,0.6583971264573603,0.0042350987647582035,0.012185184719121707,0.007561785748747172,0.010719711086757323,0.014677608866214782,0.01241951519448943,0.00324530045283141,0.01113473776057673,0.11188097776737217,0.005979766575124542,0.015018948607289547,0.0019393837540944458,0.0036851995645115054,0.005293563853388939,0.015176802631607986,0.0039620539270763845,0.09199982019889215
347,0.0014153404385650913,0.017083070451352374,0.007552932516931449,0.007779520492439393,0.010957071116111822,0.0013769062818476802,0.01620733435924874,0.00493529381803141,0.010957071116111822,0.0027489471704732833,0.009604346286962212,0.026780210102448968,0.03927057907833623,0.017287823316531985,0.001804993153698235,0.00883917150487809,0.7951947775554045,0.0024696890452188544,0.004321955829132996,0.013412966366274816
348,0.0019273371419692878,0.015532626472961244,0.014842287518607411,0.011717595409426905,0.022263431277911118,0.003669796364490844,0.021545256075397857,0.005330943663919074,0.01712571636762394,0.007766313236480622,0.01908294109535239,0.03180490182558731,0.02159919361326744,0.06679029383373336,0.006332359955118402,0.00512835429859939,0.6739493922734389,0.006679029383373336,0.0278292890973889,0.01908294109535239
349,0.003779854068150673,0.01151952530958376,0.01103278480354501,0.00870364134501884,0.011190396015024225,0.0031713672917072703,0.013505650362960274,0.021759103362547105,0.015063994635609534,0.002805465026987792,0.00880143506799658,0.024478991282865493,0.7944358936920828,0.029097790843891507,0.0026463774359854588,0.0029960614702360887,0.00744342368847991,0.004635075272495242,0.006266621768413565,0.01666654725641906
350,0.0030343267652948383,0.02473649169956909,0.006837349644464369,0.006104776468271758,0.19759144767249023,0.0014820844605052826,0.004631745574151995,0.01005492594774172,0.008841400402324616,0.007119714799601005,0.011147852681191905,0.008546687055580461,0.00434577307910871,0.012507346910605554,0.002127805905953642,0.007924084587043708,0.006253673455302777,0.004135493736571192,0.15274247005510383,0.5198345490991233
351,0.005315354170083924,0.006928831931505015,0.007468085958080065,0.009207309794818251,0.013043688875992526,0.7925956913570669,0.02795076187712684,0.021739481459987543,0.01422947877381003,0.0040761527737476645,0.014766440236972673,0.02236060950170147,0.008415283145801629,0.012422560834278595,0.002680210043012163,0.002514275264536957,0.008600234423731336,0.004202267813033292,0.005511417834926419,0.015971863929786768
352,0.004908921966642097,0.011937605691606918,0.017508488347690147,0.01247831947308963,0.018112229325196703,0.0025374620793753833,0.012160729578662599,0.09641705320954976,0.011129999692779585,0.10286345231695904,0.06633822891768165,0.030799891997495055,0.031486465317407855,0.5297829222235936,0.001705269177841308,0.005587815430113876,0.007503637863295777,0.006648793043426637,0.008207103912979756,0.021885610434612682
353,0.007758783997122789,0.01279518764437793,0.019711505289987625,0.014025494148645038,0.014884197872031471,0.003472979503474009,0.012574580960854172,0.016961062691384702,0.01768565769906148,0.011437654755015542,0.019192781466566895,0.021450755756751236,0.03511776287062911,0.7360799754345263,0.003053929409806046,0.005978079473192968,0.011395713995774095,0.006180726234996119,0.011050389329235485,0.019192781466566895
354,0.009029730649150173,0.011099043922913754,0.016648565884370636,0.012389630425578144,0.015669238479407654,0.0013292553355166985,0.03133847695881531,0.08408800723107496,0.13163433589680698,0.006054023957952957,0.012994002641460008,0.020490542626917702,0.015669238479407654,0.012684621626187147,0.5366461066192281,0.02301173692501008,0.015669238479407654,0.005223079493135886,0.008733673906555087,0.02959745046110335
355,0.0020693661198090702,0.01878047694010791,0.015286434718692486,0.012888562605956408,0.013222337297948823,0.002647934375195374,0.025281411265529883,0.0977044367004762,0.024345062700139884,0.004797932064991072,0.012402201752901453,0.02054114665324303,0.010112564506211952,0.017297807707994127,0.004628990795097021,0.006320352816382471,0.013694097768828687,0.663469756833046,0.00821645866129721,0.02629266771615107
356,0.005727511675760792,0.022073720569492625,0.012009298674982306,0.00992768690465204,0.7545518283745732,0.0036320805748726974,0.024018597349964612,0.04211097485207463,0.018614412946222576,0.007095257582998297,0.012009298674982306,0.016186446040193543,0.007676046575761885,0.018614412946222576,0.004279175389936224,0.002697305239913058,0.012409608630815049,0.004041358690524617,0.00800619911665487,0.014318779189401979
357,0.010321569774223138,0.028149735747881287,0.02293682172049586,0.005834342042808476,0.025803924435557846,0.0207944023981026,0.03870588665333676,0.01769411961295395,0.6230633548036723,0.007461375740402267,0.01997723182107704,0.013864541324859009,0.01673768071495644,0.02784820038450363,0.003931376850242207,0.008975278064541856,0.03163982778077197,0.006958361645543686,0.01769411961295395,0.05160784887111568
358,0.008199367448076018,0.018640659520345503,0.013939204955316285,0.5809488437899534,0.03210335806281726,0.027240224877727145,0.02889302225653553,0.02751716405384336,0.030413168378761672,0.013362185329628391,0.02063787304038252,0.04815503709422589,0.01203875927355647,0.02407751854711294,0.0067193075015198915,0.009172388017947786,0.018058138910334705,0.03502356017518889,0.014446511128267765,0.030413707638458454
359,0.012481596952747675,0.03387862030031511,0.06775724060063022,0.01973203782407469,0.03952505701703431,0.010779561004645718,0.0527000760227124,0.0633671709848267,0.47628005764386194,0.014372748006194293,0.027900040247318326,0.011645728276140818,0.02964379276277573,0.039365638237639104,0.00413191958478213,0.015300022071110052,0.01695752844981602,0.010540015204542482,0.01976252850851715,0.03387862030031511
360,0.01838920636488048,0.07096526259116229,0.039425145883979044,0.009337534551468723,0.05068947327940163,0.0032340061693668463,0.035482631295581143,0.05068947327940163,0.035482631295581143,0.010988707376357387,0.006365953790104369,0.07096526259116229,0.01689649109313388,0.0322569375414374,0.009337534551468723,0.014193052518232456,0.02729433176583165,0.35607583887912436,0.02365508753038743,0.11827543765193714
361,0.006551587914058533,0.05280199530176496,0.42494249262682887,0.011580859242863176,0.03520133020117664,0.0008666529934801507,0.023161718485726353,0.04693510693490219,0.08448319248282393,0.01362632136819741,0.032493535570316895,0.005490685971595938,0.012800483709518778,0.028161064160941315,0.008282665929688621,0.01760066510058832,0.015645035644967397,0.057854638519846735,0.03017256874386569,0.09134739909684816
362,0.0015690048976168477,0.01873503303194453,0.018065924709375084,0.014452739767500063,0.02199329964619575,0.0032847135835227417,0.042153824321875186,0.005475688438907135,0.02199329964619575,0.012043949806250051,0.0459859901693184,0.01770586230495031,0.006133384895956078,0.0459859901693184,0.005881928975145376,0.13867674545499845,0.5093582826386561,0.007025637386979198,0.02975564069779425,0.033723059457500155
363,0.0057962613280630884,0.02390957797826024,0.02494912484688025,0.010626479101448994,0.03187943730434699,0.004268288719752244,0.030201572183065566,0.028691493573912288,0.09260434843520672,0.010433270390513559,0.026159442989505337,0.03187943730434699,0.013344880732052228,0.013995850523859652,0.5785497902785753,0.006792027735214459,0.01304158798814195,0.006520793994070973,0.005368486630051451,0.040987847962731846
364,0.09292150141456894,0.008010684119950628,0.010087528151048939,0.006547396334348473,0.015131292226573412,0.0035722816437674756,0.011348469169930056,0.3520451039130215,0.010087528151048939,0.002289712241375753,0.024968932745079987,0.020951020006024723,0.003404540750979017,0.007167454212587404,0.0017347978348937665,0.0039472936243234984,0.1347541067609652,0.27475988371611004,0.005794962980389816,0.01047551000301236
365,0.020562364443043955,0.4713050795585973,0.016117487868279014,0.010744991912186011,0.01934098544193482,0.002125383015597233,0.01487768110918063,0.015158935307440266,0.01487768110918063,0.023049689606954166,0.0069074948006910076,0.0682152088834812,0.194134612768616,0.012498939506192843,0.004448817970661817,0.06719379294281491,0.003509155482671074,0.006239027561914458,0.013814989601382015,0.01487768110918063
366,0.02799860021573598,0.029292225110399424,0.2649318830673825,0.007284561772124489,0.02027923276873806,0.0007700599172896235,0.2798507569317508,0.023966365999417708,0.02862875142276525,0.03340020999322614,0.01550764858785852,0.1030911921877348,0.013291920303426725,0.02636300259935948,0.004707679035599908,0.023260860530996772,0.011983182999708854,0.003820725014399925,0.02027923276873806,0.06129190877334703
367,0.04429126185582672,0.02473235024397261,0.01573876833707348,0.03246120969521406,0.02885440861796805,0.005707465440916757,0.038165903921590846,0.03246120969521406,0.027335755532811833,0.0037307164915014865,0.05193793551234249,0.025968967756171243,0.5223413212417407,0.015275863385983085,0.0042923913646564045,0.0033410616725870704,0.057269863869797974,0.011050624577094147,0.022581711092322824,0.03246120969521406
368,0.046192970276438004,0.050812267304081796,0.006551702771836434,0.007445116786177764,0.007445116786177764,0.04914145774089149,0.2294114432698174,0.006299714203688877,0.05391152810027508,0.0029749333634408134,0.004199809469125919,0.16841187079951356,0.0014929082223666089,0.1645512696927045,0.09289331564189449,0.09094241023173733,0.0033427054958349153,0.0024817055953925884,0.005648019630893478,0.005849734617711101
369,0.05765566537834912,0.05574476689411796,0.08213072176963858,0.06250862270195456,0.04780887994044144,0.0371241593513928,0.04413127379117672,0.06619691068676506,0.03488910693935042,0.050051322714383346,0.051192277597764985,0.13239382137353012,0.07410723334744769,0.035733620137488736,0.04988752689437368,0.03898262518220609,0.006017900971524099,0.02727914242187723,0.011840097846413265,0.03432432405980411
370,0.008035412281492342,0.014577108646791698,0.0044833391301375555,0.0431825890251427,0.03181874980799989,0.6078696454384869,0.023252163321230687,0.026285054189217297,0.03358645813066654,0.010075937439199963,0.03358645813066654,0.03022781231759989,0.015113906158799945,0.03556213213835281,0.005495965875927253,0.004268807011607991,0.012862898858553148,0.00834803789828392,0.017781066069176406,0.03358645813066654
371,0.038596631546897436,0.026650540393085908,0.036900748236580495,0.014990928971110826,0.036900748236580495,0.009051126925953706,0.022843320336930782,0.004398359123270638,0.04360997518868605,0.010206589937777583,0.031980648471703094,0.07691077591721845,0.009789994430113193,0.03997581058962887,0.006229996455526577,0.045650649229849974,0.4819229420741032,0.008566245126349042,0.022843320336930782,0.031980648471703094
372,0.06548103241231472,0.028607088992628385,0.0037054577341032848,0.0033026905890920586,0.0035331108627496438,0.0014731296959401962,0.0011514021385754438,0.0173758022126044,0.13393847538882556,0.07920819498350136,0.0056395147532137075,0.0044683460911245495,0.006696923769441279,0.3362317589071207,0.15276620949331474,0.013909384397704514,0.05032839681277081,0.08357760864262713,0.002762250310876994,0.0058432218114705635
373,0.10533417557244716,0.015242154604798556,0.04953700246559531,0.09716873560559079,0.07544866529375285,0.011951234860580683,0.011547630605484293,0.12955831414078772,0.07481919575841983,0.015455835380871587,0.1486110073967859,0.04115381743295609,0.0030923097843685993,0.048678200390085836,0.047927384135873795,0.006430283973899391,0.06052031975434719,0.04801278700511545,0.002560639264141185,0.0069503065740975
374,0.1323386653001967,0.5947320556416156,0.009138929190022118,0.005584901171680184,0.020105644218048654,0.0010870974419148027,0.01675470351504055,0.0019379819655047828,0.010052822109024329,0.005099665527508163,0.006283013818140206,0.01675470351504055,0.0067018814060162205,0.01675470351504055,0.0015465880167729739,0.026162604175907683,0.004787058147154443,0.10072039640431472,0.0033509407030081094,0.020105644218048654
375,0.06269797906379584,0.038215911048408886,0.025466199831215827,0.0370417452090412,0.040745919729945325,0.0051577113582209275,0.03395493310828777,0.1418285559070862,0.012733099915607915,0.005781460682897735,0.4093725752290149,0.05820845675706476,0.013143845074175911,0.03134301517688102,0.007276057094633095,0.016378247592175238,0.005101645172097678,0.0022125289484303703,0.01629836789197813,0.0370417452090412
376,0.0608405269533089,0.07374609327673806,0.016105750115702505,0.05876641807990064,0.14380488188963922,0.06462401356858577,0.018341026208739324,0.007129744562441912,0.050320533181774776,0.07269257765849893,0.03456848122347097,0.07860845617739376,0.0018238881438804894,0.017018329217708784,0.058220599955319516,0.06188909624345713,0.07919131463293398,0.0343300779046884,0.013014016460600837,0.054964174545216155
377,0.050115074736033785,0.03149032481538834,0.0041642169863582695,0.0031925663562080066,0.0068412136204457265,0.0009389901047670607,0.08779120857623415,0.09608217004626565,0.12433672718385634,0.09357164684410386,0.2407418158629797,0.01249202967883174,0.0022804045401485762,0.047565805315551615,0.059074756825696566,0.012580001718823512,0.03427673183103021,0.024096605729778873,0.009476712170148215,0.058890997057349626
378,0.1885976939884909,0.28465935770948625,0.012919226744542087,0.005173187652781821,0.026842540767432612,0.0009964144708164515,0.012932969131954554,0.002973420886109471,0.006243502339564267,0.0031765187341642764,0.007544231993640155,0.012932969131954554,0.0032920285063157044,0.00823007126578926,0.002130136092321926,0.004733564527293044,0.2227480221843326,0.1818359084545869,0.00341625599712007,0.008621979421303034
379,0.22624514539118226,0.03839178648120549,0.01773280305619632,0.011440518100771818,0.005366618912392112,0.05123137006554715,0.022166003820245403,0.016120730051087565,0.012666287897283085,0.0064482920204350265,0.023643737408261763,0.029554671760327205,0.008615333295061952,0.023643737408261763,0.008444191931522061,0.35671605547019863,0.007839814849108371,0.006222036160068885,0.014186242444957059,0.11332462347588616
380,0.04492951840609354,0.06772990284936448,0.10569550825608308,0.038088471443633545,0.008951788831853418,0.04338514950376383,0.05648347185675202,0.02772616671264501,0.04098650731434479,0.06779179432318358,0.0372604611948589,0.15711494470498835,0.0006397447972115092,0.08284242538990295,0.033264767000936536,0.06059997943585008,0.059155127662630924,0.02882604770620448,0.031422988940997675,0.0071052336687015185
381,0.010768788691515667,0.013068401267841397,0.04307515476606266,0.019383819644728205,0.19383819644728204,0.005163561994033678,0.032306366074547004,0.04307515476606266,0.025845092859637604,0.007971505391059097,0.020404020678661264,0.0775352785789128,0.010768788691515667,0.02280449369968024,0.001141408871824622,0.005786214819321851,0.03876763928945641,0.008810827111240092,0.3896640253647274,0.029821260991889545
382,0.0020616815452709604,0.013658640237420114,0.010926912189936092,0.004047004514791146,0.5397761170611011,0.0014569216253248125,0.006829320118710057,0.005751006415755838,0.006427595405844761,0.10980076685023146,0.16511324333412536,0.0052032915190171865,0.0010705957663763787,0.012210282769993005,0.004549735730300745,0.0017279218111451702,0.002375415693464368,0.01413699354207646,0.0039024686392628905,0.08897408522985184
383,0.012523493590347181,0.01818031142851456,0.01771616166439357,0.012970761218573865,0.0161413917386697,0.004267911922498972,0.027937024163082174,0.01771616166439357,0.014527252564802732,0.0076689339144073885,0.01729434829143182,0.022698832132504263,0.013206593240729753,0.01950578725179178,0.001852350541922696,0.006316196767305534,0.008858080832196786,0.006208227591796038,0.7330465727676925,0.02136360671294519
384,0.065069350920879,0.027596788546585566,0.09598882972725413,0.046718684546867804,0.04559469412044572,0.0771781751218181,0.06645380519579132,0.06563942032819585,0.05109961650587925,0.04578108019758601,0.03253601334753363,0.10932958262099896,0.0008803426843554592,0.054346215148061115,0.04830086397030594,0.06267505941014828,0.03969597821058448,0.025197067803404204,0.014998254644883453,0.024920176948421743
385,0.09537731256940198,0.033738311638944585,0.008478550518296126,0.10301475137978394,0.06088116385974965,0.00560673502308017,0.2402105598256654,0.015492081875025583,0.016813640077309643,0.02142115024694895,0.06117386176292152,0.027111143281294766,0.0021803648755277217,0.12921201914595726,0.013415823479403594,0.031143056897487323,0.0709575601930184,0.05593844706178987,0.0024399321226143554,0.005393534165779101
386,0.007936515267213042,0.018140606325058383,0.02821872095009082,0.018140606325058383,0.17933112909151666,0.004163417845095367,0.010582020356284057,0.2042382303542273,0.013366762555306179,0.25506847698200263,0.09583690070610129,0.019536037580832107,0.019954313491830827,0.006088602241406342,0.01774196873491147,0.006349212213770434,0.007469661427965216,0.05457903928872247,0.012093737550038921,0.021164040712568118
387,0.14076969012912738,0.018625072785707943,0.018625072785707943,0.032467426848433324,0.027221260225265456,0.3553653278260155,0.03931959810316121,0.019659799051580606,0.03217058026622281,0.006805315056316364,0.017693819146422544,0.027221260225265456,0.013610630112632728,0.02527688449488935,0.006768624960513161,0.18077329177226323,0.012638442247444676,0.0040809613869307905,0.006162093287414264,0.014744849288685457
388,0.08461091640142016,0.02350303233372782,0.004476768063567204,0.030028200577649267,0.017627274250295862,0.009487462593431414,0.09009495727928997,0.019712865875859648,0.13357906031056585,0.02667911778423158,0.0578536180522531,0.040376225549337535,0.0025555266443982516,0.0760776228629116,0.1048965424448004,0.05919282217383303,0.09329073620996318,0.050621915795721464,0.0022147897584784844,0.07312054503826432
389,0.04613177972981005,0.04280614340197798,0.055219613687908016,0.02007985952287564,0.054693712605166034,0.08649327327607745,0.08888839318943162,0.006524460307767704,0.14234389306216289,0.0030925364206068583,0.026773146030500853,0.08212147676663242,0.001321409682585864,0.003866346849047528,0.10479766968179774,0.08188329007926548,0.03956656179172761,0.040792867769445566,0.007158098070654742,0.06544546807455764
390,0.0076203086655240405,0.012123218331515521,0.014817266849630082,0.05767979381084233,0.015688870781961264,0.004985248659688626,0.04501374119690816,0.012123218331515521,0.5381707885641557,0.004135051213850255,0.01574505216883413,0.01148697233820584,0.006838738545983113,0.014524495798007703,0.18395717099265207,0.004473530474368235,0.00686721027368363,0.02540102888508014,0.006752172235274467,0.011596121882319194
391,0.07911226277247196,0.09381902956991868,0.007874837974306595,0.011727378696239835,0.04331160885868627,0.0012284356609386245,0.035573048711927506,0.010827902214671567,0.13631353119864656,0.01255955217482812,0.004124915129398693,0.044350813978507035,0.013934503454947506,0.06562779706777215,0.08692898748415885,0.055561714178629616,0.18548803971219344,0.09889032846558997,0.00037056730797076286,0.012374745388196079
392,0.02849700421049501,0.034455420636270835,0.015074246528368489,0.014187526144346815,0.028375052288693633,0.005186837515137546,0.014187526144346815,0.02538820467935746,0.024118794445389585,0.06709560794732942,0.017865773663251545,0.018552918804145835,0.4852303219516431,0.0567644779419751,0.004594056084836112,0.0033015988577471955,0.10548484135400295,0.004550715933092374,0.024118794445389585,0.02297028042418056
393,0.01079769572250089,0.004509796972583012,0.027311818592208135,0.02443689031934412,0.04643009160675383,0.005774852852277299,0.08256949930952598,0.051588990674170915,0.042209174187958026,0.05385016213472662,0.051588990674170915,0.035715455082118326,0.00876039464278374,0.017857727541059163,0.4663156299706391,0.007040254542504432,0.013265740459072523,0.009672935751407047,0.01450940362711057,0.02579449533708546
394,0.000507194277851819,0.016941115380174784,0.0018330926420236193,0.006800596002814437,0.006731150746275216,0.0011697817468537624,0.00868965044804067,0.07544528328073427,0.3028224374206242,0.1173300287468605,0.012031823697287083,0.009775856754045756,0.01468229999615148,0.03128274161294641,0.1431524249624769,0.004600403178374473,0.06117624998396447,0.15735467461873984,0.012031823697287083,0.015641370806473206
395,0.014838504379309296,0.41779567268967366,0.01978467250574573,0.014838504379309296,0.02485703116301223,0.004176647025244084,0.04616423584674003,0.031959855586204636,0.03777073842006001,0.1320937084265984,0.11230639177969906,0.031959855586204636,0.014326831814505525,0.04616423584674003,0.0012751505294762663,0.005560860910201085,0.018064266200898273,0.014838504379309296,0.007042002078316275,0.004182330452752242
396,0.0022772407344214367,0.03892392604498504,0.020759427223992023,0.03459904537332004,0.011976592629226167,0.054763789366583875,0.023953185258452338,0.0032985084005658413,0.06258718784752441,0.012974642014995015,0.05189856805998006,0.014500077808664254,0.007507902347465535,0.03892392604498504,0.008896897381710867,0.20856755352744866,0.3123983317731431,0.03113914083598804,0.01556957041799402,0.04448448690855433
397,0.06190543942084125,0.021987117382442956,0.014658078254961971,0.0016485172032496321,0.014658078254961971,0.0030859112115709407,0.01954410433994929,0.018108801647283734,0.17627236883449754,0.0060654116917084,0.010993558691221478,0.009213538711249719,0.20428795008877607,0.02819864493215711,0.35549365299140895,0.0082540585894455,0.007995315411797438,0.012381087884168246,0.009257733634712823,0.015990630823594875
398,0.09384026029610879,0.004196322867912203,0.04801939518930618,0.06301000039872874,0.01109663231438022,0.03723915044398868,0.17803930068850043,0.06325080419196727,0.053800595121018195,0.029960907248826593,0.07027867132440807,0.042167202794644844,0.014055734264881613,0.04111348682703551,0.06348805832142901,0.055344453667971354,0.04882518218327297,0.05918227842045672,0.007027867132440806,0.01606369630272184
399,0.009135601331150251,0.022357904789825744,0.030704300779418357,0.49520133149257706,0.035133850384011886,0.011120291089004988,0.04471580957965149,0.03783645425970511,0.011478056489562747,0.008480584575451143,0.027326328076453684,0.035133850384011886,0.020494746057340266,0.11268436769768463,0.007099747461293689,0.008480584575451143,0.018217552050969123,0.00964458637992483,0.010038242966860539,0.04471580957965149
400,0.008081896510588901,0.014993601899887679,0.020515583449956437,0.012700123088068276,0.2680851388831689,0.005229462448028112,0.029633620538825973,0.029633620538825973,0.014816810269412983,0.00102364153415898,0.01905018463210241,0.01905018463210241,0.008081896510588901,0.010668103393977349,0.0040409482552944504,0.0024214830669206473,0.012700123088068276,0.006018617357478371,0.45720655894205614,0.05604840096048882
401,0.05544547010677438,0.08064795651894455,0.009902279864120189,0.006855424521313975,0.00318287567061006,0.0027850162117838027,0.014853419796180283,0.08930269820018587,0.035283480977038234,0.056597525993669774,0.33267282064064624,0.07241316309015466,0.0037133549490450707,0.026882652172981508,0.04717905456358256,0.015070305150495048,0.03120822484905171,0.10511176887288987,0.004951139932060094,0.005941367918472113
402,0.13998177443242635,0.02143261618104135,0.0035113691559197253,0.007103395559731248,0.006088624765483926,0.027552198532415886,0.005531557625300249,0.02630372071944475,0.19992458046641562,0.02040220194156821,0.08840954174679558,0.042642360394319526,0.002367798519910416,0.010655093339596872,0.1694516216813582,0.06293071528954396,0.037496337943269946,0.08387571909311375,0.023575877799145488,0.020762894813198967
403,0.011759244858923913,0.1763886728838587,0.03527773457677174,0.001719335923385759,0.1763886728838587,0.0076690727340808125,0.02939811214730979,0.05879622429461958,0.17689402345311903,0.013568359452604515,0.011383396514389079,0.09119227833062869,0.019598741431539855,0.02138659078017883,0.013972509272598466,0.013568359452604515,0.013070418133002868,0.010375804287285805,0.05879622429461958,0.05879622429461958
404,0.0012482677561191978,0.030686062857223046,0.023866937777840148,0.01682423416626426,0.04296048800011226,0.0031588594117729603,0.07160081333352045,0.053700610000140335,0.01790020333338011,0.16987910640748313,0.09160087880320801,0.07160081333352045,0.008950101666690056,0.053700610000140335,0.007955645925946716,0.019527494545505574,0.016475680292423765,0.21545698747621186,0.011305391578976911,0.07160081333352045
405,0.011295441565114805,0.04884324663093671,0.04518176626045922,0.036145413008367384,0.09036353252091844,0.006389978199588125,0.02577455960193156,0.040161570009297085,0.03285946637124307,0.059856547792873825,0.04518176626045922,0.030121177506972813,0.012343525588985126,0.04518176626045922,0.3626798690551136,0.022233933476075614,0.025818152148833838,0.01571539696015973,0.02126200765198081,0.02259088313022961
406,0.008434911760468181,0.049120064968459574,0.016869823520936366,0.01405818626744697,0.010543639700585226,0.02717178640732807,0.2750105532840781,0.03691248147352683,0.14103105296619386,0.007029093133723482,0.0421745588023409,0.0517002970629596,0.010543639700585226,0.05641242118647756,0.07754948904497594,0.08449448478942846,0.04175128206222919,0.009025987389836407,0.012049873943525972,0.02811637253489394
407,0.01956644743394841,0.041306944582779975,0.030172762251599972,0.013277232187322133,0.05310892874928854,0.01443655552398687,0.10903264388392116,0.021868382426177634,0.027655813772148683,0.008645639563837668,0.014870500049800792,0.37335422227626597,0.012819396594655853,0.020653472291389988,0.007909840452021697,0.002704087212502125,0.17759381896142373,0.010326736145694994,0.01549010421854249,0.025206471422691428
408,0.27296198922676995,0.016967320889630832,0.016967320889630832,0.03352233609154067,0.00904923780780311,0.003184613612687006,0.01044142823977282,0.01044142823977282,0.01939122387386381,0.0033934641779261674,0.34065566973814676,0.013573856711704668,0.0073705080673567925,0.05980162227378124,0.004241830222407709,0.1484921141774838,0.0019764979202672728,0.0064703411907632395,0.008757326910777205,0.012339869737913334
409,0.35191407214935555,0.03507685757635119,0.023384571717567467,0.026989192775208816,0.029230714646959328,0.008714838408699053,0.026982198135654764,0.023384571717567467,0.043846071970439,0.012095468129776275,0.050109796537644566,0.050109796537644566,0.008714838408699053,0.175384287881756,0.007015371515270239,0.02754792088484881,0.02266055418946354,0.019895926206134628,0.02505489826882228,0.03188805234213746
410,0.009813906920526522,0.042059601087970806,0.042059601087970806,0.0210298005439854,0.029441720761579564,0.008411920217594163,0.0210298005439854,0.05257525489065692,0.036802150951974456,0.29547013014936385,0.24101519608918545,0.0245347673013163,0.0013618870382969346,0.009131350901965991,0.01562553228023024,0.016356511534210864,0.009497329277928892,0.07929382704820388,0.011776688304631825,0.032713023068421734
411,0.03428886815804097,0.033677378988071244,0.030870930739065303,0.03936070402766019,0.021791245227575504,0.3715663188584315,0.06174186147813061,0.024696744591252245,0.04630639610859795,0.007263748409191837,0.028496243759137212,0.06174186147813061,0.012774178236854608,0.07409023377375673,0.002984972288673809,0.014818046754751344,0.013720413661806803,0.05526154373373494,0.033677378988071244,0.030870930739065303
412,0.34425194745934823,0.031207582970723274,0.0343283412677956,0.023301554601022935,0.02288556084519707,0.05913624552458283,0.017164170633897805,0.03814260140866178,0.042910426584744504,0.007005783932203185,0.03814260140866178,0.042910426584744504,0.02410009265804688,0.171641706338978,0.008802138786614257,0.015420269656240848,0.005328513299596627,0.007524048608998525,0.02288556084519707,0.042910426584744504
413,0.010453620566864382,0.09692506972909512,0.01277664735950091,0.014373728279438527,0.013528214851236257,0.005896914165923498,0.017690742497770494,0.23051805597631508,0.016427118033644026,0.004536323109185887,0.07079127091655107,0.016427118033644026,0.008517764906333939,0.01277664735950091,0.0045773943829027965,0.004339238725868234,0.0708255157157846,0.3627143138758476,0.008213559016822015,0.017690742497770494
414,0.009696015397767595,0.02666404234386089,0.023186123777270345,0.03333005292982611,0.5358026030403373,0.009194497359952033,0.03555205645848119,0.030917295482932462,0.04848007698883799,0.019209292637264248,0.02539432604177228,0.04444007057310149,0.015236595625063366,0.04848007698883799,0.012401880159935296,0.004225524990973058,0.017776028229240595,0.009480780080938441,0.017202607963781216,0.03333005292982611
415,0.12643891718698355,0.007363654662558835,0.02166418205042446,0.13302909535652105,0.006627289196302952,0.0009949293854460911,0.009320511161823045,0.006311703996479002,0.17421758684781746,0.0015593621638359885,0.006976093890845213,0.036246432295978494,0.0028201230622565752,0.21304025512738384,0.05073189619726466,0.08921060683459199,0.09559498627510812,0.0064427555455128975,0.006311703996479002,0.0050979147663868865
416,0.0232257516349096,0.014428903834428318,0.03773941719987442,0.6852448479593347,0.01474257565691589,0.0016273446928946978,0.014128301671211058,0.0242199457220761,0.05707439621890647,0.0038751913155321755,0.021876080007036475,0.029485151313831778,0.006397721511491801,0.014128301671211058,0.005339830552898668,0.005098935941489705,0.009042113069575078,0.0053515319013832646,0.010433207387971244,0.01654045073702758
417,0.006282311489847485,0.009532525451488057,0.11777116151603964,0.6837624189164594,0.013270770726581413,0.0024364104478379993,0.01381243483787045,0.020509372941080368,0.008101020778374202,0.004052750341650611,0.02115029084548913,0.02115029084548913,0.006570964146171379,0.019337408773018632,0.004904415268519218,0.006507781798612038,0.011095234541895937,0.005099046257139324,0.00927136037062537,0.015382029705810272
418,0.012179648193457838,0.012875628090226856,0.02048395377990636,0.0542802100466189,0.01733257627530538,0.016072183134346215,0.019593347093823474,0.07244203836787015,0.4536404298836427,0.004645845187195256,0.033246255630247974,0.008980526671753856,0.006627161517028528,0.06825864021853305,0.11811699209932407,0.005852558222830389,0.029107036856904415,0.0076380844603040655,0.01609453511278357,0.022532349157896998
419,0.08242152510112322,0.08010655107307608,0.012325824287308162,0.03217315480845003,0.011941349228284633,0.011829874638647188,0.11952406033125636,0.10528289569604282,0.026122463527814912,0.07309261342151643,0.015258390680585921,0.02640875310101409,0.0008473167797595625,0.12655488740956555,0.012715325567154932,0.0963407690646297,0.06504892869091893,0.09302545523101155,0.00065710280879313,0.008322758553046867
420,0.01501322627182103,0.12543211201418994,0.03349104322175461,0.020732550565848096,0.12418395143556536,0.005139601820706915,0.01554941292438607,0.02561079775781235,0.027211472617675623,0.037210184742094726,0.021769178094140498,0.03628196349023416,0.00853693258593745,0.016745521610877306,0.013100488503042802,0.006046993915039027,0.009895080951882044,0.00853693258593745,0.4377454315969245,0.011767123294129997
421,0.04287279431194227,0.06192736956169437,0.04330585284034572,0.013710177491044256,0.01786366429664261,0.028179301425689748,0.009043823236844602,0.05444164357072033,0.1363027767969966,0.029422505900352534,0.0770548950815206,0.08744641502605682,0.005604286838162385,0.09778160164021728,0.07507320642818499,0.033910684766508,0.10794213712622804,0.06471365179161097,0.003875924244361972,0.00952728762487606
422,0.0010205300321314752,0.012215735954620945,0.022502671495354367,0.015835213274508632,0.012956083588234335,0.01594561096842641,0.021377537920586654,0.018589163409205786,0.014761641850470335,0.003783635030192328,0.04109015493768451,0.12475095640004194,0.0026191397966433758,0.013360961200366658,0.004803941105749809,0.21033952939098716,0.4311345031420606,0.0066804806001833274,0.010962839959275206,0.015269669943276179
423,0.4522243082673504,0.0906732876231657,0.011050136845872702,0.026466311991057263,0.02812045649049834,0.006337004279548922,0.029995153589864893,0.026466311991057263,0.02249636519239867,0.006248990331221853,0.01956205668904232,0.040902482167997585,0.025141667452034118,0.04499273038479734,0.006921958520738053,0.07317298644327869,0.006096973230554081,0.023140511329792137,0.02249636519239867,0.03749394198733112
424,0.0588480575606388,0.014435710548433235,0.007032782062057217,0.010726962913089994,0.13713925021011572,0.05479766521960679,0.04922947443440052,0.018823034342564902,0.14729771318864282,0.03714584769014471,0.011281227423897821,0.03555462042484482,0.0018028579037732678,0.020316925957054185,0.09966950971554858,0.10971140016809258,0.031084896714292896,0.06498198481329659,0.026121761944783953,0.06399831676472068
425,0.06620016305129996,0.009740389155972941,0.09192870142860975,0.2645491635684252,0.011954113964148612,0.0009892649979813975,0.01643690670070434,0.014610583733959414,0.002477237431302674,0.0035065400961502595,0.009392518114688195,0.011954113964148612,0.005844233493583766,0.35691024060321513,0.0031308393715627314,0.0730962063674993,0.010519620288450778,0.027657747881372995,0.005259810144225389,0.013841605642698393
426,0.6284946907522435,0.013880326643080186,0.02176090898985439,0.016881478349692117,0.024023642266869556,0.007435889273078672,0.03123073494693042,0.028391577224482198,0.024023642266869556,0.007807683736732605,0.024984587957544335,0.024984587957544335,0.00745986026882689,0.03470081660770047,0.0058925914994208345,0.017763468850030852,0.004853966946654235,0.004788597368197589,0.026025612455775348,0.04461533563847203
427,0.020383377263115503,0.07452737091373526,0.008745440731084547,0.005412791745512305,0.006996352584867637,0.001417752393543127,0.007420373953647494,0.4545350643639898,0.010203014186265305,0.04294158628747116,0.06318851183930979,0.011660587641446061,0.0025244571182512095,0.005210049797241857,0.0021480029865821697,0.002288526546452031,0.016956389915367714,0.24684344665579225,0.009794893618814691,0.006802009457510204
428,0.00862442198060796,0.03403566531632784,0.0007179863356956057,0.0038144900563603745,0.061089655695973036,0.032657925997952884,0.15478251251378694,0.006058307736572359,0.09271605770487061,0.01271662220610051,0.01047251240502395,0.10345514757718556,0.0014713033074532876,0.09948886784772751,0.23722005627559872,0.040515871793817215,0.038805748530687245,0.01929147021978096,0.012860980146520642,0.029204396351956863
429,0.05131879071608064,0.46443667068285654,0.1662427440356331,0.0026176833249676543,0.003926524987451481,0.00042104028805379693,0.019351527945119018,0.007170176064041836,0.005497134982432073,0.0013193123957836977,0.004339843407183216,0.03489251306448843,0.0018122423019006839,0.004580945818693394,0.001649140494729622,0.18096293700030222,0.0021142826855507974,0.0015670194577122908,0.004228565371101595,0.04155090497591783
430,0.05734865933710901,0.017034857410800328,0.03219221709621675,0.029270522921028108,0.006742964391775132,0.04210241181205935,0.04608783428941449,0.05028651410815352,0.08781535021846681,0.029458339080948814,0.0638517444445645,0.08843231989213286,0.07684320180710225,0.03267299103625668,0.08282059371198765,0.0555935361143063,0.06175895907464718,0.06235695510925992,0.037086304154763224,0.04024372398900713
431,0.037270101039324696,0.010145512810484519,0.007378554771261466,0.007918449022817185,0.009018233609319573,0.0014469429491770357,0.017654258387048545,0.007057748042076185,0.3437251237075198,0.0035779296997751706,0.04865429912953811,0.05590515155898703,0.003246564099355046,0.06328885082149474,0.3271001578806894,0.01908158855240345,0.015075546487816732,0.006988143944873382,0.004271794867572429,0.011195048618465674
432,0.054646767795374036,0.08006028982391475,0.062453448908998906,0.014572471412099745,0.4395715851256386,0.012858063010676246,0.027323383897687018,0.017486965694519695,0.015613362227249726,0.001492505107955402,0.01619163490233305,0.024287452353499574,0.019007571407086622,0.024287452353499574,0.005988686881684826,0.003396077147909474,0.019007571407086622,0.13257734842734745,0.015074970426310081,0.014102391689128786
