site,A,C,D,E,F,G,H,I,K,L,M,N,P,Q,R,S,T,V,W,Y
338,0.08728199777055473,0.017566921061820263,0.04100386980031757,0.13485862673380727,0.011559186153232377,0.1463071470551044,0.03444325063226675,0.004390478360990411,0.00540763906673495,0.0060911324803743115,0.03967912939138423,0.08765716166201222,0.002310778084731796,0.08154644606538156,0.0048450606649704155,0.1257428841181603,0.1325376284329625,0.0049842483966680865,0.001896428978264687,0.02988998509026134
339,0.08566951850817241,0.050373939684001494,0.020512865427682086,0.009558627655099199,0.019429520511804715,0.0025918187784976132,0.030636627099676912,0.013033792125742983,0.03413795591106856,0.005716882568839233,0.019913807614789995,0.047793138275496,0.01422414829627857,0.022977470324757686,0.004631118049951162,0.006906522872181501,0.01512441084667595,0.5530712518831161,0.009558627655099199,0.03413795591106856
340,0.002376786806648396,0.01226281295327198,0.011337317636043906,0.007510972933879088,0.014306615112150645,0.002302213926093207,0.021459922668225963,0.2531528894062753,0.010810593321724099,0.004751734806138945,0.008836438745740104,0.02311068595039719,0.008583969067290385,0.01623994147865749,0.002449651415406907,0.004115601607604979,0.31808265171661976,0.2515982660173569,0.007327778472077158,0.01938315595839765
341,0.03331963335309864,0.17728780866821747,0.004957403382368102,0.05420843459812527,0.0033710343000103084,0.07284087608368242,0.004013136071440844,0.004555451756770687,0.0073283354348050184,0.10456910792660012,0.05580831889166646,0.008929331022666633,0.0022177857236909924,0.08986939609909644,0.0007594729204811093,0.11027723812993293,0.25692661795886124,0.00260944876898355,0.001937376034488683,0.004213792875012886
342,0.006006974384469217,0.014238754096519627,0.019222318030301493,0.010251902949494131,0.16876894110224214,0.002358566629484846,0.036613939105336175,0.35042758213794334,0.014032561121015646,0.005984341862405981,0.16513414233802676,0.03075570884848239,0.007845844094000609,0.02023401897926473,0.003138337637600244,0.006006974384469217,0.005255834497015906,0.0025207438992599935,0.006628385527690172,0.1245741283749774
343,0.19572656155710697,0.4443467773568718,0.004840091966540762,0.005337788527848326,0.01464084974884338,0.001284022212667842,0.060618255100474305,0.010675577055696652,0.012616591065823315,0.0043626774504129245,0.010154817199321207,0.05928108770855209,0.005337788527848326,0.007855613305135272,0.001992093326182629,0.1285537597496268,0.014364632217854476,0.0014285478863112898,0.004336953178876764,0.012245514858004982
344,0.010591251888963808,0.016340788628687025,0.025419004533513145,0.016340788628687025,0.0278989074148315,0.002762935275381864,0.04399443092338814,0.1581060068562975,0.019979214527270885,0.006669182106413973,0.5372593691203023,0.03268157725737405,0.015050726368527521,0.024866417478436775,0.004201453460662187,0.010212992892929389,0.004797019597606088,0.0038328692677237833,0.010398683672800831,0.028596380100202295
345,0.003795052402363861,0.017766519366140755,0.027520686861276854,0.01446963948376412,0.03423304951036876,0.005179169852122213,0.033417976902979034,0.014606904542814741,0.021265985301895753,0.007505641871257323,0.016910301565362888,0.02998722496716796,0.01287665165068917,0.024199224653881374,0.0047578136607631175,0.008243701271838655,0.6671692808416562,0.009613390615925475,0.014035550299251196,0.032446234378480404
346,0.005566716002144622,0.01163603178585494,0.6254287978896248,0.008851532007774733,0.025467541267154212,0.011291817252242015,0.022404640616202367,0.030676811071799388,0.025957301676137946,0.006782812498287303,0.023272063571709883,0.01515766253872754,0.01249796006628864,0.031390225282771474,0.004053392453931451,0.007702219880148054,0.011063767927534206,0.03843649202096924,0.008280856976436646,0.07408135721426053
347,0.002725602605476285,0.024295528605571944,0.014545117193150952,0.014981470708945479,0.021100662970345747,0.0026515877360965452,0.031211397310303077,0.009504179575943614,0.021100662970345747,0.005293805904221017,0.018495642850549974,0.024464213852573483,0.0329185887963901,0.03329215713098995,0.0034759792828179766,0.017709544245887276,0.6833246746183842,0.004756022447284278,0.008323039282747488,0.02583012191197496
348,0.003281125081500664,0.026442955512153195,0.02526771304494638,0.019948194509168196,0.03790156956741958,0.0062475114671570724,0.0366789382910512,0.00907547132406721,0.029155053513399674,0.013221477756076594,0.032487059629216775,0.05414509938202797,0.017429405499062984,0.11370470870225874,0.010780296099415127,0.008730580420799229,0.4642683477415623,0.011370470870225871,0.04737696195927448,0.032487059629216775
349,0.006990622049241682,0.021304697529069744,0.020404499041925952,0.016096882577519366,0.020695991885382035,0.005865260858205435,0.02497792124097832,0.0402422064437984,0.027859989076475824,0.00518854572754249,0.016277746426704973,0.04527248224927321,0.6548548526785634,0.01878087674661704,0.004894322405326833,0.005541042854324547,0.013766182720380441,0.00857230433122333,0.01158975545581394,0.030823817701632825
350,0.006143670643497585,0.004028789090534727,0.013843737850014554,0.012360480223227282,0.16406835630856986,0.0030008102276043113,0.009378000958081544,0.020358438014727285,0.01790138515088089,0.006830791702309814,0.02257131171198025,0.017304672312518195,0.00879898592161942,0.025323910701246143,0.004308217173241045,0.005703913105742526,0.01266195535062307,0.008373228538315257,0.16833445160714322,0.46870489340812294
351,0.009473817938785097,0.0123495989443132,0.013310737996774149,0.016410642435276075,0.023248410116641107,0.6303330696453447,0.04981802167851665,0.03874735019440185,0.025361901945426663,0.007265128161450345,0.02631895484902767,0.03985441734281333,0.014998974268800714,0.022141342968229626,0.004777070571912555,0.004481316830828935,0.015328622054928201,0.007489909217105928,0.009823271880270892,0.028467440959152376
352,0.008566608546395094,0.020832434419642613,0.030554237148809157,0.015473493073871499,0.031607831533250856,0.004428150311421619,0.07158795305478305,0.08268231502220758,0.01942307315892437,0.09960728974615508,0.06501515369267603,0.035216541583532844,0.01331170447360134,0.4117533367210095,0.00297588220225717,0.00975135228153484,0.013094673063775354,0.01160287486663639,0.014322298663504296,0.03819279643601145
353,0.013897768038305813,0.022919126238609592,0.035307843124344505,0.025122888376937432,0.02666102440001524,0.0062209056933368884,0.022523968889668046,0.03038116733955224,0.03167908378395135,0.01051520061649487,0.03437868935791438,0.03842324104708078,0.013063901956007465,0.5870708539016688,0.005470290519569018,0.010708116357383168,0.020412346806261663,0.011071103352548697,0.019793790842435554,0.03437868935791438
354,0.015420023430831419,0.01895377880039695,0.02843066820059543,0.021157706567884974,0.026758275953501578,0.002269962329513588,0.05351655190700317,0.15289668515703125,0.014925019581965723,0.010338424800216522,0.022189789815098872,0.03499159163150206,0.026758275953501578,0.02166146148616795,0.40716781491546156,0.04142840917148458,0.026758275953501578,0.00891942531783386,0.014914448892115635,0.050543410134391877
355,0.027994334297563445,0.02993771830290132,0.02436791024654759,0.020545492952971495,0.021077558924318923,0.013294349656000626,0.040300774638521004,0.11497904831768828,0.03880815335561282,0.0076483221941718695,0.01977019133210465,0.03274437939379832,0.016120309855408403,0.027574214226356482,0.007379015074658776,0.010075193659630251,0.021829586262532216,0.4705428899276325,0.01309775175751933,0.04191280562406185
356,0.010679910841684247,0.015516479363986606,0.022393361442241164,0.01851184545891936,0.6253099439513436,0.006772626387409523,0.04478672288448233,0.031554282032248915,0.034709710235473805,0.002853296496915129,0.022393361442241164,0.030182356726498962,0.014313282571329402,0.034709710235473805,0.00797924373229283,0.005029580227132881,0.023139806823649207,0.007535794414305675,0.014928907628160775,0.026699777104210617
357,0.01581778710614722,0.04313941938040152,0.0351506380136605,0.05173902333730864,0.03954446776536806,0.011298419361533734,0.05931670164805209,0.027116206467680957,0.42336886198026125,0.01143454489601004,0.03061507181834947,0.021247384632199176,0.02565046557753604,0.042677316978614356,0.006024827948793994,0.01375459748360628,0.02523544690528627,0.010663676700773408,0.027116206467680957,0.07908893553073609
358,0.011665767687060544,0.02652126580190897,0.0298635720724022,0.3671514512612207,0.045675513325509884,0.07037462557181359,0.041107961992958894,0.039150439993294185,0.04327077170048546,0.013478020325560294,0.029362829994970644,0.06851326998826483,0.017128317497066208,0.034256634994132416,0.009559991161153232,0.013050146664431396,0.025692476245599314,0.05035142378573101,0.020553980996479447,0.043271538939956736
359,0.01741823280940084,0.04727806048265941,0.09455612096531882,0.00441694045265477,0.055157737229769334,0.015043019244482545,0.07354364963969244,0.08842972104173302,0.2857364538302599,0.02005735899264339,0.038934873338660705,0.016251767070894603,0.041368302922327,0.04727806048265941,0.019948206199640283,0.021351382153459095,0.023664454118261798,0.014708729927938487,0.02757886861488466,0.04727806048265941
360,0.024468837970604073,0.08824972346700902,0.049027624148338354,0.011611805719343291,0.0630355167621493,0.004021688072676389,0.04412486173350451,0.0630355167621493,0.04412486173350451,0.0063508951604269925,0.014586000579448186,0.08824972346700902,0.02101183892071643,0.04011351066682228,0.011611805719343291,0.017649944693401805,0.033942201333465004,0.1982841961560702,0.029416574489003006,0.147082872445015
361,0.009343076237588966,0.0752997706926286,0.26957919250947754,0.016515210086806262,0.05019984712841907,0.0012359148798483785,0.033030420173612525,0.06693312950455876,0.12047963310820578,0.01943219888842028,0.04633832042623299,0.0078301471799227,0.018254489864879663,0.040159877702735255,0.011811728736098604,0.025099923564209533,0.022311043168186252,0.04024544021220166,0.043028440395787765,0.08287219554017945
362,0.0023362517642564317,0.0278965056391886,0.02690020186636044,0.021520161493088347,0.03274807183730836,0.004890945793883716,0.06276713768817435,0.06560886816560965,0.03274807183730836,0.017933467910906963,0.06847324111437203,0.018719187925650693,0.00913262368129352,0.06847324111437203,0.008758205258815025,0.08873903792873644,0.33737366437672867,0.010461189614695726,0.044306214838711305,0.05021371015053949
363,0.009743113266463366,0.040190342224161374,0.04193774840782057,0.0178623743218495,0.05358712296554851,0.001968027128178623,0.0507667480726249,0.048228410668993645,0.009043467638674979,0.01753760387963406,0.02265420505503524,0.05358712296554851,0.022431818915811003,0.023526053984874954,0.4403671091047189,0.03597343558869468,0.021922004849542567,0.010961002424771287,0.008814559009919275,0.06889772952713379
364,0.08379065137092298,0.016666240586208476,0.020987117775225494,0.00664790422348944,0.031480676662838235,0.0025103343184094975,0.023610507497128678,0.32675603646940743,0.020987117775225494,0.004763749826673999,0.014148682795397145,0.04358862922546833,0.0070831522491386035,0.014911899471870743,0.0036092495537011996,0.008212350433783887,0.08254889342385031,0.25384606236828994,0.01205642936023592,0.021794314612734168
365,0.02043443573081629,0.3715351951057507,0.03074570077552204,0.020497133850348022,0.03689484093062645,0.004054378124244664,0.028380646869712648,0.020497133850348022,0.028380646869712648,0.03783933056409299,0.013176728903795159,0.0638576116588009,0.16436486187162624,0.023842962204121063,0.004010308796807222,0.05819800016889702,0.006654417456950193,0.011901561590524662,0.026353457807590318,0.028380646869712648
366,0.013984701901131965,0.058599787154567165,0.23504555499808705,0.0072769655681777555,0.04056908341470034,0.014208018205189382,0.22504697199404466,0.047945280399191305,0.04056908341470034,0.013523027804900114,0.031023416728888503,0.04544304005402371,0.018835645871110872,0.05273980843911045,0.009417822935555438,0.018234434516696468,0.023972640199595652,0.0076434504984218025,0.04056908341470034,0.05535218248720675
367,0.030891747436805714,0.03870778648922891,0.024632227765872948,0.05080396976711295,0.045159084237433735,0.00893256611289898,0.05319275895258797,0.05080396976711295,0.04278229033020038,0.005838821461784758,0.08128635162738074,0.04064317581369036,0.36254623828247834,0.023907750478641392,0.006717880299783531,0.005228985542987914,0.02448356542362307,0.017294968431357607,0.03534189201190466,0.05080396976711295
368,0.049189748399240237,0.039351798719392185,0.014218154212146998,0.016156993422894315,0.016156993422894315,0.03663066370156187,0.22579520097861183,0.013671302127064421,0.04716844514500306,0.008982408339002575,0.009114201418042948,0.14347009949778403,0.004974531287580776,0.1586086942905434,0.10820886688792111,0.07071026332390783,0.0072541603123198965,0.005385664474298104,0.012257029493230171,0.01269478054655982
369,0.056979700370133064,0.0710254157613049,0.09270578164697732,0.061700138340678855,0.01606527261267611,0.03717517647441615,0.04448844723510307,0.06885116834004044,0.03461471824509685,0.04114277132514613,0.046267985124507194,0.15262008982042305,0.08002324471219797,0.031711824433643204,0.048195817838028336,0.040163181531690274,0.004381437985275302,0.025651189951545084,0.014106093025764387,0.03213054522535222
370,0.012145275146247326,0.022032845254225795,0.006776427319712465,0.06526913702308182,0.04809304833279713,0.40730719439070323,0.0351449199355056,0.03972903992709328,0.05076488435128586,0.01522946530538576,0.05076488435128586,0.045688395916157275,0.022844197958078637,0.053751054019008565,0.008306981075664958,0.006452168710947587,0.01944187060262012,0.01261779901940867,0.026875527009504283,0.05076488435128586
371,0.003868573711609406,0.040396422652852156,0.055933508288564526,0.022722987742229334,0.055933508288564526,0.013719539768893183,0.034625505131016136,0.006666955772827961,0.06610323706830352,0.015470970377688058,0.048475707183422576,0.11658000793547905,0.014839502199006914,0.06059463397927823,0.009443319581186216,0.015000389726610787,0.3235394538538976,0.01298456442413105,0.034625505131016136,0.048475707183422576
372,0.08433921645359947,0.03527311646757938,0.008033691644990055,0.0071604642922737435,0.007660031568478888,0.002264199371820324,0.010045018287121456,0.024617933451320927,0.12809018498890418,0.06845284383242593,0.008667930459068217,0.009687686983664475,0.007116121388272455,0.27482951568500513,0.14676612703932293,0.020053006206825475,0.05175361009652695,0.08653203608139307,0.00598875195353804,0.01266851374786893
373,0.10485916435820682,0.011786121725851053,0.04893427670049651,0.10398533798855512,0.04404084903044686,0.013345711827408138,0.019900117632442312,0.1468028301014895,0.07548899418175456,0.00978126798616148,0.15495854288490557,0.04404084903044686,0.002546148368137145,0.047190886923487003,0.02930270575380798,0.009175176881343096,0.06908368475364213,0.04404084903044685,0.005582899764876814,0.01515358507609421
374,0.10910452154043797,0.5043867682286141,0.017124154217160317,0.01046476091048686,0.0376731392777527,0.0020369590197453435,0.031394282731460575,0.017117382840351324,0.01883656963887635,0.011715464334214415,0.011772856024297717,0.031394282731460575,0.012557713092584232,0.031394282731460575,0.002897933790596361,0.013701508135242487,0.008969795066131594,0.0835056298650816,0.006278856546292116,0.0376731392777527
375,0.05262796756530276,0.04055028210728193,0.03801588947557682,0.05529583923720263,0.06082542316092288,0.007699420653281379,0.05068785263410241,0.11563463975076349,0.0190079447377884,0.008630552331527033,0.27225606100487454,0.08689346165846126,0.019621104245458997,0.04678878704686376,0.010861682707307658,0.024058499458424126,0.007615725168713403,0.003302858554574824,0.024330169264369154,0.05529583923720263
376,0.06366365743647996,0.0707373971516444,0.02314688274927496,0.06631630982966663,0.18038036273669322,0.05772655512041327,0.008674047504980622,0.013941905638402509,0.02055107864636504,0.057600451966339006,0.026526523931866653,0.06814403616908268,0.003566534000521571,0.016324014727302553,0.05165691502521399,0.057070356020770506,0.1072976857033132,0.04024713975869421,0.012483070085584306,0.053945075797390565
377,0.0483449969941284,0.019083551445050684,0.00957782878332647,0.00734300206721696,0.01573500442975063,0.0021597064903579296,0.07633420578020274,0.09839009756978272,0.1461892920893317,0.09620500992588456,0.22360132796911555,0.010013184637114038,0.005245001476583542,0.035231171898555104,0.057908834308708544,0.012901555906513136,0.03203029341004719,0.005937986528415449,0.010528855969683134,0.08723909232023169
378,0.17016317870659248,0.22928220328013785,0.02345044928235158,0.010966602746981028,0.05259683671228539,0.002112291764036693,0.02741650686745258,0.006303333234007885,0.013235555039459862,0.006733878879725193,0.01599296233934733,0.02741650686745258,0.006978747202624291,0.017446868006560725,0.004515659954639248,0.007107983261932148,0.18204662155174853,0.17071404690402942,0.007242096153666718,0.01827767124496838
379,0.1294745169203033,0.05983041172332795,0.02763510128345558,0.017829097602229407,0.008363430007296094,0.04952359005511942,0.034543876604319484,0.025122819348595983,0.01973935805961113,0.010049127739438392,0.03684680171127411,0.046058502139092634,0.03985561188657416,0.03684680171127411,0.013159572039740754,0.24435961270140155,0.03180791026812784,0.009696526766124765,0.022108081026764467,0.13714925040592876
380,0.061141999743228,0.06745343197478702,0.12280807376996943,0.044255161718907886,0.014407763913468215,0.03734029270032853,0.049787056933771376,0.02342920326295124,0.02597585579153289,0.06093341296372021,0.03896378368729934,0.17425469926819986,0.0015237596941983435,0.07302101683619802,0.03144445701080297,0.06351927954511324,0.06461636781792797,0.027156576509329837,0.01327654851567237,0.004691258342593377
381,0.014139921553105865,0.017159420065264424,0.05655968621242346,0.02545185879559055,0.22478976106765217,0.009959057200708265,0.04241976465931758,0.05655968621242346,0.033935811727454065,0.009656649008383693,0.026791430311147946,0.10180743518236218,0.014139921553105865,0.029943363288930054,0.0014987230569706398,0.0075975697897285215,0.0509037175911811,0.011569026725268433,0.2259604901596114,0.03915670583937007
382,0.004044747289470946,0.026796450792745008,0.021437160634196005,0.0079396891237763,0.571967564941739,0.0028582880845594676,0.013398225396372507,0.011282716123261056,0.012610094490703534,0.09538019763346868,0.13162040502236705,0.010208171730569529,0.0007182955970863492,0.005503873097996972,0.004079587091043909,0.003389954708610735,0.00466025231178174,0.007414394360355876,0.007656128797927147,0.05703380277196828
383,0.02116202357250756,0.030720834903632355,0.029936521151352157,0.021917810128668544,0.027275497049009743,0.007211857622454812,0.04720759104636303,0.029936521151352157,0.02454794734410877,0.012958856815943224,0.029223746838224724,0.038356167725169955,0.022316315767371607,0.03296060533307558,0.003130075928886913,0.010673020584395116,0.014968260575676077,0.010490575788080672,0.5489058481088612,0.036099922564865834
384,0.07309766936432717,0.03167565672454178,0.08673096484100727,0.0532037199842678,0.06599095150946205,0.0711218852397113,0.060914724470272665,0.041923663311893525,0.05083173274670864,0.04843607703024593,0.04701469080549975,0.1052162918964727,0.0019738803101587,0.057955828046962976,0.042312578656558394,0.054966580786704855,0.040738601079486965,0.02058917687095216,0.014847964089628957,0.030457362235136325
385,0.10389131151453529,0.032280027961071114,0.010404010582948797,0.10380828594445282,0.05096846520169123,0.006081546846761295,0.21867115715564303,0.01668385165172549,0.011711814480441354,0.021918537504430995,0.043453883793749565,0.03026252621350417,0.004969657938811847,0.13834297697601902,0.014975270703589689,0.03228002796107111,0.08070006990267779,0.060741929408011354,0.005561283883908496,0.012293364374955621
386,0.015076600365029579,0.03446080083435332,0.05360569018677184,0.03446080083435332,0.20850658257695187,0.007909036257064695,0.020102133820039444,0.13900438838463447,0.025392169035839292,0.2146276058311691,0.035657166275105776,0.03711163166776512,0.0019145665478452257,0.01156621258633845,0.01799117039193286,0.012061280292023661,0.014189741520027839,0.053184287729773225,0.022973867222902216,0.04020426764007889
387,0.08809208200588806,0.030961620441913973,0.030961620441913973,0.00528186587879226,0.045251599107412714,0.2625499794016819,0.06536342093292949,0.032681710466464745,0.05347916258148775,0.01131289977685318,0.029413539419818273,0.045251599107412714,0.02262579955370636,0.04201934202831181,0.028567870345765738,0.1436372658337279,0.02100967101415591,0.0067840367097633985,0.010243632102151507,0.02451128284984856
388,0.09374842369125744,0.012206826001465809,0.009300438858259664,0.030335409879065064,0.018310239002198716,0.008959138349699677,0.07324095600879488,0.02614650077494,0.12489937494846336,0.023753823570419955,0.07011100062380363,0.037850789690582705,0.005439889803706876,0.08944538422085418,0.12432256469337581,0.03616837333767648,0.08390055218746802,0.047575321851866754,0.004714571163212626,0.07957042134288826
389,0.04879007049152542,0.04669936832595853,0.05364293313726246,0.021944836283425556,0.06896948546219463,0.09808086591369296,0.08380234578411479,0.014547092321232248,0.13947162615688244,0.0019806479306772443,0.010579703506350725,0.0804643997058937,0.0029462465460723545,0.008620499153322815,0.10366551870237149,0.067680336201219,0.028504781571745512,0.039144843100164514,0.008940488856210413,0.0715239108496833
390,0.015117914188561446,0.024051227118165937,0.02939594425553614,0.01838813848341336,0.031125117447038275,0.009890224235507486,0.05858123778008855,0.024051227118165937,0.4755130625578947,0.008203519327126365,0.017213250991004035,0.022788980042376353,0.01356735888717053,0.021491965980154758,0.12132777103319746,0.008875027613696098,0.01362384388732857,0.05039304729520483,0.013395620167079762,0.02300552159128915
391,0.06931281583367438,0.07515235709438689,0.016041412874409383,0.009394044636798361,0.07868467206509469,0.0012493597165840226,0.035619085914527115,0.0220569427023129,0.1293062614712245,0.015326984773048316,0.00840264483897634,0.044408211010319526,0.01895610914297119,0.06468893464116315,0.07896653319289035,0.04613519699405417,0.1679185478827707,0.09241708777823252,0.0007548629196324318,0.025207934516929036
392,0.02311378746538629,0.056770314236970446,0.02483701247867457,0.023376011744634894,0.04675202348926978,0.00854606880986652,0.023376011744634894,0.04183075785882033,0.039739219965879306,0.06165547690668414,0.02943645923398468,0.03056863074298408,0.3566385972674552,0.03759985313681677,0.007569375231596059,0.005439864067177357,0.09766647346400703,0.007497966031297984,0.039739219965879306,0.03784687615798029
393,0.016634799005556564,0.006947738491876149,0.04207625630817248,0.0376471766967859,0.07152963572389323,0.00715296357238932,0.038930172407996566,0.07947737302654803,0.06502694156717564,0.019665247809432865,0.07947737302654803,0.05502279671068709,0.023873819680445215,0.027511398355343546,0.3207494330011402,0.01084613071828559,0.02043703877825521,0.014902007442477754,0.02235301116371663,0.039738686513274
394,0.003192856333099561,0.01325388526838981,0.003924045484484775,0.014982652912092826,0.014829655413831234,0.002577190865147439,0.019144500943229722,0.06613761225814707,0.20876940235964428,0.09524170083420003,0.02650777053677962,0.021537563561133437,0.031812480359564854,0.06892020339562702,0.13719132155062339,0.010135324028768678,0.0463932005243654,0.15448076113627784,0.02650777053677962,0.03446010169781351
395,0.02355341216181754,0.29602925977087174,0.031404549549090055,0.02355341216181754,0.039455991327397,0.006629663362648292,0.07327728228121015,0.050730426194683945,0.059954140048262834,0.08702320558610993,0.07028797374262727,0.050730426194683945,0.022741225535547974,0.07327728228121015,0.012481193433058934,0.008826849771675084,0.028673719153517012,0.02355341216181754,0.011177890517472732,0.006638684764480277
396,0.0034141343145655694,0.05835637381638477,0.031123399368738543,0.051872332281230914,0.01795580732811839,0.04847830264705852,0.03591161465623679,0.004945261406504649,0.0666929986472969,0.01945212460546159,0.07780849842184635,0.021739121587867095,0.011256160425833012,0.05835637381638477,0.013338599729459374,0.13363243584427348,0.20894581387578048,0.04668509905310782,0.02334254952655391,0.0666929986472969
397,0.05174131573552864,0.037390807642376685,0.024927205094917783,0.002803432053856945,0.024927205094917783,0.005247832651561638,0.03323627345989038,0.030795429307537002,0.1334324427723082,0.010314705556517707,0.01869540382118834,0.015668341041059766,0.1345274209123745,0.047953994609402376,0.3514855751333028,0.009970882037967112,0.013596657324500612,0.010348263147105725,0.01574349795468492,0.027193314649001217
398,0.123335876817758,0.009712373453177419,0.005710341746982458,0.06771402882756301,0.007667663252508489,0.03137870713302895,0.1565968765165119,0.07909740191395243,0.048646694545290727,0.031790343352976105,0.06711294707850511,0.025167355154439415,0.022370982359501704,0.049076896546942694,0.06544118846745922,0.06291838788609855,0.0635806867059522,0.06500003982867934,0.008093644544314516,0.009587563868357874
399,0.014240732324829213,0.03485188614462415,0.029996586635627955,0.37201323238624817,0.054767249655837964,0.0017747199095598436,0.06970377228924832,0.05898011501397934,0.01789219167432205,0.013219680951409164,0.04259674973231841,0.054767249655837964,0.03194756229923881,0.050177844019055506,0.011067208332025487,0.013219680951409164,0.02839783315487894,0.015034146964347673,0.015647785615953706,0.06970377228924832
400,0.013792896867050868,0.02558869745483781,0.03501273820097529,0.021674552219651366,0.2036577897100293,0.008924815619856447,0.05057395517918653,0.05057395517918653,0.025286977589593262,0.0017469887285720442,0.032511828329477056,0.032511828329477056,0.013792896867050868,0.018206623864507145,0.006896448433525436,0.004132602559756464,0.021674552219651366,0.010271619833930842,0.35964106637810905,0.06352716643557534
401,0.06899299522903038,0.09461896488552736,0.01899413908579764,0.013149788597859903,0.0061052589918635285,0.005342101617880586,0.02849120862869646,0.07741625617773988,0.01971228435115154,0.03168437954856383,0.29568426526727304,0.11012003398052991,0.007122802157174117,0.01899413908579764,0.03548211183207277,0.006144668266771825,0.04626778498680467,0.09478326431508748,0.009497069542898822,0.011396483451478586
402,0.14634442699072034,0.02365162456415683,0.0030300116404399723,0.015733667599085545,0.01348600079921618,0.01214778064013911,0.012051325869390853,0.026895436337643124,0.17961431035664527,0.020012913092748084,0.06504196755143125,0.04140116358259106,0.005244555866361849,0.023600501398628314,0.18970573869167445,0.04995205127038806,0.07095213171342139,0.06504196755143128,0.0260167870205725,0.010075637463314416
403,0.016960985849559067,0.11207887889541676,0.0508829575486772,0.0024798898753310766,0.11207887889541676,0.011061512510582003,0.042402464623897664,0.08480492924779533,0.11242727185192466,0.01957036828795277,0.016418879742431128,0.13533904959690427,0.02826830974926511,0.030847020190896645,0.0013806396277674386,0.01957036828795277,0.01885216097302769,0.014965575749610943,0.08480492924779533,0.08480492924779533
404,0.009157456980682774,0.040645915548829015,0.03161348987131145,0.014520851477834782,0.0569042817683606,0.0041841383653206336,0.09484046961393433,0.07113035221045076,0.023710117403483586,0.12988932680046295,0.04935231788436691,0.09484046961393433,0.011855058701741795,0.07113035221045076,0.010537829957103818,0.025865582621982092,0.016736553461282534,0.1332701549028587,0.01497481099167385,0.09484046961393433
405,0.015871829441113285,0.01857406462773986,0.06348731776445314,0.05078985421156251,0.12697463552890628,0.008978900340605148,0.01787222523121746,0.05643317134618057,0.0461725947377841,0.035016098955760626,0.06348731776445314,0.042324878509635414,0.01734454839334987,0.06348731776445314,0.23936399374443548,0.013840195322444269,0.03627846729397322,0.022082545309375007,0.029876384830330886,0.031743658882226564
406,0.01628712479952365,0.01949759495001045,0.0325742495990473,0.02714520799920608,0.02035890599940456,0.026508099772249667,0.22509702587455577,0.039913312481042136,0.07531855660227206,0.013572603999603043,0.07531855660227206,0.06083795959524211,0.02035890599940456,0.054290415998412174,0.08182514764130376,0.07543900992979999,0.051584735096252395,0.006514849919809459,0.02326732114217664,0.054290415998412174
407,0.03231771290200505,0.06822628279312176,0.018469771998970628,0.021929876612074857,0.08771950644829941,0.01705657069828044,0.07193966524619473,0.03611979677282917,0.06978232499975147,0.014279919654374324,0.02456146180552384,0.27076259499547795,0.02117367397027917,0.034113141396560895,0.013064607343363743,0.0044663148223832655,0.10974206455513272,0.01705657069828044,0.025584856047420664,0.0416332862396754
408,0.23556213385344515,0.03245530111377964,0.03245530111377964,0.06718120954688456,0.017309493927349148,0.0060915682801733805,0.019972492993095163,0.019972492993095163,0.037091772701462446,0.006491060222755928,0.2468739585036742,0.025964240891023713,0.01018205525138185,0.04896673557097668,0.008113825278444911,0.13184852571171424,0.0037806696514024185,0.009332183884586513,0.016751123155499172,0.023603855355476103
409,0.215022954808899,0.04737357362930823,0.03158238241953882,0.0364506571989494,0.03947797802442352,0.011769955108532109,0.036441210484083254,0.03158238241953882,0.059216967036635294,0.01633571504458904,0.06767653375615462,0.06767653375615462,0.011769955108532109,0.21428942066930468,0.009474714725861645,0.008574729270530695,0.013833836775379428,0.004545347767954407,0.03383826687807731,0.04306688511755294
410,0.015507111242529955,0.06645904818227125,0.06645904818227125,0.033229524091135616,0.04652133372758987,0.013291809636454249,0.033229524091135616,0.05363936152614832,0.05815166715948734,0.2035104899598179,0.16110498967378406,0.03876777810632488,0.02056692743930195,0.014428593564016186,0.005945791362734701,0.025845185404216587,0.015006881847609635,0.05803603050370148,0.018608533491035945,0.05169037080843319
411,0.03498293567610066,0.045971192871301865,0.04214026013202671,0.03279085340648662,0.029746065975548262,0.22608746305085625,0.08428052026405342,0.033712208105621366,0.06321039019804005,0.009915355325182755,0.038898701660332345,0.08428052026405342,0.01743734902014898,0.1011366243168641,0.004074626378932882,0.020227324863372823,0.01872900450312298,0.024267150984625886,0.045971192871301865,0.04214026013202671
412,0.18793092019131788,0.03913286552387232,0.04304615207625956,0.02921907164532536,0.028697434717506368,0.03719327561132304,0.021523076038129776,0.04782905786251062,0.05380769009532445,0.00878492899515501,0.04782905786251062,0.05380769009532445,0.03022040143208032,0.1874401541875227,0.011037474891348605,0.011965147845873197,0.006681709204807643,0.0713487669109773,0.028697434717506368,0.05380769009532445
413,0.019850234594931276,0.06048385971041093,0.024261397838249335,0.027294072568030497,0.025688538887558114,0.011197568233038155,0.03359270469911446,0.19213962874451113,0.031193225792034852,0.008613960812885901,0.03887452348075297,0.031193225792034852,0.016174265225499557,0.024261397838249335,0.008691950482893394,0.008239720020537508,0.08128166825578102,0.3077787394283546,0.015596612896017426,0.03359270469911446
414,0.014173771971127333,0.03897787292060017,0.033893802539652323,0.0487223411507502,0.3434099507974458,0.01344064583468971,0.05197049722746689,0.04519533830772836,0.07086885985563667,0.0041106923109648546,0.03712178373390491,0.06496312153433362,0.022273070240342953,0.07086885985563667,0.0181292432188838,0.00617693198941716,0.025985248613733438,0.015848611959450896,0.025147014787483976,0.0487223411507502
415,0.11002466049360453,0.01763867813975059,0.03922320166437306,0.14105561043914128,0.015874810325775535,0.0023832240926362487,0.015874810325775535,0.01511886697692908,0.14258781597165585,0.003735249488417773,0.016710326658711087,0.024413555124138286,0.006755238436500226,0.15694428294088902,0.04728194853155895,0.08788879844689779,0.11831184406313165,0.010846818344895483,0.01511886697692908,0.012211392558288871
416,0.04512923155020384,0.02605029976156332,0.03594106968839437,0.5452550619980007,0.026616610625945124,0.0029380483473833963,0.02550758518319741,0.04372728888548127,0.018519451893765734,0.0069963662216770035,0.039495615767531474,0.05323322125189024,0.011550604611259204,0.02550758518319741,0.00964066211648406,0.009205745028522373,0.016324854517246346,0.00966178802037365,0.018836370596822707,0.029862538751060385
417,0.012283929563756433,0.018639138062483677,0.03082634944467897,0.581108282787748,0.02594860396934002,0.004763962178253728,0.027007730661966146,0.04010238795261639,0.015840088285481026,0.007924423966684677,0.04135558757613566,0.04135558757613566,0.012848337887731466,0.037810822926752606,0.009589701466930008,0.012724796177272507,0.021694734466169523,0.009970267339697915,0.0181284767457033,0.0300767909644623
418,0.02286373206981593,0.02417023104523398,0.03845264029923588,0.0624203057166456,0.03253684948396882,0.023743372840129402,0.03678078637318215,0.030212788806542476,0.37936491438660735,0.00872121738745556,0.04452410982016787,0.01685831580743899,0.01244056009681161,0.029607877776719936,0.11991612530225124,0.01098646865692454,0.019550738341214416,0.014338272653952364,0.030212788806542476,0.04229790432915948
419,0.07476593013469895,0.08201201158790376,0.017927101372234036,0.032724601115968706,0.009228973171017302,0.011609407229176836,0.12971834512596542,0.09905764536891903,0.02823541716116277,0.07018485242152674,0.008523079811831214,0.04082045825642268,0.0020186241659600245,0.09676849810199024,0.008254803780743251,0.10243087083413972,0.06563499998598489,0.10887044478392856,0.001565463638907774,0.00964847195151809
420,0.025074872549106834,0.08344687937958889,0.055936254148007555,0.03462720494876659,0.11002843502065908,0.004824534650896299,0.02597040371157493,0.04277478258377049,0.04544820649525614,0.02036822382022884,0.03635856519620491,0.06059760866034152,0.014258260861256825,0.027968127074003774,0.02758597495911927,0.010099601443390253,0.0165266205437295,0.014258260861256825,0.3241939046084064,0.019653278484435086
421,0.03447062484068849,0.04924374977241212,0.035813636198117914,0.017978608718976438,0.024621874886206065,0.030517253380086384,0.01900741021296179,0.028139285584235507,0.12610040190369032,0.026070220467747592,0.07877434320759899,0.07050244290470697,0.011586764652332266,0.09836614631761587,0.1115148326212618,0.02003135583962527,0.1438636691850559,0.05574764125178731,0.008146032948412195,0.009503705106480893
422,0.0018155857508004717,0.021732546261699324,0.04003363785049875,0.028171819228128753,0.023049670277559893,0.013344545950166254,0.03803195595797382,0.03307126605041202,0.02824127484394601,0.006731319638579436,0.07169380141952593,0.09285935315079609,0.004659610931986307,0.023769972473733636,0.0177371798153206,0.15818811454996207,0.3383141096269843,0.01188498623686682,0.019503567157935293,0.027165682827124154
423,0.2921345162514255,0.0649535678724436,0.017377080612831105,0.038616711312021906,0.04103025576902327,0.009246254821188344,0.04376560615362482,0.038616711312021906,0.032824204615218615,0.009117834615338508,0.02854278662192924,0.059680372027670216,0.01146918148709489,0.06564840923043724,0.010099755266221115,0.06987735808479953,0.029127581381300418,0.050340600258160124,0.032824204615218615,0.05470700769203103
424,0.05492470032588509,0.008401268492691228,0.016997570953806107,0.023395576562209038,0.1341593993139696,0.05893087632021028,0.05099271286141833,0.025996284988174054,0.09820818773310197,0.04209398114985521,0.018632020246861142,0.03682807039991324,0.004434002815587037,0.024552046933275493,0.1104842111997397,0.1132463164797332,0.013258105343968766,0.0708161460055353,0.03472360923420391,0.05892491263986119
425,0.060863808092047715,0.017901364295645938,0.04489644117209047,0.21532926735756908,0.021969856181020014,0.007096012457833534,0.030208552248902523,0.026852046443468905,0.004552788291560795,0.00644449114643254,0.017262029856515728,0.021969856181020014,0.010740818577387564,0.3451076030743831,0.00575400995217191,0.07915719500584847,0.019333473439297613,0.029454868665974077,0.009666736719648806,0.025438780841181074
426,0.4371694640976663,0.02164388718588456,0.03393224607387134,0.026323646577427157,0.03746057397556943,0.011594939563866728,0.04869874616824024,0.044271587425672956,0.03746057397556943,0.012174686542060064,0.038958996934592205,0.038958996934592205,0.011632318045011218,0.0541097179647114,0.009188442673252877,0.01123339533269822,0.0075688934200818766,0.007466961252497776,0.04058228847353354,0.06956963738320038
427,0.007400600555303145,0.1069382552761614,0.01838931982400238,0.011381651492434499,0.014711455859201908,0.0029811536088103197,0.015603059244608086,0.34373010624480455,0.021454206461336115,0.05311490440341049,0.08139342359128314,0.02451909309866985,0.005308257268784193,0.010955339469618443,0.004516675044491814,0.0048121584586174465,0.007252126127775587,0.23063937146024655,0.020596038202882673,0.01430280430755741
428,0.006888889341881296,0.0334603196605663,0.0010297146616685359,0.008391985690599261,0.08848395643571978,0.03998916252116461,0.14213409643880884,0.013328447861540003,0.07436694998534572,0.011153439886855434,0.008092271915935001,0.0971132204625764,0.0032369087663740013,0.0948042390382712,0.23685394815906488,0.04965589522547558,0.0365094069381554,0.01643664825431327,0.005478882751437755,0.0325916160042471
429,0.033621578491248215,0.3618285848533655,0.1752260940758856,0.0062150486992636434,0.009322573048895466,0.0009996571661847885,0.010876335223711377,0.017023829045809107,0.01305160226845365,0.0031323845444288763,0.010303896527726565,0.07131263041993209,0.004302726022567138,0.010876335223711377,0.003915480680536095,0.20536216978163996,0.005019847026328327,0.0037205043671567632,0.010039694052656653,0.04384902848049886
430,0.05291986031242259,0.01132626241751362,0.033717813464118895,0.03947065993248132,0.005123785379351399,0.051987676044150805,0.04178621086072987,0.04585353695419559,0.07149467971188,0.040789013242400675,0.0627402291349151,0.08265253792265208,0.07874420446049299,0.028791438472461614,0.09055266341734514,0.062203498139242815,0.06578949491384928,0.06430585687112583,0.03266413179336518,0.03708644655530538
431,0.04773658691024727,0.022174055053013536,0.016126585493100757,0.017306579553571542,0.019710271158234254,0.0031624416836243782,0.025842362838630093,0.015425429602096375,0.26272117737294703,0.005676558093571465,0.03197761079183056,0.05260766720721126,0.007095697616964331,0.046321216408865266,0.32462301006750216,0.030276844480761053,0.022067635682425698,0.015343902935436613,0.009336444232847806,0.024467922817118383
432,0.07812888381417966,0.06731714238073204,0.08929015293049107,0.020834369017114572,0.2833354121039971,0.018383266779806978,0.03906444190708983,0.025001242820537492,0.022322538232622764,0.0021338454747800908,0.023149298907905083,0.034723948361857625,0.027175263935366838,0.034723948361857625,0.008562069459088183,0.004855396350366962,0.027175263935366838,0.15210842709468544,0.021552795534946115,0.020162292597207657
433,0.014482935810666665,0.026179393582730703,0.042790492167878794,0.03137969425644445,0.04954688566807017,0.00838731684644704,0.052299490427407405,0.033621100989047616,0.020029592078581557,0.011111865523537707,0.030367446054623652,0.042790492167878794,0.014263497389292928,0.039224617820555564,0.06150843492225085,0.015432636519562842,0.018458643680261434,0.014050609368557211,0.4217753642987973,0.052299490427407405
