site,A,C,D,E,F,G,H,I,K,L,M,N,P,Q,R,S,T,V,W,Y
338,0.12647467612713575,0.011600406584279943,0.04044900003406338,0.13037562104098116,0.007489493611022357,0.1380445469901724,0.017324433695344726,0.0025199884836027884,0.01141602147573274,0.006003400742079529,0.03763790224319587,0.11077026096679088,0.0014528423029252873,0.101462322760904,0.0026467435478684065,0.11944288530060616,0.11225108061306262,0.0029666090112542604,0.0007869281560710758,0.01888483631290669
339,0.017048788562704927,0.08189976934412006,0.020608844738467816,0.005495502921777577,0.02760048568301043,0.004014262156720667,0.016304103487515934,0.0454411284843757,0.015638047625434946,0.003278822410400191,0.021050343866685233,0.019757637192910977,0.007582949690409599,0.011801492012755087,0.003009104460146722,0.004150869876849767,0.008313802756808491,0.6644455718386342,0.005683106454878872,0.016875366435392822
340,0.007035796831668313,0.011198565173451852,0.003574506375118521,0.00427884276325181,0.008896626094634052,0.0007099863235726372,0.0067160521059609945,0.43368156164815563,0.005484139478760873,0.07775160332579646,0.036437883312987224,0.006360605995449206,0.0026361804641884695,0.0046979213695735435,0.0014705625544721534,0.0029177489392935075,0.15249506812173177,0.22096114732792427,0.002405701232694641,0.010289500561314021
341,0.027687220263934893,0.17746528008375623,0.002168655771681813,0.03691266433331799,0.0013099636361124326,0.05396059438884942,0.0013397544429584604,0.009079305248772594,0.0032104837558165323,0.08343987606956554,0.08073472489238431,0.012077499217214101,0.000853184543495747,0.08143041969613861,0.0016431148980767059,0.13312012167809475,0.2797904161317593,0.009120508427988321,0.0014900091054466972,0.003166203414635529
342,0.006947924576262502,0.016753518181095953,0.009854470492484066,0.005555382384962176,0.10739624616532924,0.0016338391088715968,0.018254362307026057,0.41020466771540953,0.016719042485578785,0.032981812645701936,0.20225538220384706,0.015653298164383843,0.009268353625005903,0.009603307179218624,0.002102300567564056,0.003333298417974629,0.010465411285971539,0.01847953416093619,0.03533069455970377,0.06720715377267251
343,0.2735718543516451,0.4424531521066408,0.009809705557689542,0.0037237117775844597,0.02518229348994829,0.002310421563410964,0.007633853546663624,0.007409786257496447,0.008767785000946762,0.0022118266259263247,0.008058679327631015,0.024136718855017916,0.016689844787921536,0.006391080556292834,0.001516350435140921,0.1052747354893229,0.020690902212963477,0.007457352336558253,0.003312866429009392,0.02339707929218942
344,0.007378320782663741,0.010157188872647134,0.02685268491284088,0.010274079045866497,0.015072891292367661,0.0020113517699970997,0.019234906727558204,0.02661291100995583,0.01909578606875728,0.022415680654065857,0.7012517019179316,0.015579440208541621,0.009319200526700204,0.012702902974889066,0.008717718339838745,0.006452856289408599,0.027263303451025355,0.036410116593151604,0.006750898948938456,0.016446059612854492
345,0.029299607735111966,0.009424048754873576,0.013186259156863505,0.007571365904416839,0.01598864605931169,0.0030545383271315123,0.01421449931298785,0.03256022197534595,0.01081971782610549,0.004451067284779168,0.008959769076743975,0.013377609870387169,0.01118964310090663,0.012499832561219898,0.002985916201024902,0.010925785245709146,0.7658595105688679,0.010733379892142996,0.008648290633025996,0.014250290513043922
346,0.007204517429677682,0.007615466554889185,0.7862634850756943,0.006776390340217611,0.012674323749082492,0.014408144768498474,0.011756100509763362,0.013520187572752553,0.012797037480454927,0.004349862069411865,0.011501558612939226,0.03373114598227119,0.007474951676099089,0.015119373579053607,0.0026080191562302714,0.004869017997438981,0.006737568936164376,0.01513177824852835,0.00529525922841243,0.02016581103242008
347,0.03566170606789173,0.012116006860269405,0.00714367019920675,0.008985064110927837,0.009686442198067255,0.0015458616854840987,0.012399154617820714,0.045478520502491473,0.01118846435791348,0.0031722866155156496,0.009723915306085969,0.015607260960385816,0.008518135832224433,0.01565584918036119,0.00213986971600304,0.007490527489823766,0.772608451582013,0.005196412265325898,0.004911175507052664,0.01077122494513588
348,0.03291237545983432,0.014032640804731829,0.01296248395494353,0.011492394354354002,0.017967260472481147,0.0043699439499476885,0.018036043087705518,0.01899187167961532,0.03023222295033695,0.008306740765031156,0.014320353390793806,0.02304802077112052,0.02728228236449399,0.03204787141343081,0.006718847921776574,0.01147519876564333,0.673159634375659,0.007055249258319969,0.02004731600580407,0.015541248253976389
349,0.003999074864413794,0.010070145724998897,0.009908911360501366,0.008184587883282479,0.009966981705901455,0.003143838085595507,0.013327502624660542,0.017951218539224767,0.012289006258614777,0.01273018996047033,0.008247403596879118,0.018899523731771044,0.7702908562344907,0.020381671765882358,0.0028362980454899813,0.018084127060401578,0.019009733868059403,0.0049753311155203515,0.006883473642238802,0.028820123931602836
350,0.003629754606925659,0.02017144439196259,0.007357138699739579,0.006976191915822596,0.1050630803079544,0.0017555758715552823,0.04661511173161941,0.009983710820347914,0.008673228184410098,0.04206548932745124,0.010671452574131962,0.025512931915388195,0.004929890368306274,0.011272685594446174,0.002632722501856817,0.01023421833051674,0.006670440814321378,0.01763760377896736,0.13141720254999353,0.5267301257142828
351,0.008736474283666829,0.01123470618751816,0.03800551580086603,0.00873092268284618,0.01166773558424856,0.7601770828840285,0.018930510334388254,0.015753275545659848,0.012944693090432117,0.0043929937341943195,0.013265226626523673,0.016087320811415222,0.008228684782215518,0.01173980082796474,0.0030878241644986034,0.014978366701896829,0.00704531248811535,0.015819810411305618,0.005654890878893498,0.01351885217932213
352,0.0036537961253883594,0.007782976226303842,0.01172246021540916,0.005516425909458117,0.011206188399517657,0.001618789952594129,0.04388799184165243,0.07240401862944748,0.022515228082992438,0.3480038873896585,0.06625786158524238,0.01677240904021443,0.016167734801250357,0.31837437934992296,0.014049213923946775,0.004000983571287087,0.005054988351450283,0.013408929514865293,0.005254055021503567,0.012347682067894812
353,0.041563903649714413,0.011615566271795089,0.015307253895379373,0.013028876649449373,0.013074126153081943,0.003834840271851356,0.016575241604505533,0.014540956531241525,0.019452113095145385,0.01754091548527162,0.015789422174848886,0.016002251537417075,0.011362755690827805,0.7107712807334077,0.02364127669431266,0.012631684386397172,0.010243379947119388,0.006297137113911741,0.010800007094913388,0.015927011019408646
354,0.05637294235114532,0.00895137298053053,0.013570702018179998,0.009072364172911568,0.012636401351659237,0.01707449807309762,0.0556599289856063,0.07808487811868486,0.08437856502722696,0.043908135849890235,0.04830403513926252,0.015257412847187117,0.011299812863042399,0.02908034134107428,0.39847633503741625,0.03622001275296414,0.011835397784051415,0.012710279281826647,0.022085585022562325,0.03502099900168031
355,0.01959146820990161,0.017173748555008004,0.019905599491772497,0.01279293653406087,0.05040864883604568,0.0062589531340558014,0.018308455551226722,0.03194133464478327,0.019821715337698238,0.005727519807929248,0.011990270956683712,0.01791382564205445,0.010274752634113538,0.015389194900634309,0.005491043047460829,0.006346544909398825,0.01311403148135303,0.687222058449157,0.009143059632199153,0.021184838244463294
356,0.006274920080703158,0.008851179833597895,0.011625481608838558,0.010510963543605327,0.7667188278492184,0.003950732580611422,0.018546211263257693,0.027654653085201153,0.015199649995173859,0.01601266892536681,0.01184544657650822,0.014828982884160846,0.00785043680999457,0.015446139781514677,0.004851593019608683,0.015008281080084876,0.011513213060202901,0.004356927372855599,0.00750762111618383,0.021446069533311435
357,0.00937872661904716,0.01879149377592077,0.01607338103663988,0.025359328241432638,0.016628079031012995,0.00757404712458239,0.023759971179322777,0.027531107277150687,0.5134963398346386,0.006107774591286731,0.01476302815006625,0.03786013286779013,0.012695715225853388,0.04010569235993432,0.16822007945119868,0.008139530874096598,0.010044483285718121,0.006158650725828954,0.013360874599189335,0.023951563749289587
358,0.02650896238723226,0.015471970340148692,0.029197161273025057,0.6078473192463867,0.023855167290315893,0.02764201379659999,0.022958488968349348,0.01981327293663183,0.0439111688379979,0.01916534202069725,0.01762795289251021,0.030032989934275098,0.010598177489768457,0.019800198502480455,0.007291228088090521,0.010232066326165941,0.015585275510050374,0.015461518710299976,0.0129585010402058,0.02404122440876823
359,0.012326656927996121,0.022293533731246654,0.0323066085959613,0.027853438096253406,0.02680647383844107,0.011963833263852678,0.031009324655733674,0.05088478212440276,0.528439541713152,0.014204157300467857,0.022431839853094385,0.0338435005928834,0.023728610419419243,0.05070197422921343,0.02395443946725023,0.014043379747960275,0.02172761317224357,0.011453020718137277,0.017101189109717727,0.022926082442572878
360,0.018287734386985874,0.03403591175084598,0.026226701795736603,0.027848014461282367,0.030089743325898047,0.006983920743345257,0.027542513635251384,0.0614162491103822,0.02756000916354937,0.023449405995549462,0.049434822062615125,0.035027705756308106,0.017619265874798853,0.027593099952069558,0.011929603460191415,0.016241416574700917,0.02345325599248113,0.4719405788318278,0.0233980978268614,0.03992194929931925
361,0.022010222075318022,0.031901482351590786,0.5087875767622654,0.027312635644662377,0.026690080095204065,0.015411709485909265,0.02201727059076788,0.02767154178879397,0.03780439811943519,0.014447136195239588,0.025380568195604473,0.032939398625875346,0.013543179248556083,0.023752443607578583,0.009865826541441676,0.01647028847433668,0.016363830284188502,0.06384903928938203,0.02511670338129269,0.03866466924255744
362,0.015706763825909836,0.017873605442627317,0.014953989205867109,0.013617721820319664,0.019785457855247886,0.003687938864452413,0.025423226010256626,0.037494025374492396,0.019084796658051063,0.011713535995334158,0.026906993145901753,0.038540843830418905,0.028064950026662393,0.02712544827382145,0.007766054101670505,0.0917451133088971,0.5443256634024789,0.007601262049379451,0.024003594637900052,0.02457901617031112
363,0.006729165992093463,0.019078849683726588,0.01999352772228644,0.011234958122339744,0.022653967525364346,0.01256495424016582,0.020524927673887704,0.02080079808036746,0.020762998698523806,0.010573105401280014,0.03751052480881793,0.02297192839686424,0.01263091136435299,0.012711700215262129,0.6179073572087237,0.01411135868482647,0.03678906866197093,0.0074609186734733955,0.046389671852743626,0.026599306992929242
364,0.08224622387929881,0.0239657386384024,0.014897800707631052,0.011322501440926214,0.02036506430821574,0.004413066704554686,0.017856573713731193,0.03492160054097382,0.014400640836931055,0.018124799100973688,0.08420052102290518,0.020075920621556144,0.006468334780484683,0.013105811363438358,0.0038698136998873366,0.014681989971851772,0.07701620806034651,0.5088362433400047,0.011368119105965468,0.017863028161921257
365,0.06624799134271234,0.043660028580109235,0.022884192551495285,0.01651865625271808,0.025487583482395628,0.008440607668486753,0.024005898203861956,0.017233277432371654,0.042714822856225104,0.031063029578394758,0.014081282190621871,0.1687039812236828,0.36471754498295433,0.027349075376148762,0.009247746685721026,0.056301971593104225,0.008214799183739215,0.012189910834531114,0.020529393411252903,0.02040820656947302
366,0.03948707899872593,0.027182253481145995,0.3815124076677589,0.033753740636319265,0.04364536691360379,0.040515346938350766,0.05155067968808081,0.025539147826117197,0.04262156421170722,0.018870351835611834,0.018391422718235975,0.07668541453608087,0.012139436008485086,0.047940646191043684,0.0075199058294753126,0.020025541592008072,0.030603915846573414,0.02942756159552062,0.02139243101357673,0.031195786471578554
367,0.020727538520153473,0.020222350415177483,0.01470172499528606,0.025413364146412782,0.02230398417365798,0.006958939045682091,0.028702986007021446,0.024883298729206915,0.023042031669271115,0.029364803020695752,0.02943920891583075,0.021900896623082255,0.6107790574969582,0.01761214621736539,0.005610819977839077,0.016142297188313445,0.028525003568696843,0.012303479566293714,0.019423764144735584,0.021942305578319655
368,0.03483128685096429,0.08680110224187877,0.006056092638650658,0.014394270038806391,0.0072520688231374,0.10460955071413457,0.21376748408880183,0.0065029929131785675,0.09970743165042598,0.00160156189086335,0.008403363573455754,0.0638587892500179,0.0035775758037353755,0.13893106271013797,0.0762280616730877,0.11771744221403233,0.003138470918559129,0.0027780102170713136,0.004536091740634599,0.0053072900484261365
369,0.056577405845071795,0.07459704985182072,0.04580608168673474,0.050248380187170816,0.04494740590447827,0.037735803618772164,0.07058854768400977,0.08531345584596488,0.0608741213307203,0.034412924442835405,0.0579029079130675,0.0792065474530636,0.070685348533026,0.04084623238069955,0.06134776504198494,0.032204232676413924,0.013507332560502095,0.048361236545233624,0.014543944211426836,0.020293276287003066
370,0.012310520615558646,0.030449560450070693,0.023192758839757608,0.025176997020861937,0.021055018417337153,0.6392128313034636,0.019829175929010755,0.021036864578803733,0.02104933576981311,0.010782630496624946,0.024346274841941646,0.021476064676492903,0.014330303890957487,0.024579439021875375,0.006116076774613015,0.01740067453596598,0.013368113726630361,0.013830053925405324,0.015401418212546153,0.02505588697226951
371,0.025214402114193443,0.023651525325552397,0.028329893640265384,0.015505579724803414,0.028133573255442742,0.010098382102136892,0.019358953167072146,0.022623548842491816,0.03250387691602507,0.013123946712128957,0.023343686717910452,0.03824256732888458,0.011636569971295908,0.027842679003938962,0.007920150692167968,0.012411796464785907,0.602131417218974,0.01125834179846764,0.02130153821353577,0.02536757078992647
372,0.03129622078897762,0.022815260526494813,0.005729594346769693,0.005443940982795252,0.0049000871432686435,0.001956884379469864,0.016195403770382717,0.09666200459597742,0.09468473145544552,0.08200553145437131,0.006710795628937606,0.007492055316724964,0.00671106540760575,0.2517665139434852,0.2301311435980258,0.0037034864220717553,0.02861911433554257,0.08823411044428649,0.004549350094565643,0.010392705364801377
373,0.11633946966777821,0.04587998201664617,0.026713166598379696,0.06917711708739686,0.05024316175634679,0.004433262513955399,0.05162149414856457,0.016985083188931285,0.10486250896703557,0.04221345876464021,0.10887440518264199,0.026567118855832596,0.006861662750660705,0.06232364478536995,0.0733639004366475,0.020229056153773347,0.0695842850912684,0.07062814329029558,0.015506593931965101,0.017592484811870063
374,0.2041268437429236,0.20493796862273894,0.015994226075950753,0.011274776246803899,0.02930988251076272,0.0027640763656798712,0.02446160397766582,0.033393817253044106,0.018303572716167827,0.007078499931007507,0.013993723525680603,0.027190362503706735,0.013028053741018371,0.03290016019381061,0.00395381649853162,0.04140485288662804,0.0683388118628891,0.21370950563320257,0.007555981757083069,0.026279463954704162
375,0.029599840282390308,0.021586468992879786,0.021448391931567442,0.02592605623438896,0.03133364247148977,0.007406600750724522,0.025661294146692968,0.036741836789487045,0.014198469607184964,0.025479008874276145,0.49450780253522036,0.030640577346702735,0.014975133100765809,0.04531368103455614,0.013063790103486638,0.028318632237922633,0.06633007936388127,0.02117679148041661,0.016715605510599797,0.02957629720536614
376,0.031249955271287707,0.08087394265134762,0.007136023644808068,0.051026235186040686,0.04529992185131298,0.05046914463354956,0.08608918697285362,0.02405368391470338,0.09799323794817055,0.06248749118500382,0.01908621247305756,0.0661401359968532,0.0036101140920584067,0.06895088219097825,0.052564090535708076,0.06152037059005315,0.0895245974807936,0.030255652760083046,0.032600242002784253,0.03906887861855243
377,0.027950812581522343,0.03060519331164166,0.006656585990692426,0.005636611325622337,0.02150207606708205,0.0016143941258944506,0.03341394108543987,0.13944690826673983,0.10006505015004898,0.13129093124547558,0.249471321433503,0.029169255487874905,0.003793094241029206,0.021088467032090982,0.05943751809948153,0.027910133951211596,0.021831565564654817,0.022455981624572262,0.005716520697905645,0.06094363771751649
378,0.1440368201391037,0.14426095481671145,0.010781500176652565,0.006831975763547885,0.012462735787520643,0.0013277076498658346,0.014715146421941983,0.032220975778857915,0.007507168765152558,0.00430292713900537,0.008332880863042002,0.013785377413491137,0.003955370715782898,0.010050273739401684,0.0028427314556954946,0.004349264273182877,0.3532472737155145,0.20971388408738167,0.004803372036721906,0.010471659261425955
379,0.25712735449764396,0.05124377128558618,0.016151441725062974,0.011761038398383982,0.047795137886375315,0.021303197153570572,0.016640233386294834,0.014754683722597847,0.012027757898941062,0.007363334258132309,0.018347639525928845,0.020663933430104028,0.013071708823440997,0.0184799820835694,0.00914781567460832,0.36872715274461987,0.018840191931654673,0.00654280635543457,0.014580004053285895,0.055430815164764384
380,0.05189618560697469,0.04546395122857465,0.08510165306053159,0.06639223781714267,0.014360788670588537,0.056620462829799816,0.04030687703619286,0.04065172289264443,0.05483831840370198,0.0456195098756986,0.025004941408565295,0.12209628454043273,0.008378808903511961,0.07869461558678899,0.04597387975180814,0.07360104183456073,0.055971780562667404,0.0332280573670215,0.032895989546130475,0.022902893076662996
381,0.014034209988504917,0.03625039939957814,0.02710387790774991,0.019805358432298782,0.049377320836772876,0.02774980053615786,0.02691653992062568,0.03031698265551702,0.02358553644741711,0.02502130980768141,0.02024698665012119,0.037242215117297146,0.01358751423835005,0.022699918493450242,0.01791047752163446,0.008130773998584691,0.031183201681500947,0.011114919675453678,0.5320838380494448,0.025638818641859053
382,0.003633780912610048,0.017191948172197796,0.014313678224702843,0.006674997054768865,0.37466988413023994,0.0024738342391708054,0.009750951661977099,0.009845784433805679,0.009902561004346416,0.15700502178628487,0.12333110494406474,0.008461783125728572,0.011361897490397054,0.02151304036320646,0.005326176244445337,0.002956838033312988,0.0038325583636036895,0.015138072327308598,0.005918210020729201,0.19669787746709902
383,0.011511531712019681,0.02599327950903198,0.01533723086364717,0.011540122667346091,0.015078759402128071,0.0075154432302140545,0.01937954031680954,0.0139787131297435,0.012746515110417803,0.015686716989941618,0.015414639114972766,0.01833268728064614,0.010921275808925426,0.03434467400326517,0.018988315958493315,0.006106253930379826,0.008362854876577978,0.006956907877368822,0.7146707486596218,0.017133789558449342
384,0.07741606892818528,0.031048707773600755,0.05565046317677729,0.041426653937733364,0.031774276711820516,0.08116651108497741,0.038416630567210175,0.04891976948421817,0.06519693753739594,0.05113512452659597,0.032821335395162674,0.07852047249750597,0.0013790536998952965,0.07670413888201708,0.05361655680449891,0.08213671831477157,0.06126758741135989,0.03395754971547356,0.010086561684587799,0.04735888186621238
385,0.05224649317992579,0.03934275929652901,0.038822207985590794,0.14678040305469664,0.016541056552546188,0.01525384603518464,0.13537957201634082,0.051710884449949514,0.03219409046703401,0.05871466879891835,0.06199616463127019,0.06359167710338656,0.003865415880140308,0.09492927971464639,0.003674001494193415,0.052936992559727426,0.05392366097994209,0.05081270170088671,0.019439284890356106,0.007844839208735027
386,0.012742484794496406,0.023048743268428307,0.027148801509252748,0.02131492391760658,0.05202941381252623,0.0085951134510504,0.016726600487087614,0.023980794098418905,0.01979777661606023,0.44498622852566494,0.07099362139808496,0.024964201549424365,0.03018850620897368,0.01935026322749879,0.012990621005542304,0.011215211376807402,0.011372505300148628,0.07887060613100796,0.01726014545988777,0.07242343786203172
387,0.056294297472726705,0.020816117509014093,0.020818076244363916,0.03051326022972508,0.025360533348291834,0.5304464883619417,0.02635366370824865,0.02195227578812595,0.02870719232187717,0.010351642894764606,0.020954584574548633,0.02585144481858039,0.01608096709080345,0.027160236900275636,0.01465421419630842,0.056947840112609345,0.01629705638914487,0.006635315879057086,0.024968516387966527,0.01883627577162591
388,0.09734102584982214,0.012852718258695375,0.004846392862408206,0.02907098647624519,0.018413854463976084,0.01462762735575407,0.11348850385882166,0.030051472312090596,0.168523795745781,0.021683509462180183,0.07483019136622852,0.042016556094734,0.003754894701762811,0.025167030835101887,0.14062463252669935,0.07419228324776955,0.06869242295120191,0.042231134365056565,0.003293425169763772,0.014297542095907155
389,0.022969868681567026,0.028672654930168188,0.06249603376449495,0.07639603409089236,0.03397595789272703,0.054069370544287856,0.07424234155887866,0.014645638128590823,0.14148101027809026,0.004374588851338194,0.036925545238516294,0.07392458975679592,0.0015315270722481918,0.039726582136642444,0.1035263684419034,0.06508030320517326,0.06021986310758479,0.02628089499804284,0.01702536640203086,0.06243546092002667
390,0.009382080294707947,0.01256178709813941,0.014207011844257935,0.021858145241887172,0.015693507577691584,0.011818740886365243,0.01923495921367331,0.012916403420700419,0.5960194244002897,0.00500785521356056,0.026033832427365497,0.0341739754098941,0.008087338241654885,0.03674700994460123,0.11408662433917646,0.005407925194340305,0.015391954182160088,0.02060535819735685,0.008160128844271699,0.012605938027905658
391,0.0752703300467021,0.05221272703053777,0.011932531796140032,0.02776928585863774,0.038784069976428616,0.0009680300910646151,0.06283602380805793,0.012889718459624026,0.1073204788272141,0.016631640223155542,0.0577855841855019,0.009891273480757159,0.005278232252000725,0.10025440896602907,0.12383912712281983,0.08779679012737884,0.12228835484607689,0.0680444649196199,0.003608460767892444,0.014598467214360752
392,0.013630271071722405,0.0236895198882978,0.014607335390742117,0.016142730570008257,0.021621337854880324,0.006624478742014448,0.014724465154859522,0.022877011699264392,0.02112619513243831,0.027552095114795543,0.01666780863832027,0.017548359321498997,0.6056908478686596,0.046689009027713106,0.0061711621514306024,0.03217049433051719,0.043821233710970915,0.006335335067026763,0.021021670114400103,0.021288639150439395
393,0.012021349210615137,0.026901816856614285,0.02270618168659833,0.020446700059333037,0.027776474088831007,0.0070043283381976025,0.019922599183790968,0.031098123589806966,0.030249342795331917,0.03328058304308331,0.03142766118295973,0.027669090848689768,0.015834489178795524,0.016750991218925534,0.5917508853613966,0.012388017837447907,0.027716185785677083,0.01074790455043275,0.013490059316941163,0.020817215866531326
394,0.004121692029382497,0.019533413326690754,0.0011338525194676237,0.00809068545286933,0.04083292559171693,0.0034864756111926696,0.009073894479619888,0.13638129878462246,0.12174982080526345,0.08201461511695965,0.10566887843034824,0.009661699038178385,0.04645944489642749,0.12648840343445586,0.05620804249999187,0.0045705143712995375,0.03901092921373576,0.15808643077544862,0.011242433901062571,0.016184549721266397
395,0.01308961640400186,0.35612098060546943,0.015490766424720635,0.012821028369164163,0.08241444650146658,0.012909000584574136,0.0247954049379585,0.020967569129215543,0.023634353455264084,0.17083304961217058,0.11330503220556,0.021599563447582425,0.012709060189951387,0.02391715412731017,0.009497233048046345,0.01605181180721184,0.013724126804159758,0.012510776020184067,0.019820767520024596,0.02378825880596391
396,0.017005139430850677,0.027308763839028506,0.0215329082603473,0.026776879268708247,0.015470351710588972,0.01817956304359861,0.023729950512412855,0.02432872906176261,0.03000132239635457,0.015144685444193305,0.03039699240275487,0.05581771631621353,0.030257555853728853,0.02764723903671175,0.02287110035379593,0.12406541275209172,0.4144500960145283,0.02663759230360519,0.015201494000906942,0.03317650799781724
397,0.05228444223550549,0.02288592059083192,0.01936245826410684,0.009505810591178705,0.017631936867417205,0.005201993739798352,0.021015344068533604,0.030946441823644612,0.26504371130938426,0.009447243726268569,0.02806647649706067,0.05905722123851037,0.023828549545886587,0.04657053167173295,0.2901957084406787,0.008983706492895534,0.04481601162163886,0.014107823724875743,0.012156738597312216,0.018891928952738748
398,0.06170566496607844,0.006357697040681387,0.07955330993680389,0.07183295460987273,0.04986020776880995,0.03462569891691592,0.09669863044187678,0.05966911677537321,0.024904423950482327,0.029684500708940322,0.07437977398340727,0.006786114763085931,0.008730008872607893,0.09952106885002691,0.026219119210484088,0.11273590374561868,0.04450413929459147,0.052695506478662175,0.03633520143923789,0.02320095824644277
399,0.020316962684605283,0.01923335740173427,0.027031805691223224,0.5446296405495749,0.02369030390631743,0.01779264654362537,0.028034231411023153,0.026969732496374015,0.032113961581262535,0.009178470995106928,0.057182977164063,0.025295162947520624,0.019235031223398334,0.050977429816669695,0.01241905278495702,0.009605651746344143,0.015114562603034242,0.023485291767856627,0.010944387796796953,0.02674933888851229
400,0.008321458725258885,0.03076462495553145,0.01730773260451406,0.012749339528037073,0.26503116700823176,0.005630837860113067,0.04565079280278585,0.022130482552622115,0.013215756737289027,0.01468156982137766,0.016501003191675325,0.015806283264851735,0.008325050140818845,0.010800803639678298,0.004549646814457978,0.016290520206771315,0.013017142262492948,0.01934029812585534,0.43596908889050456,0.02391640086713279
401,0.027429957539584576,0.13584572268070927,0.013309463576509452,0.010372360923330246,0.010722834182011608,0.004316051472065288,0.019131628092069072,0.12207228966890486,0.07623281647898757,0.037203646450116125,0.2874678012640471,0.018708660699648084,0.005779281052128001,0.014684686585911945,0.031521328370095456,0.005659171062259621,0.03843972086325805,0.12546166220080893,0.00756739857357455,0.008073518263980237
402,0.15626615685828255,0.027511138459392043,0.01122108506841496,0.011888185433358522,0.009514863037161007,0.054644283335376125,0.035617463009342064,0.026513235750774515,0.08232952411474703,0.029533552841818522,0.06534036897484398,0.05177694332202814,0.0037287074599991984,0.05273140067588082,0.1653897688816693,0.09002437693918712,0.07966105649820956,0.020085413196619443,0.011891286972983521,0.014331189169911579
403,0.019698771798665974,0.05223994744164663,0.03431011632079505,0.028263565089026076,0.05205728560050228,0.01434296990993629,0.03077911644473079,0.03893364362508989,0.38967902212827127,0.021626462730254186,0.042195422450302264,0.04197139824901652,0.02679283260944878,0.02896094801573347,0.013205775038437484,0.04336880504688978,0.026626758545142,0.019617760780405714,0.03632712617409995,0.03900227200160562
404,0.021658628191852807,0.09472845849300045,0.017119785126435465,0.011370853302637903,0.023912633790915665,0.005727058545002965,0.03258721439645839,0.13140519803279982,0.016778210344881746,0.20003347868643365,0.07988185875638408,0.03410374002725426,0.007882050932695332,0.029929175963407516,0.008122217182951186,0.01725232973076655,0.021936761750305893,0.2048807485692495,0.009993462505726617,0.03069613567084025
405,0.01340975212658642,0.03481209917287305,0.030501425029096044,0.02769778934326348,0.04234361380329381,0.018327682108810757,0.023758389465829994,0.028035851189218336,0.0505959841000932,0.027674951839933123,0.03098315678598047,0.02463882088438565,0.014139066459437083,0.055681484850169397,0.4724411389493861,0.026457867421004245,0.021565277429583574,0.015726150108971246,0.02143894750826272,0.01977055142382133
406,0.0788182957029282,0.11652114236914271,0.049895346382385665,0.04698612237448159,0.011814923222393622,0.048926310788661456,0.11299477481298488,0.03334472946259747,0.11619856108362331,0.015750985268364992,0.04626105929882,0.029415743002984225,0.021054605723653422,0.0567031056777887,0.049445818357301094,0.06814170146555046,0.04994972228485227,0.007037619648821335,0.01113377779227658,0.029605655280388027
407,0.036508677330406046,0.05985408513719699,0.017122528248560222,0.013058940020433759,0.037675914209759034,0.01120618636609178,0.037105082960757485,0.026018664148727885,0.030937157111354342,0.0114959551446492,0.01784228983706413,0.44121996909045547,0.013826742287915332,0.018066216976957473,0.010444892722502562,0.02946268129336754,0.11749281101794168,0.011195112589091779,0.012707942975253147,0.046758150531514164
408,0.37106978956009723,0.018139104255757748,0.017557868985818084,0.027643875228891068,0.011780895958277394,0.009829279207390252,0.01314759164285895,0.0130889761499157,0.02072156288986903,0.005180925587945809,0.18382514762890395,0.0155296432565533,0.007166058421269422,0.13421502341222388,0.006340852150043517,0.06625735224272027,0.039769883025885314,0.010195823618516262,0.01211455181459685,0.016425794962465937
409,0.49647000365372695,0.027132833434376318,0.02268820376331164,0.0451754744933997,0.02558495028683901,0.02254531979446769,0.024462340799797352,0.022788716160617516,0.028757509380302734,0.014578438702558748,0.03307577276681004,0.030371220349289102,0.01151943420972793,0.039063230590656056,0.018766337934950694,0.04423842401655003,0.017252699049128545,0.02551144031774968,0.022258260890460378,0.027759389405279864
410,0.00935814476201381,0.028803975692079018,0.022061531775848648,0.016886892579441582,0.01942688849312342,0.006567418459112496,0.016265114607873877,0.13633811790079503,0.02594997840834988,0.2623719988024324,0.17542689617832058,0.017716828537911868,0.014784531246132243,0.024542416973396083,0.01140962592976332,0.014039375650892577,0.008705131864044091,0.15634631717032005,0.010704815231808369,0.022293999736340674
411,0.015860788258697387,0.02718617585710564,0.02406797016435356,0.032212345947588254,0.022352378213315025,0.5098790241014359,0.03302949786817873,0.0240521672444476,0.032445674988691914,0.009891610874325375,0.02540027667518646,0.03336387233920292,0.014569047387387912,0.03560996883787809,0.020744874040790826,0.016343089949505913,0.0161778828034105,0.053398700858449784,0.02859272789664072,0.024821925693407486
412,0.49264185183964554,0.026436950810127747,0.026082583844884367,0.03916027167194653,0.02167544764816614,0.024205599424667993,0.018292517818218657,0.02775740652635385,0.03031213432348828,0.009271691999699667,0.027659847537861708,0.03005027210835998,0.0452958672551535,0.043060560478146985,0.01286580303395219,0.020083135655715692,0.030864135486223455,0.020759195830523623,0.02351834283642209,0.030006383870442067
413,0.008741494944536516,0.22076257412046224,0.01034933690941208,0.011288976187846389,0.011153863153614938,0.010117549837313765,0.014363319597198878,0.1792418818247375,0.012091394584236944,0.005562095898837536,0.018963096447724596,0.01312934229321632,0.006676063775817254,0.010745371003492508,0.0039649729926499785,0.0037633316547193104,0.02787063500716467,0.41119743445365603,0.006741014363475176,0.01327625094988742
414,0.00976974678313515,0.032103596530245124,0.01956779507897395,0.021493608224723706,0.5080084404955381,0.007917126149186904,0.023993221076943336,0.03270300822782904,0.02610985727159748,0.01673445306877486,0.02060265294208466,0.026465133313897344,0.014142093371738787,0.02686379326102551,0.009938128031516391,0.015962991413024548,0.014847708012142897,0.01635532160972227,0.013926034714020057,0.1424952904238799
415,0.046081435599724385,0.013536815901046188,0.027814253164895292,0.23327623566313777,0.010704561354422775,0.014086891460600577,0.0244279853310476,0.011214543131650817,0.08264998034169521,0.0035864389753089464,0.012347278809096536,0.07247066574442047,0.0059001335214315205,0.18826026481998456,0.07047218515935888,0.05638616888986239,0.095869305011156,0.010445049986697739,0.010889132537521539,0.009580674596940744
416,0.031024096978088098,0.013638035316206979,0.021148650012528407,0.6885059592703752,0.0129257384581353,0.016651436224485842,0.01326402130194814,0.0183170931629157,0.04571165866961328,0.00428177997271839,0.018844180245398117,0.021406610545812,0.00648226275618005,0.013753620512575657,0.006467537958292379,0.0055861864975690805,0.008941368745126776,0.028710536732207997,0.010505174743308249,0.013834051896514191
417,0.009056974626209746,0.00857140325249385,0.03604764791995746,0.670558773246111,0.013233272943059407,0.03154583314090655,0.013099439827601873,0.017711050493164782,0.05238886773125839,0.009040337383524808,0.017219228538427,0.017193761602432134,0.007325208145688978,0.04398027366429309,0.005536787756131787,0.007035375306998003,0.009942363082047444,0.008200743229449291,0.008813660369698656,0.013498997740545604
418,0.012228479040121578,0.02596627574066176,0.017990906553039927,0.020338433006628118,0.018338153088144286,0.006801979738496219,0.017469999516119945,0.031186292726077557,0.5024386961651987,0.005624460114310353,0.038874776687037545,0.10430582281827155,0.008033776850403587,0.03319431546332305,0.0658873336610547,0.006721494851375849,0.040487634261072734,0.00820282824947161,0.017200714080639,0.018707627388552025
419,0.04964393782858075,0.06339236093809905,0.005364759801620853,0.028596697064412025,0.004687894585583001,0.018039120171470576,0.1280633478633834,0.10764878388624403,0.03013775574904386,0.0648960693282905,0.13540793265231513,0.05816462993960209,0.0008827678018031158,0.06321499169172055,0.02079719597294658,0.07740585334593195,0.02500804846470049,0.07544394149386711,0.0015191458264098242,0.04168476559397513
420,0.016796892662512573,0.03722789108937599,0.025212013762210096,0.019119874965260086,0.13831468981178785,0.005554392637942102,0.018059603614712698,0.022290860069112742,0.0254581887052451,0.016979506842177822,0.019970190700484402,0.027648417842676572,0.010524904844399878,0.016185345393925712,0.017901338898976625,0.008613797415500222,0.010955939346468511,0.010770179193037657,0.5386405884106932,0.013775383793500151
421,0.03312291826040133,0.044785113363584574,0.10518972532603477,0.03198536426830603,0.015917278516654663,0.03420410869676838,0.04856628143268886,0.02837333206232039,0.1159210335110656,0.016239757357484542,0.021671214848052747,0.07167117664208798,0.028427937871449916,0.05197824865205178,0.047795891456932624,0.12219214169287447,0.10765314237245444,0.06528613808746431,0.003943448451634876,0.005075747129687751
422,0.01612899198576495,0.049466130337289985,0.017924160781957892,0.012600307052785404,0.012541671650832066,0.015713695882456427,0.018045899363746273,0.014425751696529456,0.020219567842624093,0.004798339065607736,0.026425361191475993,0.09273511988372526,0.008967009782627563,0.012138222844197688,0.0049904514142918,0.2141259988585604,0.427451248976698,0.006884757046102047,0.010496196835018465,0.01392111750770844
423,0.49344894932561745,0.11098674152629956,0.029512661984042468,0.022596176895608288,0.021803898299653384,0.007357615294054736,0.020196515920064807,0.02093943453948535,0.01872002941713623,0.007378452984940389,0.01714295096135855,0.026857788798747832,0.019632740037790045,0.028529909986272025,0.007813402753358985,0.04799746698502774,0.033454417836760925,0.020359206133231174,0.018285615187548076,0.026986025133001933
424,0.06723137325711664,0.01965308512028295,0.021714370143920518,0.0308107612183192,0.07998919524929952,0.08400483151351125,0.05960367715863682,0.013487446545136271,0.051352586778733084,0.03831299182384663,0.008769490109271603,0.06219916954210271,0.0014973553648220338,0.10107157073041222,0.0675222706061515,0.07915377121606727,0.07643744337332117,0.0462095893051158,0.02217250924800876,0.0688065116959241
425,0.03736335466203518,0.037760392941765863,0.09990554947202465,0.361578536969388,0.014465480008002927,0.03479138726031976,0.018941720673970958,0.016773875642153494,0.07124012876593608,0.005366112951406077,0.011588429675385313,0.02775247299201735,0.007922994110906618,0.15500494212792867,0.004997450140057122,0.04195067091925203,0.013238892186211444,0.01544634260586463,0.007483902243324366,0.016427363652049453
426,0.6229929332334545,0.013544745886278043,0.0606785355450764,0.013646521152564955,0.017158917832783577,0.007425415152497819,0.020869755019120365,0.02053956997614574,0.01801534795463506,0.007851799938136136,0.017712150792168688,0.018340040833241353,0.008049899823129753,0.021552904862676074,0.00573244040626882,0.02353084523136833,0.02609654205074089,0.0311297878644702,0.018023639624634796,0.027108206820608546
427,0.017827154255726025,0.15348787031033817,0.01084694124654937,0.01218770977176051,0.0078012396504615064,0.0034853319233413733,0.008791905598635996,0.28976889752464374,0.011557504171921898,0.0782343714639513,0.027480532349081477,0.013730930332703667,0.0029898508237565778,0.006323128360374359,0.0026665514667728154,0.002815284107858819,0.048784675667076234,0.28214014594980547,0.01032223488237452,0.008757740142866167
428,0.050171240611245733,0.020382361440482537,0.004437381549502589,0.004448377941110592,0.02738595954843338,0.025683326546700126,0.27158033022809386,0.026585547508395785,0.06758706191098489,0.008692805824388443,0.016412687079835994,0.1003270641345394,0.0018142730737976673,0.024515938659938962,0.1289534074474398,0.03489269858700502,0.025943293459469066,0.021686632007990436,0.01711453489560567,0.12138507754504008
429,0.038920696633779735,0.1634904115263051,0.248699617686839,0.03357462783358189,0.006483163983624977,0.0050033677311498255,0.04320141797915102,0.012158491486422913,0.008789606358852078,0.002140200612760406,0.007524662450288588,0.03189950160646736,0.003116923026777706,0.007443643303760934,0.0030574274190068025,0.29581456673153417,0.003787786256521921,0.004751394876115413,0.00719864235390463,0.07294385014315556
430,0.062172122223966605,0.03734951944852965,0.054743423428222276,0.06350653753857298,0.010010254097836863,0.07388513408429236,0.04781237255757199,0.04024341799743357,0.05443369892110004,0.033460176040503296,0.02900707280141268,0.07761665381965985,0.08119536694407982,0.038315573099323694,0.04858250591004486,0.06320819701520464,0.0718228892171317,0.038584043691064177,0.030540021751598312,0.04351101941245064
431,0.06459590033971595,0.02189813859565039,0.007550682408520402,0.016309735029010716,0.018685133007997973,0.06960871865446083,0.0259769424889704,0.023511937106343653,0.2379712573566867,0.015700467340026183,0.023222528031544128,0.045685784233024385,0.004090474104109885,0.028831041980443128,0.3370993886519005,0.016116335237654537,0.012932210686558452,0.008673110232102434,0.009783627161132808,0.011756587354146558
432,0.02927825165460107,0.04959165851269936,0.03222701665896046,0.015561232999760019,0.5158192658588039,0.015036483033741206,0.02166845992858889,0.031196336910497023,0.01507173449133148,0.04393680944216676,0.01642146862173356,0.021225982283820406,0.01908173487265898,0.021843754308609156,0.007564931529572974,0.022298625656229927,0.017832781068650303,0.0539950421425115,0.016207111142420877,0.034141318882642116
433,0.009750203872479105,0.042583426480457515,0.019164629535031553,0.016935928821928996,0.02318961279749617,0.025164123382466156,0.023001817358295658,0.018715974369509114,0.012535057087503309,0.02714576308307062,0.01854148159835346,0.022370757741362154,0.008960429535679321,0.019277638575358913,0.024814100743468386,0.009901185711499536,0.01100066234932486,0.009400623627970986,0.6379309045827305,0.019615678746013686
