site,A,C,D,E,F,G,H,I,K,L,M,N,P,Q,R,S,T,V,W,Y
338,0.07181399635914834,0.025690693600922482,0.05716757945430498,0.13023859001288038,0.010330649278677821,0.1479728732109472,0.03518004889495692,0.003532656178268922,0.003221935171072786,0.008468060096462676,0.039633933290312034,0.08135386306958785,0.001859292725404696,0.0949128402478525,0.0004694569073027113,0.12340967363945952,0.13146784272045398,0.0031730620782996917,0.0033897442945661597,0.026713208769118396
339,0.07485633553766317,0.06603721214838451,0.02255758286542169,0.008054461165747685,0.021366250391765488,0.0035163767638418052,0.02581558065944771,0.010982766178073847,0.028765932734813163,0.004817261462767754,0.01678012742864101,0.040272305828738426,0.01198580530617215,0.019361685494585782,0.003902355215963026,0.005819697374095148,0.01274440057871469,0.5855434689646021,0.008054461165747685,0.028765932734813163
340,0.0019459101968082794,0.030863085602767737,0.0092820281275214,0.006149343634482926,0.011713035494253192,0.001884856286431548,0.01756955324137979,0.258305107277915,0.008850791210825827,0.004320831984387482,0.007234521922921089,0.018921057336870543,0.007027821296551915,0.013295878128611735,0.002005565520025751,0.003369503361360506,0.32722161314502274,0.24817086269302466,0.005999359643397977,0.01586927389543981
341,0.03647958138890292,0.18734688511895323,0.0038662775776964723,0.048895622383712325,0.002629068752833601,0.07429431150850359,0.0031298437533733344,0.003552795611937299,0.00571536685398609,0.10352501673239839,0.07187988522192115,0.007770798402369855,0.0017296504952852643,0.07820932585610949,0.0005923127284270163,0.12290812806414986,0.23571421820521893,0.006963616349826445,0.0015109590533526447,0.0032863359410420017
342,0.004747069346427153,0.01125231252486436,0.015190621908566886,0.00810166501790234,0.1480194223260251,0.001863879988781213,0.028934517921079782,0.34749232795342344,0.013438416627961277,0.008304552806762133,0.18770109364865478,0.024304995053707017,0.006200253840231383,0.01599012832480725,0.0024801015360925533,0.004747069346427153,0.004153473817898289,0.001992042137770446,0.01609760295853323,0.14898845291408416
343,0.19739212841037357,0.44093106095477197,0.0038856891384488855,0.0042852464476663635,0.008710014860952695,0.0010308298271564506,0.06761722063108014,0.008570492895332727,0.010128764330847768,0.0025321910827119424,0.008152420071170155,0.04534331265848903,0.006588344574310372,0.006306589111659932,0.0015992785785549112,0.1268846999876116,0.0455822372742124,0.0011468569283325301,0.0034817627387289207,0.009830859497587541
344,0.008169785956022087,0.01260481261786265,0.019607486294453007,0.01260481261786265,0.021520411786594765,0.0021312485102666315,0.03393603397116867,0.21652040167099076,0.015411389320967158,0.005144414549134593,0.5201346034449302,0.025209625235725296,0.011609695832241912,0.01918123659239968,0.003240879910859763,0.007878007886164157,0.03205892262309586,0.002956564704815267,0.008021244393185323,0.022058422081259636
345,0.0032386004545598246,0.015161492278549227,0.02348544882363508,0.01234801948459164,0.029213607073302172,0.004419770811828004,0.02851804500012831,0.012465157967938963,0.01814784681826347,0.006405122406445931,0.014430817951872153,0.025590329226854915,0.010988604495462285,0.020650998103541186,0.004060196237306404,0.007034963382746018,0.7159707945834214,0.008203821164420474,0.011977578900053892,0.02768878483507865
346,0.010976549357731118,0.00853765219787228,0.5767342460161483,0.006494593955353507,0.018686182168928006,0.009840190019184285,0.01643885413169696,0.02250835579439055,0.01904553182602278,0.0049767218841868565,0.01707530439574456,0.20331028085294317,0.009170070879196152,0.02303180592914382,0.002974077041901454,0.005651314442796534,0.008117767663550693,0.0031669592736904605,0.006075875183761867,0.027187666985756746
347,0.002243845335869389,0.022218168360351044,0.011974230325415423,0.012333457235177883,0.01737106652841956,0.002182912784987236,0.025694702573287265,0.007824291395193908,0.01737106652841956,0.004358112097236002,0.01522649041379986,0.03096020152303248,0.02906741405363831,0.027407682744839748,0.002861591005841736,0.03323283055733128,0.7056400511617247,0.00391538324926282,0.006851920686209937,0.02126458143996187
348,0.002788134335683459,0.022469887727250174,0.0214712260504835,0.016950967934592234,0.032206839075725247,0.005308819627866799,0.031167908782959917,0.0077118770490668025,0.024774491596711728,0.011234943863625087,0.027605862064907356,0.04600977010817893,0.014810628280059905,0.09662051722717575,0.009160551017417131,0.007418806182952019,0.5447623064430624,0.009662051722717575,0.04025854884465656,0.027605862064907356
349,0.005834731686001164,0.017781993198590727,0.017030641373298162,0.013435283750046325,0.01727393625005956,0.004895447520259794,0.02084785409489947,0.03358820937511581,0.023253375721234027,0.004330626365938653,0.013586241994428871,0.0377867355470053,0.6866594890240547,0.04094015271195901,0.00408505249156814,0.004624838546252813,0.01148996211611791,0.007154884837302777,0.009673404300033354,0.025727139095833396
350,0.0046439919285418,0.007629382275256272,0.010464461812314193,0.009343269475280526,0.2684690632154729,0.0022683081963108796,0.007088817627501303,0.015388914429873812,0.013531631653854558,0.005163385762655027,0.017061622520077483,0.013080577265392739,0.0066511409824030875,0.019142308193257664,0.003256575252794872,0.005228728160211755,0.009571154096628834,0.006329311580028744,0.1304083980282597,0.44527895754388386
351,0.008163853176450395,0.010641993884711359,0.011470234215815934,0.014141508337872997,0.020033803478653415,0.6814476947831732,0.04292957888282875,0.033389672464422364,0.021855058340349183,0.006260563587079194,0.022679777523003864,0.034343663106262995,0.012925034502357043,0.01907981283681278,0.00411653496136714,0.003861675713047847,0.013209101194716537,0.00645426369268361,0.008464987385346514,0.024531187933045
352,0.00809763424051803,0.01969197417580521,0.028881562124514308,0.02248604183444134,0.029877478059842394,0.004185733641233957,0.020060033729405218,0.03767160277110562,0.01835976762752606,0.11963008307720921,0.05123231745666638,0.024067968437095258,0.042292890511953334,0.48844874426919704,0.0028129691564914975,0.009217519826972652,0.012377812339077561,0.010967681819435813,0.013538232245866083,0.03610195265564288
353,0.011577887524216436,0.01909335837326921,0.029414092629090408,0.02092925821685279,0.022210641372986627,0.005182482987030216,0.04039067781997046,0.02530980063433361,0.026391062788635306,0.008759954094556174,0.028640037559903818,0.032009453743421915,0.025939876130016738,0.6145267480097921,0.00934615928002,0.008920667436691353,0.01700502230119289,0.009223062943019873,0.01648971859509614,0.028640037559903818
354,0.012530270924617061,0.015401791344841804,0.02310268701726271,0.017192697315172246,0.02174370542801196,0.018811367943473434,0.043487410856023916,0.06892780183722,0.14957047464164466,0.008400977097186438,0.018031365476887967,0.028434076328938712,0.02174370542801196,0.017602047251247775,0.41447020277155666,0.038366925144597025,0.02174370542801196,0.007247901809337319,0.012119442369711584,0.041071443586244816
355,0.0033419182252847034,0.030329489578903777,0.024686793843293767,0.02081435559336533,0.021353384291878642,0.004276275746043312,0.0408281590485243,0.015816825718030923,0.03931600500969006,0.00774840974643527,0.02002890821248362,0.03317287922692601,0.01633126361940972,0.027935056191095584,0.007475578417335437,0.010207039762131075,0.022115252817950664,0.5984919678499822,0.013269151690770397,0.04246128541046528
356,0.009218533372497905,0.013393293723229994,0.01932918287781819,0.015978791178996372,0.6765803725115244,0.005845899211827941,0.03865836575563638,0.027236575873289266,0.029960233460618192,0.0024628678430329864,0.01932918287781819,0.026052376922276688,0.012354735447677607,0.029960233460618192,0.0068874099909467116,0.004341361445875904,0.019973488973745464,0.006504639722779253,0.012886121918545462,0.023046333431244764
357,0.014735953129869542,0.040188963081462394,0.032746562510821205,0.008329604194622035,0.036839882824673854,0.01618412873508126,0.05525982423701078,0.03300122950937333,0.4957859348525399,0.01065249623845991,0.02852119960619911,0.019794201424718764,0.023896140210599257,0.039758465484785954,0.005612768819884635,0.01281387228684308,0.017003022842157163,0.009934350424631153,0.025261633936919214,0.07367976564934771
358,0.011165403349620545,0.025383724240391203,0.018525551567598025,0.44085911171327996,0.04371641396956262,0.026253624862038652,0.03934477257260635,0.03747121197391082,0.041414815745143926,0.019837738746254746,0.028103408980433113,0.06557462095434395,0.016393655238585984,0.03278731047717196,0.009149947109908458,0.012490403991303606,0.024590482857878977,0.045849865287236065,0.01967238628630318,0.04141555007642775
359,0.013394668261465393,0.036356956709691794,0.07271391341938359,0.03518260569704306,0.042416449494640414,0.011568122589447382,0.0565552659928539,0.06800269526588584,0.2873323335445596,0.015424163452596514,0.02994102317268735,0.012497652945581937,0.03181233712098031,0.17887409395145948,0.004434183568876158,0.01641927077211887,0.018198029385145698,0.011311053198570778,0.021208224747320207,0.036356956709691794
360,0.014740285170175553,0.0831959299366168,0.04621996107589823,0.010946832886396947,0.05942566424044058,0.007861746524627799,0.0415979649683084,0.05942566424044058,0.0415979649683084,0.02621659268192593,0.007463108373916171,0.0831959299366168,0.019808554746813523,0.03781633178937127,0.010946832886396947,0.016639185987323356,0.03199843459100646,0.23451115512218249,0.027731976645538937,0.13865988322769465
361,0.008701684834161647,0.07013052831740388,0.3149202814338647,0.015381459970023832,0.046753685544935905,0.0011510707493773617,0.030762919940047664,0.062338247393247885,0.11220884530784621,0.01809820085610422,0.04315724819532546,0.007292616610647471,0.01700134019815851,0.03740294843594872,0.011000867187043743,0.02337684277246795,0.020779415797749293,0.04822988197776118,0.04007458760994507,0.07123732686793942
362,0.002287115877561389,0.027309788248004077,0.026334438667718216,0.021067550934174575,0.03205931663896131,0.004788079757766949,0.06144702355800916,0.007981832299074254,0.03205931663896131,0.017556292445145477,0.06703311660873727,0.028165400509490127,0.01506269110284272,0.06703311660873727,0.008574003287164069,0.06332308016743374,0.41514467764044977,0.010241170593001527,0.04337436957035941,0.04915761884640734
363,0.007720650284602873,0.031847682423986855,0.03323236426850802,0.014154525521771936,0.04246357656531581,0.0026449829418530675,0.04022865148293076,0.038217218908784226,0.12238008223755967,0.013897170512285173,0.034776609018410516,0.04246357656531581,0.017775450655248475,0.01864254580916304,0.43737167264943827,0.014545174299545289,0.017371463140356463,0.008685731570178233,0.006984844132196456,0.0545960270125489
364,0.0697374331385626,0.013037494191215847,0.016417585277827367,0.00520045371055216,0.024626377916741053,0.004052033540176696,0.018469783437555787,0.34047901827856536,0.016417585277827367,0.005724699989711144,0.006505798208436821,0.03409806173087223,0.005540935031266735,0.011665126381614183,0.0028234063853588465,0.0064242725000194035,0.14335958664360648,0.24893993871802964,0.009431378776624231,0.01704903086543611
365,0.017342925006577223,0.3944514869656929,0.02767723501015953,0.01845149000677302,0.03321268201219144,0.003649745276064994,0.02554821693245495,0.028359257232827586,0.02554821693245495,0.003817202062861627,0.01186167214721123,0.06380832877386207,0.18595237571666828,0.021463399812541927,0.00554855032816192,0.0673484689785661,0.005973417187023535,0.010713768391029499,0.02372334429442246,0.02554821693245495
366,0.016051266660464525,0.03980574187430067,0.20027309894536702,0.012920354886014061,0.027557821297592777,0.001046448543251623,0.2754843471150319,0.03256833426079146,0.027557821297592777,0.021191103624233223,0.02107362805110036,0.1244589780126579,0.012794702745310933,0.035825167686870614,0.006397351372655466,0.020661326033627393,0.016284167130395735,0.005192053287952262,0.027557821297592777,0.07529846587719649
367,0.03616040571304032,0.03400710677369402,0.021640886128714378,0.0446343276404734,0.03967495790264303,0.007847793870852469,0.029365451392930193,0.0446343276404734,0.03758680222355654,0.005129754059656794,0.07141492422475744,0.03570746211237871,0.40057367941073285,0.021004389477869836,0.00590205985328574,0.004593976711325884,0.06924273544022734,0.015194664728671797,0.031049967054242365,0.0446343276404734
368,0.043362417013244975,0.03468993361059598,0.011280951558995285,0.012819263135221914,0.012819263135221914,0.039210696235381086,0.23689605603988187,0.010847068806726236,0.05263374412337017,0.002208249107539815,0.007231379204484155,0.17164290067742802,0.0025705417240444875,0.15810561717805852,0.07900071957330435,0.09485528721647342,0.005755587530099633,0.004273087711740637,0.009724958240513174,0.01007227817767436
369,0.06494234979957772,0.05513018949493227,0.07399884673093081,0.06314096418181674,0.06546710002523205,0.038550502203954,0.03357287180781131,0.06546710002523205,0.031004370245557304,0.055354295956293785,0.041898944016148534,0.11638595560041255,0.08234855349085794,0.036847522162533834,0.058825510167599834,0.0407350844601444,0.009919257579580615,0.030927059002477976,0.006387034148803129,0.029096488900103135
370,0.016678348034909647,0.019712929843435246,0.006062913563876145,0.058396721087613575,0.04302916290666264,0.4578639946227402,0.03144438827794577,0.035545830227243044,0.04541967195703278,0.013625901587109834,0.04541967195703278,0.0408777047613295,0.02043885238066475,0.048091417366270005,0.007432309956605365,0.005772797279213092,0.01739476798354447,0.017327235566603275,0.024045708683135002,0.04541967195703278
371,0.0033547632053614125,0.03503111028680319,0.048504614243265964,0.019704999536326796,0.048504614243265964,0.011897358210612406,0.030026665960117015,0.04245075392149511,0.057323635014768864,0.013416169897073565,0.04203733234416383,0.10109625672351004,0.01286857112576444,0.052546665430204795,0.00818909071639555,0.03697665232264316,0.35274674877890305,0.011259999735043883,0.030026665960117015,0.04203733234416383
372,0.049240863032989614,0.010727462553537846,0.006489822005035007,0.005784406569705114,0.00618796981875431,0.0018290782813639055,0.0020165915986030234,0.011056160514683737,0.15340422714123686,0.06608238530037228,0.007002176373853561,0.007825961829601038,0.0063918427975515335,0.35970646364152087,0.1493796271008039,0.020629299977582068,0.049585204732521,0.07158863933257723,0.004837867312844278,0.010233950084862895
373,0.1089955831697721,0.023120275217830447,0.053947308841604376,0.10404123848023702,0.11097732104558611,0.012611059209725698,0.011024312266146962,0.10789461768320875,0.0728265096490456,0.006724766606471871,0.1618419265248131,0.027744330261396537,0.00581741637124197,0.05040718230005642,0.040849445670962506,0.0065025774050148115,0.032640388542819455,0.04439092841823446,0.004749987936570131,0.012892824399261786
374,0.0962080893219667,0.5531656806565337,0.01379474386732475,0.008430121252254015,0.030348436508114456,0.001640917711279734,0.025290363756762045,0.017962469816801666,0.015174218254057226,0.01385706459559128,0.00948388640878577,0.025290363756762045,0.010116145502704819,0.025290363756762045,0.0023344951160088044,0.024517038477851916,0.00722581821621773,0.0844632737647544,0.005058072751352409,0.030348436508114456
375,0.050602216545699324,0.035094538693829176,0.03290113002546486,0.04785618912794888,0.052641808040743775,0.00666352000515744,0.04386817336728648,0.16410359692051996,0.01645056501273243,0.018367540306554204,0.2959698920883433,0.07520258291534825,0.016981228400239926,0.04049369849287982,0.00940032286441853,0.015040516583069648,0.0065910851349412795,0.0028584831305761894,0.02105672321629751,0.04785618912794888
376,0.07160957979498452,0.07537850504735213,0.011398775191003274,0.05653387878551408,0.13568130908523385,0.06764330814048473,0.03214757023222441,0.013375218218990794,0.06000680797954955,0.07107116190178914,0.04240040908913557,0.0821964115119045,0.0034215674513697367,0.02609255943946805,0.06992348165576744,0.06140973042725752,0.03112796514460068,0.023393329152626523,0.008654552965229337,0.056533878785514094
377,0.05040837866304886,0.03484593378512838,0.007883616889081686,0.006044106281629292,0.012951656317777054,0.0017776783181262625,0.10066603093481531,0.09684091671514225,0.11068708378805488,0.0788328966132096,0.24001279854628949,0.012671248649137592,0.004317218772592352,0.03216547734011851,0.05529202231679548,0.019631511991621622,0.04700359223373298,0.045168556849813364,0.009612671389000934,0.03318660360488417
378,0.18464475309889608,0.28004318553480423,0.020969499024792015,0.008490063786385253,0.04247406490754964,0.0022490090812965872,0.02122515946596313,0.00487987961798846,0.010246628707706337,0.005213197061815505,0.012381343021811824,0.02122515946596313,0.005402767864063342,0.013506919660158356,0.00349590861792334,0.008451234680062678,0.16950762129725716,0.16583685289825134,0.005606645896669506,0.014150106310642088
379,0.20320266280220586,0.06175430575767074,0.02852372974122982,0.0184024062846644,0.008632362689425821,0.024330332619031482,0.03565466217653728,0.02593066340111802,0.020374092672307012,0.010372265360447209,0.038031639654973096,0.04753954956871638,0.0012297744551881238,0.038031639654973096,0.013582728448204674,0.3162185351453977,0.01261057032374295,0.01000832622499292,0.022818983792983857,0.06275076922618954
380,0.04380265574271859,0.0865817284668779,0.10573465627924787,0.024099066958233127,0.0018322626671745613,0.03965049610471795,0.05545523930729781,0.03827498869837026,0.045971589686629497,0.06919489561328504,0.024753932908185113,0.16266870196807365,0.0011201168329484103,0.08133435098403681,0.02889509837590781,0.05883230781436991,0.05769065283860305,0.022182095722919126,0.04337832052481963,0.008546842505583813
381,0.013084554901835759,0.015878685966139425,0.05233821960734302,0.023552198823304366,0.23552198823304363,0.003754063428895249,0.039253664705507264,0.05233821960734302,0.03140293176440582,0.008935902058820163,0.024791788235057222,0.09420879529321746,0.013084554901835759,0.027708469203887486,0.0013868622996194805,0.007030507111434138,0.047104397646608724,0.0107055449196838,0.2616844992561653,0.03623415203585287
382,0.00351230170147387,0.023268998772264387,0.01861519901781151,0.006894518154745004,0.5310021295189918,0.0024820265357082013,0.011634499386132193,0.009797473167269215,0.010950117069300888,0.10407104437794149,0.13024061887485502,0.008864380484672148,0.0006237400428884561,0.03150419857247216,0.001820763999101081,0.0029437052153956024,0.0040467823951764155,0.003102533169635252,0.0066482853635041125,0.08797668418066136
383,0.018597212615499986,0.026997507892900726,0.026308251992658516,0.01926139878033927,0.023969740704422208,0.006337789441447729,0.04148608968073074,0.026308251992658516,0.021572766633979983,0.011388259475006365,0.025681865040452355,0.033707447865593716,0.019611606030890894,0.02896582092986279,0.0027507146163371823,0.009379463753904341,0.013154125996329258,0.009219131040162388,0.6035778987021464,0.03172465681467644
384,0.06821880885328674,0.027822573022516943,0.09274191007505649,0.05595552544137534,0.03477821627814617,0.08563569432546275,0.07223167996230362,0.06955643255629235,0.05043480925604801,0.04794666710191027,0.018472713195129248,0.09843628206868861,0.001562017023352757,0.05842678560024357,0.050602544215009426,0.058100078958785384,0.03750101771856127,0.026431444371391104,0.01304183110430482,0.032102968872134936
385,0.10281959920349437,0.0184528270108992,0.005906514546345499,0.10084370214960106,0.06555609595977346,0.005215123446483307,0.23214846884679638,0.02965632912465943,0.012261665463923783,0.017085950936017776,0.0745210321594006,0.017299525322717994,0.0038366509913933798,0.13180590722070856,0.01284088477562573,0.02555006816893735,0.07176099393127466,0.05865460260620193,0.004293395157035449,0.009490662978709938
386,0.012033094690192505,0.027504216434725722,0.042784336676240015,0.027504216434725722,0.1109191803317701,0.006312443116166559,0.016044126253590005,0.2136221250834092,0.020266264741376848,0.21513262767311028,0.09484265693934882,0.029619925391243092,0.018677709671277097,0.009231347113314154,0.028402080418265103,0.009626475752154003,0.011325265590769417,0.05572751089132413,0.018336144289817148,0.03208825250718001
387,0.13164018114401055,0.027546702347982253,0.027546702347982253,0.033210444788683825,0.04026056497012791,0.29299718706999583,0.058154149401295874,0.029077074700647933,0.04758066769196935,0.01006514124253198,0.026169367230583142,0.04026056497012791,0.020130282485063957,0.037384810329404494,0.0034871168345302493,0.11819087471134075,0.018692405164702247,0.006035790029537773,0.009762166513995764,0.021807806025485953
388,0.09282475209333961,0.02789205291266214,0.005531801215751172,0.037684462558695626,0.011156821165064858,0.013101588157140383,0.09669245009722875,0.016752547608297634,0.12942170636684988,0.028947427887735844,0.03661725920841799,0.0716914575177021,0.004467993289645178,0.06632319856346713,0.07757367880607931,0.05950304621367925,0.09483652652512244,0.04577157401052249,0.0038722608510258208,0.07933739495157231
389,0.03950372777690387,0.028815480422933016,0.05816910573802327,0.03172860312983088,0.05584234150850235,0.08128151101645499,0.07772707485673662,0.011362995909873344,0.13960585377125584,0.006738344368225487,0.038074323755797064,0.0966502064570233,0.0023013662602275123,0.006733627205850869,0.10166291188169413,0.08611202195236341,0.029614751075045624,0.04150444301307607,0.009694850956337214,0.05687645894384497
390,0.012515851835809742,0.01991158246606095,0.024336378569630054,0.061895194637762566,0.025767930250196525,0.008187940453333476,0.03504438514026728,0.01991158246606095,0.49368453610010926,0.006791547507803737,0.014250543846783925,0.01886659059855057,0.01123217472444464,0.038227869602938065,0.11889411398869557,0.007347477255545279,0.011278937649812922,0.04171950611936581,0.011089995297552937,0.019045861489275697
391,0.07067783450715474,0.10972363119292561,0.01405451817198199,0.013715453899115696,0.07729984994590096,0.0020188575438725097,0.02476401398451445,0.01932496248647524,0.1328516514933952,0.009945617968962164,0.007361890471038187,0.032418345579728,0.012236336321760086,0.054203429296625846,0.08686098642058514,0.06603737062537188,0.16344249229779537,0.08031572103085767,0.0006613653488249869,0.022085671413114558
392,0.02701174637577088,0.047799983710244576,0.020912492873231995,0.01968234623363011,0.03936469246726023,0.007195696472509932,0.01968234623363011,0.035221040628601256,0.0334599885971712,0.09700350794609695,0.024785176738645325,0.02573845276705476,0.37689841435825633,0.03165866512461533,0.006373331161365941,0.03440806730744953,0.08116420120477212,0.006313205395692677,0.0334599885971712,0.03186665580682971
393,0.013908694865701659,0.03666833411285107,0.035180816425010086,0.0314775725907985,0.05980738792251714,0.005980738792251714,0.06670165805618036,0.06645265324724127,0.05437035265683377,0.050597711795820795,0.06645265324724127,0.046005683017320886,0.01128441281556927,0.023002841508660443,0.3366913765443928,0.01395327944762472,0.017087825120719186,0.01245987248385774,0.018689808725786607,0.03322632662362064
394,0.0007598760304917169,0.013857939157853098,0.0008459865198684177,0.010188620261023988,0.010084577711295301,0.0017525613934481332,0.013018792555752874,0.07408343224469117,0.3377872669726692,0.12243488292547919,0.018026020461811672,0.014646141625221985,0.007811275533451725,0.046867653200710346,0.1125957556575564,0.006892301941280933,0.03502979064901755,0.13185727809620945,0.018026020461811672,0.02343382660035517
395,0.019736103210821292,0.3110748022310822,0.02631480428109506,0.019736103210821292,0.03306134634646018,0.005555191726757031,0.061401209989221814,0.04250852999253818,0.050237353627545105,0.14159674466614314,0.09802851553809913,0.04250852999253818,0.019055547927689525,0.061401209989221814,0.0016960268916434058,0.00739627944025036,0.02402656043056505,0.019736103210821292,0.00936628626954231,0.005562751027143705
396,0.0030336443494842894,0.05185281754417299,0.027654836023558924,0.046091393372598204,0.015954713090514765,0.020741127017669198,0.03190942618102953,0.004394134190492297,0.09109363805615782,0.01728427251472433,0.06913709005889733,0.019316393935186044,0.0100017118034977,0.05185281754417299,0.011852072581525255,0.17347958496206536,0.23286658281361927,0.041482254035338395,0.020741127017669198,0.05926036290762627
397,0.031546509954906814,0.030790487298576804,0.02052699153238454,0.0023085631065341335,0.02052699153238454,0.004321471901554639,0.02736932204317938,0.03897301416330523,0.13799261577560026,0.008493927530641878,0.015395243649288404,0.07415357515226055,0.19874301271591294,0.06359677208331481,0.2599307619062747,0.012618603981962727,0.011196540835846109,0.006158097459715361,0.01296441570466392,0.02239308167169222
398,0.07967417858790218,0.0072233999850004,0.04881072076296455,0.06284583876358267,0.008754879147726592,0.04491789787600014,0.19406648777460608,0.047526486801944365,0.04488541383611066,0.028453357230111425,0.048516621943651535,0.05544756793560176,0.006160840881733528,0.05676508845664006,0.0631699791627849,0.046783885445663975,0.06566159360794943,0.06459224811563911,0.013861891983900436,0.011881621700486091
399,0.02182678898939824,0.029466600989392147,0.07133734583996114,0.3872115309070413,0.046304658697616234,0.01537080346444226,0.058933201978784294,0.04986655552050979,0.015127504741211698,0.01117698658218323,0.0360147345425904,0.046304658697616234,0.0270110509069428,0.05462946900355139,0.009357112284626625,0.01117698658218323,0.0240098230283936,0.012711082779737792,0.013229902485033211,0.058933201978784294
400,0.012945151336149508,0.04972797041371923,0.03286076877637952,0.031231885070237598,0.23955430402412028,0.008376274393979094,0.04746555489921486,0.04746555489921486,0.023732777449607435,0.0016396144835923768,0.030513571006638127,0.030513571006638127,0.012945151336149508,0.017087599763717355,0.006472575668074755,0.003878602592614381,0.020342380671092085,0.009640300692399805,0.3428409202028355,0.030765471313625625
401,0.047894061349370944,0.09056331600608326,0.01518968641486849,0.010515936748755108,0.004882399204779155,0.004272099304181762,0.022784529622302728,0.07733944486211698,0.05224806692658648,0.04932222749767757,0.2873643680962257,0.05481863941865768,0.005696132405575682,0.05805340769620721,0.04388837621833265,0.01299010828048294,0.021774159640060235,0.1236943852513801,0.007594843207434241,0.00911381184892109
402,0.1560702438088056,0.014805082416645594,0.00690558770899043,0.011780861125507322,0.01009788096472056,0.024850939746875148,0.005138874524445053,0.02020244702689143,0.20359427886845677,0.02505475485893869,0.09499927884014255,0.04018102538045865,0.003926953708502439,0.01767129168826098,0.1492845810345097,0.06472164292596747,0.03205011679839353,0.08769164200628543,0.014137033350608784,0.016835483216593766
403,0.016738614763617234,0.13948762076802032,0.0502158442908517,0.013163575321135636,0.13948762076802032,0.010916487889315587,0.04184653690904308,0.08369307381808616,0.13986997787072747,0.01931378626571219,0.01620361606904225,0.03140525581847052,0.02789769127269539,0.03044259291062168,0.01924341021426208,0.01931378626571219,0.018604995180596384,0.014769365967897562,0.08369307381808616,0.08369307381808616
404,0.0014307565672222525,0.03517217018539591,0.027356132366419043,0.011724056728465307,0.049241038259554275,0.003620664577908403,0.08206839709925713,0.061551297824442845,0.02051709927481428,0.15223473223675407,0.10583963910511551,0.08206839709925713,0.010258549637407141,0.061551297824442845,0.009118710788806349,0.022382290117979216,0.022188848446911675,0.14664935679754898,0.012958167963040603,0.08206839709925713
405,0.013752156855883373,0.03850368297009239,0.055008627423533484,0.04400690193882678,0.11001725484706698,0.00777977399111249,0.014744527258642906,0.048896557709807546,0.04000627448984253,0.03676304607738653,0.055008627423533484,0.03667241828235566,0.034570173752712166,0.055008627423533484,0.2685230256141258,0.036780660314132275,0.03143350138487628,0.019133435625576865,0.02588641290519223,0.027504313711766742
406,0.01155718326908525,0.057696756346350755,0.0231143665381705,0.019261972115142086,0.014446479086356562,0.015839655876955714,0.2438660444863701,0.03898862914736557,0.17735712326281458,0.009630986057571041,0.05778591634542624,0.04762604247899798,0.014446479086356562,0.059119041087604844,0.04444187600548224,0.06686411011723144,0.03582884771894282,0.007094284930512582,0.016510261812978932,0.038523944230284164
407,0.027623766502071826,0.058316840393262744,0.03204988318450735,0.018744698697834454,0.07497879479133782,0.022377731120237943,0.11101830988807879,0.030873621384668513,0.01521347311639736,0.012205850314868942,0.020994062541574588,0.2922154375782133,0.01809832977721947,0.029158420196631372,0.011167054543390736,0.003817610427828364,0.14911177943040213,0.014579210098315684,0.02186881514747353,0.03558631086568508
408,0.2225485518652751,0.024583719965864174,0.024583719965864174,0.033953768366202695,0.01311131731512756,0.004614143255911499,0.01512844305591642,0.01512844305591642,0.02809567996098763,0.004916743993172836,0.3780954958494904,0.01966697597269134,0.007712539597133861,0.054995708487198626,0.006145929991466044,0.10726102810776068,0.0028637208962469718,0.006026629636405784,0.012688371595284737,0.01787906906608304
409,0.23770905238658738,0.04206601073493652,0.028044007156624345,0.03236685813539474,0.035055008945780446,0.010451292144845154,0.032358469796105016,0.028044007156624345,0.052582513418670644,0.014505520943081555,0.060094301049909316,0.060094301049909316,0.010451292144845154,0.21033005367468258,0.008413202146987304,0.008163099220727605,0.034272268787502294,0.02670976264098033,0.030047150524954658,0.038241827940851375
410,0.013670027621665418,0.05858583266428036,0.05858583266428036,0.02929291633214018,0.04101008286499625,0.011717166532856071,0.02929291633214018,0.052347932596947054,0.05126260358124531,0.21986514284537745,0.20190639030827603,0.03417506905416355,0.0018970052988956196,0.01271927888289953,0.013602894502318313,0.022783379369442365,0.013229058988708468,0.07208567767448446,0.0164040331459985,0.04556675873888473
411,0.014898735106111491,0.040632913925758615,0.037246837765278734,0.08890200362730244,0.026291885481373223,0.25141069427505697,0.07449367553055745,0.029797470212222985,0.05587025664791809,0.008763961827124406,0.034381696398718825,0.07449367553055745,0.015412484592529127,0.08939241063666893,0.010879244883818782,0.017878482127333787,0.01655415011790166,0.03481966962272976,0.040632913925758615,0.037246837765278734
412,0.22797941029511262,0.03757982812170734,0.04133781093387808,0.028059475727309945,0.02755854062258538,0.05307423192753117,0.020668905466939037,0.045930901037642316,0.0516722636673476,0.008436287945689404,0.045930901037642316,0.0516722636673476,0.029021066471449086,0.2066890546693904,0.01059943870099438,0.023759976318020726,0.0064165371003236035,0.0043823019991559445,0.02755854062258538,0.0516722636673476
413,0.016570589271328245,0.11196544246611545,0.020252942442734522,0.022784560248076336,0.021444291998189494,0.009347511896646704,0.028042535689940112,0.20472250878949202,0.026039497426372956,0.007190766736132029,0.02322561492485346,0.026039497426372956,0.01350196162848968,0.020252942442734522,0.007255870993863604,0.006878357810740026,0.09439039266960135,0.2990324307351901,0.013019748713186478,0.028042535689940112
414,0.012661918175027159,0.034820274981324686,0.030278499983760598,0.04352534372665586,0.39353438013556674,0.012006991372870583,0.046427033308432925,0.0620629541089431,0.0633095908751358,0.003672222876886771,0.03316216664888065,0.05803379163554115,0.01989729998932839,0.0633095908751358,0.016195476735499856,0.00551806587420971,0.023213516654216462,0.012380844779589456,0.02246469353633851,0.04352534372665586
415,0.13127247311790477,0.012559305852963254,0.007730970156438915,0.12605282888876562,0.011303375267666928,0.0016969321656885058,0.01736217599376806,0.01076511930253993,0.11004378029635857,0.0026596177100392773,0.01189828975543887,0.01929130665974229,0.004809946922411459,0.2604326399065208,0.054943594916987526,0.09673212339385062,0.09794047996484545,0.003045016373477706,0.01076511930253993,0.008694904052051484
416,0.009519149795895914,0.021104937117487715,0.019001128659010717,0.5524270217827052,0.021563740098302663,0.002380292211115199,0.02066525092754005,0.035426144447211524,0.1313198171380248,0.005668183111553845,0.03199780788780396,0.04312748019660534,0.009357849476621912,0.02066525092754005,0.007810488539542698,0.0074581356730971625,0.013225760593625634,0.00782760392313601,0.015260492992644963,0.0241934645005347
417,0.010341253948388966,0.01569140062899243,0.05505126228743031,0.6182550281931033,0.021844891071734554,0.004010552358684862,0.02273651927874413,0.03376028620177158,0.013335014229352876,0.006671194279391988,0.03481529514557694,0.03481529514557694,0.010816402375324875,0.03183112699024178,0.008073111917814945,0.010712398506331365,0.018263761387843646,0.008393492160469132,0.015261499241896745,0.025320214651328686
418,0.018374447481618164,0.019424415909139202,0.030902479855448743,0.07710740372217152,0.026148252185379698,0.009187223740809084,0.02955889377477705,0.08369612187214462,0.3809770136521933,0.007008809864122394,0.05495468130640583,0.01354819228490088,0.009997861129704003,0.029839530429144674,0.09685862228913392,0.008829279958699638,0.03379056422662235,0.011522958590167323,0.024280519886424004,0.033992727840993615
419,0.07228304361997136,0.06997941581646755,0.006946047531466302,0.03285848707682231,0.013781112577667525,0.013218009977579787,0.11571759608866859,0.11471135612268017,0.017381361884752564,0.08106723596955111,0.015093599489826335,0.034831383438060776,0.001551279987325458,0.11986093712509151,0.018112319387791603,0.10003897336280242,0.06911279766394164,0.09401913697097841,0.0012030334595585185,0.008232872448996183
420,0.020831705845288265,0.13869754683032517,0.04647072842410459,0.02876759378635045,0.11603942983141076,0.009238586513039734,0.021575695339762842,0.0355364393831388,0.037757466844584975,0.007604034369353577,0.030205973475667985,0.05034328912611329,0.0118454797943796,0.023235364212052294,0.032522784843941444,0.008390548187685552,0.013729987943485445,0.0118454797943796,0.3390343122248449,0.0163275532300908
421,0.05421144453047442,0.054211444530474426,0.03285542092756026,0.0011652905825241234,0.03388215283154652,0.025451382408673433,0.015736924254012106,0.0387224603789103,0.12916276512005717,0.03986135627240765,0.028614395273304106,0.11310522737257413,0.006942760700299458,0.09973171911499187,0.0643636511806542,0.04287910866817185,0.1321206158063152,0.06819049626474771,0.006744396108862332,0.012046987673438763
422,0.0030759304507162926,0.01697232917760118,0.03126481690610744,0.02200116745244598,0.01800095518836489,0.010421605635369148,0.02970157606080207,0.02582745744417571,0.02050956615456827,0.005256916116956118,0.06536929872450523,0.12043172480739532,0.003638986873645648,0.01856348503800129,0.006674511474337544,0.23057917691937027,0.32598176411755747,0.009281742519000645,0.015231577467077985,0.02121541147200148
423,0.34205884339832326,0.10104456066997111,0.015067366575813269,0.036088025898796734,0.03834352751747153,0.008640794933514714,0.040899762685302966,0.036088025898796734,0.030674822013977233,0.008520783892771453,0.026673758273023675,0.05577240366177677,0.022234306017765434,0.06134964402795445,0.009438406773531458,0.03132968175275424,0.0035625818299677907,0.050413178807881286,0.030674822013977233,0.051124703356628706
424,0.05250481403715591,0.012384785880138697,0.007853924617458215,0.020074547365384797,0.14006603078728286,0.05648001020930546,0.04223529543739607,0.020762729269644283,0.15687395448175676,0.039399622150665885,0.016309772443752462,0.03486087877372373,0.002836139445193244,0.03486087877372373,0.09643890644370294,0.09608529712007603,0.03764974907562164,0.05687376177060097,0.017928451940772205,0.05752044997664416
425,0.06087191762963213,0.01625577952447112,0.13483105059579867,0.24526078564201947,0.019950274870941826,0.0016509888302153417,0.02743162794754501,0.02438366928670668,0.0041342727552450675,0.005852080628809602,0.015675215970025722,0.019950274870941826,0.00975346771468267,0.2914595229022865,0.005225071990008574,0.053227479636509104,0.017556241886428806,0.014651838102900416,0.008778120943214405,0.023100318271616856
426,0.4700829629961049,0.018446979168280295,0.06664928721595326,0.022435515204665225,0.031927463945100515,0.009882310268721588,0.04150570312863067,0.037732457389664235,0.031927463945100515,0.010376425782157668,0.03320456250290454,0.03320456250290454,0.009914167765348352,0.04611744792070074,0.007831264741251068,0.022064492586474204,0.006450930835485131,0.00636405454769761,0.03458808594052555,0.05929386161232953
427,0.018739052411624078,0.022346081008671588,0.015576070646227354,0.009640454862583055,0.012460856516981885,0.0025250884569138344,0.013216059942253514,0.4429312485647404,0.01817208242059858,0.038310613510120085,0.06951260265219539,0.0207680941949698,0.00449618534117903,0.009279361236050339,0.00382570156223128,0.004075981103685664,0.018884012120004158,0.24568053271146278,0.017445199123774638,0.012114721613732388
428,0.005783291149780776,0.0421354069484028,0.003979560525246691,0.006318033785448363,0.06554396636418214,0.029410643449773632,0.1466391026706024,0.013098640351646297,0.0900230854007792,0.012038687699543657,0.018726847532623467,0.09574459152495932,0.0024369558886729397,0.08895252577996146,0.22829920868422984,0.04226245473190524,0.018247047180541345,0.018973253421210617,0.013798729760880452,0.0575879671496093
429,0.04276593692848694,0.3941547848446521,0.1721818117277982,0.0048847292135659375,0.007327093820348906,0.0007856824297759593,0.039415478484465215,0.013379910454550177,0.010257931348488469,0.002461903523637232,0.008098366854069845,0.02032193462622841,0.0033817356093918034,0.008548276123740392,0.003077379404546541,0.19388154281547756,0.003945358210957104,0.0029241374043623347,0.00789071642191421,0.060315289753542695
430,0.05116449013472937,0.024157524416955126,0.03272954921006824,0.03757837131526354,0.010065635173731302,0.03849491695709923,0.05628937728222555,0.047496149701132105,0.06966355878377758,0.02959979521274649,0.06310536990551543,0.08078909805014502,0.07010391200825491,0.04150515377117728,0.08596892026804173,0.052656194468681375,0.05876703228111438,0.06914814328522936,0.03623628662543269,0.04448052114867927
431,0.026769639805428798,0.015667269366346492,0.011394377720979272,0.012228112676172872,0.013926461658974662,0.0022344503787985258,0.02028856911569341,0.010898969993980172,0.352563120509202,0.004010820957784702,0.04913237352914726,0.0688362166425312,0.005013526197230877,0.06545934563742589,0.2879285014605658,0.013070050913942522,0.008662535128048873,0.008030891941628641,0.006596744996356419,0.01728802136976165
432,0.07654090488975204,0.141141585283191,0.08747531987400232,0.020410907970600543,0.34885540714759017,0.01800962467994166,0.03827045244487602,0.024493089564720655,0.02186882996850058,0.002090474809841434,0.022678786634000605,0.034018179951000906,0.026622923439913754,0.034018179951000906,0.008388044371479676,0.004756709837803138,0.026622923439913754,0.022870431774038837,0.021114732383379874,0.01975249158445214
433,0.013627946753820407,0.02463391307237583,0.04026438813628756,0.029527217966610876,0.04662192310517507,0.017483021360961318,0.04921202994435146,0.031636304964225946,0.018847160404219708,0.010455885027043697,0.02857472706446215,0.04026438813628756,0.013421462712095855,0.03690902245826361,0.004603221881213341,0.014521582606529937,0.017368951745065222,0.013221142373109349,0.4995936803435497,0.04921202994435146
