site,A,C,D,E,F,G,H,I,K,L,M,N,P,Q,R,S,T,V,W,Y
338,0.1430586319025871,0.00802955554271198,0.07151599893531857,0.08410194949248942,0.0075489507488716995,0.13874217948822926,0.01463152808612982,0.0026886644590003984,0.0035180958985152147,0.004977319859738406,0.024903463595742387,0.15059028434025923,0.0010740563704353708,0.07257681584739982,0.004360811697890192,0.12242437614882672,0.12391596739240861,0.0031232608167427963,0.0007395048839448227,0.017478584492758183
339,0.02285357112480739,0.05479274673095425,0.01369457745995019,0.007972186511238256,0.00855002687422015,0.002323295141163416,0.021605155735100693,0.04521311907405126,0.012723507508831116,0.004414598925593238,0.012744240131536643,0.015983567846284682,0.008489209372590168,0.01106024754120385,0.0029191801450191,0.0050829152818413995,0.009646938860820528,0.721579010396643,0.005505416460850889,0.012846488877299745
340,0.007321628724379201,0.009118584156215736,0.003877236035111069,0.002248357093608145,0.0029068715326298978,0.0007843181492495297,0.0045116152585322365,0.4255032826623175,0.004532360637720873,0.06219039566028124,0.022038815890460365,0.0046058279143358595,0.005776137179508258,0.00342633823052254,0.0009414072113717279,0.0022751807468297837,0.14796339281676493,0.2850841148467646,0.001361927610491593,0.0035322076429048473
341,0.02410249012277069,0.1647991441089244,0.001911680283736925,0.054965515734182506,0.001700288612642653,0.05291810945640057,0.007763509172002967,0.0069328321649478825,0.00256127217654363,0.05217662827057521,0.085013173517223,0.010806693182022434,0.0006980251035126428,0.08361114598143096,0.0018364428804718124,0.1263529641653292,0.31291985488147506,0.005642579234852829,0.0007722717409302119,0.0025153792100243797
342,0.003650051383112583,0.007662943931466053,0.007815005658191305,0.004958596690199752,0.10467171332963754,0.001225909043546556,0.012998426500697229,0.3769042949968511,0.02971580536163691,0.01806468044149224,0.20467636072833176,0.01299460658645482,0.004641965667332803,0.011426468503366894,0.0035924489386984426,0.002469283010588546,0.01942295550687138,0.0465255270673495,0.021658484550998697,0.104924472103176
343,0.24434760849795656,0.5361133663052796,0.013296030455318521,0.004971287468705757,0.015170245902597674,0.0007898167839926689,0.007628071141021498,0.007027416733276849,0.00694878402499156,0.0017491801949377319,0.007355514054005303,0.007139448502947686,0.005806057614275597,0.010381669295988771,0.0012385240303171138,0.06839741286081115,0.013797658790179421,0.034872619634703936,0.0030282387281663015,0.009941048980526312
344,0.0077679157411816545,0.009920280184005552,0.011676327664644067,0.01098704922642965,0.01484293827802085,0.002056815026605326,0.014974981769355836,0.04255870296924839,0.05866667180452089,0.018029594202731897,0.6585033565461985,0.016134382107061283,0.008942407021904174,0.012357042254894866,0.008756455511123943,0.006176472301081206,0.04667888528625862,0.02309415226833356,0.006753293011152185,0.021122276825247616
345,0.0266413516954336,0.010417007126443804,0.010345542206867304,0.010203384554957548,0.01990154784622482,0.0029002939521943086,0.01574354112302919,0.031798283118899075,0.010566722522181079,0.004573635470336791,0.008738250642477956,0.019708862405976357,0.012621176137089421,0.012360025119478214,0.0031548631238476153,0.012750544212308158,0.7581863148260954,0.005087150603078998,0.010968684119846429,0.013332819193233892
346,0.010269726569450062,0.006930567345627306,0.7653142390188505,0.010989854701084933,0.01224161512799584,0.032433829110396675,0.010992576825719944,0.013931870648616732,0.012508405650734715,0.0043572454853979085,0.010590186680795387,0.04171830936756373,0.0076032838089850965,0.011862673431560158,0.0025517724560899214,0.003887784504920041,0.0060196783023293825,0.01106601248766994,0.004837216957249792,0.01989315151896187
347,0.09070064378715655,0.045230517987184984,0.006070548546172472,0.006233670176532213,0.008028198342239012,0.0013679430107995023,0.013582399387356578,0.0925524161428498,0.008864598348862024,0.002634234190984063,0.00718850737211129,0.00965362427924347,0.006374862313530774,0.014802643181547578,0.002133495108949461,0.01637017269263436,0.6525337124668092,0.0021826174630738865,0.004181236890981794,0.009313958310980945
348,0.08550040403532483,0.016834668779212154,0.011184290782878753,0.008994709920030663,0.019344165799625543,0.0040644923791970005,0.019923822305779562,0.020695388134405353,0.013529575420465161,0.007260350826398587,0.014383640663552544,0.01816025577236606,0.04495298400716797,0.03050949261739117,0.004821538862646728,0.017291266613240597,0.6295948195236911,0.006932111291412136,0.012981172569366135,0.01304084969584788
349,0.00927418008314704,0.012465097377350987,0.012420656993994302,0.008448783217000235,0.009789350701010148,0.003519431712821848,0.01198081078621626,0.014917919603817106,0.012766574943912928,0.013165892622578477,0.011035089900933348,0.011540316405618948,0.7616564058980064,0.03579476883982669,0.0036909301446554146,0.017517277935649025,0.02617058454364286,0.005760704193336054,0.005545800738713823,0.012539423357768004
350,0.0033838521017424163,0.022869420892227106,0.010019170071273025,0.007019760741304394,0.16988681287158258,0.001547721686559438,0.03392824203944923,0.006689758890088549,0.01008690706799702,0.037482224682157596,0.0136062960495254,0.008275959304964314,0.005278257900454063,0.011094682770670715,0.0042886518200542356,0.004185663665590929,0.003940422456493127,0.004613707061025917,0.20364514745402149,0.4381573404728185
351,0.007519402523635401,0.026154938946876042,0.03799555564112442,0.009547990706961593,0.011515798356496071,0.7259600526044102,0.019617098338051295,0.013407804373777964,0.013334339517379305,0.004421088387543349,0.008764076176784817,0.01903726208909395,0.009283038375540398,0.027470896864079622,0.009038497441550684,0.018144985968445018,0.008636045487340845,0.011508779958675504,0.006856534216184147,0.011785814026049352
352,0.004212827128088237,0.007812991016035569,0.008340825408929041,0.0061221454093335435,0.008023622492003547,0.0012316044327894402,0.03670616895641787,0.09939442514219231,0.01588405894828876,0.2804448157700678,0.1382550452756121,0.03262645229118109,0.01184257000523709,0.30556415492531325,0.009094016546105305,0.004135226913348744,0.005133293913459429,0.01138447613526898,0.00623617097627944,0.007555108314048347
353,0.00729946865927273,0.014639467880465525,0.021114631526432674,0.02540247661269814,0.016017991536490438,0.003684537251903483,0.047356104618059384,0.01144259477867352,0.014264440360054389,0.014970919206721882,0.012332533949281684,0.01813479260168577,0.031189090450936437,0.6939112990762254,0.02487107386139608,0.006868475526299566,0.008148489098946372,0.005859441899586349,0.009211865807784153,0.013280305297085926
354,0.04584920298329681,0.009150827344671542,0.012325918254786941,0.013602660499330954,0.021411752222615522,0.0181799908893843,0.023025687138506185,0.0809377637126537,0.09296847882563083,0.03141758734034399,0.048136479510825884,0.07358301040455825,0.006548676038711124,0.040185468584854826,0.37989492085151316,0.021767819382911047,0.03824928145701838,0.017034437908307856,0.013946263769680858,0.011783772880397862
355,0.02080297783616104,0.01458980521095132,0.013429920149967552,0.011799514552493787,0.02787532887404219,0.005413297646583617,0.014991655227314835,0.044163176656527275,0.014208140130979019,0.004999934776340682,0.01317186500228036,0.022102621473255254,0.010773531275865285,0.01322388386750054,0.005280624167168649,0.007435018805500121,0.011175834210497839,0.7175076300236791,0.010446915458844533,0.01660832465404694
356,0.005498479123206471,0.01937621563062,0.010793393621805612,0.008620009515137727,0.7436085655266204,0.0034520724784965467,0.016189074818708925,0.029390987951373824,0.013128672336770711,0.028574432643608327,0.014169323537955896,0.016714274353608092,0.009108823037997777,0.017003536644694187,0.004204647587744307,0.018557200008487706,0.009017434238885033,0.007540979751654328,0.008662743751625849,0.016389133440998346
357,0.006493216807829145,0.012503477615892017,0.014439400529361086,0.058428315188377045,0.017698300863728804,0.0044389272636980726,0.01852930914763242,0.08809545219003966,0.3817419107767097,0.0057950923298745365,0.010012188595636382,0.05886463330471381,0.006812758351336734,0.02495396103078988,0.2333718134134374,0.005787987741726538,0.01760324501480716,0.006884672606816405,0.00926993086702032,0.018275406360572875
358,0.02482786144879844,0.013789329862130637,0.08765854822570056,0.4996453060894103,0.01668647369434395,0.05495718435051861,0.025653970369275463,0.024886796942543716,0.06914418500632033,0.008977811530952935,0.022321095828968872,0.023748751264388107,0.010752192606574335,0.04033521826398778,0.007133179489926622,0.008604553803206271,0.012598951545721828,0.02237856634800593,0.009880761570542679,0.016019261758682558
359,0.01910698305416509,0.017503722091749302,0.03233037750058229,0.04440528216792813,0.02546594760528264,0.011068605418628601,0.020648612956756726,0.02961710818569783,0.4989933044394661,0.01776318116150154,0.02612124742551194,0.042470731676866526,0.0231657775347516,0.05068079978688248,0.030191165985766343,0.01511651216857057,0.036480821319380796,0.014908911942016658,0.021269531997338557,0.022691375581156244
360,0.02208240688195005,0.03631837018168826,0.02927806436154242,0.0556428701124569,0.02084991633102234,0.006284976045678893,0.027621847052050327,0.033057515779131214,0.0314127622433333,0.013559249257941252,0.027196224285553728,0.0394776488756726,0.02258951518427626,0.02783951802760634,0.016872921275956517,0.014894124723004084,0.02439866344439134,0.4937595017878915,0.023061504185309882,0.033802399963542715
361,0.01879172438162042,0.03806309125763648,0.513067192574508,0.039062297108012456,0.02797250629972765,0.020941733845110395,0.04137077975265534,0.025786401426163764,0.020977126520070416,0.01578767962625662,0.028990832671521263,0.05714874875646461,0.014473223318188963,0.03384189466494741,0.012817617920963684,0.009264228256001133,0.012897393101153003,0.020457194525151372,0.02157505642521762,0.02671327756862952
362,0.026587987019994232,0.016369476315441778,0.013001275686412937,0.018620078810416045,0.02193255112034159,0.003788207405251809,0.017073449146265424,0.04483746948868209,0.021734241326487817,0.014139798019778356,0.018077121172528646,0.029123357198260827,0.02137851380872021,0.015648188490240786,0.007625660352528402,0.06981334155182917,0.5804660131153642,0.009058412819871678,0.018878115748748616,0.03184674140283544
363,0.008646479829999328,0.017679929775207177,0.01923371580714955,0.010548196968156372,0.02901461709152844,0.042083047303471725,0.018327774818508953,0.023410020424495567,0.022246456731366597,0.010543167701552392,0.030414587486838143,0.019280109831891372,0.010109865337272993,0.014348769644135666,0.612466721786026,0.026617583028795445,0.010200680238729973,0.0096698910722389,0.04266245175384577,0.02249593336878964
364,0.11914202064045655,0.03827100042559801,0.015564606455402532,0.01327511841408907,0.015390418272495644,0.006119310819760858,0.014707543583662528,0.08770793784518846,0.011047211683004174,0.019640353178396724,0.11702868887806545,0.028448083690281244,0.004293557213445786,0.009814091134417136,0.0025579471113674214,0.005834640144241413,0.055314085011958045,0.413792775690236,0.0076358450199722075,0.01441476478796074
365,0.05566841260157374,0.0567925346925402,0.020933922923098532,0.014555881524465564,0.021967781450867672,0.020080678920246762,0.014872853443176143,0.014663742158737227,0.025028128119368026,0.03269904659965472,0.021729324596359904,0.13896133801816268,0.3369694806004598,0.031030245107114728,0.019271286460351603,0.06905908906678296,0.06200103278045435,0.00972526806070021,0.009051862700539084,0.024938090175346126
366,0.026748128395349194,0.023880012210864308,0.41513829940261676,0.03731196974888882,0.023861456154303688,0.02824123480050071,0.07569765532470307,0.015332206697351546,0.024858338363739393,0.01814078386522605,0.028425819983455346,0.09690478177902924,0.027244925353222992,0.022787677096807565,0.007864072067335224,0.035152613839935364,0.017312998929173123,0.013313659060477323,0.0143961372311835,0.0473872296958368
367,0.010800144072961678,0.01909648973664051,0.019044709678959913,0.02014838755850194,0.02833442530207886,0.0071416818502892014,0.025011804291843468,0.0290834601214174,0.024027310629199963,0.026106500579384725,0.02448150938846745,0.024154792753426142,0.6087970947386145,0.014005881146522356,0.00946880771986638,0.033742642626473134,0.022160749869631964,0.013031709220119916,0.026136449182502734,0.015225449533097742
368,0.010836920879849068,0.06083544306138581,0.005036456413302968,0.004204644524871626,0.005553129002484532,0.19722817483534127,0.22174809077928112,0.006399350566548722,0.05721052820411814,0.004155835933688935,0.03207915963303165,0.07937194815998555,0.0030751151867131604,0.14266568523659603,0.05300352791321518,0.09992008293361267,0.00264498418826683,0.0023070486180166894,0.005067274233944292,0.006656599695745748
369,0.03819068764013319,0.021390647458499352,0.0607016629039068,0.05408537700581755,0.026254926286927122,0.034991452535836444,0.038324602043699925,0.051688664476942765,0.09793136940952549,0.03486596533970442,0.022475999586674768,0.10670872403106689,0.1096700232961366,0.024413693353320033,0.06799831355732619,0.041974927131595556,0.0409364073497364,0.06324970158685099,0.034861364345391846,0.029285490660907677
370,0.012220976022347495,0.030138366230520432,0.04234929162550971,0.02954963973826613,0.01610495783612455,0.6072120161833731,0.02675231187596124,0.019614288986664737,0.029275077379618892,0.00884434122801259,0.019946038939791903,0.024652212757778777,0.011594597128058767,0.020395037086890666,0.006796641304259971,0.020499114552263883,0.01726633874724078,0.015313627470999196,0.017430659595148564,0.02404446531116861
371,0.022262756670674448,0.02615529652261415,0.02568537774334558,0.020291467204675204,0.04021785941399009,0.008723902385250384,0.013226624822191453,0.03448396516256117,0.018742058405115874,0.008254580746393998,0.01952511614289661,0.05037060015394565,0.013770226734255885,0.023700721845605482,0.007461489460333565,0.030356396777781527,0.5800679641085882,0.014032472722635206,0.014012943773054565,0.028658179204090833
372,0.013353439374885366,0.027041044155507097,0.004682715328529846,0.005667228865019481,0.007306415691610219,0.0037079956181269545,0.020715491254346914,0.1023171755311827,0.14176953400770786,0.023696477314614522,0.0073928227955987426,0.007740734308755358,0.008200180946303905,0.2676031927090863,0.23438512605613,0.012362125571237647,0.023989291551302222,0.077152192802323,0.004779056180254918,0.006137759937476943
373,0.059541633776342584,0.015016805006787063,0.03837420594979456,0.08234141516406632,0.0852378575551542,0.0027602922477811304,0.06240072699681146,0.03870993661281478,0.04346543114594126,0.06160893961622127,0.04094884839620365,0.032185570452132696,0.018474734233857447,0.05522901522097166,0.060612799993291,0.03989247911562223,0.139165553624527,0.060669307491160306,0.02289922769836886,0.04046521970215056
374,0.2233795655327015,0.2527534595746142,0.019768033413856304,0.03235500939608583,0.010832351216557488,0.00345176847312174,0.019684716424491495,0.01860252968489355,0.01803463280805016,0.01566669373123131,0.011864719357069592,0.015508832020344266,0.01239934244451361,0.015599425186444613,0.005415948361443164,0.0444688536714513,0.08094973381955275,0.17687843457378621,0.010985106498582115,0.011400843811208771
375,0.024754848257804295,0.019196103831296645,0.02997640773899543,0.022302945830119655,0.023527061346472544,0.007514918995383371,0.020556048630177792,0.03347600739194536,0.020005429930866764,0.024582988678639516,0.46863428942616475,0.02207819180016616,0.013724844635336539,0.0970550609930581,0.010792276128844404,0.01089513403043737,0.090989026975985,0.02561810384368724,0.018373047393464615,0.015947264141154428
376,0.05113492737658993,0.023881813763766545,0.004415701425826374,0.1834215848459147,0.07515622663180087,0.03573085556488137,0.04493474585954136,0.010870630412408223,0.04974259067804276,0.0442908896334152,0.07194058944157197,0.05194490077402677,0.0015432529080189165,0.1244915956374745,0.048320669861202,0.0490409704515038,0.04281495009067522,0.022898640151313345,0.028588640288811223,0.03483582420321493
377,0.05531830709028112,0.019729925480413555,0.005654855655464531,0.010983543606809294,0.07914975148932911,0.0016567498743676173,0.031198074973933534,0.1371927000792655,0.05254760708541279,0.0723248970009917,0.1767871755066347,0.029284787242646246,0.0031610565021101206,0.16092035511886577,0.044643307737316125,0.01314932063499446,0.037516401436867616,0.030692822625199734,0.007050465184078018,0.03103789567501846
378,0.15891923444925227,0.17367986152912318,0.015806145191446075,0.004990779394259911,0.026009027615813265,0.008578692269994914,0.01197904768175654,0.025598632567470476,0.011913036596602927,0.0031292364381364326,0.008734526541136114,0.012997031375745774,0.004299452354926386,0.010209584508956392,0.0031038522202330348,0.012820786609379638,0.26495534285362504,0.22396537685651305,0.008953046349932586,0.009357306595695994
379,0.2753691077457623,0.01566532733742881,0.019251638079011316,0.014699380257233018,0.041952165713902534,0.01328153867468834,0.01567820166249527,0.011653054896145121,0.01897073657015937,0.012626988654795711,0.013504990266291015,0.02175650874133469,0.015532456321080934,0.013428624289787323,0.006564482012697772,0.35409619331480235,0.018545180093677362,0.012309776408899754,0.013739828022749527,0.09137382093705754
380,0.05437313317390954,0.04318310174979702,0.022339771992480946,0.16699137550265633,0.010177180556400009,0.050109314284118266,0.03879798581418443,0.02658240515645641,0.038336394996315325,0.04900491385081957,0.06658512918896876,0.11114722488379844,0.003324526875979764,0.09289899850286065,0.061973331112810476,0.053865792617949874,0.058403733844482074,0.03191360885607651,0.014253947576918844,0.005738129463016753
381,0.015508895597653552,0.0537246243511855,0.02454991956576432,0.015036041251040634,0.03799156688708736,0.029369052343734534,0.03147055348646022,0.030838283027092166,0.022699445484865324,0.02238552375833339,0.02106928688074265,0.0296743647453108,0.01485150051496784,0.01802203268669228,0.020193075876922414,0.01089300455187658,0.025751362530565893,0.00882225102259764,0.5359771439354521,0.031172071501654817
382,0.00409936505161944,0.017889313487021583,0.009060139634140292,0.008707376066347085,0.3063915028472932,0.003981235230101383,0.008647521604641849,0.015936155799246784,0.00912083903254678,0.1790636220466102,0.11658789213865839,0.021092608705855963,0.016353855044782668,0.011403884839604975,0.007613330601928578,0.0038382824373792202,0.009628425490736293,0.02340265386850734,0.009410760819337317,0.21777123525364067
383,0.008879228403365249,0.014078023383328008,0.01896518189520935,0.01241501514857053,0.01500263188650282,0.014386381448137059,0.01597664671102053,0.011787299095957033,0.018586872544313342,0.014033948852486523,0.012936015848755119,0.012900284133401977,0.0108474362059099,0.025377069888299904,0.029968102173676663,0.006228827987691085,0.00811345559121529,0.007531853515972237,0.7275547824966073,0.01443094278958007
384,0.05666955901358312,0.07309928459059709,0.06216585503442157,0.03450133978930436,0.022683108117041086,0.10235586438122866,0.05555498890112036,0.024810726838834857,0.05095017595818723,0.048829587675285835,0.03949406129911265,0.08018792367964227,0.0010019671393576802,0.09692608126158715,0.04269496145718106,0.04942945586988495,0.08590680569025128,0.05197332613900834,0.016172200636982728,0.004592726527387749
385,0.06260234489536268,0.07865515065132356,0.022130355625091306,0.1716769488183667,0.01310959448278403,0.015043544714649986,0.03443266277880299,0.05387766875215167,0.024848235147500897,0.04797106716568707,0.02059778418879539,0.08280179741164367,0.004553490193899429,0.13936180782069751,0.03252013251706715,0.016785281975743173,0.04590525341618517,0.08381626910146964,0.015883727335968635,0.03342688300680942
386,0.012139118268670812,0.02552114425447633,0.01985423933140534,0.01448061683344582,0.0646280247364662,0.008178872141095831,0.01254400981310678,0.1202049126305797,0.024068364334969027,0.4614214344098108,0.021000406305977735,0.026364052110060442,0.025154804782007035,0.031007236272967458,0.016080450639743116,0.009030609944231889,0.011721979065933752,0.05443362218473271,0.016330344219560384,0.025835757720758898
387,0.05406509671106066,0.022709210762499304,0.020747663125802455,0.018906561223672468,0.01736778658479601,0.5418095201384472,0.02562135058637341,0.025107289684958744,0.024943219890470287,0.01165091750148471,0.022947697260706452,0.02549154872195434,0.011413674529847847,0.02651229893189311,0.018814090426634334,0.04997088861923331,0.012619308825386113,0.023945504413164873,0.023245893464370337,0.02211047859724411
388,0.05336105267370408,0.03541032634168722,0.0057430987493005846,0.05771232267057036,0.017540403539797966,0.01155572414945914,0.07956004941854869,0.028163756686753243,0.16046895909957584,0.08221645721385992,0.025378909492344892,0.01048284884372035,0.0029015254336026866,0.06557047236207839,0.14595260304304344,0.06713271087915826,0.08293999321944129,0.0476420603241872,0.006647935197132729,0.013618790662033718
389,0.030097680842049494,0.03994166757080056,0.021105618452669124,0.004798377408327594,0.014673095575782629,0.040607730677385705,0.06674461212199502,0.005060495477014108,0.12755380803629898,0.01059149766858129,0.031433975421965604,0.12468647737765905,0.002018759544306835,0.05984575492593648,0.10306030870331312,0.07040545082909365,0.08143589615888047,0.03462386174469395,0.03873341444230044,0.09258151702094583
390,0.007564933762563345,0.011626844274844918,0.015239554702516755,0.04080188884537812,0.011441929629595525,0.005096592714655381,0.022638350471601648,0.013140832751836461,0.5281957128328267,0.0043802213447259025,0.031807981541906075,0.03943298064561684,0.005316763829138543,0.032342874104997726,0.15802802594481405,0.004320265217587897,0.02732817797814553,0.02032999819603579,0.008565297712449738,0.01240077349876312
391,0.05824468226169522,0.0593837915710876,0.018396754100951984,0.07315576611905478,0.013271639314046934,0.0017005967762634387,0.11542758758835862,0.03880935806662913,0.04213892580393205,0.014209475465004761,0.017500366714726445,0.03173371770055944,0.023152254547538574,0.09588940470025041,0.14194786293543946,0.10016217010348678,0.047960160854862044,0.06150802602293634,0.007945005426040045,0.03746245392713596
392,0.041849808454929464,0.02285395110492422,0.014234186210588593,0.012572207293114255,0.03601208016751148,0.006508569342718938,0.015570769207123566,0.015256371094706692,0.02306231925326622,0.04800994403461966,0.01987928014792494,0.024435826275414296,0.5541700844918538,0.033811689893736105,0.01230876680768385,0.029405694339127278,0.037819766089446524,0.0076805645303622315,0.01904465608900073,0.025513465171947216
393,0.01358174162834145,0.044223867000950684,0.015948664921126853,0.022322044685902678,0.02925320447746726,0.012935547592655763,0.02278171969017931,0.023689126111047575,0.03036402850751003,0.01528139724420747,0.021597356384898788,0.02406882544184453,0.017555136879092173,0.01995539864076748,0.596738271688017,0.02162973617389057,0.012939966460886618,0.01334556726285264,0.014928489659597833,0.02685990954876337
394,0.004425814017974763,0.06370980915758169,0.0016476711883939333,0.005742668627669583,0.01011811858551841,0.0028211396045372318,0.011012706330922358,0.16609442366654484,0.1243009919681757,0.079368636581303,0.09738979583482343,0.0139013302823014,0.017613725113659277,0.09916320509584828,0.09145441873574232,0.0028405930340476278,0.05099576220165076,0.14277042597813708,0.005564104746841946,0.009064659248326333
395,0.010867254219382581,0.3695173859552982,0.018874157751044594,0.02855791207620594,0.05630640702110652,0.021484976884272852,0.031488190066799635,0.016467709993343085,0.02073882817224341,0.16747690937315338,0.11876185446486058,0.015747540991003294,0.008951104525058214,0.021496979584147705,0.0156616790452399,0.021943158883445262,0.009435019343444507,0.011498115166889707,0.009611308081145528,0.025113508401915157
396,0.019462453323978612,0.024988816036861466,0.02310524653465265,0.03473294414810109,0.029576546150884387,0.0833180308613221,0.019839067804957915,0.013492653607707388,0.10571631275578307,0.010608684333494099,0.018201504988460567,0.036708972732711155,0.01802105671189861,0.023488807242900873,0.029280840652068305,0.14610406200396,0.30707869108947905,0.02105204021161521,0.014299279172055649,0.020923989637107877
397,0.04807968340089918,0.018663186229906648,0.029699878080257314,0.029625344199456588,0.014736183646116646,0.005952912662268564,0.04105687483052351,0.05118986780170754,0.2487694666573008,0.0066146407100508555,0.04709202013525248,0.022469653279648203,0.10638633717214369,0.030695615767129574,0.22383865479351875,0.01796722489501613,0.0182810247711381,0.011860133990170354,0.01142583131738619,0.015595465660108877
398,0.08584575430383456,0.006811082498283112,0.04650032284039978,0.07979605126023388,0.04370804110113002,0.04148143301184925,0.038883175967983956,0.040214467047817594,0.02336071976493237,0.061143954023648736,0.08878480596831408,0.06267704559745182,0.010959585086997146,0.13272154061751154,0.029596934277707102,0.03976888446483368,0.06568370266942676,0.016192616882599504,0.02690291001186855,0.058966972603176564
399,0.01909590724067064,0.02903476816658279,0.06344563187447144,0.4729893048751446,0.02521256175773504,0.01537419295678971,0.0324505371458768,0.03743522427876465,0.052500363926494945,0.008858842361635436,0.02128707463400676,0.025912238919382463,0.02527232729485545,0.07125018562456331,0.021344809232416245,0.011356072878995009,0.015291008062636936,0.018710157539705837,0.011257948450854689,0.021920842778417233
400,0.014977737000918017,0.032692020625300515,0.020223103990121047,0.03169073139353247,0.38552961929690016,0.008311333425610317,0.0224747994456089,0.036450392021216166,0.013825547667397287,0.026044806390374656,0.01915930685088466,0.017893997403824267,0.010644669039508548,0.016138386208529358,0.0063130510080432484,0.021519654407082103,0.011856548382666676,0.011578174358839302,0.26792274937989413,0.02475337170374814
401,0.0055725654679043115,0.0643867231729191,0.007376756785809826,0.017150707431776636,0.009644539167251262,0.003919434679576381,0.021478766222965264,0.14147070259379319,0.09086782734606899,0.1034671123782115,0.20968230514230196,0.011549901189431371,0.004843857088120881,0.01449070520166387,0.06330058411114833,0.015547738409842254,0.042208753435020514,0.14597232843761676,0.009018606803216771,0.018050084935360807
402,0.0976253588201675,0.04878567371935281,0.008517537882929324,0.01702199447617442,0.023829694026533368,0.05556694522006087,0.05730649886018476,0.04830149236613634,0.07330418893323554,0.049973490782534685,0.0456625606833091,0.05189561252438041,0.0034481274746304756,0.13198953835246172,0.08463577474083271,0.06370296365144668,0.022492407110059596,0.06526737736180582,0.017493342698382434,0.03317942031538144
403,0.01628157544941744,0.034427431055018484,0.04839653769325063,0.041372573842221934,0.03497861324199821,0.030867833475685932,0.03501279950686659,0.03703143820303303,0.3741793049097349,0.028307201642679202,0.04284896139176187,0.035366511464554745,0.02014524786234435,0.048310601105356885,0.017256532985172893,0.025689246599628898,0.021758774034464422,0.03185292340503417,0.030694009151772936,0.04522188298000251
404,0.023867200457849937,0.07694373059635069,0.02055155531188227,0.012861122889871584,0.02919639326021602,0.010650719261317906,0.040853776219071276,0.05669994183076241,0.03263591633209821,0.15267461166246826,0.09427103761669836,0.028727406703625776,0.012314032198151912,0.017339487718911598,0.011093317983890487,0.0184220893329251,0.01401964229171603,0.2974408267451162,0.0250874302870441,0.024349761300031855
405,0.018183948722010672,0.03040955574501268,0.03348457881975227,0.026262156461873628,0.023227435985288855,0.03804378710998277,0.018437411852596026,0.024574142799796188,0.04033681520517911,0.036387199519503456,0.027020415020862856,0.04237589399167486,0.027783451699855112,0.02738780662215879,0.4822764218425135,0.016750418760369645,0.021274340415772093,0.017327970245733987,0.024553080638330567,0.023903168541732894
406,0.10770064284690166,0.024532721511262776,0.03853855401097474,0.020862259297032216,0.02142997556504672,0.06945759480022638,0.1381683495581565,0.019731532955606878,0.05251406841942,0.010780556053872093,0.04450424774462319,0.037811791292239494,0.026775582161028648,0.04467869448977533,0.09269416823528702,0.10316377708828875,0.05422426333780744,0.06622822212862083,0.008838737119565943,0.017364261384263394
407,0.013439625812160266,0.034604491508481404,0.03524615654296788,0.018112617546032515,0.05716335839595513,0.010527249485839519,0.042451155104344426,0.0190006140323765,0.045941026075331334,0.008422110228344243,0.011621602906327059,0.4628313252257053,0.009497647382520461,0.024652704567447926,0.011108688071870702,0.041151289168329254,0.0526512426035088,0.014913553033851765,0.021137994332949644,0.0655255479756559
408,0.4362719950090338,0.01451993898265752,0.012810782363650634,0.020332200023218217,0.014535225437278228,0.006201519069546266,0.017145850415729837,0.01900647782132109,0.01568038020299328,0.00733905469477707,0.13984649161199839,0.02180659022671411,0.02664376822204897,0.07359038721694867,0.005232217789997471,0.10067221349899948,0.013356785092969076,0.017844374319867337,0.01563318065608587,0.021530567344164718
409,0.46888210247939605,0.025918026561684945,0.015957810205219487,0.04994168657716533,0.021379600853128566,0.028120795473920646,0.0244259347708922,0.029790914297664735,0.02828501002005733,0.014030533487730182,0.0355735991718753,0.02830211222087284,0.02236518492887421,0.030261803048784508,0.008901440537938968,0.05084997025752369,0.01984756844871242,0.042742958186764296,0.03324139152781872,0.02118155694397556
410,0.00685287740814888,0.0347070678677009,0.021106682109113227,0.022055555239464734,0.01878135788315499,0.005038237463307748,0.01611592273910025,0.10501171164968016,0.029745757887835178,0.23211956415868013,0.11008623932548142,0.018801898361219545,0.025813575937411553,0.022925825884554944,0.005905961950867579,0.007661640768891662,0.029490264398206727,0.25283034848797553,0.01430384624036009,0.020645664238844775
411,0.02156284626498085,0.02935353915112003,0.03281875113253796,0.026596947140730777,0.023915278255110445,0.5068585546150094,0.0319885406540862,0.024309970785750302,0.041179164678901106,0.010067805900281862,0.02699631275525378,0.0347820224000171,0.021599151419754135,0.031162622324159794,0.029032205676021737,0.013965161907737257,0.01945641171968378,0.02404282102850975,0.018213917087473636,0.03209797510288011
412,0.44506615209787886,0.017943849231853146,0.023755287512945762,0.03314007938523898,0.029813158090560284,0.028430137450099313,0.020794877542819883,0.03409421737235951,0.0436464518710437,0.009067721453721228,0.030887082317415458,0.037892014342563174,0.02859986573240226,0.027354473026059294,0.018935629192189933,0.04422475878970968,0.0304534369180203,0.021638753565754426,0.035668930792002444,0.038593123315362354
413,0.006813509113459605,0.11618829067060538,0.014696188871171273,0.009659792720758544,0.010244809943828207,0.009356081290709745,0.012635920547269443,0.18776091472243767,0.025747302587881268,0.009739383999320225,0.01854404022880942,0.010206181272920627,0.006046282474356896,0.012454649153090441,0.01203390204442206,0.014123569236973166,0.05051389307834822,0.4587122529394074,0.004632123993508679,0.009890911110721691
414,0.011784186777510888,0.023930032152509866,0.02307798692554844,0.02179531429900855,0.49277974587834017,0.008268638525907859,0.020393269187187917,0.0261165402842553,0.02823523673356777,0.018114008030701467,0.02363339542703805,0.020249336219622407,0.010640685448426942,0.015163605802574087,0.007127891821769375,0.02937255958806625,0.015679616113185777,0.03649164616829301,0.01487756829116658,0.15226873632531937
415,0.06717719298943459,0.008642192234866812,0.02702835337511725,0.2323137348720263,0.00681340561954688,0.020476224557044988,0.0075164584018843185,0.011066518439441739,0.05597523907061613,0.003162314139316766,0.012989086094187996,0.05270551448543142,0.0064000065846583,0.2534704083974778,0.037752275700910214,0.08415554108622524,0.049838238314368656,0.04427449583017676,0.00705771715334964,0.011185082653918186
416,0.02260160249942022,0.009985516848970534,0.02438075199253741,0.6521960135621302,0.01135061111240973,0.03801504490907712,0.010825304024074979,0.01457803044687106,0.04862148149089091,0.004862417953449053,0.01582585650238575,0.015389350104106287,0.0063080342440384445,0.0219320024411468,0.008604349736495338,0.005952385769861164,0.007979687382338438,0.05474331254726334,0.01220486198038131,0.013643384452151998
417,0.011277554404524562,0.009768482050423504,0.050102952556722764,0.6779248836972359,0.012832860821289854,0.0498471728839723,0.012581684302109668,0.01556138346389769,0.04385741372658034,0.004788853840095627,0.015246718745405119,0.017785048626239655,0.005931531416013819,0.017770017840622473,0.0050256246280696235,0.006115640390407095,0.009992633991568554,0.009807170448127773,0.010822283610662696,0.01296008855603099
418,0.011225325804189796,0.012924335951177401,0.01779051066753023,0.029408499743437313,0.015636833728710157,0.008671971789957203,0.015145097038425735,0.05259092755667149,0.485394045902269,0.007411780238533146,0.045148984252846275,0.06756900663714019,0.006530102082008257,0.03406038266166934,0.10788754485839691,0.006567399532108352,0.031246654475675928,0.009755259659649611,0.013254775863232584,0.021780561556371116
419,0.0482658669692886,0.11868755883171611,0.004147003542277495,0.029876838133874126,0.006309205704472348,0.02292170453954733,0.0611718370264035,0.09962228599109098,0.05280069916540808,0.06938478721360737,0.06916420701457376,0.03252929490337381,0.0012640411005937987,0.15391796147993086,0.02868269268581229,0.034063118324666235,0.050904713391072755,0.044889393029167696,0.0049209065121667535,0.06647588444095609
420,0.011382689455897156,0.03981779961219682,0.0304760142147065,0.022663971044168427,0.14426580812461792,0.011173565426663708,0.015223114785554293,0.019919322081109175,0.0213846859028812,0.012936257767681309,0.02103132239215398,0.019430077159824855,0.010633639715479351,0.02083781473086105,0.024050826336288793,0.007113938034871076,0.012346093888466825,0.01010362852279278,0.5316979331245385,0.013511497679246282
421,0.09617026311200279,0.029006514059648502,0.0809205276632784,0.029444961381497124,0.007240206629805061,0.02382269068776072,0.0901373634450925,0.05192215030694362,0.09919778592751571,0.033179228912225384,0.03830594194277257,0.12216010521976113,0.004801822653616159,0.03150947089719179,0.04455108110731866,0.09722901311733663,0.07430693326825799,0.03807988701845389,0.0026209406636026294,0.0053931119859187615
422,0.038791640088757524,0.021944781295281268,0.017773294752891106,0.01523326180757538,0.010914233900855748,0.0077783397627750805,0.015226484657090035,0.01462526233639569,0.03602629041824205,0.005225411090176744,0.023553200656167558,0.06957933274405866,0.011314575971612228,0.01796090524836093,0.010656099226201553,0.17092966220279304,0.4805022301486487,0.009555136176376171,0.01117724326033577,0.011232614255404711
423,0.4179562925477382,0.10878139762507824,0.02749277577296525,0.01588083315701163,0.021895100957957055,0.02120108919433131,0.02732589223338642,0.024539912373633305,0.02571608796566483,0.008538150631902684,0.019345445650645554,0.03177536227690232,0.025829473228660072,0.026604370429488745,0.006332555190109967,0.10044091308009331,0.0173479661531365,0.0352711979604575,0.020872251368889597,0.016852932201947526
424,0.06426077243264788,0.02844739873072728,0.01944480024001618,0.041271663922299286,0.04749554067822606,0.06065904955431024,0.14142914441819485,0.03454470178314782,0.04418753136637743,0.01429630797972527,0.009502717213733138,0.0030799431250972203,0.0012445493781252596,0.06833560783186415,0.13635595685517088,0.07686969214996202,0.10609540929141595,0.04324860283372868,0.017713551419564957,0.04151705879566547
425,0.0292054956232087,0.029932069591048004,0.11955403738822779,0.3711485135327839,0.02086011206446127,0.04175134585133345,0.04450510536065749,0.01935279544489099,0.042557316452136035,0.007758220992732261,0.011347129453367803,0.04323724385095604,0.009981170614223761,0.0966565809985024,0.0060771034013129555,0.0462165850523142,0.012009883851356979,0.012736015832426279,0.01761832134997172,0.01749495329408805
426,0.6354641588910769,0.029584966564377497,0.03559833730779462,0.015832753509584553,0.01595446459050389,0.007791495669495923,0.01965479271579913,0.017002060367914407,0.019773958151944503,0.007624613074274195,0.014445787446070215,0.020582857986702282,0.015633379896819004,0.019272451434117027,0.00783170353022282,0.014001377695018528,0.036682462031818866,0.03585580962910943,0.01684226376373762,0.014570305743618702
427,0.040015345796820215,0.09245780021175637,0.009028233776153353,0.03202619701941576,0.009816588833863866,0.0056923133299274205,0.006928096554489912,0.29789741688802307,0.011960704559186752,0.06756857245808692,0.019029941561870906,0.00803713888776178,0.0037282147511262524,0.006640699962171534,0.0029691180484139826,0.002898595097898803,0.05522114045566493,0.30681856625233644,0.011199452675009833,0.010065862880021896
428,0.0669686497283481,0.025278403701470626,0.005689529982314141,0.006224650244859187,0.08058514799423024,0.03812433282424418,0.1480085093152504,0.018998195253179813,0.03991143709859728,0.01563615457548902,0.023245418544404397,0.13471504508436424,0.002441175341074988,0.035215525177634426,0.18799223963220232,0.02659329906914147,0.050118762264675855,0.03329665865926775,0.04476375835468359,0.016193107154567947
429,0.05130459755627603,0.0536510695652376,0.29048090154186673,0.013024024111152539,0.007024936862285281,0.010190377222964979,0.03884420578418258,0.007603606275132396,0.009167424080590672,0.00257082115326643,0.009732396927826356,0.02539778650998024,0.003144389915467994,0.006265940726648546,0.0033500825742471753,0.3465939091748559,0.009621931021269799,0.011971284615643455,0.005858585924675731,0.09420172845642964
430,0.06241737398487679,0.0677277151605628,0.04933225411937098,0.05381326735021581,0.019775779524887436,0.04264459971064871,0.061930873280159005,0.021978576246449645,0.07665657874284497,0.04575416404414006,0.01102327888464087,0.04070522064975355,0.07427603654150142,0.07617839737994095,0.04570981155163883,0.06505409270867295,0.05821700228761781,0.061473122981216946,0.017281273823794567,0.04805058102706593
431,0.035852731374123245,0.022316071261046084,0.009980557313626718,0.011142170444384732,0.007802899414918289,0.06256418142105659,0.03759075708896301,0.02552062569461915,0.23759714678384802,0.015872181204353353,0.021790931763145404,0.06461589497666527,0.0027246930249593053,0.040771368461935346,0.32826067781736257,0.02781638696914393,0.014382045990680185,0.014348446879907198,0.00947805181905355,0.009572180296208075
432,0.027649194431403318,0.039980604012497284,0.025391064144005965,0.0202437634377953,0.5763033238983628,0.01526521479647588,0.0156959088160636,0.022783546784339838,0.019652496730432047,0.05067112118412052,0.015035457254628085,0.023304583468678558,0.016166342809755367,0.015119419134809582,0.006560582839221118,0.021377112035029566,0.010562226284033695,0.04155903549282191,0.017266767436396817,0.019412235009128694
433,0.010070456863662734,0.031187678723560135,0.024577536132724866,0.015565298464817757,0.024395252251263922,0.03141935244711972,0.019031070123412316,0.024043806642257092,0.012342704842238268,0.006066902788363118,0.016842553987964703,0.02387113056536057,0.009078203990743288,0.01525103273818065,0.018710121837677365,0.008882663229933885,0.010201633375057183,0.011999677193871612,0.6724151087442558,0.014047815057534925
