site,A,C,D,E,F,G,H,I,K,L,M,N,P,Q,R,S,T,V,W,Y
338,0.09088129752024407,0.01507000717129008,0.0442125434005648,0.10673672427364386,0.0027463187576068616,0.1419721909369859,0.013638015539629029,0.0027463187576068616,0.0019453091199715265,0.009784337754119176,0.016771857408309738,0.2023385578243143,0.0011480512839176222,0.10974056504221491,0.00036383690400887007,0.13988489681988212,0.0823379255943958,0.0013759661182727956,0.0008488621614421209,0.015456417611579565
339,0.04957915241144237,0.06152067768703576,0.01787523027366424,0.008653854643884053,0.009863719856218239,0.008141507927405109,0.03507088460942485,0.008685641849494006,0.0166586701894768,0.004326927321942026,0.014177591650618554,0.025628723368425848,0.009657200109841625,0.014485800164762436,0.0030707226155717604,0.005552890063158934,0.011488738061708139,0.6744146971765238,0.0060031243926042515,0.01514424562679709
340,0.002116229145664304,0.015444709967007763,0.009073582174046867,0.005707575883674642,0.007529142655060165,0.0020454896230510276,0.012638203742422421,0.1758580542343281,0.010213800615959123,0.00574686882493312,0.026288868028949388,0.012638203742422421,0.004914857010942054,0.009073582174046867,0.0023698253450494073,0.003574441462503311,0.35737982079683717,0.3238708877930113,0.0036861427582065395,0.009829714021884107
341,0.025993703756232223,0.08539494514242545,0.002653762261489955,0.055175549453050296,0.002332094108582082,0.0771796222157379,0.0036647193134861284,0.0027485394851145964,0.003498141162873123,0.05396797998169562,0.04754945809066872,0.025359710981689976,0.0010839310645522353,0.14348257529114067,0.0003529965301412421,0.17815196964637206,0.28467518700034333,0.0021375575574854306,0.0010994157940458385,0.003498141162873123
342,0.003188199056365696,0.007515040632861997,0.008306097541584314,0.004710920993734387,0.11718897378006608,0.0010846450397945153,0.013723117677400169,0.31907890897340324,0.011272560949292996,0.0025756592680506295,0.29533266341452635,0.013723117677400169,0.0043237220079479985,0.011690063206674218,0.001594099528182848,0.002505013544287333,0.0022060948416768936,0.0010893089628274942,0.00394539633225255,0.17494639657167005
343,0.23178020280826506,0.37237358672472376,0.012678172851414463,0.005464779938429668,0.061872616587186735,0.0007669028669204701,0.06884217569700775,0.007650691913801534,0.007172523669188939,0.0017128414732391491,0.007403895400453098,0.07373153476639749,0.002905326043215772,0.005464779938429668,0.0012542117891477928,0.118057218875319,0.011472501349414245,0.0009263551023393023,0.0035862618345944694,0.004883420370511617
344,0.010263699006349549,0.015965754009877077,0.017523388547426057,0.014967894384259758,0.022451841576389638,0.002503341221060865,0.027633035786325703,0.01336389907459648,0.016992189628617434,0.00467471895409808,0.7276005071377133,0.028738357217778735,0.011778015253188006,0.01842202385755047,0.0030797910088619027,0.007725364843488907,0.0025470701159735864,0.0024124015092297844,0.009094416841069219,0.0422622900261452
345,0.0020673758946721027,0.015206546851934417,0.01307229466218924,0.013305728495442617,0.03386912707930848,0.003433736385920676,0.025693820542923677,0.008639375556241318,0.013547650831723395,0.004745992329584628,0.010798852112243284,0.029812334455198028,0.006963745754624174,0.018173677944994797,0.00326807366554731,0.005719168369097599,0.7545586926086847,0.005687945005685394,0.014610211681270325,0.01682564977271401
346,0.0042097142025979825,0.008359863042093381,0.8166273276354454,0.006443715712026821,0.016719726084186762,0.0010443341890545648,0.015963581781689808,0.01957431346441377,0.01910825838192773,0.005496896246855922,0.013602489017643467,0.009832080402413032,0.009441727671070172,0.018239701182749195,0.002972395748299869,0.00455284748156112,0.007716796654240045,0.0035524243354970613,0.00581555689884757,0.010726249867386291
347,0.0016706636981958542,0.008964641904502513,0.008570591710898006,0.008040452017440398,0.011303244140459691,0.0017970595522850661,0.02166455126921441,0.006281433280658174,0.012379743582408231,0.0037496338735178783,0.011469468318995863,0.013159444166981097,0.02242427481425057,0.02363405593005208,0.002736574897163926,0.022879451201595662,0.7943296930987187,0.0031196953827668746,0.00590851398251302,0.015916813177382017
348,0.0021917434176787634,0.025118767415871233,0.0147036687312417,0.012559383707935617,0.027402291726404984,0.0042755348792972315,0.03349168988782831,0.005155689175101565,0.0655775500871355,0.00782922620754428,0.020095013932696984,0.025118767415871233,0.007510601877259072,0.08612148828298707,0.005173208139739188,0.006605378852407242,0.607854057808057,0.007631017949125438,0.018839075561903423,0.016745844943914154
349,0.004936091023691603,0.017542670587898934,0.01637315921537234,0.011883744591802508,0.014169080090226062,0.003759143697406915,0.017542670587898934,0.023767489183605016,0.017970540602237937,0.0026944117635719846,0.012926178327925534,0.018419804117293888,0.7456751311651942,0.045295658883807974,0.0030828124045680135,0.002974314877608077,0.008540901315051263,0.006297368928989362,0.006759561143961058,0.019389267491888303
350,0.00508549771564824,0.003203846597097501,0.008708044033644247,0.011771985452889445,0.10799955974902763,0.0023988196771925663,0.004254861651548146,0.011557949353746001,0.018162491841600854,0.009221978347678295,0.012224754124154424,0.01589218036140075,0.00804667360070924,0.01926324892291,0.003328205311288116,0.00599694533141716,0.006909643635391631,0.007658882101879879,0.09506486190319431,0.6432495702875816
351,0.0059543449373585045,0.011289796792922442,0.006090358254999788,0.012030341948963515,0.014343869246841112,0.7537955595273201,0.03390369094707899,0.01912515899578815,0.01962845265357205,0.0050740217743927745,0.011654393763058404,0.02762522966058288,0.012030341948963515,0.01962845265357205,0.0033903690947078994,0.0029022320834603712,0.010968841188760852,0.004930901191441121,0.008287568898174865,0.017346074438040412
352,0.006363370950735114,0.015272090281764275,0.016362953873318868,0.010839692818700015,0.013090363098655093,0.002171387243852741,0.010106013585741636,0.20059859580035247,0.015617949061364426,0.1527226198618038,0.01579871408458373,0.020825577656951283,0.009350259356182208,0.4615681688814663,0.0018607899122388607,0.0069418592189837616,0.009545056426102674,0.00664003925294099,0.009545056426102674,0.014779442208158975
353,0.02112094262543386,0.020020814746852973,0.0378170945218334,0.015830411660302354,0.020020814746852973,0.004100648803572296,0.021272115668531287,0.0189085472609167,0.020461908504376288,0.01933765648980146,0.01660262686324393,0.029595987017087003,0.008840359758350666,0.6860206162995958,0.0035849076689277227,0.007915205830151177,0.01047242617527694,0.007090705222843763,0.011537418667677985,0.01944879146837146
354,0.007812985933210384,0.019387779908336875,0.022759567718482424,0.011379783859241212,0.019387779908336875,0.0014840043690482457,0.03326588796468122,0.10872070833727952,0.08499795601771168,0.007812985933210384,0.018695359197324846,0.043622504793757975,0.01006673187548261,0.02492714559643313,0.527069247956509,0.005091935876339534,0.01586272901591199,0.006383781189330436,0.011137660798406293,0.02013346375096522
355,0.001607368626893597,0.01765079640040149,0.016219650746314884,0.013336157280303351,0.014021965796658067,0.004129463691982262,0.0206940371590914,0.1412580896622758,0.0206940371590914,0.005264272610646058,0.01500317694034127,0.03530159280080299,0.01250264745028439,0.01765079640040149,0.005264272610646058,0.006819625881973303,0.013639251763946609,0.6056024038171872,0.011113464400252794,0.022226928800505585
356,0.006267396078198387,0.0447850546823441,0.015146207188979435,0.011184891462630965,0.7358639904470281,0.003747515180778416,0.023452191776484284,0.012322338052051065,0.015468466916404525,0.0017066973275849937,0.02019494291863925,0.024233931502367093,0.01153996738207957,0.02596492660967903,0.004690438355296857,0.003300887211894113,0.01101542341016686,0.005220285949261585,0.011359655391734575,0.012534792156396772
357,0.011168129409309023,0.02104762850215931,0.02880201795032327,0.08242493373279268,0.03648255607040948,0.007015876167386439,0.042095257004318626,0.039088452932581584,0.5500553492574659,0.009600672650107759,0.01824127803520474,0.017170817599040808,0.011643368958641322,0.0257315900948562,0.003483899017081412,0.00912063901760237,0.02435580971739659,0.011168129409309023,0.017101198158004444,0.03420239631600889
358,0.01034654057077253,0.019313920364776572,0.0855396341242919,0.5044023895295897,0.027897884971343944,0.002609738016653481,0.05021619294841909,0.05021619294841909,0.01960806175024905,0.020280643979200926,0.03862784072955315,0.04184682745701592,0.015217028166187604,0.027897884971343944,0.008369365491403182,0.01195623641629026,0.01731592860290314,0.009208187962818415,0.015217028166187604,0.02391247283258052
359,0.02093675299066693,0.0255893647663707,0.07676809429911209,0.0030847446543602773,0.046060856579467256,0.013160244736990644,0.03290061184247661,0.029635834969021176,0.4625414704922027,0.023030428289733628,0.046060856579467256,0.016560655419081298,0.03543142813805174,0.030707237719644835,0.003851500554861903,0.018424342631786904,0.03270306629894147,0.020026459382377064,0.027094621517333682,0.03543142813805174
360,0.004764454729815638,0.06170445301169013,0.038565283132306324,0.011866240963786561,0.023732481927573122,0.0041243872049885125,0.03085222650584506,0.06170445301169013,0.05142037750974175,0.007803526940112959,0.010604348847405902,0.15426113252922533,0.020568151003896706,0.04407460929406437,0.014023739320838663,0.011018652323516094,0.03428025167316118,0.3094531851640514,0.02804747864167733,0.07713056626461265
361,0.01635762487929625,0.13433432230666273,0.40522856148108005,0.011669711321166553,0.050375370864998534,0.0010065752671786611,0.026396912249140873,0.040300296691998826,0.028785926208570595,0.018318316678181283,0.04477810743555425,0.005989556175890331,0.01550011411230724,0.10075074172999705,0.014392963104285294,0.009159158339090642,0.013000095707096397,0.00817996958841404,0.028785926208570595,0.02668974965051983
362,0.0019878486298525147,0.023190941443962453,0.017393206082971843,0.029293820771320995,0.03274015262677052,0.0042165348079931724,0.029293820771320995,0.005117000133415374,0.034786412165943685,0.019877949809110673,0.029293820771320995,0.02499689628137858,0.007780874783957857,0.02529920884795904,0.010307085086205535,0.03259707510005217,0.5602016204028577,0.011131651893101979,0.030921255258616605,0.06957282433188737
363,0.009413033807966922,0.027342622013618197,0.031899725682554565,0.013671311006809102,0.05741950622859822,0.0013811159080537652,0.024965002708086177,0.03827967081906548,0.0446307897210535,0.012759890273021827,0.013554876579161086,0.0302207927518938,0.012216916218850684,0.02126648378836971,0.5782833301000454,0.00889613764758538,0.012216916218850684,0.011483901245719644,0.01632179714622652,0.03377618013446954
364,0.11895719680933792,0.017776609110566187,0.021519053133843277,0.00581872752385392,0.02271455608572346,0.004245258286210574,0.01946961950204868,0.07250868191954217,0.01460221462653651,0.009415917936159127,0.07760250622125646,0.058408858506146036,0.004926048307747257,0.012389757864940069,0.002839319510715433,0.006929864568525802,0.08613152518927433,0.412252987628534,0.009972244135195667,0.021519053133843277
365,0.0299776188405374,0.03604749437556486,0.027192267946217714,0.013596133973108855,0.02175381435697417,0.004944048717494129,0.011449375977354823,0.014502542904649444,0.031076877652820245,0.023067459428218712,0.02417090484108241,0.43771957456043054,0.21824609350130109,0.012408183548615172,0.017442335988176554,0.027417252565237884,0.0060768676632170825,0.008701525742789666,0.007017359469991668,0.027192267946217714
366,0.004554147918166055,0.02313455515054617,0.2323504004877254,0.005080879752807254,0.021031413773223793,0.0008326364414342994,0.028918193938182714,0.012176081658182196,0.025705061278384636,0.005642574426962482,0.03304936450078025,0.09819364709083396,0.09169147555410036,0.025705061278384636,0.005783638787636543,0.008568353759461545,0.014459096969091357,0.005508227416796708,0.009639397979394239,0.34797579183790545
367,0.01178147821355668,0.024699646832120187,0.03051132843967788,0.028816254637473553,0.0518692583474524,0.0062493082346328195,0.01336984068547707,0.047153871224956734,0.03704947024818028,0.0037765848432981387,0.04322438195621033,0.04322438195621033,0.5214070333239307,0.01852473512409014,0.005518006207175788,0.003911425953163623,0.03245905691891608,0.014018718472284433,0.04322438195621033,0.01921083642498237
368,0.012097622695619493,0.09159628612397616,0.005380699460279283,0.0047828439646926965,0.005380699460279283,0.1724369477409702,0.31504733652901673,0.006149370811747753,0.0704521856389893,0.001334039118588194,0.028496622349681474,0.018319257224795233,0.0014542209964700896,0.12960685004410058,0.05744751899965585,0.06370639131058599,0.002869706378815617,0.002017762297604731,0.004966799501796262,0.006456839352335138
369,0.025227804596283435,0.02499352271239678,0.029556231653139014,0.08599099460844847,0.01940056658095135,0.015951028846507457,0.02134062323904648,0.05081100771201545,0.055230628476106276,0.061740167861392345,0.04602879522147281,0.09053597737777298,0.17204843541556858,0.035004686831064766,0.0546218332904166,0.05173484421587026,0.05335155809761621,0.05859886186606807,0.012264725999452001,0.03556770539841081
370,0.008397865834664705,0.015386001871643193,0.004928899039492513,0.06641195159085671,0.02309980924899364,0.5337164479736344,0.04427463439390447,0.02309980924899364,0.053129561272685366,0.010842767606670484,0.029516422929269648,0.03794968662334669,0.012649895541115565,0.03125268310157963,0.007379105732317412,0.005186638676147426,0.022137317196952232,0.007634291634099009,0.022137317196952232,0.04086889328668105
371,0.0023111455900294542,0.060909675075901046,0.04010932184835682,0.03151446716656607,0.147067513443975,0.008651030202586764,0.012976545303880148,0.005248902454938794,0.022060127016596248,0.007740395444419735,0.025953090607760295,0.042975567981786325,0.00747800915816822,0.03676687836099375,0.006585112542267536,0.018777505675791468,0.44327903280684183,0.016340834827108332,0.01423234001070726,0.04902250448132499
372,0.03760427938692024,0.025911113497867334,0.005437938561371497,0.006725871378538432,0.010649296349352516,0.002036017125394479,0.0021272105742597257,0.07707323378476215,0.1385836030552935,0.10452845218967403,0.009830119707094631,0.011112309234106974,0.0062337344484014725,0.10597569645404793,0.2570336283099389,0.005630944442497526,0.06936591040628592,0.11155336468847152,0.005679624719654675,0.006907651686066498
373,0.0324445866796623,0.017767273657910313,0.0214489430652993,0.023689698210547082,0.0428978861305986,0.0029612122763183844,0.018334456099752795,0.08883636828955155,0.024269084877188082,0.05307288874972688,0.03356040579827503,0.21320728389492372,0.0012668606099743788,0.04293623016424207,0.0301005430720445,0.08122182243616143,0.15398303836855604,0.031858559662459866,0.015229091706780268,0.07091376625002739
374,0.07432571921123486,0.48639776460611744,0.021721704835500816,0.010025402231769608,0.010025402231769608,0.0039154630131379,0.018618604144714983,0.0096793233830009,0.016291278626625612,0.05850616348018346,0.009309302072357493,0.014481136557000542,0.010860852417750408,0.016291278626625612,0.0042042009359033825,0.03242651764040783,0.050441249662856624,0.1306050314537273,0.010025402231769608,0.0118482026375459
375,0.01422363087636459,0.024002377103865248,0.054862576237406285,0.032003169471820324,0.034912548514713086,0.01700687177373171,0.02954138720475723,0.09043650678461532,0.032003169471820324,0.0049531541417033986,0.38572417543708143,0.032003169471820324,0.017456274257356543,0.07936540161074798,0.005260794981669095,0.04810024340045332,0.004373431630182506,0.04955621243856045,0.024002377103865248,0.02021252808746547
376,0.044784287078393124,0.020526131577596855,0.0002837312442658822,0.10263065788798426,0.07868350438078792,0.032994275631796216,0.04175268134260305,0.0033063468019054344,0.05234310484294781,0.03848649670799409,0.1488144539375771,0.04970845886311209,0.001417005772245186,0.04926271578623244,0.06491985801286446,0.02939977518613239,0.056197811013970415,0.005662381124854302,0.11196071769598279,0.06686560511075428
377,0.024426806708877178,0.020607563868983447,0.005083214773739018,0.008511819858927946,0.007794262653066495,0.0015588525306132989,0.01631432139627856,0.11729339512190635,0.1955165688379675,0.05111673204363885,0.15260635305890669,0.03454797472153107,0.0025980875510221648,0.13348081142409735,0.06966300922628345,0.007990688030830318,0.06554453475962246,0.046705821179363824,0.018031618385360517,0.020607563868983447
378,0.09556034661689523,0.3491678037965483,0.05713409705032171,0.004280756568586152,0.007497835490701054,0.0021796097468698575,0.009820559186756466,0.015918364782463647,0.011129967078323994,0.0027368771504075397,0.008347475308742995,0.012842269705758455,0.0032735197289188215,0.010434344135928746,0.002455139796689117,0.02305825119411169,0.20016524440845884,0.16770008646025716,0.007949976484517141,0.008347475308742995
379,0.439341075111367,0.019872024250526105,0.025773611145640977,0.011340388904082026,0.04029196098260648,0.0153455147981341,0.016677042506002982,0.013500462981050032,0.021808440200157746,0.0063002160578233485,0.014175486130102534,0.02362581021683756,0.0008297220453302306,0.013500462981050032,0.005906452554209389,0.28489282195234866,0.005998076141449286,0.01232650967835003,0.014175486130102534,0.014318435232828863
380,0.033319747366225165,0.020047490587799845,0.030765187478969763,0.25030723962481516,0.0076945011913285045,0.02930017855139978,0.024239238619794358,0.014510564615931315,0.05475470866792832,0.04788486323257334,0.030472185693455764,0.026887222670696265,0.00048021386869308156,0.2073801526360184,0.07372302990352202,0.04591403283999389,0.05365510903435573,0.037137976313899215,0.0060142471763399525,0.00551210992626007
381,0.016524354871202768,0.03193222048955573,0.0315464956632053,0.013880458091810327,0.21597438610881206,0.004105018698415188,0.0495730646136083,0.04337643153690727,0.023134096819683876,0.011901856081058527,0.021688215768453638,0.0495730646136083,0.01334659431904839,0.018263760647118852,0.0013701103336562263,0.009378687899871842,0.03855682803280647,0.00788662391580132,0.3484146668817673,0.0495730646136083
382,0.007718962447950867,0.07333014325553325,0.00983634134207554,0.00983634134207554,0.043998085953319936,0.004117538236217667,0.00983634134207554,0.01967268268415108,0.010414949656315278,0.17789191980727592,0.17693484324005126,0.02950902402622662,0.0016788609359085086,0.003215348673388309,0.00452686378345992,0.0038268469067617235,0.005365277095677568,0.011502767569495413,0.011803609610490649,0.3849832520915495
383,0.010720663244458433,0.012689939157560379,0.028588435318555826,0.01633624875346047,0.019603498504152564,0.004226576368161438,0.021441326488916865,0.017153061191133495,0.028588435318555826,0.008818922369102464,0.01759288327295743,0.018543849936360532,0.014915705383594338,0.039735926461862296,0.002201023039305626,0.007299174974950423,0.010090035994784407,0.009027926942701837,0.6916347779568394,0.02079158932258605
384,0.04953988936131019,0.06918647796271869,0.0788968608346792,0.03675491268190196,0.03012425595505933,0.11318116589079502,0.04187602613532973,0.016386271096433373,0.057303373237726496,0.03761110626091556,0.022438227151206875,0.0261828538316518,0.001079772567869796,0.10217993218388526,0.0447218898547449,0.06627336310113054,0.1181003961528029,0.0555312520490242,0.022276760706262364,0.010355212984551646
385,0.030671271996857756,0.05882533747970244,0.043096640140310775,0.14296932026617346,0.0061812430554606616,0.008456880137185301,0.08597549323956513,0.09804222913283743,0.021634007064383922,0.015180732252826444,0.05273995774042289,0.06617850466466527,0.003842394331772844,0.148840087093976,0.026369978870211447,0.017255432327379392,0.06026010180847569,0.05759631779207586,0.01176506749594049,0.04411900310977683
386,0.009837633131753247,0.03279211043917749,0.022702230304045955,0.013414954270572611,0.14679897739324793,0.006279340296863775,0.009837633131753247,0.1048564124237485,0.016396055219588746,0.29634322743972064,0.0824065706601965,0.03279211043917749,0.0012705030307914459,0.03346024647946741,0.013965580874564646,0.007198268145185303,0.011805159758103896,0.08028069076193246,0.016396055219588746,0.061166240580519955
387,0.09860887406712146,0.02492758152114669,0.02336960767607502,0.004566790321778523,0.01967966962195791,0.3752818082683565,0.037391372281720035,0.03399215661974549,0.03399215661974549,0.010386492300477786,0.028762594062861562,0.031159476901433357,0.010105776292356764,0.037391372281720035,0.04059475397265455,0.10971146302784558,0.012463790760573345,0.026768193021417364,0.009686593479579165,0.031159476901433357
388,0.022289115008566816,0.06424509620116317,0.011376735785622644,0.01741987894598483,0.006877739432239969,0.028526740477382146,0.046929035115693414,0.028666241779824814,0.16589456883251508,0.056883678928113225,0.04661686858499034,0.04268013136224532,0.0031743412764184474,0.1582449130781085,0.12096421999160907,0.04075248639626021,0.05748166954838192,0.0719837100617578,0.0036681276971946503,0.0053247014959277176
389,0.03735033756786769,0.02181084816291182,0.12385783407563832,0.019874861747021036,0.006309479919689218,0.0362072987416846,0.046464833604219595,0.01743408925177284,0.15734265549724985,0.007191147357461156,0.029444239625216344,0.07014657087183893,0.0015773699799223044,0.1283584821161775,0.08028343031973578,0.07047823314546466,0.07114425132020129,0.007361059906304087,0.02839265963860147,0.03897031715102163
390,0.009953695682963053,0.01580881079058838,0.02239581528666687,0.0024424030665964372,0.01733869570580661,0.00632352431623535,0.034109549366275395,0.017916652229333495,0.5420370315940417,0.03043106855226531,0.011073975502309168,0.019466478041553808,0.006107949623636419,0.07419636209165556,0.11677534991695987,0.0047876219124193585,0.00912870769610979,0.03161762158117676,0.010749991337600096,0.01733869570580661
391,0.07235463461650829,0.0031599434641904622,0.028777411495202163,0.016444235140115518,0.00772430624579891,0.004855521898208954,0.07848384953236955,0.09208771678464693,0.24068380523259994,0.010495866751478494,0.026858917395522028,0.016444235140115518,0.006755330368297155,0.06830014050342514,0.0696839542026756,0.04316611724280325,0.04111058785028881,0.10266535992882933,0.00042930999473374796,0.0695187562121902
392,0.10060977398329306,0.03319465414772788,0.019363548252841267,0.014991134131231949,0.07745419301136508,0.006366098055728637,0.020205441655138715,0.020205441655138715,0.03574808908216849,0.017745757646820647,0.02581806433712169,0.03574808908216849,0.46708133985491684,0.018298293804608803,0.005809064475852381,0.0034895175238678112,0.021392516466995613,0.00787669759437611,0.022129769431818592,0.04647251580681904
393,0.01446965858227263,0.04699735741929818,0.020760814487608557,0.03183324888099979,0.04774987332149967,0.007022040194338188,0.03555270486592536,0.034107052372499766,0.05968734165187459,0.00889832838920558,0.034107052372499766,0.034107052372499766,0.009947890275312433,0.02652770740083315,0.4795003148709291,0.013840539467348015,0.01646547355913782,0.015916624440499894,0.019099949328599868,0.04340897574681788
394,0.00041612284397171575,0.015693222785456692,0.0004900070827187024,0.009465753426148481,0.05660066889397287,0.0014157196963459897,0.010004311272173508,0.045768134344884755,0.310595034295497,0.10177923572345937,0.030012933816520523,0.013339081696231343,0.005372454647273462,0.17038356167067267,0.08045890412226209,0.002554292239703874,0.011692989526418713,0.1207344822348067,0.005219640663742699,0.008003449017738805
395,0.012537943325841662,0.4033866683412073,0.03086262972514871,0.06686903107115554,0.014431415154364892,0.004690682028756148,0.08024283728538664,0.023600834495701956,0.04012141864269332,0.12307502241874765,0.06024651447071561,0.028658156173352378,0.013373806214231107,0.04457935404743703,0.001349413225580085,0.00566675142958025,0.012942393110546234,0.01604856745707733,0.012537943325841662,0.004778618056634327
396,0.0013254636077049975,0.02583295011850219,0.0295233715640025,0.05166590023700438,0.05166590023700438,0.2368509433031706,0.02066636009480175,0.030451579098390646,0.05166590023700438,0.007948600036462214,0.02066636009480175,0.0316358116688856,0.004747331340952675,0.02583295011850219,0.027369442337255273,0.11363818645566018,0.207251953454589,0.02066636009480175,0.01476168578200125,0.02583295011850219
397,0.0828999919214492,0.03449534252193055,0.0689906850438611,0.002578365143100724,0.021227903090418804,0.00836250727804377,0.03942324859649206,0.09848748325110077,0.2767387417649454,0.007884649719298411,0.05699374444599632,0.006818041355769517,0.04023087843246799,0.05441550887902023,0.06315207388530628,0.06938368889077813,0.01199838000762802,0.014524354746076024,0.018397516011696296,0.02299689501462037
398,0.08614950181781905,0.005336413736684894,0.02010730858534995,0.06409965704409931,0.05025211541371954,0.04975615959573066,0.1399880357953616,0.06184875743227021,0.04869704181051077,0.07988797835001571,0.06503214935893117,0.04746033122406847,0.004568374128519956,0.043309203647645546,0.05631645406392659,0.014105856958237068,0.050252115413719545,0.048726463554259,0.04496241905438064,0.019143663014750296
399,0.006707026245509656,0.04304105154597939,0.11255534954632627,0.3029611242192391,0.033476373424650645,0.0008753084494632787,0.050214560136975964,0.10042912027395193,0.007608758553664852,0.007173508590996565,0.030128736082185577,0.030128736082185577,0.011158791141550214,0.1924384785837187,0.00544753974450626,0.009415230025682994,0.015064368041092789,0.0060257472164371145,0.010042912027395193,0.025107280068487982
400,0.008870763081404179,0.00937755561245392,0.016935093155407976,0.011642876544342984,0.18722375461937263,0.00503475742458075,0.02069844718994308,0.014329694208422136,0.009314301235474385,0.000861769119377004,0.015523835392457311,0.012419068313965848,0.005821438272171491,0.010958001453499278,0.0036526671511664262,0.00146752043125938,0.007761917696228656,0.0031875464099227844,0.647017726082548,0.007901266606001711
401,0.008265517923970822,0.21719944322434437,0.004526892252181833,0.010993881183870164,0.012866508193240601,0.002404911508971599,0.015391433657418234,0.07707911212242269,0.05595119825457171,0.0457450952785963,0.29902807067165554,0.010284204387333443,0.002959891087965044,0.045460348581839526,0.022991440662079764,0.011447764981392798,0.024700208271858957,0.11579041439648631,0.005919782175930088,0.010993881183870164
402,0.21405310649424475,0.006819041585155196,0.00018797814488398883,0.005682534654295997,0.009173704564039062,0.10727316417560322,0.04148846967763473,0.026929321455579223,0.03497441491978524,0.0860034802878662,0.006819041585155196,0.0340949646530246,0.0022730138617183984,0.06880278423029296,0.17613512762954994,0.05080715055403204,0.04422595182558979,0.055042227384234366,0.011365069308591992,0.01784945300872302
403,0.012260729477059723,0.04904291790823889,0.19617167163295557,0.0018599436568064295,0.0653905572109852,0.010898426201830866,0.04904291790823889,0.04904291790823889,0.19684474990789164,0.028024524518993652,0.02876447902202376,0.05435091154336128,0.017833788330268687,0.03125893552425633,0.0008275333054084365,0.021796852403661734,0.010033639070120016,0.03923433432659112,0.03923433432659112,0.09808583581647777
404,0.001086260647032985,0.07661934601795435,0.016763418609595016,0.01461689235970707,0.03352683721919003,0.004190854652398754,0.08381709304797508,0.16763418609595016,0.04190854652398754,0.07478656177679481,0.11940548456112901,0.04190854652398754,0.009313010338663897,0.015239471463268197,0.007288442873736964,0.016763418609595016,0.05258190412996866,0.16806861406788118,0.03352683721919003,0.02095427326199377
405,0.01754983821271883,0.030959445133790415,0.05557448767360964,0.03704965844907309,0.03704965844907309,0.023297455484178616,0.002384046222772498,0.04168086575520723,0.08336173151041446,0.01102940850102839,0.047635275148808255,0.11114897534721928,0.01317548520222242,0.04168086575520723,0.3345352894862524,0.012419437131618331,0.02381763757440413,0.01754983821271883,0.02778724383680482,0.03031335691287798
406,0.009533861153049921,0.003317637655210704,0.02785394211264207,0.03357220137086846,0.02145118759436232,0.02628252854015266,0.028776172603601543,0.013077518437002285,0.47001081919215837,0.009533861153049921,0.02860158345914977,0.03985825844437598,0.005720316691829953,0.02860158345914977,0.07714136147113082,0.08597930459687378,0.02465979530711466,0.040286641645042164,0.00858047503774493,0.01716095007548986
407,0.014666281394737635,0.08799768836842581,0.0028086231257134424,0.023466050231580216,0.05866512557895054,0.00977752092982509,0.08399168605537986,0.023466050231580216,0.012326633168208031,0.008185831476132636,0.011733025115790108,0.35338227979576653,0.00977752092982509,0.03911008371930036,0.010999711046053226,0.0036414829103043663,0.16620851651185833,0.014666281394737635,0.02933256278947527,0.03579704522635581
408,0.14874162869565308,0.007794974078938825,0.005696327211532218,0.007463806563747775,0.006439326413036421,0.002541490488289601,0.008712029852931628,0.00987363383332251,0.007794974078938825,0.0029620901499967534,0.6545250910748038,0.013464046136348877,0.00361230506097165,0.00987363383332251,0.0021464421376788064,0.07810521407607128,0.0012086617666864892,0.007990252403144103,0.008712029852931628,0.012342042291653138
409,0.332883747059546,0.04150244173168644,0.015091796993340524,0.03603752505342716,0.033201953385349155,0.02442849426041701,0.04150244173168644,0.04743136197907022,0.033201953385349155,0.014435631906673546,0.06640390677069831,0.04743136197907022,0.01263553743952495,0.05533658897558193,0.00897350091495923,0.0403932072045554,0.052845745001215944,0.004318933314573701,0.06640390677069831,0.025539964142576272
410,0.007538838916116856,0.025443581341894388,0.03392477512252585,0.029078378676450724,0.025443581341894388,0.005088716268378877,0.018504422794105007,0.14075383729185975,0.05088716268378877,0.20414675092322013,0.25221863589652505,0.022616516748350565,0.001141207846938726,0.006724316259458147,0.003071480420541809,0.009252211397052503,0.018504422794105007,0.1045599934168101,0.015657588518088853,0.025443581341894388
411,0.018878342148574426,0.043150496339598686,0.06041069487543818,0.004939061630348694,0.030205347437719084,0.30275462900188527,0.043150496339598686,0.027459406761562805,0.15102673718859544,0.007191749389933116,0.030205347437719084,0.06041069487543818,0.018878342148574426,0.06041069487543818,0.004280389645626165,0.011617441322199648,0.0177678514339524,0.02908373083840701,0.0177678514339524,0.06041069487543818
412,0.2539618899582533,0.014900314985479066,0.042217559125524017,0.028738571564981226,0.03618647925044916,0.017940262933530578,0.019485027288703393,0.05066107095062882,0.12665267737657207,0.006846090669003896,0.05066107095062882,0.12665267737657207,0.010436382596449368,0.03166316934414302,0.007450157492739533,0.024402013002133186,0.0032928607362769998,0.03386431475901654,0.06332633868828602,0.05066107095062882
413,0.009516178224505486,0.12046537589904205,0.023790445561263716,0.014869028475789822,0.014869028475789822,0.014869028475789822,0.021627677782967012,0.23846717292485048,0.03398635080180531,0.005546845719665835,0.0023319356659405465,0.015860297040842478,0.008203601917677144,0.016993175400902654,0.006745234291215152,0.010813838891483506,0.007462581855997557,0.41463106530527155,0.006429850151692895,0.012521287137507218
414,0.013803944595261762,0.021034582240398874,0.036810518920698025,0.031551873360598316,0.443638563441343,0.00939843036273141,0.025983895708728024,0.06166551117064938,0.05521577838104705,0.0027135941494356454,0.04015692973167058,0.029448415136558426,0.01227017297356601,0.022086311352418824,0.0084947351355457,0.004243323785779526,0.019205488132538102,0.00745205875431065,0.022086311352418824,0.13273956131430176
415,0.13274214987909555,0.009427587997728807,0.01170809201298096,0.2082847591937397,0.007151963308621854,0.001311051525215441,0.015506023792020795,0.012962933496877108,0.07089537010879449,0.0031908759376928263,0.013827129063335586,0.22304818839291457,0.014213855142685734,0.060916522040081716,0.04177132939891317,0.10854216654414556,0.04169397508521148,0.004482481986614496,0.007407390569644063,0.010916154523685986
416,0.07683845485782781,0.012953106424929106,0.09605783743064117,0.6274672423187636,0.013816646853257713,0.001847833634711681,0.014130661554468116,0.01942965963739366,0.008365747118032006,0.005138422383442951,0.02143962442746887,0.02143962442746887,0.006344378657108136,0.013516284965143417,0.004571684620563215,0.0065447274568062866,0.00927983743875518,0.007889353153398324,0.015164612399917001,0.017764260239902775
417,0.0076359235468143605,0.011636755864411812,0.1217165927279907,0.6457241746259916,0.016842672961648673,0.002642184723929064,0.01641080955237563,0.021334052418088324,0.009917624434442994,0.0055174273495056,0.02064585717879515,0.0266675655226104,0.00633684725289752,0.025600862901705983,0.005161464294698787,0.006956756223289671,0.012075878727219807,0.0065430385291493885,0.014222701612058882,0.01641080955237563
418,0.01433676186712074,0.01929948712881638,0.02640982449206452,0.002251348325253313,0.025089333267461295,0.010240544190800525,0.022808484788601174,0.048557684862056465,0.505026319669962,0.00912339391544047,0.0238946031118679,0.012109047858168834,0.007964867703955965,0.1109775748485074,0.035803397381707666,0.008363111089153764,0.047532980541282445,0.011669457333702928,0.01672622217830753,0.041815555445768815
419,0.06591243485158,0.133214756719147,0.0031530259307914013,0.037155651965361414,0.022544035752471037,0.0033755482947346524,0.07582993844012985,0.10375380090625877,0.04093809949613371,0.10523177527814279,0.04918698709630045,0.007094276985043333,0.0016139231092672174,0.12017275256482493,0.018573211273342615,0.040802841568521965,0.05123644489197962,0.016184985549828744,0.003415762992798642,0.1006097463333418
420,0.013948100222783881,0.014967948149571218,0.054242611977492874,0.030511469237339744,0.10719439207777015,0.05082215404176045,0.018776288761439844,0.030511469237339744,0.032545567186495726,0.005981522486107992,0.032545567186495726,0.023246833704639803,0.012204587694935895,0.025693868831443995,0.002258917672620046,0.008416957030990276,0.01525573461866987,0.012204587694935895,0.4905905515280027,0.01808087065916429
421,0.14245239068557225,0.04366933752517542,0.07548556915066038,0.0007106958344264204,0.016012090425897654,0.022973868871940112,0.10140990603068514,0.02058697340472555,0.11824601995135298,0.034159126241915,0.018509459018379637,0.08405094573949733,0.0073901955811835306,0.11513897212510538,0.030272673608348108,0.049334548879792765,0.03964730091589356,0.06956977219527946,0.0034600512713897705,0.006920102542779542
422,0.0010013887324157782,0.033831949902358285,0.0244341860405921,0.023148176248981987,0.014660511624355258,0.008623830367267799,0.01999160676048444,0.01759261394922631,0.02305311684032429,0.005298980105188649,0.005040658940069183,0.15919636229234052,0.0033251434440395283,0.0244341860405921,0.00517429822036068,0.1466107014914709,0.44321870263121554,0.010995383718266444,0.014660511624355258,0.01570769102609492
423,0.36009321257759525,0.21157159765918135,0.014449047092457272,0.01990998999472722,0.035837981990509,0.005599684686017031,0.04479747748813625,0.04479747748813625,0.05119711712929857,0.009431047892239211,0.02756767845423769,0.059729969984181674,0.007129429838730145,0.03981997998945445,0.006515996725547091,0.005792120317430028,0.0019661795416375566,0.00233434470257354,0.02756767845423769,0.023891987993672665
424,0.025694275064749965,0.008412740417704801,0.007210920358032686,0.0016282723389106064,0.054681426106232035,0.03970171768043682,0.135401626548765,0.0189372904264007,0.05262573339547143,0.005298817059229925,0.018949052094964097,0.0031547776566393,0.00157738882831965,0.027774692625387697,0.10362096864086948,0.09538414177929194,0.2749694569913381,0.05053858346501918,0.0176262472430345,0.0568118712792021
425,0.01885363823153967,0.06655221002201005,0.1707210111301886,0.3649648068369653,0.036331277785327055,0.0017018553347136665,0.019121725150172134,0.02794713675794389,0.006621106173218786,0.00865030423460168,0.013973568378971945,0.021371339873721796,0.012975456351902519,0.06282795018681185,0.005859883513762428,0.08034961941681698,0.013973568378971945,0.01703177768166998,0.025950912703805038,0.024220851856884704
426,0.6232341044688685,0.022951057199799202,0.031137984970435413,0.022951057199799202,0.022951057199799202,0.008980848469486644,0.029508502114027543,0.028167206563389932,0.029508502114027543,0.0095335160676089,0.01998963046434124,0.036451679082034026,0.00875070060397627,0.032614660231293606,0.009112919770508507,0.007213864746739764,0.004623232963279852,0.005131310752031947,0.025819939349774106,0.02136822566877857
427,0.007954691835972331,0.012077016157510223,0.006417969805044886,0.011129018773455726,0.007188126181650272,0.0021207860719929966,0.004991754292812689,0.6246501134801119,0.007813180632228557,0.037966955754218275,0.04551497919168432,0.005445550137613843,0.002531030345651505,0.004383003769298947,0.001974759940013811,0.0016794687340304375,0.019466243148618455,0.18103939510245098,0.008168325206420765,0.007487631439219034
428,0.03583971172080801,0.0038864749436590706,0.00048569605327088063,0.005829712415488604,0.06303572826189173,0.044176592767749795,0.10244562384329725,0.010270385275913174,0.07877001004179528,0.009236004140936518,0.014693642951489914,0.11717718426568781,0.0020820401483887876,0.06869278079821534,0.32674140803205426,0.006568225712302004,0.014141589973288647,0.014223446377042237,0.04012884557786211,0.04157489669885837
429,0.04968755034304555,0.10313194504645233,0.34624911778959794,0.02871744924375334,0.010104009114883947,0.0009525963554438172,0.02744640473010425,0.011451210330201808,0.01431401291275226,0.0035054725500617773,0.01431401291275226,0.003462569175908739,0.0038170701100672688,0.009040429208054057,0.004404311665462233,0.33145116073664044,0.00418946719397627,0.004888888457809049,0.008808623330924466,0.020063698792108113
430,0.06736860580368059,0.03463225110993364,0.03655626506048551,0.03313742075794977,0.030633320153884654,0.04768056390185814,0.06076836140851942,0.03312911521106499,0.05998113490845452,0.04421491030232693,0.030345413009581233,0.08059480659533938,0.0677170498990517,0.09370031785628188,0.05081121252397412,0.04669312547784913,0.07887258949093193,0.042307163901695484,0.012034518631883253,0.04882185399525367
431,0.004810221402301881,0.010719921982272763,0.013399902477840954,0.015007890775181868,0.010422146371654074,0.02493503504923889,0.053507629884662795,0.017054421335433945,0.26104021034885083,0.004525520935518744,0.057101759305664766,0.04097431117293998,0.00353959688093912,0.0239376238957702,0.37792048865449746,0.03785871321280788,0.01804820849284261,0.004810221402301881,0.005955512212373757,0.014430664206905641
432,0.051890721499211735,0.02470986738057701,0.043242267916009776,0.03052395382306572,0.5217522819963104,0.01789335224110749,0.019957969807389127,0.039915939614778254,0.02594536074960586,0.0018493542823042753,0.01789335224110749,0.028828178610673178,0.022561183260526838,0.019218785740448784,0.007520394420175612,0.00470151903877445,0.012656273536393103,0.056918470408747104,0.02470986738057701,0.0273109060522167
433,0.012085957116965888,0.023176444147082784,0.043164132560592455,0.01949347922091272,0.043164132560592455,0.013636020637666002,0.031805150307804966,0.03357210310268302,0.017265653024236983,0.011290245625847309,0.02417191423393177,0.03357210310268302,0.010242336539801599,0.01949347922091272,0.0034665628022096787,0.010242336539801599,0.010987233742696261,0.013136909909745531,0.6077217493660061,0.018312056237827102
