site,A,C,D,E,F,G,H,I,K,L,M,N,P,Q,R,S,T,V,W,Y
338,0.09389929022536884,0.012971230553096756,0.04625400042189542,0.10558294299594129,0.005138250743757518,0.15263992330421514,0.015260271238937362,0.005138250743757518,0.0036395942768282417,0.011900211516602532,0.016559017727357562,0.1677088394743823,0.002147957278128143,0.12682980985250167,0.0006807240555932686,0.137200352963854,0.07273587226035566,0.0019478040246401296,0.0015881865935250508,0.02017746974926162
339,0.0039815673966213105,0.07493775136798453,0.030878119422526863,0.014948884745430708,0.01703883614407961,0.010695667127766584,0.06058232238937709,0.015003794758667218,0.028776603134954108,0.007474442372715354,0.02449072607230137,0.044271697130698645,0.01668208877388644,0.025023133160829665,0.005304442974185091,0.009592201044984703,0.019845933196520078,0.5539412934063076,0.010369947075659141,0.02616054830450374
340,0.003376327536896942,0.015579064128353701,0.014476402716263945,0.009106124289262801,0.01201233416881476,0.0032634665082907164,0.020163560926224778,0.2094047299397287,0.016295558704826612,0.005796861071015332,0.015910533577893144,0.020163560926224778,0.00784138480464297,0.014476402716263945,0.003780926364481634,0.005702825312467613,0.3121653024424745,0.288920825653105,0.005881038603482226,0.01568276960928594
341,0.025669526946281097,0.0933851468320785,0.005888213899916502,0.0606944929705201,0.005174491002956925,0.07676594334280841,0.008131343004646597,0.006098507253484948,0.007761736504435388,0.058109241739694895,0.03720221296562477,0.02232132777937487,0.0024050451140504017,0.12335470614917689,0.0007832348456990158,0.17075815751221773,0.2801107799764689,0.005184752754734723,0.002439402901393979,0.007761736504435388
342,0.006296304612078334,0.01484128944275607,0.016403530436730394,0.009303494874563507,0.11261902110907292,0.0021420417752431448,0.027101485069380652,0.295404541166815,0.022261934164134106,0.0050866131762349175,0.2599407485790321,0.027101485069380652,0.00853882406295555,0.02308645024428722,0.003148152306039167,0.004947096480918691,0.004356768470462527,0.002151252454872539,0.0077916769574469386,0.1474772895475955
343,0.21551230468364588,0.3618784802315806,0.007686587359803942,0.010479667412315574,0.06625300458785252,0.0014706698299707345,0.055286990035380366,0.014671534377241802,0.013754563478664189,0.003284671875501896,0.014198259074750133,0.08198809317746748,0.005571468750851316,0.010479667412315574,0.0024051695700396396,0.11333586706087284,0.0037244628999440984,0.001776447265506369,0.006877281739332094,0.009364809176962854
344,0.01646871182733447,0.025617996175853613,0.02811731287593689,0.024016871414862764,0.03602530712229414,0.0040167589822767,0.04433883953513126,0.021443166115155638,0.02726497280717232,0.007500862922927937,0.5629189099284984,0.0461123931165365,0.01889852176907234,0.029559226356754165,0.004941706745490564,0.01239580460121949,0.004086924579338721,0.0038708408384495667,0.014592529467258386,0.06781234281843602
345,0.0033769764831372484,0.02483929083290972,0.021353074575659235,0.021734379478796004,0.05532387503693527,0.005608872123560259,0.04196983623491642,0.014112077130049453,0.022129550014774114,0.007752390132564181,0.01763949638858806,0.048697265273373896,0.011375002344042769,0.029685981727136008,0.005338268643914809,0.009342034574030973,0.5990813643580801,0.009291032448950964,0.023865200996325026,0.027484031202255423
346,0.007416863055073911,0.014728781185220384,0.6792560707735907,0.011352826985840645,0.02945756237044077,0.0018399547549259297,0.028125353467035104,0.03448690228734529,0.03366578556621803,0.009684678039596963,0.023965474470867068,0.01499234060661008,0.01663485875036655,0.03213552258593538,0.005236899976967247,0.008021410636507695,0.013595798017126506,0.00625882032410498,0.010246108650588092,0.018897987495638587
347,0.0029348952864443564,0.015748403044010834,0.015056165547570798,0.014124856338442708,0.01985668209897018,0.003156937937393877,0.03805864068969285,0.01103474562081326,0.021747794679824482,0.0065870724270622235,0.02014869212983739,0.0306215692639431,0.029031382035131465,0.04151851711602857,0.0048074072450138335,0.0346036667043371,0.6471410479945285,0.00548044425931577,0.01037962927900714,0.02796145030263148
348,0.0036418648248945067,0.0417380769841443,0.024432045063889348,0.020869038492072157,0.04553244761906651,0.00710435352921605,0.05565076931219241,0.008566843592840554,0.032313349923208494,0.013009270748304717,0.03339046158731544,0.0417380769841443,0.012479835262626282,0.14310197823135187,0.008595953615741822,0.010975690267230805,0.4250510794457907,0.012679922121765356,0.03130355773810823,0.027825384656096203
349,0.008686802691356816,0.030872550231575233,0.02881438021613688,0.020913663060099345,0.02493552134088768,0.006615546478194691,0.030872550231575233,0.0418273261201987,0.03162553926161365,0.004741773044111297,0.022748194907476482,0.032416177743153994,0.6078557936776775,0.024283181300843122,0.005425301714335395,0.005234361838089705,0.015030744808816908,0.011082453929283415,0.011895845043359261,0.03412229236121472
350,0.008714726287043971,0.005490248491011851,0.014922476518910904,0.020172977516305483,0.15605968871470574,0.004110719946718853,0.0072913128184849485,0.01980619610691811,0.031124022453728462,0.00955562092877628,0.020948861266932614,0.0272335196470124,0.013789123871905016,0.03301032684486352,0.005703354899897886,0.010374333144254556,0.01184066071609235,0.013124587781692724,0.07672331023617615,0.5100039318085682
351,0.009994507989335977,0.018950189388070592,0.010222809541248577,0.020193211845852488,0.024076521816208736,0.5867400573528387,0.0569081424746752,0.03210202908827831,0.03294681932744354,0.008516864860155472,0.019562173975669596,0.04636959757195757,0.020193211845852488,0.03294681932744354,0.00569081424746752,0.004871464795910835,0.018411457859453736,0.008276633596297371,0.013910879271587271,0.029115793824252424
352,0.011517812830888508,0.027642750794132427,0.029617232993713313,0.019620033783460337,0.023693786394970648,0.0039302489280757,0.018292061526531286,0.19374597036534205,0.028268761240512863,0.08454762356450002,0.028595949097378368,0.037694660173816945,0.01692413313926475,0.3866529511728243,0.003368062319908718,0.012564886724605647,0.017276719246332766,0.012018587301796705,0.017276719246332766,0.026751049155612022
353,0.027546664749518127,0.03262102253367488,0.06161748700805255,0.02579336665453363,0.03262102253367488,0.006681414253885217,0.03465983644202956,0.030808743504026275,0.033339721027495814,0.009539371597923507,0.02705157966207186,0.04822238113673678,0.014404087872012286,0.517251397458356,0.005841088653378462,0.012896683327266815,0.017063304094537633,0.011553278814009856,0.018798555358388914,0.031688993318427026
354,0.01235770531152258,0.030665416884148616,0.035998532864000544,0.01799926643200028,0.030665416884148616,0.0023472317537086246,0.03184485599507741,0.1382951901494813,0.03998949616424598,0.01235770531152258,0.02957022342400045,0.06899718798933441,0.015922427997538707,0.03942696456533393,0.38536909981336825,0.023545083145634634,0.025089886541576144,0.010097149461853814,0.017616303316425802,0.03184485599507741
355,0.0024370930267486276,0.026762145350013613,0.024592241672985488,0.020220287597788066,0.021260110775202578,0.0038512167216307666,0.03137630834139528,0.19400991817151722,0.03137630834139528,0.007981692472811079,0.02274782354751157,0.05352429070002724,0.018956519622926313,0.026762145350013613,0.007981692472811079,0.010339919794323445,0.02067983958864689,0.42458972745778173,0.01685023966482339,0.03370047932964678
356,0.010944626024713897,0.023714589009257315,0.026449512893058583,0.019531947982566338,0.5932373094715196,0.0065442093756021245,0.04095408447957458,0.021518247777403597,0.027012268486527914,0.002980370756010343,0.035266017190744785,0.04231922062889373,0.02015200982328273,0.045342022102386144,0.008190816895914915,0.005764272057036898,0.019236009376769878,0.00911607894951491,0.01983713466979394,0.021889252049427797
357,0.01699552297818094,0.032030024074264085,0.043830559259519265,0.06939456260304193,0.055518708395391074,0.010676674691421358,0.06406004814852816,0.05948433042363328,0.3858752086431919,0.014610186419839756,0.02775935419769554,0.02613034057569245,0.017718736721933318,0.03915801963735653,0.005301754987645018,0.013879677098847768,0.022507584484618,0.01699552297818094,0.026024394560339566,0.05204878912067913
358,0.01975407904394742,0.027840969771341807,0.04231235336444169,0.3357674997157411,0.04021473411416039,0.0355952768708296,0.0723865214054887,0.0723865214054887,0.028264973871326326,0.023384147934227894,0.05568193954268361,0.06032210117124058,0.021935309516814754,0.04021473411416039,0.012064420234248115,0.01723488604892588,0.024960869450168514,0.013273580810098084,0.021935309516814754,0.03446977209785176
359,0.027055763070316183,0.03306815486371977,0.09920446459115936,0.003986297232335903,0.05952267875469562,0.01700647964419874,0.04251619911049686,0.038297253144757404,0.2671209677127387,0.0297613393773478,0.05952267875469562,0.02140069997996086,0.04578667596515047,0.039681785836463736,0.004977146481309065,0.02380907150187824,0.08060290202416694,0.02587942554551983,0.03501334044393859,0.04578667596515047
360,0.006668305998502712,0.0753362683938138,0.04708516774613364,0.014487743921887272,0.02897548784377454,0.005035551346288735,0.0376681341969069,0.0753362683938138,0.06278022366151151,0.009527490663718047,0.006033165116243613,0.17538542912577368,0.025112089464604605,0.053811620281295575,0.01712187918041223,0.013452905070323894,0.04185348244100767,0.1759146933008963,0.03424375836082446,0.09417033549226723
361,0.008747034550723266,0.17358227384628233,0.24224480133791548,0.015079206798941248,0.06509335269235585,0.00130066256094579,0.03410919839433614,0.05207468215388469,0.037196201538489064,0.023670310069947586,0.05786075794876076,0.007739502179998866,0.020028723905340266,0.13018670538471172,0.018598100769244532,0.011835155034973793,0.016798284565769258,0.010569880405611892,0.037196201538489064,0.03608896432327848
362,0.002861711631203962,0.03338573464403135,0.02503930098302351,0.042171454287197485,0.0471328018503972,0.006070133571642063,0.042171454287197485,0.007366445602929757,0.05007860196604702,0.028616343980598292,0.042171454287197485,0.03598559153758477,0.025718396517558684,0.03642080142985237,0.014838104286236154,0.02635729473629308,0.3729177049810719,0.016025152629135044,0.044514312858708466,0.10015720393209404
363,0.013984409553437131,0.04062138013141262,0.04739161015331472,0.020310690065706308,0.0853048982759665,0.0020518454403769567,0.03708908620694195,0.056869932183977664,0.039975958948815046,0.018956644061325887,0.020137710051444404,0.04489731488208764,0.018149978356588617,0.03159440676887648,0.4046451644208078,0.02179237740559055,0.018149978356588617,0.017060979655193296,0.010836283154508785,0.05017935192703912
364,0.0883081938537571,0.029292793994482036,0.03545969799332036,0.009588262058648973,0.03742968121517149,0.002866954305842923,0.03208258389871843,0.06362955982974614,0.02406193792403882,0.0062926845703112355,0.0756529593513419,0.09624775169615524,0.008117280263531167,0.02041618975372991,0.004678710151896436,0.011419224777509947,0.08908138376164461,0.31348190963431843,0.016432542972514314,0.03545969799332036
365,0.041697408269216085,0.04503320093075337,0.04253680354807326,0.02126840177403663,0.03402944283845861,0.007733964281467866,0.01791023307287295,0.022686295225639072,0.04861348976922659,0.032413054154182455,0.037810492042731784,0.3538322930273479,0.15746689614962162,0.019410093598658168,0.010895129257440333,0.030030951342820487,0.009506030408686767,0.013611777135383443,0.01097723962530923,0.04253680354807326
366,0.007256234463368244,0.036860848482428564,0.17061367978962041,0.008095489085781957,0.03350986225675323,0.0013266598604958963,0.0460760606030357,0.019400446569699244,0.04095649831380951,0.00899045084937282,0.05265835497489794,0.06418283761839161,0.05296091341375163,0.04095649831380951,0.009215212120607141,0.01365216610460317,0.02303803030151785,0.02022601246885719,0.015358686867678568,0.3346650575415198
367,0.013404136045042236,0.0352134737270596,0.04349899695695597,0.041082386014902876,0.07394829482682516,0.008909433111665681,0.019060941920059287,0.06722572256984106,0.05282021059058941,0.005384152739566727,0.061623579022354304,0.061623579022354304,0.34261346396256104,0.0264101052952947,0.010409595013703012,0.005576391272848142,0.022197675913881745,0.019986025628871668,0.061623579022354304,0.027388257343268576
368,0.01301802796023344,0.1067788245785814,0.010866854523369255,0.009659426242994892,0.010866854523369255,0.1489676608631258,0.30688242896306706,0.012419262312422005,0.06927035334319574,0.0061724081411150345,0.022998516063079077,0.007451557387453203,0.002936943074060728,0.12088949057957749,0.0548547175913579,0.06302477959593783,0.005795655745796934,0.004075070446263471,0.010030942636956234,0.013040225428043103
369,0.023511261575580988,0.006515419110662445,0.037061295320090254,0.08400963422470915,0.01826291720412958,0.027829041059616297,0.018080288032088287,0.06887728774128869,0.06543779979536915,0.06367900187402163,0.04254185419314891,0.08766200257982197,0.1597792895858965,0.03959233873514637,0.04950555056405125,0.051657965805966516,0.056500900100275885,0.060241376438685226,0.012469164160060884,0.026785611899390056
370,0.011790568607126429,0.021601882457821825,0.00692015369462691,0.09324210305110439,0.03243203584386239,0.3453398376706772,0.0621614020340696,0.03243203584386239,0.0745936824408835,0.015223200498139496,0.04144093468937974,0.05328120174348822,0.017760400581162742,0.04387863672993148,0.010360233672344935,0.007282019069542952,0.031080701017034796,0.010718513614149631,0.031080701017034796,0.05737975572375656
371,0.0031687151109640642,0.05040953003915854,0.05499221458817295,0.043208168604993026,0.20163812015663418,0.011861065891566717,0.01779159883735007,0.007196550748120097,0.030245718023495117,0.010612532639822848,0.03558319767470014,0.058922004850596295,0.010252785770676313,0.05040953003915854,0.009028572544326902,0.01569872155742839,0.2798506641642273,0.022404235572959345,0.019513366466771046,0.06721270671887805
372,0.03640912857092974,0.047296139435733034,0.010378466739929914,0.012836524652018576,0.020324497365696085,0.003885798962117173,0.004059844359148794,0.043974661780473594,0.14883731679544907,0.08410860849804255,0.018761074491411768,0.021208171164204606,0.011897266750651364,0.1343670221070026,0.22586931104968594,0.006646593722849439,0.06449617061136124,0.08062021326420157,0.010839731928371243,0.01318345775072178
373,0.038100872104339156,0.02363540463473738,0.043659078145817355,0.02921066861332669,0.043659078145817355,0.004172952659046669,0.027980018540910336,0.06259428988570005,0.0321328187965785,0.04415724567213899,0.03477460549205558,0.17343529987118975,0.0027920036004941327,0.043707628932638756,0.024015837849560465,0.08942041412242864,0.1390984219682223,0.038851628204917256,0.017884082824485725,0.08671764993559487
374,0.06341001265155576,0.39736354702252835,0.04010394146428661,0.018509511445055356,0.018509511445055356,0.002915518767228599,0.03437480696938852,0.004098214232107572,0.03007795609821496,0.05274578441531273,0.017187403484694257,0.026735960976191075,0.020051970732143307,0.03007795609821496,0.007762053186636116,0.031789083761802256,0.052981806269670424,0.11092057237252033,0.018509511445055356,0.02187487716233815
375,0.021735632205516674,0.03667887934680939,0.08383743850699289,0.04890517246241252,0.05335109723172275,0.013884834002727416,0.04514323611915002,0.04277569034534852,0.04890517246241252,0.0075690896098966716,0.27291368608325084,0.04890517246241252,0.026675548615861376,0.09719383801909189,0.0080392064321774,0.023562142550082887,0.006683195185244876,0.04567461166739779,0.03667887934680939,0.030887477344681592
376,0.03907130135575091,0.009848416898974923,0.0006761065909202147,0.09767825338937727,0.07163071915221,0.03598792284313424,0.056802513913109164,0.007878733519179938,0.038023053760626556,0.03907130135575092,0.15628520542300367,0.05460026134680269,0.0033766000796485447,0.04688556162690108,0.06723898372850155,0.0309276559491673,0.061608927489903716,0.005389145014586332,0.12786971352791207,0.049149623034538764
377,0.02664354920170287,0.012096368740752088,0.009992652438012593,0.009992652438012593,0.01532206707161931,0.0030644134143238615,0.025374808763526543,0.10666338151576414,0.23370661452088382,0.051420889193693524,0.12590509562976077,0.04477907428857625,0.005107355690539769,0.1245672430209485,0.050428124055452085,0.006214238880863643,0.06726248258960263,0.04540004977674307,0.01201964625640731,0.02403929251281462
378,0.08708819057844643,0.291189300407061,0.06219535403939748,0.008473480255780996,0.01961631562555568,0.010670697562573609,0.019439160586791692,0.005930354544228819,0.02203104866503058,0.005417470983204242,0.016523286498772938,0.02542044076734298,0.006479720195597231,0.020654108123466176,0.004859790146697923,0.023162785259652582,0.1858655108981241,0.15272323503133806,0.0157364633321647,0.016523286498772938
379,0.3102810759715876,0.03354904072114975,0.04351242324159784,0.019145466226303053,0.06028549936466737,0.013710774155827238,0.028155097391622128,0.02279222169797982,0.036818204281352025,0.010636370125723917,0.02393183278287881,0.03988638797146469,0.02571505927603656,0.02279222169797982,0.009971596992866172,0.2197751576914819,0.010126280955635983,0.020810289376416356,0.02393183278287881,0.024173167294549935
380,0.044446712080624985,0.021053705722401308,0.020513867114134613,0.21429664753158478,0.008600727520463546,0.02692445058730168,0.036365491702329535,0.019048590891696422,0.07500382663605466,0.049526336318410705,0.03555736966449999,0.03137414970397058,0.0010591057875327812,0.2000102043628125,0.07527265755589715,0.046316476438336786,0.0443007218270269,0.03833528916953905,0.007017901907467105,0.004975767477915062
381,0.021591851419238788,0.041724821675091166,0.041220807254910403,0.01813715519216058,0.22446189224816865,0.008797713625488274,0.06477555425771636,0.05667860997550181,0.030228591986934294,0.009485920792087465,0.028339304987750905,0.06477555425771636,0.017439572300154402,0.023864677884421814,0.0017902798011088475,0.012254834589297691,0.05038098664489051,0.010305201813727601,0.2089711150359177,0.06477555425771636
382,0.009887649564018258,0.062053785025052335,0.020873926857371872,0.020873926857371872,0.03757306834326937,0.008737922870527761,0.020873926857371872,0.04174785371474375,0.022101804907805517,0.17378650543627513,0.13746101217199572,0.06262178057211563,0.0011637648441496368,0.006823365588398042,0.003994360060557644,0.008121040094898583,0.011385778285839206,0.01460089059412996,0.02504871222884625,0.3102689251252616
383,0.017101990983938643,0.02024345137149122,0.045605309290503056,0.02606017673743031,0.03127221208491638,0.006742387974791432,0.034203981967877294,0.027363185574301833,0.045605309290503056,0.014068264938963116,0.028064805717232643,0.02958182224248847,0.023794074412436375,0.06338819162522318,0.0035111518117224064,0.011643908755022055,0.016095991514295197,0.014401676618053597,0.5080846094229894,0.0331674976658204
384,0.04990271671707704,0.05895101150643715,0.07663631495836831,0.036479288279508026,0.020900813170464085,0.10410284765018231,0.05895101150643715,0.020632854027253008,0.05349343497545665,0.03464381361131718,0.02794962061700662,0.025791693723260012,0.002187171133196422,0.10505560641946773,0.04398584193557792,0.06568826996431569,0.11225281706123248,0.06337233736941994,0.027048111161777046,0.011974424212245047
385,0.025059922882207087,0.03205873213113766,0.019114056353520256,0.1347590087062169,0.012678186293659481,0.015786662577759968,0.08877802744007349,0.08014683032784413,0.03864821478612605,0.012409831792698446,0.04642988791406143,0.08415417184423633,0.007881034723085623,0.1923523927868259,0.026531364522320817,0.020517588563928095,0.06098978307874966,0.05281473677556379,0.012823492852455064,0.03606607364752987
386,0.017022897225387006,0.05674299075129002,0.03928360898166232,0.023213041670982284,0.10213738335232204,0.010865679080034258,0.017022897225387006,0.09648443639550011,0.02837149537564501,0.23601149987896183,0.07874346606451624,0.05674299075129002,0.002198459957598667,0.027605210996979157,0.024421908424365063,0.012455778457600247,0.020427476670464413,0.05804141876916803,0.02837149537564501,0.06383586459520127
387,0.061808324118239215,0.039132360430014786,0.03668658790313887,0.01931369266336795,0.03089396876053799,0.2721368451327666,0.058698540645022196,0.0533623096772929,0.0533623096772929,0.016305150179172834,0.04515272357309399,0.04891545053751849,0.015864470444600594,0.058698540645022196,0.03306630381535292,0.06258022652343126,0.0195661802150074,0.010334144794915212,0.015206419726693407,0.04891545053751849
388,0.017754598864512913,0.07676253038480585,0.013773793766134261,0.016643754758567487,0.013773793766134261,0.02596941326451142,0.02039004713346405,0.0581026240866188,0.1517372001646661,0.06343570219299927,0.05304727709519102,0.035490442675503255,0.0063571355843696584,0.11406669745012764,0.1425524446858298,0.04869264987095892,0.05621492112429672,0.0672253675188148,0.007346023341938273,0.010663582270555557
389,0.03429506658826758,0.019520279373550165,0.14546376839027206,0.016728333364881286,0.008035983630491286,0.041634963041482315,0.044021723258506056,0.011739181308688623,0.13243263913864353,0.004537889783038055,0.03717407414418064,0.05904117658193395,0.002008995907622822,0.15334305584474517,0.07806457979054625,0.07593002378385837,0.053641354408575606,0.00991308643844817,0.026552910102986174,0.045920915119281966
390,0.018357952582855386,0.02915674821982914,0.04130539331142462,0.004504610258634166,0.03197836901529647,0.011662699287931655,0.025418703576261303,0.0330443146491397,0.46296247896057136,0.025732796371991853,0.020424124229863543,0.03590271314540115,0.011265107266752167,0.024021402543283967,0.07781224917542202,0.008829980225663309,0.027501902935239502,0.05831349643965828,0.019826588789483818,0.03197836901529647
391,0.07635601868354035,0.006541898480240643,0.047722511677212705,0.0068534174554901964,0.01599130739614379,0.0058168313665091466,0.05206092182968659,0.07635601868354035,0.28633507006327635,0.008708923795885844,0.012726003113923393,0.020560252366470595,0.006535359807977118,0.050535932665947726,0.06687554520897537,0.04772251167721271,0.03636000889692398,0.10834299948340187,0.0008887824842209087,0.06670968486342034
392,0.07403811042283195,0.04924524334188105,0.028726391949430607,0.022239787315688216,0.11490556779772243,0.009444293243648419,0.029975365512449333,0.029975365512449333,0.05303333898356421,0.004376967482831469,0.03830185593257415,0.05303333898356421,0.3213105806279558,0.02714605572147145,0.008617917584829183,0.00517680162727018,0.01699420307385439,0.0116853119794294,0.032830162227920706,0.06894334067863347
393,0.021140074734761843,0.03763710516915798,0.03033141157596264,0.04650816441647604,0.06976224662471407,0.010259153915399128,0.005465593605502497,0.04983017616051005,0.0872028082808926,0.01300039846086775,0.04983017616051005,0.04983017616051005,0.014533801380148767,0.038756803680396704,0.32505163246009,0.012225125039720073,0.02405594711197037,0.023254082208238026,0.027904898649885625,0.06342022420428552
394,0.0008080821528076831,0.016270017811961038,0.0009515603001147794,0.014720492306059988,0.06919932148792139,0.0027492309940890104,0.019427689460676748,0.01320933633020132,0.3091303384272598,0.08479101920973162,0.05828306838203025,0.025903585947568995,0.006300872257516783,0.1545651692136299,0.06624221537726997,0.00496026113889619,0.01818413755454469,0.10862526427360811,0.010136185805570479,0.015542151568541395
395,0.01786081439223682,0.2665709527584012,0.04396508158089063,0.09525767675859637,0.020558142654718205,0.006682068893702735,0.11430921211031564,0.03362035650303401,0.05715460605515781,0.07578368199702994,0.06889425636093628,0.040824718610827,0.019051535351719273,0.06350511783906422,0.0019222944731964297,0.008072519779385839,0.018436969695212194,0.022861842422063128,0.01786081439223682,0.006807337371275575
396,0.0019066669977116433,0.037160457034171264,0.042469093753338585,0.07432091406834256,0.07432091406834256,0.18194492343856938,0.029728365627337012,0.006136423233485608,0.07432091406834256,0.011433986779745007,0.029728365627337012,0.045507819078734,0.006828991714581421,0.037160457034171264,0.015768560031342676,0.1049459766430118,0.1381938012632582,0.029728365627337012,0.021234546876669293,0.037160457034171264
397,0.03691680400588045,0.05076060550808564,0.10152121101617126,0.0037941173015321565,0.03123729569728347,0.012305601335293488,0.0580121205806693,0.14492635582948635,0.18857936698770852,0.011602424116133861,0.06721631399843389,0.010032887987066745,0.023887343768510885,0.03310293623266706,0.10278355223251656,0.02337958747771614,0.017655862785421094,0.02137288652972027,0.02707232293764567,0.03384040367205709
398,0.09645303152907381,0.012204831357364321,0.010242601786875444,0.07055393949613697,0.02896639681291804,0.04211711417897119,0.14483198406459022,0.05199096863857086,0.06034578308002508,0.08912737480897859,0.06815622779510129,0.042913180463582286,0.00877769600391456,0.031205442004305136,0.045302156861928816,0.018633354674976517,0.056796856495917744,0.04805759934264067,0.04573641602039692,0.027587044583731478
399,0.009720655269580988,0.06238043645629706,0.10446515700138112,0.219667075833712,0.048518117243786595,0.0012686056950322003,0.0727771758656799,0.1455543517313598,0.011027557701771214,0.010396739409382842,0.04366630551940794,0.04366630551940794,0.016172705747928867,0.10766740252335257,0.007895251037542765,0.013645720474814977,0.021833152759703968,0.008733261103881585,0.014555435173135976,0.03638858793283995
400,0.016612428616223092,0.017561507592635823,0.03171463644915318,0.021803812558792806,0.1617444091207342,0.009428675701099594,0.038762333437853895,0.026835461610821926,0.017443050047034246,0.0016138496595999483,0.029071750078390416,0.02325740006271233,0.010901906279396403,0.020521235349452053,0.006840411783150687,0.0027482504248424076,0.014535875039195205,0.005969372274945078,0.5278367978057958,0.014796836108170907
401,0.006999850799136613,0.17664958817036197,0.009058630445941499,0.02199953108300078,0.01099976554150039,0.00481239742440642,0.030799343516201092,0.07234094250419805,0.06211853649946793,0.05490373256104334,0.27590983295180344,0.022125721307106754,0.005922950676192518,0.050471310905817704,0.017403900312350933,0.0095633444346342,0.028009675486421973,0.10606551294502858,0.011845901352385035,0.02199953108300078
402,0.1803646623987668,0.0131106795743365,0.0003614175384877182,0.010925566311947084,0.009492876968356148,0.09169593683531789,0.03093086827033703,0.07232521314086882,0.01677519511344366,0.09611537930460601,0.0131106795743365,0.029779476414902233,0.004370226524778835,0.03881920416133043,0.1708717854304107,0.04440473046617638,0.051884528673985235,0.059805124900643734,0.02185113262389416,0.04300531577307421
403,0.01664959401946968,0.0665983760778787,0.12190397502920756,0.00252573118449892,0.08879783477050496,0.014799639128417492,0.0665983760778787,0.0665983760778787,0.12233675013790006,0.03805621490164497,0.03259783592508689,0.02306158116168834,0.024217591301046802,0.042448419315785794,0.0011237580601072394,0.029599278256834987,0.013625291820356654,0.05327870086230296,0.05327870086230296,0.12190397502920756
404,0.0016886258537864916,0.06808695435939834,0.02605925395468017,0.024722176708657746,0.05211850790936034,0.006514813488670044,0.12562297469328054,0.12562297469328054,0.06514813488670042,0.029609841344110523,0.07340872038146758,0.06514813488670042,0.01447736330815565,0.023690230867891064,0.011330110415078335,0.02605925395468017,0.05006393702896936,0.12593541591242183,0.05211850790936034,0.03257406744335021
405,0.02195656343022955,0.004563943712577153,0.06952911752906026,0.04635274501937349,0.04635274501937349,0.027013575717989076,0.0029826749099582796,0.05214683814679518,0.10429367629359036,0.01379886836650365,0.05959638645348021,0.1390582350581205,0.01648382013897954,0.05214683814679518,0.20374175335324232,0.015537930084762926,0.0297981932267401,0.02195656343022955,0.03476455876453012,0.03792497319766923
406,0.018980808896862156,0.006605030775222,0.046765463508901886,0.056118556210682256,0.042706820017939864,0.010340649982897476,0.02440389715310849,0.01490729470380775,0.3222693341359863,0.018980808896862156,0.05694242669058646,0.04661032695039886,0.011388485338117295,0.05694242669058646,0.05900739109961208,0.0819418893865292,0.017721649329689136,0.05611855621068227,0.017082728007175946,0.034165456014351885
407,0.02123124356946752,0.1273874614168051,0.004065826917670976,0.03396998971114802,0.08492497427787006,0.014154162379645011,0.10813499218465261,0.03396998971114802,0.05174630184544725,0.011849996410865593,0.01698499485557401,0.23330362738169938,0.014154162379645011,0.056616649518580045,0.015923432677100637,0.005271493744178805,0.05079635090341717,0.02123124356946752,0.04246248713893504,0.0518206194066823
408,0.14865266915351982,0.01662032305050509,0.012145620690753721,0.013087420860816329,0.013729832085199857,0.0054189266721602165,0.018575655174093927,0.021052409197306447,0.01662032305050509,0.006315722759191936,0.5317266767255375,0.0287078307235997,0.007702100925843825,0.021052409197306447,0.00457661069506662,0.0691939736053586,0.0025770899066104923,0.017353238855897478,0.018575655174093927,0.026315511496633057
409,0.20748026076021778,0.05511956485702134,0.02004347812982595,0.04786158636908214,0.044095651885617065,0.03145119337521475,0.05511956485702134,0.06299378840802439,0.044095651885617065,0.01917202255896395,0.08819130377123413,0.06299378840802439,0.016781309637246642,0.07349275314269513,0.011917743752869482,0.014579366657283608,0.016763942319622662,0.005735993233478647,0.08819130377123413,0.03391973221970544
410,0.013033922425077015,0.043989488184634926,0.05865265091284657,0.05027370078243991,0.043989488184634926,0.008797897636926988,0.031992355043370856,0.05782958583405464,0.08797897636926985,0.15978362694527865,0.18855646120356387,0.039101767275231035,0.00843708550822661,0.011625691630058835,0.005310292205063522,0.01599617752168543,0.031992355043370856,0.07159853484216289,0.027070454267467646,0.043989488184634926
411,0.021900479609469062,0.05005823910735787,0.07008153475030102,0.02930638378557895,0.03504076737515051,0.16241406030694858,0.05005823910735787,0.03185524306831864,0.1620590295615745,0.008343039851226313,0.03504076737515051,0.07008153475030102,0.021900479609469062,0.07008153475030102,0.008407164465871406,0.013477218221211734,0.02061221610302971,0.0485883173480516,0.02061221610302971,0.07008153475030102
412,0.1377893268323895,0.017898030561225218,0.050711086590138114,0.03452033280217629,0.043466645648689815,0.017370729684209166,0.023405116887756053,0.06085330390816574,0.13745476083461053,0.008223419447049424,0.06085330390816574,0.13745476083461053,0.012536023221114759,0.03803331494260359,0.008949015280612609,0.012129179154191264,0.003955333974428021,0.05747638169449067,0.0760666298852072,0.06085330390816574
413,0.016608303637690256,0.06313496100264232,0.04152075909422565,0.025950474433891032,0.025950474433891032,0.025950474433891032,0.03774614463111422,0.18959997536226098,0.05931537013460805,0.00968074533392001,0.004069858160470994,0.0276805060628171,0.014317503135939878,0.029657685067304033,0.011772257367708476,0.018873072315557113,0.030433302936606885,0.33466327457101375,0.01122182678222315,0.021853031102224026
414,0.019927761459487846,0.059728657125299865,0.05314069722530091,0.04554916905025793,0.2913734107588647,0.013567837589438535,0.037511080394330064,0.047183316607887535,0.07971104583795138,0.003917420599208796,0.057971669700328264,0.042512557780240726,0.017713565741766975,0.03188441833518054,0.012263237821223289,0.006125781193544539,0.027725581161026563,0.017100406675201397,0.03188441833518054,0.10320796660827952
415,0.1246740901458087,0.018641463093367793,0.07441823734387996,0.1895074934243855,0.01414179958807212,0.0025923829750191672,0.018641463093367793,0.02563201175338071,0.006843373669469677,0.006309418277755253,0.027340812536939433,0.18751095385841873,0.011392005223724763,0.058039104765701045,0.04422027029767698,0.11490570236441823,0.030094350619252395,0.008863351107440257,0.014646863859074695,0.021584852002846915
416,0.06656399718519748,0.021412474389747763,0.12821803070795235,0.47520364486752237,0.022839972682397618,0.0030546101515563618,0.023359062970633927,0.032118711584621644,0.01382921903360698,0.008494204716594154,0.03544133692096181,0.03544133692096181,0.010487742558243801,0.022343451537128103,0.007557343902263917,0.01081893442850413,0.015340280159819293,0.013041703419011468,0.025068262700192506,0.029365679163082643
417,0.02895507043662944,0.019421299829297203,0.10914200387607799,0.48651453776272396,0.028109776068719637,0.004409705103872518,0.027389012579778108,0.03560571635371155,0.016552135318464656,0.00920837491906333,0.034457144858430516,0.04450714544213942,0.010575955352587589,0.042726859624453856,0.008614286214607629,0.011610559680558111,0.020154179068138607,0.010920080695160064,0.023737144235807695,0.027389012579778108
418,0.023294585508240814,0.03135809587647801,0.04291107856781203,0.017313486608830107,0.04076552463942142,0.01663898964874344,0.037059567854019475,0.03397127053285119,0.37993121569039173,0.01482382714160779,0.03882430918040135,0.01967496240572932,0.012941436393467117,0.07328428433828195,0.04778822309464993,0.013588508213140475,0.04175036767933607,0.018960709134614617,0.02717701642628095,0.06794254106570238
419,0.05622467230962963,0.14847724764883838,0.003131681545161146,0.03932789294215981,0.019366597519413706,0.00029889876451055526,0.08133970958153755,0.10167463697692194,0.04832604856134298,0.10167463697692194,0.05035315355047563,0.006810496741063809,0.00384941120147085,0.09507238782257636,0.018156185174450345,0.04542347418189759,0.0497998221927781,0.020138367748552214,0.004918692090768307,0.10563598646952928
420,0.021352308258219512,0.022913532149749807,0.08303675433752031,0.046708174314855175,0.08229163746472973,0.016909082506531423,0.028743491886064728,0.046708174314855175,0.049822052602512185,0.009156753245020634,0.049822052602512185,0.03558718043036586,0.018683269725942073,0.03933319942303594,0.02055050791517121,0.01288501360409798,0.02335408715742759,0.018683269725942073,0.34578054022293964,0.02767891811250677
421,0.151412511519561,0.03219180963392427,0.0404697035397905,0.0013043070275940384,0.02360732706487779,0.018475299442078267,0.1022984172811371,0.03035227765484287,0.09920574949812834,0.04091936691245483,0.016777913690915736,0.10108026507973639,0.00553595955548145,0.11533205615396422,0.03489361590609839,0.05359501279593876,0.04511834956696548,0.0683798439120598,0.006350071254816958,0.012700142509633916
422,0.0017611657361004023,0.05950103993057465,0.04297297328319279,0.040711237847235286,0.02578378396991569,0.01516693174700923,0.03515970541352138,0.030940540763898818,0.040544054646543565,0.009319439989126151,0.00886512452681771,0.09578779588136901,0.005848007383839654,0.04297297328319279,0.009100159048205537,0.10540417120119323,0.357413790576002,0.019337837977436764,0.02578378396991569,0.027625482824909658
423,0.23259018183444846,0.16620553692295598,0.020280446667627575,0.027945336994011742,0.05030160658922114,0.007859626029565803,0.06287700823652644,0.06287700823652644,0.07185943798460163,0.0132372648919003,0.03869354353017011,0.08383601098203525,0.010006751358048903,0.05589067398802349,0.009145746652585662,0.008129725540962637,0.0027596975134766178,0.00327644812432752,0.03869354353017011,0.03353440439281409
424,0.024684740381546076,0.018054900147628263,0.015475628697967078,0.0034944968027667608,0.04027984368223818,0.03462646850700258,0.17007045110278335,0.016274684316055825,0.04899536541465228,0.004567741697743837,0.02406735247201886,0.006770587555360598,0.003385293777680299,0.029836921246102346,0.09364202975699813,0.0866841080413079,0.2577909995663243,0.04994015560188627,0.019279241420558438,0.05207898981137864
425,0.022129716109780418,0.06909158784383046,0.05044230912001416,0.29072404421552467,0.06283246932316032,0.002943242837278882,0.03306972069640018,0.048332668710123323,0.011450751965629273,0.014960111743609606,0.024166334355061665,0.03696027607244726,0.022440167615414407,0.07602226010964792,0.010134269245671021,0.10110964074706898,0.024166334355061665,0.012255446821340095,0.044880335230828815,0.04188831288210689
426,0.4089901444967388,0.032501582414299124,0.10155728162057542,0.032501582414299124,0.032501582414299124,0.012718010509943136,0.04178774881838459,0.039888305690276196,0.04178774881838459,0.013500657310555022,0.028307829844712137,0.05162016030506331,0.012392092198065724,0.04618645922031981,0.012905040076265832,0.010215739412379696,0.006547079111364818,0.0072665811360534925,0.036564280216086514,0.030260093971933667
427,0.0011318159327165893,0.007172371329385956,0.012551649826425426,0.006723885277730198,0.014057847805596475,0.0026867955602696337,0.009762394309441997,0.6066374549893452,0.015280269353909215,0.033236668442800515,0.04696104764808377,0.010649884701209452,0.004949946410421294,0.00857185841804663,0.0038620461004385924,0.0032845438798122604,0.0183417819537652,0.16351931954462454,0.01597482705181418,0.014643591464162997
428,0.04042033585530833,0.008598008442603056,0.001074500370412871,0.012897012663904583,0.05916067338822403,0.050412603889714705,0.07068579979929268,0.014935061725057543,0.08105953406528256,0.006036803406961634,0.015366408672265979,0.11490039768909015,0.004606075951394493,0.07747231038934098,0.319857706670398,0.016738864925524673,0.017197473185924822,0.01577617957019307,0.04662910217791056,0.026175147161195365
429,0.009619627244218476,0.08513873427434511,0.3286909719863383,0.01198990237281213,0.0208060070587034,0.0019615705281048573,0.030210518613477302,0.02358014133319719,0.029475176666496482,0.007218410612203219,0.029475176666496482,0.007130064699672782,0.00786004711106573,0.018615901052524097,0.009069285128152764,0.31593650790961797,0.008626880975559947,0.010067117577373342,0.01813857025630553,0.02638938793333484
430,0.07228597591241359,0.03438920704977257,0.03954758810723846,0.022873281690979217,0.027376506004328748,0.04986435022217025,0.057269946789819275,0.03739826266662768,0.05235756773327874,0.04674377109757214,0.03499252647169841,0.07281778127682002,0.06941077176581302,0.10295606672522373,0.05814627252564313,0.04865917022879686,0.0770287168469416,0.03945311226369512,0.013688253002164374,0.04274087161900305
431,0.010118270596615915,0.022549288758172602,0.02818661094771576,0.03156900426144165,0.021922919626001142,0.004126786214518683,0.023212503133412974,0.03587386847891096,0.1984819977326452,0.005889739601015233,0.0676584700855452,0.02133040828475787,0.007445519872981521,0.027490154835402885,0.37541020740619835,0.04086174028369253,0.024872044851078797,0.010118270596615915,0.012527382643429225,0.030354811789847738
432,0.07642873529134868,0.03639463585302318,0.06369061274279057,0.044958079583146286,0.3597713702030255,0.02635473630736162,0.029395667419749492,0.058791334839498985,0.03821436764567434,0.002723874419520314,0.02635473630736162,0.04246040849519372,0.03322988490928203,0.028306938996795806,0.011076628303094013,0.006924766966040108,0.01864115494910944,0.019661780761619705,0.03639463585302318,0.04022565015334142
433,0.0181730244446275,0.03484921235019372,0.06490365873081248,0.029311329749399196,0.06490365873081248,0.013961256442000561,0.04782374853849343,0.050480623457298604,0.025961463492325,0.01071455116456277,0.036346048889255,0.050480623457298604,0.015400868173413134,0.029311329749399196,0.0052124899942726415,0.015400868173413134,0.016520931313297727,0.0197532874398125,0.4229561401871494,0.027534885522162884
