site,A,C,D,E,F,G,H,I,K,L,M,N,P,Q,R,S,T,V,W,Y
338,0.09096484946073516,0.017821425417610785,0.04476078942097593,0.09994888345619614,0.0037195754319537125,0.1387755212155126,0.012579829706548794,0.0037195754319537125,0.0026346992643005466,0.010463956208505413,0.013650453511361453,0.20305624112186832,0.0015549044838495032,0.11405712267270902,0.0004927755766299956,0.1385889619067833,0.0799465813126465,0.0007284569470313169,0.0011496869516947836,0.021385710501132943
339,0.003466800125905835,0.07430922736823131,0.026885961642289635,0.013016179397487688,0.014835926007358329,0.005835300699623543,0.052749779663502736,0.013063990227203484,0.0250561453401638,0.006508089698743844,0.02132437901290536,0.038547915907944305,0.014525301646471768,0.02178795246970765,0.004618644302334341,0.008352048446721268,0.017280100234595724,0.6060287022991829,0.009029241564022992,0.022778313945603455
340,0.0030680408411101166,0.010688102043684766,0.013154587130688943,0.008274659646723692,0.010915508470146147,0.002965484960097507,0.01832246064631675,0.11633449013370993,0.014807639095662056,0.005994971340021017,0.04113570759908039,0.01832246064631675,0.00712540136245651,0.013154587130688943,0.003435696441382821,0.005182110081786553,0.3565054461701659,0.3310177925132059,0.005344051021842383,0.014250802724913024
341,0.027067540601889994,0.08285981816905101,0.004426124937581448,0.049335410072764964,0.003889624945147334,0.07546121812011714,0.006112267770945811,0.004584200828209358,0.005834437417721001,0.04953327973191202,0.042964350161730155,0.015467166058222855,0.0018078538477445357,0.15772439072529887,0.0005887515877404407,0.17883910754820176,0.2843229054820378,0.001513434244678824,0.0018336803312837434,0.005834437417721001
342,0.005281253968810926,0.012448670069340043,0.013759056392428467,0.007803643924063906,0.13133331292957162,0.0017967152677398,0.022732354039664428,0.31087686177260243,0.018673005104010064,0.0042665813806503925,0.26232575389468954,0.022732354039664428,0.007162248533044954,0.019364597885640066,0.002640626984405464,0.004149556689780014,0.0036543976496438086,0.01582062022004491,0.006535551786403523,0.12664283746780122
343,0.23173634431126083,0.3527180794661402,0.024810184830859946,0.008970036720990329,0.05811831991203444,0.0012588149852720575,0.08328065765172755,0.012558051409386461,0.011773173196299806,0.0028115040468775663,0.012152952976825606,0.05327512658603158,0.0047688802820454925,0.008970036720990329,0.002058696952358436,0.10824606544967168,0.007070166236087684,0.0015205441716374141,0.005886586598149904,0.00801577749535306
344,0.014401482205026093,0.022402305652262814,0.024587896447605524,0.021002161548996385,0.031503242323494586,0.003512556635372218,0.0387732213212241,0.018751519758471308,0.023842546084951777,0.006559319577599943,0.6177833696518723,0.040324150174073065,0.016526291054947975,0.025848814214149397,0.004321400635568629,0.010839825315611038,0.003573914718996983,0.003384954818439035,0.01276080701711173,0.059300220844225086
345,0.0029259311454458065,0.021521634823846426,0.018501054497692546,0.018831430470865624,0.047934550289476144,0.004859723992481453,0.036364141598912936,0.012227199747445504,0.019173820115790458,0.0067169433526654485,0.015283479802441668,0.04219302262627283,0.009855701928677338,0.025720978204109145,0.0046252636244231374,0.008094267182042989,0.6526299994471545,0.008050077147850956,0.0206776491444799,0.023813130857925243
346,0.005879570145383772,0.011675947296245314,0.676627618027174,0.008999726989160475,0.023351894592490628,0.001458587406237556,0.022295812575374257,0.02733880342535488,0.026687879534275,0.007677335208490069,0.01899815153287373,0.07315451913206839,0.013186952240465294,0.025474794100898864,0.0041514479275538895,0.006358813173719101,0.010777797504226444,0.004961554885087751,0.008122398119127175,0.022820396183793373
347,0.002489349734857916,0.01335764281714425,0.012770493682324722,0.011980566238057214,0.01684224529118188,0.002677684159197119,0.03228097014143194,0.009359564278927077,0.018446268652246824,0.005587090986017065,0.01708992536899338,0.019608050910142918,0.02219188797793689,0.03521560379065303,0.004077596228391403,0.05018268871341047,0.6886733792567392,0.004648459700366199,0.008803900947663255,0.023716631124317343
348,0.0029681692886282546,0.03401709954304178,0.019912448513000072,0.017008549771520894,0.03710956313786377,0.005790144603070943,0.045356132724055725,0.006982093865465648,0.07944299885386731,0.010602732325103933,0.02721367963443343,0.03401709954304178,0.010171235214569023,0.1166300555761433,0.007005818929442813,0.008945336617109119,0.47830164211839604,0.010334308721936747,0.025512824657281347,0.022678066362027863
349,0.00740473000816844,0.02631611505990433,0.024561707389244042,0.01782704568574164,0.021255323702230423,0.005639167512836641,0.02631611505990433,0.03565409137148328,0.02695797152478004,0.018503344417318695,0.0193908216230874,0.027631920812899544,0.6509084711456458,0.02106117925527944,0.004624589257389045,0.0044618299221506385,0.012812378856228462,0.00944681053432463,0.010140154426752125,0.029086232434631102
350,0.00801840688546064,0.005051569590736038,0.013730148776473695,0.018561127049677408,0.09080820923447676,0.0037822673988021885,0.006708726239022056,0.018223652012410545,0.028637167448073715,0.013258217804102792,0.019275016551588073,0.0250575215170645,0.0126873526668681,0.030372753354017575,0.005247648485249109,0.00730846264276462,0.010894574572636739,0.012075913984127466,0.0803955760461552,0.5899056877402928
351,0.00867802044861191,0.016454049683107104,0.008876249870016279,0.01753333986109533,0.020905135988229046,0.6392952688377891,0.049412139608541385,0.027873514650972063,0.028607028194418696,0.00739501409107422,0.016985422990436098,0.040261743384737425,0.01753333986109533,0.028607028194418696,0.004941213960854137,0.004229790116603427,0.015986280461586917,0.009066267213830964,0.012078523015421224,0.025280629567160706
352,0.009468421507540315,0.02272421161809676,0.024347369590817954,0.016128995372783173,0.019477895672654365,0.0032309305618147045,0.015037312319451782,0.1813515997026419,0.02323883456443927,0.1443506136352041,0.02350780512216906,0.030987561297404667,0.013912782623324547,0.39886117511922486,0.0027687751291665804,0.01032918709913489,0.014202632261310471,0.009880092007868156,0.014202632261310471,0.02199117253364203
353,0.018304470561282534,0.028536878107893203,0.053902991981576054,0.02256404315507835,0.028536878107893203,0.0058449027449901745,0.030320432989636527,0.02695149599078803,0.029165595717628535,0.023141894804213775,0.02366472818703338,0.042184950246450824,0.012600699424264528,0.5686879179603511,0.005109785714006599,0.011282021577539174,0.01492698239489798,0.01010681099654551,0.016444980604548624,0.02772153873338197
354,0.010494003214434167,0.026040674643225528,0.03056948762465606,0.01528474381232803,0.026040674643225528,0.030520439648936852,0.027042239052580356,0.08015785883833577,0.12397659581627697,0.010494003214434167,0.02511065054882462,0.05859151794725745,0.013521119526290178,0.033480867398432826,0.4099537456047559,0.00683922790989119,0.021306006526275432,0.008574368480086452,0.014959536497172115,0.027042239052580356
355,0.0025304864196927183,0.02778771455449951,0.025534656617648196,0.020995162107844068,0.02207483301102645,0.003998801648692813,0.032578699822516655,0.05048632213091795,0.032578699822516655,0.008287563989938448,0.023619557371324578,0.05557542910899901,0.019682964476103817,0.02778771455449951,0.008287563989938448,0.010736162441511172,0.021472324883022347,0.5534974377796975,0.017495968423203393,0.034991936846406786
356,0.009511117742229914,0.020608492950450894,0.022985201210388956,0.016973687047671847,0.6465143866929216,0.005687060093292114,0.03558998897092483,0.018699824713536775,0.02347424804465255,0.0025900069232063284,0.030646934947185272,0.03677632193662233,0.017512534255534444,0.039403202074952494,0.007117997794184967,0.005009277622545073,0.01671650997119197,0.007922070616256294,0.017238900907791718,0.019022235484459825
357,0.015418290593103824,0.029057547656234126,0.039762959950636174,0.05554231499666471,0.050366415937472486,0.009685849218744708,0.05811509531246825,0.05396401707586339,0.43993040089573454,0.013254319983545391,0.025183207968736247,0.0237053713975161,0.016074388065150796,0.03552404516144223,0.004809737197136706,0.012591603984368123,0.03076837160000754,0.015418290593103824,0.023609257470690235,0.047218514941380456
358,0.012065926096521311,0.022523502823136563,0.08377834331057082,0.3407340738861948,0.03253394852230838,0.0030434236279104315,0.05856110734015507,0.05856110734015507,0.11667015687717892,0.02152908837447531,0.045047005646273126,0.048800922783462555,0.017745790103077294,0.03253394852230838,0.00976018455669251,0.013943120795275018,0.020193485289708647,0.016342832410968258,0.017745790103077294,0.027886241590550035
359,0.025188997761797925,0.030786552819975242,0.09235965845992573,0.0037112548554704976,0.05541579507595544,0.01583308430741584,0.0395827107685396,0.03565485923421154,0.32517758980154327,0.02770789753797772,0.05541579507595544,0.01992411681367682,0.04262753467381188,0.06515016730911816,0.004633738521881924,0.022166318030382177,0.03934504381721347,0.02409382394606758,0.0325975265152679,0.04262753467381188
360,0.0023836152140947185,0.07150527046486056,0.04469079404053785,0.013751013550934724,0.027502027101869452,0.004779483622335023,0.03575263523243028,0.07150527046486056,0.0595877253873838,0.009042998960332557,0.005726366763230681,0.1787631761621514,0.023835090154953525,0.05107519318918611,0.016251197832922854,0.012768798297296529,0.03972515025825586,0.20947020955544202,0.03250239566584571,0.08938158808107569
361,0.028687228046938563,0.16129997918766437,0.2823068094750722,0.014176925091053071,0.06048749219537415,0.0012086305782381794,0.03169570756969416,0.04838999375629932,0.03456428125449951,0.021995451707408773,0.053766659729221455,0.007191872262614895,0.018611536060115123,0.12097498439074829,0.017282140627249754,0.01099772585370439,0.015609675405257845,0.009821979235916172,0.03456428125449951,0.026366646318430442
362,0.002683509185991661,0.031306762226299516,0.023480071669724628,0.03954538386479939,0.044197781966540485,0.005692138586599911,0.03954538386479939,0.006907727608897211,0.04696014333944926,0.02683436762254244,0.03954538386479939,0.03374472270423179,0.010503842518105088,0.034152831519599476,0.013914116545022,0.010764779714174142,0.4395311710158359,0.015027245868623765,0.04174234963506602,0.09392028667889851
363,0.011991308439273098,0.03483189594265042,0.040637211933092166,0.01741594797132521,0.07314698147956591,0.0024714925383243496,0.03180303542589822,0.048764654319710596,0.07843860436672524,0.016254884773236868,0.01726762160138316,0.03849841130503468,0.015563187548843808,0.027091474622061445,0.4348773312437862,0.011332831967536108,0.015563187548843808,0.014629396295913177,0.026392904512344974,0.04302763616445053
364,0.113519068541173,0.027607771103044926,0.03341993344052807,0.009036712040546744,0.0352765964094463,0.002702037171787375,0.030237082636668258,0.06825916208993353,0.02267781197750119,0.013388366018824833,0.022272173487369262,0.09071124791000475,0.007650346209277508,0.019241779859697983,0.004409574551180786,0.010762351446949717,0.06950023776429597,0.3704205276727043,0.015487286228537398,0.03341993344052807
365,0.016364377615064072,0.03504364744554663,0.0438045593069333,0.02190227965346665,0.03504364744554663,0.007964465328533326,0.018444024971340334,0.02336243163036443,0.05006235349363806,0.0042681638568722365,0.038937386050607384,0.3772736524105697,0.20382846969475452,0.019988586947644795,0.012778623710680581,0.012017564100729817,0.009789345650766288,0.014017458978218655,0.011304402401789239,0.0438045593069333
366,0.007309785820497279,0.03713288330587961,0.2156456532728984,0.014394435166369847,0.03375716664170874,0.0013364506736699784,0.0699036701005634,0.01954362279256822,0.04125875922875512,0.009056800806312099,0.05304697615125659,0.127300239275294,0.10941444015740359,0.04125875922875512,0.009283220826469903,0.013752919742918375,0.023208052066174756,0.013421466267550792,0.01547203471078317,0.14450266376417092
367,0.009282732033027794,0.032268544686239485,0.03986114343594288,0.037646635467279393,0.06776394384110289,0.008164330583265409,0.01746686114743068,0.061603585310093543,0.04840281702935922,0.0049338720349176735,0.056469953200919076,0.056469953200919076,0.39490318676935604,0.024201408514679612,0.00720893019586201,0.005110033516448581,0.028359779437537033,0.0183145794165143,0.056469953200919076,0.02509775697818626
368,0.009339915428721566,0.0864312808721377,0.0091260011337442,0.008112001007772622,0.0091260011337442,0.15000470234007365,0.33987771501367636,0.010429715581421943,0.04594596186456003,0.002262613364408771,0.02200068967654413,0.023572167510583004,0.002466449308397503,0.12752808825476245,0.07216804534646613,0.053943998726141855,0.004867200604663572,0.003422250425154074,0.008424001046533106,0.010951201360493037
369,0.026149066974995933,0.030588673585793858,0.022449344947420746,0.08698061115462315,0.017148195798096556,0.012661272893455583,0.02263561845348746,0.06467319558139274,0.0722864611387337,0.05765676398529823,0.03661644161593558,0.08231133983086347,0.18424340601675837,0.01654999199076581,0.0626521582194742,0.04850489668604455,0.03536815383357415,0.060899933397605174,0.01561077134723273,0.044013702548447824
370,0.010699192235980978,0.01960233647557983,0.006279600004752626,0.08461128706107847,0.029430012890809893,0.39369641895545476,0.056407524707385644,0.029430012890809893,0.06768902964886277,0.01381408768344138,0.03760501647159043,0.04834930689204484,0.016116435630681613,0.039817076264036924,0.009401254117897608,0.0066079698517701796,0.028203762353692822,0.021967429165157402,0.028203762353692822,0.052068484345279054
371,0.0027546139851583355,0.043821798921165334,0.04780559882308945,0.03756154193242742,0.17528719568466133,0.010311011510862429,0.015466517266293646,0.006256074983541843,0.0262930793526992,0.009225641878140069,0.030933034532587295,0.1157655932100409,0.00891290825515227,0.043821798921165334,0.007848680403790805,0.017196539896874346,0.30586967313631463,0.01947635507607348,0.016963277001741415,0.05842906522822043
372,0.02556789911162931,0.042844303673466734,0.008946671259730116,0.011065619715981988,0.017520564550304814,0.0033497207985172567,0.0034997551909309514,0.07205498840550081,0.12193921114777058,0.09925237530170515,0.016172828815665983,0.018282328226405027,0.01025594022456867,0.10568064966140117,0.2452584020708962,0.005729641046739168,0.0634083897968407,0.10846171938933279,0.0093443010934959,0.011364690519116637
373,0.032396124553530414,0.028658110181969232,0.038028793887795335,0.011463244072787681,0.044098578089767464,0.0012676264629265111,0.01595744031176067,0.07164527545492305,0.010939054198451549,0.038738524297758134,0.028658110181969215,0.22926488145575372,0.002310637979197631,0.044161211684064804,0.01987125759459335,0.08188031480562635,0.17831713002114183,0.03755200644533898,0.008188031480562635,0.07660364684008152
374,0.07941006830175437,0.47636579525932454,0.03246463373569414,0.014983677108781904,0.014983677108781904,0.0035519327781480927,0.027826828916309256,0.012844117750190643,0.0243484753017706,0.041413983620081966,0.013913414458154628,0.021643089157129418,0.01623231686784707,0.0243484753017706,0.006283477497231123,0.014657409084902293,0.029314818169804576,0.11272215043588944,0.014983677108781904,0.01770798203765134
375,0.01982294563211964,0.033451220754201885,0.07645993315246145,0.04460162767226918,0.04865632109702092,0.009557491644057683,0.04117073323594078,0.1104077168735708,0.04460162767226918,0.006903026808833358,0.31254308996519453,0.04460162767226918,0.024328160548510468,0.06690244150840377,0.007331774411879865,0.03669885183743941,0.006095089093949991,0.004245650609236014,0.033451220754201885,0.02816944905617001
376,0.04644960557675006,0.017031522044808366,0.00411282019960269,0.11922065431365854,0.06812608817923343,0.03562861300270164,0.04650306485237979,0.00603141372538349,0.07153440062595423,0.02767622332281358,0.09367337124644598,0.05250463701980047,0.002584891596592924,0.04087565290754007,0.06337310528300784,0.030268876995715326,0.04479282856390909,0.0046983509089126504,0.14244545710203352,0.08246842253275626
377,0.010403459298948798,0.016446830954198827,0.009080052360939287,0.009080052360939287,0.013922746953440238,0.0027845493906880478,0.01736054378498765,0.11597396682965926,0.21204664194520628,0.04845530308639044,0.1316448958845179,0.018381752242928096,0.004640915651146746,0.1562448940648889,0.066507944599288,0.009566013922340137,0.05112204585836008,0.06933202116418465,0.012335123215649123,0.024670246431298243
378,0.08786364614667319,0.3739830335033217,0.06632500452291236,0.0065276116029670825,0.011433249511406682,0.002073116923389417,0.014975108971512715,0.02668027903866491,0.016971790167714412,0.004173391024847806,0.012728842625785807,0.01958283480890124,0.004991702990504239,0.01591105328223226,0.0037437772428781783,0.008706922066041853,0.1507964800374058,0.14768060564440133,0.012122707262653151,0.012728842625785807
379,0.3840875141773581,0.028604878424631334,0.03709994533472173,0.016323975947277563,0.04418438331867849,0.019971362343094236,0.02400584698129053,0.01943330469913996,0.03139226143707224,0.009068875526265313,0.020404969934096955,0.03400828322349493,0.001194347286098916,0.01943330469913996,0.008502070805873731,0.23489155631334946,0.008633958807860064,0.017743452116606044,0.020404969934096955,0.020610738689853605
380,0.027406275350851675,0.02344684134036734,0.044059449112118856,0.2409282574464278,0.00850510165813753,0.031820713247641394,0.02892792113421945,0.015152720594114953,0.039775891559551746,0.05454979413881384,0.029699332364465304,0.018718066616259642,0.000885857667910164,0.18385300987526143,0.08006502042954936,0.04881762249925317,0.062344129135122835,0.03659382023478761,0.0066990975258192425,0.01775107806932642
381,0.023018953111616457,0.04448260110171424,0.04394527412217685,0.019335920613757822,0.12084950383598639,0.0057184219098200765,0.06905685933484935,0.06042475191799318,0.032226534356263034,0.010112887574754672,0.030212375958996587,0.06905685933484935,0.01859223135938252,0.025442000807576078,0.0019086073722089114,0.01306481122551204,0.05371089059377171,0.010986318530544218,0.27879733760337716,0.06905685933484935
382,0.007579794151838802,0.08128482277696693,0.016001787653881914,0.016001787653881914,0.06502785822157355,0.0066984227388342905,0.016001787653881914,0.03200357530776383,0.016943069280580852,0.1673567350223095,0.13469439266644334,0.048005362961645745,0.0008921329485524558,0.021136632042781007,0.005428939785494052,0.006225525269642037,0.008728247811208317,0.005647689760193617,0.0192021451846583,0.3251392911078677
383,0.015095407419617067,0.022465981273644166,0.04025441978564552,0.023002525591797433,0.027603030710156927,0.005951300848900543,0.030190814839234133,0.02415265187138731,0.04025441978564552,0.012417629686520501,0.02477195063732032,0.02611097499609439,0.0210023059751194,0.055950829296667774,0.0030991869402722453,0.010277724200590347,0.014207442277286653,0.012711922037572269,0.5612035401642399,0.02927594166228765
384,0.05714240465180613,0.06670923257993656,0.09153989137357962,0.03444677118872863,0.02627939465270228,0.11247040746192692,0.044472821719957714,0.019456859502481504,0.05559685821389226,0.03761913344119709,0.025442362611786232,0.016433776035187732,0.0018114316507503074,0.10122993641915241,0.04115814026996794,0.06813871613522089,0.12576436125141474,0.05003192443495242,0.021255392733803325,0.003000183671555197
385,0.03837175273184536,0.085950000064777,0.04225114360729578,0.13287747191500593,0.009934793672060323,0.014031057282870131,0.059503846198691764,0.10027500007557319,0.01902247815636701,0.011090322589003483,0.04149310347954752,0.053718750040485624,0.006175682552902363,0.17190000012955398,0.026674137951137693,0.02062800001554648,0.05031219515986947,0.06519858919649879,0.007616675148579579,0.042975000032388494
386,0.01430545408240629,0.04768484694135432,0.03301258634401452,0.019507437385099486,0.08583272449443775,0.00913114090366359,0.01430545408240629,0.13852687592051896,0.023842423470677155,0.24916446757557215,0.06699579138021061,0.04768484694135432,0.00184750971347779,0.04840803303942795,0.018871695851605686,0.010467405426150943,0.01716654489888755,0.0757568852690338,0.023842423470677155,0.053645452809023594
387,0.09057480066375635,0.034283022019939526,0.03214033314369331,0.006280728558811981,0.02706554369995226,0.2990482166912798,0.05142453302990929,0.046749575481735715,0.046749575481735715,0.014284592508308137,0.03955733309993022,0.042853777524924405,0.013898522440516025,0.05142453302990929,0.03267113516334802,0.07490350084216799,0.017141511009969766,0.02277296977077996,0.013322018314408022,0.042853777524924405
388,0.021547894569789082,0.07453036474727046,0.011712796640873716,0.0012917753839497624,0.011712796640873716,0.028366034344110395,0.05279234169598324,0.010039539977891756,0.16282437233674793,0.05719170350398185,0.046354251245253573,0.0664918912402158,0.005405906141941715,0.1839713518850855,0.07827491188883048,0.03466959753169048,0.05687937007630548,0.08062830368113805,0.006246824875132648,0.00906797159293449
389,0.04178365622540725,0.0187449350447117,0.14332261769959762,0.007062200438884145,0.006725905179889662,0.03285321754908175,0.044597092950764354,0.027983193608580186,0.1661502120509448,0.0038720433810533403,0.035445378570868234,0.056295601259614254,0.0025318127550620173,0.11298214419464245,0.0820352739904487,0.0690053646645626,0.08009025353984654,0.0031387557506151755,0.027849940305682185,0.03753040083974283
390,0.015288068333954909,0.02428104970686956,0.03439815375139853,0.003751332788393221,0.026630828710760158,0.009712419882747821,0.04785282820260486,0.027518523001118827,0.48341336489467934,0.03049444934479722,0.017008727170313428,0.029898929603613834,0.00938131465947233,0.040574958530285594,0.08671665721407437,0.0073533985049881005,0.014020953774757325,0.0485620994137391,0.016511113800671297,0.026630828710760158
391,0.08163380844623787,0.005379252103971229,0.029762325996024235,0.012755282569724665,0.013149282920818565,0.007015145086134275,0.08928697798807268,0.10714437358568722,0.21104194797180814,0.008147030195336085,0.023809860796819383,0.025510565139449347,0.010504350351537963,0.0672481111007646,0.06902374857279235,0.04145466835160516,0.03826584770917401,0.08928697798807267,0.0007308253196925537,0.06884961780627692
392,0.08287303753957488,0.0419700976096448,0.024482556938959465,0.018954237630162164,0.09793022775583789,0.008049059815548319,0.02554701593630553,0.02554701593630553,0.04519856665654056,0.038642418361922476,0.032643409251945955,0.04519856665654056,0.3436589286795758,0.02313568846512465,0.00734476708168784,0.025641367338673355,0.01648583040659284,0.009959006212458087,0.02798006507309653,0.05875813665350272
393,0.017743227515596607,0.06786860394980836,0.025457674261508172,0.03903510053431253,0.05855265080146881,0.008610683941392472,0.054068709381742845,0.04182332200104914,0.073190813501836,0.010911457531665496,0.04182332200104914,0.04182332200104914,0.01219846891697267,0.03252925044526044,0.3425120478244701,0.015492483014398742,0.020190569241885795,0.019517550267156267,0.023421060320587522,0.05322968254678982
394,0.0007330013688763877,0.011130074430364624,0.0008631486292935832,0.015205299902637654,0.0478387024741597,0.002493793576584824,0.01762261784807732,0.034030164749081014,0.29935434183317877,0.11945144763681276,0.05286785354423197,0.023496823797436433,0.005715443626403457,0.15965564897769544,0.04561589970791296,0.004499391790998465,0.012439494951583991,0.12369434756416856,0.00919440931204034,0.014098094278461856
395,0.01644875795573008,0.30790752244511005,0.04048925035256634,0.0877267090972271,0.01893283839810849,0.006153791840746208,0.10527205091667251,0.03096236791666838,0.052636025458336254,0.10203645469417147,0.047850932234851144,0.03759716104166876,0.017545341819445417,0.05848447273148473,0.0017703199761702382,0.007434315201308806,0.01697936305107621,0.021054410183334503,0.01644875795573008,0.006269156729593271
396,0.0017796973591092835,0.03468585092540135,0.039640972486172966,0.0693717018508027,0.0693717018508027,0.1932086952779085,0.027748680740321077,0.017176381343567068,0.0693717018508027,0.010672569515508106,0.027748680740321077,0.042477341628322764,0.006374232382689928,0.03468585092540135,0.011099472296128433,0.10050858217312171,0.16182286874480925,0.027748680740321077,0.019820486243086483,0.03468585092540135
397,0.0327911183039508,0.04508778766793235,0.09017557533586469,0.0033701007615336846,0.02774633087257376,0.010930372767983606,0.051528900191922695,0.12872992143654055,0.21037862604175803,0.01030578003838454,0.030058525111954913,0.008911649471654914,0.03199678075552915,0.11132382895905923,0.046942933263685024,0.07094938341443417,0.01568270875406343,0.01898433164965573,0.024046820089563926,0.030058525111954913
398,0.09794715325573021,0.008443867518841875,0.015960563565566452,0.06090193919425749,0.06068234925523132,0.06488589123693546,0.13003360554692428,0.07001809529449769,0.038385996433201355,0.06418325401995618,0.07585293656903913,0.042140520316132864,0.004605745919368295,0.04902973113809807,0.05439384860605685,0.009315272911987263,0.04908131189761356,0.04577488091280469,0.043914858013654245,0.014448178394102694
399,0.008938226083928294,0.05735934757457355,0.05722537083694045,0.24877740148149122,0.04461282589133497,0.0011664938421425547,0.06691923883700247,0.13383847767400495,0.010139934105105303,0.009559891262428923,0.04015154330220148,0.04015154330220148,0.014870941963778328,0.17153210786299164,0.007259751200493769,0.012547357281937963,0.02007577165110074,0.008030308660440296,0.013383847767400495,0.03345961941850124
400,0.01422445403298939,0.015037106450377404,0.027155775881161567,0.018669595918298573,0.17352557639736338,0.008073338775480466,0.03319039274364191,0.022977964207136707,0.01493567673463886,0.001381864797102388,0.02489279455773143,0.01991423564618515,0.009334797959149287,0.017571384393692775,0.005857128131230926,0.0023531996881622844,0.012446397278865715,0.005111297299892472,0.5606771729383018,0.012669846168597561
401,0.005625148122465824,0.18307001669274311,0.007279603452602829,0.017679036956321156,0.013076429763767371,0.003867289334195253,0.02475065173884962,0.07261486279211236,0.0704115448818243,0.05031149413982224,0.2807073589288728,0.010962440597272319,0.004759740719009542,0.04576750417318578,0.02209465718705521,0.00927632986348346,0.027896941683424943,0.12265043057865149,0.009519481438019086,0.017679036956321156
402,0.1995061469292329,0.012285402246469552,0.0003386674057645266,0.010237835205391295,0.010231084457909385,0.08133307099189045,0.043605389390367434,0.018391649333302007,0.02688219808571247,0.0978347451287585,0.012285402246469552,0.03619698887311344,0.004095134082156518,0.04603988006059224,0.18722884557974173,0.056691988206200354,0.056590754456115125,0.046039880060592224,0.02047567041078259,0.03370926684943753
403,0.015420293009977548,0.06168117203991019,0.14238043358903013,0.002339247124216161,0.08224156271988028,0.013706927119980042,0.06168117203991019,0.06168117203991019,0.14286312769089599,0.035246384022805825,0.015865113021922287,0.02135885946352581,0.022429517105421896,0.05797887236595953,0.0010407868527553172,0.02741385423996009,0.012619286210261735,0.04934493763192816,0.04934493763192816,0.12336234407982039
404,0.0013947400036561297,0.06406118956478901,0.02152394141930636,0.01560114750252082,0.043047882838612724,0.0053809853548265904,0.1076197070965318,0.13194875065835115,0.05380985354826591,0.10430141823321999,0.11404327557006244,0.05380985354826591,0.011957745232947976,0.019567219472096692,0.009358235399698416,0.02152394141930636,0.018841526342585003,0.1322557771822109,0.043047882838612724,0.026904926774132955
405,0.019556334561632072,0.053051767595141255,0.06192839277850158,0.041285595185667705,0.041285595185667705,0.030908425056150414,0.0026566173988512966,0.04644629458387617,0.09289258916775232,0.012290415447060953,0.05308147952442992,0.12385678555700314,0.014681855952367595,0.04644629458387617,0.23495179547509376,0.013839367900101991,0.02654073976221496,0.019556334561632072,0.030964196389250784,0.03377912333372812
406,0.0157716078033663,0.017455019278347677,0.014621269874543923,0.05289995145413731,0.03548611755757418,0.02687924769797649,0.030228543688078462,0.021374239338200315,0.37029966017896104,0.0157716078033663,0.047314823410098884,0.023950326074704,0.00946296468201978,0.047314823410098884,0.06975166651280026,0.0850066789966103,0.031508150006717126,0.042319961163309834,0.014194447023029667,0.028388894046059335
407,0.019987322178811148,0.11992393307286689,0.0038276134066701096,0.03197971548609783,0.07994928871524459,0.013324881452540764,0.06493677862954644,0.03197971548609783,0.016798831406671016,0.01115571470445273,0.015989857743048917,0.2774762473170826,0.013324881452540764,0.053299525810163055,0.014990491634108358,0.004962641188856737,0.1058424704643777,0.019987322178811148,0.039974644357622297,0.06028812331438915
408,0.13806747280682358,0.012377071198864885,0.009044782799170491,0.011054500182540545,0.010224537077323168,0.00403544750838743,0.013833197222260753,0.015677623518562184,0.012377071198864885,0.004703287055568656,0.6095355742263734,0.021378577525312074,0.005735715921425191,0.015677623518562184,0.003408179025774388,0.07591344708836506,0.0019191459253269313,0.0016065195800308099,0.013833197222260753,0.019597029398202733
409,0.24290016209896356,0.05182226742255361,0.01884446088092858,0.044998467141749786,0.041457813938042896,0.03515403457379692,0.05182226742255361,0.0592254484829184,0.041457813938042896,0.018025136494801253,0.08291562787608577,0.0592254484829184,0.015777437974663053,0.0690963565634048,0.011204814577849427,0.026151302398057685,0.009722024321785027,0.005392861428611648,0.08291562787608577,0.031890626106186835
410,0.011828741049002193,0.03992200104038241,0.053229334720509884,0.04562514404615132,0.03992200104038241,0.00798440020807648,0.029034182574823573,0.09868185871080135,0.07984400208076484,0.17771340678988032,0.14641565087093047,0.035486223147006585,0.0017906009472716904,0.0203890566782846,0.008230358904144313,0.014517091287411786,0.029034182574823573,0.09586237703334988,0.02456738525561994,0.03992200104038241
411,0.02190855452677544,0.050076696061200986,0.0701073744856814,0.008207320865312877,0.0350536872428407,0.2044532020305759,0.050076696061200986,0.03186698840258245,0.17526843621420346,0.008346116010200164,0.0350536872428407,0.0701073744856814,0.02190855452677544,0.0701073744856814,0.004298542281120615,0.013482187401092575,0.02061981602520041,0.018330201140151315,0.02061981602520041,0.0701073744856814
412,0.16891862200241478,0.017371314252621183,0.04921872371576003,0.03350444324923656,0.04218747747065145,0.012839667056285224,0.02271633402265847,0.05906246845891202,0.14765617114728005,0.007981414656609735,0.05906246845891202,0.14765617114728005,0.012167103978686776,0.03691404278682002,0.008685657126310592,0.023379983337073793,0.003838933518904146,0.013948449581031166,0.07382808557364003,0.05906246845891202
413,0.014508956230923376,0.08394552636250419,0.03627239057730843,0.02267024411081777,0.02267024411081777,0.02267024411081777,0.03297490052482585,0.21140365642095588,0.05181770082472634,0.008457065417193611,0.0035554139185133564,0.024181593718205625,0.012507720888727045,0.02590885041236317,0.010284203047663053,0.016487450262412925,0.032053432544965274,0.33873632582878666,0.009803348804677953,0.019090731882793914
414,0.01681534612024897,0.025623384564188906,0.044840922987330584,0.038435076846283354,0.31528795964129425,0.011448746294637597,0.031652416226350996,0.04670153449717342,0.06726138448099588,0.015532484599542123,0.04891737053163336,0.03587273838986447,0.014946974329110196,0.026904553792398353,0.010347905304768595,0.005169026698546734,0.023395264167302914,0.009077763707134666,0.026904553792398353,0.18486459302879635
415,0.12303353236770907,0.01687196115687535,0.014688364527575028,0.215256644380769,0.012799418808664056,0.0023463064373863193,0.01687196115687535,0.023198946590703606,0.00619378072176933,0.005710509930019347,0.024745543030083847,0.25713186389141895,0.02321329326797533,0.026513081817946975,0.03979421703081484,0.1012943706238923,0.04952169230501402,0.008022016021783386,0.013256540908973487,0.019535955023750405
416,0.06627548526352602,0.020839988248618557,0.03191044125111284,0.5783123356471799,0.022229320798526464,0.0029729417770150294,0.022734532634856607,0.03125998237292784,0.015770187553159187,0.008267102776311493,0.034493773652885897,0.034493773652885897,0.010207341182996843,0.02174607469421067,0.007355289970100667,0.010529678272986216,0.014930140834831202,0.012693019080704623,0.024398035022772945,0.02858055531239117
417,0.011179395866959325,0.017036825947490435,0.12001330770447524,0.5395076777628602,0.024658563871367743,0.0038682981569084277,0.02402629300287113,0.03123418090373247,0.014519926624818304,0.008077805406137709,0.03022662668103142,0.039042726129665584,0.009277479476356182,0.037481017084478964,0.007556656670257855,0.010185058990347546,0.017679725039848573,0.00957935440836684,0.020822787269154982,0.02402629300287113
418,0.020899887142069487,0.028134463460478154,0.03849979210381221,0.00328197722410319,0.036574802498621606,0.01492849081576392,0.033249820453292375,0.05346990597643482,0.42607897407256323,0.013299928181316947,0.03483314523678248,0.017652363621526244,0.011611048412260825,0.040449917089659546,0.05892733443800284,0.012191600832873867,0.053563806564450714,0.017011536045870516,0.024383201665747735,0.06095800416436934
419,0.07066734259733164,0.1391450189491478,0.0022688812266543983,0.03722181825465035,0.022477272291785408,0.0013638079365458206,0.08027597247066219,0.09633116696479462,0.03548406446926069,0.10096247306887127,0.04174350568474433,0.004934156930440868,0.0027888713085100557,0.11384592459475729,0.01705864415001571,0.0402839425489141,0.0527527819092923,0.01681800914332897,0.005351731498044144,0.11822461400224794
420,0.01811917972963137,0.04880722726031134,0.0704634767263442,0.03963570565856862,0.09534009821389296,0.04942312606280844,0.024391203482196068,0.03963570565856862,0.042278086035806524,0.00777025395943066,0.042278086035806524,0.030198632882718946,0.015854282263427447,0.033377436344057786,0.0029344308293530524,0.010933987767880998,0.01981785282928431,0.015854282263427447,0.3693991204210367,0.023487825575448068
421,0.15215160890292398,0.04719140810892829,0.09269740878539484,0.0010594053815362258,0.014613646916058319,0.028212254847728865,0.10814697691629402,0.027809222635618455,0.09963746764195378,0.03172311322877957,0.006623579063850179,0.13910845276651948,0.006655198579464243,0.09282938429957882,0.02359376686220118,0.035074695216095346,0.02817361611441962,0.04922552052741657,0.005157757735079408,0.010315515470158814
422,0.0013524100158176567,0.04569121503116047,0.03299921085583811,0.03126241028447821,0.019799526513502867,0.011646780302060513,0.026999354336594825,0.023759431816203443,0.031134029274981306,0.007156455366326337,0.0560954544954395,0.13838378210366103,0.004490720888081984,0.03299921085583811,0.0069880681812363055,0.13480136148789926,0.3385776283849256,0.014849644885127149,0.019799526513502867,0.021213778407324503
423,0.2623034042743901,0.19457391373543592,0.018258042293746096,0.02515857530712565,0.045285435552826166,0.00707584930512909,0.056606794441032705,0.056606794441032705,0.06469347936118024,0.011917219882322678,0.03483495042525089,0.07547572592137694,0.009008859248149433,0.0503171506142513,0.008233715555059303,0.009190639032276049,0.0024844952749207027,0.0029497145406923568,0.03483495042525089,0.030190290368550775
424,0.020659145307979757,0.01371542476852996,0.01175607837302568,0.0026545983422961213,0.05025852033360314,0.04224271117357769,0.11598120076985337,0.0253049892588771,0.05534541510421072,0.005332755686914097,0.027182785203204347,0.0051432842881987345,0.0025716421440993673,0.015464160102647116,0.1062665360899853,0.097668379595666,0.27629299383396183,0.04764902833300736,0.01665371087977382,0.06185664041058845
425,0.012059608518369479,0.04679389917155089,0.1681451037253594,0.32562839529129045,0.05612304354474905,0.002628955183502329,0.029538443970920553,0.04317157195749926,0.010228008832214534,0.013362629415416438,0.02158578597874963,0.03301355502632297,0.02004394412312466,0.03695814958865178,0.009052103797540168,0.06163098915277435,0.02158578597874963,0.010946776133798956,0.040087888246249315,0.03741536236316603
426,0.4533642798007663,0.028560258720491904,0.11653690336900609,0.028560258720491904,0.028560258720491904,0.011175753412366395,0.036720332640632444,0.0350512266115128,0.036720332640632444,0.011863492083896634,0.02487506404688004,0.04536041090901654,0.010889357778138146,0.040585630813330595,0.011340102727254135,0.00897692170552065,0.005753143674685898,0.0063853948590462525,0.03213029106055339,0.026590585705285563
427,0.0008593533781217322,0.005445763178344183,0.00953008556210232,0.024351292958561994,0.010673695829554599,0.004116019219650296,0.007412288770524028,0.6244642937033431,0.011601843292994131,0.037659285817553595,0.0396030425527358,0.00808613320420803,0.003758343601955845,0.006508351115582072,0.002932334019108407,0.0024938541657837853,0.021128491140338677,0.15612789552743953,0.012129199806312042,0.01111843315578604
428,0.030262514852467996,0.006849516936555624,0.0008559899114555959,0.010274275404833437,0.06187003036504568,0.03620754734049983,0.10059686790123382,0.007338768146309599,0.06882758112266003,0.014730959610725161,0.014061370537510377,0.11988458292642733,0.0036693840731548,0.07733753795630707,0.32600746769274064,0.008070506986164032,0.003910116797524083,0.0185610091095137,0.03200173984398913,0.05868223248488201
429,0.052604069260178764,0.1054479513250374,0.2991117761522183,0.017486393766898638,0.015143315309417513,0.0074632155696361885,0.024944676657535726,0.017162424017339847,0.021453030021674813,0.005253803270614239,0.021453030021674813,0.005189502128834752,0.00572080800577995,0.01354928211895251,0.00660093231436148,0.3354007126483118,0.006278935616099945,0.007327188503830313,0.01320186462872296,0.01920708866288019
430,0.0650751317351827,0.0395126755696277,0.029268648570094598,0.041292525820511836,0.029957322654096816,0.04398279644215123,0.06975211594873039,0.026524712766648223,0.061537333618623895,0.049080903191094094,0.03276034699600061,0.08757365484861636,0.06539015851716654,0.09373076252682161,0.04612685082059107,0.044977711962117924,0.07436217006896942,0.04197317185052026,0.011650069921037651,0.045470936171396956
431,0.008046849393078264,0.017932978647431562,0.022416223309289454,0.025106170106404188,0.017434840351669575,0.006315805543899661,0.055590184335134026,0.02852973875727748,0.21802171018819003,0.007052486072367751,0.05575537646473906,0.025541436045872397,0.005921266534529289,0.024869292992033647,0.3748827776370017,0.041931911235974964,0.022500788897554243,0.008046849393078264,0.009962765915239756,0.024140548179234795
432,0.068968121558408,0.03284196264686095,0.05747343463200665,0.04056948326965175,0.4080456826904004,0.023782110882209648,0.02652620059938769,0.05305240119877538,0.034484060779204,0.002457982607708802,0.023782110882209648,0.03831562308800444,0.02998613980800347,0.025543748725336293,0.009995379936001155,0.0062488037785385486,0.016821493063026337,0.013763936394685386,0.03284196264686095,0.054499360812720596
433,0.016040775525746356,0.030760338999256953,0.05728848402052271,0.02587221858991348,0.05728848402052271,0.033056196497524504,0.04221256717301673,0.04455770979373988,0.022915393608209083,0.009457408182856734,0.03208155105149272,0.04455770979373988,0.013593877564191828,0.02587221858991348,0.004600906259884811,0.013593877564191828,0.014582523205223961,0.017435625571463432,0.46992792864654903,0.024304205342039937
