site,A,C,D,E,F,G,H,I,K,L,M,N,P,Q,R,S,T,V,W,Y
338,0.14209747672997822,0.006496369029360957,0.07100682427441046,0.08654842245864623,0.0050951913955772235,0.13692854282152367,0.011464180640048753,0.0033172921558999855,0.002349748610429156,0.004171980110598781,0.023497504999816236,0.1653621207473699,0.0013867368848434363,0.07146005932297056,0.0031108482426495023,0.12194301641705488,0.12507028224751002,0.0025098636612826204,0.001025344848187268,0.015158194401842238
339,0.002766783522132399,0.05167635381235167,0.02145714576756399,0.010387951243274629,0.011840254448476238,0.002045709068368661,0.04209853924906034,0.044381358021462675,0.01999680614330366,0.005193975621637314,0.017018558419832904,0.030764317143544086,0.011592351387422414,0.017388527081133618,0.003686047215355514,0.0066656020477678865,0.013790900788485282,0.661863848075239,0.0072060562678571746,0.0181789146757306
340,0.0009944039808167232,0.005384602789915059,0.004263624405998587,0.0026819572876442717,0.0035379011028498905,0.0009611638834332071,0.005938619708355172,0.4658096319831579,0.004799406535245401,0.05610004767167318,0.01924709082352617,0.005938619708355172,0.003075139569999159,0.004263624405998587,0.0011135673855478198,0.0016796096144842912,0.13471375103617597,0.27314621425205476,0.0017320974149369257,0.0046189264398318
341,0.022309275863560213,0.1672700807871196,0.002113902913440406,0.05076478880701608,0.0018576722572658114,0.05021333549536156,0.004618897694318886,0.005196259906108747,0.0027865083858987175,0.05010167953548377,0.08217788814475682,0.007759748126455727,0.0008634251336587576,0.08168155922584974,0.0002811858486076185,0.11930612744425677,0.3423418291083408,0.004693567158176105,0.0008757597784253112,0.0027865083858987175
342,0.004193334152653303,0.00988428764553993,0.010924738976649397,0.006196120613622045,0.10940066639552416,0.0014265982168820519,0.018049568744029437,0.3435717262864169,0.020338068444537165,0.013941091483751701,0.2261605196713154,0.018049568744029437,0.005686850426201056,0.01537555855972878,0.002096667076326651,0.00329476254851331,0.00416345445935861,0.053621317886101916,0.016410099959328624,0.11721499970949018
343,0.22040244820523885,0.5961375291968742,0.005386856336793101,0.006367341353867115,0.009583142099062835,0.0008935643143839293,0.004610833394179634,0.00891427789541396,0.008357135526950587,0.0019957338571822297,0.008626720543948993,0.008357135526950587,0.003385168821043276,0.006367341353867115,0.0014613570320350755,0.0630381278749382,0.002861367917627044,0.03338538637207386,0.004178567763475294,0.005689964614094017
344,0.010292249523352507,0.016010165925215012,0.017572133332553058,0.01500953055488907,0.02251429583233361,0.0025103047617932943,0.027709902562872132,0.036852890792015716,0.06357026910684617,0.005859646142688785,0.5950695762877658,0.028818298665387022,0.011810778141552056,0.018473268375248087,0.003088358059153389,0.007746854479942748,0.058892881866548646,0.006699029843805056,0.009119714767527539,0.042379850978510325
345,0.0024075598524906663,0.017708763940842163,0.015223323387741508,0.015495168448236892,0.039442246959148455,0.003998753147932101,0.02992170458969883,0.01006097333020069,0.01577689878365938,0.005526939064339273,0.012575788885525596,0.03471791449650373,0.008109620870105288,0.021164132514665025,0.003805830846935377,0.00666024992869416,0.7141716514442217,0.006623888802299739,0.017014302609828745,0.019594288096930652
346,0.004692163113781382,0.009317934452216957,0.7431492696144668,0.007182189508495987,0.018635868904433913,0.03234578402253424,0.01779306765139812,0.021817602619825065,0.021298135890781618,0.006126861009676904,0.015161384871403862,0.03223997562253822,0.010523784793092093,0.020330038804837,0.003313043360788252,0.005074620743248977,0.008601170263584883,0.003959545382257024,0.006482041358063971,0.011955518012574861
347,0.09878569430056738,0.03844652708755762,0.007748042581352944,0.007268782215496062,0.010218432969610405,0.0016245895735094887,0.019585329858419945,0.12781980444994767,0.011191617061954257,0.0033897686293419137,0.010368704042692915,0.011896487102875076,0.004108729076420349,0.021365814391003574,0.002473936403168835,0.013613234818590286,0.5875435424033295,0.002820287499612472,0.005341453597750893,0.014389221936798327
348,0.10701498524343737,0.025636250753457875,0.01500658580690217,0.012818125376728938,0.02796681900377223,0.004363617149524744,0.034181667671277165,0.0052619039107897935,0.019847419938160936,0.007990519715363492,0.0205090006027663,0.025636250753457875,0.04207150108953808,0.08789571686899843,0.005279783791715294,0.0067414593151933315,0.5076721430311841,0.00778822807699986,0.01922718806509341,0.017090833835638586
349,0.005762256613620138,0.02047883013714776,0.01911357479467124,0.013872755899358158,0.016540593572311652,0.004388320743674519,0.02047883013714776,0.027745511798716316,0.02097831379902941,0.0031453820300191846,0.015089664311582558,0.021502771644005148,0.7129019726090823,0.03148195470502232,0.0035987902333063,0.003472133210717856,0.021571546998239245,0.0073513749210274,0.007890925373946842,0.022634496467373838
350,0.003945420383735375,0.002485601680963184,0.006755856821464682,0.009132917554942995,0.20910678413682318,0.0018610473508185728,0.03366545575972168,0.008966864508489488,0.014090787084769194,0.034214729159486264,0.009484183614748497,0.012329438699173044,0.006242753771733188,0.014944774180815813,0.0025820814029681774,0.002849632124991153,0.005360625521379585,0.0059418981682761675,0.207472293839438,0.4085668542352619
351,0.0067175480213684975,0.012736875828626905,0.030169655307449066,0.013572340972153613,0.016182406543721616,0.6967110499205601,0.03824932455788745,0.021576542058295484,0.022144345796671683,0.0057243887093437005,0.013148205316773812,0.031166116306426815,0.013572340972153613,0.022144345796671683,0.006053324051510847,0.0032742280796466995,0.012374781474610647,0.005562923527373492,0.009349834891928043,0.019569421866826142
352,0.004770134745969122,0.011448323390325893,0.012266060775349169,0.008125692459299358,0.009812848620279336,0.0016277237047856719,0.033685686113767294,0.1118597538252245,0.011707587386491093,0.28995700125166796,0.14988104946039935,0.024696309286088534,0.007009177585913812,0.2832903630603625,0.0013948925316532134,0.005203783359239041,0.007155202118953684,0.007874185569477504,0.007155202118953684,0.011079022635799251
353,0.009752532775406707,0.022947135942133424,0.04334459011291869,0.018144247024012475,0.022947135942133424,0.0047000157953767255,0.028440075234590564,0.021672295056459345,0.02345270170182384,0.010624193481049796,0.01902933224469601,0.03392185313184941,0.02786137965315434,0.6443359918390421,0.004108891903702962,0.009072123512006237,0.012003117262039023,0.008127110646172254,0.013223773254788754,0.022291503486643893
354,0.04067450704411449,0.01596085154790935,0.018736651817110973,0.00936832590855549,0.01596085154790935,0.004338790888884623,0.016574730453598172,0.11128983023054154,0.12485000464307501,0.025421566902571555,0.048664142356351275,0.08516224912361472,0.008287365226799088,0.03244276157090084,0.35516756824446377,0.01792521345977003,0.030968090590405353,0.012462768164431422,0.009168999825394736,0.016574730453598172
355,0.002121554374067938,0.02329716014267665,0.021408201212189355,0.017602298774466802,0.01850749253854897,0.003352586705383113,0.02731391189141401,0.013520776523789262,0.02731391189141401,0.006948275832026371,0.019802586121275154,0.04659432028535332,0.016502155101062628,0.02329716014267665,0.006948275832026371,0.009001175509670525,0.01800235101934105,0.6544600591664509,0.01466858231205567,0.02933716462411134
356,0.007321656138368709,0.01586441289053171,0.017694002334391046,0.013066340185396465,0.7036792071304441,0.004377897484797784,0.027397164904863557,0.016755602803292236,0.018070470469165323,0.02384095765479953,0.023592003112521395,0.028310403735025674,0.01348114463572651,0.03033257543038465,0.005479432980972711,0.0038561407026910894,0.012868365334102577,0.006098408044994338,0.013270501750793286,0.014643312276737418
357,0.007633874643950932,0.014386917598215218,0.01968736092387346,0.07052680957105577,0.02493732383690638,0.004795639199405073,0.028773835196430432,0.08451631967865736,0.3076235889596059,0.006562453641291153,0.01246866191845319,0.10293358195990256,0.00795872037348076,0.01758859751481113,0.23056027185530656,0.006234330959226595,0.01010972587982691,0.007633874643950932,0.011689370548549865,0.023378741097099733
358,0.00914783594666889,0.017076294610306793,0.11186396736990097,0.3651718696404454,0.024665758881554253,0.0660302066843135,0.04439836598679767,0.04439836598679767,0.1211293826580177,0.01082886975287748,0.03415258922061359,0.036998638322331384,0.013454050299029593,0.024665758881554253,0.007399727664466277,0.010571039520666112,0.015309781374757813,0.008141367858538695,0.013454050299029593,0.021142079041332223
359,0.021156233138796072,0.025857618280750755,0.07757285484225226,0.04372435285218753,0.04654371290535135,0.013298203687243246,0.033245509218108114,0.029946507662720674,0.3819222461027772,0.02327185645267568,0.04654371290535135,0.01673426090156064,0.03580285608103951,0.06540691349154723,0.003891875865812813,0.01861748516214054,0.03304589280306885,0.020236396915370155,0.027378654650206682,0.03580285608103951
360,0.0021456042922611625,0.06436526093703795,0.04022828808564872,0.03654604359325299,0.024755869591168444,0.004302238261542851,0.03218263046851897,0.06436526093703795,0.05363771744753163,0.008140029174789346,0.00515457236285335,0.16091315234259487,0.021455086979012654,0.04597518638359853,0.014628468394781352,0.011493796595899634,0.035758478298354414,0.264238802893255,0.029256936789562708,0.08045657617129745
361,0.006897009170010915,0.1368690757452378,0.3379107169044136,0.025721844477954718,0.05132590340446418,0.0010255683292335037,0.0268949954116742,0.041060722723571336,0.02932908765969381,0.018663964874350604,0.04562302524841259,0.06788103638101659,0.015792585662912056,0.10265180680892835,0.014664543829846905,0.009331982437175305,0.013245394426958495,0.00833431738044249,0.02932908765969381,0.017447331464008738
362,0.0020560634854858216,0.023986759947868218,0.017990069960901165,0.030299065197307223,0.03386366110287278,0.004361229081430586,0.030299065197307223,0.046775416507927346,0.03598013992180234,0.020560079955315617,0.030299065197307223,0.025854687787989168,0.009370238606898881,0.02616737448858351,0.01066078219905254,0.06180027913660627,0.474219751009605,0.011513644774976746,0.03198234659715763,0.07196027984360466
363,0.010197265907225134,0.029620629540034905,0.03455740113004072,0.014810314770017456,0.06220332203407331,0.04571110173862387,0.027044922623510128,0.04146888135604888,0.005703407846506728,0.013822960452016291,0.014684179791252427,0.0327385905442491,0.013234749368951767,0.02303826742002715,0.5125404613959437,0.016769346660949133,0.013234749368951767,0.012440664406814662,0.03958859421295506,0.03659018943180783
364,0.11191413868365323,0.030043722763309973,0.02298674352363961,0.006215589338102276,0.02426378483050848,0.0018585026678687349,0.020797529854721556,0.09871508907944705,0.015598147391041164,0.015282766009047297,0.11647402722667546,0.06239258956416465,0.005262025625893404,0.013234791725731897,0.00303297310381356,0.007402510626256824,0.05025495444044577,0.36063097668181615,0.010652393340223236,0.02298674352363961
365,0.041935940055901476,0.050323128067081765,0.03975597543361646,0.01987798771680823,0.031804780346893165,0.011437074560700405,0.016739358077312194,0.021203186897928782,0.04543540049556167,0.026549779557391594,0.03533864482988129,0.17972545738243484,0.2612975912868075,0.01814116576484985,0.012174950338810105,0.06783005947423411,0.05769202557789877,0.012721912138757268,0.010259606563513924,0.03975597543361646
366,0.015787229596873575,0.03704304267649999,0.3045814873758518,0.025748680521212465,0.03367549334227272,0.021048248807231162,0.07327523708402321,0.01949633825078947,0.041158936307222206,0.009034888457682928,0.052918632394999984,0.1171787729055736,0.016105670728913044,0.041158936307222206,0.009260760669124998,0.021711181358229102,0.023151901672812496,0.008819772065833332,0.015434601115208332,0.11341018836242346
367,0.0081087456919805,0.028187544548313168,0.034819907971445685,0.0328854686396987,0.05919384355145766,0.007131788379693695,0.015257828684240554,0.0538125850467797,0.04228131682246976,0.004309885652798738,0.049328202959548054,0.049328202959548054,0.4872506231615304,0.021140658411234876,0.00629721739909124,0.004463768006546994,0.0089522272992866,0.015998336094988554,0.049328202959548054,0.021923645759799132
368,0.0073981628726651864,0.05601466175017925,0.006883629045664955,0.006118781373924405,0.006883629045664955,0.20496273958588315,0.23194847256591725,0.007867004623617092,0.054351361247499834,0.0017066610935170736,0.02614017548341698,0.07842052645025094,0.0018604120085156668,0.1358838143398125,0.052153728348437706,0.10053913647468073,0.003671268824354643,0.0025813608921243583,0.006354119119075343,0.008260354854797947
369,0.0363220892145616,0.019857786307853006,0.06173163995105717,0.054346396690128904,0.02385513290229095,0.03549589280253806,0.03673690466952806,0.049982183223847704,0.10069379129493147,0.03366724417153515,0.020066376500162388,0.11927566451145474,0.113506050972296,0.022057422752549568,0.07028744515853583,0.04157608877256423,0.03936096928878006,0.06236567934939192,0.03257459527347315,0.026240646192520038
370,0.00892919182019581,0.01635946141110018,0.04470544698150888,0.07061378052272663,0.024561314964426654,0.4647503749184916,0.047075853681817756,0.024561314964426654,0.056491024418181296,0.011528780493506387,0.031383902454545164,0.04035073172727236,0.013450243909090786,0.03323001436363606,0.007845975613636291,0.005514792990642711,0.023537926840908874,0.008117306915145289,0.023537926840908874,0.04345463416783177
371,0.002596824080157523,0.04131159693787803,0.045067196659503296,0.03540994023246688,0.16524638775151215,0.009720375750088947,0.01458056362513342,0.00589771425399872,0.024786958162726816,0.008697178302711163,0.02916112725026684,0.04828773672892113,0.008402358699229428,0.04131159693787803,0.007399091988873677,0.014974464940299196,0.40771446278624573,0.018360709750168014,0.015991585911436654,0.05508212925050404
372,0.009675854793343607,0.02157824643030231,0.0053781630075042264,0.006651938456649964,0.010532235889695776,0.0020136365762249407,0.017370713822269367,0.09998383286455059,0.15382128133007789,0.018841781813006574,0.009722063898180719,0.010990159189247768,0.006165211252504845,0.31661547073774354,0.2081773358049925,0.0034442914721312715,0.01817887870264557,0.0684099909073241,0.005617192474504414,0.006831720577099964
373,0.05751670100076811,0.016078004946846264,0.03215600989369253,0.08140825372416408,0.12504665853408287,0.0016960052859200853,0.05704221395565454,0.025440079288801275,0.03893543361126552,0.05895105170816859,0.03674678119493517,0.03215600989369253,0.01636035221611205,0.05270303916122293,0.05749316272150761,0.03634297041257324,0.16394717763894154,0.059652599711671965,0.018171485206286628,0.03215600989369253
374,0.17087261221278444,0.429967545689933,0.024157075725003564,0.01763969418215109,0.011149419565386261,0.001756196649656744,0.020706064907145917,0.0024686070228401935,0.01811780679375268,0.008767377951774685,0.010353032453572959,0.01610471715000238,0.012078537862501782,0.01811780679375268,0.004675563043549079,0.028664503045995524,0.06115093983145712,0.11892649279426087,0.011149419565386261,0.013176586759092855
375,0.016103716771155376,0.02717502205132469,0.06211433611731357,0.036233362735099583,0.03952730480192682,0.007764292014664197,0.03344618098624577,0.007165377921126178,0.036233362735099583,0.008356835346415289,0.35737095177365946,0.036233362735099583,0.01976365240096341,0.12894818746095701,0.005956169216728698,0.013175768267308942,0.11106936153225933,0.0033035039854754653,0.02717502205132469,0.022884229095852374
376,0.04582703173762325,0.015275677245874421,0.00033142903752450195,0.246320295589725,0.0687405476064349,0.030551354491748842,0.03899421734540003,0.003862173660546349,0.03942959941413455,0.03866655802861962,0.06874054760643489,0.04751415403370884,0.0016552172830912922,0.15581190790791904,0.043695541889361714,0.04510012166710462,0.03847150197517619,0.01896290968453376,0.02083046897164694,0.03121874482339147
377,0.05312913577960095,0.013158919078538929,0.006870950729505403,0.006870950729505403,0.07500583874767192,0.002107091557048324,0.027779940276915528,0.12989202454393567,0.05542869372323755,0.07029882985423942,0.17683029235701694,0.0220605408081388,0.003511819261747206,0.2045613784027416,0.040937445754416976,0.010204876020091421,0.03787504654762322,0.032999654334667304,0.004158733336279586,0.026317838157077864
378,0.152302803513019,0.1883039823838546,0.012975825546736769,0.006410177682055583,0.013063781573180906,0.006440412428735901,0.014705701741186338,0.008275310776027162,0.016666461973344513,0.004098310321314224,0.012499846480008387,0.01923053304616675,0.004901900580395446,0.015624808100010483,0.0036764254352965845,0.008987235522865792,0.28185500341923775,0.20557701730130942,0.01190461569524608,0.012499846480008387
379,0.3124212943412184,0.024965407936660564,0.03237962615885763,0.014247035509897357,0.04294817929779308,0.0077429540814659545,0.020951522808672584,0.016960756559401616,0.02739814521134108,0.007915019727720754,0.0178087943873717,0.029681323978952828,0.001042387482752854,0.016960756559401616,0.007420330994738207,0.2930043500598896,0.007535438555157156,0.015485908162931909,0.0178087943873717,0.08532197379840356
380,0.05334550346425225,0.040861225286475955,0.01990675078059085,0.19224233610970587,0.003732991954723432,0.04777620187341805,0.03293662401879576,0.024646453347398196,0.03558331702030615,0.048799977627848434,0.0655595659040792,0.1217824753636146,0.0006847743771624326,0.09776426494467949,0.06010554429236464,0.05363737453223861,0.056760572705624984,0.029760592416983325,0.010896326743060255,0.003217127236677397
381,0.020308505332299356,0.03924484042729219,0.03877078290711695,0.017059144479131455,0.10661965299457161,0.017845368688907497,0.06092551599689806,0.05330982649728581,0.028431907465219095,0.008922109977851504,0.0266549132486429,0.06092551599689806,0.0164030235376264,0.022446242735699284,0.0016838716690469266,0.011526448972386116,0.04738651244203182,0.009692695726779237,0.35091760490741775,0.06092551599689806
382,0.003915036330438763,0.018596422569584124,0.008265076697592947,0.008265076697592947,0.3647098766906719,0.003459799547829605,0.008265076697592947,0.016530153395185893,0.008751257679804296,0.12234101680676518,0.08741725367930846,0.024795230092778835,0.009322400180659555,0.0027017264316948324,0.0017669304182247921,0.0032155434723514765,0.004508223653232515,0.01384098203759666,0.009918092037111536,0.27941482488398256
383,0.012012272085573985,0.014218803299207185,0.032032725561530626,0.018304414606588933,0.021965297527906717,0.004735787718269761,0.02402454417114797,0.019219635336918377,0.032032725561530626,0.009881412426042952,0.019712446499403465,0.02077798414801986,0.016712726379929023,0.04452324910764991,0.022111741878277677,0.008178568228475906,0.011305667845246102,0.010115597545746513,0.6348378723914213,0.02329652768111318
384,0.05670269887777748,0.07272543953397836,0.06302871426278124,0.03479934307551516,0.021110095686098975,0.10637401730302615,0.0535871659724051,0.0229659282738879,0.05157366525049687,0.048396236978992084,0.04002593012850605,0.08085419095918818,0.0011875174785226485,0.09981013727219856,0.04317506375458578,0.048337810938373575,0.08885461588717053,0.05167333861624778,0.011708120296491872,0.003109969453755653
385,0.06123934285162735,0.07995559387699658,0.010401218787596627,0.16650511169940801,0.008790264017812306,0.013242016944089314,0.030752151491152523,0.05330372925133104,0.02338482509862095,0.04642582870277221,0.016542536664206187,0.08995004311162115,0.005464218173234677,0.17841502047747962,0.03032798388437801,0.014925044190372695,0.042903001592534754,0.08682797563062598,0.010660745850266207,0.02998334770387372
386,0.013846402816157245,0.046154676053857494,0.0319532372680552,0.018881458385668973,0.08307841689694351,0.008838129457121648,0.013846402816157245,0.18774268951941356,0.023077338026928747,0.3416034568963374,0.01076229583411169,0.046154676053857494,0.009825454343540272,0.011603620768568544,0.0060378082952583755,0.010131514255724816,0.0166156833793887,0.04484539034539092,0.023077338026928747,0.05192401056058967
387,0.04327182075677477,0.03429783202947873,0.03215421752763631,0.006283441786654469,0.02707723581274637,0.42270314807425324,0.0514467480442181,0.04676977094928917,0.04676977094928917,0.014290763345616134,0.039574421572475454,0.042872290036848414,0.013904526498437321,0.0514467480442181,0.003895319978862672,0.03936339823680802,0.017148916014739366,0.010529566977954395,0.013327773326851294,0.042872290036848414
388,0.05358865765734444,0.03634386470878723,0.008151246553300805,0.06328057119650429,0.012871785417695476,0.009221577612677357,0.08205763203780866,0.023171487437896706,0.16069455546596173,0.08366660521502063,0.022604110977416447,0.002714266696387312,0.0037621137938311407,0.0703692971283606,0.15198001230796365,0.0645510432887415,0.08891596550606196,0.047742622276543224,0.004347331495093763,0.009965253226602949
389,0.028434626271978198,0.040374906344593814,0.016822801024955574,0.006116392452953836,0.00921248627557091,0.03981154548154053,0.06561277527332955,0.006438307845214563,0.1390509647218984,0.009134160390443792,0.02149580130966546,0.13656156126140406,0.0014562839173699609,0.060456941183434094,0.10051473236277593,0.06915877629000938,0.08013524114891987,0.032243701964498175,0.034546823533390905,0.10242117094605303
390,0.010997735466278847,0.01746699162291347,0.024744904799127408,0.043432677270185654,0.01915734565093735,0.006986796649165386,0.015227633722539942,0.019795923839301927,0.4902601674831783,0.005822330540971155,0.012235521058063345,0.0374743157944314,0.00674861039976202,0.030414095505953826,0.17789005826893986,0.005289793960194111,0.010086214767710613,0.03493398324582693,0.011877554303581154,0.01915734565093735
391,0.052009479932302004,0.049645412662651905,0.025565899755479574,0.06934597324306932,0.017043933170319717,0.0014435073972178848,0.12135545317537132,0.03067907970657549,0.033096941775101266,0.011533659571645335,0.010226359902191832,0.021913628361839643,0.019036149517705304,0.0928192859834802,0.12608962817914765,0.09535071320922033,0.040451817725123775,0.05575791091841386,0.0009472864781315404,0.1256878793350121
392,0.03103657276037267,0.037494871083329114,0.021872008131941987,0.0169331675860196,0.08748803252776795,0.0071907971940631185,0.02282296500724381,0.02282296500724381,0.04037909193589289,0.04439740100399856,0.029162677509255976,0.04037909193589289,0.4320701075403327,0.020668754799954694,0.006561602439582597,0.01986433604117396,0.03246906920338198,0.008897088053671317,0.02499658072221941,0.052492819516660766
393,0.016486746782431862,0.05524795418270715,0.02365489755740224,0.036270842921350105,0.054406264382025164,0.00800092123265076,0.004262513681724391,0.038861617415732255,0.06800783047753145,0.010138766309212777,0.038861617415732255,0.038861617415732255,0.011334638412921908,0.030225702434458414,0.4477249758504585,0.009534145145759948,0.018760780821387987,0.018135421460675052,0.021762505752810062,0.04946024034729559
394,0.000521294273521668,0.056326624968448445,0.0008422103031528757,0.007161607961637411,0.012260666212859504,0.0017735305362547261,0.012532813932865467,0.15323317550710908,0.14863970477785005,0.06883903239908817,0.11891176382228004,0.016710418577153954,0.012855325818624874,0.11891176382228005,0.08493697415877148,0.0031998673871145877,0.041968857819628246,0.1238092571318329,0.006538859443234158,0.010026251146292374
395,0.011074811862108711,0.2915239072558018,0.02726107535288298,0.05906566326457979,0.047695239211944886,0.01550251302700752,0.07087879591749575,0.0208467046816164,0.03543939795874788,0.16003719257176466,0.12730231227299463,0.02531385568481991,0.011813132652915958,0.039377108843053184,0.0011919417091907688,0.01477274176918447,0.011432063857660605,0.014175759183499148,0.011074811862108711,0.004220971060622344
396,0.002806755767084484,0.032115478499183774,0.036703403999067165,0.06423095699836755,0.06423095699836755,0.06255472238680805,0.025692382799347015,0.002995077888237711,0.1524771358178446,0.009881685692056545,0.025692382799347015,0.03932958585046155,0.009340260950017037,0.032115478499183774,0.016264227820570097,0.13625041141229965,0.21115953252369196,0.025692382799347015,0.018351701999533586,0.032115478499183774
397,0.03679353986416979,0.03198961765948624,0.0639792353189725,0.020090179301897142,0.019685918559683838,0.007755058826542119,0.036559563039412844,0.0913334004857258,0.21013670727793501,0.007311912607882569,0.03372741154215564,0.006322782155851038,0.10713413078096497,0.02086165566564593,0.23220838595609147,0.011126823533734344,0.011126823533734344,0.013469312698731048,0.01706112941839266,0.02132641177299082
398,0.09100526273616324,0.008114568916388207,0.04916673599263021,0.07911954920701182,0.03814634391127619,0.042389848345662326,0.03269686620966531,0.03521200976425495,0.02234068367746114,0.06064290570510573,0.08975610332064986,0.05933875719531851,0.006935698892959305,0.15616092726663247,0.027742795571837224,0.03747710980756959,0.06731707749048739,0.014216566104972824,0.0240924277334376,0.05812776215051608
399,0.008715519243340986,0.05593016923912598,0.06037360172982458,0.31668063978915484,0.04350124274154243,0.0011374292206271916,0.06525186411231364,0.1305037282246273,0.07137627920341441,0.009321694873187663,0.03915111846738819,0.03915111846738819,0.014500414247180812,0.049712140155951635,0.009376227958082293,0.01223472452105881,0.019575559233694098,0.007830223693477637,0.013050372822462731,0.03262593205615682
400,0.01725386116745116,0.018239585607523718,0.03293918950149767,0.022645692782279646,0.29490842300394265,0.009792732013958768,0.04025900939071938,0.02787162188588264,0.018116554225823717,0.013648101216500319,0.03019425704303953,0.024155405634431627,0.011322846391139823,0.021313593206851434,0.00710453106895048,0.002854364787898197,0.015097128521519764,0.006199859326297033,0.37071507750777644,0.015368165716516004
401,0.006761843654005833,0.05814795543223006,0.008750621199301666,0.02125150862687548,0.01062575431343774,0.004648767512129011,0.029752112077625667,0.12097190867994215,0.08945839297266162,0.0938453996473943,0.2480979431775149,0.01317766355147782,0.005721560014928013,0.018595070048516044,0.056142853520773854,0.005816029379386942,0.037083372953570864,0.13845661458149647,0.011443120029856025,0.02125150862687548
402,0.09659947036089002,0.03660611508412674,0.007110812218710343,0.009705921007292674,0.015252547951719478,0.05033340824067428,0.048862802710993226,0.047422443313031554,0.07619647251541697,0.04003793837326363,0.03660611508412674,0.04740327375253786,0.0038823684029170706,0.22878821927579213,0.07931324934894127,0.05903711324633431,0.015649861686768296,0.06406070139722181,0.01941184201458535,0.01771932401465631
403,0.013716634272245056,0.054866537088980226,0.1791072106603761,0.02413557888224352,0.07315538278530698,0.012192563797551159,0.054866537088980226,0.054866537088980226,0.17965149857819127,0.03135230690798871,0.014112309854860365,0.018999098366282625,0.019951468032356447,0.03497078922817376,0.0009257990496917564,0.024385127595102325,0.011225087202360335,0.043893229671184184,0.043893229671184184,0.10973307417796045
404,0.009129098881947767,0.05411604674565409,0.017371723092286316,0.010218660642521362,0.03474344618457263,0.004342930773071579,0.08685861546143157,0.21810448331967722,0.04342930773071579,0.13735340072242275,0.08351109092144268,0.04342930773071579,0.009650957273492397,0.015792475538442104,0.007552923083602745,0.017371723092286316,0.010218660642521362,0.14034704811326507,0.03474344618457263,0.021714653865357893
405,0.01934940611595842,0.005004223666735827,0.06127311936720167,0.04084874624480111,0.04084874624480111,0.02333230017514166,0.0026285073403246643,0.04595483952540124,0.09190967905080251,0.0121603687577323,0.05251981660045857,0.12254623873440336,0.014526505080134698,0.04595483952540124,0.29778215648031814,0.013692931517575972,0.026259908300229284,0.01934940611595842,0.030636559683600836,0.033421701473019094
406,0.12082180511578267,0.019623745764323033,0.030205451278945663,0.0289931620803147,0.0289931620803147,0.06412879738172822,0.16828751426841154,0.007875144879970299,0.05798632416062939,0.0128858498134732,0.038657549440419596,0.03863115817567532,0.0181232707673674,0.038657549440419596,0.08620430633412593,0.09400914902707354,0.04769281780886157,0.06343144768578589,0.011597264832125876,0.02319452966425176
407,0.01742353634660716,0.10454121807964295,0.013593923634437436,0.02787765815457145,0.06969414538642864,0.011615690897738106,0.028466210599457836,0.02787765815457145,0.03364155206689084,0.009724764472524926,0.013938829077285728,0.34232074336933144,0.011615690897738106,0.04646276359095242,0.013067652259955369,0.037048575119496496,0.04744368433242973,0.01742353634660716,0.03484707269321432,0.0913750945201185
408,0.3572031936440274,0.022943965431886933,0.016766743969455836,0.013655985603325987,0.018953710574167462,0.007480700938613564,0.025643255482697157,0.029062356213723453,0.022943965431886933,0.008718706864117035,0.1870755376854062,0.03963048574598652,0.016730332638532262,0.06859436381798227,0.006317903524722488,0.08977189788501119,0.0035576120603948757,0.0029780817382109655,0.025643255482697157,0.036327945267154306
409,0.29827340019274784,0.04565994642297081,0.016603616881080294,0.03964758203370144,0.03652795713837664,0.01297852581286169,0.04565994642297081,0.05218279591196663,0.03652795713837664,0.015881720494946367,0.07305591427675327,0.05218279591196663,0.013901301669045367,0.060879928563961065,0.009872420848209903,0.04848142708225557,0.004596345303503705,0.03593207504957006,0.07305591427675327,0.028098428567982035
410,0.008362991164118757,0.028225095178900803,0.03763346023853441,0.0322572516330295,0.028225095178900803,0.005645019035780161,0.020527341948291495,0.1039235491186178,0.05645019035780162,0.18494924507518706,0.12261203709914682,0.025088973492356267,0.02164912545078341,0.011360207000321301,0.0034072572585203595,0.010263670974145747,0.020527341948291495,0.23329776332750937,0.017369289340862036,0.028225095178900803
411,0.020441916807529884,0.04672438127435403,0.06541413378409562,0.00534813312314477,0.03270706689204781,0.2672933748805205,0.04672438127435403,0.029733697174588916,0.1635353344602391,0.007787396879059004,0.03270706689204781,0.06541413378409562,0.020441916807529884,0.06541413378409562,0.004010782345176032,0.012579641112326083,0.019239451112969302,0.009829472714761148,0.019239451112969302,0.06541413378409562
412,0.2277536219226538,0.016387871839804655,0.04643230354611319,0.03160765581968834,0.03979911732523988,0.01211277483811649,0.021430293944359937,0.055718764255335826,0.1392969106383396,0.007529562737207545,0.055718764255335826,0.1392969106383396,0.011478287581736055,0.0348242276595849,0.008193935919902329,0.020926359984432808,0.0036215999316136123,0.002503817587689932,0.0696484553191698,0.055718764255335826
413,0.00836416105473597,0.12691464542902758,0.020910402636839926,0.013069001648024953,0.013069001648024953,0.013069001648024953,0.019009456942581757,0.1708527996247166,0.029872003766914186,0.004875351201975707,0.008881583148479128,0.013940268424559948,0.007210483667875836,0.014936001883457093,0.0059286642844042755,0.009504728471290875,0.05230967847250429,0.4506258308024221,0.005651460172118899,0.011005475072021013
414,0.01466080861261327,0.022340279790648798,0.03909548963363539,0.03351041968597319,0.38381395276108204,0.009981827140502653,0.027596816211977925,0.027156355165814827,0.05864323445045308,0.002882037391749519,0.04264962505487497,0.03127639170690832,0.013031829877878463,0.023457293780181236,0.009022036069300474,0.004506723239530905,0.020397646765374988,0.027798936657175696,0.023457293780181236,0.1847210022241431
415,0.06665357902695077,0.011051747634995716,0.009621412497351068,0.19971581487964085,0.008384084412755372,0.003031726405016842,0.011051747634995716,0.01519615299811911,0.06566149555865743,0.0037405915072293195,0.016209229864660384,0.04432061666996872,0.0067538457769418265,0.32923886669119606,0.03135608254201868,0.07565842643661326,0.042679112348858766,0.03819519069563615,0.008683515998925206,0.012796760419468724
416,0.010854862505463029,0.014742879876177256,0.022574475405097855,0.5845275439521774,0.01572573853458907,0.0416239696633376,0.01608314168310246,0.02211431981426588,0.07367445483708704,0.005848415157491805,0.02440200807091408,0.02440200807091408,0.007221002388331718,0.015383874653402355,0.0052033693680625616,0.0074490340427000885,0.010562063194873256,0.06012807516647616,0.017259956928207518,0.020218806687328807
417,0.008453085699267365,0.012882069075241434,0.054106425132681824,0.583197040936184,0.018645099977323127,0.0693158555198259,0.018167020490725102,0.023617126637942628,0.049837907307173614,0.006107877578778266,0.022855283843170288,0.02952140829742829,0.007014988110279989,0.028340551965531154,0.005713820960792571,0.007701236947155205,0.01336818488940149,0.007243245048411001,0.015744751091961755,0.018167020490725102
418,0.013899347158455278,0.018710659636382108,0.025604060555049206,0.002182659671502735,0.024323857527296742,0.00992810511318234,0.022112597752087945,0.06286491460628188,0.3999048515207428,0.008845039100835178,0.03655731801835455,0.11170396777375784,0.0077218595324751544,0.026900979720038805,0.1326239671269903,0.008107952509098912,0.01993877300805646,0.011313422105719412,0.016215905018197824,0.04053976254549455
419,0.0444061889426912,0.13414400381592798,0.0019704156991175426,0.02974014564196788,0.0038326858233122276,0.02310772177276115,0.057490287349683415,0.10420114582130119,0.05238057530989603,0.0690989030645233,0.06707200190796399,0.026533978776776965,0.0015816298933808745,0.16463127741045702,0.02678956503114497,0.03397153343390383,0.04927738915687149,0.04385996918681326,0.0031939048527601893,0.06271667710874554
420,0.015367660117278725,0.025161956259646356,0.05976312267830615,0.03361675650654721,0.15568332164384424,0.006196092517988618,0.020687234773259823,0.03361675650654721,0.0358578736069837,0.006590288503965242,0.0358578736069837,0.02561276686213121,0.013446702602618887,0.028308847584460815,0.002858945831190028,0.009273588001806127,0.016808378253273602,0.013446702602618887,0.4419240906477809,0.01992104089276872
421,0.09792035935010304,0.02498261367583273,0.08505985132485905,0.030295756288173097,0.009701212743986934,0.021365661930626025,0.09160291681138671,0.045801458405693336,0.09520073478725538,0.030534305603795567,0.03971540913051572,0.1365437715951748,0.002984988536611365,0.031156921635354728,0.04277345427317372,0.09407867131980253,0.07526410630755277,0.03474593396293978,0.0034239574390542123,0.006847914878108426
422,0.03658190648651343,0.03984474780825234,0.02877676230596003,0.02726219586880424,0.01726605738357602,0.01015650434328001,0.023544623704876387,0.020719268860291223,0.027150241985693782,0.006240743632617837,0.005936512226877859,0.07665324214532318,0.003916105998513061,0.02877676230596003,0.006093902605968005,0.16588125232497544,0.42648422239457034,0.012949543037682015,0.01726605738357602,0.01849934719668859
423,0.31140056868456745,0.10695645888395304,0.015284667460651121,0.021061428775684257,0.03791057179623167,0.014038035228518831,0.047388214745289585,0.047388214745289585,0.05415795970890239,0.009976466262166228,0.029161978304793588,0.06318428632705278,0.016288931562297552,0.04212285755136853,0.006892831235678485,0.08454887372200823,0.0020798880555627456,0.035722074114369284,0.029161978304793588,0.025273714530821115
424,0.061916109235898624,0.020485564109998893,0.011706036634285084,0.040182419605059284,0.04353182373374766,0.05990455555571923,0.17412729493499063,0.031659508169998296,0.0409711282199978,0.013540979623010827,0.006677994922872386,0.003242165256282068,0.001621082628141034,0.06828521369999632,0.13657042739999264,0.0754731309315749,0.11471915901599386,0.04238079988398177,0.015758126238460693,0.03724648019999799
425,0.018792399398512,0.020961373892969645,0.1872182947633616,0.3099974536962801,0.03773047300734537,0.04392051649003665,0.03136552877165051,0.029023440774881046,0.038469313996980184,0.008983445954129851,0.014511720387440526,0.03505559098007999,0.013475168931194773,0.09409658631495152,0.006085560162475059,0.03633811260130242,0.014511720387440526,0.0073593129550152,0.026950337862389543,0.025153648671563573
426,0.5493972244573128,0.024773022795969962,0.033609868372421435,0.024773022795969962,0.024773022795969962,0.00969379152885781,0.03185102930910424,0.030403255249599498,0.03185102930910424,0.01029033254601829,0.021576503725522223,0.039345389146540524,0.009445373415953527,0.035203769236378364,0.009836347286635131,0.00778653611736856,0.031614207807988765,0.02284208499260523,0.027869650645466204,0.023064538465213412
427,0.03835142669717715,0.07982092737649975,0.011051490943895985,0.025574367000849613,0.0123776698571635,0.002365672816963542,0.008595604067474656,0.3938386729236325,0.013453988975177718,0.05729183558462573,0.0026833786971567674,0.009377022619063258,0.004358334456747711,0.007547359669002135,0.0034004587519679947,0.0028919789385896035,0.045030556069308246,0.2550303145248972,0.014065533928594885,0.01289340610121198
428,0.06680748237376316,0.021341279091618787,0.0006747514765374583,0.008098906782645509,0.08323098845731328,0.03594320689114743,0.16320117228224354,0.012507591519497884,0.04239832966979026,0.013719393701754934,0.019401162810562537,0.1332236574160028,0.002892466708087681,0.03201191863742818,0.2009363508318569,0.029044427569724172,0.0489874793823265,0.03243874421926056,0.044154370534383695,0.008986319644054575
429,0.04891640689936883,0.04856052337633533,0.27856900028817616,0.009053656900672691,0.009943105888943638,0.0009374265525599198,0.03446230691223798,0.011268853340802788,0.014086066676003484,0.0034496489818784046,0.014086066676003484,0.014999372017448087,0.003756284446934263,0.008896463163791675,0.0043341743618472255,0.37327245679640886,0.006514216550484009,0.0065915891006019835,0.008668348723694453,0.09963403234580666
430,0.06318191710630913,0.06724581583593356,0.04856642254817424,0.05465826071949755,0.018410800704536635,0.04267958345142584,0.06221532576239836,0.021442386878240384,0.07764401143278622,0.04744882249498101,0.010137121035696285,0.04012610409963113,0.07500503712041352,0.0770649346484342,0.04579456446319327,0.0662757572554698,0.05818428354695925,0.061908846325145164,0.015578369826915614,0.04643163474385888
431,0.0349073649207482,0.01728745691313244,0.013691661687347964,0.015334661089829721,0.010649070201270637,0.07513164579642347,0.035591823056449146,0.017425751238442866,0.2700191727164709,0.013546141611036618,0.009047193918774489,0.0654119991307714,0.003616665351374934,0.0318453153662966,0.31561762124153553,0.02760595747778799,0.010804660570707777,0.011635788306916067,0.006085182972154651,0.014744866432528578
432,0.05692682669804022,0.03101131789896233,0.047439022248366845,0.03348636864590601,0.4660296916336462,0.019629940240703525,0.021894933345400082,0.04378986669080018,0.028463413349020104,0.05851483081577005,0.019629940240703525,0.03162601483224457,0.024750794216539227,0.021084009888163044,0.00825026473884641,0.0051578114893221436,0.013884591877570789,0.011360860700831742,0.027108012713352485,0.029961487735810644
433,0.013520020848909593,0.025926453737973514,0.04828578874610568,0.02180648524017676,0.04828578874610568,0.023990005793441172,0.03557900223397261,0.037555613469193304,0.019314315498442276,0.007971207851119272,0.027040041697819185,0.037555613469193304,0.011457644787211518,0.02180648524017676,0.0038778890994191507,0.011457644787211518,0.012290928044463264,0.014695674835771297,0.5570985157991887,0.020484880074105444
