site,A,C,D,E,F,G,H,I,K,L,M,N,P,Q,R,S,T,V,W,Y
338,0.12993590745236078,0.021567605863716064,0.06383379317905707,0.12492169865873326,0.0047527245679698585,0.14013140962822337,0.00831726799394725,0.005718121745838736,0.015179987402336741,0.00538390556657272,0.010730680749927697,0.04862339714810988,0.004509996257215988,0.1357316958687663,0.006009883600637337,0.12230164522843355,0.1330085186503135,0.0029953192177642482,0.0017594220756426875,0.014587019144432965
339,0.07152386231342885,0.04899112536888352,0.022380545387896734,0.014255269122713903,0.020148032848457766,0.010015099505299661,0.046024154596190595,0.01399106749006419,0.028765096622619116,0.006684005854218552,0.026407301817486406,0.03097779636282059,0.013423711757222257,0.02478223709025647,0.004956447418051295,0.009152530743560632,0.015639275833657,0.5464698829537677,0.008802433939162137,0.03661012297424252
340,0.01665225232910237,0.014042958493252633,0.01624577551180206,0.009415165353430743,0.018011620676128375,0.0028768560802149494,0.020713363777547632,0.18408882030430845,0.03208892498935015,0.005753712160429898,0.030680442312182744,0.024368663267703095,0.007397629920552726,0.016570691022038106,0.003586877815188827,0.008658284333499425,0.3069620809643073,0.25122623966625024,0.009415165353430743,0.021244475669279624
341,0.012412004486058179,0.07014981888268322,0.003050093909164299,0.03509359985964594,0.005995012166288451,0.05531614399993202,0.00457514086374645,0.00543297977569891,0.004457829559547823,0.08744026719883755,0.15160583568052416,0.06626220576726358,0.0017561146749733845,0.041691604812144144,0.001140578763308568,0.11924627075375682,0.32431203580464363,0.0019977442942759036,0.002069706581218632,0.005995012166288451
342,0.007095359953184731,0.013711303693316445,0.030746559797133838,0.01389912977130708,0.1570960729499204,0.0029495246317017927,0.02029272946610833,0.340471509470234,0.01878956432047068,0.005701976931519122,0.20652541562716176,0.04058545893221667,0.009947416404955067,0.025365911832635417,0.0033708852933734775,0.006421749831046941,0.0056594798829928804,0.00268789947832017,0.031080158317430287,0.057601893414970795
343,0.21533341949704635,0.3989293153117856,0.006352304205043839,0.007749603160875458,0.10688294863070481,0.0052915341242382,0.017934795886597486,0.017934795886597486,0.01394928568957582,0.00451595579878354,0.011843733132658718,0.01846228988326212,0.005706525963917383,0.010822721655705381,0.002593875438144264,0.1283767621723307,0.003667046068593315,0.002147938722709973,0.005812202370656593,0.0156929464007728
344,0.01113109619815982,0.019547290884573347,0.04109943211628242,0.02054971605814121,0.04109943211628242,0.004464840814860763,0.07285808420613701,0.014008561653601011,0.06792589001390993,0.007980260668289173,0.5489221215207034,0.03642904210306851,0.01652451394365994,0.02544250559579388,0.009671376454173215,0.010017986578343838,0.004132683653116215,0.004195500311075375,0.011287872200950802,0.032711792908877844
345,0.0029917999808172467,0.02932677712709946,0.023912602888250322,0.014526347548937115,0.03532543608491525,0.004918731606760352,0.03791022409112856,0.0761739527482068,0.024286237308379234,0.008356554772775651,0.019674926427041408,0.03320074355066909,0.042513898167435706,0.0215877664963371,0.005714408778442172,0.022937202901045884,0.5325611441410937,0.009251899927001615,0.01689477377974208,0.0379345716739213
346,0.006874163398539992,0.020912045773256033,0.6450368061156394,0.012524294809559768,0.027579654570526073,0.025518632594066015,0.027996688277993675,0.03659608010319806,0.03171660275610499,0.009105244810365067,0.024714235913848037,0.016161536212258604,0.015727241036085114,0.024714235913848037,0.005143232879368376,0.00752255091242749,0.01312411148528482,0.01574293925158969,0.011395186618959875,0.021894516567080944
347,0.0031311764745231663,0.013314109065000355,0.015803739215366278,0.013314109065000355,0.022089317312386954,0.003202405145782623,0.028171882949131186,0.008545838376617517,0.04225782442369679,0.006458006390332399,0.022868940276353552,0.02287674653848868,0.05051522856961874,0.038114900460589254,0.004531142012797324,0.006570957614473484,0.6536465420438868,0.005854999769548349,0.009719299617450262,0.029012834678955997
348,0.0033807268279362167,0.03514659508591311,0.031152663826150256,0.023633055316389855,0.031877144380246775,0.007369447356723717,0.05482868833402446,0.00917815487546811,0.05798457561796327,0.013845628367177894,0.029164195922353434,0.03704641103650301,0.015235192162963086,0.12461065530460105,0.010970923410389936,0.012133412922307974,0.41391501007682113,0.01087870800278263,0.04421668414034231,0.03343212703294174
349,0.009133983421914267,0.02011224919394475,0.036530411801246596,0.019456414981098725,0.038084897409810275,0.006911158989425031,0.027121063306986104,0.05114257652174524,0.028870809326791667,0.0048545236101360115,0.024860974698070595,0.033773399589831755,0.5974930218319404,0.019096610653310177,0.006236899575822588,0.005512808418566678,0.014796929768178904,0.010981534835957565,0.013065621739131993,0.031964110326090776
350,0.008390989815429727,0.004685565661867079,0.012716242297609998,0.014177879343312298,0.16867172687731338,0.0032980628418935033,0.008607504315420343,0.01841008213236074,0.022842138942003147,0.0066315887250976875,0.022426827324875817,0.024185794173885687,0.012716242297609998,0.022426827324875817,0.00412533612999388,0.009191004520367252,0.011747385741601618,0.0123347550286817,0.20127617534003697,0.4111378711657633
351,0.009792596465237934,0.019180608598862354,0.010110541591336088,0.022308636169619138,0.02517688939142731,0.5885920595640249,0.04637848045789243,0.038312657769563316,0.033252495422639854,0.008159177117592186,0.022594644325639894,0.03596698484489617,0.017449329281187247,0.038312657769563316,0.005612682348407363,0.004481546661102178,0.018748747419147997,0.008813194244787855,0.012864104068612495,0.03389196648845985
352,0.010808273438795597,0.02637218719066125,0.041206542485408205,0.018844942843786825,0.05071574459742549,0.00602104730380394,0.026447500628743938,0.04546928825976078,0.02202909877594767,0.0860512503558734,0.039957859379789774,0.053481054835507164,0.016905248199141833,0.43795357293300435,0.0030608105070355014,0.013186093595330626,0.021976822658884374,0.012558184376505362,0.024418691843204866,0.042535785791389114
353,0.011248952617607577,0.03553646395107846,0.027921507390133084,0.030069315650912552,0.026060073564124212,0.007481360831805993,0.03946690345290091,0.04343345594020702,0.039118113076521396,0.01117088772413446,0.04225957875263385,0.03257509195515526,0.016119633132447967,0.5192677572244678,0.006206243775874059,0.012027726260365022,0.022994182556580183,0.014613125363060305,0.02233720591210647,0.0400924208678834
354,0.014064073947951004,0.03208366869376322,0.04106709592801693,0.022815053293342737,0.0366670499357294,0.0019113263868330852,0.03540266890346286,0.21068585728565808,0.03325588771199295,0.010370478769701246,0.03311862574840074,0.044638147747844484,0.01866686178546224,0.030196394064718322,0.3398876352317846,0.015170780369896273,0.019743796119238908,0.010476299981636973,0.015555718154551871,0.0342225799400141
355,0.0032761864231957336,0.0328487802603094,0.026765672804696546,0.020947048281936432,0.028958549568362805,0.005998027127684676,0.04251018621922393,0.04050448764184483,0.04662407520818108,0.011204235127547393,0.0328487802603094,0.05781385325814453,0.020947048281936432,0.04251018621922393,0.008759674736082506,0.012568228969161854,0.021572333305277813,0.4800125654446627,0.019531707181805587,0.04379837368041253
356,0.01446349338172837,0.020475110585602623,0.02298308537370535,0.02363049622930269,0.5570556866393824,0.007456734365691071,0.0453450062778511,0.02996009343358019,0.035697132601712575,0.0329324425721683,0.021237534585829,0.03647315722348893,0.017660686655584113,0.0390177960995463,0.008347090707863138,0.005504920518967302,0.020460551613176715,0.00759269947888354,0.017120053390617253,0.036586228265318925
357,0.011378688403497246,0.03369842334881877,0.03504636028277152,0.25022915704196114,0.04611363195101516,0.007822848277404355,0.03809386987257774,0.027379968970915252,0.2887338092993149,0.010430464369872475,0.03369842334881877,0.02381297403903561,0.0219039751767322,0.03248585376752577,0.05770219861776904,0.01200217817903134,0.015930163764896147,0.009628120956805361,0.01564569655480871,0.028263193776428646
358,0.054201523608987646,0.034183044338934834,0.06102226370074767,0.3276165598512193,0.052174120306795274,0.06174992356078425,0.05507268254606167,0.030978383932159688,0.01928924557463841,0.021390273813044352,0.03812724176265808,0.052174120306795274,0.01802378701507473,0.033043609527637,0.010545832827969257,0.014578063026898675,0.0198261657165822,0.029915939527737783,0.033043609527637,0.033043609527637
359,0.032755169978201305,0.03722178406613785,0.1637758498910065,0.003645467013588526,0.054591949963668854,0.02274664581819535,0.04309890786605436,0.04105713456502929,0.2605511665284409,0.02408468380750096,0.06299071149654098,0.019080397125993336,0.04309890786605436,0.04309890786605436,0.005241558735226969,0.018610892033068923,0.026509747262532055,0.023396549984429502,0.03722178406613785,0.03722178406613785
360,0.025239361153711556,0.03684286515675615,0.06842246386254715,0.014086977854053825,0.047895724703783,0.005919442758841287,0.095791449407566,0.07982620783963834,0.11973931175945748,0.006477498065404407,0.007813274251031295,0.07982620783963834,0.015450233775413873,0.02280748795418238,0.019158289881513198,0.014086977854053825,0.02993482793986437,0.1590116030472308,0.031930483135855336,0.11973931175945748
361,0.010616931214392817,0.08883846321027354,0.23520982873848817,0.022969791734167234,0.050764836120156316,0.0013908124187483582,0.04747392183069758,0.05466982351401449,0.07107077056821885,0.030900335029660365,0.08883846321027354,0.0059402672589337685,0.023690256856072945,0.059225642140182375,0.019208316369788876,0.014806410535045594,0.016152447856413375,0.011286361996369282,0.0789675228535765,0.06797879654452602
362,0.0022758299280268473,0.02777385411994612,0.02777385411994612,0.0357092410113593,0.04166078117991918,0.0062884198007425165,0.04347211949208957,0.006729317844241217,0.099985874831806,0.022724062461774098,0.05554770823989224,0.029433175227459876,0.012665909342038558,0.058815220489297666,0.013331449977574138,0.03744014059054662,0.33156838385219634,0.01587077378282635,0.08332156235983836,0.04761232134847906
363,0.012053965475664145,0.03397026634050805,0.05605093946183828,0.020759607208088254,0.0747345859491177,0.0019308122281059953,0.0747345859491177,0.046709116218198565,0.007390599739989321,0.014750247226799547,0.02161513510332555,0.08007277065976896,0.020018192664942244,0.03297114085990487,0.37674874357105054,0.0151539692925929,0.015788997031503743,0.011677279054549643,0.03191364645417191,0.05095539951076207
364,0.06882950707768742,0.060941898465481065,0.04823201903453047,0.010669732769602288,0.033616255690733364,0.003224815226145933,0.044373457511768036,0.08533357213801544,0.039619158492650026,0.006454072498222677,0.035086382090481066,0.044373457511768036,0.010271633683279638,0.023111175787379187,0.005808044176932989,0.013051016915225894,0.04803047929906558,0.36778082472565327,0.015407450524919455,0.035785046380458096
365,0.03224971276101007,0.263861286226446,0.04054099594649131,0.0354733714531799,0.0354733714531799,0.00709467429063598,0.015765942868079953,0.0354733714531799,0.05159763120462531,0.019033602044022924,0.0354733714531799,0.0354733714531799,0.1872134657068108,0.013217914867181744,0.012246726364940529,0.06204287216774267,0.014046549435999077,0.011583141698997516,0.04054099594649131,0.05159763120462531
366,0.014929756696122534,0.07450194238130552,0.22105369606551986,0.009869115963221075,0.04190734258948436,0.03310841738693556,0.1793285619685122,0.044701165428783315,0.04190734258948436,0.021551646595739243,0.03725097119065276,0.05776225583363648,0.021629596175217734,0.044701165428783315,0.011364703075114401,0.02312129246316378,0.02578913390122114,0.010315653560488457,0.04789410581655355,0.03731213489006049
367,0.053235823237505225,0.03740895686959827,0.02709005294540009,0.021964907793567644,0.03533485166791316,0.009341397567379344,0.015075493774160242,0.050793849272625174,0.07388196257836391,0.004108407997325631,0.20317539709050073,0.033862566181750126,0.2684496321279457,0.019350037818142925,0.006349231159078148,0.026231489067621894,0.02853613775475224,0.011778283889304393,0.042773767808526465,0.03125775339853857
368,0.0331435853303254,0.18623538423706665,0.009372372148729618,0.012616654815597565,0.009372372148729618,0.07846996526842695,0.1402626340578567,0.011311483627777126,0.08938824606131127,0.004327461476333525,0.02703416867957419,0.16432533903270582,0.010664182954511731,0.10833561732947104,0.05548583467848953,0.030200332578983774,0.0036047585187421608,0.004686186074364809,0.010581710490501182,0.010581710490501182
369,0.03676517946856804,0.01573663574379471,0.062207296537764675,0.06968728264955894,0.06960435040524582,0.040839489192268465,0.04368273025432669,0.013920870081049164,0.053410417959610906,0.06191123799203445,0.05067196709501896,0.018097131105363918,0.08294518423291797,0.07358726736342225,0.03762769833788537,0.07285857977484175,0.053621129201078276,0.06319817574164839,0.0434331146528734,0.036194262210727836
370,0.009211086779070803,0.017641647467101465,0.005742985428673796,0.04258972194908904,0.053797543514638786,0.33753472040926535,0.031942291461816784,0.05678629593211872,0.06012666628106687,0.01928591182600258,0.11357259186423742,0.05110766633890685,0.017035888779635616,0.05678629593211872,0.00946438265535312,0.005835639351299557,0.018252737978181017,0.011639270149022435,0.04867396794181605,0.03297268796058506
371,0.003205179827333281,0.0715037221167594,0.055090050872526795,0.04006549154365584,0.058762720930695234,0.018754059871498478,0.05184945964473109,0.008087220076029935,0.058762720930695234,0.01916175682522671,0.055090050872526795,0.040119566206455806,0.015740014535007653,0.03672670058168453,0.013560627907083513,0.014954706791831252,0.290353309896616,0.01762881627920857,0.032645956072608465,0.09793786821782537
372,0.005140099686687031,0.02762699551270156,0.011748799283856071,0.010280199373374063,0.012985514997946184,0.0037118299226755465,0.002533970112315778,0.015917728061998548,0.08843239683326448,0.03390303687532305,0.012035355363950121,0.011214762952771705,0.008089337211835329,0.48637818258295484,0.16286395748374632,0.020122114306754722,0.02307988378890145,0.039534483290165304,0.011748799283856071,0.012652553074921923
373,0.10430223748089067,0.05098014432898595,0.01853823430144944,0.0895524261199566,0.03398676288599063,0.0047626592457027704,0.10557520063149149,0.049667732133757456,0.012443257267658325,0.07144207725074359,0.08691853123407554,0.06713812963436679,0.0069414601927389906,0.06721277656660685,0.04198061551257921,0.02765589630175132,0.009710503681711611,0.07946837141401195,0.03160673863057294,0.04011624518495796
374,0.15567841360478113,0.17364978239877424,0.014284045070075857,0.009522696713383903,0.017855056337594818,0.002622362609733159,0.017855056337594818,0.06785780902904329,0.031742322377946344,0.009233302226203366,0.035710112675189636,0.07142022535037927,0.015871161188973172,0.015871161188973172,0.006801926223845645,0.03198811781030051,0.14181398895899894,0.09376639763196007,0.015035836915869322,0.07142022535037927
375,0.019342245877463627,0.1082294810892988,0.09671122938731815,0.06154350961011155,0.056414883809268915,0.010104158294197415,0.03760992253951261,0.039785482020342586,0.056414883809268915,0.008468396673608531,0.2240689203645587,0.09671122938731815,0.02051450320337051,0.052075277362402084,0.008462232571390336,0.013274090308063273,0.005371175947643605,0.00341021224258496,0.025073281693008407,0.056414883809268915
376,0.1273339203982014,0.04297519813439298,0.0007161944328947199,0.03769754222315173,0.061393140191989985,0.05967377356860783,0.07711202077640061,0.006633490303588592,0.05999942808821463,0.03508179439542283,0.03438015850751438,0.05518153917021721,0.002545361679419434,0.04407712629168512,0.07567959419893104,0.0693959254591947,0.01348508551782459,0.027285840085328878,0.05605460626225172,0.11329826031476772
377,0.09943188847777745,0.06214493029861091,0.013244478838082642,0.007284463360945453,0.019425235629187874,0.003035193067060605,0.045196312944444296,0.09629167729789218,0.06786106663058507,0.06680385261938143,0.151326210052617,0.009712617814593935,0.003735622236382283,0.05649539118055537,0.012698640127711363,0.02004675170922932,0.026596239760972456,0.02580635569511392,0.005713304596819963,0.20714976766203635
378,0.1500733148737652,0.22661103196471566,0.008305388633480128,0.01173358769582436,0.017039027759434312,0.005843674497345268,0.012152644399246659,0.003331514999790164,0.014178085132454438,0.005155667320892522,0.013610961727156262,0.010311334641785042,0.00586679384791218,0.021267127698681658,0.002744145509507311,0.017849976671682217,0.31948871289170344,0.11176941811344371,0.01173358769582436,0.030934003925355134
379,0.2082690945692271,0.08036805569192818,0.03432937167354735,0.03604584025722471,0.055010345379461506,0.01015375781893654,0.03432937167354735,0.02252865016076545,0.030038200214353925,0.012429600088698178,0.031344208919325836,0.04005093361913857,0.015356823189273734,0.024030560171483143,0.010601717722713152,0.23582018569236876,0.008903484069419671,0.017583336710841325,0.04005093361913857,0.05275552875860717
380,0.06173948417333954,0.047349078087824306,0.06628870932295404,0.07484209117107711,0.001835285753896881,0.09151799421452611,0.01841353036748723,0.027620295551230845,0.015065615755216824,0.08426530846138225,0.011445636474276627,0.1657217733073851,0.0011717970670606587,0.06628870932295403,0.03710188954642951,0.06354109391744031,0.08153933701153415,0.027620295551230845,0.01744439719025106,0.0391876777525026
381,0.03339980395020865,0.024028312746337568,0.05566633991701442,0.02783316995850721,0.11133267983402884,0.026526985938488873,0.02783316995850721,0.06072691627310664,0.03711089327800961,0.02778059669866994,0.03036345813655332,0.05566633991701442,0.018555446639004807,0.03929388700024547,0.02119857279316552,0.010276862753910352,0.11133267983402884,0.01712810458985059,0.2194127078497361,0.04453307193361153
382,0.008721467063994062,0.030234419155179413,0.01971809944903006,0.018896511971987134,0.20795429295343404,0.008245750678685295,0.016796899530655232,0.032394020523406515,0.01814065149310765,0.14942813951431239,0.08940958333822054,0.020614376696713236,0.0011675294952500292,0.006398251535603413,0.002966460471884214,0.006215078683397865,0.032868155725162815,0.018390515703364904,0.011061372861651006,0.3003784231549602
383,0.01606953341906955,0.026129156081782227,0.02791024225417343,0.020395946262665197,0.03384859166995501,0.007473965095126755,0.033143412676830956,0.06363535233951542,0.03384859166995501,0.01360729467537171,0.03181767616975772,0.031193800166429135,0.02066082868166085,0.04422641741771295,0.0039240821230893145,0.011363455774913466,0.015445473868814423,0.009358140049928737,0.526487228334954,0.029460811268294182
384,0.10664387721265549,0.040316587726735596,0.09816212663900845,0.04275260059643894,0.04837990527208273,0.041753750074629385,0.015733302527506578,0.06973680039219131,0.062255318444282934,0.029925714601288286,0.04734538298156772,0.08669957107563706,0.0032086503148496238,0.037470938194185476,0.05564467590441562,0.05028735673442291,0.06448210188460499,0.03986359235901948,0.021708931852857636,0.03762881521161989
385,0.051688210193102706,0.06633055315958412,0.008051052237564218,0.13184875008611668,0.01603581816415207,0.025313764499566065,0.12792320966491222,0.030838111854138595,0.007577392209827234,0.04401658827179777,0.07258054449073034,0.1563505895904483,0.00598351424035525,0.02496062627608043,0.025676343158548696,0.045483807880857687,0.07258054449073034,0.04754627409940558,0.02436632565045947,0.014847979781622288
386,0.022132278480005336,0.053947428795013005,0.04795327004001156,0.03752864611826992,0.04795327004001156,0.013921917108390452,0.026973714397506503,0.04315794303601041,0.03752864611826992,0.28429208710214154,0.12838236289967248,0.053947428795013005,0.003011570646957083,0.014905041154401883,0.0101324752360962,0.015984423346670523,0.022132278480005336,0.06394148295889195,0.014629811198647593,0.05754392404801389
387,0.04062255255243932,0.06424570895160608,0.028799800564513072,0.005821374279296114,0.052199638523179936,0.2758312233161912,0.08351942163708789,0.05567961442472527,0.022572816658672407,0.011763298822125056,0.027839807212362636,0.04175971081854395,0.025308915647602393,0.059656729740777084,0.0408018434698789,0.042682862848611766,0.023862691896310833,0.007462971832385456,0.01996949877278401,0.06959951803090658
388,0.0704391688125541,0.018308192187743603,0.012626339439823176,0.017192524352360062,0.01743637351213677,0.03521958440627705,0.012732444508391701,0.1537133221736619,0.11941501467854924,0.05261721043829341,0.05199081507593279,0.02225831847810382,0.004755374594219117,0.011442620117339751,0.15067712692238816,0.07632694128168856,0.07362781022115712,0.025727413645822407,0.007323276875097442,0.0661701282784599
389,0.034658617565549034,0.02434720368382163,0.05654085400611656,0.043492964620089676,0.05300705063073429,0.022377646704267774,0.06244233088938178,0.017462291266755435,0.14135213501529145,0.007310497727802193,0.011849411931012618,0.10177353721100986,0.0024759965228981586,0.09423475667686095,0.10948218442370164,0.08050518947890768,0.03687681313824714,0.038203279733862554,0.025129268447162924,0.036477970326526825
390,0.014484799449861975,0.022957040637517096,0.04679704437647716,0.0037903401832973444,0.03379786538301127,0.00914829438938651,0.024334463075768118,0.027038292306409018,0.40412107652351353,0.02784650443736566,0.03141980082955621,0.10308291775424507,0.010488992705072465,0.01872690777474955,0.12246360302715262,0.008883011596744837,0.013857351759662333,0.030418078844710154,0.016667440462854878,0.029676174482644046
391,0.07525437734679406,0.05769502263254211,0.02902415933944507,0.014011663129387276,0.05804831867889014,0.015259457508379266,0.01997135398818765,0.0406338230752231,0.10181474582213312,0.035041078819303094,0.02390224886777829,0.04514869230580345,0.011376073400334644,0.07116308640886375,0.13479012456647751,0.06754539235029318,0.12040700375487047,0.01923167421084737,0.0016333851155563663,0.05804831867889014
392,0.03857988365061239,0.03628726405844572,0.026207468486655238,0.029483402047487145,0.04717344327597944,0.009827800682495716,0.018499389519991933,0.03144896218398628,0.07257452811689145,0.0041713547768792705,0.055498168559975816,0.07862240545996575,0.31338012499146006,0.04780561865847383,0.008349281995748572,0.0048661467025909845,0.11495495127134552,0.012579584873594514,0.021941136407432296,0.0277490842799879
393,0.022330959516249634,0.009311089831773835,0.03814872250692645,0.09155693401662349,0.05722308376038967,0.008031310001458201,0.09332064015864219,0.031571356557456375,0.0416167881893743,0.012255991453452488,0.08323357637874862,0.03662277360664939,0.012372558650895062,0.03662277360664939,0.3039211414146446,0.010186401740185277,0.02474511730179013,0.017607102695504515,0.032698905005936946,0.03662277360664939
394,0.005468107286450436,0.0093086306498198,0.0019933534769125383,0.0093086306498198,0.029921183817213776,0.003046616362274362,0.02047898742960355,0.10856560221998567,0.22429691815255826,0.06447191209450863,0.08722657928155043,0.027925891949459398,0.0919415295129856,0.04361328964077521,0.10828127083226956,0.005485443061500952,0.030785851511135453,0.10187513866850553,0.011377215238668642,0.01462784816400254
395,0.021113713644024243,0.21734079163995967,0.02975114195294325,0.02727188012353131,0.01599804132772722,0.00623702460025509,0.05454376024706262,0.026181004918590055,0.16363128074118788,0.03821136506074186,0.17165720919594807,0.036362506831375076,0.022569831826370745,0.07272501366275017,0.03466465030245619,0.007279552129220063,0.021113713644024243,0.015964027389384187,0.011900456781177304,0.005483033981270661
396,0.002217493582281118,0.047746366688796484,0.05371466252489604,0.023873183344398242,0.04297173001991682,0.035421719858823246,0.03305517693839756,0.003394888855428066,0.05371466252489604,0.013021736369671766,0.03580977501659735,0.019585361780130865,0.008273222773705116,0.02685733126244802,0.010742932504979206,0.2591597517367608,0.14230545150071558,0.10457841101176384,0.03580977501659735,0.047746366688796484
397,0.0163959212137507,0.02329946698796152,0.04426898727712688,0.05421363008930115,0.03162070519794778,0.007257211029037195,0.07378164546187815,0.03428321893904645,0.14623729833273022,0.019247385772663862,0.03689082273093907,0.013570360850658658,0.15079585480582655,0.0307545627646228,0.21757249607466211,0.013020290375625557,0.019247385772663862,0.013834058524102156,0.027668117048204304,0.026040580751251104
398,0.06576648361872608,0.010796757153375604,0.03623193247652974,0.06168581552303062,0.057804306610826875,0.048326530411197076,0.04335322995812015,0.06069452194136822,0.05056492929356623,0.05702617171414265,0.06996314351862148,0.041071481012955935,0.008214296202591188,0.07499868601050777,0.04979470653181806,0.0404630146275788,0.11237157205144743,0.003277586992989022,0.04256498941342705,0.06502984493718023
399,0.012776801857468078,0.04276011810031942,0.0764494563943856,0.29186696246695565,0.05701349080042589,0.001658829662994527,0.04501065063191518,0.06578479707741448,0.06843942468254591,0.014253372700106475,0.030542941500228158,0.09502248466737648,0.0219282656924715,0.03292025723025965,0.0129619326689484,0.01295761154555134,0.027587172967948013,0.011252662657978795,0.028506745400212946,0.050306021294493436
400,0.014109055795106528,0.06588827864915914,0.04449779135379751,0.04131937768566912,0.18630438610077085,0.008633899814915937,0.03856475250662451,0.04131937768566912,0.03615445547496048,0.003257514242925205,0.028923564379968382,0.03213729375552042,0.014832597117932502,0.04449779135379751,0.011342574266654266,0.0036550861320027495,0.014461782189984193,0.014727051560880427,0.2766422372390905,0.07873113269457063
401,0.012278123664323575,0.12473666384074121,0.016955504107875413,0.022254099141586478,0.01978142145918798,0.009129886827317529,0.023737705751025576,0.11629138251029132,0.06990736105360221,0.06868040660234946,0.1363193540545243,0.012727163750079302,0.01078986625046617,0.029672132188781973,0.07044927858114952,0.012096054347051455,0.09261491838651985,0.10871893098821968,0.013187614306125322,0.029672132188781973
402,0.028051068528380203,0.07414316820492024,0.008979602565727773,0.024544684962332676,0.11915866318647896,0.07314320827888744,0.10098851014243607,0.013090498646577433,0.0675244974671388,0.05560737615369021,0.03272624661644358,0.06281913456007775,0.012272342481166343,0.024544684962332676,0.0556073761536902,0.095340093219176,0.07142781438259457,0.05004663853832116,0.019635747969866144,0.010348642979761794
403,0.023651239051583863,0.10676193842515899,0.03311173467221742,0.0026938505023661958,0.10676193842515899,0.016555867336108705,0.10676193842515899,0.10676193842515899,0.10706203438247243,0.027593112226847846,0.030255417914695378,0.027722326318507403,0.019477490983657298,0.04978608299940332,0.0010758851911795932,0.01576749270105591,0.03325728895137419,0.041389668340271774,0.036790816302463794,0.10676193842515899
404,0.005903348993698309,0.03652145629628406,0.0584343300740545,0.022474742336174813,0.04869527506171208,0.005037442247763321,0.0584343300740545,0.09709420179985824,0.0584343300740545,0.2029779205363051,0.037268049982548304,0.0584343300740545,0.010821172235936023,0.04869527506171208,0.012173818765428024,0.013280529562285117,0.054985483690241935,0.09729105054126659,0.03652145629628406,0.03652145629628406
405,0.012889403503712942,0.003773378489791455,0.0837811227741341,0.06283584208060058,0.03866821051113882,0.016556825176931057,0.002867623216771552,0.0837811227741341,0.12567168416120117,0.01170739440891242,0.12567168416120117,0.02010746946579219,0.01289456614194295,0.0718123909492578,0.16727189388402144,0.00987474264352656,0.02185594507151325,0.02185594507151325,0.050268673664480464,0.05585408184942275
406,0.026997241181319954,0.04795105534869235,0.3212671700577075,0.0190752369672506,0.02670533175415083,0.0034376261541344505,0.13606609555385255,0.03067460143904558,0.02670533175415083,0.008345416173172138,0.02670533175415083,0.009265056076788129,0.0060693935804888265,0.03338166469268855,0.07301777523714902,0.04459779072318836,0.056694206480771905,0.04638616893881337,0.012138787160977653,0.04451871897150656
407,0.017631055861679578,0.03134409930965259,0.0711634078537541,0.018199799599153115,0.14104844689343662,0.009898136624100816,0.02564517216244303,0.02350807448223944,0.009736396729185255,0.014104844689343666,0.021699761060528715,0.18168798600434413,0.01200412313986695,0.033187869857279215,0.009562606569046552,0.003360608265494556,0.2994617844652252,0.015672049654826294,0.02564517216244303,0.03543860461595715
408,0.27461017603364357,0.03936530415227537,0.023619182491365225,0.034729993668861016,0.024313864329346555,0.010467927481194808,0.02505064809690251,0.03936530415227537,0.05166696169986142,0.010877255094707671,0.14058816663324383,0.030617458785103066,0.013121768050758459,0.028505909903371825,0.01073599204152965,0.1406542042971136,0.0046490047686683555,0.026674002960546006,0.03594223422599056,0.034444641133240944
409,0.19834389243135978,0.11976444758172049,0.027219192632209205,0.06822078678353545,0.0748527797385753,0.03792478099252967,0.03742638986928766,0.03992148252724017,0.0544383852644184,0.026035749474287065,0.05988222379086025,0.042773016993471615,0.0425265299500587,0.05988222379086025,0.012220861998134743,0.024184879033378428,0.003544505316216666,0.0048961373002538505,0.028515344662314406,0.03742638986928766
410,0.015151147647498182,0.099997574473488,0.04545344294249453,0.04166565603061999,0.04166565603061999,0.010869301573205216,0.03571341945481714,0.07142683890963428,0.07142683890963428,0.16093900243086903,0.030486020331083052,0.099997574473488,0.014362654199893595,0.0178751699505792,0.00625210826337766,0.01470552565786588,0.01470552565786588,0.11088031053495995,0.024999393618371998,0.07142683890963428
411,0.013523054395466399,0.023972687337417708,0.047945374674835416,0.1268602959691835,0.0405691631863992,0.1725321886882114,0.03767136581594211,0.0659248901778987,0.08789985357053161,0.015068546326376846,0.0659248901778987,0.03767136581594211,0.023972687337417708,0.07534273163188422,0.013108975303424036,0.0146499755950886,0.03102347773077586,0.03646936188872957,0.0292999511901772,0.0405691631863992
412,0.18423752017837414,0.03379890220265325,0.07182266718063816,0.04823193262971665,0.03830542249634035,0.016416609641288715,0.04419856441885425,0.0522346670404641,0.06384237082723392,0.0205207620516109,0.0820830482064436,0.0820830482064436,0.015973477635753238,0.057458133744510524,0.016416609641288715,0.015903612148339897,0.006086483437531726,0.07027627030334105,0.04419856441885425,0.03591133359031908
413,0.016108027713527717,0.06647319970393196,0.060852549139993606,0.03651152948399616,0.03651152948399616,0.01217050982799872,0.028824891697891708,0.17740322601309297,0.0497884492963584,0.008861845019836521,0.006577727959488459,0.03422955889124641,0.0171147794456232,0.03422955889124641,0.009613086133567017,0.012736580052556798,0.017850149189135675,0.32751122907423436,0.0228197059274976,0.023811867054780108
414,0.03283731139493381,0.03040491795827204,0.04829016381607913,0.05472885232488968,0.26463135835263935,0.012072540954019783,0.03731512658515206,0.04836326213316275,0.051308299054584075,0.02568133185072205,0.04104663924366727,0.10261659810916815,0.013457914506120413,0.08209327848733454,0.0112456545873061,0.018524176775973077,0.02830802706459811,0.02866348139526542,0.0293190280311909,0.0390920373749212
415,0.1366940670109453,0.015903925293344664,0.035115685563858995,0.1719900335496621,0.017494317822679132,0.002374506507148647,0.014578598185565941,0.021867897278348918,0.09424705690112546,0.005831439274226376,0.021867897278348918,0.07444107875147947,0.009371955976435248,0.16079273010319564,0.07613292145037673,0.05117824164164214,0.041873106797707206,0.012565339791339739,0.013811303544220365,0.021867897278348918
416,0.07650416492398691,0.029320076469361304,0.02640279485956584,0.5100645303609577,0.029320076469361304,0.002998486652523121,0.03884910132190372,0.025899400881269154,0.01622248234743396,0.00893082789009281,0.03046988338972841,0.04316566813544857,0.013169186888780922,0.02726252724344121,0.009897860209402223,0.00908750908114707,0.01689091361821901,0.028200755976375336,0.02428068832618983,0.03306306495481168
417,0.014983849949773757,0.024660730370300997,0.04573873284933604,0.5407923755814518,0.02620202601844481,0.005088139946932856,0.037265103670677056,0.0389983643065225,0.019271121190795507,0.010546727453965206,0.031640182361895614,0.039926896790011136,0.012240362519565456,0.041923241629511686,0.009316275917669264,0.010351417686299184,0.015970758716004452,0.010293228704324576,0.013974413876503899,0.05081605046001417
418,0.019063878463813168,0.02912536987527012,0.05825073975054025,0.003448050849374884,0.05242566577548622,0.017188742877208594,0.02557349550023718,0.04677174333509098,0.3462886596569713,0.012944608833453386,0.05761182246426559,0.019509221103419797,0.01327232044949018,0.07595042475144004,0.1070017050674525,0.013617056045580833,0.034836449730140565,0.017771412127283462,0.024964602750231532,0.024384030593249402
419,0.05792423792358637,0.118817558488737,0.019122662542000794,0.04398831829325071,0.004508354814955562,0.006959521351859393,0.044556584433276376,0.08317229094211591,0.06867865025060609,0.05849479802522435,0.018279624382882616,0.1029752173569054,0.003777270250368173,0.07504266851920231,0.024166283082454984,0.11556228291370313,0.049737582623192236,0.06923908530425726,0.009982785661687314,0.025014222839734108
420,0.019016741988377727,0.02227662558089279,0.05176779763502825,0.03727281429722034,0.1827871675335631,0.008477663919526656,0.038825848226271185,0.038825848226271185,0.03727281429722034,0.008804919795787635,0.038825848226271185,0.026623438783728814,0.020707119054011295,0.06655859695932204,0.013791144436289333,0.015793565380178107,0.025883898817514125,0.016347725568956285,0.3062475915958642,0.023892829677705348
421,0.1321357315105087,0.04564688906726665,0.09414670870123747,0.0014020567108950193,0.029578806976581405,0.017932706419283326,0.07845559058436456,0.013444912262082453,0.09572466249795525,0.004414747309937522,0.0130060586535886,0.13312379631749957,0.0239102752257111,0.01020966804383865,0.03576332338750131,0.051141422010548734,0.06977519498045423,0.12324660048161994,0.009541550637606902,0.01739929822151847
422,0.0014820147429930783,0.06553102423422678,0.0285193602413486,0.030800909060656488,0.023334022015648857,0.011323863625241359,0.020263755960958217,0.029616258712169705,0.02415177086457987,0.009059090900193086,0.005233885480708273,0.19659307270268037,0.004905519927005145,0.027500811661300435,0.008021070067879296,0.20459715151205768,0.25211682080840964,0.012031605101818943,0.019250568162910306,0.025667424217213738
423,0.2658916767877882,0.06552464861301645,0.07919748936715013,0.042567408267938686,0.035164380743079794,0.008696567280546614,0.03369919821211813,0.027888991623821906,0.053918717139389005,0.013258700935915331,0.08087807570908351,0.042567408267938686,0.017218929611179306,0.04493226428282417,0.013479679284847251,0.06815903059780432,0.0033300711076820868,0.00541767023541786,0.040439037854541754,0.05777005407791679
424,0.01596818383962934,0.009868997754784167,0.0030074947529865254,0.016032856809019076,0.031087342927570125,0.0360856222844581,0.037995641355919034,0.05181223821261688,0.41449790570093503,0.01016591600574148,0.011066282922018486,0.016254819831409216,0.0027091366385682035,0.014543786164945088,0.05978335178378869,0.0714247803608956,0.11453231604894257,0.02655365892902434,0.014392288392393577,0.042217379284354484
425,0.09903812352979281,0.03724609808708241,0.01585612902319414,0.26935341628944326,0.03724609808708241,0.0029868914978500504,0.05462761052772087,0.02926479135413618,0.004352259226512811,0.011073164296159637,0.03414225657982554,0.024100416409288616,0.02101061943373879,0.16909658927551552,0.009528071603672243,0.040395298555098845,0.019985711168678363,0.0609693361278401,0.024100416409288616,0.035626702518078826
426,0.4018903626984088,0.036895577137513465,0.05124464012915462,0.05293713241469324,0.03478725844394127,0.011379009771382658,0.035810413104057186,0.035810413104057186,0.060877702276897205,0.012682854641020255,0.04870216182151778,0.05293713241469324,0.015829774352676258,0.04348407305492658,0.012175540455379445,0.011088562869392051,0.007976270994781208,0.006453174355829091,0.028989382036617724,0.03804856392306076
427,0.014695623528050185,0.10066529077929985,0.01344130407145928,0.00597588417821484,0.013113467386789538,0.0026110908666916715,0.01344130407145928,0.4399706764829539,0.014934782301621423,0.04362846173128194,0.07031497988754233,0.018539729753736935,0.005908265525916166,0.010339464670353292,0.0038403725918455074,0.0038403725918455074,0.020798613797376,0.17769776973928478,0.01280124197281836,0.01344130407145928
428,0.05212524046783638,0.011226974869995533,0.000908997669970164,0.006595253274521001,0.05004023084912293,0.018919531725362836,0.1375655472750207,0.022632842489682305,0.10566625517704277,0.0027958138881121627,0.005591627776224325,0.08135162514799922,0.0026516997701682365,0.05711113303432508,0.31051750392982536,0.03605370839272702,0.011846257598116632,0.009839371234378105,0.040328475519852365,0.03623190990971677
429,0.005171584828545211,0.29870230796529373,0.20826403196948043,0.008297844665135105,0.013709482490223218,0.0012365952309028665,0.04032481157531466,0.014332640785233369,0.012612723891005364,0.00406862061000173,0.015765904863756702,0.018651141191919168,0.005580851279205912,0.011466112628186696,0.005681407158110523,0.2937239361658721,0.007507573744646049,0.004473508626996392,0.0150151474892921,0.015413772840878493
430,0.08051715841261754,0.03428860280594528,0.020249844833287782,0.024194531782140743,0.038630473220425926,0.05729420383386582,0.03538311079713453,0.02690336527851091,0.12692869772425658,0.03917351303780392,0.03959802681685589,0.05663866374423349,0.06895254349955995,0.03755717848997222,0.04619245558470098,0.06362782134692041,0.040893207782706144,0.05011411179330463,0.09357692270786404,0.019285566507893127
431,0.012484288453804167,0.03329143587681111,0.027465434598369167,0.06842925892175347,0.031389068112421904,0.004444359484881442,0.018310289732246115,0.028169676511147865,0.16676151019746316,0.011404876486958914,0.02118200221958405,0.020344766369162343,0.006909543295187215,0.05725713501616109,0.3689596260224526,0.04090107698429776,0.009553194642911015,0.010770758666027126,0.03145454885461617,0.03051714955374352
432,0.026767017001989836,0.029536018760816365,0.05353403400397966,0.024472701258962132,0.2841217620295142,0.018620533566601625,0.03568935600265311,0.029536018760816365,0.019466921455992606,0.0024932223454128756,0.032944020925525945,0.05353403400397966,0.02855148480212249,0.025192486590108077,0.007258852068336227,0.006420256194678867,0.011123955117710062,0.12977980025551963,0.021413613601591865,0.15954391125368833
433,0.014720930505757446,0.04137651796477158,0.035330233213817876,0.04121860541612086,0.0475599293262933,0.008834364525946574,0.04121860541612086,0.05376339836885329,0.02377996466314665,0.009445566872748213,0.030913954062090642,0.038642442577613303,0.01627050213794244,0.03636935772010664,0.058728617780033375,0.013016401710353951,0.014213312212455467,0.017665116606908934,0.40937224959262536,0.0475599293262933
