site,A,C,D,E,F,G,H,I,K,L,M,N,P,Q,R,S,T,V,W,Y
338,0.18127858831996055,0.014631491920883513,0.05368707002778879,0.10042530645848029,0.0019406922025973629,0.14473892177545236,0.006496251566623834,0.0022610697311386766,0.005414709328287189,0.00534863513416492,0.026515381741179074,0.09886488446625814,0.0010533570181315323,0.09836911913809003,0.004416545173842451,0.11088135253362563,0.13008597216411702,0.0036242057431026416,0.0015412717703303447,0.008425173785945612
339,0.020230450886238708,0.10843670672929327,0.008109209682329711,0.00644699914116268,0.011598521258632276,0.0018189935516506016,0.01513260446903646,0.029840281326440784,0.010455188435386509,0.004583603498424269,0.009988932515487343,0.011829829278553443,0.00574789797847901,0.010700241927204302,0.00226236478835471,0.0038207103137365577,0.005838128063324093,0.7163625347283007,0.0038371152548898856,0.012959686173074718
340,0.008183691069366334,0.012563488747817288,0.0034339076456747606,0.0019849424124373885,0.004341647042757199,0.0006610749598885008,0.00496577078349154,0.3226090561310384,0.0064275053820238865,0.0736223964036562,0.02994133458269446,0.005373070502678179,0.004784647878102812,0.003478798608329721,0.0016343146931569962,0.0035792614345485033,0.18333146491904978,0.32208213338512043,0.0021528949743521457,0.0048485984438154306
341,0.013967101954985066,0.14095465639294893,0.0008781249521826868,0.045621139467237434,0.005093973324634014,0.04679470495426268,0.0012749996260290658,0.0031648508484477308,0.0013417940648989626,0.07441270690475592,0.13512650638783444,0.025676450438742972,0.0005254974744873672,0.08331141481757466,0.00370327126819505,0.1314208109555388,0.27150936305418844,0.011745739450364757,0.001849941344806457,0.0016269523178845024
342,0.005759723524185266,0.004870092618858632,0.010427825190433714,0.004872569936191327,0.10681069260066713,0.0022180860313594894,0.0071889476672731874,0.39679261013828243,0.019195884450599037,0.0323713968410873,0.15905959714179463,0.012999214575498087,0.0037025142153885105,0.00845167075693688,0.0012520030972056424,0.0025816998822018066,0.012255356822354495,0.029068615098850926,0.054284708343078816,0.12583679106775267
343,0.20148695459022908,0.5279442530908338,0.007533689879098277,0.002637855884708323,0.042859921294354876,0.000823522720037645,0.005460137305083912,0.005445681513796751,0.004357708410575454,0.0014959372165980482,0.0037889897346370174,0.011093048740141893,0.0019254656749074495,0.0036678807467011936,0.0008328924766700844,0.10397557541516395,0.022673749683300885,0.025055580450426582,0.0017348091705360368,0.025206346002198662
344,0.004493917453230263,0.007148819934303592,0.014038109187368093,0.009000063311778921,0.014320702838217653,0.0020056876805129506,0.0203403386413299,0.05471451930676926,0.028796637642268422,0.020032921347005437,0.7191553242011866,0.013193760943689202,0.007700482966262296,0.010288355409299592,0.0070854433024775745,0.004130887109349125,0.02720291982458557,0.018512665854944294,0.004480970729673833,0.013357472315747404
345,0.0314282753529647,0.011757799156997258,0.009479808970000992,0.006125550618183782,0.014830109040377579,0.0047242530477406034,0.014155576515957616,0.04552772018576659,0.010239898618503107,0.0039525950392058804,0.00848465959522552,0.019849903973643956,0.020997987035730182,0.00964077463767889,0.005633630181527961,0.0182254029470215,0.7391112471552272,0.004370485371549083,0.006976555738466977,0.014487766818230512
346,0.008867455039323756,0.007134255939135646,0.8031962267330233,0.007682773969583334,0.009570438076156613,0.020381671922822368,0.008815093673414943,0.011956086008472429,0.010938676564970428,0.0037133693797881625,0.008848165749162099,0.03287000482724751,0.0062677744567953865,0.008604132710656695,0.002157091610868817,0.003244413257570913,0.005193158348804174,0.018665308405911726,0.004629717656965981,0.017264185669325815
347,0.0656596134115202,0.02916050667080893,0.00554737271359342,0.004988439632975136,0.00767778749243898,0.0025064424355717096,0.00889245247135038,0.04624909253432198,0.013876353517342104,0.002394839648086519,0.007986956783952235,0.014683257784819319,0.006078133580820184,0.012104777484843563,0.0018521517712205278,0.015151210212080596,0.7343721929895538,0.0021286730435679767,0.010629192344519056,0.008060553476613342
348,0.03268923015061994,0.012698685389341074,0.013235754590508977,0.009679831681526542,0.01262289245863058,0.0038341141720095364,0.0174388579682977,0.02307865443574432,0.025352725334501513,0.0061652893988071306,0.011798433007326508,0.012683323175130561,0.06645346717714092,0.028348031838335664,0.004831992094945894,0.019557881494034837,0.6598661688691656,0.010400471569462501,0.016577635112787512,0.012686560081682686
349,0.008319027466724001,0.01587804722094584,0.014199190698431187,0.007363557962064937,0.011384719469992925,0.002901202963068012,0.00995932357156125,0.014953175052913846,0.011051400796735738,0.014899590693259145,0.009740326336707036,0.011442363552680763,0.7864070934293893,0.013495066250801966,0.0025675767879215898,0.029492838186791534,0.013959225836472395,0.004532037018195152,0.005303695585823594,0.012150541119519772
350,0.0034100464558287796,0.01939694061030423,0.009794913898055157,0.0055644059522430055,0.12625637572851445,0.0013993359536750487,0.03387575813921732,0.008157560780005053,0.008946161174609632,0.011374063104334217,0.007767198823080113,0.03588504377231569,0.005624205413292431,0.008566811761679064,0.0017866624087325166,0.007875624022917456,0.004800594901554251,0.010102430174782458,0.1554168319350154,0.5339990349898438
351,0.01258813794898275,0.018478115330801282,0.02257339435003384,0.008312198342121204,0.01906927504323525,0.7848511834740383,0.015222190355260918,0.01259420174062256,0.010926878860992691,0.003703074743971854,0.007631672711678001,0.01140426104147966,0.006606671964778431,0.013862977723118923,0.0024235237645681617,0.011610165780659374,0.007391599395835571,0.014296135826066987,0.005117482161143477,0.011336859440610839
352,0.002578800054657914,0.006345799418499916,0.009140732311049933,0.009825943434462912,0.009953153394552302,0.0016178664581036144,0.0349707391979756,0.05715632696589883,0.01979567433336283,0.2348846342457522,0.15147100798771682,0.06373849261685313,0.02752462672151655,0.3252718403842173,0.011988335509774871,0.0033660485069275025,0.004941883496246208,0.009730752357357373,0.005753824908188872,0.009943517696885326
353,0.010648110875237307,0.014021764890326084,0.011322937027938027,0.012914091368530256,0.011518149353523365,0.0037496479419337424,0.03553257676145727,0.014271224263913043,0.018596475736207044,0.00538528014319369,0.014310842651980056,0.012299688909609544,0.010400806962508266,0.7588988276583801,0.022159730827753226,0.005748340787376242,0.008955455634010645,0.006525345311843537,0.009978976677483181,0.012761726216795347
354,0.0333179161249087,0.009611046083666738,0.011951115573591358,0.008413439551622631,0.012027125058680156,0.009825818996840228,0.03219544772409233,0.07026782469366798,0.03983411046044792,0.024468818067595127,0.09832922443160387,0.05787181036467826,0.0061842387724777214,0.09532079017564819,0.41566600772538387,0.03353730327165682,0.007487726092008138,0.004435581839928414,0.017113725331512907,0.01214092965998869
355,0.013828033115821392,0.012895273646165436,0.01481550666100536,0.009437080267102962,0.04606417018879767,0.00902369762246924,0.01664893696120792,0.050971986201014695,0.01588801169348396,0.010744081200828901,0.0136709389358635,0.017482015096951218,0.008830984619061611,0.014665834306011087,0.003614858615395383,0.0054065749485370925,0.009090055573058883,0.702900332611775,0.00802101600424904,0.016000611731199665
356,0.006695396654786434,0.011543425927190345,0.008973673737650805,0.009199631420998387,0.7558433858359732,0.0064792983565592505,0.015645214747654058,0.024527983326053836,0.014743449509181135,0.024121753326267443,0.008905618896880007,0.012754432546586309,0.006742334478296415,0.012909960604032935,0.003583778285854855,0.023812014205181153,0.00834659843871495,0.0077398293196195116,0.007329999264561876,0.030102221117957104
357,0.005955103535936499,0.01446382958716423,0.016559104364367562,0.0288609485448107,0.019054427382323966,0.008889282423919679,0.01478336572109329,0.023090099797740304,0.4941254651375586,0.005493589787570406,0.030092607144886818,0.05031130635521737,0.010221492513777538,0.04303315057242575,0.18530039566256606,0.006097164451641967,0.01861022079092637,0.005702411063208574,0.007400201679392464,0.011955833483471835
358,0.022559639034192943,0.01632524944098573,0.054054307408123704,0.604385327448584,0.01946404213146277,0.023152578295732938,0.02161822504352281,0.014195379660285307,0.06086034142981073,0.020378353264769333,0.016774761382896856,0.020773435596391786,0.009615374381190383,0.014363418458532416,0.0062775642842478885,0.016079461470895885,0.010391424182328211,0.020383538114788394,0.014739080656016475,0.013608498315241514
359,0.015162543622682757,0.016148303006305268,0.03652064260195035,0.03182533523695945,0.022592868982769215,0.03585396882489497,0.017222792018993256,0.045036295954980446,0.5158231587525011,0.01342008667210296,0.022085851258277535,0.040384385202242155,0.019190526468578162,0.04975484371498031,0.02924047193166383,0.009390024364424477,0.031465326934791975,0.013464867345733518,0.0178377754572227,0.017579931647945583
360,0.019304438221185726,0.02344580298872951,0.030198388347140472,0.049523222177793744,0.030601487512667915,0.013202793785823567,0.03809537961916275,0.03558276097626713,0.03570499026088357,0.01246048449974588,0.04051588848694232,0.030517881388233196,0.012749308769544259,0.016920623802716764,0.015774679218219907,0.01103369950847252,0.020804568944536844,0.5055358290048036,0.02083044432611226,0.03719732816101791
361,0.026259857441641634,0.03053637806296149,0.5052603124084123,0.034975140557359244,0.021924237303180986,0.021759427231187352,0.02234275129556059,0.02476748701635385,0.027158911821707862,0.015906574552871085,0.031883171026348286,0.035062244850180654,0.013704815247911974,0.023938624110360043,0.011626102643125488,0.008870329278086763,0.009822549609600419,0.0511252372132399,0.029439075923083327,0.05363677240682679
362,0.02314409016696608,0.012276926961619663,0.011529051378347616,0.015642840416745834,0.016118618069491556,0.007222718945797749,0.016714860236159514,0.0292586797566363,0.028875656499513336,0.010705059733403098,0.019782260598987845,0.021982732903826355,0.04024950111648455,0.0217929235431946,0.0070484243355247314,0.10839208955839279,0.557685349377631,0.008302843924063054,0.02605512754125978,0.01722024493595445
363,0.012699148107657404,0.03008698630158947,0.021158758777908182,0.010591148120047323,0.023280648867533126,0.01678139361838986,0.02440915160178048,0.018279457959669274,0.023753427483903727,0.00755444309636147,0.03850944219158295,0.027004742259274503,0.00975230733521875,0.01314916579993617,0.6337222242853735,0.012618670840765915,0.007609743228342009,0.012856291886057383,0.03700658045108553,0.019176267787522926
364,0.08570841629544032,0.04975620590186001,0.01416959399761597,0.013492461012448598,0.012972742298997926,0.004946127541694054,0.014710754896715184,0.023008407878673066,0.013489703744253106,0.01823170995270959,0.1304516598339384,0.013381907819408798,0.003808161682260814,0.008146535785981646,0.004685761042477799,0.009139512286379074,0.1092871376880642,0.45159139893874806,0.00640845973538342,0.012613341666949935
365,0.09610197768804746,0.08986120640304332,0.01985537139205838,0.0172783844401026,0.01842593917090951,0.005359000287884612,0.009418115898153634,0.018926696507101475,0.026144085026989245,0.022945128602774395,0.019233332146159937,0.08969039986032178,0.4159236473286981,0.03013103245086264,0.01551548811403519,0.04381747680593796,0.010017245527309444,0.007210324963900706,0.017902950798835922,0.026242196586873767
366,0.05692144529653263,0.021538930214806174,0.28442570554947805,0.05295711502121928,0.014997590683259676,0.024338080592285722,0.13267346277938927,0.016089065487880052,0.01498021209852044,0.02743196684428392,0.01358210523530754,0.18159985400737963,0.024328400513655868,0.029513831004151666,0.00914756212541614,0.01689830832099483,0.019616192132282252,0.02007390835588258,0.015648499119624893,0.023237764617649405
367,0.021145836016186016,0.014448688073812744,0.015582836590967606,0.012892878291217366,0.017982519068618943,0.0062710218826726605,0.020231563942153176,0.0250286100609208,0.028156226931172684,0.02505851812313494,0.036499213457692574,0.03584272727257189,0.6393658821023602,0.012364987027554116,0.004739110205524488,0.014898079158367295,0.023604461285590593,0.008977033308535599,0.019423783935303078,0.017486023265643077
368,0.0197037036675273,0.07940985522942452,0.003851599644888597,0.009730780400641032,0.003258317564608943,0.15490644484424657,0.18310673148457388,0.004459647240772704,0.13472008983702524,0.003902444688242128,0.024192656493282682,0.1192459587687526,0.004147930263396172,0.12013487887273763,0.05120353028574359,0.07305533308214382,0.0014632406057714582,0.0016451144780869455,0.003927338299060765,0.0039344042490734405
369,0.061282818004438425,0.03343105335084276,0.03521980999556888,0.061500321854498746,0.05072502572574831,0.03660642745276436,0.03307720421610573,0.04191074290077014,0.0632835793245928,0.04721662164119836,0.06357199173030113,0.06292976405421105,0.0542268708236743,0.04502174864189553,0.05546526017705199,0.08173131175569731,0.037491831605527055,0.056214881400564055,0.04316912917232094,0.035923606172228124
370,0.0050108351963995225,0.019757956753169683,0.019425079374892917,0.0195630756857201,0.020324100915494563,0.629972602167576,0.014534628798989433,0.02202335483742375,0.020790494606246546,0.010212081870263586,0.058099124433486894,0.04123430429907866,0.009041336947157058,0.02029632076415944,0.010972092846080144,0.018917928700621707,0.009349724810158366,0.016181688983548395,0.019093423388375403,0.015199844621157657
371,0.042230463652065814,0.017272159819292626,0.02325169293000282,0.017759421420568685,0.022184786425867596,0.011123968255639227,0.025187693352020053,0.04515656321246243,0.024131502359971236,0.01096779333634922,0.023314229061367642,0.018783868620174022,0.023328107164466517,0.018119588964718502,0.00864203090324691,0.016933208997903366,0.5963284109230859,0.010336072964121115,0.016214538941769895,0.028733898694906355
372,0.023441365260009943,0.026259839957029556,0.004509168470844551,0.004325712466839828,0.005353364067432628,0.0016631719207136086,0.01834810438754622,0.1068503803446144,0.10910167690691976,0.038537090206957315,0.004512431415808998,0.008819780482612678,0.00802185967294034,0.35098757883426496,0.20282167432389764,0.0037331497239936275,0.01169552960367286,0.061606381677740976,0.004881691772744566,0.004530048503415577
373,0.09300443937406033,0.05305535284767555,0.02275546840008248,0.056363245335991075,0.06050887218844194,0.0074503796063560045,0.07206454595916718,0.10281524046926281,0.03668316827433459,0.07516484052655467,0.019115264412455316,0.13083911736829773,0.004863520076196644,0.057959117487923546,0.07207499683392778,0.017697704371151972,0.026909351463852125,0.06891846952038179,0.016613670685831795,0.0051432347980547065
374,0.17537871684163367,0.21549961880513874,0.009069759453185961,0.005337167114197588,0.01080587472725759,0.004180837696993727,0.010769532259815515,0.030246258654804712,0.016709734432934813,0.01424712975062574,0.0174964527700713,0.026349960813211167,0.009982176761787134,0.008880604586939598,0.009525626325093827,0.014838056032843647,0.19089313169308625,0.18847730670510654,0.008660507686187313,0.03265154688908518
375,0.01354209671653626,0.021680541345214275,0.031776998114070344,0.02275067042312428,0.025822236351185187,0.007086444232308165,0.01883150498160221,0.0521908378358002,0.021464205012184077,0.012409523629239277,0.5488540756292423,0.03127077874277877,0.013651793752410319,0.024579506907255133,0.017418520011905834,0.009088231986735527,0.05445199049984635,0.03583360622957788,0.015593278503535556,0.021703159095448062
376,0.029904640640069636,0.031496948455837115,0.0029921061489681213,0.0803386447723652,0.06656893662513665,0.04839741161565413,0.10580011612147891,0.015228395396390053,0.05496406325803495,0.03149899929938912,0.02331246160895218,0.05849540197825852,0.0018077639306597348,0.09338796791079505,0.10161629163098505,0.05942257151644228,0.05082663330151059,0.016153858535388376,0.07551785336006268,0.052268933893621625
377,0.02852537995351778,0.0581611218473963,0.006273947569213672,0.010108315828478794,0.03448148353890868,0.003173255550457057,0.018270317705615494,0.1350470481527236,0.037507012754810796,0.15716855694964582,0.17880305865111262,0.012705220765992087,0.0018996535031718799,0.024058935188953672,0.04101025323413584,0.022724650972702536,0.020729480643894477,0.039571388560103594,0.005137118510203736,0.1646438001189616
378,0.1669934282680379,0.16888152973970957,0.005208948018640433,0.005737906394137807,0.02367311843654399,0.0057132307297410225,0.005279790727628894,0.021185841067449793,0.006409967515934315,0.003671315894362231,0.0064589100352770235,0.004921649665812697,0.002922851713386702,0.00994700509739282,0.0014502041491368488,0.018148862760697652,0.36110114298223334,0.16439380628172487,0.005330162671760216,0.01257032785039191
379,0.3175429498608121,0.033315855435570314,0.014949110697460879,0.01431210570395914,0.05327587357624927,0.010183235774468119,0.014164967301335605,0.010275832860267594,0.01299803454941818,0.006526455202140508,0.012798582411136933,0.017022268964704053,0.021715242300083325,0.010840218466492822,0.005095781937089773,0.3841397297587913,0.016520168134533254,0.00927834021884462,0.01618432093501805,0.01886092591162419
380,0.06427177615170636,0.0435205364826934,0.03193347309662801,0.10090835832080998,0.005933454258619524,0.09073040753993898,0.031792646573702524,0.04235951883294069,0.06894830431406923,0.03772895648600224,0.08161850094918224,0.05462992666852096,0.003400419151033106,0.07062286036031785,0.07706349797688462,0.069385227023393,0.06615157559822554,0.033072945781479644,0.01468923613961442,0.011238378294237666
381,0.017392795111817436,0.04456333123137612,0.024309409009486294,0.0167631204393065,0.10747853127178111,0.029444435029913337,0.015592265097873311,0.026864532245644158,0.018866958232710652,0.017086854354056342,0.016174135913619537,0.02382720307396252,0.011145924715609332,0.0192824304505735,0.021723840830243733,0.006922732606182098,0.031823177290965274,0.009925146464317313,0.5010999042099382,0.03971327242062332
382,0.0037672883114104956,0.012804256536645124,0.008517343810215391,0.0076706452938271955,0.2459980806938549,0.004025814767039938,0.007457413632799282,0.012234824501520995,0.008191356387530936,0.20876351222876782,0.11062755913105639,0.00970173792267611,0.017147007598310393,0.017712379631774963,0.005585164908669614,0.0028973195239545375,0.004253450388488509,0.015870245036869176,0.005000855100319879,0.2917737445942683
383,0.007073698532599342,0.015346178554110452,0.010981441691416766,0.008655297933729114,0.012510007914811477,0.00942624092947719,0.013166945427317374,0.01952940552683367,0.013166178275899767,0.0266790862584176,0.011678390601500612,0.012016189904974266,0.008241442882210718,0.015859335618766526,0.026285236870388546,0.015299027581112077,0.006535478340879196,0.004355189539899279,0.7517143601439241,0.011480867471731961
384,0.08144610804802019,0.03481133819132515,0.08990850113181134,0.058408017166010906,0.0383909946498627,0.03500515463886202,0.019477658561728343,0.041220555012893303,0.0630433071856667,0.05120636973930799,0.04084379499560565,0.11101691675086067,0.0011842011361783437,0.046895225326468906,0.05433168698667764,0.07974216531171971,0.06492506683005675,0.04488353126590891,0.01043178608776462,0.032827620983270134
385,0.04325690553511948,0.026771626869881486,0.015241328571729829,0.15977287865839365,0.0066586559508414215,0.012383702195699038,0.09894427211519806,0.032525129468348825,0.028897302897572096,0.04654733821050379,0.10313148433044944,0.0969173655459402,0.0027358617973015863,0.06749096360568137,0.021561014990594873,0.058413854612363376,0.07196551075051962,0.04938829128861165,0.022900734012930257,0.03449577859231996
386,0.011246508549570655,0.01802769549836554,0.01730087507674496,0.016236251799836975,0.03730222900495775,0.007006472311199579,0.01202945235367253,0.13668458862423424,0.016005613886032846,0.48324436083168004,0.053414983194998454,0.019620406693766215,0.016494425864997622,0.02427957260199528,0.005159671518888948,0.0076481252799951195,0.010401870813963683,0.0800278934502021,0.006919683162991572,0.020949319481905915
387,0.09194656703600558,0.023572074065238972,0.0138718261459212,0.018192818407687314,0.022157590831956366,0.5200355149048255,0.027874700093559794,0.02022993592445344,0.011354836837648482,0.005963856402997769,0.014459378180867262,0.017634055245889603,0.012887853185255944,0.024016674867052206,0.0197859210476637,0.0898985770370988,0.01199339396646852,0.013536144386704916,0.015869561991018,0.024718719441686587
388,0.07962947581032981,0.0072449208937652,0.005202568336093944,0.05578503950927179,0.00682923795696626,0.016412782055376336,0.09041992924226551,0.06532645095223828,0.14927848702061733,0.012734210259223637,0.035064180665234895,0.04395919710248669,0.0019453768803797936,0.09358386943293717,0.1165285038180072,0.07503903701449607,0.05941913567690504,0.03354312123657769,0.006020838912131123,0.046033637224696194
389,0.06949239556839842,0.029859918991607885,0.0357851451366655,0.07832555334826993,0.009407003211807027,0.014768155816784761,0.0806976128142791,0.010309665284269395,0.14911400691912516,0.0021012704892240572,0.02196130349253761,0.10688093652068596,0.0013557776134930735,0.05624047213321376,0.09786165393411586,0.07815055897073436,0.04440218318001811,0.01913776669581048,0.02009783631355815,0.07405078356540144
390,0.006829890773667566,0.009949508071897014,0.016310819507337704,0.03337080642310694,0.012529298961331887,0.004016340560106595,0.020585397544600623,0.01077974925158527,0.584319567688693,0.00354249998015231,0.012308578374908544,0.03259873822208691,0.004685667776244588,0.02788244215315391,0.16751869728354635,0.004041950775398952,0.019569931695662245,0.010725355244161223,0.006790365880591047,0.011644393831767403
391,0.050766200690364145,0.11372430785837569,0.008802904097201173,0.05008042619965769,0.016377453374977164,0.00410261440951305,0.05846396887543648,0.04520739615034058,0.07505190085644198,0.0044719929399009385,0.039429007889992866,0.041292231521535584,0.01535874114594487,0.0990785259296341,0.1383064524972469,0.06362775837417378,0.0614384448954621,0.09429234420217199,0.004294836826958975,0.015832491264669932
392,0.009622362939603887,0.01674660353004137,0.013064692718556993,0.014916613641733158,0.017206322404905446,0.006074515070834029,0.009654463159068585,0.014527524392884553,0.02568576614687501,0.027105047920380872,0.02072403584137276,0.02625548380238709,0.6087533531350062,0.05106483672605818,0.00920419326528477,0.05152877570991466,0.04493294686121047,0.00659543760942951,0.01262986298966917,0.013707162134783223
393,0.011945660671233696,0.032440570886223166,0.017222794881401184,0.028717476079990308,0.02389177520658821,0.01867907469635267,0.024459416371156256,0.017348046357508362,0.019373703381134668,0.01511977732529888,0.026955899960396858,0.017922899225198217,0.019353091257220886,0.017399016458707083,0.6395932236081489,0.012006351504421706,0.013255864271707503,0.010735742981889545,0.017951317473353347,0.015628297402068603
394,0.004467545414449697,0.011570849346164196,0.001270187497793426,0.0035818363260400887,0.03741571361411372,0.0024319554911926902,0.007703760336484898,0.13683504278156655,0.2077790248380948,0.052079304846136654,0.17704362397950305,0.009618119552757778,0.02806963648406611,0.06616404785070323,0.07399868493666044,0.0021791893612756017,0.05098318847319815,0.11680804406615677,0.004815041407824872,0.005185203395817181
395,0.009849771451906162,0.3624590590626874,0.01263158832908404,0.011756624031860886,0.053695286970721144,0.013398024287966366,0.019445119000972944,0.01165992106858515,0.03476121996033292,0.07030467909258786,0.2600082739447746,0.015550326593034961,0.010272605653209905,0.02641532760379175,0.010037370047196315,0.0190928870473565,0.010092155091983947,0.008603930188639548,0.01884761738275738,0.021118213190550322
396,0.02741453461072922,0.026852116892782205,0.027399564059756902,0.018676263962880905,0.027097484550395835,0.03472885972732108,0.022158998538117886,0.01721136905220019,0.0561439430898556,0.011595421322129113,0.023654149534160382,0.042892856836290565,0.015484552376000252,0.020074026621294247,0.019427178929420627,0.06552519205475602,0.460980903771465,0.030819415734730227,0.02425040120238604,0.02761276713332776
397,0.030722543933077436,0.011828351054269732,0.019613801011718324,0.02045848598999029,0.015872931695846866,0.004751899859145932,0.025551983978285134,0.05097142179863327,0.28776796944933186,0.010970433927824139,0.03064113989452163,0.038170246538144124,0.10283911073686361,0.046969423864883626,0.2111633819432895,0.015580286376965657,0.021457313202337378,0.02457352666595803,0.015040033650395088,0.015055714428518314
398,0.07943316082590879,0.004778733215371197,0.08635387115054384,0.07257010272010436,0.052176382855467635,0.03707869504409271,0.038868232670216385,0.077874273777565,0.027871348709012294,0.05554330911958206,0.026463143037634005,0.07042639784163326,0.009710786562892357,0.0783645586347146,0.02349827292897572,0.031091663190167252,0.08539434229936024,0.030892348150005886,0.06041926216941996,0.05119111509733241
399,0.017040464440524972,0.019479418409172458,0.04133165796799666,0.545544440668897,0.02149943641798048,0.024458453548514635,0.018294692553462055,0.020869967652855603,0.03820894862396757,0.008139811721624281,0.07255680385811034,0.029276565483135977,0.01261933684472563,0.031228648532254336,0.0323889434081144,0.006933082607555385,0.013382207407890527,0.012027543735412724,0.013986144543864217,0.020733431573940815
400,0.008026239930714114,0.025468852432018463,0.018420776266391443,0.037819468358416326,0.34607039372817916,0.004733209887424684,0.016891377446852575,0.034124673948788396,0.01610325216779078,0.01971048656197756,0.013992172826289524,0.015752057898814925,0.01619783056003003,0.019692691953351233,0.006344429896600531,0.016497444866653048,0.00744393912307814,0.019327539624660217,0.340418393708414,0.01696476881355498
401,0.005519153838221083,0.10067334868362074,0.0075785292821271754,0.009921488309772271,0.027471369059729845,0.004574497502990102,0.009462137605316868,0.17106888391888508,0.12764309578142938,0.060168750062532445,0.15709800016961967,0.009423737442816264,0.004993026690387121,0.06906292152636707,0.05005052237859268,0.009845624024221856,0.03228364587239844,0.12305407709156024,0.005844026043029824,0.014263164716381838
402,0.05976419281597937,0.028346008514679222,0.012478365889780144,0.01413538270583878,0.05761799514800965,0.05412500396930798,0.046432417353283406,0.0036672115658879546,0.15149114773272465,0.047547467259636836,0.04256885566967637,0.05138543309575912,0.0031968881675583333,0.03910099733956381,0.21155620755742102,0.05933514163122711,0.03074156766451088,0.05311027612208028,0.023633582453902905,0.009765857343172162
403,0.019549349659474483,0.044602134885490224,0.020597717019715755,0.05102253296620498,0.04255509753990672,0.030064935378652523,0.04283451557529432,0.04498337447070514,0.39243255733038696,0.019505669143209045,0.04247074223631182,0.03481250695162801,0.014998574210441182,0.03653049773543945,0.02592588551293033,0.014131191864026896,0.037363278021879866,0.02473287331445793,0.025282428030167007,0.03560413815367739
404,0.02111937910457173,0.06556856023110304,0.025815913518346757,0.07691960300099263,0.02437940879856013,0.017263558497919475,0.030192385230510474,0.07759653969651006,0.02920526110451877,0.14107658213186625,0.062151928694561424,0.029402683994856956,0.009503881520316195,0.024078292093830053,0.009981675521866504,0.01079578686353876,0.02556708676692838,0.2758090636147184,0.021206342490272295,0.022366067124211752
405,0.010877217910424853,0.051766909350712514,0.032673176729936575,0.02645004869652853,0.02283954682480815,0.02653425541443039,0.029751245492095905,0.03388906662179686,0.03648133643038691,0.04666346809133822,0.03772728675070552,0.014596558445926099,0.010143329997648403,0.030160079396439585,0.4851795527576315,0.014766497775486616,0.016273023597425468,0.0167987846215649,0.027559427898283452,0.02886918719642959
406,0.05761392040694534,0.1040806849124888,0.06259895826462847,0.04737852290290006,0.017988362468938823,0.0697946066987082,0.19375013996163123,0.017428474694269072,0.022460439030112137,0.00585698403830055,0.015461291367542184,0.01778961553065885,0.00886589822430184,0.03590122028468931,0.10163665701902987,0.0920120702169274,0.06430242224422177,0.02138817273317672,0.008117076986748876,0.0355744820137805
407,0.01133502926771582,0.033773236905297425,0.024522987530186047,0.01095553166638988,0.038242054253788405,0.007270540820401996,0.06831659275749044,0.01371421518485419,0.024347833408178525,0.009800281278180435,0.013735347890616804,0.427968896181955,0.00896161761074715,0.03717143130054249,0.006662799207252074,0.030474487883856607,0.14486212703686369,0.010346859455867474,0.014545175851083282,0.06299295450873224
408,0.5119841666806098,0.017362785255833336,0.011595998155285584,0.029772589595092977,0.011243035049077617,0.005744580237308297,0.013526724923862844,0.01691946294084402,0.022064485341443896,0.006659717628900103,0.11641552032268791,0.014929106904227914,0.015111060348320137,0.012974996707573815,0.006417886705456257,0.09245265684210689,0.03503557847420836,0.031069005633710747,0.01477869680211777,0.013941945451331782
409,0.4793263428186242,0.034777554700724134,0.01628851341700049,0.048148919843829574,0.02595018855314316,0.02494571534828444,0.02086984626440439,0.019769397877230026,0.02316532822869319,0.01672219104921531,0.02744630632427178,0.020953931751648572,0.030377863986468356,0.02419668410956027,0.007815230339175567,0.09411806631578447,0.02712755304841328,0.020906310102854757,0.015343657422880517,0.021750398497793443
410,0.00735037950493805,0.027853570266413327,0.017049405720160313,0.01660259270769676,0.016089047530887926,0.005161380376056523,0.011437395766363422,0.166422852173298,0.02163396636978112,0.23450378420659868,0.1497170718628308,0.02725663527592216,0.018979038419016946,0.0221283368164091,0.007863700074935661,0.006445135580277848,0.0057276045148573485,0.20439740488469052,0.010065544402703713,0.023315153546161822
411,0.011349635168309318,0.01616672259215151,0.025695148618644515,0.03306714264198428,0.025328312044391354,0.542894146115151,0.019316623429515824,0.032041391200225096,0.03399094665654162,0.012445772057428342,0.03275589768672535,0.023414105946219645,0.016665006429359443,0.029818385502642382,0.02532059601927025,0.012480760247793684,0.019132569513442985,0.04634893316709647,0.01991317216832367,0.021854732794783276
412,0.5076366242048768,0.020386942655546154,0.029590809026068643,0.05292567021773707,0.021410224976325706,0.024091248171941297,0.025603231104149467,0.026129948042249846,0.026191833254832868,0.014348877884952108,0.031237060662684547,0.03303394103714455,0.011527993650834721,0.024777879566372757,0.011529391061665954,0.03942330471619702,0.026472267889544862,0.030519787772145816,0.022526364812397823,0.020636599292332056
413,0.005922192481725713,0.16956736758073862,0.015158546734656232,0.010790246865414561,0.010434179320572912,0.003828824463791773,0.008974943240602813,0.1801987030321672,0.015010398164552003,0.013315012091849446,0.018350255220170857,0.009526493314258195,0.005736084575598102,0.00969682981054584,0.006193210049251594,0.004336747520002063,0.033961019720981804,0.46463320683450804,0.007184538297043463,0.007181200681568777
414,0.029114558217379148,0.038468760054750396,0.020874190673652277,0.019025108614820714,0.501635675291503,0.008029287076982385,0.018769029837024734,0.02080194593844417,0.019969981505599536,0.017887440965985074,0.01790129958108544,0.0346945078472931,0.006875126270371262,0.02425000123929988,0.006332111447220304,0.02641827205409021,0.014577687976484014,0.02491970346130495,0.014906439938090798,0.1345488720086186
415,0.08974412793901843,0.007785380727568202,0.02797673014024828,0.2757487397335885,0.008457638903995717,0.01112033296810188,0.027696415264410648,0.009946203177897775,0.06322821530677611,0.0030441127625224934,0.010610029965351167,0.11333996759321015,0.004885608330388928,0.1180569230114176,0.03598703658156144,0.08346281344076358,0.08420505399125132,0.007889121852439928,0.006351638077628254,0.010463910231859577
416,0.012690693955089675,0.01201846713341896,0.026546721986513207,0.6968535420103441,0.010819157297255026,0.025569392363039813,0.013039496467189977,0.00990596185659706,0.0542711345243804,0.0035678293236183064,0.0113461309754218,0.014601814747794378,0.011658673269533276,0.009959686368602352,0.0039544633142961465,0.003999304544423095,0.0067717333757609695,0.05175220828626509,0.008985366062791766,0.011688222137664588
417,0.009820997228282759,0.008343674363941886,0.04459260589492534,0.6996785160000496,0.009224237961219548,0.036360390356114915,0.012163924474671092,0.013010631104056508,0.052175846709628104,0.0044618185774461016,0.010524587485021763,0.013834666123627838,0.004757610490090025,0.02913842799934482,0.004036714936616651,0.004313429057015764,0.005755081145576725,0.01674591309735174,0.005440026266316048,0.015620900728702767
418,0.007893755490296202,0.012693024030925001,0.020079030586970553,0.025530187267840992,0.018123461445196623,0.016052090909109362,0.03294370717889277,0.05343952974553354,0.5256009333890496,0.0057294748768774465,0.07554205269565142,0.06766669246699544,0.006440607996469959,0.025861506950290516,0.03930911542072289,0.006844197169562888,0.03079255619633555,0.008090626366440833,0.0104388546452507,0.010928595171587818
419,0.047517681672591475,0.06700970431394232,0.005406287318128592,0.029585895572311574,0.0036726628243575255,0.018743596858668717,0.08631855737380774,0.10619647335761193,0.058788691368429534,0.08535861678765859,0.052294153565305146,0.08719247476854024,0.002668414995431336,0.12539482602039465,0.028079720491225157,0.05582483241645601,0.04199332428894541,0.044639789168434606,0.010379424321413087,0.042934872516346374
420,0.008773573576972397,0.03168284390744615,0.01875752660900176,0.014728369785358453,0.1798175624030421,0.016911819134734607,0.017188285763033696,0.01927353205890347,0.014935976771932778,0.023499343459401634,0.016391307783372208,0.013238255381842652,0.010724541508877281,0.023818301062501032,0.015388520674074374,0.008178572101465458,0.013006012829920647,0.007593189602043411,0.5355565446360235,0.010535920950052348
421,0.08432921196967193,0.03995148451531494,0.1518349668296567,0.0374054038560556,0.0073852901169605654,0.026599700801761047,0.05974999107764984,0.003790456007257655,0.07645384253114718,0.0179257635632553,0.0460018786629324,0.20206862596721248,0.018850592509582237,0.017610370498119535,0.040533802736390144,0.09541545261915371,0.03954339469888536,0.022399731156827262,0.0024781326259169056,0.0096719072562492
422,0.01822007297537094,0.023368273559046214,0.01468675382198191,0.014962193185787044,0.01220311071207402,0.012224374242017116,0.010632383532731403,0.028065750806713675,0.026758836627005785,0.00535607738633418,0.020967392434697318,0.08885339881394475,0.009006682575238437,0.012741591262299007,0.004899437005766875,0.19429321805210406,0.4734463885070145,0.007661374204361571,0.010194085691731202,0.011458604603779978
423,0.5038058450208819,0.06862902327839657,0.02142966772678264,0.017519392788228776,0.01789763150033483,0.010100315949015958,0.01752480974141917,0.012392668069003033,0.01833315144802639,0.007564187845472347,0.03442035084991049,0.01824341134840493,0.015370120405290743,0.020363421057688198,0.007571552541655174,0.13020265504246628,0.021804781518144894,0.017188268467487788,0.0171504036937333,0.022488341707656595
424,0.056983987245555395,0.015229521204524867,0.0014962648056344252,0.015914549646054817,0.061924013054759856,0.07255148864129422,0.06417334014175595,0.043039069231102144,0.22175448434933068,0.03391814458256856,0.010095125982787433,0.025113823068345923,0.0006548809383274341,0.04386221595261958,0.07062569957858088,0.029592989572099566,0.08334325161567264,0.03269801313974751,0.03510385354046809,0.08192528370877002
425,0.06122345705322784,0.027714732746557565,0.12420869605557909,0.362998002738135,0.013065906657207393,0.030277473008376916,0.05285401989715551,0.010962948136440711,0.022934723466647853,0.004905256215349003,0.02380669434593868,0.010009099074693396,0.00831361742718676,0.16936092456629182,0.0041575014108729096,0.024007364315763703,0.008079075407554868,0.01892713129649254,0.009640615098778685,0.012552761081749773
426,0.6177830775387327,0.014763134422347005,0.036879690911892644,0.018738799770019306,0.013865194024607745,0.012305916821613937,0.0137962190397666,0.029181669334606714,0.021102469979131996,0.006013696300819338,0.018780550207510537,0.016949450575603712,0.014059194730111002,0.01619480499892734,0.005641239281157169,0.06242502554567899,0.019962810689959358,0.03238060269406258,0.013348353853224856,0.015828099280226347
427,0.03384588075143697,0.048267680574245096,0.007640132693885929,0.008622888316786611,0.008093487317090201,0.0040139188871267965,0.008278778037457383,0.28731810695026844,0.009344717401982896,0.10710268964593751,0.02073502008944459,0.010701022216442431,0.00428357225840644,0.006340273554071215,0.002665037153882356,0.00518721866454619,0.05187496669725847,0.35951144057675355,0.007650597083570448,0.008522571129406478
428,0.06283137200183046,0.019038588701023797,0.003971539476776463,0.005102038494757204,0.03204962940969044,0.04135658764443097,0.2683738652737642,0.02082233435283598,0.030362751224250407,0.018054148090824472,0.02507156508000401,0.09889441613440447,0.0010547385603895815,0.07024659444263777,0.1256097391981079,0.023905655076879365,0.034580747281371796,0.01609267551466468,0.026300622842816746,0.07628039119853929
429,0.04195280694847819,0.17758007861850514,0.25212401827219927,0.010340456820586172,0.004986883837455024,0.005182960653254362,0.037144341990898146,0.011546676362912523,0.004829565587267484,0.0016392312259661075,0.0061599596973864156,0.008866344005582295,0.0021740092341574935,0.021818771224651354,0.002327208255383755,0.3363213408791475,0.0030519604508675324,0.008714158145135615,0.005208466381197249,0.05803076140896837
430,0.08940230691671652,0.04600022697386228,0.06730403805159434,0.06097869382401268,0.016086709851002218,0.04918986033806479,0.04665727377148785,0.03657081634311414,0.027157938577539106,0.026606988444209133,0.02327608897580095,0.07901203465914776,0.08169912130835964,0.08495287651630494,0.040131448805281994,0.07678740140194962,0.057677700657617084,0.0425411037483184,0.020306101925071023,0.027661268910545562
431,0.05562059653603816,0.03003416379001847,0.008695915508118041,0.009078973788374313,0.010376430872254564,0.060079665984743,0.0384084142177328,0.008923858277899105,0.14717286712916286,0.01774443902425933,0.020306897411126904,0.08128820290079611,0.007918437516263683,0.02988229778357802,0.40540874943904215,0.017814012653767686,0.013650927920833387,0.003983596587550864,0.006645237464409158,0.026966315194031427
432,0.013778607799172473,0.042612583483609114,0.021162736318879855,0.013633397619494511,0.5916535818005967,0.01117933097257645,0.016596426947258915,0.05864598721300339,0.011488950817666765,0.05015351443352614,0.017463846367489995,0.02168276142509464,0.028219506447454832,0.014239412627841995,0.004714206357713867,0.018437818097176147,0.006753055897068751,0.031208393417077828,0.011566536361227434,0.01480934559607018
433,0.007259176532833214,0.02083707497774584,0.015584870721003494,0.016370270884867234,0.01834381286538322,0.028197067993133464,0.01631464391426412,0.019295207031828757,0.011135810441723404,0.03546477395090108,0.014060100397952097,0.016661051343522904,0.009035984993674341,0.016402458950687485,0.019104664346248558,0.013647977585335433,0.007828597425947444,0.009341457753229468,0.6890713255746992,0.016043672315019235
