site,A,C,D,E,F,G,H,I,K,L,M,N,P,Q,R,S,T,V,W,Y
338,0.14171404230573148,0.02736251153114339,0.06861230506445846,0.11360507534482066,0.0018787883804434846,0.14385217093190392,0.008972771638459357,0.002260417270221068,0.011234201888802775,0.009562677040295788,0.00794141857656748,0.06580032534870199,0.0057217674216262565,0.13300065761971674,0.00228827496027937,0.121831170077946,0.12204899056614076,0.002189307056017843,0.0018980863081356331,0.008225040668587747
339,0.11024666242246597,0.09863788484383304,0.00971870941381352,0.0061903235965951,0.00874924507514571,0.00403498356604732,0.019985901897578463,0.032958830318635716,0.012491188685986539,0.007933848381948909,0.011467320760905675,0.013452049354139352,0.005829221386793719,0.010761639483311481,0.0021523278966622964,0.0039744691273593535,0.006791325887526662,0.6149037511381785,0.0038224402536352255,0.015897876509437414
340,0.008681695005540066,0.0064942327651531725,0.007512935944000728,0.004354087876636786,0.00832955941617472,0.0013304157400834628,0.00957899332860093,0.1891648481253949,0.008711954168725606,0.0072709312074989065,0.020232156403475213,0.011269403916001095,0.003421069045928904,0.007663194662880746,0.0016587686592673928,0.0023506732094726213,0.3680276817870495,0.3197687023193236,0.004354087876636786,0.0098246085421548
341,0.01441274968713872,0.06826920529772375,0.0012134452836269896,0.04539978185661061,0.002385047626439255,0.05868935902967763,0.0018201679254404841,0.0021614494114605754,0.0017734969529932924,0.08420970415795369,0.15814605169528792,0.04991449977856203,0.0006986503148155395,0.06454940885521958,0.00025814756413896777,0.13327554416577692,0.3090423376945233,0.0005724957765676525,0.0008234092996040288,0.002385047626439255
342,0.0030466503939302722,0.0058874460315139045,0.013202151707031174,0.005968095977151081,0.18044658771560604,0.0012664854835233393,0.008713420126640576,0.37855369414735135,0.020621675040881655,0.008384960605226213,0.24291094068385863,0.017426840253281155,0.004271284375804205,0.01089177515830072,0.001447411981169531,0.0027574114324811954,0.002430103155967652,0.018850142560415683,0.019991924106621112,0.05293099906324446
343,0.2088164749756581,0.3862283583775939,0.008672001287255718,0.0029031569629787974,0.12318572445910365,0.0025480174375754664,0.006718734685750932,0.006718734685750932,0.005225682533361836,0.0016917677266279321,0.004436900264175143,0.0315053003731723,0.0021377792181934783,0.00405440886209108,0.0009717178264515812,0.17546024956389786,0.01986406921005068,0.0008046609780445578,0.002177367722234098,0.005878892850032065
344,0.005924286832045535,0.010403625656275084,0.021874289841398893,0.010937144920699447,0.021874289841398893,0.0023763156095113003,0.03877715017338895,0.007455756006676721,0.011082656283166275,0.0042473223078650845,0.7565126628821596,0.019388575086694473,0.008794817565098523,0.013541227044675506,0.017467723859556448,0.00533185814884098,0.01835945647908297,0.0022329649123736654,0.00600772749165181,0.017410149057439938
345,0.0015604595041208643,0.015296225812768382,0.012472307201180371,0.00757663521567032,0.01842499927447101,0.0025655062280909,0.019773169953090836,0.06490014823854053,0.012667187001198814,0.00435860197890712,0.010262024912363596,0.01731680464927638,0.028087828745944413,0.01125972177884339,0.0029805145885173686,0.01643459864059503,0.7206398459170007,0.00482559504807574,0.008811956174747,0.019785869136597384
346,0.0034245290304063787,0.01041783613274488,0.8331654006225515,0.006239277228966473,0.013739465044634554,0.0010015587375566241,0.013947220367730913,0.01823121323230354,0.015800384801329736,0.004535995636745379,0.012311988156880314,0.008051256091264636,0.007834901554378383,0.012311988156880314,0.0025622245623777955,0.003747538789635021,0.006538090262619202,0.008335731874766715,0.005676784958561583,0.01212661475766572
347,0.001475160876509998,0.01714181930245276,0.00744546274627507,0.006272547382135847,0.010406726338543568,0.0015087181512221312,0.01327234663466426,0.004026118148477615,0.019908519951996387,0.0030424980657536007,0.010774022562256867,0.010777700251006517,0.05108711310691144,0.017956704270428107,0.002134713095085859,0.004324687698238599,0.7974392363516976,0.0027584093909392583,0.004578959588959168,0.013668536086445282
348,0.001953183926105349,0.020305623042913865,0.017998165878946384,0.0136537810116145,0.018416727876131182,0.0042576306380303275,0.03167677194694564,0.005302594822490629,0.03597610651286131,0.007999184835087284,0.016849346780290233,0.02140322428847678,0.00880199257684215,0.07199266351578554,0.006338350405196,0.007009968061547855,0.6589187214078572,0.006285073798997152,0.025545783828181963,0.01931510484569856
349,0.0046831837284385175,0.010311969467932629,0.018729903727469473,0.009975709593978305,0.019526920907361786,0.0035434952997915217,0.013905534585545515,0.026221865218457253,0.014802665849129096,0.0024890154634794525,0.012746740036750054,0.017316326087660455,0.7936262807071573,0.009791230413812689,0.003197788441275276,0.0028265318088807733,0.007586694382970534,0.005630461856723953,0.006699016661649665,0.01638866576153579
350,0.003763163846488791,0.0126005845449295,0.005702939025091261,0.0063584492578603715,0.16041379251128582,0.0014791045065076264,0.005611971398446997,0.008256493812445557,0.010244168248775042,0.005419922549590371,0.010057910644251858,0.02965016453599438,0.005702939025091261,0.010057910644251858,0.001850117342588135,0.016185907944798374,0.005268429385084308,0.005531850854338523,0.21806539449522108,0.4777787854269589
351,0.005061163818714049,0.009913223995911796,0.0052254892225287305,0.011529900433182876,0.01301231620316353,0.7873696735837435,0.023970056163722296,0.019801350743944506,0.017186078004178252,0.004216954325099291,0.011677719669505733,0.018589023147376475,0.009018436972489576,0.019801350743944506,0.002900834822361297,0.0023162234749043126,0.009690022704483481,0.004554973749542266,0.006648628716944871,0.0175165795042586
352,0.005489333750233106,0.013393974350568778,0.020928084922763716,0.009571018105657792,0.025757642981863036,0.003057985011545383,0.013432224733467994,0.023093059225118583,0.011188195421109133,0.09500243111897151,0.03698584809779338,0.07265077304923702,0.029009862855254104,0.5761580997658,0.006039738580331382,0.006696987175284389,0.011161645292140648,0.00637808302408037,0.012401828102378498,0.021603184436401253
353,0.006010759562504968,0.018988535890640697,0.014919563914074832,0.016067222676695973,0.013924926319803178,0.003997586503292777,0.020157074862766848,0.023208210533005296,0.03627460103254976,0.015801510416986235,0.022580961599680833,0.01740615789975397,0.008613356486476193,0.7188527178272812,0.003316241110721809,0.006426889070678389,0.012286699693943979,0.007808369898955053,0.011935651131259866,0.021422963568927963
354,0.007182272431454526,0.01638455898425564,0.02097223549984722,0.011651241944359568,0.018725210267720727,0.0009760803922438736,0.018079513361937256,0.24544306771294092,0.09498619895940914,0.005296019065617985,0.01691309314503808,0.022795908152007844,0.009532834318112372,0.015420761396946484,0.44969259327308464,0.0050946539747930885,0.010082805528772701,0.005350060076491638,0.007944028598426977,0.017476862916539347
355,0.009425761619627807,0.01751614654745175,0.014272415705331056,0.011169716638954738,0.01544173616254422,0.003198362962994423,0.022667954355525797,0.07376686329921653,0.02486162735767345,0.005974499597580443,0.01751614654745175,0.03082841792351508,0.011169716638954738,0.022667954355525797,0.0046709724126538,0.006701829983372844,0.011503141016236972,0.6628768687568782,0.010415006055241581,0.023354862063269005
356,0.007820408814925715,0.01107088938226423,0.01242695099358059,0.01277700595114624,0.7808382234320647,0.004031855211250592,0.024518038446794135,0.01619941825948898,0.019301434521944317,0.0016097671234956753,0.011483131930777001,0.019721030924595283,0.009549130763488243,0.021096916803055414,0.004513270758862602,0.0029765097418569045,0.011063017347943696,0.00410537152862078,0.009256810433993705,0.01564081762985143
357,0.007069720548314202,0.020937249316161297,0.02177473928880775,0.17580831586581866,0.028650972748431244,0.004860432876966015,0.023668194879138856,0.017011515069381054,0.4656930445648658,0.006480577169288019,0.020937249316161297,0.014795296778537316,0.013609212055504841,0.027895931967793292,0.100189625683896,0.0074571024961670365,0.009897608767639883,0.005982071233188941,0.00972086575393203,0.017560273620006242
358,0.008782752298063775,0.02360503157272995,0.021430854790465935,0.5864108920793363,0.03602873240048255,0.0190388828607037,0.0380303286449538,0.021392059862786514,0.013320149202886045,0.03160223574819368,0.0263286890618911,0.03602873240048255,0.012446289374712153,0.022818197186972283,0.007282403357544346,0.01006685170013483,0.01369091831218337,0.02605960477153258,0.022818197186972283,0.022818197186972283
359,0.02062411271956394,0.0234364917267772,0.10312056359781971,0.0022953482657466747,0.03437352119927323,0.014322300499697183,0.027136990420478867,0.12227833277016634,0.43798317311602647,0.015164788764385252,0.03966175522993066,0.012013867164249705,0.027136990420478867,0.027136990420478867,0.0033003186444606645,0.011718245863388604,0.016691716638120652,0.014731509085402815,0.0234364917267772,0.0234364917267772
360,0.03949888065394686,0.0288325926370242,0.05354624346875922,0.011024226596509253,0.037482370428131455,0.004632454098715934,0.07496474085626291,0.062470617380219085,0.09370592607032864,0.005069178584029571,0.006114534053821407,0.062470617380219085,0.012091087234881115,0.01784874782291974,0.014992948171252582,0.011024226596509253,0.02342648151758216,0.32210995342647136,0.024988246952087637,0.09370592607032864
361,0.026004454019930318,0.056689144843596766,0.3888971554786349,0.014657365780443566,0.032393797053483865,0.0008874980926907918,0.030293815693142035,0.03488562759605955,0.04535131587487742,0.019717963423859747,0.056689144843596766,0.0037905728991992444,0.015117105291625809,0.03779276322906451,0.01225711239861552,0.00944819080726613,0.010307117244290322,0.05001682050770816,0.050390350972086016,0.1044126839498284
362,0.0014157863918260927,0.017278024261538273,0.017278024261538273,0.022214602621977782,0.025917036392307413,0.003912005493178477,0.02704386406153817,0.004186286731192342,0.06220088734153778,0.014136565304894952,0.034556048523076546,0.018310282522472812,0.012439639627854033,0.03658875725972811,0.008293451645538371,0.06850144079936471,0.5344005970923049,0.009873156720879015,0.051834072784614826,0.029619470162637038
363,0.007047708633501269,0.01986172433077631,0.0327718451457809,0.012137720424363299,0.04369579352770786,0.001128906668694659,0.04369579352770786,0.027309870954817416,0.049688454132469376,0.0086241697752055,0.012637930197291397,0.04681692163682985,0.011704230409207463,0.019277555968106413,0.5698360879348904,0.005702174928793891,0.009231505674867862,0.006827467738704354,0.042211551894119584,0.029792586496164456
364,0.11608325003877441,0.09193590680158781,0.022674316081036313,0.005111460396295982,0.015803311207995007,0.00622812645958196,0.02086037079455341,0.07307725925254414,0.018625331066565547,0.003034118885420391,0.028576286702415004,0.02086037079455341,0.004828789535776252,0.010864776455496565,0.002730415025465106,0.00613540317486865,0.08050884493924355,0.44799559841113523,0.007243184303664378,0.016822879673026942
365,0.028267322646666107,0.37040661498416805,0.02129521350180742,0.018633311814081493,0.018633311814081493,0.0037266623628162978,0.00828147191736955,0.018633311814081493,0.02710299900230035,0.0022440441216166904,0.018633311814081493,0.05093090956032312,0.2549508641221844,0.006943053878519989,0.006876747282406495,0.08521922202919117,0.0047390681153945445,0.006084346714802119,0.02129521350180742,0.02710299900230035
366,0.016836415263189967,0.19473632369509483,0.2348796281112847,0.012935118450239801,0.01718190928390123,0.009885513468874431,0.16146456549925323,0.01832736990282798,0.01718190928390123,0.023620308803987244,0.015272808252356647,0.16155142792499808,0.008868082211045795,0.01832736990282798,0.004659500822752875,0.03453452045824342,0.01057348263624691,0.004229393054498764,0.019636467753029976,0.015297885221445
367,0.06524354700962473,0.039297271557920684,0.017742492125561532,0.014385804426130976,0.023142381033341132,0.006118100732952253,0.00987361782260406,0.033267172735427876,0.048388614887895094,0.0026907808813833034,0.1330686909417115,0.02217811515695192,0.45608455209026416,0.012673208661115383,0.0041583965919284845,0.02283360495319136,0.03265295383127037,0.007714127011113712,0.028014461250886635,0.020472106298724847
368,0.03138634533729048,0.15431619790834494,0.004146672019999725,0.005582058488461167,0.004146672019999725,0.09214386135137126,0.18497377149130834,0.005004604162068632,0.09036447249965252,0.006157325809177553,0.02560084389262865,0.17506459426576942,0.0010447764376409305,0.124270165330765,0.03986726478564121,0.042898711387648,0.0015948738538460478,0.002073336009999862,0.004681726474193237,0.004681726474193237
369,0.045431657592799414,0.02779191302134429,0.05060297238873597,0.07466581659503421,0.07068231725139967,0.04130943223534196,0.03581802583354286,0.01024381409440575,0.053463518450384606,0.05572095719246496,0.05752925995418268,0.029963156226136815,0.09155408846875138,0.05473807814389026,0.043510853925743234,0.07367563955171304,0.051788171255051293,0.057468039544712836,0.044744979964364315,0.029297308310000443
370,0.005990739798223237,0.011473838225857035,0.003735143549656464,0.027699656771815562,0.034989040132819664,0.5691434452226877,0.020774742578861683,0.03693287569575408,0.03910539779550432,0.01254324080233158,0.0738657513915082,0.03323958812617868,0.01107986270872623,0.03693287569575408,0.006155479282625682,0.0037954041415984314,0.011871281473635245,0.007569990444825059,0.031656750596360646,0.02144489556527657
371,0.0020700577091469713,0.04941827235769084,0.035579777313416515,0.02587620168248474,0.037951762467644284,0.012112264617333283,0.03348684923615672,0.005223111702248076,0.037951762467644284,0.012375574717710093,0.035579777313416515,0.044942354191439986,0.010165650660976147,0.023719851542277678,0.008758099030994835,0.042308461721374355,0.48675739259965306,0.011385528740293286,0.0210843124820246,0.0632529374460738
372,0.00631369759035441,0.0058553432306579604,0.005279556227567687,0.004619611699121727,0.005835298988364285,0.0016679844731760454,0.0011386897812894023,0.05213892203647513,0.0797519695623715,0.042259204851734636,0.009855527945919082,0.0050395763990418825,0.0036351042878334894,0.46787822143257946,0.19010977703819762,0.012866744633912568,0.037743422957723066,0.05704611469873161,0.005279556227567687,0.005685675937380587
373,0.11387397142336603,0.045290784088838736,0.00602198719077405,0.07319722681024445,0.05032309343204305,0.0049633735987768485,0.0756598584952964,0.07764134415229501,0.008016545322216725,0.059666584008183296,0.05535540277524737,0.10304811797407935,0.004911081859966397,0.05656433530757712,0.041054329615925714,0.02744896005384167,0.046009685423582226,0.08109207055906369,0.019214272037689162,0.05064697587099273
374,0.177397456700068,0.28092512343306786,0.006350041051266779,0.00423336070084452,0.007937551314083472,0.002019678519626332,0.007937551314083472,0.06953343119162243,0.014111202336148399,0.004104708987370408,0.015875102628166948,0.03175020525633389,0.007055601168074199,0.007055601168074199,0.0030238290720318,0.021308561994149117,0.19279175137563487,0.10815478279484388,0.0066842537381755565,0.03175020525633389
375,0.01270124041646276,0.15197247822113455,0.0635062020823138,0.04041303768874515,0.03704528454801639,0.0066349763369581575,0.024696856365344255,0.05453153223700659,0.03704528454801639,0.005560840389212331,0.3811698507940226,0.0635062020823138,0.013471012562915049,0.03419564727509204,0.0055567926822024565,0.008716537540709739,0.0035270256340619666,0.002239343137226007,0.016464570910229504,0.03704528454801639
376,0.12799236729315788,0.028798282640960515,0.0002694463223916727,0.03334537990005954,0.05485387169706765,0.051003307792404674,0.10420003928600508,0.003998176151038389,0.07352616302846221,0.02821056258706337,0.043773389614259986,0.05387800607572272,0.0009576147372498164,0.0398745451951761,0.05650983763509233,0.05326591160731906,0.022446058107577643,0.03154097622581391,0.08263855018710407,0.10891751391607343
377,0.10162933168422424,0.058331798465817986,0.005179108415297059,0.002848509628413383,0.007596025675769021,0.001186879011838909,0.04713680684106505,0.09543798388437977,0.04840104876898466,0.06436505673574751,0.17061346977510095,0.010370097505034308,0.001460774168417119,0.03299576478874553,0.032323572355220744,0.02174375283313646,0.03848197174754486,0.03297847657409688,0.0022341251987555944,0.22468544594241
378,0.17262934393263737,0.2019715893006316,0.00368449479520523,0.005205336523335423,0.007558973079467679,0.002228747295219994,0.0053912413991688305,0.001477950065743228,0.006289781632363636,0.0037597085969917742,0.006038190367069091,0.004574386641719007,0.0026026682616677116,0.009434672448545454,0.0012173770901348973,0.03173367033201413,0.38662954868280025,0.12864382310679215,0.005205336523335423,0.013723159925157023
379,0.3351857017831403,0.04322200858722377,0.018462365233218953,0.019385483494879906,0.028567981383355836,0.009942697366120938,0.018462365233218953,0.01211592718429994,0.016154569579066587,0.00668464948099307,0.016856942169460782,0.021539426105422116,0.0006886557759462305,0.01292365566325327,0.005701612792611737,0.3295383663409818,0.004788301291993522,0.00945633341213654,0.021539426105422116,0.06878353101725354
380,0.05439946132419725,0.041827455669169004,0.04601020123608591,0.08736541143802236,0.003966888739687646,0.09177068631892302,0.027110387933720646,0.03659902371052287,0.04325339165789066,0.07443869229258891,0.01722306998142253,0.15046265303214956,0.00048390104839834914,0.05367856810876689,0.03714527779575456,0.0682911149326525,0.10575781013855128,0.021072165166664682,0.011557586434901962,0.02758625303992948
381,0.01844503923341069,0.013269633917000579,0.030741732055684482,0.015370866027842241,0.2798377266935411,0.01158414788347546,0.015370866027842241,0.03353643496983761,0.020494488037122987,0.011490339460038206,0.016768217484918805,0.030741732055684482,0.010247244018561493,0.021700046156953753,0.012278626814230566,0.005675396687203291,0.061483464111368985,0.009458994478672147,0.3143439494801608,0.06716105440644984
382,0.0041073921611662866,0.014238959492043127,0.009286277929593342,0.008899349682526954,0.224427683687143,0.003883352588739035,0.00791053305113507,0.015256028027189065,0.008543375695225876,0.1826158522229069,0.11240794765164837,0.009708381471847586,0.005400822034868097,0.006990702410676552,0.0013970604256397796,0.0029270035967468816,0.024830296918577518,0.027786284646979603,0.005209375423918217,0.32417332088142875
383,0.00869968617360061,0.01414574100967861,0.01510998124888527,0.011041909374185388,0.018324870876307665,0.004046237628958652,0.017943102733051258,0.034450757247458406,0.018324870876307665,0.0073666851588211684,0.017225378623729207,0.016887626101695297,0.011185310794629354,0.023943193749494957,0.002124410342231958,0.011206716186353086,0.008361834283363692,0.005066287830508589,0.7385959751091381,0.015949424651601117
384,0.10540839614309541,0.05374441250717034,0.06580185461747466,0.044200303329154034,0.03439642400458902,0.045909690398721656,0.013422994733498155,0.08366697730845978,0.06442254823237717,0.03616943555121733,0.04519044671246781,0.08709513099745465,0.0012800936380316364,0.04229329587101897,0.050264647324324126,0.059176643448755305,0.0571125723174406,0.041739480814557466,0.025135848311045816,0.04356880373914608
385,0.07976795848820445,0.06941708677778385,0.009777002467902052,0.13035506886533388,0.0061013588063450475,0.012695172330959088,0.0867713584722298,0.011733382319894323,0.005162593252736545,0.043292376700123265,0.07680188324350551,0.1677579597129776,0.0022766264202780037,0.06705570433915212,0.02687113036559375,0.049980302480004374,0.0561244531394848,0.05949353360761151,0.023139028925927944,0.015426019283951958
386,0.011015675437930549,0.026850708879955713,0.02386729678218286,0.018678754003447453,0.02386729678218286,0.006929215194827281,0.013425354439977857,0.03912370416841265,0.018678754003447453,0.3670244731198829,0.14515223277746547,0.026850708879955713,0.0014989186420751083,0.020397069837654394,0.0035827657120492593,0.007955765594060952,0.011015675437930549,0.09639173490768335,0.007281548170835448,0.13041234722804215
387,0.06522703627074752,0.041467399663522926,0.018588834331924077,0.005626958883624736,0.03369226222661238,0.4613419483159734,0.053907619562579806,0.03593841304171987,0.014569626908805353,0.00759262247360279,0.017969206520859936,0.02695380978128991,0.016335642291690853,0.03850544254469987,0.025340241288624617,0.05891145150919059,0.01540217701787994,0.004816975961526926,0.012889315102974882,0.044923016302149836
388,0.09350525266360918,0.007954286378251858,0.005485714743621972,0.034689678022881816,0.007575510836430343,0.028051575799082754,0.01774691530146052,0.05567128036643329,0.1352785137869421,0.07159347959966701,0.048311047209531416,0.02792948768351703,0.0020660484099355478,0.018665388584843283,0.1468065694260815,0.09867788366202157,0.07854493384477595,0.056777931772026606,0.003181714551300744,0.06148678735758544
389,0.06533110750405495,0.03921305738381126,0.06470860517053549,0.043919867762806875,0.049958849580192824,0.02223711701142233,0.07148763766036767,0.006597329542146742,0.13132040461079258,0.01289301361577419,0.004476759332171005,0.06851499370997872,0.0009354422485133442,0.06574671113583819,0.10721333728921724,0.0869671553713858,0.03997061426551695,0.03394887075719667,0.032988700675174946,0.05157042537310228
390,0.0066595018521795,0.010554682180812795,0.021515313676272234,0.001742639071975524,0.015538837655085501,0.004206001169797579,0.020393819383115,0.0124310701240684,0.4812119037487306,0.023952472429833047,0.08948275828365969,0.04491106382715202,0.004822397892957569,0.016677395630093687,0.20015328022281914,0.004084035294117787,0.006371027781862284,0.01398495388957695,0.007662988432644905,0.013643857453245808
391,0.06157321058669089,0.02360306405823151,0.011096055267402982,0.029300355382632214,0.02219211053480597,0.01687755549242433,0.04085145702386222,0.02832367686987781,0.13328789115236614,0.041258773710124104,0.009137927867273044,0.04720612811646302,0.011207859437874623,0.07788583386341486,0.13332143033098856,0.08980678031912476,0.1662476685840654,0.015735376038821004,0.000624449835159752,0.04046239552839687
392,0.0526719787541858,0.021370222390730605,0.015434049504416547,0.017363305692468613,0.027781289107949785,0.005787768564156206,0.01089462317958815,0.018520859405299857,0.04274044478146121,0.0024565858453525057,0.032683869538764454,0.046302148513249645,0.4776686617897818,0.07197477439970439,0.004917042319991112,0.0028657613054761653,0.11189480655826982,0.007408343762119942,0.012921529817651062,0.016341934769382227
393,0.013015554418619492,0.04299494143169438,0.02223490546514163,0.05336377311633991,0.03335235819771245,0.004681032729503501,0.12729434358965133,0.018401301074599974,0.024256260507427234,0.03255248684933926,0.04851252101485447,0.021345509246535964,0.007211320691397286,0.021345509246535964,0.4584121537575504,0.005937123574238972,0.014422641382794574,0.0102622640608346,0.01905849039869283,0.021345509246535964
394,0.00035045022729426043,0.009547716640682288,0.0003106224884544909,0.003492149794442913,0.025025451358127195,0.0034124141618692345,0.007682729547774409,0.11436736489485934,0.19504621137393818,0.07834299311191593,0.19838033464528756,0.010476449383328739,0.08231680022642296,0.04376036793646048,0.07967404920845221,0.002057873986011002,0.03706760578147241,0.09893256818841334,0.004268183082096894,0.0054876639626960065
395,0.01344664211096075,0.35821085012959697,0.01894754115635379,0.017368579393324306,0.010188635681870778,0.003972159471842838,0.03473715878664861,0.016673836217591335,0.10421147635994582,0.0728134727709524,0.2044378273953663,0.023158105857765742,0.01437399673930287,0.04631621171553148,0.021822795555982336,0.004636111574687799,0.01344664211096075,0.010166973303409349,0.007579016462541515,0.0034919672053641783
396,0.0012860453565253966,0.02769071967636533,0.031152059635911,0.013845359838182665,0.0249216477087288,0.051286808955697795,0.01917049823748369,0.03296579660983385,0.031152059635911,0.013765290715382095,0.020768039757274,0.011358618475593031,0.0047980926829463985,0.0155760298179555,0.0062304119271822,0.3347209413689736,0.21351255010764097,0.0973402700587734,0.020768039757274,0.02769071967636533
397,0.01603765219969196,0.012500478158601898,0.023750908501343607,0.0016529164894651537,0.016964934643816862,0.0038935915575973117,0.03958484750223933,0.018393409161486213,0.20330366604292507,0.010326481957105914,0.01979242375111967,0.052604878219923525,0.21650830469584154,0.13860106986833587,0.1664251844647966,0.006985561323924589,0.010326481957105914,0.013531769043490094,0.01484431781333975,0.013971122647849178
398,0.09311287753213651,0.004203477995586411,0.03440277804269937,0.06250433119520489,0.05295475299692343,0.04483285853255211,0.03249496206629392,0.04693716742909122,0.04766577076494224,0.06748953659922584,0.06274889226594689,0.05814887948705228,0.006841044645535563,0.05985801549573832,0.06157570423105998,0.03851254763412612,0.08838629682031945,0.010796693371057334,0.05612766175087133,0.07040575114363684
399,0.008340722624206848,0.027913893353885562,0.07433944084314961,0.5006536884089989,0.03721852447184741,0.0010828874278704405,0.02938304563566901,0.0429444513136701,0.05731992286269768,0.009304631117961853,0.019938495252775402,0.06203087411974569,0.014314817104556697,0.021490411868181524,0.008461576400056016,0.008458755561783503,0.018008963454119717,0.0073457614089172535,0.018609262235923706,0.03283987453398301
400,0.007309204657470158,0.06277191944950943,0.023052106996636654,0.021405527925448323,0.2558861516980156,0.004472796879944425,0.01997849273041843,0.021405527925448323,0.01872983693476728,0.007789155080363522,0.014983869547813824,0.01664874394201536,0.00768403566554555,0.023052106996636654,0.00587602727365248,0.0018935195216078862,0.007491934773906911,0.0403467205227089,0.3266242025907199,0.11259811888737034
401,0.02352416958996956,0.13644018362182345,0.007159373541917742,0.009396677773767036,0.008352602465570699,0.0038550472918018617,0.010023122958684839,0.12927932108758663,0.09445858866126237,0.0883626585252486,0.13644018362182345,0.01313946871456921,0.004555964981220381,0.01252890369835605,0.0920177982565786,0.007462366216034522,0.0896192621836373,0.11528700146807794,0.005568401643713798,0.01252890369835605
402,0.08929891292727773,0.06945471005454934,0.0010150639289895846,0.021309967857645825,0.08929891292727773,0.0718067532094986,0.1380723053091252,0.004168295266756562,0.1132562101670885,0.046303140036366236,0.03788438730248147,0.05339982975772122,0.003907776812584278,0.007815553625168557,0.08523987143058331,0.07101988681538023,0.041739485237277746,0.04546126476297776,0.0062524429001348455,0.003295229671115146
403,0.01304956439111918,0.09134695073783428,0.018269390147566855,0.008319631859326857,0.09134695073783428,0.009134695073783429,0.09134695073783428,0.15486380202472513,0.15527699298173586,0.015224491789639047,0.03169789732037307,0.037465696541134345,0.010746700086804034,0.0391040171564072,0.009492376900570641,0.008699709594079456,0.1105801546900319,0.022836737684458566,0.020299322386185394,0.06089796715855619
404,0.0007217456460842052,0.01992861630859243,0.031885786093747884,0.01994590514912995,0.026571488411456567,0.002748774663254128,0.031885786093747884,0.1404738648822767,0.031885786093747884,0.2933557608552017,0.08548923886073372,0.031885786093747884,0.0059047752025459055,0.026571488411456567,0.006642872102864143,0.007246769566760884,0.05620947771018304,0.14078884523728377,0.01992861630859243,0.01992861630859243
405,0.01012657575129504,0.0029645594619000957,0.06582274238341775,0.04936705678756332,0.03037972725388512,0.00615062685797168,0.0022529517151390595,0.06582274238341775,0.09873411357512665,0.009197928848917507,0.09873411357512665,0.01579745817202026,0.010130631784384368,0.05641949347150094,0.35262340018835875,0.007758103730355697,0.017171150186978543,0.017171150186978543,0.039493645430050656,0.043881828255611835
406,0.04701691277779947,0.10043229712324464,0.29359104481040993,0.00818084047590884,0.011453176666272375,0.01306494006777771,0.16109479062288135,0.030852205925174046,0.011453176666272375,0.0035791177082101183,0.011453176666272375,0.019365795251960374,0.004724187408295642,0.014316470832840473,0.08004299076896612,0.04996008081632887,0.04416811651194704,0.04015559297051295,0.0052059893937601714,0.04988909653516491
407,0.010344996902429715,0.018391105604319495,0.015320695004909046,0.010678706479927445,0.08275997521943772,0.005807717559258787,0.01504726822171595,0.01379332920323962,0.005712816906397864,0.008275997521943771,0.012732303879913495,0.28077338893169007,0.007043402146335124,0.01947293534575005,0.005610845777588998,0.0019718321108823838,0.39613806793561057,0.009195552802159748,0.01504726822171595,0.06588179422477425
408,0.3616661175098225,0.019971220256419446,0.011982732153851669,0.017619585774870355,0.012335165452494362,0.005310699100570361,0.012708958344994192,0.019971220256419446,0.026212226586550525,0.005518363491905373,0.19854879241133444,0.015533171310548457,0.012121415898127864,0.02633273108903639,0.0054466964335689394,0.20342220268584782,0.002358582010418771,0.007230709100816944,0.018234592408035148,0.017474817724367018
409,0.3704313014963043,0.08602458881346071,0.01955104291215017,0.049001730063339265,0.053765368008412966,0.027797398543489293,0.026882684004206483,0.028674862937820247,0.03910208582430034,0.018700997568143637,0.043012294406730364,0.030723067433378833,0.017942562585760706,0.043012294406730364,0.008778019266679668,0.07488922666891634,0.002545952647313034,0.011799793453070891,0.020482044955585886,0.026882684004206483
410,0.00920273229733862,0.06073803316243491,0.027608196892015865,0.025307513817681208,0.025307513817681208,0.00660196012635162,0.021692154700869607,0.11816250672281405,0.04338430940173921,0.2537411296620289,0.0682107000598579,0.06073803316243491,0.001062650678986047,0.010857289998871804,0.005146069834448597,0.008932063700358074,0.008932063700358074,0.1858062605713815,0.015184508290608727,0.04338430940173921
411,0.010891224977707477,0.01930717155139053,0.03861434310278105,0.06038020979701094,0.03267367493312242,0.36352023174027426,0.03033984100932797,0.05309472176632393,0.07079296235509858,0.012135936403731187,0.05309472176632393,0.03033984100932797,0.01930717155139053,0.06067968201865593,0.002679452592688131,0.011798827059183099,0.024985751419446565,0.04909290589472689,0.023597654118366198,0.03267367493312242
412,0.36437196435434616,0.02540703148308379,0.053989941901553054,0.03625650985542927,0.028794635680828295,0.012340558148926411,0.033224579631724954,0.03926541229203858,0.047991059468047166,0.015425697686158014,0.061702790744632065,0.061702790744632065,0.012007450619329837,0.04319195352124244,0.012340558148926411,0.05399801187994841,0.0045752810369828305,0.03319422221966886,0.033224579631724954,0.026994970950776527
413,0.008181284518466855,0.09037206726444634,0.030907074847541467,0.01854424490852487,0.01854424490852487,0.006181414969508292,0.014640193348835425,0.23693004059784614,0.025287606693443015,0.004500940571697285,0.029468866476877447,0.01738522960174207,0.008692614800871036,0.01738522960174207,0.004882496737523688,0.006468922642508678,0.02196300624518154,0.41598029543046167,0.011590153067828046,0.012094072766429265
414,0.02070367807778017,0.019170072294240902,0.03044658540850026,0.034506130129633626,0.442213683671609,0.007611646352125063,0.023526906906568376,0.0304926733481225,0.03234949699653152,0.08068722668922057,0.025879597597225218,0.06469899399306303,0.00848511396630335,0.05175919519445043,0.0070903007115685505,0.050767809297701555,0.017847998342913944,0.008630228360399611,0.01848542685516087,0.02464723580688116
415,0.17559432479462936,0.007754191567353126,0.006762729627030006,0.21841203814317128,0.00852961072408844,0.0011577254039329657,0.007108008936740365,0.010662013405110547,0.15515456855740975,0.002843203574696146,0.010662013405110547,0.06791431748315853,0.004569434316475949,0.1117675624865695,0.07144233397579014,0.0654888061444743,0.0509357381123689,0.005845462733552051,0.0067339032032277145,0.010662013405110547
416,0.029538818225461474,0.01570357020981251,0.014141100322358775,0.7114260755625995,0.01570357020981251,0.0016059625806326638,0.02080723052800158,0.013871487018667718,0.05536283415232753,0.004783271385747489,0.01631939649255026,0.023119145031112863,0.007053298484068331,0.014601565282808126,0.005301205230064097,0.004867188427602707,0.009046621968696338,0.006034858507247531,0.013004519080000988,0.017708281300426874
417,0.007955635076996516,0.01309354886867925,0.024284857940601905,0.7561849393383971,0.013911895672971707,0.0027015343035450925,0.01978580717933754,0.020706077280702073,0.010231950281967318,0.005599756748869114,0.016799270246607347,0.02119907912071879,0.0064989877596364175,0.022259033076754732,0.004946451794834384,0.005496057549815983,0.008479631648287517,0.0054651622653835,0.007419677692251578,0.0269806461536421
418,0.009893276691588347,0.01511472827881553,0.03022945655763106,0.0017893799084107637,0.02720651090186795,0.008920167508809165,0.013271468732618514,0.15887245306944878,0.4663521513136478,0.0067176570128069015,0.04791204405093496,0.010124389052305184,0.006887724278953912,0.050949474554973374,0.05648104653776749,0.00706662620827739,0.04737922677372315,0.009222546068429814,0.012955481381841884,0.012654191117147887
419,0.060342029253220124,0.10289266081131054,0.02015036052338962,0.04131133301931072,0.0015873176255971214,0.008809628708028037,0.057783921832438884,0.08499828501803915,0.06290038696994006,0.0777717101784488,0.02064735668454392,0.11034865072517361,0.0013299147673921825,0.07534474018219535,0.0280547417097899,0.10234112183138096,0.04889742222579976,0.07213745814605878,0.0035147747423936266,0.01883618504554884
420,0.01156878854216906,0.013551930763741078,0.03149281325368245,0.02267482554265136,0.1852244866380627,0.017851595118686652,0.023619609940261837,0.023619609940261837,0.02267482554265136,0.005356451452645238,0.023619609940261837,0.01619630395903669,0.012597125301472977,0.04049075989759172,0.007255335368925612,0.016628421303541596,0.015746406626841222,0.00994509892221551,0.4853508573666765,0.014535144578622669
421,0.11531913031922639,0.02987813830998138,0.13694146725408135,0.000573500250095998,0.04382126952130602,0.02660577078079294,0.06847073362704068,0.00549953542171689,0.10215503545391978,0.0065404879882546285,0.005320025811106282,0.12873257540607852,0.013042044500388698,0.055142410903677726,0.02711383277659502,0.060862874335147255,0.07731056223970732,0.08565066315527996,0.0039028961057345677,0.0071170458398689155
422,0.006032736602227095,0.05101734328207411,0.01561295910976205,0.01686199583854301,0.012774239271623496,0.006199263175934932,0.01109341831483093,0.01621345753706059,0.013221916892452595,0.004959410540747945,0.002865297093060297,0.17856070148725942,0.0026855329637237514,0.015055353427270548,0.004391144749620577,0.2543247192679284,0.3569533827235742,0.006586717124430865,0.01053874739908938,0.014051663198785843
423,0.476494758577287,0.04836528667384333,0.0679019142639817,0.02937494171032485,0.024266256195485746,0.006001332177378195,0.023255162187340504,0.019245651465385243,0.037208259499744815,0.00914957200813397,0.05581238924961721,0.02937494171032485,0.01188244890219322,0.031006882916454006,0.009302064874936204,0.04754930423755099,0.0022980173954606402,0.0037386290085935745,0.027906194624808606,0.039865992321155154
424,0.018146840966603475,0.016836153318006267,0.0011986469072264073,0.00885874990997432,0.03830224879846425,0.03785511893150636,0.05303388295171972,0.04566806587509199,0.42115142344012735,0.01292819361154805,0.004297215107095755,0.019064467727742392,0.0023108445730596833,0.01395628498729467,0.057226732672261686,0.06441968833118501,0.10157074074086678,0.02752186101570504,0.009821089435503654,0.04583175069901706
425,0.08197300319737351,0.016340370365537347,0.07191236202855099,0.3069171018474756,0.016340370365537347,0.001310389968968897,0.04361642625777205,0.012838862430065058,0.0019093953820819485,0.008841167484683525,0.0149786728350759,0.010573180824759462,0.00921764482158517,0.2031034584537843,0.004180094744672345,0.09007740205409442,0.015957229118697094,0.06370976751444644,0.010573180824759462,0.0156299194800792
426,0.63279416685207,0.02227498175858425,0.03276082615673427,0.03195975643622958,0.021002125658093725,0.006869854187226919,0.021619835236272946,0.021619835236272946,0.03675371990166401,0.007657024979513337,0.029402975921331207,0.03195975643622958,0.009556916094147648,0.026252657072617154,0.007350743980332802,0.010980482874960758,0.004815517324693893,0.0038959775727401497,0.017501771381744767,0.022971074938540007
427,0.01818799419456948,0.1052554429964357,0.006567498834411328,0.0037516331793930272,0.006407315936011053,0.0012757940845897309,0.006567498834411328,0.469233181190404,0.007297220927123697,0.05895277539532089,0.04076327489825466,0.00905861908194666,0.002886812674466518,0.005051922180316406,0.0018764282384032367,0.0018764282384032367,0.016310244265976614,0.2258576552204734,0.006254760794677456,0.006567498834411328
428,0.044668767591996277,0.015784396240440993,0.0003414517240223053,0.0024774107518040897,0.040201890832796655,0.011728434961937479,0.13630610728245857,0.02092216106820136,0.10159109654530336,0.003823549399858377,0.005735324099787566,0.08148432575965572,0.0009960723641274176,0.06117679039773403,0.28895109036072586,0.03471492460202765,0.011926879523805362,0.010869190990608643,0.06711335393961941,0.059186781563088736
429,0.02873304914143317,0.3349324959825885,0.21822334258560497,0.011600975752301306,0.005538955468048574,0.0004996137469708892,0.05217217725882628,0.0057907261711416915,0.0050958390306046885,0.0016438190421305442,0.006369798788255859,0.0018747346109645577,0.0022547960312410127,0.004632580936913353,0.0022954229867588683,0.30058044511257953,0.0030332375182170767,0.0018074033858342007,0.006066475036434152,0.006854111413150453
430,0.07567319534374545,0.03477285618423078,0.03156245900593138,0.039083781871975073,0.0401409735049794,0.048129096921660425,0.04714687045387144,0.035332419387195405,0.11665970424884642,0.032200277184100276,0.030708496370489523,0.05256949038378265,0.07642361466214238,0.050225089515966756,0.046870023186922856,0.0649556257459034,0.04324749388334657,0.05036068826681699,0.060265999623644345,0.02367184425444854
431,0.02545117899298801,0.014909564623485451,0.012300390814375495,0.06555230491852522,0.014057589502143426,0.0019904057366295714,0.0447940750276589,0.012615785450641535,0.21283404320996385,0.010925384153087532,0.024210118808783862,0.009111400603241109,0.003094437940723396,0.05484988778897008,0.42878327425308227,0.02842230242755093,0.007790273917853718,0.008783151966207622,0.005857328959226428,0.013667100904861663
432,0.016283261594112832,0.017967736931434847,0.03256652318822566,0.014887553457474589,0.45027356186665174,0.011327486326339361,0.02171101545881711,0.017967736931434847,0.011842372068445694,0.0015167096004619198,0.02004093734660041,0.03256652318822566,0.017368812367053683,0.015325422676812077,0.004415799754335683,0.0039056541530723353,0.006767069753397539,0.1435005933210151,0.013026609275290264,0.1467386207407987
433,0.009201008471478977,0.025861523642494545,0.022082420331549543,0.02576282372014113,0.029726335061701307,0.005521734024325207,0.02576282372014113,0.03360368311322756,0.014863167530850653,0.005903753215877687,0.019322117790105852,0.024152647237632316,0.01016953567900308,0.022731903282477473,0.003065632182257421,0.008135628543202465,0.008883732317290047,0.011041210165774772,0.6644819849087675,0.029726335061701307
