site,A,C,D,E,F,G,H,I,K,L,M,N,P,Q,R,S,T,V,W,Y
338,0.14105907881855292,0.024295525061941322,0.0608218742789967,0.1189413008957203,0.0037249691169898677,0.13800524704765132,0.011153854687527609,0.004481603468878435,0.011969990396371095,0.007641741273807842,0.008461544935365772,0.08818516362326516,0.00533445224186103,0.1253028781917995,0.0005371735949491595,0.11465578137310037,0.12665022096805542,0.0007567926650531694,0.0035392038912347218,0.004481603468878435
339,0.03179015576459821,0.10871794631251899,0.018508898453634237,0.011789226940118597,0.016662591888143327,0.007622559391736532,0.03806236126381147,0.019728714820093557,0.023788975789882167,0.014210022028399783,0.02183905974153117,0.025618897004488484,0.011101522035278345,0.02049511760359079,0.004099023520718158,0.007569219569507963,0.012933812079935937,0.5679053309334698,0.007279686580510391,0.030276878278031848
340,0.0029627760671286723,0.012733919833693756,0.014731397454665332,0.008537514433953772,0.0163326363084333,0.0026086849659303184,0.018782531754698295,0.15642181111101885,0.01708243760134912,0.013395126542948999,0.0108884242056222,0.022097096181997997,0.006708047055249391,0.015026025403758634,0.0032525207970824027,0.0046092102465517286,0.3497925123672822,0.29623567810165746,0.008537514433953772,0.019264135133023892
341,0.018819905853513744,0.06837802465729645,0.002296951574238598,0.03958966086089176,0.004514697921779312,0.05447191364036131,0.0034454273613578968,0.004091444991612502,0.0033570830700410275,0.0852317631291653,0.17240613054617485,0.05409985475759279,0.0013224872700161624,0.0632155812002641,0.0004886519910172843,0.13278169634081446,0.2843414541097361,0.001073927091256492,0.001558645711090477,0.004514697921779312
342,0.005942214945107503,0.011482928880410446,0.02574959809546585,0.011640229276032506,0.19842692547377183,0.0024701649335766656,0.01699473474300746,0.35787061704788725,0.015735865502784687,0.014264460399331066,0.17093872556946907,0.033989469486014924,0.008330752325003656,0.021243418428759327,0.0028230456383733326,0.005378080614875779,0.004739695542459534,0.02777186332006507,0.015702850217348848,0.04850435956025532
343,0.19818720548481933,0.3661875970359754,0.0199321824118549,0.005679073833349954,0.13787517858096954,0.0011386905408329727,0.013142999442895608,0.013142999442895608,0.010222332900029916,0.003309388348930549,0.008679339254742381,0.03475844838175701,0.004181863459103149,0.007931120353471486,0.0019008470268650672,0.15370995922198727,0.002687289263916903,0.0015740551280568167,0.004259305375012466,0.011500124512533657
344,0.009776017451118812,0.017167640401964737,0.03609606443490022,0.0180480322174501,0.03609606443490022,0.003921299479000302,0.06398847786186856,0.01230318566587515,0.018288149156271687,0.007008758721406915,0.605099861603164,0.03199423893093429,0.014512850649083591,0.022345182745414416,0.008612195980900388,0.008798415706006929,0.043615588066983756,0.003684747982326112,0.009913707837754287,0.028729520672675684
345,0.0025422026423870705,0.024919650639493432,0.020319099752202335,0.012343378354141605,0.030016851906662548,0.004179561657889722,0.03221320692422321,0.07812333301941443,0.020636585685830496,0.007100760666092215,0.016718246631558884,0.028211450807172862,0.04282868669878634,0.018343631720738218,0.0048556672201954115,0.03326275298638784,0.5689335949039812,0.007861556451744951,0.014355885694490781,0.032233895636606495
346,0.00547816774628584,0.016665256267873373,0.6460261430387021,0.009980878238256259,0.021978816237340243,0.014904202007976385,0.02231115931284065,0.029164198468778404,0.025275638672941286,0.007256164212327642,0.019695302862032166,0.07681407133930444,0.012533374548565927,0.019695302862032166,0.004098752217233721,0.005994881615267677,0.010458884968113634,0.005306193506710202,0.009081067786685493,0.03728154409073227
347,0.002603924216823737,0.02842518879916224,0.013142580622360492,0.011072174085961239,0.018369743369890237,0.0026631588411043508,0.023428078500729577,0.007106822525972377,0.03514211775109437,0.005370556201163923,0.019018087253533423,0.019024579035514386,0.03499950698995419,0.03169681208922237,0.003768152486131331,0.024904649735192106,0.6821846676817538,0.004869088604067292,0.008082687082751705,0.02412742412761703
348,0.0029812780952754325,0.030993860014744978,0.027471830467614866,0.020840698975431973,0.028110710245931494,0.006498712583736852,0.04835042162300217,0.008093712825056075,0.030219013514376357,0.012209702430051057,0.025718309373937324,0.032669203799325794,0.0134350827453518,0.1098873218704595,0.009674657348256194,0.010699793271463668,0.5040781132856823,0.009593337623611543,0.038992275502421105,0.029481964404269617
349,0.007919519278479495,0.017438103165688463,0.031673289423393335,0.016869469366807315,0.033021088973324966,0.005992243944966307,0.02351501790524656,0.04434260519275066,0.025032115834617306,0.004209060991513028,0.021555433079809352,0.029282852485778738,0.6510107774362025,0.016557505004843914,0.00540763477960374,0.004779819552185371,0.012829514259928537,0.009521418292921921,0.01132840278646915,0.027714128245469163
350,0.006765017772628497,0.007213051951255659,0.010252140335839063,0.011430547270992979,0.19429268834421043,0.0026589775737336603,0.00693957696918179,0.014842650933975955,0.018415881714377573,0.005346546304174134,0.018081047501388895,0.05010087972657794,0.010252140335839063,0.018081047501388895,0.0033259451925631745,0.004760819068909374,0.009471024881679896,0.00994457612576389,0.18121594794719678,0.41660949254832236
351,0.008515728579366938,0.01667962704220497,0.008792216475768654,0.019399787509952183,0.02189404590408889,0.6422360128301273,0.040331137191742694,0.03331702637578744,0.028916664401626838,0.007095292654102881,0.019648502734438748,0.0312772084344127,0.015174091220655666,0.03331702637578744,0.004880838258873319,0.0038971926513247813,0.01630407673708747,0.007664031737881749,0.011186738783111109,0.02947275410165812
352,0.009483468862562025,0.02313966402465134,0.03615572503851772,0.016535058044916402,0.04449935389356027,0.005283028316130443,0.02320574605422195,0.03989597245629541,0.01932892182040158,0.07728228186532973,0.03506009700704749,0.047153030221397885,0.035947068427754574,0.48232125043138174,0.004089906951765325,0.011569832012325669,0.019283053353876117,0.011018887630786352,0.021425614837640133,0.03732203874943766
353,0.009873616767997808,0.031191652971629444,0.02450772733485171,0.026392937129840296,0.022873878845861586,0.006566663783500935,0.02744865461503391,0.03812313140976931,0.03433539728847403,0.009805096358374817,0.03709277650680259,0.028592348557326983,0.014148791038677272,0.5727280628321345,0.01795601660518527,0.010557174851936118,0.020182834275760224,0.012826474119174721,0.019606181867881364,0.03519058283978706
354,0.011590659741934845,0.026441192536288856,0.03384472644644974,0.018802625803583186,0.0302185057557587,0.0015751861009513232,0.02917648831590495,0.20345027263827356,0.1069234830364969,0.008546648092537813,0.027294134231007856,0.03678774613744537,0.01538396656656806,0.024885828269448337,0.35092757592203644,0.008221687674518344,0.016271503099254677,0.008633858787359627,0.01281997213880672,0.028203938705374784
355,0.0028453226909063603,0.02852871228007993,0.023245617413398457,0.018192222323529225,0.025150100616748862,0.00520920377614711,0.036919510009515204,0.06038274721790448,0.040492365816887636,0.00973072356839935,0.02852871228007993,0.05021053361294067,0.018192222323529225,0.036919510009515204,0.007607656608021312,0.010915333394117537,0.01873527373617189,0.5231929311695211,0.016963018112479956,0.03803828304010657
356,0.013101911338918987,0.018547599564433175,0.02081947555225483,0.021405939652318347,0.6328276138208077,0.006754763179176011,0.04107626257607034,0.02713967348776076,0.03233663224073622,0.002696921174772029,0.01923824956094434,0.03303960250683918,0.01599812331910108,0.03534469105382797,0.007561302066241804,0.004986691573311086,0.018534411162373202,0.006877928642125941,0.015508384850149007,0.02620382267783797
357,0.012416105512156217,0.036770774016770334,0.038241604977441154,0.044234659401037144,0.050317901286106775,0.008536072539607401,0.04156696193200125,0.02987625388862591,0.3960752608829648,0.011381430052809867,0.036770774016770334,0.025984049104994415,0.023901003110900723,0.035447652113059745,0.11958242486032426,0.013096440060767519,0.017382547717018706,0.010505935433362954,0.017072145079214805,0.030840004014065458
358,0.013205689356863275,0.03549237228028651,0.03222329418049623,0.4268378055482299,0.05417256821727942,0.0031297397344003143,0.057182155340461616,0.032164962379009655,0.02002808989605251,0.022324741911836997,0.039587646004934966,0.05417256821727942,0.01871415992960562,0.03430929320427697,0.010949774426896906,0.01513645288423984,0.02058557592256618,0.041164524156729644,0.03430929320427697,0.03430929320427697
359,0.02753390348258118,0.03128852668475134,0.1376695174129059,0.003064369287898038,0.0458898391376353,0.01912076630734804,0.03622882037181734,0.04914752072064972,0.28639894333639,0.020245517266603803,0.05294981438957919,0.01603892799903183,0.03622882037181734,0.1136162643504995,0.004406039486592971,0.015644263342375668,0.022284018765890725,0.01966707391612941,0.03128852668475134,0.03128852668475134
360,0.018175019452493477,0.03563086484547297,0.06617160614159266,0.013623565970327897,0.04632012429911486,0.005724713971169273,0.09264024859822972,0.07720020716519144,0.11580031074778713,0.006264411226522475,0.007556245087199984,0.07720020716519144,0.01494197558035963,0.02205720204719755,0.01852804971964594,0.013623565970327897,0.028950077686946782,0.19291121071136536,0.030880082866076568,0.11580031074778713
361,0.019614962967942823,0.08263230853878885,0.2744104349929853,0.021365148034550117,0.04721846202216506,0.0012936518344939488,0.04415744728694151,0.05085065140848545,0.06610584683103107,0.028741672535230904,0.08263230853878885,0.005525286899450962,0.02203528227701037,0.0550882056925259,0.017866445089467865,0.013772051423131478,0.015024056097961615,0.026788808497513403,0.07345094092336789,0.05142602810816654
362,0.0247424216912661,0.025371709588817258,0.025371709588817258,0.03262076947133647,0.03805756438322588,0.005744538020109567,0.039712241095540037,0.006147303047592489,0.0913381545197421,0.02075867148175957,0.050743419177634516,0.026887516976319845,0.011570442190581839,0.05372832618808359,0.01217842060263228,0.02036537562175456,0.3805538085281811,0.014498119765038425,0.07611512876645174,0.04349435929511529
363,0.010214812296300018,0.028787198289572782,0.047498877177795086,0.0175921767325167,0.06333183623706011,0.0522266108158514,0.06333183623706011,0.03958239764816257,0.04353900439579556,0.012499704520472388,0.02344558108040493,0.06785553882542154,0.01696388470635539,0.02794051598693829,0.40001655584452406,0.01057853640118557,0.013379965402195796,0.009895599412040641,0.008138570555987868,0.04318079743435917
364,0.11547070101282499,0.07464077057115366,0.03917638460728963,0.008666474325689814,0.027304752908110953,0.00559464313229227,0.036042273838706465,0.0693120650744355,0.0321806016417022,0.005242310637932921,0.026568349768996455,0.036042273838706465,0.008343118944145012,0.018772017624326284,0.004717575109778333,0.010600668776090135,0.0653633866583549,0.3743806032433217,0.012514678416217517,0.029066349869924565
365,0.015270500516061797,0.3126374509101226,0.0358605334393735,0.031377966759451814,0.031377966759451814,0.006275593351890363,0.013945763004200808,0.031377966759451814,0.04564067892283901,0.0037789064315243803,0.031377966759451814,0.05373456187517733,0.20813941665669836,0.011691905120411487,0.006355031242420621,0.061430256607838275,0.007980455824457965,0.010245866696963857,0.0358605334393735,0.04564067892283901
366,0.00915952603900701,0.2349362259072054,0.17011662070030883,0.019011944486751208,0.025710492373506727,0.004769768881601993,0.11746811295360274,0.027424525198407174,0.025710492373506727,0.013298276938143703,0.022853770998672644,0.15884066115170126,0.013269931547616376,0.027424525198407174,0.0069723369148492805,0.048607495015283886,0.015821841460619525,0.0063287365842478105,0.029383419855436257,0.022891295421124395
367,0.045235380620390966,0.021226298891500833,0.026179101966184358,0.021226298891500833,0.034146654738501335,0.009027276540063571,0.0228317596684266,0.04908581618659566,0.07139755081686643,0.003970255506604232,0.19634326474638264,0.03272387745773044,0.32634909182426997,0.01869935854727454,0.006135727023324459,0.02170348606389589,0.010794501992358764,0.011382218246167112,0.04133542415713319,0.030206656114828104
368,0.03080194624748841,0.10817350170248906,0.00866359282862533,0.011662528807764867,0.00866359282862533,0.10793041518180929,0.17791694039166106,0.010456060310409881,0.09197175872094623,0.0018961864083421505,0.009781475774254407,0.1756228615875705,0.0021828390596137105,0.12581334453165333,0.05913609914864495,0.0420999574193471,0.0033321510879328197,0.004331796414312665,0.009781475774254407,0.009781475774254407
369,0.04841944129473272,0.03195627462298306,0.052384148983929825,0.0706877807603823,0.05653802433297005,0.03910730927583391,0.035482484236553605,0.011307604866594006,0.04526996096572084,0.050289084801431246,0.0705594543675466,0.03674971581643053,0.10106171849518392,0.049804726311812264,0.048029331562067616,0.07636304585232316,0.04899962108857403,0.054470833153840804,0.052919590775659935,0.019599848435429612
370,0.008477782160568164,0.01623717675958242,0.005285780123822169,0.03919910794716985,0.04951466267010928,0.39027430052323436,0.02939933096037738,0.052265477262893136,0.05533991710188684,0.017750539447775025,0.10453095452578627,0.04703892953660382,0.01567964317886794,0.052265477262893136,0.008710912877148856,0.005371057767077917,0.016799617691644217,0.0107126552162795,0.04479898051105126,0.030347696475228267
371,0.0028019386658277956,0.03669273505361927,0.04815921475787529,0.03502488346027294,0.05136982907506698,0.01639462630055329,0.04532631977211792,0.052374170077912174,0.05136982907506698,0.016751031220130535,0.04815921475787529,0.03507215503213568,0.013759775645107225,0.03210614317191686,0.01185457594040007,0.05413050140934471,0.31908693213988587,0.015410948722520095,0.028538793930592762,0.08561638179177829
372,0.008095250007772658,0.007326293052387885,0.01079880699870888,0.00944895612387027,0.011935523524888764,0.00341169629155925,0.0023290766590076313,0.07520748394317825,0.0715790527003056,0.04407331910631719,0.011062192535262756,0.010307952135131204,0.007435244163045459,0.40902315828746055,0.1886047216402627,0.004502689353790936,0.038430197839096576,0.06400009417909677,0.01079880699870888,0.011629484460148026
373,0.12804442918929565,0.06224381974479652,0.01322046827116607,0.08676411237153452,0.04149587982986435,0.0051159303899832725,0.05944695368880684,0.03556789699702659,0.016322943837652704,0.041547761402963575,0.06224381974479651,0.060114358972506624,0.0032466278222494202,0.06016900796265637,0.0396517242986488,0.03678043894010702,0.053351845495539854,0.08180616309316112,0.02829264533854386,0.08457317260870026
374,0.15662113791911095,0.15409279610701945,0.012600575904189174,0.008400383936126117,0.015750719880236467,0.0023132998355958573,0.015750719880236467,0.08696323218499613,0.028001279787087056,0.019744755293272413,0.031501439760472934,0.06300287952094587,0.014000639893543528,0.014000639893543528,0.006000274240090084,0.011354206028938276,0.17977492879152268,0.10385944751245423,0.013263764109672817,0.06300287952094587
375,0.017709467552806512,0.09965812751927272,0.08854733776403256,0.0563483058498389,0.05165261369568565,0.009251214393257136,0.03443507579712377,0.05493194033672878,0.05165261369568565,0.0077535358130413085,0.2576726607884585,0.08854733776403256,0.018782768616612967,0.04767933571909446,0.007747892054352849,0.012153556163690743,0.017744546871653426,0.003122338710863358,0.022956717198082517,0.05165261369568565
376,0.1396491927491416,0.03910177396975965,0.0010285646119388258,0.023519864041960693,0.053199692475863467,0.044745919564957874,0.10981000660919982,0.008131584211755104,0.07346977595639732,0.022799868203941483,0.04915651584769785,0.053876155409141924,0.001976609032647839,0.03437518590748101,0.05480572092796502,0.04391058600072717,0.011417440885306282,0.03723978473310442,0.08257517484297071,0.11521058401804184
377,0.09536976571957496,0.0855267019722266,0.010380536892994495,0.0057092952911469725,0.015224787443058588,0.0023788730379779043,0.044429455569987855,0.09024606413569707,0.04344213433509923,0.07169494638608183,0.15799806328973034,0.007612393721529297,0.0029278437390497284,0.044429455569987855,0.032579302147366325,0.02207140696057461,0.04161196261598618,0.042690328379922655,0.004477878659723115,0.17919880413228434
378,0.16771581162310864,0.1469708641928945,0.01710436778518973,0.009977547630829744,0.014488979454535188,0.001943101789277229,0.01033388861764509,0.010380285912313884,0.012056203387252606,0.004384073959000949,0.011573955251762502,0.008768147918001897,0.004988773815414872,0.01808430508087891,0.0023334587201134086,0.026657063626889372,0.37667589907561055,0.1192812807744456,0.009977547630829744,0.02630444375400568
379,0.23033645384811624,0.07278712752330316,0.031091163426619068,0.03264572159795002,0.05029364740076635,0.0091959779149155,0.031091163426619068,0.020403575998718764,0.02720476799829169,0.011257145378603456,0.028387583998217412,0.03627302399772225,0.0011597164829187134,0.021763814398633348,0.009601682822926477,0.2676712323197164,0.008063639524224998,0.01592474224290245,0.03627302399772225,0.058574795701112486
380,0.05342391581109168,0.032374566965095684,0.046249381378708126,0.08354726958734372,0.0017835546399054194,0.08939246102302541,0.02997645089360712,0.06070231305955443,0.02207356838529252,0.07133379161800744,0.01904386292064452,0.1438869642893142,0.0011387676777558798,0.05395761160849283,0.043488224281471824,0.07783496852402828,0.11143517044551045,0.02207356838529252,0.009952174762786124,0.02633141374307178
381,0.025984499888046717,0.01869363337575099,0.043307499813411185,0.021653749906705596,0.222106535090964,0.008853707264478405,0.021653749906705596,0.04724454525099402,0.02887166654227413,0.006344302175707391,0.02362227262549701,0.043307499813411185,0.014435833271137066,0.030569999868290256,0.03295533457852281,0.007995230734783604,0.08661499962682238,0.013325384557972678,0.21361694167213938,0.0888426140363856
382,0.00866139345865497,0.03002616399000389,0.019582280863046017,0.018766352493752435,0.14826130959512027,0.008188953815455606,0.016681202216668828,0.03217088998928989,0.018015698394002338,0.18644728860249027,0.0986543019059621,0.02047238453863902,0.003210797639875501,0.0361806479501967,0.002946027444466419,0.00617226912151587,0.0164033789339282,0.01835616214034822,0.010985181947562398,0.299817314959021
383,0.014192446539704572,0.023077001749050335,0.024650038726855308,0.0180134898388558,0.029894727817675583,0.006600929055371808,0.029271920988140673,0.056202088297230106,0.029894727817675583,0.012017822620851281,0.02810104414861505,0.027550043282955926,0.01824743126533445,0.03906031671701726,0.0034657089472968764,0.010036087195933949,0.01364128356728886,0.008265012984886778,0.581798393116468,0.026019485322791712
384,0.10078125332994778,0.07062728790542885,0.07514309915257902,0.048409058236772474,0.03323637077902534,0.03858708729413605,0.016212863794646506,0.08264178680190083,0.06411763506984516,0.041117159726629285,0.05514844913794439,0.06758973793248668,0.002633414961980829,0.04374873528674228,0.046242631675215674,0.052892288981674716,0.059189485855697305,0.0343566978839363,0.023009795154709845,0.04431516103870045
385,0.08764955484510649,0.061477718674939244,0.005770889450328837,0.11890520630192729,0.011494265735741176,0.014637847781074173,0.10246286445823208,0.022104357184117653,0.007682125630838055,0.03437463839889075,0.06801790151269874,0.17418686957899454,0.004288905125276558,0.07197391454627032,0.0290862324913691,0.039345739951961105,0.06801790151269874,0.04274238399285097,0.01756506247855407,0.01821562034813015
386,0.018741917466237788,0.045683423823954614,0.040607487843515214,0.031779773094924954,0.040607487843515214,0.011789270664246353,0.022841711911977303,0.06255693992688018,0.031779773094924954,0.30243630251198583,0.08191464994658049,0.045683423823954614,0.00255023939627387,0.012621793612394957,0.006095667910192948,0.01353582928117174,0.018741917466237788,0.07252978542246975,0.012388725104801252,0.12511387985376032
387,0.06508994868452957,0.0560101060184584,0.02510797855999859,0.005075137248498696,0.04550821113999745,0.3016069463619145,0.0728131378239959,0.04854209188266395,0.019679226438917813,0.010255371524506467,0.024271045941331976,0.03640656891199795,0.022064587219392695,0.05200938415999708,0.031081947109592223,0.037380227673115544,0.020803753663998833,0.025955843604266338,0.03966087117949597,0.060677614853329925
388,0.08857174258746359,0.016866374099662688,0.011631982137698407,0.014063290805318646,0.01606321342825018,0.018646682649992335,0.006884234326392936,0.01405531174971891,0.13879731199377038,0.08009087186412371,0.04128908301069731,0.05518908608900237,0.004380876389522776,0.010541483812289185,0.13016423946068229,0.1322129147470201,0.08098572972738236,0.07151098913192937,0.006746549639865078,0.06130803234921724
389,0.04884874312541181,0.03424359364137614,0.05795645637756669,0.03343641714090387,0.03395886115873049,0.022171835175016436,0.07690279587762444,0.013359990439990768,0.1738693691327001,0.011010199016417319,0.009065707798565165,0.043467342283175024,0.0018943270026852577,0.0395157657119773,0.10511148534382121,0.09067690608741807,0.04649843615824394,0.03524379104041218,0.03863763758504446,0.08413033990291939
390,0.011341894330650087,0.01797583252404919,0.03664304322210028,0.028702794984574984,0.0264644201048502,0.007163301682515844,0.019054382475492144,0.02117153608388016,0.39666398707860145,0.006394088079024209,0.07785051403973087,0.05797066242467421,0.008213095894608682,0.05433994529076531,0.15213835521002733,0.006955579828147309,0.010850589951539568,0.02381797809436518,0.013050946901022018,0.023237051799380664
391,0.06003966184601734,0.02876900463454998,0.021599511306536475,0.017856623566272403,0.04319902261307294,0.018787385588505845,0.03485475561493555,0.05178420834218997,0.13707584561167926,0.032033573673243054,0.017787832840677094,0.03359923981016785,0.02107496851135638,0.07438347201103424,0.1258969199333592,0.08209691566444749,0.14634667574966728,0.008399809952541963,0.0012155501166726526,0.04319902261307294
392,0.041933813800234455,0.03362036998354881,0.024281378321451916,0.02731655061163341,0.04370648097861346,0.009105516870544469,0.017139796462201356,0.0291376539857423,0.06724073996709762,0.020263123883361208,0.051419389386604085,0.07284413496435575,0.36446231257722345,0.044292195300302754,0.007735660350197072,0.004508514399758316,0.08329901606552424,0.01165506159429692,0.02032859580400626,0.025709694693302036
393,0.018026803524459803,0.08657335298683837,0.030795789354285497,0.07390989445028519,0.04619368403142824,0.00648332407458642,0.11927990203599405,0.025486170500098344,0.033595406568311455,0.016947713518467813,0.0671908131366229,0.029563957780114076,0.009987823574362863,0.029563957780114076,0.3080289345901297,0.008223035049520116,0.019975647148725725,0.01421344124043946,0.026396390875101858,0.029563957780114076
394,0.0006915225803147273,0.006890851392346231,0.000612932873173654,0.006890851392346231,0.014238689020693113,0.0016023958271943683,0.015159873063161708,0.0982971561409959,0.19475212479834536,0.08046659426703805,0.23803037475353325,0.02067255417703869,0.08421713504793311,0.018949841328952135,0.06044031459258995,0.004060680284775458,0.04009602569377698,0.09467945030463318,0.008422151701756503,0.01082848075940122
395,0.01986511004381723,0.2564969530807167,0.02799174597083337,0.025659100473263922,0.023610565935222788,0.005868185110350277,0.05131820094652785,0.024632736454333365,0.1539546028395835,0.06500521022844513,0.16223522552740152,0.034212133964351896,0.021235117633046002,0.0684242679287038,0.0014012302813638988,0.006849060594207164,0.01986511004381723,0.015019961252642294,0.011196698388333346,0.00515878330303862
396,0.016413761599184166,0.04262618350417782,0.04795445644220004,0.02131309175208891,0.03836356515376005,0.05298083411149683,0.02951043473366156,0.02017044679567025,0.04795445644220004,0.011625322773866676,0.03196963762813337,0.01748508385312308,0.0073860261330763585,0.02397722822110002,0.009590891288440009,0.2919389563579561,0.15933870900075348,0.05480509307680006,0.03196963762813337,0.04262618350417782
397,0.014107620156554902,0.02004767074878855,0.03809057442269824,0.0026508686416317853,0.02720755315907017,0.0062443564627374165,0.06348429070449706,0.029498472469509786,0.15809024523325266,0.016561119314216624,0.03174214535224853,0.12497235868528432,0.22844294638885396,0.09192083395519891,0.05256519396222303,0.01120311012432301,0.016561119314216624,0.020396691641861964,0.023806609014186405,0.02240622024864602
398,0.09947659507556819,0.009262256567554568,0.03932653683776072,0.06605743973425088,0.03494842572188259,0.04877687111922829,0.022466845106924527,0.05242263858282388,0.05684557487152873,0.06740053532077357,0.05113144058817305,0.07804272510826414,0.004143641096011254,0.04858299668354193,0.06815889539389042,0.04243737409085743,0.05931247108228073,0.01844810684140386,0.04289124974958319,0.08986738042769812
399,0.018178344402769164,0.04342685421190155,0.04581859610789626,0.3649535243135928,0.05790247228253541,0.0016846949245610944,0.04571247811779111,0.066810544941387,0.01199903160877698,0.014475618070633852,0.031019181579929684,0.09650412047089234,0.022270181647129003,0.03343356554822295,0.013164041291894874,0.013159652791485319,0.028017325298001,0.011428119529447778,0.028951236141267704,0.05109041671988417
400,0.012302876678887348,0.06103152286327251,0.038801380294952406,0.03602985313102724,0.2035461605758532,0.007528626027378824,0.03362786292229209,0.03602985313102724,0.03152612148964883,0.0015544189841984327,0.02522089719171906,0.02802321910191007,0.012933793431650803,0.038801380294952406,0.009890547918321202,0.0031871781206179338,0.01261044859585953,0.01991850989202236,0.20648469633491234,0.18095065301949642
401,0.01743172457988295,0.1338141210396897,0.01414883508747249,0.018570346052307642,0.028084445156478084,0.007618603508639033,0.019808369122461485,0.12124819869272722,0.05832923224806984,0.07388569109869428,0.12638000320415135,0.014897652133270734,0.009003804146573402,0.02476046140307685,0.08229395557479624,0.00479593328311215,0.06591971691328646,0.1432437958397546,0.011004649512478601,0.02476046140307685
402,0.07548156828059353,0.07044946372855394,0.0038563758682984466,0.02641854889820773,0.09057788193671222,0.04640547379307007,0.12668080365827253,0.00823899745554765,0.14895292293515844,0.039138590960307744,0.03522473186427697,0.0512780576756459,0.007724060114575922,0.015448120229151844,0.08806182966069243,0.06497086696873383,0.03995022403913198,0.04226967823713235,0.012358496183321474,0.006513307512614939
403,0.01959390127058937,0.11153904820516582,0.027431461778825127,0.02442410875308139,0.11153904820516582,0.013715730889412562,0.11153904820516582,0.11153904820516582,0.1118008197168548,0.022859551482354277,0.02506514226286435,0.02296659907293607,0.01613615398754419,0.025008120569360425,0.025456128249989,0.013062600847059585,0.05011655316904476,0.03428932722353142,0.03047940197647237,0.09143820592941712
404,0.001127124244839901,0.031121804100091174,0.04979488656014587,0.019151879446209955,0.041495738800121564,0.004292662634495336,0.04979488656014587,0.10521710785690501,0.04979488656014587,0.2039243846684743,0.09544063296293491,0.04979488656014587,0.009221275288915904,0.041495738800121564,0.010373934700030391,0.011317019672760427,0.058959874407823645,0.10543766797551017,0.031121804100091174,0.031121804100091174
405,0.01212143291455383,0.0035485547653195896,0.07878931394459991,0.059091985458449924,0.03636429874366149,0.01574218183277964,0.0026967657918615467,0.07878931394459991,0.11818397091689983,0.015531560938671179,0.11818397091689983,0.018909435346703977,0.020679546383474343,0.06753369766679992,0.20364031441714855,0.009286390209408165,0.020553734072504323,0.020553734072504323,0.04727358836675993,0.052526209296399944
406,0.03887881700183782,0.0994621709358408,0.26923794426030156,0.01707707759217198,0.023907908629040773,0.01103158773338162,0.16329103140771883,0.007268588913579677,0.023907908629040773,0.0074712214465752404,0.023907908629040773,0.022746215910201553,0.009277899511802207,0.029884885786300962,0.06790325334499311,0.04985173552837727,0.03250421154154963,0.04175054780310991,0.01086723119501853,0.049771854200116865
407,0.01699912608180782,0.030220668589880574,0.003034763057200467,0.01754748498767259,0.13599300865446254,0.009543369028383339,0.024726001573538648,0.02266550144241043,0.009387426191624266,0.013599300865446256,0.020922001331455775,0.2213635401835382,0.011573873076975537,0.0319983549775206,0.009219864993522887,0.003240157825197052,0.34396080204765767,0.015110334294940287,0.024726001573538648,0.03416841922322646
408,0.2983889260133611,0.03429698122086563,0.020578188732519383,0.05189309144724922,0.021183429577593477,0.00912017117548855,0.0218253516860054,0.03429698122086563,0.04501478785238615,0.009476797442607609,0.1235201316236975,0.02667542983845105,0.011432327073621875,0.02483574502200614,0.009353722151145171,0.18966061637762957,0.004050440678165498,0.0030723872703366808,0.03131463502774688,0.030009858568257428
409,0.2338083762346621,0.11339193552134767,0.025770894436669925,0.06459084655231981,0.0708699597008423,0.014930909284233221,0.03543497985042115,0.03779731184044922,0.05154178887333984,0.024650420765510363,0.05669596776067383,0.04049711982905274,0.023650701826940523,0.05669596776067383,0.011570605665443637,0.05768338615917887,0.013350148063552884,0.004635620138231962,0.026998079886035156,0.03543497985042115
410,0.013518145330124534,0.08921975917882194,0.0405544359903736,0.03717489965784248,0.03717489965784248,0.009697799910741513,0.03186419970672212,0.06372839941344424,0.06372839941344424,0.17601347821671254,0.07958425296672188,0.08921975917882194,0.0015609566647769584,0.01787943377648357,0.012649001317790667,0.01312055282041499,0.01312055282041499,0.12415773477035555,0.022304939794705485,0.06372839941344424
411,0.013894921105068559,0.02463190559534881,0.04926381119069762,0.05731937669262611,0.04168476331520568,0.2231001177751978,0.03870728022126242,0.06773774038720923,0.09031698718294566,0.015482912088504967,0.06773774038720923,0.03870728022126242,0.02463190559534881,0.07741456044252484,0.004844687806567593,0.015052831197157604,0.03187658371162787,0.045804169374713814,0.03010566239431521,0.04168476331520568
412,0.23444974755638004,0.03405188325862844,0.07236025192458545,0.04859294332690529,0.038592134359778894,0.016539486154190954,0.044529385799744886,0.05262563776333487,0.06432022393296484,0.020674357692738697,0.08269743077095479,0.08269743077095479,0.0160930373544583,0.05788820153966836,0.016539486154190954,0.025042473651325677,0.006132040094903915,0.0054643361322534,0.044529385799744886,0.03618012596229272
413,0.013011217988302053,0.05408144563762861,0.04915349017802997,0.02949209410681798,0.02949209410681798,0.009830698035605994,0.02328323218959315,0.18285800128045937,0.04021649196384271,0.007158132540013493,0.061605534536806825,0.02764883822514186,0.01382441911257093,0.02764883822514186,0.007764945618955086,0.010287939804703949,0.08447937191070935,0.29049668130460754,0.018432558816761237,0.019233974417489988
414,0.02826409050272782,0.02617045416919242,0.041564838974599734,0.047106817504546365,0.29222012041880957,0.010391209743649934,0.0321182846621907,0.10683149657545417,0.04416264141051222,0.055885653217794574,0.03533011312840977,0.08832528282102443,0.011583643648658944,0.07066022625681954,0.00967948304887939,0.00467477695646059,0.024365595260972258,0.011781749818614668,0.025235795091721264,0.033647726788961684
415,0.14028604074752876,0.015702479428338842,0.012346076561055006,0.213107810463279,0.01727272737117272,0.0023444300003447136,0.014393939475977268,0.021590909213965902,0.13524940823877987,0.005757575790390908,0.021590909213965902,0.0369210972025598,0.009253246805985386,0.12405488660060093,0.0805551211692214,0.059996782954159694,0.04845894007835974,0.00589034575626468,0.013636363714083728,0.021590909213965902
416,0.011045232240490624,0.024561271238264935,0.022117480036988123,0.5343293012331253,0.024561271238264935,0.002511816231239922,0.03254368439070104,0.02169578959380069,0.13607052322794996,0.007481306756482998,0.02552445834564787,0.03615964932300115,0.011031757420576624,0.0228376732566323,0.00829138455814039,0.007612557752210769,0.014149427995956972,0.009438859743400153,0.02033980274418815,0.027696752672937055
417,0.013111004243926149,0.021578362145051835,0.040021804977331876,0.5981891748264778,0.022927009779117574,0.0044521684788317115,0.03260730279696721,0.03412392153170987,0.016862405360749757,0.009228481923669964,0.027685445771009898,0.03493639585389344,0.010710427926011127,0.036683215646588115,0.008151825699241803,0.009057584110268668,0.013974558341557378,0.009006668224686784,0.012227738548862704,0.044464503814046194
418,0.01913888731023432,0.029239966723969092,0.058479933447938184,0.003461617570181669,0.05263194010314437,0.01725637380430963,0.025674117123485062,0.13623243825443143,0.4345765661851765,0.012995540766208487,0.03395609038912541,0.01958598219756548,0.013324541798264398,0.025745423134044203,0.003699568476491965,0.01367063379302451,0.03294624253267847,0.017841335628184532,0.02506282862054494,0.024479972140997383
419,0.06613487229800283,0.08382624940658462,0.01965461200062156,0.044772062743449435,0.003511718180075239,0.0047606300761416425,0.062093518078951554,0.09314027711842734,0.06006356659597468,0.07881100371559237,0.014329273402834974,0.08693092531053218,0.002942250367090065,0.08823815727008906,0.026837029000224832,0.10207153656813954,0.060649482774789897,0.08365264799706353,0.007775947398738029,0.009804239696676561
420,0.017303185597614037,0.046107594199790804,0.04710311634906044,0.033914243771323516,0.09293257212354421,0.019784624699578344,0.03532733726179532,0.03532733726179532,0.033914243771323516,0.008011528025764431,0.03532733726179532,0.024224459836659655,0.018841246539624174,0.06056114959164913,0.055855268086967176,0.024572002120801528,0.02355155817453022,0.014874668320755928,0.35072662715221437,0.021739899853412507
421,0.11281215621522937,0.02541617748722559,0.09319265078649384,0.0010390765715263465,0.05591559047189629,0.023963824487955553,0.04659632539324691,0.009964142840441224,0.08772559709609679,0.008345610518193476,0.009638904567714966,0.17869043329595244,0.013313235826641975,0.08250155533772424,0.015898224294920597,0.06903159317518061,0.07482350440461102,0.07116529696423166,0.00707132717708732,0.01289477308762982
422,0.03402195570271745,0.04043812828689327,0.026356553738679313,0.02846507803777366,0.021564453058919443,0.010465102219769727,0.01872702502485109,0.027370267344013138,0.022320186753476336,0.008372081775815783,0.036851263716885914,0.12131438486067979,0.0045335028022409594,0.0254152482480122,0.007412780739003558,0.22627066449285485,0.28747057995048814,0.011119171108505337,0.017790673773608538,0.023720898364811387
423,0.34371459894096035,0.039747025710860466,0.019915558431690156,0.04393092315410894,0.036290762605568246,0.008975134837936233,0.03477864749700291,0.02878232896303689,0.05564583599520465,0.013683402293902785,0.08346875399280698,0.04393092315410894,0.01777048461074559,0.04637152999600387,0.013911458998801163,0.058699767151718346,0.0034367396062373505,0.005591208496611871,0.04173437699640349,0.059620538566290696
424,0.012344064675735586,0.024194453562216944,0.0024445991144211436,0.012879451946896214,0.028226862489253095,0.042405800162962616,0.0592764112274315,0.03951760748495434,0.42838414836631183,0.012542820854513453,0.004810303969555695,0.019924844110061013,0.001294199531164135,0.008913746049237819,0.055368076421227236,0.06889268132970248,0.09656558220007641,0.02712878055295297,0.004704477081542183,0.05018108886978328
425,0.018515182499216024,0.0285651119755757,0.21982147541808442,0.2589983676250385,0.0285651119755757,0.002290733646662775,0.0418954975641777,0.022444016552238055,0.00333787372468925,0.008492330587333317,0.02618468597761106,0.018483307748901924,0.016113652909299114,0.08585479503230223,0.007307354226310063,0.116910762792953,0.02623363457793092,0.024179646831864913,0.018483307748901924,0.027323150585333283
426,0.4630758895641237,0.033699971576528605,0.03021787329151727,0.04835213313154103,0.031774258915012676,0.010393449177807886,0.032708795941924815,0.032708795941924815,0.05560495310127219,0.011584365229431707,0.04448396248101775,0.04835213313154103,0.014458723433428949,0.039717823643765846,0.011120990620254439,0.017334556086457443,0.007285428950168516,0.005894250998142264,0.026478549095843903,0.03475309568829511
427,0.01444683161758324,0.08587212662770154,0.011410708948103745,0.020222651068886193,0.01113239897375975,0.002216630005427437,0.011410708948103745,0.46539089605922185,0.012678565497893047,0.06585020919334493,0.03800005590438877,0.0157389088939362,0.005015696240924723,0.008777468421618265,0.0032602025566010706,0.0032602025566010706,0.013306631192309125,0.1897310564901547,0.0108673418553369,0.011410708948103745
428,0.05431335731585999,0.013160544272689149,0.0007055441160832541,0.0051190913856466085,0.029329212950564395,0.01619236576998956,0.12668172433762306,0.008476126016071868,0.08554090659465709,0.007438568501954738,0.007438568501954737,0.08270330001857946,0.002058191381857915,0.07438568501954738,0.27758005113927015,0.04472493123448453,0.0018154235250548655,0.01345628684061475,0.05402749754051335,0.09485262353698319
429,0.031839891808801854,0.2539671968545081,0.2206586155455209,0.017029111007122788,0.011616334365459263,0.0010477932837467821,0.06857114315071716,0.012144349563889227,0.010687027616222523,0.003447428263297587,0.01335878452027815,0.003931705935006538,0.004728773281514389,0.009715479651111383,0.004813976403703838,0.2835967031542006,0.006361325962037215,0.0037904984404054302,0.012722651924074431,0.025971209268381718
430,0.06467041512255765,0.03549582910077547,0.026765000168729892,0.049418762067027916,0.046417622670244844,0.04609527806836815,0.04823327797877483,0.032685742630297415,0.11372317554209986,0.031982382234848394,0.029387780586680994,0.0655038162024179,0.07259249059020303,0.0500329700432257,0.045736219337975254,0.058139398403468365,0.049411519123177934,0.045479031035368565,0.05903110709150704,0.02919818200225079
431,0.017151402495379605,0.02673307989626478,0.022054790914418445,0.036812766331546475,0.02520547533076394,0.0035688282607183944,0.050310780653113514,0.022620298373762508,0.222822278035582,0.009203191582886619,0.07275165242104897,0.016336882158828475,0.005548375072809672,0.018003910950545668,0.3720633310416091,0.02748518261875706,0.007671231622406416,0.00864893761349743,0.01050228138781831,0.024505323238242716
432,0.02973612909544423,0.03281228038117984,0.05947225819088846,0.027187318030120436,0.39696207439730263,0.020686002849004684,0.03964817212725898,0.03281228038117984,0.02162627570577762,0.0027697812394011675,0.03659831273285444,0.05947225819088846,0.03171853770180718,0.027986945031006336,0.008064035008934028,0.007132418491631099,0.012357871831872926,0.027514294073287718,0.023788903276355383,0.10165385126380438
433,0.01399258472754798,0.03932933676485605,0.033582203346115155,0.039179237237134346,0.04520681219669348,0.008397267692759289,0.039179237237134346,0.051103352918001325,0.022603406098346737,0.008978229651648588,0.029384427927850763,0.036730534909813456,0.015465488383079349,0.03456991520923619,0.004662110483508728,0.012372390706463478,0.013510081805908396,0.016791101673057578,0.4897554688341513,0.04520681219669348
