site,A,C,D,E,F,G,H,I,K,L,M,N,P,Q,R,S,T,V,W,Y
338,0.18074576161077827,0.013492077874563368,0.05305858924840162,0.10170789094378745,0.003509968031536577,0.14395776953460104,0.006142444055189011,0.004222930287942444,0.0036929535645823866,0.004715224447511765,0.02480009333456619,0.0993635318470448,0.0019584604233935975,0.09986689320391941,0.002377819827412606,0.1130624342414284,0.1318741805158936,0.0030542187099948555,0.001299363165520752,0.0070973951319317705
339,0.002732589352838379,0.11408429635935809,0.01561256198017984,0.009944407916121405,0.014055171854541117,0.002144500180384959,0.0321062312720491,0.00976010211420654,0.02006639454503069,0.004662730682662733,0.01842160810691342,0.021609963356186895,0.009364317454347655,0.01728797068494952,0.003457594136989904,0.006384761900691582,0.01090988441283222,0.6557153300513118,0.006140536035637806,0.02553904760276633
340,0.0012486102381425522,0.009221277173411866,0.00620829022082263,0.0035979863779767502,0.00688310437525987,0.0010993847266040071,0.007915570031548852,0.3383969695538254,0.007199095037292769,0.06926630654565163,0.026282867305859905,0.009312435331233944,0.0028269892969817324,0.006332456025239081,0.0013707180951223368,0.0019424711733862215,0.1720506974752776,0.31712825127269506,0.0035979863779767502,0.00811853336569113
341,0.013328637669237454,0.14057194558784758,0.0013854414673269647,0.04366549350641979,0.0033449263116285565,0.04582512579749336,0.002078162200990447,0.0024678176136761557,0.0020248759907086408,0.0734352660317044,0.1355552829622804,0.0234144841813999,0.0007976784205821917,0.08332297209608061,0.0029195506768706523,0.12920129236471142,0.2815978635931473,0.011185278448402676,0.0011547959885384303,0.0027231090909529995
342,0.004304221123533324,0.008317616495476556,0.0186516248686444,0.008431556447469384,0.10299931042275125,0.0017892547112362362,0.012310072413305305,0.3608427842676809,0.011398215197504911,0.029948114754455035,0.16841030196953688,0.02462014482661061,0.006034349222208482,0.015387590516631633,0.002044862527127127,0.003895592535856109,0.003433180701375988,0.029798208924143782,0.04890614739497541,0.13847685067947665
343,0.18167999247187913,0.5598776759791841,0.003252982798391037,0.0038860324898903212,0.03803953587992541,0.0007791743103641803,0.008993389476603315,0.008993389476603315,0.006994858481802579,0.0022645225300799714,0.005939030786436152,0.00925790093179753,0.002861533015282873,0.005427045373812345,0.0013006968251285786,0.09547822804173853,0.018973948656426112,0.024065770167274094,0.002914524367417741,0.019019767939962705
344,0.00766597982877581,0.013462208479801422,0.028305156290864532,0.014152578145432266,0.028305156290864532,0.0030749334132136948,0.0501773225156235,0.07973807836490034,0.02033056469086021,0.010329722373521576,0.6398170855311658,0.025088661257811742,0.011380423663337285,0.017522239608630422,0.0033864501562941053,0.0068993818458982295,0.007172073628406696,0.0028894387564131862,0.0077739513756599765,0.02252859378252483
345,0.025127660512372817,0.021904572932515975,0.017860651775743794,0.010849928648816322,0.026385053759621507,0.0036738682450105906,0.028315667449349918,0.041133557696365744,0.018139724459739787,0.006241625620555627,0.01469547298004236,0.02479809170191346,0.015938343020767628,0.016124199519768703,0.004268170461115244,0.011451257513061138,0.6652289907322847,0.0069103712227580145,0.012618938754601593,0.02833385299359512
346,0.004734940591569691,0.014404268366036178,0.7687510541359007,0.008626764951087036,0.018996933642163656,0.003353176447281729,0.019284187481657868,0.025207469640563317,0.021846473688488206,0.006271714934494223,0.017023226250770032,0.01113210574101275,0.010832962159580926,0.017023226250770032,0.003542671408944034,0.005181551499774886,0.009039920146960638,0.011817323544001359,0.007849032462929895,0.015080996656012714
347,0.0823006934719737,0.023832841251050844,0.009179066311838494,0.00773304901613791,0.012829831322228808,0.0018600084948206504,0.016362683425451233,0.053832706745204933,0.02454402513817685,0.003750914140718057,0.013282648898307473,0.01328718290110323,0.0050442097764644995,0.02213774816384578,0.0026317602712264223,0.010035341200401442,0.6701442999072885,0.0034006781817955876,0.006959189645306848,0.016851121736658734
348,0.02374911348156177,0.0235414669272835,0.02086630023100129,0.01582960707179408,0.021351563027071085,0.00493611403314009,0.03672468840656226,0.006147600611841883,0.022952930254101413,0.009273911213778348,0.019534408726894822,0.02481397865308261,0.07250237968722575,0.08346520092400515,0.00734841113331548,0.008127055788117362,0.5395388384183428,0.007286644525111559,0.02961668419884054,0.02239310268692821
349,0.006150617600277621,0.013543133171958486,0.024598752087842964,0.013101509264177231,0.02564550749583628,0.004653817962564885,0.018262709883398565,0.034438252922980146,0.0194409492307146,0.003268926269980925,0.01674081739311535,0.022742242496307644,0.7114602867427663,0.012859225177494651,0.004199786941826847,0.021212829149850784,0.009963917434301566,0.007394716885302485,0.008798093812440183,0.021523908076862594
350,0.005771796179800793,0.003222996402360092,0.008746948849801204,0.009752345269318584,0.1575382794716464,0.0022685936856436275,0.021681253453571313,0.01266349311090622,0.01571211182279105,0.008444211846176311,0.015426437062376668,0.030796537321348905,0.008746948849801204,0.015426437062376668,0.0028376389245174474,0.0040618485033155115,0.008080514651721112,0.008484540384307166,0.15966148072273795,0.5006755864254817
351,0.006746696521534736,0.013214651065652755,0.0069657476469334005,0.015369733510416482,0.017345842104612888,0.7165568365321462,0.031952867034813204,0.02639584668093265,0.022909602779677393,0.00562133771908751,0.015566781375934641,0.02477977443516126,0.012021870765573288,0.02639584668093265,0.003866907475550643,0.0030876014728969054,0.012917116460881936,0.006071928641805364,0.00886283903155403,0.02335017206390196
352,0.004204358594749249,0.010258634971188167,0.01602911714248151,0.00733057854813696,0.01972814417536186,0.0023421541030109972,0.04069370061896731,0.05455892184543761,0.009294476849837235,0.23240177728042083,0.17260458911102083,0.060274618419721544,0.02182257023545332,0.3015151564187713,0.001190638360051291,0.005129317485594084,0.008548862475990142,0.006027461841972156,0.009498736084433489,0.016546185437400267
353,0.008063850724840982,0.025474437517111283,0.020015629477730293,0.021555293283709545,0.01868125417921494,0.005363039477286585,0.024325833212955963,0.0311354236320249,0.02804195512325012,0.008007889635020719,0.030293925696024224,0.023351567724018675,0.011555414956215428,0.659351576826595,0.004448967390287194,0.008622117313483816,0.01648345956989554,0.010475469633204641,0.016012503582184236,0.028740391044946058
354,0.026725483018249067,0.019789411986204094,0.025330447342341238,0.014072470745745134,0.02261647084137611,0.0011789183359973874,0.026909796694236987,0.09012203645111203,0.040602478844676784,0.019706669296284667,0.10069472311391905,0.05089461548692648,0.011513839701064201,0.09180989460386738,0.3713422351635309,0.035117852182440255,0.012178099683817903,0.006461848811821745,0.0118240015777708,0.0211087061186177
355,0.0022451522588569357,0.022511085657387377,0.01834236609120453,0.01435489520181224,0.036742504497164756,0.005073516963566855,0.02913199320367778,0.07107346402317671,0.03195121835242079,0.007678199759108876,0.022511085657387377,0.03961951075700179,0.01435489520181224,0.02913199320367778,0.0060029561753033025,0.008612937121087344,0.014783399536194697,0.5824790756123037,0.013384969850338442,0.030014780876516503
356,0.010334918184106335,0.014630531305808615,0.016422609717210063,0.016885218441638518,0.7061215263192485,0.005328224486028154,0.03240136511773878,0.021408044809934548,0.025507457645879462,0.006376596016115252,0.015175322903244741,0.026061967594702935,0.012619479045856153,0.027880244403635696,0.005964430394807635,0.0039335519899644485,0.01462012816288213,0.0054253786301654275,0.012233168462819742,0.02066983636821267
357,0.00890849818012599,0.02638285999498851,0.027438174394788052,0.00496656862270564,0.03610286104577375,0.006124592498836618,0.02982410260303049,0.021436073745928163,0.4016949869582886,0.008166123331782156,0.02638285999498851,0.05917154780197559,0.01714885899674253,0.031347051893262444,0.23112160242586022,0.009396635066708237,0.012471897452176386,0.007537959998568145,0.012249184997673235,0.022127559995796818
358,0.010211415276206883,0.027444788582988915,0.07510652470380172,0.466661799562708,0.04188941415298308,0.0024200987370490614,0.04421660382814881,0.024871839653333706,0.08148454321883442,0.012421718394118313,0.030611494957949174,0.04188941415298308,0.014470888525575975,0.026529962296889285,0.00846700924368807,0.011704395130980568,0.015917977378133573,0.010620187609849105,0.026529962296889285,0.026529962296889285
359,0.02643224133891042,0.030036637885125474,0.1321612066945521,0.012695344451679772,0.0440537355648507,0.022524683839423715,0.034779264919618975,0.033131627472218934,0.3846527519378726,0.019435471572728253,0.0508312333440585,0.015397192626756246,0.034779264919618975,0.03949541703855085,0.004229748939596293,0.01501831894256274,0.021392410356688547,0.018880172384936018,0.030036637885125474,0.030036637885125474
360,0.0023692196280954273,0.03295127784113189,0.06119523027638779,0.026191431719096447,0.04283666119347145,0.005294192028262687,0.08567332238694292,0.07139443532245243,0.10709165298367866,0.00579330183905077,0.011395841631946041,0.07139443532245243,0.013818277804345632,0.020398410092129265,0.017134664477388584,0.012599017998079842,0.026772913245919665,0.25004628709650845,0.028557774128980973,0.10709165298367866
361,0.008611681597668334,0.07205929315581434,0.33756151243110544,0.018631422657353524,0.04117673894617963,0.006332401958902212,0.03850738888129308,0.04434418040357806,0.05764743452465148,0.025064101967239773,0.07205929315581434,0.024749581854472184,0.01921581150821716,0.0480395287705429,0.015580387709365267,0.012009882192635725,0.01310168966469352,0.03812290440051926,0.06405270502739054,0.04313205919256336
362,0.0016418578470696254,0.020036963117774163,0.020036963117774163,0.025761809722852497,0.03005544467666125,0.004536670894590378,0.03136220314086391,0.0077224745818799175,0.072133067223987,0.016393878914542498,0.04007392623554833,0.02123405141845477,0.03248699350234927,0.042431216014110006,0.009617742296531602,0.09506778503009952,0.42349729007096204,0.011449693210156667,0.0601108893533225,0.03434907963047
363,0.009462058918728485,0.026665802407325724,0.043998573972087444,0.016295768137810168,0.05866476529611658,0.0015156389073972972,0.05866476529611658,0.03666547831007288,0.005801434418051158,0.01157857209791775,0.016967335960672632,0.06285510567441065,0.015713776418602665,0.02588151410122791,0.5137780112926832,0.0076555825370919085,0.012393964499179564,0.00916636957751822,0.02627677856600054,0.0399987036109886
364,0.0833362012366232,0.039044632632923036,0.028421984207643334,0.006287420314299993,0.01980926172047869,0.0019003070836505719,0.02614822547103187,0.0502850489827536,0.023346629884849885,0.014975330063929811,0.1322242634991534,0.02614822547103187,0.006052829970146266,0.013618867432829099,0.0034225426009204018,0.007690654550303492,0.10257488234073003,0.3845461689758111,0.009079244955219399,0.021087278605670858
365,0.08039656607603379,0.09135973417731107,0.03875746617005527,0.03391278289879836,0.03391278289879836,0.006782556579759673,0.015072347955021496,0.03391278289879836,0.04932768421643398,0.005358500071043697,0.03391278289879836,0.08374642299586849,0.317834979349223,0.013733648297284625,0.00848065042996137,0.045714456444784675,0.008625143492663386,0.011073561762872936,0.03875746617005527,0.04932768421643398
366,0.048563682254052914,0.04185415748077325,0.22059382715617776,0.0410691326997177,0.023542963582934954,0.015636344797701332,0.15501541219330886,0.025112494488463956,0.023542963582934954,0.01754891458792176,0.020927078740386625,0.23265842463924655,0.015001491502578278,0.025112494488463956,0.006384532497067105,0.012989221287136525,0.014487977589498434,0.01209120267881319,0.026906244094782806,0.02096143965803916
367,0.010347360757581001,0.019763519861607196,0.02437500782931554,0.019763519861607196,0.03179348847302027,0.008405175113557081,0.01356458326296292,0.045703139679966635,0.06647729407995145,0.00369665121373781,0.1828125587198666,0.030468759786644428,0.4293304530842706,0.017410719878082532,0.005712892459995829,0.0031145681110804377,0.010050614834579698,0.010597829491006754,0.03848685446734033,0.028125009033825622
368,0.016484619676677116,0.0759837938221836,0.00563024520194126,0.007579176233382465,0.00563024520194126,0.15435808902304265,0.18684304350433156,0.0067951235195842785,0.13610113643473223,0.0012322825689914838,0.01960872098636996,0.1251497780600671,0.0014185707229214424,0.11542207512100461,0.053424649396287154,0.07064439209413828,0.0021654789238235617,0.0028151226009706302,0.006356728453804648,0.006356728453804648
369,0.061794259474286704,0.03125408908155347,0.035060390307415104,0.0618863781834184,0.050268814606694384,0.037462452006484306,0.031548014684201306,0.04021505168535551,0.06773228966053549,0.04643251033407823,0.0653494589887027,0.06371572251398513,0.05309643542832095,0.04678610488986928,0.05499706944593793,0.08571812153063603,0.03630525499372373,0.055879198937680265,0.04182365375276974,0.03267472949435135
370,0.0072971133131915725,0.0139758861995875,0.004549649399054764,0.033739995561216075,0.042618941761536105,0.4751885062886813,0.025304996670912055,0.04498666074828811,0.04763293490995211,0.015278488556022372,0.0899733214965762,0.040487994673459295,0.013495998224486428,0.04498666074828811,0.00749777679138135,0.0046230507455547335,0.014459998097664031,0.009220744000941089,0.038559994927104095,0.02612128688610276
371,0.0398570515338537,0.03279461015471196,0.043042925828059436,0.031303946056770504,0.04591245421659674,0.014652910920190448,0.040510989014644186,0.034329052568806064,0.04591245421659674,0.014971452461933722,0.043042925828059436,0.03134619564019277,0.012297978808016984,0.028695283885372957,0.010595181742291553,0.011684402628536646,0.40324877219350563,0.013773736264979025,0.02550691900922041,0.07652075702766123
372,0.018421698512448945,0.02147222588916908,0.006815063506719709,0.0059631805683797445,0.007532438612690205,0.0021531014393901394,0.012949522695893301,0.09698132894295702,0.09773195842393967,0.03160677553456068,0.006981284567859213,0.006505287892777905,0.004692338807905373,0.4374668615166824,0.1680237585225748,0.002841620736511433,0.007773551899758677,0.049933639261979246,0.006815063506719709,0.007339299161082762
373,0.09260821251600744,0.044199374155367205,0.016072499692860804,0.05357499897620267,0.049110415728185794,0.006458356040966897,0.07137728597621809,0.11786499774764587,0.03434475403125904,0.07447949650993514,0.014733124718455738,0.17210120022572076,0.0021306543665180625,0.05576176932788566,0.06991271997254483,0.014733124718455734,0.02245047576145636,0.06735142728436906,0.013393749744050668,0.007341362505894093
374,0.13404843816781964,0.2704435084486793,0.010948250737425638,0.007298833824950426,0.01368531342178205,0.002009954689652629,0.01368531342178205,0.011805841023646286,0.024329446083168085,0.0070770224688438315,0.0273706268435641,0.0547412536871282,0.012164723041584042,0.012164723041584042,0.005213452732107446,0.007116934432859983,0.1915641518178145,0.12806648396803158,0.011524474460448039,0.0547412536871282
375,0.01585710854455121,0.03468742494120577,0.07928554272275605,0.050454436278117486,0.0462498999216077,0.008283564165064065,0.030833266614405136,0.08344552975829335,0.0462498999216077,0.006942538426118681,0.32473678321026866,0.07928554272275605,0.016818145426039162,0.04269221531225326,0.006937484988241155,0.010882329393319456,0.04510051480768932,0.004452361847828141,0.02055551107627009,0.0462498999216077
376,0.027614488773987863,0.027959669883662712,0.0004293873103463801,0.08175342071246408,0.06804999019304152,0.04710051915885833,0.11199577168020905,0.013857312203773911,0.05229600464658233,0.030432293750925397,0.01988243191727126,0.05882836852184997,0.0015260464968530666,0.10036804573622514,0.10433587503756735,0.05982487358595902,0.051827977735351756,0.01479347612892207,0.07563968664179285,0.05148435988435591
377,0.026770999485325617,0.05019562403498552,0.00986431484699176,0.0066927498713314024,0.02677099948532561,0.0022605721524356125,0.012168636129693457,0.12699178635723704,0.03768833837494346,0.1578520693926834,0.180965702846752,0.008923666495108536,0.002782242649151523,0.018252954194540188,0.0378231579352507,0.019430564142575043,0.01801771963633926,0.04035562807062337,0.0042551946398788005,0.21193707925882774
378,0.15485094953165388,0.17515090523813043,0.006156674124638391,0.008697952491331791,0.012630804643219645,0.004182092161495149,0.0090085936517365,0.013742640019214639,0.010510025927025917,0.003821827609827606,0.01008962488994488,0.007643655219655212,0.004348976245665896,0.015765038890538874,0.002034198566521145,0.014371356327231216,0.3677886963454462,0.1475770699664252,0.008697952491331791,0.02293096565896563
379,0.3116070995284397,0.05659017392239327,0.024172603118575157,0.02538123327450392,0.05728790183898575,0.007149643175916599,0.024172603118575157,0.015863270796564948,0.02115102772875327,0.008752149405001351,0.022070637630003408,0.02820137030500435,0.014440052330228523,0.016920822183002608,0.0074650686101482115,0.29738189067130855,0.006269278355259769,0.012381089402197032,0.02820137030500435,0.014540714300133983
380,0.06388840889370248,0.04254835765480536,0.031911268241104025,0.10568463030387139,0.0011379693517645788,0.09446370449481044,0.0303354031427779,0.043434781772613826,0.0643060405464672,0.036598799169175786,0.08759955987754046,0.053776396480379005,0.0007265730396322667,0.0744596258959094,0.07779363899572626,0.07057511414119019,0.0689776422446549,0.0327171083482026,0.01175678303619622,0.007308194369475713
381,0.026925688825541475,0.025630951409705865,0.044876148042569126,0.022438074021284563,0.16629224018830252,0.017998750623189026,0.022438074021284563,0.04895579786462088,0.02991743202837942,0.006574100211060252,0.024477898932310435,0.044876148042569126,0.014958716014189709,0.03167728097122527,0.008324506299763446,0.00828482733093584,0.08975229608513825,0.01380804555155973,0.31589210510231513,0.0359009184340553
382,0.0046399610991758366,0.016085198477142904,0.010490346832919283,0.010053249048214313,0.2634176420895917,0.004386872311948064,0.008936221376190502,0.01723414122551025,0.009651119086285742,0.14138509375226604,0.0804473070853232,0.01096718077987016,0.009789748739865281,0.006667417737586149,0.0015782048009572028,0.003306522068785595,0.005133573982066884,0.00945322111018548,0.005884828711149842,0.3804921496849657
383,0.011315212094073433,0.0183986015769233,0.019652736794969653,0.01436161535017013,0.023834170155601485,0.0052627228202346684,0.023337624944026455,0.04480823989253079,0.023834170155601485,0.01489904138412352,0.022404119946265396,0.021964823476730785,0.014548129835237273,0.031141619373253784,0.0027631058313507956,0.009877350992851119,0.010875786381682235,0.006589447043019235,0.6593869264455531,0.020744555505801295
384,0.08307050836777262,0.03344397090131106,0.09015331286440371,0.05942511607212435,0.03344397090131106,0.0349334274614396,0.017945545361679107,0.04157899085027862,0.06335178361958607,0.05033834795455066,0.04217346825337298,0.1153108398944338,0.0018392463289714242,0.046995817016771,0.05501045846958275,0.08055322023541586,0.06512046212020235,0.04509299447367783,0.009004146011891439,0.031214372841223647
385,0.04342156816631204,0.023298856793599894,0.008470100244490991,0.15944986376455067,0.010880043189308743,0.010115773229136173,0.10484485557119952,0.025807964448295268,0.02797894329907575,0.0468983439974398,0.10707559717909738,0.10484485557119952,0.004059717607951024,0.07110445194223773,0.019841607075839908,0.05815394655682535,0.07138373145273158,0.05133418883901378,0.019970448680228476,0.03106514239146653
386,0.016248276247274738,0.03960517335273218,0.03520459853576194,0.027551424941031077,0.03520459853576194,0.010220689897479271,0.019802586676366085,0.1564794944861789,0.027551424941031077,0.3713526464223933,0.051577017348962674,0.03960517335273218,0.002210926084910295,0.010942444374740318,0.005284629830159251,0.011734866178587312,0.016248276247274738,0.07018984830974703,0.010740385993961267,0.04224551824291432
387,0.07212450555439398,0.0502465563368219,0.022524318357885674,0.0045528956790361,0.04082532702366779,0.3822172470070848,0.06532052323786848,0.043547015491912304,0.01765419546969418,0.009200073695474431,0.021773507745956155,0.03266026161893424,0.01979409795086923,0.046657516598477486,0.0038651242799005907,0.07248512808216595,0.01866300663939099,0.005836788802479179,0.015618141063095906,0.05443376936489039
388,0.07764607352968367,0.01222766041234832,0.008432869249895392,0.05606139642511466,0.01164539086890316,0.014558638786815688,0.0890354848254919,0.06972369394497065,0.14288973619010686,0.010875127768464733,0.032236985885091884,0.04853146074937808,0.0031760156915190438,0.0993050415411536,0.11601334843417965,0.07201879825392868,0.058683916488902685,0.03101840566263137,0.004891064164939327,0.041028891126480574
389,0.06893504218743883,0.030401037140965217,0.033937572874206484,0.08223334965673111,0.00636329491391372,0.014339456130374498,0.08227126002443359,0.008686613201691357,0.1578097138650602,0.0011153958357111218,0.01818084261118205,0.10995773611242901,0.0012316839614338493,0.055534210157792446,0.09667392608508822,0.07763171710078098,0.04317262248262577,0.017886018136406123,0.01810003886624346,0.07553846865549187
390,0.010666332197504872,0.016905130275290742,0.03446045786886189,0.02589580668665191,0.024888108460844702,0.006736630861582023,0.017919438091808185,0.01991048676867576,0.5263723307722452,0.006013234258996035,0.011955244148023498,0.019131813457910596,0.007723895729227667,0.015975049089527193,0.18217460947529393,0.0065412816334209905,0.01020429159256641,0.022399297614760234,0.012273587734115196,0.021852973282692912
391,0.04844174789195944,0.1237955779461186,0.016097012275229274,0.04802414661702876,0.03219402455045855,0.0015333588504184226,0.05624366401878944,0.04178100755681503,0.07373118980614417,0.00253465393199123,0.032769417691619625,0.03094889448652965,0.012955351180407757,0.09917201365024567,0.1321362213827403,0.06114293788802198,0.06055218486494931,0.09284668345958894,0.0009058874004855267,0.03219402455045855
392,0.006348732296189085,0.030515575798062043,0.02203902696526703,0.024793905335925407,0.039670248537480655,0.008264635111975137,0.01555696021077673,0.02644683235832044,0.061031151596124086,0.005382336005690718,0.046670880632330186,0.0661170808958011,0.46550971293586896,0.04020187296006334,0.007021282926987727,0.049830089945828916,0.032234223838289146,0.010578732943328176,0.018451278389525885,0.023335440316165093
393,0.01942495662545484,0.007797823099961281,0.03318430090181869,0.07964232216436484,0.04977645135272803,0.010273134808433046,0.005633568869485191,0.02746286971184994,0.036201055529256745,0.010661078052289752,0.07240211105851349,0.03185692886574594,0.010762475968157414,0.03185692886574594,0.4670617846401922,0.00886081101121391,0.02152495193631482,0.015315831185454777,0.028443686487273162,0.03185692886574594
394,0.0004964157178996164,0.0061077485477368755,0.0006465542618077693,0.004946659788483374,0.02764027771018484,0.0011502942890946717,0.010882651534663421,0.1212736404597214,0.27353988138793006,0.0427890197876778,0.20155570207531684,0.014839979365450121,0.021789805629763986,0.05878707977196742,0.0625517696095811,0.002914995946784845,0.03853270774969293,0.09573557632222585,0.006045917519257457,0.007773322524759587
395,0.0135556700161043,0.24621331917892747,0.019101171386328792,0.017509407104134726,0.04038396184055439,0.005869898040449606,0.035018814208269446,0.016809030819969338,0.10505644262480833,0.04968196972470092,0.31883813537610267,0.0233458761388463,0.014490543810318392,0.04669175227769259,0.0009561797175472401,0.009732250313744207,0.0135556700161043,0.010249409036566667,0.009420217636112125,0.0035202807327183784
396,0.005368768616635107,0.055884536708496815,0.06287010379705892,0.02794226835424841,0.05029608303764714,0.02004402586419299,0.03868929464434395,0.00397353356955963,0.06287010379705892,0.015241237284135492,0.04191340253137261,0.022923605401952794,0.00968335925554694,0.03143505189852946,0.012574020759411782,0.07406854745167946,0.2945725705916213,0.07185154719663878,0.04191340253137261,0.055884536708496815
397,0.01891655147274858,0.021798888977598907,0.041417889057437915,0.002882429182782824,0.029584206469598508,0.00678981787826851,0.06902981509572986,0.04703226927829886,0.2421265288324126,0.018007777851059968,0.03451490754786493,0.01269637583221572,0.10214937795284236,0.02593333191217538,0.23071983761472373,0.012181732075717032,0.018007777851059968,0.01596084030513162,0.0258861806608987,0.024363464151434068
398,0.08020632807737874,0.007582290052001176,0.0916211271500606,0.07307495217031638,0.05139055795766211,0.04119635201361766,0.03426037197177475,0.0770858369364932,0.027676008933909226,0.05484953782019709,0.023923190773394432,0.07302868762404617,0.00811429862489402,0.07717258521946772,0.022211173354582784,0.0299778254753029,0.08633613736887238,0.029335851976530884,0.05956632854183564,0.051390557957662134
399,0.011064576426515248,0.03702981387719186,0.039069237612993885,0.40620974163114815,0.049373085169589145,0.012038659458293728,0.03897875144967565,0.056968944426449036,0.01204405565915215,0.012343271292397286,0.060903096889567215,0.08228847528264858,0.018989648142149675,0.028508597547972823,0.021082969550923265,0.01122115572036117,0.023890202501414104,0.009744687862418912,0.02468654258479458,0.04356448691434337
400,0.011154909327596212,0.022949209798252827,0.0351808678793419,0.0326679487451032,0.25865540236471923,0.006826138543752905,0.03049008549542965,0.0326679487451032,0.02858445515196529,0.012560690650394545,0.022867564121572235,0.025408404579524705,0.011726955959780634,0.0351808678793419,0.00896767220453813,0.0028897861755700282,0.011433782060786117,0.009168771948294676,0.3806926044290525,0.019925933939880215
401,0.009100946093501955,0.10169649488638292,0.012567973176740794,0.016495464794472295,0.01746303447543949,0.006767370172091198,0.017595162447437113,0.14924735863810598,0.132987724082193,0.05578066893941969,0.1650256757929032,0.009433789264495505,0.007997801112471416,0.06548637928289805,0.043860644729010814,0.004260079397841034,0.032236563839171666,0.1202278255675514,0.009775090248576174,0.021993953059296384
402,0.05701539131423354,0.022172652177757487,0.011601869443300786,0.01031195571164492,0.049888467399954346,0.045353152181776685,0.04009397206939611,0.005499709712877293,0.1980938685430854,0.042497583340701854,0.03325897826663622,0.047245207670207776,0.0051559778558224615,0.031180292124971462,0.25359970928310127,0.05494493518010453,0.027872342642177642,0.04489962065995893,0.014966540219986304,0.004347774202304805
403,0.017481223919007135,0.12236856743304995,0.02447371348660999,0.028498483537963165,0.12236856743304995,0.012236856743304995,0.12236856743304995,0.14072967372099707,0.14111638401253304,0.020394761238841656,0.02236253813918094,0.020490266614474003,0.014396302050947052,0.017516213896429315,0.004628185037583084,0.011654149279338088,0.017551344224889343,0.03059214185826248,0.027193014985122207,0.08157904495536662
404,0.01005104622526519,0.03868198727987539,0.05279108887933512,0.0476085997290774,0.04399257406611259,0.006119937104850528,0.05279108887933512,0.1466720212255765,0.05279108887933512,0.13496692181085512,0.05633744915547875,0.05279108887933512,0.009776127570247244,0.04399257406611259,0.01099814351652815,0.011997974745303439,0.014664191355370868,0.14698723553283694,0.032994430549584446,0.032994430549584446
405,0.010953450053779554,0.04070911028902387,0.0711974253495671,0.053398069012175337,0.03286035016133867,0.009290731559079793,0.00851059257423679,0.0711974253495671,0.10679613802435067,0.027827882289772232,0.10679613802435067,0.017087382083896104,0.010957837277748595,0.06102636458534323,0.2356696320529353,0.00839158307897164,0.018573241395539244,0.018573241395539244,0.04271845520974026,0.047464950233044735
406,0.045284496864684186,0.12349634778320424,0.05283191300879823,0.03396337264851314,0.02664060331775403,0.05734255666119744,0.22189403463695248,0.006383757515379591,0.02664060331775403,0.008325188536798133,0.02664060331775403,0.01411976615948164,0.006054682572216826,0.03330075414719254,0.08661596916804389,0.07521580450069545,0.053608852905986444,0.014408703547854059,0.012109365144433651,0.075122624245306
407,0.0170966591534817,0.030394060717300803,0.0030521751148172367,0.017648164287464983,0.1367732732278536,0.009598124437042358,0.08068235665652566,0.022795545537975605,0.009441286872883686,0.01367732732278536,0.0210420420350544,0.3152192753509086,0.011640278572583285,0.03218194664184791,0.009272764286634143,0.004903447965361984,0.15469657319845434,0.0151970303586504,0.024867867859609746,0.06981980040276432
408,0.3996439018125588,0.03292547307013589,0.019755283842081535,0.029048460208682958,0.020336321602142757,0.008755463009989042,0.020952573771904657,0.03292547307013589,0.043214683404553346,0.009097828085169126,0.11775471484897132,0.025608701276772353,0.010975157690045296,0.02384258394733978,0.008979674473673423,0.0821288669126143,0.03262513278231105,0.022557528799208002,0.03006238845534146,0.0288097889363689
409,0.2906420825250433,0.10113147021233351,0.02298442504825762,0.05760698275465598,0.06320716888270846,0.01331650968456403,0.03160358444135423,0.03371049007077784,0.04596885009651524,0.021985102220072508,0.050565735106166756,0.036118382218690535,0.021093477559184278,0.050565735106166756,0.01031953777676873,0.08637051467282461,0.0029930504506341924,0.004134395252800314,0.024078921479127033,0.03160358444135423
410,0.008354776906794762,0.055141527584845425,0.025064330720384286,0.0229756364936856,0.0229756364936856,0.005993644302700591,0.01969340270887337,0.19297417376389506,0.03938680541774674,0.1601128727027737,0.13989017305959622,0.055141527584845425,0.011760447255738393,0.009856880850394916,0.003447591624933682,0.008109048174241977,0.008109048174241977,0.15784028886666415,0.013785381896211354,0.03938680541774674
411,0.013642540340896516,0.024184503331589273,0.048369006663178546,0.006653262898956196,0.04092762102268955,0.30693722123697353,0.038004219521068854,0.0665073841618705,0.08867651221582733,0.015201687808427549,0.0665073841618705,0.038004219521068854,0.024184503331589273,0.07600843904213772,0.003356329537043688,0.014779418702637891,0.031297592546762586,0.026271695527446286,0.02955883740527578,0.04092762102268955
412,0.29753109898625474,0.030242171395352537,0.06426461421512414,0.06452446012994716,0.03427446091473287,0.014689054677742662,0.039547454901614855,0.04673790124736302,0.0571241015245548,0.018361318347178326,0.0734452733887133,0.0734452733887133,0.014292554401437287,0.051411691372099305,0.014689054677742662,0.02344077639618905,0.005445989760530135,0.004852988265533048,0.039547454901614855,0.03213230710756207
413,0.007739436148352236,0.19577431089543884,0.029237869893775113,0.017542721936265066,0.017542721936265066,0.005847573978755022,0.013849517318104,0.15255870056614376,0.023921893549452365,0.004257857318560417,0.0031604058826481336,0.0164463018152485,0.008223150907624252,0.0164463018152485,0.00461880669952351,0.006119554163813396,0.03364379276005459,0.42066397559395385,0.010964201210165668,0.011440905610607654
414,0.025051175867515787,0.023195533210662766,0.03683996451105263,0.04175195977919297,0.3616863484340374,0.009209991127763157,0.028467245303995213,0.03689573030670067,0.03914246229299342,0.0027715140547124525,0.03131396983439473,0.0782849245859868,0.010266875355539258,0.06262793966878946,0.008579169817642392,0.004143372653947666,0.021595841265099815,0.010840492904620498,0.02236712131028195,0.14496836771507104
415,0.09059126521956834,0.012858662435718902,0.012102880486024025,0.24730412572157126,0.01414452867929079,0.0019198391003269846,0.021681452390359415,0.017680660849113485,0.08829210388295497,0.00471484289309693,0.017680660849113485,0.11924798814697675,0.007577426078191494,0.1248851657684702,0.032522178585539116,0.07588508336625793,0.0772401741406554,0.004823567389795944,0.011166733167861152,0.017680660849113485
416,0.00866147796810788,0.019260519386734398,0.017344141062798423,0.5988194918644708,0.019260519386734398,0.008066521584521511,0.025520188187423076,0.017013458791615383,0.09516459774630077,0.005866709928143236,0.020015833872488686,0.028355764652692305,0.008650911249973926,0.017908903991174088,0.006501958773865752,0.005969634663724697,0.011095733994531773,0.048854206181880216,0.015950117617139423,0.021719309095679214
417,0.0094384542794149,0.015534003402148246,0.02881121609225331,0.6156589769456363,0.01650487861478251,0.030358444146226814,0.023473605141024017,0.02456540072897862,0.08006790350347619,0.006643473153120004,0.019930419459360017,0.02515029122252573,0.00771030825800059,0.026407805783652018,0.005868401285256004,0.0065204458725066725,0.010060116489010293,0.006483792138801782,0.008802601927884004,0.03200946155594184
418,0.013794584455425602,0.021075059584678004,0.04215011916935601,0.002495002721434153,0.03793510725242041,0.012437740082760789,0.0226666701447867,0.06107428051340495,0.44223532362105755,0.009366693148745778,0.07494624805937537,0.1127361011075386,0.009603824620865925,0.018556325036373954,0.04795405324046683,0.009853274611018287,0.012551661521414875,0.012859358390650985,0.01806433678686686,0.01764423593135833
419,0.047089013502750375,0.06971987698375608,0.0026205264464253183,0.029939850325542097,0.0030668567588162496,0.019115004201689552,0.08847029844529655,0.10774890079307757,0.059260940639001156,0.08678418253922085,0.04875515872989937,0.08873438888841684,0.0017130190905099776,0.13176723162001747,0.02812944613346107,0.054265159545264695,0.04127180878531015,0.04472688808450394,0.006790897108807409,0.04003055137823316
420,0.014769254357367914,0.017301026097379442,0.04020519241727932,0.02894773854044111,0.1822561944191181,0.007040551002653274,0.030153894312959492,0.030153894312959492,0.02894773854044111,0.013067389105523299,0.030153894312959492,0.02067695610031508,0.016082076966911725,0.051692390250787694,0.0025483730179594547,0.01226599090696657,0.020102596208639658,0.012696376552825047,0.4223822299223837,0.018556242654128915
421,0.0791397575946186,0.033340474374673024,0.17420397860766657,0.03477679975705934,0.012082591180353916,0.02342215907398852,0.05501178271821049,0.0054920869001608705,0.06955752793151479,0.015326665831939243,0.04704129904217318,0.23343817959000918,0.015717652205203,0.011167433001231634,0.03677769803279106,0.08829051547367114,0.03553771640006115,0.018670665649816898,0.003897610058178682,0.007107406576678774
422,0.0013900245242531627,0.024074220114896155,0.02674913346099573,0.028889064137875387,0.021885654649905596,0.010620979462454187,0.019005963248602226,0.027777946286418644,0.02265264496499399,0.008496783569963348,0.004909012686759102,0.08860482265718109,0.004601029129425859,0.025793807265960162,0.0075231937859050494,0.2019250600855124,0.4216859840889722,0.011284790678857574,0.018055665086172117,0.024074220114896155
423,0.38019214348364866,0.05719706869679805,0.015527538612292627,0.03425156808375753,0.028294773634408403,0.006997632189154766,0.027115824732974716,0.02244068253763425,0.043385319572759554,0.010668521206416282,0.06507797935913932,0.03425156808375753,0.013855091580732885,0.03615443297729962,0.010846329893189887,0.12768145566408942,0.0026795184839673632,0.004359290557596058,0.03253898967956966,0.0464842709708138
424,0.05622385306940771,0.012206783720096146,0.0020581306379359233,0.013910820075566899,0.05981324022847111,0.0715013013718399,0.06494008939091149,0.03759689385789612,0.2573477226636741,0.03265636174492965,0.009079020557562894,0.022115819916409492,0.0010895985730249003,0.03957567774515381,0.06901527718669745,0.028965249505312887,0.08095024993326919,0.03224571924787296,0.032754869648924656,0.07595332092504271
425,0.07415277690774481,0.021915668512681365,0.204053898289198,0.28144738151222887,0.021915668512681365,0.02290990271659325,0.03951495902393639,0.017219453831392503,0.014636136990076721,0.006515469017283649,0.020089362803291252,0.014180726684676178,0.012362684802025384,0.17287794572972173,0.005606333805569652,0.01718041696692887,0.011759627006804635,0.006518046842533099,0.014180726684676178,0.020962813359956086
426,0.514324357961875,0.026790921688411032,0.024022710971875506,0.0384391485094593,0.02526001187764468,0.008262620707640783,0.02600295340345776,0.02600295340345776,0.044205020785878194,0.009209379330391291,0.03536401662870255,0.0384391485094593,0.011494446704197789,0.031575014847055854,0.008841004157175638,0.059662649568351184,0.005791795878142188,0.017633697177613,0.021050009898037236,0.027628137991173873
427,0.03455055862241261,0.038173771814964716,0.012936683695021458,0.005751534449384386,0.01262115482441118,0.0025130639454154042,0.012936683695021458,0.35482031494678745,0.014374092994468289,0.09463370588516588,0.00410428869049811,0.01784370164830546,0.005686454371438003,0.009951295150016507,0.0036961953414347023,0.0036961953414347023,0.04337928615336898,0.30307368359731335,0.012320651138115675,0.012936683695021458
428,0.060949410927127315,0.015545801167647857,0.0005807291094406205,0.004213493265360768,0.028870773597060303,0.03867257944791411,0.29401064585570064,0.01740690333428699,0.0298917736732174,0.01647516971571376,0.02196689295428501,0.09604032294717031,0.0016940849211244324,0.07029405745371205,0.12373188684454416,0.026152208319504378,0.03342222195949793,0.014759777513103861,0.02393235179756314,0.08138891519602483
429,0.037140666279275855,0.25484566909728795,0.218622570467913,0.006035818478619978,0.008111718836335867,0.0007316769859541619,0.028670137773444904,0.008480433328896588,0.007462781329428997,0.0024073488159448374,0.009328476661786246,0.002745521271043849,0.0033021156324907065,0.016680807431822483,0.003361613211454503,0.32280451418989803,0.004442131743707736,0.00548811429417876,0.008884263487415472,0.05045362068310018
430,0.08958822065512867,0.04574898091332914,0.06690173552916949,0.06257619228374905,0.01462403321503,0.05040859933968674,0.04644057548495921,0.03600614238549053,0.02658915130005454,0.02675424745187553,0.022445387461085004,0.07959252527318961,0.08204282725425704,0.08692522502146738,0.040075419073275866,0.07688091307941246,0.058095510144503835,0.04257196834990352,0.018785813418516796,0.026946532365915488
431,0.049810882983476544,0.02415073114350377,0.016321344874386877,0.015923263292084756,0.01865296557072786,0.07480178622153338,0.033207255322317684,0.01673984089680705,0.17152268199693232,0.014578795019554109,0.01258741281218931,0.08117329078788771,0.0050124158977083305,0.024397167175580343,0.379582210532748,0.014831874158564799,0.010395314709595104,0.006400527401720342,0.007772068987803272,0.022138170214878457
432,0.025574150940311614,0.02923671497947398,0.05114830188062323,0.023382080859713474,0.47235497196127135,0.01779071369760808,0.03409886792041548,0.051405732301752174,0.018599382502044813,0.05857006488741109,0.031475878080383525,0.05114830188062323,0.027279094336332382,0.02406978912029328,0.006935362966864165,0.006134138928741373,0.010628218572597032,0.014134762490978848,0.02045932075224929,0.025574150940311614
433,0.011275390156774364,0.03169204441248587,0.027060936376258476,0.03157109243896822,0.03642818358342486,0.020345911173546845,0.03157109243896822,0.041179685789958544,0.01821409179171243,0.027311162339532603,0.02367831932922616,0.0295978991615327,0.012462273331171666,0.02785684626967784,0.003756783730746836,0.009969818664937333,0.010886583599644213,0.013530468188129238,0.5551832336398788,0.03642818358342486
