site,A,C,D,E,F,G,H,I,K,L,M,N,P,Q,R,S,T,V,W,Y
338,0.12702,0.01371,0.05231,0.11423,0.00588,0.14298,0.01484,0.00429,0.00668,0.00630,0.02521,0.11415,0.00231,0.10339,0.00290,0.12390,0.11814,0.00298,0.00142,0.01736
339,0.02823,0.07097,0.02082,0.01094,0.01597,0.00488,0.03874,0.02520,0.02586,0.00561,0.01998,0.03470,0.01251,0.02054,0.00420,0.00724,0.01428,0.60389,0.00811,0.02734
340,0.00423,0.01062,0.00935,0.00578,0.00987,0.00187,0.01382,0.32018,0.01243,0.03622,0.02245,0.01503,0.00540,0.01050,0.00218,0.00390,0.23173,0.26686,0.00504,0.01252
341,0.02219,0.13818,0.00323,0.04682,0.00351,0.05894,0.00417,0.00511,0.00454,0.07550,0.09039,0.02309,0.00149,0.08341,0.00103,0.13009,0.29691,0.00566,0.00154,0.00419
342,0.00529,0.01170,0.01806,0.00911,0.12773,0.00203,0.02299,0.34755,0.01587,0.01555,0.21097,0.02682,0.00718,0.01875,0.00264,0.00474,0.00438,0.01540,0.02391,0.10931
343,0.21489,0.47546,0.00522,0.00634,0.04278,0.00179,0.02602,0.01160,0.01094,0.00315,0.00980,0.03263,0.00582,0.00786,0.00189,0.10547,0.00968,0.01066,0.00459,0.01341
344,0.01073,0.01728,0.02671,0.01713,0.02958,0.00316,0.04554,0.05375,0.03576,0.00933,0.59836,0.03242,0.01423,0.02253,0.00476,0.00920,0.01380,0.00949,0.01021,0.03604
345,0.00672,0.02064,0.02081,0.01451,0.03572,0.00449,0.03243,0.02770,0.01938,0.00676,0.01553,0.03202,0.01662,0.02158,0.00453,0.01072,0.65807,0.00805,0.01569,0.02803
346,0.00556,0.01325,0.70838,0.00916,0.02312,0.01258,0.02199,0.02852,0.02557,0.00715,0.02018,0.01679,0.01255,0.02474,0.00404,0.00652,0.01058,0.01450,0.00838,0.02644
347,0.03857,0.02048,0.01189,0.01112,0.01653,0.00236,0.02545,0.04392,0.02232,0.00479,0.01610,0.01972,0.02135,0.02951,0.00335,0.01431,0.66472,0.00421,0.00765,0.02167
348,0.02817,0.02840,0.02231,0.01777,0.03172,0.00571,0.04048,0.00740,0.03033,0.01105,0.02618,0.03667,0.02859,0.10496,0.00838,0.00877,0.49367,0.00962,0.03397,0.02587
349,0.00690,0.02008,0.02384,0.01569,0.02328,0.00539,0.02305,0.03703,0.02455,0.00411,0.01776,0.03097,0.67583,0.01983,0.00460,0.00744,0.01405,0.00851,0.01016,0.02693
350,0.00611,0.00373,0.01090,0.01218,0.16419,0.00273,0.02351,0.01542,0.01875,0.01755,0.01742,0.02199,0.00927,0.02108,0.00369,0.00632,0.00956,0.01047,0.15817,0.46696
351,0.00818,0.01412,0.01329,0.01648,0.02027,0.66113,0.04279,0.03053,0.02561,0.00669,0.01914,0.03415,0.01472,0.02613,0.00487,0.00387,0.01468,0.00753,0.01023,0.02558
352,0.00724,0.01755,0.02375,0.01265,0.02480,0.00337,0.03973,0.09472,0.01760,0.19425,0.08701,0.03701,0.01428,0.35443,0.00283,0.00832,0.01226,0.00990,0.01311,0.02519
353,0.01766,0.02579,0.03529,0.02290,0.02412,0.00576,0.02740,0.02961,0.02945,0.01054,0.02932,0.03368,0.01528,0.60328,0.00495,0.01008,0.01709,0.01054,0.01722,0.03001
354,0.02689,0.02117,0.02732,0.01601,0.02436,0.00220,0.03598,0.13471,0.06722,0.01968,0.04618,0.05039,0.01577,0.03941,0.37039,0.02760,0.02137,0.00950,0.01391,0.02996
355,0.00678,0.02649,0.02245,0.01831,0.02904,0.00582,0.03373,0.07440,0.03444,0.00791,0.02221,0.04268,0.01660,0.02850,0.00715,0.00976,0.01901,0.54479,0.01464,0.03530
356,0.01016,0.01678,0.02017,0.01735,0.65548,0.00584,0.03684,0.02374,0.02740,0.01182,0.02213,0.03061,0.01465,0.03345,0.00689,0.00458,0.01765,0.00681,0.01458,0.02308
357,0.01170,0.02923,0.03036,0.07537,0.03764,0.00791,0.04258,0.03935,0.37600,0.00967,0.02487,0.04194,0.01762,0.03145,0.12758,0.01058,0.01619,0.00980,0.01815,0.04202
358,0.01916,0.02596,0.05613,0.40340,0.04063,0.03993,0.04873,0.04089,0.05509,0.01551,0.03552,0.05310,0.01661,0.03134,0.00937,0.01305,0.02062,0.02018,0.02219,0.03259
359,0.02311,0.03519,0.10710,0.01200,0.05063,0.01710,0.04763,0.05021,0.33274,0.02210,0.04830,0.01697,0.03896,0.04977,0.00715,0.01907,0.03401,0.01914,0.02987,0.03896
360,0.01055,0.06209,0.05125,0.01879,0.04349,0.00466,0.05548,0.06790,0.07080,0.00765,0.01602,0.10843,0.01911,0.03619,0.01492,0.01404,0.03284,0.22385,0.02972,0.11221
361,0.00869,0.10172,0.30434,0.01881,0.05017,0.00206,0.03466,0.05262,0.06961,0.02236,0.05832,0.02013,0.01874,0.06904,0.01498,0.01572,0.01675,0.02826,0.04816,0.04487
362,0.00217,0.02581,0.02313,0.02871,0.03517,0.00499,0.04319,0.02559,0.05275,0.02004,0.04834,0.02633,0.01821,0.04763,0.01067,0.06688,0.40106,0.01225,0.04981,0.05725
363,0.01042,0.03336,0.04238,0.01716,0.06221,0.00910,0.04751,0.04414,0.01241,0.01489,0.01958,0.05215,0.01763,0.02567,0.46697,0.01760,0.01864,0.01154,0.02723,0.04941
364,0.08571,0.03200,0.02938,0.00763,0.02948,0.00241,0.02829,0.11927,0.02397,0.01013,0.07661,0.05245,0.00727,0.01661,0.00400,0.00928,0.07430,0.35233,0.01254,0.02635
365,0.04565,0.14268,0.03724,0.02530,0.03491,0.00687,0.02043,0.02575,0.04201,0.02494,0.02818,0.15917,0.23062,0.01875,0.00864,0.05392,0.01713,0.01216,0.02559,0.04006
366,0.02219,0.04952,0.24932,0.02013,0.03444,0.02163,0.12117,0.03269,0.03693,0.01363,0.03672,0.10511,0.02334,0.04135,0.00890,0.01676,0.02170,0.01383,0.02993,0.10069
367,0.02159,0.03176,0.02906,0.03460,0.04699,0.00832,0.02281,0.05157,0.05214,0.00468,0.10733,0.04147,0.40186,0.02126,0.00682,0.00814,0.01855,0.01494,0.04269,0.03343
368,0.02534,0.09271,0.00897,0.00999,0.00945,0.12107,0.21960,0.00978,0.08260,0.00396,0.01822,0.09673,0.00390,0.12913,0.06676,0.07568,0.00433,0.00369,0.00858,0.00951
369,0.04522,0.03700,0.05563,0.06370,0.03651,0.03610,0.04091,0.05458,0.06370,0.04676,0.04691,0.08893,0.09335,0.04224,0.05368,0.05378,0.03379,0.05239,0.02632,0.02852
370,0.00977,0.01806,0.01231,0.05917,0.03967,0.42999,0.03805,0.03811,0.05469,0.01469,0.06095,0.04427,0.01699,0.04558,0.00830,0.00577,0.02026,0.01032,0.03152,0.04154
371,0.00930,0.04478,0.04980,0.03181,0.09536,0.01328,0.03117,0.01125,0.04644,0.01355,0.04168,0.06473,0.01223,0.04436,0.00960,0.01405,0.36072,0.01592,0.02599,0.06399
372,0.03048,0.02604,0.00816,0.00813,0.01089,0.00265,0.00987,0.06332,0.11908,0.05285,0.01055,0.01127,0.00703,0.32430,0.18787,0.00932,0.03149,0.06849,0.00766,0.01052
373,0.08669,0.03152,0.02939,0.07129,0.05695,0.00565,0.05759,0.06854,0.05272,0.05009,0.07450,0.08414,0.00545,0.05491,0.04957,0.03234,0.08011,0.05994,0.01645,0.03215
374,0.13410,0.34409,0.02081,0.01243,0.02318,0.00225,0.02525,0.02092,0.02387,0.01577,0.01916,0.03898,0.01435,0.02352,0.00507,0.02394,0.08525,0.11565,0.01153,0.03985
375,0.02360,0.04688,0.06530,0.04979,0.05122,0.00903,0.04003,0.04981,0.03712,0.00855,0.30908,0.07014,0.01997,0.06781,0.00823,0.01658,0.04765,0.01049,0.02570,0.04301
376,0.05557,0.04230,0.00455,0.09679,0.08183,0.04694,0.06416,0.01000,0.05351,0.04396,0.05274,0.05859,0.00244,0.07208,0.06604,0.05416,0.06171,0.02247,0.05361,0.05655
377,0.04690,0.03063,0.00949,0.00731,0.02740,0.00238,0.03566,0.11541,0.10756,0.09534,0.19097,0.01961,0.00407,0.07536,0.04289,0.01566,0.03414,0.02906,0.00709,0.10310
378,0.14064,0.21148,0.01979,0.00880,0.02066,0.00508,0.01650,0.01085,0.01408,0.00487,0.01303,0.01771,0.00545,0.01685,0.00342,0.01262,0.28816,0.16142,0.00993,0.01867
379,0.25942,0.04993,0.03041,0.02097,0.04640,0.01713,0.02795,0.02031,0.02496,0.00954,0.02654,0.03632,0.01622,0.02413,0.00973,0.26903,0.01228,0.01385,0.02474,0.06013
380,0.05616,0.04387,0.05820,0.11699,0.00603,0.05932,0.03416,0.02926,0.04520,0.05437,0.04380,0.11322,0.00103,0.09938,0.05452,0.06208,0.06218,0.03143,0.01511,0.01369
381,0.02133,0.02698,0.04725,0.02197,0.17371,0.01613,0.04220,0.05377,0.03124,0.01172,0.02643,0.06859,0.01552,0.02863,0.00635,0.00936,0.06525,0.01200,0.27534,0.04623
382,0.00559,0.02823,0.01554,0.01177,0.33185,0.00489,0.01268,0.02096,0.01310,0.13017,0.10205,0.02252,0.00458,0.00596,0.00258,0.00437,0.01021,0.01194,0.01067,0.25033
383,0.01541,0.02187,0.02935,0.01940,0.02622,0.00608,0.03250,0.03432,0.02951,0.01242,0.02528,0.02812,0.01894,0.03989,0.00627,0.00987,0.01320,0.00972,0.59362,0.02801
384,0.07489,0.04440,0.07800,0.04492,0.03652,0.07341,0.04067,0.04064,0.05790,0.04383,0.03951,0.08267,0.00197,0.07082,0.04906,0.06392,0.07231,0.04236,0.01544,0.02675
385,0.05615,0.04478,0.01545,0.14004,0.01815,0.01432,0.12038,0.04274,0.02382,0.03826,0.05770,0.08845,0.00537,0.11872,0.01987,0.03702,0.06334,0.05815,0.01499,0.02230
386,0.01648,0.04404,0.04331,0.02916,0.08920,0.00990,0.01953,0.10597,0.02775,0.30287,0.06805,0.04491,0.00761,0.01463,0.01147,0.01234,0.01722,0.06019,0.02033,0.05503
387,0.05869,0.04139,0.03010,0.00771,0.03989,0.34309,0.06443,0.04386,0.04079,0.01227,0.03196,0.04243,0.01984,0.04975,0.01899,0.06888,0.02004,0.00790,0.01402,0.04395
388,0.06870,0.02705,0.00954,0.03537,0.01440,0.01777,0.06687,0.05986,0.14391,0.04218,0.05102,0.03337,0.00458,0.06912,0.13821,0.06185,0.07168,0.04332,0.00535,0.03585
389,0.03954,0.03171,0.06136,0.04151,0.02956,0.04492,0.06911,0.01116,0.14579,0.00430,0.02216,0.09396,0.00196,0.06813,0.09842,0.07256,0.05011,0.02707,0.02145,0.06522
390,0.01333,0.02117,0.03281,0.01658,0.02705,0.00854,0.02842,0.02339,0.48942,0.01321,0.01751,0.04104,0.00985,0.02261,0.13759,0.00742,0.01410,0.03851,0.01387,0.02358
391,0.06617,0.06111,0.02462,0.02819,0.04584,0.00439,0.05726,0.03830,0.12188,0.01442,0.02356,0.02938,0.01183,0.07940,0.10908,0.06594,0.09136,0.07152,0.00096,0.05479
392,0.03003,0.04309,0.02413,0.02278,0.06262,0.00842,0.02168,0.03135,0.05009,0.02193,0.03735,0.04912,0.40407,0.03423,0.00743,0.01790,0.05514,0.00960,0.02862,0.04042
393,0.01831,0.02045,0.03373,0.05382,0.06036,0.00828,0.02543,0.04888,0.05869,0.01368,0.06498,0.04299,0.01402,0.03131,0.38928,0.01011,0.02109,0.01693,0.02529,0.04236
394,0.00184,0.01896,0.00150,0.00975,0.03142,0.00209,0.01532,0.09792,0.21778,0.07138,0.09876,0.01959,0.03378,0.10666,0.08467,0.00528,0.03458,0.11986,0.01228,0.01657
395,0.01674,0.26870,0.02820,0.03932,0.04494,0.00799,0.06489,0.02947,0.07584,0.09671,0.14898,0.03420,0.01725,0.05615,0.00873,0.00967,0.01823,0.01668,0.01225,0.00507
396,0.00309,0.04665,0.04214,0.04758,0.04412,0.06132,0.03217,0.00426,0.07761,0.01421,0.04597,0.03340,0.01056,0.03909,0.01330,0.13856,0.21718,0.05291,0.02668,0.04920
397,0.03420,0.03334,0.04989,0.01440,0.02671,0.00737,0.05026,0.06284,0.19008,0.01268,0.03474,0.02446,0.08874,0.03388,0.24255,0.01316,0.01933,0.01366,0.02135,0.02635
398,0.08589,0.00906,0.04584,0.07038,0.03885,0.04017,0.08591,0.06079,0.03887,0.05337,0.06612,0.04150,0.01012,0.08270,0.03900,0.05103,0.07110,0.03513,0.03551,0.03866
399,0.01130,0.04342,0.05568,0.34665,0.04942,0.00321,0.05782,0.08408,0.03249,0.01167,0.04668,0.05971,0.02147,0.05145,0.01186,0.01229,0.02396,0.01075,0.01814,0.04796
400,0.01351,0.02756,0.03334,0.02549,0.21945,0.00815,0.03809,0.03486,0.02342,0.00592,0.02713,0.02612,0.01179,0.02508,0.00754,0.00312,0.01500,0.00873,0.41188,0.03382
401,0.02081,0.11611,0.01349,0.01754,0.01161,0.00580,0.02538,0.10653,0.07444,0.05586,0.24508,0.03006,0.00717,0.03297,0.04136,0.00662,0.04543,0.11405,0.01051,0.01918
402,0.11669,0.03186,0.00685,0.01359,0.03602,0.05373,0.04368,0.03098,0.10448,0.04616,0.03996,0.04622,0.00573,0.06520,0.15600,0.06511,0.05395,0.04958,0.01905,0.01517
403,0.01718,0.10588,0.07557,0.01041,0.11263,0.01273,0.07160,0.08783,0.13930,0.02564,0.02165,0.04191,0.02179,0.03370,0.00168,0.01965,0.01847,0.03284,0.05320,0.09634
404,0.00798,0.05445,0.03410,0.02123,0.04490,0.00477,0.07891,0.14209,0.04287,0.13555,0.06173,0.06159,0.01057,0.04075,0.00978,0.01826,0.02606,0.12881,0.03000,0.04559
405,0.01584,0.01579,0.06756,0.04985,0.06631,0.01552,0.00651,0.05989,0.08594,0.01915,0.07736,0.06308,0.01459,0.05842,0.24908,0.01226,0.02747,0.02055,0.03577,0.03907
406,0.05083,0.05609,0.08827,0.03394,0.02592,0.03474,0.15005,0.01864,0.11675,0.01148,0.04414,0.03311,0.01202,0.04461,0.07224,0.07246,0.04533,0.03168,0.01463,0.04306
407,0.02217,0.06993,0.01903,0.02303,0.09906,0.01279,0.05660,0.02914,0.03157,0.01262,0.01983,0.29214,0.01475,0.03857,0.01199,0.00980,0.13675,0.01683,0.02917,0.05422
408,0.28722,0.02811,0.02152,0.02871,0.01794,0.00713,0.02086,0.02623,0.03323,0.00773,0.24267,0.02834,0.01106,0.05713,0.00747,0.09564,0.01439,0.01348,0.02326,0.02787
409,0.25340,0.06808,0.02412,0.04669,0.04850,0.01954,0.03943,0.04111,0.04826,0.01883,0.06595,0.05301,0.01931,0.10938,0.01028,0.03574,0.00754,0.00984,0.04597,0.03499
410,0.01154,0.05529,0.04520,0.03323,0.03499,0.00870,0.02669,0.10460,0.05776,0.17980,0.14266,0.04670,0.01365,0.01223,0.00463,0.01494,0.01648,0.12812,0.01874,0.04404
411,0.01986,0.03849,0.05177,0.03451,0.03415,0.24703,0.05502,0.04285,0.10340,0.01082,0.04549,0.06147,0.02052,0.07933,0.00608,0.01555,0.02287,0.03071,0.03078,0.04930
412,0.22462,0.02892,0.05265,0.03917,0.03516,0.01795,0.02832,0.05124,0.08351,0.01192,0.06066,0.08927,0.01872,0.09456,0.01157,0.01590,0.00532,0.03511,0.04743,0.04800
413,0.01296,0.13217,0.03132,0.02214,0.02175,0.01223,0.02473,0.17334,0.03473,0.00671,0.01079,0.02296,0.01174,0.02177,0.00743,0.00987,0.03978,0.37182,0.01223,0.01951
414,0.01935,0.03344,0.03898,0.04279,0.34252,0.01121,0.03625,0.03916,0.05782,0.00702,0.03914,0.06050,0.01527,0.05303,0.01189,0.00727,0.02356,0.01825,0.02482,0.11776
415,0.09573,0.01512,0.03076,0.19293,0.01387,0.00238,0.01583,0.01800,0.08328,0.00457,0.01894,0.08664,0.00791,0.18026,0.04920,0.07597,0.06676,0.01314,0.01266,0.01604
416,0.03921,0.02129,0.04095,0.55784,0.02184,0.01010,0.02432,0.02821,0.04891,0.00678,0.02925,0.03653,0.00976,0.02083,0.00751,0.00809,0.01347,0.03056,0.01894,0.02561
417,0.01357,0.01703,0.04782,0.57175,0.02180,0.02323,0.02489,0.03111,0.04621,0.00752,0.02913,0.03417,0.00967,0.03649,0.00747,0.00941,0.01569,0.00847,0.01519,0.02938
418,0.01795,0.02335,0.03871,0.01506,0.03484,0.01456,0.02800,0.04241,0.39688,0.01006,0.04688,0.07540,0.01067,0.04015,0.09304,0.01054,0.02801,0.01409,0.02270,0.03670
419,0.05438,0.10250,0.00796,0.03384,0.00715,0.01302,0.09151,0.10182,0.04754,0.07454,0.05736,0.05325,0.00231,0.10429,0.02077,0.07044,0.04640,0.05984,0.00453,0.04654
420,0.01930,0.03162,0.05596,0.03484,0.14509,0.00789,0.02755,0.03776,0.03899,0.01089,0.03672,0.03632,0.01578,0.03940,0.01167,0.01141,0.01933,0.01449,0.38407,0.02092
421,0.08770,0.03782,0.09259,0.02002,0.01811,0.02413,0.06542,0.02383,0.10005,0.02192,0.03489,0.12454,0.01403,0.05337,0.05172,0.07191,0.08128,0.06101,0.00592,0.00973
422,0.00738,0.04219,0.03239,0.02917,0.02117,0.01162,0.02698,0.02744,0.02677,0.00741,0.01682,0.10874,0.00452,0.02750,0.00905,0.17804,0.36778,0.01260,0.01886,0.02359
423,0.31429,0.10003,0.02670,0.03241,0.03743,0.00900,0.04148,0.03820,0.04694,0.01056,0.04409,0.05498,0.01296,0.04929,0.00972,0.06690,0.01146,0.01698,0.03319,0.04338
424,0.04713,0.01402,0.01115,0.02147,0.06514,0.05817,0.09258,0.02919,0.15078,0.02350,0.01242,0.02377,0.00248,0.04859,0.08969,0.07626,0.10988,0.04485,0.02304,0.05588
425,0.05127,0.03223,0.10972,0.27671,0.03309,0.01861,0.03533,0.02855,0.02623,0.00882,0.02057,0.02485,0.01471,0.17415,0.00692,0.05114,0.01743,0.02039,0.02120,0.02810
426,0.47292,0.02623,0.05864,0.03216,0.03006,0.01026,0.03623,0.03443,0.04029,0.01103,0.03325,0.04131,0.01146,0.04125,0.00987,0.01893,0.01078,0.01113,0.03046,0.03934
427,0.01904,0.08242,0.01328,0.01040,0.01266,0.00250,0.01166,0.41426,0.01545,0.05852,0.03520,0.01600,0.00491,0.00902,0.00368,0.00358,0.02959,0.23025,0.01474,0.01284
428,0.04582,0.01779,0.00080,0.00745,0.05549,0.03466,0.18644,0.01683,0.06665,0.00955,0.01381,0.10307,0.00280,0.05873,0.21970,0.03220,0.02860,0.01818,0.02913,0.05232
429,0.02721,0.23598,0.23198,0.01101,0.01123,0.00108,0.02919,0.01411,0.01406,0.00369,0.01417,0.02230,0.00455,0.01215,0.00478,0.29117,0.00584,0.00542,0.01111,0.04898
430,0.07022,0.03825,0.04388,0.04451,0.01874,0.05438,0.04869,0.03437,0.06838,0.03911,0.03303,0.06829,0.07602,0.06202,0.05488,0.06362,0.06215,0.04942,0.03395,0.03608
431,0.03689,0.02208,0.01854,0.02646,0.01898,0.04009,0.02618,0.02182,0.22857,0.01064,0.02551,0.04725,0.00571,0.03497,0.34905,0.02818,0.01444,0.00977,0.01211,0.02277
432,0.05485,0.04011,0.06329,0.02742,0.37957,0.01936,0.03213,0.03824,0.02429,0.02996,0.02548,0.04042,0.02728,0.02707,0.00821,0.00559,0.01736,0.06649,0.02416,0.04872
433,0.01387,0.03260,0.04182,0.02986,0.04741,0.01542,0.04138,0.04037,0.02042,0.01361,0.02858,0.03861,0.01345,0.03074,0.02308,0.01284,0.01440,0.01506,0.48913,0.03735
434,0.08234,0.05551,0.02889,0.03064,0.03013,0.06346,0.08213,0.03549,0.03584,0.06326,0.04926,0.10920,0.00142,0.07217,0.05021,0.06679,0.04818,0.04129,0.00768,0.04613
435,0.01032,0.02221,0.02528,0.02948,0.01577,0.01010,0.01470,0.13720,0.02634,0.50925,0.02909,0.01902,0.00879,0.01595,0.00672,0.00902,0.01057,0.05928,0.02029,0.02060
436,0.02010,0.05268,0.02780,0.01980,0.03113,0.00767,0.02155,0.22882,0.02653,0.00865,0.03539,0.02505,0.00735,0.02186,0.00831,0.00767,0.02071,0.37771,0.01925,0.03197
437,0.11014,0.06069,0.16741,0.09663,0.00915,0.07501,0.03960,0.00729,0.02406,0.00329,0.01343,0.08929,0.00552,0.07459,0.01633,0.11635,0.05149,0.00608,0.00636,0.02729
438,0.02727,0.03648,0.00652,0.00640,0.01254,0.01615,0.02906,0.01648,0.35581,0.01912,0.03680,0.06433,0.00189,0.02432,0.23192,0.03445,0.04421,0.02085,0.00749,0.00793
439,0.00716,0.02021,0.01848,0.63219,0.02089,0.01650,0.01170,0.02565,0.09113,0.00502,0.01738,0.01612,0.00402,0.01100,0.00564,0.00507,0.00676,0.02322,0.04548,0.01636
440,0.01373,0.02832,0.02809,0.03181,0.02519,0.03038,0.01679,0.02627,0.03990,0.00759,0.03200,0.02160,0.00678,0.03136,0.56571,0.01042,0.01139,0.01850,0.03185,0.02233
441,0.05690,0.04289,0.10137,0.07408,0.02071,0.05500,0.05564,0.02558,0.00923,0.03476,0.05003,0.09969,0.00111,0.10380,0.02714,0.07174,0.07919,0.03308,0.02071,0.03736
442,0.04046,0.06430,0.00663,0.00653,0.11005,0.00257,0.06942,0.03945,0.02578,0.03727,0.07424,0.12322,0.00096,0.05478,0.06537,0.01928,0.09463,0.04988,0.03608,0.07910
443,0.01107,0.02345,0.02807,0.03756,0.04128,0.01149,0.55820,0.02424,0.02898,0.00703,0.03211,0.03423,0.00781,0.02398,0.02777,0.01329,0.01055,0.01215,0.02625,0.04052
444,0.00983,0.03735,0.00678,0.00871,0.01378,0.00595,0.01007,0.10455,0.18003,0.08927,0.09471,0.00784,0.00431,0.07790,0.11525,0.01139,0.05744,0.12986,0.00943,0.02557
445,0.07646,0.02449,0.02500,0.05131,0.00991,0.02512,0.10197,0.04585,0.08774,0.02860,0.05612,0.07741,0.00352,0.09517,0.10258,0.06982,0.03978,0.05144,0.00774,0.01996
446,0.03718,0.01609,0.02403,0.01195,0.01960,0.32946,0.06799,0.01781,0.07476,0.00899,0.02813,0.07705,0.00721,0.11247,0.02884,0.07135,0.00911,0.01498,0.01824,0.02476
447,0.10744,0.06270,0.02162,0.20569,0.01832,0.01495,0.05138,0.01883,0.03035,0.00913,0.05350,0.02289,0.00275,0.15810,0.01941,0.09321,0.05248,0.02294,0.01398,0.02034
448,0.02062,0.44353,0.04773,0.04841,0.03675,0.01101,0.02305,0.03845,0.04997,0.01067,0.03540,0.05678,0.01219,0.03836,0.00575,0.01235,0.01943,0.01545,0.01440,0.05970
449,0.02927,0.05166,0.00908,0.01995,0.04718,0.00559,0.14379,0.01451,0.01415,0.03007,0.06900,0.09161,0.00729,0.04478,0.07972,0.02245,0.06490,0.00733,0.23193,0.01576
450,0.02732,0.03264,0.03642,0.02450,0.02833,0.09468,0.02081,0.02859,0.04270,0.00979,0.04370,0.03678,0.00917,0.03361,0.01043,0.40755,0.04478,0.01449,0.02160,0.03211
