site,A,C,D,E,F,G,H,I,K,L,M,N,P,Q,R,S,T,V,W,Y
338,0.12737,0.01530,0.05417,0.11215,0.00397,0.14249,0.01616,0.00300,0.00540,0.00673,0.02484,0.12251,0.00221,0.10086,0.00148,0.12347,0.11935,0.00256,0.00166,0.01431
339,0.04256,0.08352,0.01843,0.00779,0.01134,0.00325,0.02773,0.02628,0.01843,0.00503,0.01420,0.02490,0.00895,0.01463,0.00300,0.00516,0.01022,0.64945,0.00579,0.01936
340,0.00253,0.01220,0.00619,0.00383,0.00650,0.00125,0.00919,0.31949,0.00675,0.03666,0.02181,0.00995,0.00364,0.00696,0.00145,0.00220,0.25457,0.28326,0.00331,0.00827
341,0.02300,0.13594,0.00192,0.04794,0.00213,0.06001,0.00259,0.00359,0.00271,0.07469,0.09412,0.02108,0.00089,0.08958,0.00074,0.13504,0.29536,0.00525,0.00093,0.00249
342,0.00357,0.00792,0.01209,0.00613,0.12894,0.00137,0.01562,0.36074,0.01525,0.01506,0.23518,0.01803,0.00485,0.01266,0.00178,0.00319,0.00302,0.01770,0.02214,0.11478
343,0.21755,0.47531,0.00602,0.00423,0.04346,0.00111,0.02812,0.00764,0.00730,0.00220,0.00655,0.03279,0.00432,0.00522,0.00125,0.11515,0.01757,0.01017,0.00306,0.01097
344,0.00806,0.01296,0.01989,0.01283,0.02209,0.00236,0.03388,0.05390,0.02313,0.00775,0.67995,0.02431,0.01066,0.01688,0.00544,0.00690,0.01557,0.00864,0.00766,0.02715
345,0.00599,0.01542,0.01555,0.01091,0.02687,0.00337,0.02430,0.02385,0.01449,0.00505,0.01160,0.02407,0.01255,0.01620,0.00339,0.00844,0.73924,0.00603,0.01179,0.02090
346,0.00434,0.00942,0.76812,0.00653,0.01647,0.00774,0.01567,0.02031,0.01823,0.00510,0.01437,0.03070,0.00895,0.01763,0.00288,0.00464,0.00754,0.00894,0.00597,0.02644
347,0.03787,0.01879,0.00825,0.00773,0.01146,0.00163,0.01774,0.04161,0.01534,0.00333,0.01116,0.01517,0.02140,0.02050,0.00232,0.01050,0.73187,0.00292,0.00538,0.01504
348,0.02746,0.02134,0.01675,0.01335,0.02384,0.00429,0.03041,0.00556,0.03020,0.00830,0.01968,0.02757,0.02738,0.07887,0.00630,0.00659,0.59992,0.00723,0.02552,0.01944
349,0.00499,0.01459,0.01724,0.01137,0.01681,0.00390,0.01672,0.02678,0.01780,0.00298,0.01286,0.02243,0.75475,0.02350,0.00333,0.00619,0.01071,0.00617,0.00735,0.01952
350,0.00422,0.00812,0.00752,0.00843,0.16039,0.00188,0.02171,0.01064,0.01298,0.01734,0.01200,0.01955,0.00640,0.01459,0.00256,0.00712,0.00659,0.00772,0.16143,0.50879
351,0.00603,0.01040,0.01081,0.01212,0.01492,0.74914,0.03158,0.02244,0.01885,0.00493,0.01408,0.02521,0.01085,0.01921,0.00368,0.00285,0.01081,0.00572,0.00754,0.01881
352,0.00489,0.01184,0.01598,0.00914,0.01663,0.00227,0.02629,0.09442,0.01231,0.20765,0.08461,0.03665,0.01807,0.40962,0.00287,0.00561,0.00823,0.00715,0.00880,0.01698
353,0.01469,0.01925,0.02655,0.01706,0.01804,0.00430,0.02029,0.02202,0.02450,0.01310,0.02177,0.02522,0.01678,0.68951,0.00369,0.00752,0.01271,0.00784,0.01282,0.02233
354,0.02392,0.01536,0.01980,0.01159,0.01764,0.00174,0.02963,0.12410,0.10446,0.01736,0.04013,0.04010,0.01143,0.03303,0.43388,0.01977,0.01637,0.00741,0.01053,0.02173
355,0.00334,0.02056,0.01745,0.01426,0.02427,0.00362,0.02614,0.06827,0.02662,0.00611,0.01714,0.03311,0.01289,0.02196,0.00555,0.00757,0.01480,0.63759,0.01135,0.02737
356,0.00744,0.01981,0.01480,0.01272,0.73809,0.00428,0.02700,0.02168,0.02006,0.00709,0.01626,0.02248,0.01075,0.02455,0.00505,0.00336,0.01293,0.00499,0.01070,0.01597
357,0.00909,0.02278,0.02360,0.05748,0.02926,0.00839,0.03308,0.03266,0.46614,0.00752,0.01938,0.03771,0.01373,0.02598,0.13401,0.00823,0.01656,0.00761,0.01411,0.03268
358,0.00945,0.02147,0.05408,0.51028,0.03362,0.02013,0.04016,0.03366,0.05050,0.01667,0.02925,0.04394,0.01372,0.02589,0.00774,0.01078,0.01705,0.01630,0.01835,0.02698
359,0.01925,0.02941,0.08878,0.01417,0.04241,0.01434,0.03989,0.05813,0.42664,0.01854,0.04033,0.01422,0.03262,0.04429,0.00400,0.01601,0.02327,0.01602,0.02495,0.03271
360,0.01160,0.05561,0.04575,0.01747,0.03882,0.00417,0.04943,0.06068,0.06312,0.00790,0.01513,0.09914,0.01711,0.03243,0.01333,0.01255,0.02939,0.29959,0.02657,0.10023
361,0.01205,0.08608,0.38301,0.01604,0.04216,0.00186,0.02887,0.04402,0.05792,0.01864,0.04847,0.01909,0.01564,0.05856,0.01253,0.01313,0.01403,0.03725,0.03986,0.05079
362,0.00175,0.02084,0.01863,0.02314,0.02836,0.00402,0.03487,0.01477,0.04211,0.01617,0.03895,0.02248,0.01468,0.03833,0.00860,0.08142,0.49475,0.00986,0.03987,0.04641
363,0.00816,0.02608,0.03309,0.01341,0.04877,0.00924,0.03688,0.03455,0.03416,0.01165,0.01757,0.04055,0.01374,0.02008,0.55112,0.00901,0.01507,0.00906,0.02929,0.03850
364,0.10021,0.03381,0.02098,0.00606,0.02134,0.00332,0.02022,0.12292,0.01708,0.00966,0.07765,0.03845,0.00521,0.01194,0.00287,0.00667,0.08792,0.38565,0.00906,0.01898
365,0.04306,0.17557,0.02904,0.01959,0.02713,0.00552,0.01586,0.02069,0.03276,0.01812,0.02205,0.17645,0.25700,0.01464,0.00891,0.05885,0.01448,0.00948,0.01964,0.03116
366,0.02440,0.06239,0.26689,0.02014,0.02486,0.01543,0.12447,0.02310,0.02827,0.01673,0.02721,0.13768,0.02675,0.03002,0.00643,0.01865,0.01573,0.00972,0.02089,0.10023
367,0.02555,0.02800,0.02385,0.02823,0.03856,0.00681,0.01849,0.04225,0.04269,0.00382,0.08768,0.03401,0.48956,0.01739,0.00524,0.00698,0.02641,0.01223,0.03504,0.02721
368,0.02440,0.08677,0.00591,0.00655,0.00621,0.12934,0.22901,0.00645,0.08409,0.00246,0.01807,0.10448,0.00147,0.13423,0.06204,0.08128,0.00286,0.00243,0.00565,0.00629
369,0.04706,0.03955,0.05068,0.06500,0.04217,0.03419,0.04008,0.05051,0.06205,0.04689,0.04945,0.08801,0.09584,0.03900,0.05579,0.05374,0.03323,0.05143,0.02612,0.02920
370,0.00798,0.01475,0.01126,0.04854,0.03227,0.53342,0.03123,0.03101,0.04475,0.01197,0.04948,0.03616,0.01386,0.03713,0.00678,0.00471,0.01661,0.00841,0.02568,0.03401
371,0.01475,0.04056,0.04090,0.02621,0.07963,0.01086,0.02534,0.01007,0.03785,0.01106,0.03407,0.05627,0.01000,0.03648,0.00785,0.02423,0.44709,0.01313,0.02122,0.05243
372,0.02774,0.01774,0.00554,0.00553,0.00740,0.00187,0.00784,0.07367,0.11690,0.05944,0.00820,0.00768,0.00528,0.32672,0.19861,0.00692,0.03451,0.07607,0.00518,0.00718
373,0.08743,0.03017,0.02370,0.06651,0.06478,0.00525,0.04961,0.07470,0.05056,0.05056,0.06797,0.09627,0.00495,0.05326,0.05353,0.03048,0.08722,0.05971,0.01344,0.02990
374,0.14342,0.39187,0.01510,0.00932,0.01718,0.00216,0.01853,0.01960,0.01717,0.01477,0.01363,0.02789,0.01038,0.01731,0.00363,0.02435,0.09262,0.12420,0.00824,0.02864
375,0.02292,0.05167,0.05285,0.04041,0.04157,0.00855,0.03249,0.06458,0.03003,0.00716,0.37692,0.05700,0.01618,0.05929,0.00668,0.01863,0.04654,0.01076,0.02081,0.03496
376,0.05616,0.04222,0.00324,0.09563,0.07582,0.04615,0.06778,0.00766,0.06311,0.04523,0.05440,0.05930,0.00156,0.07189,0.06356,0.05202,0.05762,0.02223,0.05548,0.05894
377,0.04719,0.03348,0.00642,0.00563,0.02269,0.00162,0.03638,0.11665,0.09431,0.09444,0.20150,0.01843,0.00278,0.07498,0.04956,0.01619,0.03620,0.03350,0.00733,0.10072
378,0.14888,0.22627,0.01642,0.00604,0.01277,0.00288,0.01135,0.01165,0.00978,0.00360,0.00900,0.01225,0.00376,0.01164,0.00236,0.01452,0.30852,0.16858,0.00691,0.01283
379,0.31822,0.03788,0.02316,0.01583,0.03817,0.01765,0.02133,0.01552,0.01896,0.00726,0.02030,0.02778,0.00442,0.01853,0.00745,0.31423,0.00691,0.01051,0.01871,0.05719
380,0.05038,0.04282,0.05368,0.12405,0.00532,0.06076,0.03471,0.03072,0.04903,0.05360,0.04363,0.10707,0.00067,0.10014,0.05457,0.06231,0.06687,0.03042,0.01699,0.01225
381,0.01743,0.02287,0.03923,0.01817,0.19522,0.01206,0.03590,0.04477,0.02594,0.00913,0.02199,0.05786,0.01289,0.02358,0.00473,0.00781,0.05295,0.00986,0.34168,0.04592
382,0.00413,0.02525,0.01021,0.00762,0.33030,0.00316,0.00826,0.01350,0.00852,0.13879,0.11804,0.01435,0.00543,0.00658,0.00248,0.00283,0.00749,0.01411,0.00686,0.27207
383,0.01168,0.01653,0.02234,0.01473,0.01983,0.00460,0.02462,0.02572,0.02242,0.00962,0.01912,0.02129,0.01437,0.03032,0.00554,0.00839,0.01000,0.00739,0.69026,0.02124
384,0.07329,0.04767,0.07453,0.04413,0.03233,0.07662,0.03836,0.04621,0.05895,0.04492,0.03582,0.08349,0.00128,0.07055,0.04928,0.06678,0.07189,0.04213,0.01524,0.02655
385,0.06035,0.05000,0.01942,0.14102,0.01706,0.01091,0.11664,0.04234,0.02143,0.03852,0.06241,0.08683,0.00361,0.11697,0.01978,0.03704,0.05885,0.06013,0.01409,0.02259
386,0.01224,0.03281,0.03230,0.02167,0.08777,0.00735,0.01449,0.11757,0.02060,0.33345,0.08149,0.03347,0.01021,0.01561,0.00859,0.00917,0.01281,0.06954,0.01530,0.06356
387,0.07770,0.03317,0.02412,0.00975,0.03193,0.40667,0.05161,0.03517,0.03268,0.00984,0.02563,0.03399,0.01588,0.03988,0.01403,0.08563,0.01605,0.00975,0.01124,0.03525
388,0.07177,0.02512,0.00714,0.03837,0.01150,0.01709,0.07494,0.03754,0.15036,0.04474,0.04730,0.03594,0.00312,0.07546,0.13072,0.06809,0.07428,0.04979,0.00363,0.03310
389,0.04472,0.03392,0.05938,0.04180,0.02638,0.04206,0.07187,0.00896,0.14875,0.00585,0.02234,0.09055,0.00136,0.05842,0.09860,0.07510,0.05539,0.02621,0.02277,0.06557
390,0.00938,0.01489,0.02302,0.02245,0.01899,0.00600,0.02695,0.01645,0.52589,0.01266,0.02538,0.02672,0.00692,0.02947,0.16747,0.00521,0.00867,0.02715,0.00975,0.01656
391,0.06486,0.05797,0.01712,0.03273,0.03259,0.00450,0.06514,0.03699,0.12069,0.01530,0.02274,0.02902,0.01101,0.08364,0.11063,0.07046,0.10272,0.07107,0.00065,0.05019
392,0.03771,0.03421,0.01915,0.01802,0.05008,0.00668,0.01726,0.02482,0.03963,0.02478,0.02954,0.03885,0.47718,0.03998,0.00589,0.01693,0.05667,0.00761,0.02273,0.03230
393,0.01467,0.02722,0.02702,0.04281,0.04853,0.00695,0.04338,0.03942,0.04741,0.02208,0.05193,0.03461,0.00987,0.02512,0.46503,0.00904,0.01691,0.01362,0.02024,0.03415
394,0.00047,0.01952,0.00079,0.00654,0.02716,0.00170,0.00987,0.10586,0.22883,0.08021,0.11016,0.01263,0.02916,0.10305,0.08326,0.00339,0.03701,0.12187,0.00786,0.01065
395,0.01312,0.33527,0.02228,0.03149,0.04051,0.00687,0.05140,0.02308,0.05940,0.11787,0.16001,0.02684,0.01353,0.04408,0.00462,0.00828,0.01427,0.01313,0.00995,0.00399
396,0.00265,0.03818,0.03449,0.03925,0.03634,0.07416,0.02635,0.01297,0.06939,0.01267,0.03763,0.02851,0.00901,0.03209,0.01374,0.16509,0.25780,0.04760,0.02180,0.04027
397,0.04350,0.02627,0.03934,0.00524,0.02089,0.00580,0.03918,0.05034,0.22142,0.00987,0.02891,0.02936,0.11404,0.05211,0.22809,0.01954,0.01597,0.01281,0.01668,0.02066
398,0.08381,0.00590,0.05423,0.06866,0.04216,0.04184,0.08687,0.05749,0.03730,0.05327,0.06492,0.04793,0.00780,0.08087,0.04247,0.04869,0.06355,0.03553,0.03746,0.03922
399,0.00921,0.03564,0.05680,0.41586,0.04034,0.00461,0.04729,0.06923,0.02900,0.00951,0.04011,0.04868,0.01746,0.07409,0.01004,0.01005,0.01954,0.00875,0.01480,0.03900
400,0.01014,0.02391,0.02489,0.01898,0.24603,0.00611,0.02849,0.02597,0.01742,0.00643,0.02031,0.01948,0.00880,0.01866,0.00562,0.00233,0.01122,0.01183,0.45633,0.03706
401,0.02063,0.12249,0.00958,0.01252,0.00953,0.00409,0.01825,0.11147,0.08010,0.06177,0.25511,0.02187,0.00507,0.03059,0.04784,0.00765,0.04186,0.11849,0.00749,0.01358
402,0.13146,0.02966,0.00558,0.01074,0.02976,0.05867,0.05053,0.02183,0.11852,0.04299,0.04367,0.04558,0.00351,0.06525,0.15844,0.06429,0.04215,0.05116,0.01466,0.01158
403,0.01382,0.11110,0.08287,0.01111,0.11688,0.01028,0.06394,0.08859,0.17050,0.02091,0.02042,0.04139,0.01782,0.02848,0.00513,0.01617,0.02979,0.02664,0.04377,0.08039
404,0.00570,0.05144,0.02683,0.01951,0.03579,0.00383,0.06364,0.15341,0.03361,0.16481,0.08447,0.04942,0.00841,0.03275,0.00776,0.01465,0.02664,0.15678,0.02353,0.03702
405,0.01388,0.02510,0.05919,0.04361,0.05727,0.01273,0.00763,0.05244,0.07574,0.02241,0.06782,0.05568,0.01274,0.05106,0.32232,0.01279,0.02395,0.01798,0.03138,0.03428
406,0.05129,0.06923,0.07789,0.02618,0.01820,0.03911,0.16327,0.01786,0.14979,0.00802,0.03135,0.03215,0.00922,0.03706,0.07572,0.07553,0.04276,0.02843,0.01019,0.03676
407,0.01774,0.05672,0.01147,0.01858,0.07920,0.01094,0.05699,0.02339,0.01731,0.01010,0.01585,0.34576,0.01180,0.03112,0.00965,0.00901,0.18340,0.01354,0.02354,0.05388
408,0.30798,0.02083,0.01592,0.01932,0.01335,0.00531,0.01557,0.01954,0.02457,0.00576,0.28842,0.02122,0.00974,0.05671,0.00554,0.11036,0.01348,0.00820,0.01733,0.02084
409,0.32580,0.05814,0.02065,0.03994,0.04147,0.01617,0.03383,0.03528,0.04132,0.01612,0.05658,0.04548,0.01401,0.09706,0.00881,0.05166,0.01486,0.01331,0.03954,0.02998
410,0.00869,0.04159,0.03404,0.02494,0.02632,0.00655,0.02007,0.12604,0.04335,0.21799,0.17287,0.03504,0.00702,0.00936,0.00568,0.01128,0.01236,0.14965,0.01407,0.03311
411,0.01880,0.03451,0.04673,0.02046,0.03070,0.32650,0.04889,0.03847,0.09589,0.00970,0.04081,0.05488,0.01846,0.07077,0.00348,0.01387,0.02055,0.03472,0.02731,0.04450
412,0.30005,0.02570,0.04681,0.03522,0.03139,0.02102,0.02511,0.04576,0.07725,0.01054,0.05395,0.08226,0.01669,0.08849,0.01027,0.02487,0.00474,0.01436,0.04251,0.04299
413,0.00889,0.15178,0.02145,0.01515,0.01489,0.00850,0.01703,0.19781,0.02396,0.00461,0.01963,0.01572,0.00804,0.01494,0.00512,0.00684,0.03490,0.40905,0.00833,0.01336
414,0.01556,0.02307,0.03150,0.03452,0.42956,0.00906,0.02930,0.03621,0.04685,0.01850,0.03169,0.04858,0.01236,0.04261,0.00961,0.01200,0.01903,0.01224,0.02006,0.11770
415,0.10630,0.01051,0.01265,0.20246,0.00967,0.00173,0.01297,0.01256,0.10938,0.00319,0.01320,0.09345,0.00692,0.18192,0.04859,0.07752,0.06641,0.01056,0.00881,0.01121
416,0.02945,0.01567,0.03385,0.64011,0.01609,0.00945,0.01787,0.02084,0.06095,0.00501,0.02162,0.02690,0.00720,0.01535,0.00553,0.00599,0.00994,0.02529,0.01401,0.01889
417,0.00784,0.01229,0.06083,0.65130,0.01576,0.02214,0.01795,0.02242,0.04231,0.00544,0.02099,0.02470,0.00696,0.02728,0.00538,0.00679,0.01133,0.00613,0.01104,0.02113
418,0.01315,0.01712,0.02829,0.01092,0.02549,0.01083,0.02071,0.07056,0.45012,0.00739,0.04090,0.07126,0.00781,0.04871,0.08232,0.00773,0.03266,0.01033,0.01660,0.02709
419,0.05767,0.09699,0.00720,0.03294,0.00764,0.01388,0.09110,0.10351,0.04499,0.07883,0.05868,0.05212,0.00133,0.11349,0.02223,0.06645,0.04641,0.05703,0.00305,0.04445
420,0.01514,0.03584,0.04404,0.02740,0.15200,0.01516,0.02162,0.02966,0.03064,0.01260,0.02887,0.02847,0.01239,0.03091,0.00512,0.01013,0.01519,0.01139,0.45698,0.01645
421,0.08481,0.03922,0.10681,0.01908,0.01809,0.02593,0.06195,0.02527,0.10599,0.02171,0.03361,0.12380,0.01153,0.06073,0.04343,0.07514,0.07563,0.05644,0.00379,0.00706
422,0.00788,0.03390,0.02422,0.02186,0.01587,0.01011,0.02015,0.02057,0.01979,0.00556,0.01069,0.12161,0.00339,0.02060,0.00563,0.20189,0.41503,0.00943,0.01413,0.01768
423,0.39732,0.10902,0.02279,0.02685,0.03105,0.00769,0.03443,0.03172,0.03899,0.00876,0.03656,0.04564,0.01387,0.04085,0.00805,0.06362,0.00731,0.01201,0.02753,0.03592
424,0.04832,0.01458,0.00781,0.01785,0.06924,0.05862,0.08902,0.02742,0.16067,0.02326,0.00921,0.02342,0.00168,0.04745,0.08913,0.07595,0.11356,0.04414,0.02057,0.05812
425,0.04877,0.02696,0.14695,0.30354,0.02352,0.01711,0.02887,0.02037,0.02467,0.00691,0.01436,0.01833,0.01035,0.17958,0.00488,0.05495,0.01359,0.02134,0.01505,0.01989
426,0.57900,0.02091,0.04179,0.02549,0.02393,0.00819,0.02891,0.02747,0.03198,0.00880,0.02632,0.03296,0.00911,0.03288,0.00788,0.01950,0.00948,0.00990,0.02433,0.03119
427,0.02293,0.07860,0.00951,0.00977,0.00911,0.00192,0.00835,0.44060,0.01106,0.06017,0.02700,0.01141,0.00354,0.00648,0.00265,0.00257,0.03064,0.24390,0.01055,0.00925
428,0.04410,0.01786,0.00056,0.00482,0.04993,0.03120,0.19363,0.01455,0.06865,0.01051,0.01411,0.10453,0.00181,0.05873,0.21731,0.02876,0.02849,0.01857,0.03374,0.05814
429,0.04076,0.26212,0.23507,0.01375,0.00718,0.00069,0.03211,0.00903,0.00902,0.00236,0.00908,0.01282,0.00291,0.00837,0.00306,0.29084,0.00387,0.00375,0.00709,0.04611
430,0.06933,0.03932,0.04501,0.04700,0.01980,0.05084,0.05195,0.03580,0.07066,0.03564,0.03096,0.06987,0.07666,0.06324,0.05248,0.06241,0.06218,0.04961,0.02886,0.03835
431,0.03642,0.01504,0.01209,0.02165,0.01240,0.04286,0.03428,0.01470,0.26017,0.00998,0.02704,0.04920,0.00378,0.03681,0.35985,0.02373,0.01184,0.00716,0.00590,0.01509
432,0.04510,0.03836,0.05191,0.02238,0.46029,0.01581,0.02627,0.03191,0.01985,0.02955,0.02076,0.03291,0.02228,0.02217,0.00671,0.00456,0.01428,0.07173,0.01973,0.04342
433,0.01115,0.02666,0.03368,0.02395,0.03813,0.01574,0.03331,0.03237,0.01640,0.01252,0.02297,0.03106,0.01080,0.02471,0.00381,0.01033,0.01159,0.01210,0.59873,0.03001
434,0.08246,0.05656,0.03286,0.03109,0.03139,0.06818,0.08342,0.03754,0.03343,0.06268,0.04934,0.09955,0.00108,0.06778,0.05042,0.06653,0.04820,0.04471,0.00724,0.04552
435,0.00778,0.01794,0.01910,0.02230,0.01185,0.00758,0.01107,0.13357,0.01987,0.57145,0.02536,0.01425,0.00259,0.01202,0.00867,0.00677,0.00804,0.06897,0.01527,0.01554
436,0.02096,0.05107,0.02058,0.01449,0.02283,0.00591,0.01593,0.23720,0.01947,0.00695,0.04755,0.01833,0.00541,0.01594,0.00611,0.00560,0.02331,0.42468,0.01408,0.02361
437,0.11840,0.05404,0.16910,0.09903,0.00728,0.07267,0.04567,0.00492,0.02477,0.00247,0.01328,0.07858,0.00373,0.07706,0.01781,0.12515,0.05179,0.00478,0.00443,0.02505
438,0.02813,0.03593,0.00432,0.00396,0.00910,0.01302,0.02872,0.01466,0.36084,0.01960,0.03064,0.06645,0.00118,0.02321,0.23775,0.03322,0.04736,0.02302,0.01027,0.00859
439,0.00465,0.01517,0.01910,0.72122,0.01554,0.01571,0.00874,0.01925,0.06128,0.00376,0.01291,0.01199,0.00300,0.00821,0.00420,0.00377,0.00503,0.02023,0.03400,0.01223
440,0.01045,0.02153,0.02139,0.02396,0.01911,0.02686,0.01277,0.02636,0.02526,0.00578,0.02423,0.01640,0.00516,0.02407,0.66458,0.00887,0.00803,0.01407,0.02417,0.01697
441,0.05762,0.04505,0.09460,0.07357,0.02177,0.05706,0.05528,0.02379,0.01100,0.03463,0.04902,0.10471,0.00071,0.09982,0.02807,0.07536,0.07880,0.03203,0.01935,0.03777
442,0.04421,0.06382,0.00507,0.00412,0.10940,0.00225,0.06968,0.03775,0.03077,0.03871,0.06990,0.11893,0.00059,0.05224,0.06635,0.01962,0.09905,0.05187,0.03638,0.07929
443,0.00841,0.01780,0.02460,0.02861,0.03149,0.00873,0.65420,0.01839,0.02196,0.00535,0.02448,0.03020,0.00596,0.02128,0.02951,0.01007,0.00801,0.00924,0.01990,0.02181
444,0.01231,0.03705,0.00456,0.00727,0.01487,0.00579,0.00713,0.11137,0.18054,0.09122,0.08569,0.00527,0.00368,0.07873,0.12029,0.01279,0.05516,0.12923,0.00690,0.03017
445,0.07313,0.02403,0.02530,0.04518,0.00717,0.02365,0.10249,0.04418,0.09289,0.03101,0.05608,0.07953,0.00217,0.09668,0.10544,0.07188,0.04373,0.05230,0.00480,0.01834
446,0.03626,0.01107,0.01994,0.00608,0.02279,0.33619,0.06870,0.01231,0.06709,0.00683,0.02670,0.08589,0.00499,0.13000,0.02964,0.07457,0.00630,0.01307,0.01271,0.02888
447,0.10938,0.05781,0.01245,0.21043,0.02046,0.01249,0.04754,0.01681,0.03289,0.00700,0.05277,0.02500,0.00195,0.16225,0.01836,0.09041,0.05739,0.02937,0.01477,0.02047
448,0.01620,0.54681,0.03772,0.03825,0.03044,0.00762,0.01804,0.03021,0.03981,0.00841,0.02794,0.04452,0.00956,0.03032,0.00525,0.00974,0.01531,0.01219,0.01357,0.05805
449,0.03133,0.04922,0.00669,0.01284,0.04151,0.00376,0.15218,0.01506,0.00899,0.03415,0.05850,0.12100,0.00292,0.04099,0.08404,0.02489,0.06873,0.00671,0.22164,0.01482
450,0.02385,0.02909,0.03230,0.01882,0.02176,0.13079,0.01595,0.02958,0.03283,0.00750,0.03356,0.01500,0.00704,0.02580,0.00906,0.46840,0.04631,0.01113,0.01661,0.02463
