site,A,C,D,E,F,G,H,I,K,L,M,N,P,Q,R,S,T,V,W,Y
338,0.10371,0.01737,0.05036,0.12179,0.00715,0.14636,0.01934,0.00508,0.00808,0.00779,0.02232,0.10133,0.00299,0.11470,0.00385,0.12841,0.11276,0.00331,0.00175,0.02155
339,0.05372,0.05810,0.02459,0.01292,0.01887,0.00777,0.04575,0.01401,0.03056,0.00663,0.02360,0.04101,0.01478,0.02426,0.00496,0.00855,0.01687,0.55116,0.00958,0.03230
340,0.00747,0.01396,0.01402,0.00868,0.01478,0.00281,0.02078,0.21555,0.01973,0.00543,0.01848,0.02255,0.00794,0.01576,0.00327,0.00616,0.31240,0.26392,0.00754,0.01877
341,0.02380,0.11361,0.00463,0.05000,0.00485,0.06831,0.00557,0.00536,0.00652,0.08337,0.08154,0.03250,0.00213,0.08497,0.00089,0.13343,0.28712,0.00326,0.00215,0.00599
342,0.00647,0.01426,0.02212,0.01115,0.14616,0.00248,0.02800,0.32877,0.01836,0.00559,0.21053,0.03281,0.00878,0.02290,0.00322,0.00579,0.00509,0.00245,0.01517,0.10988
343,0.20886,0.40172,0.00629,0.00786,0.06259,0.00268,0.04461,0.01443,0.01344,0.00405,0.01207,0.05324,0.00554,0.00972,0.00233,0.12342,0.00725,0.00178,0.00568,0.01243
344,0.01273,0.02050,0.03155,0.02030,0.03501,0.00375,0.05373,0.06452,0.03839,0.00738,0.54970,0.03841,0.01682,0.02662,0.00627,0.01088,0.00434,0.00397,0.01209,0.04304
345,0.00339,0.02398,0.02426,0.01691,0.04163,0.00524,0.03777,0.03496,0.02256,0.00787,0.01807,0.03730,0.02226,0.02516,0.00527,0.01351,0.59960,0.00939,0.01827,0.03262
346,0.00662,0.01576,0.64991,0.01091,0.02750,0.01288,0.02618,0.03392,0.03045,0.00852,0.02398,0.01544,0.01495,0.02941,0.00481,0.00775,0.01259,0.02015,0.00997,0.03829
347,0.00293,0.01779,0.01514,0.01414,0.02102,0.00300,0.03248,0.00969,0.02837,0.00611,0.02050,0.02599,0.03749,0.03764,0.00427,0.01963,0.66137,0.00536,0.00947,0.02760
348,0.00343,0.03444,0.02695,0.02148,0.03844,0.00691,0.04905,0.00894,0.03982,0.01336,0.03168,0.04431,0.01505,0.12714,0.01012,0.01061,0.43441,0.01164,0.04097,0.03125
349,0.00827,0.02410,0.02858,0.01882,0.02791,0.00646,0.02766,0.04440,0.02945,0.00493,0.02130,0.03715,0.62007,0.02072,0.00552,0.00543,0.01453,0.01021,0.01218,0.03230
350,0.00775,0.00473,0.01383,0.01557,0.16293,0.00347,0.00843,0.01952,0.02396,0.00767,0.02198,0.02291,0.01177,0.02692,0.00471,0.00842,0.01208,0.01128,0.14878,0.46328
351,0.00975,0.01683,0.01121,0.01964,0.02417,0.60189,0.05103,0.03639,0.03052,0.00798,0.02283,0.04073,0.01755,0.03113,0.00536,0.00461,0.01750,0.00819,0.01220,0.03049
352,0.01030,0.02495,0.03379,0.01798,0.03534,0.00479,0.03878,0.10730,0.02324,0.09007,0.04452,0.04213,0.01571,0.41212,0.00313,0.01183,0.01745,0.01206,0.01867,0.03583
353,0.01756,0.03036,0.04162,0.02700,0.02845,0.00679,0.03222,0.03487,0.03471,0.01041,0.03456,0.03974,0.01453,0.54120,0.00584,0.01188,0.02016,0.01241,0.02031,0.03539
354,0.01395,0.02723,0.03517,0.02066,0.03136,0.00218,0.04025,0.16729,0.02939,0.01102,0.02829,0.04954,0.02045,0.03043,0.37747,0.02671,0.02386,0.00983,0.01603,0.03887
355,0.01124,0.02985,0.02524,0.02057,0.02377,0.00771,0.03806,0.11650,0.03894,0.00894,0.02512,0.04803,0.01867,0.03228,0.00804,0.01099,0.02136,0.45838,0.01649,0.03980
356,0.01203,0.01990,0.02394,0.02056,0.59187,0.00692,0.04370,0.02768,0.03247,0.01292,0.02630,0.03632,0.01738,0.03969,0.00817,0.00543,0.02095,0.00808,0.01730,0.02839
357,0.01473,0.03629,0.03801,0.12379,0.04706,0.00993,0.05382,0.03799,0.36599,0.01216,0.03069,0.02373,0.02176,0.03811,0.02301,0.01321,0.02122,0.01243,0.02293,0.05313
358,0.02854,0.02952,0.04440,0.34351,0.04602,0.05591,0.05619,0.04751,0.03027,0.01942,0.04106,0.06034,0.01903,0.03584,0.01072,0.01495,0.02349,0.03118,0.02518,0.03693
359,0.02574,0.03919,0.11918,0.00402,0.05642,0.01827,0.05305,0.05593,0.27114,0.02463,0.05382,0.01891,0.04342,0.04335,0.01006,0.02126,0.04359,0.02133,0.03327,0.04343
360,0.01879,0.06681,0.05485,0.01340,0.04664,0.00499,0.05919,0.07273,0.07555,0.00745,0.00948,0.11449,0.02052,0.03891,0.01596,0.01506,0.03524,0.17774,0.03186,0.12033
361,0.00957,0.11257,0.24901,0.01819,0.05535,0.00131,0.03820,0.05789,0.07625,0.02467,0.06435,0.00717,0.02066,0.07652,0.01654,0.01725,0.01842,0.02070,0.05306,0.06231
362,0.00249,0.02969,0.02657,0.03313,0.04051,0.00575,0.04947,0.02657,0.06094,0.02309,0.05540,0.02805,0.01584,0.05457,0.01231,0.05085,0.34729,0.01412,0.05738,0.06599
363,0.01193,0.03826,0.04846,0.01964,0.07121,0.00198,0.05420,0.05060,0.01880,0.01708,0.02147,0.05952,0.02020,0.02936,0.40725,0.02431,0.01862,0.01323,0.01719,0.05668
364,0.08031,0.03563,0.03489,0.00897,0.03418,0.00287,0.03336,0.15857,0.02822,0.00584,0.04163,0.06140,0.00849,0.01948,0.00470,0.01089,0.07322,0.31170,0.01463,0.03101
365,0.03146,0.22681,0.03794,0.02575,0.03547,0.00629,0.02069,0.02622,0.04286,0.02976,0.02882,0.15105,0.16968,0.01882,0.00905,0.05009,0.01007,0.01237,0.02596,0.04084
366,0.01206,0.05665,0.20890,0.00841,0.03866,0.01621,0.15015,0.03735,0.04114,0.01469,0.04031,0.05580,0.03114,0.04613,0.01000,0.01834,0.02427,0.01273,0.03461,0.14244
367,0.03251,0.03711,0.03174,0.03795,0.05148,0.00906,0.02911,0.05627,0.05649,0.00511,0.11536,0.04538,0.32454,0.02322,0.00783,0.01235,0.02507,0.01635,0.04658,0.03648
368,0.03178,0.11079,0.01149,0.01281,0.01213,0.08802,0.22431,0.01247,0.06861,0.00649,0.01972,0.10508,0.00619,0.12928,0.07285,0.05465,0.00555,0.00472,0.01096,0.01211
369,0.03909,0.03109,0.06399,0.07180,0.03464,0.03528,0.03542,0.05055,0.05115,0.05558,0.04649,0.08613,0.10758,0.04830,0.04511,0.05489,0.03817,0.04970,0.02334,0.03170
370,0.01105,0.02043,0.00648,0.06703,0.04477,0.36339,0.04308,0.04298,0.06183,0.01658,0.06859,0.05003,0.01921,0.05147,0.00938,0.00652,0.02293,0.01166,0.03554,0.04704
371,0.00341,0.05410,0.05534,0.03533,0.10544,0.01478,0.03476,0.00732,0.05170,0.01508,0.04638,0.07187,0.01361,0.04924,0.01068,0.01522,0.29791,0.01767,0.02893,0.07121
372,0.04196,0.03673,0.01005,0.01009,0.01366,0.00329,0.00555,0.02817,0.12179,0.06215,0.01315,0.01404,0.00903,0.29852,0.17850,0.01561,0.04644,0.06890,0.00953,0.01283
373,0.08242,0.02880,0.03704,0.07425,0.04056,0.00743,0.05115,0.08635,0.04002,0.04179,0.09222,0.09487,0.00409,0.05270,0.03177,0.04208,0.07263,0.05412,0.01836,0.04733
374,0.10940,0.35847,0.02384,0.01283,0.02468,0.00252,0.02787,0.02969,0.02689,0.02456,0.02156,0.04318,0.01616,0.02578,0.00582,0.02583,0.06792,0.09606,0.01327,0.04366
375,0.03124,0.06182,0.07285,0.05525,0.05686,0.01056,0.04448,0.06607,0.04144,0.00822,0.25641,0.07750,0.02227,0.06535,0.00912,0.02030,0.00656,0.01746,0.02869,0.04753
376,0.07669,0.04119,0.00818,0.06723,0.10447,0.05113,0.04753,0.00948,0.03952,0.04392,0.07240,0.05931,0.00316,0.03576,0.06486,0.05246,0.06080,0.02431,0.06547,0.07213
377,0.05814,0.03111,0.01094,0.00821,0.01683,0.00275,0.04897,0.10045,0.14925,0.07148,0.16694,0.02150,0.00470,0.07210,0.04035,0.01305,0.04196,0.02571,0.00942,0.10614
378,0.13577,0.24903,0.03132,0.01039,0.02975,0.00621,0.01967,0.00519,0.01648,0.00577,0.01538,0.02105,0.00644,0.01979,0.00404,0.01604,0.22913,0.14507,0.01157,0.02191
379,0.21601,0.05792,0.03516,0.02434,0.04122,0.02446,0.03234,0.02348,0.02887,0.01104,0.03071,0.04200,0.02698,0.02789,0.01124,0.23332,0.01695,0.01603,0.02870,0.07136
380,0.05578,0.04529,0.06987,0.11113,0.00828,0.05193,0.03486,0.02337,0.03868,0.06491,0.02866,0.12378,0.00125,0.11311,0.04794,0.05779,0.06349,0.03104,0.01258,0.01628
381,0.02304,0.02764,0.05115,0.02381,0.18686,0.01509,0.04501,0.05799,0.03376,0.01564,0.02850,0.07408,0.01671,0.03103,0.00816,0.01004,0.07087,0.01300,0.21811,0.04949
382,0.00755,0.03969,0.02068,0.01590,0.27250,0.00661,0.01702,0.02847,0.01762,0.13953,0.11950,0.03115,0.00102,0.00624,0.00368,0.00591,0.01630,0.01347,0.01459,0.22256
383,0.01811,0.02570,0.03448,0.02279,0.03080,0.00714,0.03818,0.04031,0.03467,0.01354,0.02970,0.03304,0.02226,0.04686,0.00352,0.01123,0.01550,0.01142,0.52783,0.03291
384,0.07655,0.04365,0.08718,0.04415,0.04509,0.07233,0.04520,0.04410,0.05553,0.03767,0.04077,0.07257,0.00246,0.06683,0.04731,0.05698,0.07249,0.04128,0.02120,0.02669
385,0.06021,0.04356,0.01252,0.12347,0.02656,0.01573,0.14512,0.04256,0.01931,0.02611,0.05415,0.09026,0.00628,0.11855,0.02239,0.03276,0.07142,0.05370,0.01425,0.02107
386,0.01808,0.04838,0.04695,0.03173,0.11953,0.01090,0.02137,0.09288,0.03043,0.24498,0.08093,0.04927,0.00237,0.01803,0.01752,0.01350,0.01892,0.05839,0.02199,0.05386
387,0.06351,0.04478,0.03215,0.01014,0.04278,0.27017,0.06919,0.04724,0.04314,0.01313,0.03414,0.04531,0.02127,0.05346,0.03415,0.08297,0.02148,0.00819,0.01514,0.04768
388,0.06065,0.03576,0.01190,0.02139,0.01651,0.02338,0.03545,0.07932,0.13202,0.04660,0.05838,0.03187,0.00552,0.07165,0.13918,0.05373,0.07125,0.04684,0.00646,0.05213
389,0.03925,0.03019,0.08522,0.02739,0.04334,0.05403,0.06342,0.01458,0.13775,0.00461,0.01987,0.08043,0.00248,0.08540,0.09707,0.07471,0.03967,0.02909,0.02021,0.05131
390,0.01599,0.02539,0.03917,0.00889,0.03230,0.01023,0.03611,0.02804,0.44753,0.02059,0.02302,0.05392,0.01177,0.02141,0.10720,0.00886,0.01833,0.04637,0.01663,0.02822
391,0.07364,0.04646,0.03093,0.01009,0.05091,0.00744,0.03588,0.04635,0.17249,0.01969,0.01501,0.03671,0.01229,0.06213,0.09354,0.05380,0.10823,0.07333,0.00109,0.04999
392,0.04524,0.04743,0.02659,0.02503,0.06961,0.00927,0.02395,0.03442,0.05512,0.02340,0.04108,0.05407,0.33044,0.03752,0.00818,0.00516,0.07654,0.01059,0.03150,0.04485
393,0.02004,0.01797,0.03685,0.05857,0.06617,0.00848,0.04591,0.05363,0.06462,0.01497,0.07085,0.04716,0.01693,0.03430,0.31657,0.01109,0.02308,0.01859,0.02765,0.04659
394,0.00316,0.01294,0.00229,0.01300,0.03798,0.00279,0.01968,0.06264,0.24740,0.08150,0.05734,0.02512,0.04335,0.08903,0.10390,0.00686,0.03179,0.12166,0.01601,0.02154
395,0.02084,0.25998,0.03504,0.04869,0.02534,0.00652,0.08071,0.03684,0.09358,0.06701,0.10361,0.04264,0.02145,0.06984,0.01636,0.00806,0.02274,0.02079,0.01365,0.00631
396,0.00251,0.04775,0.04244,0.05002,0.04508,0.08861,0.03290,0.00483,0.06491,0.01464,0.04778,0.02894,0.00879,0.04079,0.01328,0.16591,0.16315,0.06033,0.02680,0.05053
397,0.03502,0.03715,0.05691,0.02027,0.02926,0.00827,0.05501,0.07000,0.15608,0.01372,0.04093,0.01309,0.10307,0.03727,0.22395,0.01546,0.01683,0.01519,0.02349,0.02902
398,0.09519,0.01090,0.01739,0.06665,0.03148,0.04061,0.11493,0.06393,0.05319,0.05931,0.06841,0.03638,0.01312,0.05176,0.05351,0.04067,0.07758,0.03878,0.03213,0.03407
399,0.01225,0.04666,0.07030,0.29452,0.05343,0.00157,0.06250,0.09011,0.03245,0.01262,0.03894,0.06449,0.02335,0.06359,0.01064,0.01327,0.02594,0.01167,0.01957,0.05213
400,0.01484,0.03635,0.03708,0.02827,0.18390,0.00900,0.04263,0.03958,0.02629,0.00221,0.03017,0.02930,0.01318,0.02774,0.00836,0.00351,0.01689,0.01032,0.38804,0.05235
401,0.02942,0.13200,0.01500,0.01913,0.01230,0.00643,0.02768,0.08868,0.05058,0.05176,0.23597,0.04832,0.00795,0.03305,0.04111,0.00927,0.05563,0.10319,0.01151,0.02102
402,0.11825,0.03697,0.00412,0.01707,0.04738,0.05900,0.04799,0.03744,0.08797,0.05725,0.03696,0.04467,0.00730,0.02899,0.13873,0.06323,0.06475,0.05830,0.02250,0.02114
403,0.01909,0.09515,0.06863,0.00257,0.10255,0.01414,0.07192,0.08606,0.11394,0.02841,0.02642,0.06204,0.02399,0.04103,0.00119,0.02165,0.02191,0.03654,0.05829,0.10449
404,0.00558,0.04842,0.03870,0.02057,0.05257,0.00525,0.09297,0.09795,0.04910,0.12083,0.05334,0.07281,0.01238,0.04784,0.01135,0.02174,0.04060,0.11883,0.03454,0.05465
405,0.01691,0.00897,0.07227,0.05333,0.07067,0.01752,0.00791,0.06412,0.09205,0.02017,0.08292,0.06716,0.01557,0.06248,0.20346,0.01308,0.02931,0.02197,0.03830,0.04184
406,0.02076,0.02468,0.13354,0.03411,0.02992,0.01343,0.12852,0.02850,0.14143,0.01363,0.05299,0.03890,0.01261,0.04820,0.07128,0.06733,0.04200,0.03634,0.01750,0.04432
407,0.02373,0.07565,0.03123,0.02470,0.10456,0.01370,0.06857,0.03120,0.04376,0.01341,0.02108,0.22858,0.01578,0.04131,0.01285,0.00437,0.15333,0.01799,0.03123,0.04296
408,0.21961,0.02948,0.02274,0.03833,0.01845,0.00733,0.02120,0.02680,0.03513,0.00789,0.30640,0.02843,0.01034,0.03284,0.00781,0.11390,0.00367,0.01779,0.02376,0.02812
409,0.20695,0.07409,0.02628,0.05084,0.05281,0.02705,0.04300,0.04483,0.05258,0.02051,0.07192,0.05781,0.02369,0.11589,0.01120,0.01578,0.01138,0.00506,0.05018,0.03814
410,0.01456,0.07015,0.05686,0.04172,0.04406,0.01099,0.03365,0.06097,0.07252,0.17474,0.12672,0.05929,0.01446,0.01464,0.00584,0.01885,0.02057,0.08017,0.02356,0.05570
411,0.02347,0.04000,0.05339,0.06299,0.03512,0.18701,0.05734,0.04383,0.10439,0.01111,0.04662,0.06401,0.02110,0.08219,0.00853,0.01612,0.02345,0.03644,0.03196,0.05093
412,0.16999,0.03028,0.05519,0.03732,0.03682,0.02366,0.02971,0.05364,0.08503,0.01251,0.06359,0.09112,0.01958,0.09431,0.01213,0.01333,0.00557,0.06637,0.04965,0.05019
413,0.01752,0.06336,0.04221,0.02992,0.02938,0.01644,0.03339,0.18638,0.04677,0.00905,0.01651,0.03103,0.01587,0.02938,0.01003,0.01328,0.04319,0.32332,0.01655,0.02642
414,0.02231,0.04304,0.04511,0.04967,0.29980,0.01303,0.04227,0.04691,0.06730,0.01124,0.04538,0.07003,0.01781,0.06162,0.01388,0.01028,0.02734,0.02054,0.02878,0.06367
415,0.12380,0.01739,0.04959,0.16752,0.01584,0.00245,0.01636,0.02087,0.08123,0.00529,0.02197,0.09546,0.00917,0.12526,0.05588,0.08466,0.06343,0.01076,0.01453,0.01855
416,0.06273,0.02559,0.06352,0.51017,0.02626,0.00300,0.02924,0.03392,0.01619,0.00814,0.03514,0.04395,0.01174,0.02504,0.00903,0.00970,0.01619,0.01697,0.02273,0.03076
417,0.01874,0.02091,0.06190,0.53614,0.02675,0.00475,0.03055,0.03824,0.01722,0.00923,0.03582,0.04193,0.01189,0.04082,0.00917,0.01156,0.01927,0.01039,0.01861,0.03609
418,0.02174,0.02822,0.04654,0.02773,0.04191,0.01919,0.03314,0.03699,0.36853,0.01216,0.04699,0.01868,0.01288,0.05961,0.09157,0.01273,0.03205,0.01702,0.02745,0.04487
419,0.06297,0.11644,0.01339,0.03868,0.01103,0.00629,0.08520,0.09463,0.04841,0.07678,0.02572,0.05020,0.00322,0.08896,0.01686,0.08781,0.05506,0.06608,0.00549,0.04677
420,0.02181,0.04288,0.06358,0.03954,0.12504,0.01007,0.03118,0.04277,0.04418,0.01278,0.04167,0.04094,0.01788,0.04462,0.02064,0.01293,0.02192,0.01643,0.32541,0.02374
421,0.10601,0.04236,0.05681,0.00689,0.02594,0.02231,0.06659,0.02398,0.10701,0.02380,0.03619,0.10157,0.01368,0.07464,0.06072,0.04159,0.08625,0.08246,0.00801,0.01320
422,0.00169,0.04892,0.03718,0.03323,0.02406,0.01328,0.03115,0.03121,0.03098,0.00837,0.02860,0.12841,0.00514,0.03141,0.01162,0.15606,0.31595,0.01442,0.02151,0.02682
423,0.26354,0.09889,0.03895,0.03638,0.04217,0.00860,0.04678,0.04313,0.05287,0.01187,0.04937,0.06203,0.01290,0.05549,0.01091,0.04872,0.01174,0.01968,0.03732,0.04867
424,0.03186,0.01211,0.01183,0.01431,0.06851,0.04321,0.08635,0.03136,0.18723,0.01894,0.01792,0.01995,0.00351,0.02298,0.08797,0.09045,0.12853,0.04910,0.02280,0.05107
425,0.06068,0.04141,0.03706,0.25847,0.04068,0.00434,0.03930,0.03482,0.00679,0.01083,0.02519,0.02768,0.01806,0.19674,0.00847,0.07355,0.02116,0.03423,0.02622,0.03432
426,0.41602,0.03035,0.06224,0.03725,0.03492,0.01190,0.04210,0.03999,0.04671,0.01279,0.03866,0.04784,0.01328,0.04793,0.01142,0.01085,0.00736,0.00706,0.03538,0.04596
427,0.00774,0.07159,0.01479,0.00803,0.01396,0.00276,0.01294,0.46345,0.01722,0.04333,0.06622,0.01790,0.00539,0.00996,0.00407,0.00398,0.01546,0.19062,0.01646,0.01413
428,0.03314,0.01776,0.00100,0.00929,0.06589,0.03644,0.11680,0.01697,0.08703,0.00666,0.00968,0.09779,0.00350,0.07646,0.28908,0.03415,0.02185,0.01402,0.03081,0.03167
429,0.01614,0.24856,0.23739,0.00883,0.01461,0.00140,0.02714,0.01831,0.01838,0.00481,0.01851,0.03236,0.00591,0.01365,0.00622,0.27167,0.00705,0.00609,0.01440,0.02855
430,0.06857,0.02667,0.03117,0.02885,0.02371,0.05305,0.04481,0.03672,0.08359,0.04224,0.04578,0.07070,0.07237,0.05643,0.06496,0.05816,0.06124,0.05129,0.04664,0.03304
431,0.02345,0.02600,0.02393,0.03910,0.02434,0.00391,0.02246,0.02649,0.20932,0.00766,0.04027,0.03143,0.00715,0.04369,0.35633,0.03735,0.01883,0.01208,0.01777,0.02845
432,0.06044,0.04442,0.06884,0.03009,0.30908,0.02112,0.03472,0.03778,0.02667,0.00245,0.02748,0.04357,0.02965,0.02941,0.00897,0.00607,0.01898,0.10052,0.02645,0.07331
433,0.01579,0.03414,0.04767,0.03397,0.05400,0.01039,0.04711,0.04596,0.02326,0.01042,0.03254,0.04397,0.01531,0.03497,0.04182,0.01462,0.01640,0.01716,0.41803,0.04246
434,0.08183,0.05835,0.02036,0.01585,0.03125,0.05361,0.09774,0.03361,0.03249,0.06282,0.04422,0.12804,0.00120,0.07678,0.05340,0.06518,0.04805,0.04184,0.00632,0.04705
435,0.01145,0.02389,0.02810,0.03271,0.01759,0.01127,0.01636,0.18666,0.02923,0.42230,0.02551,0.02123,0.01506,0.01775,0.00778,0.01005,0.01138,0.06630,0.02256,0.02281
436,0.00284,0.07380,0.03244,0.02318,0.03654,0.00768,0.02522,0.23752,0.03102,0.00741,0.02647,0.02932,0.00859,0.02562,0.00973,0.00899,0.01958,0.33399,0.02258,0.03746
437,0.09419,0.07092,0.14444,0.08465,0.00852,0.07950,0.02610,0.00841,0.02330,0.00323,0.01347,0.12351,0.00636,0.07421,0.01450,0.10701,0.05739,0.00675,0.00764,0.04589
438,0.02102,0.03205,0.00888,0.00879,0.01235,0.01229,0.02716,0.01498,0.37965,0.01538,0.04403,0.05692,0.00259,0.01720,0.25498,0.03332,0.03464,0.00817,0.00672,0.00886
439,0.00916,0.02367,0.02468,0.56437,0.02457,0.00365,0.01379,0.03025,0.11285,0.00588,0.02032,0.01900,0.00471,0.01290,0.00663,0.00595,0.00793,0.03723,0.05335,0.01911
440,0.01624,0.03349,0.03319,0.03780,0.02973,0.01672,0.01985,0.03636,0.04736,0.00896,0.03809,0.02557,0.00799,0.03675,0.50450,0.00768,0.01408,0.02178,0.03767,0.02621
441,0.05923,0.03773,0.08700,0.07123,0.01814,0.05538,0.05228,0.02039,0.00374,0.04328,0.03933,0.11635,0.00138,0.12643,0.02753,0.06276,0.07781,0.04057,0.02475,0.03470
442,0.03151,0.05540,0.00673,0.00852,0.12831,0.00237,0.07037,0.03956,0.03048,0.02554,0.07002,0.11584,0.00132,0.04591,0.08315,0.01334,0.09885,0.05333,0.03446,0.08499
443,0.01312,0.02781,0.03591,0.04458,0.04911,0.01362,0.50262,0.02869,0.03431,0.00834,0.03816,0.01985,0.00821,0.02427,0.00379,0.01572,0.01251,0.01442,0.03110,0.07385
444,0.00698,0.03246,0.00799,0.00889,0.01232,0.00993,0.01585,0.08073,0.20396,0.07934,0.10722,0.00922,0.00158,0.06708,0.11666,0.00785,0.06533,0.11678,0.01279,0.03705
445,0.07973,0.01824,0.02412,0.04758,0.01426,0.02412,0.09462,0.04556,0.07531,0.02584,0.06183,0.07037,0.00491,0.06348,0.11544,0.07206,0.06545,0.06679,0.01068,0.01959
446,0.04236,0.01833,0.02369,0.01771,0.02515,0.28109,0.08383,0.02025,0.10441,0.01296,0.03244,0.04051,0.00817,0.10371,0.02910,0.07586,0.01041,0.01300,0.02090,0.03613
447,0.11045,0.07637,0.03199,0.16345,0.01707,0.02913,0.06061,0.02421,0.00547,0.01480,0.06747,0.02731,0.00296,0.13793,0.01782,0.09660,0.06325,0.01535,0.01631,0.02146
448,0.02467,0.40135,0.05680,0.05762,0.04526,0.01298,0.02754,0.04602,0.05914,0.01274,0.04218,0.06796,0.01456,0.04570,0.00279,0.01474,0.02318,0.01841,0.01718,0.00917
449,0.02929,0.05723,0.01261,0.02787,0.04729,0.00766,0.16188,0.01085,0.01967,0.02185,0.07022,0.08243,0.01251,0.04764,0.11772,0.01762,0.06071,0.00753,0.18384,0.00358
450,0.02333,0.04380,0.04048,0.02733,0.03173,0.10708,0.02321,0.02970,0.04787,0.01093,0.04907,0.06751,0.01025,0.03759,0.00660,0.34034,0.02704,0.01618,0.02410,0.03587
