site,A,C,D,E,F,G,H,I,K,L,M,N,P,Q,R,S,T,V,W,Y
338,0.10441,0.02056,0.05409,0.11763,0.00333,0.14538,0.02199,0.00249,0.00551,0.00865,0.02159,0.11805,0.00278,0.10964,0.00099,0.12755,0.11519,0.00249,0.00223,0.01546
339,0.08238,0.08319,0.01982,0.00662,0.00961,0.00451,0.02373,0.01617,0.01570,0.00546,0.01204,0.02141,0.00766,0.01245,0.00255,0.00439,0.00875,0.64228,0.00495,0.01634
340,0.00405,0.01714,0.00770,0.00479,0.00802,0.00157,0.01151,0.21417,0.00837,0.00630,0.01720,0.01239,0.00442,0.00868,0.00181,0.00276,0.35808,0.29670,0.00408,0.01026
341,0.02543,0.10913,0.00203,0.05224,0.00207,0.07045,0.00243,0.00231,0.00285,0.08174,0.08898,0.02849,0.00092,0.09731,0.00032,0.14333,0.28402,0.00243,0.00093,0.00259
342,0.00302,0.00671,0.01020,0.00517,0.14858,0.00116,0.01325,0.35514,0.01712,0.00460,0.25895,0.01523,0.00410,0.01071,0.00151,0.00270,0.00237,0.00704,0.01161,0.12082
343,0.21418,0.40141,0.00789,0.00364,0.06397,0.00132,0.04882,0.00650,0.00615,0.00216,0.00557,0.05357,0.00254,0.00443,0.00106,0.14278,0.02304,0.00081,0.00262,0.00755
344,0.00739,0.01186,0.01791,0.01171,0.02002,0.00215,0.03041,0.06482,0.01312,0.00423,0.71287,0.02219,0.00969,0.01533,0.00764,0.00627,0.00787,0.00227,0.00699,0.02527
345,0.00193,0.01354,0.01373,0.00971,0.02392,0.00298,0.02149,0.02728,0.01277,0.00446,0.01023,0.02140,0.01413,0.01440,0.00299,0.00895,0.76194,0.00533,0.01047,0.01836
346,0.00418,0.00812,0.76940,0.00564,0.01421,0.00320,0.01354,0.01749,0.01578,0.00443,0.01235,0.04325,0.00775,0.01519,0.00249,0.00400,0.00652,0.00902,0.00515,0.03828
347,0.00152,0.01440,0.00786,0.00736,0.01089,0.00156,0.01705,0.00508,0.01442,0.00318,0.01062,0.01691,0.03759,0.01963,0.00223,0.01201,0.79565,0.00278,0.00494,0.01433
348,0.00202,0.02032,0.01585,0.01264,0.02269,0.00407,0.02890,0.00526,0.03956,0.00786,0.01868,0.02611,0.01264,0.07497,0.00595,0.00625,0.64691,0.00687,0.02407,0.01838
349,0.00447,0.01312,0.01538,0.01019,0.01496,0.00349,0.01498,0.02392,0.01595,0.00266,0.01149,0.02007,0.77791,0.02806,0.00298,0.00293,0.00786,0.00552,0.00658,0.01748
350,0.00396,0.01351,0.00708,0.00808,0.15533,0.00179,0.00483,0.00996,0.01242,0.00725,0.01114,0.01803,0.00603,0.01394,0.00244,0.01004,0.00614,0.00578,0.15529,0.54695
351,0.00544,0.00938,0.00626,0.01092,0.01347,0.77792,0.02861,0.02022,0.01701,0.00446,0.01270,0.02286,0.00982,0.01728,0.00299,0.00258,0.00975,0.00456,0.00682,0.01694
352,0.00559,0.01353,0.01827,0.01096,0.01899,0.00259,0.01190,0.10670,0.01265,0.11686,0.03971,0.04143,0.02328,0.52250,0.00320,0.00641,0.00940,0.00656,0.01005,0.01942
353,0.01163,0.01727,0.02415,0.01531,0.01628,0.00386,0.01800,0.01969,0.02481,0.01553,0.01946,0.02282,0.01752,0.71365,0.00332,0.00677,0.01138,0.00703,0.01151,0.02002
354,0.00801,0.01562,0.02013,0.01181,0.01793,0.00126,0.02756,0.14608,0.10387,0.00639,0.01620,0.02897,0.01176,0.01768,0.50447,0.01107,0.01387,0.00565,0.00927,0.02240
355,0.00437,0.01798,0.01526,0.01246,0.01423,0.00333,0.02288,0.10424,0.02330,0.00535,0.01497,0.02889,0.01126,0.01921,0.00485,0.00661,0.01295,0.64398,0.00991,0.02396
356,0.00661,0.02598,0.01319,0.01130,0.75708,0.00380,0.02400,0.02354,0.01779,0.00347,0.01456,0.02005,0.00959,0.02189,0.00449,0.00299,0.01150,0.00446,0.00954,0.01416
357,0.00952,0.02338,0.02450,0.08802,0.03031,0.01089,0.03482,0.02460,0.54627,0.00785,0.01972,0.01528,0.01400,0.02716,0.03587,0.00852,0.02196,0.00804,0.01484,0.03446
358,0.00911,0.02052,0.04030,0.55725,0.03201,0.01630,0.03905,0.03304,0.02111,0.02175,0.02853,0.04201,0.01323,0.02493,0.00746,0.01040,0.01635,0.02343,0.01749,0.02571
359,0.01801,0.02763,0.08255,0.00837,0.03999,0.01275,0.03758,0.07176,0.45893,0.01752,0.03787,0.01341,0.03074,0.03240,0.00376,0.01515,0.02212,0.01510,0.02343,0.03092
360,0.02088,0.05383,0.04385,0.01074,0.03730,0.00400,0.04710,0.05829,0.06020,0.00795,0.00769,0.09590,0.01652,0.03139,0.01278,0.01208,0.02833,0.32921,0.02556,0.09637
361,0.01630,0.08128,0.40636,0.01264,0.03932,0.00092,0.02662,0.04071,0.05287,0.01722,0.04465,0.00509,0.01447,0.05557,0.01164,0.01207,0.01298,0.03868,0.03645,0.07415
362,0.00166,0.01973,0.01758,0.02199,0.02688,0.00380,0.03283,0.00493,0.03966,0.01535,0.03661,0.02034,0.00878,0.03596,0.00816,0.07993,0.53465,0.00934,0.03750,0.04431
363,0.00742,0.02370,0.02987,0.01215,0.04433,0.00226,0.03295,0.03143,0.06231,0.01061,0.01745,0.03631,0.01242,0.01818,0.57556,0.00713,0.01150,0.00828,0.02130,0.03485
364,0.10932,0.03924,0.01809,0.00583,0.01788,0.00468,0.01723,0.16588,0.01444,0.00491,0.04372,0.03341,0.00439,0.01014,0.00243,0.00567,0.10046,0.37834,0.00767,0.01627
365,0.02627,0.29259,0.02153,0.01432,0.01991,0.00360,0.01154,0.01610,0.02435,0.01612,0.01657,0.18562,0.22244,0.01062,0.00959,0.05994,0.00478,0.00701,0.01404,0.02306
366,0.01646,0.08239,0.24405,0.00843,0.01950,0.00383,0.15674,0.01816,0.02384,0.02089,0.02128,0.12095,0.03795,0.02347,0.00505,0.02212,0.01234,0.00452,0.01652,0.14152
367,0.04044,0.02958,0.02133,0.02522,0.03462,0.00602,0.02047,0.03763,0.03759,0.00340,0.07608,0.03046,0.49994,0.01549,0.00466,0.01003,0.04079,0.01093,0.03127,0.02405
368,0.02989,0.09891,0.00536,0.00594,0.00566,0.10457,0.24314,0.00582,0.07158,0.00349,0.01943,0.12060,0.00133,0.13948,0.06340,0.06585,0.00260,0.00219,0.00510,0.00566
369,0.04277,0.03618,0.05410,0.07439,0.04596,0.03146,0.03376,0.04242,0.04786,0.05584,0.05158,0.08430,0.11257,0.04183,0.04934,0.05480,0.03705,0.04778,0.02295,0.03306
370,0.00747,0.01381,0.00438,0.04576,0.02997,0.57024,0.02943,0.02877,0.04194,0.01115,0.04566,0.03381,0.01295,0.03458,0.00634,0.00442,0.01562,0.00785,0.02386,0.03197
371,0.01433,0.04566,0.03753,0.02413,0.07397,0.00994,0.02310,0.00496,0.03454,0.01011,0.03117,0.05494,0.00914,0.03349,0.00719,0.03558,0.47065,0.01210,0.01939,0.04809
372,0.03647,0.02012,0.00481,0.00488,0.00667,0.00173,0.00147,0.04886,0.11742,0.07533,0.00844,0.00687,0.00552,0.30336,0.19997,0.01080,0.05248,0.08406,0.00457,0.00615
373,0.08388,0.02610,0.02567,0.06469,0.05622,0.00663,0.03518,0.09868,0.03570,0.04273,0.07918,0.11914,0.00309,0.04939,0.03969,0.03837,0.08684,0.05365,0.01233,0.04284
374,0.12802,0.45402,0.01240,0.00661,0.01269,0.00234,0.01444,0.02705,0.01349,0.02257,0.01049,0.02100,0.00821,0.01337,0.00292,0.02663,0.08267,0.11316,0.00669,0.02123
375,0.02987,0.07140,0.04794,0.03649,0.03757,0.00960,0.02940,0.09560,0.02726,0.00543,0.39209,0.05124,0.01469,0.04830,0.00603,0.02440,0.00433,0.01800,0.01892,0.03143
376,0.07787,0.04102,0.00555,0.06491,0.09245,0.04954,0.05476,0.00481,0.05873,0.04646,0.07572,0.06073,0.00140,0.03539,0.05988,0.04818,0.05261,0.02384,0.06920,0.07692
377,0.05872,0.03681,0.00481,0.00485,0.00741,0.00123,0.05041,0.10294,0.12275,0.06968,0.18799,0.01914,0.00211,0.07135,0.05369,0.01410,0.04610,0.03459,0.00991,0.10139
378,0.15226,0.27860,0.02458,0.00489,0.01397,0.00180,0.00938,0.00679,0.00789,0.00322,0.00731,0.01012,0.00306,0.00937,0.00193,0.01984,0.26985,0.15939,0.00552,0.01023
379,0.33359,0.03383,0.02066,0.01406,0.02474,0.02551,0.01910,0.01391,0.01688,0.00648,0.01823,0.02491,0.00338,0.01669,0.00668,0.32372,0.00621,0.00933,0.01663,0.06548
380,0.04422,0.04320,0.06082,0.12525,0.00687,0.05482,0.03594,0.02628,0.04633,0.06337,0.02832,0.11149,0.00053,0.11463,0.04804,0.05827,0.07286,0.02901,0.01633,0.01340
381,0.01525,0.01942,0.03512,0.01621,0.22988,0.00695,0.03242,0.04000,0.02316,0.01045,0.01962,0.05262,0.01145,0.02092,0.00493,0.00695,0.04627,0.00872,0.35081,0.04885
382,0.00463,0.03374,0.01002,0.00759,0.26940,0.00315,0.00819,0.01356,0.00846,0.15677,0.15149,0.01481,0.00272,0.00747,0.00349,0.00283,0.01086,0.01781,0.00697,0.26604
383,0.01065,0.01501,0.02047,0.01345,0.01802,0.00418,0.02244,0.02311,0.02048,0.00795,0.01737,0.01938,0.01310,0.02773,0.00206,0.00827,0.00910,0.00677,0.72109,0.01937
384,0.07334,0.05018,0.08023,0.04256,0.03671,0.07876,0.04058,0.05523,0.05761,0.03985,0.03339,0.07420,0.00108,0.06627,0.04776,0.06271,0.07164,0.04082,0.02080,0.02628
385,0.06861,0.05399,0.02045,0.12545,0.02439,0.00892,0.13765,0.04176,0.01454,0.02663,0.06357,0.08702,0.00277,0.11504,0.02222,0.03279,0.06245,0.05768,0.01245,0.02165
386,0.00960,0.02593,0.02493,0.01674,0.11667,0.00579,0.01128,0.11607,0.01615,0.30615,0.10780,0.02639,0.00757,0.01998,0.01176,0.00717,0.01010,0.07708,0.01192,0.07091
387,0.10154,0.02834,0.02019,0.01422,0.02686,0.39733,0.04354,0.02986,0.02691,0.00826,0.02148,0.02844,0.01335,0.03372,0.02423,0.11647,0.01350,0.01189,0.00958,0.03028
388,0.06680,0.03190,0.00711,0.02738,0.01069,0.02202,0.05159,0.03468,0.14492,0.05172,0.05093,0.03700,0.00260,0.08433,0.12422,0.06621,0.07644,0.05979,0.00302,0.04664
389,0.04960,0.03461,0.08126,0.02796,0.03699,0.04831,0.06895,0.01019,0.14367,0.00773,0.02023,0.07359,0.00128,0.06599,0.09743,0.07978,0.05023,0.02737,0.02285,0.05200
390,0.00808,0.01283,0.01958,0.02062,0.01619,0.00517,0.03317,0.01416,0.52047,0.01951,0.03877,0.02529,0.00592,0.03513,0.16696,0.00445,0.00746,0.02367,0.00839,0.01419
391,0.07101,0.04019,0.01592,0.01916,0.02441,0.00765,0.05164,0.04375,0.17010,0.02144,0.01337,0.03600,0.01063,0.07060,0.09664,0.06284,0.13095,0.07243,0.00047,0.04079
392,0.06059,0.02967,0.01662,0.01551,0.04454,0.00578,0.01510,0.02137,0.03420,0.02910,0.02546,0.03353,0.47666,0.04901,0.00511,0.00322,0.07959,0.00661,0.01972,0.02859
393,0.01276,0.03150,0.02344,0.03654,0.04251,0.00583,0.08181,0.03470,0.04205,0.03177,0.04474,0.03039,0.00864,0.02191,0.46808,0.00894,0.01472,0.01195,0.01756,0.03018
394,0.00042,0.01406,0.00088,0.00659,0.02945,0.00200,0.00879,0.07853,0.26949,0.09915,0.08014,0.01120,0.03412,0.08181,0.10110,0.00307,0.03665,0.12567,0.00717,0.00971
395,0.01361,0.39313,0.02320,0.03303,0.01649,0.00428,0.05371,0.02408,0.06070,0.10933,0.12566,0.02793,0.01402,0.04569,0.00815,0.00529,0.01482,0.01368,0.00905,0.00415
396,0.00163,0.03082,0.02714,0.03337,0.02952,0.11430,0.02126,0.02224,0.04847,0.01156,0.03111,0.01916,0.00568,0.02678,0.01417,0.21898,0.24439,0.04972,0.01703,0.03267
397,0.05361,0.02299,0.03580,0.00196,0.01762,0.00511,0.03285,0.04500,0.21877,0.00809,0.02926,0.02288,0.15368,0.07374,0.19502,0.02821,0.01011,0.01348,0.01417,0.01765
398,0.09103,0.00458,0.03418,0.06320,0.03810,0.04394,0.11684,0.05735,0.05005,0.05911,0.06602,0.04926,0.00849,0.04809,0.06046,0.03599,0.06249,0.03957,0.03604,0.03520
399,0.00806,0.03110,0.07253,0.43294,0.03528,0.00436,0.04144,0.06040,0.02547,0.00832,0.02580,0.04243,0.01532,0.10887,0.00700,0.00878,0.01710,0.00767,0.01290,0.03422
400,0.00809,0.02905,0.02017,0.01525,0.23707,0.00491,0.02344,0.02179,0.01429,0.00322,0.01652,0.01604,0.00720,0.01489,0.00452,0.00193,0.00932,0.01652,0.47695,0.05885
401,0.02908,0.14476,0.00720,0.00908,0.00813,0.00301,0.01342,0.09855,0.06190,0.06357,0.25605,0.03195,0.00374,0.02829,0.05406,0.01133,0.04851,0.11206,0.00548,0.00982
402,0.14778,0.03257,0.00157,0.01137,0.03485,0.06888,0.06170,0.01913,0.11605,0.05090,0.04437,0.04338,0.00285,0.02909,0.14361,0.06159,0.04115,0.06146,0.01373,0.01397
403,0.01236,0.10559,0.08324,0.00397,0.11104,0.00923,0.05660,0.08757,0.17634,0.01894,0.02395,0.06100,0.01606,0.03058,0.00810,0.01469,0.04456,0.02415,0.03944,0.07259
404,0.00102,0.04241,0.02417,0.01713,0.03435,0.00337,0.06243,0.12060,0.03056,0.17934,0.09883,0.04847,0.00806,0.03184,0.00730,0.01451,0.04176,0.17477,0.02159,0.03749
405,0.01299,0.02759,0.05553,0.04085,0.05260,0.01195,0.01014,0.04922,0.07165,0.02669,0.06385,0.05236,0.01188,0.04776,0.34995,0.01414,0.02227,0.01681,0.02951,0.03226
406,0.02166,0.05096,0.11277,0.01860,0.01448,0.02217,0.15496,0.02695,0.20750,0.00671,0.02741,0.03697,0.00700,0.03311,0.07824,0.07348,0.03686,0.02982,0.00861,0.03172
407,0.01486,0.04923,0.01610,0.01581,0.06484,0.01001,0.06936,0.01971,0.01523,0.00837,0.01311,0.33584,0.00988,0.02641,0.00817,0.00277,0.24665,0.01140,0.01996,0.04230
408,0.26112,0.01491,0.01155,0.01954,0.00927,0.00368,0.01062,0.01343,0.01780,0.00396,0.39791,0.01419,0.00770,0.03200,0.00394,0.14334,0.00185,0.00723,0.01190,0.01405
409,0.35174,0.05420,0.01934,0.03734,0.03873,0.02031,0.03179,0.03316,0.03872,0.01508,0.05318,0.04275,0.01310,0.09124,0.00826,0.04761,0.02602,0.01200,0.03731,0.02810
410,0.00885,0.04275,0.03453,0.02514,0.02673,0.00670,0.02041,0.10383,0.04369,0.25112,0.18715,0.03596,0.00119,0.00890,0.00795,0.01151,0.01231,0.12322,0.01421,0.03385
411,0.02135,0.03205,0.04330,0.03489,0.02822,0.34595,0.04508,0.03508,0.08938,0.00886,0.03727,0.05083,0.01699,0.06506,0.00331,0.01274,0.01882,0.04448,0.02501,0.04132
412,0.32086,0.02384,0.04351,0.02943,0.02929,0.02981,0.02329,0.04269,0.07252,0.00976,0.05017,0.07709,0.01551,0.08217,0.00953,0.03127,0.00440,0.02486,0.03981,0.04019
413,0.00938,0.10259,0.02249,0.01593,0.01565,0.00898,0.01799,0.23531,0.02523,0.00486,0.03420,0.01656,0.00847,0.01572,0.00540,0.00721,0.03342,0.39778,0.00874,0.01410
414,0.01473,0.02229,0.03015,0.03313,0.47388,0.00873,0.02835,0.04103,0.04535,0.03420,0.03048,0.04620,0.01200,0.04078,0.00933,0.01975,0.01828,0.00852,0.01926,0.06357
415,0.14493,0.00818,0.01338,0.18658,0.00744,0.00115,0.01064,0.00998,0.13342,0.00253,0.01049,0.10907,0.00720,0.12857,0.05465,0.08775,0.06274,0.00559,0.00682,0.00889
416,0.04320,0.01436,0.04931,0.67471,0.01475,0.00169,0.01636,0.01917,0.04027,0.00460,0.01988,0.02468,0.00660,0.01408,0.00507,0.00550,0.00912,0.00643,0.01287,0.01734
417,0.00729,0.01142,0.08792,0.69522,0.01468,0.00259,0.01667,0.02085,0.00942,0.00506,0.01953,0.02301,0.00647,0.02240,0.00500,0.00632,0.01055,0.00570,0.01030,0.01959
418,0.01214,0.01576,0.02571,0.01944,0.02321,0.01174,0.01856,0.09329,0.47501,0.00683,0.03502,0.01040,0.00716,0.07673,0.07013,0.00709,0.04134,0.00951,0.01526,0.02567
419,0.06956,0.10540,0.01188,0.03688,0.01202,0.00801,0.08438,0.09801,0.04332,0.08537,0.02836,0.04795,0.00126,0.10736,0.01978,0.07983,0.05506,0.06045,0.00253,0.04259
420,0.01351,0.05132,0.03974,0.02464,0.13887,0.02460,0.01932,0.02658,0.02748,0.01618,0.02598,0.02524,0.01111,0.02764,0.00754,0.01036,0.01363,0.01023,0.47123,0.01479
421,0.10021,0.04516,0.08524,0.00500,0.02590,0.02592,0.05964,0.02684,0.11890,0.02337,0.03363,0.10008,0.00868,0.08935,0.04415,0.04804,0.07497,0.07331,0.00375,0.00785
422,0.00268,0.03236,0.02085,0.01862,0.01346,0.01026,0.01749,0.01747,0.01701,0.00468,0.01633,0.15417,0.00288,0.01762,0.00479,0.20376,0.41044,0.00809,0.01205,0.01501
423,0.42960,0.11687,0.03113,0.02525,0.02941,0.00598,0.03268,0.03017,0.03697,0.00828,0.03431,0.04334,0.01472,0.03861,0.00758,0.04217,0.00345,0.00974,0.02599,0.03375
424,0.03423,0.01323,0.00515,0.00707,0.07671,0.04412,0.07922,0.02781,0.20702,0.01846,0.01151,0.01926,0.00190,0.02068,0.08684,0.08984,0.13588,0.04768,0.01786,0.05555
425,0.05568,0.03088,0.11152,0.31214,0.02154,0.00133,0.02639,0.01847,0.00367,0.00700,0.01278,0.01463,0.00935,0.20761,0.00439,0.08117,0.01348,0.03613,0.01393,0.01790
426,0.62817,0.01970,0.02855,0.02393,0.02266,0.00776,0.02745,0.02606,0.03010,0.00833,0.02479,0.03113,0.00859,0.03119,0.00745,0.01199,0.00476,0.00461,0.02312,0.02965
427,0.01551,0.06395,0.00724,0.00676,0.00686,0.00160,0.00633,0.51614,0.00844,0.04662,0.04982,0.00872,0.00265,0.00488,0.00200,0.00195,0.01758,0.21791,0.00807,0.00695
428,0.02971,0.01790,0.00052,0.00404,0.05478,0.02952,0.13118,0.01242,0.09103,0.00859,0.01030,0.10071,0.00152,0.07645,0.28430,0.02727,0.02162,0.01479,0.04003,0.04332
429,0.04325,0.30083,0.24357,0.01431,0.00652,0.00062,0.03299,0.00814,0.00830,0.00216,0.00834,0.01341,0.00263,0.00608,0.00278,0.27100,0.00311,0.00275,0.00637,0.02282
430,0.06680,0.02881,0.03344,0.03383,0.02584,0.04597,0.05133,0.03958,0.08815,0.03529,0.04164,0.07387,0.07366,0.05887,0.06017,0.05575,0.06129,0.05167,0.03646,0.03758
431,0.02251,0.01192,0.01103,0.02949,0.01117,0.00946,0.03865,0.01224,0.27253,0.00634,0.04332,0.03533,0.00329,0.04736,0.37793,0.02845,0.01364,0.00686,0.00536,0.01310
432,0.04094,0.04091,0.04609,0.01999,0.47053,0.01403,0.02300,0.02512,0.01780,0.00162,0.01804,0.02856,0.01965,0.01961,0.00597,0.00400,0.01281,0.11100,0.01760,0.06272
433,0.01036,0.02224,0.03138,0.02215,0.03545,0.01104,0.03096,0.02996,0.01522,0.00823,0.02133,0.02887,0.01001,0.02290,0.00328,0.00960,0.01078,0.01122,0.63723,0.02778
434,0.08208,0.06046,0.02829,0.01677,0.03376,0.06306,0.10033,0.03772,0.02767,0.06168,0.04438,0.10875,0.00051,0.06802,0.05382,0.06465,0.04809,0.04869,0.00544,0.04584
435,0.00637,0.01536,0.01573,0.01836,0.00975,0.00623,0.00910,0.17939,0.01629,0.54669,0.01804,0.01169,0.00266,0.00988,0.01168,0.00556,0.00633,0.08568,0.01253,0.01270
436,0.00456,0.07057,0.01798,0.01257,0.01993,0.00416,0.01398,0.25428,0.01691,0.00403,0.05079,0.01587,0.00471,0.01378,0.00532,0.00485,0.02477,0.42794,0.01224,0.02075
437,0.11071,0.05763,0.14784,0.08946,0.00477,0.07483,0.03823,0.00367,0.02472,0.00158,0.01317,0.10209,0.00278,0.07914,0.01745,0.12460,0.05799,0.00415,0.00379,0.04142
438,0.02274,0.03095,0.00449,0.00392,0.00548,0.00604,0.02650,0.01134,0.38971,0.01634,0.03173,0.06117,0.00116,0.01498,0.26664,0.03087,0.04094,0.01253,0.01228,0.01018
439,0.00413,0.01360,0.02591,0.74243,0.01387,0.00207,0.00787,0.01746,0.05313,0.00336,0.01139,0.01074,0.00267,0.00732,0.00375,0.00334,0.00447,0.03125,0.03039,0.01085
440,0.00967,0.01990,0.01979,0.02210,0.01757,0.00969,0.01179,0.03654,0.01808,0.00534,0.02255,0.01516,0.00475,0.02217,0.70224,0.00457,0.00737,0.01291,0.02232,0.01548
441,0.06065,0.04205,0.07347,0.07020,0.02025,0.05949,0.05156,0.01681,0.00729,0.04302,0.03732,0.12638,0.00058,0.11848,0.02940,0.07001,0.07702,0.03847,0.02204,0.03551
442,0.03902,0.05445,0.00361,0.00370,0.12701,0.00173,0.07089,0.03616,0.04045,0.02843,0.06134,0.10726,0.00057,0.04082,0.08510,0.01401,0.10769,0.05731,0.03507,0.08538
443,0.00780,0.01652,0.02898,0.02669,0.02954,0.00810,0.69463,0.01699,0.02027,0.00498,0.02289,0.01179,0.00452,0.01887,0.00726,0.00928,0.00745,0.00861,0.01842,0.03644
444,0.01194,0.03188,0.00354,0.00600,0.01451,0.00962,0.00996,0.09436,0.20498,0.08323,0.08917,0.00409,0.00032,0.06875,0.12674,0.01066,0.06077,0.11552,0.00771,0.04625
445,0.07306,0.01732,0.02473,0.03533,0.00878,0.02117,0.09567,0.04221,0.08561,0.03066,0.06176,0.07462,0.00221,0.06651,0.12116,0.07618,0.07334,0.06852,0.00481,0.01635
446,0.04053,0.00830,0.01551,0.00596,0.03153,0.29455,0.08524,0.00924,0.08906,0.00864,0.02960,0.05819,0.00372,0.13878,0.03069,0.08230,0.00479,0.00919,0.00983,0.04436
447,0.11433,0.06658,0.01365,0.17292,0.02135,0.02422,0.05293,0.02017,0.01056,0.01054,0.06601,0.03152,0.00136,0.14622,0.01571,0.09102,0.07307,0.02822,0.01790,0.02172
448,0.01584,0.60792,0.03679,0.03729,0.03264,0.00622,0.01751,0.02954,0.03882,0.00821,0.02727,0.04345,0.00932,0.02963,0.00180,0.00953,0.01494,0.01191,0.01551,0.00588
449,0.03342,0.05236,0.00781,0.01365,0.03596,0.00402,0.17867,0.01197,0.00935,0.02999,0.04923,0.14120,0.00378,0.04007,0.12637,0.02250,0.06838,0.00630,0.16327,0.00171
450,0.01639,0.03671,0.03223,0.01596,0.01859,0.17929,0.01349,0.03169,0.02812,0.00635,0.02879,0.02396,0.00598,0.02196,0.00385,0.46204,0.03010,0.00944,0.01412,0.02093
