site,A,C,D,E,F,G,H,I,K,L,M,N,P,Q,R,S,T,V,W,Y
338,0.15027,0.01142,0.05522,0.10497,0.00566,0.14051,0.01282,0.00249,0.00678,0.00544,0.02969,0.12008,0.00119,0.09080,0.00381,0.11758,0.12208,0.00324,0.00102,0.01493
339,0.02004,0.08171,0.01414,0.00664,0.01592,0.00272,0.01768,0.04016,0.01294,0.00409,0.01459,0.01586,0.00727,0.01119,0.00273,0.00435,0.00793,0.70080,0.00501,0.01423
340,0.00751,0.01096,0.00363,0.00284,0.00538,0.00072,0.00540,0.39393,0.00548,0.07119,0.02947,0.00545,0.00440,0.00387,0.00135,0.00292,0.16126,0.27604,0.00197,0.00622
341,0.02192,0.16107,0.00165,0.04583,0.00270,0.05122,0.00346,0.00639,0.00237,0.07001,0.10029,0.01619,0.00069,0.08278,0.00239,0.13030,0.28807,0.00884,0.00137,0.00244
342,0.00545,0.00976,0.00937,0.00513,0.10629,0.00169,0.01281,0.39463,0.02188,0.02781,0.18866,0.01388,0.00587,0.00983,0.00232,0.00279,0.01405,0.03136,0.03709,0.09932
343,0.23980,0.50217,0.01021,0.00378,0.02774,0.00131,0.00691,0.00663,0.00669,0.00182,0.00640,0.01412,0.00814,0.00681,0.00120,0.09255,0.01905,0.02246,0.00269,0.01951
344,0.00655,0.00908,0.01752,0.01009,0.01475,0.00202,0.01818,0.04130,0.03552,0.02016,0.69297,0.01497,0.00865,0.01178,0.00819,0.00559,0.03372,0.02601,0.00600,0.01698
345,0.02912,0.01053,0.01100,0.00797,0.01691,0.00356,0.01470,0.03663,0.01054,0.00433,0.00873,0.01765,0.01494,0.01150,0.00392,0.01397,0.75439,0.00673,0.00886,0.01402
346,0.00878,0.00723,0.78492,0.00848,0.01150,0.02241,0.01052,0.01314,0.01208,0.00414,0.01031,0.03611,0.00712,0.01186,0.00244,0.00400,0.00598,0.01495,0.00492,0.01911
347,0.06401,0.02884,0.00625,0.00674,0.00846,0.00181,0.01162,0.06143,0.01131,0.00273,0.00830,0.01331,0.00699,0.01419,0.00204,0.01300,0.71984,0.00317,0.00657,0.00938
348,0.05037,0.01452,0.01246,0.01006,0.01664,0.00409,0.01847,0.02092,0.02304,0.00724,0.01350,0.01796,0.04623,0.03030,0.00546,0.01611,0.65421,0.00813,0.01654,0.01376
349,0.00720,0.01280,0.01218,0.00800,0.01038,0.00319,0.01176,0.01594,0.01204,0.01360,0.00967,0.01396,0.77278,0.02322,0.00303,0.02170,0.01971,0.00509,0.00591,0.01784
350,0.00347,0.02081,0.00906,0.00652,0.13374,0.00157,0.03814,0.00828,0.00924,0.03031,0.01068,0.02322,0.00528,0.01031,0.00290,0.00743,0.00514,0.01078,0.16349,0.49963
351,0.00961,0.01862,0.03286,0.00886,0.01408,0.75700,0.01792,0.01392,0.01240,0.00417,0.00989,0.01551,0.00804,0.01769,0.00485,0.01491,0.00769,0.01387,0.00588,0.01221
352,0.00348,0.00731,0.00973,0.00715,0.00973,0.00149,0.03852,0.07632,0.01940,0.28778,0.11866,0.03771,0.01851,0.31640,0.01171,0.00383,0.00504,0.01151,0.00575,0.00995
353,0.01984,0.01343,0.01591,0.01712,0.01354,0.00376,0.03315,0.01342,0.01744,0.01263,0.01414,0.01548,0.01765,0.72119,0.02356,0.00842,0.00912,0.00623,0.01000,0.01399
354,0.04518,0.00924,0.01262,0.01036,0.01536,0.01503,0.03696,0.07643,0.07239,0.03326,0.06492,0.04890,0.00801,0.05486,0.39801,0.03051,0.01919,0.01139,0.01772,0.01965
355,0.01807,0.01489,0.01605,0.01134,0.04145,0.00690,0.01665,0.04236,0.01664,0.00716,0.01294,0.01917,0.00996,0.01443,0.00480,0.00640,0.01113,0.70254,0.00920,0.01793
356,0.00616,0.01326,0.01046,0.00944,0.75539,0.00463,0.01679,0.02719,0.01436,0.02290,0.01164,0.01477,0.00790,0.01512,0.00421,0.01913,0.00963,0.00655,0.00783,0.02265
357,0.00728,0.01525,0.01569,0.03755,0.01779,0.00697,0.01902,0.04624,0.46312,0.00580,0.01829,0.04901,0.00991,0.03603,0.19563,0.00667,0.01542,0.00625,0.01001,0.01806
358,0.02463,0.01520,0.05697,0.57063,0.02000,0.03525,0.02341,0.01963,0.05797,0.01617,0.01891,0.02485,0.01032,0.02483,0.00690,0.01164,0.01286,0.01941,0.01253,0.01789
359,0.01553,0.01865,0.03372,0.03469,0.02496,0.01963,0.02296,0.04185,0.51442,0.01513,0.02355,0.03890,0.02203,0.05038,0.02780,0.01285,0.02989,0.01328,0.01874,0.02107
360,0.01989,0.03127,0.02857,0.04434,0.02718,0.00882,0.03109,0.04335,0.03156,0.01649,0.03905,0.03501,0.01765,0.02412,0.01486,0.01406,0.02289,0.49041,0.02243,0.03697
361,0.02235,0.03350,0.50904,0.03378,0.02553,0.01937,0.02858,0.02608,0.02865,0.01538,0.02875,0.04172,0.01391,0.02718,0.01144,0.01153,0.01303,0.04514,0.02538,0.03967
362,0.02181,0.01551,0.01316,0.01596,0.01928,0.00490,0.01974,0.03720,0.02323,0.01219,0.02159,0.02988,0.02990,0.02152,0.00748,0.08998,0.56083,0.00832,0.02298,0.02455
363,0.00936,0.02228,0.02013,0.01079,0.02498,0.02381,0.02109,0.02083,0.02225,0.00956,0.03548,0.02309,0.01083,0.01340,0.62137,0.01778,0.01820,0.01000,0.04202,0.02276
364,0.09570,0.03733,0.01488,0.01270,0.01624,0.00516,0.01576,0.04855,0.01298,0.01867,0.11056,0.02064,0.00486,0.01036,0.00370,0.00989,0.08054,0.45807,0.00847,0.01496
365,0.07267,0.06344,0.02122,0.01612,0.02196,0.01129,0.01610,0.01694,0.03130,0.02890,0.01835,0.13245,0.37254,0.02950,0.01468,0.05639,0.02674,0.00971,0.01583,0.02386
366,0.04105,0.02420,0.36036,0.04134,0.02750,0.03103,0.08664,0.01899,0.02749,0.02148,0.02013,0.11840,0.02124,0.03341,0.00818,0.02403,0.02251,0.02094,0.01715,0.03394
367,0.01756,0.01792,0.01644,0.01948,0.02287,0.00679,0.02465,0.02633,0.02508,0.02684,0.03014,0.02730,0.61965,0.01466,0.00661,0.02159,0.02476,0.01144,0.02166,0.01822
368,0.02179,0.07568,0.00498,0.00944,0.00535,0.15225,0.20621,0.00579,0.09721,0.00322,0.02156,0.08749,0.00360,0.13391,0.06015,0.09690,0.00242,0.00224,0.00451,0.00530
369,0.05202,0.04314,0.04724,0.05528,0.04064,0.03644,0.04733,0.05964,0.07403,0.03883,0.04798,0.08295,0.07819,0.03676,0.06160,0.05197,0.03065,0.05594,0.03086,0.02850
370,0.00985,0.02678,0.02832,0.02476,0.01916,0.62547,0.02037,0.02089,0.02370,0.00995,0.03413,0.02912,0.01166,0.02176,0.00796,0.01894,0.01333,0.01511,0.01731,0.02143
371,0.02990,0.02236,0.02576,0.01785,0.03018,0.00998,0.01926,0.03409,0.02513,0.01078,0.02206,0.03580,0.01624,0.02322,0.00801,0.01990,0.59284,0.01188,0.01718,0.02759
372,0.02270,0.02537,0.00497,0.00515,0.00585,0.00244,0.01842,0.10194,0.11519,0.04808,0.00621,0.00802,0.00764,0.29012,0.22245,0.00660,0.02143,0.07566,0.00474,0.00702
373,0.08963,0.03798,0.02928,0.06929,0.06533,0.00488,0.06203,0.05284,0.06167,0.05966,0.05631,0.06320,0.01007,0.05850,0.06868,0.02594,0.07855,0.06674,0.01834,0.02107
374,0.20096,0.22440,0.01494,0.01632,0.01698,0.00347,0.01831,0.02741,0.01768,0.01233,0.01445,0.02302,0.01180,0.01913,0.00630,0.03357,0.11339,0.19302,0.00907,0.02344
375,0.02263,0.02082,0.02773,0.02366,0.02689,0.00734,0.02168,0.04080,0.01856,0.02082,0.50400,0.02800,0.01412,0.05565,0.01376,0.01610,0.07059,0.02754,0.01689,0.02241
376,0.03743,0.04542,0.00485,0.10493,0.06234,0.04487,0.07894,0.01672,0.06757,0.04609,0.03811,0.05886,0.00232,0.09561,0.06750,0.05666,0.06106,0.02310,0.04557,0.04206
377,0.03726,0.03617,0.00620,0.00891,0.04504,0.00215,0.02763,0.13723,0.06337,0.12026,0.20169,0.02372,0.00295,0.06869,0.04836,0.02126,0.02669,0.03091,0.00597,0.08554
378,0.15665,0.16227,0.01060,0.00585,0.02071,0.00521,0.01066,0.02634,0.00861,0.00370,0.00784,0.01057,0.00373,0.01007,0.00247,0.01177,0.32643,0.19936,0.00636,0.01080
379,0.28335,0.03341,0.01678,0.01359,0.04767,0.01492,0.01549,0.01223,0.01467,0.00884,0.01488,0.01981,0.01677,0.01425,0.00694,0.36899,0.01797,0.00938,0.01483,0.05522
380,0.05685,0.04406,0.04646,0.11143,0.01016,0.06582,0.03697,0.03653,0.05404,0.04412,0.05774,0.09596,0.00503,0.08074,0.06167,0.06562,0.06018,0.03274,0.02061,0.01329
381,0.01565,0.04485,0.02532,0.01720,0.06495,0.02885,0.02466,0.02934,0.02172,0.02150,0.01916,0.03025,0.01319,0.02000,0.01994,0.00865,0.02959,0.00995,0.52305,0.03217
382,0.00383,0.01596,0.01063,0.00768,0.30902,0.00349,0.00862,0.01267,0.00907,0.18161,0.11685,0.01309,0.01495,0.01688,0.00617,0.00323,0.00590,0.01814,0.00678,0.23541
383,0.00915,0.01847,0.01509,0.01087,0.01420,0.01044,0.01617,0.01510,0.01483,0.01880,0.01334,0.01442,0.01000,0.02519,0.02508,0.00921,0.00767,0.00628,0.73131,0.01435
384,0.07184,0.04632,0.06924,0.04478,0.03095,0.07284,0.03782,0.03832,0.05973,0.05039,0.03772,0.08991,0.00119,0.07351,0.05021,0.07044,0.07070,0.04360,0.01223,0.02826
385,0.05270,0.04826,0.02540,0.15941,0.01210,0.01423,0.08959,0.04604,0.02865,0.05108,0.06191,0.08110,0.00372,0.10059,0.01925,0.04271,0.05726,0.06134,0.01941,0.02526
386,0.01204,0.02220,0.02143,0.01734,0.05132,0.00793,0.01377,0.09362,0.01996,0.46322,0.04847,0.02365,0.02395,0.02488,0.01141,0.00930,0.01117,0.07111,0.01350,0.03974
387,0.06744,0.02237,0.01848,0.02254,0.02163,0.53076,0.02662,0.02243,0.02167,0.00932,0.01945,0.02299,0.01346,0.02590,0.01775,0.06561,0.01364,0.01471,0.02136,0.02189
388,0.07678,0.01850,0.00526,0.04752,0.01426,0.01420,0.09449,0.04118,0.15942,0.03888,0.04509,0.03215,0.00287,0.06144,0.13437,0.07212,0.07035,0.04114,0.00532,0.02465
389,0.04085,0.03282,0.03980,0.05317,0.01935,0.03648,0.07389,0.01001,0.13938,0.00569,0.03011,0.10183,0.00164,0.05194,0.10148,0.07121,0.06202,0.02668,0.02529,0.07636
390,0.00793,0.01138,0.01525,0.03201,0.01322,0.00698,0.02082,0.01228,0.56951,0.00431,0.02338,0.03540,0.00603,0.03232,0.14654,0.00459,0.02076,0.01722,0.00784,0.01222
391,0.06143,0.07511,0.01304,0.05034,0.02281,0.00226,0.07891,0.03230,0.07484,0.01177,0.03824,0.02764,0.01460,0.09841,0.13470,0.08386,0.07723,0.07461,0.00528,0.02263
392,0.02170,0.02110,0.01397,0.01454,0.02495,0.00640,0.01332,0.01755,0.02329,0.03422,0.01909,0.02275,0.58954,0.04386,0.00923,0.03770,0.04219,0.00687,0.01757,0.02017
393,0.01252,0.03452,0.01863,0.02383,0.02697,0.01287,0.02239,0.02405,0.02666,0.02123,0.02666,0.02322,0.01758,0.01804,0.60936,0.01534,0.01797,0.01161,0.01546,0.02110
394,0.00434,0.03160,0.00135,0.00581,0.02946,0.00291,0.00926,0.14644,0.15128,0.07115,0.12670,0.01106,0.03071,0.09727,0.07389,0.00320,0.04700,0.13922,0.00721,0.01014
395,0.01127,0.36270,0.01567,0.01771,0.06414,0.01593,0.02524,0.01637,0.02638,0.13620,0.16403,0.01763,0.01064,0.02394,0.01173,0.01903,0.01108,0.01087,0.01609,0.02334
396,0.02129,0.02638,0.02401,0.02673,0.02405,0.04541,0.02191,0.01834,0.06395,0.01245,0.02408,0.04514,0.02125,0.02374,0.02386,0.11190,0.39417,0.02617,0.01792,0.02724
397,0.04370,0.01779,0.02289,0.01986,0.01608,0.00530,0.02921,0.04437,0.26719,0.00901,0.03527,0.03990,0.07768,0.04141,0.24173,0.01418,0.02818,0.01685,0.01287,0.01651
398,0.07566,0.00598,0.07080,0.07473,0.04858,0.03773,0.05815,0.05925,0.02538,0.04879,0.06321,0.04663,0.00980,0.10354,0.02644,0.06120,0.06519,0.03326,0.04122,0.04445
399,0.01882,0.02258,0.04394,0.52105,0.02347,0.01921,0.02626,0.02842,0.04094,0.00873,0.05034,0.02683,0.01904,0.05115,0.02205,0.00930,0.01460,0.01807,0.01206,0.02313
400,0.01044,0.02964,0.01865,0.02742,0.33221,0.00623,0.02834,0.03090,0.01438,0.02015,0.01655,0.01648,0.01172,0.01554,0.00574,0.01810,0.01077,0.01675,0.34810,0.02188
401,0.01284,0.10030,0.00942,0.01248,0.01595,0.00427,0.01669,0.14487,0.09825,0.06695,0.21808,0.01323,0.00521,0.03275,0.04829,0.01035,0.03764,0.13150,0.00748,0.01346
402,0.10455,0.03488,0.01074,0.01435,0.03032,0.05478,0.04645,0.02616,0.10237,0.04235,0.05119,0.05169,0.00346,0.07461,0.15386,0.07102,0.04430,0.04615,0.01767,0.01909
403,0.01851,0.04376,0.03443,0.04022,0.04320,0.02509,0.03621,0.04032,0.38543,0.02315,0.04251,0.03738,0.02065,0.03793,0.01880,0.02773,0.02858,0.02540,0.03077,0.03994
404,0.02222,0.07908,0.02116,0.03372,0.02583,0.01121,0.03454,0.08857,0.02621,0.16459,0.07877,0.03074,0.00990,0.02378,0.00973,0.01549,0.02051,0.25938,0.01876,0.02580
405,0.01416,0.03900,0.03222,0.02680,0.02947,0.02764,0.02398,0.02883,0.04247,0.03691,0.03191,0.02720,0.01736,0.03774,0.47997,0.01932,0.01970,0.01662,0.02452,0.02418
406,0.08138,0.08171,0.05034,0.03841,0.01708,0.06273,0.14830,0.02350,0.06372,0.01080,0.03541,0.02834,0.01890,0.04576,0.08126,0.08777,0.05616,0.03155,0.00936,0.02751
407,0.02043,0.04274,0.02563,0.01404,0.04436,0.00967,0.04929,0.01958,0.03374,0.00991,0.01440,0.44401,0.01076,0.02663,0.00941,0.03370,0.10500,0.01215,0.01613,0.05843
408,0.43978,0.01667,0.01399,0.02592,0.01252,0.00726,0.01461,0.01634,0.01949,0.00639,0.14670,0.01742,0.01631,0.07359,0.00600,0.08646,0.02939,0.01970,0.01418,0.01730
409,0.48156,0.02928,0.01831,0.04776,0.02430,0.02520,0.02325,0.02412,0.02674,0.01511,0.03203,0.02654,0.02142,0.03117,0.01183,0.06307,0.02141,0.02972,0.02361,0.02356
410,0.00785,0.03045,0.02007,0.01852,0.01810,0.00559,0.01461,0.13592,0.02578,0.24300,0.14508,0.02126,0.01986,0.02320,0.00839,0.00938,0.01464,0.20452,0.01169,0.02208
411,0.01626,0.02424,0.02753,0.03063,0.02387,0.51988,0.02811,0.02680,0.03587,0.01080,0.02838,0.03052,0.01761,0.03220,0.02503,0.01426,0.01826,0.04126,0.02224,0.02626
412,0.48178,0.02159,0.02648,0.04174,0.02430,0.02558,0.02156,0.02933,0.03338,0.01090,0.02993,0.03366,0.02847,0.03173,0.01444,0.03458,0.02926,0.02431,0.02724,0.02975
413,0.00716,0.16884,0.01340,0.01058,0.01061,0.00777,0.01199,0.18240,0.01762,0.00954,0.01862,0.01095,0.00615,0.01097,0.00740,0.00741,0.03745,0.44485,0.00619,0.01012
414,0.01689,0.03150,0.02117,0.02077,0.50081,0.00807,0.02105,0.02654,0.02477,0.01758,0.02071,0.02714,0.01055,0.02209,0.00780,0.02392,0.01504,0.02592,0.01457,0.14310
415,0.06767,0.00999,0.02761,0.24711,0.00866,0.01523,0.01988,0.01074,0.06728,0.00326,0.01198,0.07951,0.00573,0.18660,0.04807,0.07467,0.07664,0.02087,0.00810,0.01041
416,0.02211,0.01188,0.02403,0.67919,0.01170,0.02675,0.01238,0.01427,0.04953,0.00424,0.01534,0.01713,0.00815,0.01522,0.00634,0.00518,0.00790,0.04507,0.01057,0.01306
417,0.01005,0.00889,0.04358,0.68272,0.01176,0.03925,0.01262,0.01543,0.04947,0.00610,0.01433,0.01627,0.00600,0.03030,0.00487,0.00582,0.00856,0.01158,0.00836,0.01403
418,0.01045,0.01719,0.01862,0.02509,0.01737,0.01051,0.02185,0.04574,0.50448,0.00626,0.05319,0.07985,0.00700,0.03104,0.07103,0.00671,0.03418,0.00868,0.01363,0.01714
419,0.04848,0.08303,0.00497,0.02935,0.00489,0.01990,0.09185,0.10449,0.04724,0.07321,0.08562,0.05930,0.00161,0.11418,0.02585,0.05576,0.03930,0.05499,0.00561,0.05037
420,0.01232,0.03624,0.02482,0.01884,0.15413,0.01121,0.01682,0.02049,0.02059,0.01781,0.01913,0.02011,0.01063,0.02028,0.01911,0.00797,0.01210,0.00949,0.53530,0.01261
421,0.07121,0.03791,0.11265,0.03295,0.01018,0.02821,0.06615,0.02803,0.09719,0.02245,0.03533,0.13197,0.01736,0.03370,0.04429,0.10495,0.07383,0.04192,0.00301,0.00671
422,0.02438,0.03159,0.01679,0.01427,0.01189,0.01191,0.01463,0.01904,0.02767,0.00513,0.02365,0.08372,0.00976,0.01428,0.00685,0.19312,0.46047,0.00803,0.01062,0.01220
423,0.47174,0.09613,0.02615,0.01867,0.02053,0.01289,0.02168,0.01929,0.02092,0.00783,0.02364,0.02563,0.02028,0.02517,0.00724,0.09288,0.02420,0.02427,0.01877,0.02211
424,0.06283,0.02111,0.01422,0.02933,0.06314,0.07241,0.08840,0.03036,0.10576,0.02884,0.00946,0.03013,0.00113,0.07109,0.09150,0.06187,0.08863,0.04072,0.02500,0.06408
425,0.04260,0.03180,0.11456,0.36524,0.01613,0.03561,0.03877,0.01570,0.04558,0.00601,0.01558,0.02700,0.00874,0.14034,0.00508,0.03739,0.01111,0.01570,0.01158,0.01549
426,0.62541,0.01930,0.04439,0.01607,0.01566,0.00917,0.01811,0.02224,0.01963,0.00716,0.01698,0.01862,0.01258,0.01901,0.00640,0.03332,0.02758,0.03312,0.01607,0.01917
427,0.03056,0.09807,0.00917,0.01761,0.00857,0.00440,0.00800,0.29166,0.01095,0.08430,0.02242,0.01082,0.00367,0.00643,0.00277,0.00363,0.05196,0.31616,0.00972,0.00912
428,0.05999,0.02157,0.00470,0.00526,0.04667,0.03505,0.22932,0.02214,0.04595,0.01413,0.02158,0.11131,0.00177,0.04333,0.14752,0.02846,0.03688,0.02369,0.02939,0.07129
429,0.04406,0.13157,0.26377,0.01898,0.00616,0.00679,0.03973,0.01044,0.00760,0.00212,0.00781,0.02205,0.00281,0.01184,0.00291,0.32624,0.00549,0.00848,0.00609,0.07506
430,0.07133,0.05036,0.05713,0.05943,0.01529,0.05524,0.05213,0.03293,0.05275,0.03527,0.02110,0.06578,0.07906,0.06648,0.04481,0.06835,0.06257,0.04753,0.02271,0.03974
431,0.05202,0.02475,0.00874,0.01218,0.01229,0.06408,0.03399,0.01932,0.20758,0.01644,0.02177,0.06386,0.00491,0.03316,0.35692,0.02058,0.01366,0.00900,0.00864,0.01610
432,0.02357,0.04406,0.02626,0.01648,0.56126,0.01383,0.01799,0.03754,0.01540,0.04825,0.01631,0.02207,0.02116,0.01707,0.00628,0.02070,0.01172,0.04225,0.01501,0.02279
433,0.00903,0.03154,0.01978,0.01629,0.02198,0.02826,0.01945,0.02068,0.01200,0.02289,0.01648,0.02097,0.00902,0.01698,0.02088,0.01081,0.00968,0.01025,0.66647,0.01657
434,0.08179,0.05350,0.03727,0.04641,0.03079,0.07147,0.06484,0.04087,0.04001,0.06372,0.05473,0.08714,0.00192,0.06641,0.04649,0.06758,0.04838,0.04103,0.01055,0.04510
435,0.00714,0.01858,0.01342,0.01600,0.00951,0.00644,0.00933,0.06359,0.01403,0.64943,0.02719,0.01123,0.01884,0.02379,0.01259,0.00577,0.01231,0.05362,0.01521,0.01201
436,0.03941,0.03327,0.01517,0.02470,0.01724,0.01414,0.01342,0.16501,0.01426,0.01476,0.04478,0.01403,0.00548,0.01213,0.00569,0.00518,0.02786,0.50409,0.01174,0.01766
437,0.12224,0.05202,0.19228,0.10471,0.01382,0.06808,0.04988,0.00478,0.02776,0.00431,0.01474,0.04786,0.00369,0.07511,0.01956,0.12347,0.04687,0.00837,0.00591,0.01451
438,0.03477,0.04220,0.00512,0.00296,0.01390,0.02159,0.03265,0.02015,0.30724,0.02414,0.02969,0.07124,0.00094,0.03331,0.21263,0.03653,0.05487,0.03522,0.01263,0.00823
439,0.00909,0.01132,0.01668,0.74659,0.01058,0.03665,0.00723,0.01237,0.05157,0.00349,0.00954,0.00921,0.00334,0.00690,0.00481,0.00330,0.00418,0.02199,0.01922,0.01193
440,0.00786,0.01379,0.01628,0.01526,0.01275,0.04705,0.01236,0.02363,0.03746,0.00504,0.01488,0.01106,0.00396,0.01531,0.68507,0.02575,0.00665,0.01029,0.02051,0.01505
441,0.05496,0.04795,0.11214,0.07682,0.02508,0.05406,0.05832,0.03265,0.01662,0.02666,0.06071,0.08224,0.00068,0.07913,0.02732,0.07957,0.08050,0.02544,0.01800,0.04115
442,0.04963,0.07155,0.00821,0.00353,0.09125,0.00370,0.06860,0.04226,0.02558,0.04973,0.07754,0.12295,0.00098,0.06167,0.04796,0.02614,0.08907,0.04702,0.03905,0.07356
443,0.00668,0.01213,0.01269,0.01683,0.01795,0.00877,0.66275,0.01647,0.01407,0.01287,0.01549,0.05127,0.01411,0.02743,0.04522,0.00788,0.00790,0.00714,0.01402,0.02832
444,0.01499,0.04526,0.00413,0.01054,0.01900,0.00273,0.00711,0.12023,0.14008,0.10323,0.07445,0.00840,0.01009,0.08828,0.11620,0.01692,0.05191,0.14036,0.00893,0.01716
445,0.07390,0.03429,0.02843,0.05542,0.00466,0.02582,0.10542,0.04748,0.09823,0.03282,0.05106,0.08328,0.00181,0.11676,0.09161,0.06726,0.01603,0.03866,0.00463,0.02243
446,0.03570,0.01250,0.02627,0.02381,0.01311,0.40020,0.05189,0.01118,0.03960,0.00534,0.02255,0.09975,0.00462,0.10206,0.03043,0.06709,0.00568,0.02080,0.01119,0.01626
447,0.09891,0.05024,0.01841,0.24724,0.02035,0.00917,0.04303,0.01483,0.04612,0.00362,0.04133,0.02224,0.00203,0.16290,0.02365,0.08806,0.04271,0.03039,0.01460,0.02018
448,0.01226,0.61111,0.02213,0.02244,0.02125,0.01743,0.01321,0.01895,0.02131,0.00730,0.01789,0.02400,0.00849,0.01970,0.02315,0.01062,0.01234,0.00984,0.02255,0.08404
449,0.03535,0.05739,0.00795,0.01034,0.05683,0.00518,0.15454,0.02634,0.00792,0.04615,0.07978,0.11210,0.00557,0.05070,0.04909,0.03644,0.08019,0.01177,0.13527,0.03111
450,0.03711,0.03245,0.01852,0.01439,0.01537,0.06787,0.01233,0.03405,0.02037,0.00679,0.02193,0.01984,0.00652,0.01769,0.02952,0.54595,0.06151,0.00928,0.01216,0.01635
