site,A,C,D,E,F,G,H,I,K,L,M,N,P,Q,R,S,T,V,W,Y
338,0.10249,0.01999,0.05231,0.11908,0.00654,0.14397,0.01949,0.00450,0.00701,0.00832,0.02145,0.11276,0.00295,0.11306,0.00217,0.12698,0.11272,0.00243,0.00222,0.01954
339,0.04521,0.07056,0.02362,0.01194,0.01825,0.00671,0.04231,0.01430,0.02822,0.00757,0.02179,0.03791,0.01366,0.02240,0.00459,0.00790,0.01559,0.56883,0.00885,0.02979
340,0.00506,0.01603,0.01320,0.00817,0.01388,0.00265,0.01950,0.19628,0.01666,0.00667,0.01911,0.02116,0.00745,0.01479,0.00309,0.00527,0.32845,0.27786,0.00708,0.01762
341,0.02563,0.11323,0.00408,0.04797,0.00426,0.06819,0.00490,0.00472,0.00574,0.08140,0.08864,0.02914,0.00187,0.09234,0.00073,0.13914,0.27762,0.00322,0.00189,0.00527
342,0.00589,0.01300,0.02018,0.01017,0.15271,0.00226,0.02544,0.33376,0.01716,0.00727,0.20876,0.02991,0.00800,0.02088,0.00293,0.00528,0.00464,0.00882,0.01397,0.10896
343,0.20898,0.39417,0.01125,0.00708,0.06541,0.00191,0.04965,0.01293,0.01207,0.00347,0.01086,0.04885,0.00536,0.00873,0.00209,0.12652,0.01285,0.00160,0.00511,0.01111
344,0.01176,0.01895,0.02915,0.01876,0.03236,0.00347,0.04965,0.07352,0.02879,0.00681,0.56535,0.03546,0.01552,0.02454,0.00583,0.01002,0.01538,0.00365,0.01116,0.03987
345,0.00315,0.02226,0.02252,0.01571,0.03867,0.00486,0.03507,0.03462,0.02094,0.00731,0.01678,0.03465,0.02174,0.02336,0.00489,0.01482,0.62272,0.00871,0.01697,0.03027
346,0.00703,0.01403,0.64152,0.00970,0.02442,0.01081,0.02326,0.03013,0.02706,0.00758,0.02129,0.06660,0.01329,0.02607,0.00428,0.00688,0.01119,0.01231,0.00887,0.03369
347,0.00269,0.01956,0.01388,0.01297,0.01927,0.00276,0.02981,0.00890,0.02601,0.00561,0.01881,0.02459,0.03312,0.03454,0.00392,0.02787,0.67677,0.00492,0.00869,0.02532
348,0.00317,0.03180,0.02495,0.01988,0.03546,0.00639,0.04534,0.00827,0.04231,0.01235,0.02926,0.04094,0.01393,0.11743,0.00936,0.00982,0.47173,0.01075,0.03794,0.02892
349,0.00766,0.02230,0.02650,0.01743,0.02588,0.00599,0.02561,0.04113,0.02727,0.00697,0.01974,0.03436,0.64146,0.02345,0.00511,0.00503,0.01345,0.00946,0.01128,0.02991
350,0.00711,0.00568,0.01265,0.01434,0.17373,0.00319,0.00767,0.01784,0.02208,0.00780,0.02006,0.02616,0.01082,0.02473,0.00433,0.00709,0.01103,0.01036,0.13973,0.47361
351,0.00910,0.01571,0.01046,0.01833,0.02256,0.62811,0.04763,0.03396,0.02849,0.00745,0.02130,0.03801,0.01638,0.02907,0.00500,0.00430,0.01633,0.00796,0.01139,0.02846
352,0.00966,0.02340,0.03179,0.01818,0.03331,0.00451,0.02911,0.09680,0.02177,0.10191,0.04056,0.03810,0.02322,0.43433,0.00318,0.01110,0.01637,0.01134,0.01753,0.03382
353,0.01541,0.02832,0.03878,0.02515,0.02649,0.00633,0.03247,0.03250,0.03234,0.01216,0.03218,0.03700,0.01605,0.56326,0.00832,0.01107,0.01876,0.01157,0.01891,0.03295
354,0.01274,0.02493,0.03217,0.01888,0.02868,0.00957,0.03675,0.14240,0.07811,0.01008,0.02589,0.04541,0.01867,0.02788,0.38463,0.02226,0.02182,0.00899,0.01466,0.03549
355,0.00707,0.02937,0.02487,0.02029,0.02331,0.00610,0.03742,0.07936,0.03820,0.00877,0.02459,0.04717,0.01837,0.03158,0.00792,0.01081,0.02107,0.50839,0.01620,0.03915
356,0.01132,0.01871,0.02249,0.01934,0.62192,0.00651,0.04107,0.02602,0.03053,0.00775,0.02469,0.03414,0.01633,0.03730,0.00768,0.00511,0.01968,0.00759,0.01625,0.02557
357,0.01446,0.03581,0.03746,0.07991,0.04645,0.01070,0.05274,0.03847,0.40496,0.01196,0.03042,0.02345,0.02152,0.03751,0.03317,0.01302,0.02147,0.01219,0.02245,0.05186
358,0.02034,0.02866,0.04462,0.37316,0.04475,0.03336,0.05394,0.04512,0.04482,0.02032,0.03932,0.05826,0.01832,0.03452,0.01034,0.01441,0.02264,0.03282,0.02454,0.03573
359,0.02389,0.03600,0.11005,0.00900,0.05217,0.01689,0.04859,0.05343,0.28539,0.02288,0.04996,0.01753,0.04015,0.08128,0.00727,0.01967,0.03510,0.01984,0.03082,0.04009
360,0.01528,0.06513,0.05360,0.01308,0.04553,0.00556,0.05793,0.07105,0.07394,0.01065,0.00820,0.11377,0.02003,0.03795,0.01560,0.01470,0.03440,0.19502,0.03112,0.11747
361,0.01429,0.10863,0.26978,0.01758,0.05342,0.00126,0.03687,0.05588,0.07360,0.02381,0.06210,0.00692,0.01994,0.07384,0.01596,0.01665,0.01778,0.02449,0.05121,0.05599
362,0.00620,0.02884,0.02582,0.03211,0.03931,0.00558,0.04819,0.01679,0.05886,0.02240,0.05392,0.02882,0.01411,0.05310,0.01193,0.04116,0.37951,0.01369,0.05556,0.06409
363,0.01095,0.03504,0.04446,0.01802,0.06543,0.01055,0.04966,0.04640,0.05013,0.01565,0.02332,0.05456,0.01848,0.02696,0.41567,0.01823,0.01703,0.01215,0.01551,0.05181
364,0.08994,0.03703,0.03228,0.00830,0.03162,0.00349,0.03080,0.15896,0.02599,0.00698,0.03004,0.05751,0.00783,0.01802,0.00434,0.01008,0.08298,0.32147,0.01355,0.02876
365,0.02389,0.23709,0.03686,0.02483,0.03434,0.00613,0.02000,0.02696,0.04164,0.01686,0.02811,0.15800,0.18449,0.01827,0.00864,0.04851,0.00899,0.01201,0.02479,0.03958
366,0.01145,0.08031,0.20212,0.01193,0.03384,0.00930,0.15222,0.03193,0.03633,0.01460,0.03632,0.09633,0.03815,0.04048,0.00878,0.02300,0.02135,0.01052,0.02937,0.11167
367,0.03137,0.03314,0.03048,0.03623,0.04934,0.00870,0.02617,0.05402,0.05448,0.00489,0.11172,0.04351,0.34924,0.02226,0.00712,0.01141,0.03060,0.01566,0.04477,0.03490
368,0.02981,0.09361,0.01059,0.01184,0.01117,0.09354,0.23794,0.01152,0.06606,0.00431,0.01636,0.11435,0.00430,0.13321,0.07148,0.05914,0.00510,0.00436,0.01013,0.01119
369,0.04279,0.03516,0.05680,0.07270,0.04051,0.03269,0.03299,0.04885,0.05034,0.05501,0.04809,0.08230,0.11507,0.04135,0.05081,0.05505,0.03480,0.04923,0.02415,0.03130
370,0.01150,0.01947,0.00618,0.06388,0.04272,0.38867,0.04108,0.04103,0.05899,0.01582,0.06556,0.04772,0.01831,0.04910,0.00895,0.00622,0.02186,0.01416,0.03395,0.04483
371,0.00319,0.04631,0.05175,0.03305,0.09858,0.01382,0.03251,0.02051,0.04835,0.01411,0.04338,0.07793,0.01273,0.04603,0.00999,0.02566,0.31191,0.01653,0.02705,0.06662
372,0.03480,0.02852,0.00940,0.00943,0.01277,0.00308,0.00408,0.04047,0.11871,0.06598,0.01228,0.01309,0.00853,0.29500,0.18646,0.01295,0.04846,0.07512,0.00893,0.01196
373,0.08612,0.03340,0.03605,0.07084,0.05304,0.00688,0.03998,0.07903,0.03669,0.03540,0.08823,0.10029,0.00394,0.05214,0.03261,0.04190,0.08037,0.05435,0.01605,0.05268
374,0.11007,0.37650,0.02173,0.01172,0.02252,0.00251,0.02542,0.03447,0.02470,0.02479,0.01993,0.03991,0.01480,0.02350,0.00535,0.02133,0.07001,0.09821,0.01219,0.04034
375,0.03031,0.05894,0.06941,0.05243,0.05392,0.00953,0.04215,0.08794,0.03951,0.00962,0.27257,0.07348,0.02115,0.05852,0.00864,0.02080,0.00835,0.01044,0.02726,0.04505
376,0.08130,0.04251,0.00685,0.06683,0.09507,0.05023,0.05517,0.00933,0.05393,0.04222,0.06707,0.06108,0.00291,0.03477,0.06378,0.04883,0.04495,0.02304,0.07168,0.07843
377,0.05510,0.03836,0.01003,0.00758,0.01543,0.00253,0.05156,0.10073,0.13566,0.06890,0.17175,0.01720,0.00433,0.07486,0.04590,0.01507,0.04427,0.03906,0.00911,0.09258
378,0.14126,0.25801,0.03306,0.00936,0.02627,0.00415,0.01759,0.00958,0.01479,0.00518,0.01380,0.01879,0.00578,0.01781,0.00362,0.01532,0.23073,0.14467,0.01040,0.01982
379,0.24428,0.05615,0.03370,0.02340,0.03779,0.02115,0.03130,0.02270,0.02759,0.01064,0.02982,0.04064,0.01409,0.02715,0.01090,0.25312,0.01336,0.01529,0.02760,0.05934
380,0.04866,0.04638,0.06761,0.11366,0.00616,0.05277,0.03649,0.03070,0.03731,0.06497,0.02658,0.11610,0.00115,0.10974,0.04938,0.05981,0.07032,0.02899,0.01629,0.01691
381,0.02187,0.02699,0.04884,0.02266,0.18984,0.01060,0.04417,0.05566,0.03230,0.01205,0.02735,0.07147,0.01604,0.02947,0.01012,0.00970,0.06667,0.01234,0.23474,0.05710
382,0.00707,0.04228,0.01937,0.01490,0.26030,0.00620,0.01590,0.02657,0.01646,0.14608,0.12035,0.02846,0.00130,0.01792,0.00354,0.00551,0.01302,0.01125,0.01343,0.23010
383,0.01704,0.02494,0.03244,0.02144,0.02898,0.00672,0.03592,0.03793,0.03262,0.01274,0.02794,0.03108,0.02094,0.04409,0.00331,0.01056,0.01459,0.01074,0.55501,0.03096
384,0.07596,0.04935,0.08683,0.04521,0.03826,0.07561,0.04475,0.05066,0.05612,0.03995,0.03690,0.06669,0.00223,0.06731,0.04666,0.05835,0.07332,0.03911,0.02015,0.02658
385,0.06825,0.04942,0.01525,0.12051,0.02778,0.01351,0.13825,0.04662,0.01615,0.02348,0.05775,0.08600,0.00552,0.12189,0.02263,0.03063,0.06739,0.05462,0.01204,0.02231
386,0.01655,0.04434,0.04287,0.02900,0.09933,0.00999,0.01955,0.11556,0.02786,0.25028,0.08109,0.04513,0.00503,0.02072,0.01765,0.01236,0.01733,0.06320,0.02009,0.06207
387,0.07964,0.04203,0.03021,0.01250,0.04020,0.28403,0.06500,0.04435,0.04057,0.01233,0.03207,0.04257,0.01998,0.05020,0.02828,0.07990,0.02018,0.01322,0.01803,0.04473
388,0.06415,0.03776,0.01076,0.01954,0.01474,0.02171,0.04379,0.04647,0.13785,0.05101,0.04990,0.04816,0.00513,0.07930,0.11726,0.06460,0.07441,0.05641,0.00604,0.05102
389,0.04131,0.02873,0.08585,0.02573,0.03776,0.04973,0.06492,0.01608,0.14881,0.00591,0.02370,0.07295,0.00236,0.06924,0.09667,0.07832,0.04587,0.02786,0.02280,0.05541
390,0.01452,0.02306,0.03548,0.02017,0.02929,0.00929,0.03505,0.02546,0.45273,0.01758,0.02969,0.04475,0.01069,0.03290,0.11323,0.00804,0.01519,0.04220,0.01509,0.02560
391,0.07221,0.04721,0.02637,0.01243,0.04773,0.00836,0.04276,0.05288,0.16640,0.01820,0.01567,0.03361,0.01345,0.06370,0.09374,0.05850,0.11212,0.06633,0.00098,0.04735
392,0.04793,0.04428,0.02491,0.02351,0.06497,0.00869,0.02237,0.03219,0.05187,0.03769,0.03868,0.05100,0.34606,0.03527,0.00767,0.01334,0.06843,0.00995,0.02938,0.04181
393,0.01830,0.04083,0.03367,0.05336,0.06051,0.00775,0.06296,0.04911,0.05917,0.02056,0.06467,0.04314,0.01404,0.03133,0.32283,0.01182,0.02108,0.01699,0.02524,0.04263
394,0.00194,0.01179,0.00153,0.01188,0.03102,0.00237,0.01748,0.06572,0.26235,0.09448,0.08016,0.02236,0.03797,0.08210,0.08839,0.00601,0.03049,0.11920,0.01394,0.01883
395,0.01976,0.27590,0.03332,0.04653,0.02527,0.00619,0.07669,0.03477,0.08959,0.08494,0.10316,0.04037,0.02037,0.06630,0.00899,0.00764,0.02152,0.01970,0.01299,0.00599
396,0.00479,0.04540,0.04043,0.04781,0.04316,0.08880,0.03131,0.00937,0.06719,0.01392,0.04537,0.02769,0.00835,0.03882,0.01207,0.17728,0.17391,0.05084,0.02549,0.04803
397,0.03058,0.03456,0.05325,0.01152,0.02721,0.00772,0.05124,0.06787,0.16245,0.01275,0.03333,0.04122,0.12807,0.06311,0.17188,0.02352,0.01566,0.01518,0.02188,0.02699
398,0.09378,0.00961,0.02605,0.06496,0.03314,0.04673,0.11522,0.06029,0.04995,0.05633,0.06346,0.04746,0.00905,0.05161,0.05771,0.03676,0.06780,0.04086,0.03284,0.03640
399,0.01428,0.04504,0.06422,0.31408,0.05152,0.00382,0.05984,0.08681,0.02244,0.01218,0.03733,0.06274,0.02237,0.07506,0.01028,0.01278,0.02499,0.01120,0.01905,0.04998
400,0.01400,0.03914,0.03501,0.02845,0.19472,0.00849,0.04036,0.03753,0.02485,0.00187,0.02852,0.02773,0.01246,0.02611,0.00788,0.00333,0.01601,0.01094,0.37902,0.06357
401,0.02654,0.13391,0.01360,0.01736,0.01382,0.00584,0.02506,0.08954,0.05545,0.05480,0.23373,0.03761,0.00722,0.03795,0.04527,0.00914,0.04708,0.11653,0.01044,0.01910
402,0.13097,0.03474,0.00391,0.01661,0.04217,0.05493,0.05323,0.02652,0.10722,0.05563,0.04223,0.04361,0.00627,0.02769,0.14013,0.06268,0.05381,0.05848,0.01908,0.02008
403,0.01817,0.09969,0.07099,0.00794,0.10682,0.01346,0.07180,0.08585,0.12273,0.02711,0.02273,0.04364,0.02307,0.03942,0.00822,0.02079,0.02451,0.03467,0.05640,0.10199
404,0.00345,0.04593,0.03580,0.01803,0.04858,0.00484,0.08640,0.09876,0.04524,0.13716,0.07923,0.06735,0.01143,0.04436,0.01048,0.02007,0.03696,0.12347,0.03179,0.05067
405,0.01602,0.02034,0.06875,0.05073,0.06661,0.01783,0.00730,0.06108,0.08787,0.02085,0.07917,0.06349,0.01944,0.05941,0.21958,0.01653,0.02774,0.02086,0.03651,0.03989
406,0.02141,0.04144,0.11793,0.03193,0.02727,0.01567,0.13716,0.02552,0.16598,0.01230,0.04800,0.03517,0.01183,0.04682,0.06599,0.06728,0.03764,0.03336,0.01568,0.04161
407,0.02263,0.07257,0.02210,0.02373,0.10077,0.01439,0.06773,0.02985,0.02878,0.01287,0.02019,0.24613,0.01505,0.03973,0.01232,0.00419,0.17649,0.01727,0.03004,0.04316
408,0.21964,0.02662,0.02040,0.03532,0.01665,0.00662,0.01906,0.02425,0.03181,0.00713,0.33839,0.02550,0.00931,0.03234,0.00706,0.11909,0.00331,0.01068,0.02152,0.02531
409,0.22254,0.07159,0.02525,0.04908,0.05097,0.02361,0.04143,0.04326,0.05056,0.01979,0.06924,0.05554,0.02016,0.11396,0.01080,0.02322,0.01525,0.00865,0.04842,0.03666
410,0.01378,0.06636,0.05382,0.03954,0.04171,0.01039,0.03185,0.06628,0.06873,0.18297,0.13468,0.05612,0.00810,0.01582,0.00867,0.01783,0.01951,0.08877,0.02233,0.05272
411,0.02018,0.03922,0.05280,0.05723,0.03473,0.20667,0.05588,0.04348,0.10577,0.01099,0.04617,0.06256,0.02088,0.08058,0.00760,0.01579,0.02324,0.03471,0.03121,0.05030
412,0.19022,0.02997,0.05475,0.03702,0.03647,0.02557,0.02951,0.05309,0.08646,0.01244,0.06308,0.09256,0.01934,0.09740,0.01204,0.01870,0.00552,0.03715,0.04915,0.04958
413,0.01611,0.07335,0.03872,0.02745,0.02696,0.01519,0.03074,0.19302,0.04306,0.00833,0.02298,0.02850,0.01457,0.02699,0.00923,0.01225,0.05675,0.31637,0.01515,0.02427
414,0.02078,0.03595,0.04200,0.04634,0.31674,0.01215,0.03950,0.05939,0.06277,0.01813,0.04226,0.06539,0.01665,0.05762,0.01298,0.00770,0.02550,0.01581,0.02683,0.07551
415,0.12766,0.01622,0.03059,0.17616,0.01481,0.00229,0.01629,0.01970,0.08253,0.00500,0.02069,0.09995,0.01080,0.13113,0.05715,0.08533,0.06437,0.00821,0.01354,0.01758
416,0.04584,0.02388,0.04393,0.53260,0.02452,0.00281,0.02728,0.03169,0.05529,0.00764,0.03290,0.04094,0.01097,0.02339,0.00843,0.00912,0.01514,0.01348,0.02136,0.02879
417,0.01514,0.01950,0.06680,0.56073,0.02495,0.00443,0.02851,0.03564,0.01606,0.00861,0.03336,0.03910,0.01108,0.03808,0.00855,0.01077,0.01796,0.00969,0.01736,0.03368
418,0.02061,0.02691,0.04458,0.02784,0.04018,0.01649,0.03132,0.06406,0.39120,0.01163,0.04412,0.01780,0.01226,0.04581,0.07237,0.01215,0.03607,0.01624,0.02601,0.04234
419,0.06633,0.10704,0.01151,0.03848,0.01215,0.00637,0.08562,0.09801,0.04303,0.08187,0.02472,0.04622,0.00282,0.09814,0.01876,0.08430,0.05795,0.06546,0.00513,0.04609
420,0.02028,0.06037,0.05913,0.03682,0.11324,0.01811,0.02914,0.03980,0.04108,0.01029,0.03880,0.03793,0.01670,0.04184,0.02554,0.01378,0.02048,0.01531,0.33923,0.02213
421,0.10620,0.04232,0.06486,0.00399,0.03037,0.02409,0.06171,0.02474,0.10626,0.02522,0.02557,0.12260,0.01132,0.08316,0.04767,0.04529,0.08231,0.07266,0.00717,0.01248
422,0.00725,0.04164,0.03369,0.03024,0.02192,0.01206,0.02815,0.02843,0.02782,0.00765,0.04068,0.12756,0.00468,0.02854,0.00932,0.17664,0.31665,0.01308,0.01956,0.02443
423,0.28978,0.10534,0.02835,0.03572,0.04107,0.00842,0.04544,0.04181,0.05160,0.01162,0.04885,0.06021,0.01462,0.05408,0.01072,0.04090,0.00745,0.01966,0.03653,0.04782
424,0.03018,0.01444,0.00959,0.01309,0.07068,0.04513,0.07943,0.02994,0.20038,0.01902,0.01701,0.01996,0.00287,0.02136,0.08700,0.08900,0.13268,0.04649,0.01795,0.05380
425,0.04558,0.03598,0.10567,0.26755,0.03778,0.00327,0.03613,0.03241,0.00634,0.01003,0.02317,0.02575,0.01668,0.16742,0.00783,0.07541,0.02148,0.02541,0.02433,0.03180
426,0.43910,0.02862,0.06669,0.03519,0.03284,0.01119,0.03954,0.03758,0.04406,0.01203,0.03642,0.04507,0.01252,0.04503,0.01076,0.01349,0.00693,0.00664,0.03322,0.04309
427,0.00955,0.05474,0.01348,0.01305,0.01269,0.00286,0.01181,0.48719,0.01569,0.04530,0.05763,0.01638,0.00491,0.00907,0.00371,0.00363,0.01662,0.19390,0.01497,0.01284
428,0.03163,0.01924,0.00143,0.00827,0.05907,0.03186,0.12072,0.01330,0.08425,0.00903,0.01155,0.09862,0.00311,0.07834,0.28319,0.03292,0.01492,0.01551,0.03204,0.05102
429,0.02927,0.24987,0.23402,0.01098,0.01299,0.00225,0.03572,0.01627,0.01626,0.00426,0.01641,0.02109,0.00526,0.01213,0.00553,0.27132,0.00629,0.00538,0.01283,0.03186
430,0.06444,0.02986,0.03038,0.03580,0.02626,0.04795,0.05145,0.03614,0.08262,0.03956,0.04376,0.07433,0.07087,0.05910,0.06212,0.05504,0.06104,0.05175,0.04114,0.03638
431,0.02038,0.02306,0.02127,0.03191,0.02160,0.00398,0.03226,0.02359,0.23690,0.00721,0.04974,0.03417,0.00632,0.03990,0.35064,0.03242,0.01589,0.01016,0.01340,0.02521
432,0.05943,0.05667,0.06849,0.02974,0.34685,0.02097,0.03477,0.03728,0.02633,0.00244,0.02758,0.04375,0.02955,0.02930,0.00889,0.00606,0.01879,0.06095,0.02618,0.06597
433,0.01517,0.03285,0.04569,0.03275,0.05185,0.01502,0.04532,0.04419,0.02236,0.01003,0.03128,0.04224,0.01474,0.03371,0.02322,0.01406,0.01578,0.01649,0.45223,0.04102
434,0.08050,0.06263,0.02513,0.01771,0.02824,0.05562,0.09655,0.03899,0.02930,0.06187,0.04335,0.11849,0.00106,0.07400,0.05120,0.06455,0.04950,0.04543,0.00742,0.04848
435,0.01088,0.02470,0.02668,0.03103,0.01675,0.01074,0.01556,0.15482,0.02777,0.45158,0.02428,0.02025,0.02065,0.01688,0.01307,0.00958,0.01083,0.07081,0.02147,0.02167
436,0.00305,0.06081,0.02942,0.03651,0.03334,0.00835,0.02298,0.22098,0.02817,0.00675,0.06007,0.02662,0.00780,0.02329,0.00885,0.00818,0.02134,0.33876,0.02056,0.03417
437,0.10436,0.07093,0.14593,0.08917,0.00867,0.07526,0.02841,0.00762,0.02156,0.00280,0.01409,0.10119,0.00576,0.07553,0.01672,0.11553,0.05509,0.00866,0.00717,0.04553
438,0.02061,0.02756,0.00859,0.00783,0.01103,0.00712,0.02697,0.01391,0.38135,0.01549,0.03724,0.06593,0.00231,0.01612,0.25400,0.03344,0.03974,0.01101,0.00877,0.01096
439,0.00782,0.02235,0.02863,0.59435,0.02311,0.00344,0.01298,0.02850,0.10524,0.00555,0.01914,0.01786,0.00444,0.01216,0.00624,0.00560,0.00747,0.02678,0.05030,0.01804
440,0.01563,0.03223,0.03197,0.03623,0.02860,0.00968,0.01910,0.03469,0.03131,0.00863,0.03656,0.02459,0.00770,0.03555,0.54488,0.00740,0.01280,0.02098,0.03623,0.02525
441,0.05913,0.04464,0.07463,0.07031,0.01700,0.06057,0.05458,0.01781,0.00968,0.04305,0.03883,0.11884,0.00123,0.12088,0.02956,0.06558,0.07494,0.04033,0.02207,0.03633
442,0.03796,0.05415,0.00557,0.00779,0.12393,0.00242,0.07043,0.03883,0.03985,0.02443,0.06504,0.10787,0.00112,0.04276,0.08514,0.01278,0.10693,0.05253,0.03513,0.08534
443,0.01254,0.02653,0.03135,0.04253,0.04669,0.01301,0.53747,0.02746,0.03282,0.00795,0.03634,0.01896,0.00757,0.02319,0.00925,0.01506,0.01194,0.01375,0.02971,0.05588
444,0.00835,0.03411,0.00735,0.00796,0.01104,0.00970,0.01241,0.08244,0.21150,0.08121,0.09700,0.00845,0.00487,0.06707,0.11884,0.00988,0.06483,0.11078,0.00888,0.04333
445,0.07640,0.01706,0.02605,0.04003,0.01247,0.02564,0.09526,0.04302,0.08066,0.02535,0.05673,0.07296,0.00450,0.06603,0.11794,0.07712,0.06683,0.06726,0.00983,0.01887
446,0.04298,0.01605,0.01931,0.01319,0.02855,0.27298,0.08424,0.01778,0.09181,0.00944,0.03737,0.04886,0.00719,0.11850,0.03162,0.07927,0.00911,0.01366,0.01833,0.03975
447,0.10718,0.06888,0.02891,0.16533,0.01898,0.03238,0.04994,0.02153,0.01218,0.01160,0.07025,0.03187,0.00270,0.13951,0.01581,0.09236,0.06849,0.02620,0.01651,0.01939
448,0.02296,0.41823,0.05282,0.05359,0.04598,0.01177,0.02567,0.04285,0.05490,0.01185,0.03924,0.06330,0.01356,0.04250,0.00260,0.01371,0.02157,0.01712,0.02701,0.01878
449,0.02743,0.05433,0.01201,0.02493,0.03766,0.00630,0.16125,0.01204,0.01759,0.03011,0.05972,0.11066,0.01020,0.03821,0.12034,0.01686,0.05814,0.00872,0.18519,0.00832
450,0.02296,0.04107,0.03885,0.02616,0.03036,0.11209,0.02225,0.03770,0.04579,0.01047,0.04695,0.04583,0.00981,0.03599,0.00632,0.36578,0.02874,0.01549,0.02305,0.03435
