site,A,C,D,E,F,G,H,I,K,L,M,N,P,Q,R,S,T,V,W,Y
338,0.15033,0.01004,0.05425,0.10667,0.00462,0.13961,0.01033,0.00351,0.00528,0.00480,0.02810,0.12698,0.00164,0.09208,0.00196,0.11938,0.12352,0.00264,0.00109,0.01317
339,0.00273,0.08385,0.01705,0.00896,0.01307,0.00199,0.03174,0.03638,0.02116,0.00459,0.01637,0.02838,0.01024,0.01681,0.00344,0.00593,0.01169,0.65662,0.00663,0.02238
340,0.00100,0.00727,0.00468,0.00288,0.00497,0.00093,0.00687,0.42480,0.00513,0.06702,0.02643,0.00751,0.00287,0.00523,0.00108,0.00164,0.15107,0.26981,0.00254,0.00628
341,0.02057,0.16275,0.00182,0.04365,0.00218,0.04957,0.00276,0.00486,0.00257,0.06763,0.09925,0.01367,0.00085,0.08185,0.00117,0.12676,0.30670,0.00806,0.00093,0.00239
342,0.00412,0.00913,0.01399,0.00708,0.10931,0.00158,0.01799,0.36633,0.01338,0.02552,0.21141,0.02083,0.00559,0.01460,0.00205,0.00369,0.00366,0.02835,0.03266,0.10874
343,0.22093,0.54920,0.00416,0.00482,0.02296,0.00090,0.00742,0.00878,0.00844,0.00225,0.00753,0.01202,0.00610,0.00600,0.00145,0.08752,0.01210,0.01953,0.00351,0.01438
344,0.00873,0.01405,0.02187,0.01395,0.02416,0.00258,0.03735,0.04297,0.03314,0.01127,0.64703,0.02643,0.01163,0.01844,0.00325,0.00753,0.02326,0.01501,0.00832,0.02904
345,0.01005,0.01729,0.01736,0.01211,0.02982,0.00375,0.02710,0.02043,0.01620,0.00565,0.01298,0.02674,0.01098,0.01800,0.00379,0.00793,0.71655,0.00672,0.01311,0.02344
346,0.00449,0.01073,0.76685,0.00742,0.01873,0.01227,0.01780,0.02313,0.02069,0.00578,0.01638,0.01814,0.01015,0.02007,0.00327,0.00529,0.00857,0.00886,0.00679,0.01459
347,0.07422,0.02318,0.00864,0.00809,0.01204,0.00171,0.01842,0.07814,0.01627,0.00347,0.01170,0.01344,0.00521,0.02137,0.00242,0.00899,0.66808,0.00306,0.00582,0.01574
348,0.05290,0.02236,0.01766,0.01405,0.02499,0.00451,0.03191,0.00585,0.02085,0.00874,0.02068,0.02904,0.04212,0.08278,0.00664,0.00693,0.55293,0.00759,0.02697,0.02049
349,0.00552,0.01606,0.01910,0.01256,0.01865,0.00431,0.01845,0.02965,0.01965,0.00329,0.01422,0.02479,0.73159,0.01894,0.00368,0.00946,0.01356,0.00682,0.00813,0.02155
350,0.00448,0.00272,0.00796,0.00879,0.16545,0.00198,0.03859,0.01132,0.01355,0.02742,0.01286,0.02106,0.00677,0.01524,0.00268,0.00421,0.00704,0.00966,0.16757,0.47063
351,0.00661,0.01141,0.01536,0.01332,0.01638,0.72036,0.03455,0.02466,0.02069,0.00541,0.01546,0.02757,0.01189,0.02114,0.00438,0.00312,0.01186,0.00688,0.00827,0.02068
352,0.00419,0.01015,0.01370,0.00731,0.01426,0.00194,0.04069,0.08213,0.01197,0.29844,0.12951,0.03188,0.01285,0.29673,0.00253,0.00481,0.00706,0.00774,0.00755,0.01455
353,0.01776,0.02123,0.02896,0.01881,0.01979,0.00474,0.02259,0.02435,0.02420,0.01068,0.02407,0.02762,0.01604,0.66536,0.00407,0.00828,0.01403,0.00866,0.01414,0.02464
354,0.03982,0.01510,0.01947,0.01137,0.01735,0.00222,0.03171,0.10212,0.10505,0.02834,0.06406,0.05123,0.01110,0.04838,0.36330,0.02848,0.01888,0.00918,0.01179,0.02105
355,0.00232,0.02313,0.01965,0.01605,0.03431,0.00392,0.02940,0.03230,0.02995,0.00688,0.01930,0.03734,0.01452,0.02472,0.00626,0.00852,0.01666,0.63120,0.01279,0.03079
356,0.00828,0.01365,0.01640,0.01414,0.71909,0.00476,0.02999,0.01981,0.02232,0.01071,0.01795,0.02490,0.01192,0.02720,0.00561,0.00373,0.01436,0.00553,0.01186,0.01777
357,0.00866,0.02217,0.02270,0.02694,0.02821,0.00589,0.03133,0.04071,0.38601,0.00718,0.01904,0.06015,0.01347,0.02480,0.23215,0.00795,0.01116,0.00718,0.01337,0.03090
358,0.00978,0.02241,0.06785,0.46330,0.03523,0.02396,0.04128,0.03427,0.07990,0.01160,0.02997,0.04586,0.01420,0.02685,0.00802,0.01115,0.01775,0.00917,0.01920,0.02825
359,0.02049,0.03118,0.09501,0.01998,0.04484,0.01593,0.04220,0.04450,0.39435,0.01956,0.04279,0.01502,0.03451,0.05618,0.00424,0.01688,0.02443,0.01694,0.02646,0.03450
360,0.00232,0.05738,0.04766,0.02419,0.04035,0.00434,0.05176,0.06307,0.06605,0.00785,0.02256,0.10238,0.01770,0.03346,0.01387,0.01302,0.03044,0.26996,0.02759,0.10408
361,0.00780,0.09088,0.35966,0.01944,0.04499,0.00280,0.03111,0.04734,0.06297,0.02006,0.05229,0.03308,0.01682,0.06156,0.01341,0.01419,0.01507,0.03582,0.04326,0.02743
362,0.00184,0.02194,0.01968,0.02429,0.02984,0.00424,0.03690,0.02461,0.04457,0.01699,0.04129,0.02461,0.02058,0.04070,0.00904,0.08291,0.45484,0.01038,0.04224,0.04851
363,0.00890,0.02846,0.03630,0.01468,0.05321,0.01622,0.04081,0.03768,0.00602,0.01270,0.01770,0.04479,0.01506,0.02198,0.52668,0.01090,0.01865,0.00985,0.03728,0.04215
364,0.09110,0.02838,0.02387,0.00630,0.02479,0.00195,0.02322,0.07996,0.01971,0.01441,0.11159,0.04349,0.00604,0.01373,0.00331,0.00767,0.07538,0.39296,0.01044,0.02168
365,0.05985,0.05855,0.03655,0.02485,0.03436,0.00744,0.02018,0.02529,0.04116,0.02012,0.02753,0.16728,0.29155,0.01867,0.00824,0.05775,0.02419,0.01195,0.02523,0.03927
366,0.03233,0.04239,0.28973,0.03185,0.03022,0.02704,0.09219,0.02804,0.03271,0.01258,0.03314,0.15442,0.01554,0.03658,0.00780,0.01519,0.01913,0.01493,0.02526,0.05894
367,0.01066,0.02642,0.02637,0.03124,0.04250,0.00759,0.01652,0.04687,0.04779,0.00424,0.09929,0.03755,0.47918,0.01930,0.00581,0.00394,0.01202,0.01353,0.03880,0.03038
368,0.01890,0.07463,0.00646,0.00716,0.00677,0.15411,0.21488,0.00709,0.09660,0.00143,0.01672,0.08837,0.00161,0.12899,0.06067,0.09672,0.00311,0.00266,0.00621,0.00691
369,0.05135,0.04292,0.04726,0.05561,0.03837,0.03691,0.04640,0.05860,0.07624,0.03794,0.04732,0.09173,0.07912,0.03618,0.06225,0.05268,0.02941,0.05509,0.02930,0.02533
370,0.00848,0.01569,0.01813,0.05131,0.03457,0.49660,0.03302,0.03324,0.04756,0.01279,0.05330,0.03851,0.01477,0.03968,0.00722,0.00501,0.01759,0.00897,0.02750,0.03604
371,0.01518,0.03546,0.04426,0.02829,0.08528,0.01178,0.02758,0.01518,0.04117,0.01201,0.03698,0.05759,0.01085,0.03947,0.00851,0.01288,0.42353,0.01417,0.02305,0.05678
372,0.01900,0.01535,0.00627,0.00617,0.00813,0.00201,0.01420,0.09848,0.11638,0.04355,0.00795,0.00850,0.00503,0.35007,0.19725,0.00303,0.01654,0.06807,0.00579,0.00821
373,0.09097,0.03424,0.02174,0.06834,0.07333,0.00388,0.06404,0.05072,0.06542,0.05840,0.05677,0.07340,0.00680,0.05713,0.06738,0.02260,0.08760,0.06576,0.01454,0.01696
374,0.15881,0.32972,0.01779,0.01203,0.02168,0.00198,0.02263,0.01215,0.02085,0.00698,0.01676,0.03478,0.01255,0.02126,0.00433,0.02206,0.10257,0.13524,0.00979,0.03604
375,0.01596,0.03194,0.05775,0.04433,0.04557,0.00750,0.03558,0.03356,0.03280,0.00889,0.36175,0.06277,0.01767,0.07028,0.00733,0.01287,0.08875,0.00351,0.02270,0.03848
376,0.03445,0.04341,0.00093,0.12635,0.05919,0.04276,0.08079,0.01052,0.06749,0.04400,0.03309,0.05787,0.00172,0.10839,0.06723,0.05585,0.06263,0.02063,0.04175,0.04097
377,0.03566,0.03014,0.00804,0.00641,0.03796,0.00201,0.02234,0.13036,0.06587,0.11919,0.21500,0.01771,0.00344,0.07862,0.04543,0.01827,0.02631,0.03240,0.00475,0.10005
378,0.14550,0.17393,0.00826,0.00720,0.01157,0.00396,0.01332,0.01652,0.01167,0.00397,0.01069,0.01437,0.00446,0.01391,0.00280,0.00919,0.34719,0.17777,0.00830,0.01542
379,0.30284,0.04194,0.02566,0.01761,0.05159,0.00980,0.02356,0.01714,0.02105,0.00803,0.02238,0.03065,0.00545,0.02038,0.00821,0.30473,0.00761,0.01168,0.02079,0.04890
380,0.05655,0.04245,0.04653,0.12285,0.00377,0.06671,0.03347,0.03516,0.05172,0.04382,0.05895,0.10266,0.00080,0.08566,0.06110,0.06636,0.06088,0.03183,0.01764,0.01110
381,0.01961,0.02632,0.04335,0.02012,0.16056,0.01716,0.03939,0.04955,0.02873,0.00781,0.02437,0.06310,0.01432,0.02623,0.00454,0.00868,0.05963,0.01100,0.33256,0.04298
382,0.00364,0.01676,0.01041,0.00765,0.39121,0.00317,0.00833,0.01344,0.00858,0.12080,0.08460,0.01390,0.00814,0.00568,0.00147,0.00283,0.00412,0.01042,0.00675,0.27810
383,0.01272,0.01805,0.02422,0.01601,0.02163,0.00502,0.02681,0.02833,0.02435,0.01129,0.02086,0.02320,0.01563,0.03292,0.00902,0.00851,0.01089,0.00802,0.65942,0.02311
384,0.07323,0.04516,0.06882,0.04570,0.02795,0.07449,0.03614,0.03719,0.06028,0.04998,0.03824,0.09277,0.00149,0.07482,0.05080,0.07086,0.07214,0.04344,0.00968,0.02681
385,0.05209,0.04600,0.01838,0.15660,0.00974,0.01290,0.09564,0.04292,0.02832,0.05041,0.06125,0.08665,0.00446,0.11890,0.01735,0.04129,0.05525,0.06259,0.01573,0.02353
386,0.01489,0.03969,0.03967,0.02659,0.05887,0.00890,0.01770,0.11906,0.02506,0.36075,0.05518,0.04055,0.01285,0.01124,0.00542,0.01118,0.01553,0.06199,0.01868,0.05621
387,0.05387,0.03801,0.02805,0.00529,0.03700,0.41601,0.05967,0.04048,0.03845,0.01142,0.02979,0.03954,0.01842,0.04604,0.00383,0.05480,0.01861,0.00761,0.01290,0.04022
388,0.07675,0.01835,0.00717,0.04935,0.01230,0.01217,0.09828,0.04040,0.15581,0.03776,0.04367,0.03488,0.00364,0.06659,0.13723,0.06997,0.07211,0.03979,0.00423,0.01956
389,0.03983,0.03323,0.03750,0.05564,0.01578,0.03582,0.07480,0.00773,0.15383,0.00398,0.02445,0.10750,0.00144,0.05086,0.09976,0.07042,0.06054,0.02505,0.02269,0.07914
390,0.01068,0.01696,0.02646,0.02427,0.02180,0.00684,0.02073,0.01874,0.53131,0.00582,0.01200,0.02816,0.00793,0.02380,0.16798,0.00597,0.00988,0.03064,0.01111,0.01893
391,0.05870,0.07576,0.01832,0.04630,0.04077,0.00134,0.07864,0.03024,0.07128,0.00916,0.03210,0.02205,0.01138,0.09667,0.12462,0.07808,0.07449,0.06971,0.00083,0.05959
392,0.01483,0.03875,0.02167,0.02053,0.05563,0.00757,0.01942,0.02827,0.04506,0.02045,0.03362,0.04416,0.47769,0.03094,0.00667,0.03064,0.03374,0.00862,0.02574,0.03600
393,0.01658,0.02294,0.03061,0.04907,0.05456,0.00807,0.00495,0.04414,0.05276,0.01238,0.05912,0.03883,0.01111,0.02832,0.46199,0.00914,0.01909,0.01528,0.02293,0.03812
394,0.00052,0.02498,0.00070,0.00650,0.02486,0.00140,0.01095,0.13319,0.18817,0.06126,0.14019,0.01406,0.02420,0.12429,0.06543,0.00370,0.03738,0.11807,0.00855,0.01160
395,0.01264,0.27742,0.02136,0.02995,0.06454,0.00946,0.04908,0.02209,0.05810,0.12641,0.19435,0.02576,0.01304,0.04247,0.00110,0.01127,0.01372,0.01257,0.01085,0.00383
396,0.00367,0.04555,0.04184,0.04514,0.04316,0.03402,0.03144,0.00370,0.09031,0.01378,0.04415,0.03785,0.01233,0.03740,0.01332,0.11121,0.27121,0.04549,0.02657,0.04786
397,0.03339,0.02954,0.04287,0.00853,0.02416,0.00648,0.04551,0.05568,0.22407,0.01164,0.02855,0.03583,0.07440,0.03048,0.26115,0.01086,0.02184,0.01213,0.01920,0.02367
398,0.07659,0.00722,0.07429,0.07412,0.04623,0.03973,0.05690,0.05764,0.02455,0.04743,0.06383,0.04661,0.00711,0.11364,0.02448,0.06139,0.06462,0.03148,0.03889,0.04324
399,0.01035,0.04018,0.04106,0.39878,0.04541,0.00486,0.05313,0.07805,0.03253,0.01071,0.05442,0.05493,0.01959,0.03931,0.01307,0.01131,0.02198,0.00983,0.01671,0.04379
400,0.01219,0.01877,0.02961,0.02271,0.25499,0.00730,0.03355,0.03015,0.02055,0.00964,0.02410,0.02293,0.01040,0.02242,0.00672,0.00273,0.01312,0.00715,0.43571,0.01528
401,0.01219,0.10022,0.01197,0.01595,0.01093,0.00517,0.02308,0.12438,0.09831,0.05997,0.25418,0.01180,0.00640,0.03289,0.04162,0.00398,0.03522,0.12491,0.00950,0.01733
402,0.11514,0.02675,0.00958,0.01012,0.02467,0.04846,0.03937,0.02452,0.12098,0.03508,0.04296,0.04777,0.00416,0.10141,0.17326,0.06699,0.04314,0.04086,0.01559,0.00919
403,0.01528,0.11661,0.08251,0.01826,0.12271,0.01133,0.07128,0.08961,0.16465,0.02288,0.01688,0.02178,0.01959,0.02637,0.00216,0.01765,0.01502,0.02914,0.04811,0.08818
404,0.01038,0.06048,0.02949,0.02189,0.03723,0.00430,0.06486,0.18622,0.03665,0.15028,0.07011,0.05038,0.00876,0.03366,0.00822,0.01478,0.01152,0.13878,0.02547,0.03654
405,0.01477,0.02261,0.06285,0.04637,0.06195,0.01352,0.00511,0.05566,0.07983,0.01813,0.07179,0.05900,0.01360,0.05435,0.29470,0.01144,0.02562,0.01914,0.03325,0.03631
406,0.08091,0.08749,0.04301,0.03376,0.02193,0.05605,0.17157,0.00878,0.09207,0.00932,0.03529,0.02732,0.01144,0.04102,0.07320,0.07759,0.04867,0.02703,0.01177,0.04179
407,0.02062,0.06421,0.00684,0.02136,0.09355,0.01188,0.04463,0.02707,0.01938,0.01183,0.01858,0.35569,0.01372,0.03583,0.01113,0.01524,0.12016,0.01568,0.02712,0.06547
408,0.35484,0.02674,0.02029,0.01910,0.01743,0.00694,0.02053,0.02566,0.03133,0.00756,0.17894,0.02824,0.01178,0.08143,0.00713,0.07738,0.02512,0.00918,0.02276,0.02762
409,0.29985,0.06207,0.02196,0.04253,0.04420,0.01203,0.03587,0.03739,0.04393,0.01715,0.05998,0.04821,0.01493,0.10287,0.00936,0.05571,0.00371,0.01462,0.04177,0.03185
410,0.00852,0.04043,0.03354,0.02473,0.02592,0.00641,0.01973,0.14824,0.04301,0.18486,0.15860,0.03412,0.01285,0.00982,0.00342,0.01104,0.01240,0.17608,0.01392,0.03237
411,0.01625,0.03697,0.05015,0.00603,0.03317,0.30706,0.05269,0.04186,0.10241,0.01054,0.04436,0.05892,0.01993,0.07648,0.00364,0.01499,0.02228,0.02497,0.02960,0.04767
412,0.27925,0.02756,0.05011,0.04101,0.03350,0.01224,0.02693,0.04883,0.08199,0.01133,0.05774,0.08743,0.01787,0.09481,0.01102,0.01846,0.00507,0.00385,0.04521,0.04580
413,0.00840,0.20097,0.02042,0.01437,0.01412,0.00801,0.01608,0.16031,0.02269,0.00436,0.00507,0.01489,0.00761,0.01416,0.00484,0.00647,0.03638,0.42033,0.00792,0.01261
414,0.01639,0.02384,0.03285,0.03592,0.38523,0.00938,0.03024,0.03140,0.04835,0.00280,0.03291,0.05096,0.01272,0.04445,0.00990,0.00426,0.01977,0.01596,0.02086,0.17184
415,0.06767,0.01284,0.01193,0.21835,0.01190,0.00231,0.01530,0.01514,0.08533,0.00385,0.01591,0.07782,0.00664,0.23526,0.04253,0.06729,0.07008,0.01552,0.01079,0.01353
416,0.01570,0.01698,0.01839,0.60551,0.01743,0.01720,0.01939,0.02251,0.08163,0.00542,0.02336,0.02911,0.00779,0.01662,0.00599,0.00647,0.01075,0.04416,0.01515,0.02045
417,0.00839,0.01316,0.03374,0.60737,0.01685,0.04170,0.01922,0.02399,0.07520,0.00582,0.02244,0.02640,0.00745,0.03216,0.00576,0.00726,0.01210,0.00655,0.01177,0.02267
418,0.01416,0.01848,0.03088,0.00240,0.02777,0.00992,0.02286,0.04783,0.42523,0.00795,0.04677,0.13212,0.00846,0.02069,0.09451,0.00836,0.02398,0.01115,0.01795,0.02852
419,0.04579,0.08857,0.00253,0.02899,0.00326,0.01975,0.09782,0.10900,0.04666,0.07230,0.08900,0.05629,0.00140,0.11962,0.02469,0.05308,0.03775,0.05361,0.00356,0.04632
420,0.01678,0.02036,0.04834,0.03015,0.16514,0.00571,0.02392,0.03274,0.03381,0.00901,0.03177,0.03170,0.01367,0.03418,0.00269,0.00989,0.01674,0.01254,0.44273,0.01810
421,0.06940,0.03328,0.12837,0.03315,0.01029,0.02595,0.06425,0.02369,0.09308,0.02004,0.03358,0.14752,0.01438,0.03211,0.04271,0.10224,0.07630,0.03957,0.00382,0.00627
422,0.01307,0.03545,0.02760,0.02511,0.01828,0.00995,0.02282,0.02367,0.02256,0.00644,0.00505,0.08906,0.00390,0.02359,0.00648,0.20003,0.41962,0.01078,0.01620,0.02036
423,0.36504,0.10117,0.01445,0.02844,0.03270,0.00941,0.03617,0.03328,0.04102,0.00924,0.03881,0.04794,0.01302,0.04310,0.00853,0.08508,0.01118,0.01429,0.02907,0.03809
424,0.06240,0.01593,0.01047,0.02863,0.06177,0.07312,0.09882,0.02702,0.11432,0.02806,0.00691,0.02758,0.00146,0.07421,0.09142,0.06207,0.09124,0.04061,0.02328,0.06069
425,0.04186,0.02305,0.18238,0.29494,0.02550,0.03288,0.03135,0.02228,0.04567,0.00681,0.01595,0.02203,0.01136,0.15155,0.00537,0.02872,0.01370,0.00655,0.01618,0.02188
426,0.52982,0.02211,0.05503,0.02706,0.02520,0.00862,0.03036,0.02887,0.03387,0.00927,0.02784,0.03479,0.00963,0.03457,0.00832,0.02702,0.01419,0.01519,0.02554,0.03272
427,0.03035,0.09324,0.01177,0.01278,0.01135,0.00224,0.01038,0.36507,0.01368,0.07371,0.00417,0.01411,0.00444,0.00808,0.00329,0.00318,0.04371,0.26989,0.01302,0.01155
428,0.05849,0.01781,0.00060,0.00560,0.04509,0.03288,0.25609,0.01669,0.04628,0.01243,0.01793,0.10835,0.00211,0.04100,0.15032,0.03025,0.03535,0.02234,0.02744,0.07297
429,0.03827,0.22340,0.22657,0.01318,0.00784,0.00075,0.03123,0.00992,0.00974,0.00257,0.00982,0.01224,0.00320,0.01065,0.00333,0.31067,0.00463,0.00475,0.00782,0.06940
430,0.07187,0.04983,0.05659,0.06017,0.01376,0.05572,0.05256,0.03202,0.05317,0.03599,0.02029,0.06588,0.07967,0.06761,0.04480,0.06907,0.06307,0.04755,0.02125,0.03913
431,0.05033,0.01816,0.01316,0.01381,0.01363,0.07626,0.02991,0.01715,0.24781,0.01362,0.01075,0.06307,0.00427,0.02625,0.34177,0.01901,0.01005,0.00746,0.00645,0.01709
432,0.04927,0.03581,0.05774,0.02476,0.45006,0.01760,0.02955,0.03870,0.02191,0.05747,0.02348,0.03727,0.02491,0.02473,0.00745,0.00512,0.01574,0.03246,0.02186,0.02413
433,0.01194,0.03107,0.03597,0.02575,0.04081,0.02044,0.03565,0.03478,0.01759,0.01680,0.02461,0.03324,0.01159,0.02651,0.00434,0.01106,0.01241,0.01297,0.56023,0.03224
434,0.08285,0.05267,0.03742,0.04542,0.02901,0.07331,0.06652,0.03737,0.03919,0.06369,0.05429,0.09035,0.00164,0.06755,0.04702,0.06841,0.04831,0.04074,0.00905,0.04521
435,0.00919,0.02052,0.02247,0.02625,0.01396,0.00893,0.01304,0.08775,0.02345,0.59621,0.03268,0.01682,0.00252,0.01416,0.00566,0.00798,0.00976,0.05226,0.01801,0.01838
436,0.03736,0.03156,0.02317,0.01641,0.02572,0.00767,0.01787,0.22011,0.02203,0.00988,0.04432,0.02079,0.00611,0.01810,0.00689,0.00635,0.02184,0.42142,0.01592,0.02648
437,0.12609,0.05046,0.19037,0.10861,0.00978,0.07051,0.05310,0.00617,0.02481,0.00336,0.01339,0.05507,0.00468,0.07497,0.01816,0.12569,0.04559,0.00541,0.00508,0.00869
438,0.03353,0.04090,0.00416,0.00400,0.01273,0.02000,0.03095,0.01799,0.33197,0.02285,0.02956,0.07174,0.00120,0.03144,0.20887,0.03557,0.05379,0.03352,0.00825,0.00699
439,0.00517,0.01675,0.01229,0.70001,0.01721,0.02935,0.00961,0.02104,0.06942,0.00415,0.01444,0.01324,0.00334,0.00910,0.00465,0.00420,0.00559,0.00921,0.03762,0.01360
440,0.01122,0.02315,0.02299,0.02582,0.02065,0.04404,0.01374,0.01618,0.03243,0.00622,0.02590,0.01763,0.00557,0.02597,0.62692,0.01316,0.00869,0.01523,0.02603,0.01845
441,0.05458,0.04804,0.11574,0.07694,0.02328,0.05462,0.05900,0.03077,0.01471,0.02624,0.06072,0.08303,0.00084,0.08117,0.02675,0.08071,0.08058,0.02559,0.01666,0.04003
442,0.04940,0.07319,0.00652,0.00453,0.09178,0.00277,0.06847,0.03935,0.02108,0.04899,0.07847,0.13061,0.00061,0.06365,0.04760,0.02523,0.09041,0.04643,0.03769,0.07321
443,0.00902,0.01908,0.02022,0.03054,0.03344,0.00936,0.61377,0.01979,0.02365,0.00571,0.02607,0.04861,0.00740,0.02368,0.05176,0.01086,0.00858,0.00988,0.02139,0.00719
444,0.01268,0.04223,0.00558,0.00854,0.01523,0.00197,0.00429,0.12837,0.15609,0.09920,0.08221,0.00646,0.00703,0.08872,0.11383,0.01492,0.04956,0.14293,0.00608,0.01409
445,0.07319,0.03075,0.02587,0.05503,0.00556,0.02612,0.10932,0.04615,0.10018,0.03137,0.05040,0.08444,0.00213,0.12685,0.08973,0.06758,0.01412,0.03608,0.00479,0.02033
446,0.03199,0.01384,0.02438,0.00620,0.01405,0.37783,0.05216,0.01538,0.04512,0.00501,0.02381,0.11359,0.00625,0.12122,0.02858,0.06684,0.00781,0.01696,0.01558,0.01339
447,0.10443,0.04903,0.01125,0.24793,0.01956,0.00076,0.04215,0.01345,0.05522,0.00346,0.03952,0.01848,0.00255,0.17827,0.02100,0.08981,0.04171,0.03052,0.01165,0.01923
448,0.01657,0.48571,0.03866,0.03920,0.02825,0.00903,0.01857,0.03088,0.04080,0.00861,0.02862,0.04559,0.00981,0.03102,0.00870,0.00996,0.01568,0.01248,0.01163,0.11022
449,0.02925,0.04609,0.00556,0.01203,0.04706,0.00351,0.12570,0.01816,0.00863,0.03830,0.06777,0.10080,0.00206,0.04192,0.04171,0.02729,0.06909,0.00713,0.28001,0.02794
450,0.03132,0.02147,0.03237,0.02167,0.02493,0.08228,0.01841,0.02747,0.03754,0.00865,0.03833,0.00605,0.00810,0.02963,0.01427,0.47476,0.06251,0.01281,0.01910,0.02834
