site,A,C,D,E,F,G,H,I,K,L,M,N,P,Q,R,S,T,V,W,Y
338,0.11844,0.01667,0.05295,0.11494,0.00590,0.14252,0.01644,0.00417,0.00643,0.00715,0.02367,0.11750,0.00251,0.10607,0.00210,0.12445,0.11632,0.00250,0.00184,0.01742
339,0.03105,0.07499,0.02143,0.01095,0.01652,0.00514,0.03879,0.02166,0.02586,0.00658,0.01998,0.03474,0.01252,0.02054,0.00420,0.00724,0.01429,0.59809,0.00811,0.02732
340,0.00371,0.01311,0.01036,0.00640,0.01091,0.00208,0.01529,0.27246,0.01281,0.02678,0.02155,0.01661,0.00592,0.01161,0.00242,0.00406,0.26933,0.27518,0.00557,0.01384
341,0.02394,0.12974,0.00333,0.04653,0.00357,0.06199,0.00419,0.00477,0.00469,0.07681,0.09218,0.02399,0.00153,0.08884,0.00087,0.13501,0.28731,0.00484,0.00157,0.00431
342,0.00530,0.01171,0.01812,0.00914,0.13824,0.00204,0.02296,0.34461,0.01590,0.01335,0.20964,0.02688,0.00720,0.01879,0.00264,0.00475,0.00431,0.01533,0.02020,0.10889
343,0.21296,0.44584,0.00889,0.00633,0.05126,0.00157,0.03557,0.01154,0.01086,0.00306,0.00975,0.03657,0.00561,0.00782,0.00188,0.11352,0.01260,0.00757,0.00458,0.01220
344,0.01075,0.01732,0.02673,0.01716,0.02963,0.00317,0.04555,0.06334,0.03024,0.00830,0.59258,0.03245,0.01422,0.02251,0.00497,0.00919,0.01801,0.00744,0.01022,0.03626
345,0.00545,0.02060,0.02080,0.01451,0.03572,0.00449,0.03241,0.02989,0.01936,0.00675,0.01551,0.03201,0.01815,0.02158,0.00452,0.01252,0.65400,0.00805,0.01568,0.02799
346,0.00619,0.01293,0.68329,0.00894,0.02252,0.01130,0.02144,0.02779,0.02493,0.00698,0.01965,0.05045,0.01225,0.02407,0.00394,0.00635,0.01032,0.01116,0.00817,0.02733
347,0.02653,0.02076,0.01214,0.01134,0.01686,0.00241,0.02601,0.03198,0.02276,0.00490,0.01644,0.02088,0.02382,0.03015,0.00342,0.02157,0.67387,0.00430,0.00773,0.02213
348,0.01975,0.02865,0.02252,0.01793,0.03197,0.00576,0.04086,0.00746,0.03516,0.01115,0.02640,0.03697,0.02333,0.10588,0.00846,0.00885,0.49880,0.00970,0.03429,0.02611
349,0.00695,0.02022,0.02403,0.01581,0.02347,0.00543,0.02322,0.03731,0.02473,0.00574,0.01790,0.03117,0.67151,0.02195,0.00464,0.00650,0.01349,0.00858,0.01023,0.02712
350,0.00624,0.00469,0.01109,0.01249,0.17097,0.00279,0.01797,0.01567,0.01923,0.01434,0.01766,0.02446,0.00947,0.02156,0.00378,0.00613,0.00970,0.01013,0.14901,0.47262
351,0.00827,0.01428,0.01210,0.01666,0.02050,0.65886,0.04327,0.03086,0.02589,0.00677,0.01935,0.03453,0.01488,0.02642,0.00479,0.00391,0.01484,0.00760,0.01035,0.02587
352,0.00783,0.01898,0.02576,0.01456,0.02696,0.00366,0.03297,0.09191,0.01851,0.16742,0.07021,0.03603,0.01976,0.38847,0.00296,0.00900,0.01327,0.01014,0.01420,0.02739
353,0.01619,0.02595,0.03550,0.02303,0.02426,0.00580,0.02918,0.02978,0.02962,0.01166,0.02948,0.03387,0.01604,0.59729,0.00690,0.01014,0.01718,0.01060,0.01732,0.03018
354,0.02177,0.02165,0.02793,0.01637,0.02491,0.00712,0.03507,0.12898,0.08709,0.01617,0.03861,0.04735,0.01614,0.03471,0.37752,0.02434,0.02084,0.00905,0.01371,0.03068
355,0.00549,0.02729,0.02313,0.01887,0.02698,0.00538,0.03475,0.06367,0.03545,0.00814,0.02283,0.04389,0.01709,0.02929,0.00736,0.01004,0.01960,0.54933,0.01506,0.03636
356,0.01031,0.01702,0.02046,0.01761,0.65431,0.00593,0.03738,0.02395,0.02780,0.00874,0.02244,0.03106,0.01486,0.03393,0.00699,0.00465,0.01790,0.00691,0.01479,0.02297
357,0.01253,0.03127,0.03254,0.06226,0.04037,0.00910,0.04560,0.03922,0.39865,0.01037,0.02663,0.03568,0.01884,0.03327,0.09950,0.01133,0.01803,0.01052,0.01943,0.04487
358,0.01682,0.02658,0.05236,0.40321,0.04158,0.03023,0.04972,0.04150,0.05651,0.01742,0.03620,0.05413,0.01695,0.03197,0.00957,0.01332,0.02101,0.02493,0.02276,0.03324
359,0.02276,0.03439,0.10503,0.01266,0.04972,0.01657,0.04646,0.05045,0.32171,0.02177,0.04757,0.01670,0.03827,0.07292,0.00626,0.01874,0.03154,0.01888,0.02937,0.03823
360,0.01096,0.06254,0.05162,0.01679,0.04380,0.00515,0.05587,0.06839,0.07131,0.00971,0.01299,0.10997,0.01925,0.03645,0.01503,0.01414,0.03308,0.22000,0.02994,0.11301
361,0.01212,0.10271,0.29974,0.01820,0.05061,0.00178,0.03495,0.05303,0.07006,0.02256,0.05883,0.01564,0.01890,0.06974,0.01511,0.01583,0.01688,0.02827,0.04856,0.04647
362,0.00475,0.02654,0.02377,0.02950,0.03615,0.00513,0.04442,0.01940,0.05410,0.02060,0.04971,0.02742,0.01627,0.04897,0.01097,0.05508,0.40462,0.01258,0.05112,0.05890
363,0.01027,0.03285,0.04174,0.01690,0.06136,0.01244,0.04671,0.04349,0.03542,0.01467,0.02144,0.05130,0.01734,0.02530,0.45267,0.01578,0.01757,0.01138,0.02277,0.04859
364,0.09033,0.03415,0.02948,0.00763,0.02934,0.00298,0.02828,0.13263,0.02390,0.00946,0.05722,0.05284,0.00724,0.01659,0.00400,0.00927,0.08045,0.34530,0.01252,0.02640
365,0.03588,0.17758,0.03676,0.02483,0.03434,0.00657,0.02006,0.02640,0.04148,0.01795,0.02791,0.16109,0.22018,0.01840,0.00851,0.05159,0.01406,0.01199,0.02494,0.03948
366,0.01841,0.06767,0.23133,0.01857,0.03263,0.01521,0.13221,0.03063,0.03512,0.01393,0.03526,0.11569,0.03061,0.03918,0.00845,0.02040,0.02061,0.01199,0.02800,0.09409
367,0.02447,0.03090,0.02911,0.03457,0.04706,0.00833,0.02295,0.05164,0.05225,0.00468,0.10758,0.04152,0.39255,0.02127,0.00669,0.00892,0.02441,0.01495,0.04278,0.03339
368,0.02617,0.08728,0.00921,0.01028,0.00970,0.11373,0.23025,0.01004,0.07624,0.00335,0.01648,0.10569,0.00340,0.13180,0.06788,0.07167,0.00444,0.00380,0.00882,0.00976
369,0.04565,0.03774,0.05362,0.06700,0.03980,0.03410,0.03746,0.05210,0.05897,0.04932,0.04784,0.08545,0.10308,0.03963,0.05462,0.05426,0.03300,0.05118,0.02587,0.02931
370,0.01049,0.01821,0.01016,0.05969,0.04000,0.42464,0.03840,0.03843,0.05518,0.01481,0.06147,0.04465,0.01713,0.04596,0.00837,0.00582,0.02044,0.01243,0.03180,0.04190
371,0.00719,0.04269,0.04925,0.03146,0.09415,0.01314,0.03087,0.01873,0.04596,0.01341,0.04125,0.07115,0.01210,0.04385,0.00950,0.02140,0.34911,0.01574,0.02572,0.06334
372,0.02953,0.02413,0.00836,0.00834,0.01122,0.00272,0.00745,0.05981,0.11794,0.05850,0.01084,0.01156,0.00737,0.31336,0.19005,0.00964,0.03782,0.07277,0.00788,0.01071
373,0.08773,0.03368,0.03128,0.07000,0.05981,0.00588,0.04800,0.06959,0.04627,0.04306,0.07775,0.09133,0.00490,0.05380,0.04420,0.03547,0.08278,0.05816,0.01555,0.04077
374,0.12632,0.36091,0.02042,0.01182,0.02224,0.00234,0.02449,0.02703,0.02341,0.01885,0.01887,0.03820,0.01405,0.02275,0.00501,0.02158,0.08087,0.11055,0.01139,0.03890
375,0.02552,0.04994,0.06552,0.04973,0.05114,0.00885,0.03996,0.06981,0.03727,0.00937,0.30230,0.06991,0.01999,0.06244,0.00820,0.01816,0.03515,0.00813,0.02574,0.04286
376,0.06568,0.04281,0.00487,0.08667,0.08311,0.04774,0.06371,0.00973,0.05845,0.04281,0.05574,0.06001,0.00251,0.05931,0.06493,0.05117,0.05085,0.02224,0.06170,0.06595
377,0.04862,0.03562,0.00936,0.00719,0.02294,0.00236,0.04182,0.11061,0.11239,0.08567,0.18617,0.01737,0.00403,0.07611,0.04575,0.01614,0.03828,0.03684,0.00766,0.09507
378,0.14267,0.22999,0.02479,0.00864,0.02137,0.00409,0.01617,0.01189,0.01375,0.00478,0.01276,0.01732,0.00534,0.01651,0.00334,0.01328,0.26955,0.15570,0.00970,0.01835
379,0.26380,0.05141,0.03102,0.02147,0.04239,0.01736,0.02872,0.02085,0.02541,0.00977,0.02734,0.03731,0.01121,0.02489,0.01000,0.27033,0.01144,0.01409,0.02533,0.05586
380,0.05129,0.04507,0.06058,0.11672,0.00536,0.05742,0.03548,0.03219,0.04211,0.05792,0.03737,0.11162,0.00103,0.10171,0.05328,0.06199,0.06717,0.02994,0.01674,0.01498
381,0.02112,0.02677,0.04701,0.02182,0.18008,0.01279,0.04257,0.05363,0.03111,0.01064,0.02636,0.06868,0.01547,0.02839,0.00826,0.00936,0.06433,0.01189,0.26735,0.05239
382,0.00592,0.03377,0.01638,0.01248,0.30393,0.00519,0.01338,0.02219,0.01383,0.13765,0.10843,0.02361,0.00358,0.01384,0.00285,0.00462,0.01005,0.01097,0.01121,0.24610
383,0.01560,0.02264,0.02970,0.01963,0.02653,0.00615,0.03288,0.03473,0.02987,0.01226,0.02558,0.02846,0.01917,0.04037,0.00522,0.00988,0.01335,0.00983,0.58981,0.02834
384,0.07505,0.04795,0.08082,0.04537,0.03483,0.07524,0.04188,0.04617,0.05751,0.04329,0.03734,0.07539,0.00198,0.06982,0.04804,0.06252,0.07293,0.04055,0.01666,0.02666
385,0.06286,0.04828,0.01629,0.13254,0.02177,0.01331,0.12404,0.04538,0.02021,0.03246,0.05892,0.08621,0.00517,0.12089,0.02087,0.03419,0.06335,0.05728,0.01327,0.02272
386,0.01600,0.04279,0.04180,0.02819,0.08584,0.00963,0.01893,0.11673,0.02693,0.28710,0.07245,0.04360,0.00764,0.01756,0.01357,0.01196,0.01673,0.06279,0.01962,0.06012
387,0.07105,0.04069,0.02949,0.01009,0.03913,0.32802,0.06322,0.04306,0.03986,0.01203,0.03131,0.04156,0.01946,0.04881,0.02013,0.07153,0.01966,0.01135,0.01632,0.04322
388,0.06835,0.03129,0.00957,0.02947,0.01393,0.01853,0.06195,0.04445,0.14384,0.04659,0.04782,0.04374,0.00464,0.07506,0.12392,0.06639,0.07364,0.05087,0.00544,0.04053
389,0.04082,0.03023,0.06973,0.03570,0.03043,0.04509,0.06821,0.01329,0.15049,0.00527,0.02395,0.08447,0.00205,0.06311,0.09770,0.07569,0.05076,0.02692,0.02277,0.06332
390,0.01324,0.02102,0.03247,0.02154,0.02680,0.00847,0.03028,0.02322,0.47892,0.01366,0.02380,0.03922,0.00977,0.02986,0.13148,0.00735,0.01342,0.03835,0.01376,0.02337
391,0.06771,0.05673,0.02368,0.02372,0.04541,0.00602,0.05472,0.04534,0.13470,0.01519,0.02114,0.02975,0.01276,0.07469,0.10403,0.06503,0.09958,0.06746,0.00093,0.05143
392,0.03689,0.04244,0.02383,0.02252,0.06186,0.00832,0.02139,0.03089,0.04960,0.03194,0.03699,0.04872,0.38994,0.03383,0.00733,0.01911,0.05687,0.00950,0.02817,0.03987
393,0.01773,0.03487,0.03265,0.05193,0.05853,0.00786,0.04362,0.04745,0.05703,0.01784,0.06282,0.04170,0.01306,0.03033,0.36921,0.01093,0.02042,0.01642,0.02447,0.04113
394,0.00147,0.01618,0.00125,0.01009,0.02897,0.00205,0.01530,0.08821,0.23762,0.08340,0.10017,0.01959,0.03338,0.09616,0.08074,0.00524,0.03278,0.11882,0.01215,0.01642
395,0.01739,0.27641,0.02933,0.04101,0.03836,0.00728,0.06748,0.03054,0.07910,0.09877,0.13356,0.03550,0.01793,0.05836,0.00636,0.00885,0.01892,0.01732,0.01228,0.00527
396,0.00442,0.04545,0.04090,0.04692,0.04316,0.07054,0.03135,0.00748,0.07490,0.01387,0.04496,0.03107,0.00968,0.03834,0.01248,0.15525,0.20634,0.04905,0.02585,0.04797
397,0.03152,0.03289,0.04979,0.01052,0.02619,0.00730,0.04933,0.06381,0.18299,0.01238,0.03174,0.03942,0.11018,0.05223,0.20164,0.01930,0.01772,0.01417,0.02099,0.02588
398,0.08805,0.00881,0.04213,0.06801,0.03750,0.04440,0.09578,0.05941,0.04148,0.05336,0.06358,0.04718,0.00840,0.07229,0.04663,0.04497,0.06674,0.03773,0.03486,0.03868
399,0.01297,0.04342,0.05650,0.34231,0.04948,0.00417,0.05761,0.08389,0.02580,0.01169,0.04303,0.06013,0.02144,0.06314,0.01121,0.01229,0.02398,0.01074,0.01827,0.04792
400,0.01339,0.03235,0.03321,0.02654,0.21481,0.00810,0.03809,0.03507,0.02341,0.00446,0.02705,0.02613,0.01177,0.02488,0.00749,0.00313,0.01505,0.00968,0.39792,0.04748
401,0.02175,0.12268,0.01306,0.01689,0.01286,0.00562,0.02440,0.10116,0.06974,0.05652,0.24055,0.02901,0.00694,0.03627,0.04405,0.00742,0.04313,0.11932,0.01013,0.01851
402,0.12569,0.03208,0.00580,0.01444,0.03634,0.05277,0.04861,0.02586,0.11181,0.04878,0.04247,0.04500,0.00557,0.05226,0.15117,0.06412,0.05025,0.05261,0.01792,0.01645
403,0.01721,0.10533,0.07483,0.01138,0.11212,0.01275,0.07163,0.08710,0.13670,0.02570,0.02078,0.03636,0.02191,0.03507,0.00620,0.01974,0.02135,0.03283,0.05363,0.09739
404,0.00576,0.05078,0.03369,0.01932,0.04480,0.00466,0.07922,0.12791,0.04237,0.14153,0.07619,0.06169,0.01054,0.04079,0.00973,0.01831,0.02848,0.12858,0.02968,0.04596
405,0.01561,0.02109,0.06678,0.04927,0.06506,0.01639,0.00657,0.05928,0.08519,0.01994,0.07671,0.06199,0.01750,0.05772,0.24462,0.01483,0.02704,0.02028,0.03542,0.03869
406,0.04125,0.05679,0.09296,0.03254,0.02549,0.02913,0.14863,0.01994,0.14134,0.01131,0.04376,0.03255,0.01170,0.04489,0.06839,0.07072,0.04132,0.03125,0.01437,0.04167
407,0.02196,0.06978,0.01701,0.02294,0.09836,0.01355,0.06003,0.02893,0.02564,0.01252,0.01966,0.28265,0.01461,0.03843,0.01192,0.00787,0.15771,0.01674,0.02907,0.05059
408,0.26471,0.02666,0.02037,0.02991,0.01691,0.00673,0.01955,0.02472,0.03165,0.00727,0.28524,0.02642,0.01014,0.04870,0.00708,0.10519,0.01058,0.01018,0.02193,0.02608
409,0.24831,0.06842,0.02415,0.04690,0.04871,0.01975,0.03958,0.04131,0.04835,0.01891,0.06616,0.05310,0.01842,0.11027,0.01032,0.03405,0.01140,0.01064,0.04620,0.03506
410,0.01203,0.05772,0.04706,0.03461,0.03645,0.00906,0.02781,0.09360,0.06016,0.18360,0.14265,0.04879,0.00969,0.01382,0.00692,0.01557,0.01714,0.11787,0.01953,0.04594
411,0.01887,0.03847,0.05192,0.04017,0.03421,0.24013,0.05482,0.04294,0.10465,0.01084,0.04557,0.06135,0.02056,0.07921,0.00628,0.01553,0.02292,0.03147,0.03067,0.04943
412,0.21989,0.02917,0.05320,0.03835,0.03548,0.02113,0.02865,0.05167,0.08497,0.01207,0.06130,0.09085,0.01885,0.09654,0.01170,0.01862,0.00537,0.02605,0.04783,0.04832
413,0.01354,0.11589,0.03262,0.02309,0.02268,0.01280,0.02586,0.18212,0.03627,0.00700,0.01701,0.02396,0.01225,0.02272,0.00777,0.01032,0.04996,0.35102,0.01274,0.02038
414,0.01932,0.03192,0.03895,0.04287,0.33957,0.01123,0.03641,0.05006,0.05796,0.01302,0.03914,0.06058,0.01534,0.05323,0.01195,0.00655,0.02359,0.01586,0.02484,0.10762
415,0.10767,0.01509,0.02437,0.19022,0.01384,0.00230,0.01596,0.01818,0.08346,0.00462,0.01910,0.09258,0.00941,0.16584,0.05228,0.07932,0.06627,0.01064,0.01262,0.01623
416,0.03579,0.02158,0.03542,0.55690,0.02216,0.00761,0.02465,0.02863,0.06407,0.00690,0.02972,0.03700,0.00991,0.02114,0.00761,0.00823,0.01368,0.02370,0.01929,0.02601
417,0.01289,0.01739,0.05578,0.57628,0.02225,0.01685,0.02541,0.03176,0.03577,0.00768,0.02972,0.03487,0.00987,0.03610,0.00762,0.00960,0.01600,0.00865,0.01550,0.03001
418,0.01846,0.02410,0.04002,0.01936,0.03604,0.01430,0.02850,0.05865,0.40254,0.01041,0.04500,0.05591,0.01100,0.03744,0.07975,0.01088,0.03204,0.01454,0.02332,0.03774
419,0.05949,0.10089,0.00852,0.03532,0.00918,0.01083,0.08968,0.10168,0.04424,0.07868,0.04615,0.04958,0.00235,0.10530,0.02074,0.07389,0.05122,0.06151,0.00461,0.04617
420,0.01912,0.04704,0.05553,0.03460,0.13054,0.01398,0.02740,0.03745,0.03866,0.00986,0.03646,0.03585,0.01569,0.03929,0.01792,0.01248,0.01923,0.01439,0.37373,0.02079
421,0.09393,0.03931,0.08603,0.01371,0.02368,0.02471,0.06256,0.02439,0.10187,0.02349,0.02824,0.13091,0.01234,0.06615,0.04602,0.06427,0.08031,0.06163,0.00605,0.01041
422,0.00919,0.03958,0.03166,0.02853,0.02071,0.01136,0.02637,0.02684,0.02607,0.00725,0.02881,0.11473,0.00442,0.02689,0.00837,0.18444,0.35097,0.01231,0.01844,0.02308
423,0.31487,0.10395,0.02372,0.03329,0.03828,0.00875,0.04235,0.03897,0.04807,0.01083,0.04550,0.05612,0.01408,0.05042,0.00999,0.05562,0.00869,0.01787,0.03405,0.04458
424,0.04092,0.01493,0.00988,0.01827,0.06771,0.05446,0.08589,0.02897,0.17169,0.02203,0.01364,0.02250,0.00240,0.03898,0.08847,0.08002,0.11887,0.04453,0.01972,0.05609
425,0.04434,0.03167,0.13124,0.27668,0.03369,0.01314,0.03454,0.02903,0.01945,0.00896,0.02076,0.02451,0.01491,0.16213,0.00701,0.05984,0.01888,0.01912,0.02162,0.02849
426,0.46934,0.02645,0.06280,0.03248,0.03029,0.01033,0.03648,0.03468,0.04067,0.01111,0.03356,0.04164,0.01155,0.04154,0.00995,0.01800,0.00935,0.00949,0.03066,0.03963
427,0.01648,0.06757,0.01291,0.01296,0.01225,0.00265,0.01133,0.44648,0.01502,0.05477,0.03981,0.01562,0.00475,0.00874,0.00357,0.00348,0.02565,0.21923,0.01432,0.01241
428,0.04058,0.01876,0.00115,0.00738,0.05441,0.03220,0.16584,0.01443,0.07159,0.01016,0.01367,0.10186,0.00277,0.06590,0.23890,0.03203,0.02173,0.01778,0.03051,0.05834
429,0.03227,0.24105,0.23154,0.01172,0.01127,0.00175,0.03423,0.01415,0.01408,0.00370,0.01421,0.01814,0.00457,0.01164,0.00479,0.28444,0.00574,0.00517,0.01116,0.04437
430,0.06692,0.03652,0.03912,0.04393,0.02210,0.05054,0.05182,0.03477,0.07280,0.03837,0.03594,0.07151,0.07380,0.06193,0.05635,0.05972,0.06172,0.05035,0.03451,0.03729
431,0.03037,0.02142,0.01857,0.02588,0.01894,0.02807,0.03148,0.02144,0.24053,0.00934,0.03675,0.04380,0.00564,0.03535,0.34769,0.02795,0.01394,0.00926,0.01108,0.02250
432,0.05604,0.04972,0.06491,0.02808,0.38125,0.01985,0.03303,0.03775,0.02486,0.02079,0.02622,0.04159,0.02800,0.02777,0.00841,0.00574,0.01777,0.05145,0.02474,0.05202
433,0.01410,0.03226,0.04245,0.03042,0.04817,0.01683,0.04210,0.04105,0.02077,0.01228,0.02906,0.03924,0.01369,0.03131,0.01692,0.01306,0.01465,0.01532,0.48823,0.03809
434,0.08128,0.05931,0.02923,0.02695,0.02849,0.06152,0.08654,0.03845,0.03260,0.06248,0.04700,0.10911,0.00125,0.07185,0.04981,0.06583,0.04910,0.04386,0.00796,0.04739
435,0.01032,0.02331,0.02528,0.02944,0.01582,0.01014,0.01472,0.13246,0.02633,0.49979,0.02708,0.01910,0.01461,0.01597,0.01060,0.00905,0.01047,0.06463,0.02031,0.02057
436,0.01449,0.05106,0.02734,0.02981,0.03080,0.00812,0.02128,0.22069,0.02612,0.00779,0.05482,0.02467,0.00724,0.02156,0.00820,0.00757,0.02151,0.36631,0.01902,0.03161
437,0.11160,0.06411,0.16075,0.09565,0.00904,0.07368,0.03664,0.00714,0.02264,0.00299,0.01386,0.08582,0.00540,0.07534,0.01720,0.11892,0.05193,0.00757,0.00647,0.03325
438,0.02492,0.03201,0.00711,0.00655,0.01160,0.01141,0.02830,0.01527,0.36489,0.01794,0.03468,0.06787,0.00194,0.02123,0.23896,0.03415,0.04442,0.01852,0.00860,0.00963
439,0.00694,0.02049,0.02318,0.62957,0.02115,0.01208,0.01186,0.02601,0.09330,0.00509,0.01757,0.01632,0.00407,0.01114,0.00571,0.00513,0.00684,0.02092,0.04607,0.01656
440,0.01416,0.02920,0.02898,0.03276,0.02595,0.02113,0.01732,0.02852,0.03168,0.00782,0.03301,0.02227,0.00699,0.03236,0.57222,0.00932,0.01143,0.01906,0.03283,0.02299
441,0.05761,0.04577,0.08834,0.07252,0.01910,0.05859,0.05606,0.02213,0.01136,0.03745,0.04612,0.10690,0.00110,0.10764,0.02862,0.07063,0.07682,0.03542,0.02027,0.03756
442,0.04177,0.06049,0.00589,0.00670,0.11322,0.00254,0.06978,0.03900,0.03359,0.03262,0.06952,0.11545,0.00095,0.04972,0.07263,0.01693,0.10142,0.05050,0.03599,0.08130
443,0.01137,0.02405,0.02764,0.03853,0.04227,0.01179,0.56290,0.02490,0.02977,0.00721,0.03291,0.02884,0.00752,0.02335,0.02342,0.01366,0.01082,0.01246,0.02694,0.03965
444,0.00980,0.03681,0.00676,0.00815,0.01244,0.00712,0.00971,0.09775,0.19303,0.08721,0.09207,0.00778,0.00559,0.07428,0.11717,0.01156,0.05974,0.12150,0.00794,0.03358
445,0.07533,0.02162,0.02599,0.04503,0.01017,0.02580,0.09995,0.04406,0.08717,0.02735,0.05462,0.07679,0.00371,0.08631,0.10854,0.07394,0.04926,0.05686,0.00815,0.01936
446,0.03931,0.01531,0.02100,0.01086,0.02372,0.30793,0.07355,0.01698,0.07624,0.00797,0.03285,0.07044,0.00688,0.11941,0.03061,0.07513,0.00868,0.01476,0.01741,0.03097
447,0.10626,0.06226,0.02302,0.19287,0.01917,0.02184,0.04734,0.01884,0.02653,0.00889,0.06001,0.02741,0.00265,0.15243,0.01754,0.09151,0.05956,0.02764,0.01489,0.01933
448,0.02083,0.44072,0.04810,0.04879,0.04007,0.01086,0.02330,0.03886,0.05020,0.01077,0.03570,0.05740,0.01231,0.03867,0.00463,0.01246,0.01961,0.01558,0.02188,0.04926
449,0.02804,0.05159,0.00986,0.02063,0.04080,0.00537,0.14940,0.01408,0.01460,0.03284,0.06240,0.10737,0.00749,0.03945,0.09413,0.02033,0.06179,0.00819,0.21680,0.01486
450,0.02575,0.03454,0.03669,0.02466,0.02855,0.10215,0.02097,0.03429,0.04304,0.00987,0.04407,0.03257,0.00924,0.03387,0.00897,0.40210,0.04000,0.01460,0.02173,0.03235
