site,A,C,D,E,F,G,H,I,K,L,M,N,P,Q,R,S,T,V,W,Y
338,0.15033403731480774,0.010042716089599056,0.054248348842860616,0.10666672779644061,0.004615818003437789,0.13961009092783486,0.010331909476001403,0.0035061818092318587,0.0052841801844913635,0.004804025452873374,0.02809598897173161,0.1269766163962239,0.0016375785735971073,0.09208491834791459,0.001961486429861303,0.11938498237946389,0.12351849032350153,0.002641352785842717,0.0010851446487207094,0.01316940524556399
339,0.002729312805556191,0.08384625749186149,0.017045378492940935,0.008962354127253325,0.013072988167861533,0.0019891716315769427,0.03173781156511762,0.03638270386961693,0.021157618351306622,0.004592327783722812,0.016365266080001512,0.0283825988705169,0.010236897164699122,0.01681099863225523,0.003439789885918102,0.005928807063350638,0.011690717019829433,0.6566193636066342,0.006633765175286309,0.022375872214694146
340,0.0009967103287516854,0.007271201919440611,0.004678558538795439,0.0028803117737359676,0.004972710813710796,0.0009280747377607449,0.006866626728145989,0.4248032542547781,0.005132230857485312,0.06701582502159044,0.026429891267177114,0.007505214916362403,0.0028668016815981564,0.0052336424180427395,0.0010847688118610977,0.0016385916152421125,0.1510655429246851,0.2698087641296599,0.0025444967620563896,0.0062767804991200144
341,0.02057226977916405,0.16274633878760417,0.001822412682370182,0.04365016358739204,0.002180255420669243,0.04957365096782482,0.002763372224275079,0.004861425305044603,0.002573481526342568,0.06763015340819938,0.09924932168441965,0.013674068982463537,0.0008471590121841233,0.08184518324840816,0.0011674057759888154,0.12675503794680443,0.30670037223147895,0.008060612511765784,0.0009332058865192087,0.002394109031081139
342,0.004123012811823616,0.009126251037057224,0.0139883699850011,0.007078336106534387,0.10930553864572749,0.001578648158440636,0.017985750931625553,0.3663301739307163,0.013378477848976625,0.025517644041099314,0.21140847937196128,0.020830569115391755,0.005592610237865697,0.014601311485000665,0.002054727343176266,0.003687279414551213,0.003661336714007156,0.028348047096130157,0.03265985763275695,0.10874357809215655
343,0.22092675611486964,0.5492003550575435,0.004155508475961829,0.004824516768705993,0.022959675463118834,0.0008959718858265135,0.007422230115384866,0.008782673432246124,0.008442318852050273,0.0022513323413705377,0.007531459907397671,0.012019348212777448,0.006101863933300151,0.006001737488246125,0.0014456826478649544,0.08751589723964552,0.012104230369672472,0.0195268662806169,0.0035073285021869926,0.01438424691121365
344,0.00872761604416798,0.014053928745865323,0.021872124898773024,0.013950506844300289,0.02416143386448529,0.0025769303001074565,0.03735034205540325,0.04297286884613999,0.03313855304051803,0.011274465868577206,0.6470274185352963,0.02642859452945261,0.011626272655491918,0.018435160837238975,0.00324581326995717,0.007525706240401063,0.023263357655978114,0.015007685145068395,0.008322915466761194,0.02903830515601645
345,0.010051691119547729,0.017292721974421478,0.01736081194954476,0.012111326162738004,0.029819844100911926,0.003749325820947192,0.027102310480814646,0.020426057043090865,0.01619908398488355,0.005649987684523964,0.012981671605561197,0.02673906717934152,0.010979050639289742,0.01799795835022847,0.0037861603173079453,0.007934137723443192,0.7165454476278802,0.006723569540185,0.013107485437952105,0.02344229125738649
346,0.004494375877095614,0.010733485074013054,0.7668451255201699,0.007419454326052753,0.018729659206344968,0.012273898577060476,0.017800579236876477,0.02312560953254748,0.020685878057443652,0.005780224274253322,0.01638037197658198,0.018138755487342662,0.010154339351011928,0.020074943226591323,0.003269699997157187,0.005289389425091315,0.008567459860452821,0.008855070001581875,0.006788225586219179,0.014593455406112085
347,0.07421659679015295,0.023175037910152255,0.008643843450340775,0.008092128444399929,0.012037005515855237,0.0017087040228690915,0.018423333665155542,0.07814264924958032,0.016266131485285867,0.003472636789262136,0.011700473244352317,0.013442896699399904,0.005206401264242061,0.021371227593517058,0.002419188458484871,0.008989225095281923,0.6680760549671093,0.0030550895235980113,0.005817724433161065,0.015743651397799374
348,0.05289556104076453,0.022360178112756434,0.017660007318365607,0.014051122022453294,0.02499302863554445,0.00450983917860568,0.03191309843749165,0.005851306592030423,0.02084645105787977,0.008738613085968603,0.020679432788684195,0.02903612593350875,0.0421247350332214,0.08278100980679125,0.006642278960848448,0.00692647567003189,0.5529335158475609,0.007591027921616144,0.0269732507028905,0.020492941852986085
349,0.00552102234819311,0.016064647571346218,0.01909516341875076,0.012560660978716996,0.018651055591932187,0.004314578758402883,0.018452321383489026,0.029651019717745152,0.019650617160782643,0.003288583986312427,0.014219503637653624,0.02478682345859805,0.73159005821807,0.01894476749844439,0.003684767391187855,0.009456962891196291,0.0135642634367195,0.006816142238274466,0.008132858660890085,0.02155418165329444
350,0.00447980737670738,0.0027164936916239317,0.007963391849324314,0.008791328642821434,0.1654532218488118,0.0019825708471762527,0.038586262667786406,0.011321575028380458,0.013549545272365076,0.027420885424923488,0.012861893419570919,0.021063952807845537,0.006773552683881604,0.015237987005885537,0.0026766325583361893,0.0042136853896470915,0.00703750502011092,0.009663461819332404,0.16757135368967732,0.47063489295579203
351,0.006608483982308535,0.011414560401005037,0.015357638444242589,0.01332034057894712,0.0163794746417396,0.7203641675771669,0.034550855728674716,0.024663115844678434,0.020694410232195495,0.005407968734152518,0.015462294410859155,0.02756873040541562,0.011888430853841074,0.02113567535821233,0.0043759339298116585,0.0031236051933181685,0.01186144039832558,0.006875334317840327,0.008269507544008244,0.020678031423256697
352,0.004188707805483357,0.010147049894014474,0.013701775062646802,0.007314558824158816,0.014264289760653867,0.0019421402968070889,0.04068993489479505,0.08213287889306801,0.011966304664612494,0.29844035452029155,0.12950679186974734,0.031882016810300506,0.012851208930611507,0.29673390264702415,0.002528775199446393,0.004807148572757467,0.007064709236901713,0.007738589817650248,0.007552898245417036,0.014545964053612229
353,0.01775658637153355,0.021228086842641266,0.02895766925917766,0.01880993114689906,0.019794314822182163,0.004735261539958736,0.022588481913059805,0.024346550903252176,0.024196973675810834,0.010681428522636005,0.024072429514579618,0.027620288941315907,0.01603884207950562,0.6653649377731408,0.004066908818933616,0.00827505613012157,0.01402663583415896,0.008658411400794298,0.014139229465428916,0.024641975044869525
354,0.039823191201768304,0.015100838896867521,0.019465159631395296,0.011367925640669805,0.017354285419090034,0.002220572060945907,0.03170551705506852,0.10212252977656709,0.1050496546831648,0.028341903101062636,0.06405855529163966,0.05123059783827627,0.011095579598615977,0.04838377752091716,0.36329759627619745,0.028482301304737917,0.01887724138073597,0.009176651437493856,0.011794084666056803,0.021052037218728958
355,0.0023219371857860446,0.023132117703436036,0.01965006317755411,0.01604837025260637,0.034310821992163225,0.0039172950105955074,0.029399708824755507,0.032298478700115825,0.029947435462247932,0.0068842114643408074,0.01929690792533118,0.03733777447097819,0.014519446284848253,0.024718347219473785,0.006255067373003184,0.008517472658517183,0.01666180404530735,0.6311998586337411,0.012791116370208633,0.030791765244989857
356,0.008284824792058837,0.013650842822871788,0.016402994377314295,0.014142639573372506,0.7190907535479206,0.004756881318700013,0.0299944240610953,0.01981005683305431,0.02232370109652485,0.010713526456537887,0.017953232365369307,0.024904754261947146,0.011915764618882158,0.027201998336183367,0.005607201598404159,0.0037264867656213213,0.014361314537779293,0.005534219398681368,0.011855083644613627,0.017769299593067917
357,0.008661042925482068,0.022172431275646044,0.02270166433019775,0.026943277948898368,0.02821402492120112,0.005887876269025631,0.031333590873615244,0.040712182161930004,0.3860138244450435,0.007184406610069245,0.01904131759633172,0.06014794807095388,0.013472304449012783,0.02480245415360224,0.23215022030753704,0.007946773009331692,0.011158267759014925,0.0071787964057166845,0.013374236202475862,0.03090336028491432
358,0.009784651534125069,0.022414435685997682,0.06785120907781399,0.4632962786307388,0.03522929730420907,0.023960518775614073,0.04127813893507579,0.03427084536902184,0.07989545687857484,0.011599315938646779,0.029973610676254463,0.045862376930816406,0.01419990280129642,0.026848420112336974,0.008019101991887176,0.011152070491319355,0.01774663770727231,0.009171437984227928,0.019197912030353103,0.028248381144418005
359,0.020486571022774583,0.031181586970612452,0.09501169034290886,0.019979061958772092,0.04484101244683001,0.015934197860733346,0.04219740865492591,0.0445001018469148,0.3943535837831667,0.019560089810927123,0.04279374809183182,0.015024587266519411,0.03450877088445816,0.056182663043826984,0.004237857554634427,0.016879752620314593,0.024427934057075926,0.016943353221905433,0.02645936232349205,0.03449666623737537
360,0.002315739131837491,0.05737941321253671,0.047663709983538145,0.024194145317249824,0.04034553427569907,0.0043353936087162405,0.05175560109506067,0.06306792276731589,0.06604674028697681,0.007847023328227521,0.02256419192740834,0.10237642950816252,0.017696018488059132,0.033461153500915365,0.01386936450385666,0.01301905158862251,0.030436322932634985,0.26995746394571535,0.027585092623896815,0.10408368797356997
361,0.007804195530410202,0.09087639364008877,0.3596648826581463,0.01944150735811391,0.0449899501211511,0.0028011694726834484,0.031114964723678085,0.0473426157147429,0.06296594047169601,0.02005566202411845,0.05229427270278625,0.033084877404420426,0.01681700608889877,0.06155503399657295,0.01341240525917343,0.014191822878738589,0.015073799588003929,0.03582356863699151,0.04326075223268797,0.0274291794968971
362,0.0018410924258955858,0.021939923235266428,0.01968154982722792,0.024291656014188825,0.02983525640889158,0.004239761592189317,0.03690079109284139,0.024613397443689327,0.04456662353097668,0.01698856771284347,0.041290792880171144,0.024614203919398534,0.02058021874668885,0.04069932590345046,0.009040489790327413,0.08290982896524407,0.454836658711322,0.010378951825064084,0.0422368288322039,0.048514081142119025
363,0.008903068796242197,0.02845573113126638,0.03630037249367351,0.014676955257637138,0.05321414530848042,0.01621691918939434,0.04081442710855143,0.03767709113394933,0.006016159046790391,0.012697106454308466,0.017698222974695307,0.04478934827130371,0.015059882818444689,0.0219808887567966,0.5266781668617049,0.010895314119025128,0.018652687862104292,0.00984605024748416,0.03728025318448867,0.04214720898365892
364,0.09110254900562241,0.028375105181828453,0.023867806096533564,0.006299967898127908,0.024788360796154606,0.0019519835647046147,0.023221594067953637,0.07995874852487685,0.019713155944736268,0.014413182824291765,0.11159259474826305,0.04349454462902908,0.006043521219823971,0.013734172746490329,0.0033094959887851627,0.0076651451316774935,0.07538084248761098,0.39296113745513944,0.0104442811699318,0.02168181051841861
365,0.05984589232605165,0.05854625148400968,0.03654655870911275,0.02484719787712809,0.034356348224697124,0.007441396513061777,0.020181204941136826,0.02528893093750161,0.041164997834357474,0.02012441934383066,0.027530414174845575,0.16727558630140624,0.29154902440932945,0.018670958706366068,0.0082385148007644,0.05774925682031753,0.024190843381101865,0.011948112959511125,0.025232234108427787,0.03927185614704241
366,0.03233077246628187,0.042394675812661854,0.28973459765093046,0.03184815039710697,0.030215932962925917,0.027040462065060084,0.09219249218601479,0.028038745626006018,0.03271041395124241,0.012575639011153793,0.03313644185937222,0.15441516172232464,0.015542642714382951,0.036576525116109086,0.007801892040673623,0.015188312927841967,0.019131193777231083,0.014928690424418035,0.025256729057853738,0.0589405282304085
367,0.010662573222843296,0.026417961940659627,0.026371631020993422,0.03124464720154423,0.04250243011284873,0.0075868971704727076,0.016517802787223635,0.04686689261002438,0.047785488715776,0.004242788938260761,0.09929222888157918,0.037554975076284636,0.47918100731236374,0.019295157955784518,0.005814276976867118,0.003935664788705111,0.012023563666042793,0.013527510866631265,0.03879863145611103,0.030377869298983853
368,0.01890128337621189,0.07463248159812809,0.006457435677602382,0.007163877075617795,0.0067691826223842426,0.15410770505365448,0.21487907385298524,0.00708559168401614,0.09659797520163471,0.0014271612022511175,0.01671510924745055,0.08836993540716437,0.0016139280658608536,0.1289864466131128,0.0606747483116181,0.09671996618125249,0.0031119827162636414,0.002664791566536831,0.006207763209695898,0.006913561336558284
369,0.05134849550933133,0.04291730925792698,0.04725953754295234,0.055606908850398984,0.03836688060765358,0.03691345343266177,0.0464020403503315,0.058603085652681575,0.07624365772596255,0.037943523315665195,0.047321224547383724,0.09172964974396151,0.07911508999346822,0.03617820097342174,0.06224985202514562,0.05267557701289394,0.02941287304294572,0.05508611590838364,0.02929685840093192,0.025329666105898162
370,0.008483563380411091,0.01568979387589978,0.01813394000315537,0.051308648825952624,0.034569039707159736,0.49659544228699454,0.0330245191626383,0.033240780100105095,0.04756003061891138,0.012791369602702989,0.053304452159907346,0.03851308189215743,0.01476550059048251,0.0396802718121083,0.007217645909293191,0.005012763885319608,0.01758803445126056,0.00897377323129062,0.027503330643404444,0.03604401786084507
371,0.015181422244642405,0.03545889701185854,0.04426411034133478,0.028288677835722264,0.08528035016818351,0.011777691223261314,0.027583989149350324,0.015184210571984642,0.041168552943827284,0.012009179836255678,0.03697621126996967,0.05758776648467769,0.01085160033216881,0.03947086891257647,0.008512674408110231,0.012880618423258765,0.4235253494071749,0.014169033856083183,0.023052973242976813,0.05677582233658266
372,0.019004469198279358,0.015349982510261498,0.006273889062083794,0.006174359005105014,0.008128271869424206,0.00201162810038465,0.014201847969916087,0.09847845610177945,0.11638141599318208,0.043554971049708346,0.007951695695286342,0.008496188905313708,0.005034631621975934,0.3500735213704009,0.1972461965456992,0.00302794424985096,0.016536952279632016,0.06807457246925619,0.0057911524031542564,0.008207853599306106
373,0.09096867161013163,0.03424007631300672,0.021735216507092005,0.0683379849770326,0.0733317840286733,0.003875652710572207,0.06403507940678235,0.05072215095430758,0.06541608347542403,0.058395225141887754,0.056773295152149884,0.07340256220235644,0.006801774652440681,0.05712555447886821,0.06737533964984721,0.0225959890847572,0.08759826103554998,0.0657631287752643,0.014542646546932714,0.016963523296923168
374,0.15881146988855432,0.3297225847318921,0.017792041675217193,0.012034672005986546,0.021676829942085845,0.0019798354803587095,0.022629280787167444,0.012149440498602082,0.020848377098821796,0.006978608505024686,0.016761611103117482,0.03478081162323498,0.012547282172371858,0.021259664622637026,0.004326999023657027,0.022058959863375135,0.10257212261687239,0.1352404803218036,0.009791062277449724,0.036037865761770094
375,0.015960585840436452,0.031942367454827675,0.05774724775042506,0.04433441271892959,0.045574729260487785,0.0074989471256448155,0.03557842227186387,0.033563997207270484,0.03280139828743669,0.008886421116140956,0.36174940262621086,0.06276676994210847,0.017672102830283528,0.07027679658028262,0.007330443250342859,0.012871459511440787,0.08875075841981951,0.0035074396354487745,0.022703108783588773,0.03848318938701059
376,0.03444744731907972,0.043406518323788064,0.0009260678790493663,0.12634700852816985,0.059188128408444285,0.04275589474940735,0.0807911737593937,0.010517043041689588,0.06748672247274161,0.044002357840764984,0.03309085981887886,0.05786948758935423,0.0017208615658996203,0.10839394976263374,0.067227072057159,0.05584922321418609,0.06263234134039891,0.020625426863302845,0.04175056499095595,0.04097185047470226
377,0.03566005318531248,0.030144855801511772,0.00803707571905067,0.0064062014931129535,0.03796482980040541,0.0020102902441909254,0.022342866899206615,0.13036264196669212,0.06587295476396665,0.11919493561300658,0.21500416789762067,0.01771353027135814,0.003444426322323875,0.07862137025948011,0.04543318120784537,0.018269473496507208,0.026307360688093338,0.03240446959182006,0.004754609513375343,0.10005070526511968
378,0.14549571099646805,0.17393438078517556,0.008262073995919534,0.00720264141776248,0.011569530700157935,0.003958146155997805,0.013321260197557666,0.016516045502690032,0.011673688987439595,0.003970413186383547,0.010689445912158065,0.014374557821857375,0.004462369807453795,0.01391014282709982,0.002795669933141213,0.00919047378210951,0.34718521007673325,0.17776867547924954,0.008298295010598297,0.01542126742404693
379,0.30284159028346785,0.04193678699078441,0.02566436439222952,0.01760530763765113,0.051588596220683985,0.009797681325359636,0.023558401933772486,0.01713554363358151,0.021049930003663776,0.008033403516877764,0.02237797240546094,0.030650266927572268,0.005454576306114997,0.020378687980470638,0.008206381439605915,0.30473499223898276,0.0076139290793702215,0.011679743504078743,0.020787618603926892,0.04890422557634458
380,0.0565532362490781,0.04244784881431243,0.04652943833166772,0.12284891492763524,0.0037694012674245095,0.06670763442722007,0.0334720654346276,0.03515605886988551,0.05171900340121305,0.04382493141351732,0.05894842087533023,0.10265698542882817,0.0008045697051900688,0.08565587496126104,0.06109920407993402,0.06636043281109376,0.060876867279734605,0.03183158000093135,0.017639576360132418,0.011097955360982736
381,0.019610719605024075,0.02631681160166675,0.043346263192870556,0.02012451829447751,0.16055841900434645,0.017163236551813347,0.0393858279966256,0.04955249433027744,0.028728151556984622,0.007805622520714413,0.0243693010368148,0.06310233652384442,0.014319901403015837,0.026227973150549953,0.00453723757735549,0.008681006169069161,0.05963049376440103,0.010996661696267007,0.33256173235047837,0.04298129167340318
382,0.0036359693556619957,0.016756551339770828,0.010408616636193531,0.007645667394042957,0.3912083031304893,0.00316979845895115,0.008331771520025393,0.013442558974980881,0.008579307231455181,0.12080430573134755,0.08460385669069816,0.013900236382639881,0.008141475035661871,0.00568055582626273,0.0014704821183175792,0.002831356732949092,0.004117586630467071,0.01041645780917629,0.006752214818238122,0.2781029281826704
383,0.012716743339856914,0.018045177559134786,0.024218074921398894,0.01600605319222655,0.021634780033136458,0.005016663414156643,0.026809431483462667,0.02833221254571519,0.024353760297147725,0.011285788843584943,0.020862024201854328,0.023203011486537226,0.01563070515484666,0.03291727433068196,0.009022426920952112,0.008510579620777278,0.010888611810258847,0.008017690813678476,0.6594200087848017,0.02310898124579064
384,0.07323227151784006,0.045158244371626154,0.068821477333055,0.04569776430836361,0.027953129755666356,0.07449058231580075,0.03614017669720296,0.03718626859197122,0.06028154225753954,0.04998259006628133,0.0382433963513742,0.09277135808435573,0.0014887270509913843,0.07482086847100665,0.050801906010910836,0.07085858313796643,0.07213577835445166,0.04344474938642436,0.009679214023210066,0.026811371913961712
385,0.052089715610637015,0.04600012198656212,0.018380851371800667,0.1565997296438341,0.009741878991654738,0.012903294539374499,0.09563662132215106,0.04291623851372778,0.028319419467522953,0.05041134383845394,0.06125176497352484,0.08664782994995475,0.004462242888686157,0.11889796389621171,0.017347084497354497,0.04128716077452007,0.05525405436772576,0.06259245391934877,0.01572562282589345,0.023534606621061136
386,0.014891452478660444,0.03969494284794845,0.03966556407984939,0.026585954154651908,0.05886724297430096,0.008902391740722597,0.017696186885307486,0.11906063270484175,0.0250613369177687,0.3607535339909835,0.05517783784136412,0.04054942949249347,0.012853706208467293,0.01124368582558632,0.005416138369403326,0.01117670771078387,0.01552866995321702,0.061988442305547474,0.018678125593020154,0.05620801792508182
387,0.05386617150675329,0.0380099685436902,0.028054684383430655,0.005288796345722574,0.0369989267924106,0.41601252379862896,0.05967149146553365,0.04048012933281955,0.03845116541331655,0.011421463808764992,0.02978639023998769,0.039542256398866764,0.018415244406571787,0.04604010792924684,0.0038309980835904665,0.05479739711369253,0.01860665074221761,0.007608987268044734,0.01290039290348319,0.040216253523227226
388,0.0767465121031425,0.018348325711367307,0.007172089905945744,0.04935344477635764,0.012297592308966187,0.012165476633817535,0.0982830410887666,0.040402565252265786,0.15581110940390566,0.03775745726347527,0.043666213088118,0.03488104671907318,0.0036405974208534174,0.06658546173060494,0.1372271183002517,0.069968911408643,0.07211447986345675,0.03979279462894187,0.0042303011334272715,0.019555461258619487
389,0.03983079035917577,0.03323486922485803,0.03749884742343611,0.055641015769775204,0.015775270212500896,0.03581741542240524,0.07480193586023993,0.00773002726946508,0.15383015363667177,0.003980330369832236,0.024450305859278793,0.10750075794354282,0.0014404727198705912,0.05085851580433898,0.09976425640323083,0.07041845153912253,0.06054388945618503,0.025052632155861735,0.022693634830806973,0.07913642773940142
390,0.010678756306614814,0.016957783723069966,0.026457843925665418,0.024273011519790916,0.021799995369851378,0.006836326578112845,0.020729745110439384,0.018735879959661125,0.5313055261917283,0.005821297020981958,0.012000183122766886,0.02816017468046696,0.007926963957202762,0.02379866331824386,0.16798423283124922,0.005973371607704746,0.009879215238494223,0.030635761682485416,0.011113900037562288,0.018931367817907552
391,0.058699850654759356,0.07575589426177361,0.018315612614010726,0.046300265576906065,0.04076651656101887,0.0013371545021374385,0.07863712235069675,0.030241828417986703,0.07128275357742299,0.009157061811703145,0.03210327820225852,0.022048816219897543,0.011380123683314926,0.0966665118843766,0.1246201362278709,0.07808110585816054,0.07448657576390834,0.06970775123000537,0.0008260924530844329,0.0595855481487072
392,0.014825827744407464,0.03875209386384305,0.021672862594298126,0.020531001620471195,0.05563004831472859,0.007572748711123618,0.01941528571916304,0.028273119927853547,0.04506077594303785,0.020452916823887217,0.03361663896005874,0.04415823307135865,0.47769172898899437,0.030941528955347575,0.006671887775974018,0.030638757386382526,0.03374120845832485,0.008615970791270055,0.025739981136280624,0.03599738321319484
393,0.01658180458980382,0.02294120165058967,0.03061011606573177,0.04907367863463419,0.054555890096436556,0.008074183832179817,0.004950297877300124,0.04413962702569646,0.05276203914000712,0.01238457149331571,0.05911937414125098,0.038825401210378994,0.01110689690404257,0.028320486658344583,0.4619878544583666,0.009138245456306244,0.01909381135300155,0.015281317170554138,0.02293174684612737,0.03812145539593171
394,0.0005228979629150494,0.024982018628924945,0.0007007289758067048,0.006498668879044219,0.02486209312818609,0.0013982006630469598,0.010951784681792464,0.133192844477445,0.18816665771041188,0.061261071568677015,0.1401869749541043,0.014056757530894547,0.02419907821305901,0.12429369619181456,0.06542810167121721,0.003704150468175037,0.03737610607610377,0.11806924654250961,0.008551797305478568,0.01159712437039309
395,0.012638357401385683,0.27741822638658625,0.021358344613490163,0.029953220231552845,0.0645357806471089,0.009456185847583704,0.04907581556512295,0.022089566426847368,0.058103720471077314,0.1264101185317739,0.19435111151477577,0.025757565200874192,0.013043392489198035,0.04246623256344981,0.0010965786564044342,0.011273261293851887,0.013720092872797475,0.012569919515336614,0.010853976001413702,0.0038285337693692127
396,0.0036737761802228455,0.04554738622942647,0.04183866143970405,0.04513689540808646,0.04316461780488682,0.034018535214413524,0.03143843473366085,0.003696888433204377,0.0903127535785293,0.013778990267686102,0.044153992212728234,0.037851601786213156,0.012332131711184989,0.037397557959437354,0.013318817601372919,0.11120849263680176,0.2712069191251156,0.045485881593488285,0.026573987307715246,0.04786367877612165
397,0.0333876169265156,0.029536443828492825,0.042870335869557546,0.008527784070755452,0.024161336087181528,0.006477336672288611,0.045513740814941896,0.055681478829797536,0.22407169086010062,0.011641811748235406,0.02855091050473908,0.035834473458978645,0.07440394622438821,0.030484319915652636,0.261151344189068,0.010864702967452088,0.02183501364292101,0.012131439324513778,0.019202903338485657,0.02367137072593395
398,0.07659114756784087,0.0072214386130766755,0.07429282718245137,0.07411717368988097,0.04622682725173786,0.03972962912978015,0.05690159857304411,0.057643178723609356,0.024546539828578868,0.04743267751806008,0.06382998741577117,0.04660892196930516,0.0071125760925711545,0.11364188666183583,0.024477541048916276,0.061390312504258755,0.06462053280089197,0.031482461418585864,0.03888978092151299,0.0432429610882905
399,0.010350742643336295,0.04018223378454189,0.0410621286554994,0.3987761925339619,0.04540829504706225,0.0048602844473098475,0.05313468401220165,0.07805262937653243,0.032527583050849296,0.010709631257613214,0.05441848638032901,0.05493005032669731,0.019592629146732,0.039312863128441906,0.013073117821109098,0.01130660261622489,0.021981276148996216,0.009825021507003243,0.016707596300519593,0.04378795181503861
400,0.012188020300826106,0.018772852758670622,0.029607316138362455,0.02270969929397239,0.25498889750255294,0.007298607724761545,0.03355060879335416,0.030147434041633104,0.02055079170824858,0.009640356161918578,0.024095001898804435,0.02292899824858595,0.010401697586117134,0.022419814808000732,0.006716616159068027,0.002729208058556809,0.013115455645613408,0.0071473017768805755,0.435712122529577,0.015279198864495505
401,0.012189797823886584,0.10021645188094876,0.011969332244969497,0.01594910963352091,0.010926079849028056,0.005173135699217094,0.02307712602112061,0.12438414565483864,0.0983064100297955,0.05997199579844917,0.25418251893849414,0.01180218240356578,0.006396795670658064,0.03289028389676004,0.04161714090625567,0.003979315410831454,0.03521994460839806,0.12491089534280968,0.009504303819288405,0.017333034367163828
402,0.11513557302395634,0.026745998687173356,0.00958065884427558,0.01011786303705421,0.024666732467384142,0.048460538863342915,0.03937199340401692,0.024520939836907178,0.12098074670364974,0.03507759431478319,0.04295932418325386,0.0477709792857882,0.004161194574271515,0.10140939026667084,0.17326235869851273,0.06698897731838079,0.043142943425590295,0.040859559598470395,0.01559374570174723,0.009192887764770554
403,0.015281425108399811,0.1166136338180543,0.0825067251829426,0.01825851197005426,0.12270991571682989,0.011327143905056522,0.07128371578563275,0.08960943215990451,0.16465169815381664,0.0228822600748206,0.01688437904674921,0.021783469669242838,0.019586155102182964,0.02637483564223772,0.0021579817706534558,0.01764632965069061,0.015018648611268462,0.029136226921760818,0.048106110108680857,0.08818140160102107
404,0.010383529496982633,0.060478344286719665,0.029489410706325464,0.021890813478250296,0.03722859217197472,0.00429521469129852,0.06485532159427719,0.18622331316533525,0.036649820573522375,0.1502803126094834,0.07010992469391675,0.050378885684038595,0.008763872466332584,0.033657414978701124,0.008217624438638627,0.014782286592111575,0.011524652260595347,0.13877926275082364,0.025469621741669817,0.03654178161900241
405,0.014773332948986173,0.022607137997888705,0.06284637180855032,0.04636722394136073,0.06194874594130139,0.013517570550271925,0.005113913800147823,0.05566366479799157,0.07982765313629524,0.018132136343183614,0.07179484177789715,0.05900422265251807,0.013600703628767898,0.05434992493987555,0.2946973285853568,0.011435809243072954,0.025624110985995634,0.019141586354137735,0.03324674154623247,0.03630697902016831
406,0.08091424872638563,0.08749404612422872,0.043006410268985974,0.03375825227605762,0.021925421866828092,0.0560548791961129,0.17157192357607842,0.008776921933562587,0.09207267932503614,0.009324235050627232,0.03528938452261193,0.02731922661562709,0.01144015118066659,0.04101642212891293,0.07319809458958883,0.0775864044994173,0.04866875438802795,0.027028583766137645,0.011766019593106717,0.04178794037199973
407,0.0206180842392072,0.06421350356687466,0.006836080410990958,0.02135797756559693,0.09355328654443322,0.011880041103566842,0.04462646030966311,0.027074344115812193,0.019378919328268185,0.011826643676988094,0.01858491819922167,0.3556909869660508,0.013721496572097036,0.03583244206154681,0.011130118190232829,0.015243198542571714,0.12016174358453258,0.01568229156039254,0.027118134172234715,0.06546932928971794
408,0.35483895279319994,0.026743474120972777,0.020294337224144293,0.019096298457181363,0.017427518967373722,0.00693616721325795,0.02052906797940994,0.025659734655829113,0.031333257749630763,0.007562910573821753,0.17893835101329425,0.028242658037158423,0.01178271731066525,0.08142718148661153,0.00712927465453993,0.07738402056189231,0.025117295403785184,0.009178825684531286,0.022759684987672318,0.02761827112502786
409,0.2998508696004252,0.06207491671185378,0.021958976976503074,0.04253192053665469,0.04419874575709975,0.012030746499299848,0.0358656214420204,0.03739405832763859,0.04392949137007104,0.01715484130733468,0.05998499431823857,0.04821150390081761,0.014930661076234494,0.10287077705713756,0.009359541775010008,0.055709338836965994,0.0037090021212185472,0.0146166588683602,0.041767167513926055,0.03185016600318996
410,0.008522227341240859,0.040430179901452167,0.03354056929984299,0.024731615532340073,0.025915824510337863,0.006407815575534268,0.019727567709156662,0.1482423022443988,0.04300680769952745,0.18486359905486704,0.15859776051432353,0.03411759531974145,0.012850931657916356,0.009816853642370432,0.003415910241679169,0.011040303023245386,0.012399951746051713,0.17607830217937762,0.013924455993481423,0.032369426813114804
411,0.016251826120297772,0.036973586879981334,0.05015356449281383,0.006033897681164999,0.033174908449500835,0.3070564699683277,0.05269456895258582,0.04186104125379775,0.10240939207427247,0.01053969905513609,0.0443568846173063,0.058924486455833015,0.01993444621159153,0.07648290003367829,0.003637846047090592,0.014988095089974762,0.022279392780083562,0.024970503039830602,0.029603388184081925,0.04767310261265082
412,0.2792467592075549,0.027555156639285525,0.050111962370735556,0.04101281463834908,0.03349985260242854,0.012237190617867162,0.02693241117381982,0.048833321593851224,0.08198990795053536,0.011326822222072116,0.05773577897430132,0.08743029857192153,0.017866414208899176,0.09481025526217694,0.011015609630921777,0.01846174019880746,0.005073476409489517,0.003853003447080747,0.04520729659603251,0.04579992768386985
413,0.00839715674949991,0.20096647781560187,0.02041855763981712,0.014369183007243621,0.014124166822195758,0.008014356037978397,0.016079483907383806,0.1603074684233935,0.022691613557813933,0.004358956276332157,0.00506675535940386,0.014889171198961234,0.007612856056019209,0.0141632346958473,0.004842278891645411,0.006465535765154591,0.03637517150134875,0.4203302458927208,0.007918711020274064,0.012608619381364776
414,0.016387697912530332,0.02384212115311063,0.032845310934612036,0.03591685584589718,0.3852265635315902,0.009384692348964501,0.030239376264444517,0.03139615285557859,0.048347081010252056,0.002798190710426279,0.0329055000291281,0.050959633463198546,0.012716816117428824,0.04444692657876013,0.009896611335650772,0.004256296917036044,0.01977350722305167,0.01596024666964189,0.02086417072005124,0.17183624837864656
415,0.06766729715206664,0.012842953980955496,0.01193148700577218,0.21834696920760135,0.011895073258994282,0.0023089053871156407,0.01529660223676394,0.015135638483978068,0.0853346906056881,0.0038503688538292745,0.015912983460709424,0.07782374002849919,0.006643275963758864,0.23525781580881797,0.04252899125912581,0.06729113093207623,0.0700849913044964,0.015521005496154282,0.010793450257162655,0.013532629316434244
416,0.01569743881777479,0.01697587457901717,0.018385259818260273,0.6055130185554333,0.017426133439604728,0.017199755784721844,0.01939165544492916,0.022512099419633915,0.08162966667913783,0.005420162743372772,0.02335905000569956,0.029114019172862608,0.007792016968380414,0.01662147170294613,0.005989541271153462,0.0064664698953360135,0.010754548175510891,0.04415626861375103,0.015149196901190383,0.02044635201128376
417,0.008393676827973649,0.013158950215028423,0.03373683856715029,0.60737040357952,0.016849438941854738,0.04169653834455697,0.01922248915552445,0.023993319727422108,0.07519649630378285,0.005817945752761274,0.0224422682873683,0.026404267026509543,0.007449905423428114,0.03216038218134403,0.005757637487587176,0.00725759699727956,0.012100773956226808,0.006547853865540417,0.011768365389749444,0.022674851969391913
418,0.014164634745186491,0.01847713485465916,0.030881680923318527,0.0023968611082431667,0.027773488093266078,0.00992194383559414,0.022862639835220647,0.04783210059944452,0.4252270578462318,0.007952360877015329,0.04677485513121012,0.13212113712085247,0.008459536810927946,0.020688922905315318,0.09451192756440202,0.008357634091996243,0.023977611800520087,0.011151373086372663,0.017945782827903798,0.028521315942319426
419,0.04578865658358702,0.08857056165518423,0.0025280567626671697,0.02899212204504834,0.003261778733914943,0.019751797117137756,0.09781890137697563,0.10899900630547245,0.04666066724705422,0.07230121904703858,0.08900356064406965,0.05629251125089407,0.0014025799112312124,0.11962248442229184,0.024686644243004763,0.05308021277254533,0.03775194573744028,0.05360604936953223,0.0035643043850974022,0.0463169403898128
420,0.016779421934621758,0.020364086717213296,0.048344289353588504,0.03015386642117612,0.16514209809558744,0.005707829194344806,0.023921319082874776,0.032743926519195186,0.03380685381054453,0.009010539536212227,0.03176790911577008,0.03170321844713045,0.013671940827407853,0.03417783810594618,0.0026936169447503468,0.009892078101754513,0.01674183382478427,0.012543374022712295,0.44273036823463263,0.01810359170975273
421,0.06940188958179072,0.03328349681712438,0.12836814775616245,0.03315216946477948,0.010287135376690714,0.025945247887736972,0.0642520859175944,0.023689499610025592,0.09308451766106292,0.020036856766259183,0.033584528074638804,0.1475152373343215,0.014376841502343493,0.032113237477588465,0.0427095162809828,0.1022389253011385,0.07630090209670393,0.039570419158585245,0.0038237761685224005,0.006265569765947964
422,0.013069398780402962,0.03544944799532775,0.02759517575612602,0.02511132121860955,0.018282217127595122,0.00995467587984721,0.02281574562660993,0.023672013723207982,0.022561690391380604,0.006440335021884063,0.005048882375978821,0.08905725406944427,0.003896649628572149,0.023585325258629896,0.006478856095145039,0.20002589420808947,0.4196216945145916,0.010775678939508112,0.01620068525510428,0.020357058133945196
423,0.3650402159004516,0.10117079306489013,0.014446916456469302,0.02844008581009837,0.03269601992905725,0.009406834818588413,0.0361707560417438,0.03327871928459238,0.04101648358896242,0.009243345034455773,0.038806412405434254,0.047936903885558185,0.013018731232087485,0.04309654449970627,0.008529071297851028,0.08507747193876687,0.011175871910783924,0.014290352640525306,0.02906904648986286,0.038089423770114594
424,0.06240464753540718,0.01593096920147263,0.010473402130989245,0.0286253838065602,0.061773177102847625,0.07312271142000011,0.09881650382277633,0.027023456460249003,0.11431646473889019,0.02806346087875165,0.006910681591674299,0.0275800374383728,0.0014592978629943594,0.07420838191000127,0.09141870634527462,0.062069303871615356,0.09123636728765451,0.04060547623000784,0.023275452465809865,0.06068611789865097
425,0.041855204550703434,0.02304548669938723,0.1823813438817057,0.29494145309701963,0.025499161769229783,0.0328821201092077,0.031350361834541006,0.022279660485953732,0.04566588668617219,0.006813991938598179,0.01594714157939366,0.022029220484139595,0.011358762824618404,0.151550711654892,0.005368447050175927,0.028723347452315074,0.013700176642462758,0.006549454550947783,0.016181885271212424,0.02187618143732371
426,0.5298236418800003,0.022110441919481413,0.055025829979910935,0.027057499960664224,0.02519732126726701,0.008622503115867966,0.030360196859734772,0.02887073860151675,0.03387165974105627,0.009268787947690052,0.027840602215846208,0.034788607983104555,0.009625473383122552,0.03456574575619745,0.008315507579801219,0.027019328383001126,0.014190058235247667,0.01519013533869244,0.02553616681079068,0.03271975304100638
427,0.030346580268001005,0.09323859898230598,0.011770475512417555,0.012778056940263056,0.011352475400080954,0.0022381288904358755,0.010379965144603617,0.3650680657821306,0.013679514172567922,0.07371158683214367,0.004173264623710575,0.014106131155049674,0.004437785462156015,0.008081473969129522,0.003292601227489164,0.003183756078242951,0.04370595953391942,0.2698871497960909,0.013022742397615339,0.011545687831646204
428,0.0584897951107965,0.01781346460707176,0.0006018148431434774,0.005598168449738593,0.04509213368036722,0.032879425990548515,0.25608923189668475,0.016686712727769573,0.04627771598928348,0.01242961355276794,0.01792768031210301,0.10835312790716511,0.0021051212246547837,0.04099920601452534,0.15031900023132141,0.03024562406191449,0.03534662927389243,0.02233964555174132,0.027438921271675163,0.07296696730283503
429,0.03827367069459325,0.22340461260904573,0.22657353078752565,0.013181106134286755,0.007843085127608595,0.000752041787578421,0.0312332494883808,0.009915357695942451,0.009737683641999088,0.002565468832919597,0.00982174328467503,0.012235604662893473,0.0031950201276359554,0.01065470212091716,0.003331682816490388,0.31067450347663955,0.004634706216085042,0.004754823222389497,0.007816050973078895,0.06940135629931465
430,0.07187104439241744,0.049826113475602556,0.05659105209006238,0.06016718352368425,0.013762354679035521,0.05571899331455537,0.05256285650618856,0.03201739400565618,0.053167971095842266,0.035994091312825445,0.02029195629992511,0.06588044229204953,0.07966762199255463,0.06761056430185708,0.04479675244827296,0.06907184545254776,0.0630715196465303,0.0475459718006741,0.02125425101305613,0.039130020356662444
431,0.050334487149684186,0.018155207189279404,0.013162501220263611,0.013808559122089087,0.013627325556948238,0.07625979012341971,0.029910417025711167,0.017152462324343695,0.2478139435787251,0.013617232543732554,0.010753794555336113,0.06306573763725425,0.004265953324222635,0.026251480619662756,0.3417732960664955,0.019008904027440692,0.010045769147883483,0.007459597848567916,0.0064474957075230975,0.017086045231416876
432,0.04926692451753071,0.03581220083938944,0.057738554105564444,0.024760576138694524,0.4500559639362705,0.017595103933495265,0.029547899740978573,0.03869717789503642,0.021906626799330243,0.057470909182528535,0.023484635333126825,0.03726548274343598,0.024914287014927095,0.02472531017529882,0.007447256574569838,0.005116690159738393,0.015741927647359166,0.03246305020219698,0.021860356756510047,0.024129066304018412
433,0.011939633107771483,0.031074811612664066,0.035972040808151425,0.02575393412244813,0.040808635349246704,0.02043698185957882,0.03565237860664661,0.034775179998836114,0.017591219030377688,0.01679844660897003,0.024610708951445032,0.033240969977605374,0.011592127961915518,0.026506204123367957,0.004335651591884196,0.011057934487579574,0.012409018526114141,0.012973523996255315,0.5602305643442987,0.0322400349348431
