site,A,C,D,E,F,G,H,I,K,L,M,N,P,Q,R,S,T,V,W,Y
338,0.11843969244790488,0.016671283314211652,0.05295410589823661,0.11494358068251115,0.005896978811432725,0.14251804380501765,0.01643669462024321,0.004166581261931479,0.006434042903457605,0.0071512315001050685,0.023666969613433734,0.11750161280976637,0.0025144574213313863,0.10607061643808383,0.002102170409962977,0.12445047181868699,0.11632245947947689,0.002501082409664977,0.0018420118590100243,0.01741591249553085
339,0.03105290867367315,0.07498955274728764,0.021428900964252668,0.010945523489817525,0.016522235810577095,0.005138259684610729,0.03878714004081771,0.021661359689855116,0.025862618287491194,0.006576409704094772,0.01998346665862887,0.03473661634685968,0.012517029923267432,0.020540065782277083,0.004203489015439708,0.007242071249011457,0.014293342647731966,0.5980908912511498,0.008110632611784498,0.027317485421371746
340,0.003708024973772204,0.013109283201482934,0.010362576021485765,0.006403857290326769,0.010912209185673202,0.00207619854892672,0.015290141466536797,0.2724575123263656,0.012814737499577088,0.026784523663301443,0.021552860240552335,0.01661101878428862,0.005920517616837596,0.011607161459349676,0.002418393865461293,0.004061478865444126,0.26932513728665863,0.2751773285592866,0.005570933090483714,0.013836106054188885
341,0.023942777996359632,0.12973850207678805,0.003328033703119552,0.046529745723092944,0.003568299483447073,0.06198570662209771,0.0041885861664817964,0.004766628459205279,0.0046861370466182274,0.07681101518702294,0.09217941094676671,0.02398587674832013,0.0015311571291459014,0.08884450606525715,0.0008728022405155422,0.13500841246549852,0.287314347581267,0.00483608455989481,0.0015721542524873094,0.004309815546613607
342,0.005304246182838745,0.011706001313153185,0.018115199401736688,0.009137230459218514,0.13824225686975408,0.0020352041890943744,0.022958557015494832,0.34461488459345047,0.015896308931922926,0.013351273186689062,0.20964347975254644,0.0268845754195157,0.0072003522193098135,0.018787606683377336,0.0026405923806014486,0.0047458183990190484,0.004311517778054935,0.01533206253319151,0.02020175540701376,0.10889107728401712
343,0.21296313692098465,0.445843597281084,0.008885951704493085,0.006330551823240442,0.05126214919007932,0.0015736085752908664,0.03557195656603445,0.011544607929321013,0.01086351857971018,0.003063376180814448,0.009752877936851244,0.03657404478154352,0.005606718150886277,0.00781899566933515,0.0018763343150822011,0.1135172005956708,0.012600947229958475,0.007574998771600565,0.004575119723035302,0.01220030807498398
344,0.01074679929545878,0.017315846733200017,0.026727063488778922,0.017157100335433446,0.029625296310205947,0.0031711589552756497,0.04554890155390306,0.0633390498065346,0.030236424559121986,0.008298466239056015,0.5925778323194844,0.03244853448956328,0.01422237973155656,0.022505429499407245,0.004969605888614028,0.009191127966830893,0.018006125134119106,0.007438725928670481,0.010215954554371662,0.036258177210413994
345,0.005447292940817138,0.020601503443478164,0.020797155916372292,0.014509685923256679,0.03572298913382177,0.0044904230563870655,0.03241115135497027,0.029887421809460277,0.01935969746662046,0.006754152917263627,0.015511364842616516,0.03201080422105956,0.018152855244773648,0.02157582843960316,0.0045233443463298766,0.012524148385380216,0.6539980579065587,0.008049165152938827,0.01568101056979991,0.027991946928491884
346,0.006186128592938454,0.012928463303151276,0.6832938953801544,0.008940246218233739,0.022523403202879422,0.011297231085090403,0.021441582899085824,0.027794219972056555,0.024934041578225666,0.006980403275112653,0.0196512942974246,0.05044518634932669,0.012245941730444828,0.02407407959493375,0.003940766943158634,0.0063465954373489435,0.010315611905243863,0.011159796585210881,0.00817401889935741,0.027327092750622076
347,0.026530953780494852,0.02076490604685527,0.012135984104134556,0.011342557667198296,0.016860081568751142,0.0024067554081298923,0.026012852573338057,0.03197815439135653,0.02276268105127615,0.004896950485979893,0.016438799780680507,0.02087600569132164,0.023815912468377318,0.030151039568097115,0.0034199370707164688,0.021574668095164163,0.6738709475175939,0.004298851844515415,0.007734850021701442,0.02212711086431742
348,0.019747553508468012,0.028654334356168536,0.022520883213464585,0.017933763451837243,0.03196859554809853,0.005760945189287608,0.04086357270886232,0.007462452589783963,0.03515875957701845,0.01114884386091612,0.026401985175357374,0.036970448739305335,0.023326176029366368,0.10587758514804042,0.008457226367023153,0.008853671854662053,0.49879744962822187,0.009699098091987574,0.034286733883417284,0.026109921078713093
349,0.006948161797749022,0.0202244056769791,0.024033379944610807,0.015808971373051522,0.02346888070416572,0.005429173508788505,0.023223053998895234,0.03730556379759195,0.024727961358651164,0.005743736235055272,0.01789754707139317,0.03116933764485963,0.6715058422720327,0.021950423129798433,0.004636455821956589,0.0065028433116842916,0.013490944759978854,0.008578648163981894,0.010232417748247786,0.027122251680528366
350,0.006235136162524929,0.004694232015059269,0.01109104257101504,0.012491140756362254,0.17096993313790942,0.002785206525176906,0.017974747436783466,0.01566607319060087,0.01923342924222373,0.014338756389098465,0.017661151903950654,0.024461647007332013,0.009468404903098835,0.021563459437478463,0.0037774416454165044,0.006134257423465707,0.009699918935510584,0.010130306499623,0.14900754669711114,0.4726161681202588
351,0.00827155294941265,0.014277749860476077,0.012095078335965272,0.0166609053218344,0.020497025624496366,0.6588596295272,0.04327000749780237,0.030859066453051184,0.025891466480943467,0.00676843851932354,0.019352928847865925,0.03453108954459189,0.01488214150460797,0.026423523727432487,0.004794106237590779,0.003910422483196946,0.014841400769099733,0.0075989225173453846,0.010348558559597137,0.02586598523816651
352,0.007834260315905514,0.01898270798944811,0.025763110507746784,0.014559137936192892,0.026962773270407293,0.0036561733281001815,0.03296671244416915,0.09191282058406193,0.01850526346462103,0.1674211339783496,0.0702099508183299,0.03602742966440625,0.019760828240763875,0.38846585984307935,0.0029625257627737744,0.00900447969535297,0.013267315625995752,0.010140230828442169,0.014204764870456636,0.027392520831396868
353,0.016191013263725438,0.025953640300453176,0.035504961916175706,0.023033511402761362,0.024260718143455803,0.00579816832382507,0.029175102216490983,0.029783049725381445,0.02962443274557099,0.011664076751511735,0.029478297618899862,0.033874259278902245,0.016043723976882567,0.5972919500784658,0.006903367889426028,0.010135284244616263,0.017184953325745274,0.01059656553230465,0.017320902397415978,0.030182020867989583
354,0.02176959001962178,0.02165433773258528,0.027934297441685258,0.01637287446070232,0.024906276095293986,0.007121914482917181,0.03506519624391758,0.12897569502618902,0.08708776900023528,0.016170438509865184,0.03861005056879327,0.04734800681079459,0.016142566228135632,0.03471165506645563,0.37751876256528394,0.0243354463700262,0.02083832197889629,0.009053217572287735,0.013707519485217125,0.030676064341096692
355,0.0054879058489721915,0.027287879270779518,0.023127009125692488,0.018873297735028192,0.02697855590711421,0.005375528856442869,0.03474586272821809,0.06367497614425013,0.03544865710455859,0.00813928683248065,0.022826077419978587,0.04389496541264115,0.017087629670428744,0.029293763134347298,0.007361820379761903,0.010043810666269653,0.019598891414391542,0.5493252328367223,0.015064576215691995,0.03636427329622993
356,0.01030822967532776,0.017023121518397327,0.020463200275712218,0.01760673625221028,0.6543108415256957,0.005925770729899868,0.03737707812531394,0.023948763090775826,0.02779570315103287,0.008739609459524308,0.02244121974454118,0.03106192208116236,0.014859851769906209,0.033931516670595,0.006989496220295204,0.0046461737490814566,0.017904969059360478,0.006905763335545523,0.014787194922099893,0.02297283864352263
357,0.012527275166600134,0.03126693837609882,0.032542630887271454,0.06225546171348119,0.040371453658181206,0.009096402403429968,0.04560147486349822,0.039217616980209126,0.3986456610987931,0.010368517976749465,0.02663022041617385,0.035679796154113125,0.01884018024554341,0.03327319062262126,0.0994982637060183,0.011330965346828798,0.018033548954558734,0.010520254033778632,0.019428004741897896,0.04487214265415338
358,0.016823593749486217,0.026576465145999217,0.05236433393663317,0.4032061486520113,0.04157502115202702,0.030225352283846558,0.04972106866699552,0.04150279590345374,0.05651382492228333,0.017415773213482214,0.036203433773412994,0.05412719269042621,0.01694896974490154,0.031965643464077556,0.009565272921392223,0.0133210316538925,0.021009885400480086,0.024934719992353846,0.022761567302849773,0.03323790542999491
359,0.022756272048009618,0.034393866282085864,0.10503495508538073,0.01266045782392301,0.04972416522187278,0.016568967943698658,0.046457531079359134,0.05045438772366791,0.32170868956704807,0.021773469985272395,0.04757068227817943,0.01669636930385529,0.03827209906372398,0.07291636321419286,0.006261605073047851,0.01873782841046964,0.03154311083827094,0.01887630179826354,0.02936515089364185,0.03822772636603654
360,0.010958071372788286,0.06254435132245993,0.05162319410729581,0.016787819539410383,0.04379901641980322,0.005149867458009692,0.055871344158014216,0.06839254479644907,0.07130784656876481,0.009713439638112555,0.012985637328143883,0.10997221802454092,0.019249759789671004,0.03645164515897792,0.01502512763686716,0.014142059182066093,0.033079238116494575,0.21999727330337035,0.029940061003870495,0.11300948507488967
361,0.012124833826997632,0.10271250052370089,0.2997406662735824,0.018201362643320385,0.050609725118539964,0.0017760279377447069,0.03495272326292931,0.053031597208302146,0.07005815555815316,0.022556128351014164,0.05883073068410687,0.01564159162275888,0.018896960825363688,0.06974482952628569,0.01511164606182374,0.0158292864244165,0.016877369072816603,0.02826811758181646,0.048562692363747745,0.04647305513257907
362,0.00474556859511035,0.026540458241342917,0.023771580708585996,0.029501058789391337,0.03615134300922524,0.005132615589701409,0.044424192584926026,0.01939796521104584,0.054096670414027125,0.020598767671250802,0.04970963354812738,0.02741980073765919,0.016266062399165216,0.04896905722892154,0.010968418814269545,0.05507991062829675,0.4046221540587144,0.012584500858723677,0.05112049161397189,0.058899749297543415
363,0.010268607300496358,0.03284621763845458,0.041738874320376596,0.01690290973268548,0.0613568263775573,0.012438280962319267,0.04671080274446977,0.043489222594408364,0.03542402160754789,0.014665286037408813,0.021443503426009966,0.05130475333523203,0.01734246236701374,0.025300978255800986,0.45267345304660456,0.0157846963680245,0.01757040665726043,0.011383126572788749,0.022769063041399477,0.04858650761414115
364,0.09032924466797726,0.03414580938411904,0.029477350713146902,0.007634382535879237,0.02934438035461169,0.002978529820974282,0.028275607891600725,0.13262729549497043,0.02389818676923932,0.00945615911272801,0.0572235699940902,0.05283833953334025,0.007237447782234509,0.016591189679787698,0.003997227543911564,0.009273924471623495,0.08044738833485009,0.34530369763641505,0.012518067754316027,0.026402200524184134
365,0.035877448541877834,0.17757789133737126,0.03675616712821013,0.024834693014293367,0.03434455512372736,0.006566334465780279,0.020059826949119126,0.026402583218257294,0.04148200118839656,0.017947057460560953,0.027914317764612666,0.16108961978923964,0.22017917322490754,0.018403082074406375,0.008505546011416044,0.05159065375861633,0.014058082900798824,0.011990879263294556,0.024939630648917716,0.03948045613619619
366,0.018409287664381907,0.06766905072707471,0.23132801074717702,0.018568084038626313,0.032628840829169316,0.015213016638480518,0.13220946681031498,0.03063329016971764,0.035121248785730676,0.013926469294684734,0.03525738263039838,0.11569261079029765,0.030614795339284444,0.03918172218267371,0.00845070259636361,0.02039939696220211,0.020611938487913102,0.011990382660085822,0.028000593237367317,0.09409370940805603
367,0.024466438306038014,0.030898450362144447,0.02911303358467232,0.034565829686607756,0.04705945306144061,0.008331498810838176,0.02294963057969621,0.05163866095297942,0.052247566635140436,0.004677070068293121,0.10757668406189251,0.04152172655751966,0.39255314603493724,0.021273169333250727,0.006685139386182029,0.008916817393471515,0.024409454106723176,0.01494814143786452,0.0427767197359348,0.03339136990437327
368,0.026173276723098854,0.08728424094607193,0.009211137048713094,0.010279833184344396,0.009701402784415263,0.11372635763903803,0.23025202188930122,0.010043518646430003,0.07624138165147673,0.0033478678270550248,0.016478417617592285,0.10568830354611308,0.0034041412895323884,0.13180446577815605,0.06787539201789314,0.07166605748939436,0.004438384660927327,0.003796492249527139,0.008824823034563996,0.009762483976355641
369,0.045645831779064706,0.037744948454805805,0.05362059186621897,0.06700301531810733,0.039798500244590106,0.03410035015528108,0.03746095123004054,0.052100720399293525,0.05897274461421959,0.04931819176458011,0.04783559111716188,0.0854461315539111,0.10308296294602415,0.039625363768621,0.05462062475161594,0.054256609461076945,0.03300323543524394,0.05118299060121707,0.025868482590354472,0.029312161948571683
370,0.010494771456126293,0.018210911098382878,0.010163297793881136,0.05969266939966612,0.040000398364484366,0.4246447548258954,0.03839704609611286,0.038434559153815086,0.05517932707086143,0.014811468350662561,0.06147193448211495,0.04465360565166698,0.01713021336450431,0.04595897477895375,0.008369890231432713,0.005817771520645568,0.020437506775611014,0.012433802491610307,0.031798737716271945,0.04189835937730031
371,0.0071886723600201674,0.04269244556732594,0.04925305917749992,0.03146156736967468,0.09414855987593763,0.013141192802641163,0.030870892673297425,0.018731595255097894,0.04595598647739008,0.013407293594094313,0.04124524124168721,0.0711465426013612,0.012103150947469027,0.043846453206793076,0.009495876701945972,0.021399929663834326,0.3491136477990411,0.015741335708687333,0.025719164921308588,0.06333739205489296
372,0.029533984939827323,0.024127139802910105,0.008357547235389047,0.008344360860282089,0.011222101937149072,0.002720800881023045,0.007454422235208432,0.05980714716249935,0.11793629306516411,0.058504164673701245,0.010839627236119047,0.011557270000857689,0.0073655163779836235,0.31335617289739415,0.19005341511353502,0.009640797484899408,0.037818257078238215,0.07277343366050393,0.007881301753364132,0.010706245603950944
373,0.08773382507626998,0.033682678308132305,0.031281534407733895,0.07000344250861061,0.0598059801237214,0.005878099769612187,0.04799880903243396,0.06959323279100313,0.04626686981749037,0.04306414651576676,0.0777461579465628,0.09132728175919219,0.004895513143486814,0.05380281753401275,0.044199733958854875,0.03546697619006031,0.08277741750774745,0.058155481436878174,0.015548036179601139,0.0407719659928289
374,0.12631851700058552,0.36091023598538563,0.020416468809375823,0.01182390748711642,0.022239003375977024,0.0023356107958674346,0.024486655661472668,0.027032394149921875,0.023413994750490878,0.018849575555527805,0.018872660680105263,0.03820324848473036,0.014052421532767966,0.022751319204292884,0.005006795236153246,0.021576026987684793,0.08086639148032923,0.11055099028311897,0.011389211745485898,0.03890457079361023
375,0.025524692544468656,0.049943292430575215,0.06552385572923576,0.0497282091240636,0.05114070386853647,0.00885083115217921,0.039961140056523084,0.06981456198545394,0.037270778028051905,0.009372378321320441,0.3022969464637015,0.0699068579651297,0.019991069124544982,0.06244041865439817,0.008203826754728355,0.018155781715010273,0.035150343629067236,0.008126274869064384,0.025739590869281685,0.042858446714665495
376,0.06567995547428306,0.04281026313536629,0.004873060823642531,0.08666750312975985,0.08310841078295074,0.04774153072094685,0.06371363835183061,0.009727052749152133,0.05844941249725913,0.042811986074261316,0.05574386261136674,0.06001238926611246,0.0025149053930998786,0.059312438909808786,0.06492877966565154,0.05117008894393231,0.050847439702894924,0.02223665224924017,0.06170380775098329,0.06594682176745732
377,0.04862024421234653,0.03561987606672254,0.009363377039954353,0.007185797364358824,0.02294177636067221,0.002359031605678599,0.04182110649728713,0.11061044777377933,0.11239463306678456,0.08566641162929568,0.18616676611832142,0.017367873574217072,0.0040341373925851165,0.07611086042816606,0.04574604568653976,0.0161377666511849,0.03828318872588684,0.036838745241072585,0.007661256514156622,0.09507065805098984
378,0.142670669779654,0.22998697347094016,0.024792920586209098,0.008641868663561767,0.021373007341248966,0.00408514778732358,0.016167361055698316,0.011894864872784912,0.01374893089577078,0.004776546532070763,0.012764409911234538,0.01731645532611322,0.005343957259830837,0.016511201148141946,0.0033421944434647833,0.013278598545843266,0.26954849733133884,0.15570127397818426,0.009701548111511452,0.018353572959074534
379,0.26379734323768905,0.051411575646040486,0.03102053643087333,0.02146760342540028,0.0423928285358164,0.017364315431444816,0.028717247117250363,0.020846429578562503,0.02541296385266437,0.00976817719664553,0.027342328246349887,0.03730749792248292,0.011208340166048355,0.024892711808321713,0.010004279239015855,0.27032680628674044,0.011443070131902463,0.014089544883346676,0.025327853440596175,0.05585854742280835
380,0.05129119462767652,0.045066988777810096,0.060582494663570685,0.11672391546627559,0.0053636555505910755,0.05741881235102237,0.03548243184917725,0.03218847651861941,0.04211370644643525,0.057919814817130155,0.03736768673837351,0.11162170127107639,0.0010347904269973826,0.10171472531928208,0.05328499549331786,0.061993671907980344,0.06717299787943658,0.02993959839732145,0.016743018834134753,0.014975322663771249
381,0.021116860404347165,0.02676865663725534,0.04700851294509901,0.02181528979705096,0.18008195748032035,0.012788851002591022,0.04257224964583113,0.05362557913646606,0.031106764925143873,0.010637013985618508,0.026358725929494158,0.06868105481890047,0.01546747380374088,0.028389590833888995,0.008261121403740298,0.009362537190208204,0.06432657258116738,0.011889951802872037,0.2673475876253758,0.052393648050888364
382,0.005923917921826321,0.03377047717016938,0.016383811598213102,0.012478865381960393,0.30393457032951066,0.005191195566736007,0.01337576173346208,0.02219157841674188,0.013833261925540704,0.13765364753120446,0.10843243156132648,0.02360968512580833,0.0035778539638653384,0.013843181807359613,0.002849731689722229,0.004617960365811997,0.010049483928277545,0.010973506572839633,0.011206496759873733,0.24610258064975016
383,0.01559653828554535,0.02264105177221171,0.02970211199615385,0.019629945212937358,0.026529793348393914,0.0061520244756181125,0.03288134507217387,0.03473274320706566,0.029865004825923455,0.012257277193712337,0.025583017906351757,0.02845658785981592,0.019169408621928175,0.040367111590178376,0.0052164667922734755,0.0098783776807879,0.013353157025607444,0.00983328121774665,0.5898130604671182,0.028341695448456456
384,0.07505372718695784,0.04795300917560837,0.08082430433764047,0.045371139628020224,0.034825004547653526,0.075238157665939,0.04188188156363701,0.04616746692976957,0.05750826838653914,0.04329292619015911,0.03734482315589517,0.07538682522053333,0.0019825273941403102,0.06981671504219716,0.04803912563216417,0.06251656010833598,0.07292619110159475,0.040553269049882726,0.01666107424074576,0.026657003442586327
385,0.06286105535580026,0.04828335832912163,0.016293357877045042,0.13253795711498034,0.021765918000226883,0.013308431783626493,0.12404415974786692,0.04538368841769354,0.02020688323667693,0.03245887788980012,0.05891684980786252,0.08621288027113902,0.005169130470875943,0.12089218995823257,0.0208694985660728,0.03418519054065133,0.063347072353242,0.057275097537397644,0.013267011516519163,0.022721391225168863
386,0.01599851108280443,0.042789837347170706,0.041804852479084845,0.028194642000256825,0.08583981750687904,0.009626295816859302,0.018930955371869892,0.11672606742905317,0.026929420287782144,0.2871027991717657,0.0724521785588363,0.04360428176090006,0.007640130506536846,0.017563188442179505,0.013573712593407538,0.011962368409791415,0.01672991494289371,0.06279407755081148,0.019619649271283426,0.06011729946983372
387,0.07104737818768031,0.04068993620455396,0.029489675123503558,0.010094403606068728,0.039130700730937794,0.3280231077077463,0.06322085309631573,0.04305919607022102,0.03986413941889173,0.012027871719976957,0.0313069985774537,0.041563826785236194,0.019459812334510822,0.04881262930235139,0.020129912332137716,0.07152968330816364,0.019655129465644204,0.011352524282864705,0.016318420591108693,0.04322380115463284
388,0.0683473463253716,0.031290146385301386,0.009565935752930847,0.029474616896336618,0.013927334937950786,0.018528763452575987,0.06195351078183948,0.04444639356976959,0.14383647874452932,0.046589901249775544,0.04782314728040559,0.04373501398314773,0.004636552007329508,0.07506079124899757,0.12391625792866012,0.06638669524540475,0.0736431499391225,0.05086859485854661,0.005437823349617077,0.04053154606238736
389,0.040819139205621364,0.03023060757410281,0.06973247529101632,0.03570182247637123,0.030429493134227263,0.04509469840746799,0.0682110190219831,0.013293869629279538,0.1504858106861926,0.005265623701856705,0.023948835253845644,0.08446605970325319,0.002053351461575544,0.06311171068893516,0.09770163592691955,0.07568502186507742,0.05076200647336217,0.0269228995049071,0.0227651111939827,0.06331880880002262
390,0.01323808329350422,0.021022981315744642,0.03247216547372923,0.021539049543938708,0.026796057446745226,0.008474873296195704,0.030275026175755598,0.023215901722639775,0.478919453854506,0.013658532903450545,0.023796390052839192,0.03922125751225134,0.009769881778792122,0.029864337741878758,0.13147838312692411,0.007351621094211018,0.013419025074869207,0.03834794347272218,0.013764822836816841,0.02337421228248543
391,0.06770822984752188,0.05672542765821525,0.023683475245293562,0.023720809109722976,0.04540800036699752,0.006017611146266376,0.05471871959689048,0.045336201569932094,0.13469708701842062,0.015186043851209776,0.021144479503998694,0.02975463943018127,0.012758174287320241,0.07469138908639211,0.10403047406429919,0.0650261525819407,0.09957781150921409,0.06745750268155223,0.000929227629317022,0.05142854381531395
392,0.03689198472084814,0.042438839392473844,0.023829543203477573,0.022516148938294386,0.06185806452320766,0.008320742447553802,0.021385086951855807,0.030886683987718416,0.04960319001291755,0.03194128886993747,0.03699270844265625,0.04872002542094901,0.3899360161632122,0.033829184808094166,0.007333999637038523,0.019106337066896368,0.05686536676234119,0.009504227606731084,0.02816656794270535,0.03987399310109118
393,0.017725552547970844,0.0348699810548972,0.032646779847673404,0.051928430956576024,0.0585262621281912,0.007860080643779634,0.04362417436421765,0.04745110361888806,0.05703213646493835,0.01783691500551715,0.06281844848605254,0.04170499032305196,0.013063508414502397,0.03032760948349537,0.3692131254677742,0.010926799042072584,0.020419286529150118,0.016422000872148467,0.024473257253266364,0.0411295574958365
394,0.0014691266267539622,0.016184161621945494,0.0012548015790297623,0.010088061562345905,0.02896648992329698,0.0020462656675421125,0.015300868371764368,0.08821131526393747,0.2376211517416546,0.08340453018597792,0.10016695464691668,0.019594759294504736,0.03337733010855917,0.09616143270364821,0.08073900919243043,0.005238428183416199,0.03278409101252615,0.11882444218565905,0.012146571663673661,0.01642020846441722
395,0.017388109290289364,0.2764083290095445,0.029332400836432133,0.041007171391101785,0.038358251992328944,0.00727716478635675,0.06748324035404216,0.030544902362265553,0.07909768557592282,0.09876522420310702,0.13355638301602119,0.03550090802645194,0.01792541972904589,0.05835734023586492,0.006358383480789156,0.008853151199733662,0.018917301626289375,0.017322168351785863,0.012279203589859298,0.0052672609427677495
396,0.004420747415889401,0.04545224535570934,0.04089704499089081,0.04691703365485788,0.04315914276956842,0.07053680088830735,0.03135322256421845,0.007478689013862342,0.07489851470280934,0.013869664818003977,0.04496266934792414,0.031073991913555928,0.009679637818548723,0.03834252585355449,0.012483220137332635,0.15525452951417718,0.20634377606380924,0.049053949813903666,0.025848898247983927,0.04797369511509278
397,0.031518015572235464,0.03288735081546667,0.04979128358753733,0.010524896018517357,0.02619445442396912,0.007304317351670424,0.049328197209651405,0.0638056498483131,0.1829917408581844,0.012383419730362742,0.03173902068647448,0.03942362150721343,0.11017835533557474,0.052233987594580346,0.20163717168220754,0.019303996257153885,0.01771614619060831,0.01416540521396695,0.02099005475160068,0.0258829153647116
398,0.08804741795425346,0.008811977986060468,0.042129019858225945,0.0680122802898294,0.03750050028403416,0.04439909992718906,0.09578375829853439,0.059408849927109514,0.041479334616162156,0.053364341000124306,0.06358036441560058,0.04717884398876576,0.008401214526759333,0.0722871667583937,0.04663259979674301,0.044969136349993194,0.06674067669375967,0.0377330940322127,0.03485915472109059,0.03868116857515866
399,0.012970419650886984,0.043421327203414836,0.05649765542029897,0.34231314499899185,0.04948263330141375,0.004167222315629114,0.0576067299730029,0.08388808112091696,0.025800932629586784,0.011690131416553793,0.04302743503529591,0.060134057032602696,0.021442066188631703,0.06314435950808438,0.011213850030984358,0.01229186860845074,0.023984989700779436,0.010740516246315961,0.01826641572050698,0.047916163897651916
400,0.013394547136542785,0.03235040463333486,0.03320722659683409,0.026539797162843763,0.2148110353818367,0.008095717056332778,0.03809296422987514,0.03507160764866175,0.02341460376780321,0.0044572577090829036,0.027046601248926418,0.026127171405355667,0.011771803972186754,0.0248828288271246,0.007494392742017928,0.0031269492992962943,0.015046422547943148,0.009675561876079191,0.39791769538753063,0.047475411370391435
401,0.021754588579541115,0.12267800291977699,0.013059377258829651,0.0168906741644882,0.012856439962740072,0.005617976123807985,0.024400354049210975,0.10115594716707797,0.0697384728944543,0.05652265764927758,0.24054585992425923,0.029006466488623785,0.006942853707440626,0.036265534127016365,0.044051522491613815,0.007422709412003377,0.04312700343574581,0.11932100066072787,0.010129163424134037,0.018513395559230216
402,0.12569164844537428,0.03207593519962252,0.005801515473392846,0.014443861468181588,0.036338287301727314,0.05277311409735654,0.04861241689636664,0.025856340161283554,0.11180951588194496,0.04877739360482209,0.042474031026984674,0.04499653159379485,0.005568539611150717,0.052261317033367664,0.15117191473847302,0.06411647833464272,0.050253822260045856,0.05260817889886859,0.017917344962698596,0.016451813009900926
403,0.017206544809999575,0.10533199287396819,0.07482739805084855,0.011377993185643573,0.11211518121495964,0.012748621843220662,0.07163118707088363,0.08710075936596763,0.13670167512358058,0.025698466379086633,0.020784349119587767,0.03635600893775121,0.02190946885624218,0.03507062391986006,0.00619939483422456,0.01974070772784971,0.02134794690427409,0.032827361837869475,0.05363446557389903,0.0973898523702832
404,0.005761404570537084,0.05078272476832739,0.033694474040543744,0.019318588292734924,0.04479872235040508,0.0046573723047644315,0.07921630332444843,0.12791495828214383,0.0423737648297813,0.14153095129419746,0.07618693444091622,0.06169252542605266,0.010542531311566915,0.04078915101920204,0.009727279260229024,0.018308386347258676,0.02848335335106669,0.12857524572936535,0.029683499480452465,0.04596182957600634
405,0.015607524394898174,0.02109297846159198,0.06678477862665927,0.04927384396872924,0.0650565530733021,0.016392488196264845,0.006573575023082946,0.05927603254437424,0.08518930546399511,0.019944865913760688,0.07671266573085435,0.06199354335301835,0.017495180183236685,0.05772054903937137,0.2446205291382375,0.014829634911510563,0.02703699041886767,0.02028481301480492,0.03541933772880465,0.03869481081463536
406,0.04124616990346133,0.056794418445238914,0.0929555216272923,0.03253919546297369,0.02548753651610567,0.02913350053399268,0.14862982321021329,0.019939714647080976,0.1413417725042593,0.011305038836559068,0.0437603463332679,0.03255484521480154,0.011702731304465445,0.04488694711693674,0.06839348817890077,0.07071782535333206,0.04131645148200078,0.03125223558496115,0.014373203902297503,0.04166923384185891
407,0.02196049775705161,0.06978442180846818,0.017013278627971834,0.022938388643419075,0.09836376437932787,0.01355499717932098,0.06003114451260484,0.028926636847425555,0.025644612474875688,0.012519506407812865,0.01965632154837454,0.28265359937316753,0.014610392612535335,0.03843014310459728,0.011924268036803487,0.007872046877961548,0.15771116473553448,0.01674262279731322,0.029068486549348595,0.050593705726085486
408,0.2647051986784076,0.026658791451674792,0.020367756385098388,0.029909875493788714,0.016906114579340104,0.006728520668121082,0.01955255468516711,0.024719162011723177,0.03165181885699555,0.007274399809941099,0.28523945073354434,0.02641538753862847,0.010137184305795646,0.048701741795472944,0.007080231460782952,0.10518709520817986,0.01057688422641958,0.01017793769348857,0.02193158570709922,0.02607830871033076
409,0.24831303416910722,0.0684180610980499,0.02415348295392289,0.04689832931011059,0.048711714389397864,0.01975271166411682,0.03957774962283703,0.041305177313079006,0.048346843836326356,0.018909898800359697,0.06615677121773707,0.05309941335799821,0.018416578874554407,0.11026656741922598,0.01032006313246403,0.034051642138894986,0.01140152577196829,0.010640633234954604,0.04620080846005328,0.0350589932348417
410,0.012030641926624432,0.05771824926980393,0.04706182814581169,0.03460629861526108,0.036447881670786615,0.009064646913873702,0.027812144481164383,0.09359787596935848,0.06015699006804758,0.18360177159472635,0.14264967187748112,0.048788995243806706,0.009685336114679501,0.013818642823270357,0.0069153530311629645,0.01556542457008591,0.01714315690788317,0.11787284132190523,0.0195253452837382,0.04593690417052868
411,0.018873795419987214,0.03847382172648109,0.0519162096085847,0.04016532526555395,0.03421233976944668,0.2401296817813144,0.05481905376201463,0.04294196267947184,0.10465034773311453,0.010837669843780413,0.045567570788229914,0.061346134492810775,0.020562977701829303,0.0792137707072177,0.00628075325122301,0.015525811630575712,0.02291704739243435,0.031465597719832636,0.030672435229114312,0.049427693496982804
412,0.21989398051985043,0.029166477093173812,0.05320361994816289,0.0383518492550797,0.035478579235870875,0.02112728576982553,0.028648735128393547,0.05167066676139815,0.08496924492848529,0.012066848606118834,0.06129594968528145,0.0908513622708584,0.018845594746693336,0.09653929640633846,0.01169716785416791,0.018618399227916325,0.0053701629510408445,0.02605061299583242,0.047833392311737284,0.04832077430377457
413,0.013538755520578073,0.11588709648111545,0.032618800243332545,0.0230900582192623,0.022681074831984203,0.012801119405770396,0.02585587346162566,0.18211660020899473,0.03627173067904279,0.007004376076553116,0.017012104339899737,0.023960081523633613,0.012253246400545323,0.02271655299606458,0.007767683368842986,0.010322191951330233,0.04995709244564953,0.35102326873559436,0.01273888166679845,0.020383411443381887
414,0.01931592148457155,0.03191688057535666,0.03894942870339549,0.042868685349008326,0.3395707634110434,0.011231338759577738,0.03641250746636191,0.050058484533009456,0.0579625627272858,0.013021597509599778,0.039140693674912054,0.06057811007330757,0.015335879645290481,0.053229078593198434,0.011950092747057037,0.006550850026584438,0.023590417176778306,0.015859288704909127,0.024838668414940805,0.1076187504238116
415,0.10766519503774455,0.015094074989722999,0.024368555203833058,0.19022348097431185,0.013841296551223702,0.002296055371063392,0.01595697277129131,0.018175629618644704,0.08346325417958034,0.0046172130035929725,0.019099192095068482,0.09257567506369502,0.009413946058256557,0.16583890817347868,0.05227944968600154,0.07931882358012105,0.06627282086019998,0.010643989320407122,0.01262393434192325,0.01623153311983947
416,0.035792175268069465,0.021579630106899454,0.03541630273975612,0.5569034390617545,0.02215659913684581,0.007606162524999839,0.02464824264040225,0.028629290669357092,0.06406896458126157,0.006899831078092291,0.029722225109073117,0.036995909666597875,0.00990894811595784,0.021136330883443126,0.007613517012154927,0.008234663324719529,0.013680558027359015,0.023703615111583816,0.019292360342931362,0.02601123459874099
417,0.012892837165928334,0.017389400847633543,0.0557782196489757,0.5762753652947694,0.02224879862269873,0.016853604584128334,0.02541104771750857,0.03175609071470341,0.03577446443566785,0.0076789828007996315,0.02972300969513166,0.03486631644632787,0.009868742423095671,0.03610415893845101,0.007619418927698114,0.009601622904768452,0.016004448765360293,0.008645183681036285,0.015495239565241962,0.030013046820075148
418,0.01845881357903904,0.02409821638383845,0.04001574519941588,0.019358158335115165,0.036044833218424485,0.01430100280374961,0.02849828895385058,0.05865006339731434,0.4025442796869554,0.010405668311690063,0.04500319153230877,0.05591027208701534,0.010996264301420219,0.037438247359470704,0.0797474845956876,0.010884049975136955,0.03204122271955587,0.014544482604354536,0.023324256293275888,0.0377354586623811
419,0.05948511873710909,0.10088546520702575,0.008515017389571083,0.03531883850682738,0.009184373861851064,0.010829518520803032,0.08968426998999873,0.10167604360114181,0.04423901229602915,0.07867762859097817,0.046148102028311565,0.04957557464290088,0.0023483830016020287,0.10529955852228692,0.020738355256077222,0.07389463541413693,0.05121592270692221,0.061506204450745075,0.00461006298922181,0.046167914286460054
420,0.019115139974678112,0.0470379628391443,0.05553455507564788,0.034598592893401454,0.13053840383050688,0.013975678437268367,0.027399770795143264,0.03744889633177613,0.038657047942037476,0.00986081464713583,0.036457954460618704,0.0358538072290355,0.015689497857873887,0.03928526532466216,0.017924551322788057,0.012483439201033108,0.01923216743781378,0.01438820095587278,0.3737303556588005,0.020787897784761863
421,0.09393330514052868,0.039305774339067165,0.08603110802300913,0.013711694820821184,0.023675645030804285,0.024709829405446304,0.06255532248831108,0.024388977798467507,0.10186779963789672,0.023493887223144244,0.02824319763120989,0.13090625885999485,0.012341635449662332,0.06614558241116433,0.04601732923284288,0.06427444040099733,0.08030862848310369,0.06162962854195764,0.006053607151936923,0.01040634792963384
422,0.009190806526706029,0.03957940298979321,0.03165912001600478,0.028527398396283005,0.02070878471185522,0.011359206346573095,0.026370067737170134,0.026844584811166302,0.02606510596802635,0.007246256539183232,0.028806163943535443,0.11472687507943495,0.004418477521390683,0.026886408592885352,0.008374481956824217,0.18443536919862288,0.350971086334238,0.012314669405253333,0.01844019475669595,0.023075539168357834
423,0.3148682076876323,0.10395129252437266,0.023715192590918466,0.03329191537381098,0.038278225396040214,0.008746081295960668,0.042348809483426605,0.038966224258779304,0.04807399420849541,0.010829471290613155,0.04550123397428523,0.05611928396350904,0.014084967336582889,0.05042214507095703,0.009988441824955448,0.055624290886290645,0.008692086938437414,0.017873319820518548,0.03404534165612785,0.044579474418286205
424,0.04092217679712814,0.014934748690045237,0.009883944766959165,0.018267519916472512,0.06771083676027333,0.05445995810194634,0.08588902491368117,0.028970989212341054,0.17169493011307102,0.02203258002018766,0.013644506892492655,0.022502510808198328,0.0024009231045861515,0.03897740944443726,0.0884710256368073,0.08002327494913636,0.11886653865909544,0.04453088443144787,0.019723126260741526,0.05609309052095146
425,0.04433821889232765,0.03166558899959091,0.13123739341107316,0.2766798484124383,0.0336871488100243,0.013138131642329557,0.03453583760658776,0.02903197175133707,0.019450401650485366,0.008958531514839519,0.0207619703839967,0.024507260862371268,0.014908773205278046,0.16212789499416258,0.00701180244065575,0.05984460091635534,0.01888463459261503,0.019122919592951326,0.021615829012418795,0.028491241308161566
426,0.46933822547709003,0.026453286884604688,0.06280174684886787,0.032475863149456705,0.030289262246246215,0.010334553561299142,0.036479147820119365,0.03467500021862872,0.040665972664558354,0.011109871714687946,0.03356159825324034,0.041644357794124946,0.0115547615246707,0.04154426554292748,0.009945322670340161,0.017996850349102853,0.009350213521367827,0.009488980351704868,0.030660153028392517,0.03963056637856935
427,0.01647922424748911,0.06757285390516472,0.012912285046174797,0.012958887851022217,0.012245238730236335,0.0026501293765634243,0.011331745635577943,0.4464809859323112,0.015017810205117364,0.05477054484388251,0.03981166067859566,0.015624470812431032,0.004750005641738811,0.008741807248739734,0.0035683483952426848,0.003479820110119399,0.025647726103703,0.21922859942905393,0.014320230578420535,0.012407625228415608
428,0.04058477936839158,0.018763462772447524,0.0011510835315852827,0.007376684172685448,0.05441160793266229,0.0321966814075723,0.16584120379029288,0.014430002752624035,0.0715908289237353,0.01016479040582851,0.013673348430313656,0.10186190016568081,0.0027749532783985257,0.06589567214014769,0.2388969874410548,0.032027025964669394,0.021729512560777164,0.017784631676160827,0.030509021267734346,0.05833582201723764
429,0.03227152229391769,0.241050377549371,0.23153932153553544,0.011716260903073166,0.011272673497319283,0.0017500710634540785,0.03422696801892931,0.014152152031982921,0.014083393637593176,0.0036976619247712974,0.014213376589780847,0.018138199221141578,0.004573333521381421,0.011637277017886437,0.004794834393209156,0.2844361203227821,0.005738226687098191,0.005174158287477007,0.011161866410244728,0.0443722050930512
430,0.06691624053413064,0.03651649353193305,0.03911684451374722,0.04392552035327303,0.022095378793253954,0.05054180016794129,0.05182251213066445,0.03476821689048673,0.0728009918223826,0.03837240577277134,0.035940016534604644,0.0715129865467815,0.07379966075768381,0.06193391810382815,0.05634595992212402,0.05971992565631899,0.06171852221737219,0.05034570472236289,0.03451216935339327,0.03729473167494621
431,0.03036783323373406,0.02142374768509759,0.018570169627184854,0.025875285468573053,0.01894122365654558,0.02807022688185558,0.031476215653929294,0.021441707632245163,0.24053484719691168,0.009343263380642484,0.03674654101976705,0.04379939884668069,0.005636865395818978,0.03535061085549142,0.3476874824260907,0.02795039095552755,0.013940526474230611,0.009259822743554193,0.01108029501698633,0.022503545849133274
432,0.05604117391152384,0.04972002531377463,0.06490571941009467,0.028079398616186586,0.38125106670896014,0.01984684298504578,0.033026443302661204,0.03775310013895977,0.024855874909529188,0.02078687871602781,0.02621790804324865,0.04159121114680364,0.02800301062680856,0.02777201979800017,0.00840964209673809,0.005743158010919323,0.017774271697675207,0.05145420232893641,0.02474307928507639,0.05202497295302998
433,0.014095233010164533,0.03226146084135301,0.042452842448876545,0.030416678398107508,0.04817262212170081,0.016825596549375082,0.042100312728496014,0.041054225609741674,0.020767848603995755,0.012284316249923087,0.029055586878234445,0.039243233441716416,0.013688008916195786,0.03130834154639762,0.016924748455201817,0.013056840082583766,0.014653499948950516,0.015315272780186105,0.4882302805484133,0.03809305084038642
