site,A,C,D,E,F,G,H,I,K,L,M,N,P,Q,R,S,T,V,W,Y
338,0.12737239460559655,0.015302937243662176,0.05416890532154919,0.11214635440676317,0.00397224535213658,0.14249416710580173,0.016160782358282954,0.0029985561306465898,0.00539599768737261,0.006725103359145095,0.02484223891184235,0.12251111318052765,0.0022106431286294877,0.10086489571767764,0.0014773811336012358,0.12346636216937017,0.1193527694115032,0.0025648575952403833,0.0016600404106194985,0.014312254770031797
339,0.04255593362240209,0.08351574660932143,0.01843027416633634,0.0077935174226869686,0.011342662489560474,0.0032513087253028985,0.02773192998344968,0.02627518678278287,0.018431085603636894,0.0050273613680992535,0.014203265634241838,0.02489631481725488,0.008947004921541435,0.014628575761432677,0.002996561623444659,0.005158012519339094,0.010218476740346963,0.6494484041156968,0.005792787347663514,0.019355589745459183
340,0.0025251624083841707,0.01220344788632812,0.006187224068916085,0.0038349352343997165,0.006496777918689456,0.001246714435143731,0.009187137792519251,0.3194884216994164,0.006753593142531062,0.03665981714378342,0.02181296192622383,0.009945933003753822,0.003643105150254518,0.006958360528645871,0.0014479337429933658,0.0022001493785101015,0.25457238507790175,0.2832567363379367,0.0033126140274661424,0.008266589096202606
341,0.02300048730360522,0.13593780927133356,0.0019247716663907686,0.04794341744089601,0.0021272588988647846,0.0600140867797071,0.0025945731511966656,0.003588153458744209,0.0027108708100764263,0.07468500220604027,0.09411536854732354,0.021084090074738368,0.0008857690996006864,0.08957861948920326,0.0007420956504317317,0.1350404932914848,0.2953587001471391,0.005245877908718215,0.0009312926998793755,0.002491262104625891
342,0.0035737398824588745,0.007918276321697013,0.012092787285395895,0.006126414393637578,0.12894387995185666,0.0013669330418746553,0.015615906213710543,0.3607362412162544,0.015247265190801655,0.015056901429051132,0.23517988369627205,0.018029174748477855,0.004846722135868187,0.012657868190830644,0.0017814486376708516,0.0031938024382347665,0.0030173023231440687,0.017695791956012147,0.022137177144256396,0.11478248380249466
343,0.21755419984554913,0.4753065566992171,0.006023414149774066,0.004234037089715225,0.043464323320506516,0.0011068491582827448,0.028119388915524793,0.007640486259636775,0.007297089529478866,0.002203285098890568,0.006551770514875341,0.03279248139204577,0.004318572065345768,0.0052159956693660255,0.0012532341831509237,0.11514978431618635,0.017574422348415632,0.01016624627312639,0.003061306253272672,0.010966556917639314
344,0.0080577166635337,0.01295840938660741,0.019892528584978603,0.012829308375626064,0.022091780823470585,0.002361544158495604,0.03388039643837678,0.05389638662008981,0.023127092449932843,0.007751352819439135,0.6799473192422032,0.024308549454103948,0.010657183747269027,0.01688301473244245,0.0054425612983495875,0.0068993997039113785,0.015567170739453825,0.008638480647347747,0.007656285317792805,0.027153518796575505
345,0.005990397835361042,0.015415087589306284,0.015547831020241718,0.010908320553636566,0.026872184446336964,0.003365715873129749,0.024298262263083428,0.02385489720745708,0.014485493168842364,0.005054242063803626,0.011604711629937503,0.024068301660450344,0.012552643040506864,0.01619953823506936,0.0033857303868069944,0.008441174861905447,0.7392410012667741,0.0060257507709268535,0.011788532976448551,0.0209001831499753
346,0.004339569342298026,0.00942425387952763,0.7681208718793111,0.006529409113984959,0.016472225577829652,0.007738229067756632,0.015672041824467912,0.02030999402676242,0.018230965425012974,0.0051031441931987795,0.014365055144141076,0.030696763453846306,0.008953235642268147,0.01763257793778217,0.0028805173427072783,0.0046422923518302656,0.007541805058601109,0.00893836147443623,0.005969845423857179,0.026438841840380072
347,0.03786849256395496,0.018785774231460734,0.008250086220854476,0.007728150870869238,0.0114630096904468,0.0016347993423270254,0.017735705543099004,0.04161179883265136,0.015340621517729006,0.0033264982462551953,0.011158209483545317,0.015174340769772717,0.021400195132037402,0.02049871104959389,0.002322307753567106,0.010501830948426353,0.7318653119845248,0.002918843731619837,0.00537710045001473,0.015038211637250038
348,0.02745982460134117,0.02133959187833594,0.016754024013982054,0.013347354366056151,0.02384358946451344,0.004288746569605907,0.030408835537107787,0.005557191239600423,0.030203121023543344,0.008301760589502999,0.019677600029065368,0.0275725452217436,0.02738099886117214,0.07887457917547995,0.006295125897099824,0.00658718803710836,0.599920453172006,0.007228034149390727,0.0255223167660243,0.01943711940732056
349,0.004993699310810021,0.014594684679908996,0.017236889667106518,0.011374179744491774,0.016806593964734773,0.003902957094019059,0.016718469947811964,0.026783586152974142,0.017798175428220746,0.0029757740354960853,0.01285547739093884,0.02242926531060233,0.7547512467031073,0.023503163772807558,0.0033302134092320517,0.006194632805052302,0.010710634949443368,0.006168555462171992,0.007353962592782425,0.019517837578287744
350,0.004220401742925668,0.008115067319411315,0.007523084708528802,0.00843486618458098,0.1603940775798732,0.0018846201976223723,0.021709561104584395,0.010639015699845775,0.012982782718299292,0.01733737866194002,0.012002699618051825,0.01954681506275203,0.006402673959425669,0.014590411249237337,0.002556004372473077,0.00712466567203342,0.00659071025601858,0.007719435358464467,0.16143113125375855,0.5087945972801733
351,0.006026052478847014,0.01039592232055906,0.010809474794722725,0.012121428985634333,0.014923049708535994,0.7491422378666054,0.03157951269565871,0.022442556455625914,0.018854540021357804,0.004931839179282881,0.014080906150352379,0.025213508920984617,0.010854892438129657,0.019209898384405354,0.0036832026249193892,0.0028505910671426916,0.010807236585325399,0.005719024284589609,0.0075426896803451465,0.018811435356975978
352,0.0048879583473433975,0.011840803334330565,0.015984142055285522,0.00913878447832065,0.016625517447946072,0.0022655425375324623,0.02629479543037623,0.09441789081903747,0.012305843028181771,0.2076515944764348,0.08460719445155013,0.03665371552243082,0.01806670238677978,0.40961848313532206,0.002865353878125122,0.005608017923775739,0.008234077882040707,0.00714711412889979,0.008802113862952007,0.016984354873334936
353,0.014693374216610376,0.0192481331349659,0.026553528583904806,0.017058820321056756,0.01803548056753902,0.004296166571702548,0.02029486953855529,0.02201957886584387,0.024502181377236674,0.013103517871618543,0.021765609745538417,0.02521896124958999,0.016781334225662137,0.6895080204801376,0.0036926341077094045,0.007524223794064541,0.012705791227911984,0.007842505926529637,0.012823524587410014,0.02233174360641248
354,0.02391576043652,0.015362316584351473,0.019795974666147697,0.011587405525198055,0.017640847485455895,0.0017418427132744232,0.02963340490843989,0.12410322876849944,0.10446124248723704,0.01736478970999487,0.040129686809790316,0.04010012484791873,0.011425923911475094,0.03303064353038637,0.43388345611290235,0.019774205115059406,0.016374416194383373,0.007414479178573255,0.01053293621692646,0.0217273147974658
355,0.0033447179872814355,0.020557295499711543,0.01745478178383346,0.014256591213838933,0.024269750872273458,0.0036212743436597633,0.026140421542402262,0.06827080429371934,0.02662383893394142,0.006114889777706666,0.01713537483611467,0.033114080131749275,0.012890544574999304,0.021961933353723793,0.005554906322901072,0.007565704442880027,0.014803650447489053,0.6375914342180559,0.011353046371236247,0.027374959052482536
356,0.0074449651575102345,0.019813698850452723,0.01479857333158087,0.012719583839757792,0.7380877171495713,0.004280349153833625,0.026995349959421485,0.0216771502771296,0.02005923627902433,0.007092050233948772,0.016257845103417747,0.022475945208832893,0.010752073096329362,0.024547041894584523,0.00505074821655136,0.003359027081754673,0.012928665500377247,0.004994945727408514,0.010697985979370673,0.015967047959142323
357,0.009090424751382095,0.022775317898856673,0.023603095325036686,0.057482904248019155,0.029263254669666987,0.008389056708255323,0.03307835185960666,0.032655105683451105,0.46614220366018916,0.007515974231667629,0.01937995199357304,0.03771241665254979,0.013734529179356825,0.02598051415132664,0.13400926041230513,0.008232223101051057,0.016561341590475537,0.007607491917531951,0.014106482022053002,0.032680099943645624
358,0.00944710248654792,0.02146715308597418,0.05407722018391934,0.5102751602151826,0.03361964455787849,0.02012840034698776,0.04016232677585596,0.03365632549535242,0.05050462499460354,0.016673835478827222,0.02925253914343169,0.04393628795736226,0.013716964203057581,0.025889810173740018,0.0077380637210214915,0.010775281268055157,0.017050816491206357,0.01630094447703728,0.01834591209541449,0.02698158684854421
359,0.019250362621883715,0.029408206284216726,0.08878016158771478,0.014174886103416322,0.04241374535604414,0.0143441166372556,0.03988831737507427,0.05813027404412644,0.4266442421002652,0.018541372415515758,0.04033398272203528,0.014215668776505009,0.03262308732911347,0.04429297591820729,0.00399955190800133,0.01601364473787156,0.023272685593017654,0.01602134055633978,0.02494528812051736,0.03270608981287836
360,0.01159995985735924,0.055606757979581124,0.0457546337392765,0.017468406343919003,0.0388234880770339,0.004166171383203336,0.049427733657145194,0.06067805199554308,0.06312485928943033,0.00790041381419708,0.01512956874559278,0.09913771683751571,0.01710729746601485,0.032427292526861266,0.013327052592521657,0.012548847700687557,0.029385005625746658,0.2995852282177988,0.026574348499307145,0.10022716565126473
361,0.012054375567419284,0.0860757738953818,0.38301047626016377,0.0160387430698025,0.04215672474718538,0.001860705795233325,0.028866223433173924,0.04402481306119821,0.057919709330226665,0.018638264590432295,0.048473934326304445,0.019087574543324468,0.015644786896691357,0.05856161185162029,0.012528326201684953,0.013130580480526809,0.014028941226727648,0.037253689087823914,0.03985518377043104,0.05078956186464795
362,0.0017493195328303686,0.020837294740540756,0.01863030075592816,0.023139355200560888,0.02835937631532474,0.004022089776877058,0.03486564707220976,0.014769861272430471,0.04211341162443454,0.016170694676464346,0.03895137301737156,0.02247594214449955,0.014682425924639085,0.03832865566455949,0.00860065584631192,0.08141745804169126,0.4947450793779642,0.009861216912692075,0.03987024253960623,0.04640959956306361
363,0.008161035026376313,0.02608018628607565,0.033086968859372706,0.013411062717588802,0.04877286216434906,0.009238178144113948,0.036884274957418986,0.034552051458273864,0.0341620115715168,0.01165144163361105,0.017574486448340622,0.04054753275116363,0.01374094596924074,0.020080426091787597,0.5511172848164376,0.00901271377811152,0.015074678911362228,0.009061718953491242,0.02929043253731059,0.038499706924057096
364,0.10021159921325808,0.03380808592959833,0.020980719275921534,0.006062914658147016,0.02133570698479262,0.0033169361806123093,0.02022387361173218,0.12291788177662306,0.017075756946393298,0.009663216255971762,0.07765425165225677,0.038450647198968575,0.005214990375662407,0.011937417795415836,0.002872170056238299,0.006667999460458405,0.08792283405871933,0.3856486470201996,0.009057205821507543,0.018977145727523067
365,0.0430574971514004,0.17556632389505988,0.029040774240607064,0.019586005221793438,0.027132859381180305,0.005520047272515499,0.015858690637885916,0.02069359713977934,0.032758758544562276,0.01812240853138026,0.02205049233006527,0.17644874198474225,0.2569964406033483,0.014643842175404367,0.008913907607256345,0.05884633966636609,0.014482936900764715,0.009478206483006603,0.019637377483077412,0.03116475274980432
366,0.0243969134659896,0.062391188565670996,0.2668942841031974,0.020140835194415407,0.02485672578577347,0.0154349326704631,0.1244684988212052,0.02309767573974099,0.028274493973129727,0.016731668376272876,0.027206524486518682,0.1376802920617568,0.026746567701953623,0.030020834854816564,0.006426082461335032,0.018654778922037943,0.015734890656123397,0.009724069459824916,0.020887547612453913,0.1002311950873205
367,0.025550667791256337,0.027997192409332062,0.023851246994215525,0.02823286839390855,0.03856222305621796,0.0068059276533199925,0.01849379513189048,0.04224715524761197,0.0426883844693692,0.003821074838494202,0.08768461584250031,0.03400606501636457,0.48956265476550453,0.017393213506423696,0.005235270849060339,0.006982181157509565,0.026408760936352128,0.012227667110064346,0.035036074777958816,0.02721296005264547
368,0.024396798072997272,0.08677036602179787,0.0059085635474870985,0.0065502750776975024,0.006213339355601584,0.12934089699903273,0.22901162880818307,0.006451744038258947,0.08408701864063685,0.0024579636496599856,0.018073767242297947,0.10448425475192853,0.001472281642343365,0.13423127081781808,0.06203872406034097,0.08128456857895479,0.002857205646214584,0.002427863100434612,0.005653305872661778,0.006288164075652389
369,0.04706010234923766,0.03954702173360666,0.050678089740061764,0.06499769340943905,0.04216540093262553,0.03418749678853792,0.040082673985793425,0.05051016490853849,0.06205237117395482,0.046890502952539374,0.04945233440259528,0.08801365070155408,0.09584250453536204,0.03900183133878483,0.05579496169766173,0.05373663999807853,0.033232708242171456,0.05143406525963484,0.026123396502170892,0.029196389347651636
370,0.007979118009268926,0.014751055061998544,0.011258200288125441,0.04853669064427881,0.03226911971854873,0.5334193109159654,0.031229182963651958,0.031006679905713385,0.044750251509265065,0.01197267577605183,0.04948033148852774,0.03615938879059959,0.013856694363348208,0.03713141772866857,0.006780581436458319,0.00471485691421878,0.01660593348048705,0.008412273278513308,0.025680854298783768,0.03400538342752656
371,0.01475368359666685,0.04055919647704224,0.0408970297370597,0.026207938554554736,0.07962684577545838,0.010857915902609616,0.025343113720836436,0.01007050083273524,0.037854587250734734,0.011058349934779074,0.03407369170046482,0.05626533292407964,0.009998075874293999,0.036479191205104955,0.00785187187551994,0.024229745316132017,0.44708923595035377,0.013133285043666702,0.021219815426432184,0.052430592901474976
372,0.027735402830737905,0.01773724887532303,0.005540769951548975,0.005528541780344544,0.00740042030145651,0.0018686692659441119,0.007837141067312139,0.07367055438986334,0.11690304933100613,0.059443460862339176,0.008196708248681074,0.007684799740035755,0.005278276228600674,0.32671770681749174,0.19860803407975813,0.006915151037277915,0.034508097835945974,0.07606680090626648,0.005182481411260354,0.007176685038805994
373,0.08742645808431175,0.03017007354842796,0.023702263707157445,0.06651160259291335,0.0647774994904024,0.0052504631445654225,0.04960786390348009,0.07470041324092618,0.05055884606401612,0.05056349726074084,0.06797445023779299,0.0962694843181714,0.0049459293686052366,0.05325923821641828,0.05353471262889761,0.030481505619695686,0.08721797110885589,0.05970880059207199,0.01343865710823479,0.02990026976431452
374,0.1434160418128604,0.3918704496460796,0.015097800017073547,0.009324613353708992,0.017183181265026545,0.0021602909026258604,0.018533116889223555,0.01959984300598906,0.01716673906137729,0.014774393918356015,0.013625375304669516,0.027888080033013313,0.0103766969181594,0.017313429529608574,0.003625935849279873,0.024345760566765007,0.09262273783937719,0.12420027526971612,0.008238963917550407,0.028636274899539793
375,0.02291743464632209,0.05166964478964862,0.05284612023370185,0.040410198421065906,0.041571323429023026,0.008549400140974207,0.032488073915663475,0.06458143109175325,0.030030958132959116,0.0071591197603727225,0.37691913488979195,0.05700302302292073,0.01618124006421635,0.05928907563392815,0.006680829084922204,0.018634901177943444,0.04654239628263345,0.010755067238427193,0.020812440376139864,0.034958187667592476
376,0.05615992054701651,0.04221501041110994,0.003239521886584692,0.09563058024207567,0.07581777386547127,0.04614821354016812,0.06777787801925476,0.007664232773409083,0.06310832807856827,0.04523278507930856,0.05440481737199077,0.05930056398071521,0.0015601822251790586,0.07188957324783642,0.06355525196245888,0.052017075446577805,0.057622034629279804,0.022234952640877523,0.05547749655275926,0.05894380749935844
377,0.0471918954475121,0.033477375759120846,0.006422961222091061,0.005628583387148033,0.02268766522508291,0.0016192653966320073,0.036378489585199604,0.11665024582543802,0.09431220151378474,0.09443970707708499,0.2014956903983082,0.018425115453245253,0.0027787575377599145,0.07498441538447248,0.04956014700512282,0.01618714384538532,0.036204220067079594,0.03349905204311663,0.007334380715731726,0.10072268711068368
378,0.14887908625457127,0.22626698219369878,0.01642067342963794,0.006044534166331806,0.012767990239679191,0.002879868330149953,0.011351425051758809,0.011652978707064407,0.009780719668761779,0.0035973906734523713,0.00899970590098774,0.012245549824167359,0.003759220986543936,0.011638252721927152,0.002364943796428263,0.014516151233291232,0.30851640758429855,0.16858097407656414,0.006911075672794587,0.01282606948789064
379,0.3182161155226822,0.037882696715218094,0.02316031210195747,0.01583038556878119,0.0381653916567344,0.01765210436764685,0.021330102893464136,0.015523958519530345,0.018963181281249786,0.0072555613516474575,0.02030168048736798,0.027778451477550616,0.004416240005780567,0.01853398666566283,0.0074452335995268204,0.3142253700800796,0.006911329920110307,0.010507351627131949,0.018710668415377062,0.05718987774250039
380,0.05038473930729171,0.0428247325915451,0.05367653532769032,0.12405131121489614,0.005320230427523849,0.06076315294262447,0.03470821578569164,0.03071732194145928,0.04902526964063381,0.05359835734814963,0.04363349658262131,0.10707262944905312,0.0006695948049788577,0.10014479516974523,0.05457178115666919,0.06231440427362963,0.06686644144579029,0.03042182153159374,0.016985591938772807,0.012249577119639879
381,0.01742839026853356,0.022870115079899663,0.03923369534392735,0.018168116441302215,0.19522092771044575,0.012057073038560727,0.03590129678431239,0.044774250710606645,0.025943022064566387,0.009130094749049845,0.021994726173746353,0.05785951413662315,0.012887055206362177,0.023575369992567114,0.004733643125296313,0.007813886318934078,0.05294990212113917,0.009857738432419097,0.34168463979634844,0.04591654250535954
382,0.004132657370229016,0.02524956616738483,0.010212563561697594,0.007619949620253752,0.33030446601550534,0.0031612013045224942,0.008261918178666141,0.013501232342006437,0.008520640408625242,0.1387869093457428,0.1180446007163199,0.014353567694168505,0.005429117307356433,0.006576333555474343,0.002480851049058864,0.0028293070855835087,0.007487291599853445,0.014112569864346725,0.00686201635473102,0.27207324045847353
383,0.011682345504662827,0.01652525404552632,0.022344800499338558,0.014727846487149894,0.01982901686975655,0.004598452693681498,0.024624957972573053,0.02571943629002184,0.0224169732751849,0.00961865132884764,0.01911644713228024,0.021289890438361964,0.014366620813915572,0.030322788409199154,0.005540844114386102,0.008392304465156812,0.009995964423520238,0.007392585801006982,0.6902562253646791,0.02123859407075071
384,0.0732857418298008,0.047667068688558835,0.07452532952976217,0.04412786558050243,0.03232912722451552,0.07662346305978951,0.03836222602603801,0.04620857908483378,0.05894502745810026,0.04491823203476048,0.03581581271088848,0.08348694028386211,0.0012843983405385075,0.07054700810266422,0.04928218653035125,0.06678346922898891,0.07188604695736382,0.04213367480437649,0.015241417621970307,0.026546384902334103
385,0.06034761498106254,0.04999685030935288,0.019415791206985163,0.14102305490713227,0.01706490044941993,0.010911445184891342,0.11664454591731892,0.042336068144823456,0.02142808313283316,0.03852138178587675,0.062411832944570735,0.08683184958480032,0.0036143523822728396,0.1169669503779534,0.019783031034545377,0.03704004567140522,0.05885071304069269,0.06013427670325392,0.014086816170360525,0.022590396070448552
386,0.012244030212146364,0.03281137569800616,0.03229749004597796,0.02166536284383903,0.08776652203164174,0.0073465247598257025,0.014488928097322938,0.11756670751015229,0.020604263755274747,0.3334494632524261,0.0814882029446426,0.03347119089624095,0.010214142298349877,0.01561282933921452,0.008589788404955893,0.009172228180894715,0.012812751080608453,0.06953613197916346,0.015300952953253932,0.06356111371606261
387,0.07770068583120937,0.03317499326690802,0.024124594657333163,0.009754594181834051,0.031931662075177926,0.40667110930103867,0.05160551072401034,0.03517179278525077,0.03268097667245388,0.009841470209448653,0.025630798408351183,0.03399355268409817,0.015882963652732618,0.03988233718484163,0.014032769078760622,0.08563139960839616,0.01605406037542513,0.009748848695668215,0.011239863430069648,0.035246017176991724
388,0.07177413673050394,0.025124565341207456,0.007142581385108176,0.03836634864593147,0.011495550240977455,0.017093701461891486,0.07493667182712395,0.03754301396315252,0.15036424519029,0.04473810801707293,0.047296695518521475,0.03593816412538657,0.0031196180988854166,0.07545738495294636,0.13072478112720767,0.06808832107634064,0.07427679653224854,0.049793656919388585,0.003625922567875949,0.03309973627793933
389,0.04471759931321,0.03392244277054585,0.059380432534065025,0.04179960605700486,0.026381308790425124,0.04206498921606668,0.07187444533912313,0.008957660151680423,0.1487495690133701,0.005852948083889819,0.022340843760954094,0.09054755252984642,0.0013592733451055477,0.05842451458568002,0.09859786775007388,0.07509733886891391,0.05538551595766683,0.026210115816755253,0.022770060479475347,0.06556591563614764
390,0.009378295853418506,0.014893343745354429,0.02301698793159424,0.022447311751464503,0.01899439837540125,0.006003958980010014,0.026951057546269447,0.016446430093983465,0.5258893837470188,0.012663747209815746,0.025383722553850612,0.026724173041385427,0.006924996322364231,0.029465707245748086,0.1674730832710298,0.005210883750669936,0.00866743191118973,0.027151814900548354,0.009751142019701056,0.016562129749182378
391,0.06485660998999153,0.057974953312943577,0.01711585709649065,0.03272879432495096,0.0325879292203913,0.004495496092997371,0.06513662038670825,0.03699413018719274,0.1206889147193136,0.015297563011923358,0.022738599166494886,0.02902460431579637,0.01100634405184401,0.08363555118129033,0.11063246345023929,0.0704629882191732,0.10271767057304544,0.07106905302054274,0.000650434082852927,0.05018542359581746
392,0.03770937336353271,0.034212763127709746,0.019148405344753445,0.018022495138243496,0.050083446558699056,0.0066764917113988735,0.017255574689427133,0.024822310920559445,0.03963160935635547,0.02477611698519404,0.02953627073655232,0.038846309268939984,0.4771759184272208,0.039977022168721836,0.0058893043681002765,0.01692885830770646,0.05666596495904049,0.007613944943899765,0.022731672850616853,0.032296146773327726
393,0.01467138708213408,0.027220950129224097,0.02702298112369227,0.042809158036764404,0.048533332235879266,0.006950079545443073,0.04337790689950052,0.039419370866393334,0.047406482294546866,0.022075781975536432,0.05192778108087968,0.03460737005538184,0.009873382720270196,0.02511540069391034,0.4650319436623697,0.009038775658835025,0.016905881576668263,0.01361596262740066,0.02024384731546423,0.03415222441970574
394,0.0004737435396438238,0.019521351782181433,0.0007893181901028213,0.006542417643423081,0.02715725839715559,0.0016987529323683112,0.009872007552227663,0.10585988599213557,0.2288272760368825,0.08020591204804446,0.11016433617023469,0.01262694340438158,0.02916146491817082,0.10305129329925387,0.0832616138844738,0.0033875034681024097,0.037010860586694484,0.12187157744491478,0.007862506559927063,0.010653976149681214
395,0.013123027003378127,0.3352746450533728,0.022278312871286454,0.03148929592307461,0.04051407065676243,0.00686800767809903,0.05139527976902403,0.023083870930006672,0.059402465805988514,0.11786875986860336,0.16000734469835137,0.02684146886999089,0.013534135372605602,0.044076416550009656,0.004622849213375332,0.0082805846326708,0.014268930006799614,0.013127300614300971,0.00995348164515676,0.003989752837143065
396,0.0026516797065533945,0.03818162575468866,0.03449180712383628,0.03925349861212774,0.03634299899826997,0.07415952454478214,0.02635089129862005,0.012967758234733914,0.06939056807600462,0.012670917261649607,0.03763249075837342,0.028508218885297056,0.009008286917486596,0.032087596643292464,0.013742200741711182,0.16509202654374797,0.2577972654517866,0.04760056929500467,0.02180354298006917,0.04026653217196447
397,0.0435009890535882,0.02626537825807565,0.039335113234806554,0.005243858508013645,0.02088915404179037,0.005795670010679643,0.03918223714725107,0.050339021758210555,0.22142164153711164,0.009866996435469825,0.02890540973375912,0.029356646443979784,0.11403982864837504,0.05211136390441185,0.22808749065145262,0.019536236284417415,0.015970869717549064,0.012805254941212617,0.016684712912534306,0.020662126777311045
398,0.08381268039159782,0.005900088406568922,0.05423466056078493,0.06866091828461264,0.04216399708003946,0.04183617599360198,0.08687118237821471,0.057494377537359455,0.03730050453036797,0.05327274245870806,0.06492494586609994,0.047933863235613515,0.007800480219441766,0.08086772765932115,0.042468806627194065,0.04868896596218514,0.06355419880333131,0.03552546993358844,0.037464548450371955,0.039223665620996745
399,0.009205929688479273,0.035643258507219396,0.0567975795225654,0.4158574536204502,0.04034227223694945,0.004609890051378042,0.0472862445648169,0.06922798566282073,0.02899824784307886,0.009514603009541534,0.040108169758733624,0.04868060192767251,0.01745770695727386,0.07409197458915177,0.010038036178197209,0.01004572966859872,0.01953911866552838,0.00874852658771482,0.014802201021956368,0.03900446993787305
400,0.01013765419199026,0.023910272539643816,0.024887455336181405,0.018979604239962793,0.24602695628470264,0.006105473321139654,0.028493731139874995,0.02596852413293263,0.017418887260733398,0.006432605703275873,0.020307149211464474,0.01948416527230691,0.008798743867776224,0.01865627604468591,0.005619915192886239,0.0023283578659097238,0.011216723749174012,0.011832464936791964,0.45633080920067587,0.03706423050789123
401,0.020634091848729084,0.12248948983465978,0.009582757065521376,0.01251555206325232,0.009530037646084255,0.0040940636850347574,0.018249892412607528,0.11146892806245186,0.08010208299704313,0.061770211198810356,0.2551147719582679,0.021873897233792444,0.005069933005034115,0.03059045935724287,0.04783995270016799,0.007653063763402788,0.041864588188290364,0.11848697846098051,0.007492039201594866,0.013577209317031635
402,0.131456752154303,0.02965739398037766,0.00557606462710334,0.010741581197139282,0.02976023994315886,0.058668955417924405,0.05053471880401849,0.021827359492083673,0.11851624094403977,0.04299026753502503,0.043665157197365634,0.04557501544373832,0.0035053621528379395,0.06525026699917848,0.15843561613950494,0.06428744743568311,0.042148434213818066,0.05115964833928951,0.01466243785218567,0.011581040131224801
403,0.013818969008717041,0.11110324049734914,0.08287316198435365,0.01111240789161364,0.11687598799719463,0.010280604287477445,0.06393985469171352,0.08858854011788285,0.17049514346736608,0.020910692664283168,0.02041648499950559,0.0413932159038088,0.017822949192526912,0.028479008397925925,0.005127727465089652,0.016167318400402923,0.029790026287826694,0.026642592843936327,0.04377470188890644,0.08038737201211946
404,0.0057011437566973815,0.051444843007321474,0.026830729100026568,0.019509912018308692,0.03579076502444717,0.003830688800220234,0.06364494287634583,0.15341310007906217,0.03360733294528045,0.16481039447798831,0.08447089605113682,0.0494219671672286,0.008409917434482935,0.03274730246849475,0.007756639036410618,0.014647423749699367,0.026640169819060252,0.1567753725056413,0.023528285055294806,0.037018174626852314
405,0.013881975729347865,0.02509811087004889,0.0591863519571896,0.04361063334484767,0.05727319267463014,0.012731795365425699,0.007625549823381097,0.05244269542364946,0.07573971181094498,0.02241338236206176,0.0678226133863476,0.05568004649729443,0.012741958910315933,0.051055316717799004,0.3223217574142992,0.012786483677878083,0.023946545478033904,0.01797685740371172,0.03138052025958895,0.03428450089320406
406,0.051288071978412404,0.06922535635326683,0.07788900687515772,0.02618099749039952,0.0182040449269507,0.03911398210059952,0.16326621453979936,0.017862161939398487,0.14978551446662217,0.008019129524477538,0.03134957874926647,0.03214700510102954,0.009218099557118433,0.03706329031086776,0.0757213541756399,0.07553218061681383,0.042764242840895784,0.02842566221730074,0.010189066192391872,0.03675504004359132
407,0.01773866307478956,0.056722708209358215,0.011468386935865889,0.018582653599270096,0.07919898153016273,0.01094365288729521,0.056991829848334376,0.023391799034739008,0.017305336971926523,0.010097899932146394,0.0158484306071949,0.3457638086503125,0.011800801564517863,0.031122302923513468,0.009651791974393734,0.00900783297690067,0.18340427236041504,0.013539240837295,0.02353738962440631,0.05388221645716255
408,0.30798109896864095,0.020827322931317907,0.015921565321241265,0.019315770633617148,0.013351047762575842,0.0053075508068868025,0.015574936729321408,0.01954424771616702,0.024566366298040907,0.005760441590215592,0.288424101044028,0.021216508045012877,0.009742063493075341,0.05671492194266245,0.005537132126212541,0.11036193210417998,0.013482604651454682,0.008204629958053024,0.01733050068912682,0.020835257188169507
409,0.3257969549177469,0.058138106376176606,0.02065072375876123,0.039937368250323214,0.04146571221867012,0.01617216178508415,0.03382736469960148,0.03527882860289562,0.0413230975483836,0.01611610358776625,0.056580163444964825,0.04548312294209108,0.014014153610448032,0.09705758373924683,0.008807586170323194,0.051659728544869755,0.014863209700274695,0.013310771596476636,0.03954039208948078,0.02997686641641502
410,0.008687026692950761,0.0415886258827761,0.034035713500340244,0.02493508993918959,0.02632338157536146,0.00655434055648791,0.020068180194405,0.12603641760642117,0.04334900768934746,0.21799146798320235,0.17287296893142315,0.035040350528554344,0.007019756756328463,0.009360586347901207,0.005681802210043024,0.0112769492835596,0.012355611835091184,0.14964916459575472,0.014065358848962277,0.03310819904189996
411,0.018802318940869363,0.03450930125316741,0.04672611036595434,0.02046361141641914,0.030699165491153254,0.3265017649175957,0.04888598428080245,0.038472332813422036,0.09589237864585155,0.009701755228044067,0.04081116113584985,0.054877642788399295,0.01846050509526569,0.07077155179481427,0.003476392111376647,0.01386643340100973,0.02055203247590941,0.03472494826439344,0.02730884151543927,0.04449576806426306
412,0.3000543465657687,0.02569673322619045,0.04681195490117989,0.03522251332274678,0.031394372263960024,0.021021439743440215,0.025111835179297604,0.04576150823881381,0.07725398121349497,0.010543006492263573,0.053952300004471106,0.08225946507028555,0.016690528083420603,0.08848793249848237,0.01027328055350759,0.0248675858557908,0.004736180716887501,0.014356932654821028,0.042509728158884263,0.04299437525629323
413,0.008890425593056075,0.15177699105656486,0.021454973447959574,0.015149091780914012,0.014885664783689703,0.008498404287526132,0.01703284422528739,0.1978062791281987,0.023962652700389026,0.00461016303825758,0.019632056522930107,0.015723359712185376,0.008042091632156625,0.014940792741614589,0.005121993681096312,0.0068364345925540325,0.03489610305350166,0.40905273538162384,0.00833161588286086,0.013355326757633552
414,0.015561121968066754,0.023065843389638758,0.03149652681838413,0.034523103992958264,0.4295557567913433,0.009059775186950334,0.029296831311185195,0.036210656428073355,0.04684776589952879,0.018500780934533216,0.03169122557634206,0.048577730015386435,0.012357055152869867,0.042611060545331265,0.009612791669000309,0.012000924804260378,0.019025006062307944,0.012240634534095731,0.020061143055252438,0.11770426586449145
415,0.1062962138861514,0.010512382695084544,0.012654910784625328,0.20246113338603935,0.009665680500999349,0.00173173707932357,0.012970725100146003,0.012557261058400146,0.10937859955518099,0.0031907580396187975,0.013200697790236604,0.09344669304292487,0.006922206735449142,0.18191629784674812,0.04858875555822423,0.0775191620532401,0.06641327889769628,0.010555619459023715,0.008805558090139791,0.011212328440747694
416,0.02944922352858721,0.015668867367703575,0.03384902240127586,0.6401128702511663,0.01609019883980005,0.009446734710400763,0.017873526681411372,0.020842898439506537,0.06094866292111325,0.005009562219140155,0.02161870849069238,0.026897663048500223,0.007195241592968252,0.015351761171333496,0.005530224036164395,0.00598504358531779,0.009938702833926545,0.02529075823388037,0.014008321595243395,0.018892008051868085
417,0.007842483432929885,0.012289946804944066,0.060830521314347186,0.651297123936568,0.015762276031127665,0.022144957418163844,0.017946086506026162,0.022421576970356183,0.04230668073435551,0.005437295283051525,0.020987037188832755,0.024704956094724496,0.006959419238164944,0.02727974188258524,0.005380873970135654,0.006788897760592729,0.011325511131013948,0.006125134774715578,0.01103647264069736,0.02113300688666729
418,0.0131505984979544,0.017120208010306042,0.02829471293325959,0.010918586934168745,0.025491480787405475,0.01083312105678972,0.020710203353450852,0.07056141301628482,0.450116679067658,0.00739066312441477,0.0408962446977802,0.07126289582413088,0.0078097273221203745,0.04870874305632663,0.08232286978533422,0.007725866299375046,0.032658679928911714,0.0103307011869258,0.016602264526107396,0.02709434059129533
419,0.057673659826114075,0.09698760892818105,0.007202230171581783,0.032936084321377866,0.00764300646801627,0.013878407165470527,0.09109910412245865,0.10350533342279301,0.04499049195584189,0.07883329266987063,0.058683902732273203,0.052121535760652205,0.0013331490650187667,0.11348997223724357,0.022233868546550285,0.06645422846369477,0.04640643883683652,0.057027674505915955,0.003046758949879601,0.044453251850229324
420,0.01514473014010654,0.03584070851319036,0.04404322275228258,0.027396740768227925,0.15200485407302675,0.015156139760698073,0.021618211479118677,0.029662276082166584,0.03064207112974272,0.012596629548247439,0.028873013761368044,0.028472459415883666,0.01239241134409498,0.030910610776291925,0.005115932063139917,0.010128101092472405,0.015187120611957658,0.01138612354520429,0.4569796575325837,0.016448985610195855
421,0.08480833067701883,0.03922088930803738,0.1068062220855958,0.019075146994984186,0.018093071728986405,0.025932447456938953,0.06194678677455895,0.025266108537873255,0.10599289753090968,0.021705448404883282,0.03360632735582049,0.12379594136243287,0.011527841904460849,0.06073378285029429,0.04343137694267942,0.07513748064747726,0.07563378442865679,0.056440890769654355,0.003785033354508919,0.0070601908842280675
422,0.00787714195133054,0.03390222885417277,0.024222557319014428,0.02186322483631038,0.01587291431116641,0.010105455358528461,0.02015163331262197,0.020568546010852774,0.019786957792898175,0.005560505123630185,0.010690459683125075,0.12161329706466247,0.0033866275150205172,0.020601079407353163,0.0056343253935276965,0.2018921054624425,0.41502861200677077,0.009431603043567495,0.014127359124672114,0.017683366428332088
423,0.397322154520598,0.10902042519181011,0.02279030792861993,0.026845250187734076,0.031052125743944142,0.007693087599784897,0.03442667689842884,0.031724266466392655,0.03899186543138822,0.008759940889160392,0.036560226934866664,0.045636350919863115,0.013868289981536655,0.040851537798304104,0.008054539002462406,0.06362447113576006,0.007314797650000676,0.012014090493755862,0.027529562956838925,0.03592003226875045
424,0.04831718603303562,0.014579585314760364,0.007810425953380675,0.01784835609694259,0.06924040940389248,0.058620439348591714,0.08901908256720237,0.0274164600041341,0.16067071070681868,0.02326054016619627,0.009209923233496764,0.023418996354057486,0.0016781641490226133,0.04744550821662339,0.08912888834408393,0.07595385698223593,0.11355569938491022,0.04414314299734073,0.020565909336791952,0.05811671540648213
425,0.048765403022053906,0.026961571606947007,0.14695101770541108,0.30354257192398754,0.023520541237117058,0.01710797843821451,0.02887102393537859,0.020372594063304928,0.02466756650752,0.0069066646052050006,0.014364364011152835,0.01833104935250811,0.01035227052348778,0.1795822973680812,0.0048793597967542145,0.054948878365892656,0.013591824618918016,0.021341276121722125,0.015054926581071194,0.019886820215272237
426,0.5789989812855304,0.020906281893317977,0.04178953500945948,0.02549413197795226,0.023928131487760587,0.008192350212899355,0.028906610479405872,0.02746513913811589,0.03198347391762165,0.008800764771154166,0.026316500165125902,0.032960307904186935,0.009107316186053078,0.03287756186336726,0.007883796331610966,0.019502633603455794,0.009477148656728497,0.009897715284841168,0.02432597060327771,0.03118564922813496
427,0.022927634016276722,0.07859593783576653,0.009507055984632239,0.009771269086525038,0.009108203483795303,0.001921453203572247,0.008353253752447061,0.44060375939681623,0.011058659710553554,0.060166012988906885,0.02699775996673008,0.011413858387692597,0.0035426094208062127,0.006481566275707629,0.0026461658079111184,0.002565948625602426,0.030641792655286836,0.24390032439449824,0.010547701135459822,0.009249033871013198
428,0.04410038110430029,0.01785782172027386,0.0005584297737365373,0.004819353095478141,0.04993394597196051,0.031200205283214284,0.1936336565549328,0.014551832043999268,0.06865171870996994,0.010510836067533204,0.014114086732101743,0.10452934022067073,0.0018107965823223073,0.058726009514542155,0.21731159256039048,0.028755982382315057,0.02848568430824309,0.01856717404044263,0.033736657246504605,0.058144496087068176
429,0.040760067047389846,0.2621191582565057,0.23507263279556886,0.013746571120647094,0.007183124158868299,0.0006882292922006278,0.03211164306653199,0.009026364275535449,0.009020006308631048,0.002360835081122468,0.00908148082703607,0.012822771806673692,0.0029115281376861386,0.008369677054402046,0.0030573205994036483,0.2908363422132401,0.003873517674333212,0.0037546301614206717,0.007091969442949482,0.0461121306798534
430,0.06933393227696456,0.03931971752196207,0.04501401623880347,0.046998879353667616,0.019800720347957625,0.050844842096540666,0.05194860594506184,0.03580003845389707,0.07066001711054909,0.03564263341764206,0.0309635871207351,0.06987299062456725,0.07666445539099337,0.0632383485523461,0.05248201446128392,0.062409637282617024,0.06218226689808609,0.049610453779965785,0.02885826257490987,0.03835458055144945
431,0.03642249381394452,0.015040103497346828,0.01209439195404479,0.021650720347131922,0.012396657692326965,0.042858625684217444,0.03428120239608396,0.014697556966863793,0.2601735346670849,0.009980088736596518,0.027037926818332513,0.049198012707821814,0.003779743148947578,0.03680513406087055,0.35985396816462595,0.023731552712514054,0.011841889390360585,0.007160051809847773,0.005904520526956985,0.015091824904080599
432,0.045103587406881786,0.03836241610901582,0.051912983721654614,0.022377617851453938,0.46029422013290205,0.01581070222976815,0.026272678064471495,0.03191036265430701,0.019853495907215336,0.029545216089717868,0.02076330508157024,0.03291310039711773,0.02228007134657474,0.02216793188277615,0.006711108463317606,0.004558886803161906,0.014276116273159127,0.07173092712728343,0.019732086225284582,0.04342318623236657
433,0.01114763358319081,0.026656773701866757,0.033676323751099836,0.02395132798573338,0.03812900857816407,0.015738722772087207,0.033306924587426,0.03236745840552256,0.016404653643802954,0.012515480376683666,0.022972079588223736,0.031057154577189036,0.010803335305758693,0.024705220521832768,0.003807099683529582,0.010328835408388993,0.011593774450113808,0.0120977817076797,0.5987279224082518,0.030012488963454625
