site,A,C,D,E,F,G,H,I,K,L,M,N,P,Q,R,S,T,V,W,Y
338,0.12701988456545124,0.013705650957905042,0.05230611832164198,0.11422724196296728,0.00588293591254552,0.14298479212850793,0.014836086382192595,0.00429423271304704,0.006679960216562337,0.006297887653694947,0.02520946579731072,0.11415320791219602,0.0023135778901445417,0.10339378447173221,0.0029033546017974885,0.12389997157480659,0.11813958171902271,0.0029752383327667693,0.0014165785989324255,0.017360448286774646
339,0.028227147772481854,0.070973598149409,0.020817944286154747,0.010941640650833964,0.015972559001321118,0.004878350051049114,0.038742756463432906,0.025196127663887527,0.02585875178709361,0.005608719024490262,0.01998460562409705,0.03469840473009432,0.012506773386914105,0.020535972745434918,0.0042018963499903085,0.007239612641796458,0.014280295156056888,0.6038900865105158,0.0081053840326299,0.02733937397231621
340,0.004232582943150461,0.01061640688886669,0.00934919524674937,0.005778866316296756,0.009874783733037695,0.0018711267879801847,0.013822787926072723,0.32017603373577447,0.012431961598059467,0.03622496385039258,0.022452848072891222,0.015026425815568711,0.005403898139546758,0.010497993745181294,0.0021786270051101105,0.0038987476832163925,0.23173444398290952,0.2668619372876153,0.005042912119193217,0.012523457122387208
341,0.02218632902048834,0.13817696512429864,0.003227158206426575,0.04682450303174457,0.0035135506218772357,0.05894065272164955,0.004168289435443188,0.005111869116848059,0.004544724346302656,0.07550151284828845,0.09039405543184571,0.02308917858611595,0.0014867370915445247,0.08340854280094033,0.0010309173095758566,0.1300911300393868,0.2969084250724017,0.005662297225548588,0.00154101719610982,0.004192144773163357
342,0.005294612897533854,0.011695016723960635,0.018056253036528167,0.009114922652494646,0.12773344184973634,0.002031012918625282,0.022994234405950303,0.3475490257611902,0.015869915525425052,0.015554310682242995,0.2109709574433508,0.02682239336604249,0.0071849858792513875,0.018748385918531563,0.0026369262110902806,0.004739609823348081,0.004376015498748797,0.01540067285347386,0.023913298950139706,0.10931400760233556
343,0.214892092347068,0.47545927301214475,0.005224251493212338,0.006340101567859556,0.04277597155945954,0.0017890236373927194,0.026017788561434465,0.011604987936045719,0.010941232798369024,0.003152883691468329,0.009798531521487177,0.032631585901269,0.005820229173752912,0.007860535806315768,0.0018880310463268992,0.10546901345029448,0.00967813871590155,0.010655588786063055,0.0045914037992377385,0.013409335194896932
344,0.010728984674493673,0.017277976987784993,0.026708687370341922,0.017126482772431978,0.02958465804114399,0.0031625543288069497,0.04554039680514436,0.05374605686057902,0.03576428941165121,0.009328950550560449,0.5983637760292322,0.03241813267755615,0.014225430007955925,0.022528938657116956,0.004758662745032913,0.009200650465615983,0.013801116799665893,0.009487044308742318,0.01020797195688227,0.03603923854926092
345,0.00671981703749359,0.02063512554156906,0.02081146669563678,0.014510724166618541,0.03572364882249251,0.0044924585075474,0.03243416144524466,0.0276951842583906,0.019379837429949958,0.006760758305028175,0.015528289866279325,0.03201707255487258,0.016617117346672813,0.02157780798800665,0.004528162005840656,0.010720891986207515,0.6580746887040784,0.008054505268738842,0.015686330231529103,0.028031951837802768
346,0.005556811681174227,0.013246218994395086,0.7083761752232275,0.0091645027968889,0.023115622637859323,0.012578683388735898,0.021988070011976762,0.028522770343330863,0.025566220695131984,0.007152234695168218,0.020182148314361822,0.016787967636604034,0.012553846317629347,0.02474413557705481,0.004040437550289773,0.0065190582840595306,0.010581009501884,0.014500576933568253,0.008381138167440358,0.026442371249219384
347,0.03857357745615044,0.020480525740839983,0.011889425384518393,0.011116136907598056,0.016526279821544764,0.00235617381464672,0.02545198699076562,0.043918785220352564,0.022317446088287434,0.004792799181567008,0.016102449164966313,0.01971520329220083,0.021347400532311083,0.02950654291469315,0.003345348986013958,0.014308640641757272,0.6647234049263545,0.004209455841157072,0.007645856913114681,0.02167256018116009
348,0.02816506664277083,0.028401360320079987,0.022305407315013803,0.017767275730831682,0.031715041245561036,0.005708471648152313,0.040482948541623834,0.007395731594744524,0.030332055371368457,0.011048702688244169,0.026180002584156373,0.03667299420053358,0.02858643967071943,0.10496006194309755,0.008379001668015373,0.008769851770072279,0.49367249746780945,0.009617030793270382,0.033969492657732754,0.025870566146202163
349,0.0068957458678486835,0.020080573278104728,0.023839130219260287,0.01569149059247807,0.023278262901979426,0.005389283766838968,0.02305474982166779,0.03702752803982964,0.024551364857871513,0.00410843239012118,0.017757571157535488,0.03097042165967552,0.6758289738070652,0.019832495199350583,0.004601804311508063,0.007443183630761633,0.014047774601255794,0.00851411996854795,0.010158299703495908,0.02692879422480361
350,0.006114801479348904,0.0037256807197142416,0.010895438702418067,0.012180887168551561,0.16419323957450407,0.002726217592957571,0.02350593434922434,0.015423240223191253,0.018752697060617954,0.017546776271825704,0.017422113427083573,0.021985974092825485,0.009270835023796541,0.021079170981440343,0.0036944676463568967,0.006318384489884268,0.0095604194781083,0.010470492801114483,0.15817466637539804,0.46695856254163837
351,0.008181062390047435,0.014120679689043542,0.013286167410347764,0.01647891869793151,0.020273374208249328,0.6611262815489516,0.0427928686328514,0.030525230764379796,0.025607407898682755,0.006694179390275927,0.019143776063819104,0.03414953182931899,0.014717801326227279,0.026134641023312245,0.004868061492870402,0.003867523977966076,0.014678858088084445,0.007534290001952022,0.010234462975415899,0.02558488259027246
352,0.007243136372088212,0.017548087014413283,0.023747222969311848,0.01264702436226585,0.0248017053012681,0.0033676445722870874,0.0397328866490739,0.09471603505441907,0.017603307861537063,0.19425453787123384,0.0870148896298477,0.037006384503959745,0.014282452100640409,0.3544269281279851,0.002831846771256761,0.008320629719957253,0.012257057113282939,0.009899235999648199,0.013112734081548838,0.025186253923974878
353,0.017660524086672028,0.025793478875214455,0.03528664088334386,0.022902560687180135,0.024120844160726806,0.0057649108998173845,0.02740269242062966,0.02961050324892368,0.02945463981923351,0.010544957584410144,0.029317856052726493,0.03368026349382009,0.015284024866497428,0.6032808036506524,0.004953058234270398,0.010076282389229953,0.017091623493309394,0.010535456955333625,0.01722454008486962,0.0300143381131389
354,0.026885229382601655,0.021167563511485226,0.027315295981133136,0.016012633869206237,0.02435893317177495,0.00219837277548217,0.0359801046617915,0.1347075536536453,0.06721989458461651,0.019682053030771376,0.04617571747706983,0.05038645348058496,0.015772384088725076,0.03940602544649528,0.37038622313153446,0.027598529433538205,0.02137061379275409,0.009503804845634367,0.013911454060210618,0.029961159620945043
355,0.006778904217477656,0.026490832837255406,0.02244600237614866,0.01830965659841918,0.02903811420739566,0.005815913089517098,0.03373106594556779,0.07439814837189963,0.03444180721532216,0.007914480697925462,0.022209586485986522,0.04268264112748411,0.016597036102469317,0.02850026457566923,0.007147597400426986,0.009755960066444516,0.019011195215396494,0.5447907931218833,0.014642174619129034,0.03529782572818179
356,0.010157084104050503,0.016776451237910318,0.02017249047349133,0.017350368065150983,0.655479200117668,0.005840702347467125,0.03684484763753232,0.02374379895706594,0.02739836910221481,0.011817781532451237,0.02212610171915381,0.03061483289412051,0.014645545484473789,0.033445920574326056,0.006889792688547226,0.004579705516666841,0.01765338523782228,0.006807871839791371,0.01457522443706881,0.02308052603302685
357,0.011695854544045267,0.029230860105070422,0.030355425091090755,0.07536542947150114,0.03763648047922961,0.00791026185623939,0.04257856538166729,0.03935284205800325,0.3760032255429831,0.009671402585988335,0.024866133692309823,0.04193909057663148,0.01761501513720665,0.0314547588073839,0.12757990707946987,0.010579461964913411,0.016191333071974196,0.009803951642151627,0.018151501031709472,0.04201849988043114
358,0.019162554157061803,0.02596476449502978,0.05612530272850558,0.40340405778673283,0.040625376609848794,0.039933563721711605,0.0487335971249561,0.04088798023966802,0.05508522696369578,0.015508398314795481,0.035515473888179286,0.05309943704312498,0.01661452040547416,0.03134337316215679,0.009371258366505354,0.01305321786903567,0.020619904089027828,0.020175876346041774,0.022187772688665088,0.03258834399978325
359,0.02311481315437368,0.035185460054059065,0.10709525107936856,0.011997648429149249,0.05063256721477064,0.017099789714846114,0.047625163763503564,0.05021406904871068,0.33274488990348994,0.02209727526837892,0.04830491797756547,0.01696777099606784,0.038963366567817716,0.049767790552776414,0.007146747346679933,0.019068433924891673,0.03401015092936476,0.019135794187267352,0.029865346682572874,0.03896275320434564
360,0.010553953753055137,0.06209451610919819,0.05125439761793893,0.01879482724117231,0.04349055535613402,0.004663810500659189,0.05547520810385991,0.06790029354959153,0.07079743633590065,0.007649492312372003,0.016020835954824685,0.10843177482615145,0.019110369604152053,0.03618601323417439,0.014916678048806453,0.014041163730607842,0.032839913418707005,0.2238471473902239,0.029724348976228873,0.1122072639362416
361,0.008686604765655942,0.10172494811157513,0.30433807842671995,0.018814788449042746,0.05017131438406409,0.0020551497129321456,0.03465973909494675,0.05261758038611444,0.06960740443833362,0.02236163834339726,0.05832005994893768,0.020127424805352765,0.018737414815498194,0.0690395545362247,0.014975893608775383,0.015719492961740782,0.01674719572573011,0.028262064754192892,0.0481624035809862,0.04487124914977921
362,0.002166178433529,0.025812644018160896,0.023126334408502303,0.028712637472368602,0.03517457068238325,0.004994797323806042,0.043185514124330936,0.025590803990641436,0.05275206987134857,0.020039929581968294,0.0483441303803292,0.02633009440814849,0.01820959763015955,0.04763454012397891,0.010674871482267924,0.06687766002521806,0.4010616215573271,0.01224899525030823,0.04980876275897831,0.05725424647624494
363,0.010415115780715205,0.0333581970149802,0.042380235917332344,0.017160589561425913,0.06221150718601232,0.009100240394140766,0.04750561692572314,0.04413978874550298,0.012409750577975087,0.014889302421780813,0.019583619855648517,0.052154208886886044,0.017629939732112656,0.025672377980674354,0.46696591961361533,0.017600954107325584,0.0186365073039913,0.011539568646161118,0.027234208028677664,0.04941235131931862
364,0.08570599988653911,0.03200437476527616,0.029380375515446172,0.007634300457687403,0.029481949326201153,0.0024096757574186994,0.028288555185246006,0.11926590233529992,0.023967947004353857,0.010125009228013867,0.07661096808033488,0.05244891205341314,0.007267104975903553,0.01660696387540847,0.004004081974814351,0.009279671253592034,0.07430054732456558,0.35233203484894665,0.012538211061244182,0.026347415090294743
365,0.04565320562319957,0.14267807278582986,0.03724386273290414,0.02529675011815814,0.034911116649392726,0.0068678677059223064,0.020433406272346005,0.02575393222361197,0.0420144602244395,0.024943207465631723,0.028175305820707264,0.15916500584059123,0.2306153828260078,0.01874730779817653,0.008644618136913546,0.05391993235673546,0.017129921240823607,0.012156803217239833,0.025594732617445704,0.040055108343923077
366,0.02219383507657806,0.049524434242714466,0.24931945396766975,0.020131003634750285,0.03443901452495261,0.021627413607966845,0.12117151185393948,0.03269385487928198,0.036927361028620244,0.013632007047245593,0.036723678078759314,0.10510560311217094,0.023342347267204844,0.04135450792167176,0.008900569042216309,0.016762138644664887,0.02169889762233798,0.013828531300170257,0.02993201054541561,0.10069182660166875
367,0.021586571064647175,0.03176401715131095,0.029056028455201544,0.034597534196702695,0.046991586845119705,0.008324014717227022,0.022813767168079733,0.05157070323994204,0.052140154941080284,0.004676624835576566,0.10732700239749556,0.04146570770777478,0.4018587260516793,0.021258894576572096,0.006819922900527675,0.00814064337492888,0.018548011681730908,0.014940301758237911,0.04268918886851975,0.03343059806764528
368,0.025342535303072455,0.09271057538823742,0.00897161465284217,0.009987450951390026,0.009450627993690987,0.1210652341656797,0.2195962475930819,0.009776470519885328,0.0826034950257357,0.003960626927200748,0.01821536898384131,0.09672613368990603,0.003902906918955966,0.1291321903398217,0.06676227734877048,0.07568254567376448,0.004331753787608319,0.0036902159490894795,0.008582162041629213,0.009509566745796493
369,0.04521693799037935,0.037004899731590504,0.05562549768894822,0.06370296362769064,0.036505530340835375,0.0360973445040477,0.04090959776208542,0.054576430520070496,0.06369898486299408,0.0467605968563663,0.0469075800091377,0.08892802878958224,0.09334883141856952,0.042237672242079506,0.05367977046923364,0.0537844096918634,0.0337903477359111,0.052391514976171595,0.026316491173582406,0.028516569608860762
370,0.00976627011227964,0.018057626134474737,0.01230689774207988,0.05917115141685553,0.03967162446879625,0.4299946798886049,0.03805369515321782,0.03811161866723162,0.05469422082166173,0.014685447739606136,0.06094862789743751,0.044269418279170775,0.016989498181720752,0.04557613368623061,0.008297422521873763,0.005768019797958154,0.020256568825269602,0.010316150412742099,0.03152336464976141,0.04154156360302712
371,0.009297789230638995,0.04478106097405762,0.04980135079554476,0.03181044689967417,0.09536256664674074,0.013277956533623722,0.031169755176858046,0.011250559718821987,0.04643622247566262,0.013545466558584109,0.041679598256759744,0.06473081307442737,0.01223118391686622,0.04435724522297512,0.00959509054282122,0.01404927889094112,0.36071991268937764,0.01592078630742475,0.02599062456655435,0.06399229152164566
372,0.03048364205100905,0.026041033157799747,0.008163770809171238,0.008133377555496904,0.010892476590065628,0.0026494520929611653,0.009874062778055715,0.06332428193318856,0.11908402443286066,0.05285490039248609,0.010553241233381522,0.011266531302763652,0.007034436702781158,0.3242992140810275,0.18787299753497544,0.009317591164330419,0.03149008688928095,0.06848507500725476,0.007658456729204688,0.010521347561905156
373,0.0866947147956386,0.03152031660476576,0.029389539778173216,0.07129373127548937,0.056947007024712455,0.0056513803106457,0.057593429170865205,0.06853855083064496,0.05271888677871057,0.05009437772245121,0.07449526084458107,0.08413699419051213,0.005447489353115385,0.054914659309889535,0.04957086301091487,0.03233990909329911,0.08011456558503767,0.059941705829194836,0.01645027681012227,0.03214634168123609
374,0.13410455957707298,0.3440946419742655,0.020814710962862394,0.01243349751448096,0.023178032814443403,0.0022523911396305383,0.02525199806665771,0.020920287932884737,0.023866996568583838,0.015771729415134095,0.01915920091558901,0.03898215065462265,0.014353781921802714,0.0235203989810933,0.0050738183786748665,0.02394259821624511,0.08524699302423637,0.11565234013916213,0.011532898623260993,0.03984697317929673
375,0.02359793386159874,0.046880957484645526,0.06530105010352717,0.04979129324441925,0.05121926533056298,0.009030875721190108,0.04002937968472611,0.04981463395637767,0.037122032645296656,0.008554550327242517,0.3090811458885528,0.07013502888908622,0.019971244092590244,0.06781471536153426,0.008225741910317328,0.01658485180848211,0.04765372859351006,0.010485000228483983,0.02569860944249221,0.04300796142536415
376,0.05556853685794524,0.04229676119272941,0.004552897901706332,0.09678885517111753,0.08182810121770433,0.04694265596339623,0.06416035057877857,0.010000876431039966,0.053505621318905176,0.04396010353996795,0.052744077886503545,0.058589049909027545,0.002441846742881402,0.07207809198896499,0.0660427848540206,0.05415693451194847,0.061714787122039705,0.022466400908086326,0.05360984747476933,0.0565514184284673
377,0.04690009903825768,0.03062656964815817,0.009487697869428952,0.007306453724252311,0.027396132755295673,0.002381697284052529,0.03565565469763223,0.11540551371391923,0.10756263958878343,0.09533575976299653,0.19097418955739254,0.01960757792572644,0.00407020972841287,0.07535965281308322,0.04288919035256802,0.015661827831021286,0.034135182970817045,0.02905963346262211,0.0070876058938394056,0.1030967113817403
378,0.1406353028580347,0.2114809463345735,0.019789568990497965,0.008796932491978972,0.02066012869962486,0.0050835170486581635,0.01649534874102732,0.010852223214349492,0.014077625966543945,0.0048697094571621,0.013032591383625121,0.01771199262369212,0.005452061778082514,0.016849755385001334,0.0034177675683780204,0.01261536108993258,0.2881594125952959,0.16141878774776,0.009934505368908447,0.018666460656872875
379,0.25942490971858695,0.04992631151812652,0.030411664895881558,0.02097272116645176,0.04640417723557949,0.01713019433432702,0.027950591911801072,0.0203083870180143,0.024957592094384733,0.009535884750748963,0.026542793438310258,0.03632443741873545,0.01621520387837157,0.024134274587024832,0.009725338512356303,0.2690266554670334,0.012279910421882359,0.013854897227603113,0.024742283873427084,0.06013177053135327
380,0.05616465079073779,0.04386662703799166,0.05819982753367688,0.11699010753407925,0.006025330165017028,0.059317606797302753,0.03416371255124515,0.029261044385922502,0.04520038473107391,0.054366641997344194,0.043802008742011116,0.11322026309434001,0.0010280619440603317,0.09938125923429127,0.05451943605882195,0.06207635805569528,0.062181171415948804,0.03143448353881564,0.015109596115631299,0.013691428275993206
381,0.021327289289604257,0.0269771648819489,0.04724760382716,0.021965956471615145,0.17370993169381485,0.01612891107002091,0.04219766214423632,0.05377044924197738,0.031243291943891974,0.011723339010214056,0.02643368275764943,0.06859272315477104,0.01551577411688543,0.028630974604207864,0.006349881397218579,0.009362047606690675,0.0652514775605506,0.011998719702941274,0.2753382516827834,0.04623486784181791
382,0.005593628664078209,0.02822571816538154,0.015542506141529753,0.011774521689210697,0.33185330593831835,0.004891892835104329,0.012677394390745965,0.020958711214392328,0.013098412097663707,0.13016795996301647,0.10205042843411298,0.022524173024553007,0.004579002507245271,0.005961192950131103,0.002575308996406418,0.004370023947625743,0.010211157702364164,0.011942529014229935,0.010670476390523128,0.25033165593336687
383,0.015413962999181083,0.021871495839051694,0.02935104957670422,0.019398682117573948,0.026216773483881753,0.006079700155807155,0.03249721335690988,0.03432194945038583,0.029510521532668338,0.012415297160172145,0.025282050221796346,0.028123470765616543,0.018943889054334802,0.039887839561342925,0.006272098437759162,0.009868687329443746,0.013195926898260373,0.009717244149516404,0.5936229520368683,0.02800919587272539
384,0.07489017964126331,0.044402998178765495,0.07799897307292485,0.04492148363088427,0.03652184320316799,0.07340837165198753,0.040669928099304205,0.040642020584541916,0.057904185489844474,0.043825562573615896,0.03950664724303277,0.0826702718247395,0.0019726471518631498,0.07082416301227269,0.049058135754880744,0.0639196594832238,0.07231347584811322,0.04235989245977745,0.015440441528982307,0.0267491195668144
385,0.056151431903626016,0.04477827986857988,0.015451945548239213,0.14003587227804812,0.018151351105744496,0.01431530959036847,0.12038037637118032,0.042736251562481925,0.02381594664649392,0.03826316484738151,0.057703268519852635,0.08845179624967552,0.005370155928051865,0.11872498128792675,0.01987070531275378,0.03702381778823618,0.06333876009588918,0.05814671700683785,0.014987995144083896,0.022301872944548534
386,0.016484355584400544,0.04403934148741695,0.043306543574665644,0.02916005851459354,0.08919982748203138,0.0099006346112762,0.01953121768314257,0.10597144432177837,0.027746053547176724,0.3028652991308705,0.06805275146056447,0.04490838994859142,0.007614285962967143,0.01463458703574641,0.011465661526767349,0.012338600871441008,0.01722258442169144,0.060188752729079274,0.02033492509604255,0.05503468500975659
387,0.058686912199471065,0.041394932575767575,0.030102010343309643,0.00771388697643734,0.039890331128060404,0.3430926032077544,0.06443264293527341,0.0438606704278236,0.04079463085956712,0.01227429003407434,0.03196087348753966,0.04242558827667924,0.01984081981093745,0.04974915603364194,0.018988168646961495,0.06888209109114142,0.02004308255868783,0.007901352523533045,0.014020121552013083,0.04394583533132588
388,0.06869695461295866,0.027053754284686194,0.009536140297009056,0.035372003886510926,0.014402197201228052,0.01777409432032346,0.06686876181949174,0.05986169046533634,0.14391415300056595,0.04217985133202307,0.051024622009880234,0.03337378183356821,0.004579032040809317,0.0691185144966894,0.13820558186705814,0.061849116452708824,0.07168112052054867,0.04331774781722159,0.005345795796755026,0.035845085944627035
389,0.03953935428714489,0.03171190984298407,0.061357349633993245,0.041514863596287026,0.02955638839348715,0.04492428698777646,0.06911203458545374,0.011156441117511925,0.14579114353680545,0.004295004425169033,0.022159017859896723,0.093963564554911,0.0019587761893675184,0.06812897651465764,0.09841750868771865,0.07256181734689211,0.05010910291452056,0.027069850956676744,0.021450595316463403,0.06522201325228273
390,0.01333282252352054,0.021173061190787015,0.03281198562007236,0.016583687247452936,0.027050222992483358,0.008535032941194032,0.028420606627239355,0.023390245658783004,0.4894188661028607,0.013207785199904959,0.017509620903120745,0.04104252249723724,0.009850391788433908,0.022606044375486644,0.1375927202882533,0.007418022376536413,0.014103457382952178,0.038505317937838256,0.013871891588684218,0.023575694757158722
391,0.06617046063804781,0.06110949349874841,0.024622486955516557,0.028193320325399007,0.04583730797053087,0.004389518682980792,0.05726045479741527,0.038295378285839406,0.12188405634815049,0.014424695470557782,0.023556788571242267,0.029377267390381035,0.011834652233537956,0.07939791489485075,0.10908210194199268,0.06594106976600694,0.09135754797104838,0.07151916919374965,0.0009592179797771674,0.054787097084226855
392,0.030034877462008835,0.04309318387147106,0.024131576782942466,0.02278203432820397,0.06262019658452624,0.008422734811563585,0.02168277065576088,0.03134574088980277,0.05008823581590809,0.021927091606342753,0.03734773343445181,0.04911651240009834,0.4040674149756424,0.03422935239713413,0.007425373023349311,0.017899847426031016,0.055139875530696915,0.009601795876355344,0.0286217436683457,0.040421908459364365
393,0.018308541170996586,0.020453256407429496,0.03373112309804281,0.05382221850563133,0.0603637727330511,0.008277663164297682,0.02542788330067361,0.0488829644702673,0.05868877590957732,0.013679225367283374,0.06498320799825993,0.04299199168483059,0.01401681173726946,0.03130873926957056,0.3892809617084958,0.010112065644518279,0.021086589541836728,0.016934523976313783,0.025292009226320217,0.042357675085334
394,0.0018396232768504715,0.018963098269490913,0.0014951910314887013,0.009751297084184212,0.03142274001725411,0.0020946067017752817,0.0153177553131479,0.09791518070677818,0.217782772011783,0.07138130780741189,0.0987630571771122,0.019589552341807582,0.03377535279487404,0.10666329180424598,0.08466651879563576,0.005282246605615155,0.03458191796972614,0.11986481728432004,0.01227942724957574,0.01657024575692279
395,0.016740502067039274,0.2686992805548319,0.02819930115389907,0.03932377162310063,0.044936586208528174,0.007986219066559538,0.06489295022232622,0.029466747816141683,0.07584186470964008,0.09670810137320056,0.14898212897397314,0.03419839120658477,0.01724879503020535,0.05615101857889566,0.008726312362987475,0.009666450926972775,0.01823078018519098,0.01668150675321245,0.01225018161585466,0.005069109570855691
396,0.003093270572537811,0.046650892704605325,0.04213718999434755,0.04757951931970519,0.044123717471839706,0.06131675859794861,0.03216841023715899,0.004261206465838576,0.0776111393293539,0.014207469759656114,0.04596810261732757,0.03339785130089524,0.010559128341279088,0.03909447266521935,0.013301090844983335,0.13856060702240855,0.21717763733585016,0.05290825341211225,0.026684805557161045,0.0491984764497716
397,0.03420281528911776,0.033343368603983715,0.049888068499481415,0.014399088609492768,0.026711535708615602,0.007373775838793026,0.05026187699121059,0.06284157342757707,0.19007736344550816,0.01268165844833694,0.03474254534412976,0.024462501709286853,0.08873707635997942,0.03387740889227503,0.24254927600128087,0.013160811465610845,0.019334157801891433,0.013658254362411582,0.021348774659331975,0.02634806854168521
398,0.08588813911151343,0.009063046300524562,0.04584389292629029,0.07038421748606226,0.03885314140524449,0.04016853985208961,0.0859144810430591,0.06078540477745326,0.03886617106743644,0.0533736537383796,0.06612038010659023,0.04149646375648219,0.01011678380728682,0.08270111409121052,0.03899511250132582,0.051030949116905026,0.07110178560933221,0.0351304350700111,0.03551073212377957,0.03865555610902351
399,0.011298402896981192,0.04342319034247771,0.05568293099964881,0.34664597471480024,0.049420623806872864,0.0032138347682526855,0.05781594180390806,0.08407952532539181,0.03249032053519784,0.011666447805623021,0.04667690931549026,0.059707698470452375,0.021471070196639196,0.05145068219299891,0.011857290916973991,0.012290470136741692,0.023960331221586598,0.01074918920786963,0.018138792515143567,0.04796037282694959
400,0.013513073696809803,0.027559506995440772,0.03334118573650222,0.02548780672433841,0.21944554623986556,0.008147202385026102,0.038092144583954574,0.03486184943342948,0.023422809706055623,0.005923236852808822,0.027132024747374858,0.02611558614891128,0.011788748837121861,0.025080849165293146,0.007538213826755745,0.003120593882045341,0.015003096064278498,0.008734991500066347,0.41187607816862104,0.033815455305300564
401,0.020806727194025054,0.11610909542324614,0.013486045062420508,0.017541791287168314,0.011610780923272676,0.005800632161209303,0.025376605993214157,0.1065335030261242,0.07444290199893468,0.05586408435121736,0.24507683484818055,0.03006324437473555,0.007171001015967834,0.032968072311779575,0.04136445224072337,0.00662366888015864,0.04542536878082345,0.11405006571279414,0.010507249443212399,0.01917787497079214
402,0.11669447949828941,0.031857244734155604,0.006852168046247034,0.013592917997421322,0.03602295639270062,0.053728090390728865,0.04368111408236911,0.030978994605968483,0.10447604050802949,0.04616140858256564,0.039959477715328824,0.046218785402489276,0.005728451432520262,0.065198760220384,0.1559953293952189,0.06511063448514713,0.05394888417446201,0.049578734964301215,0.019047484119929084,0.01516804325174368
403,0.017184349040968674,0.10588001580876956,0.07556980713315499,0.010412501245393163,0.11262806654026174,0.012733075115046294,0.07160232108063895,0.0878322567050911,0.13929685847229117,0.025644412606817896,0.021654211787076837,0.04191222768080475,0.021786976223419685,0.033701004905466486,0.0016757046985024398,0.019646021366319252,0.01846511459642732,0.03284043761957802,0.05319879612310077,0.09633584125087086
404,0.00798333671985258,0.0544482265107784,0.03409588433650375,0.021231701826236373,0.04490064020922619,0.004770339695941593,0.07891062319401683,0.14208624469993256,0.04287367401413428,0.13555300441822146,0.06172647705502216,0.06159326527113418,0.010574201940805203,0.040748017179359546,0.009782438742254344,0.018258704319213684,0.026059988493713312,0.12880573493483635,0.03000394007038795,0.0455935563684293
405,0.015839632537002383,0.015788800137295764,0.06755611224888308,0.04984668552260313,0.0663069714805538,0.01551700214772351,0.006510710793065127,0.05989202111018075,0.08593681910024355,0.019153128460121255,0.07735665228547099,0.06308387516518373,0.014587507593429342,0.05841605361335545,0.24907827112296163,0.012260049296658769,0.02746748975836891,0.0205533021455885,0.03577497364967314,0.03907394183163724
406,0.05083465350947711,0.05608930324110183,0.08827101899543577,0.03393562633421863,0.02592455389532992,0.03474183558293671,0.15004713155162533,0.018637662404097203,0.11675187674458626,0.01147858903691984,0.044139078102474194,0.03311183707821839,0.012022873076668411,0.04461062896140433,0.07224076629113856,0.07245631725629491,0.04533447567846622,0.031684221061286336,0.014631149181608398,0.04305640201671163
407,0.02217237750846229,0.06993305903670058,0.01903454133389476,0.023028933103194465,0.09905879787548429,0.012791498835454466,0.05659986842037995,0.029136815552275538,0.031566963593198084,0.012619115297591311,0.0198334953865486,0.2921378615466123,0.014749408201013706,0.03856916449284343,0.011990166860034903,0.009804668743295294,0.13674757177956215,0.016834456433958644,0.02917448631091715,0.05421674968857811
408,0.28722363957003477,0.028111891779913075,0.02151718599472191,0.028714586574684328,0.01793929120733612,0.007131154012217043,0.020864333367053567,0.026228235051694054,0.03322980511678688,0.007728794966353467,0.2426673091503897,0.028336250751866954,0.011059012693329982,0.057134433188581586,0.007469041996443494,0.09564146088331056,0.014393108423006137,0.013482650459103976,0.023258011253100102,0.02786980356007228
409,0.253399952800292,0.06808038936726857,0.02412033068518053,0.04668813199358851,0.04850377448665252,0.019539694829029345,0.039430671589408904,0.041113304722953194,0.04825657971614731,0.018834668499974016,0.06595084071216079,0.05301297514335058,0.019311629654090154,0.10937945479571211,0.01028199096698265,0.03574449857868178,0.007544881795812401,0.009837909151127918,0.04597440297556734,0.03499391753601932
410,0.011543143889804623,0.05528944175745845,0.045197808322856886,0.03322728791686929,0.03498732524564307,0.008697075928864876,0.026686333619465596,0.10460378216717227,0.05776298425616231,0.17980398608342776,0.14265679212523358,0.04670331763571139,0.013653243686861874,0.012230002678627587,0.004625987092702232,0.014944632942250678,0.01648410296450025,0.12812496373649288,0.018741958226219976,0.04403582972367446
411,0.019860324673654905,0.038487146659336904,0.05177131050593411,0.034509871034124014,0.034146786980933416,0.24703385365849986,0.05501563867418514,0.04284591085220532,0.10339957492549394,0.010824339778032363,0.04548916884421675,0.06146781336629927,0.02051897576696839,0.07933493180001404,0.006084050714916683,0.015553133991599572,0.022867146112863206,0.030706056556816477,0.03078225411945909,0.04930171098444657
412,0.22461634080412438,0.02891587803426789,0.05265263215987375,0.03916829683204425,0.03516151011163703,0.017948697798403735,0.028320665144366593,0.05123616559878236,0.08351242426812917,0.01191826286000528,0.06066212448333732,0.0892727324753572,0.01872152415260764,0.09456039477686125,0.01157498811766921,0.015897193290804457,0.005323992640872657,0.03511007154167521,0.047430753134944215,0.047995351774236465
413,0.012959672699108164,0.13216524231063181,0.03131506316531999,0.022143937584608097,0.021753840545338767,0.01222693676814385,0.02473369879171197,0.1733442058983409,0.03472864764940718,0.006705569999273151,0.010787062613154,0.022961800723830344,0.011740852662520044,0.02177305764739028,0.00743402177651752,0.009874329947352533,0.0397817724809283,0.3718239967919608,0.012232379777760061,0.019513910166702158
414,0.019350323093856665,0.03343963524391733,0.03897676606414475,0.04279182167726489,0.3425157350839534,0.011205850237506922,0.03625247216671376,0.039155062602585736,0.057821574629821376,0.007017336148695756,0.03914276546088079,0.060495196302223025,0.015265833140086135,0.05303122273573869,0.011887994939060917,0.007265963451673819,0.02355656308475219,0.01824887333980723,0.024823828885668187,0.11775518171164844
415,0.09573245151775973,0.015118821411554925,0.030758597598238093,0.19293234083933217,0.013866024585584938,0.002379471622691831,0.015830779719166847,0.018004281910098816,0.0832803863932192,0.0045712022669812035,0.018942997809354618,0.08663946796992235,0.007908171254656138,0.1802582608727066,0.04920368567616501,0.07597435587486448,0.06675571256559674,0.013139754288689721,0.012659564191952017,0.016043671631464574
416,0.0392149516854521,0.02128507905962065,0.04095294578511556,0.5578437154821301,0.021842510016086374,0.010098402084271403,0.024315119301753757,0.028213616601712302,0.04891002555203669,0.006780314509747047,0.029247331015886727,0.03653038063781474,0.009763930827237529,0.02082966317876752,0.007510748340268432,0.008085266370696936,0.01346994880363622,0.030562175542835593,0.018938818721129368,0.025605056483800997
417,0.013567313405680093,0.017033003151194527,0.04781960031192398,0.5717544011450806,0.021801453813678113,0.023225237043788333,0.024888219063165778,0.031114404632519462,0.04620880561768162,0.007522227266332838,0.029129953276427784,0.03416707181463581,0.009669062005028142,0.03649034512079171,0.007465529343661404,0.009409927422661413,0.015686999019832167,0.008471189722633969,0.015190855171210537,0.02938440165207172
418,0.017952683379571566,0.023347516893493264,0.03870991689792396,0.015062071083263351,0.03484141736311245,0.01455615614547731,0.02800029487218346,0.04240868407880303,0.39687766054544427,0.010057789332260455,0.04688080114307753,0.07540098511319092,0.010672154562092124,0.04015155926373131,0.09304030602625996,0.01054415586527243,0.02801173185870855,0.01408741886249474,0.022698626077794392,0.036698070635844925
419,0.05438013501977934,0.10250308378183864,0.007960935957899581,0.03383619641442071,0.0071482102845218986,0.013020536449493343,0.09151189054528437,0.10181693203406238,0.047537019619045745,0.07454299076079812,0.05736108994623307,0.053247284351179015,0.0023088408919154473,0.10429183461844073,0.02077286746111048,0.07044287770789608,0.04640470700237934,0.05984434099088912,0.0045266424244426,0.046541583738369974
420,0.01929703143326156,0.03162154954364523,0.055962279030220274,0.03484496547072841,0.1450889223842857,0.007889128109998133,0.027550616845422527,0.03775676411374707,0.03899393913777038,0.010893585911612299,0.03671836556204975,0.036319647202637924,0.01577741202057229,0.03939890629570004,0.011668079690805142,0.01140906912215498,0.019331684665504004,0.014486563037382013,0.38406885685518466,0.020922633567317564
421,0.08770408943602172,0.03782215648749603,0.0925890819512722,0.020023580141967326,0.01811156917628957,0.024126833817443145,0.06541961263854111,0.0238341623885396,0.10004739448049377,0.02191915083148625,0.03488531662933663,0.12454203605081793,0.014027253990092548,0.053374597158030695,0.05171672012630166,0.07191409442492137,0.0812766533370979,0.061014223853537136,0.005918163891067209,0.009733309189246196
422,0.007377827095183808,0.04218549240208067,0.03238524977390303,0.029169654965308198,0.0211690212743183,0.011616561493659744,0.0269837757020472,0.027440684449350744,0.026770361921535212,0.007405142598925143,0.016823243092498063,0.10873533065719639,0.004517181188091259,0.027499955532352762,0.009049162869473425,0.1780445199812469,0.36778496742586175,0.012596911022441143,0.01885666250934569,0.023588294045180522
423,0.3142895037625028,0.10003268876718106,0.026699294336169452,0.03240828566737791,0.03743071714808266,0.009003825431177667,0.041475680121250136,0.03820314483769124,0.04694196841768275,0.010557305924420245,0.04408894051291427,0.05498241715571978,0.01295850935876426,0.04929349683340062,0.009718732516201185,0.06689975500664452,0.01145749428913515,0.01698429608991357,0.03319398757825318,0.04337995624551761
424,0.04713192785888034,0.014019678999920257,0.011150150132954574,0.021466513598945913,0.06514101953872013,0.05816851689527855,0.09258471946474162,0.029192262816265625,0.15077514217755997,0.02350300358159925,0.012416283402653563,0.023765598350300243,0.0024843878034697692,0.04859298334572112,0.08969428529605838,0.07626051941613046,0.10988175380369986,0.04485439820441158,0.02303691607409759,0.0558799392385912
425,0.05126621023062187,0.03222925172078675,0.10972315182673598,0.276705181192266,0.03309098481649201,0.018612084520097594,0.03532616149610776,0.028548081327598267,0.02622557659036991,0.008819957166999386,0.02056867425493065,0.02485303501919578,0.014711315683399331,0.17414643123737042,0.006920281992007158,0.05113869611082692,0.017431008148404318,0.02038800254466627,0.02119885736223392,0.028097056758889655
426,0.4729201494888025,0.0262287287493569,0.05863527629388904,0.03215581021473537,0.030056896439268472,0.010259911532132737,0.03622958311164772,0.034430420337426104,0.04029016738233667,0.011027427056117584,0.03324846587472679,0.041313685600610404,0.011455100790853476,0.041246247918091686,0.009869257657383635,0.018932613793912225,0.010777069705328483,0.011126187126742945,0.03045740852643497,0.03933959240020232
427,0.019044630136678824,0.08241528572196087,0.013282283376523292,0.010402598628194785,0.012656699541971796,0.0024989044511798753,0.011657775509886703,0.4142570725105825,0.015451300105761755,0.05851913251232065,0.0351982074996735,0.016004516836460873,0.00491330426526495,0.009018514077567824,0.0036828162365405673,0.0035813905275006784,0.029585066746779173,0.2302529850220714,0.014740055736726874,0.01283746055635305
428,0.04581730849956925,0.017787616132396693,0.0008031095385803341,0.007446459496373437,0.055493543619028064,0.034659929351314615,0.18644218986719607,0.016826081709931426,0.06665431453258691,0.009545816306705509,0.013805558216789056,0.10307077117019352,0.00280167469365018,0.058730883417585554,0.21969769324220875,0.032197556788245124,0.02859883759064569,0.018178522619018065,0.02912553737737103,0.05231659583061071
429,0.02720563377463194,0.23598057748669024,0.23198361506571355,0.011007685690011856,0.011227886330107977,0.0010756580479879625,0.029185235646274288,0.014113780708677838,0.014058758958658794,0.003685970377565436,0.01416836798533414,0.02230010838336741,0.004554780799291108,0.012153742544528943,0.004776870236045091,0.2911743540478415,0.0058430700657982415,0.005420933373115832,0.011106927452915161,0.04897604302544269
430,0.07022268796911767,0.03824706878333985,0.04388140044580538,0.044506670662775666,0.01873630477353544,0.05438386834064216,0.04868797299437489,0.03436789115271712,0.06838080974282369,0.039114761886042175,0.03303444188720746,0.06829171830330903,0.07601839761725497,0.0620227294322048,0.054880274812084684,0.06361767101210056,0.06215432974718132,0.04941849938835798,0.03394867675709367,0.03608382429203148
431,0.03689043456828665,0.022080066875972578,0.018544355783329417,0.026455086683838988,0.018984039261250335,0.04008549295888061,0.026182734463570445,0.02182106026086438,0.22856775267320514,0.01063714530212388,0.02551324446049469,0.04724667579548236,0.005708103459633494,0.03497049135323625,0.34905212194927326,0.028177728971845572,0.014438363770010995,0.009768620957297235,0.012110143808910415,0.02276633664249338
432,0.054854234943351725,0.04011406658545665,0.06328841033232578,0.027424479712551093,0.37956607269089143,0.019357308075709335,0.03213219409207136,0.038236688350993676,0.02428728462204674,0.029960611631216483,0.025483660356695522,0.04041913984855649,0.027283249115258774,0.027066550745776335,0.008206553259037989,0.0055917483317168525,0.017361026157377307,0.06648985978640262,0.024157019209848547,0.048719842152715444
433,0.013865965014061008,0.032604926455948036,0.04182341775616057,0.02986190529821815,0.047406063295486,0.01541564723218844,0.041383163366993596,0.04036511046861798,0.020424112887531046,0.013611220564626462,0.028576595976717394,0.03860607802260113,0.013451875264399176,0.030737319610027545,0.023076082912034907,0.012837284977678108,0.014403323797392842,0.015064930900674097,0.4891325745185781,0.037352401680065477
