site,A,C,D,E,F,G,H,I,K,L,M,N,P,Q,R,S,T,V,W,Y
338,0.15027063211656114,0.011420484682625145,0.05521735633239024,0.10496762566398361,0.005659712187497139,0.14050854941795132,0.012817404449366125,0.0024899075579139546,0.006782942234178381,0.005443118578660952,0.029685582526705778,0.12007514325776941,0.00119341856383073,0.09080275258213129,0.0038080334732003493,0.11758287132768618,0.12208434005652942,0.003238025190366566,0.0010225682701154144,0.014929531530536827
339,0.02004427019125034,0.08170974093478921,0.014137543960249238,0.006638229524726171,0.015916344605287618,0.002718850283178228,0.017680621230551027,0.040164842961622586,0.012938914523217522,0.0040923416114725655,0.014594505504569743,0.0158570114392497,0.007273352347159593,0.011187327160387747,0.0027302164645068437,0.004351498490809242,0.007932956560317705,0.7007957056545259,0.005008546056873215,0.01422718049525576
340,0.007513705541804617,0.010960212692494956,0.0036285500186347837,0.0028373807564324484,0.00538171489000705,0.000718459810903556,0.005397812715994924,0.3939313001471705,0.005481335166168544,0.07118813179657797,0.029472677928714015,0.005446501470821083,0.004398988507266513,0.0038676860694752684,0.001348761486333626,0.002924063706890598,0.16126330861918214,0.27604246518660314,0.0019735079391794597,0.006223435549344766
341,0.021918937447230214,0.16107302686187652,0.0016528203358671415,0.04583310651157931,0.002701408524463033,0.051224469599837556,0.0034594210803301647,0.006392329420722737,0.0023711833324197083,0.07000973708163222,0.10029146826581392,0.01618688094599317,0.0006922357071652523,0.08278432683171473,0.002394276348914523,0.13029796559965426,0.2880732113558076,0.008836275704401967,0.0013707407303944553,0.0024361783141814706
342,0.005452566494520117,0.009762184910473546,0.009365767113703028,0.005128849670451085,0.10629288403187796,0.0016926113945925471,0.012813912158332158,0.3946338576168476,0.021876910765938246,0.027805963309427157,0.1886637800246578,0.013882373108778918,0.00587094450257574,0.009827148813174131,0.002315584201156047,0.0027947604369216606,0.014047907871732471,0.03135789210904554,0.03709129581792709,0.09932280564786707
343,0.23980213914661022,0.5021702571675847,0.010213141964035445,0.0037776183769995136,0.027737486895633618,0.0013079203558137593,0.006907353997589678,0.006627628168190017,0.006691425812171258,0.0018189813458207016,0.006401061038757779,0.014123072032702499,0.008140456025701528,0.006813543532994266,0.0011959223140427064,0.09254924125509933,0.019054103562147928,0.022461850807229594,0.0026919714425705766,0.019514824758304797
344,0.006546717992358553,0.009075429663652093,0.017522373921617682,0.010087063861358355,0.01474551080286872,0.0020246181590384588,0.018183409046081313,0.04129537776199116,0.0355196985051822,0.020159398734601066,0.6929701275551056,0.014969194419764034,0.008654030171622223,0.011782766879694507,0.008186539051146755,0.005586738566612977,0.03371503618728985,0.026005644905476483,0.005995054229921491,0.016975269584616502
345,0.029123078261170093,0.010532951679438213,0.011003870111243935,0.007966767025852724,0.016906767648638032,0.0035596951090221414,0.014704538983991553,0.03662874176000387,0.010542112988929894,0.004325765931440613,0.008727559771482483,0.017645458750002497,0.014936268757908745,0.011500210772792334,0.00392480316880016,0.013967244135012935,0.7543856908500635,0.006730338622257026,0.0088645101637798,0.014023625508169442
346,0.0087805663461505,0.007226763279884046,0.784924650275856,0.00848300633696196,0.01149545898441165,0.022407881933905836,0.010521257002966083,0.013136048076613902,0.012081373232053357,0.004140158978199312,0.010313303680965571,0.036106486725694144,0.00711533664729319,0.011862059907090154,0.0024389610743963367,0.004000405253309978,0.005983468529099312,0.01495436638070334,0.004920731280876067,0.019107716073569255
347,0.06400732108885616,0.028835677172754436,0.006253863819657548,0.006735724640145061,0.00846414267758175,0.0018067490439517702,0.011624668825509223,0.06142667639322108,0.0113098054080392,0.0027337868181954105,0.00829979315404983,0.013314714341482868,0.006990377242191798,0.014187756615584112,0.0020418388653910095,0.013003970131512907,0.7198381190127919,0.003169234257322587,0.006573868247517839,0.009381912244243389
348,0.050367336548593024,0.014521998324428352,0.012460843109443752,0.01005564531863707,0.01664477291024576,0.004089516833718076,0.018466241120594258,0.02092197141658833,0.023038174568434544,0.0072441269967456244,0.013500809020557619,0.01796386657287238,0.04622957784960097,0.03030179862305255,0.0054574596264563985,0.016108115624306255,0.6542068742561719,0.008129277373064868,0.016535374562652572,0.013756219343835653
349,0.0071974274714282785,0.012804430107765242,0.012176253017642287,0.007998976354115884,0.01038035062563484,0.0031881575871617884,0.011755878994146018,0.015940771065318573,0.012035660666421146,0.013598557758769315,0.009674273278173169,0.013960734563356919,0.7727847851872954,0.023223835618837004,0.0030316016593556617,0.021698081060947377,0.019713181416058222,0.00508935744235052,0.005910989988925405,0.017836696136296872
350,0.003474551054832285,0.02081260196483131,0.009057074223022587,0.006520119536456666,0.13373542296935048,0.0015675445039299233,0.038139703970095314,0.008277010163480506,0.009235432142338918,0.030307259037981014,0.010681649148912493,0.023224644997556068,0.005277451227350923,0.010311393375598651,0.002902678910214523,0.007431835339675042,0.005137152724122918,0.010784580338258581,0.16349306064634347,0.4996288337256483
351,0.009614671585428327,0.01862258682173183,0.0328581552640081,0.008863703910642992,0.014084269661326627,0.7569961063208256,0.01792326634256682,0.013918427220020124,0.012401970489601372,0.004172385621903175,0.00988699183832883,0.01550961464732961,0.008039465040844783,0.017691225138387764,0.004849948456872483,0.014911172817000407,0.007690985790430589,0.013874908732016036,0.005876302418740375,0.012213841881994106
352,0.0034818077693781705,0.007313922220279775,0.009734672645129377,0.007154838251084858,0.009727654762024501,0.0014894202811623943,0.038521633332015304,0.07631825691251287,0.019398320454881345,0.2877777791351595,0.11866130494952376,0.03771245131608288,0.018511643842668,0.3164034582198178,0.01171052199327565,0.003834086330521111,0.005043388587051973,0.011508052669163882,0.005748016968657292,0.009948769359609495
353,0.01983716106140815,0.013425599680862231,0.01591494081658336,0.017115148210225924,0.013536755681031914,0.0037563418218961933,0.03315464099467406,0.013418258524609364,0.017437676397135605,0.012632371611729065,0.014144266258703542,0.015478911016237462,0.017650884368090838,0.7211938024893376,0.02355736046115399,0.008416166900024327,0.009115774893358802,0.006227308108447208,0.009996949860060242,0.013989680844429973
354,0.04518002048645028,0.00923774880295627,0.012615911948852766,0.010362821407955051,0.015358426210984972,0.015026769319774048,0.036960354616068274,0.07643015550833553,0.07239371810443523,0.03326484708594312,0.06492324636056408,0.04890407787214121,0.00801090922474375,0.05486220003385911,0.39801242120477115,0.03050837846917734,0.019190801777692643,0.011393433010020972,0.017715191374585364,0.019648567180688956
355,0.018074159720628015,0.014886275804041588,0.016050342100915136,0.011343177117885872,0.04144938263296185,0.006898649467702887,0.016649682579916492,0.04235883250077508,0.01663928905405374,0.007157178595032942,0.012944358298275857,0.01916615407075364,0.00995975617634681,0.014426304358048645,0.0047955086100082865,0.006396046221145347,0.011126640421636585,0.7025433403615371,0.009203663698430908,0.017931258209903298
356,0.006156265286232021,0.013256940463802746,0.010464182989431657,0.009443534826580481,0.7553902597372707,0.004627367805222406,0.016793500276540224,0.027191208120876276,0.014357257280375235,0.022902951631747524,0.011640129670448042,0.014765896594785081,0.007900531442096254,0.0151198790100806,0.004213339631069282,0.019125831764584576,0.009625748579267627,0.006545912148043145,0.007833454710790519,0.022645808030755627
357,0.0072756823209376015,0.015252933659659004,0.015690628643456175,0.0375495306582068,0.01779360242568859,0.006967418937400047,0.019024215349349494,0.04623888642164355,0.463121238582969,0.005798818902910559,0.018289274630196483,0.04901202417590711,0.00990998869698922,0.03603093465438332,0.1956307628424007,0.006674894355821702,0.015419316363817217,0.006248578131951311,0.010010335715200708,0.018060934531111433
358,0.024632154290074548,0.01519551654775502,0.05697000563561644,0.5706259842614604,0.020001894372040873,0.03525059214761719,0.02341022812704921,0.019631816513153617,0.05797189842470965,0.016173835605473173,0.018907936701458645,0.024851725598351665,0.010321914825844393,0.024832945075000213,0.006900657287421677,0.011638693866756034,0.01285855041270014,0.019407874391031435,0.012526114422254986,0.01788966149423077
359,0.015532061201614655,0.018648519609767072,0.03371920956616464,0.034694685167047,0.024955096808830974,0.01962880250245875,0.022960243210494554,0.04184606208836034,0.5144186683017063,0.015129141711357453,0.023546312845627953,0.038899539157330694,0.022028304807583,0.05037920591035874,0.0277953591282268,0.012849972093651773,0.029891253808805446,0.013275600001962484,0.018736165521426332,0.021065796557224903
360,0.01989152649670722,0.03126669497375459,0.02856771816813983,0.04433803558384434,0.02718038238986277,0.008823896858282573,0.03108658010215482,0.043352175288593524,0.031559253889255415,0.016489713251078866,0.03904897827837039,0.035007745340071304,0.01765269660953979,0.024117747260797556,0.014859067984789281,0.014056413602059175,0.022885496127136442,0.490411969874841,0.02243001544609451,0.03697389247462663
361,0.022353934632860024,0.033500317224062916,0.5090383605817285,0.03378335777001136,0.02552894123270423,0.019370956854069,0.02857693387966127,0.026075143410437193,0.028646812153737822,0.015380463458122431,0.02875152396449134,0.0417167974108402,0.013907072604885674,0.02717765412762868,0.011436515701843617,0.011534948669474859,0.013027924331647308,0.045143823675924434,0.025376945243197876,0.039671573072671246
362,0.021812947004290054,0.015506669573229584,0.013161438756875888,0.01596021368249385,0.019278875681693678,0.004899621738500657,0.01973717846422719,0.03719672487327026,0.023231564828017404,0.012186131249505204,0.021588791639139415,0.029882311310835363,0.029897654983955718,0.02152218676908561,0.007480046263241213,0.08998351480637302,0.5608256752984914,0.008320839597771393,0.022978945975969483,0.024548667503033667
363,0.009358264643250064,0.02228192192017441,0.02012866743578139,0.01079143440351448,0.024983077828141968,0.023809798387342467,0.02108728469805905,0.0208300921548441,0.022254294304598046,0.009556905399731292,0.035478184829079676,0.023085593496010037,0.010831028012281578,0.013403211886444654,0.6213654344267078,0.017782537518129277,0.01819983070968097,0.009995700543923227,0.04201956801922498,0.022757169383080603
364,0.09569888693839856,0.03733098165528681,0.014877333720216518,0.01269669362248796,0.01624274162656977,0.005159501688669865,0.015758290731369636,0.04854598208827845,0.012979185421396111,0.018665620744026667,0.11056028991163634,0.020635304043748727,0.004856684558730427,0.010355479427945713,0.0037045072845775188,0.009885380800824087,0.08053914358678958,0.4580734726563296,0.008470807953773698,0.014963711538943977
365,0.0726727938774445,0.06343792322523091,0.0212244956222174,0.016117640739095416,0.021960434701390936,0.01129342895887271,0.016098955848397246,0.016941238699403453,0.03129567866752746,0.02890240159360796,0.01834797964438057,0.1324519063673891,0.372536890970704,0.02950345097804204,0.014678173753369272,0.05639284582194173,0.026744359163834334,0.009708501286377343,0.015828068970209302,0.023862831110564305
366,0.041052217563535914,0.024200398635605493,0.3603588042066179,0.041340941802142456,0.027501471250389053,0.031031554110379066,0.08664059926405772,0.018986806670449597,0.02748670489132235,0.02148103418170727,0.020133115978999618,0.11839668344082993,0.021237587291787985,0.03341405143066764,0.008177180007408892,0.024025487917646086,0.02251103563600959,0.020938376337293507,0.017145689121461707,0.033940260261688254
367,0.017557839536433723,0.01792250940854358,0.01644309042173786,0.019484876665377363,0.0228736428481186,0.006790547592881317,0.02464878474700603,0.026331789637181705,0.02507518974321459,0.02684327390773847,0.03013997725399693,0.02729947221636009,0.6196473447793109,0.01466100479714729,0.006606245967743315,0.021594339657717957,0.024763404907973133,0.011437407364983077,0.02166133242084713,0.01821792612568682
368,0.02179063713278022,0.07568213351089637,0.004981382898947407,0.009443231654773015,0.005354505130076959,0.15224805679790746,0.20620743545088563,0.005787330240166665,0.09721268323052312,0.0032199475042648043,0.021558393233256697,0.08749223205958534,0.003600207084614903,0.1339105422731572,0.06014503995734882,0.09689761940992962,0.0024155652375324726,0.0022433911043916494,0.004510234757879886,0.005299431331081774
369,0.0520169704965478,0.04313958355372094,0.047242518195403475,0.055278026349162374,0.04064245263905123,0.036444561202457655,0.04733011798127181,0.059637621074559256,0.07402969002161286,0.03883183714124606,0.04798363307668113,0.08294834517944717,0.07819408088427897,0.03676055812530504,0.061603779592121044,0.051970157187902266,0.030645190505255184,0.05594193984421622,0.030858145909713208,0.028500791040046287
370,0.009847443944768554,0.026781961144586936,0.028322376613386744,0.024763237481616057,0.019161359056318758,0.6254658165514709,0.020372038867987143,0.020891502800964076,0.023704969251892846,0.009946351198300375,0.03413047940507349,0.029120860577783448,0.011655412655391105,0.021756932290975157,0.007961603641651044,0.018939239262950523,0.013328059094676504,0.01510845679331764,0.01730850039869004,0.021433398968198594
371,0.029902540812311234,0.022359660555819727,0.025755654771204593,0.017852156116682436,0.030178739698433477,0.009982084247675502,0.019257757113761213,0.03408802573917181,0.02512581256037073,0.010782106931624057,0.0220610106407249,0.035799012034334755,0.01624496795667277,0.023220996604754313,0.008007890351916147,0.019900467413490264,0.5928425974168827,0.01187562916174132,0.01717634030945341,0.027586549562974554
372,0.022697008474624313,0.02537204821301049,0.004973826048714697,0.005145627438218187,0.005853288967437163,0.0024426839727701424,0.018419666470758617,0.10194318682392485,0.1151853141233577,0.048079699658647716,0.006205349946781781,0.008017523369364335,0.007644368675616665,0.2901190951622788,0.2224459813260178,0.00659958723910101,0.021434645163505888,0.07566422830811681,0.004736699349188376,0.007020171268564634
373,0.08962851427272704,0.03798404662370292,0.029280946982752246,0.06929392586248476,0.06532996383331431,0.004881311456030844,0.06202892236818106,0.05283675342366962,0.061670369462437126,0.05966241296913872,0.056312839330433656,0.06319726889208767,0.010066639020238265,0.05850392583142172,0.06868389908795543,0.02593974654684918,0.07855306339321584,0.06673864010061255,0.01833983077205525,0.021066979770691777
374,0.20096170870575292,0.22439701566749726,0.014944006314331007,0.016322317585695773,0.0169827028181926,0.003465560845265113,0.01830528422065761,0.027414201864247454,0.017682646652384268,0.012330774470954852,0.014451631884273832,0.023016385112420722,0.011803190982439704,0.01912672998906494,0.006298463728356203,0.033570587530307665,0.11339389245850938,0.19302174897069843,0.009067198647284166,0.023443951551666037
375,0.02263226175224362,0.020821038056463567,0.027733932594877737,0.023659890829210967,0.026894313389715832,0.007335987992805353,0.021682949252824324,0.0408028940057442,0.0185560348500786,0.02082384039405165,0.5039987225302092,0.027996515963215885,0.014117257162837557,0.05564941631162312,0.013758195414745626,0.016100666085031846,0.07059036561323755,0.027542833851227244,0.016893977135866652,0.022408906813989545
376,0.03742984109598242,0.045417568290317095,0.004847943739867522,0.1049288216014402,0.0623416950360835,0.04486580393802836,0.0789413496512913,0.016717569907833886,0.06756663062808275,0.04609246003926939,0.0381130878411939,0.058860146249712836,0.0023203769769123525,0.09561014857974925,0.06750035067596505,0.056661304185999746,0.06105539362432647,0.023102717148928257,0.045568911883886044,0.042057878905129666
377,0.037264833208440415,0.03616541354648384,0.006195129738456876,0.008909490253636807,0.04504443703177328,0.0021481331835730417,0.027627444588329626,0.13722888549957632,0.06337322333009085,0.12026146173203771,0.20168718519708348,0.023719754498837748,0.0029512680821037356,0.0686892524466368,0.048363693023644495,0.021261368519636198,0.026692482548472302,0.030906730936625198,0.0059680347973958,0.0855417778371655
378,0.15664982761879795,0.16227411536184805,0.010598864462246357,0.005853553850648534,0.020714960613292633,0.005206543549867257,0.010657994943775806,0.02633514980459273,0.008610057625896601,0.0037011598238346783,0.007842105813151713,0.010568019485016534,0.0037258915946986617,0.010068954448583632,0.0024655959416884595,0.011772971214420053,0.32643458651712426,0.19935768907520654,0.006362193686138236,0.010799764569171288
379,0.2833464707014061,0.033408318019528434,0.016784063500511728,0.013590841453192047,0.04767439239217571,0.01492265720090901,0.015494467450041903,0.012227857159670187,0.014665509672839536,0.008838926038356176,0.01488373740111893,0.019814237045380923,0.016773135814868417,0.01424960827994985,0.00693602654146529,0.36898769193940445,0.017968513386621764,0.009376974327726315,0.014834717670351159,0.05522185400448204
380,0.056847031644196855,0.04405586315368835,0.04645829938321352,0.11143065721353633,0.010157141161869358,0.06582006155128568,0.03696583647469327,0.03653121562734717,0.054041005904695516,0.04411779340417347,0.057736190515572106,0.09595781203091737,0.00503458497684161,0.08073882481665583,0.06167023628050108,0.06561735382530119,0.060175696668458345,0.032738204001525884,0.020613057754221245,0.013293133611305805
381,0.015645300232658633,0.04484611832737992,0.02532106882766684,0.01720150670754864,0.06494913966521379,0.028854429303268578,0.024659786168319736,0.029339932642751115,0.021717313388331026,0.021497895973357047,0.01916346981482779,0.03024792764552349,0.01319497982297574,0.020001460543572006,0.01994246474293353,0.008648837052214456,0.02958591383434404,0.009954105720789544,0.5230536287316118,0.032174720854712395
382,0.0038334780918799945,0.0159618393986215,0.010630387223019509,0.007684339471647715,0.3090198225571294,0.0034936280787707086,0.008618628966472744,0.012672254911524487,0.009071585474808045,0.18161071868722098,0.11684885207125985,0.013085376584753549,0.014954253377830037,0.016876434944862132,0.0061748905850145105,0.0032308133315489154,0.005904811414276164,0.018136990410895035,0.006776608646795465,0.23541428577166934
383,0.00915481954932809,0.01847249381549015,0.015094618150091095,0.010870145249881911,0.014197133067814121,0.010442688535942768,0.016174377485049147,0.015098472584178069,0.01483318864354364,0.018799917366948582,0.013343015188409498,0.014416387106340795,0.010003384965682016,0.025193693170110536,0.025080551667519508,0.009211369833060996,0.007670596269557489,0.006281316977746779,0.731313297100051,0.01434853327325379
384,0.07184391199659619,0.046319776851840994,0.06924160644767006,0.04477867029768288,0.030949459826241435,0.07284251003502269,0.03781642601001963,0.038317017111982106,0.05973014022708329,0.05039036064706326,0.03771973056329366,0.08990843764266965,0.0011884073251437735,0.07350848182335772,0.05021440174945254,0.07043611316545875,0.07069981997722265,0.04360480237346361,0.012230182803111717,0.028259743125623422
385,0.052701914536802646,0.04825651227257802,0.02539796406080398,0.159410076843819,0.012103102328723879,0.014227030981844557,0.08958550230344729,0.04603789422348334,0.028646542837369,0.051077691391703074,0.061908477716838335,0.0811036133536568,0.0037182559571137743,0.10059401704700843,0.019251716333951813,0.042712043049277996,0.05726480838221563,0.06133908736365601,0.019407915413084998,0.02525583360262147
386,0.012042703870912623,0.022199194340423393,0.02143463863913435,0.01734393085029646,0.05131988918465006,0.007926819301115271,0.013766687551288974,0.09362343178441095,0.019957251612354034,0.46321734125571856,0.048469670299687045,0.02364955345108367,0.023945912285326113,0.024879024034153843,0.011410247721391457,0.009297982200344803,0.011165451726682022,0.07111070725531426,0.01350339094747991,0.03973617168823218
387,0.06743532040659765,0.022365800778917453,0.018479188505362527,0.02253754662036162,0.021628636921681405,0.5307638411350715,0.02661657146272729,0.022429833799179382,0.021668416349998647,0.009322138933082362,0.01945388667204078,0.022992349595474776,0.01346083160196908,0.025896403566406986,0.017751408556868815,0.06560576858964716,0.013636586393666501,0.014705654892975628,0.021361323947784953,0.021888491270185537
388,0.07677718477795202,0.01850265516471593,0.005264019982600912,0.04752278288536244,0.014261165320246771,0.014198711186863182,0.09448949417321195,0.04118055998369404,0.15942374728865805,0.03887805897842125,0.045091093841269435,0.03215286734698034,0.002867265671915097,0.06144045754337248,0.13436857979591665,0.07212134371380796,0.07035051728251608,0.04113877197527382,0.005320733093009208,0.02464998999421236
389,0.04085331503067165,0.03282474716419221,0.03979559911794319,0.05317332161582996,0.019352018893438894,0.03648175234615277,0.07389485549838426,0.010005266296624776,0.1393829417445048,0.005689119003047847,0.030106941384339836,0.10183066788504698,0.0016353547433493668,0.05193760306526423,0.10148277702644411,0.07121210433500043,0.062019314148827796,0.026680841146182424,0.025285539052629816,0.07635592050212466
390,0.007925634943646287,0.011379379814960447,0.015252462018037467,0.03201028017012408,0.013221578722873,0.00697722472037574,0.020819569076625192,0.01227899514137405,0.5695115683072698,0.004310192179479592,0.023383464114726707,0.035401898092532615,0.006029923282346005,0.032324108734250956,0.14654444918917894,0.0045900470624423845,0.020763354618655954,0.017220237212517957,0.00783859747910416,0.012217035119478728
391,0.06142707099958716,0.07510694215333368,0.013044063331431063,0.05033515939245007,0.022811054221817572,0.0022570804256137017,0.07890919342395102,0.032302157558864585,0.07483710182919605,0.011771036209353746,0.03823831959674041,0.02763907423428406,0.014596409315161388,0.0984074465319712,0.1346978141851687,0.08386223953501314,0.07722898686546702,0.07461494504824275,0.005282767673630488,0.02263113746872222
392,0.021700814155418583,0.021096691507754464,0.013968738106629233,0.014543850501618558,0.024946580142432413,0.006402521051855805,0.013316565840350557,0.01755363572895188,0.02329142684419318,0.034222362356598694,0.019090374875872656,0.02274655646643346,0.5895380951651732,0.04385517854916913,0.009228040741466409,0.03770165479318638,0.04219131555387597,0.006870445735606168,0.017565396397690003,0.02016975548572328
393,0.012516250503396761,0.034522084914596046,0.018625880496375456,0.02382874027507534,0.026973817924295495,0.012872983542402011,0.02238791174837551,0.024045098686120966,0.026662358227992206,0.021227252537529887,0.02666030584275179,0.023220271838577503,0.017580905771702862,0.018035135439466703,0.6093607935525208,0.015341368505253394,0.01797067217275707,0.01160973826505831,0.015456622149964114,0.021101807605787767
394,0.004338350487268986,0.03160469061014554,0.0013505704018849944,0.005805063468859666,0.029455585930449685,0.002913190235640864,0.009263453715675716,0.1464369217442446,0.15127661253717797,0.07115418551479977,0.12670076608155822,0.011060382957745854,0.030714268831384294,0.09727188546033579,0.07388704872413154,0.003196765588874256,0.04699662662952823,0.13922163360658082,0.007207193351909796,0.010144804121803302
395,0.011268880691763536,0.362699141874485,0.015665504168283093,0.017711854825743664,0.06413871349776475,0.015930667252271116,0.025242904668577024,0.01636506673038126,0.02637813386261347,0.13620487935930395,0.16402505353839839,0.017632477010540226,0.010644256789406503,0.023943153771749878,0.01173209404682752,0.0190292859126712,0.011083767079862738,0.010870940458571107,0.016093230994642504,0.02333999346614313
396,0.021294042455186166,0.02638323225622406,0.024012572951585615,0.02672869579323008,0.024048127470623067,0.04540881787741393,0.02190933895182955,0.018344250573890063,0.06395385941399774,0.012449597033272175,0.02408421564179194,0.04513984862840509,0.021254388313875907,0.023736690966968954,0.023859706645094955,0.11189822227026926,0.3941698969584908,0.026169682749983544,0.01791705812511621,0.027237754922750962
397,0.043695556523160706,0.017792485958336098,0.022892045785360828,0.019863213593541863,0.016080350736460237,0.005302268753737616,0.02920806762578075,0.04436924380799514,0.26719371580533896,0.009010772788047855,0.03526654550894493,0.0398990403521009,0.07768466581829796,0.04141185710124872,0.241732581725829,0.014177072588292441,0.028184783198371446,0.01684716146033471,0.012874201188364498,0.016514369680455315
398,0.07566152669860726,0.005982504251445232,0.07080250130924916,0.07473303619673698,0.0485815439084692,0.03772860899095263,0.05815001302669237,0.05925261920025194,0.025378830808142332,0.0487905879507237,0.06320924099645178,0.04662985273405701,0.009800126840832465,0.10353572270075102,0.026438108805722307,0.06119881713353986,0.06519406142112616,0.03326015717042252,0.04121912454017547,0.04445301531565058
399,0.018817778121933634,0.02258251465916317,0.04393636517789711,0.5210544620312055,0.023467434027344317,0.019208431016309906,0.02625982037012067,0.028424974809331423,0.04094109137724169,0.008725708359455549,0.0503422852187267,0.02682798911667969,0.019042231787659805,0.05115208799116245,0.022050935141829223,0.009298269077631512,0.014595926024520568,0.018074331014325064,0.012062826930505284,0.02313453774695678
400,0.010441811885630337,0.029641832670950146,0.018650537620342182,0.027419846426661953,0.3322103933444371,0.006225127057716023,0.028338989898415778,0.03090184950754223,0.014381518857492365,0.020145620924576627,0.016550827622949835,0.016484112855830308,0.011722516580119142,0.01554396060051963,0.005735709239700585,0.018102539826835486,0.010772543256079256,0.01674867070311829,0.3481034106596042,0.021878180461478634
401,0.01284055894856999,0.10030193151241636,0.009421583214815484,0.012481518888293049,0.015946247469664238,0.004269994551543924,0.016690843973450404,0.14487062539386106,0.09824791320216197,0.06694650296362002,0.21808270219198955,0.013227433110631908,0.005205388276878668,0.03274610443798096,0.04829081161994548,0.010350844498774577,0.037644040056892335,0.13149602257666196,0.007476677139940382,0.013462255971907628
402,0.10455190283147647,0.03488094023114136,0.010738996280374809,0.014348520871790574,0.030320850737234673,0.05477874417491499,0.04645212640760341,0.026160646560932935,0.10237495359356907,0.04235150362799669,0.05119059510927648,0.05168599631405588,0.0034579077007293353,0.07460731212263545,0.15386058372664102,0.07102082740728698,0.044298343757593346,0.04615435556016851,0.01767273737508962,0.019092155609488393
403,0.018509898969185964,0.043756504460718444,0.03443479034458715,0.040219557299151,0.04319699879413574,0.025091912921424913,0.0362088105089639,0.04031615209960935,0.38543029478946433,0.02314644450538081,0.04250504202612532,0.0373834722217331,0.02064555156074477,0.03793401561884327,0.018796064512180233,0.027729747836848524,0.028582936867162095,0.025401185833299273,0.0307678544520133,0.0399427643784285
404,0.022215069251424826,0.07908024977348471,0.02116241798555483,0.03371719306450071,0.025829478616563938,0.011213778768080116,0.03454445861534671,0.08856722652002409,0.02620646259383291,0.16459489082692272,0.07876827502254796,0.030744610241912333,0.009899988217054479,0.023782318592049725,0.009732403562902727,0.015490068642410135,0.0205078302696501,0.259376879643028,0.018762411761014335,0.02580398803169462
405,0.01415697291967398,0.03899618808953275,0.03221972685959496,0.02680333150055521,0.02947019887113027,0.02763524154440797,0.023982348936840644,0.028833020203603798,0.04247137857855308,0.036908539816924935,0.031910286185849616,0.02720375777399554,0.017355282718980198,0.03774312362292259,0.4799657045165104,0.019324927985620168,0.019704213814260376,0.016617634992090045,0.024517152014958913,0.0241809690539946
406,0.08137761965225841,0.08171151626429811,0.050344286219329626,0.03840896819147129,0.01707775375212639,0.06272617076253201,0.14830442144425754,0.023501579037491144,0.06372435617771849,0.010796175120179212,0.03540886613699512,0.02833904994196085,0.018898695369661305,0.04576100681741777,0.08125888120387266,0.08777251625692221,0.05615880262229383,0.0315513381702063,0.009363197299530467,0.027514799559477304
407,0.020427777470094045,0.04274393785032527,0.025630557440571383,0.014042363077618717,0.04436044228650086,0.009667992224111098,0.04929094360753078,0.019577831121986192,0.0337420055316214,0.009906115550391293,0.014399746878002663,0.4440067301660386,0.010762002427060982,0.02663011761498263,0.00940546000054178,0.03369615278185113,0.10500206021943805,0.012151841692937005,0.016130371053095355,0.05842555100530077
408,0.43977531708324696,0.0166739428314162,0.013988216501584766,0.02591622161573409,0.012519718814877746,0.007258459504748272,0.014606722327483876,0.016338305637360273,0.01948880947810207,0.00639323263720766,0.1466957198545301,0.017421780129165107,0.016306962330546175,0.0735934691122488,0.005996985548499082,0.08646074086127553,0.02938741553102092,0.019703067857364785,0.01417547642426683,0.017299435919320812
409,0.4815594829839158,0.0292761382322618,0.01831150912851054,0.047755360304798204,0.024304913231036913,0.025203943538890924,0.023252707278364648,0.02411634277850409,0.026735949209684418,0.015110387746501412,0.03203189275431904,0.026542421440603505,0.021420827708356835,0.03117390591633361,0.011827669604021743,0.0630688201966194,0.02140927351541808,0.029720236202456247,0.02361443661371987,0.023563781615682955
410,0.007853800558366913,0.03045487127539775,0.020072539868374064,0.01851501350886769,0.018099097969055445,0.0055890120994922556,0.014606144371112515,0.13592422724125774,0.025776567555322056,0.24299844905590373,0.1450767357888776,0.02125845405835119,0.019859048534186914,0.02319885989145337,0.008393095985188852,0.009382050666687363,0.014641000259036056,0.20452469018099537,0.011691401958290723,0.022084939173782427
411,0.01625775656399585,0.024235479200125726,0.027527289971845347,0.030625478576767767,0.023865322837605608,0.5198772416105322,0.028111553983926913,0.026801176410140997,0.03587192877471155,0.010801729610678526,0.028384162372388527,0.03052000022847989,0.017611068412167166,0.03219699222156008,0.02503255857869427,0.014263004035012282,0.01825562134551242,0.041263485018018665,0.022239939050812674,0.026258211197023627
412,0.4817815427141337,0.02158924756584235,0.026476226794632924,0.04174200709164086,0.02429961023835071,0.0255756616822362,0.021563542155062673,0.029327190646987734,0.03338347314978828,0.010896097112791001,0.02992799683932057,0.03365874249602257,0.02847457554613016,0.031730971023526344,0.014443607762602693,0.03457706638720746,0.02926328009792954,0.02430591238947462,0.02723787948027412,0.02974536882604549
413,0.0071590655132406115,0.16883941079060208,0.01340135750507986,0.010579671924673163,0.010610950806005352,0.00776748519727176,0.011991394461690378,0.1824004998597808,0.017616365112223406,0.009538830663335735,0.01861913063223496,0.01095400562679838,0.0061528102752574166,0.010965616655709597,0.00739736169544121,0.007407882803898179,0.03744851593549823,0.4448476314091905,0.006185892218009106,0.010116120914059296
414,0.01688949725934173,0.03150079624583513,0.02117332422605822,0.020771343712850988,0.5008079538884604,0.008071683917359048,0.021051840033718665,0.02654049815017617,0.0247716918369216,0.01757863402182047,0.020712449316736048,0.027136325793604282,0.010552635030178996,0.02209246676763316,0.00779937710016869,0.02391794101839367,0.01503500403393756,0.02592222374644008,0.014570014314425811,0.14310429958593926
415,0.06766758550939246,0.009988129621160401,0.02760644556008694,0.2471129034229175,0.008658535292655124,0.01522781632858248,0.01988028633244752,0.010742421582996778,0.06728447823969581,0.0032642886257160685,0.011982131622878566,0.07950538260768734,0.005728582812159583,0.18659586540962667,0.048070499147276846,0.07466817447228373,0.07663753243892533,0.020869555889771477,0.008099495922833145,0.010409889160906169
416,0.02210546447753266,0.01188067309953216,0.024025374663859678,0.6791851716142832,0.011698502289266687,0.026745291165534257,0.012376273931071033,0.014267028488794608,0.04953475822829487,0.0042373424165952495,0.015338722574401888,0.017132591799237557,0.008149656756583924,0.015215103107441603,0.006342117003027954,0.00517929227061778,0.007897596501075395,0.045068685855245476,0.010565134262160441,0.013055219495443594
417,0.010051842086339023,0.00889451988895308,0.04358106879053519,0.6827207243144655,0.01176345724185627,0.03925113212699793,0.012615016201460877,0.015427688353706328,0.04947404272248893,0.006097003267022179,0.014330178256284626,0.016271158784099876,0.006004783350597607,0.03029623983475346,0.00486637577360602,0.005821481584806954,0.008563359406397575,0.011584608924976267,0.008358656748892466,0.014026662341759788
418,0.010449186778202524,0.017194545240921386,0.018620149269180236,0.025092373339302143,0.01736614942068369,0.010508680812520927,0.021852934577812816,0.0457389166760942,0.5044778918188391,0.006255238409906982,0.05318860454517841,0.07984717397413574,0.007001495642960601,0.0310387350250943,0.07102799798005817,0.006711030517682363,0.03417561497769473,0.008682904758520684,0.013631448196374095,0.01713892803883699
419,0.048475828823486944,0.08302987469458584,0.0049726835540089805,0.02935314359019924,0.004889921038137624,0.01990147385656221,0.09185124742119821,0.10448918107831566,0.04724238209429383,0.07321315777651882,0.08562209774406467,0.05929546653717205,0.0016050746326094168,0.11417592639734868,0.025853203049994677,0.055764601362351396,0.03930202871490623,0.054991041230489805,0.005606492219996556,0.050365174183759194
420,0.012317718565127376,0.03624284486967298,0.024815184861972785,0.018837405264928987,0.15413268677981595,0.011213259066446804,0.016823668054433562,0.020494571403041794,0.020592950460019695,0.01780503602308692,0.019130940292003528,0.020105583461448025,0.010627695356252168,0.020280487062429266,0.01911356196977993,0.007968769183945587,0.012102682021618662,0.00948899910595795,0.5352983553904184,0.012607600807599593
421,0.07120746444735869,0.03791437064618267,0.11264840660632329,0.03294524316861958,0.010180925087806764,0.028208833395430052,0.06615121198514373,0.02802864612550722,0.09719088732324284,0.02244824994432174,0.035326345151252575,0.13196663594302052,0.017360117678216106,0.03369936334912104,0.044293591766880476,0.10494553580978828,0.07383449011319926,0.04192191875424848,0.0030141739137181365,0.00671358879061857
422,0.024380235016631138,0.03159306173053916,0.01679473645227697,0.01426525401538261,0.011886338754587278,0.01190546996241621,0.014634922517855904,0.019038921613212943,0.02766823162929064,0.005126609180706221,0.02364865142744696,0.0837226171472429,0.009762756109826076,0.014280239784952542,0.006848662548753409,0.1931162930378192,0.46046662254412035,0.008033755808946596,0.010622508595695144,0.012204112122297711
423,0.47173702896474584,0.09613238747659146,0.026145035161263454,0.01866546761361623,0.02053221025264842,0.012886340145800668,0.021682405964956797,0.01929067166070723,0.02092308961027582,0.007826930487438474,0.023636249153971528,0.02562552080801836,0.020277444557246952,0.025165900491149657,0.007239170161708042,0.09288034503586244,0.024202388502680767,0.024272890853725488,0.018769423416723663,0.022109099680868684
424,0.06282537764510664,0.021110001685178365,0.014218478396523708,0.0293323249288911,0.06313624966076181,0.0724051232363719,0.08840205390619588,0.030357072519795414,0.10576486749814706,0.02884248146204682,0.009455777768597391,0.030130978578515284,0.0011322618937582424,0.07108979817163198,0.0915013090133011,0.06187215097937629,0.08862536809346992,0.040718735092864,0.024996638069347266,0.06408295140011987
425,0.04259743577949057,0.031802398426457136,0.11455609430527718,0.3652416844134356,0.016130499576557197,0.03560673537334338,0.03876694864392799,0.01569653974116173,0.04557738956157332,0.0060098633864957805,0.015580751158230599,0.02699960530588893,0.008739260717439046,0.1403408158975743,0.005077351650747662,0.037391540095776644,0.011109283815041096,0.015703163244927817,0.01158094623069159,0.015491692675962426
426,0.6254133898877547,0.019297615624334182,0.04438552125492121,0.016072691477389604,0.015659525482631737,0.00917427588120256,0.018106922258228696,0.022241099892888954,0.01963059202857052,0.007163369771076556,0.016979496148583146,0.018624116465182448,0.012580824816686586,0.01900672043190681,0.006401794405882937,0.033319082824021955,0.027580604924173042,0.03312206672921407,0.016071419080532428,0.019168870614817864
427,0.030562793601327742,0.0980711170321132,0.009171769238862884,0.017612265035987628,0.008570438600471858,0.00439718804679853,0.007999593396861097,0.29166147378764506,0.010954308711030515,0.08430187785599193,0.022415164666798992,0.010823030478969292,0.0036672126110964235,0.006434700625539036,0.0027669022230230513,0.0036336992901012713,0.05196026093999987,0.3161567175929652,0.009724094880318267,0.009115391384098179
428,0.059990420780474764,0.021566451280992324,0.004699483669531064,0.0052583555602423275,0.046673578984118023,0.0350547490051251,0.22932090160570281,0.02213535903813719,0.045953750077944194,0.01412770283023398,0.0215765569014148,0.11131217511776936,0.0017700623250874123,0.04332601942673705,0.14751846209258335,0.028463884244341948,0.036880934335172234,0.023691988727307624,0.029392972031035334,0.07128619196604911
429,0.04405936704617799,0.1315738532366826,0.2637681791669683,0.018979702921773534,0.006164994894455094,0.006792235202456389,0.03972998858474392,0.010436258041489276,0.007595532008903412,0.002116750997330981,0.00780567302516712,0.022054544040676635,0.0028117740588010642,0.011842785085020279,0.002911572749545911,0.32624327226184585,0.005487225909553085,0.008478945878964828,0.006088564886592537,0.0750587800028512
430,0.0713306010418533,0.050359153860984905,0.057126571866395866,0.05943283290426715,0.015290914491242175,0.05523986471100195,0.052133506536406284,0.03293093686233245,0.052749405413828034,0.03527377617628416,0.021102146887284835,0.06577796970952038,0.0790568415979803,0.06648228233185653,0.04480792208898857,0.0683498970419424,0.06257253072078887,0.04753275680686651,0.022709132500154633,0.0397409564500207
431,0.05202307608329245,0.024749457882238313,0.008742385076755054,0.012176959753923253,0.012288154431723609,0.06408418868675346,0.033992037931888736,0.019318807026287303,0.20758042375656585,0.01643902918954629,0.02177345240193881,0.0638632940368286,0.004911201548444291,0.03316156940865216,0.3569229386361017,0.020582244953522053,0.013655061532690674,0.009001717899853498,0.008635638814865173,0.01609836094812869
432,0.02356868462839229,0.04406161533626859,0.02626027237394876,0.016479464685683277,0.5612587238525878,0.01382700960093118,0.017986931897303802,0.03754195696928009,0.01540439401314343,0.04825381501993781,0.016306924081283883,0.02207110905919787,0.02115586137662306,0.017067528690420247,0.0062799069088359865,0.020704518596145218,0.011716021083250918,0.04225415701747041,0.015013471646681707,0.022787633162613664
433,0.009026612422991685,0.03153606006058783,0.019775678796253304,0.016290499390537994,0.021976225971381103,0.028260181274239782,0.019449177131990698,0.020684996014531654,0.012004524123821659,0.02289247994077827,0.016481378661423417,0.020967646550081875,0.009024872840032316,0.016977043421409016,0.020876295642464765,0.010810608842256285,0.009676964383443162,0.010247252858357356,0.6664724463005618,0.01656905537285595
