site,A,C,D,E,F,G,H,I,K,L,M,N,P,Q,R,S,T,V,W,Y,*
677,0.21171894725980428,0.002537606649180631,0.003770158450211224,0.006004708258910836,0.005385940643158891,0.5278765684146965,0.005997979352608765,0.0047126980627640305,0.0035188145535304757,0.00152549763881379,0.003472514362036653,0.004979454556882748,0.0021632056681539806,0.004550191233013545,0.0035420939162950586,0.17896338176169183,0.014989137570906308,0.0007790905350192955,0.0038247984277505163,0.004189064944679137,0.005498147739891369
678,0.05740765210473778,0.022583953705354393,0.06708279518044136,0.04538931872154557,0.03629563988360527,0.07713402907575882,0.069851110468582,0.007169509112810915,0.013826910431849627,0.014659186381518599,0.06080295228364641,0.24084757971966514,0.0007687183273509913,0.052727008023358085,0.010413645943132106,0.030700719189774125,0.07097814021682806,0.05618713119931164,0.02096400765897876,0.04294687971596645,0.001263112655783988
679,0.5205959639050162,0.008426546901752261,0.007179436584574271,0.008537422518880582,0.015448669319879151,0.002544486711509507,0.017536327336079037,0.017536327336079037,0.012015631693239342,0.004240811185849179,0.012477771373748545,0.015448669319879151,0.0072344845901957675,0.015089397940347077,0.003816730067264261,0.2893152221410128,0.0030688743287624587,0.002405833935078566,0.00690259693015877,0.015089397940347077,0.015089397940347077
680,0.006519610016297172,0.011905374812368752,0.019103973536126594,0.012260759135126028,0.004244069343992959,0.004948619650924359,0.03411708059309701,0.0668528103450824,0.026499060066240112,0.6603937267203303,0.013039220032594346,0.01283548221958506,0.007072911037042493,0.015499450227423467,0.00402553849506306,0.003838648888100204,0.010141615580906711,0.04562252228923211,0.012446528212930966,0.01283548221958506,0.015797516577950838
681,0.043301768715944385,0.02908677855242202,0.004744714793513551,0.003475779441759927,0.00956093183899057,0.0007654912348587915,0.07856591815518338,0.036877879950392205,0.15508989494971698,0.0031609611386050457,0.011156110440296373,0.07627016080649295,0.0022307241193384605,0.03764616911602536,0.2405926225865192,0.05194624070261813,0.08859814851616765,0.0649227347629659,0.002042100605190467,0.057365591033943404,0.0025992785390552492
682,0.004215394475387408,0.00959597934728579,0.006550541055278273,0.008840050550326991,0.7372615325049208,0.0030760986712286493,0.010970183213056386,0.005642149917388431,0.01000577150201846,0.10227975651969172,0.014008080102825848,0.0067446311606198526,0.005462400872126514,0.01517542011139467,0.0029466835167756646,0.0014210206334175299,0.004335834317541334,0.0026786970767185532,0.006897918232452122,0.03338227484866958,0.008509581370875515
683,0.005533778023059511,0.00884132350810658,0.011311693311842239,0.008096791002160762,0.007547616956320629,0.0032183897288923526,0.015383902904105443,0.08301481030867544,0.010536919797332496,0.6205414003272942,0.06802975343270236,0.017481707845574367,0.0065743174803869426,0.011654471897049578,0.0029358593328445504,0.07505825374646355,0.006929685992840291,0.013373176547064639,0.004518747536200054,0.010683265905628781,0.008734134415455374
684,0.004949824530476912,0.011441397685200727,0.2265611478958186,0.008115409986014472,0.014849473591430727,0.004179193166450566,0.010416794907421558,0.016230819972028937,0.009842420336322934,0.003507162104508766,0.009970360839960633,0.5649245899958454,0.006231475524975397,0.01125685901285878,0.003943080558176522,0.04641721694682059,0.006412144887755829,0.003988144335984253,0.00821088539761464,0.020340712926719077,0.00821088539761464
685,0.005536165862067802,0.009794447130423021,0.7376554831946324,0.05319790348178722,0.011386044789116761,0.001255900002476498,0.012558145142075719,0.012145114441724544,0.015438704798802388,0.00433754087204448,0.008356730120452668,0.05168143428394504,0.0085932413502768,0.011829656923757674,0.004256465341725892,0.004535269328445977,0.006113312638451952,0.008762264529767251,0.010350949808287964,0.010537231304233426,0.011677994655504368
686,0.006781715001893383,0.009477011989825366,0.017600165123961394,0.011032939331438488,0.01719085895828788,0.0030800288966932447,0.020533525977954964,0.0844160989724877,0.012764561707832616,0.004123523293947189,0.596172432356795,0.01606971598274736,0.009856092469418383,0.010411365284596885,0.016546030964547195,0.005516469665719244,0.0025239189209753424,0.12519621164475575,0.0069084760299661565,0.014784138704127574,0.00901471872202901
687,0.15710887258498982,0.012358504368620085,0.010860503839090378,0.0038023454398987615,0.013273949136666019,0.574334400636699,0.014628433742448262,0.01837931418922987,0.011946554222999414,0.0044246497122220054,0.011561181506128466,0.01592873896399922,0.006232984811999695,0.013524401007169149,0.03193027136662455,0.06214530729091071,0.0061264380630766235,0.0038686123394826182,0.006457596877296981,0.013524401007169149,0.007582538893279116
688,0.007503328672614711,0.012799795970930979,0.01403848590360172,0.004961397328335143,0.01673819473121743,0.003724561258358991,0.02072347919103111,0.01689009377349346,0.6995081566381844,0.0045097726736958894,0.017762982163740948,0.01617288812858179,0.010239836776744782,0.08191212847475698,0.005343799301801712,0.00530723247575187,0.009997005007191568,0.006261770690815154,0.0073141691262462736,0.024868175029237327,0.013422746683667674
689,0.025465747757304834,0.032245151109773725,0.002383836598909491,0.002128425534740617,0.0034207183397538675,0.0006891520532886935,0.0032214008093371495,0.05565738729778828,0.0033108841651520705,0.01355813728243579,0.00305620076783268,0.005675801425974979,0.002020200507550416,0.004256851069481234,0.0009651160319471623,0.0070183939041378145,0.6352146368850429,0.19141793180331926,0.002360234256346031,0.003095891686895443,0.0028379007129874893
690,0.007841455576657691,0.014654523536704543,0.020316498539522207,0.01787851871477954,0.020788975249743654,0.0019551103409818893,0.022921177839460953,0.02554074102111363,0.009875373796349443,0.0055180613317220815,0.01102740231354189,0.02793518549184303,0.011919012476519691,0.01862345699456202,0.718372561001767,0.00559024929382587,0.01210559865325064,0.00522763705110513,0.007737472969722148,0.019019700760403765,0.015151287046423339
691,0.004769327723069825,0.010432904394215242,0.018046104898102037,0.1303313390356244,0.013092272180975991,0.0029675816943545573,0.017571207400783564,0.018547385589715984,0.5364381905060959,0.003998238809759134,0.009146655907257198,0.03224706656679359,0.005706887873758764,0.0705496125124978,0.07412226637004884,0.004542216879114118,0.007702345923287804,0.004307779878901776,0.007587566832156539,0.017571207400783564,0.01032184162270349
692,0.050379570498389224,0.010461777329945717,0.45812146918270963,0.040283994028707484,0.048364282082699876,0.15214147765927874,0.045497127911116854,0.010356914612753251,0.008630762177294376,0.00365147630577839,0.007397796151966607,0.047647444483512054,0.007032472885202824,0.009338201700023424,0.0024983785250062666,0.018211242018794396,0.005040976138950697,0.0025458001108094345,0.05656766326191887,0.0070676298012737025,0.008763543133868134
693,0.033773040012289535,0.08381687436045543,0.0035305033581036057,0.013843627897372516,0.012080524344405262,0.0009566525228409771,0.014634692348650946,0.18311263839093855,0.031219956710460888,0.08865246326586632,0.06402677902534788,0.01707380774009277,0.001951794368500383,0.07960086040989198,0.018781188514102046,0.03912523199867421,0.11884432989106798,0.1859560364736191,0.0020884667752162174,0.003707028526008787,0.0032235030660945968
694,0.10724865098381255,0.09704049501473051,0.009901882797580436,0.005941129678548262,0.007997674567276505,0.24715416487142156,0.030397565614641006,0.00519848846872973,0.0032067456713109044,0.07254923710126349,0.10200279305525653,0.058345597627606716,0.02449942801787764,0.16694640793281898,0.0005025769783698586,0.012823208269803673,0.0031035752052117785,0.0024179016133626646,0.0034656589791531526,0.008664147447882882,0.030592670103341275
695,0.005218751890925129,0.02150235005408547,0.01449744958674125,0.6758894439100124,0.04932892071231372,0.0014211258113631193,0.027051343616430107,0.03494131883788888,0.00682679087246561,0.00621179001562469,0.015822484002062896,0.0322535250811282,0.010226727464747967,0.013310978604910054,0.005480991190257079,0.00660308387487664,0.008063381270282052,0.006471733729432044,0.009422378113588014,0.03646050661344927,0.012994924747415352
696,0.007833517696646128,0.011012786477441706,0.01472161084369703,0.010808271252334531,0.014230890482240464,0.009807628324385644,0.02307711970093048,0.01778861310280058,0.022469827077221782,0.004426171996162273,0.0181670942326474,0.035577226205601165,0.010045334458052092,0.018974520642987287,0.05204756989345451,0.006627017241673981,0.012556668072565115,0.004993294906049285,0.6863232498795475,0.01472161084369703,0.003789976669864076
697,0.09724159445996987,0.12716208506303753,0.0042096472604204686,0.028731615457102077,0.03814862551891125,0.039408790325842255,0.1260563278016198,0.0027173867146638936,0.09433383858146388,0.021799214582235008,0.050864834025215,0.07830478223338234,0.002455627568578607,0.0463518249457039,0.05573240592095275,0.057582830971941515,0.008568037468239151,0.010320401106565366,0.0076777107962588695,0.09924845663456588,0.0030839625633302865
698,0.1897986970583479,0.02806309306505573,0.06074262568193881,0.09973403172630102,0.004052714691611293,0.061388016079809406,0.02485353776989012,0.003983833935409808,0.02774599596827544,0.0009430708560641387,0.004043294143400999,0.05933738583407306,0.21764970070772124,0.09354364355018577,0.0026276304368029703,0.10211967965149998,0.0016449277292963941,0.007043949062513988,0.002508339885258027,0.0036608203730792823,0.004515011793464448
699,0.013084227704344302,0.012882161560393825,0.014492431755443054,0.007879380371891367,0.01932324234059074,0.004978994958925221,0.027985385458786583,0.04773977519440064,0.013755528445844253,0.0033888616257229972,0.012113077288131506,0.020289404457620275,0.07373664757820321,0.018873864611739788,0.004226959262004224,0.6512349026770777,0.010972278659133443,0.0046911917821087345,0.008918419541811108,0.014755930514632927,0.014677334211194182
700,0.05301538833483038,0.1240925901848555,0.0018063155905506786,0.001843179174031305,0.002150375703036522,0.004831923865604992,0.0758343606685228,0.10783516835457893,0.0030105259842511316,0.0740682303000122,0.06240084535009877,0.07843715661688677,0.045395387398320185,0.05460073968133642,0.03026906677430164,0.028435404157737054,0.0722217476057122,0.10653802864651007,0.017122183175331977,0.05326901432325504,0.0028223681102354354
701,0.15312543245173826,0.01220974214845078,0.020129574893391827,0.0051413748209889745,0.0206887297515416,0.5961727854919584,0.019097289001423018,0.0232748209704843,0.018165713928182864,0.004899962309575641,0.013066566158868377,0.019097289001423018,0.009672652870850618,0.015516547313656199,0.006732842606318181,0.009965351760074785,0.008866598464946399,0.00642575709728194,0.009799924619151282,0.01732079700129064,0.01063024733840289
702,0.009027472424397142,0.012984089525380809,0.004516960165694895,0.004079834988369582,0.24068159531485944,0.004166038068733945,0.07992615829405274,0.08286597101291447,0.005621105983975869,0.058829044410169486,0.009930219666836855,0.005882552773928235,0.002607729580194991,0.02141812085004028,0.0019131114590993266,0.007295442943058973,0.004369296653408217,0.09746892534526022,0.2030781011180001,0.14225617011096517,0.0010820593106592759
703,0.04796906645090202,0.03541489632705911,0.055474693327143526,0.044002680133339085,0.0724750025725585,0.0319776619371371,0.10200185547248973,0.07654196730744939,0.0014360577928587376,0.05034678049858404,0.04172803178420035,0.06232764567386512,0.013726326244802746,0.07070731958298387,0.023957808282199382,0.04464751209383605,0.07471606574637203,0.04340225201919549,0.017676829895745972,0.0885805586997937,0.0008889881574839805
704,0.0023397461933463743,0.010281214432506033,0.11217495286096618,0.03923405967347131,0.04214028631595066,0.014463403354203406,0.09902652644122631,0.010468731692723242,0.004156322363750227,0.0030751019744072105,0.0032029535268139685,0.26248572965051326,0.00291950631205167,0.0863499616920596,0.009304338917890974,0.23466243784618213,0.011654016253230528,0.00344784160766869,0.02188053327943592,0.022851109573227727,0.0038812260383745733
705,0.005575418348154095,0.007310436973908837,0.014965596618729413,0.006935276481850216,0.012544691283346714,0.0060353152557419245,0.021325975181689414,0.0160950756088222,0.013758693665606074,0.003950948529464192,0.008281932109393948,0.02843463357558589,0.009272163122473658,0.01579701865310327,0.07224049361625404,0.004712922692086059,0.007898509326551634,0.0043745590116285975,0.6857134998076828,0.017060780145351534,0.037716059992575546
706,0.022394370410077316,0.01769559459074237,0.019186051180740613,0.5813469793090719,0.025911406365015606,0.04102724747898092,0.03154432079219291,0.02133880524177756,0.0071494264306575985,0.0073284785678832025,0.02133880524177756,0.020729125092012485,0.012508954796904089,0.04175905981105716,0.0057127510096097395,0.006717772020559602,0.01909261521632729,0.006239246788928676,0.020537242530028112,0.022672480569388656,0.04776926655626655
707,0.04553478365658626,0.022550470521921807,0.20553229608665305,0.3792145665779842,0.022550470521921807,0.02853525402218884,0.029597492560022372,0.022550470521921807,0.022712206001798844,0.005994428872915924,0.014350299423041151,0.0490706739360682,0.0071751497115205756,0.034180272065938676,0.004839972787940959,0.018419922648674248,0.009285487861967805,0.012558138036021734,0.025963319542893222,0.026308882275575443,0.013075442366442905
708,0.057654158887248445,0.009245708079713151,0.010978518925538824,0.014321783103869392,0.014321783103869392,0.003252157199782975,0.026086104939190686,0.0826989522685423,0.02086888395135254,0.007530009673168444,0.02086888395135254,0.014906345679537532,0.008593069862321634,0.031756997317275604,0.006701017782544394,0.005180219420548503,0.038903514938629584,0.5847868170656568,0.011780821585440953,0.012173515638288985,0.01739073662612712
709,0.01864085246762244,0.01657419445409509,0.018274111834002273,0.04024333570112882,0.029695431730253692,0.008787830449022005,0.020961481221355553,0.027411167751003412,0.012079497652984555,0.05696726251943827,0.011495005831065948,0.04751269076840591,0.571756149359011,0.006993505018244641,0.0030071323271142984,0.0032105757420263716,0.013007576855606514,0.049211850514523245,0.00791878179473432,0.02545322719736031,0.010798338811001345
710,0.005643693847669586,0.02956820717288151,0.014158740705557034,0.011366876341081,0.6473260567681781,0.0033211860914269583,0.029890674822842623,0.021630098068103423,0.020176205505418775,0.0021601378778651815,0.01717123872801598,0.023058520577621457,0.014236634333581936,0.017934404893705576,0.006160673436769092,0.07131780306825194,0.009384281630427337,0.005672064827283221,0.01717123872801598,0.018736638088807503,0.013914624486495709
711,0.0076262913285977145,0.648186365059312,0.026076996155850254,0.014182225979497507,0.026076996155850254,0.004144643278108645,0.027875409683839926,0.026076996155850254,0.01684139335065329,0.008003830503280771,0.02127333896924626,0.05052418005195987,0.00962365334323045,0.032335475233254314,0.002321285793208145,0.021422433484222177,0.013701472556463694,0.00833388536939544,0.008509335587698503,0.005712505202763961,0.0211512867577162
712,0.006935468275028931,0.026575219604596054,0.023353980864645015,0.012041896383332588,0.008040339551581607,0.007135938597530422,0.018349556393649654,0.030827254741331425,0.026575219604596054,0.007784660288215007,0.020829226176575285,0.020829226176575285,0.04484912490053031,0.018797106549592334,0.005278639510501956,0.6186876053926005,0.03272366121642647,0.006643804901149014,0.018349556393649654,0.02456328830131742,0.020829226176575285
713,0.007195648843691592,0.013858286661924547,0.015590572494665117,0.013606317813525922,0.025805085508411228,0.0034327866043299344,0.6004717443861327,0.03590234513732894,0.015272397545794401,0.005703004692943103,0.01870868699359814,0.1410540707806116,0.0071184638201831065,0.02190017143602135,0.0020381481558826966,0.006865573208659868,0.01151303814990655,0.0063961323055036386,0.011005109996234202,0.01915898570316454,0.017403429761486646
714,0.012142897092820596,0.02000006579993981,0.013333377199959872,0.014468132706339435,0.032381058914188264,0.006601963467941296,0.5450553917763602,0.02956531466078059,0.027200089487918137,0.006853506411439919,0.021935556038643667,0.06489683363188503,0.012632377824978778,0.012983165610226522,0.0029345745935707864,0.013076966099960643,0.01806616473970055,0.012830230890527424,0.025185268044368644,0.08065697552053173,0.027200089487918137
715,0.006267903676516054,0.021070122189321163,0.013650101339968298,0.013069245963799435,0.49232590293532125,0.003284783744912156,0.021181191734433558,0.013537548214391737,0.023625175396098975,0.013875336154745458,0.01919545500933042,0.018066310597016865,0.00690173663256824,0.021937662867806188,0.0046184553405907765,0.00367204966894678,0.012796970006220279,0.009061695443263941,0.05486217294620153,0.2083864055840447,0.01861377455450222
716,0.03162968369883761,0.03162968369883761,0.04591323954517088,0.010738067822392847,0.011006519517952664,0.018843215820584108,0.20270608156210132,0.011288737967130938,0.009172099598293888,0.004785443268675073,0.010238622807397828,0.3494919005124745,0.004274376511826277,0.07346249117149381,0.0036688398393175557,0.11183407239476804,0.02654064922102528,0.012939416058615387,0.009570886537350146,0.009783572904846815,0.010482399540907303
717,0.01966406696963342,0.07882578569723744,0.004202742055946409,0.0014942493985097179,0.004849317756861241,0.0007880141354899517,0.030479303802931807,0.014198433448570722,0.2022508520118928,0.13198627093233864,0.2203910257742373,0.009868201431861803,0.0020173161868542763,0.1299034194563515,0.05004874656188597,0.0012735581987716388,0.05207095105155498,0.011458384888320228,0.0022315444544848185,0.029027908383744586,0.0029699074025206842
718,0.07739641312864667,0.10193493108418505,0.008787746192117465,0.004715376005526444,0.010450292769004553,0.0019430192585586357,0.006236465039567233,0.12254885963367701,0.005948628191587208,0.3098473927848556,0.03642350389884695,0.00805543400944101,0.01266013078855663,0.004474440005403202,0.006661871576711276,0.0027039219052669124,0.003647743702388381,0.2532583433776489,0.005021569252638551,0.011047452355804814,0.006236465039567233
719,0.004694473244391492,0.028455523045184932,0.0098001127264574,0.006853930936811578,0.22293621722375281,0.002719813863814119,0.13333945781639464,0.0253631198882177,0.009791329909730829,0.003984843567913709,0.012239162387163535,0.01736252639580625,0.005039655100596749,0.013180636416945347,0.0032074511685926932,0.0031287442698036566,0.0059085611524237755,0.006295809901330635,0.2031573284578632,0.2745133232807323,0.008027979246072646
720,0.008541439929679462,0.0177399137001035,0.010981851338159309,0.015374591873423032,0.16109526919084396,0.0064060799472595974,0.010147737728524658,0.14011120423615245,0.024275671379089002,0.3699411980251388,0.10371174369667606,0.02562431978903839,0.0015066322910493092,0.01844951024810764,0.011291615593060488,0.005765471952533638,0.006988450851555925,0.007095965480041401,0.017082879859358923,0.021963702676318624,0.015904750213885897
721,0.006110350252268436,0.01930870679716826,0.024135883496460318,0.07553441896695427,0.01930870679716826,0.03205806448451163,0.026817648329400354,0.06033970874115081,0.38591218347871586,0.008045294498820108,0.026687214222393608,0.01417020560398574,0.01049386238976536,0.015384384678880217,0.12784431074179062,0.032058064484511636,0.057296628393451385,0.009851381018963396,0.01664543689411057,0.020987724779530717,0.011009820949998517
722,0.008581543524801732,0.027319349585866983,0.5011015343355864,0.012068561293694796,0.02856113820340639,0.11375709062256856,0.031417252023747025,0.03490805780416336,0.029921192403568594,0.009520379401135462,0.03307079160394424,0.009014203318104179,0.011636019268054453,0.03307079160394424,0.006160245494852357,0.00739229459382283,0.01570862601187351,0.009690087617533396,0.01963578251484189,0.034193020238380806,0.02327203853610891
723,0.022702534471763257,0.011266056449706484,0.012370571787913,0.14515406245577284,0.01802569031953037,0.5048239648712394,0.04205994407890419,0.018555857681869504,0.027430398312328828,0.00914346610410961,0.021029972039452095,0.00941640539079945,0.011470893839701147,0.02523596644734252,0.006199916706099872,0.039229979567206905,0.008193495599786533,0.004965154358944706,0.03419415257376051,0.013143732524657564,0.015387784419111298
724,0.0072662504887624265,0.014022588662523983,0.015672304975762098,0.015672304975762098,0.023508457463643148,0.11050506186723513,0.014801621365997539,0.013764367473986894,0.00654303111207146,0.00720078877264745,0.021033882993785974,0.01665182403674723,0.005668706055062886,0.014801621365997539,0.6428284429831914,0.005527423912878881,0.00799287553763867,0.00868790819308551,0.014272992031497627,0.016311990893140147,0.017265554838581564
725,0.060868572392120054,0.10645537254578309,0.02990762416167281,0.009675996052305905,0.08912113314962271,0.11414395343059172,0.015051549414698075,0.003739539583827915,0.013397532995500484,0.0011506275642547434,0.06880708303861979,0.06518565761553455,0.0005045463457437976,0.024562143825084225,0.04267362361529785,0.10750294505439174,0.0643939825172907,0.006450664034870605,0.12307866978533115,0.049589243293629945,0.003739539583827915
726,0.002557594726357774,0.0068618395097403695,0.011253416795974202,0.006115987389116416,0.00627363005596021,0.0027314118436830596,0.0068618395097403695,0.2250741687898109,0.01082059307305212,0.28658164289109583,0.16096931516917568,0.006748555902204224,0.0021313289386314777,0.007403563681561976,0.002557594726357774,0.005668102757225716,0.0038816664569422464,0.22067154434408565,0.011253416795974202,0.008274571173510444,0.0053082154697991525
727,0.0012520374849893981,0.40332774724912257,0.006718192477078034,0.010419761207009319,0.011868806709504527,0.0020449169858630595,0.006718192477078034,0.07449632272422463,0.009129851315003483,0.002763541003024129,0.0025764571601123772,0.01271657861732628,0.003236947284410326,0.007121284025702716,0.0027180473380544723,0.0037090020967201656,0.12653419521541098,0.2848929937545076,0.00791253780633635,0.009370110560135151,0.010472476508386347
728,0.1745498742592113,0.08546463953558321,0.021144426418779203,0.013370377277450149,0.014190568981865511,0.0032829225099280795,0.008767460509803376,0.07940790776972335,0.019807966336963183,0.004500142573986567,0.028148162689368726,0.012733692645190618,0.004456792425816716,0.021392603643920236,0.008103258956030394,0.004211142449590598,0.010609403528555156,0.42799854529342,0.028148162689368726,0.011884779802177912,0.017827169703266862
729,0.10008585935043118,0.02212767364476759,0.02458630404974177,0.014751782429845064,0.03904883584370751,0.007902740587416995,0.0150644634057673,0.01952441792185376,0.016595755233575697,0.04517039122161307,0.015087050212341543,0.02074469404196962,0.5319038141542466,0.012765965564288996,0.004455236304315623,0.02673345785919449,0.015194958873300064,0.007902740587416995,0.02886218301491425,0.018966577409800796,0.012525098289491091
730,0.008285267986879808,0.631356279691336,0.02459688933604944,0.023851529053138844,0.0406207512405853,0.005634716216919919,0.022488584535816626,0.017491121305635154,0.023851529053138844,0.009717289614241752,0.030273094567445456,0.01967751146883955,0.007716671164250804,0.030273094567445456,0.005862463398613959,0.007213190598127197,0.014055365334885389,0.009370243556590262,0.03849057534782333,0.0064827679787437835,0.02269106398349312
731,0.006120384656209674,0.03811389927524698,0.06854830814954835,0.017137077037387087,0.020772214590772227,0.004663150214254991,0.002913728803486184,0.018039028460407457,0.06344338366532656,0.004478522254189969,0.017137077037387087,0.06231664377231668,0.008184555322554231,0.02016126710280834,0.550473761032156,0.005564220669950689,0.012026018973604972,0.006591183475918111,0.010880683833261642,0.04032253420561668,0.022112357467596235
732,0.10110098617924998,0.003958212160931848,0.1381410586869507,0.1194500173868183,0.003786115980021768,0.030083708082606082,0.06967120604701835,0.005186846221138981,0.050139513471010165,0.0247817264321947,0.06307874275385149,0.00875411847413027,0.05637340375967228,0.17729785991211505,0.005048200464630672,0.017355985432272743,0.02884739131208803,0.05640695265488641,0.0032252099089074317,0.03219035247123981,0.005122392208264745
733,0.0319344925148828,0.02670407478910805,0.017802716526072036,0.061051235690217136,0.016574942972549828,0.008011222436732416,0.010984680637950914,0.010227092472424358,0.019593159342301304,0.01573534471499965,0.012649298584314338,0.02002805609183104,0.011075661515258484,0.3855233698171495,0.05787226388620056,0.12773797005953122,0.08515864670635416,0.00858345261078473,0.014565858975877116,0.015021042068873279,0.04316541758658718
734,0.01262070316298925,0.009340733902118915,0.4958452825230783,0.1610731509687949,0.00880697767914069,0.06888367876368932,0.007017977347158635,0.009066006434409534,0.013116775266805283,0.0029782050122697987,0.009201319963281317,0.14894634723602013,0.0034249357641102686,0.008562339410275671,0.002992662318154604,0.0037590758386576123,0.004222523544793481,0.0035259306400524724,0.008562339410275671,0.008987028379514546,0.009066006434409534
735,0.007040400251989331,0.01497928358570625,0.05598991899928377,0.674228593450011,0.015251634196355456,0.03532526269384566,0.01149095727122671,0.018235649582598913,0.0072021137685069955,0.005275722520751887,0.0195079042046407,0.012709695163629546,0.0068198364292646335,0.027961329359985,0.005991713434282501,0.0055922658719970006,0.007913583781127831,0.005776379785087557,0.019972378114275,0.020459509287793904,0.02227586824764016
736,0.07215229907395995,0.17422140508102527,0.010935068513447551,0.005904936997261677,0.01135564807165707,0.0022367185595688166,0.008201301385085664,0.026390680818923776,0.007201142679587411,0.23683550382488747,0.050129907185752824,0.037516163909254385,0.028246744728484093,0.07678948570013186,0.005775144202954569,0.0022887352702564636,0.017473281820748615,0.20701095322919394,0.005004183895984472,0.007769653943765365,0.006561041108068531
737,0.011959433345807556,0.023420556968873133,0.031227409291830845,0.031227409291830845,0.03869332923785755,0.0067722092440115084,0.0351308354533097,0.4586339179157208,0.026766350821569296,0.15221545447000023,0.028666612152895652,0.022609630043867707,0.011959433345807556,0.026766350821569296,0.00838945324258142,0.016587601255125088,0.005917309663053796,0.006680077016357685,0.018736445575098508,0.02007476311617697,0.017565417726654847
738,0.0076536683798464344,0.015664755741302973,0.009015353655437822,0.021721600548825003,0.02846278692604656,0.652665199319234,0.017943930888159786,0.029479315030548223,0.027514027361845005,0.007786988875993869,0.02662647809210807,0.02230867083392838,0.011464178067435417,0.021721600548825003,0.007572668081241746,0.003707611903195357,0.013990183404327967,0.00746721634007311,0.017943930888159786,0.025012752147131823,0.024277082966333827
739,0.02365574074227392,0.03991906250258724,0.03991906250258724,0.030414523811495044,0.04913115384933815,0.017437264106802092,0.021290166668046527,0.033616052633757686,0.027769782610495473,0.0057930385394333065,0.05322541667011634,0.030414523811495044,0.004475809713686482,0.0037619735610780066,0.501723715680918,0.013034795919212161,0.012282788462334538,0.021290166668046527,0.021290166668046527,0.04562178571724256,0.0039330091610071454
740,0.44602865368043204,0.1657255997608756,0.012632840007411007,0.009734753053039353,0.016131876487893784,0.05231486770757109,0.015683768807674515,0.025664348958012843,0.01882052256920942,0.004996598912179491,0.015683768807674515,0.016606343443420074,0.003573516943520776,0.014858307291481116,0.003739176669379355,0.12750328208863726,0.003407697384159847,0.0035459183601271463,0.009905538194320747,0.010857993789928511,0.022584627083051305
741,0.005774175906007481,0.0053944320615028265,0.018803085642639737,0.01833300850157375,0.028204628463959613,0.007712081936975956,0.12791439404750607,0.028204628463959613,0.03188349304621521,0.004871113251103899,0.024444011335431663,0.020370009446193053,0.004802470670084488,0.017460008096736902,0.5806991581451184,0.004770383584227507,0.008942930976377439,0.0068534611220836435,0.013095006072552677,0.026190012145105357,0.015277507084644787
742,0.02309470929465104,0.39471858360976564,0.009541491577123666,0.011761737020559665,0.0062298226989578155,0.0022985119459463196,0.006679504974638824,0.028498969299361493,0.011041630672362135,0.002355486186142146,0.00901733171576241,0.010820798058914893,0.004098787143528368,0.009328274188719735,0.0024592722861170205,0.002705199514728723,0.008232098802556606,0.4342714202450638,0.006762998786821808,0.007213865372609928,0.008869506605667946
743,0.06739317046420973,0.023475711263978013,0.01643299788478461,0.010433649450656895,0.015650474175985342,0.007714132404937752,0.011531928340199726,0.011951271188934262,0.02054124735598076,0.06997695059362258,0.05002841750849336,0.04804989252228176,0.018908983336175668,0.01933293868798189,0.005666550994753314,0.5250741559570999,0.035505709473024644,0.005432395994970119,0.012402262554554424,0.010955331923189742,0.013541827924185254
744,0.010442743117808231,0.025206621318847457,0.02923968072986305,0.03322690992029892,0.025206621318847457,0.008122133536073068,0.011790193842686715,0.02610685779452058,0.027073778453576898,0.05051201998250284,0.020305333840182672,0.024366400608219208,0.5864132337080172,0.012454734936956372,0.010465775534822825,0.0048217563122049285,0.00949340283437112,0.013792302231067475,0.027073778453576898,0.020305333840182672,0.02358038768537343
745,0.00707517095401359,0.01368533162326384,0.05474132649305536,0.11453954741475177,0.021896530597222144,0.5220181824182948,0.02856069208333323,0.03284479589583321,0.024329478441357938,0.004865895688271588,0.021896530597222144,0.016843485074786266,0.0072988435324073805,0.017753943727477416,0.01032126017984904,0.009123554415509227,0.016659824355438987,0.006425906882154298,0.011894646885286226,0.03457346936403496,0.0226515833764367
746,0.116188942273343,0.11325722542523427,0.003038502948054497,0.006871171118704386,0.06292068079179683,0.036227058637701204,0.10786402421450886,0.011219087808201219,0.027964747018576368,0.02883864536290689,0.007292407075330792,0.07969952900294265,0.001317621859036313,0.010942727094225536,0.1699675533077109,0.07032802804186465,0.05511915673509578,0.06931395012894653,0.005833925660264634,0.008118797521522173,0.007676217974032414
747,0.0042220951804788544,0.008544051140466767,0.01797553071339444,0.005249567550524346,0.015867523546581136,0.533916089503934,0.03671597762735885,0.012574263942573731,0.0267542782710987,0.050754439661349,0.044247460217586305,0.13755188719814873,0.006408038355350076,0.013067372332478584,0.01779149396224743,0.00374402240986746,0.014562455261484105,0.013768810788071297,0.013328719779128157,0.013328719779128157,0.009627202778749986
748,0.0056450908484874844,0.0075622786637966136,0.010931763230404335,0.013503942814028886,0.0516632938888246,0.0035487145611864967,0.02970639398607415,0.023299132538097376,0.027548043340618923,0.03505552534258052,0.013503942814028886,0.013774021670309462,0.005217432450874797,0.010595401284853433,0.002269213492098955,0.003742940671279745,0.006622125803033395,0.018141309304472764,0.5525858971814404,0.0611602229125056,0.10392331320100333
749,0.0686289897536293,0.05066253985513801,0.002229159289031501,0.007661285577667197,0.003634199568893413,0.04614850648701302,0.004523418612346057,0.0015587829762253116,0.3815909547338084,0.036879708890454076,0.023622297197807188,0.03992107022815567,0.01040247949995179,0.14173378318684313,0.05466478605890363,0.06534741507341063,0.02983800386315851,0.019624677672024433,0.0032854452617876507,0.002566754110771602,0.005475742102979417
750,0.07659560988803447,0.14673748767907277,0.006267066055809758,0.006499179613432341,0.004279947550309104,0.004323515261972679,0.07566151708452189,0.13995021171833275,0.06305126423710156,0.04648366165061752,0.029288329194008467,0.03362734092645416,0.001381715350887191,0.01592874043884671,0.032321424773970514,0.03692059957608116,0.1029929957097371,0.15901325012622292,0.009171092979942046,0.0036557885325556928,0.005849261652089107
751,0.01125701425324515,0.1340120744433946,0.007246107834514226,0.005720611448300704,0.07296212941918151,0.011908115327734772,0.07328785321123145,0.03648106470959076,0.14071267816556432,0.04974267368443324,0.18209875997896563,0.005720611448300704,0.03394168940253631,0.01224219870965838,0.08656109239624762,0.03126948403679208,0.06985735795453551,0.010660051376179118,0.007191268227105781,0.009881056137973944,0.007246107834514226
752,0.0650922061494608,0.006024240585677225,0.09768305091383393,0.18761551506542462,0.005463846112590971,0.03711791700303768,0.03754108817524304,0.019306845347267853,0.022277932847186356,0.002526294439154965,0.023849632487801458,0.009397815313656471,0.02252465290514583,0.07446926062517602,0.0027319230562954855,0.060129370043397766,0.10892518718309326,0.0024695343906380295,0.007578883317464893,0.20272187614631249,0.004552927892140918
753,0.03206823803561329,0.02176478170530857,0.023215767152329144,0.019346472626940954,0.019346472626940954,0.00633157285972613,0.014509854470205714,0.014423359820702409,0.016582690823092244,0.007910095598340213,0.024874036234638373,0.016054905117234335,0.2583316955776184,0.010242250214262859,0.0038692945253881905,0.16274029594995737,0.27884509844363503,0.02003890884912854,0.012437018117319183,0.016582690823092244,0.020484500428525714
754,0.2483250141151727,0.260634257997459,0.020925418912288878,0.026080475704963312,0.012518628338382388,0.0786817957692171,0.012518628338382388,0.015648285422977984,0.02407428526611998,0.004602436889111172,0.014903128974264743,0.015648285422977984,0.003871220046095005,0.01203714263305999,0.005490626464202802,0.1341277222928429,0.046897553517189015,0.0024090360666158494,0.017386983803308872,0.02086438056397065,0.022354693461397124
755,0.11167863282926353,0.17478194994276466,0.007071434454115739,0.005620883796861228,0.007307148935919594,0.24717827913556606,0.005768801791515469,0.0066428626690178145,0.005768801791515469,0.0023827659573650854,0.0511441186380261,0.008768578723103514,0.003985717601410688,0.005219392097085426,0.013441051592098794,0.22969293334663218,0.03440604344739937,0.050947410489418296,0.01964543817577562,0.0022283066169063036,0.006319447968239208
756,0.08267991893323143,0.07086850194276978,0.023953478219349008,0.011976739109674502,0.0034236442617890397,0.018039255039977758,0.010764140794278662,0.014423749018278779,0.014372086931609405,0.23051272948514265,0.1299255868950779,0.02918114785878755,0.03889556907046804,0.012497466897051654,0.0056311808613502086,0.02188586089409067,0.007768695638707786,0.02066997973330785,0.013687701839628003,0.22819657625571874,0.01064599031971067
757,0.28250197580046,0.013144899067372467,0.014788011450794026,0.007383619471233287,0.014196490992762264,0.3405073335313146,0.009100314738950167,0.008872806870476415,0.023660818321270437,0.0054601888433701016,0.014196490992762264,0.01183040916063522,0.002556183740704399,0.016132376128138937,0.0037359186823058585,0.1913070049905214,0.0020802051221407354,0.0024786352786840765,0.011091008588095516,0.01183040916063522,0.013144899067372467
758,0.008162808301282586,0.018277592500697958,0.02050656719590503,0.008393848943101367,0.026274039219753315,0.008850202684548487,0.02155818602646426,0.0247285075009443,0.663201417001858,0.007643356863928239,0.02272349337924611,0.012185061667131973,0.008324448069624816,0.013853488034753636,0.042008193735946185,0.007248010819242296,0.017194098375030876,0.011517387055234331,0.0164856716672962,0.018277592500697958,0.022586028457311936
759,0.012487735428856388,0.015561021241347749,0.016672522758586873,0.02917691482752703,0.012967517701123124,0.011294289610655622,0.011670765931010811,0.02059546929001908,0.02917691482752703,0.0038544463193864163,0.014004919117212975,0.07557292683753913,0.0470697166913228,0.016672522758586873,0.005787156660005361,0.563113203442577,0.051119996563162885,0.008336261379293436,0.023341531862021623,0.016672522758586873,0.014851643993651116
760,0.005622878436874942,0.057607329306501205,0.014449761883261168,0.017252013385866308,0.011638610868480982,0.006964115495212086,0.14816929519926267,0.012243364338356735,0.013317343666282762,0.003833780752414735,0.011860759202783084,0.011860759202783084,0.0043625780975753885,0.014597857480348413,0.00449164845549182,0.010362929031502736,0.005884407666497033,0.0064879366579326265,0.012243364338356735,0.608798509518062,0.01795075701615347
761,0.4871244093282846,0.012076733923868927,0.008386620780464534,0.013359218407172085,0.010234520274465194,0.25053154458556504,0.009012488002887259,0.017759902829219014,0.010782798146311544,0.0037739793512090404,0.008271735564293786,0.007547958702418082,0.004003008840697264,0.015890439373511745,0.0035729982023280844,0.05467196829575497,0.050498253217832266,0.0029888806981628897,0.011612244157566277,0.008751256466571686,0.009149040851415855
762,0.0034315419990408186,0.12109896832933964,0.008307943787151455,0.0072510509063541334,0.009566723148841072,0.00432468306728432,0.21003829665282572,0.00607118969061068,0.020012066680977963,0.08053816840934842,0.0648744473192891,0.10435123866677139,0.0017043657418461305,0.254411589133863,0.04929989653700522,0.002818766642069244,0.0044667652252625275,0.003996226125465257,0.007341903811901288,0.008532482808425819,0.027561685316326662
763,0.006721265957433621,0.07984439956791256,0.012770405319123879,0.0225360093866892,0.010081898936150432,0.006493426433452821,0.11450213344629218,0.014322193515882133,0.01104343889466851,0.03234822595234346,0.3077426401952526,0.012358456760442465,0.006385202659561941,0.03421902838624824,0.004293609671406137,0.017641810190243537,0.06975727272840314,0.0029499276805229177,0.009344199013993085,0.21456255636782684,0.010081898936150432
764,0.015640788424567176,0.014783189257479613,0.0276721641357727,0.025695580983217507,0.0276721641357727,0.06123044099544971,0.019985451875835836,0.029978177813753757,0.025695580983217507,0.008126584622498108,0.019445304527840275,0.037867171975267906,0.008774100823537684,0.03128157684913435,0.008066043451167699,0.010474386887515709,0.01468318913326715,0.009722652263920138,0.5777361043572993,0.02248363336031532,0.002985713143170018
765,0.036995722022485904,0.031154292229461818,0.0108834033155807,0.00694217176250493,0.017580882279014973,0.005405767601459128,0.12584598344499615,0.01523676464181298,0.03635610426343305,0.01723034148397602,0.06278061918967308,0.02023697614905213,0.0017071687988243925,0.36689135507342074,0.055859489741007094,0.0961681513637729,0.035234020973796104,0.009508940600157022,0.009937020418573684,0.011720588186009987,0.02632423646098736
766,0.003424997467075119,0.02493696481645071,0.011340547168759839,0.01275811556485482,0.003976294669303439,0.004082596980753543,0.004553529137876803,0.06953000926558414,0.014580703502691222,0.4102209710335972,0.17791565282506183,0.009813935049888322,0.0020391675845113544,0.01398581095525807,0.002604790548506009,0.0027886591398589766,0.04818548930678757,0.15628089968522832,0.006990748254714969,0.008649569874477844,0.011340547168759839
767,0.0014487758804179358,0.004193824916999289,0.002656089114099549,0.002656089114099549,0.3843346310253305,0.0009600322099154997,0.08672895898996323,0.002257331934171271,0.003984133671149324,0.06353980864508585,0.31580997035074204,0.08771264482647867,0.006034377392917001,0.002656089114099549,0.0008757957401955182,0.000983736708925759,0.0012852044100481689,0.010038789177786944,0.00181096985052242,0.017186937161945148,0.0028458097651066594
