site,A,C,D,E,F,G,H,I,K,L,M,N,P,Q,R,S,T,V,W,Y,*
677,0.2396986303554633,0.0026685909038554473,0.0039647636285852364,0.0028956803724366474,0.005663948040836051,0.41661577115618653,0.006307578500021967,0.004955954535731545,0.00370044605334622,0.0016042396185026967,0.003651755973696928,0.005236480264169179,0.0022748643770571023,0.01914023820696321,0.005751988683957856,0.25864237285008795,0.0021838219391872816,0.0008334106898824319,0.0040222239710285,0.0044052929206502625,0.005781946958353469
678,0.04889333623704767,0.09918740048521076,0.07706130518753072,0.08913900370402929,0.03826674401435601,0.09259421014705255,0.05276292640189316,0.02915561448712838,0.02374100036809025,0.011906709422588004,0.0388554631530384,0.1745525069082986,0.001080059167579867,0.028136521935741763,0.011241801062413912,0.04651867875711656,0.05772811668451419,0.026620343662160696,0.01627547593521977,0.03539543749025085,0.0008873447887386899
679,0.5347523484851586,0.008049017079463176,0.006857780341570808,0.008154925198929797,0.014756531312349152,0.0024304875102692724,0.01675065716536931,0.01675065716536931,0.011477302131827119,0.004050812517115453,0.011918736829205084,0.014756531312349152,0.006910362062482571,0.014413356165550334,0.0036457312654039078,0.28369617639560835,0.0029104842371373645,0.002298046715882243,0.006593343777858134,0.014413356165550334,0.014413356165550334
680,0.0034645802289099657,0.00632662476583559,0.010152025787038508,0.006515479236457548,0.002255337160131553,0.0026297416195340704,0.005395409997287761,0.4214405158816266,0.01408184222073083,0.37759689773787863,0.006929160457819933,0.006820892325666496,0.008234040875451957,0.008236549223446335,0.006417623621281832,0.002039893031975027,0.005389347022748836,0.08424400346086339,0.006614198618828118,0.006820892325666496,0.008394944400820304
681,0.03499232669335304,0.039008527209851165,0.0018317496242721116,0.0013418630968505,0.055563071936254045,0.007030932038308584,0.12292632804626105,0.029307993988353785,0.07633650630785356,0.01460166129062626,0.001052933592369753,0.05507738074800009,0.0008611957188742015,0.06972097007385723,0.09969979053108413,0.053277493733223776,0.11927922553348395,0.0684109126142824,0.07174217277446256,0.07693348421942867,0.0010034802289490697
682,0.004551415017835318,0.005429462553739873,0.0070727024737584805,0.009544714988858533,0.859473150545389,0.0033213028508528005,0.011844646311475046,0.006091901011119478,0.010803358723653064,0.0017504827335131754,0.015124702213114289,0.007282264028536512,0.005897823681269711,0.016385094064207146,0.0031815716629528443,0.0015342940475330026,0.004681455446916328,0.00289222329592011,0.007447770029185067,0.006501761106595985,0.009187903213574102
683,0.004674997000642252,0.007469248081485897,0.009556243868959901,0.00684025876936077,0.006376310449345987,0.002718931309996959,0.012996491661785464,0.22047619783386058,0.008901706617661275,0.5651105700527495,0.08123964811671741,0.014768740524756211,0.0055540562657202825,0.009845827016504138,0.0024802465003407373,0.012476670947509991,0.005854275523326785,0.0024380564828508505,0.0038174879965125834,0.00902534143179546,0.007378693548116869
684,0.006333806175346791,0.014640437224981925,0.009219936726927756,0.010384496171208112,0.019001418526040367,0.0053477046151131575,0.01332935329438653,0.020768992342416217,0.01259438235087389,0.004487772214692952,0.012758095296055675,0.7782451099583338,0.007973809560034798,0.014404301140708023,0.005045574410869477,0.01476656274998619,0.00820499446742472,0.005103238118422271,0.010506666714398795,0.01637668122737968,0.010506666714398795
685,0.005750989196923984,0.010174507238456731,0.8251642966101004,0.010669087113752251,0.01182786466470595,0.00130463348219871,0.013045446766745798,0.012616388975686347,0.016037782596211452,0.004505853205602266,0.00868100158877501,0.006236171716969182,0.008926690312985623,0.012288690560733454,0.004421631650357364,0.0047112542439780815,0.006350531363600511,0.0034573170907860303,0.010752604240641773,0.01094611413493693,0.012131143245852254
686,0.00799340749404127,0.011170274575006394,0.02074479563929759,0.01300420025149998,0.020262358531406944,0.003630339236877077,0.02420226157918052,0.005296981785200455,0.015045212484608265,0.004860275312437761,0.7586271581833693,0.018940900366315187,0.01161708555800665,0.012271569251415475,0.009612871321431469,0.006502100125749989,0.01722872458617472,0.0027956552687365935,0.008142816979911201,0.017425628337009974,0.010625383132323153
687,0.054737520112790136,0.014385547757009069,0.012641844998583725,0.00442600660102504,0.015451143887157891,0.7268717716353247,0.01702779122258216,0.021393891536064767,0.0139060294984421,0.005150381295719296,0.013457447901718161,0.01854137266458947,0.007255319738317616,0.01574267490389672,0.005430470065450815,0.009860670947340234,0.007131297178688255,0.004503142605531622,0.007516772701860594,0.01574267490389672,0.008826227844010937
688,0.007538560852843069,0.012859897925438176,0.014104404176287033,0.004984693768153162,0.01681678959480377,0.0037420500848854097,0.020820787117376092,0.0169694018851151,0.7610121789517099,0.004530948491864229,0.01784638895775094,0.016248828572379602,0.01028791834035054,0.021826528385690953,0.0029241192973818247,0.005332152798352415,0.01004394634449999,0.00629117308582587,0.007348513100250386,0.024984944540851314,0.013485773728190537
689,0.0057424239977478374,0.017812061927068547,0.0014784011399466897,0.0013200010178095443,0.0021214515689716856,0.00042739640025859404,0.001997839378306337,0.040739497350935065,0.0020533349165926247,0.032600640521901356,0.0018953860768547305,0.003520002714158784,0.00125288232198872,0.0026400020356190886,0.0005985429716383357,0.0193200148970306,0.731619025665926,0.12771732875481823,0.0014637635048977125,0.0019200014804502464,0.0017600013570793923
690,0.006151179671133394,0.011495647254249293,0.0159371473297547,0.014024689650184137,0.01630777866300481,0.008015119155483407,0.01798037134638992,0.020035270928834486,0.0077466738091041855,0.0043286079167235,0.1623271070050023,0.021913577578412714,0.009349793100122758,0.01460905171894181,0.605764204230665,0.017542010762743587,0.00949615943300596,0.004100786447422263,0.006069611180222423,0.01491988260657887,0.011885330212020456
691,0.005623635880997723,0.012301703489682516,0.02127862225242381,0.00335415649327045,0.015437431830189825,0.003499151214843027,0.020718658508938975,0.021869695092768923,0.6853737180634487,0.004714425289459167,0.010785055114242206,0.011529326579910874,0.006729136951621206,0.01606753108856492,0.09798830019797852,0.005355843696188307,0.009082032398934743,0.005079413053804394,0.00894669344704183,0.020718658508938975,0.0135468108467509
692,0.03351569647957702,0.0088820565728572,0.24103172904117515,0.1132579533718309,0.04562367857096048,0.13853268729681903,0.06437849122321121,0.005060080714233799,0.004216733928528167,0.0017840028159157625,0.003614343367309856,0.07571131393511106,0.0034358572750970246,0.022811839285480237,0.0012206335056265745,0.026505184693605608,0.012314355720480485,0.0012438022832725265,0.024628711440960974,0.16794924171974893,0.00428160675819783
693,0.018895280997517985,0.12168516289704588,0.0021246615743928643,0.009647112013459493,0.008418470389103804,0.0005757147491903245,0.05864065945324305,0.13602916045208835,0.0041378765908153614,0.09686277639155164,0.05166282354576333,0.008923578612450031,0.001174592423584789,0.04823556006729747,0.01130319957577004,0.02106297532372763,0.07704777321999938,0.3181449766177837,0.0012568420580915537,0.0022308946531125083,0.0019399083940108764
694,0.12394115260709772,0.04485766745356767,0.12843177407836937,0.05077131120492669,0.007979488922028865,0.21457173635537893,0.0030480014417364385,0.010373335598637524,0.0031994539593654743,0.04527072849106099,0.05186667799318762,0.015560003397956289,0.0745283048128506,0.17933033659245867,0.0018444011098633756,0.01481905085519646,0.009289554267436589,0.002412403627590122,0.00691555706575835,0.00864444633219794,0.002344613833334178
695,0.004939192888711947,0.020350508454408833,0.013720847704564625,0.6901653942492343,0.04668646057187907,0.005532029840173289,0.025602252571675626,0.033069576238414354,0.006461092160491354,0.005879035775718106,0.014974902447583857,0.030525762681613246,0.009678900362462736,0.01259793380511023,0.005187384507986564,0.006249368737968065,0.007631440670403312,0.005024083519229885,0.008917638536201622,0.0345073839009541,0.0122988103752146
696,0.00783681547049399,0.011017422667802644,0.014727808384204222,0.010812821345365126,0.014236881438064081,0.0029573471669575363,0.023086834764428237,0.0177961017975801,0.02247928648115382,0.004428035337105684,0.018174742261358404,0.0355922035951602,0.010049563368045236,0.018982508584085442,0.002454812130912261,0.006629807099946503,0.012561954210056545,0.004995396995811959,0.717224120103317,0.014727808384204222,0.02922772841394679
697,0.1309431591963998,0.07885580657141128,0.037550384081624415,0.031687478463890764,0.030803049441957525,0.06452915102315185,0.058570436040359816,0.005302347498277875,0.028309165272490975,0.035538756362965954,0.06930686124440442,0.07603898441137498,0.0006845122098212784,0.09408931465907026,0.01215649873583947,0.10941863097369565,0.05393693727956097,0.019047296273287745,0.008679098207545267,0.05369246992159101,0.0008596621312788184
698,0.17405035519073694,0.0211155595747883,0.061701310445809954,0.1921360659838274,0.005922973074664066,0.023095143284924697,0.0036352716920164804,0.0058223050298129506,0.013420906509399347,0.0013782818957204877,0.005909205104884786,0.017727615314654353,0.34218981788766256,0.04872821440335762,0.0014828342398025495,0.0612803316941068,0.002404033688963494,0.002385040614622173,0.003665895759511858,0.0053502262436119,0.006598612367121343
699,0.005510275395274986,0.013299990492558126,0.014962489304127892,0.008134945641079241,0.019949985738837186,0.005140487122890563,0.028893082794177995,0.049288200060656574,0.014201684763240031,0.0034987783060634915,0.012505961209420328,0.020947485025779044,0.004319642151269687,0.019486032582120043,0.004364059380370634,0.7253446265764906,0.011328161129172478,0.00484334913890845,0.009207685725617164,0.015234534564202942,0.009538542897742646
700,0.046949379288065224,0.07055841652679205,0.002388131020906808,0.004873736777360831,0.06538930176292448,0.007396865993959139,0.03648533504163179,0.08903216687650217,0.059703275522670206,0.0612084001156787,0.0875648040999163,0.060593422735192484,0.06111083412802176,0.05074778419426967,0.021386247948419177,0.03391750840266186,0.10299460928179559,0.09319535691343643,0.03203590393899377,0.008737064710634663,0.003731454720166888
701,0.01409038680952263,0.012230451672204858,0.02016371762174314,0.005150095351094303,0.020723820889013783,0.6445345047705607,0.019129680820628107,0.02331429850014051,0.01819652565864625,0.004908273368450633,0.013088728982535023,0.019129680820628107,0.009689059116941512,0.015542865666760337,0.006634518757385884,0.005783391876003847,0.008881637523863053,0.006436656129188277,0.009816546736901266,0.01735017562801154,0.10520498329977622
702,0.001677750039322479,0.0021030196540525203,0.003625138477821785,0.0032743186251293546,0.09290185387231423,0.0028655663290833087,0.15349366823167362,0.1610061503253262,0.00451128343906711,0.012285631972769032,0.027682875648820902,0.004721110575767905,0.002092863451113608,0.003980544210941568,0.0006356608002672533,0.0014000534810897928,0.006090232642740599,0.029670364156941385,0.17543971459934043,0.30687218742491384,0.0036700120415029077
703,0.06834494214309635,0.033355747669063414,0.13018445831183126,0.07124960218417793,0.014615303012139062,0.028601971524439634,0.09030813774784692,0.055970474947914114,0.011367457898330383,0.06067193015123276,0.03598464756776663,0.0625767469443965,0.013674166075751322,0.06642239336411168,0.018920033754059408,0.054622286867750044,0.05623557603004485,0.045349541033550836,0.01544706822421202,0.06509222915591563,0.0010052853923693537
704,0.01753722323490221,0.059584300629426774,0.150498283926218,0.015226283719958203,0.0130833252704826,0.002394913778325629,0.026408118523922584,0.021194986938181816,0.004450443223077861,0.0019094582827190825,0.0034296095369226232,0.3060793728908878,0.003126104268168409,0.03154015913419913,0.006602799669215518,0.2717132914053438,0.045896399291962646,0.0021409077715335164,0.0077637314791874764,0.005264407233564074,0.004155879791800355
705,0.0057433536311048364,0.007530632163766366,0.015416370272965618,0.0071441715899108965,0.012922545669985883,0.002681616563964462,0.021968327638976,0.016579869916208304,0.014173114605790972,0.004570283616591717,0.008531389374359613,0.02929110351863467,0.009551446799554785,0.016272835288130377,0.02793653485916014,0.004854879036237791,0.008136417644065188,0.004506323618251488,0.7612379487170668,0.017574662111180802,0.0033761733640932943
706,0.005901641350337989,0.018856463826689672,0.02044469758907799,0.6686113414225383,0.027611250603367016,0.010446273752414517,0.03361369638670767,0.022738676967478718,0.007618444250627375,0.007809242594891682,0.022738676967478718,0.02208900048269361,0.01332956925679787,0.025770500563142548,0.006087519818065169,0.007158472378650708,0.02034513202353359,0.006648554857985566,0.012674016670397975,0.024159844277946138,0.01534698395917732
707,0.006670106893055386,0.0228192299700894,0.2588906227194782,0.41395542861324275,0.0228192299700894,0.00665662494030858,0.02995023933574234,0.0228192299700894,0.0049172540081999835,0.006065871257871865,0.014521328162784163,0.038336306349750195,0.0072606640813920814,0.056376921102573814,0.004897656214739909,0.008634303231925718,0.009396153517095635,0.004905502495835034,0.007606409990029798,0.0266224349651043,0.025878482210601707
708,0.004654652903528435,0.010413487611629904,0.012365161201227317,0.01613069649644632,0.01613069649644632,0.0036629210460713264,0.029380911475670086,0.008344759661980889,0.023504729180536067,0.008481087848647036,0.023504729180536067,0.016789092271811478,0.009678417897867796,0.03576806614429402,0.007547390103841858,0.005834507243395478,0.010156364460725464,0.7110851637053037,0.013268798730947783,0.013711092021979374,0.019587274317113393
709,0.007812405730781527,0.014988917971848276,0.016526242892037843,0.042165087004918986,0.026855144699561496,0.003069159394235599,0.03791314545820446,0.024789364338056764,0.010924126657448742,0.01865283265141154,0.06237323930220734,0.04296823151929839,0.5567271425992828,0.006324595342748523,0.002719508324006227,0.04196159378268548,0.004796428987424657,0.015468563346947418,0.007161371919883064,0.04603739091353399,0.009765507163476907
710,0.005869015178177045,0.011101943584598923,0.014724020534724868,0.011820692541962217,0.7278003572793887,0.0034537825945650923,0.03108404335108583,0.015478864343954696,0.02098172926198294,0.0022463801783615344,0.017856790861262073,0.023979119156551924,0.014805024022422942,0.018650426010651498,0.006406634889155095,0.009241222244081292,0.009758943842782761,0.005898518853334928,0.017856790861262073,0.01651554229798119,0.014470158111712369
711,0.007301798927800659,0.6685896543039953,0.02496744149506032,0.013578783970997715,0.02496744149506032,0.0033610499850798684,0.026689334011961028,0.02496744149506032,0.016124805965559787,0.007663274122246236,0.020368175956496575,0.04837441789667936,0.009214174837462738,0.030959627453874795,0.002222516998846769,0.008358909341385735,0.013118486209268981,0.00797928542625639,0.00814727038259863,0.012794792758491384,0.02025131696581732
712,0.0057162885647315045,0.025834273508989758,0.022702846416990996,0.011706155183760981,0.025215242779688424,0.006936980849636137,0.01783795075620721,0.029967757270428115,0.025834273508989758,0.007567615472330333,0.020248484642181156,0.020248484642181156,0.004627090687665343,0.0182730227258708,0.005131465286032211,0.6488628041170155,0.007297994985911849,0.0064585683772474395,0.01783795075620721,0.051446264825753076,0.020248484642181156
713,0.007857783375098182,0.01513350872241131,0.017025197312712726,0.014858354018367466,0.028179636931386583,0.003748667298211976,0.7066442041548138,0.039206033656640715,0.01667774430633083,0.006227787992128415,0.020430236775255264,0.03215788753479845,0.0077734958830726,0.01385100798322391,0.00222569597866392,0.0074973345964239515,0.012572453400157089,0.006984696333420606,0.012017786338385454,0.009925615989654744,0.01900487141884211
714,0.013299419775452993,0.0219049266889814,0.014603284459320931,0.015846117179263142,0.03546511940120798,0.007230752499275413,0.6421933098730539,0.032381195975015986,0.029790700297014704,0.007506253079702731,0.024024758304044116,0.017575348850463895,0.0072527329112589,0.014219717761317181,0.010005547661333136,0.014322452065872453,0.011457961652697963,0.01405221712123335,0.0275839817564951,0.00949350238998021,0.029790700297014704
715,0.0046483988013902725,0.010750498307853285,0.010123179611916597,0.009692406011409508,0.3946705087032301,0.002436059264899715,0.015708382156422302,0.010039708033375424,0.017520887789855645,0.02206444676281165,0.014235721329257711,0.013398325956948436,0.005118461601530862,0.016269395804865954,0.0034251359589191482,0.002723263177085942,0.009490480886171809,0.003288393140382379,0.2277715412681234,0.1928204695991181,0.013804335834431719
716,0.06698364449534192,0.03290424641876446,0.0042884386841465045,0.043337300161299525,0.007403455444222001,0.008401084192024968,0.4132321208917099,0.016045087000947766,0.006169546203518335,0.0032188936714008702,0.0137738705939014,0.25602285412058495,0.002875128327853205,0.019105691468960007,0.0024678184814073342,0.015453660305472931,0.024799051216597222,0.030286863180908195,0.0064377873428017405,0.019742547851258674,0.007050909946878096
717,0.0032819415612023147,0.00877070589631653,0.008478349033105976,0.010065519823582954,0.009782710422814589,0.0015896904437073707,0.010174018839727171,0.01105871613013823,0.44112701951954125,0.05404947508605061,0.0767584196034555,0.009741692664543763,0.004069607535890869,0.08525914627967736,0.1962295999334571,0.002569196676698781,0.03463589088452742,0.013386866894377864,0.004501778247666891,0.008478349033105976,0.005991305490411618
718,0.0026179138971871014,0.04090490464354844,0.007437255389736081,0.003990722404248629,0.008844303706713179,0.0016444182771275756,0.005278052212070767,0.2871691264771564,0.005034449802282886,0.2832350655593152,0.10851573122035185,0.006817484107258075,0.0009142795224077931,0.0037868131735626816,0.003487198722001648,0.0022883862737649485,0.003087162614607431,0.20606912707192818,0.004249860222706333,0.009349692489953933,0.005278052212070767
719,0.005785410291979742,0.002724435758098521,0.009168574710960274,0.008446699026290423,0.22204842400364064,0.003351864692972391,0.12158377082281813,0.012066712894700606,0.012066712894700606,0.009821743053826073,0.015083391118375757,0.01624365197363543,0.006210808107566488,0.01624365197363543,0.0039528228271335985,0.003855825426445904,0.007281637091629677,0.004492925013984268,0.1449806549288655,0.36469670186508035,0.00989358152366012
720,0.00682451832085609,0.01417399958947034,0.008774380698243545,0.012284132977540961,0.14405827752092273,0.005118388740642067,0.008107932926264575,0.009839829454823337,0.01939599943822257,0.3203333568810587,0.3519315495725237,0.02047355496256827,0.0012037829403133493,0.014740959573049155,0.0029739680850922098,0.00460654986657786,0.005583696807973165,0.005669599835788136,0.01364903664171218,0.01754876139648709,0.012707723769869962
721,0.007270075011052083,0.022973437034924587,0.028716796293655734,0.005127464897631446,0.022973437034924587,0.018934151402410365,0.06381510287479052,0.07179199073413933,0.49599388124731253,0.009572265431218576,0.012942163391283262,0.016859664898057496,0.012485563605937274,0.01830429124301303,0.0792758329471003,0.026507811963374515,0.016859664898057496,0.011721141344349277,0.01980468709907292,0.02497112721187455,0.01309944943582026
722,0.009235991468187118,0.029402785054023065,0.5849596854706167,0.01298893710900729,0.030739275283751383,0.0032605770709771284,0.03381320281212652,0.03757022534680725,0.03220305029726335,0.010246425094583792,0.03559284506539634,0.006968255822987384,0.012523408448935748,0.03559284506539634,0.006630039767083629,0.007956047720500356,0.016906601406063256,0.010429075643893778,0.021133251757579075,0.036800657396949,0.0250468168978715
723,0.006342914470102439,0.01359195957879094,0.014924504635535149,0.01635068022808715,0.02174713532606551,0.6548058912953509,0.0507433157608195,0.022386756953302726,0.03309346680053446,0.011031155600178153,0.02537165788040975,0.011360443827049142,0.013839086116587138,0.030445989456491702,0.0051458541809032326,0.006089197891298342,0.009885061511847957,0.005990221835875172,0.012432792758141764,0.015857286175256096,0.018564627717372995
724,0.0064084192581018475,0.012367124884056195,0.013822080752768688,0.013822080752768688,0.020733121129153032,0.0015446454375972994,0.013054187377614872,0.1747365969888728,0.011541161882543305,0.0063506857512721,0.01855068732608429,0.014685960799816732,0.0049994760169588875,0.013054187377614872,0.6125417593118824,0.004874873210848901,0.007049261183912032,0.0076622404172956874,0.012587966399842913,0.014386247314106187,0.015227236426888502
725,0.07426477036341694,0.06497471506507746,0.02166997681689895,0.03178263266478513,0.027079823199995016,0.0303012387693926,0.08475368710609368,0.003972829083098141,0.005500840268905118,0.001222408948645582,0.06356526532957026,0.057710569838688795,0.018769975304644276,0.03575546174788327,0.02200336107562047,0.12363232799796896,0.07892650676382809,0.00908075218993861,0.13730097311187175,0.10375905527057856,0.003972829083098141
726,0.0023462066573628954,0.006294700788046793,0.010323309292396738,0.005610494180650402,0.005755107504497871,0.002505657595241927,0.006294700788046793,0.22348881855537436,0.009926258934996863,0.37562105787225325,0.19593153762564725,0.006190780197566888,0.0019551722144690795,0.006791650850261012,0.0023462066573628954,0.001789499774096614,0.0012160174701654597,0.11282935963653427,0.010323309292396738,0.007590668597350545,0.004869485515281481
727,0.007144463369223636,0.06903169347777276,0.010419878260795884,0.0074193063718039284,0.01840845159407273,0.003171654595909136,0.010419878260795884,0.13387964795689256,0.014160347380055945,0.004286236352780622,0.003996070378174582,0.019723340993649353,0.005020486798383471,0.011045070956443637,0.004215675937573907,0.0057526411231477274,0.15159901312765775,0.477258102495033,0.012272301062715152,0.01453298810058373,0.01624275140653476
728,0.14682818903104125,0.023542758351134816,0.009558063857259023,0.015891361887016002,0.016866200735697962,0.0039019175427671485,0.010420565171813773,0.02582579633912044,0.023542758351134813,0.005348644447527996,0.03345549870950736,0.01513463036858667,0.005297120629005334,0.0254261790192256,0.009631128416373334,0.00500515335024126,0.007306373281386666,0.548248024274951,0.03345549870950736,0.014125655010680891,0.021188482516021335
729,0.03297431890664143,0.024181167198203703,0.026867963553559675,0.016120778132135808,0.04267264799683007,0.008636131142215609,0.016462476544714347,0.021336323998415035,0.018135875398652784,0.012448498903295371,0.016487159453320712,0.022669844248315973,0.6263430406421285,0.013950673383579065,0.004868691382188666,0.014086659725809912,0.007166797508179497,0.008636131142215609,0.03154065286722223,0.020726714741317463,0.013687453131058704
730,0.007314157374257277,0.5987492962191101,0.021713904704826297,0.02105590759255883,0.12577487854666317,0.004974274970356461,0.01985271287298404,0.015440998901209809,0.02105590759255883,0.008578332722894337,0.026724805790555445,0.017371123763861036,0.006812205397592561,0.026724805790555445,0.005175328060140839,0.004825312156628066,0.012407945545615024,0.008271963697076683,0.013110282085932859,0.01403439637199297,0.020031459842629894
731,0.006216149484766536,0.005570779387320921,0.0696208742293852,0.017405218557346298,0.02109723461496521,0.004736113893155456,0.018864550753648335,0.01832128269194347,0.024864597939066143,0.004345308677687169,0.017405218557346298,0.06329170384489564,0.008312617949546689,0.020476727714525057,0.6004491007652848,0.005651283276051719,0.012214188461295648,0.006694314829748577,0.011050932417362729,0.040953455429050115,0.022458346525608127
732,0.06916706209365868,0.008920065090302702,0.09011189411372582,0.08080529552391862,0.029862826606665577,0.08939887457170044,0.08441909886249573,0.003383472965287233,0.006541381066221984,0.02827785694319916,0.0664688721245137,0.02982705095963645,0.059175438585732425,0.22703494989155237,0.0024821779063781135,0.04097348579941242,0.014785313368857906,0.018397634248749326,0.0036341005923455462,0.04056134186250856,0.005771806823137044
733,0.013334439395994956,0.028891285357989068,0.019260856905326043,0.16824925002593633,0.017932521946338043,0.008667385607396721,0.009679004888481757,0.01106474758391071,0.02119794683371181,0.009855581721525704,0.013685345695889561,0.021668464018491797,0.009763069464162813,0.44907023356823517,0.025079594419069456,0.12000995456395457,0.006667219697997478,0.00928648457935363,0.01575888292253949,0.016251348013868853,0.004626382789826272
734,0.004943913508422332,0.008982134444082286,0.5140625989806676,0.15026055681208625,0.008468869618706156,0.0029909775256433233,0.006748550672597921,0.008717954019256336,0.012613210070413423,0.002863868953185657,0.008848072735961656,0.032152339140550726,0.003293449296163505,0.008233623240408763,0.002877771229657432,0.007229522845236962,0.004060416940475554,0.0033905668849292555,0.008233623240408763,0.19231002582188977,0.008717954019256336
735,0.005224877632464971,0.014639598432087945,0.010756083298616465,0.7108511648111232,0.014905772949034998,0.004516383446673409,0.011230376879409927,0.01782211983036793,0.0070387914635493464,0.005156084982370596,0.03813104707892673,0.01242147745752916,0.0066651830259912585,0.05465450081312832,0.005855839372835179,0.0054654500813128325,0.007734127473555895,0.005645388843936841,0.019519464576117255,0.019995549077973778,0.021770718472993972
736,0.09075129914297309,0.3678273474845416,0.011884098697294097,0.006417413296538811,0.012341179416420791,0.002430838369901065,0.00891307402297057,0.011064505683687607,0.007826113776266843,0.27668784440536465,0.006398418606214601,0.009437372494910017,0.0014361255334070528,0.020388951248568647,0.0017013899980896083,0.002487369494782485,0.017581954237092634,0.1234117941642079,0.005438485844524416,0.008443964863866858,0.007130459218376457
737,0.011868966514679315,0.02324339275791366,0.03099119034388488,0.03099119034388488,0.044627314095194215,0.006720981038432865,0.034865089136870496,0.4611120049886624,0.02656387743761561,0.029796692125027485,0.08118365514752755,0.022438600069126662,0.011868966514679315,0.02656387743761561,0.008325991435670563,0.016462124764878495,0.005872548323737609,0.07055337067162029,0.01859471420633093,0.019922908078211708,0.017432544568435245
738,0.007261484338727341,0.014862073040031959,0.011812063795699521,0.020608557147931823,0.02700431626280722,0.6672044229219273,0.017024460252639335,0.02796875612933605,0.02610417238738031,0.007387973317183106,0.025262102310368042,0.021165545178957013,0.010876738494741797,0.020608557147931823,0.007184634602031279,0.003517628989521538,0.013273307993583209,0.007084586346869882,0.017024460252639335,0.023731065806709372,0.023033093282982628
739,0.01829410486198089,0.03087130195459275,0.03087130195459275,0.023520991965404,0.03799544855949876,0.00785894552423961,0.0164646943757828,0.025996885856499157,0.04295137663247686,0.1773074075100919,0.041161735939457,0.023520991965404,0.0034613556656937863,0.0029093123552615145,0.42624697870564304,0.010080425128030285,0.00949886213987469,0.0164646943757828,0.0164646943757828,0.035281487948106,0.0027770022058046296
740,0.5609001598894641,0.029894473865905512,0.062095597740051876,0.011339283190515883,0.018790812144283464,0.04954339342038311,0.01826884514027559,0.029894473865905512,0.021922614168330707,0.005820163053539125,0.01826884514027559,0.019343483089703562,0.004162521677531146,0.017307326974997927,0.00435548625860875,0.06949975829716062,0.0039693709184029456,0.004130374159144974,0.011538217983331952,0.012647662020190792,0.026307137001996845
741,0.005580475559661383,0.036247446899688625,0.018172317848128096,0.01771800990192489,0.027258476772192144,0.004325468543567853,0.010377673620959576,0.027258476772192144,0.030813930264217203,0.004707707019775161,0.023624013202566522,0.019686677668805434,0.00464136712089325,0.01687429514469037,0.611372761164664,0.07334224340591705,0.008642931659475557,0.006623555103523323,0.01265572135851778,0.02531144271703556,0.014765008251604077
742,0.000935105121837766,0.3059321477692825,0.006750859338396124,0.012351297891306434,0.0065420945758562134,0.00241372560035002,0.007014317320988838,0.07320760439264618,0.011595095979593796,0.0024735556927555384,0.009469328383334932,0.011363194060001922,0.00430424017424315,0.009795856948277518,0.00258254410454589,0.00284079851500048,0.010026347700001693,0.4964103339456071,0.007101996287501199,0.007575462706667946,0.009314093491804851
743,0.08990047721078641,0.01800437263309845,0.012603060843168914,0.0080019433924882,0.012002915088732299,0.006858808622132745,0.07959827900948788,0.009165862431395574,0.015753826053961147,0.0036280137560449166,0.08896278242236881,0.01708889605853412,0.0016478332776334915,0.044481391211184405,0.004345883049368592,0.43871080733257434,0.02822090290121855,0.0041663011051798066,0.01902348806516063,0.03360816224845044,0.06422599328703037
744,0.020699235441594944,0.023614106224079258,0.02739236321993194,0.031127685477195386,0.023614106224079258,0.007608989783314425,0.011045307749972555,0.024457467160653515,0.025363299277714753,0.02847679742327648,0.019022474458286066,0.022826969349943285,0.5902283692580844,0.011667864172423987,0.009804564129024503,0.03475946094528575,0.008893624422055822,0.012920926047137704,0.025363299277714753,0.019022474458286066,0.022090615499945107
745,0.019414454178696573,0.012517635990566937,0.05007054396226773,0.017504209916121092,0.020028217584907096,0.5184810370365682,0.02612376206727013,0.030042326377360644,0.022253575094341217,0.004450715018868244,0.10014108792453551,0.015406321219159306,0.0066760725283023644,0.016239095339113867,0.0033178505974830585,0.04172545330188979,0.026507935038847626,0.005877618860426474,0.010879740735930666,0.031623501449853306,0.0207188457774901
746,0.07109071928477209,0.10725949614460409,0.0034378043636091055,0.0038870691354950643,0.08250730472661853,0.04375387371866135,0.06679162763583406,0.03173357874100713,0.018334956605915234,0.04469145672691837,0.016501460945323707,0.0687560872721821,0.0007453878199266002,0.003587274118548632,0.12322519537092379,0.11724901102789993,0.050134957158790495,0.04370671107707223,0.026402337512517936,0.07186120089092582,0.004342489722453607
747,0.0030124524042294326,0.006096155178822659,0.014859378248380229,0.005015822662552631,0.022642862092769864,0.412112878720393,0.05058511744129438,0.017943400148987442,0.04423256780913184,0.0419558915248383,0.03657693107293594,0.18606525806667415,0.004572116384116993,0.05594118869978438,0.001589648918386054,0.008014046695755627,0.06018988657571738,0.0027054125331674086,0.009510002078963345,0.009510002078963345,0.006868980664135676
748,0.0033493614611774247,0.08900119529583769,0.0064860650518039015,0.008012198005169526,0.15989560366838318,0.0021055334815633406,0.04767257813075867,0.04006099002584763,0.016344883930545832,0.06213611258533627,0.04807318803101715,0.008172441965272916,0.003095621956542771,0.006286493819440705,0.005846216834040677,0.002220772273171988,0.003929058637150441,0.018715515951006678,0.3541813528186092,0.10816467306978861,0.00625014300753518
749,0.056702328200474335,0.05098711947744028,0.002436576799975335,0.014558705889310979,0.0023020175978825056,0.05812797681387105,0.04202406593581255,0.01656767615837759,0.26243000615860557,0.0265671622776032,0.01122233578967721,0.07882530124240072,0.03376996457811125,0.0897786863174177,0.09352597644349483,0.07745195258833541,0.0496220121956564,0.020718158380942542,0.0035911474526967076,0.002805583947419303,0.005985245754494512
750,0.039286882058028626,0.10658211543972361,0.01794494800770856,0.006203191903899256,0.028595201703340477,0.016748618140527992,0.038065041228472714,0.14251162220831085,0.027914363567546653,0.08038838551539407,0.0918472607706374,0.013030016693709155,0.001318788829962834,0.0440753108961263,0.014634714880073002,0.03858037437953379,0.10822082165291388,0.1511895231968427,0.020301355321852114,0.006978590891886666,0.0055828727135093315
751,0.035923826809038724,0.05498544919750822,0.00855329209739017,0.013505198048510792,0.035638717072459025,0.01322730003153078,0.10023389176629102,0.035638717072459025,0.09266066438839349,0.050860544559118925,0.1056583141442315,0.05402079219404317,0.02183580801908664,0.028919109393894967,0.10975672309893313,0.03532881518487244,0.06278480369360868,0.05831790066402387,0.003615359670386498,0.06998148079682864,0.00855329209739017
752,0.07149381524719024,0.005306295168165801,0.15386910552756433,0.17905750640308254,0.004812686315313168,0.035384264291383034,0.061317188609915925,0.009854548169450772,0.0014144468773463813,0.0022252205543921108,0.024346530771584263,0.00827782046233865,0.033606536065050076,0.05490391122979716,0.0024063431576565844,0.0789198984756863,0.03706486774181485,0.008700899785322062,0.00667566166317633,0.2163521257202147,0.004010327763554743
753,0.02053375615421206,0.0438226462641817,0.023372078007563572,0.019476731672969646,0.019476731672969646,0.006374203092971882,0.01460754875472723,0.00785213409270241,0.016694341433973976,0.027677460798430545,0.025041512150960964,0.20569448473833754,0.06447353277515643,0.01031121088568981,0.003895346334593928,0.056187391723251705,0.3028690971400003,0.08180227302647249,0.012520756075480484,0.016694341433973976,0.02062242177137962
754,0.298724664122814,0.05997315932714429,0.01069217190374902,0.028987027008119743,0.013913772963897475,0.2503885191430333,0.013913772963897475,0.017392216204871847,0.026757255699802838,0.005115357707315249,0.016564015433211277,0.017392216204871847,0.004302650047490318,0.013378627849901419,0.00610253200170942,0.1396790668763208,0.002179453015298948,0.007183192098158138,0.019324684672079828,0.023189621606495795,0.024846023149816928
755,0.16500946498220176,0.18145331714696294,0.0067645009166090765,0.005376910984996959,0.006989984280496047,0.33586257424829846,0.0055184086424968784,0.006354531164087315,0.0055184086424968784,0.0022793427001617543,0.022670219288095282,0.008387981136595255,0.0038127186984523898,0.004992845914640034,0.0018331065878755685,0.10129654037174757,0.08578617071517874,0.03226146590998175,0.0027762528782442506,0.009010100606885006,0.00604515418349628
756,0.06369955691719012,0.10237428790262697,0.01994497080394192,0.009972485401970961,0.0028507127114970384,0.02605890964794141,0.03884691241740144,0.012009999149959549,0.011966982482365152,0.20828958560102592,0.17062381317104497,0.028102745698760343,0.002353714389682948,0.041543189293819636,0.002877961393238097,0.017564216061725216,0.006468639179656841,0.09953055768310957,0.011397126173681098,0.1146592024509422,0.008864431468418633
757,0.37663655672167246,0.016165494337184772,0.01818618112933287,0.009080317630313138,0.017458733884159555,0.21547171565893117,0.011191496079589455,0.01091170867759972,0.02909788980693259,0.006714897647753674,0.017458733884159555,0.014548944903466294,0.0031435748249849893,0.019839470322908583,0.004594403653726198,0.178160029879406,0.0025582200327134677,0.00442755583751492,0.013639635846999648,0.014548944903466294,0.016165494337184772
758,0.007993658232266911,0.01789884343311939,0.020081629217646148,0.008219911239846762,0.02572958743510912,0.00866680839919465,0.02111145635701261,0.02421608229186741,0.7161935849912691,0.007484970890213563,0.022252616160094375,0.01193256228874626,0.008151948494291999,0.01356641545253727,0.00466622603832415,0.0070978172234783775,0.007296260509134275,0.011278723259225916,0.016144054861244938,0.01789884343311939,0.02211799979225753
759,0.009700958752716064,0.012088406746961124,0.0064759321858720315,0.011332881325276056,0.005036836144567136,0.004386921803332666,0.004533152530110421,0.007999680935488982,0.011332881325276056,0.004831934189013041,0.005439783036132507,0.05666440662638027,0.00728499621709072,0.0064759321858720315,0.0022478442298068213,0.23634950486809703,0.025143529670997474,0.0032379660929360158,0.009066305060220842,0.0064759321858720315,0.5638942138879807
760,0.005965556184193396,0.01416593039527079,0.015330380574743313,0.018303411019684284,0.012347908250436072,0.007388532888679894,0.10658096578599648,0.012989517497840459,0.014128948857300148,0.004067424671040952,0.012583595076032947,0.012583595076032947,0.004628448763598325,0.015487501632040547,0.004765385117550938,0.003783751899311403,0.006243023913690763,0.006883334058684688,0.012989517497840459,0.6968027418824996,0.011980528957531699
761,0.5290552002735863,0.012242863695473328,0.008501988677412033,0.008520247286501224,0.010375308216502819,0.289386130488759,0.009136465444383079,0.01800421131687254,0.010931128299529757,0.0038258949048354148,0.008385523079091317,0.007651789809670828,0.004058074966077492,0.01610903117825438,0.0036221490223293873,0.024423044078429195,0.002822431551273748,0.0030299962904139703,0.011771984322570506,0.008871640359038643,0.009274896738994943
762,0.00397994599791517,0.02712259494875523,0.00963565873179462,0.008409860943998319,0.011095607024490778,0.005015822353536925,0.28923947887110935,0.007041442919388377,0.02266092981903054,0.033080878289661754,0.03487190779125672,0.12464852146661978,0.001976745036237435,0.3182036173787936,0.07092008011756334,0.0032692413554303184,0.003001270752526194,0.004634873820356906,0.008515233297865013,0.009896081940762044,0.002780207142907467
763,0.007219826164985139,0.07095346403519877,0.013717669713471764,0.024207652435538407,0.010829739247477706,0.006975086294985643,0.12662464350897012,0.003504386523534416,0.011862602906668226,0.0033395703100926604,0.35781751140511,0.01327516423884364,0.006858834856735882,0.02838138561407951,0.004612094751817805,0.005487067885388704,0.0022366258976052556,0.0031687430891048202,0.010037319302540313,0.27806087257037354,0.010829739247477706
764,0.015825557333667285,0.012687318423986856,0.02799906297494981,0.025999129905310534,0.02799906297494981,0.0069242228784735065,0.020221545481908194,0.030332318222862295,0.025999129905310534,0.008222586188061784,0.019675017225640405,0.038314507228878684,0.008877751674984086,0.03165111466733457,0.0021473672371122173,0.01059812368301247,0.014856645660177449,0.009837508612820206,0.6104779023142886,0.02274923866714672,0.028604888739123917
765,0.025327824288914582,0.007755888777466665,0.007017232703422222,0.004476066292138934,0.022671059503364097,0.002018655983176256,0.11395059182847174,0.02947237735437333,0.09170855144775258,0.08152880000677648,0.20094802741618178,0.022671059503364097,0.0011007219321021154,0.25441949240643347,0.019493859521910153,0.05448674805010196,0.031577547165400004,0.007101777675752609,0.0128140771105971,0.0075570198344547,0.001902621197844821
766,0.003178318692178494,0.08041745973983698,0.010523766336324345,0.011839237128364889,0.011923532468594423,0.0037885558810767635,0.0042255700663780486,0.13564214623518653,0.013530556718131302,0.4104265007456787,0.11839237128364889,0.009107105483357605,0.000692195818473158,0.007516975954517389,0.0024171855801681805,0.002587811394178118,0.029598092820912227,0.11915499665268865,0.006487253221021855,0.008026601442959245,0.010523766336324345
767,0.0018539080470966992,0.005366575925806234,0.0033988314196772814,0.0033988314196772814,0.28290667171476,0.0012284932842207043,0.062376138432292276,0.056589271068331344,0.0050982471295159225,0.08824599455895007,0.43972381492074825,0.007032065006228858,0.0002381517237292661,0.0033988314196772814,0.0022414022656052223,0.0012588264517323265,0.001644595848230943,0.0025491235647579612,0.0023173850588708743,0.02549123564757961,0.0036416050925113727
