site,A,C,D,E,F,G,H,I,K,L,M,N,P,Q,R,S,T,V,W,Y,*
677,0.22749849489830995,0.009904390799267826,0.004122108296633228,0.0030105976562033753,0.005888726138047468,0.4536666667492773,0.00655789956282559,0.005152635370791535,0.00686704428749236,0.0016679050911232714,0.003796678694267447,0.005444293976685395,0.002365144104625623,0.004974958289040102,0.0014950651853073884,0.2321608336550656,0.0014506798782690988,0.009202500108000276,0.004181848996584434,0.004580120329592476,0.006011407932590123
678,0.04467993810679218,0.09570296250874537,0.11487176669167087,0.07935320733672566,0.032725177149646976,0.08776867434771221,0.044768801747940325,0.016968610373891024,0.022855679279118527,0.012384687351844531,0.040137289922857616,0.1644210986113692,0.0005028125081726579,0.03854506388215663,0.012698145740198917,0.0506214410036749,0.05236028343943516,0.025821798395051557,0.015465062619242449,0.0465213071005077,0.000826191883245406
679,0.48492784643109466,0.007985983935836726,0.006804075963885762,0.008091062671834577,0.014640970549033997,0.004041398369629695,0.016619480082687238,0.016619480082687238,0.01138742153813755,0.004019089954636784,0.01182539928960438,0.014640970549033997,0.006856245908908165,0.01430048286184716,0.0036171809591731053,0.2989082913051418,0.002887691768301625,0.03668425180951819,0.0065417102453130625,0.01430048286184716,0.01430048286184716
680,0.003992571065552202,0.007290781945790977,0.011699161726966919,0.007508417227754888,0.02809112018709248,0.003030505748551672,0.006217653054245955,0.36424791809546647,0.01622786949224443,0.39713771646531615,0.007985142131104404,0.007860374285305899,0.014291513573887834,0.00949177272187882,0.0024652162442967106,0.0023507661413998946,0.006210666101970092,0.07874397156803904,0.0076221811251451135,0.007860374285305899,0.009674306812684183
681,0.04926755002965926,0.051439787385529095,0.0019687978757691837,0.0014422589089937048,0.043039687425265934,0.015693798049525476,0.11307942721048134,0.02283738516442682,0.07973495519270138,0.014455311928252581,0.018211061020409938,0.08048980505504279,0.0009256288520407358,0.0495724971237438,0.09774278608383626,0.05609496159946102,0.11614138201355215,0.04506465133321257,0.07203640546137438,0.06968330345043056,0.0010785588362909443
682,0.0045809474554985045,0.0054646923149865596,0.007118594607105588,0.009606647091142492,0.7871243216168262,0.0033428535486070164,0.01192150181189972,0.010296264896106007,0.010873457696567876,0.028448564438519983,0.01522284077519503,0.0073295159287976065,0.005936092463512819,0.016491410839794617,0.0032022156970474983,0.022847133515466432,0.004711831668512747,0.0029109898561788567,0.026778655067193534,0.006543948613959967,0.009247520097081092
683,0.005583348101820646,0.008920521679920341,0.011413020384603966,0.00816931985424284,0.00761522645663391,0.0032472191889249785,0.015521707723061396,0.19800253044916336,0.010631306659631093,0.6144530317008574,0.04077199178138478,0.01763830423075159,0.006633208428658717,0.011758869487167724,0.002962157962416297,0.0026241438822887163,0.00699176023561324,0.0029117704318926247,0.004559225247871487,0.010778963696570413,0.0088123724165245
684,0.00596167384616868,0.013780262496881702,0.0932076865405043,0.009774372236160277,0.01788502153850604,0.005033509055747208,0.03109558166162266,0.019548744472320554,0.011854420200305908,0.004224100564370772,0.012008514461568339,0.6674263132629741,0.007505321538480213,0.0135580001985449,0.0047491300130496255,0.003302902114309455,0.03908781396421629,0.004803405784627336,0.009889364850703339,0.015414496348234946,0.009889364850703339
685,0.005148724020887243,0.009108994648668914,0.672236283430359,0.016043216590637673,0.01058920627907761,0.04257993948937863,0.011679278612986366,0.011295153364349454,0.014358245802139137,0.004033983344410518,0.007771894516754211,0.08369129405062527,0.007991853795530274,0.011001772757483236,0.00395858178657107,0.004217874015039215,0.005685479881383951,0.02025421863367409,0.009626551162797831,0.03786672942844869,0.010860724388797552
686,0.008285109270586495,0.011577909108896512,0.021501831202236373,0.013478759858118328,0.021001788616137856,0.0037628204603913657,0.02508546973594244,0.0054902834526335854,0.015594254331096409,0.02142574675321734,0.7148022049932776,0.019632106749867994,0.01204102547325237,0.012719393105548281,0.03238817376262791,0.006739379929059163,0.014061424264535575,0.0028976765417802097,0.008439971126111475,0.018061538209878557,0.011013133054803998
687,0.06756219744848797,0.01487035710885497,0.013067889580508914,0.019606759929130226,0.015971865042844226,0.6834801314889772,0.017601647190073233,0.022114890059322774,0.014374678538559806,0.005323955014281409,0.013910979230864326,0.019166238051413074,0.007499832280987725,0.016273220987048836,0.002810565070748949,0.018256451776021403,0.007371630019774259,0.007569711907818397,0.0077700965073296225,0.016273220987048836,0.009123681779903947
688,0.006772756999354543,0.01155352664595775,0.012671609869760117,0.004478324214251864,0.01510845792163706,0.0033619143493130747,0.018705709807741125,0.17062521729247493,0.6217019844415465,0.004070672600648327,0.01603346554949239,0.015845271722982692,0.0092428213167662,0.019609282962814913,0.0026270729685522786,0.0047904866580800445,0.00902363318858121,0.005652084977878613,0.006602015226261572,0.022446851769289344,0.019076839516615367
689,0.008356769762886178,0.019866876377386287,0.0016806009666821696,0.0015005365773947943,0.002411600925653901,0.00048585108873561427,0.002271082387408337,0.03913476960043376,0.002334168009280791,0.03911271672794818,0.0021546166239514997,0.004001430873052785,0.001424238107357771,0.0030010731547895886,0.0006804052496688946,0.02214499959834691,0.7110859831579638,0.13250500536335283,0.0016639613531506628,0.0021825986580287916,0.0020007154365263924
690,0.007295279211541566,0.013633800493700634,0.01890140522990315,0.016633236602314774,0.01934097279338927,0.06101823363462269,0.021324662310659968,0.02376176657473539,0.009187530103105931,0.005133715000714438,0.010259317045009302,0.025989432191116837,0.011088824401543181,0.017326288127411226,0.656201981264248,0.005200874896490292,0.011262414399338783,0.004863519474361045,0.029785850467839044,0.017694932555654016,0.014095963222300657
691,0.00464643839246011,0.01016408398350649,0.017581118241740957,0.0929904616654842,0.012754928920478734,0.00289111722197518,0.01711845723537935,0.060781834848336845,0.5145076083125313,0.003895217814038416,0.008910977738964595,0.009525920026423277,0.0055598408114907304,0.013275538264171742,0.1228991986693731,0.00442517942139058,0.007503882703815846,0.004196783064157519,0.007392061078913813,0.01711845723537935,0.061860894349988024
692,0.04867434566606338,0.0037951795483508037,0.281832835853062,0.11398190508954349,0.026097672635346274,0.2121201979447892,0.05401118382556469,0.006486306864454101,0.005405255720378417,0.004081943668605443,0.004633076331752929,0.09617085091893265,0.004404282438826858,0.01043906905413851,0.0015646792874779631,0.04716912683721846,0.014088124165983386,0.0015943783792460489,0.05353487183073687,0.004426300438836511,0.005488413500691932
693,0.020711173010373556,0.12253454073931533,0.0023045603970592845,0.007005613036031541,0.0032604739916121638,0.0006244615269450966,0.046904247279334975,0.12639747164838394,0.003510880197598695,0.11446493094484586,0.04774878358768866,0.008640256077772236,0.001274047224604656,0.0396984738708454,0.009077753470973482,0.02199008240475873,0.07611142722060334,0.34185361003359704,0.0013632610799505628,0.0024197884169122495,0.00210416384079326
694,0.11643104122252855,0.01900411271676672,0.0753377325557538,0.14565294960779065,0.007573996624155168,0.2359894270924525,0.010527272772492038,0.00492309780570086,0.0030368678651179317,0.04714513018438855,0.07590847295390343,0.021973505328761526,0.05649070778474964,0.15520679396651596,0.00047595289174759046,0.0053812666111252684,0.00293916286907514,0.0022898129328841202,0.0032820652038005726,0.008205163009501432,0.002225468000788376
695,0.0051782723162820295,0.021335565734346112,0.014384999214516895,0.6585474502577263,0.048946297861146966,0.022420343445495608,0.026841518181919308,0.034670294318312436,0.0067738384431356505,0.0061636078788111,0.015699755917726384,0.032003348601519176,0.010147403215115836,0.013207731168880929,0.005438477540127441,0.0065518666428306975,0.008000837150379794,0.00526727203988614,0.009349292849882005,0.03617769841910863,0.01289412880285068
696,0.006035930761763982,0.06357548397171389,0.011343387121246105,0.00832805636749714,0.010965274217204569,0.0022777546320264922,0.01778152575762903,0.013706592771505712,0.01731359086927037,0.01568763778770463,0.013998222404942001,0.027413185543011417,0.007740193565085577,0.014620365622939427,0.11369725945441467,0.005106290529590061,0.00967524195635697,0.0038474646376156375,0.5193415286773898,0.011343387121246105,0.10620162622984633
697,0.13507742567399925,0.07697878292671662,0.031686181834241704,0.043301003209921626,0.06686716313549536,0.07143791978254775,0.09927256457019461,0.005682441288700388,0.022835735130812974,0.03621277923913338,0.05096582556059098,0.03488477734259433,0.0006086296599810044,0.07510551541535615,0.010543068568996021,0.1063474071772996,0.05951237979831998,0.012858160744329968,0.011324029467953196,0.047733846378699846,0.0007643630941154155
698,0.1445758434407596,0.009852575997444359,0.0767733194606054,0.22820304699963034,0.006196961645026887,0.027710369992812255,0.0038034343497257636,0.006091636835179159,0.012524461013700456,0.005657685393598677,0.0061825567879430264,0.011029002982213832,0.3271424446678263,0.03410507076038431,0.0015514281078358907,0.07529640507319818,0.002515240973757799,0.004451465059086306,0.0038354750443720625,0.005597720335029497,0.006903855079869713
699,0.017689607502309926,0.013580238340297056,0.015277768132834183,0.008306359373191402,0.020370357510445584,0.005248803775697634,0.0295018970840936,0.05032676561404203,0.014500932465062958,0.0035725020497412497,0.012769477842368874,0.021388875385967857,0.004410662548357419,0.019896628266016615,0.004456015705409971,0.6756491133784318,0.04341180888740677,0.004945404713518581,0.009401703466359499,0.015555545735249351,0.009739532223197697
700,0.0533175779696101,0.07911269973208919,0.0021660392044833368,0.0022102440862074866,0.03683554273240132,0.007701236257106028,0.042974799854468206,0.10463426812670862,0.04512353984719161,0.05687841157209028,0.11818069959978761,0.048616953489445884,0.08427177200526466,0.06526797727897359,0.013710243983421756,0.019563857961096442,0.08515998951028987,0.07428875462647401,0.018866985301961653,0.037733970603923306,0.0033844362570052133
701,0.01312043510759363,0.014514435438395272,0.023929204371408417,0.006111853305051502,0.02459390449283643,0.6983960291065597,0.02270206568569517,0.027668142554440986,0.021594647847368576,0.005824872116724419,0.015532992311265117,0.02270206568569517,0.011498448853793653,0.01844542836962732,0.003210643752967682,0.00686341520730319,0.010540244782644183,0.007874383685555566,0.011649744233448837,0.020590245621909573,0.012636797469715532
702,0.0018660074846853908,0.01107472318844248,0.004031909029409505,0.00364172428462794,0.09218085288477439,0.00287435702155276,0.1670413648481097,0.18059441676276358,0.0050174867921540505,0.07601741498559927,0.05493606384042109,0.005250858270858891,0.0023277000582157966,0.011848954945973177,0.003080458012837889,0.001557151073427119,0.010071611704077204,0.03563801064519625,0.17802540837008093,0.12648070512096954,0.02644282067582312
703,0.048577414573633224,0.031435354061624426,0.08648728887901334,0.07335045024980005,0.033544884518875884,0.02576142780635412,0.11878977026756052,0.04726747860033366,0.0016165269018936917,0.05106751733749173,0.05754767578751435,0.060123371712142465,0.010230697917780328,0.05764124924407943,0.020282205392816697,0.04955015263633444,0.0569320188460796,0.0458486832611637,0.015096517659163656,0.10784860721660097,0.001000707129743714
704,0.025337362841391438,0.017217195954873216,0.15280831231653622,0.01539900069239738,0.01482090663141205,0.0013564897594851707,0.03412318739958479,0.00800328958096251,0.011881052400488937,0.0021630512380979745,0.0038850920295934502,0.3160941899244739,0.0035412785756471273,0.03189793000568029,0.006677697496516246,0.29917682486762637,0.03527439926158714,0.0024252392669583357,0.007851798155244378,0.0053578842008766255,0.004707817400566181
705,0.0063015483745023256,0.010300081990649157,0.016914682478927294,0.007838511392673626,0.01417848384263023,0.004710031510940436,0.024103422532471393,0.018191262288657657,0.015550595182239607,0.0044655112368079675,0.009360552439794717,0.03213789670996186,0.010479748927161477,0.017854387061089924,0.002901161615333391,0.005326723211595889,0.008927193530544962,0.004944291801532594,0.7625268732489252,0.019282738025977113,0.0037043025975831284
706,0.005329418385811427,0.017028141671738953,0.11086771167071477,0.5506055652292303,0.024934064590760606,0.002488333668973595,0.030354513414838996,0.020533935545332265,0.05440665322455253,0.0070520586721343126,0.020533935545332265,0.019947251672608492,0.012037134630022362,0.023271793618043237,0.0054972740830023376,0.00646438711612312,0.01837246864582361,0.006003911182639879,0.011445144402316346,0.03896736216533628,0.01385894086466446
707,0.005281788487591446,0.018069627381415203,0.3729091818320735,0.2988266076200689,0.018069627381415203,0.05901904922378147,0.023716385938107452,0.018069627381415203,0.009171855618560338,0.004803318671009104,0.020533064623375726,0.027103645302855958,0.005749426894086655,0.05978745287394697,0.0038782563197190963,0.006104424617760351,0.007440434804112143,0.0038844694730947615,0.0060232091271384,0.021081231944984406,0.01047731448348767
708,0.14527758761715534,0.008555548983912779,0.03877621596355607,0.013252713131943317,0.013252713131943317,0.0030093952768397475,0.024138870347468186,0.06659854493252715,0.01931109627797455,0.006967921337413498,0.01931109627797455,0.013793640198553253,0.007951627879165993,0.029386450857787363,0.0062008107314597185,0.004793534537085881,0.008344300860853202,0.5328191199443774,0.01090142531821144,0.01126480616215182,0.016092580231645462
709,0.0037746893667860047,0.025846592044982148,0.015969839628710014,0.015580422307489239,0.025950989396653776,0.0029658273596175743,0.049032505497098484,0.023954759443065025,0.010556334669825265,0.00213258413070075,0.03585172444949136,0.04152158303464605,0.4914554345341496,0.059508129778792225,0.002627948293332028,0.060924268916828055,0.034221839772312565,0.02222806915868465,0.006920263839107674,0.059539470960762446,0.009436723416965009
710,0.004869933837265962,0.04240636494232264,0.012217553311035662,0.009808458291958205,0.5498119932086151,0.0028658458383910806,0.02579261254551973,0.012843900201752152,0.017410013468225814,0.05470584698889233,0.014817032738915586,0.019897158249400932,0.012284767590382599,0.015475567527311834,0.005316034646786508,0.12447771868081987,0.008097680682895727,0.026373474006199663,0.014817032738915586,0.013704104664237347,0.012006905840155735
711,0.00726390974434907,0.6068341648799542,0.024837884932290364,0.013508323384228093,0.024837884932290364,0.003343609428206987,0.026550842513827635,0.024837884932290364,0.01604113401877086,0.007623509236643577,0.020262485076342138,0.04812340205631258,0.009166362296440491,0.030798977316040057,0.07297350732156803,0.008315534790453482,0.013050414116966124,0.007937880751556714,0.008104994030536857,0.005441061771584825,0.020146232469347186
712,0.006078540386486857,0.027471439396677434,0.024141567954655923,0.01244799597661946,0.014641958451602797,0.007376590208367088,0.01896837482151537,0.03186686970014582,0.027471439396677434,0.014365477894780333,0.021531668716314744,0.021531668716314744,0.03802379862609098,0.019431018109845013,0.005456655770572917,0.6286748920627284,0.007760482480878294,0.0068678598491693586,0.01896837482151537,0.025391657942727065,0.021531668716314744
713,0.005747245029000614,0.011068768204001182,0.01245236422950133,0.010867517873019341,0.020610809759174613,0.002741804967963596,0.4715000599600527,0.02867560370193378,0.01219823434726661,0.01185114229053409,0.014942837075401597,0.15658138938233704,0.005685596489402779,0.010130737000272267,0.050801075627004894,0.005483609935927192,0.009195592046400981,0.005108662248000546,0.00878990416200094,0.13166673211229102,0.013900313558513113
714,0.011748640020161471,0.019350701209677718,0.012900467473118479,0.013998379598490266,0.03132970672043059,0.006387610108048956,0.5179115967771535,0.028605384396914887,0.0263169536451617,0.006630985924395487,0.02122334971384008,0.03317891533603409,0.006407027492585194,0.012561626596249128,0.009218671549640577,0.012652381560173892,0.010121905248139112,0.012413657379793252,0.02436754967144602,0.1563575359333839,0.0263169536451617
715,0.0051328824162865695,0.027990400739796657,0.011178277262135194,0.010702605889278379,0.3966851044065853,0.0026899597689630144,0.01734560264814082,0.01108610578200627,0.019347018338310915,0.009231430087659571,0.01571945239987762,0.014794778729296583,0.005651937941529031,0.01796508845700299,0.0037821238856848407,0.05474394740616654,0.010479634933251747,0.003631128921868283,0.2013607723531205,0.14523864227558222,0.015243105357457085
716,0.0711589134985067,0.07219020209993436,0.11125220212499634,0.02535460756680621,0.007278776044395656,0.0036863081923370735,0.2901087627110923,0.026654843852283457,0.009525767222654215,0.0031646852366937627,0.006770954459902937,0.22944338412851048,0.002826709143454623,0.07545040477541526,0.002426258681465218,0.0029481646568379383,0.023828949954779216,0.011812942161807435,0.006329370473387527,0.01085562535341033,0.006932167661329197
717,0.008052578588804381,0.008036138048349323,0.007768266780071013,0.0674055883017263,0.008963384746235785,0.0014565500212633147,0.024962993625293594,0.018089125815430138,0.3684670256514525,0.09621153793081905,0.09073765642882835,0.008925802324502019,0.003728768054434086,0.05797175908834965,0.19316677750569247,0.002354020236385155,0.005370816080774026,0.010948681414602453,0.0041247434230465545,0.007768266780071013,0.005489519153868958
718,0.00743734704482112,0.09038442589192333,0.007890301679302304,0.004233820413284163,0.009383061456467605,0.0017445893160266401,0.00559956893369841,0.2150253397312228,0.005341127290604637,0.2740312303748076,0.06309785679369194,0.007232776539360446,0.04905443798710447,0.004017489890665971,0.004909935193217617,0.0024277851320930167,0.00327521956499341,0.224886137619435,0.004508743816744175,0.009919236396837183,0.00559956893369841
719,0.005704573593733748,0.0786694876290331,0.00904046671691131,0.00832867744685127,0.1378054204496252,0.0033050307328774888,0.07416590603301343,0.011898110638358958,0.011898110638358958,0.004842254329564694,0.014872638297948701,0.01823910308505291,0.0061240275344494645,0.016016687397790906,0.003897591974009864,0.003801949870390886,0.0071798943507338535,0.007906435942198824,0.23849114983856445,0.32805714013524573,0.009755343365286292
720,0.006902725667349875,0.014336430232188202,0.008874933000878412,0.012424906201229774,0.09990221688928996,0.0051770442505124055,0.011080974621553424,0.14915860346159254,0.01961827294931017,0.2943921964892063,0.24631806753712412,0.020708177002049622,0.03196016385117969,0.014909887441475728,0.003785135270692615,0.004659339825461167,0.005647684636922625,0.005734572092875281,0.013805451334699749,0.01774986600175682,0.012853351242651492
721,0.006654511437652399,0.021028256142981584,0.02628532017872698,0.12093796251252699,0.021028256142981584,0.010310363056933124,0.10424922646454608,0.06571330044681745,0.4137080695716008,0.008761773392908992,0.011846339162159112,0.015432142409611037,0.011428400077707382,0.04718061851197864,0.026068188805881912,0.008087790824223685,0.0175758639112438,0.010728702113766116,0.01812780701981171,0.022856800155414764,0.011990307660525825
722,0.03071186932536823,0.048885628331913906,0.4959123523246587,0.07216347979541718,0.02861299892607925,0.01708683857834168,0.03147429881868718,0.03497144313187464,0.029975522684463976,0.009537666308693082,0.03313084086177597,0.00648625234457548,0.01165714771062488,0.03313084086177597,0.006171431140919053,0.007405717369102862,0.01573714940934359,0.009707682677752275,0.019671436761679484,0.034255107215702976,0.02331429542124976
723,0.011412227402374645,0.013708459452751403,0.015052426065766246,0.007802953542628763,0.021933535124402243,0.6042759807194821,0.05117824862360523,0.022578639098649364,0.033377118667568643,0.01112570622252288,0.025589124311802613,0.011457816856031025,0.013957704170074152,0.03070694917416314,0.005189960504205547,0.006141389834832629,0.009969788692910111,0.013555547284716682,0.05626947206019496,0.015993202694876637,0.018723749496440935
724,0.007499969881281409,0.014473626086683419,0.016176405626293234,0.016176405626293234,0.024264608439439853,0.05334817693580867,0.0152777164248325,0.014207099197783572,0.006753488108993211,0.007432402585053648,0.021710439130025128,0.01718743097793656,0.0058510403329145744,0.0152777164248325,0.6528492114169525,0.00570521384196416,0.008249966869409549,0.008967355292836467,0.014732083695374196,0.016836667080427654,0.05702297602486384
725,0.0683221386818042,0.10105263580686051,0.019459381702329942,0.03121609148082094,0.07800271917897268,0.0489782742846779,0.04459441640117277,0.004995792997112521,0.018523834505102532,0.001537167076034622,0.011891844373646071,0.0675957469659882,0.03607405732269538,0.015436528754252114,0.009604951224867982,0.1416811060108715,0.05650041911781521,0.01656364037757846,0.14127511115891536,0.08169834958136853,0.004995792997112521
726,0.0027861988218506988,0.00747516757081895,0.012259274816143076,0.006662649356599498,0.006834382512015828,0.0029755521398405526,0.00747516757081895,0.24176249316785453,0.011787764246291419,0.3349870526795429,0.213785696636516,0.007351758396331913,0.002321832351542249,0.008065312379041498,0.0027861988218506988,0.0021250907914029046,0.001444061388238073,0.10005822207816077,0.012259274816143076,0.009014172658928734,0.0057826768000674884
727,0.05165063452349141,0.02942924988083226,0.00995368034718194,0.0070873576614229866,0.01758483528002143,0.014047195712968003,0.00995368034718194,0.25683708986908155,0.013526796369247251,0.00686925742764208,0.003817281372551673,0.018840894942880104,0.0047958641672785724,0.010550901168012859,0.004027061514508725,0.0054952610250066985,0.07847799968221937,0.4159329393642725,0.011723223520014288,0.01388276469475376,0.015516031129430676
728,0.16454601545021227,0.012731941947990474,0.010338016671690632,0.01718812162978714,0.018242508838367255,0.004220320057608062,0.011270899429368616,0.003980049853118448,0.02546388389598095,0.005785102118510723,0.03618551922060451,0.016369639647416324,0.005729373876595715,0.027500994607659424,0.010417043411992209,0.0054135816156809895,0.007902584657373398,0.5423330580054669,0.03618551922060451,0.01527833033758857,0.02291749550638286
729,0.0178731754213359,0.026213990617959322,0.029126656242177026,0.017475993745306215,0.04625998344345763,0.009362139506414045,0.01784641750972115,0.02312999172172881,0.01966049296346949,0.018055102433849467,0.0178731754213359,0.024575616204336865,0.6195667706365525,0.015123456125745763,0.0052779846881797305,0.0037127601813925102,0.008004749242672514,0.009362139506414045,0.03419216167559911,0.022469134815393706,0.014838107896958108
730,0.006814519213478673,0.5096681981746766,0.02023060391501481,0.01961755531152952,0.020988932718172044,0.004634476758447146,0.018496552150870687,0.014386207228454979,0.01961755531152952,0.007992337349141653,0.024899204818479768,0.016184483132011845,0.006346856130200725,0.024899204818479768,0.14067557395621835,0.0044956897588921815,0.011560345094294176,0.007706896729529451,0.01221470425057498,0.08990701446221518,0.01866308871778814
731,0.00654211807888016,0.003493017973765633,0.07327172248345777,0.018317930620864446,0.02220355226771448,0.0049844709172420275,0.010067504638083124,0.019282032232488894,0.02616847231552064,0.007288219491202284,0.018317930620864446,0.06661065680314344,0.008748523230308962,0.021550506612781704,0.5773722740094507,0.01751353674154939,0.012854688154992595,0.007045357931101709,0.011630432140231397,0.04310101322556341,0.023636039510792836
732,0.06075248190910056,0.02105625793440417,0.06647300447809633,0.08174782492180442,0.00451538545339884,0.0658826914925357,0.08156422338090134,0.003581167773385287,0.03705901396455135,0.030310691067466828,0.05678397301019964,0.049748139542051394,0.06698231262071792,0.2176048332868,0.011477976110970477,0.06414060109249269,0.006345721569272487,0.009650784886601909,0.0068627803638058055,0.05135108423390331,0.006109050907539607
733,0.013201744685868657,0.028603780152715415,0.019069186768476944,0.24333024394329827,0.01775407043961647,0.008581134045814627,0.009582686422452066,0.010954639207422926,0.07791267377362465,0.004878753045192717,0.013549159019707303,0.02145283511453656,0.004832957224095616,0.40540153424033465,0.003906413510681588,0.05892612745065628,0.0066008723429343275,0.009194072191944243,0.015602061901481138,0.016089626335902423,0.01057542818324319
734,0.022776266337106568,0.010827990122102433,0.5649241921711915,0.11672043734071941,0.010209247829410864,0.1510420144199621,0.014527726078736855,0.010509519824393538,0.015205262724654481,0.0034524026476268625,0.010666378329235232,0.00758054630112954,0.003970263044770892,0.009925657611927229,0.003469161883780391,0.004357605780846102,0.004894844849717537,0.004087338590498308,0.009925657611927229,0.01041796667586933,0.010509519824393538
735,0.004457442624235367,0.01248932025649991,0.02191819164950674,0.5523151274026554,0.012716398806618089,0.0019265063699774657,0.009580848415945135,0.01520438987747815,0.09593521263226018,0.00439875430417607,0.01626516126427895,0.010596999005515074,0.0056861945883251615,0.023313397812133162,0.004995728102599964,0.004662679562426633,0.006598131456264102,0.00481618874803679,0.016652427008666548,0.017058583764975484,0.1584123163474257
736,0.09621453489987868,0.3412242613484265,0.012359304391153448,0.006674024371222863,0.012834662252351659,0.0025280395345541147,0.009269478293365089,0.011506938571073903,0.008139054111247395,0.2626260539037262,0.042190678560785275,0.009814741722386564,0.03229292783898933,0.00424084755800328,0.007941335732007384,0.0025868311516367686,0.008155170338260267,0.10754796891450383,0.005655952856968528,0.008781611014766925,0.007415582634692071
737,0.01333520959872035,0.026114785464160684,0.03481971395221425,0.03481971395221425,0.03323177779014529,0.007551263266745257,0.03917217819624102,0.4916878196312864,0.029845469101897924,0.011159217452908321,0.031964330624251205,0.025210572011774655,0.01333520959872035,0.029845469101897924,0.009354550017012783,0.018495787641530044,0.006598018679958397,0.08059689462244839,0.02089182837132855,0.02238410182642344,0.01958608909812051
738,0.00723097911310522,0.06284600827648106,0.006834435558772916,0.020521981365871505,0.026890872134590255,0.6147474658920382,0.016952941128328635,0.02785126042511133,0.025994509730103914,0.007356936716067145,0.02515597715816507,0.021076629510895062,0.01083104572087663,0.020521981365871505,0.007154452219294655,0.014239506375864278,0.013217547320391819,0.007054824263131981,0.016952941128328635,0.023631372481912643,0.022936332114797568
739,0.021599103353861317,0.036448486909640976,0.036448486909640976,0.027770275740678835,0.0448596761964812,0.03212448535195939,0.019439193018475187,0.03069346266075029,0.02535546915453285,0.005289389983993126,0.048597982546187975,0.027770275740678835,0.0040866814381919,0.06664641748522933,0.4600365064786564,0.011901546746005215,0.011214919049120298,0.019439193018475187,0.019439193018475187,0.04165541361101825,0.009183841587947307
740,0.5430539819166241,0.015666579931044734,0.03790232079702953,0.01188499167182704,0.019695129056170522,0.04298671186623545,0.019148042137943563,0.03133315986208947,0.02297765056553228,0.006100261212088216,0.019148042137943563,0.020274397557822597,0.004362845044088407,0.018140250446472852,0.004565096138847471,0.09868604402550106,0.004160398811370119,0.026991078980351597,0.012093500297648566,0.01325633686473016,0.027573180678638735
741,0.005460642389154516,0.11239565503418418,0.01778209188263137,0.01733753958556559,0.02667313782394706,0.004232584952561695,0.04129815255774845,0.02667313782394706,0.030152242757505377,0.004606615374096253,0.02311671944742079,0.019263932872850654,0.004541700034882982,0.01651194246244342,0.5470022919207869,0.03641313329237811,0.008457336383202726,0.00648132320955723,0.012383956846832564,0.02476791369366513,0.014447949654637991
742,0.029574099025305996,0.2956182411119777,0.0077663256384842535,0.014209183849562981,0.007526158417327044,0.017971092924292588,0.008069413050369102,0.0036257359421206087,0.013339233817957081,0.004759440428153215,0.010893707617998285,0.013072449141597942,0.004951685280908312,0.011269352708274087,0.0029710111685449874,0.003268112285399486,0.006850333573004829,0.5166640549636128,0.008170280713498715,0.00871496609439863,0.010715122247211427
743,0.11172477999532883,0.048807973089615424,0.01276627687233882,0.008105572617357979,0.01215835892603697,0.006197837852649579,0.09590338571994612,0.016565130260717965,0.015957846090423524,0.003674998374020192,0.06699133561319767,0.02316310587303783,0.05056684883624977,0.015019149261575084,0.007854156589133516,0.4027558772689997,0.039450208879591615,0.004220256817302089,0.009634925941387788,0.03796175684747868,0.010520218273610773
744,0.008613781921010397,0.020791887395542337,0.024118589378829113,0.02740748793048763,0.020791887395542337,0.006699608160785865,0.009725237652753675,0.021534454802525995,0.02233202720261955,0.08023988505112577,0.01674902040196466,0.020098824482357593,0.4742482203697328,0.09048741985252903,0.008632780398234178,0.06978996075336388,0.007830710837282179,0.011376693103221282,0.02233202720261955,0.01674902040196466,0.019450475305507347
745,0.006911245974167024,0.013368255509468385,0.05347302203787355,0.008393169754520173,0.021389208815149417,0.5049716071871028,0.02789896801976011,0.03208381322272412,0.023765787572388244,0.008478753099836693,0.021389208815149417,0.01645323755011494,0.007129736271716474,0.01734260174201304,0.10323935584449828,0.0158976620621938,0.016832818654087554,0.008653579096034952,0.03642876606010273,0.03377243497128856,0.022126767739809743
746,0.0517985261617728,0.09125077975736952,0.001374940953483023,0.003109246471373499,0.1962382360373538,0.021407807567711327,0.07849529441494153,0.027171448066710527,0.05887147081120615,0.040474136182704214,0.03237930894616338,0.06672100025270028,0.0025949093949910016,0.020477033325636915,0.07569189104297933,0.08319650495546205,0.022232525364039062,0.04677436435695769,0.02119372949203421,0.05507331140403156,0.0034735350403781624
747,0.005127294629714569,0.005816359154709678,0.007088687719802421,0.003573640861785746,0.010801809858746547,0.3576597518190362,0.0947073157735851,0.015270133246512859,0.017681385558846918,0.009521377200766843,0.06225515862039859,0.11436001963964526,0.004362269366032259,0.11901721500958555,0.02796648082795393,0.02500698787280056,0.020489039545953963,0.04004786956786711,0.009073520281347098,0.009073520281347098,0.04110016316356156
748,0.004584174621990021,0.006141053681054837,0.008877290537821948,0.010966064782015344,0.1626817015935948,0.002963508661871281,0.01662968505178969,0.019564335355046692,0.0223707721553113,0.056065586073602396,0.019564335355046692,0.011185386077655653,0.004236888665778656,0.008604143136658195,0.024874389697511406,0.00509457799336027,0.005377589460411371,0.004269231327349485,0.44160638666666974,0.16140576667913523,0.0029371324263249344
749,0.07223354259553844,0.05277998772340545,0.00278531070969578,0.0027737356382678195,0.004692093365180276,0.060320139379230565,0.04088111134130474,0.011732338618556454,0.1970679213375716,0.04014612537452715,0.03049860687367179,0.08195415890667458,0.030218803140885805,0.12294750895948943,0.09250720522347897,0.08060727781300002,0.0394378537159549,0.01689153611464899,0.004105128744636373,0.008577733183220193,0.006841881241060621
750,0.04203751999509421,0.06566191139729592,0.011055321816891662,0.006431371424045336,0.014179340871230522,0.01105532181689166,0.0914576623033765,0.1363793629276028,0.012897875453040272,0.07328997836788392,0.0748908897273306,0.07222810253702552,0.0013672994366080633,0.040730133009600863,0.0060106604053003195,0.04805302579368824,0.11162374947420012,0.15434289164959772,0.01407040958513484,0.0064489377265201375,0.0057882342816408024
751,0.03205525680088314,0.02575868850070966,0.01602762840044157,0.007093923082891156,0.02003453550055196,0.02803184731410645,0.09391188515883733,0.046747249501287905,0.1535981055042317,0.05968071457892227,0.13434923806252494,0.012653390842453873,0.016735184167360327,0.03660651405047862,0.10586481756520315,0.04006907100110392,0.08184320885331865,0.04371171381938611,0.0034576060257721034,0.03278378536453957,0.008985635904995463
752,0.08777253676255711,0.004465388936884576,0.23626275633148316,0.13696628158795923,0.004050003919499964,0.03919790142953197,0.028765486461630723,0.014793678751695807,0.002451534572495608,0.001872582457403209,0.03198045259557769,0.03106672537856118,0.01991456755035973,0.053123236201761556,0.002025001959749982,0.06187017342340575,0.055641896200408075,0.01904984647640951,0.010021524315664901,0.15533362689280594,0.003374797794154459
753,0.03323968758287665,0.08763464910598495,0.020970158231858483,0.017475131859882066,0.017475131859882066,0.005719134063234131,0.013106348894911555,0.003004019611291203,0.014978684451327488,0.011069639887071782,0.04006155387702169,0.0889287017210053,0.08029007414630658,0.01649593394936187,0.003495026371976414,0.10438657125010632,0.24739064007904774,0.14956313447421427,0.011234013338495616,0.014978684451327488,0.01850308079281631
754,0.3100413645369744,0.024271121964045114,0.013753120264083008,0.032889238413106474,0.015786834438291104,0.22750354579247606,0.015786834438291104,0.01973354304786388,0.030359296996713664,0.005803983249371729,0.018793850521775127,0.01973354304786388,0.004881869505983949,0.015179648498356832,0.0069240501922329415,0.15661902340808798,0.002472849313254926,0.0030379569160091115,0.021926158942070978,0.02631139073048518,0.02819077578266269
755,0.09180479031753153,0.19760987571520658,0.008098283687887864,0.006437097290372402,0.008368226477484126,0.36958467893775576,0.006606494587487467,0.00760747861589466,0.006606494587487467,0.0027287695035274327,0.018162461219576508,0.010041871772980951,0.004564487169536796,0.005977304626774374,0.017598560368153177,0.12366224266222796,0.07127390084651994,0.030154342665835353,0.0033236573805665785,0.002551880986014378,0.007237100581178641
756,0.02301733784525607,0.09206935138102428,0.025809099279633773,0.012904549639816887,0.044949983194594825,0.025109823103915706,0.07552740303115765,0.015541123797903048,0.01548545956778026,0.24355136845211434,0.1578331737960416,0.01821818772680031,0.02309412137430591,0.013465617015461095,0.003724126350004732,0.03249506519330267,0.02239524763322212,0.08439690543260558,0.014748056731219301,0.04419328866289165,0.011470710790948344
757,0.34553183209752497,0.0162606824061457,0.01829326770691391,0.00913378570761116,0.017561536998637356,0.24309987806658875,0.01125739551194702,0.010975960624148347,0.029269228331062262,0.006754437307168213,0.017561536998637356,0.014634614165531128,0.0031620852899904546,0.019956292043906084,0.004621457104904567,0.1555458703683714,0.0025732837245382827,0.02919160819451079,0.013719950780185433,0.014634614165531128,0.0162606824061457
758,0.00600596067830049,0.013448129344890224,0.015088145118657326,0.20228820416798954,0.0193316859332797,0.011636160777228913,0.01586189615038334,0.08128200542917254,0.4879985317149151,0.005623763180590459,0.01671929594229596,0.009335667872618946,0.006124890592722282,0.010192999923930992,0.025219421285435372,0.0053328788781461245,0.017840231488474318,0.008474163696780142,0.012129685291469613,0.013448129344890224,0.0166181531878284
759,0.025129664945065817,0.01329426413946902,0.014243854435145378,0.024926745261504415,0.011078553449557516,0.009649062681872676,0.009970698104601765,0.017595349596356058,0.024926745261504415,0.10600530815152291,0.011964837725522119,0.07787169339867987,0.05013028792500064,0.014243854435145378,0.004944147820463685,0.4714762287404139,0.05855330495950905,0.007121927217572689,0.01994139620920353,0.014243854435145378,0.012688221106743763
760,0.006235453022133718,0.01712924155993178,0.01602396573491801,0.01913150359063754,0.012906558825348143,0.00772280878888121,0.09445384125863095,0.013577196096581482,0.014768178210316696,0.004251445242363898,0.01315290871856331,0.01315290871856331,0.004837851482689952,0.016188195345924073,0.004980983183361253,0.016796940113247227,0.006525474092930634,0.007194753487077366,0.013577196096581482,0.6648124038607656,0.032580192570552405
761,0.5200748543599345,0.013164320583529548,0.00914188929411774,0.009161522134067462,0.011156203884347075,0.25560175262900603,0.009824119838454885,0.01935929497577875,0.011753857663865667,0.004113850182352984,0.009016657933924347,0.008227700364705966,0.004363505233272512,0.017321474452012563,0.0038947694034111085,0.0396040597908095,0.018791785429740724,0.0032580484048566932,0.012658000561086102,0.009539362741688078,0.009972970139037534
762,0.003962097265749079,0.048199786000288306,0.00959244601181356,0.013146174720454004,0.011045846922694402,0.004993328060944045,0.27921270305980955,0.00700986439324837,0.01895417196392723,0.04974660844615694,0.015492788357235531,0.0899900259899,0.00196787999316124,0.2876635881918772,0.07172660146323719,0.0032545798968653147,0.005333582877081084,0.0046140879550495605,0.00847704531276547,0.009851701309430142,0.055765091808311816
763,0.007516006161949564,0.01477283969762501,0.014280411707704176,0.02520072654300737,0.02012506901611286,0.00726122629205297,0.016477398124274047,0.09056321664429841,0.03173966627867019,0.06292123248100384,0.3373575552326207,0.013819753265520169,0.007140205853852086,0.026370780090078927,0.01027641607128048,0.0057121646830816716,0.059449617561908065,0.12394767431302967,0.010449081737344518,0.10334494900166064,0.011274009242924349
764,0.013753960658493956,0.011026523413116555,0.024333930395796996,0.022595792510382927,0.024333930395796996,0.013086871135634283,0.017574505285853387,0.026361757928780087,0.022595792510382927,0.007146233434767146,0.017099518656506,0.03329906264688011,0.007715636466960025,0.027507921316987913,0.10054858986565468,0.00921080838523795,0.012911881434504531,0.008549759328253,0.49866706307383235,0.01977131844658506,0.08190914270959325
765,0.02777035522299326,0.008063426765894142,0.007295481359618508,0.004653552130712559,0.011785008350152977,0.00209870011715053,0.1075147781066894,0.010213673903465913,0.1225042977398518,0.06314159911295898,0.14292994016869257,0.05608844920778126,0.0011443679691366048,0.24179469264858186,0.013500081328078142,0.062039009470371505,0.03662024864570539,0.006588703370793581,0.011888312603823198,0.03505528075486329,0.027310041022684483
766,0.005739235398933418,0.048404494779683706,0.01064708982818872,0.01197797605671231,0.0037331502525773967,0.0038329523381479386,0.028817151024590315,0.11925319931006455,0.013689115493385496,0.37892778592117243,0.18911884338600785,0.009213827735932545,0.0007003073635854228,0.007605064162991941,0.0076772439817373965,0.002618136842997226,0.026723314826283723,0.10599008518383124,0.006563274551623184,0.008120661733364277,0.01064708982818872
767,0.0023205250976589755,0.00671730949322335,0.004254296012374788,0.004254296012374788,0.2416727013971969,0.0015376973538704054,0.053227964555351295,0.09021170691997943,0.006381444018562181,0.10044520827797881,0.4024577875659509,0.023580071776827156,0.012314374944810908,0.004254296012374788,0.0014027745926859644,0.00157566518976844,0.0020585303285684453,0.008547776019099843,0.0029006563720737188,0.025326743760295835,0.004558174298972987
