site,A,C,D,E,F,G,H,I,K,L,M,N,P,Q,R,S,T,V,W,Y,*
677,0.25100094035944254,0.011870429955055183,0.0037239565069579956,0.004432376433062644,0.006373694790755031,0.4075783234721691,0.006253436398476635,0.004803364190134226,0.005345679501923574,0.001744379626943482,0.004946748195809875,0.005814598756478274,0.0031868473953775146,0.011587800670411015,0.008464132663604566,0.2302892192411167,0.015826094406191104,0.0011765170545982651,0.0038538619665030418,0.006628642582385232,0.005098955832604025
678,0.056834837851951,0.021410384122310312,0.09411293623676319,0.11200972825565428,0.028073056104427865,0.12215678440996178,0.0752237726547581,0.0084626024198855,0.008247451510905359,0.019721714097060403,0.03577938523113354,0.12372391410709714,0.0008789788972913363,0.024431917287800052,0.003988077111554479,0.08068930725036393,0.08992854090498575,0.05202637651218916,0.010552763258531914,0.030194085223038725,0.0015533865523362723
679,0.4575509375914439,0.007656666500661293,0.028194228531214782,0.008401064632670029,0.013149492468527004,0.0021602737626865796,0.010428907819866242,0.012601596949005044,0.012869716033026429,0.0051260733351884925,0.011412767048155512,0.016348017663574112,0.0052805406375015474,0.013441703412272046,0.0036438352623629046,0.3544954330114294,0.002741079698604877,0.002249750181480787,0.008766328312351336,0.012869716033026429,0.010611871114951616
680,0.00845718494810176,0.014271499599921722,0.015480948718559156,0.022834399359874753,0.004759044481426506,0.005046276101629781,0.011796924979017296,0.05319638665211962,0.019855999443369354,0.6925093253061012,0.014731870554757906,0.016310285257053397,0.014570828652392344,0.016024139901666495,0.004463113999034892,0.00470812357935562,0.00951433306661448,0.020552902740145186,0.014973376629426069,0.01691436989620352,0.019028666133228962
681,0.05126959188852704,0.03542638589071608,0.004297796629779672,0.0038884826650387515,0.007735786497228324,0.009096539598499686,0.026645486823786445,0.03689375098678124,0.1382004763311486,0.0010559241719717298,0.002311620804739827,0.01998411511783984,0.0018990264178096225,0.1097432762403408,0.18579840324173003,0.05433185345202575,0.12257047300506729,0.05894755744256667,0.01661378373513449,0.11095657946024508,0.0023330895990232507
682,0.004026934243904858,0.005089201267160996,0.005920393391701182,0.010044712383672792,0.6831932211484968,0.0029310800070389467,0.01354514245677089,0.006818647884061009,0.011036782742554057,0.08322236505933961,0.007981958947739986,0.009216282496359572,0.006546709336713775,0.013146755913924685,0.0026846228292699056,0.04402655324061215,0.004780638514154432,0.00249409056576447,0.06251457385939566,0.011839539689895382,0.008939794021468784
683,0.003803018448780862,0.005385074123473699,0.008414178317927656,0.006599355543472671,0.005934080786977856,0.0025305799452414,0.01641790891302957,0.13940535290323755,0.007827142621328052,0.51271250846552,0.14347025355824825,0.011409055346342583,0.007919226652167205,0.0071610028237682165,0.002521102117731133,0.0658772416723447,0.005656590465833718,0.02641128480359248,0.004431944970337596,0.008520686904230535,0.007592410616414354
684,0.00639645075932252,0.01259301243241621,0.17122768209926656,0.009828692630178505,0.015499092224512255,0.004219648144893389,0.0451277123525651,0.017910062126103053,0.008355124063622413,0.004333079546637835,0.010332728149674836,0.6179887357902076,0.007326843597042158,0.014392014208475667,0.004713174243711329,0.003601301862548719,0.007918553963899774,0.004914346315089252,0.008059527956746375,0.013581742233453747,0.011680475299632426
685,0.006073794788096628,0.012922348059020764,0.8006064043912542,0.010206352557736022,0.013956135903742421,0.0017008316633388492,0.018581040369970776,0.01610323373508741,0.014537641566398356,0.0047149107782913586,0.011502309810776724,0.007623105480015923,0.00887042536254815,0.015622540190756441,0.004057016251087914,0.0051365374978786646,0.007811270095378222,0.004315355950669887,0.008722584939839014,0.01667429597300751,0.010261864635104723
686,0.007171391356001896,0.013062177112717739,0.012611757212279195,0.010601187221915845,0.012611757212279195,0.0031394073747304436,0.017011207402609148,0.12872299845689708,0.012304661042852725,0.03084690618892412,0.5577582577726082,0.018287047957804836,0.007033479983771089,0.010020300250851964,0.002909083530196926,0.004109448979281985,0.0025878128222435346,0.11150637139182874,0.007619603315752014,0.018287047957804836,0.011798095456648278
687,0.047399145172949325,0.014029037806884076,0.012645893234374381,0.005599917634427076,0.021377581420013832,0.6802395050405906,0.017266508070011174,0.01795716839281162,0.01694072489887889,0.00433748028811875,0.011813926574218172,0.02494051165668281,0.006906603228004472,0.013012440864356245,0.006381753232799084,0.04432306104783794,0.008802533525888051,0.00608487549944034,0.007807464518613749,0.01795716839281162,0.014176699500287665
688,0.00598083881984565,0.01284121276025684,0.015592901208883304,0.07048792478941966,0.02494864193421329,0.0040698146077229325,0.0174640493539493,0.016685264271965424,0.6634564789019565,0.004477961372807512,0.013860356630118495,0.06302771999991011,0.009289387954228352,0.013933896144319897,0.0033537456266933036,0.00628203214170838,0.007962271866698824,0.005821349784649766,0.009002087295850154,0.018578775908456704,0.012883288626345602
689,0.022681059672236457,0.01520468460029299,0.00367814144018593,0.0035643844884276034,0.003544282058783712,0.0009619384959529748,0.007683228786166166,0.0860962360449189,0.004736236922979144,0.015205411083532573,0.004376522726297184,0.0052385650814769326,0.002452094293457287,0.005319158390422731,0.0012046874403396429,0.01062735808449798,0.5330117042163859,0.26213413407150443,0.0032617480695988446,0.0048020179913538545,0.00421640604118875
690,0.008287176109834836,0.015500088649876271,0.0181957562411591,0.011788799818215755,0.01609624590564074,0.06824246887895193,0.0363915124823182,0.026156399596666206,0.007280905428730856,0.005012004713133644,0.024471536993896682,0.027900159569777285,0.010462559838666483,0.019465227606821362,0.6341361221037988,0.004854413513962431,0.008925719798364408,0.00523127991933324,0.011806724384931485,0.025363781427070263,0.014431117018850319
691,0.006734916533211885,0.016765643284804052,0.014867645931807368,0.1345675527906989,0.016416359049703972,0.0035655440469945275,0.01790875532694979,0.014327004261559828,0.5988640087622642,0.004282528447748861,0.011588018152732214,0.06517793031236577,0.007879852343857907,0.014867645931807368,0.01992461406780281,0.004635207261092886,0.009210051454024667,0.004581309502242968,0.006912151178822724,0.014327004261559828,0.012596257097947563
692,0.04438714581556396,0.00852463853531254,0.420322129349456,0.028140959600382046,0.029569067369571437,0.14422661525356809,0.07056566743567154,0.009083631226152708,0.012593216018075344,0.0030114212217136694,0.00955347422060888,0.09308496946585869,0.006089027525223243,0.04840174718233419,0.0022896756396500626,0.03613997122947621,0.00426231926765627,0.0027268345625290325,0.01042499170081044,0.008798250833972747,0.00780424654641289
693,0.022829641713886985,0.14327889608295039,0.0034124070471499295,0.005107982035042793,0.002334804821734162,0.0007604792847934127,0.15919877342550046,0.08050804787895338,0.02903736825836028,0.13253869175137356,0.039076062568077385,0.014472615765954584,0.0024534901547895887,0.03447887873653886,0.002553991017521397,0.04229137666445433,0.1008004690855645,0.17546551511285435,0.0028931277138879836,0.0034124070471499295,0.003094973833461563
694,0.12733792906959124,0.04872059894836534,0.04429145358942302,0.004785278914345433,0.011310659252089203,0.213351642453626,0.01751190132283021,0.0067252568525935814,0.004233591307891809,0.08443699492391794,0.02706699941575852,0.09570117650571763,0.04729731617441978,0.18871148829439285,0.0005776239712388934,0.020300249561818896,0.010150124780909446,0.0036358655931615913,0.0040134597346122985,0.009216092723924537,0.03062429660937166
695,0.006610033390245534,0.01690602144945393,0.020467711402221152,0.6827159645474434,0.02715209505518358,0.0016511041962741799,0.03200068345789493,0.04072814258277538,0.018024268129742994,0.0035697973578528216,0.014688838308541938,0.034462274493117624,0.008699214920592798,0.01244471023362581,0.004618655344438445,0.007111262990643319,0.011946921824280778,0.004713319544772543,0.010927062644159248,0.02800059802565807,0.012561320101081427
696,0.0064831983972297134,0.011559480878959933,0.02186194808368159,0.012877585857511075,0.017737052218836008,0.006417492884908797,0.026858964788523104,0.028486780836312377,0.017737052218836008,0.005069839772950874,0.01541088143603784,0.030324637664461564,0.01342948239426155,0.01843262289408448,0.0029613640263860537,0.006725565400348466,0.011059573736450685,0.005767262377903731,0.7124031282716022,0.024104199169187396,0.004291886691526515
697,0.10304901176249845,0.06052084817797528,0.004643118871784718,0.017507129308675828,0.03242188295248677,0.08088406589199328,0.08085207061276387,0.002207115780367561,0.10542216980706737,0.012015168388274506,0.0347672957618156,0.08148328267913262,0.00240161320954382,0.020766075828545068,0.0575237086786114,0.14633399111689543,0.03387999331507493,0.025139429243158967,0.005237381092324784,0.08936281488779164,0.003581832633218121
698,0.24271697859642877,0.038335248760352825,0.030249996294532962,0.17262226146336743,0.005359609116309586,0.015170970786011971,0.00786654006945801,0.006756832237257544,0.005611606434332538,0.00111322797679347,0.008759651436640816,0.010289114385895562,0.25078385030495126,0.13970133756711653,0.011743010983902546,0.03481555245630663,0.0019643340171872515,0.001881163520600112,0.0035221785066555287,0.004244676661866919,0.006491858424031759
699,0.029709980732925904,0.016810661238923982,0.01460598435513067,0.007615085860367274,0.01781930091325942,0.004977458355659057,0.019368805340499375,0.03072293260906797,0.014370403962305985,0.0033880840210202758,0.01895670309921215,0.03299870539492486,0.003193165883836515,0.02072011734099933,0.004388990372723996,0.6747544294544773,0.03586911435292453,0.005466043224926203,0.00840533061946199,0.016810661238923982,0.019048041628429165
700,0.04803390871055005,0.03256635710881201,0.002174696055041574,0.0015657811596299332,0.07236968246402671,0.02455030918539798,0.06724385861603444,0.07836950544971792,0.04159736370201199,0.0675708372097276,0.05670377473063739,0.05134093239133571,0.06337222727882316,0.16091611747883586,0.024283116319743836,0.02755735449189548,0.059043182227901156,0.05925799881760303,0.014992184858276632,0.044118416047588475,0.0023723956964089897
701,0.025428197545732226,0.017312971653009646,0.01808243705981008,0.003662286159969826,0.019374039706939374,0.6150013690135963,0.015353012597951953,0.015068697549841732,0.014275608205113222,0.00496164431519179,0.011146707776595254,0.017312971653009646,0.010996076590425048,0.020342741692286337,0.014151444854515142,0.0545067362139657,0.009461740321993647,0.0045861966509952385,0.010849462235886047,0.015353012597951953,0.08277264560521966
702,0.0020585387607156727,0.06349206946394262,0.004483039967780799,0.0031521374773458735,0.1563279573836529,0.0009777637904185726,0.033611386133999284,0.07356609759230724,0.005172738424362461,0.03283481781711529,0.04177184286364814,0.00480325710833657,0.001785281403098548,0.004292272309577361,0.010984860996342652,0.0065977487427740815,0.0025863692121812294,0.03917993919389796,0.1527608166274737,0.3585583066860515,0.0010027580449776016
703,0.051978370531824566,0.09135813810314573,0.0642659044479875,0.055121248750027926,0.0505754940953255,0.04125392749489636,0.05671498375875255,0.06495076970759055,0.001926754194073301,0.06250056399851035,0.020913650261040008,0.06905618781627594,0.002788486701472001,0.1000218055962783,0.03147718236092159,0.05369038269369847,0.05708954433530143,0.053478120060418764,0.033938818406073684,0.0357498295060513,0.001149837180334067
704,0.022896556387293605,0.04471815707565325,0.10686052001850949,0.03253062656118217,0.019843682202321127,0.0014825158344466908,0.03539168630545966,0.007522395159970247,0.0039784167012037255,0.003988679839662537,0.004463838886136189,0.30524952814462214,0.00379634895923732,0.020527947105849438,0.018799277875883168,0.2903206512710096,0.022323392408846947,0.0152643709248624,0.02747586766475233,0.008197698322147475,0.004367842350950466
705,0.0071567344893023604,0.01705247698346749,0.014839699455759303,0.008851750552558183,0.0150611875073378,0.0027013780353361545,0.02655525165767455,0.019405760826762167,0.016017453380819568,0.004145427332881978,0.011733715848739916,0.02461218446321056,0.011733715848739916,0.013454660839888437,0.0025884536744669407,0.004312391294836037,0.008699134163720973,0.004484886946629478,0.7658708415634092,0.017103382423586996,0.0036195127108720445
706,0.019633490921222803,0.029171463147226268,0.017956160103347867,0.5960318378321333,0.02250370014214598,0.040566363199872855,0.037506166903576624,0.018316965231979287,0.010268416056487368,0.007721857891912835,0.01640894802031478,0.02715963810258997,0.010097814166347556,0.02250370014214598,0.006455979548976306,0.014138509933255279,0.018316965231979287,0.00526715566921081,0.03852743956812064,0.02540740338629385,0.016040024800860406
707,0.058322688031742224,0.025220046969185346,0.10151907675076637,0.4194723723580841,0.023118376388419903,0.053085735690974786,0.03698940222147183,0.021340039743156833,0.04386977070474461,0.005966032616366426,0.019815751190074202,0.02219364133288311,0.00840668232306178,0.019132449424899226,0.005674649415246142,0.03502513021301072,0.024676796286439366,0.028435750276512222,0.010670019871578415,0.01849470111073592,0.018570887080646324
708,0.048675939138106125,0.0154772784913216,0.03722428598902668,0.016135886086696985,0.012639777434579304,0.00352783561527384,0.0236995826898362,0.06789814384847467,0.021066295724298842,0.0063729970258383055,0.02166818988785024,0.01723606013806269,0.010991110812677656,0.03611364981308374,0.006594666487606595,0.00526657393107471,0.03224655315170908,0.5727969753926941,0.01203788327102791,0.01685303657943908,0.0154772784913216
709,0.005777993414235144,0.01481267402558464,0.028093002462315695,0.06804083714615426,0.04526094841150862,0.0041146316737735115,0.012729641740736802,0.026280550690553395,0.012159657782196345,0.008327968983798355,0.029520363206267993,0.023961678570798683,0.6163779065897089,0.006600948539032976,0.003380485773473673,0.003923729625020674,0.01560510144657982,0.007987226190266226,0.010183713392589439,0.04554570323252774,0.011315237102877155
710,0.0060112936470086385,0.05471396870576742,0.012703111103112596,0.009482604062886866,0.5100873911479833,0.0026197077372177727,0.021039527764530233,0.1056776316865403,0.015657322987557388,0.0015321485542724033,0.016831622211624188,0.019236139670427643,0.006831537202423509,0.016030116392023036,0.004055812581114263,0.08949822041391933,0.009618069835213822,0.004067117115156604,0.020401966317120226,0.05894324889821243,0.014961441965888167
711,0.007442461716642402,0.5965917702859822,0.04382783010911636,0.014343653490256266,0.03585913372564066,0.006459295957022054,0.02629669806546982,0.046405937762593795,0.02817503364157481,0.006860008190992126,0.023906089150427114,0.034300040954960635,0.009067826919127523,0.021321647080110667,0.002777270890919478,0.01642337683256587,0.015171171960847971,0.008575010238740157,0.006742743093710209,0.006640982607107389,0.04281201732619264
712,0.011439898952923104,0.015191725089251016,0.014125639118075505,0.011840609260739763,0.010559432880452833,0.00583450311398771,0.01872468441233265,0.032206457189212154,0.024398831203948604,0.007971895343864398,0.027764187232079445,0.02683871432434346,0.049882474737427046,0.01750350934196313,0.005792528271441036,0.6102113340301647,0.05003820718897205,0.007524873175049571,0.015787479014319684,0.01958881966673738,0.016774196452714663
713,0.004681963589805305,0.014045890769415915,0.009514958263152719,0.009998769700262177,0.024580308846477855,0.0031546920444677465,0.4466453443441692,0.033188157682074164,0.008938294125991947,0.004128941327716766,0.012824508963379753,0.33266528734928136,0.01748076260238844,0.01326804162294573,0.017443030049566474,0.004835470592749741,0.009217615817429194,0.00670372059449396,0.008427534461649549,0.005966552829343323,0.012290154423238928
714,0.011475410032108047,0.028918033280912282,0.024098361067426903,0.02332099458138087,0.045184427001425435,0.007944514637613264,0.5465631044250087,0.03286140145558214,0.02332099458138087,0.00786892565896448,0.02581967257224311,0.024018844657610935,0.007119185242171184,0.023246517591738264,0.0032228995299049996,0.01390290061582321,0.012909836286121553,0.010790310925713538,0.018537200821097617,0.07601506358019067,0.03286140145558214
715,0.004708439342603375,0.04149719397328668,0.021275170362874515,0.011046723073031,0.43494800114467164,0.0026110436354436907,0.02209344614606199,0.019081724499323726,0.016894988229341528,0.027657985036031684,0.015116568415726629,0.026110436354436904,0.006838447616638238,0.01914765332658706,0.003419223808319119,0.006956832614158838,0.008090557743628336,0.003846770886312219,0.06743095672813525,0.2243328488340458,0.016894988229341528
716,0.08368248925798256,0.015305806136018984,0.00397190149585579,0.02615077789311955,0.015305806136018984,0.03512791060269791,0.19296093594566763,0.016740725461270763,0.01623343075032316,0.005411143583441056,0.022320967281694352,0.40154126654660605,0.00653296603366664,0.021428128590426577,0.004251612815560829,0.07384663960273535,0.011961486062247539,0.005886848513853455,0.0148806448544629,0.01339258036901661,0.01306593206733328
717,0.00948912241336285,0.005941102469089319,0.0045122297233589756,0.047870833218344656,0.0077492640901165016,0.0010422986787875996,0.008289910421985097,0.013949009947643391,0.2698408619307054,0.12262865888038142,0.06500306296364176,0.033661541186441435,0.0033314593284612995,0.1071028444299284,0.10776352544533435,0.08872890943027598,0.06989374635549449,0.015068374943441928,0.005365003826016688,0.008911653703633976,0.0038565866135544156
718,0.019140403854693108,0.10202808495425393,0.008416239426649926,0.004639721735204446,0.0129249391194981,0.0016228623109683714,0.00623962578182667,0.2568942438928908,0.00646246955974905,0.2737909539858115,0.1038003841217494,0.009047457383648674,0.01724162732855795,0.004900436648811807,0.0031516444118695154,0.002261864345912168,0.007377030652329634,0.14110325735047274,0.004890517504674957,0.0072379659069189365,0.006828269723508432
719,0.006617132993883414,0.0025946192234170126,0.011635269428438531,0.012725255757468105,0.2846686317291723,0.003353276855008487,0.057444897568662584,0.018380924983009483,0.017113274984181245,0.004726523567059582,0.019087883636202157,0.015038938622462306,0.00973107793218149,0.009543941818101078,0.0035505841735633216,0.004850002296195389,0.007298308449136119,0.006617132993883414,0.11929643794125915,0.3755039891440406,0.010221895902674177
720,0.006733135272426557,0.01577477406682794,0.02208468369355911,0.01971846758353492,0.03741750917170759,0.0074610417883645645,0.010869427745057432,0.012901314154079671,0.05521170923389777,0.4189135753594019,0.2417924648136963,0.019038520425481993,0.0021092337725637884,0.016238738009969937,0.006171885773729942,0.005412912669989978,0.011267695762019955,0.008365410489984513,0.024005090971259902,0.0345073182711861,0.024005090971259902
721,0.00718897948668994,0.022936267886105997,0.024083081280411294,0.05643361929169715,0.03705089427755585,0.005600716576839837,0.1228964647762265,0.030103851600514122,0.3634823808193555,0.0068808803658317996,0.015999823129635268,0.027279909415163256,0.00776873589690687,0.04840975895855397,0.12597402425354304,0.011632175678408269,0.017831118883039922,0.008304510786348723,0.0209418098090533,0.025350611874117156,0.013850384954002294
722,0.009144534087801954,0.0277563360675605,0.5228826576648062,0.015197700441884714,0.02040907063791213,0.07133771917804628,0.023927875920310773,0.021684637552781636,0.03016993050821793,0.009011797424532628,0.04956488583492945,0.025742774824784063,0.010842318776390818,0.03154129098586421,0.007009175774636488,0.008360342189024246,0.016521628611643153,0.009405552617366508,0.018754281126730065,0.040565559266558374,0.03016993050821793
723,0.006621292918343446,0.013367515891749978,0.011245687972424584,0.11211624176068422,0.01686853195863688,0.5346767319481497,0.06440712202388625,0.014759965463807267,0.02724916701010572,0.00843426597931844,0.025302797937955313,0.012429444601100858,0.01089966680404229,0.033737063917273755,0.003356783253763595,0.013332824375711443,0.010121119175182125,0.006706087274742862,0.03905144410057094,0.015074007282186145,0.020242238350364247
724,0.005706274365624718,0.01724023318975979,0.018843975812063027,0.013733745083367964,0.03116503691995038,0.08696133257851497,0.013504849331978498,0.02336802226968976,0.007474012798946236,0.005787792570847929,0.016881061664973124,0.01724023318975979,0.00519417281999173,0.021323446313650258,0.616731405338904,0.024460500006916054,0.0071078154378834205,0.006696619503460413,0.016536550202422652,0.027009698663956996,0.01703322193733815
725,0.049686832752787936,0.06859707929106441,0.019933478882851487,0.09577505830103795,0.07858410156177191,0.09340526217566353,0.08006544948371952,0.0028037237183619126,0.049538823259157566,0.0010890497087852056,0.012880094047380964,0.05152037618952389,0.013181346763940413,0.05366705853075404,0.01509386021177457,0.09935243964375844,0.04428203250091863,0.014311215608201073,0.10507445143916049,0.04794424117906863,0.003214024750317315
726,0.003386270585322675,0.009841348888594021,0.005941946498773748,0.009262446012794372,0.006591524594182499,0.0031810420650000885,0.00656089925906268,0.23805546629955282,0.012596926577400348,0.24718184713546723,0.19531996571494653,0.012323846019389295,0.002460337222148506,0.0067004928603193355,0.0027384622994348585,0.002892256942763227,0.049147760786094175,0.1635997547975052,0.006846155748587145,0.007498170581785921,0.007873079110875217
727,0.00208595195889026,0.07056863092412839,0.010746009780102178,0.009950245364737185,0.014430355990422925,0.0026538857181102305,0.014029512768466734,0.2536656192678129,0.010746009780102178,0.0034177597964265083,0.05773713306965317,0.017415946884993184,0.0035820032600340592,0.010101249193296049,0.0035319053123412754,0.0036075889976057308,0.09435580988731776,0.38177711084198707,0.007538245666638842,0.014029512768466734,0.014029512768466734
728,0.14242435630129766,0.0825470052341391,0.03431990031752381,0.01349302964720089,0.010020937453014217,0.0029758860338326746,0.011806400941300779,0.10567278297881083,0.020989157228979163,0.004692211186485331,0.020989157228979163,0.015316412031957768,0.0035419202823902336,0.02575942023556534,0.006911063965639482,0.003803404330083473,0.008458317092275186,0.4284535093446872,0.020989157228979163,0.014167681129560938,0.022668289807297494
729,0.014882286484492172,0.026044001347861306,0.02688413042359877,0.016341334179050232,0.032054155505060064,0.010549468900399515,0.02050052354688904,0.023811658375187478,0.019381582398408412,0.004742436654817526,0.020327025442233214,0.02688413042359877,0.6301514844628017,0.014882286484492172,0.00574764167676939,0.022760407410345806,0.007946489564937464,0.011262270853129211,0.020327025442233214,0.023150223420321157,0.02136943700337338
730,0.008175147736071477,0.6185279627045345,0.021513546673872307,0.024044552164916105,0.01520269845241034,0.006167658693831331,0.017772060295807558,0.023357564960204222,0.031442875907967224,0.008014850721638702,0.016029701443277405,0.024773174957792354,0.010617074981911008,0.030278324948412885,0.00552679503844543,0.050030830288424984,0.011678782480102111,0.009849575585628288,0.013185722154953996,0.02869438935868032,0.02511671045111743
731,0.0062534012879875076,0.0034987865838348024,0.05169478398069674,0.01615461999396773,0.02769363427537325,0.0044564468948876486,0.00329640400195827,0.02982391383501734,0.02501360515195003,0.005208615863824708,0.01762322181160116,0.0775421759710451,0.028309734467391646,0.019882609223344897,0.5874439403448696,0.006206231543069689,0.00957310814457347,0.006627536407781632,0.011929565534006936,0.04561304468885006,0.01615461999396773
732,0.07968973695788502,0.053334667211625233,0.03495183901765917,0.1795963283656768,0.02285771451926796,0.08904984614798142,0.06458642659777705,0.0062082681410357415,0.010476452487997815,0.07015607644696006,0.014575933896344782,0.022033638097914074,0.05306377387718307,0.18781697689327764,0.014501138603721769,0.031041340705178704,0.02958057173081736,0.0012772789512827333,0.01571467873199672,0.014138707009920379,0.005348605608496445
733,0.029221249093888336,0.02387382566959731,0.0186514263043729,0.0186514263043729,0.020580884197928712,0.008908143906566161,0.012356328300133263,0.025949810510431857,0.02183929774134757,0.012232522660345092,0.016130963290268453,0.021315915776426168,0.012259534176080854,0.4521416349499997,0.06720856947067523,0.09740416364629446,0.008065481645134227,0.008406276644224405,0.019894854724664422,0.01925308521741719,0.08565460576983078
734,0.009580999703495978,0.01417770459320675,0.5274355431069012,0.27845609719501596,0.009387939527934201,0.010407146330013427,0.0068258731936517965,0.010368769030852699,0.012631045910311469,0.003172180479758589,0.011774703814697134,0.04656378052611585,0.0036757011908313806,0.009140888487725407,0.0038170743135556647,0.003947201846972335,0.005145981667163933,0.004267884186779605,0.011578458751118846,0.007720632928652985,0.009924393215244727
735,0.006203926208102891,0.02005007334294629,0.011295045359328876,0.6847113280657348,0.017023647177973264,0.06488783173256354,0.013268430888714454,0.014552472587622307,0.009268949518936564,0.006835252276004417,0.017023647177973264,0.013466467170635566,0.006994211631260333,0.02653686177742891,0.007711566670363957,0.005975187420083332,0.00835419722622762,0.005714788013884472,0.02313470001109187,0.014791037712009555,0.022200378031113736
736,0.14431352128156233,0.19888168307536586,0.008565313209936618,0.006229318698135723,0.010382197830226205,0.0023466611534072933,0.005907112558576979,0.009517014677707355,0.006992092416274792,0.2593939717484854,0.07892035697726882,0.009517014677707355,0.031883098174773444,0.06906308830736609,0.0017306055639191825,0.0024298760879252817,0.04043528195056384,0.09019001006606696,0.0054382941015470605,0.007786648372669655,0.01007683907051367
737,0.008735272571469083,0.02392705095663271,0.01965436328580544,0.028964324842239597,0.08050952186087294,0.007436786108142597,0.022930090500106345,0.43235193231926455,0.015723490628644348,0.03480741861737393,0.027290987742117225,0.03714252712126154,0.009172036200042536,0.02392705095663271,0.005732522625026586,0.007802448651351023,0.04877864571362818,0.09034987287887399,0.016185946235369182,0.026205817714407255,0.03237189247073837
738,0.019789017782786616,0.01197704699449665,0.005654697651700831,0.019265269385243745,0.036779150644556245,0.6042806369393005,0.026101332715491525,0.026971377139341248,0.020228532854505932,0.009408619932328341,0.02996819682149027,0.026971377139341248,0.011899136973238784,0.02996819682149027,0.005863342856378532,0.00775560581910749,0.011396356537749822,0.008312825609260409,0.016513088044494636,0.032365652567209496,0.0385305387704875
739,0.01541039097062861,0.0228498900598976,0.0473319151240736,0.036813711763168354,0.041415425733564395,0.010227428450082494,0.02208822705790101,0.050972831672079257,0.024542474508778903,0.0062539968925014195,0.030120309624410473,0.06626468117370302,0.005783151987177699,0.004133630468808164,0.494884962153613,0.008387934325785194,0.012502770032774157,0.01893276604962944,0.017438073993079745,0.06024061924882093,0.003404808709522332
740,0.478516229137014,0.038199158595187285,0.048744671616076214,0.008639570956028264,0.01727914191205653,0.031953660425047166,0.016393032070412605,0.018803772080767403,0.030444202416480562,0.008092762667672048,0.018266521449888336,0.015983206268652295,0.0041246983919102686,0.01937358335594217,0.004319785478014133,0.14047758033803215,0.0117484308290652,0.03973210405168047,0.012535848053844934,0.016393032070412605,0.019979007835815365
741,0.006120299174905917,0.0066574541432322665,0.022911889218878566,0.0162466123552048,0.034367833828317845,0.0044951633398584235,0.052461515181158935,0.02628128469224306,0.02078055068688986,0.0043942134605641945,0.015406270336832138,0.019011993181622642,0.0052082575403080275,0.013538843629337332,0.6703830689792857,0.005849827831083075,0.009211996696250143,0.007206158705937612,0.0162466123552048,0.022911889218878566,0.020308265444006
742,0.0034538472547712114,0.5211052959619175,0.008862113212257872,0.008763411536888623,0.005251423262891623,0.0018111042764800925,0.005415591399200834,0.0027267904593633913,0.009450737931938711,0.0021087591490546002,0.0070880534489540315,0.006788558232801044,0.003170971279795225,0.007650597373474194,0.002386077398657793,0.0022314242339299727,0.01156349044687717,0.36632049279478984,0.00698532803665035,0.007415194377367295,0.009450737931938711
743,0.10767856492141005,0.0346209042139556,0.012649945770483777,0.014949935910571735,0.03213227839077189,0.004505460137432578,0.013155943601303129,0.012649945770483777,0.014299938697068618,0.004758716921203382,0.01827214389069879,0.03382345093765461,0.07072592691246471,0.014949935910571735,0.004243852774613913,0.4979641646646053,0.033882324331961006,0.00530481596826739,0.010963286334419274,0.045903254843959844,0.012565209096099077
744,0.009527007677256207,0.030486424567219863,0.020598935518391804,0.027220021935017737,0.02241648865236755,0.014656934888086474,0.010585564085840233,0.030486424567219863,0.031756692257520695,0.03748017922990872,0.027220021935017737,0.031756692257520695,0.5787912835901885,0.011805120898932969,0.008584733179567854,0.005026222515087981,0.010162141522406623,0.010585564085840233,0.02540535380601656,0.027220021935017737,0.028228170895573952
745,0.008142657176703863,0.017336425508425887,0.04934213413936598,0.060771490873697015,0.026726989325489902,0.48094001549808196,0.03207238719058788,0.014917389390971111,0.017336425508425887,0.005831343125561435,0.029156715627807164,0.03773222022422104,0.007919107948293307,0.018866110112110524,0.023444872968705708,0.00929634411321388,0.10079381335045157,0.0058912683426664775,0.008343374269947636,0.021381591460391924,0.02375732384487992
746,0.08716193469280081,0.05194775540648438,0.0032169847776545896,0.005290985235537953,0.023612616093856526,0.021086615302420723,0.07083784828156961,0.010528313817778657,0.13762781951847808,0.021936882048486078,0.15112074300068182,0.08160520122036818,0.004780068110223851,0.0034062191763401537,0.07372638190081808,0.12234440343105253,0.044016909378774845,0.03177072904350254,0.005790572599778262,0.041757047408083135,0.006433969555309178
747,0.0037956259772545225,0.007210633376042125,0.008824954281126184,0.004335247666306514,0.00679622915902821,0.44752999685624595,0.045211691058470865,0.022258063290324114,0.023148385821937085,0.012512640984830854,0.05564515822581029,0.22907256802958575,0.0059724438064187296,0.06984426756618947,0.002193906007466922,0.0029712157629922325,0.021237051212786313,0.004506045020737437,0.008327773758245834,0.008212110233825754,0.010393991904374698
748,0.005173950587915706,0.006768736097142888,0.011768201337220039,0.009526639177749553,0.010529443301723193,0.012043611378140067,0.08256548247580324,0.07725425260893871,0.010912332149058582,0.02861854162843482,0.013337294848849376,0.01132411826789098,0.0052647216508615955,0.00833580928053086,0.0019224890343042327,0.003158832990516957,0.006124268042838999,0.00458151349769635,0.4549110161409279,0.08522888513631302,0.15064986036714292
749,0.1328072898994101,0.05545130530006603,0.00547646464934289,0.025469891213585498,0.011236716711875955,0.06336957850927787,0.0030285789212595744,0.007271657303142063,0.21224909344654583,0.019976385265557253,0.023878023012736404,0.06202939408583262,0.05051879248975636,0.06367472803396373,0.06168469280892573,0.09798655657693395,0.04839004579816886,0.031315440016703486,0.008681926240944111,0.00620137588638865,0.009302063829582976
750,0.05156211112848571,0.10397920624252029,0.0054745358701829725,0.007962961265720686,0.003981480632860344,0.017941510096748596,0.07278544436976421,0.13237635053614208,0.00834214989742167,0.09470283305761512,0.009013677321333027,0.05189693003191743,0.0012603248046464395,0.006488338809105744,0.010931481006723032,0.012565563593851862,0.21869463334937309,0.15873342575238483,0.006256612423066253,0.016708279912714882,0.00834214989742167
751,0.11692327208337978,0.009615440654328844,0.008653896588895961,0.016127347873569627,0.013313687059839938,0.06428721418042903,0.03628653271553165,0.024191021810354436,0.08174897025568051,0.06779160439597527,0.022578287022997474,0.09407619592915614,0.01011042795637139,0.036771815710519455,0.13006123820397672,0.06670857529521981,0.09544457696085297,0.0778950902293413,0.0050236041093033815,0.015734357434356295,0.006656843529919969
752,0.06734795537117735,0.005795542092938989,0.1018262018086534,0.19670599608705458,0.0074514112623501275,0.06125760132499605,0.035425552961718856,0.00841288368329853,0.0016663288059463408,0.002267820818976126,0.007903011944916803,0.007903011944916803,0.02908624348435864,0.09462050920097811,0.002930330271710724,0.1275319906621879,0.03049678037574058,0.01177603039372133,0.00767057041712513,0.18612777015562557,0.005796456931608028
753,0.024743718827110163,0.05556007737939165,0.013402369514678682,0.010965575057464375,0.0070953720960063625,0.00513282236732375,0.006185709006774777,0.017332405002716884,0.014190744192012722,0.002365124032002121,0.04824853025284326,0.1640557179492411,0.21660314284619026,0.0228513221479756,0.0032600358278948153,0.07146545278266604,0.18266547870462713,0.09770910159824049,0.011487745298296015,0.010488810924531144,0.014190744192012722
754,0.27368405087287784,0.008919565337268271,0.010974101735903564,0.014065468416461505,0.019247483096210476,0.13489977498991113,0.010448633680799976,0.016622826310363596,0.024380145255199943,0.007780897421872321,0.012610419959586176,0.014065468416461505,0.005395850663329307,0.021511892872235244,0.006772262570888872,0.3380033297041815,0.011461576685060986,0.0029474261712859225,0.020316787712666616,0.021511892872235244,0.024380145255199943
755,0.20374754581302734,0.14606753019314603,0.008431617408132605,0.004848180009676248,0.005103347378606576,0.18649399472740974,0.00692597144239464,0.005540777153915712,0.006255716141517739,0.002063055323266488,0.015807999244114187,0.0064642400129016645,0.047423997732342564,0.005386866677418053,0.00041695819860204083,0.234486309200408,0.050108374962475166,0.03573982437799729,0.007168970597500654,0.0015885759706252573,0.01993014743452192
756,0.013654120256837082,0.3113139418558855,0.009141296262126135,0.014727643977869886,0.0029090636225410234,0.013654120256837083,0.0076219260027144565,0.01178328710012996,0.014727643977869886,0.2018593642535891,0.017295218991993638,0.015593975976568116,0.0010196843881173333,0.009818429318579923,0.0025145672969440927,0.008945802926893261,0.018982557430236923,0.0518856569759809,0.012049890527348088,0.24577416462306753,0.014727643977869886
757,0.27763553758505005,0.009469073556702,0.011190723294284182,0.018783551870841516,0.013677550693013999,0.2748414632355075,0.00923234671778445,0.012734271334875105,0.023080866794461124,0.004103265207904199,0.01477175474845512,0.011912705442302515,0.002586512665536941,0.021723168747728117,0.0031033098211040167,0.23098078586665205,0.02508036938537911,0.002413166555180896,0.010258163019760501,0.00923234671778445,0.013189066739692073
758,0.010094412533116964,0.026182382507772124,0.026182382507772124,0.00892327469529264,0.02792787467495694,0.010343657287021088,0.014200614241503526,0.0209459060062177,0.6256743860382349,0.006756743872973452,0.022644222709424545,0.008913151492007533,0.006702689921989665,0.016249470371234635,0.07957949815921618,0.006597135749989828,0.015966917161044782,0.01180051042603814,0.014698881407872072,0.018618583116637957,0.02099730511968325
759,0.014257700432596599,0.015338838137259088,0.017256192904416472,0.018655343680450243,0.025018288735857524,0.010619195633487061,0.014380160753680395,0.015687448094924065,0.020916597459898753,0.0035008096706180005,0.01353426894464037,0.16475458435808613,0.01153523972110527,0.019173547671573858,0.005229149364974688,0.5255048858058746,0.04716118840333413,0.009455448166803547,0.019173547671573858,0.0113155363307649,0.017532028058080313
760,0.00770874064469662,0.07421094830556649,0.013899675989668021,0.01902582797414485,0.014685953706626644,0.0071537113182784644,0.01570988601738793,0.00912463178351845,0.022928561917559185,0.0044710695739240405,0.016559516940459408,0.013548695678557697,0.00494040836897684,0.015417481289393242,0.004886414834889662,0.004614635213686458,0.005882986281479,0.008203797383346862,0.015417481289393242,0.6780428841378539,0.04356669135059306
761,0.39763078553164477,0.008408656091262536,0.00766671584791584,0.024820023142744084,0.009146257502776792,0.3218476180422578,0.007342770107863058,0.011848560855869937,0.008145885588410581,0.0038905722213304268,0.008546502912430773,0.00766671584791584,0.0029828210176570218,0.01086118078454744,0.0032583542353642326,0.09267609172565887,0.041754968218076345,0.0024971670989606775,0.011333406036049504,0.008020564271665802,0.009654382919597724
762,0.00330563659986838,0.04807166748919376,0.009738226740152798,0.011140512172489068,0.00857891403299175,0.004238992816301805,0.23129051916374155,0.009738226740152798,0.0348608535029075,0.09787838784617255,0.00818896339512849,0.10755017133175554,0.0022254745276486508,0.27465994846134384,0.07265350970110634,0.0032460755800509324,0.04291615532368603,0.004560941637793082,0.0102946968395901,0.0063213050769412886,0.008540821020983948
763,0.013788211640776125,0.08532704884944067,0.008954321861742866,0.022041407659674748,0.014326914978788588,0.0046215854770285765,0.2703474353852176,0.021360430704511917,0.008799786374040029,0.0455965734754722,0.21794275638440963,0.008954321861742866,0.004093404279653883,0.008682978775023385,0.0026310872500063445,0.0028943262583411285,0.03353642776385715,0.007457775844768013,0.007959397210438103,0.20458724839962414,0.006096559565441952
764,0.01254471398111537,0.012945796681053617,0.027329555458858484,0.02834176121659399,0.04027513436042304,0.040340977711825834,0.019130688821200944,0.03327076316730598,0.02834176121659399,0.007551643271193833,0.04027513436042304,0.03060910211392151,0.010482569217096407,0.018219703639238992,0.0019033581490449708,0.008641263040423891,0.013664777729429242,0.01254471398111537,0.5809009881465874,0.029431828955693753,0.0032537647808602277
765,0.011367895541138335,0.011954082972406452,0.010984833001670793,0.006915007804558224,0.015053289668956273,0.0032515105684945552,0.17423546921993824,0.011289967251717206,0.05123832133348524,0.008005676357311234,0.17777453665397178,0.022521302487160846,0.001961476154943444,0.30798984847543653,0.04701227782584619,0.04483113734533427,0.04290823316998292,0.017683393063992962,0.008128776421236389,0.008467475438787904,0.0164254892436302
766,0.0030868950137163858,0.0077957179159956185,0.007418505758770025,0.008362679218977119,0.002504413524295237,0.004034625938980188,0.004708846363701607,0.09686094742847012,0.012776315473437263,0.349670729921048,0.1028800243464645,0.007300751699107009,0.0007326109257458378,0.023689479290304332,0.002534747976409976,0.0024728352529233416,0.008037501902067538,0.329105047958639,0.008362679218977119,0.009998855587907425,0.007665789284062359
767,0.0019874417370630694,0.009407224222098528,0.004865805632119928,0.00503958440469564,0.38532834524455783,0.0022398152909758402,0.02615016342949286,0.1033164577567446,0.00391967675920772,0.1064917217044585,0.2387010059405699,0.004703612111049264,0.00031338898799519277,0.0035277090832869485,0.001657837414190626,0.0017420785596478753,0.002204818177054343,0.007752598356718682,0.004409636354108685,0.0827994114356352,0.00344166739832873
