site,A,C,D,E,F,G,H,I,K,L,M,N,P,Q,R,S,T,V,W,Y,*
677,0.2489021037996567,0.004079453578084567,0.0037585976786846565,0.0044736075035351494,0.00643298448851797,0.45887067013868554,0.006311607422696876,0.004848046281201948,0.0053954063452086205,0.0017606062810680764,0.004992764080640812,0.005868687603560253,0.003216492244258985,0.005973485596480972,0.0014544138843605846,0.19748592026936676,0.01642101510527145,0.004027734688650095,0.0038897115511969125,0.006690303868058688,0.005146387590814375
678,0.04460775513857945,0.06788136651522961,0.12310495074855361,0.08233588930418687,0.03729745412924704,0.1373158223313099,0.04801277654496123,0.009223011754786634,0.014381645448141868,0.011016428172672576,0.01782598910589013,0.12483953714658677,0.0005725234028526449,0.042903720422282146,0.02154393955419417,0.07863743295446467,0.07211627997775298,0.02172752634416042,0.008762654885786954,0.034881496907219145,0.00101179921114116
679,0.4741276471528203,0.00807047398936631,0.007672616155945985,0.008855103404999143,0.01386016185130301,0.002277026589856922,0.010992542157929972,0.013282655107498717,0.013565264790636987,0.005403113942033377,0.012029574436979969,0.01723155257189023,0.00556592948916703,0.01416816544799863,0.0038407677419273396,0.3498060775010714,0.0028892224061816043,0.0023713387961516504,0.00924010790086867,0.013565264790636987,0.011185393774735762
680,0.004893476450102218,0.008257741509547493,0.008957550112051519,0.013212386415275989,0.046517437735724414,0.002919864401165965,0.046664358470919785,0.31545187050597434,0.011489031665457382,0.39344981870277473,0.015946126871135922,0.009437418868054279,0.013597623253820728,0.00927185011598315,0.002582436517874764,0.0027242033845929882,0.005505161006364996,0.05966050915580165,0.008663859944443271,0.009786952900204437,0.011010322012729992
681,0.054560371693089686,0.037101840058251824,0.002355847415888682,0.0021314809953278547,0.04860985496465746,0.015059177616214612,0.06278772932934923,0.03622368999770149,0.05519507149330975,0.022733488205454032,0.014747022432677764,0.058601880707392605,0.001040955834927557,0.10429148261485124,0.09977542782382662,0.05932363656859386,0.10662645852921783,0.05472003226468424,0.08036819746958482,0.08246746538780196,0.001278888597196713
682,0.004176621190757483,0.005278374209518539,0.006140462942703055,0.010418088812900685,0.6961123125761539,0.0030400324732726596,0.014048634914366077,0.04586513199365469,0.011447035856150135,0.011375974920139665,0.008278659860251437,0.00955886499328001,0.006790059953632219,0.013635439769825898,0.002784414127171655,0.08270738908265261,0.004958341734482145,0.00258679950496016,0.0066229278882011505,0.04490233415244447,0.009272099043481611
683,0.004023142483294828,0.005696769756345477,0.008901202744289809,0.0069813354857174974,0.0062775536944995455,0.0026770534569292657,0.01736820047666304,0.23060312502222768,0.008280188599339357,0.5322578072324129,0.04536615082980008,0.012069427449884486,0.008377602582860995,0.0075754916972679215,0.002667027039487583,0.06358607941933515,0.005984001844900711,0.0026148340073008204,0.011647260003489606,0.009013876196749171,0.008031869977203825
684,0.006069176118244328,0.01194869048279352,0.15213654774896124,0.009325807206082748,0.01470608059420741,0.004003749690569556,0.053274147381994874,0.016993693131084116,0.038091316779116806,0.004111377370423577,0.009804053729471606,0.5749770113048253,0.006951965371807141,0.013655646266049738,0.004472024508180031,0.01645357825683546,0.026745393314188542,0.004662903603041373,0.007647161908987854,0.012886831886775666,0.011082843346359207
685,0.00467319880297404,0.009942499473208908,0.6034711421329,0.014196207881034493,0.010737899431065621,0.07889066012657314,0.014296316988702701,0.012389883958921866,0.01118531190736002,0.0036276687267113583,0.008849917113515621,0.057311344854521974,0.006824936079067132,0.012020036676565992,0.003121482392751634,0.0039520697889827965,0.006010018338282997,0.003320249854769474,0.0067111871444160125,0.1205724540401259,0.00789551428754825
686,0.009030239718370218,0.01644793662988861,0.01588076640127176,0.01334905001846032,0.01588076640127176,0.003953152151389537,0.021420568634273534,0.019686261955365762,0.015494069888858812,0.0059548778202120345,0.6891431583307392,0.02302711128184405,0.008856581262247712,0.01261759522292825,0.011572094384793431,0.005174631748729001,0.0040607935893478015,0.06097240275039962,0.009594629700768355,0.02302711128184405,0.014856200826996164
687,0.07691689704332724,0.014203570458899039,0.012803218441824487,0.0056695851689548046,0.021643535937369965,0.6810344169149578,0.01748131748787574,0.018180570187390773,0.01715148130885922,0.004391442074248978,0.011960901439072875,0.025250791926931623,0.006992526995150296,0.013174326222746936,0.00328826512244556,0.014346297650777889,0.00891204420950528,0.006160576304635764,0.00790459573364816,0.018180570187390773,0.014353069183986874
688,0.005310503325074908,0.011401963021484359,0.013845240811802438,0.004521474808693949,0.0221523852988839,0.0036136676907318564,0.015506669709218731,0.051649001641475366,0.5799510211324763,0.003976069156209932,0.012306880721602166,0.08682711450890301,0.008248228568733368,0.012372177889182585,0.08466197837798965,0.005577938744323284,0.007069856335694684,0.00516888990307291,0.00799312871609213,0.016496457137466735,0.04134935250088775
689,0.03272612503804855,0.023595414427857172,0.004621208722570976,0.0025718355996690195,0.002557330951148116,0.0006940742999572678,0.005543734514842108,0.04010017167279473,0.003417370591341025,0.045122337548036844,0.003157823457821454,0.0037798189873923457,0.0017692769728219493,0.0038379700487368436,0.0008692266660902259,0.01832453651029047,0.6127074641798083,0.1857436802079834,0.0023534721996971214,0.003464834071776318,0.0030422933313157914
690,0.009049934837232746,0.016926729973342727,0.019870509099141464,0.012873850965640947,0.017577758049240524,0.002049080269416187,0.03974101819828293,0.028563856830015853,0.007951046148020335,0.005473313883595853,0.014590397562453719,0.030468113952016915,0.011425542732006341,0.021256823687453658,0.6801795636885355,0.005301217856611667,0.009747250629165883,0.005712771366003171,0.017783565575373004,0.027698285410924468,0.01575936928552599
691,0.006582832987733652,0.016387052331166753,0.014531914331412025,0.003749689338068914,0.01604565540760078,0.0034850292288001686,0.0175043513537463,0.014003481082997041,0.5762336736360076,0.004185823149808898,0.01132634499360055,0.01174716742716666,0.007701914595648372,0.014531914331412025,0.19789254730616063,0.00453053799744022,0.009002076006629325,0.004477857323051379,0.0067560654347792745,0.014003481082997041,0.04532059065377245
692,0.05969191419939874,0.005973995694459438,0.28943686267514346,0.07637482770972123,0.03962979353028726,0.19349455494097803,0.047287640084319474,0.006365733117046943,0.008825220912269624,0.003948620732184419,0.018789988311774135,0.17791833239346763,0.0042671397817567415,0.006934102145354704,0.0016045856204126591,0.011177634072645127,0.005588817036322562,0.0019109429530145329,0.027944085181612822,0.00736605791994493,0.0054691509878854
693,0.027638285393601417,0.129614580883851,0.002731295032769346,0.005864913162165203,0.0018687808118948157,0.0006086886073028829,0.11447441616522451,0.10298590185349739,0.02778358167745404,0.1276904777938073,0.027916986651906363,0.013847711632890065,0.0010858027023600138,0.08797369743247803,0.0018658601714250543,0.01683553708515412,0.07921036634467918,0.2224789373085808,0.0023156631799566194,0.002731295032769346,0.002477221076232663
694,0.06458387994260668,0.013777894387756095,0.19570872709880818,0.09273582760989682,0.008365295779163517,0.22512899326398852,0.002680507646782634,0.009309388099835201,0.0031311387523295007,0.05794802350172341,0.04465058366402439,0.04920676567055747,0.06937961351845587,0.136962047775074,0.0004272072264625831,0.007973318511432927,0.005381989995217226,0.0013734067697134136,0.0029683307603483454,0.006816166931170274,0.0014908930946530069
695,0.005991004389030522,0.015322774141230223,0.01855091216711116,0.6073750412263679,0.024609303923793995,0.08807010033016964,0.029003822481614355,0.036913955885691,0.007085103649087571,0.0032354861732478164,0.013313229991560685,0.03123488574943084,0.00788453426684662,0.011279264298405582,0.004186118708686608,0.0064452938848031886,0.010828093726469357,0.02789558826095497,0.009903744262014657,0.025378344671412558,0.015493397812070786
696,0.005545381037217092,0.009887361474800588,0.018699540706894842,0.01101479795063669,0.015171325479178835,0.002833516519791483,0.022973721439899376,0.024366068193832677,0.015171325479178835,0.004336469689199091,0.013181643449122595,0.025938072593434783,0.011486860719949692,0.01576627941953879,0.12013616370870395,0.005752688804277894,0.009459767651723275,0.0049330076711440385,0.5984701264019011,0.020617442317858416,0.04425843929171595
697,0.1352988968485845,0.039775020203283454,0.09508715767347449,0.05322013638170163,0.04927485761790694,0.06033506460435285,0.05680758500713092,0.010241585722963065,0.022092098768537297,0.021386384943861046,0.05593362216086736,0.05034875741294063,0.0005151379101028974,0.08936638294368549,0.013917971097649877,0.15986997975829995,0.03667124916470221,0.012047241696186815,0.0134455822502085,0.02359699684911592,0.0007682909844440852
698,0.21107367441182523,0.009549488617130657,0.05328614648358908,0.16410588590960407,0.007685286413856669,0.00566873898761586,0.006379490305520488,0.00968880190081098,0.008046632087114204,0.004615534398568243,0.006415558015401863,0.007535734811741872,0.35333116369365447,0.03828027764625652,0.0017201133809410796,0.08665736188830597,0.0028167109218144824,0.002697450529203057,0.005050545671699339,0.0060865550402530505,0.009308848885092902
699,0.03053501690989087,0.01519983439168603,0.013206413487858355,0.006885395066319313,0.016111824455187194,0.004500509624353965,0.01751285266868173,0.02777900768135723,0.012993406818699349,0.04039252427017962,0.017140238782114035,0.029836711954050358,0.0766726823971546,0.018734679599054872,0.003968429668765319,0.6002665507011333,0.023299067401410783,0.004942277440241469,0.007599917195843015,0.01519983439168603,0.017222825094332633
700,0.05297835997348013,0.031149976956797373,0.00284481802052819,0.002048268974780297,0.07188456220799391,0.003722177978407452,0.050857105235587535,0.07098125679977386,0.06846148781713707,0.050537025552286625,0.08242763133183303,0.038530897030633345,0.07667227255522567,0.12939221197438908,0.020924144868054564,0.017450934052880385,0.07597053991308288,0.10479171735209782,0.010418052493912162,0.03485312107054252,0.0031034378405762073
701,0.0060177361203447195,0.019944968994619505,0.02083141206104704,0.004219043695905576,0.02231937006540754,0.6980613407616868,0.017687047976360695,0.01735951005087253,0.016445851627142398,0.005715936236262907,0.01284128140749475,0.019944968994619505,0.01266775057766374,0.02343533856867792,0.003767612745847212,0.006420640703747374,0.010900157473803683,0.03716956438957579,0.012498847236628224,0.017687047976360695,0.01406457233593132
702,0.001633228217970724,0.022424158823581057,0.0035568081191362432,0.002500880708767671,0.1341096487472077,0.0010497387875815674,0.06688892921186806,0.07338421272077031,0.004104009368234127,0.029958462527031552,0.05182054405974394,0.003810865841931689,0.0014164280120454067,0.003405454582151722,0.0004836233472077309,0.0010742037943700061,0.002052004684117064,0.03920813651081157,0.11903042043223351,0.43729266127608474,0.0007955802271535557
703,0.06642759771080158,0.05603809860020105,0.08507604779128743,0.1382684764958641,0.02331586074243984,0.037210178474139224,0.11244027044926824,0.04257609312615806,0.0018076389793491496,0.07682808850085979,0.04005419445438084,0.03354684070553964,0.0075101614601964075,0.06122414233855768,0.017171131551186058,0.04961255666352736,0.0431266261677137,0.04627740336388631,0.009058308778745668,0.051351531351770306,0.0010787522941277182
704,0.012410469403552189,0.10907229447628967,0.0040411581234594115,0.0033910986742899623,0.010342850956584387,0.0015099052491364068,0.0581560541638816,0.0076613710789513985,0.014390376143062739,0.0020789650163988717,0.004546308112784346,0.30866216847910893,0.0038664863389100516,0.07343574309136398,0.004075859425166612,0.3026542108419726,0.04220966838194048,0.002273154056392173,0.008935537970557577,0.02183778197035389,0.004448538045842747
705,0.007207401820164331,0.0220315637738071,0.014944759656517214,0.008914418040729566,0.01516781577079359,0.0033327856530081155,0.026743254122188694,0.019543147243137896,0.01613085169274874,0.004174775597590322,0.011816786705153145,0.024786430649833425,0.011816786705153145,0.013549915421908943,0.0026067790767773298,0.004342921609586199,0.00876072117795837,0.004516638473969647,0.7587426403796133,0.01722446875666391,0.00364513767269716
706,0.006628806333164421,0.028479316098039727,0.1098801945668211,0.5727240783182456,0.021969758132773506,0.01980286932819555,0.036616263554622504,0.01788236127086216,0.006666961995143932,0.007538642496539928,0.016019615305147346,0.026515225332657683,0.009858224803167597,0.021969758132773506,0.006302799464320267,0.007054509492174979,0.01788236127086216,0.006520704631449685,0.019223538366176816,0.02480456563377654,0.015659445473085065
707,0.005562744064681926,0.021182773983726744,0.2559748938952752,0.3465262659411689,0.01941754281841618,0.11109654111107038,0.03106806850946589,0.01792388567853801,0.004740875969686871,0.005010978791849339,0.016643608130071014,0.06978148474111893,0.00706092466124225,0.016069690608344428,0.004766240766597948,0.009379231820042869,0.00706092466124225,0.010639322523476677,0.008961942839269009,0.015534034254732947,0.015598024229982198
708,0.05474208336685627,0.014821809205031244,0.02959610265621003,0.01545252449035172,0.012104477517442182,0.003378430285765177,0.02269589534520409,0.13666762587937323,0.02017412919573697,0.006103097907954041,0.02075053288704374,0.016506105705602975,0.010525632623862767,0.03458422147840623,0.00631537957431766,0.005043532298934243,0.007894224467897074,0.5401550087262541,0.01152807382613541,0.016139303356589575,0.014821809205031244
709,0.024862954138746413,0.03262154744000569,0.02204857053398143,0.04376061241951983,0.03552269697141453,0.0032293360883104117,0.028034142331254893,0.020626082112434243,0.00954341112664868,0.018530817848336812,0.07383477815639147,0.01880613369074887,0.4757770568346872,0.0051807021926289784,0.0026531474916409187,0.02151415005660732,0.03768979323255923,0.023453400120265536,0.00799260681856827,0.08543738615239585,0.008880674242853635
710,0.006179152826127329,0.015228925013422814,0.013057832387287943,0.009747396007412123,0.5160824587757666,0.0026928603755885633,0.021627034891445653,0.07951192510296451,0.016094537593633974,0.06498123504645399,0.01730162791315652,0.019773289043607457,0.0070223008373838875,0.01647774086967288,0.004169066967025669,0.12702095793459464,0.009886644521803725,0.004180687168529306,0.020971670197765486,0.012613431714662292,0.015379224811694684
711,0.007363274531283003,0.5802137474066719,0.04336150557311102,0.014191038187563607,0.035477595468909016,0.003415422882967959,0.026016903343866613,0.04591218237152931,0.027875253582714227,0.006787018263617377,0.02365173031260601,0.033935091318086884,0.008971345980643659,0.021094786495026982,0.05422305914400274,0.008394858348727215,0.015009751929153815,0.008483772829521721,0.006671000857401695,0.006570323094072662,0.02238033807852258
712,0.013983408559898927,0.014743063396457515,0.013708462456355233,0.011490917059003649,0.036797768002575316,0.0056621910145815075,0.018171682790982514,0.03125529440048993,0.023678253333704494,0.0077364590100222575,0.02694421931076718,0.02604607866707494,0.039283807886664524,0.016986573043744527,0.0056214558274262465,0.5821026203985042,0.010195933579283964,0.007302638878619142,0.0153212227453382,0.07668915047158403,0.01627879916692184
713,0.004948824147699312,0.014846472443097935,0.0275841904616071,0.010568675298476495,0.02598132677542139,0.0033345018321396425,0.4642150892477419,0.03507980209678028,0.009447755191062321,0.017891253727283115,0.013555474839350287,0.2066329461902005,0.01617731478809313,0.007167262558736936,0.0276219833903556,0.005111080677132077,0.009742997540783019,0.007085816393296742,0.008907883465858761,0.07110868554717284,0.012990663387710695
714,0.010330501985886231,0.026032865004433303,0.021694054170361084,0.020994245971317178,0.04067635156942703,0.0071518859902289286,0.4832056527238402,0.029582801141401483,0.020994245971317178,0.008660774470444466,0.023243629468244018,0.0536613568624172,0.006408900167956012,0.03914296785033678,0.01600671315360983,0.012515800482900625,0.04347569950695406,0.009713755598669141,0.016687733977200834,0.08023726279165279,0.029582801141401483
715,0.003783901664565274,0.01154442558905172,0.017097629743591237,0.00887761544378776,0.34387518791031413,0.002098345468531652,0.01775523088757552,0.015334883565866337,0.013577529502263628,0.05916155708276408,0.012148315870446406,0.020983454685316524,0.005495666703297184,0.015387866769232116,0.002747833351648592,0.04968719235592893,0.00650191553629526,0.0030914283270494234,0.3541713053321548,0.023101184708055576,0.013577529502263628
716,0.09080825456630356,0.008666421367627068,0.060319936571656824,0.007583118696673685,0.008666421367627068,0.0127063789038671,0.3829140489007641,0.01773598721998116,0.00919165902627113,0.003063886342090377,0.012638531161122808,0.2256520108205754,0.0036990822910603323,0.04540412728315177,0.002407339268785296,0.013879839784133595,0.04942707836109676,0.021828907347669124,0.008425687440748538,0.007583118696673685,0.007398164582120666
717,0.006693214876870019,0.008762195128785157,0.006654831743381131,0.046634124464776314,0.011428950167980637,0.001537227215576343,0.022881455509299837,0.029517077606996785,0.39233448087739775,0.07298178529202502,0.04931736369663968,0.0103329979069395,0.00491338044604775,0.08344028200896388,0.19494719001531305,0.005622024690075324,0.025880917244839204,0.0032452574551056126,0.004044090059439302,0.013143292693177733,0.005687860900369956
718,0.010544238217061373,0.046287418613879576,0.00969608128936135,0.005345275582596641,0.014890410551519214,0.0018696479616257312,0.007188474059354104,0.1759440533866515,0.007445205275759607,0.3107387444111945,0.11830849463362235,0.01042328738606345,0.022033595819289983,0.005645636927793307,0.001293979351702209,0.002605821846515864,0.004343036410859771,0.22355712697894498,0.005634209397872135,0.00833862990885076,0.00786663198948185
719,0.006542882421491389,0.031428009992336706,0.01150471055712741,0.012582466195175748,0.18784236924828543,0.003315649875755772,0.05559171280369911,0.01817467339303164,0.016921247641788074,0.004673487443922421,0.018873699292763623,0.014870187321571339,0.009621885913957925,0.009436849646381812,0.003510743217146573,0.00479558062340628,0.007216414435468445,0.006542882421491389,0.20140747671934583,0.36503987439930846,0.010107196436544839
720,0.00434420749773495,0.010177857566121882,0.014249000592570634,0.012722321957652351,0.04297521993262297,0.004813851551544134,0.0497273583868698,0.05349975244585572,0.03562250148142659,0.26609103849353216,0.3450567970216837,0.012283621200491927,0.06457737453659743,0.010477206318066644,0.00398209026977391,0.0034924021060222144,0.007269898261515631,0.005397348709307059,0.015488044122359386,0.022264063425891618,0.015488044122359386
721,0.006916702150014257,0.02206757352623596,0.023170952202547765,0.2196093874259212,0.03564761877315041,0.005388593535476224,0.09422577721714216,0.02896369025318471,0.344195047762713,0.00662027205787079,0.015393841538355903,0.026246702811351615,0.0074745007104992794,0.016489325493908163,0.056710603659533204,0.016053280562920515,0.008971204948680554,0.00798998351811992,0.020148654089171967,0.02439047600268186,0.013325811760520414
722,0.009581991099304236,0.02908414606966489,0.5412294037443933,0.01592472934824334,0.021385401521812418,0.05286739447916177,0.02507253971522835,0.022721989116925696,0.03161320224963575,0.00944290456807302,0.051935975124401595,0.007686117869916161,0.01136099455846285,0.03305016598825555,0.007344481330723458,0.008760284960742435,0.017311991708133866,0.009855496255830175,0.019651450047070872,0.04250613799438427,0.03161320224963575
723,0.007301140384987343,0.014740038135729164,0.012400349542756279,0.008075882900917434,0.01860052431413442,0.5799472107338371,0.07102018374487688,0.016275458774867618,0.030047000815140213,0.00930026215706721,0.027900786471201634,0.01370564949462536,0.012018800326056088,0.03720104862826883,0.0037014441257847636,0.005007833469190037,0.011160314588480652,0.0073946410815373545,0.07525905600180047,0.016621745131779695,0.022320629176961305
724,0.0049229758598371655,0.014873671746742074,0.016257269118532033,0.011848518171133516,0.026887022003726058,0.029111444708329298,0.011651042868281291,0.047621286156380886,0.034455590123088256,0.004993304086406268,0.014563803585351615,0.014873671746742074,0.004481170333954343,0.018396383476233617,0.5235016806558089,0.004480802467972562,0.006132127825411206,0.005777376628899813,0.014266583104017908,0.02330208573656258,0.16760218959658854
725,0.08379501561468704,0.10053787943394703,0.014604310721656407,0.023591578858060357,0.06719025011002652,0.04214068284569559,0.08703379767906051,0.0034869695128074657,0.029489473572575448,0.001354442703321908,0.005462918903398363,0.0981409680495311,0.03430934867493245,0.0298171343900485,0.008386069047201142,0.12188053823806552,0.02296376625316505,0.021685188647308007,0.10088504116933708,0.09924736784098055,0.003997257734193924
726,0.003447860060858808,0.010020343301870911,0.006050018597356023,0.00943091134293733,0.006711411216503481,0.0032388988450491834,0.006680228867913941,0.23893800758641479,0.012826039426394766,0.21790910843314615,0.19658258217265115,0.03364850789051694,0.0025050858254677274,0.006822361397018493,0.0027882694405206017,0.0029448613001919043,0.03924359292499165,0.177590415849782,0.0069706736013015035,0.007634547277615933,0.00801627464149673
727,0.13233927046580796,0.06199159778522009,0.01233672028110426,0.0114231604386228,0.016566452948911438,0.005602888720373509,0.016106273700330565,0.1466017515191016,0.01233672028110426,0.014429327423607545,0.0110669895803001,0.01999399493834139,0.00411224009370142,0.011596517064238006,0.004054726246237065,0.0041416132372278595,0.042662756902749795,0.4317703337602411,0.008654117212117913,0.016106273700330565,0.016106273700330565
728,0.13967124784687518,0.014179578769434592,0.0368916009467328,0.01586762386103395,0.011784489502871821,0.004070956501477208,0.013884170878404704,0.06920293350532634,0.024682970450497253,0.005517978106505567,0.024682970450497253,0.018011897355768268,0.0041652512635214104,0.030292736461973904,0.008127319538578365,0.004472753034653865,0.009946868689006357,0.49654506924572134,0.024682970450497253,0.016661005054085645,0.02665760808653703
729,0.01532272480929506,0.026814768416266354,0.02767976094582333,0.016824952731774968,0.03300279189694321,0.01086167834582941,0.02110723248627027,0.0245163596948721,0.019955176495826128,0.004882788129566261,0.02092859973952496,0.02767976094582333,0.6378663106967104,0.01532272480929506,0.005917741995313954,0.004773577270203485,0.008181664351801817,0.011595575531358423,0.02092859973952496,0.023835349703347868,0.022001861264628803
730,0.006771645720532062,0.5028623754921661,0.017820120317189634,0.019916605060388413,0.03371623948721193,0.005108800592740767,0.014720968957678392,0.019347559201520172,0.02604479123281562,0.006638868353462806,0.01327773670692561,0.020520138547066854,0.00879434509160008,0.02508016933530393,0.057448549338703414,0.004735416587784659,0.009673779600760086,0.008158609301845856,0.020434819356690698,0.12725157673921147,0.05167688497840153
731,0.006347638769516407,0.0035515125837959857,0.05247381382800231,0.016398066821250723,0.02811097169357267,0.0045236046403450275,0.00334608013770268,0.030273354131539802,0.02539055507806564,0.0052871086421789806,0.017888800168637156,0.07871072074200348,0.007411789885258856,0.0201822360876932,0.5851019922058528,0.023749137184490725,0.009717372931111539,0.006727412029231065,0.012109341652615917,0.046300423965884394,0.016398066821250723
732,0.09416418732205493,0.005582318095686463,0.06387782592662333,0.0902630995615698,0.013924885882776612,0.06701351331086243,0.09103447033067893,0.004548555485374155,0.05744015426645353,0.028389882720773703,0.0349635721621891,0.06213991043123117,0.05642873218132413,0.1762150183187311,0.0005463692414678675,0.03829343617763568,0.03378832603909031,0.012002420294482823,0.007675687381568887,0.054031947487856474,0.007675687381568887
733,0.010151771113515291,0.024364250672436694,0.01903457083784117,0.17808544103462132,0.021003664372790255,0.009091138310610708,0.012610156589974313,0.026482881165692057,0.022287928715077517,0.005214704583666158,0.016462331535430197,0.02175379524324705,0.006457255164403909,0.45289361087579116,0.04374352154260927,0.054273658220075065,0.008231165767715102,0.008578961504379118,0.020303542227030583,0.01964858925196508,0.01932706127112813
734,0.005671204645522838,0.016253138956167403,0.5942363631234818,0.09324554449158651,0.010762213633137873,0.14107122058961066,0.021969975671360283,0.011886624012719444,0.014480069251858229,0.0036365470723844872,0.013498369641562757,0.005401723887024051,0.004213776766413772,0.010478997484897404,0.004375845103583531,0.004525021641205697,0.0058992874729792795,0.004892647768228673,0.01327339681420338,0.00885083470275467,0.011377197269317183
735,0.02326420813175028,0.01779690008452022,0.010025738573211675,0.5971784714852766,0.015110575543460564,0.0024672999304930845,0.011777360350050144,0.012917104900055,0.0917694125974139,0.0060671250288137114,0.028268548691275174,0.011953141847812085,0.006208220959716355,0.02355472070010029,0.006844961570969315,0.005303711945717947,0.013872528524422074,0.005072575523674889,0.020534884712907948,0.013128860718088688,0.07688364818027009
736,0.059417739288553,0.31634444528627764,0.009925391529440938,0.007218466566866134,0.012030777611443558,0.0027192853505317626,0.00684509760651099,0.01102821281048993,0.00810236043219668,0.2949066152134885,0.09787107197053124,0.01102821281048993,0.016650205398772926,0.007261663924609437,0.002005406852489625,0.0028157139090612578,0.013422682068197222,0.09340480105865134,0.0063018358917085295,0.009023083208582668,0.011676931211106984
737,0.007878679186780528,0.021580729946398834,0.017727028170256186,0.026124041514061752,0.024817839438358663,0.006707524172529367,0.02068153286529888,0.37484104439504556,0.01418162253620495,0.04046743160091721,0.02461479425527993,0.033500277522021255,0.008272613146119554,0.021580729946398834,0.005170383216324722,0.007037329321136988,0.10152726543616138,0.17585690852620156,0.014598729081387448,0.02363603756034158,0.029197458162774897
738,0.006891496751915702,0.012218531319023269,0.005272902340631761,0.01965370073785149,0.037520701408625574,0.6147095772859789,0.026627594548056865,0.027515181032992095,0.02063638577474407,0.009598318964997247,0.030572423369991213,0.027515181032992095,0.012139050455731808,0.030572423369991213,0.005981561094128717,0.0032967588094517993,0.011626132830841731,0.008480430952888285,0.01684602920387271,0.03301821723959052,0.03930740147570298
739,0.014530793418301794,0.02154565920644749,0.04463029407049838,0.03471245094372096,0.03905150731168608,0.017243920419051866,0.020827470566232572,0.048063393614382874,0.02314163396248064,0.005897029936284125,0.028401096226680782,0.06248241169869774,0.00545306001596485,0.0030978368306203235,0.46862663668449056,0.007909166037809837,0.011789134282773154,0.017852117628199347,0.016442739920709926,0.05680219245336157,0.05149945477160522
740,0.5037006063767011,0.013773636805485816,0.023017182501600758,0.009120381127956824,0.018240762255913645,0.02340703529158482,0.01730533855048218,0.01985024127849426,0.03213848587946691,0.008543141816060824,0.01928309152768014,0.016872705086720126,0.004354246473992291,0.02045176374147894,0.004560190563978412,0.12402538168665822,0.0037710515115410154,0.08595504342965858,0.013233494185662845,0.01730533855048218,0.021090881358400156
741,0.006444323484752449,0.007009916812531259,0.024124903301893784,0.017106749614070136,0.03618735495284067,0.004733148797304211,0.00497207060446502,0.027672683199231104,0.021880726250554827,0.004626854372909717,0.0162219177374803,0.020018536782422502,0.005483996030661686,0.014255624678391782,0.703199196162305,0.00615953269542361,0.009699703389421213,0.007587671199789173,0.017106749614070136,0.024124903301893784,0.021383437017587673
742,0.03138337081481683,0.26819736673904615,0.010716841525128081,0.010597482836307246,0.029132209012403414,0.003175427258007606,0.006549006247156165,0.09434243848871136,0.0114286579607235,0.014073052078095642,0.008571493470542625,0.008209317690097164,0.003834615499979596,0.0092517707301095,0.002885453247509399,0.002698433129615271,0.019979646076090204,0.43613038944595467,0.008447268927491284,0.008967100861490745,0.0114286579607235
743,0.0830858225303016,0.028850603805262696,0.01054156677499983,0.012458215279545253,0.01370403680749978,0.01049811230055255,0.14305427694886275,0.01054156677499983,0.011916553745651983,0.00762330051254673,0.08515135532670402,0.009616867935087564,0.018293124655425493,0.03483464536092437,0.0035365256277418793,0.40983026368754005,0.027695370111510423,0.004420657034677348,0.009136024538333187,0.05474015699573831,0.010470953246094277
744,0.009279573228689334,0.029694634331805875,0.02006394211608505,0.026513066367683823,0.021834289949857262,0.014276266505675905,0.01031063692076593,0.029694634331805875,0.03093191076229779,0.0035239122240304428,0.026513066367683823,0.03093191076229779,0.5528544728234158,0.06356365724466116,0.00836177138586099,0.0048956819887730745,0.02769230900161295,0.01031063692076593,0.024745528609838228,0.026513066367683823,0.027495031788709146
745,0.008670916604528952,0.018461135786762877,0.052543232623863574,0.02077635195511046,0.028460917671259436,0.5072033194660736,0.03415310120551132,0.015885163351400614,0.018461135786762877,0.006209654764638422,0.03104827382319211,0.04018011906530744,0.008432864495187981,0.02009005953265372,0.0954993098635312,0.018501457241983665,0.012197536144825473,0.006273467663640571,0.008884655331194185,0.022768734137007553,0.025298593485563944
746,0.07977373976195311,0.11301721516228519,0.002986080256445872,0.008536064957381476,0.02930075948651838,0.030371551361440985,0.07220544302034888,0.11872515532199655,0.007678492088003671,0.027545414448155534,0.05860151897303676,0.056257458214115284,0.0024827224255758703,0.014773492178076495,0.07412563842359156,0.11441176346654969,0.028327986636137874,0.05180391894691902,0.05022987340546007,0.052873550953115876,0.005972160512891744
747,0.00599683145644757,0.006099085458687974,0.013942828864568177,0.040084022970474684,0.010737580849724917,0.372473121413695,0.051087396386581836,0.02694719809402119,0.010002500152248276,0.025247825241245078,0.035929597458694916,0.2724661140617698,0.005051767753660745,0.03221274254917475,0.0018557066390767383,0.02112443669682063,0.02999626943799301,0.012979503027842055,0.007044014191724137,0.006946180661283525,0.011775276634264854
748,0.0053227615353701975,0.006963415581333908,0.012106673296136137,0.0098006402873483,0.16190834464151735,0.0032382807931923994,0.009647505282858484,0.04553672193042676,0.011226187965508056,0.07419227902947008,0.025635487901573585,0.011649817700055527,0.00541614331669248,0.024033269907725235,0.0019777828392612933,0.008893439858098312,0.006300411613295335,0.008806083630311538,0.46074059894633607,0.10233521380063647,0.004268940142852589
749,0.1329384081826693,0.05495324288998435,0.008893829006538357,0.021149292210879203,0.003333298378942642,0.061985916792701906,0.027051420269729218,0.02898129515366012,0.10574646105439604,0.01762441017573267,0.06609153815899751,0.0746424489871569,0.02359631775593961,0.07270069197489729,0.10789256655467482,0.08413902405703708,0.04631869781721479,0.03120387375375621,0.007555476325603322,0.015106637293485147,0.008095153206003559
750,0.01734141510847789,0.05759827161030156,0.01832672278509595,0.007166100685997429,0.003583050342998715,0.012566895624065795,0.07697223569740302,0.11731421910185733,0.02094482604010966,0.08445760788091543,0.07716514856882506,0.05331410264755186,0.0021095508241837065,0.04344112067578299,0.007798605440466362,0.02312415399069269,0.15570140630712084,0.17306855276381494,0.03665344557019191,0.003845224758340084,0.00750734357580683
751,0.07286999514178207,0.007909131245143555,0.026613389530042157,0.03168260658338352,0.05117959525008106,0.035648301817378394,0.12356216567519569,0.03168260658338352,0.07800476241564078,0.05836504766086161,0.057662343981758006,0.007909131245143555,0.019244019881195208,0.016007149268181198,0.10550667800543587,0.04435564921673692,0.05080738001189866,0.04790410115407587,0.006640440522916051,0.12096995240928249,0.005475552400484001
752,0.09054031591226365,0.004642507309532158,0.11039352157987616,0.15520338948813273,0.022300403778330268,0.04433056857475475,0.05962260732400801,0.006739123513837003,0.04905739829498247,0.00848384926349521,0.04730388680251875,0.017738957550944533,0.018828191786528847,0.08453067420795826,0.0023473351565050237,0.0703036626467581,0.055145020212718866,0.02040473634350532,0.006144494968498444,0.1212961151456477,0.004643240139203645
753,0.10332119830471322,0.01772558939735043,0.01674083443083096,0.013697046352498063,0.008862794698675215,0.006411383399041644,0.007726538968075827,0.018128988940793483,0.01772558939735043,0.013787306666195312,0.060267003950991445,0.15562370897791197,0.10505439271536708,0.00972048450822443,0.007601650161902281,0.07139471295107701,0.22404780649744424,0.096986571031167,0.014349286654997967,0.01310152259804162,0.01772558939735043
754,0.2801356348397244,0.009223620464998666,0.01677765985791824,0.01454493996403636,0.019903602056049755,0.1267524449906891,0.01080481254471272,0.017189474502952058,0.02521122927099636,0.008046137001381815,0.013040291002239494,0.01454493996403636,0.005579787436099804,0.022245202297937958,0.007003119241943431,0.2985560180395184,0.010230365865295543,0.03174493136470494,0.021009357725830295,0.022245202297937958,0.02521122927099636
755,0.09860314264299938,0.19259495495781204,0.01125839246033945,0.006473575664695182,0.00681429017336335,0.2607806138807811,0.009247965235278833,0.007398372188223066,0.008353000857671204,0.002754713048806461,0.033614707719204336,0.008631434219593576,0.005394646387245985,0.007192861849661314,0.013069873039697751,0.15169654969942656,0.1278627372866338,0.01753810837523704,0.004948158444591611,0.002121160254865603,0.023650741613872168
756,0.014568956386351169,0.1937671199384705,0.01025274653635439,0.01651831386412652,0.0032627639587194555,0.014568956386351166,0.05540994103150089,0.06379064514466379,0.01651831386412652,0.2219543323375408,0.1107240685362689,0.017489979385545727,0.021631241341062857,0.02050445713634609,0.0028203025484459274,0.019090356644184292,0.007251942672055542,0.08699748242135412,0.013514984070648968,0.07284478193175584,0.01651831386412652
757,0.3681888473599702,0.01269916510733897,0.01500810421776424,0.02519099942372421,0.018343238488378513,0.26267803575994814,0.012381685979655496,0.01707818755814551,0.030954214949138744,0.005502971546513554,0.01981069756744879,0.01597636900600709,0.00346882418804625,0.02913337877565999,0.004161911253665713,0.07006355615246594,0.04229622876116734,0.003236346230942586,0.013757428866283885,0.012381685979655496,0.01768812282807928
758,0.009114651271498643,0.02364112673544961,0.02364112673544961,0.0560719842230643,0.025217201851146245,0.009339704389313424,0.012822306026006565,0.05302053803584511,0.5650655848692404,0.006100935931728931,0.02044637987930777,0.008048043143982844,0.006052128444275099,0.014672300670737526,0.0935092127002035,0.005956819334916436,0.0075818089285261256,0.010655155711751935,0.013272211500603285,0.016811467900764165,0.01895931171618864
759,0.024487857074125468,0.01426392724330565,0.016046918148718853,0.0173480196202366,0.011886606036088041,0.00987502655305776,0.013372431790599047,0.014588107407926234,0.019450809877234982,0.07930296423994442,0.012585818155857926,0.11694203293945156,0.004089890260920688,0.017829909054132065,0.0048627024693087455,0.4789574769406641,0.0906607685920333,0.008792831862311702,0.017829909054132065,0.010522569277848429,0.016303423402102415
760,0.006408640893106125,0.14918778043476205,0.011555458414545935,0.015817071140432137,0.016454764345646425,0.005947218748802485,0.08691714289303751,0.00758573820000317,0.019061598553854114,0.0037170117180015524,0.013766710066672417,0.011263671872731976,0.004107195268510003,0.012817281786212248,0.004062307888526287,0.013844080566955222,0.004890804892107306,0.006820204987158812,0.012817281786212248,0.5549282183874221,0.03802981715529973
761,0.4333067838195917,0.009354066758923774,0.008528707927254029,0.05253354259994892,0.010174598930759192,0.33647324990136307,0.00816833998666583,0.013180730433028955,0.009061752172707407,0.004328001037711,0.009507412115627441,0.008528707927254029,0.0033181886173317622,0.01208233623027654,0.003624700869082962,0.013869632444122003,0.002194479395931166,0.0294949186078781,0.012607655196810301,0.0089223406008196,0.01073985442691248
762,0.004190599821424847,0.020762517297059475,0.012345280555008335,0.014122976591701848,0.010875604298459724,0.005373828006297746,0.19804057436248906,0.012345280555008335,0.04939901438199187,0.05313092835469721,0.010381258648529738,0.07949957006287857,0.006025368449946241,0.34103326624533437,0.11632277864013721,0.004115093518336112,0.003971959830741813,0.0057819668422190934,0.013050725158151668,0.008013603167286111,0.03121780521230064
763,0.005550324550901135,0.08246257596151699,0.01058030617515529,0.026043830584997634,0.016928489880248462,0.0054608031871769235,0.09031615462451863,0.07156372049628826,0.010397709123131886,0.003253221687343058,0.2524725737245559,0.01058030617515529,0.004836711394356703,0.010259690836514223,0.0031088572767917176,0.0034198969455047404,0.05378445232577512,0.09169970486960612,0.009404716600138033,0.23067234086532454,0.007203612714999346
764,0.011742084509672944,0.012117505341517523,0.02558096982464463,0.026528413151483323,0.03769827132052893,0.005581432250439304,0.01790667887725124,0.031142050221306502,0.026528413151483323,0.00706847789521121,0.03769827132052893,0.028650686203601988,0.009811878836849995,0.01705397988309642,0.0631604961451984,0.00808838216986986,0.012790484912322314,0.011742084509672944,0.5337273816003457,0.02754873673423268,0.04783332114074186
765,0.02124672560908132,0.010395918891776556,0.009553006549200075,0.006013665827661356,0.024481823747089577,0.002827689938563223,0.09040731715124961,0.009818367842233411,0.07503959140597698,0.0831427591091564,0.13360825087507397,0.018707808712398646,0.0017058060465210947,0.2633258046162463,0.03419098256338541,0.03723995724909401,0.06804506894411662,0.014689094248253747,0.007069224846408057,0.02754205171547578,0.0609490841110379
766,0.0031452552329313864,0.044514116695573286,0.007558758543657685,0.008520782358305027,0.0025517614650685506,0.004110903769357689,0.04101435290918462,0.07822842387239573,0.013017861936299346,0.35043496255197054,0.26263328850388235,0.007438778249313913,0.014019548150660904,0.0061663556540365325,0.013791981395783312,0.0025195861812192287,0.019541167299396013,0.09427272376073177,0.008520782358305027,0.010187891950147318,0.007810717161779609
767,0.0022191486573412975,0.010503970311415475,0.005433088092111452,0.005627126952544005,0.37862148303075605,0.00250094531224178,0.18942916397379791,0.028999398842588765,0.004376654296423114,0.1172289267055093,0.19902239723844814,0.005251985155707738,0.005812306818427216,0.0039389888667808026,0.0018511172444370112,0.001945179687299162,0.0024618680417380022,0.008336409846591597,0.004923736083476003,0.017673188874774193,0.0038429159675910274
