site,A,C,D,E,F,G,H,I,K,L,M,N,P,Q,R,S,T,V,W,Y,*
677,0.27056010559551286,0.0057816934689330565,0.005326953533174277,0.006340316611202507,0.009117285854855973,0.4257636055373265,0.008945261593443598,0.006870998035543631,0.0076467558782663,0.0024952571813290033,0.007076102454515083,0.008317523937763345,0.004558642927427987,0.016932102301875376,0.00206129941066309,0.17834499332608703,0.00988956376261433,0.0016829551228973877,0.005512777493633845,0.009481977289050212,0.007293828683884777
678,0.04777572335405659,0.0939850295489638,0.09948012200243142,0.0812763620313366,0.04141968449673884,0.12900505900546788,0.055768350919192876,0.00851313673450759,0.009956041265780063,0.012957687916361824,0.024475268111709317,0.10715385986703937,0.0008655783449145526,0.030283644907204966,0.007100232908722678,0.0743552448963321,0.10533659693647048,0.021550550538611976,0.012974840926689274,0.03423728103048589,0.0015297042569818323
679,0.5363347131523114,0.011911728548775846,0.011324504735285916,0.013069813268795721,0.020457099029419386,0.003360809126261757,0.01622459578195331,0.01960471990319358,0.02002184160326153,0.00797480131655332,0.01775521802553381,0.025433150144683562,0.008215111192222567,0.020911701230073156,0.005668834670802964,0.20379781422089885,0.004264388072475352,0.003500010541407779,0.013638066019612927,0.02002184160326153,0.016509237813215647
680,0.00688929191698918,0.011625680109919241,0.012610907237878497,0.018601088175870778,0.0038767564951790014,0.004110737718424483,0.009609871417263195,0.30434340371836593,0.016174859283365903,0.4251760951076899,0.012000702048948894,0.013286491554193418,0.019248468247472166,0.013053395211137395,0.003635689107763185,0.003835275912550677,0.0077504534066128285,0.07269390781374789,0.012197434869423467,0.013778583833978357,0.015500906813225654
681,0.05142879353875482,0.033159375280669486,0.0028440789714414376,0.0025732143074946347,0.03922076646100693,0.009817463650034962,0.09606666747979968,0.02805793292979726,0.08357920437898518,0.0139752156355312,0.010836327520004536,0.029720625251563024,0.001256686057148542,0.12364512816520824,0.09246111828412898,0.0667521763041529,0.0999490609963705,0.05705635523154304,0.07137024592670867,0.08468563504515922,0.0015439285844967806
682,0.006214412907060622,0.00785371603451039,0.009136421624950054,0.015501119835589414,0.7976461517803715,0.0045232775913687144,0.02090302523284027,0.010522618660472834,0.017032094634166148,0.002171727000277313,0.01231785415506659,0.014222676962551114,0.010102959853994972,0.02028823037305085,0.004142941938040414,0.0020914276434372573,0.007377538317473038,0.003848910278762189,0.009854283324053272,0.010452615198288544,0.01379599665367458
683,0.005663829839036529,0.008019983052075725,0.012531223518868323,0.009828410603033976,0.008837617876745467,0.0037687890282310744,0.024451167841694287,0.21206685955007926,0.011656952110575183,0.576913151600994,0.01946266196798282,0.01699148951710959,0.011794092723640773,0.01066487107988793,0.0037546737135185984,0.004273775696613383,0.008424351945457695,0.020298396463720808,0.006600489191950371,0.012689846601385642,0.011307366077398497
684,0.00946668121362624,0.01863752863932666,0.009623525256437337,0.014546363816059832,0.022938496786863584,0.006245035774434064,0.022938496786863584,0.03655332020749363,0.012365497521470523,0.00641291308019842,0.015292331191242388,0.6921924300441379,0.010843653026517332,0.021300032730659037,0.006975449315303544,0.02535984445722339,0.0117193782723773,0.007273181908029915,0.011928018329169062,0.020100838556813754,0.01728698308575227
685,0.007565248957625074,0.016095502662547306,0.7513521912708482,0.012712579325183828,0.01738314287555109,0.002410484527967999,0.023143718415709263,0.020057472548712797,0.01810744049536572,0.005872683403902395,0.014326766106223429,0.00949500152681796,0.011048607759884168,0.019458742024870624,0.005053239208009038,0.006397842914907923,0.00972937101243531,0.0053750156609781,0.010864464297219432,0.020768762302629216,0.012781722702611095
686,0.011833235018314549,0.021553392354787215,0.02081017192876007,0.017492608287943245,0.02081017192876007,0.0051802144715368415,0.028069534229490333,0.007378214436229083,0.020303444438144694,0.007803277758902654,0.6960117045202341,0.030174749296702105,0.011605672806423882,0.016534109203672383,0.0048001660196550664,0.0067808425385847415,0.004270049672214195,0.006373299394562785,0.012572812206959206,0.030174749296702105,0.019467580191420707
687,0.02773938913598732,0.01798726014286678,0.01621386829779541,0.007179906181423213,0.027409158312939854,0.6644985859529339,0.02213816632968219,0.023023692982869475,0.02172046507817875,0.00556127849827765,0.015147166436098338,0.03197735136509649,0.008855266531872874,0.016683835494832957,0.004164226195610297,0.01940198846871023,0.011286124011210525,0.007801692464730712,0.010010301296899773,0.023023692982869475,0.01817658383911366
688,0.008158335987645857,0.017516427267592578,0.021269947396362412,0.006946179748128053,0.03403191583417985,0.0055515481987340526,0.0238223410839259,0.022760016792572613,0.6852847565808204,0.006108292585622027,0.018906619907877703,0.023874464513521078,0.012671458023364843,0.019006933606891378,0.011523332314551079,0.008569187440261116,0.01086116698178895,0.007940780361308634,0.01227955725975562,0.02534291604672968,0.017573822068366055
689,0.0035562891348928293,0.021838428729139853,0.0029538300256739306,0.002862474457869583,0.0028463306631741504,0.0007725104807426562,0.006170222720296655,0.05174045076979042,0.003803561950867801,0.038772345472134394,0.0035146838280170826,0.004206970036565901,0.001969220017115954,0.004271692652513069,0.0009674565240883259,0.03198178268635439,0.6492050883765366,0.15870474026602102,0.002619434173710845,0.00385638920018541,0.0033860978343091402
690,0.010795258582713914,0.020191131793594542,0.023702632975089243,0.015356635448649368,0.02096771378565587,0.011627721665261728,0.047405265950178486,0.03407253490169079,0.009484443889898414,0.006528868963198237,0.0174042263667225,0.036344037228470176,0.013629013960676317,0.025356305043118723,0.6224132591178518,0.00632358338426692,0.011627055100933922,0.006814506980338159,0.008117131071866807,0.033040033844063794,0.018798639945760434
691,0.009350398974760964,0.023276525107383674,0.020641446793340238,0.008228997626524443,0.02279159750097985,0.004950211221932275,0.024863560910159833,0.019890848728127866,0.6309421064018264,0.005945634130690395,0.016088186471279894,0.016685931797449517,0.010939966800470328,0.020641446793340238,0.09220539353474091,0.006435274588511957,0.012786744312054364,0.006360445814226934,0.009596462105675727,0.019890848728127866,0.01748797165839635
692,0.03704460769192852,0.0077023863271919,0.2867159154148898,0.19789145335276467,0.027308460614589462,0.1398835820940407,0.08379102744874709,0.008207460840450384,0.011378525256078941,0.008162855075013154,0.008631984677025405,0.0790676137307745,0.005501704519422785,0.01788053968812405,0.002068822773832535,0.025674621090639664,0.011553579490787847,0.0024638151123868015,0.024069957272474688,0.007949607088450215,0.007051480440386951
693,0.026630810781025964,0.1598818181483394,0.00325359825291696,0.002488045722818851,0.002226146173048446,0.0007250876106500653,0.13628961570552153,0.12610430388018182,0.007011667799914389,0.1291164780368099,0.04060490619640365,0.00352473144066004,0.0012934398272709017,0.05224896017919588,0.008293485742729506,0.014303554281672522,0.07254764496020906,0.2044926835820949,0.0027584854752991618,0.00325359825291696,0.0029509379503200334
694,0.07719983123070256,0.035444792078096476,0.093982403237377,0.022119926526153154,0.013426057605339572,0.22780421923831062,0.017281339651902886,0.007983061278850555,0.005025387071644057,0.062429770478439686,0.1148673817345719,0.02109809052267647,0.09730528705979762,0.16883441080900083,0.0036154696503924518,0.008204812981040848,0.0030768048678903185,0.0022042781143094816,0.0047640849567333965,0.0109397506413878,0.0023928402653822017
695,0.008037110181137529,0.02055595623986529,0.024886599202075393,0.6266265039649317,0.03301411153675335,0.0020075702439834695,0.03890948859688787,0.04952116730513002,0.00950487680776197,0.004340500719971555,0.017860093126440338,0.04190252618126386,0.010577336705950102,0.015131467787678618,0.005615802477901342,0.008646553021530638,0.014526209076171474,0.005730904257782996,0.01328616683796171,0.034045802522276895,0.015273253206543772
696,0.006288888810274072,0.011213028739538732,0.021206718081156754,0.012491628458763568,0.017205450518674344,0.003213425771006361,0.026053967928278295,0.027632996287567893,0.017205450518674344,0.00491789031654764,0.014948997991635087,0.029415770241604532,0.013026983964139148,0.01788017406842628,0.002872608232480649,0.006523991770341511,0.010728104441055769,0.0055944102913481,0.49024938743286445,0.02338176608948052,0.2379483600461419
697,0.11283325066740334,0.0442785029134204,0.08065013030658716,0.049292494207102265,0.058736789579027074,0.05742888535763171,0.06523172304209256,0.006013678379919084,0.027080995291066667,0.03348794337989778,0.058544525128686534,0.0739155600897846,0.000817952640026239,0.09699100638177803,0.01299430383319909,0.12391372083979589,0.04137254733749296,0.014597308652775953,0.010947981489581968,0.02965078320095116,0.0012199172817796912
698,0.1683774722161537,0.02484577422941425,0.053915330077828914,0.15069502195666462,0.009351244078439179,0.01720702023760497,0.034263939150884194,0.011789066343548595,0.009790919505659001,0.001942318236280396,0.007806273659917313,0.01833854764552004,0.3296020797793397,0.06971809923857188,0.0020929864160647866,0.040976979766883886,0.021126677897158865,0.0032821832433743247,0.006145364370573203,0.007405951933767708,0.01132675001635061
699,0.009560933988516257,0.02104267099373601,0.01828297643718047,0.009532150108273577,0.02230523125336017,0.006230511523284965,0.024244816579739314,0.03845729526441409,0.01798808972045175,0.008106766797710942,0.023728969418468266,0.04130598380251884,0.019631474419416716,0.025936315410883922,0.005493899323487727,0.6342936863371377,0.011608824635130608,0.00684209547649085,0.010521335496868005,0.02104267099373601,0.023843302019194004
700,0.0359728222107743,0.05458632221799666,0.0046654976254697994,0.006718316580676512,0.041989478629228194,0.004891978092725615,0.06169882574090673,0.07170387880047405,0.0671831658067651,0.05496804475098963,0.04366905777439733,0.07052571252216389,0.10245466524664733,0.12596843588768458,0.016559231008709707,0.009852912807185265,0.09552252021503461,0.08957755440902014,0.010953777033711701,0.025448168866198904,0.005089633773239781
701,0.01472412360954855,0.024400553878770628,0.025485022940049323,0.012278707909198596,0.02730538172148141,0.6551401875778297,0.021638227024570175,0.02123751911670777,0.020119754952670512,0.006992841660379386,0.015709945647975607,0.024400553878770628,0.015497649085165127,0.028670650807555483,0.004609274540571511,0.007854972823987802,0.013335186422118832,0.006463693277161536,0.015291013764029592,0.021638227024570175,0.01720651233688749
702,0.002509850671208106,0.0030621394818480785,0.005465897017297653,0.003843208840287412,0.17934974588007924,0.001192127713355207,0.09943280744232966,0.07234275464070422,0.006306804250728062,0.0014398168027745586,0.04257092869241441,0.005856318232818913,0.0021766846529061457,0.005233305654859455,0.0007432043906940336,0.0033015485339381798,0.009460206376092092,0.03123369724170087,0.14043665398150787,0.38189359423487557,0.002148705267580066
703,0.05119989446376272,0.046912263177463345,0.1252295926156584,0.1762584357138489,0.017081615361044633,0.0327405479390229,0.09449897040415199,0.023269517877676723,0.0023544929281439893,0.05046733807359668,0.05052741823797001,0.0671030755002311,0.00871162383413276,0.04545195043895354,0.012836424454192178,0.04966150348263522,0.042254734264578264,0.05030656016893566,0.013755195527578042,0.0379737449180146,0.0014051006184085098
704,0.016736580595836992,0.04596666501673539,0.12683750274808098,0.01605065516158138,0.016318166080941065,0.002382214026414754,0.025877791996329762,0.012087530430326714,0.006392808662355657,0.003280033383103732,0.007172820255358711,0.3742575298379115,0.006100249002220958,0.011253907642028323,0.006870806770922554,0.2566966941315388,0.031898463159909386,0.003586410127679355,0.010041948357502196,0.013172656556902786,0.007018566056318738
705,0.008864255410781344,0.010911050451758601,0.018380294307649554,0.010963684323861139,0.018654627058509992,0.004612781781533045,0.03289105297158341,0.02403576947923403,0.019839047824129676,0.005134482314584507,0.014533255964188021,0.030484390559028532,0.014533255964188021,0.01666480017226893,0.006069623510129954,0.0053412821064964516,0.010774655283794565,0.00555493339075631,0.7160895990665992,0.021184068015596094,0.004483090043328818
706,0.007979999230300216,0.03428444113758611,0.024213963045292615,0.5263980053851877,0.026447997448995002,0.0032124658704917645,0.044079995748324996,0.0215274397840657,0.008025932410110397,0.009075293242302206,0.01928499813989219,0.03191999692120086,0.011867691163010579,0.026447997448995005,0.007587540251760861,0.008492476245090141,0.0215274397840657,0.00619034731278919,0.023141997767870626,0.11944256912449358,0.018851412538174614
707,0.007758956256740097,0.029545888652266417,0.222420393968583,0.3712734309798732,0.027083731264577544,0.014591121764538969,0.08666794004664813,0.025000367321148503,0.009117529204714897,0.006989350003761945,0.02321462679820932,0.05200076402798887,0.009848629550755468,0.022414122425857275,0.006647987609553886,0.013978700007523888,0.009848629550755468,0.005674423195385756,0.012500183660574251,0.021666985011662032,0.021756238698881096
708,0.01934439515959513,0.020296314762832855,0.016764179869458173,0.02115998773146404,0.06501289862660223,0.004626269542108362,0.031078731980587807,0.020316184543497814,0.027625539538300273,0.008357306078813529,0.028414840667966,0.02260271416770022,0.014413324976504492,0.04735806777994333,0.008647994985902697,0.006906384884575068,0.01080999373237837,0.5680821019849821,0.015786022593314446,0.022100431630640217,0.020296314762832855
709,0.01186531792867814,0.015209180254032882,0.02884499703351064,0.09181151494812537,0.046472495220656024,0.004224772292786913,0.02614077856161902,0.02698402948296157,0.012485147969728485,0.018661518615734226,0.061963326960874726,0.024603085705053193,0.4771142091246837,0.019748992632609173,0.00347097474677099,0.02222104638287075,0.005499781837699127,0.03280411427340426,0.010456311424647608,0.04780028079838907,0.011618123805164006
710,0.009857958797275017,0.010319948781334649,0.0208319129300906,0.01555058289147608,0.6336656831245413,0.004296075429162652,0.034502855790462555,0.0357528844302582,0.025676543844065158,0.002512580187600363,0.02760228463237004,0.03154546815128005,0.011203081436065736,0.02628789012606671,0.00665115292346266,0.003185057411698659,0.015772734075640026,0.0066696913009493845,0.03345731470590308,0.020122934912634675,0.024535364117662266
711,0.00904005973147588,0.5467139672412836,0.053235907307580176,0.017422660573389877,0.043556651433474695,0.004193192409043592,0.03194154438454811,0.0563674312668496,0.03422308326915868,0.008332576795969073,0.029037767622316465,0.04166288397984536,0.011014325649844177,0.025898549500984958,0.0033734395553905476,0.010306558663180749,0.018427814068008527,0.01041572099496134,0.008190139585781566,0.009168875527490922,0.02747685043942201
712,0.008061831223064017,0.02002599436656584,0.018620661428561218,0.015608495609235136,0.013919626779430094,0.0076911427639709375,0.02468320235879045,0.04245510805711958,0.03216296064933301,0.01050869011314841,0.036599231083723774,0.03537925671426632,0.0031769029218301696,0.02307342829191281,0.007635810801640212,0.6078830793776336,0.013849476389668224,0.00991941777035504,0.02081132747898018,0.02582232037435436,0.022112035446416444
713,0.007952394156695257,0.023857182470085767,0.016161317157154874,0.016983079046501735,0.041750069322650095,0.005358297667078086,0.5722733743062297,0.056370645811319196,0.015181843390054583,0.00701307651331773,0.02178264486399135,0.02638433368511238,0.008126345688221041,0.09728883298580847,0.002937141207427211,0.008213128391341003,0.015656275995993788,0.011386382542540938,0.014314309482051464,0.01013429065510022,0.020875034661325047
714,0.014339179184674696,0.03613473154538024,0.03011227628781686,0.02914091253659696,0.056460518039656606,0.009927124050928635,0.5139194332906981,0.04106219493793208,0.02914091253659696,0.009832671311880639,0.03226315316551807,0.030012915999575923,0.008895827909482682,0.02904784929121989,0.009583199915620216,0.017372467089125113,0.01613157658275903,0.013483108785589637,0.02316328945216681,0.008914463148848823,0.04106219493793208
715,0.0065533669296161815,0.011914564079506878,0.029611509830117556,0.015375207027176426,0.45867509327927936,0.0036341398427871554,0.03075041405435285,0.02655859685021937,0.02351502251215218,0.002292729680264929,0.021039756984557213,0.036341398427871555,0.009517985302537786,0.026650358847105805,0.004758992651268893,0.0047991493554131286,0.011260715005819351,0.005354067298705004,0.2078727990074253,0.040009110521670874,0.02351502251215218
716,0.07382589205601169,0.040177356220958735,0.00880658090215754,0.008788796673334726,0.010044339055239684,0.018364649765177033,0.39015540994208714,0.010985995841668407,0.010653086876769363,0.0035510289589231214,0.014647994455557874,0.20096568533470976,0.004287217889431574,0.11249659741868447,0.0027900941820110238,0.014431580924179933,0.024719887440231316,0.023179243973630043,0.009765329637038583,0.008788796673334726,0.008574435778863148
717,0.005665709221842032,0.013880987593512976,0.01054252222292125,0.006109074383851637,0.01810563599153867,0.002435260981318066,0.01936881989792508,0.01665718511221557,0.4769975071216305,0.03660919804882544,0.020572820872406587,0.016369438667124165,0.0077837313608484,0.05120413209450932,0.2026191824149009,0.004928161275803425,0.03334745957061845,0.02056442606446367,0.006406609658544451,0.020821481390269465,0.009010656054929634
718,0.00327527055240055,0.1396708594888099,0.011273024226867007,0.006214615919939505,0.01731214434840291,0.0021737221603375842,0.008357586926815196,0.17108472061951108,0.008656072174201454,0.27724055987160223,0.11315016081079199,0.012118501043882035,0.0014764912103358055,0.006563827175514634,0.0026455193164017063,0.003029625260970509,0.005049375434950848,0.18531654299467382,0.006550541104801101,0.009694800835105629,0.009146038523684554
719,0.007802828207033112,0.003059537730570404,0.013720142632250347,0.01500543885967906,0.2461399595567159,0.003954135915726238,0.11435774568583656,0.021674522797314195,0.02017972812163736,0.0055734487193093655,0.022508158289518593,0.017733700470529797,0.011474747363283987,0.011254079144759297,0.004186797872512785,0.005719053063601687,0.008606060522462992,0.007802828207033112,0.11293567141758448,0.33425790255649934,0.01205351286614136
720,0.006357325556450316,0.014894305589397886,0.020852027825157042,0.018617881986747357,0.05463373324002654,0.007044603994985486,0.010262751005556525,0.0121812277438422,0.0521300695628926,0.3008213187962126,0.35951772112339736,0.017975886056169864,0.0019915069613647292,0.015332373400850762,0.005827402179413659,0.005110791133616921,0.010638789706712776,0.007898495388317061,0.022665247636040258,0.032581293476807875,0.022665247636040258
721,0.01074608968780725,0.03428514328967076,0.0359994004541543,0.010677059611244778,0.055383693006391226,0.008371953593989373,0.0626076529637466,0.04499925056769286,0.4111486341164583,0.010285542986901227,0.023916542627287242,0.04077802055122842,0.011612709823920741,0.02561853420977778,0.08314985387841912,0.008888740852877604,0.019216097691642196,0.012413586363501481,0.0313038264818733,0.037894105741215045,0.02070356150020047
722,0.011615431125503683,0.035256231404849785,0.5044939602534514,0.019304192105776302,0.025923699562389556,0.0034641838322741277,0.030393302935215336,0.0275439307850389,0.03832199065744542,0.011446828378197984,0.0629575560800889,0.009317225596984412,0.013771965392519448,0.04006389932369295,0.00890308873859843,0.010619346808689695,0.020985852026696308,0.011946978115599282,0.023821777976249858,0.05152656824329299,0.03832199065744542
723,0.009106807224921071,0.018385441001255748,0.015467117032802454,0.010073153626920558,0.023200675549203676,0.5515045364700079,0.08858439755150499,0.02030059110555322,0.03747801434871364,0.011600337774601838,0.03480101332380552,0.017095234615202713,0.014991205739485454,0.04640135109840735,0.004616859330173909,0.006246335724785607,0.013920405329522208,0.009223431858057513,0.018429762060146033,0.020732518575884137,0.027840810659044413
724,0.007615907563978927,0.023009763278404417,0.025150206374069943,0.01832981142516962,0.04159457208019259,0.0018438004773183375,0.018024314568083462,0.031188247559749856,0.019950456974754397,0.007724706243464339,0.022530393210104322,0.023009763278404417,0.006932428680032098,0.028459444054868617,0.6184274735675622,0.006931859586582741,0.009486481351622873,0.00893767664533064,0.022070589267040967,0.036048629136166924,0.02273347467709842
725,0.06684074040387698,0.08595826966816346,0.025968970794428406,0.06292481384803807,0.06077129427953438,0.02081482391919834,0.0663261551371212,0.01160315716346801,0.01048746897467301,0.0022535057300950272,0.08180225800244947,0.08725574186927944,0.03432386890596703,0.015148566296749903,0.027693472761245917,0.155947675748013,0.03522330746791361,0.011017139124909021,0.07175636666881532,0.059231813154560595,0.006650590081499958
726,0.005965329228277319,0.017336738069680956,0.010467464494901709,0.01631692994793502,0.011611775648117273,0.005603794123533239,0.011557825379787305,0.31802101672233046,0.022191024729191627,0.2721227132874275,0.08124906321965011,0.02170995997274884,0.004334184517420239,0.011803736558080653,0.004824135810693832,0.007025753395291562,0.002786484551091882,0.13593339707017577,0.01206033952673458,0.013208943291185491,0.013869390455744767
727,0.0032120465298559266,0.04444107611019255,0.016547209189965315,0.01532185387050926,0.022220538055096276,0.004086577533657684,0.021603300886899157,0.1891748510096035,0.016547209189965315,0.005262826618419935,0.0073000784066646115,0.026817890756150677,0.005515736396655104,0.015554376638567393,0.005438593230268319,0.005555134513774069,0.09612255226080973,0.4444638032690221,0.011607743760124922,0.021603300886899157,0.021603300886899157
728,0.09552441443550642,0.038718355705964366,0.014577099335219534,0.021663841883099104,0.01608919643540258,0.004777957670347816,0.01895586164771172,0.006107671311425786,0.033699309595931946,0.00753361727380585,0.033699309595931946,0.024591388083517903,0.005686758494313515,0.04135824359500739,0.011096114135245883,0.00610658630261854,0.013580318792390484,0.5133923577697665,0.033699309595931946,0.02274703397725406,0.03639525436360651
729,0.017853260761955543,0.031243206333422206,0.03225105169901647,0.019603580444500206,0.038453177025750414,0.012655475983158363,0.02459307533292045,0.02856521721912888,0.023250758201616525,0.005689176749402066,0.02438494152852465,0.03225105169901647,0.5703907058268239,0.017853260761955543,0.006895052432203522,0.013231440661241944,0.009532859785545801,0.013510575711750145,0.02438494152852465,0.027771738963041963,0.02563545135050027
730,0.010483053842531394,0.5958170919577686,0.027586983796135247,0.030832511301562927,0.019494535337286886,0.007908835443365424,0.022789247483763903,0.02995158240723255,0.04031943785588998,0.010277503767187642,0.020555007534375284,0.031766829825852716,0.013614355639651163,0.03882612534270887,0.007087051125573964,0.007330806882889087,0.014975791203616279,0.012630185352447464,0.016908151358921604,0.00863756455111406,0.0322073479901248
731,0.007431140788253859,0.005299247470661512,0.061430763849565244,0.01919711370298913,0.0329093377765528,0.005295755504272867,0.003917234974280493,0.0354408252978261,0.02972456315301543,0.006189584837673258,0.02094230585780633,0.09214614577434786,0.01735387161437688,0.023627216865217397,0.5248909399245992,0.00737508729043921,0.011376067379549116,0.007875738955072466,0.014176330119130437,0.05420361516138109,0.01919711370298913
732,0.05863586937226534,0.044340347500514694,0.07345112057150585,0.23225896309793415,0.02956023166700979,0.09822618647683466,0.09250094563276587,0.0060215286729094035,0.0609679778132077,0.019053148036309697,0.028275004203226758,0.0035870091714803563,0.03581672208123726,0.08005453539477085,0.009676780020376962,0.050179405607578366,0.022315076846664252,0.007279758544860621,0.010161329635534618,0.027476730017478173,0.010161329635534618
733,0.013333220140191561,0.031999728336459754,0.02499978776285918,0.09999915105143672,0.027585972703844615,0.011940197140470054,0.02910186795406976,0.03478231340919538,0.02927271081116045,0.005581517647525042,0.021621438065175504,0.028571186014696204,0.00848088512296781,0.4571341834683235,0.0056441755937621674,0.0857135580440886,0.010810719032587752,0.01126750997762667,0.026666440280383126,0.025806232529403027,0.009687204913773092
734,0.007992782520800367,0.022906562728176413,0.6437676386288357,0.13010022817203754,0.015167859103792489,0.004436625355458303,0.011028392604532141,0.01675256080120364,0.020407664976011708,0.005125212665208419,0.019024094469163456,0.007612986475541881,0.005938738485082772,0.014768704916850582,0.006167151503739802,0.006377395305003658,0.00831423387911588,0.006895513741194897,0.018707026228010733,0.012474033530516154,0.016034593909723487
735,0.007679537022429918,0.024819005799663695,0.013981584580051925,0.6407325556249708,0.021072740773299365,0.0034408200862846225,0.01642434207330686,0.01801379453201397,0.011473579569134484,0.008461024704430805,0.021072740773299365,0.016669481507236808,0.008657792720812917,0.06569736829322745,0.009545771461409114,0.00739639245685342,0.020682504833053082,0.009751783292937351,0.02863731438422734,0.01830910263909617,0.027480762872260492
736,0.1040185117596838,0.2696776230806617,0.013002313969960471,0.009456228341789434,0.015760380569649058,0.00356227779998917,0.008967113082731357,0.014447015522178303,0.010614133853028956,0.29654678128311174,0.014952638798990428,0.014447015522178301,0.021868296986058983,0.006706590542956705,0.0026270932946308705,0.003688599707790205,0.018798526221629603,0.13548629682984023,0.008255437441244743,0.011820285427236791,0.015296839964659376
737,0.012256185278505798,0.03357129011068979,0.027576416876638043,0.040638930133992904,0.03860698362729326,0.01043431989926845,0.032172486356077716,0.39064298064557845,0.022061133501310434,0.02535804655679199,0.03829112365575177,0.05211350766511329,0.012868994542431086,0.03357129011068979,0.008043121589019429,0.010947369474116276,0.007431762443031282,0.09851553059119486,0.022709990368996038,0.03676855583551739,0.04541998073799207
738,0.008095327118484503,0.01435290641433523,0.021111040593276988,0.02308687681199016,0.044074946641072116,0.5309074307050372,0.03127899439043828,0.032321627536786225,0.024241220652589664,0.011274986350041705,0.03591291948531803,0.032321627536786225,0.014259541560346862,0.03591291948531803,0.0070264407688665695,0.005453888195009668,0.013657025719768826,0.009961821813275616,0.01978875155313442,0.03878595304414346,0.04617375362398032
739,0.017602362844731594,0.02610005525253306,0.054064400165961334,0.04205008901796992,0.04730635014521616,0.011682176454186316,0.025230053410781956,0.058223200178727605,0.028033392678646615,0.007143564543005449,0.034404618287429946,0.07569016023234587,0.0066057467236588846,0.003752668306306778,0.4198766134239323,0.009581032940803275,0.014281162307989785,0.021625760066384534,0.01991846321903839,0.06880923657485989,0.008018893225490275
740,0.4911111998240539,0.09151362769997379,0.017735627378553782,0.012119372317023556,0.024238744634047116,0.03340420517191075,0.02299573208871137,0.026377457395874798,0.04270635959332111,0.011352323436199283,0.025623815755992662,0.022420838786493584,0.005786022912643505,0.02717677428665888,0.006059686158511779,0.060759125673074746,0.005011060026312573,0.005001274691564392,0.01758497159724987,0.02299573208871137,0.028026048483116975
741,0.007816460138063358,0.008502480588681305,0.029261620004032065,0.020749148730131825,0.043892430006048096,0.005740939136464231,0.004584326938697583,0.03356479941638972,0.026539608840866282,0.005612012316892903,0.019675916899262937,0.02428091872675001,0.00665165807898785,0.01729095727510985,0.641450254370547,0.007471031194630674,0.011764981238734538,0.00920325145288105,0.020749148730131825,0.029261620004032065,0.025936435912664778
742,0.0012500285843667928,0.330729519661359,0.014768120890123249,0.014603641127904165,0.008751146790171731,0.0030180845424860867,0.009024722045334032,0.035263714283788654,0.015749024745779,0.003514106544962244,0.011811768559334251,0.011312679746968014,0.00528421225022848,0.012749210508487764,0.003976238920964004,0.0037185197316422637,0.009855217939076427,0.4648735077652687,0.011640583507749696,0.0123569271082266,0.015749024745779
743,0.10057127830804327,0.039573096055520125,0.01445940048182466,0.01708838238761096,0.01879722062637206,0.02574961729640008,0.04511332950329293,0.01445940048182466,0.016345409240323527,0.00543940622289987,0.020885800695968952,0.013191032018506708,0.003184972280303089,0.06835352955044384,0.00485089564551537,0.4326060635787186,0.0694364231580362,0.006063619556894212,0.012531480417581372,0.05370634464677731,0.017593297847142135
744,0.014884140854922002,0.03433975438244946,0.023202536744898285,0.030660494984329868,0.025249819398859896,0.01650949729925455,0.011923525827239394,0.03433975438244946,0.035770577481718184,0.004075156436895494,0.030660494984329868,0.035770577481718184,0.48561655760123396,0.013297228450999269,0.009669800017880805,0.06409964573441546,0.02693388626682357,0.011923525827239394,0.02861646198537455,0.030660494984329868,0.03179606887263839
745,0.01098000502864043,0.023377385923328473,0.06653563685870412,0.006706983657479771,0.036040136631798066,0.49268881331891456,0.043248163958157684,0.020115425096817525,0.023377385923328473,0.00786330253784685,0.039316512689234265,0.050880192891950206,0.010678559002014238,0.025440096445975103,0.003815823562788935,0.012535699698016718,0.0463373185265975,0.007944108983565604,0.01125066295336014,0.028832109305438454,0.03203567700604273
746,0.07118914187067,0.08842090542098713,0.0034674864870975343,0.0057029862046895545,0.08842090542098713,0.029030119426863076,0.039009222979847255,0.0680888255648243,0.03566557529586035,0.02013379250572762,0.052012297306463,0.05991816649704539,0.00105292155136843,0.01101436884136864,0.06786847337853039,0.10404385509948526,0.059948337758362974,0.03762523173335287,0.012482951353551121,0.13796946232872295,0.0069349729741950685
747,0.005325701245040134,0.010117350702740332,0.012382429218279213,0.012989831828025792,0.009535893765801233,0.4759975887712599,0.03888856676365814,0.01595428380047514,0.06636982060997658,0.03139113136958352,0.04786285140142541,0.12098665215360316,0.008380027854795023,0.014303840648701847,0.012730272568083815,0.0041689585810286795,0.06850096163873728,0.006322501142356118,0.011684827572178973,0.011522538300343155,0.014583970063906392
748,0.007485704041081551,0.00979304968117384,0.017026307230695294,0.013783201091515238,0.04570219309291896,0.004554179528553907,0.06783919287230156,0.06855328963937843,0.015788030341190185,0.004270506421409697,0.057889444584364,0.03276761014209283,0.007617032182153157,0.012060300955075834,0.005948493999141377,0.004570219309291895,0.008860629273116939,0.01325712471397649,0.49819126066291236,0.09803857550577774,0.006003654731878635
749,0.12489794209420615,0.05053459992036323,0.007070382621799935,0.011208789675121065,0.009890108536871525,0.05532443081093761,0.04692051491911142,0.04232087028489188,0.10087910707608959,0.04120878557029803,0.021016480640851997,0.061223804450160325,0.029179907005480454,0.06304944192255599,0.0965170878301219,0.0958314809190421,0.04082652932541439,0.04685641585501428,0.011208789675121065,0.03202511335748876,0.012009417509058283
750,0.018690988146438436,0.06208078205781339,0.007760097757226673,0.011287414919602433,0.005643707459801217,0.011824910868154927,0.06828886026359472,0.13690824912110586,0.023649821736309855,0.09477589341622328,0.11762674495164638,0.04972265670622707,0.0035729946508094024,0.055182917384723,0.013208677033577313,0.02764652497117429,0.08887161249260454,0.1499008409261706,0.035474732604464786,0.0060566616641769145,0.011824910868154929
751,0.06255886119104838,0.036492669028111574,0.010947800708433472,0.0312794305955242,0.03368554064133375,0.019045846150292225,0.10165814943545365,0.010426476865174734,0.09060248862151836,0.04480985348826076,0.058388270444978504,0.024328446018741044,0.023652289339971357,0.03748419486166949,0.12285324707178774,0.026540122929535677,0.08360138722803738,0.1313736085012016,0.002039747324289038,0.039810184394303526,0.008421385160333437
752,0.10837718982298496,0.009023528980486984,0.07945346967680306,0.23250943049938846,0.011601680117768976,0.06010025003077202,0.04511764490243491,0.013098671100706909,0.004559398201596178,0.003530946122799255,0.024609624492237227,0.012304812246118613,0.053428790016041346,0.09824003325530184,0.004562458473279935,0.08360034202509997,0.05296419184198882,0.01513396145542787,0.023885812007171426,0.05487281136782624,0.009024953363764712
753,0.01782653812880207,0.12825788941522406,0.024226490222875662,0.01982167381871645,0.012825788941522408,0.009278230298122594,0.011181457025942611,0.03265276260328029,0.02565157788304482,0.0042752629805074705,0.0872153648023524,0.055515738762814425,0.05894657825443566,0.014066994322960059,0.005892930054212999,0.08834433644504691,0.24842059202051298,0.0902227911748473,0.020765563048179135,0.01895986191355487,0.02565157788304482
754,0.26185957979155744,0.07898573510002636,0.013882763179231108,0.017793489775280665,0.024348986008278804,0.1598567308120624,0.013218020975922779,0.021028669734422606,0.03084204894381982,0.009843207109729728,0.015952783936458527,0.017793489775280665,0.00682600897205279,0.027213572597488078,0.008567235817727727,0.18946457643674539,0.002793250586619421,0.01597252145280449,0.025701707453183186,0.027213572597488078,0.03084204894381982
755,0.07372708826366409,0.19005546040186605,0.014424865095064717,0.008294297429662211,0.008730839399644435,0.26221491300406913,0.011848996328088873,0.0094791970624711,0.010702319264080273,0.0035294882679413665,0.027647658098874036,0.011059063239549614,0.006911914524718509,0.009215886032958013,0.0022376121063301,0.17396168710946192,0.11893709521779773,0.028849730190129423,0.0063398498749871425,0.010212986953059375,0.011619052135582059
756,0.03643777118051845,0.09230902032398007,0.015915348331720702,0.025641394534438908,0.00506479163832605,0.01619456496911931,0.0283883234197272,0.020515155981567702,0.025641394534438908,0.26754597599763164,0.12307869376530674,0.027149711859994142,0.000981233283995192,0.017094263022959272,0.004377958364639028,0.06366139332688278,0.011257197600485373,0.02637400580685145,0.020979322800904563,0.14575108472207374,0.025641394534438908
757,0.3316288683256917,0.014890605618746071,0.017597988458518083,0.1927158271474573,0.021508652560410995,0.11267965744334715,0.01451834047827742,0.02002529721141713,0.03629585119569355,0.006452595768123298,0.023229344765243874,0.018733342552616022,0.004067424315564893,0.03416080112535864,0.004880114446479805,0.08812860960348459,0.003301534053960039,0.0037948286334848263,0.016131489420308242,0.01451834047827742,0.02074048639753917
758,0.012833863398132542,0.033287833188906275,0.033287833188906275,0.011344898787095332,0.03550702206816671,0.013150748914135816,0.01805441800076273,0.03671602584119125,0.6145390836708352,0.00859040856487904,0.028789477352567594,0.011332028319627672,0.008521685296360009,0.020659298632015898,0.010264504952335458,0.008387485527913392,0.010675548323358632,0.015002967071056353,0.018687906351666686,0.02367134804544447,0.02669561450464266
759,0.009284311654804624,0.01912265650240821,0.021512988565209244,0.02325728493536134,0.015935547085340177,0.013238762193974917,0.0179274904710077,0.0195572623320084,0.026076349776011205,0.01203759327589038,0.016872932208007247,0.06296484458110023,0.024762844107436073,0.023903320628010268,0.0065190874440028,0.49633519802288123,0.119036521559097,0.011787938939840679,0.023903320628010268,0.01410687774767819,0.021856867341919835
760,0.010697667912778824,0.006126215027083316,0.01928902847898909,0.026402754848560507,0.020380171415420343,0.009927435823058748,0.009400827444893154,0.012662545692676976,0.031818704561085744,0.006204647389411719,0.022980175516339695,0.018801961786096114,0.0068559639662007935,0.021395335825557655,0.006781035398264175,0.00640387805608625,0.008164009722910155,0.011384674109012326,0.021395335825557655,0.7073944720967463,0.015533159103270534
761,0.42609773924743855,0.0121600697977939,0.011087122462694438,0.009218962308683078,0.013226742587074068,0.3641412428962859,0.010618652499481997,0.017134643805982314,0.01178006761661284,0.005626300951218075,0.01235941520431511,0.011087122462694438,0.004313568229615868,0.015706756822150454,0.004712027046645138,0.012907369659367549,0.0028527723087806794,0.013019367373671136,0.016389659292678736,0.01159883580712649,0.013961561619689292
762,0.005045088044872944,0.024996118040506853,0.014862556672733809,0.017002735502572783,0.013093204687884543,0.006469583492837071,0.2695286899541248,0.014862556672733809,0.04168360530563397,0.056594391841183464,0.012498059020253431,0.07456469110388486,0.003396536368836346,0.3166226237046195,0.08169977402811777,0.004954185557577937,0.004781866059923052,0.006960944264444948,0.015711845625461456,0.009647624506862297,0.005023319544934377
763,0.009922788250933741,0.026316960143780786,0.01891531510334244,0.04656077563899678,0.03026450416534791,0.009762743279144486,0.08647001190099401,0.004864863002789526,0.018588870790788,0.01583441929453095,0.3492464796296339,0.01891531510334244,0.008647001190099403,0.05502637120972347,0.005557969120016637,0.012228082491049662,0.0031415639788856405,0.004655968259691716,0.01681361342519328,0.24538787161092898,0.012878512410786344
764,0.012070323804991066,0.012456239184817385,0.02629606257515911,0.027269990818683518,0.03875209221602396,0.005737456113769602,0.018407243802611373,0.032012597917585,0.027269990818683518,0.007266070767361341,0.03875209221602396,0.0294515900841782,0.010086160987732259,0.017530708383439408,0.0018313808677046116,0.008314485538612831,0.013148031287579553,0.012070323804991066,0.3955031803896024,0.028318836619402116,0.23745514180104765
765,0.02119944935023276,0.014548641710944048,0.013369022112759397,0.008415866880723767,0.01832051178415177,0.003957230545376782,0.15104597876788242,0.013740383838113827,0.05469518142669665,0.05318707533681573,0.16839278916496941,0.009333090908907502,0.0023872022528790976,0.2813688831218231,0.019045218401779345,0.05225216389141877,0.04364592513283215,0.027480767676227643,0.009893076363441954,0.03091586363575611,0.0028056776962677938
766,0.0036211297651030697,0.0731590962712349,0.008702392500005764,0.009809969727279225,0.002937840877858043,0.004732880131582083,0.0055237847905843535,0.14193390842757278,0.014987453750009927,0.3076822348737404,0.2312350007144389,0.008564259285719961,0.0008594005360305741,0.007099320197373123,0.002973425174367217,0.002900797500001921,0.03372177093752234,0.10902358093184768,0.009809969727279225,0.01172931163044255,0.008992472250005957
767,0.002693628999997058,0.01274984393331941,0.006594746862061763,0.0068302735357068265,0.39008660312857246,0.003035677126980812,0.11257526332925855,0.0470260721704468,0.0053124349722164215,0.10964777330353616,0.2377673598375783,0.006374921966659706,0.00207883614879153,0.004781191474994779,0.0022469080994258566,0.0023610822098739646,0.0029882446718717368,0.003608446396222475,0.005976489343743474,0.03059962543996658,0.004664577048775395
