site,A,C,D,E,F,G,H,I,K,L,M,N,P,Q,R,S,T,V,W,Y,*
677,0.2269850885873876,0.0041338263240083255,0.0042103786633418145,0.004127280231843953,0.004942618430879521,0.43465854519855,0.0041338263240083255,0.005413343995725189,0.004060007996793892,0.0015259090457748858,0.0042103786633418145,0.0042103786633418145,0.002613338480694919,0.004060007996793892,0.002721680480719141,0.2333189587935527,0.03851639031880516,0.001000678616406464,0.003157783997506361,0.005684011195511449,0.006315567995012722
678,0.04769783916215103,0.10857654671345968,0.12416046248854319,0.0592594857744777,0.04173560926688214,0.12695164881668639,0.043157089920615135,0.013895327698843043,0.02014822516332242,0.013897614842851557,0.05456810981733153,0.07969981973867449,0.0007521315777195887,0.02941951343249653,0.017371070440825448,0.07749317370508621,0.0573449485417638,0.026987530952707086,0.015740800908845637,0.04013314901353941,0.0010099020231782764
679,0.5620270779115757,0.009540271098701286,0.009175032571007968,0.01148726520047706,0.02010271410083486,0.002886543563196799,0.021649076723976,0.029625052359125055,0.02010271410083486,0.004651867725813026,0.018157290155592774,0.020847259067532445,0.012485092438290716,0.017056848327981086,0.004200567125547582,0.16851800006758522,0.0036117692081433293,0.019497828305720954,0.012508355440519465,0.017056848327981086,0.014812526179562522
680,0.004034946089423733,0.006235825774563952,0.008165962323833743,0.008365132136610177,0.08909281583435594,0.002700554469299349,0.005391750990877176,0.4105548802493224,0.009025537305289929,0.3426820719116724,0.010393042957606584,0.009799154788600495,0.009159368415205427,0.009799154788600495,0.0022195422912183525,0.0022864694506734484,0.004454161267545679,0.043060743129900325,0.007145217033354526,0.008574260440025431,0.006859408352020345
681,0.04296801751369484,0.040902247440921045,0.001990561851683212,0.0015924494813465695,0.030824882129389775,0.01859103530011612,0.08862153612199558,0.012660219445999371,0.06617866406269515,0.018746863410422147,0.04307218951199844,0.08673597152365528,0.0010857610100090246,0.10370605290871825,0.09525095483366057,0.05708337394882524,0.07469011800934587,0.04703758455705919,0.06648450534833464,0.10059741938172473,0.0011795922084048662
682,0.00500962966763173,0.005059335203803771,0.006534299566476168,0.010890499277460282,0.7561506239797179,0.0034002011318767403,0.012736346612623047,0.029935860124256652,0.014450854810476147,0.03303707242969397,0.013183235967451922,0.011927689684837452,0.012504940833093595,0.014450854810476147,0.003495090465789579,0.029836552516033094,0.004755977532561769,0.003123028242472322,0.014994028637293443,0.006080682436932063,0.008443196069042242
683,0.003503180836497105,0.0067144299366194505,0.014100302866900848,0.007050151433450424,0.007084758497497593,0.002599134169013981,0.01175025238908404,0.24792114685885297,0.012000257759064553,0.5649974017088975,0.04924095640411677,0.014461849094257283,0.008418091263821401,0.010071644904929178,0.0028630056582539787,0.002568071179836543,0.007520161529013786,0.003011902252126402,0.005349374164162132,0.0098949493802813,0.008878977713322878
684,0.005210440528835425,0.011862066735859376,0.15511246045969299,0.01267084401330433,0.019224728847772096,0.0029655166839648436,0.029878087918712656,0.019224728847772096,0.014077028699167809,0.0040993907101866955,0.010721483395872896,0.5595621814882499,0.0064082429492573634,0.00913962518992444,0.004010914651693458,0.04327279826732961,0.010307900268739262,0.003378891736881155,0.007637221049114939,0.0612797844043582,0.009955663153310547
685,0.0055580476257388045,0.010975916723470761,0.7597295437526975,0.009329907927270642,0.013523897391419326,0.0017856526468214506,0.016733146588078743,0.0180318631885591,0.014289401017348723,0.004982488512628173,0.011474822029083067,0.03989544727743639,0.007012391239995208,0.017212233043624597,0.004617916182435868,0.004276655072888142,0.007212745275423642,0.00478803217644728,0.010975916723470761,0.02497167137317042,0.012622304231991375
686,0.013557309108612891,0.01607705424508034,0.020670498315103297,0.01186012198407566,0.014764641653645208,0.004888293520463616,0.024115581367620507,0.004974031299022488,0.01976145327136438,0.0060242998529267296,0.7248071750838458,0.01572755306583946,0.011483610175057385,0.019038616869174088,0.013564779671321739,0.005652089383036057,0.024386873058480276,0.0037610949394551586,0.00939568105231968,0.020096317806350423,0.01539292427720458
687,0.03371119133285858,0.010772773367500378,0.014210892527340925,0.0511379239783312,0.015532836018256361,0.6690594516350864,0.023853998170893693,0.020239756023788587,0.017125947404744192,0.004122913264105082,0.027829664532709308,0.026716477951400936,0.007766418009128181,0.017576630231184828,0.003072915982534105,0.0053863866837501875,0.009276554844236437,0.00534554451128575,0.011320541504830906,0.016697798719625585,0.009243383306408531
688,0.0060905417500117555,0.011815650995022806,0.012843098907633485,0.004414751787207727,0.015546909203977376,0.00341152083186666,0.013426876130707734,0.16745339065382903,0.5913690413939983,0.003912467216894968,0.010741500904566187,0.06545750821852853,0.0069503829382487085,0.016633167595615044,0.0067357289778860385,0.005907825497511403,0.006989992108907505,0.004651831100402679,0.008817649996285674,0.014409330481735129,0.022420833309163175
689,0.009232030141234637,0.020157624027777304,0.0016178484091878026,0.0015070368743119256,0.0020689289857733282,0.0003879051394512852,0.003667123060825686,0.029383183372653235,0.0024447487072171243,0.026211374456159335,0.0020002489422685566,0.0026832607762139167,0.0012792289747066347,0.0024447487072171243,0.0004867862470122593,0.017282317777847372,0.7620465414721816,0.10980162989413711,0.0014287492444775402,0.0023407168473355442,0.0015279679420107026
690,0.007536872295594245,0.017925534108440368,0.01617670151249497,0.019507198882714516,0.019507198882714516,0.020931782439799564,0.0288367287831432,0.017925534108440368,0.0059776265812679944,0.006699442040528219,0.011142927512800655,0.02210815873374312,0.010872864951021206,0.03316223810061468,0.6622599180647628,0.004964090270267658,0.04467910814813766,0.0072091821957858005,0.007111721085682055,0.020726398812884177,0.014738772489162081
691,0.005877424544074312,0.013294174563977607,0.011632402743480406,0.03701848695517412,0.01361842272407462,0.003227487466399188,0.010535006258246406,0.012985007713652545,0.5591553187576224,0.004396498674701255,0.010737602532443451,0.03441068134961581,0.005877424544074312,0.01361842272407462,0.202474042723633,0.005877424544074312,0.007844891881706947,0.004016944832281004,0.005420925550359801,0.01642221563785469,0.02155919327847936
692,0.05720037982042406,0.004237056250137529,0.23302139943436204,0.09376523469636315,0.019221150115532812,0.16726933986482903,0.06907562371535221,0.006298326858312544,0.005975335737373438,0.001484319068519517,0.00982899721817019,0.16150250088173368,0.002560858173160046,0.007587296098236638,0.0013018887919416995,0.02962163545201976,0.008108922704990404,0.0014871808718612649,0.10194074257702225,0.01375593220521775,0.004755879464440085
693,0.019437762407654335,0.16605188871163365,0.00159101269108707,0.0045286878739536456,0.00265168781847845,0.0005342953067083443,0.05313660438772277,0.10721275661741793,0.004513068142457199,0.11320407021732244,0.019926226645396037,0.018977358709901,0.006733747544335412,0.058118161049071776,0.013088830581844242,0.02160099370136794,0.07125952647917823,0.3104784151724499,0.0017462334414370282,0.00255698468210422,0.00265168781847845
694,0.09012792067833984,0.03881652882135397,0.04377641861519363,0.16259812628500495,0.005616253010415503,0.2402439946632975,0.05126520834459432,0.008625895293634216,0.003841584700258926,0.04432161924932204,0.06075094828230954,0.017251790587268428,0.06796586905543647,0.13447112351018017,0.000403304428177495,0.008032370388108922,0.0029302189619559147,0.007147170386154062,0.003287562737804197,0.006739503612498603,0.0017865883886912614
695,0.006935328735381935,0.021803965654944885,0.011911027586181117,0.6330901757800976,0.028741591090609173,0.026422323010012596,0.033279737052284306,0.024319807845900068,0.007289054857289112,0.004863961569180013,0.014370795545304585,0.031615750199670084,0.010365819737596751,0.020397258193335537,0.005595707999941607,0.007025722266593351,0.008544797351262184,0.018087158465195534,0.010538583399890031,0.022582678714050064,0.052218754945279396
696,0.005627289377702345,0.011198234638594129,0.01219246031835508,0.0077005012536979466,0.017734487735789208,0.0027464721468274606,0.030802005014791786,0.02438492063671016,0.017734487735789208,0.015872675464629702,0.011704761905620876,0.02660173160368381,0.008360544218300625,0.015401002507395893,0.09750189290005103,0.0070436602014420655,0.009289493575889584,0.005852380952810438,0.5848419145635096,0.015006105007206252,0.07240297824120277
697,0.11176777360977634,0.0445762776018924,0.032801411820260445,0.05254645766918201,0.043735215760347265,0.08404033677381052,0.12209414399763611,0.007415107206506889,0.023341199523867893,0.033760517429039995,0.05064077614355999,0.03535264586365539,0.001041314660960649,0.08723779502778752,0.007526364003395111,0.10838727384086061,0.06174250842056982,0.012096974572010942,0.037825051468408456,0.041473049427915507,0.0005978051785558397
698,0.18848903432343486,0.019320126018152074,0.0448002922160048,0.19719852763355217,0.006275245195805921,0.0022358102231440956,0.00446496870395057,0.007242080940184136,0.009003668195904601,0.0035065010398670727,0.013738756279574807,0.007403016072188228,0.33302254629598615,0.024244864022779075,0.001549468480225443,0.11624530922534344,0.0028190136799596216,0.002449527376826987,0.00382914624423529,0.004759081760692431,0.007403016072188228
699,0.008616667182229571,0.013669564203996495,0.01718459499930988,0.007518260312198073,0.02074002844744296,0.004698912695123796,0.02615047065112373,0.01940196209599503,0.015827916446732784,0.024271280176924537,0.012797038829273315,0.024058432999033832,0.06955140882857319,0.014669776218923068,0.00383096066863596,0.6011296470870783,0.055132643325197135,0.006200627061606658,0.02203640506090694,0.02074002844744296,0.011773374262251737
700,0.04392649449598433,0.03897751920046218,0.002334054108865806,0.006778698991384726,0.028150430533667125,0.008158085414050222,0.04417452176052379,0.053264917147776716,0.05422959193107779,0.07342276872645198,0.10022790651547415,0.09882393278430752,0.0767529413139786,0.07218059111196697,0.02039944930117646,0.026270169216146454,0.08364327333382796,0.1259273697245701,0.013920542571593631,0.024617380547660318,0.003819361269053138
701,0.006476400088517907,0.017338449946911274,0.023117933262548362,0.0061139613379816915,0.011754881319939844,0.6925419343865055,0.024769214209873245,0.02237219347988551,0.01651280947324883,0.007224354144546362,0.01874427021287705,0.01612879064828955,0.015076912997314148,0.01874427021287705,0.003236882054783809,0.006866712850261889,0.010051275331542764,0.028219246165407694,0.015076912997314148,0.026674538379863496,0.01295805649951013
702,0.0016157731419231148,0.020179740124853376,0.0034945791209034806,0.0035777833856868962,0.18586453842584627,0.001608636949070931,0.12121600332120412,0.04646613460646157,0.004553542490874233,0.04199365312629125,0.06113965079797576,0.004174080616634712,0.001951518210374671,0.0037566725549712412,0.007236185305663766,0.0012118298564423359,0.010560485137832178,0.04108584533623971,0.15000224811197616,0.2573508993588641,0.030960200019910105
703,0.07197833231104771,0.03245055213904876,0.15109645081101386,0.0705852032985758,0.05079995691942956,0.02992491942188038,0.0872288733945468,0.044439906311933175,0.004135851755775925,0.04017684562753756,0.06806430318076952,0.040462633827155044,0.0092182168486946,0.0641683666350689,0.013004449356307589,0.04729521552875093,0.04808480063012672,0.04541327418106899,0.019895339165039747,0.06029152781753349,0.0012849808386950197
704,0.02823624691256043,0.07968981489569295,0.04043662129131532,0.02412297107535284,0.009994779615684382,0.001564400287672338,0.04919690136788944,0.009724650436882103,0.011629384538094215,0.0024814625252733633,0.005370329345740862,0.36010033017285437,0.0055355702486867345,0.008995301654115944,0.0035881838696313357,0.2792787681040265,0.03603344007434187,0.0027892408229816877,0.01794091934815668,0.01915491253759108,0.004135770875455607
705,0.005878238650126433,0.013402872245028449,0.016258957968434812,0.00943421017921526,0.015920229677425755,0.0028601941924011093,0.03322482715288853,0.016258957968434812,0.011940172258069313,0.003967435247308857,0.011940172258069313,0.022475618368130473,0.011405537679349794,0.012527393844531743,0.0028281401579499156,0.004603439906725518,0.013894018627571565,0.0046313395425238565,0.7655424878163515,0.015920229677425755,0.005085526582037271
706,0.00764381206563593,0.020701991011097313,0.05317510989264108,0.49587201421306726,0.01987391137065342,0.0420910663934873,0.03312318561775569,0.03821906032817965,0.01511438630934532,0.006289212459067537,0.012118238640642327,0.031052986516645967,0.011291995096962167,0.09220243060136364,0.004006836969889802,0.00671415924684237,0.027118361941577542,0.007205530936247196,0.011554599634100823,0.040088013304940724,0.024543097449856974
707,0.0043157470525999695,0.012588222522472783,0.3719664143590714,0.2887018498574567,0.016084951000937445,0.02681493924578237,0.01158116472067496,0.012588222522472783,0.055908999007638446,0.0038603882402249877,0.00933964896828626,0.0511681183513878,0.006031856625351543,0.04671871675561495,0.0034846636905057514,0.010332023897876387,0.0072382279504218505,0.003107424180075364,0.006294111261236392,0.016084951000937445,0.03578935878897429
708,0.13251906402802038,0.009024576067099504,0.03709076502254615,0.011123314687355203,0.019030643468404478,0.00299345247674357,0.019132101262250956,0.11928360691521334,0.02391512657781369,0.023354246477025525,0.017714908576158286,0.014946954111133556,0.007714556960585063,0.022776311026489228,0.005832957701905777,0.004428727144039572,0.009761276154209669,0.47735021642705416,0.0125869087251651,0.01292709544746686,0.016493190743319782
709,0.011291840769679689,0.014672982903272147,0.013514589516171715,0.06063602861503378,0.02445497150545358,0.003401022527248511,0.039702161593176896,0.03668245725818036,0.008559240026908752,0.004149137549916887,0.032300063669025256,0.05015009885453923,0.5131328545735762,0.05799069772351446,0.0025051434225098783,0.013146704578925332,0.04804931637740774,0.006041816489582649,0.008024287525226955,0.043311449010738426,0.008283135509911695
710,0.0050354999014640914,0.009112127457465603,0.010257499799278702,0.00780147872057817,0.5542178550390209,0.0025883410708460288,0.020514999598557404,0.016565336297729997,0.016291323210619116,0.08651565573043019,0.0178679028761629,0.025177499507320455,0.009687881504130795,0.01678499967154697,0.003928404178447163,0.0980428671117954,0.007101346014885258,0.033131221102788454,0.025177499507320455,0.021891261940477358,0.012308999759134446
711,0.006721471850936566,0.5028759194794848,0.025205519441012122,0.011202453084894273,0.0180039424578658,0.002725526534660334,0.033607359254682834,0.05601226542447137,0.019388861108470865,0.006223585047163486,0.016803679627341417,0.06301379860253029,0.008844041909127059,0.028006132712235697,0.03902666321377723,0.035234121312659086,0.014003066356117845,0.006001314152621933,0.008130812722907135,0.07650051151139693,0.02246895419564294
712,0.005008952868557423,0.015987512079630086,0.015099316964095078,0.011324487723071307,0.2061471533608382,0.005908428377254596,0.015987512079630086,0.02174301642829691,0.018743979679566307,0.005490660714216392,0.02717877053537114,0.02090674656567011,0.0015111316886388052,0.02174301642829691,0.004726742701803677,0.5429550753734921,0.007623573338260538,0.008493365792303482,0.01325793684652251,0.014175108374854164,0.015987512079630086
713,0.005075599630327671,0.018757650807732697,0.011984054682718112,0.00719043280963087,0.025377998151638353,0.002157129842889261,0.4309356982439615,0.0159274276680986,0.0107856492144463,0.004667348475872114,0.017257038743114083,0.19063820479421056,0.005195161655522167,0.01027204687090124,0.030591922418826197,0.004740944709646726,0.008628519371557043,0.005197903235877737,0.006741030759028939,0.17621807660108496,0.01166016131291492
714,0.00891307927847107,0.01782615855694214,0.04464947161466094,0.01718951003705135,0.037023560079802904,0.007404712015960582,0.47965133091220913,0.037023560079802904,0.0155260090657238,0.007244832969785906,0.021877558228974445,0.06566435468011543,0.006402582871441685,0.014879225216011345,0.05901824513965492,0.012341186693267635,0.009437378059557605,0.009081250585612034,0.0253319095282862,0.06913506431256525,0.03437902007410269
715,0.003977748223454174,0.010252882267915922,0.01149127264553428,0.01118069770916849,0.4132358283230548,0.0028929077988757617,0.022982545291068555,0.013631292437484871,0.018803900692692454,0.04692496563586852,0.015910992893816693,0.017986339793010175,0.005909797360560487,0.012927681726226062,0.0035662570279244316,0.10842995860521605,0.00844256765794355,0.004126081469297241,0.1730418712699847,0.0800193830592052,0.014265028111697723
716,0.04049054989230112,0.046461883512781896,0.0412678518589792,0.025291751105748213,0.006706438513391161,0.011168721998264878,0.26789779453174195,0.01412692404104855,0.010833477598554953,0.003129671306249208,0.011736267398434532,0.28099862017882354,0.004023863108034696,0.04839779532581448,0.0029649517638150394,0.07629582614692339,0.03769156766701933,0.04020739919375356,0.004617547828892275,0.013954829630993499,0.011736267398434532
717,0.002783384327811301,0.005481126060920715,0.008097118044541968,0.04470946827133144,0.010179234113138473,0.0013444271470182889,0.009629005242158015,0.014250927758393863,0.35643198026294187,0.05269563175428764,0.021387582089327842,0.013168414818287474,0.0036354407546923114,0.1405148595560834,0.23848436849890037,0.002269256012483099,0.04054979951070822,0.009818178013625155,0.0036729195253592424,0.014250927758393863,0.0066459504795953785
718,0.015081774887672528,0.09880101508046699,0.008280575244288376,0.005796402671001864,0.010734079020373821,0.001558172761022006,0.0051753595276802355,0.1995497204223769,0.004830335559168219,0.2897737824198784,0.12319909523007969,0.008280575244288376,0.009585938076536968,0.004911454325134705,0.013239958404795898,0.0024354633071436396,0.0027601917480961254,0.1782074982200735,0.004751149730329396,0.008050559265280366,0.0049968988543119515
719,0.0057379848465243,0.0024807081425423584,0.029877127557722614,0.010400097534325295,0.21389740139874164,0.0031103095429757884,0.0836781036097687,0.022186874739893957,0.015127414595382244,0.0039619419178382066,0.010400097534325295,0.013312124843936375,0.005367792275780796,0.010400097534325295,0.004104264108741778,0.011518314316920313,0.008994678948605658,0.006163020761081655,0.1965103565624957,0.33209573582970187,0.010675553398370157
720,0.006197548528787494,0.018592645586362484,0.015936553359739272,0.015936553359739272,0.01962266499214746,0.005148732623915765,0.010501234379978165,0.1281790422233504,0.0176140852923434,0.3342776813793348,0.2542422930402199,0.0176140852923434,0.04071857490651642,0.0176140852923434,0.014663207823749398,0.004780966007921781,0.0071205876713728656,0.009561932015843561,0.012871831559789411,0.020916726284657797,0.027888968379543726
721,0.0148787682641781,0.018312330171296125,0.0396767153711416,0.12768633651326136,0.0396767153711416,0.00743938413208905,0.014427896498596948,0.03400861317526423,0.47435791609410993,0.009716746621504065,0.024607288848810263,0.01729891731142439,0.013225571790380532,0.019554200630811234,0.014139957401641137,0.038951140598577384,0.011196740049881046,0.008502153293816057,0.01904482337814797,0.031741372296913276,0.021556412187013707
722,0.032744460228635724,0.02222054524934377,0.48754506351471655,0.011773154224031255,0.040737666290463576,0.062459820607581054,0.025729052393976996,0.03491799967754021,0.020368833145231788,0.013212216094204407,0.03491799967754021,0.04501533785288784,0.011110272624671886,0.02222054524934377,0.008729499919385052,0.009777039909711259,0.009585333244814961,0.01485751956268812,0.019554079819422514,0.05855636084279291,0.013967199871016085
723,0.009984041036988947,0.016027013243587525,0.018455348583525027,0.04133519137529745,0.01964601623407503,0.607033525217115,0.03383480573646254,0.014500631029912524,0.023424096279089455,0.009984041036988947,0.030451325162816293,0.021750946544868782,0.016917402868231273,0.040601766883755074,0.003683518120264812,0.005161241553019711,0.013533922294585018,0.006879777112631992,0.01311516904720469,0.015616064186059639,0.03806415645352037
724,0.00787749824824023,0.017105424767607357,0.0213817809595092,0.012738082273750161,0.03150999299296092,0.001970901911812714,0.0117390169973776,0.026589014023045768,0.014431418165676953,0.005543424693206089,0.012738082273750161,0.023026533341009906,0.006507498552894103,0.0213817809595092,0.5990412618260897,0.004797959308177964,0.009354529169785275,0.009210613336403963,0.010147285879089113,0.01618080721260156,0.1367270931075019
725,0.09108737483170531,0.019898835848543094,0.019808383716068384,0.05567761909381385,0.08153266173769574,0.056330091192569466,0.06840082501954864,0.004624598781492138,0.013553104647836265,0.0013601761122035703,0.018393499164920644,0.05421241859134506,0.06077117009044612,0.013795124373690484,0.01690715579805837,0.13830965907781528,0.05012634825846673,0.010404403568035922,0.09743583341417422,0.12076414699372474,0.006606569687845912
726,0.003818944181268599,0.011630420915681644,0.011630420915681644,0.008528975338166538,0.007733215666381207,0.003553739724236058,0.007753613943787762,0.2554000865512402,0.023260841831363288,0.25405791207468253,0.12604979819634896,0.0161170489536122,0.002907605228920411,0.007995914379531129,0.003046062620773764,0.00296024276926167,0.01866194129013386,0.2146599752227584,0.007310550289857033,0.007107479448472115,0.005815210457840822
727,0.07401392689916368,0.03102538835710397,0.012199206021926126,0.01484982347074056,0.021493839181488884,0.004338312364190857,0.018807109283802775,0.07977957006112449,0.019624809687446374,0.003888212956558056,0.05085861859482878,0.023756348569014034,0.004513706228112668,0.009403554641901388,0.004469016067438283,0.004382239056420065,0.12565282284627116,0.4505707972658353,0.010030458284694814,0.016717430474491358,0.019624809687446374
728,0.1252939833654743,0.053478402093470545,0.009083854739527933,0.01703850693023305,0.014047630393457407,0.0033020436148156035,0.014532844146375247,0.045480718873256464,0.02600614215667149,0.005946966055296233,0.035294050069768455,0.01235291752441896,0.005614962511099527,0.02148333482507645,0.010980371132816852,0.006100206184898252,0.00695939015460223,0.49347444254385453,0.02352936671317897,0.020588195874031597,0.04941167009767584
729,0.010477925603486265,0.019973545681645694,0.02778928094837662,0.025566138472506487,0.030435879133936295,0.00809055014952737,0.011110911973167577,0.026631394242194257,0.025566138472506487,0.004349514959975495,0.026631394242194257,0.023672350437506005,0.6377869643438508,0.015589108824699079,0.0060871758267872595,0.0036910946462486685,0.010575468036013363,0.009539603907651675,0.01936828672159582,0.030435879133936295,0.026631394242194257
730,0.005803930235352305,0.41644489165331156,0.020894148847268302,0.020894148847268302,0.0333191402305629,0.004300356352276765,0.012290675792510765,0.020894148847268302,0.021993840891861367,0.005969756813505229,0.021993840891861367,0.01671531907781464,0.006964716282422767,0.014409757825702276,0.1859161867428784,0.004137455217280851,0.018909238273472975,0.005427051648641116,0.024742939442948673,0.12314625391957897,0.014832202166212312
731,0.007289486463226493,0.0035975368146405665,0.06123168629110254,0.0161136016555533,0.021868459389679476,0.0055665169355547765,0.0035229297412430268,0.024492674516441014,0.02111437458313881,0.015194433414973958,0.019134901965969547,0.03401760349505697,0.039076488717691996,0.0197521568680976,0.6111199633456639,0.005391540889529548,0.011133033871109555,0.0061231686291102535,0.013311236150239686,0.038269803931939086,0.02267840233003798
732,0.0860724154503393,0.05832746101946071,0.13086752556694586,0.05157375500668105,0.040829222713622486,0.0838073518858567,0.08754921456327297,0.0038271892350466605,0.008002304764188471,0.020124560577502677,0.03175606211059527,0.07924016839520928,0.06125219675676714,0.12718151802709618,0.005164347352140303,0.039421318482118266,0.02401718983154264,0.009958347003322559,0.009073160603027219,0.0346192446214247,0.007335446033839432
733,0.011201765933886394,0.03877534361729906,0.018002838108031705,0.04251130637414274,0.026530498264467774,0.00933480494490533,0.014070654781911818,0.026530498264467774,0.03198686638555485,0.01436911336179725,0.016802648900829595,0.021003311126036987,0.008652135939291735,0.5022871715054449,0.04654386338844454,0.07913643186571184,0.013265249132233889,0.009001419054015854,0.014402270486425365,0.025203973351244385,0.03038783521385623
734,0.006019213949519113,0.014275427265264875,0.5999295879876014,0.18833177106343052,0.00999279908568541,0.007974553524327996,0.055537469684571926,0.013034085763937494,0.014989198628528117,0.0035062452932229527,0.011312602738511788,0.005943844165759514,0.0045768545430620216,0.011756234218453426,0.0039706486433187076,0.004441244038082406,0.005765076395587738,0.004717775524676614,0.011756234218453426,0.00884540115375719,0.013323732114247215
735,0.006969822141461643,0.014382870191853352,0.008572288940930437,0.5606021949372854,0.01699793749946305,0.0021812152389227885,0.014761366775849492,0.011686082030880845,0.09810796242716041,0.01000750805183535,0.01752912304632127,0.020033283481510022,0.006232577083136453,0.01934248060283727,0.007683999143592886,0.0050534408782187444,0.007683999143592886,0.005584997203973305,0.01649799816124355,0.01602662678520802,0.13406222623472272
736,0.05536598361234907,0.2724589193555073,0.008347405260796014,0.011129873681061355,0.011129873681061355,0.002543971127099738,0.004946610524916157,0.052145247723542065,0.0060708401896698285,0.2662976865655845,0.07957846068218322,0.011613781232411849,0.02125493431250382,0.005662353515875077,0.019798914280652988,0.002428336075867932,0.011794758413658325,0.13207299928268657,0.006849153034499294,0.008616676398241048,0.009893221049832314
737,0.01531434455124771,0.020526189766140634,0.02694062406805958,0.043104998508895334,0.0515745646654238,0.007697321162302739,0.043104998508895334,0.428861899645824,0.021552499254447667,0.01683027341141804,0.017945977735797532,0.02042703992679824,0.010513414270462278,0.021552499254447667,0.005986805348457685,0.012035309300735795,0.006983727180216898,0.12078262790818024,0.03315769116068872,0.03918636228081394,0.035920832090746105
738,0.006820875151395307,0.06771452095219553,0.09558130485430111,0.023751065036693254,0.02101055753245942,0.5449899001077797,0.027313724792197243,0.016066896936586618,0.020232388734960922,0.009418525790412845,0.02875128925494447,0.020232388734960922,0.008153350684237986,0.026013071230664046,0.005750257850988896,0.0033257934539759532,0.010116194367480463,0.006722065616327437,0.015174291551220695,0.02185097983375779,0.02101055753245942
739,0.01398713149900669,0.01439851771956571,0.05439440027391491,0.03765766172809493,0.05439440027391491,0.011913454604490798,0.024477480123261706,0.03765766172809493,0.03496782874751672,0.005294671457293321,0.0212847653245754,0.044504509315021284,0.006975198725176575,0.04545703756716267,0.4890093435532075,0.008440510387331623,0.011655942915838907,0.015791922660168847,0.022252254657510642,0.02879703543913142,0.016688271299720336
740,0.5617731439803015,0.01482070766705303,0.0243646067695538,0.012515264252178117,0.029641415334106056,0.03508877519927423,0.01656432033376515,0.035199180709250946,0.022527475653920607,0.008162128860116162,0.023466120472833963,0.018772896378267172,0.00568875647826278,0.018772896378267172,0.005214693438407548,0.1146826342741609,0.003921585543431816,0.003479037351173321,0.013097369566232912,0.018167319075742424,0.01407967228370038
741,0.00815289851146362,0.0072962732405157755,0.018288934498688663,0.015379331282988193,0.022556352548382685,0.004865117250266512,0.03094162826375261,0.02942132941093394,0.020505775043984258,0.006081470822925099,0.027067623058059223,0.0193340164700423,0.0063135556617802385,0.028195440685478353,0.6759209160737287,0.005398220772974316,0.009807109803644645,0.009269733923992881,0.016504648206133673,0.018796960456985565,0.01990266401327884
742,0.0010242137131496302,0.3662480243277747,0.007711314628986596,0.009297008140247174,0.007457127232683384,0.002738381080666422,0.006699314689295757,0.0290022914658997,0.010846509496955037,0.005233084203271385,0.030370226591474106,0.009903334758089383,0.0037340442530500954,0.009692625507917267,0.002812058017729084,0.002794806128049764,0.003996082446246593,0.4559319371876593,0.011680856381336193,0.007118021857376742,0.015708737892141778
743,0.051227120957455845,0.16545814585576762,0.010883487785071656,0.016778710335318803,0.010597080211780295,0.00954566226090967,0.02659148772681979,0.0218988722456163,0.010597080211780295,0.0063425198046511,0.06204680469591286,0.014381751715987543,0.0165538266566848,0.08686552657427801,0.0037634490471743103,0.40215255379032727,0.05092728268958116,0.0036278292616905524,0.01006722620119128,0.010597080211780295,0.009096501760220487
744,0.008945594434668866,0.026310571866673127,0.0279549826083402,0.0212990343682592,0.013977491304170104,0.009939549371854296,0.009318327536113403,0.014428378120433656,0.023541037985970695,0.07520684242332028,0.0159742757761944,0.023541037985970695,0.44556731254806475,0.13161409540387253,0.00558479226471249,0.06596201822388799,0.01356396636193906,0.008601533110258526,0.0159742757761944,0.020330896442429237,0.02236398608667216
745,0.00867639286399159,0.028963705872174922,0.03475644704660991,0.037738684707295175,0.028963705872174922,0.5195048567438472,0.019309137248116615,0.021722779404131195,0.02482603360472136,0.00526612834039544,0.021722779404131195,0.028963705872174922,0.008275344534907119,0.020051796373044176,0.07408202132105478,0.010222484425473502,0.023384867284698314,0.007196967391789425,0.014307077677464664,0.04344555880826239,0.018619525203541022
746,0.06268794241176488,0.17532072663826057,0.0037086842032298477,0.0029405949366551067,0.06818028258154578,0.015938247876205503,0.07889432698721724,0.0028658014297685184,0.007005292383878601,0.04738398017250283,0.07142696270447652,0.13636056516309147,0.009652430751472924,0.02247701623567442,0.07168669711431097,0.07386105798797471,0.02394659483743841,0.04094053566819585,0.025045818091180068,0.05394483896561862,0.005731602859537037
747,0.005902108516318829,0.00939721325642632,0.005552898742433736,0.0044410268199692165,0.009905170729746664,0.36574823543505575,0.07991307471039841,0.061751012276216946,0.014659652680025064,0.021525881039948864,0.04043221041895156,0.1635258288055375,0.006108188616677108,0.10988047772679782,0.004885951578813317,0.007718876534527117,0.04922182137959322,0.012744993636114293,0.010471180485732187,0.007967202543491881,0.008246994067224211
748,0.0048956234784597805,0.005944734503947834,0.018145390810336833,0.014337183044060788,0.09109726814985433,0.013824299309265722,0.010564240137729003,0.06642509135926877,0.011151142367602836,0.020286452828100748,0.03036575604995144,0.012164882582839457,0.004667920060857,0.00912366193712959,0.005292413798332281,0.002589942743443239,0.004956063274490148,0.034718181083777805,0.4012465667886977,0.2349350599654138,0.003268125726440752
749,0.0702884333782127,0.05735752333802735,0.004456992514060867,0.023309939640733808,0.013985963784440284,0.06552047075125804,0.022603577833438842,0.03437675745346057,0.13053566198810929,0.04416620142454826,0.05164048166562567,0.05365186975108642,0.0369191771279501,0.09696934890545261,0.10600517595917286,0.08013381805392603,0.06894091239198845,0.02340135116873668,0.00732925558318112,0.00366462779159056,0.0047424594949995475
750,0.042223026811030163,0.05641133136696336,0.005097798824838478,0.005301710777832016,0.008608179472644167,0.002981086616953348,0.018203656575864067,0.13185054669333557,0.03492130037002494,0.0871758636776246,0.061112275647543624,0.06337569326411933,0.005641133136696335,0.005301710777832016,0.008371544609252553,0.023535554064867896,0.18875419709172148,0.21115948076577773,0.022222645690015874,0.00946734067470003,0.008283923090362525
751,0.04563484740953914,0.03122384296442153,0.013472147780592778,0.023417882223316148,0.037468611557305825,0.029458526811506357,0.06812474828601062,0.008420092362870488,0.1175485852778222,0.050108564763308897,0.059473986598898146,0.038429345186980345,0.025802465962490098,0.026820492093118754,0.13400066744698846,0.04356815297361143,0.08057765926302327,0.11476872008544128,0.03521470255425199,0.00898143185372852,0.007484526544773766
752,0.06247757787710882,0.009722177853399969,0.14132366724297643,0.15498886285278407,0.014903897687505774,0.028914520090019602,0.040339883074182285,0.007407373602590451,0.0011197381068824444,0.0037913423941900665,0.030560517480441127,0.010671926739201669,0.01760867911968275,0.11460058965908215,0.001728387173937772,0.07133613164990628,0.08034729458456638,0.03695874175164614,0.003794020625717061,0.16266081884750921,0.0047438515866695076
753,0.05754891988740703,0.13329837290198027,0.015424136699153655,0.01439586091921007,0.015424136699153655,0.005398447844703777,0.015380581488690034,0.024933276216896803,0.01439586091921007,0.0070157038369463316,0.026992239223518892,0.06533978501170173,0.10596559268997087,0.016610608752934703,0.004074300260153795,0.09677629862419472,0.21493614934139235,0.11996853561178225,0.015424136699153655,0.01270223022283242,0.017994826149012592
754,0.24445231242314341,0.21154430208384387,0.006593420388569576,0.013649291082596946,0.018899018422057313,0.1292001979653269,0.012284361974337252,0.015355452467921565,0.017549088534767505,0.0054597164330387775,0.02047393662389542,0.030710904935843136,0.00408882475763129,0.015355452467921565,0.004387272133691875,0.1933055865079935,0.0020905172259881553,0.0021675169574662608,0.014452190558043827,0.02729858216519389,0.010682053890728047
755,0.17459691175021877,0.15897843068659828,0.013294991327344548,0.008396836627796556,0.006136149843389792,0.24418146983639405,0.006381595837125382,0.008863327551563032,0.00693651721426672,0.002492810873877103,0.017929985886806967,0.007597137901339741,0.014792238356615755,0.006647495663672274,0.0004930033224956943,0.09173188440634214,0.19589721066869514,0.01998951129272399,0.003866465920174533,0.00360143260438647,0.007194592428173264
756,0.029408750333355622,0.046680556084691474,0.009099545696595164,0.01213272759546022,0.017122205002801098,0.004438802778826909,0.14749444563260253,0.007701822305161514,0.015165909494325275,0.18128110081472712,0.16805000190488928,0.04201250047622231,0.03555559326773369,0.04583181870133344,0.002392121314448732,0.04201250047622232,0.021006250238111153,0.10613684330835113,0.009099545696595164,0.04524423128208558,0.01213272759546022
757,0.38390965301912694,0.02027378814289676,0.02027378814289676,0.013994003880370377,0.012425870152098015,0.21034323908954883,0.014815460565963017,0.0240751234196899,0.0240751234196899,0.0056647349222799775,0.021400109706391023,0.019260098735751924,0.004423150029875663,0.013757213382679946,0.005276739379658061,0.10110032773174926,0.02553377915836016,0.0036803180507243554,0.015408078988601538,0.042800219412782045,0.017509180668865386
758,0.006713025738336371,0.01531408996557984,0.016898306168915692,0.008563146130984694,0.02579215152097658,0.005269364289231775,0.01113751997496716,0.03319282745210119,0.48935336049608774,0.005269364289231775,0.014413261144075146,0.02888207854338261,0.004851988899985693,0.12231232326186815,0.1495132941331809,0.005385174493390715,0.007767769933944378,0.008305947099975508,0.01113751997496716,0.017501817103519824,0.012425669385297036
759,0.036107483253626546,0.04594357496522426,0.014033234929472426,0.020134641420547397,0.011026113158871195,0.007235886760509221,0.01052492619710432,0.014033234929472426,0.028943547042036884,0.02676458548543566,0.019295698028024586,0.03216050247565699,0.12824360427365555,0.01493860492492226,0.005384845961309188,0.46212476078383374,0.07358116362479408,0.010067320710273697,0.0171517315804663,0.011026113158871195,0.0112784263358923
760,0.008472229697628411,0.15171272224480437,0.021714080715498383,0.024439124127774263,0.009860880086700191,0.007060191414690343,0.00625896426519622,0.01245916132004178,0.017173438576273802,0.004322566172259394,0.017650478536725852,0.01323785890254439,0.004293359644068452,0.012219562063887131,0.004672185495015668,0.004703740773659421,0.006418355831536676,0.009775649651109707,0.01176698569115057,0.6352575800155918,0.01653088477384331
761,0.48566636359052945,0.013881904837192656,0.011850406568335194,0.055413152522483765,0.010797037095594288,0.2799641686161803,0.015183333415679467,0.016195555643391434,0.00867619052324541,0.004498765456497619,0.008997530912995242,0.00991564631228047,0.003823068605394866,0.010337588708547726,0.004858666693017429,0.011463833127964758,0.013786963920035214,0.0031007129685214833,0.00952679743728908,0.012146666732543577,0.00991564631228047
762,0.005567620804003282,0.01332252120957928,0.019633189150958942,0.015403876951704079,0.016955936084919083,0.005406240490843766,0.2329267961200715,0.011657206058381872,0.008444045586691708,0.07934005478167426,0.008477968042459542,0.069085218873328,0.008541742167909582,0.3725145964337886,0.06427422197601812,0.003519156545926603,0.024673292454760003,0.009098307167517559,0.017763361612772376,0.008289568752627109,0.005105078734064672
763,0.0081266982869088,0.02871638487193655,0.021332583003135598,0.01484005774131172,0.007584918401114879,0.00696574138877897,0.21058682239420137,0.002615536440296432,0.009702873989849807,0.0036527082893214736,0.34062238354138474,0.02007772517942174,0.007262155915961054,0.02632335279927517,0.02032653192649571,0.01344171206771498,0.007764799841898714,0.038406195096292665,0.009481148001393599,0.1895281401547812,0.0126415306685248
764,0.012258359880844304,0.01524889097902443,0.06829657647898969,0.020785914580562084,0.022765525492996565,0.00962431773875881,0.025161896597522517,0.020785914580562084,0.043461457759357086,0.006352018004295822,0.017074144119747423,0.03414828823949484,0.009959917403185997,0.020785914580562084,0.07069725330256953,0.010822133927096255,0.01166039110616897,0.007355015928506583,0.47734645601250186,0.043461457759357086,0.05194815552789612
765,0.01597489231696092,0.01056944877266656,0.004844330687472173,0.0062697084531667426,0.011072755857079251,0.00264236219316664,0.059838493965634516,0.020539147264664038,0.0777643133192586,0.08420717265294081,0.250166813683608,0.019605549661724758,0.0012004531747927297,0.23229291688297357,0.030107297349625323,0.041389493730307834,0.0616174417939921,0.02464697671759685,0.00528472438633328,0.014377403085264825,0.025588304050770456
766,0.003498488756964295,0.03748744559873987,0.0077987145207329064,0.009130202365736086,0.0032011774140045844,0.003859157700981232,0.04385122023844007,0.19513367068663565,0.014973531879807184,0.3747614679467653,0.11558629059611464,0.007198813403753453,0.002484846056698624,0.007486765939903592,0.005937782354662105,0.002599571506910969,0.016203685597586164,0.12206742406287904,0.007198813403753453,0.007062986735758105,0.012477943233172651
767,0.0013373592830484345,0.0074162651150867735,0.005098682266622157,0.0031376506256136343,0.18636501249498688,0.0010877188835460602,0.007583052092669781,0.05667493318356489,0.005438594417730299,0.08127269032968518,0.5812858880982406,0.003708132557543386,0.018097801247928594,0.00198972966502328,0.001506737920328667,0.0015107206715917498,0.0021468135859461705,0.0021468135859461705,0.0026315779440630477,0.026300669380196106,0.0032631566506381797
