site,A,C,D,E,F,G,H,I,K,L,M,N,P,Q,R,S,T,V,W,Y,*
677,0.21468278849276862,0.006815569457181426,0.0039557015209636765,0.003877629542609862,0.0046436496115660544,0.43985745125554654,0.0038837796751279743,0.005085901955524727,0.0038144264666435455,0.0014336099471948893,0.0039557015209636765,0.0039557015209636765,0.002455263013011937,0.013387725719463513,0.002418427871903086,0.2670560530657014,0.0031303604656456705,0.0013497334217504387,0.0029667761407227576,0.005340197053300964,0.005933552281445515
678,0.035708017490295535,0.08554053967675242,0.14256756612792068,0.05580719700836254,0.053323972785508,0.10322671722858297,0.0533316263354087,0.017698042691741883,0.010692567459594054,0.0117318514335555,0.03985411507666874,0.10425394390676694,0.0006167780441341227,0.026721176464756607,0.01018932937618631,0.08838192123944176,0.06938952868883413,0.030392218433942055,0.010206541665976145,0.04912777905947351,0.0012385698060975497
679,0.5370459862497428,0.009049824293801224,0.0216610874698587,0.010896727210903517,0.019069272619081156,0.0027381519658167815,0.020536139743625857,0.0281020859649617,0.019069272619081156,0.004412724242432003,0.017223859139815233,0.01977554197534342,0.00691861682277877,0.016179988888917345,0.003984624129360241,0.21462674956163857,0.0034260951691308045,0.003186894877106566,0.011865325185206051,0.016179988888917345,0.01405104298248085
680,0.004558906592389338,0.007045582915510793,0.009226358579835564,0.009451391715929115,0.003233520967274725,0.0030512366956936513,0.006091900261384227,0.43653982728433854,0.010197554219818255,0.3900521195892551,0.011742638192517989,0.011071630295802676,0.0075713047689043534,0.011071630295802676,0.002507762373838165,0.002583380402353957,0.005032559225364853,0.04345981415074086,0.008073063757356117,0.00968767650882734,0.007750141207061873
681,0.039492423061558056,0.03928163147849794,0.0018951666020071442,0.0015161332816057153,0.02601874367631487,0.010448160609089164,0.10810368340352758,0.02963658803511675,0.08327918827085319,0.010741071107401775,0.07494032897757488,0.08148849083305423,0.0010337272374584421,0.06790707569421185,0.09134714128296512,0.06110457024614436,0.06938331647017298,0.04357805992145865,0.047699505391837545,0.10998193272907152,0.0011230616900783075
682,0.004980227849538082,0.005029641660926107,0.006495949368962715,0.010826582281604524,0.7562915888088422,0.0033802451467453043,0.012661596227639188,0.00817763513526308,0.014366041873667542,0.09618524479772629,0.01310586276194232,0.01185768535604305,0.006970199259525846,0.014366041873667542,0.003474577569445173,0.0015268540601562962,0.004728064414118432,0.003104699001714311,0.008032625563771099,0.006044994545659167,0.008393642443041709
683,0.002391964187432095,0.004584598025911515,0.009627655854414182,0.004813827927207091,0.3511432567178358,0.0017746831068044574,0.008023046545345152,0.12404904422442171,0.008193749663331218,0.38804460907188704,0.03632155826168929,0.009874518825040186,0.005747854241441303,0.006876897038867272,0.0019548539805917114,0.012915275130391413,0.0051347497890208964,0.0020565202481343213,0.003652540940091686,0.006756249722395916,0.006062546497745886
684,0.006687406311701129,0.015224520752170654,0.014786956042816357,0.016262556258000473,0.024674223288000712,0.0038061301880426644,0.022361014854750647,0.04436394552973339,0.018067341917028554,0.00526141525994133,0.0137606245260004,0.7202304321543482,0.00822474109600024,0.011730368448393784,0.0051478595349066245,0.004808504657189912,0.013229805989736491,0.004336681668800126,0.00980208870345234,0.02445566004484269,0.012777722774143227
685,0.0021719678405122777,0.004289156867444174,0.2984852598788008,0.024968064591612722,0.005284853997386573,0.003178469671003839,0.006538960927858867,0.007046471996515428,0.005583996676483926,0.0019470514727213686,0.004484118543237091,0.006620975117225269,0.0027402946653115557,0.006726177814855638,0.0018045842917905367,0.0016712266444535956,0.0028185887986061716,0.0033859968799253774,0.004289156867444174,0.60103209605925,0.0049325303975608
686,0.006358805809493891,0.01398937278088656,0.017986336432568438,0.010320029100654021,0.01284738316612031,0.004253525507701994,0.020984059171329842,0.1641261975263108,0.01719533518335809,0.00524201604981342,0.6344327508691808,0.013685255981302071,0.009992409129204686,0.016566362503681455,0.002960922250747837,0.004918138868280432,0.0027935150860698525,0.0022911808157122346,0.00817560746934929,0.017486715976108198,0.013394080322125428
687,0.03220413196012379,0.009143662069377173,0.012061852091518822,0.008729387303134205,0.013183884844218247,0.5703658512746128,0.020246680296478022,0.01717900146367832,0.014536078161573965,0.0034994262240826213,0.023621127012557693,0.022676281932055387,0.0065919424221091245,0.014918606534246964,0.0045436999405487665,0.0045718310346885855,0.0078737090041859,0.1207587275425953,0.009608594039006518,0.014172676207534615,0.06951284864167306
688,0.007680222890170732,0.014899632406931217,0.016195252616229585,0.005567038060361294,0.019604779482804233,0.004301955631967557,0.016931400462421836,0.019471974754283573,0.7501399735967715,0.004933653114877886,0.01354512036993747,0.013021999036591195,0.008764489651136012,0.02097456018647966,0.003697646398584136,0.007449816203465609,0.008814437138837538,0.005865997010602842,0.01111912866188897,0.018170283423086853,0.028850638902570277
689,0.0009535613828808911,0.010605713542040289,0.0014397049698778041,0.0013410950404341188,0.00307231491728606,0.0003451923888156631,0.003263331265056356,0.035209869228079324,0.002175554176704238,0.017080780757180673,0.001779998871848922,0.0023878033646753827,0.001138371371531287,0.002175554176704238,0.0004331855661579234,0.01801260703188455,0.7954698366148739,0.09840139880469453,0.0012714277656063727,0.002082977403227462,0.0013597213604401484
690,0.005365459754726482,0.012761093470700823,0.011516108741851962,0.013887072306350898,0.013887072306350898,0.009815274732264845,0.020528715583301323,0.012761093470700823,0.004255440929963097,0.004769297559756873,0.23412062624377844,0.015738681947197682,0.007740335383867712,0.023608022920796525,0.47481487793013594,0.09041719382426819,0.008571188197159192,0.005132178895825331,0.005062796844039964,0.014755014325497825,0.010492454631465122
691,0.00683001242008931,0.015448837616868676,0.013517732914760092,0.009870763632736907,0.01582563853435328,0.003750584854962337,0.012242475092612913,0.015089562323453126,0.6533080915594337,0.005109064408728224,0.01247790730593239,0.017570569653333167,0.00683001242008931,0.01582563853435328,0.13625316969608048,0.00683001242008931,0.009116358463561553,0.004667994100061038,0.006299526018528975,0.019083858232602485,0.014052189797369531
692,0.029954977650164107,0.0034676439917414896,0.19199636098396314,0.07402181909955825,0.026008368913837402,0.11383641664974087,0.036719200373364055,0.005154605933669782,0.004890267167840563,0.003194840585412237,0.004334554989676861,0.1029441612606857,0.002095828786217384,0.0087998240685916,0.0010654772041663793,0.013742191011225244,0.0023840052443222736,0.0012171218672811328,0.06449013924553561,0.305789941512888,0.003892253460117998
693,0.02800365147241514,0.1847701495499389,0.001642663707239375,0.001679996973312997,0.0027377728453989586,0.0005516407972072527,0.04914885978028375,0.1532316055476693,0.0025113038359157883,0.12259097748400295,0.030179124426490022,0.0052799904875551334,0.0011897492751526916,0.03435569968194177,0.012292559536173624,0.01639199353816859,0.07404787232133797,0.27221369706950305,0.001802923581116387,0.0026399952437775667,0.0027377728453989586
694,0.06305473132064375,0.026882267898456273,0.045475836528221854,0.15171884730991297,0.00617893668864566,0.26886703916261295,0.07399035665657734,0.005113602776810201,0.02506559184712121,0.03448942289991795,0.04826007141770483,0.03584302386460836,0.034121329777146145,0.14892318072223495,0.0005538027762929776,0.0059601358490461165,0.0032237930549455615,0.009280782964943238,0.0036169385494511184,0.007414724026374791,0.0019655839083318047
695,0.00435094837887497,0.013678937601824223,0.007472503199803372,0.39932224355049684,0.01803132683876829,0.0008429796500558139,0.0208783784448896,0.015257276555880862,0.00855486011141154,0.0030514553111761723,0.009015663419384146,0.019834459522645117,0.006503101482834465,0.012796425498480722,0.0035105238093177202,0.004407657671698916,0.005360664735850032,0.002524676511528294,0.006611486507548373,0.014167471087603654,0.42382696010992676
696,0.0048416663491889595,0.20880228291109504,0.010490277089909412,0.006625438162048049,0.015258584858050058,0.0023630385572438297,0.0265017526481922,0.020980554179818825,0.015258584858050058,0.09156094921357036,0.01007066600631304,0.022887877287075087,0.007193332861652169,0.0132508763240961,0.0022017357459036832,0.0060602983574248055,0.00799259206850241,0.005035333003156519,0.5068937032214205,0.012911110264503893,0.0028193460327851747
697,0.1451708998576593,0.045919442461607084,0.02346512389940613,0.044256563945246345,0.019308444808654193,0.09010607577371954,0.09855352037750577,0.007010285549484174,0.02572038484276866,0.05058586710103554,0.05157387231785265,0.0509784381428523,0.000614519686157053,0.11058472935865582,0.012201949608550349,0.116550250185572,0.052030392231628635,0.0162957796612046,0.012785321562487231,0.025633625004592632,0.0006545136233598733
698,0.14785339609945788,0.011035174587520215,0.023882889928546175,0.2029457395406017,0.005044608662294911,0.014219822287274373,0.16174076093798073,0.005821838526454872,0.0072379614112682185,0.0012227258081595666,0.010462980349648796,0.010462980349648796,0.26969217500398374,0.027696124454952696,0.0021899261196939345,0.06418422005886887,0.019482318814555522,0.0019691512663009125,0.003078213473757748,0.0038257796030989155,0.005951212715931646
699,0.005136817741938279,0.01278590986935776,0.016073715264335466,0.007032250428146767,0.019399311525922114,0.004395156517591729,0.024460001489206143,0.018147743040378753,0.014804737743466877,0.0026175971239831065,0.011969787962803008,0.02250320137006965,0.009356752650471246,0.013721464250042472,0.0035833123200747848,0.5659971697404993,0.009515115635874299,0.005799794167543725,0.007402368871733438,0.019399311525922114,0.20589848076063913
700,0.037807865758637635,0.05216377205983987,0.0023884368474163488,0.006551971369834959,0.023022899396781173,0.009637492770745609,0.05023178050206802,0.04869103032355169,0.029483871164257318,0.062205635156630745,0.07534767075310203,0.14569086614432525,0.08301567998372306,0.08651028864245049,0.01267530909865268,0.027768838641869933,0.08616724083854828,0.10432754411967973,0.010763952964728861,0.04163950225829322,0.003908351204863117
701,0.0036914736276506964,0.009882717226941996,0.013176956302589329,0.003484887704768146,0.006700147272503047,0.39734606304520725,0.014118167467059992,0.012751893196054187,0.009412111644706662,0.0041177988445591646,0.010684018623721075,0.009193225327387903,0.015082424691863789,0.010684018623721075,0.0018449855749700398,0.0039139474166106905,0.0057291114359084025,0.06401482609414857,0.008593667153862604,0.015204180349141528,0.38037337837662366
702,0.0016032492786445282,0.09360320977309007,0.003467492625905607,0.003550051974141455,0.2016780128362154,0.0021937997012016447,0.08816007141606595,0.04796666251239717,0.0045182479670891245,0.11165714816609869,0.027540667471232825,0.00414172730316503,0.001936391985895339,0.003727554572848528,0.0006365532280701091,0.001202436958983396,0.00594628047674345,0.03442583433904103,0.1498930191210747,0.21132166001965183,0.0008299282724442086
703,0.055840151805433384,0.04249504966207717,0.09871741122746261,0.10270599349927927,0.036259838834697,0.02938715922536513,0.06345471796071976,0.049774571712905905,0.0024928639198854197,0.0370368353811548,0.05470055687062863,0.053932736773549296,0.01666870203147265,0.09669290355919201,0.013938806503558703,0.04559477071696579,0.04305190419494181,0.04731553479311933,0.015641499105163416,0.09306691967572232,0.0012310725467056902
704,0.00436049326388155,0.06768526857368375,0.1505996320804355,0.027318752978535,0.008993506040305823,0.0014076792063087375,0.028481656972493857,0.008750438309486745,0.004080323599542699,0.0022328704651793764,0.004832331603746412,0.3260089660039221,0.004981018730015532,0.028343206215230062,0.001740678588446288,0.23870327760101845,0.0724325654129227,0.0025098156391551133,0.006095313164565606,0.006720754775825611,0.0037214507752989603
705,0.00384421782107588,0.1873702526461942,0.010632942909358817,0.006169732305430423,0.010411423265413843,0.0018704938912151156,0.02172818768434193,0.010632942909358817,0.007808567449060381,0.13763185008463605,0.007808567449060381,0.01469847990411366,0.007458930100594991,0.00819259535639122,0.013556089149763207,0.0030105320285534,0.009086333031633899,0.003028777677211299,0.5038089363944868,0.010411423265413843,0.020838724676691765
706,0.0068797365480070954,0.01863261981751922,0.011403723879507196,0.4492046097012878,0.017887315024818447,0.001946980274936452,0.02981219170803075,0.034398682740035484,0.007159408551167473,0.005660542729372927,0.010906899405377103,0.027948929726278826,0.010163247173192301,0.02981219170803075,0.0036063135130682358,0.010586904058133041,0.01315243751824886,0.006485266003955768,0.010399601758615377,0.01944273372262875,0.27450966443778824
707,0.006896132445144962,0.011480728689095176,0.2694323550353261,0.26503003924760965,0.01466981999162161,0.002141331682553512,0.01056227039396756,0.011480728689095176,0.0034613531301676756,0.003520756797989187,0.022385738375582758,0.05507602298754488,0.005501182496858105,0.06034416431678831,0.0031780879573758062,0.008896896021064943,0.011565964827384426,0.002834037440130294,0.005740364344547588,0.01466981999162161,0.21113220513853062
708,0.005436858567657584,0.011563236734335144,0.025428665409070534,0.01425236155627355,0.07396296795379077,0.003835526387522898,0.02451406187679051,0.005402597628231544,0.03064257734598813,0.008063836143681087,0.02269820544147269,0.019151610841242582,0.00988470236967359,0.029183406996179172,0.0074737993526800325,0.005674551360368173,0.03289714347963609,0.6161098509831374,0.01612767228736217,0.016563555322155744,0.021132811962750433
709,0.008596586993082222,0.011183185860745298,0.010300302766475934,0.06877269594465776,0.018638643101242164,0.0025921291730204334,0.019103526651293824,0.02795796465186325,0.006523525085434759,0.004824488059897167,0.034969167429487004,0.020600605532951868,0.3939013648931562,0.17058386989003743,0.0019093244152491974,0.022466134058973707,0.10966621201950533,0.008090905405253855,0.006115804767595085,0.04689047450772121,0.006313088792356217
710,0.005216197991535768,0.009439114660379652,0.010625588501276564,0.00808143350801316,0.5777645326631184,0.002681223266677264,0.02125117700255313,0.01715978068040678,0.016875934678498076,0.18813923971626842,0.018509089647384985,0.026080989957678845,0.010035529546806393,0.01738732663845256,0.004069374319637833,0.0021624140795239773,0.007356176654729929,0.004414972521367381,0.026080989957678845,0.013918207806480096,0.012750706201531877
711,0.007569902844614281,0.5705208480246351,0.028387135667303554,0.0126165047410238,0.020276525476645393,0.003069561477806698,0.0378495142230714,0.063082523705119,0.021836258205618117,0.007009169300568777,0.0189247571115357,0.07096783916825887,0.009960398479755632,0.0315412618525595,0.002845234847939706,0.00592728877565956,0.01577063092627975,0.0067588418255484645,0.009157140537839854,0.03062352071238172,0.025305142095835086
712,0.002495244467555816,0.00796428956580856,0.007521829034374752,0.005641371775781064,0.004076928702306425,0.002943324404755338,0.00796428956580856,0.010831433809499644,0.009337442939223832,0.0027352105579544553,0.013539292261874555,0.010414840201441965,0.0021643783008389013,0.010831433809499644,0.0023546595238042706,0.2722152217370298,0.0037977357133286748,0.0042310288318357986,0.006604532810670514,0.604371222420799,0.00796428956580856
713,0.002717846475679472,0.010044215236206742,0.006417137512020975,0.003850282507212585,0.013589232378397358,0.0011550847521637753,0.23233718620098334,0.008528707208449943,0.005775423760818877,0.002499239012100339,0.009240678017310202,0.6722822710129743,0.0027818687099901364,0.005500403581732263,0.0008347658526847198,0.002538647806953353,0.004620339008655101,0.0027833367522018685,0.0036096398505117977,0.0026499929999054058,0.006243701363047434
714,0.006233116379843069,0.012466232759686138,0.011219609483717525,0.012021010161125915,0.02589140650088659,0.005178281300177318,0.33788129781528314,0.02589140650088659,0.01085768659714599,0.005066474294947135,0.015299467477796622,0.444569198290911,0.004477469898162015,0.01040537613496953,0.005676720573993943,0.008630468833628863,0.006599770284539719,0.006350722349274069,0.017715172869027664,0.003527091171745311,0.024042020322251837
715,0.004004396323692292,0.01032156932879978,0.01156825604622218,0.011255600477405365,0.41862415919155116,0.0029122882354125764,0.02313651209244436,0.013722612457466875,0.01892987353018175,0.0829362894807671,0.016017585294769168,0.01810683555060863,0.005949388823771406,0.01301428805199995,0.0035901484281379175,0.0035068393998499733,0.008499126891102009,0.004153723297388864,0.1284881414263799,0.18690177195949723,0.014360593712551668
716,0.08702488363751022,0.03696698048533555,0.00800545035177555,0.038329818475578335,0.006458198456133056,0.010155763869597677,0.2839472522811542,0.007330927977232117,0.010432474429138014,0.007921495818286188,0.011301847298232847,0.27249833149170183,0.003874919073679833,0.10561994424381586,0.00500304999049654,0.02788127256324751,0.04177743230463976,0.012186916643517209,0.004446628445206365,0.007534564865488563,0.011301847298232847
717,0.00293339944958564,0.005776540454568644,0.00853352567152186,0.0024133668329728367,0.010727860844198911,0.0014168872813092898,0.010147976474242213,0.015019005181878476,0.37829589559862703,0.05483389274941087,0.11113217406844611,0.009286130237092112,0.0038313788729281823,0.09600103459701635,0.20338886281529453,0.010477813901161318,0.04617265160344694,0.00371757554006893,0.003870877624195484,0.015019005181878476,0.0070041450201555385
718,0.00706405476158822,0.07198608185618473,0.008214430854322781,0.005750101598025946,0.01064833629264064,0.0015457262360284803,0.005134019283951738,0.243823825641916,0.004791751331688289,0.2893637895422734,0.08207768821660408,0.008214430854322781,0.0011865172069238838,0.004872222129230924,0.0013842405044896338,0.0024160090748008177,0.0027381436181075935,0.23113219661002168,0.00471319803116881,0.007986252219480483,0.004956984136229263
719,0.006620582170272985,0.004639426654744762,0.010513763292553298,0.011999805183619785,0.16336587312711756,0.0035887267838862905,0.10314515181790215,0.04487982444670937,0.01745426208526514,0.00457135435566468,0.011999805183619785,0.015359750635033326,0.006193447836706985,0.011999805183619785,0.004735568062171964,0.005035225693953135,0.01037820988853603,0.012466617901863715,0.1529994015228728,0.3857357674415817,0.012317630732304746
720,0.005555565221179858,0.016666695663539576,0.014285739140176777,0.014285739140176777,0.0809426113014994,0.0046153926452878824,0.009413446660381183,0.26895349164871474,0.01578950115493223,0.3010934658518845,0.1542490983075322,0.01578950115493223,0.0012267132345584193,0.01578950115493223,0.006814824935512179,0.004285721742053034,0.0063829898285896235,0.008571443484106068,0.011538481613219706,0.018750032621482022,0.025000043495309363
721,0.010117574074775544,0.012452398861262209,0.026980197532734784,0.010292697503862332,0.026980197532734784,0.008862229745258724,0.009810980920994467,0.02312588359948696,0.32474844329378444,0.006607395314139132,0.0167329756930648,0.2959173321891257,0.008993399177578262,0.0132968717465393,0.09126691574554058,0.02502276633955404,0.03381723981462214,0.00578147089987174,0.012950494815712697,0.02158415802618783,0.014658377173169396
722,0.002788603961516414,0.0070267117832688245,0.15507879194012592,0.0037229762179073747,0.012882304935992843,0.001271296142647051,0.008136192591153375,0.01104197565942244,0.0064411524679964215,0.0041780448441057876,0.01104197565942244,0.0019217254254036674,0.003513355891634412,0.0070267117832688245,0.002760493914855609,0.003091753184638282,0.003031130573174786,0.002530610529019305,0.006183506369276564,0.7419138958614007,0.004416790263768974
723,0.006313609835584006,0.01013500526238485,0.011670612120321949,0.004372693873366577,0.012423554837762073,0.38664926336834193,0.021396122220590244,0.009169766665967248,0.014812699998870167,0.006313609835584006,0.019256509998531218,0.013754649998950869,0.010698061110295122,0.025675346664708287,0.002329347019658246,0.0032638152539883423,0.008558448888236096,0.06737802204920396,0.3318830901669106,0.00987513333258011,0.024070637498164023
724,0.004364981814505032,0.00947824622578236,0.011847807782227947,0.00705826846600814,0.017459927258020137,0.002242328897062203,0.006504678782399658,0.523892922033863,0.009579127262246141,0.003071653869466505,0.00705826846600814,0.012759177611630099,0.0036058545424172018,0.011847807782227947,0.3335942990451459,0.002658585818360603,0.005183415904724728,0.005103671044652039,0.005622688439023435,0.008965908591956288,0.008100380362272458
725,0.07569485487666647,0.037799144588691456,0.01539010675543719,0.07786562120588761,0.05615779867480232,0.041264723738015964,0.1275455097356857,0.004571097090195535,0.018954131477748958,0.002353781033184511,0.028581626831526208,0.0473853286943724,0.022497942984381954,0.012861732074186795,0.012125538655798997,0.1376186233388061,0.04141945456369675,0.019400861849278396,0.08759882385662357,0.12638315927473384,0.006530138700279335
726,0.004356992234351938,0.013269021804617264,0.013269021804617264,0.00973061599005266,0.008822742361685721,0.004054423329188609,0.008846014536411508,0.29305160796487534,0.026538043609234528,0.24511238233631868,0.141683851839133,0.010742529545899104,0.0033172554511543165,0.009122452490674369,0.0034752199964473785,0.0033773090533062247,0.0020256121433507757,0.17612101795652155,0.008340527991473709,0.008108846658377215,0.006634510902308632
727,0.002892535983981399,0.049513013183965136,0.01374103149497381,0.009100169435222513,0.02421038882447766,0.004886620221368193,0.02118409022141795,0.14853903955189543,0.022105137622349166,0.004379633936766136,0.005844108232484213,0.026758850806001624,0.0050841816531403084,0.010592045110708976,0.005033843220930998,0.004936098692369231,0.07798299576474511,0.5109825945503919,0.011298181451422907,0.018830302419038176,0.022105137622349166
728,0.08553367901024186,0.008475595280468807,0.00934893431530806,0.017535714373383738,0.1130317556162827,0.0032061953827804547,0.01495693284788613,0.005817741968423322,0.026765037727796228,0.006120506835539784,0.03632397977343774,0.012713392920703209,0.005778814963956005,0.022110248557744714,0.01130079370729174,0.006278218726273189,0.007162474884903217,0.511281436707969,0.024215986515625162,0.021188988201172015,0.050853571682812834
729,0.005729252441166655,0.010921387465973936,0.015194973865702868,0.01397937595644664,0.01664211423386505,0.004423853150774253,0.2311151927195071,0.014561849954631913,0.01397937595644664,0.0023782827007322103,0.014561849954631913,0.01294386662633948,0.35090081595637107,0.008524009729540632,0.003328422846773009,0.017820460166846498,0.21598433069673637,0.005216185058375611,0.010590436330641393,0.01664211423386505,0.014561849954631913
730,0.007980884692451385,0.5769453508443139,0.028731184892824984,0.028731184892824984,0.06086449695167105,0.005913346093466337,0.0169006969957794,0.028731184892824984,0.030243352518763145,0.008208909969378567,0.030243352518763145,0.02298494791425999,0.009577061630941661,0.019814610270913788,0.006497175619793125,0.015346801890636284,0.014015212142841457,0.0074626454267077875,0.012226036124606378,0.006344490391269676,0.06223707332496795
731,0.006442012118976227,0.01794341568082927,0.05411290179940031,0.014240237315631659,0.01932603635692868,0.004919354709036391,0.0031133545829158645,0.02164516071976012,0.018659621310138038,0.004493080305486059,0.016910281812312595,0.03006272322188906,0.0065434557936965496,0.0174557747740001,0.5439648233259117,0.13929171316497246,0.009838709418072782,0.00541129017994003,0.011763674304217459,0.03382056362462518,0.020041815481259374
732,0.095931792374609,0.03549476317860531,0.11376929363436054,0.011208872582717468,0.03105791778127966,0.07472581721811647,0.08100785797421689,0.0035158570479504963,0.02581437322080387,0.02033915619628025,0.01577545030160237,0.21488036113139794,0.050479124578563725,0.10613755946788887,0.004143924544192607,0.03304684847663254,0.02505512694960376,0.003462903724741982,0.004492484005714524,0.04292178960215004,0.0067387260085717835
733,0.005147087598232808,0.017816841686190486,0.00827210506858844,0.03690732396339032,0.012190470627393491,0.004289239665194006,0.023466669267829917,0.012190470627393491,0.5554376993471543,0.0032053239557974563,0.007720631397349212,0.009650789246686515,0.003975560804804483,0.23238288394206227,0.0017026112027604986,0.024983419298294975,0.006095235313696746,0.00413605253429422,0.0066176840548707525,0.011580947096023817,0.012230953301992153
734,0.007796700137751883,0.010555643533990876,0.44641778944130417,0.07189806378083884,0.0073889504737936155,0.005334807175773351,0.07108723374104146,0.009637761487556885,0.011083425710690419,0.0025926142013310925,0.008364849592973901,0.004395041848450389,0.0033842521254016547,0.008692882910345427,0.0029360068107789194,0.003283977988352717,0.004262856042573239,0.0034884529749274096,0.008692882910345427,0.2988538731467202,0.00985193396505815
735,0.0015247342120213844,0.004246177090865912,0.002530750568678509,0.16646704976792207,0.005018209289205169,0.0011269235820925874,0.00435791859325712,0.0034500188863285535,0.0033616271089776067,0.004179882095462831,0.009056411206836137,0.005914318090848949,0.001840010072708562,0.005710376087716227,0.002268505569092748,0.0014919000589528881,0.003969933679708991,0.005873109794512859,0.004870614898346194,0.004731454472679159,0.7580100748737856
736,0.09071531926576513,0.28134007799315,0.007418787301431535,0.009891716401908713,0.009891716401908713,0.002260963749007706,0.004396318400848317,0.012494799665568901,0.005395481673768389,0.2384299570814688,0.10392027334838921,0.010321791028078658,0.0018722923138780273,0.026506024094545444,0.0015337591884674161,0.0037890919595037023,0.007442859206167987,0.15984082101013194,0.006087210093482284,0.00765810302083255,0.008792636801696634
737,0.007835254145440574,0.019028474353212824,0.024974872588591834,0.03995979614174693,0.033299830118122445,0.007135677882454808,0.03995979614174693,0.4005982109412362,0.019979898070873466,0.06781863199365586,0.01663653025620245,0.018936559088054156,0.009746291741889495,0.019979898070873466,0.00554997168635374,0.011157140071841707,0.006474152049290866,0.150563792414281,0.03073830472442072,0.03632708740158812,0.033299830118122445
738,0.004992808017069121,0.38000628610851295,0.0033716634004330942,0.01738552682713655,0.015379504500928487,0.401525247229923,0.01999335585120703,0.011760797559533546,0.01480989322311632,0.006894260638347253,0.021045637738112664,0.01480989322311632,0.005968165925733443,0.01904129128686384,0.004209127547622533,0.00306279125641991,0.00740494661155816,0.005857193955134615,0.011107419917337238,0.015994684680965626,0.015379504500928487
739,0.011404652394674471,0.011740083347459013,0.04435142597928961,0.030704833370277414,0.04435142597928961,0.009713843656478129,0.01995814169068032,0.030704833370277414,0.028511630986686173,0.2183026918106849,0.01735490581798289,0.03628753034669149,0.0056873503226923,0.00791702400582412,0.4005446887612206,0.006882117824372524,0.009503876995562058,0.012876220445600207,0.018143765173345747,0.023480166694918026,0.011578791025993221
740,0.5148843932042148,0.023699289246891367,0.1412450983970265,0.011382448703818424,0.026958431140622584,0.03313176419299572,0.015065005637406736,0.03201313697948932,0.02048840766687316,0.007423336111185928,0.021342091319659546,0.01707367305572764,0.005173840319917465,0.01707367305572764,0.004742686959924343,0.06033193724597846,0.003566624354574057,0.003164133284801142,0.011911864922600674,0.01652290940876868,0.012805254791795726
741,0.006289065977547775,0.005628273642226704,0.014107904760445007,0.011863465366737847,0.017399749204548842,0.003752903747349491,0.0030535580980432684,0.022695325049411536,0.01581795382231713,0.032491797004303255,0.02087969904545861,0.014914070746756151,0.004870214936936347,0.02174968650568606,0.5247704458235447,0.2224161613556365,0.007565108349803846,0.007150581864883086,0.012731523808206472,0.014499791003790704,0.015352719886366628
742,0.0009352431009878394,0.3615537410420313,0.007041454057599305,0.008489402759757505,0.03504963266427625,0.0025005054908835652,0.006117363753354674,0.04479819873932536,0.00990430321971709,0.002698031826351769,0.02773204901520785,0.009043059461480821,0.0034096781576075227,0.008850653941023783,0.0025677823162229495,0.0025520290504792505,0.015857620221141722,0.41938921621272673,0.010666172698156867,0.00649969898793934,0.014344163283728199
743,0.028673643559540114,0.03486713754933057,0.008481195620107436,0.013075176580998962,0.008258006261683557,0.004662707901457013,0.0324724300280042,0.009229536410116918,0.008258006261683557,0.003548500569526565,0.04546140203920588,0.02922518702520378,0.001305949749810374,0.04546140203920588,0.0029327498873268705,0.3154123090229791,0.03530998561446466,0.002827065206702479,0.00784510594859938,0.028712464445814243,0.3339800382782385
744,0.00712285499457426,0.020949573513453702,0.02225892185804456,0.01695917855851014,0.01112946092902228,0.007914283327304733,0.025960503689326637,0.011488475797700418,0.01874435524887963,0.0022797345060969884,0.012719383918882606,0.01874435524887963,0.35735660249864215,0.38657411514740453,0.004446844283729207,0.015949223501877628,0.005838405733257591,0.00684889903324448,0.012719383918882606,0.016188306805850587,0.01780713748643565
745,0.01132044751682476,0.05668521193515826,0.025866082942121088,0.018551290421426076,0.02155506911843424,0.38943196068337776,0.014370046078956157,0.01616630183882568,0.01847577353008649,0.0039191034760789525,0.01616630183882568,0.02155506911843424,0.006158591176695497,0.03924360826280187,0.0021599572310064944,0.020006545388879388,0.006257923292448651,0.0860734178345129,0.17984786448988976,0.03233260367765136,0.013856830147564865
746,0.05872823264782336,0.1654607312089201,0.0034514827330629143,0.018957281983194012,0.05134988209932003,0.02240722127970329,0.05905236441421803,0.01867268439975274,0.011411084910960009,0.03469586628332435,0.05705542455480004,0.11639306609179205,0.002184825606458983,0.013824968257509241,0.07873648588562406,0.06781341062610581,0.037209933550738726,0.036189839119860616,0.014671394885520012,0.12639970978294163,0.00533410967836996
747,0.0034830199110388836,0.010278291404921557,0.00607353583018092,0.00485741533656272,0.010833874724106506,0.4030115211380061,0.04126177349957736,0.021256065136145915,0.01603413459167763,0.027168843818383682,0.041752985088858045,0.10391854066560223,0.006680889413199013,0.061892660249366044,0.012504111495535361,0.015942048852109442,0.01524891629332207,0.09176010840308295,0.011452953279769732,0.008714203582433494,0.08587410728612035
748,0.003593937012094052,0.32351610456928076,0.007187874024188104,0.018411312600434982,0.052603750286957074,0.002011227285594792,0.03391557584290655,0.018411312600434982,0.008186189860880898,0.0945104589001857,0.04208300022956567,0.008930388939142794,0.003426777151066422,0.006697791704357098,0.0012268127121644978,0.001901308612849757,0.0036383066048359543,0.006873556704162393,0.2964355542971779,0.06104803651723176,0.0053907235444880155
749,0.09018301852091119,0.04566297060895749,0.004178612606556086,0.012384287754632167,0.008256191836421446,0.04757591152064412,0.01601200841002947,0.09665497133854908,0.1981486040741147,0.04953715101852867,0.02032293375119125,0.04210274313568434,0.02868818173463614,0.07485613931688778,0.09445860248706417,0.07572392756850235,0.06111677207124962,0.014245978070687986,0.012009006307522102,0.0034357383011002687,0.00444624956612976
750,0.03656881980418276,0.03640335003131316,0.005189949017746471,0.0053975469784563294,0.005189949017746471,0.010099709917224078,0.04027604684315498,0.135248928819887,0.033803110743362216,0.08910881718471253,0.12286130635568193,0.07575638067068345,0.0036403350031313153,0.0053975469784563294,0.011344879633046224,0.018510325568503364,0.13526863012085039,0.18001506424571503,0.016133302854786515,0.025352333057521662,0.008433667153838014
751,0.052745511157819475,0.019046990140323704,0.011527431224915079,0.019046990140323704,0.011527431224915079,0.01628568930731181,0.05079197370752986,0.0571409704209711,0.1673147369189219,0.09313438885697631,0.05804796995146269,0.02344244940347532,0.020495417581404676,0.018601001204281035,0.11553260440656982,0.054335599780148236,0.09503014435602361,0.06314677812287497,0.012540477830445521,0.033861315805019915,0.006404128458286155
752,0.04759459274134423,0.007559696704144308,0.29227360393884105,0.12138764443142214,0.007295530862505645,0.026994819094394804,0.05500830270329256,0.005759768917443282,0.000870677393866409,0.012527194441539298,0.009616836136939259,0.015671881112049164,0.012929301917440558,0.08462815800506547,0.001343946080736766,0.04416275235701233,0.04475527586806347,0.017293186634142244,0.002950125543080705,0.09896034605431041,0.09041635906236593
753,0.015382160707033176,0.24276812960103838,0.014883528828618008,0.013891293573376809,0.014883528828618008,0.005209235090016303,0.009337235753886093,0.019515031224300355,0.013891293573376809,0.003655603571941265,0.026046175450081515,0.0951186371712336,0.0822608958387288,0.01602841566158862,0.003931498181144379,0.06040393154363164,0.20904307754436494,0.1092456583204673,0.014883528828618008,0.01225702374121483,0.017364116966721008
754,0.20690319342688793,0.1555609132661831,0.005539225468309255,0.011466961961072534,0.01587733194610043,0.19197798191528215,0.01032026576496528,0.0129003322062066,0.014743236807093257,0.004586784784429013,0.017200442941608798,0.0258006644124132,0.0034350793515591812,0.0129003322062066,0.003685809201773314,0.25420995300240984,0.0017562730081958295,0.007085661128457414,0.01214148913525327,0.022933923922145064,0.00897414414344807
755,0.17960095625460362,0.14623764329341826,0.012149788942996976,0.0076735509113665095,0.005607594896767834,0.21582439601047895,0.0058318986926385475,0.008099859295331316,0.006339020318085377,0.002278085426811933,0.023162068354187788,0.006942736538855413,0.008492758396535521,0.006074894471498487,0.0004505370608402902,0.13648651161824654,0.17215050803788215,0.04475913208984937,0.003533416737835059,0.0017297771719103348,0.006574865479859512
756,0.03863863995550822,0.01717272886911476,0.0059493714949362475,0.007932495326581664,0.0016494574310902687,0.027643905008818883,0.026806046497983477,0.40187470965453687,0.009915619158227078,0.11934508981930629,0.18031365312570496,0.007436714368670309,0.0006993913141448744,0.009366943019517146,0.001563992185448978,0.014310607390928966,0.012879546651836072,0.08676747218079038,0.0059493714949362475,0.015851749725336702,0.007932495326581664
757,0.39478650813255733,0.020707344358577608,0.020707344358577608,0.014293266520476548,0.012691598155257241,0.16061378512769436,0.015132290108191329,0.024589971425810906,0.024589971425810906,0.0057858756296025665,0.021857752378498584,0.019671977140648726,0.004517739367340621,0.014051412243320517,0.005389582778259925,0.13581965068647867,0.0034608608750221407,0.023996367235950437,0.015737581712518982,0.04371550475699717,0.017883615582407933
758,0.009273300817381676,0.021154717489651944,0.023343136540305596,0.011829037026081507,0.03562899787730854,0.007279042577084541,0.015385249083383233,0.016510999016313716,0.6801370578993011,0.007279042577084541,0.01991032234320183,0.012536128882756709,0.006702484749196657,0.028001602990253515,0.00593269386639337,0.007439021534822662,0.010730312989315378,0.01147374507913326,0.015385249083383233,0.024176819988173656,0.029891037589473084
759,0.003662388711327278,0.0073941276933325376,0.006273805315554879,0.00900154675710048,0.004929418462221692,0.003234930865832985,0.004705353986666159,0.006273805315554879,0.01293972346333194,0.0074918654218077176,0.00862648230888796,0.02702858934065519,0.0016677758079622412,0.006678566948816485,0.002407390411782686,0.20780280162043507,0.042153720819525904,0.00450077337855024,0.007667984274567076,0.004929418462221692,0.6206295306338648
760,0.009803684061698865,0.005939465092462004,0.025126559904834023,0.028279857870285183,0.011410567983935508,0.008169736718082386,0.014771658963737446,0.0144171824436748,0.0198723325574977,0.005001879623315747,0.02042434179520597,0.015318256346404475,0.004968083139374424,0.014139928935142591,0.0054064434163780505,0.005442957768956195,0.0074270333800748965,0.011311943148114073,0.013616227863470646,0.7400230608589858,0.01912879812836918
761,0.3953796159763264,0.011233660019693906,0.009589709772909431,0.0776008852959373,0.008737291126428593,0.30004081505004554,0.01228681564654021,0.01310593668964289,0.007021037512308691,0.003640537969345247,0.007281075938690494,0.008024042871209933,0.003093743506287891,0.008365491504027376,0.003931781006892867,0.0894854739221944,0.0019908588273000252,0.013628357452457187,0.007709374523319348,0.009829452517232167,0.008024042871209933
762,0.003374692174626628,0.02111177017359841,0.011900230299999166,0.005479306689344345,0.01027747162272655,0.003276875010144697,0.3168681993826893,0.007065761740624504,0.09490998780143836,0.050948547848307615,0.005138735811363275,0.12385571835177733,0.0030445038264117893,0.2270773418579083,0.08350750192914803,0.0021330601481130574,0.0056298053796262435,0.00551474087073132,0.010766875033332578,0.005024541682221869,0.0030943323658668307
763,0.007316033639622513,0.013966973312006617,0.0192045883040091,0.013359713602788939,0.006828298063647679,0.006270885976819296,0.17818785944823573,0.002354628153685997,0.008734980677837016,0.020022530930903885,0.30855031704462066,0.018074906639067388,0.0065377321885988415,0.033410223646544196,0.011223511756462214,0.0065377321885988415,0.0018791466470796903,0.01025001087895908,0.0085353725795596,0.3073740575482065,0.011380496772746131
764,0.010952519553518291,0.013624479803225573,0.06102118036960192,0.01857166359074841,0.020340393456533972,0.004691123073520538,0.02248148750459018,0.01857166359074841,0.03883166023520123,0.209720214705418,0.01525529509240048,0.030510590184800963,0.008898922137233612,0.01857166359074841,0.011045032862870695,0.009669289741814274,0.010418250307005205,0.0065715117321109755,0.4290634043155396,0.03883166023520123,0.0023579939171680733
765,0.03520493072918291,0.011360788135902024,0.005207027895621762,0.006739124333002569,0.011901778047135454,0.002840197033975506,0.06739203962325381,0.011901778047135454,0.08035984395861269,0.07442149424763758,0.2895470148895567,0.007573858757268015,0.001290331641623579,0.25144853260305144,0.01805136146577546,0.05760806846593567,0.021935379915875502,0.009400877106803788,0.005680394067951012,0.021935379915875505,0.008199799118823549
766,0.003391130825203956,0.04284263332866337,0.007559395797850484,0.008850024348703005,0.003102943059047373,0.003740731941204363,0.0050727789233546575,0.2119135982737817,0.014514039931872932,0.3654974815881742,0.15851774331605448,0.006977903813400447,0.0007492753604092046,0.007257019965936466,0.0023168015504528923,0.0025197985992834945,0.02074063931238096,0.10851687772338138,0.006977903813400447,0.006846245250883458,0.012095033276560776
767,0.0011827375669011442,0.006558817416451799,0.004509186973810613,0.0027748842915757614,0.18778048156066568,0.0009619598877462641,0.06603541721812557,0.039038106165589864,0.0048097994387313195,0.07231523695310105,0.566654085342212,0.0057237786398203205,0.00026069993697235553,0.0017596827214870683,0.004651524286336742,0.001336055399647589,0.0018986050416044682,0.0018986050416044682,0.0023273223090635423,0.024637134145313558,0.0028858796632387916
