site,A,C,D,E,F,G,H,I,K,L,M,N,P,Q,R,S,T,V,W,Y,*
677,0.2574774814534035,0.037706632241170136,0.004741079871122634,0.0046475072183048294,0.0055656155008830905,0.32198701713183114,0.004654878418920404,0.006095674120014815,0.03703329952257781,0.001718243711682028,0.008534422935244269,0.004741079871122634,0.002942739230351979,0.008229622116128401,0.008919848487158525,0.23366622097039835,0.03314393955342405,0.001126810110219859,0.003555809903341975,0.0064004578260155555,0.00711161980668395
678,0.047248019087600825,0.024008993403032707,0.06482638461889605,0.04115827440519893,0.052917781378112906,0.11254784770979179,0.06882800342967184,0.006386628787013628,0.023151529352924402,0.023459037020596728,0.07202698020909813,0.10343591968134246,0.000795302325173449,0.02307123928727019,0.011918446966624469,0.10269780969374159,0.07440149604016731,0.04927664963191249,0.05980811749505472,0.03643846990523798,0.0015970695715374816
679,0.53415334136361,0.009000344320508334,0.008655776281052633,0.010837149283877384,0.018965011246785422,0.0027231811021025225,0.020423858265768913,0.027948437626841672,0.018965011246785422,0.004388597643884229,0.017129687577741668,0.019667419070740436,0.006880789240220143,0.016091524694242177,0.0039628381709700886,0.22119629733666413,0.013975070069496756,0.0031694705086009268,0.01180045144244426,0.016091524694242177,0.013974218813420836
680,0.006172527192262377,0.00953936020622367,0.012492019317673856,0.012796702715665902,0.004378022600983629,0.00413121898694726,0.00824812249470478,0.23352262862356932,0.013806968719534261,0.5281957702686222,0.01589893367703945,0.014990423181208627,0.04419261263256981,0.014990423181208627,0.0033953824520312897,0.0034977654089486786,0.006813828718731196,0.028396856208706866,0.010930516902964623,0.013116620283557546,0.01049329622684604
681,0.07227596881618305,0.030022325508260648,0.005023087700290798,0.0040184701602326385,0.009427300280371703,0.03796392941593897,0.06295003735603039,0.018585249124161356,0.09799250052845483,0.005559689908937156,0.0035949401569794854,0.027680158270027552,0.0027398660183404347,0.10610727336843895,0.2426093996660245,0.06826088669584927,0.08842966478616973,0.023350697617536057,0.002528704741657844,0.08790320531697939,0.0029766445631352876
682,0.00462889976535867,0.004674827700154008,0.006037695346120005,0.010062825576866673,0.7029783793489391,0.0031417871710579214,0.011768389233962718,0.00760074729559191,0.013352595476996165,0.01695736784383017,0.012181315171996502,0.011021189917520643,0.006478489477126012,0.013352595476996165,0.0032294649525758164,0.02312335373919197,0.0043945250936949405,0.0028856793132221088,0.11409726146509257,0.02023109417523622,0.007801516458469668
683,0.0032051495995348155,0.006143203399108396,0.012900727138127633,0.006450363569063817,0.006482026455637142,0.002378014219009702,0.010750605948439696,0.07316344844781794,0.010979342245215008,0.5200322700342439,0.19251131822026918,0.01323151501346424,0.007701926649628438,0.009214805098662595,0.00261943698236094,0.0868466695067023,0.006880387807001404,0.006437765366807305,0.004894279016772167,0.009053141851317637,0.008123603430815605
684,0.0038935725651546723,0.008864090733437231,0.31987882839218024,0.009468460556171588,0.014365940154191372,0.002216022683359308,0.013019133264735932,0.014365940154191372,0.010519251191650234,0.003063325474055514,0.008011774316760574,0.41920258369799246,0.004788646718063792,0.006829709253631966,0.002997210535766546,0.12090265949650086,0.007702718698851369,0.0025249228149790905,0.005707017321528081,0.014238687254091328,0.007439504722706247
685,0.005439160108315156,0.010741140129499295,0.7479575943192698,0.00913033972167849,0.01323461908813306,0.0017474572544001145,0.016375221937104164,0.01764615878417741,0.013983748470480215,0.004875912295627969,0.01122937377174926,0.06663200926021579,0.006862395082735661,0.016844060657623897,0.0045191382252161676,0.004185176744753928,0.007058463513670965,0.004685615411220894,0.010741140129499295,0.013758963945704089,0.012352311148924187
686,0.006322720827633109,0.01390998582079284,0.017884267483876507,0.010261464949765212,0.012774476774197505,0.004229387580646471,0.020864978731189258,0.08067515675280564,0.01709775501236826,0.005212268631864436,0.6308134586173199,0.013607594824688648,0.00993570415770917,0.016472351629886257,0.0029441195948859606,0.004890229390122483,0.002777662433193089,0.09049165048784681,0.00812921249267114,0.017387482275991045,0.013318071530546333
687,0.06112020996709625,0.010169099238590702,0.013414556442396244,0.049755432796400115,0.014662422157967986,0.6344178891095257,0.022517291171165122,0.019105580387655256,0.016166260328015984,0.0038918774863742193,0.02627017303302598,0.02521936611170494,0.007331211078983994,0.016591688231384825,0.0029007189246654944,0.027489815528465366,0.008756724344341995,0.005045996120512624,0.010686172081230905,0.015762103819815586,0.008725411640680532
688,0.0069622904599139935,0.013506843492233144,0.014681351621992548,0.0050466420743122365,0.017772162489780453,0.003899817112567572,0.015348685786628574,0.055592537205989084,0.6799956019378336,0.004472464732527531,0.012278948629302858,0.011804727669752909,0.007945202054254792,0.019013898733865123,0.05651848834494261,0.006753421746116572,0.021558919022066747,0.0053176549182020255,0.010079733949427721,0.016471760356381888,0.014978847661908205
689,0.02933058642803284,0.010902701521428589,0.001803095179933291,0.0016795955100748464,0.0023058253546418147,0.0004323210278811557,0.004087015741182126,0.015511115872991775,0.002724677160788085,0.008327852990526767,0.002229281313372069,0.0029904993228161906,0.001425703165528649,0.002724677160788085,0.0005425242134312557,0.012463370489213732,0.7712953358779465,0.12331982119684556,0.0015923437952657638,0.002608733451818379,0.0017029232254925526
690,0.007415728276452918,0.017637407792644777,0.015916685081167236,0.019193649656701672,0.019193649656701672,0.031545096756635735,0.028373221231645946,0.017637407792644777,0.005881545119279558,0.006591758467958149,0.04344198894048291,0.021752802944261893,0.010698099808653388,0.03262920441639284,0.656375175675114,0.004884299897930831,0.011846441047382927,0.007093305307911486,0.006997410740283835,0.020393252760245523,0.01450186862950793
691,0.004677925926248867,0.010581022928420057,0.00925839506236755,0.16640819324959064,0.01083909665838152,0.0025688032542985108,0.008384961565917781,0.0269624678276736,0.4472671101990643,0.003499235929083799,0.008546210826800814,0.05216871529144561,0.004677925926248867,0.019502453578396327,0.1784361130847232,0.004677925926248867,0.00624386120942299,0.0031971436186592973,0.004314591873724683,0.013070675382165954,0.014717170681116788
692,0.029456900686794317,0.006187802425966627,0.3429372978322906,0.07254268142747217,0.04085241396941129,0.1557720861678863,0.05505470454915259,0.009198084687247688,0.008726388036619603,0.0058546453140876035,0.007734753032458282,0.11566540027478714,0.0037398805871226865,0.0059706865513713065,0.0019012800750176785,0.006295748728162696,0.02680939666742615,0.0021718808681040285,0.048147487892520435,0.0480349877071586,0.006945492518942132
693,0.024304450852066988,0.16919369384682478,0.0017469416237609122,0.001786644842482751,0.0029115693729348533,0.0005866595005167241,0.08484937482467629,0.14405472984030107,0.009608718631059353,0.11682160301948186,0.044781614490801376,0.015151674075835056,0.0012652757356504593,0.07512705062601548,0.019868310909359466,0.026500901216292106,0.07879167546187212,0.1734807954264215,0.0034491615782388735,0.0028075847524728944,0.0029115693729348533
694,0.05261798961295287,0.03454643180105595,0.003980873946526439,0.03578023293680795,0.006634789910877397,0.21822399494132377,0.04820781450010999,0.005490860615898536,0.004538276207248937,0.07001690896177294,0.24943933818803266,0.005490860615898536,0.06074913863477545,0.1599178301189437,0.000476445798670715,0.0052521442843020865,0.0034616295187186426,0.004089169478492338,0.0038837794600257948,0.007961747893052878,0.0192397425745125
695,0.007497007721481186,0.02356982705665938,0.012875678888703402,0.6882582145784966,0.031069317483778267,0.0014525166458430995,0.03597499919174326,0.026289422486273917,0.007879381444257809,0.005257884497254783,0.015534658741889133,0.03417624923215609,0.011205327617100358,0.022049193053003933,0.006048893669408158,0.007594722051590243,0.009236824116798943,0.00435020543867356,0.011392083077385365,0.024411606594397207,0.013875986413105185
696,0.006674062086299513,0.01328129907999202,0.014460467853648944,0.00913292706546249,0.021033407787125744,0.003257363251808295,0.03653170826184997,0.02892093570729789,0.021033407787125744,0.0037195253809442787,0.01388204913950299,0.031550111680688615,0.009915749385359277,0.018265854130924984,0.021418962404802004,0.008353902268735941,0.011017499317065865,0.006941024569751494,0.6989258773287591,0.0177974988967987,0.00388636661605616
697,0.1261053971150097,0.10204332833482302,0.007369795935292773,0.008693243286215879,0.007020171691995714,0.08843755122351328,0.12528653089997716,0.007504043132835189,0.09855359408222848,0.04809761557770022,0.030254951734359815,0.07539268306150614,0.002340057230665238,0.04582487228281112,0.033910849405892944,0.0807473293779904,0.04353653145589603,0.005644950078096594,0.011951020435609902,0.048793131709524575,0.0024923519480558095
698,0.12406305800557407,0.046523646752090274,0.028768245334625877,0.11550698503967238,0.005192626166258296,0.021648587302986078,0.05688519916332012,0.005992661292867777,0.020118333730633625,0.0012586026886613451,0.049625223202229625,0.022055654756546497,0.277614684468094,0.10703479514206389,0.005770374790956932,0.09434932167089435,0.002332671272730797,0.002026929554940571,0.0031685335571484795,0.003938034563884539,0.006125831543820393
699,0.032024513836331245,0.012837669627012313,0.016138784673958333,0.0070607182948567715,0.019477843572018677,0.004412948934285481,0.024559020156023553,0.018221208502856186,0.014864670094435307,0.002628193647356021,0.012018243906139186,0.02259429854354167,0.14191611485195704,0.013777011307037602,0.0035978182394174624,0.5682246588617376,0.024062289643813926,0.00582327282050043,0.007432335047217653,0.019477843572018677,0.028850541867485122
700,0.05519265836237433,0.03763174106508761,0.0021574542263272335,0.003376884875990453,0.04270903946275816,0.029255240562227582,0.0652283511794852,0.03407508402775151,0.03646305345437061,0.10401863311014252,0.08319942752485357,0.104417544446728,0.06263825324510057,0.069887519120877,0.020900940297832377,0.03968642689057349,0.07779562246330575,0.10483127868131549,0.0027738697195635867,0.020230597640253867,0.0035303796430809276
701,0.015935644199258487,0.016308867519369503,0.021745156692492672,0.005750905403020384,0.011056859335165762,0.6558756620344904,0.02329838217052786,0.02104370002499291,0.015532254780351905,0.006795361466403959,0.01763120812904811,0.015171039552901864,0.014181623929886525,0.01763120812904811,0.013760543711933023,0.011651828083895527,0.009454415953257682,0.027220397929179994,0.014181623929886525,0.025090565414414616,0.04068275161047435
702,0.0018452632847708685,0.03417209487622935,0.003990918267062576,0.004085940130564065,0.13511051570600693,0.0057015817658506995,0.06042209398032607,0.05661773991489815,0.005200287438899719,0.04149171346712361,0.14628506963657892,0.004766930152324743,0.0022286946166713084,0.0042902371370922695,0.012196731914982361,0.0013839474635781513,0.030414488384036195,0.05851402785463156,0.17256597810294744,0.2177605381342236,0.0009552077712016001
703,0.0329568645921127,0.062189745172270126,0.11911040735736385,0.03630031462319661,0.02887525026845184,0.03314949763815101,0.0742506435474476,0.04914011267164945,0.0015745265380575596,0.03443668239923785,0.07648994867030715,0.04921752935596361,0.029798765735459903,0.12925112024926064,0.029249976955742926,0.05045237792147737,0.02495715701149248,0.052358649771260944,0.021353126248939182,0.06352555059059407,0.0013617526815632947
704,0.026850631563389626,0.02232781729151802,0.1978198756071868,0.03304337619246744,0.007637068824820658,0.010840317090809477,0.07813969852496648,0.012794208348858745,0.003464912573315835,0.012036490011174657,0.004103499667067815,0.2768187872397861,0.004229761195285287,0.06856500559936993,0.005361877270722966,0.15199082625324545,0.04226924010765237,0.0021312750208801836,0.005361877270722966,0.03105328793648867,0.003160166410270617
705,0.0053445011518253515,0.00815719430709046,0.014782662760367994,0.00857759444120118,0.014474690619526996,0.00421879359239849,0.030208049988578074,0.014782662760367994,0.010856017964645246,0.003607196561946089,0.010856017964645246,0.020434857345214583,0.01036992760801934,0.011389920487496652,0.008459328701950321,0.004185452709260818,0.012632457267950833,0.004210819089316944,0.7006549134045514,0.014474690619526996,0.087322250654119
706,0.007006113659639405,0.01897489116152339,0.17259243759148507,0.4574050040637393,0.018215895515062454,0.06915767442415627,0.030359825858437425,0.03503056829819703,0.004019801732909986,0.005764523897171664,0.011107253362842961,0.02846233674228509,0.010349940633558213,0.05468551089249057,0.0036725595796496886,0.006154018755088667,0.013394040819898865,0.006604396900906257,0.010590636927361893,0.019799886429415714,0.016652682754180432
707,0.02463707345929381,0.015966155594325054,0.15613735124997682,0.36857155007284764,0.0204011988149709,0.07779301151928986,0.039667663904754534,0.015966155594325054,0.03124509673133013,0.004896287715593017,0.021326701024061572,0.06296454588056273,0.007650449555614087,0.015966155594325054,0.004419740958438405,0.03814198452380243,0.024792289940471588,0.003941272714879312,0.028744683988952552,0.0204011988149709,0.016369432347214427
708,0.0329007521852898,0.01037563478067804,0.022277768859341556,0.012788573101765956,0.012788573101765956,0.003441598741157239,0.021996345735037445,0.11266321467166114,0.027495432168796803,0.007235640044420212,0.020366986791701337,0.017184645105498,0.00886949424799897,0.026186125875044576,0.00670620296799922,0.005091746697925334,0.05057076197009541,0.552764460085102,0.01447128008884042,0.01486239576691719,0.018962367012963312
709,0.04953394145836898,0.015705594912909904,0.014465679525048595,0.018012342348497804,0.026175991521516503,0.01640196737032085,0.015269328387551295,0.03926398728227476,0.009161597032530779,0.008944533197310058,0.10914258287437231,0.02893135905009719,0.5533494953172376,0.006496903036811136,0.002681443033911447,0.006652617542462693,0.008231790898741974,0.02913761262256998,0.008588997217997604,0.024986173725083934,0.008866061644384622
710,0.005414862620085695,0.048578848246362466,0.011030275707581971,0.008389223777597555,0.5999765423645986,0.0027833405991094695,0.022060551415163946,0.017813329771220247,0.017518673182630194,0.001953247966915924,0.019214028651916987,0.027074313100428477,0.010417743709871766,0.018049542066952317,0.0042243609092867136,0.060042307008652214,0.007636344720633673,0.004583121598039478,0.027074313100428477,0.07292869863342544,0.013236330849098366
711,0.006872283544719753,0.5178532703503891,0.025771063292699067,0.011453805907866254,0.018407902351927907,0.009041301178701642,0.034361417723598756,0.05726902953933126,0.019823894840537745,0.00636322550437014,0.017180708861799378,0.06442765823174768,0.009042478348315461,0.028634514769665637,0.062212678405623584,0.009211300441890927,0.014317257384832818,0.006135967450642635,0.008313246223451311,0.038096903946704196,0.03521009170118495
712,0.006088832701317312,0.019434258799722468,0.018354577755293446,0.013765933316470086,0.009948418732637562,0.007182226078158304,0.019434258799722468,0.026430591967622565,0.022784993075536695,0.006674391911015799,0.033038239959528204,0.025414030738098618,0.02239317618788449,0.026430591967622565,0.0057457808625266445,0.664506515617683,0.00926713903304507,0.010324449987352565,0.016116214614404004,0.017231119094635476,0.019434258799722468
713,0.006683408956011961,0.02469955483743551,0.01578027114613935,0.009468162687683612,0.0334170447800598,0.002840448806305083,0.5714753913814388,0.020972795428375948,0.014202244031525415,0.006145835147848065,0.022723590450440662,0.17616870660539719,0.006840844917904848,0.02435836164029136,0.009027612867715086,0.00624274462924194,0.011361795225220331,0.006844454954952007,0.008876402519703383,0.0065165516549307596,0.015353777331378824
714,0.009685816444177878,0.019371632888355757,0.017434469599520185,0.018679788856628767,0.04023339138350811,0.008046678276701622,0.525052531591327,0.04023339138350811,0.01687206735437437,0.007872938198089444,0.023774276726618433,0.01668501407381569,0.006957667549441934,0.016169209290214055,0.054080686756839455,0.01341113046116937,0.010255570352658928,0.00986856769784161,0.049548932933505214,0.058406660468446565,0.037359577713257534
715,0.004356094948483322,0.028307555437206786,0.012584274295618487,0.012244158774115286,0.45540130347867525,0.0031680690534424166,0.025168548591236975,0.014927843793155768,0.020592448847375707,0.07727775271869976,0.017424379793933287,0.01969712498444633,0.0064719124948895085,0.0141573085825708,0.003905464436571255,0.02343131142902184,0.009245589278413582,0.004518537030437925,0.04798411872714273,0.18351434555827786,0.015621857746285018
716,0.049015867699722854,0.05155743121007888,0.003525399642585543,0.01374219150953659,0.010143046114181768,0.016524817695538097,0.11370214188476908,0.04074288151408672,0.016384920645985936,0.004733421519951491,0.0322233945062993,0.428080443686244,0.006085827668509061,0.08592905201679812,0.004484294071532992,0.0664623662685891,0.010179990559789808,0.00991489061732286,0.006983736668780888,0.011833553799878728,0.017750330699818097
717,0.027938633429823962,0.0029026618296056172,0.004288023157371934,0.05398743176424803,0.00539065768355329,0.0007119736563183588,0.0782425564263796,0.007546920756974604,0.18990351736868505,0.10982640166754815,0.11423278148840031,0.0046662004699777725,0.0019252348869833174,0.14293506164538103,0.0986331735482529,0.01084666387327106,0.08441988450283465,0.018546721296177345,0.012289158347139065,0.027246819649656896,0.0035195225514171374
718,0.030527954158523926,0.2533197175684863,0.006900584884362416,0.004830409419053692,0.008945202627877206,0.0012984971556595944,0.00431286555272651,0.14751895267570592,0.004025341182544743,0.24299946582548396,0.06957913849839681,0.006900584884362416,0.054600910189332046,0.004802694345476507,0.00985688802416845,0.002029583789518358,0.010369812999879555,0.12234899621379446,0.0039593519828308955,0.006708901970907906,0.004164146050908355
719,0.005143712859137032,0.005084231744163891,0.008168432632503593,0.009322979557185872,0.26570482956959995,0.0027881808021490454,0.055808922116963214,0.019889023055329857,0.013560697537724905,0.0035516112598803318,0.009322979557185872,0.07196653634643055,0.004811860416612062,0.009322979557185872,0.0036791934168695925,0.003912005694444241,0.008063117454863458,0.014916803998489696,0.17574707256402414,0.29966492286885005,0.009569906990406702
720,0.005907850921954354,0.017723552765863067,0.015191616656454054,0.015191616656454054,0.14765563755133834,0.00490806076593131,0.010010365699476083,0.01792104391731287,0.016790734199238693,0.32013656539660384,0.26056037125878495,0.016790734199238693,0.03385789048226856,0.016790734199238693,0.02130854880135676,0.004557484996936216,0.006787743612458194,0.009114969993872433,0.012270151914828276,0.019938996861595948,0.026585329148794596
721,0.012015170979120596,0.014787902743533043,0.03204045594432159,0.012881250731278123,0.03204045594432159,0.016238475586425424,0.020995200758206607,0.02746324795227565,0.38562624149094965,0.007846642272078758,0.01987132117400413,0.03146931459600109,0.01068015198144053,0.015790760348414045,0.18045719072975408,0.09169962684099063,0.02281137203738764,0.006865811988068913,0.015379418853274361,0.02563236475545727,0.01740762229269628
722,0.007573045845293662,0.01908252703170621,0.42109322339293365,0.01011053199674105,0.03498463289146138,0.2338557460672184,0.02209555761565982,0.029986828192681187,0.01749231644573069,0.011346367424257745,0.029986828192681187,0.018804666645990564,0.009541263515853103,0.01908252703170621,0.007496707048170295,0.008396311893950731,0.008231678327402677,0.01176494029290829,0.016792623787901462,0.05028694508267919,0.011994731277072472
723,0.01677001521551466,0.014938677407315599,0.017202113378120994,0.08605344165308562,0.01831192714445138,0.5700228106102256,0.0315372078598885,0.013515946225666497,0.021833451595307415,0.009306061335704803,0.028383487073899642,0.020273919338499747,0.015768603929944246,0.03784464943186618,0.003433383880471559,0.00481076052099994,0.012614883143955397,0.006412596617836023,0.020931070397999844,0.01455563439687161,0.03547935884237456
724,0.007480762304399903,0.016243941003839794,0.020304926254799738,0.012096551811370058,0.029923049217599616,0.10289990481333916,0.011147802649693976,0.07699388734776662,0.00470096581140397,0.005264240140133266,0.012096551811370058,0.021866843659015107,0.006179760164504269,0.020304926254799738,0.5717076901761144,0.01718828823194599,0.01596850789560073,0.00874673746360604,0.009636236188718523,0.015365890138767373,0.013882536661211822
725,0.06759407957267963,0.024168839949957967,0.07086645244593506,0.07469707149706668,0.09102854356751774,0.0814047826588004,0.06254269887200518,0.009530316018591266,0.01504786739777568,0.006540412953935183,0.018152982892554792,0.04765158009295632,0.0504060141525003,0.04084421150824828,0.018290505490225664,0.10599889975551674,0.045114048826582376,0.0231037964087061,0.11075772670254716,0.03122560013321343,0.0050335691026842135
726,0.003485614751754095,0.010615281289432926,0.010615281289432926,0.007784539612250812,0.0070582363411973575,0.003243558171771172,0.007076854192955283,0.23433246770717922,0.021230562578865853,0.35089350916752926,0.08796072837091819,0.008594075325890417,0.002653820322358232,0.007298005886485136,0.0027801927186610047,0.006334270561385194,0.05399185135587728,0.15558393084301061,0.00667246252478641,0.006487116343542343,0.005307640644716463
727,0.057710580570560575,0.07907004209512,0.012800503305487283,0.04355747180263274,0.022553267728715687,0.004552147218290309,0.019734109262626223,0.022553267728715687,0.02059211401317519,0.004079862469197117,0.059317923472335485,0.024927295910685755,0.004736186223030294,0.009867054631313113,0.004689293290129004,0.0045982390514857216,0.080058417621309,0.47594382086294723,0.010524858273400653,0.017541430455667754,0.02059211401317519
728,0.19910450333084362,0.04310369469453855,0.006592103070541823,0.012364750105864682,0.010194287569085412,0.0030566763125089323,0.010546404502061053,0.18453236789146338,0.018872513319477674,0.004315680327090257,0.025612696647862553,0.008964443826751895,0.004074747193978135,0.015590337090003297,0.007968394512668352,0.011973248526260706,0.005050390888310927,0.36020911407385303,0.017075131098575037,0.01494073971125316,0.03585777530700758
729,0.015826953884397536,0.018608299016193375,0.025889807326877737,0.023818622740727522,0.02835550326277086,0.007537538842002379,0.010351450645505526,0.024811065354924503,0.023818622740727522,0.04571619997744558,0.024811065354924503,0.022054280315488443,0.5980500395441888,0.014523550451663121,0.005671100652554171,0.020204768534915585,0.009852605771000875,0.008887545798778925,0.01804441116721782,0.02835550326277086,0.024811065354924503
730,0.00881758776558832,0.6375487395610406,0.03174331595611795,0.03174331595611795,0.019187777290940875,0.006533291756082576,0.01867253879771644,0.03174331595611795,0.03341401679591363,0.00906951884460513,0.03341401679591363,0.02539465276489436,0.010581105318705984,0.02189194203870204,0.007178329027877449,0.006285805139825337,0.015484544368838024,0.008245017131459208,0.013507794023879981,0.007009636526369715,0.02253373818329288
731,0.006392004691614693,0.03407314351974083,0.05369283940956343,0.014129694581464057,0.019176014074844077,0.0048811672190512195,0.06425861421505455,0.02147713576382537,0.06660811257859782,0.004458201857129175,0.01677901231548857,0.029829355227535236,0.022201387486959358,0.017320270777278525,0.5397470758315053,0.004727734228571613,0.009762334438102439,0.005369283940956342,0.011672356393383352,0.03355802463097713,0.019886236818356825
732,0.04683396326300245,0.038084761334749244,0.12990649338202723,0.028062455720341554,0.09580697773272857,0.15258960297935717,0.07422311938674653,0.02028427505872514,0.006736877504388098,0.05291636483775525,0.05554027694650932,0.018586358811156493,0.03960080958928074,0.12197034970365762,0.009125170184534053,0.05285902219736748,0.003920490137400657,0.0018074549402016847,0.02221611077860373,0.022753594465778012,0.006175471045689089
733,0.014126871093028386,0.02719380593666396,0.012625695613451126,0.09631957563428448,0.01860628827245429,0.006546656984752436,0.01781145772624521,0.01860628827245429,0.01662784073305493,0.0048922788423077295,0.011783982572554384,0.01472997821569298,0.010369978070890355,0.3546637705315124,0.051543689431564614,0.22494325509668275,0.009303144136227145,0.006312847806725563,0.0101005564907609,0.017675973858831576,0.05521606467986024
734,0.027316101563418127,0.012201549376175918,0.5160261894442261,0.13565309158139288,0.008541084563323146,0.1726281216466982,0.008528717710633448,0.011140545082595404,0.012811626844984714,0.0029968717766046117,0.00966915233583752,0.005080345878632742,0.003911947128239608,0.010048334780380168,0.0033938084357575406,0.0037960375836991744,0.0049275487865325825,0.004032395664270009,0.010048334780380168,0.025860082285120364,0.011388112751097523
735,0.03229874027740071,0.017545694171276924,0.010457353650495797,0.6883356652897925,0.020735820384236364,0.014089939826493146,0.018007422965257893,0.014255876514162498,0.007412630160830393,0.0065796353142288455,0.02138381477124375,0.024438645452849996,0.007603134140886666,0.023595933540682755,0.009373727023010958,0.006164703357475675,0.009373727023010958,0.006813150058453331,0.020125943314111765,0.019550916362279996,0.021857526401819136
736,0.1649186936954728,0.05153709177983526,0.007161763626316953,0.009549018168422603,0.009549018168422603,0.002182632724210881,0.004244008074854491,0.012061917686428551,0.0052085553645941475,0.23010785975678,0.1469011311288731,0.009964192871397501,0.06845842075474487,0.007877033538488178,0.0014806221449933988,0.0035631338618638143,0.051537091779835245,0.19194069159245702,0.0058763188728754474,0.007392788259423949,0.008488016149708982
737,0.007005027885391617,0.017012210578808216,0.022328526384685785,0.035725642215497254,0.07797554379277925,0.0063795789670530794,0.035725642215497254,0.35814411546574487,0.017862821107748627,0.10693377684689247,0.014873717711974299,0.01693003468718072,0.0087135712720725,0.017862821107748627,0.004961894752152396,0.009974925621264157,0.14618920789539774,0.005670453176963755,0.027481263242690193,0.03247785655954296,0.029771368512914377
738,0.007949067245257508,0.017597521396105882,0.0053680371860461255,0.0276795585511542,0.024485763333713325,0.6370697991043842,0.03183149233382733,0.018724407255192543,0.023578883210242464,0.010976376666837009,0.03350683403560772,0.023578883210242464,0.00950193801009771,0.030315706984597457,0.0067013668071215435,0.003875889123125795,0.011789441605121232,0.007833914332868182,0.01768416240768185,0.02546519386706186,0.024485763333713325
739,0.013862563735543856,0.014270286198353967,0.05390997008267055,0.037322286980310385,0.05390997008267055,0.01180735476584248,0.02425948653720175,0.037322286980310385,0.03465640933885964,0.006817144044114345,0.02109520568452326,0.04410815734036681,0.0069130784180238365,0.03593735020425309,0.4825293795104818,0.008365340185241984,0.011552136446286547,0.01565128163690435,0.022054078670183407,0.028540572396707934,0.03511566076114906
740,0.5264412895300048,0.037562057090882665,0.01343282681860643,0.011695127602463395,0.027698986426886982,0.055429339622593575,0.015478845356201552,0.032892546381928296,0.021051229684434108,0.007627257132041343,0.021928364254618863,0.017542691403695094,0.0053159670920288156,0.017542691403695094,0.0048729698343597475,0.13419925330926727,0.003664600475889187,0.003251052869189483,0.012239087025833784,0.01697679813260815,0.013157018552771318
741,0.007826938672247898,0.007004562010576088,0.017557727291799337,0.014764452495376718,0.021654530326552516,0.004670605711280383,0.06301637435928494,0.028245039556372847,0.019685936660502286,0.010002637736179227,0.025985436391863015,0.018561025994187873,0.006061134319174324,0.02706816290819064,0.65140174627874,0.005182395300262306,0.009415013185457614,0.008899122052007883,0.01584477828772135,0.01804544193879376,0.019106938523428693
742,0.010103343629639047,0.3958089470966702,0.006704545704141754,0.008083215247599964,0.006483544344720419,0.008940841655632265,0.005824669810770562,0.05268958872720409,0.009430417788866623,0.0025689406680829393,0.026405169808826547,0.008610381459399963,0.0032465372715770337,0.008427181853880814,0.0024449231304469027,0.0024299236020392527,0.012499229908315902,0.3992962056235443,0.010155834541856364,0.006188711673943722,0.013657846452841316
743,0.004918845719035481,0.05236148686407028,0.012736577885854935,0.019635557574026356,0.012401404783595594,0.00402780668185156,0.04044738409776452,0.013860393581665664,0.012401404783595594,0.0526687733180011,0.07078292217108789,0.06067107614664677,0.07322128030365678,0.015708446059221084,0.004404237212865724,0.47370046124328047,0.028436356065066393,0.004245525961951644,0.011781334544415815,0.012401404783595594,0.019187320218750803
744,0.0118859057656235,0.034958546369480877,0.037143455517573434,0.0282997756324369,0.018571727758786717,0.013206561961803889,0.012381151839191142,0.01917081575100564,0.031278699383219734,0.004823511854032713,0.021224831724327677,0.031278699383219734,0.596445435694928,0.019061521178037267,0.007420447580509263,0.006876723245383179,0.016590415483586293,0.01142875554386875,0.021224831724327677,0.027013422194598857,0.02971476441405875
745,0.008371743615103594,0.02794671973781131,0.033536063685373575,0.1266586674111462,0.02794671973781131,0.5049802883908746,0.018631146491874206,0.02096003980335848,0.023954331203838268,0.005081221770511148,0.02096003980335848,0.02794671973781131,0.00798477706794609,0.03501359805065914,0.0028004419308019497,0.009863548142756933,0.008113563794848446,0.006944264368246146,0.022420277246272987,0.04192007960671696,0.017965748402878696
746,0.09563369487848823,0.02870931270018193,0.005618609530302136,0.004454964033189922,0.028709312700181937,0.007829812554595073,0.030144778335191018,0.011744718831892608,0.010612929112792924,0.02327782110825562,0.10526747990066708,0.1607721511210188,0.003579904579501743,0.006625226007734293,0.12057911334076411,0.12875589813085028,0.06620548465747014,0.07972062547504422,0.0068225972867954525,0.06625226007734292,0.008683305637739667
747,0.003051965858431639,0.009006263315180273,0.00532188286806107,0.01102621373278379,0.00949308835924407,0.3532165678637651,0.04655032640075753,0.028776565411377377,0.014049770771681224,0.02006253504032648,0.015073439025007197,0.35171357725016794,0.005854071154867178,0.08379058752136354,0.001736308185613942,0.0026609414340305355,0.009175136797830467,0.003865567062989763,0.010035550551200874,0.007635744984609361,0.007903896410710673
748,0.006216307551055066,0.007548435484980305,0.012432615102110132,0.018204900685232693,0.03743606208588024,0.017508733542163486,0.15688665492569548,0.018204900685232693,0.01415936719962543,0.05177650678902288,0.010402800391561539,0.015446582399591374,0.005927176967285064,0.011584936799693532,0.016945687605299926,0.0032886272205581647,0.006293052088722413,0.006796496255820205,0.5129494067771748,0.048272816900214,0.021717932543080482
749,0.14194696629011386,0.09147049154009401,0.006027677539271261,0.024604140823619725,0.012302070411809864,0.06613272498641136,0.0059646401996653895,0.03330075078075252,0.013629209615800464,0.06086287466895407,0.06813454381925463,0.03272077240328853,0.023858560798661558,0.11809987595337473,0.08573663540722065,0.10930179650155684,0.05502054307150476,0.007718946140743443,0.009912152447854882,0.02684088089849425,0.0064137457015531595
750,0.03964013762031337,0.06479637880243533,0.004237723994149999,0.004407232953915999,0.04495253000602112,0.03746476421432057,0.025302215502327686,0.11041121756253924,0.0566287680290191,0.053585715036971154,0.09147724066226165,0.11745225961574335,0.0016950895976599993,0.004407232953915999,0.009502772717198411,0.004278738509539429,0.10855292696695083,0.18099815048389964,0.0050082192658136345,0.02831438401450955,0.006886301490493747
751,0.017725985458701195,0.07855834464651668,0.009280987945850113,0.00580061746615632,0.10893423790983645,0.0014670722052885388,0.17520891412071596,0.020948891905737777,0.05422066140308601,0.02501395170701136,0.12369821887197545,0.0071392214968077775,0.02153717946603123,0.013977538942076215,0.09301439991216436,0.05651328979222285,0.09731098175568516,0.04529490141781141,0.022439385637373785,0.01675911352459022,0.005156104414361174
752,0.08922189647143752,0.011693534597079239,0.058845742220537706,0.18783138991797177,0.00645160529494027,0.06367697905435014,0.05396449548556713,0.008909359693012753,0.0013467863363473488,0.00246179675727984,0.03066164516225405,0.006929501983454363,0.08431952419619865,0.11563820461192953,0.002078850595036309,0.08350088803895399,0.10053481731085223,0.005504323601868477,0.004563330574469946,0.07615957024172779,0.0057057578547310495
753,0.03890520217520555,0.03565069915616576,0.015278871066928188,0.01426027966246631,0.015278871066928188,0.005347604873424866,0.005484722947102428,0.013269818133474552,0.01426027966246631,0.0067475036752770055,0.02673802436712433,0.05357373423354737,0.2782201571598642,0.10354822947828941,0.00403592820635839,0.08613527145848979,0.21450151976025292,0.02307646256944736,0.015278871066928188,0.012582599702176156,0.017825349578082884
754,0.25528124912437594,0.2140354573663945,0.006832525251243623,0.014144271180568595,0.019584375480787283,0.16435438692535223,0.012729844062511736,0.015912305078139666,0.01818549151787391,0.005657708472227437,0.02121640677085289,0.03182461015627933,0.0042371025595240005,0.015912305078139666,0.004546372879468477,0.13679888075986685,0.0021663280805643594,0.002246120142750352,0.014976287132366746,0.028288542361137186,0.011069429619575423
755,0.20623140783472516,0.1486883010136654,0.01235416364476557,0.007802629670378255,0.009775057558738549,0.1406620061151177,0.0059299985494874734,0.00823610909651038,0.006445650597268994,0.0023164056833935446,0.004492423143551117,0.007059522082723183,0.004941665457906228,0.011152584998154462,0.013066113335064451,0.20700330499096248,0.15553334754182982,0.025319382157972293,0.009402796516590987,0.006901667040471072,0.006685462970722878
756,0.02715818501195741,0.030175761124397116,0.015154202432665645,0.020205603243554193,0.004201487810280778,0.05961552807502845,0.024542958620082676,0.01282646169429196,0.025257004054442735,0.3040649591568128,0.13579092505978702,0.018942753040832056,0.061056257536904565,0.013776547666059676,0.01887169279397722,0.11315910421648921,0.009471376520416028,0.028587563170481483,0.015154202432665645,0.04178182309531909,0.020205603243554193
757,0.3061905103921313,0.01606368717538673,0.01606368717538673,0.011087977198981351,0.009845485688140252,0.24896530174138995,0.011738848320474917,0.01907562852077174,0.01907562852077174,0.0044883831813580565,0.016956114240685993,0.015260502816617394,0.0035046286322479576,0.010900359154726707,0.004180959675785587,0.18759656427595597,0.036095863343989405,0.0029160548317892195,0.012208402253293915,0.03391222848137199,0.013873184378743086
758,0.0065535894436428,0.014950375918310138,0.016496966530549113,0.22227770939478392,0.025179580493996018,0.005144215369741123,0.010873000667861918,0.011668586082583522,0.47759589275332365,0.005144215369741123,0.014070942040762481,0.008859482025665267,0.004736752766197272,0.01978917899633246,0.08399540679654499,0.005257275048196971,0.01920845110439849,0.00810867846416821,0.010873000667861918,0.017086143906640157,0.012130556158698557
759,0.009107245658400076,0.018386944325293624,0.015601043669946104,0.02238410613514007,0.012257962883529086,0.008044288142315961,0.011700782752459579,0.015601043669946104,0.032177152569263845,0.002997199622985708,0.021451435046175894,0.08071642553166505,0.043314375145994746,0.016607562616394244,0.005986446989630482,0.5169956722481556,0.11161389000675503,0.011192053067570035,0.019067942263267464,0.012257962883529086,0.012538464771582138
760,0.007409787553385861,0.15009744788334217,0.01899107209805169,0.021374387173228444,0.00862429716138537,0.006174822961154882,0.08655601936079585,0.010896746402038028,0.01501983963524161,0.003780503853768296,0.01543705740288721,0.011577793052165407,0.003754959908810402,0.010687193586614222,0.004086279900764261,0.004113878056064933,0.005613475419231712,0.008549754869291376,0.010291371601924806,0.5592105975621112,0.03775271455774244
761,0.4064346371708972,0.011548460786530454,0.00985844213484307,0.014295010111916782,0.008982136167301464,0.3284328429341257,0.012631128985267684,0.013473204250952197,0.007217787991581534,0.0037425567363756104,0.007485113472751221,0.008248900561807467,0.0031804394563582725,0.008599917606990764,0.004041961275285659,0.05631612555867734,0.05619184289320504,0.013040273889845067,0.007925414265265999,0.010104903188214148,0.008248900561807467
762,0.004347546097746334,0.13972061372266212,0.015330820449947605,0.007058877427316755,0.01324025402495475,0.004221530268826151,0.21350355991754005,0.00910267464215639,0.059038236237466624,0.07446850316976615,0.0118550823764683,0.022355298195625935,0.0022503190712300533,0.29263765913210776,0.07200444391806553,0.002747977250462306,0.0041612226935572065,0.007104526549975719,0.013870742311857356,0.006473013078866765,0.024507099463400166
763,0.04439357948743576,0.03766727956509701,0.01443692597589691,0.01004307893975437,0.0051331292358744555,0.0047140982778438876,0.3452833960133893,0.02873784333973124,0.006566465651361928,0.034143219722920615,0.2318757060771864,0.013587695036138266,0.004914698204560649,0.043160424501673664,0.007539788088566676,0.004914698204560649,0.04130813171115032,0.003023196224873768,0.00641641154484307,0.1035850188040168,0.008555215393124094
764,0.012963408419132114,0.016125942101668657,0.07222470404945036,0.021981431667224022,0.024074901349816786,0.03786630045687571,0.02660910149190276,0.021981431667224022,0.04596117530419569,0.0067173589677394716,0.01805617601236259,0.03611235202472518,0.010532769340544843,0.021981431667224022,0.03860733644850354,0.011444576878732673,0.012331047032832988,0.0077780450514792696,0.5078984118127233,0.04596117530419569,0.0027909229514463305
765,0.028471633527481992,0.07487669856253382,0.0076270188558021715,0.009871164393535156,0.017433185956119247,0.0041601921031648205,0.09246002301752425,0.017433185956119247,0.03279062114924341,0.03279848538785309,0.014643876203140171,0.019967119616675678,0.0018900194041933526,0.3683664632755379,0.042488532418107676,0.08985203827504058,0.05177188872038051,0.014119606014649233,0.014975339712506761,0.03294574736751488,0.03105716008287587
766,0.003389269850649413,0.05287715941317918,0.007555247375405983,0.008845167659011884,0.007372746843544991,0.0037386791136029603,0.005069995099024727,0.024543370446291506,0.014506074960779491,0.36524921297737456,0.271729846984393,0.006974074500374754,0.021832943441861156,0.007253037480389746,0.0023155301430800856,0.0025184157918019946,0.04875900058037706,0.11956526884878622,0.006974074500374754,0.00684248818904693,0.012088395800649574
767,0.0005189873035972729,0.0028780205017666953,0.0019786390949646034,0.0012176240584397557,0.12699438976645128,0.0004221096735924487,0.6031438859464671,0.0036615222010745654,0.0021105483679622434,0.031693204868612865,0.1994950220823322,0.0014390102508833476,0.0015251698205020205,0.000772151841937406,0.000584717854364957,0.0005862634355450675,0.0008331111978798327,0.010423462535341071,0.0010212330812720532,0.007434597096235981,0.0012663290207773458
