site,A,C,D,E,F,G,H,I,K,L,M,N,P,Q,R,S,T,V,W,Y,*
677,0.23726,0.01171,0.00405,0.00445,0.00576,0.43411,0.00565,0.00517,0.01037,0.00166,0.00499,0.00518,0.00275,0.00656,0.00443,0.21765,0.02006,0.00289,0.00374,0.00570,0.00586
678,0.04975,0.05669,0.09803,0.06992,0.03817,0.11065,0.05831,0.01035,0.01710,0.01586,0.04686,0.13949,0.00071,0.03518,0.01299,0.07014,0.06952,0.03867,0.02188,0.03852,0.00121
679,0.50556,0.00845,0.01128,0.00937,0.01603,0.00277,0.01628,0.01960,0.01482,0.00464,0.01384,0.01736,0.00738,0.01502,0.00385,0.28037,0.00486,0.01106,0.00929,0.01483,0.01333
680,0.00568,0.00958,0.01265,0.01283,0.02951,0.00380,0.01874,0.24064,0.01615,0.50239,0.01300,0.01187,0.01715,0.01251,0.00319,0.00323,0.00711,0.04601,0.01030,0.01151,0.01214
681,0.05227,0.03733,0.00340,0.00276,0.02487,0.01619,0.07211,0.02735,0.09873,0.01095,0.01552,0.05829,0.00165,0.08518,0.16029,0.05784,0.09951,0.04901,0.04001,0.08483,0.00191
682,0.00444,0.00586,0.00638,0.00998,0.72714,0.00316,0.01250,0.01769,0.01186,0.04589,0.01181,0.00930,0.00729,0.01438,0.00306,0.03399,0.00466,0.00278,0.03865,0.02050,0.00870
683,0.00428,0.00695,0.01117,0.00722,0.00682,0.00278,0.01453,0.16202,0.01004,0.56083,0.08990,0.01438,0.00760,0.00957,0.00276,0.04943,0.00666,0.00913,0.00590,0.00966,0.00836
684,0.00541,0.01175,0.18635,0.00986,0.01609,0.00377,0.03047,0.01738,0.01546,0.00389,0.01014,0.56735,0.00654,0.01147,0.00415,0.03899,0.01636,0.00405,0.00786,0.02296,0.00971
685,0.00540,0.01058,0.72028,0.01868,0.01224,0.02133,0.01504,0.01460,0.01397,0.00443,0.00986,0.05114,0.00769,0.01409,0.00409,0.00438,0.00665,0.00769,0.00952,0.03740,0.01095
686,0.00852,0.01343,0.01769,0.01176,0.01570,0.00384,0.02151,0.05399,0.01550,0.01226,0.65225,0.01773,0.00987,0.01355,0.01332,0.00535,0.00840,0.06580,0.00835,0.01861,0.01257
687,0.07397,0.01273,0.01283,0.02260,0.01708,0.65376,0.01889,0.01933,0.01562,0.00442,0.01722,0.02287,0.00712,0.01503,0.00840,0.02866,0.00821,0.00568,0.00866,0.01640,0.01053
688,0.00644,0.01232,0.01395,0.01565,0.01871,0.00368,0.01686,0.07982,0.63933,0.00424,0.01383,0.04319,0.00865,0.02725,0.02654,0.00577,0.01043,0.00548,0.00830,0.01888,0.02069
689,0.02130,0.02033,0.00263,0.00216,0.00272,0.00061,0.00441,0.04431,0.00316,0.02459,0.00283,0.00406,0.00173,0.00360,0.00079,0.01464,0.67089,0.16749,0.00211,0.00308,0.00255
690,0.00790,0.01605,0.01823,0.01631,0.01875,0.03096,0.02960,0.02326,0.00769,0.00574,0.01916,0.02603,0.01108,0.02374,0.66792,0.00513,0.01643,0.00589,0.01354,0.02182,0.01478
691,0.00555,0.01294,0.01432,0.09418,0.01379,0.00312,0.01484,0.02460,0.53874,0.00404,0.01004,0.03421,0.00623,0.02439,0.13262,0.00478,0.00792,0.00413,0.00640,0.01542,0.02773
692,0.04830,0.00653,0.33761,0.07085,0.03396,0.17084,0.05692,0.00796,0.00836,0.00367,0.00966,0.11533,0.00468,0.01478,0.00186,0.02477,0.01065,0.00207,0.04976,0.01491,0.00654
693,0.02478,0.13575,0.00255,0.00636,0.00418,0.00068,0.07887,0.12405,0.01761,0.11556,0.04058,0.01469,0.00246,0.06250,0.01087,0.02806,0.08750,0.23495,0.00231,0.00294,0.00274
694,0.09306,0.04198,0.06217,0.07458,0.00792,0.23002,0.02677,0.00671,0.00366,0.06274,0.09330,0.04133,0.05440,0.15704,0.00048,0.00996,0.00466,0.00349,0.00348,0.00793,0.01433
695,0.00624,0.02007,0.01545,0.65765,0.03497,0.02357,0.03069,0.03298,0.00898,0.00488,0.01490,0.03262,0.00975,0.01545,0.00523,0.00689,0.00944,0.01113,0.01026,0.02884,0.02001
696,0.00637,0.02009,0.01555,0.00998,0.01615,0.00456,0.02634,0.02294,0.01858,0.00819,0.01439,0.02957,0.01016,0.01691,0.06796,0.00660,0.01051,0.00539,0.63338,0.01727,0.03914
697,0.11809,0.07518,0.02930,0.03400,0.03958,0.07076,0.10173,0.00596,0.06110,0.02888,0.04557,0.05929,0.00156,0.06078,0.02986,0.10988,0.04065,0.01302,0.01458,0.05837,0.00188
698,0.18345,0.02527,0.04910,0.16290,0.00579,0.02230,0.01738,0.00663,0.01384,0.00285,0.01479,0.01961,0.29326,0.07282,0.00416,0.08491,0.00235,0.00343,0.00365,0.00471,0.00679
699,0.02194,0.01416,0.01515,0.00754,0.01897,0.00480,0.02418,0.03237,0.01439,0.01294,0.01430,0.02519,0.06158,0.01778,0.00408,0.62854,0.03212,0.00534,0.01063,0.01709,0.01689
700,0.05108,0.05726,0.00225,0.00297,0.04235,0.01304,0.05772,0.07486,0.04148,0.07108,0.08386,0.07003,0.06818,0.09204,0.02175,0.02649,0.07564,0.09594,0.01302,0.03580,0.00317
701,0.03668,0.01627,0.02131,0.00517,0.01830,0.65934,0.02048,0.02113,0.01709,0.00590,0.01483,0.01839,0.01235,0.01902,0.00748,0.01605,0.00988,0.01858,0.01234,0.02045,0.02896
702,0.00301,0.02739,0.00401,0.00351,0.15738,0.00273,0.08818,0.08558,0.00494,0.04685,0.06098,0.00478,0.00205,0.00817,0.00598,0.00319,0.01001,0.05185,0.16258,0.25662,0.01021
703,0.05331,0.05148,0.09359,0.06960,0.04326,0.03321,0.09190,0.05415,0.00208,0.05256,0.05080,0.05246,0.01221,0.08050,0.02252,0.04921,0.05082,0.04780,0.01950,0.06789,0.00113
704,0.01968,0.04722,0.10236,0.02462,0.01746,0.00520,0.05901,0.00936,0.00825,0.00430,0.00426,0.30490,0.00398,0.04830,0.00797,0.25968,0.03163,0.00472,0.01491,0.01808,0.00412
705,0.00624,0.01304,0.01545,0.00843,0.01456,0.00398,0.02703,0.01738,0.01404,0.00405,0.01066,0.02548,0.01085,0.01410,0.01527,0.00458,0.01014,0.00453,0.73984,0.01684,0.02352
706,0.01144,0.02201,0.08061,0.54233,0.02223,0.03586,0.03325,0.02522,0.01627,0.00695,0.01625,0.02564,0.01102,0.04273,0.00527,0.00787,0.01903,0.00631,0.01865,0.02862,0.02242
707,0.02394,0.01926,0.24401,0.35022,0.01994,0.05939,0.02877,0.01807,0.02794,0.00509,0.01700,0.04705,0.00701,0.03198,0.00451,0.01957,0.01342,0.01043,0.01444,0.01965,0.01831
708,0.07863,0.01125,0.02932,0.01385,0.01402,0.00327,0.02296,0.09764,0.02214,0.00959,0.02011,0.01576,0.00911,0.03013,0.00639,0.00497,0.02462,0.54345,0.01222,0.01404,0.01654
709,0.01898,0.02004,0.01873,0.04105,0.03118,0.00648,0.02762,0.02904,0.01034,0.01651,0.04869,0.03515,0.53697,0.02380,0.00281,0.01823,0.02613,0.02301,0.00827,0.04738,0.00960
710,0.00553,0.03327,0.01224,0.00943,0.56292,0.00281,0.02349,0.04234,0.01719,0.03531,0.01720,0.02237,0.01008,0.01679,0.00464,0.09507,0.00862,0.01300,0.02094,0.03314,0.01363
711,0.00721,0.57543,0.03151,0.01315,0.02644,0.00485,0.02912,0.04275,0.02136,0.00698,0.02051,0.04905,0.00912,0.02703,0.03892,0.01650,0.01421,0.00758,0.00775,0.02316,0.02736
712,0.00826,0.01990,0.01813,0.01215,0.04769,0.00652,0.01827,0.02905,0.02394,0.00834,0.02621,0.02359,0.03266,0.02015,0.00544,0.60786,0.01960,0.00786,0.01630,0.02961,0.01847
713,0.00572,0.01621,0.01548,0.01028,0.02596,0.00294,0.49754,0.02829,0.01181,0.00840,0.01667,0.20062,0.00975,0.01452,0.02292,0.00555,0.00994,0.00622,0.00879,0.06844,0.01393
714,0.01072,0.02192,0.02235,0.01811,0.03780,0.00726,0.51624,0.03298,0.02171,0.00752,0.02298,0.04302,0.00765,0.01983,0.02408,0.01298,0.01738,0.01078,0.02661,0.08680,0.03128
715,0.00470,0.02344,0.01455,0.01119,0.42275,0.00279,0.02109,0.01460,0.01881,0.03902,0.01592,0.01961,0.00621,0.01692,0.00367,0.04115,0.00926,0.00471,0.14981,0.14410,0.01570
716,0.06113,0.03764,0.04438,0.01814,0.00985,0.01634,0.24171,0.02122,0.01189,0.00405,0.01599,0.31920,0.00457,0.05835,0.00337,0.05754,0.02660,0.01710,0.00847,0.01123,0.01123
717,0.01244,0.01832,0.00592,0.04368,0.00809,0.00115,0.02908,0.01626,0.29654,0.09772,0.09351,0.01344,0.00326,0.11031,0.14717,0.01852,0.04636,0.01151,0.00529,0.01672,0.00469
718,0.02669,0.11546,0.00833,0.00493,0.01122,0.00167,0.00579,0.18625,0.00568,0.28353,0.08573,0.00832,0.02753,0.00479,0.00652,0.00241,0.00530,0.19056,0.00479,0.00855,0.00595
719,0.00574,0.02479,0.01334,0.01004,0.21881,0.00310,0.07667,0.01932,0.01407,0.00429,0.01413,0.02513,0.00678,0.01132,0.00366,0.00533,0.00744,0.00807,0.18910,0.32915,0.00973
720,0.00644,0.01572,0.01455,0.01523,0.08478,0.00565,0.01706,0.08363,0.02819,0.33396,0.24195,0.01868,0.02912,0.01575,0.01020,0.00478,0.00751,0.00755,0.01592,0.02289,0.02045
721,0.00896,0.01974,0.02823,0.10218,0.03079,0.01284,0.06394,0.04110,0.39455,0.00798,0.01907,0.02198,0.01018,0.02713,0.08853,0.03308,0.02261,0.00871,0.01838,0.02516,0.01486
722,0.01639,0.02906,0.49496,0.02287,0.02912,0.09189,0.02662,0.02987,0.02659,0.01035,0.03877,0.01879,0.01102,0.02868,0.00715,0.00835,0.01385,0.01088,0.01901,0.04339,0.02239
723,0.01247,0.01401,0.01445,0.06676,0.01890,0.56680,0.04901,0.01670,0.02723,0.00955,0.02644,0.01484,0.01351,0.03422,0.00426,0.01228,0.01093,0.00765,0.03980,0.01517,0.02504
724,0.00679,0.01566,0.01811,0.01371,0.02788,0.06413,0.01302,0.03376,0.01239,0.00604,0.01650,0.01847,0.00565,0.01858,0.60111,0.01036,0.00913,0.00801,0.01327,0.01917,0.06826
725,0.07023,0.07012,0.02910,0.04844,0.08091,0.07273,0.05961,0.00486,0.02326,0.00217,0.02260,0.06405,0.03254,0.02969,0.01849,0.11912,0.04723,0.01542,0.11308,0.07174,0.00460
726,0.00325,0.00941,0.00963,0.00796,0.00687,0.00315,0.00707,0.23893,0.01542,0.28194,0.16344,0.01413,0.00250,0.00738,0.00278,0.00382,0.02773,0.17203,0.00855,0.00767,0.00635
727,0.05318,0.11257,0.01079,0.01621,0.01742,0.00554,0.01422,0.13899,0.01433,0.00591,0.03090,0.01961,0.00416,0.00977,0.00392,0.00432,0.09129,0.40681,0.00940,0.01461,0.01606
728,0.15760,0.04858,0.01973,0.01489,0.01308,0.00348,0.01180,0.08138,0.02264,0.00513,0.02849,0.01396,0.00460,0.02367,0.00875,0.00600,0.00815,0.45817,0.02510,0.01559,0.02922
729,0.02908,0.02330,0.02699,0.01913,0.03486,0.00905,0.01600,0.02374,0.02083,0.02049,0.02094,0.02427,0.60922,0.01470,0.00553,0.01365,0.00996,0.00976,0.02362,0.02454,0.02036
730,0.00744,0.55273,0.02280,0.02334,0.02717,0.00540,0.01741,0.02120,0.02606,0.00790,0.02331,0.02054,0.00850,0.02447,0.06710,0.01282,0.01356,0.00813,0.02043,0.06375,0.02592
731,0.00649,0.01439,0.06015,0.01638,0.02330,0.00485,0.01457,0.02390,0.03796,0.00699,0.01781,0.05817,0.01899,0.01981,0.57521,0.01053,0.01084,0.00641,0.01192,0.04119,0.02014
732,0.07810,0.03006,0.09404,0.09178,0.03029,0.08140,0.07810,0.00727,0.02831,0.03778,0.04278,0.04008,0.05562,0.16801,0.00764,0.04052,0.02108,0.01518,0.01079,0.03485,0.00629
733,0.01831,0.02825,0.01753,0.10666,0.02018,0.00841,0.01290,0.01979,0.03171,0.00955,0.01456,0.02005,0.00894,0.42549,0.04514,0.10707,0.02177,0.00835,0.01581,0.01882,0.04072
734,0.01400,0.01285,0.54973,0.16225,0.00962,0.09200,0.01907,0.01100,0.01387,0.00329,0.01102,0.03659,0.00396,0.00999,0.00367,0.00414,0.00514,0.00425,0.01086,0.01178,0.01093
735,0.01337,0.01621,0.01971,0.62623,0.01631,0.02015,0.01315,0.01448,0.05162,0.00653,0.02000,0.01553,0.00659,0.02405,0.00710,0.00546,0.00897,0.00563,0.01949,0.01684,0.07262
736,0.09873,0.22578,0.00955,0.00778,0.01121,0.00243,0.00657,0.02044,0.00695,0.25836,0.08260,0.01491,0.03313,0.02848,0.00646,0.00269,0.02380,0.13703,0.00585,0.00823,0.00902
737,0.01070,0.02210,0.02545,0.03333,0.05113,0.00709,0.03279,0.42409,0.02099,0.06040,0.02423,0.02597,0.01033,0.02359,0.00660,0.01199,0.05267,0.07999,0.02184,0.02733,0.02740
738,0.00939,0.03134,0.02129,0.02210,0.02919,0.61141,0.02446,0.02443,0.02303,0.00909,0.02910,0.02361,0.01066,0.02652,0.00650,0.00603,0.01202,0.00765,0.01685,0.02689,0.02842
739,0.01717,0.02491,0.04611,0.03412,0.04713,0.01679,0.02206,0.03972,0.02841,0.00589,0.03379,0.04592,0.00561,0.02651,0.48280,0.00967,0.01183,0.01816,0.01982,0.04361,0.01997
740,0.50992,0.04762,0.02668,0.01060,0.02145,0.04020,0.01676,0.02729,0.02466,0.00725,0.01963,0.01768,0.00457,0.01819,0.00455,0.12326,0.00511,0.02716,0.01218,0.01549,0.01974
741,0.00663,0.02429,0.01991,0.01653,0.02827,0.00512,0.05343,0.02775,0.02415,0.00576,0.02204,0.01943,0.00540,0.01951,0.63810,0.01063,0.00926,0.00772,0.01520,0.02247,0.01840
742,0.01644,0.37362,0.00855,0.01045,0.01035,0.00616,0.00654,0.03515,0.01092,0.00518,0.01539,0.00957,0.00384,0.00927,0.00266,0.00269,0.01052,0.43477,0.00870,0.00760,0.01164
743,0.07100,0.05893,0.01267,0.01373,0.01611,0.00708,0.05511,0.01458,0.01429,0.02417,0.05888,0.03162,0.04138,0.03112,0.00491,0.45191,0.03598,0.00454,0.01066,0.02876,0.01256
744,0.00978,0.02791,0.02652,0.02733,0.02047,0.01115,0.01069,0.02357,0.02782,0.04196,0.02133,0.02700,0.53905,0.05483,0.00818,0.02623,0.01422,0.01102,0.02279,0.02302,0.02514
745,0.00797,0.01996,0.04640,0.06148,0.02590,0.50660,0.02677,0.02307,0.02211,0.00596,0.02436,0.02802,0.00784,0.02152,0.05156,0.01215,0.02966,0.00690,0.01705,0.03298,0.02174
746,0.08221,0.09558,0.00332,0.00520,0.06816,0.02214,0.07307,0.03038,0.04163,0.03158,0.07101,0.09690,0.00407,0.01312,0.09763,0.09882,0.03997,0.05339,0.01915,0.04634,0.00633
747,0.00468,0.00768,0.00978,0.01145,0.01060,0.40509,0.05903,0.02793,0.01772,0.02327,0.04226,0.21145,0.00563,0.07130,0.00940,0.01054,0.02411,0.01465,0.00971,0.00886,0.01484
748,0.00531,0.00682,0.01238,0.01272,0.08589,0.00885,0.05100,0.04171,0.01623,0.04433,0.01880,0.01259,0.00512,0.01205,0.00888,0.00446,0.00595,0.01289,0.47067,0.11556,0.04779
749,0.10314,0.06045,0.00498,0.01749,0.00820,0.06058,0.01734,0.01954,0.17347,0.03661,0.04398,0.05749,0.02925,0.10269,0.08475,0.08625,0.04799,0.02169,0.00681,0.01049,0.00681
750,0.04490,0.08253,0.00841,0.00629,0.01326,0.01439,0.06006,0.12805,0.03280,0.07328,0.05716,0.06532,0.00224,0.01938,0.01249,0.02475,0.14772,0.17289,0.01556,0.01141,0.00711
751,0.04941,0.04785,0.01355,0.01497,0.05065,0.02847,0.09506,0.02808,0.10431,0.05178,0.09664,0.02765,0.02123,0.02374,0.10917,0.04708,0.07931,0.05671,0.01333,0.03418,0.00683
752,0.07708,0.00706,0.12439,0.16989,0.01010,0.04575,0.04261,0.01093,0.01299,0.00357,0.02871,0.01395,0.03205,0.08950,0.00231,0.07911,0.07185,0.01603,0.00663,0.15072,0.00480
753,0.04830,0.05861,0.01751,0.01502,0.01391,0.00572,0.01040,0.01518,0.01536,0.00815,0.03786,0.09060,0.17408,0.02991,0.00439,0.09882,0.22706,0.08456,0.01337,0.01341,0.01779
754,0.26865,0.12144,0.01264,0.01923,0.01766,0.14357,0.01243,0.01674,0.02329,0.00623,0.01684,0.02109,0.00468,0.01704,0.00585,0.20957,0.01255,0.00743,0.01834,0.02442,0.02031
755,0.14778,0.16979,0.01008,0.00660,0.00725,0.24148,0.00681,0.00738,0.00673,0.00246,0.02353,0.00809,0.01352,0.00693,0.00968,0.17305,0.10585,0.02995,0.00806,0.00317,0.01184
756,0.03175,0.12415,0.01557,0.01474,0.01264,0.02257,0.05356,0.02101,0.01692,0.23054,0.11994,0.02357,0.03021,0.01932,0.00599,0.03960,0.01448,0.06311,0.01304,0.11301,0.01428
757,0.32733,0.01465,0.01594,0.01426,0.01434,0.26341,0.01142,0.01547,0.02502,0.00533,0.01745,0.01481,0.00328,0.01860,0.00418,0.15610,0.02228,0.00732,0.01274,0.02080,0.01528
758,0.00777,0.01864,0.01980,0.08442,0.02495,0.00843,0.01441,0.03747,0.55148,0.00609,0.01850,0.01270,0.00613,0.03284,0.07897,0.00596,0.01426,0.00981,0.01310,0.01696,0.01729
759,0.02026,0.02046,0.01564,0.02210,0.01404,0.00945,0.01194,0.01635,0.02593,0.03707,0.01547,0.09134,0.04740,0.01658,0.00537,0.50303,0.07212,0.00916,0.01942,0.01267,0.01420
760,0.00698,0.09999,0.01611,0.01951,0.01236,0.00684,0.07301,0.01098,0.01704,0.00406,0.01474,0.01244,0.00438,0.01365,0.00453,0.00907,0.00587,0.00784,0.01269,0.61684,0.03107
761,0.45504,0.01141,0.00924,0.02826,0.01008,0.29548,0.01036,0.01530,0.00927,0.00406,0.00864,0.00836,0.00361,0.01252,0.00388,0.04477,0.03054,0.00906,0.01094,0.00958,0.00961
762,0.00413,0.06520,0.01249,0.01135,0.01171,0.00476,0.22750,0.00932,0.03178,0.07252,0.01988,0.07881,0.00379,0.30382,0.07438,0.00328,0.01425,0.00586,0.01180,0.00791,0.02545
763,0.01435,0.05480,0.01373,0.02012,0.01236,0.00592,0.17459,0.03819,0.01304,0.03032,0.28134,0.01323,0.00577,0.02484,0.00803,0.00800,0.04427,0.04458,0.00884,0.17438,0.00931
764,0.01315,0.01371,0.04091,0.02432,0.02947,0.02796,0.02106,0.02725,0.03210,0.00716,0.02494,0.03345,0.00955,0.02281,0.04716,0.00978,0.01301,0.00962,0.52938,0.03144,0.03179
765,0.02364,0.02450,0.00853,0.00678,0.01623,0.00340,0.10838,0.01409,0.06595,0.04809,0.13032,0.02619,0.00160,0.29678,0.03719,0.06192,0.04937,0.01454,0.00955,0.02168,0.03128
766,0.00371,0.03600,0.00872,0.00993,0.00389,0.00394,0.02134,0.09726,0.01392,0.37154,0.18664,0.00799,0.00697,0.01103,0.00581,0.00259,0.02791,0.15455,0.00744,0.00848,0.01034
767,0.00164,0.00685,0.00405,0.00366,0.28389,0.00146,0.16104,0.04752,0.00437,0.08345,0.32280,0.02107,0.00735,0.00286,0.00131,0.00139,0.00183,0.00787,0.00295,0.02945,0.00320
768,0.01003,0.25716,0.02430,0.02057,0.02679,0.01013,0.08821,0.04967,0.01445,0.00658,0.01430,0.02128,0.00323,0.01699,0.00835,0.00821,0.01242,0.00882,0.02012,0.34473,0.03367
769,0.00650,0.03615,0.01430,0.02451,0.65114,0.00935,0.01003,0.01323,0.01583,0.04449,0.01477,0.01246,0.00569,0.01427,0.00522,0.05053,0.00507,0.00932,0.01695,0.01856,0.02163
770,0.05030,0.02011,0.01537,0.02556,0.01799,0.02194,0.59334,0.01409,0.01202,0.00466,0.01597,0.01199,0.00259,0.01459,0.03280,0.07440,0.00482,0.01067,0.02201,0.01375,0.02103
771,0.00830,0.02221,0.01430,0.01665,0.01901,0.06014,0.01683,0.02404,0.17600,0.00513,0.01504,0.01213,0.00792,0.01874,0.51059,0.01619,0.00618,0.00888,0.01539,0.01418,0.01215
772,0.01026,0.02164,0.02445,0.02362,0.02488,0.06220,0.01891,0.01671,0.02428,0.00692,0.02129,0.02144,0.00662,0.01772,0.55314,0.04044,0.00898,0.01598,0.02939,0.02163,0.02952
773,0.02713,0.03361,0.54974,0.02336,0.02555,0.00612,0.01802,0.02338,0.02238,0.01242,0.02728,0.02234,0.00725,0.02728,0.01295,0.00741,0.01007,0.02017,0.06679,0.02097,0.03578
774,0.00591,0.03083,0.01295,0.01520,0.03609,0.00747,0.00856,0.08726,0.01052,0.41097,0.11394,0.01261,0.09026,0.00846,0.00604,0.00478,0.00483,0.09303,0.01420,0.01187,0.01422
775,0.00915,0.02396,0.01712,0.02411,0.02613,0.01587,0.01370,0.02061,0.01861,0.00588,0.01787,0.01151,0.00784,0.01926,0.67895,0.00732,0.00729,0.01437,0.02499,0.01986,0.01561
776,0.00979,0.03161,0.01789,0.02004,0.01701,0.00953,0.00909,0.10052,0.01758,0.34709,0.09471,0.01628,0.03777,0.00671,0.01008,0.01594,0.08007,0.10601,0.02118,0.01494,0.01617
777,0.02353,0.03690,0.01685,0.01689,0.01251,0.00811,0.00929,0.10433,0.01752,0.29944,0.31126,0.00803,0.00245,0.00849,0.00890,0.00322,0.03257,0.03365,0.01947,0.01073,0.01586
778,0.32733,0.01231,0.01840,0.01789,0.01755,0.19782,0.00615,0.01424,0.01493,0.00384,0.02175,0.00854,0.00293,0.01036,0.00440,0.23310,0.01890,0.01877,0.01976,0.01118,0.01984
779,0.01225,0.04472,0.01783,0.03655,0.05678,0.01520,0.02472,0.03170,0.02655,0.01002,0.02362,0.45584,0.00790,0.02397,0.00975,0.05520,0.02212,0.01890,0.04563,0.02915,0.03161
780,0.60100,0.01277,0.03012,0.01793,0.01347,0.03913,0.00858,0.01164,0.01568,0.00392,0.01699,0.00999,0.00233,0.01339,0.00402,0.13021,0.01604,0.00651,0.01621,0.01235,0.01769
781,0.00895,0.00856,0.02790,0.03470,0.01194,0.00698,0.00849,0.29761,0.00994,0.06639,0.03824,0.00901,0.00220,0.01271,0.00374,0.00628,0.06906,0.34599,0.01034,0.01068,0.01028
782,0.07349,0.13881,0.00762,0.03321,0.01108,0.02053,0.00413,0.03503,0.01794,0.04144,0.16585,0.16254,0.00082,0.10572,0.01134,0.05250,0.07796,0.02189,0.00813,0.00187,0.00808
783,0.09240,0.02592,0.01361,0.01658,0.05373,0.05856,0.00897,0.02035,0.01758,0.00848,0.03251,0.01560,0.01343,0.01081,0.00431,0.37900,0.13070,0.01071,0.03645,0.01489,0.03541
784,0.32396,0.03785,0.01700,0.01017,0.03022,0.05922,0.00617,0.01233,0.01789,0.00318,0.01359,0.00973,0.00304,0.00999,0.00366,0.19603,0.10813,0.10113,0.01005,0.01234,0.01431
785,0.01428,0.19339,0.00771,0.00475,0.05025,0.00145,0.01330,0.07156,0.00415,0.03046,0.03286,0.01003,0.00289,0.00489,0.00169,0.00335,0.22007,0.31629,0.00310,0.00928,0.00425
786,0.00150,0.00135,0.00154,0.00165,0.00192,0.00058,0.00095,0.00191,0.00207,0.00233,0.00257,0.00168,0.96707,0.00140,0.00048,0.00391,0.00089,0.00148,0.00144,0.00159,0.00170
787,0.05431,0.05660,0.04230,0.03358,0.03494,0.03831,0.08003,0.06003,0.04048,0.05837,0.06845,0.03532,0.00967,0.07222,0.05628,0.07563,0.05816,0.05761,0.01808,0.04663,0.00298
788,0.05575,0.01834,0.04951,0.01820,0.01228,0.40203,0.03136,0.00429,0.04193,0.01477,0.01032,0.04480,0.00834,0.08818,0.02364,0.04855,0.06582,0.00468,0.03657,0.01131,0.00934
789,0.01593,0.00421,0.10340,0.05101,0.10759,0.05757,0.05649,0.03029,0.04972,0.00447,0.04951,0.06264,0.00804,0.02440,0.05047,0.00894,0.01090,0.03232,0.14888,0.11975,0.00349
