site,A,C,D,E,F,G,H,I,K,L,M,N,P,Q,R,S,T,V,W,Y,*
677,0.24165,0.00509,0.00442,0.00437,0.00647,0.42741,0.00638,0.00564,0.00505,0.00184,0.00489,0.00584,0.00310,0.01649,0.00341,0.23468,0.00507,0.00129,0.00417,0.00641,0.00634
678,0.04413,0.09290,0.10637,0.07541,0.04434,0.10828,0.05395,0.01846,0.01480,0.01220,0.03439,0.12865,0.00085,0.02838,0.00951,0.06975,0.07748,0.02619,0.01315,0.03959,0.00122
679,0.53604,0.00967,0.01328,0.01071,0.01809,0.00284,0.01784,0.02149,0.01686,0.00548,0.01563,0.01999,0.00735,0.01717,0.00443,0.23404,0.00353,0.00299,0.01070,0.01687,0.01499
680,0.00497,0.00833,0.01066,0.01152,0.00312,0.00326,0.00703,0.38744,0.01348,0.39761,0.01022,0.01039,0.01168,0.01079,0.00419,0.00282,0.00606,0.06680,0.00896,0.01010,0.01055
681,0.04197,0.03715,0.00219,0.00181,0.04027,0.00910,0.10903,0.02900,0.08106,0.01311,0.02894,0.05543,0.00105,0.08709,0.09450,0.06038,0.09620,0.05635,0.06360,0.09053,0.00122
682,0.00525,0.00610,0.00757,0.01196,0.80447,0.00374,0.01514,0.00826,0.01407,0.03337,0.01352,0.01112,0.00766,0.01701,0.00360,0.00172,0.00560,0.00328,0.00844,0.00767,0.01046
683,0.00424,0.00669,0.01057,0.00716,0.12212,0.00275,0.01516,0.18553,0.00958,0.51002,0.04567,0.01388,0.00770,0.00913,0.00273,0.00989,0.00647,0.00826,0.00469,0.00949,0.00825
684,0.00750,0.01617,0.01121,0.01373,0.02220,0.00513,0.01954,0.03390,0.01434,0.00539,0.01394,0.73022,0.00901,0.01581,0.00572,0.01498,0.01105,0.00557,0.01075,0.02031,0.01352
685,0.00516,0.01019,0.62500,0.01612,0.01150,0.00230,0.01424,0.01324,0.01324,0.00411,0.00916,0.00745,0.00757,0.01282,0.00376,0.00426,0.00630,0.00407,0.00864,0.21092,0.00995
686,0.00873,0.01557,0.01985,0.01361,0.01797,0.00435,0.02442,0.05893,0.01751,0.00597,0.69636,0.02093,0.01107,0.01512,0.00579,0.00607,0.00810,0.00382,0.00963,0.02170,0.01450
687,0.03823,0.01384,0.01364,0.00678,0.01868,0.65391,0.01980,0.02053,0.01672,0.00474,0.01741,0.02440,0.00757,0.01578,0.00471,0.01128,0.00876,0.04435,0.00905,0.01765,0.03217
688,0.00779,0.01509,0.01719,0.00583,0.02348,0.00453,0.02052,0.01973,0.73215,0.00519,0.01677,0.01772,0.01057,0.02060,0.00605,0.00712,0.00991,0.00670,0.01025,0.02283,0.01997
689,0.00342,0.01675,0.00196,0.00184,0.00268,0.00052,0.00381,0.04256,0.00268,0.02948,0.00240,0.00337,0.00145,0.00303,0.00067,0.02310,0.72543,0.12827,0.00178,0.00262,0.00217
690,0.00744,0.01482,0.01705,0.01442,0.01705,0.00982,0.02864,0.02229,0.00716,0.00521,0.13795,0.02467,0.01024,0.02119,0.56766,0.03809,0.00990,0.00535,0.00642,0.02090,0.01373
691,0.00727,0.01701,0.01848,0.00715,0.01802,0.00407,0.01927,0.01895,0.65654,0.00526,0.01312,0.01526,0.00817,0.01751,0.10882,0.00621,0.01033,0.00537,0.00828,0.01990,0.01503
692,0.03351,0.00668,0.23991,0.12839,0.03298,0.13075,0.06163,0.00614,0.00683,0.00438,0.00553,0.08591,0.00368,0.01650,0.00145,0.02197,0.00875,0.00164,0.03773,0.16056,0.00508
693,0.02451,0.15545,0.00234,0.00461,0.00446,0.00062,0.08136,0.13846,0.00455,0.11619,0.04082,0.00591,0.00122,0.04495,0.01063,0.01725,0.07455,0.26495,0.00194,0.00271,0.00254
694,0.08807,0.03573,0.08930,0.07487,0.00919,0.23708,0.03144,0.00782,0.01110,0.04740,0.07166,0.02417,0.06865,0.16570,0.00200,0.00966,0.00520,0.00463,0.00510,0.00900,0.00223
695,0.00578,0.01820,0.01536,0.57204,0.03258,0.00279,0.02846,0.03262,0.00817,0.00442,0.01395,0.03075,0.00892,0.01351,0.00477,0.00643,0.00917,0.00443,0.00961,0.02757,0.15047
696,0.00632,0.07701,0.01547,0.00998,0.01557,0.00284,0.02521,0.02214,0.01831,0.03364,0.01440,0.02930,0.01009,0.01670,0.00251,0.00640,0.01043,0.00521,0.57146,0.01701,0.09000
697,0.12965,0.05635,0.04722,0.04175,0.03628,0.07069,0.07412,0.00611,0.02704,0.03987,0.05981,0.06698,0.00071,0.10056,0.01245,0.11663,0.04911,0.01665,0.01080,0.03633,0.00091
698,0.16343,0.01900,0.04650,0.18193,0.00677,0.01817,0.06655,0.00781,0.01015,0.00151,0.00806,0.01551,0.31383,0.04871,0.00192,0.05548,0.01434,0.00255,0.00430,0.00553,0.00796
699,0.00674,0.01571,0.01644,0.00823,0.02055,0.00526,0.02587,0.03530,0.01566,0.00474,0.01607,0.02825,0.01110,0.01971,0.00448,0.64188,0.01082,0.00583,0.00904,0.01856,0.07976
700,0.04024,0.05910,0.00315,0.00605,0.04347,0.00731,0.04947,0.06981,0.05212,0.05946,0.06886,0.09227,0.08219,0.08774,0.01687,0.02385,0.09489,0.09570,0.01792,0.02527,0.00424
701,0.01084,0.01550,0.01961,0.00697,0.01824,0.56567,0.01830,0.01910,0.01591,0.00534,0.01316,0.01757,0.01342,0.01830,0.00436,0.00585,0.00932,0.02564,0.01123,0.01806,0.16759
702,0.00193,0.03292,0.00419,0.00356,0.15798,0.00208,0.11370,0.09377,0.00511,0.04179,0.03260,0.00491,0.00207,0.00431,0.00067,0.00197,0.00717,0.03178,0.15526,0.30003,0.00222
703,0.05846,0.04092,0.11804,0.11674,0.02265,0.03024,0.08275,0.04300,0.00540,0.04939,0.04707,0.06120,0.01302,0.06952,0.01523,0.04996,0.04718,0.04766,0.01495,0.06538,0.00121
704,0.01288,0.05775,0.14265,0.01953,0.01280,0.00206,0.02692,0.01401,0.00497,0.00247,0.00514,0.33545,0.00474,0.02371,0.00507,0.25570,0.05008,0.00275,0.00797,0.00839,0.00497
705,0.00615,0.06860,0.01481,0.00809,0.01400,0.00305,0.02553,0.01708,0.01394,0.04911,0.01029,0.02482,0.01051,0.01371,0.01585,0.00440,0.00933,0.00436,0.66038,0.01639,0.00957
706,0.00692,0.02392,0.01869,0.54807,0.02398,0.00520,0.03584,0.02622,0.00760,0.00752,0.01764,0.02732,0.01179,0.02734,0.00576,0.00875,0.01834,0.00644,0.01541,0.05435,0.10290
707,0.00711,0.02128,0.25025,0.35009,0.02152,0.00780,0.04239,0.01977,0.00583,0.00553,0.02004,0.04847,0.00754,0.04638,0.00491,0.01050,0.01027,0.00447,0.00862,0.02099,0.08626
708,0.00981,0.01409,0.01819,0.01718,0.05170,0.00404,0.02832,0.01135,0.02726,0.00830,0.02487,0.01951,0.01133,0.03744,0.00789,0.00614,0.01795,0.63176,0.01506,0.01746,0.02034
709,0.00942,0.01379,0.01856,0.06758,0.03066,0.00330,0.02772,0.02658,0.00998,0.01405,0.05310,0.02939,0.47591,0.06555,0.00270,0.02888,0.03999,0.01879,0.00791,0.04691,0.00923
710,0.00698,0.01029,0.01539,0.01182,0.64641,0.00348,0.02895,0.02280,0.02118,0.06430,0.02132,0.02720,0.01201,0.02078,0.00571,0.00486,0.01096,0.00566,0.02580,0.01685,0.01725
711,0.00797,0.59527,0.03553,0.01454,0.02960,0.00354,0.03216,0.04814,0.02406,0.00767,0.02278,0.05367,0.01006,0.02947,0.00281,0.00820,0.01577,0.00838,0.00850,0.01753,0.02434
712,0.00542,0.01794,0.01628,0.01099,0.01440,0.00586,0.01683,0.02775,0.02244,0.00694,0.02346,0.02201,0.00332,0.01739,0.00504,0.50965,0.00832,0.00687,0.01508,0.22721,0.01677
713,0.00618,0.01634,0.01320,0.01190,0.02784,0.00342,0.50375,0.03470,0.01255,0.00525,0.01715,0.24361,0.00623,0.03888,0.00200,0.00608,0.01095,0.00705,0.00998,0.00757,0.01537
714,0.01129,0.02350,0.01865,0.01900,0.03927,0.00745,0.49800,0.03311,0.02326,0.00747,0.02386,0.16405,0.00688,0.01789,0.00842,0.01344,0.01140,0.01130,0.02282,0.00731,0.03163
715,0.00507,0.01100,0.01710,0.01211,0.42399,0.00299,0.02320,0.01677,0.01999,0.03576,0.01710,0.02262,0.00686,0.01864,0.00392,0.00368,0.00975,0.00427,0.18804,0.13991,0.01723
716,0.07594,0.03668,0.00703,0.03015,0.00797,0.01231,0.36244,0.01145,0.00909,0.00490,0.01324,0.24316,0.00368,0.07907,0.00342,0.01926,0.03043,0.02188,0.00688,0.01202,0.00898
717,0.00396,0.00948,0.00918,0.00620,0.01287,0.00181,0.01323,0.01424,0.43214,0.04850,0.06949,0.01180,0.00523,0.07749,0.20075,0.00599,0.03805,0.01256,0.00493,0.01477,0.00734
718,0.00432,0.08419,0.00897,0.00532,0.01227,0.00179,0.00626,0.23403,0.00616,0.28328,0.10125,0.00905,0.00119,0.00507,0.00251,0.00258,0.00362,0.20751,0.00517,0.00901,0.00646
719,0.00674,0.00347,0.01113,0.01182,0.21052,0.00363,0.11303,0.02621,0.01657,0.00666,0.01653,0.01645,0.00796,0.01317,0.00429,0.00487,0.00876,0.00825,0.13697,0.36156,0.01142
720,0.00625,0.01525,0.01464,0.01506,0.09321,0.00559,0.00926,0.09699,0.02911,0.30742,0.28857,0.01808,0.00147,0.01529,0.00521,0.00467,0.00754,0.00738,0.01595,0.02296,0.02012
721,0.00938,0.02324,0.03057,0.00870,0.03511,0.01206,0.04541,0.04664,0.41063,0.00882,0.01786,0.11785,0.01103,0.01907,0.08456,0.02014,0.02330,0.00997,0.02135,0.02815,0.01615
722,0.00788,0.02390,0.41484,0.01201,0.02318,0.00267,0.02411,0.02539,0.02566,0.00862,0.03653,0.00607,0.00994,0.02756,0.00610,0.00722,0.01364,0.00830,0.01705,0.27675,0.02260
723,0.00725,0.01404,0.01402,0.01027,0.01912,0.53099,0.05357,0.01729,0.02846,0.00965,0.02648,0.01407,0.01318,0.03417,0.00403,0.00520,0.01079,0.02753,0.12092,0.01549,0.02349
724,0.00613,0.01495,0.01694,0.01307,0.02660,0.00188,0.01253,0.24327,0.01369,0.00572,0.01605,0.01682,0.00518,0.01779,0.52152,0.00482,0.00724,0.00723,0.01343,0.01980,0.01535
725,0.07227,0.06291,0.02101,0.05752,0.04800,0.03079,0.09288,0.00672,0.01165,0.00194,0.05798,0.06412,0.02520,0.02126,0.02061,0.13907,0.05186,0.01317,0.09889,0.09646,0.00572
726,0.00422,0.01230,0.01135,0.01055,0.00873,0.00405,0.00890,0.27819,0.01955,0.29762,0.13962,0.01288,0.00320,0.00924,0.00355,0.00406,0.00201,0.14163,0.01024,0.00964,0.00846
727,0.00442,0.05433,0.01357,0.01061,0.02161,0.00405,0.01774,0.15720,0.01760,0.00464,0.00571,0.02443,0.00521,0.01240,0.00490,0.00541,0.10857,0.47757,0.01173,0.01832,0.01998
728,0.10930,0.02358,0.01116,0.01836,0.04866,0.00396,0.01478,0.01258,0.02800,0.00633,0.03449,0.01748,0.00559,0.02963,0.01068,0.00580,0.00935,0.52431,0.03046,0.01935,0.03615
729,0.01885,0.02212,0.02477,0.01657,0.03259,0.00857,0.09072,0.02149,0.01846,0.00684,0.01848,0.02262,0.51588,0.01344,0.00503,0.01505,0.07756,0.00912,0.02217,0.02171,0.01796
730,0.00859,0.59050,0.02601,0.02687,0.06871,0.00627,0.01985,0.02471,0.03054,0.00902,0.02584,0.02404,0.01000,0.02846,0.00625,0.00917,0.01380,0.00945,0.01408,0.00967,0.03816
731,0.00670,0.00960,0.06172,0.01695,0.02444,0.00498,0.00863,0.02514,0.02442,0.00501,0.01842,0.06183,0.01074,0.02052,0.55643,0.05077,0.01114,0.00666,0.01233,0.04299,0.02057
732,0.07458,0.02959,0.09244,0.10809,0.03016,0.08745,0.08598,0.00431,0.03111,0.02256,0.03684,0.08276,0.04849,0.13774,0.00543,0.04140,0.02072,0.00971,0.00610,0.03699,0.00756
733,0.01060,0.02624,0.01751,0.10172,0.01924,0.00830,0.02075,0.01935,0.20197,0.00621,0.01434,0.01996,0.00741,0.37953,0.01081,0.07690,0.00786,0.00823,0.01635,0.01788,0.00885
734,0.00691,0.01415,0.53475,0.11742,0.01034,0.00425,0.02962,0.01170,0.01470,0.00353,0.01208,0.01472,0.00421,0.01057,0.00399,0.00563,0.00555,0.00459,0.01188,0.16788,0.01153
735,0.00481,0.01457,0.00909,0.50602,0.01367,0.00303,0.01067,0.01310,0.00729,0.00593,0.02275,0.01167,0.00572,0.04202,0.00589,0.00478,0.01080,0.00709,0.01768,0.01435,0.26909
736,0.09516,0.30628,0.01077,0.00859,0.01266,0.00275,0.00743,0.01267,0.00795,0.27055,0.04176,0.01140,0.00839,0.01787,0.00195,0.00332,0.01461,0.13958,0.00659,0.00931,0.01041
737,0.01065,0.02528,0.02785,0.03720,0.03884,0.00810,0.03567,0.41745,0.02287,0.04099,0.04537,0.03116,0.01149,0.02671,0.00731,0.01286,0.00659,0.10654,0.02401,0.03101,0.03205
738,0.00678,0.13641,0.01210,0.02036,0.02882,0.53321,0.02277,0.02402,0.02172,0.00852,0.02741,0.02277,0.01037,0.02519,0.00614,0.00401,0.01145,0.00763,0.01597,0.02617,0.02820
739,0.01577,0.02290,0.04310,0.03209,0.04322,0.00975,0.02055,0.03831,0.03317,0.13425,0.03097,0.04517,0.00525,0.00486,0.41556,0.00885,0.01109,0.01699,0.01818,0.04252,0.00746
740,0.52230,0.04837,0.07369,0.01161,0.02333,0.03869,0.01878,0.02943,0.02837,0.00820,0.02174,0.01961,0.00504,0.02052,0.00505,0.06353,0.00418,0.00410,0.01368,0.01739,0.02238
741,0.00656,0.01679,0.02051,0.01678,0.02952,0.00461,0.00601,0.02784,0.02439,0.01427,0.02139,0.01963,0.00539,0.01864,0.59253,0.10108,0.00932,0.00766,0.01538,0.02302,0.01868
742,0.00104,0.33274,0.00952,0.01181,0.01678,0.00264,0.00739,0.05109,0.01242,0.00290,0.01634,0.01057,0.00433,0.01047,0.00304,0.00304,0.01191,0.46022,0.00980,0.00881,0.01314
743,0.07305,0.03081,0.01185,0.01272,0.01302,0.01242,0.05239,0.01095,0.01345,0.00421,0.05177,0.01984,0.00205,0.05277,0.00404,0.39558,0.04432,0.00435,0.01313,0.03868,0.13860
744,0.01424,0.02630,0.02428,0.02625,0.02000,0.01068,0.01631,0.02343,0.02663,0.01161,0.02080,0.02578,0.47773,0.13718,0.00797,0.03827,0.01389,0.01056,0.02223,0.02196,0.02390
745,0.01390,0.03086,0.04749,0.01425,0.02587,0.46687,0.02791,0.02211,0.02137,0.00541,0.05187,0.02928,0.00784,0.02697,0.00310,0.02476,0.02637,0.03330,0.06733,0.03093,0.02220
746,0.06700,0.12038,0.00345,0.00952,0.07409,0.03173,0.05495,0.03950,0.02180,0.03317,0.04186,0.08169,0.00133,0.00948,0.08994,0.09637,0.04910,0.03917,0.01785,0.11208,0.00554
747,0.00394,0.00883,0.01111,0.00762,0.01434,0.43037,0.04358,0.01838,0.04221,0.03351,0.04206,0.13699,0.00654,0.04405,0.00894,0.00938,0.04798,0.03360,0.01088,0.00992,0.03578
748,0.00481,0.14077,0.01023,0.01340,0.08607,0.00289,0.04981,0.04234,0.01344,0.05364,0.04935,0.01662,0.00471,0.00835,0.00434,0.00290,0.00548,0.01295,0.38294,0.08908,0.00588
749,0.09059,0.04906,0.00456,0.01272,0.00682,0.05368,0.03499,0.05185,0.18715,0.03910,0.01752,0.06072,0.03055,0.07589,0.09483,0.08300,0.05052,0.02727,0.00894,0.01276,0.00748
750,0.03152,0.06836,0.01030,0.00763,0.01314,0.01289,0.04888,0.13822,0.02846,0.08809,0.11078,0.04617,0.00284,0.03489,0.01306,0.02825,0.11079,0.16037,0.02397,0.01280,0.00861
751,0.05041,0.03684,0.01034,0.02128,0.02695,0.01619,0.08423,0.03440,0.11686,0.06293,0.07403,0.03393,0.02199,0.02833,0.11605,0.03873,0.08047,0.08428,0.00607,0.04788,0.00779
752,0.07582,0.00730,0.17520,0.17765,0.00790,0.04083,0.05381,0.00957,0.00228,0.00609,0.01952,0.01208,0.03332,0.07926,0.00277,0.06889,0.04493,0.01371,0.01117,0.12340,0.03448
753,0.01791,0.13828,0.02083,0.01773,0.01573,0.00695,0.01171,0.02001,0.01875,0.01187,0.04610,0.11878,0.06856,0.01347,0.00457,0.06831,0.25344,0.09376,0.01606,0.01597,0.02121
754,0.25583,0.09817,0.01004,0.01942,0.01805,0.20074,0.01248,0.01711,0.02411,0.00652,0.01657,0.02033,0.00485,0.01783,0.00612,0.19445,0.00224,0.01008,0.01906,0.02445,0.02155
755,0.13945,0.17258,0.01111,0.00711,0.00711,0.27130,0.00773,0.00798,0.00752,0.00270,0.02449,0.00880,0.00641,0.00676,0.00151,0.13725,0.12562,0.03529,0.00422,0.00698,0.00808
756,0.04626,0.07062,0.01394,0.01452,0.00319,0.02330,0.03135,0.14480,0.01584,0.19839,0.15801,0.02090,0.00134,0.02267,0.00294,0.03185,0.01020,0.07089,0.01278,0.09209,0.01415
757,0.36768,0.01725,0.01883,0.07203,0.01722,0.16292,0.01361,0.01851,0.02999,0.00632,0.02085,0.01765,0.00391,0.02268,0.00495,0.13404,0.00311,0.01074,0.01517,0.02426,0.01826
758,0.01003,0.02411,0.02557,0.01046,0.03229,0.00970,0.01818,0.02581,0.67029,0.00778,0.02365,0.01193,0.00779,0.02074,0.00695,0.00764,0.00957,0.01259,0.01674,0.02192,0.02623
759,0.00755,0.01287,0.01142,0.01453,0.00863,0.00695,0.00906,0.01128,0.01678,0.00812,0.01031,0.04889,0.01124,0.01235,0.00372,0.31350,0.06211,0.00651,0.01355,0.00850,0.40213
760,0.00882,0.00874,0.01992,0.02433,0.01471,0.00850,0.04358,0.01336,0.02194,0.00509,0.01866,0.01557,0.00548,0.01701,0.00565,0.00521,0.00728,0.00986,0.01600,0.71474,0.01555
761,0.45018,0.01188,0.00973,0.03178,0.01078,0.31786,0.01068,0.01608,0.00991,0.00436,0.00934,0.00892,0.00382,0.01339,0.00409,0.04227,0.00256,0.00989,0.01196,0.01010,0.01042
762,0.00413,0.02441,0.01213,0.01030,0.01149,0.00492,0.29188,0.00966,0.05308,0.04687,0.01750,0.10769,0.00281,0.28730,0.07871,0.00345,0.00447,0.00570,0.01166,0.00819,0.00363
763,0.00815,0.03708,0.01728,0.02804,0.01597,0.00767,0.13043,0.00357,0.01306,0.01307,0.33854,0.01676,0.00735,0.03894,0.00713,0.00808,0.00242,0.00602,0.01180,0.27694,0.01170
764,0.01295,0.01292,0.03844,0.02395,0.02903,0.00578,0.02037,0.02697,0.03070,0.07507,0.02456,0.03276,0.00929,0.02258,0.00501,0.00953,0.01281,0.00949,0.47835,0.02997,0.08947
765,0.02724,0.01122,0.00853,0.00654,0.01763,0.00294,0.11080,0.01837,0.07559,0.06971,0.21963,0.01319,0.00159,0.26241,0.01886,0.05478,0.03239,0.01466,0.00946,0.02014,0.00430
766,0.00340,0.06547,0.00893,0.01017,0.00599,0.00409,0.00494,0.16316,0.01434,0.36120,0.16938,0.00822,0.00077,0.00729,0.00257,0.00267,0.02802,0.11223,0.00776,0.00887,0.01054
767,0.00191,0.00823,0.00483,0.00433,0.28692,0.00174,0.08033,0.04755,0.00507,0.09007,0.41472,0.00638,0.00086,0.00331,0.00305,0.00165,0.00218,0.00269,0.00354,0.02691,0.00373
768,0.01266,0.17846,0.02993,0.02527,0.02617,0.01269,0.07793,0.06061,0.01734,0.00839,0.01865,0.02621,0.00407,0.02099,0.01042,0.01034,0.01540,0.01097,0.02472,0.39405,0.01474
769,0.00718,0.02377,0.01590,0.02705,0.66595,0.01030,0.01104,0.01417,0.01745,0.06689,0.01620,0.01366,0.00487,0.01575,0.00580,0.01163,0.00562,0.01178,0.01894,0.01203,0.02401
770,0.02902,0.02154,0.01699,0.02693,0.01937,0.01150,0.59575,0.01516,0.01278,0.00395,0.01727,0.07082,0.00249,0.01940,0.00291,0.06421,0.00522,0.01144,0.02412,0.00594,0.02320
771,0.00785,0.02117,0.01303,0.01595,0.01716,0.00993,0.01379,0.14223,0.18198,0.00486,0.01371,0.01190,0.00734,0.01720,0.44690,0.00566,0.00592,0.00829,0.01429,0.01314,0.02770
772,0.01038,0.02138,0.02503,0.02468,0.02617,0.00224,0.01959,0.16003,0.00984,0.00696,0.02175,0.02303,0.00665,0.01773,0.51640,0.00593,0.00935,0.01587,0.02721,0.02176,0.02802
773,0.00965,0.03136,0.48699,0.09365,0.02473,0.00130,0.01217,0.02239,0.02155,0.01154,0.02546,0.00891,0.00686,0.02560,0.01261,0.00720,0.00969,0.01314,0.06313,0.07629,0.03578
774,0.00666,0.02568,0.01482,0.01745,0.00572,0.00831,0.00839,0.14833,0.01201,0.44075,0.13640,0.01424,0.00169,0.00990,0.00482,0.00536,0.00575,0.08749,0.01607,0.01299,0.01719
775,0.00878,0.02300,0.01609,0.02292,0.02436,0.01583,0.01277,0.01942,0.01888,0.12593,0.01737,0.01099,0.00591,0.00600,0.59849,0.00697,0.00695,0.01424,0.02413,0.01807,0.00292
776,0.01139,0.02531,0.01883,0.02136,0.01832,0.01014,0.00975,0.13538,0.01849,0.34976,0.07265,0.01723,0.00278,0.00718,0.00778,0.00632,0.08309,0.12884,0.02205,0.01588,0.01747
777,0.00627,0.04624,0.02088,0.02113,0.01548,0.01010,0.01135,0.10879,0.01235,0.28985,0.35700,0.01006,0.00300,0.01070,0.00527,0.00397,0.00636,0.00466,0.02350,0.01341,0.01963
778,0.32367,0.01338,0.01337,0.01867,0.01865,0.25340,0.00663,0.01544,0.01598,0.00413,0.02300,0.00904,0.00226,0.01107,0.00470,0.20248,0.00171,0.00775,0.02119,0.01211,0.02136
779,0.01406,0.05130,0.01946,0.04268,0.06744,0.01754,0.02254,0.02519,0.01410,0.01164,0.02710,0.49409,0.00895,0.02707,0.01121,0.00440,0.01037,0.02176,0.05289,0.02051,0.03569
780,0.63070,0.01407,0.04786,0.01995,0.01508,0.03655,0.00959,0.01293,0.01781,0.00440,0.01908,0.01134,0.00261,0.01513,0.00452,0.08115,0.00175,0.00346,0.01822,0.01406,0.01977
781,0.01094,0.01151,0.03868,0.04688,0.01145,0.00938,0.01140,0.37996,0.01335,0.08527,0.02625,0.02584,0.00298,0.01725,0.00510,0.00464,0.00307,0.25352,0.01395,0.01448,0.01409
782,0.09725,0.13432,0.00792,0.02747,0.01656,0.01980,0.00254,0.03174,0.01611,0.05173,0.15651,0.16001,0.00086,0.09229,0.00696,0.05471,0.06869,0.03545,0.00812,0.00234,0.00862
783,0.08596,0.02691,0.01536,0.01859,0.04179,0.02727,0.00987,0.02180,0.01858,0.00291,0.03388,0.01662,0.00175,0.01151,0.00484,0.37605,0.07861,0.01107,0.02343,0.01650,0.15671
784,0.33962,0.02400,0.06714,0.01118,0.03441,0.04364,0.00701,0.01338,0.02005,0.00360,0.01543,0.01069,0.00193,0.01114,0.00404,0.21067,0.06713,0.07370,0.01133,0.01369,0.01621
785,0.00120,0.11017,0.00502,0.00166,0.03321,0.00084,0.00866,0.43379,0.00273,0.00854,0.00121,0.00658,0.00187,0.00314,0.00109,0.00216,0.17618,0.19112,0.00199,0.00609,0.00274
786,0.00081,0.00146,0.00166,0.00178,0.00209,0.00062,0.00127,0.00204,0.00223,0.02008,0.00276,0.00181,0.93492,0.01817,0.00045,0.00049,0.00068,0.00159,0.00156,0.00171,0.00183
787,0.06545,0.08666,0.02366,0.03218,0.04072,0.03043,0.04815,0.05624,0.04448,0.05493,0.04455,0.05234,0.00586,0.06203,0.04868,0.08067,0.07251,0.06477,0.02644,0.05563,0.00361
788,0.04664,0.03510,0.03969,0.02891,0.02259,0.44161,0.03774,0.00309,0.01998,0.01407,0.00701,0.03535,0.00708,0.04374,0.03270,0.05515,0.04256,0.00216,0.02997,0.04714,0.00773
789,0.01743,0.01924,0.10195,0.05563,0.15219,0.01203,0.06257,0.03407,0.04887,0.06083,0.03339,0.06405,0.00850,0.02589,0.00867,0.00826,0.01124,0.03455,0.15020,0.09009,0.00035
