site,A,C,D,E,F,G,H,I,K,L,M,N,P,Q,R,S,T,V,W,Y,*
677,0.23872,0.00950,0.00417,0.00442,0.00600,0.43187,0.00589,0.00533,0.00860,0.00172,0.00496,0.00540,0.00286,0.00987,0.00409,0.22333,0.01506,0.00235,0.00389,0.00593,0.00602
678,0.04787,0.06876,0.10081,0.07175,0.04023,0.10986,0.05686,0.01305,0.01633,0.01464,0.04270,0.13588,0.00076,0.03292,0.01183,0.07001,0.07218,0.03451,0.01897,0.03888,0.00121
679,0.51572,0.00885,0.01195,0.00981,0.01672,0.00280,0.01680,0.02023,0.01550,0.00492,0.01444,0.01824,0.00737,0.01574,0.00404,0.26493,0.00442,0.00837,0.00976,0.01551,0.01388
680,0.00544,0.00917,0.01199,0.01239,0.02072,0.00362,0.01484,0.28957,0.01526,0.46747,0.01207,0.01138,0.01533,0.01194,0.00352,0.00310,0.00676,0.05294,0.00985,0.01104,0.01161
681,0.04884,0.03727,0.00299,0.00244,0.03000,0.01383,0.08442,0.02790,0.09284,0.01167,0.01999,0.05734,0.00145,0.08582,0.13836,0.05869,0.09841,0.05145,0.04788,0.08673,0.00168
682,0.00471,0.00594,0.00678,0.01064,0.75291,0.00335,0.01338,0.01455,0.01260,0.04171,0.01238,0.00991,0.00741,0.01525,0.00324,0.02323,0.00497,0.00295,0.02858,0.01622,0.00929
683,0.00426,0.00686,0.01097,0.00720,0.04526,0.00277,0.01474,0.16986,0.00989,0.54390,0.07516,0.01421,0.00764,0.00942,0.00275,0.03625,0.00660,0.00884,0.00550,0.00960,0.00832
684,0.00611,0.01322,0.12797,0.01115,0.01813,0.00422,0.02683,0.02288,0.01509,0.00439,0.01141,0.62164,0.00736,0.01292,0.00467,0.03099,0.01459,0.00455,0.00882,0.02208,0.01098
685,0.00532,0.01045,0.68852,0.01783,0.01199,0.01498,0.01477,0.01415,0.01372,0.00432,0.00963,0.03658,0.00765,0.01367,0.00398,0.00434,0.00653,0.00648,0.00923,0.09524,0.01061
686,0.00859,0.01414,0.01841,0.01238,0.01646,0.00401,0.02248,0.05564,0.01617,0.01017,0.66695,0.01879,0.01027,0.01407,0.01081,0.00559,0.00830,0.04514,0.00878,0.01964,0.01321
687,0.06206,0.01310,0.01310,0.01732,0.01761,0.65381,0.01920,0.01973,0.01599,0.00452,0.01729,0.02338,0.00727,0.01528,0.00717,0.02286,0.00839,0.01857,0.00879,0.01681,0.01775
688,0.00689,0.01324,0.01503,0.01238,0.02030,0.00396,0.01808,0.05979,0.67027,0.00455,0.01481,0.03470,0.00929,0.02503,0.01971,0.00622,0.01026,0.00589,0.00895,0.02020,0.02045
689,0.01534,0.01914,0.00241,0.00205,0.00271,0.00058,0.00421,0.04373,0.00300,0.02622,0.00268,0.00383,0.00164,0.00341,0.00075,0.01746,0.68907,0.15442,0.00200,0.00293,0.00243
690,0.00775,0.01564,0.01784,0.01568,0.01819,0.02391,0.02928,0.02294,0.00752,0.00556,0.05875,0.02557,0.01080,0.02289,0.63450,0.01612,0.01425,0.00571,0.01116,0.02151,0.01443
691,0.00612,0.01429,0.01571,0.06517,0.01520,0.00343,0.01632,0.02272,0.57801,0.00445,0.01107,0.02790,0.00688,0.02210,0.12469,0.00526,0.00872,0.00454,0.00703,0.01691,0.02350
692,0.04337,0.00658,0.30505,0.09003,0.03363,0.15748,0.05849,0.00736,0.00785,0.00391,0.00828,0.10552,0.00435,0.01535,0.00172,0.02384,0.01002,0.00193,0.04575,0.06346,0.00605
693,0.02469,0.14231,0.00248,0.00577,0.00428,0.00066,0.07970,0.12885,0.01326,0.11577,0.04066,0.01177,0.00205,0.05665,0.01079,0.02446,0.08318,0.24495,0.00219,0.00286,0.00268
694,0.09139,0.03990,0.07121,0.07468,0.00834,0.23237,0.02832,0.00708,0.00614,0.05762,0.08609,0.03561,0.05915,0.15992,0.00099,0.00986,0.00484,0.00387,0.00402,0.00829,0.01030
695,0.00608,0.01945,0.01542,0.62911,0.03418,0.01665,0.02995,0.03286,0.00871,0.00473,0.01459,0.03200,0.00948,0.01480,0.00508,0.00674,0.00935,0.00890,0.01004,0.02841,0.06349
696,0.00635,0.03906,0.01552,0.00998,0.01595,0.00399,0.02596,0.02267,0.01849,0.01667,0.01439,0.02948,0.01014,0.01684,0.04614,0.00654,0.01048,0.00533,0.61274,0.01718,0.05609
697,0.12194,0.06890,0.03527,0.03658,0.03848,0.07073,0.09252,0.00601,0.04974,0.03254,0.05032,0.06186,0.00128,0.07404,0.02406,0.11213,0.04347,0.01423,0.01332,0.05102,0.00156
698,0.17678,0.02318,0.04824,0.16924,0.00612,0.02093,0.03377,0.00702,0.01261,0.00240,0.01255,0.01824,0.30011,0.06478,0.00341,0.07510,0.00635,0.00313,0.00387,0.00499,0.00718
699,0.01687,0.01468,0.01558,0.00777,0.01950,0.00495,0.02474,0.03334,0.01481,0.01021,0.01489,0.02621,0.04475,0.01842,0.00421,0.63299,0.02502,0.00551,0.01010,0.01758,0.03784
700,0.04747,0.05787,0.00255,0.00400,0.04272,0.01113,0.05497,0.07318,0.04503,0.06721,0.07886,0.07744,0.07285,0.09061,0.02012,0.02561,0.08206,0.09586,0.01465,0.03229,0.00353
701,0.02807,0.01602,0.02074,0.00577,0.01828,0.62812,0.01975,0.02045,0.01670,0.00572,0.01427,0.01812,0.01271,0.01878,0.00644,0.01265,0.00969,0.02093,0.01197,0.01966,0.07517
702,0.00265,0.02923,0.00407,0.00352,0.15758,0.00251,0.09669,0.08831,0.00500,0.04517,0.05152,0.00482,0.00206,0.00688,0.00421,0.00278,0.00906,0.04516,0.16014,0.27109,0.00754
703,0.05503,0.04796,0.10174,0.08532,0.03639,0.03222,0.08885,0.05044,0.00319,0.05150,0.04956,0.05537,0.01248,0.07684,0.02009,0.04946,0.04961,0.04775,0.01798,0.06705,0.00116
704,0.01741,0.05073,0.11579,0.02292,0.01591,0.00416,0.04831,0.01091,0.00716,0.00369,0.00456,0.31508,0.00423,0.04010,0.00700,0.25836,0.03778,0.00406,0.01259,0.01485,0.00440
705,0.00621,0.03156,0.01524,0.00831,0.01437,0.00367,0.02653,0.01728,0.01401,0.01907,0.01054,0.02526,0.01074,0.01397,0.01547,0.00452,0.00987,0.00447,0.71335,0.01669,0.01887
706,0.00993,0.02265,0.05997,0.54424,0.02282,0.02564,0.03411,0.02555,0.01338,0.00714,0.01672,0.02620,0.01128,0.03760,0.00544,0.00816,0.01880,0.00635,0.01757,0.03720,0.04925
707,0.01833,0.01994,0.24609,0.35017,0.02047,0.04219,0.03331,0.01864,0.02057,0.00523,0.01801,0.04752,0.00719,0.03678,0.00464,0.01655,0.01237,0.00844,0.01250,0.02010,0.04096
708,0.05569,0.01220,0.02561,0.01496,0.02658,0.00353,0.02475,0.06887,0.02384,0.00916,0.02170,0.01701,0.00985,0.03257,0.00689,0.00536,0.02240,0.57288,0.01317,0.01518,0.01781
709,0.01580,0.01796,0.01867,0.04989,0.03100,0.00542,0.02765,0.02822,0.01022,0.01569,0.05016,0.03323,0.51662,0.03771,0.00277,0.02178,0.03075,0.02160,0.00815,0.04722,0.00948
710,0.00601,0.02561,0.01329,0.01023,0.59075,0.00303,0.02531,0.03583,0.01852,0.04497,0.01857,0.02398,0.01072,0.01812,0.00500,0.06500,0.00940,0.01055,0.02256,0.02771,0.01484
711,0.00747,0.58204,0.03285,0.01361,0.02750,0.00442,0.03013,0.04455,0.02226,0.00721,0.02127,0.05059,0.00943,0.02784,0.02689,0.01373,0.01473,0.00785,0.00800,0.02128,0.02636
712,0.00731,0.01925,0.01751,0.01176,0.03659,0.00630,0.01779,0.02862,0.02344,0.00787,0.02530,0.02307,0.02288,0.01923,0.00530,0.57512,0.01584,0.00753,0.01589,0.09548,0.01791
713,0.00587,0.01626,0.01472,0.01082,0.02659,0.00310,0.49961,0.03043,0.01205,0.00735,0.01683,0.21495,0.00858,0.02264,0.01595,0.00573,0.01028,0.00650,0.00919,0.04815,0.01441
714,0.01091,0.02245,0.02112,0.01841,0.03829,0.00732,0.51016,0.03302,0.02222,0.00750,0.02327,0.08336,0.00739,0.01918,0.01886,0.01314,0.01538,0.01095,0.02535,0.06030,0.03140
715,0.00483,0.01929,0.01540,0.01149,0.42316,0.00286,0.02179,0.01532,0.01920,0.03794,0.01631,0.02061,0.00643,0.01750,0.00376,0.02866,0.00942,0.00456,0.16255,0.14270,0.01621
716,0.06607,0.03732,0.03193,0.02215,0.00922,0.01500,0.28196,0.01796,0.01096,0.00433,0.01507,0.29385,0.00428,0.06525,0.00338,0.04478,0.02788,0.01869,0.00794,0.01150,0.01048
717,0.00961,0.01538,0.00701,0.03119,0.00969,0.00137,0.02380,0.01559,0.34174,0.08131,0.08550,0.01289,0.00392,0.09937,0.16503,0.01434,0.04359,0.01186,0.00517,0.01607,0.00558
718,0.01923,0.10504,0.00854,0.00506,0.01157,0.00171,0.00595,0.20217,0.00584,0.28345,0.09091,0.00857,0.01875,0.00489,0.00518,0.00247,0.00474,0.19621,0.00492,0.00870,0.00612
719,0.00607,0.01768,0.01260,0.01063,0.21605,0.00328,0.08879,0.02161,0.01490,0.00508,0.01493,0.02224,0.00718,0.01193,0.00387,0.00518,0.00788,0.00813,0.17173,0.33995,0.01029
720,0.00637,0.01556,0.01458,0.01517,0.08759,0.00563,0.01446,0.08808,0.02849,0.32511,0.25749,0.01848,0.01991,0.01559,0.00854,0.00474,0.00752,0.00749,0.01593,0.02291,0.02034
721,0.00910,0.02091,0.02901,0.07102,0.03223,0.01258,0.05776,0.04295,0.39991,0.00826,0.01867,0.05394,0.01046,0.02445,0.08721,0.02877,0.02284,0.00913,0.01937,0.02616,0.01529
722,0.01355,0.02734,0.46826,0.01925,0.02714,0.06215,0.02578,0.02837,0.02628,0.00977,0.03802,0.01455,0.01066,0.02831,0.00680,0.00797,0.01378,0.01002,0.01836,0.12118,0.02246
723,0.01073,0.01402,0.01431,0.04793,0.01897,0.55486,0.05053,0.01689,0.02764,0.00958,0.02645,0.01458,0.01340,0.03421,0.00418,0.00992,0.01088,0.01428,0.06684,0.01527,0.02452
724,0.00657,0.01542,0.01772,0.01350,0.02745,0.04338,0.01286,0.10360,0.01283,0.00593,0.01635,0.01792,0.00549,0.01832,0.57458,0.00851,0.00850,0.00775,0.01332,0.01938,0.05062
725,0.07091,0.06772,0.02640,0.05147,0.06994,0.05875,0.07070,0.00548,0.01939,0.00210,0.03439,0.06407,0.03009,0.02688,0.01920,0.12577,0.04877,0.01467,0.10835,0.07998,0.00497
726,0.00357,0.01037,0.01020,0.00883,0.00749,0.00345,0.00768,0.25201,0.01680,0.28716,0.15550,0.01371,0.00273,0.00800,0.00304,0.00390,0.01916,0.16189,0.00912,0.00832,0.00705
727,0.03692,0.09316,0.01172,0.01435,0.01882,0.00504,0.01540,0.14506,0.01542,0.00549,0.02250,0.02122,0.00451,0.01065,0.00424,0.00469,0.09705,0.43040,0.01017,0.01585,0.01737
728,0.14150,0.04025,0.01687,0.01605,0.02494,0.00364,0.01279,0.05845,0.02443,0.00553,0.03049,0.01513,0.00493,0.02566,0.00939,0.00593,0.00855,0.48022,0.02689,0.01684,0.03153
729,0.02567,0.02290,0.02625,0.01828,0.03410,0.00889,0.04091,0.02299,0.02004,0.01594,0.02012,0.02372,0.57811,0.01428,0.00536,0.01411,0.03249,0.00955,0.02314,0.02359,0.01956
730,0.00783,0.56532,0.02387,0.02452,0.04102,0.00569,0.01822,0.02237,0.02755,0.00827,0.02416,0.02171,0.00900,0.02580,0.04682,0.01160,0.01364,0.00857,0.01831,0.04572,0.03000
731,0.00656,0.01279,0.06068,0.01657,0.02368,0.00489,0.01259,0.02431,0.03344,0.00633,0.01802,0.05939,0.01624,0.02005,0.56895,0.02394,0.01094,0.00650,0.01206,0.04179,0.02028
732,0.07693,0.02990,0.09351,0.09722,0.03024,0.08342,0.08073,0.00628,0.02924,0.03271,0.04080,0.05431,0.05324,0.15792,0.00691,0.04081,0.02096,0.01336,0.00923,0.03556,0.00672
733,0.01574,0.02758,0.01752,0.10501,0.01986,0.00837,0.01552,0.01964,0.08846,0.00844,0.01449,0.02002,0.00843,0.41017,0.03369,0.09701,0.01713,0.00831,0.01599,0.01850,0.03010
734,0.01164,0.01328,0.54474,0.14730,0.00986,0.06275,0.02259,0.01123,0.01415,0.00337,0.01137,0.02930,0.00404,0.01018,0.00378,0.00464,0.00528,0.00437,0.01120,0.06381,0.01113
735,0.01052,0.01566,0.01617,0.58616,0.01543,0.01444,0.01232,0.01402,0.03684,0.00633,0.02092,0.01424,0.00630,0.03004,0.00670,0.00523,0.00958,0.00612,0.01888,0.01601,0.13811
736,0.09754,0.25261,0.00996,0.00805,0.01170,0.00253,0.00685,0.01785,0.00728,0.26243,0.06898,0.01374,0.02488,0.02494,0.00495,0.00290,0.02074,0.13788,0.00610,0.00859,0.00948
737,0.01069,0.02316,0.02625,0.03462,0.04704,0.00743,0.03375,0.42187,0.02162,0.05393,0.03127,0.02770,0.01072,0.02463,0.00683,0.01228,0.03731,0.08884,0.02257,0.02855,0.02895
738,0.00852,0.06636,0.01822,0.02152,0.02907,0.58534,0.02390,0.02430,0.02259,0.00890,0.02853,0.02333,0.01057,0.02608,0.00638,0.00536,0.01183,0.00764,0.01656,0.02665,0.02835
739,0.01671,0.02424,0.04510,0.03344,0.04582,0.01445,0.02156,0.03925,0.02999,0.04868,0.03285,0.04567,0.00549,0.01929,0.46039,0.00940,0.01159,0.01777,0.01927,0.04325,0.01580
740,0.51405,0.04787,0.04235,0.01094,0.02208,0.03970,0.01743,0.02800,0.02590,0.00757,0.02033,0.01832,0.00473,0.01897,0.00471,0.10335,0.00480,0.01947,0.01268,0.01612,0.02062
741,0.00661,0.02179,0.02011,0.01661,0.02869,0.00495,0.03762,0.02778,0.02423,0.00860,0.02182,0.01949,0.00540,0.01922,0.62291,0.04078,0.00928,0.00770,0.01526,0.02266,0.01850
742,0.01131,0.35999,0.00887,0.01091,0.01249,0.00499,0.00682,0.04046,0.01142,0.00442,0.01571,0.00990,0.00400,0.00967,0.00279,0.00280,0.01098,0.44325,0.00907,0.00801,0.01214
743,0.07169,0.04956,0.01239,0.01339,0.01508,0.00886,0.05421,0.01337,0.01401,0.01752,0.05651,0.02769,0.02827,0.03833,0.00462,0.43313,0.03876,0.00448,0.01149,0.03207,0.05458
744,0.01127,0.02737,0.02577,0.02697,0.02031,0.01099,0.01256,0.02352,0.02742,0.03185,0.02115,0.02659,0.51861,0.08228,0.00811,0.03024,0.01411,0.01087,0.02261,0.02267,0.02473
745,0.00995,0.02359,0.04676,0.04574,0.02589,0.49336,0.02715,0.02275,0.02186,0.00577,0.03353,0.02844,0.00784,0.02334,0.03541,0.01635,0.02857,0.01570,0.03381,0.03229,0.02189
746,0.07714,0.10385,0.00337,0.00664,0.07014,0.02534,0.06703,0.03342,0.03502,0.03211,0.06130,0.09183,0.00315,0.01190,0.09507,0.09800,0.04302,0.04865,0.01872,0.06825,0.00606
747,0.00444,0.00806,0.01022,0.01017,0.01185,0.41352,0.05388,0.02475,0.02588,0.02668,0.04220,0.18663,0.00593,0.06222,0.00925,0.01015,0.03207,0.02097,0.01010,0.00921,0.02182
748,0.00514,0.05147,0.01166,0.01295,0.08595,0.00687,0.05060,0.04192,0.01530,0.04743,0.02898,0.01394,0.00499,0.01081,0.00737,0.00394,0.00579,0.01291,0.44143,0.10673,0.03382
749,0.09896,0.05665,0.00484,0.01590,0.00774,0.05828,0.02322,0.03031,0.17803,0.03744,0.03516,0.05856,0.02968,0.09376,0.08811,0.08517,0.04883,0.02355,0.00752,0.01125,0.00703
750,0.04044,0.07781,0.00904,0.00674,0.01322,0.01389,0.05633,0.13144,0.03135,0.07822,0.07503,0.05893,0.00244,0.02455,0.01268,0.02591,0.13541,0.16871,0.01837,0.01187,0.00761
751,0.04974,0.04418,0.01248,0.01707,0.04275,0.02437,0.09145,0.03019,0.10849,0.05550,0.08911,0.02975,0.02148,0.02527,0.11146,0.04430,0.07970,0.06590,0.01091,0.03875,0.00715
752,0.07666,0.00714,0.14133,0.17247,0.00937,0.04411,0.04634,0.01048,0.00942,0.00441,0.02565,0.01333,0.03247,0.08608,0.00246,0.07571,0.06288,0.01525,0.00814,0.14161,0.01470
753,0.03817,0.08516,0.01861,0.01593,0.01452,0.00613,0.01084,0.01679,0.01649,0.00939,0.04061,0.09999,0.13891,0.02443,0.00445,0.08865,0.23586,0.08762,0.01426,0.01426,0.01893
754,0.26438,0.11368,0.01177,0.01929,0.01779,0.16262,0.01245,0.01686,0.02357,0.00632,0.01675,0.02083,0.00474,0.01730,0.00594,0.20453,0.00912,0.00831,0.01858,0.02443,0.02073
755,0.14500,0.17072,0.01043,0.00677,0.00720,0.25142,0.00712,0.00758,0.00699,0.00254,0.02385,0.00833,0.01115,0.00687,0.00696,0.16111,0.11244,0.03173,0.00678,0.00444,0.01058
756,0.03658,0.10630,0.01502,0.01467,0.00949,0.02281,0.04616,0.06227,0.01656,0.21982,0.13263,0.02268,0.02059,0.02043,0.00497,0.03701,0.01305,0.06571,0.01295,0.10603,0.01424
757,0.34078,0.01552,0.01690,0.03352,0.01530,0.22991,0.01215,0.01648,0.02668,0.00566,0.01858,0.01576,0.00349,0.01996,0.00444,0.14874,0.01589,0.00846,0.01355,0.02195,0.01627
758,0.00853,0.02046,0.02173,0.05977,0.02740,0.00885,0.01567,0.03359,0.59108,0.00665,0.02022,0.01245,0.00669,0.02881,0.05497,0.00652,0.01270,0.01074,0.01431,0.01861,0.02027
759,0.01603,0.01793,0.01424,0.01958,0.01224,0.00862,0.01098,0.01466,0.02288,0.02742,0.01375,0.07719,0.03534,0.01517,0.00482,0.43985,0.06878,0.00828,0.01746,0.01128,0.14351
760,0.00759,0.06958,0.01738,0.02111,0.01315,0.00739,0.06320,0.01177,0.01868,0.00441,0.01605,0.01348,0.00475,0.01477,0.00490,0.00779,0.00634,0.00851,0.01379,0.64947,0.02589
761,0.45342,0.01156,0.00940,0.02944,0.01031,0.30294,0.01047,0.01556,0.00949,0.00416,0.00887,0.00854,0.00368,0.01281,0.00395,0.04394,0.02121,0.00934,0.01128,0.00975,0.00988
762,0.00413,0.05160,0.01237,0.01100,0.01164,0.00481,0.24896,0.00943,0.03888,0.06397,0.01909,0.08843,0.00346,0.29831,0.07582,0.00334,0.01099,0.00581,0.01175,0.00801,0.01818
763,0.01228,0.04889,0.01491,0.02276,0.01357,0.00650,0.15987,0.02665,0.01305,0.02457,0.30040,0.01440,0.00630,0.02954,0.00773,0.00803,0.03032,0.03173,0.00983,0.20857,0.01010
764,0.01308,0.01345,0.04008,0.02420,0.02932,0.02056,0.02083,0.02716,0.03163,0.02980,0.02481,0.03322,0.00946,0.02273,0.03311,0.00970,0.01294,0.00957,0.51237,0.03095,0.05102
765,0.02484,0.02008,0.00853,0.00670,0.01670,0.00324,0.10919,0.01552,0.06916,0.05530,0.16009,0.02186,0.00160,0.28532,0.03108,0.05954,0.04371,0.01458,0.00952,0.02117,0.02228
766,0.00361,0.04583,0.00879,0.01001,0.00459,0.00399,0.01587,0.11923,0.01406,0.36810,0.18089,0.00807,0.00490,0.00978,0.00473,0.00261,0.02795,0.14044,0.00754,0.00861,0.01040
767,0.00173,0.00731,0.00431,0.00388,0.28490,0.00155,0.13414,0.04753,0.00460,0.08565,0.35344,0.01617,0.00519,0.00301,0.00189,0.00148,0.00195,0.00614,0.00315,0.02861,0.00338
768,0.01091,0.23093,0.02618,0.02213,0.02658,0.01098,0.08478,0.05332,0.01541,0.00718,0.01575,0.02292,0.00351,0.01832,0.00904,0.00892,0.01341,0.00954,0.02165,0.36117,0.02736
769,0.00673,0.03202,0.01483,0.02536,0.65608,0.00967,0.01037,0.01354,0.01637,0.05196,0.01525,0.01286,0.00541,0.01476,0.00541,0.03756,0.00525,0.01014,0.01762,0.01639,0.02242
770,0.04320,0.02059,0.01591,0.02602,0.01845,0.01846,0.59414,0.01445,0.01228,0.00442,0.01640,0.03160,0.00256,0.01619,0.02283,0.07101,0.00495,0.01093,0.02271,0.01115,0.02175
771,0.00815,0.02186,0.01388,0.01641,0.01839,0.04341,0.01582,0.06343,0.17800,0.00504,0.01460,0.01205,0.00773,0.01822,0.48936,0.01268,0.00609,0.00868,0.01502,0.01383,0.01733
772,0.01030,0.02155,0.02464,0.02397,0.02531,0.04221,0.01914,0.06448,0.01946,0.00693,0.02144,0.02197,0.00663,0.01772,0.54089,0.02894,0.00910,0.01594,0.02866,0.02167,0.02902
773,0.02130,0.03286,0.52882,0.04679,0.02528,0.00451,0.01607,0.02305,0.02210,0.01212,0.02668,0.01787,0.00712,0.02672,0.01283,0.00734,0.00994,0.01782,0.06557,0.03941,0.03578
774,0.00616,0.02911,0.01357,0.01595,0.02597,0.00775,0.00850,0.10761,0.01102,0.42090,0.12143,0.01316,0.06074,0.00894,0.00563,0.00497,0.00514,0.09118,0.01482,0.01224,0.01521
775,0.00903,0.02364,0.01678,0.02371,0.02554,0.01585,0.01339,0.02022,0.01870,0.04590,0.01770,0.01134,0.00719,0.01484,0.65213,0.00720,0.00717,0.01433,0.02470,0.01926,0.01138
776,0.01032,0.02951,0.01820,0.02048,0.01744,0.00974,0.00931,0.11214,0.01789,0.34798,0.08736,0.01659,0.02611,0.00687,0.00931,0.01273,0.08107,0.11362,0.02147,0.01525,0.01660
777,0.01777,0.04001,0.01819,0.01830,0.01350,0.00877,0.00998,0.10582,0.01580,0.29625,0.32650,0.00871,0.00263,0.00923,0.00769,0.00347,0.02383,0.02399,0.02081,0.01163,0.01712
778,0.32611,0.01266,0.01672,0.01815,0.01792,0.21635,0.00631,0.01464,0.01528,0.00394,0.02217,0.00871,0.00271,0.01060,0.00450,0.22290,0.01317,0.01510,0.02024,0.01149,0.02035
779,0.01285,0.04692,0.01837,0.03859,0.06034,0.01598,0.02399,0.02953,0.02240,0.01056,0.02478,0.46859,0.00825,0.02500,0.01023,0.03827,0.01820,0.01985,0.04805,0.02627,0.03297
780,0.61090,0.01320,0.03603,0.01860,0.01401,0.03827,0.00891,0.01207,0.01639,0.00408,0.01769,0.01044,0.00242,0.01397,0.00419,0.11386,0.01128,0.00549,0.01688,0.01292,0.01838
781,0.00961,0.00955,0.03149,0.03876,0.01177,0.00778,0.00946,0.32506,0.01108,0.07269,0.03425,0.01462,0.00246,0.01422,0.00419,0.00573,0.04707,0.31517,0.01155,0.01195,0.01155
782,0.08141,0.13731,0.00772,0.03130,0.01291,0.02029,0.00360,0.03393,0.01733,0.04487,0.16274,0.16170,0.00084,0.10124,0.00988,0.05323,0.07487,0.02641,0.00813,0.00203,0.00826
783,0.09025,0.02625,0.01420,0.01725,0.04975,0.04813,0.00927,0.02083,0.01791,0.00663,0.03297,0.01594,0.00954,0.01104,0.00449,0.37801,0.11334,0.01083,0.03211,0.01543,0.07584
784,0.32918,0.03324,0.03372,0.01051,0.03162,0.05403,0.00645,0.01268,0.01861,0.00332,0.01420,0.01005,0.00267,0.01037,0.00379,0.20091,0.09446,0.09199,0.01047,0.01279,0.01494
785,0.00992,0.16565,0.00682,0.00372,0.04457,0.00125,0.01175,0.19230,0.00368,0.02315,0.02231,0.00888,0.00255,0.00431,0.00149,0.00296,0.20544,0.27457,0.00273,0.00822,0.00374
786,0.00127,0.00139,0.00158,0.00169,0.00198,0.00059,0.00106,0.00195,0.00212,0.00824,0.00263,0.00172,0.95636,0.00699,0.00047,0.00277,0.00082,0.00151,0.00148,0.00163,0.00175
787,0.05802,0.06662,0.03609,0.03311,0.03687,0.03568,0.06940,0.05876,0.04181,0.05723,0.06048,0.04100,0.00840,0.06882,0.05375,0.07731,0.06295,0.06000,0.02087,0.04963,0.00319
788,0.05271,0.02392,0.04623,0.02177,0.01571,0.41522,0.03349,0.00389,0.03461,0.01454,0.00921,0.04165,0.00792,0.07337,0.02666,0.05075,0.05807,0.00384,0.03437,0.02326,0.00880
789,0.01643,0.00922,0.10292,0.05255,0.12245,0.04239,0.05851,0.03155,0.04943,0.02326,0.04414,0.06311,0.00819,0.02490,0.03653,0.00871,0.01101,0.03306,0.14932,0.10986,0.00245
