site,A,C,D,E,F,G,H,I,K,L,M,N,P,Q,R,S,T,V,W,Y,*
677,0.23446,0.00604,0.00403,0.00387,0.00575,0.44907,0.00567,0.00514,0.00544,0.00165,0.00433,0.00517,0.00273,0.00500,0.00189,0.22099,0.01880,0.00474,0.00374,0.00565,0.00582
678,0.04566,0.09072,0.12071,0.07365,0.03725,0.11735,0.04531,0.01336,0.01913,0.01243,0.03751,0.12299,0.00061,0.03696,0.01720,0.06892,0.06061,0.02485,0.01332,0.04051,0.00095
679,0.50703,0.00853,0.00788,0.00948,0.01620,0.00307,0.01642,0.01984,0.01502,0.00469,0.01400,0.01757,0.00830,0.01518,0.00389,0.27241,0.00313,0.01952,0.00943,0.01497,0.01343
680,0.00431,0.00726,0.00961,0.00970,0.05457,0.00288,0.01942,0.36342,0.01225,0.37776,0.01144,0.00903,0.01235,0.00952,0.00242,0.00245,0.00539,0.06049,0.00781,0.00874,0.00918
681,0.04893,0.04315,0.00211,0.00172,0.04082,0.01645,0.08816,0.02391,0.06704,0.01865,0.02534,0.07528,0.00102,0.08586,0.09759,0.05750,0.09915,0.04894,0.07296,0.08425,0.00118
682,0.00459,0.00527,0.00660,0.01031,0.74646,0.00326,0.01290,0.02870,0.01226,0.02429,0.01223,0.00961,0.00841,0.01486,0.00316,0.04513,0.00481,0.00287,0.01613,0.01918,0.00899
683,0.00437,0.00711,0.01147,0.00740,0.00699,0.00284,0.01488,0.22551,0.01030,0.57057,0.04513,0.01472,0.00781,0.00980,0.00283,0.02293,0.00683,0.00285,0.00719,0.00990,0.00857
684,0.00575,0.01253,0.13349,0.01059,0.01727,0.00400,0.03808,0.01859,0.02134,0.00414,0.01084,0.60066,0.00696,0.01212,0.00441,0.02101,0.02538,0.00428,0.00839,0.02986,0.01031
685,0.00513,0.01001,0.67848,0.01319,0.01162,0.04109,0.01424,0.01391,0.01328,0.00421,0.00937,0.06030,0.00728,0.01341,0.00390,0.00415,0.00630,0.00945,0.00910,0.06114,0.01046
686,0.01029,0.01470,0.01935,0.01290,0.01722,0.00420,0.02354,0.01005,0.01695,0.01113,0.70958,0.01946,0.01079,0.01479,0.01918,0.00586,0.01417,0.02254,0.00914,0.02039,0.01375
687,0.05940,0.01328,0.01336,0.02547,0.01772,0.67786,0.01965,0.02018,0.01622,0.00461,0.01790,0.02371,0.00742,0.01567,0.00306,0.01266,0.00852,0.00636,0.00900,0.01705,0.01091
688,0.00606,0.01159,0.01312,0.00447,0.01760,0.00346,0.01588,0.12991,0.59767,0.00399,0.01303,0.05604,0.00815,0.01620,0.03134,0.00543,0.00769,0.00516,0.00780,0.01778,0.02762
689,0.01677,0.02121,0.00264,0.00186,0.00235,0.00052,0.00383,0.03621,0.00273,0.03682,0.00244,0.00349,0.00149,0.00309,0.00068,0.01925,0.69528,0.14268,0.00182,0.00266,0.00219
690,0.00796,0.01616,0.01832,0.01634,0.01881,0.02800,0.02997,0.02342,0.00771,0.00577,0.01200,0.02619,0.01113,0.02392,0.66621,0.00516,0.02190,0.00593,0.01823,0.02204,0.01486
691,0.00570,0.01328,0.01458,0.04459,0.01414,0.00320,0.01505,0.02926,0.54997,0.00416,0.01032,0.01856,0.00638,0.01381,0.17442,0.00494,0.00812,0.00423,0.00652,0.01585,0.04291
692,0.05519,0.00467,0.26810,0.09471,0.02832,0.19096,0.05679,0.00638,0.00674,0.00317,0.01108,0.14520,0.00374,0.00832,0.00149,0.02932,0.00926,0.00166,0.06114,0.00852,0.00524
693,0.02260,0.13940,0.00221,0.00580,0.00259,0.00059,0.07151,0.11220,0.01194,0.11845,0.03186,0.01382,0.00303,0.06193,0.00801,0.02014,0.07553,0.29160,0.00181,0.00257,0.00241
694,0.09038,0.02387,0.10494,0.13366,0.00719,0.23379,0.02149,0.00762,0.00334,0.04980,0.06044,0.02948,0.06461,0.14221,0.00044,0.00713,0.00375,0.00360,0.00318,0.00725,0.00183
695,0.00603,0.01949,0.01495,0.63300,0.03410,0.04564,0.02971,0.03197,0.00705,0.00475,0.01446,0.03162,0.00947,0.01496,0.00507,0.00667,0.00912,0.01708,0.00993,0.02805,0.02687
696,0.00574,0.02822,0.01408,0.00901,0.01462,0.00262,0.02385,0.02082,0.01674,0.01197,0.01296,0.02665,0.00920,0.01526,0.11045,0.00597,0.00947,0.00488,0.56755,0.01566,0.07429
697,0.12738,0.05378,0.05319,0.04969,0.05329,0.07194,0.09272,0.00778,0.02276,0.03045,0.05251,0.04020,0.00072,0.08390,0.01066,0.12487,0.05264,0.01233,0.02086,0.03760,0.00071
698,0.18138,0.01291,0.05829,0.19650,0.00672,0.01187,0.00488,0.00767,0.00986,0.00459,0.00878,0.00866,0.33783,0.03221,0.00161,0.09273,0.00272,0.00320,0.00424,0.00548,0.00787
699,0.01895,0.01415,0.01522,0.00757,0.01907,0.00482,0.02439,0.03250,0.01444,0.02275,0.01424,0.02509,0.05021,0.01777,0.00409,0.62568,0.04061,0.00536,0.01301,0.01717,0.01291
700,0.05007,0.04975,0.00245,0.00368,0.04562,0.00653,0.04600,0.07629,0.05594,0.06028,0.10028,0.06199,0.07923,0.08895,0.01834,0.02109,0.08159,0.10167,0.01440,0.03240,0.00344
701,0.00854,0.01727,0.02263,0.00548,0.01956,0.69633,0.02172,0.02247,0.01818,0.00626,0.01571,0.01959,0.01308,0.02021,0.00341,0.00672,0.01050,0.02442,0.01308,0.02165,0.01322
702,0.00171,0.01789,0.00369,0.00324,0.13739,0.00184,0.11838,0.10015,0.00456,0.04932,0.05597,0.00441,0.00190,0.00634,0.00360,0.00128,0.00756,0.03864,0.14902,0.27371,0.01940
703,0.06233,0.03997,0.10755,0.09407,0.03589,0.03097,0.10615,0.04476,0.00252,0.05602,0.05522,0.04471,0.00899,0.06101,0.01682,0.04882,0.04938,0.04585,0.01468,0.07316,0.00112
704,0.02199,0.06866,0.06576,0.01430,0.01172,0.00148,0.04716,0.00846,0.01263,0.00224,0.00460,0.32829,0.00431,0.03811,0.00478,0.29370,0.03784,0.00250,0.01158,0.01545,0.00443
705,0.00646,0.01524,0.01604,0.00873,0.01509,0.00363,0.02802,0.01800,0.01454,0.00420,0.01104,0.02647,0.01123,0.01464,0.00278,0.00476,0.01053,0.00470,0.76227,0.01748,0.00414
706,0.00653,0.02207,0.09131,0.53973,0.02226,0.02146,0.03336,0.02555,0.02540,0.00696,0.01622,0.02584,0.01106,0.04581,0.00527,0.00674,0.02112,0.00658,0.01407,0.03462,0.01802
707,0.00505,0.01728,0.33362,0.31135,0.01786,0.06564,0.02212,0.01619,0.02327,0.00456,0.01551,0.04935,0.00628,0.04086,0.00404,0.00861,0.00725,0.00588,0.00709,0.01757,0.02062
708,0.11085,0.01080,0.03515,0.01328,0.01480,0.00313,0.02199,0.10752,0.02113,0.01214,0.01926,0.01508,0.00873,0.02892,0.00612,0.00476,0.00867,0.51677,0.01167,0.01344,0.01580
709,0.01331,0.02438,0.01718,0.03999,0.02864,0.00320,0.03892,0.02709,0.00955,0.00827,0.04733,0.03683,0.49346,0.04089,0.00260,0.03186,0.03999,0.01724,0.00765,0.06276,0.00887
710,0.00536,0.02225,0.01184,0.00912,0.54004,0.00272,0.02264,0.03631,0.01660,0.06873,0.01666,0.02162,0.00966,0.01625,0.00447,0.11651,0.00836,0.02123,0.02032,0.01607,0.01323
711,0.00712,0.56331,0.03113,0.01297,0.02611,0.00316,0.02873,0.04225,0.02110,0.00688,0.02024,0.04836,0.00899,0.02663,0.05541,0.01731,0.01402,0.00747,0.00764,0.02950,0.02167
712,0.00836,0.01940,0.01765,0.01175,0.08586,0.00632,0.01771,0.02829,0.02330,0.00920,0.02522,0.02283,0.02627,0.01939,0.00527,0.58458,0.00853,0.00755,0.01585,0.03875,0.01793
713,0.00526,0.01489,0.01734,0.00954,0.02399,0.00274,0.45555,0.02656,0.01081,0.01147,0.01525,0.18462,0.00902,0.00919,0.03634,0.00511,0.00919,0.00580,0.00815,0.12633,0.01285
714,0.01033,0.02107,0.02641,0.01739,0.03634,0.00698,0.49359,0.03174,0.02095,0.00751,0.02211,0.05083,0.00641,0.02219,0.02808,0.01250,0.02101,0.01040,0.02213,0.10191,0.03009
715,0.00430,0.01660,0.01326,0.01025,0.38460,0.00256,0.01936,0.01335,0.01724,0.03844,0.01459,0.01792,0.00569,0.01543,0.00337,0.07095,0.00847,0.00362,0.24286,0.08279,0.01436
716,0.06749,0.04244,0.07095,0.01941,0.00755,0.00919,0.31364,0.01951,0.00985,0.00312,0.01038,0.24536,0.00352,0.05642,0.00260,0.03104,0.03698,0.02462,0.00646,0.01080,0.00869
717,0.00584,0.00743,0.00751,0.05292,0.01019,0.00145,0.01916,0.02062,0.37241,0.07396,0.05381,0.01081,0.00409,0.09398,0.20887,0.00342,0.02393,0.00800,0.00395,0.01172,0.00594
718,0.01102,0.07849,0.00862,0.00513,0.01167,0.00172,0.00599,0.19684,0.00587,0.29151,0.10154,0.00865,0.02689,0.00486,0.00648,0.00249,0.00346,0.20888,0.00496,0.00877,0.00615
719,0.00600,0.03753,0.01681,0.01044,0.17985,0.00324,0.07115,0.01742,0.01465,0.00449,0.01472,0.01547,0.00704,0.01195,0.00384,0.00671,0.00780,0.00687,0.21214,0.34173,0.01018
720,0.00581,0.01437,0.01302,0.01369,0.05417,0.00505,0.02377,0.11028,0.02428,0.29825,0.28187,0.01687,0.04575,0.01433,0.00748,0.00431,0.00668,0.00690,0.01406,0.02031,0.01874
721,0.00948,0.02047,0.02971,0.15608,0.03212,0.00771,0.07097,0.04290,0.41075,0.00837,0.01728,0.01966,0.01071,0.02774,0.03231,0.02103,0.01258,0.00907,0.01911,0.02633,0.01562
722,0.02435,0.03340,0.50823,0.03329,0.03025,0.04414,0.02743,0.03087,0.02732,0.01073,0.03999,0.01973,0.01138,0.02947,0.00742,0.00865,0.01421,0.01147,0.01963,0.04511,0.02296
723,0.00957,0.01483,0.01530,0.01907,0.02006,0.59709,0.05201,0.01778,0.02895,0.01014,0.02798,0.01564,0.01430,0.03617,0.00419,0.00544,0.01155,0.00928,0.04821,0.01608,0.02637
724,0.00677,0.01548,0.01794,0.01359,0.02755,0.02814,0.01289,0.02947,0.01855,0.00599,0.01634,0.01836,0.00561,0.01835,0.59180,0.00499,0.00791,0.00799,0.01305,0.01877,0.12045
725,0.08107,0.07383,0.01796,0.03683,0.07558,0.04915,0.06668,0.00437,0.02052,0.00142,0.01192,0.07332,0.04372,0.01968,0.01163,0.13396,0.04320,0.01622,0.11320,0.10057,0.00520
726,0.00335,0.00971,0.00998,0.00821,0.00709,0.00326,0.00730,0.24537,0.01596,0.26898,0.17881,0.01904,0.00258,0.00763,0.00287,0.00268,0.01978,0.16410,0.00885,0.00792,0.00654
727,0.08600,0.04082,0.01150,0.01112,0.01855,0.00800,0.01496,0.16107,0.01516,0.00840,0.02191,0.02086,0.00447,0.01052,0.00418,0.00467,0.08226,0.43276,0.01014,0.01557,0.01708
728,0.14317,0.02680,0.01877,0.01670,0.01469,0.00386,0.01323,0.03955,0.02538,0.00575,0.03205,0.01558,0.00517,0.02643,0.00984,0.00533,0.00827,0.51078,0.02813,0.01751,0.03300
729,0.01456,0.02433,0.02820,0.01996,0.03657,0.00944,0.01669,0.02476,0.02173,0.00910,0.02181,0.02531,0.63174,0.01535,0.00576,0.00406,0.00892,0.01017,0.02483,0.02558,0.02116
730,0.00646,0.47633,0.01965,0.02014,0.02934,0.00468,0.01517,0.01821,0.02255,0.00687,0.02006,0.01781,0.00737,0.02146,0.12801,0.00446,0.01338,0.00710,0.01913,0.11343,0.02839
731,0.00673,0.00355,0.06233,0.01694,0.02406,0.00502,0.00565,0.02468,0.02422,0.00926,0.01845,0.05978,0.01841,0.02049,0.59120,0.01555,0.01124,0.00663,0.01235,0.04256,0.02090
732,0.08033,0.02832,0.08707,0.07453,0.01976,0.07223,0.08672,0.00399,0.03417,0.02628,0.04117,0.06371,0.06155,0.17367,0.00573,0.04729,0.02138,0.01054,0.00787,0.04667,0.00704
733,0.01152,0.03058,0.01870,0.15464,0.02176,0.00900,0.01209,0.02132,0.04406,0.00815,0.01560,0.02140,0.00665,0.45353,0.03140,0.06411,0.00937,0.00892,0.01677,0.02031,0.02010
734,0.01149,0.01379,0.58636,0.13277,0.01032,0.10003,0.03068,0.01181,0.01489,0.00353,0.01183,0.00631,0.00425,0.01072,0.00394,0.00444,0.00552,0.00457,0.01165,0.00937,0.01174
735,0.01156,0.01489,0.01351,0.57003,0.01494,0.00219,0.01204,0.01327,0.09527,0.00682,0.02069,0.01419,0.00604,0.02207,0.00651,0.00501,0.00938,0.00516,0.01790,0.01540,0.12312
736,0.07033,0.31001,0.01021,0.00834,0.01200,0.00260,0.00702,0.02489,0.00744,0.27461,0.07321,0.01082,0.02340,0.00572,0.00992,0.00261,0.01112,0.11101,0.00627,0.00881,0.00966
737,0.01218,0.02274,0.02650,0.03468,0.03654,0.00732,0.03432,0.43180,0.02186,0.02282,0.02484,0.02638,0.01071,0.02433,0.00684,0.01252,0.03837,0.12575,0.02288,0.02840,0.02823
738,0.00698,0.04759,0.03590,0.02131,0.02847,0.59148,0.02363,0.02381,0.02229,0.00879,0.02816,0.02294,0.01037,0.02570,0.00630,0.00695,0.01165,0.00742,0.01632,0.02617,0.02775
739,0.01671,0.02413,0.04516,0.03338,0.04610,0.02043,0.02158,0.03880,0.02782,0.00549,0.03276,0.04492,0.00550,0.03840,0.47256,0.00942,0.01155,0.01769,0.01938,0.04242,0.02579
740,0.53618,0.01475,0.02843,0.01117,0.02253,0.03383,0.01767,0.02879,0.02588,0.00760,0.02063,0.01864,0.00480,0.01912,0.00478,0.11246,0.00395,0.03881,0.01281,0.01624,0.02091
741,0.00669,0.04223,0.02007,0.01661,0.02847,0.00461,0.02574,0.02792,0.02418,0.00510,0.02214,0.01954,0.00545,0.01965,0.64204,0.01599,0.00932,0.00778,0.01533,0.02256,0.01858
742,0.02066,0.31002,0.00873,0.01137,0.01471,0.00796,0.00711,0.04232,0.01187,0.00802,0.01661,0.01040,0.00417,0.01007,0.00289,0.00292,0.01028,0.46958,0.00943,0.00827,0.01262
743,0.08201,0.08104,0.01140,0.01245,0.01215,0.00875,0.08852,0.01634,0.01282,0.00588,0.07140,0.01572,0.02847,0.04557,0.00505,0.40491,0.03936,0.00409,0.00961,0.03443,0.01003
744,0.00895,0.02560,0.02405,0.02507,0.01887,0.01031,0.00978,0.02189,0.02560,0.05299,0.01975,0.02486,0.49089,0.09522,0.00753,0.04688,0.01636,0.01010,0.02102,0.02120,0.02310
745,0.00809,0.02026,0.04692,0.02230,0.02627,0.51056,0.02712,0.02323,0.02235,0.00665,0.02472,0.02853,0.00795,0.01916,0.09094,0.01487,0.01747,0.00737,0.01987,0.03333,0.02201
746,0.06475,0.12653,0.00269,0.00486,0.09791,0.02257,0.07653,0.04959,0.02452,0.03847,0.05414,0.08645,0.00491,0.01924,0.07383,0.09049,0.02484,0.04651,0.03216,0.05396,0.00506
747,0.00568,0.00710,0.00886,0.01603,0.01048,0.36529,0.07524,0.03466,0.01411,0.01877,0.04621,0.18345,0.00517,0.08704,0.01157,0.01795,0.03324,0.02192,0.00886,0.00800,0.02037
748,0.00493,0.00635,0.01304,0.01170,0.13856,0.00668,0.01228,0.04384,0.01492,0.05018,0.02519,0.01167,0.00477,0.01392,0.01071,0.00553,0.00554,0.01593,0.43453,0.16623,0.00349
749,0.09182,0.05503,0.00538,0.01574,0.00734,0.06261,0.03018,0.02503,0.14445,0.03398,0.04941,0.07008,0.03024,0.09754,0.10213,0.08163,0.05157,0.02383,0.00633,0.00912,0.00656
750,0.03387,0.05989,0.01149,0.00630,0.00879,0.00887,0.06221,0.12851,0.02292,0.08164,0.07106,0.06297,0.00304,0.02982,0.00739,0.03157,0.15203,0.17952,0.02432,0.00659,0.00719
751,0.05019,0.02163,0.01870,0.02073,0.03623,0.03105,0.09520,0.02895,0.11638,0.05605,0.08383,0.01966,0.02059,0.02648,0.11512,0.04266,0.07108,0.06879,0.01510,0.05425,0.00732
752,0.08026,0.00628,0.16266,0.14905,0.01375,0.03748,0.04291,0.00965,0.01754,0.00472,0.03661,0.01983,0.01878,0.08408,0.00203,0.06784,0.06371,0.02547,0.00665,0.14643,0.00425
753,0.06470,0.07955,0.01771,0.01519,0.01392,0.00584,0.01207,0.01536,0.01570,0.01062,0.04244,0.10330,0.09710,0.01428,0.00506,0.09085,0.22879,0.12217,0.01367,0.01359,0.01807
754,0.27821,0.08168,0.01237,0.02036,0.01820,0.16115,0.01296,0.01743,0.02437,0.00644,0.01744,0.02166,0.00485,0.01759,0.00610,0.21616,0.00493,0.01232,0.01913,0.02529,0.02136
755,0.12167,0.18306,0.01088,0.00710,0.00711,0.29152,0.00741,0.00796,0.00730,0.00266,0.02324,0.00876,0.00825,0.00661,0.01039,0.12236,0.13168,0.02256,0.00405,0.00276,0.01269
756,0.02233,0.11084,0.01505,0.01385,0.02178,0.01471,0.09281,0.02901,0.01572,0.21560,0.14554,0.02591,0.02676,0.02660,0.00298,0.03120,0.01688,0.09251,0.01245,0.05409,0.01337
757,0.36588,0.01641,0.01786,0.01611,0.01611,0.23871,0.01282,0.01738,0.02810,0.00597,0.01959,0.01662,0.00368,0.02095,0.00469,0.10890,0.02347,0.01204,0.01430,0.02327,0.01715
758,0.00728,0.01747,0.01854,0.08897,0.02345,0.00875,0.01327,0.05583,0.51414,0.00566,0.01719,0.01542,0.00568,0.04906,0.08941,0.00556,0.01106,0.00915,0.01218,0.01592,0.01600
759,0.02858,0.02450,0.01477,0.02080,0.01133,0.00892,0.01129,0.01541,0.02444,0.07069,0.01462,0.07566,0.06082,0.01567,0.00506,0.47085,0.07427,0.00866,0.01831,0.01193,0.01342
760,0.00704,0.10601,0.01643,0.01980,0.01307,0.00691,0.06254,0.01121,0.01700,0.00410,0.01486,0.01255,0.00441,0.01374,0.00457,0.01178,0.00594,0.00793,0.01272,0.61833,0.02905
761,0.47968,0.01213,0.00984,0.03904,0.01071,0.29068,0.01106,0.01625,0.00983,0.00431,0.00917,0.00889,0.00383,0.01325,0.00413,0.02165,0.01159,0.01195,0.01160,0.01020,0.01021
762,0.00457,0.02743,0.01386,0.01422,0.01296,0.00526,0.23673,0.01034,0.02560,0.06074,0.01145,0.07952,0.00551,0.33374,0.08411,0.00363,0.01133,0.00650,0.01310,0.00872,0.03070
763,0.00706,0.04198,0.01540,0.02203,0.01488,0.00656,0.10579,0.05491,0.01728,0.02328,0.31015,0.01483,0.00641,0.02098,0.01124,0.00752,0.04033,0.08468,0.00978,0.17452,0.01037
764,0.01258,0.01280,0.03940,0.02330,0.02827,0.00943,0.02021,0.02610,0.03086,0.00686,0.02396,0.03203,0.00916,0.02178,0.07814,0.00937,0.01245,0.00922,0.50325,0.03026,0.06056
765,0.02166,0.00968,0.00723,0.00565,0.01578,0.00252,0.08592,0.01352,0.09177,0.07683,0.17557,0.03147,0.00135,0.24580,0.02593,0.04689,0.05543,0.01531,0.00808,0.02566,0.03795
766,0.00413,0.04347,0.00867,0.00988,0.00316,0.00393,0.03789,0.13087,0.01389,0.36804,0.18911,0.00795,0.00573,0.00709,0.00914,0.00258,0.02082,0.10744,0.00743,0.00846,0.01031
767,0.00196,0.00821,0.00493,0.00434,0.26889,0.00171,0.08341,0.05863,0.00540,0.09965,0.39426,0.01085,0.01207,0.00339,0.00159,0.00168,0.00222,0.00634,0.00349,0.02310,0.00389
768,0.01140,0.14652,0.02625,0.02204,0.02269,0.01137,0.13017,0.05227,0.01530,0.00752,0.01699,0.02271,0.00365,0.01863,0.00913,0.00901,0.01339,0.00979,0.02162,0.37489,0.05464
769,0.00609,0.04224,0.01337,0.02299,0.60675,0.00876,0.00940,0.01296,0.01482,0.04154,0.01385,0.01169,0.00528,0.01337,0.00488,0.09514,0.00475,0.01043,0.01583,0.02560,0.02024
770,0.04877,0.02214,0.01685,0.02821,0.01979,0.01422,0.64909,0.01550,0.01325,0.00600,0.01755,0.01580,0.00257,0.01079,0.00907,0.04073,0.00530,0.01174,0.02416,0.00541,0.02306
771,0.00830,0.02221,0.01428,0.01665,0.01898,0.01522,0.01880,0.02372,0.21157,0.00513,0.01503,0.01214,0.00791,0.01871,0.50749,0.02711,0.00618,0.00887,0.01537,0.01417,0.01215
772,0.01042,0.02191,0.02488,0.02411,0.02542,0.04653,0.01928,0.01694,0.02553,0.00703,0.02166,0.02198,0.00671,0.01797,0.55776,0.04345,0.00916,0.01619,0.02948,0.02196,0.03164
773,0.02373,0.03339,0.53964,0.02318,0.02524,0.01087,0.01318,0.02314,0.02213,0.01235,0.02711,0.03872,0.00719,0.02712,0.01278,0.00731,0.00996,0.01360,0.06610,0.02810,0.03517
774,0.00557,0.03550,0.01224,0.01438,0.05178,0.00702,0.00636,0.10573,0.00995,0.38728,0.10975,0.01188,0.10370,0.00805,0.00520,0.00449,0.00461,0.07839,0.01338,0.01110,0.01363
775,0.00911,0.02384,0.01706,0.02398,0.02600,0.01781,0.01361,0.02050,0.01853,0.00586,0.01779,0.01145,0.00627,0.03216,0.67179,0.00728,0.00726,0.01432,0.02484,0.01973,0.01081
776,0.00931,0.04514,0.01657,0.01865,0.01590,0.00886,0.00849,0.13288,0.01629,0.32019,0.11308,0.01512,0.04572,0.00626,0.00668,0.00564,0.07146,0.09521,0.01953,0.01389,0.01513
777,0.00907,0.02023,0.01781,0.01762,0.01317,0.00846,0.00964,0.08219,0.02375,0.28641,0.32404,0.00843,0.00256,0.00892,0.01277,0.00339,0.04736,0.05595,0.02045,0.01129,0.01651
778,0.32727,0.01255,0.01530,0.01781,0.01764,0.18335,0.00622,0.01449,0.01505,0.00388,0.02178,0.00857,0.00293,0.01044,0.00443,0.25810,0.00314,0.02552,0.02002,0.01138,0.02012
779,0.01176,0.04287,0.00522,0.03497,0.05411,0.01459,0.02396,0.04124,0.04026,0.00961,0.02258,0.43530,0.00759,0.02304,0.00934,0.08331,0.00862,0.01807,0.04335,0.03980,0.03041
780,0.63163,0.01359,0.04998,0.01892,0.01428,0.03074,0.00909,0.01238,0.01658,0.00416,0.01800,0.01056,0.00247,0.01415,0.00426,0.07505,0.01500,0.01015,0.01718,0.01306,0.01879
781,0.00892,0.00947,0.03046,0.03835,0.01786,0.00772,0.00941,0.32855,0.01097,0.06495,0.01933,0.00993,0.00243,0.01399,0.00411,0.00743,0.09326,0.28835,0.01141,0.01180,0.01128
782,0.07896,0.12479,0.00688,0.02433,0.00620,0.00989,0.00398,0.05051,0.01889,0.05575,0.14474,0.13587,0.00075,0.15819,0.01062,0.06307,0.06292,0.02632,0.00752,0.00264,0.00719
783,0.09661,0.02601,0.01350,0.01633,0.05364,0.01873,0.00881,0.02057,0.01734,0.00915,0.03228,0.01550,0.02596,0.01059,0.00425,0.37158,0.12514,0.01069,0.05118,0.01457,0.05758
784,0.32689,0.03027,0.02587,0.01027,0.03085,0.03275,0.00629,0.01241,0.01816,0.00324,0.01384,0.00985,0.00369,0.01013,0.00370,0.21432,0.10265,0.10752,0.01022,0.01249,0.01458
785,0.01646,0.19177,0.00782,0.00261,0.05060,0.00163,0.01350,0.08664,0.00419,0.00530,0.01740,0.01014,0.00293,0.00500,0.00172,0.00341,0.24304,0.31895,0.00317,0.00939,0.00433
786,0.00076,0.00137,0.00156,0.00167,0.00195,0.00059,0.00096,0.00193,0.00209,0.00048,0.00260,0.00170,0.97294,0.00141,0.00042,0.00046,0.00085,0.00149,0.00146,0.00160,0.00172
787,0.06837,0.05828,0.01238,0.03078,0.04483,0.03317,0.07029,0.05846,0.04336,0.06513,0.06918,0.03823,0.00344,0.06349,0.05049,0.07294,0.07865,0.06029,0.02263,0.05247,0.00316
788,0.03516,0.02842,0.05399,0.02398,0.01832,0.37646,0.03423,0.00445,0.06177,0.02290,0.01300,0.04753,0.00802,0.06238,0.02852,0.05652,0.05724,0.00592,0.03929,0.01179,0.01008
789,0.01686,0.00446,0.10946,0.05399,0.11162,0.05606,0.05987,0.03223,0.05143,0.00421,0.03068,0.06536,0.00845,0.02568,0.04892,0.00836,0.01139,0.03408,0.15535,0.10486,0.00667
