site,A,C,D,E,F,G,H,I,K,L,M,N,P,Q,R,S,T,V,W,Y,*
677,0.23872495342241662,0.009499799264081845,0.004174855349963861,0.004423300425345533,0.006001607055500006,0.43187495767269657,0.005894027472014459,0.005326512949714628,0.008597986733975866,0.001719516460270236,0.004959674097835174,0.0053964665723297035,0.0028640597156622256,0.00987068134779667,0.004092105620441033,0.22332532821478537,0.015061222555590495,0.002353270038602724,0.0038850658275853714,0.005933340889915997,0.0060212683134755925
678,0.04787256872591245,0.06876413074211768,0.10080758769808346,0.07174760739350193,0.040228346578725004,0.10985564367470271,0.05685605093589149,0.013052498228956513,0.01633345003108073,0.014637212959894416,0.04270283921237487,0.13588090885409335,0.0007592091772432455,0.032915533960340776,0.011829409900428056,0.07001063652111066,0.07217599238119465,0.03451001396333857,0.018972251706036183,0.03887509838285775,0.0012130089721156287
679,0.5157239846936414,0.00885453962987405,0.011947170959377425,0.009814503710151978,0.016716658055245907,0.002795817633481093,0.016795731675250655,0.02023011249941793,0.015497130639647824,0.004918654651500652,0.014436700430708552,0.018238790186114056,0.007371908042418585,0.015739240996581,0.004042345488090265,0.2649288957267834,0.0044194083286926865,0.00837371396343863,0.009761809472703631,0.015509824589534458,0.013883058627345755
680,0.005442566055558661,0.009166496848853576,0.011987656371107151,0.012393972902062797,0.020716458311795687,0.003618750599130066,0.014837008028755242,0.28957224903954065,0.015262080268450051,0.46746594908996,0.012074092991502826,0.011379128086163372,0.01532651905074968,0.011937596185238606,0.0035235894558224724,0.003096058466661166,0.006756902821873296,0.052937247835241924,0.00985181967709692,0.011041690299261565,0.011612167615174243
681,0.04883964577230713,0.03726987764501325,0.002994644607182866,0.0024422369265166993,0.0300001139121644,0.013829614168065153,0.08441631265849052,0.027897854402525592,0.09284294016841318,0.011670020755244658,0.01999139271745011,0.05733873203478537,0.0014526190295496692,0.08581554725615509,0.13836418270375284,0.05868613258343271,0.09840753865106087,0.0514542873050343,0.04787618016158727,0.08673051289164274,0.0016796136496256078
682,0.00470938695255252,0.0059416922546762264,0.00677856226411728,0.010637248977602485,0.7529145869232953,0.003350764288005417,0.01337771844607037,0.014550106324212672,0.012596443701805508,0.041714283971414655,0.01237827888395377,0.009906755614282867,0.007409963970110607,0.015254649248148634,0.0032379536398965056,0.023234953164277813,0.004969356337717241,0.002947235237301454,0.028582227118515317,0.01621991608529793,0.009287916596745478
683,0.004264712057788739,0.006863905729227454,0.010972916445103837,0.007203312687523318,0.045255383099054886,0.0027680882392271304,0.01474036493368979,0.16985583506648183,0.009889729563719805,0.5438958611327619,0.07515714361921234,0.014214067538575617,0.007635597365369562,0.009424875671567173,0.0027509292541717254,0.03624735346460953,0.006597329459223169,0.00883930073372114,0.0054968165630430756,0.009601813521150538,0.008324663854777531
684,0.006107670227652966,0.013221334131452,0.1279727523514006,0.011153000319242259,0.018127163950169396,0.00422405666695275,0.026826702491450395,0.02288447186479371,0.015085198117728786,0.004388948480557319,0.011406662878511928,0.6216388208552127,0.007361633264686492,0.012918506272138482,0.004672713085739685,0.030987263200971574,0.014592078203021061,0.004553968476206086,0.008820883581301715,0.022075048320296567,0.010981123260513412
685,0.005324144133682334,0.010449390325859986,0.6885175776645401,0.017828184354521482,0.011991518268910935,0.014983780984906579,0.01477236397213693,0.014147971221526041,0.013724697036732217,0.004322010290215544,0.009630770400063009,0.036576309285308084,0.007652315072037175,0.013667101183363506,0.003978895036660609,0.004342656250147591,0.006532197879692636,0.006482674020915377,0.009226061701512918,0.09523647984016735,0.010612901077099399
686,0.008592659289438634,0.014140568290875729,0.01841006552659496,0.012377817889319012,0.01646046702690075,0.004013018800047844,0.022476354092176725,0.05564069162632807,0.016173416373387137,0.010165910184693967,0.6669520334141522,0.018794670611901303,0.010269073446121258,0.014072407035750559,0.01081091572224528,0.005587036736507011,0.008298974937026044,0.04514283813723088,0.008775423374867614,0.01963674776064631,0.013208909723788628
687,0.06205550608429005,0.013102201368733586,0.013102279939270364,0.01732302944808052,0.01761181963971493,0.6538113337431898,0.019195759297912177,0.01973042946920127,0.01598535771558359,0.004522600428603335,0.01728584085182148,0.02337968118043044,0.007270233899617108,0.015277536052985272,0.0071692095446030685,0.022864645603166943,0.008393006133434145,0.01857098658844812,0.008786903917857468,0.016814923023129154,0.01774671606992715
688,0.006888597750830579,0.013243883387316429,0.015026921390283625,0.012378714064318123,0.02030224849905526,0.003964094418460901,0.0180833331825556,0.059788544252355386,0.6702687992861441,0.004554700216127589,0.014809140426043239,0.03469783581901677,0.009293302847091955,0.025031397108846287,0.019709545734264738,0.006218899300618966,0.010257914221585222,0.0058857257591953885,0.008950664814673166,0.020196610521470554,0.020449126999746072
689,0.015338288146140562,0.019136517362529415,0.0024062963836631204,0.0020528205667480056,0.0027054204183540706,0.0005773712638982117,0.0042116642959356574,0.04373029791226505,0.0030000596223247675,0.02622128853776177,0.0026849736231404644,0.0038315725091474686,0.0016368017480065187,0.003407969710696889,0.0007497701011526694,0.01746393121995598,0.6890728462718516,0.15441618559585296,0.0020016815958612106,0.002928240087896828,0.0024260030268167063
690,0.007748704923987531,0.015636217452583773,0.017837049416676003,0.01568262800506129,0.018185262810271326,0.023911098652602,0.029278074858375653,0.022939400580538033,0.00751562064507998,0.005561674430814555,0.05875394777596538,0.02557223884853774,0.010798449628119676,0.02289295762401254,0.6345019625640976,0.016119770411151937,0.014251215045193265,0.005709463070898402,0.011163587146662305,0.021512364722591413,0.014428311386779592
691,0.006121434820294072,0.014294660855558342,0.01570615368549272,0.06516884897635254,0.01520237808963762,0.003433945578284419,0.016316381516970548,0.022717476385365084,0.5780099806886994,0.0044474074060020154,0.011067439893694813,0.0278959232227227,0.006878106918584421,0.02209780041762426,0.12468840507228239,0.0052566247482389505,0.008721360483715362,0.004542852354154034,0.007025115946667041,0.01691182294115664,0.023495879998502715
692,0.04336728205647814,0.006581392963995915,0.30504622219633903,0.09002898093070483,0.03363054308913736,0.15747521754132557,0.05848674072961108,0.007356793872702357,0.007849078328273163,0.0039082360874700215,0.008279885366749238,0.10552362081609591,0.0043474502191143995,0.015351478419294962,0.0017239357136813126,0.023837483903754134,0.010016721826324453,0.0019290841120560896,0.04574985004484365,0.06345977213638793,0.006050229645660372
693,0.024691566293425764,0.1423141783578172,0.002481960409386594,0.005772513728515532,0.004276692285401213,0.0006581866562394534,0.07969747148557314,0.12884851290104796,0.013259380204892889,0.11577138543389578,0.04065814523754163,0.011765747171456767,0.0020468821395832107,0.05664859356147519,0.010791686613322096,0.024455849579363354,0.08318456499827907,0.24495162964410047,0.002186018320354932,0.0028621751785804957,0.0026768597997472504
694,0.09139368074091953,0.039898976568905446,0.07120967804969486,0.0746781811192652,0.008342572484443488,0.23237057911582365,0.02832332977240743,0.007082554087854489,0.006142070820254305,0.05762309286575632,0.08609036296719436,0.035607868235672385,0.05914855498172325,0.15992262441351335,0.0009863094256906601,0.009860728590208355,0.004839650391262291,0.0038723101645123364,0.004021937494187469,0.008289082513110125,0.010295855197600696
695,0.006084183321341198,0.019447322931868707,0.01541863655021315,0.6291100480072008,0.034175491674914044,0.01664667701926342,0.029949135955037707,0.03285677356180744,0.008711029608404844,0.004730391033204117,0.014586713500054884,0.03200097574917158,0.009476485085916402,0.014801662515936823,0.005075839472007218,0.006737281238059451,0.00934879665798866,0.00889610464082844,0.010038715136514558,0.028414676727656716,0.06349305961260979
696,0.0063518611096461996,0.039060820093326516,0.015522690942532662,0.009976891968146294,0.015952594970573705,0.003986004361661767,0.0259630667005025,0.022673729279269576,0.018489223669477795,0.016668799439868282,0.01439322875857558,0.02947786849052457,0.010138671659427261,0.016841578243830965,0.04614359649967876,0.0065359135193090254,0.010482321669962913,0.005328841711732356,0.6127414484311458,0.01717899201046473,0.05609185647034286
697,0.12194304546570006,0.06890112158379634,0.03527366129812137,0.03658179132544871,0.0384795778340869,0.070734204528507,0.09252498914992008,0.006010443474857569,0.04974324236670047,0.032542694111571485,0.05031695156415026,0.06185554569302481,0.0012754849750929763,0.07403527964926593,0.024056346650342997,0.11212793491581678,0.04347228627460941,0.014227504669735217,0.013319241863375353,0.051020574890527574,0.00155807771534866
698,0.176777612149191,0.023182298622438743,0.048235572880386886,0.16923861847258015,0.006120141004918534,0.02092716435357597,0.03376590468252739,0.007021006337947313,0.012611164984031937,0.002404216477079266,0.01254927766440467,0.01824211690583136,0.30011427364546883,0.06478360297618538,0.003414196995136237,0.0751027957206009,0.006345103221713801,0.003131873358607604,0.0038670769459123932,0.004985427390587138,0.007180555210874561
699,0.016874226777084597,0.014678744524217956,0.015580573156686477,0.0077738383840359766,0.019499680639673785,0.004953753723090268,0.024741814691370226,0.03334276556257428,0.0148119300511377,0.01020717644652247,0.014888833148658964,0.026213677659278487,0.044754283478804405,0.018423987731868638,0.004212271660098898,0.6329883094237849,0.025022144852229332,0.005506006202871678,0.010102833447313202,0.017579595664868334,0.03784355277382959
700,0.04746605056714516,0.05787104389474804,0.002547271411065531,0.003996342443321834,0.042722368099201956,0.011127256680024957,0.05496988206658094,0.07317636398964839,0.04502843058108143,0.06720866516600116,0.07885797974223335,0.07744193535122432,0.07285378146167833,0.09060796281897596,0.020123083288923576,0.025611489624671815,0.08205763615438871,0.09585951147674521,0.014649716895341551,0.032294137340927814,0.003529090946069966
701,0.02806775883998968,0.016015906497630385,0.02074015724500891,0.005768123965330999,0.018279681617203197,0.6281188751320438,0.019754787439343356,0.02045453060482449,0.016695030901936803,0.005715671606899362,0.014271746583375596,0.018120065062525042,0.012706955412656018,0.018779229931578868,0.006438749844365831,0.012647444103983423,0.009691151967786518,0.020934524602054957,0.01197308254523428,0.019656532221501582,0.07516999387472681
702,0.0026485703670708917,0.029232804990157815,0.004070304754556949,0.0035228756016578056,0.15757830233899517,0.002514401125205404,0.09668805365329214,0.08831223778761586,0.0050006117950427515,0.04516752258610808,0.05151976251974143,0.004823077875085189,0.0020581435522795347,0.006883679646495066,0.004212265495018346,0.0027804847608513374,0.009061219474580913,0.04515830895819117,0.16013692894051498,0.27108741359628885,0.007543030181250273
703,0.05503029273140158,0.0479610938791059,0.1017380283076402,0.08531582277201218,0.03639368959166242,0.03222303238459843,0.08885424700030936,0.05043676580706789,0.0031902412120409064,0.05150362021868951,0.049556714090508616,0.05537186314545763,0.012480794094418081,0.07684236122316512,0.020093113178998277,0.04945852873388619,0.04960538080296121,0.04775000207251111,0.017984744778962378,0.06705338877022182,0.001156275204381261
704,0.017411701155128266,0.05072696981626434,0.1157863176636342,0.022924091636581746,0.01590828577094475,0.004155759842978068,0.04831129129952828,0.010911955775149279,0.007158226689432433,0.0036940125262240895,0.004556309218240486,0.31508406692712,0.004232924847802566,0.04010101801554408,0.007002391098266185,0.25835522025799595,0.037776842705821566,0.004063139470901273,0.012594169632236123,0.014845610345219772,0.004399695304986472
705,0.006212852188559661,0.031562951281741185,0.01523732960319,0.008314372145270055,0.014370632743885645,0.0036692656085043174,0.02652759432559911,0.017280605444553766,0.014008279335901066,0.019071990057979073,0.010540265568156034,0.025261732788190404,0.01073572363947057,0.013967058569423279,0.015465178262420581,0.004521171621708685,0.009867715561532443,0.004472507727980023,0.7133541933776318,0.016692938115635894,0.018865642032666448
706,0.0099330432115774,0.022647213606907003,0.05996889439106982,0.544244381719389,0.022817255465954672,0.025637697154612137,0.034112239998276395,0.025554055045323095,0.013381047884555778,0.007137761394586255,0.016717485625422808,0.026202721176552556,0.011278285746662526,0.037602549213115816,0.005436619359815823,0.00816457880510199,0.01880020249470188,0.006351679364901447,0.01756602418055429,0.03719831762380224,0.049247946537117115
707,0.01833111337193734,0.01993590492049977,0.2460869539885782,0.35017467902981514,0.020468327572485557,0.04219262324449875,0.03331118084787279,0.018637636380240307,0.020571660041871314,0.005234156996397978,0.0180145296328318,0.04752168921224007,0.007187218433320282,0.0367766605742543,0.004643028413346434,0.01654584633129795,0.012367212155543393,0.008442260037267908,0.012500471625135514,0.02009602659670278,0.040960820593862364
708,0.05568949909482863,0.012197066079617134,0.025611295988441703,0.014957537820685164,0.026582725648315993,0.003525287396807237,0.024746956183559553,0.06887484781661135,0.023844867773421985,0.009162904726329076,0.02169981929578394,0.01701301869101581,0.009846881958961998,0.03256814414316703,0.00689113552091755,0.005357753057549663,0.022398237024014882,0.5728833015905068,0.013165431825160626,0.01517724799173654,0.017806040372567243
709,0.015795175807553394,0.017957207763052898,0.018670815132472682,0.04989143071505843,0.031003034728695603,0.005420741814259534,0.027654079049143472,0.028216707001154757,0.010221393111522929,0.015687904839616004,0.05016113909768705,0.03322838519183771,0.5166212904250549,0.03771426046160217,0.0027727897586676286,0.021780091187377823,0.030751982380870773,0.021602617569055314,0.008151348744483337,0.047222395166501445,0.009475210054332286
710,0.006010845405178792,0.025607716507170634,0.01328961499777177,0.010227638460329487,0.5907480967079123,0.0030335958892205427,0.025307053020240125,0.03582597228699226,0.018520253748070162,0.04497183024967337,0.01857462425120103,0.023980277490479696,0.010724944464785509,0.018119779355153708,0.004997946094631667,0.06499872977259304,0.009401357997668027,0.01055454094373871,0.022556535123823357,0.027708229884102032,0.014840417349263736
711,0.007466828246713259,0.5820421896701897,0.03285236488600258,0.013611049924413043,0.02749600816640716,0.004417067014621975,0.03013211368942957,0.04454796585034392,0.022258857553673152,0.00720735521831684,0.021267636965345674,0.05059214580670906,0.009433845307105242,0.027843441379305847,0.026886184019030687,0.013732709110082758,0.014730007278659946,0.007846853226582755,0.007996298113547306,0.02128327523688822,0.026355803336631213
712,0.007312051777729322,0.019247530645299857,0.01751432022144969,0.011763095809779335,0.03659409658234593,0.006296813934249116,0.01779127910873766,0.028620420396016238,0.023443043710175134,0.007870562367283044,0.025297035546490612,0.023067671860662952,0.022879098437507843,0.01922996669648308,0.005304859839527686,0.5751221275674279,0.01583935599175279,0.007529556395897934,0.015894955053511926,0.0954754390525291,0.017906719005142804
713,0.005873412689334373,0.01625683668359018,0.01472334036218581,0.010821287972742245,0.0265879458281797,0.003102601535061011,0.49961089913616924,0.030427946487889063,0.012053287323699032,0.007347514353304859,0.016829521857982373,0.21495167748165817,0.008575539394975362,0.022637429519992612,0.01594681950534742,0.005725392727563983,0.010278736284011455,0.006499011706698672,0.009187733448380498,0.048149498232516436,0.014413567468717525
714,0.010907562243732896,0.02244503863714542,0.021116152372878085,0.01840656573646599,0.03829394884561484,0.007319280260764002,0.5101592943538815,0.03302296117020275,0.022224406615181522,0.007504151368850022,0.023273491299546954,0.08336253137586991,0.007394863540830931,0.019183961704698077,0.018860806541574206,0.013136194877991314,0.01538398474590317,0.010953757926028228,0.025346782117066008,0.06030484659081614,0.03139941767495803
715,0.00482590359184528,0.01929435687919321,0.015397741237553152,0.01149380670768574,0.42316012104140927,0.002858621868140904,0.021791319289081883,0.015324479514810042,0.019200760537585862,0.03793583251551253,0.01631202533241279,0.020609445008772445,0.006428370497480305,0.017495256048155213,0.003757070543229442,0.02866117155686533,0.009423061993205103,0.00456353620163392,0.1625537421176298,0.14270268467772196,0.016210692840075865
716,0.06606890875583536,0.037317779016704175,0.031927889019702685,0.02214626998938775,0.009223666738795783,0.014997650115565428,0.2819582831834542,0.017961345652849986,0.010955162483501,0.0043310744117456825,0.015072494440282655,0.2938549440911367,0.004275565560835138,0.0652549146993956,0.0033849176771546478,0.044781491405209754,0.02788067697638069,0.018693714187897476,0.007939735469852107,0.011496576682766848,0.010476939441546353
717,0.00961133898210399,0.015375249242042859,0.007008623159135613,0.031187739606593767,0.009686335090715344,0.0013691477289765094,0.02379733780443805,0.015587377973137976,0.3417387933714304,0.08131365026018743,0.08550365410948707,0.012891157745196672,0.003915146380793388,0.09937028212847344,0.16503126963767017,0.014341067143880643,0.043593568533866485,0.011861607390020354,0.005167413907321388,0.016074189397103554,0.005575050407424813
718,0.01923170783362162,0.10503527102019314,0.008544026576334188,0.005057382860986815,0.011570307765833024,0.0017111839374838464,0.005946890813076764,0.20217320472012318,0.005837264485287343,0.28344677608613583,0.09090578371379279,0.008565614605847474,0.01875043645878284,0.004886112735732638,0.005181248389484218,0.0024664956595540264,0.004738635194023639,0.1962088029374437,0.0049199045604184834,0.008703721261015557,0.00611922838482898
719,0.006072175625383024,0.017681775546676853,0.012603177806102754,0.010629483388600794,0.21604545847851683,0.003276332118351736,0.08879062980833984,0.02161264298184064,0.014901419823196597,0.0050785786905532294,0.014931979477455927,0.02223627996605092,0.007175033609015106,0.011933192074749426,0.0038694463134157967,0.005179633472795721,0.00788076469931778,0.008133828571261856,0.17172506110587504,0.33995170639122674,0.010291400051273446
720,0.006373812990713216,0.015564463862208321,0.01458119847832646,0.015172912415166499,0.08758923775448876,0.005632577367604801,0.01445791435040687,0.08808283436508042,0.028494282743483663,0.3251111551858193,0.25748667848573764,0.01847760000914605,0.019905763664045742,0.0155936661820038,0.008535408748042352,0.004741293366790312,0.007520837459902307,0.007489970832237279,0.015930690628140867,0.022913417890687102,0.020344283219968284
721,0.009099802371506514,0.020905779605908725,0.029009866972683818,0.07102002193937529,0.032232219431152204,0.012578214679325971,0.057760661200405586,0.04294550411894735,0.3999080886527777,0.008259645882363716,0.01866638997633262,0.05393913442066097,0.010462543939348468,0.024447638424652928,0.08720965312924488,0.028766822016159807,0.022841770069778465,0.009128749036311737,0.019371884271136532,0.02615652676037694,0.015289083101549686
722,0.013553052296268084,0.027337140064244217,0.46825518584903203,0.01925047361474481,0.02713735425036321,0.062151185175424,0.025784363869567263,0.028371898585248363,0.026278576762172656,0.009771403281975989,0.038022188677797816,0.014550728855737084,0.010661860687460844,0.028308846432583117,0.00680057368102493,0.007973237625575856,0.013779999035460679,0.010020882590287904,0.018355354462305754,0.12117825023801568,0.022457443964709646
723,0.010728286995619979,0.01401779626925241,0.014309859013240632,0.04792603349075119,0.0189730656453624,0.5548599905815277,0.05052903862228204,0.016893734777732886,0.027638379314184284,0.00958210067178621,0.026454074911097122,0.014582723407458661,0.013395713878268548,0.03420557018914187,0.00418411856903617,0.009920375354559217,0.01088415991383401,0.014278386608171807,0.0668406676851922,0.015274369366683515,0.024521554734817128
724,0.006571448864970184,0.015423846649488824,0.01771741751733621,0.013497307620624833,0.027449531944965085,0.043380844180779754,0.012856136707362156,0.103595715894571,0.012825472471080438,0.005929888745833066,0.016351463384605868,0.017922382071229103,0.005491123055414455,0.018316368223303806,0.5745803582579613,0.008513945153960874,0.008502775686220942,0.007754466502841175,0.01331921946744748,0.01937865830752063,0.05062162929248279
725,0.07090604216552718,0.06771586357756539,0.02640096511080874,0.05146738700020184,0.06994092505110433,0.058753759223845056,0.07070156542767836,0.005480891549883879,0.01938811967769723,0.0020957302033844834,0.03439306362045184,0.06407315421191331,0.030093141171694635,0.026876440166766397,0.019197615320010106,0.12576935720724525,0.04877220736329746,0.014668629089869576,0.10835144414519733,0.07998255296909544,0.004971145746762137
726,0.0035723345830449785,0.010371651348720428,0.010201128278364148,0.008827061018944784,0.007488002877837938,0.0034542308708382097,0.007678571560947177,0.25201379259384804,0.016797561667421204,0.2871630250974959,0.15550361543833188,0.013714118022684426,0.00273184689690136,0.00800038783144151,0.0030380381213447566,0.0039019319272138903,0.019155443151876155,0.16189417975539266,0.009115190065250488,0.008324946225640971,0.0070529426664589735
727,0.03692238308732936,0.09315538211816196,0.011718047906512758,0.014347683291411253,0.018815215145856837,0.005042688785636776,0.015395127467622137,0.14505857329871694,0.015418777293161018,0.005486295331602459,0.022501628918567225,0.021216793602115824,0.004510816900527358,0.010648005936687126,0.004242018017498006,0.004686424199306363,0.09704961814538786,0.4303991662404709,0.010173518559718426,0.01584601267337404,0.017365823080335442
728,0.1414973625589671,0.04024910795696939,0.01687266663028698,0.016045925288340968,0.024940841725116097,0.0036438750695628862,0.012793504452747266,0.05844755227674092,0.024425526562603633,0.005528983213860922,0.0304879271539953,0.015132046044923513,0.004927304626741843,0.025657122004019598,0.009392831975181846,0.005929366057811208,0.008552902440978179,0.4802150619177432,0.026886789135807568,0.016842489899756088,0.031530813007845375
729,0.025669528629244636,0.022903115524699272,0.02625221433943047,0.018275839870254794,0.03410278759359123,0.00889106406752644,0.04090574935160697,0.022987586498104083,0.020038197540136634,0.015936932414521893,0.02012136237211463,0.02371951054915499,0.5781066606959638,0.014281670681695493,0.005361005311676147,0.01411273627291099,0.032493324870020865,0.009545863121898958,0.023137633165274826,0.02359480396486613,0.019562413165306783
730,0.007827354951904744,0.5653244651442509,0.023870077604366553,0.024520812242256204,0.04101882780616716,0.005686195208609637,0.01822044865365864,0.022371520411163123,0.02755370079560424,0.008274152017339534,0.024156751229733014,0.021709797939154816,0.009002710181919638,0.02579978165980272,0.046818605812027216,0.011600145391165405,0.013640111560491726,0.008569132047769566,0.018313447127370278,0.0457231211443529,0.029998841070892006
731,0.006559370704381284,0.012793482143315169,0.06067529933563576,0.016565951142939378,0.023684161671155876,0.004891842325311157,0.012588933538708059,0.024310600849916614,0.033443031752757674,0.00632700837159395,0.01801541668304591,0.05939196987247038,0.01623804716308724,0.020045418447305202,0.5689515411983659,0.02394116499873612,0.010943946863601348,0.006496142930984465,0.01205828361604995,0.041793608762654116,0.02028477762798433
732,0.07692761054690725,0.029899872614031153,0.09350556170865498,0.09721851246305135,0.03024458648186347,0.08341973246287233,0.08072850697509708,0.0062841289556503435,0.029242005395424778,0.03270549591760471,0.040801987501003605,0.05431075055713416,0.053241390447830966,0.15792373343287663,0.006907342714268091,0.04081238266340988,0.020961689753926382,0.013360392805458896,0.009228393555722723,0.035560532419139944,0.0067153906280712945
733,0.015739182396609912,0.027580326246495535,0.017524353766113283,0.1050116615579667,0.01986214597748705,0.00837443589360472,0.015518167396561002,0.01964319350148809,0.08846179152033191,0.008440571170350755,0.014489533229057617,0.020019370094182816,0.00842967083132845,0.41016648809987255,0.03369385582730755,0.09701428202725443,0.017133081530542313,0.008307452989260937,0.015990239118225877,0.01850342419150329,0.030096772634455246
734,0.011635320614336272,0.01328009832458732,0.5447383539341433,0.14730432682287808,0.009858437946102715,0.06275212725901963,0.022585768522698273,0.011234869606324995,0.014148697709361982,0.0033693497890658294,0.01137328262458053,0.029297439495469424,0.004043324260452875,0.01017862922902934,0.003777792249147399,0.004635231429784074,0.005276974397659914,0.004366500663950805,0.011197550440569292,0.06381331984719946,0.011132604833638633
735,0.01051818761131739,0.015660991439491165,0.016169661735567133,0.586158016759419,0.015425859624405144,0.014440242545260702,0.012322113801446415,0.014015278749056463,0.036841142138529986,0.006328998808674945,0.020915377579421704,0.014244834353063023,0.006300795628011371,0.030040774331915487,0.006696868038684069,0.005233970181448719,0.009575859237884827,0.006116484584944156,0.01888285835344305,0.016005737868900527,0.13810594662911463
736,0.0975408780022442,0.252612539387199,0.009955494055530846,0.008052332947023033,0.011697272667015668,0.0025345987075856163,0.0068544571055399565,0.017850703684400046,0.007283308277403828,0.2624258081980997,0.06898477080655431,0.013740031807646061,0.024884782893512505,0.024944004270060525,0.0049549190286894505,0.002897520835409768,0.020737956226239307,0.1378784817941933,0.006100763559203863,0.008588090501042867,0.009481285245406113
737,0.010687597008671392,0.023158297878092277,0.02624890499577409,0.034617338549373745,0.04703741162511638,0.007426184637882295,0.03374918326378263,0.4218748806609292,0.021615240273368037,0.053931882563887285,0.031274192142421955,0.02770097201502202,0.010716725625802741,0.024627776311985993,0.006834965990288815,0.012277781789108842,0.03730807082049735,0.08884105864512465,0.022566101440701144,0.02855372115255815,0.028951712609610984
738,0.008520524877620861,0.06635996113805394,0.01822461100403335,0.021519348490299746,0.029067622153866584,0.5853444088339559,0.02389642521114956,0.024295513227269763,0.022593334881054288,0.008900331916912058,0.028533539807345062,0.02333113293346886,0.010565905099160049,0.026075083137950355,0.006382650203074941,0.0053594971028524205,0.011830126265647027,0.007641653247758836,0.01655945277187437,0.026650652407609176,0.02834822528904289
739,0.016705204869000352,0.024238149239008647,0.04510236189591437,0.033440758369013314,0.045823928681295534,0.01444543037034813,0.02155943482759598,0.0392500676327644,0.02999222206894154,0.04867765941304466,0.032849559569040454,0.04567147129160045,0.005493492556696257,0.019290361198282664,0.46038653610579594,0.009398096610510233,0.011586843625839349,0.01776934694991014,0.019271492188463597,0.04324761223157406,0.015799970305359942
740,0.5140455175043122,0.0478727922959222,0.042352308002878876,0.01093679920831676,0.02207503326577563,0.03969552809973288,0.017433658902541473,0.02800314639020143,0.025897438688618764,0.007568663689009157,0.020334517874063016,0.018321137230055795,0.004726935037099495,0.018966362992746868,0.00471441905555906,0.10335166632649674,0.004802313317194084,0.019472224130854567,0.012682210202969587,0.016124791333508318,0.020622536452142976
741,0.006607253312644933,0.02179294382590434,0.02011227493879296,0.016610924203730417,0.02868827710297661,0.004947557046180973,0.03762441040795738,0.027779633820520108,0.024228913041450268,0.00859938015097219,0.021824623050486134,0.0194934646544034,0.00539715048818991,0.019216106820673855,0.622911093213191,0.04077810327028145,0.009278567964707524,0.007697206514961766,0.01525757169770792,0.022656663831131168,0.018497880643135498
742,0.011305995615502908,0.35999020747998045,0.008873674063582321,0.01090626449001486,0.01249146211103199,0.004985297197193885,0.006821544810123199,0.040461703533157874,0.011420623512654776,0.004420495197429941,0.015706569845715005,0.009902641401039016,0.004003863478990864,0.009668391528907186,0.0027872622878597807,0.0028043606878760514,0.010984451901479016,0.4432541731315809,0.009067924431229163,0.008005549893335661,0.012137543401315195
743,0.07168596707401237,0.04955771459228875,0.012394945546514958,0.013391904836508348,0.015077975030273087,0.008862238384258168,0.054207604997297903,0.013369108793972772,0.014007923604496557,0.017517908896946273,0.056509218262626476,0.0276901400258823,0.028267638445378235,0.03833410718393181,0.004622033425388166,0.43313407294956946,0.038762729247161634,0.004478718545292849,0.011487237171738128,0.032065106327420496,0.054575706659041295
744,0.011266759715127524,0.027372457774394662,0.025774823076884158,0.026968183908246627,0.020310210325725872,0.010992647203794802,0.012560049904876632,0.023523029189812777,0.02742137533927977,0.03184644879235441,0.02115432260076328,0.02659060750668076,0.5186134986769231,0.08228063969842411,0.008107945419371345,0.030242299246697763,0.014110984718148355,0.010865426211404865,0.022606104528282805,0.022667004158927057,0.024725182003879326
745,0.00995144821251893,0.02359353420966232,0.04676272108769276,0.04573782179017197,0.025889721706027394,0.4933577867492372,0.02715193381595192,0.022748670486824732,0.021864436296138972,0.005774013091334307,0.033533050058161776,0.02844011897266218,0.007839321839718938,0.023337878842872094,0.035408988166635486,0.0163525276433241,0.028565066715804905,0.015697844380337427,0.033806340627716557,0.03229445364229394,0.02189232166491197
746,0.07713920822037648,0.10384934976270302,0.0033667306947710576,0.00663892934180233,0.07013777554868655,0.025339145302811394,0.06703277003151958,0.033416623775770246,0.03501915197174126,0.03210866609322017,0.06129528926743813,0.09183146942613957,0.0031545324553950795,0.011903147248346038,0.09506749219613925,0.09800043697413832,0.0430157651196498,0.04864954506109462,0.01871924447634464,0.06825001992581164,0.00606470710610076
747,0.004435232797661604,0.008062822554221964,0.01022468072069182,0.010174754380998383,0.01184600367619435,0.41351841683571006,0.05388013774018695,0.024747887260737192,0.025881388474069258,0.026682285097919183,0.042197310169963136,0.18662893843008163,0.005932201411679681,0.06221670581149355,0.00925043113146417,0.010150170537770254,0.032069059793713085,0.020966756798025385,0.010103171330921151,0.009212246938380641,0.021819398108116488
748,0.005140767904181254,0.051471000395394303,0.011662464513412971,0.012949564720839477,0.08594640674551707,0.006866454282392388,0.05060303430065742,0.04192333630474134,0.01529854992337134,0.04743466328868257,0.02898391668955093,0.01393502774942789,0.0049855238224568825,0.010813534313940497,0.007367055556906072,0.00394007351917448,0.005789056088655,0.012906556940952635,0.4414275600311051,0.1067321389430018,0.033823313965638535
749,0.0989585465461295,0.05665108673927514,0.004839445081808002,0.015902229824868604,0.007736962243590879,0.058278406227927286,0.02322325960474414,0.030307233340846174,0.17803077994278238,0.03744097829624482,0.03515858232331262,0.05856350702116001,0.02968357601459701,0.09375668939676471,0.08811030319700638,0.08516924990574938,0.04883459669447896,0.023552930797028672,0.007519814226594149,0.011247160529995413,0.007034662045095761
750,0.04043850117334284,0.0778056482919377,0.00903935156996117,0.006739634502544647,0.013223709672994683,0.01388959250631774,0.05633474220760886,0.1314389676321237,0.03135038667488176,0.0782187506431064,0.07503143035547424,0.05893372034371459,0.002443025737176143,0.024550339102709994,0.012680528944400861,0.025912762271992525,0.1354089970183858,0.16871346443449178,0.01836575736614089,0.011869726803658403,0.007610962747035218
751,0.04974384114504857,0.044178070091162036,0.012480298012341724,0.017074956384664018,0.04274938729283384,0.024373323682842042,0.09145179045297747,0.030186343470203308,0.1084901836612066,0.055500815966096524,0.08910615433975472,0.029746620418344655,0.021483831308494142,0.025270001581542013,0.11146127423414523,0.04429875113447149,0.07969527778633154,0.06589698504114838,0.01090695465576046,0.03875140863562479,0.007153730705006485
752,0.07665756515061385,0.007136990247589917,0.1413256799156188,0.1724740018148022,0.009370118372311685,0.04410831343258223,0.046344694410888156,0.010475805864367041,0.009418249048516618,0.00440967191658112,0.025648015319363403,0.013329161414582381,0.03247183189342294,0.08608384188856114,0.0024616195472120642,0.07570613436915646,0.06287503681324963,0.015254584536964553,0.008142713714707648,0.14160945117466447,0.014696519154243665
753,0.03817437997810814,0.08516475943629176,0.018612692683870707,0.015925562838169417,0.0145187587211885,0.006133625987618342,0.010835555256701808,0.01679019951623982,0.016485673592872764,0.009389300116301338,0.04060938225661477,0.09998949040922527,0.13890511800040425,0.024430605546809703,0.004450667769291688,0.08864825141426906,0.2358577177256975,0.0876237151839741,0.014264546569718694,0.014260862867860526,0.018929134128771792
754,0.26437856258372533,0.1136831258785959,0.011774489662366253,0.019291240389578457,0.017786670305561674,0.16262393092259447,0.012447241638202301,0.016864789441746644,0.023566897588043027,0.0063218032298308045,0.016750586240432495,0.020834902481780878,0.004735377037751737,0.017303797389027483,0.005942142278182095,0.20452935078088522,0.009116463033051908,0.00831048469980583,0.018581738570533732,0.024428567679676563,0.020727838168627152
755,0.14499999340980393,0.17071860703904893,0.010427559770806283,0.006769329153978394,0.007203626549378922,0.25142032509954126,0.007117792345168173,0.007580279421890488,0.006991769934932236,0.0025361596427945746,0.02384796017693737,0.00832806284751588,0.011146682702751603,0.0068733480368736045,0.006956312845684206,0.16111310704505058,0.11243948763604578,0.03172876750546053,0.006778334058474049,0.004438432022791533,0.01058406275507177
756,0.036584804091133946,0.10630347438032894,0.01502445100636922,0.014667994743721527,0.00949267884795995,0.022813762807424073,0.046155788605272106,0.062274105982943695,0.016561157118353913,0.21982272287976562,0.13262612613845723,0.022680857376908985,0.020587422885157265,0.02043319245234755,0.004974878123166336,0.03701387857007993,0.013053494840525317,0.0657051629680925,0.012953355751958565,0.10603298919435457,0.014237701235678782
757,0.34077892104824276,0.01551941553003901,0.016901010659385377,0.03351814987233432,0.0153010175125398,0.22991115662825226,0.012152019833425919,0.01648210618254831,0.026677732529425693,0.005658594450452627,0.018582503920253617,0.01575877376928626,0.0034922358949213525,0.019961607991603056,0.004438266310654415,0.1487447110616761,0.015886704939696742,0.008459431205420233,0.013550193275116409,0.021952699339611245,0.01627274804511443
758,0.008527252268217664,0.020461676787153056,0.02172512146712299,0.05976800162313778,0.027398682341632577,0.008853322743055536,0.01566718294759393,0.03358683085069297,0.5910843221594517,0.006654755726707902,0.02021889010566398,0.012447133803991088,0.0066854463594048326,0.028810786481518233,0.05496538351862001,0.006522402067788534,0.012695710979247472,0.010735253095929312,0.01431268675626279,0.018610082815543088,0.020269075101264564
759,0.01602503843461321,0.017932640110511253,0.014235165879213585,0.019579720440349294,0.012237427073017277,0.008619818249448763,0.010976195835248913,0.014659044619077362,0.022882302400231678,0.02742074515295603,0.013752908285606841,0.07718622289880159,0.0353443033500543,0.015169313469272607,0.00481875237236494,0.43985108138588136,0.0687804537999121,0.008276946757239117,0.017460407622607,0.011283420804501974,0.14350809105909082
760,0.007591626489610751,0.06957523113885823,0.017375553754945518,0.021113994570068167,0.013145523627108852,0.007389841572982277,0.06320206679877091,0.011772898197192431,0.01867654961504575,0.00440559211072226,0.01604617147285221,0.0134828334039866,0.004749872071089398,0.014772259771680014,0.004903631521138012,0.007785199053274427,0.006338841244495352,0.008512449816858648,0.013790529110054205,0.6494744964800043,0.025894838179261758
761,0.4534189321442481,0.011563415166029892,0.009401289273994036,0.02943584042327274,0.010314455087249944,0.30293548501595424,0.010467123769691496,0.01556244897785978,0.009485611723841492,0.004160050978986158,0.00887232968156886,0.008544287206661895,0.0036818242747436608,0.012808246295590998,0.0039463786393729855,0.043935288733664285,0.021209372862463906,0.009339746976085245,0.01128161508807065,0.009753891409433356,0.009882366271216188
762,0.004133863200583054,0.05160072857899812,0.012371816933284477,0.01100170798954837,0.01163661798310696,0.00481343150744628,0.24896097972048897,0.009432689268033905,0.03888476792000731,0.0639696076652187,0.019086578973553796,0.0884333837825046,0.0034592150203586075,0.2983138033932929,0.07582320092337763,0.003339792943870203,0.010992880066351574,0.005807401692617049,0.011754714333744145,0.008005546924824827,0.018177271178788507
763,0.012283859348994043,0.04889199177827944,0.014910280795953558,0.022759250281417686,0.013566995769418111,0.0065028440674759535,0.15986620609401034,0.02665409098011314,0.013048488298557287,0.024567966904881347,0.3004031025816416,0.014404849362186029,0.006297327393708938,0.029537137317684536,0.00772998510142708,0.008030832323831545,0.03031755982850701,0.031728799584094323,0.009826806601715955,0.20856700614697143,0.010104619439130573
764,0.013083524062889169,0.013446209465098911,0.040083800695913746,0.024196630936022923,0.029323497300315866,0.02056479359497192,0.020830955526519604,0.027159630567792012,0.03163166243160287,0.029796798650727416,0.024814550392385903,0.03321815007797216,0.009459967432013877,0.02273155717530735,0.033111873147758486,0.00969593891692399,0.012940522067031932,0.009574623912541061,0.5123689880025245,0.030950876231347742,0.051015449412338605
765,0.024839936512052442,0.0200754652021169,0.008531261831238644,0.006699591986444915,0.01670003279922929,0.0032447006760586046,0.10918785279173779,0.015516182899959492,0.069161869560479,0.05529593374393625,0.1600879853605408,0.021856135000481437,0.0015986163750018232,0.28532199878927833,0.03108323340172387,0.05954075198237528,0.04370619494023126,0.014580015163803048,0.009518993992319048,0.021168534437111437,0.022284712553880273
766,0.0036083023336395035,0.04582612095103974,0.008789379758855083,0.01001046160310493,0.004589317841588226,0.003991231532854084,0.015870803172570582,0.11922658599399807,0.01406396151626824,0.3680968163955024,0.18088989577289627,0.008065494357872002,0.004901143915330693,0.009784425511190131,0.0047299431894630185,0.0026139569121305857,0.027945629175923734,0.14044187831200147,0.00754283322771667,0.008607179154998573,0.010404639371055983
767,0.0017291680636802094,0.007310205759574172,0.0043099294964269045,0.003881817823858582,0.2848989243736975,0.0015527165581210904,0.1341388897741576,0.04753053336027683,0.00460350367461095,0.08565339614965753,0.3534352590418692,0.016169580254577605,0.005186123002452675,0.0030087411332957673,0.0018909794908411738,0.0014777342571146593,0.0019468657003269012,0.0061446693915632455,0.003146556266354869,0.028605504771326912,0.0033789016562156098
