site,A,C,D,E,F,G,H,I,K,L,M,N,P,Q,R,S,T,V,W,Y,*
677,0.23726384272633408,0.01170538992446111,0.0040543799111585925,0.0044493462169767975,0.005764929998706995,0.43410629851753496,0.005651604579922766,0.005170960336771957,0.010370042034587789,0.001657090232567589,0.004992251155223479,0.005176415571345187,0.002747961187243834,0.0065626776503113216,0.004432872436240878,0.217647422448532,0.020057876138811197,0.002885555185482376,0.0037439691404805397,0.00569543345770709,0.005863681149599428
678,0.04974600690863538,0.056694034494688676,0.09802654932747805,0.06991765063296483,0.03817411965198703,0.11064580111520349,0.058306925794421434,0.010350948357871792,0.017101906864377035,0.015856444644424067,0.04685678442832623,0.13949464483412252,0.000711744506426778,0.03518307705589394,0.012988887626088264,0.07013998063285092,0.06952161485348886,0.03867116883922206,0.021882234471073406,0.038519231310918244,0.0012102436495370975
679,0.5055638023925936,0.00844671445780437,0.0112801943479469,0.009368177952123129,0.01602783658939391,0.0027721516831636706,0.016275032064384572,0.01960225824353946,0.014817626567110097,0.0046382589645675145,0.01383874831363714,0.017363981373775064,0.007383847050713894,0.015024687114114694,0.0038469865545408804,0.2803732202271508,0.004862284579915109,0.011063078922758514,0.00929325837860926,0.014828872441346818,0.01332898178081083
680,0.005678385960289911,0.009583430641402761,0.01264993595586863,0.012829632831717957,0.029513751697262655,0.0037961732264197314,0.018739315097143664,0.24063774907858912,0.016150744448689244,0.5023947382291362,0.012999056037373101,0.011872189766634627,0.017147476260819774,0.012512798489460178,0.003191871666586512,0.003234329475511806,0.007106627623688858,0.04600625084863753,0.010296946641377428,0.01151467667081365,0.012143919352576726
681,0.05227387810951637,0.03732989413935012,0.003396801044487516,0.0027581536087832414,0.024866407189317295,0.01619499520252561,0.0721083558328044,0.027346362444910417,0.09873192709300445,0.01095203979394045,0.015515490727850306,0.0582936819134085,0.0016536603754109726,0.08517779189535307,0.16029493237259954,0.05784015882789555,0.09950937414325343,0.0490072096630041,0.040012282893546115,0.08482892733852086,0.0019076753905177188
682,0.0044397377997564425,0.0058604016738182775,0.006383664484897377,0.00997713728206165,0.727136731862509,0.0031553421671803223,0.012498366373779808,0.017693133685176447,0.011861083014127138,0.04588685020186919,0.011809348470910122,0.009299695696902522,0.007286448822700822,0.014375412820402028,0.0030570819314383532,0.03399366712122896,0.004656191476824561,0.002779880759886079,0.038650894191604744,0.02049664565285628,0.008702284510069819
683,0.004275269582164628,0.006950220400595657,0.01117352079394869,0.007224552814684669,0.006823543807927779,0.002775065118001947,0.014532096392397198,0.16201840233166248,0.010042526280318426,0.5608324032448709,0.08989840403775358,0.014381976496712426,0.00760406217625395,0.009572714318140869,0.002761431515515747,0.04942674323449516,0.006660431312533858,0.009126788901464046,0.005900138489805507,0.009657480655796306,0.00836222809495609
684,0.005413523058033756,0.011748253427764794,0.18635405885607068,0.009863931104651986,0.016088389491769984,0.003769606570830812,0.030468576247842133,0.017378998117250022,0.015456593545031018,0.0038897392950305275,0.010141485815551481,0.5673469025900157,0.006535415949937676,0.011471975688247581,0.004147589085096252,0.03899174282405744,0.016362420849608508,0.00404543576510041,0.007858529747449206,0.02295704250893883,0.00970978946172107
685,0.005404848534679946,0.010580891027381944,0.7202760752035188,0.018683988026690756,0.012237967147092466,0.02132674019716478,0.015037191606486413,0.014601901245469964,0.013965508927088142,0.00442875075495231,0.009864174560388593,0.05113910586779339,0.007692540485025537,0.01408838337496864,0.004088433363298091,0.004383930407998121,0.006648548290431954,0.007687622759424813,0.009521388318051813,0.037396891010781676,0.010945118891311743
686,0.008524747547183,0.013425345817866903,0.01769154762312142,0.011763920560628976,0.015704048269303234,0.003842181664052447,0.02150522197493164,0.05399413848153537,0.015502792542395533,0.012264603756848643,0.6522494478590977,0.017725188310465392,0.009867748920242685,0.013546603727164286,0.013320713651395526,0.005347041515991323,0.008399747514795936,0.06580423462601105,0.008347928952931469,0.018607272705999416,0.01256552397803806
687,0.07396975225828487,0.012733890391558209,0.012833825677589221,0.022595327491190365,0.017077031618853062,0.6537609658043061,0.018891532638744536,0.019329546540033146,0.01561760778367625,0.0044153863065584074,0.017224471052669856,0.022870354110355432,0.0071215960673757265,0.015025451257315135,0.008397414949969624,0.02865788666296058,0.008207654167803774,0.005679219447195915,0.008657744537158387,0.016399210518976925,0.010534130717424447
688,0.00643671000446926,0.012319832147647647,0.013945448053945602,0.015651752500370097,0.018711125263284917,0.0036802159750935147,0.01686257832987943,0.07981591747320455,0.6393303807409992,0.004236567958797359,0.013830689099803839,0.04318920504144317,0.0086526432681627,0.02724575863342576,0.026540135599644268,0.005769822877248593,0.010433612921523422,0.0054789302291701905,0.008301464051693921,0.01887855844709452,0.020688651383097962
689,0.02129871979995725,0.020328742010752677,0.0026307885529116104,0.0021586357641031344,0.002718114435959123,0.0006085403508778319,0.004412264216626928,0.044313810643596775,0.0031613475927930405,0.024589638348106582,0.002829115638590574,0.004061562744487859,0.0017284570035704513,0.0035974130885726013,0.0007914576414149067,0.01464349606072238,0.6708936109648881,0.16748703375619045,0.0021100848197559943,0.0030824654512013887,0.00255470111492028
690,0.007904407717885668,0.016046347425784886,0.018229592617231356,0.016312542440061202,0.01875080008957173,0.03095696205340133,0.029598053474251863,0.023264284320602704,0.007692337862792353,0.005738049239608731,0.019155595061364196,0.02602564214712651,0.011077817368068383,0.023743873155542633,0.6679208869663711,0.005132524288181458,0.016427755445940054,0.0058896158857499785,0.013537124203971927,0.021816058621197038,0.014779729615295051
691,0.005548144351133109,0.012937480247681701,0.014319596868151723,0.09417762050577354,0.013794455823535938,0.0031175938188036886,0.014837123190170531,0.02460119688732264,0.5387443183622642,0.0040429238041900595,0.010042635025299803,0.03421291349563513,0.006233974349179825,0.02439093122372665,0.13262479703695693,0.00478141533822683,0.007917851529814597,0.004129636369882324,0.0063972269914594725,0.015418840166790073,0.027729324614001277
692,0.04829837611443894,0.006530074964028776,0.3376119990545039,0.07084826709203158,0.03395572995047482,0.1708373786385549,0.05691532458686289,0.007964832894327874,0.008359363100335134,0.0036720710518148396,0.00965634754445517,0.1153315830697153,0.004682276898548734,0.014778517121909798,0.0018600813232510546,0.024769226389719443,0.01064975933022158,0.0020728362909273905,0.04975997374077027,0.014908193151067372,0.006537787692040095
693,0.024782392231645467,0.1357484124375051,0.0025527866916550245,0.006356244807841409,0.004184640193509951,0.000678539458184573,0.07886635140518498,0.12404525770491537,0.017612262269565075,0.11556203949878291,0.04057940882820295,0.014693904000407617,0.002460692955040085,0.062499520354140255,0.010872655777537614,0.02805735384511691,0.08750296574716089,0.23495221825458712,0.002309318961447881,0.0029391814095695704,0.0027438531679992314
694,0.09305790191830528,0.04198434361500477,0.06216618143388092,0.074582257505399,0.00791644485732955,0.230015369547685,0.026765045033575033,0.0067121645227320205,0.003664700750693002,0.06273631898706472,0.09330318925988083,0.04132828272263505,0.05439701219761914,0.15703594859965428,0.0004771852157778559,0.00996042627109863,0.004661116888514691,0.003492221128961365,0.0034834761459573934,0.0079338036030051,0.014326609795226347
695,0.006238399740557722,0.020073417348453335,0.015447963140912497,0.6576460483833574,0.03497458768780429,0.02357291890652637,0.03069201733031438,0.03297715699280695,0.008979739565996457,0.004883754581995204,0.0149049604178476,0.032624338892837,0.00975483787033339,0.015448189258693639,0.005228140742143224,0.00688865861855624,0.009436809239912186,0.011130879579819132,0.010255524057819886,0.028835238839679297,0.020006418803633807
696,0.00636656322614313,0.020085774420250377,0.015546569154587265,0.00997702329118998,0.016145406320062474,0.004556704626624695,0.02633750749393729,0.022942318541409903,0.018576615194570326,0.008185386681931807,0.01439077542797895,0.02956749421514689,0.010163027456834802,0.016910107536311808,0.0679605353979687,0.006601520741011401,0.010509707385008582,0.005389072519212438,0.6333843041871182,0.01726504055933232,0.03913854562336863
697,0.11809001657830635,0.07517605705128805,0.0292995522325791,0.0339999308854665,0.03957798611285721,0.07075728810034332,0.10172820381488708,0.005961279974339498,0.06109643931566298,0.02887861336004069,0.04557121756440146,0.05929448809886858,0.0015603967066387028,0.06077541107398154,0.029859061279249685,0.10987813537388125,0.04065178327046702,0.013017859573391443,0.014576795918460618,0.05836804931460223,0.0018814344002865931
698,0.1834528809727284,0.025274029868370986,0.04910343757854949,0.1628951231286879,0.005793740538144775,0.022303748895396613,0.017375528393644177,0.006625974523618233,0.013841782904993478,0.0028491037255921575,0.014794173310865188,0.019608318140443178,0.29325739835637227,0.07281833144813102,0.004160337696777477,0.08491393832759142,0.0023488164324577242,0.0034250808505285036,0.003652369818228121,0.004714481455800953,0.006791403633077907
699,0.021943335644671973,0.014163354893718285,0.015150996234089081,0.007544199879804033,0.01897376620649076,0.004802938057340858,0.024179738559868092,0.03236527528295318,0.014385476372180106,0.012940240965157451,0.014299129957873179,0.02519440478918981,0.061580113681347,0.017778679557295216,0.004078195652826157,0.6285432170266559,0.03212453371164777,0.005344802840483679,0.010632351821933369,0.017089973983325655,0.01688527488114842
700,0.05107739797447155,0.057255147374683964,0.0022472295342994696,0.0029705095436707,0.0423499388506473,0.013036495543799043,0.05771883288577032,0.07486003331771793,0.04148092712267337,0.07108265107845187,0.08385671417544742,0.07002790279322287,0.0681838089661188,0.09204085944106316,0.02174782692408844,0.026494024461721544,0.07563905917568664,0.0959391913080951,0.01301563635343994,0.03580375003887059,0.003172063136059985
701,0.03668397425219754,0.01627157261679266,0.021305953056783067,0.005166570787152993,0.018297964111971755,0.659341520132466,0.020484501940305325,0.021131177438419663,0.017087814310234633,0.005903688431450845,0.01482717099935811,0.01839285425598979,0.012348910969988955,0.019019255714362155,0.0074766616210608415,0.01604578080320808,0.00987907205469806,0.018582590986332706,0.01234275254205251,0.020452701165298497,0.028957511809875647
702,0.003007713885743819,0.027387812667071614,0.004012369111664583,0.0035063834958936717,0.15737918474372461,0.0027296860638680795,0.08818432263159333,0.08558242876835255,0.004944861749750077,0.04685418438888841,0.060980565144200784,0.004781424127335807,0.0020528919801001203,0.008168618729967676,0.005982495172688953,0.0031867206456084444,0.010009042629275348,0.05184914748100621,0.16257716212711862,0.2566165467811931,0.010206437674954211
703,0.05331460769505363,0.05148113073389154,0.09358513210230159,0.06960472892513393,0.04326440818618019,0.033212935462093036,0.09190439948167757,0.05415272128751905,0.0020828926936680607,0.052559413060370215,0.05079963402303537,0.052455701515156966,0.012212109151400996,0.08050233394103813,0.02252379231652904,0.04920803292293744,0.05081770212284766,0.04779639710949903,0.01950315669228465,0.06789126753039064,0.0011275030469912988
704,0.019678502216922276,0.047217749021088856,0.10235690670299556,0.02462018881152685,0.01746326242446221,0.005202838595958915,0.05900567570050138,0.009362441049724706,0.00825007745331928,0.004303958434169103,0.004262003594689438,0.30490178893522646,0.003981491938303032,0.0482953148580732,0.00796787247596855,0.2596806198640105,0.03162735941459989,0.0047218536166239115,0.01490775561481164,0.01807544575678091,0.004116893520243366
705,0.006243973805679149,0.01304243771232525,0.01545105982312267,0.008425293514704673,0.014557849783510183,0.003976416373304372,0.02702679677258178,0.017379477782697123,0.014042297357354759,0.004051882417666569,0.010664862887632715,0.025480270185322798,0.010846313315149556,0.014095549384669828,0.015270726140455325,0.004580641904015086,0.010135339015716388,0.004527089144266853,0.7398418760367557,0.01684438160808872,0.023515465034980695
706,0.011439335295925217,0.02200856628006134,0.08060961083429176,0.5423309131609146,0.022234789352735262,0.035855592415611086,0.033250712690237355,0.02522028265272132,0.01627094095818279,0.006949128997451579,0.016254466019342873,0.025644427243133285,0.011024010687826998,0.04273204219964568,0.005274700109241357,0.007873892760674005,0.019029468854411462,0.00630682435156375,0.018646433571350773,0.028623285248191962,0.022420576316485644
707,0.023942470792082605,0.019262882828841157,0.24400653569563605,0.3502188687379351,0.01994036115434691,0.05939075513551462,0.028770029642416168,0.018073066906971618,0.027941467338959875,0.0050885724846598,0.01700151222648499,0.04704701825747945,0.007012414961812815,0.031975789553844884,0.004510587323074717,0.0195671196201945,0.013415693584109168,0.010427729534010013,0.014442881105177998,0.01965083323365618,0.018313409882791305
708,0.0786282642037794,0.01125009260129272,0.02932394290270322,0.013845799100330429,0.014022994626334105,0.0032671449325937583,0.022958150053164594,0.09763501475263198,0.022138493982662235,0.009593985410970006,0.020113433062013446,0.015762291823064666,0.009107582064435349,0.030133959394681123,0.006391839207638893,0.004967389004934707,0.024620105257232336,0.5434454329401898,0.012217732135803537,0.014036692158475588,0.016539660385068086
709,0.018980378602573112,0.02003893096347494,0.018727632250038286,0.04104559642297062,0.03117683825613345,0.006483435911382143,0.02762154346186232,0.02903650075625187,0.010343289715182396,0.016508717371583524,0.048690753031102395,0.03514725732820599,0.5369748162013951,0.023795147714837404,0.0028092167236637073,0.018228674410311743,0.02613423643053464,0.023009995849315384,0.008271441764704046,0.047378901713144794,0.009596695121332243
710,0.00552573944660355,0.033268073589703746,0.01223750216897565,0.009432672866918988,0.5629170495506938,0.0028118802854299792,0.023487566839676604,0.04234037018805178,0.017191345991347542,0.03530804536080501,0.01720057551996536,0.022369486691467738,0.010080144196295748,0.016792061903535434,0.0046423921199049015,0.09506664570300556,0.00862072790097659,0.013001280969666117,0.020935620098261037,0.03313623065663706,0.01363458795207785
711,0.007214948786088085,0.5754258729102991,0.031513466584013196,0.013146916672384336,0.026443909182080668,0.004854966543277937,0.0291181050975476,0.04275238269767773,0.021357595090453634,0.0069768627910112456,0.020513005332960386,0.04905402853593299,0.009119284799480773,0.027031922267722223,0.038922410794849864,0.016500270868419795,0.014208855717397044,0.007577971798746433,0.007745355419284284,0.023160381355604994,0.02736148675476775
712,0.008255850290702093,0.019900536394389094,0.0181305908521867,0.012151973286539474,0.04768917849661473,0.006516646231646605,0.018272678216305457,0.029054914071183133,0.023942119382338267,0.008337257527019032,0.02621438532177267,0.023594410864679522,0.03265725233787269,0.02014863590684408,0.005436967157378746,0.6078563404791955,0.019601499472811063,0.007859498763940521,0.016300130739291572,0.029606523975309256,0.01847261023197985
713,0.0057221150327560755,0.016212770620601297,0.015484401879630622,0.010283312697099737,0.025962095636863875,0.0029435606830158774,0.49754055459391616,0.02829102195243195,0.0118074290760145,0.008397920943699542,0.01666868951088075,0.20062343418367304,0.00974969071224908,0.014516103521528148,0.02292062875155849,0.00554657062555959,0.009943259691882853,0.006222781622020772,0.008791310894079295,0.06843926407466458,0.013933083295873854
714,0.010716057475604217,0.021916576123376833,0.02235170018750791,0.018108508625201313,0.03780474927813039,0.007256227416082441,0.5162399347009831,0.03297864218633168,0.021705060017646008,0.007521993938853284,0.022979007124760628,0.043017553206979725,0.007654623524762465,0.019830452025796013,0.024080298453870098,0.012983394318882563,0.017377759032188633,0.010782962179692832,0.026609765829317417,0.08680142710112848,0.03128330725290395
715,0.004704495045318128,0.02344376336609649,0.014546120941620338,0.011186841142196724,0.42274522136643705,0.002790851578361449,0.021087760883086237,0.014599899715371454,0.01880684350101387,0.039021504452628177,0.015919194063855172,0.019606407523920562,0.006211583124913781,0.01692054362157087,0.003673226308456503,0.04115354867990648,0.00925953919262546,0.004712607013038172,0.14980853289278992,0.14409880166986858,0.015702713916924536
716,0.061130959768942394,0.03763523800421314,0.0443750885398741,0.018143419099046185,0.009851167948927883,0.016342892202214864,0.2417149609226894,0.021215016675966935,0.011890225807013882,0.004048041876183494,0.015988122935808625,0.31920127097887235,0.004573804126091939,0.05834533319385,0.003367216073412822,0.0575444848089979,0.02660495363765965,0.01709840064883697,0.00846797896727038,0.01123388012580328,0.011227543658323846
717,0.012436833434384321,0.01832483487233126,0.005920535250778573,0.04368361590315608,0.008093468092980989,0.0011467484757423094,0.029080870838007995,0.01625858255566825,0.2965381196838459,0.09772171440956666,0.09351157874017922,0.013437193023001668,0.0032585999429121733,0.11031137103084299,0.14717396359589652,0.018515738740210376,0.04636435245770093,0.011514266335212122,0.0052879099392476115,0.016724811494779678,0.004694891183554421
718,0.026688021881903123,0.1154592655321992,0.008328588119346973,0.004926834304444541,0.011221330924123417,0.0016727981273101631,0.005792059815808861,0.18624686162375415,0.005675517843235577,0.2835302616336719,0.08573474552939786,0.008323352574527395,0.027529440031563008,0.0047920253572142505,0.0065190461604108275,0.002410740054408326,0.005295505846424481,0.19056022662672825,0.004794256947515019,0.008550457634099994,0.005948663431912706
719,0.00574012665986023,0.024785429962779663,0.013337686603193476,0.010035567904636312,0.21880914493652956,0.0030987102787634504,0.07667149999141694,0.01931545444964027,0.014068679217861042,0.004290110347696491,0.014132743450931531,0.025131569435876622,0.006782716528929748,0.01131686539512172,0.0036583046764873035,0.00533443284519346,0.007443495798538552,0.00807368100307927,0.18910163701392543,0.32914583094297983,0.009726312556559135
720,0.006437817969655448,0.01572419565291118,0.014553106440226797,0.015228076272005566,0.08477808628799172,0.005652468487921295,0.017056183093576593,0.0836284934063906,0.0281888290892176,0.33395870919053633,0.24194695622803084,0.018676576318107343,0.02912164497336253,0.015746693584867008,0.010200413922060518,0.0047780962598108325,0.007513676799307533,0.007545033130320708,0.01592057496038261,0.02289011225356782,0.020454255679749164
721,0.008960747094987289,0.01974017287788683,0.028232068078934924,0.10218049590693984,0.03079210788438655,0.012839266228712546,0.06393536900735311,0.041098735361534494,0.39454697320290744,0.007978601534835752,0.01906763801255971,0.021982865357922852,0.010178537141116658,0.02713484143709104,0.08853237926535733,0.03308034649827202,0.02261382137061406,0.00870709045318052,0.018381325007261647,0.025159891644019175,0.01485672663412617
722,0.016389574018534258,0.029058088722676043,0.49496070582951585,0.02287302618333539,0.02911515141185585,0.09189410158881961,0.02661942941460169,0.029865159245994453,0.026590166239474786,0.01034522187014939,0.03876788688254544,0.018791558809376382,0.011024669409009666,0.02868269362014832,0.007151923451447783,0.008348665152725728,0.013849401218868624,0.010880213170679795,0.01900994234294105,0.04339385510674975,0.022388566310550154
723,0.01246520857166205,0.014007960096806693,0.014454416221751023,0.06675629561473106,0.01889770418253839,0.5667967040166748,0.049006252011270596,0.01669774971246213,0.027226872113256712,0.009548967139285316,0.026442915499521265,0.014839030370987537,0.013505511989674868,0.03422124074711159,0.004260834431765025,0.012280671553493444,0.010932253915816639,0.007652300621734936,0.03980339403025524,0.015167397702738547,0.02503631945646212
724,0.006792288524690975,0.015659914242859407,0.018106110457826553,0.013710934656946172,0.027876361172886662,0.06413280380250665,0.013020341606360236,0.03375727941144225,0.01239308435336335,0.006036992141382441,0.016503970243209345,0.018474422825201776,0.005647058043220319,0.018580979132503807,0.6011099487328434,0.010360031294975936,0.009134303789288143,0.008014435069715367,0.013265288516853336,0.019167856620909387,0.06825559536101429
725,0.07022566897429737,0.07011844047935935,0.02909660527175235,0.04843890254718428,0.08090990155093454,0.07273384109799977,0.05961478947836744,0.004863490102032203,0.023258439396324663,0.0021719793530892055,0.022598070403420104,0.06405112458414652,0.03254108055837641,0.029687033563679605,0.018492694231237596,0.11912093129673655,0.047230099579039786,0.015419818107450028,0.11308447227824424,0.07174482483699764,0.0045977923093303
726,0.0032470805212354414,0.009407400246023137,0.009625059818893604,0.007964251508644162,0.006867066731040097,0.0031540337982633522,0.0070681005573798306,0.23892711501700872,0.015420454622227965,0.281935178730244,0.16344468104342608,0.014130632081324167,0.0024966683148447666,0.007380941763992929,0.0027827967712664506,0.003820804187038436,0.02772847903371288,0.1720273071892171,0.008552088962774896,0.007669342913975915,0.006350516187465978
727,0.05317540031715055,0.11256877604858788,0.010792385368813303,0.016214636657527596,0.01741625963984415,0.0055398911199659945,0.01422481297324771,0.1389889368616768,0.01432605024101312,0.005907993512742572,0.0308957338749636,0.01960850997720679,0.004162824542761224,0.009773426787410689,0.003915008294784804,0.0043223239107443735,0.09129033369254635,0.4068146659749652,0.009397240127200475,0.01460792044230755,0.016056869634539315
728,0.15759833009231905,0.04858421037919275,0.019728317027466035,0.014887068241928312,0.013080070456443604,0.00348480083836176,0.011801363401218963,0.08137946014528313,0.022637105564761617,0.005126346727979112,0.02848542605118011,0.013958167171917306,0.004597174592233623,0.023669904477366444,0.008751241919620942,0.005995722690194647,0.008154492501687208,0.4581689564178338,0.025101717900200608,0.015586788651449636,0.02922333475136128
729,0.02907815425890635,0.023297046454115605,0.026992656656099207,0.019129804049868415,0.03485952484764593,0.009050686055264953,0.01599683326122014,0.023737481218460154,0.02082962805075229,0.02048607222954457,0.020943051735425728,0.024268472061453838,0.6092208973063918,0.014701182043364033,0.0055261468573200205,0.01364601098371676,0.00995932263995435,0.009758312697458213,0.023620444626847526,0.02453544462426178,0.02036282734192836
730,0.0074446831096504395,0.5527347412128443,0.022799770840918745,0.023344617732226524,0.027172589903313896,0.0053965500617164175,0.01740689675506674,0.02120331958320013,0.026060768198871032,0.007900436949432545,0.023314599203983877,0.0205442133247366,0.008503461494848562,0.024472082255674394,0.06710131625045618,0.012816397931722533,0.013560342525392127,0.008126232325615696,0.020429425762811943,0.06374860649746657,0.025918948080050904
731,0.0064908389912391555,0.01438798279183747,0.060152192357061846,0.016375165118414556,0.023304141048659365,0.004845892803555949,0.014567543589587973,0.023898023156619975,0.03795641722876658,0.006985850253916512,0.01781349065332466,0.05817119266851681,0.01898874651836084,0.019808174445334045,0.575209834461583,0.010525400209526943,0.010844426085582429,0.006413990402349853,0.011922269283956488,0.04119414077480513,0.020144287157000392
732,0.07810229518027204,0.030057279626142946,0.09403629117638379,0.09178224682714865,0.030286717046969374,0.08140445231653325,0.07810477671773253,0.007272716985784328,0.028309052743098237,0.03777988368044221,0.04278309347994827,0.04008372229194879,0.05561687146415755,0.16801442602361294,0.007643866992910857,0.04051861734784426,0.02108328177003525,0.015183873121796353,0.010794604627984967,0.034847488381687115,0.006294442197566367
733,0.01830631573917831,0.028252513472970083,0.017531072359707647,0.10665820483015614,0.020175058086634553,0.00841218343823028,0.012902660743111263,0.01979186831548221,0.03170796111516013,0.009553786201384766,0.014563063983850716,0.02004731526129513,0.00894125368167016,0.4254851819867054,0.045136386871695966,0.1070702677231586,0.021770759955099805,0.008346171635345652,0.015811524134373253,0.018815381680705654,0.04072106878408429
734,0.013997414893675312,0.012846090702506049,0.5497328597260801,0.16224668210682336,0.009616710386438696,0.09200112254571695,0.01906795661435216,0.011000925024818017,0.013872329771190383,0.00329040871364455,0.011020421137187625,0.03658609799911364,0.003962246406237991,0.009985408665609884,0.0036698667830250727,0.004137697788243889,0.005142543786129092,0.004253995395750947,0.010857403597726453,0.01178032435427818,0.01093149360145162
735,0.013372423272490039,0.01620735693880049,0.01970975619545955,0.6262285634384592,0.0163060022680178,0.020146342632049282,0.01314773111117397,0.01447526258213295,0.05161604685085141,0.00652733291596838,0.019996366525955517,0.01553303868699205,0.0065906958054316005,0.024050787298861228,0.0071002826574699295,0.005458664839319889,0.008966027859107578,0.005629679888851724,0.01948638855371611,0.016835922438392607,0.0726153272404986
736,0.09873046197529596,0.2257779676544063,0.009549041088515254,0.007784273080495059,0.011213696269193744,0.002426218074895434,0.00656893474055156,0.020441668714694262,0.006952340865595042,0.258361281835492,0.08259860108423242,0.01490901787060793,0.03313105520137808,0.028482412090745656,0.006455338129502859,0.00268543772610192,0.023803044395210585,0.13702790402392662,0.005854289775597221,0.008228410199574933,0.009018605203987092
737,0.010704661189902806,0.02209692061350237,0.025449610858808685,0.033327688387456506,0.051133762797572924,0.007090780486797424,0.03279087962322475,0.42408678822881435,0.020988708908418804,0.060402262066585034,0.02422607003705264,0.025970013552150683,0.010327712972204129,0.023589153531449178,0.006599268200259267,0.01198890029852385,0.05266569576140273,0.0799894723548376,0.0218419839444271,0.027327489842951025,0.027402176343658186
738,0.009389184070717798,0.03133639744660089,0.02128778854114843,0.022098862604273198,0.0291916386633319,0.611410429774786,0.024461836067676896,0.024434739636628674,0.023030787944400385,0.009090961157772743,0.02909686645538447,0.023613855077060028,0.010664783318603056,0.02651883005357325,0.006503941484859014,0.006033527580786779,0.012022642677652172,0.0076452128524249,0.01685240720395972,0.026890694689444022,0.02842461269891577
739,0.0171742872866027,0.024905317099415496,0.04610568816056428,0.03411515182791142,0.04712702224127588,0.016792317949704854,0.022063670661853125,0.039720948214895906,0.028405599720444038,0.005890878475603274,0.0337874626794157,0.04592409317999379,0.005614496716370224,0.02650570768619193,0.48280175734356123,0.009673215600231003,0.011832948531521267,0.018159574610237286,0.01981941782133424,0.04360960314438045,0.019970841048491898
740,0.5099189841035129,0.04762462330842152,0.02668240808504629,0.010598348110582164,0.021447885245504585,0.04019673168538439,0.016762224542746593,0.027290541545090533,0.02465992779484065,0.007253691766693013,0.019629318108439896,0.017675373356429557,0.00457000507063389,0.01818991543622289,0.004545318687164444,0.12326236262037615,0.0051122940925761974,0.027159039173696765,0.012184139553923966,0.015492803080650671,0.019744064632062876
741,0.006629879689755314,0.02429304888375707,0.019911438639421908,0.016527948972463197,0.028273972990666734,0.005118116998041197,0.05343402250231933,0.02774968385778127,0.02414812074094197,0.005763817502963065,0.02204032971784786,0.01942658579121984,0.005401852376148625,0.019505003743429738,0.6381010629266607,0.010628915579391487,0.009255681739058963,0.0077162450355614046,0.015196958563752534,0.02247285345922036,0.018404460289597333
742,0.01643893062205563,0.37361607647452527,0.008550438714353703,0.010452006438527608,0.010346714161497282,0.0061558931901708825,0.006539583361905208,0.03514763573044344,0.010922864611467182,0.005183127118799987,0.015390997108926335,0.009567473223483397,0.003839440121473104,0.009269967060395932,0.002659799208167531,0.0026879831489604114,0.010520146875515217,0.43476908337677084,0.008700427897942453,0.007602976706197843,0.011638434848420781
743,0.07100471743129026,0.0589291375154416,0.012668475495588936,0.013726940194579504,0.01610727221594498,0.007081501939722282,0.05511406773914934,0.014577863303736298,0.01428567848075013,0.02417420992067418,0.05887882986768244,0.03161769085511602,0.041378331783442864,0.031118440309092027,0.004911462041047109,0.45191291276864215,0.03598287525845587,0.004541913506476524,0.010664176685716962,0.02875983093429041,0.012563671753160111
744,0.009782434357509423,0.027908114308261595,0.02651993097818044,0.027327716025697373,0.020466417729928573,0.011150175737379918,0.01068518531289185,0.023570260894585266,0.027819024340867558,0.04196439179415346,0.021331091674228492,0.02699559424659762,0.5390533264557245,0.054831091585831555,0.008175050057284599,0.026228727173116837,0.014222157673533036,0.011015914165837033,0.02279263259542889,0.023021960196979496,0.025138802695982464
745,0.007974687864751437,0.019960262339651202,0.046398704337690326,0.06147965201942013,0.025897345336517857,0.5066030449507125,0.026770905373197224,0.023068996844736456,0.022112198686249095,0.005955499464869121,0.024362258011810082,0.02801991458740265,0.007840112308409726,0.021519684922993,0.05156454368474015,0.012150841733521834,0.029663737264058392,0.006897575624088645,0.017046466245044738,0.03297697805795039,0.021736590342185006
746,0.08220746336335381,0.09558383584830264,0.0033239671115283275,0.005200504458807057,0.06816031461520887,0.02214351555001247,0.07307361920896284,0.03037575421272468,0.04162679182215597,0.03157614655383519,0.07101473676672605,0.09690265082903944,0.0040679428534669505,0.013116952336281304,0.09762954585502916,0.09881627600229231,0.03997477626815935,0.0533873539365943,0.01915275275591878,0.04633663438828572,0.006328465263314701
747,0.004682653603107665,0.007678934283585522,0.009784463864897673,0.011451619933640717,0.010600233750511924,0.40509062714862193,0.05903096365952543,0.027929539376837703,0.017715995542639543,0.02327078319474452,0.04226383732774147,0.21144833249747585,0.0056261298421676825,0.07130211045093161,0.009404974533528714,0.010537746785173089,0.024113628939273515,0.014652131517270328,0.009713459841229715,0.008860579747280963,0.014841254159814328
748,0.00530631810387971,0.006821442335376064,0.012376989052338238,0.012723228465072593,0.08588601894356573,0.008854524707636575,0.050999993643325005,0.04171407241283517,0.016227974196287524,0.04433248194853525,0.01880160289350192,0.012590801449723743,0.005121713852058266,0.012046203724431806,0.008880329411134683,0.004461393579542781,0.005945585047131944,0.012885469183238024,0.47067331208354113,0.11555632756570301,0.047794217401140836
749,0.10314060501659561,0.0604458484411192,0.004978238951323442,0.017494714184125543,0.008197390370190407,0.06057955615098213,0.01734212452962397,0.019536930380966173,0.17346988369603858,0.03660928429996225,0.04397758178801553,0.057486619060365785,0.029252355135524207,0.1026876561690035,0.0847485103353961,0.0862526480126441,0.04799100944299838,0.021692637477768877,0.006811564100667911,0.010493001527325066,0.006811840929363214
750,0.044899970091905966,0.08253076451643153,0.008409861557828135,0.006294759453490634,0.013264088146010662,0.014388848938492108,0.06006378858887623,0.12804698475663495,0.032797697337786196,0.07328260994527129,0.0571579268535504,0.06531573817046861,0.002242518858446956,0.01938287944418072,0.0124894148254852,0.024746272588120215,0.14771998481651724,0.17288595859028297,0.015563737585694093,0.011406659269890063,0.007109535664635781
751,0.04941106185792175,0.04784625374241915,0.0135490263467228,0.014973831446269579,0.05064879944946612,0.028466846276073928,0.09506368319458712,0.02807848781220415,0.10430562717033759,0.05178375946508545,0.09664347241951994,0.0276546493581404,0.0212284944726641,0.023737618129005437,0.10916814892166937,0.047080703719281164,0.0793068607998857,0.05670576301370584,0.01332783451278718,0.03418494945407851,0.0068341284381747665
752,0.0770754147573342,0.007057231895918693,0.12438915668289348,0.16988523916655449,0.010103528009202896,0.0457492479127817,0.04260985224705834,0.010928210765283733,0.012986619827306764,0.0035672810217499025,0.028709857745584978,0.013951323151789168,0.032046976507045744,0.08949707908448094,0.002306971368872549,0.07911203607743496,0.07184849931122991,0.016027202159631465,0.006628804036490063,0.15071662957160478,0.004802838699751268
753,0.04830449413548765,0.05860569494103027,0.017505356182629852,0.015023394413076973,0.013913796507931073,0.0057234942345757165,0.010398959295960056,0.015181977954312554,0.01535564157424321,0.00814922894930546,0.037863564651023,0.09059609216844029,0.17407750918921958,0.029911471508508144,0.004389372558945648,0.09881643383608187,0.2270644488043999,0.08455711902232999,0.01336851186253177,0.013406089787000178,0.017787348422966778
754,0.2686532709853781,0.12143805420233489,0.012642707735001148,0.019228947460288866,0.017656656971963055,0.14356535773882875,0.012428852506505862,0.016743647805036458,0.02329325614027856,0.0062251465778338745,0.016839672308768972,0.021087958657243697,0.0046757758281105585,0.01704027397460854,0.005853950580404732,0.20956842678541518,0.012553198447892162,0.0074254979364720705,0.018344627645714557,0.024419998498493353,0.020314721213426597
755,0.14777707186462763,0.16978684041819883,0.010084813830430963,0.006596533843296645,0.007250703394583664,0.2414801737721707,0.006810137907214877,0.007381487879187444,0.006727696864954599,0.0024564200650393528,0.023525282641879867,0.008093797452107105,0.013517125450843001,0.006929417652127651,0.009680926642685318,0.17304553738433323,0.10584693579225889,0.02994809655986404,0.008059247839199998,0.0031655039122115143,0.01183624883278468
756,0.03174787812783146,0.1241458720545398,0.015568394737787351,0.014744262905083702,0.012644857975121035,0.02257108094015618,0.053560135852056136,0.021011181510071506,0.016921069648359013,0.23053730908332115,0.11993649586400972,0.023573090744126012,0.03020874449643206,0.019315722789138647,0.005992331860861819,0.0395981150585304,0.014479345022124926,0.06311240517368018,0.013042396883017527,0.11300581097513974,0.01428349829861164
757,0.32732639270904396,0.014651882575973772,0.015936263664673305,0.014262322925460319,0.014341695502171735,0.26340587523738296,0.011421008639129178,0.015468663054684506,0.02501931338939904,0.005328996834765684,0.017449450709063424,0.014812449887807546,0.0032835640910669445,0.018600464705473295,0.004180049319570635,0.15609901823095265,0.02227662158259584,0.007319354856971987,0.0127405054160368,0.02079858398629339,0.015277522681482998
758,0.007774074661029643,0.01863561616211665,0.01980224904287482,0.08441969459253607,0.0249537556156848,0.008430550799514136,0.014408920514531126,0.03747306175114406,0.5514815288122766,0.006089729918032329,0.018502932515852,0.012703914124131528,0.006132149782465804,0.032844960209809565,0.07897083780175451,0.005962882387313729,0.014259879498569829,0.009810307075658045,0.013099495085011709,0.01695728897885838,0.017286170670834634
759,0.020262947798778484,0.020464761675316565,0.015642294474381018,0.022104295157567625,0.014039173660837748,0.009452958230316383,0.011936627588242654,0.01635010883144066,0.025931961172910984,0.03707088558164886,0.015472829502905643,0.0913363609235131,0.04739718566966661,0.016577666910125778,0.005365741544282026,0.5030287046602532,0.07211505202493142,0.009160973733970852,0.019417676440110804,0.012673093140790974,0.014198701278008674
760,0.006976288374637612,0.09999091162248465,0.016105669139323868,0.019506654565347257,0.012361844165697959,0.006837144787836578,0.07301085816571852,0.01098113969008994,0.01704482675992136,0.004062729552121986,0.01473790514468188,0.012440281237890977,0.00438272546177184,0.013654595258729888,0.004529969959674825,0.009072700625852666,0.00586925069729706,0.007838682839319459,0.012685613467269848,0.6168416989136345,0.0310685095706974
761,0.4550396389668137,0.01140569049688465,0.009238797092155068,0.028263744819722183,0.010081792309207334,0.295475196118083,0.010360363389469697,0.015302874831373381,0.009273045347687024,0.004057954164246113,0.008637492152003802,0.008355938286063642,0.0036118386284519494,0.01251548952598113,0.003875241779748246,0.04476695182383123,0.03053638217913679,0.009063333611370818,0.010943919609011208,0.009580849000250483,0.009613465868508588
762,0.00413417376463879,0.06519601234135376,0.01249131778250545,0.011353911461669981,0.01171054641881013,0.004759767118416305,0.2275020748794129,0.009320740346593075,0.03178473139232715,0.0725171085013026,0.01987841802318512,0.07880525385337657,0.0037858583252903164,0.3038201079330525,0.0743802420392616,0.0032836082389517524,0.014253829734181446,0.005859342713003379,0.011799745841173043,0.007913612365596205,0.025449596925897978
763,0.014349347680900834,0.05479842141892147,0.01372582567379312,0.02011751847590584,0.012363403408048283,0.005919480176055692,0.17458555666464884,0.03819382352350139,0.013041656718620391,0.030319196934734106,0.2813356025259017,0.013229709713070132,0.005772063051324386,0.024836042564802267,0.008029381714091177,0.008004101391574451,0.04426678365549875,0.04458074567151554,0.008842492351358401,0.17438004226553902,0.009308804420194163
764,0.013150552645637643,0.013707974628976735,0.04090631672391881,0.02432148235157731,0.029469987842555837,0.027955056714830607,0.021061387158261113,0.027253349229822074,0.03209736348753842,0.007160386032617598,0.024941424832901377,0.033447777200648586,0.009546145348029158,0.022805087989373963,0.04716384622702314,0.009780258548146056,0.013006961891420865,0.009615378510491216,0.5293794008338817,0.0314430250933966,0.0317868367089513
765,0.023637870706690284,0.024502311365789894,0.00853134562822407,0.006777545062023161,0.01623449097640205,0.003397703753666483,0.10838367748433869,0.014088517810002131,0.06594887486854151,0.04808767235069942,0.1303173394623599,0.026187867639132223,0.0016015485914019363,0.2967768468286995,0.03719311020434164,0.061919964572320185,0.04936615037466227,0.014539452335907232,0.009547233064813561,0.021684757757986107,0.031275719161997714
766,0.003714023620045002,0.036002649869937065,0.00871981053258586,0.009932487203932874,0.003889924028132366,0.0039431526403039254,0.021335849128803028,0.09725827016824028,0.013923933874399998,0.37154418839198805,0.18664399110698737,0.007990030106394999,0.006968237253843885,0.011031085580480701,0.00581034606669648,0.002586200785951956,0.02790835991874968,0.15454690825001594,0.007435062047958085,0.008477075678450317,0.010338413746102127
767,0.0016387063265211642,0.006852769093431684,0.004047766702048747,0.0036553951946278955,0.2838860938265466,0.0014580531206903388,0.16104386483129035,0.047520225139687254,0.0043685085885058145,0.08344526008855507,0.32279534521271397,0.021065909446414927,0.0073495698687634885,0.0028564940972504622,0.0013131634610337908,0.001390607375463009,0.001831724290205827,0.007874308253580717,0.0029496349475859884,0.029453591284847078,0.0032030088502358212
