site,A,C,D,E,F,G,H,I,K,L,M,N,P,Q,R,S,T,V,W,Y
0,0.011430316011243894,0.04868860188748607,0.020337182945007037,0.01824092234358704,0.013007482637854761,0.030326047695835603,0.027687470021094215,0.013986740247843727,0.06620431451540279,0.012052920238585806,0.013923720370489735,0.022213792279522946,0.012877364511892631,0.01832433898716999,0.5942016413390742,0.03868639649696226,0.010540826618890132,0.006082891657257888,0.008185459028410847,0.013001570166388456
1,0.015372770628949517,0.015191273906546525,0.014436172364252198,0.027307669680442417,0.014495700240392677,0.631660123938179,0.040421646740267554,0.016994751116686507,0.013420685237940237,0.006714652601122492,0.011974932258798051,0.022209503082514917,0.0455267171350392,0.025872508126088677,0.023111108054623374,0.01161927161599966,0.023913407896866398,0.013303089019505575,0.010746692084421083,0.015707324271363968
2,0.008236219289894202,0.03116997723269399,0.027580288022412164,0.008031441659142595,0.009795121097419162,0.7899432303086663,0.00836169361392146,0.010715858378127417,0.011798544907914368,0.003484188169945706,0.010435952448849446,0.008896035993049084,0.005020407707775393,0.009828722398624503,0.0035116061061500263,0.021328293330191088,0.00667348882155129,0.006300766115436304,0.008542999213400463,0.010345165184835012
3,0.058939082220303224,0.02564710749100686,0.010919236659378414,0.025049866918780903,0.013527042719208,0.6908602018058692,0.015726684975317755,0.011208840069554584,0.01421659414057495,0.004870861098217614,0.015877227553919113,0.016429212554901127,0.007187441536236085,0.017332604231103874,0.017992512615273376,0.005435672607098599,0.008349631696345103,0.011099093569093018,0.014724816835668316,0.014606268702149892
4,0.03627691469618256,0.07041193576108618,0.027006475476062507,0.03558007185380751,0.03229201829769151,0.031542992372539796,0.06628925105440003,0.09804873359887233,0.06008815675779755,0.049523035182124656,0.015657222873622426,0.04944282153869601,0.0028207717071518025,0.11417086508960572,0.056250855276592016,0.07880386097151182,0.07003220933349609,0.07398086238781071,0.010449349752228266,0.02133159601872055
5,0.15018925491573895,0.07382203151064011,0.004306851310473627,0.015739490484052078,0.0056952955051634245,0.49495591973088593,0.005235762034267748,0.006703200820913589,0.020383849631505614,0.0019015158939382978,0.005177481347000911,0.006192177996181127,0.0025725437434627437,0.006120232154057605,0.01869138768481853,0.15257163245549552,0.005691631719714794,0.01335882725239831,0.004162426182686292,0.0065284876266048205
6,0.04889465977114335,0.05497575119619887,0.06566367909266892,0.10329468538659724,0.036452307322215986,0.00985754806024302,0.0725243671347397,0.04001691398435365,0.008677558656666074,0.039090835589048085,0.07162582915775913,0.02807232717258978,0.007150060226997644,0.09724872949421613,0.007704450411545537,0.05631092024935216,0.059862201574362395,0.063286835280196,0.04335134489776482,0.08593899534134149
7,0.04106672407554407,0.06481411098118142,0.00824172555921684,0.007062145891728088,0.01032534766769914,0.0032052331232161834,0.0084297390260869,0.026084345372888753,0.0070167781696435765,0.002593533657796954,0.009106171024450554,0.016949595270045623,0.014214948082806952,0.008472522767823237,0.0028223884430516127,0.09349364932654607,0.6485440636205537,0.014430378146135561,0.005198413281739587,0.007928186511845155
8,0.04747331316536726,0.2048584817570063,0.0021139033364053193,0.003823481708549099,0.0032187698235273663,0.013178641414573755,0.002106772644614067,0.10571185661755651,0.002909658694992698,0.17159830995368003,0.007891833473798121,0.013673703379863351,0.034803029589416556,0.006474404210560374,0.0008848500847884146,0.05163834551992207,0.1380869428266479,0.18544379347883783,0.0017293143228819705,0.002380593997011007
9,0.009928305161807602,0.00975111875738171,0.009351422206641124,0.06180098983874188,0.011532193668045003,0.7344666552868968,0.01121928780616384,0.011266262185762137,0.015141975678345847,0.003495880933216641,0.01289182570082989,0.014834302062458204,0.005001956718240035,0.011984787801387268,0.03286741233824754,0.006086873401671622,0.0061664987286076875,0.01531599793924539,0.007001742415783166,0.009894511370526505
10,0.06795720149671544,0.10980943822368222,0.032616730662182236,0.09680484431146959,0.027343902305335115,0.014876775636204681,0.07191783222501906,0.04162161826500712,0.016728281519362374,0.042907208386591456,0.040006588021007,0.07182718087264679,0.0008200131934546361,0.08636519140900671,0.025001686029054716,0.022263227354859975,0.019871894134808974,0.11587530376402122,0.0585486883748759,0.036836393814694786
11,0.04852036554542972,0.017539982109968575,0.005704875946382522,0.024060479647075195,0.05735824428289975,0.027873590252648718,0.06327629994064653,0.06295476199435314,0.12058007889050859,0.07583954724220653,0.09997764394718466,0.06835758469086743,0.0022071847487904464,0.05360525728778452,0.07677421629922783,0.0884846803364226,0.02489770124305307,0.06699295651492328,0.0026417764699664644,0.012352772609660462
12,0.017513663107658492,0.05153460699457557,0.03838911983871676,0.02654103697975795,0.036050174693191106,0.015484084479568491,0.025552808672847566,0.02527442868829338,0.037696472446164364,0.03357670733157634,0.02613143723355181,0.029117280188486246,0.033547200273948946,0.05972845251499685,0.03133277908643657,0.039407459640667254,0.022748801303306063,0.011191352201952347,0.3864204784067824,0.05276165591752152
13,0.008027774910319106,0.01905580776522409,0.01709600948563912,0.025071317953174514,0.02242756752675279,0.010505433610570459,0.03142849012223328,0.045010056143085134,0.48131743498495855,0.007657696845640184,0.01108070871231449,0.0341057666382336,0.012748716241912154,0.04964258415413136,0.12444113551989226,0.019654004434396154,0.035576610018722206,0.007929868764966057,0.012423491033402519,0.024799525134431986
14,0.05552355037212291,0.024856908117064692,0.03980152861754083,0.03390006066985972,0.06154504631450841,0.1141337470324311,0.0955468131619252,0.04376732124320726,0.02786401986062968,0.05260525046259892,0.07980781439647562,0.0563121719057498,0.0014480954940188908,0.08273457680869363,0.03519311500533704,0.08120349420876213,0.05045921596425654,0.018315654448860928,0.025163900914398653,0.019817715001558038
15,0.07253161737605038,0.054853754313286526,0.020498340905902555,0.07656800525869557,0.011584943946702573,0.05709421100845525,0.009414655364846798,0.023607974582678777,0.13468974188218913,0.055169393751977415,0.039442456935145906,0.0715537055512347,0.001823395505110205,0.08201105682234801,0.09628457786022013,0.09910491129924172,0.058540215106707184,0.028978704866669057,0.0010371078404800753,0.005211229822058047
16,0.002797929053223636,0.01004482337854461,0.006704165408426236,0.005536084868486897,0.00551097101453816,0.0022285830461300313,0.005347347276082793,0.20425482775786832,0.00601104306986446,0.2660482683475759,0.23373196099773105,0.008125093328528685,0.04211060676988956,0.00961353642708342,0.0073138501846355865,0.0023115009880616136,0.01690901327167232,0.15453337326867253,0.004056972562393939,0.006810048980590238
17,0.08933509519953255,0.04641425801991471,0.03334511225409559,0.006252513614776777,0.009235856228167891,0.06181605168182499,0.02374594371888234,0.036849483285405014,0.04421471384440704,0.016791565187300992,0.0470574224576739,0.22033728703792904,0.0030900724791553475,0.07457739843734844,0.042333090904304024,0.08276878069316304,0.05937306600005488,0.06408223420538812,0.006088454377873016,0.03229160037280235
18,0.037713003653050255,0.07512005036593124,0.056853340769342675,0.05381086770045885,0.03624048635633424,0.09876108007099528,0.05325996602665183,0.06186164678352704,0.045758425432588755,0.061402984523951806,0.040776283308108126,0.05320912264626888,0.0025649193109186378,0.0528278216101941,0.04207047066034841,0.07937559393448582,0.04481182138118682,0.07181921083447886,0.007057003925071848,0.024705900706106565
19,0.012331281489412984,0.12039565469284134,0.008133304109896355,0.004233846320682154,0.16251690109324518,0.0037003392114665686,0.008503052863280845,0.06366460938363082,0.004971162795246542,0.2391511571913992,0.20772488813563664,0.006431515499342541,0.002029768563604824,0.04950679764808063,0.0034932967840633736,0.001584543377898808,0.024606203605208092,0.025213155414898797,0.0028512600130616347,0.048957261807102664
20,0.08019947909409997,0.04418023567078829,0.09231412174434915,0.06155497465772206,0.006535375781427583,0.056076931395875225,0.050709315227692967,0.01215237280257894,0.05664827824916659,0.010255973085082118,0.013251314159974424,0.025187644959136352,0.06505637643221551,0.11239989439330104,0.04514097153665236,0.08732805110490408,0.11106120383691373,0.033329132448494295,0.0028954567577698207,0.03372289666185547
21,0.08561045614435796,0.01670096472947578,0.056496051260235935,0.05319196035798402,0.004401812066866147,0.0797011614690644,0.037205936606191835,0.0034959092494272204,0.03468458195055626,0.016969813562923396,0.08013746686887316,0.06090409278048154,0.09887415073880418,0.11064255785879208,0.05738047596326693,0.07743063162298247,0.10144250969975394,0.009925419168066028,0.0038916080337016703,0.010912439868195052
22,0.06018476676272313,0.07490541011562554,0.03242197883120113,0.0451552050700433,0.04568473016436374,0.05963453055683373,0.09927155715729075,0.08458860080854505,0.019963169676860217,0.0399215619832248,0.04626139653078799,0.07055978923124442,0.04377739691001492,0.06106343014994314,0.024883596181169802,0.057572958512904907,0.044021177815237185,0.05571896591990935,0.019444286133338862,0.014965491488738039
23,0.0602896989990002,0.09736020550311965,0.10221718238498356,0.09138255029000984,0.02663103467988805,0.03898564300506876,0.0662956167708708,0.028612823111177868,0.035985268065455156,0.0322875199672253,0.07819124116196492,0.03477410552926685,0.017301092003170003,0.08349940820099484,0.011165307559365905,0.08763801977297525,0.027604346079755412,0.052476089454648704,0.01195928374627637,0.015343563714782522
24,0.014213390705054249,0.06594542411621171,0.02445305385860652,0.01306586350012054,0.44419011897831434,0.007763643869076937,0.030432459904876998,0.05101449105445064,0.020311860488945486,0.01984916933010242,0.012914823028675665,0.026726320266592104,0.02790535198209376,0.024185699651042263,0.015878615731440993,0.02078166199326788,0.01572366190776424,0.01277928309825467,0.10719089654245947,0.044674209992649185
25,0.10082940769485947,0.05637215196848165,0.025064290734301907,0.007337314634896289,0.041315209730405596,0.03453621530280538,0.07396044944853375,0.054364159692325185,0.012209028871686761,0.07040277396126389,0.04823530408183398,0.0894824195472821,0.0049327364870849775,0.046607484497425716,0.051085064439850045,0.0902655113892844,0.06142725460414732,0.06383841683696224,0.00404388759744545,0.06369091847912389
26,0.006214936713408952,0.034220278582809814,0.04966708283840195,0.016533784322176344,0.006201314489804857,0.005098838948874432,0.03737231947699551,0.04660599419731709,0.08499175189369909,0.008571833839386402,0.026596603091832968,0.10643618487140975,0.04473626241096712,0.1893376246965235,0.0871871841693557,0.12268581663575051,0.09069396490459036,0.02361527690203222,0.002605408254385067,0.010627538760278363
27,0.010959934361806813,0.04599921041063633,0.01344631623469135,0.01033832179618971,0.19906750109271312,0.005190421344321764,0.050535033863642914,0.019860180933141784,0.019602793047062105,0.005613209804519069,0.012735820410651633,0.015846774850187196,0.01175739266193997,0.014962452963553278,0.00648719766023424,0.025295961185881056,0.011089299043816113,0.006519696934371197,0.013398824915844012,0.5012936564847963
28,0.010237754182802167,0.017156611091043016,0.024091824845228045,0.07544658984686944,0.011443577272563942,0.006990601977242668,0.03178294393536261,0.039042652334688316,0.4564321806625411,0.006585411619115461,0.010844275948488488,0.028296386280615246,0.013235864868092037,0.01978642510929602,0.12628609567214477,0.008008983014738853,0.028673480402069833,0.06206422537579996,0.008814711922231213,0.014779403639066834
29,0.04377441343621955,0.022984574910473184,0.007627956341687694,0.05186403246241142,0.03392328118509043,0.050229600877677534,0.016017288267194386,0.06423937947568147,0.1762005392001487,0.07628386956708127,0.026221799147784434,0.017213457907905395,0.006633372508263182,0.03000473505411412,0.1724486076482764,0.08668883248203321,0.0298387961386896,0.07706874826184,0.003219055990307609,0.007517659137120471
30,0.16641603616025216,0.13022227256034538,0.016264931552610756,0.009727743784281472,0.007575834993339602,0.02702297175650459,0.053808992148348236,0.011263689367917586,0.012272216107993988,0.027272526841634736,0.01528895395530273,0.1489131469821887,0.022893589936409792,0.04649954677370665,0.019761040655057724,0.14601756420097015,0.07663302448885893,0.036275944814014284,0.018538957670590328,0.007331015249672224
31,0.15000762304808254,0.04446073344245147,0.025287359392393995,0.010206324080210508,0.01416469384528601,0.3495244181247954,0.05148588141010771,0.012206390488446149,0.009807640642738808,0.00448809528090837,0.010521363788035053,0.08415102941129507,0.007464334853999809,0.03885426251474871,0.00502884263736572,0.1415206484531513,0.0053405032029100324,0.014638941971386052,0.011284831152354275,0.009556082259332984
32,0.008487464999415644,0.16752648880598775,0.018029611983168273,0.026040531524599727,0.04419840466980795,0.007317407940151671,0.019684353426698307,0.37070393341320096,0.014628328244496126,0.013025365762154916,0.017218408107719248,0.04870550458250988,0.009513032680921265,0.013410133560322453,0.006922949148011753,0.015588305583425015,0.0508251746614781,0.10575236118352932,0.01986544125293007,0.02255679846947159
33,0.050720650843170505,0.04541576974051772,0.006959797228612103,0.0032232045549775335,0.005295684472889819,0.005138372462146134,0.1368517525971454,0.01929442015735537,0.016163600332115727,0.0962901564056545,0.0443647020411222,0.02087066086434132,0.011035326261547556,0.06174114735513384,0.014061555254408463,0.06431698324713048,0.11670603119972281,0.03872805156041535,0.1981040110541795,0.044718122367413585
34,0.030600914085554508,0.013117628839005652,0.07163031977134462,0.5313147105668576,0.02033202776720308,0.07006675671363423,0.012842715909789828,0.015664892044818555,0.03500903466785288,0.017616166856614667,0.014121814894812349,0.01583426126719457,0.008159083490937876,0.02863929367806353,0.014872801163803087,0.015022323554517837,0.009741175688530206,0.022641938870702226,0.02056620297463285,0.03220593719412974
35,0.07164870685730633,0.1359103213120743,0.007248252978266011,0.018827232107531146,0.006763920989136447,0.010380959363932822,0.007401040712300149,0.28995981784574915,0.009138248032234031,0.008909472721184966,0.039483031188364326,0.011397319903472954,0.028432223187881273,0.007215657590186451,0.002488787057490788,0.011816944135501441,0.07990290404343549,0.23471567424402628,0.004853435539207591,0.013506050190718025
36,0.1353917554000628,0.05316410203525595,0.0266094550055033,0.06727985888085596,0.04285440655259005,0.020459255882620434,0.035244664069764634,0.046143846841723624,0.008757706159497298,0.03875192561267955,0.0841946320592674,0.039127041040167336,0.08971650758244405,0.10080549647340414,0.009463176617595055,0.056664961300610786,0.024280235936196222,0.03597391568637925,0.02067599592460681,0.06444106093877541
37,0.016048066452987293,0.03466446657163409,0.03345727852696792,0.022284990168597727,0.02041520615779356,0.032883757388494375,0.027587300701615476,0.04688246755863239,0.04388202816500897,0.013264970670146184,0.016698771706680573,0.046332774624559,0.02821701461904835,0.03396195443312927,0.45128454840427795,0.047085669495497445,0.019576243241816706,0.016474818754484637,0.02100381369788935,0.02799385866073872
38,0.09051963266978788,0.018023402232967806,0.13374945199805457,0.1825602566491291,0.014410666050995252,0.03351484970474767,0.05626927085198827,0.03298715892077046,0.01884061055873293,0.037283330270539775,0.027384982021353636,0.12266241789032697,0.00204677998729402,0.045827309059365634,0.0026684058453930524,0.040790483286377945,0.03941314610356554,0.04629159449563216,0.040507133896327596,0.014249117506649714
39,0.02730213011585759,0.005465940339615604,0.06950555854193172,0.14399496098989809,0.002993109422549809,0.046103610573452136,0.04649497123607216,0.08058820920854098,0.014691426912362276,0.06160113270808691,0.09362188143783294,0.08275297943741663,0.05838661085353127,0.10637950053232516,0.015162076711864415,0.02218723492344901,0.0540470894244962,0.04256818792623218,0.007022809893355899,0.019130578811129027
40,0.43701686443417675,0.024803178054239795,0.03449909601121944,0.011972194514220182,0.014540190454348737,0.0043316198355797695,0.01504618753229827,0.015905814314761898,0.01216951703385115,0.004460534234289887,0.011102849306974747,0.011458824385506074,0.014136904014220795,0.013492065316091305,0.0050975407421600715,0.24025106411021557,0.01616323863097428,0.08138181841439157,0.02079204423863589,0.011378454421843863
41,0.07969225720517153,0.028549287696508857,0.005995099897299505,0.006476362102716301,0.006029294334900183,0.008188882693863437,0.03610015814143139,0.11144560335593978,0.11950936918573753,0.0171946798503103,0.023803313411986722,0.007328726577177888,0.004437549319138635,0.1275266426500524,0.17308100547505129,0.06678733926671367,0.06849675834582489,0.09777910377026579,0.005503219088453517,0.006075347631456432
42,0.09690008801133851,0.03394373764452247,0.03427983532704458,0.035572446101803414,0.02228284075376963,0.03066562994031889,0.06427404494445418,0.0641667365040824,0.01647061324711717,0.05531747559104116,0.046462842876041244,0.06170096504056005,0.0019899405794253718,0.051166861184536665,0.10846810917033417,0.07363478620050184,0.09884870664762978,0.06872396775005886,0.005587668138613325,0.02954270434680627
43,0.20694967180670223,0.12003674335949213,0.014578242204365923,0.07574532033785768,0.037185146903240034,0.013307472372415464,0.05804016301156564,0.008667712028915156,0.010069742579572638,0.07065253886732557,0.10633605454349251,0.062385553694663705,0.006240484827178612,0.054170914088741015,0.032637361930359494,0.0682216055723289,0.008388313023937574,0.02288013053146514,0.008947261467054664,0.014559566849325932
44,0.010493786918298574,0.01851130460996826,0.007162470343694243,0.011556493248801055,0.16715860209867617,0.005568710481751671,0.024908812682884578,0.11939428364327084,0.009398299846606334,0.3367200835200184,0.13361143617166976,0.005616813872322726,0.01881836817769661,0.021469941203870156,0.02525444374099502,0.002815812322191765,0.004260561004219583,0.052122926731130476,0.011719202725912361,0.01343764665602136
45,0.059583930693196535,0.06262860566014679,0.033536462878883164,0.0738701094651032,0.02834386420457863,0.06923916356490159,0.04620693743584763,0.08222073640566634,0.07600658581986026,0.06098925033349984,0.04419599113754462,0.07945787848913681,0.0006989321713435343,0.0635168466204992,0.02791033653429627,0.0539193578751333,0.04001099639592425,0.04956659374698551,0.008419036178933742,0.03967838438851879
46,0.03335284018840516,0.10152565494896137,0.11266739328194028,0.08909969233481638,0.0137955835593786,0.06865411568326804,0.038454370602209666,0.028453639693783485,0.040681036475379,0.025367896322570378,0.040078492754351,0.0875020095545231,0.0008239782340727068,0.12387348356847323,0.0037731112423124587,0.06929530837358645,0.05308933721565439,0.04151172526345937,0.012095061392448862,0.015905269310406003
47,0.05940092337996366,0.06336405096348238,0.01006097614910079,0.019774675741230496,0.014383340981009437,0.19313500667050584,0.10708471506025562,0.003707176321369262,0.0981064203114358,0.021700967744874074,0.05273496853676469,0.08375817101204534,0.0016092343900435066,0.08871026682482036,0.06473825426367509,0.10053138279869273,0.0017035447566026696,0.004528857585232669,0.006303700155304215,0.004663366353591362
48,0.06998243541371572,0.13584730626998898,0.08760850691794776,0.02098464061581408,0.09084006232825328,0.013847809238168814,0.020920755363660948,0.04020928959151746,0.023266570089737017,0.019368075471285936,0.04577087922264557,0.161383858155779,0.011346535047344765,0.046916148536053366,0.04785438025152369,0.023974242442312197,0.04966752154361655,0.06821983849218619,0.007036527595081483,0.014954617413367214
49,0.04540409982203647,0.0403497081673416,0.08864914319107711,0.00692035865062598,0.06547032513341312,0.021363227063281934,0.033830781485694295,0.051941999356719906,0.02633821265115927,0.13821477310201644,0.0625975873896418,0.05537412945801896,0.007179700770527059,0.02307137937228156,0.03970762071321282,0.07608615987820437,0.04803854129430005,0.03774198541425759,0.022686668197186146,0.10903359888900352
50,0.0533097827274948,0.07485919998223894,0.16939203802138808,0.05938892267985141,0.0785560957680311,0.05499282097145882,0.0712416546293605,0.01494496446452076,0.013638259268479896,0.013660099139418418,0.07324650399622191,0.0544935792587482,0.0028388388461795806,0.0338110381312759,0.008366472252546175,0.05568595573071931,0.060949829259250944,0.05289512168935438,0.03025543101417843,0.023473392169282476
51,0.0753089672524319,0.0537490671209466,0.02847726854578023,0.04828721845414005,0.008250018290434837,0.1357419897926291,0.047501788864703326,0.0033821560548477343,0.03915929223425779,0.04164232179093626,0.027843037465162035,0.06061461390076812,0.001226172922298859,0.04029338655892311,0.019043623244214092,0.2109597127308297,0.13430717962480246,0.016061218464044326,0.005117123081458965,0.00303384360639052
52,0.012159072474997049,0.013508248587552424,0.012717671741177319,0.018986708417233485,0.013217168789015936,0.6885142284994459,0.016407426908469854,0.01860086744181642,0.01442005010192002,0.00613584053320998,0.019538622022355942,0.019126472768426765,0.005712402485731564,0.01690747200590063,0.06150883259539148,0.006221567690131965,0.00705013614757238,0.023323463491304416,0.0107298911766297,0.015213856121716827
53,0.010479407283355956,0.03077298345118359,0.0088178933445711,0.0048337964218523296,0.25197755648750025,0.0022663970916710066,0.26844871381309476,0.015481284550987328,0.004105856153368684,0.007444651331969312,0.022698287482004163,0.013682157617777517,0.0029592608255027313,0.04255188817265979,0.009683701917441837,0.0016553131762181137,0.003508974866669121,0.02265505739684369,0.12460632794733435,0.15137049066799432
54,0.23520831758629598,0.101684785521991,0.028408726651450375,0.00941696361171125,0.005140859172003576,0.017321895091608492,0.005444883831118,0.006528627298063046,0.005023394988264383,0.0022770508930557583,0.006028827247729513,0.018222289778184218,0.23855390981996408,0.006509346199338977,0.0020754203812625334,0.21112679428441988,0.053563581049403126,0.0305646913605726,0.009282936239025003,0.007616698994538194
55,0.05352443001656555,0.06841117139193147,0.0068316572033139435,0.056046629880522,0.009327340604841096,0.012321300974401648,0.010056418261777202,0.02483787909098626,0.006489906956333113,0.005481756694755318,0.010755468168757849,0.0067613363033795825,0.15349170505027543,0.008010234360466965,0.004090247399026228,0.002992993627528017,0.016128603560704356,0.5290258173134716,0.008616321224995152,0.006798781915967091
56,0.010766954761678124,0.01219199717791015,0.012410844808582414,0.014297089823971144,0.059232497104489266,0.014540041603357628,0.006700123714342267,0.011996182528807407,0.016258874874208386,0.005902305799900882,0.018969461162496787,0.011991546316168637,0.016083045127333048,0.013063188385454668,0.005583615195190839,0.6993788681419886,0.008237207518607216,0.007395964845073485,0.0168995653529299,0.038100625757509214
57,0.006564428167230525,0.04174135398266742,0.019803125269275204,0.01223172285808146,0.021236496724710268,0.016551184359241872,0.011707018582073963,0.015615362720651569,0.0509428180044299,0.008283123617230357,0.021785274508603486,0.01053310982792521,0.013936696815366417,0.0396000055462553,0.5023478144609795,0.09102143200398562,0.059259963920329686,0.009075389059761236,0.03267452802824866,0.015089151542952308
58,0.02185002469196234,0.011554601932226648,0.010863838392098545,0.03668215405624133,0.012434227407370362,0.7215994511663515,0.011682958203240326,0.011889296043159372,0.012244664097934052,0.004021011993297334,0.017469620934821142,0.010601423105602545,0.005894927509729192,0.00978413548541987,0.049400866853019254,0.0057305844202358265,0.007580031028191801,0.016398555819836513,0.012394401347709545,0.00992322551155261
59,0.19840355190098408,0.09445656388068807,0.010046868043822836,0.008154577444172768,0.010054553738516964,0.014747419849785306,0.006255938560244936,0.015463401381891362,0.009065868421309275,0.002789827343013188,0.007276546149626192,0.03142265590585949,0.006403874457053285,0.005541389122498542,0.009308977489964326,0.2244603521812745,0.1615259960855081,0.15819342450970209,0.008155840274447143,0.018272373259637584
60,0.14630070011147442,0.1415182637251767,0.009851173808084049,0.05352366088196177,0.05629012865371095,0.018587821664891157,0.021280831446681078,0.012977285928766484,0.025094140974177725,0.008385206781791468,0.015182591063745058,0.025054337499245072,0.02953422383720332,0.01748480281793463,0.006791116370819512,0.2519104687950389,0.10233705452103427,0.02103109551642668,0.012837772535208949,0.024027323066627766
61,0.058197169865043245,0.012267435775239414,0.022862705279006558,0.032964076578414644,0.01868191425471325,0.005967608369284549,0.03312855960637156,0.016353596526261158,0.5051780682399384,0.005887853787672049,0.02793800864757352,0.031057667872315023,0.013961845071442679,0.025671769633080335,0.0946357915743498,0.015302506362595334,0.03550851120880266,0.011820235644018205,0.014665540654641714,0.017949135049235954
62,0.004068100601986209,0.012601771655066698,0.007279029332383434,0.009753192011740804,0.2879081636759197,0.0039252221684967555,0.022233403651860335,0.06762818093910457,0.006942605574504211,0.45163673701554125,0.016886018351641167,0.0051486310574274975,0.022247431205746033,0.00727867750369746,0.010008779937310015,0.002447311444364871,0.0033179185962643855,0.042303577167789236,0.00951737886809456,0.006867869241060884
63,0.15308354028915033,0.048061486386602154,0.01248250542296695,0.10093317054073761,0.02066072007138323,0.07571629501734685,0.003609594361875279,0.010528442550290925,0.03093573095455704,0.03251008064572208,0.08582716413442919,0.0060363938486728075,0.0013379649920813568,0.12120905908575669,0.056928328478670666,0.1139475036230287,0.04324906271665401,0.05484925320069899,0.01759102769181874,0.01050267598755641
64,0.008065191967240077,0.018980565257435474,0.011624585622885599,0.013240407065974338,0.12176586164397463,0.012522534935688796,0.010598842491884423,0.008867231581115501,0.009789866613426967,0.009305187994886695,0.010435810771687355,0.00941448810913612,0.005390728933698939,0.010777913141928117,0.03989827746578632,0.0034831732877489445,0.005697337689370844,0.007742027652741602,0.6134267262082808,0.06897324156510845
65,0.006600867809725934,0.05593481127204165,0.014583075991178439,0.012079702070103992,0.03269603271942736,0.0070749166138652396,0.008410953307679091,0.015386614989555032,0.011927104779722347,0.46796605376738526,0.2259922410988631,0.011779945394978222,0.004388454868999789,0.01306307384046405,0.006392862208046586,0.028485999900540543,0.007841190302632074,0.036817323371468626,0.020038747180656548,0.012540028512666135
66,0.20618199018798586,0.01649990746902972,0.013624589596629452,0.025433877813134005,0.010760999395950549,0.020106350729323656,0.01067440262033833,0.06767162808198014,0.008834501087457588,0.007039726319686863,0.021994045797113424,0.008881673523422928,0.006838281624707569,0.01287169490042917,0.0038796222666764267,0.05839778200405139,0.18910594310690068,0.29506189676079975,0.00795529937392,0.00818578734046247
67,0.012117726004426203,0.022010406663538658,0.04547366121950536,0.6280454760359426,0.014967714848920786,0.026468782105195997,0.01719328348512551,0.017857713710088246,0.05205269301321737,0.004851330365959636,0.01833521790536335,0.008634816750895257,0.0035675994281329595,0.013064484339618036,0.015554292753461218,0.02478977655086109,0.0051630174213290305,0.04569942491739477,0.01372574254449858,0.010426839936525264
68,0.007914218804800748,0.013632774680117546,0.016384966979320882,0.016725664318897476,0.013514365523419641,0.09198695923594066,0.008793349590716315,0.07828787153074933,0.04371848245010974,0.005371201969738783,0.013901354986050609,0.011191841864918214,0.004882736057240429,0.011189408304098392,0.58245064790403,0.034797082296309796,0.010898976542696932,0.008405743686123153,0.015556757828776299,0.010395595445945078
69,0.10218035800687447,0.01739441830037041,0.11989610979468157,0.012740638616136613,0.0046497752337703304,0.5345684462337527,0.006156849577999499,0.004828572642255996,0.006472984864206181,0.0020214944520271063,0.005934117232871176,0.0730804571872679,0.0019330781101558777,0.024649606979283364,0.02044425254563111,0.03197707964591849,0.0021313453677650578,0.016326923496237787,0.00713547751176328,0.005478014201031116
70,0.0022641524569221067,0.01840398132986381,0.007913623824844581,0.00566390064220348,0.17374318386569204,0.004906791316005323,0.053544348618547496,0.10351057940640344,0.004203125809182246,0.2463569115007691,0.1318617675975118,0.0061421005626172065,0.002311518245990977,0.004101700403872672,0.001973858604696043,0.0034384000508572376,0.004207607361040128,0.0065375897193007465,0.029764029456337004,0.18915082922734255
71,0.017148097116152554,0.27868485674029664,0.006571425582687129,0.008223954500182751,0.06405009581415881,0.003785065480347629,0.004307572064514223,0.10794819097556856,0.006810720424439489,0.18051755612831483,0.14002377878268693,0.0068048559167550845,0.014726889365279642,0.008467624171341502,0.0029094296468427827,0.0028283635349693613,0.04266345153668534,0.09067711956507767,0.006346970951251322,0.006503981702447799
72,0.03598685053530907,0.06412750002436438,0.11631891460865058,0.016503154451968642,0.02657771130366402,0.06116956944820865,0.14469800978258798,0.013428299032970565,0.04182446480052739,0.027569044581646614,0.07353999221636273,0.04628404067506781,0.005570633675084135,0.051165374946593054,0.010622915733480929,0.05701766108979383,0.024495851661753856,0.03534892008105726,0.08768388253384049,0.06006720881706798
73,0.02621480478590767,0.0819704187668254,0.026771151832877853,0.023774384535538953,0.03013453478047223,0.010435216454714551,0.04475627366033755,0.027462747787188754,0.02280230005273018,0.03798074786776418,0.05609865834897288,0.02667311094291225,0.3835526026458351,0.029853057200377408,0.01913999720777104,0.03303810863909996,0.05271085583672658,0.019040359919228048,0.017546423987311197,0.03004424474740829
74,0.04507515798929183,0.08145086959014097,0.007050494353879654,0.08479436960477997,0.07330292740044854,0.05892682972921499,0.05138145084690689,0.03544397875978445,0.0038407071858081628,0.07633951777641323,0.09339772606919068,0.02825721767778766,0.0020051257481481406,0.03259038848765702,0.0014857779946048778,0.0536908350610737,0.05748654020573505,0.08992657181368358,0.014163150481988103,0.1093903632234625
75,0.008512092955475095,0.015454204218678555,0.015115950588546286,0.020694655393110044,0.015304879206376737,0.711294810817253,0.014093586598101839,0.020367484432589785,0.016661830347618235,0.008368267900728928,0.01669736865946007,0.013620554971755548,0.008844516482399258,0.016951605670312824,0.02124170999329074,0.007772397659982809,0.009814735012309998,0.02098199441822121,0.02411379831520423,0.014093556358584865
76,0.05949643718186561,0.04218628371526318,0.00723931553781794,0.008373975071200468,0.08144060657369709,0.0020269229665403968,0.14247231538636448,0.025504083820402042,0.1130249283699256,0.0553659950634122,0.017337995639996318,0.008461269933757641,0.0021635520573301094,0.02489688648043822,0.1323400770390059,0.061032941242722266,0.03659077514159564,0.05928535996854814,0.0032470950585919115,0.11751318375152485
77,0.04026166345794172,0.3073909277654153,0.007814211477934528,0.017646380645713153,0.007093689737486817,0.024549761499176873,0.004210538248187635,0.037311291800134566,0.010911050986552652,0.07166509587104773,0.008924812423254115,0.005741660300333178,0.003178468394977116,0.006203954029895274,0.003899991974199372,0.0026792103891485203,0.23456332836337138,0.19004840936792117,0.00919190592334466,0.006713647343964234
78,0.03029137388653678,0.1754088895069578,0.0372926008810496,0.007994039864990992,0.038229933801226496,0.01304985262780673,0.006862305128641107,0.10394888601770835,0.009238132222068018,0.057995896661612895,0.129121342661488,0.005446099977195519,0.0037855421141686535,0.007709825061179572,0.0033316775272528645,0.0025259185960190187,0.06823165332420573,0.2362875980315325,0.007189189965425665,0.05605924214293375
79,0.018106587178278333,0.016416787029769415,0.7063739777271331,0.017653283576796592,0.018349933427174926,0.027261552427065287,0.008307959513849888,0.016055456227411745,0.017810714082126367,0.005726319728940152,0.014591848878650976,0.022155314759958408,0.0063679444296522985,0.01703750399278277,0.006616171586112192,0.005865982701634251,0.006077237608166862,0.020841565924402023,0.013584655844314326,0.03479920335578012
80,0.0047889855688810455,0.011716368125476643,0.007296163396289228,0.01139660886613343,0.053289477250746446,0.006176493416682792,0.035160295266876855,0.25703245402388925,0.012017266959125751,0.4687346724259465,0.044726267863426594,0.007038627415275923,0.023858099182035544,0.008783002320958614,0.008938552282739494,0.0034058826035821567,0.003873892003520909,0.009454757706706835,0.013121686082478903,0.009190447239226966
81,0.01782412634546231,0.027723538813380445,0.013176995843506506,0.03631094642859561,0.012323679370765351,0.6855716841755769,0.011317943703465207,0.0109780624931788,0.018408595667498282,0.005677244792341806,0.017586460908821856,0.01143774154196702,0.006899185788612975,0.01713613634614184,0.03889490316261109,0.005745557528037426,0.008753554709534771,0.022498266163899463,0.01974037128049372,0.011995004936108567
82,0.28565921329520855,0.4435713388238959,0.005439003785529899,0.006831621273783296,0.0075202038272320975,0.004434563750355885,0.0053532970858271856,0.0059294127081186265,0.006718057719707961,0.0019962136799018078,0.00557803927165459,0.0057902225247602945,0.0024692337599519706,0.005464361251715434,0.014573432678430911,0.10653457586201925,0.037920535341630174,0.0031561596711680087,0.016217108510094353,0.028843405179013785
83,0.011023611637135703,0.025410217125748102,0.03448545324207224,0.015224785233738823,0.01383527089027632,0.7418371191122833,0.008128220068361966,0.013478567194592358,0.0168694630435039,0.006167028947048323,0.013796997324220066,0.009113648148759203,0.0052506201654291896,0.014113090720215805,0.0038765203474054786,0.02166582201515588,0.005495676899289612,0.011381605166838546,0.018694520992738307,0.010151761725186953
84,0.017953712822196478,0.028483545239595696,0.021233302420315247,0.021544424754596125,0.028789559865994414,0.039694697410259244,0.03592304254256731,0.04685355000649595,0.05684787549969343,0.027436407180163543,0.03906867004843716,0.02493305060115572,0.029531587360803347,0.02863356722966132,0.3842216722831422,0.03616453805872563,0.059585460690111385,0.015815187982591867,0.034882583542276004,0.022403564461217884
85,0.04267197118471874,0.028365760619968046,0.042757408469816724,0.021578499287140056,0.047237843868982006,0.35721316744213155,0.03748062229980292,0.032713439588102196,0.02911985740502767,0.024214995876812,0.028963411076772753,0.04877153051733032,0.02258997704187674,0.0423612187030383,0.027364200548119208,0.035834562314855024,0.028488344149527542,0.02109538185519444,0.04831724110023314,0.03286056665055071
86,0.027106378410406883,0.023850071172111423,0.021383509061491942,0.02730551510213478,0.013534917055792055,0.6714710194290092,0.009335216486949122,0.01624748164962739,0.027206944503574585,0.006752201894827472,0.02184636772514805,0.01572781279021835,0.003959232310416957,0.014950188245600134,0.005409499361708504,0.023857764009276083,0.00744756435100397,0.025205353581449545,0.025367658645358986,0.012035304213894581
87,0.010520725304776882,0.05664386699689479,0.0170818138413485,0.027591449901274212,0.023695279504354117,0.026644325625977728,0.014074835171096749,0.022365650233814163,0.02156480720143348,0.010751307305831119,0.017431481157129683,0.015441668354052968,0.005834132346153174,0.014513936050854832,0.0202657859970576,0.007341359305609629,0.008873976138891815,0.01338230881371137,0.6522405739346409,0.013740716815096306
88,0.2701661196509418,0.21159095385825755,0.004462397936455758,0.0076934768783057965,0.0058605884101068486,0.07736673250377288,0.003603025825045694,0.012257293991469072,0.009441614548375898,0.0022026307602180943,0.007908947203838602,0.012564713941051669,0.0011011793844631368,0.0068378899963117785,0.0034885774747747634,0.31192970250342494,0.03454853450586926,0.003419498647952249,0.00787285485365849,0.005683267125705741
89,0.001947715284906888,0.01671863540008481,0.015250780772253466,0.00533933649644749,0.0919525325130193,0.002005478324319173,0.02705427936009907,0.003151952683484557,0.004403023934135381,0.006510625856141705,0.006000582841649207,0.008368094115510677,0.0030881125612117312,0.45520632505384645,0.0017004687185992538,0.0031925505412050523,0.002017618644409066,0.002494212194145663,0.045631375860588165,0.2979662988439429
90,0.004709891705982936,0.02983821548941198,0.06066377155979707,0.013840012967929102,0.15652561795231254,0.005717283206955471,0.016564264993856416,0.010745539917215573,0.019404486955334074,0.054216358087943936,0.0113360660437368,0.018242457384960976,0.003049480192063987,0.0104937896794196,0.004570076013066787,0.02652707142368256,0.00421929898616934,0.023009765723441888,0.11486151888089711,0.41146503283582186
91,0.10485861543918638,0.07746376275500244,0.0020418971580623523,0.0025263035188194034,0.0022305272463946013,0.01767284424242835,0.0016293585582143131,0.1992133803928972,0.003158336813235168,0.05423453116326812,0.1371578642819586,0.001382603212313514,0.00135292235851978,0.002634584182795536,0.000841445806380726,0.1567290717864171,0.10698569070175803,0.12303809792985619,0.0025782724884626713,0.0022698899640295023
92,0.47443311974324887,0.16532051892997943,0.012799502137966025,0.012470131786893468,0.011287401848215774,0.15419048665367815,0.005365252162291989,0.010771878482267794,0.013557291934176202,0.003601785443643851,0.01281674064414528,0.007018178414755033,0.005931569256067413,0.008020962096133974,0.002709784889062071,0.030476000470882753,0.00917339666313469,0.03952509577797861,0.010272049119161887,0.01025885354631666
93,0.1087665015844304,0.07747893644021889,0.002563125021539292,0.0052073972126861915,0.002790013483428873,0.1182802972869611,0.04937668113402429,0.010509919544888604,0.003860151377334297,0.0010440419340826098,0.008125646482034819,0.038036984581640246,0.001157949663660922,0.008487574533658036,0.0015010556060993717,0.20842375316192896,0.3095785704655296,0.0378219484064388,0.0044832043184838835,0.00250624776093074
94,0.024370012679122123,0.04641995529837375,0.10304935465504166,0.007862686760604193,0.005916569838064406,0.02182487207720887,0.109121166747331,0.1278409191141795,0.005804125339281209,0.10570432486723967,0.04007426728132959,0.09247670278966556,0.0027813853296081684,0.06003311317085331,0.0022898080610262543,0.034163530434229275,0.038273481941939,0.08416532754009383,0.03968205390174216,0.04814634217306651
95,0.05153815942225589,0.025170863803247186,0.004418429253315189,0.003012021177151263,0.01444987704785974,0.045345517787928995,0.03147006215365724,0.04509637816939816,0.06934139115731072,0.07001065170539524,0.09537604238520342,0.10951562146791348,0.060925551609937005,0.05733235012935876,0.12611514763538964,0.0724119318822553,0.06789370049698602,0.0384021602541702,0.007863452432846306,0.004310690028420268
