site,A,C,D,E,F,G,H,I,K,L,M,N,P,Q,R,S,T,V,W,Y
1,0.010417596394930322,0.04060360042096683,0.02038038532738369,0.01714120104152895,0.012164312948122525,0.026785610969893264,0.032810152853917314,0.014821612414047605,0.0645849982460324,0.01399662960589594,0.013690912484384189,0.021847638327965803,0.014227435122782378,0.018878272257617266,0.6023418261603188,0.03495166605957915,0.011609346292453871,0.006854118792205044,0.007622976276250753,0.014269708003723906
2,0.015904757907749298,0.014309976341408986,0.015176895100956014,0.02996160210884774,0.015383519153981487,0.6363696644055808,0.04092713585627567,0.016047349637056573,0.012715638949904025,0.007055111379994112,0.013520573569232988,0.023577143841576727,0.03817789350925648,0.02444797689706424,0.02038480680538512,0.011585132636514641,0.02144626781895831,0.014709853268145105,0.01125736475109759,0.017041336061014
3,0.008305075196788381,0.03474259691875214,0.031032297452002706,0.007220635295192396,0.008418784829548023,0.784572788080254,0.008274079398017836,0.011463668567600586,0.01211712407325993,0.003447906825031105,0.01151161394291968,0.009211502040613795,0.006022389905055887,0.009325710141832057,0.0033753632751791648,0.01998742229836844,0.006769849298986928,0.005834630707048144,0.008786255730324493,0.009580306023224242
4,0.05926638432841271,0.027329965548406363,0.01094496822809392,0.024428248236982055,0.01297492605997417,0.6952168384370908,0.014391560044790693,0.011657046697105405,0.015090707727979935,0.005540818163838142,0.014376205206809305,0.014659862724336102,0.006729013182159213,0.01571646942194372,0.018574314941037017,0.0055891955092752426,0.009719119688791683,0.010557335896037995,0.012969457799786937,0.01426756215714858
5,0.03648339386964101,0.06996748056474865,0.026795941478315814,0.034641053644435996,0.03246996441536378,0.03197873097385373,0.06815622908198632,0.09813295492398534,0.05870707439196885,0.04965475729632139,0.015410032931330508,0.04971084486553655,0.002936387976817548,0.11546543406261545,0.055797284813193584,0.07903784438172795,0.07000425002686293,0.0731009066617427,0.010238816575501804,0.021310617064050116
6,0.1447878115308264,0.07655522612340207,0.004780593252264485,0.013678828406230326,0.005920253437360469,0.496491212384465,0.0049290081224356045,0.006397914770672738,0.021047711306110155,0.0019260112257716933,0.005048095620682736,0.00614722187762726,0.0023458791833372568,0.006433388493575287,0.01907062286463504,0.15494371001376742,0.006289998109217951,0.013396901521007516,0.0043360863809311844,0.00547352537567951
7,0.04912434462099376,0.054496553120348595,0.06606284573392819,0.10354441293237471,0.0368775469607498,0.009721759197742458,0.0705972014416503,0.03994070992970276,0.009394710430153276,0.03896845304559939,0.07142545524422271,0.02765705811786779,0.007008856790418117,0.09589090642096734,0.0077398516771566405,0.056060129110924097,0.06077050057367704,0.06388006412013472,0.043390087686260584,0.08744855284512773
8,0.04326134584361125,0.06364428906455975,0.008351485318395618,0.007676970075036752,0.010787821026083364,0.0031307404813735304,0.009363755583600255,0.023171164136446366,0.008590292914389031,0.0025094473958119736,0.008271627993362719,0.015015071267648715,0.013810743821023803,0.007637079676518843,0.0028583608280446818,0.09426528135965415,0.6494190635266539,0.01533766942057851,0.004937560317220664,0.007960229949986073
9,0.047745884092113895,0.20234001284321806,0.0025188366340788753,0.003932715083524253,0.0033791383741635754,0.012712580296034464,0.0022899687814833046,0.10668343936006414,0.003199855459787541,0.1719868106610879,0.007267747079951171,0.014816576553299632,0.03538474264865947,0.006573550288231456,0.0007958108421001186,0.05102931766457008,0.13675468023353282,0.18655599486918967,0.0017550693922870622,0.002277268842622487
10,0.010951664274213239,0.009939154500467144,0.009149218347017818,0.06485938482575691,0.013089635280769644,0.7332815203310394,0.01115505086106802,0.010580079655994414,0.01373651662327939,0.003734733654211794,0.011948918727749726,0.01391503113258456,0.0048954085814917475,0.012159185734442308,0.03209729101658261,0.005467601712014074,0.006567226893848307,0.014963762948624804,0.0069497942070047575,0.010558820691839436
11,0.0684608168959328,0.11382005068551612,0.031206477711426088,0.09719393998811653,0.027180604405736473,0.01450061421251358,0.07153925245136564,0.04110291828820366,0.01725107811449975,0.04393261996299361,0.03934210136095736,0.07480681264311104,0.0008644225652023532,0.08557365343337886,0.02483169495854204,0.023307912978455816,0.020422836463913904,0.11092206483895412,0.05683057117804806,0.03690955686313222
12,0.04595905483041095,0.01835243874212021,0.0056339872108942726,0.025831717794895303,0.05922004373008416,0.028628533482417957,0.058450227974595086,0.06325685462933191,0.12053857956566184,0.07333168497764295,0.10239199846555382,0.06889630185154999,0.002279367765238895,0.05549299744231154,0.07715947878499184,0.08843958917475933,0.024917964852134086,0.06569085818046237,0.0029237019647068213,0.012604618580236674
13,0.017514701534334837,0.04958868811013515,0.034214848114869134,0.032147140621688816,0.03963103773271081,0.014183836647551067,0.026043262336067984,0.02495155594070185,0.03042075202217433,0.030542274765757868,0.02565354749978515,0.028774624059858707,0.0336649327343621,0.06210884972811056,0.03204124470762756,0.04002628333388252,0.023567077344525733,0.0119532235629366,0.39167765145687533,0.05129446774604388
14,0.008601674168688182,0.019247422961060096,0.016900512474520353,0.026027905369580964,0.02120828421581075,0.010672253124688839,0.030700220428736553,0.04720619499000448,0.4792363232161116,0.007613779494207289,0.011538606995914094,0.03719747886439068,0.012908819652841538,0.04756052275435832,0.12624051798178842,0.01793080899651926,0.03373458789790048,0.008813472596562339,0.012498751865682351,0.024161861950633415
15,0.05434662551707092,0.02554712269760442,0.047228018767665254,0.031850016620000386,0.06086456398144278,0.10967642923885353,0.09521812152553458,0.04281201661228928,0.02779773977319983,0.05216822595137,0.08541263461388232,0.05710836318562604,0.0014404732351436915,0.08288297836966918,0.034098048570431,0.08153936288971572,0.05128902718623548,0.01632262316849236,0.024404607309304743,0.017993000786468476
16,0.07251788169605433,0.05743230710347814,0.021600945878847422,0.07257435630693755,0.010518942435515159,0.0586682543878733,0.009445344418351922,0.02483747381394025,0.13593476807324428,0.05435666403164923,0.038922603806758764,0.06950513111315904,0.0016835699118309272,0.08000306637041006,0.09639793732640783,0.10071489135649436,0.05986062892085189,0.029561733182439775,0.0009797637568159088,0.004483736108939847
17,0.00260588752902409,0.010916393903565356,0.006143532348013022,0.005461342096518797,0.005674914379026456,0.0027080003614528615,0.00690558500295739,0.21119861153479236,0.005744216129199484,0.2645487126022971,0.22587684225405377,0.007663263226439883,0.04157112323507055,0.010365839011759736,0.006923964036905571,0.0021491496716419902,0.01690377791133659,0.15536943804507655,0.0037857619707891573,0.00748364475007929
18,0.09125710335746673,0.04541374831986984,0.03373543888251375,0.006179468821529254,0.00942020833770094,0.06211426664820874,0.021755043139575533,0.037344523234427614,0.047715951607921823,0.014176850185499986,0.04636515724083176,0.22110016734495935,0.0028028662909198817,0.0740401973387197,0.04314802120515904,0.08665742435360438,0.060561790839180625,0.063135144628923,0.0059822638544896325,0.02709436436849839
19,0.03638829194424388,0.07472417003872653,0.055347501767747574,0.056318460235034694,0.03426972694642072,0.09576673551105042,0.054891177369276054,0.062249201715883044,0.04756438147743433,0.061383645394747964,0.04203461474023303,0.05455270586698693,0.0026840134736971157,0.052405462606780404,0.0422949876498395,0.08041507666105427,0.04417186066670719,0.0719795261345125,0.006355232013549023,0.024203227786074834
20,0.01256038385276588,0.11604784577714258,0.007935912927134326,0.004853196915206938,0.17079494097724024,0.0035216533883511915,0.00816519904896045,0.05986975741098793,0.005174430781793853,0.24108797158970807,0.20765025310078014,0.00733047830365643,0.002125196721654367,0.0476174380307061,0.0034522861586558443,0.0014744830016194257,0.0233642681908932,0.026597145097509208,0.0027624837484846684,0.047614674976749226
21,0.08030626798574265,0.043465152023647625,0.09600024668888157,0.05896554575966668,0.00697237893201598,0.05645277740430647,0.05270715426272463,0.012365550796072973,0.0547760122911093,0.010261997296910994,0.013458403629771016,0.024843884089597555,0.06505034837234075,0.10893523134967359,0.04585596286589148,0.08723208635384352,0.11212047947203849,0.033867993594250155,0.0028051430487731474,0.03355738378274143
22,0.08573963125804882,0.017521699462840514,0.06006287258308611,0.05099063631667129,0.0050725948944849615,0.07813996511497397,0.03695041549940669,0.003637058305697203,0.03221298151536462,0.017315760039421597,0.07705117891636515,0.06098447007257498,0.09688001912394834,0.11159235539244948,0.05900032184712925,0.07901101077431343,0.10333909455969599,0.00989860898708161,0.0036719623583736914,0.010927362978072386
23,0.060124244706754135,0.0743966194083182,0.032372573160912944,0.04735916588669356,0.04479355874274093,0.05832687917869738,0.09872503308560555,0.0820343383269368,0.019147857049504616,0.04000916286339245,0.04856695727370882,0.06930249707606399,0.04388453626769681,0.06231120857036585,0.025394155012708364,0.05677657179543194,0.04305582387572964,0.0585368172358121,0.01989428711871466,0.014987713364211251
24,0.06104921461120314,0.09760964095734666,0.09900809594854625,0.0910884089735349,0.027715232765833694,0.037858902490139595,0.06937630029034862,0.028084273423276396,0.03844937900882674,0.032998853631837695,0.07613063199470493,0.035357934705039645,0.01734214963984958,0.08079340637687328,0.010970792288780586,0.08720720713511454,0.028219449803006398,0.05265446986200895,0.011756044243773823,0.016329611849954555
25,0.015077524545595935,0.0629894504812349,0.02483941203806836,0.01354725149772882,0.44970894350868296,0.007836009415681019,0.028260468178003272,0.05209871251173713,0.020337981615554425,0.020629042295713038,0.012554399369779498,0.028163684590156737,0.026495127758940067,0.024551247564868157,0.01644977913612593,0.02237210648271753,0.014005936444421505,0.01418604936602113,0.10551837824108862,0.04037849495788098
26,0.10102946959656553,0.055955312329700385,0.02554864352758793,0.00782728742940399,0.040403063166906214,0.034805787679559295,0.06953186189221905,0.055307932867836244,0.012646621175537748,0.06983175877682107,0.04718860458105688,0.08972860940439703,0.0048810796076208226,0.04872011403723575,0.0504003960590857,0.09029003860265472,0.06317914105278646,0.06470331618690081,0.004144364759233345,0.063876597266891
27,0.006144362104414396,0.03380363036191567,0.0493687352512062,0.01660977889967542,0.006419724028627887,0.0049827119979965655,0.03857395052173351,0.048005444767699544,0.08589023448967568,0.008892133497865842,0.025954309351474,0.1048539541194423,0.04629702822249309,0.18988753937273942,0.08823079875570629,0.12263246794650559,0.08894319621234041,0.023403766510362814,0.0024505269580881793,0.008655706630037221
28,0.01168035742187065,0.04131060355030325,0.013680068208066196,0.00959779158593184,0.21571253616060249,0.005784040477772575,0.047272082171739456,0.01659476886127061,0.016033033700988568,0.005069304514278878,0.013202235728439402,0.014591898665775076,0.010800720434160615,0.013400390260210782,0.006030288764210743,0.021215868446482364,0.012505606703044195,0.006426796543580139,0.010884816756451681,0.5082067910448205
29,0.010728852723510035,0.018467219790152173,0.02433542361833712,0.07153115606063928,0.010987958516437994,0.007346494097782722,0.03184391677633879,0.0382532412084025,0.4577072128223695,0.006274365711773701,0.010576911967282217,0.028837766397255545,0.012265685008241694,0.021969805340802746,0.12596328006234184,0.007101848041695788,0.0287702467832864,0.06090863567884685,0.010148316556541971,0.01598166283796123
30,0.04451512484839737,0.023366970215758297,0.008070589017980894,0.05171766178223151,0.035108255139266666,0.04890630834185407,0.016322874267572,0.06826854655250733,0.1757127469489543,0.0769747143652096,0.025981820181554968,0.019441923297247518,0.007075390911897986,0.02737542069519228,0.16830953407199678,0.08593257389789223,0.0269471569265661,0.07815499589295974,0.003164013250399439,0.008653379394560888
31,0.1762994359258036,0.12916355721491637,0.013925127254203255,0.009408135655767327,0.007292421176190796,0.025758366523370865,0.056587058155214004,0.009960772378204719,0.01344653566919951,0.026259211212639674,0.015422642254569737,0.14590897771041983,0.022481925737585288,0.04144004034893161,0.01994158841583112,0.14663435858514284,0.07938431210995169,0.036443296817571545,0.017744952151205553,0.0064972847032807165
32,0.14929345289584026,0.043845343642419966,0.027512974239672458,0.01006216508481431,0.015957164795217593,0.3495461433745165,0.05460966710463042,0.013572982078774441,0.009285810962420012,0.0048232164606674165,0.010380984310488827,0.07959613157709415,0.006361711928618108,0.04002759495124844,0.0047669307233016295,0.1375158521979507,0.006116595347572647,0.015088868392481632,0.010861825234172003,0.010774584698098503
33,0.008597213276989413,0.1692890037949596,0.017880755936382105,0.029483289143857973,0.043127731817177106,0.008399021297370862,0.02050499396431094,0.3663335921823145,0.01312105589520787,0.012407118776931425,0.0163816416161662,0.05014725022763065,0.00932654658045156,0.012361081719517823,0.0066996727253548485,0.015196963986579524,0.04914703765454335,0.10617723980613712,0.020129138018929963,0.025289651579187153
34,0.05018972544102447,0.042187876272961645,0.006874720405919652,0.0033419392606751316,0.005660599703596026,0.0052759110560471325,0.14434212169498287,0.019319646091179674,0.017115024992907915,0.09453519510682776,0.04317565437052474,0.020061170290237965,0.009708029446938323,0.0609869255265163,0.014094425188674682,0.06517117176563325,0.11657113924835971,0.03937225567913478,0.19776255340620363,0.044253915051654324
35,0.030731030267574663,0.012253182497623813,0.07143983120490575,0.5280628415741557,0.023623104170372687,0.07344003759488907,0.014408069735315457,0.014279006147915567,0.034886954124312634,0.015450294599870571,0.013219938675637664,0.014747848793383242,0.00729548881617484,0.02785712776457674,0.014659174424680793,0.016193334791889218,0.009559707214842839,0.0244072260785715,0.01919434118058615,0.03429146034272108
36,0.07387950876002132,0.13697510301828933,0.007299191241784804,0.02270890404070809,0.0067006854741232386,0.011429467930935364,0.007360748430282024,0.29142402670410333,0.008766622665320922,0.008396846915685291,0.0408933368622661,0.009986519801768557,0.028057019219460095,0.006809865818165883,0.0023966681833723067,0.0117576834098196,0.07912251727545727,0.23019725599055146,0.0045788648761701835,0.011259163381714872
37,0.13752787540380088,0.05285141338916633,0.02805406441519377,0.061311672877347914,0.052157809850712875,0.022473136078245658,0.0358922281476449,0.0424586353419237,0.007647931479178419,0.03945241580031029,0.08895682260876384,0.04468635116348109,0.09070357452813212,0.08801558961728546,0.009756841612969547,0.053419001204242124,0.02385332703881192,0.03400548110494581,0.02300018972092231,0.06377563861692101
38,0.01573322037307345,0.03145646683784289,0.03025916385352839,0.0230675855059142,0.02242959522586896,0.03360530148254285,0.028584364830721045,0.05400447574741844,0.047668572283257736,0.013151892237563204,0.018702230486434848,0.044799187137650666,0.03273984420359132,0.03203919846706277,0.4494422721452351,0.04392535641536581,0.017181025239170047,0.015812394167762124,0.018166667208567272,0.027231186151428888
39,0.08965950527175251,0.017584576534173755,0.1377733418477408,0.17957516455832662,0.01393245599586712,0.03447537550529148,0.05217825661083966,0.031602964894358446,0.019331403457889692,0.03629766038404033,0.027743554653592576,0.12901994535204095,0.0017568668378794804,0.04459708422987295,0.002751201769779908,0.040657078639758135,0.038963169995322684,0.04568005399528973,0.039480068461303586,0.016940271004879607
40,0.028705177692926964,0.005953094988583141,0.0636005088724753,0.1441199144146843,0.0032598586899545987,0.049369923022870854,0.04644548477793508,0.08105271700296984,0.013895387905514141,0.0605789442391452,0.09594225306007452,0.0831716052223537,0.057602996274985704,0.10368392507683047,0.01538837537359118,0.02306526235408938,0.05519801789615756,0.04247933225878241,0.0068510419578195975,0.01963617891825606
41,0.4377216641565293,0.02515987317550212,0.0347028426905653,0.011952320899931193,0.013855150665295028,0.004877046010462962,0.016064538736956253,0.015396412580686513,0.012179170890539976,0.004230171134408473,0.010959468330227479,0.011813534364426288,0.01507883182469199,0.012988799850843162,0.004905235966304513,0.23790734252146623,0.018175113618699033,0.07911326990083035,0.02218750999129265,0.010731702690341306
42,0.08260840598225871,0.02660141722339956,0.006045760111338466,0.0070733479281424256,0.006225751364743567,0.008568030528139026,0.03226003690843006,0.1099969083034155,0.12273338574588888,0.01767379969432232,0.02207479268255307,0.00728258176699996,0.005236071860707478,0.122926446605038,0.17413088942963303,0.06811501580887055,0.07188285795594147,0.09778805913076231,0.005285635221207449,0.005490805748208172
43,0.09676008533969777,0.032356668887824756,0.035078737420800345,0.03752572256944973,0.021489041752776807,0.030488350111518042,0.059806247499896915,0.06333358016679859,0.01643016277943642,0.05725486090331334,0.04631061324472148,0.06631979497741705,0.0019367860676358319,0.052238177481798174,0.10857714465798779,0.07325531375497187,0.09640394164051562,0.06953013093563079,0.005164822032575564,0.02973981777523315
44,0.2067071795343717,0.12757153138892727,0.014453008553024182,0.078745850322571,0.03707102734336697,0.013619796005474048,0.0591477205316701,0.007940984644895925,0.009502815442378295,0.07147850167313405,0.09914166259677705,0.06297478102225788,0.005904874020143002,0.053086584245104464,0.03027704542427644,0.06851866812232671,0.007811762230383249,0.023166161294563125,0.00846906246307514,0.01441098314127941
45,0.010462064102644343,0.018397790794990987,0.007451326344165944,0.011602111233222868,0.1599021490100356,0.005702281740372962,0.024462997012592656,0.12618833704870422,0.007488261300980791,0.3371911689612449,0.13206070040949622,0.005533043067358879,0.01706628282517839,0.0217531883319827,0.025809597635599646,0.0026173743655917097,0.003947157737995355,0.05314436256705079,0.015323253546419108,0.013896551964371952
46,0.06067722521937393,0.05939929005902135,0.03249268538871155,0.07327922624971388,0.0261633394075779,0.06894140352704872,0.04547839030137511,0.08283323128823579,0.0760304727045926,0.06162031523469531,0.045940493927118374,0.0807310288860203,0.0006372180305490054,0.06482534508429871,0.02709697920409271,0.05310405775110312,0.04024775872767977,0.05069257655087707,0.008745310097353567,0.04106365236056121
47,0.0329645326462757,0.09828572020624836,0.11311394764640834,0.08952401491139589,0.014216274466398917,0.06812550156478862,0.03845427394256416,0.028466089885411834,0.040599196963180186,0.025195668160262537,0.04014198876077524,0.08780624144925951,0.0008916074395607507,0.12555656024474343,0.003597289222440203,0.06890313037801012,0.05371242458459432,0.041727341976326514,0.012439954126231305,0.016278241425124126
48,0.06103442695607913,0.062300969868788185,0.009968329013309232,0.02157149908058385,0.013628153465292087,0.19034718916816573,0.10735959862305719,0.0032600420586218824,0.09807633692943563,0.020985771408195786,0.05050420579754161,0.08407273522472274,0.0017829520945147294,0.09098668423676688,0.06882708587459609,0.09944502928383755,0.0017502737054820323,0.004047206747210081,0.006138025941233082,0.0039134845225665005
49,0.0665910396920003,0.1337048005406564,0.07970884102909323,0.019893268498439025,0.08980259134944793,0.013130403418512498,0.017653914537901914,0.03392141525370071,0.02869090321917083,0.019538997779414095,0.05191988004680742,0.17292299912214615,0.011031467489933998,0.049307647003850784,0.04653668537872066,0.024594070254155703,0.05013297247132249,0.0671401393998753,0.007107004859828274,0.016670958655022317
50,0.046631105409051285,0.042380812691660726,0.08243179273871361,0.0065146432424663045,0.0690264699520191,0.021311804805082636,0.0325121437478498,0.05306948918509574,0.027356659339511823,0.13682838192007113,0.06245656353398543,0.05581135330277391,0.007330317595028378,0.022498978491925323,0.039931284305261425,0.07940549853013368,0.0493928977667972,0.038795748371880344,0.02282973043214841,0.10348432463854372
51,0.055677656375926234,0.07829177557526219,0.16714621070128752,0.06371656885359739,0.0764860476425745,0.05417268732972235,0.06851699309495254,0.014469787384786178,0.012937203543258911,0.014145670604053098,0.07144166061018675,0.0538884217168475,0.0028611183741589215,0.03231280331568869,0.008358321519727516,0.05636296532920236,0.06198892405682562,0.053593954235849256,0.03048490216672232,0.023146327569370174
52,0.07812433395748403,0.057468725667689353,0.02824700973927146,0.050309450020495666,0.008833527612815402,0.1365590674459838,0.04888837140194412,0.00369433480918633,0.037639214839716204,0.04372024210558192,0.028719977257269727,0.06126829364635807,0.0013833756604027102,0.033910157280505886,0.01983709310284563,0.2080642189413125,0.1273567183124678,0.018092833482972033,0.004802877966963951,0.0030801767487334346
53,0.011565797591129268,0.014166291285814186,0.026865907427804005,0.019964027717951086,0.013297402496190977,0.674807693786583,0.013515105155756883,0.01798358434306914,0.014813347832233223,0.005963368302010085,0.018707675120411445,0.018382484158839606,0.005956875444100414,0.018951926317345016,0.06333777904890442,0.005953398586193498,0.006791171007954024,0.022905641189326486,0.012231246098454836,0.013839277089928492
54,0.010503693917815703,0.02862057871656085,0.008516739237993724,0.005255140098548086,0.2492133547330831,0.002355448704588095,0.27680426674006753,0.014723598574357169,0.004120912398303525,0.007519173917895332,0.021727240566488983,0.013364686592730228,0.002775731158166517,0.04167931802497645,0.009103800474319641,0.0015796147538986222,0.003489747275132414,0.023290567308517918,0.1121273104611889,0.1632290763453672
55,0.23360948665230236,0.10452956522974464,0.030045250769365123,0.010635168473629362,0.005466941091768422,0.017561540261094865,0.0044329056366010176,0.006230329192095259,0.0050181206497869335,0.002225083675945314,0.005711646849673798,0.018708357493508136,0.23527231867872841,0.006462949771758623,0.0023803798560001295,0.21247420147175972,0.05188823632812639,0.031780316683314935,0.00860502926303718,0.006962171971759437
56,0.05533974713957182,0.06912895538681575,0.006551802887376783,0.0566776360562934,0.00905453929709882,0.011199306240860199,0.010236128763018068,0.025984137049140276,0.007009275527370076,0.005798337621939872,0.012047956209056245,0.007050016885208955,0.1530035065461842,0.007530434322256212,0.004140601034336276,0.0030615338676475063,0.016179335090736567,0.5252891927694663,0.008345967941797273,0.006371589363825384
57,0.009735665402916796,0.011851046495069305,0.011716746695552366,0.014443878441645365,0.05926314954482336,0.013309897763201963,0.007052168128671075,0.012357682249223486,0.01708131193254063,0.005781067403026033,0.018135240714966163,0.01235294860697326,0.01684833093025109,0.012244590084461675,0.005554855650821638,0.6945214184153428,0.008471046667681495,0.007218659075336575,0.015828437023728305,0.04623185877376668
58,0.006539278566661073,0.03628822854762098,0.018646965778265842,0.012872392377674536,0.019610445474456846,0.023406403196066718,0.012538990949976762,0.01765770041840213,0.05163396278709577,0.008913016669853958,0.02078384132000339,0.01043577540454916,0.01855311239909773,0.03669322162382001,0.5043695082900239,0.09378154295150543,0.05227500226690381,0.009461380271161982,0.03041619374103433,0.015123036965825652
59,0.02143126208730235,0.013433249235148569,0.010879090539960808,0.03482097117776268,0.013761811800750314,0.7221342960997336,0.011604800533097174,0.012811775686009648,0.013470528713330734,0.0043459505550499326,0.017000447461005347,0.009687187931500389,0.005910934064799259,0.010467732304068528,0.044207435203315285,0.005863593070077612,0.00731106948121709,0.018644076373894116,0.012845080413798476,0.009368707268178157
60,0.19488210233524492,0.10318094102636706,0.009343560461061363,0.007868360089854212,0.011223162517096173,0.014899101750010081,0.0074749743216362815,0.01544137938789317,0.026668106272490933,0.0031807983760190144,0.007128433467069912,0.02818630177056941,0.008525695555817975,0.0065887514525971415,0.009156306629038805,0.223497795224719,0.1528459180373753,0.14459486601816407,0.007081608454753414,0.018231836852221784
61,0.14996869652418163,0.11729620670593745,0.008307650697001937,0.05105743217057267,0.059996130156527785,0.02048957043121371,0.02081171664192312,0.01233295243996001,0.02555422446655516,0.007480273251198473,0.02871065035056302,0.0251810397371243,0.034586038126547786,0.02055056619412772,0.0061519604329824925,0.2462870758922103,0.10309244556879016,0.0190387860638041,0.017894008203728905,0.025212575945049283
62,0.05614697589855284,0.011275230282466565,0.022283431778707483,0.03029067156514336,0.01779437124714082,0.006060353408231272,0.03983783141364795,0.015614759382382246,0.5130950764331779,0.006458899589371896,0.028083882588141342,0.032217918441297226,0.014752300389426173,0.02687350588842719,0.08206260509555148,0.014293446829438911,0.03810945427278647,0.012145642554624646,0.016042808698472147,0.016560834243012152
63,0.0038178281525685044,0.013246039707592723,0.006669490438770252,0.009562152404569224,0.2812333678820276,0.003948812042784584,0.024354936126195378,0.06752574260263379,0.006136312341496435,0.45466538436809406,0.016655682139682087,0.005379002249677339,0.021923111955197173,0.0077803868717180764,0.009482755336975016,0.0026329513968450084,0.0033105741152904293,0.04415610040406504,0.009810715815509817,0.007708653648307483
64,0.15663870069706404,0.0487026686576688,0.012942146052458284,0.10240844302218456,0.019569699200003208,0.07483595751296702,0.0036875444789780496,0.010682249314862027,0.02854725570024201,0.031646272225640704,0.08559889298638287,0.006464569340483965,0.0011700445672219871,0.11741651594744512,0.05670748897704345,0.11354716045222431,0.04432244321813055,0.05608182456370705,0.0178975453879047,0.011132577697387276
65,0.007895150582823862,0.017424319127582567,0.011710780412218623,0.013619806919742091,0.12557947804698866,0.01253965970338651,0.009155244303073082,0.008396954978284268,0.010264913936138513,0.008060666318689055,0.010117770195850626,0.008148551377386992,0.005272278295020636,0.010797906080615028,0.04240863697119622,0.0035865996476003906,0.005918906477045304,0.006678662690925353,0.6107015971998326,0.07172211673559956
66,0.007474652660637555,0.05486674992033694,0.01530054593640955,0.011375605735798934,0.03094728380324102,0.006971701106438907,0.009158219982942079,0.01724934621085753,0.011569255884623703,0.4672905814863301,0.22545552227505444,0.012296837817367342,0.004181492911284123,0.013282073121002647,0.005942737799101862,0.02772632618992784,0.00783165287677705,0.03833736036489498,0.020777445608611465,0.011964608308361914
67,0.21495783270878574,0.016772767814537938,0.012751030715004637,0.023310789114032306,0.010092389858221187,0.020880000468926897,0.009654551583046829,0.06879391625302722,0.009927692812334464,0.006509589069010974,0.021077286832261233,0.008569768270594582,0.006664467638740847,0.012328643346650394,0.003963836523420499,0.05940376987875622,0.1793614991811541,0.29852921761893125,0.007686172334578133,0.008764777977984563
68,0.012492423278805592,0.02125993250383952,0.044107979310580754,0.6335850138708637,0.017499439464321757,0.026458619297608926,0.015191988609379897,0.019548418082427507,0.04928560874063006,0.005065342167242019,0.01687555164712617,0.00846505356395739,0.004047188727850119,0.0134896111900292,0.012755099963938692,0.026314143332528836,0.005124048768213329,0.04283438407171072,0.013791585511568763,0.01180856789737702
69,0.008995029993311936,0.01456635094059101,0.016364181441721193,0.014197511915159583,0.013186757664571632,0.0788992973005849,0.008957491969690493,0.07710314806833525,0.04362871460776765,0.004961099474535383,0.012401181371608458,0.012031648040601441,0.006019039767336263,0.012084369216397854,0.5935082718799984,0.03507597112940967,0.011929043349297317,0.008868288963069603,0.015022031916907735,0.0122005709891042
70,0.09778388112128489,0.016771908431286554,0.11895353400152453,0.013935006139845623,0.005598043655201214,0.5354911747367369,0.006412346257231809,0.005076685364064881,0.006900498326326587,0.002033631533101724,0.006702201288491311,0.07119050778961644,0.001707599111606042,0.025479229155868983,0.01904601535870081,0.03243034926278036,0.0022614241403829563,0.017602233358280504,0.008399845840598767,0.006223885127069067
71,0.0021954131680788232,0.016459694885644395,0.008332004854465613,0.005670646294210946,0.17748714741540444,0.004783411827796622,0.05244195919933877,0.10200164815363662,0.004025080689613514,0.2508785804911003,0.12848117727644803,0.006426256218700486,0.002336789648525913,0.0037434102467688666,0.0021169619358600913,0.0034738126957785612,0.004221710326176716,0.006626680412693284,0.028570670650618076,0.18972694360913991
72,0.018020854995905583,0.27875862837388715,0.007220734674519056,0.008421116389351928,0.060551970890774964,0.004197751807552066,0.005069055134023452,0.1049592150797891,0.0070950691574628395,0.17939899591257388,0.15335518118002486,0.005589546358472298,0.01236179921166373,0.007998663485959406,0.002966999197212169,0.002841937442955104,0.04126715217963162,0.0869485554065315,0.00675160959903497,0.006225163522674237
73,0.03484223080262981,0.058616154723882846,0.11545132059197703,0.016360680110055134,0.026654537544914383,0.05934297395131034,0.141878910560947,0.01273520078756511,0.04650559634095303,0.027954543868775657,0.07957994917737019,0.04697780110978727,0.006349884983343287,0.05177691446816213,0.010087149677754296,0.05460969186582584,0.023560814806076927,0.037409888320718676,0.09011893111424328,0.05918682519370777
74,0.026842993712224258,0.08638071652002463,0.024938688677488427,0.026646430813460933,0.02970279912767947,0.011855677724643727,0.04917619256656612,0.02650788177882043,0.022422227882704256,0.03673045155133453,0.048890982443085956,0.03203763358515363,0.3831568457319252,0.02669413251905181,0.0191103234790002,0.031107119779789433,0.045282216028723,0.018451255611239833,0.02039157049442548,0.03367385997265871
75,0.045978376377179504,0.08536112494961363,0.006500530117689951,0.08137041880176002,0.07376266640728425,0.060421758631035084,0.05075601435817685,0.036121328780682145,0.0035295515306208417,0.07621938978593933,0.0922997955779218,0.025504664405906017,0.00198040587536062,0.03396400786920758,0.0016130545889429212,0.05273575938291455,0.05862528990611777,0.09048888816038111,0.013711571149068617,0.1090554033441974
76,0.008299743561845088,0.014742309512837823,0.015858191335098686,0.023418816922007757,0.0158024299997218,0.7109260247856544,0.01396969714972427,0.019085015760804833,0.015452861138654728,0.007750302819856954,0.01733600504862269,0.014306252570562976,0.008483198065694544,0.016860889360912887,0.02156233488648441,0.006853330513526123,0.009098344536079751,0.018507966385278435,0.025230202337725056,0.016456083308906824
77,0.05691704770969868,0.04208929239433978,0.006333388874622369,0.009054621423616934,0.08349396412044345,0.002034928496965069,0.14877140396677088,0.025884720481416105,0.11315664525819412,0.05412179630185238,0.017432470458419915,0.008375979837740332,0.002290380468826335,0.026985199216409267,0.13244571772228458,0.061228539392030254,0.03649606930601495,0.05823717531970484,0.0033835471102273353,0.11126711214042244
78,0.03623859933852078,0.3082117176562139,0.007454167035196306,0.01898339639346231,0.00756967710854413,0.023972355592719537,0.0043495643068079265,0.03657910013687617,0.010987658204408297,0.07563886568876009,0.008485325859694491,0.005229527543637477,0.003190963819145943,0.006243015619400345,0.0043094338362482856,0.0025534056774262196,0.232077370538601,0.19253706588821937,0.00967044668461789,0.005718343071499515
79,0.030008785938691114,0.17017260846831536,0.03533895671596132,0.006997790559962471,0.03600641247190024,0.012404348798636014,0.006774036237295621,0.11132907615713812,0.009098073227128228,0.05636051258848986,0.13956431825148302,0.005366263885289018,0.0034343805295537605,0.007006640677054186,0.0029954404626798257,0.002738477083069712,0.0663204676491793,0.23377448521104793,0.007374098674090238,0.056934826413034656
80,0.018267844081053395,0.01692806670062229,0.7024763001655187,0.018733332938068184,0.017114924441040343,0.028763548107793416,0.008027769147165622,0.015176691343030634,0.018026950154278683,0.006084307724961512,0.014050703290341306,0.022056945329064142,0.006432875324166376,0.016986098904388007,0.006406700385985958,0.005946432021525941,0.005748185007019999,0.020613536452313203,0.012715315849015956,0.039443472632646255
81,0.00472647158079401,0.010357174982108785,0.008502599096822475,0.01077510609669204,0.04643285934638477,0.00704021582011057,0.03395720892845914,0.2582670858439236,0.012413922481238598,0.4788312752476938,0.040355836051356175,0.0063472168279708,0.02288018988514923,0.00971554133970711,0.009489199596063671,0.0036537379395225893,0.004055587395426954,0.010180548647715145,0.012736773930493979,0.009281448962366634
82,0.018811246432564897,0.026215339422790446,0.01173711542197142,0.038338774839121646,0.01193476178593901,0.6887515953165657,0.011911677495224884,0.010686816003798484,0.017466704984720454,0.005059068849650053,0.01813163700959415,0.011622759226955466,0.007025809483597457,0.018030314399086797,0.03166550248032195,0.005705125712007841,0.008561577982556556,0.021470259375978705,0.023149317121543077,0.013724596656011048
83,0.2840948693467142,0.4432008229682201,0.005611361923848982,0.007171388224458375,0.007792858794615065,0.004134023512166071,0.005734756838186855,0.0056642279560201346,0.006546400434693698,0.0020834805962344177,0.006217916573563256,0.005341537880643918,0.002458009591538328,0.005368581003412889,0.015460542435154417,0.10609666351605497,0.038615241208167624,0.0032780291781655934,0.016639300422869232,0.028489987595271906
84,0.011085555047788154,0.026244742146180965,0.03513615034201183,0.016342561365798057,0.012818602871317933,0.7458824835429652,0.00874884552206972,0.013771655666038543,0.01746468295733834,0.006432203020764976,0.013712415731013937,0.00829049255786671,0.0054136584880251,0.013213371460202154,0.004341805500401638,0.017750006767605055,0.005099080323573169,0.011127033485043921,0.017080358615642378,0.010044294588352211
85,0.017542618005448478,0.030393474134427747,0.020659644196481558,0.02232744191641425,0.030562540749952804,0.041538827623934994,0.03417397700668482,0.05246019131608854,0.052159457193201454,0.025251099111693334,0.04659718059599647,0.023354014942206312,0.029702136805979506,0.027753135232096115,0.36833583523680663,0.035849367730538886,0.05726493198094408,0.01631930523975638,0.04161129839830691,0.026143522583040767
86,0.043758075810376176,0.02456427432081343,0.04478092706159174,0.02540503227997187,0.05036234863692481,0.35754686868757296,0.037672730244590294,0.03385519829266305,0.030466232137516754,0.024159353060842305,0.023369052125830563,0.044491768877174515,0.02853475353337329,0.04077420342608036,0.028662970639546707,0.03301671572939329,0.03033062412737353,0.02141733970763615,0.044757107765148046,0.03207442353558018
87,0.02777534912953116,0.022864292892284994,0.0212357025509943,0.023901652289187177,0.014107791541979128,0.6719345568943023,0.0087065172203147,0.015501517808046483,0.028807261456413418,0.00617681954613755,0.023102660960978544,0.01604731046511138,0.0039084827190545655,0.013651292451793418,0.005316335231666217,0.025630193866459625,0.007446630153587636,0.026947245761758016,0.025363110878888387,0.011575276181510972
88,0.010416114875790495,0.06222689204029831,0.018756231364088882,0.027294496908452,0.021424878493295385,0.027414999203234737,0.014162604831415342,0.020985503899233156,0.019936216625969495,0.010500800962485622,0.020617841758863397,0.016147344901130956,0.006368338514718029,0.01406937095059084,0.021098045056817838,0.006467876452539613,0.008612952251477388,0.013369088371716402,0.6459552942854393,0.014175108252442866
89,0.2719453782420141,0.21271182893263899,0.004565098872572138,0.008286255187776627,0.005543569881791877,0.07707653604111624,0.0031671299122210997,0.012188900448437902,0.009361840651451032,0.0019517222580790658,0.007314628552313569,0.0142372522061032,0.0010769219058333833,0.007031126618778633,0.00324808673812298,0.30964770156431515,0.0338334738354884,0.0030935523895461417,0.008265215161573263,0.00545378059982623
90,0.0018494068740704279,0.017602336917682954,0.014326653993061768,0.005524080411580975,0.09078065403804449,0.0021003298503661965,0.02686072957344004,0.003430516113343881,0.004332592978567994,0.0064643387355298445,0.0063184466769012,0.00828381050088961,0.0029723348971878393,0.45818888468609376,0.001609024539716226,0.0031670654980745956,0.0021358210027162643,0.0023103497616052977,0.04526926772051226,0.29647335523061435
91,0.005083286654830163,0.03048016845073987,0.0560247330559011,0.014048097402622667,0.15577911160618896,0.005463327025816183,0.017370947049685816,0.009685300410310708,0.019159131014766562,0.05650539092200188,0.011559105111195345,0.018139608571724117,0.0032188143065797915,0.010332050135139262,0.004290881620590888,0.025738093667217167,0.004530846021661852,0.023173043306780126,0.114718187407087,0.41469987625916055
92,0.10458511148646321,0.07847893002490001,0.0020244813789757586,0.002899347535183935,0.0021447836084658198,0.017104428674605397,0.0017163471324170118,0.19649275901734112,0.0034661583044347777,0.05354612065396948,0.13861992770847506,0.0014217852269322068,0.0013687038625352429,0.0028589110141225013,0.0007918252529085288,0.15680793709738575,0.10759303463513316,0.12355596563343417,0.002252601353259842,0.002270840399057029
93,0.47349441334562653,0.16207110329975422,0.01243476247856268,0.011819746579376157,0.010384630541688054,0.154682365484384,0.004592196491135983,0.01074337389135433,0.01432926795767429,0.0038930625849419487,0.013382546754319618,0.006392044586509189,0.006301271671917614,0.008763832174431892,0.0030031192954358115,0.031075869878923766,0.00856907478281797,0.04353582629190676,0.010573777746226904,0.009957714163012258
94,0.10607032674841393,0.07770559728770188,0.0025865620839616763,0.004898094955041988,0.003311240955822143,0.12285190301976574,0.04786426722386648,0.011269183845766735,0.0037931111409063205,0.0011121535894835814,0.008038689195054247,0.037853699808857486,0.0012227919185222149,0.007509542234621647,0.001481880334287795,0.20678078156236507,0.310847418365561,0.03783510685601407,0.004180853501460818,0.002786795372525204
95,0.024686759760401453,0.048061303715150515,0.10037777448748282,0.006766730623425047,0.00630038151608111,0.021896848939695512,0.11019283323730537,0.12816486385108058,0.005963013666756747,0.10619533157463848,0.04152825057407796,0.09312584594042546,0.0026748815992936508,0.05614823966216908,0.0020897532299922316,0.03402840178290322,0.0384604675151442,0.0854289821285441,0.040230723233223645,0.04767861296220884
96,0.050056331773568274,0.023464638119579367,0.004424931069686184,0.0033790164501012795,0.015051377539896708,0.04483528195352717,0.03266510713355857,0.04518532249736459,0.06837857393992552,0.07059435910913704,0.09448682755324955,0.10998709971990205,0.06031208835653565,0.059278955872142707,0.12602990846562936,0.07267597581481297,0.06814067724846828,0.038482534130749535,0.00796683875534677,0.004604154496818377
