site,A,C,D,E,F,G,H,I,K,L,M,N,P,Q,R,S,T,V,W,Y
0,0.014276423908700162,0.0054074440441820686,0.028168149021625045,0.02426992064479028,0.016179947096526853,0.0061022648738667425,0.005958292551977816,0.02080278912410595,0.07103391408231302,0.005603967139959817,0.019678314036316445,0.03309534633380492,0.01699246670882927,0.02912390477374833,0.6142442653792881,0.038708585120924094,0.014276423908700162,0.006804650648072039,0.010112466935329283,0.01916046366693969
1,0.008486520637628156,0.01441521800633358,0.01441521800633358,0.0062263855248330295,0.016162517158616437,0.44919307596494146,0.17778768874478085,0.016667595819823203,0.012121887868962329,0.0061306099567165805,0.011852512582985386,0.02666815331171712,0.13334076655858562,0.033335191639646405,0.0033476736406502353,0.011348150345411543,0.028071740328123287,0.004063987788918226,0.009697510295169864,0.016667595819823203
2,0.0056722251005551115,0.01453637721235387,0.009581094386015935,0.009271906414368931,0.011212537989469407,0.8182251136381402,0.010596464473564495,0.013975047349193753,0.015066847923349516,0.0035192637485195947,0.014835050262990293,0.01095770758061783,0.006302472333950125,0.012523094377848949,0.0038726034823067025,0.0033372204684199006,0.008533435991985567,0.0047844081098013785,0.010834587270723247,0.012362541885825244
3,0.06425681229706999,0.017482370354133484,0.013694523444071231,0.006170824315474629,0.017482370354133484,0.6946680411587653,0.019563604920101757,0.014415287835864451,0.020040766015713994,0.005589601405743359,0.023476325904122106,0.020541785166106843,0.008216714066442737,0.021622931753796676,0.0026961018278159124,0.006041701519443188,0.01110366765735505,0.005074078370281474,0.007320706467457499,0.020541785166106843
4,0.036793123803276255,0.06979359474284635,0.026019541899745348,0.03461476135876236,0.03067567045022609,0.03161472158645752,0.0668830191783618,0.09991504089502212,0.06059677073739492,0.04969423970733974,0.01537942065373881,0.04916318217265964,0.002589830848301065,0.11656754771085918,0.056108230503976064,0.07856661088454343,0.07029192137759667,0.07396418001958069,0.009952957949515609,0.02081563351979628
5,0.15522304218414193,0.07720454505051927,0.004825284065657454,0.004478757509131256,0.0064873263549394666,0.4965896527950049,0.005213030106647785,0.007582589246033141,0.01599614717656307,0.001920590039291289,0.006346297521136434,0.0072081403943771855,0.0025720677178174096,0.0072081403943771855,0.015207039335361723,0.16090612612645133,0.0032617842008075522,0.01096534037591591,0.004526041642981022,0.006278057762844645
6,0.04917115555512335,0.05410273346338865,0.06775605195818395,0.10363678326148362,0.036510425495511006,0.009729927439170236,0.0729319457341336,0.0389051683765696,0.00656764989279744,0.038975962969193687,0.07244540478677305,0.026475557042302037,0.0061040867625307485,0.09758884908870628,0.007300568885418833,0.05712503838141983,0.05994432509311631,0.06403377952172298,0.04304616098432088,0.08764842530813378
7,0.05384014575117132,0.06584851315003101,0.009941415134663774,0.009112963873441793,0.013429630971387904,0.0032028827002891654,0.01007222322854093,0.006574883283128547,0.009222758618904946,0.0028563021095862336,0.010935556648130153,0.009222758618904946,0.005482826061528571,0.009813961094475776,0.002888637605166455,0.0988299915818694,0.6510232105216692,0.011960765083892353,0.0057991588285538674,0.009941415134663774
8,0.04632905498491,0.21450586443139513,0.0024530885081173195,0.003974003383150058,0.0033677994772458113,0.011688245244558994,0.002113831586781946,0.10610203207439477,0.003010608623598529,0.1682810007202431,0.00173316801653715,0.012418760572343932,0.04015880303004929,0.002062388593296912,0.0005654560701421091,0.04989008576248991,0.13896821646598362,0.18820012702476158,0.0018398163810879901,0.002337649048911799
9,0.005137928941918305,0.011541724434744018,0.011060819249963019,0.11948967724858393,0.015026018603723346,0.6743390220056542,0.013497948915209107,0.012844822354795763,0.02041997399993173,0.003738868478860739,0.01561527423524191,0.01942387770725213,0.004826539309074772,0.01474775899995069,0.024689789534405152,0.005380939094576604,0.006581644512374688,0.0036349324120401394,0.007523769093313883,0.010478670868386017
10,0.06928663326098236,0.11495660821586161,0.0319307222203992,0.09694317059495296,0.025234377413237915,0.014475197963440175,0.0715767560589327,0.040572920546774686,0.016350006574688488,0.04282697168826218,0.03988290489121729,0.0745089127325029,0.0008708833955747093,0.08661114317633413,0.024466208810372817,0.0219247139380767,0.019320438355606998,0.11608560035160219,0.056594022506270325,0.03558180730490954
11,0.04592065124473316,0.012359595573116588,0.006179797786558292,0.02375431966122786,0.05922306212118365,0.02714944870274486,0.06159198460603098,0.061463934741985186,0.11967019141297278,0.07515202365722615,0.10887519066965512,0.0693343166296784,0.002121423120758817,0.0565861751449561,0.08078186327221651,0.09067255028208807,0.0240644533223892,0.06573759895451385,0.0029007214100171576,0.0064606976859473055
12,0.02117113634685744,0.019532541240557647,0.0719818635793153,0.05141561684236808,0.023993954526438436,0.00623789998022038,0.03599093178965765,0.03599093178965765,0.0719818635793153,0.008869667698074304,0.04498866473707207,0.05141561684236808,0.0719818635793153,0.059984886316096095,0.00454443107464263,0.025707808421184038,0.03599093178965765,0.010906342966562925,0.302324382163567,0.04498866473707207
13,0.008569281351356631,0.027060888477968306,0.02142320337839158,0.002080264632187487,0.03213480506758737,0.006426961013517475,0.07345098301162825,0.04437449237830583,0.4333992119737608,0.008033701266896842,0.012540411733692629,0.011285968798841941,0.015122261208276403,0.05860749557417279,0.15366092061350453,0.010711601689195787,0.015875923023199973,0.00886477381174824,0.013530444238984151,0.042846406756783154
14,0.05506809941260486,0.022838003820415176,0.0462274259068494,0.03009382795085958,0.059690237257903296,0.11563043529735173,0.09848889147554042,0.04103703811480851,0.025013051803311856,0.051642115380433194,0.09028148385257873,0.0557108881073764,0.0009032017103899169,0.08511385683071396,0.03365037125414298,0.08207940289104841,0.049732810101198933,0.017655837861424672,0.02272820572512472,0.016414815245923402
15,0.07463280039031032,0.05642855437142487,0.01817764175239921,0.07467571746931566,0.009284279389666262,0.058679091099208505,0.002343507261503128,0.02270071693022624,0.14206922844782927,0.05530130747348916,0.03887339837958965,0.07084619349653025,0.0008656019882094862,0.08352210556821335,0.0970070880436554,0.10275644881575588,0.05936136134767866,0.028988325576368042,0.0010371627426293845,0.002449469455997056
16,0.0025176034559243653,0.005740135879507552,0.006522881681258583,0.005740135879507552,0.005415222527837315,0.0023525147047162103,0.006377928755008392,0.2296054351803021,0.005519361422603416,0.24215826387281508,0.25748956097636366,0.007359148563471222,0.04002860533265355,0.005519361422603416,0.004561402147318753,0.002110344073348365,0.013045763362517166,0.14743499690515977,0.003826757253005035,0.00667457660407855
17,0.09510675134137211,0.047203718496636904,0.002945673050297241,0.0074302149485446995,0.005143994964377099,0.0629382913288492,0.019871430497976093,0.03519575501942226,0.053845163745025605,0.015222879406774503,0.046118575542691234,0.22549843861844016,0.0031469145664424604,0.08105689034776035,0.042879713748853375,0.10145900311948355,0.061964977781461136,0.06531677326860223,0.006858659952502798,0.020796180254486995
18,0.03683620906461264,0.07546833298069612,0.054967597366245555,0.05485384381007946,0.034662106852885004,0.09864314993706404,0.054339350527115735,0.0632960212096161,0.045204131770550646,0.06144104174927471,0.04248637040097519,0.05425373246538522,0.001970728060727873,0.05312696943279497,0.042254039920182805,0.08017496019884707,0.044654042360208625,0.07285013761861474,0.005074263455747324,0.023442970818376326
19,0.007595157170882655,0.12430526191417603,0.009530070080086828,0.004671602980434719,0.17742151744842496,0.0036098750303359193,0.004254495571467333,0.07379688511915897,0.005179385913090667,0.23857175745466222,0.20123285991291678,0.0072197500606718396,0.002071754365236267,0.047650350400434124,0.0020804126163722057,0.0014890734500135668,0.014279285979851248,0.02468274785859786,0.0027074062727519394,0.047650350400434145
20,0.08149178868238985,0.0433703688484598,0.09732517295160324,0.061441355868651376,0.0034937241572370395,0.05597898933754802,0.051378296429956456,0.008384937977368894,0.054684378113275395,0.007710923924548836,0.008734310393092597,0.02358263806135002,0.06633750814396602,0.11939243025715782,0.04505065360647762,0.08807614859593511,0.11616661278428395,0.03319037949375188,0.0021835775982731497,0.03202580477467287
21,0.08556441660938643,0.013295830108829544,0.058301711322406184,0.05096734875051325,0.004854033214334596,0.07843181067401696,0.03475046505716813,0.0036405249107509473,0.03185459296907079,0.01588592688327686,0.0815477580008212,0.06255083710290264,0.09891441016766278,0.11703613416784527,0.05747381880377027,0.07933808308495106,0.10530534786758859,0.00908533519470161,0.00392056528850102,0.007281049821501895
22,0.059628318548154174,0.07608230462246021,0.03114533718638527,0.04456824344853111,0.04481413720548852,0.058963786082406676,0.10207664585694609,0.08471531714696792,0.01833664873310995,0.04030875439483616,0.04752473501422737,0.07086350708316447,0.044019689609861856,0.060622865922774744,0.025432411269514805,0.05671198661391307,0.043757911749466916,0.057891028893894365,0.01878388406806385,0.013752486549832462
23,0.06114196186115421,0.10093265940592398,0.10538017751481248,0.09139449315786577,0.024154824473212582,0.03990896137388176,0.0686505537659726,0.02508385618372076,0.0394303728141314,0.03185938055518556,0.08152253259709245,0.031969620626310764,0.014688744612088734,0.08474176183494597,0.009881519102677875,0.0896271118611309,0.025880169078442056,0.05190539175347125,0.009058059177454718,0.012787848250524307
24,0.016512376153699646,0.08852744593696606,0.040530377831808226,0.014861138538329682,0.3757784512708341,0.007430569269164842,0.04953712846109895,0.05613342240425404,0.029722277076659365,0.0015063864183808985,0.014381746972577108,0.044583415614989054,0.04953712846109895,0.03715284634582421,0.00782165186227878,0.0023188515561149083,0.01783336624599562,0.005871265924092828,0.10559230014076355,0.03436785351506894
25,0.10369069980633086,0.05695189747948193,0.02371376778262769,0.005687512265496507,0.03968674372539855,0.034230397894191945,0.07368016157031165,0.05460011774876647,0.010581418168365596,0.0700981903870718,0.04679088104947481,0.09744134799011232,0.00329710855970812,0.04706906702479868,0.050337752234854156,0.0903969867263223,0.061790256711566995,0.06331053408687244,0.002993427508156057,0.06365173128009112
26,0.001549063204057353,0.03299925219242129,0.048939568929438355,0.015418339920002666,0.0011313426003836178,0.004267144680054477,0.03484834822044489,0.046076083513354196,0.08822716732001526,0.008165514281817152,0.025302261668158077,0.11228912204365578,0.049708175037679006,0.20381891060024915,0.08760420409092423,0.1219807717618684,0.09090380465429013,0.022754239793007884,0.0012339463960841296,0.0027827390920938996
27,0.011922419912629037,0.008073829969115633,0.017883629868943554,0.012193384001552425,0.3034921090135117,0.005768912860949533,0.018690114807823337,0.023326473742100284,0.019870699854381724,0.005588634334044861,0.014903024890786298,0.019161032002439526,0.013085582830934311,0.01850030676097609,0.0070593275798461405,0.015612330153769144,0.012774021334959682,0.006096692000776212,0.01375663836072581,0.4522408357197348
28,0.009894208957297654,0.02028312836246019,0.031204812865323363,0.16929351268165907,0.0109638531688974,0.006240962573064672,0.01763750292387843,0.01440344933811008,0.3412495001016662,0.005268345029210438,0.010401604288441123,0.009284161597873207,0.01193125197791776,0.016226502689968152,0.2388731669648646,0.00633847761326881,0.00913899610929448,0.047327299512407106,0.009014723716648975,0.01502453952774829
29,0.043202099898679486,0.01722940888816384,0.00861470444408192,0.06995927076419077,0.030630060245624605,0.04790616129879702,0.008989256811215917,0.0664562914257748,0.17400588544070097,0.07636819074753702,0.023195864178193897,0.009529327918529593,0.0073840323806416445,0.02739693358735308,0.17977962266293437,0.08809471674991598,0.028950572537093194,0.07952034871460234,0.003389391912425674,0.009397859393543914
30,0.19370571740180953,0.1422898036983856,0.0161261777524837,0.010078861095302311,0.007679132263087475,0.021990242389750492,0.05375392584161232,0.010750785168322466,0.006450471100993479,0.023796630350158592,0.007679132263087475,0.1727804759194682,0.019740481067811684,0.035835950561074886,0.016126177752483692,0.13543630860912972,0.07890455533600318,0.03146571268777306,0.008958987640268722,0.006450471100993479
31,0.17772141097033806,0.017049846664056855,0.00412515129676875,0.012563401674917422,0.01914423112368369,0.33827362666217065,0.05243854612139446,0.0160811541438943,0.010865644691820475,0.005154216071760994,0.012563401674917422,0.09137019399939944,0.0068140483660569075,0.032162308287788606,0.005154216071760994,0.157651154125113,0.006281700837458711,0.007754010602859964,0.01386306391715026,0.012968672696688954
32,0.008437669307814996,0.19933993739712935,0.020846006525189996,0.04429776386602874,0.026022619296827733,0.006969455219241584,0.02531300792344499,0.29822186640692483,0.014765921288676247,0.004784343230758069,0.01699846198396882,0.05894349648181603,0.009086720793031536,0.014175284437129197,0.006443311107785997,0.006267404659128567,0.05498490890235751,0.12335060215647788,0.02531300792344499,0.03543821109282298
33,0.05550396327166679,0.042209340593790855,0.007158309223508392,0.0033172652499185227,0.005666994801944144,0.0033582191418928247,0.15374803288752809,0.0033638824516700316,0.013269060999674091,0.09498962715639707,0.04080236257399784,0.018000441824583966,0.006093929441749899,0.060003474373526225,0.012593321782098096,0.06342729590323005,0.11436734242051595,0.03711179075256643,0.22101279727582157,0.044002547873919225
34,0.011847560769344961,0.015299962308050202,0.14016637218268735,0.4638444725691976,0.03239992018175338,0.12432688586128327,0.015299962308050202,0.018359954769660243,0.008938240683320083,0.008473825278304727,0.01573710408828021,0.019671380110350266,0.007868552044140106,0.03269191699865988,0.007261859012099693,0.008099980045438342,0.01059228159788091,0.007335281379636242,0.03059992461610041,0.02118456319576182
35,0.09246744420534245,0.1345573628987318,0.007073872792390473,0.011100592772327217,0.006877376325935182,0.006977062384197449,0.007073872792390473,0.32788356321485573,0.009903421909346661,0.005030129299579647,0.038573358741930526,0.011253888533348478,0.023806302666698708,0.007073872792390473,0.0022305004300330316,0.008687212201181283,0.07297258248992276,0.2086655047142858,0.004761260533339741,0.01303081830177192
36,0.17597579168308775,0.0537500895489276,0.01599779924391707,0.06399119697566827,0.0269778427864305,0.019695371236018718,0.021330398991889425,0.03839471818540096,0.007998899621958534,0.03839471818540095,0.10055759524747873,0.03199559848783414,0.11198459470741949,0.10665199495944712,0.006934709527464117,0.055240938539992956,0.019689599069436393,0.03199559848783413,0.004354019831477061,0.06808852468291626
37,0.014418501522622466,0.06344140669953884,0.039650879187211774,0.024400541038284176,0.01982543959360589,0.001799094071476581,0.039650879187211774,0.1104005810298586,0.010792519938137537,0.010573567783256476,0.014418501522622466,0.1586035167488471,0.039650879187211774,0.05286783891628238,0.26669383177293493,0.04764839986782877,0.015105096833223535,0.011748408648062748,0.018659237264570253,0.039650879187211774
38,0.09324306380397339,0.021342589345313932,0.1585764726230443,0.17974213507904196,0.00790466272048664,0.03886010958688229,0.05335647336328483,0.02667823668164241,0.002967480815695378,0.03508370851284482,0.022078540702048895,0.1395476995655142,0.0017934949029675576,0.04280344119773226,0.002845678579375191,0.04076674369329628,0.0376633929623187,0.04887939317212322,0.03658729602053817,0.009279386671875623
39,0.02818767291949624,0.005892928639841232,0.07076137387143783,0.1441585071526371,0.0030516951884892083,0.0495379862272235,0.04430609310695444,0.08156348958325706,0.0018817162914403118,0.0609561535738991,0.10052642973846808,0.08544746527769785,0.05919889751265342,0.11093179702718668,0.013536232123199656,0.02177005484782111,0.054509589918531394,0.04278334772658997,0.0035603110532374115,0.017438258219938337
40,0.41041835279730454,0.014319372431769893,0.025290553514694752,0.013523851741116009,0.018031802321488013,0.004925334331627043,0.020285777611674015,0.02212993921273529,0.014319372431769893,0.004507950580372003,0.01281207007053096,0.013523851741116009,0.012071772610421432,0.016228622089339215,0.005235039383657811,0.24481034031507037,0.002792791190527845,0.10014449487910197,0.03245724417867843,0.012171466567004411
41,0.08012247721332857,0.026333854409319034,0.0063440084597063675,0.007023723651817764,0.006555475408363246,0.006509463310603655,0.035891272216542376,0.11346015129859463,0.13110950816726494,0.014707509277132698,0.017101240195730207,0.007564010086572976,0.002887146070157482,0.13680992156584165,0.16566802157226876,0.06771766717084339,0.06735077474345802,0.0955226416647216,0.005175375322392036,0.006145758195340542
42,0.10025151343104587,0.03562065502175453,0.031531562740590185,0.03504727705312985,0.017813285444359388,0.03062554200330222,0.06648449388112315,0.06187772838566945,0.013063075992530218,0.05712944878305547,0.04468947050076128,0.06531537996265109,0.0007263374902779638,0.05056674577753634,0.10995121995186252,0.07631377331263715,0.10279141764613943,0.07045254467881466,0.002721474165110463,0.027027053777648732
43,0.20499167549354244,0.13102254872196317,0.012134461546147838,0.08110919682788197,0.03356242627360633,0.012093138031744976,0.05615252088084137,0.009358753480140225,0.011060345021983903,0.07035978520009038,0.11587028118268854,0.06441024453978861,0.003752848168515691,0.0526113709153829,0.030415948810455746,0.06798747207298006,0.0012927806863996846,0.023123822007247465,0.010579460455810688,0.008110919682788197
44,0.0056422931883230365,0.010217125503179554,0.007875700908700907,0.013501201557772983,0.19780632054824462,0.005815902209502207,0.017441231986778483,0.14108336679799424,0.009220332771162038,0.3192877754163528,0.1417626163566163,0.005727782479055205,0.004796069716035093,0.015429944637454838,0.02241230566778522,0.002739374229113359,0.003937850454350453,0.05040448581568579,0.017183347437165618,0.007714972318727419
45,0.060253329779649964,0.06090825727725485,0.031436519885034764,0.07454252461812327,0.025491793368313448,0.06912514409767127,0.04430391895562498,0.08495719498930646,0.07614380670174295,0.060441621435211375,0.04474352991797855,0.08276933889583452,0.0006899236234311064,0.06436535895115737,0.028220490138290415,0.0538571995593782,0.040001279546256124,0.04910409159207694,0.007328107675903374,0.04131656899175997
46,0.03241462975732697,0.1080449164880604,0.11194831428697549,0.08966192136134031,0.011631629765461046,0.07102501203943444,0.03721717464011265,0.02652011586525118,0.038384378226021455,0.024109196241137436,0.03788587980750169,0.09520408126636014,0.0008554876085564899,0.12740055660757924,0.002762512069296998,0.06895139454845753,0.05229318621317134,0.04074466551168917,0.009822265135278218,0.013122682560987788
47,0.059865735605633776,0.06479950766292666,0.007037050605928688,0.0032487765564335703,0.010890673556794402,0.19309452029862803,0.11058222380745082,0.003688776527301329,0.1034613987895468,0.020394000163678684,0.051978214702882365,0.0839546860264277,0.0017592626514821726,0.09334863048680914,0.07324384567586766,0.10268349353549007,0.0017458331655929955,0.0024089341351384613,0.007147004521646324,0.004667431524340458
48,0.04863014752816735,0.12613021852336884,0.07883138657710553,0.008585278151282781,0.08759042953011725,0.0073592093801390385,0.013138564429517588,0.017518085906023446,0.01051085154361407,0.0034169471451201863,0.03372795526289602,0.39646226737531387,0.007507751102581479,0.0286659587553111,0.0286659587553111,0.012365707698369494,0.03153255463084221,0.04407221636875253,0.00477765979255185,0.01051085154361407
49,0.04615261728743156,0.03934222174851141,0.09682929127862061,0.0061199011608795515,0.06688177697246939,0.01991156285726604,0.03239947673406822,0.04895920928703641,0.022031644179166386,0.1497463315302715,0.059669036318575626,0.051839162774509145,0.005322243120355664,0.018359703482638656,0.038979062778525156,0.07697858753475527,0.04665390635428488,0.03751737510831726,0.020028767435605804,0.11627812205671148
50,0.05441507260823177,0.07542496108177277,0.19466968700255116,0.05991113129405027,0.08158950117018687,0.05439300078012459,0.06973461638477511,0.010485400031448544,0.009170351016969648,0.01246506267877855,0.07252400104016611,0.0537214822519749,0.0009287248282271152,0.031081714731499763,0.007685631792035956,0.055432497364458856,0.06091839353353868,0.05076680072811628,0.025596706249470393,0.019085263431622663
51,0.07517705146019409,0.05210347951202682,0.02594482427137861,0.058434735273528327,0.005795467239840416,0.13410322725525617,0.047088171323703396,0.0034646815020785097,0.036778926714371864,0.041534181885522985,0.024902398296189295,0.0609376334777338,0.001339288647862281,0.037500082140143866,0.019773934185656237,0.21620686892815508,0.1355606417594856,0.014733697588908695,0.005495701692952119,0.0031250068450119893
52,0.00805539098499503,0.01802873220451269,0.016110781969990065,0.007450645353893774,0.01646101636064202,0.6389404544222393,0.02163447864541523,0.024426024277081713,0.018930168814738326,0.006257907046194486,0.02611057767550114,0.028044694540353077,0.006363081954533889,0.025240225086317764,0.08447165704597158,0.006363081954533889,0.007351521869801291,0.006883636361526127,0.014847191227245746,0.01802873220451269
53,0.00849236092723357,0.02584631586549348,0.005050865470847728,0.004872666105789754,0.27521540041960646,0.0022348318229562032,0.25196418020694195,0.010615451159041963,0.004186375104974296,0.005145940793935837,0.017745231788249254,0.007990366736701959,0.000906617572416389,0.04167268495327497,0.0007569761347406571,0.001589479317931417,0.0016153947415933425,0.01917629886794678,0.13049237522334511,0.18443018678697876
54,0.226301182090822,0.1074432950571463,0.026619695433067084,0.011192009901786074,0.005596004950893037,0.015688819333886328,0.005165543031593572,0.0070686378327069945,0.005165543031593572,0.0022763409969734387,0.006395434229592043,0.014922679869048097,0.23952326923567646,0.00688739070879143,0.0024198940328186104,0.21161608648033736,0.05573693565999315,0.03163877745090295,0.009948453246032066,0.008394007426339556
55,0.07349782267683765,0.07241741317894702,0.007443601703062501,0.05785698876925877,0.010708339292125,0.004735297800159643,0.0122075067930225,0.0037887974563917863,0.007629691745639064,0.0031423709097522378,0.013269029122850544,0.007629691745639064,0.1623934389897489,0.00939038984078654,0.004589288268053571,0.0032640392494712573,0.012895253654601233,0.5167457742378835,0.009537114682048832,0.0068581498837205065
56,0.004277994724868692,0.012997442110263806,0.01422361589425096,0.017531433544076765,0.10478545715461106,0.007390702376424518,0.0075385164239530076,0.015384727395822468,0.022172107129273557,0.005935839703900007,0.024317794915977454,0.01422361589425096,0.0021163830234600094,0.015077032847906017,0.005710997290873492,0.6375067235192745,0.004545437385637336,0.00785262127495105,0.021538618354151457,0.054872939036072856
57,0.0075743563181820085,0.03324300828535437,0.028494007101732315,0.016621504142677188,0.029918707456818933,0.007149410917451044,0.015342926900932788,0.026016267353755593,0.049864512428031554,0.0039805170922144004,0.01424700355086616,0.01246612810700789,0.0030264187001019446,0.04224353390936101,0.5046484775189006,0.09670693319375817,0.059837414913637865,0.010879529984297798,0.016368836798619137,0.02137050532629924
58,0.014135162819811479,0.016944827166850397,0.01297338329961984,0.011068025244703964,0.017297844399493112,0.7015937051737486,0.013611418543863435,0.015096300566830355,0.017297844399493112,0.004324461099873278,0.023063792532657487,0.012210243105524552,0.006642372249405356,0.01239248553993537,0.07022105608049312,0.006016641530258475,0.00806113137063757,0.007171210004948708,0.017297844399493112,0.012580250472358633
59,0.20076207286144995,0.1356883792188612,0.010547282813373277,0.008365086369227082,0.0110267047594357,0.0008795858778287413,0.006220192428399625,0.008499573555208263,0.008984722396577237,0.0027257023000852292,0.007580859522112043,0.03139727665146572,0.0044923611982886184,0.005916768407502082,0.0020109376755222293,0.20429652601712386,0.15851728971751766,0.16000452438159884,0.007825403377664044,0.02425875047075854
60,0.12355563631010374,0.15918125363794786,0.00918353386372776,0.03987182374499992,0.04897884727321472,0.013090042162634522,0.024489423636607357,0.013357867438149469,0.03673413545491104,0.007346827090982208,0.016326282424404908,0.03673413545491104,0.016326282424404908,0.01836706772745552,0.005877461672785767,0.2737993514788092,0.09908951523892555,0.013609550419131368,0.014693654181964418,0.029387308363928836
61,0.05769218363696059,0.014079640054258241,0.034784993075226235,0.0030155622444207578,0.028159280108516482,0.006667131800675352,0.029567244113942306,0.021901662306623933,0.4985287123909626,0.007039820027129121,0.012415400490876033,0.028247514371853185,0.018479527571213943,0.016317976902527655,0.14452957515293308,0.008447784032554945,0.01730431361880796,0.00671982820771416,0.02039120283720159,0.025710647055602005
62,0.0038507401813329344,0.007059690332443713,0.007059690332443713,0.010814844764594623,0.33826525593187845,0.0040023441254799005,0.015564958635900815,0.07257872160468362,0.007059690332443713,0.4309513876418799,0.009412920443258284,0.005524975042782036,0.008922329428767705,0.008332749244851596,0.005030565729972138,0.002580191390537804,0.0033440638416838636,0.04076284356858879,0.011295504531909941,0.007586532894566378
63,0.16011806164222195,0.04657454006214585,0.010492066717296595,0.10539757929647943,0.018944009350674404,0.07563152726965183,0.0018432009097953475,0.006828702102469652,0.030323392609057215,0.03192267107603006,0.08638468263907528,0.0046498932042564455,0.0006199857605675259,0.12275718059237013,0.057216138466229034,0.11570963036769306,0.04419976433429406,0.05534945340718782,0.016237722300578062,0.008799797891926177
64,0.008633142983042139,0.010816819094619406,0.014388571638403565,0.017266285966084278,0.13813028772867425,0.005882936895320137,0.01132215473185854,0.010464415737020774,0.011139539332957598,0.003879039087920303,0.011907783424885708,0.009208685848578282,0.0053957143644013375,0.012789841456358723,0.053689298331217994,0.003858387925381962,0.006222085032823164,0.008321101670402061,0.5845262957574587,0.072157612992591
65,0.007308652177613223,0.05247237460850519,0.01827163044403306,0.01279014131082314,0.012220145858376155,0.007993838319264463,0.010232113048658512,0.021316902184705232,0.013463306642971727,0.4311517297080498,0.2895950552480027,0.013827179795484477,0.004159395548235168,0.015987676638528927,0.0062390933223527515,0.008581421520419266,0.008820787110912514,0.037299875870125725,0.013221455571381206,0.015047225071556636
66,0.2638667883546689,0.008727311465460028,0.015792277889880052,0.009841996901244252,0.011844208417410039,0.009802522139305629,0.011054594522916036,0.06909121576822523,0.011435787437499349,0.0029467317560006507,0.00474713993901522,0.00947536673392803,0.0033840595478314395,0.014419036334238307,0.003811929145833116,0.055304322578791025,0.19828640805940836,0.27930897931509396,0.007896138944940026,0.0089631847483103
67,0.0054944976900788926,0.029002574107222085,0.05299709948292713,0.5145857396901549,0.020301801875055456,0.001963734443812262,0.018456183522777687,0.02100186400867806,0.17895540988936517,0.004649267604974533,0.02100186400867806,0.008956677297818584,0.0033281642418123702,0.015226351406291591,0.015677875923382864,0.0187401248077435,0.004833762351203681,0.03895038182337738,0.014164047819806133,0.011712578004839687
68,0.008741602959730895,0.018277897097619143,0.020798986352463165,0.02010568680738106,0.01630190822220086,0.1288992148343228,0.008870155944432821,0.09988934664362156,0.03857409975559248,0.0050264217018452665,0.015465912928754662,0.012063412084428635,0.0058560252837032215,0.01370842282321436,0.5105755566869079,0.034484083209366384,0.005744481944966017,0.008262611016731942,0.016754739006150886,0.011599434696565996
69,0.10436392875654399,0.013095706920200477,0.1307644852767077,0.004065148609140592,0.005774016232997483,0.5413101252108236,0.0034897900309325456,0.006226880251271796,0.007745631532069794,0.002029206982842566,0.0069037150611926425,0.07375840091183883,0.0019081943614236148,0.02288799227494498,0.017915204168299004,0.03197022410887868,0.0023436966259399376,0.007891281412731231,0.009204953414923524,0.006351417856297232
70,0.00231965813747105,0.001722255764398441,0.003935134340352674,0.0059558790016148565,0.19248785585460296,0.005008352796812493,0.061665176337219935,0.10594592454795658,0.004320931824700974,0.25503207724892374,0.13491889166923451,0.0032406988685257316,0.0012311034807807248,0.003935134340352674,0.0020789388967900916,0.0011996405480545745,0.0021818566639579184,0.003390269585534612,0.023610806042116045,0.18581941405059949
71,0.013559643407540782,0.30542003255855976,0.006900889948480577,0.008401083415541572,0.05635726791259138,0.0037158638184126183,0.004830622963936404,0.10539541012224883,0.007156478465090969,0.16269766891949816,0.17489995942001815,0.006233061888950199,0.001102099825582978,0.004038287451595909,0.0018254902631632357,0.0025094145267202097,0.03813649708370846,0.0841463355008277,0.006233061888950199,0.006440830618581872
72,0.03166517190259843,0.05937219731737206,0.13061883409821853,0.012906999416820013,0.019790732439124024,0.05937219731737205,0.2050575174542097,0.005937219731737206,0.010152371768933506,0.026414191535633423,0.07633568226519265,0.043539611366072845,0.0027558150476774544,0.04984033711375553,0.007263347446407263,0.050890454843461774,0.019790732439124024,0.03238483490038476,0.09653955427853272,0.05937219731737207
73,0.013662005015922438,0.08259290873653928,0.039002206903365776,0.03191089655729927,0.050145694590041735,0.010969370691571627,0.09035529807009426,0.043877482766286495,0.02700152785617631,0.03546186353220982,0.04387748276628651,0.050145694590041735,0.29502026539262577,0.050145694590041735,0.009487023300818704,0.008826880829071997,0.03951329000487491,0.008357615765006954,0.019501103451682888,0.050145694590041735
74,0.04384370385919025,0.09800783572722897,0.003480834596928956,0.0839940522302422,0.07197137416591341,0.058541309130168806,0.05197402958806401,0.033892336864834574,0.003679739431039182,0.07595359594837285,0.09659316006477853,0.025379439097553795,0.0019813981551749446,0.03090981122072912,0.0016302643048907769,0.052307835225062764,0.05613961439662342,0.09158462583919742,0.00990699077587472,0.10822804937813137
75,0.010358288152583639,0.020982173437284802,0.021534335896160717,0.006664932337766781,0.022116344974435334,0.6900147973554024,0.01741073966072569,0.030307583853855832,0.02406778717806198,0.008894617000588124,0.02406778717806198,0.01948344676319303,0.00985909354282057,0.022116344974435334,0.005429473614597677,0.008894617000588124,0.010627334598105291,0.009696364944841704,0.01701631843513848,0.020457619101352683
76,0.05694273007071374,0.040144624699853186,0.007042916614009332,0.0005740160147589843,0.08921027711078487,0.002100865220562066,0.15388772801610387,0.022302569277696218,0.11256855993336391,0.054992636575141356,0.013982663526074768,0.0022977156194158455,0.002230256927769621,0.02552274437116747,0.13596287637335183,0.061383218195494166,0.03577052724118938,0.0591277418059853,0.003521458307004665,0.12043387409955954
77,0.034183641018694165,0.3702983713637951,0.0075214201409465956,0.021600738329554715,0.004050138436791509,0.01108285964145268,0.004050138436791509,0.03910531697135276,0.010800369164777357,0.06318215961394755,0.007477178652538169,0.0049847857683587805,0.0028174876082027894,0.006075207655187264,0.003738589326269085,0.0024000820366171906,0.2280539489024142,0.16342899719469867,0.009257459284094877,0.005891110453514922
78,0.02686762696637786,0.20019475184324464,0.03389015489655576,0.007273511745169787,0.03263304992560078,0.006811975647089207,0.006683767549615481,0.14055944495263975,0.00915923701243603,0.05283850714207752,0.13561579963574635,0.005261689347569633,0.003170505119689395,0.007728106229242898,0.0027175758168766244,0.0024979737306643716,0.060153907946539346,0.20834406472706063,0.006683767549615481,0.050914582216188504
79,0.006840388326964112,0.023986768198321896,0.7297018922047366,0.014927356011969421,0.026985114223112134,0.0025848312486396983,0.010403899459513113,0.022141632183066362,0.029776677763434088,0.006746278555778035,0.02158809137848971,0.008690965138223438,0.0076418022578724635,0.02616738348907843,0.007574768904733232,0.00664248965491991,0.006799398859366837,0.008271806598185334,0.01799007614874142,0.014538379394853569
80,0.004281863111739156,0.012096263290663116,0.007560164556664448,0.011252337944802897,0.07785713758857173,0.006451340421686995,0.028921559008642163,0.32292101574970655,0.013077041395311476,0.4089891428065443,0.03628878987198935,0.007221649725769025,0.015783634065245942,0.00866364402723314,0.002173552901404742,0.0033369002181139616,0.0036379739220039438,0.004743632663005143,0.014662137322015899,0.010080219408885928
81,0.01064232439216543,0.05701245210088624,0.016628631862758484,0.009316733298102921,0.016628631862758484,0.6731534986461848,0.014781006100229763,0.013761626369179434,0.026605810980413574,0.0058689288927382885,0.024942947794137724,0.015650477047302103,0.007749265334101041,0.024942947794137724,0.0061865867499268454,0.006139802533941594,0.010233004223235989,0.008762820275392096,0.03470323171358292,0.016289272028824638
82,0.30581146180781654,0.448901270846679,0.006294517182292618,0.008134452974039691,0.005412069827925937,0.0030975440161349708,0.006148133061774185,0.0069570979383234205,0.007243006072775068,0.0021669649316089345,0.007145127612332161,0.0062204640389715285,0.002436587296371336,0.005940892621489663,0.0015777086775989244,0.11201555896104431,0.03822212843223469,0.0035249296220838666,0.008065338968980701,0.014684745109522624
83,0.0054979730084092505,0.011997837126027606,0.006173170200024218,0.023006914178065736,0.018311625570297217,0.759393455051878,0.010556113564053692,0.017255185633549303,0.027189989483168593,0.0068493866636989585,0.019505862020533993,0.009752931010266997,0.006021943979493715,0.017945393058891274,0.004722471857602966,0.004492734624876473,0.005678921854079516,0.006619730944359565,0.0256362757984161,0.01339208437230692
84,0.01267903358705122,0.038037100761153665,0.019018550380576833,0.019018550380576833,0.032603229223846,0.021724342457936963,0.05705565114173049,0.19133469706663112,0.05944977520937499,0.022822260456692202,0.11411130228346097,0.022822260456692202,0.032603229223846,0.025358067174102446,0.19163489905877298,0.010217744262423108,0.03902711264026652,0.01267903358705122,0.05705565114173049,0.020747509506083815
85,0.013635890434951755,0.023397643823668733,0.06239371686311661,0.0021406510982999298,0.0935905752946749,0.15705934288661666,0.06239371686311661,0.046795287647337466,0.031196858431558304,0.02079790562103887,0.023397643823668733,0.1568483263015563,0.02079790562103887,0.0935905752946749,0.0033025027759816354,0.046795287647337466,0.03743623011786997,0.005101007044715799,0.0525336447614392,0.046795287647337466
86,0.02277828539190159,0.008746810739435423,0.004989412029295423,0.04176018988515291,0.019273933793147496,0.6346466076157478,0.010157884026118275,0.02147666908379292,0.053691672709482316,0.006771922684078851,0.03956228515435539,0.021057580327304537,0.003758417089663762,0.019273933793147496,0.005833864331907732,0.003923185299202555,0.007830035603466172,0.01852441455891536,0.04176018988515291,0.014182705998731176
87,0.011591948431906293,0.08391872711926192,0.023583619223533494,0.05260961211403625,0.035996050393814275,0.009757415758037008,0.016283927559106463,0.03256785511821292,0.02973586771662919,0.006198690783913726,0.023583619223533494,0.020724998711590042,0.006391822032546461,0.017536537371345418,0.002451839090618729,0.007124218307109077,0.00924222915516853,0.016283927559106463,0.5768805569591849,0.017536537371345418
88,0.27919395757030613,0.2213317151782733,0.005036307467067267,0.00903952622294125,0.006078302115426011,0.0880561608203063,0.003561025481764734,0.004397923538230432,0.010368868314550257,0.0021237441126187267,0.008198640062667644,0.002281588661941232,0.001088091119428113,0.0076639461455371444,0.0012670136914602632,0.29947577540786363,0.03244106737634594,0.0034327846294555007,0.009277408491966017,0.005686153591850139
89,0.0019322947248781271,0.0027358345252126697,0.008527959774218028,0.005539244877983964,0.09031377518452113,0.0020021367028857703,0.014626436133482796,0.0033571181078690692,0.004491279630797808,0.005016674606476043,0.006270843258095054,0.003963756225398568,0.003021406297082162,0.5164971575417479,0.0016291896699952835,0.0011765535742065912,0.0020772168292439866,0.002425946661890788,0.04235893141987736,0.28203624425413687
90,0.005108583538415619,0.006056361052546597,0.06707459329084406,0.018595244079832856,0.193654146326969,0.005811013774947767,0.0035469550111932842,0.011622027549895534,0.02582672788865674,0.05291329616212599,0.014087306121085495,0.010139803400511868,0.0030992073466388085,0.012233713210416351,0.004557657862704131,0.02327422804378551,0.004602783188077439,0.018846531161992756,0.1267857550897695,0.39216406589959063
91,0.10142315551618164,0.07576259839269578,0.000964244838495801,0.002615844190029139,0.0020746350472644892,0.016427233781910938,0.0016483401745389092,0.20987587106047745,0.003085354685675395,0.05294468640618977,0.14309374704375613,0.0013830900315096597,0.0007876082533986094,0.0029348495790570833,0.0007968796870287445,0.15292718535243435,0.10492251829361701,0.12169726929347996,0.002406576654826808,0.0022283117174322293
92,0.4467051707749543,0.17550865901477597,0.005381019318566662,0.014230431812008863,0.012842097001081168,0.15266137795959803,0.0050145331147078845,0.012842097001081168,0.01815606817394234,0.003557607953002215,0.0169847089369138,0.007212684617045588,0.004253962221332215,0.009237297842882944,0.002686357025736367,0.03067139556872084,0.0011065174342007043,0.05701501527288853,0.01196649947828018,0.01196649947828018
93,0.11524368847552431,0.08129843112818788,0.0027763626540361465,0.005682867307480239,0.0032473527471315643,0.1224348441690792,0.048201669692362496,0.0017859143554628495,0.004132994405440173,0.0010361923295690463,0.004229110554403898,0.03764920764443022,0.0006366865829499701,0.004329803662842086,0.0014967222538219559,0.21138556769100347,0.30981875199804637,0.0373533332210593,0.00454629384598419,0.0027142052811845916
94,0.023851068520682646,0.04631946640248513,0.10369161552581445,0.004005066643823905,0.003953163092311147,0.021262192035594544,0.11182667097622565,0.12858201623033053,0.0031059700503124157,0.1080130189321884,0.0408466367209473,0.0943588993555706,0.0018905904654075566,0.058286501795224474,0.001568995180054725,0.034189925591822184,0.04154350663485622,0.08802439958135175,0.037120129869587404,0.04756016639540885
95,0.05062603222605874,0.025763791629979084,0.002892916127203358,0.0034647716407202995,0.012843550047497666,0.044768367904279634,0.03251252124970877,0.04497665827953898,0.06935517025648738,0.07014063581833016,0.09751757272427317,0.11147842181086784,0.06054015773761562,0.05877397030909939,0.12603133454586987,0.07291642676168557,0.06889828507693214,0.037877588275671066,0.005517969650036034,0.003103857928145269
