site,A,C,D,E,F,G,H,I,K,L,M,N,P,Q,R,S,T,V,W,Y
0,0.017651313207394922,0.0066857421078084485,0.03482698636808327,0.030007232452571364,0.02000482163504758,0.022145194481758387,0.0073668089914419276,0.025720484959346892,0.19217318377302275,0.02027500057381776,0.02433018847505787,0.040918953344415504,0.021009417621803122,0.03600867894308564,0.43070078521709687,0.007917718017943106,0.017651313207394922,0.008413242743711599,0.012503013521904737,0.023689920357293188
1,0.010400547122855361,0.017666386563222614,0.017666386563222614,0.007630667363131422,0.019807766752704143,0.3078326165230684,0.21788543427974555,0.020426759463726147,0.01485582506452811,0.007513290837232608,0.014525695618649706,0.03268281514196184,0.16341407570980918,0.04085351892745231,0.01039388284862585,0.013907580911473124,0.034402963307328255,0.01582236748591392,0.011884660051622488,0.020426759463726147
2,0.008017533020547172,0.019229061919491686,0.07975499734524477,0.013105582822048259,0.015848611784802548,0.6561352922988025,0.014977808939483726,0.019753342224536504,0.02129657208582842,0.02376678932311628,0.020968932515277216,0.015488416062420672,0.008908370022830191,0.017701046928480766,0.008717671050246133,0.004717068668481432,0.012061775340646187,0.006762628302665954,0.015314388915651898,0.017474110429397678
3,0.14228258367074942,0.12195650028921379,0.014993300692519322,0.06636499804660742,0.01914038386279062,0.4313538484812558,0.021419000989313316,0.015782421781599283,0.02194141564758925,0.006119714568375233,0.025702801187175977,0.022489951038778978,0.008995980415511593,0.023673632672398925,0.0029517978896589827,0.006614691481993819,0.01215673029123188,0.005555299755682599,0.008014996198774644,0.022489951038778978
4,0.04099443365423696,0.060776298418587074,0.026078291508936997,0.03125488120921289,0.09760296237262972,0.034957795706931666,0.07426511118235925,0.05086508667647905,0.025831209503957574,0.07476464074235431,0.04500710876929286,0.048835079452191836,0.003457149972004823,0.1152412120013978,0.04756106206120698,0.06736009191377604,0.04740537108041588,0.061322122262252636,0.016031942302482338,0.030388149209293537
5,0.0316363251522568,0.044260974386569424,0.01111521497971477,0.010316978623148235,0.023802568447888455,0.6479851439799046,0.012008401897727564,0.017466766396694644,0.01842384948692449,0.00442414806758384,0.014618924049407471,0.01660421003142577,0.00592485027553078,0.01660421003142577,0.0030308312564928438,0.08433980946102206,0.0075136369415949,0.00503552589493607,0.01042589932205804,0.014461731317693415
6,0.038947972784667106,0.04236135215269755,0.14284865231319796,0.19492439106083212,0.02713524886147175,0.016399717097940053,0.02094856874586924,0.02127085441888261,0.004535089324425773,0.019362991118230453,0.07777295508834552,0.015547371502958377,0.004608685124091234,0.09634324440389552,0.005358936190803759,0.09860847039093319,0.04056746785876713,0.025256750492644423,0.04102528954393351,0.06617599152541256
7,0.06385739642060898,0.045619737033335786,0.01728804396774659,0.015847373637101043,0.0233540243073068,0.005569788223918359,0.0175155182304801,0.011433671136536108,0.016038305849596236,0.00496708725938988,0.01901684836452125,0.016038305849596236,0.00929290902806727,0.01706640237841651,0.005023318435911274,0.028997536660332092,0.6391282018407285,0.016572795094141515,0.010084692314518846,0.01728804396774659
8,0.01947236541706383,0.20499090139054466,0.0058267821291302984,0.009439387049191084,0.007999480550161935,0.0021356079296812403,0.005020950558080363,0.14959691994682142,0.00715105079484173,0.22664821914563438,0.004116766432243174,0.005899616905744427,0.06364188933983927,0.00489875883360092,0.0013431188126354857,0.0032538238315959474,0.08300245086979109,0.1856392428493796,0.004370086596847724,0.005552580617171224
9,0.008677707898926145,0.01949340180193554,0.018681176726854893,0.0475600326777465,0.02537820234591608,0.6419028284857498,0.02279736820904326,0.021694269747315358,0.03448832626496287,0.006314763964007287,0.026373425967324553,0.0328059688861842,0.008151786208082134,0.024908235635806523,0.004023841134130518,0.009088140029280758,0.011116072101930182,0.00613922108705662,0.012707273928621098,0.017697956899125688
10,0.0496328964390314,0.07469333423234566,0.07055454329608637,0.15655747926751093,0.008008764747078215,0.011479058934206308,0.02959547205432564,0.09226823640466228,0.009917297625875985,0.04271677611326957,0.04268190527562607,0.03872987700936441,0.0024875708684106578,0.03939305983486723,0.01654145044594509,0.022908522612497765,0.01261871709296018,0.14936354900355073,0.09250482162621271,0.03734666711617283
11,0.03119980668463779,0.025192390490701325,0.015830712166608495,0.01634614474061496,0.09657083021435506,0.006510393048158768,0.01213687932773318,0.0626405385174195,0.1717456648579778,0.10656091609859868,0.06211875325858031,0.08297941459824032,0.005434423579582021,0.03173889002063011,0.036226986027303225,0.044955386479096325,0.015731779864238748,0.15209905758760925,0.0074307424455509275,0.016550289992363427
12,0.023041742727132365,0.028917498372324716,0.07834192527225005,0.05595851805160718,0.026113975090750013,0.009403579051388047,0.039170962636125024,0.039170962636125024,0.07834192527225005,0.017088531201404234,0.048963703295156286,0.05595851805160718,0.07834192527225005,0.06528493772687505,0.041567425875302266,0.02797925902580359,0.039170962636125024,0.01186998867761364,0.186349955832754,0.048963703295156286
13,0.015557470396883207,0.030841501767684375,0.024416188899416793,0.06083314799077037,0.036624283349125195,0.0073248566698250386,0.0837126476551433,0.07665810433099207,0.2785237319528755,0.009156070837281299,0.014292403258195198,0.022200197798682944,0.017234956870176562,0.0219515369556279,0.13928164892634207,0.012208094449708398,0.07482677862952497,0.01010325057906902,0.015420750883842187,0.04883237779883359
14,0.04294553549656636,0.015721109825453623,0.0196318956341296,0.030132127165452768,0.082178528633053,0.04990497930844499,0.13860778496108273,0.09491620057117622,0.004325496348351869,0.03900248370179954,0.19887203929198827,0.017531419441717978,0.0012495222832743559,0.06963869389349084,0.008135674334672247,0.05307312669834314,0.03911335178708411,0.028861799770539688,0.022251416983718974,0.043906813869659764
15,0.07187235888591123,0.08668496305364205,0.014434199499248105,0.07412156499613892,0.005897844956682021,0.07469484048733872,0.001730173997208475,0.023176038632595545,0.11670203850455914,0.035506513337750234,0.023744570604823715,0.05977239023406586,0.0017264297138653763,0.10037900828235283,0.10961336095840248,0.08526799532883612,0.06142052599419634,0.04340644165960939,0.002068604972469325,0.007780135900303943
16,0.002776972630586092,0.015129494221555823,0.007194883633791238,0.00633149759773629,0.005973110941260651,0.0025948760646460206,0.0070349973308181,0.21613563173651176,0.006087978459361818,0.1512856060259903,0.13364499227281573,0.008117304612482423,0.0019872731801713716,0.12845075219189137,0.0019721556678021683,0.0023277564697559887,0.11175194595467368,0.17961956610066274,0.004220998398490859,0.007362206508995685
17,0.11760817097621244,0.02594297889181156,0.004068975236642384,0.010263651163019484,0.007105604651321182,0.08647659630603854,0.05282101646372609,0.08689031805268059,0.012037875024466078,0.038246559667060955,0.05069317714491915,0.1757850054897839,0.004346958139631781,0.0712776793795227,0.0561107685955212,0.019302213700566718,0.07967431683184882,0.06837684359082118,0.009474139535094909,0.023497151159310156
18,0.040320222084178514,0.0664194820421042,0.03029660584376683,0.10380164689861768,0.04485471514531712,0.051650884106728814,0.07294463798855055,0.07209980138173197,0.03424647152451023,0.08479762774256437,0.08028789194960874,0.05083534383135942,0.0006726905934472131,0.06272096993013393,0.00898454321270583,0.04059578259616582,0.04622882671452225,0.07405259575877829,0.016745760320918394,0.017443500334289996
19,0.018959703790387056,0.1298327542167809,0.007501619189810061,0.003677264308730422,0.22872663934360551,0.0028415224203825994,0.03199450014627816,0.07703096955339658,0.03570400740961475,0.128444041849044,0.0893052651862166,0.005683044840765198,0.0016307867803934915,0.059723066939719245,0.0008153933901967458,0.008398556288398014,0.0013771419338577254,0.02686875773779102,0.002131141815286949,0.13935382285934483
20,0.10003423274063004,0.026735982578054252,0.10680752223783921,0.08402737381674195,0.004636175787533515,0.09062456432301508,0.0651549155263507,0.039874808302126634,0.009631596208243151,0.03025100158004428,0.0057952197344168935,0.003477131840650137,0.02319722073755939,0.12246107153243348,0.004858041947140185,0.0662768815157097,0.12446881457581906,0.051689566317571566,0.00923027969956635,0.030767598998554503
21,0.07819693209494737,0.011407226222032454,0.006536544906480268,0.0058846511761896534,0.007846201568252872,0.1617904294658391,0.04174007776698238,0.00937022153952666,0.005149069779165947,0.047702946019408436,0.13992864165693142,0.0775172872815387,0.059998260480957036,0.00971726678173135,0.05442703149554846,0.071557476384501,0.15840725363849611,0.03684682275348303,0.01009100781179794,0.0058846511761896534
22,0.010725435349616464,0.060270027029135094,0.0053103576325739124,0.010645987680360045,0.1238972704179833,0.0035930208421215155,0.059470689800631985,0.1379720003374662,0.004298860940655072,0.08609880113073066,0.07526521158293142,0.01996122690067508,0.08760744626187078,0.04085747445152404,0.0143900917147709,0.009960849859346775,0.009380609957801263,0.15391190706228464,0.03505386187435625,0.0513288691731645
23,0.02468173875319393,0.06977358159785683,0.023654447885310903,0.12908566165591223,0.08039754258189265,0.08722827295395007,0.01435520677622926,0.05009385345487156,0.002331701901185778,0.033683798012758455,0.07838760401734532,0.016044054632256236,0.035201086211531375,0.14793414679944425,0.004933485567525229,0.045699655783391614,0.010336826903386194,0.08410570237152623,0.030149078468209738,0.031922553672222076
24,0.021422899846821455,0.019032309580850792,0.05258348144219812,0.019280609862139315,0.2757967290799517,0.009640304931069658,0.2045002090355941,0.01811240322757664,0.038561219724278624,0.001954362295965237,0.01865865470529611,0.05784182958641794,0.06426869954046437,0.04820152465534828,0.010147689401125955,0.003008441921616811,0.023136731834567173,0.007617289037938673,0.08475995506080544,0.021474655229973546
25,0.1133363753652085,0.05316403117849248,0.05144060644012784,0.017354632477797557,0.029903366730974247,0.02603194871669633,0.1295070882137308,0.04998134153605695,0.0040527239791827395,0.09303810684460466,0.053171639931975476,0.010632608981782992,0.018109181715962666,0.023937424107306975,0.02961634848514684,0.07969232279539276,0.06170535992105798,0.07005539715808186,0.002292988567169182,0.0829765068532512
26,0.0027387509379909335,0.021741906672002417,0.0589611028393286,0.025330376705245534,0.003208132183319847,0.0013450546642377766,0.04498325518345327,0.005809491422133375,0.05533777599926101,0.016080686429370713,0.09189878077856692,0.12078837040001345,0.04765217908761789,0.13215668761413235,0.04643902395961682,0.13004541550257318,0.11871131217195352,0.043720138416526604,0.003716565243077337,0.029334993789578483
27,0.011620470966144263,0.007869350973145254,0.017430706449216394,0.011884572579011177,0.5314929104631991,0.005622808532005289,0.018216766232847893,0.022735704064195297,0.01936745161024044,0.005447095765380123,0.01452558870768033,0.018675756909874712,0.012754175450646141,0.018031765292292824,0.006880542019427523,0.007578568021398432,0.012450504606583139,0.0059422862895055885,0.013408235730166458,0.23806473933703956
28,0.017240222772125047,0.02221739724235861,0.03418061114209017,0.009207025485516666,0.012009403914788436,0.006836122228418033,0.01931947586292053,0.0777912319509081,0.21100589150935373,0.018359717757327972,0.011393537047363388,0.010169531178630321,0.013069057201387414,0.05291099557182582,0.20872381824213185,0.006942936638237065,0.03753102624309731,0.01178081889428545,0.009874398774381602,0.20943678034285246
29,0.027673404082595436,0.016176959578656315,0.016176959578656315,0.06035527887141945,0.014379519625472277,0.04145385936762771,0.016880305647293547,0.09932775393931575,0.1848400100171807,0.013919805356861072,0.008656906367268858,0.11394276970822995,0.013865965353133983,0.05219308290097675,0.10021843260401624,0.07255244635567414,0.09366081230439317,0.029713430665607277,0.006364705407995927,0.017647592267625068
30,0.23075458505444954,0.17335900610805827,0.026454355028737452,0.016533971892960908,0.012597311918446404,0.0060123534156221485,0.03508456075996418,0.017636236685824966,0.010581742011494978,0.016366517164099627,0.012597311918446404,0.21050736455978503,0.0013149689236695336,0.02939372780970828,0.00529087100574749,0.12569921715459945,0.034268640742290586,0.010268651929745612,0.01469686390485414,0.010581742011494978
31,0.205178856025293,0.18116397608234544,0.005617109915751472,0.017107253297357877,0.026068195500735813,0.2610725904862791,0.023801395891976176,0.021897284220618086,0.014795462311228434,0.007018360327121181,0.017107253297357877,0.039640102748613466,0.009278510262973766,0.021897284220618086,0.007018360327121181,0.0856898770083659,0.008553626648678939,0.010558432093941306,0.018876969155705244,0.017659100177917813
32,0.012434502045672452,0.12995079119755104,0.030720534465779,0.06528113573978038,0.03771325345421683,0.010270810815092703,0.03730350613701735,0.24879619836582623,0.02176037857992679,0.006991680770173659,0.025050449668272315,0.028396111211139562,0.013391002203031872,0.02088996343672972,0.009495437925786235,0.009236206493991211,0.092649462571885,0.11014016018928598,0.03730350613701735,0.052224908591824305
33,0.0872395731723371,0.010789521462122547,0.016468216968502838,0.007631612741501314,0.01303733843339808,0.003862915091377208,0.29207621895813796,0.037199205378514344,0.01820529278058854,0.04739155580978604,0.015644806120077695,0.008267236783783147,0.00454911099634552,0.08049595141221012,0.02534131803717726,0.029504340315233517,0.1482114554045424,0.026388479939539963,0.10574240890058512,0.021953441294239123
34,0.018438733878423277,0.0251427292271201,0.020714290328775496,0.4261201597486214,0.053243426598607285,0.07358609350504991,0.0251427292271201,0.03017127507254412,0.01468838685630626,0.013925203879635747,0.02586109291932353,0.03232636614915442,0.012930546459661765,0.053723270715530236,0.01193355585789103,0.013310856649651818,0.01740650484954468,0.04623630992370922,0.05028545845424019,0.03481300969908937
35,0.005337999021455456,0.06125046444715069,0.02022645610175175,0.01573168807914025,0.01966461009892531,0.0065918983720413635,0.02022645610175175,0.2284476782082918,0.028317038542452447,0.024470211333949467,0.009626402542292035,0.03217845288915051,0.021673241265914866,0.02022645610175175,0.006377711383435236,0.019772079751360926,0.07117948710489934,0.33782844657649846,0.01361396083771752,0.037259261240069015
36,0.0776813289323228,0.05295135091853219,0.027867913585371856,0.01592452204878392,0.04867112072891439,0.004878725539608568,0.037157218113829146,0.07102292930955226,0.013933956792685932,0.08167636870598509,0.304383982755224,0.027867913585371856,0.06658399622770525,0.037157218113829146,0.0006775502012141469,0.025503305474279387,0.04097476690935708,0.04438933081847017,0.0075846337713442,0.013111867467618605
37,0.017297182035529532,0.07610760095632994,0.04756725059770623,0.029272154213973063,0.023783625298853108,0.0021582865323797086,0.04756725059770623,0.1324422613477219,0.008979343249557039,0.012684600159388321,0.017297182035529532,0.18002387532200473,0.04756725059770623,0.06342300079694163,0.18049921245791295,0.011163227138832879,0.01812085737055475,0.014094000177098135,0.022384588516567636,0.04756725059770623
38,0.04318662338935375,0.052789589499825984,0.2768768827607899,0.25031020656910186,0.019551699814750363,0.03300405828939443,0.023336330968782428,0.03299349343739124,0.00733988231580546,0.011508327601043387,0.01820330672407792,0.09693552863955776,0.00443609995796857,0.009624699461673707,0.007038611933310129,0.023598536934723798,0.024709056319887276,0.02652233009076198,0.015082739857093137,0.022951995434706943
39,0.02837277362460843,0.018763424038898434,0.11073019504915319,0.2501789815441616,0.009716773163000975,0.011273774967777202,0.09629154562179328,0.06893599288832929,0.032737761045903854,0.048973171041625935,0.02548893854694528,0.011336235356834472,0.05097787709389056,0.1140294619205447,0.005387517793347074,0.011039795039441268,0.026148135233504205,0.05717652705854767,0.011336235356834472,0.011104883614858256
40,0.4464181905500995,0.027694443347149076,0.057583127631216646,0.026155863161196356,0.03487448421492848,0.00952586387866956,0.039233794741794524,0.04280050335468494,0.027694443347149076,0.00871862105373212,0.024779238784291283,0.026155863161196356,0.010161938430793055,0.03138703579343562,0.010124850255946975,0.07839131796010411,0.0054014097178510575,0.006584662183813376,0.06277407158687123,0.023540276845076716
41,0.016182966296812092,0.012844422375904132,0.00590589999913516,0.0065386749990424976,0.006102763332439664,0.0015149821916474817,0.0260218368960844,0.24647902513606115,0.20806670953044124,0.03473655324940548,0.007960126085790867,0.007041649998968846,0.003192881080829842,0.15197916174397447,0.08668860609706144,0.04698419429209836,0.03591288411073369,0.08530735090748087,0.004817971051926052,0.005721340624162186
42,0.08994587830867257,0.051920952013372254,0.009081405683555928,0.03854059973021296,0.011970943855596449,0.02874254205894839,0.02917608550265532,0.06237491798442359,0.008778692160770733,0.05890964476306674,0.0935623769766354,0.0746188833665512,0.0020086015520708873,0.12743262814022027,0.07860806158882434,0.06134378684636242,0.12088690844340018,0.039568239296358325,0.003447446044746153,0.009081405683555928
43,0.3900229231209286,0.03378491960491927,0.016389917141839058,0.04880043942932783,0.028553077693707466,0.0058789604604051904,0.03184766358144295,0.03184766358144295,0.037638147868978025,0.023812262613105737,0.03943044062464364,0.02435409567992696,0.006328257722507257,0.12463896016409404,0.011500545182187731,0.05267900259317225,0.018432389240679328,0.010457318602157501,0.03600170665728333,0.027601308437250557
44,0.036783625251645136,0.02093534755068912,0.01613766373698953,0.02766456640626776,0.11547373441912238,0.011917043990392267,0.05848323602352231,0.17165453407628345,0.018892874618914573,0.3666306530003795,0.025671905123544,0.011736482717810567,0.0021529852211966787,0.015808323660724436,0.006017999948416947,0.005613100430257227,0.008068831868494764,0.02933932014119314,0.035209448153431695,0.015808323660724436
45,0.09432191595582097,0.03992625810763218,0.044917040371086195,0.022229488335018383,0.02648953662910211,0.04557758508242569,0.06977309321260232,0.03902791730021045,0.06747514822159312,0.09398266849866856,0.05959001974803721,0.026206890942747477,0.0011016570071830673,0.07982003102160824,0.03199561529029673,0.084340158201285,0.0973486232047451,0.025307588800507007,0.004653567245653073,0.045915196823776996
46,0.07465756285466163,0.177930929038647,0.1578588625443575,0.0724363067325991,0.005881741497964876,0.022396961972827888,0.03565805609623968,0.006705185307679958,0.008822612246947314,0.01906402811128361,0.10349043831839674,0.0958059744855632,0.0021629630024774054,0.006573711085960742,0.014827577419887253,0.12438215535208715,0.03947059341350268,0.02101546405968272,0.006208504914518479,0.004650371544715148
47,0.006606667947258601,0.0694618731306027,0.007332362056842213,0.006770224427115172,0.012028029979325136,0.22481045657082654,0.06661678142395464,0.007687153769270061,0.17139942720538326,0.007239801484370865,0.0947207360871855,0.16306354566907877,0.0036661810284211063,0.05412613490696313,0.025059293338500484,0.04123895992911478,0.0036381949137003337,0.009913712975661834,0.014893860427960742,0.009726602728464158
48,0.0030880617563555563,0.04156363571386739,0.0977512683518701,0.06972265742819254,0.06927272618977898,0.01055600723447134,0.05195454464233423,0.03463636309488949,0.04156363571386739,0.0675932484386567,0.06081197928030178,0.15524989322950794,0.029688311224190987,0.045008134948511615,0.009446280844060769,0.012224598739372762,0.04156363571386739,0.0978488200539139,0.018892561688121538,0.04156363571386739
49,0.031091397172834496,0.04248834571071444,0.06144169691474054,0.007327001065856241,0.056234575205357344,0.023626418420657175,0.06792254573823554,0.08164427215000031,0.020994241410000083,0.07544805506718777,0.09184980616875033,0.03704866131176485,0.001865260593215308,0.004396200639513745,0.025839066350769324,0.02229024085300312,0.050331141074988,0.03387750488763774,0.031014220264772848,0.23326934900000085
50,0.0349934788780842,0.07795156516720446,0.2115461883649463,0.015886867900924823,0.030449830143439244,0.013533257841528553,0.12648390982659377,0.055163952655674864,0.010214502588935638,0.005709343151894858,0.02435986411475139,0.08571063299634749,0.0019598083014503807,0.02319987058547752,0.0028658663664413403,0.05129986176600973,0.07234950169131414,0.10352942248769342,0.014329331832206702,0.03846294333908115
51,0.10328671105146205,0.014036399194173044,0.016974250188302283,0.14298887472881489,0.013270777419945423,0.2180883129042297,0.024882707662397672,0.00996225777381137,0.0176255329844355,0.026541554839890857,0.014320745549853846,0.021467434061676425,0.003850956786515319,0.06440230218502929,0.014488986317238987,0.2036910022596275,0.04614264562682174,0.019190780644526194,0.015802201986045622,0.008985565835202413
52,0.012531100286808068,0.028045795879999013,0.025062200573616137,0.01159034791793425,0.025607031020868667,0.5639629952177893,0.03365495505599881,0.03799752990193415,0.029448085673998967,0.00973490435504098,0.040618049205515816,0.04362679359110957,0.00989851619294083,0.03926411423199861,0.006772281226869361,0.00989851619294083,0.011436149776310278,0.009708300034798775,0.023096537783528596,0.028045795879999013
53,0.003456202300295017,0.013148595707644085,0.010277950388827402,0.009915334468059473,0.1784570934357781,0.004547634605651336,0.2903390420889697,0.010800632188421925,0.008518808486642647,0.0025864482928253467,0.009027394067934746,0.008064472034021705,0.0018448660897259729,0.019573480929306154,0.027813919039270024,0.0032344139173883847,0.003287148926911021,0.004877704859287322,0.0822643674618587,0.307964490711181
54,0.2960722760870349,0.032814707177981614,0.012228899219417924,0.025753601574788194,0.012876800787394095,0.005150720314957639,0.011886277649902244,0.016265432573550436,0.011886277649902244,0.0052380206592789556,0.014716343757021822,0.01144604514435031,0.26962402713118655,0.015848370199869656,0.005568346286440691,0.08835695115474351,0.1188304043627023,0.0032292067996850804,0.022892090288700612,0.019315201181091146
55,0.00437234377523723,0.019888751656958737,0.01431019936293372,0.04737032796095512,0.02058660259229062,0.008951484478974934,0.0234687269552113,0.0072838995300401,0.014667954347007066,0.01666491066299753,0.02550948582088185,0.014667954347007066,0.1457210051173381,0.01805286688862408,0.008822829682410263,0.006275060683211579,0.008263636251834966,0.5636023388876016,0.01833494293375883,0.01318467806472545
56,0.006301788128910381,0.019306937671087984,0.02112834688534157,0.02604191592844426,0.026181057561456018,0.010978454754148067,0.01119802384923103,0.022853109896389858,0.03293536426244421,0.00881734161356774,0.036122657578164616,0.02112834688534157,0.0414777210202461,0.02239604769846206,0.008483351400932598,0.5355589571447515,0.006751980547236453,0.011664608176282322,0.031994353854945805,0.09867963514261582
57,0.019090045136391096,0.052574165234754534,0.04506357020121817,0.026287082617377267,0.04731674871127909,0.08108564889310325,0.02426499933911748,0.04114499887937312,0.026287082617377267,0.006295229406721358,0.02253178510060909,0.01971531196303295,0.0047863128223208755,0.007619851194418676,0.45363953368643845,0.009558939133591736,0.0335136347949977,0.017206090440465126,0.02822129217649911,0.03379767765091363
58,0.010992693158656825,0.02647219985145929,0.02026777801127352,0.012056921397362617,0.02702370401503136,0.6220524570305503,0.02126455397904107,0.02358432350402737,0.02702370401503136,0.00675592600375784,0.03603160535337515,0.019075555775316253,0.010377102341772042,0.019360265563007545,0.006660980894597968,0.009399549222619603,0.012593570803121411,0.04232980214494426,0.02702370401503136,0.019653602920022807
59,0.08174399940811243,0.08643999731052945,0.015225913400871418,0.012075724421380782,0.015918000373638302,0.0012697581587050135,0.00897938482615494,0.012269868286062219,0.012970222526668247,0.003934786609213963,0.010943625256876333,0.009745403084650063,0.0032425556316670622,0.008541366054147383,0.008379284364694853,0.16704236128236682,0.4415567872476249,0.05340471550817859,0.011296645426452987,0.03501960082200426
60,0.08787361702954509,0.0165106102508455,0.012382957688134124,0.08564863697021878,0.0165106102508455,0.014059355251500597,0.03302122050169099,0.01801157481910418,0.04953183075253649,0.0099063661505073,0.02201414700112733,0.04953183075253649,0.02201414700112733,0.024765915376268245,0.00792509292040584,0.453155341350146,0.01594077494130136,0.0017577740891150653,0.019812732301014595,0.03962546460202919
61,0.018047523507504718,0.017617820566849844,0.043526380223981975,0.003773365961461777,0.035235641133699695,0.008342566380048346,0.036997423190384675,0.027405498659544204,0.33329708896759774,0.008808910283424922,0.08913806281016833,0.04907193124338205,0.02312338949399042,0.1746471036191722,0.0030080422254646134,0.010570692340109907,0.05129291751397687,0.008408505270541971,0.025515464269230813,0.032171672339464934
62,0.007335052269771993,0.013447595827915321,0.013447595827915321,0.0206005723321256,0.2147172085587792,0.007623833855196087,0.009771286058474729,0.10765793045530181,0.013447595827915321,0.44345366532013136,0.017930127770553764,0.010524205430542425,0.0026462639450061083,0.01587257212475251,0.004737092266034731,0.0049148573584259034,0.006369913813223047,0.04953532987789873,0.02151615332466451,0.014451147755371685
63,0.14101762127844383,0.03539017324767107,0.03282798875915191,0.06207474238094178,0.016596372094904572,0.03821211283623888,0.002892888584192037,0.033873085358059885,0.015193826527985016,0.042676385386897484,0.08724949901321262,0.0077593427976177225,0.0009730625237736851,0.07803681899318395,0.04916134739732373,0.13346402480555078,0.11059795649562164,0.07916778738438952,0.0025484970860739373,0.030286467048765944
64,0.015402138669224501,0.019297971547847154,0.025670231115374174,0.030804277338449003,0.07141091494917418,0.010495576179150557,0.020199526123573116,0.018669258992999403,0.01987372731512839,0.01924804951362132,0.021244329198930347,0.01642894791383947,0.009626336668265316,0.022817983213665936,0.0053035544564598745,0.006883637394066817,0.011100640482323969,0.014845434861903137,0.5820565637345917,0.05862090033141163
65,0.009167178164562912,0.016453909526138562,0.022917945411407282,0.016042561787985098,0.05476053704409649,0.010026601117490687,0.012834049430388078,0.026737602979975163,0.016886907145247473,0.3025765807615826,0.39980082405463996,0.01734331004106497,0.005217093264385396,0.020053202234981374,0.007825639896578097,0.0032499407735761786,0.011063835715851792,0.01158512307389284,0.016583555472643344,0.01887360210351188
66,0.24852002964691267,0.03206021609744611,0.024257436181118152,0.03308914136268071,0.01819307713583862,0.02038649164839268,0.016980205326782707,0.03384133921397089,0.017565729648395905,0.0045262727779040455,0.007291756446819558,0.014554461708670894,0.005198022038811033,0.02214809390449918,0.005855243216131969,0.07251715545850905,0.15664839967520713,0.24047047637260674,0.012128718090559076,0.013767734048742736
67,0.007651848441713147,0.04039009824114257,0.2325042417819865,0.3927993717049493,0.0282730687687998,0.002904959698847223,0.025702789789818006,0.029248002174620476,0.07562639709048193,0.006474748573007588,0.029248002174620476,0.012473412692117557,0.004634929306360622,0.021204801576599847,0.021833611955160686,0.01557765190558138,0.006731683040190428,0.010683598440407102,0.019725396815441717,0.01631138582815373
68,0.017401929275219604,0.03638585212091371,0.041404590344488026,0.040024437333005085,0.032452246486220346,0.004168533347226398,0.017657839999855186,0.048065294904399286,0.014820167513882317,0.010006109333251275,0.030788028717696224,0.02401466239980305,0.011657603106700514,0.02728938909068529,0.5519513893693333,0.007583254913853577,0.011435553523715742,0.016448398903974697,0.03335369777750424,0.02309102153827217
69,0.10831798311127779,0.0130869810601505,0.03964579774007553,0.021693934065740682,0.011540337843950896,0.5945315459499868,0.006974929466124167,0.012445462380731357,0.01548094101017803,0.004055709785414052,0.013798230030810854,0.019567119529779207,0.0038138458075166718,0.011436370836347732,0.0031508485650710303,0.027140076305286604,0.004684269973559404,0.05754360486857171,0.018397640041081135,0.012694371628345986
70,0.004795953376099063,0.0035608084718802067,0.008135992334453767,0.012313934344038139,0.12106323049177962,0.010354899334759343,0.021823036825094566,0.15376317136523282,0.008933638641753158,0.29197725798566665,0.10384006377911824,0.006700228981314868,0.00254533838396319,0.008135992334453767,0.004298260101220859,0.0024802879543363203,0.004511045254746644,0.007009470318914016,0.016271984668907537,0.20748540505226723
71,0.0947623768519685,0.22402349919382422,0.017259773334302096,0.02101189797219385,0.048227281076448254,0.009293724103085743,0.012081841334011464,0.07014877247483382,0.017899024198535503,0.2280443705735397,0.14060203746467198,0.015589472689047054,0.0027564550838148475,0.01612675014792762,0.006369318352459963,0.0062762812124734875,0.025382779513920137,0.012445749955212457,0.015589472689047054,0.016109121778681953
72,0.051219033366210566,0.012525477647978808,0.017535668707170327,0.10324785382121499,0.014613057255975276,0.12523776183587537,0.02324349747226505,0.017535668707170327,0.029985184307799954,0.05036006006716859,0.13968827281693785,0.01169044580478022,0.00813934162415898,0.08222860705784121,0.041175490409321766,0.07483300329478818,0.08381296369016274,0.04444626862357114,0.02191958588396291,0.046562757605645946
73,0.015828051255896536,0.023921905886653314,0.045185822230345146,0.03697021818846421,0.0580960571533009,0.012708512502284575,0.20409512282357084,0.05083405000913829,0.031282492313315875,0.004004628711567471,0.05083405000913829,0.0580960571533009,0.1898940354684571,0.0580960571533009,0.010991145947921792,0.0044046200273551335,0.05438552870529842,0.00968267619221682,0.022592911115172577,0.0580960571533009
74,0.025924731712875803,0.08099408848876812,0.004131785312528511,0.06886961337637876,0.006254784134940997,0.07753851575941946,0.02059780504160538,0.07374903942531248,0.0043678873303872835,0.1390296830191788,0.2030770650841938,0.009268007192239955,0.002351939331746999,0.038990796496165214,0.0019351399565006955,0.010145617634638534,0.012497050159027308,0.12455393325163884,0.023431969048176206,0.07229054824427683
75,0.014534454493158001,0.029441587306653385,0.030216365919986367,0.01745515937617953,0.03103302445836438,0.5403680421338903,0.024430253297010256,0.042526737220721554,0.03377123249880829,0.012480672879994369,0.03377123249880829,0.02733861678474957,0.013833998854933516,0.03103302445836438,0.0188516828095797,0.012480672879994369,0.014911972791681584,0.018938909030054785,0.02387681268307995,0.028705547623987047
76,0.052521227487369565,0.012658962522596766,0.012559519108478483,0.0010236334605464037,0.23208097958094076,0.0037464389155910244,0.10918355175739711,0.009942952627545467,0.11273954573560185,0.025273927261887225,0.0845769844028601,0.05375387115867519,0.003977181051018186,0.019015440968097586,0.08689116757452066,0.03832529938033883,0.00797351042597579,0.008831834318090764,0.029981753342992343,0.09494221891947577
77,0.003927316882387429,0.1750923184283095,0.01785451234055611,0.05127630711261132,0.009614307583614623,0.02630873565481537,0.009614307583614623,0.028135059856361163,0.025638153556305658,0.0999434027009231,0.017749490923596227,0.01183299394906415,0.006688213971210173,0.014421461375421931,0.008874745461798113,0.0056973674569568145,0.23334418590542017,0.21802711167156588,0.021975560191119136,0.013984447394348544
78,0.11353929864299,0.0769253136150147,0.011041780309112115,0.011917152919927494,0.04251135752408706,0.005520890154556058,0.01095089727777121,0.15411290773320704,0.01500678515842721,0.05646168649801078,0.10422139263969732,0.00862091913356457,0.005194656400994035,0.012661974977422961,0.004452562629423459,0.004092759588661968,0.13098093939853853,0.19232821189878738,0.01095089727777121,0.028507616222034862
79,0.007875391112702588,0.02896253798188968,0.4894535524848625,0.018023858482782165,0.03258285522962588,0.0031210237492827397,0.020056802930596883,0.026734650444821245,0.03595349542579408,0.00814571380740647,0.026066284183700713,0.09585067249007415,0.009227003250867507,0.031595495980243284,0.009146064625859896,0.008020395133446372,0.008209853286204946,0.009987694498817427,0.02172190348641726,0.10926475141460419
80,0.007525897889734133,0.02126066153849893,0.01328791346156183,0.01977735957069668,0.060564573624428276,0.011339019487199429,0.008412541571758362,0.21496534049250263,0.022984498960539383,0.39953798331886786,0.1186695180953632,0.012692932261790404,0.002628805217160746,0.015227413534824279,0.007041115862018362,0.005865010079585911,0.006394183921353062,0.00833751432882311,0.025770498834544162,0.017717217948749107
81,0.014444537359100767,0.07738145013803982,0.022569589623594944,0.012645348631573058,0.022569589623594944,0.5114984441670467,0.020061857443195504,0.018678281067802716,0.03611134339775191,0.007965737514209979,0.03385438443539242,0.021241966704559946,0.010517867009053954,0.03385438443539242,0.008396885881473607,0.00833338693794275,0.013888978229904581,0.05677522938870703,0.04710175225793727,0.02210898575372566
82,0.22822689120352574,0.5475554695508312,0.013707776034283428,0.017714664413535506,0.011786041555627414,0.025517599198656444,0.013388990545114044,0.015150699827365893,0.015773331327120655,0.004719070438032,0.015560178201078483,0.013546508080938916,0.005306235884238748,0.012937676257076492,0.003435827812292108,0.023364371752849798,0.006936464981203662,0.007676354579198719,0.008461028299426555,0.009234820057604067
83,0.00781844371201414,0.05136263084849044,0.008850943461213507,0.03298676207020055,0.026254769810975947,0.6138195266524678,0.015135102596915546,0.02474007155265041,0.03898435517387337,0.009820486417845964,0.02796703740734394,0.013983518703671968,0.008634118931126316,0.025729674414756425,0.006770966951251691,0.013550150414268046,0.00814230202998621,0.00949121155233046,0.036756677735366325,0.019201249563251064
84,0.016204847850924256,0.04861454355277276,0.024307271776386388,0.024307271776386388,0.041669608759519514,0.003488191224509085,0.07292181532915915,0.18814304008852492,0.005687942217645943,0.02916872613166366,0.13527690855627658,0.02916872613166366,0.041669608759519514,0.03240969570184851,0.13552476752175258,0.0059134875166030445,0.049879860168702835,0.016204847850924256,0.07292181532915915,0.026517023756057877
85,0.01624807085461754,0.028124334840539174,0.0749982262414378,0.005848167242325085,0.10662792628312084,0.10675707132239351,0.0749982262414378,0.05624866968107835,0.0374991131207189,0.024999408747145936,0.028124334840539174,0.10662792628312084,0.024999408747145936,0.10662792628312084,0.0039696601325968075,0.05624866968107835,0.04499893574486268,0.024423350823548177,0.015381903208094003,0.05624866968107835
86,0.011017622122029233,0.026623783844854303,0.006947494311123999,0.0581488720424495,0.026837940942669,0.49815193890332315,0.01414432022654177,0.02990513419325974,0.07476283548314934,0.009429546817694515,0.05508840509284688,0.02932157510163463,0.005233398483820454,0.026837940942669,0.008123349809520886,0.010254311939709151,0.010902913507959282,0.020371070668445127,0.0581488720424495,0.019748673523850773
87,0.016880863349356665,0.033334491569028034,0.03434382543489803,0.07661314904708023,0.052419523032212784,0.013542227872774334,0.02371359375266769,0.04742718750533538,0.043303084244001866,0.009026890749457573,0.03434382543489803,0.030180937503395244,0.009308139603850869,0.025537716349026747,0.003570509382997594,0.010374697266792115,0.013459066724487068,0.02371359375266769,0.4733689610760455,0.025537716349026747
88,0.21815469902249102,0.1934024595266697,0.01141905601334156,0.02049574156240793,0.01378161932644671,0.00213567204817294,0.008074080009433427,0.015660413451935615,0.02350982120393851,0.0048152645839392135,0.01858916095195138,0.005173152930093729,0.0024670800028824364,0.01737682436812846,0.006289691938274489,0.3867467009749048,0.010197662793521932,0.007783313513286492,0.021035103182471298,0.012892482595708214
89,0.006935545931196438,0.009819674900247023,0.015129205071716141,0.019881898336096455,0.08278903785311098,0.007186228314251732,0.008914819938659502,0.012049635355209974,0.016120458110348478,0.0045015618874180655,0.022507809437090326,0.01422702914176381,0.01084467181968898,0.14152450389754784,0.0058476171576754285,0.006638167564123596,0.007455711876036171,0.008707400731137134,0.028002174567964014,0.5709168481087179
90,0.008494374835523098,0.061873582330399184,0.06091569032452047,0.030919524401304074,0.15087074831560787,0.009662351375407524,0.03783813219836967,0.01932470275081505,0.04294378389070011,0.0801644267074374,0.023423882122200056,0.016860112043733437,0.0051532540668840126,0.020341792369279,0.007578314804241196,0.006441567583605016,0.007653347624085168,0.016655784603065535,0.023423882122200056,0.369460745530622
91,0.08223389301003688,0.09215509984715325,0.0033231466478083117,0.0037710049325809783,0.002990797015495258,0.07719485636547255,0.002376249683544178,0.04500597899512137,0.0044478519717621795,0.06524581069178453,0.20174494831403827,0.020655453414017113,0.00538568765340506,0.004230883582895733,0.0011487829595942054,0.14701199298286768,0.1123596998155099,0.12203620004377658,0.0034693245379745,0.003212337535161574
92,0.5790449043757806,0.04198030907761507,0.012384597557877691,0.03275181905748935,0.02955651963724649,0.05713296501687257,0.011541117191686724,0.02955651963724649,0.04178680362507262,0.008187954764372339,0.0390908808105518,0.0166002370565357,0.002434107390779949,0.021259952721528176,0.006182741352689316,0.004391577977275465,0.002546687217060837,0.008487700753814031,0.027541302389252408,0.027541302389252408
93,0.11141969292578136,0.05141181874944417,0.0069811605435907646,0.014289562987662343,0.008165464564378482,0.05047860091735854,0.05265065775545487,0.07279052743337114,0.010392409445572615,0.002605504362422764,0.010634093386167326,0.018810649547957466,0.0016009476445961765,0.010887286085837977,0.0037635063012773262,0.058816253496114065,0.4409281725026172,0.055117175055710406,0.011431650390129876,0.00682486590455515
94,0.042610013556732634,0.056151705235735656,0.08664705006879278,0.008974548825051179,0.00405679100016918,0.03998418639077152,0.04171204067247678,0.1619609950034866,0.0069598541908560164,0.18845622757253042,0.06794464683918021,0.06604185045938882,0.0021182164928692225,0.07520429950945112,0.0017579013162471382,0.021630892136145025,0.015566469070606789,0.08974337112533144,0.008317874520779141,0.014161066013398248
95,0.04369737655832658,0.032497291281989034,0.0021078088195164873,0.00504893740488833,0.005969270272556552,0.03641207856969616,0.010840610942972166,0.05552547630887509,0.09849295949718308,0.09245827391087091,0.04406406783014472,0.15979277344997536,0.04339250444184785,0.07623141485686898,0.10308682586024132,0.06687181844562043,0.06294866832877818,0.0542798898512981,0.004020450155744412,0.002261503212606231
