site,A,C,D,E,F,G,H,I,K,L,M,N,P,Q,R,S,T,V,W,Y
0,0.01294530617852873,0.04666808823819383,0.02285333598241648,0.019561148213478565,0.014485079742227265,0.05280193169038298,0.04032153536861158,0.01700852735650697,0.1626468186187821,0.009259437897370805,0.016331250704569665,0.02256147948453574,0.016083131061441228,0.020734250224943164,0.4682532507361573,0.01013470458102176,0.012732236058252352,0.007201440632311485,0.010170569420423334,0.017246477809844583
1,0.013379285411678116,0.018046200635875597,0.019405488908459972,0.03571572733171556,0.019926902845203067,0.5487080002771599,0.04510747048629258,0.01941360181999164,0.017002195900870657,0.020097706024885136,0.0173248148596107,0.026315362077079407,0.04101194900699998,0.025540468877835662,0.044346952460167344,0.016046951883966216,0.028172450014219017,0.009046834288463878,0.01430168760506897,0.02108994928445657
2,0.02054196652034296,0.03065379940961363,0.057090558195209834,0.0107233768336515,0.010364689179830688,0.6801925390350041,0.011226979488622646,0.013094749876909399,0.015069901971215452,0.022204187339879992,0.015064384315421162,0.01158439252496243,0.007088298721492009,0.01141203272559616,0.013705852938564723,0.0189785624568009,0.01024411614343307,0.017539665573578195,0.011374124832828417,0.011845821917042679
3,0.153094741122143,0.11903152342124747,0.011248571550824813,0.07157758549394237,0.013758499766080283,0.4362904079340613,0.01515639752487717,0.01255451904403884,0.015876942034645843,0.00531055711630922,0.017374394794434155,0.015714221651731815,0.007630041163872615,0.01592347945913713,0.01284829546986411,0.0118792924322391,0.008933907730542149,0.019682602915352745,0.021205422326236005,0.014908597048419927
4,0.043784216942333615,0.06095306382939566,0.028188431229206605,0.025701712648140994,0.08885369458360844,0.04031767973066353,0.08553298264884425,0.06620295079967747,0.03115553532616883,0.07158953890380887,0.0455697029530324,0.054818389215203385,0.004345308343129369,0.10229210211431662,0.049618506669744156,0.06533298462376494,0.045775467721762254,0.055626224475265634,0.018623230244916533,0.015718276997016452
5,0.04275167004247798,0.05324529970653473,0.015615151238020934,0.07772065392072705,0.029935484828537536,0.5612385643776253,0.00815017288905795,0.011713481612867897,0.009075659900293446,0.0035230059114422204,0.01004726224274912,0.010959197661958806,0.004115505217276797,0.010373524689484739,0.032263662900737594,0.0806990906667082,0.00517725717948068,0.007193308005438055,0.006665112355706718,0.019536934652874156
6,0.03267731640767643,0.03577915790044316,0.12746555611719412,0.19475361665069227,0.042368250249155866,0.02903521263462363,0.027527898806453396,0.031085996724827085,0.011808156272352658,0.02032641683547258,0.06534509618261747,0.01657383482911197,0.00804374006793476,0.10230681914075535,0.002502027545271125,0.08149042268839746,0.029812848785453094,0.04100036325994231,0.056523516624110426,0.04357375227751489
7,0.06454621152863213,0.030204582250273875,0.012780195252503299,0.01082219781906525,0.01580577202261496,0.0052106594879410585,0.011075461191816917,0.032215303245621364,0.011205960272561695,0.004176870109198802,0.012987013938805473,0.023519659863765863,0.024909093511387186,0.012441556853049556,0.004279670728026368,0.054043193061812815,0.6377772384251793,0.011005225721235343,0.008646874181273774,0.012347260535234874
8,0.03592782516774793,0.1844512896795405,0.0055130026547722585,0.008712544475249641,0.006669418596380328,0.006294667608478793,0.004529337300806722,0.14361771453019415,0.005566189635468651,0.24314514084694133,0.010310335958075617,0.0050596294345209925,0.02364628890223865,0.00936549110702172,0.00708993525463057,0.012287598063492604,0.07257742299263087,0.20532984181685396,0.004169607614609426,0.00573671836034532
9,0.0075777000174707225,0.014420910663228764,0.013805827212785771,0.03218686611801031,0.01742085552826833,0.7185529207089241,0.016517565270334596,0.016248865506766436,0.023152375011064517,0.006221949560970538,0.01909149869176964,0.0192625090004576,0.007314227194994206,0.017052917901564758,0.02098571164542176,0.008265912179270923,0.008844227661644182,0.008574337474175929,0.009989745687794527,0.014513076965082325
10,0.06832095770056597,0.07366438103498575,0.0905965141597252,0.14606475676966987,0.032835850419718815,0.020931363361001574,0.04355839653203904,0.05422725747755353,0.014866734751622167,0.028331032910781186,0.027018590577380326,0.04517423087227123,0.0044921982969840495,0.038960085994776635,0.019882305866479988,0.024298224608600386,0.013460713698673027,0.12971022915715913,0.10463750201064019,0.018968673799371887
11,0.024273447797736165,0.012033661399716645,0.011898818856289751,0.015870868762457316,0.05117164291988693,0.010900693834300321,0.02032428426271301,0.0487376486516159,0.17611010204865357,0.08694046292386139,0.13897175360599717,0.06938296642576199,0.004478941347145437,0.04536033670026684,0.06036766602756837,0.038553592780988424,0.03193285736331101,0.1348698042019377,0.006468850874523499,0.011351599215268616
12,0.022427785832750742,0.05196478538897936,0.03735572680081075,0.030039241401751588,0.026082352393655132,0.04348758594038346,0.02528139546931101,0.029258485994060283,0.03670890856389081,0.039316639779304725,0.03633936329668772,0.036282487018812745,0.03916909940783325,0.0309922046167754,0.03707914630582601,0.02646008213268762,0.030429207066609565,0.015967330223260315,0.3725482700086976,0.03280990235791189
13,0.038854938111911895,0.023132039477919794,0.021767568373613676,0.04789815730497986,0.023328331215447442,0.008569298929146877,0.03570971095825321,0.056650701581396436,0.38859924738034995,0.029197732177367788,0.012933578242134643,0.02930539260906131,0.01460380947352618,0.03553292012004911,0.13020356516789505,0.011942434939880134,0.03729436590459557,0.010189168782800758,0.013655799424144351,0.0306312398255259
14,0.04347752977569364,0.030595467199350183,0.02516641895653048,0.03210539300713878,0.061919780542715526,0.0700810048926212,0.12549653770511077,0.09737733618952837,0.008657148019048731,0.03711927339763844,0.17176601326686794,0.017241195006245387,0.003824489900833354,0.0711087253228918,0.011004561265714315,0.05151372842379135,0.05478684628136474,0.03482679465835408,0.018536002756899546,0.03339575343166136
15,0.07101022074356807,0.08155275802876898,0.014528351457282809,0.0656269819819997,0.009767254004577865,0.07547207862063134,0.021016245079867223,0.03562016026348775,0.07892216333976282,0.03309266695552601,0.02059724172090654,0.09902309034242457,0.004619990228903712,0.09468681466591489,0.10390304747682066,0.08096683718442002,0.062207801020629776,0.033915669517508885,0.0018220614081068422,0.011648565958891553
16,0.0023356381620435363,0.01156478627996275,0.005755081368943144,0.004909269496002241,0.005385731092570791,0.0025363851912110166,0.0060236121659926044,0.14819260624833258,0.004790612555537866,0.15805027214057998,0.18343935738055633,0.0069471712060299,0.00665865698062629,0.1332454401515802,0.0024397994238632053,0.0021232316245414005,0.1145183611386044,0.1903678985786579,0.0039818630844033085,0.006734225729960519
17,0.1162116749175777,0.027576110597214362,0.03935991471089658,0.0084234464597918,0.03146856370624246,0.07438734399377554,0.027943385031856633,0.0522351266687794,0.01611388974483589,0.022890226658558218,0.04125961743305335,0.18813813055076692,0.003798403000894312,0.0780675668401563,0.02672357362741752,0.053498299645846875,0.059794314508845516,0.05920140943225077,0.015585389480393353,0.05732361299084656
18,0.05266183272975286,0.06014254667234957,0.03867038021834635,0.11672750134404032,0.04390558593120978,0.04156179721385489,0.05529585623288373,0.0728199847251352,0.04326964442151693,0.07677067532282508,0.06175829975422247,0.03814069852590383,0.0021069877599630155,0.06026815255855271,0.018409412861742313,0.03671547767902914,0.0504469382667994,0.07374286032174007,0.03206030163473332,0.02452506582539902
19,0.02281043376676082,0.1154714097631587,0.006346933147878971,0.002930083250026812,0.1898708317550321,0.0025268687399419955,0.03482378843677518,0.11471692178682909,0.03436954033303162,0.1185998282601057,0.08570492994667285,0.004957138598108523,0.0014441954811584535,0.06450440138920195,0.002890326818357969,0.016395834473905305,0.01047166984671487,0.009628294711662166,0.0018752693406776622,0.15966130015399926
20,0.08401654783864772,0.02722700152067562,0.10827793907068639,0.06573503490475867,0.004608263672893558,0.09424405358598104,0.054455426765135234,0.050152104330557015,0.016499576882663805,0.04196887578681901,0.01058625182164807,0.0034263309007131725,0.037055092004333344,0.11800722335855499,0.00714366858365987,0.0685728684698294,0.11385369757659441,0.04872079952022297,0.010905677951353325,0.03454356545427238
21,0.07891507367862832,0.013072060386260556,0.0044863175880086505,0.015836869536651324,0.006403675924825194,0.18630778186163482,0.03449117195426577,0.005289333968409243,0.00506159275203764,0.05442543468410016,0.11881817660609811,0.05545986910329669,0.05802520575124861,0.015934750583371952,0.05770782638476485,0.08234501388604237,0.12873005622756908,0.051045063667996424,0.02241583992286162,0.005228885531928555
22,0.012971677352204376,0.03278354599014044,0.016077411359606233,0.02564709064872158,0.12154840018052984,0.004372498558398724,0.045791800914925775,0.11849801747193742,0.004287501621365567,0.09529523321099898,0.08969847367083054,0.024137958547393853,0.10220243629794937,0.018702027589495226,0.005876343887870723,0.021874947151006973,0.018818503611068554,0.12259264458732325,0.03603463715156008,0.0827888501966725
23,0.03379377981383366,0.07501330144284611,0.037211380163562444,0.11762432478468647,0.08728392228047219,0.04245500097687163,0.020601633955390105,0.038564967757124806,0.005808790029638079,0.03521272222003038,0.07396303537265163,0.023073778385668875,0.06533556132622506,0.1090095614049258,0.007229158864297641,0.04739871559120671,0.010854837635126024,0.08291076739669379,0.044876532911497874,0.04177822768725074
24,0.015524678253236715,0.019418431855714357,0.02635668895337821,0.014148887671231035,0.30970330002320406,0.007972616167557484,0.13775408064863495,0.03223438463138327,0.023068333873103846,0.016702643228955646,0.012787109639840932,0.029491896799713813,0.06447122695138818,0.026064416273108924,0.009562504923055,0.02208920312019747,0.017470276600650946,0.011117956798139804,0.13757379844860362,0.0664875651389017
25,0.10179347507677672,0.05270911367799854,0.03436178297498348,0.0037696999187608517,0.023641397942524362,0.031816271021795794,0.11507271171807963,0.03575367657716332,0.007434270794123738,0.10469751733481389,0.07510217503616866,0.07423418765469773,0.01726756963021127,0.04130383066655582,0.020151262834863036,0.06275373468702121,0.045204506668200424,0.06819857135816385,0.0020469407639981526,0.08268730366309954
26,0.00798020567633948,0.023045529369775816,0.036462612219201204,0.016276003596058256,0.015068369842214623,0.0013293470589599884,0.04558863540902055,0.015182408457042806,0.05519182176917119,0.014996310280965597,0.06584940360640877,0.11804221214165761,0.05926088054321645,0.11751234747895062,0.050735816676008,0.12855724955930034,0.15098393095044058,0.04143615867309463,0.0063987896945024445,0.030101966997671037
27,0.012325228875684002,0.043013396018110474,0.033545444884887726,0.010165416084252334,0.350545316957398,0.007979709294407071,0.0478255439848501,0.01577185680976219,0.019017824503945614,0.006227556415686341,0.0400473940454251,0.016112538651696057,0.013917457884618475,0.01846512469374507,0.006215091634519877,0.013191417755401893,0.011253510589591814,0.008527408188657512,0.012633771803475267,0.31321899092388505
28,0.03919262353930954,0.01446870275533414,0.01932734606932326,0.03758602769719719,0.008257874164215837,0.005214839480527642,0.034040640369852875,0.06110686433825598,0.19188845811708097,0.009341870119958543,0.008331904800843592,0.06733972411797678,0.00919449028943639,0.05936965092647654,0.18773051153920836,0.010192020165600646,0.061480935361545086,0.010313580545666175,0.007245746386345069,0.1583761892158454
29,0.036815360925083265,0.012519012286041293,0.012178156796961156,0.03179069513008572,0.02244065302084695,0.02666415347806405,0.013874011553182743,0.06013246905504693,0.20103024603186495,0.013477508496364988,0.010066783982551066,0.0767239062916103,0.011665118648090014,0.1385979451852027,0.09114413830836583,0.09289376715663239,0.10181231021855464,0.02676018514524335,0.005623665304242535,0.013789912985965115
30,0.23878579394590807,0.126144110481836,0.017095472207383784,0.014913530188492995,0.011504800198391939,0.006042358071752325,0.05367473367541139,0.014375434949921603,0.018622905211767172,0.05532404967402457,0.011684620606124303,0.13595216501301002,0.010952222412843564,0.03884437343690205,0.00540262392546427,0.15191748662852828,0.05818526316703163,0.006856084260254832,0.013475081545329773,0.010246890399621492
31,0.2666700462572107,0.10493877689217358,0.025886900060401733,0.01479103253504216,0.019194434685355748,0.2926399327934333,0.03462254464222238,0.015537970181213296,0.012683832115568509,0.007501829264650733,0.013846993368212991,0.050350837413410045,0.007891530654309711,0.016202697808418584,0.00696313454198537,0.05487537493104578,0.008491440519279208,0.018567445826490735,0.01527676146820558,0.013066484041369807
32,0.011261045944623804,0.08631657727120016,0.022898496162193773,0.03318485958648586,0.024132423455185383,0.009395695160392577,0.02348084137423453,0.32567728141234736,0.017160441307604076,0.015850936829082413,0.02055018095549075,0.06257310474462754,0.011763105922334217,0.016364326526511142,0.009630709611101207,0.01854208872656474,0.12694220749316037,0.11319342866687564,0.024141134550364297,0.02694111429962012
33,0.0719369441956829,0.028227554854055894,0.013227766489720369,0.006873315635035238,0.02142543227091246,0.003844468241073206,0.2484530587322545,0.0305356786307248,0.02577801775933802,0.0815386117375425,0.012264741864711019,0.01668340096078667,0.012692947449001813,0.0598565003183689,0.007587571945877928,0.03908197508928877,0.1546762741070905,0.013026534015252188,0.13662412026354592,0.015665085439736395
34,0.02320507650131379,0.0181015922609335,0.050830242356701485,0.5282841944290217,0.028195267804992694,0.047230748341146316,0.018609464477809114,0.018972179696502896,0.03576160894255716,0.011439336040157209,0.019200801428759306,0.021905122794987048,0.01180111074126403,0.026715237015000837,0.01175177299362697,0.012026752945594814,0.014633369721644892,0.052161539735978736,0.028314583432689337,0.020859998339318064
35,0.024440347589307593,0.04703922364990673,0.01453537718958732,0.023790997469545654,0.014469216454139762,0.01704886690586581,0.015113351579137345,0.17946147117388067,0.01795902401215232,0.02974131504610555,0.03618764508523049,0.01902446616422582,0.01705822289069354,0.013902349264988897,0.0056573364629389725,0.034189338322360895,0.10225923361936748,0.3574061050993876,0.010028495283671187,0.020687616737506347
36,0.0910076145778707,0.05738770300179393,0.03826777992857911,0.013988265284188114,0.061304154387675044,0.01377719500751742,0.030350575439540336,0.07793181801929061,0.011998665214732862,0.10967934506997008,0.1609035702301431,0.0409484875958399,0.07351903615781752,0.022682306106743773,0.005023818009272579,0.03358198628986226,0.039102462680267215,0.05201893443175186,0.02156904850293629,0.04495723406420735
37,0.02039117172418246,0.03466712990179889,0.03485240370858678,0.027758135899644203,0.023359153934629007,0.028781579244326748,0.03565999209049347,0.050298169967073744,0.06717129046786884,0.01605237578626806,0.01883536261429731,0.0433833231591047,0.03528271173923723,0.036376103474556304,0.3990349282180814,0.030816538308363034,0.022466581298879736,0.01602075567570964,0.028122860599922937,0.030669432186975563
38,0.06503751992016185,0.02518209254631124,0.20058740657778268,0.28805076064579244,0.016026461436885357,0.03637271949328975,0.011038637661943608,0.02114314092484634,0.017595409069417794,0.020222393269483014,0.013348881961326128,0.12016757057239347,0.00466499609383119,0.025895153542476384,0.006597926296206035,0.01744772063829918,0.045161541354878786,0.03447493906515564,0.013688124291631599,0.017296604637887573
39,0.028635821802923015,0.0123694744048604,0.1316610585707896,0.22907505337361145,0.021702705981575195,0.01917141315304055,0.04852446224976563,0.08851634066163466,0.02420512835507015,0.06298909563115768,0.03980683382911608,0.01604951191068791,0.0728957185727739,0.09112386897869296,0.003695962958286356,0.0109303530634841,0.03488823730812012,0.040147613474599095,0.01642259146187187,0.007188754257939281
40,0.48038919555669707,0.01816494980157638,0.016459222084463283,0.018600065138445903,0.022346593798044344,0.015857520634275375,0.02255648706371973,0.025679650343992524,0.01818655592229669,0.0077848549921261095,0.016054049576377304,0.0370833753592397,0.028192136848225,0.018211530038786,0.00882593974863462,0.10444937329410796,0.05430422378005203,0.0439595126250965,0.026522107781362127,0.01637265561248137
41,0.029990521167616992,0.009366427299717007,0.006362833785315037,0.006779300433648699,0.006648378479041901,0.0014938866875818726,0.012580809302057475,0.20566202271557496,0.17881831926487052,0.033564497390763254,0.04656014337581939,0.013949942063590223,0.007402291123825313,0.13369100955703808,0.10449403895160224,0.04892763173440055,0.03756759304260954,0.10546790381064802,0.004626717905698245,0.0060457319085807275
42,0.0879066125212644,0.05288382198760589,0.021190871314861214,0.03537611193532094,0.017297809589226235,0.02865572925201102,0.03674113093308991,0.07322440847840134,0.015531781846731174,0.05031338921133388,0.07901404608223676,0.10435225007794574,0.0020568965056523636,0.10263046496723573,0.06492477059227819,0.05617442316214669,0.11861876138184044,0.04397378644745792,0.005311285057752685,0.003821648655607434
43,0.4345286077135583,0.046279422744650155,0.009202874801672213,0.039278945038141194,0.017699667874440616,0.005045551988856997,0.040133465535666005,0.0217110711426618,0.042846781533801774,0.027660592298112824,0.043297701260867266,0.016935396560943502,0.00561100924199487,0.07875953991122535,0.00978347587601631,0.07057189617462319,0.02208471503213472,0.026548462031688765,0.023384469481110108,0.018636353757834005
44,0.03156614225323484,0.01479710367490412,0.013218441140022338,0.01887356677824039,0.07434104597404365,0.01093867130497975,0.07573316095369689,0.11468029047638449,0.015891236130172945,0.4553542935750112,0.014161745241415497,0.010304344239233557,0.020902337576573313,0.025741081663661198,0.020830961776006768,0.005115553349132401,0.008530813284581875,0.029347803799734003,0.024318787338632897,0.01535261947033775
45,0.08343837361704652,0.03434210797637844,0.06028984889725405,0.02777100484554118,0.03505347062461076,0.054205429145084756,0.06537677181643409,0.03779405787498214,0.06617790808948637,0.08999123589548562,0.055792537853683495,0.04513466774918294,0.0018923643894996778,0.0744009391680859,0.02538518292399208,0.07800563545093521,0.08532626420410999,0.022319524483761774,0.0053645002773005206,0.051938174717144514
46,0.07925426212276684,0.11497970179913132,0.18952012086273753,0.08374317129782102,0.005874175439246088,0.0331491133306941,0.039645844541261376,0.00706302500979567,0.008637088771648222,0.020489005003874523,0.051439869766929915,0.05708647152798212,0.002546292777298931,0.030665922601680905,0.030037227732407627,0.15173109626870152,0.060504120983330016,0.01676898036806794,0.0060986426454981745,0.0107658671491262
47,0.022387995514320885,0.039253701515899825,0.005877827709457654,0.030174871949864006,0.012841510775222165,0.2359793601456154,0.0967860800322846,0.007042598092638536,0.11788711019794833,0.011113910546636756,0.06206758371723205,0.1829538381154437,0.003448526574251554,0.04713607101913001,0.04232695292106306,0.03537142417495653,0.010341926162364054,0.009473644836995924,0.012242108271954759,0.015292957726720187
48,0.026204270880768477,0.03187878600300266,0.07401105686806636,0.04981688098320348,0.041599795487983184,0.020345250468734886,0.03203484540073026,0.026324282203945355,0.03028183391786317,0.0832676206562332,0.04490070185718511,0.07416826749175814,0.028953978496411254,0.09727814008060001,0.04042865129678535,0.014907939405882835,0.02767629575269401,0.19918689837130324,0.021022211416849262,0.03571229295999978
49,0.03395650873405511,0.05749640768794595,0.05501366244475245,0.007745751749957037,0.07483337157503496,0.02455984907687415,0.061100591060327496,0.06378838411386603,0.014187500919773027,0.06699894170936262,0.07904449059900574,0.04357685838507576,0.00499869937128038,0.00922758717001309,0.03793186597015354,0.03906810618185687,0.05216075918431627,0.026112805476890846,0.030085908886721666,0.218111949702737
50,0.02879101779400337,0.07592910523898827,0.18907263283270953,0.02969070343215284,0.015563501366599303,0.03118093693909369,0.09077388124829204,0.05630389692650731,0.00613420629552299,0.012063082352138144,0.01859487851865656,0.10963433389436832,0.008305924995166407,0.03014279936076034,0.005272701346524854,0.05515661829492494,0.07810954533329463,0.12721856007778656,0.008201095376419077,0.023860578376090825
51,0.10753788217821005,0.029952600803934182,0.017458766044681183,0.13276279380484163,0.013800252640606197,0.23524807433305564,0.025910100988168972,0.00863482111006867,0.036297846033843846,0.021074967810750668,0.011153380583364712,0.020739542757848627,0.003813076686476882,0.06302120505259491,0.04020367238320086,0.1443750226220088,0.047107298003897034,0.022146169490945677,0.01110396654163807,0.007658560129863403
52,0.021642730392096025,0.018524995891072486,0.018055201094523167,0.03324580024398647,0.01824194543983807,0.6423166127012093,0.02096320471230846,0.021350837751851745,0.02058271610782711,0.00861619927160713,0.023917959084611154,0.023585442605328272,0.00897667593893106,0.022006403979522374,0.023189919900742418,0.008899583576783665,0.0095449869215127,0.01941548484479376,0.017315560105263167,0.019607739436191422
53,0.011094050821833188,0.023718949689454774,0.010335946556586742,0.017683427877907144,0.16258386457433943,0.004827875186220249,0.34889025780570126,0.019584557935167446,0.007727247430240669,0.005322854527395225,0.00824634518724688,0.007719884347596485,0.0028682927278355585,0.010798618966656934,0.06544980025862182,0.003225232799281069,0.0034774958360286206,0.00506800035432779,0.0961034048842105,0.18527389223334817
54,0.3199105305716935,0.055417256166255605,0.010369207506046646,0.01721868062317636,0.010364394857708494,0.009719515151188298,0.010496787539102314,0.012467397923565117,0.009722681590554396,0.0049543987574915665,0.012002072195114418,0.009215055254127386,0.217297112710266,0.011587304480666189,0.005194247724801127,0.08988376984891946,0.14694514336599615,0.01682600888776247,0.015639501462011,0.014768933383553545
55,0.019025755638971083,0.014800813373601451,0.01216800012852701,0.03298861562554167,0.01487043608811689,0.007554003245836416,0.01806601890635295,0.017831915786949773,0.011763541126633933,0.0423856148694904,0.017276247557938086,0.012336945081001085,0.0872101404802082,0.012532358569091292,0.006949326024883507,0.005995725611288563,0.01406318100921203,0.6285959063882388,0.01302473993507126,0.010560714553045537
56,0.005746577952212472,0.013975082422830246,0.015365618476957537,0.01659940556108404,0.03714739576881468,0.009995646764872631,0.009932480038795323,0.015494835306516137,0.018663974518605596,0.0077679369818977224,0.021078551291278204,0.016207598160657484,0.03996932694565722,0.015043812893157633,0.008249500213452108,0.585630287401529,0.005708091822185081,0.010457270099239548,0.018290707426905372,0.12867589995335182
57,0.01071304135573631,0.028757001045260695,0.024145120020020405,0.01800800072992763,0.0238946670192447,0.035285331768791506,0.017471622503679708,0.022360248111250095,0.01773797188081652,0.010427522953957538,0.03273171168747423,0.01446344332565025,0.011166947737169744,0.02970098445613029,0.5331914593765922,0.03318315965059004,0.0194752287972632,0.027394734552831163,0.06836227532515698,0.021529527702456756
58,0.009392536975651643,0.019334182399178574,0.015600769690761998,0.02772867925026742,0.018892136682390533,0.690783130220951,0.015856678290630397,0.01701639208088362,0.017761101442503716,0.006059613436289754,0.022405172788850816,0.01262442264840565,0.008973739985053967,0.014029303857739484,0.024972459497260693,0.00765691366389888,0.009534823050580213,0.02809436998012876,0.017911347607268483,0.01537222645130438
59,0.08696709211291591,0.10782709365512348,0.012787453897003226,0.009312762941779707,0.012857650048641181,0.01908596611559297,0.008705763614363754,0.011835973451749257,0.0104130832408051,0.0034948418957911165,0.009935686606434152,0.02908316397439375,0.0031953244634629046,0.007854291258918799,0.024966531679491647,0.18182323638024417,0.3892928980154759,0.040333335058169294,0.01018028587328261,0.020047565716361085
60,0.1379230141965977,0.049284835544760916,0.014995862726971461,0.06396659395391949,0.01714112137338348,0.006001434281815691,0.027963873225703286,0.018364661547624776,0.03137653435709229,0.011611261137216902,0.02069942996121239,0.029095964544653803,0.021051578468028735,0.020253907439420616,0.008610928578916625,0.4274923435677287,0.016765906874368252,0.025356795144786868,0.020856252827806104,0.031187700247991963
61,0.017828895072609752,0.017600022712637012,0.027347873547835466,0.03400049547881163,0.025580879184952242,0.013409748401137546,0.027282729978135183,0.02114748996766491,0.49612321880472116,0.0092635037693459,0.030516064867988708,0.038008351783180114,0.02016153423637259,0.10052418349348499,0.026967049656612018,0.01141263785850939,0.03295740373031225,0.009079921169893618,0.019542978779113564,0.02124501750668189
62,0.007285460611960274,0.011993828359611254,0.011608479896475262,0.015743188011308466,0.1362286264316609,0.00797692847762149,0.020008920035919555,0.11771839769921978,0.010953173960458832,0.49591987460320913,0.014228985723151996,0.009462056147123513,0.019301278135205324,0.012975455596172568,0.005808958516299147,0.005003296948055553,0.006061816305788375,0.06415248971125441,0.015379727286604486,0.012189057542899649
63,0.13959552675383835,0.04495468234176462,0.032685903833211384,0.05464434767494937,0.01814912980102583,0.04727731877008459,0.007275888075186447,0.03929735466442068,0.0247290790512574,0.044235768176746425,0.0807180740513135,0.008812219950879848,0.0009091185457530674,0.08601988357425125,0.046863245752237465,0.12153967087455406,0.08306482341248143,0.08445132487381807,0.002147017610087774,0.03262962221213844
64,0.010358040797904878,0.014118620145546242,0.016476965409706078,0.015584546362394236,0.08802814217972553,0.03135978154318601,0.013384382732467153,0.012761498231012924,0.01351890802586203,0.021236452689328496,0.013603231025233222,0.012941199273686624,0.006940417311090175,0.013559379075836372,0.045564216676884706,0.005398630878706646,0.00865296516811576,0.01029574547723955,0.5603331841479792,0.08588369284809422
65,0.008431347693824151,0.013636540281281001,0.017052255488370832,0.013253256569314186,0.027190088108485565,0.009424002681248121,0.011138502547315866,0.01875032641359555,0.014307271394152617,0.36452948099882493,0.336242370481561,0.014302838855120967,0.01068696856884234,0.01637434307790885,0.007845359167037401,0.031004467031675528,0.010211280884097996,0.030063765486486517,0.03100852843848282,0.014547005832373812
66,0.10860764445268012,0.04414703508946306,0.01729890075433019,0.01902580764922052,0.013636546374686401,0.03522714507732825,0.026611178287218883,0.05835198271522213,0.013606367961107483,0.009751654720607085,0.028947379067890244,0.01180081962587807,0.0048461032348965,0.02956366565858147,0.0057816325875677645,0.08815447686993594,0.19605585216550858,0.26780012485625293,0.009185910074685884,0.011599772776938522
67,0.01936608615641456,0.02331260202815605,0.1342387511478667,0.5278409997092043,0.022380962730154465,0.02066880853412245,0.019877346092269477,0.022276474695490735,0.05323127194784421,0.007448713128737636,0.023099754778755564,0.011521418497521349,0.005182177015444091,0.017028952034234386,0.017563633379447233,0.01473329380905318,0.0069160712393089,0.021858925466819862,0.01641939737857392,0.01503436023058099
68,0.012785474675792616,0.020602763876597444,0.020966256487320707,0.01966688997081214,0.020346798976667024,0.029343712430514972,0.011994599192593339,0.041914455856891235,0.041338622505514386,0.008807412352888875,0.03990806510592568,0.01866172790416786,0.009779424944590777,0.01834559361373816,0.6097146213146039,0.01413828349855103,0.008845355334910808,0.013851078729915933,0.021278046752753906,0.017710816475249296
69,0.09711339715055842,0.010840863296958863,0.029367002789545217,0.0353645978170595,0.009254098585604248,0.6194372318309579,0.006261794796306371,0.009793373643099743,0.012095913690548622,0.003853803900132011,0.010581040057215422,0.034252478059691324,0.0035449448280462335,0.00939553547160454,0.027135700336332547,0.03762936561562226,0.004239427571010052,0.01727741769217919,0.013180491147317962,0.0093815217202096
70,0.004158749143943599,0.022107977332505285,0.02145385968410933,0.009666312793927611,0.11287689237069704,0.009354308580808624,0.032029760616325974,0.1230525089347279,0.007682483396718828,0.2819204766221435,0.10572704758904311,0.006082138613694006,0.0023342671912700845,0.006752806643964851,0.003754879249417913,0.008909023690501349,0.004067041019712991,0.006233420212970335,0.011863943763610428,0.2199721025499073
71,0.06134977966601867,0.22397931072216729,0.01201876838220216,0.015576125283522538,0.04254612333895027,0.006974287611250429,0.010304653820379914,0.09414561741593065,0.012688143310349613,0.22966763470874627,0.11665149010652706,0.012272321048232976,0.03319691018081071,0.014551940429266472,0.013021427238468542,0.005534805789899986,0.03787839008576723,0.031287666001364844,0.01285581867527118,0.013498786184873194
72,0.08380322161873359,0.012487332620957463,0.015624626912912084,0.11082802790316584,0.03786659590960324,0.10542053039229234,0.04368067197262539,0.014912670206638825,0.05122393544179837,0.07726371096890644,0.04185216345113067,0.011321745508576227,0.010561472050354846,0.10685377939131122,0.02679737193657779,0.07037837654979556,0.06266497696282336,0.041883897363189954,0.034137263871594326,0.040437628967012466
73,0.02787353793929429,0.019744244099059664,0.0328284162646066,0.02893990307320999,0.03467526623414338,0.01668271427247754,0.12925734375188608,0.03547854628535142,0.02680408809875048,0.02993102054500074,0.033803280994858326,0.03242099036346984,0.3394499074591276,0.03350486085809668,0.014297880374091949,0.0520996571084121,0.045610982632351325,0.014142042595800569,0.02281837939169697,0.02963693765831442
74,0.03325949278777196,0.08887947977040238,0.008480871033988249,0.04178535702308936,0.033297770878677226,0.05885086460375403,0.03394926534127978,0.08243739425958335,0.0040408927178291,0.13571486958815865,0.1656191974133064,0.04108772690780535,0.0020462268910978083,0.0319686397378402,0.0016799618374789883,0.012224467183747994,0.011161300749211756,0.11802914445698802,0.021939624833389484,0.0735474519845999
75,0.012662568214582167,0.019390771955670377,0.0195182864650569,0.05044769884672581,0.01946766794076299,0.6105377107348684,0.018405758789656966,0.023664313841529783,0.02053456069871929,0.010166050128324522,0.021795477508036617,0.018096492451553283,0.01111788525124221,0.020357941903095325,0.029172045855712123,0.01070503274407462,0.013069967831909566,0.026659743325289306,0.024344817233905053,0.019885208279284795
76,0.05874558289785848,0.029579579078278948,0.010999951973907853,0.012057823657548592,0.13593240825886918,0.003828568095691641,0.11609242616801885,0.018641740617150043,0.12986728001363682,0.026171266363802327,0.05594644742744845,0.05209162812099312,0.004324159180347144,0.02593319561233369,0.12590779914240158,0.0665375772603757,0.021134835690862705,0.016558187954941586,0.022783802848737017,0.0668657396367963
77,0.03646811437557366,0.1702418885769292,0.013751133455781505,0.02709015787089998,0.008843407090370714,0.0384645016174007,0.007935695857023979,0.03385021833755823,0.018242630313355556,0.10531834014235214,0.012991621317982524,0.009047331573009004,0.005946716296949985,0.011696034242511593,0.008242861834519328,0.005239733979918652,0.23108177390302148,0.228098080584754,0.015813008968112576,0.011636749661975171
78,0.0795280575425911,0.10647538514292458,0.03324502448142442,0.01113352583806099,0.05545066882938097,0.01558170550219904,0.010848413559109319,0.08121392761577723,0.01370914683550385,0.08428970867262392,0.08833667817844663,0.008301378755449881,0.005145016809670057,0.011640409298061066,0.004131814117452942,0.004636368447587892,0.109559638517827,0.23614975295159574,0.009179629207571934,0.03144374969674145
79,0.012611456591206252,0.02055955604689265,0.618017468335487,0.03017662715048303,0.02179505664544708,0.025027374031556308,0.011641677494620337,0.01954851595202074,0.02145663687872016,0.008026442191671316,0.01927842967357943,0.03963283923395989,0.009056863203502226,0.02171151807479991,0.009607240325417465,0.008277692078165913,0.008601172497148058,0.01818059020061873,0.017254976001312945,0.05953786739339057
80,0.007510363555564159,0.017076983648376353,0.010861312870995303,0.017715893452983977,0.05784440340469311,0.011564464485624065,0.04393997062380091,0.13789045737943792,0.01725057704209121,0.49587509127636104,0.06840347889211983,0.010957942029605521,0.028431213793897205,0.011328298348159432,0.009134921495188936,0.005256610902578081,0.006669870113641359,0.008051552978478984,0.019190312947112355,0.015046280759290239
81,0.02542014540181019,0.031855478162728636,0.018310541048898416,0.03785316148088225,0.01631444277163402,0.6358744678212823,0.0154749861197429,0.014800424162949185,0.02328736357829815,0.007359344861361493,0.020352189928255365,0.018134854713867363,0.010346963737135628,0.02142656299622717,0.018453178215471006,0.007988759792831169,0.012930573245809821,0.020529834516561304,0.027482699034342556,0.015804028409911
82,0.206606236286103,0.5388474101979237,0.0098047846586498,0.012221812415632183,0.026557099158970716,0.010825149344027358,0.009931146630096309,0.01144747078179473,0.01148187956339912,0.0036872050729548802,0.011682312682303464,0.009993343331651786,0.004599561347294957,0.009476530821425083,0.02649002507446947,0.03297494545024393,0.005441456620504656,0.005957551650269198,0.009830195458575892,0.042143883453709695
83,0.007657280977021509,0.02635264512157998,0.045835407939721504,0.019382046201951136,0.017870567097604036,0.6535618053638635,0.010255478082572196,0.015894248407008305,0.021382005997827747,0.008098176361260492,0.01666866277019168,0.011021309722700585,0.007429220792294561,0.016904326168755354,0.005909860826486652,0.05068617014098824,0.006832172198745615,0.02362304022592715,0.019718202029685727,0.014917373573813958
84,0.020802493656038895,0.03951565607408474,0.028212093157650962,0.028294657318487258,0.031282758011583214,0.041080307086453785,0.0367837498386777,0.04766217717779983,0.045683926889933765,0.030246216078094135,0.04489742220467894,0.030243591559645004,0.03362854163353541,0.026197056154588234,0.3471986537426821,0.02780931554911361,0.04874886894647679,0.020807943265649192,0.04083652198343263,0.0300680496713938
85,0.02053761054411544,0.02871103393138253,0.03890932800686437,0.05811580397241135,0.04139773077976436,0.23238134102474542,0.03558986280456684,0.035818296197708994,0.03320042801996511,0.026588355837270258,0.025340591996613124,0.04552768501377176,0.028698970740297976,0.04340990776904532,0.1023914600692035,0.03486928387586311,0.0327017420011728,0.043981752725526145,0.05539023138019251,0.03643858330951909
86,0.022207147637425022,0.054161156533311126,0.031018129876867896,0.028268731499345983,0.01876595079141867,0.5814509939194964,0.011392944414641164,0.021113971282978886,0.030150298202325353,0.009143000041447474,0.02652457299371187,0.020914818778898912,0.004738615498288145,0.018968889436247815,0.007528478219801775,0.044901030143232074,0.00955158407282447,0.010637268702466503,0.03420149911744164,0.014360918837828888
87,0.014816555802418526,0.03663243475270509,0.023307819855208745,0.030733894862797935,0.026187722194825607,0.02792394047195719,0.017409930352100395,0.025439016579428538,0.02605300319157943,0.04165921971304525,0.025746430905082388,0.020025359568075243,0.009004622305313757,0.018346841006008446,0.02057695703332774,0.00919012172169474,0.011320429821660392,0.01591370336644524,0.5809953962869316,0.018716600209393773
88,0.22236704722075862,0.19396100988037898,0.01824930266127868,0.013186952506565626,0.009599218094801807,0.017721046094383786,0.0066074218104046805,0.015674861696249782,0.015548076540305192,0.003892371871833263,0.013968614724172494,0.027155206853946356,0.0022094953653241213,0.012886393230616742,0.006360962811145684,0.3771603688160202,0.011169940695400822,0.006005487727093112,0.016233014281559897,0.010043207117760189
89,0.005960737477010109,0.03056518347653264,0.022709140070737703,0.013990126577763851,0.03942555455717347,0.006449357821272302,0.033364623958209785,0.009215362911420336,0.011724868237621306,0.004214071780612996,0.01513789478168224,0.010437259561132785,0.008645955547457515,0.10637587832840487,0.004875969654761057,0.011269533416620422,0.007115215825148522,0.007556332352957951,0.054098757392368704,0.5968681762711114
90,0.007384842245464789,0.034623034342579025,0.03007212675185692,0.019914314556830123,0.15013444970357806,0.007931024883469875,0.03799075031282733,0.02971558664727865,0.022770565897844184,0.08582957943344773,0.017031063269567943,0.029812928262295008,0.005040485272163236,0.015077353761033902,0.006268685339601888,0.006121781507983816,0.006832194164826247,0.05493959268286542,0.017437582432337534,0.41507205853214835
91,0.09032052921456923,0.08590094584075715,0.005597139720147381,0.004190865512383173,0.0028147795415825465,0.08996117426766548,0.0022735757674314017,0.03536448568106976,0.0044889850492409525,0.057413355042479124,0.17859421300521627,0.021995101741405607,0.006672254473105846,0.003791147154675089,0.0012122056742707567,0.15105029442429696,0.1320282787150022,0.11935552574722778,0.0033974826266815,0.0035776608007918364
92,0.6133210733891954,0.023610290097643333,0.060389023956891184,0.021301195235484148,0.018071357968726026,0.04267520571612271,0.009167322328694699,0.017906436825685455,0.021157447169168318,0.0070256508803222435,0.023869397208357738,0.01164292158287458,0.004572130983214708,0.014956343074138767,0.005366568854326497,0.011163574302821583,0.024450509192268193,0.036701183364237826,0.015414003325024586,0.017238364544802022
93,0.07946807592519954,0.09491655930625983,0.006213078950765876,0.010434930711202283,0.007137317757923062,0.07397302417588446,0.03976573493760705,0.029276405230625312,0.008027210901013621,0.00235821331320131,0.008519801680196488,0.01266447601575205,0.0020387652537735535,0.00939896424003476,0.0033928399847147164,0.07473986903682796,0.45937999932094936,0.06375968406262829,0.008678393742627967,0.005856655452812599
94,0.04149146730305037,0.05684475835316646,0.1017328811859833,0.008158368273031182,0.008220585820842362,0.02568005008861922,0.04024272488792836,0.16884731662715907,0.011728519300800025,0.19789550652337226,0.057741542175696554,0.07120721494422545,0.0018702099628738773,0.06901110703190773,0.0016461811742300907,0.016326269427244227,0.020674178529208893,0.0674655770079859,0.014266546214031027,0.01894899516864363
95,0.05013257873725124,0.021339361366458757,0.0017980180082885577,0.00464721197318206,0.0035194300929808457,0.03737427774176075,0.019633687299442294,0.055086220294440116,0.09928237076130941,0.09059151622105924,0.04244000760108341,0.14394543846734148,0.052734269966541465,0.07120274811559804,0.10425478350942675,0.0728503874960565,0.06916785855370222,0.05427059588615399,0.0037418981859325506,0.001987339721990323
