site,A,C,D,E,F,G,H,I,K,L,M,N,P,Q,R,S,T,V,W,Y
0,0.0167070045650292,0.04530353679207627,0.04752097445914117,0.023050254682520345,0.018404615432696225,0.039996535405985266,0.07226732741985968,0.020894993493857573,0.018406298070541657,0.011664063537653811,0.021131432083772352,0.02639077236631735,0.03625515549309032,0.026341561215531776,0.45591205685332414,0.059174474346676206,0.01880348500735279,0.010058607217989913,0.01185326457854352,0.019863586978040443
1,0.0152011262436203,0.02171715227239623,0.023198407920251123,0.057127878027533927,0.024428677936006962,0.5013696245471778,0.044708777467525454,0.022778287179641598,0.018649878127054133,0.012523131904314132,0.019955231691911525,0.029635478956381838,0.04227493383531533,0.031967956468560446,0.027733496209497513,0.018742580484849593,0.027727730958678306,0.021126405147850205,0.016879973154842423,0.022253271466591208
2,0.008440838509540987,0.05643026771362579,0.043810735867182274,0.01286262014159854,0.0707627799880636,0.5966140633927465,0.013407786693066448,0.01533862287196776,0.018056278444802253,0.005676895284968424,0.017290898858884976,0.016289121017325367,0.009089283178832671,0.014950871215798143,0.008022661857312284,0.03195752627686975,0.01179717863970296,0.020315604199473817,0.014282711462371292,0.014603254385866194
3,0.1087681642776004,0.021338033489574717,0.017511440807334702,0.03861399511792459,0.018409441388644466,0.5473729216669387,0.020977809323686647,0.018481413785450963,0.022736899529367513,0.008933508414116593,0.025060879564333383,0.020860526563701496,0.011440324468547518,0.021831657468980185,0.02398600565057991,0.01008335247082624,0.014302226661079465,0.013213644593820907,0.01581050901414499,0.020267245743346617
4,0.040970639033712064,0.11504464009787226,0.07103068348736383,0.11153142743820565,0.02229405927318173,0.034883310881464034,0.02215879244815653,0.10613477965403703,0.03795229388063434,0.03422147747976513,0.05534471609507566,0.02979721445592931,0.00561299924511309,0.07888856740740566,0.04931604098099172,0.03750291247425183,0.06675330903400606,0.03808126760047108,0.016184450122349956,0.02629641891001305
5,0.14911024237904272,0.008951792423778736,0.00845930838529041,0.036824841571253014,0.010497399826199584,0.4694562321805626,0.008402127462823063,0.012284621359629322,0.012610327694740882,0.0038549970954886922,0.010881272416409741,0.011865463112309356,0.005866994221332253,0.010377369042269378,0.021499609410271712,0.17727505161211843,0.006193084550593208,0.0074966241022281065,0.007738922725883343,0.02035371842777547
6,0.041730590504552925,0.06372507056979484,0.06681834771494341,0.12061204389465938,0.050429235525132336,0.007971762838001068,0.03345921918276036,0.03673164838739867,0.008368591353863395,0.056059834108472185,0.10984599755785417,0.08140510540549183,0.014159499723150514,0.08129049296356392,0.005554895198508679,0.02009812686605704,0.017866904937181096,0.04331451942654441,0.10221670964771477,0.03834140419435503
7,0.09261181995571487,0.02597444301391862,0.0144959099558791,0.014087771492605376,0.018675045204195984,0.006152473359318637,0.015423588233128043,0.04943389813236873,0.013579415026484966,0.0058645950890510844,0.016558517728054944,0.029867343854717433,0.02859363593753885,0.015576095386101793,0.005328272045832862,0.015180537200502846,0.5878488933670001,0.021495483512828685,0.010062570106679781,0.013189691398077286
8,0.03818610527463922,0.11432918623102756,0.004892101405587118,0.007330448868607286,0.007540591379995826,0.02188486015264343,0.004226814492395561,0.10750522326918097,0.005933052708488865,0.1526755909431635,0.006008327451149676,0.024893227333887245,0.036235335312361006,0.008800998510327184,0.004036136107979333,0.026129874847106743,0.1908073724080678,0.2303531082625238,0.0037523658594360468,0.0044792791814317855
9,0.018204523044418042,0.017799316015695253,0.01812422375030048,0.03298958305275691,0.021624846215528022,0.6540829963900177,0.01960641227650798,0.01933844951372143,0.022271077525772752,0.007444908349236573,0.01980462605126358,0.02156442679862508,0.009256787535196912,0.019228079908226017,0.014020176594622638,0.010059976736427697,0.010841585126589413,0.0343736913598262,0.012247424511677258,0.01711688924359015
10,0.021999755997148786,0.07761521706829995,0.022902740925798127,0.0985158996130272,0.02501595878627785,0.015767557524375916,0.028846478094469608,0.019227991657269194,0.02174214863758381,0.06255576340983034,0.02144197486896661,0.03912505981431924,0.0020113103682057216,0.14026852919314864,0.037851390965955314,0.007204210772061531,0.009357633438294922,0.2014817110515483,0.10671164875154077,0.040357019061878135
11,0.08507516039296142,0.02127380445666997,0.009994037154589882,0.04488707709967835,0.047590152281798324,0.006448883666979566,0.08142102452212624,0.06641978068340545,0.10159478699082965,0.12254023930799574,0.06629364422727589,0.012312397916310952,0.0044091265119510755,0.07524511855408504,0.03598463930525413,0.004788319256401404,0.02050297795604055,0.15239968967273104,0.0056481912867643305,0.03517094875615102
12,0.025577498851114194,0.0497847585565478,0.037306800868257765,0.039082690211255114,0.026177806447648267,0.017121786288962746,0.03506422768130827,0.033442385573001124,0.04185923250806215,0.0346035579836374,0.032620857237618296,0.03447777140985798,0.036848568356465515,0.03519359042186138,0.07342148242972477,0.027622610927100208,0.03610877897080775,0.015902264654261013,0.3320211980583588,0.035762132564149424
13,0.013878352909707035,0.02794374909248049,0.02435332112043556,0.04160012271984027,0.03052300568525431,0.011926328894094007,0.036689788805235136,0.071727343286031,0.40800890821467706,0.013051873795016397,0.03471611323950626,0.04081542750029189,0.018977498068258627,0.04834547817839167,0.02335442915213635,0.04835258729491247,0.038607130237483515,0.014799993236336217,0.019434547067090534,0.032894001502821166
14,0.04588239276427746,0.03866118482275732,0.047655919213876234,0.00536986002203092,0.12630906747366008,0.15437407997773062,0.044822277441368324,0.13212935712189344,0.028494291495709912,0.014158086734219404,0.08394722994579205,0.04968894886086726,0.0035300592613293704,0.013159363852596641,0.030709144959190405,0.04531590973534096,0.059132005234644375,0.049419200519922254,0.009887507336070623,0.017354113226722326
15,0.07711457148654646,0.06571341548383869,0.05037341098673336,0.01477568634713005,0.004689502906093197,0.036562899769205195,0.0392098098161346,0.007976276841347829,0.24204912612349103,0.07005197341281848,0.03264541560997953,0.08421840064932153,0.0023156705652317726,0.06745942956882985,0.1085247382473199,0.06558601539049093,0.011652986876845853,0.01104316199050531,0.0027763074205538227,0.005261200507582646
16,0.007067969091649159,0.01312989904753547,0.015652196565221415,0.013853603239933083,0.01138407737828704,0.006342985367224773,0.013538565767384998,0.03257495688848707,0.011321845277065328,0.3158429338483414,0.3315942480921969,0.015204999736728004,0.031644751631467655,0.03787435556915901,0.00715696109366325,0.0057962382891826505,0.017637480791856713,0.086445683208326,0.009204809352705444,0.016731439763584703
17,0.0636115266065363,0.034348481228037256,0.04192981070558408,0.016476240311068237,0.01298405338443788,0.1029790228634798,0.04229864750291163,0.0331791278064954,0.05167560253207935,0.05056034061964197,0.018796920727350508,0.31408938305247763,0.009149731194740397,0.036041488688497145,0.0298043816419915,0.04204588873359001,0.04493060481617753,0.01686371033649368,0.016534431452531712,0.02170060579587794
18,0.05399822583854577,0.028335429190384856,0.08232878384926198,0.022521895120847863,0.00794923125183774,0.14759018828967405,0.08335515434797283,0.031528441655532535,0.05993294925548254,0.049169990975461465,0.07230601024274995,0.05549589302646699,0.003954666760636587,0.059242372787927024,0.05015831612677206,0.028928868004471316,0.02984288190408771,0.0963313541375991,0.016343087043107732,0.020686260191179938
19,0.00847419270377772,0.04519492604769835,0.017637119489821863,0.011379164824218208,0.20862490263354672,0.008393898949864347,0.010155173803936862,0.020644002220331192,0.018420850761772006,0.23696867682408396,0.24920401186733826,0.01538975198948067,0.0054588885901004575,0.04941581183477922,0.011886300389742178,0.00456340064153097,0.01961394006930355,0.02908877133341649,0.007209095120557123,0.022277119904699855
20,0.12715618678006618,0.011782669128557747,0.1041002850253788,0.012057875834898804,0.011072091884575778,0.1421328599800931,0.0385168262941871,0.027354398563050063,0.01499130593099149,0.051050649621177197,0.040374290689873,0.07346910513907152,0.026348217897897593,0.023360961516170932,0.05783551082582867,0.15677488079409013,0.03475247485329702,0.01898475632315753,0.008093902084607002,0.019790750833030307
21,0.08023288451211753,0.008628916143647584,0.02301780452580043,0.029509223413245973,0.00991428560086266,0.10731356827231778,0.028961462761159025,0.007360013433183502,0.012466640433773159,0.002754424627176264,0.012836735282735308,0.17171429206412536,0.04996669254364365,0.057194229524716846,0.06349488501866504,0.12760487725536504,0.18159459890362506,0.009853279755736926,0.008214251935715922,0.007366933992386924
22,0.09737797620896267,0.0681532837249397,0.007385820257340294,0.04354075095721272,0.0050000289525829284,0.07314248799369738,0.07122233281602823,0.016644646647134182,0.06278585444306199,0.04973903030234961,0.09560615528761215,0.11264312664969288,0.03807968900609721,0.024620453226152438,0.028111922315511576,0.05613443378386836,0.04636669651401484,0.06330430109104573,0.02044884456060683,0.019692165262088248
23,0.13966740792352975,0.06156737573007338,0.06431038380942575,0.15132590167831642,0.01315652265211088,0.058023929377695425,0.03149809100399828,0.02679210731944492,0.0380851812469367,0.01022302980469036,0.03150925735398327,0.017315809446927573,0.00996431451991779,0.05765351976210578,0.004438825673204506,0.08535548474157681,0.13055408152763845,0.048129031513704776,0.009830904738132496,0.010598840176586723
24,0.01710708846120435,0.035125854842258865,0.028511640670740104,0.01583917054524599,0.22573026975542598,0.008357159864863455,0.16024941312076812,0.030745133392280258,0.023954239189485214,0.014567833377924245,0.014224158919883876,0.02751051061831464,0.041594213389535034,0.025815861954714903,0.009108542700263005,0.06558229400633567,0.016539149582694677,0.0586270537346011,0.13500942622124065,0.045800985652219836
25,0.0781198324340696,0.07797818562703258,0.02655246765766817,0.006704280857098704,0.036167491406835485,0.03571328962642398,0.07726692290304582,0.010493006356735302,0.01796775500606055,0.11691663808341597,0.05617538857392013,0.07290895741822673,0.005795037740886537,0.017069720592917635,0.06260661627340301,0.07910369409477983,0.046867078148622614,0.04461470545533825,0.025808432009201056,0.10517049973431807
26,0.012667653198153831,0.04341005900797507,0.005316788800079098,0.03922413458809098,0.005643250768656452,0.0034220882114168894,0.02084435415743603,0.03885978578722638,0.12851455967716544,0.0047832475759019616,0.035255463708865224,0.14177034716262307,0.04182263349489804,0.14118209812600857,0.07336215389806892,0.1292391037100611,0.1073312026255137,0.013621745021238266,0.0028783728667297905,0.010850957613891177
27,0.018274031354876975,0.05458680591156235,0.025122618110986095,0.019859843837027238,0.10503926653578287,0.009603858898581384,0.050309960015752,0.02567491315900248,0.02525344116857858,0.0107534866571413,0.021153145645610702,0.0336553088150079,0.019295496221700303,0.024885035548045897,0.012310450688920243,0.02166820349814531,0.01901519129046327,0.01407206673546053,0.02322371717654833,0.46624315873080624
28,0.014627596384821384,0.13230229264498197,0.028845878331863924,0.05010912972052318,0.015866548901997016,0.010807872275420254,0.022845633535244263,0.03981247281178054,0.3242436206384642,0.010972899863392852,0.017450029939899248,0.0469463632338478,0.018818969884585472,0.06105449824383066,0.052319122194124636,0.0104640105720213,0.030667760956482038,0.034848069831745036,0.014291226448796218,0.06270600358617799
29,0.007206527665528836,0.032772564855653816,0.01586511143116686,0.055338040730229555,0.01462863521517613,0.06043016292194189,0.016611094521186403,0.014158329045781338,0.1943245882710547,0.07133326826017372,0.057783094372514145,0.05912803376986978,0.01382677504670516,0.04450135355086113,0.15182540756707444,0.05583043519928652,0.01846164471398523,0.08716824764287559,0.007616948859814539,0.021189736359120175
30,0.2027640648719614,0.07890202280545884,0.025852204480590057,0.020220725758468772,0.015655358691504615,0.02129071612402925,0.020192573672930706,0.018588780565775127,0.014615773382591988,0.028553540366844782,0.01820062332982209,0.06807271611574492,0.01371097140156313,0.05050475575440364,0.07222404690665708,0.19263279053785348,0.05398248934946601,0.050949769947413015,0.017285744293063985,0.01580033164385713
31,0.08769798603468633,0.03501302689412369,0.11361151549314648,0.018229006691007875,0.02408647037403285,0.3209453047730531,0.0649677394713122,0.022122799187179253,0.015565773114012745,0.008047023737048633,0.018557083098725644,0.08847130253164849,0.011397364985530024,0.021739011538179948,0.009881206280091552,0.0729560557743441,0.01117914648407769,0.019155642197447222,0.02034675231908715,0.01602978902126506
32,0.012326985141341913,0.15256143746843512,0.02378980705761666,0.0342314441244061,0.09278963461109194,0.010606684927051418,0.02429074263375148,0.23964191320644154,0.018332320045766192,0.017342202969791658,0.01917293597054608,0.03775271386958639,0.012198529629859662,0.019146582692054725,0.009786069374493318,0.02880440611393108,0.04823113743937854,0.14418670864271232,0.023463691917844563,0.03134405216389932
33,0.1328799944191591,0.06233578625465883,0.013758628392866862,0.008678240734529169,0.013586350204563164,0.01302182858602366,0.03786703534734934,0.05413880550063074,0.045228258345592715,0.048558689835364606,0.07174726700079874,0.034024174527055216,0.0239195667977455,0.10270098497362379,0.009245289233744338,0.08926123097146764,0.1345301422696067,0.0562672837593115,0.03922614685818383,0.00902429598772458
34,0.03956727661663957,0.022392340556968173,0.035408057632654956,0.4859848652979249,0.030963431514815745,0.0427948875999583,0.021959532547932405,0.023700415319562292,0.03914153967894164,0.014369760570058503,0.020842030342519524,0.023991809496309822,0.014944093373468853,0.0321215923361618,0.013904940607046296,0.029404181979390494,0.01737903126785114,0.0364534677856809,0.02955645335293347,0.02512029212318124
35,0.035979554240290305,0.23283707505781226,0.016953629704998502,0.01484958458151427,0.01621035341520015,0.010153879363447643,0.01582610430382516,0.11417672218314365,0.019386321745234886,0.007535847692574974,0.04263606115444861,0.023147168635404933,0.0795667589784337,0.013186941089803941,0.006718049720730484,0.006536861502161172,0.029337813795926388,0.2813626921301537,0.011613590161698563,0.021984990543196723
36,0.02081295303916983,0.08414925399392936,0.030810474965706738,0.02267892495766621,0.053747917212370086,0.02679300461941988,0.029676407948027735,0.049977972508125315,0.020777648467351518,0.14440515464677547,0.02309922857534091,0.028633690107852754,0.03059869657217941,0.035350445268196515,0.007041313489522857,0.007730398875739037,0.015415285040111332,0.07575588419064054,0.23852788106977652,0.054017464452098
37,0.022088153397202763,0.04780309210361346,0.03209569998785461,0.032046101329282546,0.026991379163499415,0.0422072455255019,0.03575906686450513,0.05804093980303849,0.04523538683943736,0.017958058417168632,0.022437593295520367,0.04874219121187061,0.032980459474863145,0.03688349248668047,0.346846243912025,0.051229406119734304,0.025849623313221826,0.020843650815029178,0.02149567343259861,0.03246654250735215
38,0.16445518358222563,0.026309319579277478,0.11766851672472677,0.1797743497220975,0.014074540673283164,0.04341417821411449,0.044268159152903504,0.018729030220459006,0.014960755875066178,0.08810185911430128,0.06474122337909373,0.044872289952245965,0.004048895120623552,0.007811579620133082,0.005713686571258907,0.04584163877494699,0.016749611973829962,0.022631904815482072,0.05815767435705303,0.01767560257687774
39,0.06544232344160468,0.011145147405285804,0.09097706352953887,0.14284671282103983,0.006636788187043011,0.02380195475108575,0.05778751435750354,0.032034597016401094,0.015988581583216005,0.08128473808497706,0.039714331555001016,0.02939974268177347,0.12086679967822858,0.0991910860996047,0.007574144581623994,0.012223080094850812,0.05514048571397037,0.0501720786995656,0.051167568127070004,0.006605261590615837
40,0.4315520364709413,0.021887200246213653,0.07160590133441261,0.02101737738229081,0.022293191570304117,0.0199846870904576,0.02626853510919458,0.028942814033115122,0.021937859322790815,0.008613210888486997,0.019918391321792184,0.0199206477214247,0.02203984423335493,0.022810678716222027,0.01092676431696552,0.13781593776999712,0.022621812892611438,0.020848327915575497,0.029699521864157065,0.019295259799691895
41,0.12375906999284746,0.017993910088428995,0.010711987069488503,0.010853798285992186,0.011532266890897053,0.01615138255415208,0.015388299797878752,0.09580755761794858,0.013811895646394862,0.017609812714750057,0.056789404101380135,0.026051454122628947,0.0040493310874090025,0.09360980913226491,0.15243068524273634,0.07935382186673196,0.03640651144474687,0.19708585615011479,0.01003130052660286,0.010571845666605668
42,0.04900221251089994,0.07615746675352107,0.06831747785827788,0.006085202326510918,0.023038369917963222,0.012627929104233184,0.02702553986677367,0.06907963385487678,0.007275275542037773,0.05515349548181007,0.06610842021561958,0.03552069829732021,0.0017528908931273592,0.05780997618334526,0.11036315133339226,0.07869119714094387,0.06803221818324855,0.04218598365227603,0.017284047082700624,0.12848881380112176
43,0.2348459101209292,0.15747927176125104,0.011144151659974432,0.032589584485837333,0.06128627267896812,0.014346808657624555,0.017234264456425855,0.11316490573377819,0.017717154391551564,0.05348241501511153,0.018446193569362702,0.014709084191243406,0.00451966914425416,0.025033503061363566,0.008236316854013935,0.08516613763626459,0.02426656942545027,0.03950580400011602,0.01763949475446338,0.04918648840201618
44,0.03439088346909328,0.011302170546322012,0.008381094085368029,0.012929527737583789,0.16989157866201318,0.006361277684097745,0.03616410556704293,0.289609970532729,0.010699982634275632,0.18792851679945174,0.0957778789188553,0.006386139692950064,0.02519434441264271,0.008364487464443567,0.006930088377652334,0.0038539190874478093,0.004965967038929628,0.05622219900397963,0.0152427345826614,0.00940313370246023
45,0.08606328036774315,0.008951933594770582,0.007159648773721557,0.023842879562721034,0.02163563798644773,0.05711711455228149,0.050264840195076536,0.032275091733721215,0.07820235441944344,0.11392936415729835,0.05141325790287919,0.09985942510286268,0.0015714286842955882,0.08285394074696519,0.01678516201667512,0.08441898046938931,0.05064236496958788,0.08843536240299261,0.00876728783507749,0.03581064452604989
46,0.0909229152409998,0.041954303637520764,0.1280529985251338,0.1061283454562908,0.017778713360773604,0.040102073956730815,0.09379297290056283,0.06382537765977023,0.008200070667961816,0.024945553203608948,0.07185046966691708,0.05731466666979781,0.0021947658966821053,0.12574459487914916,0.002428112363475606,0.05181465889437102,0.024532596878579442,0.025866419180736358,0.0178949089968743,0.004655481964063713
47,0.023042449948771335,0.054883136716967484,0.006750698975569931,0.017744808591964617,0.02124443751604921,0.17504106054133303,0.08841604977991037,0.006987561268366248,0.07593322957003215,0.021033045185557278,0.029273295691424638,0.07696562323231887,0.0032762806196974855,0.15448001445737486,0.06796362380744084,0.1355316312483578,0.0034329939959367225,0.01563617656151152,0.014295681380640303,0.008068200910775251
48,0.028861135097822024,0.10077002534845024,0.03548978707237834,0.03524350119900301,0.035966356123043206,0.02958894817103478,0.03062357392515278,0.07254104425619734,0.029208802956832973,0.04829615936949041,0.050545588880799595,0.14801220574749577,0.022651839352245916,0.019903253494722772,0.10105695072381259,0.04099773737387846,0.024809554146241534,0.10135702763053064,0.017457843122008175,0.026618666008859423
49,0.0430124253020261,0.005816975135836406,0.06857117382141498,0.012786194162148223,0.05243597743233854,0.02142719372017021,0.006535637893798796,0.16143658431024313,0.2314198440165893,0.08677688333700996,0.01803896554803249,0.01998630114420248,0.005955147439740542,0.0076850973344139845,0.03566366971359865,0.02173949692888205,0.01163370905000241,0.05312145444460348,0.005629335643552365,0.13032793362139597
50,0.009549818201524255,0.008216895950065011,0.05397647995348498,0.03399385202527352,0.10011127771724664,0.06492718691928305,0.09328555503420721,0.03973162428816895,0.025515819425573075,0.013711124818606731,0.02672651847777707,0.2562452195289003,0.01143317764553119,0.009544157129143773,0.011614913800307627,0.03602977489525378,0.0857978921743585,0.07858625119634982,0.010619434405087448,0.030383026413857074
51,0.10995691488034004,0.0528456097227302,0.036112262905232395,0.028371824206130127,0.028457558720168172,0.163570971787405,0.06880725818942565,0.008978637974811564,0.02399533073040879,0.02749514377612544,0.011956680436078438,0.08493951854124351,0.0035924143977831037,0.0403240195183761,0.013047411174437406,0.23808450061479103,0.023754821702948833,0.016928559668093087,0.01131168812943327,0.007468872924037899
52,0.011953576171945762,0.020717835806686406,0.0391888519454647,0.044691891942825926,0.0197291282515625,0.5587579180428663,0.04570618958812872,0.025474235898208592,0.02158497359507703,0.009881692397543797,0.027082341170108982,0.027346160747391712,0.011006769754615134,0.024470062005399265,0.04017284192175626,0.010482388613543185,0.012133501840649995,0.009890389243633743,0.01773679179517478,0.021992459267417122
53,0.02440614640237019,0.014825561433371853,0.011595119769592521,0.010628809364163246,0.1508486503761267,0.005620820386738568,0.28263144298735193,0.010616476688349915,0.009527201869267305,0.006604261477954181,0.01849325236521931,0.008650863422776576,0.005584501661498179,0.011523889705876695,0.01361306919944839,0.003903492480205834,0.004194458338727083,0.028613734063727157,0.28648607383408065,0.09163217417315378
54,0.27891918709982105,0.10610351219295101,0.012878783728568351,0.020192090767252226,0.011097399719073572,0.016147761465307303,0.01099602897583192,0.01579471823871567,0.012332477732057406,0.006128851373835346,0.014386667049640783,0.011692911103684235,0.212448626060498,0.014135954935425712,0.00613160372334658,0.15830477352562702,0.02729399843055966,0.031824724354984235,0.018109784082692745,0.01508014544012724
55,0.04282293565565109,0.014100138606985231,0.010951153309347374,0.019410582880191204,0.01511102435000184,0.024636934576895888,0.016022976794530724,0.026646055420524818,0.011431100397726187,0.011169248028487363,0.017172898505816204,0.011015351345632547,0.28599572319276423,0.012777995462169175,0.006966237466297752,0.005665981723720681,0.0408302827785384,0.4045970830845722,0.012751147280949131,0.009925149139197903
56,0.029196397459672174,0.03673826443215165,0.018915080080698875,0.019329698079423037,0.04272889323219914,0.011482837868231692,0.012722353793289221,0.01943259004627272,0.022071341811712577,0.010824439467062347,0.025724279175915327,0.016742546259042555,0.026465656233458174,0.019584844245127533,0.009900521878593319,0.5820056754416617,0.007842044984184017,0.012760369742985707,0.02578693745796372,0.04974522831035456
57,0.024871160107664225,0.027088001783652914,0.02682972220475998,0.021073517180129783,0.027813606133109278,0.030956930346988282,0.019539114853859268,0.02573873737784546,0.02207775436233206,0.03320924466338546,0.019501907343789805,0.01734269820201588,0.012757643400223867,0.060076743062626704,0.4780691732165874,0.056848788318880204,0.022546816278906767,0.016327673592201174,0.029462795934034728,0.027867971637006782
58,0.012803694643620824,0.039297489002876475,0.018589840517356553,0.03609769157936608,0.022555549888767845,0.6224180918586568,0.017585619989603025,0.020566326474419135,0.021623911738235913,0.007809520739197231,0.024848579755098417,0.015705476048306882,0.011703887601739215,0.01753060900349012,0.029160364689106967,0.01028070971018779,0.0132765200396762,0.021968198493567844,0.019161255488935353,0.01701666273779132
59,0.2687222662334656,0.03522233130776237,0.017104533123907993,0.013026023550346622,0.01727086182091906,0.015874456439546828,0.01179310959742416,0.014699604775727165,0.04766046171682499,0.0046515379953513975,0.012256231672533315,0.013221595072186886,0.009733229859909655,0.009947225796186364,0.013044090806876059,0.1721283680748158,0.1759939483581115,0.10852854900640163,0.012572912565375674,0.02654866222632687
60,0.1660471898073853,0.0486333699353941,0.020196223573604313,0.049351105503919544,0.0238960597109761,0.10951215604465954,0.03246069947464327,0.023386399152776505,0.03819473506311558,0.016853778152122988,0.030168910302959477,0.03702801220933995,0.03032564604372364,0.02574478381738428,0.01429665491928919,0.18368965098953358,0.05568641104917919,0.02914232982143847,0.028756240681940555,0.03662964374661444
61,0.021647685451140368,0.020038906835409178,0.032361596696847794,0.03731021219125199,0.02615762557205758,0.024498781586498194,0.02761509658227272,0.02433513472286429,0.48358410601680735,0.012058879408150511,0.044732938559541115,0.05352036829010974,0.022269470217495046,0.026843957668493415,0.029398931294624703,0.014163884942155923,0.03237871342239919,0.01152593292137589,0.025575865740466774,0.029981911880038292
62,0.00896144557335643,0.014422422931626534,0.01305911706143617,0.01935345499290849,0.11095186307535164,0.008676761098086311,0.02595520953779609,0.11019433842413652,0.01542600225698419,0.477741491541717,0.015177654707447828,0.012299308609302643,0.04281160049404144,0.014083056852431781,0.01728099077194821,0.006030120634484079,0.007717612140746646,0.04490471681937302,0.018449622060095202,0.016503210416729832
63,0.13951717114558743,0.07546537513066146,0.007477816875984271,0.11181042766111386,0.011186590705290347,0.046902515736873866,0.00354627756169463,0.01868306064643264,0.02513484651240091,0.014901992345370988,0.08566506107165692,0.012168666871704611,0.0013155358010410135,0.15099313565042602,0.049602643421320286,0.172723090353736,0.019633877194373716,0.02148297238007428,0.003331031263413525,0.02845791167084318
64,0.014032976343909055,0.01714252276917478,0.01956361746330781,0.02455044892191782,0.03524582927336193,0.06607555874569532,0.017443719599290818,0.016226176542532438,0.01692215786717713,0.019962568167996072,0.02013982269549078,0.014489967575377967,0.00990648767362022,0.019727491357662257,0.033160325077032045,0.008158478516997582,0.01169726835725483,0.013305032397610338,0.57431761770189,0.04793193295270076
65,0.008919540121819156,0.015341696197348858,0.01784744373000231,0.015071450663803639,0.02760687322897087,0.010522188745751754,0.011930032071908245,0.019378868572027835,0.015383143873844408,0.27637477349843337,0.44850511675295884,0.015002796010182428,0.010966812090081405,0.01719503553793186,0.008700288572995268,0.01788339955795076,0.011917810497016786,0.016699076535306633,0.01785540777586874,0.01689824596579688
66,0.09125513394310975,0.05543373151039061,0.023284664800072557,0.04778624761388596,0.020436019407536147,0.01834192884602623,0.019371333985724923,0.023907377864450036,0.022306483425069915,0.037984253612234856,0.046052950572951376,0.0196637707573751,0.008709447530162732,0.026512657646393996,0.010563222036874485,0.04140555665663724,0.0719378887800739,0.3786504047199555,0.017809040985173448,0.01858788530590126
67,0.03135406860376998,0.025787816681194987,0.04650813654645558,0.4671893597596507,0.02677212315934629,0.061300553887891455,0.02388736510952949,0.02465021963904579,0.05022349539147295,0.008903598700928614,0.022303956946104864,0.013930682944556839,0.005502224184142449,0.018210737423901557,0.019819310339729904,0.01616744592558212,0.008834558671483993,0.09135397080957003,0.0200034783762451,0.01729689689939739
68,0.014995853607414471,0.024203142403320704,0.029565332468867007,0.027258808122149206,0.024499328203618297,0.04094626832169055,0.012819684005589846,0.037600552665689034,0.050089639085016326,0.011021406907390044,0.0220883725390746,0.016910982895151472,0.010954189396141161,0.021778643985830355,0.5633232993653368,0.02129732896251761,0.011291052149335703,0.015686115459033548,0.024850024561467832,0.01881997489536543
69,0.13092964169843466,0.01093408441216389,0.061670759589545585,0.029914653090397376,0.011974335357994935,0.4601163476843736,0.00656449227083172,0.011057608143026485,0.011940436680555364,0.0037938779257904983,0.010932894839944621,0.0717313115836736,0.0033878079985571034,0.04461220004998412,0.007964287405415747,0.08788034756264564,0.004088503049511351,0.006341979931322207,0.013596215631038728,0.010568215094792749
70,0.005080021553918745,0.03882519568092787,0.010292630696156905,0.010532405841571458,0.168559188796992,0.009234078318278778,0.12636140957462552,0.00807765743142445,0.008319758014852753,0.2556241205614309,0.09783686065553852,0.006493043001275857,0.002713479737348116,0.007357284113538401,0.00816846118105634,0.00765346133146504,0.0046916908464924596,0.026572375395082053,0.02842870306096172,0.16917817420706205
71,0.0383963221709713,0.03544668616221451,0.014168484125709932,0.014574028181834188,0.207724176113357,0.008689279527688797,0.009854289731742212,0.14121030424423617,0.014643466777922408,0.19056968943262875,0.07517851794543357,0.013609529471497506,0.03154166532741621,0.011724952529496142,0.011825383850321239,0.012308471169792083,0.05574642248934807,0.08534786591185427,0.012713160062403783,0.014727304774131795
72,0.02890783485408899,0.05122488260780078,0.014800594618982836,0.01493910533530889,0.10932449483994569,0.11657389393881999,0.04984567043948307,0.015066411700687598,0.04757969281215722,0.03619023469950673,0.11564680381613567,0.15275685295540628,0.008872023140022934,0.06562077584815182,0.011173655969737977,0.05272660375886646,0.02099407929874025,0.04794725142544536,0.016520592294527684,0.023288545646183736
73,0.03738957118776248,0.04454582773480741,0.029725680813902106,0.02959794465989897,0.03302132774657057,0.014495426289711883,0.06137280245048413,0.031085561825036898,0.02462589107488264,0.025766811994129654,0.22586810416560957,0.03123129524013299,0.22346652393092167,0.031748651856551596,0.024705950435432538,0.022092470571486215,0.019675513009306693,0.03805090057705594,0.02025846147504529,0.03127528296127071
74,0.04863534837572602,0.055512875684096345,0.03651351823230694,0.033486097118528096,0.06271857121938978,0.024337546638633033,0.11590843191532692,0.011482530424104721,0.012451312955145278,0.09833603261878163,0.0162749819316925,0.0860873174375356,0.0073547361454565415,0.016277912257014467,0.006042648868990032,0.0564357396909194,0.07901977604058977,0.019568643662111078,0.015364651381259586,0.19819132740239226
75,0.015267296376646885,0.02188940480978394,0.025701344125042522,0.04417339288561387,0.024415985689977188,0.577652169347566,0.02070751102150692,0.02675731431592801,0.022680556676762696,0.014583517331464634,0.02521484718069497,0.021500931132756924,0.014166980161039566,0.023431687748256637,0.02574315811985091,0.012642348418844984,0.014498101282482264,0.01507125618400293,0.030392737488137436,0.023509459703640663
76,0.020014831887873816,0.022860194158597465,0.01235841022850925,0.0329779151452179,0.12041257029344266,0.003573063523339576,0.08030585908393872,0.0101506588764869,0.09132344085507887,0.09594316084369675,0.07275906631001208,0.013657998414162131,0.003712720981889175,0.02364752819330647,0.1018153478862306,0.03711534132352085,0.07086898290738745,0.028322008020087736,0.005828945564141361,0.15235195550308026
77,0.02505614647416907,0.3385885403979996,0.011812819458473942,0.02402515402609528,0.014328554161362252,0.02504982819667992,0.007554413599161985,0.06804933378535238,0.016360749727562185,0.06540485726731442,0.012063056407626659,0.008477879961127933,0.00523120706457174,0.010192707782882143,0.0071644987232649185,0.004563819011756273,0.18779412371935558,0.14248934922388323,0.01571741142883857,0.010075549582521928
78,0.04816805550609291,0.02559021241773518,0.01779918534419776,0.019142764620828125,0.052176741757908596,0.029505200611666612,0.020077709901607114,0.08302053237617496,0.02275703001714835,0.014722665054327453,0.0764721340871247,0.016397577449300788,0.01119484927231538,0.018852903771499393,0.009294746856185362,0.009224829551788861,0.10994621638931465,0.3775711322184436,0.018854181028062335,0.019231331768277928
79,0.03264302474825048,0.02405990050534582,0.5957327371268825,0.01788448355688266,0.02497623587344622,0.02243624179544574,0.013997491839105732,0.022547829080592458,0.026702714925396703,0.00983737673112617,0.021502746931921703,0.03628508396680842,0.01138679496262598,0.025344504032067037,0.011338540067808623,0.00996947609492648,0.010265765008585621,0.028664290038538074,0.01913723886152643,0.035287523852717155
80,0.008996665500976598,0.019754168390295042,0.02849157339586193,0.0203507326633275,0.025409673704588694,0.012306153632903686,0.021425017672356148,0.15256116797545918,0.016692171065151837,0.445762804679484,0.10862598609787084,0.013734644730242548,0.032017271447074835,0.01610676761291755,0.012344851584471595,0.007609208694796533,0.0075527228627033085,0.010589562982458379,0.023245784380353234,0.016423070926706532
81,0.01518442430025792,0.035266670120485615,0.021327445601215272,0.041542606220970606,0.018760458382011687,0.5793749947725003,0.019001213470443683,0.01778451459218745,0.027700407658591115,0.009464919741987873,0.026014409920805497,0.018633442358139105,0.01263257235446145,0.02560227036980952,0.03618817227935131,0.010616286286830857,0.015476403306987203,0.019111067746624875,0.031054971443419333,0.019262749072919298
82,0.3096735762193196,0.3596025095350096,0.010584045039311941,0.01244175834560992,0.019578177255325305,0.00992097826925032,0.009946603569698932,0.010375914488814204,0.011683403997289189,0.003912351653242124,0.011409070217863582,0.009953280020893929,0.00436672748185001,0.009451819996020086,0.02363677194962594,0.08499964049781297,0.032356347607067786,0.00602279084914132,0.026041998788505178,0.034042234218348025
83,0.015094166103865611,0.016152103359195535,0.044540956849523215,0.02447197453127537,0.020397098232605163,0.6405477095151336,0.015676937285545818,0.020249821318169523,0.026479406072836595,0.010466728327772809,0.02361773676744886,0.01445827097602662,0.010451426436028498,0.021824748548418847,0.007969799969897641,0.02124077855044454,0.009294607280394369,0.01306166119860108,0.026889588497498465,0.017114480179317836
84,0.024355193747383885,0.04029181174526765,0.029254075632378942,0.029141573710490185,0.033288504273625355,0.027171908341180075,0.04169720083456957,0.05111967172303293,0.04571685930239432,0.03231706620171822,0.04921235157930263,0.03623437124840592,0.03515300068397356,0.03437060919535756,0.31653947722459147,0.029352148449258493,0.047397726995324005,0.027285798439299628,0.04206184852918144,0.028038802143264173
85,0.026187623416157737,0.03372639964974994,0.04482723857982073,0.021776178558478042,0.046944873997298193,0.2944025506024412,0.04562688931521219,0.04062023782234115,0.036384391940106904,0.03107469208227708,0.034495867159792984,0.04754167130193676,0.033329985398072734,0.040650816815838854,0.038891391791577364,0.03965611326990182,0.035154952260701124,0.01574050017534857,0.0501450848455988,0.04282254101734791
86,0.009712667625217785,0.02628218059778222,0.04079922230182544,0.031333389433908954,0.02230654005147807,0.5400698390530111,0.013752197905452911,0.022554555203597407,0.035818801349393865,0.011025407721760907,0.03185045382584443,0.021479034236475736,0.006143887899744211,0.023079526795610972,0.019521222714877096,0.051955353438316615,0.011602846384147976,0.028966293136381483,0.03383903890863828,0.017907541416534622
87,0.016848497306949827,0.04486529947780499,0.02630285695823108,0.03649000358598076,0.03211348466745956,0.03676914944607479,0.021687035946278962,0.03218413153999466,0.029889450043851407,0.014361733475912044,0.024173909471474908,0.022281808188908344,0.011015769883790447,0.040398532965697884,0.033228076875485006,0.011116912648655237,0.014379871389726614,0.02119478023837837,0.5117174697750418,0.018981226114303352
88,0.2925118246063292,0.1251489936470121,0.010510658127318539,0.017359667951583103,0.011686474983619837,0.04117053312048509,0.007138166733394243,0.021435503490954164,0.01862418865261985,0.00489021617726014,0.01485796143520103,0.028928919804035638,0.002968291054219915,0.013413130098195915,0.011083712723461567,0.3235334748948838,0.019116221369197915,0.007276306316263302,0.01686256528657545,0.011483189527389184
89,0.0041582021370263015,0.028324842580084417,0.021678849167654387,0.010614284983123395,0.1472211464105176,0.0042107100292750835,0.03794323017020779,0.007211618472326309,0.009281773943932727,0.002852070444044453,0.011542136842363694,0.008031974260853447,0.006275438053234766,0.26362756463561365,0.0035507072445887765,0.002730662658508565,0.004669884514365545,0.005072490856146004,0.12680160039994268,0.29420081219619043
90,0.009160266735503787,0.033558833512981015,0.06615161587367373,0.022654848269348694,0.1175512337489311,0.010151449491858332,0.03254275054034255,0.05280441198529451,0.027867609398503503,0.11488629554726174,0.019292879654542638,0.028708898984241234,0.0061413350663908645,0.017353421298151626,0.01695328264392044,0.0070917840275966735,0.008574147042510577,0.022096996392355392,0.01863821239362947,0.36781972739296215
91,0.10994341431983039,0.04738320596101343,0.006431451885969334,0.006000689522518014,0.009719059307084206,0.02063600129012593,0.00426167000962609,0.1456599446703442,0.006696747473385652,0.021314832932485636,0.175132516785642,0.0032464037014954925,0.0019263772812517458,0.006867609920600449,0.00218528329062408,0.09592191128862816,0.19259572213189496,0.13274611460083932,0.006005533906348245,0.005325509720292632
92,0.46420408034373123,0.05913712472432382,0.021027836654771426,0.021530090711993938,0.021031452907235078,0.0908092653894455,0.00931338410872715,0.02098932929186993,0.020060953413309136,0.006997581239145277,0.021512120357552813,0.01299192497762413,0.00513929785537306,0.016439381348154994,0.006168696553833962,0.11792213780543727,0.026809078803606712,0.024691159785813023,0.016397773943946148,0.01682732978410541
93,0.021841376388779556,0.02705667537752933,0.006095003395251066,0.011427762396545594,0.007178017077803611,0.21456343577988704,0.051525476666052644,0.012507396907981408,0.00870407270076616,0.0025043671567446806,0.008431304781412735,0.011796250124532661,0.002418918292206115,0.008363227362727427,0.0034767844775325466,0.2009848919781066,0.33079037597804045,0.053375801499673914,0.010911353815888689,0.006047507842537718
94,0.03980686866824691,0.09005836392961092,0.10544446108710678,0.00844340925822823,0.013506267411934166,0.017675840845198066,0.09455624140139055,0.14939927629709496,0.01451178999669583,0.05389842119046769,0.014663493877430628,0.06556211936561077,0.00464085888319772,0.08290095760159355,0.008484030314554362,0.04380060970793618,0.07349261813430503,0.0680259670958518,0.0424609330560298,0.008667471877516078
95,0.05495617341895011,0.01302448217126744,0.018681562649951796,0.020355297391882028,0.015368170964378916,0.037293797478150134,0.029504775477845874,0.01710827679504091,0.007741021841381568,0.06458784118608153,0.06414214853167283,0.13266783551492467,0.05848465508346003,0.0841717326534415,0.1882475666287287,0.09118813300841627,0.06178578953702439,0.012238594205123979,0.007716514341230964,0.02073563112104631
96,0.03607519069764256,0.03664133902899044,0.015479852835270173,0.04721850021111844,0.20114756849936952,0.007487663980984418,0.10514565003860996,0.04055811188796696,0.0434079505383979,0.12012730155962754,0.01179068891366794,0.03746115502982247,0.010116293989018067,0.048177288356051416,0.04855709877677692,0.11048485091807472,0.026087007737653118,0.02361038664828208,0.010985447426072862,0.019440652926602502
