site,A,C,D,E,F,G,H,I,K,L,M,N,P,Q,R,S,T,V,W,Y
0,0.009709212731589076,0.04290920434907216,0.024197626877779908,0.01328615784615068,0.019484400782900892,0.031791083578931734,0.03209409982136674,0.012217417283205011,0.11821486230595975,0.01031776890937283,0.011642815393310715,0.015594040363193935,0.039222985661523,0.015338304691113979,0.4681288085417038,0.037170187961351055,0.03470569538541183,0.018972699260724955,0.03370982558953598,0.011292802665801915
1,0.027537747858637232,0.011740909056632986,0.021123376715425597,0.03680785694107421,0.02511854829070991,0.4708879750848745,0.0407675475605252,0.012735144158875542,0.021140614927547756,0.0218638666093466,0.039158577851903464,0.05001772574652698,0.03784407533652946,0.020483546113060157,0.02801521964058419,0.05604077177847437,0.016664455042816436,0.02569469020870129,0.024457367679247607,0.011899983398506495
2,0.02280025216501189,0.0280349801953917,0.046053919843212505,0.024274180533051234,0.007157323163708844,0.61781955071389,0.006931051829142053,0.009084833784933726,0.02476083967520676,0.024101592616123043,0.008672075565196755,0.02199650805557169,0.021591840249176732,0.015125260349029538,0.02296805974182804,0.019508808760770775,0.036703750835915865,0.00853853380395555,0.019933520734170866,0.013943117384712411
3,0.05797114392132182,0.021367383810864084,0.02460349818076264,0.036545774547885365,0.04065226505685653,0.5217967247299179,0.01100059937558589,0.016758783398591118,0.04510097643782159,0.011152928496923373,0.0254046685515335,0.02478698532038193,0.010394404170815408,0.024263045910794652,0.020355228836788655,0.008132439697690794,0.019933591742222406,0.023247376555602446,0.010970229290375375,0.04556195196726459
4,0.035427998966587985,0.07002259730584612,0.0404459702375225,0.022815115413792147,0.032009982620415565,0.025636435972098803,0.03929261265785905,0.0907748069997209,0.0477429067962622,0.04688120470178063,0.03699575278382833,0.06832676394645915,0.004079751259674615,0.10994086768988887,0.05943862268095057,0.07954621551560118,0.06707315907937127,0.0854692582102839,0.016316700648168096,0.02176327651388813
5,0.1830053728945226,0.06414207968352402,0.01027699555766857,0.018885398743944053,0.022727089664985073,0.3964437935607205,0.011275382974229637,0.01532606426652252,0.008131886493463884,0.012591194945845104,0.01716844721846767,0.015600121946002332,0.016606104418304263,0.018857802970910616,0.011728124577912698,0.12790537084994458,0.010104377186789396,0.020481906411513748,0.006474398987116123,0.012268086647612565
6,0.05226588977564644,0.049164553236016845,0.07764259449593003,0.10038992512782371,0.04466857916527615,0.0024962617321836085,0.06529056723837501,0.042093768989842704,0.01833803012221896,0.03377138736071162,0.0687523948951378,0.04433387973298098,0.00952917163128894,0.09941896079790785,0.01059729342709371,0.044942347006620906,0.0533471120418387,0.056310022700765114,0.04973797325898779,0.07690928726335311
7,0.01851885986033279,0.04282614471415396,0.006201928247366494,0.006289474734765101,0.02542752065966507,0.02483815875950058,0.01370109939084595,0.02862740143029613,0.01221317985853867,0.014309025506816795,0.033630829966036266,0.035976324725803546,0.061055062527079894,0.030558621367302124,0.016411854046983938,0.06632222189293957,0.49601514192090307,0.039119976876590926,0.015503546555578116,0.01245362695850104
8,0.04295431440479379,0.13475467671329208,0.004504616868769417,0.01376871075526831,0.01509226908712156,0.026375140851824744,0.009589490395770109,0.13240401366709617,0.008805281863735684,0.1663283204144945,0.012837960554883574,0.03052285707778064,0.05535349283648058,0.011340349496502772,0.006206116361165073,0.04537873075211837,0.09956142239429157,0.16873990656717247,0.013343654569925254,0.0021386743675132942
9,0.01630417886850132,0.022450070281937184,0.02513258375452261,0.04530627765151407,0.02083847031027518,0.585693436819445,0.008642616061119723,0.01869965924766997,0.05221973571013268,0.020694782198933857,0.019983373809289242,0.011492120438591411,0.021942699223551056,0.010151360474259923,0.02028093934095966,0.024584916626546327,0.018671451423460654,0.030559303114661072,0.011328997897316211,0.015023026747312875
10,0.05138292919242648,0.11554403300920607,0.027643266397163403,0.11616229591236558,0.03708712866238931,0.014199690244779645,0.05552205160902831,0.047725686269845,0.02451588874268346,0.047109612918348816,0.033534146700072445,0.04061647184162183,0.003980678972329129,0.10281313860007515,0.019067000471271193,0.02990405064313157,0.024104716183561577,0.1257221909502317,0.033199805915384795,0.05016521676408448
11,0.0625009824352518,0.03848477709757511,0.011611231263600473,0.029446459287223302,0.07330385673177785,0.02073532065588128,0.060356567664191604,0.062189806745157936,0.12155901689959712,0.0627947499646752,0.03737552790755481,0.036617064025483065,0.012123871438107324,0.0333211142948247,0.09286219945321185,0.07146271580845559,0.04903247869159529,0.08836783746162911,0.006911097103229982,0.028943325070976595
12,0.015867499175293575,0.050488087752727076,0.03107482746863305,0.05031314760923243,0.03214196277235577,0.012309110472406794,0.04388511949449818,0.019957336601909077,0.029607088312361918,0.041696956352484583,0.02370721070291454,0.026891207376544487,0.027246555590192203,0.028039499755442277,0.030377580161111514,0.048621685725812436,0.05613889207163493,0.008353362457414141,0.29276730171143817,0.13051556843559287
13,0.027136773189146556,0.03529280265441056,0.014743637442653832,0.021794073311736495,0.01794644119912006,0.015803422466087538,0.052387574972466294,0.04453848118517758,0.3939863127301365,0.01785006831875772,0.009637399208724265,0.03957942864008698,0.021061156676200656,0.06690961274817758,0.07244386658199663,0.029549845892743485,0.01857561086721289,0.013926559101779645,0.02009325037761251,0.06674368243577217
14,0.05141945207008929,0.03501685408746531,0.06976882446308831,0.021482685115467946,0.049639336478859764,0.05391558552180045,0.10004233943611247,0.05266218349581852,0.04393395044144358,0.04865110412759519,0.07638182790718179,0.03447608555549983,0.0032742770980146046,0.06934251125724437,0.03254680761174541,0.05257874904673058,0.06747676596322066,0.05018855927541793,0.04715750115062976,0.04004459989657423
15,0.06007464501997395,0.07615631407895898,0.028772666583181932,0.07361154249434942,0.01938099119528735,0.06063287035381918,0.00932946316412528,0.02253035869806329,0.1477767262400299,0.04906621820869066,0.02688616278484056,0.04380554265727069,0.0029690377301509648,0.08508866451740825,0.09759995003778345,0.0829470091590256,0.06743273296335676,0.03514372785216496,0.005915366585135665,0.004880009676383129
16,0.011655173202471208,0.012947043162549198,0.009400408845112323,0.008227994231683576,0.008339898599560518,0.010145583509963146,0.014797579803109655,0.2733578635307623,0.007552992417956432,0.20211001927580555,0.25567139815634626,0.017597690268522,0.014219281904659773,0.03375727995943536,0.006636611321181428,0.007939647155320077,0.01443159513051435,0.08021081746440843,0.006182086120101285,0.004819035940537124
17,0.08960895904907987,0.09140840534194807,0.036770897557663135,0.020039193174970407,0.009349614605319915,0.06630622393417385,0.022552046313781333,0.04874823030967418,0.01829399647924823,0.022566617638105465,0.04634845309576385,0.2298330921676038,0.00581779045116923,0.06652516038307729,0.0620556489949661,0.03182886754899254,0.042194522249666896,0.04563288958675362,0.01260375094500574,0.031515640173036485
18,0.049550311769984055,0.030203674037615234,0.026052168079807626,0.06952678441307399,0.04946971202204644,0.07979719877589522,0.09037979924856133,0.05911432258296105,0.04118002131264687,0.07803136894215804,0.04696715877875006,0.042959835851555786,0.004385876717310811,0.05572581269069733,0.04937590347445974,0.07917200413362334,0.046335022001598426,0.06845006790618285,0.011363374170386551,0.02195958309068525
19,0.012929567005636182,0.10251910944340202,0.007642751941856853,0.008397013970458177,0.07732855041994231,0.0059655361065966165,0.02106472011271123,0.0815699035877748,0.017430613511453343,0.23709842845833928,0.19128675787473506,0.018006634280759843,0.012252204454544164,0.0665125711837956,0.010722339868723372,0.0065499328512409775,0.027815256826444455,0.03075457543012999,0.00471102586837045,0.059442506803085236
20,0.09307184303423408,0.043785109200123955,0.06340852074952351,0.055323764505985536,0.016336187784162296,0.06263369364613358,0.05070835404308695,0.019183541492595452,0.030120320940482816,0.03762596876192647,0.05757806402247301,0.08373150930181285,0.06037357474674699,0.08123003897068592,0.04640636810576122,0.07121548542052661,0.08122315617713217,0.031527470106706014,0.005809360213261855,0.008707668776638727
21,0.07856253178134702,0.01105451454672631,0.0413565534763474,0.05096997076979966,0.021091171869911076,0.06797061030492946,0.06079298613829501,0.005571527132557521,0.052277257801503836,0.03221800622078957,0.061522304447493466,0.06581697203618299,0.09019465018070784,0.09832471336202137,0.060980343026734274,0.06251588294856202,0.08456912366481513,0.019717792395996282,0.019754655759927114,0.014738432135352638
22,0.0389856420731382,0.07770356021050111,0.05940494844891662,0.03678562214142646,0.057647959971030706,0.04490102061910077,0.08468069551784196,0.04503740864735032,0.01069255603745543,0.0420238157148995,0.047105814019665675,0.07386514287814475,0.046531623561598144,0.06854365909182371,0.03393616261747787,0.06112278832541115,0.050191204128931736,0.06474808969228245,0.020669522747564985,0.03542276355543843
23,0.0670428643982927,0.08159313941030723,0.08209905878044028,0.09140728271777876,0.025828938685142747,0.036934328512174694,0.06109419265506649,0.019675391861566048,0.02222531840998993,0.031740836166297706,0.035892790314041564,0.0795258161024616,0.021957488976973676,0.08619535912050223,0.02673063153619816,0.09252185870807482,0.04434643969202814,0.06356253119627955,0.014862139676824338,0.014763593079559297
24,0.027765460860783173,0.019142022468105216,0.04530667343368523,0.02517254263875808,0.41178135895929163,0.014394858772102614,0.025195380589822576,0.025256831772008357,0.020745033310274472,0.037072304371746155,0.024678018833257136,0.04575543355548638,0.02634432373753383,0.02165885604294267,0.014862796955142341,0.042217617704849275,0.013954556140370425,0.030499902990482504,0.07634276930173856,0.05185325756161942
25,0.11359037240694002,0.04193319566044977,0.017733012135217933,0.011429380376902042,0.07415169108460247,0.03385519692328129,0.09715253445195397,0.029905000040178355,0.02158137896123223,0.07169392530113039,0.06112887343585669,0.11021497398907218,0.0022132646417060042,0.029391239014245774,0.06174379382883856,0.05590733647735608,0.03339444747295273,0.043353148390200866,0.006204881766531604,0.08342235364135106
26,0.005163340784627383,0.032120768387129336,0.06716063101191665,0.01980367601923015,0.009117143620016074,0.006359205925068564,0.0704801911973542,0.027426745563983435,0.1112571562265043,0.013092691367073719,0.03251535294051144,0.08498304399939695,0.018320742661186492,0.1619984545523224,0.07590691104146675,0.11659627901094434,0.09271459143450325,0.03293906126832362,0.007903114439710065,0.014140898548730874
27,0.01743623813514309,0.03580912036898153,0.02104077694485578,0.008330489694308255,0.16455021103624398,0.012844116886344029,0.04898129191432669,0.013434214158090705,0.05159479610893217,0.024778206780624472,0.042296093444494545,0.060882871486380157,0.02665922213955065,0.010945076633979454,0.01431365890539727,0.016061374370204117,0.018605674335257675,0.004374208591661295,0.018668635623131678,0.3883937224420924
28,0.017510120782079402,0.052583133093246213,0.020731230971694863,0.03340944592678185,0.008807197545441995,0.016591763472842105,0.1218009754316933,0.02622336640294148,0.3465490621062434,0.033641662037286635,0.016693161256855424,0.04043206659499252,0.027087578037289957,0.029465851072127288,0.07787510815771063,0.010900511687731627,0.06841997516425313,0.02312758972939115,0.016325164803726915,0.011825035725670157
29,0.029274465948357687,0.01472789075197973,0.014593849090473503,0.01964137474226412,0.025453713005372608,0.07958317359734832,0.02961905360075426,0.035668967815643195,0.16681282946590933,0.05058670369120617,0.02024646944799116,0.08700762462482625,0.018198757704481507,0.0209637230313323,0.18391536404817727,0.060636285155476255,0.041056178546755265,0.07332137337866157,0.011896794805450386,0.01679540754753908
30,0.17099955747577383,0.08176430638832578,0.015308227808830054,0.030775390905980946,0.00700873918866239,0.033317361187589226,0.07675086554076781,0.029866275434646906,0.02588700835783605,0.011019216611593222,0.02928902100092679,0.1602625844253047,0.01762202114492832,0.015604545900819514,0.021880238244653613,0.1511807523158386,0.07757383795857825,0.019852286261680247,0.01740031513366294,0.006637448713600819
31,0.20482478744209215,0.1123411010537698,0.02314371922557832,0.010221733319171727,0.012888080884364586,0.31760546384540356,0.02394210787545465,0.011808057097037883,0.008463249598209065,0.008786964083429986,0.036225988042315145,0.04876003457588067,0.005247576498987143,0.043103620860878836,0.018302761109630045,0.04785511844652985,0.010394336694086334,0.01777190253759745,0.009938710849369434,0.02837468596021334
32,0.015965453361562368,0.08189168355027575,0.03306405896506409,0.02742356020328823,0.029135569039154006,0.00678900495859735,0.018709958557221698,0.34238312126335096,0.012748991884168061,0.007920967593846145,0.0267949859607236,0.03715938257456261,0.016226708105599695,0.01185219636794618,0.018692889135468654,0.026440184595312628,0.10239722825581478,0.1421793481615436,0.019222948834149264,0.02300175863235039
33,0.02895236287051921,0.027866807382552566,0.014642163139774664,0.006655305187466341,0.021429638392536324,0.012127416095953884,0.14197740351236096,0.024309294667572173,0.017237053005152377,0.11637231379560842,0.03974638229460855,0.030602379677194255,0.005173445314492309,0.053889732806307884,0.0239036893993745,0.022977065672532524,0.12423838380702186,0.05413903626478969,0.1651260552303937,0.0686340714837878
34,0.05854238083993906,0.022134788217920476,0.03804083483190727,0.4088068851842629,0.018542932386373806,0.018872209296535516,0.05025832312780805,0.012202218493541335,0.026611191982966062,0.049338959455364095,0.04299661509413645,0.04882038013641866,0.023338075562250284,0.029096718563457455,0.032587131542449445,0.04169251616523102,0.015528327605469662,0.03273250784781792,0.016542611541968177,0.013314392124182353
35,0.06957419044075361,0.0951400458507236,0.019524859573255105,0.016344901678474258,0.019948874537238474,0.013230271436451535,0.012883422761568071,0.23631454717875391,0.009434796583641243,0.008372365741315642,0.0186119649378308,0.026773245507933002,0.08566555908516836,0.006418792550614456,0.007131239721920209,0.02528358062411089,0.07163944062339922,0.2294987489751235,0.005204202451518512,0.02300494974020565
36,0.23055965054873076,0.0544942101616494,0.027830516705459628,0.016996510094415173,0.043776397753566156,0.03151177489185304,0.018167360528102347,0.014679069209278318,0.009243753500403008,0.010417927996622169,0.03628271549325071,0.07919692066316368,0.12086290905792771,0.037423506772699,0.009308965088642304,0.08503538837124065,0.05435431184151697,0.049600056274650174,0.03012942142110096,0.04012863362572782
37,0.04292657806580537,0.03378172893110442,0.02678698996868571,0.022629897178718168,0.0208707254702561,0.02821870220807661,0.02656851400366694,0.046376732165770415,0.049023580048236946,0.012937395770166484,0.017233425546092657,0.03828180456175606,0.02525826573483325,0.031299384029329316,0.42234447696023764,0.02326048694052087,0.0356708470931157,0.0249693509047619,0.017137017326905677,0.05442409709195978
38,0.0871930905380639,0.017542805811786355,0.07747404620622396,0.1911165413161686,0.01460480378740603,0.03492483244572155,0.022347559164293766,0.10511660232865817,0.010464546638551394,0.03063698558757906,0.006710710161713651,0.15167239469205693,0.00872852868719236,0.03336122754640702,0.00546287092566836,0.05093367984625892,0.0667247473787701,0.05930517329236807,0.010935018545739951,0.014743835099371858
39,0.024262257684919797,0.028155113569345393,0.07663162818658763,0.12749292858533381,0.02175308936735428,0.04354049112095511,0.053597620598439005,0.06912747730288436,0.008484472511509926,0.04562019955963314,0.1094140461411558,0.059478708899295726,0.061744310274296846,0.09397716838671631,0.011175078109546557,0.0447354619958367,0.04194718982807955,0.045268014096304134,0.008658579761208669,0.024936164020597253
40,0.3749271971505509,0.028115054141968313,0.018513234846116538,0.027475585189401595,0.02611948735584849,0.018838996237140027,0.02655271116399946,0.05553787505767492,0.010951157595431815,0.023611688098206525,0.018379736430256886,0.018122852705203724,0.05698501275446334,0.03174662206937757,0.021301823350162136,0.15941760374014952,0.024835826041860007,0.02450777197637106,0.017321406836297234,0.01673835725951993
41,0.09563484599436257,0.021653693804913554,0.015591046807999684,0.006592774669199767,0.0057134947498199236,0.01367660813193021,0.01514143586262415,0.152575904005492,0.1309621136207636,0.0193679658992734,0.0347979694873763,0.01230887152815319,0.0024999013092932595,0.08171566485751706,0.16060311345942524,0.05711221382172539,0.04280293372887243,0.08063736593370725,0.019321057685876292,0.0312910246416747
42,0.07277571436724872,0.016048832198064092,0.020053984099027974,0.027885863715943055,0.02551647327491424,0.041733856259186304,0.05959838846357609,0.04008918902317315,0.03928029794315278,0.07099698680682082,0.07072324542815141,0.10969500781732645,0.005476737312178408,0.02501597827922997,0.10294745556033175,0.050290777789086506,0.09896477948006721,0.07315910239978286,0.02107691262701938,0.028670417155718827
43,0.22736382559887142,0.1442188563456889,0.006814585221627627,0.0418619561042963,0.03198125224028819,0.010441989939516868,0.05326834312473477,0.016788806224697705,0.01832014217701518,0.06104765015578992,0.057923458789415586,0.04368391903896825,0.02254212366057952,0.04140670718542475,0.030583443659371,0.05261159850543711,0.02758812502653587,0.025466495703377716,0.018967769573635773,0.06711895172472755
44,0.004602368055827439,0.008307552033376698,0.006579178026697863,0.027409001136863474,0.04491677973108678,0.009265874493587059,0.06297186281786205,0.16984086822854907,0.014344821647057148,0.30259938372087597,0.08330098475738898,0.014801407747396177,0.017749623591659013,0.03650172762999123,0.021574024791118963,0.004681853476534179,0.01587967909830976,0.08043841187571966,0.03682546238098083,0.03740913475911766
45,0.04823569556420616,0.05240066464997524,0.04320621478462799,0.042802958314724984,0.0399385746798809,0.06109273074970248,0.040313765848535084,0.046426686842472996,0.08109734475497,0.08427817951080634,0.06231578344853808,0.04709648922826142,0.002749756031294671,0.056758415576616324,0.028881516783405295,0.06386188914786059,0.053727759353519346,0.05999922853211213,0.008608533059358365,0.07620781313913161
46,0.04908982923105154,0.07517558432161245,0.11684307202836085,0.1079092028012573,0.027573869512999453,0.04880338297364159,0.03438735315895216,0.025583769463279855,0.016866098986952682,0.025337304012297297,0.03094070851347854,0.07886398921524157,0.005983118235425148,0.10055103441618692,0.011687957598260915,0.08644936541612916,0.06808664743363296,0.04578141209397286,0.012123089278118957,0.03196321130914777
47,0.04814307385870064,0.06767166674091252,0.00850320946958654,0.03015021213843731,0.023589506375522224,0.1719515453417498,0.07182962300025718,0.003206245373010686,0.09357960819269433,0.021630450262242966,0.08962423852068212,0.13151574828373408,0.00879558891302967,0.07936077035699776,0.022212424736085132,0.081550687212543,0.014273332896163714,0.008802391563840354,0.011749247076407593,0.0118604296874024
48,0.06898329046971942,0.12241860554734267,0.07537217859572012,0.01363730362333093,0.05146877974405614,0.015114844018463918,0.052330050429873744,0.0420052456266345,0.02634425572117229,0.10712714280492307,0.07068700077022627,0.0846125970900827,0.009677440944557667,0.03136958879177511,0.02328995468033276,0.01751916752248104,0.094599021128809,0.0627765831694265,0.006463440260047213,0.02420350906102493
49,0.040717564545147585,0.024663277556691728,0.0740081914745605,0.016991740824398034,0.07600656497078102,0.0324004280136472,0.047817464921233926,0.043931775012256626,0.0347372513532847,0.08089109139699116,0.07762770857597641,0.053245892156103085,0.019873047071709827,0.06865831978467878,0.03621821310437217,0.06754490061260182,0.03965142775715118,0.029079063795528465,0.01946670648629848,0.1164693705865873
50,0.05011962414750455,0.0626657460475171,0.1452874305996874,0.0173126606026592,0.047296394549363366,0.05871728254264999,0.11381960131969038,0.02228234809878286,0.0689851518409792,0.028239737844071987,0.046065922807489654,0.07994730316708637,0.0023451135007017754,0.030725519061596925,0.002917865402581478,0.05953659593194062,0.05752212302596222,0.04421917438550218,0.03521612539402208,0.026778279730210647
51,0.11602415914297472,0.06085459208150564,0.0323163538966735,0.050429736268666356,0.0076321147784570685,0.1288644211118964,0.04044543006043863,0.0095500420062358,0.038260838183581156,0.03991994025976818,0.047481640276419525,0.09783600736658689,0.005787073767052332,0.047906133212514614,0.02224037386182431,0.15359736555097697,0.05992664201987783,0.012810576131093479,0.021938325231884572,0.006178234791572054
52,0.02237812411688482,0.011858810041337728,0.023029471455952005,0.017832129841374337,0.033156872193407586,0.545148011463495,0.06078267415971276,0.014913907766785726,0.02397002366338609,0.013938517173996039,0.01427806542773754,0.015324899414425846,0.01900288914757871,0.0278208245235184,0.04435097476701708,0.033049390992621275,0.014943577876986703,0.01485695689508757,0.03754274653939687,0.011821132539297917
53,0.025937924864409167,0.041238905118504636,0.014276454526978531,0.00875642546542789,0.2163445768696014,0.010377949350549568,0.24911373119198488,0.026055727612692908,0.01432219170660192,0.006880409097285952,0.016888947946019972,0.01399185911911608,0.01586335279953995,0.03741054429218438,0.023718012580085362,0.011927349811138523,0.009012226967724891,0.0331697963933121,0.18117164911331174,0.04354196517353017
54,0.21082185761653846,0.07490607859494326,0.014453242221013553,0.018085531969043278,0.009755501571431228,0.016983157095977832,0.0166074712910061,0.011671384237837729,0.004527461298140737,0.007825017335915806,0.02510792327947566,0.012571748692942393,0.26684787794929243,0.02241690060452994,0.01419395504611156,0.17206960910439212,0.05243256052808267,0.006236832460748072,0.015180810527818854,0.027305078574758307
55,0.02770905339841331,0.04452529035134341,0.016699344842188067,0.027079988114894694,0.03043292253474368,0.01799510749177201,0.02471555563369485,0.03813550544842621,0.005802894352102771,0.01965674656654752,0.02608332707669118,0.005251186254492808,0.15565617871955523,0.013066243437416162,0.03178934047148491,0.007654890964702034,0.02006300268830402,0.4471670342452822,0.019629184002921306,0.02088720340502366
56,0.007697968745610672,0.03389654341175795,0.020882938720071874,0.011694868362235314,0.041480257944103885,0.01650280233111517,0.022657442345866575,0.010969368023768775,0.054995629241798336,0.023579898015871993,0.030071347327750284,0.009605044703862144,0.02504526584968044,0.009588154137490042,0.013438346794755637,0.5663811993269617,0.024601065151154355,0.011669923476073712,0.039398394852553004,0.02584354123751812
57,0.02619271063796504,0.08563185682534594,0.01566766746127566,0.022673627223458812,0.01786191999025703,0.029609433570545827,0.030553777179603805,0.013577470982189067,0.02363455893158898,0.028698961239044963,0.00996368560426051,0.025647551169900158,0.013276194976544125,0.06276369378848548,0.44238365486107284,0.033366700594308296,0.035303786723458276,0.016851108405037896,0.03934976603704186,0.026991873798615482
58,0.022169117326571,0.01071524838337993,0.017153781778398474,0.033206551587635906,0.042834957092027975,0.5693813625215198,0.025427246293913765,0.010394952223453983,0.015497421777103367,0.026666939220555866,0.013347282852610559,0.03249416588929097,0.023927006035692484,0.007420343463697862,0.05447052526324939,0.03863940159337845,0.005656565388483532,0.020282771245122892,0.021763694197995374,0.008550665865918353
59,0.11755904679970076,0.05567301965197043,0.01953649833413583,0.00754852813795967,0.009887792770359978,0.06186678809411975,0.013825519878906794,0.033848234221107346,0.011946759444258687,0.011762431754265668,0.00859570334943907,0.027032638916360315,0.00786871044094817,0.0066110469201192115,0.006992204777633471,0.23289780060625004,0.20912969644143617,0.12258855749905691,0.014300663682588734,0.02052835827938303
60,0.18081717790696128,0.06504842559991095,0.011665179390192928,0.04236530121375657,0.0522032092371915,0.08347876403636538,0.028040006942985828,0.013727840509266048,0.03269712846306728,0.009157933690427281,0.07525581023725138,0.027992196799003433,0.03509479457727141,0.01546518393806449,0.007028667587086175,0.141330517097639,0.07163943714379604,0.04442223601897264,0.03337189020825608,0.029198299402534343
61,0.030489845786166637,0.010438777145206387,0.05523727138797668,0.06152747579292636,0.0184381966594074,0.025512436959836817,0.034596440295974494,0.014141942080759765,0.4607019053241717,0.005677699642397712,0.02382575334224,0.05096060233484461,0.011968562736125113,0.039321240605777054,0.03834265131096801,0.013459095995290807,0.040175764283720994,0.005310109225668515,0.01282088713687686,0.047053341953664014
62,0.0070974115088344265,0.02287160875433933,0.013395572427928095,0.019184206369915812,0.26414432830373336,0.01071954051755061,0.01852599591190399,0.12254114659404677,0.00897895722661485,0.3213070337404518,0.02303954344600683,0.003982414930592072,0.026057234264898442,0.010227512464047421,0.011930610619863028,0.02622962023946157,0.020584260254164703,0.043614313505849135,0.01528316582287116,0.01028552309692667
63,0.13235813292017615,0.05936795015477933,0.013429254944271019,0.07842465967719216,0.014196296752749735,0.06583401985593644,0.00982851747144048,0.0319649696277571,0.008979727333118389,0.023145961376628624,0.09937546509933189,0.013254301710138031,0.0024945885641148515,0.11239764697901551,0.0649979563357415,0.10873999635493256,0.07882216190196112,0.03363482414720469,0.022039837306171164,0.02671373148733928
64,0.024372948237191692,0.03423444487878007,0.0639733200215452,0.021879152589947555,0.06271476501931404,0.041910736430600955,0.016154872269466082,0.007547738405627969,0.022335047074746258,0.021827184392464203,0.023309196695654056,0.011769163188240122,0.012608409925196983,0.03323613931658503,0.02616562608305353,0.011613533428557454,0.02252108312911464,0.023975057265107968,0.48284118623391903,0.03501039541488711
65,0.02774223131234549,0.022571195621975158,0.013582549518714921,0.03493975583817477,0.03710720428444164,0.0079612022969097,0.01953560563906038,0.03128473512476847,0.012595445948898843,0.5136934096394103,0.05665388305343856,0.011999882047432922,0.008013091915335979,0.026758777748107223,0.012587259992766903,0.05756565519783253,0.016495258521797,0.022132947208107122,0.030713238698678764,0.03606667039180329
66,0.0762926478210674,0.03786258658371882,0.011731376544273184,0.025348871556537082,0.00976811243963173,0.013496059042009663,0.0183653576760425,0.05271324489222446,0.037902960354177034,0.011390493509177597,0.06374126227787218,0.007422319071959599,0.009115964655784108,0.03018395117601618,0.010501512630019662,0.07109597442753304,0.21376338253081212,0.27919411956055706,0.01298604744744832,0.007123755803138272
67,0.01810655105534327,0.035658824937788894,0.046374448907436604,0.4466779949202073,0.02660911695609728,0.02391400894978232,0.04649591840665247,0.02516701971784525,0.08260195343711693,0.00725647844257835,0.024427285308335094,0.012596198582156605,0.007902431410366093,0.030155163185196197,0.031997569299491775,0.021854777080360783,0.025843534896533543,0.03172129270101174,0.03839539504949608,0.01624403675620344
68,0.016467483325598293,0.013564172024244456,0.029232548949079087,0.029822717836173483,0.012893535639392693,0.04947206898854586,0.014327418649187606,0.0529152210774722,0.03393765214697854,0.022353550590257027,0.025408112144910983,0.020541529496260615,0.010489452565850836,0.010852851088647066,0.5323266756909293,0.031815483606595356,0.010277980823794292,0.028007285759849485,0.02779468877519925,0.02749957082103363
69,0.11312501935092736,0.033966534858318985,0.10023451328991477,0.015825083175628616,0.014953743833778605,0.3958804901716309,0.021009583534926417,0.025195249738313278,0.03390607627383922,0.00822450724238287,0.028203232058107357,0.061551623560611494,0.01055339479723712,0.015141325127102766,0.011464054522094563,0.04971219478337493,0.02087491627768332,0.014220696849182608,0.01771893960773925,0.008238820947205508
70,0.013631553056989399,0.014429388410976287,0.014868610272433176,0.014181291816457263,0.13189509595831836,0.021184785153444907,0.015666020449302438,0.08154271895541385,0.013987862639994835,0.24717745936821603,0.16485615962451985,0.007330071388676199,0.005322428384388813,0.012785001234037906,0.006676049065258232,0.003204964210996343,0.010992052719644008,0.008900587309099855,0.04601434349130462,0.1653535564905276
71,0.032840680043191114,0.2712656753500302,0.006823706473717519,0.025619718204267207,0.04920017855120171,0.008569674112204446,0.009798418705100209,0.06477893664436497,0.007581533702110306,0.19763180808308203,0.08380307917257952,0.006290491520771334,0.022591852661542827,0.01772598289524111,0.00899072394123474,0.005765312701265999,0.07158163284840603,0.07679569274150046,0.019360968937803376,0.012983932710384883
72,0.08513544955520991,0.054428980791655444,0.02293192442122873,0.11121592017447042,0.045616608095842795,0.02466663958229372,0.056130314613738935,0.014831266242278738,0.047087398542235766,0.08876006721244471,0.09640571277998795,0.03662318261531887,0.009196031098023303,0.07106679708222108,0.010619920212835546,0.052838099881154656,0.016367305953141134,0.04546974927627762,0.04528591970684284,0.06532271216279782
73,0.061296271959831054,0.06428113841200114,0.023109174898009944,0.04267608920487286,0.02509176787966322,0.028794649693019484,0.04845987398435142,0.023218257288079656,0.019495885933600857,0.02589632411846676,0.07189918647207164,0.028097301903710035,0.3479537610116684,0.025359419777050238,0.02698412807000047,0.015388924098119554,0.025622212159141632,0.023450029222642,0.018270058322449764,0.05465554559124979
74,0.037754524921084644,0.03919160600828031,0.006932746121747677,0.07886186414110903,0.08498418343463031,0.048534942828663385,0.05473952368263429,0.051028116305094906,0.009643223365879265,0.07213464160835414,0.10757677738081302,0.011811114589418602,0.0033984716291181436,0.06759016860377742,0.004106423747496634,0.033473903211246644,0.04746129404085396,0.11219235237995143,0.030137597218683136,0.09844652478116304
75,0.024984029703549238,0.010302125913189238,0.01081500691098718,0.05673202888906799,0.06862296579746034,0.48798312627665874,0.019860568907171135,0.03172485333876682,0.012892952678598791,0.011431168584000177,0.036891479853835694,0.040559518524063115,0.028954826437262854,0.02375093350776232,0.04091522561500586,0.02106950171469394,0.01268324561118523,0.008762393448236231,0.0402707433836999,0.01079330490480518
76,0.03639455378364006,0.06379734950819575,0.006868410954851028,0.008662450362159594,0.06607953336959588,0.007497182116819996,0.08315112681280512,0.01614136716635052,0.11482353985146306,0.07658007630211042,0.05587663291705942,0.0142817051790101,0.006702267814885396,0.020038825161904476,0.14691551456019142,0.04104664710201531,0.03634857041289237,0.04296617717462287,0.017007542673507844,0.13882052677591938
77,0.03514699237467236,0.2184265640069105,0.009066968865400425,0.035525148288214806,0.009595449583944291,0.03313387023154284,0.013494835631719508,0.023449754129513,0.010356344180607447,0.0913258744796695,0.008361603171136874,0.004970755409366684,0.009786409896840933,0.018802400232062644,0.01691286016057007,0.011137977832995073,0.2142822437019014,0.20382962733414287,0.019969335600112045,0.012424984888676787
78,0.07453613480547105,0.17820272808592746,0.009162140645744481,0.0055994106559923125,0.03189943830363652,0.011679140681461508,0.009481308339929563,0.16527027110835882,0.006742121112380944,0.06261618320415105,0.13058335878461147,0.003537320805988158,0.009850063466438698,0.005375461787282114,0.008315181524299437,0.008744039206843935,0.07357411671747394,0.16362546898648378,0.004937821243921984,0.03626829053360273
79,0.033529060345959386,0.013366818842574872,0.5372418368951406,0.01239290648442183,0.039106892053716494,0.030405332628289535,0.026124839725261337,0.011362376541006216,0.015373576040354638,0.016493334049707948,0.02230508850752245,0.03171490191225628,0.034769528179455646,0.030393928723859584,0.014400421193324806,0.016308505797756424,0.01330226714838888,0.043694815348797725,0.04232082628509694,0.015392743297108501
80,0.004202535090008118,0.01018313892583551,0.020762078482237434,0.009256999793088734,0.02232069222078971,0.02959352001452136,0.049111853745037695,0.23346634013694897,0.020337002571815133,0.41691511470820486,0.018306614974900423,0.006532932018703905,0.029701500695659935,0.02097433445601199,0.007826257563825989,0.012332316110836765,0.01726621400549049,0.020534114657632243,0.033284134709714815,0.017092305118735874
81,0.03259464388696257,0.02526445678684569,0.038812003740969866,0.02947078483469482,0.02020559087383025,0.5281472558135615,0.01802673097501682,0.008153494840210527,0.0294917253698184,0.015859654516129234,0.014340903036090799,0.01884085076183302,0.04188222469361946,0.028556782834389605,0.04515575309356148,0.013013211945702048,0.026197714638281515,0.03976005025204172,0.017045038987781834,0.009181128118658921
82,0.2555741103874902,0.3701824857352655,0.013813637566077053,0.005541187806733879,0.0077907018250326174,0.012600183403117625,0.008857343645553161,0.015714540697409796,0.01646081340963127,0.01202831238098353,0.020573485020244784,0.013972275553621506,0.016509300560293268,0.012240462425982371,0.016952073648959207,0.11276674998484096,0.024170962826201226,0.018797252718155643,0.02763462265817879,0.017819497746227528
83,0.02781857833097587,0.03322870417876941,0.022830321276982903,0.013045281578905823,0.03090444839519282,0.5487711874640124,0.01291171634565612,0.028561728415439046,0.040201593668787686,0.01722241351405215,0.03104532748098668,0.027950591227163347,0.015610678747403088,0.029545356934774288,0.024635013474448225,0.019406630482744106,0.017835714683602635,0.022227999141394873,0.013260963180130403,0.022985751478578068
84,0.016055455943921756,0.036924637041351044,0.02079181663755347,0.04104180643185901,0.026348472495363342,0.025160769118627104,0.036878822489319965,0.04821115677426434,0.03323424259446652,0.022905838483606448,0.043594018099926565,0.04634011879467398,0.029011315390319384,0.06914298408017124,0.33685057851261424,0.035057527472466425,0.03452238656561165,0.014898049556331285,0.06224757990219265,0.020782423615359556
85,0.027409403870670923,0.024486161577954475,0.038069346528684836,0.014083441139078619,0.04486221870517104,0.3056127318360477,0.04141960029186417,0.034888102763138536,0.02821161923779811,0.02135959708803184,0.026143104966135672,0.04572801299172507,0.04674233094702109,0.04627969847965144,0.03657338370435833,0.06092943260079261,0.02973660820171226,0.04182303342686935,0.052525668294157696,0.03311650334913627
86,0.020852231546789037,0.018677579422173782,0.0302998009488524,0.018964212791663458,0.02154627477430231,0.48094641592522575,0.026009994844360562,0.024325784248869248,0.04422108205565926,0.013122016986033562,0.03769578808289538,0.011245491303617116,0.012537331483885241,0.043524056036964215,0.04320707503893052,0.021924225272298422,0.020055445369453175,0.039464509577735354,0.03743528018589156,0.03394540410439958
87,0.016231219697424554,0.03732288817040059,0.013988348329059161,0.02379429308060218,0.05260458592331897,0.04850233247233375,0.021759006749745815,0.035634656913381905,0.031735889506753094,0.03666755334610198,0.028731595373868105,0.01281580119713333,0.013905018963336985,0.04551248990111781,0.04502280518853688,0.019365259415506174,0.0066583505917794,0.011416341085824717,0.4866873525402919,0.011644211553482681
88,0.27913124476643825,0.13050574037153184,0.013081314264667058,0.006934916235774239,0.025500299799057227,0.08593874421306406,0.0032263995058864525,0.018888259765256214,0.017234028805650836,0.01923985289168618,0.019423167160002176,0.015050723848094782,0.007880250040984412,0.0063583089149414265,0.01123772146002937,0.2807443744877238,0.029305350540130105,0.00949858160751951,0.00740060362810175,0.01342011769346036
89,0.015343266204526657,0.022199289945278686,0.021195991155984473,0.014509492062812194,0.11763570760387679,0.0059503711203196105,0.03880334918089123,0.006697209273985803,0.009077724961874643,0.01963411294537153,0.03456066693350756,0.022985589232236286,0.008788052114114675,0.26777811838641263,0.019452208338348494,0.004783299017734577,0.010361103800660144,0.009911674343040347,0.04374566870150126,0.30658710467752237
90,0.027942555732132803,0.04935838646744721,0.01925691299120583,0.03497871562343032,0.17196336518717872,0.013305597166126419,0.018492786373642846,0.017175447289972966,0.031502560358845084,0.03809948485815801,0.018315549100487372,0.015971724861644658,0.012253238744295028,0.00855891009187845,0.007138722042140863,0.03151308559745946,0.010484184094644888,0.04779150278924827,0.08220774931782644,0.3436895213122344
91,0.10836996022143726,0.06628710346170623,0.005103532790772314,0.002399828673407243,0.006518413004272125,0.03799438499448077,0.003378342740527235,0.1912688302959155,0.012116903004356073,0.06379094115390471,0.11755113639864867,0.005454463461740033,0.0023469349541236522,0.0064570703850760055,0.003268647309950429,0.13806547062832794,0.0977258976849321,0.1251866778219248,0.004631886246090773,0.002083574768406079
92,0.39934345648962283,0.09022841999691111,0.014895971993285337,0.020199832975621165,0.03615993869283712,0.11988695835740816,0.020125861296567977,0.027197065623959214,0.012293628097453206,0.019978533895928068,0.021736875363241565,0.010709997814606638,0.005115214310481647,0.013551588869239893,0.015346018420730499,0.05579293372734287,0.008711012180524776,0.0726184240582782,0.027529291580556923,0.008578976255402807
93,0.08993174840671722,0.06322748437662233,0.007324588610802476,0.018880782556806065,0.011988903368620766,0.10368618341400052,0.04002198798158456,0.0134320727801957,0.003826158499305525,0.007354100371779916,0.015165050295915734,0.032443944451037106,0.00873763856349736,0.02287616837139963,0.01466298566824774,0.17074094710962368,0.30594978986875476,0.04509714057967229,0.012294258036115426,0.012358066689301169
94,0.03693027537892987,0.05524472347846501,0.08262108304231607,0.02623418832440609,0.014698149099819573,0.020577870461738798,0.060207440677264995,0.13133339778893974,0.005972631898542307,0.09830086629125473,0.027635087884171867,0.10145602110138292,0.004544961756310983,0.07875444459718778,0.0023517168797478477,0.0552901046761436,0.035106564026507345,0.07108953150301356,0.030161201011812296,0.06148974012204463
95,0.058087119789130746,0.03145556518084356,0.009202584741914134,0.003499588443178747,0.019039372777171854,0.0522214738354186,0.013605417194695116,0.0471494220479094,0.09728487885740413,0.06106952530859046,0.04222572207703495,0.14536688793286398,0.0510018345620431,0.03432288405305268,0.14434452250479643,0.07728400503645669,0.051875150147369514,0.03639810942259812,0.011754433000934582,0.012811503086593169
96,0.13586281025676894,0.02559422579670479,0.017077954882317906,0.05163102065444357,0.07504322167403439,0.008517609874393884,0.13092561162618926,0.047017684244592406,0.05995535792082103,0.11150146013420531,0.0392563137625316,0.0382439422420191,0.013814284014432783,0.04853708271081822,0.0732388977480304,0.015253066737367154,0.04430801314773779,0.004841915193603089,0.01266718123020658,0.04671234614878178
