site,A,C,D,E,F,G,H,I,K,L,M,N,P,Q,R,S,T,V,W,Y
0,0.018745785436584544,0.007100292514486088,0.03698643869655159,0.03186783524219373,0.02124522349479582,0.0487619991136998,0.029566676837274306,0.027315287350451765,0.18247107609205604,0.007229474326842306,0.025838785331508428,0.04345613896662781,0.022312109601053558,0.03824140229063248,0.38433504294152154,0.008408657269169048,0.018745785436584544,0.008934907077250576,0.01327826468424738,0.025158817296468728
1,0.010887883143971287,0.018494176335579628,0.018494176335579628,0.007988215771621947,0.020735894679286253,0.27033320838447805,0.22809484147214876,0.021383891388013946,0.015551921009464686,0.007865339361108578,0.015206322764809915,0.03421422622082232,0.17107113110411157,0.04276778277602789,0.02729739915195196,0.014559245200349923,0.036014974969286656,0.005213941735801228,0.012441536807571749,0.021383891388013946
2,0.013807386831683014,0.02113085454159242,0.10328349373080788,0.014401751133516274,0.017416071138205726,0.6064113809257652,0.01645914415259003,0.02170698721573467,0.023402845591963945,0.017133253732745345,0.02304280181362604,0.01702025133961014,0.009789425607096029,0.019451715816697305,0.009426729965406073,0.005183596179247158,0.013254709007837987,0.011646253870673081,0.0168290125605134,0.019202334844688362
3,0.1423968773857135,0.12657500212063427,0.015796521779364015,0.0997524470959951,0.02016577248429449,0.36957033088638236,0.022566459684805737,0.016627917662488435,0.023116861140532702,0.006447559909944494,0.02707975162176688,0.023694782669046024,0.00947791306761841,0.024941876493732654,0.00310993160268861,0.006969053726190007,0.012807990631916767,0.013776410195002312,0.011431757172837322,0.023694782669046024
4,0.04337384026131559,0.06075208999153853,0.02666158297183009,0.02522680825247081,0.08980743737879608,0.040514633403968166,0.08539067816344544,0.06645750366030909,0.03074288728666977,0.07170396185975024,0.046122209632346645,0.054100865890841,0.003887384099422279,0.10664633188732034,0.04911117296245081,0.06500756335306172,0.0457768648750381,0.056072663947167097,0.018115846428629425,0.014527673693628776
5,0.03728160074794241,0.048681759654338005,0.010342810295043626,0.12918258391254997,0.02181664043768481,0.508036176247797,0.011173928979466773,0.016252987606497127,0.017143562269866828,0.004116710676645654,0.013603043975003028,0.01545037093457134,0.005513127954626779,0.01545037093457134,0.03381598628420509,0.07730305666896192,0.006991508635197088,0.004685603396979014,0.009701395703102937,0.013456774684949234
6,0.03193724125718965,0.034331200409504915,0.13533805932218504,0.1971515710555703,0.04264999827564689,0.03051294963648572,0.024694533633626715,0.029253524458296265,0.003116069556799731,0.020068380894873426,0.06699699537724256,0.01374563197438017,0.005432797399397877,0.10689042429880066,0.0016102784030882931,0.08323455638322788,0.029603866068575263,0.04239735012787149,0.0571542847797927,0.043880286687444404
7,0.08999809907166965,0.024677987449311718,0.018980871389757778,0.017399132107277962,0.025640826263356998,0.006115176138122798,0.01923061969751775,0.012553244413321852,0.01760876020495601,0.005453459317206525,0.02087895852873356,0.01760876020495601,0.017456427554505508,0.01873752688476088,0.005515196592495656,0.05330181649437463,0.5911779710236241,0.007612120296934109,0.011072174977358703,0.018980871389757778
8,0.03267914855344827,0.19965580451445222,0.007094458239802339,0.01149302234847979,0.009739849447864227,0.004076971991477386,0.006113309759829676,0.1443366831740028,0.00870683511248469,0.23231033559328618,0.005012411119776769,0.007183138967799868,0.018665209757929305,0.005964533974609398,0.005350313712362418,0.00975119924368509,0.07185975786205234,0.20792557156534672,0.005320843679851754,0.0067606013814586995
9,0.010013517311657791,0.022494133091405185,0.02155687754592997,0.01517189657818635,0.029284814779376563,0.6264881993975244,0.026306698022151825,0.02503379327914448,0.0397973123924861,0.0072868318465115385,0.030433238888371718,0.037855980080657506,0.009406637474587622,0.028742503394573293,0.004643254108721827,0.010487129616938904,0.01282723291989221,0.007084266646373695,0.014663377581996215,0.0204223050435126
10,0.0739045392287496,0.07819459889378054,0.09488575172865979,0.14678026388378776,0.029667327493575278,0.019893425368681973,0.04016284429554766,0.053662960025143515,0.003797265252582622,0.027825238531555888,0.024823682188501763,0.045050386193947634,0.0029444187670777206,0.03749056111345642,0.019240926859067836,0.02351212166050102,0.01206619633277832,0.13933758685337064,0.11227942405260793,0.014480481276626028
11,0.019986458408060355,0.018004328449162787,0.018004328449162787,0.0021224258587450445,0.05412999152183012,0.007298425823168107,0.01380331847769147,0.04388918231499738,0.16546193395532943,0.0858613658622133,0.15871081309147325,0.06911463260924544,0.006180590363145434,0.04614930494701272,0.06632952208901052,0.033597925772170426,0.030110004663145645,0.13397172901652954,0.00845101131287233,0.018822707015033822
12,0.023781078787749387,0.05918752763973536,0.08085566787834793,0.05775404848453423,0.026951889292782638,0.020423008004286477,0.040427833939173964,0.040427833939173964,0.08085566787834793,0.01343843833655853,0.05053479242396745,0.05775404848453423,0.08085566787834793,0.0673797232319566,0.005104660971474716,0.028877024242267114,0.040427833939173964,0.012250858769446656,0.16217760345417354,0.05053479242396745
13,0.027055987240590305,0.03629609574502669,0.028734409131479458,0.0414476634466997,0.04310161369721919,0.008620322739443837,0.09851797416507246,0.08547894357659874,0.2763579782238016,0.01690999202536894,0.016820141930622125,0.015137588864891029,0.02028311232810315,0.025833861563991648,0.13738721366144513,0.01436720456573973,0.020142930628166612,0.011890100330267363,0.018148047872513343,0.05746881826295892
14,0.04113281030611475,0.02457844808155141,0.017124040279503813,0.02691925266074679,0.05873291489617482,0.06622896166064399,0.12562317908348497,0.09589983760391044,0.004905729757988148,0.03448084048679925,0.2321785541989411,0.014683228724043698,0.002221790012377055,0.06879364568857513,0.00908524777300204,0.04848148054687448,0.05290218285555299,0.031655460887978736,0.01553033807350776,0.028842056422228694
15,0.07121698221155615,0.08598766307023226,0.010656823963545553,0.06566907739698342,0.006531601784108568,0.07734142187527712,0.021665874355837604,0.03422191357307587,0.07754539990494852,0.03271737945306636,0.01840724139157869,0.10123982765368279,0.0030448068467273013,0.10322492231355893,0.10386323863901262,0.08052707450789706,0.06169301997646296,0.03350382785661445,0.002325747680839356,0.00861615554499428
16,0.003187376449619277,0.007267218305131952,0.008258202619468127,0.007267218305131952,0.0068558663255961815,0.0029783681578409637,0.00807468700570217,0.15471093697394553,0.0069877099087807225,0.14649633257885172,0.18498422885999333,0.009316946545040965,0.002280968729641883,0.13400214641763952,0.0019084856812580007,0.0026717714357102768,0.11011125298982971,0.18934521666421963,0.004844812203421302,0.008450253843176688
17,0.12030469625074094,0.02123024051483664,0.019135745053339485,0.012789277963715087,0.02776262221170945,0.07582228755298796,0.022949439449366105,0.0586289175642368,0.0076631360951246955,0.020539826189150883,0.03733594021574719,0.184663948536527,0.005416635372867567,0.0874943245459934,0.02479562441809164,0.06957731168393112,0.05973816317993732,0.05875345630850138,0.01180548735112162,0.0735929195420736
18,0.05318210761987187,0.06125239947547483,0.03725292131841743,0.12106601776174519,0.044940032066662305,0.04136525678863234,0.05692378253042895,0.07340205237554842,0.03752820802116494,0.07778959463439945,0.0614077835431447,0.03539027525249656,0.0007699584465049835,0.060519103791108315,0.019687100128193587,0.03646270783590554,0.05068137456138731,0.07567731814999264,0.030671571885497018,0.024030433813423586
19,0.020475663881150446,0.11918171748213116,0.00823187136415145,0.004035231060858554,0.20584576986901254,0.0031181330924816095,0.03375713045944626,0.11638508315547533,0.031548101686446485,0.1147903957549045,0.08268421507709746,0.006236266184963219,0.001789537253076402,0.06181091034122292,0.0021032067790964326,0.014838355405757314,0.0015112011104342112,0.0009062748004698178,0.002338599819361207,0.16841233542246245
20,0.08743370726644492,0.02301682646403853,0.11442650870693438,0.0690504793921156,0.005677644301490208,0.09405512268713927,0.05235199744761705,0.04805913365691245,0.01160848639055856,0.04146328325500538,0.00709705537686276,0.004258233226117656,0.03666874218353371,0.1252331994727772,0.005855157609272959,0.06834860472130685,0.11695366215380436,0.04672415772199822,0.008343599593213966,0.03337439837285588
21,0.07559144427412022,0.008498287176072768,0.005584588715704961,0.010961997657404556,0.009307647859508269,0.18796073682547607,0.03139117510984032,0.0069807358946312,0.006108143907802301,0.05182035256227607,0.14323676939008617,0.052318625183067194,0.055703188096144614,0.011367997570641762,0.05550969026515498,0.08180750136434248,0.13149336881394846,0.04966917106949292,0.017707842369653518,0.0069807358946312
22,0.011022814275277792,0.0297793772759521,0.01086071406534724,0.02051468212343367,0.13369913521824014,0.002941132163900927,0.044566378406080055,0.13293514015985017,0.0056021565026684325,0.09461556226666909,0.09389455451128165,0.020514682123433672,0.10332785952716882,0.01598171085570084,0.003085954784876203,0.020108450794256764,0.016784739919173005,0.12471833175955872,0.03152256033600783,0.0835240629311228
23,0.03262940211397674,0.08123219727031113,0.04067924171871835,0.11610444082263886,0.09266487688613269,0.04600794550176999,0.01528501744732166,0.03499233113182633,0.0024827301199585672,0.033333211983334575,0.07581671745229042,0.017083254794065382,0.06147301415050573,0.12179032077168599,0.005169321644474346,0.047884242601446574,0.006914650749978847,0.08409240214510358,0.044226418513836074,0.040138262180624336
24,0.019869165241932205,0.017651956863983624,0.048769769230197234,0.017882248717738983,0.21557946768382136,0.00894112435886949,0.186992784043921,0.016798768384786247,0.035764497435477965,0.00181261863140796,0.017305401984908694,0.05364674615321695,0.059607495725796614,0.044705621794347464,0.00941170985144157,0.0027902492234369177,0.021458698461286774,0.007064831356751087,0.12179135276544853,0.09215549209122938
25,0.10323287515404843,0.06136902910823734,0.031203722193731888,0.0050404859234808,0.02188735478025738,0.030736871682151567,0.12683878346419558,0.031615068015927325,0.004688824114865859,0.10228404358094137,0.07735601748577962,0.07715755782851895,0.013745681746055359,0.03815611657094678,0.01907805828547339,0.06292578858899232,0.043909816688787955,0.06526046150076743,0.0026528873281477885,0.08086055595869289
26,0.00358396587640299,0.021158406157511914,0.03347092499493412,0.014379499330347904,0.012728166169829844,0.0015519225028281577,0.042560012385799845,0.010504173269686768,0.05485512707503091,0.013961469320756736,0.0661654625544187,0.12616679227257108,0.06691319361726028,0.12584411505448267,0.05032824765621769,0.1266125972246618,0.15620161807503927,0.04024696823439768,0.004219625159617761,0.028547713068203816
27,0.013989604005910263,0.009473721350758198,0.020984406008865395,0.014307549551499132,0.4599320914618784,0.006769163228666257,0.021930724374963843,0.027370964359389648,0.0233160066765171,0.006557626877770437,0.027378967208391343,0.022483292152355783,0.015354443421121019,0.02170800621606765,0.008283318161394234,0.009123654786463214,0.014988861434903853,0.007153774775749566,0.016141850776050303,0.2527519731712844
28,0.030720571696030822,0.020091338530488455,0.030909751585366862,0.016615531889096088,0.010860182989453222,0.006181950317073371,0.027381379120375297,0.06900156179456336,0.16062802831194536,0.005218529488438561,0.010303250528455621,0.06286970863681515,0.011818434429699093,0.05038173758149054,0.2367754456252676,0.006278543290777643,0.06506330798019322,0.006697112843496152,0.008929483791328205,0.16327414956964528
29,0.032397352983412835,0.019229850738693734,0.019229850738693734,0.004594473710551924,0.017093200656616656,0.022059173271226216,0.020065931205593465,0.06460186458001965,0.18498625965726467,0.009777579504002976,0.010290624544866107,0.08337075462255152,0.01648272920459463,0.1539706412938681,0.09948607224567138,0.08808323796649638,0.10486516954108092,0.02087137163354481,0.007565842913584419,0.02097801898766589
30,0.2457017756569956,0.12883681762216478,0.031042120664569704,0.019401325415356073,0.014781962221223674,0.007055027423765844,0.0405597388810519,0.02069474710971314,0.012416848265827885,0.05370605501831355,0.014781962221223674,0.1564447071126287,0.0015430133886978807,0.034491245182855235,0.006208424132913942,0.12416502384619511,0.050935486036669815,0.007571248942577978,0.01724562259142762,0.012416848265827885
31,0.29113944916357,0.14248255859235182,0.005901755348233488,0.01797415844723767,0.027389193824362165,0.2311809308581226,0.025007524796156762,0.02300692281246422,0.015545218116529876,0.007374013721943661,0.01797415844723767,0.041047552928981546,0.009748696106976365,0.02300692281246422,0.007374013721943661,0.055378849309775185,0.008987079223618836,0.011093477609302176,0.01983355414867605,0.01855397001005179
32,0.012364460182645262,0.076311196395879,0.030547489863005938,0.06491341595888762,0.03750081981408813,0.010212956731218128,0.037093380547935775,0.20822032983048858,0.021637805319629208,0.006952297580960645,0.024909343883899926,0.07630363142851257,0.013315572504387205,0.020772293106844038,0.009441951412201837,0.009184180195892037,0.13752618973893105,0.11376857218954702,0.037093380547935775,0.051930732767110105
33,0.08516940001012263,0.019124188370308978,0.018617330471152323,0.008627543389070588,0.014738719956328923,0.004367028135208569,0.3134703919828906,0.008748785406361212,0.02029029741727903,0.07922878039128003,0.017686463947594707,0.009346116800703652,0.005142773071966465,0.057091327046657675,0.005135198729064447,0.03480454999228039,0.14095388440913326,0.008403052465741825,0.13865036568474007,0.010403802322114535
34,0.01944590464780498,0.02651608935623758,0.044118355142485396,0.37793442070615124,0.0561517186367384,0.06831188983231042,0.02651608935623758,0.0318193072274851,0.015490704086360402,0.014685834104993124,0.02727369190927294,0.03409211488659117,0.01363684595463647,0.05665777306569316,0.012585397178130278,0.0140379296591846,0.018357292631241404,0.05262187764348773,0.05303217871247515,0.0367145852624828
35,0.005940996727882957,0.040194579758592926,0.02251130227528803,0.01750879065855735,0.02188598832319669,0.011477749116552426,0.02251130227528803,0.2165437720327799,0.03151582318540323,0.024752786243428446,0.010713832238479439,0.035813435437958216,0.01185224787753381,0.02251130227528803,0.007098158375090818,0.027031442527708685,0.09731319309975128,0.3162032710994679,0.0151518380699054,0.04146818840184636
36,0.08521396607683009,0.049725153187677305,0.03108404601178459,0.017762312006734053,0.07597267252373192,0.0054417611382168276,0.04144539468237946,0.07790991184167326,0.015542023005892296,0.10517838098625888,0.2086872638616247,0.03108404601178459,0.07304054235156866,0.04144539468237946,0.0007557437540243259,0.027976321175267722,0.029965350708335857,0.042606983038415036,0.008459948191268675,0.030702784764152113
37,0.017326732206059573,0.07623762170666211,0.047648513566663823,0.029322162194870043,0.02382425678333191,0.002161973707259033,0.047648513566663823,0.1326685231399707,0.06403314843612402,0.012706270284443684,0.017326732206059573,0.1520198223706685,0.047648513566663823,0.06353135142221843,0.15237233039635667,0.011182298179707659,0.018151814692062406,0.014118078093826317,0.022422829913724147,0.047648513566663823
38,0.0599518821668901,0.05649294275222724,0.25257221965101295,0.2257467908924499,0.020923312130454532,0.030103994939509104,0.015692484097840898,0.03530808922014201,0.00785479780016569,0.012134179954459725,0.01948032508697491,0.11924165301401768,0.00474730611363254,0.016149987252965008,0.007532392366963631,0.009952754344669214,0.034737064183355294,0.030674834223211343,0.016140840786350637,0.02456214902270749
39,0.026496588565522044,0.01947219968815821,0.14606136299874548,0.22673708400534243,0.01579655896694914,0.010480991509827583,0.04914485011939732,0.10052355706240361,0.006217817595085195,0.061978855564590256,0.03902679274187434,0.011764453978262252,0.07516271194731355,0.10087627129771032,0.0055910276332335465,0.008451662122444126,0.034316662583372265,0.038611734560759385,0.011764453978262252,0.011524363080746697
40,0.37441802686848363,0.027517819142297676,0.023989893611233874,0.02598905141217003,0.03465206854956004,0.009465111686903048,0.038983577118255036,0.04252753867446005,0.027517819142297676,0.008663017137390006,0.024621206601003184,0.02598905141217003,0.020763680990047908,0.031186861694604037,0.0100602779660013,0.08697517190260692,0.06036469881049312,0.04055125761986123,0.06237372338920806,0.023390146270953024
41,0.02502072672400603,0.0016774716696720414,0.007594536218957097,0.00840823652813107,0.007847687426255667,0.001948151361727534,0.007516377696553973,0.21967498183209486,0.2105640378851416,0.028828111151359317,0.040052941989021505,0.009055023953371922,0.00538533958959482,0.1441905911604774,0.09378927922199237,0.044697396198005966,0.03281049220470529,0.097385867521878,0.006195542704938685,0.007357206962114687
42,0.08831154033649403,0.05361394820234933,0.017540125493732923,0.03411768312500489,0.01156053725723306,0.027757145330250605,0.03910297954837456,0.07362236884869476,0.01271659098295637,0.05001200587569442,0.08031531147130336,0.11021045518562188,0.0009025817078789635,0.10870634227365925,0.06473042220853445,0.055074784373390674,0.11882716164401849,0.04389866386383304,0.003381833972185368,0.005597518298789575
43,0.3869601371455986,0.03904466574589716,0.012086463922403682,0.035987048955504024,0.03350518351029686,0.006898578541642282,0.03737116622302342,0.03737116622302342,0.04416592371811859,0.018346288723975774,0.0462690629427909,0.02857795064113556,0.007425799718248446,0.08231037643729672,0.013495143358314013,0.07153092408626138,0.00516230308062704,0.018857806800731645,0.04224566616515692,0.03238834405995363
44,0.021703404225727835,0.025089884061529927,0.019340118964095983,0.033154489652735965,0.13383777406727032,0.014281934004255495,0.07118870362532272,0.12186851671755002,0.022642090494551393,0.37063138919025607,0.019340118964095983,0.01406554106479708,0.002580236580989263,0.01894542265870627,0.013018014162075665,0.0067269979005551254,0.009670059482047992,0.02077325833033949,0.04219662319439124,0.01894542265870627
45,0.08288240399387758,0.03156471585274082,0.06025991208250521,0.02824004885676699,0.03384561606587594,0.054082860913508814,0.06470485424358637,0.03695941274393652,0.06634004555847921,0.09157354496823557,0.05623723662721976,0.043900859989148194,0.0012871096733360601,0.07560698187927656,0.02767873517217502,0.07942086289669051,0.08722170168847353,0.021826424848781417,0.003567510882619355,0.05279916106276648
46,0.0761593119080309,0.13064365395529665,0.17814058004981095,0.09135204224537616,0.007879493102456307,0.031255881317248095,0.03641352208514086,0.008982622136800188,0.01181923965368446,0.018324044970353302,0.050391123668471566,0.0687372971492605,0.0028976200441290937,0.027665714955239295,0.026945253628279944,0.14708310043463932,0.05713359796214031,0.013628773460102144,0.008317242719259436,0.006229884554280514
47,0.01979606835796136,0.03784253891103866,0.008923866710875104,0.013331141703700552,0.009207164066775901,0.2297635902130305,0.09980449822691514,0.009355666713014223,0.1297458476949897,0.008677270068773196,0.06192415458169964,0.19543994779371868,0.004461933355437552,0.04633780274821061,0.0484004187171886,0.03398105534868779,0.0069329842279765505,0.006109663931972201,0.018126604256465055,0.011837782371569017
48,0.003750164371655416,0.05047517767085204,0.1001334970696602,0.036131178787165534,0.08412529611808674,0.007946641038440736,0.06309397208856504,0.04206264805904336,0.05047517767085204,0.08333733615728997,0.013457189363077311,0.1001334970696602,0.03605369833632288,0.07186321916484992,0.017965804791212476,0.014845640491427068,0.05047517767085204,0.10025624383247507,0.02294326257766002,0.05047517767085204
49,0.031259563715086515,0.052880818100618524,0.04333304537035333,0.008750645513667093,0.07050775746749136,0.021355250776673294,0.05443613628004848,0.06169428778405494,0.007875580962300382,0.06169428778405494,0.0771178597300687,0.03991983327203555,0.002540825303688527,0.005250387308200255,0.034169144003476586,0.035538364187379386,0.04807694657274525,0.02359909640227695,0.025238572275295204,0.29476159719048467
50,0.031569532345345014,0.07525854517379087,0.2209005880607222,0.02517008199792337,0.023095217659561778,0.028141550011567096,0.089063367069575,0.05692218004379722,0.007747371971020813,0.009045498218003711,0.012317449418432947,0.10720590480596992,0.004022065926947762,0.02756723266439226,0.0034053640350131618,0.052643368843078915,0.07318484566612679,0.12663697505205193,0.010868337722146718,0.015234523314532565
51,0.1035456412923663,0.024354670067287334,0.01250923602816853,0.18195721787301597,0.009779948167477213,0.2167162133309861,0.019188527931802146,0.011693416287201018,0.032472893423049785,0.017909292736348673,0.016809285912851465,0.01582050438856608,0.004520144111018882,0.062080531544065745,0.03979547981697437,0.13981858828506383,0.04367044287927385,0.018262785439763375,0.018548177559008512,0.010547002925710723
52,0.013740112476841829,0.030751680305312664,0.027480224953683657,0.012708595445987854,0.028077621148328954,0.5218937401626306,0.0369020163663752,0.04166356686526231,0.0322892643205783,0.010674136965480429,0.04453691630424593,0.047835947141597474,0.010853534225404471,0.043052352427437726,0.007425677207287886,0.010853534225404471,0.012539520124496426,0.010644965835720766,0.025324913192610425,0.030751680305312664
53,0.006230310914389243,0.015113445682588482,0.01181382775649389,0.01139702461309951,0.16152657926194336,0.005227206777436618,0.2810840880349494,0.012414616096411969,0.009791809878860143,0.0029729521428447374,0.010376395543269704,0.00926958001865427,0.0021205521911753073,0.005395654165179445,0.06673618026452413,0.003717745996786472,0.003778361420647121,0.005606600817734437,0.09307476670886368,0.282352301714148
54,0.2827109769946544,0.04879767215851888,0.013846944316257406,0.02916114366065935,0.014580571830329677,0.00583222873213187,0.013458989381842779,0.018417564417258538,0.013458989381842779,0.005931080066574783,0.01666351066323392,0.012960508293626377,0.2063022604790886,0.01794531917579037,0.006305112142845264,0.08638670168565653,0.15579207872062714,0.0036564735663139635,0.025921016587252755,0.021870857745494517
55,0.005258023818920439,0.02391749947319923,0.017208932547789685,0.025857028730729464,0.02475670998103078,0.010764734207706048,0.028222649378375087,0.008759356352645506,0.01763915586148443,0.03832295574168965,0.03067679280258162,0.01763915586148443,0.09139333003870337,0.02170973029105776,0.010610018563298906,0.00754616293539441,0.009937552598019397,0.5718758449899471,0.02204894482685554,0.015855420999087128
56,0.006852037437201369,0.020992749520267095,0.02297319758821682,0.0283158016784998,0.011682386518972515,0.011937053648779328,0.012175794721754915,0.02484856065664268,0.03581116094633799,0.009587239938389697,0.03927675716695134,0.02297319758821682,0.03627452093534873,0.024351589443509826,0.009224086910420391,0.49140360576281805,0.00734153902646661,0.012683119501828037,0.034787984919299755,0.1365076160900781
57,0.013028622130387158,0.05718117490558808,0.04901243563336121,0.02859058745279404,0.05146305741502927,0.023616462863397022,0.02639131149488681,0.0447504847087211,0.02859058745279404,0.006846872644942643,0.024506217816680605,0.02144294058959553,0.0052057315494011104,0.008287569416595851,0.41558051324826,0.02445524871292534,0.011436234981117616,0.018713839060010645,0.10414078119849103,0.0367593267250209
58,0.012590579079368218,0.030320170027866314,0.02321388017758514,0.013809502377283615,0.030951840236780194,0.601032518198703,0.024355546415827038,0.02701251511573544,0.030951840236780194,0.007737960059195049,0.04126912031570693,0.02184835781419778,0.011885506650923595,0.022174452706947,0.007629213832240173,0.010765857473662679,0.01442415855694611,0.01456471122435855,0.030951840236780194,0.022510429263112867
59,0.07843294093827419,0.13081175982536652,0.01681911010302243,0.013339294219638479,0.017583615107705272,0.0014026220767975979,0.009918962368449124,0.013553752751611768,0.014327390087759845,0.0043465115996574825,0.012088735386547372,0.024123562320259008,0.003581847521939962,0.009435110545597949,0.020102052890132217,0.15558667259103326,0.39112021627342924,0.03226319556326173,0.012478694592565029,0.0386839532369516
60,0.08903473915887224,0.0305262874989999,0.014542658372500315,0.0495904185131356,0.019390211163333757,0.005170722976889002,0.03878042232666751,0.021152957632727735,0.05817063349000126,0.011634126698000255,0.02585361488444501,0.05817063349000126,0.02585361488444501,0.02908531674500063,0.009307301358400202,0.43020175205099054,0.0023625342459185194,0.011367294321669828,0.02326825339600051,0.04653650679200102
61,0.023358320718345357,0.02280217022505142,0.05633477349718586,0.0048837444250376325,0.045604340450102844,0.01079751141691116,0.04788455747260798,0.03547004257230221,0.3604871379945885,0.01140108511252571,0.02010691142061705,0.045747237050053714,0.02992784842037998,0.1540498005594332,0.0038932108888795904,0.013681302135030852,0.028024573301815296,0.010882853971047268,0.03302383273972965,0.04163874562835477
62,0.008251904003674768,0.015128490673403742,0.015128490673403742,0.02317556018053339,0.22812183327765373,0.008576782114055664,0.010992657118377356,0.11222971741769684,0.015128490673403742,0.39679291596981314,0.02017132089787165,0.011839688353098581,0.0029770361872629002,0.01785657915549294,0.005329209554096862,0.0055291945608379155,0.007166127161085983,0.055140934436088584,0.024205585077445985,0.01625748251470253
63,0.14453212129545692,0.04401431150251894,0.03165941704567152,0.05468444762434171,0.01582970852283576,0.04678434126414422,0.0051339595209197045,0.034948842055809205,0.02488180456271636,0.0434474978605492,0.08384726755555374,0.006475789850250993,0.0010998296056152533,0.0868372581824133,0.04687115070640115,0.1258143484617912,0.0842764763610129,0.08534277638398409,0.0028805061099447114,0.03063814552806921
64,0.01519953784298043,0.019044124659152364,0.025332563071634052,0.030399075685960866,0.08678567108634334,0.01771704710454104,0.01993382012194155,0.01842368223391568,0.019612306894168294,0.01314981601266606,0.020964879783421285,0.01621284036584579,0.009499711151862768,0.02251783384145249,0.06850018523672777,0.006793089538762204,0.010954621868814724,0.014650156957089572,0.47881867398005323,0.0854903625626666
65,0.010581976336894597,0.018993290861092863,0.026454940842236492,0.01851845858956554,0.01769317942134806,0.011574036618478464,0.014814766871652434,0.030864097649275904,0.019493114304805836,0.29163829733012125,0.401586281369087,0.020019955231962743,0.006022262955956274,0.023148073236956924,0.009033394433934411,0.010563386561952914,0.012771350751424512,0.015299769306802737,0.019142945456374013,0.02178642187007711
66,0.16237083028107976,0.035804419415143486,0.027540931555249396,0.017163943347136945,0.020655698666437048,0.030811678254561162,0.01927865208867458,0.05669033074064385,0.0199434331951806,0.005138950705502701,0.008278771248534685,0.016524558933149643,0.005901628190410585,0.025146067941749447,0.0066478110650601985,0.08098618677234837,0.2011842569457375,0.2305300453444178,0.0137704657776247,0.015631339531357768
67,0.008238487953618215,0.043486660816639246,0.1292575446686915,0.35523595292337146,0.030440662571647473,0.002944437048115346,0.027673329610588607,0.03149034059135946,0.20343830103400445,0.006971144100377285,0.03149034059135946,0.013429704075726826,0.004990272552729095,0.022830496928735605,0.023507515922034396,0.007024768285764802,0.007247776802773208,0.011502671246437087,0.021237671561614515,0.017561920714412003
68,0.019249389885194267,0.04024872430540617,0.04580027248546221,0.0442735967359468,0.03589751086698389,0.004611082046199282,0.019532469148211825,0.03300637208837737,0.02671010966062429,0.0110683991839867,0.03405661287380523,0.02656415804156808,0.012895222350275768,0.030186543229054633,0.5142298610908786,0.00838832454304068,0.012649599067413371,0.018194628795594577,0.03689466394662234,0.02554245965535392
69,0.09790511542692718,0.015633721336044473,0.023370360033708105,0.02642653443935234,0.013786099723602853,0.5994028430063701,0.008332258074705019,0.014867362447022683,0.018493548409711145,0.004844955174429117,0.01648338010430776,0.0307584093346868,0.004556024212101324,0.013661900626993817,0.022610135690725685,0.03599662837406718,0.0055958338361487584,0.010132339914055693,0.021977840139077012,0.015164709695963138
70,0.00557212284621645,0.0041370840542456,0.009452708399831474,0.014306801902447638,0.1285335506462535,0.012030719781603697,0.026407460674404026,0.12806037806286846,0.010379444517462012,0.2805817272163973,0.11041940761543252,0.007784583388096509,0.0029572719016232557,0.009452708399831474,0.004993883682929837,0.00618109120940723,0.005241105647431314,0.008143871852162502,0.01890541679966295,0.2064586614016924
71,0.054232893448083366,0.26176118329578957,0.017564119965860145,0.021382406914960177,0.032200780484799504,0.00945760305854008,0.012294883976102101,0.10538437249570748,0.01821464292755867,0.19579120758957863,0.1303679823586911,0.015864366420776908,0.013823989360267474,0.010278234515546098,0.007301196348392814,0.006386952714858234,0.03050600256454691,0.02492963650436091,0.015864366420776908,0.016393178634802802
72,0.08031618086532553,0.01827667485577868,0.025587344798090154,0.11349025557056869,0.03346507536055231,0.11078093912458697,0.033915979713576246,0.025587344798090154,0.04375317887958475,0.08464995131000717,0.03655334971155737,0.017058229865393435,0.011876601003624332,0.10083742440800424,0.02325383194459378,0.07171087577261208,0.0669301507211046,0.03650735493878433,0.031984180997612695,0.03346507536055231
73,0.016463469050921622,0.024882251822204427,0.04699980899749727,0.03845438917977049,0.060428325853925054,0.013218696280546106,0.2100280057453945,0.05287478512218442,0.032538329305959644,0.008141922575188074,0.05287478512218442,0.060428325853925054,0.154238005479737,0.060428325853925054,0.011432385972364198,0.038866635264239564,0.023701934525038583,0.010071387642320843,0.02349990449874863,0.060428325853925054
74,0.030309717420869745,0.09752688472793797,0.004904667849945559,0.03716234918558812,0.029329108916076898,0.05611890104288307,0.03398875292953385,0.08247433635047188,0.005184934584228162,0.1351502528074166,0.18994089583745036,0.038650828924689115,0.0027918878530459328,0.028491134375617556,0.0022971229170631094,0.010322874773774476,0.007305419070671171,0.1202959006970519,0.016437192909010127,0.07131683682667449
75,0.015573828414829897,0.03154698576337338,0.032377169599251625,0.05946343398771142,0.033252228237069234,0.484490376244904,0.0261772860589694,0.045567868324872654,0.036186248375634174,0.013373178747516977,0.036186248375634174,0.029293629637418137,0.014823282467127252,0.033252228237069234,0.00816328810427035,0.013373178747516977,0.01597834343859171,0.014578617786460243,0.02558426833249015,0.030758311119289047
76,0.05667873701504479,0.024217278542791865,0.01624480901067586,0.0013239941688761045,0.16144852361861248,0.00484574163455472,0.12108639271395932,0.012860473800118387,0.1231034000759065,0.02380748665888468,0.06864995505103855,0.05365019499543445,0.0051441895200473545,0.019786090698610686,0.12960464868028418,0.06443129153586827,0.018154628234096908,0.011263850485019475,0.01911890411273042,0.06457940944744497
77,0.015440483018753436,0.19512452282073928,0.018348050856507227,0.052693698527907944,0.009880068473982742,0.027035967746286957,0.009880068473982742,0.023032371205543176,0.026346849263953972,0.09312761316444379,0.018240126413506596,0.012160084275671067,0.006873091112335821,0.014820102710974113,0.009120063206753298,0.005854855391989772,0.23640086418666498,0.18866709680575589,0.022583013654817692,0.014371008689429442
78,0.1009607606510189,0.10732356676959935,0.017683512152196122,0.014058613284348877,0.04942532680178916,0.006512970018072486,0.012918725720753022,0.15482937633873822,0.01770343895066155,0.06929142903085785,0.08482023825339302,0.010170060673784297,0.006128113482921306,0.014937276614620684,0.005252668699646835,0.004828210622907697,0.09644617824565349,0.1916947795157194,0.012918725720753022,0.02209602845256457
79,0.010341368730220181,0.0380314171509058,0.5212395869471457,0.023667569501547407,0.04278534429476902,0.004098292636545779,0.0164955544268989,0.03510592352391304,0.047211414394227894,0.010696336073692254,0.03422827543581522,0.015651600146718254,0.012116203694093882,0.04148881871007905,0.012009921205549197,0.010531777057173914,0.010780559192382745,0.013115085980995552,0.028523562863179346,0.07188138803414687
80,0.009146242037227472,0.025838133755167605,0.01614883359697975,0.02403547326062103,0.08779896962583318,0.013780338002756057,0.043929822366781016,0.1418348329816143,0.027933117573154163,0.41109913875339676,0.061011845609419225,0.015425751495622454,0.02129425546144709,0.0185059127603147,0.0043353747807848425,0.007127761035908304,0.007770867294787249,0.010132601472614747,0.03131895000626376,0.021531778129306338
81,0.01652206581864423,0.08851106688559411,0.025815727841631612,0.014464103432078318,0.025815727841631612,0.4925751923201303,0.022947313637005883,0.021364740282729618,0.04130516454661058,0.009111433355869983,0.03872359176244742,0.024297155615653283,0.012030630450469102,0.03872359176244742,0.009604592916777798,0.009531961049217826,0.015886601748696376,0.013604160896801939,0.053876301582535535,0.02528887625302689
82,0.21924615758416882,0.5196568140877862,0.015382192972386582,0.01987852630277651,0.02075847309399346,0.007569606757240632,0.015024467554424107,0.017001371180006226,0.017700057666855798,0.005295509056067512,0.01746086769838477,0.015201225996240858,0.005954397279633516,0.014518024827870485,0.010190290174804238,0.03072163568533551,0.007783760299279958,0.008614028064536488,0.009494550372073298,0.02254804334613494
83,0.00816173452053669,0.01795752285489707,0.04719183731487176,0.03443513883656635,0.027407559482165052,0.5414991853732839,0.015799651936777504,0.025826354127424758,0.0406960731704875,0.010251682554397616,0.029195009013610603,0.014597504506805303,0.009013224259235487,0.026859408292521748,0.007068265340137303,0.06370140946282384,0.008499812750798023,0.01342370838097045,0.03837058327503108,0.02004433454665803
84,0.018223306944269223,0.05466992083280766,0.02733496041640383,0.02733496041640383,0.04685993214240658,0.009771352407573366,0.08200488124921149,0.12849411007314476,0.006396426419240796,0.032801952499684595,0.12849411007314476,0.032801952499684595,0.04685993214240658,0.03644661388853844,0.1287145335981231,0.0066500654074339366,0.056092843978146706,0.018223306944269223,0.08200488124921149,0.029819956817895087
85,0.01592553985476287,0.027566055035045306,0.07350948009345415,0.029725091093621696,0.08773264329961716,0.0878095756150394,0.07350948009345415,0.055132110070090626,0.036754740046727075,0.024503160031151383,0.027566055035045306,0.08773264329961716,0.024503160031151383,0.08773264329961716,0.07330716247824462,0.055132110070090626,0.04410568805607249,0.01754398642893556,0.015076565998171365,0.055132110070090626
86,0.011170420472442282,0.046992494608967164,0.007231388506949276,0.0605249988195821,0.027934614839807123,0.4368382921906763,0.014722297010168615,0.031127142250070797,0.07781785562517697,0.009814864673445748,0.05733947256591988,0.030519737289472725,0.005447249893762389,0.027934614839807123,0.008455292774611019,0.040389565271628264,0.011348437278671642,0.013310602292796897,0.0605249988195821,0.020555659976461842
87,0.018039545339685843,0.025655700830228945,0.03670114396694707,0.0818717826954973,0.05601753552849816,0.014471749972466912,0.02534126607241583,0.05068253214483167,0.04627535543658544,0.030285669103905302,0.03670114396694707,0.03225252045580197,0.00994703901907911,0.02729059423183244,0.003815584817397005,0.011086803906681925,0.014382880743803577,0.02534126607241583,0.4265492914631461,0.02729059423183244
88,0.22844956747552517,0.20491897967529088,0.012397841917116254,0.02225253677431122,0.014962912658588581,0.0023187314616126323,0.00876615085048624,0.010661951389095243,0.025524968652886407,0.005228005627699625,0.020182533353445064,0.013355069210432308,0.002678546093204129,0.018866281178220385,0.003118998503618653,0.3528614140779351,0.008169356532924778,0.008450461265479239,0.022838129847319418,0.013997563454808676
89,0.008305186862700641,0.01175887749667805,0.018116940822140153,0.023808202339741843,0.036534416206652556,0.008605374339665723,0.010675330561198414,0.01442921353923748,0.01930394784303393,0.005390536378809473,0.02695268189404737,0.0170366019770635,0.012986292185313731,0.12112310958601932,0.007002412452865247,0.007811713013422157,0.00892807587740319,0.010426949929813942,0.05492101782699405,0.5758831188671993
90,0.010129603187566855,0.012008912795807673,0.03318525660793651,0.036871755602743354,0.17688507400099085,0.011522423625857299,0.012184539530602844,0.023044847251714594,0.051210771670476884,0.08223863386451757,0.027933148183896476,0.02010580507781645,0.006145292600457224,0.024257733949173257,0.009037195000672389,0.00768161575057153,0.009126672178896868,0.04881926624196748,0.027933148183896476,0.3696783046944374
91,0.08720800565450465,0.08557763152632795,0.00373727295148361,0.00474443418514123,0.003762827112353389,0.08749465630971412,0.00298964345913009,0.031842839637703416,0.005595999295294783,0.054769684176849895,0.19428435265436614,0.01967301874168459,0.006112687966166282,0.0053230237199145495,0.001445324321301302,0.14535350117897386,0.1300898312872163,0.12158883132494216,0.004364879450329931,0.004041555046601788
92,0.5295995798247112,0.019099029023046596,0.052868904458588446,0.03561710817811391,0.0321422683558589,0.03673246758520105,0.01255079050085919,0.0321422683558589,0.04544251733069706,0.008904277044528478,0.042510742019039184,0.018052506884797467,0.00264705499570508,0.023119877238424826,0.006723637768317422,0.004775774671162133,0.018259565710379202,0.018910129936973795,0.029950750058868523,0.029950750058868523
93,0.1082916908450396,0.09707289028878864,0.008032963625869588,0.016442472421701812,0.00939569852668675,0.06944075567688096,0.034794198627607964,0.018497665413673047,0.01195816176123768,0.0029980576495410713,0.012236258546382744,0.008983451460171718,0.0018421513322408063,0.012527598035582333,0.004330527716003769,0.07162881856632451,0.428078059631916,0.06244148078035591,0.01315397793736145,0.0078531211566337
94,0.0417109589755734,0.05717921741920038,0.10477620334782049,0.011015885100075085,0.005620179489921403,0.024175036776500153,0.03982061574194069,0.16754176130819612,0.008542931302099046,0.20099704879157065,0.059047370350775376,0.07089085568578198,0.0026000225702040567,0.06995329790646852,0.0021577506897054286,0.015736909666458666,0.016402073550140738,0.07449805221731452,0.01020984472689886,0.017123984383354277
95,0.04898580984682444,0.020784814767292808,0.002497213948534064,0.005981698527883921,0.004434707529293253,0.03605416806609777,0.018987838187184868,0.05331134928235537,0.10439044994943972,0.09024029068776196,0.04036430731378335,0.14677929932284853,0.05213203355040673,0.07035980173962235,0.10305810640862749,0.07257132371188649,0.06860336816176615,0.05302091214946117,0.004763204383314974,0.0026793024656146733
