site,A,C,D,E,F,G,H,I,K,L,M,N,P,Q,R,S,T,V,W,Y
0,0.016224034347855618,0.05388243447644412,0.026026541396482594,0.024709272981185155,0.020205064788170215,0.033506962444264855,0.040971266628777224,0.019097457317987687,0.02068933781179591,0.024457832278372605,0.02137741256149611,0.026748790759169673,0.0300675719721978,0.024901811413015586,0.5039562956925493,0.03632976325723623,0.017217088109568703,0.00846517916090709,0.012128780168614739,0.03903710243390887
1,0.015359380292306952,0.01804207728064214,0.019137975428271906,0.03398630889839797,0.021083970182346333,0.513325079343264,0.04272130900730233,0.021434272188775354,0.01721021599730783,0.010913154739103944,0.018258127826660968,0.02746770820940531,0.04184562002437454,0.030297265838829815,0.06650442644889026,0.016142383808737833,0.029489738942141436,0.019527660253439282,0.015710347987047867,0.02154297730275394
2,0.008071713561354216,0.032373614884824355,0.053728001362526194,0.012596847891411838,0.01399500802731339,0.673986410861457,0.013663823487739302,0.015922735717074612,0.016605160936163915,0.006349662495309177,0.017281712997075135,0.013830631471069802,0.008252489766085775,0.014606333814629707,0.006037886060009117,0.03645902920936378,0.01136305858894005,0.016526624493426425,0.013267416193374279,0.01508183818085181
3,0.10372989682236448,0.07729363617169686,0.014912144687224821,0.03790868675176161,0.017366495997773655,0.5240950653434243,0.01915991484530082,0.01550683724826937,0.02093634994489634,0.008352611454999163,0.023012917121589146,0.01866449304924016,0.01068312499776971,0.019501675565272564,0.01960323252380523,0.01591801613419793,0.011998954325948944,0.006722527400364143,0.016124352858164836,0.01850906675593599
4,0.04408890848288257,0.049183654832602744,0.02758471550497893,0.06567252362615215,0.02393843621182332,0.007557758914886955,0.039404497737481725,0.05094845499641392,0.09414574902028652,0.040790653269784795,0.03360145120163078,0.04580606776180885,0.005668546001820556,0.11177785744603481,0.07067072948283999,0.05389921536398035,0.08187563026648532,0.11286947357581137,0.022897043875090745,0.017618632427203566
5,0.16817426195283505,0.06866865490214266,0.0072701472917705385,0.03507620592189513,0.03161247809197427,0.4465259542894015,0.008596484530694995,0.009969704492918218,0.011276354503245514,0.003223075194132395,0.01071482925933245,0.011193944642969335,0.004212823843122693,0.01076479410225162,0.009371622650127911,0.13331077093494262,0.006375919376742317,0.006231811871079783,0.007092379694025813,0.010337782454395133
6,0.03954797775719371,0.042441802145854385,0.1110448100517397,0.12987653244646946,0.07541838852268043,0.008537578259414926,0.04415180620742312,0.027315615169524098,0.017723876620771604,0.019375265436476597,0.0710877640338305,0.014940561083484719,0.009264373021658476,0.11092950911764855,0.007349393453107913,0.04347479621775716,0.05394932779728017,0.03166320120708428,0.07539069547488952,0.06651672597571064
7,0.0302924161061617,0.02566400198371441,0.014454470215131795,0.013588185790965676,0.01834750323759734,0.0053340346064874805,0.01531447775355793,0.04034129145445998,0.014199845058006122,0.004994693616065684,0.014886553366375094,0.02155003752125697,0.021769403278578948,0.014286109640683782,0.005546641527262432,0.0639739033827072,0.641118339765389,0.006470435305061085,0.011224903800659427,0.016642752589877935
8,0.03758674638941187,0.18121019802940425,0.004962187358463256,0.007782851206911551,0.006749640570031518,0.0036594815975729603,0.004024664684619937,0.11368969567106364,0.005747569758146647,0.1739048372795899,0.014888787484080726,0.004484945626745907,0.05795957802822108,0.01576567501394747,0.007895591844640499,0.021344006377056742,0.1467619988905826,0.18300846909013913,0.0037108977442224214,0.00486217735514779
9,0.00875887263160576,0.01666804041753115,0.016594672020607944,0.05276202019034317,0.018620764280137144,0.6635611713044823,0.0178549602318183,0.01819376497057806,0.023702781059638453,0.00679036301134051,0.0192648203342239,0.02156182930149632,0.008687084767424342,0.02030716770494085,0.028710797772214493,0.009669334933586989,0.010116531620368789,0.010195670244076319,0.01221417122635638,0.015765181977228728
10,0.0475116755938754,0.12057116432232885,0.03628122085024019,0.16956622959839907,0.07922833167633114,0.016077348892878363,0.014108388723569313,0.05028526245535241,0.024980367645549346,0.02359708580781083,0.06481512168664329,0.04202290826471375,0.002938953745347048,0.06884517006787602,0.03249759893480185,0.019058525884337152,0.006922742241025887,0.09234019760780195,0.02425124273880471,0.06410046326231347
11,0.024646242167919764,0.012140014947591388,0.012246197808312195,0.05987694693625368,0.05787868205329662,0.018810300882490655,0.09053884909483748,0.04867625331691776,0.1385126461907611,0.10167331870634773,0.13483422584122778,0.048495510898721284,0.005239184834037961,0.06132453289770249,0.054134142915537635,0.0058103711371700435,0.037619232102831454,0.04454958077680343,0.006293808834809364,0.036699957656430186
12,0.02356984207290115,0.0459520628168937,0.037216470809435694,0.03462240434430784,0.05093243110317955,0.0115721166787819,0.0306956029118253,0.03301080762408551,0.04375350812129464,0.04046561336301733,0.03339985653615674,0.0368327571066681,0.044921965588278,0.037525327042625616,0.052424870060271016,0.0249796326666349,0.03267812384592978,0.017084947676256644,0.3337128214569686,0.03464883817448798
13,0.01254827830456777,0.02503343343296688,0.022518276014228428,0.053231171658284504,0.029519759520174715,0.020157281816419896,0.10566609671649582,0.03469088557214967,0.404824217062554,0.012925858786788999,0.014779453967644787,0.049373720372872944,0.01895843898037515,0.03387456928021716,0.049082957282788886,0.014690940750237387,0.03353145496057139,0.012670704172969992,0.01750335438544261,0.03441914696224901
14,0.05018186995336908,0.016806929925304675,0.023701935785549,0.005615420315762378,0.18476387935641828,0.11859295458426568,0.04608575644375713,0.028341000173371413,0.04976581232329272,0.04205096462264696,0.1997993268112476,0.01071732854555009,0.0036297748810488572,0.023322833519067148,0.018713962955276674,0.04073510776875122,0.053679567330407484,0.04111965995310024,0.005116832809063675,0.03725908194274968
15,0.08297528920792988,0.06703132584010055,0.010928647271081716,0.13031717228076228,0.0031042205290316453,0.035288490099247824,0.01961273680433676,0.006294700211901512,0.12785505037349318,0.05695180278339028,0.021602060938893913,0.10216347306048981,0.0062792317911143725,0.05886891895307008,0.08477297417731262,0.12790274457206524,0.033055361284392716,0.01834149387870216,0.0020554413081062366,0.00459886463457719
16,0.004878903780983849,0.010156005918682086,0.011035523369633251,0.010253016169848899,0.009861427858561572,0.005637545897836165,0.010994466333662037,0.16638910191294545,0.00972426426639719,0.24491678122535526,0.25580865945936604,0.011353472366849285,0.06004950900905246,0.01574084430723376,0.011037390506865637,0.00892599233186788,0.02992917571675842,0.10483398316142897,0.007383658655986258,0.011090277750685542
17,0.1057312477118795,0.04914007540640599,0.04313581662950902,0.012093773325452247,0.009800684700531744,0.04637936440231075,0.05157639072017871,0.0499298953895323,0.03838934023085531,0.030897717173835503,0.014923041049334227,0.2384415912134542,0.005956926567732191,0.028208426134862526,0.04210590454352395,0.09771688691690654,0.012523285950298,0.04873423277668523,0.011549591208170411,0.06276580794854164
18,0.0977668284181643,0.03171459249022316,0.0327967677800329,0.015462468057578683,0.01726330626443566,0.11029108170904185,0.1039096553771476,0.10997565732183812,0.021285402533759247,0.0749135513597121,0.022297273433113534,0.0458139825875345,0.003427452511592742,0.07208565755448171,0.02868599996478817,0.06728954066326867,0.06008557284116507,0.05235554077580671,0.016668142046184643,0.015911526310130656
19,0.008699673199945239,0.055642195586746164,0.01735209202715879,0.00950166776879388,0.06506100539570459,0.008309160895191667,0.008971978766913694,0.037157715656935805,0.011798440785740886,0.2982343161321387,0.2644741582223097,0.01499563228356047,0.00533438870235723,0.0731671366691937,0.005781200487781303,0.0039779815444634025,0.041510993137995916,0.018000444491269172,0.006700902951244068,0.04532891529455561
20,0.06604643530199251,0.10329290798345578,0.10983113779016042,0.007611234265248521,0.006859601929189645,0.10766555926407091,0.01221580685966766,0.009319691907466607,0.008383492097305503,0.04635201888266614,0.07036204011644002,0.06113253467226554,0.0852286340198412,0.08104348164642045,0.03452337204271016,0.09562513387891351,0.016047180276756046,0.06280987926461971,0.0092549425273168,0.0063949152734928735
21,0.07832169789079,0.007866937560126254,0.08143664219328647,0.032706426690347755,0.009048976519096634,0.08090881038219172,0.031833152547559807,0.005768955536563487,0.01804107991520622,0.007321477490917839,0.011139564872135977,0.16416498647234012,0.06852190979868303,0.06689916028209858,0.03339104712546927,0.19993024964842035,0.083055728753529,0.007369135274781947,0.006536247248544767,0.0057378137979106816
22,0.09022267523374954,0.1619137879961811,0.0758230196602847,0.018523825103303106,0.024617634396572566,0.09222772773217366,0.07431005326823151,0.024206010262533134,0.003140031122218046,0.04893839080742646,0.014630205136046157,0.05026875216972893,0.0593890523181138,0.058269016930497505,0.01671038087792782,0.042396261246614865,0.048118583059187064,0.0462564566448595,0.01695581353487424,0.03308232249947629
23,0.07497580925605209,0.13873435797300104,0.1250210378574875,0.09931989668635118,0.008032460779644611,0.0637087689061133,0.06236597842186375,0.008379913265045225,0.009761310924401214,0.004525521330107508,0.018335378489407948,0.06840239404083295,0.006100286535175773,0.07974715485174134,0.0029207646382299218,0.04546917346818249,0.1581679894182956,0.013004028730276652,0.005899091126515337,0.007128683301274532
24,0.021673981672390256,0.03767873635779872,0.03238906715509458,0.02101092354992145,0.3874963360227152,0.012332958026183435,0.03333691510985237,0.029319237056219288,0.02937611791241785,0.026203167892259058,0.019478572199118575,0.03610465493594353,0.03180882388985872,0.031776703387669636,0.013062220675084418,0.0339988824641373,0.023093057780716856,0.02104569622384165,0.11341516792925106,0.04539877975952604
25,0.030929567477103785,0.03185209346311159,0.02973572661324722,0.026675839298650555,0.07981599288371381,0.01997520971488295,0.12066129100427304,0.06000099012972653,0.04298783261413675,0.06265272881307274,0.09064152226274508,0.06389240420488378,0.003836173774784099,0.041582377802991455,0.036638852726475685,0.07374379390581687,0.014146871894516135,0.06544531455725167,0.02788519975055149,0.07690021710806477
26,0.012377321745581796,0.013300087339851203,0.005004544277943737,0.07433809904010562,0.008004269540851917,0.004780886850856891,0.0479366200056495,0.0063719878716357896,0.1908229047754516,0.007055366385269966,0.03814121944076382,0.06937491948191898,0.07796493068480467,0.09683204562265071,0.0712338300254853,0.13346359572263222,0.0826200078516772,0.03143631871895067,0.005115401488883525,0.023825643129034894
27,0.016236407379263008,0.049876996250731005,0.04678629542562878,0.01821828632707899,0.055163067136702146,0.010978588049788846,0.04964114477558071,0.027561152187827623,0.02455229289546671,0.010050600163315897,0.020130118815654005,0.047116578800536886,0.01809246820048488,0.024017594753626196,0.012029494270056876,0.030307885486856145,0.019348512862499924,0.011476152469934768,0.019576222954362548,0.48884014079460403
28,0.013000649718547799,0.08356041193443031,0.026477020208759666,0.09012078867476943,0.014967183121937112,0.018236051473584387,0.1362103580862545,0.0638799871868042,0.30853538888792226,0.015824476170543705,0.013609300225204856,0.04264143775451911,0.015297779496365217,0.01886963148948345,0.052392330658095135,0.009603925147576072,0.032240811397240776,0.00955123207605145,0.013837646275988453,0.02114359001592212
29,0.05623020020437047,0.06962673095924372,0.010476283793780695,0.035456982520723934,0.009490013348420007,0.06583610037225987,0.06017091384424508,0.009181768387622318,0.1155623702144057,0.06075577056335396,0.09268339209468518,0.05823753970046605,0.00950144897733389,0.06306846838160855,0.15134003748193872,0.018663810035679258,0.03622528453809184,0.061688241528075435,0.004578939591704564,0.011225703461990756
30,0.11710248049227762,0.25640605079952694,0.02397275920151926,0.01816625158398558,0.0165673696477142,0.018012576192014337,0.01943689141959392,0.022589781709854265,0.026412389529884523,0.03343195274332847,0.015798443017801946,0.018059881641782825,0.02709544720327424,0.04963032652909268,0.045373233955602575,0.18102536216101006,0.06550427438318351,0.010150015111604172,0.02016287779818043,0.015101634878768443
31,0.22687206440324467,0.047449421242334804,0.04322189517610291,0.019239936012676703,0.02305044527685678,0.3780163464609355,0.023442431857247373,0.022905190181529592,0.017603197726254377,0.008970111715689587,0.020927451518291548,0.021916519773266575,0.013149707556029448,0.019803624729038526,0.010138263929076748,0.0266565959637226,0.012037526842989253,0.02591753731486245,0.02033437493855354,0.01834735738129704
32,0.022711442162935292,0.16605831557369377,0.019663146567369616,0.03063695144412111,0.0476637334972021,0.010101941091380783,0.022161758671941263,0.24990535640178954,0.017432559316263144,0.007463088505387262,0.019866913832048385,0.06224102332665768,0.01271541235348396,0.016919431282825845,0.01857267155273652,0.05206340093693533,0.060236593530622114,0.11029868626990037,0.023453680358987542,0.029833893323718393
33,0.06439006391280025,0.024342038247924757,0.016480685769550828,0.008799677070995205,0.027223705951820415,0.0048236799171934705,0.0452783402585754,0.04586918676348416,0.04453352158352352,0.05435492355304343,0.015927706595151577,0.08347468595780418,0.010213662186493598,0.030684207178400192,0.022548045784696324,0.04346158798757351,0.17305215562924314,0.02482160452592052,0.2498047066463917,0.009915814479413866
34,0.05627194864698781,0.017601237732977084,0.06593837996759437,0.40276206135102754,0.026719305248641315,0.1231070876116225,0.017878283910906914,0.020488067637496575,0.04342347093399142,0.012080263553275666,0.01947816811449701,0.020951492342148468,0.010654649994305394,0.02886082935433509,0.010451474907198458,0.02239809646519908,0.027941070663306273,0.02438115504703898,0.027209094251636156,0.02140386226581385
35,0.03340349372965971,0.1707156855750871,0.011419349751981417,0.010633238667177804,0.011352688262655949,0.007592587827014828,0.01191779883964667,0.25377547567459435,0.013789402015589192,0.0044332759252120315,0.015731242858913284,0.0179431768667376,0.06509745160483332,0.01436679152261741,0.004819300314216432,0.017649290490979266,0.06834206539573541,0.22080521306486603,0.009479662449144277,0.036732809163337876
36,0.2443837469564104,0.045638033896448896,0.02321099425228008,0.014207112929782212,0.1021751099734896,0.018550673879737616,0.12394135941925788,0.10472903880528071,0.012115974034245067,0.031213412758453983,0.02812703012243343,0.022864327885405013,0.021237094631229813,0.028720223403397277,0.019121635329850038,0.03292721596796929,0.008715054939436738,0.046481188238594304,0.024140544237766376,0.04750022833853124
37,0.020448214735629987,0.041910827611322955,0.03343725312991221,0.030152090009172735,0.02772033237149781,0.038356280429031664,0.036354825277100496,0.056287574280122155,0.05499922794628401,0.01884913909726189,0.025492669219614975,0.04706346047866207,0.03183253441917332,0.03676379246015298,0.3712483104845418,0.028813523147868142,0.02142226215751502,0.02017593402899959,0.02369052616807512,0.034981222548061075
38,0.03438281454612651,0.02202906859002112,0.27199257470012067,0.13198532789828196,0.010250710656786056,0.031998223832796685,0.007898766525858861,0.013473794108212872,0.029291055538197962,0.033874301803483914,0.018804706512971028,0.13125600444876187,0.002744538177214722,0.005735377683761629,0.003715777564934662,0.02088433507986887,0.13600854209522614,0.03613155223788357,0.022246929048560973,0.03529559895092991
39,0.016043380897255217,0.008554404441804166,0.06650358879330179,0.12318864706100771,0.005354621776023323,0.015154360074732875,0.055039786245733024,0.07926277056998406,0.01374398814005506,0.040462053990355455,0.12745055503913458,0.04344609649668425,0.1657269855466941,0.10580373083197421,0.003025846705002431,0.030682097354609653,0.04091300877712018,0.03720327907727513,0.011786843234994251,0.010653954946258539
40,0.4571027359223807,0.02048266025597378,0.03762701056987632,0.0185113922945848,0.023290525129716404,0.02863814846611482,0.0233685765868968,0.027608131357740397,0.02107687274281212,0.008675754799552212,0.017816325745201034,0.019690761032579336,0.00472113444195073,0.023027158946122814,0.010041108593536689,0.10796362219091786,0.02899728933624757,0.07005614876360879,0.03322060109731307,0.018084041726873792
41,0.06511958517946634,0.010864154370992956,0.009759501619392139,0.010028473122591695,0.009847102352545354,0.0028725192619061496,0.03088820610922204,0.14310506780853113,0.06331172655387624,0.005355464991991402,0.026150962812968304,0.010167837307714906,0.006094624139123179,0.06090609691270099,0.14313522817943222,0.05772189835958209,0.1730831856600424,0.15349108765128222,0.00945612616388285,0.008641151442755426
42,0.10959849798677242,0.058014353866300016,0.023876315082070707,0.02374884545992443,0.010305519851822811,0.029058581038328576,0.07198176433687976,0.02449365490472488,0.007227108989673454,0.047056737327070594,0.12348654057203641,0.07134086872919347,0.0034372592864535074,0.08877330451817877,0.10527251837889107,0.03625518462334199,0.08730517236042432,0.018530704834382277,0.04323147581301946,0.01700559204051109
43,0.24071526343248584,0.2556846215816442,0.006721096695909258,0.01613302622898143,0.032928447934205324,0.011801494599034188,0.016258904618573173,0.016754467206592807,0.017471966500657892,0.08350664497781045,0.01804880604121082,0.02641911680782183,0.01694390636482177,0.026867338437668906,0.0916525183217721,0.02257840201610116,0.020601964175778625,0.03040099593095214,0.01752830879184273,0.030982709336135394
44,0.01108460629901787,0.01626697057526398,0.013282554924893237,0.01895329136537571,0.07576076042973592,0.010476177992660322,0.0217746452467114,0.18964528216937132,0.014628049851919213,0.34485093211953094,0.11311622126342763,0.009261923635201874,0.0149515788753416,0.012933498732858598,0.00978681531530202,0.005783024520409929,0.023470994603452023,0.04312460194393247,0.02312512035782669,0.027722949777767316
45,0.05296345418683014,0.023804233345261064,0.06900461820573266,0.040744349858945504,0.03318440527550033,0.049667250907745944,0.06032447453275986,0.0379419468340991,0.07912649018915106,0.108199152811616,0.05153839269510537,0.07106090189773703,0.0013503597922842872,0.08024851245597558,0.03531729818780599,0.07454974897592165,0.05695928382139391,0.034067469067007014,0.023643693856626014,0.016303963102501484
46,0.0351314997443986,0.1161639542362736,0.13409173869917718,0.10458392284414372,0.010571679854834775,0.08349403389545225,0.02985311502377317,0.02263264902017357,0.015167434964902433,0.0131215749990294,0.012008575379158523,0.14667836985281166,0.002136624481318392,0.04006912213944988,0.022024535695148877,0.07804494607269416,0.06987862515622749,0.01996044150763601,0.023345293149580903,0.021041863283815423
47,0.016551939440433035,0.05173674904057514,0.0059645973109341026,0.02355445570998175,0.011754544096655979,0.16069452860755454,0.053050125957560736,0.006283240475510056,0.041013536965445505,0.031692905265028756,0.09172664117429435,0.09094021072358217,0.006375253612555534,0.15724476087802677,0.1000857382161191,0.11668978121243874,0.002917459328510255,0.007245872296790381,0.009453141409139911,0.01502451827886316
48,0.07924459921980201,0.11143552783065439,0.0409063659840934,0.01935296758654622,0.03487318485482688,0.03359355426399118,0.041908217311111794,0.07572048303419607,0.03203180813020653,0.0448047010411879,0.04502130494144899,0.08162064063649672,0.023452525426075222,0.018797951223066052,0.03555266605756221,0.013588108244226118,0.08061463561006227,0.13700003502341332,0.019000590732717103,0.03148013284831559
49,0.03387462339217216,0.08841160915810746,0.054895003934541636,0.008564471160247672,0.02399290239954255,0.026106964135115696,0.010437476086167595,0.10172472508703129,0.10183580265559501,0.11736377758787528,0.013922646047698384,0.03367618655039062,0.002056463330608527,0.043236828920980803,0.02951524291279867,0.033891978281435094,0.08262112482301924,0.060176585608437166,0.008276936861843786,0.12541865106639136
50,0.06286126971869085,0.028513642285883652,0.06941311407228605,0.0261899008640338,0.032037252424654244,0.035192048326332395,0.06597851973758923,0.01870905160137443,0.09248155351617042,0.06096415229200045,0.07159507942016832,0.2376254621524462,0.0022326654782671186,0.023172919975770916,0.0041890946756039625,0.014856741748331024,0.05859020057650319,0.046797686744421065,0.032318201710224245,0.016281442679248453
51,0.1331697249683481,0.008301185812504336,0.02527240831779766,0.06556527668221948,0.0150378893519876,0.1847416886156414,0.07638094551933701,0.018548350609627565,0.03794245484502542,0.024790248502089055,0.057166804175524825,0.08579274873084847,0.006822102570718303,0.03021885074747114,0.03397392573049401,0.13455740092555926,0.03492233829302949,0.006825430560957303,0.011849789305314464,0.00812043573550511
52,0.010198325938848547,0.018007751037274353,0.013962293376825051,0.11648086283988048,0.01780754359616289,0.5414341498946112,0.021398733436284696,0.02337074290722777,0.019730752342910513,0.009919012290649837,0.026396248964381506,0.026486400137030262,0.009741436910871457,0.022920655344869367,0.05256808455762002,0.008664978795138254,0.009870305040676578,0.014803191134494926,0.017455008966711903,0.01878352248753032
53,0.010221407239267151,0.01619350269104088,0.012886024702787387,0.012287055410677053,0.12825670620289104,0.007038786600564778,0.4042894115727226,0.026242421699278866,0.011234185882395787,0.008504483156741663,0.010139686046908425,0.021112893912718683,0.008832105933738515,0.02601598002594683,0.05733614722899895,0.009281403731730186,0.004836021606670551,0.028980209828270584,0.08054999622863675,0.11576157029801343
54,0.189104761841614,0.1273628069219718,0.056965656654012514,0.014572515117670503,0.008339096398103702,0.008648298810980802,0.008039547214563191,0.010300535054292678,0.008096308640616594,0.004018914804098103,0.009612495063236208,0.007342365519000008,0.2737310073742096,0.009919949981697016,0.004179306405922358,0.16983875612145116,0.050596917293704184,0.01568848740486678,0.012316775051834025,0.011325498326154771
55,0.05407478284646211,0.01717285183446646,0.012031908206577053,0.027602119420820567,0.016027087213251447,0.01412458599892771,0.01809113682298888,0.05947397437991726,0.013896752786854821,0.014728326929485504,0.020212063838076947,0.013387435831432518,0.059963595176739284,0.014796953359349286,0.009688628183992309,0.007037520971758446,0.025245127630726817,0.5751292894786816,0.015664702841057348,0.0116511562484337
56,0.014785940519861668,0.01632454202405456,0.018206450677764854,0.020130798869313942,0.06282035313733604,0.010894177888669294,0.01168168715590751,0.01927313781405959,0.023559824804665824,0.009691039794860211,0.048981087201756805,0.019535580224122672,0.05028562461324327,0.018267004788499314,0.009388763548103023,0.5839355777022401,0.012313316698092268,0.012093153959806322,0.022863669060547074,0.014968269517095666
57,0.02187371045334351,0.06917143323389333,0.025064282911849534,0.017243527853332965,0.027220334697113845,0.03423151021146915,0.03507292237322833,0.025511610455391895,0.019092460446614428,0.04164610209294328,0.014940580607850244,0.014893229209822306,0.018911538497811686,0.050674530860573934,0.4271960073710705,0.03669742208468318,0.02024606445585261,0.04241762844554763,0.03626607747870322,0.0216290262589045
58,0.012076192902835849,0.020347006119959557,0.016982357870389913,0.03984284186759996,0.022742829774591636,0.6500360753271252,0.016577023057221123,0.01894338992565686,0.020270277118355842,0.007662009765998318,0.02498486042413793,0.01744976292089105,0.010978510681258978,0.016134401323972015,0.01959507126152306,0.009878116458095628,0.010777867149959429,0.022976910053861713,0.0222923326679784,0.019452163328587648
59,0.059198040293672545,0.0738598449873503,0.015998415970624943,0.01302986843027366,0.017589570500746,0.026720445087002956,0.009875133711207337,0.03924333975341459,0.032507746398666555,0.005530813599416471,0.012000604909685917,0.018088094052848475,0.009307652828988471,0.009653000992905362,0.009956039541098412,0.1885649393117814,0.1571289427156429,0.2624549840607358,0.012417919774746811,0.02687460307919109
60,0.14921539944488846,0.0435805269381924,0.01605565938068602,0.0515280679257687,0.020171178381089304,0.04307565002490589,0.029164246619127858,0.02069369636865631,0.03128721693164552,0.014192215969613522,0.025074209978572317,0.03749171010665828,0.028146996850671343,0.04524732372918642,0.011860262416947952,0.2608343868584577,0.08230375368734971,0.03261301801466192,0.023977902249992623,0.03348657812292781
61,0.03502818561040061,0.01868657107907441,0.028667961318533924,0.031233337478781847,0.025804745495087728,0.010465151330346631,0.028303338405721433,0.022535996730456802,0.45411442361241133,0.011947182334578931,0.045003843061389576,0.03577775837838691,0.0202050920966457,0.03867572399447485,0.07504452498720222,0.026239437205794695,0.03162907236162794,0.010274223031152272,0.024175044394975247,0.026188387092956896
62,0.007452428649230591,0.023782023950630227,0.01286050555865809,0.01609566531467394,0.17031648453687082,0.008196912350452735,0.01242557611533626,0.05210627387524785,0.012747511087975958,0.46486791496040286,0.01733529234524953,0.01093904665153394,0.07241782163793366,0.015474069294333719,0.017299750177382698,0.005342237599457434,0.006696740712867855,0.040903352891859375,0.01860843810574159,0.014131954184160836
63,0.1924762369397143,0.0923735701657458,0.03097372195150422,0.0882175332204018,0.024636886997444988,0.0724658322912161,0.003095620746137259,0.019706049597231105,0.017350718858056415,0.016241502646968223,0.09402925189143359,0.005450244047583874,0.0011482319095862533,0.0763590409257223,0.04907011489643376,0.12491057795712952,0.011775375697097667,0.05151651445834791,0.016112699848918704,0.012090274953326253
64,0.013271285845132826,0.0410444265373142,0.01871852480971256,0.02015028340171099,0.08090727718109561,0.03482009568913069,0.017335390078701465,0.015525217904063629,0.017496680225751352,0.02213416622572649,0.016325462528102554,0.013703650329889953,0.009197564349611678,0.017683593113184015,0.03926196490208125,0.01898282673889479,0.010750565817436422,0.011651908495680714,0.5503174965147521,0.030721619312026643
65,0.011550880608897663,0.019109053186896638,0.02060535091960121,0.016396467820788563,0.03719652506759163,0.013154724142267989,0.015281728359302122,0.02341922430505196,0.017111206708971004,0.4198478873584778,0.13097403735656066,0.01956386283130853,0.022244477127954243,0.02147759596569225,0.010266944275954608,0.055843415598074,0.013644954966584839,0.04198807253559236,0.06958506182298033,0.020738529041451566
66,0.1352116850783163,0.05855608609267508,0.021014516268910093,0.08438621803969916,0.01693545867135957,0.027698216469625357,0.017613410959729823,0.020349233205731256,0.01852445911263997,0.01498815067867724,0.032049405648036565,0.015521518434363165,0.007879827882328888,0.019248495722084653,0.007801247960884708,0.03386936130530477,0.11926381350174795,0.32087291418059705,0.014128256125555166,0.014087724661733194
67,0.019416697835756756,0.03033878871591666,0.07876314360895684,0.5268447201238563,0.023583623491550222,0.03530545032695888,0.02114712146944915,0.02202702697580503,0.0498090465086216,0.0086651945846949,0.02266432696529494,0.013227022954064287,0.006525654903483204,0.019722150027679533,0.019492482885684642,0.02480427036506451,0.008714532131182739,0.03526169536202944,0.01752729634620585,0.016159754417744476
68,0.01299675924519193,0.022984779591303732,0.0257611023783323,0.02352847296460378,0.02074932493928343,0.04962448757196046,0.01424411574179116,0.039496828493396606,0.07127238784124446,0.009467304692172038,0.022683515881154536,0.018385485029757485,0.010540511386383575,0.017760861130815757,0.542199410492921,0.026153560347000452,0.021408433682002875,0.014646360942528889,0.021360789084234146,0.014735508563921374
69,0.09791258170833105,0.011411977723149343,0.05180105980969562,0.06680660289317959,0.009931957849977557,0.5518122867167657,0.013466456168929147,0.009868290564331531,0.013038340860210468,0.004032779092583307,0.011341771045450434,0.03893671678830744,0.003733060412746126,0.03008744358600935,0.02187069783909431,0.02144520171115431,0.004628820401623492,0.011630144138349296,0.014368990554123147,0.011874820135988711
70,0.004883948369028149,0.0724553682066565,0.013385481958580229,0.011223090636292834,0.14621806881091423,0.009505048102094361,0.05549328072354773,0.00885055619269135,0.008468897863679563,0.2796696411250012,0.1039162229904171,0.010931173570264506,0.0028664679014319084,0.008087004447684126,0.004653873832448573,0.0035471283153833922,0.004701516933522438,0.014279936705581352,0.0288920567327944,0.20797123658198607
71,0.008431620765648557,0.04421944971904353,0.014988627368147442,0.018511610620977375,0.033497148430347005,0.010158906839215692,0.011616738092580894,0.10921395574846911,0.017082170827543746,0.24335525355710497,0.1626485496974185,0.013337573096359585,0.059130825948517665,0.029663016374122952,0.004686312737520896,0.015120606459596854,0.04190839683330753,0.13303657874010474,0.014571943393221272,0.014820714750751751
72,0.06515236053440904,0.03071087354489855,0.012199362513683889,0.237373477147487,0.03957714731212977,0.11039143271408916,0.040070879860356054,0.010899179665328754,0.05217626733846071,0.02862191444322371,0.015700211019315246,0.009497900909032634,0.022927087230577042,0.05141245259637693,0.011715825896243336,0.022072417789358877,0.14160371294836877,0.07265968153324245,0.014227577461757897,0.011010237541660181
73,0.022354000272815356,0.020853718947310824,0.03121888600020836,0.027659096274739836,0.03442158192782079,0.016478455793596497,0.10801854853932313,0.03140226710313678,0.02358821911594816,0.026314798629357712,0.17451742851580657,0.03579062788496242,0.2660177055109332,0.0309520212177328,0.013915345897832939,0.03289607496901779,0.04245426559271336,0.012832589511225142,0.02037745738629247,0.027936910909225843
74,0.06108340745180549,0.10571936311026654,0.00947031934932907,0.01338067667741322,0.1231051958435069,0.00944151609313013,0.027406606499273015,0.1154301482101335,0.009199273054431044,0.0668113074982635,0.08587368390854974,0.04312102431655387,0.006108807568582307,0.06408120847361558,0.004864171396688822,0.012405486328396208,0.008881968161088768,0.008759781634540107,0.06184775887658013,0.163008295547852
75,0.03864005633569728,0.019903010096780843,0.01999520918435077,0.04684070178455455,0.02233624574018469,0.5590646461304656,0.01999272595287062,0.02798208331890713,0.023251564912281635,0.011819677059287593,0.021658872727051408,0.01900512975184533,0.01212048356042358,0.02227781919030923,0.04576197720084179,0.011901845632490079,0.012960673799634507,0.018661792783806554,0.02371745030045534,0.022108034537761556
76,0.03574851877941128,0.014601748220443068,0.011113259620776599,0.01732110974049031,0.11984106574437121,0.006665338369509562,0.18521622832111834,0.00891242489160614,0.0987970230524297,0.022335257040642615,0.03817757201346473,0.00497541085608757,0.0040506475026807435,0.025419384826027833,0.09521819796360398,0.04037760863961503,0.04445492669116648,0.016225222936988415,0.005811057431725653,0.20473799735784073
77,0.028739085286483113,0.34353197465949836,0.012019826859574102,0.024473084578917195,0.011752437043517043,0.018028216161809933,0.007248227491143719,0.011669218278318478,0.017014846156412074,0.0490696504929757,0.011974334759766683,0.008452809708523102,0.005358624973173234,0.01030034123050295,0.0066304781817129906,0.004682951995664585,0.2477801246294727,0.1560251287067557,0.015366618731604316,0.009882020074174118
78,0.04561152361077745,0.04493540096698909,0.025866094901579425,0.01658702162913428,0.045606108787877804,0.034820152630251296,0.01586185362193279,0.10159206911393423,0.017681292350994603,0.11809705695209761,0.07191107562951804,0.012585261133655106,0.008932782060713152,0.017184060418336335,0.0070485654072701565,0.007419934382895171,0.045903333088384846,0.3301261429767288,0.015655365550160148,0.016574904786769658
79,0.017069238691221834,0.023109143888489315,0.5650372337814209,0.030625949290472333,0.023989589370039668,0.045986948947709695,0.026357347253160253,0.019379968624273443,0.02436737989027564,0.009386768838983227,0.020945213940256616,0.06247056610113759,0.010726387962772383,0.02091353319733677,0.010640532884537222,0.00959748111659646,0.008825587452845745,0.028835432304635453,0.017644384961910124,0.02409131150192533
80,0.009035696672279199,0.017802894873550936,0.013648151669198864,0.020157966679327677,0.03678819528818537,0.011826499288242632,0.04491655377893841,0.14612580281142837,0.019594669813939695,0.49456254929526866,0.03923522162684513,0.013703132793059476,0.03127927347633002,0.014025866201870522,0.014570699339863352,0.007535086525974657,0.008406489108723872,0.015530648541012854,0.023345224496942932,0.01790937771901741
81,0.016408357576103292,0.035792295735047455,0.0168854015705272,0.026904241638079748,0.019875178513385834,0.5927212883969283,0.018540656854881685,0.016820244317146144,0.023654909719248503,0.009391192679658445,0.023267416566345286,0.019716833688306463,0.011871706982000577,0.024427694098051324,0.04961001519082731,0.009519211249487224,0.013952151910656943,0.02477398962984203,0.02577110114053678,0.02009611254293942
82,0.2572014179123234,0.42007773951466004,0.00981786504876367,0.012135041272626242,0.01803131121081849,0.014375688681249792,0.01061153346066325,0.010975150313377296,0.010529048904133996,0.004153622467373214,0.01179883069506634,0.009699871330614451,0.003936467378611214,0.009247538896233226,0.038011309799279004,0.06754507029328277,0.027202124018720054,0.006312901649156063,0.020219455377556504,0.03811801177549093
83,0.015252689962630198,0.03259543338927297,0.06146491573283151,0.022370015447307344,0.018381147756045595,0.5970114470394077,0.013523002386189885,0.018178628397427232,0.025589019876350982,0.008757903359643,0.01865181407697083,0.011740720567430554,0.008144750700007792,0.022671312854828655,0.0068479716829815285,0.03064882937782919,0.00877337855948023,0.04589636101742346,0.019103366582969177,0.014397291232972264
84,0.024171865615266973,0.036980359527444384,0.028231920901976643,0.02738357110250388,0.03520371620406812,0.04508173498145343,0.04624030269928558,0.04683991363639536,0.04067387834884973,0.027917705974863257,0.04578381226478157,0.03100414878972158,0.03806483067834713,0.032269743327370176,0.3183491372275706,0.035139864186568996,0.048495925375888385,0.025147253331618775,0.041037078081310276,0.025983237744715216
85,0.06518093636680082,0.028804105748148068,0.040316640240998215,0.04621493467297302,0.05132197344857475,0.2032938297217241,0.039193411506959694,0.038364885576138597,0.03173671119542963,0.02538595973818377,0.029139396397203983,0.048571261788175425,0.02683996837450934,0.04343074823656026,0.07663733047819349,0.03618511086667259,0.0342632320922158,0.043824207359114374,0.0527210494645175,0.03857430672690661
86,0.009633302005498253,0.024107157261583776,0.02543986338320435,0.030488540259907597,0.022452674802162596,0.6040301578714207,0.015273560063632596,0.02283235136878792,0.03488405249650394,0.011121140261117886,0.02921053151761641,0.02304862998784385,0.006989798940818498,0.021088624766931147,0.00936077161491696,0.022748958072385084,0.012457022731613686,0.02412666113551015,0.03256981967512056,0.01813638178342414
87,0.015508441872353939,0.0291678206299439,0.02399731303420408,0.035117625401408115,0.027111932329938918,0.04091771386767866,0.01960818568938837,0.027033386628605358,0.0268980058198402,0.01434374745603097,0.025205083014160693,0.022620995970987583,0.01063691329043959,0.0214295217809098,0.025240350014869812,0.02296901751621414,0.014482134024526675,0.0207144670128269,0.5555970894423433,0.021400255203328982
88,0.1868210872548608,0.07735559751585308,0.01121417306289404,0.016726130304587257,0.013192264449443922,0.09215109153802693,0.00819913093710689,0.013508243627985684,0.016548441473690972,0.00490045403174367,0.015598167241322193,0.04551043031806073,0.0029142414516270176,0.01305105422844319,0.03702157465810704,0.38230149958839327,0.027792849617744593,0.008276651943020314,0.016349612031339552,0.01056730472574886
89,0.0044311449077930306,0.0708565042005041,0.019577710995205392,0.011249794823254427,0.13580773279951286,0.004620436352211744,0.09952613548633882,0.00785957870968248,0.009669549166290153,0.009773774011284622,0.012394349196794776,0.01948385424972573,0.006443453979360224,0.1875010802993449,0.003875477689324633,0.002804707682781374,0.004660447144394979,0.005830669933210559,0.042706712746070824,0.34092688562691437
90,0.00935734835966304,0.058661679694934625,0.030911163326937167,0.04668684475149676,0.03633879474536068,0.011034980862239262,0.06014274594222078,0.0176034174061418,0.027920990459798872,0.12578226751591748,0.02080576360946424,0.03233354038114698,0.005978358384235774,0.01822206043520166,0.009368948793355099,0.012280193327814659,0.008126168745482975,0.011676895444359087,0.020476619362464494,0.4362912184517646
91,0.11498390372685613,0.09795406310912357,0.002164723090218561,0.005805141245811911,0.00494174904248328,0.008908530538833994,0.0038016584574640435,0.22921111641494846,0.0197278591655954,0.05878278978845501,0.11756384808324842,0.0035917110894126657,0.0008947240654906114,0.006256436108643064,0.001768914363271349,0.07487061863669546,0.10627561448412844,0.1326044431403027,0.00510741266324548,0.004784742785771447
92,0.4091583872342707,0.28096699848519285,0.016129410321659675,0.018536756478052887,0.01704321459114431,0.03536898354462846,0.008938820868245465,0.017532004883593227,0.019879846098938364,0.006322326090611179,0.01998936073973109,0.010466502500559508,0.0037049290105139816,0.01356371512525355,0.004788273449516792,0.02561045644917716,0.013760178420721173,0.04576361714136051,0.01672039497493036,0.01575582359189872
93,0.08812587475238909,0.02813240899060343,0.006623751548820666,0.011869313240436549,0.007271166255640816,0.15737208217745174,0.009909645564315474,0.029508253081695773,0.009322690150744866,0.002460378842851455,0.009058628485848232,0.012120252802711002,0.004096902202685555,0.00882668670552953,0.003850801814069726,0.1896633571254712,0.38654005962078436,0.019432769351293212,0.009953679856350527,0.005861297430306739
94,0.047823495217221366,0.03307683000670334,0.08756121888171149,0.02839052761566659,0.009740855816239556,0.034931924319193834,0.05446440520173571,0.16647050807123268,0.007561703375587892,0.09748210580123377,0.023074706017384712,0.14987946889721213,0.0025159773081203447,0.14195440286066552,0.006338006531715105,0.035923504473944115,0.020614505965092685,0.0315696633768108,0.016707864859136456,0.003918325403391918
95,0.055050816583825414,0.01359307864058367,0.0028044423686820986,0.0064823670807156635,0.009712657431450366,0.06337920213366736,0.03475395137504454,0.00494597948947142,0.10147766174402992,0.051719059162395026,0.09105090794099574,0.07916823351297395,0.0621570351569098,0.07342792761334459,0.12027948888397245,0.10025639536569629,0.06863000286276875,0.05227507891119989,0.005901405439092479,0.002934308303180595
96,0.061349153181575286,0.020758966522780906,0.011425811793904977,0.05115723416293039,0.19917369239862381,0.010934373214948155,0.028966818649655834,0.05054309649717514,0.037921691314394976,0.04969177482603099,0.007350513777557422,0.009184822899449484,0.08671650237237782,0.056435572039406155,0.02969525903866368,0.09506639203734445,0.0963962328739419,0.0686558044026484,0.010182490108991598,0.01839379788759866
