site,A,C,D,E,F,G,H,I,K,L,M,N,P,Q,R,S,T,V,W,Y
0,0.01159249166330582,0.004390857990968746,0.022872606949205884,0.019707235827619893,0.013138157218413262,0.022349592938194697,0.004838148347097437,0.016891916423674193,0.24140751372782462,0.008878943568567617,0.01597883986023235,0.026873503401299858,0.013797925161150533,0.023648682993143877,0.5075460491157017,0.005199957591651508,0.01159249166330582,0.005525393222697166,0.00821134826150829,0.015558344074436759
1,0.008452069157940967,0.01435669866589509,0.01435669866589509,0.006201109183256448,0.016096904564791466,0.4514291058251434,0.17706595021270613,0.0165999328324412,0.0120726784235936,0.006105722421127798,0.011804396680847075,0.02655989253190592,0.1327994626595296,0.0331998656648824,0.003334083582326588,0.011302081928470604,0.02795778161253255,0.004047489815397944,0.00965814273887488,0.0165999328324412
2,0.00507347803269356,0.012168109939531909,0.07246413492716094,0.008293185245749088,0.010028968204161687,0.7447406790437501,0.009477925995141814,0.012499873413882683,0.013476426024342267,0.020082083063520974,0.01326909639319854,0.009801037108612558,0.005637197814103954,0.011201185266985781,0.01104917823173644,0.002984951132339,0.007632666066884116,0.009371330672382718,0.009690913096156236,0.01105758032766545
3,0.2057095864845539,0.12521453090364149,0.00878493717970879,0.07352257735523529,0.011214813420904838,0.4496093050865507,0.012549910256726844,0.009247302294430304,0.012856005628842131,0.003585688644779098,0.015059892308072212,0.013177405769563185,0.0052709623078252745,0.013870953441645458,0.0017295297119458955,0.0038757075792832897,0.007122922037601723,0.009724383868772389,0.0046961799503541365,0.013177405769563185
4,0.04314284199441845,0.06700424337614189,0.02712076517605743,0.026816037477450042,0.08830901783642557,0.03833611919623156,0.07398189057862224,0.05988264950873482,0.029332114628962746,0.07220769732249915,0.04685442088697438,0.050189753386053276,0.0031049592835863983,0.10902547600775088,0.04733104679270718,0.06655329818460504,0.04641407934662221,0.06167564872524737,0.017830649894056857,0.0248872903968527
5,0.04036627104955241,0.04447378933300378,0.006192745311190513,0.0441762566195749,0.01993084633071651,0.6484722583129194,0.006690376630839751,0.009731456917585092,0.010264687433617154,0.0024648756008356972,0.00814480633319622,0.009250891143877187,0.0033009787782116826,0.009250891143877187,0.034039991430695964,0.08239129388682019,0.004186157444994704,0.00280549943767655,0.005808699090341488,0.00805722777047368
6,0.03646433227830299,0.04144762349402317,0.13620000189190185,0.19580992149297619,0.03371421612623112,0.021500745966013986,0.021082331252961405,0.023785194234110303,0.0014528509620159147,0.020819819551778113,0.06856948395465051,0.019558307306964194,0.0038650940630429237,0.10297871738059174,0.0029961969480952902,0.09052585088535754,0.03780231718345374,0.0346132177416083,0.04900254130023593,0.05781123598568475
7,0.07515949437785523,0.041607409509093765,0.010491359780046911,0.009617079798376334,0.014172538650238809,0.0033800615190946117,0.010629403987679104,0.006938596276359057,0.009732948229682074,0.003014308593520941,0.011540495758051602,0.009732948229682074,0.02018872433913606,0.010356855167482207,0.00304843284174948,0.03536993657929824,0.698331292220429,0.010076794490483649,0.006119959871694033,0.010491359780046911
8,0.023883218124595346,0.20453236474017641,0.0033989972459797886,0.005506375538487257,0.004666419947870558,0.0019864085748963175,0.002928923158769818,0.16835294810249898,0.004171496620066105,0.23731056219635596,0.00240147605581147,0.005487453688151076,0.036117130911957826,0.002857643792940992,0.0026358838319815643,0.006651459015940699,0.08214347852201612,0.19917946756261445,0.002549247934484842,0.00323904443440427
9,0.005666683698922699,0.012729506859898817,0.012199110740736365,0.04164949441681628,0.016572376855339962,0.7555647281577103,0.01488705039547489,0.014166709247306746,0.022521435213667132,0.0041236430672911654,0.017222273986921926,0.02142282861787849,0.005323248323230414,0.016265480987648486,0.002627633382849143,0.0059347025225203924,0.00725897498622329,0.004009010727638269,0.008298055531227724,0.01155705228069761
10,0.059520972023451135,0.09091699078647937,0.0698487887403496,0.15309947902714474,0.014111284601005669,0.015133528592202303,0.030019761108743187,0.07373837933662765,0.0015752132996097042,0.03970528118126105,0.03542220420252443,0.04821355572010269,0.0013738591527075951,0.045571717050508026,0.016639927295239894,0.01714812033343859,0.009106788699901478,0.15196242802491586,0.08900964132942037,0.03788207949436641
11,0.031844259460053176,0.02076799530003469,0.008682715119127828,0.00102355492708257,0.06634220720844415,0.00894501670226213,0.01061475315335106,0.05163933966495111,0.17030320272545488,0.09516675240935434,0.1263948025023289,0.07859033638991615,0.0029806335483573134,0.05166378403506025,0.04078386638414688,0.04117792171558601,0.026675415956845645,0.15325049865150592,0.00407556015795796,0.009077383988179092
12,0.019987992049302437,0.032596544353106986,0.06795917296762828,0.048542266405448765,0.022653057655876094,0.021080098410445062,0.03397958648381414,0.03397958648381414,0.06795917296762828,0.02985051738373403,0.04247448310476768,0.048542266405448765,0.06795917296762828,0.056632644139690234,0.0042904665437121315,0.024271133202724386,0.03397958648381414,0.01029684438903459,0.2904909244976139,0.04247448310476768
13,0.031116696059699446,0.02462388439621009,0.019493908480332993,0.06723103380027808,0.029240862720499486,0.0058481725440998975,0.06683625764685597,0.019425964976991426,0.40049757239459277,0.023337522044774572,0.011411068378731508,0.0102695959605382,0.013760405986117405,0.01752612802016285,0.16056504738958935,0.009746954240166496,0.029702720913174645,0.00806644488841365,0.012311942198105047,0.038987816960665986
14,0.042630532310643884,0.01563242560683421,0.02408615347651667,0.029962149079765566,0.06174018598254722,0.0575263251765303,0.12650685167012127,0.09238329299594383,0.0023850204654665406,0.03815404751730447,0.20973504355835892,0.020580061994182414,0.0006889697684755487,0.0725010027115315,0.008489275572600243,0.05508641829916181,0.049776303467016725,0.03100437610733076,0.016901725121919037,0.04422983911774917
15,0.07128849743586328,0.08258338033208265,0.016159716719437483,0.055321552733209385,0.004952171252730842,0.07699333448579182,0.018674664108552744,0.02450511033041458,0.09363467063674058,0.040691041617906584,0.03322885472611603,0.08069499566949871,0.0009648440178083124,0.10435163476342635,0.11002595707828162,0.08471999970378503,0.0559698521793017,0.037550996405599335,0.0011560743636802302,0.0065326514397726
16,0.0016280464442212765,0.014803524287296147,0.004218120332755126,0.003711945892824511,0.0035018357479476517,0.0015212893003379144,0.004124384325360568,0.18187186981535267,0.0035691787431004914,0.1592778949729416,0.15906130787195366,0.004758904990800655,0.0011650719920820649,0.1422990226816919,0.0009748152991437344,0.0013646859900090114,0.11270865082373205,0.19264860373878553,0.002474630595216341,0.004316216154447106
17,0.1214581107649662,0.02009417273685103,0.0023583459277981117,0.00594873119567592,0.01642312194838786,0.08181198900003629,0.048789771158348184,0.06735242297598268,0.02265539333509795,0.029161055557137466,0.04122769923595296,0.1833443673452913,0.0025194626240509777,0.08798812001439313,0.04432989252633545,0.043126153707614086,0.06606593127324788,0.06951181847922301,0.008758998372473525,0.03707444182113603
18,0.04348143348370831,0.07207520224201648,0.0288300808968066,0.11768229490788427,0.03981296885749482,0.0426834963926747,0.06139164601041115,0.08456823729729936,0.03850876695464937,0.07881942743195852,0.0758270620847516,0.03953839665847762,0.001608216278722191,0.06193591287390336,0.012345781891387547,0.033897186024124115,0.050746007129656025,0.06853943760372888,0.024217267953317544,0.023491177027027597
19,0.021867839800338896,0.13565331313483894,0.004063947758326688,0.00199213125408171,0.2327734386756976,0.0015393741508813211,0.03146987612752335,0.08443208127990802,0.029949432770029365,0.12063499014579422,0.08704894553652562,0.0030787483017626423,0.0008834669039840626,0.06888369537106755,0.0004417334519920313,0.011520954404714555,0.0007460566490233275,0.021396731541113316,0.001154530613160991,0.1404687121292358
20,0.08908541013648681,0.03708746971120789,0.11096806413591567,0.08241659935823975,0.0024975824371490873,0.09913405729624633,0.0585804260144351,0.04780162762777904,0.005195829089975982,0.034629038585435305,0.004979336211226984,0.0018731868278618153,0.03306834892148687,0.12011353694667498,0.003668984576693567,0.06405220121941867,0.12327017597649746,0.04879749487002444,0.00622417026403373,0.02655645979321058
21,0.07783550112383905,0.009575822710116555,0.003129858198694737,0.010487805825365747,0.0043836553846648835,0.1804954237741653,0.035038805825653746,0.005243902912682874,0.0028767738461863293,0.051485592233613674,0.1370406627847791,0.06674058252505476,0.058455533032412604,0.013595303847696343,0.056232490808344006,0.07382858697733943,0.14800292027789186,0.04532119619356341,0.01694184017943698,0.0032877415384986626
22,0.011759297956803945,0.0451826788877915,0.010298992981776002,0.012969102273347558,0.12376548462582541,0.004377072017254801,0.0482987257076392,0.13656464693834983,0.0026128746835625462,0.09395557054883882,0.08900017715408237,0.014590240057516003,0.09816390881377143,0.026661377639249365,0.007919522857052547,0.013867950945757785,0.012679993501383154,0.14855594884988077,0.034162513305403326,0.06461392025471373
23,0.039465769719289605,0.061899457570970595,0.04510230389565755,0.1236135372875882,0.08986884210303876,0.07467867473035449,0.012162700434997722,0.0577728270662392,0.0012392096947828229,0.035858996110079505,0.07061123308095901,0.020390409552790305,0.053088543790598186,0.12087677524828781,0.0026260375939199635,0.05270503521832348,0.008253261009462743,0.07371275962248693,0.0288864135331196,0.027187212737053736
24,0.013371895988761056,0.011879720577548115,0.03282192651786804,0.012034706389884948,0.3092414396949218,0.006017353194942475,0.22377548537871583,0.011305526973351835,0.0240694127797699,0.0012198875751118661,0.011646490054727369,0.03610411916965484,0.04011568796628317,0.03008676597471237,0.006334055994676288,0.0018778303941918112,0.01444164766786194,0.004754612935687996,0.1211416161448687,0.08775981862645962
25,0.11289796404620762,0.05463171165466987,0.03309748968096562,0.013445833912447643,0.028369231991098327,0.024543982538594897,0.1112536973962172,0.043026668519832466,0.0022403819638414754,0.09345656071738047,0.06539007373834721,0.062060110623320425,0.015032609343109168,0.042390806423480275,0.02566376759704427,0.07422037203436536,0.052645063995826746,0.06203058371142294,0.0012675845321734663,0.08233550557965444
26,0.0014737336123304703,0.021744897062620554,0.05159806082655723,0.018188412778293514,0.017057110012701535,0.0007237796769366723,0.05248768256494616,0.007473696208101987,0.05148648902015682,0.015791804993861593,0.07846096878265148,0.11448595376559192,0.05827858401282439,0.1193837485790932,0.05911234152945391,0.12600992728434143,0.1273443055176826,0.04136257593433256,0.0020015026882096486,0.0355344251493123
27,0.007346117440343428,0.0049747705231939715,0.011019176160515143,0.007513074654896687,0.5555945362113835,0.0035545729550048844,0.011516099865458918,0.01437283847023714,0.012243529067239045,0.0034434925501609817,0.029243063983648468,0.011806260171980509,0.008062811824767176,0.011399147752257041,0.004349674800203346,0.004790946156745714,0.007870840114653672,0.0037565373274483444,0.008476289354242416,0.2786662206156195
28,0.018596706443323948,0.011952798933818832,0.018388921436644355,0.02116449378446088,0.010303580596976782,0.0036777842873288724,0.024862987962270065,0.06734542041599882,0.2042605097345227,0.009902142391899765,0.006129640478881451,0.021668760663171777,0.007031058196364019,0.02662341955646678,0.2810040290702764,0.0037352496668183856,0.061070025553539554,0.006353874701469017,0.005312355081697258,0.19061624104407046
29,0.024197716781783313,0.008471174859147808,0.008471174859147808,0.046372900157679614,0.007529933208131386,0.04151974086825502,0.008839486809545539,0.09843285505161135,0.17398830843626786,0.01022408033392466,0.004533247871445557,0.13450311585732141,0.007261007022126692,0.0983817254228809,0.1252538352550864,0.07753790116597523,0.08072976572717323,0.031177827391913104,0.0033329212560581547,0.009241281664524882
30,0.24401492926440108,0.15488582069518336,0.016517125775386984,0.01032320360961687,0.00786529798827952,0.003753892221678862,0.029256210575756853,0.011011417183591325,0.015798353710908705,0.02895134724342459,0.00786529798827952,0.22569076729869572,0.000821018205863683,0.01835236197265221,0.003303425155077398,0.14106282110722645,0.05511053620084432,0.00963314250665165,0.009176180986326107,0.006606850310154796
31,0.2981284120460306,0.12021323102015358,0.0036457300461886057,0.011103294806292371,0.016919306371493137,0.3041744110111326,0.015448062339189387,0.014212217352054236,0.009602849562198808,0.004555197869248152,0.011103294806292371,0.06440370138860566,0.006022125996633152,0.014212217352054236,0.004555197869248152,0.05603912096589938,0.0055516474031461855,0.016396604677252555,0.012251911510391584,0.011461465606495353
32,0.008460894028153396,0.08855267667674327,0.020903385246026036,0.044419693647805326,0.025661489278862592,0.0069886386741119895,0.025382682084460182,0.3040208878232113,0.014806564549268441,0.004757397590819096,0.023731326462652122,0.019321761891761983,0.009111732030319042,0.014214301967297704,0.006461046348771684,0.006284655716872796,0.16076603930521777,0.15523638967494083,0.025382682084460182,0.035535754918244254
33,0.1030908449223453,0.009957940731270112,0.009533127958404889,0.004417791005114461,0.012032511716951386,0.002236165817403616,0.28878028120683324,0.004479873786883716,0.010565132239274386,0.07792483778597085,0.009056471560484645,0.005688629568631952,0.0026333911745329177,0.07644183914298525,0.018717240448591042,0.039140684580844166,0.15442870097627953,0.019689564627738625,0.12995112654307495,0.02123384420638479
34,0.01303910803791116,0.017779895567775258,0.014648287203798955,0.5449187956461882,0.03765154355528878,0.10436889169838603,0.017779895567775258,0.021335874681330313,0.010387018131767135,0.009847326775998604,0.018287892583997406,0.022859865729996764,0.009143946291998705,0.03799086941807138,0.008438915878577372,0.009412885888822196,0.012309158469998254,0.029621720796771247,0.03555979113555052,0.02461831693999651
35,0.0031833624259330453,0.08044824634265736,0.012062224085336129,0.013046266105923852,0.011727162305187904,0.0039311362757432815,0.012062224085336129,0.24549563134540645,0.016887113719470583,0.032630526756303076,0.005740789390718799,0.019189901953943843,0.019408842649102653,0.012062224085336129,0.0038034039908717526,0.020657364690857792,0.09561408799768463,0.3617108006483767,0.008118804672822395,0.022219886472987605
36,0.1177867933110442,0.05934869804557745,0.01737215081531949,0.009926943323039707,0.02453055274114667,0.003041273814811855,0.023162867753759316,0.06651489504623671,0.008686075407659744,0.08868652672831559,0.2929822757988998,0.01737215081531949,0.11085815841039454,0.023162867753759316,0.0004223676180272309,0.02587491361919173,0.03411020258781369,0.04503612685422278,0.004728068405663482,0.026396091149797143
37,0.014980176560254065,0.06591277686511789,0.04119548554069868,0.025351068025045338,0.02059774277034934,0.0018691780693673406,0.04119548554069868,0.11470125335750678,0.007776535333743569,0.01098546281085298,0.014980176560254065,0.1647819421627947,0.04119548554069868,0.0549273140542649,0.28140085041081336,0.009667881923104069,0.015693518301218543,0.012206069789836646,0.01938611084268173,0.04119548554069868
38,0.037491282955786215,0.033098642243674314,0.2747984391243064,0.28288747835361716,0.012258756386546037,0.03968470205925041,0.014659311730188657,0.02068665140229644,0.004602046372842462,0.014458499240734023,0.011413324911611828,0.14208255984644397,0.002781398507871791,0.009621770045903992,0.0044131522991565746,0.01482402309794359,0.03621712309811316,0.02017336937795991,0.009456754926764089,0.014390714018988829
39,0.027673504808622885,0.01067738006285693,0.13082957686422916,0.26256933114242914,0.008811025021729759,0.019508152576141944,0.07309887425435059,0.07289120699794618,0.003409476211597089,0.057740678989156774,0.02176841475956764,0.006450917121309395,0.06772395702976598,0.10387734762460345,0.0030657823942856527,0.01099975098254161,0.034028786290818375,0.06827704192454248,0.010279529192018053,0.006319265751486754
40,0.524559650975895,0.018052773015286436,0.03763457837617725,0.017049841181103857,0.022733121574805143,0.006209486004846542,0.02557476177165579,0.027899740114533583,0.018052773015286436,0.005683280393701286,0.016152481118940496,0.017049841181103857,0.020565129419573613,0.020459809417324632,0.006599938521717623,0.10756060338316431,0.04760546690015305,0.0042922477370883885,0.04091961883464927,0.015344857062993473
41,0.02274787819109282,0.0034868413584058415,0.003728300037798114,0.004127760756133627,0.003852576705724718,0.0009563839826630821,0.017291115129942972,0.251582783609567,0.2061932673178342,0.027716887155786237,0.0200280231899839,0.010630258462376072,0.002350186502910077,0.144201766967884,0.09859689641345906,0.0509679211243441,0.034075075071178074,0.09081277943572698,0.003041507925572146,0.0036117906616169233
42,0.09559313083316999,0.05804589246767387,0.014445552046313336,0.04768206610409117,0.0063472880203498,0.025400001187023295,0.03802013374373763,0.06982016822384782,0.011636694703974632,0.05796745252950806,0.08084440531182374,0.09076621869100211,0.0016446560718165121,0.1058563840813176,0.07472793802973181,0.05287865449225906,0.11445929217024228,0.04373212159296692,0.002909173675993658,0.007222776023156668
43,0.4629337368031035,0.033306889372506594,0.01615801261188431,0.04810995131584286,0.018747024531961958,0.0038599347207302717,0.04996033405875988,0.020910142747188335,0.024711986883040767,0.020866966835787266,0.025888748163185562,0.015990109159614612,0.00415492872751039,0.11702420590340155,0.007550884880929121,0.07280742856902926,0.012337900813471475,0.002921137517087665,0.023637552670734644,0.018122123714229894
44,0.030113140018979287,0.013678792919715695,0.010544069542280848,0.01807554778676717,0.12218119504720455,0.007786389815838166,0.0813716259248737,0.15714359433715158,0.012344276537304409,0.4322654475933526,0.016813169843930095,0.0076684142125678905,0.0014067231952396347,0.01032888444958124,0.005260982466969443,0.0036675024494889907,0.005272034771140424,0.030744082000329322,0.02300524263770367,0.01032888444958124
45,0.0899700924336403,0.039030984130471874,0.04460683900625356,0.029178372822525063,0.029594922032995158,0.0451428156244289,0.06035042924375482,0.04232073850718307,0.06816591629068824,0.09057279263847892,0.06422807830807457,0.038143711379796615,0.0006140701451309295,0.08157339183402922,0.029885306086686714,0.08272721354750448,0.0848509255430758,0.025245012232869887,0.004332589937262804,0.04946579825514904
46,0.08123424428751379,0.16203029140389016,0.17319534246733348,0.08337027340701539,0.003564677278102171,0.014520788233243733,0.03408641389877707,0.004063732097036475,0.005347015917153256,0.01683431599001456,0.07605503474060152,0.09778002861947303,0.0013108813216246692,0.028593580835980615,0.018003365711543352,0.1359202269287215,0.0422191604362249,0.015289516019360929,0.003762714904663403,0.002818395501725938
47,0.016401020182635756,0.05878593856547106,0.004539486873273606,0.0041914658165749935,0.014929762175357733,0.25172004019261635,0.07751991898743436,0.004759139463915877,0.14556518120973788,0.010484116432058536,0.08016264349836963,0.1934727092028162,0.0022697434366368034,0.05278737340572912,0.018880898341175085,0.04159005177421083,0.0035899809810974706,0.003107928448270296,0.009220832711337014,0.006021768301281314
48,0.0019273179558571335,0.02594065395783428,0.1033426135286766,0.05880321100133402,0.04323442326305714,0.007801774977440229,0.03242581744729285,0.02161721163152857,0.02594065395783428,0.09248822565670814,0.04321897408620929,0.2632943226485544,0.018529038541310203,0.05636869828836906,0.023486957620153775,0.007629604105245378,0.02594065395783428,0.11027798707245573,0.01179120634447013,0.02594065395783428
49,0.02941354381546702,0.044716416323165094,0.05819730581634735,0.003850848055311779,0.06312905833858601,0.02505098071570083,0.050363991395121946,0.07978811540015733,0.01933327411619197,0.06904740755782847,0.07365056806168369,0.03736683232541305,0.002303569720421577,0.002310508833187068,0.028468777269996963,0.03336726228669706,0.04538116407255191,0.028080457533679163,0.023852740792704382,0.2823271775697875
50,0.027047161689426294,0.07411894141251658,0.19880080439591996,0.021690325664197995,0.01781705322416264,0.023756070965550193,0.12334883001343365,0.0632043847769063,0.005976793152149181,0.007794960785571156,0.019004856772440147,0.11350122794651758,0.0011446446035372482,0.027149795389200215,0.0025153486904700207,0.05195842341906054,0.07606344145967639,0.11046572998980839,0.008384495634900065,0.026256710014555464
51,0.11069582811296075,0.025072132008491104,0.01515989377257601,0.1770477856153204,0.007901520390554773,0.233314850570786,0.014815350732290193,0.0059211522473720515,0.014596247263140546,0.02238764110657186,0.008511656355597324,0.01278187122001507,0.0022888487678917177,0.07030029171008288,0.010180221401716578,0.1764384413572717,0.06493778252007659,0.012915665191889459,0.009392172530314291,0.0053406471250806746
52,0.008651960652985308,0.019363911937633784,0.017303921305970613,0.008002428505495625,0.017680093508274323,0.698943035944515,0.02323669432516054,0.026234977463890925,0.020332107534515472,0.006721357862649742,0.028044286254504096,0.03012164079187477,0.0068343218603413355,0.027109476712687295,0.004675847241244109,0.0068343218603413355,0.00789596409107397,0.0067029892017447384,0.015946751007463112,0.019363911937633784
53,0.004784308343534292,0.007602326432648355,0.0059425611412635936,0.005732901900029907,0.19639290422532743,0.0026293760594122135,0.3015349615621548,0.0062447681411040065,0.004925450928194709,0.0020848894694681834,0.005219507700027229,0.004662760212024324,0.0010666746891051357,0.006993261025878012,0.03337289380867624,0.0018700909941274028,0.001900581608162089,0.0028202178701760027,0.08849025594748385,0.31572930794120235
54,0.30320779899151823,0.06256548132601068,0.006984499920541052,0.01470909400145632,0.00735454700072816,0.004692411099450802,0.006788812616056763,0.009289954106182939,0.006788812616056763,0.002991680135889421,0.008405196572260755,0.0065373751117583645,0.2779581097126908,0.009051750154742352,0.0031803446489635286,0.09453199754816292,0.14901121172087953,0.001844351992041736,0.013074750223516727,0.01103182050109224
55,0.00282723701345251,0.01286042857708914,0.00925323519571048,0.01027467896310902,0.013311671685057182,0.005788192682294399,0.015175305720965185,0.004709901922677935,0.009484566075603242,0.022506216069430467,0.01649489752278824,0.009484566075603242,0.16656490437308666,0.011673312093050144,0.005705002150738791,0.0040575683745896225,0.005343417507382109,0.65410373775064,0.011855707594504054,0.008525452652227632
56,0.003975949018179902,0.01944012633048773,0.01333037993917184,0.016430468297118785,0.07482766017475263,0.006926569968393212,0.007065101367761076,0.014418574219920564,0.020779709905179633,0.005563071943118957,0.02279064957342283,0.01333037993917184,0.01359092968661165,0.014130202735522152,0.005352349521031118,0.6075056187928952,0.00425998619414016,0.007359480591417787,0.02018600390788879,0.10873678789381402
57,0.012950699106742571,0.05683917941292574,0.03053179350850389,0.0178102128799606,0.03205838318392908,0.04579919826975881,0.016440196504579015,0.027876854942547033,0.0178102128799606,0.004265189009136302,0.015265896754251943,0.01335765965997045,0.003242857015227236,0.005162656269680754,0.5509605259779147,0.02583599064223897,0.022735671765170294,0.01165759388506512,0.06650038320105905,0.02289884513137792
58,0.007347024149699998,0.01769283366662448,0.01354607577600937,0.008058306676894588,0.01806143436801249,0.7459199946347443,0.014212276224009826,0.015762706357538174,0.01806143436801249,0.004515358592003123,0.024081912490683317,0.012749247789185288,0.006935590797316797,0.012939535069620891,0.004451901530132517,0.006282238041047824,0.008416979122957278,0.0297681273462131,0.01806143436801249,0.01313558863128181
59,0.07932592233891504,0.12258135088374333,0.009288851444216855,0.007367020110930609,0.009711071964408532,0.0007746395632079558,0.005478040595307376,0.007485461183748533,0.007912725304332876,0.002400489699067277,0.006676361975530865,0.007141623515519467,0.0019781813260832193,0.005210819102853358,0.008038062587845826,0.18302554495591825,0.46746599844649644,0.039881748189304816,0.00689172849087057,0.02136435832169877
60,0.11949026518012844,0.0382442097236409,0.00898133030363671,0.058206632104100306,0.011975107071515613,0.012748069907880301,0.02395021414303123,0.013063753168926124,0.03592532121454684,0.0071850642429093685,0.015966809428687487,0.03592532121454684,0.015966809428687487,0.01796266060727342,0.005748051394327495,0.5192108359503852,0.009416484968709261,0.006922674489610701,0.014370128485818739,0.028740256971637478
61,0.013886243183676568,0.013555618345969984,0.03349035120769055,0.002903327835538051,0.027111236691939964,0.006418991806889344,0.028466798526536954,0.021086517427064414,0.4725630066803188,0.006777809172984991,0.07569952341516621,0.02719618701696397,0.0177917490790856,0.17508878679963652,0.0023144674576653047,0.00813337100758199,0.016660274712391385,0.006469726937849309,0.019632274845887563,0.024753737849162575
62,0.004464863215189487,0.008185582561180725,0.008185582561180725,0.012539615838404518,0.20656565287217757,0.00464064523153553,0.005947804334996761,0.1425133110503697,0.008185582561180725,0.4894437558069893,0.010914110081574302,0.006406108091358829,0.0016107869598190692,0.009661671219754298,0.00288347897570395,0.0029916849969797575,0.00387738121319087,0.049089003399106476,0.013096932097889162,0.008796446931418095
63,0.1382500566481461,0.039197427349390725,0.03296604146307732,0.05843980077545526,0.02295849316178599,0.03564747901728617,0.0024819992607336212,0.041118958573771694,0.01171453530908964,0.04249763627819961,0.07907215356135391,0.007304975096931908,0.0005232363437492404,0.085274403172348,0.04833742903593499,0.13695542968859784,0.09700771758501123,0.08185201909854135,0.001370380900295629,0.03702982768029999
64,0.009338406556044341,0.011700472764919386,0.015564010926740568,0.01867681311208868,0.09750365982381426,0.009997421531824351,0.012247090565304054,0.011319280673993142,0.012049556846508828,0.019179794903067208,0.012880560766957712,0.009960966993113964,0.005836504097527713,0.01383467637932495,0.0032155760164336153,0.0041735895222544525,0.006730383103455379,0.0090008737889584,0.6367500438618513,0.08004031776581767
65,0.005999781489085816,0.010768838570154031,0.014999453722714544,0.01049961760590018,0.01188293514787762,0.006562261003687613,0.008399694084720145,0.017499362676500305,0.011052229058842296,0.3572633773041563,0.4719040898996458,0.011350937952324516,0.003414509790536644,0.013124522007375223,0.005121764685804967,0.0021270378020254513,0.007241115590275986,0.007582290397302142,0.010853689910011401,0.012352491301059036
66,0.23846767894993343,0.04366975436286208,0.014149007896904419,0.008817885098529724,0.010611755922678316,0.01786188219712976,0.015804292055131036,0.05926609520674137,0.010245833304654927,0.0026401087402615933,0.004253174934812832,0.008489404738142654,0.003031930263622376,0.020614293984953524,0.0034152777682183084,0.07337707025596553,0.19660834201855698,0.2535711903569086,0.00707450394845221,0.008030517995540347
67,0.005065695638185465,0.026739152773944667,0.21066699842731493,0.47493783689533614,0.01871740694176127,0.0018104805148132664,0.017015824492510247,0.019362834767339247,0.10960744452218822,0.004286429070632351,0.019362834767339247,0.00825767953312997,0.003068427367501847,0.014038055206320954,0.014454341808987671,0.017222089525914273,0.0044565254623241115,0.007072782273714056,0.013058656005879955,0.01079850400486227
68,0.012116674166589663,0.025334864166505655,0.028829328189471957,0.02786835058315623,0.02259595993228883,0.0029024804963912972,0.012294860551392452,0.01532707649203599,0.010319036356256146,0.006967087645789058,0.02143719275627402,0.016721010349893733,0.008116995315482397,0.019001148124879245,0.7061711877476237,0.005280094376903173,0.00796238588090178,0.01145274681499571,0.02322362548596352,0.016077894567205517
69,0.11662007298868964,0.008112892199429787,0.024625656438034015,0.005036782304550028,0.007154095848588084,0.6718904883749334,0.00432390408431148,0.007715201405340092,0.009596957845666942,0.002514218988321691,0.008553810253746623,0.03241054137650928,0.0023642824696862652,0.007089644534636841,0.0019532766669149077,0.035822892838549475,0.0029038765437073405,0.03203681906660853,0.011405080338328832,0.007869505433446894
70,0.0028576168690463673,0.0021216691570435137,0.004847742902846516,0.0073371243934974295,0.1230212870654583,0.006169854603622839,0.0068554089083300955,0.13761648362243112,0.005323011814890292,0.326493584569663,0.11506338024584221,0.003992258861167719,0.0015166123048011443,0.004847742902846516,0.0025610717222585367,0.004424612159935913,0.0026878574510832164,0.004176516962452383,0.009695485805693032,0.22839067767708993
71,0.08540875534119716,0.22842458906502006,0.009898705623665544,0.012050598150549359,0.027660790082092265,0.005330072258896831,0.00692909393656588,0.10058469120760825,0.010265324350467972,0.23653355405795312,0.16863299860986106,0.008940766369762427,0.0015808630224194546,0.005792559945966357,0.003125397170972256,0.003599529317696562,0.034939945366853395,0.032122207837268435,0.008940766369762427,0.009238791915421174
72,0.07254328117442875,0.008117943720321121,0.011365121208449569,0.09067910146803596,0.015113183578005994,0.1344552194181223,0.015064447811594796,0.011365121208449569,0.027083290915811093,0.0597810273227389,0.11658741617318905,0.01813582029360719,0.005275225351270493,0.09629754067141087,0.034822950130372635,0.09391764080618009,0.08463382803683357,0.032974218715649435,0.03400466305051348,0.03778295894501498
73,0.011790331835054214,0.017819452563720146,0.033658965953693616,0.027539153962112956,0.04327581336903465,0.009466584174476328,0.27469141627933213,0.03786633669790532,0.02330236104486481,0.010496025008019522,0.03786633669790532,0.04327581336903465,0.2526690252060898,0.04327581336903465,0.008187316042790339,0.003281006037334889,0.0542203164822094,0.0072126355615057735,0.016829482976846805,0.04327581336903465
74,0.027893146777948286,0.08016130286465772,0.0022206344023722314,0.05984899102138036,0.025524729268109312,0.07746687582421093,0.02877612708741855,0.08969848779645474,0.0023475277967935013,0.13782075343873423,0.19664668478453537,0.01411412940868431,0.0012640534290426547,0.02884151376839853,0.001040043960604716,0.012109000813140957,0.008403704477971598,0.12090129508975143,0.01512666806034888,0.06979432992944154
75,0.009350584245621582,0.018940927061643718,0.01943937251063434,0.06150012885540312,0.0199647609568677,0.6272703406247998,0.015716939476683085,0.0273591168668187,0.02172635751188544,0.00802930603700114,0.02172635751188544,0.017588003700097735,0.00889995367956753,0.0199647609568677,0.01970097407747451,0.00802930603700114,0.009593456563689673,0.031371060003022214,0.015360889437932752,0.018467403885102623
76,0.052483377131999624,0.02502468271946069,0.007077032250170165,0.0005767965278025515,0.2144972804525202,0.0021110417365448166,0.11529228824322965,0.013406080028282516,0.11464820288850269,0.023835215292929736,0.06262063074449267,0.04554361247101154,0.002241060212553886,0.02789220618877566,0.09603298621399996,0.05510021883184006,0.013619033316860327,0.01247077211933257,0.02257866110026529,0.09294882152942542
77,0.002278918976267971,0.2237647511076213,0.010360505200733644,0.029754296078303225,0.005578930514681855,0.02126378113224323,0.005578930514681855,0.02542151111449599,0.014877148039151612,0.09209233543387141,0.010299564027104961,0.006866376018069975,0.0038809951406482473,0.008368395772022781,0.0051497820135524815,0.0033060328975892473,0.2823800992173945,0.2279109976037946,0.012751841176415668,0.008114808021355426
78,0.12210873438922898,0.10458325346411484,0.006245915488834329,0.006741080507095117,0.04213184732580989,0.0031229577444171646,0.006194506411925242,0.16606796122686057,0.00848876804597163,0.05508389806241,0.0885584001107424,0.004876526324281574,0.002938419708220948,0.007162398038788562,0.0025186454641893843,0.0023151185579922623,0.13602889386379802,0.19634039940124073,0.006194506411925242,0.03229776945215312
79,0.004980987281686155,0.018318078590466153,0.5541224643473852,0.01139963826365959,0.020607838414274427,0.001973969213534455,0.012678902998114012,0.016908995621968757,0.02273968376747523,0.005151959603568606,0.01648627073141954,0.13826229448969304,0.005835848046520191,0.019983358462326715,0.005784656396989311,0.005072698686590628,0.005192526214620327,0.006316966174763634,0.013738558942849616,0.11444430375209455
80,0.004786899083729014,0.013522989911534467,0.008451868694709042,0.012579525499101829,0.06085980408833265,0.007212261286151715,0.00535085489222668,0.2190298437379861,0.014619448553010233,0.46157519733900004,0.12954995082997733,0.008073426812856398,0.0016720696280631278,0.009685501047900637,0.0022690195034519084,0.003730479975595715,0.00406706463504796,0.005303133298640968,0.016391502923072083,0.011269158259612055
81,0.010328805131495112,0.055332884633009526,0.01613875801796111,0.009042265500670051,0.01613875801796111,0.6608007552362087,0.0143455626826321,0.013356213532105745,0.025822012828737775,0.005696032241633333,0.024208137026941665,0.015189419311022221,0.007520974610311975,0.024208137026941665,0.00600433200627914,0.005958926037401026,0.009931543395668378,0.03048620085523442,0.03368088629835363,0.01580939560943129
82,0.22958529319580936,0.6017628562520926,0.008339122835580373,0.010776712587519251,0.007170036046096638,0.0188142648029044,0.00814518974638083,0.009216925239325676,0.009595702988887005,0.0028708455663473413,0.00946603132687502,0.008241015508102958,0.0032280475492569185,0.007870632788637656,0.0020901851691294457,0.029571648477549308,0.004219797097522598,0.004669908787925009,0.005147264890218068,0.019218519143839746
83,0.00490457365332014,0.06669463772669193,0.0055522691862816866,0.02069286550074393,0.016469831725081905,0.6935213221834522,0.009494373582694272,0.015519649125557946,0.024455204682697372,0.006160471408618422,0.017543951185413333,0.008771975592706665,0.00541625338610076,0.016140435090580264,0.004247482918573754,0.03825019060511871,0.00510773262360135,0.0059539145937850205,0.023057764415114666,0.012045100813865867
84,0.012242503450191344,0.03672751035057404,0.018363755175287017,0.018363755175287017,0.031480723157634886,0.0015961391023645837,0.055091265525861056,0.29611227409490454,0.0042971494002671425,0.02203650621034442,0.11018253105172214,0.02203650621034442,0.031480723157634886,0.024485006900382685,0.1859857125072225,0.0044675452673594235,0.03768343682261585,0.012242503450191344,0.055091265525861056,0.020033187463949474
85,0.012932191158995758,0.02238476663671705,0.05969271103124546,0.02627051060485783,0.08953906654686822,0.15256181343278397,0.05969271103124546,0.0447695332734341,0.02984635551562273,0.019897570343748488,0.02238476663671705,0.15239156229586234,0.019897570343748488,0.08953906654686822,0.0353335876269969,0.0447695332734341,0.03581562661874728,0.025268734221149815,0.01224278958752265,0.0447695332734341
86,0.01067711385650942,0.029552616924245354,0.01141057921171044,0.03934459313121719,0.018159042983638702,0.6071927324160008,0.0095703064373231,0.020234362181768842,0.050585905454422105,0.006380204291548732,0.037273825071679444,0.019839515399336816,0.0035410133818095466,0.018159042983638702,0.005496407443377922,0.038688855117667814,0.007377111212103223,0.013809864722447033,0.03934459313121719,0.013362314648337915
87,0.012326809483329372,0.017531092405072484,0.025078681362635614,0.05594475073203329,0.03827798734297015,0.009888858141481478,0.017316232369438876,0.03463246473887775,0.031620946065931854,0.006591651160995414,0.025078681362635614,0.02203884119746766,0.006797025789873204,0.018648250244011098,0.002607271204782817,0.007575851661629508,0.009828131885357201,0.017316232369438876,0.6222519902380267,0.018648250244011098
88,0.23172719438575198,0.22129484829318036,0.006508326799771254,0.011681612204717634,0.00785487717213772,0.00818215844743476,0.004601847232161492,0.01339533209388553,0.013399496352470229,0.002744475156530047,0.010594950604278786,0.019448488064668486,0.0014061199876049004,0.0099039755648693,0.0058687448335946095,0.39743781221233127,0.010176482683972182,0.004436123955461766,0.011989023052210205,0.007348110902967545
89,0.004215574200238226,0.005968609908271078,0.00919585670733747,0.012084646040682916,0.0692018295151608,0.004367944352054065,0.005418619573138531,0.0073240279034441896,0.00979836165460777,0.0027361462733621693,0.013680731366810845,0.008647494745335887,0.006591625113099772,0.15642673993599,0.0035543076590243863,0.00605315106678646,0.004531742265256093,0.005292545711247992,0.0397201231798249,0.6251899228283265
90,0.005832736090761353,0.006914863077843635,0.019108433007115806,0.02123115937037133,0.20479374398821984,0.00663473730324104,0.015242209925340163,0.021181000136451435,0.02948772134773796,0.0861016265709408,0.016084211644220706,0.02304487873558373,0.003538526561728555,0.013967868006823241,0.0052037155319537565,0.004423158202160693,0.005255237467913695,0.040072162420313535,0.016084211644220706,0.45579779896705797
91,0.0892310170487628,0.09410127449146823,0.0025010186754951943,0.002269779382376448,0.0018001698549882175,0.08316570859555468,0.0014302719395796796,0.03680819962952589,0.002677175681777349,0.057312304096836506,0.20487977973020596,0.02010756458890615,0.007032051808921727,0.0025465817460808933,0.0006914559707901763,0.14731025524915456,0.11964687842001824,0.12246680028759828,0.0020881970317863327,0.0019335157701725295
92,0.6645633766427274,0.02674668549782081,0.021965195287350837,0.0208348087482783,0.01880214448015359,0.06552146624909952,0.007341789749393306,0.01880214448015359,0.02658234219607921,0.005208702187069574,0.024867352376977327,0.010560108543647903,0.0015484380232637532,0.013524349538356089,0.003933101651460699,0.012784048033214025,0.0016200547827896748,0.019753531364605625,0.017520180083779483,0.017520180083779483
93,0.1274289746442054,0.053505713460916385,0.003957257982460127,0.008100012432848072,0.004628578533056041,0.06345074481076267,0.042341596906365915,0.070168384849709,0.005890918132980415,0.00147692534388113,0.006027916229096239,0.010111021299178824,0.0009074942205555352,0.006171438044074721,0.0021333366078282985,0.07102473081062645,0.44974957643860264,0.06257670665207911,0.006480009946278457,0.0038686626544946015
94,0.04007195642338662,0.05149912558248535,0.09024608673502196,0.005205434286885664,0.0033678654113515533,0.03367638898384091,0.04208148217516948,0.1696130580555482,0.006446149052501569,0.19092242852544422,0.06836282636677624,0.07490751855840949,0.0012286118192649394,0.08064543921001961,0.0010196211489776042,0.017723700195042214,0.015322728009440695,0.08802903200420925,0.0048245488512598834,0.01480599860496454
95,0.04965038885393283,0.020712074114051186,0.0011739512267124484,0.0028120227058460977,0.0033272544254750033,0.03406644188099099,0.015387563771367877,0.06554063434331893,0.09981763276425011,0.08967476133571887,0.04385926288126141,0.14844673590580787,0.04888469885758631,0.07878572176285308,0.10350067863949575,0.06998826643716291,0.07017482061001827,0.05069833438139031,0.0022392032657663364,0.0012595518369935645
