site,A,C,D,E,F,G,H,I,K,L,M,N,P,Q,R,S,T,V,W,Y
1,0.019157680405722965,0.05270681506892469,0.0237402303525882,0.023191431582749514,0.017768711432051935,0.03465380434276331,0.03913710005157695,0.021058537813092748,0.020691620935142152,0.018812844213843695,0.020860405503256015,0.028087804819473955,0.03007908636076309,0.023683070747114482,0.5339864414928043,0.02966355336490877,0.01738044842406205,0.010753554389563833,0.012648332525624006,0.02193852617397334
2,0.014984447096996967,0.02233871710028635,0.02013054972674797,0.03264996568986336,0.02270618920270967,0.5408472934463049,0.04426791300228488,0.02424388840377654,0.0194684193761729,0.011972148172216533,0.017344707769678315,0.02986279552012367,0.038014610822626776,0.03121560125082937,0.03180259762227116,0.018147894383628183,0.027017028873657308,0.013095374009820733,0.016145583004991283,0.023744275525013136
3,0.007637834769593259,0.042153038101713475,0.07880234007133168,0.011552078548615341,0.01431426593545816,0.6466884205567273,0.012544990553687404,0.017202985552074678,0.01656965556906204,0.005412370697343894,0.016433310027347017,0.013789820438796004,0.008889261794510842,0.013147194657764672,0.005794041248598549,0.02347152845844854,0.011319971467653235,0.0116363439239583,0.013448237592250228,0.02919231003506548
4,0.02857327102847189,0.019364285696537704,0.01751121208390878,0.05009217320596101,0.02062875174039027,0.6044675639593895,0.021320904705942268,0.0175016266277769,0.02073083494996176,0.008504838728407108,0.02293016063874136,0.02149934980571825,0.012026317968692161,0.02097139706985451,0.012604036071583374,0.008825423285475321,0.014384966118457283,0.01838534364768886,0.039714133097913266,0.01996340956912843
5,0.06109833520425534,0.13460700240932105,0.014303066331772104,0.07453438595399722,0.059976610110034974,0.008164251662090135,0.08672913733786418,0.003044963699913563,0.061239710473596505,0.03293192797869316,0.05068464920079263,0.044431790258694044,0.0024389007768373548,0.04918862960888595,0.053977048475159765,0.08114110274744375,0.06044608618655825,0.0711943234992728,0.012491462416526317,0.03737661566829093
6,0.051570947935399965,0.0190452074923591,0.009487591559070332,0.020367778713033607,0.01068908730305968,0.5433951040228469,0.03918692670541044,0.013091854605575489,0.01381720447763181,0.004305503336619675,0.01173222742435958,0.012242635968341006,0.005223775656826788,0.012309014221144344,0.012360283940933503,0.1832057196046704,0.006492469077593054,0.01255290144970969,0.008091601891516462,0.010832164613898215
7,0.011127789512216638,0.04948898940803416,0.10351166090845336,0.10619249098067314,0.03516009171279364,0.005267327650061543,0.12346354489143863,0.0023640761596605215,0.01247113392121445,0.03423538105078601,0.10269973160506447,0.018070385635933182,0.0018900988174413152,0.09954739233542048,0.015178828153748398,0.08306012127227437,0.014046459776195369,0.08095936789897366,0.04646526492972514,0.05479986337989152
8,0.036058392581103466,0.022364091326048198,0.013655632199693122,0.013707376736290853,0.01682448479675983,0.005288925057092116,0.013186245684562083,0.09994539677216892,0.012232890807352173,0.004742260591439055,0.04411748987743134,0.012937116604895058,0.01359678158712209,0.015806294727976733,0.004933239395808427,0.02406783554965601,0.5855808588095271,0.03865785770307302,0.00890770009351907,0.013389129098481275
9,0.042367822789355455,0.16601083967631505,0.003931294943460824,0.005728815407698,0.00599729074388607,0.014989143755719428,0.003685215074775595,0.1303627764335678,0.0050485376230603625,0.13960418120619172,0.02219850428175654,0.016848811902751653,0.020410681457218187,0.01342176449071232,0.0024566889996301385,0.03757250471006976,0.15905004915779117,0.20317952391732225,0.002963582839118171,0.004171970589599542
10,0.0258659615212899,0.016154205220355416,0.01631253463513973,0.048868532053967614,0.018531287583478058,0.6435474297309962,0.01783138166135821,0.015921457452230482,0.022561925250043576,0.006885622599137581,0.01985858081715264,0.02266954229207258,0.008636084168929062,0.017866917843703544,0.04596975033678765,0.009295373725527741,0.01027288681303881,0.006269868842146859,0.010884013383774064,0.015796644068870325
11,0.10499213908190413,0.1738921135078565,0.035835152222191094,0.10787541261083358,0.024036688945309276,0.019640352704508375,0.019044695315279084,0.024676952813330443,0.01408606703783313,0.024842879801534913,0.020384694855361863,0.009122331568878329,0.0020631573439423975,0.07914878374960813,0.027508867573527527,0.02884326925642286,0.028389720840726915,0.1560461775209474,0.04735784468957122,0.05221269856043284
12,0.06556609074527427,0.05205957426332113,0.01020397490137016,0.028364509891781603,0.034235640912670624,0.003332202122551785,0.04944413973208506,0.11830301528313016,0.11590112783112513,0.14393921483611097,0.07488530792042704,0.025012345925810017,0.00417485476004701,0.06370752793930214,0.07835841930656733,0.009016756910655713,0.014251154328492664,0.09236335787459811,0.005309976139417937,0.011570808375261128
13,0.023446120540173865,0.05260359708550443,0.03997573631271526,0.037069248556493455,0.02706377204141995,0.02060794740652301,0.03680521809351322,0.03311264967765446,0.03978395858319917,0.022529785168479203,0.03761031718698164,0.03452646208853716,0.03956452396473322,0.03634787530540737,0.037636530940944296,0.030010979633403632,0.031052319136837387,0.01682704895569201,0.368043524899522,0.03538238442226523
14,0.012683339424352014,0.023932038477287598,0.024324385879449604,0.03555325951910417,0.030193085470307496,0.013424267791497638,0.03948762675389968,0.06279581093447187,0.4208467164214033,0.012569621029671104,0.017372317431500004,0.06736722703529459,0.01991629495570024,0.0457680712006075,0.04568306054687745,0.02870550874552203,0.03504155339514331,0.014338953085530957,0.017924508514895028,0.03207235338748435
15,0.04361696355013181,0.004822917954140129,0.06209823924248198,0.005164213728387376,0.05068700922858304,0.06603895918116899,0.014980447591095646,0.07697917749148887,0.024121956352887625,0.02180916834267459,0.16375113722111329,0.022042479738547,0.0030604280039607692,0.06433997343217994,0.04381736436038011,0.2076967976170953,0.08967409710029493,0.012717435871517014,0.004035149589521168,0.01854608440235048
16,0.0690533137385211,0.01651749261191543,0.006710354316078235,0.014710536097797365,0.009641526151830702,0.04767852107160164,0.019340443283958522,0.0044381617014270704,0.22666317818285533,0.07159572296171005,0.08276746814302936,0.047802731145481524,0.004454315306780941,0.0655776489847429,0.1230858377507873,0.10533682237278094,0.06366659124223341,0.01252100360441,0.0024258867354392303,0.006012444596619022
17,0.0045952942735275025,0.009616173505676624,0.011108901239741993,0.010630835289655981,0.010160585558541428,0.004480830113284756,0.010190837523396258,0.24059100653953328,0.00955811820685626,0.23457192283008776,0.2720213745763248,0.012546136599750573,0.04296400184126119,0.018076059959825634,0.008022310570877527,0.004473770637967717,0.017943179070592178,0.06021843175003982,0.006417270753675562,0.011812959159383187
18,0.08602590935558305,0.014926383308401438,0.055346257095925055,0.01417246067996909,0.011823365659203278,0.010669044801381804,0.030131762723025538,0.13241742218282437,0.07509190872435838,0.008773543869751474,0.01656907021673944,0.29667623715748564,0.007461850374027248,0.016745232452086645,0.025142455083340745,0.05057378483164943,0.0664759317725665,0.03666912054714352,0.01434789427568751,0.02996036488884985
19,0.02947281042813967,0.059387193124686044,0.03831896756239713,0.08025937256010421,0.01750548610898825,0.13147098906279556,0.092553604519086,0.10149337721134825,0.014099375981564088,0.04025892947869846,0.04404804426113916,0.05794567013509187,0.0016140328893327685,0.051667311514797996,0.03766278965631446,0.028913573743422637,0.04861121905536418,0.07241494117684426,0.031094596196672854,0.021207715333212158
20,0.025607359818954484,0.033868070676499384,0.01440124592474007,0.008016005857831897,0.1064359948943916,0.006567772886037186,0.02835151794259217,0.08210999466920907,0.008049650554921114,0.23299183488166755,0.18719221318594845,0.011610261962654338,0.0037600867448252763,0.15453380529630142,0.0019810437455292196,0.0029016841231218143,0.03857809129964578,0.013383821635781766,0.0051377420219519705,0.03452180187739545
21,0.037870839206237975,0.0775221206217574,0.007608703348802704,0.05483393275625599,0.008434621300977859,0.11805707364399086,0.08458940503191359,0.009863104819052063,0.029218879454840918,0.06387209355087968,0.07530919813357509,0.051420118718383194,0.07054924006117017,0.030273600349335628,0.04989741766443426,0.1074856102923895,0.07811006745595986,0.03259492820519895,0.005348183233731326,0.007140862151112999
22,0.10524941876313235,0.010186717246266392,0.01637246273605392,0.009101537230761046,0.011368066336316412,0.20547400918575473,0.028170380067591934,0.03758063291632482,0.007418484070944393,0.016693653274337607,0.027620565382840023,0.01114536001361062,0.09931171250888327,0.04278389956468814,0.09274797944353122,0.11683287495354285,0.10675417530597124,0.03706120342636188,0.009350719640004617,0.00877614793308255
23,0.17754402771535344,0.07647788055357584,0.03522393431954019,0.005824037685030037,0.09237872407717213,0.06933722932529995,0.054454760657476085,0.006964123585603765,0.012955103717441437,0.0735723733030942,0.021766265636729752,0.019446507310215033,0.04751003791052559,0.08590871357283607,0.02424624078246774,0.03370422481223897,0.07594384840800626,0.05294040713834981,0.01742540924829261,0.016376150240751085
24,0.1175652966013155,0.16012089702675025,0.1732669711241013,0.10021461190869285,0.007827430506810003,0.06412126132440678,0.05562451772298702,0.007857561074854262,0.015136274058755988,0.0019968534375620485,0.006212975638930541,0.0682187098481887,0.012701507442466902,0.02066827800459872,0.0135497060591982,0.12702070303798813,0.011109109537289732,0.023489395319792886,0.007180960433990438,0.0061169798913197695
25,0.02034719329728795,0.021432780752088054,0.03303643206076789,0.019546672784525692,0.39826695901023584,0.012545674235445312,0.04401687015223683,0.020439198361634884,0.026591963221900165,0.05204032400544954,0.02159533957705144,0.032543813452654446,0.03573459629694884,0.03158696161372425,0.011873281689096555,0.06544073062379627,0.01997615841214552,0.014324119128476255,0.06768328179633114,0.05097764952820307
26,0.08987924339001756,0.03612353954442831,0.010714085485544119,0.06652886912699159,0.034250336437455925,0.03142988471075233,0.04833352356862358,0.030051119852621135,0.01310230556762867,0.054045818321733295,0.10683730919844456,0.040589445116361866,0.004441529208139815,0.12854354239724075,0.05381448227128553,0.042552080691602545,0.0768266281257778,0.04973049794484932,0.0024101836501327343,0.07979557539036852
27,0.019806828115803348,0.036669097360429614,0.01768649364742525,0.04334825506155511,0.03153922193503857,0.0013843531984957694,0.04356776069695482,0.01117383487736667,0.16109027946876966,0.014164928223802801,0.028937632097115768,0.006170951806279938,0.03603811561314245,0.17780320498480884,0.09402612481851527,0.11999872754655266,0.1457377219905956,0.003224294259775798,0.0024756289536372747,0.005156545343934847
28,0.0108154750655973,0.07599624022477747,0.046932255955874656,0.01262088507953809,0.3799275626133737,0.006185696593281358,0.04922798935864042,0.01777856237092084,0.017444405430165216,0.005739889376400351,0.014128310104696439,0.030454639432994084,0.01205484350425168,0.01575188030557682,0.006415218141782891,0.011253249459926692,0.012507761325389746,0.006196936211596456,0.013387629123256056,0.25518057032195973
29,0.013588244755352537,0.17060997456728574,0.02706785139879421,0.06048845272019697,0.013721516639869816,0.008187566089661362,0.01725904275238673,0.08214651929810061,0.27214625952122196,0.006921414974464203,0.013387950132653129,0.02024132944365707,0.014768840016827009,0.0220405615965703,0.11467347792591906,0.027482591106805097,0.024360206924979415,0.008520017487095407,0.011316577807684027,0.07107160484047534
30,0.046906248770475605,0.06751688354057805,0.011733852536210447,0.038604703846756544,0.011233289175815666,0.04325049100538819,0.012608197877253886,0.009495023811107433,0.13839234141468074,0.039887832079003,0.021829428284875926,0.14081358230866495,0.010444354954164329,0.08720431729682271,0.12422909768932264,0.1302405381870966,0.0145243478143468,0.02982454201137132,0.010611949103328341,0.010648978292736774
31,0.02481170991756126,0.014434955482741088,0.020070570305481525,0.014091526927086841,0.012312250939470021,0.006737853537010784,0.014165516871134261,0.014845664190523359,0.009971082854511249,0.04885232445230087,0.02306404578402895,0.2910664359566405,0.01989490323214095,0.05767964338830807,0.005824046747717785,0.1205756319106204,0.2725314998665655,0.006016321096827856,0.01210233590275332,0.010951680636575449
32,0.2081293078655771,0.04672427761914264,0.04126441973398176,0.019574473670751064,0.021489570576187746,0.3583348773283004,0.02257030985057282,0.01952096905697246,0.016825906728472607,0.010468226622314818,0.019830483364225004,0.04764408391691128,0.012032502418653364,0.020626677627903624,0.009298510639713209,0.05250097208602523,0.010261115063333708,0.02531727665995415,0.019333497752828565,0.01825254141817851
33,0.04120862767666179,0.02202217997176073,0.022834078222500644,0.031731581379030226,0.053720698966999325,0.013120794388397273,0.02560040058850527,0.30003021937016466,0.02118870184062619,0.033792469489992864,0.037857225032729244,0.04208146090264038,0.01533878238473108,0.01773319535218351,0.010981440487899096,0.038346423665538865,0.03953572832538484,0.17675986855596643,0.024048795604945352,0.0320673277933423
34,0.027235082778865275,0.07399603805304639,0.011900674883748692,0.006437246937634268,0.050144696493166135,0.010295550271963523,0.05872758804061402,0.03508949446843947,0.006831945191591349,0.13848650298307233,0.02221714071474603,0.09097139114620599,0.00649324458538142,0.1783669657525837,0.01588817573195589,0.03552988111038975,0.11795547522054806,0.05597750513128076,0.006674658517972992,0.05078074198679393
35,0.05483145923917972,0.021002391870317296,0.02926214474025791,0.48348692290809603,0.028143058290783507,0.07836796596675129,0.019764383924392337,0.022490804179260672,0.02783083600299973,0.013932749959491049,0.022602689439938945,0.021188817917889954,0.013887169707351894,0.03047676612847089,0.01315365070583759,0.01272335392869725,0.01631616300872946,0.03614554266727015,0.027783055359500833,0.026610074054783474
36,0.032399775433942346,0.0517107183356131,0.015167841860964858,0.027727859628042893,0.014351821328705239,0.014847921573785684,0.01652096925757605,0.20980432801941265,0.02009969535525617,0.009837700983961086,0.02698214947964019,0.021695904952700393,0.05415556614758988,0.017765363349516807,0.005692694904379868,0.018496365017191634,0.08108644786375514,0.3251009202229281,0.012660017184629698,0.023895939100408183
37,0.2736115974980042,0.03688092602132922,0.029116605514480257,0.011438722686381285,0.06510379336848246,0.016275818616045813,0.060021328577188254,0.08248779286121008,0.01214859050964483,0.0736251261206473,0.020098571659633357,0.019179880737642922,0.018169891311883166,0.021960207362101126,0.008258712710140295,0.0877087044928346,0.006592614639045448,0.01659769974606618,0.09668739844880075,0.0440360171184385
38,0.0201484816533262,0.04011987668184624,0.036461035799685786,0.028346768081942638,0.026234870292543053,0.027997086026292407,0.032453155682816384,0.07901605498975536,0.02835051667845442,0.01781729901856505,0.021557095375443244,0.03908325527558318,0.03422253272728848,0.03950895288802741,0.33951892035765596,0.07132904147905099,0.04340867483202123,0.020511467629741684,0.022718338523169183,0.031196576006791123
39,0.09598616303770614,0.02502063121434572,0.054210491140729435,0.18350856423839879,0.013306646866394527,0.044066189123782906,0.009888380805142673,0.02003686319054309,0.037079508070316305,0.005451082839544573,0.1227629000551829,0.014279833295708661,0.0035751600977176295,0.12773189930151502,0.0055614642288450465,0.01466191848223615,0.06219992119137157,0.015626413669249217,0.06311157949358925,0.08193438965768036
40,0.07721049973322827,0.024789010398415974,0.07910467001172264,0.10841158226784164,0.018936261020618177,0.03182934205765311,0.01789166025653556,0.06769090136170501,0.02581490745601219,0.06261453437292439,0.12026253592226546,0.01953716829860195,0.09479580175706964,0.04734439412935041,0.00993438710047582,0.04215082009328553,0.06824350044237357,0.05331844229766727,0.025775316336887476,0.004344264685365922
41,0.4549198546914675,0.019641862790773124,0.028614584016389544,0.02261900493547235,0.022749758843876047,0.04837909277167044,0.024303468815506008,0.02656415702430396,0.020192788921319507,0.009275007697470838,0.017920816053408645,0.020537225229078113,0.04034098226295527,0.019756701653900966,0.010107549673108267,0.09988114980043074,0.027827910555541017,0.036831078711133364,0.030473031466856582,0.019063974085337814
42,0.11617043874468995,0.036528285374118244,0.010054659533923775,0.010776374620954682,0.009748671569705894,0.0026807530908620016,0.03328162830648851,0.06380832179787123,0.09506452834062525,0.019297975117113366,0.0820127889633977,0.01129689153948457,0.002394572824152995,0.11314925212819198,0.1414655141087326,0.1054975163645744,0.050416111698534376,0.07863869775497251,0.008664854297991362,0.00905216382361461
43,0.10954171155035661,0.011240870770022969,0.007517167271557311,0.005379581819963164,0.010589411803074511,0.018417673367765473,0.09615458738152734,0.09011979317637811,0.008237489648286878,0.058668155735782386,0.09976389516700135,0.15113930742947654,0.0038054511978545848,0.02671015573621683,0.10050930471336252,0.07945509070616044,0.059941396554610234,0.04999309583901677,0.005069886494973128,0.007745973636612854
44,0.15791226408252607,0.1682195303938024,0.014140541695464868,0.010813509199376122,0.041413642488791806,0.01820005306380118,0.01210717872224626,0.011208219515369574,0.11470862408742817,0.10937141518297593,0.013867096484304722,0.010352107765518414,0.004656776467919086,0.009362478955959824,0.02451493441498274,0.16786331122351583,0.023148334386704862,0.021005455867078474,0.014317870834685033,0.05281665516754864
45,0.016570684820876005,0.0608113583609146,0.011383230397822509,0.015010250629382434,0.0957483854640838,0.008230822334713417,0.023881565550909898,0.3048744526681141,0.011864937806100373,0.24609664201623382,0.09673727042644814,0.0087899412830259,0.014086651958494173,0.009862437347408338,0.015694159311718192,0.0036626030518850067,0.005777164240337649,0.021507474635022415,0.019204654886909124,0.010205312809600037
46,0.10295276841075066,0.06455298451516377,0.007647933851638521,0.03624407331658347,0.06313466302126657,0.0355070636570866,0.003448494961188221,0.02876174431080196,0.07514293349393819,0.08144888257282919,0.08840651718392216,0.07400697229702022,0.0014227615159539526,0.06444811666547436,0.03878036410001154,0.07345710813685924,0.0641867772891443,0.0552597527246837,0.004662053743210056,0.03652803423247332
47,0.10884126912378342,0.08215605732795489,0.17303286457428915,0.07404171694635514,0.052277884614663955,0.03603320231816065,0.010207375502584475,0.02308649100465634,0.009323296384566894,0.015628884013708204,0.007931620366629592,0.09206854822995972,0.002567655926591411,0.014849866878823292,0.011463272229862955,0.14369025480028366,0.01994320594928476,0.0796975356311515,0.021708276872487633,0.02145072130420231
48,0.12407901208526578,0.05472945316166457,0.005618454834657956,0.037067803152199374,0.024744252614725435,0.17365444489449447,0.0653584912273817,0.00658475716139482,0.04365230484052254,0.007660760746677504,0.048856116056915345,0.12743749497363566,0.006190304188475435,0.04478214318627692,0.10401322991836107,0.06800027165274511,0.0032537208032933315,0.005932364966805284,0.010706330205154777,0.03767828932935297
49,0.055139155550627865,0.3126454389933464,0.040057360802629,0.0198362288009602,0.03222909150195922,0.013119256605885312,0.021300892140066377,0.017882032334762613,0.10894374116059105,0.028039424581582234,0.046604335976615036,0.06536672215156283,0.01693250977359723,0.010612139419946081,0.017444420611902812,0.007210545845989818,0.10282527357710178,0.05427315522980274,0.010836209385131452,0.018702065555939975
50,0.04820155381999402,0.005640440243959113,0.1091141529139773,0.01198744531741402,0.10117548230259081,0.020584123652190367,0.006879300043149347,0.01210067378625925,0.09611584706113725,0.1388443693800793,0.008664017094634487,0.033704131797396106,0.023058647900602944,0.008377851910150948,0.035846758751489176,0.060032992448020794,0.08586475926132761,0.08526156647085788,0.005826062931533203,0.10271982291323611
51,0.03881872574375205,0.012324202078825905,0.00879918526575904,0.0616640489163844,0.016405204344827087,0.08854883190964277,0.09657606434201434,0.05107461365092775,0.08680821342537565,0.04036405421745134,0.18926539539747944,0.12642115500275392,0.0043284659840477,0.03590093438036668,0.0022536064238226983,0.03452849731462991,0.06881434222128019,0.004094976425020481,0.02544674187300885,0.007562741082629822
52,0.15863231508814554,0.039095466548554614,0.027219352533785688,0.061241848699906835,0.029953209910152698,0.18824213907919424,0.027065503775527,0.05200266164398302,0.03774752341799608,0.05491381969214846,0.011671551567556141,0.06558359075170847,0.003954191296617016,0.01102949197742598,0.013375010932586128,0.14404821260030753,0.04825474677889278,0.0058414044029209905,0.011873303574603634,0.008254655727987142
53,0.011694752724755056,0.021602821124607364,0.04621964829452086,0.0626135056891813,0.01756962797067039,0.571945553874617,0.02201611273542616,0.023323448652720503,0.021362986502119395,0.009304959382589751,0.02288104652303675,0.024204956604504013,0.009427580306269098,0.023488493344989744,0.02468526989150609,0.010853190835414656,0.011548988596378694,0.029254275798868537,0.016668671946509,0.019334109201315643
54,0.01649466167017797,0.010028284523519145,0.006993919244393055,0.006727850420309784,0.2876954736748387,0.0035554243973857703,0.18430910010027807,0.00695899655620626,0.0058384081146851535,0.0038068808769182007,0.015324244221794936,0.015601834352977914,0.0013049641813200662,0.04761337378084105,0.015262335099520576,0.002265637654448978,0.002411294044410141,0.020791890391248142,0.15860900811738707,0.18840641857733903
55,0.19810954201285824,0.060878105322695886,0.026462819801787885,0.015557632326033816,0.00843708736709483,0.030104484754699797,0.008136465737233076,0.011888829569502147,0.008406001932623872,0.004049487797039554,0.00953794643841605,0.00805479212286968,0.33200709227607905,0.01080598019929635,0.004429104457831402,0.12178586344897431,0.10181359139536873,0.012841567522730855,0.014335008530143049,0.012358596986721468
56,0.03551504297598932,0.012967188689769173,0.010574407069278525,0.017494664326326247,0.013057680321776434,0.01720155718652994,0.014187224504856646,0.034871130043072074,0.009801583988196649,0.010352725815393012,0.0168193248831747,0.01091818095294915,0.33483484692899373,0.01186665506169506,0.0067601459901419705,0.004772688763415264,0.0058030894816540925,0.4098882659830464,0.012665839415958564,0.009647757617782986
57,0.006772026842312505,0.015054277143405194,0.01764270219030579,0.019809352752924697,0.044809067421987016,0.009433856253893383,0.01158505734996875,0.0186681202152713,0.025606852102570344,0.010198182603915426,0.02274265630741536,0.016735766070038974,0.06533248211519604,0.01760755343125122,0.010088076541115569,0.5630922133362601,0.007148890309718196,0.01141565392130622,0.02058080033495824,0.08567641275618569
58,0.01281267406817077,0.02908934130394805,0.03111322444655766,0.02210964661183008,0.028787312673141788,0.025939514994944398,0.021110092780377492,0.02496153640518962,0.021992574288653994,0.01676762565492575,0.018651605887026988,0.01645235029905942,0.03323700606664135,0.03516572091219125,0.5440445827122148,0.01873548804883945,0.02315975203435856,0.01642353824627754,0.033055432833294,0.026390979732357017
59,0.02090882273840282,0.019705633880929257,0.016513550208653457,0.11435851065464546,0.018967028874792253,0.5818344213839731,0.018148230611157348,0.01752387692835153,0.018545088687910476,0.0072792476145863445,0.021515589697590116,0.014739976272273943,0.009977088302350922,0.015180615604025664,0.02666666255791481,0.009745721603577014,0.010784939745289244,0.021090348651212315,0.020685264486685746,0.015829381495678165
60,0.14005318241339945,0.02438888808930617,0.020659558032160484,0.014856971151858897,0.02071018345597942,0.06014896891746671,0.014295740403485795,0.03185168874978817,0.017659092561683194,0.006238729821555041,0.01480096156490887,0.02256448280687862,0.01159372617808574,0.012890250889052993,0.010069172346524925,0.2501526050948467,0.17320729577062907,0.10956225652220296,0.014872989556313467,0.029423255673873275
61,0.15461779122712735,0.02474983058320691,0.016711798717115506,0.04858238707857704,0.021784001131623886,0.0914005778165691,0.02901785354753468,0.02016652810149469,0.03581644292297175,0.01391761537036966,0.024471611807491477,0.03537002369910139,0.02348183007457968,0.02286720481745723,0.012436812416342372,0.29383464930769626,0.016266696362840852,0.056620628214235344,0.0236188597373903,0.03426685706627454
62,0.020560937619997117,0.018170380184400786,0.028205729490108352,0.0317197951270332,0.026808904686800156,0.02062033351821224,0.02804561958087057,0.025661626233658898,0.4762140253732992,0.01043617973339697,0.03720883439707685,0.0469834145064964,0.021021368250024194,0.037448774413172084,0.03166395709015917,0.013176056240320344,0.0639525123875575,0.010270650272680806,0.02429691925200557,0.027533981642729532
63,0.007141395492588255,0.011717643320794072,0.012986096635001144,0.014752481654984667,0.07292697195680115,0.00750583553291432,0.01762436188108307,0.2045415465533389,0.012612622082714048,0.4277112047285067,0.07170565830310954,0.010075891939085896,0.025176696417960488,0.012547115867417096,0.013043826046595854,0.004827019689015449,0.006370184374973891,0.03749043330945051,0.016755240322747944,0.012487773890916992
64,0.1173801301727747,0.06747783515949266,0.07952442711487927,0.11342523165522322,0.03674305843914879,0.07439693311763883,0.00847335333220193,0.058386867056209144,0.006813921927290886,0.027290809203913084,0.06865497702631722,0.01790729935356516,0.0012047842807983641,0.07461025477704701,0.06404198814500246,0.11056579953737494,0.009654962442810857,0.029083966574169437,0.015202564090093068,0.019160836594048963
65,0.013454724133089792,0.03197378154794015,0.019414676415584704,0.02218406689329539,0.01735917102877698,0.02922800663448411,0.014979524884138954,0.015283438017351313,0.014998774255895865,0.01025685173488957,0.016843150031383897,0.014116840979391079,0.009599214230432645,0.01842799774895957,0.021742649025212817,0.007012696578623643,0.010916163174850828,0.013794637081950332,0.5923199851320246,0.10609365047172375
66,0.011374037547051076,0.01441724263739406,0.019803074307003326,0.015060798180834726,0.04159322650727,0.01062045482891671,0.013323602515776063,0.022054558112874226,0.015767411793256365,0.34807420804205724,0.2887675699484545,0.017324747541707732,0.006211729635929069,0.019484359941736477,0.009061987676114953,0.04945682142644755,0.01204310598524631,0.030526190768312693,0.03724850771827739,0.017786364885339634
67,0.07588588610448992,0.2128384142304013,0.020709951720348386,0.03184931765167965,0.01654143303019565,0.01526328988258744,0.01787327939436561,0.018215223306998672,0.017901434038184772,0.018395904654727378,0.05754365533973885,0.015208867184547836,0.007144835012167644,0.021774681244054548,0.007633950623921476,0.01532981549609338,0.08990938719215787,0.2983919543312309,0.012476325470145858,0.029112394091962982
68,0.01532105359264574,0.024630324753913063,0.2604732441526498,0.4099851981325122,0.022584236598923575,0.023908447022674403,0.01956183954964804,0.021042804178431056,0.05743691212836126,0.006421135904458201,0.02167297716938241,0.011595985147001891,0.005160587920837957,0.017368065722340773,0.017836171022055494,0.007042870876044788,0.006328856141023086,0.021136667962237066,0.016286376945110932,0.014206245079748272
69,0.013091257467292209,0.024688245047108707,0.02500298038897012,0.024589190496333447,0.020227381287505248,0.05071488805714246,0.014310664270758708,0.033868476428756275,0.047893118874853494,0.00887030498204461,0.022460824188906867,0.017357509882663772,0.011176176494511591,0.021037217746107673,0.5603969907439348,0.026372285191061877,0.021315943539869084,0.01429305695515062,0.024572556461145926,0.01776093149588259
70,0.15750840474510291,0.03191007171867479,0.16467831571315839,0.03689362189712872,0.008003004093938407,0.40010251656789214,0.004988615626561528,0.007410718031036423,0.0073624067907220436,0.0030217151234237134,0.009905858707925697,0.06680368546053649,0.0026964851075883187,0.014816807407602163,0.02409081968265363,0.02581706650644349,0.0036906154347917564,0.010263104831548261,0.010966732166441286,0.009069434386829852
71,0.0046019236225546935,0.032577970881938846,0.009391748415057716,0.010761744032142568,0.1984429690851857,0.008568242713818505,0.030227110140388168,0.015905629968314655,0.008003886051292718,0.2643475393876219,0.15190759689128472,0.024286502840177235,0.0024021285828447043,0.007555460480127424,0.0044236379308672455,0.009506857005614506,0.004035438527157591,0.0064601596507684635,0.02644784306529442,0.18014561072754817
72,0.047195169142448125,0.05418840299750807,0.018249019820333504,0.020132106530379692,0.10534707064840329,0.012117472337743108,0.014193890663124813,0.021181620583467693,0.01871272260962536,0.32594226644924695,0.07980473657706418,0.016227482212518168,0.024224866309243823,0.014788355133382496,0.012129168179878903,0.009668611784979566,0.08834494264972367,0.08152986094141852,0.016718386423433408,0.01930384800607668
73,0.03042829770700899,0.045837813180689774,0.013059013218871507,0.38880299573780913,0.01146228442610698,0.03533361287757775,0.04630914884602365,0.013880144603461786,0.04206248373841883,0.01922385232683997,0.016519968720850205,0.008279798619821217,0.014877245798175013,0.062176358745419165,0.01187914010818505,0.0979128020910618,0.018558441628242137,0.08184910730262941,0.030922409812429042,0.010625080510378564
74,0.051316280024623996,0.020277721413055397,0.03127060011901045,0.029377668224776506,0.03234224943447325,0.014074542898207573,0.05025444673004029,0.02880900883781382,0.024226128055155813,0.017037588392067,0.23674874937747167,0.034768849209376416,0.24615747080540124,0.034059403679631006,0.012062034603693265,0.04836335573880491,0.02886494935393705,0.011305865974991454,0.01921926095324884,0.02946382617422008
75,0.04195323014093429,0.05058900112910053,0.019655657617446372,0.05702547708894556,0.010561890046783918,0.077190191333044,0.050863826206527005,0.010405468486682194,0.011296651364514082,0.0715301314345057,0.09741044510472097,0.04518565355375027,0.005700807180447777,0.014179931531663695,0.005230590629235897,0.02930105728004036,0.11478863358069868,0.09033419829197001,0.013569389887679091,0.18322776811130956
76,0.02737947770940327,0.02170277892015667,0.02084670267872796,0.04008765252728049,0.021281154718130857,0.5762521803845005,0.018731045534052033,0.02587914652160619,0.02231622411051184,0.012898370147585587,0.023034781851537175,0.019052125143824507,0.013414260440337347,0.020800580856016746,0.02715032893357147,0.012351822104334012,0.013586304491115666,0.03669237632150471,0.024841425656508445,0.02170126094929446
77,0.0649856837960768,0.1577039558953334,0.006609319119067942,0.011776528559286714,0.07301801177872176,0.0023435694344684566,0.11524672450971868,0.017524329936669393,0.059676993577587475,0.018214006873596603,0.006167568041030343,0.007832315024579614,0.002490662020395448,0.005298971532297685,0.10956993889691069,0.022267063191497887,0.03636088598633571,0.01649046883390034,0.003917333951035802,0.2625056690414892
78,0.03209474788649047,0.24668089690126266,0.02493481132171801,0.025598807033072744,0.01698578010736433,0.023539050822963797,0.007071670756151168,0.023128833340480045,0.014796355320845578,0.09613323372364033,0.013395102680503536,0.008684812884880825,0.005256317463804878,0.010336465241933561,0.006624799919527538,0.004699514003067731,0.25519310647851906,0.15956206242091758,0.015980821274943338,0.009302810417912786
79,0.06617597291887756,0.023558239096450245,0.019430760023894263,0.01579765265498522,0.09576912282024648,0.013676316819957993,0.014817384025622576,0.05215697015749633,0.01655813524006648,0.17506240261291092,0.016939541207288848,0.011578818263878186,0.007817824841130975,0.016123444977955214,0.007053456846126586,0.006813020162631769,0.10744692544619618,0.30205269276880864,0.015298814404286761,0.0158725047111888
80,0.023559401708020202,0.022254861560642127,0.5932213100554321,0.02691768845709338,0.024234637081738192,0.03900960903799566,0.02138661816553364,0.021698014606871218,0.02562788555025913,0.009329052559122468,0.021364431198516855,0.05017526555670361,0.010701536714507204,0.023132100581333765,0.010492596842842256,0.009068964744653721,0.00993267622382759,0.01074323300725649,0.019294660358441944,0.02785545598920839
81,0.008313969506769445,0.017401725514556755,0.013902823322725634,0.0158857295005815,0.04185808187022152,0.011546390291522898,0.026040895247183424,0.25852535079464845,0.019958932147824297,0.4458082881352614,0.01896976059888335,0.012392860696521967,0.023879556504853627,0.01372303513604107,0.01490123745181796,0.006593792714858071,0.00743135285737147,0.008103105852215622,0.019255224049719584,0.015507887806421991
82,0.02610398808337943,0.03539960390632091,0.016709002140689683,0.04702478782579194,0.02064895423375005,0.5658893657562332,0.01891556419980609,0.016606846411189747,0.024761511413996313,0.008960783429309175,0.02585755395765587,0.018027522317959815,0.01071484381488629,0.026313702922408453,0.061413864631634486,0.009122563680308943,0.01402139184565694,0.011344662553405709,0.025671811933868884,0.016491674941748007
83,0.1796077050251118,0.42477486454105046,0.010006394192815076,0.011706618370186434,0.017980637545095858,0.005773168174250635,0.009130294021581708,0.012075719203757938,0.010288746296923489,0.003539051832468698,0.00975736898302428,0.010389634026450425,0.004560320740509772,0.009372602947074215,0.04555321126863638,0.13621085522485785,0.02325415327309244,0.006244459867211363,0.02583390784889625,0.04394028661700487
84,0.01688463081041356,0.03091284619381029,0.028456092598835078,0.020752804523881542,0.021444977005429952,0.6495977643632521,0.014363134654140686,0.018288630094569183,0.02415139387191728,0.009891463465474926,0.02046766035492967,0.013103297041922278,0.0090498686693794,0.019800511340992335,0.0074607973680760635,0.03181005338827091,0.008794168355338182,0.014342331794118287,0.02464110380282041,0.015786470302427927
85,0.023836606389699526,0.03274863044966657,0.027722892381651928,0.028446206154459412,0.03580961336629126,0.04818601250926236,0.03659740804432712,0.07075285814914897,0.03753038719719501,0.03304244598217172,0.048149904919980384,0.03288217287006715,0.035929166615067745,0.030809133886048414,0.30218138505431813,0.040904430506839506,0.043025912465098314,0.02225300974581214,0.040781818682121454,0.028410004630772884
86,0.04667851074350262,0.03117904459370771,0.042879509102966645,0.02392406009392925,0.048016850652184424,0.25815100876306635,0.04319846049656789,0.038493521443983374,0.03362124452129757,0.028596820683412533,0.03335050925389194,0.050465207273828035,0.02975108293155402,0.04311514846658925,0.061140260144796545,0.038218804227237925,0.03833541464341891,0.026612578497533013,0.04644564133993008,0.03782632212660195
87,0.009735998456487116,0.024452616325951408,0.03434489952687023,0.03181939562365893,0.019950153082292855,0.5936770437681842,0.01527502195654248,0.022658984658632905,0.034502002514955755,0.009988575617355357,0.030943232522177885,0.023495056021905738,0.006809856632354145,0.02198629829105449,0.009658600910185533,0.03203308998975329,0.012204201506005924,0.018477334867499428,0.028972911680877428,0.01901472604725491
88,0.014819889813821865,0.05965311356211704,0.02263897209894471,0.03324311846047238,0.10986451173503119,0.018171620796387573,0.018867109632361007,0.027890870381156622,0.024576158182227276,0.015452849391560807,0.023119061738071257,0.019165224190451313,0.008682995795218203,0.018264176042123964,0.03728246365417181,0.010070495000941449,0.011276262645596316,0.019264318917356124,0.4871066952061865,0.020590092755802612
89,0.2702683062540938,0.18661599574298313,0.008458208157896843,0.01335994180558721,0.011317216040440097,0.06014835968831659,0.00597806141886521,0.012155326717860111,0.014616390331650957,0.003939082293778182,0.012980367830713374,0.02477899186241045,0.0021819236293082445,0.011875210952496613,0.007969699400052948,0.2840710837752381,0.037169151812979,0.006314388363267195,0.014526825504697314,0.011275468417364612
90,0.003867165799762263,0.017258987926545514,0.0118634031401195,0.009826731234077103,0.15149670530499282,0.0038520929011852567,0.041447050912591314,0.0066562965290081575,0.00820959155769421,0.007827139061512327,0.04375887179004111,0.010342515509686066,0.005988831292404576,0.28408365564761545,0.0035908234450865756,0.0023354167068113277,0.004316893818101283,0.004926102401215556,0.08255158740976341,0.2958001376117862
91,0.010449542453443874,0.051931438288345996,0.03203758410091945,0.024735000683349488,0.02772175089679371,0.011573390855712986,0.04850330071425558,0.017955244511866114,0.02798785643605242,0.06450634943775521,0.02243652499030252,0.03885542206530148,0.006761762954206004,0.07516275883900635,0.00962173179402161,0.01144317601793148,0.009746362720528205,0.01244424335197474,0.02145656944010592,0.4746699894481268
92,0.10904256095279381,0.09288275645636034,0.002273649117799649,0.005604726020773967,0.004420418141246618,0.019085325073096043,0.003310090476477093,0.23327580460268318,0.0066482517598171085,0.026758110389886736,0.0910732836553344,0.002987811443189237,0.0008918712882335308,0.005901439203532985,0.001847554255387169,0.10188337042168379,0.16018783083172444,0.12243420136602622,0.004589558804881861,0.0049013857390717884
93,0.3649245844113595,0.020782721116671943,0.014995563206515839,0.0179588226749668,0.01650548712151869,0.24142230590888825,0.007921243176343672,0.016361172166191325,0.01874520390611046,0.005673989049913025,0.018723934400779237,0.00936730909607022,0.0025371517626087306,0.01222970748633259,0.003997419812931463,0.12849675357867138,0.022137046557175043,0.048478420544747845,0.01382277851117055,0.014918385511033395
94,0.08295204908844153,0.025725598687067697,0.005920902507696171,0.01047884822847397,0.007166811296730875,0.12639461218827794,0.08513073333121965,0.02573740035610288,0.008745914284296519,0.0025587016787633273,0.00836348517558952,0.0312417415656269,0.002677171773726538,0.008410839855736135,0.0034380029200399326,0.17487934985118217,0.365955954848428,0.008765342664337206,0.009563263459056111,0.005893276239206886
95,0.025666889719396197,0.03380570857242276,0.09562459421655202,0.008589213179771354,0.009779997087029922,0.08340225110970491,0.07874490788541605,0.14508597700741524,0.006718288684512454,0.10131055281328068,0.03555408283397506,0.09814318548566303,0.002117141243425386,0.11666318433351143,0.005368756973435222,0.03333835241590291,0.01692081758944128,0.05699640922549482,0.038824008431062644,0.007345681192586628
96,0.03478436251952268,0.04369369703734033,0.013115943648676106,0.01445096933527457,0.03336796047488303,0.02676004243992358,0.022212256006645895,0.036227665092852766,0.0867242634008481,0.07511191890078346,0.12166169059880173,0.035487109725404004,0.05941549358121663,0.05209726312767858,0.1412844034725824,0.04538282317037203,0.07007472357369822,0.03932699747076334,0.006484953705326521,0.04233546271740605
