site,A,C,D,E,F,G,H,I,K,L,M,N,P,Q,R,S,T,V,W,Y
0,0.019107099026055584,0.05330159441214059,0.025707817355538606,0.02698702833332162,0.01864900811722876,0.0636773188562322,0.031272885028383664,0.021927353505309447,0.021962065499340072,0.015513007182030185,0.023552400302928798,0.030618259058946672,0.041803620345436346,0.028517821967579106,0.4214110932507285,0.06405579562098572,0.018858006458087308,0.011191806727331095,0.015584690311183244,0.046301328641212544
1,0.01672037885463362,0.02554541318789591,0.025481217106068318,0.0284744402302181,0.027536486119426662,0.4937553679986324,0.04060830938191148,0.025506329990413013,0.02257848092269546,0.014053433594578536,0.02405259474635312,0.02918333376968477,0.04678807114583028,0.03430376281145243,0.031037155448142464,0.023455102732802536,0.03307002085600017,0.012827423218011148,0.020076500665506706,0.02494617721974293
2,0.010262647782333417,0.12932905582928012,0.043676240922188164,0.014700274310033314,0.014440560815775072,0.5557458879086852,0.01534985622935516,0.018642082298640592,0.019594425939412845,0.006859272047683839,0.018355914408165,0.017130773388414313,0.011110021135933493,0.017181724832365877,0.007119110314146257,0.02217220436287406,0.014088172897796193,0.0300129343468564,0.01603558228193418,0.018193257948126568
3,0.09214847637243717,0.09814907745660424,0.018919994410120027,0.07281054163214014,0.018535070694995954,0.42351588047132155,0.021733064350020474,0.016947881264661617,0.0231885387492856,0.009578535616087982,0.023163610659107534,0.019612446451839006,0.013210750052152567,0.020816786632631364,0.01679613148162347,0.009495933193676793,0.015850966197862887,0.015427142282312928,0.04695372509257933,0.0231454469385394
4,0.041232966121546394,0.045443776904419135,0.04905487324081525,0.04788415856200597,0.09814278230598465,0.030268243052231986,0.07268394100200035,0.04266492450082324,0.09371622651105029,0.043516283199601935,0.026191455105924168,0.048546109798636806,0.003983825676634385,0.05815550826115532,0.04525122159796115,0.04282894740530095,0.061588501893519325,0.11863528718493137,0.013551399733922886,0.016659567941534423
5,0.08635881592828842,0.022151690092129014,0.010459207096406164,0.06276239105259926,0.013483615476471733,0.44348853112829856,0.011684182421305315,0.015352226881481261,0.0158672670471223,0.00554014755842962,0.01285657707320295,0.01455520352549965,0.006225609561812069,0.015243649408490958,0.01476547597313714,0.17528707952572348,0.007797098205171005,0.018960347703681286,0.00965048703296054,0.03751039730778931
6,0.03151449090719098,0.043635916274338944,0.08420240338643141,0.13011160568569283,0.041838594957032356,0.00885194438160715,0.07807999136919304,0.014650022348252094,0.024712707053015145,0.056189830827147486,0.04724198899690416,0.015656990207429597,0.0034504575687419278,0.09991741033035555,0.010968657556797736,0.03747766525042788,0.07503674859791472,0.04302674032518919,0.056589701210094316,0.09684613276624353
7,0.07536943472475945,0.01615074248531076,0.01801572892918109,0.01643136652826517,0.02343106137602573,0.007441204798373616,0.01639624821468338,0.03288944057233968,0.017086715344381657,0.0063984432415907285,0.01743291156527319,0.016081644880408176,0.011953432299230573,0.018141325494377084,0.007141035558730421,0.0827127505272615,0.5598619600342314,0.026544718957108637,0.011856606325762112,0.018663228142705754
8,0.07503361490853029,0.10910160257712546,0.005116099389388252,0.007611351474403563,0.006583594091224185,0.008137032446485096,0.004593967008938113,0.15324697799384707,0.006973675152238512,0.12667665434672923,0.011346524205151877,0.011311671077300633,0.06567943297739517,0.04664728092489854,0.006006680969739753,0.05640039513289222,0.16529428428672194,0.12447247894607731,0.004185464244499437,0.0055812178464133295
9,0.02267938876958347,0.018154642708540603,0.01981051235470171,0.035839633872383626,0.025534765659570424,0.6095531881721183,0.02154948942646366,0.02212113571975992,0.027683153467690597,0.008431474230223751,0.023168027974872222,0.0257912079652461,0.010796835157217974,0.02221313200679999,0.03988473759096121,0.01199068196509895,0.013154192072454262,0.008356323009262203,0.014268147559179866,0.019019330317871105
10,0.04581173260380972,0.10896440674104378,0.04162933942204887,0.14412483013674524,0.05142161606797373,0.007475694783003547,0.03246186165582631,0.03268176833714434,0.0363724218682494,0.03210113760470376,0.04609591395673841,0.025979379589140723,0.0037011551347554523,0.07123977143285372,0.014497361899840746,0.034763484710159984,0.025838760158517316,0.09215469237098352,0.07022610893318518,0.08245856259327622
11,0.07889658345443559,0.03745713879940884,0.014253735991575417,0.012915912038422024,0.019389435619729473,0.00392247190929697,0.0698772606629615,0.1106631499256885,0.10233243649400327,0.08202158503582113,0.10207419828634999,0.0557002841388088,0.004896564454717308,0.10450504938251125,0.07698623606930298,0.012060615600904802,0.007637082456076699,0.05587235756157016,0.03486534489292744,0.01367255722548785
12,0.02198055826984738,0.05747001228490578,0.03991016445675697,0.0324915401553802,0.026009263062638604,0.01814134431469401,0.030297769701502227,0.03173330962186581,0.060485299682354915,0.07298334984009851,0.036292310145542905,0.04632038759206494,0.03921365913252507,0.05121031709937218,0.03766832181613618,0.02477873348534602,0.02772015375481068,0.018615990356815364,0.27193818385147533,0.05473933137586694
13,0.019023570368832458,0.034189645606238245,0.02878521828840015,0.02358706075626522,0.03420891860782557,0.024849694463243664,0.03783558186990748,0.04173230293280557,0.4349364944718287,0.016942167340165123,0.020932318787898786,0.028075956182477046,0.024383819925255023,0.03590056647407819,0.04449080714424307,0.019651741663046528,0.05510593047895869,0.018418604698151108,0.02262481351004049,0.0343247864303389
14,0.060409068068230785,0.008956127145287747,0.028308136444263193,0.017896613830947993,0.04274141458548472,0.04557179549542131,0.061130763047086235,0.0855374682850225,0.05555428213407274,0.03218268536357554,0.11059190477302154,0.12884250653471796,0.0032362780305218676,0.007056006454378106,0.032331332696617164,0.1208833123379693,0.06316137819665123,0.023734972255388828,0.006963927586364588,0.06491002673497662
15,0.06707224142056063,0.012424894029381954,0.042493865417887494,0.010479333600742243,0.007209414417845238,0.02591213760658584,0.041870294915745544,0.013082568942427838,0.18013113094299715,0.06182202943700662,0.02241532316270576,0.016103718605576498,0.00374876433374263,0.19198303835961747,0.1320944287015584,0.0908412764330502,0.03297580645568755,0.020784335108222265,0.017196800140965206,0.009358597967693498
16,0.011075273964499845,0.012147340315977924,0.013966934761904184,0.012897713852699028,0.010845831632143345,0.004966162774864463,0.013575216612007682,0.2228493567931101,0.010628545515546825,0.2003202708363281,0.32028250625518095,0.01558088783984972,0.010172051448800117,0.010773010889643957,0.010845324677276199,0.005005926410501725,0.007764936712901858,0.08409902493625435,0.008900995868257728,0.013302687902251926
17,0.0810229145249365,0.09185042184027836,0.04536202684968606,0.017879135082744906,0.01460676665097127,0.05616650614220089,0.021993495772688856,0.024676179300857637,0.04000435528573644,0.0675034394583818,0.020650797452229117,0.259750879978661,0.0095445663787974,0.01957054837009675,0.03832460642593747,0.04232982822128801,0.043815271216152835,0.05422450350944158,0.018495877872386695,0.032227879666526425
18,0.0657667510854558,0.03345161539513428,0.029957070801132274,0.06625741172616668,0.015286934816840849,0.08742883990065618,0.06834167876792506,0.08382987694566772,0.009988197064956352,0.06262280869808737,0.024390794091255538,0.08967404954382178,0.0052932635266151025,0.06265068830557903,0.07173484197638072,0.04541984543384237,0.09341708421284929,0.06007705883606897,0.008356969391299861,0.016054219480264784
19,0.013307028453267757,0.03432564137211148,0.0230706423358821,0.013535529786158776,0.032853242987706144,0.01226227161460466,0.013962420033182389,0.028857486460319756,0.029782838627400828,0.21030032650428138,0.26680794148432385,0.0196521044742292,0.007339552227255329,0.15729306928296563,0.005700721102083772,0.0061378939650115856,0.036934540736298774,0.01847021099960814,0.010555494381618924,0.058851043171689536
20,0.058495164235669334,0.07329618683403695,0.05420708195129305,0.010541920583758397,0.01067744624018725,0.14144385188693936,0.02013765429274169,0.01128323531795292,0.013197195201026926,0.033420544447657574,0.03642148694412989,0.06391324616373804,0.02770411537940562,0.17635819835693792,0.03543489529108753,0.10121302877532021,0.1000428975222905,0.017794578498411387,0.006761526593565095,0.0076557454838503776
21,0.09171668133169658,0.02454825025536474,0.09496084468091005,0.02219564993997049,0.01431507926776251,0.1550285980140528,0.06992277796185697,0.010057191789421521,0.018942557787851203,0.007679834346849594,0.015491361007055253,0.05405820355987992,0.06904750427460266,0.07251680478863722,0.045257952709935004,0.11587404773245885,0.07954500729516956,0.008231570952058802,0.01078390886309608,0.01982617344137018
22,0.052623408124658384,0.07730559540129323,0.018591261996584757,0.008308298597194709,0.027580141304733945,0.08477965526536363,0.04018817255398077,0.09985591764137507,0.024374746335304086,0.05818084793762118,0.05789250287906117,0.06812830025111735,0.06140868994774432,0.03705803932780555,0.031039524538023226,0.0628437848598561,0.029587277264678368,0.0671434247410148,0.03453351020063786,0.05857690083195147
23,0.02905809559000697,0.09280330320546812,0.11086094198237681,0.11732780642632877,0.012673926940128907,0.07346223683228671,0.08035618887403162,0.013299827170547706,0.023361746068314575,0.014513887871827278,0.02831791854957071,0.05112234736680856,0.010106918972052936,0.05771521721397222,0.014242325483851659,0.07425958912659714,0.11180843246818367,0.053325598805457015,0.020002931223662385,0.011380759828526224
24,0.024456348492284324,0.03296082967030494,0.0347494596212733,0.022225973574252877,0.31794794245641245,0.014168140828912988,0.03752460546736991,0.08532388450417489,0.029745946009198138,0.04228999409307225,0.022784088629424087,0.03416044009725494,0.03854790087785495,0.03499492585234782,0.015099566531565111,0.04014188441553284,0.02541569892987374,0.019895612895965142,0.07519773851809809,0.052369018534827186
25,0.08240683531116791,0.01910708604262621,0.021370796961235936,0.012150562260236841,0.09087017545093504,0.030095648824155576,0.03976557394441913,0.01888141224528249,0.018262999164246223,0.047065139334273844,0.07492498957297648,0.10745074668657392,0.005782580560024256,0.12559481687705015,0.058396954141302124,0.057179656308245,0.03481501294006376,0.044242000382143945,0.037847116865339925,0.07378989612770125
26,0.03693151199627802,0.04244125867258952,0.07477098975973506,0.06533109703132405,0.006869035079505909,0.004694912796830349,0.02525951087094793,0.01607471627566914,0.06294656673744081,0.016626456272237793,0.05508704876519158,0.10143832960398518,0.033805271814897196,0.06509823026207112,0.09016646123649655,0.12871490743471536,0.10341331029277448,0.03301791162797948,0.003527564512654655,0.033784908956675824
27,0.01976680789106945,0.047861398911727096,0.038256879051649165,0.02145188568593325,0.1247476570018254,0.013343986369535994,0.051981388384012145,0.028978865365964383,0.028006871669361777,0.012122040665900403,0.025940163183017888,0.026632850277605116,0.02290119631489101,0.02449799367760774,0.015677434283931143,0.023749285754484963,0.020479507624347408,0.01288933947060817,0.02130638882198733,0.4194080595945401
28,0.020024492118398293,0.08432723208011468,0.03261392700504433,0.034116760876816865,0.019400194632903992,0.015281001509980364,0.052257658933772475,0.061392409813513744,0.3696148001532155,0.026418139065601583,0.02053911546911948,0.02830929565615561,0.022961205413630684,0.02729824150250634,0.08698256905084241,0.016570278403412735,0.024578455570392045,0.01523582198448075,0.017741676123235847,0.024336724636862216
29,0.062010198745488534,0.06530797733478502,0.01743338082956339,0.03185287731346823,0.015236134060473836,0.04070229869783471,0.01795870664306453,0.029051472729442612,0.15253611945986167,0.023876076210652925,0.03294776671880987,0.02615227996702273,0.015044669415302338,0.03446642242617948,0.16408656469044433,0.07968140371889795,0.03943059293381914,0.12671272419470028,0.007986458173820224,0.01752587573636813
30,0.13360893980586117,0.07450099328026023,0.026841757849845625,0.02196759324205813,0.016249642144936627,0.009937376889838088,0.07168981934519653,0.04068359039158244,0.014593135970948246,0.020288594284000715,0.03382800122822334,0.16143664020747892,0.06278968786378494,0.02736128908073162,0.017191416365866262,0.14138924798892302,0.0614101015625644,0.010588693609366862,0.039119649337721794,0.014523829550810998
31,0.26997763042720696,0.058612266187836874,0.028078496238750972,0.021862431840389197,0.02503859330822258,0.2950896065566655,0.023936530899874253,0.02738092211440794,0.016851556904530305,0.011251808331307248,0.02249991992079309,0.027314081327674496,0.013635819846632091,0.021514026841383344,0.01029783947150234,0.027743889569771227,0.014400476722359374,0.04422963519306293,0.020630696207944735,0.019653772089684423
32,0.035896650699357505,0.030810712624609216,0.030041318557580347,0.03546995131597098,0.03164429811871017,0.016041402271692335,0.03224322786218347,0.31066948308055514,0.023859581061235677,0.01181057946666186,0.026534728405365967,0.043865970087376055,0.017673442373439013,0.024340852054580104,0.014432004082131158,0.018578472604638765,0.1540596270492324,0.08074371294163961,0.02635434755011221,0.03492963779292804
33,0.023178409770522938,0.06066475526008044,0.016296511283763818,0.021632930477144173,0.04863804690222821,0.006881736752323181,0.017945746146314417,0.08350279448727345,0.011028951223255548,0.08363452457514198,0.018757135972385788,0.08864051152640698,0.016383351461964447,0.025697275169142216,0.025186035280726934,0.013785901430348855,0.15146092651938775,0.03283711296126607,0.14384645914231242,0.11000088365801042
34,0.033895746652504215,0.02218671675137723,0.036909754340272875,0.39056050025784844,0.03304154436613006,0.034181002253047606,0.023274183297926482,0.026053209201909743,0.04280532696194674,0.01508656449991892,0.021242358403055002,0.025360145681781278,0.015701550405786257,0.0921688047722102,0.013322014506188836,0.05896754434584695,0.018072965285778533,0.04379752939973998,0.028252644190938234,0.025119894425792356
35,0.04190897623807299,0.05575783833146638,0.016557335128712575,0.02832558318550665,0.016466076738015013,0.008543815419207082,0.01652219069813529,0.2987641633221888,0.020959765613288307,0.010335824590112952,0.027222006368853097,0.021704562345016953,0.12897504310497626,0.016895683937857342,0.006056320632941826,0.013701182311203033,0.01535562511032816,0.22140669297387852,0.011928104403360746,0.02261320954687799
36,0.04689553138781831,0.09266556512399082,0.035273646396008135,0.026935734551946013,0.04642285755098173,0.10257041365424711,0.03711609042933359,0.07820997811737752,0.02435382690671507,0.04503604542114161,0.028586329779737376,0.031209761010878623,0.09334280554844372,0.03419477515015596,0.010745866425800776,0.035937305707229396,0.016765448701713495,0.0765533952069765,0.058807970836269534,0.07837665209323467
37,0.024733394714201114,0.04138649200214452,0.03393700940150418,0.033036085008460676,0.029475871063207336,0.01738580242523672,0.033648742773880615,0.05007165918688699,0.06960210235467645,0.019631838778183124,0.026094641535343247,0.047880273503685566,0.03842638507950133,0.03708299041305406,0.29271056582968175,0.042443523780698274,0.049534222865952396,0.025994541659194778,0.05494385926340667,0.03197999836110015
38,0.10024928724336288,0.03233698247680316,0.059325435510336526,0.22871522790117674,0.03916857543930405,0.04425453316386204,0.030351141723060273,0.02611355079164663,0.039736319912160145,0.046902509047671764,0.01977073543930169,0.08038669329134997,0.006052110516412086,0.02411206440479837,0.009263255825251058,0.05720878087325932,0.10102823751926068,0.015345777280978563,0.01686879394009622,0.022809987699907826
39,0.05303573384064318,0.011976186912871225,0.09742961347774563,0.11800201969446635,0.050534927218273136,0.027956782117925315,0.061161262205381386,0.05791564728127016,0.0350510563520163,0.041898844736193985,0.14493234153721057,0.02327084426310812,0.0406923028949429,0.03471193707029628,0.020877218644487765,0.027863479844840004,0.06848179596842281,0.062676140107736,0.007299941603414208,0.014231924228754633
40,0.4124898248895581,0.02613335696082537,0.04899073506150645,0.023991551201178008,0.025539250461225106,0.03546604725897097,0.025805205777432696,0.034652977506990416,0.027608797616060155,0.011607797668868111,0.02394113135272669,0.02470647043657112,0.04616974563358793,0.02733845860111022,0.012529803724833097,0.06427495305458694,0.04019880435878926,0.030807189958525567,0.03493042429322803,0.022817474183425758
41,0.07504919067877991,0.05464365715405065,0.01629211082979843,0.01742573436899476,0.013282589316792553,0.00936805966029417,0.06307221743538137,0.03596704502941482,0.09972823342672628,0.023152353689523782,0.019533550666666066,0.0202624155509893,0.007246260935013416,0.11734559928228651,0.1945011208702227,0.06660486535491535,0.1022075576990031,0.035867427578192675,0.013354932618761202,0.015095077854192986
42,0.08635798677010594,0.05759003570540424,0.0497910422864535,0.016380230859365984,0.013349425671631039,0.019493145044202735,0.034667385296783246,0.042740636672572226,0.049012490162781225,0.056565362168257124,0.1169541849482156,0.04851234192198516,0.002098661995708724,0.04544819281493261,0.09606154308346293,0.05324292942268362,0.1625591140579103,0.03223759354162304,0.00612340451084943,0.010814293065071359
43,0.17590003129823495,0.1743268395553359,0.012738349297891926,0.05201656022242285,0.04738133866299299,0.01343186643229078,0.034040472411042584,0.034512230337528295,0.01891811186822165,0.02147032705892081,0.040910650413179976,0.04345737384250727,0.004921281313391655,0.10322442982403622,0.02252771803039425,0.06994748239054224,0.01874946436271239,0.04602184881270217,0.01985439876578023,0.045649225099870884
44,0.011912949879713336,0.01756013296345911,0.014717951926220251,0.02067691856003494,0.05661896249019213,0.011686681806165644,0.12174705245965374,0.203163726148038,0.014175012301877742,0.2541156913882075,0.08467475724779631,0.011497099015579089,0.028814679200233256,0.04162181917572358,0.017982532220843297,0.0060049893725641155,0.008387112609605408,0.024154055371407593,0.02289334261746403,0.027594533245220907
45,0.04881288424661495,0.03488056707416674,0.05640335979115285,0.05488775462947179,0.023446320686880302,0.05237034359294175,0.051957888549918764,0.041589824848862436,0.06714415035334825,0.0788947420495692,0.06087134205899814,0.06682423870462798,0.0019038058121460292,0.09989936908680372,0.03490003188852477,0.04609638821283374,0.05604937493564442,0.03646377645257346,0.010169657802748498,0.07643417922217216
46,0.07403757053102122,0.09805973806941164,0.1407925756377571,0.05901564081315704,0.024621987056579694,0.0705517429960236,0.011915942838566259,0.009114734732027367,0.011184353092303121,0.023063943604654392,0.04595886706050294,0.0723713615212751,0.0031961701859029275,0.12026660449594033,0.014154752249329144,0.08823725052041557,0.04597252910291253,0.015872660737148825,0.049544753052936485,0.022066821702134688
47,0.0522871312040942,0.05868352622717106,0.007792072239149063,0.03781223882572409,0.04134023638335365,0.16094820115177774,0.08228443750061443,0.007474531913742519,0.1330516766610495,0.02121274024670844,0.011598446214327077,0.15666258926975637,0.004311293079869524,0.031151550765365313,0.08034123111839131,0.06427472922771552,0.004531507495770133,0.020155319642545026,0.013512991574228451,0.010573549258646599
48,0.026086344288560995,0.039845022996339116,0.04196867897745283,0.023278564053800164,0.03404583596250021,0.008717694193964967,0.024560725543772182,0.08457812155689391,0.0759261568380444,0.1492154844564446,0.046925478489030385,0.1359200877850521,0.015836103113147072,0.01148549070551767,0.039642110306034144,0.01621200242815884,0.14653819147571115,0.04215110698376021,0.0131673200751938,0.023899479770621193
49,0.05896735026083834,0.02785805602872667,0.07191718410661328,0.015877877054777487,0.12641713469983307,0.03180734339654015,0.02241434085091517,0.017529179458412703,0.03256499250388492,0.0712272994461185,0.05774726657494503,0.12439528541135492,0.004937883027357077,0.011643686861951451,0.05601653218583071,0.02392274240016291,0.046531266101525456,0.05133023347160022,0.007777849472011072,0.13911649668660087
50,0.026136850397941135,0.008220802887425263,0.19584120822074855,0.028160422509262293,0.03874012958903007,0.08658993388423243,0.06636512348055178,0.036432489908122506,0.03938080827963332,0.05376764782931258,0.08560879382645632,0.10861310001483475,0.008816724970684395,0.020429607686283453,0.0083869704197573,0.02908042540430439,0.06677162999218342,0.025219508618877385,0.05794220275610906,0.009495619324249586
51,0.08713317204105141,0.010737413157822872,0.04698550827137796,0.17079859828799382,0.009505471091740492,0.1683354073563427,0.012110798718081853,0.0099254568668747,0.016874924994553158,0.05643336924152611,0.06779201347520464,0.02775113505248632,0.005091125227259585,0.06631143042647755,0.032606156537982926,0.11355160254831134,0.04380007706920549,0.025733813093535656,0.01790585448208567,0.010616672060085744
52,0.04339618068534998,0.02545427834506321,0.01855484865965068,0.026692653661602582,0.022062024121298974,0.5316702837639495,0.026660033949822314,0.029024003136902933,0.023466046207023025,0.01271437011354867,0.02916974333519006,0.03052004306441674,0.012652557433603492,0.028279826511293647,0.03264318800395617,0.013484428606465182,0.0140558373207687,0.034005422183877816,0.022144409673717495,0.02334982122249869
53,0.04404045776143407,0.051049008939354726,0.012807366124656048,0.012350435056979385,0.27104589297732035,0.0063798021726292845,0.2580169348599478,0.012438841263340225,0.010793528078139516,0.0054429563579686995,0.009629824783511046,0.020286314963124386,0.004340961813763715,0.012953249833809534,0.01217523630553971,0.005007851282062498,0.004756717346556452,0.040052794108700746,0.1511486722406255,0.055283153730536265
54,0.21194581955101593,0.06955246812643556,0.036256435779382194,0.019045272318895974,0.013638706565612033,0.03470349735874159,0.011846733604033934,0.014452647700162725,0.012317057529636447,0.006304729342266146,0.01435387636933975,0.02222002548196354,0.2561937486162495,0.015574875461863067,0.006570418216900229,0.1618443168467175,0.05096208895109853,0.008605952166304012,0.01812507549526426,0.01548625451811711
55,0.020320188514453746,0.02014926343035487,0.014780754283857913,0.028515483856095484,0.017468729967483655,0.0161704111724307,0.01958845305043661,0.03617566970582616,0.014561031041956664,0.026454553312212938,0.021704298754933706,0.01526210157606701,0.2355465911830809,0.01662021959195862,0.009667045450110448,0.007576903013837498,0.01757359185896295,0.43132900595706253,0.01829677238770881,0.012238931891168762
56,0.013244612719082454,0.041560618576171285,0.021489047935373016,0.023640008805814797,0.04381332604656161,0.015255838239791026,0.014866781449654648,0.022171094370503384,0.028971962533340105,0.013036447703989268,0.02927644279521718,0.0230453138455768,0.03484849246434254,0.02207073270376137,0.012520500105598133,0.5609402999247779,0.010697989241269907,0.01588451427296579,0.02760085701114746,0.025065119255061434
57,0.02738479826784386,0.09043914834966574,0.03044040907720726,0.02211423389375562,0.028890363909856255,0.03608851715695414,0.02239798898691353,0.05623650384778505,0.04477577270092597,0.030037894117898464,0.021150838612712285,0.01876267866689593,0.019090286755162007,0.032072109391023916,0.38713999647528363,0.023120452504519277,0.0367684859090053,0.016886417800724956,0.032574585502843166,0.023628518073023682
58,0.013517852973808184,0.02283438878236048,0.020479874488959396,0.040090081292882204,0.024069841182482715,0.574621127186047,0.021746266822461252,0.02317528789232977,0.02262638969834449,0.008425155607024159,0.028153980974610682,0.019301881194022617,0.013710498328246138,0.019088875581822158,0.031556874510727105,0.012343977935350438,0.01601464174639128,0.04309158252247571,0.024632126548183014,0.020519294731471287
59,0.12302285300370068,0.03911460046202852,0.020834548414894766,0.019746073415392886,0.022296988736689175,0.04386329158087769,0.03068981710627927,0.03650477453923987,0.03764987512292353,0.009142077437153845,0.01820954693413456,0.022434939949176422,0.01720293746197797,0.01612845246948498,0.018531829080430863,0.2509997721056884,0.04990694780598046,0.17405275901801695,0.018182021790674647,0.03148589356525453
60,0.19033647127992098,0.041893393783094854,0.025109037358570716,0.056444034982912034,0.02648196965658393,0.10836699472576358,0.03484562549306133,0.029680965684640546,0.04062306629231283,0.020586139306185008,0.029937460187458565,0.04065327572246904,0.03224275217126011,0.030970263977594267,0.017545969278588338,0.03654594233547219,0.037691507353672236,0.12465956288308858,0.03286613026888868,0.04251943725846218
61,0.021757358949590737,0.021741119418505976,0.032882890039508866,0.025672509096271626,0.03206994808123523,0.02630988067114045,0.029733595467510032,0.05556743378546221,0.41407737444125287,0.013360248297052709,0.04306663262072706,0.05902179608395396,0.023339868091781853,0.02685269462734509,0.044554816786856265,0.015353941446958263,0.04699951056968012,0.013528373886898325,0.02484055583931074,0.029269451798957662
62,0.010324097593102674,0.017146184132686714,0.016309966525819026,0.02348648462233689,0.12398380190063549,0.010501525281663291,0.02841308635048324,0.0564087745910287,0.01647076074349734,0.494450741844275,0.01948003750192169,0.01402355674361055,0.017138248553547033,0.017010034947404155,0.030576322314280334,0.008646527342270578,0.010535805612582156,0.045350781334824515,0.023498956309802838,0.016244305754227722
63,0.10999719656987872,0.06531590799034358,0.011925183385717068,0.03757951581469862,0.02699215766008252,0.04790155057725751,0.0115908823174799,0.019373935472851093,0.010369197831458359,0.026319604369083538,0.11190203940996112,0.016437120043732555,0.0020649212365442386,0.08163240137131886,0.06554378439754656,0.21219060549312022,0.034050046196173495,0.04162853029347823,0.06102938109472884,0.0061560384745449875
64,0.017854078414348076,0.02089386117485199,0.023912065924926323,0.02758051837513428,0.04138517091351738,0.01282867804973894,0.0210338049163036,0.01886561702574038,0.021725825718256778,0.048345449563102355,0.021988017273622335,0.01715924736168708,0.011910339423047972,0.022773358726490493,0.030696107926470553,0.010020987855648743,0.014394875238362838,0.01821003531752848,0.5614936655842955,0.03692829521692596
65,0.013935387775522287,0.019250603009869173,0.024726044842148697,0.01961714538739306,0.08360492380316578,0.014863781387723384,0.017815023190883118,0.02726243181026426,0.02222038151823483,0.35969262100218585,0.1997424020761198,0.02131621048228134,0.009026915780634007,0.02321418200855013,0.012252078332032505,0.03924885167098826,0.01681033432173332,0.024777097939917142,0.027633367370820974,0.02299021628953212
66,0.04077322667904502,0.09096327192031656,0.025589097007108978,0.0206885545881033,0.022194243602090553,0.03166916915384192,0.020608457426413457,0.09913841518750634,0.021355053229804615,0.017185710742199965,0.046391615882727666,0.019560470135929063,0.008601457205993132,0.02306644233119017,0.011269529940450159,0.029974623241387555,0.12606237012495247,0.2903782831488642,0.0172584459767915,0.03727156247528335
67,0.01659831266112892,0.028303278029968418,0.14032945115054174,0.4182727356809581,0.023070147497050903,0.026166562018280746,0.025287355132061113,0.02512524668411162,0.04843249880856354,0.01044848023157628,0.02782910599701917,0.015281597169685374,0.007274173544929866,0.04441965055593854,0.022995816180303538,0.00970878760151048,0.02014680491670887,0.05259708896318928,0.019947042660342612,0.01776586451613094
68,0.01727365695203356,0.02649351568029433,0.02893170377097951,0.03108192561252199,0.02574190882151663,0.04678835812185106,0.018266945111750484,0.05873261574683417,0.031456922823042695,0.011700167907755635,0.02483736754519425,0.023553454946127643,0.012853736043337734,0.021380380637302732,0.5157388766659801,0.023746992336566887,0.012467835576872982,0.01989872387835796,0.028087452962449293,0.02096745885923038
69,0.14406036170732203,0.012263555270893811,0.15325567188566705,0.023584020561541463,0.011879311667295361,0.4284563309502781,0.00659806366644935,0.011866787448204777,0.014492539620505148,0.004038020632053447,0.012648366294971873,0.03064342586797581,0.004607002142610739,0.024517670384389626,0.010637282777295061,0.058580999222786465,0.005106634852344446,0.014877307163006191,0.015591711294992558,0.012294936589416666
70,0.008399542424016507,0.027278001825343227,0.031589516856925334,0.01615972111102122,0.07696067011403493,0.014489759404251035,0.053543488582835676,0.04041870564806563,0.01341497066023153,0.28390440586912474,0.05696440091813333,0.011462798925760164,0.005050624915376624,0.012031935403362093,0.007718476588429419,0.009853417903781417,0.007844412904010462,0.011524109270208265,0.06112557143841102,0.25026546923667736
71,0.008503122388849352,0.1994671112128402,0.01632579600795806,0.015831064808321374,0.068838076815542,0.010109583553612269,0.011434345016544074,0.13842953986288728,0.014935140813911141,0.15764861559658602,0.150859014950265,0.013733969796923111,0.033384634914036516,0.024803247009714337,0.013404546952449931,0.006899180622535738,0.020342037152022333,0.06701150680913677,0.014652382440548652,0.013387083275315901
72,0.023249402457259073,0.014812359370820916,0.09311101351957803,0.06492493318722066,0.02032972977301595,0.12254582205549545,0.05689214021522405,0.017929413010176677,0.06635707527326022,0.016379691086583808,0.024252052487013866,0.013425053755962,0.04357295186734056,0.07555451031445348,0.011839470387678979,0.14724938644140192,0.04051303113615291,0.10750511972966842,0.023953664261388247,0.01560317967030478
73,0.022660904745823857,0.05292717195339357,0.03171705028611892,0.03358076600177405,0.03682800870558743,0.018511634205341663,0.05147985426758005,0.033474955419826403,0.028243536610881425,0.035618548714469025,0.15314611272241233,0.039940223913023994,0.24141759208230054,0.03529000731100396,0.015116913672534473,0.03460585854829798,0.060088094959324476,0.014966168350784452,0.02619657293000903,0.03419002459951238
74,0.018468960146671272,0.09786363125200695,0.02337911503229698,0.0913306554970327,0.03735473544294195,0.012114392573576868,0.11012186238765956,0.0650652256834777,0.01204186674305852,0.07873070718629806,0.07641942668270295,0.02187490911467322,0.00664072904217136,0.04532648185762148,0.0059159708746810025,0.058998364733160065,0.03264217369912678,0.048190402262084556,0.015896810538979324,0.14162357924977872
75,0.02739833262821233,0.021394702618151556,0.022132289212031676,0.027115129348922056,0.02319298949106322,0.40835192633926043,0.019792578147813406,0.027294292933920418,0.023032808008269633,0.013126087777186326,0.023899424332517932,0.02204198765464103,0.014395009069516703,0.02177881304590376,0.1329134612475369,0.013105139925609148,0.013750456521109658,0.09594131267492075,0.027795052666980756,0.021548206356432287
76,0.0972659205082352,0.03941208081797088,0.017110400766194283,0.027510912622352713,0.033918104602823594,0.007015434744981549,0.09073538326296862,0.044803547007573954,0.13467651222036794,0.07869179065862539,0.04342591215060116,0.04404668070610798,0.0075432996766665655,0.029342395840777868,0.09970833408206925,0.04768717817800002,0.04524371717481649,0.04928626724979164,0.010287264424561352,0.05228886330451357
77,0.01966962689844534,0.3769259431839616,0.014247864951261983,0.028525628205722846,0.026420639050547173,0.039789640329932326,0.00879125910860541,0.017785281810529525,0.017490750471596022,0.023882524037724895,0.015356796297460897,0.011183835506263675,0.006297939973448815,0.013792790651571536,0.008423735598742599,0.005618100144911055,0.20355324675929878,0.1339994346865877,0.01739972979774777,0.010845232535640051
78,0.0387622192302285,0.04974176457733765,0.019072298536155795,0.016498582567448822,0.1349570301262129,0.01659767812916903,0.018539680828293624,0.10804448482036808,0.02157327661701105,0.05738390581570427,0.019410065919819548,0.014405245207284449,0.009286052252035415,0.017798552761631604,0.00886196520694046,0.008777949900335097,0.11776707279561024,0.26695726551086235,0.018142340500727137,0.03742256869682398
79,0.011184503644352046,0.026711659122248647,0.5430800391911512,0.04682574215352224,0.027364087658612413,0.046828237727178014,0.0165717658843262,0.025916071562652708,0.02867132408828391,0.012701433501137937,0.02579896025488797,0.03595138253809033,0.013687803710208314,0.027979891985429408,0.013598551277745707,0.011944918270375094,0.011941682973936534,0.023418662290978155,0.02317364187660541,0.026649640288277675
80,0.013487826331108227,0.023547662701960934,0.019094141665287296,0.022110736249517055,0.03744154532912618,0.015422458206491314,0.03518703070349755,0.06360414519621857,0.025167210981160842,0.48973904305739707,0.04842573766423635,0.018182932208596073,0.03068657321981292,0.018840481638808956,0.05923852855649727,0.010218742105035839,0.010917925862190722,0.014118985242273691,0.02371614750918435,0.020852145571598847
81,0.015368334652151637,0.03867493072145809,0.02196871573884755,0.05548633605342875,0.0230504985532028,0.49202232847700506,0.02076765848758845,0.019413473206330027,0.02806685430632455,0.011384291246939062,0.029341247588915702,0.021641770613663618,0.012345812541832956,0.02949846279645718,0.089547580224503,0.010362995801362108,0.015533447521631579,0.015394852665748388,0.028336213305808298,0.021794195496801175
82,0.23878081785228342,0.4187740354030304,0.012837117453841591,0.015335344234700822,0.013484759639111828,0.0072845079172172466,0.014017753042419609,0.014808452960233129,0.015396071200417324,0.006215760732277009,0.016363007923653933,0.014110269696547223,0.006380957468250359,0.012995302774494826,0.021590515531845985,0.07672669073156475,0.03164049891850299,0.008641351816375613,0.02149007675389679,0.03312670794933513
83,0.010060015035390234,0.03402743151126156,0.0685145673369645,0.025426538208236225,0.02273226609579325,0.5461584593565977,0.015000705987328613,0.019814417389192835,0.026551490822256257,0.011389770447167168,0.024488933373034934,0.0150767592114628,0.01110264799848618,0.02177285703424159,0.008669061125186572,0.0353624568140256,0.010089260690964927,0.04753487692681168,0.02766189399533005,0.018565590640267304
84,0.026409967551116922,0.040192308616051324,0.030952773297618957,0.02814335100846446,0.035493304841114494,0.029950459604470923,0.04174172810546054,0.048049445474369915,0.059213046683539314,0.03516890982133459,0.04921765712365162,0.033977323739621715,0.04117252947361586,0.03547874787583593,0.28340392128730246,0.030430456563773276,0.04646989778949766,0.029288449625533747,0.04059913154918785,0.03464658996843846
85,0.050466814020830995,0.0340491971002991,0.04170158040734234,0.04203188193607598,0.048698182778268304,0.17288093435741966,0.04058441639760682,0.03901426250838778,0.0318398804603024,0.028688444275208787,0.03271432274628073,0.044168067028412326,0.03723624385664367,0.03981907488376341,0.05838231316626278,0.041045317538841615,0.03568604253467818,0.08534887012439213,0.054123179147000426,0.041520974731982595
86,0.03195734646089703,0.07449745917608183,0.036298805265911394,0.03183001558033102,0.025658702882676254,0.4799499363476698,0.015502339738696242,0.023638508900451292,0.03454412821764756,0.011459874955634485,0.03177536019216798,0.02410720425722531,0.006858598865150304,0.024680655994256274,0.01184615353652385,0.022474604844425674,0.013773511884865905,0.046087480103853,0.03301400493071759,0.020045307864817195
87,0.01976906323431901,0.026459301130460394,0.028098004330263087,0.03667602324176024,0.0372336144860545,0.043363339426542254,0.024274933358496696,0.03091053001016473,0.03160803794322503,0.02554519914671932,0.02814687433595831,0.023856987727134852,0.012860820765832986,0.026544933150209483,0.025354905408509237,0.014689311475372497,0.01516478654127719,0.024907353259809435,0.4968054889707184,0.027730492057172346
88,0.17322462487401616,0.07483308022451608,0.011123128913372181,0.019947665804545676,0.015393993400032608,0.08969790290959756,0.01131416542497092,0.074823130087007,0.02212831549527741,0.007332590469326027,0.01869779372310969,0.031959527298664636,0.003380666517143657,0.017285858028046264,0.021556377147981875,0.33941705643851466,0.023266676694256996,0.009980505088976313,0.019973258340449045,0.014663683120195196
89,0.006147473036108182,0.03450480772776748,0.012580693435185543,0.015280975878821136,0.10637044609125755,0.0062722247101654315,0.020194222576198587,0.010650035097730584,0.013428976641794821,0.008876617660450068,0.03401073339518007,0.016833940586877896,0.009158064792946409,0.2535467930414441,0.005824079970896887,0.008854310097537127,0.006882433897461388,0.0073795193185050975,0.08763044670873006,0.33557320533494156
90,0.01080641048713711,0.03059903653348902,0.0244173483388023,0.027850480103595816,0.0941187223330588,0.011381011545295486,0.057480364786098394,0.019128666954801064,0.028730756102759113,0.1188768815673717,0.046463492484473866,0.07065234118729734,0.007147733373272614,0.04039358405488655,0.009573894037943466,0.02022156618385449,0.010347182382402134,0.01290681357262517,0.020942103413979774,0.3379616105568558
91,0.10326400748585174,0.04447834861756982,0.00880935935460633,0.007523971760403903,0.006308460394993003,0.007021913839238589,0.004952725116061395,0.20637928706712255,0.008878852725122012,0.024073543079916618,0.1737578415057144,0.004222369016694155,0.0024921965263188326,0.008035072078702033,0.0023555163112074723,0.11381316149799227,0.1439953970696057,0.11753392556514414,0.006346333886808077,0.005757717100926923
92,0.3656917844643315,0.14179923412232864,0.04620402741434427,0.019986851323250714,0.01973361715274473,0.10182801048351743,0.010861255242806045,0.040223368078090106,0.02332000504919283,0.007568874999039538,0.022405750018348897,0.014500576716806154,0.01084180776921697,0.01574031210452885,0.006169694868526809,0.050279186381433964,0.035935311919493146,0.030112304658566513,0.017732012126342192,0.01906601510709076
93,0.06209970251048495,0.06292518954549989,0.00814266588946138,0.013405804140552192,0.008036335005081824,0.14881386339315997,0.03118031812707062,0.026998606455379378,0.01077400004661781,0.0029967968524278496,0.01180074485407394,0.041199433465968105,0.0036903688080875746,0.009971714460564378,0.004578560091686436,0.20006267084602378,0.307623653973622,0.026726300263024985,0.01137011006228419,0.0076031612089287335
94,0.04225026505353163,0.10282822385974687,0.05051396110025595,0.011369151916210985,0.00798539407340332,0.01379797018377526,0.02969383131453804,0.13174924950966885,0.016951514779517222,0.08363886635958716,0.03352724060464882,0.1420946862509921,0.00301335497398687,0.06071532094046325,0.0024185636531488057,0.03500087278941862,0.06454596315324042,0.09875461124108192,0.04598728628505647,0.023163671957727446
95,0.05869746894067658,0.025793915603282522,0.0034273478830805807,0.010035309252429948,0.015575564805184933,0.05608815100365479,0.06098102490242717,0.10092899498987996,0.07365627727139143,0.05229686761515704,0.06803827043644073,0.08285844196692248,0.04600396096830841,0.04616509634632572,0.13011959078092902,0.03622552856797231,0.06297907695161546,0.05203517862299941,0.007962689881104084,0.010131243210217388
96,0.07414457274947918,0.03211556223611216,0.0147780123162097,0.05072796859938714,0.02102816720932108,0.007905816098745527,0.023127332802082127,0.04990675632591935,0.04094663291463742,0.10097248311319149,0.01267852094265605,0.03451164866210087,0.0140295751596707,0.037625434864109665,0.09325602656447758,0.07846462292579556,0.1448819172171593,0.13332868076770907,0.012900176055614339,0.02267009247562169
