site,A,C,D,E,F,G,H,I,K,L,M,N,P,Q,R,S,T,V,W,Y
0,0.017210474193759033,0.050741468623073334,0.05250646546819273,0.022952826381461004,0.016583414606787163,0.0785078642344324,0.03777068023183561,0.02004420470895517,0.01891685626024875,0.011489252325139764,0.01871024909540457,0.028059108832835643,0.01868939634279547,0.027588314723785562,0.48589231099251556,0.015131642958684242,0.015783257008974063,0.009813911668306842,0.014205923964429004,0.039402377378384014
1,0.014559342846718388,0.02125337284169375,0.022753261404438074,0.03407452042600923,0.020990031520268446,0.5042969295432163,0.04603930437120532,0.024262449609464026,0.018151398983146497,0.011500155033839733,0.017749644076979938,0.030291811923793613,0.04665658664165935,0.028305326546139827,0.04266212177177148,0.01772758413674459,0.03133889758960875,0.024922211975119193,0.017360047396700704,0.025105001361482908
2,0.007805634131224284,0.12575240595535442,0.05017142894435935,0.010738777157540545,0.013791685100780663,0.5955672372771526,0.013600830595177095,0.013204470257623708,0.015061930869535993,0.005372852988386407,0.015280096667141684,0.01327640087687193,0.008085661682607706,0.01482189132691612,0.006265515988696897,0.030011193707252387,0.010748567826085841,0.019906541782989323,0.013462522436776004,0.017074354427527076
3,0.07530978712026193,0.13854077034236745,0.014842534051415564,0.04915769042601867,0.017854825910939388,0.4782590417840939,0.019434969937901708,0.016383612884740134,0.01873881326355064,0.007556568333856599,0.020809832633125032,0.02018429784385796,0.01088506448914346,0.022437063396828234,0.01629954324821064,0.007360874650024177,0.011394523858620017,0.02056439932982736,0.014607662505384734,0.019378123989832376
4,0.04259401811276531,0.06591187524548421,0.033576452919810255,0.07110721370676702,0.08393514406039371,0.017636615969993157,0.028116371771434136,0.0427624049999651,0.11381886018790631,0.03275490114211625,0.051685651529770324,0.00904781871167915,0.0016475631120369443,0.08431476971397157,0.05254734572145476,0.061877341028299955,0.07419404809942473,0.09250745699131512,0.007332725801886656,0.0326314211735253
5,0.2761812583782768,0.013941587940177644,0.00759695388696482,0.0817745041537271,0.009519418649992742,0.39348219484132585,0.007130121761449297,0.010056477047851913,0.011095316211837104,0.00336573887782068,0.009710225945870198,0.011086510157420517,0.004424778577635801,0.010622588997902123,0.011782588894318052,0.10636350507175514,0.004852604581212284,0.011194492485073065,0.00705472973656718,0.008764403802821742
6,0.0822619389554596,0.03136051284613018,0.09154704227767249,0.11336439941461039,0.04063881593247923,0.005238544324594686,0.07192523026999278,0.03956612640377914,0.014728826970094437,0.0622760310091405,0.06407994983243634,0.03053829307661839,0.006485338245771724,0.07464753076059427,0.011710808957975079,0.03258968196678119,0.012919953054270414,0.060640220720741385,0.07407132263973913,0.07940943234111858
7,0.02429363741405199,0.04082847657849024,0.014178939805978601,0.012738808693736755,0.01794794404885392,0.006284924385236479,0.014448711217124184,0.04693524712940614,0.014659586012471791,0.005266165890577145,0.03042092228782771,0.014413786826746508,0.01483497947836872,0.013423577427983032,0.005312898405835743,0.08967624703377577,0.6028570109713429,0.006990699575860551,0.009475450049689495,0.015011986766642386
8,0.060252545404013334,0.1307642736979996,0.004962406901157954,0.006998809707832527,0.0058918221134200794,0.0035395266373012164,0.0037305231521355346,0.12538806838371405,0.005892725325360581,0.15330217333635976,0.004395483992017644,0.009604483233101526,0.04223781041921888,0.015805653320523885,0.0018837437012038621,0.050367691461477584,0.1776841650930359,0.18893367758475002,0.003526636668274254,0.004837779867101834
9,0.01640775286651044,0.016733391152409776,0.01664605143444947,0.03432317985997014,0.018443403875545116,0.6265143314276526,0.020170762936804237,0.01832051304716815,0.023691248784444237,0.007222393809931092,0.019984015763433866,0.022608138780780114,0.008272498130321281,0.021619878629317812,0.05255911289231225,0.009421918527424342,0.011240016299711669,0.026695278654322977,0.013173225359998634,0.0159528877674918
10,0.06894923731938155,0.1462633488793186,0.049896116350008346,0.12484686237511541,0.03556227194838656,0.011846808924230925,0.06550231704095544,0.07710851072485218,0.009210162367633412,0.025422158330912853,0.08916920006661405,0.036061173786903954,0.002547903165540343,0.07088901570038895,0.010820320248268718,0.006639373559513857,0.016188828633111635,0.08498235946853697,0.03253038896017634,0.035563642150149885
11,0.03480788140828341,0.014003535248534078,0.01416712270163986,0.021827680910662475,0.04174235291121709,0.00935913132981693,0.12350215340842446,0.08243920785579895,0.16132695264152125,0.04663252600953138,0.16293265350400332,0.04530172671663309,0.006277996992133203,0.015168830847714563,0.02012084378763479,0.0063024264716925234,0.03643542732659004,0.13453070257400185,0.007765792070271533,0.015355055283895188
12,0.01973488556944456,0.05336366413621555,0.036783831201576175,0.035872578106567674,0.06811536388628056,0.008423835427252956,0.026520776232873754,0.02934385768038194,0.03317284521068349,0.05290036741494325,0.030206291932694723,0.03505616683640645,0.03532225676056874,0.03389238179702772,0.04364111131073965,0.0701858478844975,0.029644478611399173,0.014712395447166455,0.2415321371094637,0.10157492744381595
13,0.013519059005553925,0.027424686750221236,0.0226222428081861,0.04728293300953344,0.03152791360220868,0.01120859846572187,0.04008766089488349,0.05942519823536312,0.42564038502566137,0.01299409805467881,0.017839510924852975,0.0888219320042618,0.02231157139368595,0.03806996939646344,0.030038434175567237,0.01597523958814571,0.029040745854526522,0.012858342422684785,0.019892343159261774,0.03341913522853778
14,0.04992189392961794,0.04609975395158733,0.03407938807774846,0.022701810044095203,0.07966471764043391,0.09284165184040401,0.05140643076267047,0.05384780582429235,0.10081004613260289,0.0386665308943695,0.041173891695547936,0.052283140366064414,0.0036250549714307175,0.03889304887032543,0.03150678046892549,0.09679721927412803,0.03636599234727389,0.04905110734780747,0.02578610963430789,0.05447762592636667
15,0.06786838307000446,0.04704941627280241,0.008639219678505106,0.07320320566772809,0.014736181730849687,0.017866154419264816,0.011873340692755389,0.008843548398290733,0.21178590934466437,0.09827873101383976,0.06658720737968078,0.11177072398603662,0.00567917588044024,0.02277934759494028,0.12238838682693547,0.06206473727606074,0.027399614346046878,0.010807699991733671,0.0028308478949129147,0.007548168534507601
16,0.012109813400176273,0.01073133214520059,0.013386806371590308,0.011494757856471728,0.012819072636909679,0.005658286537009563,0.013140642218757654,0.20052890896541584,0.012200712615187254,0.2833579452065672,0.1709468157663655,0.011577419307066308,0.04695675498663296,0.044031337293978644,0.011574654117072466,0.005082477867978286,0.020260581224565418,0.0915271874955525,0.008517788757300705,0.014096705230201139
17,0.030646600008859604,0.09296169090683556,0.04080394121463324,0.012400579150508639,0.009837817500293717,0.044321053447737124,0.06099803990832727,0.04916406316387156,0.034826658615165,0.05500336899016062,0.014641827717421873,0.227145313756209,0.0064617593159306055,0.05331495603265129,0.04220725607260066,0.050013036137566615,0.09020811938003444,0.03736565041657927,0.011964713521118383,0.03571355474349557
18,0.1119808317539821,0.05851303023389353,0.013174750004530224,0.027190393547244916,0.020883892237656472,0.13068085561576975,0.06336167603584353,0.07280908320059135,0.007011750850956245,0.07586558367641066,0.0654751550886555,0.03978037585220648,0.002918309246222282,0.06609938852198802,0.06533244787638756,0.027425989872881463,0.02900703658759146,0.09846693686953734,0.014011258508237302,0.010011254419413796
19,0.008062842269027985,0.08442769604160597,0.016362416552581954,0.009709414996311932,0.12124452980563777,0.008090263140361261,0.009632097037604646,0.04036089633093896,0.019522191155392818,0.3002007856589878,0.22333931900250067,0.013345806813472558,0.0044816690131222105,0.032876808241390755,0.0037637959165879253,0.0030958217358461296,0.027361444985412858,0.03575930182975645,0.006144541272338922,0.03221835820112053
20,0.03171768821213952,0.0660001046803479,0.03704922398888932,0.01505365602373945,0.007264094637856352,0.16311676047209886,0.05212841158677332,0.008579579286529438,0.02570235142605216,0.0533083746487205,0.10593002228963862,0.04866315201601382,0.038730824289060134,0.05589884437834139,0.036611213887552466,0.08849052990708171,0.09626440426471697,0.05928834404556724,0.004670033071558258,0.005532386887322536
21,0.082247809011485,0.03440024717715958,0.12022489706733645,0.01437721642156868,0.009806425401127541,0.1180708557947305,0.14127535358001303,0.006819902535428095,0.018337344251566072,0.03306817381680078,0.012816864048023319,0.004544435787165533,0.0754450999622542,0.043195628233954855,0.05742323323024723,0.08339819772158161,0.12179353793593879,0.006666171230475257,0.00826179245268042,0.007826814340463043
22,0.10928746734820612,0.0800179521761642,0.033779580602219805,0.031334326522064554,0.07598404071383154,0.06244607188298639,0.10419692679346985,0.010967441779243574,0.028233562462436818,0.05570769324535863,0.04538975871676995,0.00733851779029401,0.06019268444683671,0.08391992638782163,0.0047299896318870075,0.06779552017595962,0.056824636236027494,0.043353753151627164,0.011083353425920709,0.027416796510874177
23,0.04895266360505924,0.12897995299214382,0.09858580541181959,0.13590134904551776,0.011173010117006362,0.034558457086101876,0.059159293682340616,0.010909715030033983,0.01763669662421156,0.015486447365475496,0.0088522409230953,0.0973310410538381,0.008372946992606654,0.0287496798781195,0.003626692927676308,0.11841579582674878,0.09328304797451899,0.05437969181290416,0.008055724217372702,0.017589747433409228
24,0.019396621692368315,0.047118771783756105,0.03007876878237862,0.018504668764214038,0.3305725452740421,0.011917708578613902,0.033234555907826674,0.029013389713912454,0.02476563424509353,0.04281292756343478,0.01749595698946585,0.031221654245776484,0.03406371834879486,0.030522644770239946,0.013532171002847761,0.04531295863700826,0.019263368132918377,0.020797649023880115,0.1535698581022356,0.04680442844119222
25,0.049037999801069064,0.05002483544243756,0.021104516933333737,0.009706003504855306,0.11822838556525028,0.023150695669073025,0.04075618404587631,0.08979531436706736,0.014997945976716682,0.05386291467679939,0.13127633213972448,0.04327374523960072,0.00469501498647545,0.007170045343637713,0.05827543213752209,0.10469458751989205,0.028945423741709397,0.0605497359025856,0.005757857909361567,0.08469702909701225
26,0.015189013524028802,0.03642748123196919,0.012515804697195466,0.044262598769958354,0.02079382542510817,0.0037470555019969275,0.01159578063295763,0.0292262005751321,0.01908346451956004,0.005266089170306911,0.028902938386335574,0.10128111320611803,0.03880053413048639,0.1827072374976605,0.08007475898544462,0.1497735204444558,0.1726308634038368,0.022820862580190646,0.0031203758675805437,0.021780481449677497
27,0.017770796631346928,0.046748130988451445,0.024461614283595275,0.014774652332419114,0.1628940443581555,0.009643351070014327,0.05327440292661139,0.021616423502440165,0.019834364326844656,0.008810185362002922,0.016938917542892666,0.03161550951380883,0.019375533093985587,0.02314073605719356,0.013325406346837418,0.0438415208673142,0.016928117954963864,0.009424811338202343,0.020950698558412313,0.4246307829445075
28,0.013798210296465175,0.04218257575708017,0.030417120468410996,0.028061044602321176,0.03006904679748822,0.009862385263247637,0.18478810998503528,0.06117849800948236,0.2836971766154307,0.008731164839995916,0.013167667398192032,0.03076553385614341,0.015394651043311064,0.028003821645717346,0.06823327079045825,0.036839777805330154,0.018246724623526316,0.009975537525259228,0.013887362630530092,0.07270032004657453
29,0.12574161852635873,0.05468515023916714,0.012832841251450677,0.024532307214533144,0.013178635269831096,0.08156749987022975,0.014494869889296066,0.012368464119065512,0.16936196431535305,0.022763673645334246,0.03386459681816203,0.10334575839840136,0.013211304726588814,0.015721177634972598,0.13010842877545492,0.0831988867045567,0.0222650506521919,0.045566308028884,0.006374296935302047,0.014817166984866239
30,0.08552437728128241,0.2751845012938342,0.022569838222005086,0.019028800933367084,0.015068057184741454,0.007805858459252812,0.06414936113937995,0.017711412537843228,0.014271493274928028,0.023822413443090086,0.014683744120649003,0.02062120394156755,0.01584459101943726,0.027459719282604295,0.007338687426717188,0.15809191077378631,0.16433736135809027,0.018050319733346008,0.014851164874313856,0.013585183699763905
31,0.20335324315704165,0.04405039087205739,0.030111011634514562,0.018064529832525957,0.022757544387609855,0.35653172444565717,0.025924443262036873,0.02164482570135329,0.018515545968639864,0.011202399942356465,0.01803851219445998,0.021685251185168165,0.01285954108563451,0.022374688204785345,0.011147644270693516,0.08311209441793878,0.010874825189662497,0.02884858289393166,0.02057485816604202,0.01832834318789049
32,0.03235361817776509,0.07811529546355743,0.02562784942537296,0.037645640560310216,0.051771467410870284,0.014082512327387355,0.02880106412184287,0.36040712805306724,0.024662871026058297,0.02045914094592855,0.02351105619028165,0.049744017374866334,0.016999123413078073,0.02317818576933985,0.012312112642635393,0.025202141204899654,0.032916241822655984,0.07941242462876838,0.029723490679987436,0.03307461876132698
33,0.014346283726908667,0.030421829022579675,0.014925409158891534,0.0072797268136709035,0.02271482474841077,0.0210288749340928,0.025331923359840865,0.05591445207119998,0.0751642492823436,0.11629934032353678,0.012140411487787543,0.020960477264262128,0.0242263492723811,0.04545826615502776,0.00281811320738071,0.09894136524800354,0.13567336755879422,0.014982737282213932,0.1991935561536288,0.062178442929044675
34,0.033210005266160046,0.020658408345959133,0.07465669076384694,0.4855960377291998,0.029421461251164988,0.03976755468119362,0.021682988665763365,0.023451467195601587,0.03368600424156195,0.01518022838768006,0.022263369705523662,0.023590338474701395,0.013972832406679405,0.03290185936740883,0.01254339119235299,0.013354924899109187,0.017027338219775975,0.029576906615776482,0.03158369081902173,0.025874501771518874
35,0.09683238539671356,0.04070530470878975,0.01335844466195846,0.016953075260253053,0.011775313186562568,0.019917064858312954,0.012402790107468885,0.29903631793031443,0.01816398449246086,0.006054191368598469,0.038938101567576516,0.01699211008261175,0.03571496834448791,0.012339491969538149,0.005065409017315648,0.004575965632206621,0.10908555221673683,0.21483120432697214,0.00922576853084277,0.01803255634027866
36,0.11893839747515503,0.07217933976192571,0.029747262459996055,0.021940536541960223,0.04715210207859411,0.06363260051073627,0.03875715431091944,0.09058189200292485,0.018100458069706907,0.05875982756193532,0.01974547695631569,0.02789622971803763,0.028462097024852778,0.07974813299176378,0.008620184212968294,0.015889252511824246,0.013350142570086888,0.1482658039262866,0.053063340574552025,0.04516976873945809
37,0.01747199071732772,0.03908570139759968,0.03460319500148795,0.02938896585822638,0.024968233671443955,0.02247816730610006,0.03419425473009283,0.051683144100571406,0.051384259801654855,0.018962279141479313,0.019710776587676063,0.04577851885831427,0.03283482014636066,0.04432026919440027,0.3128268832323501,0.047461641446486375,0.0900696854468392,0.017625953243833776,0.025614087403171972,0.039537172714583166
38,0.06914284492548263,0.028631196152598296,0.1823866148635822,0.2467450093545537,0.017696055390108528,0.053373821942698046,0.013910241672789283,0.024957237711610552,0.01965246320436965,0.008338303793344378,0.046802545466302324,0.06761610015365298,0.005159682649568505,0.00990974364353397,0.00789125950581196,0.006836874672888581,0.052821188410374566,0.012971895657692162,0.10671273172041758,0.018444189108620085
39,0.045653997569625945,0.009684569244847131,0.1080667891696171,0.1354434383693475,0.006222556074188983,0.028479082748444233,0.04506124966679784,0.1167912498221212,0.010658810768689478,0.09219392013542868,0.01807502610555055,0.0278642225261203,0.08066219676508225,0.09290626854670359,0.00980554914144486,0.006763542626539656,0.07266110625474413,0.05339159030709505,0.033384988634687064,0.006229845522924454
40,0.45994433715115346,0.02219557347148446,0.02016031407793789,0.01997856198819032,0.023576388607063983,0.029782382708621515,0.025239297474627425,0.025920428487351727,0.019065211938610695,0.009370383260276964,0.02068224750599858,0.022631478282341834,0.03864908639465799,0.021878241597647136,0.010222004467719106,0.10357787148380071,0.037303703869089114,0.040439644389680514,0.030652153598830067,0.01873068924491647
41,0.09637866673813004,0.0591016317511534,0.013939268992224925,0.013823916495570366,0.013897208865496459,0.003963759839517669,0.024993744713977573,0.04349601734174176,0.10765879375653531,0.014707784825589957,0.01402503871425866,0.014338819203168327,0.00367435282780441,0.06514322503292204,0.19256296187571376,0.12774079293482274,0.10738973986741535,0.05947009294099371,0.010038267403340729,0.01365591587962285
42,0.06195124594845115,0.021760823985667848,0.00728362169894151,0.01849198271745585,0.010323917095347648,0.012725070744223783,0.03474270751817298,0.05246334828855033,0.02194655941056608,0.05839633292024481,0.10156283826855844,0.11648480867217545,0.0017340080312400281,0.07143953791831335,0.09702371892292738,0.07956413492652771,0.19203130103763646,0.02529595488185079,0.006106809295524617,0.008671277717623774
43,0.15821666009261662,0.21274499486495302,0.019463402004673516,0.012879768661203007,0.08801340484941074,0.00301386376202435,0.06283989172653663,0.012441354794174566,0.015458523865387094,0.11252318913253308,0.07028060206795118,0.011708995599207603,0.0032783456304274977,0.047113689272148304,0.02092105215368305,0.06415969307777068,0.0221590793673428,0.026648602793074492,0.013230402875844356,0.022904483409037456
44,0.011998803284990539,0.015621298367522036,0.013418832616789417,0.02062710130204706,0.04115346956326792,0.009838894256906334,0.02836845224616172,0.32279953606749234,0.014467016494994918,0.3248337364329511,0.013562587568691574,0.00995828523370279,0.02215187553442218,0.01295189066869336,0.008257504904403959,0.0059485235004049135,0.0151628399788908,0.0743991816255515,0.020859233193468534,0.01362093715864699
45,0.09709718047784698,0.07951603238076599,0.021845026686940532,0.04570997443117452,0.022391800223548995,0.0670961965370297,0.04092824987820851,0.07389978186025295,0.06615616171565412,0.05840680843130522,0.076033594497215,0.06120262270950574,0.0014662439344830759,0.07731792409903068,0.009096979218529767,0.059112961816642516,0.07490992780840419,0.03278589361877003,0.013512470883464068,0.021514168791227428
46,0.035358664734575294,0.08818274198018004,0.12610341530589683,0.057922483396565735,0.010727378643110911,0.07758410754747688,0.0543967104451004,0.04820235560400739,0.015676263617949715,0.012879570668702576,0.06162810482545592,0.1856123756879171,0.002138697242048946,0.08199811168500752,0.009323551083760524,0.048185532881507315,0.047717923785866825,0.02361629611422676,0.006044812247800157,0.0067009025028431975
47,0.04699991460137763,0.10627120682987119,0.016306503337891062,0.02681769578623761,0.015450391496581216,0.14108897424923078,0.12474330234272216,0.004809245073379908,0.09877425106656167,0.009239974188079153,0.11355737831106658,0.06586597207934247,0.0027942449753793927,0.0288088709625631,0.04467882101842479,0.12058258706749973,0.005143186000442143,0.003953269723763563,0.010023916515429587,0.014090294374156272
48,0.04065701247060066,0.15048564364737946,0.04398700091925812,0.016846040091117818,0.15724902797877996,0.007701652297576337,0.02911204792640393,0.05559626555449694,0.02136140009289494,0.06529348150277968,0.06043848098712548,0.15818386661733094,0.015775307646878477,0.011462730503890784,0.011813958052388109,0.006774292500041686,0.0690341385085138,0.048328644590363186,0.010319810226170855,0.019579197886008853
49,0.04941254756983374,0.030307308441299426,0.05529571801553193,0.012718117985711427,0.00884511230808372,0.05445112356637413,0.014856974391694956,0.013551076045980806,0.057429166823514205,0.0806166388832074,0.010473821252859745,0.11211535728292246,0.013209255227102954,0.00846913243335495,0.04552465717461623,0.06859348219861276,0.04081059064039345,0.041558107836779684,0.08194504368402661,0.19981676823809935
50,0.032615617136388865,0.10122600604300512,0.19262102573751566,0.0414044163176772,0.09320083191924076,0.04636640664129396,0.0783269025908614,0.02495155866374052,0.02460336911564067,0.023136933792828326,0.011027307592151385,0.06596353734650573,0.011024207208874457,0.009536422995594452,0.017883576143452436,0.04198676111637683,0.08102307793512194,0.029833766564937834,0.06427556030139685,0.00899271483739563
51,0.11588128746153173,0.044061044786087335,0.008754410983392767,0.23363759790597605,0.005928034087358344,0.15682498036235043,0.01566066954271698,0.007567486197344357,0.01106753077959981,0.02899295525737143,0.050987633770803474,0.00969695406466667,0.0032029849916026805,0.040028695466302694,0.024829836494385343,0.16944452759469258,0.047244145697762224,0.009429278276312845,0.009835450221453778,0.00692449605828845
52,0.013022744629955296,0.02050071509586179,0.030804171498244534,0.04600548142674975,0.0207054270079553,0.591015101657,0.023556461677611502,0.02685327430677088,0.020754103448817375,0.010028980724611758,0.02624723854195796,0.02892296854223178,0.010203857376299192,0.025134730338264452,0.03387904646110238,0.010522704136509615,0.011249159907308761,0.01049361692361692,0.019345213521702716,0.020755002777428
53,0.012702853053074791,0.05959215473217386,0.011959171282350124,0.011160088112369416,0.2571388739599962,0.006164215972731278,0.33194412732544454,0.02093040905869998,0.009171920205787902,0.003705896510766995,0.0182474025264871,0.018043822878777007,0.0032742217191403127,0.010611593267098847,0.018569122188833536,0.008977114015189521,0.017044193515428532,0.019163604693559037,0.11491717276419952,0.04668204221789148
54,0.29618086063357724,0.013217309109937108,0.025274053416519608,0.020207437334845247,0.012316704181814284,0.016458799325365314,0.0127183027490519,0.014557700143183559,0.011317086804879835,0.006488776951718537,0.01456232686208092,0.02355584644382709,0.2796124070243474,0.013735350962590692,0.006215700246363688,0.0795576998596724,0.09859101101803973,0.01874663753125897,0.01841893194742319,0.01826705745350328
55,0.03340780669442909,0.013399272290563997,0.011749286762411841,0.011128033535774599,0.014397890017466795,0.007361857446425634,0.014550031970157841,0.0754638680897476,0.011186813134890736,0.006856688850920728,0.017624852696343257,0.011136395456976107,0.23049690400895662,0.012888076875952425,0.007119699097014745,0.005072302216907351,0.07016399101155457,0.42359704398300857,0.0122569623912271,0.010142223469270392
56,0.01220317265850635,0.01893769761057145,0.01887839899606176,0.020388521782101394,0.05957123873352135,0.011854927245050103,0.011949568761023455,0.020049478820036833,0.02418825232129468,0.009716594839770627,0.027050461762439658,0.01849888869195049,0.03013033743589169,0.020299390424510507,0.009972104613499943,0.6041290691201471,0.016632919153925986,0.013182972556666993,0.02129097367064216,0.031075030802387573
57,0.01308807726624,0.028841148708932604,0.027749563111153844,0.02175237189296942,0.027781265251213643,0.04319968110994519,0.02031879579909788,0.02756691910508744,0.020895608253777266,0.028432327717323073,0.033490167966145394,0.016430616321617488,0.026582137903203962,0.04945945035966069,0.4914272063058862,0.010900849350130389,0.010363110677461049,0.0331823969187447,0.04189987386956801,0.026638432111841734
58,0.025175837828672998,0.019840246466793963,0.016672117620221985,0.036755069775967555,0.02001769186241182,0.6486482998035351,0.018693845583056902,0.021599899799504402,0.021711512542262074,0.00746883311034571,0.02428410260020146,0.016980263765618564,0.010552347432297082,0.0160204709697124,0.023550402817049846,0.009359155554086451,0.013639244571586426,0.0110410795421122,0.02134686688709535,0.01664271146746765
59,0.10935898249282823,0.04195098668158149,0.021773867388742707,0.0185421459443733,0.020042914767663317,0.03861733596374623,0.015929069186720195,0.030432861411666505,0.02593963986710198,0.007671587906042212,0.01744943054753157,0.030672257051182567,0.0075399666928764614,0.014684043940111777,0.016016338137864402,0.2962465654560897,0.11603571862502854,0.12121640179749106,0.017119177438706674,0.03276070870265105
60,0.1280918295380507,0.02380948856138735,0.015869309135850898,0.08142786796242837,0.018222603894555135,0.06643868612084147,0.027583296276949408,0.020597849068780198,0.03325632618247372,0.01560744398170626,0.045768267255934914,0.03706057918667879,0.02450765123005584,0.022430342452689534,0.011158594832200696,0.2726518386498306,0.022107031635349345,0.07410067093647542,0.026103946900519998,0.03320637619724133
61,0.017445777185061954,0.017082243790349644,0.028707386922915766,0.044834274984943044,0.02581016718789505,0.015836406117560608,0.02616376736125712,0.02383513966585687,0.4133039574560904,0.010770958152919903,0.07125233951244285,0.05778363999418983,0.018744870600944322,0.027841901556063187,0.031276402532723034,0.023817079411350275,0.08802122646555186,0.00996614275851816,0.022910778882633643,0.024595539460732518
62,0.009270546645197162,0.013324038690160642,0.015062761820464456,0.018906376156244808,0.05763872826335687,0.008951117423076428,0.02516760638851048,0.10536415541381976,0.014413581648039013,0.4965341647216408,0.051696856512469094,0.010923283860018066,0.025743902850396825,0.016850894636449506,0.012722104873484722,0.0064149588168101335,0.007909755893653033,0.06914342611057454,0.018160419899097714,0.015801319376535877
63,0.1452545043990738,0.01599037487068268,0.004115531295318438,0.06480113184588737,0.014430755823970859,0.05224478554802491,0.004613197833247011,0.017991580101316837,0.008806939154245373,0.02455465587386469,0.14991801275533065,0.024911614171668126,0.0015296889114632568,0.10448662904222121,0.061907630097204035,0.13113955512925063,0.029496303852259043,0.13066957039465393,0.00794837975510548,0.005189159145211663
64,0.012177267187884512,0.01981562895802726,0.018831048480206194,0.020989906238137165,0.09830181182918647,0.014710791213986633,0.01543509258911944,0.014665249465547453,0.014241085034344004,0.02060673122560426,0.01571297134796091,0.013477273294295626,0.008851749279804682,0.017941563958788077,0.024143774657654243,0.00686816482121513,0.010294614540029915,0.012569820621541312,0.5046176831128133,0.13574777214385345
65,0.013614007452608143,0.01922180462984922,0.023441740436678946,0.018932760334292493,0.03470825140729894,0.013924232995654217,0.01734077060792849,0.0976625269057346,0.019439006653359542,0.4433157219848166,0.061681273697123035,0.018656104651775886,0.008448336447313068,0.02381143294918914,0.012130774060538889,0.04176259913341891,0.015551759423691126,0.0617323688903801,0.032290757799973695,0.022333769538374983
66,0.10073721240271107,0.09313291275713578,0.024876451210356084,0.025972039232628242,0.01994290462035152,0.038788134524641645,0.018973311166971776,0.022533400719218367,0.019307582707617166,0.007169608257614925,0.02633309393572298,0.01693281896294498,0.007201355265481375,0.022867991588473156,0.00809165395509499,0.017776077917942532,0.17005779914635347,0.32835513346847806,0.015130334771084964,0.015820183389176925
67,0.016131181782770215,0.029287670312747538,0.0438621665773214,0.5335262411550048,0.02547250549560988,0.03941073548354761,0.023816644356710107,0.02477517651620799,0.043837668691359355,0.008727392996293026,0.02384262150777791,0.01559193161350074,0.007199179874138947,0.022175673567581468,0.02185899815043094,0.00922533736206609,0.018453217874736028,0.056220553614613894,0.018397972336961263,0.018187130730620792
68,0.014996237201964822,0.025532398010119212,0.02619462714618336,0.026763557418904817,0.022671320419422863,0.04786981382265788,0.01484752167957686,0.018602066227436435,0.036091452809129815,0.010605630789458061,0.02316542272242012,0.018998015776213618,0.011105174504637574,0.021154661765076424,0.5828386722975826,0.01641624475427119,0.022268859439585356,0.016431204041637667,0.023515136094611252,0.01993198307911
69,0.13321620920615615,0.009678375864986932,0.03826140348615205,0.037223430813950076,0.008527509090723608,0.49093893228185487,0.013055913722298808,0.010096775472817583,0.011330181586963202,0.004239885985016081,0.04344370757046011,0.07965663907112716,0.003857561407303711,0.0101659301026481,0.010336112685267927,0.043794077760596635,0.004291213992959244,0.020659526474088294,0.01573474879712205,0.01149186462750737
70,0.005208806092085011,0.038926046261516765,0.013043902449079872,0.012860566485511983,0.2467775519171664,0.009247830875240339,0.03545868596937025,0.01843282715184144,0.009294111559220792,0.16505933742856835,0.07311484606395424,0.021417053567976664,0.00303150197786984,0.009095458210926194,0.004790724115385354,0.01174595828765672,0.005033051985148742,0.01459893213556986,0.09777939058274628,0.20508341688316487
71,0.006976106511226603,0.30225981483650605,0.011942256751671616,0.01513458334632765,0.012936437838900642,0.007242236433851592,0.009510555336293391,0.08045827875144125,0.01246052052175788,0.16116549351233814,0.17510602933658734,0.010011510426449132,0.024376819278955877,0.022089626758118753,0.005694591937238022,0.005327669671663658,0.0050823470351951455,0.10971107012478228,0.011464002865792054,0.011050048724902924
72,0.016768503631493185,0.011083219182583853,0.014514386117842346,0.1290394137246936,0.023496673594593464,0.10917513921619774,0.05422341031179929,0.05630682233932739,0.05036180505727583,0.03369824818259776,0.05624129425499215,0.03142984754107224,0.023334927011524793,0.0670576268117901,0.01415937663577103,0.12048800201419987,0.051953331938624434,0.058097367939249786,0.06578765017666506,0.012782954317706048
73,0.03787423500956326,0.024848158532498832,0.031875180659753095,0.03231318051332603,0.03470158569851034,0.017365507775192475,0.06290119550680741,0.03564456562273379,0.027899829319385096,0.03415517787327821,0.060963417639084604,0.03792108371377552,0.3134503501200096,0.0357159501951442,0.014165203981675105,0.026865206751452042,0.0696962740247017,0.0441514890941518,0.023558992655032442,0.033933415313924395
74,0.024126830062334584,0.0387885102614348,0.023003740271726338,0.011345186941534087,0.2222930883600735,0.034303057129891144,0.08599205804546926,0.10263376653638445,0.008094056105442272,0.08798129905020707,0.04461038747616204,0.025737310746744235,0.0050430777521217746,0.0321393814097471,0.003701437977150726,0.015292826602541039,0.012717904383244865,0.039361162982723616,0.06220263571032464,0.12063228219474245
75,0.03948345421891455,0.02111321464880989,0.020698308756773625,0.032161350348394936,0.021081660668893068,0.5272454966213862,0.018195809971375966,0.02476857951430533,0.023374449560102983,0.012054436652805952,0.02216787703221534,0.020307677588330783,0.01387528394480152,0.022023074432260897,0.06703398102830357,0.012312779785471862,0.013467040529736761,0.0431180497813707,0.025821793530377425,0.019695681385368584
76,0.021826421107905298,0.08702102951844874,0.013949841345346624,0.015407297092050742,0.18117524736662102,0.014827995423349722,0.08851959527961957,0.01256520356346818,0.13991157416110356,0.028787963984430575,0.010595052792679156,0.019149713894590963,0.005810540771351121,0.013053530785045536,0.059368200188360844,0.04494751341197729,0.026230174909670494,0.022509861535985578,0.007949902486773942,0.18639334038122105
77,0.03431648773046025,0.4057167244106872,0.011154079562326686,0.02479233243192582,0.006690172500814053,0.024456142448760567,0.00699571067659378,0.03427700918195496,0.015257391982586051,0.027399549590800223,0.011664230050110722,0.007839761404118406,0.005530175822898677,0.009963113085823235,0.006441533471977607,0.004046705676223262,0.1978657720952339,0.14175060606713996,0.013950998866953364,0.009891502942611355
78,0.08193571269207318,0.022428311338578588,0.0497960255984321,0.015624788895027789,0.01916560956992301,0.017315960752008336,0.013550848094240897,0.06990513132034476,0.018092872666577678,0.0447241757767085,0.017190928330283874,0.011639841534817355,0.008689861764162357,0.016166584791185223,0.00765915181085316,0.006255234623339575,0.13813708842761122,0.2782284295431413,0.015441367219195933,0.14805207525149516
79,0.013532419629080274,0.02412358721579095,0.5535495505464497,0.05537532448903811,0.024102107590914072,0.040785533374527685,0.01299608638773272,0.019683478444016023,0.02636485359518518,0.008941003737419363,0.021579623468271438,0.048106431746710615,0.010292201915862925,0.02531836564959062,0.010452617891688783,0.009570483361806627,0.009692188498147975,0.03403487527429086,0.01985970818959147,0.03163955899388461
80,0.007499444309313012,0.01687790461204005,0.010868320220479878,0.01651483200522782,0.03828828195286309,0.011927513956151829,0.03887402159440531,0.2762760503884675,0.019007748008581266,0.3802500490174812,0.049502093480703516,0.013131805217325586,0.02456723334382343,0.013006307285268165,0.017101047141502942,0.006610146451798141,0.006907164865078885,0.017189372969361846,0.01977053592003167,0.015830127260094917
81,0.043652181132712464,0.037354014739816976,0.020279004253426693,0.034663688630890685,0.018706758925202824,0.5392327908118777,0.016517897548419255,0.01716096150345227,0.025194741468872805,0.008609687131602798,0.023403839870980027,0.017960006742093117,0.011280000278072537,0.02269832603127775,0.07042695839592297,0.00854654357059598,0.014391540030949246,0.022970739370200756,0.02810598778766884,0.018844331775964288
82,0.22753943823004694,0.4067053939649573,0.01048232960092643,0.012815439189990592,0.009419287479746453,0.018670411869046156,0.010214410796067767,0.01195464147576849,0.011495262507901142,0.003887037439866455,0.012107178381286346,0.009166491075574032,0.004277780135788234,0.00969505040621583,0.014554780750880344,0.13178211061378203,0.04638385793590792,0.006316339444334432,0.02087645523659276,0.021656303465320315
83,0.008533046656899959,0.0442094955965004,0.03626793640266534,0.02098678211541425,0.019998096554695637,0.6237614484691286,0.014365650808459357,0.01863349486545454,0.024707409629143636,0.009594870629887061,0.020833668550511136,0.012484066278385667,0.009301026900069261,0.020692790696420053,0.01434395350130192,0.027506714842011552,0.00843054886255003,0.022533187097137804,0.026660303546403634,0.016155507996960108
84,0.022311688672781785,0.03713039585790956,0.027334041929133253,0.03019666343907237,0.0349552764114341,0.02324567944365204,0.03805322661401442,0.06113519971741139,0.04165554662159666,0.028995650783264024,0.04089117345696024,0.030508338363888776,0.036927185586069486,0.029847652241423044,0.2747926421967645,0.07076402255118079,0.07668550917283655,0.02393968793182633,0.040607729253342585,0.030022689755438075
85,0.025418611743483734,0.031988735518122556,0.042253963576006234,0.03978748845120664,0.047793224416805245,0.26532780683713003,0.04430611714685092,0.04068413727773238,0.03630373338709943,0.032157597756875274,0.03214654268261343,0.049715245887868215,0.029783938551376076,0.046477595091044974,0.05871154528906639,0.04052718954767832,0.03819635202876755,0.014300660128101748,0.04606442272281438,0.03805509195935645
86,0.013502049436851439,0.02823918777657219,0.06291172490729038,0.03114186946462147,0.019956714956748955,0.5161236390740752,0.013517767061585811,0.02217218648544092,0.03541416488741499,0.010470747528237293,0.03130574165742008,0.022284418180189478,0.005738904026779679,0.021510486930421416,0.00906759738049812,0.04445698452527808,0.011896864695198468,0.04709603218027135,0.03496949444018646,0.018223424404918215
87,0.016018083109272722,0.03042451599605115,0.02500104023940403,0.033356032369462676,0.03107016413620965,0.04372296973367655,0.01947332695571397,0.028522208806521968,0.02495198075075838,0.05133307638148044,0.022315918625240568,0.020270340402543593,0.010454346624931696,0.018333711944416325,0.027718660633225936,0.03406283062717095,0.013035864793546644,0.020153174802156774,0.5084823117616385,0.021299441306577543
88,0.22907538151870654,0.1779092722362941,0.00917734930935595,0.01539932807150168,0.011460287044183127,0.03468646722478979,0.007586081392143163,0.009192840664794864,0.01720732572135694,0.00499767329144703,0.01406481311222197,0.051682009586710376,0.0027296464796148752,0.013878470518084694,0.006181042618991418,0.32734664138620734,0.03277400566971263,0.007572410114701043,0.016411987796900496,0.010666966242281976
89,0.005173301052358352,0.03237198367106354,0.02397017267648573,0.012865271204012459,0.08544250454732812,0.005201151713586698,0.031281744671016014,0.007961251149358561,0.01031865725912821,0.010588286087271742,0.013560113750910801,0.009490450813967875,0.007309798504980235,0.3239949201748259,0.0045579814065195845,0.004966692351039196,0.00544597732281326,0.00632387402656682,0.032947607965564576,0.36622825965120226
90,0.008642585316221578,0.08465431372690953,0.030412616983079545,0.04384331182067761,0.06978744108863896,0.010779012426605904,0.023335689042252805,0.01776887092014697,0.027418664321011976,0.11204759830972355,0.04169441341639059,0.0218411468038252,0.006755849962039352,0.017319833433363276,0.008690616304150214,0.023052254592309463,0.007908854503505232,0.03342833712172898,0.020078173600134173,0.39054041630728514
91,0.11295926526345265,0.09392802088009723,0.002147200117292986,0.005922575780292045,0.0050861810730264455,0.03203833055929771,0.004024128864494442,0.2775544676386157,0.0072002006276119,0.034309540354670466,0.18313482369589548,0.003316645861059439,0.0009846347300471337,0.006371849745669216,0.001965224894136487,0.10297992792888945,0.07016285135911711,0.04526780857126258,0.005553989089334078,0.005092332965737462
92,0.4560383998627827,0.14277331666910237,0.030534853259816187,0.020447362483564217,0.020068271348260933,0.06210085040884705,0.009504880758609127,0.03832321345843583,0.0226007169781271,0.007006331709833374,0.02074966385422055,0.012257385527879276,0.0038064091530459337,0.015144436954430284,0.0050338413722237785,0.03056168532908555,0.03901224555076101,0.030192509450252862,0.01603700557158053,0.017806620299141252
93,0.08103542065500491,0.062173050301425226,0.005903213271904716,0.011216425964697671,0.006547040834567329,0.08841862224480403,0.018324265544117778,0.031469743653065575,0.007586334193435749,0.0024670255374901577,0.009029111635041687,0.021395933131984953,0.0065079953953671365,0.03268647140345542,0.006566657874843706,0.250061635423762,0.3231884866286256,0.02150774140759078,0.008342894277669712,0.005571930621145934
94,0.025913428864713206,0.03749933522156718,0.060636472166303745,0.007361100251349379,0.014946997141298228,0.043892168445443816,0.035932050179226266,0.12335511102672345,0.012069822387350724,0.10832399712414915,0.02927087602807635,0.057548965716208454,0.0020560551096632657,0.22446296545207287,0.00512084735797611,0.023904834724416783,0.030861428152201945,0.04149954306449398,0.06736586946797511,0.04797813211878998
95,0.04766844270297495,0.04219323793229192,0.0029342738145245093,0.006476630114742643,0.053082727459653305,0.01692377101797167,0.013280494983282938,0.10528775155548853,0.07101022953922927,0.06869700405025787,0.056675422990094204,0.10312669232914523,0.04641959384756815,0.05141284487323035,0.12546031711564665,0.08231917443357213,0.039621708602693886,0.043554090068419454,0.017429373227188488,0.0064262193420238645
