site,A,C,D,E,F,G,H,I,K,L,M,N,P,Q,R,S,T,V,W,Y
0,0.019298075700462936,0.21903692549089535,0.03807613696802408,0.03280672869078699,0.021871152460524658,0.008248702212351038,0.008054088436215492,0.028120053163531705,0.02400492343228316,0.013217102901156005,0.026600050289827287,0.044736448214709526,0.022969471275278215,0.03936807442894438,0.36149701497320175,0.024029308176043797,0.019298075700462936,0.009198148231061774,0.013669470287827909,0.02590004896641078
1,0.010799342507485139,0.018343781063846206,0.018343781063846206,0.007923255328948595,0.020567269677645748,0.24780772323572078,0.22623996645410321,0.021209996855072178,0.01542545225823431,0.0078013781535897645,0.015082664430273547,0.03393599496811548,0.1696799748405774,0.04241999371014435,0.05553457611763964,0.01444084892260233,0.035722099966437354,0.005171541784058066,0.012340361806587445,0.021209996855072178
2,0.009478906641496728,0.022733985912038342,0.08572370239934907,0.015494366625523497,0.018737373593656324,0.5955647302424166,0.017707847572026852,0.02335382795731078,0.02517834576647569,0.005881073463702349,0.0247909866008376,0.018311524193800496,0.010532118490551919,0.02092745622148628,0.006471542686965637,0.0380917097311524,0.014260302027030474,0.007995267642532175,0.018105776730948805,0.020659155500698
3,0.09970156661236466,0.07477617495927347,0.021103803994122858,0.02406901802995062,0.02694102637547599,0.46639738576283246,0.030148291420175513,0.022214530520129328,0.030883615601155406,0.008613797548621575,0.03617794970421062,0.03165570599118429,0.012662282396473717,0.033321795780193994,0.004154799891708261,0.009310501762113026,0.017111192427667184,0.007819356096220916,0.011281499134941862,0.03165570599118429
4,0.04513606548512497,0.048415821644100444,0.025720905248428367,0.0647357615241343,0.021659709682887045,0.006962049540927978,0.03710556822724092,0.04938413807698245,0.09761173086662914,0.0398521535864977,0.034120977194582035,0.044624221153899815,0.004586409364545941,0.11831616414277045,0.07212536092215943,0.053639061904497534,0.08187452999163065,0.11593991807413394,0.02305950910504538,0.015129944263781392
5,0.1762498809692322,0.07111085424108156,0.009613209489845747,0.025788858312534885,0.023901148231030192,0.4310929302570217,0.010385699538136926,0.015106472055471888,0.015934223948922403,0.0038263103561557085,0.012643460307297124,0.014360473435448584,0.0051242217985521385,0.014360473435448584,0.002621273259240712,0.13550257264836013,0.006498314794811931,0.004355072340742583,0.009017041459467719,0.012507509121197156
6,0.03958024068950038,0.04301378426208341,0.11615493039642337,0.13117593765890992,0.07653659665339842,0.0036314907528928685,0.042542419957992884,0.025198202590503486,0.013934212407051037,0.019015002482543526,0.07289610658179804,0.011840119289513685,0.007019499293068828,0.11796795350947671,0.006529766784250072,0.04326483841010975,0.05296149167225581,0.0319084310254303,0.07763376867478818,0.06719520690800929
7,0.003259661667396064,0.01821975776270146,0.02200568145365241,0.020171874665848043,0.02972697319177606,0.007089696535277135,0.02229522989383205,0.026532447052857094,0.020414909300376326,0.0063225278803404296,0.024206249599017654,0.020414909300376326,0.011828798922014426,0.021723557332451734,0.0063941036676650395,0.06675334856823525,0.628972749071591,0.008825195166308518,0.01283664751463057,0.02200568145365241
8,0.03460001700034933,0.18971032048486994,0.005568297862932581,0.00902064253795078,0.007644612320297272,0.002040869352477552,0.004798214115931266,0.11345782273658239,0.006833820104508167,0.16645821613280345,0.010627692563385749,0.005637901586219238,0.07662793548666079,0.004681442988539125,0.005842787155766586,0.019874414526986375,0.1485094287967448,0.1785830805333535,0.004176223397199435,0.005306260316441635
9,0.010028187622801941,0.02252708813817828,0.021588459465754183,0.06620791527366308,0.029327718519515114,0.5749271945534464,0.0263452386700729,0.025070469057004857,0.03985561747523849,0.007297507425043666,0.03047782512812355,0.037911441013031726,0.00942041867596546,0.02878461262100557,0.004650056711681029,0.010502493794150684,0.012846025467225628,0.007094645456605485,0.014684860174461665,0.02045222475703028
10,0.048875708202490105,0.13270086937584477,0.035060096879934464,0.1682683118425777,0.08238634905817413,0.001224409817237521,0.008612497213687882,0.04967412222625205,0.021807157300960958,0.022077387656112026,0.0689355165588804,0.03909537397436504,0.0034580481236777105,0.06940767763120151,0.031573555604139436,0.017411547996830617,0.003835818086768552,0.10573633903901676,0.019487540257991185,0.07037167315385706
11,0.019742664639997107,0.015078380426277517,0.015078380426277517,0.07237129549360413,0.053469716733325484,0.014418800017975414,0.09624549011998587,0.04335382437837201,0.1274991749902397,0.09956430012412332,0.1450381014964332,0.052872554989911724,0.005176160444841535,0.06246432560382237,0.06213943952642851,0.005979357755247981,0.033162838107918244,0.04010228754999412,0.0070776071388649565,0.029165300036359358
12,0.023695349000661965,0.021861385897386513,0.08056418660225069,0.0575458475730362,0.026854728867416897,0.00698163833253497,0.040282093301125345,0.040282093301125345,0.08056418660225069,0.016890956086075347,0.05035261662640667,0.0575458475730362,0.08056418660225069,0.06713682216854222,0.06961239581951852,0.0287729237865181,0.040282093301125345,0.01220669493973495,0.14765133699259672,0.05035261662640667
13,0.012444137613611229,0.039297276674561774,0.031110344034028077,0.05613971102376534,0.04666551605104212,0.00933310321020842,0.19724895779016974,0.031001912943055952,0.27510180436302745,0.011666379012760528,0.018210933093089604,0.042086273914568366,0.021960242847549227,0.027969961634003306,0.0476572314890093,0.015555172017014037,0.021808470076014393,0.012873245807184032,0.019648638337280887,0.062220688068056154
14,0.044593834044579214,0.009812152625304504,0.009493801823910478,0.005082372543243891,0.20003411147495775,0.11038671703467566,0.040747689374528426,0.021157454098312843,0.04298657340609592,0.036768010118416315,0.28209938797750456,0.006838773041878896,0.0016779016413370797,0.0167170007690373,0.01692596327865027,0.03448958609558508,0.04782425748408311,0.03543306230417853,0.004691420809148207,0.03223993005457194
15,0.08295629771897173,0.0681121996376878,0.00600173764542109,0.13688379139972578,0.003678484363322603,0.03416752239132978,0.014025284224147725,0.003212197613042273,0.13918945809883462,0.05809210093676234,0.019184470764355505,0.10551458920395526,0.00476005665581753,0.05792957838648525,0.08379731755424445,0.1275630012684594,0.03132464366992421,0.016700150809259105,0.0020546489236576704,0.004852468734595774
16,0.004980375567611755,0.0113552562941548,0.012903700334266818,0.0113552562941548,0.010712505937881887,0.0046537935631781975,0.012616951437949778,0.18009987022770793,0.01091851566745654,0.2088462582915787,0.28730652153289216,0.014558020889942052,0.06857303679346159,0.01091851566745654,0.007830837015874257,0.0041747265787333825,0.023876876734734005,0.09354502391964281,0.007570170862769868,0.013203786388552094
17,0.1063220844606411,0.04966602561310225,0.006702725928147239,0.016907067938952778,0.01170489318850577,0.04257087909694478,0.051049126489128925,0.04443802291698623,0.03366521629249875,0.02745764017634921,0.020988084338010343,0.22408434162940383,0.007160640538850588,0.018444074115221212,0.038671256584247554,0.13974493089933726,0.006406888903182105,0.045815946108210596,0.015606524251341026,0.09259363053093844
18,0.0997187083071856,0.031903013322054134,0.02910450338152308,0.012611328896747877,0.013166322958308056,0.11729996817401722,0.10590812516794594,0.11878949157940157,0.015891895269745514,0.07588005519871621,0.020200385908637018,0.04476549805824739,0.0016578932647882932,0.07313075510304101,0.028917557852039307,0.06814569579633382,0.06060115772591106,0.053907397772695265,0.014746281713305024,0.013653964549356504
19,0.010797757632267714,0.054738037003599894,0.02721034923331464,0.013338406486918943,0.06696674739802112,0.010306950467164636,0.01214747733630118,0.032754136719963176,0.01478823327897535,0.3062981342728367,0.25092722635476034,0.02061390093432927,0.0059152933115901385,0.0734401996464965,0.0029576466557950697,0.0042516170677054125,0.04070487951573646,0.002146965464423428,0.0077302128503734776,0.04196582836942658
20,0.06599618784482598,0.11372979517700993,0.11779157357618886,0.00877856990388568,0.008485950907089491,0.11243741114090758,0.009238554790289323,0.010183141088507389,0.011068631617942814,0.04609747722033722,0.06871175125277686,0.058895786788094436,0.08855000059577514,0.0789282051783999,0.03306430135471969,0.09341508951254314,0.0033564401897732262,0.058895786788094436,0.005303719316930932,0.007071625755907909
21,0.07500070089478189,0.008920905389669342,0.08591546788859586,0.02712224622242575,0.009770515426780707,0.07719408540228867,0.03020431965679231,0.00732788657008553,0.011865982722311265,0.0049313174949865,0.013678721597492992,0.17691101513264065,0.06587088004716476,0.07031693465073342,0.030296126099518136,0.20147245329458874,0.08687511279883126,0.0011058719878268319,0.007891570152399802,0.00732788657008553
22,0.09054380431610722,0.17572293293211594,0.08010898413081756,0.01375608818407978,0.021345654078744496,0.09285359524253853,0.07470978927560572,0.019808766985074885,0.0031867465040534854,0.048943207904422546,0.013611990058862832,0.04814630864427924,0.06018478368242578,0.05973408118187343,0.016343045373848723,0.04167686123097439,0.04783367027645923,0.04691421260679576,0.015098145567892443,0.029477331823028106
23,0.07223752474527725,0.1561013508653628,0.13542851055758412,0.09118641032746418,0.009207660711327649,0.0668603242795701,0.06053792000318779,0.009561801507917177,0.002125313717213101,0.0021431624069469532,0.012780227556228535,0.06766002823885695,0.006719103762320178,0.0783868096261617,0.002825077718248256,0.04035861333545854,0.16431721143722397,0.0073452378111597385,0.0069057455334957385,0.007311965858995488
24,0.02689444858872973,0.02389328593266638,0.06601364653597294,0.024205003729856754,0.26725003217584997,0.012102501864928375,0.08068334576618916,0.02273842947992297,0.0484100074597135,0.0024535192092767708,0.023424197157925892,0.07261501118957023,0.08068334576618916,0.06051250932464187,0.012739475647293027,0.003776817665751602,0.0290460044758281,0.00956279448072628,0.10603620091371137,0.02695942263525594
25,0.026955549686980978,0.03250051491544962,0.026026047973636803,0.023586105976108357,0.07837844447445237,0.018344749092528718,0.13714308498446273,0.060380431298837384,0.03949301465766981,0.0602535816532516,0.09233709573625398,0.07965819407668336,0.004433107533658772,0.03903907196045522,0.03402785952798937,0.0733968112545598,0.01048271376715927,0.06405034283420251,0.0248274799748509,0.07468579862080856
26,0.008939391705770464,0.009235576364129198,0.00592224714604163,0.07218096090411656,0.002738107683775256,0.0031846815048721376,0.04458554106820993,0.007434310247158641,0.20951076011219016,0.005625356805047529,0.03665666907412104,0.07183226060989376,0.08370256094150197,0.1014102502727912,0.07061180958011404,0.1290002155505603,0.08588634731042999,0.02986504313400475,0.0029864323215081728,0.018691477663763407
27,0.024287049212864984,0.045349800594528436,0.03643057381929747,0.02483902760406646,0.08746352955462607,0.01175179800622499,0.03807345668565745,0.047518139764301054,0.04047841535477497,0.011384554318530459,0.03035881151608123,0.039032757663533,0.02665651742875425,0.037686800502721524,0.014380489665512159,0.015839379921433683,0.02602183844235534,0.012419513802033228,0.028023518322536516,0.40200402782016675
28,0.013450572879695704,0.07651232874691126,0.04242103754365569,0.20835669292087955,0.014904688866689834,0.008484207508731136,0.1330649195598457,0.08173702248842839,0.20263435612626973,0.007161993351526284,0.014140345847885228,0.032179962081964775,0.01621980847257423,0.022058939522700955,0.0637613084955502,0.00861677325105506,0.012423907130509457,0.009191224801125398,0.012254966401500528,0.020424944002500882
29,0.054595187333626796,0.07034379906448067,0.01267131647200948,0.018732219119181662,0.011263392419563981,0.06519669181586012,0.06116852092563538,0.010861128404579555,0.111760833817179,0.05830296859398395,0.09410910608051433,0.06379557210194195,0.010861128404579555,0.06623962556568085,0.15720269721063126,0.017127185859177902,0.03743826035780119,0.05952167613148364,0.0049854359889873355,0.013823254333101253
30,0.12244851860667734,0.3345324240572807,0.0384306488168951,0.024019155510559432,0.018300308960426236,0.008734238367476157,0.02135036045383061,0.025620432544596727,0.015372259526758037,0.01251410886353301,0.018300308960426236,0.02745046344063935,0.010243264949888692,0.04270072090766121,0.03554407005608607,0.14115162477699383,0.057191142239951975,0.00937332897973051,0.02135036045383061,0.015372259526758037
31,0.2603416960782311,0.04743315333238448,0.027378658955176684,0.02520728607275459,0.03841110258705461,0.2960941619193873,0.03507100670991943,0.03226532617312588,0.02180089606292289,0.010341450696514704,0.02520728607275459,0.036665143378552124,0.013671748378443168,0.03226532617312588,0.010341450696514704,0.0055076086197159676,0.012603643036377296,0.015557694367735651,0.02781493635614299,0.026020424333166023
32,0.010989025633993581,0.18682948930328916,0.02714935744869002,0.057692384578466295,0.03332919222880497,0.009076857514228548,0.032967076901980745,0.16960732555159386,0.01923079485948877,0.006178917251847484,0.022138404299311323,0.08724945945608775,0.011834335298146936,0.018461563065109213,0.008391619575049645,0.037151702788243125,0.0628586666328081,0.11974284304810669,0.032967076901980745,0.046153907662773046
33,0.08298709065819754,0.01507183928673035,0.023004386279746325,0.01066056925158976,0.018211805804799173,0.005396090608829384,0.03516602102574349,0.037889338396599914,0.039454560175224404,0.051353554513784136,0.021854166965759012,0.09530318850083731,0.006354634918250531,0.023788778929179417,0.018722650083150463,0.039881430646252734,0.16057579410183465,0.018382238263456824,0.2830864692572351,0.012855392332799418
34,0.054668874433731474,0.021917945444134695,0.09482706412739718,0.29111799653525366,0.046414472705226424,0.17082194044819962,0.021917945444134695,0.026301534532961638,0.029171295460990745,0.01213916978444383,0.022544172456824257,0.028180215571030325,0.011272086228412127,0.046832772448321236,0.010402968742377417,0.011603618176306603,0.01517396223055479,0.010508149880320387,0.04383589088826939,0.03034792446110958
35,0.022366049600562887,0.17929946703443145,0.014984810794573028,0.011654852840223467,0.014568566050279336,0.004883621203100374,0.014984810794573028,0.30158797475743787,0.02097873511240224,0.003510654412193325,0.007131739737449602,0.02383947171863891,0.05598037658541072,0.014984810794573028,0.004724940340631136,0.01276745430895332,0.06128378068297596,0.192778354056981,0.010085930342501078,0.02760359883210821
36,0.31597795231569936,0.03339861379165737,0.02278331094995919,0.013019034828548107,0.08755228785501766,0.010161052009639406,0.168521574568373,0.1011129447410238,0.011391655474979593,0.020222588948204764,0.013019034828548107,0.02278331094995919,0.02278331094995919,0.03037774793327892,0.01379000771213706,0.02371190294297731,0.007010249523064366,0.03159779523156994,0.01099875450071594,0.03978686994468797
37,0.018159395419240613,0.07990133984465872,0.04993833740291168,0.030731284555637967,0.024969168701455845,0.0022658707348398983,0.04993833740291168,0.13904411649779239,0.04482485075466044,0.013316889974109783,0.018159395419240613,0.14646287849239964,0.04993833740291168,0.06658444987054893,0.1467862620951265,0.011719681006563353,0.01902412853444255,0.014796544415677536,0.02350039407195844,0.04993833740291168
38,0.030703391557745582,0.03128784248250366,0.3010983261474622,0.11496360238512612,0.01158808980833469,0.03834908169989688,0.008691067356251015,0.019554901551564783,0.023601908759152967,0.027752440154296995,0.01078891120086333,0.14470915223312006,0.0026292304607145934,0.005704459601817463,0.004171712331000488,0.016259455307092132,0.13052198044555924,0.03591944860683475,0.01653818882664228,0.025166809084020872
39,0.01488144832931527,0.011231313389165904,0.06711567733933978,0.119895808443198,0.005816215862246628,0.014408801439031933,0.05580017045915111,0.08217843285802255,0.003586356915266259,0.038384830634320515,0.14179808022560755,0.043942634236581506,0.16936992915836463,0.11101297070294275,0.0032248325572852596,0.02878862297574038,0.03896391213095896,0.03616727332827264,0.006785585172621066,0.006647103842567575
40,0.35012141516139295,0.0280041954677685,0.02441391399754177,0.02644840683067025,0.035264542440893665,0.017826770959367064,0.03967261024600537,0.043279211177460405,0.0280041954677685,0.008816135610223414,0.02505638541852971,0.02644840683067025,0.004713577454970935,0.0317380881968043,0.010238092966711064,0.10823762856187776,0.005461822490675789,0.09897485817945645,0.0634761763936086,0.023803566147603226
41,0.062338998362029614,0.0025929731329308657,0.01173935079134668,0.012997138376133826,0.012130662484391569,0.003011379703855019,0.023807598849014094,0.16831529557747993,0.06412011260094476,0.003371578539991987,0.01582260324051074,0.01399691825122104,0.0026592956537665156,0.05854445063564522,0.13371496377544248,0.05595770393635301,0.17523236251902025,0.15869727868733827,0.009576838803467026,0.011372496079117094
42,0.11193443529812903,0.06505146543393764,0.017942891771927493,0.019036970538508433,0.012784169293192867,0.027342871683396896,0.07954588057271982,0.014802722339486478,0.009375057481674772,0.04507681010057901,0.13693259510155192,0.06937918151811963,0.0015638251801516991,0.08812275071857933,0.10333685467836018,0.037604127817855756,0.08956738597626097,0.017539680720872943,0.04336198844882477,0.009698335325870451
43,0.2197841536277224,0.3123510897366036,0.007445969916217525,0.02217013062020876,0.020641156094677125,0.007543927430740693,0.023022827951755247,0.023022827951755247,0.027208796670256205,0.08005493428079435,0.028504453654554115,0.01760569196310695,0.01269519684511683,0.016178203425557744,0.09228554924036016,0.017808865771809172,0.003180281154481915,0.02251702059541421,0.026025805510679848,0.019953117558187884
44,0.011742337574191339,0.02126315182353567,0.016390346197308746,0.028097736338243567,0.1195338461238184,0.012103640268781845,0.008830649769735303,0.2159545749617869,0.019188697987093165,0.2899170897359658,0.12127856372060775,0.011920251779860903,0.002186696519906908,0.01605584933613918,0.005172781901087668,0.005700989981672607,0.008195173098654371,0.03465101820588793,0.03576075533958272,0.01605584933613918
45,0.052779072631870504,0.021766305529128185,0.06965217769321021,0.044607416519671594,0.030807693979689122,0.05006250271699482,0.05889706201999394,0.03604500195623627,0.07966246416091667,0.11013750597738861,0.05181297874909578,0.07208009136791854,0.001652637089843669,0.08426995586559649,0.036358737977487524,0.07530436250350746,0.057900319152523985,0.033112206521476895,0.02164864982356533,0.011442857763884531
46,0.03281489253980943,0.13131130957858306,0.1286976853181511,0.10635207077599917,0.0061133490538150285,0.09121555825479688,0.02583684146829472,0.019338574683391323,0.009170023580722544,0.010464596690146818,0.007111446858519523,0.17372086561448954,0.0022481348133384293,0.0379187738890026,0.020144348628532625,0.07589378567045273,0.06809357282884267,0.017765094853509085,0.017906087669806784,0.017882987229795887
47,0.013571669551548149,0.05295996422685243,0.00660564672461801,0.006099222933238821,0.006815349795240804,0.15849058567488628,0.05237798659798593,0.006925274791938237,0.03782854587632317,0.030359215161889934,0.09929993292534835,0.09050120469145671,0.003302823362309005,0.17833457341695214,0.10495581562171094,0.12159175460246735,0.0032776109702303113,0.004522510571741979,0.013417719909380335,0.008762592593881036
48,0.09830480248686138,0.12207330313721818,0.0804763911745868,0.011665176850936725,0.07328743646544407,0.01899334424436975,0.054965577349083035,0.06781850174289901,0.04397246187926642,0.03204348817738533,0.007219690634315932,0.0804763911745868,0.03140890134233317,0.019987482672393836,0.018495955020790635,0.012933077023313656,0.08138220209147878,0.08053587198107628,0.019987482672393836,0.04397246187926642
49,0.03368813457037907,0.08939954955725012,0.010800124083970733,0.010250929094955818,0.018286271500346618,0.02416362795002638,0.005426962462035435,0.11378124489104557,0.11093671376876944,0.13333739635669406,0.007688196821216865,0.030118564824100306,0.0022046353402599434,0.03982343571186596,0.027570070877445663,0.03171653135354337,0.08543908633843553,0.05998486566619599,0.004193561902481926,0.16119009692898126
50,0.06234890389349602,0.02281779160472626,0.07505852501554688,0.018601460547331188,0.019268929259233868,0.03169137722878647,0.06582055270594112,0.0100840093937006,0.10117488215962582,0.05793579899637524,0.07605930534908752,0.2852223950590782,0.0019740260062586774,0.02037302821850559,0.0018135462832220112,0.013574200991995558,0.05655271280070235,0.046348639197100194,0.02516668191697749,0.008113233372308999
51,0.13112477953129367,0.009047775576434195,0.020253292403511917,0.10555377235732429,0.00855426054499233,0.17284748054248103,0.07917196121372841,0.010227920216838656,0.03349582974426973,0.021112522990327575,0.054430723334438276,0.08965060313907479,0.003953649831719145,0.025614458039735662,0.03677697871602174,0.1383974980906648,0.030030743908655604,0.004306969292479968,0.01622359758533028,0.009225182940678004
52,0.011272586112483515,0.02522912129936787,0.02254517222496703,0.18438956952055002,0.023035284664640228,0.38988087883460876,0.030274945559241442,0.03418139014753065,0.02649057736433626,0.008757215657631823,0.0365387273990845,0.039245299799016684,0.008904395752718073,0.035320769819115014,0.05000273926691945,0.008904395752718073,0.010287602859936412,0.008733283242757604,0.020776923423008832,0.02522912129936787
53,0.004803848295803499,0.01827550982099158,0.014285539493885233,0.013781531996157581,0.1295587350768721,0.006320853020794078,0.31051016657311,0.015012025924385938,0.011840471151628347,0.003594958901165115,0.01254736495172556,0.020729397612299527,0.00256421819416048,0.01711642801434405,0.06844575805528853,0.0044955799559658425,0.004568877455247894,0.018806913156320142,0.07583925955719341,0.24690256279266112
54,0.1756582584993205,0.13775889060653992,0.04309538757197908,0.019941844003546334,0.009970922001773169,0.003988368800709267,0.00920392800163677,0.012594848844345054,0.00920392800163677,0.00405596827190773,0.011395339430597907,0.008863041779353927,0.2763952263761788,0.012271904002182362,0.00431175005482083,0.16645469851511527,0.057763676603505544,0.004389552073483187,0.017726083558707854,0.014956383002659753
55,0.08073817497081019,0.022802971611812436,0.016407016159718704,0.01821814967610449,0.023603075878893577,0.010263110022102711,0.026907506501938672,0.08625147284661575,0.016817191563711673,0.006926341891039522,0.029247289676020298,0.016817191563711673,0.05708973060706373,0.020698081924568214,0.010115603948097246,0.007194520455063817,0.0175289595385069,0.4962355450230986,0.021021489454639587,0.015116576686482405
56,0.006909595602263115,0.021169091834952546,0.023166175970325425,0.028553658754122038,0.13629382730777134,0.012037326729678898,0.012278073264272478,0.025057292376066277,0.0361119801890367,0.009667774223836597,0.039606687949266056,0.023166175970325425,0.06669552478512798,0.024556146528544955,0.009301570654751875,0.45260582342387146,0.007403209079931059,0.012789659650283827,0.035080209326492785,0.017550196379078953
57,0.0122788938694174,0.14954032885005253,0.046192029318284505,0.026945350435665965,0.04850163078419874,0.011590008998323173,0.024872631171383965,0.042175331116694546,0.026945350435665965,0.03484347259126147,0.023096014659142253,0.02020901282674947,0.004906169245532842,0.05738930936975599,0.3564545588514302,0.027189150700009546,0.010778140174266383,0.03262698084001146,0.008821613773440271,0.03464402198871337
58,0.01318461660932514,0.03175070938572177,0.024309136873443233,0.014461050064679381,0.03241218249792431,0.5725957445572994,0.02550466819508798,0.028286995634552125,0.03241218249792431,0.008103045624481078,0.04321624333056574,0.022879187645593626,0.012446278079202932,0.02322066805821443,0.007989168629541252,0.011273802607973673,0.015104706406799678,0.0248649344416188,0.03241218249792431,0.023572496362126768
59,0.04696726261625664,0.08816717380120588,0.01828403035069951,0.014501127519520299,0.019115122639367668,0.016550729049857216,0.010782889694002274,0.04090488411406995,0.015575285113558837,0.004725086495124591,0.01314164681456527,0.004072623415473357,0.007206617015192817,0.01025689507478265,0.0031949687520266465,0.15445169965101113,0.14528539902628715,0.3311977181450315,0.013565570905357701,0.04205326980660887
60,0.09733312148742704,0.022264948667709932,0.01669871150078245,0.036169747881768764,0.022264948667709932,0.021431182365113488,0.04452989733541986,0.024289034910229018,0.06679484600312979,0.013358969200625962,0.029686598223613248,0.06679484600312979,0.029686598223613248,0.0333974230015649,0.010687175360500768,0.2884298397977974,0.07261686203167869,0.02341143413442993,0.026717938401251917,0.05343587680250383
61,0.023542243807414424,0.02298171419295218,0.056778352711999505,0.004922198960006462,0.04596342838590435,0.010882530870064617,0.04826159980519957,0.03574933318903671,0.35241400838082854,0.01149085709647609,0.02802630569077027,0.046107450151675035,0.03016349987824973,0.026635274760995486,0.12782791933335294,0.013789028515771306,0.02824523839814923,0.01096854541027263,0.03328386193462039,0.0419666085262605
62,0.00819575650153258,0.015025553586143062,0.015025553586143062,0.023017869323453205,0.22196569478722952,0.008518424080333075,0.01091786101812854,0.05578191773202653,0.015025553586143062,0.38910966833300575,0.020034071448190752,0.011759128893503265,0.09395214785599738,0.01773507964266066,0.009283102725006447,0.005491572884275637,0.00711736748817303,0.03185592723496762,0.0240408857378289,0.016146863555258215
63,0.2014135012011973,0.0946656732738653,0.02889299705381001,0.09105671798776485,0.02086716453886278,0.07352885258331046,0.003671831966129019,0.016767009317967416,0.01614432178475135,0.014651413399627061,0.09738010118135965,0.0030876768806084934,0.0012350707522433976,0.0786990205465682,0.0490749351011496,0.12630797542592895,0.010580534132381131,0.04899247326515611,0.014905117527759129,0.008077612079559787
64,0.01702782032906508,0.03765853016541354,0.0283797005484418,0.03405564065813017,0.09131428390400065,0.041871120021170896,0.02233156764467551,0.020639782217048583,0.02197138106976139,0.013504793713147034,0.023486648729744937,0.01816300835100275,0.010642387705665675,0.025226400487503825,0.0351165851481841,0.014028730767374396,0.012272302939866721,0.016412356943677184,0.49556523289007787,0.020331725766047852
65,0.013125087470522448,0.023557849306065925,0.03281271867630611,0.022968903073414277,0.02194528887077345,0.014355564420883926,0.018375122458731425,0.03828150512235714,0.024177792708857136,0.33267572725134675,0.16423053617552036,0.024831246565853275,0.01377782241790327,0.028711128841767852,0.011204342962641113,0.07839687362885993,0.015840622809251227,0.02801635696682286,0.06569327136222224,0.027022238909899157
66,0.20932836683277498,0.05116750899818774,0.03342146344297605,0.07693709064891362,0.02506609758223204,0.01786652211346459,0.02339502441008325,0.02924378051260405,0.02420174938974128,0.006236218001365248,0.010046452135455287,0.020052878065785637,0.0071617421663520125,0.030515249230543356,0.008067249796580427,0.02314720645156112,0.11250357043778982,0.25596215935122324,0.01671073172148803,0.018968938710878302
67,0.010918122378108627,0.057631046775136335,0.09236215856946507,0.4431723974056668,0.040341732742595435,0.0039021388641882404,0.036674302493268585,0.04173282697509873,0.04301456920262582,0.009238564750212697,0.04173282697509873,0.0177978232687921,0.006613398810261547,0.030256299556946576,0.031153524419415872,0.017189613308556367,0.009605174462522724,0.015244007523078956,0.02814539493669449,0.023274076582266597
68,0.01687544083838884,0.035285012662085745,0.040151910960304474,0.03881351392829433,0.03147041669861702,0.07188182821571279,0.017123609086012202,0.021346713546198555,0.10784814293512812,0.009703378482073583,0.02985654917561102,0.023288108356976596,0.011304906969406114,0.02646375949656431,0.42789128268006577,0.008918084589908951,0.011089575408084092,0.015950759148614106,0.03234459494024527,0.022392411881708263
69,0.10154449398804608,0.014419391631229905,0.05068174387995172,0.10355843341061,0.01271528171117546,0.51788852691281,0.0076850603748862675,0.0137125587081304,0.017057085222308546,0.004468629355365178,0.015203054219883704,0.033351857262935956,0.004202140743304073,0.023286206647545375,0.015289282160557327,0.017347442536090857,0.005161184458410704,0.008170077934620603,0.020270738959844936,0.013986809882293007
70,0.005411722172928038,0.1029852837000245,0.009180600114788634,0.01389496233589631,0.15641128351215536,0.011684400146094627,0.06763542138907025,0.009886800123618528,0.010080658949571832,0.2631489177669979,0.1062143024093552,0.007560494212178877,0.0028721430526713046,0.009180600114788634,0.004850128362529844,0.002798740576716343,0.00509023372701152,0.007909440098894825,0.018361200229577265,0.18484266700513027
71,0.009521596718598094,0.032338600498255446,0.019383250462860407,0.02359700056348224,0.022613792206670476,0.010437134864617142,0.013568275324002285,0.1139200699370362,0.020101148628151537,0.19877569037455833,0.21149923916944227,0.017507452030970694,0.0732883625069749,0.031427386793428706,0.005127445192224334,0.007048454713767421,0.03297686235019469,0.1212697518684579,0.017507452030970694,0.01809103376533638
72,0.06261105213796046,0.026833308059125913,0.013540366636620591,0.266777526500875,0.03130552606898023,0.1209041006801995,0.031846770767432385,0.013540366636620591,0.042824803990379835,0.027544313114363395,0.019343380909457985,0.009026911091080394,0.017436896806467695,0.04938179689612909,0.0024154194054742248,0.017888872039417268,0.1502665251311051,0.06830296596868413,0.016925458295775738,0.011283638863850491
73,0.015041596120289479,0.022733287942858223,0.042940655003176634,0.03513326318441724,0.05520941357551282,0.012077059219643428,0.13511638242907337,0.04830823687857371,0.029728145771429976,0.003805649016247214,0.22311103855998093,0.05520941357551282,0.14219179484131705,0.05520941357551282,0.010445024189961884,0.006203406972066857,0.021654909138072453,0.009201568929252137,0.021470327501588317,0.05520941357551282
74,0.054054661839608026,0.15242845304324473,0.010615649671215761,0.017077349471086224,0.12809592133419714,0.01190239508590858,0.017963903650264554,0.11461214014112375,0.011222258223856661,0.06048974063003753,0.09073461094505632,0.038000640809859404,0.006042754428230509,0.05807015100483605,0.004971886554873203,0.005692449823695408,0.010071257380384184,0.008728423062999625,0.0558366836584962,0.1433886692410261
75,0.02883383801022961,0.03157334712977761,0.03240422468582438,0.040093340231889686,0.033280014542198005,0.4520519178508603,0.026199160384283535,0.045605945854123184,0.03621648641356842,0.013384353674579635,0.03621648641356842,0.0293181080490792,0.014835669133268989,0.033280014542198005,0.04635058353467658,0.013384353674579635,0.015991695299497743,0.014590800005326369,0.02560564711893762,0.030784013451533154
76,0.029063511399788963,0.008207112228248206,0.012958598255128748,0.006504291147067788,0.13912810549713794,0.003865482139499343,0.19351454673692814,0.01025889028531026,0.09035267677726795,0.01871212377794632,0.03625940850300321,0.004227676578949882,0.004103556114124103,0.020242431635708966,0.09400006907595498,0.03550725628200517,0.04077295476710163,0.01058903128519443,0.006479299127564374,0.23525297838606948
77,0.007216246182909853,0.42464593598423583,0.01287611397970737,0.03697886350783965,0.0069335369077199345,0.018973034518782204,0.0069335369077199345,0.0036009078838965553,0.01848943175391983,0.03843777868822825,0.012800375829636803,0.008533583886424535,0.004823330022761694,0.010400305361579902,0.0064001879148184,0.004108762611982185,0.23062667212936946,0.1212881669749177,0.01584808436050271,0.010085144593047178
78,0.04423361895866748,0.03232621712233209,0.01849957933804694,0.019966192928499233,0.03300229065800894,0.024925747875801093,0.018347312420783076,0.24568984879144276,0.025142613317369406,0.09740481902946331,0.06068163120988741,0.014443628926999443,0.008703212302166332,0.02121407998653043,0.007459896258999712,0.006857076359282563,0.033894244459576756,0.24889448470686057,0.018347312420783076,0.019966192928499233
79,0.009417879054324368,0.03463519156270934,0.4582178042206238,0.021554043075944333,0.03896459050804801,0.06752262505541572,0.015022492725994417,0.03197094605788555,0.042995410215777116,0.009741147627012002,0.031171672406438408,0.10298954976623274,0.011034220320863151,0.037783845341137455,0.010937428914539794,0.009591283817365664,0.009817849576830993,0.011943901893289454,0.025976393672032007,0.018711724187535847
80,0.010759207689447395,0.030394761722688877,0.01899672607668055,0.028274196951338496,0.015771659469280302,0.01621053958543407,0.04164630734410086,0.17791750244749124,0.032859201862366356,0.44603461055538046,0.030394761722688877,0.0181461264016053,0.010182544543511607,0.021769482817161158,0.009025709310443716,0.008384761854534864,0.009141281721109437,0.011919514401054463,0.03684213542144107,0.025328968102240737
81,0.016403987909422376,0.08787850665761987,0.025631231108472464,0.01436073312047351,0.025631231108472464,0.4533827773766627,0.02278331654086441,0.021212053331149623,0.04100996977355594,0.00904631686181381,0.03844684666270869,0.02412351163150349,0.011944651390356099,0.03844684666270869,0.052354769387939544,0.009463839178512908,0.015773065297521517,0.013506936318892354,0.053491264922029484,0.025108144759319963
82,0.27200629909357493,0.39377524713373424,0.01270333499858183,0.016416617536628823,0.010922416139123058,0.006251335594175497,0.012407908603265972,0.014040528156327283,0.014617536162751693,0.00437327926180686,0.014420001890282074,0.012553883998598511,0.004917419999451032,0.011989664493043525,0.05044511722575923,0.06546404374069051,0.02377565099565857,0.007113867599205827,0.007841044138106632,0.043964803239233914
83,0.008373006542526918,0.018422365487788826,0.10490949607259198,0.03532651571132375,0.02811702270901278,0.5077566551018924,0.016208636620489724,0.026494886783492815,0.041749518567928065,0.010517054295737604,0.029950741581339698,0.014975370790669853,0.009246537669406887,0.027554682254832524,0.007251232172324348,0.006898476652893328,0.008719836156592572,0.03760093732397641,0.03936383179261789,0.02056319571256159
84,0.018360743036176547,0.05508222910852962,0.02754111455426481,0.02754111455426481,0.04721333923588254,0.022375421891902395,0.08262334366279445,0.12090309919250948,0.012081828651603524,0.033049337465117776,0.12090309919250948,0.033049337465117776,0.04721333923588254,0.03672148607235309,0.12109612541160691,0.006700218708551068,0.05651588362094589,0.018360743036176547,0.08262334366279445,0.030044852241016162
85,0.03020337672884025,0.028259492743757608,0.07535864731668694,0.024432588651744965,0.08245173299948673,0.08252362564255679,0.07535864731668694,0.05651898548751521,0.03767932365834348,0.025119549105562314,0.028259492743757608,0.08245173299948673,0.025119549105562314,0.08245173299948673,0.061027638430449546,0.05651898548751521,0.04521518839001216,0.017096649651184934,0.02743407505384837,0.05651898548751521
86,0.009257179545667517,0.014218945117917315,0.008110862110617388,0.06788598333489512,0.03133199230841314,0.4490317909118719,0.016512806757136657,0.034912791429374646,0.0872819785734366,0.011008537838091102,0.06431303684358486,0.03423151453822412,0.006109738500140562,0.03133199230841314,0.00948361628390803,0.006377588142530425,0.012728621875292839,0.014929423263927061,0.06788598333489512,0.0230556169816625
87,0.01898712580690475,0.027003342387804927,0.038628980089909656,0.08617234020056772,0.05896002224249369,0.02241203162863116,0.026672391014461436,0.05334478202892287,0.04870610533075566,0.010153195767186134,0.038628980089909656,0.033946679472950915,0.01046953665988206,0.02872411340018924,0.004016009693739558,0.011669171068826877,0.015138384089288923,0.026672391014461436,0.4109703046129241,0.02872411340018924
88,0.18029283441550037,0.07845953758075333,0.012584699019226866,0.02258792131656104,0.015188429850791047,0.11582169766313027,0.008898272033796775,0.010822645593193786,0.025909674451349438,0.005306800791240245,0.020486719333625135,0.05110136267237854,0.002718916454771237,0.019150628942301753,0.03170138797114751,0.33020639099930255,0.02279338500549902,0.008577824456115301,0.023182340298575806,0.014208531150740009
89,0.00443379398322707,0.1041730988360709,0.009671881504851008,0.012710209418584266,0.13021382869124148,0.004594051597078651,0.1569743347996183,0.007703157223384404,0.010305575204257515,0.005318389451540163,0.014388916322925585,0.009095133509852886,0.006932841501045965,0.19045583846731662,0.0037382968878189025,0.0026585907911066825,0.0047663285319691,0.005566515073832525,0.034543460898483896,0.28175575730579405
90,0.009921572925312285,0.14006773796257382,0.03250373557425894,0.03611452544813672,0.022103454085468623,0.011285789202542725,0.09291141873998943,0.022571578405085453,0.0501590631224121,0.10861283954284968,0.027359488975861154,0.01969289493457301,0.006019087574689454,0.023759556215879423,0.008851599374543313,0.007523859468361816,0.008939238972311069,0.012200853191938081,0.027359488975861154,0.3320422173073518
91,0.10753585205587228,0.09512514737047824,0.0023427504560913177,0.00635551254680766,0.005040578916433663,0.007022225506501468,0.004004843522645922,0.2514936576747038,0.013864393948733669,0.05623398185606374,0.12421747551365435,0.003360385944289108,0.0009491999258219234,0.007130575052515911,0.001936116404987764,0.07122241368605076,0.10108824260159747,0.12981562034122207,0.005847071543063048,0.005413955132465785
92,0.3544084553232254,0.3076823549538077,0.009776885409259667,0.02585556618803477,0.02333307192578748,0.030979002630107083,0.00911100903768844,0.02333307192578748,0.03298813617094091,0.006463891547008692,0.030859869321202785,0.013104876013113512,0.001921579520228333,0.016783437701005027,0.004880897698761665,0.021395248841828824,0.0020104544356867263,0.041627830040285425,0.021742180658120145,0.021742180658120145
93,0.11270315034962056,0.021752507035142827,0.007631575207513959,0.015620880502880139,0.008926217430217221,0.1601824466077968,0.006022508145688726,0.022908074054800755,0.011360640365731008,0.002848251715624868,0.011624841304468938,0.005442291848999262,0.0017501033355041343,0.011901623240289627,0.004114141367013699,0.18948968525888765,0.37077204609498193,0.014991592686382216,0.012496704402304111,0.007460719046151706
94,0.045917278769196136,0.031210440206888377,0.09015260593512499,0.021589176684464143,0.007011869350509723,0.03317748475774269,0.05299322187889647,0.1632786864677359,0.00905552845014145,0.09815335716039184,0.02000948082950335,0.1537881304175823,0.002756030397869137,0.15709571119333485,0.0042288078041733896,0.03488583029794681,0.023531806268545365,0.03571999965286994,0.010822460830656855,0.004622092646426366
95,0.05348181714151333,0.010449353988533154,0.003126744168726164,0.007489643008809182,0.005552666368599911,0.06069675506883835,0.03456037358542257,0.0060765028184678275,0.10781096968974216,0.051893923736590825,0.09744991545981889,0.08120826288318239,0.06147464185667822,0.07375796353610144,0.11835382411116717,0.09856750162126486,0.06826201807571852,0.050468411961299794,0.005963974988496201,0.0033547359310291134
