site,A,C,D,E,F,G,H,I,K,L,M,N,P,Q,R,S,T,V,W,Y
0,0.01629188177661627,0.05436586356097647,0.024366020273198213,0.02325147264965949,0.020111865791010063,0.03475963033279213,0.036220247589822084,0.021376075508863057,0.02038173362897836,0.024446160403604245,0.01958931311327891,0.028474613482758006,0.03152005557092986,0.026659192887398694,0.5063856036202384,0.034380539831835186,0.017243806930105285,0.008851826810006602,0.012144596330993946,0.039179499906934714
1,0.013513841526411647,0.019540336286828865,0.019970576887116682,0.03254436972013086,0.02293192214252391,0.5050204690076827,0.047345165398261134,0.02229757298970368,0.018386859444571475,0.01056105302613739,0.017164730493354804,0.028199298693156953,0.04471074007707672,0.02946855603241834,0.06540195271213775,0.017696425802875365,0.028731282913585444,0.02017432928758955,0.015857959749854923,0.020482557808581756
2,0.008528392136056715,0.029124115585240567,0.05295670310937004,0.01132927390705467,0.013743627179012853,0.6766671203475666,0.013488503584741426,0.016319940351153202,0.016438894016106813,0.0059970989253260104,0.018550640561880844,0.012778055467765715,0.009710226734837797,0.013350553431030508,0.006310897649757462,0.03594852821412453,0.011597051470879563,0.01656789876074022,0.015413375317743205,0.015179103249611208
3,0.10350123036261502,0.07068321725922919,0.016630423678266778,0.03978995739931263,0.017915234877967055,0.5272669638724894,0.019106411326799574,0.01568812705817215,0.02073325363928371,0.006836726441243246,0.022284899920814484,0.018889681959613613,0.010326534150106339,0.01842479846773777,0.021079679978806873,0.015887285721987176,0.01313892096209145,0.007613705875159923,0.015400910692398781,0.018802036355904765
4,0.045420782132952475,0.04915290952362616,0.02745181268619251,0.063391750829207,0.02401610367896469,0.00764750562271412,0.03728032125807046,0.05015645794667643,0.09320756275342383,0.040033333282089426,0.03443836379665753,0.044571971100876906,0.005458335325716848,0.11401903534089475,0.07211267908586644,0.05303116733799163,0.08181725556087685,0.1148198476301654,0.024448298173686454,0.01752450693335007
5,0.16656132442310967,0.06918091800632777,0.007538522052237515,0.03744654014967103,0.02951912362297681,0.44789259648159807,0.008581591859988144,0.01015080260530755,0.011626379169911683,0.003580785360000144,0.01080820469697302,0.010571311571644322,0.004664722949417957,0.010025315388021731,0.00938952674124003,0.13231865975034324,0.005761443062094226,0.006408195943130353,0.007800659434441013,0.01017337673156575
6,0.03905570815675655,0.04288782960978815,0.10953890544398762,0.13023796307085236,0.07476426521946933,0.008749211351554233,0.04390642770044687,0.027533497389926633,0.017845946222977506,0.01926465865349768,0.07250566156113404,0.015201850624679727,0.008578006760545218,0.11407732462856891,0.007429797573512411,0.043127486739936396,0.05256109421128157,0.03159885222629886,0.07630041882046466,0.06483509403432126
7,0.030783052579788996,0.02812281991345965,0.014370814751554752,0.011559251828740551,0.01824313350548508,0.005886480548068319,0.014665293929784292,0.047326457827274404,0.014015750827733445,0.005114544083718083,0.01644402632600693,0.020396808612881904,0.021414103880896734,0.013911213840787001,0.005203079236305948,0.061520292716579175,0.6386765813120803,0.0073347441656054085,0.009364455728604476,0.015647094384644636
8,0.037320494700864314,0.17840161458672046,0.005178291423280859,0.00778897540629116,0.006924599381890297,0.0038790255907031152,0.004256966280269225,0.10914513422754583,0.005991243083433225,0.1723940287186206,0.012725042844095974,0.004860385101989826,0.07106482091665862,0.015479876409021409,0.007197873707746669,0.022615328413010744,0.14861818592675044,0.1778567434084922,0.0035400359768237672,0.004761333895791198
9,0.008824830230567921,0.016355046293374042,0.015478168308246413,0.04603449626562639,0.019881130710952963,0.6751178626989542,0.016565452461346396,0.01683235117872989,0.023139120637448506,0.007219934716315257,0.019528461821460265,0.023049857614740175,0.008616626219961796,0.019721548512285348,0.02659661435335858,0.009197781033233508,0.010482109978293444,0.00967047778264471,0.012748484348781662,0.01493964483367866
10,0.04894245211121663,0.11429251995593802,0.03657453034470152,0.170285124923239,0.07646397821234176,0.015006604612211236,0.014245136504720701,0.051426527576577404,0.024848397468778215,0.023571909832950228,0.0654047190141272,0.04122817431302107,0.0031479921593011353,0.06845884231528104,0.03283520540345239,0.018597623421788806,0.006906730761053929,0.09470275736894762,0.02322522744438418,0.06983554625596791
11,0.02480991947378248,0.012523868832879807,0.013657442472071542,0.06345518688776289,0.05513052246894776,0.01740476061521098,0.0931331097528241,0.0462002234607801,0.13626736992596836,0.1015110380868975,0.13195865717228175,0.052472203824533575,0.004935807561917342,0.06195503540610524,0.05487812606312029,0.005459672623788803,0.03620749779813805,0.044137444131023676,0.005839354188123955,0.038062759253841776
12,0.023116176978166668,0.0471240804533433,0.0386529010329444,0.03790246635480131,0.05312479448848612,0.009711439335612498,0.03155497913703468,0.03206304918901873,0.03876119579364028,0.04387884421023542,0.0361190706110689,0.033510573206713294,0.040118469945264856,0.037453803654097464,0.058048109665689504,0.025620537345523126,0.0317158104965365,0.017928383813663993,0.32875860546465296,0.034836708823506014
13,0.012630339958254407,0.024346692323367725,0.020952685709268202,0.05451960083865115,0.025542617532424556,0.021382484383546948,0.11127858584945227,0.03307691400784727,0.4065274953640107,0.012470624735931466,0.017350915523623712,0.049439159291616956,0.019720544363559744,0.034587253375996156,0.04726338856187497,0.014741322777481213,0.032934962113837236,0.013682209419417194,0.017135351492594028,0.030416852377244067
14,0.050115939343977865,0.016952871714384622,0.023962811239679097,0.005141151910541189,0.18603553674074483,0.11543470727178436,0.04621469782120943,0.029474109014026736,0.05080091555255864,0.04141881786412552,0.20273225641904932,0.011345297918670715,0.0034165160309768978,0.022025065972736492,0.02056147131334609,0.03992546771710759,0.05379118477853005,0.038454665095151504,0.004756571934700136,0.03743994434669893
15,0.08419475646598067,0.06582956266864252,0.01036931082897936,0.12531036656351854,0.0033104695990240074,0.03544443589764835,0.01763433611802161,0.005408337904391667,0.13377529522629925,0.058906017112599456,0.021260422559968423,0.10402328979634401,0.006241800978440354,0.05788195479804916,0.08540540122452035,0.12842453646151583,0.032784260169683076,0.017901057103831018,0.002065991702315938,0.0038283968202263985
16,0.004918426457957042,0.009932541596886313,0.011787152760651412,0.01060690310714896,0.010049639984868613,0.005011944947660207,0.011059291617699097,0.16330687039399536,0.010192429453490129,0.24167454972999586,0.26435963956293074,0.01237235726696397,0.05938670731434461,0.014876103129129717,0.012888206309650041,0.008455514114361606,0.028519375793978962,0.1029126388070217,0.007559216994643132,0.01013049065662254
17,0.10400473164080909,0.0520897420401493,0.040730408516382564,0.013050348753233024,0.00974053240932158,0.04740019531087648,0.0490573854619151,0.04739015896406721,0.03712669601215959,0.030301792330718412,0.015276189990296809,0.24015905052333164,0.006070284319001579,0.0259705005037633,0.042990377744846715,0.10242559083263061,0.012648504632502377,0.04813369393911952,0.012484760740195356,0.06294905533467975
18,0.09563934093015505,0.03293951027612012,0.032580492492985454,0.016080403534523894,0.016457350945699452,0.11200044382175665,0.10219976109998913,0.10988062093917618,0.020830253309520413,0.07507782867976671,0.021537350853387583,0.044990644898275714,0.003365395631089797,0.07245020144537284,0.02788524920408404,0.06796011954732668,0.061073981659128154,0.053209339712516235,0.017757471311073365,0.016084239708052537
19,0.008890357726405184,0.05698848550696089,0.0168895909974653,0.01025569134111379,0.06540165532770141,0.008251855363627854,0.009309116132608788,0.037497084711774764,0.012219692604861722,0.29863137974460774,0.2632196643469547,0.015198203179965983,0.0055281694745004184,0.07376208576336371,0.00572219224722974,0.00393864340804453,0.0410351073286464,0.015695527019127176,0.006846743600992726,0.04471875417404721
20,0.06754198171064499,0.1011778314941994,0.11092078699966683,0.008180324974452417,0.007290737952306826,0.10864937351165788,0.01381479561791559,0.008339180287640848,0.008507923928699316,0.04400920427212108,0.06936309023479535,0.05872686985135779,0.0878598665776112,0.0790971528443757,0.034517579986228335,0.0957244938725842,0.016880562279384292,0.06405207011316734,0.009195534037189227,0.006150639454001395
21,0.07673371354350576,0.00734272272048425,0.08379054955877771,0.030951140938814934,0.009476118289649314,0.07702398033964594,0.03265926046467514,0.00641482941283156,0.017887400035637595,0.007269286323765752,0.010920368347997478,0.1665596068769439,0.06614341091283768,0.07278784941039936,0.032862542342296255,0.1964599957181907,0.08372737701627908,0.0070552711980537254,0.007417452972062175,0.006517123577151631
22,0.08896527696159642,0.15416069421152362,0.07966053331444906,0.01797283987127459,0.025565799683109028,0.09244792448838893,0.07455273923627072,0.02438460386514599,0.0028407358625960003,0.049030338454794944,0.01566221302959367,0.051642960039257765,0.061070871021784295,0.058699957511660024,0.01697991973627942,0.041921069627468735,0.04826418920276784,0.04743179547536672,0.017496189469829046,0.031249348936843183
23,0.07312643869851329,0.1421626492882055,0.12088967120901137,0.09755190175028167,0.007355805990634943,0.06697208476783098,0.06180852777645175,0.008608427498343004,0.00954768642018561,0.004191328656152392,0.018749983256548232,0.07309478186941812,0.00631755531500569,0.08032382190232974,0.0027574110086228455,0.04319351477716074,0.15762978009265485,0.012493675864431298,0.006495140824476352,0.006729813033741627
24,0.019594967979613027,0.038385669225980745,0.035091122427022524,0.020433434486673487,0.3904660193102628,0.012414947658046547,0.03282918147706338,0.029826030461628454,0.026597185246615352,0.025903116493464245,0.01784501739248032,0.032131842326376406,0.034195703368896796,0.030314666915351687,0.013285729599246081,0.03547466070848505,0.023617405005217328,0.020375888794985145,0.11934886041155182,0.04186855071103879
25,0.02900394103499618,0.029041976905107673,0.03354101902900491,0.02818849443323296,0.07928738061213275,0.019784433968988588,0.12171778214865445,0.06048067215924631,0.04002839705758701,0.06095200232632816,0.08720488859795321,0.07459402361409163,0.004195826763243812,0.04067898262719706,0.033750641088054104,0.0757854669709835,0.014156270622839369,0.06339283910047692,0.02831029811878041,0.075904662821101
26,0.013794105691675966,0.01238974491584168,0.004706017202767767,0.07312739209206999,0.007433598461389664,0.004246648683179246,0.049028276035079,0.006777894486874612,0.1913622696328886,0.0074811634135395775,0.036450741737113865,0.07320776936631576,0.07469476499508007,0.10028781229375625,0.07189692850742402,0.13358691716593799,0.0800924381921451,0.03255004763647633,0.004927139409454277,0.021958330080990292
27,0.018069385324046464,0.047631448862475306,0.042985950912166414,0.018318101782825155,0.0567501763133449,0.010589070369201032,0.04748893986808395,0.026841277199273834,0.023473090620549454,0.009706204486237732,0.020330308950390008,0.048708035387644615,0.018660382327745157,0.02353150709243872,0.012363062515451374,0.029961685824418192,0.017925188977290306,0.012285785229526093,0.019878922966615566,0.4945014749902757
28,0.015023811372035374,0.08337698835397143,0.02620062660598878,0.10004773804915977,0.014802488867487975,0.01975652086249508,0.1353472267360004,0.05786571466873261,0.3072998169298622,0.016074251305127598,0.014084921366005369,0.044286938279542644,0.015039150480149352,0.018109227876996866,0.04798110496768959,0.009752828084775546,0.033401059689740546,0.01014143586501101,0.012277328513869382,0.019130821125358567
29,0.05551303831352633,0.07291688667286621,0.009801291424874977,0.03256665101362741,0.009364068941672483,0.06681475459977465,0.06428799204941589,0.008937369425236059,0.11804112598133154,0.062331367838577956,0.08711066257116167,0.05565386917307173,0.008770129553462716,0.062043917301165756,0.15258100952960257,0.020150710689283792,0.03674067728601184,0.06158504683237093,0.004578939065820736,0.01021049173714476
30,0.11952662880581345,0.26700749635756227,0.026531431588644773,0.019853152190149336,0.014286887008290401,0.017269847009014516,0.01729878717134306,0.01779722294813345,0.02695606215192128,0.027879111185968447,0.01666916980299427,0.02278686975826345,0.026715383344833667,0.052550124600504226,0.045236630476267956,0.179552025166496,0.06383446737312799,0.008729976094859197,0.016088983992857166,0.013429742972955063
31,0.23015159595102086,0.05661808791683061,0.04100431200611445,0.018392913274700537,0.023730199594292692,0.37473806331361825,0.02465791214562516,0.022360795407983816,0.01703010364497781,0.00989212121454692,0.018589481619280732,0.02257833969395548,0.012966439128948943,0.020665556268507013,0.010241778723976122,0.024785535964119414,0.011409860795574638,0.023389725608390366,0.020655233398926064,0.01614194432861011
32,0.02389269069880205,0.16107069271261315,0.021823907373179702,0.027507360461739655,0.04714626135034947,0.00988727672253599,0.02293779242651564,0.24900672856585662,0.019064649653807973,0.0074485294041771385,0.0188700273924932,0.05899824154611273,0.0123587094346963,0.01715165243828629,0.018758075778163633,0.050696373516438804,0.059487659531252714,0.11961716594755639,0.02487496595655862,0.029401239088863967
33,0.06203368286064056,0.023184796987596304,0.016027415865498714,0.009198586036529005,0.02895872853855684,0.004896622556019767,0.04017122516043595,0.04557040065398693,0.045571372974847195,0.05535919493031083,0.015958411745772713,0.08824298652404496,0.010018606133184315,0.030699603814615273,0.021977315687986592,0.04484106136621983,0.17479015539858456,0.02438520345302596,0.24785489828049312,0.010259731031650569
34,0.052726675608961056,0.017569653840220908,0.06289506538219727,0.4094924821969926,0.026326024137365345,0.11646194160989114,0.018243486527231723,0.02020382766242517,0.045933067402406075,0.012156277939113105,0.019016643515148247,0.02086342534639176,0.011316111312576893,0.02862875166574033,0.010155380867744217,0.023792551494683494,0.02896157683655158,0.026893968228245996,0.02709265103173085,0.021270437394382283
35,0.034148095155423705,0.16859801856352824,0.01251123655575349,0.010198076685614703,0.011722728680576115,0.008187510031361474,0.011666815466252629,0.2619718150320305,0.015817382243751524,0.0047171208059690614,0.014127563996964935,0.017905700295940973,0.06156653137504343,0.012595688363474442,0.004546670618575051,0.016638059674298357,0.06636499381133429,0.2202063824938122,0.009109675062575729,0.037399935087719244
36,0.254660614350013,0.04323275705529998,0.023696294935341294,0.02225915705051667,0.09335027832814086,0.019589336870708577,0.11975995417243036,0.0951297716077256,0.01222467358239952,0.028909690865765517,0.027155469931611043,0.03615575971725916,0.02021575418701078,0.02494920576318804,0.01793912309800219,0.03142963819925833,0.007930379321557808,0.04349467276462433,0.026544634105602375,0.05137283409354453
37,0.023714958259464736,0.037408263044227695,0.03672397488270142,0.030373449288781194,0.02645863894140608,0.03649907154727271,0.036850477441496506,0.046441831793156224,0.05133562932980615,0.02004552358149018,0.02250469876653654,0.04146978756536723,0.03859566974431526,0.04006804113553444,0.3795268239018769,0.025818133994877125,0.02527643704603393,0.0208761971834736,0.024549274864534537,0.03546311768764747
38,0.03390227150666874,0.019560765845752708,0.26494338835269493,0.13047117513551,0.009796879985315253,0.03843425702803518,0.008193537955511199,0.015386220182548368,0.029451633752883514,0.03338569082912719,0.020480572452875448,0.13209144410509738,0.002677800750174583,0.005323616274385258,0.004184438128482162,0.02057115820126658,0.13625241373852567,0.03660336462984979,0.02426071746780112,0.0340286536774949
39,0.016728037339711024,0.009633256616327038,0.06673933812051867,0.12158405421050845,0.004514548218668396,0.01725264329638668,0.05390253343488114,0.08053231008332955,0.013785977567788925,0.039866231105713974,0.12661507909115555,0.04537816796838822,0.16567378641663993,0.10664452448156961,0.002791746718622481,0.030570787354915512,0.03898458674925482,0.03556029360472965,0.012200391108888249,0.011041706512002156
40,0.4549407946764792,0.020934982108480753,0.03753905727352022,0.01888271625477313,0.023226183299315726,0.027349063899919302,0.02401624733436366,0.02742684228368573,0.01706334795964436,0.008331699654632376,0.018986902193785796,0.020853524894532866,0.005097483727762215,0.022673608941275052,0.010096583924433595,0.10840312626406746,0.030217551678134204,0.07335948458750537,0.031804613978366675,0.01879618506532236
41,0.06560656753125788,0.011053796615734112,0.009647314057879336,0.010333450376541164,0.010551422313353584,0.0029239418122610217,0.026691275178499337,0.14483804460278335,0.06440305842824978,0.004385421295593609,0.025715083973893105,0.010539894651994145,0.005841309961754376,0.05903227766578343,0.1427889641999329,0.059200419134818404,0.170119137588402,0.1572015149933964,0.008040453941536317,0.011086651676335766
42,0.1066496087945552,0.061680070637271545,0.025268253553481546,0.02322011062493033,0.011306142646814564,0.028422668600034156,0.07366384551953742,0.022459130930518843,0.007208643864915683,0.04588996436092442,0.12484657894504976,0.07074100216125745,0.003243932558257376,0.08332260970597746,0.10473348346959895,0.03849177828434467,0.08700055886188698,0.019953041377741825,0.04694037379158215,0.014958201311319672
43,0.24754183484862383,0.251847697131626,0.0065197764052289005,0.015602961684097597,0.0307834908626868,0.013162265217215873,0.01826722636360804,0.017917445295587538,0.019169191547424583,0.08508733226329916,0.017400977775678478,0.02756818746848568,0.017221124035021827,0.02703548140613285,0.09098869347638582,0.022427851528029636,0.016248458460548648,0.02884334491926329,0.016799512659632053,0.02956714665142336
44,0.01182254380448214,0.016499222269091816,0.013498788918496847,0.021548779389517932,0.06881700310286447,0.009360713024800441,0.022480586294489156,0.18534670070420148,0.014400303099836089,0.35291416472858783,0.11562861962534357,0.010929944371862017,0.017068837017536066,0.012222608370184141,0.010524564716544641,0.006240850735722263,0.015508991479626092,0.04508134165882144,0.025185652252349994,0.02491978443564159
45,0.05219206295181665,0.024812537172124997,0.06787502013044128,0.039466423461182454,0.034207195540057196,0.04912816151262584,0.05926850745246111,0.03760390594017551,0.07954858262633734,0.10814501977775899,0.05261086949453437,0.06967864016556154,0.0015487709105532262,0.08371046532860271,0.03561138127570177,0.07501414158169988,0.05741159099383425,0.03322144579805578,0.023405861324824438,0.015539416561650705
46,0.03527073926809277,0.11958695796303809,0.13360382680358682,0.10297621090650641,0.010687323973130202,0.07603503457751076,0.02964688759128285,0.024739415779597297,0.015615049881159868,0.012462197642850706,0.012630008262668423,0.14955370078269042,0.002105500865883566,0.04132525969628692,0.02215518889744462,0.07700360785030326,0.07048039919610495,0.020350987923797352,0.02253356944848846,0.02123813268957622
47,0.01566323703980569,0.052699542871399885,0.005615719521827059,0.02606719146462941,0.011315823863964167,0.16409884198804864,0.05184971151070152,0.005796673222173279,0.03956984366850136,0.032430415054943866,0.09060084755068747,0.09030245133953602,0.005785642783834052,0.15395100718650861,0.09875166081036098,0.1215181088008952,0.003041145382283397,0.007488823186145612,0.009946728536728195,0.01350658421702559
48,0.08868660153757807,0.1040061386272715,0.03973994749961332,0.0195489493839637,0.0416911878846707,0.03379332420849304,0.030439782989378245,0.07612326434235428,0.02904735807310799,0.04416705746748941,0.049501821143699366,0.07732456706482177,0.026312920812632052,0.01895701244153391,0.035497282873737324,0.01369281217602987,0.08382940736843615,0.13012934940345985,0.022183644681440535,0.035327570020288954
49,0.033888434751000486,0.087694378679598,0.049663216733458394,0.009022880868539,0.023471987521128362,0.026150682997433217,0.01018297117255619,0.10135746163619967,0.09726900550568561,0.12501832672416502,0.014857227675144429,0.03490394078177793,0.0020192796510024418,0.04306219212432039,0.028307161158342177,0.03200742732232809,0.087595572324275,0.05959511430116854,0.00769712634020449,0.12623561173167258
50,0.061379686814168055,0.026345323990007368,0.07350623812257062,0.023406620346953434,0.0307962563233183,0.0342109440029826,0.06460912529695681,0.017079514078005703,0.09918701726758215,0.05980819275522171,0.07325787424386124,0.23913054287683608,0.0023369994638109937,0.025582267718048682,0.003890599866953648,0.01570557595057225,0.05763600505066949,0.048821105073499634,0.030649834014751368,0.012660276743229866
51,0.1302332111493966,0.0075841598468377736,0.02739981128139483,0.07262884461089264,0.013783684997969897,0.18308183514402107,0.07856582940785099,0.016494792503688332,0.03699086797877261,0.02397339577401105,0.054372890551105287,0.08274162821057116,0.007153250423807252,0.032740610316762286,0.03431892969748793,0.1388226876768775,0.03308812902720114,0.006440089883092959,0.011987474991340306,0.007597876526918432
52,0.01189487987671335,0.018428483139312477,0.019379160348830676,0.1283160080645441,0.018417501468813244,0.5373767977081397,0.01866973272419316,0.022134690631928477,0.02009606429757484,0.009435463769305003,0.025302786960852912,0.020176707835857417,0.009019636526585493,0.023631770727983607,0.046483578090264065,0.009508391083016298,0.010318066688072601,0.015330639807738253,0.017707281989574504,0.018372358260699856
53,0.009921148974765443,0.014531490407354897,0.012033174114981093,0.011602510938674218,0.12746517836291646,0.006163335757243468,0.379048933869576,0.025655382668233574,0.010140316524674722,0.007691168175817106,0.010881327851938707,0.029419573152878867,0.008181420063952066,0.025083971326894952,0.0592767331828467,0.009341872743658178,0.004788943189845825,0.026679868509171763,0.07877549059897805,0.1433181595855979
54,0.18891129810716206,0.13079302961782208,0.046067080116304296,0.014216643592183493,0.008681249687305092,0.008710387236583711,0.007876663468606685,0.009326657821808842,0.008182801165950986,0.0033662128016442106,0.0096446414884544,0.008335503666996097,0.27508245110281143,0.00931764656932929,0.004057911325974262,0.17088544904960742,0.056269760423632284,0.01598879921949101,0.012328392292156551,0.011957421246175841
55,0.056657961399216916,0.016507186543418116,0.012643961984473776,0.02537582299421571,0.014923038099818353,0.01656041972726434,0.01687321086385156,0.05854600409116353,0.013901858959086928,0.01737676373730646,0.01900327562813182,0.012656416127273334,0.06084071050612571,0.015308789881743183,0.008988529735875375,0.005892353003900705,0.02585112900166687,0.5743059760680569,0.01580022910310979,0.011986362544300624
56,0.013894279512804909,0.01646805467709326,0.01890659859263496,0.019619845481827346,0.0658485610270955,0.011082127629478146,0.011101894569631393,0.019771158026207575,0.02286476691639612,0.008866198306352314,0.05017728115481467,0.01730291324485114,0.0543026807860049,0.01750621188377874,0.009100954033116462,0.5812493233513624,0.011644655010787937,0.011736669283642451,0.023820221313362835,0.014735605198757
57,0.02094718362165204,0.10817647842988073,0.025144636126048153,0.01869429104928399,0.02586662547501613,0.01381297325112816,0.03555761697942306,0.024190332289755343,0.01975719013513528,0.03760380077080112,0.01735983236100695,0.014998367056333643,0.01575195565812504,0.049762204274863504,0.4203872500508298,0.033798814209108234,0.01982957008437476,0.04450037731713419,0.03155806507510878,0.02230243578499113
58,0.010864208807998663,0.018722196141104683,0.01795539171645103,0.04202842202158066,0.020702615711285417,0.6464232807999306,0.020577280274136994,0.01639156365698893,0.022633630150092853,0.007760035118273339,0.022332655793879424,0.016959618528467925,0.010931770761649088,0.015315307121957295,0.02010132425892957,0.009351622965042179,0.01214753889404117,0.03196921245215791,0.0206521253143154,0.016180199511716793
59,0.05601008788012692,0.07999825562971227,0.013179962051021241,0.011737965535105905,0.015402655782625587,0.028507344649735797,0.010480522763844306,0.04755958110720739,0.012599359405657427,0.004999165653435448,0.011386951953702068,0.01772257835145722,0.011988887537966014,0.009673106955023587,0.007997637471308904,0.17979427282366656,0.1530060326989642,0.29249423816567083,0.011416957702785977,0.02404443588098236
60,0.1533583977228667,0.018668698422753045,0.015981214147562452,0.05229131103246832,0.022000632328606867,0.03219279877584299,0.025773705913967774,0.020113565631567437,0.03728859662347987,0.015462740878655942,0.02285477392745487,0.03204860019941705,0.02136599725089378,0.048380006918138534,0.01222645808076623,0.29550157449047926,0.09157791994740126,0.03422245088502753,0.021074225111082315,0.02761633171156776
61,0.03614436611328628,0.01819250197303057,0.03080008512531244,0.03304905354922805,0.02630322746159536,0.010584059966854622,0.027025971047530652,0.026440397783027873,0.4528303975857767,0.010161843976096836,0.04288895461303159,0.035832916743276974,0.019134526472024363,0.039269644131604824,0.07709736526265058,0.02486716831837415,0.03163302576197368,0.009982967997223749,0.023162483861183518,0.024599042256917256
62,0.008145259450150558,0.023556784261247604,0.013342459134843762,0.017814176512256717,0.1641887338964063,0.007714854913616899,0.011562601959218299,0.04793540899737016,0.012801490691838984,0.4838395332826032,0.01449422496016461,0.010954544272844709,0.06940880665281889,0.01431446475030432,0.01667537194574285,0.0054718561166982906,0.0072841998049729,0.04045367639365739,0.01657671006651793,0.013464841936725569
63,0.19371664234778624,0.09197751369982315,0.02939601752958435,0.08632676749405077,0.023576211543450732,0.07188113671843027,0.0033618535087966655,0.019379996213453758,0.019268061753051933,0.01629843039392677,0.0956709992577196,0.005676842913444258,0.0012001151342690948,0.07586207575849067,0.04912908775469338,0.12462130253375553,0.01310801199456455,0.04960741040927619,0.017742924590464615,0.012198598450967425
64,0.012188884545360492,0.04074005720609281,0.018962425865034743,0.0209231619054332,0.0852826069001898,0.04507926647711556,0.016178791826034572,0.01415681802132857,0.01574188525510988,0.020653315162877914,0.016828181922302503,0.012128299260471535,0.009120540013049619,0.017904621299026122,0.03971571039498271,0.020619723452828368,0.010188301330171916,0.012323220505591165,0.5564431562496246,0.014821032407373952
65,0.011709523003113096,0.018877671021176143,0.021955774675951133,0.01791463591513842,0.03731972845461363,0.013151269734657453,0.014898812298044834,0.025670476101365948,0.01860667375256368,0.42701032745564227,0.12015630009093946,0.01861599109449208,0.023574490006421103,0.01936622223281985,0.009877995614040501,0.05499059583450751,0.013928716736615583,0.03826114250625518,0.0724489716125548,0.02166468185908733
66,0.1334642195436713,0.060858026258593496,0.025173309950899232,0.07869035217052214,0.017019381004039817,0.02862925839490721,0.017694155074631596,0.02008466878789005,0.018043697773397295,0.013893394754792602,0.032688562916536504,0.017062095087519824,0.007468482764171741,0.0214505588658946,0.007755212330474032,0.032719133868631935,0.11489009188702654,0.3212286579638397,0.015282186818759022,0.01590455378380134
67,0.02229104011695968,0.025309744607267898,0.0732918533719711,0.5286399717018888,0.023426320588294216,0.033502119330356045,0.02223459301555747,0.02099775742973839,0.05466417037351902,0.008027593589516263,0.023488167973920206,0.013878076855097206,0.006518287906427531,0.0210019407140355,0.019826007395487164,0.02634651999238281,0.008555145797121357,0.032895944076681664,0.019251281620193027,0.015853463543584603
68,0.013732040675758958,0.021954383825414363,0.02648170638162988,0.0231030165693352,0.02124292731568958,0.05452276230440889,0.01415378830690791,0.03620575036879875,0.06565646553307619,0.009426018071991912,0.01883766000068855,0.016769539667559237,0.011300254445185096,0.0183768524487632,0.5447410914959546,0.028035959319670775,0.019847954188042995,0.014127387258880264,0.02348350623278088,0.018000935589462752
69,0.10381319724839788,0.01092960177255701,0.05233862858558507,0.05849332096291011,0.00965729659055362,0.5564271693970926,0.013610474465047198,0.010795815927978524,0.011928031003738461,0.004141020712084746,0.011389404201530593,0.03760585150179155,0.004038340086604285,0.029597430232608146,0.0223201183787226,0.021603549968731487,0.004263309802385974,0.01059502321133441,0.014962524774380892,0.0114898911759648
70,0.005187616945925579,0.07074103284935451,0.01309338313560413,0.011787329117581563,0.14762842989140953,0.010270740169136044,0.05570171701529975,0.009182722984842935,0.009304959701249211,0.2755181238208736,0.10609532136920138,0.010543341102469949,0.002766111372492115,0.008661989658066454,0.004469805453305085,0.0035278938607120553,0.004848392082831151,0.014054851364160383,0.028800355352590377,0.20781588275289414
71,0.009640675422760092,0.04154430686507479,0.014615845290735749,0.017863848811940627,0.03203017238962922,0.010369341001155599,0.010306287665962957,0.10821999301055378,0.01438016255793611,0.24015219058073808,0.17694572807516842,0.014195113434332064,0.05582014455628223,0.04269104376803653,0.004664080395556969,0.013142358219921574,0.040716230745267284,0.1263864230245375,0.01268596233158974,0.013630091852820693
72,0.06512157595494755,0.034939784348298766,0.011343267869930432,0.2271745459030412,0.0390832367923922,0.11867116394180141,0.050142374486999076,0.010615364161456524,0.055877620755162914,0.030692120454737706,0.015842180230293507,0.008795986892524869,0.022905676470003584,0.05210241992841748,0.012047301680835695,0.022078373433945246,0.1267855334281251,0.06872328217650757,0.017090812411784437,0.009967378678794731
73,0.021838405163658647,0.021875489148316215,0.03197240356241839,0.03004916544564942,0.036669116814738084,0.015538151277127866,0.10930124411966108,0.03312936915214345,0.02509186743191304,0.026693032284181805,0.16664933670170043,0.03363434317285841,0.2676992445440828,0.030218224537401066,0.012959334195929217,0.031983120911855296,0.036986719694351786,0.011394776198478139,0.02362910164938045,0.03268755399415441
74,0.059682942540804425,0.10447004721669244,0.009594610943466073,0.013428672667241093,0.12649682462432119,0.010493512701540926,0.0269975081060094,0.10944358130988123,0.0099253327178066,0.06784052352472986,0.09048112770112555,0.044325268609057784,0.005432678652606107,0.0631468549650716,0.004328091698688986,0.012324129644927857,0.008930866928160678,0.007905150865181999,0.060248407690958905,0.16450386689172727
75,0.04195181089088129,0.022407084441071402,0.020669215015113904,0.047320651202704275,0.021112074584011317,0.563774284125986,0.019274985941131525,0.026009359168156995,0.022441091914622867,0.011522878501903009,0.02032114362079213,0.020198673314239125,0.01227366563721506,0.02008824342793732,0.0426291879291839,0.01135233225301495,0.013880932796029533,0.021072385815395844,0.02227206872242269,0.019427930698187042
76,0.032264733276899236,0.014443260239773529,0.010953642008919412,0.016464212442351904,0.12441999871141313,0.007563369008157605,0.1823407185237879,0.008435893139146104,0.09751915607376402,0.022501326365297655,0.03603696128043366,0.005243743477867979,0.0037196950525530594,0.02620815030062543,0.09611245473264667,0.03956249301810301,0.04394975856703097,0.015109540073957225,0.005765331447875962,0.21138556225939556
77,0.028782930985977954,0.34508297742104044,0.012079635519170349,0.025489383574750404,0.012563949795199349,0.016063307213380285,0.007612559380288769,0.011315423471424712,0.0149393382862924,0.050131410136111165,0.011685889349034546,0.008252769047576202,0.00523296055966403,0.010014348800620331,0.007314191824507306,0.004735322912172758,0.24695080706093267,0.15658912888493678,0.014537643819088862,0.010626021957830684
78,0.04546451509578703,0.04717672514324758,0.025921414522187092,0.01729179812828571,0.04781589409286181,0.034963067335310176,0.01569045196025397,0.09469471709250184,0.018720091282772414,0.11610556526735463,0.06931984168513787,0.01330398227863659,0.008442662471739353,0.018967711267833347,0.008293522906981822,0.0062067085389228,0.04840623622028176,0.3312642040568506,0.016336289114101392,0.015614601538952194
79,0.016953564299983633,0.022922277880716997,0.5631478764552845,0.028731954528035328,0.024549419324642257,0.050968480587394595,0.025255707955241662,0.020664393066840002,0.025347814369165552,0.008350096104884668,0.021853422388637442,0.058733546667526226,0.010065651016549855,0.023704990689814326,0.010088307579082783,0.00867642874799119,0.009150337666902746,0.029418026080582756,0.018889485194015652,0.0225282193967079
80,0.009221525299021083,0.018009389215129085,0.014906729164302877,0.01764824505474026,0.03846984776150832,0.013926692448231952,0.04331078147364012,0.14921183461732582,0.02059557304789559,0.49571959573117663,0.0374924700187101,0.014469646022943573,0.02749721810431027,0.01433178539112034,0.014995876109848424,0.00826874522078387,0.007937401989930004,0.01580886508331754,0.02253452283609152,0.0156432554099727
81,0.013511249488371966,0.033375276640763035,0.0200328546156659,0.026610774466758805,0.018925088095048097,0.5946794001564538,0.01748158340292159,0.016906594347811003,0.023627200295815214,0.01016074747016837,0.02571547480783369,0.01804395677223224,0.011995541172201354,0.02611418962902109,0.04787570832763728,0.008798518511946452,0.012166005445847332,0.02625950263159926,0.027611788505822982,0.0201085452160805
82,0.2561586230745711,0.41147557421213604,0.008807692517117246,0.012420160751657354,0.016926301322034806,0.01366152462437662,0.009816372352032077,0.010342144188235603,0.01100947311549501,0.0037545272602917835,0.011196882271123391,0.009970760338388649,0.004487954142194973,0.008651873295891338,0.043468395996355894,0.06647736159135748,0.027693143467406423,0.006279587332730328,0.02158618126750147,0.045815466879102415
83,0.015357070563410886,0.032628182830434574,0.06013144062976798,0.0217130341010787,0.019991254081289947,0.6011859545608798,0.012435487579134237,0.0187120629178781,0.025430791616913955,0.009229264007185628,0.018662770896562153,0.013052352802238418,0.00851840683776145,0.019728318072845207,0.006872797565980507,0.027175811181021997,0.007697298047573352,0.04520137361635541,0.021772956300547965,0.014503371791139724
84,0.023609365924090204,0.03595920411593895,0.028399944395267437,0.030696902737702036,0.036866808665783415,0.043683747561293694,0.04184554280211601,0.047642830024631905,0.04396472136949202,0.02682821137237072,0.04460107428324335,0.03153647824590939,0.03279483196216116,0.03181294285277999,0.32015175333664836,0.03230080693667671,0.044763628366652895,0.02485832655583698,0.04787031748965375,0.029812561001751038
85,0.06577716121934771,0.03027916116761037,0.035816157260498124,0.04468761114890039,0.043025608627793976,0.1997815892784402,0.031590609760505914,0.036204821054418405,0.034755796384156226,0.03157229686314355,0.038183643120546,0.052159476820859016,0.02488197605415522,0.04044368865316057,0.0769220014545592,0.039070288813108235,0.03303414752807003,0.04078305161524362,0.05110600281560217,0.04992491035988108
86,0.00949903843426319,0.024308656823694232,0.02436388692440763,0.03004254430662239,0.023509215625804866,0.5997074165345232,0.014891501259488512,0.02603192605877158,0.034499040263961125,0.010254432408173263,0.030600565012553996,0.020620488524586304,0.00618394352416943,0.02185314205538778,0.009626416041486816,0.02339406100004142,0.01277295532150521,0.025554632075414918,0.03386809296515461,0.018418044839989635
87,0.015604789993259151,0.027161728397447814,0.025127527341214675,0.03411170258975439,0.027470724400651982,0.04086838042790068,0.018872921232764586,0.029090514336564247,0.028127379236220725,0.014276313487545352,0.025606868146082866,0.023323847479810304,0.011167220100360732,0.02213787375470917,0.023053174054241773,0.021633503440852582,0.013234376828270026,0.02030624769002373,0.5589960008148006,0.01982890624752457
88,0.1911614471780315,0.07439415565065624,0.010037935923513791,0.016192555443052658,0.013631120771979527,0.09080878000591569,0.007851511863255715,0.012694719274202937,0.01791800819855746,0.005314037323637661,0.01633169310959591,0.041614847169154166,0.002922098464169883,0.014960244951519798,0.035676156444779984,0.38611282909581884,0.02856550126164292,0.007792387317051325,0.015295525674419297,0.010724444879044632
89,0.004540411219902077,0.07017839861578837,0.021343834822881234,0.011495065106552928,0.13717379836790358,0.004697441485966677,0.10008874888976772,0.007051288102335799,0.009159312631815677,0.008921640211963715,0.011893169162539375,0.019713239988191203,0.006516141967422999,0.1868479283346644,0.0038462892883585668,0.0026696981832585306,0.005015060118191712,0.005274061791108542,0.04396002823808158,0.3396144434733053
90,0.009351068438776273,0.056071631120743086,0.030719828634545775,0.04708607236885219,0.03652180368793885,0.011274388721878421,0.058524845021096124,0.017868885227127235,0.027951217969973834,0.12789356501087276,0.021293399125515523,0.03391329679826836,0.006500092858771225,0.01767432484422586,0.008723124152295187,0.011866414463194246,0.008455641461525894,0.011763159573258313,0.020706504202779297,0.43584073631836145
91,0.11504386768016629,0.09502194872038264,0.0024058738130646735,0.005436282815875215,0.004510633590537183,0.008866230065574288,0.003779792609828556,0.2293918846193234,0.020650571496610794,0.05896123192181642,0.1221723239412865,0.0029909671553866096,0.0009580229210092587,0.0062792702971002905,0.0018973630343129698,0.07561999127548287,0.10533027415721068,0.13007200901719398,0.005803481155287019,0.004807979712550378
92,0.41934997125262297,0.27246549089710115,0.015757536016836306,0.017128008682848975,0.016450332488683578,0.036830343616654895,0.00881085545440543,0.01717853528623268,0.021147375143240672,0.006081190875210843,0.019521544679230576,0.011733791662806407,0.004081080495892685,0.012670132223577976,0.005036026321625966,0.02644961237684365,0.013900174479209442,0.04419785215298096,0.015064543639270789,0.016145602254724105
93,0.09042837396659746,0.027950430957334817,0.005929724907234288,0.010917433262393684,0.007762053901048874,0.1546814211509077,0.010601285380249842,0.030429617199165968,0.009856658402198919,0.0025052651175680595,0.008700872976079877,0.011675571448360884,0.004546239936179337,0.008157445691093427,0.0037692211321698537,0.18957720233790787,0.3878048575260783,0.019662954538536486,0.009087356362106369,0.00595601380678804
94,0.047454380947274305,0.03321178211830867,0.08690429315657629,0.02737333097966099,0.009612391592130926,0.034502265537973406,0.055582729297113165,0.1655924749111412,0.007774297415775104,0.0974626872010338,0.023492059890036342,0.14766954017902756,0.0021785550054233688,0.14233810576031028,0.006380011093406106,0.03568921938664349,0.02490760647026932,0.03097062091007868,0.016808611042540347,0.004095037105276653
95,0.053720052212839826,0.013920509176764654,0.003010190825030802,0.006637244772614475,0.009355942081864837,0.06163739563510485,0.03202026019387232,0.0053273202246575495,0.10259487384900311,0.05309075469840802,0.09543421046694074,0.08102802138420079,0.060848030810186596,0.07447829820082909,0.11963313512790155,0.09874882978937342,0.06895661163877542,0.051810832624743036,0.004941110942984581,0.0028063753439043397
