site,A,C,D,E,F,G,H,I,K,L,M,N,P,Q,R,S,T,V,W,Y
0,0.007774114370602205,0.0508940116506216,0.02280148026281357,0.01642598277732293,0.01139480571033472,0.06034502805562234,0.021073643228252954,0.01180200901296105,0.16762329345663374,0.04354106823330898,0.010981329772178177,0.024213995393930154,0.019159743430751896,0.008378553162759704,0.47058290203971526,0.01674084216489854,0.009416084837101104,0.0065310478583794195,0.006068492636735562,0.014251571945076051
1,0.021011471155166387,0.011866752893263261,0.014120664869184736,0.04560619208913171,0.014975444326226616,0.6028553863663425,0.0357359772006169,0.012763143150194362,0.014188495557755908,0.008225586043330338,0.01363700313707285,0.02406238310185461,0.04295808012516841,0.0269096757476616,0.027983377824303136,0.011914414278933777,0.021432126034977097,0.01749127587135109,0.008081748749518095,0.024180801477946615
2,0.005256285794175854,0.05586911393294571,0.02006653429997843,0.009646786096210173,0.008992383113508928,0.7774733290646242,0.009235080841261996,0.009206113590741145,0.010041340079271231,0.0034727562439812788,0.009223782995190891,0.009203848914804134,0.004328245550117811,0.009742325814169204,0.003190280859620419,0.0265320567804944,0.006226100097413588,0.006437556807135206,0.006595945940905139,0.00926013318345031
3,0.05711811719960682,0.055288280284819316,0.011714108484131769,0.03047503332708672,0.012487562669882709,0.6539466132334848,0.013684922018400872,0.013979712574818165,0.011707099455607163,0.004513410714322613,0.015019286922267002,0.015700108864028978,0.006578607722939589,0.013047006966510087,0.013811639725278652,0.011134272764418904,0.00924266911936005,0.013462482070214554,0.020993092265174235,0.016095973617647055
4,0.04689621057701583,0.07091659870634738,0.06093072638974668,0.027804159382452138,0.014233502605714717,0.02879100411220068,0.03234443320905699,0.11686645335461195,0.08123926732715872,0.038331346869133316,0.024153931504288975,0.05733758303875932,0.003927407474314761,0.1042766282805741,0.05473042661904035,0.05981705862075286,0.07477135008541913,0.07826548457360302,0.009917462181302083,0.014448965088506968
5,0.25238581429118806,0.029421087454840626,0.005393143144935673,0.02313351577324263,0.009356740328075869,0.4307904346755977,0.0033580299815691534,0.004667471557646398,0.006060575409035262,0.0017778398072038652,0.005765429608831817,0.004832865319786775,0.0019608421526733986,0.005656066776705944,0.012601183126505345,0.1646059204092285,0.006343493022485417,0.023705583516915495,0.00293437645945137,0.0052495871840806995
6,0.05033642727062719,0.04845759617013239,0.07902345747985792,0.11261442746640705,0.047193378808380516,0.011360606667202356,0.04504677941402118,0.031619080730562014,0.005259129143738371,0.03552375685504121,0.06606961389314302,0.07558293508824557,0.010809782674251376,0.11433681699061339,0.015481734874887201,0.062112009126041326,0.050896930851049925,0.04356414043479516,0.059286139878323846,0.035425256182679
7,0.0732737426899462,0.04041219838830035,0.0083763049671264,0.009981035073944806,0.007299106258076644,0.0031161124680965033,0.009146432903110789,0.041285056065068305,0.007938739213943865,0.0030680660983066384,0.015750489382977465,0.013795034766015726,0.019992644580430607,0.00783847187781509,0.00272929772987879,0.058256676812028715,0.6485667796092858,0.014834014500321752,0.006694456229587835,0.007645340385737697
8,0.042847475773853776,0.15260758545066996,0.0027885536997808245,0.0032059019238868105,0.002166368188286484,0.006933797898352375,0.0020795710170535965,0.15834509966344046,0.002328803454772772,0.1780872191126911,0.010302318145400745,0.011637648444332262,0.038575286307986796,0.005238426154221548,0.0022980911795376664,0.032902915069352445,0.14385679429713605,0.20010507592246277,0.0016008921047325525,0.0020921761920490037
9,0.0046709709246113874,0.012106313989890132,0.011407404463477516,0.05021443210783948,0.010245287354664097,0.7629901149185383,0.011310872305073646,0.008871282592945676,0.012591766773671888,0.0035493759129224672,0.015470163456504663,0.014476585583765834,0.005855871153544011,0.014261673903594913,0.02072149673019865,0.004969534085311582,0.006327392199205488,0.013506959978482032,0.006888309823094394,0.009564191742663871
10,0.04950007467102974,0.13127141042046703,0.10060943588594819,0.10641976922945615,0.045735278889161284,0.008428461409267554,0.03343244911152174,0.061912546670103305,0.015043657344861452,0.01699188105512655,0.023323873994956786,0.01697919082911213,0.000796096387705204,0.1218393846721227,0.016573099425862974,0.04117392173869878,0.018206909750535294,0.10459548954641555,0.03698496327954246,0.050182105688105126
11,0.08201872629961389,0.032766286372688344,0.007169643534521839,0.04030802522043016,0.009050409612288587,0.021052939291661542,0.09309376817961529,0.02948432915850242,0.14210706803681536,0.09091894579623061,0.05097879640515821,0.10463784641694063,0.0021234813335600142,0.02265715881459892,0.06767702345844742,0.07084210379041002,0.028572976136994145,0.0877245701481313,0.011730680522112773,0.005085221471278499
12,0.01785746191558093,0.05085396515255226,0.025867250970608272,0.02836518139187557,0.02259431496587366,0.017994929722792225,0.037905796714076664,0.025837919527048468,0.023706145369482783,0.0629079528099439,0.017060008423520297,0.04028266819351794,0.02319108379900476,0.08523778072310603,0.02542873300413003,0.014999116231200767,0.02526694653004475,0.009194935305355747,0.3659762460333054,0.0794715632169795
13,0.011155419729205298,0.016314877751698934,0.019273402206410214,0.03240178496537951,0.019707784933474533,0.004585036133630841,0.06441736674534326,0.06423396647959503,0.4801701562354621,0.01723044657177009,0.014514770729252007,0.0324875309176854,0.015345741438668495,0.033147997911651024,0.08442397937363326,0.008785101056538451,0.04230393128150527,0.00671458839365025,0.011158837001671725,0.021627280143774307
14,0.06587483539852758,0.050945050345839266,0.04776090312431991,0.03272225914279697,0.03533071784275261,0.062105675790477245,0.04780876485223689,0.09152427166015623,0.030390988738081694,0.06556887288142543,0.05582977107997131,0.07023474650766863,0.002179377309855003,0.059980460559608186,0.029041919003072337,0.08379902650089917,0.06380862326762032,0.034672150289408926,0.02718209233211743,0.04323949337316485
15,0.09697869678169349,0.05831725055615133,0.028048481541709167,0.02893411183443337,0.009174537345022826,0.043095918689673815,0.022104549702971057,0.02695478336271932,0.10751417519734464,0.0489988601998363,0.07322290483944274,0.06578146436353455,0.0023687725461191285,0.10935962587328804,0.09986924372691465,0.10951088598275287,0.04424485100831716,0.021334048765733648,0.002509677405158198,0.0016771602771836647
16,0.011393814696083268,0.016889536295249245,0.00563587458818593,0.008145211848977981,0.005842001011819126,0.0020076667276911903,0.0076667274154616424,0.08007897039770313,0.006473343046647147,0.2791030892378767,0.314943089452873,0.006881945287076037,0.03159856031336297,0.010911827683141348,0.005419914914643531,0.00211289903510632,0.018222791009644336,0.17571455077383616,0.004314651852797607,0.006643534411823315
17,0.12039199597265893,0.05376407318480899,0.053733684484125965,0.0067859984751954,0.003999744025642528,0.05851666411979664,0.04729207183526475,0.016125664396050475,0.03377851540444767,0.020417611627104617,0.05680302797532257,0.2175411771900347,0.002998264563493909,0.045056219264610266,0.04544518141431235,0.08305188090131506,0.05488725808352747,0.039797636800503855,0.004241428870851366,0.035371901410932466
18,0.0610183786562501,0.06328140621770263,0.07160935588441439,0.058910722690772965,0.0257580771911742,0.07298022297818668,0.059568712351365176,0.04737554385370797,0.03477120650756333,0.05839424985662799,0.0393494321697123,0.05253940650752918,0.0012324065224166944,0.05733797788458197,0.049746934296116936,0.06946740314497761,0.07018708487142598,0.08195342330126468,0.005501918397668731,0.019016136716540455
19,0.007209533410898854,0.04202931179744964,0.009491908616195126,0.003942280287956957,0.19585369975251116,0.003055903766819883,0.021163581838031065,0.0473399222123534,0.022028334547909294,0.2769555523564422,0.21713064746736535,0.005317220051189214,0.002227846108503185,0.06592382448122917,0.005005542753884,0.0015863561088431805,0.01418166602381038,0.012385084961099857,0.0024142466420932814,0.04475753681541477
20,0.08729054465439565,0.05866634465307592,0.05077711116108573,0.029719526720323432,0.007056932106301396,0.07165596166998127,0.04636442941527372,0.024708802039788227,0.014346103536755311,0.016827888867687706,0.06752637492736036,0.06612975176111537,0.05357071907586245,0.132412060132518,0.03133539574675641,0.07595547793312396,0.09862691105943144,0.018075354481086162,0.003067374791152762,0.04588693526692476
21,0.0667482267587539,0.011534568606480312,0.04422905338851504,0.06401021924431727,0.002874154613717774,0.06645794562201136,0.07179894768137243,0.0060594767823246975,0.0687159388376344,0.012454793355039706,0.0157405544699803,0.043994825332295436,0.07520521392153862,0.19782933321603063,0.0549830849566561,0.10069808194762526,0.07767636724865654,0.004432538146644141,0.0034324009035004367,0.011124274966905625
22,0.04982083903506858,0.03868369752170986,0.05988862167442236,0.049089088935447306,0.015260925972570493,0.047303123056289226,0.07826655469880169,0.03741155474298036,0.0063089580058676336,0.04492499415861525,0.09635605697129236,0.053614902801103786,0.0572869253407783,0.07933169086339542,0.014402292209824388,0.05499508833731566,0.07317446511890949,0.07006714802661097,0.011168365306867947,0.06264470722212898
23,0.040189877683188754,0.05859007003118431,0.09658055856361202,0.10702071200977469,0.0035690302284008624,0.04506429928168437,0.09710440686161786,0.01109992847646832,0.03549397852542566,0.02297830005781825,0.13427018178338984,0.06648335859752795,0.00239285014006904,0.08362332451648179,0.0131188764058562,0.044119854280349605,0.07194473195826162,0.04341850538929139,0.008401588806288844,0.01453556640330862
24,0.012486452829382535,0.05160762467751223,0.01391420904767275,0.01170774439070644,0.3337879371317546,0.004633919774098839,0.02988202316500832,0.050638153694818416,0.011350205347213427,0.016160981879367133,0.011190317526974875,0.019955676680080886,0.025637690622377744,0.012833009879633364,0.005010413537999939,0.018767431959424846,0.017824694375507353,0.005823172847871182,0.11655357855331909,0.230234762079276
25,0.09782869129666381,0.043563360377554275,0.0353733210514122,0.020960332820420657,0.07959182633948257,0.02033066932902234,0.06816324119666495,0.08278444178465796,0.034932735146210994,0.060086773019208194,0.04075725243395587,0.08227222091605392,0.002977922157417183,0.07889833748235446,0.05721846947016195,0.04912883115580908,0.03640439107544634,0.04292614712741912,0.007346696114178561,0.05845433970590557
26,0.01754832452969168,0.04415855600615143,0.04231904927399465,0.029194067599755583,0.009565590800419313,0.005557021023787175,0.07297533891889532,0.02708409869041819,0.0974254195015946,0.012238596402266606,0.03086022464435168,0.11936701852579344,0.02568723242554866,0.05693852740625996,0.07931886793348014,0.14306077134821138,0.12888953195331454,0.031073986542163597,0.0028326093743792366,0.023905167099522867
27,0.008160260854113886,0.03962840122756767,0.033022859009516445,0.01118094183660226,0.21054873012151706,0.005586097535307392,0.060971063717209936,0.020310930868976,0.011231577191986437,0.005998142044110064,0.017031666770084407,0.0337346582170428,0.010881216567415215,0.01740935167247323,0.004117995809954804,0.02015463064156968,0.00813611854235815,0.007688476876052381,0.009570522091528566,0.4646363584046136
28,0.007436931697206973,0.013885936845255627,0.01714240168907012,0.04108146316210175,0.008605298386380803,0.01660038520710557,0.03127977435491165,0.06537862493374814,0.41620742141185874,0.00497235740498747,0.01381153270622045,0.029972104552426094,0.009775365684719541,0.02003037361236503,0.166768283520943,0.012898553286011031,0.03946174538218207,0.011897269866424469,0.009721789491510499,0.06307238680457099
29,0.08783805013354194,0.04521255470282736,0.005530341283778585,0.028323523277522418,0.006001258025881092,0.04060208386652693,0.050711121214393896,0.043696883672311795,0.1834017374626831,0.05762228638084744,0.06944995302262341,0.04938610536525781,0.004363038249381797,0.02563426007741515,0.14609352161759911,0.050636231261062196,0.021706314479896644,0.04339937444084907,0.003011253915599887,0.03738010755000037
30,0.15939040070400065,0.07131333270358974,0.02863095399313104,0.013219913055009363,0.00722915300607713,0.01784821633465441,0.08226845341557514,0.0309255156915819,0.007446436845470912,0.010976707659630975,0.02297642504758042,0.19559615299083472,0.019829088912378966,0.030773993200413862,0.023044062238755856,0.14681137394470184,0.08610202381664331,0.027331406755862053,0.006066216652985188,0.012220173031122557
31,0.30271098935774515,0.08810495713390878,0.0159374040322743,0.009526717795067799,0.008996736532002057,0.29783021219423733,0.008862181648850642,0.010616405260703784,0.010139400992015128,0.004237791668610613,0.023830736133740378,0.02989016698521747,0.006298097395510874,0.011432046238525628,0.00821362935402468,0.12072749431925185,0.0059509224849977164,0.01506233157126819,0.008764011405720112,0.012867767496327547
32,0.014295524710598773,0.18800976955405546,0.014443161875891534,0.014926512299598647,0.04186298954287178,0.005475490119296584,0.013287498541442344,0.31596562471531586,0.01152564388944239,0.013469901833109955,0.0202778053094092,0.044490521895265554,0.0080096741892553,0.016352769765428474,0.004874158756392618,0.013209055737476412,0.04406541324315873,0.18519382643429538,0.014288473095218638,0.01597618449247628
33,0.03639074631089308,0.022747000732029107,0.006304588385723683,0.004802008940489995,0.017841408969528537,0.003934200912084434,0.057552085688525594,0.02190655067059739,0.028322047348304444,0.1023814286343933,0.02530675161849896,0.011920692513468013,0.00860055869845875,0.03694069143252264,0.02869248720486344,0.10421520109245538,0.12277743448906395,0.04424390532170924,0.24410915885683668,0.07101105217955336
34,0.015431832787815512,0.01801074692397067,0.0431636233307627,0.6026922215593875,0.019005318917276765,0.04595369134354356,0.018310385716865725,0.014678644820886183,0.0361617508773111,0.013914209493318083,0.029393950926082987,0.01356940508751656,0.010464627136665077,0.03253009703051605,0.009695165686221217,0.008410393040946604,0.011716340236343565,0.02367981896149049,0.01759458283258198,0.015623193290497661
35,0.10077163529685128,0.10922427090958857,0.013909386400275068,0.010692785040068384,0.007123790655779483,0.010512256820996175,0.0069194146926526996,0.16407810059700734,0.024656191585108733,0.012781212558501722,0.013336207767490104,0.007343941862286387,0.07542906101125268,0.007842679813031774,0.002465776870863434,0.021683720493113016,0.09938094480791536,0.29912583794155884,0.005090708800035054,0.00763207607562384
36,0.03756058771914059,0.07790859872598278,0.02064342331228355,0.009267774027807188,0.04061636948807437,0.06753285051382386,0.06287228133466499,0.007101774152034675,0.022839878095504855,0.05104409546382649,0.03006582425916599,0.09884225783552746,0.06924235587391586,0.08492894443599465,0.03229890561746275,0.07701261563246176,0.09015506980051441,0.051830085016032104,0.02683675534340876,0.04139955335237288
37,0.0192552442617123,0.025087539055471085,0.03052966752965133,0.017936952839022968,0.0229039039788526,0.04058257001382052,0.023713293893648662,0.046979744682917546,0.04528286380600942,0.015602204497694352,0.02523701259746366,0.03874715297675905,0.026027177520652634,0.024401152797745355,0.4461801528788058,0.0623115347170503,0.021336097972577135,0.00953749238144198,0.03067720937530483,0.02767103222339843
38,0.06823531121252202,0.013288518798400775,0.07300757396948417,0.16285812595566274,0.0235885342163899,0.06251030241792548,0.013599969939462735,0.05789766502416904,0.01931927005700768,0.045206432765045435,0.08294896095447976,0.12952950060888857,0.0017072268408849203,0.027912906588283784,0.002141498744483953,0.04606415815192759,0.07408482236308273,0.04042082108994688,0.021055962919039772,0.03462243738291204
39,0.035663680757503105,0.0049794019594216,0.11839700069728167,0.1432677735188825,0.00917867275885085,0.029323808690703897,0.09441453069706225,0.0733935627186308,0.015421759900961066,0.04679065681833739,0.02318423973945141,0.04385985957018679,0.04614625639423102,0.07512939093471792,0.007919932433858398,0.05236621459124683,0.0748852343155793,0.06366414020128479,0.009186223142271518,0.032827660159536885
40,0.41311871589599897,0.02205667029731559,0.02991257208545152,0.008252140229943942,0.009414590525584956,0.017953208619651717,0.023550208807022507,0.015751845654255796,0.013742236608024766,0.004778004330313445,0.014880208062611101,0.011251185585025076,0.039313937659651535,0.017324509511901176,0.004502966563284435,0.2615794880748099,0.015807728929589794,0.04714142283053181,0.019747381153985815,0.009920978575046152
41,0.04836634963883619,0.02430960601146315,0.004145427505680186,0.0065388687978808775,0.004472121664722104,0.003041600169994372,0.008948539841114883,0.1652225266226182,0.16369905264292853,0.02160521761078655,0.033531564180367845,0.0037485293442254372,0.004457656115776571,0.14240461211400188,0.13898810372679168,0.06194813152022166,0.08867909027334565,0.06447382027020793,0.0036566842735399744,0.0077624976754963665
42,0.07252452763220389,0.018321141612509237,0.018897999485554942,0.031987203127584164,0.014623396134735782,0.037865904256886414,0.05669328268402533,0.069737862736274,0.054866535655842166,0.04870886348998965,0.07037427351291621,0.09224811745082381,0.0012952959307621491,0.07459585691065253,0.0939971143679472,0.08056848152258987,0.07617448666826292,0.05103955045977913,0.017483162057796355,0.017996944302864238
43,0.22802063046534313,0.06454911276712556,0.02801646210560508,0.025186732225235275,0.015895694579549383,0.01020047384412882,0.028367380378983346,0.03979478339328789,0.023012898814252742,0.04729964881428298,0.17276490855938045,0.045116379459209544,0.0027788031996462776,0.06559458216217555,0.04519513172417546,0.052561272941658674,0.01034775611287211,0.037859597491600006,0.008560443795132459,0.048877307166355244
44,0.018034027881179172,0.007699078546612624,0.007101839343070496,0.008546554786681902,0.1765407507590475,0.00657534371436898,0.010753677086008879,0.2338354570622996,0.010939615848613679,0.29094549158021954,0.0963212054977174,0.015397105702566796,0.016438734888949924,0.023500608640065854,0.013305337927859099,0.0022597073603784447,0.009333292786330617,0.04018824224383408,0.006544856124654198,0.005739072219541219
45,0.047551435418688184,0.05077660375783903,0.04097537338271086,0.06873956007224388,0.015666653535429016,0.048540076484145475,0.06649355386098924,0.04086634333919407,0.07835272618554882,0.06707221907650675,0.06378596284586506,0.07099246017755075,0.0005680165773764237,0.053419151387863746,0.049417587760237,0.06993896294465424,0.04714766294239012,0.04959044015204312,0.017785540564608245,0.052319669534115994
46,0.04966854883445338,0.05082952753670462,0.11775170477064116,0.09244642269173148,0.035254915466921416,0.04826054643207214,0.04159307713246895,0.029824250022785073,0.013176326422589724,0.028165152437156143,0.026087919181250675,0.08826048876062113,0.0017840580540353962,0.17881215481835494,0.02041981133061296,0.07463905099557266,0.06419182276148899,0.024741234454147238,0.00551179209153819,0.008581195804853661
47,0.05399750385686888,0.03686329375331087,0.015291065485580489,0.012348408367734806,0.01225020261818144,0.20118052565096972,0.12795186125750005,0.0033416002792116934,0.1390250870698749,0.02046815436957298,0.038117482604962845,0.14971268869298107,0.0016535662451836466,0.04377361700426759,0.06161235467535651,0.0543459149554039,0.00947229773399985,0.009669892463439694,0.005798612588072247,0.003125870327526815
48,0.029145125426718908,0.09521930964438732,0.025195507670491935,0.037507449607497696,0.042588326993009074,0.019491752297289996,0.05582678873416047,0.05030344379907351,0.031792483252621524,0.04604573099761497,0.026507595319265824,0.025659848201712316,0.09411009242909253,0.044288284729078725,0.07750851282593112,0.05439632463836149,0.13166168430440325,0.08215353609120964,0.01401828541874866,0.016579917619331037
49,0.056143045003394926,0.04843427824357751,0.07347827594377951,0.03655095967818653,0.09124046499687616,0.014889398113723964,0.04934669011140313,0.0344021803386539,0.0748132182692713,0.05779903257036421,0.03618134363967737,0.046222948565857236,0.016746889800833713,0.03906531167956942,0.06808847404603703,0.06739925553584032,0.04215511389143178,0.05689580419659226,0.042099730022128315,0.048047585352801445
50,0.06357551306419161,0.07166696105441508,0.16175034859502688,0.06762561083877731,0.02289290224335657,0.033738044371986894,0.057579084214986184,0.024609473546573078,0.04954079605760987,0.03839213739813391,0.016179022818752598,0.07024136487859631,0.00480999276966639,0.047028331379400365,0.007946630852946621,0.057910479742843884,0.06881982625086316,0.05068336122501818,0.056042028476017365,0.02896809022083773
51,0.1552678246899933,0.04455125561819096,0.009077860987300686,0.05330097773052913,0.015372327073014306,0.1264379668976125,0.03502529558957956,0.0034154373512904116,0.04273506819864002,0.03354427189347913,0.045717084806450536,0.03419741855105862,0.0011330994245748462,0.01598600284153227,0.02081952267227236,0.2417696090684385,0.0994425417330015,0.016158721566678504,0.0030458573108107347,0.003001855995552101
52,0.006076375110397894,0.013505917866633974,0.011999730653449744,0.032109686570053475,0.015028633946877392,0.7197765997137682,0.011022014942590152,0.014266794061581246,0.01609158346089017,0.005530318272455226,0.014237924731682386,0.013437346682683673,0.006994040802393625,0.02638190027583418,0.03106239467914005,0.00571711184825985,0.008764230843683095,0.019469808221285353,0.013957909119709856,0.01456967819663044
53,0.023135107296082872,0.008532698307473512,0.007443230105555881,0.005288139878142364,0.25210985724441054,0.0030426451734598325,0.28625442671521073,0.005218337869911625,0.004514281975348657,0.0019379497277284606,0.015892060427404108,0.004217933350782262,0.0015197560200025237,0.010171799221792538,0.012696978070343005,0.0017436266191632114,0.003531521745180343,0.038878886854558495,0.14908776542052346,0.16478299797692558
54,0.21666604308653808,0.1275021989005259,0.016909164965470094,0.006331138562798832,0.005016932133504196,0.004814726604862686,0.004419750602653158,0.005030661354779399,0.0066930007740378175,0.0020226909671558504,0.007336994426585751,0.0101008288352226,0.28495021211941973,0.0055289420606291825,0.0019154503586990927,0.15750709176892896,0.11007699236350953,0.015449959463679315,0.007006947196995084,0.00472027345400479
55,0.0259415176416627,0.060349732936747634,0.0056356858930153835,0.027779166305495484,0.00621471145070176,0.010719943135892859,0.006734004136556499,0.013425052485263074,0.007332962063275407,0.004433447205858071,0.012337664092650167,0.00467491337140338,0.3463585550083319,0.005800576697563139,0.003393598126176834,0.0023454310473073974,0.010207484343742905,0.429295023080059,0.011402797092125064,0.005617733886171279
56,0.014859758458060455,0.010778116106782051,0.009578569166270161,0.017929398522198776,0.05759646181800433,0.007599679426916397,0.007947606933088547,0.016417488230814754,0.015363719820503264,0.005286750375751622,0.01766654616866761,0.011006564413798478,0.03935368120819982,0.01041610351406171,0.0051622785067368514,0.6691455196208571,0.00584016985641742,0.007603421152143741,0.01662627922709746,0.05382188747362935
57,0.014788948296329775,0.09328357699252238,0.012654187478410335,0.0105534014004035,0.014359794236905456,0.01706400286884658,0.008119974388714396,0.01258173672492617,0.016679088168823155,0.019755433849250045,0.01781966541340603,0.014236095623132888,0.014800828232440699,0.050727577732123164,0.4416562715580553,0.1174259956748657,0.04239455394892047,0.006362284635635439,0.046873436171495496,0.02786314660479301
58,0.027338523668953958,0.011959244527785757,0.011105630840309926,0.0820101893909664,0.015071671142692051,0.644063359872012,0.008884825849960195,0.013469460356665719,0.01434245274016179,0.004333098817277026,0.012910676735903338,0.011678262474656911,0.0034466727977745136,0.011302737220258601,0.07128945918492391,0.01441518159166607,0.005591148864160238,0.01620743667313499,0.01047802733072622,0.010101939920010405
59,0.2123074082090422,0.05669600745611109,0.010535978929216788,0.012687300401293174,0.008736779538141868,0.021030859112142114,0.012090213822063102,0.026719876607369655,0.009261372480173728,0.0035035102667732303,0.01745061902612478,0.030951482553755863,0.013284556939294248,0.008437767670201827,0.011252860479913527,0.28860526301388423,0.09240095865946842,0.1423940951284856,0.009159690610449498,0.01249339909609502
60,0.17714562693773037,0.12107575208684246,0.018860814682616543,0.03660512331731325,0.02986515506653901,0.05199057069733193,0.022290575924193538,0.017714622054320887,0.01831271572612452,0.0052211909406131235,0.02004872291241315,0.030029194726625963,0.013360489791505722,0.016313343974570457,0.005239170318565842,0.2405726195502666,0.05507646070829286,0.060737025587087864,0.009522269192126594,0.050018555804919304
61,0.052665085293902555,0.017572527815334464,0.01702001127183137,0.05053115109950873,0.013684980301721604,0.006001066959258621,0.023139968756449816,0.01701038263053055,0.5417368632856899,0.009890001974385212,0.03359190501570177,0.0376165435200483,0.020489758219368902,0.027122370394634915,0.0460112020158914,0.01544305468874567,0.028418361184818677,0.012330329459736436,0.011813565137593128,0.017910870974848024
62,0.0037477779143718047,0.008515968271428535,0.006341472116763921,0.011011684789100116,0.20860895702625695,0.004099001253316378,0.022261704729294025,0.12684454801061223,0.008163297510980227,0.4582449527896975,0.013998042005700352,0.004260289512316224,0.017730713341294203,0.00799237219056291,0.01147960241092702,0.0025791824534783826,0.0024991686528165104,0.06835739004608436,0.007727108660044909,0.005536766314953374
63,0.21456620767336113,0.07829878484039138,0.009505372616118793,0.0474315201088403,0.003976006932586504,0.0886734039744075,0.005407380376433282,0.013187357533826218,0.02767880852864296,0.02205078144106207,0.06102696913014354,0.007821795809090249,0.0008821645585785895,0.08983645918853858,0.05733578842683721,0.0906694710859321,0.05862458521847178,0.07036875089818694,0.01468616053759572,0.03797223112095524
64,0.004542366980817537,0.03524432574112036,0.011990655537930238,0.009901943658648485,0.0684559836136092,0.010317053369576518,0.008105526619697932,0.009626250148715128,0.009527059678743873,0.011371132416661085,0.010695279097923983,0.008472870961102398,0.003864183588429532,0.008236480199926139,0.044422592445540615,0.003909524223560193,0.005035993804694173,0.006161385500087831,0.6221804236694587,0.10793896874375598
65,0.005763424707838184,0.010620790307582267,0.011444927723612561,0.015677142705102377,0.04928165537776202,0.006834144811787445,0.013154788290708666,0.04607246253991871,0.013569165346615956,0.414548085132304,0.26711439776250706,0.011138529486586012,0.01075016445651172,0.013184219005410247,0.007149498216103176,0.0442790150942764,0.006268940059847842,0.019578183492510025,0.01872203650888046,0.01484842897413476
66,0.1283600967193127,0.18959611400888712,0.008426024756918766,0.02283460730889786,0.01421986590408928,0.015072524370421345,0.023777868123890485,0.027161437897251246,0.010341130064370192,0.012956078121600904,0.042856483725476645,0.0069236419813535465,0.002857878035407437,0.02129481982176102,0.0031898695968600537,0.01746304416887636,0.14280126867079393,0.2848114954864647,0.0101284455440545,0.014927305693311868
67,0.012744524222201441,0.02072989989373845,0.050105607198679535,0.6743310053989747,0.012050426273292798,0.023877479977175497,0.011888425331192994,0.010840767618314316,0.04876299505786654,0.004477210075031363,0.015484692117540857,0.007894478609138975,0.0049368193571631795,0.021687718670661615,0.014285029796765115,0.009633791392260596,0.005626805388406912,0.022589429708209197,0.015378300968300587,0.012674592945085342
68,0.0073582758829854565,0.013129384638416378,0.013592341062493778,0.01846523739602679,0.013403200318123806,0.02710522940104753,0.01714746527306566,0.029622860892401723,0.0389790983230508,0.004977270944464489,0.015121092761379169,0.01041193992234006,0.005046848282586266,0.018245386370758978,0.6529217433887665,0.07014581074279569,0.007364612007068204,0.010510056450283134,0.014473292580170436,0.011978853361775245
69,0.10972010698701501,0.01673462798047077,0.0969094697272334,0.02552226428294378,0.009242532695930752,0.5635813187276771,0.006884948503587221,0.005315761115275097,0.006791032831481105,0.002165888516709151,0.007476403081660308,0.05308957723836238,0.0016660155066743339,0.025175293547731094,0.019611504024637568,0.008237523942839099,0.0023422479991933687,0.02650258283531556,0.007567211444343705,0.005463689010919087
70,0.0018459193760446838,0.01685137395592747,0.0064634768566165885,0.005031700949400054,0.1988462830832056,0.0034093250504922323,0.0653364056418741,0.051123230273980115,0.003663930115539713,0.26155605628842793,0.16115406287425277,0.009699700227923068,0.0008884465573290319,0.0025621068911279065,0.0017013597409783038,0.004251304701342857,0.0015519685704860082,0.007993197744143615,0.02702808434750529,0.16904206675340264
71,0.027940871611219192,0.2960664516178324,0.006425690609465836,0.006557701983637561,0.09796053184001051,0.004551382577024632,0.0033317520973066153,0.09197950568926587,0.00957209718939754,0.19987954087593474,0.08868719379741306,0.004187224092720942,0.01990184808592863,0.0069731344163994095,0.017705584018206294,0.0030418736867432548,0.05147373858294716,0.04804002965047238,0.006642906795751527,0.009080940782322452
72,0.03311387768152253,0.03566273002276472,0.1460924318613249,0.149813824204377,0.046480985505408814,0.05157037603770349,0.0899996656757522,0.05084266520559803,0.013471298748135078,0.06946854478263596,0.017356212431969147,0.025755658524643683,0.016983372704880078,0.07320269282941738,0.014554457184729457,0.059952702486683225,0.03247158101945852,0.014622262979905,0.027702842776072652,0.030881817337018135
73,0.02114927404225938,0.026146800443556294,0.02292998647460736,0.021195514261623857,0.027664924609263515,0.00987656068698764,0.04920505044557999,0.026280805348937,0.025788561663678548,0.040984083214353435,0.026178146687347914,0.02132699027519799,0.4508024468365018,0.043788113339857444,0.011064779458908046,0.020499965860872892,0.07733784511860133,0.03128225235739416,0.014687461523009858,0.03181043735146153
74,0.009962536381690368,0.05830084903551818,0.011528443051296352,0.10533758449616282,0.15085996895995182,0.02458724724723599,0.0529697448657105,0.10389202751713698,0.0035335339403391635,0.11165764026446855,0.09392365056470053,0.025726865225377198,0.0017693478635568362,0.006421047344524523,0.004593240973682822,0.01761954193916654,0.015197203666832235,0.08191645312153426,0.010695961087385384,0.10950711245372895
75,0.006509382551939974,0.017861271186853697,0.017660230437940055,0.025674684694891852,0.011882564490513368,0.6353188132023011,0.013727711074998527,0.018800190366353036,0.020234085635407944,0.005302191324885823,0.013974212274277682,0.01396138540739853,0.006057444709825519,0.014796362541654276,0.044905744869419846,0.0064251459280807825,0.006169634683422308,0.02644192634709204,0.07949684433213224,0.014800173940611356
76,0.05525592524714648,0.055373777448554325,0.0034904012641496663,0.006521566007061398,0.037016199471093955,0.009452305814535324,0.1625953348867668,0.013308042758797996,0.09616944071266001,0.06884944419686086,0.027020861458486235,0.009184009879508022,0.0017567363258919975,0.03550765264287931,0.1417012422946522,0.04063304585297789,0.015275295876651723,0.03289789279002032,0.021130542895746743,0.16686028217555876
77,0.020537099932368692,0.1466403985532709,0.018482963480737444,0.01771678640089699,0.030746231631819842,0.012627405198410121,0.008896379699820905,0.028415478018999716,0.013960333367113777,0.05614685216875088,0.011098847223344484,0.010378418254337756,0.010923629597752657,0.007525919420490693,0.005292856259336228,0.004572361435234471,0.24949647308688605,0.31743206049758466,0.02022111206862511,0.008888393704218664
78,0.026544074254679674,0.15976838967275572,0.022506387910252345,0.006807041356165005,0.034628352928417,0.009692373480291738,0.004076933741979094,0.19472448346540233,0.013371880985971708,0.09791427308803059,0.13603121772207075,0.0047490727158532335,0.002520944069156113,0.007762344451692249,0.002957598673596711,0.002263959216045224,0.04688697222681252,0.19048175002633908,0.005900653932059963,0.03041129608242905
79,0.014975511617897374,0.014585194284112878,0.6846687815941246,0.048776595507878356,0.01447947985944366,0.02827969306669421,0.009964151840463436,0.013452366059674477,0.01425271458590703,0.006858881937338214,0.014672151557399518,0.049713231638571505,0.004622724235347843,0.013371976559886414,0.004918957391536004,0.00468060167595537,0.005793458882963965,0.014226058601051448,0.013859474084766583,0.02384799501898694
80,0.004788876870843858,0.012123262353930426,0.00947531227975111,0.0098774465710687,0.026096210355892328,0.004902762973520842,0.033388844830828567,0.24899746602381323,0.010700783009163266,0.4772024796812447,0.07059594063727202,0.008524580176769707,0.015233050971905561,0.010425233019317198,0.008208910406202792,0.0034204693015583982,0.003794682886854334,0.020462576430437546,0.009867338411758419,0.011913772807866983
81,0.00824589737696153,0.025318858733562783,0.014321267677092521,0.07233676501645045,0.013969875933139303,0.678448712001852,0.012672969531475354,0.012735862376227657,0.013132908566852407,0.004677328251454302,0.012312525996944733,0.011645976596595707,0.006357008999339574,0.018287892531905662,0.02722444090623478,0.006200508980449439,0.009620393477262783,0.02087789521878379,0.020199554093775673,0.011413357733639492
82,0.28817909121620144,0.412201125366646,0.014137160601197189,0.006733973799937895,0.009132755342550382,0.009433327441944098,0.0037402241651872904,0.006052760962617416,0.00598805950058739,0.001668039939416073,0.006333644842084874,0.006143644058851897,0.0019392687493835752,0.005873253507957759,0.018716616087279717,0.13366165768100094,0.020612818432053696,0.002693892920166592,0.012845635011468544,0.03391305037346716
83,0.015462071258224018,0.07367315595237997,0.026430424162175954,0.015735231826928046,0.010453774706467238,0.6973710169804277,0.010127240494693842,0.011640234928455884,0.012736098576986566,0.005224679135998581,0.015465897913307918,0.009480690324294534,0.005398234021925603,0.013727485135509476,0.008098025679894025,0.011955653328889006,0.004596580568920013,0.02638103129477954,0.015933517667966184,0.010108956041775885
84,0.01820827424322919,0.0227682828505364,0.022927660626566187,0.03243744152349328,0.029386995326558314,0.09584453981403697,0.04442647314371828,0.05394423097956809,0.03235233374156493,0.017343221807259702,0.028562740305606554,0.01773517255987953,0.04515106844136497,0.03276447272470523,0.37777296087551215,0.027740720162613808,0.028104049680574526,0.023054494981269134,0.019775951639904334,0.02969891457203847
85,0.026096086206644203,0.027956696865308356,0.02617936493798202,0.03773318085103568,0.02545515580224299,0.3530544891851834,0.04838306337348985,0.04409314309411049,0.01951769983289937,0.027669546791466836,0.0368603796694883,0.0343247129929882,0.01805683602165994,0.03938084001028221,0.028522359039360737,0.015874436949756522,0.023039010062258905,0.0814401634758959,0.04247785631215789,0.043884978525788224
86,0.018912263749648026,0.034336301387676585,0.039297670572925186,0.06460547742137791,0.015865181080823076,0.6118343613448446,0.008765068402061572,0.01698691486052412,0.023071038679240628,0.00494132763617757,0.02044152408211892,0.016399294273603482,0.003209901694336361,0.018244978794267803,0.0038717664033159392,0.02296806778103405,0.007407063985653005,0.03909279845586323,0.015076297854874068,0.014672701539633997
87,0.010819385495803501,0.04465158736035167,0.021043366716250643,0.01814393118788969,0.03717709393437604,0.015340865309915812,0.015064457311458085,0.021490750426528784,0.019591624048271295,0.020077868749884688,0.020044959419575677,0.016616607783303265,0.005405520202261426,0.027919775677202892,0.018225105231437704,0.007288124207247904,0.010759561982940848,0.011564327477117473,0.6357764747846774,0.022998612693505196
88,0.17338014379178449,0.19626782801937961,0.010373560694136615,0.006963232066299537,0.005255799207396001,0.14916665222991898,0.003970504450136534,0.00802281831055137,0.011364436003846855,0.0022868390509689163,0.007994471381225445,0.030289083794717727,0.0012044335379569468,0.007700001699326651,0.009894876650689974,0.3216078226077477,0.032792524432587754,0.004675355606173717,0.0077127638089998524,0.009076852656155302
89,0.0018674724534744592,0.07949542855483861,0.01836763902994516,0.005420259380684136,0.09358559121909266,0.0023032879285527245,0.02078849354362875,0.0037340043431302087,0.004699358916270173,0.008926793772835496,0.007676580857139629,0.01681584640883449,0.0025441173470167416,0.3337415572207387,0.0014514125807850596,0.0017236373605749823,0.0018537940868827494,0.0024545077368033417,0.09884872916347222,0.29370148809529967
90,0.007554810653086654,0.03706076299900164,0.03417139165873237,0.018164566867594566,0.05203115210605748,0.006930124558356849,0.04269527227060867,0.010431649066909148,0.012921724261052224,0.060893958609772016,0.03791767069931495,0.02499057311526739,0.004052836009237049,0.028435071416153375,0.011404169080863422,0.015757272613709405,0.011909256614044695,0.04287114194064109,0.07284178625775511,0.46696480920184186
91,0.11605960718463386,0.06825235841428051,0.0047169674195453055,0.0025754465204211306,0.0035490986223636156,0.023700330809483344,0.0020154023550070384,0.13838008936309515,0.0025388258969721075,0.0650020735777077,0.19610675928782087,0.0015403222871557616,0.0006016783888885941,0.002180894131635856,0.0009214449993294847,0.12259076526649049,0.13372350811101166,0.11056948849632599,0.0029826445675136823,0.001992294300317829
92,0.5593307294157567,0.061663690935575166,0.013638477424450995,0.014597555991296127,0.010527345824639303,0.1299666876604473,0.004998778726309077,0.010982803050124708,0.012022997247803077,0.0038050258065519143,0.01841844860680786,0.011845994760203354,0.00589909308136873,0.012630286130078687,0.004221336238214745,0.05716724692183251,0.013813285238529281,0.023242124836725754,0.019737171803857197,0.011490920299427484
93,0.08514651320147813,0.0907928507410815,0.0028365405731309774,0.004571963279184077,0.0025921856558335566,0.14620769271242276,0.047514109603516326,0.014564817513326602,0.003918500536483678,0.0010578180152004645,0.018050375485874605,0.042709999978567205,0.0010651851240576573,0.012123655762754192,0.0013985231143465277,0.17172604988386742,0.31696898193876893,0.028610816630264595,0.005175414885610082,0.0029680053642307286
94,0.041783636429323666,0.04838488955743956,0.055169156714092164,0.02115670222872216,0.0041782878812019406,0.028997302475583638,0.10234641962180861,0.14316380421190528,0.013982395137016835,0.12765158650351502,0.0378741436533608,0.09133476203154307,0.0018159906420594871,0.06614265872055827,0.006241183683339374,0.029580380341953115,0.028026958111679393,0.08720984648067351,0.03282827220114916,0.032131623373074965
95,0.03883167502090094,0.03562622361540485,0.0043494590612087715,0.0031552106685704727,0.024249647206370163,0.048175083146930975,0.02712850872554816,0.009559307706133502,0.08231878098219067,0.06804321403871953,0.08703026114247912,0.10851347493121775,0.03699975475184468,0.03660818739482456,0.14290001886128958,0.09434807665025746,0.09745140082177385,0.04498911149543568,0.0036037449364946716,0.006118858842404588
