site,A,C,D,E,F,G,H,I,K,L,M,N,P,Q,R,S,T,V,W,Y
0,0.01431344363351422,0.05018114547217955,0.03035043513051815,0.02790561837578228,0.018601900167829328,0.06468706716638921,0.03410980949596495,0.022606364822335533,0.13061519380942357,0.014429483217229387,0.02087165622333904,0.03401194812469642,0.03876368407944859,0.016837944616305542,0.4088211013615635,0.016234571015553013,0.015774428657041005,0.010189921692587334,0.013516854924874923,0.01717742801342443
1,0.022806475048329274,0.0196629312193442,0.0214852985931388,0.04517492108857823,0.02313701887232342,0.4830525611908968,0.04097590588473999,0.019983715208260637,0.02037442316581033,0.015088727191684225,0.02051770151998796,0.03667378065040312,0.04808875792493624,0.03213387546607906,0.03961722572013782,0.022746216130801383,0.030516151791287728,0.013029974875632842,0.015687413459060866,0.02924692499856703
2,0.010925228296748725,0.02840655838095725,0.03161032431143362,0.019263315956829577,0.01710115708423746,0.6938748419230889,0.0160427218280904,0.01582454373210598,0.018338219902963193,0.006662985132369665,0.0186278801381842,0.01839006693136679,0.00897472525232755,0.018591087860945543,0.006613676887506463,0.022812019135064112,0.012131526508785942,0.006950540054308436,0.01194515494927446,0.016913425733411657
3,0.05166649522427662,0.01983708544724651,0.02220878900502967,0.06137414315049838,0.020680186692490943,0.5605022774296748,0.020906036215382718,0.019558649729509246,0.01960055660826216,0.0098024453572718,0.022298221902330106,0.02408855922953192,0.012690801957213714,0.02353208561724746,0.021551000711913165,0.01083101975749587,0.01508101817694781,0.0183097797960569,0.019237348350749747,0.02624349964087041
4,0.02222590986883905,0.06827847755810391,0.03490287451614115,0.033705604261097595,0.022507574917686967,0.03316274624865191,0.010392138508952072,0.2034567628371493,0.012122949797224959,0.046136289161206955,0.02498610840965257,0.030015464557350737,0.02036350692511005,0.03779730735952574,0.03853319950741739,0.09217075016683036,0.09521911310138206,0.06785771752213109,0.022968694390019546,0.08319681038552654
5,0.045353660362292166,0.14124455105776743,0.013135270991726363,0.05108401414188585,0.011063349278133978,0.46767680838171943,0.027809274183191797,0.010938078477781766,0.015503334691433725,0.004532461823844793,0.013103472171618398,0.012316552893832922,0.005592962181903073,0.01333909786124586,0.018025619276969967,0.1166910441497213,0.006041807303099295,0.006095559115363625,0.008313961512720697,0.012139120143747469
6,0.03291902682750516,0.01917343669792245,0.10464186299117625,0.10864657070952034,0.025551728409952672,0.004020126048119079,0.025356085867976476,0.019106431220091365,0.004210643200321298,0.017698933149718342,0.08170791729681533,0.08466765417387921,0.010568135206972371,0.1876959780321928,0.00956014148359135,0.028370480809176826,0.045772175789295926,0.04247596766825973,0.07976161251790359,0.06809509189960944
7,0.03875726210896373,0.030552564848492135,0.015990892715401887,0.01902770030021609,0.013832948065837389,0.0066227657217541765,0.01587309847925783,0.05528036993560404,0.0176003116982065,0.006427251465954605,0.028314709737268202,0.017247186281959148,0.020559301183128174,0.01569236221030023,0.005548500088164358,0.07984222150389388,0.576852924373136,0.007324512020103738,0.013486162437612631,0.015166954824745253
8,0.04321954392618647,0.07965025114284474,0.005311952879847883,0.0075116520615978845,0.005050864762345637,0.008787029026321395,0.00484144883203601,0.19838320792737943,0.004938994968071841,0.16277609857997147,0.009835057901459344,0.005096983873872825,0.12356368735517255,0.012899621955706216,0.002912844094234819,0.04016554322107487,0.1878561578104304,0.08532295192253068,0.007215929327745749,0.004660178431169746
9,0.00939811828164194,0.018829966686219904,0.017180775657999085,0.04015571659612994,0.018965550143781464,0.6520077155909155,0.015886292202201065,0.01611476213269521,0.01953414522140466,0.0073983340197310695,0.02373497960133447,0.022648955329416093,0.01103452463440232,0.023339828255564424,0.03383624099861495,0.009524992205895897,0.011406552332573946,0.017596397539765333,0.013209408431299056,0.018196744138413625
10,0.04565277456042341,0.12220443581688002,0.0661177442323645,0.10253885168301884,0.011098003855948838,0.006446687942688311,0.03902572006310641,0.13330284751845398,0.014406892696097344,0.019620010254746755,0.0721944940597963,0.03246789697526459,0.0017414665974079572,0.11630708541716453,0.0163674808730548,0.008289444875993517,0.025138652207891233,0.10216727533410785,0.014959972922963754,0.04995226211262709
11,0.1510498553911219,0.026837076553499036,0.013366461523098444,0.020270962882018774,0.016867604698738076,0.047214870484977356,0.009366307177118335,0.05844877028325359,0.10953038511300285,0.12267598430979806,0.10133555733014377,0.0359481918542911,0.004449762062832931,0.030825043327162304,0.021738976224959402,0.03737505659528447,0.010724839213821554,0.14187365499365306,0.005259013009245938,0.03484162697197906
12,0.02948197577687906,0.052386062118288786,0.03293031699846556,0.03731888447251757,0.03711403270251372,0.03989211663646347,0.04174347244263448,0.036901527453341826,0.03373849202314314,0.018962369441089578,0.028611131081540897,0.041227176576525804,0.03427732473803176,0.0449585377585072,0.036626878521821414,0.02242344967016297,0.03488400847755586,0.017710573436528335,0.3508059816397405,0.028005688034248074
13,0.039302675446475074,0.025825647990407333,0.02833193736098279,0.026449965109522917,0.0304569397069308,0.017104857019549887,0.09768888071479234,0.04194710456542761,0.3938787699210418,0.015509597364894495,0.04338677459995473,0.032119126028910545,0.022903157534945325,0.03881587623146031,0.025545199522280564,0.01572410088248982,0.031104691030839036,0.025880474144920326,0.017307473408164596,0.030716751416009668
14,0.047588004236377185,0.08711771722744215,0.023709907225001887,0.006831271812420627,0.07445590510878673,0.07777075451163716,0.04516118253118125,0.03173750139295092,0.04273091336660485,0.03371272450972667,0.13301184393107082,0.18143255384462809,0.001639242559057011,0.025328742058197847,0.022331319448900867,0.04128130258415784,0.042310033674671,0.02826543550397704,0.004577855745807539,0.04900578872740255
15,0.05549791770460189,0.04220101791466559,0.007685697223862828,0.03703849858088201,0.024238495258576954,0.044094272670487454,0.013476314002268492,0.02928948598278623,0.07035185357166822,0.06947059802337084,0.12625247719635643,0.06007480203251871,0.00329402024049825,0.0939313312607088,0.10141080975207463,0.12631069644399093,0.06835737914010304,0.019478403223261637,0.0032644032241255744,0.004281526553191469
16,0.007874230385895112,0.011636103014579718,0.015938526364788236,0.018084763242460097,0.014137198803411528,0.006344209794164659,0.018562483260555544,0.18289109932261857,0.016190278473179383,0.3412751029683669,0.10919837923211105,0.016306782891835153,0.02731776929179952,0.0110531532298155,0.007401277504899608,0.005952602185945337,0.060727523853280466,0.10319029338473393,0.011965760189692032,0.013952462605867624
17,0.02028053626323186,0.10132498364094657,0.05520589505872992,0.015318284283870214,0.0208022299274307,0.12870860396154613,0.037759918316418645,0.01307844565636648,0.061167070507518795,0.017218869691029513,0.024524883938288725,0.24828459095461103,0.007873764977509,0.054616475607791155,0.06347083000476225,0.03871207406401834,0.025692806175919986,0.02512203766592765,0.010773379486809162,0.030064319817273883
18,0.046847671310460595,0.11502297304614388,0.01234387474560819,0.028319284305542987,0.06201814251934861,0.04555112218477099,0.07098765816835471,0.049766338878141754,0.04137131266646716,0.07126802653633144,0.0536449743902442,0.012612628014461188,0.0028319768581707497,0.06199917016029799,0.06533765323312817,0.05325532071825707,0.09731800521661021,0.04753895229580452,0.04624520354628339,0.015719711205572223
19,0.006614727336185521,0.008471884130639816,0.017995255563365408,0.018472891842810948,0.22903123072711545,0.008301455432831648,0.01877053868439825,0.030265295082451148,0.014181111195352075,0.18081390582463586,0.23102013320338177,0.013678089488720784,0.0056922658942685205,0.12406887924118212,0.004986222819937531,0.0042745762448137565,0.012248507353857496,0.02517786756236319,0.0064483500749982735,0.03948681229669042
20,0.02957077472393898,0.09710326620859537,0.02136414110041594,0.0590665293881291,0.013858951385804593,0.1812711033527634,0.006440363779296235,0.01793566851831021,0.009384556416098847,0.02577346274503243,0.047067708542291815,0.10320303065629512,0.03661095816594492,0.10211403355028759,0.016040031411109837,0.10848981534213908,0.05122521998913917,0.03105322807152482,0.013719655918845044,0.028707500734037553
21,0.11013905069272145,0.13516042211120713,0.01747286764934008,0.027992655530722457,0.01012128062130996,0.08671051424249807,0.06690726033785077,0.038460546805871285,0.08081556633075052,0.01592441467564222,0.011119391902221096,0.008698725069305217,0.052101078302253384,0.10956573841095124,0.06062878519876181,0.045506585438110154,0.08457574971787209,0.01593670575324148,0.010671522227078801,0.011491138982290825
22,0.05557414529038532,0.027757725830526943,0.04072754008084648,0.0276423281523375,0.007667014160038465,0.036777962137585524,0.17461784879805553,0.03269090891067595,0.02102755026655605,0.052204906214212726,0.051993849027474906,0.03967681860618935,0.03659805019639158,0.058628772101651155,0.02238114470606496,0.10951061368636467,0.11383160220927124,0.06563302647831863,0.015846887498346715,0.009211305648706295
23,0.01803132288252776,0.009660699927833466,0.12202073469008806,0.1200326253755449,0.009411082476088456,0.012423229796452563,0.14165711219608845,0.06928654699858547,0.025880855875981292,0.03710240066433296,0.05838996110837524,0.06271519149548262,0.013276850618101577,0.1923747473748631,0.013195686672564122,0.03963009137476872,0.01497482704916884,0.023029733182179494,0.007554250421173721,0.009352049819799216
24,0.01601537329139792,0.08184124811036397,0.024324086961328414,0.023172628759754333,0.2867204515110844,0.008464578084909608,0.03943215582238371,0.04593172080173523,0.01945321629652035,0.026894096716662194,0.022146986237668163,0.029162144589894808,0.0661339304448203,0.022970959075553337,0.00900504684965148,0.02434843890853474,0.02951318085082808,0.028215347553904445,0.10740963962161233,0.08884476951139215
25,0.10992092571075832,0.01709108636675819,0.016100223859516316,0.005485698086190429,0.06633374023298484,0.00898998281815243,0.036450137156460616,0.14129860053346116,0.021260734466568676,0.042666141647005676,0.08934393800060453,0.13084196933848294,0.005255981103493652,0.05795191761395185,0.051266387552824776,0.0142221556549137,0.06405561066829057,0.025689736372298728,0.014347625580203189,0.08142740723707946
26,0.012279165697819635,0.06607659729919774,0.05424579526881107,0.08893870911788854,0.01740858940369866,0.012990353774500335,0.03217293209643028,0.0067225337669853434,0.09290808396643054,0.005586534085463013,0.026235504137283847,0.1064288088338117,0.03704352926710838,0.09231487625765969,0.07364497357116224,0.12910438330513788,0.120347463761107,0.00689397391498824,0.00927733170474472,0.009379860769771138
27,0.020196689899378034,0.04591357780127888,0.030018407918641254,0.022332557168918354,0.051112380736635876,0.012847891888609794,0.0500604621990077,0.03143811618566332,0.021309605019437232,0.013834054427278477,0.027341743936401774,0.02594039211111276,0.02068198754517885,0.028192765056679406,0.023101469289407844,0.01550699131752574,0.017024915513417296,0.015966210943543526,0.019907556722136347,0.5072722243197476
28,0.013221677538029582,0.02140919869118298,0.025467056562970783,0.047652640761704584,0.04434706399690824,0.014972870568836604,0.025622728883054037,0.05419363555771018,0.3699421353166447,0.03032134951379947,0.025711057193488988,0.032533581454642635,0.017483773960074143,0.05113489957881725,0.04603657445832033,0.08436154758664635,0.046030450311894185,0.01257732835746651,0.017315523185388024,0.01966490652242038
29,0.04777540123745897,0.014805450139369727,0.010361863787323296,0.03762123360684234,0.019596616234908857,0.008909604730696618,0.03050001388284825,0.04284728485207932,0.13122570682569995,0.06811815074711189,0.006318886962233494,0.1223024230014084,0.007423090436292038,0.10072560121106246,0.08255514020749546,0.08231072974272796,0.06799271689559688,0.10261914800969955,0.005668216170814118,0.010322721318330425
30,0.13070436522617052,0.11835911197336907,0.023343372386700433,0.030151520380550505,0.01957914749605081,0.028112371696591167,0.01922957447208634,0.04559245586563541,0.02232308552155861,0.019860273585844645,0.06549205340708213,0.028026801262093066,0.018568349129354157,0.06230471341284665,0.017430827262546016,0.23921307308905315,0.03297185864204544,0.04307454566946154,0.016011646567111414,0.01965085295384892
31,0.11640927016633033,0.04123845895556395,0.02747599333492941,0.02006608678966768,0.019351345452508058,0.3011637222165171,0.11629359835516014,0.02187370369396208,0.021368574672008697,0.00914306241565752,0.04283966730001204,0.057430748167415994,0.014431489658419,0.06296035341321538,0.010323009812876729,0.0422589332991912,0.013980832612633602,0.019863671364658886,0.016669747437231087,0.02485773088204108
32,0.016668810785160432,0.02506969705650238,0.02747909649601478,0.026043757580289154,0.029640342039058975,0.012031952527187334,0.025684591750509436,0.35475637335441085,0.023679521935108774,0.0574835904702437,0.022004467802394838,0.03768846963572676,0.01693215879260726,0.028291114183482152,0.011441641571479862,0.032323468116328954,0.07012828921977422,0.12900415340793162,0.027186358019499784,0.02646214525628876
33,0.014376307500756915,0.013706741559167634,0.013590670027497698,0.011001347791079212,0.04416693195559569,0.004620578620962068,0.010704323186554359,0.03881879036669485,0.0577369933895901,0.12007484877534698,0.10880054413186147,0.014717871037234506,0.008577738026398244,0.1787694533395815,0.018547965002164643,0.05048022743789946,0.13614768402967567,0.07653224735012042,0.045710470863933324,0.03291826560788529
34,0.02348790988216909,0.024773719841427563,0.04856799038378854,0.4723742713217165,0.0289902539262697,0.06480267845426435,0.028095418893307265,0.022780345209969112,0.043368998354356675,0.012353748685302928,0.023418789873897096,0.01934005661683063,0.016316103272614638,0.048608953054239463,0.014667032803609422,0.014158535358759317,0.02002536709781713,0.02466772073730044,0.027166832926559744,0.022035273305800386
35,0.035466916963741914,0.02554675715834038,0.01805725034279028,0.0170504006293221,0.012638012369849209,0.008223014944498811,0.010808242836078893,0.3342307245800692,0.020670292670596214,0.01578855249682298,0.034458248926309304,0.012887034067762025,0.04050512776080013,0.013458911883408411,0.004445787086508116,0.05598531687388593,0.09655251727582226,0.22077013858053915,0.009105902569722659,0.01335084998313206
36,0.03669123601409204,0.18442439550654358,0.030678054896223477,0.03040655282623302,0.040108087320144606,0.05141726823050382,0.03336393079940009,0.06854640076987807,0.04159059951408217,0.03576599826464419,0.028235849793043933,0.042461133921602244,0.130831903293611,0.03761646777768959,0.02950441726435479,0.017577834943083608,0.028948904083226524,0.06970606858470205,0.028756021105989134,0.03336887509095212
37,0.02666361224838005,0.036093123132194344,0.0354693740283589,0.029769484241234316,0.03508541873790299,0.02426788543619126,0.031519755560617986,0.04258071073707241,0.04152509933923115,0.025052558757656284,0.0292151738170101,0.04035664219104612,0.035224660710540624,0.030363910038542684,0.35872690631001936,0.05514007132586861,0.03211481370210314,0.015755169072450708,0.04075594561201449,0.034319685001564584
38,0.05638621950882093,0.017377873280445624,0.03432590022046842,0.21993670039954336,0.06997882408402771,0.09243946246814075,0.03831494358713811,0.01898712851740558,0.029984086079090092,0.04390408284875659,0.031799298590579755,0.018273410247275655,0.005416802243315417,0.027672034658523394,0.006454468254683963,0.05150758489007562,0.12059504735213732,0.02960048541470063,0.03680821918155707,0.05023742817331398
39,0.01979157785624951,0.009461331897841076,0.012029331732133877,0.13926037449672748,0.007440204648845036,0.05805152498513026,0.08993449753415661,0.07548782275175946,0.026120757278836646,0.13710117678943548,0.008738471569780044,0.08135511438781369,0.044584475855565096,0.028552496477367264,0.010731196212268982,0.04274244626234446,0.07961401281353439,0.09866870476950501,0.005478976277974519,0.024855505402731057
40,0.4431074429755548,0.020636988435265083,0.013918274836903177,0.017803506672219555,0.01916307250158226,0.010360905927940776,0.03287344925040944,0.027960418723611456,0.02390560548306744,0.01222970914784735,0.0260506753221652,0.01969397736993388,0.02826547594618045,0.02761564643409047,0.010936417113364433,0.1637778043435037,0.023071473756721254,0.03263288505592151,0.02774650340923979,0.018249767294477935
41,0.06645787293201384,0.05674052965393945,0.010957347108485874,0.01619440939904586,0.012409052677982068,0.02375943132186851,0.018127203857830676,0.12407696692267686,0.013822558622146817,0.01180129799463469,0.09170611956696999,0.010174489580636945,0.00963245507852689,0.028813042109496992,0.17146625927810064,0.02502644877332122,0.1317333186691411,0.15812383987577727,0.008408278356798396,0.010569078220605854
42,0.06391100352280134,0.05755165887402734,0.015202854493120912,0.014645748989326541,0.00922299497172794,0.0380999049894996,0.09202884363493577,0.05747039307044796,0.029644634984704425,0.06965762204123577,0.022254960017034347,0.12206768081341775,0.0014226161039979958,0.06450658214271432,0.09706100100758668,0.05631836751280753,0.12295942361614802,0.05597875992043158,0.0041163156754612275,0.0058786336185729805
43,0.2012544931593092,0.08168900329668863,0.013228513400251564,0.03113179450897055,0.04344974388493913,0.003240468681447039,0.10929078475443497,0.023312228135323874,0.015603786934970694,0.06756585616590183,0.06834135691978266,0.010625821955939866,0.004331280371245564,0.10152188714931785,0.05237418589518859,0.1009147444996734,0.019459476914170847,0.0195239346262207,0.017933682905362458,0.015206955840860596
44,0.012827482238235578,0.05267953837472254,0.015712677661496137,0.019922809090016806,0.03836898799884912,0.014780698178215326,0.05590709501343533,0.07842150972071521,0.0248051240488447,0.38273555005792953,0.09411000727609123,0.014681072450768185,0.037259063283412726,0.02062369087026188,0.03866702553201634,0.006256804910331292,0.010050085908289414,0.030612239230832932,0.03429279200626358,0.017285746149272217
45,0.07759951209445484,0.023018285923449,0.047270251884615984,0.021787377326661195,0.014084036044701225,0.04459666646316005,0.10842065548927403,0.06843290258543752,0.074406632683851,0.04998827210956622,0.1018917233540371,0.05375077149802768,0.0013993157322344685,0.05203683817378942,0.030315790998863106,0.043268509555882954,0.045625525876435216,0.07333239061150017,0.038673214626460936,0.030101326967597913
46,0.031123713860194118,0.09157028514439916,0.13163377144607358,0.09323513045242335,0.012579911147694463,0.05464401068655271,0.05458068231903274,0.010668548115435904,0.008353238883509856,0.028555242394429813,0.006753335528413184,0.023533081706349542,0.002604211132799318,0.14351180607994934,0.021637972604274667,0.12329139577962506,0.015357548672986467,0.08302829288159642,0.006828566100654439,0.05650925506360587
47,0.05489611402051859,0.028283204717174493,0.004298242761964917,0.011209929690176328,0.021993759840602294,0.11856289980898208,0.023889026516444346,0.004891980403250544,0.09379272182764145,0.014465278969978238,0.1366647052635698,0.20111033515791263,0.0022262222028562972,0.1908303842606087,0.030677587731132588,0.03111638335278792,0.002974108124452561,0.005976596979630609,0.008157531514110576,0.013982986856205104
48,0.0332956093015712,0.025673653894864718,0.14336269139505162,0.018682372287133903,0.03060966146063191,0.013726479688503594,0.03600270753737513,0.03446803576376317,0.019994501767485247,0.05357804697470746,0.06891416774071273,0.021527701034382944,0.05557675078273907,0.027838447487042606,0.010735431180577116,0.10163674822908605,0.07844831724575371,0.07673334366457416,0.016871132108116166,0.13232420045592752
49,0.06456589306124565,0.007118195869774763,0.20261942674024844,0.022335977186582024,0.018110155229032938,0.13570192857611127,0.069319122195037,0.01309576928422214,0.011058579173733214,0.030642969129719467,0.03671997183004535,0.016590643499368594,0.07633199244160957,0.03574555779476833,0.09054225099811007,0.03285068941954871,0.029434617665265672,0.03912964098620117,0.03464019231693651,0.033446426602439135
50,0.06360616271901677,0.041148871432872554,0.06034371093786226,0.06976897879951623,0.011513015162168919,0.03744251961208404,0.024965543859595707,0.032048079424326706,0.012708454501358364,0.03385740333173003,0.12117791813932303,0.0194479210191485,0.01279229413532605,0.044075298176547706,0.06860542210885665,0.04323336460808483,0.07938803934784934,0.015039831234412509,0.08282266299434575,0.12601450845557408
51,0.13891268748426844,0.01967911799857585,0.008996220591829982,0.04980863343049258,0.03700661058539469,0.18986712154978463,0.05216700497221295,0.010126036543263977,0.03283951022985254,0.03042330464634172,0.011608800739926466,0.025273483192257265,0.003993348910003267,0.014218978887737885,0.06129452254339625,0.15511255856960923,0.11005337567862523,0.03047256040181951,0.009312890302234594,0.008833232742372958
52,0.011251970038197877,0.02096615307157725,0.01623535188323957,0.05398210668305076,0.02194460463438862,0.5746992649523187,0.0165656448249135,0.02092560040532069,0.023804195409682267,0.009540535900729563,0.022440051412561605,0.02073966317823154,0.012327251499109458,0.03239582817421644,0.052471744666773575,0.010284543155232723,0.01314802158340411,0.023101784342113494,0.021890387196539088,0.021285296988399253
53,0.01028811810093479,0.006399674938477883,0.014042850760301354,0.008764585662797154,0.36900388256190136,0.005104561073289776,0.19097928649046358,0.00750473209637889,0.0075009711745223084,0.0021984260977082025,0.005126507269280106,0.004666876448120196,0.0037202257666480664,0.05804872883724277,0.014610684969814281,0.009112638115298966,0.002946220515361034,0.02745799314136597,0.1314681733818013,0.121054862598292
54,0.20952185951578503,0.12246870939790643,0.014488415715444836,0.011913618481985832,0.010897360002224453,0.013345236621449754,0.010111920091019891,0.010003622672720754,0.01392971659530777,0.005138769384020523,0.0148586274755034,0.007926840099472358,0.29599338819831467,0.010258191040132664,0.004249005051065806,0.17300992768021184,0.03541621461692517,0.01389007038685589,0.012435156947430345,0.010143350026222544
55,0.026136915774588737,0.014134260974026489,0.012903378877959096,0.03099122091438045,0.013058913750494247,0.023623042002634237,0.013232861403955014,0.02948338705606455,0.014090418972090554,0.010008472558879355,0.0205084794493273,0.00927519880688051,0.256983500909744,0.011647232909516783,0.007345337932302303,0.005959174614232228,0.040861446410145774,0.42615972719752465,0.021845310262020735,0.011751719223232988
56,0.007166506122898939,0.05464746413102928,0.018093900972618565,0.028037065629208102,0.04481855439051977,0.014815660804845816,0.014759634992830289,0.023255094852746808,0.02474374910234327,0.01135062192174521,0.02536909145274019,0.018159004546267517,0.03461650732323253,0.019615605282073453,0.010406937459209828,0.5821439678556475,0.008909580179832526,0.013379857957302869,0.027543413518273087,0.018167781504634446
57,0.010878132773877258,0.025875492433565607,0.02265621896204641,0.021135864352070665,0.02398924012216472,0.06748602945041568,0.017322913812760278,0.02071450090212875,0.0448012337422679,0.02392380639322288,0.018717213546332198,0.021848473016033945,0.02584082533507372,0.04350063354729092,0.4021284587947768,0.06347505819516147,0.07951358409047114,0.012336804895980628,0.02868123649304105,0.025174279141317986
58,0.009747763190482794,0.0230801187908445,0.018307522093683578,0.04495194295225489,0.02472190970019693,0.5493405551563084,0.013534368617172842,0.020860731795095167,0.02733963568630182,0.009048535476079233,0.024539160661086443,0.020227906803306047,0.008322681533175575,0.01759706232339246,0.07941448313370522,0.038441081538390286,0.011291678840779387,0.01953801101352358,0.01800950535513219,0.02168534533908867
59,0.19433092850364142,0.029915995418041144,0.022578684728075966,0.022209421897791768,0.01879701009240358,0.027093207904860524,0.01557358930638178,0.06667018141738218,0.0703741850090853,0.008972761391738023,0.01669568291109739,0.021504959139918105,0.0072055371469132296,0.018748263517816974,0.01842663618259014,0.2978843194415389,0.04060308455722963,0.060335091554266765,0.01858444322162955,0.023496016657597592
60,0.17119852165271487,0.1667416816860221,0.034333475011671215,0.03335015990872153,0.037544425201485813,0.015868021216319278,0.03701160443250705,0.031576713609400245,0.02606372749010976,0.011709077721628838,0.016383383296402394,0.04313700007623252,0.03083512475236424,0.02405545791359454,0.011169170456579449,0.08676313195641326,0.1433891547423854,0.027051452086282495,0.019685945666532974,0.032132771122632006
61,0.07520756128791371,0.026086637453572474,0.025693345475872865,0.039190905181366545,0.023406487563671117,0.011735569531423672,0.033003865724207056,0.0237679215814286,0.453338253792739,0.00984914883610998,0.040079538379327005,0.03498075864840534,0.029026813288601308,0.03650616370576974,0.03903968375657653,0.01412369838762353,0.028517959143537594,0.012403804835345894,0.017849521484329146,0.026192361942178836
62,0.0073796782912651905,0.014843602746539845,0.011686846535394929,0.018997535680795614,0.31366154646040906,0.008347681120475,0.037227467782374325,0.05394940913287527,0.015230284446081922,0.38968741098836174,0.013421092657517267,0.008606711811368937,0.01765907852477023,0.015302747607544135,0.01542050381091135,0.005432228006434878,0.005838804681140492,0.022166136086640465,0.014633557418693283,0.010507676210406124
63,0.23368716501044545,0.017876907840433644,0.033735094958286874,0.0495854138325256,0.005981228455483994,0.026889123249319972,0.007629821856970962,0.03532856041171581,0.041053799762602185,0.009122942284242314,0.11762121855208053,0.023449723021537448,0.0029378997970968355,0.0554385713129168,0.07395175988133916,0.03432390641262436,0.11939276007242963,0.03950874596059205,0.03401167711851646,0.03847368020883995
64,0.009397965966565778,0.014895305401954263,0.02310775335574343,0.017702315036180877,0.04841175099606735,0.03027559519553712,0.013314747133545163,0.01917789674185591,0.015264102565998047,0.0076029488542485495,0.019455513114878083,0.015243971046352334,0.007947682842167375,0.014274661553895075,0.034047534559192086,0.01510040303820083,0.009621581291697148,0.012378118564724037,0.5278917898772312,0.1448883628639653
65,0.012683575945911827,0.022340061618238746,0.022347077648919442,0.02876911799206266,0.017308387406018894,0.01435677854693807,0.024290005881188965,0.01884891817234406,0.026741212908099873,0.4329890028479281,0.14270901737025216,0.020854426799226944,0.010149824159316765,0.023225854424269214,0.014498691200313826,0.034022033887844236,0.014048806766255162,0.051121003696709466,0.04100954406682861,0.027686658661332946
66,0.12484915096936589,0.09419982020628574,0.01664786167215814,0.012058124330240956,0.02247987222796334,0.020756250248449667,0.01304320749929254,0.012815310273446201,0.018271313313786317,0.014415320202117332,0.036985948966607195,0.011451918901950167,0.005848244763503885,0.017982726838376116,0.0061905013793901575,0.07709616313676425,0.22535373866322667,0.23110372530680484,0.01642779707806756,0.02202300402220305
67,0.026948508635286975,0.02896737579268741,0.14422597035304166,0.47593097287309893,0.017356110518160103,0.024374332555397504,0.018443437476045512,0.01635689347799195,0.05164826028653025,0.007068103634430592,0.02323131505187072,0.0123792373648271,0.008034445992336858,0.016866041588143425,0.041893999947483634,0.007934650621298922,0.010391864267189226,0.02811888889808399,0.022119206353565457,0.017710384312529765
68,0.013625794662307197,0.019993600208431342,0.022170353583375754,0.02369284899060219,0.023176012309474442,0.03377296026473982,0.014207592286413696,0.057127365289818544,0.06710358169312902,0.01053570813028938,0.02230580525776784,0.01850866277246372,0.011069626872693293,0.023957307705288648,0.5477767624503437,0.017363829170940443,0.013250272078019844,0.01737352595888298,0.023983229571731924,0.019005160743286256
69,0.1314547319482289,0.018981121062493504,0.09755164027063468,0.02822850936117718,0.014094188385021697,0.42525497027444326,0.012541777122824789,0.009850866647533547,0.010875476568056248,0.0036501879728860656,0.013210526562342798,0.11348331760272042,0.0027731100854032527,0.05342541047367304,0.008929951933779327,0.023394419037209725,0.004411816991876175,0.00601604530780062,0.012475866783991539,0.009396065607903221
70,0.009344940916412605,0.03787157869117009,0.013546212054494496,0.012160591110209104,0.12657631022266214,0.008212738709125976,0.030164095322609524,0.060275999581426404,0.009196418685593023,0.22281321655962624,0.16416990003968254,0.006188268409156583,0.0020461979835366176,0.0067473164556629515,0.004236178428776201,0.009347442159733953,0.00426670457854676,0.010380076843252926,0.08462205677858026,0.17783375646974162
71,0.007920457480517817,0.0804155317293245,0.015426812234526315,0.01556071207724193,0.020381872459672053,0.01129235705690507,0.009141208413529426,0.22293727988788137,0.019153526221503618,0.20207408797877638,0.050384755350242554,0.01094514424130883,0.015386489840232193,0.03935397864523796,0.010673583136698233,0.007080867171423806,0.012578282448797825,0.2192288906962309,0.0137912796304898,0.016272883299459424
72,0.12988066534949444,0.007328543380809025,0.05479556511109853,0.14102024543895864,0.012543938696269723,0.07134525597557094,0.046215246032062646,0.0662804896883563,0.01634228112872779,0.0708315636208675,0.014626604602167043,0.009640080332406091,0.013007154329091502,0.05199666204811764,0.0028580027973235476,0.08727491847943118,0.10116183601305695,0.012581750698237942,0.07914506658973483,0.011124129688217788
73,0.05424042234236877,0.03755101992081359,0.031645045542764635,0.02591398379871112,0.03505246030722295,0.018196267236490305,0.04948092314498627,0.03288269289895002,0.02871967853976059,0.060318062410802495,0.030744513933001334,0.0320720294151814,0.3469153394653468,0.049809635127026186,0.018506418576861597,0.03270486875494644,0.030441058672894313,0.02308241850140352,0.022556886796339815,0.03916627461412785
74,0.07936795332809779,0.14059139367973036,0.03914911494708075,0.032993145857899406,0.12090968978313976,0.014068926282259442,0.022160147728673037,0.0580520016216699,0.01795559853989938,0.04876913424437038,0.08946552449762142,0.09434444769362922,0.004248877781926539,0.007801425115866451,0.004083550768730993,0.049232013605686104,0.024837587833174354,0.018634745680705146,0.013444619535300484,0.1198901014745391
75,0.019392601142161407,0.028697166580932843,0.02416888160632915,0.07679056875564862,0.021127240135833933,0.5199694207761496,0.02170575428689201,0.028572653781763165,0.03150911925454894,0.010126113099907802,0.023134804192662953,0.022576504726707896,0.011567815947013105,0.024344888007123103,0.029306949529771503,0.012178974685521102,0.012604185697882717,0.017016192079354103,0.039491670029140745,0.025718495684655288
76,0.025502345331870062,0.032608472467181585,0.009466852495026868,0.020208644998619203,0.010160649476926298,0.006530118362426828,0.23112975834390523,0.03272196780817859,0.11624857181742981,0.08906282530761891,0.0314762269084812,0.03636082021683845,0.005227581175731878,0.07372033008969044,0.08166159767334857,0.04716470998079699,0.02362396932472683,0.08434578693946626,0.006610298044560415,0.0361684732371756
77,0.02048223831540111,0.3423213492546449,0.02202574460618747,0.025152676177442577,0.019014358940594212,0.021399041361633946,0.016437904993283417,0.04384251353536626,0.02061155750833564,0.033730834064189426,0.01843892560133391,0.01570182083317789,0.010595710090815075,0.014912336954929222,0.008945385663707188,0.009222560846671066,0.06152820710540514,0.25005150107122986,0.0306993576042663,0.014885975471385282
78,0.04598415987079932,0.21788395249987988,0.04463945654079322,0.018632053720526277,0.028342730052304966,0.026584008569249733,0.010828980850187537,0.0492179635872159,0.028302331291958888,0.024991468068922953,0.14804754926397173,0.011810819601218834,0.007249503478489203,0.016734560058750448,0.008705371833666348,0.007812647279024436,0.02836871338986729,0.24862701559184533,0.013722734045313111,0.013513980406014588
79,0.020940943855327045,0.02151075529182631,0.5576420994375474,0.041131774997788126,0.02328356799494392,0.030934521623990362,0.02853858436059303,0.02039437170971374,0.02286495589849703,0.012617043308652359,0.021550796982772503,0.03654565866979092,0.008152415223587466,0.020251210933921862,0.008996536741087252,0.00927564061079348,0.010198885985068224,0.065884788661903,0.023759463466411893,0.01552598424578406
80,0.01207169222575905,0.025799783324703982,0.020338183084864632,0.018943083620443356,0.03648638835202613,0.012302022305088828,0.018545887945590908,0.049723124773231826,0.022096457258428924,0.586996537502676,0.028014283776614843,0.016704616277145205,0.041257891229944485,0.020050128913868794,0.008989869953363348,0.008755197034449188,0.008909475158362691,0.014524785561975312,0.020964256368722123,0.028526335332740446
81,0.03002623638796728,0.033782116646273515,0.02234759947734498,0.056475489258876334,0.022179153088518512,0.5755892579309955,0.024132660713525406,0.018274557852996153,0.024816047494299835,0.008356237360165419,0.022109880427686062,0.019385457070529622,0.011415400909669176,0.025761482393312867,0.015839831605600735,0.01206896537974099,0.01650263462976665,0.011787958717606236,0.027283015221205034,0.021866017433919676
82,0.37810398237008175,0.30650969663220246,0.012361554558882664,0.011997789518534927,0.012285071824620882,0.01763267548487007,0.00640643781835814,0.011135891499541133,0.01008765602036796,0.0033849720691498304,0.009991542054902424,0.009551865886357034,0.0034879689441299,0.010770845344907713,0.019346487276710234,0.0657553837357586,0.07000733179727797,0.004654919547068442,0.014956747467840517,0.021571180148437345
83,0.013605260271141267,0.02625059403985397,0.041342273772829015,0.0274090619645448,0.01859642013131873,0.5904870915632194,0.01711650306242992,0.020543612284777853,0.023569633398919057,0.010358745594082583,0.025443182035705333,0.015451881142538098,0.009524621945329444,0.0257780590693024,0.00803287820806992,0.03812712178873186,0.009664034818286437,0.02967239904578364,0.03025300228325657,0.018773623579879693
84,0.026888160557989687,0.03316710562099895,0.03176041716511312,0.042778873424396895,0.04039996780675202,0.024276488077563285,0.052758093397550734,0.06204130749797608,0.052215898093022066,0.025906675272759448,0.03843431993817702,0.029598992191361095,0.043654543652417326,0.03666910659537092,0.29976678331593776,0.02962671447428346,0.031314878139322606,0.03314998780053678,0.02701925651228876,0.038572430466182014
85,0.025906462696855807,0.036792065020781035,0.037023001794235406,0.020393028986900458,0.0366041687822986,0.32482720930901604,0.05234397173351269,0.04696445242761991,0.02749131861341583,0.032957166415420534,0.0394428879201476,0.038541930654814906,0.027522299158800233,0.04086346339050059,0.04301354992810985,0.0241155554208739,0.036103737695217436,0.020596338296956066,0.04472349506462563,0.04377389668989748
86,0.00884531823322745,0.024022869241001086,0.07841161588228125,0.03100495325980497,0.024152416274027342,0.5232987989100014,0.015257795082766899,0.028806515475153407,0.030572950796295288,0.010426725229963282,0.029032656927450766,0.0267928755236568,0.005805047647489984,0.027834514701955696,0.00847803471499737,0.040834004885983,0.014695261765044479,0.02098049721221738,0.027938388224838514,0.022808760011843666
87,0.03709779255418571,0.018843541704766237,0.027594628489114814,0.027813986543386023,0.027194895435085728,0.020078781966518165,0.023074627986090838,0.02671409275815249,0.03082166336534034,0.034353931722464,0.05027940504016427,0.025168662499102185,0.009008325961311587,0.02238855721554161,0.04290996810379974,0.011440399819357487,0.018604551554251232,0.020501951762088265,0.494054785570848,0.032055449948431305
88,0.2115680129524684,0.2668316907031551,0.00967542598400847,0.01176395936851535,0.010166491927876336,0.07908093208234954,0.006197495497967809,0.008419877159549527,0.018989882281155827,0.004403946996258931,0.0123975861195047,0.03626437178568178,0.0023242977681597722,0.013654091478488763,0.002642128772594027,0.2448663063927473,0.0321833543847032,0.00869640453859582,0.011878395515909274,0.007995348290310077
89,0.0057234485313559435,0.040602946884444754,0.017762122720119445,0.015064654929262051,0.08047978540905575,0.007706883252458966,0.04370056771616296,0.01241848285021973,0.012728274861369336,0.008578070685908632,0.011188798374375619,0.03079660558939286,0.007738636180469905,0.2134322734812255,0.004971103236274514,0.010938469799980081,0.006356786813942596,0.007344101111961011,0.0517303300268812,0.41073765754513913
90,0.01277936124734504,0.0317660394318155,0.0436589257755364,0.026137805458860054,0.08552686296740772,0.012076636779985267,0.05392814102464314,0.01861583528529662,0.020092045562461972,0.0339055256615764,0.0228784342110923,0.02455953904115843,0.008406256885385132,0.06457922351453957,0.01090167121077251,0.011028300818487616,0.011250106063984964,0.011421416838456,0.11031811489415125,0.3861697573270441
91,0.12997013032272217,0.10300972955458751,0.004027556122595119,0.007902901655557513,0.009905859145379678,0.01738669906681486,0.004760208956893909,0.0962459881286817,0.007081879150852629,0.05415587751524307,0.14592653473439843,0.004305094569383117,0.0012801336208193021,0.005209181586266326,0.002588089309043746,0.15779384644374744,0.09541215608654623,0.13939529139819484,0.008031603308871874,0.005611239323400487
92,0.4009937095459245,0.029921551506538684,0.013155080895189537,0.021193343471171626,0.017444984934262747,0.1941731631573376,0.007604550390809282,0.01676636638110871,0.018767497039402902,0.0067499593935002496,0.023048135840497613,0.016734088601826038,0.003174400218362,0.019782043638111892,0.006402255411177768,0.0723021235078771,0.03822935274837929,0.04806801816994305,0.028615284716555323,0.016874090432024123
93,0.07730222215782535,0.1369338828843845,0.006160507046510614,0.009903688258950272,0.005542334597580422,0.25689715429542237,0.035459095481906774,0.022831789790396774,0.007867324617821208,0.0021203718833570574,0.006689335894174827,0.008644204485611146,0.0022086064188525712,0.00782664257322942,0.0028033195093969832,0.11606700495865525,0.2648864305786754,0.01388492823796864,0.009239177654697329,0.006731978674583033
94,0.04104581481771604,0.04276616484722752,0.0430383020355046,0.017523173609715188,0.029864779990193744,0.01655246335092395,0.12519481833031612,0.12392334872260725,0.007312101908445823,0.10655368566044524,0.010171585207533994,0.1281957287007528,0.0020728421359754606,0.07029865147976114,0.006677116556953112,0.05986230241271185,0.008719918427415322,0.033208895233185265,0.07005244798180997,0.05696585859080562
95,0.055952149200511954,0.05597698592808011,0.008249284870052076,0.007306583437225965,0.016190535392282872,0.017283092250020133,0.010295533626786884,0.016436031201467544,0.13171021299790786,0.05087252011619322,0.11327688453136395,0.1232417793848558,0.03944613895337804,0.031207348945254114,0.11614418410121989,0.055803557967111214,0.047061187968809134,0.08104550153206831,0.006407910552775237,0.01609257704263568
96,0.04974704928952341,0.01673898429808176,0.031160473862887745,0.04726738437189249,0.06408574846485887,0.014741250719973724,0.1799504380482166,0.05151383088847059,0.0429538782948939,0.22647796476446483,0.01332292957882716,0.029133158476428594,0.026469275406377977,0.04747969107575748,0.03921251993213336,0.004915136814005552,0.014690973800296837,0.008885924396966779,0.07997414842989344,0.011279239086048944
