site,A,C,D,E,F,G,H,I,K,L,M,N,P,Q,R,S,T,V,W,Y
0,0.01335366210815979,0.04970191023640609,0.028158793210544864,0.02706755420777606,0.019187771774837624,0.04978004758613204,0.05117691077186889,0.019053417295107913,0.12755078023415023,0.014871387920288043,0.0193611955413736,0.03323955882131025,0.016806930167844934,0.0131150431299203,0.44678454821860386,0.014018949565841396,0.015583209757269454,0.010012464420886187,0.012049359400241237,0.01912650563143718
1,0.028154045677954237,0.01917565427391266,0.01694714880935935,0.0502284370402384,0.02203489842514109,0.47891874022854053,0.04295884782633661,0.018685313332833266,0.018944109560685683,0.010878707826995763,0.021666228514740517,0.03155842754214408,0.051458641970130725,0.028332158242307913,0.029078245880575015,0.019499984250254534,0.02830298655660057,0.04050937615397291,0.012489055824530072,0.030178992062746074
2,0.00841413961822272,0.09283247220724357,0.04353616995172428,0.016162173377986182,0.013514652560661724,0.6182309661349153,0.01327164202960402,0.014824384968421646,0.014576668293077648,0.0051844064043085804,0.014018182492689095,0.014312778632978515,0.0077564619876409,0.02914376364470687,0.005754075282853097,0.025411801848759845,0.008805380850676081,0.028025194585509478,0.010099404686904628,0.016125280441115775
3,0.09256754518212586,0.032542962408089904,0.020357015988164546,0.043992737402488824,0.018043999155070108,0.5043557885124516,0.020613058954156684,0.019284426176441168,0.03204012338421671,0.007639938696850439,0.019305646436822765,0.02072846808506353,0.010989990058708465,0.01895383776266321,0.028995854866185198,0.026162100647943335,0.013858535463400724,0.027532650941542062,0.02176324282605606,0.02027207705155879
4,0.05490479244286984,0.10314529088890684,0.03554913575342384,0.024531299117197976,0.031097335718261086,0.034508468553770245,0.004595096516293944,0.13663222079029674,0.051187190154815335,0.04995752165557538,0.0539954126796835,0.03697366304458661,0.0030358777165934354,0.06536828852000436,0.04811047790377167,0.06766998936188982,0.07640165889515799,0.049651784041385975,0.011706326382961508,0.06097816986255389
5,0.13858800340221433,0.020083709167387095,0.01202194747203052,0.03504988940337509,0.00985928322171314,0.4690210982172781,0.008208899151592591,0.010724013678797877,0.01226535514007034,0.003471012205793825,0.012574238141211034,0.010501986505320908,0.004590041534782994,0.01247796500506317,0.013044597524209544,0.18972678684211236,0.004912977264237851,0.014281576919783106,0.007366598418550102,0.01123002078447608
6,0.034576735210468015,0.01705117329774597,0.0851129791172296,0.13261954711260904,0.07328356468879983,0.0052699073862839925,0.008495311240143208,0.020774100735966018,0.0080202388541991,0.021024190575545915,0.05468733967386237,0.09540325089882841,0.001778038797762496,0.16600257828497653,0.007294077936501786,0.05916763587707374,0.02167245589011099,0.045136093992467506,0.0701156721166227,0.07251510831280279
7,0.043228623225863114,0.01596868497806447,0.032338011105234675,0.017992393803194808,0.015093538921840625,0.006842230043272808,0.013675776827866042,0.027468861975166736,0.01590239268863819,0.006453021725316662,0.0310880033470309,0.017175806123091927,0.013709144561276315,0.014211159050061033,0.006266467685249138,0.022790241629256535,0.6639511980515655,0.007382077386371179,0.012534027175522607,0.015928339696116612
8,0.032102774969596036,0.16407220400937056,0.004261426556322076,0.005715700612616773,0.003959361128459034,0.006964478293931611,0.0033543862694953093,0.19261442232339904,0.0037928724403043725,0.14377624055382937,0.018016474378052157,0.01174187747888893,0.06442016089321571,0.005744417218338568,0.0040194002102784876,0.06713384107678258,0.14173943025684022,0.11977781069038992,0.002985301126544815,0.003807419513344416
9,0.00801598676371716,0.01747043032291394,0.017176262390449046,0.046287061319781005,0.015357881966424645,0.6348293353338089,0.015119099198376847,0.014821499500359681,0.018820658788675684,0.01860422859487254,0.023471575521635323,0.01990264058785962,0.009513440366574566,0.021638193130850737,0.04280692708986229,0.008279619775990616,0.010734917163484655,0.030504933874477506,0.01119640234065178,0.015448905969233408
10,0.10157301259129715,0.10211712684109256,0.03244336805088945,0.12739396329576871,0.02938518840118477,0.008341330038503013,0.03409936548267475,0.08573366174658986,0.013898423843247135,0.029664146343170928,0.015495079515218535,0.008377237372877955,0.0019584004713240357,0.14173973283454364,0.017261359725540205,0.024530036412336097,0.005784419698411062,0.040922831292386976,0.10563909537623804,0.0736422206667052
11,0.14366188099941946,0.013556582412891635,0.025386003699406523,0.03428143767870916,0.01516308269833321,0.036633574023299045,0.044429607929731926,0.04345280365977159,0.11719474367371599,0.048583597371800104,0.12113263203034653,0.1183708259716275,0.0037732586551025506,0.017756515935199828,0.019302115411250088,0.07466038484765426,0.006951428857048819,0.10150937844571782,0.005216996981057597,0.008983148717916334
12,0.027611187244061704,0.05038392944597732,0.03198015196577465,0.03464350614371018,0.029517962856620356,0.04198250920390656,0.04575616109786086,0.033534101772652904,0.032442493655577775,0.032843230988199204,0.026379889544639275,0.03785077781132392,0.0338666687533266,0.03945841072920317,0.0514110425801063,0.04226253481786811,0.0342206575864535,0.016074122547837303,0.3313820060289709,0.02639865522592948
13,0.01879267200674182,0.02393993969947986,0.03062781895214556,0.0295416086486386,0.0318197665614317,0.007973606652191864,0.033479308960116874,0.03899878183308538,0.4623964914610824,0.015420804845184417,0.023593730861272824,0.066774725892626,0.025393653334127048,0.03909939353684813,0.03299660950297596,0.017735812982256495,0.03950669187934141,0.013252887810541762,0.017632702001391283,0.031022992578520616
14,0.04486688906529106,0.032620225044197426,0.04836732678460424,0.005425590051973531,0.05121735401354688,0.049335554583630994,0.06670562224562433,0.042515505529646704,0.01736238949586774,0.053966064941439934,0.14191556490707039,0.1346913432247589,0.0025341059805497252,0.06201440295610493,0.014587242340923933,0.046671768643157974,0.1085558576559016,0.01537321496262989,0.016154999426104634,0.045118978146975186
15,0.13972217006878543,0.052127594642877674,0.00697194568173436,0.03901547843392716,0.004743623854021707,0.017642700762084164,0.0283948931685013,0.005095225479897361,0.1003962477543874,0.05844660960471278,0.10911590339533868,0.07603714775809742,0.006455209613089069,0.024475154772596014,0.12202858623147127,0.1484647743583712,0.021310124697002754,0.031909814523035984,0.003290757140378092,0.004356038059690184
16,0.0064204500213918035,0.00976842557664545,0.012198434633698792,0.01583368603700252,0.013759326831694889,0.01158702825813847,0.016579199426205764,0.07363877689581914,0.013118207626467737,0.3257403988629163,0.24689515399493042,0.014266875217813824,0.0372123560112694,0.010608823017618474,0.006451999986119649,0.0057292935328072826,0.013844672808152877,0.14404164325306637,0.008827536459042901,0.013477711549197911
17,0.09953614064659612,0.025827944504421635,0.02004362007481074,0.015964933017606375,0.009362395318499287,0.1037543810920592,0.024135790127115905,0.07616769583196663,0.03532248638862434,0.012190198721586516,0.024378096524141354,0.27371195418304767,0.007753717505057597,0.03158966818836804,0.045902472263563414,0.06721485657847057,0.061025777662869575,0.03036057214979347,0.010651702304580062,0.025105596916821467
18,0.06909125475434144,0.14383123004458884,0.01823989389644722,0.02641379401738665,0.01267565940127487,0.045357261924386015,0.05972910403377774,0.05153246555636281,0.01395864025550907,0.0803855902713508,0.09669060831406197,0.01616627624816382,0.003296476326902306,0.06559433733724257,0.03607571012753901,0.074512926230625,0.08803684575998083,0.039685444110604644,0.0048147887863209385,0.053911692603133506
19,0.01480467996310512,0.03177782646597418,0.01812172202693543,0.008454886622702324,0.13931709270515139,0.007602111374206496,0.028364926174508844,0.06536498982767992,0.012704173363976955,0.2622454924878508,0.24906149965264504,0.011096479215644961,0.005655723173229946,0.08157981895520308,0.005623420555121319,0.003613602268071121,0.013970716527665628,0.011209773069818777,0.006052839697058414,0.023378225873450256
20,0.07086043410873528,0.039332863624126094,0.09067441117194043,0.032094730155135184,0.013097310482456444,0.14283934991845262,0.025694762868478216,0.01671093363569252,0.008561130339313838,0.033090924762069464,0.01208424636348565,0.02866750237348858,0.07449434684620188,0.10417713317057974,0.017212190607202794,0.113474139538445,0.08230908156894108,0.052396983822909075,0.0064769900416317555,0.0357505346007143
21,0.09957885638244639,0.018340827147212052,0.004063127559047082,0.046643515908025686,0.008406910186550659,0.14102631114213318,0.08712232938998844,0.006387233885811871,0.040436857228234604,0.014225325499825628,0.047924336410693186,0.00598986396197137,0.04449526288908611,0.23051166185632477,0.04850943141498243,0.06457348404319649,0.04021256694935032,0.012049136569989644,0.018835896064163388,0.020667065510966687
22,0.02182590675978982,0.03617527525469207,0.04467243275110264,0.035481097046895775,0.018740837515589085,0.04303505196634155,0.11048578468918181,0.030665863382890877,0.021224588449050584,0.045505369079162535,0.05568564218021361,0.12312234697202787,0.04200262355617883,0.14152386867888217,0.029179903316255845,0.057780477591021034,0.03543998077905856,0.04300432174807073,0.03611802605701596,0.028330602226578662
23,0.04403886856947598,0.10360612293484336,0.062201279792703415,0.11017456527782071,0.022311119985257023,0.03243840948504394,0.010149430761154592,0.02223084881270456,0.0346562434498237,0.01722321758135605,0.16707376341720656,0.12881883225209304,0.005446498205662212,0.12118296510224225,0.02122886242380755,0.035589851531431606,0.030557846870803998,0.010176025130867612,0.0057788333775982085,0.015116415038103608
24,0.020193856872446996,0.03381547230960929,0.02673824834987106,0.02468931674136163,0.3984897356149249,0.011579468314035094,0.03716628482220225,0.05292150208624513,0.024169731557709975,0.03176003400054092,0.022722132924973916,0.030269888677410553,0.033567181938004335,0.024504374396240296,0.009764613232714704,0.030851866631924667,0.030680478890074404,0.02289893735254081,0.07643980733055218,0.05677706795661692
25,0.0547959407890653,0.02811613396252335,0.07222332322857265,0.014870421406296797,0.10458811399153696,0.011780911628492577,0.09797217541616665,0.047639088607073964,0.006358304805976135,0.03118078621178586,0.04274811885283179,0.06216703655115414,0.004452400918609833,0.08668994347029196,0.0763556443629481,0.029793815568868898,0.08134000213971831,0.05169360950591886,0.007819756589736968,0.08741447199243084
26,0.018406834425871137,0.04629036723439169,0.09128816771724607,0.015437772861329037,0.008773610299755787,0.007659825343517683,0.006923015134769652,0.0340295672873412,0.06368703063636455,0.013185113255883084,0.028587031796889296,0.09871090937984896,0.0183069286803084,0.18308049366461387,0.0763463704000369,0.11932201040429236,0.11161991277972197,0.018813231341737388,0.002501002922749032,0.03703080443333192
27,0.01781163069274926,0.03859570011180697,0.029277144406221284,0.020302063999544546,0.05561628478158726,0.012233814611014682,0.04145363650276592,0.03329378022274836,0.019788836158942995,0.01216755319983375,0.02582526327621107,0.03489817788752076,0.020006552611704278,0.026608635827439296,0.010935982179060192,0.021619879266590498,0.015759335494837958,0.015107754116126585,0.017476799319681904,0.5312211753336125
28,0.03850381596778552,0.0777017270604451,0.0247519021458013,0.03074482064298801,0.013647851149987298,0.026330034427418922,0.1012159522507042,0.03484375629673337,0.34108432003130695,0.00809154119955397,0.019906050153562768,0.029085992837421873,0.029263168190148407,0.037935213636474376,0.0533598258170647,0.01025574559819998,0.040596026756218165,0.010037478820177501,0.015384740655223252,0.057260036362784275
29,0.05784442010019657,0.01314334005723256,0.00973557044641602,0.021362362253521113,0.009505421954204861,0.01693825354277788,0.09056881146336955,0.07541151251969981,0.141613305265941,0.038111291112348206,0.007038853068606735,0.07072618042168688,0.007056547973498629,0.10790619539555286,0.0994069087872404,0.10016106020285906,0.06542654703244188,0.05392412937400037,0.004914948983528101,0.009204340044877553
30,0.052126832201841056,0.21488945813294405,0.059944247425953355,0.02028092547369352,0.011329001439198315,0.019328371232539866,0.025514802446416174,0.06385299674945134,0.014120357016648984,0.011299842005112106,0.025088710763174014,0.0724389733322884,0.039590057062111904,0.026589188819529715,0.005214612174647873,0.13200635439063996,0.11399633048808402,0.05249657334487647,0.030685990059960255,0.009206375440888676
31,0.12261386920851146,0.030238526494142257,0.043991253392311094,0.02144504343882137,0.019756342441479037,0.4184224837727874,0.02166754664590341,0.022857722920836623,0.02160591733728595,0.011002237400339475,0.024098808313450685,0.0191335826508367,0.016931144875267794,0.022029764441613867,0.032903084100543205,0.042802295390767166,0.016806265948695415,0.04302999462792294,0.021016019035678044,0.027648097562806152
32,0.014414215443388346,0.2287870281492983,0.023858988893162052,0.02405532570963515,0.025770721391385153,0.011301816106665037,0.021485908202976037,0.3164808096637193,0.020231648471368227,0.012628212836024005,0.06613900986250285,0.02687949718369414,0.014380507206043874,0.0252256985030597,0.008834625665970031,0.02104981094149229,0.03336150444399836,0.056230692128566226,0.022441699176003034,0.026442280021047874
33,0.025726062953130464,0.010616441747647434,0.010863810600108076,0.007699318123037692,0.034457732263493995,0.01557507880807386,0.0398048441531655,0.013118376159732,0.005453528911529368,0.17363451186800286,0.07399186196012668,0.015841395331439884,0.01120595224825915,0.059813531305110475,0.014254229103936035,0.08295974102952246,0.11837257815900343,0.02827295197758278,0.2224333296536116,0.03590472364348626
34,0.03401467848648384,0.024367114238009326,0.05298893468364123,0.4848806005537943,0.023539061196769677,0.0488524329241901,0.02601533053683956,0.021210118224607517,0.029486869218836587,0.010968283910750687,0.021791121800274305,0.01965108032522875,0.01735688823137225,0.02452843371197908,0.014536222508408653,0.02611364757303412,0.04839336264062307,0.021757154290855337,0.024908081022172887,0.024640583922128704
35,0.027510096894693685,0.06259496885244457,0.020300639118675277,0.02097783794156248,0.013186500324724642,0.015506117135596886,0.012247952821284819,0.14797149012369554,0.03516990304454358,0.015454125997101553,0.04424235831240276,0.01259453579112312,0.05232929389251458,0.02771477319812309,0.004923131345011252,0.022603200885666558,0.17385370690277419,0.2676156664971309,0.010058028617633498,0.013145672303296977
36,0.012261414325311396,0.11455498764647605,0.02295196880288907,0.022624718813424552,0.05216798796831992,0.27730098895426625,0.04918000678987338,0.017192023628278128,0.03023480535710877,0.12227606470360247,0.021807144222073062,0.03525650762466475,0.028841923364827153,0.03593032652155025,0.016165164982712393,0.04514802196861234,0.02147475303246299,0.023499175875695142,0.028769921666607946,0.02236209375124399
37,0.023820078978087626,0.03142172145540829,0.03351583191700926,0.026507039407626415,0.032960697233292195,0.020045919926396264,0.033713476506775024,0.05013144413732634,0.06421279102318939,0.021286295958689472,0.03232590143504709,0.041438589690294035,0.03204038015194765,0.030683383773679632,0.3680777225314753,0.029476003084341163,0.03198059849988607,0.017630100376795632,0.04499828932308632,0.03373373458964681
38,0.15344519682046373,0.011459753218536938,0.2576440712106007,0.14402157692788717,0.019225988011828548,0.057613785513053906,0.007577720943277276,0.024722155582442493,0.024703290491394022,0.01660093887285645,0.03431765494948731,0.12715201941738008,0.003246991682035079,0.005835493630524044,0.0038741393343204563,0.01706065620839914,0.05643380013088408,0.009576499399569305,0.012470002396275251,0.013018265258784134
39,0.02971772687896646,0.010056487980240846,0.03202038707901254,0.15402561270811058,0.035355876938579084,0.0342110835426853,0.0495625250250021,0.11594849713186023,0.023808860476650755,0.08608678726195101,0.008741937915835234,0.021225646646091275,0.08541461412790013,0.056028858886523085,0.010355059105663898,0.011174355301505458,0.09334474810792794,0.1212922270812237,0.015321089530745758,0.006307618273524598
40,0.4239324059005217,0.018249790768929647,0.05418031807620821,0.01544146701376605,0.015617808200464907,0.01847779618767298,0.029533895616577155,0.02639034038083629,0.024079742360959534,0.011236319188846175,0.025559747533024004,0.018135632635112794,0.024420492478781412,0.029030453003869774,0.008789742758087022,0.14567562418281318,0.02147299581621938,0.04224667502075158,0.029195853492595323,0.018332899383962806
41,0.027632952834590083,0.0456272966065593,0.013258115900184029,0.017859209943032688,0.013702285633938157,0.005926761025271865,0.016368970832469843,0.16176000518222355,0.12787822149119143,0.019426290091314496,0.055637601625190075,0.011855349922282014,0.007092777787815038,0.017040191095838705,0.2414565317009189,0.06273538668336191,0.03635352189526163,0.09400999019522871,0.011083171259630748,0.013295368293696787
42,0.1362363383942058,0.062179726521425276,0.014179689217136431,0.00665591424047418,0.025374101543458268,0.03343536759233403,0.0108825672271423,0.007560163011083547,0.01348594082772619,0.03559055820555216,0.09325910113433704,0.039751737783152656,0.0011640660119171008,0.12298465038888572,0.10227282279189767,0.09500181950707443,0.0801293810171071,0.08423629876058358,0.003931935060258286,0.03168782076424822
43,0.28407176008505164,0.05224550567642453,0.020740802416158235,0.011570688569226483,0.012566990252349598,0.004019858893331771,0.05177516089452696,0.05139514399046605,0.01791364347758596,0.10928809896505345,0.053909141538176525,0.014887689828978872,0.004460119622306523,0.076963326280314,0.03060351559324411,0.11596349374287843,0.03249653810823746,0.01589771062187932,0.020325620693087392,0.018905190750722712
44,0.031937194354201566,0.0182601918620127,0.014756780098753452,0.01681793354376743,0.0425825697886745,0.0145746788197797,0.03321732602759781,0.18576983924104506,0.019842133063646905,0.3859447530759067,0.07447142913887193,0.014055353542106462,0.017762138410446913,0.034434147485173955,0.010523008030549253,0.0057276951665006254,0.007983442966924626,0.04164231889726337,0.015731213593666207,0.013965852893110843
45,0.06541807758364669,0.03392804061210538,0.11780991789495317,0.038318984219551315,0.017140571928089512,0.0478964078064003,0.09373850825370786,0.05032094823890213,0.08015969878156036,0.05377419732910488,0.10865175743904501,0.017304929958336997,0.0013355091935725748,0.01959568568217465,0.014116182617511151,0.07034448638665744,0.07045241006180795,0.0475777979549184,0.0057668355849054805,0.0463490524730487
46,0.014380913946991205,0.013582500995813589,0.13378438067029522,0.0862059380124323,0.005765115834827894,0.0644843166516168,0.018440845641896405,0.013548581563676401,0.007470648303570319,0.05531786768589025,0.08481749642601241,0.03959666619632841,0.0021833321277511717,0.12280883068717874,0.014665655778483097,0.14584871152937112,0.04758948969438734,0.05662022192607014,0.012643766021788743,0.06024472030561842
47,0.037533397356695565,0.06206353699235065,0.004556741802275714,0.0228183864959055,0.006073947858119503,0.15414798262231058,0.07581441638037971,0.004904510368887929,0.1777007746136167,0.013070998584045625,0.049705658066406457,0.143063997150457,0.002566569313175475,0.0984164287833003,0.061767525854907204,0.041239728418645615,0.003172180904375991,0.014966782348513223,0.010352508341045924,0.016063927744585375
48,0.06804130472086584,0.10201174605815568,0.03404251547809659,0.029048596868212945,0.034362128399372825,0.013221042350158557,0.03260428823068014,0.03573495859199151,0.021668424355639218,0.07822965503582312,0.04405212609190448,0.023985842244222143,0.03352326978708206,0.05757008475707097,0.013276708143901604,0.05172656303337552,0.12899489990148114,0.11436923582773534,0.035085669958743924,0.04845094016548645
49,0.074333434689143,0.021962062561899764,0.1253451927733453,0.028056859603268685,0.010660226697107842,0.043911659134319395,0.028326737446862888,0.03163149730104529,0.04808112879526846,0.05076835988599777,0.10374021906131607,0.029601601950115696,0.0338767512852876,0.03636633632070469,0.06282497686453287,0.05792670031882785,0.04893362896514254,0.07280701923419443,0.06808294715321321,0.022762659958406647
50,0.031574393510643284,0.06315133862905328,0.1230357691769151,0.024500342925400317,0.023760093416607897,0.14114114641280867,0.02927420190939489,0.04050433716534204,0.029540857519719237,0.030238018475382728,0.049409410305440216,0.06276545287981244,0.012259485836534348,0.007634629672964087,0.03638739321479779,0.07661573854802212,0.09027266616281991,0.08363190489332852,0.008288962125723588,0.03601385721928957
51,0.05117213098097768,0.09366173429130219,0.01995159571488784,0.05282907228037883,0.007712846505550844,0.14975873570239664,0.09924598456705988,0.01464190728923715,0.06505970739345962,0.03147537507412345,0.008683643535041311,0.06277400981415171,0.0027165949724505013,0.009663093085159061,0.015100370410820855,0.18496416147030614,0.10170993090302007,0.014460168777494186,0.0071903971996472565,0.007228540032534751
52,0.018261286452257424,0.03706365038197394,0.028433542364074277,0.0379724468540252,0.019603981402705146,0.5586526643772176,0.01616525185392424,0.01817671165841836,0.02236728719265007,0.008957833423720595,0.058977405112430076,0.01737502701273927,0.011676318737654196,0.031097598661467146,0.01819150948774894,0.008435375575296302,0.011255426486508454,0.013943639935426131,0.04373101645672381,0.01966202657303868
53,0.018040315748663528,0.005525827711247263,0.011883266158401252,0.007661880937041076,0.3130415958214992,0.017553127380733054,0.18740438429856784,0.006414730874223419,0.005978860277493628,0.00479987984126108,0.009361524147203794,0.015813875070024082,0.0020620002080559,0.008735219956416598,0.012405538754968626,0.0023581770975023312,0.005088381307503859,0.032157459648283114,0.2034065811327561,0.13030737362815434
54,0.25905517678206497,0.03275074919428839,0.012892494089428731,0.012656510924292486,0.02063043350586263,0.008222865801928358,0.01044760078967772,0.01029751032825217,0.01539178894264994,0.004823006604783838,0.016940147050317513,0.007837622659595618,0.12786095581143955,0.011216200388338638,0.00473373694985073,0.27463816981799205,0.0826302287947889,0.06124804764720177,0.014898306098108617,0.010828447819137393
55,0.022444700192867803,0.010612766320536211,0.009152350290433224,0.015212032763068158,0.010200439035168709,0.009096547991468747,0.010714854203865051,0.10224656850365547,0.01022073138081677,0.007383546777459992,0.01815612482229711,0.007020255087482521,0.3267829272713532,0.009294979227163365,0.0057618227690724,0.004213409394998781,0.05264191778260052,0.34242164071779074,0.0171983654035987,0.00922402006430249
56,0.01116198452917609,0.017229638489139495,0.013800600559161779,0.023889607424419597,0.039305562216023784,0.04026848096470889,0.013750854459967644,0.020213279262073114,0.021651515350588558,0.01479983807354341,0.023037522556602363,0.017790450251098343,0.03230382373288943,0.015716489243553563,0.009402377941423188,0.577021984781771,0.015137597695748723,0.011178353957922917,0.025293865133642582,0.057046173376545474
57,0.012609198383777978,0.026567678981475298,0.025310312485530312,0.021419851380268008,0.025618137169929275,0.032243154686680396,0.01913881509902258,0.026276305414745797,0.018352099371692965,0.016821675962353164,0.020065835260926885,0.023257484220541413,0.02061918147502665,0.03975298652796404,0.5644674142303505,0.022452252923759464,0.014473362891911578,0.014500710839635769,0.03065348397070343,0.02540005872370445
58,0.008888874858362936,0.017488235700941136,0.01696087830802054,0.1522499024567604,0.022514899655944123,0.5373542647881432,0.013636732682059673,0.03986950591884699,0.024003426668449568,0.007367036235950216,0.022228049180478132,0.01583278226748108,0.006669077706800192,0.01826338184571651,0.01698924301210456,0.015891942517426604,0.010552993481628683,0.017905038785144975,0.019077416567872197,0.01625631736186839
59,0.13321324382992203,0.046737736966541994,0.020782554071585246,0.019199744521788294,0.017423482090794345,0.02395684840116478,0.014426707654853396,0.03931247582585152,0.023644332915613905,0.00779689346492694,0.015501957208336506,0.028915052121969792,0.013509860968970215,0.016778793218755972,0.027400447451767364,0.311381246293613,0.1370169310308754,0.062142504964492584,0.01780410912492454,0.023055077873252207
60,0.14199784500747065,0.025683227331481213,0.028509933275041106,0.034788121095285875,0.035497890266197464,0.12200110522891243,0.030292720623155096,0.025165304251733304,0.023115778270810523,0.008454328226677193,0.027735314516414963,0.03766336573030985,0.06857685500829476,0.024050484571750314,0.008810277778552634,0.12656961584682191,0.14221387277020991,0.03955313764551614,0.014070082715121859,0.03525073984024275
61,0.018311794791596198,0.023017836090339465,0.022552373997395653,0.030582623841800476,0.022118797596380062,0.011318342471068955,0.03382773489205476,0.024752813384606626,0.4596790812262025,0.009641042076737053,0.04332754122783525,0.024505133846225748,0.030929457908025104,0.04541687171940282,0.031664626617875884,0.013225815279331926,0.10188340525923449,0.009869228838457988,0.01710266909993871,0.02627280983549029
62,0.006275858120750237,0.013603253737017531,0.012685893290947,0.017430610593907523,0.23224852679181,0.014020756123536069,0.013043986004382467,0.10390248997942303,0.012622511674374462,0.3687437522975933,0.012333561239200843,0.008007350767728426,0.020630806750215565,0.014391106839031692,0.011222764930053666,0.008966016458083087,0.009919304353221714,0.09764351812869529,0.012218495113673853,0.010089436806354251
63,0.20889759282519202,0.05279552729605103,0.044196205854207256,0.03851107765797895,0.018067835063599706,0.07763614308825156,0.03465701034885239,0.02229273918803115,0.029686262453957977,0.026096505072649028,0.1593705742528992,0.008926341124237113,0.0028563423054266904,0.00576046187083637,0.07691320361647835,0.07852370334781907,0.05587302986188221,0.03764671034787193,0.005732578484693644,0.015560155939084393
64,0.010723426163103145,0.023822943104263278,0.023362554830545838,0.01893952721647666,0.05138282989061504,0.019688036237394124,0.016321680268758968,0.017783169280224203,0.017466764697539685,0.011068747506154011,0.01874801503432281,0.016357168398930314,0.008227048171887076,0.015195656483505732,0.018712492724057027,0.02470654164410684,0.01104395825344889,0.01235485699713454,0.6501178222482258,0.01397676084930604
65,0.009149433875566897,0.032020740387231635,0.017178851793638775,0.02256122157212383,0.01300720270758033,0.010766054638649832,0.019318625893722918,0.041378125234222296,0.01915793518586244,0.3180192801663209,0.25648590245559283,0.015282855136446593,0.011390113060219588,0.019021729870633167,0.010454776791973375,0.02811034494422451,0.009243684442191633,0.10567815119650727,0.021108056157137282,0.02066691449015376
66,0.10010103638061074,0.10838314631675494,0.012802136455526537,0.012764030093703832,0.019569810301012715,0.020081646941173256,0.01253265296862767,0.01085841996490818,0.015957020394318115,0.01409075351651729,0.021927140089789045,0.010499407863779932,0.00492505945776213,0.01660092713660601,0.010146113159497575,0.018845796188824905,0.33958620100186865,0.2168957729038199,0.014159378290348818,0.019273550574549762
67,0.019100423083617233,0.02928376548985128,0.10260505003342096,0.5267278774895947,0.017568315082769105,0.027756685498787566,0.017941535828933368,0.016133791051745373,0.04830451860465657,0.007158234534054378,0.021519336334515096,0.011174627841195857,0.008101592793036176,0.026886396059636775,0.020401766658534656,0.008093571142429668,0.00837354530376232,0.04518512762553239,0.02142615992738227,0.016257679616544295
68,0.011748086598304052,0.02052068733776648,0.0387379417450934,0.026122130889720468,0.022231052450232498,0.04327231754607538,0.014406529262451716,0.03455345196110093,0.03719811142481019,0.009710012701652854,0.022183487880352723,0.01637736327693572,0.010710751091701227,0.02364869340264939,0.579814655605774,0.0171795300044698,0.01303160260529133,0.01624317924227311,0.02213904317633179,0.020171371797012918
69,0.11612863209719228,0.018012874763445985,0.11713569937755162,0.025920959640402724,0.013981668379744058,0.4512184194544712,0.01749707563716328,0.008446396308850327,0.00964582196140675,0.0035240045992026665,0.010835561524809327,0.061097902920633274,0.002827863949780143,0.0494222774677223,0.017331497399318618,0.031234274416633814,0.0038731324907990347,0.02225742337832885,0.010289059283600993,0.009319454948942776
70,0.004791457205829866,0.03216967429226781,0.011742986747110645,0.0119504271840303,0.0294478547845575,0.008855515518150978,0.035301354191031815,0.11931361444023655,0.00994252996975121,0.32531850921529887,0.09270786122937683,0.006269903534800115,0.002231719395434376,0.006807831285766639,0.00426152964584689,0.011806734424109913,0.0046386237362616165,0.004891205888518446,0.07063434095743869,0.20691632635418095
71,0.006651437562752321,0.2033562179896238,0.01113731056375687,0.011198188127776983,0.2530305025663517,0.008125043820240633,0.006624355178332368,0.017236299915275023,0.01340136565724239,0.16340014218609844,0.061563745616980144,0.007548348127249423,0.021386706706951236,0.007372359976469617,0.005729126687138161,0.005151011052379411,0.013796840714045073,0.15862863489642126,0.010966516091112953,0.013695846563802218
72,0.11638213132366959,0.01772036789209972,0.036128334946873474,0.10018687966303588,0.10580527861146716,0.08596324181081198,0.04502053022378516,0.07288769987452687,0.01766886560973233,0.015294298640574407,0.023077047061446865,0.008971678252887024,0.022965459071092386,0.04677092509709446,0.007579907285712298,0.0946185492947534,0.03336053552416884,0.08944382839547398,0.036654019857734796,0.023500421563059405
73,0.062020358072049815,0.03346768673640846,0.028711988156065137,0.02271068935965422,0.034710676051958114,0.01135378284761413,0.07012765416748847,0.029521284930072528,0.02576783389609283,0.03606895509984367,0.05569224913165399,0.02479750754286042,0.2826740146297566,0.04901777494474988,0.01563404754495397,0.01861781803654277,0.0949891914321985,0.0545573652048604,0.019439897053438925,0.030119225161737147
74,0.024309735389623964,0.028721680408289683,0.009218728641359007,0.09720533491118905,0.1384725360278203,0.05250460436456379,0.0660133598968647,0.06472817188484194,0.00917468766382747,0.1733805148523273,0.01190479192983419,0.05818036315172199,0.004279219901241637,0.024482247420215857,0.007898685756773887,0.008160925065739648,0.00949563459648029,0.036222063673554045,0.0409167566539831,0.13472995780974817
75,0.010841179976481324,0.027023669707051595,0.02414423551556618,0.027886155528990736,0.02078593418193776,0.5394983044084145,0.02157123743215569,0.02661536559653681,0.02667186200844476,0.00911477674106411,0.021371779645155693,0.019979114810911035,0.010077082259535498,0.021991310419780107,0.06692331255966713,0.010663674606505467,0.021137058392273745,0.03394274346883168,0.03633089679840551,0.02343030594229069
76,0.07603486528765126,0.09273874775382356,0.00585832511670796,0.0074647893245715505,0.0620998159780905,0.008000961937816537,0.2663649993750062,0.02232388634180931,0.08236446134381313,0.029945990220930026,0.008514846842544024,0.011775792063449772,0.0033606768788324638,0.02295258915614812,0.135028198138833,0.04063526142792065,0.002973546818112471,0.02847132364743556,0.004109814937889966,0.08898110740861395
77,0.017157068952998747,0.08992147562150296,0.01932627093478153,0.021792807768045642,0.026716636758238287,0.014808615334356805,0.010304687587192532,0.09984042678658483,0.01741290512001399,0.07738825518337576,0.014355616047465786,0.013397809197383193,0.007829433239703672,0.010154396170963496,0.006760418063918746,0.005881828630244267,0.3219201674051623,0.19165872475366338,0.022518972921987755,0.010853483522416265
78,0.019839785790393,0.29772171059291624,0.02329206000846619,0.012079795624298385,0.043593729617410155,0.01891746381781827,0.008942691772215206,0.05589992738211681,0.021158285969587708,0.031103060860677347,0.1463328705239867,0.008972299050792469,0.00493938463696703,0.013951339275524253,0.006004800734005786,0.005077974291985925,0.05272644925541165,0.19099309599802505,0.011203029238522967,0.027250245558878925
79,0.02604997280003065,0.019055874081142232,0.5902732612775786,0.03503125230114581,0.022164976332092013,0.05845379706936647,0.025845287901664567,0.021961020947819782,0.02135880197658698,0.012153487553703542,0.02128549129435457,0.039394621100819656,0.007878441794056414,0.01919600645983551,0.008488837755702758,0.008582833935503869,0.008540033556276349,0.019312917758176135,0.01957158277158799,0.0154015013325561
80,0.009350956629267323,0.022860728032166978,0.018139071533795507,0.018922092265468756,0.038790500098789635,0.011254222664603575,0.020847290205503025,0.03656104957684887,0.018943395443961203,0.5599555963286094,0.062494664768202986,0.01888191839115599,0.01659683452907446,0.046589697410188445,0.018642653976576638,0.01566826306444671,0.010356558424357983,0.011852934124946545,0.02036102162257936,0.02293055090945661
81,0.012734649695464928,0.03445465105421251,0.02124210251051003,0.04462688927950392,0.020725062213923083,0.5704915298780597,0.020362072089699767,0.01980364555512678,0.018945494145152376,0.00727246817463077,0.03436632780193936,0.017425140586565614,0.010751875725343018,0.024933211982547603,0.057378146267234205,0.009381279517850165,0.014413373389552737,0.010455503881751784,0.029453718968842985,0.020782857282088577
82,0.2332784516213938,0.3954576784270107,0.012246670696343945,0.012494400987400612,0.013833440933627594,0.0056769795865266115,0.006872431601612908,0.012071411699096595,0.01029813560409883,0.0035310096704097935,0.010434958050747336,0.010465292292893535,0.004080406355206243,0.010443268865206102,0.022910776271903587,0.08254054272234257,0.05845290051205651,0.01080656200798591,0.04590018705687812,0.03820449503725867
83,0.013388507624255882,0.0532101244506256,0.04023320741119683,0.02324140795619706,0.01562681201460586,0.6057977055134764,0.013540353887622529,0.016751516239790418,0.020135586222337583,0.009612503759474984,0.023945270688649423,0.013017142676505984,0.017554434976145783,0.02229179324192931,0.0130609233550178,0.014673955631285072,0.008292935719713821,0.03316107278157017,0.023739538104609825,0.01872520774498964
84,0.0217826836611856,0.023787302047209916,0.02740570118672458,0.03946206411882654,0.035147734425483454,0.02531149344460396,0.045523693629136185,0.12467020237383472,0.024767132150848924,0.01917308700244638,0.027532735607106163,0.027134836099330522,0.05079154652386669,0.04048488884815727,0.2460009132762853,0.10110524748217702,0.03152095770050604,0.029426168102557063,0.02543981392057467,0.03353179839913904
85,0.02275310215401914,0.03961580970775375,0.03712984001894007,0.040253629448733876,0.02858787476345028,0.32963026098574355,0.04576624545585657,0.04556879905506234,0.024967267041374117,0.03176973704920672,0.04031969029234377,0.03490426988081067,0.023858540801520098,0.04561515983280384,0.03538369393099444,0.024011685914594606,0.035346681492612594,0.02374841302521173,0.04427342788646828,0.04649587126249954
86,0.01427220053339132,0.02328678742402992,0.06650323579612803,0.02789453378930681,0.02533110320520258,0.5240825259274233,0.013869409825079152,0.022817532292523982,0.030730402808598085,0.008966567850936743,0.029200008356486278,0.04527793760340678,0.005521969618839911,0.026581859108401818,0.008089042727605024,0.057129564994440635,0.011084420676602846,0.01450688823670548,0.02453452591960874,0.02031948330528259
87,0.01582120869991131,0.037930236175123734,0.027448561517971176,0.026298454919635252,0.02488654101020049,0.022189335693782796,0.021595275972465716,0.025923304142570488,0.029397319791252385,0.028770843327816625,0.05052463570701149,0.021954726944368848,0.009301270292064456,0.02027642234031264,0.027083660632478756,0.01247901475792888,0.016399738448678453,0.01935206837151754,0.5314446016261678,0.03092277962874121
88,0.25380699175480886,0.18565360158897032,0.008646893328945558,0.011201441971909613,0.010641166098188506,0.08268297432840375,0.006619311633320225,0.015580806801175191,0.016468047456680762,0.003641525464510779,0.013982384471363418,0.031688758058634345,0.002141965865450552,0.012212519633788619,0.011405285124831447,0.276192461264992,0.027141465442144908,0.008685305748673783,0.012694340231099431,0.008912753732108014
89,0.00449784867030571,0.030533494444178712,0.014489514941076075,0.012039476039351625,0.0904997508954144,0.005557531827419494,0.016991922242261304,0.009020024927469132,0.010239247222684853,0.013226032032271118,0.01789347748464586,0.022577235677914892,0.006306981523757491,0.28905570012456705,0.0037716076281847227,0.003037446604989031,0.004885918808287502,0.005857256628985424,0.08398829872342849,0.3555312335528071
90,0.07914654715247887,0.06488426881413167,0.04651327472700119,0.027892432958801373,0.05196630718339838,0.01260829473696644,0.030983315106583326,0.01772629964601612,0.022857489412765913,0.025219833201237645,0.021614779505374257,0.0285734193559523,0.007832081777800778,0.022688244583796688,0.011164197750796608,0.01708269944520638,0.011053081542001669,0.022099807455134915,0.0441968031969128,0.4338968224476426
91,0.11194878185312461,0.27148671621726156,0.004659689703661465,0.005417861516155071,0.014412629279973265,0.009581930008696796,0.003890055289344412,0.02885580194679048,0.00495411166916276,0.047182347923262286,0.15929320976307199,0.0034956502350150537,0.002011114881243614,0.004054849370399598,0.0021771335364812365,0.14131631235828346,0.07688858264193349,0.09750385461596062,0.006796434789199523,0.00407293240097871
92,0.48509874811550396,0.056508987801764894,0.03749617984662331,0.02428478204475972,0.016601358617871223,0.09344831221553461,0.0088510608643831,0.016979918622940435,0.019589418089164506,0.007056620400099039,0.023105965961891083,0.01664299267593416,0.003714271190906735,0.01827420148460243,0.0070517271334044765,0.06194658101696959,0.035531729925657604,0.02385354998833668,0.027266799782927283,0.016696794220725102
93,0.08007415040604324,0.07044049522893447,0.00660733201752487,0.01085849846037875,0.005828296191878519,0.1137726058909474,0.03647134445077992,0.01981655804236995,0.019634569119569616,0.0027941525170476576,0.009154911094624083,0.02439550754912718,0.0022503233161139183,0.038539400215857736,0.0031673539606311145,0.14993126576485072,0.3846239618768072,0.004436789646694434,0.00950931377201566,0.007693170477803615
94,0.0527678569977823,0.0418139556164028,0.0915987920557736,0.015235594644208626,0.004356695377145106,0.03153269472305216,0.10403557118972845,0.13191357768103656,0.007173999794040573,0.08875664535371287,0.03324011188774015,0.08766464558586658,0.001784371041597851,0.07054265564892458,0.002070080649922721,0.0509957331092437,0.02243287933733599,0.1007059464692846,0.029978171707142235,0.03140002113005856
95,0.028446184761027667,0.013279328658640285,0.002861878156577484,0.0062863920735165965,0.00472001514118359,0.033839631517119294,0.022617028353834008,0.03436110475212491,0.1920761590517871,0.07469174533656281,0.08204994410412897,0.07889036787386797,0.05113678507928577,0.07171100855680518,0.12993965723681464,0.053997458784259496,0.054108871297100174,0.05139154440221368,0.010522576726762163,0.0030723181363882524
96,0.05392981968862416,0.01777924367635976,0.02053225725059381,0.045375049710468206,0.03451401532799272,0.03236706538059284,0.04597719267272497,0.04578694877265625,0.05259163901572224,0.144084888147989,0.014953958353115382,0.02182217199526985,0.01946636783305575,0.04675347479190077,0.04006537087618549,0.02733989764516846,0.12250779391201329,0.06156669709624238,0.1384194065588369,0.014166741294487827
