site,A,C,D,E,F,G,H,I,K,L,M,N,P,Q,R,S,T,V,W,Y
1,0.0181789402745111,0.05201864170640017,0.031432016209308605,0.029426377847320766,0.02240091371105914,0.04634305843862771,0.06338138542760187,0.02591492609349022,0.02566270419477401,0.026292126870411284,0.02520336446044908,0.032745856154137824,0.020810626044065913,0.01972921113308658,0.4460191783995326,0.03748308177579372,0.02306946420317974,0.01387616991437074,0.015300032728823541,0.024711924413055364
2,0.02314519718140849,0.023413951628481217,0.024445989593163343,0.0614793173685075,0.027388134429423797,0.4524147414563398,0.0402285394005212,0.021527586789643113,0.024035740104306952,0.015978702606031174,0.025893165839498824,0.03209091572367053,0.049716976244012175,0.03402236221458547,0.016600337149785246,0.023164974857531273,0.03041782592705253,0.025201827374749745,0.015170223699718821,0.03366349041156867
3,0.011550172676455238,0.03027979182182043,0.03025568812588673,0.02138992701268713,0.017102869574452496,0.6458166843118525,0.019019595090689213,0.019104299546645866,0.019804648071752796,0.007499945755385068,0.02029413508238885,0.01822797750265829,0.010294351938889867,0.021748328002252366,0.007903908385264632,0.027659563051392253,0.01397518707145838,0.024434820834210738,0.01542312505706898,0.018214981086788314
4,0.07794573930134883,0.021263061376502388,0.02363362346174597,0.04945513968727771,0.02354597729707152,0.5179100215778277,0.024618539159371924,0.02310718825411843,0.021266021675904797,0.009556526303344649,0.024295246386119483,0.0258521690594135,0.014077050528966266,0.023798140507561523,0.020448023661922093,0.012146611299562078,0.0169844145279117,0.023666568815304292,0.01964041756205141,0.026789519556673726
5,0.07219579301452263,0.0841719313709956,0.00427483630710493,0.05703304783423209,0.019453399873212585,0.03675434410701212,0.00732819364740638,0.10559769398006058,0.10635477914189113,0.04646652098414939,0.05078387366698043,0.03080355895375032,0.0026194194602764385,0.03004168459422454,0.02486890483525912,0.06007293620500286,0.08058629758593122,0.1281937955710593,0.020321136087452188,0.0320778527794761
6,0.04702314439086507,0.030866437005139722,0.03291538731335723,0.02947474330757445,0.013472550788646658,0.5320021829974902,0.024207561972384304,0.015011630700477742,0.01693053286169839,0.00625530536177781,0.016898867201559198,0.01412944261685094,0.006570561922598914,0.016951003836848878,0.0207523690325646,0.12245015826562408,0.007037068535032432,0.009041465566061363,0.010102178005749203,0.027907408317698775
7,0.06612508393032772,0.04337808905017176,0.09800459058900773,0.1628212322295567,0.022289327650097807,0.0064146451289180334,0.018625040033987284,0.021193580315799272,0.007893274169786085,0.034944016785255154,0.07052967058872558,0.05559539760297971,0.00972273286329467,0.1536950121541377,0.0018149881433516648,0.04688689981191441,0.03773958098245511,0.03635558227541268,0.05946618215403547,0.04650507354078548
8,0.028932423993392156,0.020888218626815593,0.01802539665410317,0.021228556983756454,0.015946233935253788,0.008661736472796423,0.01902592132176717,0.03699541813203001,0.022016868992377044,0.009979420685474435,0.019006167936978235,0.01954018691013273,0.010590879849734823,0.018632485367341682,0.0073821130986862415,0.03684554933050381,0.6418767768243562,0.010571539291510683,0.0161182706464128,0.017735834946576618
9,0.031269455156440515,0.16342494824263437,0.00587314573362534,0.009044807301973143,0.005350830734797679,0.012703844377290156,0.00478961520893219,0.13649347634777934,0.005269468049253655,0.1452327304455302,0.011355886416412733,0.05653439118663166,0.03407985702182607,0.006713857783777612,0.008711650755259188,0.015160479148584005,0.1750063787367572,0.16374489811789056,0.003951774448540213,0.005288504786064123
10,0.009699526269148913,0.019866832640789266,0.019433687206110387,0.06354955289503846,0.021341780242602516,0.6118742351572762,0.01831644641429985,0.018444403337119063,0.02239750879174998,0.00916718804002499,0.02820637391283027,0.023684903182271542,0.013604366421936515,0.023605089530559994,0.018931473461240505,0.011182165652075492,0.014113058796670174,0.01683138427261584,0.014783114438569476,0.020966909337070568
11,0.04967246782843518,0.09565042061545447,0.03743664475827934,0.1395323345665078,0.008871800508848407,0.0293190608948948,0.06904574064397702,0.04137274414309083,0.02119091454196989,0.02595554987829575,0.04710385812690489,0.06437178792937005,0.0029039482341970684,0.10544839257071692,0.024507130044536838,0.030037499438169003,0.025602879237006552,0.11746752974993663,0.046658362004866734,0.01785093428454183
12,0.09102740711888989,0.034188057476442935,0.016114777908299086,0.04870345911602211,0.03851831161865119,0.04895583335052968,0.08301855889459052,0.02048707196446398,0.12078712334491344,0.06956046095506828,0.05024709016277508,0.09365015396321685,0.005774231464631137,0.03718547909727225,0.012152646372395022,0.030265534673784424,0.020341564238458214,0.15179679996213885,0.014497095957558577,0.012728342359898486
13,0.028395149814535364,0.05052733838268553,0.03457052275571403,0.038458533307393065,0.03684980319437031,0.022266441311571735,0.04387289073750736,0.038532028647638175,0.036607867260760464,0.041293520699730954,0.029506913824531227,0.043552085311174694,0.030672733210769788,0.044141479907359255,0.04311386944670302,0.048418966681380536,0.03515505137636993,0.020217875841161012,0.3055811310420444,0.028265797246599188
14,0.021036667901269925,0.027758409092653282,0.02909838094412857,0.027852315765130885,0.032179536759694566,0.010311166073159732,0.09058690229549643,0.060861629097013745,0.37895932233148444,0.018076189260362176,0.02403341594609641,0.03921034003486255,0.02681017930169251,0.05629616435250443,0.02732328299024541,0.01805484164596047,0.045183025145470734,0.01439264150129909,0.02154729981498316,0.030428289746491522
15,0.04957676632578469,0.083484238624526,0.018564390573245305,0.07627810547018796,0.027788949731311293,0.05530036074079884,0.08568124597314011,0.04284064823714688,0.06690324178659622,0.029187384845618287,0.05298162972532517,0.1659647471880849,0.0021047362461510464,0.042093672353684906,0.04462680838447608,0.036998282658471326,0.08397897054902563,0.013454621206344598,0.006235587550770814,0.015955611829309938
16,0.09478794211357153,0.06787765532258455,0.0175332593649941,0.05011941852544897,0.01597780465612809,0.015937505950775595,0.02818639301302726,0.006176053925283792,0.08645301545571547,0.027260604299231068,0.1698139222149156,0.05380798451135723,0.0022934275601542383,0.06164202132269962,0.09707287939949984,0.13338708116491022,0.05052928439095281,0.002563224593688038,0.003978258927116984,0.014602263287945004
17,0.008607405254914234,0.012353616699417652,0.01704624658453073,0.018805132939003953,0.015335277204508896,0.007484953407515394,0.01875195297732958,0.11156712760328705,0.016846158353332596,0.3216879224232047,0.17841622206037888,0.017884873985437894,0.016465366189343023,0.025030414697444978,0.012074061377805697,0.007642133834676428,0.010554595200310567,0.1525805426514052,0.013456215799778551,0.017409780756374
18,0.03215569301846181,0.01885476339011264,0.028566229270303178,0.021533974758339257,0.014712745242215124,0.11002794124681993,0.03166905107202512,0.10775336020892871,0.049894206795335586,0.02751829789321086,0.017978972123281964,0.3408637979061184,0.012436577047300121,0.015629783152590105,0.04712273080463439,0.03509544024721629,0.01736682617400306,0.030020690731670897,0.01617054785806084,0.02462837105937164
19,0.04292087203390695,0.08094258822511118,0.014713909022151571,0.0422928469072154,0.024262725634843545,0.07086133668324,0.06689823749074528,0.07626966371910864,0.0795835411740748,0.0440135509197131,0.062008360882229475,0.057570526844967426,0.003646800286595858,0.06520490936768183,0.05449910098350874,0.06723489612230453,0.06941198845705811,0.04840669650692647,0.012992365892670478,0.016265082845946594
20,0.009171117695939921,0.010688061885641932,0.021405499065124355,0.012138393144190315,0.22631296916166713,0.01063382842596554,0.011929648158915847,0.024820435310420608,0.01500403120877839,0.20516791644929744,0.24253850891060952,0.01541300666559708,0.007643464658879336,0.07016605631908003,0.010688429055582609,0.005103574134935959,0.019950152392302408,0.02574726100540197,0.007645306579395952,0.047832339772273635
21,0.11122294651914397,0.0228474730717164,0.10337493676032118,0.01019517622807017,0.018240636144941896,0.08918471291040059,0.06617198088690238,0.024476172442558317,0.03416725769613964,0.02887833306056313,0.015625856864025758,0.014331932315792086,0.09459588518275984,0.09781061086997431,0.02081040535598442,0.12723950317726632,0.030126350347815294,0.01586306544371569,0.01039588057281233,0.0644408841490963
22,0.09970866795149563,0.01643634238905437,0.006566142584070859,0.04817464034856494,0.021211183918323495,0.0527814753587086,0.06421521042237258,0.016347235087929818,0.015064774971289819,0.007441248530842519,0.06790558990325933,0.09898449009941161,0.022009335185643283,0.19051254210803545,0.05632579217337682,0.06888778589805547,0.05051037690536821,0.015066307281945043,0.01303901603447462,0.06881184284777755
23,0.06230628992981588,0.005636789410268379,0.02874033662477833,0.09165109894400265,0.004793942147921339,0.06048852293710139,0.04643296705990588,0.03479256618038356,0.03838556467607411,0.05606502561278223,0.0909799738619854,0.06771309287293059,0.06931558227846017,0.06109011771619846,0.021179997434839958,0.0863414750402914,0.06911164466869191,0.05124653753022489,0.0254455543783951,0.028282920694948376
24,0.08265530140462386,0.04840808962642942,0.1526218463780723,0.13075721890098513,0.011339380044751851,0.01669475967347705,0.05866483082539557,0.058895056427023335,0.017299791264951354,0.012121185779789588,0.1114560965623536,0.058795866340686835,0.017431409635328868,0.10212300520201882,0.0120928976445835,0.042667515835253675,0.020085759309529185,0.025906601400180362,0.009290654449011516,0.010692733295554152
25,0.01906807869915088,0.019144408229053004,0.022637193369917916,0.025655176688517606,0.2479810676855511,0.010214500362475077,0.2156214123549158,0.04423101907657156,0.02528167304691037,0.022523944618973786,0.02143650026364583,0.028870417838199915,0.03728554290449697,0.027411675513022017,0.00963603937390008,0.0185915079510994,0.02746490290220015,0.012486069529740716,0.07657260589390247,0.08788626369775535
26,0.027304940860266372,0.06061125163326884,0.03321849841061955,0.08128446449969781,0.134813155168481,0.030726850101749904,0.07358811902417847,0.0908711749516575,0.06031585962340918,0.025422266985999732,0.017069823014477747,0.059950288664864716,0.006507871856731063,0.023820219158475403,0.10336687716965773,0.03181485427401026,0.034953376659698394,0.010657238482204037,0.007518696510156326,0.08618417295039602
27,0.008948121630754292,0.055344303320217565,0.06510676327509407,0.04215427747288882,0.010335120869328357,0.0017520920812776084,0.018265469123748143,0.016465376961927,0.11732322129657544,0.018528022765699762,0.03757745515790786,0.09366899420150485,0.04483158422863668,0.07792787773027662,0.07407603132096752,0.13074974592271812,0.14482362778723337,0.022607174987381292,0.008238150246955005,0.011276589618907602
28,0.01855647938360718,0.050428978453804084,0.06068719944876141,0.022483508337499583,0.14490372909165553,0.013424861886873297,0.028986518918617865,0.03150007492736797,0.020907107721016834,0.013554984942634303,0.02871418331422717,0.025557061728382735,0.020641184868730282,0.02948078926305024,0.010868353898170598,0.021423060520773578,0.01663987792176483,0.014586335951841414,0.020868652792164807,0.40578705662905623
29,0.01870552112450384,0.026512526777782715,0.030992328541238408,0.03976301430597945,0.020583110257806216,0.017246822492703814,0.08521338581003808,0.04624722069322446,0.3985654211362812,0.01277603765962426,0.028484027595774553,0.06335128162961422,0.024897560966638345,0.032324708721223554,0.05021817986413856,0.014500838049217134,0.028957534925510203,0.014756586375693184,0.020111991121156872,0.02579190195185089
30,0.07288400367827065,0.03399023065186535,0.012113199050811301,0.0279975354270745,0.012624323676746308,0.027265473277305757,0.032740513691776496,0.04211754956133143,0.13304509573073434,0.05177840894547959,0.07652739312024277,0.034103812190594364,0.00952619440210386,0.10464206996153023,0.08959005033529191,0.11800557201500986,0.03579129607135424,0.06553510526026494,0.007163152177835478,0.012559020774376657
31,0.06871912953250046,0.18319889505867715,0.09698307247855667,0.02080124948699734,0.012983219288580983,0.008087685004581447,0.028211388285429774,0.053534028066010465,0.011790741365545082,0.007708473448154903,0.013416619685223095,0.23940903363746133,0.009891571156205807,0.031907997080381036,0.004709967585863758,0.09491942447286895,0.07092229122789329,0.007921242005859537,0.010999241089364873,0.023884730043844036
32,0.05049316048729443,0.09217503672805286,0.04878246076539664,0.024725516972529848,0.023395998687415185,0.40078458890468355,0.023635342321919075,0.029346821086380304,0.028820614421826218,0.01393308707367363,0.028655585029027982,0.02428669942166295,0.019939569957362305,0.027590557843844083,0.014507538279846022,0.05098985556172854,0.019042719373475667,0.025468584660282192,0.021273690776657188,0.03215257164694136
33,0.0362371893166747,0.027270339284846113,0.029526027529146643,0.026926977130853225,0.022332533578007158,0.013976601115588159,0.026757313688215312,0.31001965162789935,0.022824024465965757,0.035381869804987275,0.02211313756832774,0.03977615079857027,0.017508430677624948,0.03009401735676818,0.012486998860156374,0.05858808455603255,0.056367894896354326,0.15519398456818345,0.02912077245694421,0.02749800071885428
34,0.022099267186064805,0.012153083104172657,0.01397990509332707,0.022548830725038625,0.017077999458434256,0.005134490811236633,0.010275838274137129,0.02661053342051465,0.02135801074041733,0.1272394333037567,0.02607605480141837,0.01831732902203531,0.014156468716563007,0.10614524269232153,0.014314783447109914,0.08367490664399448,0.10542681403033798,0.13553089191993212,0.09552614613247255,0.12235397047671488
35,0.044441798456468416,0.029629897856116368,0.046605361392715684,0.4432662529248824,0.028611675628429534,0.029513373793357375,0.028924966272992868,0.02354541763639276,0.028351292196915102,0.013837746250109095,0.025935125277941232,0.023700318796386018,0.019739611076320215,0.04159258442290331,0.03416136888470659,0.01628490617135568,0.021088508105047258,0.04618502224694785,0.028627554704735665,0.025957217905276497
36,0.0387524730190482,0.12753500072761353,0.027998457201709185,0.027703058018070926,0.018390950976674664,0.010564375343038276,0.016346041385905064,0.13582069759287302,0.023508808269376447,0.013871952349690728,0.03670259253443081,0.01863225614804226,0.07183668250258506,0.019337424339566787,0.00816218641113699,0.009248122438123478,0.0638012364005476,0.2988927917485683,0.01410254835441406,0.018792344238584592
37,0.012759638570664106,0.08371676075094217,0.024298274652420862,0.021615362755503194,0.05695284085307113,0.19299882534354637,0.02835246595247258,0.01884850510784682,0.03356102869609722,0.03714816011334152,0.021108185106308394,0.09862067639915957,0.031398403803388306,0.036159346746164465,0.026021064359576667,0.0839530030605315,0.02584858889468909,0.06094265418869644,0.043753332141772544,0.061942882503807035
38,0.028360504956543298,0.03899640708385749,0.038416296029652415,0.0284303310639161,0.03223383735293086,0.020296762119847378,0.03273393962932112,0.06909140290749592,0.0482415220841407,0.02530462096145541,0.032544696954742,0.04737320557548912,0.037918465809953804,0.03092190843306669,0.3138264217760409,0.02110780388892146,0.06261105391203911,0.017199616194647126,0.038354818715536455,0.0360363845504026
39,0.11625402638786846,0.02040092471119693,0.19619871458095492,0.19945764964422869,0.027533465629674753,0.029216724782669633,0.04095602995307405,0.020007564693878654,0.03866387098887419,0.015498266508305707,0.0350113247777114,0.01910558203973648,0.006053245873852021,0.04003411577159043,0.01423703144682982,0.009096985294133877,0.07049722246784554,0.06550343172439184,0.01803807290483624,0.018235749818346362
40,0.04042232951216205,0.01429463377320123,0.08948402599991631,0.15854165630410083,0.029013137371597095,0.03858150585846831,0.03551574512228314,0.09087635889571644,0.012868480566953255,0.07053707262717782,0.011315322078059919,0.029522308865987997,0.07624941766955617,0.07539852147360668,0.03240256863471616,0.03524638734652937,0.0813304189412622,0.05348324230231299,0.007076077260929523,0.017840789395462495
41,0.4152172207401056,0.023920294948289806,0.0339121858689885,0.020004512924396596,0.019730391167130216,0.012535633589838287,0.033195891677164184,0.027065913384442548,0.02742089180498787,0.013304907023300706,0.028169503797663184,0.023143174517811217,0.040502992566595925,0.032018609422532686,0.01308761138450818,0.13160093683300741,0.021346401440326082,0.027083810290515237,0.03620704098678742,0.020532075631608318
42,0.11349133205902029,0.050734385713494395,0.013885703451122515,0.020112036242843388,0.015307773476589941,0.012449187902993653,0.019492896574663892,0.15494020654649876,0.05388588595809771,0.016128846922722432,0.016577486371832196,0.01238648938687553,0.009633626298770164,0.016721202877498807,0.1941026295125218,0.04998873722790555,0.11064964527397969,0.09433661255922961,0.01149498607058279,0.013680329572756895
43,0.09505762601078677,0.0392545771821514,0.009541296256335726,0.059625675544355126,0.04611901990360403,0.029761524836495162,0.050172054703391575,0.08950381445055913,0.017988900432030525,0.02793496371150792,0.0402799619227586,0.03904010085099525,0.005592840309878049,0.10302982280497942,0.09865772328752694,0.0843468334680074,0.05464293511535052,0.06324842142383776,0.005952823598958811,0.04024908418648989
44,0.31266568629114033,0.09502638345682007,0.012445264554939058,0.031997683494380216,0.0863466841770314,0.011254657943129496,0.019688046039889072,0.05878499440389202,0.023353799506510377,0.026846499646654864,0.04625171092498797,0.02040873521743969,0.010912621650035146,0.02570149958971122,0.011887086745862094,0.06244882851464387,0.04548772468849404,0.05169073557213597,0.023886997253013614,0.022914360329289396
45,0.010991626054616526,0.02979378826281528,0.013913612719026114,0.0161133697094785,0.15264820148366215,0.013618422732334054,0.03862788893034346,0.09204915436801113,0.020896724690070357,0.24699194130035504,0.13490221850865616,0.027548265151340165,0.040861389192778916,0.016309177097268087,0.00817317712567496,0.0059337943179402376,0.008571399961944077,0.0930259992781061,0.01581446673540626,0.013215382380172405
46,0.07132390750005661,0.041080520673356054,0.06655349475033595,0.032624752440547584,0.016891974311201558,0.05151910028908394,0.06925845699120009,0.039781618390346024,0.09264234633054287,0.049841263573581554,0.07803732527301303,0.07997644036434295,0.002243315625786302,0.007691899499505827,0.015356971306795617,0.09603016795416489,0.05365461002062484,0.03718412541331601,0.02882979152168803,0.0694779177705102
47,0.023404546956508135,0.03619772137863104,0.13502988797339058,0.14681093766644784,0.01615170289139781,0.012391883141575036,0.06628456685577516,0.007026610355501937,0.03149911677472905,0.04839990048041048,0.03502921920620837,0.04500131623178554,0.0030283719742053173,0.03103540243194883,0.025207921226136368,0.12237163898679118,0.07676224384532049,0.09533861327248294,0.024646772431127808,0.018381625919626086
48,0.027768834183478554,0.09873391783446524,0.00629126787232989,0.03177226179960354,0.04047660795857234,0.14602130500379604,0.06330487269182741,0.006415270180777011,0.1007356742755105,0.029731037836336124,0.09924076731906664,0.19434801047436298,0.003356862624823839,0.0402312020178232,0.02826343497749054,0.04458570813722018,0.004336251285294496,0.00881844375349596,0.01207280751212877,0.01349546226159673
49,0.030441034775946854,0.12915528592987474,0.033859464684298006,0.04131834019341339,0.16361874915626998,0.010846997822890711,0.03213220517666628,0.036396090833022365,0.0865457352398015,0.08774503404664682,0.03228385805368277,0.04051900687098471,0.02934091624527505,0.027026522022089904,0.010776803006536611,0.014818950900848511,0.03203459237969525,0.05880452265687158,0.0163262985266933,0.08600959147849162
50,0.054673943982012065,0.008290984449695796,0.20716719874513356,0.043064256968722466,0.010402582765887364,0.03634208619588065,0.007557726124257047,0.00643108812581505,0.08212886776867535,0.0572084282260996,0.08985040236619389,0.08334082115923311,0.018719803717021106,0.027388893273940465,0.045323101167820984,0.05382099694227133,0.0652399121821764,0.05200277858351472,0.03943348234061019,0.01161264491503881
51,0.03423363218040045,0.11930973415919356,0.015427864707039189,0.011434741860303611,0.10480264982186732,0.09457986155252714,0.016964847940141626,0.06024266404283688,0.020502183504717754,0.03272021332224337,0.05459275027934703,0.0563532239720554,0.00830872092601042,0.020462560673003723,0.04213673354454761,0.11707470786981149,0.09342854877679531,0.018627607914087657,0.04805333819930106,0.030743414753769387
52,0.09695877195782467,0.10089305847084191,0.01982056875486219,0.06718665510708415,0.010292372244303457,0.16288404013624413,0.026849911728021925,0.011722319606310207,0.05033261686749049,0.05237025599220697,0.08028199404001947,0.024807120555210883,0.004122300523577901,0.01383971269008284,0.017324684211878837,0.08161410502148991,0.13111727395960227,0.027291575678325575,0.009805111754856972,0.010485550699765256
53,0.012494899211363087,0.02309269993626702,0.019803544181800657,0.06025410495160313,0.02626965626856441,0.5430421092949346,0.01984544832397155,0.023520970410971113,0.024622027377630588,0.011613630409024384,0.022291387120436598,0.022783932030082298,0.014670225085590538,0.03402915745258219,0.022889185957912308,0.012467557259617018,0.01574950742267574,0.040295890166509765,0.025287930821685085,0.024976136316777975
54,0.007225815031093637,0.015501271125635523,0.008930259628375844,0.012993090130227437,0.403577810333115,0.007445380303853766,0.22473117583291732,0.01059460580347914,0.009556523522298814,0.010158898277273749,0.0074793877694574375,0.013078959878296811,0.004943172649068472,0.03095742947590486,0.020847838928876285,0.004352687582528438,0.008833619904558042,0.0065553403826694775,0.07031811765580895,0.12191861578456098
55,0.2438423800439322,0.014156317827082337,0.014523789865089407,0.016063427932908457,0.015267265506736667,0.01066977664067678,0.013978491445246991,0.013198807784885176,0.017940953420651447,0.006572297784161706,0.020489852814177676,0.010394263647773046,0.23134891682254202,0.012802111874302536,0.006357324453302615,0.225304822716546,0.018789505356083352,0.0769405246765187,0.018471008400854045,0.012888160986528832
56,0.04292251398292956,0.016328447949958292,0.013861758866656169,0.01752650511060861,0.014708316063290334,0.02869510371849758,0.01696667429050356,0.03358174932220801,0.016033458829053132,0.007359259209113354,0.025358161159073522,0.01208779800729272,0.24102588544140208,0.012836820417177734,0.0087575078205145,0.00724668927907425,0.027649317225140965,0.4187051719693437,0.024979955902794962,0.013368905435367008
57,0.02044545173384642,0.02113621244922721,0.01828956012618092,0.029734804581668682,0.0625946159096245,0.017137750798926033,0.016212077921817097,0.02795865577478886,0.029204662031679585,0.012257325063660337,0.026726225239197435,0.02305757866700854,0.021541841849648694,0.021316998634364828,0.011311793046090568,0.5623709652504403,0.009650526531575481,0.015304267947871281,0.0305094505009751,0.023239235941408212
58,0.028375774202561547,0.027022400577499984,0.029446722741249255,0.02542704651312731,0.030161974614909395,0.024926197168077938,0.018962158780067146,0.027268306640523793,0.02205940505295967,0.01929043504514323,0.022957694203763167,0.0278362347841852,0.019280073918861534,0.020692507665395495,0.46832190811299607,0.08782824647676844,0.017545112769326715,0.014675395678319436,0.03992795629863031,0.027994448755634425
59,0.012338602444425278,0.02369165686829674,0.020648429121997706,0.04510750057584103,0.02537722175431201,0.5805716646946086,0.019232078978644453,0.026158712177470938,0.03188915122362923,0.011150770164705497,0.02830812528439342,0.023831450124772512,0.010066284613310798,0.02083493793169454,0.0235427729777744,0.025724589941717477,0.013461138914312639,0.013695777437883524,0.022342939451619845,0.02202619531858944
60,0.14697472851940435,0.029342264861967306,0.022169107060288358,0.020856616334832424,0.019357931419455535,0.018120817823202528,0.014677721838049851,0.045808298585572366,0.030391297102362227,0.009205114361773622,0.02041338174613713,0.0473153870526998,0.007327348657788142,0.019721899090319225,0.017073693872362898,0.26668797532314964,0.07918481274431012,0.14391700228325122,0.019570796423450058,0.021883804899623237
61,0.19864832469421825,0.04493848115543607,0.03391810906466247,0.025333761479376812,0.04015506078722824,0.06308207364812912,0.03696818152248376,0.035314911419129756,0.03089740585190807,0.014154022237880912,0.14855046575899408,0.04037000827903531,0.02582929816351796,0.029039084111524074,0.014381302275039845,0.04447653511042244,0.07038167861601856,0.03604997379005562,0.022141878012413557,0.04536944402252509
62,0.02129383296097407,0.02547606092129644,0.028005588752861514,0.02977169506096281,0.025553869960288886,0.013730820157816901,0.039641906474928705,0.02788946337840295,0.4737742132182273,0.011895297574807269,0.03863427550294291,0.0450921234140089,0.031622600365834794,0.03952374498493958,0.029088675978554437,0.017832324072026458,0.03136838436260881,0.014470562808559517,0.022080565817027154,0.033253994232930566
63,0.00982133758216977,0.017951756997953906,0.01653726819641714,0.022711561130278043,0.12905462287302627,0.022836662866615214,0.011171748686934263,0.1699280095940636,0.01685298064276172,0.4200464873195513,0.018651935156520683,0.011280580413605287,0.028392884418965383,0.01801991521537112,0.011830224444353226,0.014037593947942531,0.008094412249266708,0.01996684381506104,0.018600172779507516,0.014213001669635244
64,0.11150558629529207,0.10604086139756755,0.012261630489340782,0.03997599708815238,0.023158034105339665,0.07668627695532253,0.025329366438576122,0.01951070643147446,0.012497329535301109,0.00833178329420153,0.042100207512574594,0.008405087734754775,0.0031280501588626377,0.16294310912684382,0.07222103576460695,0.1371183451899146,0.059243796447115644,0.035044860868957736,0.03161934321637988,0.012878591949421175
65,0.01358937157360734,0.019238072242072947,0.025632151042192915,0.022573737667824976,0.03773679436979708,0.04929995749292775,0.018972957082767725,0.020908912169262255,0.01993603492105046,0.010940286953629476,0.02326113213550732,0.01962446051840004,0.011120783396973508,0.019151127080085793,0.023131225101945364,0.011127968643701967,0.012577738430020614,0.017571217739120796,0.6056133430041041,0.01799272843500756
66,0.013701616468724155,0.043550738698479655,0.02438619205369131,0.027782618092555406,0.0279094954525332,0.016765205562364546,0.024444699452222877,0.02031806403965511,0.02470833832501785,0.386191249646894,0.19456084659344922,0.022535174688077864,0.010816848695712698,0.023765396032889317,0.0165248682117705,0.0327877870582443,0.014512330961064928,0.014702213149187482,0.031402676705530756,0.028633640111934783
67,0.06913757204049109,0.07739407440722995,0.018490893309259644,0.023766076408588275,0.02393976870886041,0.011083772388749073,0.05090671742736098,0.060509521588826304,0.023848138584163407,0.012324016878858073,0.03245291418266352,0.013963747676010746,0.007714320785087213,0.022304659089478113,0.008444186082333568,0.06483548117281257,0.1780763042730553,0.2548419502691198,0.020629597788900132,0.025336286938151778
68,0.012966590651811265,0.030001275677352498,0.1292363574928791,0.4770169100338086,0.022583189336411204,0.03567595244198894,0.021079657006979675,0.020089899403911014,0.04747942009582372,0.009304207006284154,0.025531402888465993,0.014644654619338685,0.009112564419952212,0.019664993715637766,0.024454148269746002,0.02059919424338049,0.012447314009558645,0.02075304160961272,0.025420880829809086,0.02193834624724832
69,0.014876002424656688,0.023013170383023442,0.025790909374397642,0.030734761777771645,0.0226257427928077,0.01855515264545136,0.019318696638138896,0.0426444955488289,0.04217161625730157,0.013028183033382186,0.027268265676697552,0.020425944580410936,0.012681086364886743,0.02856284652502411,0.535314797008377,0.03434005368667497,0.014886814101730084,0.020902538550792917,0.02771550531947749,0.025143417310168184
70,0.1258354588090219,0.012914459309222215,0.1412696773991808,0.027186244080947428,0.019445557410221827,0.4646091670245595,0.00813023814850739,0.010942677126282368,0.013645963782454135,0.0048801500156861275,0.017599749341166083,0.04934499449975026,0.003948914677551377,0.03584714670702223,0.01176510671023498,0.009993388004556555,0.005537811363126106,0.008412999327195064,0.01611563516935653,0.012574661093957119
71,0.007973577645332216,0.03303809737998779,0.014381270101235568,0.016978176913851287,0.049507887822263834,0.013800392505458779,0.030860008427902437,0.10844366827542053,0.015309250698500457,0.2810471943011934,0.06458269902074452,0.011041885059124434,0.0038242772652782855,0.01137506605578119,0.007484762241956143,0.019485792825693876,0.007739237310283505,0.018047509798844952,0.023484398082756222,0.2615948482683905
72,0.012758895763005476,0.08868086634831356,0.021726247922514406,0.020823650100663102,0.07816733266742935,0.015235142198262537,0.014808386642914263,0.051304104638533056,0.02608704691056716,0.274315159761224,0.05561852983036554,0.016782915727147248,0.023236219147766163,0.020513708202211933,0.020091840208623826,0.0094121075828384,0.019346158490048195,0.18476351004260347,0.0223006962176633,0.024027481597305073
73,0.046828395216552514,0.055865622889221936,0.021036268728071735,0.10007401273272884,0.07721140153924547,0.06486666532395971,0.05093515064667267,0.01795015396506114,0.030824195547085792,0.0075331455074554325,0.05346594440315937,0.015695322822700662,0.025579031003043366,0.0709627149479924,0.0072427004512426564,0.05135609111393335,0.15538567941783757,0.048026393203436234,0.011205228263388661,0.08795588227721046
74,0.054860031592184326,0.03421523703025759,0.03187447554222213,0.030205778536627866,0.03642846299528281,0.01753469422718619,0.044848470770636015,0.03472433341443651,0.028317629794361913,0.04011960062105536,0.031389200343048124,0.03293131444152107,0.3143399353082106,0.05001332561948896,0.020913880594459772,0.029096166494922727,0.03334845313195565,0.07630662938640523,0.022929252601216067,0.03560312755452113
75,0.03351702414370925,0.025385223192084375,0.060590777528153054,0.17948581402071637,0.1546889114793255,0.025724084629814025,0.042071639301647236,0.012092798082324087,0.010702771413539801,0.09497480363743081,0.013967809752310182,0.0812621436493886,0.005538647190596671,0.04950001233846813,0.005218418974800438,0.02440197101566804,0.005746924962480489,0.03271361958640256,0.018254426974616062,0.1241621781265243
76,0.013753419120632944,0.03112360440892866,0.027062166363040423,0.0334882069283115,0.024145583774853388,0.4990557920783346,0.025703013810844073,0.030578292973848575,0.03284076698955346,0.01189930059411112,0.02593166116371754,0.02224514773138268,0.01310182460795724,0.024713562989291407,0.03309714596910753,0.013877798419639988,0.014344133709435707,0.06269982929448416,0.032788160382665514,0.027550588689859448
77,0.04880838936059671,0.04215709683007619,0.008733577271398037,0.016751288323434317,0.020598157051799335,0.013407832476553529,0.1226085798629809,0.033452484063605126,0.08868815111990057,0.0969971628681369,0.06823145333033288,0.011169291623191165,0.005109227703660285,0.06528226350133899,0.12879859340595645,0.032728118380702255,0.007869526281819618,0.08868252276156637,0.006190836686462376,0.09373544709648803
78,0.02225397621008111,0.24113340390744598,0.018762425064179116,0.02094562303464092,0.014837781488086134,0.037409338504147,0.013125380573075279,0.09926258993312348,0.015968021701821426,0.032262379564051584,0.014990106351930738,0.013855064711190695,0.00720155157652598,0.010520418665776618,0.0070396692578373376,0.007533112916305115,0.2544281149103922,0.1346336964265214,0.02262952462289685,0.011207820579971016
79,0.03260909711530607,0.20266941462110757,0.032856792024437934,0.017230305207785436,0.013136060183869116,0.008719569947892757,0.01195680996592746,0.2106891757317414,0.027344033427044008,0.014472370063723084,0.14180196190727407,0.01191070585925715,0.006531580069744837,0.016254417002459262,0.008184450216641723,0.006693507914483729,0.013912835463748122,0.18448131255741307,0.014419596977280326,0.024126003742862834
80,0.01611882658946366,0.025071793211826662,0.5356289713204515,0.061030633070671025,0.02712561811935849,0.03758316729231731,0.01694247939995453,0.02401946327098713,0.02651846248045647,0.013523724948121301,0.025359124800857506,0.0406943514914768,0.010331326226261347,0.02252208639448072,0.010243588552900827,0.010265687939034195,0.011952018375358718,0.039898030464793566,0.02705873186204088,0.01811191418918735
81,0.012045541795581023,0.027948026946297517,0.022148018315680744,0.02267916276471314,0.03629085022641622,0.012280316666574146,0.02595535746228791,0.09961614670090257,0.022806249437093102,0.5135640810746598,0.03372212318173421,0.023004390136783032,0.02480440782820184,0.026118025122113146,0.01160207252134408,0.009999347081359392,0.011112323914050757,0.014882287594184947,0.02659653640792242,0.02282473482210008
82,0.031145863235103936,0.03707049810676206,0.025420445737853077,0.060824334374499196,0.025661554127372494,0.5155528813643028,0.023974613864365692,0.021819567680568606,0.0230511899387033,0.010125568136050957,0.020921236462060695,0.021455166640880277,0.012939252250031766,0.029178952762014945,0.04005330955352486,0.012447304316009227,0.01882431900470433,0.020663819880984313,0.02897917041834913,0.01989095214585826
83,0.2583305583589074,0.42193353983257614,0.015378084254361097,0.016355672352719026,0.02110846838953433,0.008990683440904939,0.009915309700457701,0.017481276422425553,0.01582488899898184,0.005313491217074883,0.015357975016213223,0.016307302615930084,0.0063567870552948364,0.015262852705789018,0.029726997531608634,0.054539180333774,0.023730038946009988,0.007528098946017428,0.01680695783362547,0.02375183604779445
84,0.011643143344150463,0.02368184614064574,0.028995065059509672,0.025694016086475584,0.02268687244182276,0.6128233523621605,0.019182644998162884,0.020921067672894735,0.025037479259998555,0.01391880778811464,0.026072202637375246,0.01951281774720185,0.012325075329143644,0.02588602374654148,0.00962559912039433,0.02646592139328668,0.010467218238213633,0.01448792961953574,0.029710549665565817,0.02086236734880613
85,0.02860723418831588,0.0344187302368013,0.030046381078103798,0.03924175790615331,0.039718181442771956,0.02426979810127865,0.04773683234138455,0.04563475041165253,0.04468815926586851,0.02983768084613399,0.034351576916792054,0.03164344401541753,0.046800944899572004,0.04755705880186595,0.280880728308364,0.029146902613462526,0.061187569031590866,0.039447405804815774,0.026071799551337784,0.03871306423831696
86,0.027544520276848772,0.03686698095754817,0.03706547569040423,0.029533407413673746,0.034824157886577826,0.2845137873525706,0.04850981852978927,0.04797063023477045,0.028153762080515163,0.03496999217839519,0.046978008458947194,0.04066063918543623,0.029587410759661908,0.04466760780338898,0.04146796186781748,0.02649195992393784,0.03227953443491957,0.04178539013828725,0.04121392032590538,0.04491503450060477
87,0.010649508706038336,0.023890589468854077,0.03634296697470193,0.030161596297104427,0.03218603581101225,0.5256844762583339,0.01736310078789657,0.03273001802653996,0.035710950945594705,0.012077036154150681,0.03395344116736459,0.030573834496192314,0.007567830575986602,0.03175864302372264,0.00988288264167714,0.022858914657611744,0.01719010446228639,0.029233147601722537,0.0316998819574505,0.028485039985758784
88,0.02161405547805585,0.021267731238339225,0.031048330849219378,0.03084361388085399,0.03281986526384968,0.01959394620736743,0.027567852824735842,0.032379668342846966,0.03181733497043491,0.013236067890013086,0.03054498962339735,0.02844748089135273,0.011424539109951348,0.025588604924114695,0.028778237036355216,0.015095608241986844,0.01956914412509877,0.02303375528967899,0.5203869342528891,0.034942239559458584
89,0.2185210347314993,0.21644341902425307,0.011190983333220732,0.013671954315582852,0.01077120280276501,0.07981959896855248,0.008173390159533798,0.00998720291234319,0.02055803184045434,0.0053824697900466695,0.01505609547841419,0.055252506482374064,0.002930567158986232,0.016501352085101957,0.005552574736877577,0.2500802385438365,0.023031398392159175,0.011272357093177587,0.014989167433887328,0.010814454716933937
90,0.006258050082818488,0.01892120530018207,0.02544683808763785,0.0169557210121687,0.055505303932162145,0.00849977436633646,0.0323805222643429,0.012927517956192137,0.014575817332251531,0.009316105327986888,0.012738570755254443,0.02040455612950759,0.00957370851257081,0.196891055980187,0.005876669354589775,0.0042276763767823055,0.00713468834419433,0.009136066305180426,0.16705133533865238,0.3661788172410018
91,0.038066527290006584,0.03736159368712882,0.026146561426232375,0.03349033251493958,0.03360983421512184,0.016024628108125466,0.05248797772781503,0.022568241727920203,0.02959485724136424,0.012323372595019243,0.02841636648977244,0.041718864333485636,0.011992224470925421,0.027969628627425594,0.015659297964181453,0.010966501604670512,0.015792068232521744,0.01711695855082634,0.02899548442156692,0.4996986787709505
92,0.14463877725810007,0.11392038453574005,0.006010417064158261,0.008571480823814395,0.011696105568044431,0.019246283286883614,0.006964830751554058,0.023941609972115373,0.01068962713462013,0.09792261097706335,0.046132055523283526,0.005767509410102105,0.0032745764139520575,0.006731725134821262,0.0038508591252814015,0.11925800382655143,0.1573546971653983,0.19677065849970501,0.010151606425072462,0.007106181103738737
93,0.4166363281281706,0.039054083243343286,0.04175974902861917,0.02568895202640058,0.019762734269432928,0.15089527944154874,0.010793459383120731,0.021509988162046887,0.02145986469645534,0.007864496511212774,0.030289590057764774,0.020151236186849757,0.005648541351115708,0.021029555765619257,0.008037423295864446,0.0657287899945658,0.01162250194412411,0.030603594946898967,0.031034107812989636,0.020429723753856543
94,0.0424110135410274,0.1104721966068449,0.007252491737760741,0.012658951962048323,0.008483007182364255,0.20641710161305854,0.022889329765604382,0.033396992276379836,0.011227199478899025,0.0029639680471924114,0.010116892826230935,0.020220533248903147,0.0020538808928450975,0.010586285949528037,0.008001524827861478,0.12125094230015693,0.31857323719705516,0.0309224185053981,0.01132988107188433,0.008772150968956912
95,0.07905925141549862,0.04580833108677495,0.053639047963466545,0.00823356109215184,0.0076400381177049925,0.020309279683801317,0.10007095594383517,0.14834219947481955,0.011250380772087629,0.11190978802175189,0.008582956448480599,0.078630666883611,0.0030837223124470566,0.04769620646779782,0.0033121544595015435,0.07537693754939888,0.03524959759630854,0.05846265823473403,0.08027210100277536,0.02307016547305265
96,0.06650772616663653,0.022694594022297437,0.0042012446396070355,0.008477807998814802,0.015131749370005483,0.00948944630532778,0.04023685477843942,0.04778962688921805,0.10052289985794587,0.03266951133082578,0.049692319547836226,0.11078470872927099,0.03094707872443099,0.06822974238957871,0.14074726435345042,0.09185238315916042,0.07242559538806263,0.07554244824494998,0.00781330923644308,0.004243688867698427
97,0.025913735197497505,0.026466869283585145,0.04312430099235971,0.051668455605642476,0.03521764311109352,0.016165954495633614,0.057740455489252926,0.05338992440051934,0.06994517957344801,0.26234451638060424,0.02526639714085474,0.04367411872939542,0.022252749873241686,0.048141875039579736,0.03564324595469939,0.009752382182743337,0.07837386956537788,0.014545044257790619,0.05411519050599446,0.026258092220686223
