site,A,C,D,E,F,G,H,I,K,L,M,N,P,Q,R,S,T,V,W,Y
0,0.011070411396627126,0.04926924579695155,0.025597646172255326,0.02348827315555138,0.016770303151837064,0.0330105136030416,0.030725640493529625,0.017389800077364213,0.167099412095844,0.006800327052007033,0.017181613566930924,0.03160772126810293,0.01573528088143329,0.012630183075432918,0.467069086121647,0.019163372324900063,0.013978909648842332,0.011091641343429444,0.011040815140208127,0.019279803634064088
1,0.018070677449490497,0.017686860533030944,0.017277280715271768,0.040055647089722604,0.01984209692271548,0.48129195018463067,0.03623831514161018,0.017166877189802372,0.01888877940343892,0.00985232275645057,0.018625635412412682,0.02829772437408099,0.05242096908759575,0.02546078809426539,0.10761186818203784,0.017865582100003757,0.026732291082670757,0.008961673808962957,0.01090040033352398,0.026752260138281844
2,0.008064882620995738,0.03841456758882289,0.04507511124362602,0.014818509245757772,0.012033885342134842,0.6959980779917925,0.012539327132636094,0.014062612401346238,0.013971176871150104,0.005289973213398631,0.01385003087474272,0.013391680431599459,0.006569002777762024,0.015164288934462658,0.004988487264274604,0.03769414352566375,0.008341005189110086,0.01629859722187683,0.010035801929751054,0.013398838199095986
3,0.17926742119263514,0.042360097350950476,0.014557320540037524,0.053282045193258236,0.015353275306581154,0.4843950577004789,0.018503851725436515,0.018103492329404152,0.01481357286371352,0.006516586261354509,0.01718242767142384,0.01852628136824894,0.008652727164785707,0.017244679126334032,0.020838354636034187,0.0069544471349505315,0.011335278434298952,0.023642615808996275,0.009156657883522573,0.019313810307554784
4,0.035900140398236996,0.08285366847067403,0.05811912971899992,0.03183667103544377,0.06181635951116527,0.049578494439647396,0.03979297439732214,0.022316733482030334,0.04192256655685415,0.06006036632708657,0.037713470494529826,0.09026561917595587,0.008151366732196545,0.09875144712853429,0.06619157542342256,0.0610272930419064,0.05415538514476261,0.045505786318897685,0.023424077279213106,0.03061687492312053
5,0.015985151464923752,0.13533358805433296,0.0109704751668136,0.02466161048947162,0.009778710104588443,0.571066902241031,0.009143460491104495,0.011344051065418269,0.013263232368334233,0.0038475159680888323,0.0130486394242042,0.009269314998423877,0.004859570962884867,0.011342514764232198,0.025626619391922758,0.09861237506837374,0.00443474776835231,0.008557611271027474,0.0075219521727520715,0.011331956763719314
6,0.056310526535549,0.054208595238916135,0.1314027287341834,0.1976184342643993,0.042500194851002655,0.02872372583091696,0.016747961593650697,0.030010700221706998,0.029242174148439902,0.01074814274310037,0.03373836948468471,0.07759691471831882,0.0020758605032870927,0.050400917176005075,0.0037638710998414175,0.06469518777733937,0.038015621220051386,0.0211698265113645,0.0671120282962212,0.043918219051020994
7,0.032046120551299906,0.0416016778571543,0.012816581656343163,0.016193681801561,0.013272189883327661,0.005758206584910019,0.014187279094238803,0.03459860942666862,0.01533561319769349,0.005510223895006474,0.013885288407464327,0.016648976811844317,0.010884371604537379,0.012862735004951373,0.004324322271822437,0.03246298053623865,0.675338806194072,0.020192590697463656,0.010564312325342409,0.01151543219805984
8,0.00252005311684087,0.07179159171982098,0.007311011129794819,0.008695633263253143,0.005941006639917622,0.008350187955433587,0.0053055083446796,0.20634239667485563,0.0055230263888960355,0.28000966534814264,0.010559402457168693,0.005798922234140915,0.024154472160713314,0.008814035562139963,0.007006020639793431,0.01064596141314294,0.04368682186432396,0.2769417166567547,0.004696914192658157,0.005905652237529035
9,0.006771239131640435,0.014544165106343624,0.01603207520078681,0.03638955429560691,0.014093929145227543,0.7072956264168458,0.015267901604523041,0.014095462980142089,0.018290905700752425,0.005941823830548892,0.023571202566810074,0.02029264675402704,0.008168958949625061,0.020659798934918455,0.021286772311906132,0.008067194633120079,0.009154326439039148,0.013033413513188168,0.011187092590928361,0.015855909894019873
10,0.031234316068719944,0.11754150252956165,0.07185425974782172,0.15256092934681975,0.006716313553742583,0.015931520459805434,0.012952106957733214,0.05373314747377318,0.01351094861791527,0.018437399747451476,0.04284014569898153,0.03483635048295054,0.0021342262064289537,0.07192578152789726,0.05165377889259113,0.03182369930172779,0.013866093777283567,0.07222491871415283,0.11831736862146668,0.0659051922731755
11,0.10980809755654536,0.018907667052656757,0.01578790497613132,0.027612762977016304,0.01841682340716431,0.019669094605150424,0.06193960046967236,0.019684291846575563,0.21395491208872977,0.13721096571226404,0.0681556558221015,0.024543020914020976,0.006254958736874285,0.03923890912579845,0.03742328473325362,0.015051855125841056,0.05472701205965572,0.09301711777600331,0.00751550669168325,0.011080558322861608
12,0.022487580749364265,0.05212928807381993,0.029320129623532098,0.03903994312632049,0.03036503625504493,0.02351289926045656,0.04299913964246084,0.03294885959502984,0.03215102883779048,0.05318066522440455,0.02636593813430839,0.03982174215697746,0.026080667381961443,0.03696070614800911,0.030773812968305867,0.020351877541753164,0.032059596205798985,0.013740003512311257,0.3460227829695842,0.06968830259276614
13,0.011611611265878228,0.015627399665903995,0.021491494146659358,0.030883820720543183,0.024015990840258558,0.0045420656339537615,0.2376994102797431,0.05458406329020166,0.2739825565004414,0.03644677639956491,0.014452315576370837,0.03796403766035008,0.015755856579004645,0.032806041564994,0.0288990544846213,0.06802890206121111,0.04984314523979223,0.007765513202144464,0.01156868603892299,0.02203125884944023
14,0.07211264785769217,0.08384927774319217,0.03394371281904772,0.00784600720586732,0.034478711722833455,0.04254645596242641,0.06664785990946286,0.10728522487360563,0.014752272692119206,0.05169963410493559,0.052754733835416144,0.11556346153180524,0.0017631825920478236,0.08353730525825713,0.01651565529836565,0.07701275051483525,0.05003799682842212,0.05269398214454949,0.016775336634891082,0.01818379047022754
15,0.13166233041581735,0.026998135496563047,0.022034219732935362,0.012554379198908248,0.009595185810690672,0.08081013688912622,0.02317206543883224,0.03457802607309413,0.08827734041249391,0.04871700855281182,0.04263755128567151,0.11221165201070325,0.0017003352011103025,0.018699616965128923,0.13919435531556507,0.10046389906778809,0.04951757539693884,0.04549474298127417,0.003336645507212778,0.008344798247334058
16,0.008220189603618127,0.011659136969638592,0.007994278450912301,0.009627893922067556,0.0074546063318319256,0.003206973779389633,0.011390997967123454,0.12018398022799974,0.009259102320441802,0.22043256901219097,0.17889327954208706,0.009549291542797236,0.01353198312632148,0.06921602033832612,0.006040571463994163,0.0032722634689410874,0.07413135447902733,0.2223643541351843,0.005416406724147637,0.008154746593959506
17,0.11028809476184112,0.04574253405539477,0.0278277204779635,0.00880353056882714,0.027684733342604313,0.13470556147018284,0.057719063762841326,0.01963250128917507,0.03525842439516521,0.0355736113048243,0.033313699090174814,0.17285073309506724,0.004336374071593382,0.05575748286107281,0.03564747816279399,0.02902974556019583,0.06654439504633618,0.06286176189987353,0.005683201381996055,0.0307393534020766
18,0.04711689845525809,0.08128461476591799,0.03440523786833792,0.04514324228365574,0.02436050536350529,0.03777052988868214,0.04619976226308879,0.12294626466573184,0.014707133294403422,0.06708578321000117,0.07978957884008023,0.06578480688442809,0.0030777074524098755,0.059244222763793986,0.031227194967506824,0.054439883359108536,0.06329755671917775,0.0761932262385953,0.019811016088461406,0.02611483462785564
19,0.03794931843558384,0.04299122495698932,0.009046879277765256,0.004016452803830575,0.09806401429798804,0.0031894619835733584,0.08244511541278228,0.1359695115046221,0.05038201662654911,0.1518601593395842,0.11789474489545695,0.005187945168581637,0.00238348387251237,0.0750470587487505,0.0012328883147844597,0.033201854784542136,0.004792341505069067,0.013155243941789116,0.02691920468945657,0.10427107943978908
20,0.1276699407905752,0.09244441606574844,0.09037527865666897,0.05916995572981894,0.030110961977634916,0.08212699839656612,0.02492737615918663,0.021316221358694036,0.004766987217308525,0.03922127593481489,0.04579233789203354,0.021540608837015977,0.033867752726914446,0.05182410694418234,0.0010812467196617281,0.06308633502955603,0.08082600520276123,0.029714391698190765,0.0031373602906827587,0.09700044237198452
21,0.07709675242478893,0.003822126383119155,0.008980833496716781,0.008885763810883244,0.005947864591753765,0.15741696241649805,0.07206590940278103,0.02494462286664669,0.013222266859853707,0.010228712959051613,0.01816447871952973,0.059769306576512915,0.13196896408535397,0.029157885280583138,0.03220776802813726,0.10097151134847662,0.11490069814327651,0.04700131741537249,0.04277176550219722,0.04047448968846712
22,0.035531082060693345,0.008727984777278342,0.024684154968224896,0.04395148378243628,0.06305480344564178,0.01495064751983531,0.03597353708796259,0.14132979186459516,0.00398470377118646,0.08963642666220789,0.08825411605731795,0.01431783781319011,0.1713571929752411,0.017552526290862843,0.003831470913084761,0.014132537343010582,0.04722919468869481,0.08409596905895987,0.04988202502719312,0.0475225138923828
23,0.03848518361685322,0.0419953225005911,0.15290581102467485,0.10845250921242239,0.02650790945198172,0.06935951367323713,0.08423945784646777,0.026705572813004928,0.014055396962912912,0.01586425311006255,0.056509828622505316,0.011447645316250334,0.02326994501008787,0.14136184619338002,0.014708546196209517,0.03281639079566284,0.03583852549704073,0.04370261562396629,0.03817394067546777,0.023599785857220803
24,0.01551945960434729,0.04165658081597984,0.02398304390233901,0.02139808315005719,0.32631314910877596,0.008455033017075422,0.0357076220728809,0.062042600544674836,0.018582472863556233,0.017486132105114363,0.018710068245981478,0.0265010948481297,0.03267800468971829,0.02310224005632718,0.0074130555808774815,0.013543549216009098,0.027308840980009977,0.020121722222470037,0.09279240105732135,0.16668484591835434
25,0.12197467471242726,0.026207569131364846,0.029225169510371005,0.018887064897416803,0.052118101194963365,0.03308150277930915,0.09584213758698641,0.05960370920159797,0.009863368705602461,0.12791969315148166,0.0717867417218758,0.04049433289120845,0.003691368220859753,0.05647138475721207,0.029465209658550442,0.050476163181411446,0.05940297296262602,0.03440067748166502,0.0020147746952787825,0.07707338355779128
26,0.005522601481671764,0.04093887047256343,0.02572446095498748,0.006806304832160784,0.03195565710919317,0.0019767308980903325,0.02818396251187891,0.02445028574946477,0.04915460051265686,0.024070257695124688,0.1028998910646555,0.16242074349580754,0.03929734535715648,0.08958302596738695,0.04890326769635319,0.1232921408618292,0.15367970554885213,0.028668827652732456,0.006814129613980669,0.005657190523453673
27,0.00962447421877785,0.0432049378328836,0.051071442761811574,0.01185208384939545,0.4434653568281761,0.005328162460169237,0.03988687773288337,0.01897066941926683,0.011220883551345321,0.005737625463638488,0.028205667232909723,0.015157331803850272,0.010509468778937636,0.017975207488187275,0.004765293120011011,0.012669981055620812,0.007370823169360241,0.00709448734552349,0.009619254776231307,0.24626997111102045
28,0.007103322268421668,0.01306075719110274,0.017294352399240494,0.03341511080543234,0.026491496497742906,0.008003639695085421,0.11370799788338493,0.06504527912201857,0.22860131239777373,0.014402092363159756,0.016568855903022688,0.09489864196479462,0.009628666342454103,0.057085059689780414,0.1710663426175545,0.018753243679577675,0.026041927307681737,0.04252479929042319,0.010467225321115804,0.02583987726023272
29,0.10560849170351362,0.014915105632789397,0.011108033603434743,0.027494781894051037,0.03029702712477394,0.033002587987219716,0.014534866961918183,0.0363347096615613,0.19524228361663468,0.018376801188612634,0.012444312978431751,0.09364281532956859,0.008407430716040764,0.06946874840697671,0.1487032657192921,0.10541876921663358,0.024863935211426155,0.022499189649566903,0.005703667872811907,0.021933175524742252
30,0.1585296387686745,0.14600866097431311,0.018155871377286106,0.021582259200866982,0.013559271615236597,0.04479311192545558,0.04397156105253774,0.015803910465829,0.014760508204777232,0.03113057570296118,0.016218340843282508,0.16849749045356346,0.018283809054103553,0.01680348945156405,0.00884319784574681,0.17909154226255258,0.05280452811426917,0.008777125397950699,0.010249354086819804,0.012135753202209344
31,0.12957472779978557,0.028913298554358174,0.022831009256894175,0.020264420095525513,0.020150441957554843,0.4364087085879345,0.01893536730283749,0.021989252208224702,0.020932600057236,0.009856681394539882,0.020718501981777167,0.09503124672878431,0.013740496471620052,0.023882875913149682,0.020981183936196048,0.02824722977976305,0.013407269087868826,0.01322557598518461,0.01730148181962038,0.023607631081145008
32,0.012960377013817729,0.1334258981216188,0.024280736484515262,0.024404145453334906,0.031892521903320904,0.009575192894652869,0.019060174921763214,0.3357172953230376,0.01758578556667065,0.011516718899252718,0.01605015402852321,0.07260720853211691,0.013148534993870465,0.02396694353642898,0.007988234371760626,0.027555465188772586,0.08677568555991365,0.08843451108880229,0.02167139613817416,0.02138301997965246
33,0.07855323800668353,0.011694950693468834,0.011201275457761284,0.008706129119638634,0.006705744082496702,0.015802423414613426,0.16256268021365758,0.034624727543508566,0.010347886822435886,0.023751502336312038,0.022182735391528464,0.027048295668274852,0.025328956377357544,0.08417289344937423,0.03328125047750842,0.06953034017224831,0.14017727593461157,0.030837025009005883,0.10196410611549564,0.10152656371401866
34,0.012227200834550657,0.019424059486531437,0.18197860900767723,0.4212150500797352,0.020319883944281213,0.04679590943384852,0.02070693955930672,0.01788847499996414,0.03026544731687135,0.008082342760679071,0.01853459924455316,0.01549192490032856,0.013655839211675215,0.03936161676147923,0.01116922427907989,0.009473221435133692,0.015205771002926272,0.06083051837085655,0.018241674466581235,0.019131692903940643
35,0.02766852296794483,0.06874279683107035,0.024695245821302707,0.014576407626505866,0.01594362507787579,0.005891154303511046,0.013071691422902541,0.19396251111053406,0.020260356925832248,0.018027849314424346,0.015694968469573696,0.015286657630993726,0.019662572293527688,0.015547513344325017,0.005956914840054568,0.013153405613190441,0.1013555087113233,0.3842348971015181,0.011977995095625913,0.01428940549796382
36,0.03304771595546004,0.06565614426009103,0.014715834223139268,0.012533970395353342,0.0378119456247208,0.017454127032969346,0.06798654570415065,0.010148024940833698,0.026378271032158677,0.049611050215316664,0.15549792653311184,0.12202731386938571,0.04460872019483187,0.10195667587775202,0.03125084067471136,0.019271894234522337,0.09099384725226682,0.0583692178557914,0.023376246101968347,0.01730368802146482
37,0.026759462458029702,0.03473189643295904,0.03137372479069283,0.0227229849616076,0.02784696104124115,0.022255958882363352,0.028153163671564518,0.04009562237459967,0.05866823894629944,0.020847736599155748,0.02709867566618077,0.045991857001657026,0.033616051679398386,0.02686125649863942,0.38027943362390887,0.04487623728743545,0.04453277859409372,0.012294074259041301,0.03954590718184887,0.031447978049283114
38,0.08977094614545576,0.019121259481431774,0.1008330206458573,0.37181571730214613,0.029827869659308788,0.03647568159875089,0.015321021637123018,0.04196651643860421,0.024924661875533393,0.02518368631260409,0.018301190651309564,0.0562214175593273,0.0065120497714086555,0.03320087359083479,0.007847453291295471,0.025144655585752823,0.036201001844529984,0.020580027600759887,0.020947616521067112,0.019803332486899104
39,0.05869767994237492,0.01361194615743347,0.12151643833411253,0.2987387834927956,0.02091203333649183,0.019156029400934898,0.01794256639131109,0.03293691729640343,0.023700535723935486,0.02510157428114034,0.036581530002135716,0.052349254142723047,0.06157489271433758,0.09902348540256346,0.005052302704100883,0.012597570308332157,0.051531402366042915,0.030766171204961428,0.008125288174642144,0.010083598623227089
40,0.4687757295260174,0.0175606712163004,0.06486695928977344,0.014026974483318258,0.015009222983768165,0.008057732036526872,0.02835269556482021,0.025368120150379134,0.02205811780048466,0.009987253255754298,0.022817525402789716,0.018754110256991897,0.008941396695403116,0.02302811725978158,0.008876951981603437,0.11812886514570789,0.039802423460891634,0.044875694825268354,0.02596091488433376,0.014750523780085763
41,0.037404239859208266,0.011093819381069604,0.006874240166674561,0.011015513890624058,0.007828799161834784,0.0051088543200136964,0.016931276416852555,0.057452155760522296,0.1506129222494116,0.05376254543502312,0.15714205524667044,0.03887430886177167,0.004895417580691185,0.10554518937803548,0.13499624454971107,0.022181177746178837,0.0549782307641377,0.11051942881478367,0.006417060790136079,0.006366519626649269
42,0.14067713544878185,0.043768742839749936,0.0043176694325469285,0.0076897704285487705,0.015235988739606028,0.021883295461757612,0.055273446848997515,0.04433073819294269,0.05462338633793576,0.06166857094834851,0.05251915066347342,0.1657386852004311,0.002265362803813144,0.1281919890679356,0.06693201889826318,0.055846467427468155,0.047751108270303246,0.021421224995215545,0.0025473084657306492,0.007317939528150313
43,0.41207320532424985,0.03232725087397834,0.02156367986299327,0.02783526306390392,0.013889837784036933,0.004887225651378784,0.016429025888448724,0.02732563952771626,0.019456181508634263,0.022742956661090736,0.12415369181980346,0.06475767104001748,0.009484873074481887,0.04586760908998283,0.009991401931488767,0.03552487094757279,0.032671133853719475,0.03873689535672328,0.02138014670115186,0.018901440038627065
44,0.01112618455348784,0.01597425189966614,0.014626214458117789,0.014864868454670435,0.04881775137824001,0.013759540322242898,0.03384208267666116,0.12842642740641183,0.018239817593273224,0.4272841263155124,0.08459156585399089,0.013676661940304868,0.05164880508379196,0.016572654899937964,0.010028191948818902,0.011028138260859598,0.007317022157642101,0.02444964725177179,0.015360282978143843,0.038365764566454415
45,0.05671356885954216,0.06122066291018042,0.057271563951626706,0.0255826488790899,0.01405073907325396,0.04013580127901653,0.06871578835969387,0.021408091084158212,0.08223706992045914,0.08939123176693761,0.0630196394670583,0.042408837618137525,0.0011582981736482185,0.09966489274301807,0.06123562724543964,0.04816485612393615,0.036841541360726385,0.0378790067625335,0.0203233238338148,0.07257681058772891
46,0.07777149248615081,0.06182261910365822,0.13489314461548718,0.12827751899102383,0.004502454573935556,0.03010482436365167,0.06024193705851434,0.03172666159311069,0.006481296207903055,0.018641001754696105,0.026890077955512265,0.03042024846560736,0.0018822262244003048,0.20567153518900846,0.008298231194199649,0.08806308770893559,0.047623937978099926,0.022260865242847427,0.0053389363503852484,0.009087902942872332
47,0.03398113268673237,0.059313463138249825,0.007476664615864137,0.03525551151135558,0.00921139481798162,0.3182501430083579,0.029314968118490697,0.008832700627549388,0.0569429309246703,0.01744273740930795,0.04304840407333359,0.1867158033494462,0.004213056417865276,0.10383067913254376,0.026863501764992692,0.015938016709640318,0.005500376826449223,0.015033874900555267,0.014157993036268905,0.008676646930344983
48,0.025676996474557665,0.05743341278943234,0.031428160357131904,0.06711331123835713,0.034151640360031106,0.023367494769526403,0.03499193241921759,0.035825842442302636,0.024965929774895108,0.09021185415287516,0.05169268932995098,0.09750404625679696,0.03652586197658434,0.09088515068986078,0.01362344485846378,0.01795183127949562,0.06951571769747229,0.15142653160386377,0.01591702859582511,0.029791122933359327
49,0.03977155188332463,0.06190965208234479,0.07126090210330642,0.01226528951124612,0.08762524482645324,0.0224552159221793,0.029732445794513045,0.02632731274352217,0.06844640985015794,0.07935621847253048,0.08312295134426989,0.06980082854416428,0.012659980040549985,0.06282405203937418,0.04237554706420061,0.02197716374061317,0.08351167785843602,0.05935592939157593,0.04646051357810436,0.01876111320913345
50,0.026954935328421085,0.07777321142265911,0.14254690805833645,0.049629733546913135,0.031014681033536978,0.01990916629579263,0.0724075472286877,0.09613189993817634,0.03464589133130369,0.03136687698796532,0.04068379975570829,0.042207908618359394,0.005482859786338679,0.038249518024055046,0.00953650111130401,0.023317628226813172,0.08785950991484248,0.036500839981081154,0.08055144991552768,0.053229133494177655
51,0.24177827886457293,0.054228266380752656,0.03303728817824119,0.10626187170251986,0.017413936541538742,0.21531097734892338,0.023742968017950783,0.00836220277801318,0.013895000521310237,0.01398846291628578,0.00957514367799864,0.031587421764712166,0.0030943979427425724,0.020101726024757495,0.017085127228789482,0.11391761154703797,0.03876645244387763,0.02222310647668332,0.008509388170237499,0.0071203714730544475
52,0.009776859129792924,0.0208762727547839,0.016307405470681838,0.03731586356680077,0.018553229336783716,0.6358038661794018,0.015714406969649757,0.02107236748508383,0.02083415803479634,0.008212442853790787,0.019900037931329915,0.018573306520040654,0.01072999301613985,0.030764144042397804,0.03728905935513085,0.008956698255090973,0.0114466174440634,0.01494031910664321,0.02201409920222606,0.020918853345371587
53,0.0028724637112412642,0.01356637768156035,0.008497889178081681,0.009339399195954709,0.30759141024505415,0.0057024752221013645,0.2844520339952006,0.009561585807708372,0.007264551193721624,0.007300583215145701,0.006873416640627443,0.004613304074717865,0.007507947531407043,0.011033636814776667,0.042380923563391806,0.0032287644296913405,0.0032731859928395385,0.009446682825345684,0.0709676588625372,0.18452570981889557
54,0.3008918105563928,0.062225845692603005,0.012994418288424106,0.01329092289712368,0.010119639283041939,0.014104609758533997,0.010251833420050798,0.009253999127418939,0.013171009818844474,0.0050474270671344275,0.015217609131462362,0.00818073659063152,0.24606089856895574,0.009762521139100672,0.004175459935992098,0.14520585656940713,0.07494627836357798,0.020089489113793976,0.014545859140859796,0.010463775536650538
55,0.03291131670769348,0.014223707556196922,0.01262403679419594,0.023552522850956645,0.012173484890104325,0.01130932461610464,0.014442777692730325,0.028873915903363263,0.012841494183358292,0.03743430836763117,0.022010733496694822,0.009621114886988916,0.11723152407285801,0.01151183745804371,0.0071471512297591605,0.005101718976826237,0.008289120089869637,0.5870256301227299,0.019998958553598616,0.011675321550295993
56,0.006102951910869771,0.014700673248796762,0.012435560485053548,0.025357949736450065,0.03965995698904403,0.011454013190610112,0.011083728451226937,0.01999883270469665,0.01855828222697687,0.007933224115080266,0.026442889845325654,0.016472302454534682,0.0941932825540845,0.015527649105549119,0.00717137635641144,0.5899865520456958,0.01882066737824049,0.011039292347810724,0.02259981029810802,0.030461004555434528
57,0.019623720362049703,0.04420576972511821,0.02039636836747176,0.017863168451005544,0.022075526223787875,0.021962264340183866,0.01519668648455199,0.04217181186111524,0.03148402516049906,0.016994933906676654,0.016390678731333208,0.0213660792614937,0.012359505720422218,0.02205550417209334,0.5295218565117978,0.0536468873191682,0.012929125657992629,0.011968661976319819,0.04501546755480914,0.022771958212110036
58,0.013813027510248953,0.019175500922296668,0.015646280756094946,0.03602617262535098,0.022469379845043824,0.6703686081857213,0.013925104715844844,0.020129847082484047,0.023494303581025045,0.0070387844619714856,0.021983233079363937,0.016972210514121115,0.006968222445070285,0.01722371049470935,0.0291231422255751,0.007825048830207373,0.008964791020205013,0.016076034116191816,0.01575469401825043,0.017021903570223505
59,0.14240961288757262,0.06307440443036953,0.017167606752408773,0.018871873473419152,0.013403725690285879,0.014307817927366687,0.011156444641915056,0.02935893291185139,0.018345237731218753,0.005954655066373693,0.015411891179556048,0.0302362548039477,0.00493100139161723,0.013092687989067786,0.020963840100252165,0.2932769418375782,0.22934268962748638,0.02620800280907493,0.014155888072951914,0.01833049067568618
60,0.19786939535614606,0.022047990343505106,0.03129552283590237,0.03768156493730049,0.03386536954550417,0.02081844324102159,0.030212560380960166,0.025612171253106147,0.027108709045385693,0.010975108253168246,0.016767413078451414,0.03587978696067121,0.026385530089682384,0.025427869395254155,0.010447693721962114,0.3451051736658764,0.023512553759581452,0.02854376937214455,0.015708669700482535,0.03473470506389384
61,0.01697199284688121,0.02064453998489969,0.023599676184909702,0.0551460785092434,0.02124164134723403,0.013408933225318083,0.03193099411993786,0.023584506506965648,0.4765817381113323,0.008739873232625116,0.049401987623503126,0.039534653666020804,0.026083371193375605,0.043998683705075155,0.052745057221797426,0.011626922648489276,0.03240535609215149,0.009628940899811865,0.017144563312307032,0.02558048956812119
62,0.007925363549328927,0.014686520225091588,0.01487392860802411,0.020773145436930446,0.0531041885019353,0.009350073689217817,0.04392552205246105,0.1201245809897735,0.015569899105068077,0.5449150315491115,0.028593974174660093,0.009313053733522422,0.02115586824372953,0.016519232615478968,0.005676285866480251,0.006506078624411373,0.006779259950526123,0.03307043899545999,0.013850736504141127,0.013286817584647784
63,0.1571135143311335,0.03387482413775924,0.006180922147018134,0.049683271650014904,0.016117188564228405,0.12438040888737169,0.005319074901452722,0.019320224125024713,0.00683444605755266,0.0345400896231834,0.10314199194028874,0.005910417708867881,0.0010813172691240486,0.0766227911828308,0.03359809804735507,0.06924588384733896,0.08054094631036453,0.12407015575054761,0.015020600575616714,0.03740383294292626
64,0.008221738353674356,0.051540200034578515,0.019576627158659668,0.01569727963470185,0.08338540246670847,0.033597873054809,0.011358236772233556,0.015275784010150286,0.01399035899496842,0.012960081474354596,0.01563365000463331,0.012537905216462347,0.0066267261925675005,0.012351180844435802,0.027287525442850638,0.007143189464893145,0.008320950793238094,0.011445774123981393,0.6098218633048046,0.023227652657294443
65,0.010322979795305104,0.017376082457793315,0.01985088499691322,0.023904892086622376,0.016631121079436078,0.013058988130568326,0.02063397898816836,0.06228183728101193,0.02103124540717349,0.43485688912098797,0.14044109321482767,0.016974340366834116,0.0069373101671605895,0.02020992163048686,0.02422737772677025,0.04344517281853688,0.011478095685202265,0.020322432986363093,0.05247175917744966,0.02354359688238849
66,0.27470085793764154,0.01640429748631931,0.014701405953505855,0.03586283181914853,0.02185803494742794,0.01014383215236968,0.014577305789334173,0.01128456457189158,0.02029035522085934,0.011508379891031182,0.015253951436964203,0.011992702992530479,0.005960980482173359,0.03675873763850123,0.006411687715194752,0.00714633590033333,0.12715315373354524,0.32046025557093677,0.015300058888360137,0.02223026987193137
67,0.012760110671541739,0.02710842000001087,0.02254281011365962,0.6196070810384637,0.01643514662533585,0.023210816802085834,0.01792989861958609,0.017555739919184573,0.04982191050491391,0.007231914935719562,0.023127612519128114,0.011445999912927877,0.007704096007499923,0.016635070915764903,0.021763567142125007,0.016123285651718954,0.009800892364697578,0.03979779052211601,0.020286023457545405,0.019111812275974412
68,0.012123988525662191,0.02124493074484531,0.020465152425501516,0.02429537025378249,0.01852250018621876,0.04659195617093544,0.013454949864617276,0.025439313515949014,0.0469210192337645,0.009348744985276651,0.022228320991759545,0.01551753322902546,0.009593239729385911,0.02162832399846649,0.6061373310185586,0.02272297231167513,0.010724091566789405,0.015098426138251377,0.021499467738974265,0.016442367370560658
69,0.06480231568998832,0.019133654908232697,0.04571157262595786,0.037070117945476724,0.017356234727853654,0.6183124447364228,0.012977427171116017,0.010591107493578415,0.012142359347866909,0.004255499519212746,0.012237429879460901,0.04505520228250321,0.0031592067376873282,0.01882370223097259,0.0211389495970459,0.024147028482275058,0.004417621194488712,0.006498671425347677,0.013761225266793886,0.008408228737718591
70,0.0033720619795585692,0.02273929343690098,0.01547499205352339,0.009860732907708126,0.1963438046135691,0.00651137646441175,0.027045267124466407,0.05603547400834775,0.007306624934741426,0.29228711688843423,0.12725065229458035,0.0046348595735249175,0.0016388905153899582,0.0048348875089797945,0.003141529651392204,0.011426026853219666,0.003084142723569702,0.0075528612218365015,0.0215150777668827,0.17794432747896244
71,0.057613902841559185,0.14355850471543227,0.013591743376863556,0.014499821805486078,0.08429302847799519,0.009809011190482681,0.008571707057279124,0.0663697182296421,0.0202146490538514,0.2877861221753896,0.0793249255288655,0.012069413871046599,0.039014954823753854,0.03426134498171009,0.011484298719931077,0.00614643019876655,0.036671499892657854,0.0442394119651184,0.0131968182810524,0.0172826928131165
72,0.05398720768749337,0.024934088412305568,0.1308624923096238,0.17006051559852386,0.016616467378822306,0.12381047651599764,0.05060925327484594,0.07366656733804944,0.01482710551181531,0.054333514456063305,0.04589154225745918,0.024314692643345695,0.022759850546689837,0.08789263996925147,0.012347983417733579,0.016439256601794874,0.024343280886510398,0.030524759118677348,0.00934085068232243,0.012437455392674652
73,0.040768093193470654,0.10452965490448471,0.027030325516419765,0.02580917435270815,0.03226974453811381,0.012291306427694368,0.13428848984608263,0.0254770245251294,0.0276826046673259,0.0678197805413684,0.02630416951918098,0.023852171416398612,0.28096911961279286,0.03824686291995863,0.01477645178275058,0.024690618138382893,0.026389857110320998,0.020594120077618724,0.015676303117688983,0.030534127792108883
74,0.007345324921339977,0.06794843468950915,0.013223390830358546,0.030550471934390123,0.11317817395712668,0.023820933184565997,0.05895914977646732,0.05207334291050321,0.0057938857425849175,0.23696660355287777,0.08874897114810901,0.0427643438655126,0.0025868422713788684,0.029024624158437554,0.002541436664847586,0.0364738159997534,0.013907740212520081,0.07905576733402904,0.0043565952294109846,0.09068015161627718
75,0.028778801775970028,0.02418346543969485,0.020881744424655076,0.08071633078072768,0.016788645444569684,0.5383192792353017,0.020186026844168866,0.02313895128462504,0.0240769057612003,0.007662571259152213,0.020410123347147945,0.02048978830941455,0.008803133263272079,0.018020075356460535,0.05992117863940457,0.009909387664233753,0.009167700134731805,0.016404792556024134,0.03144971307694174,0.02069138540230345
76,0.06951733218333966,0.06290411307063117,0.00728785995340004,0.013071735358028391,0.05583934707696113,0.004608761926941308,0.1036499624235046,0.01655686802948499,0.11260311008016428,0.06053460249407497,0.010504422571578296,0.009660834310432508,0.0037829716908185404,0.06973248389257163,0.1571902726222727,0.028445068717467478,0.009680014492859768,0.03196536991298846,0.08122241837979288,0.09124245081268723
77,0.02918182336257296,0.09323753853866465,0.04089395222437478,0.023090706766001556,0.01736077251895854,0.04249848524984582,0.01347412856799694,0.05566393100050384,0.018622336192910812,0.052165903793463905,0.017651723014360843,0.015497408761084446,0.009548687106561739,0.011886593767782455,0.008001487306933928,0.00850399858861743,0.19659734892344188,0.30584184518038043,0.027543542992281504,0.012737786143261516
78,0.035118107350316084,0.08048798380554087,0.027805820808979177,0.01075248672792325,0.0846668507738025,0.0071211624368389395,0.007266176273689248,0.07075846999967952,0.018342448503371956,0.07938133236259168,0.19769182947129427,0.008023374254925855,0.004245138007974464,0.0117956523898686,0.0048268700199066445,0.008023774039159631,0.13688923450944113,0.18088236902915233,0.0095612942827258,0.016359624952818022
79,0.017129066935585833,0.02125294384136442,0.6176937153340978,0.03155539707690514,0.021317071150448497,0.04367616286944213,0.012440060056805154,0.018474993633848375,0.02062053563168313,0.010966235189248563,0.02089916541995599,0.04064911239393958,0.00744626188991334,0.018309408920898794,0.007490902742021898,0.007979110496450927,0.008930257648706242,0.021757628986710815,0.01954126498922374,0.03187070479274971
80,0.006490828910847148,0.01946287463627272,0.015077212633191913,0.015510613162342134,0.05891318530024092,0.007043539211013919,0.03647200739960244,0.10144266027246504,0.015504642578036626,0.4524976227030292,0.16268929261059745,0.012828447814038507,0.016777651596442237,0.015057636610820773,0.00873842081141554,0.005906657967781435,0.006360967937991194,0.008821601863244781,0.01586584051964875,0.01853829546097725
81,0.011945814060070975,0.03278820054026104,0.019364993780300262,0.03741017283017262,0.020521745580006596,0.6178927848397305,0.01866876549381658,0.017604015561229303,0.020787160084388377,0.007366347804852518,0.018457934091737654,0.017092820932693487,0.010360652749452283,0.022292666000419452,0.030319064221148783,0.00983526040968313,0.014762804492901176,0.026703216523164798,0.026651238494638563,0.01917434150933187
82,0.2004907887023322,0.5485844790349167,0.012872870262442495,0.014301176368788998,0.01999018245899546,0.006870466155668686,0.009024889524244822,0.013385440562467096,0.012421753713715507,0.004071254241770776,0.013134564230734438,0.012328431229031116,0.0038546334454115246,0.012368467760795384,0.03298129395477547,0.03238216756690418,0.006149274534574367,0.00579735411449448,0.015451402058704397,0.02353911007923188
83,0.0159336901256102,0.018231763799362657,0.03729882604615722,0.02089441084852602,0.01585848635635422,0.6711737201782806,0.015853655069397867,0.015197195732585274,0.021875751937468556,0.008900796279787473,0.021649384794867013,0.013807166952658684,0.008068492919945484,0.020475488014420784,0.006415166179034412,0.02856564394202502,0.007782814963392377,0.012592802610634717,0.024950336280380726,0.014474406969110851
84,0.022722807705968573,0.024987799714761026,0.025990395980563994,0.04248377538242311,0.03549393833816083,0.028215318296634536,0.049862498790014954,0.06562474605361086,0.04170419912743496,0.02421161420219445,0.06392359180703674,0.023389506617085283,0.04430577785295431,0.04280597709874804,0.298089830824946,0.044031244165907264,0.03242705002355227,0.03209386873214361,0.022757458428160418,0.03487860085769871
85,0.022308045333835035,0.03051389344770386,0.03182315902632079,0.03391197623480094,0.030617842666546626,0.30892748476647935,0.05174369406892417,0.046471620887689774,0.024073192151550984,0.03524561162759858,0.04379459464284363,0.040771263952950616,0.023825126264445225,0.04008894731052338,0.04722426458185457,0.02160672572761568,0.027751689082715206,0.024158457848596094,0.06725252727158741,0.04788988310541807
86,0.017396821281147935,0.01851789937289949,0.043251926354732614,0.05531377436963753,0.020394796169463787,0.5388514662728938,0.012598853476084542,0.02154020895765596,0.02878935968543372,0.008092371309752685,0.024095174777017475,0.021088403596203616,0.004791385347489658,0.02418504753308615,0.00857199531890713,0.03686496646610016,0.019576522385769034,0.048348528325202644,0.026308412842216886,0.021422086158305136
87,0.01571580021639021,0.057602434476347136,0.026618775038293758,0.022316276345479127,0.024140702916374518,0.049544232867378024,0.02028807848053565,0.02502063735739529,0.02714274592591639,0.016061591400880135,0.02302879224027212,0.01929311454473658,0.007525343894602972,0.019484158784700098,0.01755611021476156,0.01065922758824615,0.015576382538890909,0.017923484060999067,0.5300864096853176,0.05441570142248268
88,0.15295179960718605,0.20862687699868157,0.010814468679560093,0.015308737901880249,0.011783847747831087,0.029949273665866572,0.007411521204400114,0.018683759420425664,0.01818801000055672,0.004891925667368179,0.013863103050948658,0.017519057040151366,0.0027417131319944603,0.015228104631253707,0.009261691734014277,0.4116990165754815,0.015276434413414662,0.010928546270544156,0.013673508608195516,0.011198603650245352
89,0.0060884981140287885,0.025500514461474562,0.09182178897460191,0.015494335623120014,0.03104016707561746,0.007248472915191253,0.028002548971907164,0.012280161904924307,0.013218393798243744,0.004274694839483351,0.010806406058569144,0.01972891227040933,0.007513018459629156,0.07345436500299286,0.004981974586266382,0.007493529949771536,0.005978137277078455,0.008075334978050158,0.05438949877528596,0.5726092459633545
90,0.012111779679000944,0.02621659627479615,0.05032538402479124,0.024376456412138755,0.09260065495939578,0.010035614645390115,0.034424103716226034,0.014569405967836142,0.02022517761798945,0.0848663970198315,0.02053576132924632,0.024177927843352324,0.007483106691558503,0.019703119922399856,0.009434112237586716,0.010390668583221628,0.00947342937363678,0.020405820937807226,0.05976440564131077,0.44888007712248373
91,0.127209416129263,0.17069273094118234,0.005410308026652252,0.005266753577125233,0.006883923928386666,0.06676706777036245,0.003372042088125245,0.02012619363336064,0.00556158914600403,0.02686533694219275,0.07219432755667445,0.017273820524615853,0.0048216947121310985,0.004106890844759881,0.001972245328043564,0.12885038221696832,0.21914990932388115,0.10393030858932793,0.006038976460066048,0.0035060822608771174
92,0.5270071910861971,0.09828116917385173,0.03612915009988283,0.020344702726482127,0.016836283788641184,0.046099050962643,0.008219989220764149,0.019670445505525012,0.01984831128971256,0.006616172226529852,0.022370960328956073,0.015820669978320656,0.006374904177028975,0.018530598773533948,0.0063796661957242875,0.020028769286797112,0.008566697573364684,0.06036747095261335,0.02617839388957011,0.01632940276386117
93,0.09362864738899129,0.08266379784662566,0.00638154659944714,0.009435798502628307,0.00585828288533976,0.05206104443684432,0.01631821652098928,0.11704890397637721,0.009683834457145392,0.002433735085966458,0.007931970953969747,0.01789225331257046,0.0012644283726420456,0.008694542622178504,0.0030021262502755155,0.0633903138200889,0.4065936731901832,0.07859562926657362,0.010464978057567733,0.006656276453595506
94,0.058243878601103076,0.09112178874778579,0.06762678157622766,0.00640388403723573,0.006651647200249682,0.021156357071217786,0.06541926322189448,0.17943640875076614,0.029955880853565015,0.1634760670492291,0.039853595689927496,0.05503065758945694,0.0019834523815714673,0.03454285570835901,0.0065911901426883345,0.03638497940699915,0.01361140092932933,0.09781942930228572,0.011146198782548782,0.01354428295755933
95,0.03885071215396995,0.01180715926287772,0.0021303220908019506,0.005247765050192886,0.00757492273090947,0.036501734034499425,0.032311820640737156,0.04861402883826135,0.12568741312233575,0.06014344458314206,0.06136537663562698,0.1429545851607412,0.036963528521547245,0.045579389319904504,0.115228536634214,0.07805817764138442,0.06627206849283905,0.07855063581344164,0.0040100478262616035,0.0021483314463116568
