site,A,C,D,E,F,G,H,I,K,L,M,N,P,Q,R,S,T,V,W,Y
0,0.008125251388219288,0.005038324426921572,0.030429082787349883,0.023948109354751595,0.012639279937230005,0.1092436364982226,0.00533495202129822,0.014219189929383756,0.20102048247357987,0.041914418688227484,0.013788305386069096,0.041364916158207296,0.011110569571719043,0.009479459952922506,0.42574446282849093,0.008239472751477501,0.011097904335128788,0.006148838888382166,0.006894152693034548,0.014219189929383756
1,0.009613271711782194,0.010699186048380903,0.011347621566464593,0.023596715065962972,0.012482383723111053,0.3498493871967791,0.062411918615555256,0.010401986435925877,0.011347621566464593,0.005506933995490171,0.012079726183655859,0.034042864699393785,0.34848318915688037,0.026747965120952257,0.0025481486797278435,0.010699186048380903,0.022027735981960683,0.00538829057701209,0.00576110017989741,0.024964767446222107
2,0.005710088041776088,0.08495741920762635,0.006838304023414753,0.013011512095194695,0.009921277972585955,0.7479161673803656,0.01102364219176217,0.010725705916309142,0.011502930982708354,0.0034064473725617006,0.012598448219156767,0.011672091732454065,0.004839647791505343,0.012598448219156767,0.003377456331093091,0.02066702237424563,0.006901758589625012,0.0035936578691212343,0.007559068931494061,0.011178904757843331
3,0.0667294113616673,0.05580449356739417,0.017494077264236924,0.006310562370351013,0.01706739245291407,0.6564646081329055,0.018912515961337212,0.018414818172880973,0.015212241099336455,0.00530123553461725,0.018912515961337212,0.020581267369690497,0.007775145450771967,0.018414818172880973,0.0027870639157414985,0.006247884737227474,0.010444225232380255,0.004836913668438049,0.008159047830116355,0.024129761743775072
4,0.04715077539182287,0.0715020739786191,0.05980724323465851,0.027763517168893692,0.01312259991185991,0.0283052443331648,0.03181236342269069,0.12146538761390997,0.08220294923634917,0.037821365402532274,0.024227624553723726,0.05643054273523385,0.0037323898805279717,0.1051191139184562,0.05441327080183083,0.05981945102403709,0.07475089673923715,0.07794029038559219,0.00913942869960286,0.013473471567257237
5,0.2597816864961831,0.026831948853215895,0.006492919919150069,0.017629795115774928,0.0049945537839615915,0.42882327267294923,0.004247704620004717,0.005753220181525377,0.006992375297546228,0.0016467550519583508,0.006783647676723954,0.00568130492925631,0.0021238523100023587,0.006683888152066247,0.008529631363076853,0.17076618877296681,0.004303738330911857,0.02283835221516777,0.0033419440760331237,0.005753220181525377
6,0.049881940738684044,0.04922538240187178,0.08176590115729172,0.11280726251670299,0.0462847407613066,0.010665181389538654,0.04425917689675257,0.03028927888056093,0.001234105109629456,0.03504945584177022,0.06650462927912211,0.07856124737843669,0.00995010127477364,0.11648858779573584,0.015045654868775371,0.06300388013662339,0.05068541521847781,0.0438549504100557,0.059442163459686684,0.03500094448420375
7,0.1136917836724945,0.0372214799119311,0.010017874982921672,0.01202144997950601,0.008934861471254465,0.0034081430354269606,0.009445424983897579,0.034062719708419294,0.010664189497948876,0.0033225113008684935,0.0091830520676782,0.010839012276603775,0.015118745677753767,0.009445424983897579,0.002801609105393349,0.05814342204617572,0.6236718593607452,0.01143551491270172,0.007871187486581315,0.008699733537800399
8,0.0416771561905357,0.1539550167450741,0.0026477909505670727,0.003759863149805243,0.0023209031788921255,0.005899125666313329,0.0019999272073432145,0.16298937208631592,0.002292599481588563,0.17684989756385502,0.004380354758863648,0.009226837580643925,0.04014499824731788,0.0016563252006946277,0.0006376578327794122,0.0321565105470101,0.14560269708183765,0.20786657445791143,0.0017247078668831386,0.00221168420576779
9,0.005032360121103814,0.01416516182236629,0.012539651449307864,0.08991580688768924,0.01274864564012966,0.7187346165530257,0.012141567276313964,0.01077350335785605,0.015298374768155593,0.003902646624529488,0.021247742733549436,0.019122968460194494,0.006269825724653932,0.0186565545953117,0.002578855262546213,0.0051683698541066195,0.0071487732561474745,0.003700282196206071,0.007889569037013478,0.012964724379792878
10,0.04925509881705481,0.14030664453762667,0.10467676478868489,0.10625241315940065,0.04478166619135712,0.0051445542969601795,0.03218682257503793,0.06071451163628207,0.013931510892208704,0.016727467491628737,0.021258582505701007,0.015488395825582162,0.0008154643730218234,0.12484585726075319,0.015599462615971484,0.04040451084934478,0.017722299069656517,0.10730477898351215,0.03544459813931302,0.04713859599090224
11,0.08266993846048522,0.027243502447205366,0.00893336504798955,0.04303613373360538,0.010847657558273027,0.019118247331372178,0.09500298289281868,0.02641794176698701,0.14189033001919757,0.09012196590130378,0.053399860525543144,0.1081292500230166,0.0024896263248495466,0.013076625850880682,0.06962134354285408,0.0726493398592143,0.028824395297860867,0.09202249715500475,0.009081167482401788,0.0054238287791365134
12,0.017629449451594906,0.02000204331495647,0.03777739168198909,0.03777739168198909,0.029382415752658174,0.007575320931336864,0.08814724725797453,0.03777739168198909,0.03305521772174044,0.061798594844613676,0.018888695840994542,0.08814724725797453,0.024040158343083963,0.12651232877640498,0.0023115702806863047,0.01391798640915387,0.03305521772174044,0.008013386114361318,0.24671770292067507,0.06747324201408268
13,0.012205335487698176,0.020342225812830295,0.02669917137933976,0.01059594468620903,0.032860518620725865,0.004107564827590733,0.06807961743028695,0.15527179266415794,0.39940949182344954,0.009089079618498643,0.015821731187756895,0.014602475207989919,0.017087469682777443,0.023856117419954487,0.10688163156229959,0.009934575396963631,0.023196129729113155,0.007240453255414172,0.012205335487698176,0.030513338719245435
14,0.06673532127012254,0.05221348581831684,0.04876836476914717,0.029981962559736626,0.03198076006371907,0.06298643895881798,0.04811694903203933,0.09518083352297341,0.02821831770328153,0.06679525836093222,0.05798709242322688,0.0723374334774598,0.0009190150367138985,0.058146836479489206,0.028163095946523636,0.0859678205980697,0.06339904502975711,0.03489511060887239,0.02467087204915471,0.042535986291646045
15,0.09893105016123552,0.05914525032080631,0.026304247941208267,0.026823410729521588,0.007840689290167848,0.042923507134385065,0.021857893138044877,0.02496219447482008,0.10872422482366081,0.048689333488613776,0.07381062676606284,0.0658291204987009,0.0014772313155388694,0.11467008086870478,0.09965765624218578,0.11074822971305023,0.044033311053582644,0.0203857921544364,0.001348880973327503,0.001837268911946082
16,0.008230362302177443,0.012541504460460866,0.006116665414776606,0.008601560739529602,0.005983694427498854,0.002237804420040222,0.008601560739529602,0.07950840563612926,0.007057690863203776,0.2578437540637839,0.3475024030197381,0.007057690863203776,0.041006243760374816,0.004300780369764802,0.0017116067688212589,0.0022747929228508048,0.015492446686451661,0.1726301202204614,0.004587499061082455,0.006713413260120665
17,0.1208220403265348,0.05067371757116179,0.06805282603717701,0.007458727528992511,0.0042219212428259495,0.05656300020076043,0.04589431536472934,0.011260826126924847,0.03547545160580613,0.018080763077034257,0.05603601572684029,0.2093867570071269,0.0031515750122503568,0.04186089712400321,0.04348693016495367,0.09020069882703963,0.05219132435107091,0.03720968633244732,0.00466170470562032,0.04331082166670039
18,0.0617644130984419,0.06378947582298097,0.07107970163132167,0.05931616542502104,0.02451024194183505,0.07239599240227206,0.05917891827913857,0.04716708595905604,0.03559806186706284,0.05831815185686163,0.03877074634435727,0.053591838531552055,0.0003082183600801688,0.05770752897183903,0.04986267809285264,0.06979694693096873,0.0706814960199417,0.08409635481072007,0.004515440041024495,0.01755054361267202
19,0.0032872364831713946,0.04036867416972767,0.010459388810090802,0.004261232478185141,0.21172381557549474,0.0034344261764477253,0.017270021035177607,0.05872074636383963,0.01834939734987621,0.28561511053573013,0.21586765541371478,0.005612354971268235,0.002447942061936145,0.0664073427900282,0.003536220211804677,0.0017044929912740565,0.0015935008088839944,0.002425556210870976,0.00287633192277497,0.044038553639702924
20,0.08706960796572652,0.05783999134007696,0.04732362927824479,0.02783742898720281,0.004507012312213789,0.07136102827671831,0.04689729027573808,0.022535061561068943,0.012134263917498663,0.018253989416214277,0.07057032436229486,0.06453222174306107,0.054612232977645905,0.13825960377507657,0.0312367189955411,0.07690725381903656,0.10166041139127428,0.017774133062251563,0.002292081564443393,0.046395714978671364
21,0.06455535569946282,0.00946927809811865,0.04181369522919153,0.06214213751890363,0.002770643488700449,0.06351714775275144,0.06628494668683052,0.003899114510990031,0.06628494668683052,0.011171620228117508,0.013256989337366108,0.041142380702170675,0.07164622913944182,0.24146659150202543,0.052595664218898136,0.10085373624876257,0.07604323721760131,0.00042290655192667463,0.003298385105595773,0.007364994076314502
22,0.04964293940230685,0.03706876203833361,0.058725422297288374,0.0488009628181429,0.012615995088121548,0.048376606619724274,0.07893025290586592,0.036432532156916865,0.005304452480232922,0.04534411426982632,0.10182492119794287,0.05304452480232923,0.056683753345112185,0.0796889640370458,0.0139443081001761,0.05516630579442241,0.0755758181945567,0.06944534837163294,0.009335836365209946,0.06404817971481243
23,0.038217884455397706,0.05805417245107411,0.10398174484477253,0.1051919321248686,0.003888396351634995,0.04761121315720522,0.09754680677153266,0.005638174709870743,0.03742435107204095,0.02200303912139834,0.1409887045240371,0.06468893501691113,0.0026848450999384494,0.08894910802763255,0.011098591792117111,0.042251781880414924,0.07187659446323458,0.041941056134778026,0.005528968804864199,0.010433699196275988
24,0.008230012935147192,0.04224175111983527,0.016460025870294385,0.01371668822524532,0.2306097990232294,0.003919053778641521,0.03527148400777368,0.03466443320733214,0.01175716133592456,0.0009875227505157476,0.012345019402720788,0.022445489823128703,0.03527148400777368,0.015431274253400988,0.0034774702542875457,0.0011731488369036848,0.018992337542647366,0.002723084231239521,0.08849088087348754,0.40179187852047105
25,0.10139735221071587,0.04357155651562657,0.03419004552142082,0.019487779403861306,0.08047274400326625,0.019515539773382475,0.0714777272741734,0.0819372543116896,0.032189635622449496,0.05953095575608559,0.040058213219048254,0.08499656272658998,0.001569934076183864,0.08088677669230897,0.05686835626632742,0.04921472408549507,0.03522360127881828,0.04219872842922641,0.0066763688698413745,0.058536143963489114
26,0.016225393088597807,0.04280481191417388,0.041199631467392354,0.028549851230069333,0.0014420805012117248,0.0050738462398266446,0.07555916967958057,0.02675300744635867,0.10042994065180677,0.011998222519020364,0.03065448769895265,0.12661016314730208,0.02538729364260382,0.05885661638198908,0.07970166801727686,0.1442749458530563,0.13499725880717722,0.030868854745798466,0.001479117694765907,0.017133639273039493
27,0.009657629007449388,0.005712482175448278,0.022365035596198582,0.012498108127287444,0.27507436679407743,0.0055912588990496455,0.11398308263441903,0.026558479770485817,0.01214101932365066,0.005901884393441293,0.019315258014898775,0.01770565318032388,0.011484748008858731,0.021246783816388653,0.004721507514753035,0.013248399522162899,0.008332072084858297,0.007082261272129552,0.01036428478848227,0.3970156850756362
28,0.007808861844008563,0.016296755152713522,0.020823631584022836,0.029662607706698062,0.008329452633609135,0.008329452633609135,0.018741268425620555,0.13672950469512224,0.35014980393487694,0.004571041079419648,0.017037516750564138,0.012460833719188946,0.01041181579201142,0.026773240608029356,0.20754964754503788,0.00624708947520685,0.04231103382546622,0.0058566463830064235,0.010130415365200299,0.05977938084658792
29,0.09332059704471503,0.04147582090876223,0.006501136679072144,0.022212605455158012,0.006725313805936702,0.04011913517810179,0.05184477613595279,0.03888358210196459,0.18228989204016563,0.05780921940823056,0.07031716067386347,0.0569544491597908,0.004643669056480104,0.02247516041700402,0.15691650081090508,0.0489933134484754,0.020407399389660325,0.04147582090876223,0.0033056627181722773,0.03332878465882679
30,0.15397264664059887,0.0746643842277699,0.02153780314262594,0.016263888738187612,0.006970238030651833,0.013547972944555023,0.0823504237806286,0.023332620071178096,0.008131944369093804,0.001455665488745133,0.015555080047452067,0.26726455717894915,0.015069728189780347,0.024705127134188574,0.01999938863243837,0.1365052017430349,0.0853333563888858,0.020587605945157145,0.006098958276820354,0.006653409029258567
31,0.31543786000054674,0.15964064964598934,0.0031368474981203643,0.010912996110782967,0.009743746527484791,0.25471662701507863,0.009407755267916353,0.01299166203664639,0.011861952294329313,0.003637665370260989,0.01299166203664639,0.020885513785348052,0.006654265921209127,0.01299166203664639,0.004072013474172749,0.11479798578237764,0.0059309761471646565,0.005937056580872473,0.009094163425652472,0.01515693904275412
32,0.0076655916301141686,0.22949594204320273,0.01820578012152115,0.01820578012152115,0.03897489786723943,0.00530077752216616,0.015331183260228337,0.2720238033495833,0.012137186747680767,0.0064867787128044824,0.010420875518588446,0.041367018326561984,0.007872769782279417,0.022407113995718337,0.004347648984243856,0.006352005036965515,0.050957693930394926,0.1958928023738179,0.01713485187907873,0.019419498796289226
33,0.03954827954176326,0.01811674037971408,0.006625155147631918,0.004907522331579198,0.014493392303771264,0.002070360983634974,0.056849081881171756,0.0029720787675523,0.02536343653159971,0.10516546854565731,0.016562887869079793,0.007524361734787671,0.002617498492884824,0.03414308763869191,0.02717511056957112,0.11009479981730169,0.1237134877450194,0.04451556574458022,0.28437792474823914,0.07316375922576838
34,0.009052871225368018,0.028691356123097384,0.041127457457045186,0.5902662133628022,0.028691356123097384,0.05927840653099268,0.02744390585687576,0.02104032782360475,0.009699914273116896,0.008092433778309517,0.021765856369246293,0.019127570748731584,0.013150204889752966,0.02529479720098266,0.010706794583760164,0.0101808037856152,0.015395361822149815,0.008924869896126756,0.028691356123097384,0.023378142026227497
35,0.11624829550717816,0.11689396216991099,0.015858065819051533,0.008608664301770833,0.007929032909525766,0.007322936845719002,0.0075325812640494785,0.18536042572657316,0.014347773836284718,0.009731852601489848,0.00333613553596122,0.008369534737832753,0.07319360400485198,0.008861860310646444,0.002575241457794693,0.018404581277815774,0.09864209790127577,0.28212720020158333,0.005794293280038059,0.008861860310646444
36,0.030296002834209544,0.07159978764909808,0.010986259454581773,0.009612977022759052,0.034584580280200554,0.06185715637487964,0.05886080550646426,0.006991256016552038,0.025634605394024138,0.04496311531743797,0.018394001720770076,0.14715201376616063,0.0735760068830803,0.09810134251077376,0.032059687409486025,0.073068941384136,0.094597723135389,0.04760800445375786,0.018851716059745154,0.04120401682649408
37,0.02036519300752711,0.038184736889113335,0.04363969930184382,0.02036519300752711,0.03054778951129067,0.028389951711803394,0.03054778951129067,0.01761351476728491,0.024181881594512507,0.013885358868768485,0.03054778951129067,0.15273894755645334,0.038184736889113335,0.025456491259408888,0.28489890103075355,0.08210167148125753,0.025456491259408888,0.008038891976655438,0.050912982518817776,0.03394198834587852
38,0.06713367315783349,0.007084647260914661,0.09567308652698847,0.15889305393302258,0.014169294521829325,0.06788105467603436,0.009574918227122304,0.0569707634513777,0.0035337781940718216,0.04355913503324652,0.08816903867475119,0.15502248558198015,0.0017898056238100197,0.025064795849897827,0.002125394178274399,0.045480861578830925,0.07351066251790671,0.03997074832272247,0.014797600896461741,0.02959520179292348
39,0.03563004276906867,0.0051043576998249076,0.12926451324284122,0.14348640253616035,0.006514305906044586,0.03047684143896083,0.09771458859066878,0.07507340342941625,0.008699014030614353,0.045738743595632195,0.020357205956389332,0.04234298838928979,0.0456001413423121,0.0770123452451881,0.006372690560261008,0.05200937779825918,0.07405737240555951,0.06633162119631959,0.007208453256688681,0.031005590610500667
40,0.3859222487169231,0.01331401522088632,0.0221765244174052,0.009827011234463712,0.010318361796186898,0.013623562393164782,0.031748805526728915,0.0206367235923738,0.01876065781124891,0.00543071673483521,0.01965402246892743,0.012139249171984586,0.03698175120958226,0.022929692880415332,0.004913505617231858,0.27378351008391244,0.0022641189334623984,0.05551155331129942,0.029481033703391137,0.010582935175576307
41,0.04531026907826471,0.02346022369286409,0.004732898799647663,0.007099348199471496,0.004896102206532067,0.0014953419118338947,0.0026038815762247777,0.17865191808001515,0.17399143326053645,0.02044254689310885,0.030206846052176477,0.0035496740997357484,0.002607141233390971,0.14725837450436033,0.13277794387578779,0.05983313476551097,0.08926799281090958,0.06425819978372087,0.0033806419997483316,0.004176087176159704
42,0.0719393586138815,0.021797316112572615,0.016186355688123343,0.03034941691523126,0.012139766766092502,0.0376938980427016,0.05685815179502584,0.07283860059655502,0.05549607664499429,0.04998694177782274,0.07156073041065054,0.08689517264150423,0.0005482924519883123,0.07729810675552777,0.09478449843732145,0.083429576143822,0.07712322416105827,0.05194690895258187,0.01494125140442154,0.01618635568812334
43,0.22276122663293169,0.06512477514022677,0.025647750825670175,0.020721519362799434,0.011396835649539685,0.007917066885892832,0.024641806809815543,0.035067186613968265,0.0182349370392635,0.04477328290890591,0.2170825838007559,0.04144303872559886,0.001969201876221805,0.06838101389723811,0.042944598099714765,0.05299826635929233,0.0017359508079832647,0.03833022021898879,0.011341923138777004,0.04748681520641536
44,0.013681861127820891,0.008210843645221086,0.007389759280698977,0.00869383444788115,0.19592258066708765,0.006717962982453616,0.003258286667600495,0.2640297896994915,0.01231626546783163,0.2768879910690373,0.09896546215790442,0.011781602637845764,0.002828028145519537,0.01663285078284108,0.010868565258507979,0.002291398226573326,0.006575778216472055,0.03887928870489102,0.007778693979683134,0.0062891568346374275
45,0.04769564649539034,0.05125020009599531,0.040408811614150136,0.07091228595611587,0.013987665558744282,0.04833165275090462,0.06631189598219511,0.04040881161415014,0.07890416690959504,0.06824599294834247,0.06366577816027531,0.07098243939876309,0.0006073134394390185,0.054210592837814736,0.049556206626954306,0.07010235654656925,0.04692138879462547,0.050029957236566856,0.01672088756447592,0.050745949468932745
46,0.04847306294922601,0.04905646910195685,0.11577778295506758,0.093633233250133,0.03247798531086878,0.05115419745129949,0.040047224573554745,0.028074190692445895,0.010141085209312091,0.02760628751423847,0.024200316976767486,0.09011480901889836,0.000909045208484986,0.20435823224825875,0.019237831020375237,0.0740427952766179,0.0625691956023262,0.023517509766552893,0.0028097760989535935,0.001798969774661857
47,0.053485101543799304,0.03599969612309637,0.012749892376929965,0.0029493964424995253,0.007999932471799193,0.19965878761159697,0.13327887498017454,0.0035533207345670097,0.15135356111968473,0.019428407431512324,0.03517211690187576,0.15999864943598388,0.0016274751456032105,0.04294700590123777,0.06490782167097117,0.0538328789248154,0.007771362972604928,0.002855002506551391,0.006877394970129695,0.0035533207345670097
48,0.028811606723159106,0.1118101598797977,0.025965853123701622,0.0377879814309493,0.025965853123701622,0.015262921086769745,0.04969340439102118,0.038948779685552444,0.020817537198355777,0.04270959228117522,0.01670579067608712,0.012982926561850811,0.12423351097755296,0.037270053293265895,0.07015539443438285,0.04743461328233841,0.19877361756408474,0.07259942913110722,0.006491463280925406,0.015579511874220976
49,0.05657211005739463,0.04707753466091908,0.08843843960418313,0.029077300819979435,0.09692433606659812,0.01409414858238454,0.048462168033299065,0.032566576918376965,0.07753946885327849,0.05815460163995887,0.031720691803613935,0.041539001171399206,0.0150945944062887,0.037007473770882905,0.0685703511874142,0.06692126393368299,0.042775589285376336,0.05935131641715315,0.03965086475451741,0.04846216803329906
50,0.0637303094151483,0.0718902680102625,0.18116347538586156,0.06846692191453572,0.020540076574360716,0.034147877304874695,0.05701641945641509,0.01998610412342161,0.05209611245892474,0.038424108764105826,0.012686517884163974,0.06932275843846743,0.0012800241249474196,0.04688495739799729,0.00659586722725478,0.05994376740946212,0.0700164650918367,0.04977018554556636,0.05391770100769688,0.022120082464696156
51,0.16030057243649964,0.04372836392918617,0.005945180069084347,0.0592938218700496,0.012173463950982235,0.124764090400935,0.034618288110605716,0.0034253925891121017,0.04067043638169064,0.032616487896252405,0.04382447022353604,0.031955342871328354,0.0011132525914614331,0.012369810143740013,0.021726722212741054,0.24865251171752387,0.1012610865013522,0.015195654418195268,0.0032583002676919996,0.003106751418031906
52,0.006953693429688151,0.01738423357422037,0.014900771635046037,0.009475489938224335,0.018721482310698864,0.6841151005008264,0.014041111733024147,0.01738423357422037,0.023552832584427603,0.005794744524740126,0.019733454327493394,0.018253445252931388,0.007767423511885699,0.04867585400781705,0.028329439144479256,0.006519087590332641,0.009360741155349432,0.00789417507893997,0.02028160583659043,0.020861080289064447
53,0.01950410371407607,0.0040010252944891736,0.004604749410548225,0.005873845645101128,0.27049593743799305,0.0031732269576983108,0.25974412460673774,0.005521414906395059,0.00452574992327464,0.0012608648515845908,0.011649509910669877,0.00276070745319753,0.0007956996033606134,0.002818386332154036,0.0009436490767000995,0.0017254421582484562,0.0017696842648702114,0.03467396215835747,0.15456910710742464,0.20958880918711909
54,0.21051873940218596,0.13658455484538462,0.013551004175950739,0.006621083456696519,0.005627920938192041,0.0020099717636400147,0.0050025963895040364,0.004893844294080036,0.007503894584256054,0.0021038956778288006,0.008337660649173394,0.007061748737277133,0.29385633505196634,0.005359924703040039,0.0019240755344246293,0.15750554156593444,0.1159897488605146,0.0025495345086890674,0.007762649569920056,0.005235275291341434
55,0.014388742668733183,0.05763615501321994,0.006423567602907995,0.02281185548041135,0.006240037099967766,0.006057129488922314,0.007941865399958973,0.0032948636636438693,0.007800046374959709,0.0020433639556442377,0.015600092749919416,0.0046468361382738695,0.3961550005291773,0.006423567602907995,0.00330911058331624,0.0025395499825450214,0.007267167371232081,0.41043720336891837,0.013236442333264957,0.005747402592075575
56,0.010470500003505953,0.012100300993945877,0.010148639543309444,0.025168626067407416,0.08931021731739959,0.008502914211961967,0.007964755084622603,0.019662989115162045,0.019662989115162045,0.005377911552864833,0.025168626067407416,0.01258431303370371,0.03624262775793169,0.012100300993945877,0.004993775013374488,0.5902779670911492,0.004168284222145303,0.007580911466086572,0.023304283395747607,0.07520906795316648
57,0.010818352075351048,0.10683122674409161,0.01717260208928754,0.012756790123470746,0.01785950617285904,0.004754601000677806,0.009706253354814698,0.015945987654338432,0.009921947873810582,0.010876828226999896,0.011162191358036904,0.016536579789684303,0.007926229208000166,0.07425047320162463,0.41812185922848716,0.1187013630489907,0.03748464096283916,0.006764964459416306,0.07380395116382453,0.018603652263394842
58,0.021890620189103073,0.014410945627726112,0.012058138178301439,0.15533429467491494,0.017377905021669724,0.5544629078117655,0.008688952510834862,0.015548651861493965,0.021101741812027522,0.004046909388608018,0.016881393449622018,0.012309349390349387,0.0036698681412221782,0.013428381153108425,0.08568272179714179,0.008767049495974068,0.005627131149874006,0.004779311544732611,0.012571250441207885,0.011362476360322513
59,0.23581738723698106,0.0753495880573948,0.014788295081257908,0.015566626401324115,0.010198824193970972,0.010059557147383779,0.007213802478662395,0.014179317849785022,0.012859387027180789,0.0037918705336558744,0.010198824193970972,0.020611228611072615,0.010480772766088046,0.009540835536295426,0.003229699990689994,0.2767059792223435,0.09416911493256055,0.14981339895055268,0.009858863387505272,0.015566626401324115
60,0.14538353977302226,0.1251614181913136,0.0258976790408967,0.027553410709089517,0.05179535808179339,0.041957479314276194,0.03107721484907604,0.019423259280672518,0.02219801060648288,0.0048558148201681296,0.009711629640336263,0.03884651856134506,0.014126006749580014,0.019423259280672518,0.004708668916526672,0.25436636723269107,0.05572033192997795,0.059807157152182364,0.009140357308551776,0.03884651856134506
61,0.051321395760069596,0.02148570961097252,0.024415579103377865,0.07596451158114356,0.01918366929551118,0.007170418439179276,0.044761895022859426,0.023354032185839698,0.5035868953915202,0.005595236877857428,0.015986770939188218,0.02596363996640488,0.031596631780841954,0.01590246099450731,0.06194879529000984,0.008526075242449414,0.01514545664706951,0.006714284253428913,0.015798315890420973,0.02557822572734824
62,0.0037016406799254367,0.008957970445419556,0.007722388315016859,0.012105365466783185,0.2605770493372014,0.004348529342436677,0.01650270809272543,0.13924675261129568,0.008782323966097603,0.42279474558179087,0.007998187897696032,0.0047147212870629245,0.0012272160124601652,0.009529755792999526,0.007844309131550887,0.00255942012726273,0.002871144373531909,0.06424937416270486,0.008294417079092183,0.00597198029694637
63,0.22974295241928708,0.07626669829513956,0.007320241131006698,0.04791430558477111,0.0021140867208138147,0.08825308397078534,0.0025545214543166925,0.009357604011448754,0.02696048952126566,0.021540019879743844,0.05856192904805358,0.006388574077969482,0.0009432079215938558,0.09460003923147116,0.05719504400702183,0.08971304248770814,0.05847332950432626,0.07098415642188312,0.013223661397947584,0.03789301291344644
64,0.005562020897601625,0.03517196164986307,0.017287362249302343,0.013053722514779325,0.06904798397817208,0.00736703356254014,0.009137605760345524,0.011422007200431907,0.011028144883175632,0.004089022863160199,0.01254181182792523,0.009840498511141332,0.004264216021494578,0.009691400048851313,0.04514451780889296,0.004264216021494578,0.0057110036002159525,0.0075250870967551375,0.6017299041192278,0.11612047938462935
65,0.005304820991799496,0.011636381530398894,0.012883136694370202,0.020040434857909205,0.044353581110494165,0.006806185423440862,0.0133602899052728,0.037259491041660785,0.01568381858445068,0.33739545018024,0.36900680844479045,0.010931146286132294,0.006442061535240418,0.014429113097694625,0.006680144952636401,0.04795552167119738,0.005818190765199447,0.005931330586935871,0.010045700968017704,0.018036391372118283
66,0.14888509338313222,0.21729512669530104,0.00970572515814693,0.012553307737590332,0.016556825269780057,0.008484770451476288,0.01630497343168204,0.021239373286006873,0.013403144266012428,0.009400270878928044,0.05114436985523338,0.007217077681699001,0.002931937808190218,0.012793910435739134,0.0031274003287362325,0.013995977349046151,0.143023990045323,0.2635194825662867,0.010825616522548496,0.017591626849141312
67,0.0022565970039732756,0.015038458896209002,0.02855258602348758,0.25429700655160903,0.006445053812661002,0.0008565287538511293,0.006015383558483601,0.005307691375132589,0.6292434625782825,0.0018668431733224967,0.009023075337725402,0.0035617402648916064,0.0020663531307768095,0.00588461435069048,0.007528439221420158,0.0021830020978367906,0.0025537005672807743,0.0035700151686890065,0.007734064575193202,0.006015383558483601
68,0.008769939986252466,0.016882134473535995,0.01777066786688,0.028136890789226664,0.01825095618760648,0.0044008778564946695,0.010231596650627877,0.013273318701682335,0.033102566194516306,0.006252642397605926,0.021102668091919997,0.012058667481097142,0.006431289323251809,0.024117334962194283,0.6350488023164456,0.08768569228850814,0.008039111654064762,0.012505284795211851,0.019861334674748234,0.016078223308129524
69,0.11547159420601841,0.012562600086612412,0.10603295485948089,0.0061743157892882716,0.011624670858503544,0.5724256642759261,0.0037780180290136523,0.006231782315898806,0.007556036058027305,0.00228106748921579,0.008889454185914476,0.05417621287351601,0.001737238872622423,0.02180677750883664,0.01900471863326461,0.006397191188016653,0.002605529675181829,0.02615903871856493,0.009158831585487644,0.00592630279060965
70,0.0018846250426381708,0.0022845300740407387,0.003940579634607084,0.005418296997584742,0.21687865798363537,0.003689053274951313,0.07278622408800257,0.048259658282008434,0.004032221021458413,0.2614098818859763,0.17465400140155432,0.0072997802443374084,0.0008669275196135586,0.0027091484987923705,0.0017166881576506112,0.0014830584216088659,0.0017338550392271173,0.005771919262964463,0.020682710692289327,0.16249818247705883
71,0.02244013123486227,0.35263063369069275,0.007101382940365443,0.007101382940365443,0.09493901676287883,0.004396094201178607,0.0037680807438673788,0.08100974017218616,0.009231797822475078,0.1728040881353719,0.1150636878933974,0.004615898911237539,0.0012812372844885824,0.004400723596826221,0.014677282127096139,0.0027557605440224108,0.044666546934154415,0.04148595690478738,0.006838368757388945,0.008792188402357216
72,0.02654871726803008,0.027946018176873765,0.16592948292518803,0.17920384155920302,0.0331858965850376,0.04348496793901479,0.1774889807427322,0.041482370731297,0.0058070142452027376,0.06122964586409974,0.007713220958963198,0.018101398137293237,0.004670589878041997,0.06474589690330769,0.013298659550716022,0.05214926606220195,0.02413519751639098,0.00995576897551128,0.02079913492420303,0.022123931056691734
73,0.015854191755240638,0.037485653090164175,0.027262293156483042,0.021420373194379536,0.042840746388759066,0.007497130618032836,0.06530356170849809,0.029988522472131345,0.027262293156483042,0.01883212014545369,0.027262293156483042,0.024990435393442794,0.2801835268076371,0.1499426123606567,0.010340869817976325,0.0027542721492948012,0.1406196214125102,0.014280248796253024,0.013038488031361454,0.042840746388759066
74,0.007192863672960241,0.06425256080650678,0.00403260738921861,0.11508581876736386,0.16467872093356345,0.021052283920859245,0.054596023762512186,0.10389691972053682,0.0037637668966040362,0.11226699381444698,0.09808450463127602,0.020970528784192834,0.001660485395560604,0.003320970791121209,0.0029970265304001,0.016202990515906446,0.01280085907899704,0.07974696680890703,0.007894606470322215,0.10550250130874435
75,0.007125932101448109,0.026644789596719017,0.024513206428981495,0.004859514499151717,0.015713593864731725,0.57399833043047,0.017509433163558213,0.026644789596719017,0.030641508036226863,0.005571183279313975,0.01857061093104659,0.017509433163558213,0.006450843797100393,0.01857061093104659,0.04872812526922739,0.007044024835914222,0.006885732142972329,0.013727152644001327,0.10952247042573107,0.01976871486208185
76,0.053203671310377294,0.054836520557754606,0.003500068504816884,0.000533620877447625,0.03374555111246437,0.006783591115714573,0.1859520472759755,0.008819859949848644,0.0946697957727034,0.06908890294048102,0.025298007094176317,0.0018879000878934279,0.0018454906661761747,0.0338129705202115,0.14103413968027892,0.03880738377933403,0.013740419659376304,0.030318268577604703,0.01847970656158763,0.18364208395577714
77,0.0018914051964529406,0.18191100289177772,0.017666747459565233,0.02439765537562565,0.024682728940656467,0.00995549829329632,0.010231274834939791,0.0042875165687912,0.017620528882396305,0.052273276693039585,0.014416796358324248,0.011327482852969053,0.005984330563832706,0.008810264441198153,0.0055643775418093575,0.005199500325953007,0.2688621740853318,0.2961722984810439,0.0288335927166485,0.009911547496347923
78,0.026480278871945633,0.16477075784015724,0.015155850440241021,0.007147630518816257,0.03175414136917908,0.005775091421074447,0.004321823104400526,0.23031081396625272,0.014295261037632508,0.09155541010416382,0.14195634521613545,0.004645959837230565,0.0023825435062720846,0.007743266395384276,0.0027329175513120976,0.0023523847277116786,0.04267674935295212,0.17376904925524053,0.006194613116307421,0.02397911236759045
79,0.005941767241145685,0.018735045394092445,0.6684032034322644,0.05180104062737843,0.021573688635621605,0.0021924002414032673,0.009752489383226206,0.017798293124387823,0.019775881249319803,0.007910352499727923,0.020340906427871796,0.07975459090744381,0.005049161170039099,0.01695075535655983,0.005352870112597842,0.005234792095408184,0.006245015131364149,0.006924181489846334,0.01924139797231116,0.01102216750799013
80,0.004758954783847419,0.01586318261282473,0.011330844723446233,0.01081580632692595,0.005715653851348568,0.0052877275376082425,0.03218001153825052,0.2952270115567676,0.011897386959618547,0.4468523120107555,0.08257158610943843,0.009914489133015455,0.0012184874698501736,0.01287755215168606,0.002603057652867795,0.003399253417033871,0.004102547227454671,0.016615014278118706,0.011897386959618547,0.014871733699523182
81,0.00853330964752673,0.051199857885160384,0.017554236989197846,0.15130584565482785,0.017554236989197846,0.5755916537096739,0.014628530824331538,0.014288332433068015,0.01807053807711543,0.0044846590848315665,0.014288332433068015,0.013356484665694012,0.006903351624965444,0.022755492393404617,0.004199289321165144,0.0059650319866206255,0.010072103190523353,0.005703319007896556,0.029257061648663076,0.014288332433068015
82,0.3132863974649463,0.41139141148986597,0.007800529648254814,0.008242069062306972,0.005144711151101416,0.0034694217756607412,0.004282643728453624,0.007403892547496095,0.007403892547496095,0.0018588496183075303,0.00704563968229467,0.006720456312342609,0.0021001425976070656,0.006825463442222961,0.006097380431822837,0.13899015908522708,0.018864557266706442,0.002873879344093879,0.0038751636968807415,0.036323339106911906
83,0.009334802557497489,0.13131844482947044,0.005085457843575153,0.02024712631908921,0.012988722544321383,0.6466478235420575,0.011285283522115299,0.012748190645352469,0.017651340893564956,0.00583391775295791,0.019668636995686665,0.01043033780074293,0.005336451898054523,0.0191222859680287,0.004049425263817843,0.003022190106748005,0.004952534495316787,0.023790826209042108,0.023738010167208046,0.012748190645352469
84,0.01315225848063249,0.018413161872885487,0.016739238066259536,0.04603290468221372,0.036826323745770974,0.08306217777227191,0.1713841730531528,0.05974696416691474,0.005434939842883402,0.011508226170553429,0.030688603121475807,0.015344301560737903,0.1713841730531528,0.061377206242951614,0.17164771858880654,0.004438186072813781,0.020565420031529134,0.018413161872885487,0.01315225848063249,0.030688603121475807
85,0.010142647155341267,0.023114972405509422,0.020225600854820735,0.01620420998826222,0.020225600854820735,0.15078796557853733,0.15055853636739755,0.15055853636739755,0.01244652360296661,0.023114972405509422,0.04045120170964147,0.04045120170964147,0.010786987122571062,0.08090240341928294,0.0019322281901298186,0.010112800427410371,0.016180480683856593,0.06148335267491233,0.009761242114593435,0.15055853636739755
86,0.014639604156654199,0.03435806560708324,0.024886266157917777,0.06506490736290754,0.024501623135915716,0.5744123767848327,0.009879686748353112,0.025522524099912205,0.040836038559859525,0.0055183835891702065,0.03223897781041542,0.021188414525777556,0.003223897781041542,0.027842753563540587,0.0044082062055308315,0.0036312963954344,0.007853084338434527,0.036350376966369086,0.024501623135915716,0.01914189307493416
87,0.013727744927601718,0.045402833353152566,0.03323559298261469,0.028703466666803592,0.028703466666803592,0.0073544907982193855,0.019135644444535728,0.03323559298261469,0.03714566274527524,0.005929550502437613,0.027455489855203435,0.021049208888989302,0.005588285545749373,0.019135644444535728,0.0023997008197316387,0.007893453333370989,0.013435665248291045,0.017066926126207544,0.5913031618898835,0.042098417777978604
88,0.1693820569485296,0.20772724495248146,0.006018971897068541,0.008125612061042531,0.0061325374045603995,0.16249007216159156,0.004012647931379027,0.004792329515093761,0.012500941632373122,0.0023051381733453983,0.008553275853728979,0.03284599556406817,0.0012500941632373123,0.009028457845602812,0.009871765737576739,0.3055613150940747,0.03057537728007096,0.005249874333963462,0.00833396108824875,0.005242330361962923
89,0.0017783611652307993,0.09576260368053563,0.012959525764831021,0.005868591845261635,0.09237063409551248,0.002292418689555327,0.009112606922626373,0.004191851318044027,0.004973382919713252,0.007286572386562793,0.004019583455658656,0.011900884506054156,0.00257394379178142,0.36554304805923354,0.001497089756444295,0.0011419486437753085,0.0019178404723077245,0.002465794892967075,0.09579176869164256,0.27655154894226186
90,0.009153888246051544,0.0056982346295202015,0.0293353350051781,0.02847876343216036,0.0633612643348378,0.008009652215295102,0.04914186477493744,0.01348994057312859,0.019716066991495633,0.06307095050210212,0.03769328994504329,0.01387153977119455,0.004882073731227491,0.019716066991495633,0.006744970286564296,0.012586376829246649,0.006927266780795764,0.04260980602483155,0.08521961204966312,0.4802930368852308
91,0.1108675115700809,0.06632786049036818,0.0027795903247631276,0.0028188250257920214,0.0035875954873716633,0.022375473036243015,0.0017670246430338044,0.1419487153382104,0.0028188250257920214,0.06317403575136538,0.21600891464510277,0.0015375409231592843,0.0004068407253720443,0.0020770289663730682,0.0009865887590272077,0.11868038301268885,0.12918185963337075,0.1074144211931859,0.003199747326574727,0.0020412181221252565
92,0.5471210857634391,0.06394676712937547,0.006048683307250784,0.020728933244844226,0.013191139337628142,0.1352784627461329,0.005527715531958461,0.014156344655015567,0.01707088620163642,0.004464693314274141,0.023216405234225534,0.013497910019898566,0.004658844753317569,0.015686760293395628,0.004087395287715762,0.06101627803820122,0.0012666889003597448,0.004667815787453667,0.030547901623980963,0.01381928882989615
93,0.09092946079888417,0.09601647439979273,0.0031430781441185904,0.0055003867522075344,0.0028207111549782226,0.1511687945163403,0.046168200234046664,0.009814482428480813,0.004583655626839611,0.0010443772314318101,0.014504951797669837,0.042306824567707006,0.0006182815836827548,0.008526559502684295,0.0013866521224052608,0.173072288176838,0.31218049680134957,0.027734742997742323,0.0050772800789608006,0.0034023010838397125
94,0.041507417888292715,0.0483002231665757,0.05644552707336508,0.01938318099500462,0.0015359272763517953,0.027765097100952558,0.10548419984397779,0.14424839479482915,0.011289105414673017,0.13030057880686607,0.03661530610590002,0.0939145643787347,0.0009481032570072811,0.06800997652254234,0.005167548253195394,0.029929041176450337,0.02844310792269957,0.09104171425931025,0.028222763536682537,0.03144822222658911
95,0.03857179674030433,0.03639853095429313,0.002816115645505714,0.0033670815794008763,0.021891314074497244,0.04929353636121768,0.026902957031227366,0.008057219763530236,0.08396471121994666,0.06867123285427344,0.08991857256099745,0.11075014802234288,0.036687807722310874,0.035573385371058024,0.14258394195661156,0.09459660949753883,0.09838715590642445,0.0437826281489945,0.003156638980688322,0.0046286156088365185
