site,A,C,D,E,F,G,H,I,K,L,M,N,P,Q,R,S,T,V,W,Y
0,0.014677375283375994,0.047062215836789996,0.04476843272762794,0.023606467014097264,0.018040502955825686,0.030569098799973222,0.06282265491801997,0.018202703669450787,0.09902393327207297,0.017165228277444957,0.018650570375033242,0.033686641256321835,0.0170247204384755,0.015480191473346571,0.40781632293546116,0.06935483640739089,0.018290189290816463,0.0110238761442597,0.011850103739144621,0.020883935185071208
1,0.01831109239670111,0.019749175329609767,0.020799749790276014,0.04201889327011168,0.023979004814589294,0.4628778493583417,0.03695129240327508,0.018727558643172583,0.01987157388712269,0.013440268168605085,0.02171811249640152,0.03721803358521729,0.0485031000611664,0.03174935554603881,0.07452275231254547,0.018637085693980537,0.029139513324040887,0.019368928633297203,0.01290797370433629,0.02950868658117063
2,0.00914116206921692,0.05925239989028261,0.06436728991840303,0.01560385814003065,0.01397446495919429,0.615300273682897,0.014380116053492847,0.014861265778911996,0.016156345809621005,0.005427904292764982,0.01782848473751142,0.014663719125381454,0.008112802995145156,0.01681708065074415,0.012180481431501756,0.05640499548620985,0.010758180324412734,0.005571092244019962,0.012251199896164015,0.01694688251409429
3,0.07436313269091661,0.017013605316579878,0.02069918757177948,0.06059622653364054,0.01923673946870912,0.5294411023090774,0.022340898417085295,0.02124926377087327,0.017115224050653053,0.00887789166182295,0.020800810175110658,0.023027380054815985,0.011594987573297392,0.01942126756017935,0.03600142276778515,0.009244210652866788,0.01297128409189214,0.018295011701112345,0.035824508448876385,0.021885845182926227
4,0.05256948263584195,0.08169515399844797,0.03750034957809471,0.01886295485621844,0.015943600607867956,0.03175087400591477,0.020592104960907295,0.09851087862847216,0.01847968968934532,0.06358638553162979,0.04310457120952651,0.045467255067812,0.0032485308840856687,0.08793406873287046,0.04555750608034574,0.07578643330212753,0.08697298830235538,0.11408651372494694,0.014545463610524504,0.043805194592664916
5,0.1427251015884438,0.09721771884029402,0.012374769738431586,0.026887443499972814,0.009294054817320032,0.452402924030596,0.00877741933269631,0.010875222138741383,0.013730699327405395,0.003839426023867908,0.012384441561546777,0.010916702634385139,0.004428363771934078,0.011679514244564461,0.0095159986158862,0.1448668123333325,0.0050315792235423795,0.0037558032540587847,0.007194197452509536,0.01210180757047089
6,0.02549046461083272,0.019152146015705012,0.21156994222305234,0.14179573443496793,0.02947736413904916,0.006071484283607661,0.009398548544209948,0.013968715689194776,0.012076403699278223,0.018562077230626396,0.0642204531022615,0.03318737158195395,0.008295988595422932,0.10135227667750116,0.005956508505805143,0.07101321270455557,0.08255063174463237,0.05154942624754693,0.05182825026255134,0.04248299970724492
7,0.03175236297484287,0.0472394163052261,0.017070492175400392,0.017258274568390176,0.014028857829951084,0.007188533320717351,0.01623320374609054,0.03152504303054276,0.016910676049234064,0.00733261095891101,0.015430883732200482,0.015156695612990441,0.02026269045355134,0.0153688455720853,0.0063529468878706224,0.03913958478694321,0.6449069305647922,0.008239095149447137,0.013865625312978126,0.014737230967834742
8,0.06418830037540604,0.081073185582829,0.005073225699033161,0.0072882791004727256,0.005393488491498044,0.00893980126792054,0.00449184765458648,0.1538008884367188,0.00472524959326803,0.17249898396257238,0.009832033039327432,0.00942613418792062,0.08164291903511396,0.014300185437346735,0.004882563127068678,0.04156242887644641,0.1731785642438397,0.14943466686396,0.0035572992216641353,0.004709955803007106
9,0.008741006580783499,0.018482079237913243,0.018127459714550365,0.048974677923580866,0.01672495869386944,0.6716366798520967,0.017436261443572368,0.014968812800575205,0.01951714610254053,0.007093764944515407,0.023186572083104387,0.023036231457739514,0.011896139773564827,0.019712928264797574,0.021884169772233696,0.008907718597847052,0.011706265295618306,0.006931917433478036,0.01264617323945149,0.018389036788167425
10,0.033826533079355126,0.06714380926845295,0.0835231058241857,0.12600973982516744,0.02526676320837351,0.014185280376637445,0.036529442125963735,0.11770754702525965,0.018169076404808773,0.02095103489502031,0.01672542167712569,0.0190494856836083,0.0021242230066310136,0.19122567648311198,0.023446976785861842,0.01140886624711104,0.0058728786625576465,0.10425049383028548,0.06405630188215904,0.01852734370832333
11,0.03206940915292696,0.026781363764623672,0.012565620903009472,0.03338016457347559,0.04304589645810801,0.018868756230273082,0.05801648073229026,0.11194182467404566,0.10046504889422661,0.0728003298947391,0.14717361851712257,0.07128887548235482,0.004137971233938884,0.057256205146212685,0.057781821002195886,0.03273602165612176,0.026143567851333416,0.08107334549540163,0.004865493204105278,0.007608185133494627
12,0.026822544859627557,0.050460109335595804,0.03415136181616178,0.03387194107417967,0.03448600671246329,0.01626967395539513,0.04198620631403106,0.03622741892310321,0.03270817216658621,0.031151292404335378,0.02894200540460165,0.040180366693474294,0.029371787224809095,0.04198959691875416,0.055879956617101025,0.026904148136716106,0.03336086025631815,0.0187435592298104,0.35652872720253803,0.029964264754398028
13,0.036326861121828015,0.02547137831415799,0.027527060091232222,0.056708908908995125,0.03157657433204115,0.007919450320375816,0.02879557244060316,0.03551303359851894,0.4113955184001598,0.015318353901509164,0.02189695793866685,0.053934618181201543,0.020806676947634852,0.038189366383204755,0.0516650181824519,0.01723463923323658,0.05733777723596617,0.012972763335011059,0.018387898303362515,0.031021572829842414
14,0.055324827860816175,0.023204883186721103,0.011837474198486186,0.016058202946502308,0.04896276407392612,0.0636905860569974,0.04296326562584927,0.007569229834388855,0.050130581003614075,0.036546539387841775,0.06872354367158015,0.1535719350320322,0.0017316645115073204,0.0741352732399748,0.021911346268797576,0.13835448868067748,0.0991256496128751,0.04977070613659915,0.026868974787452395,0.009518063883360538
15,0.10137986593999734,0.03626868585079218,0.017491296616097034,0.024440275450666214,0.006585472146953002,0.03840460999738307,0.07417301994672537,0.018985209786251726,0.060406243772766,0.027605695700930154,0.09978112569122549,0.07123980392159658,0.0021084171789521548,0.08288322649049416,0.13052687895318016,0.12799435789330235,0.04309221511633382,0.027391653019868466,0.0037730049118801126,0.005468941614604592
16,0.006546943236924499,0.017536775827576127,0.011427668659526682,0.014704172917475855,0.01161812353687921,0.005162215586848798,0.016966376437813027,0.19813369176709694,0.012437680319072641,0.26574172126994905,0.16193883141675702,0.014179133120039506,0.061572934275741724,0.015016354879826822,0.009737794395300953,0.0047852738123073425,0.006431080817063907,0.14426149541459835,0.0096883552120895,0.012113377097112023
17,0.04092322674885488,0.013191091232810863,0.02008593302805915,0.015646527875086,0.010335944646698562,0.14895289241619936,0.06179150894987261,0.024133229559731455,0.01710066366998887,0.060214209238461214,0.011775819216784418,0.26681274892520707,0.0079678039554475,0.09967016744066612,0.02999687607530618,0.08389852987009863,0.01753683182581585,0.03133885921514136,0.010983270901930547,0.027643865207839343
18,0.0215346250471479,0.11680270123550814,0.06007191242145426,0.04185156288883622,0.04959744152342342,0.04595248673420248,0.10071069656051114,0.026170530307506993,0.02627613652720576,0.08981892214941403,0.02883815674664544,0.035041733983703076,0.0043343106790035245,0.07153485426264986,0.06123908117350446,0.08188761246412592,0.06647558416987596,0.01649902231442173,0.01634766200746132,0.039014966803398415
19,0.009401817891032033,0.010893112863453812,0.019912408150615228,0.00968698004911002,0.041884699052093334,0.00909688406326391,0.010899588498461118,0.03336796881247921,0.02194421655875055,0.28735071517152583,0.2971950587110921,0.012151839873455602,0.0071175993631521495,0.1185145052555018,0.003958046560433092,0.004945526837428693,0.02392637262403677,0.02601426725002934,0.007784773918467272,0.0439536184956181
20,0.12913292437040286,0.06749460152944554,0.019895655158693012,0.09006657665590373,0.007279770009989036,0.07780141666666332,0.012368507360500196,0.008919634255926201,0.03126865679052093,0.04937535105729059,0.012344410765600649,0.10046638047287736,0.10158820115258586,0.09950732706914335,0.01676050500603037,0.10160265071846927,0.014312148988713852,0.03046499366293159,0.007048451636097937,0.02230183667221436
21,0.11091516498611025,0.04116928290931107,0.010683630694669892,0.01278132155301232,0.010169367983148277,0.06686106763210319,0.07136638512671158,0.01739962393597162,0.025246138971551976,0.014816574432101812,0.11702145905883089,0.016840921929803986,0.03888737863550262,0.10799499205804856,0.10356769043020342,0.08060851244414045,0.11091620057700292,0.01850387350840009,0.011311415276041029,0.012938997857334019
22,0.04768711652289812,0.006910600355978978,0.07817845755643292,0.0408466552482214,0.04269186569234182,0.02488752281951625,0.051646003921208515,0.03252969662335935,0.029727445757319088,0.0493256365389091,0.11844842418821207,0.02934471803681602,0.06830172028185619,0.12329514683196455,0.033722971817520535,0.03240401284363743,0.05746358928530385,0.07975181015765448,0.01001973328977531,0.04281687223107406
23,0.057391481839843585,0.012002546905029454,0.07276983143222351,0.14371440050853931,0.00994616369919438,0.08023217746782967,0.026700547545266677,0.02551040812020792,0.021261288084939007,0.02909582548574371,0.04097056189745207,0.15612125073426086,0.007611160381831972,0.20363729406088074,0.009494938252223313,0.044291311628324025,0.016902527328805116,0.009384366599024252,0.02401363623995023,0.008948281788430225
24,0.01791708773562867,0.026829512088155632,0.025918178680412598,0.025087738337340258,0.35031194003147587,0.011951644500297565,0.03749804680897216,0.06791503156448359,0.024016669940273568,0.02616424672791059,0.02302553630638077,0.028733024538422847,0.06863917042222202,0.02734148860395773,0.009316319408552593,0.02807122342359358,0.029830072284310425,0.012755114311772136,0.07145683500891246,0.08722111927692497
25,0.07502136455168906,0.028651505273339036,0.020368542288029697,0.02655175485288678,0.06301007196186088,0.0145797699226814,0.09560833992290577,0.14025143823237232,0.023218983680977922,0.057539411475051656,0.08226606901636745,0.0902597366264878,0.00815066213217588,0.043004101205989284,0.04059910620538277,0.04537308124756777,0.06552854842937311,0.008822564295153993,0.0024775301662726948,0.06871741851343471
26,0.018713687590433983,0.02510816485240383,0.03311716208362234,0.07116075204043561,0.026307058919803984,0.004994407449295049,0.016324780617079957,0.02165455940775401,0.0813719531514524,0.0020863938385537397,0.028341087103369092,0.09671003291297049,0.06787398728272996,0.07851447346541393,0.12084677807097555,0.152046124595566,0.11860339824130156,0.025148200587292904,0.0035953801282358555,0.007481617661309734
27,0.017725554139128467,0.038088465625747726,0.05666875451303212,0.020809503129989578,0.0737025093808438,0.011906324798638493,0.05926240205716792,0.029837915453436746,0.02050040286186029,0.0123365099452578,0.02585910449214651,0.024968305656202918,0.020164242000776243,0.02568282118567584,0.010649438247779409,0.023798550502108346,0.016025759902295662,0.014707695083827368,0.017752426128460588,0.47955331489562414
28,0.01602055971596944,0.023741522082332274,0.027283060141492996,0.07077074501671282,0.015786703754944145,0.01584769234847999,0.026073770458726574,0.07137957801050138,0.4323193025387066,0.010894275301126416,0.021939576739991924,0.04017614945901569,0.019578507779472034,0.05210493447059381,0.04127392179103182,0.014073375014013937,0.045988279282461596,0.0124974141531109,0.019157062247041536,0.023093569694274077
29,0.13980389008887256,0.016094064374764655,0.011109504670383066,0.020148459942041525,0.010210441362152451,0.02819550119367761,0.01497298749719647,0.034208770213450194,0.14292581175075203,0.05904332707262862,0.013199099002608933,0.0471225018869996,0.0072071887265932584,0.05139693029481807,0.15550338883409573,0.13091692025618054,0.04971408911203816,0.05175255970133864,0.005832310087284344,0.010642253932123603
30,0.21486152646444015,0.17793508071670783,0.0637797687298271,0.023065610194540568,0.011791656628598608,0.008454864932393974,0.01452007488286805,0.014095486336421869,0.01400456731398047,0.014718910961017559,0.016131989170741788,0.13812197506012794,0.014649328629401569,0.03038729095387879,0.009809803631176643,0.1334959436098434,0.0498835049477487,0.016337165779903618,0.02197387882958109,0.011981572226800288
31,0.15152102136310758,0.043534182190229816,0.030197147617614644,0.020759702944947982,0.02139742613832332,0.39325863545940026,0.06106900806889223,0.02260002324152544,0.021895195497549032,0.00991733432562285,0.02298156884717345,0.019205532230807235,0.01634809443130464,0.022841603542930924,0.010461468215719987,0.048581121643001955,0.01599351512068135,0.01973708040895272,0.019364700696366914,0.028335638015847677
32,0.014087716764755507,0.1327450506473987,0.027005468868913623,0.023691184476646882,0.03848701111494075,0.011376394550709995,0.021759857177268766,0.2943581351356256,0.018573298247227154,0.02080679198546447,0.050017463331873555,0.05340996204947643,0.014956302954229273,0.028726700156173193,0.008704273409197681,0.06037742521045187,0.08737989764008987,0.04412438419021911,0.023704939037608837,0.025707743051728783
33,0.023934342744340576,0.05878199106744456,0.010928272569299744,0.009863788473779604,0.01304422888944921,0.012504250783506875,0.008930652574673494,0.07140487000227404,0.041692968726664385,0.17613705894827975,0.04621820675475531,0.051905864884612546,0.013096677186438239,0.02617192144735518,0.03987232916962309,0.12141606173001124,0.11831209986460126,0.03926176044856664,0.07801664396892659,0.03850600976539772
34,0.020096765287176643,0.023263285832274275,0.08326861013708949,0.40618529364216865,0.023836794039906278,0.06343878695500436,0.02286124617800148,0.020682519378466893,0.04116243928422731,0.010906387319847308,0.019071732176525573,0.019066039093253034,0.01518181027282745,0.0686557144681668,0.013233495731800087,0.03638855303757403,0.01703467753336755,0.03236302434833126,0.0216240134279749,0.041678811856016594
35,0.03736631084571595,0.06251259462864449,0.022844111404472407,0.020628417778383926,0.01604909442158892,0.01908634813185996,0.015382566266786501,0.2689155984952072,0.02190416786180754,0.006831257298988627,0.02327962574703771,0.015090668715372102,0.05314208257722792,0.01885663272118478,0.006176989975996087,0.0075838762947381495,0.01775261801401005,0.3367736649094721,0.01319095804593226,0.01663241586557333
36,0.010714044136590122,0.08631125694997104,0.020474957761426965,0.018700031485298894,0.038440429849308955,0.15385486223463635,0.04716022199511471,0.014532744833758706,0.03198932091800479,0.019887408589678354,0.02053152367878651,0.09882680106833834,0.052604519797091645,0.03288860794980546,0.031580024371108566,0.1520463937719278,0.039969751215996524,0.06040989065648193,0.04317819642730821,0.02589901230936615
37,0.02776147543693244,0.03496272764834911,0.0407249352805692,0.028584628716962185,0.03408033893165758,0.028927451668910226,0.03439307896364932,0.045238193929954366,0.032263547970963403,0.024283639951229778,0.03380997638500821,0.04341745283384293,0.03260370677161406,0.030154098852058154,0.38876016976427025,0.02499112735711631,0.027409929835932833,0.015419467625320937,0.038530878507011174,0.033683173568647466
38,0.06808425209368342,0.0135974417694381,0.12180877351998155,0.1625802353771828,0.039029023990517796,0.04358136345045167,0.009462289282431124,0.12508007351317302,0.054145687401310705,0.004988253122042579,0.013442939729240254,0.09190962230510635,0.0035973366519302837,0.016111644321177426,0.004233779895782669,0.02691284842623753,0.13416261105793642,0.03850264521476084,0.014472450058777299,0.01429672881883813
39,0.0320246524653851,0.012347469085443735,0.057367376132435505,0.2035468931128324,0.01797042070654354,0.06264739551883569,0.034020914689982765,0.05834363787701602,0.02156280796617479,0.02312522545083998,0.044995676199347336,0.03529275585618718,0.05611758946741427,0.150000377278348,0.005050910175894881,0.03861797414580731,0.04930551702927579,0.08336335389890441,0.006808599586700332,0.007490453356630977
40,0.39576329036184,0.019118728734825886,0.0443363205217148,0.015091142855975289,0.01695457779866148,0.009061638903821431,0.030958751647355506,0.023818345187042615,0.024350877619665978,0.01078086951204273,0.023873783039598598,0.01823617362067042,0.0293321643694495,0.026589951103724502,0.010065677322876016,0.1851355997945439,0.033136252640950256,0.038880748234423,0.0291702168243578,0.015344889906460324
41,0.12816226929963806,0.11496984687993775,0.012475040528435016,0.018014239573829343,0.013685076992968698,0.03026056496461934,0.017151579010382424,0.1313780584252353,0.013986056757972626,0.031045134019182644,0.06740520862974873,0.010220798392626325,0.004112118310900946,0.0296540607412499,0.20554759684451365,0.04282317092814145,0.04773296810974103,0.049377460548404965,0.008634377909374335,0.023364373133097506
42,0.08976472699760753,0.03765310005163293,0.007394053942509541,0.019411866512972577,0.00865842962757567,0.03771193328273898,0.0629295927089115,0.04587880880272648,0.024243556770938993,0.04978454378528928,0.07074993758312216,0.010046242200433148,0.001229345400989953,0.16734287772128426,0.09256229561125637,0.03811948899539858,0.13682949685460186,0.07574768269102819,0.012611436266056972,0.011330584192925052
43,0.20875458314788034,0.1547681639159613,0.02328269021483646,0.009095625854588106,0.01201841505296759,0.00348542698359347,0.011425413255533081,0.021590402526238058,0.02894456595859877,0.09932692032495935,0.21288135874634376,0.02488455990684939,0.008400878727316706,0.03690733591706194,0.020104920449021728,0.062137819901825424,0.015031463213399767,0.013307498388814587,0.017972406966017002,0.01567955054819318
44,0.010666312139116275,0.016030279385916914,0.016020127656255895,0.017025134511918377,0.07755801205158387,0.01541804434846692,0.07270912756074724,0.19276444097168507,0.022739931477677607,0.33881867849504554,0.06328275582733707,0.01300055576629802,0.0291212009595788,0.01656244203080475,0.005524406110512765,0.005580945771735697,0.008115842463960606,0.05188987814792811,0.015236197423067628,0.011935686900362797
45,0.06670075548474858,0.014767790693549152,0.06013263541894373,0.03820768970605914,0.0360443249731894,0.03143796967948216,0.08188551341516104,0.06335358830839237,0.08849334475784754,0.04905806513384929,0.11917889306480683,0.022298398578569804,0.0015869535895069835,0.04028415028636916,0.011405785334043666,0.08193707974422171,0.0560280615600665,0.07161639262292308,0.018443635799505243,0.04713897184876463
46,0.035116278929294385,0.05290841810312501,0.14642624183750091,0.1241028029946898,0.006530628243187085,0.04860749569405848,0.05446608573947961,0.02762415222602989,0.009343480966564288,0.018730923778855813,0.007382548899131795,0.038954353802696406,0.0025318154403597246,0.08447338840358895,0.013827249388889414,0.2159553722440306,0.04046759963757629,0.02263686118483733,0.007120904552010986,0.042793397934093265
47,0.05781647123946751,0.12337964537561354,0.006957119543755044,0.02455366637119487,0.009531750614311633,0.2242671642607981,0.10238781594771494,0.008181354042610514,0.0924734729795257,0.016013720359718975,0.015666635116388355,0.10750968506586332,0.0038581305250335787,0.04385003908652893,0.05382342192607004,0.07174288868077817,0.005196996176256218,0.01104958865670899,0.013442223579650562,0.008298210452010958
48,0.047859488092920045,0.055349986644979005,0.033469535737175996,0.04014878655049805,0.034239900951730316,0.02665962239366307,0.034875181411235204,0.0398875607182216,0.04421999453247186,0.07948069563764927,0.050887233093288305,0.06439595069418638,0.06382574545043007,0.03626596084164799,0.011876706823513277,0.015689452458446725,0.030751039917969968,0.09960674970650554,0.030849700772740265,0.15966070757072706
49,0.05492827753727378,0.019570693859085473,0.23210382430933013,0.016785474141672918,0.008764076851143242,0.05952870244196354,0.043052059977266584,0.01007702600016856,0.12067564502801079,0.07330023957109527,0.0503087384584986,0.04514572782386047,0.021747601746709977,0.06172804714769168,0.017870820098836424,0.0355498069720927,0.03742501362415538,0.06323868440337638,0.017736185141389565,0.010463354866378586
50,0.06914851205403535,0.12983695123649497,0.07924091823365416,0.0430936617638834,0.010379655412366042,0.0897065878375288,0.0332727481236153,0.01905913381431181,0.017615410644627325,0.02344058175386374,0.03042198160012938,0.24510129084344207,0.005867685008441522,0.026867912206043985,0.025208248813638763,0.013702593227205663,0.07117448933906566,0.01908877199095097,0.015294728355088055,0.03247813774161303
51,0.06290989760940516,0.044816124940222746,0.033366025684957,0.10781126506358864,0.016635927827008568,0.16765469627973198,0.12835469982957187,0.008509515584783847,0.09448856504572913,0.04346493695395841,0.048510810751574755,0.04978351424979002,0.0030381772137915495,0.011500693767774522,0.01174043396804507,0.11655905368574515,0.014910882625268513,0.01709101195986755,0.010377365148018684,0.008476401811166849
52,0.010860123224169654,0.01823797345945821,0.018461980229634172,0.06516505093818466,0.019254674811364565,0.536506900989315,0.017506143688743803,0.01970599810337218,0.02539062715214169,0.008820050637549806,0.020264361470070116,0.01885856425036035,0.011787210356084828,0.036494266390413,0.08035500849261497,0.009467501800357873,0.012439859532163294,0.025019540284839298,0.022949291257809035,0.022454872931353564
53,0.015363731965327171,0.014460551956015956,0.013225488377272727,0.010163074685714,0.3467626418759797,0.006235118036155618,0.2319622214732397,0.008895405905494851,0.008134966093724253,0.002405582961898531,0.014947972502752021,0.00475736797039571,0.004716880686997612,0.03453474466390653,0.023317464019060537,0.003540116984894251,0.007131314646115068,0.011006365363348281,0.021367658135496684,0.2170713316962108
54,0.2339950812243082,0.0323488764896722,0.012649051171122234,0.013842656101339182,0.013423851351258813,0.004505830343432303,0.010573401753598853,0.010946969459636498,0.01438055500369287,0.004916967824761255,0.015922519809911953,0.007955941471064239,0.2525205669385955,0.012468911154188508,0.004624731993245854,0.25802455937546737,0.036671125216827055,0.03413067015216898,0.015103281123152155,0.010994452042555974
55,0.04082532137377579,0.025985721903720373,0.011471638566598124,0.053459320573272365,0.010853650655319604,0.009313126220164497,0.013851251743688146,0.04043655404414793,0.013701012411880846,0.02358641304615269,0.022558606920506555,0.008268849796650709,0.25804462048653526,0.011196729371203713,0.006561802385267839,0.005257015150829768,0.014049277244986691,0.3996276869884836,0.02015698383402487,0.010794417282790698
56,0.019676333889362,0.033705933307349195,0.015707345126968204,0.027214639609161203,0.039131204045948824,0.013805749392076848,0.013520739091705362,0.025460199092133026,0.02494590906468872,0.009281063586063416,0.027001117287293836,0.01798319931476675,0.0789657192536387,0.015553554004372779,0.009229822763342381,0.5517085989286906,0.00759877788210091,0.013102695168455867,0.02467856352019167,0.03172883567168973
57,0.010719490688785556,0.025921862369171867,0.02300974174416034,0.020130687399054926,0.022795091215548933,0.011479902419165577,0.016264760541911925,0.022560715384825587,0.016335736991238987,0.04427180246766089,0.016597310475585242,0.0207261458366349,0.01240492357775327,0.023420696996596678,0.42219200818922553,0.1336930706943507,0.08023936034956666,0.013420902072615112,0.03955024779633781,0.024265542789809483
58,0.01022564992839343,0.022436822602818193,0.020981423542299447,0.03145588215935315,0.025232624605180866,0.6461998507136408,0.016690651636661412,0.02366153383954029,0.027354741468608716,0.00930507497409341,0.024470812437412476,0.020831318029098968,0.008546785189130176,0.021688568855803548,0.0194187820647638,0.010389953940390032,0.0112581102816763,0.010109275149415163,0.021280105201672273,0.018462033380047562
59,0.31989660489268873,0.03928442531164309,0.018949875684749266,0.01881297342996257,0.014510922026034677,0.01967396572114308,0.01073378904323791,0.03388919259083351,0.014395222525842343,0.006011152542218291,0.015113461375792094,0.0247338246077234,0.004768641508520054,0.013574987398221902,0.028511240058304292,0.21248860671986314,0.12005128178245209,0.05342149131247418,0.013278788716341241,0.017899552751954192
60,0.11448802931389777,0.04885552166755939,0.024653738547749052,0.03105547950361024,0.03531285103397565,0.07576025829035023,0.029498639008993945,0.02075330555158005,0.02260902318772862,0.008412661932563167,0.03995098626831687,0.03159954771034631,0.02518664337913049,0.022210406728085087,0.008214172040139576,0.33075691592245526,0.03281138840001445,0.05173011580340123,0.01359578586016811,0.03254452984993453
61,0.019049784314538604,0.050774418413592266,0.024429304814555377,0.03895018173435744,0.022594891570019496,0.012024755286777392,0.0306091782717655,0.027861606545497256,0.45820185443744504,0.00935833104892724,0.0574437765931533,0.03590335754963326,0.028788823917593492,0.039104049902351196,0.040035811958769256,0.012301305354038308,0.035947612071165654,0.011315562039163889,0.018619134372178388,0.026686259804477676
62,0.00646833703455855,0.014332730542135233,0.012577616384188821,0.01685812267477259,0.3692439150912144,0.00837564326494404,0.013475855672564546,0.06044275500817057,0.013906483843961849,0.37623881486428234,0.01252553524251774,0.009566007846705943,0.014910647582027621,0.015972691164805552,0.014248222645265622,0.004676550396815457,0.005189505003345628,0.007881033510432399,0.013075939205449413,0.010033593021841628
63,0.24566488454973204,0.01661924394636839,0.029214275121909064,0.00544640030601222,0.023257628652378983,0.029961515631423418,0.006650171028621604,0.06464379044629671,0.06315397436941084,0.01108487330644053,0.07717478773583941,0.010473719731131613,0.005711476632598307,0.08432040227264037,0.07809407170182225,0.16923886423628623,0.04599420397975056,0.022905108598089086,0.005033265811545445,0.005357341941702828
64,0.009181724027629172,0.022852873181060697,0.020947091982581642,0.017875576478782414,0.08936945737052807,0.017976600487528208,0.014822933100558041,0.016635968648596452,0.01609378494909843,0.012060197336031704,0.01841786356158068,0.014138941940456406,0.00805002767607552,0.014751779826344102,0.08038431458685567,0.014499604055113196,0.0094649593123539,0.013053476274684544,0.5397119023089263,0.0497109228952149
65,0.009757617638664394,0.03321846656910577,0.018711848109048017,0.024415440563356067,0.031890503880871605,0.010927420105077567,0.017807301591550022,0.014514093990104985,0.0213731515051211,0.30996202241619303,0.3146578784052739,0.01512748327900108,0.0066282177906216615,0.018667273789074536,0.011679813809069038,0.05228380367591994,0.010895248372750289,0.01027787785989262,0.04447166059560853,0.02273287605369585
66,0.140278184964191,0.019806296384019272,0.021319137951511278,0.03185157424812269,0.024796956467537604,0.027424970620443304,0.021080648918036963,0.018614741072738514,0.02390255938645827,0.01250316870425001,0.036484379298570346,0.016938397618058532,0.008090766864503005,0.022453445839463237,0.008708442731881564,0.030368754646119975,0.10751472715317374,0.37636166242822383,0.022876563788176898,0.02862462091452001
67,0.009586219793982002,0.031741438719480514,0.04476642975690497,0.562389055728694,0.021517069195203926,0.0512664267426066,0.018467461091997248,0.01620669540140327,0.04844522407105493,0.007996594691724044,0.026030115005896557,0.014065528379646539,0.008575616446828128,0.019073334071405,0.021965375505769907,0.009776764012849864,0.010967631704978954,0.03395513350783135,0.023199001221670658,0.020008884950071484
68,0.011336596644618181,0.020243471519958645,0.020446388576468234,0.027108677816351467,0.020794926797464183,0.044223262509525435,0.012575742510366044,0.015513650033250226,0.08117022958036037,0.010890362994086118,0.023888819109005924,0.01467449827151196,0.011362249609878054,0.02397978952975497,0.5445815717248431,0.03438416574764918,0.024178463719259496,0.01888206765897534,0.021163249451443215,0.018601816195229867
69,0.09959210533778508,0.02111904823522243,0.12045318938712193,0.04620027756814109,0.014384803185482546,0.47367161605865793,0.013382650995950976,0.009614081926498461,0.011942994530693887,0.003823272466159905,0.012868788348798347,0.04680330661811955,0.003126066757356766,0.01803581876826375,0.029404494855957496,0.0282744013380995,0.004941817398149121,0.021485611691095714,0.011838509465629617,0.0090371450668159
70,0.017288685772647673,0.03768052477621743,0.011652355339166358,0.015423664569530508,0.06633860985761003,0.010935085776865526,0.05988202007826951,0.09125459249497003,0.011719367640686549,0.24408549179123962,0.10027246421396538,0.007488306150406015,0.003036034095328526,0.008624304068216902,0.005599868614734902,0.005911671144386272,0.00601467719241913,0.011895915108154565,0.03656994904650517,0.24832641226868
71,0.008449839596781614,0.05572823037095302,0.013644307581734162,0.015723082721362296,0.02327198419691228,0.01080620182394118,0.009857359667994977,0.17162262905979728,0.0204056224639498,0.22655854760236957,0.0745608683044937,0.011450470474462014,0.06578814771547306,0.03486278658812994,0.0327776825941766,0.007677770373721856,0.027263425639809827,0.157708342626262,0.014968785893628376,0.01687391470404646
72,0.060116325693720274,0.01037223724065165,0.276814793402766,0.1715469862893565,0.056388264582035934,0.030083917681487746,0.052132946733472775,0.011049411428183675,0.06117747819677714,0.013618316968628376,0.03840664697400769,0.008540416007099622,0.02550590358765033,0.035470295476934255,0.01173124944267852,0.052106900777595035,0.008135229659903643,0.06512761981083649,0.004854259097599958,0.006820800948614439
73,0.0377060045113027,0.0332817992602916,0.03078617090225068,0.03168522151315213,0.03718239308947622,0.017367126911067066,0.06744964522403064,0.028826781379879013,0.03158294037716727,0.022380492619436237,0.033495362876253446,0.03454606278955033,0.3761303503808723,0.0467704631903469,0.018552111715614057,0.021803245645334583,0.04555715792118572,0.026310442816567865,0.022430330648284195,0.036155896227937044
74,0.017548889250038186,0.1659975520702074,0.012511110755933783,0.03746049099756826,0.050478248820969136,0.06487936018856033,0.02493278979133667,0.03764040602303741,0.01109604889054734,0.13886485964037876,0.046927263190045594,0.038489611743365106,0.006732379344769359,0.031867580405634574,0.005945096297381476,0.024501495933890505,0.006722600445171389,0.042550037762153804,0.053454010920431845,0.18140016752857907
75,0.02587426643120609,0.03050300403017058,0.025261466962343753,0.018653358953777795,0.020629822936223095,0.5748359992890198,0.02155970357149034,0.027493055430200662,0.027807354684032122,0.010938272875362465,0.021979854959447667,0.023289106647351027,0.01151452109448547,0.02314621708075336,0.03484667281605068,0.01219223789064641,0.012029373646273484,0.013552742978017321,0.037439502850977295,0.026453464872170606
76,0.02483467993541679,0.13161140947315142,0.006753574935223594,0.011857504693135089,0.008157525230063172,0.013803092090621963,0.2839202467129154,0.008944473090251643,0.08420898857526045,0.06573464856452137,0.050668206424930404,0.016826422451268638,0.003792496502838765,0.016946342548982203,0.18427979928324834,0.012367547628833438,0.010275217320813762,0.02356145808673961,0.018975224219963987,0.02248114223182005
77,0.019858631216269036,0.32788074455254107,0.01837959704344921,0.02181610626855765,0.013804657486000488,0.02757093523783043,0.011902114097603566,0.022641949048311787,0.016695402264949397,0.0602199735939589,0.015139363335021732,0.011394717202711655,0.006929906600095885,0.010446216518698221,0.006665100034999669,0.006201740369033905,0.19605695765836129,0.17644430156396973,0.01918219618020654,0.010769389727429841
78,0.04052130651920636,0.32300847498881574,0.024959358933641575,0.01459347648798441,0.024047317624036835,0.01707765178082363,0.009747897806639302,0.04267581862608609,0.023403107589243573,0.02504697701565159,0.15321758483921685,0.010449472239775019,0.005714922259505782,0.01511948827195808,0.006571839545917867,0.005684473701787144,0.017647699774026648,0.2043612726079249,0.014322368899433507,0.021829490488325092
79,0.015905921808754733,0.021515525866925015,0.6333910688179094,0.018635613845459354,0.02313737544800147,0.03104366791221569,0.015602002432774304,0.02311743761988815,0.022442707663167773,0.013813871436566138,0.023598170313275532,0.025504314144667178,0.009876471671127564,0.02182729701325658,0.009930751691828645,0.00997765154244173,0.011031595078890314,0.0305724204175188,0.022762720211684444,0.016313415063647235
80,0.009832845802390062,0.022059802465745623,0.01828529595226409,0.01724035062961693,0.03269848540620315,0.010118151272232109,0.03975870299048367,0.11607554354417735,0.01916985353006341,0.4687947998583158,0.07618882768614525,0.016463545939380337,0.033253733955170464,0.01947187586501128,0.03426369622232357,0.007357418108288921,0.008651923830787844,0.011325183241474725,0.01662960489140952,0.022360358808515935
81,0.02700403734710762,0.03315491378666733,0.023487450106920563,0.05662594497553828,0.022556215408170755,0.565326808228834,0.018520942403889268,0.021215678470130804,0.023016996625486702,0.009060879412141315,0.019499973652606126,0.01807085328334271,0.011525114202117725,0.024795611290868564,0.031055307972365005,0.009936030734641246,0.014718626960815646,0.019810367118183132,0.031987938033498926,0.01863030998667436
82,0.31181969724329045,0.36547527346481945,0.012437984498079297,0.011360486817918704,0.019380468560374762,0.0087278980536561,0.00795015634697542,0.011625350378390405,0.010426690437996808,0.0037754260415899807,0.011637992206451992,0.011377752165293319,0.003973198852366734,0.01142230303025968,0.026855550149857403,0.12322480909312608,0.005119013982914318,0.005109143258183286,0.018008994992230496,0.020291810426225295
83,0.019497567505265233,0.028417565582944827,0.05698104929441722,0.023320275465003953,0.01810530845457822,0.6251716272284057,0.017087028359210173,0.018414868289401014,0.024731225350262356,0.010770692307995818,0.02200476159426075,0.015201771469266111,0.010223507610315541,0.022926148860425516,0.007891357414510237,0.009113662798204017,0.00879344541797484,0.01905048716720964,0.023887985383033966,0.018409664447314882
84,0.028746456875447298,0.031487715279389435,0.028741329439248932,0.041101176125677145,0.03802206798271328,0.04513566778430452,0.04458325992737288,0.05641316856069836,0.04265906739681808,0.02308421674037854,0.03350208052642324,0.030857937976352265,0.049723324236973176,0.03982075140920183,0.30062907053258514,0.03835260283083439,0.031025919559881623,0.03546457199825621,0.0230870106543135,0.03756260416313017
85,0.023049185375166654,0.03120697147034447,0.035308980982802836,0.0556030080405564,0.032356510407671374,0.2973250496384549,0.04607527661168625,0.04602805244233657,0.024893888331067746,0.030288147008549413,0.038472634591717625,0.043488975973107025,0.025678286870326104,0.04483388944067136,0.04298471357996518,0.024165278963202343,0.029868720149265494,0.03727577628767946,0.044224434558682676,0.04687221927674609
86,0.01830460213644967,0.031225203202732598,0.03267078384212392,0.02952432135843743,0.026994939781220553,0.5676597958850412,0.014937200038882855,0.027401615972227632,0.033152727489702806,0.009834440303443133,0.03124544516557151,0.024712807087350738,0.006759497976586565,0.028281048847316945,0.007796619918161321,0.020428854530056897,0.014273020685886968,0.023330233995903466,0.026297976254448865,0.025168865528454848
87,0.018230912785534542,0.0263813858794304,0.029906948316537164,0.02637009555596463,0.028256826438071505,0.0207967716004201,0.022390271228961096,0.029478699066443823,0.03241433570931888,0.013333809933865775,0.02764343200696457,0.023233956434849934,0.009983984589094662,0.02190661027717873,0.03915565326431858,0.012105643248542807,0.017899078260337292,0.02015200779304731,0.5208459953320596,0.05951358227905856
88,0.16332665284173828,0.2418971914015602,0.010615143965007914,0.013979074990271593,0.010538344217721018,0.11892387696211557,0.00692967173470554,0.01996823653073922,0.01834549336768004,0.004816884131716736,0.01435120405991183,0.015176296221918349,0.0026430626495947337,0.015013990774566253,0.01316077276123121,0.2920998719034248,0.008380448215240446,0.00934567704928029,0.012353145713085075,0.008134960508490949
89,0.005187374249986558,0.05690001384727379,0.019790458066522038,0.015241269588668095,0.11061290291439914,0.006521730884023956,0.030994708139264,0.010188624505236013,0.012928734432953093,0.026481542948200543,0.010213928791618707,0.014916617029684772,0.007306457095805968,0.21189124777317442,0.004584566118773216,0.010399019917671316,0.005657494276437646,0.007636171786023376,0.04778892468304903,0.3847582129512343
90,0.014311489111716714,0.049794270344833164,0.029539828309928556,0.028642571766827978,0.019120516192436276,0.012411720305501136,0.03709283373444236,0.018677444032683444,0.02160488488435309,0.02690750542416448,0.022390733340548846,0.03661722724540262,0.008710612588963633,0.07085243831836022,0.011646635615560536,0.008600742811890551,0.01148412393503069,0.025307117696896655,0.09279342621826092,0.4534938781221981
91,0.11076127809864388,0.06024228035351009,0.006270756110617879,0.005943487357829412,0.00762896393464161,0.018408505793794744,0.0036917317167807304,0.037983729998514855,0.005464217090724177,0.0427541683872667,0.28251119279104386,0.0037252751088232812,0.0018775392248949628,0.004879020475120392,0.0020088832838917026,0.1097768511931997,0.1014880860551617,0.18273140444333189,0.007200238791398453,0.004652389790809926
92,0.47670037029851836,0.10774949621679461,0.021322264972505604,0.02456802141513362,0.017490583725477255,0.08272615419687754,0.009130029674556119,0.019021885778898157,0.021722868203060627,0.006990948732379526,0.024701619741785797,0.017766673734899627,0.0093889794902226,0.020126332805305673,0.007043524346311019,0.03277095189856416,0.022700222573482778,0.029308844351347403,0.028369411039060537,0.020400816804819033
93,0.027021413538173857,0.0488309688534693,0.007999428947617083,0.013240394784884953,0.008204161675155724,0.17528325645087195,0.02326813308363675,0.02896936888843712,0.01144002338840206,0.003224492729407052,0.010367770813642858,0.01283444240893003,0.004229531570197143,0.02357444185903948,0.004656445581747623,0.10729618183411058,0.44440093056476926,0.025180276535997876,0.011211031662316184,0.008767304829193035
94,0.040581945411294465,0.09468229656113615,0.10052595349762285,0.012071967462817587,0.003423058340522143,0.005801307198922134,0.10076789422326751,0.1464742414692137,0.007976890010651804,0.09875202401806699,0.01476381505270551,0.10492740029769711,0.0022510785819928815,0.09051879734759588,0.002555373441469633,0.0493403059647634,0.015385045455236989,0.06277630096761126,0.021711315733755832,0.02471298896365621
95,0.030914778158372923,0.06430862994846374,0.0125571333163939,0.006528336866688894,0.012427342482153441,0.061724967624341306,0.03347361691227665,0.05382946336406525,0.09483794817632468,0.04420181949069065,0.0657511897687453,0.07625820615572278,0.030480405784033462,0.05054256783432929,0.14357252919949573,0.07554012686884731,0.055296461409175296,0.0779000771323687,0.006076888487286088,0.0037775110202245814
96,0.02599655827216361,0.015597818405360122,0.029865515439499314,0.04969097243612201,0.06805995570472805,0.006957881822088415,0.1457605381333251,0.05146114308984681,0.03274617809016712,0.12064703606212188,0.011409697190791337,0.08256842961735442,0.09732622278255654,0.053669111172302573,0.03520531748162339,0.014594080511359124,0.006928943165416943,0.006914715961708079,0.10659281940357342,0.038007065257891784
