site,A,C,D,E,F,G,H,I,K,L,M,N,P,Q,R,S,T,V,W,Y
0,0.007858405699219102,0.054587374295147296,0.022093942480156017,0.020483240902774476,0.009341648855003278,0.05412357780871986,0.02357873255249096,0.011774092592328285,0.1608785886761814,0.04376345132721961,0.011913312018333335,0.025638497870894686,0.0196683576078383,0.009507282073259916,0.47226755639648255,0.018143093155095973,0.010558210734053117,0.006082713301153702,0.006097356335198668,0.01164056531844953
1,0.019573593602569248,0.01348437127634706,0.013766848756348761,0.04461092415770481,0.015108787218667584,0.6064252276373705,0.033282883415593184,0.013589939611978966,0.013380962098145897,0.0077130079325208175,0.014675765981778733,0.02503727392270078,0.04441834119611939,0.021414854374718052,0.028267316826035397,0.013920600970912033,0.022012231422459696,0.01782701800655029,0.008026295435927176,0.023463756155551612
2,0.005386457354665353,0.05848549026345786,0.021812217543599938,0.01034144572801456,0.008125409240223126,0.7720978992264834,0.008062790597966496,0.008498466890624343,0.00930789706761582,0.0031050192027012088,0.009961906539918438,0.009743097937886662,0.004664216719332852,0.01032297037661364,0.003111605857413715,0.02845002924571065,0.005538534082558782,0.006780184629388299,0.006679676613590115,0.009524684882234638
3,0.061252739289818545,0.053295059243199286,0.011686568693428863,0.029023832987167965,0.01225047022877253,0.6540641704506215,0.013333233619162197,0.013484574351209928,0.01097360847627711,0.004665416330405153,0.013532670647604573,0.014122212108887089,0.006401428714118401,0.013714774744069479,0.014274791790483866,0.01125114953801433,0.009063820763114683,0.013645807126879794,0.024095695796831983,0.015867975099932798
4,0.04732680215881394,0.07056502408875374,0.05841283138360219,0.028432256331705905,0.01448357515026546,0.02890752109643495,0.03274219948596061,0.11844818723825679,0.08097044415893892,0.03790963258764246,0.02501444428185398,0.05684854779307062,0.004090354017612766,0.10393401756027186,0.054728398862947336,0.060006167052176956,0.07475338633430903,0.07803853803756468,0.009770469096177032,0.014617203283640821
5,0.2445855117789055,0.029186704851230844,0.005401918518896334,0.026307532651265245,0.008815797080211104,0.4313088556936958,0.003820051251343159,0.005202957576452469,0.006369880905940284,0.0015080196901028514,0.005715529042635381,0.00485866285842385,0.0020920510653969705,0.006202465511130273,0.013521648495968944,0.16644325992107692,0.006343081383853827,0.02368359713468161,0.0032752763606085948,0.005357198228179972
6,0.05009220257400556,0.05016268776583712,0.07895327220797171,0.11199987159027665,0.046759724854487615,0.010705167197767372,0.0443818578524971,0.031415399086879146,0.0051538615750435805,0.03452667736655046,0.06518618477722554,0.0772226229290012,0.01083387049603584,0.1155278963395106,0.015222229970491434,0.06293962079924813,0.04955245009117286,0.04387074441046353,0.059218238664041994,0.03627541945149253
7,0.08240512867628275,0.0407917432589521,0.00856521853696301,0.010975705385322356,0.007931460481211806,0.003089890761788295,0.007130611412823471,0.03917301705744603,0.008271079770737905,0.0031780467857794614,0.015322980540144443,0.014146591123796123,0.01922372501633706,0.0076429457944682,0.00275708083030477,0.056650030515232846,0.6445468855979792,0.014703829258985477,0.006471424478126208,0.007022604717318543
8,0.04269844218320182,0.14764854343164824,0.002719444375170744,0.0033451885545375225,0.0020496556248809105,0.006858371706141025,0.0016730470134671467,0.1550267442789037,0.002436519687705868,0.17971101316866203,0.011127757906646385,0.011190582786368725,0.03716773204717116,0.0057386278178583,0.0025662553946120196,0.03337358123170481,0.1457425274812757,0.20514218410540347,0.0016295277075590348,0.0021542534970813883
9,0.004715023338687721,0.011361393312734584,0.010285406744836382,0.05432707711204683,0.010316166559573663,0.7617448988734127,0.010390904517535328,0.009372407970258624,0.012520085395886005,0.003617403152317679,0.015489621271036574,0.01420673849008332,0.005315928741330005,0.014087114098049884,0.021501875290208115,0.004826733124653165,0.0063614848403491155,0.01280647376330237,0.006889596288497509,0.009863667115200328
10,0.049367800233550585,0.13099869678676881,0.10118648511855385,0.10670400092934379,0.045615641097474714,0.008835786892245545,0.03332248688258002,0.06360403997597514,0.013963010120417119,0.017541917023463673,0.022726151351975633,0.017213885970129694,0.0008015873414422991,0.11974392636138696,0.01667111040289974,0.0411668191089508,0.017650324442523988,0.10543391418768985,0.03723967508598317,0.05021274068664457
11,0.08128984272012207,0.03230063506516143,0.009166396220798045,0.03898665282126881,0.010026013627071336,0.020666391914082132,0.08870514453201384,0.029463945750859862,0.14392106698315474,0.09020014679812996,0.05095800455199248,0.10170515165215538,0.002231102454647,0.022619708030579312,0.06650965713798698,0.07266113400864502,0.02978184218823526,0.09150963550362258,0.012265907349542252,0.005031620689931499
12,0.01727650565837934,0.0517262815083018,0.02511160726397051,0.029589871548813897,0.023364787076405297,0.015943478608351443,0.03718652172181347,0.027251186674236687,0.025291301392979984,0.05881886625555288,0.019214026406160524,0.03536599280622573,0.0215637690916219,0.09347153346636207,0.024772744899010782,0.014033439364271191,0.024641572434385004,0.008920747323111138,0.3630211824270963,0.08343458407295
13,0.011462681999278393,0.015192305483277147,0.01912390854354265,0.032056334197432014,0.02053492737570907,0.0041062661823015175,0.0681671604302707,0.06783986219339205,0.4736017221057131,0.01744260268197741,0.013099264981443426,0.033639156080190864,0.014441133526734502,0.030243618916142783,0.08694127662920476,0.008663935963649087,0.04121776633502371,0.006919720730876922,0.011820000756305566,0.023486354887534335
14,0.06524218806586123,0.05275601206005826,0.047487636148991826,0.03213357648308435,0.03434691828356193,0.06029679371259865,0.04717440211491973,0.09315481605209874,0.030033065230739352,0.06557681514540242,0.06086542741864428,0.0742857916416191,0.0020963146355527334,0.05582001528406277,0.028817650633219966,0.08520793364431148,0.061217317839555765,0.03339313872005275,0.026921928743494625,0.043172258142170065
15,0.09927916905635135,0.055768755136130665,0.02810590142346935,0.02968928617318871,0.009458024183755064,0.043880554121780845,0.023056636498162867,0.025908068702960186,0.10556166155368292,0.04970284789476116,0.07537491206854154,0.06465746846958952,0.00211727003165603,0.10948739567451908,0.09947187704526296,0.10858103992183314,0.044755040075823795,0.020943958315317757,0.002516103098007718,0.001684030555205331
16,0.011147387699314115,0.015726386622888337,0.005545709904793982,0.007457080807392625,0.005436441034605203,0.0024600314522279527,0.0080127355967385,0.08274555332447948,0.005968954435730876,0.2737313430788831,0.31257320072534495,0.006915282434545159,0.037443916877384575,0.010878539664753464,0.004934197575002201,0.0020095744562698206,0.019432319780875396,0.17707114645407857,0.004340314619807105,0.006169883454884569
17,0.11905204186110982,0.053140821342090305,0.05405197127640903,0.006500420645895846,0.004026244921881007,0.058341173307932606,0.03945375291261197,0.01637047157684648,0.03388702388388485,0.02024226306536528,0.059800456337142524,0.21658511010962356,0.003102993072659929,0.04257123324191489,0.04468298274085928,0.08499632798949192,0.05437979768927784,0.03929464809386185,0.003982065737134958,0.04553820019400607
18,0.06109157229005142,0.06307487346322464,0.07159737205349362,0.05968561791678236,0.025705619534229736,0.07412099372007336,0.06073138572190971,0.046992304844332915,0.03479610188831317,0.05848401284744035,0.03954045145691611,0.05303606276929329,0.0013232765886025011,0.057214115325969477,0.04906469736266811,0.06696444136416331,0.06944504161300656,0.08288959574974288,0.005875576015306935,0.018366887474479513
19,0.006374896023990261,0.041779497803172416,0.008354393293943056,0.004213671732417234,0.19380143914733414,0.0031086156451845736,0.01955460040572402,0.04884292792793324,0.022644003077082215,0.276832144451408,0.21825196541817476,0.005084530324277871,0.0020682665012700043,0.06565212624567862,0.004911077255362382,0.0015270714925915544,0.014630897163075224,0.013307366727714424,0.002715937164391442,0.046344572199274514
20,0.08593361637829798,0.057905569438305375,0.05141554285344985,0.029893703154266132,0.007039128666051604,0.07252618434965814,0.04622772219515632,0.023778656675045723,0.015864271234516728,0.01725368384055142,0.0689099332098744,0.06492939961158316,0.053869473978975214,0.12966630673877588,0.031106328531792293,0.07588879762572678,0.09784891312494969,0.019001434377267243,0.002956202492751114,0.04798513152300499
21,0.06776516677916503,0.011924951796331596,0.044625804965895785,0.06190515482259658,0.0027866885716396916,0.0664755287833361,0.06832244827004366,0.0060874475091222,0.06706874357553054,0.01255585790131412,0.0165487415583111,0.04414485332516309,0.07508808579317469,0.19250492003993705,0.055888530120597614,0.10431319465178458,0.08261420832676056,0.004412226660155716,0.003418592750342661,0.01154885379879766
22,0.05013567539968788,0.037779946331245276,0.05658746530393784,0.049708251238670155,0.013430856902302958,0.050345928534145164,0.07593439647040813,0.03675721749551936,0.005171222568090803,0.044585818593208926,0.1009816965609921,0.054503574710637825,0.05598409022190192,0.08170820124588034,0.01481336296285765,0.055293679650178944,0.07400020587796893,0.0672572181169947,0.012205667658768602,0.06281552415660249
23,0.04062408077671222,0.057715920169873924,0.1017240479214486,0.10977869827390907,0.003672060043764836,0.0474114777212645,0.0930760304762693,0.011652843753891792,0.036312971498831025,0.02419895871758526,0.13163149883094805,0.058106764411410834,0.00266728474291535,0.08361826234640721,0.013096118905995406,0.04427203424797249,0.07325494596001945,0.04475942229273972,0.008426465987340396,0.014000112920700537
24,0.009904733469636634,0.04535911723557606,0.015379317454001588,0.015004507394156246,0.3239966888281634,0.00517496779695625,0.02530749915310295,0.04786021213702578,0.01223212604990695,0.014439732687180188,0.013644774913629244,0.020026530447529597,0.02442198441339108,0.015849192360021448,0.0043577944793468815,0.011670399082946238,0.016467650174309314,0.006474025049016391,0.1097622359663454,0.26266651090775833
25,0.10004766838609958,0.04418815340294097,0.033594774717105966,0.02056999428769469,0.07863504261249767,0.020087226466513522,0.07184642742770765,0.07915927258360875,0.03406917559998337,0.059226865955246975,0.041164349844273036,0.08434202644132315,0.003099136508554835,0.07743637887228182,0.05783836351514493,0.0495918047794637,0.03510365296263612,0.04295371243556688,0.008513535134456483,0.05853243806689992
26,0.01734097745895,0.042575841976943446,0.042079190793838206,0.03009876508802046,0.00937035619286786,0.005518755367847288,0.07379731073686982,0.028997211338881213,0.09721344272557642,0.012482137599346042,0.03172504940325123,0.11828716627869462,0.023398555090349396,0.05965686055202842,0.07960066727847083,0.14259337126692256,0.12882303659255978,0.03100517198263218,0.0026673980583753172,0.022768734217574887
27,0.008812851126951203,0.03659566836112278,0.036575422519327966,0.010506746844569415,0.20397553957315773,0.005251550081408535,0.0628016328219331,0.018192709259478426,0.010754634788211146,0.005873026230705686,0.012714671636040939,0.03550077557969348,0.011228052699473507,0.016522366617564954,0.004996839608983366,0.02247152307044836,0.008697708696333543,0.00730471838961234,0.009922349580920663,0.4713012125140629
28,0.007347337960403223,0.014149217053676597,0.01737566901307777,0.03913775545044773,0.008258504748518455,0.016513559703379182,0.030901421893793305,0.06329799803054303,0.41701643882820544,0.00483287628848523,0.015241121095552824,0.03076746330361531,0.009300439889302004,0.018783531169375943,0.16665882761360962,0.013408889530249962,0.04203497663556499,0.011326972310112756,0.009900440297720197,0.06374655918436643
29,0.09013657319828149,0.04721731329117189,0.0062518737619905625,0.0309966660839097,0.006319353662805134,0.040375466005315004,0.05222245485189661,0.041582894564818784,0.18278226602473516,0.05540633551270477,0.068204959405209,0.047472028702339936,0.0040420685381001645,0.025403347693817295,0.14955961205207885,0.04928480361268272,0.022976101711514336,0.041999197104318,0.003277069226686962,0.03448961499562371
30,0.14837280315299997,0.07707847408419848,0.02874086277421938,0.012941922801282209,0.007111004914979713,0.018137372266221963,0.08059893385336828,0.03725748923226895,0.00806463956314167,0.010537344066639849,0.023111714053148706,0.20024499210485228,0.021221968118158827,0.028308946605777437,0.023550410782328543,0.14512500439318834,0.0874642734934634,0.0234839676871622,0.005595994719624467,0.013051881332975355
31,0.297919819615556,0.0876928808561559,0.01579172128388305,0.010651512929960858,0.00964063407577559,0.2969678153050333,0.00899369957568478,0.01053337577094903,0.011192540152141703,0.004109408201220609,0.021726351610759035,0.03025124732322407,0.007120436048237948,0.011497932993847099,0.008641915277389204,0.12522785165952646,0.005930285559447807,0.014649773121896928,0.008385725514425957,0.013075073124884661
32,0.015061077768233047,0.18454656469451317,0.016264505420189413,0.014371674960779558,0.04022711093861095,0.005440231691417546,0.014140728028088674,0.3188335149219183,0.010532226075083414,0.015131098075217344,0.019567953485964226,0.04286829022433291,0.007827574081712668,0.017868861447730443,0.004640783035587023,0.012537017592203251,0.043574704578605426,0.1869136577430826,0.013907423989787204,0.015745001246942815
33,0.0369532332662859,0.020902370815241544,0.005807513599222928,0.0044650130536206395,0.016786417872616075,0.004051910242945059,0.057364437636269,0.022450983080036995,0.027149360277332613,0.10214772858162505,0.027114407247074507,0.012011067676140047,0.009485153256557402,0.03742128623188925,0.028234138633156648,0.10653909426491652,0.12262186171163787,0.04416073004313709,0.244070615829303,0.07026267668099188
34,0.017001947504707796,0.020543362492776343,0.04666332586770495,0.601079362647921,0.01781936736347413,0.04621926631662833,0.018025106020695767,0.015957164766343318,0.03358087958666082,0.013550907845812261,0.031030177629150085,0.014071019304687377,0.009711696937484299,0.031118945180258612,0.008091458330971872,0.008335181801570007,0.010833197065336832,0.0221782451030362,0.018138891117630486,0.016050497117149544
35,0.09214824480324456,0.1095717133815142,0.012597639124967782,0.011511499941831527,0.007241386788389602,0.010957180623275954,0.006825994282208086,0.16655728553968124,0.023170222827162662,0.01198352591698461,0.016158172585706464,0.0076426433504195625,0.07830862839981807,0.007768388846489589,0.0024518712516615566,0.02084465346875314,0.10142266897160059,0.3000189027901965,0.005309899997809618,0.007509477108284747
36,0.03616426563313102,0.07781977775051124,0.020825092420619005,0.009847839223862342,0.040019219035800815,0.06856953637591959,0.06092457528457028,0.00795872449659642,0.027455505841877226,0.05232309237319912,0.02890854460865319,0.08939976918465628,0.07072005803801718,0.0864879454415294,0.03495724993760954,0.07651060467798033,0.09031144993506218,0.051926139114306935,0.02662144444178253,0.04224916618431539
37,0.01971751068137169,0.02989035769978835,0.027081499059569587,0.01883700966055661,0.025114998197115823,0.036526542660541644,0.025288833589861254,0.04706677343078929,0.0496648104190005,0.014126694733564503,0.02466475897351254,0.037891883335827166,0.028338911683928995,0.021321499201670705,0.44746724413066347,0.06262015713936542,0.019624955540918067,0.010124275989679146,0.028957887609626094,0.025673396262649164
38,0.06680998908372407,0.012068681938013736,0.06935921003519609,0.16031112657128077,0.023519665353518394,0.06405253223358884,0.013250597977181724,0.05623415269106284,0.021681615954163794,0.04394443077608858,0.08581204545647846,0.13965574291995067,0.0016729433837416768,0.027461485576160505,0.0019356636521179495,0.04639807627915611,0.07092685868409516,0.04028566682910806,0.019719354516415113,0.03490016008895742
39,0.036379903246084894,0.00484585294563175,0.12023874886331477,0.14358977795909295,0.008910092448103282,0.026544009288000978,0.09097523884521469,0.0729816275053531,0.015322972487743607,0.045178387875373247,0.023341694614066044,0.044713760653403586,0.04631804670832012,0.076686612502304,0.008060951518133842,0.05224598940606045,0.07429116544614925,0.06579354136915437,0.009443033454057078,0.034138592864437975
40,0.4197428111758103,0.021618576461223008,0.028847148694830127,0.009065224569340303,0.00899235554412222,0.018540645387964117,0.021983952897669422,0.014848345541542537,0.013844672120539027,0.005162835050990819,0.014468767455415593,0.010317700373224277,0.04168120971784338,0.015662218409587123,0.0045329655307162165,0.2568571763437885,0.015448830097897914,0.0464363802109603,0.023611789601596385,0.008336394814938374
41,0.048250134188552195,0.023976541088782877,0.004972769688452814,0.006855718806963368,0.0043244758669523315,0.003060224213348354,0.0093791600125697,0.16308108715944597,0.15600450460323123,0.016688858029023396,0.03422759314040046,0.0037746628790293344,0.004304887138401378,0.144645315403856,0.13984572982607377,0.06268455484223796,0.09293810843062116,0.06909478251232874,0.0032338868200524943,0.008657005349676486
42,0.07177372986695674,0.02092561187021674,0.01881619663657833,0.032853501367077556,0.015041126795158405,0.03955813697719952,0.05399430867897056,0.07504005448770255,0.05435632086815717,0.049803121335386065,0.0714253486905957,0.08352278583549765,0.0013537522946158453,0.07322875348659091,0.09396503175246247,0.08264927006423663,0.07501448226578743,0.051477124788096774,0.016212612116006393,0.018988729822706513
43,0.2249144182450446,0.06466179532129432,0.028139899846563423,0.024742377714390248,0.015857521838137087,0.009313354009468809,0.028342861690875968,0.041437958696684735,0.027071074487261797,0.045175429956856576,0.1725854445183259,0.044665526026088954,0.0027524944386604568,0.06836484879165265,0.045514822261578526,0.05097052784482568,0.011604565887188572,0.03796001394986978,0.008419110707029437,0.04750595376820252
44,0.017660111563330003,0.007663253084167435,0.005800157730683643,0.007525323114154664,0.1732905412916079,0.006019221019434876,0.010980539075588071,0.23503143474368954,0.011540576630977156,0.29191748878856993,0.09838321446973085,0.016289048699859844,0.015630448470274692,0.02361639734161006,0.013509574464643027,0.0022554719227982772,0.009756331978302824,0.04093409252726039,0.00688013911070978,0.005316633972607071
45,0.04794814095604272,0.05184225990298272,0.04188110302558172,0.06873593568661261,0.015028941107966176,0.04777071247156085,0.06796218929616708,0.04177585823601921,0.07783320771859607,0.0674586636540287,0.06361313435931028,0.06992345054707726,0.0005353333406893399,0.05417479087834658,0.04737210089505736,0.06988031993346923,0.046528857796010265,0.050373424029840984,0.01831938270886099,0.051042193455779844
46,0.04978867374646664,0.05119298130080095,0.11870125441140181,0.09406118504813747,0.0359897120157388,0.04538294423470181,0.04178619792094521,0.029619071641874193,0.013334562400766095,0.029614846224547568,0.027240117351005677,0.08784933332188773,0.001832331737170558,0.17431067204546274,0.020831445481543653,0.07593369831519799,0.06387074774943531,0.024398919398855082,0.005317248654963077,0.008944056999097623
47,0.05649796440566996,0.03964116196807438,0.015287142716364223,0.013037784619638396,0.011918489168432495,0.2021262367423214,0.1267236259989068,0.003309449931713681,0.13387567826245092,0.021050126960083727,0.038179322438563215,0.149724828061569,0.001588682492481294,0.041102303952365526,0.06272366909144443,0.05525171357792467,0.009763999776218953,0.00892352805923203,0.005815568768315855,0.003458723008229058
48,0.033095318589914595,0.0946811967027059,0.020161828180302592,0.03834352717112434,0.04371118731040342,0.019563746094764127,0.054806993448522745,0.048580483007715676,0.031294481800606254,0.04513119325100729,0.025265768957619818,0.026336457002910152,0.09817398135115095,0.049673459019211316,0.07496020308238668,0.05468164475915315,0.12709127758468192,0.08257690976014526,0.016057654449551848,0.01581268847612193
49,0.05489386815625474,0.04768096201976595,0.07913690176491123,0.03501352463563745,0.09163914358619078,0.015751036019262678,0.04846630834686857,0.03338685639458611,0.07652103736433122,0.0572829665842129,0.036012017919856296,0.041979168429184,0.01611069128546865,0.04145133531333888,0.06687408519106962,0.06451693338173793,0.04213312415352056,0.05832610983723303,0.04108704038040939,0.05173688923616003
50,0.06197771140210318,0.07394131936041813,0.1650934193886757,0.06530497937434145,0.02482642804729797,0.03494690891004884,0.05469785873207908,0.023847200458816907,0.047574293942889506,0.037398765982630325,0.016513549313695988,0.06732641116215798,0.005201766988152133,0.048489287677946837,0.0078088444608056225,0.05974659521068502,0.06963097209168428,0.05035559761680631,0.05855638861907565,0.026761701259689095
51,0.15949279696559124,0.046286177072225265,0.0086061174155371,0.05048601110346087,0.015701464871465516,0.12597095900231228,0.034059191816046885,0.0032659534192482397,0.0442799111371597,0.033223237732484236,0.046056236903585054,0.034063674173705774,0.0010521788374836189,0.01159990147733247,0.020281671367903476,0.23822028767648207,0.10210374753712903,0.019012524154628032,0.0032457863387058508,0.00299217099751336
52,0.0062358288406257015,0.014850102195321404,0.03085084730289605,0.03241176395187917,0.013427122669409257,0.6895829644637257,0.010035510961561139,0.012967162404524328,0.015264196066650405,0.00499164930790235,0.013373850418444678,0.012120356886213442,0.006883791089415206,0.022969489840288605,0.03356363318987301,0.005762821495493288,0.007453247460435759,0.022927890228830034,0.02864582332623898,0.015681947900271453
53,0.023538544082386967,0.014879335226945881,0.006768760614455141,0.005630468985647564,0.23872989927635102,0.003175577841145117,0.27811846939437124,0.004577178463941456,0.0042635082335692985,0.0020851440007972665,0.015695808094343778,0.004217417705179699,0.00146505245092139,0.010394612785082934,0.012732618908267691,0.0017414675382605449,0.0070642064817908945,0.035506645754012245,0.15658292501834753,0.17283235914418232
54,0.2142086410264167,0.12822976174297296,0.016647034677437507,0.006341111377731582,0.005192003764476778,0.004377299580349245,0.004898347498986437,0.004384646113584183,0.006854410484357723,0.0017952372857504614,0.007565994081620197,0.010414360443736172,0.2827177730777852,0.004758372358153511,0.0018791372008669992,0.15445475963705269,0.11560666013019809,0.018103703726141597,0.006722953734344863,0.004847792058037116
55,0.024302921730746534,0.05941731801794317,0.005985461767753708,0.02924842652004471,0.005996062488201666,0.011216380833207033,0.006540869426097309,0.015016028164902969,0.0067366364220205754,0.004140656658372546,0.013098384635298157,0.0042516029655417864,0.34692609239761757,0.005640960882496705,0.003399292081516083,0.0024425404793084918,0.011348044000339223,0.4301605399124419,0.009206721685022718,0.004925058931127169
56,0.014420740234141584,0.011060573050557002,0.009256397509157669,0.0171430059993018,0.05273842179334066,0.008148243420292585,0.007402378969217905,0.015882505878448513,0.01619415459772665,0.0056386468466474715,0.018190563734745143,0.011323357314452762,0.039635298435907206,0.010788657517752038,0.004781423039672019,0.6706722604547043,0.0061910567143956515,0.007510861737641128,0.018334927116465824,0.05468652563543204
57,0.015118895751938973,0.09295734565815157,0.01371500277312986,0.010887190868534333,0.012929644743981823,0.016359700727932407,0.00881279893456917,0.012872153527526799,0.01779050246241993,0.018190143688067043,0.018374846219235012,0.012599269421578458,0.021000940072806017,0.05315373055567936,0.4456986911196655,0.10333119966752806,0.04010302538479813,0.006421988010488271,0.0512736473399514,0.02840928307201781
58,0.01928377556401962,0.012092573629876171,0.010428548024323973,0.07328031853143337,0.016303407640364698,0.6460725152198686,0.008954061002976577,0.013735976773134232,0.016719016425544953,0.004319888679577628,0.017063103989490458,0.011741541395588055,0.00437226342317663,0.011438774292370025,0.07111466811109005,0.014569540953414457,0.006466534328108595,0.020251768850891538,0.011234798977782966,0.010556924186967406
59,0.2122837778306487,0.057055950714158477,0.011866325158766983,0.010991185273337832,0.008962586955764016,0.02097295060610798,0.014130126597163018,0.02531585382039284,0.019565067571991432,0.003144905104039271,0.017829227172836214,0.02565536908813695,0.015067693781148505,0.008319570880715407,0.010205924210878278,0.29466844711764617,0.09770991477788216,0.12534405419613043,0.007999994307427026,0.012911074834828309
60,0.18791030436401648,0.07770058044670508,0.02280371543771074,0.04149216794133401,0.03028227785292637,0.05146207417703012,0.022749524124973074,0.01993388521579485,0.01599953071426804,0.0059048957534755106,0.01961976438673867,0.02463482990809105,0.013160563614266391,0.026068797832528457,0.005727709030125828,0.25191119818317703,0.05710540257141527,0.06542345636493875,0.010397468611143604,0.04971185346934063
61,0.05343202754376514,0.016183285837754097,0.015509246083175157,0.051165850892015655,0.013409443534088638,0.006544932673372789,0.024694216819945547,0.015080374327352812,0.5383920510433947,0.010495117407799459,0.03532946480779406,0.03651122509533691,0.021317216127824334,0.025714445373399814,0.0492999651627971,0.015023090913019274,0.03276276873406888,0.012318534563053695,0.010725581863664305,0.016091161196377594
62,0.0034810570537503814,0.007795436899738186,0.0070368582279132855,0.010740404709339678,0.209142354562213,0.004045260870575089,0.022621761333138528,0.130368051331131,0.0072368619942584245,0.4584806267682723,0.013031940760113216,0.004298695984790566,0.018371019997331022,0.008013059681913197,0.011651072771987368,0.0025260070919283224,0.0029533925355442543,0.06742635479859574,0.00618006232339709,0.0045997203040693815
63,0.21776205233207652,0.07428459294712896,0.009903627636601362,0.05162803995056895,0.003884957071822437,0.0881162590245514,0.005036954766261232,0.012054108821453928,0.02690673185821592,0.021461173298627408,0.06207246651569196,0.007433266295182007,0.0008745600910353131,0.09066800766257645,0.05664777779347272,0.08849027097458025,0.05884984616735395,0.07012628184021491,0.015552566147820784,0.03824645880476358
64,0.005082344433552619,0.03694703224332198,0.012936835631894161,0.009625583364382134,0.07004424321659065,0.00996279397841446,0.00756658323317363,0.00919921289995731,0.009944885481311392,0.010950468901777722,0.010661772040720862,0.008034360433116287,0.003989063975172107,0.008351549803957213,0.040623997037674414,0.00401809682664778,0.005511414510959976,0.006821083861431235,0.623152323656536,0.10657635446940819
65,0.005627557176562543,0.011439964128259185,0.011911848317537164,0.01683765856324574,0.04791975591401724,0.007309917024162452,0.01353277856841095,0.045853400360576495,0.013907855518558944,0.423295333337749,0.2544258647784525,0.010724918478638223,0.01120835593955011,0.013707372316820295,0.007226842203583583,0.043019472178297165,0.005826281316931619,0.019335817345381905,0.02085894652829437,0.01603006000497053
66,0.12681399408462393,0.19304803335630505,0.008751481087932953,0.021899108241020055,0.013915838851549235,0.015523508554305619,0.02430540223954717,0.02636245350529036,0.01079790864036219,0.01337370880995139,0.043967379066374386,0.006410040059033132,0.003030050552488818,0.02234043106447811,0.0031942109370060702,0.017545622162815105,0.1398881277525519,0.28489532697392905,0.010468653953067291,0.013468720107368125
67,0.013162494258739556,0.02234066290266802,0.04135032738579894,0.6798719734304057,0.013171898077789455,0.02482083907174071,0.012121562571443378,0.011057300912870579,0.04876188984606781,0.00415191077495903,0.01588647734601333,0.006394725866261572,0.004983375187959804,0.024941815947704175,0.015557922302174091,0.010083381201854076,0.0056133848081582685,0.020574264190377858,0.013311332236273917,0.011842461680739661
68,0.007426552521631686,0.011552677181571332,0.013786602557489536,0.01659324302296812,0.012940851847352894,0.029830800546654542,0.016194960827264595,0.02669799524781962,0.04621462546969777,0.005477292370477303,0.014679667581621154,0.008747569634012447,0.00514234409729808,0.016498750704217392,0.6558625740446972,0.06660998077252411,0.006982610889132029,0.010269235756435522,0.015169035771259528,0.013322629155875228
69,0.10951551796330898,0.016614228751952793,0.09920767198229782,0.029643380525640396,0.009011029080176211,0.5624109867823599,0.006783517579372047,0.005481816178214234,0.006443949462267665,0.0020133085636240525,0.007106992969394673,0.05500999112677936,0.0015427092826062261,0.02328547666103527,0.01903520573070759,0.008107482462723234,0.002205975410385736,0.023672466522472794,0.008008778673444555,0.004899514291236426
70,0.0018258377712853018,0.017200933339054696,0.006123264854889203,0.005101620492168917,0.19485952446817983,0.003423997388241817,0.06981615043000831,0.05108946159199117,0.0039777737588058346,0.26051264900241966,0.16192195652520291,0.010115574758177157,0.0008339860882654178,0.002595560692865246,0.0016048693254880283,0.004263336534909299,0.001753820601074334,0.008076602263835352,0.026704110868351148,0.16819896924478633
71,0.027738221131357387,0.29137014065130146,0.0076705640839462505,0.007334238057203696,0.09909582969031147,0.004719292770865621,0.004149309339295265,0.09234181063103593,0.009902725702636138,0.19974018494671758,0.08896775112640296,0.00485057580636942,0.021849266791985216,0.006042717878266674,0.02010705315295602,0.002755315178907782,0.049955295001393514,0.04644109275472359,0.006691257870991512,0.008277357433332492
72,0.03163947165174402,0.036331965948071275,0.13726705842413844,0.1667084926033656,0.04615267607835055,0.04724801333435215,0.09861493077791526,0.051983106784350926,0.016513777753900543,0.06927042039271337,0.015963004126350804,0.024878104816996562,0.015535780609653617,0.07130543233945871,0.014750150698467832,0.05638690708373488,0.02975967164609383,0.014312073719805661,0.025461970592560855,0.02991699061797513
73,0.025591779860980428,0.026683851948778762,0.021608598787151285,0.021028721878685465,0.02866238663106192,0.009638936313869681,0.04788414647206333,0.02336924489676587,0.022428115442222056,0.03599526273617232,0.02552641239918547,0.023282592064125033,0.4509833263608757,0.03799912272729392,0.01276028992134343,0.019960448254678475,0.09224974956597225,0.02982717218280138,0.014927691908213189,0.029592149647760066
74,0.00932539903277347,0.06108521266122735,0.011453013945741884,0.1072016548602635,0.14937489077442984,0.023144886551792285,0.052615347059429766,0.10408876529477076,0.0037280975487017985,0.11328206079776175,0.09424090062689185,0.023535252011448658,0.001614633592710205,0.006542873102487741,0.004465452118863166,0.01790769806969462,0.014710362472336834,0.08250208757177535,0.010518767456301665,0.1086626444505975
75,0.006747801743837127,0.018061354060615598,0.01879610729283187,0.024676547374171787,0.014399275686444037,0.6430563010868712,0.013975957365808079,0.018166637077768433,0.01959409283877529,0.005469908257470859,0.015168629769799089,0.01299451743820441,0.006441365757158226,0.014423241410973307,0.04156711310638523,0.007028491430573003,0.0066122232100431656,0.02673023041538557,0.07013660385020719,0.015953600826676576
76,0.05455502079493218,0.05519872360254675,0.0033342348024753845,0.006523647148007964,0.03629866648578801,0.008921562207125063,0.17022811603619514,0.014220708026389497,0.09507362249791745,0.06947291507004717,0.025110252710833243,0.009558926749980285,0.0018591688443527102,0.033236000160605544,0.1367436289898347,0.04019435178548382,0.01464955702888831,0.03488677308648796,0.021014857139312258,0.16891926683279654
77,0.019025139431348877,0.15214277655792746,0.01974444683526796,0.018176348500194173,0.03322399195064214,0.01266797259486798,0.009258627785849068,0.024950927461112028,0.013714240112324902,0.05497980564649514,0.01222723325916611,0.00935160990360532,0.010750192530584412,0.008409865732459082,0.004686408788016302,0.00481702972102,0.24834271895336177,0.3161873089190437,0.018981591761872738,0.008361763554840793
78,0.02717841795414987,0.1571453260545242,0.02227536979834058,0.006683803958158485,0.03596737617158014,0.00867093933542602,0.0043507125266472385,0.20713411993881303,0.010692802343836273,0.09690701494407399,0.13643325464985445,0.004826634418652863,0.0025991247280170143,0.007183225989685636,0.0027389094232427224,0.002484674909441451,0.04603629309123374,0.18817977566105742,0.004997304317922638,0.027514919785342255
79,0.015148114915300086,0.014156569408945075,0.6825006942130294,0.048566121780639536,0.015919850701754834,0.02550134581037497,0.010724639844697924,0.013622315012700397,0.014757060754663107,0.00687976752030434,0.014805169281410553,0.051682225789133375,0.0042794054198031315,0.012470751372508372,0.004718335438666265,0.004513551787243316,0.005696007777251095,0.014805301594243305,0.014720276686727806,0.02453249489060299
80,0.0047416689739586985,0.012344282210303667,0.009395615773417307,0.00967270921586359,0.030321581843206182,0.0050543834812877,0.03381321655128538,0.23391849528625017,0.009871306031472158,0.479558584052104,0.07894711604953968,0.007963018414962213,0.014399641228304255,0.011299247544967844,0.00837972397910336,0.002723812279194139,0.003670218434257624,0.021215384290445036,0.0100829053478359,0.012627089012241171
81,0.0089758013767633,0.028248599227373536,0.014149864343541933,0.06628359046473749,0.014399327910270751,0.6827432399308117,0.01454924488811622,0.012095205121572545,0.015101546390974408,0.004473564419954029,0.012665326002076373,0.012233215437149095,0.006738471441407708,0.016723135127700038,0.023917504716132673,0.0064686703702544575,0.009079111941361571,0.021076744421083076,0.017967039923547475,0.012110796545171635
82,0.2858926494562119,0.4136664869304781,0.012841758584105469,0.006478255552674555,0.008648040101231928,0.010191067140682793,0.003746100194191075,0.006124321329677966,0.0064106458157573015,0.0017854792164441384,0.005981264603511872,0.005672764808273729,0.00210349653564665,0.006228956380595797,0.017768692713217567,0.13650448571597698,0.020623808170403952,0.0024671222641791763,0.012828267954681777,0.03403633653205734
83,0.015983022330257602,0.07013319272593867,0.029476355550920937,0.014502763746468946,0.010553522410610713,0.6978250465144668,0.01064586958027967,0.010849634389951788,0.013673923025866003,0.00484637230995194,0.013132631594540993,0.008509106171605515,0.005358487631230333,0.013197462730434156,0.00810895281619271,0.012696827889940794,0.004261733046356902,0.027792902648429003,0.016302482509155315,0.01214971037740124
84,0.020986637191316767,0.022076095182965598,0.01943914698065934,0.03214810354071742,0.031502730927653814,0.08510009240970487,0.04861932225803933,0.061505847752745015,0.03211024367218158,0.017099035557721062,0.030547045916698698,0.019334830989749873,0.041637551946287474,0.03970548041512679,0.3718542900979437,0.02763402534015579,0.02580789051014774,0.02352192571575945,0.018121493983310807,0.03124820961111481
85,0.026445164065449455,0.032239797331840715,0.02577811004971323,0.03339848621109114,0.023536982320960728,0.3502323855687006,0.042394024772752656,0.04041844649356725,0.02297304253935822,0.02471024292866298,0.039495096788065315,0.0345545044873836,0.01757493714454754,0.04593752705616171,0.03317150667651473,0.017847547049072425,0.021543941265611873,0.08147563407698963,0.04276365883577871,0.043508964337777505
86,0.018240214428793592,0.037322677358538295,0.03705178754400723,0.06190816335130738,0.015110094113775448,0.6112150877839418,0.008288104463241642,0.018736969311515545,0.02364281560434038,0.004904742179439518,0.022312276801548386,0.015534046108420747,0.0029582756222944714,0.01898655637334103,0.004131597141338679,0.02274931766052051,0.0071210260569731605,0.039852170474050465,0.01666432472524564,0.013269752897366115
87,0.010976370365140136,0.043841317028340446,0.020210380348425174,0.017636254450832754,0.03849629521762778,0.015594094945117327,0.013275590884933516,0.02031695273056965,0.021617450955997135,0.02076890287553228,0.018483356497792595,0.016602294178635065,0.005067153604734039,0.028526556162504983,0.017042353328361213,0.007720908907585854,0.010793555142740862,0.013139587787926224,0.6364894141789548,0.023401210408248187
88,0.1692796921811062,0.19800836053564358,0.010021892517730018,0.007135199870251415,0.005463527234823335,0.15242669676631948,0.0038478206513119077,0.008444526098476755,0.010445304952565519,0.0022145189661690887,0.0074008921775749895,0.03223162318591335,0.0012884959883185986,0.008372079906416275,0.010829243369967878,0.3187243669066502,0.03214351987794586,0.004656460664361784,0.007512291222424495,0.009553486926029345
89,0.001800358356714397,0.07981644815723028,0.01850793299899718,0.00521845055751896,0.0927015104216463,0.0023353717738701413,0.022587323387748676,0.004053180336729196,0.004652660696095313,0.008917723463633984,0.00783957349488023,0.016057544631526487,0.0024891339254523373,0.3347098935612528,0.0015274812039017516,0.0015976059311711651,0.0020119287910125294,0.0024798627957706857,0.09978341302497308,0.29091260248987444
90,0.007539234125906958,0.037977408231139126,0.031010017472314695,0.0186793537697167,0.0508572921225888,0.006804628583045544,0.04236310947177735,0.01022243418050968,0.014385501576588888,0.06046483682852433,0.040587376796229216,0.02346206444732153,0.004065335125529932,0.026531770614044582,0.011286975587043946,0.016092867319503785,0.011538616557661129,0.04183867170991784,0.07309635432200835,0.4711961511586276
91,0.11574511140463037,0.06728836637278082,0.005264296016183568,0.002944985690682978,0.003501111198962696,0.023762837733737,0.0017790846958279144,0.14339698963485958,0.002567880190098141,0.06540966481832088,0.19079593790318786,0.0015145920806254726,0.0005769353736136516,0.0022693702256103387,0.0010209166073494504,0.12440481036257661,0.1317380019789544,0.11055835492352112,0.003441415978629805,0.0020193368098473143
92,0.5631114486860164,0.06294716210024197,0.01362298823788742,0.015943119118697193,0.011273709106833339,0.12707208225997985,0.005119513346144874,0.011382367149043933,0.01226901546231773,0.0043172545930908555,0.016628026957161177,0.01070910533601331,0.006639587309453383,0.01205667304509249,0.003745980154685981,0.059785630863342556,0.01336765246707696,0.021115542323819018,0.01812660428036834,0.010766537202733264
93,0.08519672247614478,0.09336709016992852,0.00275412179327808,0.004645142793769278,0.0024980248032794657,0.14612181718187944,0.046499695286232136,0.015381384250236815,0.003875427581160443,0.0009881774192060466,0.016975051853767843,0.04242765995697605,0.0010985427498470361,0.013359015240316142,0.0012601503007090514,0.1724075867523846,0.3140481195038411,0.02867662422715734,0.004939697020787703,0.00347994863909816
94,0.043271877576872377,0.0476581186543285,0.05673548755250412,0.02125677136780167,0.004132240851577477,0.029373601163759453,0.10175631551544019,0.14376005536961253,0.013274140657026149,0.12673684536405125,0.03667653008573227,0.0921545023270007,0.0018018682052723457,0.0664286738316561,0.006057180964423717,0.030478475678224027,0.02691302444679044,0.08799404408225932,0.03083399745387286,0.03270624885179458
95,0.0388394080611718,0.036289176858461634,0.004093808485532905,0.00320538884022153,0.023115950793661143,0.04908407576282494,0.026176532673574116,0.00995068684263988,0.08459848348077956,0.06858612696000173,0.08794260899597514,0.10917154225247512,0.036180346137304434,0.03712218419376027,0.1420643455161777,0.09357550905566192,0.09751759871650476,0.04368254453095908,0.002685846635923794,0.006117835206388591
