site,A,C,D,E,F,G,H,I,K,L,M,N,P,Q,R,S,T,V,W,Y
0,0.013727790519932162,0.008512359679667092,0.05141060310134725,0.040460856269273746,0.021354340808783363,0.011076980008525044,0.009013518509526525,0.024023633409881284,0.19320319515309145,0.0062113529771368635,0.02329564451867276,0.06988693355601827,0.01877155110041686,0.016015755606587523,0.40447879450628554,0.02374648346906337,0.0187501529052732,0.010388598231300014,0.01164782225933638,0.024023633409881284
1,0.013933218556609474,0.015507113713139948,0.016446938786663583,0.02964931784580087,0.01809163266532994,0.28120919470096184,0.09045816332664967,0.015076360554441616,0.016446938786663583,0.007981602646469091,0.017508031611609614,0.04934081635999074,0.2801225436049494,0.038767784282849875,0.012884939366198245,0.015507113713139948,0.03192641058587637,0.004608629254920887,0.008349984307075356,0.03618326533065988
2,0.009717392015454204,0.022756320893344863,0.018576027451382992,0.022142909674559577,0.01688396862685168,0.7160243622222087,0.01875996514094631,0.018252939056055868,0.01957561579924832,0.005797070773167957,0.021439960161081496,0.019863492502178445,0.008236082257000819,0.021439960161081496,0.005747734000630358,0.005036999264505939,0.011745369479548993,0.006115664422016665,0.012863976096648902,0.0190241900020864
3,0.13866551786508613,0.017500966449825735,0.021001159739790883,0.0760403325135988,0.020488936331503296,0.4429495504944728,0.022703956475449604,0.02210648393662198,0.01826187803460077,0.006363987799936631,0.022703956475449604,0.02470724675269515,0.00933384877324039,0.02210648393662198,0.0594115740102893,0.007500414192782457,0.012538005814800525,0.0168538704749288,0.009794713045835048,0.028967116882470185
4,0.03853992310176478,0.09197510080328668,0.05304761095626182,0.029676985150356258,0.04718176936013672,0.047772707803012515,0.04760683034536317,0.03153179672225353,0.04137833302551273,0.06423143776755348,0.03684951648384128,0.09502733258761335,0.0058484654775201525,0.10763283382429932,0.06687488571284897,0.05723570857558858,0.052302146372814405,0.03825548867038112,0.023027683387979357,0.02400344387161169
5,0.014477767635877416,0.146386317207205,0.01596033270443194,0.00798637482180135,0.012277179003409185,0.5925365071140419,0.01044133915243211,0.014142066953294126,0.017188050604772864,0.004047910468515347,0.016674974467316955,0.01396529111637795,0.005220669576216056,0.016429754254562293,0.002791789950388578,0.07736557080421996,0.005530808362921961,0.004220351721639759,0.008214877127281146,0.014142066953294126
6,0.04380321543251203,0.04423056602717171,0.15950858069513918,0.20532676531752286,0.031933878070969514,0.04510596620850959,0.011916625359816716,0.013931937001550427,0.01975819411087489,0.010219186205165678,0.03610581116073031,0.08483925815869513,0.0024006078142953056,0.051230032296923717,0.001337362830801191,0.07159624305250205,0.03602979680937872,0.02141756383008171,0.07587176081363824,0.03343664880372101
7,0.01596733117348585,0.043740030545545636,0.018397588886003652,0.022077106663204383,0.016408660357787038,0.0062589735385373225,0.01734629809251773,0.07781534180512112,0.0195845301044555,0.00610171289686553,0.016864456478836675,0.019905587975020338,0.0075057945385219975,0.01734629809251773,0.005145088417272205,0.005928359446037817,0.6412296704888524,0.011945068582719284,0.01445524841043144,0.01597685350626633
8,0.015242592808561328,0.11522861397105345,0.00665047836245716,0.009443679274689165,0.005829431651042696,0.008424477524169726,0.005023233656749557,0.16777099210633298,0.005758341021151931,0.24971972062303915,0.004939626215687107,0.006053640560698184,0.08369564059636238,0.004160205663537371,0.0016016104362931588,0.008200422270867341,0.04232934732881235,0.25004087750275455,0.004331962970040902,0.00555510545569951
9,0.00814096114845859,0.02291529804751307,0.020285673681405013,0.04058145728462737,0.020623768242761763,0.6498680671819452,0.019641684040725485,0.01742853654317895,0.02474852189131412,0.006313398441661762,0.0343729470712696,0.030935652364142644,0.010142836840702505,0.03018112425770014,0.004171871645640839,0.008360987125443956,0.011564729855754258,0.005986028994888225,0.012763131704159608,0.020973323636706877
10,0.026814280100587694,0.13163364813299422,0.08469754980733445,0.15176651261495624,0.006280776948966877,0.0007940838126102554,0.007361092165331915,0.03297769290068697,0.030301012391526203,0.021536452506571085,0.050805969454839874,0.044867609388689764,0.002078530501096952,0.057104230131059704,0.04841716454845382,0.03511378126071372,0.01307662409021031,0.06785916233850497,0.14042698900017808,0.04608683790468677
11,0.10821924883458296,0.02530116546380742,0.02381286161299522,0.044016138821055636,0.028915617672922764,0.013040269596410966,0.03811771112797052,0.030032136040219197,0.21017550945355296,0.12963238467993346,0.09176667720634955,0.03668144956357088,0.006636371269195388,0.01404976847100573,0.041551945094663915,0.0206470935276507,0.026417855188405715,0.08809426571797628,0.00843372182126914,0.014457808836461382
12,0.023430645945646214,0.02658397225557296,0.050208527026384744,0.050208527026384744,0.03905107657607702,0.0228123216793109,0.11715322972823108,0.050208527026384744,0.04393246114808665,0.015788368545367422,0.025104263513192372,0.11715322972823108,0.031950880834972106,0.0878649222961733,0.0030722221345567294,0.01849787837814175,0.04393246114808665,0.010650293611657369,0.18413620612168186,0.03825998527586039
13,0.009124074462168579,0.015206790770280965,0.01995891288599377,0.001441162074457235,0.024564815859684636,0.0030706019824605795,0.3695117456805927,0.042396336655718694,0.1671369227282829,0.03884729241197722,0.011827503932440751,0.04132686091301413,0.01277370424703601,0.017833593508124985,0.09183626284520113,0.03639513774145373,0.05940143413816779,0.005412586545354241,0.009124074462168579,0.022810186155421446
14,0.06478477306987272,0.0918530753863376,0.06530999064283836,0.007774103309620265,0.05414497075405163,0.03812101500646023,0.06696120053360108,0.11280202240427423,0.007316803114936719,0.041122762598013896,0.05466559547284058,0.11844212352448794,0.0015965969721343798,0.06768121344256453,0.019469938113614454,0.07409703482991536,0.03453900475844678,0.05683858785061718,0.004975426118156968,0.017503762097214964
15,0.12541046043453802,0.02478788051757025,0.015005122538795164,0.007498879156106842,0.005479950152539614,0.10100786899552691,0.027777229379960786,0.018986073416434702,0.0891554364180079,0.047751174719735764,0.048119875727860334,0.10175348721620467,0.0020649087531308696,0.017443454951349375,0.14979116526207287,0.09823818347012084,0.05395842064950741,0.05725031368648001,0.003607055796608354,0.004913058757449309
16,0.0038337600594435008,0.009542231756897133,0.008178688126812803,0.011501280178330506,0.008000890558838611,0.0029922029732241963,0.011501280178330506,0.14178316053880172,0.009436947838630158,0.19366146637146064,0.19950193813588715,0.009436947838630158,0.002530967229353927,0.08243006367862561,0.00663749034532397,0.0030416608736080672,0.0813334930337879,0.19954490526923124,0.006134016095109601,0.00897660891967259
17,0.1061478570759126,0.014390060369142848,0.0018800539891700757,0.011165753185242547,0.020634803548204846,0.12256361762683739,0.07034642948599577,0.05270012711786911,0.046513969817623756,0.03273232041713479,0.03254894607306121,0.17561758588171,0.004717923881088402,0.08915580880881985,0.04223424222163065,0.05590573199897577,0.038808705140385806,0.06835278675342854,0.006978595740776594,0.006604680866989442
18,0.044467906103194524,0.08489327528791682,0.037838145556900064,0.01880731379212469,0.026095272797862112,0.03036394396541364,0.06568257782422267,0.12612715185633352,0.011033761818110928,0.08110890978373822,0.06363688116387738,0.07958022676649616,0.000576615500781093,0.06079182599961472,0.030446223140117003,0.050009014032208685,0.07357120464973756,0.06656710792417603,0.020374386069100033,0.028028255968074123
19,0.06327929995981438,0.033836847895178525,0.010277216550947212,0.004187014150385901,0.0816343533135426,0.00337460841971401,0.1085674264016423,0.14091740842034695,0.05639474649196419,0.14391946488549834,0.11865391319035419,0.005514604002947283,0.0024053060012855175,0.07323993050904441,0.0012287976310915146,0.023241471281536766,0.001565746640110627,0.023285083383443598,0.025377635921383885,0.07909912494976795
20,0.13235533367126961,0.08082052825868706,0.13021085108344027,0.06338864961465651,0.0076971931674940045,0.07412111939068301,0.01941634312521011,0.03207163819789169,0.004230497436175346,0.03167478075258653,0.056716160181534775,0.028572914030848964,0.025864713108400713,0.08352662971200982,0.00108903894396593,0.05765213168157915,0.08472994801098573,0.022766345988362545,0.004988921497449819,0.058106262146768464
21,0.08270837105923826,0.004525451973001012,0.0032324656950007235,0.016185785209499284,0.01035890253407954,0.18430854385835502,0.06474314083799713,0.019042100246469747,0.014387364630666028,0.010184314289123145,0.02071780506815908,0.04911548615296334,0.14545953352241234,0.01131362993250253,0.03377903000243329,0.12266503013578468,0.12444633044460937,0.04274762722227873,0.01849804023942775,0.02158104694599904
22,0.031956719486845385,0.005177653586249404,0.013916635905561699,0.058829415418965365,0.07384593286825085,0.007843922055862049,0.04183425096459761,0.14029779286907731,0.004000914134829085,0.09224350258732474,0.08886642169000548,0.019609805139655125,0.1849519625051226,0.013308277898611725,0.006684762970049484,0.013073203426436744,0.03727952672566688,0.09257075468071814,0.04026546655342519,0.03344307853274517
23,0.04153285159078224,0.04719341549717161,0.12350545809226604,0.1119362849517647,0.012088953723413417,0.09725099778423729,0.12520702070678183,0.026293474348424183,0.021758751881300595,0.01788671724382598,0.06067724849636351,0.014335702192828334,0.012520702070678184,0.15596955644320395,0.007733374808360055,0.030794159146803102,0.009738323832749697,0.042980520739865184,0.017978443998922518,0.022618042450257357
24,0.010315455397802084,0.008854550204305114,0.020630910795604168,0.017192425663003472,0.16235904546109597,0.0049121216180009935,0.04420909456200894,0.050851993371569676,0.014736364854002978,0.001237755878093021,0.015473183096703128,0.028133060175823867,0.04420909456200894,0.01934147887087891,0.004358643125831867,0.0014704186490864754,0.023804897071850965,0.010798174265219769,0.12631910954516967,0.39079222283194004
25,0.15814245775501717,0.03900041464265492,0.004757198802883978,0.01302589098625624,0.04114275323707763,0.02883509201231082,0.13482238036716138,0.08215192610650242,0.005266898674621547,0.10350499120055923,0.07279573452215077,0.006193043866558308,0.006024474581143513,0.06024474581143511,0.01051706468716222,0.043554075721905575,0.07478658100729874,0.03587091735337356,0.002048238373463935,0.077315120290463
26,0.003331162321637548,0.03081020673779377,0.012709210279339933,0.0038735127486470753,0.026798831037261373,0.00111864376792825,0.028624347475990835,0.0385127584222422,0.04967614899996763,0.02187818392544973,0.10296813883724482,0.1477815148760457,0.030186215777722552,0.10591008566116608,0.06509057347925833,0.1361026795584384,0.13744496825329997,0.04591905811882726,0.00611019724968266,0.005153562472055791
27,0.00971138828547754,0.005744280758440431,0.022489530766369042,0.012567678957676815,0.5441194018909827,0.0056223826915922604,0.02053965080142582,0.026706317785063237,0.012208602416028906,0.005934737285569608,0.01942277657095508,0.017804211856708822,0.011548677961108426,0.021365054228050587,0.0047477898284556865,0.019645001346219434,0.008378452638451212,0.00712168474268353,0.0104219776722198,0.21390040151652118
28,0.008217092043470547,0.017148713829851576,0.021912245449254793,0.11835861836673237,0.050043344699753176,0.008764898179701918,0.1447682471671431,0.01758592039200154,0.20613262855751988,0.015693034923267544,0.017928200822117556,0.03796905633075416,0.010956122724627398,0.02817288700618473,0.2020094893936836,0.010723573864232823,0.026040279294047126,0.02010670099543654,0.010660011299637468,0.026808934660582057
29,0.07294391174444266,0.018865739933953074,0.011319443960371843,0.08576655108557693,0.019116335491647044,0.018133720115908178,0.018865739933953074,0.014149304950464806,0.17793641558105908,0.014717886617462775,0.006797944425292879,0.11387264396494268,0.008085317114551318,0.06322372367539845,0.18022388672126943,0.11087474585155288,0.01642452317463011,0.03079854051432024,0.005755649471375514,0.012127975671826977
30,0.14569776636369575,0.2150854948879697,0.020277347490224733,0.029289501930324615,0.012552643684424833,0.013876483541159338,0.02530417586917291,0.014644750965162307,0.014644750965162307,0.02098666300538099,0.014644750965162307,0.21508549488796977,0.001520776656791794,0.015506206904289499,0.017070277372061092,0.13794405196918394,0.05515012689435123,0.007753103452144751,0.01098356322387173,0.011982068971496434
31,0.12503793758385479,0.02523421021368049,0.038502428661124785,0.02822553473632396,0.02520137030028925,0.37034982287667584,0.024332357531313756,0.03360182706705233,0.030679929061221696,0.009408511578774656,0.03360182706705233,0.06917119773535434,0.01721069191239266,0.03360182706705233,0.015278232462324766,0.004867336474607283,0.01533996453061085,0.037631582615129534,0.023521278946936636,0.039202131578227724
32,0.013746526970373596,0.10036795847406184,0.0326480015546373,0.0326480015546373,0.018687513408413656,0.009505760897325808,0.027493053940747192,0.27392310043961443,0.021765334369758194,0.011632589215437255,0.018687513408413656,0.09157058972250176,0.014118054726329644,0.04018215575955359,0.007796537684689502,0.011390902720876473,0.020260071236703092,0.18802426804935982,0.03072753087495274,0.034824534991613115
33,0.07903149724967665,0.011752031443868187,0.012339633016061597,0.009140468900786366,0.007051218866320913,0.012530634036530437,0.15900942501528278,0.030420004425809933,0.005484281340471821,0.04401003173805812,0.03084908254015399,0.04118406843116674,0.02101917276043955,0.08482275347805218,0.0200490144584487,0.05113474581020212,0.1285596610201043,0.04084058500795104,0.13366009638965795,0.07711159407095652
34,0.010538853276395888,0.03340089403181078,0.20008220796893303,0.3809799238226792,0.03340089403181078,0.03406931393811863,0.031948681247819,0.024493988956661234,0.036058155981910686,0.009420764983331246,0.02533860926551162,0.022267262687873855,0.015308743097913274,0.02944680750680938,0.012464259611090572,0.011851930140319952,0.017922430943898466,0.010389841190122403,0.03340089403181078,0.02721554328517915
35,0.08604773216046763,0.07491803240144368,0.035735449982056945,0.019399244275973768,0.017867724991028473,0.006018586981287742,0.01697433874147705,0.1781978913548625,0.03233207379328961,0.004754291131116883,0.007517833885862592,0.018860376379418942,0.017058259685251796,0.01996981028409064,0.005803192732128906,0.017693407652255855,0.051062553663089275,0.356762205973517,0.013057183647290038,0.01996981028409064
36,0.02821695036201594,0.06141088265265211,0.016799849108349044,0.014699867969805413,0.016903400663775582,0.004531277788750473,0.03837505249234167,0.010690813068949392,0.039199647919481106,0.03730907881199884,0.22785187417327865,0.23984407807713556,0.047968815615427096,0.039199647919481106,0.04828476227418007,0.011089896990775264,0.06852687945061012,0.03950373050682231,0.007889675368561583,0.0017038187856085636
37,0.0262867659582123,0.04928768617164806,0.05632878419616921,0.0262867659582123,0.03943014893731844,0.0021402543923847144,0.03943014893731844,0.022734984157430076,0.009329344842919845,0.017922794971508386,0.03943014893731844,0.19715074468659224,0.04928768617164806,0.03285845744776538,0.20576035879213678,0.03357192151759603,0.03285845744776538,0.010376354983504855,0.06571691489553076,0.04381127659702049
38,0.05089768237316893,0.02062108274536535,0.2945893888809313,0.258169094053318,0.0412421654907307,0.028747924260923634,0.01455605840849319,0.060547220331019225,0.010285668412278133,0.011370370015214874,0.02062108274536535,0.05766401936287544,0.005209536693565982,0.015539002485015796,0.006186324823609605,0.017808005979711532,0.03255226899517163,0.008401650680625917,0.022495726631307653,0.022495726631307653
39,0.05447780892541317,0.019869359071511494,0.14215812063724623,0.30173851994841194,0.013246239381007661,0.01461086665914166,0.028384798673587845,0.023704659910026297,0.06649766491932113,0.009558165535296533,0.01655779922625958,0.04319515805827014,0.057593544077693515,0.09883637860790624,0.00647913882766679,0.027432408847490104,0.03069129651508668,0.023733164469828094,0.00977181593680893,0.01146309177202586
40,0.4023389840772707,0.02489899722075376,0.036998209618353144,0.01837783128198492,0.019296722846084163,0.00887690103203607,0.05937453183410511,0.03859344569216833,0.03508495062924393,0.010156169918991662,0.03675566256396984,0.022702026877746077,0.005180328280827962,0.04288160632463147,0.009188915640992458,0.14356814945216878,0.004715031984658319,0.006086530266690299,0.05513349384595474,0.01979151061136837
41,0.032629726956018075,0.005884766027902992,0.008730593843160524,0.013095890764740789,0.009031648803269508,0.002758398909744018,0.02131245833745117,0.06712400973809432,0.18794722726666407,0.069037825977665,0.1344740262429836,0.02135763946212092,0.0025690094623530423,0.08899016442550384,0.1365475657301117,0.025531825213043344,0.05419102550090384,0.10484659372313908,0.006236138459400374,0.007703465155729874
42,0.15705692607689134,0.04482130554292848,0.010631348162815848,0.006644592601759908,0.00885945680234654,0.016287961155736125,0.04993669440981496,0.039867555610559435,0.06075056093037629,0.0592667110225941,0.07833624962074835,0.1342907136355686,0.002169462144559472,0.1301797734222349,0.06809326308641049,0.05526084501202288,0.04377613949394761,0.021972536595422153,0.008177960125242963,0.003619944548019612
43,0.419921704028492,0.07536117243424771,0.02133633751439434,0.018417435085939116,0.03297051293998337,0.005629396682320132,0.021901814696792463,0.062335934137024714,0.03241468575125284,0.023550366385702407,0.03858891160863434,0.039964258109070755,0.006699865288390063,0.04051835718906606,0.011744451359149583,0.06577809791032968,0.005906269286658814,0.0046062203263621745,0.03858891160863434,0.03376529765755505
44,0.010457920668495317,0.01801086337351971,0.016209777036167744,0.019070325924903226,0.11934621695869199,0.014736160941970673,0.007147201741695474,0.2283709163624877,0.02701629506027957,0.3373863471327364,0.03959451388201868,0.013508147530139784,0.030642466321962977,0.019070325924903226,0.0050766775397043115,0.005026287453075269,0.007539431179612904,0.019797256941009343,0.017062923195966046,0.0449299448306595
45,0.048482199709108185,0.045902215689111285,0.03734108815979291,0.022497748495810474,0.010340609028865726,0.0448093057917515,0.05859678449690579,0.02880598229469739,0.08492703647806799,0.0936016609872142,0.05923382508027983,0.048213065977651216,0.0011857141357068507,0.12402832235429888,0.07145178240409736,0.053600542361508394,0.043964684334409164,0.029446115234579566,0.01854178170693165,0.07502953527921181
46,0.06894406536079933,0.05661930270090912,0.1336887202373876,0.13764787480874727,0.008275905207619514,0.02671473078546166,0.04295613443705109,0.02503811999254379,0.00737459065349594,0.011255231082362538,0.014388789735974836,0.03619154232502808,0.0018978725946496898,0.23022063577559737,0.005147209336446282,0.08466085968100412,0.06290483717906949,0.036451600664469584,0.005866151656189951,0.003755825785192791
47,0.06883033583813727,0.040455522211055604,0.007931245692332778,0.00702213006239272,0.009952935770770542,0.26352999575307795,0.06052146122773918,0.008459995405154965,0.09317820276997968,0.004028569240549983,0.056916734696933396,0.19418650661306688,0.003874807055796166,0.11945025242316945,0.013733053776720112,0.01146239795979909,0.004834283088659979,0.006797390354370551,0.016374184655138638,0.008459995405154965
48,0.024880014240935434,0.0699958096959491,0.05729044277199878,0.0337649741265743,0.05729044277199878,0.0039102864533740326,0.05729044277199878,0.13999161939189816,0.02455304690228519,0.05662028694153454,0.04806182922292422,0.04666387313063273,0.05729044277199878,0.04296783207899908,0.010110078136235073,0.03817953256142677,0.09332774626126547,0.08911442341177167,0.014322610692999694,0.03437426566319927
49,0.0395132996629259,0.06215882796252599,0.02121877317512152,0.012693279296054525,0.0911662810117048,0.014564118972187883,0.023309560485947248,0.02237717806650936,0.10359804660420999,0.06637298579049386,0.07911123558866945,0.1331974884911271,0.015666868090688898,0.062158827962525996,0.04360395394386152,0.017801264196112464,0.07550293126682174,0.06443201944810198,0.04520642033638255,0.006346639648027263
50,0.05858392351463452,0.03598229568770949,0.15832210102592176,0.06031318134320828,0.013848939940251357,0.023748315153888262,0.07643135911596222,0.06383756142358771,0.014423362946738948,0.03275629676398381,0.06519145336361483,0.03392616450555467,0.003301781612293896,0.04818498726875879,0.005863781519478582,0.019258876553199356,0.10091054629244364,0.04871449262336053,0.06332884041036871,0.0730717389350408
51,0.3200891455027367,0.016709831301383773,0.014766827661687985,0.10537849899588478,0.009257303185083951,0.20359871006053087,0.008100140286948459,0.00996940343009041,0.017673033353342093,0.00875825640624253,0.011108763822100742,0.01984292467039323,0.003240056114779383,0.040966038029198924,0.0028604174567510637,0.13393974152515428,0.03298564101052382,0.022230159055019284,0.009483091067646976,0.009042017064500604
52,0.01008553387360055,0.02521383468400137,0.021611858300572606,0.013743110148186171,0.027153360428924557,0.5580933850502927,0.02036502032169342,0.02521383468400137,0.034160679249292177,0.00840461156133379,0.028621109641298857,0.026474526418201444,0.011265755922638912,0.07059873711520383,0.024840437777710125,0.009455188006500513,0.013576680214462277,0.011449594516615456,0.029416140464668273,0.03025660162080165
53,0.0023254304625923497,0.005931532774148602,0.0068265557038662585,0.008707994923750075,0.318071488344863,0.004704319096738545,0.21627643460547333,0.00818551522832507,0.0067094387117418615,0.0018692361683509094,0.006018761197297845,0.004092757614162535,0.0011796272026101016,0.004533651643933962,0.0013989627692309642,0.002557973508851585,0.0026235625731811122,0.004134098600164177,0.10602382944828766,0.28782882942243004
54,0.2537683365474724,0.10553580331746885,0.018773539855552548,0.014164449082003932,0.012039781719703343,0.007024298597428934,0.010702028195291861,0.010469375408437691,0.016053042292937792,0.004500852979328353,0.01783671365881977,0.007894938832592357,0.2774870205619988,0.01146645878066985,0.004116164690496871,0.12019651491414297,0.07557922314190699,0.004585064999732703,0.016606595475452884,0.01119979694856125
55,0.004459210968324699,0.01780462512622342,0.0151862979017788,0.02728426975969761,0.01475240367601369,0.007839892047488368,0.0187757864967447,0.0077895624729146,0.018440504595017115,0.004830825433848084,0.03688100919003423,0.010985832524691045,0.18633975831768945,0.0151862979017788,0.007823244373643625,0.006003885216982315,0.008979723976703984,0.5457561522979435,0.0312929774945745,0.013587740227907347
56,0.006201681401375166,0.02026355375025194,0.01699523862924357,0.042148191800524044,0.011679298990287752,0.014239253986663529,0.013338035379912672,0.03292827484415941,0.03292827484415941,0.009006023889000864,0.042148191800524044,0.021074095900262026,0.07499755210606347,0.02026355375025194,0.008362736468357945,0.5544853581131811,0.006980343003370605,0.012695238494133749,0.03902610351900374,0.020238999329272995
57,0.02017199762489981,0.04061522618998717,0.037490978021526615,0.027850440815991206,0.03899061714238768,0.016969952324578864,0.021190552794775913,0.03481305101998901,0.02166145396799316,0.01266928555901338,0.024369135713992306,0.03610242327998859,0.005826511219028503,0.007346815852163647,0.5143880410620759,0.04426632812130791,0.017101147869468283,0.014769173159995336,0.02279164207084947,0.04061522618998717
58,0.009146245232684801,0.028554131458137913,0.023892232444564374,0.013511606079868814,0.03443292322893101,0.618162618841146,0.017216461614465505,0.030808404994306694,0.04181140677798766,0.008018625957422292,0.033449125422390126,0.024389987287159468,0.007271549004867419,0.02660725885871942,0.005609790597974861,0.009075344106850035,0.01114970847413004,0.00946982201259089,0.024908923186886263,0.022513834418916426
59,0.21894171482388167,0.07111348708567482,0.023450132785697665,0.02468435030073438,0.016172505369446668,0.0014775941794509442,0.011439089163754959,0.02248446386557959,0.020391419813650145,0.006012854560435299,0.016172505369446668,0.005681943741148479,0.004342617182536604,0.015129117926256559,0.00512140806113835,0.2465904341287303,0.2354511776829319,0.015025411801638936,0.01563342185713178,0.02468435030073438
60,0.12353814085345115,0.019339016237278368,0.04190120184743647,0.015877485871551734,0.08380240369487292,0.012530525628261922,0.05028144221692376,0.03142590138557735,0.03591531586923126,0.007856475346394337,0.015712950692788673,0.0628518027711547,0.022855201007692616,0.03142590138557735,0.007618400335897541,0.31025032422488147,0.0384946770377064,0.010682371346601409,0.014788659475565812,0.0628518027711547
61,0.017167213109800142,0.027467540975680226,0.031213114745091166,0.003179705756016727,0.024524590156857342,0.00916673295213613,0.057224043699333794,0.02985602279965242,0.34116255319445427,0.007153005462416725,0.020437644080264113,0.07506808071039138,0.040393442611294454,0.128863778913905,0.03431179672348549,0.010899817847492152,0.08043113485870466,0.00858360655490007,0.020196721305647224,0.03269945354247646
62,0.006578477422083746,0.015919915361442664,0.013724064966760915,0.021513399137084683,0.21461207122045473,0.007728114253127506,0.008312854140497464,0.15828845659474355,0.015607760158277122,0.4034851303660822,0.014214210144145235,0.008378902821811926,0.015654567789783087,0.016936080171747515,0.0038484291426018227,0.004548547246126475,0.005102536974821366,0.040192542809073244,0.014740662371706167,0.010613276907628443
63,0.16149213453154987,0.02856676798368584,0.01046907122129396,0.047375190981209035,0.023104157178028044,0.11937401623947705,0.002851997647647966,0.03015047600971038,0.0045440595517866975,0.03401445362320796,0.10110670584889302,0.006091095983298304,0.0010530452852854028,0.0794575661923849,0.03456492948143594,0.05780689707455668,0.09185765716748248,0.11590002079331492,0.010806783196174412,0.03941297400957726
64,0.009478708250776367,0.016040570923141265,0.029460849968629244,0.022245947935495555,0.10059917659732966,0.023910241376714398,0.015572163554846885,0.01946520444355861,0.018793990497229,0.008847480044994159,0.02137355782037808,0.016770022289835106,0.007267009658928548,0.016515931043019426,0.0625167672204908,0.007267009658928548,0.009732602221779305,0.012824134692226846,0.5675205121961377,0.013798119605560532
65,0.009993090185403314,0.021920326858304036,0.024268933307408043,0.03775167403374585,0.015671554276878146,0.012821323256743872,0.0251677826891639,0.018365679259660143,0.029544788374235884,0.35292898679609436,0.1774856629737265,0.020591822200225006,0.006350748902873132,0.02718120530429701,0.01258389134458195,0.03812892748980841,0.01096016342915202,0.011173293418631465,0.11313363926869566,0.033976506630371266
66,0.22858034290712342,0.022180653767166107,0.019886103377459274,0.022073894033169277,0.0339233528203717,0.00679547879120642,0.017475666604433907,0.015176236788061024,0.027461761806967563,0.00534647965841635,0.0073108838474464045,0.014787102511444074,0.006007260395274155,0.02621349990665086,0.006407744421625766,0.012399258636780453,0.16944668804899124,0.30030337553860076,0.022180653767166107,0.036043562371644924
67,0.0017355345356570907,0.011565983971207748,0.026342906169889605,0.10647240691800659,0.0049568502733747495,0.000658750867112988,0.004626393588483099,0.0040821119898380295,0.7995760095821306,0.0014357773205637206,0.006939590382724649,0.0027393119931807823,0.0015892191716163318,0.004525819814820424,0.005790075164224935,0.001678933157110802,0.0019640350139786744,0.0027456761695464965,0.005948220328049699,0.004626393588483099
68,0.014632128531058788,0.028166847422288165,0.029649313076092806,0.046944745703813615,0.030450645861933148,0.0036860980503631725,0.017070816619568586,0.022145750778360146,0.01397349007664253,0.010432165711958579,0.0352085592778602,0.020119176730205832,0.010730227589443113,0.040238353460411665,0.5723886569224241,0.009922871747613509,0.013412784486803888,0.020864331423917158,0.03313746755563313,0.026825568973607775
69,0.07977112908377457,0.012301617653141098,0.02544825427401482,0.06776829664998556,0.021764400463249636,0.5839764576722832,0.00707343015055613,0.011667513650401865,0.014146860301112259,0.00427075027958106,0.01664336506013207,0.04334155806043149,0.003252561985135298,0.03489131718072473,0.003096373714101519,0.027295052554662885,0.004878227690038711,0.010169547414024677,0.01714770945589365,0.011095576706754718
70,0.004010189860059401,0.00486112575745807,0.008384942434669659,0.011529295847670781,0.21439445525831066,0.007849733343095,0.02822232746254998,0.06264804146040147,0.008579941095941046,0.3167247729216982,0.09188379414192215,0.005425550987139189,0.0018446873356273252,0.005764647923835389,0.0036528462091630193,0.003155718357581756,0.00368937467125465,0.006993269744416903,0.025059216584160573,0.18532606860304485
71,0.07696149691328757,0.2015658252490865,0.016591869816717352,0.016591869816717352,0.0331837396334347,0.01027115750558693,0.008803849290503082,0.038134075047124474,0.021569430761732556,0.22447505866930095,0.18300666792196496,0.010784715380866278,0.02616707935788159,0.016814840683835288,0.01180836004131288,0.006438636048278374,0.018812810356581403,0.041498846374811924,0.015977356119801892,0.020542315011173862
72,0.06611713325808344,0.013049434195674366,0.18595443728835964,0.210748362260141,0.04648860932208991,0.13679406880982786,0.06559066818801426,0.018974961030304438,0.012698297244447558,0.037200235933186734,0.027548805524201435,0.013799971658403229,0.010213258668562939,0.07846777678622813,0.0029526947794378455,0.02656491961262282,0.013799971658403229,0.012396962485890648,0.007989457275917659,0.012649974020202957
73,0.018847013064651637,0.07283892690862889,0.032408640139145344,0.02546393153789991,0.05092786307579982,0.008912376038264969,0.08693028586895528,0.035649504153059876,0.032408640139145344,0.05627222863919484,0.032408640139145344,0.0297079201275499,0.18416159443181873,0.17824752076529946,0.01229293246657237,0.029305121665657678,0.029813258990437148,0.01697595435859994,0.015499784414373862,0.05092786307579982
74,0.0037619406468217746,0.08601371767253908,0.006045976039534996,0.01845364994771286,0.20962020574360068,0.01350267069344843,0.06594558807448445,0.02563006937182341,0.0056429109702326626,0.2842859586539548,0.09436525541444074,0.005846608200484736,0.002489519545690881,0.012211974230104096,0.00235121290426361,0.013551343951660083,0.01876642367564019,0.03911371456308703,0.004128959246511704,0.08827230045396368
75,0.011931097372597938,0.044611929306235774,0.041042974961736915,0.008136386910162711,0.02630959933444674,0.5318783118753457,0.029316410686954942,0.044611929306235774,0.05130371870217114,0.009327948854940208,0.031093162849800703,0.029316410686954942,0.010800782884667608,0.031093162849800703,0.006942948611794613,0.011793958322338195,0.011528925551049694,0.013900518793003122,0.021960648783523086,0.03309917335623945
76,0.09019675449401546,0.09117715399938518,0.007382315879687038,0.0011255087927258245,0.05318667316630803,0.004989702538013199,0.08009659708973768,0.015886928348377724,0.11117697436258596,0.06321591746075797,0.004468919780267226,0.03429134006880764,0.0038924938274713466,0.02092716226778149,0.15985429328403755,0.03495124236643098,0.012796427969720784,0.02730565809877421,0.07073465717015795,0.11234327903495675
77,0.002895761883256307,0.11920021289502093,0.02704798209842342,0.03735307516869133,0.020232915716374464,0.01524197593440839,0.015664192812677006,0.060295807300500714,0.026977220955165953,0.044656143627867205,0.022072271690590325,0.01734249918546383,0.00916207504137712,0.013488610477582978,0.008519122406894512,0.007960491429393233,0.23989979953714904,0.25267061167070176,0.04414454338118065,0.015174686787280851
78,0.0191122903713255,0.09554348918485418,0.009040530663048394,0.011442890782486266,0.05895796577798165,0.0033878579329210644,0.006918957217317278,0.12796361685409915,0.022885781564972535,0.06681362880059735,0.24320160883417438,0.007437879008616072,0.003814296927495422,0.012396465014360121,0.00437522294624475,0.0037660146879068728,0.12929705786120663,0.15568632327931936,0.009917172011488097,0.008040950279584944
79,0.008500835255750572,0.026804068207404143,0.5269481559349017,0.019604725662588546,0.03086529066307143,0.003136648157096668,0.013952802628511748,0.025463864797033935,0.028293183107815482,0.011317273243126192,0.029101559768038784,0.13431433755178268,0.007223791431782676,0.024251299806698982,0.007658305202115469,0.007489371999127628,0.008934689402468046,0.009906366866493356,0.02752850248327993,0.04870492783091188
80,0.008961293343943714,0.02987097781314572,0.021336412723675514,0.020366575781690262,0.010762794172414306,0.009956992604381905,0.009459568490472196,0.11065025726215423,0.02240323335985929,0.46437715138853236,0.16627848665094314,0.018669361133216076,0.0022944583735715674,0.02424892179578487,0.004901656829714024,0.006400923817102654,0.0077252528827101,0.010928406517004531,0.02240323335985929,0.028004041699824112
81,0.013987969425435924,0.08392781655261554,0.028775251389468185,0.01472325792342921,0.028775251389468185,0.5240503707396811,0.023979376157890156,0.023421716247241552,0.02962158231268784,0.007351341595849538,0.023421716247241552,0.021894213013725794,0.011316110096981871,0.03730125180116246,0.006883557852613789,0.009777998044964918,0.01651039014149814,0.022900360505022206,0.04795875231578031,0.023421716247241552
82,0.2109499715275492,0.5589460390412754,0.019060812101663757,0.020139725994210763,0.012571245414138963,0.008477629026393749,0.01046475958522716,0.01809161826598594,0.01809161826598594,0.004542150968907109,0.017216217382147913,0.016421622733741086,0.00513175710429409,0.016678210588955786,0.0037318482944627366,0.02850413218363216,0.0068864869528591655,0.007022404458507701,0.009469070745209947,0.007602679364851576
83,0.020585560124601224,0.024285849728393635,0.008545265731112153,0.034021926837245885,0.021825387027667172,0.6075596761337771,0.018963041187973113,0.021421213193821488,0.029660141345291283,0.009802928071748814,0.033049871784753146,0.01752644715858121,0.008967019476483411,0.03213181979073223,0.0068043853674491775,0.02670440950482812,0.00832191016162849,0.008514157888147224,0.039887776291943455,0.021421213193821488
84,0.020596378644252445,0.028834930101953416,0.026213572819957655,0.07208732525488355,0.057669860203906846,0.004336152442320792,0.14723043661133295,0.021087099497823083,0.0043323539362119,0.018021831313720888,0.048058216836589035,0.024029108418294517,0.14723043661133295,0.09611643367317806,0.1475108014145163,0.006950179772084625,0.0322053568648461,0.028834930101953416,0.020596378644252445,0.048058216836589035
85,0.014854025371356069,0.03385214740402547,0.029620628978522287,0.004312337192971343,0.029620628978522287,0.12380387263776613,0.12361009397789764,0.12361009397789764,0.018228079371398333,0.03385214740402547,0.059241257957044574,0.059241257957044574,0.015797668788545223,0.11848251591408915,0.002829770780729879,0.014810314489261149,0.02369650318281783,0.028788788533376956,0.01813777312481048,0.12361009397789764
86,0.007862242591278946,0.021846767555704645,0.013921123561518202,0.05241495060852631,0.03773876443813895,0.4945094068621673,0.015217243725056026,0.03931121295639473,0.06289794073023157,0.008499721720301563,0.049656268997551246,0.03263557602572992,0.0049656268997551245,0.04288495958879426,0.006789764688748767,0.014543999706057707,0.01209575783273684,0.014986497355872838,0.03773876443813895,0.029483409717296055
87,0.017750579041577827,0.025448580853723174,0.04297508610066212,0.03711484708693547,0.03711484708693547,0.052634853003432285,0.02474323139129031,0.04297508610066212,0.04803097858309295,0.007667170058129453,0.035501158083155654,0.02721755453041934,0.007225899432854692,0.02474323139129031,0.003102918891735793,0.010206582948907252,0.017372907147076178,0.02206828745709676,0.42717460065379637,0.08893160015722645
88,0.17616414534186778,0.18068329969309313,0.012921903138624227,0.01744456923714271,0.013165712631805817,0.06760109867241053,0.008614602092416152,0.01680056330708163,0.0268377988263734,0.004948813967983747,0.01836270446015022,0.004649265927655332,0.0026837798826373402,0.019382854707936343,0.0059045587124823265,0.37169446410956863,0.011722681942020793,0.01127075666634446,0.01789186588424893,0.011254560798156586
89,0.006229116336844354,0.009089842996882489,0.0648878067009562,0.020556083911586368,0.020520074807180214,0.008029720277963425,0.03891302615766697,0.014682917079704549,0.017420410094564718,0.004449368812031682,0.014079509528483813,0.011425739642975753,0.009015826277011564,0.15296783038079798,0.0052438989570373394,0.003999936060150551,0.006717674480910579,0.008637010046885028,0.04104014961436043,0.542094057836006
90,0.011282452892846614,0.07941643278394092,0.02812482258367885,0.0351009645555228,0.12249335125601217,0.00987214628124079,0.1502290396074578,0.016626772684195008,0.024300667769208098,0.03580235017845876,0.024300667769208098,0.01709710560288498,0.006017308209518195,0.024300667769208098,0.008313386342097504,0.0054940640173861775,0.008538072459451493,0.014973239619148383,0.044919718857445154,0.33279676876109004
91,0.12591771196160698,0.10510606960474446,0.003100321245041757,0.005731202768447378,0.0072942580689330265,0.06251127916676108,0.003592694272758057,0.04290546888264054,0.005731202768447378,0.036052512047218786,0.08938639350550114,0.005107793914600064,0.00337886710845537,0.004222991513592804,0.002005920968956582,0.1509008148145058,0.20491286521222668,0.1314857612314312,0.006505689629048374,0.004150181315082583
92,0.49647098065509493,0.05923082237521167,0.009821730908640417,0.033659226977543144,0.021419508076618365,0.06062997565966551,0.00897579386067817,0.022986789155395315,0.027719363393270822,0.007249679656701602,0.03769833421484832,0.021917636171423442,0.0033554412570977335,0.025471847442465084,0.006637030671628226,0.01279901824174171,0.0020568240875467004,0.06985744120740671,0.04960307133532673,0.02243948465169543
93,0.11274123639666825,0.06821892969085099,0.007316836058531974,0.012804463102430951,0.006566391334579975,0.03486745295310162,0.020410216362791198,0.11328281697904576,0.01067038591869246,0.0024312271713476494,0.008830664208573072,0.011174326006565484,0.0014393103761296568,0.010381997110079153,0.0032280159081758708,0.051506150292519974,0.4078337657101249,0.09655602356243524,0.011819504402243957,0.007920286455111931
94,0.032761479902521276,0.08584337139015069,0.051842341823769934,0.00680506962433566,0.0036066869008978997,0.013281681041562682,0.054414223277861766,0.18894479372234893,0.030241366063865804,0.2107234189569096,0.02420865012007973,0.04483405869263395,0.002226349938825864,0.07910698805730748,0.004152863649615374,0.04166288304359573,0.0020815850052200934,0.10036419407877646,0.013871872695761154,0.009026122013959945
95,0.034315441773766324,0.011669547185853968,0.002321803764066808,0.0053143508377529155,0.007377133280123579,0.04228351863350051,0.014475013731412892,0.043443118205172195,0.09946187589078896,0.08485115004014694,0.03518892574618947,0.14750913317847103,0.05395868457721634,0.02950853312049432,0.12525441313717073,0.08597819648470548,0.08841438629695848,0.08114846608135938,0.004982203910393359,0.0025441041244561834
