site,A,C,D,E,F,G,H,I,K,L,M,N,P,Q,R,S,T,V,W,Y
0,0.01423560722551939,0.008827247821573505,0.053312377684902545,0.04195757919100451,0.022144277906363495,0.011486738264059134,0.11685904235796189,0.02491231264465893,0.1226452314813978,0.006526277206824807,0.02415739407966927,0.07247218223900778,0.019465945964960804,0.01660820842977262,0.3177573165905923,0.0594246030623253,0.01944375621046551,0.010772891954447106,0.012078697039834635,0.02491231264465893
1,0.015668086466976306,0.017437952151798768,0.018494797736756274,0.01152016445488996,0.0203442775104319,0.24230692966144785,0.10172138755215948,0.016953564592026585,0.018494797736756274,0.008975416548719955,0.019688010493966353,0.0554843932102688,0.24140127668963976,0.04359488037949692,0.059253511145312396,0.017437952151798768,0.035901666194879826,0.005242713758533641,0.009389666543276259,0.04068855502086379
2,0.009455511241447579,0.06700985287834048,0.10414113654626563,0.02154616496001989,0.016428950782015166,0.5277431959973671,0.018254389757794632,0.01776102787244883,0.019048058877698743,0.0056408414702198,0.020862159723193864,0.01932817739060608,0.008014122332690325,0.020862159723193864,0.005592834308771122,0.06990294202185192,0.011428835326619246,0.0059508491166491975,0.01251729583391632,0.018511493838890333
3,0.06532690192165481,0.022456122535568845,0.02694734704268261,0.11062820399608388,0.02629009467578791,0.43065169397545894,0.029132267073170393,0.028365628465981698,0.023432475689289228,0.008165862740206854,0.029132267073170393,0.03170276122668542,0.011976598685636716,0.028365628465981698,0.031686581657359485,0.00962405251524379,0.01608796838369111,0.007551964256991605,0.025306825077723378,0.03716875454163119
4,0.05315394675121562,0.08303826036485353,0.03632923890962343,0.01698509871099277,0.01362346459110878,0.030835549123290118,0.01816461945481171,0.10403372960483072,0.017373668478270217,0.06357616809184098,0.04370548074833136,0.044789472628302844,0.0018379571618353614,0.09161286333731122,0.045666492500905806,0.077642696012184,0.0871137084115928,0.11579944902442464,0.013046362050882564,0.04167177404339156
5,0.15307505660005552,0.10572455715918758,0.015292302017668203,0.00765209961866106,0.011763309244360155,0.43090577169191363,0.010004309731184805,0.013550141028313596,0.016468632942104218,0.003878482395785413,0.015977031958757822,0.013380764265459677,0.005002154865592402,0.01574207560642315,0.0026749376646376484,0.1481441757961607,0.005299312580380069,0.004043706001829128,0.007871037803211573,0.013550141028313596
6,0.024498664822790277,0.01741167729979139,0.23400834778445614,0.14014384682087666,0.027376841213271663,0.0005743561884558878,0.006567490210191857,0.010237558268828478,0.009509983345434875,0.017769695733882467,0.06301233961260219,0.031171072937925516,0.006485906480872701,0.1066613768042573,0.004817674479448697,0.07187014590343556,0.08409913638285947,0.0508481294780071,0.05198552315729787,0.04095023307531392
7,0.00394576258603786,0.04565691796584945,0.023520230467255775,0.028224276560706932,0.020977502849174073,0.008001727890922069,0.0221762172976983,0.017575048807367374,0.025037664690949694,0.007800679451451664,0.02156021126165113,0.025448118210473464,0.009595714877627911,0.0221762172976983,0.006577691571351193,0.037994589120062545,0.625474367779031,0.009351416932764346,0.01848018108141525,0.020425463300511596
8,0.06429598369041346,0.08256105122216896,0.005936561874388724,0.008429917861631987,0.0052036530010074,0.006909768739042611,0.004483998862570206,0.16363958201991505,0.005140193818068285,0.1689178930359639,0.004469438143465197,0.005403793501046145,0.08553206818852459,0.003713615319943249,0.002878838518884404,0.041252789535645894,0.1778566485257616,0.15454849412991978,0.0038669347989137557,0.0049587752127246984
9,0.009527846676120885,0.02681912397722916,0.02374151958639958,0.05651050384443464,0.02413721157950624,0.5812043291318614,0.022987820551910704,0.020397643588315136,0.028964653895407488,0.0073889423202570135,0.04022868596584373,0.03620581736925936,0.011870759793199792,0.03532274865293596,0.004882587285120271,0.009785356045745774,0.01353488499785397,0.007005802560906197,0.014937445317177925,0.02454631686051482
10,0.03310074994297951,0.07373451973622563,0.08619847082471789,0.12543808984865196,0.020437285361671238,0.004798924628429233,0.03427503065863614,0.1253486835515836,0.013022662980737025,0.019697650272391704,0.01228908662270427,0.014922462327569474,0.002254472725747906,0.20891447258597265,0.02147067260995823,0.009732040648414873,0.003013189508451529,0.11143650907144276,0.0662901691859336,0.013624856907780822
11,0.029334993120438135,0.015191335723084032,0.014297727739373208,0.03130223654574692,0.034723053081334936,0.01599087970850951,0.0560910857467718,0.11784793773059127,0.09691388142402693,0.07076470311512563,0.16434271624043087,0.07937182320705201,0.003984612648677778,0.05928473738769883,0.06170051048274482,0.030523354723007132,0.023569412340909642,0.08102045718978151,0.005063778574361344,0.008680763270333732
12,0.02357376059546652,0.053858467742317846,0.05051520127599968,0.05051520127599968,0.03928960099244419,0.01012957339135772,0.1178688029773326,0.05051520127599968,0.04420080111649972,0.00836610029153852,0.02525760063799984,0.1178688029773326,0.03214603717563616,0.08840160223299943,0.04961968893175398,0.018610863627999883,0.04420080111649972,0.010715345725212055,0.1407727860441435,0.02357376059546652
13,0.019242204703198047,0.03207034117199675,0.04209232278824574,0.06052378141296098,0.051805935739379375,0.00647574196742242,0.05612309705099432,0.034151289248709936,0.26962409946214405,0.01432930137472195,0.0249435986893308,0.09661136066534505,0.026939086584477277,0.037610133312678415,0.06218485613017901,0.015662259642137945,0.07084800639807237,0.011414867196812402,0.019242204703198047,0.04810551175799513
14,0.0543156679331834,0.019553607300219326,0.007623932460740941,0.008554703193845955,0.04562508370051176,0.060225110484675506,0.040771351391946674,0.007604180616751958,0.04830891215348303,0.03465196230418614,0.07370205828544207,0.17489615418529508,0.0017569117199537087,0.07465922787356469,0.02062503783721764,0.14385592567593927,0.10445809872915146,0.052192197732765275,0.021900040176245646,0.004719836244880527
15,0.10729601379249089,0.03919885442466392,0.010383485205724928,0.016941475861972248,0.006190154641874475,0.03731655350197908,0.08959127359092972,0.013138287403162148,0.05901280758586997,0.02751077452446901,0.10544608252020653,0.07376600948233747,0.0023325220389671933,0.08047201034436816,0.12856143914709736,0.12725564208388446,0.0412016692963165,0.024760618567497894,0.004074532169335097,0.005549793816852977
16,0.006120434197397025,0.009326375919843087,0.013056926287780322,0.018361302592191077,0.012773080064132922,0.004776924251626946,0.018361302592191077,0.221721389792496,0.015065684178208062,0.2347552632235758,0.16800910681452688,0.015065684178208062,0.07553307835058092,0.009180651296095538,0.003751148972540054,0.004855881677273673,0.006912490387648405,0.1382498077529681,0.009792694715835241,0.01433077275488084
17,0.03719926079940591,0.01664177456815527,0.003549312788539521,0.021079581119663345,0.011931838369620761,0.15991406366641156,0.06926902963234365,0.01664177456815527,0.01114978535193985,0.05789462420189227,0.01505684365690239,0.25345139897641317,0.008906865261829579,0.10998042323302615,0.02570680624349188,0.12146141402304705,0.007026527039887782,0.027495105808256537,0.01317473819978959,0.012468832491228675
18,0.02159612461666178,0.12494900671068598,0.05865661703918314,0.038337736549889444,0.04978810995368331,0.04456343174866716,0.10418235175684006,0.02339580166805026,0.023380267572692542,0.0931910881932102,0.02625191252103302,0.03437750449182896,0.0027338626343136824,0.07189932991703064,0.06475733659196377,0.08161920254349836,0.06673280283707973,0.015597201112033507,0.013883222967854002,0.04010708857380046
19,0.010369097580101846,0.012097280510118815,0.03299258320941495,0.013441422789020907,0.041875201765795914,0.010833385531449689,0.014232094717786843,0.024098327098758827,0.02016213418353136,0.3027265935069054,0.2909159931297475,0.017703337331881192,0.007721668410714139,0.12673341486791137,0.003944765383734396,0.005376569115608363,0.005026460817734798,0.009200319346787184,0.009072960382589113,0.04147639032040736
20,0.13657104749294421,0.06768486315290397,0.012690911841169496,0.08958290711413762,0.0072519496235254255,0.08057721803917141,0.006859952346578105,0.009064937029406783,0.029286719633468065,0.050629273923164006,0.0133588545696521,0.11537192582881359,0.10119227384888518,0.1089623606827678,0.015078311098419206,0.10111332576087363,0.004142938964737705,0.028599237951931252,0.007050506578427496,0.014930484519022937
21,0.10609633035978394,0.03813287665926398,0.005447553808466283,0.01668313353842799,0.010677205464593914,0.0649289521495576,0.07507410092292596,0.00795800244582221,0.014829452034158214,0.011996860072577433,0.12812646557512697,0.009204487469477511,0.03734526829976709,0.1334650683074239,0.10154950849477906,0.08030320544149812,0.11354310666598576,0.01709801136978461,0.012710958886421325,0.014829452034158214
22,0.04339153190444948,0.0036546343716314387,0.08417448197886604,0.03953649911128557,0.0402997519898818,0.022592285206448896,0.05196225597483247,0.03030672405743144,0.028240356508061115,0.04927192002579259,0.12537835671084047,0.028240356508061115,0.0685349015904471,0.13554860653738668,0.034133400516919994,0.03162919928902846,0.05769101400932486,0.07998746838490177,0.0049703027454187565,0.04045595257898988
23,0.05701490458860626,0.011549658861243204,0.07532561815246971,0.1196196136149249,0.010354866565252526,0.08119404230937437,0.014299577637729684,0.015014556519616166,0.00736017599505153,0.021449366456594524,0.03464897658372961,0.20019408692821558,0.007149788818864841,0.267193337349459,0.004416046035181225,0.036521894236904176,0.008341420288675648,0.0032657132519658435,0.015399545148324274,0.009686810657816881
24,0.014003244602529276,0.011110429368084457,0.028006489205058552,0.023338741004215454,0.1677983253275404,0.006668211715490132,0.06001390543941118,0.13308995308227853,0.020004635146470395,0.0016802552723797382,0.021004866903793912,0.03819066709780711,0.06001390543941118,0.02625608362974239,0.005916863916561666,0.001996095297515011,0.03231517985199064,0.004633287318479217,0.04200973380758783,0.301949126573653
25,0.0768080421206184,0.029761640004896516,0.016217533820189225,0.022646105784948925,0.061310188832422674,0.012890860216047849,0.10178762585794204,0.15996385631732096,0.01795512672949521,0.05586039426954067,0.08029931676246471,0.0986201922854187,0.004189529570215549,0.038672580648143544,0.0389231099712987,0.04384628603830966,0.06356527623775318,0.007675474021768947,0.0023275164278975277,0.0666793440833069
26,0.0145940118541711,0.020397857548268592,0.029916857737460615,0.07255954301996041,0.025390246220384168,0.0032237993251573935,0.01010704653292588,0.016998214623557165,0.08310238260405724,0.0020329015284324763,0.025969494563767893,0.10436113164230446,0.07466691885363366,0.08414116238660795,0.12270586181380327,0.1499627872097796,0.12531203745689978,0.023535989478771457,0.003595776170367861,0.007425979429688981
27,0.01839667001160867,0.010881620058904418,0.04260281476372535,0.023807455309140635,0.14594218971300912,0.010650703690931337,0.13525096109552784,0.05059084253192385,0.02312724230030804,0.011242409451538631,0.036793340023217345,0.0337272283546159,0.021877121094885987,0.04047267402553908,0.008993927561230908,0.013490891341846358,0.015871636872760424,0.013490891341846358,0.019742767817336138,0.32304661264010354
28,0.013399486059607252,0.027964144820049917,0.035731962825619336,0.16012228693041206,0.014292785130247735,0.014292785130247735,0.0321587665430574,0.23171414865357542,0.25681113221944535,0.00784360159586766,0.029235242311870364,0.014572339154822766,0.017865981412809668,0.04716792884906922,0.004431424285847144,0.010719588847685799,0.0274446915155437,0.010049614544705439,0.017383117050301298,0.026798972119214507
29,0.15350228576923292,0.019062375356963566,0.01143742521417814,0.003223535311228591,0.011831819187080834,0.025654037863577138,0.019062375356963566,0.02859356303544535,0.13705359007546625,0.057693206832579995,0.00686879861295522,0.047201147826905224,0.00816958943869867,0.05327564676309058,0.16364608116587057,0.13296006811482086,0.05186142902557916,0.05083300095190284,0.005815639939412613,0.012254384158048009
30,0.2165754193062265,0.2068639949654965,0.06509706135277862,0.03134302954022674,0.013432726945811463,0.009099589221356152,0.01659336858012004,0.01567151477011337,0.01567151477011337,0.002805292580937294,0.01567151477011337,0.17951007827584406,0.0016274004177777486,0.01659336858012004,0.00447757564860382,0.11260070595101829,0.04349337550742303,0.00829668429006002,0.01175363607758503,0.012822148448274577
31,0.1658136040823961,0.028330460560151295,0.009108681186734068,0.03168882211352459,0.028293591172789807,0.31557846941301254,0.054635900195732036,0.037724788230386413,0.034444371862526725,0.010562940704508196,0.037724788230386413,0.03168882211352459,0.0193224525082467,0.037724788230386413,0.011824187355792756,0.04065169930445891,0.01722218593126336,0.017239842107457694,0.026407351761270483,0.044012252935450816
32,0.01428968880524359,0.15970828664684014,0.033938010912453534,0.033938010912453534,0.019691342818149223,0.009881358787756934,0.02857937761048718,0.21667712004284637,0.02262534060830235,0.0120922237483024,0.0388518135126884,0.06655412987485707,0.014675896610790716,0.041769859584558186,0.008104599620884426,0.059366733430185024,0.10665470603163252,0.04445929813891676,0.031941657329368024,0.03620054497328377
33,0.02123598396145452,0.05537295360145455,0.014535400320381822,0.01076696320028283,0.008305943040218184,0.009084625200238639,0.010024414014056428,0.10564939880882641,0.0387610675210182,0.18080619910718848,0.036338500800954555,0.05305074180476219,0.005742716598218268,0.022362154339048958,0.03737674368098182,0.12423736993415488,0.11583721960965873,0.037684371200989907,0.07928400174753722,0.03354323150857344
34,0.011571262583167437,0.03667291926534969,0.11635709478365647,0.32352585866609046,0.03667291926534969,0.11939365479245863,0.03507844451468232,0.02689347412792311,0.012398304614554649,0.010343643895355041,0.027820835304748038,0.02444861284356646,0.01680842132995194,0.0646629634099629,0.013685285968230185,0.026025942704441727,0.01967815180091935,0.0114076529443277,0.03667291926534969,0.029881637919914567
35,0.036359421581957825,0.054890481643243255,0.03563066352280702,0.019342360198095244,0.017815331761403513,0.0063250960339519165,0.01692456517333334,0.36266925371428577,0.032237266996825394,0.004740350203155344,0.007495789467937978,0.018805072414814817,0.041660468118974364,0.019911253145098045,0.005786176127635329,0.007201942626950356,0.008907665880701755,0.2703666919565513,0.013018896287179492,0.019911253145098045
36,0.01039181260691343,0.07027117706704897,0.025237259188218324,0.02208260178969104,0.028227438169443026,0.15683146814017718,0.03533216286350564,0.016060074028866212,0.05888693810584276,0.009814489684307127,0.02208260178969104,0.1404374688889951,0.04416520357938206,0.05888693810584276,0.022178238562612848,0.14993449428873096,0.025237259188218324,0.051959063034567134,0.03571296308983804,0.016270347828107923
37,0.029584038540110515,0.05547007226270723,0.06339436830023684,0.029584038540110515,0.044376057810165785,0.002408716558385499,0.044376057810165785,0.02558674005738951,0.010499568407375589,0.020170935368257172,0.044376057810165785,0.17662094823852154,0.05547007226270723,0.036980048175138155,0.17709204794705155,0.01208544653586913,0.036980048175138155,0.011677909950043629,0.07396009635027631,0.049306730900184205
38,0.06313777678647396,0.014262466959352571,0.15991160522079176,0.13650998039893375,0.028524933918705146,0.045536610396224815,0.010067623736013581,0.13691968280978467,0.06538936739423416,0.0048211155918938264,0.014262466959352571,0.0977997734355605,0.0036031495476259124,0.006678818044098202,0.004278740087805772,0.02013524747202716,0.12146100894416383,0.03558152256746149,0.015559054864748262,0.015559054864748262
39,0.0328818313319454,0.01669111471570295,0.05522294147672301,0.20032238304785188,0.011127409810468634,0.07253758961476532,0.02384444959386136,0.06106505383793762,0.004705933079365492,0.02130780602004632,0.04172778678925738,0.0333822294314059,0.05563704905234317,0.16974014965121648,0.005442754798598789,0.03634355623580481,0.047437904981471546,0.09274382233002543,0.008208744942148995,0.009629489259059395
40,0.3090903555846604,0.02500496414848362,0.03060707436401473,0.018456044966737906,0.019378847215074803,0.008914679980392384,0.059627222200230166,0.038757694430149606,0.03523426766377237,0.010199393271092002,0.03691208993347581,0.022798643782440942,0.020809500365180995,0.04306410492238846,0.009228022483368953,0.185157573092328,0.018937386648684898,0.032578259313900126,0.055368134900213736,0.01987574073341005
41,0.13325775886851823,0.13393662645195065,0.01599093106422219,0.023986396596333292,0.016542342480229854,0.02526137832416586,0.002370675869613718,0.15077163574838065,0.01918911727706663,0.026067423934286366,0.0710708047298764,0.011993198298166644,0.004705390487040512,0.01998866383027774,0.1913550424533964,0.041408534415564476,0.04296071032179096,0.04361163017515142,0.011422093617301565,0.014109645056666639
42,0.08893432335382373,0.040461340262138684,0.00762294200175632,0.0142930162532931,0.009528677502195397,0.03503662413708884,0.06713518665948845,0.0381147100087816,0.016334875718049254,0.04864684440688013,0.0722173452797967,0.012036224213299451,0.0012364641981622779,0.18201718657254892,0.09115470712401005,0.03835387585157137,0.14461169385684788,0.0771158086224186,0.008795702309718831,0.0063524516681302675
43,0.18304863454105003,0.17062276948179939,0.014963812320878114,0.010440204426333878,0.011484224868967266,0.0031911095049938693,0.012415378236721368,0.03533607651989928,0.018374759790347625,0.0984362131625766,0.28437128246966564,0.01392027256844517,0.0037979209870050126,0.02296844973793453,0.013315043326338864,0.056339593911584045,0.003348058970316222,0.0026111063574031502,0.021874714036128125,0.01914037478161211
44,0.01115680092559287,0.019214490482965495,0.017293041434668942,0.020344754629022285,0.11641973246671154,0.015720946758789947,0.0765492059380323,0.21770238485338622,0.028821735724448242,0.2765478507261634,0.051879124304006825,0.014410867862224121,0.01861962268165998,0.020344754629022285,0.005415940937909109,0.005362183390595021,0.008043275085892532,0.04323260358667235,0.018203201510177836,0.014717482072058674
45,0.06717957578275797,0.010805416276198387,0.06153084268390747,0.04149271630882284,0.034078620563394904,0.030137555600281207,0.08519655140848727,0.06328886676059053,0.08861853215398915,0.04922467414712597,0.12839938389040334,0.019900858457611276,0.0015936045587199054,0.03974508858495392,0.003279901297620868,0.08367466487189083,0.05637673793396871,0.07383701122068895,0.015276623011177028,0.04636277448740936
46,0.032316372804986886,0.05095958995629702,0.13962067014291835,0.13170202705351544,0.006827918915712999,0.05764184313453187,0.053160529666038236,0.023608397606872066,0.009949253277181798,0.016250447019396937,0.007914178743212793,0.040853646813779634,0.0025604695933923744,0.0949701449185535,0.011324353323621559,0.2160639160074545,0.036831370304951844,0.018994028983710706,0.007914178743212793,0.04053666299065867
47,0.05577307504940766,0.13480328335757774,0.008263182032736136,0.00731601834238893,0.010369483335198286,0.21221671925988797,0.10576873001902254,0.008814060834918544,0.10235683550227984,0.012591515478455061,0.018235987934314225,0.11406431668718116,0.004036974428206967,0.041750814481193096,0.055869009148294846,0.06977798160977179,0.005036606191382024,0.007081872889151187,0.01705947258371331,0.008814060834918544
48,0.042204690963847144,0.03976037130627224,0.05301382840836298,0.028649703763751727,0.05301382840836298,0.014473566272944683,0.05301382840836298,0.06323964371749859,0.02272021217501271,0.07199828567575448,0.03610138250821232,0.05301382840836298,0.05301382840836299,0.03976037130627224,0.009355381483828761,0.014458316838644448,0.05301382840836298,0.06328356712056749,0.013253457102090747,0.22265807931512455
49,0.04230034408039229,0.010138336087578841,0.4004540662233402,0.01774208815326297,0.007096835261305188,0.04569930234565407,0.0310486542682102,0.004258101156783112,0.1153235729962093,0.057736964837737124,0.03871001051621011,0.03041500826273652,0.01421596554754404,0.048387513145262635,0.012710749721740636,0.026143408832949282,0.02889397621596938,0.0501765556414301,0.009677502629052532,0.008871044076631484
50,0.07044552246401625,0.1440638448763462,0.08451745566078976,0.04192334110158223,0.012577002330474672,0.09244096712898883,0.030358281487352652,0.0035796262505001933,0.008127482701160971,0.021250797041146855,0.020715062661958283,0.29555955476615475,0.0029985338380913683,0.022966699907823306,0.022868433266918443,0.0060088092051217065,0.07016129153563089,0.013544464048203489,0.008803901631332269,0.027088928096406985
51,0.06102901895304845,0.04121964970092232,0.027320000383169448,0.14221865420450472,0.009323492194256239,0.15616138432924825,0.13868694638956158,0.010040683901506718,0.10679636513420784,0.04050896608538919,0.04475276253242995,0.048948334019845254,0.0032632222679896843,0.012631828134153613,0.0028808692226159355,0.11319302242089216,0.010171082393734083,0.012196156495238171,0.009550894442896635,0.009106666794389815
52,0.00962874284668139,0.024071857116703482,0.02063302038574584,0.12004128941427457,0.02592353843337298,0.4039642505708468,0.019442653825029736,0.024071857116703482,0.03261348383553375,0.008023952372234492,0.02732481078112287,0.025275449972538652,0.010755510626612192,0.06740119992676974,0.09079048953231282,0.009026946418763804,0.012961769216686488,0.011079115765202058,0.02808383330282073,0.028886228540044176
53,0.010716623703691457,0.00683378902844093,0.007864955526241408,0.010032583892817536,0.3910260746517663,0.005419901643246255,0.18915410019063256,0.009430628859248481,0.007730023655121706,0.0021535690866472455,0.006934285925918002,0.004715314429624241,0.0013590624450363054,0.02900909490676999,0.010761185478978882,0.0029470715185151504,0.003022637454887334,0.004762943868307314,0.01150076690152254,0.2846253868325863
54,0.2147698150804089,0.02629351934427393,0.00857504688170973,0.015853445486988697,0.013475428663940388,0.004812653094264425,0.011978158812391457,0.01171776405560034,0.01796723821858719,0.005037543425772108,0.01996359802065243,0.008836346664878945,0.259062504547071,0.012833741584705136,0.004606984158612099,0.2635824292875197,0.03689192978779816,0.032619772249582124,0.018586798157159155,0.012535282478084084
55,0.04274241525083491,0.015626219317604065,0.013328245888544645,0.04947770116818297,0.012947438863157653,0.006880676885466033,0.01647855855310974,0.03737789322785355,0.016184298578947067,0.017072322695362397,0.032368597157894134,0.009641709791713146,0.2942599741626739,0.013328245888544645,0.006866066063795726,0.005269306514075789,0.007881049742791614,0.3628797433571462,0.0274642642551829,0.011925272637118891
56,0.013829186220531165,0.022592942152739316,0.01894891922487814,0.04699331967769777,0.01302188795333282,0.015876121512735736,0.01487130369547398,0.0367135309982014,0.0367135309982014,0.010041307623439697,0.04699331967769777,0.023496659838848886,0.10965652904760817,0.022592942152739316,0.009324071364622573,0.4700116697820525,0.007782765433208865,0.014154614360752342,0.04351233303490534,0.022873045250332798
57,0.01161405026833365,0.038229582133264925,0.0352888450460907,0.02621457060566738,0.036700398847934336,0.009770469093531993,0.019945868939094745,0.03276821325708422,0.02038911047107463,0.04173881173034815,0.022937749279958956,0.03398185078512438,0.005484275482211959,0.006915280952134754,0.3662530976597225,0.13252921806198506,0.08048333080687353,0.013901666230278152,0.026624028216020924,0.038229582133264925
58,0.010762210956330441,0.033599097619763325,0.02811353066143462,0.015898847154320175,0.04051655889442048,0.5506992932620003,0.02025827944721024,0.0362516579581657,0.04919867865751058,0.009435363030207509,0.03935894292600847,0.02869922921688117,0.008556291940436623,0.03130825005477946,0.006600932765337886,0.010678782964420902,0.013119647642002822,0.011142957533458593,0.02930985111511269,0.026491596200198003
59,0.3801457519108263,0.03946508145105124,0.0234795905591981,0.02471535848336642,0.01619282107530903,0.00356975951623983,0.011453458809364924,0.022512708577448984,0.02041703526886791,0.00602040783569182,0.01619282107530903,0.005689081330231601,0.0043480723257774264,0.015148122941418124,0.020860884338372448,0.1874336174301243,0.11594859535406468,0.046038412861172745,0.01565306037279873,0.02471535848336642
60,0.08260235558177874,0.03177454274382313,0.03442242130580839,0.013043575932202333,0.06884484261161677,0.059046048261289216,0.04130690556697007,0.025816815979356294,0.029504932547835767,0.006454203994839074,0.025816815979356294,0.051633631958712595,0.018775866166804576,0.025816815979356294,0.006258622055601527,0.3482036021159682,0.025640928383395087,0.04125435100393485,0.012149089872638255,0.051633631958712595
61,0.022089016485052012,0.03534242637608322,0.04016184815464004,0.014743897114558067,0.03155573783578859,0.011794815733848708,0.0736300549501734,0.03841568084356872,0.35205681008006423,0.009203756868771675,0.10695777389857976,0.042708295447648544,0.05197415643541651,0.026158389323566317,0.025163492161698005,0.0140247723714616,0.02491317234446165,0.011044508242526008,0.025987078217708254,0.0420743171143848
62,0.0065657348501198,0.01588907833728992,0.013697481325249927,0.02147172748282421,0.43897725531720555,0.007713144823927144,0.008296752064695627,0.06563345002486501,0.01557752778165678,0.3148757422777719,0.014186677086866,0.008362672809099957,0.002176757724036324,0.016903274826904166,0.007699850477399171,0.00453973666779712,0.005092653313233948,0.007035654345966286,0.014712109571564734,0.01059271889152661
63,0.26287578054229305,0.013245678864534148,0.023731841298957012,0.005753173648232001,0.01964014452327477,0.03186446250401601,0.007910613766319003,0.06534171250023434,0.06403073267116223,0.008728953121455453,0.07696813394256329,0.006903808377878403,0.002920842006025478,0.08762526018076436,0.07521651371561584,0.172527508775954,0.04287042299166428,0.020136107768812007,0.006124346141666325,0.0055839626585781205
64,0.0100448087534265,0.016998568049135902,0.03122035153092021,0.02357455115600097,0.0931575005358103,0.013304596400869236,0.016502185809200678,0.02062773226150085,0.019916431149035307,0.007384627531073064,0.022650058953804855,0.017771584717600732,0.0077010200442936515,0.01750231828248557,0.14739848802694813,0.0077010200442936515,0.010313866130750426,0.013590035372282915,0.4587736853780082,0.04386656987255877
65,0.007858531952261444,0.017238070088831554,0.019085006169777794,0.029687787375209895,0.012443187788143545,0.01008264476893921,0.01979185825013993,0.014442707371723734,0.02323392055451209,0.21104979263268364,0.44908596958578867,0.016193338568296307,0.004994207221997927,0.02137520691015113,0.009895929125069964,0.05965386849717234,0.008619035044415777,0.008786639739383487,0.029763289717812464,0.026719008637688904
66,0.20513441137703475,0.02910533980372892,0.02609444258265351,0.019961524654214104,0.04451404911158541,0.017941861435089933,0.022931479845362177,0.019914179865709262,0.03603518261414057,0.0070156231121682525,0.009593304186574798,0.019403559869152615,0.007882696196843246,0.03439721976804327,0.008408209276632798,0.019914179865709262,0.09465900649328331,0.30069221295728543,0.02910533980372892,0.047296177181059496
67,0.0081064885112148,0.05402342290353323,0.031757296257522626,0.38899511153622457,0.023152895530085666,0.05470873177635459,0.02160936916141329,0.019067090436541135,0.21182321084337463,0.006706355946645502,0.03241405374211993,0.01279502121399471,0.007423065742470213,0.021139600266599955,0.027044796190177054,0.007842109776319339,0.009173788794939602,0.012824747572953318,0.0277834746361028,0.02160936916141329
68,0.013738663292598182,0.026446926838251502,0.027838870356054212,0.04407821139708583,0.02859127225756919,0.046902651913777654,0.016028440508031212,0.020793489659406937,0.13238606397603442,0.009795158088241298,0.03305865854781437,0.0188906620273225,0.010075019747905332,0.037781324054644995,0.42580256889276996,0.019306346636951327,0.012593774684881669,0.019590316176482596,0.03111403157441353,0.025187549369763335
69,0.10059825516691114,0.012123135665199593,0.13302082803283224,0.07083558491550832,0.021448624638430048,0.44935621878096554,0.006970803007489767,0.011498231764931574,0.013941606014979534,0.0042087867215032555,0.016401889429387688,0.04356751879681105,0.003205371140371749,0.010521966803758139,0.03106858676068041,0.024693619509926847,0.004807450349992942,0.013898013165601658,0.016898916381793375,0.010934592952925126
70,0.012668975475368605,0.007678624348599628,0.01324483799697627,0.01821165224584237,0.09219769402095764,0.01239942280567991,0.0799782560570671,0.09712881197782598,0.013552857485278041,0.24138521319933076,0.11331694730746361,0.008570189292161115,0.0029138643593347793,0.009105826122921185,0.005770028434326294,0.004984766292185172,0.0058277287186695595,0.006776428742639021,0.024282202994456496,0.2300056721229166
71,0.008740801847627445,0.04578515253519139,0.01849015775459652,0.01849015775459652,0.036980315509193035,0.011446288133797847,0.009811104114683868,0.19489625741331468,0.02403720508097548,0.19195024554997858,0.07450391279600654,0.012018602540487736,0.07347283012736433,0.022916683756672575,0.02910928868415002,0.007175285098798651,0.019229764064780386,0.16024803387316988,0.017805337097018877,0.022892576267595693
72,0.049353100616338394,0.0038962974170793467,0.4164167864503552,0.18507412731126896,0.046268531827817254,0.02297471925243338,0.01278198530691019,0.00925370636556345,0.049541630722759224,0.008259263427967034,0.024676550308169194,0.0067299682658643264,0.014942401716159504,0.029371435600684906,0.009540678832340927,0.042302657671147194,0.0067299682658643264,0.05182075564715531,0.0038962974170793467,0.006169137577042298
73,0.024019549390081014,0.056791825765638064,0.04130314601137313,0.032452471866078886,0.06490494373215779,0.011358365153127612,0.06777872572202819,0.04543346061251045,0.04130314601137313,0.005996200545525054,0.04130314601137313,0.03786121717709204,0.18289745428378584,0.18246776722705,0.015666710556038087,0.0041728002880905566,0.037995466143288206,0.02163498124405259,0.019753678527178454,0.06490494373215779
74,0.009760517555249452,0.2275539644532682,0.015686546070936624,0.029281552665748358,0.04623403052486583,0.06427657902237444,0.013358384410045745,0.03253505851749817,0.014640776332874177,0.14838624661696803,0.03992938999874776,0.03087894287856163,0.006459166029209197,0.025836664116836782,0.006100323472030909,0.015154125311015102,0.007444462542139413,0.03819332956401959,0.05356381585197869,0.17472612406563207
75,0.013563144166478443,0.050714365144223734,0.04665721593268585,0.0092493578093023,0.029908471751721687,0.465394337439583,0.03332658280906132,0.050714365144223734,0.058321519915857295,0.010603912711974054,0.03534637570658018,0.03332658280906132,0.012278214719127852,0.03534637570658018,0.010342593105162213,0.013407245957668346,0.013105959531653326,0.01580196141985653,0.024964631176710134,0.03762678704248858
76,0.019068022200793323,0.14563547391040693,0.0067943527382137115,0.001035867859404643,0.008566792582965114,0.009184597260408503,0.34481340146434586,0.008956192245827164,0.07843861637563661,0.06269334572079016,0.04951242348501741,0.011180336804176388,0.0035824768983308657,0.0070966988673360825,0.18037767523681733,0.009851811470409881,0.006591735599501749,0.018472146507018533,0.014074016386299834,0.01407401638629983
77,0.0020990879100087696,0.4223949722831605,0.019606616324781882,0.027076600787382086,0.014666492093165295,0.011187953983942726,0.011354703555998939,0.004758300447936731,0.019555322790887057,0.04855114623944375,0.01599980955618032,0.012571278936998826,0.006641430381810701,0.00977766139544353,0.006175365091859073,0.005770423118622411,0.17931862030888893,0.13949472661125392,0.03199961911236064,0.010999869069873974
78,0.04057144341396515,0.402933335401845,0.012849921049041696,0.01607141508725308,0.012662327038441818,0.009573602330973482,0.009717599820199537,0.030689428307706747,0.03214283017450616,0.018367331528289236,0.16714271690743202,0.010446419806714501,0.005357138362417694,0.0174106996778575,0.0061449528274791195,0.0052893264844124065,0.01057865296882481,0.1668288722522843,0.013928559742286002,0.011293426818069729
79,0.011720628439395107,0.036956430123812445,0.5617738915661231,0.02703025035005061,0.042555889233481005,0.004324691220144989,0.019237593763080447,0.03510860861762183,0.03900956513069092,0.015603826052276363,0.04012412413442495,0.016066351939614094,0.009959888969538104,0.033436770112020786,0.010558980035374985,0.010326061358124064,0.012318810041270816,0.014190247236346865,0.03795525255959116,0.02174213911701735
80,0.010340723980707048,0.034469079935690164,0.02462077138263583,0.023501645410697835,0.0124195336015102,0.011489693311896719,0.03312450422824499,0.12795712054784505,0.02585180995176762,0.4134949481158899,0.09400658164279133,0.02154317495980635,0.023774861626911163,0.027981609070907937,0.028346082200820334,0.007386231414790747,0.008914417224747454,0.012610639000862253,0.02585180995176762,0.03231476243970953
81,0.014822808615933644,0.08893685169560187,0.030492634867063495,0.09806091244760028,0.030492634867063495,0.4275456497581686,0.02541052905588624,0.024819586519702844,0.03138947706903595,0.007790089199614762,0.024819586519702844,0.02320091783363527,0.011991485621878902,0.03952748964248972,0.007294386879375205,0.010361574954827401,0.017495774104052824,0.009906965716891548,0.05082105811177248,0.024819586519702844
82,0.34857351718237656,0.34669918843144887,0.015436827189505245,0.016310609860609317,0.01018110571469222,0.006865798453873372,0.00847512080992445,0.014651903773089727,0.014651903773089727,0.0036785630749459316,0.013942940687295062,0.013299420347881443,0.004156068858712951,0.013507223790817091,0.020936622650529098,0.12354281638463611,0.0055771762749180255,0.005687252122449302,0.0076687398186065054,0.006157200800599004
83,0.009395567740625737,0.027194509527193274,0.08925735386822033,0.03809665397160278,0.024439362925179148,0.518741078150395,0.02123420057433598,0.023986782130268416,0.03321246756498704,0.010977001991817753,0.037008178143842704,0.019625549015674166,0.010040978566158874,0.035980173195402636,0.007619330794320557,0.005686502317350052,0.009318606007442408,0.009533878797518292,0.044665042587396356,0.023986782130268416
84,0.021661471294792574,0.0303260598127096,0.027569145284281456,0.075815149531774,0.0606521196254192,0.028051743325588095,0.12049348294008777,0.022177568608159004,0.02351968010458871,0.0189537873829435,0.05054343302118266,0.02527171651059133,0.12049348294008777,0.10108686604236533,0.12068675029132976,0.0162957989898396,0.03387078016557484,0.0303260598127096,0.021661471294792574,0.05054343302118266
85,0.01710013980608608,0.038971015524273504,0.03409963858373931,0.032501061501835946,0.03409963858373931,0.10821597977543262,0.10806707061620664,0.10806707061620664,0.020984392974608804,0.038971015524273504,0.0681992771674786,0.0681992771674786,0.01818647391132763,0.10806707061620664,0.0170612829638987,0.01704981929186965,0.027279710866991446,0.010138957649506848,0.016674036242632854,0.10806707061620664
86,0.009129716036339275,0.017478081198618767,0.00965225673964187,0.06086477357559516,0.04382263697442853,0.43781673136407984,0.01767041813485021,0.045648580181696374,0.0730377282907142,0.009869963282528944,0.057661364440037534,0.03789676270327447,0.005766136444003752,0.04979845110730514,0.007884343791502888,0.006494793540857601,0.014045716978983502,0.017402473104841144,0.04382263697442853,0.03423643513627229
87,0.02126002386529742,0.021012326853666708,0.051471636726509534,0.04445277717289461,0.04445277717289461,0.011389827732949463,0.029635184781929738,0.051471636726509534,0.05752712340021654,0.009183036679159323,0.042520047730594826,0.03259870326012271,0.008654522989413107,0.029635184781929738,0.030029847821046923,0.012224513722546015,0.020807682931993216,0.02643138102172112,0.3900443581083595,0.0651974065202454
88,0.1565391176794995,0.2625911584359009,0.011908881825467432,0.01607699046438103,0.012133577708966815,0.1381878951015179,0.007939254550311622,0.009481899374168375,0.024733831483663125,0.004560848358689654,0.01692314785724319,0.004284783589046036,0.002473383148366313,0.017863322738201147,0.009665311653128958,0.26209510866828073,0.005292836366874414,0.010387178094680089,0.016489220989108752,0.01037225191250389
89,0.005229828768809781,0.09510219625461123,0.013928166729004331,0.017258434937072284,0.11575779530963114,0.006741576147293859,0.005947140435918539,0.0123274535264802,0.01462579231955278,0.02241355186632764,0.01182084584730978,0.009592799148143132,0.007569489007487842,0.24841686651846462,0.00440266197374293,0.006716516292059647,0.005640011417343882,0.007251443250870705,0.04209374374895678,0.34716368650091906
90,0.01702475104937981,0.07179253553088442,0.029211717832341683,0.05296589215362609,0.025119091869312576,0.014896657168207334,0.00972331731624704,0.025089106809612356,0.036668694567894976,0.018878931856738012,0.036668694567894976,0.025798819575716773,0.0090798672263359,0.07333738913578997,0.012544553404806178,0.008290313554480604,0.01288359538871986,0.013817189257467673,0.12435470331720909,0.38185417841733466
91,0.09895394775273508,0.05549153422339276,0.003188768604982167,0.005894705100653443,0.0075023519462861996,0.014756281642695377,0.0036951882720514125,0.03150987817440204,0.005894705100653443,0.037136642134116694,0.3488593655023083,0.003215293691265514,0.0008507821794757548,0.004343466916270957,0.0020631467852287046,0.10242203778341412,0.09170523395123127,0.17155680381217936,0.006691286871012015,0.004268579555645596
92,0.4175122894995276,0.11940783424813953,0.010784767253218206,0.03695956774347176,0.02351972492766385,0.08158677943889042,0.009855884731592471,0.02524068041017584,0.030437291082859107,0.007960522283209304,0.041394715872688385,0.024066695274818826,0.006764484391568659,0.027969402616681335,0.00728780209026204,0.029296767096175593,0.012525659323907607,0.008322688474736186,0.05446673141143208,0.024639711828981177
93,0.014483667425427739,0.047597023566251964,0.010426014685940907,0.01824552570039659,0.009356679846357224,0.19765986175429634,0.017800512878435693,0.020724518496231727,0.01520460475033049,0.0034643403228601104,0.012583121172687301,0.0070215621603874935,0.002050923513812573,0.014793669486808042,0.004599712361444516,0.11013080202827841,0.4416695100501644,0.024060033890632854,0.016842023723443,0.011285892185812323
94,0.04014471690362485,0.09604242398462148,0.10322927203789248,0.006817027398728747,0.003613024521326237,0.0032549770462398523,0.10527978182336475,0.14460619761286508,0.009264165439298044,0.09905811430423818,0.011781601699976859,0.10816524609790346,0.0022302620502013806,0.09693480423070391,0.0025443834657227016,0.05007361777247142,0.011415655200984668,0.06952792195705479,0.013896248158947062,0.022120558293834098
95,0.030116870786053518,0.06945991761156434,0.010306987332120258,0.007863849594136198,0.006676853428983564,0.06125888306676825,0.03494178473031046,0.05406396595968634,0.09933283697856247,0.04342523020361505,0.06369718171250319,0.07720870510606447,0.029366784059059636,0.050076400717376714,0.1417357786546486,0.07408278024476873,0.05512598082321605,0.08012224114780274,0.007372358994502684,0.0037646088482566893
