site,A,C,D,E,F,G,H,I,K,L,M,N,P,Q,R,S,T,V,W,Y
0,0.014846715554582538,0.00920618526913091,0.055600979606076725,0.04375874058192749,0.023094890862683955,0.011979842724988001,0.00974819256329724,0.025981752220519447,0.21399427533164758,0.006717628064528197,0.02519442639565522,0.07558327918696567,0.02030158307715619,0.017321168147012962,0.3677239259933683,0.008853655933057966,0.020278440757478592,0.011235352311575977,0.01259721319782761,0.025981752220519447
1,0.014562365897654972,0.016207329483119683,0.017189591876036026,0.01070716901817314,0.01890855106363963,0.2465204054493194,0.09454275531819814,0.015757125886366356,0.017189591876036026,0.008342007822193954,0.018298597803522217,0.05156877562810808,0.24560009347920916,0.04051832370779921,0.08315109967730698,0.016207329483119683,0.03336803128877582,0.004816729546308518,0.008727023567833675,0.03781710212727927
2,0.01021591841845555,0.02392377680975345,0.05196356645650854,0.02327889606828395,0.01775015825206652,0.6330013299561646,0.019722398057851684,0.01918936027250434,0.02057989362558437,0.006094474936331852,0.022539883494687638,0.020882539120078255,0.00865861378149586,0.022539883494687638,0.0060426070645332826,0.0369838700662072,0.01234793617535062,0.010760785540454279,0.01352393009681258,0.02000017831218762
3,0.1771019647786343,0.03320661839599392,0.023835649325902254,0.07830628815598746,0.02325429202527049,0.40893315495088445,0.025768269541515954,0.025090157185160264,0.020726651587741087,0.007222924038152199,0.025768269541515954,0.028041940383414416,0.010593621922623224,0.025090157185160264,0.0037973696549457882,0.008512731902107948,0.01423023840352373,0.01652625509520131,0.011116688235365466,0.032876757690899656
4,0.036274197887806524,0.08526303953866532,0.05681469846182217,0.030855680392489027,0.061334049475830765,0.0493821769335572,0.038737294405787846,0.021129433312247918,0.042966782573842593,0.059779775317573836,0.03740246115630404,0.09197896388588894,0.007869152572992155,0.10030526474155696,0.06623934055424203,0.0622203500390592,0.05442634131479475,0.04519351014008582,0.022964405189179752,0.028863082106273294
5,0.010715288324624104,0.15001403654473744,0.017286368103973996,0.00864990834104805,0.013297206233826152,0.5408364936401633,0.011308838946525042,0.015317035028837715,0.018616088727356612,0.004384223794486159,0.018060384586241485,0.015125572090977247,0.005654419473262521,0.01779479069526734,0.018712327731205066,0.09945126976291745,0.005990325580585048,0.004570992017493902,0.008897395347633676,0.015317035028837715
6,0.056275247189411855,0.0550557979581651,0.13868174369291258,0.19642932330456747,0.041221756570085366,0.02945534623501267,0.013844288055613576,0.026976002461305864,0.030903877403252036,0.009915503607398912,0.031459782138256266,0.08213588809114027,0.002723677790992724,0.049597607180566446,0.0025389178787111394,0.06535400758237016,0.03693358726245904,0.02063174466446006,0.06670429699522905,0.043161603938089384
7,0.008068256228570367,0.035991029275060545,0.0221629155045458,0.02659549860545496,0.019766924639189495,0.007539960944845477,0.020896463190000325,0.016560820789924772,0.02359278102096811,0.007350514689949862,0.020316005879166984,0.02397954792295119,0.009041961486502118,0.020896463190000325,0.006198103488559418,0.028705425360829033,0.6509335528496257,0.014743313197012756,0.01741371932500027,0.019246742411842405
8,0.0033916734445675178,0.07245706259312389,0.008455298587161278,0.012006523993769015,0.0074114345640549474,0.005486600368097591,0.006386448932855858,0.21852806524934584,0.007321051215712813,0.267354818749546,0.006280151935893627,0.007696489739595523,0.024281393304747063,0.005289210663067467,0.004108175325499028,0.008545088232866892,0.04352808673534073,0.2789021853782942,0.005507579813655511,0.007062661172805302
9,0.009314652203681436,0.026219021017769965,0.023210280900976696,0.017151497401796716,0.02359711891599297,0.6286698047150902,0.022473446586659975,0.019941227252951808,0.028316542699191562,0.00722360783142642,0.03932853152665495,0.03539567837398946,0.011605140450488346,0.03453236914535556,0.004773334832202485,0.009566399560537689,0.013232029298687649,0.006849041182206572,0.014603206020278852,0.023997070084060646
10,0.030780376361920027,0.12449835867884858,0.07387180463397115,0.15114739404524977,0.00789567023916156,0.013292514002838042,0.009448536149734045,0.054423568222468105,0.002917089779544495,0.017277323245227964,0.041499452892949526,0.03359479519905437,0.002612955618715337,0.07329773497975499,0.051789340407280456,0.030047518687352982,0.011043893778423223,0.07691408269098272,0.1279186432579378,0.06572894712858465
11,0.11284425330704068,0.028773070312214693,0.027080536764437356,0.00295613126670698,0.03288350892824536,0.015197291080050367,0.05923046779917065,0.013950579545316215,0.20249008890120143,0.1413283946853629,0.07331665573403545,0.016154069699730066,0.00754703483599074,0.034853896980464795,0.04388358077000713,0.009591023437404898,0.05563712787744031,0.09624951017365233,0.009591023437404898,0.01644175446412268
12,0.024154791178090492,0.02740557387991407,0.05176026681019391,0.05176026681019391,0.04025798529681749,0.010379240469526181,0.12077395589045244,0.05176026681019391,0.04529023345891967,0.027300445258078038,0.02588013340509696,0.12077395589045244,0.03293835160648704,0.09058046691783934,0.0031671719288095183,0.019069571982703024,0.04529023345891967,0.01097945053549568,0.16004515318158566,0.04043248523023049
13,0.01260582007506182,0.02100970012510303,0.02757523141419773,0.0192859529495212,0.03393874635593567,0.004242343294491959,0.3385223126177273,0.08318944545655202,0.19478480794001693,0.023572153296398807,0.016340877875080137,0.015081615356497428,0.017648148105086546,0.024638890441692284,0.01774546859217249,0.0515298234851509,0.04669026349850966,0.007478028858087521,0.01260582007506182,0.03151455018765455
14,0.07129102022208468,0.08387038265383824,0.028707027139238138,0.010126678707826612,0.027096585165086194,0.0401139990776334,0.06630015519116836,0.1204292674003831,0.009530991725013281,0.051449212338771234,0.05210881762516576,0.12795609661290702,0.002079754271169239,0.08621640734345606,0.014847443926074625,0.07618124695850295,0.05352673406877313,0.05331407042148409,0.010838634066034476,0.01401547508538941
15,0.13964671515040936,0.028935540084229498,0.017017879265641283,0.008291656648673358,0.006059287550953608,0.08241508316884767,0.02164725519153399,0.03229924023887019,0.09232199501610396,0.0494603195904271,0.04093093375098205,0.12089785061632659,0.002283209801808606,0.013188856430871993,0.1395933006373101,0.10030560527450329,0.05064520869454846,0.0446392063814129,0.003988391805690983,0.00543246470085496
16,0.004842651722498787,0.007379278815236248,0.010330990341330748,0.014527955167496366,0.01010640359478008,0.003779630612681981,0.014527955167496366,0.12485215208136177,0.011920373470766249,0.20640347298200745,0.18538531078105183,0.011920373470766249,0.0031970161467533035,0.07061937649093235,0.002890887730123547,0.003842103845949452,0.06869028436310214,0.2256966486216213,0.007748242755998062,0.011338891838045944
17,0.1157651425108527,0.04315805751501088,0.01803237160219334,0.013067563288202615,0.024754810348232653,0.14326490816477178,0.06170628005629017,0.010316497332791538,0.03483725424839398,0.034648018005008725,0.031238213058484062,0.17328165816698418,0.0055215056147335,0.05704369341114482,0.03466679741856158,0.029273604434371995,0.06853330937372862,0.06417415508753792,0.008167227055126633,0.028548933307578364
18,0.04797749665099652,0.08348084417273395,0.03368020264899957,0.044288561164590144,0.02322772596482728,0.03742244738777729,0.046597695954942814,0.12474149129259092,0.012296424020310705,0.06793138594099256,0.07960775171581712,0.06771680955883508,0.0008037670932058545,0.05940736271643058,0.031612152137823174,0.05506105316290797,0.06396853013843325,0.07623091134547223,0.018999088673794615,0.02494829825851819
19,0.036997548157030054,0.04316380618320173,0.011732709552830295,0.004779992780782711,0.0996087834996963,0.0038525314949591997,0.08380549096223364,0.14331918329978588,0.04795978464800192,0.14843064077823953,0.11430490037587644,0.006295600247860157,0.002745953299598579,0.0753653758754316,0.0014028239682731868,0.03165985214128826,0.0017874927973610469,0.007515244488408261,0.02427964097805097,0.11099264447109017
20,0.13169213694138582,0.09503543813741334,0.09503543813741336,0.0559031989043608,0.027152982324975237,0.08296744599297991,0.02247459685682071,0.016970613953109524,0.0054615859502197715,0.03869544078011277,0.0437663201948614,0.016199222409786364,0.034286985285355946,0.0509975456136109,0.0014059528188684564,0.06269082444445555,0.08205758949042982,0.028443705076338505,0.003944478741825391,0.10481849794567646
21,0.07674872233004741,0.005152993835588549,0.005555688940768434,0.01127217401534995,0.007214191369823968,0.16637337320432263,0.07071617849113321,0.022185467761924142,0.010019710235866622,0.008475347234892369,0.012068894462486731,0.0624253161852762,0.13533135334773727,0.021551597254440585,0.031156113422180422,0.10340426441978869,0.11916081848374593,0.04617871694544448,0.04310319450888119,0.04190588355030115
22,0.03520493509342567,0.00598978008381307,0.022014004078271136,0.03877466627422758,0.06455457952682211,0.012407893207752825,0.034121706321320264,0.14980261311799134,0.004628466428401009,0.08997038408888061,0.09842823546630239,0.011632399882268272,0.17752624540955447,0.01207258955189332,0.0013971331043577014,0.013958879858721926,0.046714240797045586,0.08541917562005082,0.047770388849848376,0.04761168323905153
23,0.03631348762836554,0.03849435196624544,0.17391790590839384,0.10533435951810394,0.02070730657494583,0.07593231547991498,0.08578741295334699,0.02001706302244763,0.0024842185726642787,0.014297902158891167,0.05389209275274362,0.015971685829414065,0.01906386954518822,0.16623415222155674,0.011774742954380961,0.029755093682016745,0.03336177170407939,0.04136085438009202,0.03592806183516242,0.019371351312046096
24,0.012613493136081283,0.030259771993165385,0.025226986272162567,0.02102248856013547,0.16738307819775203,0.00600642530289585,0.05405782772606264,0.0951689089242501,0.018019275908687547,0.0015134984031628033,0.018920239704121926,0.03440043582567623,0.05405782772606264,0.023650299630152402,0.005329644987076599,0.0017979928972762561,0.029108061083264494,0.004173456898594361,0.05544479091016625,0.34184549591325314
25,0.12609896977714702,0.02730400174621811,0.02698806943118421,0.015579795493701566,0.05272430792075833,0.03202513518149766,0.10842347605148796,0.0589553624932116,0.006148628780373782,0.129434921358553,0.07205655415836972,0.03631164277208706,0.004304040146261648,0.05542811858336133,0.02830793199078811,0.04886273274722642,0.059633010337961145,0.033003001904596825,0.0023911334145898045,0.07601916571062486
26,0.0034954245842896987,0.037254000086932575,0.022766333386458792,0.004064518742072199,0.03171797110591868,0.0011738049815467127,0.02461225230968518,0.020696666714962543,0.04697814825777212,0.022276961255681647,0.10434569468793613,0.180012868637116,0.043546125391661784,0.09106533354583518,0.04861560775233389,0.12048972217885341,0.16003786475196158,0.027064871858027934,0.0043781410358574606,0.0054076887350963
27,0.00953138006355496,0.0433997880297882,0.036895689419965634,0.012334727141071124,0.5367332824613742,0.00551816740521603,0.020512863198182827,0.026211295174776147,0.011982306365611949,0.005824732261061366,0.019062760127109925,0.0174741967831841,0.011334614129632927,0.02096903613982092,0.004659785808849092,0.006989678713273638,0.008223151427380752,0.006989678713273638,0.010228798116985812,0.18512406851988691
28,0.009502327607891353,0.019830944572990648,0.02533954028771027,0.007278558030581133,0.01693161146997923,0.010135816115084111,0.13333644032608638,0.09186277911684458,0.20076089092759225,0.009291738001817868,0.02073235114449023,0.09795042212927228,0.012669770143855138,0.054423036867790375,0.19898690859779472,0.012698708602484421,0.011221038973713893,0.035715117944487444,0.012327343923750947,0.019004655215782703
29,0.11102962878776956,0.023366613687600075,0.014019968212560047,0.0039514018014706834,0.024247849965145077,0.0295733123406676,0.023366613687600075,0.029299485374550308,0.18561609606881135,0.015557248871442636,0.008419756755456835,0.11234235598263127,0.01001426300897146,0.07778249638143207,0.16192771734655576,0.10547814734838107,0.02232386221957978,0.019532990249700198,0.007128797396216969,0.01502139451345719
30,0.14454120201239093,0.16271916198221462,0.0249472654818323,0.03603493902931331,0.015443545298277137,0.03499336816821819,0.03190571803572835,0.018017469514656655,0.018017469514656655,0.024968940789291447,0.018017469514656655,0.22188976633938357,0.0018710148856426073,0.019077320662577637,0.005147848432759044,0.14289130985786072,0.04172286204672168,0.009538660331288818,0.013513102135992492,0.014741565966537267
31,0.14653838491995755,0.027443246566597964,0.008823428167478416,0.030696435619890012,0.02740753180347322,0.339523368171057,0.026462444499905178,0.0365433757379643,0.033365690891184796,0.010232145206630001,0.0365433757379643,0.10281543915716981,0.01871733879261586,0.0365433757379643,0.01145389388801866,0.0052934295888058605,0.016682845445592395,0.016699948690197107,0.025580363016575004,0.042633938360958336
32,0.014063698700674983,0.15776851548917728,0.03340128441410309,0.03340128441410309,0.01911868784073035,0.009725086013999558,0.028127397401349966,0.2359166550285542,0.02226752294273539,0.011900986350022387,0.01911868784073035,0.08303668451335568,0.014443798665558092,0.04110927312504994,0.007976426128741035,0.011653723456140122,0.08844578805637317,0.10145995993224526,0.03143650297797937,0.03562803670837662
33,0.08185382966583013,0.014238262656908815,0.014950175789754255,0.011074204288706854,0.008542957594145287,0.011655342659351075,0.18005494866859592,0.020898229989016654,0.006644522573224113,0.021225989883696266,0.03737543947438564,0.021108576051010706,0.020580202014992693,0.08607022271520792,0.02841683543613214,0.06595588142394457,0.1310432237408907,0.027627478896239586,0.10548673760382388,0.10519693887414303
34,0.01006193665571069,0.03188939737351749,0.2503521146989019,0.3058679424729328,0.03188939737351749,0.03742623564013069,0.030502901835538467,0.023385558073912818,0.010781101437567237,0.008994445413043393,0.024191956628185678,0.021259598249011656,0.014615973796195515,0.028114245836407436,0.011900212231630588,0.011315592616409431,0.017111383956521578,0.07246665492188892,0.03188939737351749,0.025983953415458685
35,0.0038924695025309305,0.06643518608643836,0.038708591784944714,0.021013235540398557,0.01935429589247236,0.0065193253953098815,0.018386581097848742,0.24142072086768224,0.0350220592339976,0.012909043361903587,0.008143307643838138,0.020429534553165266,0.014181357029989725,0.02163127187982205,0.006286010631743159,0.007824077062914358,0.09703033757361391,0.32503779906014213,0.014143523921422109,0.02163127187982205
36,0.023710221899260538,0.05300507685863769,0.017224278773681472,0.01507124392697129,0.02996095238889042,0.00859637724299473,0.06046106584311438,0.010960904674160938,0.04018998380525677,0.03918772786127784,0.17634477537575025,0.17703807593294868,0.03014248785394258,0.1343579240958097,0.024030555241119397,0.011648314006196762,0.08637295120444909,0.047420443798521075,0.008207137624312381,0.006069501592704007
37,0.027387850239545767,0.05135221919914831,0.058688250513312355,0.027387850239545767,0.04108177535931865,0.0022299040842964535,0.04108177535931865,0.023687293533635058,0.04440536688639725,0.018673534254235753,0.04108177535931865,0.1802700095342477,0.05135221919914831,0.034234812799432204,0.18071598411684142,0.017207530342441216,0.034234812799432204,0.01081099351561017,0.06846962559886442,0.04564641706590961
38,0.08408596404126704,0.02409923169800987,0.2936253541205788,0.254309926162692,0.048198463396019735,0.02202789231174441,0.01701122237506579,0.028919078037611845,0.01202054757731396,0.01361855462130833,0.02409923169800987,0.04604368467204244,0.006088226955286704,0.018611421951938503,0.007229769509402962,0.014219373207542522,0.023393162373698987,0.009818753403899354,0.026290070943283495,0.026290070943283495
39,0.05883381931368969,0.022178503190187604,0.14491395253370218,0.29421294335692866,0.014785668793458401,0.0033753792165844886,0.031683575985982294,0.027122995391464476,0.008747613286790178,0.023660485341490282,0.030890078084723424,0.04942412493555747,0.061780156169446855,0.10366500780974981,0.00723212060549596,0.008968087185887447,0.05267571210237048,0.03214702580912082,0.010907460585338166,0.012795290302031314
40,0.34915506593869056,0.025594220377444712,0.05197666743689361,0.018890972183352048,0.01983552079251965,0.009124759494062055,0.061032371669291235,0.0396710415850393,0.036064583259126634,0.010439747785536658,0.03778194436670409,0.023335906814729,0.00532497202483749,0.04407893509448811,0.009445486091676024,0.09865304870304664,0.037320545498989575,0.04525717044375257,0.05667291655005614,0.020344123889763744
41,0.03354840473874856,0.0019921236929475636,0.00964931477555541,0.014473972163333118,0.009982049767815944,0.0030486653983474634,0.011092130400821649,0.055211088941483334,0.1739149301656725,0.05283269911513366,0.16103234274599307,0.03623227711784843,0.0028393464876440813,0.11070973563787023,0.1269291111434932,0.020837735747163407,0.05047282384575902,0.10979477914499523,0.006892367696825294,0.008514101272548893
42,0.14619869356449974,0.04365497311654612,0.004935983808612935,0.004627484820574626,0.010311293547104326,0.020220947627837303,0.05543416777780831,0.041245174188417305,0.053029509670822254,0.060305605898582054,0.05209916739589555,0.18234708588563445,0.0008006314701925339,0.13383638155017044,0.0649892867074386,0.05365168684508205,0.04549100094310733,0.01985992237465571,0.002847682966507463,0.004113319840510779
43,0.3504513459279253,0.022858007360549857,0.012943168058504487,0.01818250585498284,0.020000756440481125,0.005557589189737469,0.02162243939511473,0.06154078904763423,0.032001210304769795,0.01428625460034366,0.15881690073714483,0.060639180281455304,0.006614403105824055,0.040001512880962244,0.011594641414771664,0.03133302850483563,0.01758176435283935,0.042543229540404945,0.03809667893424976,0.03333459406746854
44,0.013329392603522882,0.022956176150511626,0.020660558535460463,0.024306539453482903,0.06298667022324012,0.018782325941327695,0.028876779584377857,0.13856285506523205,0.03443426422576744,0.36279828029811634,0.08615278549396316,0.01721713211288372,0.053836042101502474,0.024306539453482903,0.006470600628293118,0.006406374739677663,0.009609562109516497,0.017230557098792634,0.021747956353116278,0.029328607827732143
45,0.05660980635974834,0.0612540698526767,0.056681283387980334,0.02613075429384545,0.012074119538268,0.03822744691314664,0.07244471722960802,0.019620444249685502,0.08161077057707479,0.08952736042819458,0.06504624523039712,0.04174636173131948,0.0013540777098874307,0.10456274013774916,0.06201053483657007,0.0472141458423976,0.03605755651912802,0.03587738377085349,0.0189438772065929,0.0730063041848763
46,0.07306534083766596,0.05849876175232001,0.12471877490462288,0.1325801120625563,0.005606487046010836,0.030988561309178576,0.05617523358188311,0.028456177326976008,0.008169452552758647,0.01598966154563414,0.02180408392586473,0.028536701057851065,0.002102432642254064,0.25074696514744443,0.005849876175232002,0.08210625181820143,0.043817822504862776,0.020128232429063257,0.006498428166967106,0.004160643212652711
47,0.030587683120308653,0.05693074353774998,0.010915098094924169,0.015466924115259368,0.013697378001473472,0.3046535041011134,0.02322774336340199,0.01164277130125245,0.056196153298553216,0.01382603771631071,0.04004783338517584,0.21633682544345004,0.005332567008207227,0.12225128086001051,0.016604824568793176,0.012097783001771872,0.006653012172144256,0.009354669541906922,0.022534396066940222,0.01164277130125245
48,0.002403323595275853,0.04736213032689276,0.06314950710252366,0.05225639267097252,0.06314950710252366,0.01007807444525776,0.06314950710252366,0.08277320646275839,0.027064074472510146,0.08225562520999613,0.057048216233547104,0.0790520738615227,0.06314950710252366,0.07905207386152273,0.011144030665151237,0.01722259284614282,0.06314950710252366,0.08286356879868637,0.01578737677563092,0.03788970426151421
49,0.04019988595609106,0.062202898237025434,0.06557502361665592,0.015342935242464481,0.09732924077087511,0.020902033763215172,0.025612958097598715,0.024588439773694768,0.07043563476839647,0.08074593569751456,0.08382422650123215,0.07683887429279615,0.009753188011623783,0.06286816987592411,0.042433408191544134,0.021205485708074703,0.08398971550418782,0.05794067758745213,0.0454047893548341,0.012806479048799354
50,0.027654669017716547,0.08312351112038323,0.15959714135113579,0.04749914921164757,0.023749574605823786,0.016624702224076648,0.06879187127204128,0.11239469996879096,0.030290668517600892,0.028663279696683874,0.039116946409592124,0.04156175556019162,0.0033891152704355635,0.036140657008862286,0.0061572971200283865,0.022222025328613986,0.08677591407560892,0.03197058120014741,0.08312351112038324,0.05115292992023585
51,0.25025319739244767,0.050850916192336136,0.026962811376401493,0.14706390497972727,0.010979727605687545,0.20444682454271887,0.01610279012757311,0.011824322036894281,0.020961298156312588,0.010661157601703577,0.013175673126825056,0.024154185191359666,0.003842904661990641,0.014875759981899257,0.0033926300009580377,0.11414892968726215,0.035133360278341325,0.019197696116358912,0.011247525839972608,0.010724385103229699
52,0.01102110812097261,0.02755277030243152,0.02361666025922702,0.015017975722441627,0.02967221417184933,0.5147229069772973,0.022254160628887,0.02755277030243152,0.03732955976458464,0.009184256767477176,0.03127611764059794,0.028930408817553096,0.012310812262788552,0.07714775684680826,0.02952219796008463,0.010332288863411821,0.014836107085924666,0.012511704456143486,0.03214489868617011,0.03306332436291782
53,0.0027962113442220543,0.007132365167870748,0.008208584521523416,0.010470919076235775,0.32161454121670663,0.005656703409000937,0.21900276855696055,0.00984266393166163,0.008067757321034123,0.003763983413623719,0.00723725289092767,0.004921331965830816,0.004058413918784768,0.0050241523173436735,0.04008800833224285,0.003075832478644259,0.0031546999780966765,0.004971042389728097,0.060302726478132486,0.27061004129142924
54,0.26853797682246144,0.06173320252557867,0.009613034084265788,0.017772463978539297,0.015106594381758407,0.009039504655531163,0.01342808389489636,0.013136169027616005,0.020142125842344538,0.005647325002526507,0.02238013982482727,0.009905963529021906,0.24329581522483879,0.014387232744531816,0.0051646476518832155,0.1408317265342108,0.08923567864798769,0.00575298778478733,0.020836681905873667,0.014052645936519448
55,0.0052157241630834015,0.020825211936625166,0.01776268076947441,0.02197980185357687,0.017255175604632283,0.009169943893328047,0.021961132587713816,0.009111075815525315,0.021568969505790358,0.03224298672923923,0.04313793901158071,0.012849598854513403,0.13149886569393496,0.01776268076947441,0.009150471911547425,0.0070224551879317434,0.010503150368037043,0.5384873227987983,0.0366018876461897,0.01589292489900342
56,0.006378681760622648,0.020841889859654458,0.01748029472100051,0.043351130908081265,0.0242172962274167,0.01464565233381124,0.013718712312683946,0.0338680710219385,0.0338680710219385,0.009263062159846425,0.043351130908081265,0.021675565454040632,0.12069209490858068,0.020841889859654458,0.008601414862714537,0.48115407211659184,0.01203682934852397,0.013057569550626888,0.040139936026001174,0.020816634638190428
57,0.013507017858616797,0.0444606004512803,0.04104055426272027,0.030487268880877914,0.04268217643322907,0.011362952414044853,0.023196835018059282,0.03810908610109739,0.02371232024068282,0.008054127043215877,0.026676360270768175,0.03952053373447137,0.006378154491184189,0.008042398746327983,0.47442285648034493,0.04966447827777067,0.018720252821591704,0.016167491073192833,0.0393339349492432,0.0444606004512803
58,0.010126382153720108,0.03161407111405301,0.026452590115840273,0.01495954713594709,0.038122850461063916,0.5772438696075478,0.019061425230531958,0.034109918833583504,0.04629203270272048,0.008877924079973792,0.037033626162176383,0.027003685743253607,0.008050788296125301,0.02945856626536758,0.00621095126494485,0.010047883067257159,0.012344542054058794,0.01048463431578655,0.027578232248429223,0.024926479147618717
59,0.14729785730123784,0.0718726111435616,0.028428183064199045,0.029924403225472684,0.01960564349255107,0.0017912614061463077,0.013867406372780023,0.027257519635919138,0.024720159186260048,0.007289277708768987,0.01960564349255107,0.022543974924760235,0.005264478345222047,0.01834076326722519,0.014577671125748858,0.2520886250760367,0.22798582399751935,0.0186621719657677,0.018952122042799367,0.029924403225472684
60,0.11630559856485988,0.021103065766889133,0.04572330916159314,0.017325784540908155,0.09144661832318628,0.009471942775834847,0.05486797099391177,0.034292481871194845,0.03919140785279411,0.008573120467798711,0.017146240935597423,0.06858496374238969,0.024939986815414435,0.034292481871194845,0.008313328938471478,0.30734180410056683,0.0033065387484709392,0.013050752258912602,0.016137638527621102,0.06858496374238969
61,0.020246079482031155,0.03239372717124985,0.036811053603693,0.06778146777000463,0.028922970688615934,0.010810747367815654,0.06748693160677052,0.03521057301222809,0.33617871292979473,0.008435866450846317,0.06224634034283292,0.039145044993755214,0.04763783407536743,0.03284712776120268,0.0656503418278627,0.01285465363938486,0.022834609579690544,0.010123039741015579,0.023818917037683716,0.038563960918154574
62,0.009831259642193793,0.02379164833410898,0.020510041667335326,0.032150876127174294,0.08641838246103976,0.011549343851509216,0.04037149311057527,0.12500227145020765,0.023325145425597035,0.47978858252433326,0.02124254315545444,0.01252192017584683,0.003259386931039631,0.025310264185222323,0.005751316556699451,0.006797613809745424,0.007625528312214418,0.026861979377232875,0.022029304013063862,0.015861098889405987
63,0.16540856515054012,0.031060397904911476,0.00417374096847248,0.04856716763313431,0.01381652182666752,0.12691251482865865,0.0033069615556231033,0.01837621813759769,0.0025032915469420216,0.033773720020742824,0.10795146237551852,0.004856716763313432,0.0012210319589992997,0.07448522343735502,0.03380234400617293,0.07107986023423238,0.08293627214771121,0.1274888150369776,0.012925133321721228,0.03535404114470806
64,0.011341881454596813,0.048344519183280026,0.03525179371023335,0.02661870137303334,0.08831439132013309,0.01799675539372869,0.018633090961123335,0.023291363701404173,0.022488213228941956,0.008338194593820595,0.025574830730953603,0.020066405650440516,0.008695442448524224,0.01976236920119142,0.006793774886568282,0.008695442448524224,0.011645681850702085,0.01534489843857216,0.5662919156612074,0.016510333763020676
65,0.01085410270532642,0.023808999482651496,0.02635996371293559,0.041004387997899815,0.01702182773470765,0.013926018565324461,0.027336258665266535,0.05035861506997261,0.03209039060705202,0.32012571384256305,0.24375625842123017,0.022366029817036257,0.006897934429553236,0.029523159358487858,0.013668129332633268,0.014584612820676624,0.011904499741325748,0.0121359931785384,0.04537315531870902,0.036903949198109826
66,0.30598235202404755,0.023237266647534678,0.020833411477100054,0.021640184720223325,0.03553934899034715,0.00711919289334388,0.0183081494798758,0.01589918244305004,0.028769949182661982,0.005601168241134037,0.0076591501393771366,0.015491511098356447,0.006293426383707307,0.02746222421981371,0.006712988142621127,0.00794959122152502,0.1189537482888073,0.2655493294566949,0.023237266647534678,0.03776055830224385
67,0.002507345157007358,0.016709499753776332,0.004885850322592112,0.1291689074860237,0.007161214180189856,0.0009517043668075391,0.006683799901510532,0.005897470501332822,0.7660329131095052,0.0020742827280549932,0.010025699852265797,0.003957513099578604,0.002295961798228809,0.006538499903651607,0.008364983020191768,0.002425572544903016,0.002837462222339377,0.006204063134302246,0.008593457016227827,0.006683799901510532
68,0.014521125949300755,0.027953167452403952,0.02942438679200416,0.04658861242067325,0.030219640489085355,0.0721270306479942,0.01694131360751755,0.021977748186929238,0.04276325490001365,0.010353024982371832,0.034941459315504936,0.019966548180288538,0.010648825696153889,0.039933096360577076,0.4782679447027657,0.00984759463532592,0.013311032120192358,0.020706049964743668,0.03288607935576935,0.026622064240384713
69,0.06541782406778714,0.015403483341681226,0.043726199573488125,0.01447476760667058,0.027252316681436017,0.6171926744498214,0.008857002921466703,0.014609489354996626,0.017714005842933412,0.005347624405413859,0.020840006874039307,0.0465444897803731,0.004072698873308295,0.013369061013534649,0.012944916004033876,0.02198411325419837,0.006108277876873591,0.008776187928058916,0.02147152223385868,0.013893337916026205
70,0.0042378786426276495,0.005137128601276139,0.008861018980039631,0.012183901097554493,0.230749824059409,0.008295422023866888,0.021139322764367974,0.05487507462356914,0.009067089188877763,0.290285897712845,0.1371876865589228,0.005733600516496232,0.0019494241756087187,0.006091950548777246,0.0038602458922944918,0.007930124364915766,0.0038988483512174374,0.004533544594438881,0.01624520146340599,0.16773681583948882
71,0.04983127138400384,0.174013963563188,0.02087608725622452,0.02087608725622452,0.10541230485077738,0.01292329211099613,0.01107710752371097,0.06172792626396874,0.027138913433091872,0.23836673009137055,0.08209502004077658,0.013569456716545938,0.03344470865174156,0.021774651559572745,0.0065429801609371676,0.008101168188982648,0.030452443623557906,0.0358264042630093,0.02010289883932731,0.025846584221992257
72,0.04828331971649527,0.015247364120998507,0.14484995914948576,0.2172749387242287,0.021539187081437997,0.11488100208407494,0.0847704280202655,0.07242497957474288,0.014414311551262049,0.05596144215326997,0.03218887981099684,0.01566486333195491,0.011593451434338256,0.07483089201678407,0.004907608914749049,0.010346425653534701,0.01566486333195491,0.02172749387242287,0.009069131402710737,0.014359458054291997
73,0.01752607185194452,0.10613580412245284,0.03013719753650382,0.023679226635824422,0.047358453271648865,0.008287729322538549,0.2111145826569295,0.033150917290154194,0.03013719753650382,0.04771238802442567,0.03013719753650382,0.02762576440846183,0.13374929141866707,0.13349034080588365,0.011431350789708344,0.0030447198024077184,0.027723720327175905,0.015786151090549615,0.014413442300067043,0.047358453271648865
74,0.004475603367948996,0.07625523961830814,0.007192933984203743,0.02259927435711305,0.1248907267103616,0.020670068009554624,0.0610459100455883,0.05022060968247346,0.006713405051923493,0.24737043553056176,0.09245157691546252,0.03987437649110639,0.002961796346436835,0.024925670246815867,0.0027972521049681215,0.03447346935830805,0.011491156452769347,0.07737795024446316,0.00491224759896841,0.0873002978826642
75,0.018360946853164604,0.040882825973708466,0.03761219989581179,0.0998208789954411,0.0241103845485973,0.407704357511022,0.026865857068436992,0.040882825973708466,0.04701524986976475,0.008548227249048135,0.028494090830160444,0.026865857068436992,0.009897947341003105,0.028494090830160444,0.06987497373304488,0.010808103418336722,0.010565224689834774,0.012738576869375066,0.02012496201012791,0.030332419270815952
76,0.0683678639578253,0.06450359338629603,0.008717992145833273,0.0013291461615790407,0.05528879433111089,0.005892485264161784,0.11480103822918167,0.011491898737689313,0.11088825109252566,0.06236611187129469,0.00527747771562171,0.004702393143369043,0.004596759495075727,0.07339018099906791,0.16556363070035096,0.0264925472836573,0.005651007086751613,0.026492547283657308,0.08578539120422364,0.09840088991072714
77,0.004621023495090655,0.09524517843703545,0.031515626949702384,0.04352286163740416,0.023574883386927255,0.027084585877064388,0.018251522622137226,0.0747094715270323,0.03143317784923634,0.043790886637717456,0.02571805460392064,0.020207042903080504,0.010675418892193473,0.015716588924618167,0.009926266689232527,0.00927536395551236,0.1976786722278094,0.24793610163624855,0.05143610920784127,0.017681162540195437
78,0.03644057928466001,0.07356285441747346,0.0161762080101617,0.013477339271121342,0.08025038663724376,0.003990190209122697,0.008149088861608254,0.10933135108942242,0.026954678542242694,0.06790417330843704,0.22363107742911936,0.008760270526228874,0.004492446423707115,0.014600450877048124,0.005153100309546398,0.0044355800132804424,0.12663985064273908,0.15489945071414066,0.011680360701638498,0.009470562731058242
79,0.010824486187658758,0.034130795075441304,0.5440620873725139,0.024963556610978224,0.03930212766262938,0.05570303878547691,0.017766715244750264,0.03242425532166924,0.03602695035741027,0.014410780142964106,0.037056291796193415,0.014837941971769611,0.009198370304019642,0.030880243163494515,0.009751655735840371,0.009536545682843893,0.01137693169181377,0.012614211202799017,0.03505324899639919,0.02007976669333403
80,0.008101771328702614,0.027005904429008718,0.01928993173500623,0.01841311665614231,0.09125737893404343,0.009001968143002907,0.026196276841942957,0.09399719583429039,0.02025442832175654,0.3554203648457754,0.21753004704743809,0.016878690268130454,0.002074385510264188,0.021923087641117594,0.004431514653289969,0.005786979520501868,0.00698428562819191,0.009880208937442216,0.02025442832175654,0.02531803540219568
81,0.015424878648090567,0.09254927188854341,0.03173117893321488,0.016235699397545402,0.03173117893321488,0.486456762852143,0.0264426491110124,0.02582770378284932,0.032664448901838845,0.008106505566879713,0.02582770378284932,0.024143288318750455,0.012478553513062035,0.04113300972824151,0.007590668903708275,0.010782439443325449,0.018206414142008534,0.013954642147848098,0.0528852982220248,0.02582770378284932
82,0.21321756165842784,0.5174149886519882,0.020864620971140228,0.022045637252525528,0.01376091791379127,0.00927990451960872,0.011455086023371107,0.019803708040404287,0.019803708040404287,0.0049719947846121396,0.018845464102965368,0.017975673452059273,0.005617397953768522,0.0182565433497477,0.02391997746161522,0.02885433930684567,0.007538185641186146,0.0076869656209464,0.010365170748966819,0.008322154505625245
83,0.009558023970117489,0.02766472246191169,0.009734162380907529,0.03875537294754263,0.024861937362574527,0.584936552734359,0.02160135541338442,0.024401531115119442,0.03378673539016538,0.011166802374715677,0.03764807657761285,0.019964889094188632,0.010214594420282556,0.03660229667267916,0.007751074589508527,0.012334549540678086,0.009479731512348558,0.00969872652621691,0.04543733380056724,0.024401531115119442
84,0.02135132746195199,0.029891858446732786,0.027174416769757077,0.07472964611683199,0.05978371689346557,0.002374198204694935,0.12891662653276012,0.03666052124347742,0.017074193018986814,0.01868241152920799,0.049819764077887976,0.024909882038943988,0.12891662653276012,0.09963952815577597,0.12915492126126693,0.01647158539861403,0.03338582633031169,0.029891858446732786,0.02135132746195199,0.049819764077887976
85,0.016212749870952548,0.0369486644013976,0.0323300813512229,0.009826475553685073,0.0323300813512229,0.11342040210972969,0.11325681652192011,0.11325681652192011,0.01989543467767563,0.0369486644013976,0.06466016270244579,0.06466016270244579,0.01724271005398555,0.11325681652192011,0.024688854234638787,0.01616504067561145,0.02586406508097832,0.009612809379788295,0.026166375365141565,0.11325681652192011
86,0.008116506858848144,0.015538376589528159,0.029233909227345714,0.054110045725654296,0.038959232922471096,0.43010841310005027,0.015709368113899634,0.04058253429424072,0.06493205487078516,0.008774602009565561,0.05126214858219881,0.03369100782378783,0.00512621485821988,0.04427185559371715,0.007009345110684215,0.031741583327682954,0.012486933628997145,0.03894973371917174,0.038959232922471096,0.03043690072068054
87,0.01965661934224825,0.04887987082844844,0.04758970998649577,0.04110020407924634,0.04110020407924634,0.04246029331742527,0.027400136052830898,0.04758970998649577,0.05318849939667173,0.008490463489214577,0.0393132386844965,0.030140149658113985,0.008001809643747075,0.027400136052830898,0.0034361073721513756,0.011302556121792743,0.01923839339879616,0.024437959182254578,0.39899364001126547,0.060280299316227956
88,0.1509607216878001,0.22697131794626818,0.015342315691035256,0.02071212618289759,0.015631793345583088,0.02204999937739053,0.01022821046069017,0.012215613160088679,0.031864809512150136,0.005875780477417756,0.021802238087260624,0.005520123841545559,0.003186480951215014,0.023013473536552885,0.004198888304449474,0.37099251645971915,0.011445830999648642,0.013381891583371459,0.021243206341433427,0.013362662053482318
89,0.007639270577762454,0.011147611700850393,0.10245577627921436,0.025209592906616094,0.025803510709684976,0.009847497229146915,0.008687055917563696,0.018006852076154357,0.02136406178526788,0.005456621841258896,0.017266844456586366,0.014012311211380689,0.011056838994129866,0.08014726811341544,0.0064310185986265565,0.004905446006282012,0.008238429054449704,0.010592265927149623,0.05160702141936996,0.5601247051950898
90,0.015981218252127116,0.00994820220855013,0.05565886745984364,0.04971934567328436,0.09883265500522681,0.013983565970611225,0.009127326192020384,0.02355126900313469,0.03442108546611994,0.08170838602163046,0.03442108546611994,0.024217479896823425,0.00852331640113446,0.03442108546611994,0.011775634501567347,0.007782158453209724,0.0120938948935016,0.012970264088682876,0.06523752559829783,0.39562563398199413
91,0.12156625290833394,0.17954314799874904,0.003551777628698564,0.006565757600461981,0.00835641876422434,0.06407230746784502,0.004115848048050794,0.016829903165943343,0.006565757600461981,0.025069543257603105,0.07363082635100211,0.015026699255306556,0.003976136916352594,0.004837926652971986,0.0022980151601616934,0.1251570383092153,0.22000714257280565,0.10662196407627458,0.00745302214106495,0.004754514124472468
92,0.4301286506113079,0.09418381085500364,0.025519694385751742,0.03466683779907968,0.022060714963050707,0.038563450113859754,0.009244490079754582,0.023674913618883686,0.02854916054041856,0.007466703525955624,0.03882685833496925,0.02257375484591235,0.0035570246708334025,0.026234363739844085,0.006835714495593177,0.013833800120748587,0.0021183964525327355,0.09776246415373346,0.05108797149338059,0.023111225199386454
93,0.10504520343518463,0.09189755763544927,0.007990058415689638,0.013982602227456871,0.007170565244849678,0.04892694040776234,0.011456064095476061,0.12616836198011244,0.011652168522880726,0.00265492447356776,0.009643173949970257,0.013556822779620524,0.0015717413772274055,0.011337245049289355,0.0035250257716277827,0.058727521794477155,0.37571512233784493,0.0774228507551404,0.01290701744072942,0.008649032305643426
94,0.058823398510830856,0.0953963975849513,0.06775907960329708,0.007689806610425254,0.004075597503525385,0.018516745477177278,0.06654557675906711,0.17988833442532576,0.026350753179059976,0.16880747497977136,0.040251714625878454,0.05693441829705878,0.0025158009281020894,0.03342046744661265,0.0048247857933490105,0.03655772132748008,0.002893818819962461,0.10258620889024607,0.015675375013559176,0.010486524224319784
95,0.03843739368980708,0.002449130334441453,0.0025293556816726763,0.005789414115828571,0.004915540287024258,0.03492689034347495,0.03348505095773225,0.04562013897527609,0.1344593569797611,0.06053090923323025,0.061313466782771074,0.14532087906306124,0.03683631428696283,0.04544798750744485,0.11517205856701195,0.0789424391310684,0.06712350096462731,0.0785010693310411,0.005427575733589285,0.002771528034173252
