site,A,C,D,E,F,G,H,I,K,L,M,N,P,Q,R,S,T,V,W,Y
0,0.00894587216296099,0.005547176830013396,0.03350230923888333,0.026366781111885024,0.013915801142383761,0.007218441085916952,0.005873762730253654,0.01565527628518173,0.25261576978094574,0.004047699417602135,0.015180873973509559,0.04554262192052867,0.012232696601903622,0.010436850856787822,0.4730089640060062,0.015963356048562808,0.012218752222580866,0.00676984920440291,0.007590436986754778,0.027366708392935788
1,0.00920201374969908,0.010241472422663624,0.010862167721006871,0.03705103254818905,0.011948384493107561,0.3351022142810159,0.0597419224655378,0.009956987077589633,0.010862167721006871,0.005271346099900395,0.011562952735265381,0.03258650316302062,0.3338137473249043,0.025603681056659052,0.03241143282905456,0.010241472422663624,0.02108538439960158,0.003043709506080353,0.0055146389968188745,0.023896768986215122
2,0.005839372146548184,0.013674721177367195,0.052968007203534645,0.013306110301150779,0.01014590910462747,0.7716850477206888,0.011273232338474966,0.010968550383381048,0.0117633728749304,0.0034835739415029947,0.012883694101114247,0.011936363652502906,0.004949223953476815,0.012883694101114247,0.0034539265037029686,0.013392008964142698,0.0070580237249582385,0.009172941087377685,0.007730216460668548,0.011432010258735179
3,0.16862239399206919,0.03974670715527346,0.013659933497576975,0.06081420118152532,0.013326764387879976,0.5126300085148578,0.014767495673056187,0.014378877365870499,0.011878203041371282,0.004139373787144538,0.014767495673056187,0.016070509997149384,0.006071081554478656,0.014378877365870499,0.03390419764342037,0.004878547677706063,0.008155184177657896,0.02259801495442012,0.006370844776750822,0.018841287582864793
4,0.03901797790433182,0.08783976413879799,0.0584683430048874,0.02759252331308021,0.05249798403607849,0.050614986043392735,0.041174889440061556,0.028073788254587423,0.04356042975430387,0.06382107863209541,0.03827771223700142,0.08731332719618536,0.006567305830497342,0.10454841492606932,0.0670558124866113,0.057935655302999864,0.05315809833916313,0.04477769226606695,0.02154605183774926,0.0261581650560391
5,0.018453946543227018,0.14353069533621016,0.009503877056879,0.006877691824294421,0.007310674659137692,0.6337953458924174,0.006217489663378785,0.008421156885842152,0.01023494452279277,0.002410403601382355,0.009929423790769106,0.008315892424769126,0.0031087448316893924,0.00978340285266956,0.01933434122778325,0.08304275944452157,0.003293422742482822,0.003122928387576383,0.004891701426334779,0.008421156885842152
6,0.04745993436355831,0.05041680684597444,0.1609645864985644,0.2038749317485922,0.03565128476792918,0.030288206782444142,0.01584721370649904,0.01646867306753822,0.018629108153193682,0.012249837690255718,0.04090164799917946,0.08357237079049247,0.002318570949467079,0.05887586209800816,0.001291660632748096,0.06800828554206066,0.03757952243599326,0.019869313264772856,0.06059901345198045,0.0351331692107482
7,0.06047639061111617,0.05839341840510497,0.011479362823308366,0.013775235387970037,0.010238350626193946,0.003905350238857486,0.010823399233405032,0.008577737457887346,0.012219966876425035,0.0038072258609967444,0.010522749254699334,0.012420294202268069,0.0046833168910764035,0.010823399233405032,0.0032103302810947126,0.013347807918268468,0.7203471472445708,0.011960097745623913,0.009019499361170857,0.009968920346557265
8,0.012260694131061869,0.09943380807321651,0.003887497462567433,0.0055202463968457545,0.0034075595042257745,0.00790580277303443,0.002936301274917955,0.20424873987745418,0.003366003900515704,0.26202878946357644,0.002887429043889156,0.0035386194851575346,0.055860169863724045,0.0024318234086825622,0.0009362118283489538,0.012312867297577024,0.05157051115242401,0.25968749818211095,0.002532223117819154,0.003247203762850444
9,0.0052510439773793,0.014780716380771367,0.013084568599371372,0.04500452502085616,0.01330264474269423,0.7553307019133164,0.012669185469232597,0.011241671613544418,0.015963173691233075,0.0040722381865390496,0.022171074571157048,0.019953967114041342,0.006542284299685686,0.01946728498930863,0.00269092077455616,0.005392964084876038,0.007459426958520126,0.0038610799055314483,0.008232414409730436,0.013528113297655147
10,0.034033248697408945,0.10640962626465993,0.08299185673211304,0.15455233206614252,0.006292047466084238,0.009386344385243921,0.011306022790620115,0.04920381118477874,0.007012583795411445,0.0173660510063925,0.03972626047213971,0.04134774049141071,0.0011954543334719398,0.07235854585996875,0.04759342150188905,0.03056137340669488,0.009328053084367677,0.08319274679730654,0.13636802873609494,0.05977445092780028
11,0.12725660127985525,0.016007922468470864,0.015066279970325521,0.0016446461782001441,0.018294768535395276,0.014714678776378802,0.05161456555406718,0.020333010672814348,0.24047386668737553,0.13306539896006347,0.078283933077905,0.028943901816791132,0.0041987993359923585,0.02541663248401954,0.046834322419775386,0.018638593116746482,0.04780803603488739,0.09692068420708169,0.005335974156156956,0.00914738426769764
12,0.019454552043811968,0.022072770549178895,0.0416883258081685,0.0416883258081685,0.03242425340635328,0.019811805548435764,0.09727276021905985,0.0416883258081685,0.03647728508214744,0.018917009548550114,0.02084416290408425,0.09727276021905985,0.026528934605198135,0.0729545701642949,0.007500701661242404,0.015358856876693657,0.03647728508214744,0.008842978201732712,0.274711885937597,0.06801245052590676
13,0.007281820515592925,0.012136367525988206,0.015928982377859523,0.014659699684211915,0.019604901388134796,0.0024506126735168495,0.37153920947297353,0.048356063339284994,0.240300181142469,0.04268748364157568,0.009439396964657497,0.011874969802785244,0.010194548721830097,0.014232789047552818,0.05079274654248383,0.06221121646989324,0.036502914849940955,0.004319724034673768,0.007281820515592925,0.01820455128898231
14,0.06579876405263954,0.09049901353104964,0.054141657425524056,0.004385832278572355,0.044957574463811746,0.042381996365975456,0.07304518868394945,0.10558218245289125,0.004127842144538688,0.04656135445043796,0.047158294892110236,0.1226115667194866,0.0009007349474752338,0.07059453841424985,0.018475715533073325,0.08384052892575443,0.040745332379376824,0.0602614869034869,0.004904462668779466,0.019025932766816887
15,0.12901776169834453,0.030125181641686438,0.016647453122367033,0.006790408510439186,0.004962221603782481,0.09763373290173212,0.0303683863521482,0.023697139903777562,0.09031243318884115,0.04852517961776649,0.04448888334425672,0.1155784115214336,0.0010700620295486525,0.022578108297210298,0.13939516358066076,0.09423675989928225,0.04954282049216429,0.0506146603585813,0.0018692222794647346,0.00254600965651231
16,0.002229052333024037,0.011879184975372978,0.004755311643784613,0.006687156999072113,0.00465193530370234,0.0017397481623602242,0.006687156999072113,0.1447355414688132,0.005486898050520707,0.20219650602359884,0.20294489095896004,0.005486898050520707,0.0014715731605325565,0.07725087450538479,0.001825208985901871,0.0017685043303331204,0.09244801013187322,0.21696981969725349,0.0035664837328384597,0.005219244487080673
17,0.10926640273230069,0.028997997156877297,0.019424529085511198,0.00600525832489412,0.017820871568107882,0.13027671629099555,0.07812001619218593,0.03074687861137214,0.0523019525816458,0.03214868497673921,0.037480404488480855,0.16996249824517415,0.0025374330950256843,0.08897522109004588,0.04223401676506868,0.03265356605984021,0.048721727966112724,0.06502035387349507,0.003753286453058825,0.0035521844430681532
18,0.04456376396910352,0.08428364055026101,0.038254600646303816,0.03562100638659934,0.027359612211915876,0.03358428588975917,0.056063455718029676,0.10914892914171734,0.0116497273931504,0.07597688518018741,0.06800817892676232,0.07826338051095665,0.0019718972819670693,0.06111759064948101,0.02703540126440897,0.05342468408259462,0.07130021848599181,0.07136660751573824,0.02266939297558744,0.028336741219484308
19,0.056243606703738326,0.043120098472866054,0.00585262552547073,0.0023844029918584455,0.0843654100556075,0.001921757635229195,0.09893439323889354,0.13395733337746896,0.04999431706998964,0.15193371839999653,0.12158000827256842,0.0031404332087891723,0.0013697634208548518,0.08213352090069725,0.0006997704432628048,0.02570987457391776,0.0008916547303352191,0.024686187738572334,0.021091352513901877,0.08998977072598134
20,0.12804001573602272,0.08245915302606015,0.1236887295390902,0.06484958965604476,0.015365059570073319,0.08280059879428397,0.01744141897143458,0.026888854247628314,0.002367749625369757,0.03300035545928407,0.05943851991580993,0.02199997165715043,0.027204954607329267,0.06925916131664941,0.0006095197055407295,0.05790240421004913,0.0906422437656313,0.02196554290651326,0.004481475707938051,0.06959468158209679
21,0.08360887464476485,0.0025669138167964947,0.00915030889517645,0.009813267234990635,0.006280491030394006,0.18382957787252976,0.06623955383618679,0.0161630283870434,0.013084356313320847,0.009703005805384,0.015701227575985015,0.06767770506890095,0.13895079071798563,0.011215162554275012,0.031573120669100306,0.12067341875172992,0.11313093927703231,0.040824057258936806,0.03364548766282505,0.026168712626641694
22,0.03218160657466039,0.0031004894904847046,0.017836726224665138,0.04188928128519844,0.06973999262616822,0.008377856257039688,0.03518699627956668,0.1595879447987316,0.0023958327881018174,0.09919814726540822,0.09694416700379123,0.016755712514079375,0.18068968195204033,0.011806775964605857,0.0025243479749034593,0.013404570011263496,0.04043484848531083,0.09096226519510807,0.040548824284072076,0.0364339330248005
23,0.03752994258027236,0.032683702825772994,0.151728327414042,0.11413358277419296,0.018314143824786598,0.09625218056422302,0.10116384207977361,0.026555508545940566,0.007227631249628512,0.01625847461996361,0.065367405651546,0.008111705452374846,0.010116384207977358,0.16829245318518601,0.006248354951986016,0.028708657887503316,0.020654284424620438,0.043560770677913196,0.02996006092362525,0.01713258615867133
24,0.007263350949176258,0.016476361888166178,0.014526701898352515,0.012105584915293763,0.20538422634801184,0.0034587385472267898,0.031128646925041102,0.03415414366886545,0.01037621564168037,0.0008715325679088282,0.010895026423764389,0.019809138952298886,0.031128646925041102,0.013618783029705483,0.003069021527820954,0.0010353558111263167,0.016761579113483673,0.003858426355071715,0.09989534837164918,0.46418317014031535
25,0.1418893879599173,0.03508167839594849,0.02599071055493901,0.014874563193177245,0.04027015888884571,0.027047549738021006,0.1254029415373791,0.08443004903400038,0.004913918197746055,0.10819640921876383,0.06449517634541695,0.01608509782697778,0.005159614107633355,0.05821103095791481,0.02202412193441873,0.04259151154748208,0.07353932751109611,0.03466000316578132,0.0010931662469105357,0.07404358363763014
26,0.0017627893395130874,0.03488767782978054,0.01918822280637929,0.0035798923146230024,0.029466298065081116,0.0005919655418794783,0.02917128467186041,0.029981598134967643,0.04540990171080517,0.020861959668791022,0.10660123781321827,0.15060523714309326,0.04743364464628024,0.09594111403189645,0.058089346386499804,0.12968925702677836,0.15186943654818444,0.0352231362704515,0.006918830338838685,0.0027271697110781406
27,0.00590399305007452,0.00837995580209165,0.01367240495806731,0.007640461594214085,0.5716177712252107,0.0034181012395168276,0.054694823473620285,0.016235980887704927,0.007422162691522255,0.0036079957528233173,0.011807986100149038,0.010823987258469952,0.007020964708196727,0.012988784710163943,0.0028863966022586542,0.005326825702846517,0.005093641062809391,0.004329594903387982,0.006335992541543389,0.24079217573532843
28,0.005178507557480749,0.010807320119959824,0.013809353486615328,0.06964740793482177,0.03376793046983163,0.005523741394646132,0.1302477318122077,0.04122541650382501,0.23381571777485596,0.010589246488797378,0.01129856194359436,0.08436175656823319,0.006904676743307665,0.017754883054219708,0.22377332481556647,0.01085397765101731,0.03171373891154198,0.033918680159429095,0.006718063858353405,0.018089962751695516
29,0.08125043681801485,0.02858811665819042,0.006545443456903111,0.039270746793575326,0.017744348270600948,0.024046079432122777,0.010909072428171851,0.021441087493642815,0.18501360260918254,0.018215437162740798,0.004878885453830233,0.10178514446001173,0.004675316754930792,0.08498074708825464,0.1934414026796919,0.10934954621757835,0.02369622797974355,0.028588116658190412,0.0033281915882558185,0.012252049996367318
30,0.1623583274169482,0.21287913136469777,0.01223128482258082,0.017667411410394514,0.007571747747311936,0.022392615501195416,0.024500155783660868,0.008833705705197259,0.008833705705197259,0.011505620392483354,0.02313903601790193,0.2524258474680211,0.0009173316406260641,0.009353335452561803,0.0110185885799533,0.1495645585551244,0.04627807203580386,0.004676667726280901,0.006625279278897943,0.007227577395161393
31,0.15864395430658135,0.01684435384510798,0.005415720250853814,0.018841124431478003,0.01682243252810536,0.44376132816562464,0.016242348647825866,0.022429910037473813,0.02047948307769348,0.006280374810492668,0.022429910037473813,0.11528684114561388,0.011488490506998782,0.022429910037473813,0.011405791706636224,0.0032490471137090284,0.01023974153884674,0.03584007240872621,0.015700937026231668,0.026168228377052776
32,0.008756810739844098,0.15384592156221977,0.020797425507129732,0.020797425507129732,0.011904317248164528,0.006055358513135076,0.017513621479688195,0.31335549179373823,0.01386495033808649,0.007410190398889324,0.011904317248164528,0.02154298415055163,0.008993481300380425,0.025596831393390442,0.00496654937483695,0.007256231301016359,0.0958044650592815,0.20787565900729238,0.0195740475361221,0.022183920540938377
33,0.07610846877834818,0.007015579111070056,0.007366358066623559,0.005456561530832266,0.004209347466642034,0.012027589825746754,0.17253370232795343,0.0033045862196638552,0.00855295276497547,0.03754954872428254,0.032073572868658,0.02220451735272321,0.00891198368119194,0.08881912486705296,0.03115718507241063,0.06533031296755774,0.13816158396055786,0.03563730318739778,0.13995740888141675,0.1036223123448951
34,0.005840876840412639,0.01851154990803686,0.24900368472852022,0.3817619575409867,0.01851154990803686,0.07781418829268859,0.017706699912035256,0.013575136599227032,0.06719046106634308,0.0052212063843180894,0.014043244757821066,0.012341033272024576,0.008484460374516896,0.01632010347613753,0.00690798167371457,0.00656861448349695,0.009933026779922218,0.03666918898347178,0.01851154990803686,0.015083485110252254
35,0.034326043033897496,0.0521500204921431,0.023251921753629418,0.012622471809113113,0.011625960876814709,0.003916103298729472,0.011044662832973971,0.19295507582092947,0.021037453015188518,0.004621908236001807,0.0048916156186260785,0.012271847592193302,0.017811237768085797,0.012993720979969378,0.003775953105290247,0.020527135725630793,0.12186636367637647,0.4168208888975345,0.008495894486903055,0.012993720979969378
36,0.021602557208490067,0.0657800681742704,0.01000743665293318,0.008756507071316531,0.009699544394786102,0.002699219209369422,0.048965796339244146,0.006368368779139296,0.023350685523510748,0.03740442775914484,0.1836217362721656,0.21422535898419312,0.04590543406804139,0.12241449084811037,0.02560799122664728,0.00943365723659257,0.09618281423780103,0.05760681922264018,0.009352145618317749,0.0010149411732859818
37,0.022699082630779927,0.04256077993271237,0.048640891351671274,0.022699082630779927,0.03404862394616989,0.001848147139167296,0.03404862394616989,0.019632056861591737,0.008056052609024714,0.015476647248259043,0.03404862394616989,0.17024311973084946,0.04256077993271237,0.028373853288474915,0.31989198632668103,0.009272856685054252,0.04235911663578835,0.008960164196360499,0.05674770657694981,0.037831804384633225
38,0.06190393984585096,0.012384945005690602,0.33714785273336967,0.2794710970886153,0.0247698900113812,0.038086648435695473,0.008742314121663954,0.05191683109846178,0.006177533896054239,0.018280574330444287,0.012384945005690602,0.04944460104615407,0.0031288282119639414,0.019986114053856245,0.00371548350170718,0.015269656205429933,0.02512104730570731,0.005045999908029146,0.013510849097117021,0.013510849097117021
39,0.0439698175125796,0.01184823713037626,0.14664277058039427,0.3318836113198331,0.007898824753584175,0.024936993429608704,0.01692605304339466,0.02269585402487277,0.022090882627189664,0.026076947644263177,0.009873530941980216,0.04135688955643483,0.06663054428536722,0.10514463446551223,0.003863555585992259,0.020011398172468466,0.04897526394840966,0.03651166768896961,0.00582700186739816,0.006835521421370919
40,0.4959465753420862,0.017023327180208273,0.05421616638554017,0.012564836728248964,0.013193078564661412,0.006069095444884904,0.04059408789126588,0.026386157129322827,0.02398741557211166,0.006943725560348111,0.025129673456497928,0.01552126889960166,0.003541766057627225,0.029317952365914248,0.006282418364124482,0.1404508065491092,0.027444443604138863,0.004161332089139158,0.03769451018474689,0.013531362630421961
41,0.033627024788577035,0.001122730146174988,0.005438204779552794,0.008157307169329194,0.005625729082295994,0.0017181807336776511,0.012662898343451537,0.07324474643024513,0.17090440833723863,0.06450790154879027,0.14769516769884816,0.03204457656323224,0.001600211828411795,0.0890127126756451,0.15322808490801557,0.030489890932631724,0.048890564574085665,0.11134681149244333,0.003884431985394853,0.004798415981958347
42,0.14507212275143336,0.05013480849991302,0.0067618544257935995,0.004226159016121,0.011269757376322664,0.020028615974188434,0.05501187903068673,0.02817439344080666,0.067618544257936,0.05978965120907454,0.07473628575877134,0.13879595926628963,0.0023993086295449606,0.13109717764293713,0.07273501454862485,0.058308538962212476,0.04773073712324893,0.018755680893573146,0.005201426481379692,0.002152084711141911
43,0.4482807882557327,0.04767188013068075,0.020245372216735485,0.010876618100198788,0.020856447557172822,0.0057953591817891175,0.012934356659695856,0.03681316895451898,0.03337031609147652,0.022346193811256597,0.11917970032670187,0.03792081374031423,0.006389401192455995,0.0625693426715185,0.006935814440706473,0.05836406549488916,0.0034880120455516627,0.0032327780206808055,0.0227891045908927,0.01994046651703111
44,0.006821397702052007,0.011747962709089569,0.010573166438180612,0.012439019339036014,0.11378787278185563,0.0096119694892551,0.0046619119691523065,0.22912078812342343,0.01762194406363435,0.39719280072705465,0.04609752855366402,0.008810972031817174,0.03415567211605372,0.012439019339036014,0.0033113692101070973,0.0032785012211412738,0.004917751831711912,0.02304876427683201,0.01112964888229538,0.03923193919460768
45,0.049672424879436926,0.054953420645230726,0.04532078081948625,0.030152699172140956,0.013446825078309108,0.0411473523093348,0.0637479114823543,0.02358530430401835,0.08317280610695367,0.08690079877768157,0.07150057958988412,0.04425532490005495,0.0006407756326489772,0.10873751969976232,0.05927984455947878,0.05271778833016614,0.04277726513021355,0.031077106847647713,0.017413896078423287,0.07949957565677322
46,0.06517119001650659,0.05804362657790739,0.1343197532370698,0.1489752400672376,0.004911844560772351,0.02919227970167458,0.05705798562569361,0.021229158694863547,0.004093497943642753,0.01753528508195729,0.011386548754517719,0.035612267552802675,0.001053473735496297,0.23911752384487223,0.005091546191044509,0.08106546687354942,0.052991246126794025,0.027811084914374253,0.003256191546079463,0.002084788953143972
47,0.05514863734217349,0.04479026291799859,0.005121119202102609,0.004534113113775484,0.006426502528128764,0.30776844912085616,0.0571075852204482,0.00546252714890945,0.08289810757806995,0.00906469606673781,0.059076812297015384,0.2127537488604933,0.00250192083156158,0.09016987140070767,0.021732627232781417,0.011897413587593378,0.0031214440850911144,0.004389001125208557,0.010572633191437643,0.00546252714890945
48,0.001561888173682903,0.08055574637516215,0.04104002828050926,0.05871980438979093,0.04104002828050926,0.0038148842626839242,0.04104002828050926,0.10740766183354952,0.01758858354878969,0.0857971645057247,0.06098457382108429,0.07160510788903302,0.04104002828050926,0.05370383091677477,0.007242357931854576,0.029292998681877146,0.10740766183354952,0.11527359867597291,0.010260007070127317,0.024624016968305556
49,0.0387794692994358,0.05695459280809018,0.037116995488486786,0.006920999820857614,0.08698519628871958,0.020178721471999783,0.019632075551273512,0.028995065429573193,0.08456894083625514,0.07064475687290078,0.08896213256800864,0.11390918561618038,0.011747556583692292,0.07248766357393298,0.04435812248554107,0.020257771931939065,0.07345726996839026,0.06583369295898886,0.0461285131834119,0.012081277262322162
50,0.03426435482324229,0.07611307241926629,0.15070388339014726,0.04784250266353881,0.01794093849882705,0.02093109491529823,0.06351504663952566,0.08616874082884636,0.0305096283467395,0.027426951957976998,0.05909956211378324,0.035881876997654105,0.0016323670957027554,0.04368228504062239,0.004651354425621829,0.024690096142987936,0.0897865579110426,0.03220168448507419,0.06279328474589468,0.09016471655820775
51,0.29157856467584004,0.040047942460402455,0.03539120496500682,0.11367771456686616,0.005182293584061524,0.20513850465957695,0.019815388196553298,0.005580931552066256,0.009893469569572001,0.009183407495230217,0.010870155810680664,0.023778465835863957,0.0018138027544215335,0.036818269681337744,0.0016012787674215283,0.1246226596707571,0.029645879483674552,0.024989600153498194,0.005308690988550829,0.005061775128618233
52,0.007016322810355613,0.01754080702588903,0.015034977450762028,0.009560832220329857,0.01889009987403434,0.6969534957069262,0.014167574905525754,0.01754080702588903,0.023764964357656106,0.005846935675296343,0.01991118635371187,0.01841784737718348,0.00783738186263127,0.04911425967248927,0.012901136780167285,0.006577802634708386,0.00944504993701717,0.007965275034822939,0.020464274863537198,0.021048968431066836
53,0.0013029745631234681,0.003323529320430876,0.003825024475669488,0.004879223895951711,0.3716707742407546,0.0026359025644796595,0.21762848225497566,0.004586470462194608,0.0037594020181923016,0.0016998875054241652,0.003372404751613683,0.002293235231097304,0.0006609633199936704,0.0023411473114447008,0.01609837761896039,0.001433272019435815,0.0014700225840367336,0.0023163992233306103,0.08802728863596819,0.26667521800292215
54,0.2906003931736213,0.0786866598023595,0.004892389849686586,0.009044992622552126,0.007688243729169306,0.007201234490840937,0.006833994425928272,0.00668542932971244,0.01025099163889241,0.0028741098052969365,0.011389990709880454,0.005041471297815938,0.2896868696470587,0.007322136884923149,0.0026284593945877966,0.13641828125636862,0.10207013812294145,0.0029278850773797253,0.010604474109199045,0.007151854631785401
55,0.02048040560704696,0.011156720367368889,0.009516026195696992,0.011775270463358993,0.009244139732962793,0.004912627065388811,0.011765268751043556,0.004881089586461431,0.01155517466620349,0.010586753282023216,0.023110349332406976,0.006883933843695698,0.19848859523723564,0.009516026195696992,0.004902195312934815,0.003762149891322067,0.00562686766354257,0.613713286326142,0.019608781251739257,0.00851433922772889
56,0.003880810879517979,0.012680274067970917,0.010635068573136902,0.026374970061379517,0.09931640667755195,0.008910462858574159,0.008346509513094782,0.020605445360452748,0.020605445360452748,0.00563567736354263,0.026374970061379517,0.013187485030689755,0.05231781686207086,0.012680274067970917,0.005233128980432443,0.6238167368768456,0.004368072030311172,0.007944268090776961,0.0244212685753514,0.012664908708496916
57,0.013792883300024322,0.045401574195913404,0.02396178515313978,0.01780018325661812,0.02492025655926537,0.027343379222024733,0.013543617695252917,0.02225022907077265,0.03632125935673073,0.017610668545893177,0.015575160349540856,0.023074311628949417,0.0037239255252972062,0.0046956049775000895,0.5893863530706592,0.04237480258285251,0.010929937087397092,0.009439491120933853,0.031895976718666376,0.025958600582568096
58,0.006135303217199815,0.019154117361014054,0.016026914526562783,0.009063588187545438,0.023097612111811064,0.7438634047664398,0.011548806055905534,0.020666284521094112,0.028047100421484866,0.005378895971243673,0.02243768033718789,0.016360808579199502,0.004877756595040846,0.017848154813672187,0.0037630487077448932,0.006087742727144002,0.007479226779062632,0.006352358588913943,0.01670891088939524,0.015102284842338009
59,0.22066244090147916,0.11458964603561919,0.013950472254083156,0.014684707635877007,0.009621015347643553,0.0008790200376092198,0.00680510841662593,0.013375996296959621,0.01213084543833318,0.0035770441677136296,0.009621015347643553,0.0033801854869878536,0.0025834207877931774,0.00900030468005365,0.0030467230915776997,0.26347795138342367,0.25550044757083806,0.019128632647806246,0.009300314836055437,0.014684707635877007
60,0.1721804017227632,0.014377610023800384,0.031151488384900842,0.011804131979553979,0.06230297676980167,0.013330838574317418,0.03738178606188101,0.023363616288675622,0.026701275758486426,0.005840904072168906,0.011681808144337813,0.04672723257735125,0.016991720937218634,0.023363616288675622,0.005663906979072879,0.3857294123866294,0.01636561979688201,0.03731977771675503,0.010994642959376764,0.04672723257735125
61,0.035279253838211885,0.02155716110376002,0.024496773981545476,0.036342701696186815,0.019247465271214306,0.007194263921160876,0.04491075229950004,0.02343169685191306,0.4934598388129864,0.005613844037437506,0.01603993551551077,0.0260499829761256,0.03170170750552943,0.08936686450675078,0.05330675164402306,0.00855442900942858,0.015195823402739929,0.006736612844925005,0.015850853752764717,0.025663287028285735
62,0.004358815654004676,0.010548333882691318,0.009093391278182171,0.01425450524688016,0.20955694277487313,0.005120550428490931,0.00550799165706959,0.1563256034459105,0.010341503806560116,0.484804958533952,0.009418155252402962,0.005551754675100693,0.0014450911983343335,0.011221631790097145,0.00254992031040326,0.003013809680768948,0.003380876244452345,0.03670696573405823,0.009766975817306777,0.0070322225884608775
63,0.16545699739179717,0.03126367683275238,0.007351849005201925,0.04684814604180622,0.020860418852198574,0.1158244431506476,0.0028007043829340675,0.028181250030678017,0.0005697892091370492,0.03322214854239032,0.10419613999185584,0.0073327532935001044,0.0005917828764674168,0.08143586590377518,0.03552926386000739,0.06723472150889676,0.08727356238433255,0.11661114612580026,0.0108414363210351,0.036573904294786054
64,0.0066791105623399075,0.011302884722708928,0.020759397693759174,0.015675463564675297,0.08662080954944161,0.008846646315531111,0.010972824495272706,0.013716030619090885,0.013243064046018785,0.004910272057186866,0.01506073950331548,0.011816887917985994,0.005120651431127263,0.01163784416165287,0.004000780098494768,0.005120651431127263,0.006858015309545442,0.009036443701989288,0.721626260691947,0.016995222126789177
65,0.006032769575450085,0.013233171971955025,0.014651011826093062,0.02279046284058921,0.009460824838713239,0.007740157191143505,0.015193641893726139,0.05816783763639762,0.01783601439698286,0.3844026165806937,0.29924833232829345,0.012431161549412297,0.0038339096367346333,0.01640913324522423,0.0075968209468630695,0.01721850535061617,0.006616585985977513,0.006745251302940795,0.059880374345663116,0.02051141655653029
66,0.31709140992426715,0.013887026126898542,0.012450437217219385,0.009524239066615727,0.021238981135256595,0.004254563121036689,0.010941293312101884,0.009501649455246373,0.017193460919017238,0.003347363133780412,0.004577251692666415,0.009258017417932363,0.003761069576035022,0.016411939968152822,0.00401180754777069,0.00830688525078179,0.15794203129533846,0.3398471302567738,0.013887026126898542,0.02256641745621013
67,0.0011069856485557998,0.00737719590391551,0.02714066066607934,0.12400059887578867,0.0031616553873923614,0.00042017473054298726,0.0029508783615662037,0.0026037162013819444,0.8057355216546616,0.0009157898363481323,0.004426317542349306,0.0017472306088220943,0.0010136605058815205,0.0028867288319669388,0.0036931158551850177,0.0010708832763748322,0.0012527313799101808,0.0017512899068406478,0.0037939864648708337,0.0029508783615662037
68,0.009891353991647447,0.01904085643392133,0.02004300677254877,0.031734760723202214,0.020584709658293333,0.00249181112554274,0.011539912990255353,0.014970580657119984,0.009446112816290486,0.0070521690496004935,0.023801070542401666,0.013600611738515239,0.007253659593874793,0.027201223477030478,0.7109337061763737,0.006707885107831288,0.009067074492343492,0.01410433809920099,0.022401007569319217,0.01813414898468698
69,0.08185107177767745,0.007414616939153245,0.04376833195975413,0.04842447482198679,0.013118168430809589,0.6416546662457783,0.004263404740013115,0.007032420189712355,0.00852680948002623,0.0025741311637815035,0.010031540564736742,0.04658933773059765,0.0019604333243500027,0.028129411459983492,0.00186629316874141,0.028606884864839296,0.002940279131043528,0.004224503654734729,0.01033552664245604,0.006687693709824495
70,0.002101024227170564,0.002546847741416157,0.004393050656811178,0.006040444653115371,0.23240220657191632,0.00411264316807855,0.012332154404300728,0.059828245295234096,0.004495214625574229,0.3148635812265715,0.13138751907972981,0.002842562189701351,0.0009664711444984592,0.0030202223265576858,0.001913804246531603,0.008461097570332435,0.0019329422889969186,0.005892795706233731,0.021115851280670873,0.17935132159655834
71,0.0653362250013755,0.19393450913106686,0.010534113849427689,0.010534113849427689,0.036856332052057954,0.006521118097264759,0.005589529797655509,0.07122237139789579,0.013694348004255993,0.2577893144799683,0.17673935094688487,0.006847174002127997,0.019088302917467326,0.009783880683488101,0.00783618184333924,0.004087865075897313,0.028747939000605214,0.05167113219063029,0.010143961484634069,0.013042236194529518
72,0.07264866576517148,0.02294168392584362,0.18162166441292876,0.18888653098944588,0.027243249661939306,0.13026657309616954,0.061886417647124714,0.03632433288258574,0.006950168296393602,0.05995331373245702,0.024216221921723822,0.007553148557244773,0.010450794717315925,0.07757926501657691,0.009655559243597723,0.025945952058989818,0.02641769664188054,0.018162166441292867,0.004372875480510132,0.0069237195108077096
73,0.013355452937398794,0.11069723945896805,0.0229655525073755,0.018044362684366464,0.03608872536873293,0.006315526939528263,0.16514079557939473,0.02526210775811305,0.0229655525073755,0.06450444068941859,0.0229655525073755,0.021051756465094208,0.23313151603119286,0.12631053879056528,0.008711071640728638,0.006358065308125472,0.03702991722237892,0.012029575122910974,0.010983525112223067,0.03608872536873293
74,0.002312755438689905,0.06607578640222991,0.003716928383608775,0.018203058720754835,0.15122701536362948,0.024418737308329656,0.0669761806484489,0.033709368001397844,0.003469133158034857,0.29272486321213864,0.10756352880446042,0.011657764569656342,0.0015304999226624372,0.01873844280077704,0.0014454721491811906,0.018290251222169814,0.018511585139750687,0.05935780017637449,0.002538390115635261,0.09753243846206948
75,0.013108413883512561,0.028026584855472984,0.025784458067035144,0.051544097823247544,0.016528498760919965,0.6028223132740111,0.018417470047882245,0.028026584855472984,0.03223057258379392,0.00586010410614435,0.0195336803538145,0.018417470047882245,0.006785383701851353,0.0195336803538145,0.05540552972107075,0.007409327030757224,0.007242825299728971,0.008732733050232451,0.013796354387359308,0.020793917795996084
76,0.0747069438613066,0.08238433730159896,0.004153354153730388,0.0006332208883380986,0.06407670679013253,0.002807249391638703,0.10965507858430418,0.009569897767357451,0.1129245913212323,0.0637844716357192,0.0025142525509010915,0.018168065341264614,0.002189950371966932,0.0546856619925514,0.1575186304929322,0.03026480168926795,0.009920592505534082,0.029606871217762124,0.06516644670152934,0.105268875440932
77,0.0018152749268729122,0.11985861653220305,0.029672346964593227,0.023415634133244427,0.012683468488840733,0.02388691295638814,0.009819459475231536,0.06635296961777794,0.01691129131845431,0.048109634181882376,0.013836511078735344,0.010871544419006342,0.00574345742890901,0.008455645659227155,0.005340407784775045,0.004990217110363566,0.27568557929240634,0.2853654051069874,0.027673022157470688,0.00951260136663055
78,0.04845888534128968,0.1028589218536445,0.005001356374561631,0.006330377816461358,0.06483181897859522,0.0018742135279933465,0.0038276703076277965,0.1679180688590519,0.012660755632922715,0.07595735767653748,0.20736358645694733,0.004114745580699881,0.002110125938820452,0.006857909301166469,0.0024204385768822833,0.002083415483898674,0.11666024554539936,0.15539986089602068,0.005486327440933175,0.007783918410546072
79,0.006010504667743327,0.018951782057666566,0.6669293833182592,0.013861496142406041,0.02182326418761605,0.014245508711394407,0.009865311208100403,0.01800419295478324,0.020004658838648045,0.008001863535459217,0.020576220519752275,0.07013249988352584,0.005107572469442053,0.017146850433126894,0.005414794873619019,0.005295350869053894,0.006317260685888856,0.007004283990935772,0.01946399238354945,0.04584320826902948
80,0.005302457536439654,0.017674858454798843,0.012624898896284889,0.012051039855544666,0.01408901430914483,0.005891619484932949,0.005597290291548166,0.10836860262942105,0.013256143841099133,0.49901834385667143,0.2318214154248831,0.011046786534249278,0.0013576464499082505,0.014348250100917892,0.0029003433098553034,0.0037874696688854665,0.004571084083137633,0.006466411629804456,0.013256143841099133,0.01657017980137392
81,0.009740630827389662,0.05844378496433796,0.020037869130630163,0.014402169441824542,0.020037869130630163,0.659262555426475,0.016698224275525135,0.0163098934784199,0.020627218222707522,0.005119163646511355,0.0163098934784199,0.01524620477330556,0.007880060894068043,0.025975015539705767,0.004793418814553957,0.006808984656039377,0.011497138025771408,0.0211035632442143,0.03339644855105027,0.0163098934784199
82,0.24927789250411647,0.5869215572737244,0.011080802696824137,0.011708017943814184,0.007308161338795742,0.012299647398703,0.006083577951197565,0.01051737205122291,0.01051737205122291,0.0026405317064772415,0.010008466951970189,0.009546537708033105,0.0029832930337603436,0.009695702359721121,0.0021694707667682103,0.039231326066922846,0.004003386780788076,0.004082400993566787,0.005504744713410314,0.004419737708960636
83,0.014604093307533502,0.016115044702117238,0.005670270580952468,0.022575486465000214,0.014482387543585041,0.7261660528141589,0.012583058029672248,0.014214195181666797,0.019681193328461726,0.00650480118483057,0.021930472566000208,0.011629796057727381,0.005950128215581452,0.0213212927725002,0.0045150972930000435,0.030202932865343493,0.005522061437482068,0.005649628755133206,0.026467811717586463,0.014214195181666797
84,0.014369767228591459,0.02011767412002804,0.018288794654570947,0.0502941853000701,0.04023534824005609,0.0031237736904827194,0.18659412271394252,0.038554306003005974,0.003022614736819747,0.012573546325017525,0.05857771629736454,0.016764728433356704,0.18659412271394252,0.0670589137334268,0.18694132866786356,0.006402991425621461,0.022469167500506274,0.02011767412002804,0.014369767228591459,0.03352945686671341
85,0.010562555529527475,0.0240719386031401,0.021062946277747588,0.02047504650648665,0.021062946277747588,0.15807375227900888,0.157833223868263,0.157833223868263,0.012961813093998511,0.0240719386031401,0.042125892555495176,0.042125892555495176,0.011233571348132047,0.08425178511099035,0.002012222967178422,0.010531473138873792,0.01685035702219807,0.014860836310571389,0.010165360215479792,0.157833223868263
86,0.005190572155296761,0.01488215588641111,0.054594425042771386,0.034603814368645076,0.02491474634542445,0.5881384753330269,0.01004626868767115,0.02595286077648381,0.04152457724237409,0.005611429357077578,0.03278256098082165,0.021545673543465215,0.003278256098082165,0.028312211756164152,0.004482533211774581,0.028491939517237483,0.013965286747119823,0.017302821022365175,0.02491474634542445,0.01946464558236285
87,0.013200280375773797,0.013046486098660886,0.03195857354134708,0.0276005862402543,0.0276005862402543,0.0070719073722259745,0.0184003908268362,0.03195857354134708,0.035718405722682034,0.005701717911228788,0.026400560751547595,0.02024042990951982,0.005373565462704376,0.0184003908268362,0.0023074965193111197,0.007590161216069933,0.012919423346502012,0.016411159386097152,0.5719667661165583,0.10613253859424301
88,0.17572846274105888,0.19331439437059925,0.007859708686177903,0.01061060672634017,0.008008005076483145,0.07637576749861488,0.005239805790785268,0.02187982224037143,0.016324010348215647,0.0030101011989617506,0.011169059711937022,0.002827902005140253,0.0016324010348215646,0.011789563029266854,0.005142502700849762,0.40771081882178806,0.016793437911696987,0.006855403814743076,0.010882673565477096,0.006845552726671078
89,0.0037283649241135535,0.005440619497635606,0.04834116037132548,0.012303604249574725,0.03935386003747585,0.004806095409990127,0.06785178483354078,0.008788288749696232,0.010426783262351464,0.002663117802938252,0.008427126198338852,0.006838743188171881,0.005396317653322249,0.1303845059827483,0.00313867455346294,0.0023941150716920555,0.004020785702475401,0.005169581617468373,0.045912836710388504,0.5846136341832895
90,0.008461738477103766,0.005267375995875219,0.045328040420585324,0.026325408595433936,0.11854142350303842,0.007404021167465796,0.08551064125484055,0.012469930387310812,0.018225282873761954,0.06975406148755908,0.018225282873761954,0.0304262542243324,0.004512927187788675,0.018225282873761954,0.006234965193655407,0.004120498736676616,0.0064034777664569035,0.012012208372111624,0.054054937674502306,0.44849624093397733
91,0.12484526768012703,0.13175409584301845,0.0027678052713745903,0.0031537595248783256,0.004013875758936051,0.07273375318592856,0.0019769835827595475,0.031577427929318475,0.0031537595248783256,0.0385946341358337,0.08420647447818261,0.012029496354026089,0.0031830626091409247,0.002323822807805082,0.001103815833707414,0.14292075535375376,0.21786482869993284,0.11593268128461592,0.0035799432444564776,0.002283756897325684
92,0.5591185582638293,0.07917155374531908,0.006130709582983701,0.02101003858754792,0.013370024555712312,0.056729223549795565,0.005602676956679444,0.014348319035398578,0.01730238471915711,0.004525239080394935,0.023531243218053666,0.013680955359333528,0.0012817797642923497,0.01589948866084707,0.004142824510220716,0.012725423927835428,0.0012838664855846457,0.10517683547629812,0.03096216212901798,0.01400669239169861
93,0.11617900628472251,0.06528470525531521,0.004088487533790426,0.007154853184133247,0.0036691554790426913,0.05213709100250867,0.03357120006015192,0.1299463742001262,0.005962377653444372,0.0023758674380890033,0.004934381506298791,0.011347106349255535,0.0008042550745959969,0.0058012323114593894,0.0018037445002016587,0.05132611252971002,0.41008123789446393,0.08250264949847526,0.006604479862276844,0.004425682381938092
94,0.051454609748635666,0.07488126955660983,0.05778383682512504,0.0035436409530490848,0.0018781297051160154,0.014803854592022467,0.05905440878152514,0.177564737197067,0.025280428610992212,0.1991475086742518,0.03699780582956666,0.06104053746797114,0.0011593393241456883,0.07614958374286677,0.0034716081543263956,0.035151675085746514,0.009456885844934614,0.09724951162850955,0.007223575788907749,0.006707052488630586
95,0.038544094988583945,0.006636473775003157,0.0012186619971902425,0.0027893819046798884,0.004143104549944987,0.037219561839358886,0.023490359829660364,0.05794592058048058,0.11749699131554507,0.07109009418025015,0.0461127536408877,0.14572428639761048,0.04449244054511781,0.035216388674532396,0.1185178047366253,0.08082698535167182,0.08275799289462976,0.0818263148614135,0.002615045535637395,0.0013353424011765423
