site,A,C,D,E,F,G,H,I,K,L,M,N,P,Q,R,S,T,V,W,Y
1,0.017032260052686057,0.04841789348096022,0.0252450690378741,0.019733034080089203,0.01413346862889174,0.036496714857284465,0.04705208556986862,0.016957556703916583,0.05669135183295779,0.013323742823129271,0.018705058441059352,0.02328460939929984,0.030473469556418848,0.017130846071470848,0.5338306574468782,0.016556334036589196,0.016859628472656537,0.00888494973207568,0.022796291172126497,0.016394978603767027
2,0.02295359421627863,0.02046380125608398,0.02375509893627534,0.023673540194985684,0.026808449410707175,0.531117594158949,0.04216594941719244,0.0230919770498159,0.018526894535307387,0.01150433034092432,0.01888529936505775,0.024584516756263806,0.03669543444989864,0.030730650767850455,0.04508846038748558,0.01573427178359914,0.028618913009461334,0.01807649230228092,0.01326759997339841,0.024257131688184174
3,0.006778300937485014,0.028425523963233577,0.03436308636829518,0.01360661526783077,0.012203506613220848,0.7373188769459657,0.013618554651255159,0.016137831868369264,0.013712081199540975,0.005097069513463673,0.013639683326218437,0.016863403679423586,0.007106131288899266,0.013969206786251563,0.005206796617399334,0.016931674810266275,0.009145429498616011,0.010071295537088326,0.010675481146183352,0.015129449980993848
4,0.062470671228059646,0.014150516275312802,0.015110720758600843,0.053370805681050834,0.01615190316335537,0.6402499643865632,0.014607676420272045,0.021709362955574504,0.012811845650389364,0.006748504161638961,0.0144591280864628,0.014238469800603698,0.00974751116006687,0.016891490574797295,0.02266588246102493,0.006552764892355496,0.009164922929828704,0.011158599257137754,0.018417271719962436,0.019321988436942418
5,0.06279987473376548,0.034641039785548534,0.032818277040750334,0.01840007127024848,0.028585995817764467,0.03165980718470072,0.024031839526356145,0.0978448013772482,0.03367146889885689,0.046472326731556185,0.06712195839161368,0.06183030823483257,0.010649126326089057,0.14189266583595928,0.034797463636762616,0.06678693161604525,0.06333126760748312,0.09515527094831948,0.020145094339103307,0.027364410696996178
6,0.10866814077383036,0.112047372530978,0.006433167019042681,0.018684007483685438,0.008556501992243223,0.3978431384017255,0.005998420876429909,0.007944206682719508,0.011001985013981235,0.002443053220304434,0.007926460418036551,0.009676285721319533,0.003319283188606475,0.009591177416566154,0.009309751758268769,0.24162682043034037,0.009364437382872756,0.017107187597488943,0.005174889555603879,0.007283712535956232
7,0.03742019379765132,0.042128974107688545,0.05907986304574744,0.09830244773307904,0.00886079059003123,0.00602577123088531,0.10232218706568315,0.029050931242623694,0.003949782866659289,0.04113836038609757,0.04472048547866878,0.02656258837464431,0.015788831051668534,0.11483596416121272,0.008486349933370819,0.06759110435567718,0.05714552690477071,0.04076170438283819,0.1279765126462293,0.0678516306447729
8,0.026268067031378878,0.29503311305074736,0.012332290464134915,0.012592331196137346,0.010682475318519973,0.0035170305092209132,0.010867800748877367,0.047454109377215975,0.008205832042689692,0.003419697166358139,0.009607815724429867,0.009660361899224222,0.01357311074163442,0.01149093524055863,0.002894899341669846,0.07411124557215586,0.4283839141630629,0.004978247721183549,0.007434422354658783,0.007492300336141397
9,0.0642252897891474,0.26080793298944277,0.0030835478611631532,0.0038669635287122135,0.00288022490103677,0.01911885228503738,0.002972549901245365,0.09599011856349034,0.0034728468509223134,0.14878024129513592,0.014679577500213896,0.008219455546862046,0.06638659081488672,0.006683406099292156,0.0025849046800907193,0.032542128613390266,0.07818670557297216,0.17710116164470593,0.00531365596276749,0.003103845599484949
10,0.014234349078058551,0.014927107788848721,0.013060360047373962,0.03147962897358624,0.012956341166652851,0.7116277128651988,0.014042189177322454,0.01437982150337203,0.01820765814293114,0.005419561558913211,0.014723184086904487,0.017936529126070792,0.007092886117418559,0.01769851747560379,0.0370972528612776,0.007472318973422921,0.008627257643391317,0.015156330652779769,0.012232044415719403,0.011628948345153479
11,0.03803269354131966,0.08257831982177234,0.011109365796623444,0.1449421595677514,0.011378889735687682,0.03139063164788923,0.0038910229502787217,0.04876796055597124,0.025748657804389306,0.054395412436136506,0.09359899790165067,0.036604514288982454,0.001987460425902782,0.11483560383096426,0.024714236019590427,0.008881405521826676,0.021810826182266412,0.049851256720270916,0.10759862640004071,0.08788195885068519
12,0.018491201995544798,0.007325268684543509,0.010498685072928799,0.012341438566534354,0.1486984760887147,0.026465780541748744,0.062310681251527875,0.021197238073358656,0.11210728445766958,0.024594785876796157,0.05111938283173208,0.011531562426579633,0.00272529601173058,0.13558360403174827,0.032656146408932205,0.07743063812018264,0.01002012310021461,0.22478195907258347,0.004071222428483194,0.0060492249584462
13,0.02539451465027923,0.028832843931579942,0.037057386209504606,0.02817565036898966,0.11028928784533794,0.031760409254572776,0.03631306037248747,0.03071062748904601,0.03579049523590227,0.030532611823208003,0.03223729653835243,0.033598107424497564,0.03833873720333112,0.031102800614587783,0.05066546628680166,0.03453144212690001,0.03381557816161851,0.012636650564154443,0.31207091887565014,0.02614611502319841
14,0.029228593956598378,0.021398736567577088,0.06397357443560928,0.025171332918066967,0.028054405850520776,0.010216453069124295,0.024868284777134438,0.12313037131537373,0.2971771783037242,0.012979193714611873,0.026177280704000702,0.051018375822200916,0.010476102787624043,0.0562626107376698,0.0830217032889113,0.010294942311997193,0.06206404165472371,0.010588819468930274,0.01723836098265313,0.03665963733294793
15,0.06046353418568531,0.07618750485995426,0.029678115940139617,0.07598562939903859,0.06799929297561914,0.032609911767396305,0.13768691406688272,0.08260681581984593,0.027783890248278136,0.020492894552469092,0.008312989698454098,0.023046786551939414,0.0018929752477142405,0.018772943084701798,0.04530684924909737,0.057686735144361,0.0749449506330338,0.013566994513883759,0.035477277297566744,0.1094969947639387
16,0.0913745538752385,0.052519433940180306,0.04920219724863933,0.014339322263635277,0.005169965517419925,0.09290056950693334,0.03639174882578917,0.009867513137031495,0.21177929543722485,0.03946831960204305,0.02994314871309797,0.005691090111365956,0.002378672382676794,0.0851729764549676,0.18539837994328348,0.03659560372120884,0.020760375991658003,0.02003614254962646,0.004482490847670826,0.0065281999303088145
17,0.005493518594374138,0.009997272064366675,0.01554929957027087,0.013438147386866845,0.010166095190089387,0.00572926913842601,0.007290704382657351,0.15236852304180784,0.013058355179692034,0.29744602041067075,0.12032276567852689,0.015491538184733216,0.039899034341606146,0.0274601492834422,0.012608184404885652,0.004809970258514647,0.016869673275372282,0.2146539036255481,0.009052283911103241,0.00829529207704574
18,0.023844245979533964,0.060751165682779856,0.04935314626990763,0.013447393914661541,0.012202681513708413,0.0906912418690583,0.02238783071924024,0.02235043406056757,0.11934140194275723,0.036462987029579175,0.013745511028456264,0.28263019361757385,0.008397266532480978,0.053796552893110756,0.041817617873437345,0.030834995202105687,0.03889657375160774,0.04390772342274402,0.012611909278971748,0.022529127417717676
19,0.012700894365360885,0.08292377400437763,0.026379754731685575,0.10291179853694432,0.04451175948055794,0.09021419513062681,0.06467975476751332,0.027163883699400492,0.008488801982325716,0.04601836592548623,0.12658640708646385,0.06578545573206863,0.001797450926932488,0.07338784123158777,0.05881842827447067,0.043899193016560326,0.025300268345254277,0.09134626748846864,0.002254642018309873,0.004831063255604581
20,0.005940640090478671,0.008137959590865836,0.010376604905179637,0.010477485985496197,0.276853963736462,0.006766942700309561,0.008825362591408849,0.03128020079471081,0.03158864328333146,0.16900503497582048,0.2208895905068137,0.008319005571832233,0.003761945702831712,0.06984819338442527,0.004523851938073633,0.0031661480508475607,0.014890450105016028,0.013210659418973989,0.0074379669160590965,0.09469934975106326
21,0.0947655529359537,0.004077163377741781,0.0731184637716895,0.11094720762224815,0.023220371007361875,0.11937579669922903,0.05508708065986732,0.006323397888034701,0.003536166668173811,0.011558796859231295,0.0031030128523481843,0.019214209885753928,0.10966434471447122,0.07942902481139735,0.018848091701762066,0.08652532879910818,0.07895916611878927,0.0492814648240813,0.0068457341943051414,0.046119624608452196
22,0.11427505673086093,0.038016999897210094,0.06508315185499665,0.008085273361292951,0.006711475404362522,0.00927485360980421,0.07400880634718879,0.01168432986590488,0.03887131643449626,0.027124248639911627,0.05465845785611939,0.09708953552427783,0.12424622430356567,0.1321387225975812,0.046285897999669576,0.04569452434942321,0.0438713420303798,0.043289444050559,0.009842388181889842,0.009747950960505578
23,0.1241773157541385,0.05338278130585652,0.061627821139125114,0.009492942665723337,0.02501024785308292,0.07562513321379805,0.04700641676167768,0.05353206216176708,0.06593118954765616,0.05278396277693764,0.04000862404832999,0.044170624186237024,0.04384751643756487,0.05641897620233856,0.013685827771631484,0.08959981450091986,0.030076967607960112,0.042444564488947734,0.009848380555718848,0.06132883102058853
24,0.05650175129778286,0.12576555096880174,0.025533988200800523,0.16676114956808388,0.01045037379430055,0.05380501435055116,0.11018793902624872,0.009991176942414422,0.043428912059175824,0.0050238964049389755,0.03090044114970775,0.010501075964653609,0.02951007613557583,0.10392723367633523,0.0281560137406413,0.006741529700801662,0.029780106789437547,0.12888494275679546,0.007827880756486712,0.01632094671646629
25,0.015624337519596803,0.04564234222192858,0.027416266502402156,0.018799218540766396,0.330755296250688,0.009031977808307334,0.05720680807682929,0.06150309281952211,0.01653921182999912,0.04766135396439189,0.013911184324041164,0.02090521855557061,0.0278806528724974,0.022431354699951403,0.008877488927082804,0.05466929939643962,0.017633094410069737,0.025462428589181966,0.14391535339470293,0.03413401929603067
26,0.09121361232596253,0.025117078012963305,0.01641003733846799,0.005014608644369021,0.12921133862683964,0.016831348829317822,0.1004622345696762,0.010677387255031038,0.0081816464777052,0.037651514848500975,0.07421601826760874,0.030317924412541435,0.024187016973567534,0.1459162768556061,0.02591084849732041,0.057521038155607586,0.04574565652309567,0.052995090966419856,0.0038822366774638084,0.09853708574193512
27,0.01388347265618393,0.02408332638250128,0.01061225036281224,0.09225068122569412,0.018005059372082695,0.0012882993047406558,0.14100227175442684,0.014354613469896572,0.1195120286227692,0.0013672409327760162,0.0033427137588605874,0.07906451601517925,0.049448271336787676,0.015696705379072237,0.057693179529966984,0.11799107854131062,0.16655192810437638,0.06045226630382689,0.0067620653047468894,0.00663803164198893
28,0.01131724972414387,0.08491747554632495,0.031381777226580594,0.018048195486150446,0.04379648878031364,0.010825330050428704,0.04815634253067269,0.022920061116833597,0.019443945788667986,0.009272773598526515,0.016603737827456833,0.040650416916204114,0.017048958993411155,0.026219563830313417,0.0105774908858722,0.027557497277701633,0.01681868040821746,0.009607189508702162,0.019653630951045033,0.5151831935524329
29,0.028235954263107464,0.02129361389913084,0.02247454446070572,0.06086668074239603,0.015259988049841144,0.01317904541056692,0.022076723956130986,0.039199085816114754,0.4957190285274906,0.007720647032821218,0.01793356636366733,0.020661463386403078,0.014619649420800525,0.03212158756959376,0.06498009282223188,0.01191572383977204,0.05049555802499068,0.014742634674525266,0.0230122451519251,0.023492166587784635
30,0.17443070990637297,0.007583242598643537,0.008433297330512476,0.017384013248508082,0.011272995188106144,0.03412955380864434,0.013576038444281596,0.01420003463103757,0.1393732758138657,0.010948138894607929,0.01185059201154108,0.05196543602833514,0.0063290470172342374,0.089512370551768,0.18324275890309247,0.0285228351067411,0.05584069421585595,0.1269664433137265,0.00493118837967355,0.009507334607451646
31,0.29563420803599816,0.14957593729148566,0.02226525126230354,0.006686392328094303,0.014099963578274735,0.004617930565199145,0.02478008266395878,0.010298480774234895,0.008739623961284061,0.043702624616830346,0.02612469432411649,0.18815871376193774,0.021343048913359045,0.00991412629583969,0.006188472790366281,0.1017226345826284,0.039419184863756875,0.010377327043209783,0.006836172373677752,0.009515129973444302
32,0.36509784893931474,0.07398696890834901,0.03380856919802574,0.016606055076034056,0.012003723474532,0.2722139177080186,0.012199663021885753,0.015672791953066104,0.01491753345722877,0.006531773291799087,0.01289413261607069,0.017826687467640413,0.008408446702119559,0.022893531294588196,0.0062421506879227475,0.04197714092403019,0.009059968354374955,0.02966752474191876,0.012325798311162638,0.015665773871917966
33,0.01558876222801318,0.06760957054094799,0.026826275180792412,0.02295968323816465,0.023226982043993705,0.011987952746899904,0.02204098117233594,0.4373477806351096,0.025110540334552324,0.03797601356992231,0.024340586416947422,0.03977565216831367,0.015126284015106907,0.02920217973868333,0.009848071725877707,0.017134301182438038,0.05388380620161988,0.07527286318224292,0.020179562566324177,0.02456215111171398
34,0.04934894289025712,0.07576367894999007,0.02919182929230125,0.012467470193284388,0.016252642521029592,0.006554551984339305,0.009623338994718247,0.04815837540638739,0.010238081676470627,0.0698870391116014,0.04018841045672743,0.05635721080948017,0.0057736680966676964,0.08670174386022697,0.06796356748225785,0.09432366402034387,0.2487654192707123,0.04861452517897835,0.011359110851842864,0.012466728952383132
35,0.03151817539377986,0.020883169440814982,0.05612679244631439,0.4955995240303836,0.018554459048285066,0.05289225930125333,0.022104299011546473,0.02086658442397875,0.02937731439708106,0.009458308298829272,0.07717394737511947,0.01793240818433824,0.010130733897854054,0.029997139498406482,0.009012692226602885,0.010496589563715315,0.012442402980632952,0.03457296327638846,0.022210498500964137,0.018649738703711286
36,0.03322530857871663,0.06629703319390769,0.010735049858956252,0.03592258208127874,0.008059811021587687,0.0027584065276487703,0.00853106709326846,0.27429730202777725,0.010284987882530036,0.004809241478416196,0.023903287646817362,0.037714264392911354,0.09513145598281972,0.010512698771890566,0.0032431056606539114,0.01653200343139617,0.10629923839518851,0.23790689889358496,0.004261107740399175,0.00957514934025055
37,0.11989947815033195,0.07099418713967369,0.017752022358721063,0.03905154409179155,0.02460172892506171,0.011907960623410804,0.016971802676812947,0.007974956257760792,0.013445098308819991,0.03354284877801679,0.06581249453288433,0.19587896554518613,0.01534744406995102,0.08796587585770173,0.01589173658959644,0.06494661303952595,0.00961908037348559,0.035734912320194004,0.026603121080032884,0.12605812928104068
38,0.02163780183287655,0.03213404569597313,0.03293350764199642,0.0216037767561893,0.031056231685714586,0.024021548332666613,0.033296490173028825,0.04769259352594651,0.03118077589179328,0.019872397466572534,0.03143361177386922,0.034835083310698074,0.030588805873115563,0.023013543439465527,0.4247428760665343,0.027052076662499668,0.05869627395297839,0.01751069582022399,0.021562191375847733,0.03513567272200965
39,0.09059530166831428,0.013911888659864303,0.20774559523960628,0.14167420623594648,0.014978148660866572,0.08007613752725816,0.007350841955920015,0.07124805473117392,0.03605416853104353,0.035647280605209775,0.009276296630602988,0.06377422877679143,0.0021133138881344726,0.04866770680085056,0.0030660252798228554,0.02167722565075156,0.007512910948060332,0.017522767419043402,0.09636554371705808,0.030742357073680983
40,0.06326687377081743,0.006543834553105141,0.033594464958650656,0.1293763622560726,0.0046155510344195825,0.03316935761360614,0.026180672539320538,0.1419319571311737,0.015374777572580095,0.0857929227392867,0.07588382919195645,0.07048228153374218,0.059309970519896685,0.016975030565514446,0.007939358434996992,0.03003227320190514,0.11610223454957969,0.06883196582309548,0.004078116179742564,0.010518165830537796
41,0.4936762630746951,0.05130481394453446,0.013160303945871879,0.016637217355104605,0.019846435901572576,0.008474894193140731,0.019623231354327312,0.017173588245846708,0.022117324977789506,0.0069002973936010915,0.02303364941479678,0.020896314583688413,0.03407155202960179,0.019960784323756576,0.008407506999273453,0.11831784980845439,0.04113081788678506,0.021196770037740165,0.02563939257850146,0.0184309919509179
42,0.03710559268034693,0.060792463651569394,0.005519385301101469,0.00795943663831188,0.005681266962564509,0.005799097498306158,0.012242930944406503,0.00645720509063354,0.09813192371195785,0.01064855565552619,0.018461292574468845,0.0097587237159045,0.0020672952464488754,0.2852960878885648,0.12053874863709886,0.020001269120575735,0.1703778127517311,0.11219288846050231,0.0037380734979933395,0.007229949971987258
43,0.01702854731047843,0.04480743377574546,0.008271640636741732,0.024388425602314686,0.06789085730466023,0.04839554206296865,0.019065299641559143,0.01044740228678678,0.008973900158950965,0.07278956283569066,0.1013335692264791,0.06659999174625825,0.0023873465309907586,0.07306723285746912,0.11640786808440765,0.09933908966915804,0.15989557756127634,0.038427961711332434,0.004744681870373719,0.01573806912635787
44,0.3137211043567119,0.012361750415459763,0.011873657264888314,0.012933820434068233,0.04000080324045278,0.019279432430017895,0.16749561139311106,0.01610048026564304,0.01985692866505183,0.036281554924256436,0.01866975336950574,0.18312841236329258,0.012086288786242419,0.020079160063485625,0.007306971190036813,0.01832965339083617,0.04434074924287535,0.021386405138237388,0.011329268476659507,0.013438194589167127
45,0.005943296926678283,0.025120748368705734,0.007087577505792599,0.010404466067844656,0.21975132525354976,0.005542012891117244,0.11845584222863427,0.046237391448712625,0.007885812623219362,0.2061127671341312,0.1400391052368766,0.006503107928603453,0.01730946861880636,0.038943786519654716,0.005905632654613327,0.0025403177655479083,0.004617217504570277,0.10575695846535291,0.011842955279373294,0.014000209578215411
46,0.06548676509828553,0.05494610512173266,0.03827317600357432,0.03418909191436759,0.015988160705085096,0.04626935414727499,0.011748534867753778,0.05110307739741665,0.08249672367270186,0.030577757748959402,0.04483233851392609,0.04772850871647189,0.0011372984817699377,0.09500670361332968,0.016815971795207666,0.08110400428793513,0.19541212760797405,0.0531774408715851,0.01570694045300174,0.017999918981646833
47,0.033128099933923696,0.042297260168336105,0.15341806719381101,0.1778440900716114,0.004006045364159919,0.020979093731623117,0.043305795007656925,0.03447784191140528,0.03123667512439161,0.010237488161747238,0.03143878055481112,0.014398507577140627,0.0019803996779204735,0.08518567028830364,0.02596005911311071,0.12088787643996647,0.06530347488176345,0.05569336825097182,0.009044069912142247,0.039177336635203105
48,0.032915592848330094,0.012828863591140856,0.006900393770859921,0.04043170315791517,0.006560506555905671,0.18968232697197085,0.14265751132248475,0.007068858093147585,0.2719271630516039,0.015037774915369789,0.05000744131904032,0.04629241946672847,0.0025181027863219285,0.09319672463611368,0.027871314236858485,0.00410720884273798,0.003114128388197556,0.010754587159786807,0.008651623277424253,0.02747575560806192
49,0.032430821863131024,0.11284282723661195,0.013695833647755251,0.03465159769273134,0.14398278816542037,0.050387721896398285,0.025155235982162426,0.04281986469522592,0.08900444722161137,0.09556149736604692,0.037963070851445915,0.027013666393486166,0.010893067930912806,0.01003457285704657,0.059278667770462076,0.10408208101287161,0.018555619667421898,0.05545550223013561,0.01889996767315737,0.0172911478459651
50,0.07506445931730632,0.11077875806147654,0.029375809957376448,0.014846574696608385,0.08519242139363907,0.01213969571382342,0.006918526082970706,0.03618428158831587,0.012140961765411996,0.0303354850345368,0.008760553784843703,0.0079886808316689,0.005202069967289305,0.17159528288646714,0.039644714592098784,0.06458798165314276,0.028329161827086734,0.05801074794295188,0.051932503801577386,0.1509713291014079
51,0.086204615271437,0.09013752329477759,0.11829288612478224,0.005826836609029844,0.025162709153564666,0.05186288074411292,0.07807134812984129,0.014913566117776219,0.006766675070491638,0.058848594090708285,0.06315989884810937,0.04740703468848583,0.004447492661587993,0.1076032609908416,0.012750420030388144,0.06454855286621912,0.08209777827154517,0.06426356427008806,0.008371879360565741,0.009262483405647257
52,0.01976381615229622,0.05729682491392737,0.00422970422408848,0.13892508423740532,0.02689674154970048,0.11311501275506664,0.004711296662623686,0.004894230095783988,0.00698888445654853,0.017680267287426922,0.18076044213849585,0.03401407682010688,0.0014857024341435304,0.10183466720322527,0.007077338324819433,0.1793426942973643,0.04564151109525,0.046098689701941586,0.005385473044613815,0.003857542605171699
53,0.015542472971338074,0.019348811916964165,0.029044495857918275,0.06154858361598871,0.02089431440385247,0.6193820831035434,0.013863411353857227,0.018692513964317977,0.017862557850094392,0.006753859812944486,0.01637707181414185,0.016338942444964387,0.010162759861120058,0.022292213143861074,0.03169104009485609,0.00797547104251942,0.018497387261692345,0.01894233731221861,0.018914807250718504,0.01587486492308848
54,0.028122655484359934,0.01875585235227278,0.017361658709156253,0.01115091520015574,0.0838966369257235,0.004540755337510674,0.36537230935248083,0.007807097734197542,0.009633327104537476,0.005843098606287684,0.037130015068455764,0.017298816485221916,0.006704493494592347,0.025538255098303528,0.042063273840211045,0.00862180124624702,0.008207310039202277,0.04115693235710082,0.20803281226457357,0.05276198329940928
55,0.20405803879986387,0.24910585229477084,0.008253009266695322,0.007759410299469174,0.006991612736922093,0.030651527479284738,0.005676663607429214,0.006460626073546213,0.007969853781094601,0.00326713892230446,0.008164634705804084,0.004752686397401661,0.14979404404032567,0.009566537032294688,0.003615120100438192,0.2127487088911892,0.039780367289522715,0.02327934835339425,0.01106808282211711,0.007036737106131905
56,0.0375766338088288,0.011700924648959927,0.012781589440654816,0.023633913028494533,0.01159653224575801,0.00959557142931231,0.010713069988359575,0.04562799616384499,0.009368712104150736,0.01530219272912242,0.018548151113610058,0.010667450965653677,0.1939682095964725,0.013408147929923933,0.006094449604196939,0.003949156722838823,0.05373168253451496,0.4913944555274378,0.010303952870773507,0.010037207547091595
57,0.011848860408071517,0.03409344622589055,0.013804633468072001,0.02413217009642444,0.04267708746042029,0.0107810248767665,0.01205217318700281,0.01947959563255417,0.021369389144740725,0.00763448036447098,0.02199812124964364,0.014021513999131261,0.02400176699934758,0.01728155165276864,0.006535826884566642,0.6488255817064467,0.008593571264574327,0.012273837894074706,0.01689017224492827,0.03170519524010432
58,0.0093235931386973,0.02372705008410901,0.02137793992411069,0.018391209125388105,0.0194428868147714,0.027684044246718737,0.01932158472646667,0.021542298279869494,0.015310351242002855,0.01496567348306394,0.015968167336211828,0.01768384104476099,0.02216707939181776,0.026267872611040223,0.5873222507479814,0.014435139362357378,0.038754731250987655,0.011818329977398734,0.05243411068762763,0.022061846524618126
59,0.01785046038995414,0.013547249489541965,0.015734735786458814,0.06509467391242692,0.01989921996584836,0.6524336878507785,0.011744222276504481,0.01712861274090829,0.015431353170730484,0.006881304757662656,0.019961603346359675,0.017565071286681107,0.007813781857070254,0.015970478510677417,0.016755924232997363,0.008054027822862016,0.009231998799529356,0.03391782824639841,0.01684075902063841,0.018143006535971447
60,0.04464754877596072,0.07500717714077265,0.010615040730943073,0.011195321368958653,0.013623960859726194,0.04860158956398786,0.005726587338760466,0.02207669819615656,0.012496744383522619,0.004532603252419812,0.01048616102277258,0.021260193516267303,0.003823753278701966,0.010883929837623088,0.00698489404368629,0.21066991695802534,0.17784340799919102,0.2829759355673129,0.010535438269966318,0.016013097895244677
61,0.18388711005394326,0.014273125298162256,0.020969088803820816,0.04629635402062785,0.038648306600676204,0.03157467859934099,0.022985386863396032,0.09625226033975959,0.022308083538278355,0.009210803123859313,0.023663014790394572,0.023115475559406157,0.017789624024030004,0.018785426672804712,0.006565700345572268,0.2688316074686861,0.018585606483680486,0.07185531376562548,0.01630468378383636,0.04809834986409916
62,0.013063476442290561,0.01917420435697888,0.024547091953088566,0.03451664590645438,0.01891593286838211,0.011602888116145422,0.028843538288472508,0.023799543069359146,0.5716150373253478,0.010052697394122493,0.028900859578148662,0.0254967413751259,0.019046507880743798,0.03800919887560882,0.03680074442048197,0.01244579472303907,0.028206372910985135,0.012026171586705148,0.016087393318892917,0.02684915960962673
63,0.004772737394586148,0.01073267613834767,0.01287621609234466,0.013740153575370227,0.3246535838322971,0.006759805846535737,0.02504372156810058,0.09143280200719553,0.011329112080715752,0.37844195150888815,0.010661332420798777,0.0069408317375099175,0.022037412952729582,0.012667973393712678,0.0053769812248360025,0.00782681014607885,0.004084131914622695,0.028905876318800084,0.012802870139173856,0.008913019707356001
64,0.1133162504316138,0.04525015923308786,0.05539977124374727,0.023462779304641107,0.006009914448514418,0.04442952980487174,0.01863744975836952,0.005374926806059678,0.020517605713329272,0.04099285876044012,0.011027431176396669,0.020446977637297265,0.0018528286562235544,0.05231818985764965,0.08633767662662982,0.2598182325151859,0.10893238743242402,0.004425569998316729,0.06962929786592024,0.011820162729281308
65,0.010133502116527752,0.014697234605928472,0.013385342058295061,0.017964883544646218,0.13637705068214917,0.01657072090140855,0.012009370331484278,0.015212744023577678,0.01679475297447887,0.007577903968994032,0.012397296489510976,0.013643919641379959,0.006384152146088024,0.013410865100088699,0.029655705230474966,0.006770168141186764,0.008637283947738715,0.011124144788830555,0.592500629227368,0.0447523300798432
66,0.009969433762482008,0.013045880022097077,0.01643904831715074,0.021259578439490723,0.030627394940370634,0.008679271521125775,0.015045815142512606,0.014884818301785055,0.016563655804278463,0.45198932526434793,0.1597419582888613,0.01566147643836508,0.00534838511071998,0.02282056952372052,0.0071833368879292625,0.03660733350178247,0.010612544476291385,0.09343167094964251,0.031380012015921006,0.01870849129112547
67,0.09958539005720081,0.15355482069441087,0.016796932344946513,0.05749711058366838,0.01727859428172668,0.011925327358112116,0.0104621329758906,0.015169594431958124,0.014845768619307892,0.017407480866700773,0.05231108004235031,0.015427277625332744,0.006028863598332184,0.012460126874111634,0.005937932741418041,0.026100854063470364,0.11773199985550305,0.311844370369517,0.016141174965433932,0.02149316765060794
68,0.01395616879632966,0.015751635388714387,0.1410250940962381,0.557803927451569,0.01698324255229806,0.028566295539258088,0.012281795474636611,0.018646737427119572,0.048954486858010744,0.007029445432791941,0.016072149268336916,0.011722269081509296,0.005460485966127899,0.015540003421293346,0.015245171177155882,0.014427232946854088,0.00935575123150509,0.02009775467774503,0.016808247927216895,0.014272105285289376
69,0.011874512819601528,0.013865661909779115,0.01742212710664729,0.01603662825776525,0.017187757973268585,0.059178095846260985,0.014749266024354878,0.02493471964996588,0.049387246782754954,0.005731971002535214,0.020382151794658295,0.014483826448440894,0.007473169961055625,0.01963311567336449,0.609993314885145,0.03308471582117009,0.030304842732178837,0.011083504296310165,0.010473940761606905,0.012719430253136032
70,0.02625282079836681,0.013148193849337221,0.2823336015819422,0.03398798563192294,0.00680269460550717,0.35776680440210223,0.004052139835608373,0.005024715070052806,0.007069113678321065,0.002451447867381713,0.008456279122074306,0.10223041735793993,0.0016807948734586513,0.09258494158998014,0.006382792449366409,0.02807161385347076,0.002884363466068436,0.0029970813671027154,0.008999008457798576,0.006823190142197477
71,0.0037786270019897848,0.02715105789631029,0.01371276920534985,0.010084956046096586,0.049956002233770155,0.008312582927657942,0.033519290203586787,0.1752903607683998,0.005094140316435201,0.2695985102523537,0.13849318593480942,0.004470006640210214,0.0019039935053055406,0.006213094941668263,0.0028264756520919587,0.008153826781844382,0.002628457663085538,0.008002433585150815,0.05573874723567092,0.1750714812082128
72,0.043742540649853896,0.029038976815994794,0.01827697928878476,0.01985958980995188,0.025868653551256306,0.008062683276738173,0.009937230801031328,0.016022576157979376,0.012488744068836818,0.31046959389046713,0.051646115727555036,0.012594232722496702,0.019123573757056946,0.010867914091495075,0.011270418682527506,0.005823525221544806,0.12448130623100247,0.24369153020485923,0.01397225763328083,0.012761557417286995
73,0.0035252749663716634,0.15752545694842007,0.1412687787209727,0.26240761440674876,0.021755526909906963,0.0757370927124995,0.04569917255141038,0.009981108357403748,0.005441204817210042,0.021474861212257768,0.06649821964967662,0.009118612363775303,0.02246237724957316,0.047818527343673006,0.007807957782784794,0.066383185961973,0.008057385221039153,0.011800401390254935,0.008758105532488448,0.006479135901560014
74,0.013474525318541401,0.18600710861626535,0.024053961309762006,0.015202122503901813,0.03708155920375131,0.010025792238867737,0.017915069064267458,0.026403841142650913,0.01998820863854183,0.024946647821340217,0.20117110553199888,0.019577523987591196,0.24804452065837598,0.023365409669088618,0.007476256834279233,0.060454690341697724,0.01759150868879039,0.008454609413319781,0.014939035754000619,0.02382650326296757
75,0.10879797218993935,0.06142020334548954,0.013442095162716043,0.009281665608626921,0.2520997236012894,0.007738484664112736,0.026678326839988182,0.06845033589666288,0.007003009062499039,0.15634402641777073,0.014481980897385154,0.011251252976857707,0.004969413689511326,0.008161270844636656,0.019455732072996994,0.036848680481450846,0.047261800237666685,0.004086398725976618,0.007791348665984873,0.1344362786184383
76,0.020251957130113907,0.022340801189348048,0.020262725727238463,0.036361073589228715,0.01827198569047933,0.6082781490788673,0.018244037457537433,0.020803734790039302,0.016429157629161806,0.010474270994332619,0.01786826279235763,0.016634003094962144,0.00820482250505467,0.020252136446560813,0.058227985816400506,0.009508994137031036,0.010737950818468449,0.02827671820856503,0.01792752679439323,0.020643706109859532
77,0.004805218684481273,0.22850757182791895,0.009439995487663246,0.01951722425792509,0.008907253811623448,0.0032133634680554714,0.2443059238345199,0.008063619862513425,0.13329736743985016,0.07405453565610079,0.0311250470070689,0.06467323584188209,0.004314404468416983,0.011208964608907579,0.07646087463146499,0.02091493215422215,0.03490102493224494,0.0083303518887902,0.006198614483354845,0.0077604756529956465
78,0.023285223951146874,0.21673416160614742,0.016755958704781304,0.01560858529534978,0.017625733389982294,0.03675552000404185,0.012645788577256211,0.025535986533086957,0.016541411781327134,0.0574738298268452,0.017613646509167556,0.006879718599315265,0.005082739803536936,0.017031543088434995,0.00859011647715784,0.005911102296399889,0.25270282554071966,0.22147445162139656,0.016960227663053204,0.008791428730853007
79,0.029215346640581005,0.24260002229427952,0.0220518509073374,0.008564995133743706,0.04413105663855996,0.020830488803173355,0.010442031490778787,0.14404364428029204,0.012668705990557822,0.012884978810557777,0.10115521331357141,0.009986447607816118,0.005213810235155938,0.011506254427665124,0.0053671788674094405,0.004490106356223691,0.09635702731723111,0.19973218608914156,0.009981199706099219,0.008777455089825038
80,0.010003929779022968,0.02226789850058355,0.6378107764598105,0.017073060270955703,0.018531556262725787,0.03489195961414593,0.016437388704953773,0.019591679243896886,0.02352788616736457,0.011189452091073835,0.022723784624272506,0.05968224509658776,0.007504160255870123,0.02104234862433599,0.008186054170033307,0.007610977612112216,0.009292141367193333,0.017814996273241658,0.016484851364355416,0.018332853517464116
81,0.009403238786414319,0.015333024043602197,0.017457055169641585,0.019160206803824322,0.02462661797482451,0.0072075461144153995,0.014310154211305076,0.16340508162446282,0.020464612464450624,0.4832841980603318,0.10426688107348535,0.015241882065729493,0.013872542702375453,0.015394711216934781,0.023851162084168227,0.00599833502424809,0.006248256026722066,0.009848754363811529,0.017618669245873398,0.013007070943378985
82,0.03627881836978911,0.029689298983048496,0.019089309730422048,0.03978560969645178,0.019083733248148913,0.6058785472911735,0.01748290339471749,0.01776095834353901,0.02322865817650988,0.00759732721371708,0.02117754974292727,0.019917663622643546,0.008820909844733993,0.020367890100755345,0.03448538676382425,0.009190332636682182,0.011704931003180454,0.010190938281078397,0.03178639154959842,0.016482842007058875
83,0.2694315822982315,0.32183577797843943,0.011193830020623815,0.014335997790841257,0.02264356877294834,0.011408915377071782,0.01516208856523798,0.011606706751854535,0.013025441621238533,0.003147578026382776,0.00991102973129982,0.010741771526166531,0.003502826987550478,0.011001149843551048,0.027286259019510827,0.1720557018704189,0.017943658248494927,0.005150018263139571,0.007910169971980734,0.04070592733501721
84,0.017623180347477983,0.04865191743364447,0.04418192298622769,0.0216019870974372,0.021387938329576126,0.6097450414352841,0.014841942687133416,0.01684818552361532,0.018774730433089935,0.008852317056272398,0.02485016533980203,0.01228756363464766,0.009182355069011515,0.020975325865217827,0.015235448013291625,0.027321523210123672,0.009663319762576643,0.01723392584736877,0.024903395125339605,0.015837814802861998
85,0.03176977933907275,0.034543690316218165,0.041580072355779533,0.021416445061211303,0.03470161361238694,0.03937778811047849,0.04014326448471559,0.07611735388165947,0.04323567292896354,0.029435671632100344,0.03691712776944133,0.027899994357783793,0.04204867426773622,0.03901743648888157,0.2889317112527805,0.037532879615087576,0.04912762406766783,0.022589426866970377,0.02555960823643555,0.03805416535462914
86,0.035059166341620235,0.04322497027953441,0.02737325205014364,0.0486823308334725,0.03705413475283112,0.2619073483153363,0.0438533896134395,0.036940329263394495,0.033327350838844055,0.021943850828573783,0.0340630859577814,0.046580523380864415,0.026708115288032828,0.03101477258390947,0.0666068622953994,0.024903983009701702,0.029628929432325465,0.023282018606535265,0.0876872588969418,0.040158327431318266
87,0.013435372949965796,0.02462617933979032,0.06022188778718805,0.0261888153703947,0.014716226429250266,0.5936239429240877,0.008971883889316462,0.023600629589913175,0.0280735656635979,0.009454634381596418,0.027623394992060308,0.021654469774651044,0.0061029734164578355,0.02783894085213217,0.00666923490060714,0.024460700357025418,0.009234153294564,0.03842082852443716,0.020238756846391964,0.014843408716572245
88,0.01279444306074011,0.03030033768001647,0.02512268344726788,0.026834445087347596,0.021885651512760854,0.032142673523311516,0.019719699387238887,0.030090568279755495,0.027279676291934316,0.009694288064143722,0.02336108092600077,0.02968762517003677,0.007903901050446478,0.0182908506727635,0.0347574459195982,0.011747010490810726,0.01338183368623877,0.01487726628163897,0.583679253492878,0.02644926597507095
89,0.15740274986961222,0.03550094273234118,0.012537740263999682,0.018273313127448704,0.01452203732761122,0.13778785345567965,0.009866697113486592,0.01744602966794921,0.018905904435263642,0.00563537717594544,0.018280264333014704,0.02504610952443096,0.0028864714718863324,0.018236006339433605,0.007948865992884805,0.419529451647927,0.04223608456756978,0.009837924358778838,0.014017071838725656,0.014103104756010757
90,0.007894131972863108,0.015732724116676988,0.013519212924729076,0.010028150068167225,0.20620057327465097,0.005097600070780465,0.019753699563127426,0.009483853189153232,0.01221063674093459,0.00894524274991475,0.011158269940988154,0.013799959954908505,0.007384208337331083,0.09870623366887657,0.003375696639255134,0.0032487616227195124,0.005201192081196048,0.005014421947274699,0.16376042375309216,0.37948500738336033
91,0.011171476556721327,0.04383093701045583,0.03984053971197399,0.018273325251434224,0.07840344566177966,0.007264849913226827,0.04329056263349799,0.039934022535136726,0.02270137778114061,0.10562704672143913,0.0167453767948782,0.033114790510227275,0.006012828229052315,0.017438590269310095,0.010075723803858242,0.009445169517783037,0.008162173756986798,0.013259568844178204,0.13030642529893288,0.34510176919798663
92,0.12712878273996192,0.02797886823209324,0.00738390144949289,0.0059767936475254285,0.006625631743129915,0.0123765791808635,0.004408712843513295,0.013211596903626008,0.009212898079084523,0.06359338123675715,0.295372946733174,0.011118166649745667,0.001792482803687371,0.005917717459215321,0.0021024623669887122,0.14697845594425052,0.1697715865798462,0.07824973683436265,0.006092901063985954,0.004706397508695686
93,0.4614978824937645,0.038652550693614264,0.007447580077100183,0.014567138288121851,0.01227016306825728,0.12200007094766492,0.009928712328097868,0.014950596536429677,0.016385020340337182,0.005191645223184151,0.021893877691696047,0.011299503942920498,0.004610735300388029,0.015640768512316133,0.0049747214908784625,0.1593900698617352,0.0288555216418557,0.017371103177837584,0.01982040612626595,0.013251932257534446
94,0.07520873660600687,0.08110693464276246,0.00610050103431735,0.010345936782674458,0.0047945470341586175,0.1554468095939077,0.03376910111267152,0.016369745321006553,0.00841423134804606,0.0020082397850305048,0.006604977967432157,0.05705981033803009,0.003104576428229652,0.009650624512165558,0.002421546748861617,0.1838349429544715,0.28918237449014966,0.040552356458012445,0.007787448047047965,0.00623655879501725
95,0.02067168569494617,0.0861773841184072,0.06586526849811143,0.016313319257780203,0.006506714359590842,0.018591440589191575,0.08355036217483569,0.12538856004127005,0.006829596975990955,0.10180493293920655,0.020254584284970564,0.10924771949117942,0.001857519055103114,0.1382816718277706,0.0015045698895881446,0.0315582319331848,0.03047042478503614,0.03477437015651365,0.03894350981852525,0.06140813410879768
96,0.0657997349163134,0.04258866901441367,0.0037924812045830748,0.008190486012429759,0.027892008281315456,0.06452532231977531,0.04329348528987849,0.006601905783314398,0.005958039745356629,0.08442571218622372,0.12833829090141902,0.05150860367227482,0.010530626477319694,0.06794568807554256,0.18636268315226942,0.07699360736402971,0.08988382378755531,0.022352956123616225,0.007850512497509048,0.005165363194860271
