site,A,C,D,E,F,G,H,I,K,L,M,N,P,Q,R,S,T,V,W,Y
0,0.010474679298827798,0.04685368373916687,0.01667673916340267,0.012907653530601818,0.009870472087721896,0.03247036767138563,0.04520596624461565,0.010939166941294716,0.1121335953695098,0.0070808868309299965,0.010796004116902222,0.014919449645962151,0.019242871778760794,0.009060956768664806,0.5652277419871171,0.03766575857224799,0.011073165335694066,0.004622610282796066,0.0068502824556448015,0.0159279481787531
1,0.014236132531597872,0.01406673393597171,0.015678405589217875,0.031671983711673506,0.018596358937676354,0.6412130878097828,0.031074796913941567,0.015577356682853242,0.013088273208723827,0.007501345040009341,0.01177710194413975,0.01786877247248381,0.036721607412197446,0.022392283095054536,0.04225856793398882,0.009543531288217064,0.0190007938063117,0.009786031482738803,0.008246902223165787,0.019699933980254217
2,0.012253366735929682,0.01891949256610477,0.03732365723235297,0.007860501964696212,0.007100087096839715,0.809222995511451,0.007664930570005607,0.00928091257442252,0.008292944643001747,0.0027503231224721976,0.00799755331377551,0.009664963688441613,0.0038691697089434825,0.008874055514478058,0.005156207138850806,0.019072432993065762,0.004675455303041616,0.005106302762537273,0.005337328522560375,0.00957731903702893
3,0.07450203080191026,0.04680464733549837,0.00854368624155748,0.028011641424084105,0.010707940738153602,0.6867367867169015,0.008503724421059665,0.014211100922062493,0.007219251126436593,0.0036869711427347583,0.00932076338254481,0.008947677920886226,0.004779720683362922,0.01032862813800102,0.011150003543598823,0.003404735336719188,0.00446369165851843,0.011769195995843753,0.03368582784281916,0.013221974627306798
4,0.04773023915332488,0.04434508552684147,0.024642837908353674,0.03463775464817487,0.03493617624592609,0.02280448936817348,0.048188984549416704,0.07285179602924303,0.07734202996835195,0.04878223273885398,0.047171157689024995,0.06547373731612163,0.0028664803860223116,0.09778665603015742,0.07017406829771462,0.07976719738411929,0.06825344741750096,0.07714312323172036,0.014012684653324056,0.021089821457634206
5,0.19414949463901351,0.060403878789982345,0.0038825378203214654,0.01777415653652325,0.00842697567535808,0.46600302582770137,0.010690082736965235,0.004195421340190915,0.006973460961259202,0.001436214698392104,0.004458708001336099,0.006059792568071045,0.0018428637225276659,0.005222915708053631,0.01193353266718289,0.17690272524956166,0.00406957046448147,0.007694113235398109,0.002934812735932495,0.004945716621747467
6,0.05644835269497129,0.057925174331998855,0.09060667212581686,0.10136831805254574,0.043598142653762315,0.0054811791561981136,0.06311889990882637,0.03395813956463596,0.006577468620568967,0.04003642618438544,0.05268270616322222,0.053684067375537686,0.011602051619921207,0.09359657449498159,0.010610104041822225,0.04241918227312458,0.07266007597751939,0.04979573712098499,0.04895498023078938,0.06487574740838681
7,0.020712672053810704,0.05741527872826214,0.009082096218464489,0.00963549823966964,0.007050588298823682,0.002886991252920174,0.008288979061896165,0.031082503165621465,0.0066896432599306424,0.002500505005085278,0.028426672368942224,0.020839007674419402,0.007613863291127666,0.008182543660780178,0.0023487225660562923,0.07017750800575609,0.6752712470859854,0.01961751195863464,0.005828084931980761,0.006350083171833058
8,0.0765459187187589,0.11625507769960353,0.002039818860774817,0.002507588174089749,0.0017477855699264489,0.009902397601982568,0.0016946437170676212,0.1729678283247214,0.0019826044791207593,0.1843659910952644,0.008432894608237318,0.023193049038862802,0.05051407687340736,0.004803944995722322,0.0013338749362182113,0.04289766795510965,0.14082080792145338,0.15463949573387537,0.0014775749117738222,0.0018769587840295966
9,0.003710528807051894,0.009262939018742004,0.0068989349552890065,0.04517930612086225,0.007375794378062001,0.7740940395986537,0.007516891323398143,0.008539115683845399,0.010398820807171317,0.0029729418956729063,0.00953264579917481,0.011619566009495515,0.0042630886445451065,0.011064516037450707,0.055458494493645955,0.0043092915158818796,0.004914775664576744,0.010148720572024502,0.005916959027953633,0.006822629646502404
10,0.05252887951270725,0.11390754202906676,0.06002837676520751,0.1328343877325575,0.030087987602550867,0.010462439236708268,0.04196306013544093,0.08156557771308383,0.015319133721120102,0.045006160879433016,0.03209351549337299,0.05276294195143165,0.0007943954513328213,0.10331200109584174,0.024311340878469423,0.032588368948447695,0.021849641147408387,0.07408427550016831,0.05873817429846186,0.015761799907189112
11,0.06202659890040225,0.021338525823389888,0.007808859838989166,0.010709026464933226,0.012553534087577239,0.022391815333323524,0.04218473601412109,0.04756471059825833,0.15119240553328492,0.0814856176354964,0.11897869831883934,0.07160008695882805,0.0015354323675924669,0.12187154193552453,0.09314586778551391,0.030488315932096832,0.01777584421035996,0.07772467051360142,0.004241869546667732,0.0033818422011997512
12,0.01833768896236811,0.05094852983513819,0.029199570082082398,0.02162747850405107,0.03303186554149205,0.014937653458543093,0.030271626113801135,0.027837688860645273,0.025174322650141488,0.030064235500674944,0.024715997614581285,0.030989156364952652,0.030307580595632096,0.02510610270448194,0.049204084937768185,0.01060825058767608,0.026146801894024928,0.008525880901010394,0.3685205819712784,0.1444449029196563
13,0.022132608676591746,0.018231851172668102,0.0845115163115975,0.020586630145158612,0.02431060688786533,0.010017592163168222,0.023234642446397676,0.057982708423161486,0.4587509739286577,0.01906004641822648,0.02162976394863516,0.03358485984865085,0.007733457878107451,0.05818502348985819,0.050257634204134746,0.0070158070669209425,0.02919278759830686,0.008322623480878201,0.013189260675023752,0.032069605235990895
14,0.06286999332404984,0.08210369432847966,0.020234053319668193,0.03960817152545851,0.02984567322483445,0.057224286323636894,0.0791924100673559,0.09625022793865881,0.05761693986771246,0.057300209393575156,0.04711207690375804,0.02656037503528104,0.0007836917177922887,0.04448837617513986,0.052353684337990716,0.042204524025131085,0.06876391577590762,0.049541973111737705,0.0362786450197442,0.04966707858408755
15,0.0720700132017282,0.07088188053346321,0.005535445230310023,0.08646268787595414,0.006308201113529334,0.054662189919700746,0.015781851873694096,0.026539449008744206,0.12100984342503109,0.05420947652803097,0.07340521723296148,0.07564692730193176,0.0012378544082875815,0.049620923310100366,0.11446477747371686,0.10181988005308255,0.05621095382542604,0.010674722381526546,0.0013899306183178116,0.0020677746844630237
16,0.0032218892461872103,0.014438051578217502,0.008714636078140887,0.00834423700745359,0.007029944838087333,0.0028760002670582315,0.004459221355905317,0.0998445347600327,0.007260916832799293,0.3697435835780382,0.21089593897814776,0.008921402457491321,0.01996784202953453,0.039933481348243705,0.004625078512184894,0.005292255737019977,0.02354380213058191,0.1510942923637954,0.004750701448931943,0.005042189452148339
17,0.04768446648104629,0.055888288744426515,0.035592594288343375,0.007478049746447225,0.00613081131007541,0.0436132963580015,0.04661206270491065,0.05874164134996337,0.08053747001423991,0.03659838427413068,0.02649648051197159,0.25866606409769005,0.0037056481916192836,0.04843206313803662,0.07801450455755837,0.03032932951461846,0.07347896778981296,0.03702465570740742,0.00609332749100347,0.01888189372869687
18,0.06976700359413435,0.050715992963420886,0.023692977260287247,0.083844940763444,0.04370373517217402,0.06260049027065438,0.059811776904398845,0.03988458659723264,0.031099567894181064,0.07189837939165483,0.049753865698383186,0.06984573114439926,0.0030957233910380083,0.06951686987659908,0.06703302419484658,0.05610717747857322,0.06003510808823112,0.05709373837718481,0.01831123038353544,0.012188080555627064
19,0.003515788368544446,0.028957165829937685,0.006399159058709436,0.006674584631927034,0.07904244998349827,0.003935751923580055,0.004758470246770232,0.031878656433687695,0.019690242110690672,0.3091338655967846,0.2706754690249483,0.005085707040149869,0.002110094010138609,0.08562686450013066,0.008930513219337242,0.00180647958794766,0.026902479770933543,0.03396292269136801,0.004329075281489628,0.06658426068942626
20,0.07801220319321042,0.04297464245987208,0.025609799049963862,0.04422315801092206,0.008470107939623168,0.06066155212766346,0.08928574009688958,0.011317711008166389,0.03794324468037793,0.04909632603383444,0.03206302322772604,0.06273158065395346,0.07067870613776489,0.05334227648597264,0.027557430500684307,0.11014580926547526,0.0972228528245652,0.0848409557045097,0.003267867421690051,0.01055501317713508
21,0.11055766307012904,0.026524463381949727,0.018205189561806542,0.021039065513674356,0.009745934256874455,0.06949334717880426,0.06831946689098486,0.011092327878485048,0.05753947769521211,0.030866699618954063,0.026333536380964914,0.06246701375827979,0.10028208118776408,0.07218629643298624,0.0784861445373963,0.12820657407973507,0.06127306161437437,0.03799191075490028,0.00501271096854678,0.004377035238177689
22,0.05327257194687622,0.045758985754410265,0.041134845899302795,0.027257524728362507,0.032235346758719606,0.058663122735678384,0.06004706640870187,0.0480795989059172,0.02303481814069295,0.05001339323725239,0.08062709405848999,0.08028788961254635,0.06668975739516202,0.08724863854146554,0.01875395069502994,0.059273307587228624,0.06412956954334377,0.03911287813439217,0.01215316813707757,0.052226471779349866
23,0.045502352095523134,0.037427194404964885,0.12654236875947883,0.1178446256020334,0.0036446485691648675,0.059784289570682166,0.11601957412164533,0.03573568341345766,0.011361050113263858,0.033025155311399136,0.07385602103016284,0.06322570581805215,0.0014525081053056595,0.06697841352632085,0.006129355965980493,0.07147871887544578,0.050279389980873807,0.05700091907797209,0.01705720421960792,0.005654821438665177
24,0.012789882378333913,0.033479449656364006,0.0203180667494144,0.014792765117643682,0.5027026793989835,0.0062221889834618,0.02826852349832048,0.07668671126386224,0.012589398564387125,0.02813693241689045,0.010505913987931633,0.017612460688595878,0.06998665020729478,0.020138312808863412,0.0060818430342052055,0.027856625065170528,0.015030253056706579,0.017386609287680512,0.018477218382139882,0.06093751545375004
25,0.09165348147603596,0.04043454384014058,0.006826646040968536,0.009012692492710583,0.08228952505783911,0.029890963798113113,0.06950756611447707,0.041679411825107024,0.03289792540537123,0.06014161184623107,0.0559141216364227,0.10023023231324109,0.008148957560902172,0.05019847804837522,0.05968016736162331,0.07646115101040989,0.02765676008599413,0.057278143536519784,0.012878011126134388,0.08721960942338308
26,0.006160128249966492,0.02611887240690523,0.05880195715978154,0.024530146271708977,0.012218352552185396,0.0019621398500548675,0.028169954569268872,0.056534186704864875,0.0827709765712933,0.008433668878164165,0.03600190232658796,0.17511599979824657,0.030609092006421434,0.11248086509817444,0.06297241372272329,0.1336531934241604,0.11177551037960805,0.01821879446825323,0.008666759493467154,0.004805086068163747
27,0.0066616368865085405,0.05100612953267428,0.038047284980924544,0.010700059301328821,0.15396827476486327,0.00533316752356408,0.05048243759101064,0.013560957046705681,0.01157113645034826,0.004989305902168209,0.010171970241075268,0.012218097538690156,0.008791339558385462,0.018547227596686686,0.005925758376539379,0.00892908851134645,0.008878109193605021,0.005920156052505992,0.01252064237910014,0.5617772205719691
28,0.03259227008375128,0.011639380997297841,0.011517585899613346,0.0367235054812218,0.02418168556649857,0.0061509949693836245,0.04312620890551308,0.04815803719216051,0.4409946970520624,0.0036569210460150373,0.009759271143967208,0.02518835130633069,0.00752635653906256,0.023762618956192277,0.15882629538876977,0.011570983234286103,0.06080565391243269,0.007314629935847077,0.011258370175280643,0.02524618221431351
29,0.06440228338533945,0.03958143672549703,0.003975887313423412,0.014124905101122841,0.0059414287485862975,0.04837869791117815,0.0776939071544799,0.06279604461196392,0.1338238355772189,0.04893606164015888,0.051548914828133584,0.04588082276144753,0.002632218373359943,0.06715705061586016,0.14351955468197544,0.055446911147329775,0.06482113130208968,0.0626562738542547,0.0024651197184037237,0.004217514548176728
30,0.20099202529219948,0.07606483679866745,0.019563903992012036,0.00660182226077357,0.013776250954400103,0.02249901114521832,0.0541098599625824,0.032041395685507804,0.007555370653853208,0.021599803809843162,0.022840556375931582,0.13535572282876351,0.012326935422198218,0.021373127815577576,0.007846916649111925,0.1804376550938209,0.13574174325041402,0.017561571559910873,0.004506080708053221,0.007205409741160601
31,0.2573543654326448,0.06221327393621612,0.03695865202628486,0.012868388439753213,0.00785867383929199,0.3621789648221669,0.024793602242175777,0.011042054169483761,0.010910487596372354,0.00440485750794384,0.008161219185271872,0.04429424844525199,0.005794993075587909,0.03864730650413659,0.0042749656029392145,0.07465582044463165,0.006742370752425507,0.007005434743212731,0.008327560278336822,0.011512760955872108
32,0.013535723863192288,0.12714495363250197,0.016609468159628948,0.011752875892261708,0.03855420358707129,0.005589837681180489,0.012062080217741055,0.3683558563405398,0.013693024253376276,0.005711864769910535,0.014443792557977482,0.03381244857365883,0.009018597899518815,0.019796065382428705,0.004488394588877485,0.018426885235482332,0.06776131536026407,0.19592417758262845,0.009219925165779541,0.014098509255979903
33,0.030022147499437653,0.044655784478987756,0.014003937287893254,0.0044465661364678655,0.028002084234633903,0.008204049718484136,0.04024326735653533,0.025986591023295688,0.025801559406880063,0.06036483321694314,0.03535543753799793,0.027567379245142853,0.0025638394585144743,0.1079434327424964,0.0330922250210765,0.101335983882367,0.1267904944649979,0.039983935482221795,0.15476265229791206,0.08887379950771429
34,0.03633305729880594,0.011527909514054826,0.21661818954231113,0.48277712119402333,0.010930016054093201,0.038201051205484386,0.0119958596242604,0.013288358409093112,0.020279461862026515,0.0050347945271717095,0.01120090740284439,0.009165275809385372,0.004944753610009655,0.02367101206184111,0.005224731873822917,0.0048832233331169385,0.006106989606822778,0.06492716194449626,0.012441081013629408,0.010449044112706665
35,0.034176773264835474,0.08320924557819076,0.009354921228015234,0.009512092249994367,0.006422883580582693,0.0039885047553353155,0.006184928369043221,0.10862467229621903,0.009315003022967068,0.002900486629071111,0.01701176727172001,0.03162911608937271,0.07331775801187412,0.00822113117341843,0.0023148959070571746,0.01589066148892662,0.18459952542078148,0.3823218731331658,0.003416945891854636,0.007586814637574705
36,0.1583884201032728,0.07454598789902668,0.01929481411240489,0.10605717051097893,0.0248077564717184,0.029956927235962404,0.06415282120660992,0.011801154848015537,0.006355267743771933,0.04827649543329226,0.04245036384522802,0.05945170757442454,0.10278108163999154,0.02327608556766507,0.0236790427240132,0.0492658765773405,0.019685000002711332,0.053302885984013185,0.031825301782703194,0.05064583873685565
37,0.014324834816156137,0.02763565548665655,0.026965253368345248,0.015512539878124409,0.02017389330621782,0.03679567095091797,0.023520701860311247,0.05476199053899026,0.046929879810507766,0.012295572549823195,0.026932718329692757,0.027508084724572585,0.022023479781633597,0.01514000358492921,0.5196891649834149,0.0273691305560627,0.021871012597408018,0.012310329180174598,0.013805066133017343,0.03443501756304379
38,0.15360623990449376,0.01851249828658677,0.06409311972937519,0.20322327171908006,0.011263339563636308,0.0628357616037033,0.06311192110671064,0.051180781891249943,0.018557364632715793,0.030323086143493227,0.007723486323933286,0.06178913928199588,0.0013368087123758784,0.030214259771540606,0.0022525426758103055,0.04690329550554085,0.06727847169384975,0.061184289690207457,0.008084790533508567,0.03652553123019246
39,0.05232908093322236,0.003841296990672043,0.09701092841574803,0.15932151506101652,0.011253484521345178,0.04943608825769909,0.04201736342858134,0.06821115758683395,0.006701511326092208,0.046979123719613505,0.07146504568515431,0.045591765893193074,0.04759095444131605,0.06152062753697713,0.009308379287223365,0.04233892897871532,0.10142777229681817,0.05427713603526528,0.002250865164982325,0.02712697443953077
40,0.5354763048195066,0.00896341705384294,0.023373999704514932,0.009913601319214153,0.012353747616964759,0.023691253583575773,0.012974259918998926,0.009834657484127903,0.014046344247230058,0.003889983162603754,0.012774972638439797,0.011609962684168747,0.03179587741507303,0.02699575088245133,0.004411052042047636,0.17351049998670742,0.041683332692771136,0.0157044174859395,0.0169726162176363,0.010023949044185344
41,0.10018992890723773,0.03284226842902381,0.00375805840271839,0.005352875051402931,0.004043390391837299,0.008965522742504043,0.009456815253464063,0.14228344845515953,0.1586930838779735,0.02260439952639254,0.08475086357639383,0.007156630942964352,0.003196761176742794,0.0809053429405098,0.16011265882483194,0.0284968678214334,0.041925408247493766,0.09817423311861888,0.0025019318322550524,0.004589510481042332
42,0.0786886959887887,0.02268136684794133,0.041097279079655574,0.04086115580658261,0.007249795018990527,0.024314635916427928,0.06737174165602683,0.0928495271941936,0.0721689262286158,0.08523128180850548,0.05352558332680483,0.06868216863017064,0.0019102409207245174,0.05761230133028734,0.108564875096838,0.028560864970428132,0.047913984363516265,0.04738444605869865,0.01815546538526353,0.035175664371539704
43,0.24980643074770906,0.10097892426045788,0.0144898059814796,0.01665560363862191,0.0420494468614296,0.005766771256599405,0.023506892384848828,0.021873876795919442,0.051473518006892593,0.06281762147942296,0.055163710124795054,0.03843675780377496,0.002537755292140778,0.10868197909380867,0.02879730236527817,0.09606201885929767,0.012322789204430048,0.03392209103963548,0.006068196116761454,0.028588508686696462
44,0.00401348535984339,0.006582008575775996,0.004827197049182662,0.0066176893444082705,0.18094550718520672,0.0038780665430136183,0.06032612556130524,0.15447136006106063,0.010603813342369466,0.3079297133213846,0.10188769770861861,0.004837057565363256,0.019200710159336207,0.01601711613468582,0.0037934697243624895,0.0038219563455022753,0.012469380330363267,0.06934923610085753,0.009038515471044936,0.019389894116315053
45,0.07854227404582213,0.034652771763454514,0.04846838083417589,0.0619215557846352,0.029515949819563223,0.03794966543439842,0.10035141867428106,0.03358751411824339,0.08617465077293014,0.07199317350527255,0.049570035094148555,0.05253781705223048,0.0005738903357441108,0.07266491879002354,0.022299068471835715,0.0774841437806659,0.043352920225865,0.05540769369185962,0.009339659499191862,0.033612498305658704
46,0.042288435226377645,0.0502252320805056,0.14320771757364908,0.13771072046887697,0.026324267247524506,0.055121692069135315,0.06663120701887826,0.03812078217697165,0.016270281456329725,0.03387440919611695,0.024314104039128735,0.06953807655662568,0.0008169580324870431,0.09038318602618337,0.007647207517208201,0.09566585836278482,0.044839702890249813,0.031056661371309156,0.01152182432945945,0.01444167636019803
47,0.07281044944874791,0.07265895890265794,0.011841750710553527,0.01863275999955055,0.02617713729815366,0.21099976721851954,0.08762469291364534,0.004193196643709823,0.07648660192546587,0.018739576933572057,0.05700861528997791,0.15993289885330672,0.003949403802735031,0.062077013730337804,0.04583664103692019,0.045013337603731086,0.0050502205200020295,0.005330018874521161,0.005803585687896819,0.009833372605994995
48,0.049475263075802835,0.21562273404649873,0.0625551705121658,0.04711259918238645,0.0628224431212202,0.012452579618439737,0.03593319287333215,0.07163216282823723,0.01213535064063274,0.07179790614025773,0.050424763796648314,0.026181012284330188,0.006652616773980911,0.011063173417170944,0.03625565157780872,0.01626136677594166,0.05981601730004726,0.06542003891653231,0.043408332816918326,0.04297762430164776
49,0.05156824775567894,0.06687487882069904,0.02233250685693641,0.05582029267232212,0.06293766316507667,0.03821221305539891,0.014844630244888614,0.017168973375406356,0.08346031158620319,0.06504740747117069,0.04398216110763772,0.0814590132826828,0.03022921735296543,0.04985185571841001,0.03629249778585297,0.04789564033183479,0.06577378561030582,0.06514579972672094,0.035580325579289016,0.06552257850051955
50,0.05335493981376046,0.03716166845557866,0.10106846517005054,0.030646476646198347,0.034285219624069566,0.059973418049593996,0.08593703492459356,0.049769482342442904,0.01774542444923295,0.01769886808160422,0.04651711114492309,0.061872543900142,0.007929983769215599,0.03496816408410986,0.023301076332688297,0.08883959658368076,0.07716552329615554,0.09513946068246346,0.028720257168531306,0.047905285480964926
51,0.10478081550846878,0.0364517453779251,0.0227900310257679,0.047282925797340725,0.008445815113104101,0.14917814865471138,0.06812509342368062,0.0034584889002878265,0.026709839537948175,0.0409297595550228,0.07514965012764377,0.06503745526596277,0.0009391586021515416,0.07252669836538744,0.016919481766444183,0.18051583412595468,0.07016868185557354,0.004743532523582138,0.0033307200741690864,0.00251612439887344
52,0.005234093378853739,0.012527384437342613,0.017510976317537397,0.026266384892092817,0.013012092455091462,0.7488824856402934,0.034456528554155944,0.011530498112401097,0.011962961222383356,0.0037721385821879332,0.010889161429419985,0.010894556906471058,0.00635050824658177,0.015255807735021353,0.019695563197723295,0.0049080233272829985,0.005930263290982082,0.015386253721491347,0.012976185685478116,0.012558132867208359
53,0.020592405274037676,0.012741098101988297,0.004619534494359478,0.004961709014203368,0.22279749704164997,0.0018888541672689109,0.29489650580994214,0.011858180417264752,0.004057022725131918,0.001981124082850556,0.008661275604333126,0.0061296017492589346,0.001966490007256452,0.051232165198610846,0.021037322614026608,0.004783108521686496,0.003395124037803774,0.01996552600861196,0.10816155762148441,0.19427389750823035
54,0.26472880152661976,0.12832241984809367,0.006854190811599132,0.005233955181825127,0.005078415410538979,0.00923688122049911,0.0033350971838513764,0.008049128220096702,0.0049198114662740745,0.0018496446205030351,0.005120091693487637,0.005414740441016823,0.2345212260579786,0.0065727524427372916,0.002269860000780335,0.17801757854947453,0.11169190356069737,0.007694119284455324,0.006447005791945547,0.004642376687525586
55,0.023927483807993435,0.005667210895116794,0.006199654063550338,0.006188408916065818,0.0069624582645942965,0.01103533805067035,0.005439711294329433,0.015993979167128296,0.005146725836274448,0.01803341782254521,0.01125274867917779,0.005740286528253061,0.3183738142618307,0.006365703341300231,0.002786374765998309,0.0022352275493696403,0.028153705551161756,0.5097591252430962,0.00583915106748032,0.0048994748940635255
56,0.009336734822390707,0.009599650310486903,0.00820295130283745,0.0154692966637064,0.04288912466190557,0.006276027791084054,0.0075288700352795605,0.012601736356032634,0.014185689344099313,0.004654841477365029,0.014173607366256096,0.007649518512936689,0.0328429826892914,0.010890466822193901,0.003606572190772234,0.7322472519648648,0.010544438778526068,0.006334744316338557,0.012204807942243313,0.03876068665138921
57,0.0157295259654175,0.03620257657806475,0.01616588896917389,0.010976613322452212,0.0116517233058361,0.013796803026111052,0.011054025856105903,0.011339483900034702,0.018093616837006356,0.015249652946825275,0.011374248148133844,0.013309309264636283,0.008087001384921107,0.04800759171781653,0.6587737374811726,0.01885251028103251,0.04253927945534613,0.006261433478230661,0.01906057923182434,0.013474398849858273
58,0.005285368837531489,0.009199991946446625,0.00872008280731503,0.034702712491572564,0.011898618063908717,0.7892874343703614,0.008015849543539663,0.012216655175537008,0.00967235219261253,0.0037523737859301532,0.013489019728064247,0.010648541951871352,0.004152083913679601,0.009571154775805604,0.026948086923317446,0.004539029780856252,0.005162390713528943,0.011585229958723011,0.010013748210972099,0.011139274828426169
59,0.1636494104755653,0.08211829777160148,0.006906169652512891,0.006924181302405903,0.007821654808319378,0.03920015344870336,0.003404755421800798,0.016523712324625475,0.013985709062813025,0.0023000534665782195,0.006651230768548726,0.04353490235242375,0.0023737777553919635,0.005987050968079712,0.015408307807572283,0.2730679659495618,0.10725353668979391,0.18532843985477065,0.00545012912904919,0.012110560989882108
60,0.1614608363856433,0.11192592521082285,0.009654335096807817,0.02836747235093423,0.05797452835025885,0.044493845185220614,0.013807061979920888,0.02227226152571756,0.011727724808598444,0.004161373556822487,0.059030934190375896,0.0142805782523709,0.013556689950719012,0.00958249712001309,0.003171242308955975,0.20459098230026826,0.08677367152643965,0.10262238970992285,0.008424667001947689,0.03212098318823965
61,0.013405705970210235,0.011179079258717936,0.01455189439160892,0.05035119142316839,0.01016285987410115,0.016106844285937182,0.020239540844799852,0.01366511860784283,0.5421567167054793,0.005433861726605467,0.04957292455865912,0.0407573053968849,0.010925208480891686,0.032965973864283134,0.08299464543450709,0.006818842724395423,0.034432622648465534,0.022017722589497333,0.008287471095623422,0.013974470118321201
62,0.002745639792623254,0.006126729859960438,0.0074289330004232625,0.008426863346007446,0.2432483949822136,0.0033052873307835803,0.012997534338024195,0.16620743388205747,0.006665104599871647,0.46069185329101436,0.016931696405484392,0.004404899192213174,0.013701359024693681,0.006104502083505958,0.002904600237958615,0.003819233841958109,0.0023725369365505465,0.020574543641198265,0.006753091987678495,0.004589762225779518
63,0.1269199146538802,0.0717172672757137,0.02489695973350033,0.03868875873737936,0.008486842186944506,0.096126397865303,0.008213773633128047,0.011869532735799819,0.014294231048915234,0.038089285939689396,0.11721840058081391,0.012794410628808007,0.0014097907424838094,0.0947023492696586,0.07317841608312997,0.09981550504914515,0.06670270498693077,0.04981998040983352,0.029353925836672432,0.01570155260227022
64,0.006073604188548028,0.03798188166678101,0.009579604200628625,0.010583799918307813,0.08115560962733218,0.011111057917117856,0.006804094617341354,0.009676593305607264,0.009488040289332483,0.005381103138410054,0.015526250674353145,0.008795526805290528,0.0037625539520605537,0.007669274496672897,0.01579653181986186,0.003117817122378657,0.004749955647517097,0.005257405560166051,0.6728957981026754,0.074593496949617
65,0.005443477443621151,0.007728682742223724,0.010455986552433834,0.014607551531055012,0.033842323698710916,0.004943811131674674,0.009147930593842874,0.017552444301805657,0.009900533209417363,0.5289858052153747,0.24927454028839588,0.009826909847581826,0.0031464985350370747,0.01619141030582958,0.003774962586938565,0.022961789884259804,0.0058265386144725016,0.010889007822243625,0.02362492643802927,0.011874869257051933
66,0.16415962113851246,0.14420402584525346,0.007220129783861792,0.013390806879324185,0.009819086258738332,0.00962464245992365,0.00988605972358441,0.059056095998465,0.006872567453120135,0.006251216468701493,0.047660495145330904,0.0071055660899258044,0.002546242818700435,0.007000506896903353,0.0024362206081394097,0.0236833913943574,0.17432674639513093,0.27422884767225364,0.00798808833050216,0.022539642639271072
67,0.011372202436813573,0.009614228189069287,0.07536232988004847,0.686881835388053,0.011910746231140397,0.04070440143603702,0.008256414884013281,0.011386646452506023,0.04698064810319877,0.0036753751892347085,0.011010879023470694,0.007368078870906562,0.002981839381905486,0.009029779961233914,0.010191244944596979,0.01167380777695055,0.010936258999048697,0.010845026173943595,0.010787353801293411,0.009030902876535483
68,0.007445149986648941,0.010849144164544683,0.010422327830952875,0.01062163263158508,0.009356916786719955,0.0881623942671456,0.007372692967454604,0.06541898944470927,0.05363320429681546,0.003145684972058799,0.010350646292952357,0.00834221127393254,0.004406060724105957,0.009932678929294992,0.6489031667519912,0.011572457905610806,0.014746232033822684,0.006194529357325404,0.009925836369949507,0.009198043012379264
69,0.1253069340933338,0.015317607320489281,0.08302761056632449,0.018380255358219588,0.0043719285667581055,0.5607795332412736,0.002935836921101628,0.003826528857485323,0.0051149903523529236,0.0016719567617477025,0.005794968672715674,0.09930845176988437,0.0013043439750740696,0.00970857279121712,0.007636637461722856,0.034138345615996574,0.002001051204380332,0.007702652358547668,0.0064281998105870965,0.005243594300787824
70,0.0019217805976594182,0.027971069468634834,0.005350890657613584,0.005623905902195272,0.1839929736382131,0.004735391409314893,0.025371810908868243,0.05038736323334455,0.0026237301983665262,0.3145298798390863,0.13792065763960204,0.0041683609316190695,0.0009960562983835233,0.003401729181012775,0.001389429126537406,0.0034562062309245094,0.0014478381753117602,0.003962395068274978,0.013708433024637163,0.20704009847040003
71,0.018683195851842263,0.34481929108961806,0.00895441979415698,0.008395857455384402,0.0524906114841448,0.0027732889651759336,0.004024552621725677,0.07016840603731644,0.004586432693950364,0.21794247519574436,0.0699567150596345,0.005363613124454174,0.011072939323220366,0.008013407482719602,0.004510253909118012,0.0017869057879922096,0.058122118726538906,0.09280683575044252,0.0055129038529574785,0.010015775793862937
72,0.03441493211993477,0.07002129757611993,0.032327058301173696,0.21837479083950553,0.04096046047603056,0.07625178486573586,0.0995823872168527,0.03740827249611229,0.010740006793933372,0.03892419870010221,0.03325593981880173,0.04575703249789489,0.027586805567993544,0.05916883333512837,0.008368575377550595,0.02982250033696052,0.028608913455038715,0.025033022438945677,0.04075389766126534,0.04263929012491974
73,0.049693613557520895,0.07839429274947027,0.02126352658811153,0.014934519988373978,0.01628271846480381,0.007969542882601294,0.03228652584625403,0.022344016067525906,0.015593687228630256,0.0993274375263576,0.04478547574361857,0.01825430048648665,0.457960602395108,0.022167835547748767,0.006230886927872638,0.01621185339174734,0.026717022239023093,0.014194371941030307,0.01292421797658178,0.022463552451133444
74,0.03498635999639075,0.05321488102307361,0.00567031831562832,0.06698316179834986,0.10685274261347211,0.03146141110648288,0.07842757789452186,0.09887326381723516,0.0032066159145334523,0.0659418836824759,0.10395405079605248,0.018933623844095613,0.0020428272957038265,0.046586976207664686,0.003496684465757676,0.01935530677803896,0.029207158771718027,0.07374673235704952,0.02963626351069639,0.12742215981105892
75,0.006417080375318702,0.012926071725927466,0.014412712891229149,0.024292939584926943,0.010852401212565147,0.7577181380999999,0.012232395597190398,0.015067058712871664,0.011816586163179935,0.006072051925663665,0.012254879523601494,0.012045068799764838,0.004351224273191086,0.013897128597021788,0.023859911934962248,0.005948047809704331,0.006910163930388036,0.017213866262676066,0.01887931285625653,0.012832959723560645
76,0.03232510003629781,0.03421130694344018,0.004546071392174636,0.020859523797003943,0.08238793960530065,0.0026284351417457364,0.15174223772084916,0.018353755448254086,0.12496776761047917,0.05647838612307239,0.03683637893630195,0.013069680840475632,0.0018758592975489457,0.024432126063402334,0.188803750812921,0.04092510708361744,0.03609758537031885,0.019873044841227865,0.010520938112016712,0.09906500482355153
77,0.018179827982250256,0.1769505512587945,0.010183364435269517,0.008517675479745274,0.011459609244944692,0.04324019392216959,0.007675839125831132,0.057172236022934794,0.00893169087982597,0.08225680762672462,0.00945154751870901,0.0036198275953246424,0.002743802965770417,0.009468833046373568,0.004318373901486272,0.0028810167014904756,0.297790929558672,0.23070518457093644,0.009420287604042473,0.005032400558704402
78,0.05125994581783878,0.15526435130689165,0.015089337004601197,0.004901004096563481,0.015415437913870846,0.006495146635124598,0.0056762302873196785,0.23947494905518002,0.006795941502538845,0.048456165754277504,0.0978273353320893,0.004763263784512769,0.002426357014551794,0.006299935232100031,0.0024750205348202064,0.002311068055264207,0.07935951942952693,0.20693720157524326,0.005484063452845493,0.043287726214839374
79,0.008111068611511646,0.013673505615589105,0.7413053219797728,0.010592441897841684,0.011275294607880152,0.027143678569433387,0.008602352561419006,0.013741963107915532,0.016347930434381475,0.007169817318438912,0.01572422848754619,0.04883907608922613,0.0040954567554720295,0.0150092074974638,0.005104315149075188,0.004157870642146312,0.005052157630689203,0.010968534649748948,0.011125220859477796,0.02196055753497057
80,0.005412530660545883,0.008820546956321297,0.012575726843588913,0.012465059904837048,0.033687178138116204,0.0050539830737152056,0.02372483574045185,0.1426372916760592,0.014882760312108787,0.6196361795952833,0.029219446217330795,0.010566807761708069,0.02425431347509108,0.011872595617207816,0.004750872323994744,0.003284004352708842,0.004011502983995791,0.011437289047072445,0.011739535753507642,0.009967539566355052
81,0.007416881065767794,0.020824040276222568,0.01221384323038051,0.03971613790506534,0.011791486238686881,0.7240351717092242,0.011206796541916985,0.012224017873406313,0.014245914929865666,0.00490249585480334,0.01466965825546187,0.0137741488830826,0.005469773763849214,0.013462363846887572,0.018397976004086814,0.005732171485377585,0.007727309990280489,0.02598683232554955,0.024905377699825322,0.011297602120259435
82,0.199083053314897,0.4672613185139245,0.007410319550884178,0.012062537510620024,0.009399557293623885,0.00980657566544845,0.01010218275250723,0.00795311132659975,0.008662253801018803,0.0019643540162092078,0.007288960538442592,0.008386071096743964,0.002396034998355895,0.007614528401567187,0.032169138644225166,0.1147401954435922,0.04618258034605834,0.003845652612430732,0.02350533717611075,0.020166236996740142
83,0.0052440748392731116,0.023515694183879252,0.023254156286901872,0.01326419407941604,0.015013158815925829,0.7594409650580234,0.009960124296817743,0.010742945819692706,0.014603771857538732,0.005479078156818752,0.01755227448328095,0.008142116422447714,0.0051121240251513315,0.01538600389318334,0.004755185775345331,0.02036445721588217,0.01159272406020179,0.0065459729953649855,0.018050562704291014,0.011980415030563872
84,0.027300041387752935,0.027943902227191154,0.04963298202043148,0.017885259603312352,0.03160173520176097,0.02190464185061625,0.03452168890678924,0.05061207640193608,0.04723148484899925,0.023005273433506716,0.03535349573226087,0.02529039818042699,0.036268685688484646,0.035120183845752634,0.38419366448981157,0.041067309166774195,0.04445771931681483,0.01949572220971745,0.017456215691363016,0.02965751979629735
85,0.03084326325489164,0.040693785740696646,0.02386252801052495,0.017510305557883656,0.033451461234299006,0.4120363085156605,0.05069638749322971,0.034901054235197355,0.027500202273510955,0.014540888719251438,0.03213508726335702,0.041022993410173174,0.023123678575777292,0.026311202541381484,0.032717936497749574,0.022988962060217916,0.024798414048849242,0.013733416890506197,0.05404398877244775,0.0430881349043945
86,0.006397860421334529,0.019634369675261325,0.04633401871074832,0.01850812942673355,0.009511536782053201,0.7135559304634118,0.006058984743866156,0.016707707748440957,0.017844032648176498,0.00582618338311084,0.0235267463114086,0.014189333680774118,0.00294973745356612,0.01665228430528145,0.007942572955650701,0.032609970524320006,0.006064643669962814,0.012197647637342001,0.014186993077175459,0.009301316381381448
87,0.008468875291863654,0.022183938654795936,0.01962203732835653,0.01888542012710506,0.031048484374858742,0.018610384672405104,0.011802766150960382,0.018382656319433782,0.017038315004981236,0.03136136220946918,0.01521877648231064,0.021403513534907593,0.004582448040929934,0.013077203213297047,0.027922401092162524,0.0074325548512239464,0.008551310884521037,0.009651463473482053,0.677131693752777,0.017624394540158635
88,0.25992552493932075,0.1895493920162886,0.00479743836301036,0.007864539572578775,0.011574542232931672,0.12402202631727013,0.003632214553923683,0.012882657132126388,0.007812211417001754,0.0018485743869196484,0.0063846009660316685,0.025938661487615547,0.0008380620373226979,0.006412352094252634,0.0029865870253050326,0.28739414414347847,0.027948759639315545,0.0075392429982152976,0.00532901557325205,0.005319453103839247
89,0.003263911709406568,0.019730745307731872,0.003730088956781745,0.004387408981618504,0.14747481165305434,0.002091247570101853,0.016165525627019128,0.004379745344573132,0.0061333318026934106,0.007063369592894188,0.025913449717671927,0.005887383115621982,0.002666182033504116,0.3438139563431388,0.0012854969755030912,0.0021563721408624664,0.0021031916710037447,0.002036963677382046,0.075379688819341,0.3243371289600961
90,0.008510939981223329,0.07435718566970943,0.05003166250005098,0.02840069808615046,0.16653846445585774,0.004014126580562128,0.040743312941360355,0.008926452296062449,0.016858533191954777,0.03495082533208982,0.011263251614501826,0.03819863128522565,0.004436837628416896,0.011125418852776637,0.005254432470196222,0.009549210537940249,0.004104871925850924,0.045833173626791804,0.02917637996301022,0.4077255910602681
91,0.10947545945132957,0.10528050787970904,0.0025547036516565995,0.0027313433725836816,0.0029603583482904453,0.023018293016846002,0.0017844110794642465,0.22285475566391844,0.00357667569750553,0.0417690394445861,0.14181261146800409,0.0021829287562449315,0.0008288486023555904,0.0028400517488953226,0.0008037667339679835,0.08667958430724018,0.10868378544065865,0.13540786630059667,0.0030912277562889683,0.0016637812798579738
92,0.456107316510859,0.16658736808159433,0.014522842163057043,0.008530105023046448,0.005588188960277138,0.1767454755416764,0.004517503003738024,0.008345266640816456,0.009863533014044745,0.0021880269740640183,0.012585900707603102,0.0054999955146336175,0.0024614559601144007,0.008338214340788684,0.0024257572651055653,0.036669205443736544,0.012574301439041622,0.0493415044464762,0.010260114446976656,0.006847924522350027
93,0.037531453007399435,0.03869487587702591,0.003686989871032867,0.007133895917005592,0.0031067825966755195,0.1727796091534027,0.03713550793184435,0.018731393387634455,0.0053249390834736844,0.0013391892901173385,0.02293790077112708,0.022064454505053156,0.005590459478318161,0.020578165478694052,0.0014038177777752996,0.1751650823771148,0.3951565355620637,0.024044652775123913,0.0038745248534680257,0.003719770305649889
94,0.02320616528255272,0.04466063585927661,0.07775770770749679,0.010962687759912678,0.013397259525878521,0.02746418960770919,0.06289871553477923,0.12124260552466704,0.006217104645570005,0.09988840529645178,0.02998595237115752,0.1557906790074749,0.000757281326641352,0.0991359586703475,0.0006778413751907304,0.033809556378476324,0.02921422797782876,0.06620302287363657,0.049277813201812126,0.04745219007313966
95,0.05469609754173839,0.03936465480730973,0.0053382598348571154,0.0035442387445586533,0.006472667329286199,0.0703633883547649,0.012017770751349396,0.04629337879015181,0.04421364918789026,0.1059790061018863,0.030915846234037304,0.06931088223021216,0.05980749742355255,0.07681324707889178,0.17092327765848103,0.0822660698929981,0.07267977384765019,0.034471579484599474,0.0036203045294092226,0.010908410176375402
