site,A,C,D,E,F,G,H,I,K,L,M,N,P,Q,R,S,T,V,W,Y
0,0.011084192149204043,0.047944759551305324,0.01626513784233996,0.012927284066286706,0.010194472069389261,0.047107438504041275,0.03168047555146447,0.009076065047568428,0.12147994469930093,0.007994431987839822,0.012648063483608462,0.014883453107782454,0.03586198676505607,0.009080602751621291,0.5401505815810491,0.01825560284921641,0.010095964135106083,0.004200025704007823,0.01966833629242075,0.019401181861391285
1,0.022270490381347107,0.013393533251667167,0.01674466684057125,0.038658842790073346,0.016321665438100142,0.6397647154584465,0.035717752188170956,0.0162523380706767,0.013375795054912782,0.0073962987440488025,0.013275210786828985,0.017301216306912774,0.03863297930300227,0.02194353165395466,0.012552500339096514,0.009399350497263328,0.020944899784521565,0.016196204927665343,0.008056583186706183,0.021801424996033596
2,0.006794211864474317,0.028043440127098522,0.02814036214480372,0.008098624708715207,0.007249533535584183,0.8014676392136664,0.008155033308887333,0.009011945273537726,0.008017009256450831,0.0027236246051824966,0.007901587187026732,0.009119830097401263,0.003784496735167122,0.008762955292343312,0.005316786965586539,0.03419005620623336,0.004709506269151133,0.003960137479443313,0.005424455805431944,0.009128763923814549
3,0.060078182761985524,0.056323333725971494,0.009496300258712793,0.020754682283525967,0.010918021834544241,0.7011590202401253,0.009973469030853967,0.013140478271234395,0.015500098955719542,0.003761763387621467,0.009848735243551175,0.009058506048474243,0.00480073269963822,0.010106870925872308,0.01962535108805686,0.0035801282946857755,0.005396680893858756,0.012997273425028754,0.010728233365761416,0.012752137264777846
4,0.05955092822399859,0.05224671766870854,0.02395876064496153,0.03995998828868167,0.036132882992072256,0.022090112142953148,0.02843446471373066,0.05772477025109563,0.06490585642431532,0.04416380411002529,0.037302107730466896,0.06892543629687502,0.0036095704255811015,0.11742984602210385,0.07132266423282824,0.07781631722945453,0.07875355927393604,0.08481227298648171,0.007850405580882153,0.023009534760847813
5,0.1910296346466306,0.06436647595605494,0.003974391168517327,0.03389787631032092,0.00867125047064168,0.45857669779621046,0.0031179999046312057,0.0044949476445784045,0.0071249094119963585,0.001368651407548205,0.0049174487333279015,0.005398355983789211,0.0017625119314706205,0.005155093719264835,0.023009666091087348,0.16417765713969146,0.002675705599817586,0.00809673853357018,0.002776358266070438,0.005407629284780419
6,0.06023207365361112,0.05011423454179922,0.11118826731629583,0.10928047521770934,0.042293019918691985,0.009341469685941572,0.04374483715783164,0.03136453058273432,0.012160331754760646,0.03335818929639767,0.04938852886035145,0.044820621542397854,0.008091853207017248,0.09714322294487307,0.007345229154031011,0.04401973253984921,0.07069096730673408,0.05518998359962344,0.05876680164144233,0.061465630077906966
7,0.055233272703913816,0.0630681654930742,0.009770243084479173,0.009217797768867563,0.008229417745248324,0.0031819329110674478,0.007975233993008311,0.04614928280061303,0.006614650441935028,0.005075016107655783,0.0073946961080896614,0.006184118398022643,0.01587539752152786,0.007389809965110558,0.0023807002142810234,0.04564855854900201,0.6627015273149535,0.025695948257145232,0.00622907903927878,0.0059851515827260655
8,0.0343766578543857,0.1694952654010606,0.0020700111337496573,0.0026447930379574517,0.002104435617718777,0.0166618070564384,0.0019691211030276046,0.13829588530998516,0.002065366593956637,0.19638025706643564,0.01039874940767148,0.017493103028068443,0.08552506015892793,0.008444389040895327,0.001236260276747311,0.02679856940151654,0.11797552061804227,0.16247428732696964,0.0016221289469198488,0.001968331619525539
9,0.0035861670385590352,0.008662481118285506,0.006866128051387674,0.04813031021231095,0.007916579146268074,0.7683409411301305,0.006978717775923917,0.008053925246601121,0.020160102196027232,0.0028990985475873406,0.010511471601402441,0.011726202288736946,0.004070766866915327,0.021227074002164066,0.03956767230595839,0.0036303768752116816,0.005205555719845559,0.009949578870375645,0.0060092015366938,0.006507649469614813
10,0.04773356476374795,0.0856402248697378,0.055135642584509786,0.14478954712109188,0.015810791771379687,0.011223406617833814,0.04564276625176666,0.06679771238521612,0.029410657734265783,0.04348778211229336,0.04029457813829323,0.03196415388463438,0.000967387423025529,0.08980959202895554,0.027774130281807367,0.029609983907661716,0.017167025001731905,0.1264452906123926,0.06166941683538929,0.028626345674265627
11,0.04483142048786073,0.017385574413485743,0.006938871558135868,0.02061487436928692,0.026596844084585736,0.046219642786976704,0.05089251603406817,0.05069660198778243,0.14594676743462276,0.08626080172146919,0.10406301072419102,0.053527294372023956,0.0017471219194931287,0.08746380750375644,0.10587550244640094,0.04513035293758021,0.019748646328553797,0.06641162365280762,0.012474476664780125,0.007174248572138492
12,0.016350876403696226,0.03683343425708398,0.03250742558654666,0.021264144673021654,0.0435168316532357,0.014764541527366625,0.03046388780185115,0.022214911964594866,0.025844111827201175,0.040289965358728315,0.021843208101478377,0.028227215308865544,0.028720256727160002,0.025777847584480037,0.045076161570681506,0.039285306909200984,0.022629744804053983,0.007377418946916185,0.3234320458875207,0.17358066310631629
13,0.012452956954293645,0.01674052983823589,0.029835459078530874,0.034780772381238376,0.022795362847633352,0.004904779885555338,0.2018681284360571,0.06036313194769524,0.3913552451726977,0.008381103831734989,0.021237466047796413,0.037844616476157,0.007117163704967009,0.03040857316568059,0.025969063073027356,0.006980100156074597,0.03242702098162242,0.007245701684837088,0.013763391510514967,0.03352943282565003
14,0.06531994766250625,0.06062228042317563,0.028030430737296354,0.017530111060991803,0.031151013151923576,0.10466205168252243,0.054182314044387433,0.08686411720133483,0.051569785268637404,0.04566493266992018,0.07637383103762052,0.029212362171175062,0.0007836107166194583,0.04006592410851113,0.05855447393397806,0.07303381634407465,0.08057601172042103,0.03338925338208934,0.023163367295177966,0.03925036538763685
15,0.08383116285785204,0.06033732676236649,0.00994300702772689,0.12984012300908204,0.005711739676276381,0.041307988380789654,0.02557228278600098,0.011293572257551437,0.0967606470292395,0.04488946635550952,0.08866468616047586,0.05139800371170411,0.0006007334110117496,0.09872877417944625,0.10098992635626089,0.07737633198543592,0.057021735895301844,0.010944569976398335,0.0011526437031448029,0.0036352784784253133
16,0.0032307514789734343,0.02158152987526769,0.010500881535467547,0.007525262991420624,0.006489863298584193,0.0031505135994849562,0.00472631016213946,0.15829078180453524,0.00734434190380227,0.3706349259926266,0.17212528431825352,0.010452114550571762,0.01641705836636058,0.007885799743253956,0.00548476195655189,0.0027668938328029823,0.029618016703410473,0.14972081408371063,0.005793084714540461,0.00626100908824183
17,0.05907902526571495,0.08168573024952054,0.043597851029433976,0.006453982324490735,0.005354441204661879,0.04970413510708663,0.03936290914545605,0.04974512125451672,0.03856456221697456,0.038808915105449204,0.028749145950953393,0.2172669908705415,0.006725302152661243,0.04749344734549945,0.05741657098774407,0.12626637582218922,0.050171114235664414,0.03407774957419545,0.0055557247633184915,0.013920905393927568
18,0.07640232080431501,0.07573122524649861,0.03162585078241069,0.04420563691183938,0.03535618487710829,0.07000354499006513,0.08318940705213282,0.03708937364480686,0.05442858459239886,0.05611725746247141,0.04628608487614803,0.07031206847685625,0.003500316582120873,0.0639885459456766,0.05605522334438295,0.053906178998035896,0.05409945389469729,0.06586451378662647,0.012189392305208869,0.009648835426199692
19,0.008950967744227272,0.05393275811842642,0.005038343905986075,0.0051830126748751175,0.12001790281003855,0.003102439745452394,0.003480379751482876,0.09660644039269177,0.009560783313345401,0.29500391949338395,0.21303643514728088,0.004108944565330202,0.001752376935718903,0.11256716226311582,0.004569693270329962,0.0013984478801671591,0.011590361740848532,0.030141231449571957,0.0038462287733802753,0.016112170024346482
20,0.07343937625734384,0.04438633530209432,0.06803872752771377,0.0445805290072021,0.002159756345759268,0.07441599509635874,0.0678605202147177,0.021223776242393605,0.021310323268055546,0.026092810605624708,0.04975443205595856,0.03910557312816553,0.0845486839645901,0.08656176355984602,0.023268307379351448,0.10045772025911613,0.053539590760246177,0.10428333021558694,0.004715704794657066,0.01025674401521844
21,0.08029097944357959,0.009310984420621936,0.04291568882088198,0.02601831010239141,0.0022785425098816223,0.07697110084400106,0.056056874488990625,0.006361289871547211,0.075991310073161,0.01792019473825721,0.039035510927766075,0.07986139338401145,0.09746632615549823,0.10482362716130474,0.08593084737210573,0.11654506447489414,0.06146345902825426,0.013546550098035601,0.00396147838829592,0.003250467696520215
22,0.06462355361791165,0.057372427063976966,0.044526867685350115,0.04164035265822978,0.013088961742347532,0.06987304076873085,0.07038923611881365,0.05576852061960881,0.037235246004183986,0.046266844214541455,0.0565447294386834,0.06447406068652967,0.06829624516157595,0.09803565991547257,0.01822965989869348,0.05495492920536692,0.04719077059161306,0.03355057300097422,0.011496248308979082,0.046442073298416896
23,0.06441264252915817,0.06069616283638462,0.1707096852513706,0.09767121234536245,0.006206078945843191,0.03264897866290912,0.08479087955528022,0.012231889540249943,0.020926926767743045,0.025253424932904302,0.042684680091641426,0.11806106970523263,0.0035548066628999543,0.07724662045431795,0.016601253867196814,0.06385629223625235,0.032936288615504475,0.036280902821133325,0.018621100335718163,0.014609103842897243
24,0.01206063627168979,0.02101016618580821,0.023429269102034113,0.013246590579680612,0.46157773235523075,0.005874562048944857,0.1069845871872857,0.06441868180916292,0.011839330883168284,0.015634974284648665,0.009800039632009027,0.017078851711108144,0.02343935990312639,0.01774718536984716,0.0059013879345214725,0.028379399898193252,0.013466145883526182,0.025476990091708264,0.05370330670361826,0.06893080216468793
25,0.09897252584211486,0.07263743462193527,0.01065464719187828,0.021423153813754273,0.0501289831393216,0.014005660439973954,0.09763442857174277,0.05937032440785046,0.01436282046915796,0.07324021543040078,0.054834711600458476,0.1259704892476797,0.013217393094589329,0.029530645503077046,0.04532806910129162,0.07167757367026295,0.024340636297851728,0.045773113801042306,0.005083936397774386,0.0718132373578422
26,0.00521940681775794,0.034438063622720866,0.058283680917218805,0.008437756485187183,0.008673556018328669,0.0032388383870546648,0.055179294307193254,0.025397585938622767,0.11688983860909752,0.011565382052291743,0.05011327628931354,0.11832105299237929,0.07968872551303142,0.10410382463886644,0.06591440680195476,0.12748831859939863,0.09704105531659087,0.012257566032046627,0.009884455448204986,0.007863915212740085
27,0.0056234995110260545,0.03516946660521677,0.06276409125766803,0.010061523822404208,0.1550324715893387,0.005570177070745978,0.05016531213166667,0.013762792306430347,0.012377008093034715,0.004595119155290475,0.010693309352021138,0.014948162360484992,0.008844293414759424,0.018354828968226225,0.011116334554867813,0.007921701729401221,0.009146130684656455,0.00565353288141455,0.012575396153871947,0.5456248483574744
28,0.011852449465675348,0.011140008196236511,0.010517934485464554,0.04652652594318387,0.014477303998093362,0.01220357006165115,0.042318073890992625,0.03796896445131991,0.4020581295161871,0.0070391842506571795,0.009167102412832508,0.0181645961660231,0.007193854416806992,0.02993189278081802,0.18478516430959008,0.01516920927141017,0.07305151133896755,0.020011481468327433,0.011320153627802447,0.035102889947960104
29,0.06208495761352966,0.040756512618989625,0.004956851804378704,0.0416155311976156,0.01417582896400044,0.050978656954901086,0.051542050989134974,0.06728067661118131,0.16614053305627055,0.07253581811422485,0.0435366906008633,0.04311227961677731,0.0032855314062484155,0.06475952714404676,0.1577486899789379,0.05190743888440511,0.02044086078883638,0.03484904213348812,0.003139848660801192,0.005152672861368716
30,0.18880311080962123,0.04883656617829201,0.025288520665052515,0.005385012093549094,0.013412597047704717,0.024009319326791474,0.0864984839007834,0.04773257366927095,0.02363628328540481,0.016253075014178008,0.007978495872973189,0.11781289021665484,0.024625772072728803,0.008809873310681508,0.0418326070737721,0.19070165055131122,0.07931335972337322,0.028040074658574672,0.011189432610010224,0.009840301919272026
31,0.20421534118223686,0.046209410727837415,0.03849253801108676,0.012785558450091097,0.007798645284412203,0.38460338777756864,0.04285616200842924,0.011693664272254578,0.011494069057859983,0.00423982355638926,0.008696595069018428,0.06071886231396827,0.005843598211083697,0.020449540264487996,0.004417486950565549,0.09704544479176465,0.007037305078217188,0.010865652619672256,0.008470822805853647,0.01206609156720227
32,0.015183128973308676,0.12666902893133541,0.017969005299372284,0.01161107083785536,0.034739036535921426,0.006082132726844191,0.013569091200972931,0.4084189026462188,0.01504518343777424,0.0049137430554835266,0.015429886868719177,0.04741091980544752,0.007979033270263744,0.022160430603623996,0.004847829516303071,0.014956107568145518,0.08897247447464561,0.11878347051523376,0.01128083737799137,0.01397868635453944
33,0.029145085742620626,0.017650167838749755,0.005613688159990029,0.004345921062960308,0.040374398998181606,0.0035232922853785367,0.05772232181821198,0.010830127041446357,0.008213795706067924,0.1022992513168078,0.03626568393028108,0.030948312718801333,0.0027223758684863084,0.07406406335035583,0.041917267400529076,0.07788119688085263,0.1361897081489443,0.0626287218746094,0.2003643629725022,0.05730025688422292
34,0.01872313314062509,0.012701720776280553,0.1295743873623906,0.5147003002632288,0.023174044914237354,0.04955952242291192,0.013640616222812454,0.012864676018363398,0.028620409936419365,0.005301653025222346,0.05836132613202812,0.00987115927023899,0.005421311104641429,0.018957964910110134,0.005533775743015525,0.01980448690203555,0.006577830666510261,0.0428574914529889,0.013428867037022382,0.010325322698916924
35,0.027354750909364758,0.09708851459578982,0.008257587641044771,0.03535392134817971,0.005539041281293141,0.0068738208538507576,0.005319051815920509,0.12976719807530468,0.015870292531844774,0.004222529167542411,0.03631035834592122,0.006771084030088217,0.04889894578053495,0.006848415529763827,0.0020119096887006764,0.012705569048212254,0.22078159780632045,0.320310276078886,0.0029196538005523453,0.006795481670884699
36,0.14423673446283802,0.07509696909877636,0.011980596210296485,0.049408518811317775,0.054857139898457,0.020636161518075194,0.04142891282349208,0.016194785696645685,0.0067641800827061924,0.03975360221393421,0.03160774240305493,0.06480600405789616,0.05726943230797789,0.10879531030397598,0.016134911919966934,0.06009630243937232,0.07122640929903061,0.03914217268376769,0.028743855468488386,0.06182025829993007
37,0.015966630759767002,0.03227197369151064,0.026802759894054843,0.014002727600483121,0.024560340592713108,0.03033661260004937,0.02598736231990913,0.045751202974614436,0.03176583072404538,0.01150217578647978,0.0215782469655517,0.030283217025376383,0.02404521256230038,0.015154255493780841,0.5131716457748191,0.05277468137250658,0.03069535936725609,0.011800207745370746,0.013813651069635105,0.027735905679776244
38,0.10156351229030809,0.01088252576735765,0.17277921102374977,0.23675938743315464,0.011353796398979274,0.04193320288647566,0.05205196945723419,0.058087694171291664,0.026146027208391598,0.016609623051042466,0.007185699219086073,0.03503173952566672,0.0017068608401333656,0.03946331994234709,0.0025658950111140263,0.06286275676757726,0.0659467438151646,0.01959650623009797,0.02540222819228265,0.012071300768545205
39,0.03229541690285329,0.007627717278389444,0.11421451735552218,0.1501131548536614,0.0189604282898334,0.04245972505330115,0.039153305170285854,0.043131706589357,0.010291316623025352,0.051197916397728985,0.08389182244383567,0.047204641966733026,0.06757474242773272,0.07061054294083438,0.007322892287850057,0.033891495231932016,0.08613950898361468,0.06505472697551533,0.011231172462925258,0.01763324976506882
40,0.5012372074851488,0.01852053305871069,0.027513941069246293,0.008653216953958983,0.012313759672931534,0.023942200262179757,0.012147306599157293,0.018585172972600567,0.011759272440617743,0.003826038074166651,0.013017403397955027,0.010660167505703063,0.029205624846085375,0.012640072651479138,0.00437083504151143,0.18928563843036728,0.01623621741728217,0.05823380387221706,0.01643346996896607,0.01141811827971509
41,0.07736931462132686,0.0348815682585001,0.004139016149962763,0.00522559856432283,0.004399493930494875,0.0037765204900826674,0.010064634050747055,0.09510457350726262,0.23961949316240325,0.020794788454633065,0.020736896852636754,0.006721426346128898,0.0071478953996089774,0.0838128002784933,0.16128618324098093,0.047556186852846065,0.08543685713869294,0.08543912907648372,0.002289967403566686,0.004197656220825628
42,0.0745935030217571,0.03470215140954221,0.030851964912655513,0.11432996128662914,0.010719296421509875,0.011594859910227767,0.06706572555694543,0.05803600566248571,0.01933091034888055,0.08859758009746078,0.040230116853875286,0.07218825428740057,0.0011632826120137401,0.04555664958157093,0.10332025038523479,0.10415363914440329,0.04905237893060049,0.042659752851437985,0.008839441660002438,0.023014275065366404
43,0.2862253274382553,0.14609268764014258,0.009155756158059492,0.025954272015819062,0.02767514225683811,0.024315837777282245,0.04307599202068939,0.008441005250412649,0.036411130012648785,0.060780951271354536,0.06770082486690317,0.02720226615907217,0.004600945308674468,0.0350521812931083,0.03015707919990225,0.0661157161657235,0.009091983055651,0.024988643336666762,0.012735566028746806,0.05422669274404943
44,0.019466732334435483,0.01955659526309732,0.004907221211446148,0.0077108165579177325,0.14846395934424236,0.0037369709294227294,0.029296318193354834,0.20711091159999956,0.004985389944260454,0.30968269352739597,0.09007949435032818,0.004478565193145797,0.014020385559007642,0.016669211707891308,0.005328956483312833,0.0018431424353647237,0.006756248994974193,0.07159499289901494,0.009063917440445664,0.02524747603094215
45,0.058854636144833126,0.03437119636675995,0.03666105402802415,0.0756489890693096,0.03524675118975975,0.03923992905718064,0.13013724351662384,0.023552805737261324,0.08104287539702609,0.057319728502171576,0.045233296436762625,0.054924197480699787,0.0005291305191042987,0.09191309046633703,0.03854990795434684,0.07434788941005831,0.049320180439084205,0.033433765580520323,0.015146991810034103,0.024526340894102466
46,0.055376089287290584,0.07652136197267077,0.1457121040606455,0.14504126630681716,0.021134184982860873,0.056046184272865215,0.05410902805089737,0.0432693667987142,0.026647189697998983,0.030325287824965495,0.03375692207422618,0.05300920971510991,0.0009063648798220235,0.05599137740305767,0.020699952846476334,0.08990061586057299,0.036191838684658986,0.03284507680165662,0.007932969373733386,0.01458360910495973
47,0.05106226769021346,0.08730971879822376,0.011959913723573436,0.03427641844811924,0.03880588889438893,0.19747240703042776,0.06336945606990015,0.0037044805390159257,0.07184047635482561,0.013945555708052152,0.06625238510588213,0.16206706939327617,0.0012665300312294323,0.08721324440690066,0.047836488361358925,0.044954374887418984,0.0031175762997360185,0.0025424704789227225,0.0044910846320366056,0.0065121931464978845
48,0.0562570809873144,0.1398062410170303,0.028429928307442894,0.05541377545504756,0.09497140420036487,0.011107110752266053,0.06065589339991299,0.04084838579737523,0.012474006468940596,0.048953490205129846,0.0647819309576652,0.02102987736044232,0.01626058257030227,0.02243192432242252,0.04199421895535026,0.024546626747360814,0.050488818850806444,0.0889013935290746,0.03139421676672629,0.08925309334902458
49,0.057199763365554476,0.05337530070033043,0.04635984054883213,0.06348350674536271,0.06091169379813651,0.014018807188749986,0.01103954373267634,0.013450025639073555,0.054443210389179805,0.05305533662158298,0.04974265414501475,0.05741996430173137,0.037749837083250706,0.046237735395298254,0.03373876264699309,0.047650929816688004,0.0566638007399727,0.08269682585364549,0.0805269842795548,0.08023547700837187
50,0.06614155108273526,0.031161328212031048,0.09909751919425429,0.056986659938315816,0.022005508779974366,0.03711880651013578,0.0790520585301253,0.036073984291916245,0.01853205441362408,0.02490562360756274,0.03392254853268505,0.09524656464048746,0.007185241932963748,0.04335484657980167,0.022649233512511118,0.06552376792920207,0.0716094568573567,0.10429811314608507,0.02590850432405531,0.05922662798417684
51,0.08389933791847527,0.06994012030218476,0.03173387953340082,0.11938366665729436,0.016628428793287294,0.14181131972533742,0.03811861378246857,0.0027912145506817916,0.03399490188334874,0.051697414449438,0.03423827280445033,0.06014701278104236,0.0008815500669645473,0.044556474138557164,0.01985970543783899,0.18020861553442208,0.05801183601002888,0.005967928502118061,0.003501389717242046,0.002628317411418567
52,0.004732192055430339,0.013245805641020203,0.011265962595002179,0.038224511302802834,0.014199677691278237,0.7406445645257584,0.009153321591294705,0.012116921356417572,0.012330551463578816,0.004372547863072764,0.010813959409219495,0.011084547076282954,0.006310120500974809,0.016792831812004194,0.031354976157939765,0.004884712308190315,0.005411059824172103,0.02701303783531719,0.013174638933944926,0.012874060056298183
53,0.012753082642270212,0.004437971195792108,0.005420669248081968,0.005328383414504204,0.2114765177637352,0.0021222642712433602,0.3501081886576571,0.015707172123539507,0.0051363386373818746,0.0024964982172839554,0.008472665131077051,0.006355615785283278,0.003368073666770399,0.03352205718302554,0.018544996599631453,0.001886299006834307,0.007730919065686486,0.015849538521594524,0.15193940142293494,0.13734334744567264
54,0.28908941842452407,0.096646209603584,0.0034540729124837187,0.005570692317285122,0.0052142225320131195,0.012178873428106099,0.0038130280671678763,0.004529181566416027,0.005689489297003149,0.002076075279433826,0.0054048574760427745,0.0065405355299505115,0.21877047010230768,0.00651359841497009,0.0024250673019373826,0.1682516140384759,0.12051559736432318,0.03069454819458109,0.00781650761931324,0.004805940530081158
55,0.019677431672214744,0.025950740439237778,0.006604901239774643,0.00879122180614629,0.0066837518186253575,0.004490922696815355,0.005753632803527239,0.012104009632558616,0.005190164825537855,0.005508298843348834,0.02070945137218195,0.005211011713822691,0.33561737218547777,0.0061252663281872,0.00608939049876594,0.0020472826372147142,0.01659186600036476,0.4971214637555546,0.005367372576692929,0.004364447153950804
56,0.01537518257294444,0.009556913680561099,0.008311224471123112,0.015598614416210905,0.050180555699263635,0.006463315668905207,0.008156462570832017,0.012561796719630279,0.01341829317099062,0.00391361415333513,0.014257739991646909,0.0067466236447993825,0.038371828958822615,0.010875251254687978,0.003810315573924577,0.7187502009197433,0.006048396176220357,0.006105881332614781,0.012281955028967643,0.03921583399477612
57,0.017498369879387136,0.09704618733791881,0.0119422037552323,0.009302387797881053,0.010637567254665773,0.017594748513844127,0.009614214859299156,0.019508614389357314,0.008207396552621716,0.009102364255775219,0.026139407150358552,0.010161982651045724,0.016995100380228497,0.03695005948614617,0.5277510110334728,0.08705488127859519,0.031189392048630832,0.009397127732992802,0.03169688153001099,0.012210102112535972
58,0.008192012244796402,0.008782802169991952,0.009696280440674852,0.03411449546639906,0.011330902254363371,0.7649544114105588,0.00677719841735528,0.010871646427643105,0.009459857418167837,0.0035344113705945944,0.013848312898435047,0.011186035267417686,0.003491628426746951,0.009732911752042012,0.044394500073913074,0.007462060533318743,0.004567008949716219,0.01569048414474277,0.01075146616304517,0.011161574170077106
59,0.1228486992324458,0.04330416418460836,0.006260195263269217,0.007186120682312628,0.007371072342621382,0.0295742472327467,0.0033718108231409025,0.012858943302057628,0.006259854746748437,0.0028911940917318774,0.006900749629439707,0.04443567733128797,0.003939192641357607,0.006486270802094345,0.013642392970842047,0.2763911312658326,0.16866997722999277,0.2227071961805017,0.005764112501775952,0.009136997545192335
60,0.12666981362291604,0.14053684319203094,0.009347703917717614,0.025802575621250174,0.11956373688209364,0.028990497738118116,0.011280189486240044,0.020568464838468366,0.010047926776313955,0.0031960488864009404,0.03212913073382223,0.010862238647776303,0.015966782094424325,0.007818715481211939,0.0027433094856067347,0.28137666439935777,0.06910831578187471,0.05192715154701,0.00805403287364117,0.024009857993725046
61,0.022478219839372728,0.011422298273002809,0.014130029658977045,0.03148456765165656,0.00951480518420558,0.005739999696977259,0.02185240411047053,0.014563924151591913,0.5777124406766179,0.006183164620705831,0.039147011622646506,0.05967121644713437,0.012606186723256524,0.02524716061713473,0.07415148453207068,0.02156235651575208,0.02266207380598201,0.006711457033152193,0.008778549236664428,0.014380649602628335
62,0.002922626885323904,0.0074412967432580445,0.007416229924518467,0.008881302793742782,0.26597800270234245,0.0035652943677996307,0.008288407741563078,0.0956207029731866,0.00617767639262383,0.4753984340768058,0.012260035239729605,0.0043273947411997665,0.009099887013803687,0.006448799504244893,0.003020416461867833,0.006182789244949472,0.002558363218575249,0.06142002647188499,0.00822705361003671,0.00476525989254312
63,0.1409041301912876,0.06761902742970158,0.017237470851510825,0.07499881229521152,0.009480285733546779,0.08956642463353483,0.01378031775543667,0.004457486890084136,0.021941589332161955,0.022094422616167304,0.11183161176961237,0.009822984181047361,0.0006162589563913693,0.10103647941420618,0.06338093287502794,0.09314928265906897,0.04915131047979046,0.036514166165555625,0.04920537123386269,0.02321163453679381
64,0.005607750940927144,0.02656731175565006,0.017503549911147716,0.009794796298762572,0.0812162996253222,0.008046025882839026,0.005739065214811795,0.008808947883640584,0.009490787144948422,0.008328855355642177,0.0067142249424031915,0.007930320632956091,0.003672026412156659,0.00719118061159039,0.06450352955676837,0.003327807268830434,0.004639233695741401,0.0048939157622554606,0.6252617324542536,0.09076263864935265
65,0.005890551100944178,0.026194318909994685,0.012588845796258182,0.015599491436892881,0.03917277551376763,0.005023130035483187,0.009781998859970019,0.0183247386122488,0.009968309703490533,0.5757661491431808,0.1648285494027622,0.010132297599938054,0.0033143030232363644,0.017168858468446006,0.004632230176118192,0.035795257381496665,0.006515971859058567,0.009447077738808065,0.01847249923875071,0.011382645999154254
66,0.15768096374624657,0.23996617685238825,0.007311784269124044,0.008702059995880515,0.00846140625110671,0.004444333016679542,0.014046049945487022,0.013034661019461385,0.007191595933120212,0.008085360690839953,0.027540362386085288,0.007419379931763402,0.0022064376770720715,0.007027768889126152,0.0021728474076037493,0.018477621129092455,0.16950729249008523,0.2711407227659839,0.01523559203460521,0.01034758356824833
67,0.025980598767403943,0.009687779433465687,0.046988337658613454,0.6792814328165421,0.011894079943404893,0.029004098369076713,0.008366805938766006,0.012184098052709634,0.050279521589409425,0.004176288090368749,0.0108464606721257,0.00793582036279932,0.003140162817848228,0.019100316242595734,0.009531382825878388,0.011085381613489218,0.005238244722217838,0.026015756380982104,0.0212951270381389,0.007968306664164029
68,0.007630855981344874,0.011821812938021996,0.010746339334760983,0.01242887918456552,0.010130379337979991,0.06462217048009168,0.007791772293560921,0.0389896135433639,0.046100863112415014,0.003474337525017728,0.01129641279418782,0.008690409872937626,0.004527421090939973,0.01973251090886756,0.6837037737183,0.027366053605742895,0.005229466035628244,0.007244812267882024,0.00853756025531206,0.009934555719079087
69,0.11459128378404607,0.011992177789887206,0.034532567832245925,0.02380296674474046,0.0050607858640784814,0.6176372295491832,0.00324710825012334,0.0045100430319153775,0.005071596929410108,0.0018903582794084822,0.013124514467295751,0.05919254310694512,0.0013238399934192265,0.011378668916960415,0.01874924793857589,0.05038199036845944,0.0023722510033502525,0.008703018805426484,0.007333257920849756,0.005104549423678967
70,0.0019649866568512485,0.02168695728440374,0.011871230855931595,0.004933099407624967,0.16530850234816222,0.004593235165323651,0.046418326336946814,0.027890134154495486,0.002465402518311902,0.2978662815591994,0.1578538570591627,0.007633901152237887,0.0009069537517741569,0.002927029320027292,0.0013851542187915584,0.0034991801311319852,0.0013183497374339374,0.009508955599863395,0.03724937234122038,0.19271909040110569
71,0.04786434560913882,0.3341115111272309,0.009522936054378706,0.007611071458306726,0.047691648720983214,0.0026754544412067025,0.003827946511404194,0.05586395367326927,0.004834317540381454,0.20578480199993132,0.059183537556927124,0.004881589887272779,0.012267149715452867,0.009887182993077814,0.00903919334440127,0.0014294857016310092,0.05316956172380425,0.1207539414260867,0.005028597736518671,0.004571772778596186
72,0.022236426449704336,0.0582233537054115,0.11188089774389826,0.1943361752667763,0.04257248717147295,0.06308672446223389,0.0823256712475648,0.01781914830777215,0.009403615074390756,0.051044408436659396,0.03926582724166397,0.03419030578027125,0.0207864523078863,0.059016340243494565,0.01358327980562218,0.04723337709781902,0.042406633634312775,0.03563997939992647,0.014964708215107307,0.0399841884080118
73,0.017811965635066873,0.0948488705420766,0.020894745072313956,0.013663329162022666,0.01726651610149951,0.00862941075431189,0.03051723610684512,0.020667577822224704,0.015409563543028509,0.03008489488172745,0.09364684159601513,0.016631293618861245,0.44665373238991196,0.024218662371062863,0.0064244453557778325,0.015161066990789732,0.0701341856347393,0.0195566026365924,0.013153913608023444,0.024625146177108807
74,0.01507515722195864,0.05506081488263267,0.008074412170428832,0.021488577997133357,0.09226518959059803,0.04368279353083841,0.06808574127540296,0.08857480617283368,0.003630277378531763,0.09040346094066415,0.10638146301398506,0.047141159064533915,0.0025787410525957995,0.05089556691042747,0.003908086653412959,0.02418662593903074,0.03316180409528782,0.07310318879263307,0.029383601115087477,0.14291853220198317
75,0.005697492022573353,0.014847507772000756,0.014737152503481638,0.028822762322575045,0.011719346716392779,0.7281475253203964,0.011658033802182088,0.014588678936041637,0.011363934980372548,0.005817262574675865,0.011153586850749261,0.012186431620595229,0.0046036690279652745,0.012714359868079455,0.01943782062149861,0.005255250076220834,0.006478754137919736,0.022018895402875414,0.04500283585166568,0.013748699591738321
76,0.040500677844875516,0.046015008224592056,0.0038625455704591445,0.010282552044773546,0.05730395936653781,0.0020360367498371895,0.2503862072853158,0.0029241370757057167,0.09503161559568134,0.03673738244358035,0.030605123271846092,0.014153798008767884,0.001428861971774052,0.024106675812978613,0.16950541291516427,0.0372233286946572,0.042169919999218056,0.018715493625023432,0.01494425887374583,0.10206700462546603
77,0.019097683320924725,0.20600831525649224,0.022152081778587736,0.009219804487341382,0.012331885524354696,0.038417422037672296,0.008658144091343363,0.056505842619623034,0.009437670604640127,0.08580958201837972,0.009499029814393569,0.004199409675949743,0.0032475228814392494,0.01046097547923364,0.004027758658026135,0.003391118658713033,0.2182396910173813,0.2633640503060452,0.010534054748094417,0.005397957021364408
78,0.021241871876432533,0.18539046396518202,0.007586172206225083,0.004947556735970412,0.02112935629095925,0.005973107553566965,0.006354382024670053,0.23074978431283033,0.007062065263581797,0.05611060191348353,0.08758588425652172,0.005040810248974665,0.0028852543821575147,0.006463520895156205,0.002909865231400085,0.0024657969277425396,0.0696287739223332,0.21877380870879537,0.005760340677715941,0.051940582606300745
79,0.01954034610093933,0.012417470178150316,0.701299214171362,0.03265425056930075,0.010744934098733807,0.022621570201167993,0.011905574570087046,0.012898143033872756,0.016373153608124174,0.007133938658668998,0.015147776367694323,0.052647898303833575,0.004067930315494573,0.014905498078655202,0.004564777689447961,0.004260507738847647,0.004562412002208005,0.010014238452213988,0.011035380684321795,0.0312049851768757
80,0.004935792661196005,0.008599050265419919,0.011617591018211396,0.01195107677354987,0.03206902136169167,0.004877388995995485,0.03949086404609246,0.1937976165469605,0.01407473070131594,0.5239978123701858,0.06945148168737783,0.009430323058259528,0.009626563402264471,0.01107446085730328,0.010638636515233202,0.0026999732330585057,0.0036533508099946097,0.01923993195120986,0.010836886945717175,0.007937446798962494
81,0.023898270317273665,0.021837585988376984,0.012162036267013222,0.03015263433246211,0.011759020346973932,0.7183131773940082,0.01145785494753045,0.011354579345895661,0.016474709853080128,0.00498089301437319,0.015606298844963118,0.013395271280047546,0.005387919893846146,0.014211228452576552,0.02870540388863019,0.005554422602912302,0.007280484950921058,0.010727005435817649,0.024828356891020094,0.011912845952277828
82,0.24956632534141782,0.4500194891682885,0.007230302793202934,0.010246514603592752,0.006227876936173947,0.006749082875556474,0.009607434669185972,0.008045551523643607,0.00898428911378384,0.002044569283581131,0.007062984606244989,0.007937729576480049,0.0023552250546452,0.008090964662988726,0.015415682906127614,0.11357222158762584,0.02307533933793529,0.003671359256895849,0.013304678467463929,0.04679237823516555
83,0.012713505017528225,0.03804089082252525,0.032660844334386124,0.013592688813067673,0.014325430869934272,0.73078355860614,0.009398597452538725,0.010701250831503233,0.014350310096638653,0.005665195403629563,0.01720804010154799,0.007621600795395878,0.005125712065534142,0.016090636632674418,0.004391679171449004,0.012217614055735885,0.0051568500680712216,0.02119834112097953,0.019191736338560653,0.009565517402159631
84,0.02520977513331627,0.02278942380574927,0.03907949236701722,0.015377706321959644,0.03487461669989307,0.057429030291325865,0.0420465738667093,0.057208663439022374,0.050288004999920935,0.02778126522166521,0.029114773729366904,0.02244134357572733,0.03869326009171704,0.03427608749726803,0.3751998483653026,0.03138523501304061,0.03760139826881796,0.01582036382744442,0.01670371583456838,0.02667942165016759
85,0.015453837281371716,0.04144117439149867,0.02424842425113892,0.02607931345971017,0.03616056166677674,0.4221361962307311,0.04237647577825575,0.03784942276142279,0.027280688584725415,0.01585452413109885,0.02848111365903613,0.04137017755501632,0.024520119813401294,0.027896033431811223,0.038705326907448726,0.023197537059259792,0.026260755876957812,0.017046560718547984,0.044178423084754816,0.03946333335703578
86,0.013614423329061692,0.022174324712131533,0.04729666599873101,0.02032749731138311,0.009351899058892235,0.7071571240443775,0.005647497421558082,0.01604277520040204,0.019328162527556564,0.006189647161105973,0.022836500328113626,0.015059596478123367,0.0032695293212695853,0.018405308206834153,0.012357910700849793,0.01646809155746351,0.0059404333357415155,0.014706970864039852,0.014113856273152465,0.00971178616921263
87,0.00846926278387465,0.03182889513821735,0.020809037893469034,0.0187503727275529,0.015268498310606707,0.03235945836305258,0.013416900687829187,0.01978268610946275,0.01847231408010291,0.022419947609851797,0.015900357207642105,0.020910796719186473,0.0041163953940356645,0.012487794680283788,0.02202980848422095,0.007278885184726691,0.008631048511951064,0.009742669748102258,0.6799450949358459,0.01737977542998509
88,0.2323851588756969,0.24379999705797914,0.0054413201399316335,0.008379681685576948,0.006842383135374364,0.09911242515411159,0.003616952385858617,0.007054076417585213,0.00724064502451549,0.001847110266831907,0.007383640373558613,0.013728865644329168,0.0018364017692820646,0.0072797804377522654,0.004843564068199065,0.29242880237253965,0.04016577518666257,0.004046706404368128,0.006577988408980164,0.005988725190866485
89,0.0027832664110882064,0.04714963504023204,0.0054242635873534215,0.003894028022165419,0.08531228389728042,0.00197832715814725,0.01925342963991626,0.0036555383664440264,0.0050585224325069835,0.004319903029759489,0.009299533561005163,0.010979006007783895,0.002739550039895061,0.3939994281956179,0.0012425507051707348,0.0012805895441880836,0.0018264429376550432,0.0018428392550920798,0.1037998122926346,0.29416104987606395
90,0.008120431408143202,0.050453819968212556,0.05077655273776736,0.04848224323807384,0.05282616253902193,0.005403248507243399,0.02900874536523097,0.009425514641765522,0.024545745732092155,0.05186036600507001,0.03818755061452033,0.020021407600419844,0.004634183577125685,0.04825330491856276,0.005300763729176361,0.008811757208030985,0.004783878162719124,0.0562833180638909,0.023459213150696455,0.45936179283223666
91,0.1401697300105256,0.07120699154753683,0.006062710319785575,0.0033067459208738115,0.003967566481757109,0.01997948082788511,0.0020700838929352,0.13650861083176888,0.005385976983382723,0.05574530634906117,0.12573515426900134,0.0027324486842150706,0.0005356120241910435,0.003079052776899784,0.0010023057400055325,0.11854973185712958,0.14702843004689545,0.15120667290721398,0.0035963367836566503,0.0021310517452795435
92,0.5766900157214093,0.06588861064634825,0.009731895436290236,0.009659834933568779,0.006848010438730973,0.16873208020647293,0.005607297258830831,0.010534347003702357,0.011797199814795791,0.00321068735298253,0.014600985518477551,0.007193906139609277,0.005249934964977661,0.010069464754113333,0.003258340392970211,0.03920218997334046,0.009294189167129221,0.024474243166639202,0.009987957987835071,0.007968809121776077
93,0.1139540149755109,0.030752364399079066,0.0031470905938542457,0.006907080877366374,0.00248444834473142,0.15405442503523967,0.04586601312610549,0.031868510670495155,0.005169755758743516,0.0011742835361282017,0.015853920828763374,0.016364448917046262,0.001050854817165035,0.020373844977034344,0.0013500181208057822,0.16148972940558903,0.34956076688955434,0.030891681395445476,0.0038178959731955627,0.0038688513581467215
94,0.023083666208046482,0.05114404233317999,0.04901034349635063,0.014504343841011394,0.008596361737376304,0.018165880553847234,0.10667922267564593,0.1343901863690786,0.02227990686174005,0.10339311021557544,0.04078970557598523,0.12256021773353057,0.0018855720028898833,0.07250916689624692,0.0013956418523221128,0.02517076011439728,0.02870996965362288,0.08377018098056715,0.04818506592465093,0.043776654973934986
95,0.0473438548578987,0.034474971884392774,0.0015184901968650695,0.003212172608352652,0.03168604345206959,0.04714771505407974,0.011227206240768731,0.03136832186701474,0.06684888150943138,0.09219613503191097,0.05117428461277587,0.09307528064263343,0.06373843681090816,0.08985818613075376,0.1508189795704068,0.0654079872585292,0.08132651738560656,0.02653828919730944,0.009389759386777356,0.0016484863015150612
