site,A,C,D,E,F,G,H,I,K,L,M,N,P,Q,R,S,T,V,W,Y
0,0.014450876718537557,0.050257584775589566,0.03951444683832462,0.018288782278581536,0.014680082857569186,0.0268667978585151,0.03538324798100808,0.013494616779976482,0.06499947251362026,0.009556636852329086,0.014513974980192898,0.01927310979202067,0.049272006497509346,0.013677022161688998,0.5382047862726583,0.018797391327851087,0.01765507276143911,0.007668359093865126,0.019967619971969244,0.013478111686753712
1,0.018980211304508044,0.018366432929502005,0.019177792007394633,0.039120089999530684,0.02063609517585565,0.5441055083603454,0.03758221819715151,0.019596680313710122,0.018228866664363554,0.011178545977671064,0.015457358869663523,0.02195115873226081,0.038534468535046384,0.026499826123802864,0.06092938443824827,0.011932032679553345,0.02654812797447787,0.014117936832571183,0.010736822602935535,0.026320442281407497
2,0.010980753189366846,0.04119737155462213,0.09281090785315511,0.010546706780466947,0.008643935058273147,0.6833904093998359,0.011364674867155004,0.012133814242531118,0.011021477129282087,0.0036582578335366124,0.01042367988515681,0.012545547021031401,0.005836880676101714,0.01219084131704169,0.0037260747798589073,0.021056770347263283,0.006703319167714735,0.021771774838552308,0.007523843119838023,0.012472960939216285
3,0.12316610051105806,0.08951100654051011,0.011754685704991694,0.036748438550510826,0.013961334831447987,0.533897126505283,0.011633369497042826,0.018623192823558923,0.008068465141349993,0.004465693905315819,0.01129234517287679,0.012827386704194421,0.00565276841755156,0.013070505769452755,0.018751620004152283,0.008925423490911473,0.006049517114596841,0.03671697376132822,0.020224472062109762,0.014659573491756674
4,0.050220640895003645,0.06085347289647063,0.02779691662322467,0.036884251231884255,0.06715068243188632,0.033712107493741726,0.0694569729393783,0.06036126177681865,0.030108335561425163,0.05137768128474762,0.0374921585354872,0.08016588786039443,0.003246638217553678,0.07229246955532925,0.07331617000642598,0.08016036140809045,0.055313160161432555,0.053888877741074724,0.029299195549174577,0.026902757830456158
5,0.05766232910189336,0.03204701689390015,0.007760722184609201,0.042247162306876244,0.009182483722420101,0.6394171558174783,0.007005117761298736,0.009347870825480064,0.01300027238103175,0.0030482208302295795,0.008851126891399351,0.012293283950502906,0.003708210494477156,0.01088082526935269,0.00881458790385578,0.09023651117027191,0.005436517364753614,0.0055750939752588075,0.005388319031498631,0.02809717212341181
6,0.04726601837362685,0.06085126141200533,0.20227176539087963,0.19560840165431334,0.04719884760273612,0.010565716291655237,0.04093664173211622,0.00980534192559811,0.011507251346725209,0.015603480093303264,0.04139139421974172,0.026023152702650543,0.0019309528084690726,0.044020758119158857,0.006241638162501793,0.04386520520971967,0.033798686625430494,0.03470509321096008,0.062074621992446066,0.0643337711259624
7,0.0318631019366465,0.10358720538041016,0.012900756901500419,0.012655650398414901,0.011616068626342877,0.004225204905228982,0.013045770302448526,0.04407266755865928,0.010842588613312713,0.004022647768653139,0.009990922030990643,0.019005448488777468,0.011254519603865632,0.0134548573401004,0.0038452470748650326,0.006308726951071761,0.654364293160721,0.01226108783647289,0.010301131282566996,0.010382103838950668
8,0.024362022006718866,0.12993602952975464,0.004031765731414488,0.004472391767925974,0.004507428532353969,0.010562605423388941,0.003969502237175262,0.21691507212698843,0.004462846880415695,0.2597549165252008,0.008137207924384559,0.023979335059443933,0.029248211611506075,0.00954135497304384,0.0024616441096658556,0.0083200632592813,0.08340987734179693,0.1640803634939049,0.003516657527669129,0.004330703937966456
9,0.005635368032297838,0.01239489005377418,0.010844238662171359,0.046690492407040866,0.012320664308804066,0.7398546126304796,0.010866770264154488,0.01237354367983823,0.014941784209065643,0.004719850283017307,0.013551901820075265,0.016626178612479232,0.006425519897624407,0.014617099381068126,0.02503898059942767,0.011770354614700627,0.0077128852979303315,0.014897244647300181,0.009669696248737796,0.009047924350012908
10,0.023957827224282083,0.09711906811619002,0.0708784511334185,0.18428879125124956,0.032208705828795085,0.026372430970090892,0.026238746377528297,0.08393630566647847,0.01504588928260186,0.04049201619844326,0.03635033767666823,0.014285868468210654,0.0019270464764210183,0.05999541650891878,0.04116909358021786,0.028234794313140094,0.008423739006171159,0.09337138271522016,0.06070595564553586,0.054998133560418196
11,0.05921797775961989,0.008985868229778357,0.013641857996915955,0.02093707702422676,0.03346021687652269,0.028822652931925444,0.07519577988316938,0.061485169306817224,0.18273210266535844,0.14295549378221747,0.07760379186718415,0.04888533552676432,0.00372312848241543,0.042558536671300606,0.025677954858567744,0.03715509184245211,0.039179587375388646,0.08603157507767682,0.005310567593835634,0.006440234247862941
12,0.013571877487355487,0.02078772043702017,0.02495562993009094,0.018759504399332386,0.18511883795976727,0.015688117833970585,0.03024376764339628,0.020795508271935232,0.02349726392955342,0.018875464227957068,0.02140568765998072,0.029401577829818858,0.027188936160140294,0.021646442645908093,0.056783015434765584,0.01826216713983704,0.02520074973313655,0.005906845394232148,0.16395440331217873,0.2579564825696231
13,0.040219184437257936,0.04598991022445097,0.03187689201024073,0.03777531911748053,0.027419327094216663,0.022373334585712244,0.05688698945782994,0.055238277334522023,0.4116337627335921,0.013658166325115078,0.024954487782868257,0.028203288075008055,0.010326823074059754,0.03730697157331242,0.04168036790177388,0.011179297085083133,0.03196308486969806,0.01149346708983869,0.01902690858156135,0.04079414064637816
14,0.06785401521451613,0.029296345408061124,0.022651320358431683,0.022384140075910646,0.026826810819747273,0.10282863227246335,0.08668239913652634,0.08095763184530497,0.00670126778989145,0.07008847952638243,0.031324447963175156,0.08504352823079417,0.0009588671112533316,0.042064961247196754,0.018533433583283975,0.06354899417777501,0.07588042415074323,0.06418385281391122,0.024835668813746967,0.07735477946088481
15,0.09058155771370434,0.02405854085571801,0.018658765198202865,0.02819655651917631,0.016942766031550576,0.09946162029942643,0.040492250478678764,0.022439260491377865,0.1138520978990875,0.03495229768545923,0.05716519774855216,0.03652521212934697,0.0011937652093864319,0.08138895258803731,0.1267312608879464,0.10143315623043118,0.06863962494819897,0.027694229631963493,0.0021376345897301855,0.007455252864024999
16,0.003781870555927623,0.022403059983363203,0.010439829375426282,0.007565680197624165,0.0075068887358076195,0.0037012183110830457,0.005014418378271781,0.20486189201117627,0.008979427835775251,0.2474513759756218,0.15759940538554057,0.01105071886565905,0.02095710527985194,0.08589607014090091,0.011177337566298053,0.0027855783450188598,0.029574794364213102,0.14674652061349977,0.005987615758146702,0.006519192320794029
17,0.06753572346975291,0.0424096080067207,0.02323481163009038,0.010029464789688549,0.008399082016347799,0.030337262997486108,0.09467666439515288,0.05080631365288998,0.02147082331268405,0.030913458878738153,0.05214511201456256,0.21445881400830344,0.005051262267412225,0.021778496962466615,0.048748899665440146,0.12485899324766003,0.06919435899269326,0.050571016517681006,0.008338795254241506,0.025041037919987685
18,0.054557626598665365,0.057212123198561594,0.06274373137106681,0.061604660631038324,0.0629408449327194,0.04524122377231015,0.05818765055452542,0.04863898350048183,0.013800308297031915,0.1032197951716455,0.05878705513836529,0.0670603935313705,0.0030521715422821808,0.06611645227715675,0.04268579050387969,0.05007602677490628,0.05039148924992473,0.05801260635833838,0.015598895300207322,0.020072171295522526
19,0.019674573386951357,0.1572545086427656,0.005654871149653272,0.006142666585351478,0.05662085124532096,0.0033397129617229295,0.14093858926343003,0.11735684206032418,0.01012757053799881,0.1554104225576415,0.13370353106103045,0.003966082796335156,0.0019212355468318893,0.06322633921523409,0.002834746702377915,0.015117088281083312,0.009981706157204768,0.015116735320814548,0.0037160811803704256,0.07789584534755732
20,0.03490476288938263,0.14420223673688465,0.17891231182763692,0.02118057543884223,0.008040465187816377,0.04499980972374009,0.06140074186383265,0.0376564729255993,0.004256582692459826,0.041267378597019885,0.01755429146734953,0.05616690140800785,0.03278645774378904,0.033956795912345496,0.001430326930070859,0.05788376843121771,0.05579512979671378,0.14988413316272475,0.00776014693144847,0.009960710333117897
21,0.08412137673414027,0.04210405821056053,0.012695562676430076,0.011839347763293774,0.00865132411221536,0.12884549493937875,0.05640053020454147,0.018490067523036127,0.014149548606690113,0.08456703178209309,0.019429280331873595,0.06550734784714261,0.09092209193790791,0.02477840563205648,0.050373408424911975,0.12049016675179955,0.08372279054390376,0.053173699314881355,0.01473721913339077,0.015001247529752465
22,0.008989073007366172,0.08574546304899253,0.018743548160559384,0.01299494171713974,0.06999601340329244,0.01903462698931278,0.03094861013343517,0.12725804425064569,0.005892583871445458,0.08835386416658199,0.024520051104042317,0.02585520976796195,0.1309250636989101,0.036111093737324455,0.004614109753928846,0.011535286031900797,0.029967093499787704,0.06882241860811177,0.07992344486726986,0.11976946018199087
23,0.016743346577032355,0.10485550607766533,0.18746937080473566,0.12853983790203452,0.0347960813916406,0.027723618883852042,0.03593843803716014,0.059816590468001495,0.009155208088408376,0.015280370747729822,0.038522055367749615,0.07039057196850741,0.022264763713397424,0.09558401875087576,0.004463980839637825,0.04937123262482828,0.024181017277297646,0.04970125972038652,0.010308202340198755,0.014894528418860407
24,0.01639073968094097,0.024114929925289203,0.026293403086945586,0.019394562135099373,0.4221937526202083,0.009174074616832143,0.032339805281056684,0.07173685959846089,0.01640735150845159,0.01689058690519366,0.015635680640878478,0.019940218578714124,0.02981316635340653,0.02270150522418009,0.008779521181381329,0.021636290841334248,0.019740727855574854,0.015715443412738415,0.07250843090483781,0.11859294964847578
25,0.061347358762687064,0.03668300845083525,0.03034048832178801,0.011929002113750304,0.01643287180718526,0.027774335467396577,0.07418692144758347,0.07892100673372525,0.006677548046634632,0.07475593370795174,0.11767401901373813,0.10428839411068382,0.010265407452825925,0.02140033142211952,0.05097415414449836,0.07532248227258526,0.02535434890044301,0.0674897566231821,0.005882611753568551,0.10230001944681777
26,0.0025380869783346804,0.0357846578275289,0.035841590366718024,0.0045768003466767045,0.006960749617939787,0.0008735362011777722,0.008184372687403355,0.03818230409755577,0.03684734725714279,0.01817064737897053,0.08061309003852873,0.09795504293467568,0.09884306085360166,0.21207330006647304,0.046841708946192114,0.10793822092354596,0.13436038295782515,0.014511660445146193,0.006861888269646834,0.012041551804916365
27,0.005534668236758801,0.0337505204785999,0.021656848214646186,0.00903224556182681,0.46213633042274704,0.004944033561358803,0.049318137842529385,0.011877862473128697,0.011430884292837474,0.004133901728324577,0.01790893574105467,0.024090845229986065,0.007692251344250536,0.01667806430245432,0.010164805405778864,0.012170377710138581,0.007438360571799339,0.005120379009822909,0.010914957993180669,0.27400558987877643
28,0.023214416140184654,0.009512600621723613,0.00949324503819941,0.026508855583280377,0.006934881881614345,0.005630170673213956,0.10209948147526175,0.10056016555182141,0.21659446887182177,0.006189081824305246,0.00836090057900457,0.02697599852067596,0.006626217286730504,0.048331748340076926,0.23294570692331862,0.004640215718359717,0.05647931282484356,0.016929678857290974,0.009983729264902798,0.08198912402336982
29,0.013440947193532013,0.029153619316062054,0.010595814792392303,0.045939240049894345,0.02784926975252633,0.03142203654542391,0.015938063152980804,0.030659013104182793,0.22748973676868264,0.030515904634911273,0.01354221453137566,0.05731486499236756,0.007193340022953181,0.04294745320950447,0.20936303446530063,0.08669187239754428,0.07748823482766108,0.01821282486090017,0.012200594427792307,0.012041920954012202
30,0.2013109123709364,0.039252329658227815,0.031127636043921245,0.009176638048072647,0.017831468987961348,0.012226582996049166,0.10485955510463693,0.06109517172078597,0.012225542861466149,0.03505614744603968,0.020740890813681568,0.12604515611999212,0.012188334942791456,0.01195850182103802,0.013396105222319259,0.18178121530740685,0.07633161341298703,0.013896489572600439,0.008046120939083263,0.011453586610002656
31,0.20190948709325768,0.06923915945865836,0.022806939633034533,0.016458845798594263,0.010204042930819633,0.3524355644197926,0.03975538618614343,0.015258375970855966,0.017175804495479775,0.006177478321887352,0.012055723490966699,0.017051904542497148,0.009270545334798791,0.02819457354879052,0.019353302685408344,0.07816041119245279,0.01020416019479398,0.045242366850914574,0.01217006224778594,0.01687586560306763
32,0.023250125585284102,0.11084398319900769,0.022552350072048158,0.01713559186348146,0.01878600376950773,0.008219862788072555,0.01724442263085765,0.37797391489346355,0.018026957952784414,0.02197508261263079,0.019666993014294403,0.0373432805082689,0.010884621006846274,0.02623735880578318,0.007275063558372294,0.025261070196717215,0.10527646375282104,0.09725050745116612,0.015501646484150533,0.01929469985444191
33,0.02465842403484568,0.03465285352202717,0.008858701318054978,0.007085693139474594,0.017241120910253153,0.002922762189275813,0.04919137883472048,0.05832051246021951,0.018768653652966937,0.0667803909857426,0.0769043664506287,0.02622928223870636,0.0027836725021189563,0.10081212424157156,0.016521328194786487,0.15884178043114108,0.1419547355192717,0.06296243635362517,0.07796566718389886,0.04654411583667021
34,0.017820898680128063,0.01913872032761554,0.12886986375890375,0.519081257258241,0.016692167916517574,0.04140005492883188,0.017247687146934195,0.01881852879868407,0.034411675940892505,0.007904617113484268,0.03328689944679189,0.015448208873418044,0.008102725427940976,0.014444056987280941,0.007674667194176631,0.00908589334690894,0.010234722951595492,0.04680728871621287,0.017836521609189908,0.015693543576251603
35,0.04527590351781039,0.034156940705042306,0.01684223023144034,0.02765936599771751,0.01281527687781674,0.013725839211182728,0.011889330033572013,0.07840368544924951,0.014896007610634735,0.007682053487471812,0.02298807339906495,0.013770634039611627,0.016677573249635844,0.015466136800399056,0.0043894207457058,0.009836180154895886,0.12682789655184526,0.5059660500946358,0.00666441419674576,0.014066987645521832
36,0.06985880643638041,0.11636946562600865,0.02170760906400634,0.09694364129705427,0.023505365957901914,0.023810280858554002,0.036008299886911295,0.019407279297748336,0.014535706966158846,0.09039596002480413,0.03403086029395971,0.08837387787361624,0.08172614238636414,0.02378153178044597,0.01506825164964168,0.040498445633521056,0.06225451472996002,0.09277321534665565,0.013555302201835371,0.03539544268847199
37,0.02184612080375976,0.0288805853808884,0.031128337232637877,0.023632335157571117,0.02378066225300227,0.018138260350411422,0.03180844295609871,0.0413373009410579,0.047641427476700166,0.01408445503289485,0.03386949086341139,0.038882089911796126,0.028437177110699235,0.02222362704535015,0.47964123816840737,0.022779315951397556,0.029771491114472713,0.014304364717339845,0.01621614760176728,0.03159712993033583
38,0.0449635440170893,0.019987407837193827,0.15863558722791535,0.4235214557343401,0.021884998832256062,0.03198430150487615,0.027672637032629,0.021731133090860052,0.025806656044681676,0.00607698955500149,0.01646358887868386,0.04015934394664907,0.004476495189189792,0.03400563383333457,0.007150152218870207,0.03231342348254992,0.007849219704414096,0.04042777078041944,0.01932125779177003,0.015568403297276006
39,0.02159575454459271,0.010484603315844878,0.12006335411688074,0.3005036597842094,0.007931432939610041,0.03438794003002803,0.05624763133543493,0.05330526068323468,0.01996018533834632,0.046134574685799054,0.06671484556866276,0.02207194498823564,0.05538008294687575,0.020835561774214983,0.004005009051110274,0.04437873423760725,0.038243027324569225,0.06451766992902877,0.006611458511556505,0.006627268894158101
40,0.4874724821566813,0.013470879074881228,0.01872917504990267,0.013098096716322874,0.01674896644630296,0.029500869839343413,0.017860118777290962,0.014971280254893927,0.016803951387087443,0.005941445911277539,0.01798564897042172,0.016369167831447227,0.00761727543023853,0.017233591100445658,0.006685389963810644,0.16665750638442797,0.04554110631813929,0.04895038919984892,0.023847690837234342,0.01451496835000138
41,0.020415765058674696,0.005667036963912286,0.0036314270479661827,0.006012674923009623,0.0039774436484439615,0.0025318499834886344,0.0074486418659767675,0.07779412110454376,0.36682166600223626,0.03364050354563556,0.07327958590063069,0.005921988656224976,0.0023066382667079155,0.06575160886348358,0.09627975790867577,0.03718145578348297,0.08071047429508368,0.10352486720193303,0.0025508735313399798,0.00455161944854964
42,0.1375445324680505,0.038866479090346545,0.021742105194387882,0.020378406557844665,0.013954780729734575,0.021985648914999614,0.03592761976099657,0.08691264720055476,0.016015788574959576,0.10245429179688269,0.08431594556343829,0.0280651609480562,0.0010025876671906544,0.0591288748800284,0.08250818166362164,0.10091713058605714,0.07722343004397039,0.0511684926989883,0.00882426705539173,0.011063628604499838
43,0.49018714310585165,0.0651589760846335,0.01092207956935554,0.04145161013907923,0.015075385627971429,0.01807695414269079,0.053914731440757646,0.01946100497085076,0.02569753387013951,0.018824435789389082,0.019661878509930675,0.026129934167664345,0.014019445989631478,0.022371873985095676,0.017231582900388953,0.04955119933655821,0.024162069753516865,0.03669238610138531,0.014989023951506966,0.016420750563602326
44,0.009118836721056322,0.01374120365374648,0.01238134082760615,0.015508146595478025,0.04163304674026231,0.008943883227171259,0.051466825836673925,0.08476103855494786,0.011310138302879781,0.5093643246945782,0.05977191189952991,0.011476222031158419,0.023706558164582447,0.053021310920151464,0.004679292871851095,0.005275371548392051,0.01567806208253423,0.03627488616840553,0.020894863890818006,0.010992735268176635
45,0.07059165447629183,0.029633570316891813,0.03378442465250586,0.040668968722964806,0.022830760566190256,0.03878805918695515,0.059764274657786665,0.02902532383725491,0.09153965678906373,0.0914898375227687,0.051697075564892975,0.08891678745155089,0.0010275844155246234,0.0901622184616479,0.05811918208481171,0.06799675428230084,0.036487864793492045,0.02217159399796331,0.014207978000154244,0.06109643021898774
46,0.10558503207027091,0.06451347181523641,0.20476563101133075,0.036518814828646634,0.021425082629333878,0.03030381338979689,0.07643404044843946,0.04216179126459879,0.010815461313913624,0.010254428145811557,0.03185628530931869,0.03359559396833428,0.0020607454266875604,0.08632994579996994,0.0151491624816973,0.12676389921373254,0.06760674610238318,0.017128621824159702,0.00898696066365522,0.007744472292682684
47,0.05188165212078764,0.030213527735230707,0.009011972913413024,0.03315910481744831,0.008895788696866705,0.31641689758757185,0.025181405425161865,0.00977880986585358,0.04185572133243134,0.016963234319536485,0.09360833743252445,0.20974389789531828,0.003244195142642324,0.08000327692692588,0.02132761340347977,0.01443564813867392,0.004190936188409573,0.013066357627837932,0.010546251924469414,0.006475370505417014
48,0.013721682678842157,0.1791477108541386,0.02870655499711517,0.022302930645845064,0.1676717935767489,0.00534606792890906,0.054449761944218175,0.08991128649673799,0.012317817824547713,0.08528109356225712,0.03516010937131177,0.0281575600270927,0.03753905432092873,0.045158766704241474,0.00994260404457435,0.007792722871183499,0.021522662000162042,0.09437017748632957,0.022882383484132574,0.03861725918068335
49,0.042637744072920626,0.05660534639741494,0.03684635410693137,0.009102335116375747,0.11448563292603135,0.010957122309047286,0.010469041608928474,0.01394704082697623,0.20011706049813405,0.032054710390126466,0.0316179914470002,0.04119078583005229,0.006095064070582641,0.11675880070343637,0.03205880815260336,0.056332029869248734,0.04161008025494341,0.050197716967906175,0.027512662807899862,0.06940367164344041
50,0.017047967692429118,0.03374443823087615,0.1044857947556819,0.04658448280743481,0.008684504788268285,0.021162844963133337,0.12876494112946688,0.09390150845560723,0.01559499874181608,0.01830485209772898,0.012860213412039795,0.11059203254637338,0.007692948464687817,0.01659642691914727,0.004024477947418826,0.05445982001169309,0.0992876374649224,0.14974681666484344,0.0320317628905301,0.024431530015901124
51,0.14341827431288348,0.05999770275408037,0.019763457144973712,0.1525131628088486,0.006363861587820161,0.18900947011826205,0.012723873841265903,0.006264950467627219,0.04344664580621551,0.02099045251700265,0.021635243108081712,0.07137363729930404,0.0019578146179251355,0.02209562216638532,0.007366464995505836,0.16336045702278454,0.03005894444067813,0.014892319737492752,0.006877029389102688,0.005890615863760196
52,0.014306689050650587,0.015740941342925665,0.017043692581402668,0.04248491459096233,0.020012154463007,0.6831202792146279,0.014272739841735825,0.014941516811667947,0.015870348798152634,0.006228747237866341,0.015232401440457477,0.01615133048664822,0.008486895607834983,0.020668254193075244,0.03522294737835249,0.006860619273511172,0.008291756650966934,0.011227526353894022,0.018244346376998975,0.015591898305261571
53,0.011103091282062195,0.006854255472935154,0.017789718071785005,0.009311502757307737,0.10012773116745406,0.003771632245811744,0.35030972082510137,0.006423870365672357,0.006906284898180479,0.0022780538624331535,0.006408520456878436,0.006780742783584716,0.002767481447700545,0.013983828975886535,0.014223786789680008,0.003174663548556218,0.0031723738057529405,0.003836209252767771,0.07577286764114823,0.35500366434930136
54,0.3213171607002815,0.1297477202760036,0.009948170330274845,0.00868787697259658,0.009330762885409613,0.004048473459319877,0.006674742120486394,0.007323547163280008,0.009519751306469289,0.004215105441593245,0.008792725641269036,0.0056676182509785835,0.23012297277116706,0.011355230570440602,0.004167898278765216,0.1423350644315532,0.04658041003710331,0.020188766222900747,0.012238158570210876,0.007737844569896486
55,0.021626820319909184,0.01170342155371412,0.010880342183961014,0.008715790206827178,0.01023635023480135,0.020128705866404483,0.009015455718686194,0.018657395752209375,0.010252685354705212,0.021411817927880616,0.016083818699644124,0.009781051329319649,0.18554257754331055,0.012176492204657148,0.005281991503099921,0.0045259467446255594,0.006079244143236986,0.5999071375273335,0.010183752515598683,0.007809202670075055
56,0.006372241479282795,0.013387278556746362,0.01225007507976977,0.01966370213535338,0.03893703848397321,0.017488095171587115,0.011217925318995446,0.01651707528623125,0.01882934604745468,0.0056612955606527866,0.02180734979384658,0.010183185578508632,0.03368237475121641,0.014677997595546484,0.005643829442767239,0.6675109531574629,0.005967953812887338,0.008682828183864929,0.01736981968376259,0.05414963488009025
57,0.007526419165031308,0.08197242907079806,0.018587430744851627,0.016254180451757333,0.016687880735339108,0.01999136631989922,0.01444484142249714,0.016202668271321673,0.012593895737494766,0.030433133784028933,0.013817425422858876,0.016913180896888345,0.00958705360460481,0.025065651385641617,0.5934118726013238,0.02646553555095601,0.03140588021617308,0.008888643820773178,0.020992999878338296,0.01875751091942287
58,0.007805297730459692,0.012260507517336728,0.015587842767828925,0.022296835805442443,0.015488983128581591,0.7507667276982607,0.011004228398825507,0.016188133587117313,0.014995890717707641,0.00563579657370559,0.018354175340861305,0.014643125996233247,0.005696213277643063,0.012166365996077422,0.014719347462512411,0.006916637850322748,0.008245293033714138,0.01812877754860083,0.014354293443921444,0.014745526124847185
59,0.03777918423811511,0.07078722251789209,0.010250397536785565,0.012545550134016389,0.014019187768906292,0.022612932148503434,0.005732087897646376,0.016828131602027542,0.010312303459533306,0.00443084332205714,0.011322714970463868,0.04202315580152568,0.003934023878319135,0.011376260603939125,0.010744475860780568,0.30407229371637934,0.32768507614520426,0.057317233046865874,0.009290988152200422,0.01693593719883849
60,0.23921419340667943,0.042441083762364974,0.022602654616794036,0.1075984968808142,0.0416533651311317,0.017008476084197525,0.022796641703171285,0.03268335069107282,0.02345720892215407,0.008510854395008665,0.023021831923411968,0.02426417388142822,0.0171119517613131,0.01766488689458913,0.006851276083985314,0.24702149321779635,0.030926428313884015,0.02407613312746976,0.017612015886481223,0.0334834833162523
61,0.011116972692003133,0.015403451786656648,0.022701135840448472,0.0514576421490175,0.015885029832921442,0.009795523409377069,0.025464191872231468,0.01988299493705167,0.5494180642494704,0.008709035365330674,0.04517989023029034,0.03312349260465976,0.01589383856055066,0.06556859211412754,0.025127509039005902,0.010792914964044461,0.03242199710399062,0.009057933949646615,0.01381371610573412,0.019186073193441462
62,0.00533082864801289,0.01221429618397267,0.011927938889045427,0.014627985247800636,0.091614620565065,0.006590732562415786,0.02635239139892973,0.19272532942111992,0.01050510443569124,0.5094163979405226,0.010540943275975437,0.007261924447852408,0.013995566176637254,0.011186217821893038,0.004644375558933817,0.00443970716583438,0.004962878907646154,0.041357385776056986,0.01212963124483515,0.008175744331759535
63,0.11405967919079645,0.05316758880010688,0.031720921063304465,0.043459969657024235,0.039646802787027056,0.08951927651520844,0.0038547447144178476,0.07469549995980065,0.009631853399483992,0.040605010298058526,0.047118990513380775,0.009972963569510407,0.0009446372678783465,0.05016955240734184,0.05816086654396607,0.11831029033811077,0.0892902843811144,0.07513941933360718,0.025750464871343085,0.0247811843885186
64,0.007759696895186084,0.033023987265725634,0.011708292328923708,0.014963311502530354,0.14704080593418112,0.007957649102991977,0.009347354968324114,0.013843885564357018,0.011698146504676592,0.0055946493684726,0.009296935820072762,0.011457239961761874,0.005080459412630911,0.009783679263699739,0.04973971727041767,0.008284483106727207,0.006435601543849893,0.006454481758104254,0.5489117773467851,0.08161784508058144
65,0.009405286893235578,0.013194102960696895,0.01600100247078632,0.020705661122748888,0.024784476062031244,0.007193938530410492,0.014619560563707251,0.015527522890704694,0.015470974353806087,0.5711505081151649,0.1100385429754348,0.01577848663794098,0.016883141400113193,0.022927255671716672,0.006764416966714792,0.03464200540057032,0.009267087463107334,0.013500987559804353,0.04616572013665439,0.0159793218246508
66,0.2627250893344802,0.07132725401281428,0.010991891415799284,0.007787044380842579,0.012456383981967514,0.018369901193361425,0.01584216260112009,0.039077147173979365,0.010598140378405065,0.005666087437161163,0.024778334158380513,0.010841078975067125,0.004189344563149003,0.00914318695761132,0.003772941083402518,0.10701017465141296,0.09261859404024834,0.26570016342832264,0.011026027762416587,0.016079052470058013
67,0.014473696464386952,0.015505965176032825,0.10077996699322435,0.5959780944032371,0.01758148578434164,0.02450650664198077,0.011979423007581246,0.014059577772846648,0.05112505606056657,0.005887132704512067,0.013934899720286038,0.011050044203835338,0.005002735821002476,0.0132793704977447,0.014110294875509277,0.02282627334779773,0.014270993412706809,0.02816219226507242,0.013466923837684644,0.012019367009650369
68,0.01204949576824927,0.016793971082828017,0.017382528271690734,0.015588291530625454,0.013947133143050326,0.036209920431235186,0.012169183587640664,0.03026946589569796,0.04649270619705667,0.005787254582741493,0.01593241752752845,0.01381924723393658,0.0074647034656917,0.01613749635358906,0.6814072537778059,0.01421641177359848,0.008789777120597628,0.009930537131018557,0.012287628808769296,0.013324576316648677
69,0.12806422696942568,0.01728063376621719,0.0064355424359247605,0.036540766196853335,0.007411031743424988,0.6111952961227016,0.005324639876308126,0.007491594697800076,0.008613491443744457,0.003311424901206239,0.010619904924533746,0.05339554046237208,0.002359072195453805,0.008851470876436245,0.02572369580981828,0.03641895477962254,0.0036783342884736604,0.008045420083316938,0.010460684326619741,0.008778274099746457
70,0.0036748402013788393,0.024105690709221268,0.010423304538262493,0.009618198145006366,0.1509288290834605,0.008777295411979347,0.028372663706013084,0.033745943015024,0.005140881971764859,0.2968833039549267,0.12512643393300535,0.004874498599638832,0.002090700526040744,0.005782384599532144,0.0029477638534562032,0.010301255252345194,0.0026504128764265745,0.019963197596356414,0.0118480818861442,0.24274432014001696
71,0.030566818816281933,0.2683935752629794,0.01309743102547981,0.01205300912789666,0.017377859054013033,0.003969864033667119,0.006523684090318928,0.07554126227401052,0.007964923572591449,0.20331102171831053,0.22428908308618328,0.0071160430440899486,0.018718135660957095,0.0233673051546238,0.010540119050689361,0.0027963067391063305,0.013111586798507812,0.04649532307154238,0.008422787425344783,0.006343860993405781
72,0.04250923631789873,0.026534691508088383,0.020055607081268932,0.178444557366861,0.05270357690802141,0.05153429188102706,0.1257254538883348,0.0279222591834441,0.021555526642996967,0.02439863173914696,0.04476111516977947,0.031709682910557584,0.013426308328118626,0.0629544871797407,0.0038245491914770595,0.06668528701022781,0.08694037014826803,0.020487821295459015,0.03149922407323664,0.06632732217604671
73,0.04102488274188901,0.022062233737714234,0.029286247016285825,0.017990973744732783,0.025264665759494282,0.01294439755294344,0.056794542568698946,0.030045215979133105,0.021590072693377184,0.051951253950009685,0.02026849803781613,0.02449840046317374,0.43466963088713473,0.02700379381906801,0.010261239017113812,0.09099440370398326,0.019567741627160393,0.011250873004528062,0.021735367995535666,0.030795565700207687
74,0.026553286368539604,0.08501829947529928,0.018439033663165932,0.034420236432472405,0.09293185495523534,0.025072985367588504,0.04474820420000699,0.1477324235673611,0.0047576953871760995,0.07977595668006202,0.1173532924612065,0.014144787964905836,0.0034346328129180206,0.03744537072962424,0.002525528981661769,0.01292096662871721,0.015454307654763836,0.10132437700508597,0.021154791304000223,0.11479196836020908
75,0.007975231587624193,0.018045743946086885,0.018559632820086547,0.08070344576323568,0.016441132970316144,0.6391909150232572,0.015228377350240395,0.01797134850986346,0.015543478462876976,0.008630377488296252,0.01631890225853207,0.01665545157611964,0.006972665336156625,0.018345702923856674,0.02328131645622849,0.008280409566601109,0.009646759804027483,0.01978413659938096,0.023988139997062025,0.018436831560151235
76,0.029196308563039963,0.10624647081305404,0.007457521944806959,0.008012691529404037,0.03587247069063977,0.002226278812941166,0.25750809167831784,0.005389453432406403,0.11784839267558975,0.0416665261302749,0.041622649628916535,0.007048237178834608,0.003205637721421214,0.021166786185796753,0.16026415245626022,0.03824044126765971,0.025308576346995217,0.014246910647270088,0.013153438512064679,0.06431896378430611
77,0.020238552852656806,0.09981188886607854,0.014577047455777174,0.013219772100646395,0.013556288017058517,0.07251692359585318,0.011229872489406004,0.05387432896728533,0.014360917750486016,0.1263517322874868,0.013039891432217171,0.005980076162414282,0.0037408622860110353,0.013155909577108202,0.006505065397546488,0.004513666563396358,0.27733948064065544,0.2157551708007602,0.012697441522906722,0.007535111234249283
78,0.06865457208501936,0.1584525242275696,0.022523263269189336,0.0075748064916917515,0.035980235467634,0.006620507961782862,0.009048431771155177,0.08163844458441825,0.011192732111794137,0.11287426033862184,0.13958380177739466,0.008530498646564945,0.004562366491877849,0.010527061418567001,0.004454808272199328,0.008161426505264021,0.06847850177963258,0.21776865508374996,0.009034970950718656,0.014338130765154682
79,0.01668791640527166,0.017991043532039584,0.6585672830954612,0.029114541775294246,0.015963307973958785,0.028645815637168243,0.013378122311814712,0.018857210773395455,0.022169825337117477,0.01083675578431016,0.020471937897586043,0.0408446535444145,0.006264214765896043,0.02113158717098404,0.006952853485023243,0.006932824054022473,0.007618246425417284,0.015349778025108009,0.01631275266995954,0.025909329335757274
80,0.006378287030324559,0.010497975343748047,0.012972523687796262,0.014498843113689075,0.026852986869236928,0.005734501151873094,0.012626079613681387,0.13412797051059555,0.018157677596817984,0.4273814093806369,0.2137529336451584,0.012825218747128025,0.02315256743231057,0.016625870776154822,0.010364788377955113,0.004192518019617658,0.00470842233532413,0.019016999104520597,0.014508750302162258,0.011623676961268726
81,0.022787205235651954,0.028045855723400525,0.01680118116739018,0.03329100407834752,0.01513718146433252,0.6524915923783118,0.014570195093255285,0.01606252285600021,0.020005133949539816,0.006843240284292365,0.01986882653564554,0.01728574726880565,0.008241045749619447,0.01793078414860625,0.02961334986127327,0.00792616535264083,0.011287180441446441,0.01860641000880608,0.027464766957981897,0.015740611444652507
82,0.12843423810349286,0.5454256022711299,0.013202701557836292,0.01821461172328928,0.026099526845163923,0.021923323143637107,0.014988641821812353,0.013551102824546657,0.014291904357963767,0.0036096700624706586,0.012928077610290044,0.013153639601876637,0.004712553468562667,0.013862799615239205,0.047903502845690185,0.01759869412018858,0.021176343579395036,0.006964681602876547,0.02531876746846387,0.03663961737607439
83,0.0068566914160075685,0.04192879049453467,0.03229871233114005,0.016765074960581876,0.019400417766608637,0.6637891448124811,0.013339818308063203,0.014545238457662068,0.016979662295729513,0.00849673958529277,0.02075435120650005,0.011205592283447186,0.007128175086965169,0.01845286964612134,0.006695310052652933,0.039868191313079934,0.008564730872373048,0.017897026267510514,0.021597267659958515,0.013436195183289925
84,0.03134624817918882,0.031067262467703124,0.03913914201221212,0.02300695204186305,0.04155633966249168,0.030488362620392194,0.03207251869651965,0.048525929046046246,0.04434400789192948,0.031982059815036726,0.041314798623242506,0.02907151159462148,0.03980723705804139,0.03911172185914166,0.34617717419627886,0.027392197166853396,0.04565794434640472,0.023429862537529652,0.02281009833938915,0.03169863184511409
85,0.015548238430525288,0.04210509424929297,0.027934316560877612,0.04664232072338211,0.036960694497782796,0.292209824232964,0.046307537510063196,0.037078598709196074,0.03230456836667653,0.018875477073623064,0.03224925753029924,0.040838595538687274,0.02816246787476481,0.029814715798959897,0.08752309646171876,0.024743779962607473,0.027378321022447166,0.01566731309506227,0.07475724762452382,0.04289853473654569
86,0.0067591580195599296,0.010551158095651167,0.04332267043314284,0.025393162579745412,0.013232589044794938,0.6676412945383627,0.008316061155510729,0.024794406162259083,0.02295494819300425,0.00912245251645729,0.026714418549632264,0.021377920781937978,0.004563855550810498,0.022709388242649526,0.007858467083389603,0.035658197491086396,0.009027809109489665,0.0096421009624459,0.017898705443303735,0.012461236046766012
87,0.011075818386290934,0.025770452146233885,0.02507489478158857,0.02420770728689684,0.018067988403980308,0.02505258215237207,0.016312668246737678,0.025938609782124956,0.024899151848732693,0.045976064260704747,0.019129103932842458,0.025835426080993637,0.005845443815993481,0.016339506888116462,0.02399157686662884,0.01979583087522695,0.012306082039589277,0.01469215566951571,0.5974504694815782,0.022238467053852323
88,0.16691185420592056,0.17558863971558059,0.0198257178493545,0.0171085203327624,0.011251929577626734,0.03514096969652794,0.007643429415624789,0.03234908268176672,0.014752605858201233,0.004264273096155692,0.014106802708180245,0.01862048088450444,0.0020262139755447962,0.012754380424209923,0.012752930867499807,0.4088493874264399,0.013805979848819809,0.007627733877889929,0.011223932539280246,0.013395135018109707
89,0.007582320691649636,0.03524671357426032,0.00908286026508071,0.010386898397236524,0.06716396558923328,0.005626576684998409,0.020387350236397782,0.010170806710493674,0.013759557784818554,0.006558420566924955,0.012379514308354836,0.010362404571851303,0.007385731853866916,0.16466185508930598,0.007887958944378411,0.003813203227860896,0.005775861610347237,0.0052092766464502905,0.043940053828786435,0.5526186694177039
90,0.011998753529202655,0.039177786923849524,0.0469686824212656,0.025268508254458158,0.04659482153850635,0.008426290568675911,0.03637512909033586,0.015523842770742391,0.027463917238819305,0.0669219707182189,0.033710750433024995,0.05102802395050478,0.0062227150008183655,0.017728213176584608,0.011934978335480503,0.0066297218464067414,0.015225200623928107,0.022763892520428347,0.03173400506632638,0.4783027959924225
91,0.12252545822347076,0.11498972263849028,0.009923216550384618,0.005226195621621613,0.004947835751682675,0.10046769531756793,0.0032097239473644875,0.059173116939045,0.007549942548467071,0.058162835779808075,0.061909382296273886,0.0125681130818466,0.0008307653831085554,0.004780288852046383,0.0016315928549025334,0.08530292334513326,0.17704644436988032,0.160977535741164,0.0054732336133340685,0.003303977144407846
92,0.5512672903089835,0.08712399356107951,0.021525284657563096,0.015095097675259921,0.010551880409371696,0.0952404252607808,0.008198152961886427,0.015021256916533611,0.01643098344845073,0.004814921415907911,0.019237449500734093,0.010816934174126547,0.003688974314741839,0.014591649262002423,0.0045968437475976745,0.049286673364920076,0.009983199899135849,0.03160887152346197,0.017743393638912273,0.013176723958550011
93,0.02001388731625146,0.04728533179161958,0.00660146365957021,0.011264312205523536,0.0052172730166424605,0.08585876715421949,0.018108883710253976,0.07798187257416166,0.011882953953894203,0.002270949567101244,0.00764039995922507,0.017860557040515864,0.0028220294686151248,0.00968299944423013,0.0028006588992360235,0.09292290190514393,0.4522748148637025,0.10509216040615481,0.007857934514904321,0.014559848549034362
94,0.03752103355536939,0.062394801714378965,0.07438545087346833,0.004561341688177103,0.00340926629355086,0.011299056255108443,0.048299979178717714,0.20477709431065505,0.007407022763866745,0.15885486661696452,0.018277744077625824,0.0927820769063711,0.002407859381956891,0.10987476914376079,0.0017804382151792222,0.011186400413948446,0.017189932150866595,0.07903279553778322,0.023256468053451558,0.03130160286879921
95,0.05478816341800489,0.014811649314422328,0.0025240725571222147,0.00959764017528356,0.012986560063013061,0.02764651937200532,0.03165136810436814,0.02482371674609055,0.12336647951226992,0.1257427376204827,0.08227119505414446,0.10134933016043347,0.04677602472200091,0.061551681766281265,0.13461188671529561,0.06549096989160919,0.05244537422519742,0.02018225235127023,0.004215847096803043,0.003166531133901748
