site,A,C,D,E,F,G,H,I,K,L,M,N,P,Q,R,S,T,V,W,Y
0,0.021322544621410172,0.009915229874973112,0.03962002705202058,0.026491646347812637,0.017484486589556345,0.01581672401251352,0.009737151935214062,0.020814864987567076,0.12095144790677513,0.0054189900058410675,0.024284009152161584,0.034968973179112676,0.04260702499824169,0.019004876727778636,0.515684731222412,0.010644341878434318,0.023005903407310978,0.00874224329477817,0.012669917818519087,0.020814864987567076
1,0.03142492535533195,0.020227120905112517,0.024116951848403394,0.01004252545949594,0.02508162992233952,0.36404025286025427,0.1254081496116976,0.024116951848403394,0.017417798557180224,0.00908754707331142,0.01607796789893559,0.029859083240880387,0.15676018701462202,0.039190046753655505,0.008807995603162255,0.011611865704786815,0.03688474988579342,0.00521114165385936,0.009797511688413876,0.03483559711436045
2,0.006146203155714654,0.014828255811302286,0.10305180227788201,0.01462640750980196,0.012697650475542365,0.6877135201947578,0.01462640750980196,0.017507366564762955,0.014443577415929436,0.00439348362461732,0.014265261645362407,0.018341050686894525,0.006679110943782399,0.017776710665759306,0.004360325257639075,0.004821722824191879,0.008312850311326296,0.007921614448463203,0.009709968010708867,0.017776710665759306
3,0.13399941946010466,0.11382466470894759,0.015264779540774945,0.007261108741969527,0.018837387518403127,0.5249117851033739,0.015532582690613101,0.026039918040145493,0.011649437017959828,0.005147425659098527,0.015006054463812656,0.015264779540774945,0.007317001763346667,0.01844494194510306,0.016473969082782806,0.005207983608029098,0.007257026339056941,0.0111625168363486,0.008098343903434982,0.023298874035919653
4,0.052782112602079434,0.05798136493876073,0.01740435482724379,0.0396330746767762,0.08423707736385992,0.03455086736075063,0.07212688442360099,0.057179107059104915,0.03184082040059314,0.049229460797061,0.0448237972313354,0.0698784846313838,0.0038100307075643034,0.07751305345011501,0.06669291632759666,0.07841608554565117,0.05412049318888025,0.05283627718733573,0.029767026735691218,0.02517671054461567
5,0.0595744081771109,0.010569436191896224,0.009992921490520067,0.03951418350781488,0.012213570710635639,0.6545725452683072,0.009395054392796644,0.012781643766944276,0.019985842981040135,0.003511889341716318,0.012213570710635639,0.01593074440517692,0.004396885455828829,0.01485434275617848,0.0030873938069095647,0.07592816728455308,0.006743689349430721,0.005033135819428905,0.007477696353450391,0.022222878229625292
6,0.050841112132373606,0.06489807711159276,0.21626377595088955,0.2020222835298877,0.05566771851574438,0.02803268903056191,0.039269475852191774,0.0066219116142911625,0.00216218223488669,0.015456829554726936,0.04285752112588556,0.025584658509761306,0.002422720377204177,0.023636428683404365,0.004954775415622789,0.03728362628986585,0.05195653728136142,0.0321758185157861,0.04577496130963318,0.052116896964328585
7,0.0031906805031064025,0.05572789046390142,0.019587886205270712,0.020987020934218618,0.01703294452632236,0.005246755233554654,0.018081125727942196,0.011930861462468245,0.014509545337237563,0.0048365151124125216,0.015067604773285162,0.024380952077956874,0.006664859323781351,0.018081125727942196,0.004797033356392827,0.027507182503456348,0.6976134851842606,0.007681524002066946,0.014159917738749913,0.012915089805672996
8,0.012100099729393347,0.12904010464839338,0.004833655974484687,0.0056828117537860495,0.004570957280219214,0.007423110826897337,0.004205280697801676,0.23140411812419764,0.004621187580001842,0.24958160983971517,0.004796828325293777,0.023943171196561017,0.04145691605638657,0.003940220105617818,0.0011770780716255564,0.0029692443307589357,0.07773112425471253,0.18175210969536934,0.003822982452546978,0.0049473890562372665
9,0.006191020700392461,0.017072208598051936,0.014084572093392847,0.10730039025181637,0.013413878184183662,0.6648615104069721,0.013910688487301577,0.015023543566285701,0.020866032730952364,0.005007847855428568,0.018471569958547998,0.023474286822321413,0.007412932680733077,0.020120817276275495,0.003934836160373975,0.006550963764368767,0.008942585456122441,0.010370261799747803,0.011373911274036362,0.011616141932695131
10,0.020185970140135755,0.08545514199051145,0.056580029798817134,0.19312150854856647,0.0470600869353341,0.012765087098678556,0.020291248098154004,0.08700887184488437,0.0030911442146337033,0.03311635747301288,0.03776426729378662,0.013263547537329935,0.002143238671795558,0.07500764814214168,0.03956448226112223,0.030399062368166124,0.0033640872880073835,0.12546457344996734,0.061039387136079606,0.053314259708875225
11,0.04590042445875664,0.010356227989548227,0.01827569645214393,0.0017401872077858547,0.010022156118917639,0.02061988298762606,0.07966772972491887,0.056578947222144675,0.18091158393800846,0.14848557042719857,0.11052336957620783,0.04783452372432108,0.0037432149359812863,0.028904158258342,0.016637702046647804,0.049275455668959335,0.02049435581370494,0.1356571249185925,0.005974746917047053,0.008396941613147212
12,0.01536749687377494,0.008565661743897257,0.04302899124656983,0.023904995136983243,0.19040655814853522,0.006944798759906484,0.05378623905821229,0.03073499374754988,0.03073499374754988,0.010898500480471167,0.026893119529106148,0.04302899124656983,0.04302899124656983,0.026893119529106148,0.03678172630351689,0.008274806008955738,0.03073499374754988,0.0058147285468337605,0.12616809721267258,0.23800819768566905
13,0.03256417564021246,0.08629506544656303,0.06934448719317805,0.034801534057672334,0.04160669231590683,0.005699546892589977,0.037824265741733476,0.08177171655292416,0.24391997472194435,0.011245051977272116,0.03467224359658902,0.01661162558831686,0.008668060899147257,0.021748490518053283,0.1158708779455242,0.008491161697123842,0.017836201669999503,0.009675974957187633,0.017336121798294513,0.10401673078976707
14,0.06409261318640178,0.03703534260642291,0.04053238462630486,0.03545263565743048,0.019942107557304647,0.11760932399269323,0.07889185407285351,0.05834490896765699,0.01139549003274551,0.07727227526966478,0.03506304625460157,0.10210359069339973,0.0008854181801846278,0.052419254150629334,0.016575258229448008,0.052138432659567316,0.02909610926907289,0.05976027280167245,0.034729112480748225,0.07666056931119705
15,0.10627069034766791,0.03150511389731957,0.01423268174299124,0.012039976295641465,0.01674433146234263,0.10245227206666296,0.025751632313422406,0.027502766653123168,0.10627069034766787,0.035610639040221694,0.06523312465537652,0.020332402489987484,0.0013948753025438282,0.07943822368181154,0.13470702206058915,0.1099878594429947,0.07335611878740582,0.029871060448253214,0.0027233279716331886,0.004575190992343756
16,0.004229723695732744,0.022672856139442518,0.013507827286372315,0.010736990919936967,0.009103100997337861,0.003988025198833731,0.005815870081632523,0.18446759144743707,0.009738201066919576,0.24690928484083532,0.1648332685309702,0.013958088195918057,0.0029488397854603512,0.07859657308151462,0.0029026966699811463,0.0035188457636768215,0.046592329798579475,0.16128114161046742,0.006979044097959027,0.007219700790992097
17,0.022538371664324066,0.04359069684528611,0.00281189860233135,0.011377237555840738,0.03935271242977217,0.037778603932581284,0.11698028992436629,0.0526242891525369,0.005652043600837824,0.05265601875558896,0.08586046348313929,0.2003930891112007,0.005417732169447972,0.048375041620988234,0.031167348244379566,0.11491129272613952,0.05323700044564698,0.05874112196834285,0.009481031296533948,0.007053716470715213
18,0.051923395160979526,0.0461805329959589,0.05570728630631405,0.06410660252040272,0.07350035984295765,0.04707265692883539,0.06485783356785689,0.04763591949037699,0.014863219409337656,0.10530414262885068,0.06352585280544586,0.051728194427291624,0.0017321000756490323,0.06840394961771765,0.04515295966371121,0.04649151301613369,0.06015268853806296,0.06537869017893802,0.007315098201839219,0.018967004623340257
19,0.004668312360523661,0.17387081750929956,0.005547438802081972,0.006036918696383322,0.04915194264205199,0.0032071130574536405,0.14952890305799763,0.1210445176266191,0.018420908233417684,0.14300625278013968,0.12062756266905385,0.0043671326739794245,0.0017394511498053642,0.0690784058753163,0.0014454594061762884,0.014710221682801165,0.0012136911338860104,0.044163087322218096,0.0038010228829080187,0.06437084043788735
20,0.04165273812450547,0.12498379939447976,0.1962951204199591,0.025430946775055426,0.0035170458305927733,0.05510038467928676,0.05969208340256067,0.039794722268373786,0.0022619637457896727,0.03404449957541763,0.01430490756096868,0.050025349248299836,0.022744242759546306,0.04122280631871292,0.0007372326282573748,0.05847499043937031,0.0598216444754081,0.15761272826865755,0.008609435106138558,0.003673358978619118
21,0.0831323228501044,0.038203105328900554,0.00970929440738185,0.0059255538498850895,0.004444165387413816,0.11854383490606128,0.05412106588260912,0.01312025839578403,0.021086129564652903,0.07501700682765929,0.030613936256829396,0.05904116278102814,0.10245516785905516,0.028339758134893502,0.06391612117579192,0.11298535591533085,0.08788134846942659,0.0732447450117437,0.007484910126170639,0.010734756869277844
22,0.011579349283088207,0.09098060150997875,0.008784333938894499,0.011579349283088201,0.05878746559106319,0.020496779190753833,0.022813046348770787,0.11731709142076206,0.003336430921490091,0.0902152597976296,0.037270403921627525,0.01819612030199575,0.1559628825262255,0.027148814703789336,0.005599162651267089,0.010469000721696185,0.02423930715119216,0.05716234755345578,0.09670900975319964,0.1313532434300318
23,0.013860562453577039,0.08504743122127867,0.20740900335814136,0.11120515948634144,0.027231936105335534,0.07349900580720323,0.0101900148007062,0.03158904588218923,0.0024705871011499554,0.014666342731016427,0.03948630735273653,0.09871576838184133,0.01599445361123505,0.119028709818021,0.007098661995997579,0.04738356882328384,0.02596359935522402,0.03993504874679183,0.012149633031611236,0.017075159936318494
24,0.015434203728428676,0.011918403051883863,0.036013142033000246,0.017286308175840117,0.25403272158115947,0.006355260358764749,0.0617368149137147,0.0782270825345537,0.015434203728428676,0.0015151853885189324,0.01200438067766675,0.022745142336631736,0.04321577043960029,0.027009856524750183,0.006648580067630815,0.0029987047950814096,0.018006571016500127,0.005117049338997509,0.08745938265538422,0.27684123665346366
25,0.06136445707076883,0.06425717102661167,0.004260161199505141,0.006879698890816925,0.016317234548732452,0.012316880272269012,0.1308293472127104,0.1048142360424461,0.006390241799257711,0.06071387898315761,0.14207378174524252,0.07347305209061403,0.012727442948011312,0.013636546015726406,0.038038630663882744,0.06786276193019804,0.018560854299183166,0.07070801637784062,0.00480280865962691,0.0899727982233983
26,0.0018401721706446609,0.053971966597848316,0.03982078023377832,0.00645316991930795,0.0017889028675013704,0.0009407360249472809,0.007611431186876045,0.015354093945939604,0.03727979858576738,0.013487591249948977,0.06984607442074488,0.14248599181831953,0.09366933022943844,0.2077920714017161,0.03688084384186302,0.10485324522923088,0.14513801570207605,0.008053956255880467,0.002482497843610881,0.010249330474560076
27,0.0053140382278594155,0.015441580431424446,0.027708913616695526,0.009946789503429162,0.5755710066541054,0.0046737926582378,0.022624160162617316,0.013854456808347763,0.012122649707304292,0.003918432228623609,0.0156407526882963,0.013854456808347763,0.00791683246191301,0.019396239531686864,0.004973394751714581,0.004458905639468244,0.008081766471536196,0.004849059882921717,0.01175529668587083,0.2178974750795997
28,0.021895075846222977,0.012090018778958942,0.012506915978233389,0.02236142182395344,0.008060012519305963,0.006363167778399442,0.12042291715422641,0.10011735908806219,0.2126038946797005,0.0059030841742267835,0.010362873239107664,0.008818337275609036,0.00788479485584279,0.05610190721156639,0.23665400740309733,0.008986784862255702,0.04372749815743897,0.034737379948334535,0.012506915978233389,0.05789563324722423
29,0.008593295280499657,0.01987023496188,0.01317638609676614,0.003613170325434807,0.03122465494009714,0.022610957025587596,0.021960643494610237,0.08196471921775501,0.23235510355018618,0.026493646615840003,0.009178692720886842,0.07063557575465823,0.008784257397844093,0.046395579248450426,0.2226142182739978,0.07565974081638925,0.06918630384230517,0.013291576089365677,0.007750815351038906,0.014640428996406822
30,0.2531512776663782,0.022089307104169818,0.023770509353235263,0.011885254676617633,0.027732260912107808,0.007739235603378921,0.042479436738788096,0.06496855030638181,0.015847006235490176,0.04017102977909107,0.016639356547264686,0.1440606985054553,0.002338075262161088,0.016639356547264686,0.005640459846530401,0.19511946334239888,0.07179024808855189,0.009688292589548161,0.010735068740170764,0.017515112155015458
31,0.22016907650899523,0.15464173355373073,0.012423158650572145,0.022456126884196924,0.012667558755188008,0.2904656383151255,0.013723188651453675,0.019761391658093295,0.019001338132782014,0.006175434893154154,0.013723188651453675,0.020584782977180516,0.009148792434302453,0.04491225376839385,0.006500457782267531,0.06900555068577462,0.010739886770702877,0.019200378193671305,0.014115279755780925,0.020584782977180516
32,0.012776342092792835,0.1143604965395867,0.03273937661278163,0.02095320103218025,0.024867498598368076,0.009179557354017244,0.022775218513239402,0.3078457619730744,0.02619150129022531,0.006972343600831599,0.027476226592651476,0.03221709009089147,0.013095750645112656,0.047620911436773286,0.0069844003440600825,0.0068749026070667515,0.09536521266965602,0.1454259914412549,0.018708215207303792,0.02757000135813191
33,0.05701558253643171,0.026328579274062357,0.00959389178561361,0.00852790380943432,0.015906849978079347,0.003243005674010234,0.062244195566397445,0.06405481406460505,0.013014695436610373,0.05903573187740788,0.08351096238491658,0.013310321342257878,0.008942595348569489,0.12912619393970293,0.01783945791934132,0.12457999070328574,0.13446002987458328,0.053022833260264475,0.06852181529018796,0.047720549934238035
34,0.014467193324793253,0.025148391023295278,0.23566316691410527,0.42529020823655456,0.022100101202289786,0.004255100666460037,0.025148391023295278,0.026046547845555823,0.04022068592786884,0.008382797007765092,0.03898745358317923,0.018232583491889075,0.008893943166775158,0.02079655249078867,0.008376204548934939,0.008682182615185273,0.011220051379624044,0.010818784646742838,0.027011234802798628,0.02025842610209897
35,0.04474954742442023,0.058403746824324775,0.024294435085664166,0.0190884847101647,0.015719928584841524,0.004971540422655849,0.01603432715653835,0.07741892020898863,0.024294435085664166,0.0041917364339175076,0.008873411600790868,0.020042908945672934,0.02684688362085897,0.021097798890182037,0.005139207421967418,0.005074154163461502,0.12264786833108203,0.4730505925648624,0.008017163578269175,0.020042908945672934
36,0.07092467473587595,0.10013612641521318,0.02850731314862794,0.14184934947175187,0.01140513901800679,0.018132049428567047,0.02138048486147095,0.0315220776603893,0.015549443535615238,0.06784099322562046,0.03546233736793797,0.14184934947175187,0.06079257834503652,0.034208775778353524,0.0015376032812179719,0.013698585190677327,0.08105677112671536,0.09867780832817521,0.021094227975044573,0.004374311633951086
37,0.023848344923800283,0.06558294854045077,0.05829595425817846,0.023848344923800283,0.04035873756335432,0.0033394217567685332,0.05829595425817846,0.02772575488051481,0.010612078805525732,0.01873798529727165,0.04769668984760057,0.08744393138726769,0.04372196569363385,0.021860982846816923,0.30713662698568467,0.012988100849979266,0.0374759705945433,0.015898896615866853,0.020179368781677157,0.07495194118908659
38,0.06862996159112425,0.033676840227506576,0.21049207018635108,0.35508235121882276,0.035657830829124604,0.015336461187743322,0.017319517831289096,0.033676840227506576,0.011302356266208189,0.009950524776881976,0.022451226818337718,0.027553778367959927,0.004490245363667543,0.020908885354301035,0.00713156616582492,0.03085535533884015,0.03305930929161445,0.01933833337170361,0.02525763017062993,0.017828915414562302
39,0.015982993212551998,0.015608936554053593,0.10197448778273813,0.33699632649575695,0.011406530558731472,0.01945686924723153,0.01603079970416315,0.06546157172082315,0.007127347045105841,0.059520975110075175,0.07220026292737847,0.010591778375964938,0.06286705820749783,0.02550450846265837,0.00456261222349259,0.03347466735723911,0.04418656091155562,0.0790055238368225,0.009566767565387687,0.00847342270077195
40,0.48953706956799076,0.019453499739948938,0.023118560963276455,0.019916678305185818,0.024602955553464832,0.00879924574551318,0.02987501745777873,0.019916678305185818,0.028844844441993252,0.007149576827502601,0.030981499585844605,0.027883349627260145,0.012014993861523583,0.028844844441993252,0.008365004888178044,0.14187112892488105,0.0084617691491339,0.007089527689947036,0.04182502444089021,0.021448730482507804
41,0.012903065344018408,0.0011761548100104797,0.003284919671657032,0.004692742388081475,0.003649910746285591,0.0010677004616267416,0.010342117097527755,0.057684292126199944,0.5028887005873839,0.026252011810830724,0.04903164830726995,0.0059725812211946045,0.0010422921728702732,0.07106035986560862,0.07675226162388754,0.02331831292680871,0.06833035733969824,0.07429037622313628,0.0021540456863324803,0.004106149589571291
42,0.13406900262509047,0.03353237618147498,0.023981570968129994,0.02498080309180208,0.008882063321529628,0.023113268022529707,0.039428628718197814,0.10097503565528412,0.014988481855081247,0.10580104838880877,0.0685187741946571,0.03128030995843044,0.0008303446550825582,0.07362763016531138,0.08469652181804413,0.08789672832927026,0.06193043052209395,0.056031982017528306,0.0054503570382113615,0.019984642473441658
43,0.4315603856493991,0.07003028765571155,0.028770842244162993,0.06487016119686966,0.021851384093175885,0.009624286842365897,0.05602423012456924,0.02751655774696223,0.041274836620443345,0.009905960788906402,0.03377032087127183,0.026224107717883475,0.006292702024436284,0.06487016119686963,0.009648663106077664,0.04590457908316902,0.005178589559583351,0.005375234396988403,0.02007965024778325,0.021227058833370862
44,0.012646057540383653,0.020474569351097344,0.01686141005384487,0.023886997576280235,0.1358028233154203,0.011620701523595789,0.01852829088462753,0.07521598871981447,0.016537152168194003,0.5023679717873855,0.022049536224258676,0.015086524785019094,0.002639238007533531,0.026058542810487525,0.006213667936276383,0.005694913329444293,0.010486974545684005,0.030344183652653275,0.031849330101706985,0.015635125686292516
45,0.0757331180052459,0.027998033602175218,0.03157225065777205,0.028280511103441087,0.015686001912423746,0.04225771117611988,0.08554609823458414,0.02290748203814336,0.09418199831272314,0.09623936051390718,0.04418670756839652,0.08280918792016778,0.0011542816271057044,0.0951681980331981,0.06139059269926861,0.061870777929156656,0.041511354269764184,0.027803737740952638,0.013115240487887633,0.05058735616756659
46,0.08542975040213224,0.05408196144682675,0.1709439146449817,0.08065592545489572,0.006855459901710432,0.033061987490523116,0.0643579228424188,0.03369722213225359,0.00524814183047235,0.017612217708012655,0.06213672166231157,0.06127771172449114,0.0019335259375424451,0.08344074051796127,0.0070202546108861655,0.13902214287825462,0.05475798596491208,0.025811845235985485,0.008905937651710657,0.0037486299617170756
47,0.021501553954724625,0.07309825283088506,0.009217696441240911,0.012409912732072096,0.008664634654766457,0.2528644425122732,0.035379179987291356,0.00902566109871506,0.014951915351771943,0.030934997279528163,0.0472165747950693,0.2658118284759457,0.0028882115515888192,0.15549991965842824,0.020992165171904414,0.014951915351771943,0.003522209209254658,0.0034804611606566362,0.012034214798286744,0.005554252983824653
48,0.001246399763079634,0.26594611787831696,0.022162176489859752,0.023873134707839024,0.29549568653146324,0.002374374714068475,0.059099137306292654,0.06202316141472575,0.009727377128649616,0.03292857199146016,0.03258458136531928,0.03566704947171525,0.010700114841514579,0.009727377128649616,0.0034516499488756705,0.0066875717759466114,0.021400229683029154,0.062104828493136276,0.021400229683029154,0.021400229683029154
49,0.04393475211554355,0.06503020277008185,0.006747139255112189,0.009442454300354558,0.1011580931979051,0.008239560960151802,0.006262167674156032,0.006478104490506239,0.2391009475586848,0.03594948109237721,0.03131083837078015,0.034789820411977944,0.0059866068615729,0.10854423968537119,0.04406710585517206,0.03919450522905642,0.0674682584315013,0.07086506566463346,0.02846439851889104,0.046966257556170225
50,0.02988005040380714,0.03585068425705482,0.16051664391636064,0.03160171427103351,0.009070777984393428,0.02101591835758386,0.12898658886136125,0.11447181447014385,0.006439194620519504,0.01415002131538814,0.030780890523733943,0.09266668094513583,0.0015639777291801323,0.00653096014876327,0.0036604302244440355,0.06588708666738348,0.09532058912028708,0.12365888193013112,0.012898658886136123,0.01504843536715881
51,0.1859258851040871,0.06802166528198308,0.01038876342488469,0.13476847212662202,0.007324917883834498,0.20204221654240548,0.0076504697897826985,0.00782434410318685,0.01709339473375885,0.02255455217244702,0.03726404271969508,0.06592869096561435,0.0023580215105494617,0.024487799501513908,0.002195223976589246,0.15530852703980294,0.031053368933079233,0.0025822668201151214,0.008606778513505536,0.006620598856542718
52,0.008882584151799279,0.023558157967815477,0.02167350533039024,0.023123004883399006,0.0270918816629878,0.6402469749370913,0.017201194706658922,0.02408167258932248,0.02408167258932248,0.006902390232608356,0.020446703141877583,0.021248534637637484,0.010729458084351603,0.03612250888398374,0.010866898579199572,0.008209661109996302,0.010034030245551035,0.010550292032989869,0.028517770171566106,0.026431104061451507
53,0.0030892861190773744,0.006639659718614057,0.0082281082359876,0.008722690218571411,0.06025727426436609,0.0030262394635859995,0.2638217369133697,0.005703297450604383,0.006950893767924092,0.0018608168356466258,0.006355102873530597,0.0062655943823541095,0.0012564261068331818,0.004401669995918811,0.0015420297687777495,0.002632291131048177,0.0027630882058828693,0.005348924708249888,0.055709555451961094,0.5454253143876963
54,0.3111786701390119,0.12575963019690778,0.007287092960059609,0.011436652989473661,0.011436652989473661,0.006766820047074834,0.0077365593752321835,0.009070448922686008,0.011690800833684187,0.004242629334804745,0.010960125781578926,0.006338385994166127,0.20524006874922518,0.014613501042105233,0.004655628650582199,0.1596838049950332,0.06227016904910313,0.003266017626187801,0.016440188672368388,0.009926151651241291
55,0.0035931906189106385,0.014131360884754869,0.015807963023624087,0.014315593140914297,0.013715732623438547,0.006991981747933507,0.011805947068276219,0.0060020600227674754,0.011658372729922763,0.005087490168118211,0.025907494955383917,0.012435597578584283,0.24810000695044557,0.015544496973230348,0.006388149441053569,0.004378731541755028,0.007343856837746622,0.5532927810857214,0.013136194625265088,0.010362997982153567
56,0.0066859029648047765,0.020940347693884538,0.015705260770413405,0.03647673469257307,0.012641845619967309,0.01153855893336495,0.015077050339596873,0.02757997013340891,0.03141052154082681,0.007852630385206703,0.034266023499083795,0.013789985066704454,0.003348864668975286,0.0230771178667299,0.006771130392034523,0.6673698275123887,0.007741645178661496,0.012029561441167715,0.026297180824878263,0.01939984047532875
57,0.009496615312131081,0.06308630156383316,0.03292159974872109,0.02147060853177462,0.025990736643727176,0.02540468049508709,0.023515428391943635,0.02408897542589348,0.017636571293957726,0.004732133107947536,0.019752959849232653,0.026693188985449534,0.004332369443934287,0.007338259937824949,0.5850940277123061,0.02711146844065557,0.03248007605266657,0.011097168454625085,0.007828103563996635,0.0299287270442919
58,0.009623947962605354,0.01657457704670922,0.019889492456051063,0.012192882759484356,0.022099436062278963,0.7072831369281634,0.01420678032575076,0.02386739094726128,0.019889492456051063,0.00659320191913295,0.027752780171234052,0.02169762813387389,0.0065211450675577275,0.01956343520267318,0.004997158106080535,0.006858445674500368,0.008972703363632059,0.009143400259584806,0.020575337023501103,0.02169762813387389
59,0.06248389633601937,0.07276353890751754,0.012904610210843083,0.015055378579316929,0.015574529564810617,0.0017767824256977923,0.0061035318564798356,0.040318537378092975,0.011581060445628406,0.004562235933126343,0.013284157569985529,0.006451737207397387,0.003893632391202654,0.012207063712959675,0.003776987490975095,0.26624461943393246,0.38143783215853233,0.03803367603062049,0.011016130667792874,0.02053006169906854
60,0.1486819564695525,0.021198194278141375,0.022518112453588843,0.0335268669230604,0.1351086747215331,0.01413212951876092,0.027021734944306618,0.054043469888613235,0.02456521358573329,0.007110982880080689,0.027021734944306618,0.027021734944306618,0.016888584340191633,0.019301239245933296,0.005629528113397211,0.18786199846614032,0.1417253002787161,0.0021996223026791136,0.016888584340191633,0.06755433736076655
61,0.013016229551919525,0.020175155805475263,0.032280249288760415,0.005019584986040371,0.019214434100452635,0.009479060173460226,0.047470954836412387,0.029889119711815203,0.449725572270908,0.009494190967282476,0.037615877571740015,0.12047641839307861,0.021810979249162445,0.06554161908885814,0.0037451118245962847,0.012415480495677084,0.04906754119149841,0.010215268762265957,0.015519350619596358,0.02782780111100036
62,0.005592429896525709,0.014480398839218353,0.01559427567300438,0.019778105731615314,0.1469295125964287,0.006872053686408709,0.00754882441059459,0.18218366628546606,0.012871465634860756,0.46147152484866744,0.01228639901509436,0.00835981788655905,0.002122398034151326,0.01374410737281742,0.003631762325402686,0.003994592783232649,0.004855702604767831,0.053126224997303406,0.015016709907337552,0.009540027470543855
63,0.11103288870652964,0.0382241037847053,0.026798420588190135,0.04425175091998576,0.03595454762248843,0.08150191119873192,0.0038227664751131437,0.06275722270249454,0.0013055780881562331,0.03551926254231304,0.05307576077605436,0.005478788209141096,0.0009939192835294174,0.05002371843128825,0.056459794530119144,0.12099073069174729,0.10994595257533141,0.09556025946176325,0.033429894157471086,0.032872729254846564
64,0.00951068279275977,0.013805702914051688,0.015517429819765938,0.018819010632482095,0.14926158039928775,0.006738021498757819,0.011056168746583233,0.0166885565986162,0.0166885565986162,0.00898500249913589,0.011638072364824455,0.01499141524960438,0.005706409675655861,0.012116349311324088,0.004092598430015356,0.005393253047113772,0.007370779164388821,0.008587315531326783,0.5164853612427528,0.14654773348293704
65,0.009854992039810757,0.014689516436699052,0.020488009766974995,0.029944014274809607,0.051941512064655915,0.007864084557020706,0.01810568304988488,0.016564773854149995,0.017694190253296587,0.4542954683862929,0.21495781395941665,0.018536770741548806,0.005260434940169256,0.03707354148309761,0.0068293365889916646,0.009975081254142043,0.01052086988033851,0.006934838157827828,0.026842835779065176,0.02162623253180694
66,0.24481221161591057,0.14002110077233437,0.013630812971297852,0.01806015402226747,0.016252123158085895,0.004902035020430222,0.008451104042204666,0.02000301439604777,0.013204850065944795,0.0031486985191538147,0.0059403840009221555,0.013630812971297852,0.004225552021102333,0.012073005774578097,0.0041426980599042484,0.10799499793610896,0.08616165133437245,0.24653417680026657,0.01457086903828391,0.02223974747948597
67,0.005388564356503602,0.013370991374984471,0.11834108755059429,0.38374411149364507,0.01519430838066417,0.003376753654965386,0.010611897916654341,0.014856657083316082,0.3295775965430759,0.004369605024504729,0.013370991374984471,0.008913994249989645,0.003777116207622732,0.012155446704531336,0.013091304448845648,0.010826480592280021,0.006190273784715033,0.007091643645992318,0.01422445890955795,0.01152671670257282
68,0.016014006973790497,0.027833869263969198,0.023857602226259312,0.026568693388334237,0.021648564983087155,0.004580511549350314,0.017448097150547858,0.019741592541080044,0.01593141844131335,0.00671852016716498,0.026568693388334237,0.018555912842646134,0.008724048575273927,0.022481202097821274,0.6681997712624203,0.00692578376912182,0.01102851423666704,0.01343704033432996,0.02125495471066739,0.022481202097821274
69,0.11136337701158709,0.011698150678399381,0.02259061742534074,0.008164076656512573,0.010373831733674923,0.637868336878616,0.006319690596376677,0.009163551364746184,0.012083803997467495,0.003727546317862853,0.013745327047119275,0.05694718142637977,0.0027486006710517106,0.012083803997467495,0.0026800572021529415,0.03325382857014877,0.004416169332407799,0.0147188148203706,0.015272585607910304,0.010780648664407274
70,0.0041944430497533915,0.03149980831198888,0.009151512108552855,0.01220201614473714,0.17463969468598134,0.010324782891700659,0.005009017702006374,0.05982575208781887,0.005835746851830807,0.29036308247750925,0.12086010522791688,0.005671359616567967,0.002108201742284428,0.006942526427178029,0.003050504036184285,0.0022478366775679523,0.00300497412519646,0.011078842979225718,0.014913575288012062,0.22707621756798674
71,0.009862158013232432,0.30915125883146666,0.017265880302752404,0.017265880302752404,0.0109873783744788,0.005035881754969449,0.007553822632454175,0.08732781853652585,0.010071763509938901,0.21148274926639293,0.20347349009458224,0.00906458715894501,0.002205204607342191,0.01396880098780386,0.004070916019430663,0.0032962135123436403,0.0038572711314659616,0.05469014898247074,0.010071763509938901,0.009297012470712832
72,0.039548127435796894,0.0440679134284594,0.015819250974318765,0.18508523639952948,0.051412565666535966,0.04177270960406047,0.18078449502226174,0.020565026266614387,0.006511331384795586,0.04285594931615528,0.030242685686197632,0.01128580042225199,0.009406665917557976,0.07183035337378758,0.0027146779216497227,0.08226010506645755,0.07711884849980395,0.0186954784241949,0.020565026266614383,0.04745775292295629
73,0.045846548947513194,0.13751962861708208,0.04843359947117988,0.02421679973558994,0.036325199603384914,0.01263485203595997,0.025850480334759555,0.04470793797339682,0.030589641771271506,0.0074511226863451605,0.027676342554959932,0.036325199603384914,0.336664184391889,0.052836653968559875,0.009527921207445222,0.005564314701426329,0.028960192250665488,0.010763022104706641,0.02526970407191994,0.052836653968559875
74,0.019802695095975112,0.0745377642475631,0.012401464942782953,0.014380528581600978,0.08491305050888569,0.03451326859584234,0.0478997850237394,0.206120909669614,0.005783041346609334,0.09541903670615236,0.11833120661431662,0.005616755466723852,0.004003644009191077,0.012782692072534201,0.0030172389634483487,0.009731865522321578,0.015137398506948391,0.09167586970770622,0.02226662490054344,0.12166515951750088
75,0.010778963840085103,0.031105009938531304,0.03024098188468321,0.010205819181109988,0.022217864241808074,0.632846644900458,0.02268073641351241,0.03299016205601805,0.02268073641351241,0.01046803219085188,0.02474262154201353,0.023163305273374374,0.007832196747112198,0.028649351259173568,0.006633078440267099,0.009634295113704386,0.011459740503669427,0.010245325908576942,0.021184152266854807,0.03024098188468321
76,0.024985653126093587,0.09237120246616418,0.008000653982722506,0.0008034840267667491,0.05443303002470389,0.002136450672316649,0.32889009720189516,0.0057504700500817995,0.10728661571285049,0.02223596957599985,0.033849969059642535,0.0035850825943094487,0.0030166400262724193,0.006301531213526243,0.12997372848169744,0.04554855845745337,0.023881546393223943,0.012096228894378641,0.02602164362156576,0.06883144441833526
77,0.0026475258550365637,0.1522023828510149,0.015639235100449827,0.0135523145774307,0.008769144726572807,0.029250925337821556,0.011042626692721312,0.07698465839031035,0.014197662890641685,0.10318962474009871,0.015692153721235547,0.005324123583990632,0.0037740622873857635,0.014907546035173769,0.006084712667417865,0.004259298867192505,0.3262636185582925,0.17359248705403624,0.015692153721235547,0.0069337423419412875
78,0.028895120390197097,0.17806205367467232,0.007986583260822471,0.008811659672911714,0.047182341411491496,0.003661432100951716,0.01215401334194719,0.18106940129444057,0.013556399496787247,0.11701220670049892,0.09237805792144654,0.009790732969901902,0.00476305928265498,0.01215401334194719,0.005183329219359832,0.004405829836455857,0.04007267352756814,0.20668197375229286,0.010366658438719662,0.015812460364932283
79,0.0075277100675746784,0.027901900923781066,0.6468836217601638,0.02143596285704116,0.02374629865853708,0.004112591933889901,0.01860126728252071,0.027901900923781066,0.038485380584525615,0.013130306317073443,0.03487737615472633,0.014174448498642413,0.007294614620596358,0.03382048596821947,0.008651752224428239,0.007859690401065088,0.008788000290954667,0.012096764856360645,0.021883843861789074,0.02082608181432922
80,0.006282407649933012,0.01181092638187406,0.015960711326856843,0.0168727519741058,0.030447174000371204,0.006151524157226074,0.006322626252790212,0.10169262590510088,0.021090939967632255,0.34295678853176875,0.3522283781423264,0.013421507252129613,0.0016864308836053497,0.016373586777121685,0.003239988306500959,0.003453487246162006,0.004342252346277229,0.016490092609659474,0.0168727519741058,0.012303048314452145
81,0.04339358151857829,0.05308464936679489,0.02171644746823427,0.011469672649376346,0.021233859746717952,0.5572160556327292,0.020330291246857615,0.021233859746717952,0.02986011526882212,0.007294073958796245,0.028955263290979024,0.02582496455681913,0.008847441561132482,0.027300676817208797,0.006879624693322852,0.008608321518939713,0.012250303700029589,0.008577736887503304,0.06370157924015388,0.02222148113028623
82,0.11659503647915598,0.6033647976476011,0.021478287753118785,0.03124114582271824,0.012865889528441365,0.01009445571126081,0.02786372465269464,0.022412126351080475,0.02514531249145614,0.004980472522462327,0.019826111772109647,0.02103995534999391,0.006248229164543647,0.021478287753118785,0.003976531340148283,0.012433908501514877,0.009913055886054825,0.00937234374681547,0.00997122609314871,0.009699101432562035
83,0.008521458534878606,0.019453611976675785,0.008150556154940886,0.026700094010484593,0.03155465655784543,0.6124820321422252,0.01826848537559472,0.02002507050786345,0.028143342335375656,0.009553244645953205,0.038566802459588864,0.013523424239076615,0.008677530553407494,0.030626578423791153,0.007545678742093472,0.03260911514315173,0.010208859474597052,0.017889862328160124,0.038566802459588864,0.01893279393470726
84,0.032186379417109605,0.04291517255614614,0.12874551766843842,0.017166069022458454,0.0643727588342192,0.0018589294262704814,0.08583034511229226,0.03453918439971804,0.009897722036874132,0.036784433619553816,0.0643727588342192,0.032186379417109605,0.08583034511229226,0.08583034511229226,0.14745813579602404,0.00787071766486125,0.04245519979442116,0.018392216809776915,0.018392216809776915,0.04291517255614614
85,0.010925958362336731,0.11507229865584515,0.028768074663961286,0.007883314202179859,0.05753614932792257,0.1345268023866533,0.13430268894626932,0.05753614932792257,0.03287779961595575,0.01278581096176057,0.04602891946233805,0.11507229865584515,0.02557162192352114,0.03287779961595575,0.004178906435532684,0.020922236119244566,0.028768074663961286,0.006198673739880033,0.01309412427706901,0.11507229865584515
86,0.007717779199575525,0.030178243247205246,0.0205154954480255,0.04557164860701739,0.01519054953567246,0.5624716140170253,0.009666713340882475,0.03544461558323576,0.03987519253114022,0.00957004620747365,0.05981278879671033,0.03176070678654819,0.004785023103736825,0.038280184829894606,0.0062522409040124665,0.01919254438081684,0.00911432972140348,0.01258126367304604,0.02658346168742681,0.01543555839915105
87,0.012995197420102068,0.04776563772991745,0.04445725433192812,0.03839490146848337,0.027247994590536583,0.0207853839427479,0.022829400873152272,0.04022323010983972,0.03519532634610976,0.007989480778879265,0.030167422582379793,0.04692710179481301,0.00659912368989558,0.021117195807665856,0.0030385947918412253,0.03547624992223785,0.012995197420102068,0.016562506515816356,0.49544528659128645,0.03378751329226537
88,0.20500372908506548,0.1908876632273254,0.013454961580267644,0.022270281236305072,0.01575215014275236,0.0026816368164264254,0.008727542646660095,0.024247530007160737,0.019570853207662033,0.004484987193422549,0.018995239878024914,0.0052025711169231305,0.002339993318307417,0.01745508529332019,0.011103641424892294,0.38787496854670367,0.009610855623637393,0.009207060563513432,0.01575215014275236,0.01537709894887731
89,0.008871147955188143,0.007295179176580908,0.009944887477881746,0.012181277789213569,0.06324621126087933,0.006001070675568449,0.00477791829193654,0.012365842604201654,0.017364800252708708,0.005335732108623115,0.014839011125041985,0.011484195308500117,0.007847553960358742,0.27607473169431457,0.003813764541482753,0.0037086258258068228,0.005667677860259091,0.0053342850449497325,0.04131938888994729,0.4825266981565568
90,0.014852750889266098,0.010301847106578,0.07195367765418677,0.03267605195638541,0.018120027445171213,0.008598961041154056,0.14729577393249965,0.0198036678523548,0.043568069275180546,0.09200532676128849,0.025135424581834934,0.025313829343351614,0.007027107947609767,0.025135424581834934,0.009610603516583945,0.006952351480082005,0.008169012989096353,0.013070420782554165,0.03499014124707746,0.3854195296159097
91,0.11774771696001894,0.11658161042135921,0.0056107628112924,0.005440384262351723,0.005751263363057537,0.08921665632763771,0.003470589960465754,0.06679811191710311,0.008051768708280548,0.05911337337796736,0.06185010362694733,0.014844024870467355,0.0008639236811459816,0.004909615066024726,0.0015849938402127067,0.08205050680625059,0.18641107678316005,0.16060323808650495,0.005440384262351723,0.003659894867400249
92,0.47140326833635326,0.17432170760336316,0.00790004881658435,0.018568293138271248,0.011916964252920352,0.10960947657938086,0.009393371822890162,0.017743035665459195,0.022178794581823993,0.004781057514644692,0.03193746419782654,0.011916964252920352,0.002892249626532214,0.019010395355849134,0.004669219911962945,0.024745447136325135,0.0025685168794675646,0.01333315471793933,0.02575601951437625,0.015354550095108915
93,0.023589113139680352,0.03182802923579883,0.00731447117741692,0.01571833167912998,0.006368634387233698,0.07208112503401497,0.030417212337048877,0.12728800699986056,0.012960729630159807,0.0026574157874788094,0.009983264715123095,0.005055419059374503,0.0015979044113114337,0.012737268774467396,0.003003095889915077,0.06847241226273099,0.43935872010613,0.11076873451554842,0.010405092801677592,0.008395018055898967
94,0.04197600083519833,0.053464169484831556,0.05643440112287775,0.00557945360319221,0.0037400732944475254,0.015676222534132714,0.03295274985263246,0.19973289309402625,0.009198558643100672,0.17365802241269268,0.004715733503874799,0.10980489983032687,0.002396807533765668,0.13780493297446897,0.0033793054564597463,0.008605808846944679,0.028290212252081073,0.0889571913538912,0.016206984275939276,0.007425579095115494
95,0.057895063887487275,0.0261974013265788,0.0026585848720925096,0.00562630752000973,0.021351371079073325,0.037335801934568674,0.010537085173880651,0.016383909236186885,0.10807078592330961,0.12026327109537,0.07719341851664971,0.11990042668300398,0.052244243606341924,0.05607874815768375,0.14177688372800473,0.05654939279219828,0.05560012441807337,0.02562164529488798,0.00525937442087866,0.0034561603337202626
