site,A,C,D,E,F,G,H,I,K,L,M,N,P,Q,R,S,T,V,W,Y
0,0.02374564355389171,0.07023128710070409,0.04412245614569653,0.02950216320332,0.019471427714191206,0.00983193026864189,0.010843684146943457,0.023180271088322858,0.06382307114818156,0.006034805291090695,0.027043649603043337,0.03894285542838241,0.04496533501560185,0.021164595341512174,0.48259684278703524,0.011853967366412168,0.02562029962393579,0.009735713857095605,0.014109730227674788,0.023180271088322858
1,0.019633695916200216,0.0209417996005577,0.024969068754511107,0.010397354949468167,0.02596783150469155,0.3161417027372543,0.12983915752345776,0.024969068754511107,0.018033216322702467,0.009408634603149113,0.016646045836340734,0.030914085124632798,0.16229894690432217,0.04057473672608054,0.04744914086018624,0.012022144215134974,0.038187987506899335,0.0053952653329747075,0.010143684181520136,0.03606643264540493
2,0.0063886009965941366,0.03538343640369344,0.15226402113921303,0.015203253004553134,0.013198428432524147,0.6011061839011694,0.015203253004553134,0.018197833141813596,0.015013212341996218,0.004566756605930408,0.014827864041477746,0.019064396624757105,0.006942525938495362,0.01847779980553381,0.00453229051833848,0.005011884973455806,0.00864069775078919,0.01740684570941258,0.010092915860165523,0.01847779980553381
3,0.1223228850464044,0.09131144940083705,0.01777631690478946,0.019415196033530747,0.021936731499527417,0.49714154220621204,0.018088182113645414,0.030324305308170253,0.01356613658523406,0.005994339421382494,0.01747502339792862,0.01777631690478946,0.008520879177502386,0.02147971625995393,0.009136053316433537,0.006064861061634052,0.008451035905555645,0.03327969622624384,0.012807060059756853,0.02713227317046812
4,0.05022447953242851,0.05952264296874377,0.027199660350804084,0.03654899129659705,0.06796557104941663,0.03372907127177901,0.06906511517155077,0.06028250649600432,0.028734363649620842,0.051657388914643235,0.03814059023339694,0.08089380467294698,0.00301281082409052,0.0735152518243955,0.0741498565665448,0.081485193762645,0.05563934075725715,0.05380984075869896,0.02892125083284186,0.025502269065594097
5,0.054626186703797805,0.027313093351898896,0.010939501203608683,0.05267303422252272,0.01337050147107728,0.6039677448077378,0.010285001131597908,0.01399238526042971,0.021879002407217366,0.003844553138648419,0.01337050147107728,0.017439784527492105,0.0048133805295878206,0.01626142070806696,0.003379847254753466,0.0876716576727619,0.0073824854748279455,0.005509899723199263,0.008186021308822823,0.02309399763087387
6,0.04840908084108749,0.06101569728195212,0.21797262105270604,0.19699638334695183,0.04749145686441396,0.0066595504437173296,0.03948417634657672,0.007263399285145662,0.002500174819603795,0.015244171339194604,0.041133118823637474,0.023385944668082633,0.0028014403153878106,0.044074492328509046,0.005434761789061456,0.04353383545904612,0.03324401980508977,0.03534136888358737,0.06322657811467158,0.06478772819157706
7,0.009679504239359238,0.11196016816929089,0.02075414934259522,0.02223658858135202,0.01804708638486541,0.005559147145338005,0.01915767631624174,0.04468542529178804,0.01537344395747794,0.005124481319159314,0.015964730263534784,0.015565612006946415,0.007061685181524397,0.01915767631624174,0.005082648818594748,0.005035967960144856,0.6227280725740411,0.00813888209513538,0.015002999524767628,0.013684054511601242
8,0.022885372550533575,0.1355879949055585,0.005785361628589555,0.0068017089417201524,0.00547093980094882,0.008423764789877256,0.005033264616872913,0.22623825435670336,0.005531060018541663,0.25147066389329814,0.004354228762749651,0.019407693388442688,0.02957003273972735,0.004716015853749013,0.0014088347092518665,0.006739011831901804,0.08205532541434835,0.1680232889063809,0.004575695106248103,0.005921487784556368
9,0.007553662326900937,0.020829796113575313,0.01718458179369963,0.042267080228132456,0.01636626837495203,0.68598817190816,0.016972426462913217,0.018330220579946276,0.025458639694369827,0.006110073526648757,0.022537156450753618,0.028640969656166058,0.009044516733526122,0.02454940256242805,0.004800892309285975,0.007992828741255642,0.010910845583301354,0.006412310573450028,0.013877305416658676,0.014172850963875987
10,0.027798402143839426,0.10604414474322459,0.07371957774080061,0.18402261393062197,0.029739944439205607,0.025856914554487097,0.02308174792296555,0.08660271820696673,0.0037185143483275005,0.03965325925227415,0.0343661580186376,0.011315686176868477,0.0025782245018634783,0.06043703651553509,0.0410919620607396,0.02689525410154247,0.005811816137143733,0.09956296538842212,0.06312151472810985,0.05458154508842442
11,0.05904022672785724,0.012159596821131834,0.021458112037291473,0.002043212534652806,0.02780604226537792,0.02681738298483115,0.07313831723135772,0.0630722422117109,0.17991440034572473,0.1467876941328103,0.09090235551713186,0.04604392672945921,0.00439503499558982,0.04211022792517077,0.024213571794464636,0.03380342393045944,0.0386844409054581,0.0907355063396543,0.007015152012191443,0.009859132557674462
12,0.01501758029941723,0.008370622367013025,0.04204922483836823,0.023360680465760127,0.16553870157984402,0.00620769806740787,0.05256153104796029,0.030035160598834452,0.030035160598834452,0.007333149791176495,0.026280765523980152,0.04204922483836823,0.04204922483836823,0.026280765523980152,0.04540332163427453,0.008086389391993892,0.030035160598834452,0.005682327680860572,0.1039305825499964,0.2896927277647271
13,0.024813782040387717,0.034803573273944226,0.09280952873051791,0.017477559649440186,0.05568571723831075,0.010387305147362209,0.050623379307555234,0.06763841724907838,0.27540017723748106,0.015050193848192098,0.046404764365258956,0.022232728291790887,0.01160119109131474,0.02910782438923616,0.03536090305989602,0.011364432089451176,0.023871680912768835,0.012950166799607152,0.02320238218262948,0.1392142930957769
14,0.06876189981159657,0.02745068782051046,0.019919998136429466,0.01830045854700698,0.02401935184294665,0.10706550059079288,0.08868683757395689,0.08345009097435183,0.008724986578356178,0.07320183418802792,0.025339096449701975,0.0878422010256335,0.0011246238838208548,0.0411760317307657,0.01746861952214303,0.06348532016300194,0.07774739513570193,0.06546370987030747,0.020914809768007973,0.07985654638693954
15,0.09245827986348316,0.024552446631434646,0.015074719542959216,0.02115750111292521,0.014779136806822761,0.10212893447319149,0.04448897605616357,0.020390924985645317,0.12059775634367371,0.03481307549774799,0.05653019828609706,0.03589218938799815,0.0015562203922797045,0.08413796954209796,0.12666925063517978,0.1030128434292769,0.06756176825976117,0.026055070814991234,0.0030383350515937086,0.00510440288667743
16,0.004586481486182298,0.015537783204470574,0.014647150552646693,0.01164260684953968,0.009870905807218425,0.0043243968298290235,0.00630641204350066,0.21879735532825914,0.010559573654233661,0.22581565509768484,0.16139173234222753,0.015135388904401583,0.003197560893960164,0.10776428572566923,0.00542097450802942,0.0038156442616138447,0.025789516452781065,0.14000023217224006,0.007567694452200791,0.007828649433311165
17,0.06879101277844289,0.03880518669553188,0.003521295539421946,0.01424753219163374,0.011872943493028115,0.02690492944223544,0.10219773849155445,0.06015609189670522,0.014732575635230019,0.02976209009096841,0.05095630576180955,0.21152762277729018,0.006784539138873209,0.01640544478185088,0.04708362652391203,0.15116367873468833,0.06879624555991003,0.04921633434555265,0.011872943493028115,0.015201862628332882
18,0.055011893937350044,0.057621153728844916,0.06320597324410217,0.0615474452654997,0.06329726737974604,0.04638502875172016,0.05943824028107237,0.046650086058872844,0.01088721231503206,0.10403566093029097,0.05998665372402906,0.06626432678817167,0.0014370648684964983,0.06681391503146938,0.043565422112552515,0.04992613827849548,0.05089828709904177,0.059637894109354474,0.01445767129923745,0.018932664796620466
19,0.01680630255666955,0.16274674618652452,0.007024075191075962,0.007643846531465017,0.05505141414396243,0.0040607934698407904,0.1532698591829335,0.12673716870777144,0.007024075191075962,0.15438620940253453,0.12892962454312049,0.005529591107868311,0.002202464254828903,0.06079036465317858,0.0018302167751395116,0.014311890000703579,0.0015367556249485978,0.008059064020150905,0.004812792260552048,0.07724674619565522
20,0.03429872203002732,0.1483901294704708,0.1986379065206395,0.017462673100715562,0.005796121284492826,0.0437213593188286,0.06053726674914728,0.03363181486063738,0.002622043246297029,0.04083510100520224,0.015716405790644008,0.054961465864357406,0.03187448580555983,0.03135486165017955,0.0008545918728671797,0.05706266072156461,0.05433653268567328,0.1541588536984099,0.00567536875773256,0.00807163556655297
21,0.08565919839137219,0.04149385856689991,0.0071609614602113686,0.007490194488966356,0.005617645866724767,0.13602246807091578,0.05878296630310822,0.015675457680828852,0.010077079937675692,0.08796698016182783,0.015675457680828852,0.06639017370703987,0.09224403942949287,0.02257265906039355,0.05177215380824209,0.12594595394708175,0.09172292811052389,0.05544315055988117,0.009461298301852238,0.012825374466132699
22,0.007274604548572662,0.09002323128858668,0.014486496988967966,0.008487038640001436,0.06822273368308848,0.01770571854207197,0.03135137408060233,0.13266581453054876,0.003864435455253796,0.08812806500239947,0.023004181795841967,0.022863042866942653,0.13265215219531332,0.038131556557406146,0.002884742567722541,0.010550667898357952,0.028682100464101253,0.06912991541710146,0.08298437781334739,0.12690774966377147
23,0.014539041858412658,0.11539802190225461,0.20936535415469354,0.12550648394751052,0.027589412132952826,0.03366768375474057,0.03226181257482388,0.060006971389172395,0.003298814716841555,0.014287374140279141,0.0350040666436839,0.07500871423646549,0.02025551776849701,0.09592482628936547,0.002858555222838857,0.04800557711133791,0.021920354845359778,0.047765980782708176,0.006523369611093802,0.010812066916967998
24,0.017360556998045274,0.01340594689227752,0.0405079663287723,0.019443823837810705,0.2409449722292589,0.007148464646253933,0.0694422279921811,0.08682629123474814,0.017360556998045274,0.0017042966882403782,0.013502655442924102,0.025583978733961454,0.048609559594526765,0.030380974746579227,0.007478393783773346,0.0033729751421793966,0.02025398316438615,0.005755711682608469,0.04670186454722035,0.2842147993162073
25,0.059452367743050495,0.037622515839073556,0.029634897967115343,0.008569710665664941,0.012195357485753951,0.025570910857226025,0.07987528112590192,0.08393275446077718,0.008394202154260776,0.07266400501928397,0.12166996189275456,0.11702318255018873,0.006715361723408622,0.01698639078372872,0.04943709432397032,0.07520953746596512,0.02312036523340853,0.06850478587676602,0.003801148145325634,0.09962016868637573
26,0.0021765257945107804,0.033272135292747036,0.032460619797801994,0.0030639215807027236,0.0021158852943781907,0.0011126873108867784,0.005420784335089435,0.03441945030284177,0.03412526696692005,0.01612548777734265,0.08073385769563624,0.09981640587824113,0.10977311825975725,0.23290494704922923,0.04436284705699607,0.10465111360182068,0.13733162355275574,0.012896176470056996,0.004621129901770424,0.00861601608051449
27,0.005701110486777657,0.00849662407663613,0.029727218966769213,0.010671309372686382,0.5869487523272812,0.00501422970523818,0.02427209425807825,0.014863609483384603,0.013005658297961525,0.004203849146815848,0.010150757695969972,0.014863609483384603,0.008493491133362632,0.020809053276738446,0.005335654686343192,0.00478369040844562,0.008670438865307686,0.005202263319184611,0.01261154744044754,0.2061750375691869
28,0.016597905988157313,0.012888525243640791,0.01333295714859392,0.005754531016954114,0.00859235016242719,0.006783434338758309,0.10143164770540583,0.12412717449289436,0.19083723799688687,0.0037907427187178783,0.011047307351692107,0.02019252689632345,0.00840555994150486,0.04057265908216231,0.2590698170074086,0.005770981452376471,0.06384247104097318,0.011703651658316053,0.01333295714859392,0.08192556160821239
29,0.009495801516021847,0.020830553167276993,0.014560228991233501,0.06268370819475864,0.02080032713033357,0.027654355066902225,0.0242670483187225,0.027300429358562816,0.21603640865402954,0.027774070889702674,0.010142680009132434,0.05553701751947293,0.009706819327488998,0.04361539688436567,0.22752661174783623,0.08519162128668417,0.07820009803677717,0.013933951105137992,0.008564840583078529,0.016178032212481666
30,0.20680327432851522,0.031553464117699784,0.02386505288244509,0.011932526441222545,0.027842561696185937,0.007770017217540263,0.12135947737576835,0.06186953748568584,0.015910035254963394,0.03307606539588151,0.016705537017711564,0.13718897442478162,0.002347374595362495,0.016705537017711564,0.008913407942853044,0.1649437064729672,0.07362474960796614,0.009226159098742625,0.01077776581787843,0.017584775808117434
31,0.2111305768061122,0.0844219104370982,0.006711053603762739,0.026170321733978603,0.014762745593526392,0.2853214437739898,0.025207569989465,0.023029883125901172,0.02214411839028959,0.007196838476844117,0.015992974392986924,0.023989461589480385,0.010661982928657951,0.05234064346795719,0.011940427889746577,0.09061019587607122,0.012516240829294117,0.03541223298685651,0.016449916518500834,0.023989461589480385
32,0.01345593447534068,0.11425566468650074,0.03448083209306049,0.022067732539558717,0.02619023733671193,0.009667831478773986,0.023986665803868167,0.2729278775734965,0.027584665674448394,0.011557921121403423,0.028937727400778535,0.03393076438472383,0.013792332837224197,0.05015393758990617,0.007355910846519571,0.012467418835963997,0.11447955917848808,0.13396716333499673,0.019703332624605996,0.029036490183629884
33,0.02637428491590786,0.030236039278360976,0.011603987230532084,0.010314655316028517,0.011603987230532084,0.003922474556799577,0.0476546271235037,0.06887552879998088,0.014946223961462526,0.06553739441521025,0.0822042317880439,0.02040595931657913,0.0029779768840050395,0.10960564238405854,0.014340925171745974,0.16186461720938186,0.13684607454756542,0.06089202354669919,0.07869123042958047,0.041102115894021934
34,0.01627026609887276,0.02828268100947386,0.20076101362760151,0.40220384121878455,0.024854477250749754,0.03411159573555557,0.02828268100947386,0.02929277675981221,0.010017576437637628,0.009427560336491288,0.026457991912088454,0.020504943731868546,0.010002411576521243,0.023388464878286424,0.009420146247455189,0.009764258919937405,0.012618426911919105,0.0511779211067003,0.03037769441758303,0.02278327081318728
35,0.06990410721964639,0.025121034153555294,0.027579345343839,0.02166948562730207,0.01784545875189582,0.008879379128841488,0.018202367926933735,0.08324993876468907,0.027579345343839,0.004758511416039484,0.010073207384873353,0.022752959908667176,0.011547572151231061,0.023950484114386498,0.005834092284273634,0.005760243014852448,0.1318854293061653,0.4515528942868353,0.009101183963466868,0.022752959908667176
36,0.08150880111987381,0.1022229387798819,0.034562847234049246,0.1304140817917981,0.012060082760233196,0.01527863550231295,0.02592213542553693,0.011520949078016415,0.01885246212766322,0.08505266203812918,0.027169600373291268,0.10867840149316507,0.09315291556557004,0.04147541668085909,0.0018642215433714924,0.0314856644768165,0.058220572228481295,0.09214038387463994,0.008594082136886807,0.019823145769423577
37,0.02424090643645302,0.06666249270024581,0.059255549066885155,0.02424090643645302,0.041023072430920494,0.003394391125100431,0.059255549066885155,0.02818214144780535,0.04335924213486777,0.019046426485784515,0.048481812872906045,0.08888332360032775,0.04444166180016387,0.022220830900081933,0.2631590994143104,0.013201894659673198,0.03809285297156903,0.01616060429096868,0.020511536215460247,0.07618570594313807
38,0.03915294693519567,0.03744724686758736,0.24428484658027205,0.3327725879094822,0.039650026095092494,0.024501616064560253,0.01925858410333065,0.03744724686758736,0.012567750490452055,0.006673766768480916,0.02496483124505824,0.030638656528026026,0.004992966249011648,0.022055816162677655,0.0079300052190185,0.023248490959561063,0.008869084784428586,0.035633081971940185,0.028085435150690518,0.01982501304754625
39,0.018884528933544167,0.015513998122661804,0.13926898308079907,0.29248472172942486,0.011337152474252857,0.04155856083381486,0.05008514076610884,0.051476394676278535,0.007083996292406964,0.04435731881679322,0.06813052236566276,0.01654598400308953,0.053673557863680686,0.018050164367006766,0.004534860989701142,0.042117050189682446,0.03706300416692055,0.06990359613847708,0.009508579494534656,0.008421884695159266
40,0.4031873255078479,0.01898195702189581,0.013603735865691996,0.019433908379559998,0.024006592704162347,0.02025222958014592,0.029150862569339995,0.019433908379559998,0.028145660411776543,0.006976274802918974,0.030230524145982218,0.027207471731383992,0.0037270509221073956,0.028145660411776543,0.008162241519415197,0.1471878955704336,0.045053458930858714,0.06537320953930986,0.04081120759707599,0.020928824408756916
41,0.016399282195830953,0.0014199570751419553,0.003965842667429835,0.005665489524899765,0.004406491852699817,0.001289021489106281,0.0009752949097174632,0.06598299424675512,0.47936363341659693,0.02743118132094005,0.06231727234415761,0.0072106230316906095,0.0012583463780750422,0.054188932473180525,0.07794331847814778,0.030047966922326287,0.0675983971190862,0.08497809865112399,0.0026005525688064493,0.004957303334287294
42,0.14394664271185242,0.03994646942063026,0.017417162958348546,0.01632859027345176,0.00967620164352697,0.02060166044120652,0.03891127607630819,0.09625274266455774,0.010885726848967842,0.10275782630839246,0.08864091862730958,0.022718038641324195,0.0009539302964116818,0.05958503117329765,0.08172323096668149,0.10207314254499773,0.07751594503440834,0.05029054226954866,0.005937669190346097,0.013837251908431797
43,0.44566871507101463,0.06487998933686019,0.014122393035582447,0.03756209908976115,0.026691110201984877,0.01114559943651496,0.04865999200264515,0.03361102766175874,0.05041654149263812,0.012099969958233148,0.04124989758488573,0.019308462699308214,0.007686433156192395,0.04776303930881506,0.011785685024253065,0.051120058937261736,0.0063255629042214285,0.01944794991315863,0.02452696613155367,0.025928507053356743
44,0.013721270858545406,0.02221539091383542,0.018295027811393878,0.025917956066141324,0.04172323867598732,0.012608735383528212,0.046387889175316915,0.11425109441867447,0.017943200353482458,0.45978199349887827,0.05642712717921924,0.016369235410194524,0.002863635520073448,0.04445773656544545,0.0067419763437293785,0.006179115353517137,0.011378614858305948,0.031215006524674464,0.034557274754855094,0.016964480334201594
45,0.07150770374210756,0.027965276935163833,0.031535312288589,0.04516639789958063,0.020681297826469998,0.03904271317368465,0.06145540126483567,0.027965276935163833,0.09183186803611934,0.09218310189725348,0.050679564382592336,0.08836008369017948,0.0013377883844320935,0.09029297854692198,0.05985824315931148,0.06884974631636524,0.03656452712367743,0.02149697242267938,0.012351330646364029,0.06087441532850842
46,0.10728266339445713,0.06594502896111529,0.20200642615964562,0.03729882113891806,0.0182383178688872,0.03446628489953444,0.07955471779556897,0.039843709805876655,0.007359039992996042,0.008519214267703891,0.027551501461510447,0.035469266070208116,0.002711225260577489,0.09249432633507078,0.012451159314336453,0.12913060864763817,0.06744377961932246,0.014489443980826609,0.012488067866902373,0.005256397158903824
47,0.04886146948886376,0.027182130456209076,0.013253173513871097,0.013686261040790322,0.012457983103038833,0.30544542735563324,0.020673733023032253,0.012977065732332116,0.04077319568431361,0.014059722649763316,0.10300596804458177,0.24463917410588168,0.004152661034346277,0.08154639136862722,0.009186962492349219,0.012741623651348004,0.005064220773593022,0.005004195567136927,0.017302754309776156,0.007985886604512072
48,0.001533356667378164,0.20717965982585954,0.016454484467938065,0.016321910256152476,0.2762395464344794,0.0029210237409507626,0.04387862524783483,0.101299017208074,0.011966897794864047,0.0668049686910101,0.0066435725688214625,0.04387862524783483,0.02071796598258595,0.028251771794435394,0.004246318572371114,0.00822724223396903,0.026327175148700907,0.06445348781933799,0.026327175148700907,0.026327175148700907
49,0.041281515976833744,0.053568954334978186,0.007528922273655484,0.010536540274613223,0.12244332419423587,0.00988010361363762,0.006632346727187777,0.011435080564116856,0.25323505685626047,0.03070530892216563,0.02487130022695416,0.036846370706598755,0.0031144093748010763,0.1238038055741718,0.031114713041127836,0.0529857902549155,0.04175637554339853,0.04781898980596868,0.024117624462500993,0.06632346727187777
50,0.012661572687738544,0.031609911516258395,0.10804234306615301,0.04094236158296326,0.010856215460574154,0.018529948130220436,0.14622271993915445,0.09874032754168612,0.010949470327980536,0.01604085062019082,0.008882358104106126,0.1131302096371353,0.004679282832061137,0.012282708474888972,0.002640701057977497,0.05499728101812295,0.09560325067120956,0.16688462601751322,0.029244543987830888,0.017059317326234683
51,0.1438883744362729,0.062661066286764,0.0159500896002672,0.18121321293387807,0.007897050302587262,0.1843628151867338,0.008248030316035585,0.008435485550490939,0.03898910791176427,0.019238046666988952,0.016137450618330492,0.06748114830882278,0.002542201124805488,0.0167096176764704,0.002366687851454228,0.1662873371735997,0.028606138957000957,0.012569386449469968,0.009279034105540032,0.007137718542723102
52,0.00973712718661594,0.02582455471232923,0.023758590335342892,0.024377420330494576,0.02969823791917861,0.592389598664952,0.018856024075668963,0.02639843370593654,0.02639843370593654,0.007566430043102832,0.02241376446730461,0.02329273562288519,0.011761678383833116,0.03959765055890482,0.026130037365260452,0.00899946603611473,0.010999347377473564,0.011565275782988677,0.031261303072819595,0.028973890652857184
53,0.0064430137612795264,0.008801987935757951,0.01090774414601943,0.011563395915603585,0.09467285526778077,0.004011790419699203,0.2946636547361083,0.007560681944817727,0.009214581120246604,0.0024668263182372496,0.008424759881368326,0.008306101291489898,0.001665604549509267,0.005835155390968186,0.0020442203360678465,0.0034895455129927977,0.003662939078855794,0.00427342892533176,0.07002218729239636,0.4419695261754695
54,0.2962853922551901,0.13475786951850283,0.008228371934305805,0.01291393358047814,0.01291393358047814,0.004604968563581353,0.008735896245617566,0.010242085253482665,0.013200909882266545,0.004790652779854796,0.012375853014624887,0.007157119815686681,0.22827681118015294,0.016501137352833182,0.0052569995106371194,0.13839302680475637,0.05190504805118345,0.0036878914430716865,0.01856377952193733,0.011208319711358388
55,0.0042181103095613555,0.016589055621599066,0.018557248661449807,0.011279814050897188,0.0161011422209638,0.011174611164433954,0.013859211025639728,0.007045924902341281,0.013685970887819232,0.017532939495849255,0.030413268639598288,0.014598368947007178,0.20993165235540553,0.018247961183758973,0.007499162130311908,0.005140270755988444,0.008621084023823139,0.5479180838997472,0.01542081226796533,0.012165307455839316
56,0.007154258247725027,0.022407243417655202,0.016805432563241404,0.039031972404947775,0.013527421616678892,0.012346848413810011,0.016133215260711747,0.02951197913544832,0.03361086512648281,0.0084027162816207,0.036666398319799426,0.01475598956772416,0.016873356464116637,0.024693696827620022,0.007245455955409467,0.6024969003221893,0.008283956432206,0.01287224621865299,0.02813932894310189,0.04904071848085852
57,0.010335105701513612,0.0976114892269544,0.03582836643191385,0.023366325933856867,0.028285552446247784,0.009557577737810888,0.0255916903085099,0.02621587787701014,0.019193767731382424,0.025083060769593508,0.021497019859148314,0.029050026836686914,0.004714889954937091,0.007986181353026117,0.5364134934494038,0.020974369585957144,0.02512771009802786,0.012076977448959724,0.008519275038228897,0.03257124221083078
58,0.010821905886720783,0.018637726804908012,0.022365272165889617,0.0137106133806691,0.024850302406544015,0.6708466882896581,0.015975194404206867,0.026838326599067534,0.022365272165889617,0.0074139023754330215,0.03120735651054365,0.024398478726425036,0.0073328761199638074,0.02199862835989143,0.005619188189212468,0.007712162815824007,0.010089596465814865,0.010281541159440985,0.023136488447472014,0.024398478726425036
59,0.033628092213411044,0.0888995231864814,0.015861044497266455,0.018504551913477527,0.019142639910493996,0.0021838416391898566,0.007501845370328728,0.014925375011351593,0.014234270702675023,0.005607439973781069,0.016327545806009584,0.03330304937224056,0.004785659977623499,0.015003690740657456,0.006325001202796072,0.27590677995880614,0.33840043245939333,0.05068582014774997,0.01353991603425185,0.02523347988201481
60,0.15014699466455259,0.02356839477338825,0.02635410471004445,0.09318888495756601,0.14976247302734771,0.007856131591129415,0.03162492565205334,0.06324985130410668,0.028749932410957583,0.008322348855803512,0.03162492565205334,0.03162492565205334,0.019765578532533336,0.022589232608609525,0.006588526177511113,0.18899159531951717,0.007662686805244824,0.009500594642861107,0.019765578532533336,0.07906231413013334
61,0.014797103643953074,0.022935510648127266,0.03669681703700362,0.07881754848428194,0.021843343474406925,0.01077598049991935,0.053965907407358266,0.03397853429352188,0.4273133805090078,0.010793181481471655,0.04136771953656338,0.03465248733738529,0.024795146646624074,0.08657685013206842,0.004257516172843848,0.01411416039884755,0.021428007913329106,0.011612916783861907,0.017642700498559438,0.03163518710086519
62,0.006522090147677173,0.016887554846664106,0.018186597527176728,0.023065928571053416,0.15268131701845128,0.008014432808586356,0.018634025946845677,0.19301614154494637,0.015011159863701428,0.4280755983737424,0.014328834415351363,0.00974951620013598,0.0024752158836335854,0.016028865617172712,0.004235490067730544,0.004658635819769408,0.005662892643192754,0.0341267643759698,0.017513019840984998,0.011125918487214
63,0.11783155931660458,0.05151705384074803,0.03140689955319706,0.04260064067600318,0.03912776236002467,0.09210960397229985,0.004725210316106492,0.07418356366490457,0.0016137870546894543,0.03999500089994699,0.04760430897624316,0.008561288174501124,0.0012285546821876883,0.0502510392851153,0.05890826551687243,0.12250615545846975,0.09110830320837345,0.07615564480806233,0.024486735244865502,0.024078622990784407
64,0.010713969263197518,0.024403776951520732,0.017480686692585425,0.02119998173356105,0.1592436409046418,0.007590512353898758,0.012454989268467113,0.018799983801459797,0.018799983801459797,0.004725085148317075,0.01311051501943907,0.016888121041989307,0.00642838155791851,0.013649303307909165,0.06012809730622376,0.006075604521203472,0.008303326178978079,0.009673778072595817,0.48504937108603224,0.08528089198860156
65,0.012315079454442948,0.018356439186811187,0.02560240202371034,0.0374188952654228,0.017089283317133143,0.009827184615161542,0.02262537853258123,0.020699814402148783,0.022111165384113476,0.4741065038467276,0.15139314798877776,0.023164078021452216,0.010326162234929917,0.04632815604290443,0.008534134007903446,0.0050730864925352765,0.013147179417580986,0.008665971780834888,0.04619118029313399,0.027024757691694247
66,0.30580711401992666,0.07461362846883114,0.01530788257018549,0.008766218312146863,0.01825170614137501,0.011806597813300502,0.009490887193515004,0.03197726934378478,0.014829511239867194,0.003536099224721019,0.0066712602468689515,0.01530788257018549,0.004745443596757502,0.013558410276450007,0.00465239568309559,0.09922025062344571,0.08642507071511066,0.23369275442062099,0.016363598609508628,0.02497601893030264
67,0.007814054908617984,0.019389517109633183,0.09397585446159985,0.46739229845969915,0.02203354217003771,0.004896691721038807,0.015388505642566018,0.021543907899592426,0.1953280714769329,0.006336443499880126,0.019389517109633183,0.012926344739755456,0.0054772647202353635,0.017626833736030165,0.018983938025209035,0.01489461813419074,0.008976628291496846,0.010283721075958678,0.0206271458613119,0.016715100956580332
68,0.01702191854300179,0.02958571556283644,0.025359184768145523,0.02824091030998025,0.023011112104428348,0.00486880607745013,0.018546269457300462,0.020984116011275592,0.06602346880894826,0.007141379618615692,0.02824091030998025,0.0197238103752243,0.00927313472865023,0.023896154877675588,0.598227135806264,0.007361688261868606,0.011722642015463499,0.014282759237231385,0.0225927282479842,0.023896154877675588
69,0.13023990031392887,0.012868883816045859,0.009997314700068686,0.024362264813192553,0.011412029044418027,0.5921478850505273,0.006952155624760408,0.01008062565590259,0.013293132733058361,0.004100593487146816,0.015120938483853886,0.052799959586727924,0.0030236764480887934,0.013293132733058361,0.026950983667247932,0.03468610483799645,0.004858132846218117,0.005151683802742136,0.016801042759837653,0.011859559595179517
70,0.004999723593214439,0.004937168918955674,0.010908487839740591,0.01454465045298746,0.16465233563695977,0.012307011921758619,0.020816212671921217,0.030096383861418205,0.006956137173167914,0.29972360301549733,0.13110167212360208,0.006760189647163185,0.002512950078264849,0.008275404568079072,0.0036361626132468657,0.007821193230615085,0.003581891529467061,0.016720213256343448,0.017776794998095785,0.23187181286950134
71,0.0241208328837183,0.30244844343640115,0.017822572350679567,0.017822572350679567,0.011341636950432454,0.005198250268948208,0.007797375403422312,0.07594171901454537,0.010396500537896416,0.1841652243631988,0.23621117967014424,0.009356850484106774,0.0022763055212506513,0.013665938581014501,0.0066079424018531865,0.0034024910851297367,0.009391728548341381,0.0420391658830519,0.010396500537896416,0.009596769727289
72,0.037394709238791665,0.020834195147326783,0.014957883695516662,0.20741598724449775,0.04861312201042916,0.04861312201042916,0.16045413476585507,0.01944524880417166,0.01529852325527555,0.023387699655127648,0.04003433577329461,0.026516248369324997,0.00938397781254709,0.06020956308348502,0.0007327936950906913,0.06481749601390556,0.08912405701912013,0.017677498912883335,0.027778926863102384,0.06731047662982499
73,0.022356808093045234,0.04333719637529236,0.05056006243784108,0.02528003121892054,0.037920046828380814,0.013189581505523762,0.04197380917474083,0.04667082686569946,0.03193267101337332,0.05616307609505546,0.028891464250194905,0.037920046828380814,0.27439061682166266,0.05515643175037208,0.009946241791050707,0.10130824376851032,0.030231680989904728,0.011235569430631354,0.02637916301104752,0.05515643175037208
74,0.02358023527018607,0.09578351729308723,0.01361465969488663,0.0299665489891948,0.09681500442662935,0.020548490735447865,0.04957576187576962,0.15982159460903894,0.006363039631243236,0.07826557500707347,0.12329094441268718,0.008372368169488524,0.004405181283168394,0.03329616554354978,0.0033198467641269054,0.010576429055009929,0.012617494311239914,0.10113710283853243,0.017399931671145365,0.11125010841849439
75,0.010657860902964148,0.030755541462839393,0.029901220866649408,0.12359971344191377,0.02196824390202814,0.5234630985394269,0.022425915649987062,0.03261951367270844,0.022425915649987062,0.010350422607686333,0.02446463525453134,0.022903062791476147,0.007744201087765314,0.028327472399983653,0.006558555017312217,0.009526052665481228,0.011330988959993462,0.010130218456905565,0.020946145803710993,0.029901220866649408
76,0.025625545147659128,0.10526318208802742,0.009591494886749628,0.0009632478733564513,0.031015044722365222,0.00256126008493432,0.3108033955335967,0.006893886949851295,0.10858928435231283,0.038527321495239894,0.041016748186101674,0.004297936324474442,0.0036164652851678916,0.01281843391749324,0.16050336163838905,0.033938301811139875,0.022845220466275788,0.011027571456840964,0.00847240246074367,0.061629895319280564
77,0.003239304128665987,0.09938745283811633,0.01913493639115585,0.016581544795922394,0.010729234867949784,0.10505406298303271,0.013510888352233064,0.062368005101680814,0.01737114216715679,0.10988516733542078,0.01919968344791014,0.006514178312683799,0.004617645386206237,0.018239699275514634,0.007444775214495768,0.0052113426501470385,0.2749014652969175,0.17892620694850137,0.01919968344791014,0.0084835810583789
78,0.07134080385492395,0.17583425334415084,0.011315235640556686,0.009181104095478756,0.027955215393424916,0.00381494412008506,0.012663591855832764,0.12465522873535119,0.014124775531505776,0.09730376726413163,0.15203713635020563,0.010201226772754172,0.004962758970529057,0.012663591855832764,0.00540064946792868,0.004590552047739378,0.05935696419151867,0.18187138363113456,0.01080129893585736,0.009925517941058113
79,0.008578337406757943,0.03179611306300495,0.5975998797507324,0.02442773703765602,0.02706052175574889,0.004686578110544205,0.021197408708669967,0.03179611306300495,0.04385670767311027,0.014962876735531741,0.03974514132875619,0.016152747739292747,0.008312709297517634,0.03854074310667266,0.00985925986449766,0.008956651567043648,0.010014523799371637,0.013785085973895201,0.0249381278925529,0.02373273612563842
80,0.007883707587305522,0.014821370264134385,0.02002887873531673,0.02117338609162055,0.007439446587378591,0.007719463679236657,0.007934177362933583,0.12751829609773002,0.026466732614525684,0.36441078867746235,0.27973044002159236,0.016842466209243623,0.013926963465905988,0.02054699050093892,0.004065817090843371,0.004333733995360931,0.0054490331853435225,0.013095994383033348,0.02117338609162055,0.015438927358473319
81,0.014849000410208328,0.06022094610806712,0.02463584158966382,0.013011568254368368,0.024088378443226848,0.5320696323002662,0.023063341062664004,0.024088378443226848,0.03387428218578775,0.008274633816375635,0.032847788786218426,0.029296676485005623,0.01003682435134452,0.0309707722841488,0.0078044691420618385,0.009765558828335208,0.013897141409553948,0.009730862631535626,0.07226513532968054,0.02520876813826065
82,0.13278340882974726,0.5109849176222102,0.021512833441803974,0.03129139409716941,0.02025316559447535,0.015890442915300704,0.02790854068125921,0.02244817402623023,0.025185756224550996,0.0049884831169400515,0.019858000100126744,0.0210737960246243,0.0062582788194338835,0.021512833441803974,0.06092199220971205,0.012433711545371463,0.015604887789820722,0.009387418229150825,0.009987263818147225,0.009714701472121364
83,0.009302622847250329,0.0334374103375797,0.008897719750018122,0.029147698548204464,0.034447280102423455,0.5651386048899772,0.019943162164560945,0.021860773911153347,0.030723249821080382,0.010428993058531875,0.042102231236295334,0.01476312004389577,0.00947300202816645,0.033434124805293355,0.008237393067970828,0.04487940874196065,0.011144708268431119,0.009867897079457016,0.042102231236295334,0.020668368061454074
84,0.033092013549838976,0.04412268473311864,0.12779594786222565,0.01764907389324745,0.06618402709967795,0.0019112344686285756,0.08824536946623725,0.0355110198430171,0.01017621607923591,0.037819444056958834,0.06618402709967795,0.033092013549838976,0.08824536946623725,0.08824536946623725,0.1280421134344217,0.008092177508915199,0.043649769632407805,0.018909722028479414,0.018909722028479414,0.04412268473311864
85,0.010467798224537002,0.10801359028181988,0.027561737918462795,0.02442760101737256,0.055123475836925576,0.10816158546680833,0.10801359028181988,0.055123475836925576,0.03149912904967176,0.012249661297094573,0.04409878066954046,0.10801359028181988,0.024499322594189143,0.03149912904967176,0.0601065690925456,0.020044900304336574,0.027561737918462795,0.005938743661377372,0.029581990934798588,0.10801359028181988
86,0.0085764525642718,0.014476797116663422,0.02804401596593565,0.05064191037950967,0.01688063679316989,0.5266737827479918,0.010742223413835386,0.03938815251739641,0.044311671582070965,0.01063480117969703,0.06646750737310646,0.035294375249496315,0.005317400589848515,0.04253920471878812,0.006947859759529264,0.022259762388958756,0.010128382075901936,0.013981044067237627,0.029541114388047306,0.017152905128543595
87,0.014770394879536125,0.017249216555831698,0.05053029827209726,0.04363980305317492,0.03097018281193059,0.013853076656073398,0.025947991004590488,0.045717888912849905,0.04000315279874366,0.03570590454470587,0.03428841668463743,0.053337537064991565,0.00750059114976444,0.024001891679246205,0.0034536793481083003,0.012152856546453771,0.014770394879536125,0.018825013081761727,0.4748786833891727,0.03840302668679392
88,0.16636380636491982,0.19086033061109745,0.015362153250435768,0.025427012276583342,0.01798495990294919,0.032890295976337566,0.009964639946228605,0.02623634477247333,0.02234495018245202,0.005120717750145255,0.02168774576532108,0.0059400165743820794,0.002671678826162742,0.019929279892457206,0.008660557900517831,0.3721025249300242,0.010399150825908835,0.010512127776727793,0.01798495990294919,0.01755674657192659
89,0.011397395462383282,0.00937263615311586,0.01277690508453681,0.015650154963272565,0.06596424519054292,0.0077100028127886884,0.006138531849004729,0.01588727852332215,0.022309795373175782,0.0041281904824380395,0.01906473422798658,0.014754563463421189,0.010082311370569827,0.1985035156196893,0.004899814871678793,0.004764735677078635,0.007281669323189318,0.006853335833589946,0.0402221007259408,0.5222380829922748
90,0.020185500900871938,0.014000635006997705,0.06564476373145162,0.044408101981918274,0.038746717886829825,0.0116863426268206,0.02394902310047672,0.026914001201162583,0.0592108026425577,0.06238606951422745,0.034160078447629444,0.03546062980916357,0.009550129458477049,0.034160078447629444,0.01306120646527008,0.009448532336578356,0.011102025495479569,0.01776324079276731,0.02865038837543114,0.43951173177825953
91,0.11858603030081184,0.11777466788841531,0.0054919110653393124,0.006501190914412699,0.006872687538093425,0.09940691634375487,0.004147311445401204,0.056745976346236474,0.009621762553330792,0.05691336860684482,0.06305108482915163,0.00840681131055355,0.0010323779563659653,0.005866928386177314,0.0018940477467186603,0.08410665554045613,0.1778508849203052,0.16485466695988607,0.006501190914412699,0.004373528433332179
92,0.49174569986340566,0.08193102848612753,0.015402504459162355,0.023024030953172542,0.014776616880394318,0.0895936426610891,0.011647450952781403,0.022000740688587102,0.02750092586073387,0.005928343299319877,0.039601333239456776,0.014776616880394318,0.0021613272343652197,0.02357222216634332,0.005789668602259762,0.045184443607543326,0.0031848706661528506,0.031202871915663115,0.031936559064078045,0.019039102518969606
93,0.002572718298383403,0.044412016319322865,0.0086085875896699,0.018499305245886388,0.007495408159971208,0.08549313141469649,0.014552022368458978,0.09709032701605878,0.015253813097485266,0.0031275803832973388,0.011749558737252164,0.014040912115049015,0.001880614435554065,0.014990816319942419,0.0035344201079539036,0.09005743245012932,0.43632030883540524,0.10819469738357071,0.012246018965586762,0.00988031075632568
94,0.03692702354599826,0.06047147164149187,0.07579930993950891,0.0066551311902771845,0.004461131896779212,0.008865416367194024,0.045554318115524524,0.2007833200480746,0.010971973043429954,0.16017556258169494,0.01588386244954738,0.10157123812226522,0.0028588943845556914,0.11875534482566878,0.0024309161832748996,0.009941096810856346,0.0023582137829505742,0.08680834924802813,0.01933157155270992,0.02939585427016966
95,0.0549780604645775,0.0046230389725347475,0.0029968771161921525,0.006342228315662463,0.009124018545185205,0.02670235949710139,0.03190273455977948,0.02187902406243391,0.13194734511498601,0.12760600400785557,0.08796489674332403,0.10581491637468034,0.04718837006297184,0.05990991588860579,0.13483699346939695,0.06595577196838887,0.052154862765045135,0.01824803709037041,0.005928604729858389,0.0038959402510497982
