site,A,C,D,E,F,G,H,I,K,L,M,N,P,Q,R,S,T,V,W,Y
1,0.011279518809370087,0.04877730241823131,0.015095172367239224,0.01194642162867223,0.008141222720056617,0.04643183238422759,0.03242942335234014,0.009996923933498061,0.12196799518742407,0.00900692956496964,0.01074123797099939,0.012758444116530938,0.037338352553637995,0.009020575989047916,0.5437784559392126,0.018628311710924043,0.010366210276327939,0.005038208998196109,0.018278414409330576,0.01897904566976361
2,0.022546148577420006,0.014684347982236216,0.015723052301636915,0.041935309536853205,0.01555341276942524,0.6333693214762933,0.03722591226785859,0.014647447070095212,0.012420437442886265,0.007035928441335824,0.012112688439037518,0.02016484228696624,0.039582811476011885,0.022271829279774082,0.013123549722216632,0.009644331098012117,0.019204555767939186,0.01751862226720982,0.008360767547451303,0.022874684249340412
3,0.00578467437655203,0.03010830036315126,0.02754895051282937,0.007916717660697152,0.007321485235797748,0.8004570480171943,0.00838918167813249,0.009388779865592395,0.008274641449838407,0.002850513333951783,0.007350676504974964,0.00949373039111097,0.004304717939138244,0.009899598298336502,0.005596762526947147,0.031341117332031126,0.004950995768232125,0.003637599910789187,0.005516487269553197,0.009868021565149604
4,0.05777250337825643,0.053214576663656386,0.009515194297073606,0.021510809830210018,0.01237891211558482,0.7008127767889234,0.009938172191484723,0.013004003090303366,0.01548891529970922,0.0037302416761840545,0.008591974502196877,0.008978441484113702,0.004550885004319107,0.012387424153976164,0.019431762532814718,0.003680430446838203,0.004666797983008444,0.01313276565182618,0.012430018760169007,0.014783394149351581
5,0.0608889264060987,0.052302444674171826,0.022991972356179707,0.0396180901502179,0.03519915241740773,0.021602663083270836,0.027843227454701018,0.05764030449400633,0.06461122451339374,0.043238049237447056,0.03775886846695685,0.06994245042560623,0.0036292391088434406,0.12165783019703685,0.07033518781396542,0.07744715007150225,0.07791247259258953,0.08490408893651466,0.007377724051698052,0.02309893354839188
6,0.19115030750942516,0.065269257145534,0.0036433169213468163,0.033902986432695355,0.00858203282561713,0.46149377593790286,0.0032288195742508235,0.004506829960458736,0.006795649183791984,0.0014186895269423228,0.004015271708558581,0.005533522471582093,0.0016960860226874147,0.005396392241675858,0.02102299190896988,0.16414637484608366,0.002556736194215916,0.008029060914087383,0.0030131752194332223,0.0045987234547407935
7,0.058631056335929875,0.05198096893684498,0.11402247965463248,0.10856942068252508,0.042319126717650826,0.009742294181483792,0.0433184741020518,0.03140850727132683,0.012794899519426408,0.0331242311880726,0.0486784635553302,0.045021651195079226,0.008051414387112826,0.09769562174465382,0.006795737962524049,0.043843921421044055,0.0716697599547236,0.05403826040935221,0.05785381042698758,0.06043990035324774
8,0.05012497724836396,0.057668153576621174,0.009353209809032464,0.009247742538740002,0.007516210542832556,0.002660514271667691,0.008737271228033085,0.05261997845332458,0.006799382668166916,0.005019361621312241,0.006918640854456533,0.0072624802454039515,0.016324035341950607,0.008868259997158854,0.002507715757433432,0.04692456579762179,0.6622301160011879,0.02706318907166435,0.006131402420161966,0.006022792554865968
9,0.03443905062915299,0.16462748691734297,0.002425862787261123,0.0026885517958815225,0.0018958227921917555,0.016456727028524337,0.0019537725793263797,0.1366310283633048,0.0022242880978169313,0.19673557645607542,0.0098820684387845,0.017796966345460276,0.08836832290038509,0.00809266552617286,0.0012250942588066928,0.026639765062953152,0.11823839581959794,0.1657015269033177,0.0017849968696852755,0.0021920304279583165
10,0.003650645084487816,0.008950700796593854,0.007907193907584889,0.048937797033852745,0.007763446102615768,0.766827150186431,0.007424193700507934,0.008263825667439752,0.02083111759837888,0.0028817767119897284,0.009525394495815367,0.011842514859199252,0.004449103434218165,0.019614242931122426,0.038628427427509666,0.00379059709045424,0.005018632602757331,0.010711633310265908,0.007032993002444132,0.005948614056331189
11,0.04697214753511041,0.08628659821836655,0.05421750947842645,0.1453642970568756,0.015236566268602113,0.010816959664297878,0.04598354103669909,0.06920073833382749,0.02824595226394998,0.04325662607085131,0.0397829485112385,0.03124887896548131,0.0008692929377306494,0.09307432807103452,0.02716636487004933,0.028947051837456404,0.017798385055134522,0.12624468761356997,0.0608464237199958,0.0284407024913021
12,0.04503395923518817,0.01791423241981633,0.00755489089182912,0.02167585732862857,0.02480167188689121,0.04452974521784978,0.05077521398957024,0.05310556363827229,0.1439029324777643,0.0870910502131961,0.10095983815126593,0.05260821418348205,0.0016208267078949156,0.08901427246098638,0.10691358847564052,0.04494783322801936,0.020629576707807115,0.0667369301614018,0.012950271663014584,0.007233530961481243
13,0.016263133157043405,0.041445782776415266,0.02913128836029043,0.019469473699606752,0.04442637014505191,0.01498906438420885,0.03173318793086709,0.02681990778476669,0.02601868518460879,0.03782719920632369,0.021132168680970075,0.027639492573985906,0.027225130541914062,0.020487943284949812,0.04213041992221671,0.042959883139442157,0.024182495953930568,0.007967595057205994,0.33174555687351376,0.1664052213426881
14,0.013378580799325863,0.016890036619149146,0.0303761724012346,0.03457794864940706,0.023543371805647938,0.004230652343812439,0.20401851407427748,0.05594462673818721,0.39213394697639453,0.009205005972299457,0.020467180934879703,0.03477046157954958,0.00660751303742485,0.030803360782455377,0.026745227565028427,0.007053278430032679,0.03296362387614161,0.007522202500573242,0.011525491453993068,0.03724280346018578
15,0.06455096782124037,0.058281954851108264,0.027702662421540923,0.017631856171025417,0.03132766345865794,0.10487453351588155,0.05782843221477135,0.08797980565009016,0.0532971200063772,0.04561811270409704,0.07164345610998325,0.030834391430879727,0.0007161166280580928,0.04137042428658192,0.05669382414153634,0.07087257934298323,0.0829419957443903,0.03283238209256506,0.024230452936547988,0.038771268471683815
16,0.0841977129899289,0.06138735146742247,0.009221675734223791,0.1269094226517611,0.0057375648187635644,0.04078620060156781,0.02341193641084405,0.010668043078690365,0.09664465761390097,0.0449160130744677,0.09077669818583788,0.053691102812503826,0.0006030691278270824,0.09700861559900266,0.10134386544616221,0.08008367341940027,0.05662323569223052,0.010938611545915897,0.0011557313959231555,0.0038948183336257637
17,0.003209133153456119,0.0187672566818901,0.009958775878628614,0.007258169795915728,0.0073093935279618565,0.0032347626744841946,0.004823557641754272,0.15019920661213212,0.006585982733233966,0.3734838432750285,0.17441915041754327,0.010301171284992484,0.01971067978498057,0.008070819436488677,0.0055598829694920235,0.0028323132928106997,0.0302342682976838,0.1531933759290741,0.005123071166458354,0.00572518544599059
18,0.05881469211977744,0.0807991380730366,0.047740830758879464,0.006006979972600809,0.005703376694604491,0.05047136994848378,0.03915333387321828,0.05093944842642498,0.04140798607339916,0.03900379782571811,0.02950779897196535,0.2175238807779621,0.006324679749581485,0.04681270235058069,0.05809886126811654,0.11899398600412664,0.05042906536129802,0.034288986099215234,0.005191724907192765,0.012787360743818083
19,0.07697218446962047,0.07568836886618018,0.03299624779721136,0.043400843661082426,0.035882010355996176,0.06917875062348805,0.08167501995184262,0.03691819651437455,0.05843750073726741,0.05803318868755523,0.04489237830559796,0.0679785298732928,0.0037694805089579647,0.06404504709432582,0.0562483334806692,0.05320097388913131,0.052552494902497436,0.06655413212114299,0.012056581866540078,0.009519736293225991
20,0.009104252543419981,0.0535593391353527,0.005310587104129233,0.005246402919192632,0.1195247961036378,0.0030391074034307954,0.003637129168697089,0.09209665079844652,0.009818297715281915,0.2983621358413779,0.21123014451566546,0.004103629366524158,0.0015179276511876607,0.1150138661617878,0.004448510194558512,0.0015286253773539279,0.010708077901299429,0.03177160563125374,0.003719549532923326,0.016259364934479405
21,0.07279538202824717,0.040990742645217244,0.06783318022295819,0.04554654790178592,0.0023507761695422324,0.07491696555779108,0.06792959790907253,0.020659267459033282,0.021673382963405485,0.025485863082268485,0.04965531344694938,0.038863380218770616,0.08284031681449586,0.09022959108498171,0.0232363629202595,0.09987159308757684,0.05396932125323257,0.10575616617075709,0.00462283558222898,0.01077341348142582
22,0.08088694280782753,0.008995726230934815,0.04413414882784453,0.025421553134830698,0.0022664978872648715,0.07843928260761232,0.05695582064939216,0.006285867605014997,0.07454773591359304,0.01802750643668438,0.04090394492571177,0.07668220299220263,0.09667031787341171,0.10415031331299235,0.08569544197624548,0.11779663777348116,0.061209895262053775,0.013705606817080072,0.0038179298785537526,0.003406627087267968
23,0.06603506782825831,0.05610583343638767,0.04391657828415545,0.04282365184791737,0.014244386679780934,0.06986148268769497,0.06969504280895583,0.055219561578094566,0.03830910241715979,0.04602254220747701,0.05531002399701296,0.06350447163667429,0.0675164305946115,0.09851816090731208,0.018384386754912566,0.05502104756159379,0.04717351220142599,0.03277469504279319,0.011760842956990591,0.047803178570791124
24,0.06396936899224306,0.06190864756637837,0.16726217001426036,0.09754301985835127,0.006611940008371392,0.03242788322090587,0.08556862745127702,0.012145528588806027,0.02237273169680397,0.025469256783506602,0.043933862369070355,0.12041164208397201,0.003605437897281007,0.07632461378038762,0.016681143728114158,0.06325949646483159,0.03174554670834382,0.03535502788017488,0.01852234510430356,0.014881709802617025
25,0.011185609923718797,0.02120658301173848,0.02029043554218368,0.013100718182152702,0.4552328677387949,0.005754783769580871,0.10623122959640117,0.06734546171009609,0.01321880407396286,0.015493380074345666,0.009723906638387297,0.015681381260101712,0.025425874444130227,0.0181855048005105,0.005665746904943881,0.030928887265260625,0.013781137563919054,0.02578389644485186,0.05289637531287508,0.07286741574204451
26,0.09840809359978855,0.07104617347312489,0.009766223760418441,0.022227259265934527,0.049315908897770676,0.014112466396656493,0.09702843070625361,0.05742207546634173,0.014855525568343058,0.07284487465967453,0.05516640582603477,0.1278252656945709,0.013884298754504129,0.029742981370132412,0.04575138384421583,0.07361436611112362,0.024645847388289916,0.0456518867935382,0.00507316011875988,0.07161737230452381
27,0.0050805001750128635,0.03426845259731719,0.058319000011324576,0.008484516817960227,0.008265666439758963,0.003196928876982906,0.05601535720231475,0.024399302216283017,0.11722515435428141,0.011957183063341845,0.04935195235662023,0.12332009183676242,0.076845341799669,0.1032888698727765,0.06677144499444476,0.12721905265542768,0.0957460649830524,0.012166346281992955,0.01008828934095857,0.007990484123717756
28,0.006021744209397596,0.0313072588152552,0.06309942811953806,0.009589499544851112,0.15497664311386217,0.005690049468511032,0.050673892431532315,0.014552471524866172,0.011695190887742206,0.0050065180475578515,0.010626878163819709,0.013329274620731706,0.009309922854058123,0.017797346928615062,0.012264288841193636,0.008643465671431124,0.008797417200503995,0.005777404050245949,0.012092611220327936,0.5487486942859591
29,0.012732738235997416,0.010260971860112432,0.01232258382718909,0.04895096883865299,0.014817795265256561,0.01219327759634384,0.04216330735024011,0.03567247607396915,0.40940422863074616,0.007029529770528724,0.009656170784065546,0.017145598738759715,0.008007982508215633,0.026937931758900847,0.1880536566784727,0.015888529666377983,0.06373925128017129,0.01900768821958709,0.010584059574661828,0.03543125334175089
30,0.06197610610250902,0.03944019712423956,0.0051969835443983585,0.04719034609703733,0.013438766030932464,0.04918869375343346,0.053386924281918754,0.06641715269668474,0.1640299323407562,0.0729192941048058,0.04322228149282796,0.0444405832783944,0.00336844555583992,0.061089607663678,0.1593435752130346,0.051036857601287185,0.021555650368554346,0.03447850625186308,0.003021212085768458,0.005258884412036347
31,0.19266435853949807,0.045844470165596944,0.019930093577618106,0.006897947977526106,0.013502198788819064,0.024784458944390037,0.08726512311544267,0.050743628158225654,0.021483491768914467,0.014811409278361717,0.008201682747078628,0.12765406130975604,0.023262187495031124,0.006883783768335505,0.04427427241938777,0.18937435133536556,0.07667317775157335,0.026582985039128836,0.011045642591518735,0.008120675228431578
32,0.2008583215873973,0.04752110709798845,0.03723924667966961,0.012750851096128658,0.008589080258671574,0.38168760598421897,0.04387947958451188,0.012162191640732335,0.01104204903864296,0.004644711476472661,0.009094556425785043,0.05828600897379597,0.005331842582859817,0.02386960066516324,0.004191934908380463,0.0995805861416289,0.007011520640394934,0.011485499990674785,0.008535250275532908,0.01223855495134957
33,0.016251610690978295,0.12450755773764163,0.01672457968584847,0.011947934401855254,0.03290557556735637,0.006734924659201522,0.012594426512626716,0.4187952670909701,0.014681907908621707,0.0047998831398379715,0.014343466588756567,0.04518175468266174,0.008378516614576158,0.021952687149919627,0.004984290737967892,0.015029452185812277,0.08531713387916379,0.11742273725866152,0.010872032550446139,0.016574260957096253
34,0.02886651952647086,0.016758223352628134,0.00510867014602316,0.004979440387599243,0.0395024090883863,0.0036864200147734417,0.05630114770000955,0.010068976083494389,0.009067741249168345,0.1006349785518725,0.03757157312985015,0.03109829268495884,0.002631281657090917,0.07613733793691528,0.041827885091783853,0.07752022668258765,0.1353461271120721,0.06128226928778654,0.2026986427669717,0.058911837549557027
35,0.018284308788689065,0.012838105579391216,0.12800023353134662,0.5094187122102588,0.022333260841538267,0.049085501504046974,0.013188037298567951,0.013449884707767902,0.03068703324327812,0.004821368101666733,0.05984252827542393,0.009751927140165196,0.0055494477701293465,0.018656948979213772,0.005344288170153093,0.021190154541332145,0.006472737389031857,0.04670149122984901,0.013734776563075968,0.010649254135074046
36,0.030320108393319698,0.09794968111531689,0.008417294240506032,0.043989198521019145,0.00587422470554426,0.006361957023580857,0.005808996087107109,0.1317085864699893,0.01563637330291487,0.003941177973670379,0.03256125678106589,0.006929652603563339,0.05045496742736259,0.0067703915799861,0.0019041367237227326,0.012753401924631709,0.2094313693541765,0.31935744369546043,0.0027040312712061356,0.007125750805856044
37,0.15300317983396222,0.07388219782829955,0.01077440445873355,0.04645477252517286,0.05311487162034191,0.0201447639963904,0.04222526495759837,0.01563212259389154,0.00709722113048994,0.039467920691963615,0.030750457926474826,0.07081032467532228,0.05481035397641064,0.11205298760411299,0.017088241591756072,0.062220413662623354,0.06618634969360596,0.036026225751009174,0.02780971952966245,0.06044820595217836
38,0.016480212222283144,0.02804574328258667,0.029567775056981157,0.01764327994791335,0.02337967407958207,0.023666443814913923,0.02952218441629035,0.04473157330640092,0.0324324163539328,0.013788359259113182,0.02208782929147057,0.030484512620759154,0.023424160195621293,0.015757127207412482,0.5192022806856679,0.04824826850796969,0.02584498846159504,0.011970292859426464,0.016592736185461997,0.027130142244617905
39,0.10069573226086818,0.011453273338522767,0.169689360751043,0.23764200055211046,0.012557943307047507,0.04304589980836082,0.052374095347805474,0.05622733447250247,0.025994163508997106,0.01758138345284427,0.008105488419194545,0.03404601593056162,0.0017948523222569169,0.03854513690813165,0.0023930075611295868,0.06329539855709714,0.06711639025699367,0.02082227451360726,0.024033545672228672,0.012586703058696889
40,0.032160491789163845,0.00730021934136968,0.11211595040098266,0.1506362481259938,0.019410279883435626,0.04315042261816345,0.04037612765470706,0.04421649544528838,0.010702344667081917,0.052328070576074616,0.08639491092488252,0.046955273460269766,0.067074882340042,0.06935479899469206,0.007464866313208816,0.03371486685651543,0.08421125185308968,0.06347411801611734,0.011094445550503465,0.017863935188417873
41,0.5008823758232777,0.018201699650199313,0.026829600878031157,0.009647867222809275,0.011898049155589785,0.022573122708549987,0.013255323323105835,0.01846026503065584,0.012174725848774244,0.004192446058633257,0.01338282593304806,0.012947069578455617,0.029228011583141887,0.01335827944844777,0.004317787051105449,0.18891594082881835,0.016312350526654473,0.05661275117182793,0.0166482689560076,0.010161239222866608
42,0.07993580570932726,0.03266845027721691,0.003071168624075251,0.004118210308597734,0.0035953878390227473,0.0037609783948847697,0.009758567249066642,0.09744275776263212,0.24892084267091813,0.021349908585958297,0.02043460296210688,0.006472361986172765,0.007242521625252216,0.07998474161297513,0.16225620668590146,0.04804009327641524,0.08074228122491181,0.08272731006697927,0.0027412775902599753,0.004736525547325354
43,0.07294027060839277,0.03439798531970199,0.03181389052160455,0.11040935054538127,0.011407841835130867,0.010679023926101781,0.06905408487689631,0.057094577363640896,0.01938551548213547,0.08800439129665884,0.041157894041467004,0.0720654024200752,0.0011605005776216984,0.04719452493733106,0.10340245915507423,0.10319668459431336,0.04940558526149789,0.042215389693353526,0.00943439784931212,0.02558022969430915
44,0.29050945764421404,0.1448848908709673,0.009822927650167897,0.025219606966673264,0.02904611935897168,0.025042828616701485,0.03807738049682292,0.00861575851217845,0.03406814924993022,0.061776730244590204,0.06906152993272337,0.024958334326161284,0.005059516862716213,0.03478139620024555,0.030148832070247055,0.06759149422585303,0.00921695363872472,0.025629245621593258,0.01304906245855123,0.05343978505196684
45,0.021294258391192214,0.018540521022083544,0.005436077796564962,0.006926467323412456,0.15163665335242488,0.0038271474619933584,0.028244979973335502,0.20033373425903214,0.005282879423201896,0.3119042516223476,0.08932951886857601,0.0044928175994483,0.01593402987282499,0.016229917704399584,0.006065341173374593,0.0018800409841363435,0.00663068792144411,0.07102226048065965,0.010508256386504768,0.02448015838304309
46,0.05903789278398997,0.03354297615872899,0.03584910540968059,0.07555779905842572,0.03457563296539578,0.03893241578344057,0.12948896573752752,0.02253042365873218,0.08113188880192833,0.05713901479013169,0.04730789998140764,0.055449310460123365,0.0005530533171783482,0.0930375129051557,0.03783917788613989,0.07600384539251254,0.04950459841221975,0.03335480382816019,0.014808250397637094,0.024355432271484154
47,0.05436608455358387,0.07660229204332156,0.14517855273545233,0.1477405423411547,0.02038529350854195,0.05490565154685314,0.053284627068538315,0.0434405777076561,0.026293407584528552,0.030257856383176046,0.03448317163704309,0.0557561037543897,0.0009423640481679349,0.05574501612532796,0.02006358557021718,0.08863146099256206,0.03683548476394731,0.0323468832894477,0.00815053071912848,0.014590513626961985
48,0.05668288655923666,0.08638818743101341,0.011152305759957548,0.03113891035945602,0.03790567332014719,0.19899697494652482,0.06209795244155446,0.004101469045972931,0.06980161796380407,0.014032378135737352,0.06832726757297382,0.15774282768410738,0.0011958162961260834,0.08986156331081753,0.047274994228267087,0.044887907645157224,0.0031870489300681276,0.002650227492348491,0.0053702577897614704,0.007203733086968299
49,0.0579268771645221,0.1404663064594986,0.030223739788880006,0.05525991559205354,0.09680149197830681,0.011236168780292365,0.05825641144568234,0.04118163421050764,0.012579253437414017,0.05046287509970343,0.06616294103330245,0.023870614085625855,0.016446226275112472,0.022697846218014975,0.04200341788652323,0.02564778993442006,0.048972904866700785,0.0879259250856534,0.028583700307470872,0.08329396035031504
50,0.057523579703072994,0.052458055945080045,0.04328288359227863,0.0641441705954492,0.06004650790006869,0.013902639630607033,0.01085714719212363,0.01321938257576842,0.05378754740393879,0.052473682425478,0.04897635126728146,0.05798348391007826,0.038302451529452754,0.04764828506956604,0.034279857617099,0.04704778633000631,0.05633984521006007,0.08184057186626502,0.07904231707789182,0.08684345315843386
51,0.06513500746054271,0.031002982411462092,0.09863320273317311,0.05793283489602767,0.023014043327314344,0.037473296731372216,0.08305104572287846,0.029674610713689566,0.0173556058706229,0.025018615298400566,0.03498355498268712,0.0924080668470797,0.007968059916612657,0.04152048468252691,0.022406339611889158,0.06733397646590955,0.0722785280898408,0.10839041495591585,0.02585531134171165,0.058564017940343
52,0.08413656267340147,0.06908386638873251,0.030439586395407902,0.11568909696602789,0.016090489858863136,0.14265805754501,0.03840586949008455,0.003056038009237297,0.0338557230447184,0.050025626666601354,0.034735408279900355,0.06102835045551923,0.0009215257655725953,0.04125623973367061,0.022279770274373823,0.18604585598140105,0.05798702562834592,0.0068693863348413915,0.002943383069460964,0.002492137438829602
53,0.004951646499945937,0.010580378411062786,0.036475014792450126,0.03521325742414267,0.011660577972483195,0.704282621305468,0.03324269330198363,0.012360051216920676,0.012807729217174877,0.004175620704267994,0.010228431360565097,0.010279766670278382,0.005935588102016767,0.015449003787114649,0.029881980778213454,0.0048649762701253015,0.005592739155888897,0.027472366938288997,0.01310134878561665,0.01144420730599193
54,0.01930100222564643,0.004414902787877719,0.005031594954945903,0.005587309135846466,0.1973951931402531,0.002059620404448161,0.3429231499943189,0.01371436157727054,0.0048231070636095405,0.0024477057281540484,0.02051304839262348,0.006538535532676556,0.002957888452517883,0.02965644745585358,0.01642770953998602,0.0018987634216214991,0.005815604088300379,0.01580080439609785,0.14803906339832973,0.15465418830962227
55,0.28860991632953553,0.0985777406601367,0.0037619859406749718,0.005391268555697969,0.005258674708602423,0.011486484203824423,0.003681349621626188,0.00444887583599743,0.0050183625612500934,0.0020850289323696386,0.0050554502705555115,0.006265739812936727,0.21810812260502008,0.007288045143068531,0.0024038910276912707,0.16712237550560685,0.1207106191488147,0.03244683814549245,0.007209170365517227,0.0050700606255812556
56,0.019729289940856296,0.025678740126137058,0.006694389718340801,0.009668205572947028,0.006149122345257031,0.0047343472210930855,0.004975712507792538,0.014179223984776812,0.005282283643760453,0.005693508008474344,0.02012025005294821,0.0056865727412638584,0.3357193337710122,0.006744925295667899,0.0029165638352754214,0.0019779889860633846,0.017159935559643937,0.49665004162125503,0.005786135594039153,0.004453429473395457
57,0.015420973150907173,0.010172180965271907,0.007885595764153132,0.014778418253564303,0.05015440278272048,0.005435272402007318,0.008187922401808045,0.011609938485379907,0.013534606238849526,0.004281209518162746,0.015429545338670246,0.007124687626751766,0.036240666732467876,0.010400523455452653,0.003806824962420444,0.7189432715836103,0.005906600362504654,0.006335335556556731,0.012277829220503087,0.04207419519823771
58,0.01657895632436302,0.09692430967281658,0.013336057614454645,0.008883818021086669,0.011196607435916724,0.01563273344285919,0.009299167470666773,0.021909700193553688,0.008037947373139655,0.009422144113458044,0.026115997080624277,0.010973211434321764,0.013310789426945266,0.03986182505466174,0.527728339876243,0.08611447918749836,0.030386359608147718,0.010345810793872092,0.03156393794309606,0.012377807932274726
59,0.005695073149111238,0.008131917243644043,0.009629603836490025,0.027084071157153812,0.011149666248880374,0.7623621762776611,0.008520261589524583,0.011393671543133657,0.00998557796156507,0.0035878204078597896,0.01405143641365129,0.00988952404433755,0.0042216333637098,0.00921455170571716,0.05303754827858088,0.008047037273893354,0.004528530497761622,0.016439486861663456,0.011177669768975919,0.011852742376685382
60,0.11894051510193591,0.0440610621509932,0.006593426548707169,0.006391171141959888,0.00799244048236558,0.026254549552512843,0.003636036868160459,0.014349949716519103,0.009912202946176863,0.002969614455620328,0.006870199538409019,0.04151352874430232,0.004944710395045915,0.006315515598113476,0.0141994651053849,0.2781077740157078,0.17847291162593187,0.2109535704613794,0.006043424917506281,0.01147793063326763
61,0.13632950433790433,0.1034229126284818,0.010370922829074277,0.03128245093958673,0.12994121272326556,0.029743611773935065,0.01151514943660766,0.01917935442059233,0.011745659488910118,0.0033626320935560626,0.03296301233721843,0.010880680168687358,0.0160932427993011,0.009230764124654641,0.002628138842882948,0.28068598969233133,0.07022225353645449,0.05422930216756442,0.007817823135170203,0.028355382523821145
62,0.02270532346872499,0.01071792077605853,0.015915510761821086,0.03071944502473662,0.010057803095974975,0.0054727485215172265,0.021645601056785375,0.014427504726082367,0.5852573378615334,0.005975407696994993,0.03927370767597712,0.05982774288344499,0.011861836448865248,0.024880218703872164,0.077268114242886,0.014791295028912571,0.020994092299808448,0.006232350206696134,0.008886326600781778,0.01308971291852589
63,0.002899207503474768,0.006743066216318277,0.006822641944353047,0.009083821794445198,0.2684847846119622,0.0036354841482189237,0.009947848995715247,0.09733116151409918,0.006497820201804518,0.47776604233945574,0.011811825049799975,0.0044356484156695755,0.008823085902172812,0.00666921115055069,0.0031337338341684883,0.0019711426505644707,0.002652971922504355,0.05934842658708346,0.0075901327108037495,0.004351942506835375
64,0.1406114858854729,0.06724204950350537,0.01577996451366319,0.07557987928052437,0.009637751450108506,0.08896322690982682,0.014468783121994011,0.00496844416287415,0.025577526407423733,0.021771535767114495,0.1116927736513044,0.008932502837375279,0.0006107403322152674,0.10081191451924891,0.06315764314970702,0.09396961235502586,0.04995992085187513,0.03614706466362644,0.04776577222766798,0.02235140840944614
65,0.0054141880120153335,0.023708995749653707,0.008574986765811442,0.010871024888400176,0.07978096352718582,0.00723786552431432,0.007011480888453168,0.00926795917275802,0.009314821009254159,0.008620987196098868,0.006784005391547437,0.009469421075793955,0.0038741979549513673,0.007420562795671731,0.06465270968435619,0.0032168091992971896,0.004260606705989212,0.005379360936921499,0.634076094200861,0.09106295932066541
66,0.006497799682528655,0.025021025756344392,0.011584130064197048,0.016477076994405537,0.03573645963093055,0.0051635798682597165,0.009602643875147601,0.018431348274676594,0.00981024543378756,0.5773948931296111,0.166350327318692,0.009927162345590972,0.003540453378357249,0.01826678906908615,0.004702135577945505,0.037119095887899904,0.006924165903006423,0.01036114029786862,0.01622504944394203,0.010864478067722356
67,0.15579231281314068,0.2307317595691619,0.007298018335806231,0.008633867155246553,0.008684434623151495,0.004671019178094556,0.014036328869828026,0.014061491288549189,0.007495868644342319,0.008968291607240095,0.029229581900615392,0.008027247092254636,0.0024712099627862186,0.006899304003225143,0.0024237347747472823,0.01754480340260439,0.17983763025766383,0.2744999901086861,0.008251750969044966,0.01044135544381096
68,0.023912458175917643,0.011359209662862963,0.055396469340750286,0.6764071031082469,0.010058354946865385,0.026635361654085456,0.008656436119028157,0.011392409204208082,0.06082011491484459,0.00398591167273207,0.00995947069002545,0.0074615603709896035,0.0034629860042782903,0.018791438533826497,0.010781756277951148,0.011856325220380423,0.005532836254235966,0.022734306915560082,0.012239871801856964,0.008555619131354006
69,0.006899360690771708,0.011381019463985604,0.01108224878731058,0.0102832935285382,0.009397058710823842,0.06888640126453925,0.008031954855443092,0.04180758414350389,0.04197568460997242,0.003069608302445205,0.01209048322754609,0.008054378005843915,0.004189306822578037,0.019444279072195307,0.6829714955278794,0.028990419438674708,0.005447037055160539,0.006444332516530359,0.010040325327868511,0.009513728648389314
70,0.11439097095312666,0.011947873403601652,0.03455925960481615,0.02476808636014116,0.005243511840754331,0.6154118626607842,0.0031192052881193343,0.0043312919995636,0.006240857707355116,0.0018971710889987008,0.012938324202635977,0.058838111790149944,0.0013924777167768686,0.011477807977446566,0.020074254502535867,0.05017685867365663,0.0020610450219627416,0.009635114547598153,0.006706477576762168,0.004789437083214161
71,0.0019230328085991424,0.020545626775998936,0.011914678704338204,0.005222996179466583,0.1637563156132259,0.0046926680166521325,0.0445101031232931,0.028716799880572613,0.0022666842791785632,0.30157463897629033,0.15782544000225127,0.007431696331120045,0.0009117841410008603,0.003289780495922576,0.0011727228013987557,0.0035421764267838753,0.001295448233913394,0.009711618206337322,0.03711067878855362,0.1925851102151028
72,0.04898885591173109,0.33361023175240373,0.008718742782278185,0.007979524631861374,0.046293682305325504,0.0027223059280725454,0.004537933114734481,0.05586674873569457,0.005307892792059743,0.2068743715152952,0.05700998258519858,0.004624004490941063,0.012276054550818719,0.009495168600946789,0.008753381706382296,0.001817065570605619,0.05422318278747385,0.12082487187508778,0.00580648201605994,0.0042695163470289205
73,0.022623747633964176,0.06163979810721959,0.1083262795896268,0.20102757261351475,0.042863789205503426,0.06634322108306617,0.07363641797542221,0.016184597651472055,0.010847896810035326,0.04984023411115445,0.037952191342783395,0.035170237691177234,0.020735985662505643,0.05965823670469125,0.012712820289165932,0.04694210606221634,0.043846840948450254,0.03506725491977486,0.014872405890715132,0.03970836570754098
74,0.0143512563569088,0.08744904775909627,0.021112004691241096,0.013431500453894706,0.018556971853983518,0.008634095682685245,0.03206783250645723,0.021084298843244274,0.014471254079613116,0.032522835460601106,0.1024238484082972,0.01749355672181104,0.4431712891401167,0.02237061305444942,0.005514273827030989,0.016464031386508236,0.06894338957466857,0.019201326997026858,0.013391021176260523,0.027345552026105082
75,0.013126231540050338,0.052113084963814074,0.00794059818683107,0.021058706492754077,0.09418873307694837,0.04652980252803623,0.0706959828031506,0.08934681757192438,0.0038344705601689247,0.08988585104230663,0.10723386614395601,0.04747940133767893,0.0022486556363320778,0.05190417993723282,0.0038434540856220507,0.024560086250495435,0.03249009026648653,0.07395352411903441,0.02510515002115782,0.14246131343601923
76,0.005961881440729612,0.0154731851779009,0.013707136180201493,0.02942749137489129,0.010516112000366465,0.7275011212950573,0.010989601055334324,0.01545126300836094,0.011171874968112184,0.005909344584373569,0.011477207023688573,0.011613532058351984,0.004537855689670835,0.014135608556998193,0.020836942133061278,0.005769146293682135,0.00626374785004489,0.0226475292052835,0.0421055092565972,0.01450391084729336
77,0.042123117605124404,0.04627239360427283,0.003921091205579005,0.009752338176921888,0.057663092123483285,0.0020681968567270947,0.24155733847872649,0.0029857809796433638,0.09613075444412193,0.03806331495945619,0.032787748665488475,0.014695224123587022,0.0013568399209039701,0.023422698982767422,0.17012333556228854,0.0371758351051082,0.04292060252326512,0.019105480104141793,0.015464203623147398,0.10241061295524558
78,0.01892971414109271,0.20189644303950965,0.024355303942541942,0.010314312463680753,0.011532255890327926,0.042026497178554764,0.007873708630216771,0.05081461681179142,0.0100320956847066,0.08352346063582362,0.011401864834707325,0.004103724294931539,0.003071145082323145,0.010910313881327799,0.0045681333769673925,0.003408417266906362,0.219410351694969,0.26410018233452537,0.01223887931347075,0.005488579501625099
79,0.02279411181130696,0.1843434321149857,0.007613494194254184,0.005032890977336506,0.020564632817609063,0.006424716867199315,0.006488933065222938,0.2341334345840313,0.007218691030878624,0.055953497410676255,0.08487608169120264,0.004887983902642507,0.0027649245922000145,0.006175575838904688,0.003110897460003484,0.002561821515556177,0.06909805885375825,0.2189455426346845,0.006079720344053298,0.050931558293493655
80,0.01836518029937913,0.012624760879933566,0.7092038449048302,0.03005154379278376,0.011151244820951664,0.02169950441335627,0.012029910155149344,0.011921065517171876,0.015811454926892614,0.006781017943374972,0.01444669954035361,0.04954815075079396,0.004054932336239697,0.014420097092463134,0.004720068505940236,0.004409524161543527,0.004872879613224476,0.01095588715425261,0.010747932720818913,0.032184300470546455
81,0.005190914591698628,0.008117814078342786,0.010343753315788561,0.010827562314978263,0.03387966751160414,0.004641270555391229,0.03827594445614238,0.18709045379713496,0.013473235420459565,0.5312064809787261,0.06882989135676973,0.009182986151671655,0.0101151505655583,0.011086281827294169,0.010903052147735608,0.0027931655620893224,0.003074305203838124,0.020840460510932638,0.011359342614643006,0.008768267039200712
82,0.02394212888606805,0.021509010831675262,0.011791834570081195,0.030228970246020965,0.012271422934846999,0.719000513560211,0.011794730209102947,0.011826097537047301,0.015884252796388148,0.004993455770862151,0.014374748998396445,0.012982352269762316,0.005556863959024659,0.014481335069218929,0.03031502313463938,0.00577364844744439,0.007278151937427826,0.010318482413229328,0.023826998684010434,0.011849977744542375
83,0.2488920473216814,0.45589253531815865,0.007112603396314691,0.010336529910664135,0.006596073505519291,0.006722202690870026,0.009669294520503696,0.0084934106938204,0.008654861131773982,0.001962350923984606,0.006994256388755461,0.008165350026812488,0.002682836325632634,0.007958551005093429,0.014580063764887425,0.11532486205210575,0.022205768384809327,0.003588806841090657,0.01237478279918941,0.04179281299833253
84,0.012298110816503042,0.03579921367078389,0.032798258022367875,0.012467605011744673,0.016128473305908653,0.7355445859111296,0.009880058719243258,0.01024914819156828,0.012541207644636343,0.005213949151229254,0.015288271723613633,0.0070339649623971,0.0051953770796672105,0.01590143556778594,0.004564733667158282,0.012738934333742112,0.005727549555100059,0.02239626101929449,0.01753112881537793,0.010701732830748425
85,0.026642173449000762,0.027966787580634086,0.04261221575952216,0.017626202034693134,0.03474364376264672,0.05967386888336709,0.037633347249291266,0.051997534938744476,0.04892373953395106,0.02607272228328235,0.030719647242519126,0.024919459595807707,0.037047612404873635,0.03189798522583014,0.3707475290560896,0.03326753694934611,0.0328479580390555,0.01691735691556206,0.018677791671156966,0.029064887424626044
86,0.013727828786817838,0.042829020270419675,0.025588783317495405,0.024557862716416013,0.03603928342355624,0.422517822484131,0.047022863361154944,0.031897488158863146,0.02799281850645284,0.014939582357330474,0.030209204283322515,0.04284017144555487,0.02580068501366667,0.028618049737268978,0.037479118029100464,0.021132282898164583,0.02642527110193514,0.017216966566523478,0.0436346257839351,0.039530271757890596
87,0.01516050756862241,0.023285065006894482,0.044614647008079704,0.02164844190577519,0.008785656577462185,0.7100908509581483,0.005821871637120442,0.01677092594416257,0.017285298924061925,0.006003079701265362,0.02319263244846939,0.01353762988405005,0.003041710443514249,0.017903315438380186,0.011897525251480173,0.016692580188331665,0.005539056340756515,0.016372501138376624,0.013908854052388562,0.00844784958266007
88,0.00863090818574557,0.03168781347062659,0.01934254285858319,0.01744544255669017,0.015524093501795556,0.03344924147010525,0.013830906411946654,0.020211771198543744,0.016419756036809275,0.019757091838102293,0.015268751734214775,0.020575670919830428,0.004576935008700741,0.012691195686149421,0.021625576075787092,0.007700709400450313,0.008709746665619605,0.010099546739340695,0.6861795128906575,0.016272787350301163
89,0.2270288613489807,0.24968320347973094,0.0053376176814398475,0.007967587796097844,0.006229629875069807,0.10225211284718992,0.0035549023076734054,0.007253696254249365,0.00786505017100142,0.0018999050566852365,0.007123299920934565,0.012772359771710847,0.002057194387209159,0.006838527780501934,0.00450038929621759,0.29153464733331064,0.040369240877930306,0.0035610028505969906,0.006136302560730192,0.0060344684027392745
90,0.0029444168795180713,0.048141633997774456,0.005677195612786801,0.003815650006408052,0.087688196639244,0.0019630921890235477,0.02030650513842162,0.004059144237934558,0.0053888321699341775,0.004414216081367516,0.009393753577115145,0.012102705070156197,0.0026299809872707344,0.38668700920428967,0.0013541085049577966,0.001249915359832092,0.0019129867133345876,0.001859891726555664,0.10342622229146219,0.29498454361261317
91,0.008930133773570393,0.05322085823168657,0.05138609952373764,0.04332007509869288,0.051635550121807657,0.005225292266640814,0.026201774056728414,0.010158414744564472,0.01970957479607381,0.04971778750365797,0.03962263392498853,0.022057108792911725,0.004059404800966536,0.050819550617118556,0.005609377080466393,0.010929811905031173,0.0052214977524131,0.061360889415983284,0.02118354187435569,0.4596306237186043
92,0.13992166882504256,0.06950229059665003,0.005749368767324384,0.0035583840120375497,0.003765891937778877,0.01950570797439641,0.00214163127116347,0.13887413036144608,0.005626183535601546,0.05285846100525457,0.12868317606435659,0.002877225510128768,0.0005609279714660364,0.002949705448846251,0.0011140381242419452,0.117636484413896,0.14852310563879678,0.1502904998012437,0.0034717565326380325,0.0023893622076903453
93,0.5741298924152533,0.06350646101849901,0.010023861264605888,0.010622411241083584,0.007489833653829892,0.16721533147793993,0.0060692507786795705,0.009690725581759973,0.011878686244696015,0.0032591025524098187,0.014913085072789385,0.0072673940553461295,0.005289145453163124,0.00861285654962943,0.0032535143360669593,0.03943814708570862,0.009292308811424484,0.026689874243447678,0.013069420135218477,0.008288698028448711
94,0.10981567726123767,0.0308625041073942,0.0032796490174222454,0.006082155262544543,0.0028237868755038083,0.15409993112662942,0.04666736437359034,0.03408619525596086,0.0049728576018602385,0.001171286758098109,0.01691856615851395,0.016417066390181315,0.0010484170509076237,0.020368520883891468,0.0013643418213254278,0.1613313031695565,0.3509254353441999,0.030178126709003744,0.004210017285800791,0.0033767975463778223
95,0.02300836741897196,0.051445992452670224,0.048583882368670825,0.01382272651668387,0.008194538612319698,0.01822692958351597,0.10934274035607207,0.13465532607196742,0.024061943589078576,0.10356008629652151,0.04135926468924822,0.12203263379631646,0.0018090738488067153,0.07122303994030402,0.0015165861391877324,0.023994760622557294,0.026822812909099235,0.08255472812387835,0.04917195122382968,0.0446126154403002
96,0.04724207499650131,0.03115036372290808,0.0014655527248262838,0.0031229510707416336,0.03212163919915803,0.04793318802477628,0.010676066877572336,0.028127772881441193,0.06795839814285683,0.09080396457781101,0.05465757318973888,0.09247301284590154,0.06428080000325721,0.09104918250693066,0.15224430555677967,0.06547103935889038,0.08117724081658853,0.02647017931258453,0.009292681468538072,0.0022820127221975578
