site,A,C,D,E,F,G,H,I,K,L,M,N,P,Q,R,S,T,V,W,Y
0,0.01332139434739795,0.006194602452701195,0.024752861995869745,0.016550823280100484,0.010923543364866319,0.07155045513133748,0.006083347135748053,0.013004218291507521,0.1445680458487172,0.003385548212661823,0.015171588006758777,0.021847086729732637,0.03055580292765496,0.011873416700941651,0.5498304000923784,0.012462430826907912,0.014373083374824104,0.005461771682433159,0.015085361305953098,0.013004218291507521
1,0.014957000258566269,0.01595351702385968,0.01902150106690962,0.019740807958622278,0.019782361109586005,0.4969462724331158,0.09891180554793003,0.01902150106690962,0.013737750770545835,0.0071675221411543494,0.01268100071127308,0.02355042989236429,0.12363975693491254,0.030909939233728135,0.002828037613036808,0.009158500513697225,0.02909170751409707,0.007697601860167777,0.007727484808432034,0.027475501541091674
2,0.00426935317333054,0.019088769885234724,0.006484716599840671,0.010159979703622044,0.008820202160287269,0.8139334430068941,0.010159979703622044,0.012161187827062749,0.010032979957326767,0.0030518570212400816,0.009909116007236315,0.012740292009303832,0.004639528303966136,0.012348283024402176,0.003028824138060911,0.030608546689673655,0.005774376953857133,0.003695420335123104,0.006744860475513793,0.012348283024402176
3,0.0630652873262837,0.05656645413353999,0.012113899945084288,0.0057623069206887605,0.014949068017338056,0.7105830098817372,0.01232642450552436,0.02066488814161437,0.00924481837914327,0.004084919748923771,0.011908579607032012,0.012113899945084288,0.005806662783594121,0.01463762910031018,0.00724182455325934,0.004132977628322874,0.0057590671870072834,0.004121921257879012,0.0064267241793466694,0.01848963675828654
4,0.05985319877030944,0.05200237648146488,0.02279324943181091,0.039751190042222544,0.03466825098764325,0.021761456247654857,0.02677863240739886,0.05745024449380882,0.06552627378708582,0.043568049039250926,0.03660333895810252,0.07056826594933048,0.003377412126668838,0.12230524085361948,0.07126422973195427,0.07789123515404757,0.07858630132582935,0.08564333993204445,0.007219215598887212,0.02238849868086551
5,0.19585848466487843,0.06583858147613034,0.0040866342432869535,0.029338646172695125,0.004994775186239609,0.4564008289117723,0.0038421347586458533,0.005227090311180986,0.008173268486573905,0.0014361973378963732,0.004994775186239609,0.0065149241559647065,0.0017981190670462593,0.006074726577858984,0.019864675513407558,0.16840655678500932,0.002757851329825551,0.005851633884759402,0.003058025624228332,0.005482070326360546
6,0.05944248708175789,0.05067832141990689,0.11676325945020352,0.10908362268008887,0.04169940085532422,0.00930034188010475,0.04293124990636145,0.030164113496299712,0.012241892367176304,0.03323638431536728,0.04880611546601175,0.045063357435381084,0.00732557042052993,0.09732689773148587,0.006861273703735781,0.044266481088159504,0.07100168253744395,0.054339622167737064,0.05869282324882413,0.06077510274810017
7,0.07280333666846335,0.05814254574186437,0.010186010479490335,0.010913582656596789,0.008857400416948118,0.0027283956641491972,0.009402471211837234,0.07510602118289954,0.007545192947770619,0.0025150643159235395,0.00783539267653103,0.007639507859617752,0.013134365609388559,0.009402471211837234,0.0024945331786506947,0.044624228056834976,0.6197890498559446,0.022800998330142895,0.0073633810695110866,0.006716050865598024
8,0.03377024476943943,0.17506749321828405,0.002204135860728583,0.0025913489173430638,0.0020843458682976816,0.015537905173172923,0.001917598198833867,0.1415851971392186,0.0021072507679493046,0.19406152368921534,0.006153044539552809,0.01610915168689252,0.09006177354529175,0.0017967311864559993,0.0005367448577727397,0.025637543535735326,0.11824506851345977,0.1665336295615262,0.00174327108984897,0.00225599788098102
9,0.003976949775472783,0.010966740289940099,0.009047560739200582,0.07846499332799092,0.008616724513524363,0.7330071215090029,0.00893586245846971,0.009650731455147287,0.013403793687704566,0.003216910485049096,0.011865653428459777,0.015079267898667635,0.004761874073263464,0.012925086770286543,0.04798383375231121,0.004208167785674689,0.005744483009016242,0.0033760361519637036,0.00730630312456536,0.007461905764289139
10,0.04672183432116869,0.09014312112468836,0.056593692468806085,0.14513713498007566,0.01318983795720775,0.004882496683576267,0.045042312307598996,0.06858715737748028,0.030659923364792785,0.04308680399354531,0.040009175136863494,0.030111434946210852,0.0009406794726366352,0.093026259431525,0.026902868252330923,0.02896848883024012,0.017028535624753722,0.13048285141557614,0.06158846784916599,0.02689692446175698
11,0.04280706296232163,0.01358658954891078,0.008385505472390604,0.020358899977404924,0.02191385411114642,0.0434770865565145,0.04940578017785738,0.04970703493503943,0.14326992638205896,0.08713138949844952,0.11485645879993792,0.051758436376802955,0.0017175131690438583,0.09822752431120546,0.10928953156877516,0.04395661324647606,0.019105628720322003,0.06674114164377226,0.01045122272993137,0.0038527998116389254
12,0.017306743996973364,0.009646575248001533,0.048458883191525436,0.026921601773069685,0.030795349708255662,0.00525226343490077,0.06057360398940679,0.03461348799394673,0.03461348799394673,0.029008238712351548,0.030286801994703395,0.048458883191525436,0.048458883191525436,0.030286801994703395,0.0422666341682073,0.026649821862913557,0.03461348799394673,0.006548497728584518,0.24276901615491414,0.19247093567659787
13,0.005598472155819604,0.018544939016152437,0.04945317070973984,0.026105480618117245,0.029671902425843905,0.0040646441679238225,0.28290026098177,0.09115318795649427,0.298266142350796,0.008019433088065917,0.02472658535486992,0.011846616641591277,0.00618164633871748,0.015509982953255664,0.015738628065918497,0.006055490290988552,0.012719925717276153,0.006900442424614861,0.01236329267743496,0.07417975606460975
14,0.0661519521222926,0.06102033831195788,0.02650905719073603,0.013997496960449118,0.02952597015094736,0.10744386431054816,0.05450948335559512,0.09070378030371026,0.051178348261642095,0.045591847242605704,0.07752459855017974,0.027715043981689252,0.0005321190500368669,0.039367960201263145,0.05869404975461051,0.07217881043753559,0.08323220244769386,0.03447465281913835,0.02099624544067368,0.03865217910669471
15,0.08244189632006953,0.06098450735465596,0.007026297981824107,0.14299132734940284,0.004133116459896533,0.04058922099882225,0.024727487280320197,0.009504171183143721,0.09555765255280785,0.043259991462917834,0.09075634893189471,0.05186077081822556,0.0005995999487382033,0.10022006423687096,0.09888763730405277,0.07701776437872473,0.055895479743362626,0.01040933034344312,0.0011706475189650633,0.001966687831861307
16,0.003533894802149504,0.01449738619183864,0.011285664045574222,0.008970656036225662,0.007605556204626104,0.003331957956312389,0.0048591053529555665,0.17012238898586168,0.008136176404948858,0.3524013394409331,0.19594423217547238,0.011661852847093363,0.0024637282101247775,0.00920672593191581,0.002425176066373293,0.002939962902628578,0.027500196487611445,0.15125108068186296,0.005830926423546681,0.006031992851944841
17,0.057221472472774336,0.08521597746714701,0.059821495560019006,0.0070432326298209115,0.005869360524850759,0.048340699944999746,0.03880686707577299,0.04861852005962618,0.04304611367983493,0.037431957922013086,0.024414494921717045,0.2125064846384331,0.003353920299914719,0.04421405482774366,0.056397483269166375,0.1369234951374359,0.048605937626898535,0.0319323729311482,0.005869360524850759,0.004366698485832515
18,0.07718249227595386,0.07622370355202898,0.031939891974230764,0.04285135176478457,0.03488846132729684,0.07074094592811109,0.0824242189355945,0.03608813473434073,0.0563174240081247,0.05672510190869272,0.045326006544327474,0.07030156117079363,0.003214198111175844,0.06471637288893552,0.0568781109010935,0.054028051640517334,0.05354804164717825,0.06664002152648148,0.011178214013989008,0.008787695146349205
19,0.00527510226184844,0.051243675478099125,0.005477578711367522,0.005960894480017597,0.12257547817764246,0.0031667251925093483,0.004136130863685679,0.11281618929781848,0.005477578711367522,0.2981175513119106,0.20413862392394305,0.004312136432353154,0.0017175458671237146,0.12006574275221979,0.0027118483458798315,0.001458060520292074,0.001198406860235118,0.033520959138603035,0.0037531557837147834,0.012876615889368498
20,0.07367994736967418,0.04219196893224693,0.06607145134876168,0.04435565964672114,0.002143456657808654,0.0747475005157708,0.06940839333607288,0.017797023932326378,0.01965762188888777,0.02639006823610414,0.049900117102561266,0.03793576153995886,0.08496559783255561,0.09217846347364007,0.02278019063337776,0.10117735059602952,0.054464274333783015,0.10951377982543159,0.0020988013107709736,0.008542571487516661
21,0.08079511913691774,0.0067875544329792994,0.042957304619391824,0.02243663826457047,0.002520302777549993,0.07769215481347799,0.056091595661426186,0.004273645383727707,0.07692561690709875,0.017195137896880895,0.0370382599923068,0.07918813505142519,0.09763635992054844,0.1107728883462222,0.087511710976883,0.11837406929903854,0.06315255763576713,0.01257328094175354,0.004244720467452619,0.0018329474745818128
22,0.06551269608406592,0.0558017433459411,0.04310203623962347,0.04058308606977535,0.012591162601135426,0.06927112967082344,0.07062668411545979,0.05521435657387857,0.03687767386340456,0.046770293365727446,0.0570725468622377,0.06468446983774397,0.06802831011354386,0.10265278824657939,0.01810907003370012,0.05503733590284603,0.04733063531993076,0.03255549748735207,0.01074700242218125,0.04743148184404994
23,0.06325930893719725,0.05974864255783284,0.18023797872088684,0.09621594625187382,0.0033030976581762015,0.033380533478210545,0.08548477512069441,0.00913802768531561,0.020863073179027088,0.02415050173976268,0.04112112458392025,0.12945539220863778,0.002313424730459648,0.07821087973297125,0.015401170256149907,0.06213858826014614,0.0312946153606699,0.035532645323699937,0.01640158815313058,0.012348686061237308
24,0.012721141145240224,0.009823356625104761,0.029682662672227186,0.014247678082669052,0.3581757522206289,0.005238116942157739,0.14558115054929804,0.10276216721851957,0.012721141145240224,0.0012488423457215384,0.009894220890742397,0.01874694484561717,0.03561919520667263,0.02226199700417039,0.005479876185641943,0.0024715850342752316,0.014841331336113593,0.01585026165006138,0.041425530644109185,0.141207048255789
25,0.09924387000688692,0.07219626711105273,0.007427725085912186,0.02014971124727829,0.04863614526698443,0.013117993832538949,0.09923617313047063,0.0558157776796265,0.011296050244686318,0.07271832345016815,0.05359056395153508,0.14988404107902906,0.01129605024468632,0.026626404148189172,0.04445542354360421,0.07150958589952604,0.022592100489372633,0.04518420097874527,0.0038363944227236555,0.0711871981869835
26,0.001303043000034841,0.032880389888803895,0.05881045345964922,0.00698906838216121,0.0012667387304435202,0.0025381353598374922,0.05564373673489888,0.02078645337797946,0.12365274829977527,0.010955743309325625,0.049642941596821547,0.13020634395966335,0.08427392828585979,0.10716571519313857,0.06576077977760778,0.12739808933939223,0.0989533289865683,0.011215016706258688,0.00837232149946395,0.0021850241123162143
27,0.006708512658143772,0.009998001319532325,0.06667010430816955,0.012556959590884494,0.23254214916953858,0.005900258121018016,0.028561041212518262,0.017490050858731974,0.015303794501390479,0.004946681050954498,0.011944424976695006,0.017490050858731974,0.009994314776418272,0.024486071202224763,0.006278479795442247,0.0056289818855689115,0.010202529667593652,0.006121517800556191,0.014840043152863495,0.49233603309302365
28,0.006686048175440135,0.012257754988306913,0.012680436194800252,0.05952056949934107,0.008171836658871275,0.006451449993845744,0.03506464523901335,0.01960257366297618,0.3693951106041687,0.0036052220553843863,0.010506647132834496,0.008940682368235099,0.007994188035852334,0.024515509976613826,0.25934324112252255,0.010467058280302493,0.09165738377167566,0.013486402015005136,0.012680436194800252,0.026972804030010268
29,0.06008177246164671,0.03722237755199663,0.005372609423756217,0.05388998781738537,0.007675156319651738,0.04941591502592656,0.051180769133995364,0.06717475948836892,0.1618324686029846,0.07134289030799353,0.042692475112976504,0.04530090469035284,0.0035817396158374765,0.06973169963555713,0.16146006744762273,0.04986844172030317,0.019847704397121642,0.033198336735564556,0.00316035848456248,0.005969566026395795
30,0.20878539346998176,0.04217561031128887,0.013165069715249266,0.006582534857624633,0.015359248001124141,0.020433919724461663,0.09462476672404556,0.05168579695010891,0.016736353298130502,0.007662829546941001,0.009215548800674486,0.13752916405855065,0.019185395738777623,0.009215548800674486,0.041699049742799726,0.18492221501232195,0.0807113626098052,0.024664099597244953,0.005945515355273862,0.009700577684920513
31,0.2108795001500438,0.06233631325036963,0.036221409215713034,0.015543011213440192,0.008767852479376516,0.34344557580558926,0.03621917042556003,0.013677849867827366,0.013151778719064776,0.004274328083696053,0.009498506852657893,0.05432875563834005,0.006332337901771929,0.031086022426880376,0.004499292719680055,0.1129495309163488,0.007433614058601832,0.005337497233317623,0.009769892762733833,0.01424776027898684
32,0.008612672594286958,0.14172523716071175,0.022069973522860328,0.014124783054630611,0.01676345405524568,0.006188040479538181,0.0153530250593811,0.35476242199647084,0.017655978818288263,0.004700133435117472,0.01852202626152592,0.04041125674406856,0.008827989409144131,0.03210177966961502,0.0047082610182102025,0.004634447390515397,0.10228546791925135,0.15535639710814755,0.012611413441634472,0.018585240861356066
33,0.029829302531765876,0.013331480199635126,0.00563046931055046,0.005004861609378188,0.03758736778508236,0.0019032572317353677,0.05603085881006067,0.0026014759464060644,0.005857771602869978,0.10229964015733754,0.032217743815784884,0.028930077865511442,0.0014449694850405506,0.07580645603714088,0.04094965569109107,0.07844368765393514,0.13571248092744154,0.06203489696528563,0.22800249469632375,0.05638105167762355
34,0.009021681114960026,0.015682431227187286,0.1891673885018836,0.4575227544502154,0.013781530472376706,0.07253623520954265,0.015682431227187286,0.016242518056729684,0.005554634424286724,0.005227477075729095,0.05583749178625759,0.011369762639710781,0.005546225677907699,0.012968642959991979,0.005223366046036334,0.015455020047982007,0.006996777009052788,0.05670646967371215,0.01684409279957153,0.012633069599678647
35,0.020871305324191215,0.09780819910710199,0.009333701667701864,0.03483637443440097,0.006039454020277676,0.00360196042826839,0.006160243100683229,0.14330038473831225,0.009333701667701864,0.0016104271289234182,0.0378218369666895,0.007700303875854036,0.04732654795504935,0.008105583027214775,0.0019744368912446245,0.011142706227391368,0.2316509978852416,0.31060141012755615,0.0030801215503416146,0.007700303875854036
36,0.22505390746073312,0.06748814767879165,0.011234603893717065,0.038580669850411406,0.04854688850866848,0.01651035010835647,0.03215055820867616,0.01071685273622539,0.006127965760209311,0.033548408565575116,0.02679213184056346,0.06430111641735231,0.045929368869537364,0.12860223283470465,0.010792215450366582,0.055825934653509525,0.05970817953039859,0.0307527078517772,0.02392008757255179,0.06341767220787438
37,0.01864275515799699,0.05126757668449173,0.04557117927510377,0.01864275515799699,0.03154927795968721,0.0026104965514228786,0.04557117927510377,0.02167380845335875,0.008295686242417,0.014647879052711924,0.03728551031599398,0.06835676891265564,0.034178384456327815,0.01708919222816391,0.41134930569824685,0.05717782784354103,0.02929575810542385,0.01242850343866466,0.015774638979843606,0.0585915162108477
38,0.10699562434317413,0.012901815873392989,0.1972581807844305,0.23363766277196313,0.013660746218886697,0.049852128236858355,0.05055884065880019,0.061443035522847425,0.007047402371546304,0.015330341536393621,0.008601210582261994,0.030162944711216017,0.0017202421164523988,0.03681532792796661,0.002732149243777339,0.062089804317824786,0.06694057028015483,0.016988688735755108,0.01843291065685423,0.006830373109443348
39,0.03215231717044049,0.003963103287990645,0.12127991686543894,0.1517838026373632,0.016557331112128603,0.04412205716296094,0.03878293774012106,0.04464347055418379,0.0018096308106123902,0.052666404282196294,0.08863041948257076,0.04612399381235825,0.0682485111695057,0.07081663696442883,0.00662293244485144,0.03342824804077479,0.08753309047945323,0.06517769118090741,0.00925786255731922,0.016399642244394046
40,0.48081153407037075,0.011099363739836362,0.022592379245562972,0.011363634305070562,0.014037430612145988,0.019141747132093965,0.017045451457605845,0.011363634305070562,0.016457677269412538,0.00407925334028174,0.017676764474554206,0.015909088027098787,0.026990773568059144,0.016457677269412538,0.004772726408129636,0.19169886398017713,0.0026857392875007983,0.07971486944612308,0.02386363204064818,0.01223776002084522
41,0.07258881589209115,0.03141426385716335,0.003617237943664042,0.005167482776662917,0.004019153270737825,0.0022413929101632326,0.0008895647279872382,0.08924154424380616,0.31827403891147665,0.01821960816401444,0.013791875019497319,0.0065767962612073485,0.005463250788978108,0.07795407619715876,0.1455131798363193,0.043675129359891394,0.07714099587176468,0.07731808723051528,0.002371959307320684,0.004521547429580052
42,0.07484211363938104,0.03591482838789038,0.02963747700119489,0.12348948750497869,0.007317895555850591,0.010387050962068477,0.07062486119093923,0.05719513105493751,0.016465265000663826,0.08887992963347774,0.03881098178727903,0.07301987087250916,0.0005956152087080389,0.04679601631767614,0.10411530338076051,0.10751488034672309,0.04885298406790366,0.04233925285884984,0.006735790227544293,0.016465265000663826
43,0.29317991950730377,0.16414113923475643,0.0045341173146071605,0.021929787832983653,0.024509762872158197,0.023859395553935063,0.04419184517858827,0.010791113241144498,0.030864145839014024,0.06296285751158862,0.0757574488775799,0.023640622344776697,0.0024677963269576393,0.029239717110644867,0.028859980524792342,0.07050461328128918,0.0020308770770225385,0.02310480171168873,0.00787459614894328,0.055555462510225265
44,0.016673530223290944,0.013497619704568857,0.005831508672204368,0.008261303952289521,0.16763198004344582,0.004019012733546253,0.02908568982769452,0.23110017061869828,0.005719364274661976,0.29982380717286966,0.09448333793198203,0.005217665654077591,0.0009127789004475132,0.00901233158431584,0.002148993372492672,0.0019695823992213427,0.003626913930273448,0.06935479060964639,0.011015071936386026,0.020614546457886983
45,0.05916305826957874,0.03181409737137724,0.0342447682537165,0.07767483008476524,0.03386553493972186,0.03831637255862415,0.13646202076480987,0.021691430025939026,0.08088974777419017,0.0570149538811877,0.04559268895286412,0.05527685120929808,0.0005709557190575201,0.09521749780720049,0.03860710861269993,0.07526092035835805,0.048468751029939174,0.03276344240050231,0.01383832897025184,0.023266641015917928
46,0.05423983996501737,0.07623933068813173,0.14521294405228538,0.15516776698672619,0.019328281019526352,0.05882463731395894,0.05442325400922505,0.0422248600734268,0.024505499149756624,0.029793527913651478,0.03211784569414911,0.0576280761231339,0.0009481711349051789,0.05489231809545485,0.01979290315941881,0.090556039363781,0.03545128876998125,0.032209947349647085,0.004367333712290521,0.012076135425532318
47,0.05182614679313,0.0892971414234317,0.00789205505215272,0.03121451491443294,0.037092658745117774,0.19644441805263807,0.06269181759738217,0.004060895700052853,0.06954873514709584,0.012790571981075092,0.06832858189890116,0.16829076652877512,0.0012994866240169127,0.09273164686279442,0.048735955923522103,0.044433914121755666,0.001584739785386479,0.001565956178381621,0.00541452760007047,0.004755469069886894
48,0.052896739379265326,0.1677600821596582,0.017974294517106238,0.07085358887561412,0.11982863011404157,0.00797705651514218,0.04793145204561663,0.07535699986107681,0.006850636351006983,0.048793853843642376,0.06538209632407682,0.025118999953692267,0.007535699986107681,0.013072214194259085,0.03478895712988303,0.017974294517106238,0.04313830684105498,0.07541808373732413,0.015071399972215363,0.08627661368210995
49,0.0586932287205914,0.05378726896138421,0.039910550861672736,0.06293110468481952,0.060241741236750315,0.013373871947753822,0.008390813957975935,0.01157353649375991,0.05085341792712688,0.05386695380428996,0.04894641475485963,0.059046468593163995,0.03713981543880535,0.04475100777587165,0.034530098592493556,0.0482659015168511,0.0577171268416976,0.08371472466199016,0.081365468683403,0.09090048454473931
50,0.0659766041930222,0.030465635915075766,0.10230435764074829,0.057546201172920884,0.019182067057640296,0.03690894282125272,0.08220885881845841,0.035802710542574175,0.016394269569853473,0.023705599289143533,0.03138883700341139,0.09631416827888864,0.0072412726182525845,0.04143326484450304,0.022390201605111886,0.06647294374317916,0.07261019489267038,0.11108918835120382,0.02301848046916835,0.05754620117292089
51,0.08392198552019446,0.07011203853585866,0.02920369208435766,0.13372295531865333,0.014239388870919066,0.14109566850230887,0.035693401436437136,0.0031900701885739665,0.031231726256882496,0.050193845769989726,0.029097881605791135,0.061777040947679655,0.00096139101573462,0.042067223121515195,0.021095427596634832,0.18505471550099117,0.05819576321158229,0.00293741714890183,0.003509077207431363,0.0026992901595625867
52,0.005916124019822069,0.015690589791702007,0.01443534260836585,0.014811333897001327,0.018044178260457313,0.7277198318605513,0.011456621117750672,0.016039269564850942,0.016039269564850942,0.0045972428689063215,0.013618247743741365,0.014152296674868477,0.007146209212062303,0.02405890434727641,0.027990517727300445,0.0054679328061991855,0.006683028985354561,0.019535110744159992,0.01899387185311296,0.017604076351665672
53,0.010685851982948892,0.004819782375469094,0.005972849926041564,0.006331870963851554,0.23238456883735387,0.002196771558887274,0.3270628331072428,0.011836636042651082,0.005045709674319207,0.0013507819027656256,0.0046132202736632755,0.004548245340231398,0.0009120498131578744,0.030293312811878605,0.0023776378332114106,0.001910801296783605,0.005734519325011083,0.013380545091692526,0.1567795943762464,0.17176241746659304
54,0.27842820685868325,0.09823026970058282,0.003827724044426229,0.006007382076159127,0.006007382076159127,0.010196886057156454,0.004063817286813527,0.0047644754397124095,0.00614087945562933,0.0022285449637364503,0.0057570744896524965,0.0033293924759436127,0.21796169962512973,0.007676099319536661,0.0024454829690559276,0.16968722215528442,0.12572771219267184,0.033670182824408014,0.008635611734478745,0.005213954254779619
55,0.0018667836470620182,0.020984996264991295,0.008212769651171242,0.004992039294084982,0.007125785432633871,0.0036325702062407024,0.006133587461001307,0.0031182725013859506,0.00605691761773879,0.0026431226332521134,0.013459816928308421,0.006460712125588043,0.3847249315248404,0.008075890156985054,0.0033188589686239944,0.002274898635770437,0.014540784813537275,0.4901686394581496,0.006824695907311312,0.005383926771323368
56,0.011018371523628811,0.012088885044813332,0.009066663783609999,0.02105805781999742,0.08072613127896072,0.006661222371631835,0.008703997232265597,0.015921946156583412,0.01813332756722,0.0045333318918049995,0.019781811891512725,0.007960973078291706,0.03922310766308747,0.01332244474326367,0.003908980792933652,0.6593841844540236,0.004469260013762988,0.006944678642765106,0.015181390521393489,0.041911233528449415
57,0.014596626585020442,0.11677301268016357,0.0176942702023651,0.01153974143632506,0.01396916068607771,0.011541963916433385,0.012638764430260782,0.012947026977340313,0.009479073322695587,0.0025433649180074906,0.02024065553122835,0.014346705569485214,0.013014850572638941,0.039097574674976536,0.535568000087717,0.09200297968740158,0.03006037950182428,0.0059643607423702566,0.009895788293700197,0.01608570018396827
58,0.006080633006215851,0.010472201288482854,0.012566641546179426,0.007703745452107557,0.013962935051310476,0.7620900655829982,0.008976172532985304,0.015079969855415312,0.012566641546179426,0.004165737529120251,0.017534848669087572,0.013709063504923008,0.004120210343009648,0.012360631029028943,0.05612196742555944,0.004333324671096354,0.005669161599780192,0.005777011848308332,0.01299997401328906,0.013709063504923008
59,0.11937554742059145,0.048424294370364496,0.007344549764298507,0.008568641391681594,0.0088641117844982,0.029362861699905346,0.0034737735371682126,0.006911282516140818,0.00659126260898584,0.00259655799747927,0.007560565933836698,0.05144603208742451,0.002216027946124549,0.006947547074336425,0.008041677034493301,0.25867105899866094,0.17126959382551113,0.23438036541617266,0.0062697376036694565,0.011684510988656718
60,0.10170408754138531,0.12823771698880954,0.00846247398087016,0.014415552271160067,0.24044571935401793,0.022869428330907722,0.01015496877704419,0.02030993755408838,0.0092317897973129,0.002672360204485314,0.01923565754832143,0.01015496877704419,0.006346855485652619,0.007253549126460136,0.00211561849521754,0.25497920184130535,0.06581567666060817,0.043860159837046005,0.006346855485652619,0.025387421942610476
61,0.015831214081236507,0.012911217805904943,0.020657948489447908,0.003212314971685586,0.012296397910385658,0.006066184156139707,0.03037933601389398,0.01912773008282214,0.519750643534839,0.006075867202778797,0.031736160572971996,0.1098879949289728,0.01395807330368102,0.01822382844295046,0.1184443473858834,0.015100542662102513,0.012062590694410234,0.0065373254713442745,0.009931706004542263,0.017808576284006814
62,0.0030833632756719384,0.007983708481650554,0.00859783990331598,0.010904577438351977,0.29522895604279353,0.00378887860146128,0.0041620133632042965,0.10505786258473039,0.007096629761467159,0.45276937508797727,0.00677405568140047,0.004609151288375578,0.0011701754471568873,0.00757775720292256,0.002002357255666688,0.004169883987240504,0.002677171706421743,0.05880698650213737,0.008279401388378353,0.0052598549996756595
63,0.14407743636413256,0.06859128391660924,0.015702352484902565,0.07639798420539132,0.007524043899015811,0.08965763659675889,0.011575452152332017,0.0009966409300108722,0.024226278668247423,0.021424396187028075,0.11662268043474512,0.008025646825616866,0.0006340430474041575,0.10337382052560855,0.06345756090099097,0.09420769713152932,0.04879241964812686,0.035695464079051754,0.0479498390852533,0.021067322917244273
64,0.006396284823217504,0.017511774971073972,0.01043604365893382,0.012656478479983573,0.0837540449245766,0.004531567878998919,0.0074356811069903475,0.011223669595457128,0.011223669595457128,0.0028208957558247716,0.007827032744200366,0.010082279467105555,0.0038377708939305024,0.008148691624099012,0.09421633125711613,0.003627161515605048,0.004957120737993565,0.005775286296691533,0.6010280650515076,0.09251014962123687
65,0.0065289907073509115,0.018513908232139244,0.013573428049492686,0.019838087149258544,0.03387544390627009,0.005210002685663859,0.01199512246234237,0.010974260976185575,0.011722506042743682,0.5195663963440652,0.23853570603781568,0.012280720616207668,0.0034850693640589322,0.024561441232415333,0.0045244760164975615,0.02989451095180375,0.0069701387281178645,0.004594371431913389,0.009027911680082037,0.014327507385575613
66,0.17163787372697273,0.3015184954972715,0.0076698352713467,0.004392211012761554,0.009144803592759527,0.0027582948412718626,0.00904555486491815,0.006793282668907078,0.007430152919117116,0.004992050612604378,0.017524245560905063,0.0076698352713467,0.0023776489341174774,0.006793282668907078,0.0023310283667818408,0.014416345756174611,0.16371060800585996,0.2390817192414724,0.0081987894279913,0.012513941758513038
67,0.01585549760761801,0.010492012397798697,0.056254457603362666,0.5295600828574537,0.011922741361134885,0.002649686939331381,0.008326993966506902,0.011657791553109663,0.2724517251805857,0.003428762221502842,0.010492012397798697,0.006994674931865797,0.0029638453101126262,0.009538193088907907,0.010272546345188658,0.006510305210674355,0.004857413147129026,0.005564704289146859,0.011161715316807127,0.009044838273964394
68,0.008596474077923476,0.014941490659247946,0.012806991993641095,0.014262331992918494,0.011621159401637292,0.11222362095401354,0.00936630757743901,0.03950758156439807,0.03785431475443288,0.0036065667108529527,0.014262331992918494,0.009960993772831965,0.004683153788719505,0.012068127070931032,0.6333348587480978,0.024292355572944967,0.005920213280079374,0.007213133421705905,0.011409865594334797,0.012068127070931032
69,0.12147185621150511,0.006677014259820758,0.034502371845176835,0.0046598524632153965,0.005921125853048597,0.6397408259283766,0.003607122646110065,0.0052303278368595945,0.006897135609045617,0.0021275909844852585,0.007845491755289391,0.06212480644741663,0.0015688330899218915,0.006897135609045617,0.01842512761045083,0.052239253304688996,0.0025206399213781173,0.0026729486958384924,0.008717213061432657,0.006153326866893641
70,0.001983485326853264,0.001958668699252742,0.004327604349498031,0.005770139132664041,0.1751989620341392,0.004882425419946497,0.0522097572916605,0.02531998932678163,0.002759631759100194,0.3090469654877977,0.16989603227927066,0.005094565256897711,0.0009969350333922167,0.00328301019617092,0.0014425347831660102,0.001062966170772246,0.00142100441326801,0.008038091849771943,0.03349204937404977,0.19181518181554658
71,0.044158521457690135,0.3840973616421676,0.008995739005659146,0.008995739005659146,0.04353405751788442,0.0026237572099839174,0.0039356358149758765,0.05213554468875674,0.005247514419967834,0.18989671179876458,0.06434984730182765,0.004722762977971051,0.0011489391072962015,0.00438645299543404,0.006015264716515568,0.0017173683556258367,0.04967050711482025,0.11427690098444658,0.005247514419967834,0.004843859464585693
72,0.019219088484769418,0.05552181117822277,0.11958543946078751,0.2331916069485357,0.037014540785481845,0.06246203757550062,0.09626681411031146,0.011104362235644556,0.003059111656332803,0.0489651123797576,0.03592587782120297,0.030284624279030604,0.01258920791014711,0.05839103443214529,0.012178388916544112,0.044417448942578215,0.03932794958457445,0.033649582532256216,0.012678692348809131,0.034167268417367856
73,0.014294875569982914,0.10503729165428045,0.03232795121519778,0.01616397560759889,0.02424596341139833,0.008433378577877683,0.017254407607033433,0.02984118573710564,0.02041765339907228,0.011158678250464033,0.1050372916542804,0.02424596341139833,0.38925936404626843,0.035266855871124846,0.006359596960366776,0.0037140104427042715,0.09119199834252169,0.01361594521444376,0.016866757155755367,0.035266855871124846
74,0.013115145313193709,0.06258925346554595,0.003890883088417024,0.016667163835517,0.09743880396148402,0.0419060119292999,0.07422432346102915,0.08889154045609067,0.003890883088417024,0.08941443187053828,0.11047948599542698,0.050136774666488505,0.0026936882919810163,0.049384189142272605,0.0020300259591740995,0.023493217618802558,0.030410263840241553,0.07291884178038689,0.02580722142273601,0.14061785081295697
75,0.007035991084077918,0.020303859985482,0.019739863874774163,0.006661869714875519,0.014502757132487139,0.7162537748940786,0.01480489790608062,0.021534396954299085,0.01480489790608062,0.006833029802806439,0.01615079771572431,0.01511989573386957,0.005112482730157336,0.01870092367083868,0.004329755759282732,0.006288806190193538,0.007480369468335471,0.012469655176219431,0.052132110425562504,0.019739863874774163
76,0.037942971937657305,0.04156267184192315,0.003912259175065138,0.00465073490074607,0.05510764971897847,0.001044708190467284,0.2977746686569363,0.002811936282078068,0.09029147160343942,0.034498284783425544,0.030646830758566435,0.00979676515119835,0.0014751141151884948,0.02044981404823528,0.16522738647477098,0.034486268661940545,0.03989813764156488,0.016328192509326954,0.012544830830336563,0.09954930271815468
77,0.002172397473501297,0.23330576433025524,0.012832597934814428,0.01112019884228804,0.007195422780304026,0.0240015168050478,0.00906090276038285,0.06444299871894132,0.011649732120492232,0.08064890618823638,0.012876019712122997,0.004368649545184588,0.003096764234561227,0.012232218726516846,0.0049927423373538156,0.0034949196361476697,0.23826971676281383,0.24567310732006734,0.012876019712122997,0.005689404058845044
78,0.016050319601966647,0.20391222862009184,0.004468398296839945,0.004930018731278728,0.012000558160163915,0.0020485276907014796,0.006800025836246522,0.2678067963404108,0.007584644201967274,0.0513262095762595,0.08886280278812424,0.005477798590309698,0.0026648749898803936,0.006800025836246522,0.0029000110183992523,0.002465009365639364,0.0642463186063303,0.19822315963195702,0.0058000220367985045,0.045632250080388126
79,0.013012572321313799,0.01714779576110491,0.692430064628058,0.02500054214846965,0.014593868732855241,0.0025274939769786425,0.011431863840736604,0.01714779576110491,0.023652132084282632,0.008069550946402309,0.021434744701381132,0.07905210035304379,0.004483083859112395,0.020785206983157466,0.005317145972435629,0.004830365003128143,0.00540088055467871,0.007434362758782033,0.01344925157733718,0.012799178035637007
80,0.005272965005421153,0.009913174210191765,0.013396181365124007,0.014161677443131094,0.021287598702005313,0.0051631115678082125,0.040099031457563536,0.22102921877740295,0.01770209680391387,0.5005127801276484,0.0754030998840658,0.011264970693399734,0.0014154590928857186,0.013742716948638274,0.002719394523584516,0.0028985889503484697,0.003644549341982267,0.01588548452613746,0.014161677443131094,0.010326223135616423
81,0.017978276255752785,0.038285473171792726,0.015662239024824297,0.00827210596179654,0.015314189268717093,0.6939751942049414,0.014662521640261047,0.015314189268717093,0.02153557865913341,0.005260599367116559,0.020882985366432398,0.018625365326818084,0.006380912195298787,0.019689671916921975,0.0049616921232405915,0.006208455108939363,0.00883510919349063,0.00618639699797329,0.04594256780615128,0.01602647714168068
82,0.2668769832711585,0.4383930253843172,0.00904273127637145,0.013153063674722108,0.005416762405573178,0.004249940750743032,0.01173111084502242,0.009435893505778904,0.010586612225995842,0.002096865223506423,0.008347136562804416,0.008858185740118972,0.0026306127349444218,0.00904273127637145,0.0016741885914908984,0.11377149565926128,0.019878431852537536,0.003945919102416633,0.004198058946444373,0.05667025097042091
83,0.005938967403802882,0.02479995268123433,0.005680469737537535,0.018608432741613938,0.021991784149180106,0.7319864515173844,0.01273208556005164,0.01395632455621045,0.019614293970890363,0.006658063091036179,0.02687884729344235,0.009425050349648618,0.00604774064102453,0.02134496696832187,0.005258904905238722,0.003983906471378989,0.007114988989440622,0.01790485118961199,0.02687884729344235,0.013195070489508062
84,0.0251227622638725,0.03349701635183,0.10049104905549001,0.013398806540732,0.050245524527745,0.05158347233019582,0.06699403270366,0.07574440646499178,0.042083989047608586,0.02871172830156857,0.050245524527745,0.0251227622638725,0.06699403270366,0.06699403270366,0.20128071507511963,0.00614341135353856,0.03313798913131168,0.014355864150784286,0.014355864150784286,0.03349701635183
85,0.00919004521482262,0.09678964467466793,0.02419741116866699,0.0024580614368601077,0.04839482233733397,0.19390803434073334,0.19357928934933585,0.04839482233733397,0.027654184192762266,0.010754404963851995,0.03871585786986717,0.09678964467466793,0.02150880992770399,0.027654184192762266,0.005198046489612105,0.017598117213575987,0.02419741116866699,0.005213830224523007,0.011013733547583709,0.09678964467466793
86,0.010232490268400087,0.009072067511571339,0.05044422805588437,0.031735391894733185,0.010578463964911062,0.6721973220750177,0.006731749795852494,0.024683082584792477,0.027768467907891534,0.006664432297893968,0.04165270186183731,0.02211766542432284,0.003332216148946984,0.02665772919157587,0.008289430489216276,0.003472688248042079,0.006347078378946638,0.00876139761012737,0.018512311938594355,0.010749084351441885
87,0.009851917881152243,0.011505302763280129,0.03370392959341557,0.029107939194313454,0.02065724717015793,0.03205976737814211,0.017307423304726916,0.030494031536899804,0.026682277594787335,0.006056984438328338,0.022870523652674852,0.0355763701263831,0.0050029270490226235,0.016009366556872396,0.0023036192060467775,0.00810600838322653,0.009851917881152243,0.012556365926958742,0.6446810938714631,0.025614986490995834
88,0.2356651274039915,0.25917219867999924,0.0057350234784653165,0.009492452654011559,0.0067141738284472,0.11264302240455902,0.0037200152292747994,0.004152558537967408,0.008341852332313188,0.0019116744928217722,0.008096503734303975,0.002217536432634404,0.0009973953875591854,0.007440030458549599,0.0011898136215558798,0.2779311367829609,0.03738659390861571,0.00392440425670478,0.0067141738284472,0.006554312546817504
89,0.002929587670759791,0.05594500342505302,0.003284176962154827,0.004022717398655236,0.08195932753677207,0.001981779894925741,0.010682941408315856,0.004083667662271224,0.0057345120363808694,0.0030250736049497557,0.00490040119472547,0.003792514469866695,0.002591558324133662,0.43635753086707346,0.0012594489051864523,0.0012247281354822804,0.0018716810118743113,0.0017615821288228812,0.09995039943508788,0.27264136792750865
90,0.010101600389864338,0.08620018820785202,0.06228112276428342,0.04228965911021045,0.05845362433444342,0.005848294962553038,0.006233385955903324,0.013468800519819116,0.02963136114360206,0.049086211467208554,0.0325305070078542,0.013047244873982324,0.00477925179735517,0.048795760511781285,0.006536329664029865,0.004728408693127987,0.005555880214425386,0.05920552275429463,0.014337755392065513,0.44688909023534396
91,0.13649792126142296,0.06825802909900781,0.0022806398031390315,0.003669165127337626,0.0038788317060426333,0.018562219614704688,0.002340674305370555,0.14212296773114838,0.005430364388459686,0.053739175248302296,0.13398798304620052,0.003016869104699826,0.0005826571232252883,0.0033111977978412727,0.0010689693678070252,0.11642903421686207,0.1486885606344252,0.14999722784736552,0.003669165127337626,0.002468347449299858
92,0.5629718752555969,0.06488460136247756,0.005498976194336568,0.012924806454672418,0.008295025038073344,0.17864938031868172,0.006538431500598988,0.012350370612242536,0.015437963265303169,0.0033279441769515816,0.02223066710203656,0.008295025038073344,0.003431347507115199,0.013232539941688428,0.003250097529537509,0.03898492658893136,0.0017878640376617952,0.00929238001353587,0.017927957340352067,0.010687820722132963
93,0.12000879670458267,0.029351619129215942,0.0033603151149686032,0.0072211026938687,0.0029257916087226635,0.15905987719288342,0.04579685254203905,0.033902930126133615,0.005954242572137349,0.0012208339086756434,0.013089235557623324,0.015431781652221076,0.000734087566327799,0.01670005915972631,0.0013796415715928005,0.1613562711656428,0.34468387908667997,0.02918579077255369,0.00478016657199759,0.0038567253024071463
94,0.022003445528122126,0.05071270302671957,0.049127931057134575,0.012470336809849075,0.006914979943069304,0.017608577439833184,0.11022162204059005,0.13431368502655128,0.02055920392975118,0.10407028883852067,0.04002656425685295,0.12492005683233758,0.0009381779320872348,0.07371032416674356,0.0007977321338705829,0.024630500948105875,0.030088662027730587,0.08521468911972083,0.04829781240639958,0.04337270653601016
95,0.046847122144755816,0.03387693393705342,0.0016536885701853967,0.0034996665089970023,0.030488740319490636,0.04725536557933968,0.008981257225490155,0.029244301939103264,0.06889282668346443,0.09372622185576103,0.05143997725698676,0.09491105265690788,0.06350870923639419,0.09272163967750974,0.15180446337636308,0.06552172596270901,0.08133077485226287,0.02591542927156704,0.006230307804417652,0.0021497951412410158
