site,A,C,D,E,F,G,H,I,K,L,M,N,P,Q,R,S,T,V,W,Y
1,0.01722473859283914,0.05129165129264023,0.02503073673535346,0.02019934045306915,0.014738310266458717,0.039297335750430006,0.035978763810426015,0.01846194780492972,0.07387921846506135,0.008622120640481847,0.019564181513155098,0.022456865626467697,0.04562075134130996,0.016011297904595545,0.4935474924497259,0.03367501123096491,0.018149063754877744,0.017258935991327887,0.010581976001462923,0.01841026037442263
2,0.019400337166315916,0.02033907562135104,0.02436299008099849,0.04356126163612039,0.024948332129641156,0.5185084590069103,0.042517071070561505,0.02316097598587011,0.021825983879886258,0.011684012959809672,0.016833593346849533,0.02838572454355079,0.0470899935822152,0.03041758609716697,0.032427025642803455,0.013891647087402068,0.031972878370935494,0.01113633382669725,0.012039416872285744,0.025497301092628634
3,0.014142208185763167,0.02215526624008234,0.03524050742475836,0.013349166309456402,0.012056291561998098,0.7225836448782011,0.014311253009228721,0.014911419349334298,0.014431072528925691,0.004908531530305269,0.014009011471170204,0.016889039116233528,0.0073267614660507095,0.015501092635259395,0.00505331679712052,0.02931614843328054,0.009820177160388261,0.0063106977456186914,0.011087647120657646,0.01659674703616712
4,0.1557093171034825,0.01226108395861321,0.014832905392722319,0.041368461991331186,0.01643351147336378,0.5550242991051312,0.01501783124976415,0.02275571727731971,0.011688632785008002,0.006290054353268933,0.014093250827726132,0.014226085728097112,0.008703554738521139,0.017977835852665523,0.01083990165444651,0.005810232054372986,0.008472273456219176,0.02700375284068743,0.022553593561677802,0.018937704595581233
5,0.03581628319619691,0.08709801773430101,0.08115448367462733,0.021990684795325944,0.00737372558405446,0.023629879988301922,0.02844081095422472,0.12057905819219084,0.037693191499528225,0.05777974080826974,0.03983199224578263,0.07045680244929141,0.003056449252012612,0.11499321016589947,0.032079037212541656,0.06926645280852478,0.06617031030631511,0.05018257573526272,0.021811364556749813,0.03059592884059868
6,0.06095416424306338,0.06802566423689703,0.008275085664168968,0.04579646814226906,0.00938513231898821,0.5014859612009548,0.007504820725403332,0.011337218146255254,0.015096492474460502,0.00282738793819776,0.009766035914937259,0.012738135492029849,0.004177808062345443,0.012001037475077138,0.016921588679547284,0.1554298039648583,0.029508344179753676,0.01134358284004753,0.006336847662729949,0.011088420638015281
7,0.04289759477199142,0.03148312775232336,0.11147949677996476,0.13778031252467024,0.04704178835211226,0.0030551573813192585,0.04245679155658672,0.032114118476368934,0.004158843673701823,0.056932672428686035,0.10549396940400298,0.021170235412613102,0.008540465450141357,0.057741105783605806,0.01440298463436927,0.04699360565820183,0.04472744153629989,0.08018823012404529,0.08380719494385296,0.027534863355142738
8,0.030868525543043767,0.09450938174244314,0.013585383986872193,0.014982634826630155,0.013153336318429092,0.005681279431064791,0.015200544682216998,0.02932685143339447,0.012891876274446533,0.004846393015680923,0.014633193681597746,0.01223174508500013,0.01927600963414231,0.013919080427683486,0.005524454858576923,0.05189465498184336,0.618670957549775,0.007237728102104265,0.010885584531294632,0.010680383893760097
9,0.0681780416111747,0.17626712921714421,0.004195250967414814,0.004683082181648196,0.004244116634547683,0.01632334441072303,0.003653493982630559,0.05008087062563962,0.004146472732817297,0.17878233402884058,0.016835111612063944,0.030025054712685285,0.0654840915032016,0.0060025412978765205,0.002355879468899384,0.03971799912539574,0.15237396631083358,0.16888226363597764,0.0035613715600085485,0.004207584380477062
10,0.007945337368337014,0.017135930595088597,0.014598869363087108,0.028391020044537623,0.014275216893485248,0.7271581573327299,0.013391122299435796,0.013330944729646745,0.018622614643617606,0.005995956673323719,0.01711752984750392,0.019874720615315433,0.008743544109520857,0.017243393442114414,0.026413264654258507,0.007980607684435105,0.010074606313376975,0.0060593811287612456,0.013306502775083558,0.012341279486340702
11,0.041880759786905426,0.09900482646277214,0.03647516322259197,0.1304374954449518,0.01983745130581122,0.012600219974151373,0.047697715124373485,0.08463102960306967,0.026784641753897984,0.07584395742789757,0.014737178210860324,0.025500788566821246,0.001749029731424556,0.08856444014908735,0.022365630939327877,0.028954003337980636,0.03021482031102796,0.11933823825856277,0.02559734792762867,0.06778526246085594
12,0.01680970024352525,0.009222461546411355,0.014200901631715484,0.019460077853525177,0.008747257712056939,0.021404879519092514,0.048983701540234265,0.022360918791854232,0.15364998242738553,0.1897202766439116,0.1096852179075971,0.059393383515885856,0.0036927172183582827,0.04749701628894535,0.03013179509670735,0.04099314792264858,0.04654183826508501,0.10504918296150056,0.0058022046015813135,0.0466533383119782
13,0.026197819543317066,0.06485460581995141,0.04027051012752599,0.029414926479535763,0.027464429359898783,0.018598438008271354,0.04039715043791659,0.037682213968324496,0.03761803448232739,0.02114043710541634,0.035029943116398565,0.03721771812373169,0.03902048590221841,0.03458549065880453,0.038553782165429706,0.034162660373443794,0.034886501789961236,0.014322384916764158,0.3614458550746693,0.027136612546093432
14,0.013428827984505693,0.028963690313809656,0.038057079966097404,0.02270368451095705,0.03367805620490486,0.010343041804002261,0.031189750538798806,0.04857567619087035,0.44666595109594365,0.01732503353402128,0.0334769344430934,0.041547875564189665,0.015899627836281554,0.02627063563022718,0.0484591005110318,0.014543061607599836,0.04888848073496621,0.015165815867520699,0.02351204780657272,0.04130562785460595
15,0.06279750542935471,0.12789267440130297,0.07208990436390776,0.007177507337054071,0.056895070552698664,0.09974228213585076,0.10122294245492768,0.025792832522564743,0.017475513600738696,0.04245024408620958,0.029607856506599056,0.03504449388467913,0.001131848531711142,0.02507331769305714,0.04693969583040152,0.0658137068722193,0.0676658869349137,0.05327503278814558,0.025918133176309748,0.03599355089735401
16,0.23164182940889508,0.0251038285477186,0.012758962980059848,0.024827998594018113,0.00467179942070076,0.09152124807309277,0.01799172285239095,0.012157338890125676,0.054262239574647084,0.02430342781152695,0.07523699536965175,0.07401750436276822,0.001882731840957591,0.03850216445453996,0.1377653031745318,0.049342754904619666,0.0934007646429754,0.021607885671559756,0.0034760112948889373,0.00552748813033102
17,0.00913761615323217,0.016202157200280003,0.021776777176819584,0.016678807720166434,0.01624053811048937,0.00828518865805508,0.012356275244297915,0.047098039469869214,0.017689347274394453,0.4973289244682332,0.06564632415531878,0.021695591131255597,0.02188074419134599,0.057301495110039374,0.008177268380554346,0.007468926551042537,0.034587584891554175,0.09147376710539817,0.015201399834922467,0.013773227172731125
18,0.03464989077444083,0.01776850450672526,0.09286431526376462,0.01647929519217779,0.014168036065486856,0.015920223266968268,0.019178767701456805,0.015772518012061167,0.04156193932218614,0.02162432942363534,0.07338437469541613,0.31271265824009903,0.008616794667074027,0.03712491823935156,0.07090108067981346,0.03703550413886012,0.05210449261133585,0.07032478560511238,0.013681740123087987,0.03412583147094643
19,0.04518232381679877,0.07404353859371086,0.014957472292331107,0.08893246136269256,0.03307576759346814,0.07926941075388012,0.03668389556257465,0.06311945051315353,0.049649219034146555,0.05472290803274791,0.010888406532063338,0.054000716201588604,0.00849934634829207,0.07576533823429808,0.053329689907260294,0.04314198996709663,0.06483476997911373,0.1212395080907191,0.0025191259017411432,0.026144661282322783
20,0.006125847230862303,0.008563030675783517,0.01052743836855686,0.011906304520834271,0.24228866660436757,0.007002430763001994,0.009003270224474714,0.027640997271516723,0.02238506867604073,0.14779349614170792,0.22552882210082456,0.008763975234078892,0.0036574230682218903,0.15015488767599727,0.008291208158360599,0.0034074105057560963,0.011443107813062552,0.017325130554774856,0.007580518712424412,0.07061096569935228
21,0.11833766238085104,0.022514880826193268,0.08368564780041175,0.03599039743731367,0.007781772573687263,0.04401344697159562,0.031180626471515215,0.006490563641013394,0.004216524050849035,0.02344612969893767,0.0767236316874782,0.07493377592108882,0.056545042949031475,0.06694550873216996,0.021417331624374213,0.09060081786732442,0.11629669138223171,0.10237579871924647,0.012139252180781508,0.004364497083905313
22,0.10834542512247308,0.006535685055284583,0.024647707689136683,0.007950044530030969,0.006804831244591995,0.08932785342125947,0.013696536829238494,0.025453254167834456,0.014959865932851318,0.04060711489491388,0.08551073432840513,0.03591459041102699,0.10733566129433397,0.0566783420112634,0.09550965929618603,0.07825560091031027,0.17206733559727708,0.01584489241192514,0.009864017305015247,0.004690847546641806
23,0.059160870770743244,0.02342866074382834,0.02189102632895467,0.03484246783741086,0.03478934873776976,0.06947423929587755,0.0527084538489299,0.10084894641418,0.004010064830814453,0.08209930184607551,0.10724966561516944,0.01825761986267322,0.03148332852114216,0.057132188427276506,0.040823957241509,0.09053506303864339,0.05897825441204314,0.02880804404370903,0.032271889286262054,0.051206608896987756
24,0.049837088233225385,0.07057092629593606,0.07304090541054184,0.11033934254650898,0.015038177694475695,0.014328548340248867,0.10703005394795262,0.028096345928065886,0.01817773944914461,0.03508133104059287,0.0654136655876955,0.11304434503896227,0.01747031746382073,0.061675660441834576,0.017302408861315233,0.020181760390774035,0.13920228117353325,0.03207852112827128,0.005945339529872101,0.006145241497228231
25,0.00263211974915582,0.009245550505472953,0.006037838788505466,0.0028121168817010485,0.03479323068551266,0.0010448297764927576,0.778091576486082,0.04182852129587875,0.0027741393756919807,0.002864442361422427,0.002131710817053584,0.004024758473162026,0.008181193881277126,0.0046870680848908304,0.0012447938898359674,0.005387637654301177,0.003487866209656842,0.007930294906593608,0.024556438458100002,0.05624387171921295
26,0.10615292218898935,0.01622270946397456,0.010605354229905275,0.015563886650315863,0.043997247781515446,0.020296532904177607,0.020364648097003713,0.010542446815604314,0.06557092606554273,0.06312531181663886,0.036173027804848754,0.06398077867055542,0.006322779320653681,0.1487184760650059,0.04570860716921253,0.08613903344916453,0.02572162567322107,0.09425713031671096,0.022925586248807455,0.09761096926815196
27,0.08182551910898189,0.008639121417951605,0.06931957355431949,0.05704493183235992,0.010299882247424997,0.005362910915304377,0.037361843121121126,0.008391307305105636,0.0835731100709695,0.0016496210378193113,0.0038439797183827383,0.13549570772479663,0.05415212700690804,0.07366379149766497,0.022278202691613454,0.12309450527949817,0.17675046555125012,0.018052506410423347,0.007668875043388057,0.021532018464716567
28,0.011771011131588033,0.058975417726746755,0.03436018332982551,0.017806895418900525,0.05711194247649771,0.011025409922240062,0.04890815397883824,0.02263125082582897,0.019074395349159643,0.009577194930465565,0.018311740270768755,0.041607908550601105,0.01619986351725651,0.02596344579541735,0.011907926413444691,0.013382119986519376,0.017462967079740415,0.0111191503544632,0.020669602208324346,0.5321334207333732
29,0.012992183775045268,0.019841343690002303,0.02262832761622378,0.062049801138874795,0.01604030015784707,0.012814804949532436,0.02132101872640627,0.04214278027489259,0.46606098549073616,0.008587775174314435,0.0172466489290265,0.03859757451544009,0.014960204455146708,0.0288355878422071,0.08702632951684691,0.023499172234274453,0.031106041555518455,0.026250879199541804,0.02431196237600972,0.02368627838211321
30,0.05327392633815018,0.01700097948839008,0.008685057192466863,0.027498389955154454,0.025238844816185924,0.07397562923576409,0.01287331335555057,0.19746896409463902,0.15207613668113873,0.03534828373129148,0.01418867849320797,0.05857408043457792,0.006356149501915096,0.04055768900295203,0.07667585115612295,0.06895446544720613,0.10646936471836402,0.007943165078977335,0.005919607881427291,0.01092142339651792
31,0.10176864293356695,0.2123370494822507,0.01692076170295096,0.009775273446685327,0.018237660763796775,0.027408823830267055,0.019099472043396033,0.014015151006578437,0.012736914106786476,0.014200329282584056,0.014685610978531894,0.08062096439305964,0.02013303654334846,0.02683381802641399,0.07466288747322641,0.15752071505994178,0.01538981377611899,0.06432838110658866,0.08566377224209966,0.013660921801807722
32,0.10891401431463883,0.03250344497319655,0.03859585167395165,0.02020733093813909,0.015314799536498827,0.4017863480075376,0.018326271134964694,0.019251221023162863,0.02263647762678833,0.009807301535827356,0.01756453347262914,0.061105432008498474,0.01050236105729418,0.0953343670268444,0.009027341881855779,0.053137488305786816,0.01317882878019193,0.011462981607217945,0.014329410908634835,0.027014194186340705
33,0.012939517205203472,0.15925238038421846,0.02351678745438509,0.01963767330971641,0.021827479700904588,0.010347394906748091,0.018706225801950603,0.32800940280264446,0.021929228633761788,0.01600404802361639,0.03553507427303634,0.031381267229524584,0.013359363315586037,0.02819257773857778,0.008202125938307275,0.012378559777038696,0.06601352070176837,0.1330283101337349,0.017585310227079393,0.022153752442197267
34,0.01658340146944924,0.008474674831839446,0.009351801838635928,0.008879666077643573,0.03977711566340332,0.0035679146092551335,0.011735225317722354,0.08993404141501653,0.006113229693863046,0.0906778297949576,0.014053251198581416,0.05038454411077418,0.011507352879694592,0.08541533924846433,0.02767014769166608,0.0864488134386474,0.1254642056712127,0.013906517719522105,0.24139469055139962,0.05866023677825147
35,0.04730159254611656,0.021835676105711754,0.06453896071080788,0.5323714281225569,0.021116911656471886,0.046649580542729545,0.021456198521292845,0.023141904429428668,0.03707669296082899,0.010510629037845262,0.021712517635061664,0.017632522625445568,0.0110400854862319,0.02114290771141744,0.010774377526692067,0.010842537363697946,0.013329119814167354,0.02454907176723493,0.022715428197328604,0.020261857238932254
36,0.023738642582698692,0.11807808653046632,0.015151227024776972,0.013679196565253645,0.011422300849288223,0.012899742865439831,0.011331520935582448,0.037957932070773526,0.015605657780715047,0.0036500266039212084,0.042159824747015476,0.013516643436419304,0.06258615262462827,0.013843665057742862,0.004339088879355079,0.004219137796724243,0.2400262195563144,0.3365802605568413,0.0060089068440750655,0.013205766691968041
37,0.28146620279046175,0.04928333846600014,0.12100252362948213,0.017247832803909822,0.005729010262461452,0.045713458211671776,0.07685634526016925,0.005936137776284582,0.009464661281362053,0.004735691577154329,0.11364325323694936,0.043111110044079956,0.0257236138991936,0.01710493042326446,0.003233497599328616,0.026240406040360573,0.029137903785998072,0.013050712555488007,0.008726296845134374,0.10259307351124569
38,0.022224865516266686,0.03600874645744398,0.03214511444231782,0.019902260678345555,0.02648621700529185,0.03304164725438326,0.03542763602534855,0.05764955006033391,0.04444686736979515,0.020569463436965977,0.02979149964921369,0.037920007608832705,0.030714943712405282,0.0207814355125731,0.41685671133048174,0.032744134252106274,0.02884987238584452,0.01762526273828459,0.021842002778837123,0.03497176178492826
39,0.09099393075242779,0.017620299541738545,0.0287197311504928,0.23092505237929273,0.01738526111541425,0.01710567436648789,0.011400477086337698,0.03390707444447956,0.016035100297487368,0.09777574475119888,0.014804257427733461,0.12404681711590167,0.0035926841089165018,0.01797306855517613,0.005969147027600047,0.04088013511087152,0.04619883556747557,0.11624247994399982,0.05710995116098642,0.01131427809598135
40,0.05981381028486097,0.006434816781625678,0.0757565737597489,0.12318402101055909,0.004820605539725121,0.04977620482419276,0.006734014730596131,0.06464998026553385,0.030173174995251396,0.04354638897932126,0.09295352186992915,0.010335717430547457,0.03176208872887855,0.09883740209112184,0.003916739442327051,0.0652785344728542,0.14649550545992446,0.05530432177038662,0.004337895049613652,0.025888682513001898
41,0.493866880133321,0.016548504350885777,0.02573838303,0.01706078415316426,0.019793509301593223,0.04740159806552548,0.019528608856243728,0.016470855303491332,0.022186945800688515,0.00800594457628074,0.022774234012826234,0.02086830604444874,0.030872033581751133,0.04524695079005201,0.009269668133561703,0.06748090442094146,0.025840289842917735,0.04755466204039287,0.027165924078934405,0.01632501348297967
42,0.07162405399298903,0.015129053549250253,0.006173650092690868,0.008717398751860048,0.007561155766457284,0.009565572164569845,0.015958398785183396,0.030947893740537864,0.07385877559905704,0.008568041453246801,0.0547572010299755,0.010647888338958867,0.0035140039643080235,0.04085763919638387,0.13123263914762107,0.03210689329608935,0.2601878319744668,0.20609750484195566,0.004432125983874032,0.008062278330524402
43,0.06805352585874035,0.03215624671332489,0.006431744011198879,0.03727417371810539,0.07348941809821265,0.009210278042383432,0.10427479895115309,0.010402486390432023,0.007811425204913971,0.09447010416705236,0.033682389298280914,0.031667215617896434,0.003973938332440712,0.12221509254856239,0.09316027166282105,0.07443919493375388,0.10725939539956549,0.008162743050972119,0.029840058512062513,0.052025499488127465
44,0.23923078440320988,0.1513738503774542,0.010705621952921584,0.02105941184345366,0.05058960663423817,0.00878563554765794,0.0857937699051092,0.01381021433086829,0.018713374767765918,0.078254699185553,0.06700318260020716,0.08331895490242569,0.00612723089829344,0.019204062594306157,0.018838887031204562,0.04427965596427771,0.017986621074148005,0.03146722220568932,0.010832125967304125,0.02262508781391206
45,0.04039809370467914,0.010942044507523499,0.009345721877336961,0.009689948792397228,0.04944661850372939,0.006299149206331955,0.04468593925595186,0.2797524547455039,0.008296943164751996,0.22925693426839558,0.043741020162023345,0.00747740121174969,0.013177394929908423,0.08360174121920175,0.01472184637736714,0.0032477650947040893,0.010504417725505479,0.11518829405697288,0.012861908107154155,0.007364363088811528
46,0.08299655652986439,0.04165242545463741,0.05871440163690665,0.031899870545802005,0.0033747935207376514,0.02517161026088381,0.0914835112011219,0.020176900446719666,0.0665603326276672,0.05310625372811288,0.01936072770096129,0.07376561544441022,0.000991246810619496,0.16526776317677888,0.010253282821365511,0.07570127401804647,0.09267271260838639,0.04437759562122826,0.008296092324657032,0.034177033521092894
47,0.03645465890284664,0.02355855531908091,0.1243046708108217,0.09902419366122692,0.025372960472743414,0.025195427680301863,0.03237619772247642,0.03839809699739488,0.040893343066423726,0.02401552388972615,0.12180143294999023,0.05097482296619407,0.0034905325004708026,0.14169963405327618,0.013093863672291213,0.06705574400554991,0.04637512153195058,0.031955498856260825,0.014619155658643586,0.039340565282330014
48,0.09487253469459964,0.019450689939276868,0.014212142562536337,0.06670905915914263,0.00645839848725052,0.16492346119897766,0.11309430382092193,0.01976657202469326,0.07078506385843657,0.0264901252401717,0.09820608620369958,0.08918279174909047,0.002303343398699826,0.11806903935469022,0.02670650577524096,0.032459990853568856,0.008435464636319124,0.007401565287127493,0.00797666423094667,0.012496197524609693
49,0.06495926130542916,0.019965862277359667,0.015957846987669694,0.041648036278604486,0.03340926154382366,0.016141900011311175,0.02670506571924998,0.13837693519634675,0.0483310102315026,0.07864620065448744,0.1498075712653457,0.05494304914445292,0.013404642382839978,0.05503176000006504,0.009665665697081851,0.008606843267657297,0.03934505992575783,0.07345233501581451,0.021067059750937377,0.0905346333442629
50,0.11457623425141955,0.03280155792463912,0.07050113938866702,0.01845264104575204,0.013868773705475257,0.007536734757026203,0.011135855547668317,0.007560909831613863,0.04601543567159988,0.302831126798746,0.011808911499998059,0.06601981867384074,0.009346363680790271,0.012165526189035233,0.046292873736548064,0.048412546478926004,0.03332079642319431,0.09667827993023732,0.009951337482491779,0.04072313698233096
51,0.038380068268809193,0.1232556478531453,0.08007425281186555,0.005397894699440605,0.06350677911742998,0.03375680239010128,0.029220865128487157,0.02619695844934912,0.005965039924000185,0.010200212251202342,0.0072614159163125235,0.054867760393019806,0.004040998041290781,0.14879251011432956,0.03242704585931043,0.036283228822292346,0.08002257050171227,0.19591552968417592,0.007605213712893874,0.016829206060831818
52,0.08289126126005765,0.03332230245320075,0.012904161805136304,0.02754522818649355,0.045852049748420665,0.10873322890215253,0.004662744550622214,0.004454977467592145,0.18304750258003943,0.05185267037551321,0.08928092232971965,0.042206673172918076,0.0015038752338884219,0.09796678259438374,0.03189852940806605,0.1139476817245278,0.0521171879634,0.0069778380110212266,0.004511629735177445,0.004322752497669114
53,0.00911255441413202,0.01826028243757644,0.01605426039974023,0.06019944808366962,0.021949776145124868,0.6476229540387652,0.016293352823791532,0.017838228177666515,0.020380442339458796,0.0074394715117030615,0.016558848451186492,0.017659989012125427,0.01177957826662907,0.024872932380925892,0.023648207672968304,0.009147712297413077,0.009546479708267403,0.013399235180463176,0.019331161052209733,0.018905085606183224
54,0.022741414007855548,0.014408143941225344,0.009136056343612966,0.009268347525861313,0.2177041532313976,0.0035753260310553052,0.2683202425541745,0.005818363680900586,0.008217696367169201,0.011837647214983425,0.005842480323112062,0.01097776421941928,0.002091815200803859,0.03288756935803602,0.012951089517772112,0.0034206791251903063,0.009606707531677996,0.031859164435312906,0.282090322337622,0.037245017052817644
55,0.2854506435003387,0.14517177185585095,0.016503881456409308,0.011131297599787107,0.02220098779780637,0.007121624053319926,0.007539023220144256,0.009148470003400093,0.010555174119162276,0.004650726426005796,0.010697317814691595,0.013332372277621672,0.17585877092845384,0.013043773918661654,0.00537376156454797,0.1658654127518104,0.05102869745392968,0.018850434229831438,0.01579033355301145,0.010685525475215493
56,0.02651587326857714,0.013140290936387425,0.01314012106132568,0.01331309447696995,0.013087904530068275,0.014450312510108615,0.01178586400014771,0.03099907734136989,0.01131607766948011,0.009174098399652967,0.020221294443372347,0.011344700021482721,0.18541522714254907,0.013498516344440168,0.006865960276640648,0.004990510041829719,0.06193777798195613,0.5170939222572,0.011701547911601603,0.010007829384839906
57,0.013308271930593014,0.016754038281214863,0.01439581517455887,0.021033437908162176,0.044210503142354654,0.010947699071537932,0.013109941536717639,0.019687698809378876,0.021907687725718113,0.007570427943634354,0.020884052287809186,0.01283864230953228,0.05697687492746131,0.0161658655475321,0.0069684379506520485,0.610909542725165,0.007582940205080702,0.010946634395310375,0.019108471056578934,0.05469301707100761
58,0.017255553780184812,0.06544235925876413,0.02074263886709261,0.015552335603499182,0.020000079077494026,0.05095084274630798,0.017212415537095786,0.019207086331298685,0.012961476968984425,0.012507827315180001,0.015741730853635016,0.01593057891909591,0.036496515847339546,0.028999327589237043,0.48795664957938917,0.035027962552195396,0.061422431864695155,0.009634027966496945,0.038166754188489395,0.018791405153524784
59,0.009292789502016783,0.013195390777615876,0.014943315576716831,0.0865034530390979,0.017876802448564946,0.6064134232874749,0.012066200077645127,0.01611550805189747,0.015077278280319973,0.0062627145468494815,0.020213940237439536,0.01640850847490051,0.006856520330287655,0.016576173675445408,0.0505805723736927,0.014167526713626989,0.008552944056463,0.036722292560573536,0.015956720825764242,0.01621792516360705
60,0.13388591087982246,0.05180209865483468,0.014813690696318872,0.01347010837530208,0.015015605013241244,0.028850200121045153,0.0073253798819178624,0.02938143957473796,0.012293491737549164,0.006303220208843402,0.013229452630907676,0.03744162706369543,0.028128231017412384,0.014729665533033821,0.01163697889785552,0.2860950735895168,0.14264532775746216,0.12153742079148319,0.012294783608448928,0.01912029396657124
61,0.13621955612244385,0.08641315880060985,0.016459436811805984,0.03435042926694852,0.19726521778650014,0.10789902628293432,0.02093225136308601,0.0316827306912915,0.019764308709488167,0.006705525494070028,0.08979208629946041,0.021225705671511934,0.015074608672597696,0.015147539874073811,0.006098499129651743,0.023673643572722045,0.09074668053054795,0.0336052571531637,0.014523441376680444,0.03242089639041191
62,0.013845689772319989,0.01718949389120632,0.024142022994413707,0.038112654820903785,0.018055564209665295,0.022740736096627315,0.025559421736517856,0.10664658854912595,0.4812359761745547,0.010167977430659884,0.02999251031088208,0.03933191629465571,0.016175700712573446,0.03169273383331966,0.028490462636408056,0.011992540500207632,0.0389959312243161,0.010933649976891443,0.014524063022132981,0.020174365812618188
63,0.005874680326337075,0.013687020170587354,0.013831544361049419,0.014277258215331812,0.2182015338470834,0.0065698279969087295,0.03066197400312118,0.08234493561776825,0.01351222535013951,0.4516863281229821,0.03609372482536709,0.008381205795040394,0.014856695049840326,0.013536099736490618,0.009850355803340646,0.004282781903719286,0.004870743163554257,0.03346257107887881,0.01412035269074112,0.00989814194171867
64,0.08223424666587756,0.08906815635633716,0.09281132762287196,0.0797168660408454,0.005563691500403224,0.07305515157208896,0.005240340606736636,0.004532956892372523,0.021078539499860473,0.016633518177719898,0.1294153399354085,0.003563008027633169,0.001755929102711089,0.12335367840922161,0.08065417496587829,0.11455261549607769,0.004602622564162243,0.013560845615149189,0.027127192078127655,0.03147979887051676
65,0.010303037977259295,0.02590208148520022,0.01541243654837185,0.017270734987795838,0.047513360914026796,0.01565127695698844,0.012301895825158218,0.016419157349859888,0.0149971347892274,0.009171310159681709,0.011767467130999205,0.015011733628080571,0.007569151555722615,0.012642696263872244,0.01928969827789031,0.013176555145283793,0.00826595633151224,0.0098509594541589,0.5536195591229348,0.16386379609597576
66,0.012009382147114002,0.03125569670299108,0.019616323464502237,0.021661252077307153,0.0208892075506374,0.010162849503787647,0.01885174711252079,0.016406724229485643,0.01707376009764584,0.5385955459862708,0.08968786753062788,0.018851038886610553,0.007032536929910285,0.026932387966172998,0.008955363204012046,0.03930796175863191,0.011546606657664401,0.05426057392966304,0.016849646883907273,0.02005352738053696
67,0.11886915896481705,0.023522947615197718,0.015844237050708282,0.05170323140472553,0.017057233160224634,0.03823649660575546,0.01103363645239197,0.041250349312182494,0.015422076415668754,0.01929148155133562,0.03666212978523657,0.031312467865471226,0.0057547829597693915,0.014118340979663099,0.005877962506366787,0.051093021383388115,0.15268884568419966,0.31030392266350565,0.01641936019189762,0.023538317447494374
68,0.015200256495480022,0.030694996767312386,0.1531487546443248,0.5101458347339016,0.018700114958746156,0.04696501948522046,0.013251864449545323,0.01627219874188349,0.04906591144455747,0.006808363307417424,0.016276071390416796,0.012170829690444399,0.005447270778782126,0.014008637897351753,0.016329375984349987,0.01317241785724714,0.009035677511658593,0.02332341221310208,0.015550702050269706,0.014432289597988259
69,0.014191506413703195,0.020005174228287168,0.01747027125377802,0.019892581416735455,0.016052378836629695,0.023700851896664123,0.014027794511940266,0.046966830355465006,0.042622628127728227,0.006802624792164868,0.01877784102127476,0.01621836828395364,0.007872874918670223,0.0183081769424712,0.6383663911587674,0.02196805008391646,0.010011583982929041,0.013947434081774951,0.015609326576036756,0.01718731111710957
70,0.15354293706261576,0.0259440704329873,0.11629101073007775,0.039187103093743784,0.008489091026605038,0.4590606641465744,0.005209198068907305,0.006609261088024902,0.009301039742801165,0.0030677898852879346,0.009838712619463659,0.022677664095393825,0.002282357220896803,0.054998956952328024,0.014817094498603188,0.03398657425585337,0.003806849021169434,0.012180895117031807,0.010436957151671445,0.008271773789963062
71,0.007123932017882504,0.027585027800016003,0.011048848171016232,0.010209900288684765,0.22986808021381772,0.008460482805224677,0.03944343023170038,0.07466302503507313,0.005083115198160279,0.2902397694801009,0.03227091161552021,0.01022410517577012,0.004237984891160042,0.006081478581431885,0.0028806001773862932,0.007193998431683839,0.002655951346361964,0.01900715536110875,0.0352819336005587,0.1764402695773416
72,0.008754609769132836,0.11560494388283649,0.019873749858828515,0.021746711130863804,0.15401778631949534,0.008134134414101333,0.011211471510015544,0.07784998992206933,0.012966752199529597,0.29712352676263115,0.02834987527186196,0.01137669315708338,0.022860141678022524,0.0388318956334975,0.00830345564149172,0.005567314143281713,0.042460142802220546,0.08977863826243035,0.012981022957130545,0.01220714468347584
73,0.07284818880373528,0.10477808416175355,0.013720781871841973,0.17241752476113528,0.04881230240091173,0.007266323261236242,0.050194995429781036,0.016267133196945106,0.019554572528108643,0.07584174884479464,0.011486288161459043,0.018586191625697933,0.02744708738716387,0.10499146052912765,0.008117150109653226,0.021098192721374875,0.07563767708749021,0.006001967603371082,0.047616608688780704,0.09731572082563791
74,0.03347929073359726,0.17614134813265206,0.02662618983930126,0.01885246453514834,0.025392699415546328,0.01196269114823308,0.023044532701229237,0.02568907883910492,0.02087619264612387,0.12457173900253146,0.019756435736550466,0.021413593824779465,0.3267057999432105,0.028041257120257512,0.00964733213576574,0.027573365726416624,0.020418882075855963,0.010756241970356952,0.019806439528004777,0.02924442494533427
75,0.03749790366043931,0.025970565490376827,0.02005539937753976,0.038210356202241315,0.11946964517879058,0.03766877783266851,0.022235604883740538,0.07841456299996963,0.007385549455035823,0.05279309427764622,0.18546346913791348,0.03988757581575145,0.004833715571307471,0.06606330745782292,0.0040218793920101465,0.03662231056642762,0.03119742255162734,0.029501219225321198,0.03760171845813912,0.12510592246523075
76,0.010534615137366045,0.02252335741506094,0.02077638131760408,0.04208831437548721,0.017500208193520522,0.6301104795504112,0.017323949366254636,0.02241334411341185,0.01770347135350737,0.010689442409346455,0.019363326140038075,0.018462388499633012,0.008286982485635133,0.022432330955028248,0.0244177998414496,0.00991475768136719,0.01127063045209753,0.016734572373388285,0.0356689186381141,0.02178472970127849
77,0.0306029124421269,0.1504783160377726,0.013855147044252624,0.02058403009176728,0.011536293102054562,0.018642982373449375,0.0766950471814712,0.010953299867036748,0.19834064827793163,0.03792200310247088,0.021869039682697256,0.04247299956183094,0.006813815925017465,0.04586803984601214,0.17985472883037568,0.04092332923627854,0.06904501326838815,0.005819838639265753,0.008195313773005747,0.009527201716794505
78,0.023880126003675128,0.20631122817773018,0.01848429973584243,0.018244499254659693,0.012825030787492517,0.0349648689513138,0.014175513885524819,0.030668323042910943,0.016653189484734127,0.054334526118212115,0.01930030490011648,0.008165984255275012,0.006205180135174218,0.017497504812252408,0.009831229504292431,0.007533819201458494,0.22279939896901105,0.24907653382378708,0.01851025799410287,0.010538180962434222
79,0.02561382002571488,0.08793589023860209,0.016819552199968134,0.012191380096055348,0.040440976467504164,0.02795451410799166,0.014555216932584478,0.20315396848228667,0.017186912612050805,0.023236669019170438,0.07670672946852206,0.01188047543914249,0.007381643809962782,0.016698825357689667,0.007583483555289618,0.007129670734652079,0.0369306568210972,0.29200054188003344,0.012941094845856009,0.06165797790582602
80,0.013625853809262605,0.02063397753761108,0.6146032609899643,0.025947502009687436,0.01739575086088949,0.017984642406298337,0.030706570179757794,0.019841713674645,0.024375243072806214,0.011627927657633671,0.02373952746597967,0.04824291563029539,0.0069402834893529846,0.023767799222077047,0.008978480860882121,0.007880044416419452,0.009108355784216636,0.030277601164183,0.017535852408561748,0.02678669735947607
81,0.009068396099698714,0.015220775816128391,0.016416604284185385,0.019313367952378986,0.03717770413386866,0.00827485764932856,0.010824440736194688,0.21588573235600114,0.02045847649739764,0.4639510230340132,0.06150888153743575,0.01409198041465313,0.01400171691895657,0.018364654419396633,0.010009862508815935,0.005263385468480787,0.006337511730387197,0.019232254122068037,0.018683569909748163,0.015914804410862543
82,0.02659723407989392,0.027810014985554677,0.019828307131692584,0.042845929058915294,0.01944463741586585,0.5984745101227347,0.016435891623379457,0.018726318125305574,0.024034347038247788,0.0089626436965411,0.02241453521424843,0.021585216251482735,0.00991626053531341,0.020551481518892478,0.03771229336879466,0.009600903400714313,0.012462965912148528,0.012212172706085721,0.03192363527573023,0.018460702538458666
83,0.362061593719073,0.32110164838858074,0.011604764718823275,0.015578440911320093,0.011350851300929417,0.014599142072586968,0.013604935680670513,0.01300204815459717,0.013452305550235638,0.003197945271223628,0.010703862794387797,0.011022469881655804,0.004219424422690631,0.011823533663629555,0.012270641421495079,0.10659503526471827,0.012148279642994276,0.005893526364591606,0.025036598175836245,0.02073295259996034
84,0.016799976142031152,0.024062171609720295,0.04321994172703775,0.021725868361741174,0.021515115151856095,0.612164864054883,0.015893381555309127,0.016457023697087955,0.019848826559072535,0.00925652209131778,0.025985625745730174,0.012913779290870326,0.009283367466458144,0.021279948244827818,0.008046454919626066,0.030685815145007525,0.011127236801249631,0.03679501765080743,0.027407869181628082,0.015531194603737936
85,0.029794072746338548,0.03263810569810558,0.04384829911377434,0.02349864987047353,0.040655507878736216,0.026107068045464355,0.039934618319259395,0.09096484654928692,0.0676482366342466,0.03494698061152006,0.03701924544442907,0.03007431203911034,0.0332578547401602,0.042144391573852434,0.2754344018835999,0.03011786762408595,0.03799656376706166,0.02383345966872415,0.026292808130281554,0.03379270966148915
86,0.020299993185307796,0.04203437299481157,0.03319187271151189,0.021921368199692908,0.03922439830980761,0.33747297287020883,0.04473598531899715,0.04373105368274159,0.03272989829242631,0.024867391763148016,0.042251960011025415,0.04238567650820541,0.03604443166185926,0.03584451959458094,0.04678060476134813,0.028441819673570574,0.03306834554659552,0.013593460502195082,0.03440101607186772,0.046978858340098344
87,0.008849763861255081,0.014264353965500883,0.03874971346603007,0.03154634597206145,0.014658226288343358,0.6338474469371381,0.01118521675952162,0.025963598913937087,0.02660274284587579,0.011159174769178763,0.030350744560013642,0.0274372197879944,0.006490881495152433,0.030723896474975174,0.0078243244566494,0.020603281232240242,0.011151944210516575,0.012624421356482703,0.021245636292866785,0.01472106635426643
88,0.014069985508260939,0.020562733950031404,0.029412184628959108,0.02939970288143461,0.021209326269307528,0.02245314292359196,0.02077848796720546,0.02819013707577487,0.025047917993099928,0.02121305935742233,0.025279795099204447,0.028891115193384907,0.00816142690750557,0.02035547714242804,0.03204008239903461,0.011547459694655952,0.013812465092538952,0.016413348597285108,0.5852198152631904,0.02594233605568383
89,0.1362967347062697,0.2801378355750828,0.011389651720507939,0.017290790611724425,0.013762283029829823,0.027592879445597226,0.0077835349656958895,0.012384675637228571,0.014429743209992933,0.004682949834013128,0.01521350677896361,0.04769676127403022,0.0022050988652860936,0.013155917119399334,0.006688939766136566,0.3211727583752942,0.03649239414422646,0.007303597469719969,0.012540144012369372,0.011779803458631753
90,0.00872756180795494,0.02708932090126453,0.009049751121373061,0.011030661675292056,0.15040963279684916,0.006020038621803434,0.02509876855896998,0.01164481916976612,0.014562641411552642,0.00689314316474857,0.03839081125933599,0.016550072828774944,0.0077231729498387055,0.1533780657103183,0.004126034551034316,0.0037622019894667084,0.005786195356993996,0.005859338803818937,0.05580004783516715,0.4380977194856764
91,0.04121606462065012,0.031864781301927075,0.047775997100096494,0.024244642586384306,0.016602394630487863,0.009457086840548266,0.048897724320367514,0.016736823765414702,0.027476554050188163,0.048182389468311,0.02087311626308765,0.02888440114317662,0.007893499460965923,0.040887259990450356,0.010527312482835182,0.011948513844487432,0.008804436711672537,0.039434899976606756,0.11035078206124597,0.4079413193810961
92,0.12820292555435822,0.06181416430496388,0.014023891314556254,0.006682618674062485,0.0070307491948556275,0.030328879750066994,0.004709852435023978,0.012496724417240814,0.010012713674692511,0.07045362284236943,0.2346379856195145,0.022644545131932346,0.0012195557949775838,0.006159855374329301,0.002184332346487946,0.10956838528402427,0.08236100195783375,0.18409001567156102,0.006846911420363895,0.004531269236785265
93,0.41021725749992727,0.013268909840137144,0.014753566180102639,0.013920670794550864,0.010968842119086846,0.3029053774521186,0.008611847439396561,0.015206470242296809,0.016805544013796168,0.0048507334500283395,0.020372585390995384,0.010237247655181157,0.0018895326148026489,0.015748271105227207,0.004767207413074848,0.0374711149674802,0.036311426813103814,0.03127803666794897,0.017548506522129203,0.01286685181861526
94,0.041215857858032154,0.03374314602624165,0.006998936368262969,0.012708728163269489,0.005331415682014504,0.14176343841184394,0.044524234249865416,0.028532230062066823,0.009371932010501495,0.002837829211285666,0.00857467619674196,0.04728777906557361,0.002889842016195753,0.07119140347562453,0.0031074010259333987,0.14382148110959356,0.35257937843306586,0.02794140297451409,0.008807540767179168,0.006771346892193971
95,0.05978638188237585,0.00966348654506744,0.16575371975956968,0.004547088832366625,0.020439531365408898,0.039290142433744776,0.13207057598225103,0.14907635082463438,0.023478945883235805,0.07373262856668908,0.04815474610971799,0.07757554137875315,0.002154322724863874,0.07724567445455484,0.0017837095121557404,0.02634011454027371,0.010913543107079024,0.05504149873876246,0.011463143266694294,0.011488854091801275
96,0.054930593075521505,0.04336696244602702,0.0029255961662866662,0.028311076365672944,0.02667689176569444,0.04533510867310122,0.026712668258530924,0.05949576019970793,0.020086648069584028,0.07067076900299502,0.13608848625951184,0.14231364174797154,0.03417848173205314,0.05455647289923294,0.12534073795768294,0.0452271577156185,0.05695366896772573,0.01846350680690368,0.004790410539707581,0.0035753613504704127
