site,A,C,D,E,F,G,H,I,K,L,M,N,P,Q,R,S,T,V,W,Y
0,0.021899253687124115,0.04937180759017816,0.03343855093514236,0.025723577229280283,0.019011497030976654,0.030990798407651766,0.0664893917856452,0.019756483914565075,0.0239691670193002,0.01399826409222957,0.02356436456087339,0.026818451690794047,0.04898708878276054,0.019468052827462307,0.4577036207250199,0.03505644336094082,0.02074273820104784,0.011677348914665637,0.03021477844219031,0.02111832080215178
1,0.03540862199807792,0.025502049405709413,0.026400871197552755,0.035194625720803854,0.029018654515623188,0.43235616116352266,0.040602690663274155,0.02524941918223714,0.021747751526666616,0.01494677157761433,0.019890123556346794,0.025939642056815107,0.04452896458649954,0.028801599075951288,0.06605837114922994,0.01602213831709156,0.03675368637063089,0.02429463044032362,0.016390270501422208,0.034892956994606955
2,0.009007505544110542,0.05472183853087382,0.03145369666389062,0.018236029337009522,0.01610328676420206,0.6544837911047761,0.017898918220974246,0.01899483434020459,0.01874246194336659,0.007521464324103073,0.01728578244518341,0.018862110875605298,0.01076156080989555,0.01965518203221738,0.007583506046913218,0.02430978439522837,0.011503250635596896,0.008412367887101655,0.013446411139730236,0.021016216959016832
3,0.05561213102505319,0.04771950518213323,0.019194403937748874,0.059045922370317694,0.023039924492372195,0.5355926158574791,0.019882353356237257,0.024825781447005132,0.015358644932361158,0.008395534700257872,0.017820285933605965,0.017146467288095532,0.01204413415197247,0.01746252335800926,0.03696638672503714,0.01712732337575449,0.011187489537514795,0.019718181813497625,0.01692888490560209,0.024931505609945007
4,0.06046312796363309,0.07071692130037097,0.03427786646564836,0.027298388413102566,0.01674123101464009,0.0222823446545727,0.01652505617274664,0.15946493566193912,0.05371906500358682,0.046207661024910536,0.05333292775661987,0.0912942274104477,0.005296927730686133,0.08950724909162569,0.032287145297855195,0.06582305242353141,0.06251730086437163,0.06872739884313213,0.0014844103126848696,0.022032762593894514
5,0.07232734076538536,0.06284937786304244,0.011331318169008396,0.05114972697784651,0.013036252207755911,0.5228230717728021,0.010891330648877883,0.01280357291936156,0.019042360335254464,0.004905372645613744,0.013587130886066973,0.016954474013374184,0.006056137578015857,0.01625650649080329,0.015823710765502794,0.10643842543150397,0.00900028922750536,0.010280907639357748,0.009410463164354345,0.015032230498567134
6,0.03494866478036586,0.07659703238571813,0.03796281087940029,0.12628133336250413,0.04682340685615216,0.016865891357067196,0.013283447553309088,0.02729627410842809,0.013504885026927432,0.046426334755124296,0.088662427514643,0.10665380067012224,0.005967322745334146,0.08892698184233706,0.005716246188347518,0.033238564814120956,0.04021591363439556,0.04276134997544069,0.097266034649617,0.050601276900645184
7,0.046249285201245986,0.03164074342513266,0.017878210171173824,0.020584998118344862,0.016096645248255433,0.014824514282100838,0.016356158229121374,0.033483300702353384,0.016166493631226016,0.006568369719336934,0.029172340660647104,0.016589639439197366,0.01251854616776585,0.0184476540931196,0.006468100545498909,0.046741961381772196,0.5702509955683932,0.04885657566571686,0.01608388580057627,0.015021581949021355
8,0.07741432264785783,0.16476271218344613,0.006381910754922265,0.008617831934993703,0.006473475621115274,0.0066707652150662655,0.005433562562926325,0.0806525025988604,0.006649579297440816,0.1957852555453423,0.007670364620014476,0.023047721302965056,0.10083625482884159,0.020699619323461673,0.0017166242510186227,0.03159622523832368,0.08875072455288942,0.15526256211493775,0.006081422546824652,0.00549656285875176
9,0.01747142148288016,0.02001724464238248,0.016507800089837696,0.040550373811360556,0.01598635225721849,0.6216834420786699,0.015632264605604428,0.01826487941475113,0.022765294800028583,0.007858876165063205,0.019606323841125522,0.022086216616813096,0.010465664831288433,0.02481461229628643,0.038076911497254604,0.009818941854991329,0.01286707800470941,0.034928565458428235,0.015725549485122087,0.01487218676618428
10,0.04565641674720235,0.049729066069320337,0.016573363412484488,0.1255947307194231,0.02084349596148457,0.03352374982552315,0.011800691777295933,0.08276985072440152,0.015263537857523667,0.08488638871232934,0.0419794563591058,0.06922842354857443,0.0026627266245316723,0.10095127107610086,0.024920615748914743,0.022793078486812855,0.047111382410026624,0.11291340269167449,0.007344890292918703,0.08345346095435137
11,0.04861496330772946,0.014914872459566263,0.02199670234949436,0.05227112652504971,0.013983874438303604,0.013807624440327246,0.051756409092449086,0.08917494841152636,0.1742760805719713,0.10396175309684827,0.08300323932411467,0.02967526119828513,0.006068291884847379,0.03963408739351053,0.13526196588504527,0.04556943853320703,0.014863564103435692,0.016698949725676145,0.009787291302297411,0.03467955595631509
12,0.03113977251534502,0.04460511646086368,0.03847312735440358,0.032815206473736494,0.02928986914418423,0.024448351031612314,0.04006447590042874,0.0364192907246159,0.03353831545052301,0.025193002300226943,0.034900594080891155,0.039456147357185396,0.0384724504905798,0.03199632068917276,0.02941022179099145,0.020679786419654154,0.03750382159371406,0.018039221579124926,0.27681422237539616,0.13674068626735023
13,0.033601796138478336,0.030043294975194652,0.03815864756558766,0.027658963510108697,0.03624925005235546,0.012793318752349394,0.03482595420832962,0.03441625806161956,0.3850548770674887,0.020685128559043392,0.034486574156144534,0.04846632418167058,0.01813403639576071,0.049787566315000156,0.026963299023984554,0.017433860943889358,0.06279378788514758,0.01917225912849766,0.02590228467369309,0.043372518405656306
14,0.08384911503073533,0.0838497052760664,0.015044848937247966,0.035517255104891454,0.029388220972323967,0.05510674665875827,0.03709115218662925,0.04567806129700832,0.025613871489552992,0.03384621014754365,0.0463905886250847,0.1232540861750811,0.002312267430174219,0.006375358711199349,0.0768566061246959,0.06288768001893412,0.13137319803629122,0.06631736776453716,0.03356118135469818,0.005686478658546406
15,0.10891153302907469,0.014362480659915718,0.012915506220656525,0.04105454166928915,0.021765246123569424,0.04381564039100646,0.025832826937702943,0.006988395277003535,0.14175175656548095,0.04808775123458777,0.02864939512229902,0.035026586750208616,0.003802176207357397,0.10188807496347953,0.194180021233695,0.08473823070034132,0.053806848729485345,0.015532560197200264,0.006766468348234729,0.010123959639411616
16,0.011330529132318133,0.01758571224708829,0.022049339019137065,0.018485881227001157,0.017204421645016368,0.009563956610562627,0.011872836194625938,0.09954770784215428,0.017242048984079314,0.3505074153350181,0.15155910445278825,0.022049648526687393,0.026696580407642334,0.03824034788423648,0.009751874330581726,0.007690752874510639,0.01043176115786087,0.130919058028199,0.013054025964048312,0.014216998136443752
17,0.06633401995695541,0.053599835432305364,0.03387686356694947,0.017241978402397204,0.03022490330052163,0.11609759403255557,0.008779145758589393,0.02548188387294657,0.02961689487906808,0.035717362546496406,0.10945254992648097,0.22545932063024457,0.00970023608431003,0.013405576106739911,0.0838815870186446,0.023373944336172826,0.06506294311741996,0.008095702320295608,0.013936151926224636,0.03066150678468177
18,0.06219651089842579,0.09432152530688478,0.028308091706063902,0.09141014358987429,0.021573575259657102,0.06066401212849377,0.04223221309039967,0.058626465934904066,0.010791344239269123,0.061230706395675474,0.06402257243265612,0.024400932262903432,0.0021559654834829656,0.07169166509379782,0.059154872293451725,0.05974743643979874,0.03692011689127025,0.09186797590173733,0.024603316754411925,0.03408055789684174
19,0.008751472435714528,0.0844990616743653,0.01567927699324036,0.016492459208056403,0.195623948236303,0.01002308481466442,0.013464533978526845,0.013751783311567838,0.029708370673874242,0.20274145963328896,0.23836689772731715,0.01272410817187682,0.005980118463350661,0.029469709504192736,0.00751980316317831,0.00519969700667366,0.03757579509257369,0.020467474249772154,0.010936825713033414,0.0410241199484295
20,0.04957427600860147,0.005693050359252131,0.12154990539493676,0.043277360175723326,0.005527339468175601,0.11152425157749181,0.041300525405267276,0.007725257336822869,0.03922752609720417,0.01718161053510039,0.08090882924780089,0.06530807781825525,0.07008626940357719,0.06550648727232285,0.02599020677338872,0.07794666781704176,0.11481749352939333,0.047020241105312596,0.004959701296497383,0.004874923377834229
21,0.08891290765169924,0.0238751345541327,0.07202138700228453,0.010112523853246064,0.025819691484117793,0.03176579261918107,0.01115762521994039,0.01434127878763134,0.06967484750609981,0.01610051333931919,0.06430913788675781,0.015279000120042286,0.08310871788354424,0.13882879756743977,0.08589456417007496,0.11274473940517792,0.07507169507985134,0.0301145415637262,0.012160220638653104,0.01870688366708032
22,0.07234964656616864,0.006596166919189443,0.05487265086403833,0.03440990016919641,0.015501696163703654,0.06259899754958553,0.08744231417535615,0.036996834179592354,0.027975455688469958,0.0648655440055366,0.04351689115504008,0.02538646919021615,0.06670077084730726,0.12149434951519468,0.026526875224830593,0.07512619622337958,0.044291993773383526,0.04785403865489039,0.022526216230064167,0.06296699290485654
23,0.06940790597772639,0.07387882982814888,0.21231579662172162,0.12704142186161763,0.011601505188094814,0.016668939091720673,0.10595087685700003,0.03296853552420768,0.016167121234199822,0.008256920771475173,0.018064345333480183,0.02716795534118511,0.010232668922629282,0.05612544669974192,0.012749812919654085,0.1018834266399209,0.047557910582345375,0.03112329242792191,0.010285996473256601,0.010551291703951941
24,0.022137319490695768,0.0229424979026433,0.0313975347450934,0.025476739823413856,0.3650845668249435,0.012443533263607046,0.03573538504367574,0.045315584632345474,0.02480094447130948,0.040282842521686235,0.01950554048301864,0.027268957160576743,0.03577822270104574,0.030856225762400248,0.01450432224673513,0.03507417770054463,0.06925125389360472,0.014148171907805492,0.0927629913922943,0.03523318803256052
25,0.1241260164185506,0.05608983544722319,0.008833930179884026,0.00971983706122419,0.09520953690775606,0.011867053806290087,0.039731407463754025,0.017317588934563585,0.0631824432190835,0.04292415286956105,0.06828888291996907,0.06548882351914706,0.010915272208759349,0.060161646306209876,0.04441811131467546,0.08359022523326326,0.023152446659604677,0.032726384584243054,0.02080321807875088,0.12145318686748702
26,0.05055581987844337,0.010689873814399533,0.0565510655323417,0.05106746651335186,0.015377890555742377,0.005462316233305123,0.13775711170056337,0.008882648575343152,0.12092094929443307,0.003964165469250876,0.023159304977648197,0.06458872283945524,0.03903565755779728,0.08705088999373073,0.036292424637716,0.10188300245079537,0.13604195512869893,0.027493541705955134,0.004474292596248583,0.01875090054478008
27,0.01480134273359898,0.04644177219032645,0.037639880677761764,0.020479725842402034,0.05392411949273267,0.013681235450260943,0.04915421707772633,0.024945548150946753,0.025704601563086026,0.02452393748966138,0.021353443450339897,0.07558387887326262,0.02025109324811515,0.031426974155676086,0.012843363181089706,0.012190500274129752,0.019817992483431884,0.014245500668811372,0.022602491486684455,0.4583883815099558
28,0.031714998679420264,0.02453225553861201,0.023696620309678458,0.04097749551772698,0.02076513760533885,0.016878380314119368,0.025223536665057007,0.08398541373504975,0.4260289840920519,0.009846573906184583,0.022750126619490343,0.02507953873397107,0.018603102648483145,0.04467418153851546,0.06956210845523879,0.015628798887783187,0.032912021981721044,0.015898823165144273,0.02407327195505881,0.027168629651354696
29,0.07385328769108405,0.009891156070346381,0.019636889710131,0.024966623712744426,0.013580009508897112,0.06459533260207281,0.12664400352620625,0.1263593652178431,0.11337225115987858,0.007189024064985364,0.019623693738765907,0.043112658852004625,0.00701862117880183,0.12166860955367856,0.0649996204563642,0.02429075541862147,0.0847496468035085,0.03710404289663859,0.006324953072842525,0.011019454764584682
30,0.15099593493592212,0.09555792029246903,0.057178498875241075,0.011839587500322895,0.023988984350347287,0.018754975424748795,0.02025089186368654,0.017569452207685576,0.015421766557079143,0.023639997352887552,0.017992557030020423,0.05943719609615099,0.027382339877116278,0.017066746720880214,0.04867249039053144,0.14243812621763338,0.14890736026177176,0.07088443674775721,0.01312169153477469,0.018899045762973653
31,0.07540111237611688,0.03527496246754603,0.029433020386712146,0.03036315985416171,0.022701670656076534,0.45959733167418926,0.021613132172795025,0.030294897151929415,0.025672891040201484,0.01515105261426043,0.023140416164545034,0.029450212300184513,0.017443423518919015,0.03264154409269618,0.01234583260024706,0.052702689677392195,0.018471629586215406,0.016013748103823475,0.023287345709180795,0.02899992785280749
32,0.027091804371810725,0.27839825814469255,0.02466001677338198,0.019329259077491008,0.02123806446528219,0.01084189580765867,0.019050518071598407,0.21713223217420988,0.021082572475061293,0.03210719143111,0.04382050608437117,0.039745545578230596,0.013526130160393742,0.027480583197661626,0.008037711993782762,0.012688699136585598,0.09119323960888671,0.05411282931121598,0.017506127603149443,0.020956814533425665
33,0.04322871306368014,0.00945162273844943,0.011262998257047241,0.009377839880540225,0.0119214530727323,0.004323591488529332,0.04055249566768601,0.10043371973813073,0.00707829002083731,0.08789343826009885,0.04078131610142864,0.05272695052642849,0.008601924785393858,0.03543221244028033,0.014722832691753984,0.01667874160631812,0.09978953930985043,0.009340061613018123,0.3448494678562003,0.051552790881596124
34,0.0200617060628825,0.026256890535973996,0.030819312038078982,0.4835129266311803,0.024529560772692457,0.0382948683643852,0.025317709553847073,0.02542319183851325,0.04242179657937981,0.013637677817901326,0.02589451869075094,0.023162773894679425,0.014217807140700554,0.023265337264190968,0.013798306255926582,0.039960243392953586,0.016004898578566962,0.04154439937134246,0.025841541758013425,0.04603453345804023
35,0.07744619104414455,0.04495105839810813,0.01679461396302595,0.04228052741335738,0.012779431495334207,0.012040295637126344,0.012350337215415072,0.21497540713752555,0.015864481782400755,0.00402045064423822,0.05054519219171117,0.015066786649079256,0.028892896568173024,0.014895871146028224,0.005252494767127883,0.0048710181872443055,0.15458808336446653,0.24890885619281686,0.007371300705187074,0.016104705497489522
36,0.07999190525768146,0.07986737131688217,0.026102806320984443,0.05924516323939409,0.012586585870509875,0.015555415116060897,0.04193778384676671,0.021609332911771112,0.016742954800634993,0.038021479749300056,0.07085357049362301,0.22242789121811224,0.024202209952305896,0.026032297733358665,0.010157872975866938,0.015046679216986898,0.01465053385980003,0.1605806892842971,0.015682204331111813,0.048705252504551586
37,0.027294376464087194,0.03695211775155361,0.036372366825389205,0.023633984923570328,0.032677879764142645,0.0251628883369179,0.034753530960078015,0.054177394144510255,0.058889312718850444,0.024229363962113833,0.032074380558248704,0.04116628102498016,0.034504304112420184,0.02588488852767715,0.3454243258809906,0.0559744948797662,0.030878408346955235,0.0186716017647124,0.023858882202987507,0.03741921685004842
38,0.043320823919026336,0.025005149188812994,0.0743520066404565,0.2483795043022941,0.025538298012157328,0.04492443999212031,0.07854375692652771,0.02489482955788029,0.02729576635266074,0.055324799009336484,0.04149206235424891,0.043262755050375,0.0053085159028334016,0.01288015868037666,0.008338739264688571,0.043761034435842464,0.03733491925785411,0.04536827287247658,0.0990654857992796,0.015608682480751875
39,0.07180247349353319,0.012095753007909786,0.015707777389366823,0.17808148505378132,0.008554396045695644,0.05190562291240335,0.057938462729768186,0.03178921947385173,0.025991156983170744,0.06829609218575916,0.10341298258057904,0.02565835557962489,0.038293924393375624,0.06811207192005893,0.021844785985368566,0.044516379350596276,0.11030104510736155,0.027796381103839342,0.023325053154420947,0.014576581549534862
40,0.47902941800819354,0.043157503225453205,0.0243686196581537,0.021101942402846408,0.02256581335587968,0.024953715972460846,0.02538570971757861,0.021334017506184026,0.024110804747617228,0.009985808050234092,0.028278698367214746,0.023079263780660726,0.029110519752766868,0.023581533454005578,0.011639661908821649,0.07587853927314352,0.027994173550914866,0.03284264561647555,0.0301027399029371,0.02149887174845812
41,0.06248795225413795,0.04223789629503674,0.00998239887019763,0.014781521302235309,0.011837289209523651,0.011577307169646622,0.05099320949781357,0.023421344587960073,0.02575505669802706,0.018835653125337217,0.07373944319697488,0.018535242104835727,0.003833523612152905,0.11181947236237358,0.1682843477226392,0.08666379503983633,0.08366069843919503,0.16182994882005894,0.007814926577476356,0.01190897311454124
42,0.0899372154552402,0.06374211613491026,0.009562532851331492,0.011222533832725232,0.02073126045369936,0.024694721776934058,0.06093116168214811,0.027711672707341553,0.01044210625147108,0.06711757823297226,0.10150884944398213,0.03431127022677449,0.001992781198176491,0.07326734286426312,0.09978203573737464,0.07118430548443645,0.10812358366284805,0.02878963938705421,0.006783678195419,0.0881636144208978
43,0.31659201019210587,0.08357620954512386,0.011940929465495746,0.019455401700742107,0.019978466935587955,0.006902545045219447,0.07918467163323863,0.020709612767660677,0.025173710691056294,0.07738352643914634,0.025478401567905668,0.04471711830646817,0.007314027961591496,0.09758150012305859,0.03271884021588486,0.016961502051905327,0.030010096873571496,0.04902442906124466,0.01730759276051389,0.01798940666247893
44,0.012495299256759724,0.018056709022804558,0.015996763269542566,0.018643683349556236,0.1071806249114712,0.012104971638647165,0.027654659996219407,0.20333321479189811,0.014243064552087225,0.3442733418417954,0.017998733708747564,0.01608309373567192,0.022597046615499328,0.01840372559171149,0.01829715898268255,0.005996310833744289,0.011773347881405851,0.07697858479236074,0.02429610805734132,0.013593557170053226
45,0.091186660672345,0.04939001150731271,0.08134651543567425,0.04208544816807656,0.005199625804030574,0.05342207248362722,0.035432822221458445,0.027341207762699365,0.07667215040811971,0.05252692089582564,0.03714199865242528,0.06924300324126868,0.001833248427992305,0.06965535671522081,0.03809327717083693,0.07185115899561749,0.1314147904549024,0.029873567590806352,0.0030702519739908125,0.033219911417769435
46,0.04022675466545253,0.016141724970478374,0.14369962299783748,0.14733435359359426,0.006068386125261581,0.10818276453769249,0.024131703433789318,0.0061640986442908965,0.007794104962802012,0.036214134094604035,0.09896754064005758,0.01270572003811517,0.00302061330054941,0.15279104701963778,0.021428444829290846,0.06630799031754156,0.04752905731398734,0.01706237656343945,0.01237862491818891,0.03185093703338901
47,0.01039252875968019,0.04873438200450907,0.010088839700484046,0.04438243593913015,0.019232650904289786,0.184391052612908,0.1805628859832313,0.01091244082561884,0.020970565545475463,0.03049863643947182,0.0489268266880365,0.09965513279227757,0.0042168985173572215,0.17370045790362634,0.04826050592448329,0.01830632075182124,0.009009989559974594,0.00463166473814022,0.01272029822513507,0.020405486184349227
48,0.03440084946260644,0.10628811999167746,0.02318222377069929,0.05272449596356172,0.034370484987645215,0.018330119418669393,0.06343233808470312,0.13761029804543837,0.035421797958103844,0.11916997115819643,0.032721163489552126,0.06282127533904858,0.018551141814876916,0.01945229897760008,0.050698503702936416,0.014114097253086646,0.030278810736179974,0.08633839051742434,0.031047027465312686,0.029046591862681
49,0.06296487758142434,0.05134306603330802,0.0490427631172752,0.03482793073562644,0.05083161778333322,0.004320701741441843,0.008013637757706594,0.01965295926184583,0.05602044567701496,0.07759934082355303,0.011893988122220199,0.03111052493812444,0.029737488373312977,0.01220827098224647,0.020441500906427688,0.07299059827493475,0.08701135669617417,0.09215615337899441,0.13287305315481757,0.0949597246602179
50,0.015528571429248586,0.06992719975274969,0.17378680185185125,0.021123852480864305,0.05315953567966326,0.05761081403468621,0.10319280771113809,0.02370486179526601,0.004843624034814222,0.019928773661653413,0.055169906427728836,0.0689336484778073,0.005174745430896028,0.09074898554742673,0.003469934573690371,0.050579649645997427,0.07093938538882581,0.08321160140936683,0.0192750430034106,0.00969025766291511
51,0.08605464721298058,0.021726438737379707,0.018248665890173595,0.10832766446041474,0.054378781819773826,0.1609447063617221,0.03868738001824498,0.00869845834459082,0.013947103432344397,0.03898100758778012,0.06082361126428054,0.027718633949362238,0.003330750481802501,0.08414313520003325,0.0385155775511226,0.15978772700129149,0.04876856576302175,0.0072644397790830595,0.011149570784916777,0.008503134359680961
52,0.011051928102920109,0.02149611574578028,0.030653727342877947,0.057283132931872226,0.024618697110287923,0.5679280391341713,0.018297130524996274,0.02501755211240407,0.025130344265381604,0.008978797998358025,0.020984308408695054,0.0200185078581874,0.013302657346737513,0.02663261269068758,0.03467579033864202,0.01132066264812346,0.012762251086292068,0.018912557947709668,0.02620875464623255,0.024726431759642953
53,0.025310314540561298,0.01488009788325399,0.016967328985202368,0.018231446022306905,0.0752125228979396,0.008645946799406131,0.4387010990485258,0.012531401286725924,0.015349192805037801,0.005882636400672564,0.020528456714689752,0.013724257191954624,0.005702052081067334,0.05515916999539471,0.020100750401460275,0.007437788994008039,0.007845356792599779,0.016875618083198526,0.1725763139363591,0.048338249139635456
54,0.22713054997668136,0.12093147048609063,0.02845624136877388,0.012923942127571385,0.012573324452408545,0.01017166367826572,0.009189091958269833,0.010903378104254485,0.013542462020965979,0.011154760695445892,0.012222186234281543,0.008351538233820097,0.22161034182950592,0.013636864677059532,0.005654793997455263,0.15059246748603472,0.07318731902479797,0.018027496611966183,0.015400658197620291,0.024339448838730775
55,0.026659085406251695,0.017393996272446696,0.019603952688935413,0.01987451072108189,0.017418525735061998,0.01844799401136774,0.015325174429655024,0.032126728027006314,0.01429097681871674,0.008138388304224031,0.024692838910654203,0.016422812398074745,0.12904417964530754,0.019422130511179022,0.009531135801723357,0.007363880556897415,0.022633031604411415,0.5493027235015279,0.018465414207353564,0.013842520448123265
56,0.012599044478821687,0.02221872660830927,0.018315565251718482,0.0263328966070955,0.033550658345961194,0.015630597384968876,0.01721133738109443,0.024092587588888614,0.02734639433703033,0.009959205844509279,0.02730731964315712,0.016959392034164574,0.035396937233421355,0.023422077751342134,0.007949027564679037,0.6037872932427885,0.021334185027898543,0.014838608918884848,0.022148455791274974,0.01959968896399131
57,0.013019861818836966,0.027296669351991973,0.025182059581489943,0.020621678508907882,0.02454201061244176,0.03603593754811438,0.020739518021953385,0.02448019936113311,0.01737335483818295,0.01396210611888391,0.059381737088331964,0.023643285459202797,0.028630286122517997,0.049171027176403245,0.4976673119990304,0.009627326233458843,0.02377236408636241,0.013522841585536597,0.045222458215644815,0.026107966271574662
58,0.012927089403868714,0.018457278315463507,0.01886628569829332,0.03598557072743625,0.023797754603917965,0.6355596584119002,0.017803377549143906,0.023817179168860527,0.018868025500411126,0.009429271609156653,0.026871840480770407,0.022440791296002363,0.01038507452155445,0.022041148632527652,0.021230274405169197,0.010177152870309368,0.012869758556404445,0.01327457114687123,0.022104705162406656,0.0230931919395321
59,0.14095775324815107,0.024860714497243166,0.017659302731951005,0.018152474807074638,0.020843828043543025,0.041284991884820946,0.010809031653476802,0.019593880611441437,0.05099771530738644,0.008221247758812698,0.01702600772006344,0.03765953698978699,0.00795669519673754,0.018920057618804224,0.017888505590095218,0.2854660183292784,0.028010948391436603,0.19461058454983396,0.015545487917690688,0.023535217152371637
60,0.3080201147657222,0.05884079618350497,0.03293303790072111,0.04305327928160331,0.050264356663955886,0.07275762117402212,0.03344184403001185,0.03967857130287001,0.031499732053628465,0.016742695521686855,0.03248366814931436,0.03543339960610249,0.028075110710990954,0.02958924763943621,0.014109322530979955,0.02835014433485502,0.03158696924957895,0.04776937576593857,0.026450797144856448,0.03891991599022025
61,0.01544972737031339,0.02179628793244392,0.028313224386584294,0.028546295396049318,0.02503354074643343,0.012208176302591064,0.03174078021914432,0.02494559278232171,0.47363810912629206,0.013309341578142581,0.035098236282344694,0.07861310276277407,0.023709269993225784,0.027044805962608172,0.03940353990165028,0.014436582745898591,0.045976183344676166,0.0147073977060522,0.01971300930075591,0.026316796159698036
62,0.009170130328304537,0.016727067062099466,0.017427773920379686,0.021161057622848083,0.238671233851947,0.009801303778331282,0.022924145745095846,0.04425108850838174,0.0166560550564202,0.46340296913390955,0.015924141632234233,0.011619699436609423,0.024309648005563067,0.015804417489208744,0.01007369870080158,0.006293331107556056,0.007560892252115263,0.0160636832270759,0.01844632372679401,0.013711339414324201
63,0.2609325066092776,0.08022144097440248,0.012690461120841942,0.036193471995566065,0.006024403046044869,0.07610469407291684,0.006901789025975752,0.0031437925517402727,0.043458212447404776,0.02421051630908171,0.06577281340205347,0.02083323208422545,0.0021443345947395054,0.08159749285938785,0.060934728164030776,0.12223564332612459,0.017125267789475398,0.05287658612577586,0.013105322799355295,0.01349329070157956
64,0.013652187852917637,0.03826819345656456,0.019269745018469047,0.022264583617547573,0.04128311602348276,0.011098613337378114,0.015030288360101784,0.022155570563754553,0.02218135995787406,0.015438810177886125,0.01714060165802062,0.018470773058691388,0.010046641813747098,0.0188655978461464,0.03467964190069867,0.008920876331697724,0.011763021965004295,0.014599635340112877,0.5679417571119396,0.07692898460796505
65,0.01459305894528753,0.017001256453802686,0.023041768336879126,0.030640643618002155,0.04194874528648147,0.012526879966968562,0.020366005593174162,0.020358517607791175,0.02060306153349116,0.48047202085230856,0.08007458122412153,0.02176770784469985,0.00896608821069693,0.029485689479349826,0.010799421031300669,0.05523709445118954,0.015303606997692407,0.043850362954506526,0.030344998122833228,0.022618491489422896
66,0.041340532925090795,0.06054536038487323,0.023868444176203825,0.018357228637360185,0.02656866227978637,0.02536070285510013,0.018577518125182775,0.022467871056108823,0.02440245522476369,0.009020434401752726,0.052745835186699966,0.02423561941725211,0.010770666407779381,0.02414127443644724,0.012134950161701822,0.02248188166566655,0.09927445740244666,0.427078163074409,0.025432638307845125,0.031195303873529628
67,0.027017691915201193,0.020213529600171556,0.059771008554224264,0.540566344266508,0.023475937610380356,0.057524240874829755,0.017386062619252875,0.022135692103071994,0.0479351626135336,0.009056489343003701,0.020795538347775765,0.016390391929326176,0.009247812365822332,0.021615442709551676,0.021158081269804493,0.01900915673437185,0.012534461887031563,0.0184023158494109,0.01888432932538317,0.016880310081344788
68,0.017511486844055315,0.022632365288217337,0.019712594116818583,0.022291242104181326,0.020013302708702198,0.03349971367160571,0.01956712180334822,0.01894425606785294,0.053943269382386985,0.010165716535123449,0.022740521931000103,0.021446823527541785,0.011401271062138209,0.021743647487021064,0.5877646154756537,0.018839941746939273,0.014397799821556706,0.019348064890057127,0.022054208885856515,0.021982036649943422
69,0.08244265302927166,0.01531115718222121,0.09439221381177507,0.02732099711509262,0.012182952624875149,0.556722397653028,0.008276675410335893,0.011097838222145719,0.014775862864966618,0.005919046419312777,0.01516119924728876,0.03859776211045495,0.003985257225186983,0.012631983732230461,0.009810625742930994,0.04715234552507112,0.006460864282335978,0.0064594789021857595,0.017098650178838257,0.014200038720451988
70,0.01927890807714917,0.027417005164933277,0.020572580506300012,0.016097905687133186,0.10786821323805293,0.013115930639048458,0.12669455408758434,0.043571926925901186,0.00892558301785621,0.24529417470519616,0.07951009173209558,0.008355143769664926,0.0034198124208034628,0.009459897205893136,0.005025513420371707,0.005898510964903926,0.0044809717548316644,0.028301503266057397,0.017658867990646837,0.20905290542557642
71,0.023742522500515416,0.16194486934430216,0.021772531768941134,0.026829117373335033,0.0497111390266865,0.010158248582861538,0.01412133551461147,0.10864308278100133,0.01714298304864263,0.2690978299207784,0.034372275702346834,0.016184593735145865,0.029076136194306504,0.02396415455389527,0.011809667254399307,0.007148859775728386,0.04704148766842368,0.09396955365477168,0.017147979667211665,0.016121631932095246
72,0.01129598393955352,0.05198790336547006,0.12047273077952547,0.04355340369218196,0.02064877305962943,0.056379736860211416,0.20782914199991884,0.02684662981463016,0.01112228082226696,0.033578882861591094,0.009708734236807296,0.013669699736000036,0.036246817947542594,0.0499602010920805,0.008022269316444269,0.0724532530187395,0.09346515620096285,0.05252912280266423,0.0036258931107738604,0.07660338534300597
73,0.03479691022894731,0.1450707432419821,0.03315681311048225,0.02549160087636816,0.03206758869282834,0.015661244882639164,0.03868568873672615,0.03394820323894191,0.02526522114120142,0.021520457834132593,0.026429777712631348,0.027728228456992764,0.33113500020314657,0.033713546803269004,0.03403280981602348,0.03220998651722653,0.032576302664781634,0.015034432612974666,0.025210289358097833,0.03626515387060683
74,0.06975144764319113,0.05818449544973139,0.038726771375482284,0.015394181050083855,0.12786673223673672,0.10985629801108635,0.03869280632006616,0.046308561357243226,0.011720214156136997,0.05737771324106179,0.012466469926732157,0.03812579193328897,0.008916874427502969,0.057669847562077214,0.007001008436188472,0.018373523451336755,0.02503052905571086,0.08107425557636545,0.013463585202586698,0.16399889358739056
75,0.02729860691988675,0.025390864467712146,0.026471436183228177,0.029322723562729972,0.021304958277000595,0.5665606807758771,0.022927872574306406,0.02804959462703027,0.021225837304658744,0.013673747652937015,0.02398530501977553,0.0210523176403544,0.010886509967758948,0.025439181090501358,0.04322808507047026,0.012193990549841856,0.014726312463819266,0.01957264266349518,0.02189100640797353,0.0247983267806425
76,0.025702815970786566,0.021383981725254984,0.014463078128230222,0.01349859871613275,0.03750319004585264,0.004625877358078195,0.307807683667625,0.011356221175460996,0.1315754886990623,0.03380131734194228,0.02903108723772317,0.044314162666251995,0.006686980296011629,0.018505860010870102,0.159782623828565,0.013892843913428118,0.03728409634557742,0.024345398305241493,0.009155988284069293,0.05528270628383587
77,0.021458173681532355,0.07931332916388471,0.02415182978877502,0.022251254416785334,0.01644456644920669,0.14662592683575104,0.019917853779901015,0.06172885599148015,0.022394107871812615,0.08339996256712472,0.024209499129696742,0.011227152550923767,0.00962011001226747,0.02349036364401967,0.012962179090565601,0.009642371773326719,0.13088558090588032,0.24470624211403766,0.022075459027559988,0.013495181205468476
78,0.0312632178020719,0.11821673881559976,0.03055037049921101,0.014713151574183627,0.04729077976549556,0.03004624614684817,0.017766593600692968,0.08190149893249297,0.019176023746320277,0.043160441001013065,0.1872004217953569,0.015718461763378624,0.00918872950458255,0.017890049056816165,0.00941364677149057,0.008553196334200514,0.045522480553378514,0.24130255574476428,0.01579754678893624,0.015327849803166333
79,0.021760505006280628,0.02651481089927576,0.5741666165743311,0.020253288631381997,0.02190741529450469,0.037304790167543185,0.029676377450959534,0.024750750998256795,0.02802729410651228,0.014954566530105271,0.02531003734680049,0.03322809614422064,0.01026943034909621,0.025323229989414102,0.011488008042542281,0.010626223752647415,0.012017054463336242,0.032843503858724275,0.02070821237437386,0.01886978801969341
80,0.014273485675566388,0.01917511095033296,0.02567989429936927,0.025426323749755095,0.04450808596256432,0.011861627820938626,0.030019734631873365,0.06594404798819122,0.023101839506128506,0.5256517577234245,0.027496338402595286,0.02007825974680935,0.041795775539053816,0.02150725736548653,0.023175346764437322,0.007705668450256555,0.010676409033382482,0.014472103671919354,0.026938306251361586,0.020512626466553455
81,0.031153433790115356,0.032383066533810644,0.021576507305949847,0.0462401325290058,0.019518830082879742,0.5102675760959677,0.021842284870177853,0.020907268155833082,0.02345587052276776,0.010698236003769731,0.025354594486491435,0.025367455633938125,0.011290181289291297,0.02724549016006919,0.048529849002572116,0.01176843261409598,0.016708899490488,0.040215284154109666,0.03476842776645571,0.020708179512210958
82,0.23522925475321435,0.3631232773212997,0.016279864479406114,0.02183197073954542,0.036055771260690435,0.009810952174965365,0.019916324191417225,0.01628423119079731,0.01739888325789654,0.005755047626866342,0.014803897571275664,0.015635291066390278,0.012855330348789372,0.017453538678496666,0.028105910274148556,0.06555385364413291,0.056404935103643354,0.009256983538165682,0.018802768575550886,0.019441914203307972
83,0.011611749728644299,0.03809529621709776,0.06939813567394074,0.022579645599287518,0.027564467270119797,0.5531051190618187,0.02049939220514204,0.020504763969192118,0.026938996526363054,0.011636826404898767,0.02745541448872632,0.016728360607119706,0.009674258638642024,0.026721033565599784,0.011018142529199798,0.029567491073005898,0.013808722655754675,0.011084277514418473,0.03103339750293827,0.020974508768090223
84,0.03742261694628285,0.03241466845216845,0.04994075893696325,0.03703845347044131,0.03449479104056626,0.03368472244140499,0.04879998129697088,0.04543146516219833,0.05017578495050811,0.03574758911862284,0.040587612368632286,0.029914017839700706,0.03733197572545439,0.03796439080879929,0.2697412866865354,0.047852011621117706,0.04458888105655246,0.02308790438022624,0.029169475717807876,0.03461161197904637
85,0.02165419144044836,0.0467935587437433,0.03778736783583449,0.024412398411113104,0.04296808839276249,0.30014656018836194,0.048130189539289076,0.042302142344763975,0.0359472843064656,0.025429709450885116,0.04023603876239937,0.04780408189386743,0.03254022131281118,0.038942063246611536,0.03873089613220449,0.03320422324405782,0.03530894353942589,0.02770436543184244,0.036105648376623674,0.04385202740648872
86,0.011353974794952513,0.048031585972909574,0.026180243199188657,0.03287662130159261,0.01781831443386346,0.5548998098100851,0.01369461808333012,0.03156394532258952,0.03037674399218321,0.01354639215068565,0.034953489342091894,0.02674680179816215,0.007770363098628223,0.027332157495567527,0.008838341229303888,0.04183762627478918,0.013066568342657084,0.015554079124731252,0.024237898523987625,0.019320425708700715
87,0.016177849181864667,0.019830002254702613,0.034967756229889256,0.03222680057967624,0.02500420320952606,0.032895540307947814,0.024199996768379313,0.03308296895085389,0.028944597062040743,0.012358371247941929,0.026311620377856455,0.03317809178031758,0.012285093442764013,0.02213578153084058,0.026306691574508177,0.03004761411110719,0.018511464898168177,0.0203056207663223,0.5227536129643572,0.02847632276093574
88,0.24670606834557698,0.09868895755697756,0.01663963829174125,0.02250888468711458,0.018015810762388944,0.03609010870022096,0.011103441985220838,0.03841926569251605,0.022026491619865314,0.006579971852328393,0.019650036835598145,0.03147238947371878,0.003742960117937839,0.018296373365005822,0.007725453000703044,0.34519163552969756,0.009619056897836119,0.012848459329570579,0.018682901606258653,0.015992094349722617
89,0.00882296462914228,0.020630315291334335,0.016209684324427095,0.011517505799317374,0.2919258109288038,0.006446931534127664,0.030519432781657724,0.012038953310518396,0.015143121635036758,0.010588436822212976,0.012914250188065982,0.03736879406024762,0.007895616792162687,0.16794200735191284,0.00435597513826284,0.004374397443734365,0.006252076205548361,0.005248388243042363,0.037583223343432406,0.2922221141770121
90,0.019578746098645898,0.0358056985276054,0.04681171097107814,0.028455011737752365,0.02048808118043588,0.012984301303437465,0.055584980808165825,0.022345886217309142,0.03167257354942161,0.029124317304544917,0.05211793743907151,0.04269200368606947,0.011560403806621608,0.027805353788053367,0.014352561598229261,0.011418316087555612,0.013038200820277132,0.034997536598526606,0.09262166741708935,0.3965447110601094
91,0.1518463706073116,0.033294134560688284,0.021985119932672,0.01008376557013913,0.011904407764963335,0.01001347810029877,0.007736182153965856,0.10285694719592398,0.015465668574937749,0.06762501390213604,0.17855734582615554,0.010365123769300905,0.0017776764758170483,0.009901703039343243,0.003739605890920263,0.07278688589574216,0.12270822818333593,0.14732339362959126,0.011820137948634958,0.008208810978121968
92,0.41845716206434264,0.031985130349778325,0.013262387992603215,0.020766493979348502,0.01432579262723586,0.17856875935747613,0.012272478995516953,0.02022363253484816,0.02279470915668084,0.00699723271056783,0.026591272910219253,0.01464314130804745,0.005683482890510177,0.018398160271403823,0.007021326390781189,0.0414229477811736,0.04679029362194304,0.058049119173732046,0.023340991689713802,0.018405484194077143
93,0.04288039455512658,0.036091826921657175,0.009737339666695674,0.01826094969483184,0.007940582788297332,0.12787030559264478,0.05059877824063752,0.023496436696542593,0.013778706438606986,0.0037364164157283847,0.013117843589842738,0.0109519246450492,0.0024424409415544643,0.014467957907336336,0.004862315523532138,0.2213909521866563,0.3627241753514392,0.01112511098024982,0.013794225090215414,0.010731316773355488
94,0.036472847172049974,0.046223927305606025,0.07573653584376054,0.00720263245509136,0.01906636841451674,0.03674746979486783,0.10672204345530965,0.15882318938929116,0.02258231241883318,0.07518481381370914,0.01056046217951841,0.1039954438504752,0.0032676903309475456,0.08750775750995596,0.0032805622351633496,0.03458243358631544,0.055079146366553186,0.0737359800679632,0.01860370530991076,0.024624678500161343
95,0.07871660384240264,0.02860993113644451,0.005173098021433437,0.010513646251393179,0.01960958832686307,0.09047152611413305,0.02042948795266134,0.028658441668437593,0.041889426575388716,0.06876175938109967,0.020937235295634526,0.07205182349661622,0.05300205930404261,0.029696181383516523,0.1602871058972171,0.0779665976922209,0.10114019511449558,0.07673292236142865,0.008270181395944522,0.007082188788626169
96,0.091357030373321,0.02209687504489168,0.02304296654900561,0.04834777217971313,0.04711402323942314,0.038884037228679606,0.1177356786295024,0.044266788870222486,0.05828945358889629,0.09548346758431746,0.023783363994069027,0.014293860868584874,0.01896202519686775,0.04492542782828309,0.05080457657787303,0.015532307170220833,0.045420331791046445,0.008702181766007748,0.17253810993615135,0.0184197215829231
