site,A,C,D,E,F,G,H,I,K,L,M,N,P,Q,R,S,T,V,W,Y
0,0.01698543699622116,0.0449892213984277,0.026575203708712514,0.021140332089049536,0.015293773036475866,0.05012418608422131,0.03757163781024441,0.017059035857030735,0.06442182668797859,0.024760739817932483,0.019481125543656264,0.02277316239262746,0.021512089730507705,0.016006658414157625,0.432219331394672,0.08526626933654566,0.018766787629798814,0.008762113512399122,0.02364740266011238,0.03264366589922861
1,0.04574023511922158,0.01989363742979152,0.021952677567407642,0.044007885611763685,0.02552590415533588,0.43637787498703884,0.044613768343764966,0.023623751668455446,0.0201703988705213,0.012405622708087661,0.018265840616304332,0.030238847858292558,0.04030514545395438,0.029166401379309485,0.06300065720528199,0.01465880902720049,0.026834704780197727,0.03961041554976347,0.01265694728301949,0.03095047438528758
2,0.007202646528185531,0.06646519146395857,0.054323097924076635,0.014368701251099151,0.013247774799970913,0.6434397934428547,0.01438900567960624,0.01719867222408051,0.013817699118532147,0.00584100236163734,0.013983522165853154,0.016505240003291802,0.00798660909419012,0.016176184528044497,0.00571797969939477,0.03068947757119164,0.009963983917861357,0.02058512601611262,0.011549639723765494,0.016548652486292843
3,0.08739059803696705,0.014353358530404276,0.0175369346096137,0.03015998356113618,0.02037144915926157,0.5894860818692299,0.01717242870728776,0.02299924027549797,0.014749084849256959,0.007154919980172525,0.016404937171998958,0.016592770196218385,0.010597489427826966,0.018432889418931144,0.03512990661130432,0.007977477509259352,0.010666809222008682,0.00685670537518606,0.03371588038202723,0.022251055106411094
4,0.04442239077765601,0.04375897242509137,0.015175869609020025,0.015230072899689117,0.027433039731981575,0.00598944948921687,0.022543705731327687,0.11486190457074909,0.03461853159599975,0.022498129553034887,0.028566861574856568,0.035291272622221655,0.0018398429487525149,0.3085696685453842,0.039416469952454396,0.056229571131327365,0.05771362065884197,0.06644246653311099,0.004033524391462334,0.0553646352578216
5,0.0879307954824695,0.010916733848096388,0.010372333098034047,0.02878364321263036,0.011284626665072088,0.5641020015218507,0.01023686174334504,0.012430164025125472,0.017191463494680356,0.004207766173484654,0.011386681237767461,0.013390309988162529,0.0054502050083876305,0.01379579302270123,0.01036518894798264,0.12634231524852624,0.00761013743207645,0.034311154374805176,0.007764436030730849,0.01212738944407116
6,0.027771657465312263,0.004213212672654262,0.039730574425633484,0.16085709448616048,0.04972970122095962,0.014803970449923693,0.013834697764084556,0.04336703206386297,0.019383527558076572,0.043050572728062085,0.029507774241244164,0.09808118230707434,0.0028779889090501604,0.15174196244741803,0.009938205765452072,0.07960869204617192,0.04445970782253188,0.08544939034018699,0.04918784148352685,0.032405213802613596
7,0.045959994851232484,0.032316957761414127,0.017384788516868234,0.01790867272107682,0.01591683448668024,0.0066807179095560686,0.01690702411515755,0.044278008235976475,0.014958082338518076,0.005516705743631345,0.012722413711706907,0.032480896980407854,0.012674711877615766,0.016849655679657072,0.006159871699641378,0.014653451160233703,0.6413677027270627,0.01806924616834156,0.013454059111543884,0.013740204203677744
8,0.02841858492478033,0.19460030725031402,0.005453170309722122,0.0060303153241640095,0.004402307550505809,0.010700594695731714,0.004852781191871989,0.1559225102852531,0.005257760071576756,0.2002693938526988,0.017428439340643177,0.014083644983926164,0.07064867495734665,0.009305366516415703,0.006868635925819416,0.04827109266017952,0.06513690816076839,0.14305564483296562,0.004107945833939007,0.00518592133137765
9,0.02461806508856716,0.018024282281958466,0.015760911234132383,0.037900358328257715,0.01420292700339806,0.6717401206077419,0.015100364405948918,0.016391579497607226,0.0178191961164733,0.00626383411125003,0.017605431788427026,0.020576948609673167,0.008218035432451126,0.018424821526106628,0.037378226045177494,0.008106498705485075,0.011079056160456287,0.014994725100667898,0.013144702436228988,0.012649915519991192
10,0.07203045109058243,0.09749046673652897,0.04459009980143754,0.13765986487902443,0.0119840914177022,0.033103565843284374,0.009184380524919914,0.09392540589619877,0.013153577210652264,0.03279231948714766,0.022967410801765703,0.003979840446589869,0.0021526145698673874,0.11210533926871885,0.028058390176441638,0.0364973156037685,0.01602521608243299,0.09814083082517504,0.06771212567343318,0.06644669366432827
11,0.010381687094936668,0.01184248009300241,0.017595115105212916,0.06802701729043452,0.022242964386829097,0.029550672909802383,0.07617134181246567,0.16763458541046475,0.16144473708822263,0.04171929881264368,0.10403217175347677,0.033565444942047676,0.004723131153721282,0.07123629626962975,0.07960069607927255,0.008067264133056739,0.025491570823365842,0.0517015823755892,0.005881346267969032,0.00909059619785647
12,0.02561088601931079,0.06579174478335495,0.03613344018999673,0.03114845273911107,0.02555362367863487,0.020839056305818116,0.03891998969422836,0.03461872830741247,0.03541100228059492,0.05406372120715506,0.030808575554357964,0.04110941564752946,0.03921921919113976,0.03180787634586479,0.06597363812079848,0.018213309073530536,0.03645141683991067,0.015112124897235095,0.3008269620712551,0.05238681705276076
13,0.012760619190198828,0.02900191765016289,0.038848044088727524,0.05081627935890226,0.03425057431888088,0.010753692407614375,0.03239737963767249,0.052244543136720924,0.3726276564801778,0.017607411832124217,0.02989128308550894,0.04854907210745285,0.015414897455577732,0.031012449945477125,0.05356674657367257,0.027168569704453728,0.05438499491409574,0.030835005301595515,0.022001524486177645,0.03586733832480594
14,0.07882329120545091,0.023783981748776568,0.01880472207401447,0.019892178698489516,0.05901219754111717,0.06483831464861921,0.17544851829548033,0.08189763133341689,0.030276791756720912,0.046822855488004404,0.012955073549240708,0.023081816707184573,0.0015169309263920701,0.004724151926895553,0.053971622390370656,0.054983991313467824,0.05115992088053333,0.056551235254131006,0.05645514132950118,0.08499963293219266
15,0.1624865463733573,0.04232375336012911,0.009116131390148434,0.05946555081063937,0.005161143543790257,0.07378693790232604,0.030915938458682093,0.005343480456112474,0.08169103430996892,0.04379224898980171,0.08808563469993448,0.06599046105371283,0.0026202030368732473,0.014350456867699575,0.1531032373571998,0.06133738244167828,0.07108505620645465,0.018246214093713065,0.0040446397798329335,0.007053948867945413
16,0.007370950917839801,0.04040831565201606,0.01682829516623112,0.015986737237700926,0.014606875259456541,0.0073821913121024235,0.00892658216902894,0.08764242989411405,0.014788948685661244,0.3240978949250735,0.021169102279759055,0.017675436057390123,0.08251607192492061,0.03393580313257134,0.0072077216738276806,0.006239972156411044,0.014627457985358102,0.2575354151371772,0.0104267812996491,0.010627017133711109
17,0.1328637838736805,0.021017734279521288,0.03081584658783043,0.01841040077607339,0.01571036801417894,0.019478854155127446,0.017257133750011883,0.01866070520172777,0.030009526922046958,0.027317350688286324,0.08014243886172756,0.3469472885451069,0.011357760741394642,0.016076582977857915,0.015318106721192888,0.12010889050474834,0.0160995506738534,0.01861620856226755,0.016194321597273173,0.027597146566092683
18,0.026166675489465347,0.01902406269851259,0.011115911762619458,0.10961713127485691,0.010528071391358737,0.07755964832926797,0.08560435525410096,0.05173492876434093,0.05367305929601369,0.05620058382308395,0.0751589797579581,0.025715607454876648,0.0022378008610519124,0.073720150489043,0.07659903892012214,0.10188557985447651,0.07920203297488368,0.03996950868295596,0.007920363740076904,0.016366509180934644
19,0.008816463310317112,0.057810094771473516,0.014669602314500653,0.01539126592164363,0.09566348573007531,0.009178904684976594,0.02301675975320366,0.048473193681473944,0.013322941867092009,0.27696394147063935,0.2821787660938303,0.011254524059644356,0.005445401427252103,0.026915460309660022,0.007092537006850387,0.0046048712739413244,0.019861754010567632,0.022002500500210163,0.01043469218934148,0.04690283962330641
20,0.15730903266501103,0.023287903553482106,0.06606453019494073,0.011497633558849994,0.007944301814232732,0.03244119117655261,0.06474738749934654,0.010439153002394553,0.01378161887991663,0.043283667263336364,0.03481950839754536,0.022798071069137848,0.13299785778095735,0.07812676078890182,0.017355466742857636,0.1388749307634515,0.047881198183853745,0.07444200404157723,0.007344670225198439,0.014563112398455723
21,0.07888214380246279,0.011323863653814988,0.04276904795477407,0.007660168123979693,0.006178542130901707,0.07742740642213221,0.04889727611481996,0.017375021525686082,0.032513933041871154,0.07650813877857877,0.013251683345573155,0.01052255490213442,0.0508159776048858,0.1594056923438992,0.11953870816914135,0.1315212290734427,0.08039574406373438,0.020648331804745398,0.010133763759340794,0.004230773384081371
22,0.030309457477471546,0.03446392333715512,0.009378015446644215,0.07678233296232158,0.12121045060752429,0.05845101861500799,0.04721292645256675,0.01566544276269572,0.01288213329684113,0.0595771140834967,0.14049695980046095,0.018104493753675538,0.08320325589521743,0.0783357532403653,0.03422561974769455,0.027220083875368287,0.04690627407237243,0.036388467222858906,0.021734661898321687,0.04745161545193991
23,0.04173906973230578,0.06846238339367437,0.08370530945499954,0.1513752147994628,0.010778736243935126,0.10628710550345559,0.06993237910249304,0.031190093134316782,0.0191849835335886,0.01596652115531371,0.008094716275785018,0.013270136002711947,0.017547337714101278,0.20161673641750763,0.003960252795317708,0.050399986126838346,0.02370408545958012,0.04788079925054004,0.009126939267512752,0.02577721463655979
24,0.014737619218786122,0.022042522553602208,0.024517379783683475,0.015811923297181806,0.2383126833216758,0.007789797523685953,0.036438889788485695,0.03277335749426563,0.014907004004701931,0.02546627874799074,0.013197819302187339,0.01968761857970762,0.027791224640352948,0.023972930606690153,0.007970000017122572,0.03589375255112278,0.016475577278800342,0.00885728821130862,0.38123931673812156,0.03211701634052669
25,0.030407228333002884,0.014151829220727427,0.02212948933527569,0.005829730889230768,0.08928072722355683,0.016258148710114557,0.08252223428194491,0.022265381719713536,0.007807969264403004,0.07381648014849232,0.03443130327177797,0.04714823668574455,0.0065432166282285535,0.16766497069864025,0.04184791701190607,0.09573743763683461,0.11042939596222599,0.04102622176947809,0.004117709798838358,0.08658437140986361
26,0.033602420552306146,0.009989697580220596,0.028107283346796175,0.03199743249435306,0.011536777679304822,0.0033388324249246986,0.014592702514379047,0.01009825152608563,0.15986499585050643,0.0018458874517070626,0.004800681860375186,0.20373820657604652,0.05563994491169667,0.08116269490403756,0.05173536496877149,0.12026260783546902,0.13506794055952254,0.029892712020391968,0.003780656346725462,0.008944908596379931
27,0.012645947918245424,0.04100807792132528,0.0636455794637577,0.020501617323353923,0.030967940741602244,0.012048457023765785,0.052735340444558576,0.025614061786545746,0.020856906328197932,0.01024940311914127,0.0187696143864662,0.06786401432739937,0.016011028249260414,0.026958379901646505,0.011698649310541957,0.018717744385006067,0.015724075004523375,0.012163624142364644,0.02159293954467001,0.5002265986776276
28,0.014640957404351692,0.022297390272237625,0.02157643033819912,0.062353316596702825,0.016207033988991218,0.015529170547425152,0.023589585083249483,0.037826005031573615,0.4617930710234901,0.008495910524057683,0.021469366384214462,0.06204338861833969,0.016667230629007962,0.05108135164357576,0.06325577756826557,0.013864831431774223,0.02554648274846773,0.016769421970007956,0.022339460803426938,0.022653817392641207
29,0.20779185269640066,0.010879346354139683,0.011493132744009591,0.03206571119481606,0.014674144179174542,0.04278843284402674,0.06673734005153557,0.01914481104174369,0.18078001720298845,0.03475247936134872,0.03610749577011008,0.009904060527046557,0.009067092023973412,0.05102011792386199,0.11137855633144973,0.054350163844813,0.05261625401441965,0.033554082426000616,0.008543748999541821,0.012351160468599513
30,0.07090368404135666,0.23715639620407533,0.02289051092410757,0.014980438426795828,0.026747962324228342,0.010826167331245385,0.0472416093513259,0.02165385489509507,0.03553769915626168,0.028720080995426025,0.019077397806123317,0.033046624579674326,0.023828081930144532,0.018424265744626807,0.01816995268759006,0.2364934177448345,0.07916225018858267,0.019563355795169827,0.013668407080460198,0.021907842792875953
31,0.10469383019564842,0.043094417858616126,0.03934393380679592,0.024532508886057132,0.016908831901210293,0.4352290795659199,0.020778728076252997,0.023435532508458458,0.020803744407758742,0.009191901267761161,0.0193930581694721,0.026548776565678476,0.01928623238110661,0.0356530453793226,0.012579577072216524,0.06546829323589788,0.014394909277986858,0.02510868736042324,0.01939257299882903,0.024162339084587536
32,0.017483373730927728,0.07800204963375774,0.029845638787335486,0.022650431778223064,0.03882188649218917,0.013909561854659632,0.026799248210397957,0.4266339252819447,0.02832585936425275,0.015095222893200389,0.025510947608493335,0.030300765624406648,0.017991656680124483,0.0328599707296839,0.011377132148278244,0.01851344631374546,0.06757045997586339,0.04793446130836921,0.02325968363690182,0.027114277947244903
33,0.0377564901824125,0.010135322281492663,0.010876426709531064,0.010323594748276557,0.012243870125615263,0.004141087945633308,0.048485137759931914,0.10173445231119331,0.024959570499947306,0.08841937948339534,0.02837725357937646,0.04334179068217192,0.0039012687525867805,0.1340340500426358,0.025790407645832705,0.06440489403617268,0.124414648235403,0.016440849908250278,0.1931920155164642,0.01702748955367693
34,0.0321790241153187,0.023634808154643798,0.06555592297584173,0.5138684930153254,0.02192702059233674,0.047242767371520694,0.024377232044287062,0.025936503151846108,0.04597091832044706,0.011326555043802143,0.02256162603203988,0.01919855992081601,0.011367984900588471,0.022504532614119704,0.01114676022165297,0.012161567506042949,0.014696218204124588,0.02659931298188812,0.02620851472192832,0.021535678111429445
35,0.050053201018400904,0.08715463694025702,0.013368049063633035,0.014543454303122453,0.00910710479357024,0.004615174274626526,0.009731755004008785,0.057401672867886215,0.014698997791664482,0.009583901507226105,0.02195556918415317,0.03510352287263832,0.02301110834538326,0.012293087785178769,0.003833299347205689,0.01131353622660408,0.36148044526703516,0.2425510637592105,0.005453385373335411,0.012747034274859842
36,0.061749936152699345,0.05921254542421061,0.06821088048081735,0.020826766890934368,0.057192349579057666,0.025746851861920935,0.05505234323165396,0.008155247902813429,0.011937000457528766,0.013052681108499766,0.15263866801281847,0.03550301537736495,0.07651801384166815,0.041761738785635924,0.026708780240581927,0.0960586155658749,0.0635852134599978,0.0742770148047654,0.02421508252683157,0.027597254294324716
37,0.024106857202799405,0.04015448775132147,0.03458048617782429,0.024199577294433994,0.028462048102867597,0.04269976697625147,0.03553387066582099,0.0370822612496665,0.06865160289246722,0.018710007095476246,0.032076599107703954,0.034961260884948296,0.034936904230645646,0.023583471651331313,0.3933817670524255,0.02423920188319829,0.026222793344398525,0.019759452387179546,0.022597361978846226,0.0340602220703935
38,0.09626622706741035,0.018728796773996036,0.2929424796102981,0.19608574917777835,0.019407631409960283,0.04619688252530604,0.010952402526282014,0.01910936520068054,0.030934865496828785,0.03572574842052911,0.014661877844667453,0.07528192905109751,0.0032931543256615155,0.03358416122578692,0.00529337939181933,0.03280337631840221,0.005860574926607355,0.03590571652124353,0.015100544255994072,0.011865137929650472
39,0.029433757091701894,0.010253669116186949,0.1548958857728083,0.19176849309647795,0.039172003124136406,0.07152514429608049,0.020220500032842117,0.09722216512479061,0.01593157167034049,0.049767691090387964,0.0222353565350476,0.007143761429795484,0.048883253904203804,0.03889395453215369,0.010906662600058797,0.0345496967787051,0.07206237436803022,0.0652221329513753,0.006805319403317842,0.013106607081558965
40,0.45968524670776306,0.01637282330452746,0.0535738465249967,0.01858515958400479,0.020682615042072656,0.009409296854938472,0.02302065297163988,0.01800845598351,0.02296236716487083,0.008327445183669712,0.023563475801091277,0.020762792884591416,0.03907785985320424,0.021581484816371028,0.010266957501971756,0.09501106534842904,0.03061146996529922,0.06520426172125651,0.02560422831683021,0.017688494468961723
41,0.08640080016351967,0.02080555340100198,0.007198279765568378,0.009492242003325359,0.008350982988379153,0.002766453181365836,0.01238089090604046,0.008394092826305483,0.035479272313859146,0.06793089558638914,0.1533642310564176,0.012287917244655508,0.0029063378588614773,0.03413081095301108,0.13609925771984668,0.035169321754641485,0.05251163437269614,0.3010078069539881,0.0047455944252515125,0.008577624524875843
42,0.14561114008485007,0.019415059042478488,0.006682002430110509,0.018555522768669046,0.008599302141394836,0.041649029922780446,0.07985005771573339,0.04921504479469344,0.009972957742491578,0.040384391427373226,0.04187228136548258,0.15424362833685096,0.0022241777279859262,0.06482555736432748,0.10629068364544678,0.08635260632526229,0.08575888162162444,0.005484099748864607,0.016448336899973087,0.01656523889360686
43,0.3235809199785489,0.027132364704973107,0.0515772285470301,0.015794261991785893,0.015579769406534143,0.009792381432074261,0.10991488950283292,0.017796094427281934,0.021358897675343637,0.0461312164151479,0.06289024204470879,0.03834055254440042,0.019669572883908845,0.025279177963932586,0.00892249518623675,0.10888661640161133,0.021212108906462926,0.04422976168110809,0.015300528758360164,0.01661091954771728
44,0.007357570589679797,0.012363466633150369,0.010096187446213859,0.013232035723021424,0.028924009016686677,0.008940781129839086,0.07239161623584045,0.23056893680935406,0.010898543787438894,0.2635922838958761,0.08723029106272585,0.009498628839087959,0.017636062690331192,0.02859082186467789,0.00910437543731911,0.00413543007457441,0.0071772390166912675,0.1158065838031078,0.015750453409136788,0.04670468253524711
45,0.0931170244161768,0.07530537681975322,0.03554154022251173,0.08112900391035807,0.027560920621289363,0.020607841541783807,0.02401393425743049,0.029347538324575793,0.10655207444862701,0.08422165975360801,0.05678024038348701,0.07301534103782374,0.001953865599742801,0.08062285616177889,0.029855282570332663,0.06489181213254475,0.06733492844780306,0.04044004696346521,0.0033994779880306405,0.004309234398876956
46,0.038359877005904625,0.01126328053394341,0.1395907871617005,0.10936200375695819,0.028419727205160093,0.09526030157836739,0.06958899965186062,0.02071374461298007,0.005306809826393731,0.19734963795139138,0.07256659965040749,0.02753379788217291,0.002459458247652192,0.06172389096095796,0.006251102313965476,0.02882198869621051,0.05050153596838149,0.012472316664977435,0.00958693689373358,0.012867203436880938
47,0.03172611521700728,0.03724233938200899,0.03019007002444749,0.04044349251356347,0.010452976700468785,0.24911153340060085,0.11247417657587762,0.010171076096429508,0.05017643722723058,0.010374660196394419,0.026512385018351525,0.027509244856807367,0.004035814281831541,0.17791806228975207,0.09271924475399843,0.037701710848375446,0.0046829184564164015,0.02021292028652786,0.012376275866505995,0.013968546007404388
48,0.02760895728934434,0.01893267130574221,0.02003391235183554,0.040889315052587916,0.06391134136401812,0.02900485957826857,0.07580707100790478,0.04266093569270803,0.014779879744709614,0.04470845693361506,0.031333511340174064,0.03370667823029353,0.01682213319506196,0.20904335888775002,0.03129262428888072,0.009572777674935189,0.08439388472172285,0.0684916521190684,0.03674125091938208,0.10026472830199698
49,0.038110712841006186,0.021570057188886903,0.02641520563089944,0.11144938842712697,0.16692414217450946,0.029433366027677748,0.005368856625605241,0.0034850368158167626,0.048348756497674714,0.04595054044529913,0.034304513538825826,0.07193822126082555,0.05255514521070006,0.01269099383884128,0.047755210841042825,0.05749431158176833,0.07975022973483432,0.016686953200470495,0.10085499613523753,0.028913361982951188
50,0.01989467876044937,0.02133287677919143,0.16050699422879727,0.05038103304088299,0.06984365585326177,0.046218958271865035,0.061718325198244245,0.009934849086067914,0.007346580628790926,0.006209201973270466,0.017876433292018507,0.1402038250814849,0.005946178689332031,0.13913990879237412,0.013968268384103488,0.1324296417907668,0.054831223409539345,0.0286921285227937,0.005974590785262242,0.0075506474315034456
51,0.05188047392172506,0.04532283987599393,0.01833960278413726,0.02891487136704301,0.010159452667137312,0.22801777143228882,0.09400250017100731,0.010299164267923036,0.029706923964500243,0.03475518928025409,0.01646119059071872,0.015645447471442243,0.0037031851494041157,0.1317260245286133,0.019396355803437883,0.17693934100762648,0.03484704459492234,0.028197515375379702,0.011133426523357411,0.01055167922308774
52,0.01748994381968438,0.018902807820184487,0.017918588823766266,0.08930102862001518,0.016901139883804962,0.5371813451957127,0.014148285033241123,0.017797860448735388,0.018619814682067748,0.008171817860869934,0.01717346741150301,0.016256343865408224,0.00969283566292165,0.02319890355020888,0.07915129376116178,0.008930549088968226,0.010890678444059028,0.03587415937481081,0.02163699870974511,0.02076213794313117
53,0.02995583267892969,0.010491418929477529,0.011266267843096532,0.011708092742715191,0.3313472753745723,0.005238110163150735,0.317283559590927,0.009181784709382631,0.011019894807295632,0.003172896505014331,0.009522464472404341,0.009277334232653055,0.00853154627597226,0.054234577120742415,0.02749145436734304,0.0044864012697601475,0.00485943436456964,0.01612502758935778,0.07119463078162772,0.05361199618100806
54,0.40473619754389245,0.07606997244745874,0.011738983186113496,0.014819105679547976,0.01645996167989403,0.022349656573951354,0.011552222833732022,0.013266803225284968,0.016149569873871117,0.007224186081778537,0.016574728442561946,0.010146850123502119,0.06661039384150311,0.017750057662137816,0.007841498744517204,0.07106321283688645,0.13287401041237878,0.05160599605831035,0.01853973576658858,0.01262685698608895
55,0.07044265338166257,0.03028199100664073,0.014891410877505448,0.021986028066052907,0.01297534785902271,0.008520243207736413,0.012214091657905655,0.03907323573843881,0.011435942170255526,0.06251972742858257,0.020843200239667774,0.01280096506584886,0.10116312106588127,0.01465825370702409,0.007609071922157161,0.005934582500690563,0.009330049208018635,0.5204956439954063,0.012840440462851961,0.009984000438650059
56,0.007631887442239497,0.018372394028607873,0.014426518356918194,0.024524886295433368,0.033215476485106546,0.012901599370835242,0.014831920742120851,0.020328988613982857,0.02288824939831556,0.009243054569592849,0.023771978304670274,0.013391911583906619,0.033382454125444286,0.021079980321791456,0.008322734239883634,0.6244135510977823,0.009031150164135943,0.012761797218879033,0.02309991000671046,0.05237955763364319
57,0.0077964356524324475,0.08724572216650191,0.020048443412680125,0.015547611666896858,0.018081023531283807,0.01158212068840375,0.016455910152972028,0.01616271777734173,0.022182994429657318,0.007046321101386245,0.16487050396162514,0.019225403592992633,0.00788873300670908,0.020487739224618585,0.3988713878084734,0.029364805566939253,0.01695908040321528,0.06577445007222663,0.03663742334211078,0.01777117244153293
58,0.02156362914449551,0.014704532162898628,0.015579566147129827,0.046462179514759346,0.018912271398628038,0.6682900470228925,0.015528992335424414,0.02108870882727719,0.01723622569991095,0.008165383925739473,0.022196258293450517,0.01826068077001701,0.008296390319505551,0.017657536667898474,0.019709606072366596,0.007914441595072225,0.00981961806295147,0.010051503270036644,0.01878836965535982,0.019774059114185876
59,0.14928857703680104,0.1002347343723493,0.01610362416141246,0.01707166060485556,0.018630428061133596,0.032659916664220724,0.01665421073675428,0.06869467026884335,0.012809173448891252,0.00647844978911431,0.015512643855866384,0.05536159619195223,0.01604588559580431,0.014641516645211477,0.013059722928788275,0.28300840286727214,0.04394880194730883,0.08853448906315084,0.011279919996901974,0.019981575763367586
60,0.18479072472128064,0.017296856464533435,0.02454024326566185,0.043252602333935894,0.11006556474684644,0.039351874186115084,0.025331949118214438,0.06545635909380629,0.02474633835612327,0.010332532084027969,0.02310611700937792,0.02602758895962932,0.021365205559031934,0.019635208115642264,0.008036230183251471,0.19716888020508988,0.04866179201404779,0.054486315184029833,0.019124602793637695,0.037223015605716614
61,0.027484434831923487,0.03553408781164537,0.02188152504204611,0.03864036125183118,0.01806564828152892,0.010591817858770312,0.02966336351654805,0.023876596758705036,0.44581849785123495,0.011041923422967078,0.03257812158426719,0.11083015674114324,0.020851779712745575,0.03828725759473583,0.030248026935045733,0.013187226406672761,0.04370414133113705,0.011133283742802603,0.01596974207048771,0.020612007253761805
62,0.006457572261889468,0.01363835989568785,0.01497883344835725,0.017805421987161566,0.24828690468236328,0.00852567124666353,0.02632354314235493,0.05470054453707937,0.014450783622177815,0.4459850699412411,0.015148977798672388,0.009478321289671392,0.05882407675952134,0.01457089607868993,0.005301120332419944,0.005203983114988079,0.006969229945159879,0.00747394276978208,0.015783560244345643,0.010093186901773195
63,0.12432643192737947,0.025891556942850103,0.016794871401123127,0.04497799054508726,0.015610329670014678,0.0686543187669052,0.006350491969111272,0.006798723737522168,0.02561043792642576,0.0177171994831938,0.11165239792136376,0.012960446708018776,0.001751414537645789,0.09974629199683951,0.07272139046044436,0.22774944473524178,0.05647660777685243,0.01974184251267311,0.040013057324249486,0.004454753657058141
64,0.013721916077488414,0.029317171209939603,0.017010385762371696,0.022150737508881444,0.01817576392798706,0.010643316145733609,0.014577260003492765,0.019344679373349185,0.019050659227674432,0.017158222553366763,0.015001401617014895,0.01963141354121791,0.008981067673117786,0.01586768374629343,0.07040894995692212,0.008527951092810371,0.011545647087268943,0.012494983676730301,0.6390990500440031,0.01729173977433611
65,0.01310843121228277,0.01780371280103916,0.02041067673198503,0.023487170358986266,0.026260345193434523,0.011439638841139509,0.02031136198041158,0.020395462510209076,0.017696675744057613,0.5269751970609398,0.08442160211964733,0.019878197189971043,0.01576103510495011,0.02940891683553563,0.010140224302873714,0.03917388447363205,0.013569624052388991,0.020580663684173984,0.04799494724379326,0.021182232558548595
66,0.25870620706893727,0.022147285742524333,0.015172180790272778,0.028442077476677662,0.01873916091368391,0.015399450459761568,0.010202423789624649,0.014336941523109716,0.016220124730149724,0.010838246364563153,0.0373183871015572,0.015954442368734233,0.005774668509598454,0.01451025418424615,0.006056255361944389,0.051832821393556085,0.15817175389803453,0.2621173291289128,0.016987993262402225,0.0210719959317092
67,0.02066280754572323,0.015425186883972396,0.1605414529913191,0.4898303614328719,0.01841122968293348,0.04212162833736921,0.014721983122585623,0.01828842191305917,0.057759203147935555,0.007319655698046781,0.01832989307908049,0.012818724165736612,0.0065027091119362,0.01479218317011078,0.01628932485105536,0.007336327959218066,0.009524060263559671,0.037044135532391394,0.017902444146667754,0.014378266964427218
68,0.014164527498547755,0.022364880196790112,0.018755784078899346,0.01883012635280341,0.01731902719674818,0.04197085189794412,0.01663006090389256,0.028046764967736795,0.06584590243617494,0.007497675402757431,0.022004399341512264,0.015297028823557697,0.009198755399688067,0.0166283126422801,0.5956130717381035,0.02749365642768244,0.012203114066083449,0.013064198669591255,0.01900561008043056,0.01806625187877597
69,0.11464802771855505,0.0120207712144562,0.03075777860422603,0.030891761026529827,0.010338046842715524,0.5528954566801192,0.007237439830912653,0.009790722779213109,0.011443469908145596,0.004465069472458485,0.0143431079313034,0.07440905789658528,0.0032853503138205883,0.011658302913570924,0.02790323036374253,0.04582208493198802,0.004908866724981348,0.008789090945196787,0.013046421252676126,0.011345942648803358
70,0.005438232716414202,0.06004471561812884,0.010829091002608345,0.012588457446601193,0.06745874832680708,0.010930166853557063,0.05270205974730479,0.06505323172353415,0.007413438838772898,0.2566305503102605,0.1529281461330816,0.007207461374649254,0.005770181109900736,0.008397160474312661,0.004408977893381862,0.005037577786685727,0.003926711297824892,0.01144992088800397,0.03162715960166015,0.2201580108565101
71,0.01889198900494265,0.10750889436966361,0.01697884994773953,0.02119247374861022,0.013378274117796383,0.007112398805490904,0.010324107389750894,0.015134530162447757,0.014965880361239116,0.272388077566916,0.175754835755766,0.012922085238298905,0.0410276571016158,0.024119308007015623,0.03490163473171276,0.005708535859130265,0.07740668447537805,0.10181516770583568,0.01403976546103572,0.014428850189614104
72,0.06896239811320116,0.24614953667979803,0.10069551382652393,0.05103458456547385,0.019710816223763424,0.020259139615226282,0.04038299481554397,0.015465443046278516,0.03162122144169814,0.12404150476850809,0.01924931494865232,0.03620863574249237,0.019771129950472536,0.06676544425835178,0.028597984912272046,0.06908616001160917,0.013702396176671414,0.003948402026662126,0.013147879582057735,0.011199499294743108
73,0.03384979854129829,0.0859522779045491,0.03334240454529472,0.023813272096600047,0.02812057393346629,0.01530679859521058,0.04744772914889692,0.03269577312871514,0.026544154924539647,0.05153558718287345,0.02328565019706061,0.027996808554098362,0.385887303192918,0.030201228183021817,0.025419345618339487,0.023518617562226434,0.0359665538764919,0.012983552501304951,0.020841275938620576,0.035291294374473696
74,0.042434796039968796,0.05225482836942357,0.025859006628516187,0.012858640481941306,0.20003052499529161,0.0381759771543218,0.03532461360514488,0.037474419973279854,0.008993795396420194,0.07242985678305199,0.09387312544620817,0.021455258817770422,0.0069448664862900725,0.012728359526308089,0.005613428204698583,0.011103271956945989,0.01994936855453963,0.13312397782179197,0.010206211551031743,0.15916567220705516
75,0.011099541308268405,0.021756514775747225,0.022632008774732315,0.027276202294411182,0.019569819266406868,0.5712251507197795,0.01898096407276053,0.021671546052892256,0.018277635218280366,0.011126297540247148,0.01989451241065051,0.01970302931313607,0.008600634694503832,0.02084979920765482,0.06334208182233769,0.01040546784091096,0.011126376017661355,0.03475970802559209,0.045889528980137914,0.021813181663888882
76,0.023419060527813836,0.008272352177316799,0.03316067246206713,0.0163750396239575,0.020387525783574154,0.010376110483958052,0.2849946817711257,0.008234431687993937,0.12419879512476482,0.00719938350497103,0.04722656178319503,0.00730484042828632,0.005088854388508482,0.01918826175847143,0.27896284241781477,0.03354633764614787,0.02067352402985993,0.00949892496744128,0.007307635588804201,0.03458416384392772
77,0.03804419562378124,0.18353235192141137,0.021703046705991363,0.018329287522207693,0.02845351583867788,0.052663052793542615,0.016330865259443834,0.01857968016385498,0.01735437217277494,0.030954827188830133,0.01751582353580548,0.008451441624675942,0.00674119451410301,0.020440724910170814,0.009538022624515356,0.0073835114692437625,0.2529655901524153,0.22182111641024044,0.01924243524741009,0.00995494432090374
78,0.06623266707314449,0.015934747275567852,0.06865302365340663,0.010701177114554369,0.08286765669816977,0.021149106892121898,0.014904744147883849,0.06800984199084177,0.01562835034456176,0.021492663804150887,0.23662684122660124,0.012337447664974553,0.013129870159654885,0.015448039221931645,0.007267289241318275,0.006287728786319086,0.07418995747438192,0.22239585760157596,0.013710171646556944,0.013032817982282171
79,0.016868728339110326,0.02174460593901533,0.5970636185489521,0.018232829183976,0.02071304371214499,0.037899498360624936,0.018023896324001136,0.022255021486065833,0.02654180580441912,0.012858172594477392,0.02422480675233134,0.04409438511966173,0.008628339819272454,0.023192704725383664,0.00946578480820761,0.009157306863948837,0.009118439349567284,0.0220619622774053,0.019114732132024227,0.038740317859410414
80,0.010242161309135554,0.01580464171839787,0.019750113422434566,0.020338775145880478,0.037553718230190776,0.009117417614007655,0.03150002578340502,0.12037155598437493,0.023243974953645892,0.4612432336349735,0.09289354350539479,0.018219534759824758,0.04109862453732968,0.01995030728248944,0.0193453050075099,0.00607301706305591,0.007707680791403045,0.010562287245416779,0.01853725541155102,0.016446826599578437
81,0.015141346676519956,0.032710637243886086,0.022995319460226437,0.03515423391791896,0.020381841975696646,0.5900928253012541,0.019899263916327424,0.019001073374118313,0.02593722697110001,0.010431343491319715,0.024469367463280194,0.018644529582712645,0.01032550299564824,0.021576632886884575,0.03529534409671954,0.010785398062803505,0.013548005578594697,0.02208641734958983,0.029336941443400856,0.022186748211998328
82,0.18279943322936787,0.4632814339283561,0.017731358790378855,0.01965963047769816,0.011574934984150673,0.013531949704366155,0.020928101776814003,0.017874772218306162,0.01767683937588954,0.005061626792302188,0.017162053984533052,0.015451726866364262,0.005976101242685277,0.01704088951121785,0.03530197598307421,0.05830042203290713,0.018508490800295853,0.009115811072474642,0.021442642248494678,0.03157980498032332
83,0.02094765462772946,0.028887986515155534,0.07856175904604425,0.022113749831221663,0.023111482657566493,0.5842006429112517,0.0169048987940142,0.0179942689620436,0.02257954307666081,0.010821496550862722,0.02778598585480621,0.013327908163313725,0.009828709739848965,0.023545521259995678,0.008544850670253124,0.01622278223238555,0.012236687002221516,0.019520837752531654,0.02566661476351369,0.017196619588579435
84,0.028426828803446814,0.03637054323103031,0.03914967064510346,0.018157745138447045,0.03493814099916122,0.031170291704310904,0.034514249830010835,0.20497990204065317,0.06621535048261132,0.031025768475178007,0.03425764575235735,0.027575088072663692,0.04266232925220448,0.03644139237343861,0.19106383763755222,0.03234755256904886,0.04249010530886486,0.02150415882068047,0.018648002591148898,0.028061396272087473
85,0.01971163633766985,0.03972147829054299,0.03193328214576172,0.045770928131210156,0.03752045096146615,0.2705792016029335,0.04927167675870162,0.04006726924273501,0.034834525334485424,0.023206500698056163,0.039179321831100615,0.04840648568977183,0.02726791901460976,0.03521064666149217,0.04445899165320973,0.030529679073110886,0.03005213835709108,0.042589233703576784,0.06147811145557545,0.048210523056899164
86,0.028041783098392666,0.020656000826177877,0.038105689474605936,0.027700602423258242,0.015340568180478851,0.5645217691084717,0.011728572370888453,0.02587002223154994,0.029307976234282922,0.011475032352245026,0.031685248524553365,0.022053391699941964,0.006355909798649215,0.027023089764794627,0.01687117213218215,0.04148297676691387,0.011685978621972851,0.03333687394307536,0.020597786953772425,0.0161595554937925
87,0.013221025056562061,0.022920663654480606,0.032072089577141534,0.02739796851016956,0.02203697478130478,0.02151455417392915,0.021970497380646593,0.031400019921209776,0.02575330561391263,0.0331768068393351,0.02626666260100443,0.03071061036606539,0.00990118652963364,0.019342224919408915,0.046941948606594744,0.01244673191363049,0.013918284499389585,0.01853151647861105,0.5437104767369634,0.02676645184000654
88,0.21947550880292782,0.06777042911119502,0.015070864636451839,0.018727475988515173,0.01622553613804573,0.07285744383402132,0.01061901078059998,0.02706116162331549,0.017777399322595425,0.0060069354154403815,0.018770888876290998,0.02915023124996227,0.00356341925653158,0.015252084862026694,0.020212704849020106,0.38033968992326,0.019526323807470655,0.010689874676052777,0.015138330433629712,0.015764686412647028
89,0.008584908387735068,0.06574679665768011,0.03710377024894861,0.01129608086960546,0.1698325325983596,0.006636478652311675,0.03919548932900748,0.011269890324906117,0.014780733921283422,0.007354932377995776,0.025982175338064035,0.011124076183595753,0.007641841548503831,0.15707026964114107,0.004098714041764582,0.004418267847619233,0.006168074650641552,0.005625881496170506,0.019073029904551047,0.3869960559801151
90,0.01618750302545837,0.05236899700932138,0.05048459799928448,0.027014295354335603,0.051605768327111216,0.010957626722162061,0.09485821217609035,0.019312550779014514,0.03004555315147136,0.024674155424048085,0.02406673817447826,0.03692561818565116,0.028860198949068046,0.02155130456755915,0.012787514016887807,0.010121391120924113,0.010731263781577396,0.01581724821458025,0.039759365127863426,0.421870097893113
91,0.09526038097813389,0.07702698003119611,0.006166862242082169,0.006275020139408262,0.00577203977349512,0.01632918839913777,0.004239500685582119,0.21570577285192752,0.008174103210253443,0.04567941475799633,0.07762799308297033,0.005178725985052902,0.0009579339076999478,0.005542292268821758,0.0020750375076060814,0.09565402755417889,0.0754385443931883,0.24686595764115077,0.00585542851148257,0.00417479607863574
92,0.5463756040880485,0.01678619257623485,0.010859400129517673,0.018495570337736602,0.014079761430546298,0.14473500874000728,0.012167888007925844,0.01958667357013942,0.02121100616877021,0.006928785043997112,0.025752534385165803,0.014646505815138138,0.0028019714026177103,0.02127293156082008,0.007246005081591332,0.023915250822719426,0.015172139709566324,0.03526559265163293,0.02537321646852471,0.017327962009299664
93,0.07982698208816062,0.03109177207339411,0.008022158866925425,0.014942816576677499,0.0070664582833598185,0.16861863079432704,0.030933492538443772,0.03167291909915944,0.014820636778292104,0.0036550547396877486,0.011596674669728241,0.018450619717877197,0.0023274273878632116,0.01249433365587083,0.0035323844112232273,0.11291184622354965,0.3947311831855571,0.03138843808942097,0.011215674135891324,0.010700496684590643
94,0.0293946960394239,0.0675496066358827,0.1235091544023408,0.011696635807646455,0.020629451987797618,0.03828215193928773,0.09725073552708138,0.16075538841181755,0.008861753178850804,0.09066269307667935,0.008089188572366408,0.10239097149284045,0.0029364537102163366,0.06843987622295428,0.002504484846988616,0.03527962024082036,0.017979511786099828,0.07687065971491477,0.02742749245709355,0.00948947394889709
95,0.05940408940254841,0.03652586884663335,0.003423270193053848,0.007420259139073187,0.01273982480358575,0.09435688495422337,0.011367162551231132,0.06864965531694053,0.05411448488202901,0.10438126571980211,0.14864873227559777,0.03919146149554525,0.05206099527321737,0.0641712036686902,0.13568595867528394,0.022132051742721974,0.06294760783056813,0.010678914861946042,0.007484881841439488,0.004615426525869092
96,0.06356199518617728,0.020041783710326392,0.023617615111698412,0.057081545561748735,0.044836911605671534,0.02140915887144135,0.034438563889959445,0.04803607689508066,0.06939173963096809,0.01039450450658376,0.023226805119474402,0.05521488609632227,0.08496298742273586,0.05253524126454721,0.029406549234124533,0.01621760832169932,0.13936173607912689,0.01591386109048326,0.12910653191374957,0.06124389848808099
