site,A,C,D,E,F,G,H,I,K,L,M,N,P,Q,R,S,T,V,W,Y
0,0.014622691850524765,0.006799720843039806,0.027170839924490982,0.018167586844591375,0.011990607317430306,0.008216544738650106,0.006677597574700705,0.014274532520750366,0.15027002919148516,0.0037162647518589995,0.016653621274208764,0.023981214634860613,0.02887360928426407,0.013033268823293812,0.6035163381924722,0.007299735280361068,0.015777114891355668,0.005995303658715153,0.008688845882195874,0.014274532520750366
1,0.024220979099987282,0.015636193606333868,0.018643153915244227,0.00776318454405076,0.019388880071854,0.4870011221603736,0.09694440035926997,0.018643153915244227,0.013464500049898609,0.007024956547773187,0.012428769276829486,0.023082000085540472,0.12118050044908749,0.03029512511227187,0.02826253254620046,0.008976333366599074,0.028513058929197057,0.004028374586379255,0.007573781278067968,0.02692900009979722
2,0.003969278316432216,0.030462077557988007,0.08443676446750743,0.009445877512522237,0.008200267291090732,0.7566730864304719,0.009445877512522237,0.011306429143776617,0.009327804043615709,0.002837354842164474,0.009212645969003168,0.011844830531575503,0.004313435395891657,0.011480374207527027,0.002815940843355685,0.0031139159199637233,0.00536852031287235,0.00799435285982871,0.006270792634363501,0.011480374207527027
3,0.16615297946876492,0.10906058851483044,0.009508207920794988,0.02365615802977152,0.01173353317885339,0.5575286423078055,0.009675018586072092,0.016219884100179684,0.00725626393955407,0.0032062561593378448,0.009347051854340836,0.009508207920794988,0.004557653383521564,0.01148908457096061,0.0028308293555788086,0.0032439768200359367,0.004520295568902536,0.020948500465735133,0.005044339975056935,0.01451252787910814
4,0.05451202572246489,0.05301586798723352,0.022864181840058267,0.03686793609765341,0.07824631118597716,0.032969585665664256,0.07330717526393872,0.05902007472313706,0.031546032348004495,0.049922995536488116,0.04297384660776273,0.07377509340392133,0.0032641000139542104,0.08288111010640088,0.0692363788994549,0.07976548141477333,0.05465115713717983,0.05056966836473634,0.029173632150791957,0.021437345530404706
5,0.04922721921797909,0.026753923488032117,0.006178191858409196,0.04023674377290404,0.007551123382500127,0.6907452002547491,0.00580855644807702,0.007902338423546644,0.01235638371681839,0.00217124953490419,0.007551123382500127,0.009849291368478424,0.0027184044177000458,0.0091837987084461,0.0019088022756555184,0.0875943272719274,0.0041693319289878,0.003111770543915784,0.004623136764795996,0.020359083239673226
6,0.047895428108733436,0.05833304410141123,0.22414855303185466,0.19981054463747464,0.04776203779716656,0.017994892806023066,0.03369260030652835,0.003787664871060704,0.00249373815629248,0.013335032605753989,0.04596385927259784,0.024390266215163617,0.0014048435778626443,0.03920739808485535,0.0056681604584535175,0.04333962689002152,0.047054452052023354,0.028822398145144177,0.055274808133400924,0.05962065074817775
7,0.0018586555683621103,0.12004190801260306,0.011410460474630506,0.01222549336567554,0.009922139543156964,0.003056373341418885,0.010532732745812777,0.04157108850502337,0.008452192944170746,0.0028173976480569156,0.008777277288177314,0.014004889268137024,0.00388245638585119,0.010532732745812777,0.0027943984835829814,0.02047740661533937,0.6945476729691737,0.007322817917980145,0.00824852564431121,0.007523380532723411
8,0.017152944242886006,0.14905046983658482,0.0027736588635558627,0.0032609232585048653,0.002622916534014783,0.00841832440856533,0.0024130832112936006,0.23416686058927644,0.00265173979263033,0.24450175500718727,0.0020875350543462564,0.01551612734127728,0.03649900077485593,0.002260985572410953,0.0006754334697577494,0.005892827085995731,0.078927243612948,0.1860955379085908,0.0021937120102669093,0.0028389214250512944
9,0.003936919420337532,0.010856353553051984,0.008956491681267885,0.12982630216980695,0.008529992077397986,0.7258543958355942,0.008845917709894208,0.009553591126685744,0.013268876564841312,0.0031845303755619146,0.01174621859838411,0.014927486135446472,0.004713942990140992,0.012794988116096976,0.0025021936842564035,0.004165810084310644,0.00568666138493199,0.006029770373177828,0.007232760855913658,0.007386797262901347
10,0.024689023499328673,0.09321655807825314,0.06337060270266315,0.1881701589057586,0.035852522337789676,0.012720406405710094,0.01623173896885005,0.08700212087303626,0.0017573474212701046,0.034856618939517726,0.036682441836349604,0.02084110038334928,0.00121845332715821,0.06964455488605119,0.03636701270910716,0.02701929219659511,0.00393973047031785,0.12195749808326203,0.06658325577018083,0.05787956220545129
11,0.052124918564344314,0.00615595599615602,0.010863451757922391,0.0010344032486552716,0.009819662077928091,0.020293968294384724,0.08302077938611933,0.05197235782708283,0.18585683832849048,0.15551356138631767,0.10531744082762239,0.03449867398343832,0.0022250443359600075,0.041663551214368585,0.03881947496636308,0.04476610653173101,0.030019587137308013,0.11749139538854315,0.0035515130747053964,0.004991315672558935
12,0.010562717110498826,0.005887534099285207,0.02957560790939672,0.01643089328299818,0.22628517662820657,0.007044117938974325,0.036969509886745903,0.021125434220997653,0.021125434220997653,0.00633832017052665,0.018484754943372952,0.02957560790939672,0.02957560790939672,0.018484754943372952,0.04052899526289304,0.005687616905653216,0.021125434220997653,0.003996703771540097,0.14813527425197237,0.3030605044127767
13,0.044719225202976325,0.07406621674242952,0.06019803578707139,0.021934003273500854,0.03611882147224284,0.00681669583275595,0.032835292247493486,0.06373242413009965,0.3630172738933271,0.009761843641146711,0.030099017893535696,0.01442057288362651,0.007524754473383924,0.018879891733475134,0.07927482527935728,0.007371188055559763,0.015483628906865452,0.008399725923777404,0.015049508946767848,0.09029705368060709
14,0.06639210289981114,0.028953534794303345,0.041483986883026944,0.033306026952924096,0.025547236583208833,0.10421337217136907,0.0807030653090084,0.06540092565301459,0.006812596422189021,0.07370580510101646,0.029346569203275778,0.10464148104482338,0.0005341026074373638,0.047688174955323154,0.01857980842415187,0.057692395390028864,0.05561447322359575,0.0629462891323226,0.023357473447505214,0.07308057980166403
15,0.10155892773269502,0.034575746591662494,0.010804141248159042,0.01705917039183006,0.01588844301199859,0.10386398106090167,0.02372939469923238,0.02348726358295444,0.11884555372974946,0.035072138294829906,0.05064441210074551,0.038586218743425146,0.0008031511210673627,0.08542809359009475,0.1325492373606412,0.11037287086276248,0.06083003896022318,0.030011503467108454,0.0015680569506553272,0.004321656499263617
16,0.0025205922373395698,0.022243651728426392,0.008049633274084434,0.006398426448631215,0.005424752858622117,0.00237655839520588,0.0034658143263419077,0.18793615950139853,0.005803223988293428,0.2512272422919338,0.1711814276776931,0.00831795438322058,0.0017572832664904852,0.09888288462149411,0.004995054071101176,0.002096963289887541,0.04430385065909257,0.16455715959091527,0.00415897719161029,0.004302390198217541
17,0.04242611287324959,0.032635471440961225,0.0017024845565049242,0.006888431616434299,0.023570062707360884,0.03167816427869303,0.10758705611374028,0.07819193531591301,0.018895114007360783,0.048057897767928744,0.077138387042272,0.2079009403894203,0.0032802055316353794,0.04139132963243863,0.05091133544789951,0.10392713481838574,0.06413725703885176,0.049669595558926354,0.005740359680361915,0.004270724181661641
18,0.05775396825025418,0.05450157086638892,0.06166769869944722,0.05778486124774459,0.07483797790608629,0.049558405136646666,0.05665016280315407,0.04975275182345705,0.011192169990223134,0.10427471517831446,0.057536848068862244,0.06038629197322494,0.0035591832483257,0.07141324072029158,0.04262252084814054,0.04719848108252064,0.04894267525811442,0.06134067302452591,0.01236751643338776,0.016658287440889638
19,0.01341047775679842,0.16205087520630107,0.0035824037296082506,0.0038984981763383907,0.05647874286036258,0.0020710771561797702,0.14615745562589802,0.10859332097407735,0.017639006779212332,0.16482936164361153,0.1334341258585065,0.0028201901701171337,0.0011232960847076718,0.06761619265364728,0.0009334432253204597,0.013178384488371764,0.0007837728003405677,0.031263242539336,0.0024546099628797273,0.0676815223083851
20,0.04147536498412849,0.13025585925857436,0.18388840779009963,0.028528259773512536,0.0031563181026013866,0.04883850232831776,0.06593197814322897,0.031134545234302563,0.0022476810730646243,0.03979176760011402,0.0161660138716571,0.05725671786122515,0.023284386778144213,0.034149015375437734,0.0007325775349247664,0.06047693032934018,0.06368546709811913,0.15409683263708168,0.0072113101094156695,0.007692064116710048
21,0.08787235174201828,0.03418907601843157,0.00999686899329566,0.0036561927248992807,0.002742144543674461,0.12783484017216953,0.06508389210800387,0.016144841453148238,0.015568239972678664,0.07521596724054945,0.03228968290629648,0.06624133478571118,0.10153276740926638,0.02615464315410015,0.06132077395966396,0.11698771129979683,0.08328903841261702,0.061005399564546633,0.004618348705135934,0.008255884833996262
22,0.01056395321505504,0.09005770115834423,0.014024558578607555,0.009859689667384703,0.05839970033758632,0.018699411438143406,0.03399385542038607,0.11773247859410026,0.0035366278154749476,0.09961456181509591,0.033719195759517775,0.019920597491246646,0.1440269342215371,0.030996567496276974,0.0036156130526714433,0.010028519969908415,0.02532424437681529,0.05840773885552389,0.09038048861769313,0.12709756211863096
23,0.02070082767889402,0.09364378265736978,0.19363181801913346,0.12924528500757954,0.03285254144201578,0.06778621598109438,0.020488681759536723,0.03528606303031324,0.0016672879904644942,0.016634858285719104,0.03175745672728192,0.08821515757578312,0.016079724925206037,0.09311619941220818,0.0047576714198175165,0.052929094545469874,0.024651907048575013,0.048385263908007174,0.008142937622379979,0.02002722496315076
24,0.011473273142402799,0.008859743984306742,0.026770970665606526,0.012850065919491133,0.32304094165931313,0.004724288940989387,0.045893092569611195,0.019523666981470813,0.011473273142402799,0.0011263383670279735,0.00892365688853551,0.01690798147301465,0.03212516479872783,0.020078227999204893,0.004942333045958128,0.0022291372974448057,0.013385485332803263,0.0038038440973363497,0.07713714152721977,0.3547313721671323
25,0.06484195746314712,0.055265992844764605,0.018241050636287656,0.006133698678946347,0.01745745008623191,0.022776028069492537,0.09366467039905056,0.10679851817459524,0.0038396594682938803,0.06764300382195225,0.14777934491600966,0.08152895291960675,0.010086526716489555,0.010806992910524522,0.03972814196861898,0.07308404567354361,0.017336217793966418,0.06630957378432945,0.004282016058887074,0.09239615761526201
26,0.0010807189126091667,0.04542131736698207,0.035718193219620054,0.0037453859897811294,0.0010506088465908135,0.0005524870064615359,0.006626452135766614,0.02376382834895614,0.04603147576384607,0.01617812965295871,0.06967519525107543,0.12749293909214968,0.10174208781141118,0.20291668984636432,0.04124464450565039,0.10558032053341505,0.14621748675294335,0.012687857965382592,0.003589328240206916,0.008684852757828779
27,0.00333770209384242,0.004974329130605802,0.017403732346464043,0.006247493662833247,0.6251728150828161,0.0029355693114517666,0.014210042063738007,0.008701866173232022,0.0076141329015780215,0.002461133867176734,0.014809813032086215,0.008701866173232022,0.004972494956132585,0.012182612642524833,0.0031237468314166236,0.002800600607476973,0.005076088601052014,0.003045653160631208,0.007383401601530202,0.24484490576017942
28,0.016152731616143924,0.007216748652793634,0.007465602054614102,0.01297933087148047,0.01579378202467406,0.003798288764628228,0.1243760334443082,0.09749034930515467,0.21733172578744067,0.003483922505442807,0.0061857845595374,0.0074422002832197276,0.004706575208343674,0.019908332014031884,0.2976251043965235,0.010607764046422876,0.04087932653466608,0.02391846797005927,0.007465602054614102,0.07517232790590056
29,0.008676091526586289,0.018140918646498604,0.008116706029403486,0.0022257272328196384,0.01900477191537949,0.029817831798267826,0.013527843382339142,0.04988752627787117,0.24466907250014439,0.030234864410831005,0.00565411107435207,0.06986213745097343,0.005411137352935656,0.046568041893673834,0.237198386281238,0.1023333872366588,0.0813952345664261,0.013483115210235447,0.004774532958472639,0.00901856225489276
30,0.2518131199707427,0.025981649562993862,0.014134813084051075,0.007067406542025537,0.01649061526472625,0.004602032166900349,0.06245588837258139,0.08596869340696496,0.009423208722700716,0.032071311936842505,0.00989436915883575,0.15532507890920239,0.001390304949548449,0.00989436915883575,0.005504586771820731,0.1985958473984295,0.08119265488435581,0.01139546033464643,0.00638346397344242,0.010415125430353422
31,0.2768227774732612,0.14228279438112656,0.0038908510527580847,0.01517270310768752,0.00855896072741347,0.33528828097415236,0.015223230736967505,0.013351978734765013,0.012838441091120206,0.0041724933546140675,0.009272207454697928,0.013908311182046891,0.006181471636465285,0.03034540621537503,0.004392098268014808,0.051932868290952734,0.007256510181937509,0.025663176286907622,0.009537127667689296,0.013908311182046891
32,0.013924751232214696,0.0901444421874951,0.021756074464837013,0.01392388765749569,0.016525029100557434,0.006100028589740253,0.015134660497277925,0.3496545228180207,0.01740485957186961,0.004633283900552374,0.018258589307686632,0.021409002967520015,0.008702429785934804,0.031645199221581106,0.004641295885831896,0.004568532102088133,0.13874860623780402,0.192071857107663,0.012432042551335436,0.018320904812494324
33,0.044615591648432845,0.024298908876084473,0.005945660269778131,0.005285031350913895,0.019574121039068047,0.00200980065457289,0.05616921689471701,0.042966343499009026,0.021353586588074236,0.06296005942463123,0.10276413545510725,0.010783604882027517,0.0015258581806225034,0.11744472623440828,0.01756182822196759,0.14988681699065587,0.1433092879058745,0.05654746077952993,0.07829648415627219,0.0367014769482526
34,0.009406368786293317,0.016351135637458155,0.25803450927909954,0.47708793948621175,0.014369179802614743,0.031478892226325876,0.016351135637458155,0.01693510476736737,0.04209689430341122,0.005450378545819384,0.02512498681174015,0.011854573337157162,0.0057827187010522745,0.013521630479397815,0.005446092220367536,0.005645034922455791,0.007295122053635176,0.0070342239798752045,0.01756233086986246,0.013171748152396847
35,0.011949543877458717,0.04603527754999499,0.01614018979039136,0.012681577692450352,0.010443652217312055,0.0033028800912360966,0.010652525261658297,0.09153526117499006,0.01614018979039136,0.0027848114745689,0.005895117413515674,0.013315656577072869,0.024688273847376343,0.014016480607445127,0.003414270917198171,0.005535887806644967,0.15536906173123313,0.5374574229711596,0.0053262626308291485,0.013315656577072869
36,0.07593989509717172,0.12365110055567931,0.020571215766763688,0.12150383215547478,0.0071779550725606924,0.027896111054108833,0.015428411825072768,0.02812588707302656,0.011220663145507471,0.07924162966661395,0.025313298365723907,0.13500425795052748,0.072323709616354,0.024685458920116428,0.0011095527907771662,0.026075090728671466,0.07232370961635401,0.11005781898140829,0.009228425126650187,0.013121976491437141
37,0.019158561783390284,0.052686044904323284,0.04683203991495403,0.019158561783390284,0.032422181479583555,0.0026827236125722955,0.04683203991495403,0.03423534459931327,0.017062543528228568,0.01505315568694951,0.03831712356678057,0.07024805987243105,0.03512402993621551,0.01756201496810776,0.4228891875754302,0.01043398748962658,0.03010631137389902,0.012772374522260188,0.016211090739791777,0.06021262274779804
38,0.0728662020043656,0.02010155723428553,0.2969304151867622,0.36430534873691345,0.0212840017774788,0.020051526113538956,0.016994928710852456,0.02010155723428553,0.006746326550609741,0.005889331731483525,0.013401038156190355,0.016446728646233623,0.0026802076312380714,0.018562743887607643,0.004256800355495759,0.036524188896130266,0.01956652976578407,0.017572398566290805,0.01507616792571415,0.010642000888739402
39,0.014825636289062078,0.008295386305132475,0.12356344889939491,0.31835824585704353,0.006062013069135269,0.03589211359642854,0.028254703886663075,0.05807911354480743,0.0037878363375462025,0.04565034878530907,0.084556356484352,0.009334143248272623,0.05577719745919006,0.03394233908462773,0.0024248052276541077,0.032669501368954176,0.033976281423712354,0.09496305039848733,0.005084269025726356,0.004503209708500486
40,0.5696163680236984,0.013145932660047127,0.01551027461700013,0.013458931056714916,0.016625738364177252,0.014683894126043356,0.020188396585072377,0.013458931056714916,0.019492244978690572,0.004831411148564328,0.02093611497711209,0.018842503479400884,0.012066913824424616,0.019492244978690572,0.005652751043820265,0.14328963884937548,0.03115888933241281,0.004790832233245649,0.028263755219101325,0.014494233445692988
41,0.01251865488461969,0.0007389552464541306,0.002063851293121622,0.002948358990173745,0.002293168103468468,0.0016566438915453642,0.0005075500541477126,0.04597186709730088,0.5175294469883438,0.024068624125622183,0.06456049161925298,0.0037524568965847664,0.000654851948846514,0.06204898508028891,0.08299478581123662,0.027970434728607805,0.06450289974448113,0.07928481426925804,0.0013533451102436867,0.0025798141164020266
42,0.14491634840322673,0.03499460827925866,0.026008570922399683,0.02659967480699968,0.007881385127999905,0.022995233541626532,0.03909653314916479,0.08959890461305155,0.011822077691999857,0.10132461964134631,0.08106567560228474,0.02775618240730402,0.0004963695605536534,0.06097703230610453,0.08668567206761187,0.08915728344583343,0.07015298850197718,0.04837827853343901,0.006448406013818103,0.023644155383999714
43,0.5011936337575196,0.0560776295949099,0.007747521644788057,0.05410999346877273,0.014642699257291465,0.009633460227143275,0.06542390119406155,0.01843895462029296,0.02765843193043943,0.01096629200967127,0.022629626124904996,0.04374850535773113,0.0042167646162215135,0.06493199216252726,0.006465607464258569,0.05112769650103895,0.003470193429148017,0.009837306846345602,0.01345545337156513,0.014224336421368852
44,0.007633881811948679,0.01235961817172643,0.01017850908259824,0.014419554533680838,0.08365935453551178,0.007014918421790678,0.026962876467906988,0.14047328207512777,0.009982768523317503,0.5237007680840673,0.04386379314006892,0.009107087073903687,0.0015931946346736821,0.02591951412822255,0.003750924467388586,0.0034377745908113254,0.0063305361367379295,0.04094731753235156,0.01922607271157445,0.009438253876591092
45,0.07696232675575664,0.024471368212084715,0.03408840152697157,0.04057113439564637,0.021291094641430756,0.046804492702285455,0.07443228207979856,0.018713399221005966,0.09294662548864843,0.08885353673275953,0.0482705685166376,0.0810826791454132,0.0006557240714515743,0.09594646008510457,0.05412274056492446,0.062356288730052466,0.041297701628249354,0.027954719681878546,0.010596262379415768,0.05858219344048431
46,0.08987916924541746,0.059221923837833805,0.18629518761046882,0.0728636796144061,0.010724292043068495,0.03557380949352659,0.060045085038857186,0.0327998347409541,0.003299046526509414,0.013024370468095025,0.04536147357791524,0.04458195235093125,0.0012154381939771526,0.10877496215112331,0.011714226693197891,0.13723633375548894,0.057106855129339724,0.02232754262833319,0.005598381984379612,0.002356434916176565
47,0.04328017308263748,0.06242236706591122,0.006228813910510435,0.00643235924320525,0.005855085075879807,0.29526373223624447,0.0271292380004765,0.006099046954041468,0.03009649840677862,0.026291194010519256,0.0570249443496858,0.2719831707871846,0.0019516950252932693,0.12038599362711448,0.007890096025182912,0.015048249203389309,0.002380115884503987,0.002351904842026979,0.008132062605388622,0.003753259664025518
48,0.0007931822104083385,0.30846612646834587,0.021031781350114496,0.029204112733501913,0.24303391782354516,0.001511001397648832,0.03738983351131465,0.11216950053394396,0.006190295217414015,0.043030684635913155,0.023655147210855685,0.022697749130518044,0.011216950053394396,0.015295840981901452,0.002196556367469488,0.004255827961972134,0.01361864947831083,0.06819029334832803,0.01361864947831083,0.022433900106788796
49,0.04341291101031591,0.05907138792560532,0.0038784159583930694,0.005427747088092887,0.1153952694360662,0.011784027619436095,0.003571758339687763,0.013548048874677723,0.23703487163382422,0.03836333031516486,0.029020536509963078,0.03968620377430848,0.007493732886213105,0.10239040573771588,0.03924524595459394,0.04235131212286018,0.05797915348562937,0.06632814401888747,0.025976424288638278,0.058041073019926157
50,0.015671839614582427,0.02655837623060193,0.1560714455032904,0.0326077841497946,0.005081530427409786,0.01686609524989376,0.14333091933975647,0.10842943275325605,0.005366463053914897,0.015723615778316567,0.017101984693948212,0.08713011149337828,0.0008761542209823532,0.0060198986122697706,0.0020337495311722204,0.056494163521054026,0.09176924800983408,0.16031251739196675,0.03583272983493912,0.016721940589638253
51,0.15996972309450075,0.07236725568560748,0.011634161679600056,0.17079258850283308,0.004141984929509624,0.1958936639175211,0.004326073148598941,0.004424392992885281,0.020478984525437623,0.016838918220473766,0.048686437463543696,0.055374134917327185,0.0013333787101846052,0.022852817584928676,0.0012413223973469307,0.17053474238530697,0.026082020069755556,0.004416850334638874,0.004866832292173808,0.0037437171478260063
52,0.009415355055095253,0.015232900640562567,0.014014268589317562,0.05288020384060874,0.017517835736646954,0.7064758300578736,0.011122435388347271,0.015571409543686182,0.015571409543686182,0.0044631428628399885,0.013221008103129775,0.013739479009134865,0.006937756727384934,0.02335711431552927,0.026331023192747115,0.005308435071711199,0.006488087309869243,0.006821906470234785,0.018439827091207322,0.017090571450387275
53,0.002029024232757517,0.004360887903240037,0.00886107156811,0.005729009598374166,0.11243684060167473,0.0019876155749461396,0.29589706719109554,0.0037458908912446475,0.004565304523704415,0.0012221731191987405,0.0041739927073868935,0.004115204077705387,0.0008252129842201451,0.002890989938150583,0.0010127957229866284,0.0017288727190359911,0.0018147794379943013,0.0034715848704990945,0.054235325901382074,0.4848963564362929
54,0.3198232893424327,0.1410300396025993,0.004394366051599413,0.006896692537932836,0.006896692537932836,0.004031381946004533,0.004665409658013389,0.005469790633532938,0.007049952372109122,0.0025584504576202463,0.0066093303488523,0.00382226333427603,0.2182345423091561,0.008812440465136401,0.0028075031570346056,0.1467615329794314,0.09226699789828688,0.0019695202269421268,0.009913995523278452,0.005985808617828499
55,0.002368478910697287,0.009314793949100767,0.010419938993909333,0.006333642255770012,0.009040829421186038,0.01390365717458166,0.007781979754944945,0.003956303489675115,0.007684705008008133,0.0051755231848342785,0.01707712224001807,0.008197018675208674,0.2390073894579533,0.010246273344010844,0.004210797264661991,0.002886274181411505,0.004840759060162603,0.6220648421936237,0.008658822544234517,0.006830848896007228
56,0.004509885520433079,0.014125028639305367,0.010593771479479023,0.02460488859749967,0.00852738617553443,0.007783179046147853,0.010170020620299862,0.018603696256646093,0.02118754295895805,0.005296885739739511,0.02311368322795423,0.009301848128323046,0.002258931420333971,0.015566358092295706,0.004567374530074789,0.770656450987773,0.00522202216804017,0.008114378154494572,0.017738408058662555,0.01805826019800483
57,0.006273965764857493,0.08227688581577311,0.021749747984839314,0.014184618250982156,0.017170853672241564,0.015244626029070986,0.01553553427488522,0.01591444974500437,0.011651650706163917,0.013330011233707011,0.013049848790903587,0.017634930798518363,0.002862192126202787,0.004848042182431777,0.6585830454731277,0.03093882896378245,0.02647523553477847,0.007331375725226733,0.005171658759467282,0.019772498168035738
58,0.006418903447909161,0.011054778160287998,0.013265733792345599,0.008132310927792957,0.014739704213717333,0.8047660597362256,0.009475524137389715,0.01591888055081472,0.013265733792345599,0.004397480815142188,0.018510326221877583,0.01447170959164974,0.0043494209155231466,0.013048262746569441,0.0033329643428562346,0.004574390962877793,0.005984541560456661,0.00609839160393527,0.013723172888633377,0.01447170959164974
59,0.05336146204331914,0.08518865885765022,0.008527361802327611,0.009948588769382215,0.010291643554533327,0.001174097190104318,0.004033211663263059,0.024232266000245837,0.0076527605918324726,0.003014723869509762,0.0087781665612196,0.004263305634352979,0.002572910888633331,0.008066423326526118,0.002495831980368359,0.30049541128109725,0.391832475659889,0.053224987715842616,0.007279455197108937,0.013566257412793927
60,0.2030338034731498,0.024083322403559204,0.01687846820641455,0.04866000684021347,0.10127080923848727,0.016055548269039474,0.020254161847697457,0.040508323695394914,0.018412874406997688,0.005330042591499331,0.020254161847697457,0.020254161847697457,0.01265885115481091,0.01446725846264104,0.004219617051603637,0.2533189842160692,0.10935973290971032,0.0076856157632621,0.01265885115481091,0.05063540461924364
61,0.009390336954991672,0.014555022280237088,0.023288035648379345,0.04889271655066531,0.013861925981178181,0.006838506396217224,0.03424711124761668,0.02156299597072162,0.5860769405404846,0.006849422249523337,0.04380432972701156,0.07075970393827107,0.015735159221877935,0.040238962725219735,0.0027018470922630976,0.00895693678783821,0.013598351368081178,0.007369631534297262,0.011196170984797763,0.020075892800327018
62,0.003544174119507611,0.009176879416582207,0.00988279321785776,0.012534274325087894,0.16399151786189511,0.004355129214649183,0.004784029233045505,0.16773498520869895,0.008157226148073075,0.5206644081477875,0.00778644314134248,0.005297992240501069,0.0013450590035301274,0.008710258429298366,0.002301610977706031,0.002531552942505437,0.003077276930111399,0.048561681516182856,0.009516763839418584,0.006045944086218866
63,0.11195635224508006,0.03906676512449787,0.026852156335572377,0.04085658863981705,0.029335980796612815,0.0866826245295046,0.003800612896727167,0.06796498940819982,0.0007841847533046144,0.04563956334459657,0.04804385280976569,0.008783638694658343,0.0005969894525879525,0.05477839892456766,0.05968930063304868,0.12517266723104187,0.09948361055352059,0.08617668777462763,0.03098465768348758,0.03335037816878089
64,0.006350701365020908,0.012765117737215205,0.010361670648192005,0.012566281424403074,0.1444982871636326,0.004499273423594496,0.007382690336836804,0.011143683527300836,0.011143683527300836,0.0028007924947417366,0.007771252986144005,0.010010427575371938,0.0038104208190125445,0.008090619547218417,0.0027328080435788603,0.003601312359432588,0.004921793557891203,0.0057341284169606255,0.5968109498159895,0.13300410523016187
65,0.006508790708458614,0.00970178237675907,0.013531433314953437,0.019776710229547335,0.02996460591472331,0.005193883494628592,0.011958010836470478,0.010940307786558096,0.01168623786291433,0.5179716091580943,0.26968401091368593,0.012242725380195966,0.005722290436506855,0.02448545076039193,0.0045104777716511455,0.006474947953036584,0.006948573864435548,0.004580156938127856,0.013834814688631944,0.014283179610228628
66,0.31387432819115374,0.12188734392014709,0.00798823456063245,0.00457454568037571,0.009524433514600231,0.008281704000963615,0.004952705427592119,0.023216636937170878,0.007738602230612687,0.0018452708862398714,0.0034813169896407287,0.00798823456063245,0.0024763527137960603,0.007075293467988742,0.002427796778231432,0.10805615595757724,0.09412152117291563,0.24891694038500883,0.008539147288951929,0.013033435335768735
67,0.003687825016671391,0.009150837445385935,0.11502863920381286,0.4619184713996775,0.010398678915211292,0.002310982254278581,0.007262569401099948,0.010167597161539928,0.300412326306011,0.0029904697533940957,0.009150837445385935,0.006100558296923956,0.0025849823292050664,0.008318943132169031,0.008959425341008671,0.01484339314525373,0.004236498817308302,0.004853378212964042,0.00973493345253823,0.007888652970160288
68,0.009864864309519291,0.017146073680831146,0.014696634583569554,0.016366706695338823,0.013335835085090892,0.0028216626217586393,0.010748284993953854,0.012161111955946402,0.07825228791923931,0.004138707440200623,0.016366706695338823,0.011430715787220765,0.005374142496976927,0.01384875181913285,0.7271678696789308,0.004266384873647028,0.006793727307499134,0.008277414880401244,0.01309336535627106,0.01384875181913285
69,0.12848236015160328,0.007065141001027235,0.018202931780628567,0.01646128053749493,0.006265313717892077,0.6770111506665375,0.0038168003108997703,0.0055343604508046665,0.007298057737324834,0.002251265268123932,0.008301540676207001,0.05735819649625148,0.0016600274547972807,0.007298057737324834,0.0016186303753970702,0.030144453633066465,0.0026671616630383936,0.0028283239618418546,0.009223934084674444,0.006511012295064314
70,0.002544551398193084,0.0025127149214597133,0.005551748505148546,0.007402331340198061,0.1941333739754174,0.006263511134013745,0.0018572363399883816,0.056825501057894766,0.003540245423572986,0.3155733280883873,0.11684897403679656,0.0034405202003737474,0.0012789368284111837,0.004211671279767863,0.0018505828350495154,0.005478140229563875,0.0018229621957204184,0.013529881204260652,0.009047293860242077,0.24628649514554016
71,0.022360116565722683,0.32678378689280113,0.00988710994852946,0.00988710994852946,0.006291797239973292,0.002883740401654426,0.004325610602481638,0.09899761285953021,0.005767480803308851,0.20877309008391792,0.2170611960854893,0.005190732722977966,0.0012627853332401644,0.004821098413663341,0.002331163750099934,0.0018875391719919874,0.007255144204835551,0.053141575734120136,0.005767480803308851,0.005323828433823554
72,0.036982951127965694,0.034341311761682425,0.012327650375988564,0.19943398830488174,0.044516515246625366,0.048411710330705085,0.1792962544417064,0.016025945488785134,0.010755118394636224,0.044295693063718194,0.028281080274326707,0.014569041353441031,0.004906342322395439,0.0648466315212699,0.00038313567994595625,0.0836910486636557,0.07567807591926314,0.019425388471254707,0.036630732545794596,0.045201384711958066
73,0.04753638356589822,0.12556117326737704,0.0352077482043792,0.017603874102189603,0.026405811153284397,0.009184629966359792,0.03127404216711653,0.03249945988096541,0.02223647255013423,0.009270507843551542,0.020118713259645257,0.026405811153284397,0.4238760458142902,0.03840845258659549,0.006926114400861482,0.041831123739913434,0.021051979779420787,0.0078239440454176,0.018369259932719584,0.03840845258659549
74,0.022831253031461985,0.06550974764427354,0.004035157808918261,0.017855210704092066,0.08453880435459864,0.03366982589914504,0.03902101528236827,0.19045558084364866,0.003614679100157256,0.11091236766777188,0.11631394401522832,0.0035107424241682924,0.002502470146262716,0.027774772206365442,0.0018859195305168295,0.013661114054565465,0.016915462772297753,0.09708770820350061,0.01727923616525039,0.1306249881454087
75,0.007021542189301211,0.020262164603412076,0.019699326697761737,0.0527456285877539,0.01447297471672291,0.7147346023507896,0.0147744950233213,0.02149017457937644,0.0147744950233213,0.0068189977030713705,0.016117630934532327,0.015088845981264308,0.005101983892945485,0.01866252002945849,0.004320864306091968,0.006275891691322323,0.007465008011783394,0.006673924245175482,0.01379960273483277,0.019699326697761737
76,0.024365028022397463,0.0953754038095986,0.004622025454382411,0.00046417750747944076,0.03746890863948516,0.001234240277207907,0.3221011444446971,0.003322080795337358,0.10679531729303186,0.03718191866180484,0.038548359918711035,0.002071123565991659,0.0017427309090294338,0.011427879716603851,0.14297252068443042,0.04019653034121013,0.020207488886441596,0.013877373570179692,0.017059015315537957,0.07896673218644186
77,0.0016988172647198908,0.13955545978035536,0.010035106000991468,0.0086960079869499,0.005626828697438172,0.10585869267125787,0.007085636137514735,0.06136937844769979,0.009110103605376087,0.10065216329301543,0.010069061879626204,0.003416288852016033,0.0024216731102898463,0.009565608785644894,0.0039043301165897527,0.0027330310816128262,0.31162174009696847,0.1920618899468908,0.010069061879626204,0.0044491203654162285
78,0.05927990877295635,0.193614379247769,0.004248820542346283,0.004687756880227662,0.033882208481105215,0.001947862736402212,0.006465871558934707,0.18521326105659058,0.007211933661888711,0.10991393435336141,0.11314669712846027,0.005208618755808514,0.0025339226379608986,0.006465871558934707,0.0027575040471927424,0.002343878440113831,0.054691260647220526,0.18842079611586554,0.005515008094385485,0.012450505282475358
79,0.004985380202153971,0.018478605474864716,0.7462776383257723,0.014196405531334675,0.015726472744565713,0.0027236482572659095,0.012319070316576475,0.018478605474864716,0.025487731689468572,0.008695814341112808,0.02309825684358089,0.023697715053859834,0.004831007967284893,0.022398309666502688,0.005729800147244873,0.005205240978835131,0.005820033220429831,0.008011330336005134,0.014493023901854677,0.0193459095264223
80,0.004002353112330523,0.00752442385118138,0.0101681403394343,0.010749176930259115,0.017273479629502278,0.003918970755823637,0.004027975303580847,0.11862173545360656,0.013436471162823895,0.37981554824516883,0.35934383977294937,0.008550481649069751,0.00911522314872269,0.010431172195284975,0.002064109495119579,0.002200123933093971,0.0027663322982284487,0.017403324281913476,0.010749176930259115,0.007837941511647272
81,0.0380587344543788,0.0375014543046534,0.015341504033721847,0.008102707842673843,0.015000581721861361,0.6797934201562921,0.014362259095399177,0.015000581721861361,0.02109456804636754,0.0051528715838455065,0.02045533871162913,0.018243950742804358,0.006250242384108901,0.01928646221382175,0.004860085432365911,0.006081316914268119,0.008654181762612324,0.006059710514453514,0.045001745165584084,0.015698283197296773
82,0.12884767033511693,0.6689239199334867,0.013790723097145189,0.020059233595847544,0.008260896861270087,0.009816896978789773,0.017890667801701864,0.014390319753542803,0.016145236796657778,0.003197848834120623,0.012729898243518636,0.013509279768632023,0.004011846719169509,0.013790723097145189,0.005051245234486531,0.02045278172612597,0.010483168444425194,0.006017770078754264,0.006402298896925583,0.006227573803138228
83,0.005626714490409071,0.012845209532139846,0.005381807848291318,0.01763005772417554,0.020835522764934725,0.6933865085405461,0.012062671074435894,0.013222543293131652,0.018583033817374216,0.006308002304980239,0.02546563893492022,0.008929509756400597,0.0057297687603570496,0.02022271327184841,0.004982407617701783,0.06684860508276134,0.006740904423949471,0.017231428167761364,0.02546563893492022,0.012501313658960834
84,0.028982498485907306,0.038643331314543075,0.11592999394362924,0.01545733252581723,0.05796499697181461,0.0016738887771158633,0.07728666262908615,0.03110110169885011,0.008912487802065331,0.03312285541246549,0.05796499697181461,0.028982498485907306,0.07728666262908615,0.07728666262908615,0.23232144354423215,0.007087254513739593,0.03822914493783102,0.016561427706232746,0.016561427706232746,0.038643331314543075
85,0.008866434843204795,0.09338137712540634,0.023345344281351595,0.039228826649427805,0.046690688562703184,0.1870595611621508,0.18676275425081268,0.046690688562703184,0.026680393464401816,0.010375708569489599,0.03735255085016254,0.09338137712540634,0.020751417138979197,0.026680393464401816,0.0033911900812493537,0.016978432204619337,0.023345344281351595,0.005030234877920274,0.010625905378851237,0.09338137712540634
86,0.005290691256653159,0.019639241212967277,0.046720088836700834,0.031240272182142457,0.010413424060714153,0.6616890172448822,0.006626724402272643,0.02429798947499969,0.027335238159374654,0.006560457158249916,0.04100285723906199,0.021772596670031327,0.003280228579124958,0.026241828632999665,0.004286035584843801,0.01992567358256452,0.0062480544364284935,0.008624706666432447,0.018223492106249767,0.010581382513306318
87,0.009717126751019945,0.011347890492828338,0.033242802042962975,0.02870969267346803,0.020374620606977308,0.006705185596052104,0.017070628076116125,0.030076820896014118,0.026317218284012362,0.02628509159769962,0.022557615672010593,0.03508962437868314,0.004934478428252316,0.015790330970407412,0.002272101745190598,0.026267184989001456,0.009717126751019945,0.012384573310123463,0.6358753571855084,0.025264529552651866
88,0.21963412839407645,0.19427923000267142,0.008501101608997084,0.01407078887006414,0.009952509200777074,0.028201595612481364,0.005514228070700812,0.014844566535727003,0.01236523870399576,0.002833700536332362,0.012001555212701766,0.003287083759336696,0.0014784524537386234,0.011028456141401624,0.010885467722713486,0.4123979696249304,0.013238677007039144,0.0058171966455411225,0.009952509200777074,0.009715544695996666
89,0.005680002941803252,0.004670944436196429,0.006367494986625172,0.007799407024565659,0.05134704818454485,0.0038423549312198465,0.0030591970837352067,0.0079175798582712,0.011118303630763814,0.0033692288835003195,0.00950109582992544,0.007353080285215503,0.005024617986979799,0.26941352442508104,0.002441870423578968,0.002374552392434257,0.0036288907683743,0.003415426605528753,0.06261835144456689,0.5290570278770894
90,0.009997586496761775,0.006934311919205538,0.0936379607651568,0.02199469029287591,0.028339215770062404,0.005788076392862081,0.1193795881113597,0.013330115329015702,0.02932625372383454,0.08675489567227589,0.01691899253298147,0.028314280990590187,0.004730040923199119,0.01691899253298147,0.006469026556728207,0.004679721338909767,0.008996803995643428,0.008797876117150364,0.046435117396869306,0.44225645314153633
91,0.12040059011684356,0.12443896992085199,0.008003031499371363,0.0032407668821148937,0.0034259535610928877,0.09293485335761434,0.0020673857696250184,0.06152299818848091,0.004796334985530043,0.05488069218937059,0.05833291680093005,0.008749937520139509,0.0008449510480821415,0.0029245945033719773,0.0009441604302224494,0.09635798745769807,0.18959260705216135,0.1611203495682338,0.0032407668821148937,0.0021801522661500194
92,0.539932681155665,0.16086048451059562,0.0052742676835883465,0.012396651047647814,0.007956059627594866,0.11308177945040841,0.006271247000574777,0.011845688778863469,0.014807110973579334,0.0031919520661608147,0.02132223980195424,0.007956059627594866,0.0036593731961945767,0.01269180940592514,0.003117286520753544,0.03572738534541753,0.0017148052988847392,0.01074668700173889,0.017195354678995356,0.010251076827862617
93,0.011498808228779646,0.029655774744768118,0.004601388659389892,0.009888090523369766,0.00400638150515844,0.0839520093877627,0.026991662592755854,0.11215958188108091,0.008153337799971563,0.001671727534526543,0.0062802737107889054,0.0031802638036348405,0.0010052099541656883,0.00801276301031688,0.0018891880268226786,0.0874613807555437,0.4725873883782891,0.11180953114694116,0.006545637388709563,0.008649600967224032
94,0.03448930007848649,0.0699601669818188,0.06568934283467287,0.0030871270386585116,0.0020693928500897713,0.012880263300916251,0.03409495609997941,0.1901061012689974,0.005089587820491059,0.15671741397825598,0.012491834155361044,0.1335136648207448,0.0013261602067476703,0.14377968335906513,0.002776583705586737,0.011934225376195625,0.017139215881693242,0.07355035338163167,0.008967369017055676,0.02033725784355198
95,0.05369729223873643,0.021493107124639855,0.001416737643746526,0.004931867877093249,0.02256067220372443,0.02765053103741415,0.017461696770929055,0.028131776972399238,0.14477877527659314,0.12038065169014078,0.0761278067182086,0.11705179929075211,0.047619024883942394,0.05457692025753927,0.12998699076172773,0.05457930884111801,0.05373403345819502,0.01917657137316577,0.0028026766430637798,0.001841758936870484
