site,A,C,D,E,F,G,H,I,K,L,M,N,P,Q,R,S,T,V,W,Y
0,0.02481013132005339,0.011536998028818269,0.046100411161887324,0.0308247086097633,0.02034430768244378,0.07119392962279805,0.01532942298930815,0.02421941390767117,0.05651196578456606,0.0198042405410835,0.028255982892283028,0.04068861536488756,0.029860825734867993,0.022113377915699763,0.3958054606457424,0.08669756220748086,0.02676882589795234,0.01017215384122189,0.014742251943799843,0.02421941390767117
1,0.020344377208020684,0.021699830348140454,0.025872874645859766,0.02374330658462316,0.026907789631694153,0.25864837696055626,0.13453894815847078,0.025872874645859766,0.018685965022009834,0.009749199141918172,0.017248583097239843,0.03203308289487399,0.16817368519808845,0.04204342129952211,0.05135093684971988,0.012457310014673218,0.03957027887013846,0.0231763740596908,0.010510855324880528,0.03737193004401966
2,0.007632079273704518,0.09719437031760515,0.0821801407685366,0.018162416499448726,0.015767372565455493,0.5642339369673475,0.018162416499448726,0.021739862173582564,0.017935386293205617,0.0054556308116214805,0.017713961771067276,0.022775093705657924,0.00829382025119335,0.02207432159163768,0.0054144562394583,0.016678219975978664,0.010322524485298197,0.014132265668060291,0.012057402550054198,0.02207432159163768
3,0.08521852287877661,0.019084148081303497,0.023361629547802555,0.011112596292864058,0.028829244973884005,0.5307761448224856,0.023771482697764003,0.039852191581545536,0.017828612023323004,0.007877758801003186,0.02296566972495845,0.023361629547802555,0.011198136477459077,0.028228635703594757,0.03732882015271171,0.007970438316309107,0.011106348473545477,0.007949116130091317,0.026521649726129463,0.03565722404664601
4,0.04454115482302966,0.041665912527473356,0.013257335804196068,0.014071382739541442,0.02430511564102612,0.005401136809116917,0.020348468908766064,0.11860896432820749,0.03412328779183003,0.021929427646038606,0.02761699028480021,0.032811906115385266,0.0010732504369012925,0.32722984960601026,0.03863718467371898,0.055688972594867346,0.0567603872534939,0.06495515621095191,0.0030367358889433504,0.053937379915701814
5,0.09076681619807042,0.013130447820717825,0.0124142415759514,0.01223761031387609,0.015172961926162819,0.5375930999569641,0.011671509173971402,0.015878681085519233,0.0248284831519028,0.004362832502730523,0.015172961926162819,0.019790819903690637,0.005462266293418614,0.018453602342630458,0.0038354802042057127,0.13276341685392465,0.008377709038985607,0.03214424031032375,0.009289568526222135,0.01665325089456895
6,0.027785157668241658,0.004484029150819679,0.03823781772565547,0.1602404514722833,0.04936049377840957,0.011788285973488044,0.009496416350603108,0.04323662503156945,0.016674796216214385,0.04285111328574613,0.027205768495165383,0.10518000533774052,0.002916756450542384,0.1611890771427491,0.008627026121322542,0.08027312624569637,0.0439757126389467,0.08703119466710117,0.04919830157541371,0.030247844672291378
7,0.06476157588297474,0.02169822271647692,0.02531459316922307,0.02712277839559615,0.02201268971236789,0.006780694598899037,0.023367316771590527,0.05448845739158316,0.018751550495720797,0.006250516831906931,0.019472763976325438,0.021669691661450663,0.0086133950618025,0.023367316771590527,0.00619949220470769,0.007010830853588251,0.5982001756086861,0.00992729143891101,0.01829970590546246,0.016690940551136093
8,0.025577127156436674,0.21551746718117717,0.005651140482839776,0.006643908405500817,0.005344013282685441,0.007845466308623305,0.0049164922200706064,0.16053852147169323,0.005402738703374292,0.19302807890362167,0.0133530952811863,0.009640180823667853,0.07477398967165838,0.004606603669705707,0.0056966171175647385,0.04602673567725673,0.06368513238433428,0.14149904438251987,0.004469538381882368,0.005784108494200711
9,0.017915815279438977,0.024702108945893135,0.02037923988036184,0.015822359989825233,0.019408799886058894,0.6418062100695783,0.020127644326283292,0.02173785587238596,0.030191466489424945,0.007245951957461988,0.026726871974245038,0.03396539980060307,0.010725915726506231,0.029113199829088342,0.016844115361528494,0.009478716223424109,0.01293919992403926,0.00760437565094712,0.016457132293019656,0.016807620519886046
10,0.07161751044181197,0.10970089662837719,0.04439330254791046,0.13667568829504634,0.006712467451037064,0.03399067331449123,0.005209676230655633,0.09773352608709965,0.003290355597665238,0.03132484810483963,0.0193915726363293,0.0042566866762674075,0.0022813614866269765,0.1163494358179758,0.026499084747865713,0.03468803055442756,0.014443378239472856,0.10176631208330529,0.07123434845998519,0.0684408445988093
11,0.005139450407409035,0.012505995991361988,0.0220694046906388,0.08488666596746947,0.012102576765834183,0.025011991982723972,0.07503597594817193,0.18301457548334615,0.14676933498184622,0.03670237953986669,0.11503037904158259,0.030491500131684814,0.004520239514950116,0.07325843643306158,0.08267597754862989,0.005517351172659699,0.021838047888246774,0.04607472207343889,0.007214997687324223,0.010139996749752963
12,0.026348315283114397,0.04609712705620916,0.07377528279272033,0.04098626821817796,0.024591760930906773,0.007996206158532217,0.09221910349090041,0.0526966305662288,0.0526966305662288,0.030959867581560652,0.04610955174545021,0.07377528279272033,0.07377528279272033,0.04610955174545021,0.06071354730561189,0.014187554383215449,0.0526966305662288,0.00996963280982707,0.14355607205056262,0.030739701163633466
13,0.010399888328758707,0.03444963008901322,0.09186568023736857,0.04934681143190749,0.055119408142421146,0.007550603855126185,0.05010855285674651,0.04970164265612094,0.2157851506311197,0.014897137335789502,0.04593284011868429,0.04562165495820079,0.011483210029671072,0.02881180547216561,0.05030458751875441,0.011248858804575747,0.05378913010831582,0.012818467009865383,0.022966420059342144,0.13779852035605286
14,0.07820789546609305,0.01885833891828468,0.007717431479614318,0.011175311951576112,0.05657501675485405,0.06705187170945666,0.1895504834863486,0.08850847065648279,0.025144451891046252,0.045978426315056005,0.015473508856028457,0.0160924492102696,0.0016205211829439148,0.005028890378209249,0.054860622307737264,0.05565482810012855,0.055478185296211284,0.06268761115858854,0.05747303289381999,0.08686265198725067
15,0.16897262915310632,0.046756558955978134,0.009387368286283683,0.05928864180810746,0.005521981344872753,0.07208451211251114,0.03387314417040322,0.00544195262972967,0.08260884091929639,0.04170780966940825,0.09387368286283682,0.067052630616312,0.002289602021044801,0.008732435615147612,0.14683033720303046,0.060271396302678935,0.06941919404982892,0.013907212275975828,0.0044701753744208015,0.007509894629026945
16,0.007496622272810506,0.032268069782966965,0.023940825968007742,0.01902988730790359,0.01613403489148348,0.007068243857221333,0.010307855625114444,0.09087742102141716,0.017259665232749768,0.29001343890943176,0.010599843674898095,0.02473885350027467,0.11603975604752323,0.02223586224565678,0.005144643497481184,0.006236685756371764,0.007651191804208659,0.26779171314730305,0.012369426750137335,0.012795958707038622
17,0.1345634577288862,0.030363036615748677,0.006503694401170784,0.02631463173364885,0.021928859778040707,0.01052585269345954,0.011726043393702687,0.027222032827912607,0.013072720435745807,0.02095855624803891,0.09568956994054129,0.3096833138994288,0.012530777016023262,0.019254608585596716,0.007894389520094658,0.19709210630805205,0.006805508206978152,0.00962730429279836,0.021928859778040707,0.016314676596091142
18,0.025200412213739743,0.016591575743207538,0.00733858157872641,0.11519379116804673,0.00854342333045761,0.07870628743184074,0.08881432162978498,0.05088083227916977,0.05024691677520214,0.056890309897211465,0.08033815623026806,0.02385039013086083,0.0009117901394599074,0.07436886827983714,0.07997948995594287,0.10398265326893824,0.08098837512062096,0.03776311770719632,0.0057819127589965645,0.013628794360491903
19,0.0095339900552431,0.05681479788022419,0.01881030470358774,0.020470037471551364,0.10707404215888404,0.01087470740676166,0.01420369947005605,0.0601569198169528,0.01881030470358774,0.29517076197084696,0.2729242857900727,0.014808112213462689,0.00589814639010802,0.018810304703587744,0.004901276577695396,0.0050070595254154415,0.004115394663906993,0.0023285607841548764,0.012888542111717523,0.04639875160218309
20,0.16878706157591938,0.01707189975882119,0.06562011469796895,0.013460536348301324,0.007446254150124135,0.030244661918405438,0.0648099898251545,0.012961997965030905,0.007953953296723508,0.045558768551258684,0.0336513408707533,0.018419681318728124,0.13797948893665515,0.08056293415179881,0.015554397558037083,0.13657225968703696,0.05502597616185236,0.07325036059308163,0.007291123855329883,0.00777719877901854
21,0.07737481586552533,0.005870845772046657,0.04272784569783876,0.008317031510399432,0.006237773632799573,0.07661750239883114,0.04574367330719689,0.011860006735802201,0.028515536607083766,0.07514682588219723,0.007392916898132826,0.005870845772046657,0.049561274307432124,0.19162440599960293,0.12086401754562111,0.13272782698333516,0.0800504401262691,0.01845412830266685,0.010505724013136127,0.004536562642036053
22,0.029901460410891253,0.03289160645198038,0.005292902187675004,0.07907275086435687,0.129879676759102,0.05998622479365004,0.048110110929762355,0.012117960271782245,0.010010488920167942,0.05965875327181994,0.1447120685242542,0.01566266973903828,0.08417840795229595,0.08352358608032161,0.033252618902612864,0.026283247164824507,0.046233181759811774,0.03616465999005739,0.01989739155737084,0.04317023346822424
23,0.04074096752190271,0.06876040540839073,0.0896450472664618,0.1394540464062533,0.012329452004263166,0.11163922968863396,0.06920402092715454,0.02383694054157545,0.004636210032954792,0.012769789575843994,0.008938852703090798,0.014898087838484661,0.0135780041059607,0.2449595075619388,0.004017461889029571,0.046482034056072125,0.019592005924582566,0.046022633405190395,0.009168054054452097,0.019327249087763884
24,0.016588542548046693,0.01280979178516217,0.03870659927877561,0.018579167653812297,0.1816874715484155,0.0068305763433133436,0.06635417019218678,0.028228141733946065,0.016588542548046693,0.012633356696663258,0.012902199759591873,0.024446273228700386,0.04644791913453074,0.029029949459081706,0.007145833713004729,0.015354730996507285,0.019353299639387804,0.005499758340241648,0.4191641482872286,0.02164952711335679
25,0.027380091358064813,0.0021209722770515194,0.018253394238709874,0.005920019753095094,0.08986286394441782,0.014131660055775392,0.09056511133269586,0.012884748874383437,0.009126697119354937,0.0730135769548395,0.03056382291132816,0.04228171118815151,0.00730135769548395,0.19557208112903435,0.04036510548517898,0.09664433981121802,0.11408371399193667,0.040563098308244165,0.004132843978575819,0.0852327895924602
26,0.030301643658611245,0.0051384637817270245,0.02067918351182827,0.028671138492245,0.002828533802231131,0.0014874500420788753,0.007246551487050932,0.009745362344654703,0.17391723568922235,0.001712135725496283,0.004156110411690976,0.24870164703558803,0.05778467001214519,0.0816444800874405,0.0479589952961189,0.11083193659218331,0.13210043486885484,0.02628981469720803,0.003925215388819255,0.004878997074805278
27,0.010451410799413993,0.015576212535973437,0.0544966420255158,0.019562897137364654,0.029270548190724263,0.009192204679002666,0.3102508977966877,0.0272483210127579,0.023842280886163168,0.007706595841992134,0.018608609472127353,0.0544966420255158,0.015570469150147375,0.03814764941786106,0.009781448568682323,0.008769574578818634,0.015894853924108776,0.009536912354465268,0.02311978752597641,0.29847604207670114
28,0.014396019061937394,0.026392701613551884,0.027302794772639884,0.14362577071513405,0.017595134409034593,0.013890895586079942,0.026392701613551884,0.022764365456857668,0.30992151749768027,0.007762559298103496,0.022622315668758757,0.06569354692981338,0.017212631487099055,0.06730317904031471,0.10921318121364527,0.01181762758815756,0.02311058740539113,0.015226558623203011,0.027302794772639884,0.030453117246406022
29,0.23303700478727982,0.012993578448745297,0.014292936293619827,0.003919345782688617,0.020418480419456896,0.03942878977550298,0.07146468146809914,0.026799255550537172,0.16796591035291994,0.03031834971373903,0.029869450398970668,0.011547534498223239,0.009528624195746552,0.05386917643976639,0.11693725281065502,0.05130797643863528,0.05304083455194479,0.028972168162742888,0.008407609584482252,0.015881040326244253
30,0.06998062862925397,0.3066249545231242,0.03650297077656241,0.018251485388281204,0.042586799239322806,0.011884688159811018,0.039310891605528746,0.03006127005128668,0.024335313851041603,0.009972753367153708,0.025552079543593682,0.022219199603124944,0.003590444432628604,0.025552079543593682,0.0086617218791843,0.19960237614694987,0.07296256287030617,0.008965641945120593,0.016485212608770117,0.02689692583536177
31,0.09673600242939627,0.032336786085844504,0.059121621846929547,0.03737527366590312,0.021083487708970984,0.32038451011289415,0.022840445018051905,0.03289024082599473,0.03162523156345648,0.010278200258123357,0.022840445018051905,0.03426066752707785,0.015226963345367935,0.07475054733180625,0.010819158166445639,0.08896685718232542,0.017875130883692796,0.012834734341164576,0.023493029161424813,0.03426066752707785
32,0.01819168863400781,0.07851149831519161,0.04661620212464502,0.029834369359772808,0.03540777073144648,0.013070380236335307,0.03242866234757914,0.29148658446821646,0.037292961699716014,0.009927622704091128,0.03912222726823521,0.0458725406200486,0.018646480849858007,0.06780538490857459,0.009944789786590937,0.00978888062862977,0.08431578542536507,0.06584259094858871,0.026637829785511435,0.039255749157595804
33,0.04208753268923832,0.010078639438551583,0.012178355988249826,0.010825205322888734,0.012178355988249826,0.0041166273763098,0.04447747404404285,0.12425379269782715,0.01992821888986335,0.08135644000397821,0.018267533982374743,0.044783924671338175,0.0031253793974167776,0.14614027185899792,0.0218527509321866,0.060580667004112375,0.11396741575660845,0.010825205322888734,0.20984244164368926,0.009133766991187372
34,0.020453573933113804,0.035554544931138264,0.09363007702084558,0.40627111031261764,0.031244903121303326,0.047242110438687805,0.035554544931138264,0.036824350107250346,0.05825475343346279,0.011851514977046089,0.033260703322677734,0.025777045075075247,0.012574168329304997,0.029401958926978455,0.011842194624365624,0.012274783369083449,0.01586279696927707,0.015295490056068175,0.038188214926037405,0.028641161194528048
35,0.06204548624772606,0.08899051289846631,0.017078987323948077,0.013419204325959205,0.01105110944490758,0.003494992806362407,0.01127213163380573,0.052428519227003395,0.017078987323948077,0.004167676116253513,0.006238008157658628,0.028180329084514327,0.018180857473880215,0.014831752149744382,0.003612862703142862,0.007134260527725146,0.40045730804309837,0.22061078415269572,0.005636065816902866,0.014090164542257163
36,0.07329550723098664,0.05706976379165299,0.0732955072309866,0.029318202892394656,0.052323913995591956,0.020824212734767096,0.05497163042323997,0.008143945247887403,0.013326455860179387,0.006373522367911882,0.17102285020563543,0.024431835743662207,0.08376629397827043,0.029318202892394656,0.0298202152866064,0.10039471777954867,0.06282472048370281,0.07648226841494257,0.019061320644924135,0.013934912794714134
37,0.024250368806296354,0.06668851421731499,0.05927867930427998,0.024250368806296354,0.04103908567219383,0.02371704853528585,0.05927867930427998,0.028193142267682086,0.07752846136481178,0.019053861204947137,0.048500737612592715,0.08891801895641996,0.04445900947820998,0.02222950473910499,0.20839784914474468,0.013207047982228607,0.038107722409894275,0.0161669125375309,0.020519542836096912,0.07621544481978855
38,0.09355688945892442,0.023666918131403147,0.3342105005794594,0.16654225684194324,0.025059089786191573,0.05038788382888023,0.01217155789615019,0.023666918131403147,0.015434967767733159,0.029525066183730665,0.015777945420935434,0.07745536843004668,0.0031555890841870873,0.0278190164587832,0.005011817957238314,0.02615817267155085,0.005605322715332325,0.03451498516445863,0.01775018859855236,0.012529544893095787
39,0.02810815067446354,0.012521058778076313,0.18041179696241802,0.1863447968035069,0.036600017966684606,0.08326398369081374,0.012859465772078377,0.10573338523708889,0.0057173613957923934,0.04808619381793136,0.013994124516673527,0.00849643274226607,0.04641953498213657,0.037075342875342844,0.00732000359333692,0.03244092501592498,0.071370035035035,0.068766046631022,0.007674197315595159,0.006797146193812857
40,0.3610748707516161,0.021478013694810737,0.04831152449707871,0.02198939497325861,0.02716337026108416,0.009714977929551366,0.03298409245988792,0.02198939497325861,0.03184670996127109,0.007893628964759501,0.03420572551395784,0.030785152962562057,0.029520009690128,0.03184670996127109,0.009235545888768616,0.08984005917556777,0.023774708829847554,0.0964874931731989,0.04617772944384308,0.023680886894278507
41,0.07970005877197281,0.010926973838469923,0.00797000587719728,0.011385722681710399,0.008855562085774756,0.002590498339327378,0.001960013750995909,0.009376477502585035,0.024523095006760857,0.06392741164578805,0.19128014105273466,0.014490919776722325,0.0025288517144598584,0.0277217595728601,0.12437034537527517,0.030942336283199305,0.04863054433544104,0.32363054168013206,0.005226233362096577,0.009962507346496601
42,0.15101121383794128,0.01713439095195568,0.008742754485354498,0.010928443106693123,0.009714171650393885,0.04136500523278947,0.07882386149719453,0.04141304756220551,0.01092844310669312,0.038784578266071984,0.03746894779437641,0.18245748491174593,0.0015067981765560633,0.06442029620787525,0.1024508318639314,0.08280997793738379,0.08358457584899354,0.00267635341388403,0.011921937934574313,0.02185688621338624
43,0.2919919264963294,0.017014995195820882,0.04821732893951638,0.019701573384634703,0.0220194055475329,0.005845941801322236,0.11910496637074619,0.027728140319115503,0.04159221047867326,0.039928522059526336,0.06805998078328353,0.031857863345366756,0.012682176769673474,0.039403146769269405,0.00972285439761193,0.10867752538603942,0.005218409195063146,0.04960870474475201,0.020234048340976182,0.021390279674746247
44,0.008961198601033862,0.014508607258816732,0.011948264801378481,0.01692670846861952,0.01658050539379377,0.008234614930679764,0.0711116076506659,0.27723061584288383,0.01171849047827505,0.23856296404953942,0.09374792382620041,0.010690552717022852,0.0018702062571974807,0.018465500147584933,0.00440310446477374,0.004035506654770216,0.007431237864271982,0.1166862456134622,0.02256894462482602,0.04431720035420382
45,0.09384526413073117,0.07569594418092,0.03414370248160646,0.09080438537083468,0.024879907234658962,0.019334385742596424,0.01957017093457931,0.025231981393639996,0.1048841276360527,0.08317322647196207,0.057471317022714984,0.07334995489618684,0.0018968723600892472,0.08390853589580187,0.03264080182945424,0.06447945184797191,0.0674074448165095,0.038791763760909106,0.0037147083718414428,0.004776053620938999
46,0.03657597356574408,0.00642311857735055,0.13641419091143026,0.1165923701226183,0.024425943885699287,0.10765698178159702,0.07133986789062412,0.01600838783893522,0.0061937214853023176,0.20537076503897167,0.07379753259083613,0.027789586688628257,0.002281897389321907,0.05945972625890225,0.003335080799778172,0.027328810125371174,0.049136857116731734,0.010510557672028178,0.010510557672028176,0.008848072588101287
47,0.030609482802894866,0.033137036507955055,0.025381559878433657,0.013105489555204197,0.011929333142863817,0.23481770577596792,0.11761314366203762,0.012426388690483143,0.04970555476193257,0.006855938587852768,0.015696490977452394,0.02209135767197003,0.0039764443809546055,0.23858666285727637,0.10512451831251077,0.03417256889882864,0.004849322415798298,0.015705474440693187,0.016568518253977524,0.0076470084249127025
48,0.01745909513585549,0.02183490412753,0.016376178095647502,0.04150940799218333,0.08733961651012,0.020349858768071726,0.08733961651012,0.05089021182465308,0.011909947705925454,0.03903682882136182,0.021121890916862573,0.04366980825506,0.013100942476517998,0.2381989541185091,0.02113055238148065,0.008188089047823751,0.07860565485910799,0.05092901768798955,0.026201884953035996,0.10480753981214398
49,0.03795186680769115,0.01881936702859991,0.012391226060820897,0.13455847425448936,0.20324916390887898,0.02736527724086573,0.004893035427435976,0.0033745071913351557,0.04448214024941796,0.04530588358737015,0.03058147142147485,0.07067717839629743,0.050620224981296584,0.006524047236581301,0.047118118930864955,0.05868074354801433,0.0781308317323981,0.01518314487885785,0.0978607085487195,0.01223258856858994
50,0.019186618780093957,0.016137730500063122,0.17273348572289784,0.04572356975017883,0.06858535462526824,0.044935232340693,0.058787446821658505,0.002060297976512137,0.0037154061414342403,0.00409464803732945,0.012470064477321503,0.1516097312769088,0.0035437082282909925,0.15363119436060088,0.013234012434161278,0.1381014283649693,0.05344176114568249,0.02385577552183244,0.006531938535739835,0.0076205949583631385
51,0.04995279804009483,0.04035981828613126,0.01027340829101523,0.013133980312635551,0.0120220735320391,0.22050269810483986,0.10045110328992672,0.012841760363769038,0.018834581866861256,0.03345616515824039,0.024566845913297292,0.021732209846378372,0.00387011956168382,0.16143927314452505,0.009026038769952859,0.18581768687440298,0.030708557391621608,0.02601883992924973,0.014125936400145941,0.010866104923189186
52,0.00804798921047033,0.02134466703646478,0.0196370936735476,0.23228395639434704,0.0245463670919345,0.38386794964017124,0.015584994979006037,0.021818992970608443,0.021818992970608443,0.006253851488390956,0.01852556006938453,0.019252052621125098,0.009721333501756238,0.03272848945591267,0.07780589344841876,0.007438293058161971,0.009091247071086852,0.020446318957556404,0.02583828114940474,0.023947675211643413
53,0.02432197326211786,0.010454818357447673,0.012955991824627094,0.013734761371548904,0.40027018854228236,0.004765121292170029,0.2754825485924152,0.008980420896781976,0.010944887967953034,0.002930045038095252,0.010006754713557059,0.009865814506323862,0.005050668075289181,0.05043232577180904,0.011397886714765834,0.004144809644668606,0.004350762918937853,0.010151780144188325,0.0660823424480183,0.06367609791700243
54,0.3515225889709094,0.07622113206482943,0.012458189604312645,0.019552377355760594,0.019552377355760594,0.01491306053604104,0.013226608211249812,0.015507057902844608,0.01998687463033305,0.007253301277136993,0.018737694965937232,0.01083625732969864,0.05888989846437416,0.024983593287916307,0.007959374852787497,0.06452968404836935,0.15953676875494216,0.059256630044211556,0.028106542448905845,0.016969987893679008
55,0.09976669493990371,0.01819566950410877,0.02035447775035896,0.012372239458326894,0.017660502753987922,0.009002939639126325,0.015201445408495936,0.029762497362915762,0.015011427340889732,0.0607721815620221,0.0333587274241994,0.016012189163615718,0.10777435013972117,0.020015236454519643,0.008225439638843689,0.005638094775921025,0.009456017222607704,0.4711620941629928,0.01691428432776308,0.013343490969679765
56,0.008235489912800825,0.02579367710110996,0.019345257825832473,0.044930921401933485,0.015571837137104791,0.014212842484285084,0.018571447512799173,0.03397216008438873,0.03869051565166495,0.009672628912916238,0.04220783525636176,0.016986080042194363,0.02151298285704772,0.02842568496857016,0.00834047043987987,0.5456752799659351,0.009535920744433287,0.014817644292127001,0.0323920596153474,0.05110926379326759
57,0.008775488961956183,0.10530586754347417,0.030421695068114766,0.01984023591398789,0.024017127685353763,0.00706773064010045,0.02172978219151055,0.022259776879108364,0.01629733664363291,0.004372798148647153,0.20078318744955748,0.024666239244417375,0.004003390574934221,0.006781028499921113,0.35692007430276557,0.022627707075457262,0.009036147049935082,0.06152702373326583,0.025911275968301006,0.027656086425558873
58,0.012661123465927172,0.02180526819131902,0.02616632182958283,0.01604077605399004,0.029073690921758693,0.6149060283459682,0.01869022987827345,0.031399586195499395,0.02616632182958283,0.008673918838535744,0.036511146738952775,0.028545078359544902,0.008579121911338633,0.025737365734015895,0.0065741872260411055,0.00902286959640787,0.011804355712593756,0.012028922021899027,0.027068608789223614,0.028545078359544902
59,0.15504024898312074,0.11461889098912624,0.018185172061178062,0.02121603407137441,0.021947621453145945,0.021389937714262282,0.00860109489380044,0.06844959364581918,0.016320026208749543,0.006429101233749821,0.01872003006297742,0.08228542189446374,0.010973810726572974,0.017202189787600873,0.005322529411898604,0.2487475857868585,0.037076564396576646,0.08301926375755206,0.01552392736929835,0.028930955551874197
60,0.11560761441554956,0.014355159276625442,0.025121528734094525,0.022703986406192877,0.2307172494370393,0.02464986043209615,0.03014583448091342,0.06029166896182688,0.02740530407355766,0.007933114337082482,0.03014583448091342,0.03014583448091342,0.018841146550570894,0.021532738914938163,0.006280382183523631,0.15445103631073265,0.04353179641338011,0.0419341773571949,0.018841146550570894,0.07536458620228358
61,0.01529590347515503,0.0237086503864903,0.03793384061838447,0.011678305324256148,0.022579667034752664,0.011139231132186962,0.05578505973291835,0.03512392649850414,0.36572609412298873,0.01115701194658367,0.02125833053168781,0.22543420498899847,0.02563097339080032,0.033464107240115386,0.004401034012513909,0.014589938699378644,0.02215033080754838,0.012004379942526733,0.018237423374223304,0.03270158673998662
62,0.007052051853236389,0.01825977711998708,0.019664375359986087,0.024940183383396985,0.282624828897257,0.008665656938298953,0.015617161362042466,0.06000572893523755,0.016230912995544074,0.3836848632735292,0.015493144223019345,0.010541726997105942,0.06641681894447976,0.01733131387659791,0.004579650833581508,0.005037179895168851,0.006123039034247164,0.006765550107353561,0.018936065161468084,0.012029970808462078
63,0.12955328730057958,0.022125743107293743,0.012409655916699541,0.04391109016678299,0.011892586920170388,0.06920664954807645,0.007318515027797163,0.0034399186438120134,0.023250034330798128,0.01612554158667172,0.11892586920170392,0.008456950698787834,0.0019028139072272627,0.10341379930582949,0.07239687596495997,0.23794159612305713,0.05657014318783754,0.017700594485835004,0.038701299808012124,0.004757034768068156
64,0.015043030719168942,0.021836456704654335,0.02454389222601248,0.029765996954951315,0.02590744179412429,0.01065751708903566,0.017487523211033893,0.026396261450617197,0.026396261450617197,0.007607777681153135,0.018407919169509363,0.023711895879367992,0.009025818431501364,0.019164408998393306,0.12802143599805474,0.008530499127333606,0.01165834880735593,0.013582542299832148,0.5368185746094156,0.02543639739786748
65,0.014418345204262937,0.021491495681825887,0.029974980819388732,0.0438095873514143,0.020007925005387044,0.011505548193300729,0.026489517933413302,0.02423509087525047,0.02588748343492664,0.4343644159134658,0.12118106765317685,0.02712022074135171,0.007696278859032243,0.054240441482703426,0.00999166027312958,0.030533399141817137,0.015392557718064486,0.010146014333784944,0.03987371185272667,0.031640257531577
66,0.29922110318102596,0.03837635787562932,0.018569205423691604,0.021267697590550534,0.02214020646670922,0.007646832056415939,0.011512907362688795,0.016447010518126852,0.017988917754201243,0.004911749645179331,0.022431984211953134,0.018569205423691604,0.0057564536813443975,0.016447010518126852,0.005643582040533723,0.042867208265330616,0.15835807423973483,0.2216975288259134,0.019849840280497924,0.030297124638654725
67,0.009133585558487037,0.02266375339431862,0.18494445184251637,0.4384027518547498,0.025754265220816613,0.046727675622350556,0.017987105868506843,0.025181948215909584,0.04888027097181784,0.0074064553576204655,0.02266375339431862,0.015109168929545749,0.006402190224383791,0.020603412176653294,0.022189685664869306,0.0074064553576204655,0.010492478423295657,0.024402497527438553,0.02411037595140279,0.01953771844337812
68,0.017994674469514686,0.03127645800653743,0.026808392577032075,0.029854800824422087,0.024326134005084665,0.01393095542781659,0.019606137854844354,0.02218330064848528,0.11626494346197788,0.007549489863646965,0.029854800824422087,0.020850972004358287,0.009803068927422177,0.025261754543741768,0.5107095387187214,0.017087444078619816,0.012392558832778981,0.01509897972729393,0.023883840659537667,0.025261754543741768
69,0.12266238693574313,0.01468033886199053,0.02280912153763819,0.01624195160954672,0.013018413707802925,0.5419220944632906,0.007930757776017877,0.01149959877522592,0.015164306077220992,0.004677802891617323,0.017249398162838877,0.07666399183483946,0.003449296419291352,0.015164306077220992,0.027425588969959256,0.045326885683372224,0.005541975313361889,0.0058768472087519725,0.019165997958709866,0.013528939735559905
70,0.005412499771592725,0.0961475202257312,0.011809090410747762,0.015745453880997018,0.06642526691687785,0.013323076360843627,0.06796109563868512,0.06235199736874818,0.00753043446482466,0.24552526436411828,0.15745453880997018,0.007318309550322557,0.002720418733365977,0.008958620311601752,0.0039363634702492545,0.002900603336271213,0.0038776117766634445,0.0057733330896989074,0.01924444363232969,0.19558405788636057
71,0.009969188192042767,0.11824564883339612,0.028958118081648027,0.028958118081648027,0.01842789332468511,0.00844611777381401,0.012669176660721015,0.019616789668213185,0.016892235547628014,0.23590875772225958,0.19592535465483812,0.015203011992865218,0.043444255554264184,0.014120398971276097,0.029266440909585294,0.005528367997405534,0.07116303486022017,0.0947720228126663,0.016892235547628014,0.015592832813195092
72,0.06566929992027763,0.3326107398559517,0.1074588544149998,0.04139155873762955,0.025869724211018463,0.014551719868697882,0.016876275634491216,0.015521834526611078,0.024423564734122105,0.12390754640508654,0.009130490898006518,0.028221517321111052,0.011761256410437876,0.05995622381634071,0.028581545423563937,0.06208733810644431,0.006467431052754616,0.004703586220185175,0.008869619729492045,0.011939872712777756
73,0.02500755699802632,0.0969509962226602,0.056554747796551785,0.02827737389827589,0.04241606084741384,0.014753412468665683,0.030184983394058566,0.052204382581432424,0.0357187880820327,0.06106902913973464,0.03231699874088673,0.04241606084741384,0.26522392574548936,0.06169608850532923,0.01112552415669871,0.00649731628530035,0.03381611911480221,0.012567721732567061,0.029506824937331363,0.06169608850532923
74,0.03738971970042593,0.06319238479382365,0.013588248076067221,0.015838700706430422,0.2485457649316774,0.032582470024656876,0.031192468133671384,0.03167740141286085,0.01055913380428695,0.06708155593311708,0.09774741007397061,0.010255515906672598,0.007310169556814043,0.014078845072382598,0.0055091132891931915,0.004472103728874472,0.013337853226467727,0.13660879359296244,0.012262219901752589,0.1467701281338918
75,0.012155479315217467,0.03507724030962755,0.034102872523249,0.011509141861065253,0.025055171649733962,0.47895882743356677,0.025577154392436758,0.03720313366172619,0.025577154392436758,0.011804840488816965,0.027902350246294637,0.02612134916674392,0.00883239863911485,0.03230798449570958,0.0913190308937226,0.010864631954309418,0.012923193798283833,0.024718969337817653,0.033886202916877925,0.034102872523249
76,0.01853560248102648,0.008565695085928905,0.024579820681361206,0.004165866452272382,0.010095283494130494,0.006563660237465644,0.3868087570382632,0.008833373057364185,0.1102465840223003,0.0034471699736055347,0.04181269951656664,0.005507092763059933,0.00463390062025662,0.00848140068069851,0.27423935732801225,0.029241510810584886,0.015506131419802708,0.004486792664057998,0.006894339947211069,0.02735496172603102
77,0.0318180161096539,0.21990921229426547,0.024992797958514227,0.02165772545322312,0.01600765030624311,0.05339615191011593,0.017647035554478097,0.004975434617300282,0.02268904571290041,0.023529380739304127,0.025077366314258345,0.008508392142337652,0.0060312653160874505,0.02382349799854543,0.009723876734100178,0.0068067137138701226,0.2635791267924176,0.1836692472746167,0.025077366314258345,0.011080696743509501
78,0.07029382291368962,0.01894269775813796,0.06063450781264475,0.010892051210929326,0.0702712981350279,0.014220123916630871,0.015023518911626656,0.11278934322692065,0.016757001862968194,0.01375838047696336,0.2980982436675394,0.012102279123254806,0.005887595249150988,0.015023518911626656,0.006407088947605486,0.005446025605464663,0.05968247238865384,0.1691806614876519,0.012814177895210969,0.011775190498301974
79,0.009383127589661673,0.034779115296916206,0.5422096537620383,0.02671946351404433,0.02959924706120528,0.01910679430771808,0.023186076864610803,0.034779115296916206,0.04797119351298788,0.01636664249266645,0.04347389412114525,0.01766814311150815,0.009092579162592474,0.04215650339020146,0.0107842217974934,0.00979693388645527,0.010954052062020853,0.015078355442817572,0.027277737487777412,0.029617149839222954
80,0.010819182608518668,0.020340063304015093,0.027486572032452833,0.02905723329145014,0.02216690164749997,0.010593782970841195,0.01558684939549037,0.12239368313291339,0.03632154161431268,0.3947946009006011,0.12204037982409059,0.023113708300017154,0.0500287678538282,0.0281976011696718,0.011961979483972018,0.005947386930998566,0.007477964450005549,0.011427001856188257,0.02905723329145014,0.02118756594168239
81,0.016635742374098695,0.06746717740606693,0.027600208938845565,0.014577216740721766,0.026986870962426773,0.4757647766836561,0.025838493474663934,0.026986870962426773,0.037950287290912654,0.009270299185566449,0.036800278585127424,0.032821870089437974,0.011244529567677821,0.034697405523120145,0.008743560807277418,0.010940623363145987,0.015569348632169291,0.010901752262373304,0.08096061288728033,0.028242074263004763
82,0.19966833133274642,0.42861825416556876,0.02287866296521053,0.0332780552221244,0.013704740045029857,0.010752609923556195,0.029680427630543394,0.023873387441958816,0.026784776154392814,0.005305197209324181,0.02111876581404049,0.0224117514761246,0.006655611044424879,0.02287866296521053,0.034500105050849016,0.05639503758409946,0.010559382907020243,0.00998341656663732,0.01062134578683706,0.010331478714300941
83,0.009807726042142296,0.0223900281878321,0.13592434239123083,0.030730327007101706,0.0363176591902111,0.4685835405621239,0.021026013215385376,0.02304774525532628,0.03239142576424234,0.010995254617219874,0.04438825012136913,0.015564711081519043,0.00998735627730805,0.03524949274344019,0.008684657632441785,0.006579100471873848,0.011749830914480062,0.010403692889256196,0.04438825012136913,0.02179059551412666
84,0.02618739564289565,0.03491652752386085,0.08130403152051428,0.013966611009544341,0.05237479128579128,0.007523789960049924,0.06983305504772172,0.22481342814906036,0.05371023135655021,0.02992845216330931,0.05237479128579128,0.02618739564289565,0.06983305504772172,0.06983305504772172,0.08142237172563627,0.006403752183872029,0.034542285719893186,0.01496422608165465,0.01496422608165465,0.03491652752386085
85,0.012529058133147343,0.10192609155157929,0.03298904021874815,0.02037547075155167,0.0659780804374963,0.10207558292557017,0.10192609155157929,0.0659780804374963,0.037701760249997884,0.014661795652776956,0.05278246434999704,0.10192609155157929,0.02932359130555391,0.037701760249997884,0.016868603153099557,0.023992029249998655,0.03298904021874815,0.014216335274182921,0.03213294118531988,0.10192609155157929
86,0.01922952781924319,0.016229435818727427,0.011181823346894354,0.05677289165681322,0.01892429721893774,0.46438354098539353,0.012042734593869472,0.04415669351085472,0.049676280199711556,0.011922307247930773,0.07451442029956735,0.039567301610827686,0.0059611536239653875,0.04768922899172309,0.007789004925337226,0.03615017597313544,0.011354578331362643,0.020107555893320934,0.033117520133141044,0.019229527819243187
87,0.016076091933844943,0.018774040464046102,0.054997156615785324,0.047497544349996416,0.033707934699997465,0.01109311248454304,0.0282417831270249,0.04975933217618672,0.04353941565416339,0.02254637812364374,0.03731949913214004,0.05805255420555118,0.008163640435155634,0.026123649392498036,0.045978287841456224,0.013227164249366092,0.016076091933844943,0.02048913677842983,0.4065393473743292,0.041797839027996844
88,0.2170701908959912,0.08247604422534802,0.017335466634054855,0.028693186152918375,0.02029518044962519,0.1081044673677877,0.011244627005873418,0.012552091591464086,0.025215224194988874,0.005778488878018283,0.024473599953959792,0.006703029025440322,0.003014863762444322,0.022489254011746836,0.015406518901906766,0.3322525798271839,0.014925603559365615,0.011862441244766035,0.02029518044962519,0.019811961867491255
89,0.009364429077905554,0.09396398725336781,0.03296951031150896,0.012858619032347921,0.18379252803569296,0.006334760846818462,0.04625002854811452,0.013053446593444103,0.01833037181207044,0.0033918404534146085,0.01566413591213292,0.012122775206377919,0.008283918030454912,0.17549633753408178,0.004025829323211732,0.003914844358102057,0.00598282968866188,0.0056308985305053,0.010506432623991594,0.33806247682779444
90,0.0167496188221364,0.0795073253124193,0.05447101736888399,0.036849161408700086,0.04373681443627544,0.0096971477391316,0.22630816065585282,0.02233282509618187,0.04913221521160011,0.013160414788821458,0.028345508775923144,0.021633837202424906,0.015849101681161323,0.028345508775923144,0.010837988649617672,0.007840247108234059,0.00921229035217502,0.014739664563480033,0.023773652521741986,0.2874774995293156
91,0.09089998854876605,0.07507316452711951,0.00393187216559604,0.006325719745528352,0.00668718944527283,0.014427840241513298,0.004035372941112915,0.23405163058454903,0.009362065223381963,0.043496320728102035,0.0780172101948497,0.005201147346323312,0.0010045134359851892,0.005708576355720708,0.0018429262250751898,0.0917445324443875,0.07338904809574968,0.2442196778129919,0.006325719745528352,0.0042554841924463465
92,0.4825316029083261,0.021544847869694624,0.012150876957725498,0.028559449501688223,0.018329198933919308,0.15144967615756375,0.014447721512618746,0.02729014063494652,0.03411267579368315,0.007353630710015529,0.04912225314290373,0.018329198933919308,0.0026809517469820604,0.02923943639458556,0.007181615956564874,0.019791840840823357,0.003950574647176067,0.008703119223163039,0.03961472027653527,0.023616467857165258
93,0.10186384429775376,0.02483546294013638,0.00946698339797278,0.020343943046707457,0.008242804510303884,0.18279631178732733,0.027125257395609944,0.01946246218485717,0.016774830231495622,0.0034394436086160086,0.012921153016152036,0.010245301039092911,0.002068137827945475,0.016485609020607767,0.0038868509072977667,0.11305452123952708,0.37564413141991215,0.027010319864272613,0.013467117228102123,0.010865515036309666
94,0.02694227826623264,0.06863190884661366,0.13243813660244977,0.006680359979947026,0.017912174012165657,0.0377316628497008,0.10046586520595537,0.1588579059375625,0.01101356645342618,0.09275667159547261,0.004289494302913354,0.10814166344437316,0.002869732104061751,0.07581431791195697,0.0024401314896812494,0.034492777364063164,0.008366403627248251,0.08538822694768777,0.019404855179846126,0.005361867878641693
95,0.05891581415105743,0.041205776528461344,0.0037406866127655514,0.007916336785155005,0.007242605994929046,0.0953897952663235,0.0069811143468470945,0.06946989423707453,0.05236961257871773,0.10440296591155714,0.16583710649927277,0.035366491611601575,0.0504510829793675,0.0650769450426713,0.1326034015050398,0.021424364652476702,0.062100452753817294,0.0072426059949290455,0.007400053951340547,0.004862892596595217
