site,A,C,D,E,F,G,H,I,K,L,M,N,P,Q,R,S,T,V,W,Y
0,0.018558303476104918,0.04745850530524997,0.028956074886658318,0.02122360822133102,0.01928427038749007,0.041131659937216014,0.04632156213550251,0.020725991866441494,0.02206574223185509,0.00990502777399406,0.024297676789018955,0.02732308505060614,0.02273942180716604,0.019660917194952193,0.5343107234511587,0.025083563276922804,0.02230840304608769,0.01221647742097457,0.01485385005981973,0.021575135681449736
1,0.033258720089154384,0.02054210652229773,0.025592664993290673,0.03345757933277009,0.024477074671316847,0.475431542694795,0.04418963549805277,0.027637382538142168,0.02274390468957192,0.014137015358297882,0.016643013907454852,0.02932549862393576,0.04501077618753385,0.02991854609636166,0.038252980174984574,0.01645774428415655,0.031137355795496716,0.026474294811654114,0.01552598880040565,0.029786174930326825
2,0.015898942073090463,0.08903868767152953,0.0560183174965714,0.013616805972838562,0.013763149560405884,0.6190476974091725,0.013462579039600757,0.016607979212880618,0.014300713558567168,0.005505617627023845,0.013737357031988012,0.019608561697619948,0.007926676163234848,0.016854856890201518,0.005778815686947473,0.027928269909383317,0.009952449362848895,0.013318496324640045,0.010706668982245546,0.01692735832920968
3,0.06547591502362479,0.015665849743266038,0.01676669787434016,0.038513108528399696,0.021646981100558012,0.5822399190847669,0.01715680385901782,0.022216725567621175,0.014724202131122726,0.008104092988310892,0.018459483759428682,0.017455839972717813,0.010080161569653487,0.02046795235115411,0.01986839755480326,0.007810229059397073,0.01003819592867989,0.03892669709906954,0.03044123609590547,0.02394151070816249
4,0.07557777322022911,0.09291636840123511,0.09629841975444092,0.032379299432304956,0.011763801744436149,0.025541741963605664,0.03174027754370315,0.09742049870184867,0.034149099576971716,0.050722906132140984,0.019674010071382118,0.034807878366076725,0.004806364402910684,0.1324694709199264,0.04850231012303209,0.05246077298535092,0.0682965795957891,0.06720971054871333,0.0037542626955216533,0.019508453820380564
5,0.09872735244426085,0.011008223674394952,0.02196632597578573,0.039095461569737054,0.012047781793939168,0.5401566293828891,0.010101318037114042,0.011954108189495948,0.017535216443596846,0.003983362160065617,0.012228947766838943,0.016085923143644355,0.005171672078450023,0.01599037012622144,0.013408444588139534,0.1298912549379956,0.008127831968382605,0.010301069595350503,0.00810765816287304,0.01411104796082471
6,0.0426923758413404,0.02050841749654665,0.03135221108392041,0.12475395510479079,0.04915664341181102,0.009339603850194653,0.014630913032283078,0.03765566109753855,0.012013089433868224,0.027204104970344076,0.10334796307081608,0.0830732201555088,0.006603529945331485,0.0695476816484817,0.00816894781494704,0.06365731963760611,0.08220231297256711,0.07570492575381262,0.06691225367001596,0.07147487000827525
7,0.041957486605115966,0.017013830795378052,0.020738349144076067,0.0170905569385423,0.016487442533432674,0.00712056249438755,0.018382747740343226,0.044117068324510435,0.0147052080935365,0.006161360943952276,0.01641633560041799,0.015788530567403085,0.01567269669076296,0.016112935785484495,0.006228823188853329,0.031610226327551956,0.6552984612591066,0.009704371637558907,0.015146754406027049,0.01424625092355862
8,0.08909844616960792,0.0906918217644979,0.006062852904149702,0.006205045317110216,0.005318843159086228,0.005465894067145177,0.005244972064225342,0.1220399741037076,0.004885592912386286,0.20256423426567122,0.022474602222540982,0.0049687659054773875,0.0602262459306727,0.008353087577615922,0.001454147394326058,0.04353304323753143,0.09586645354004551,0.20995382289415385,0.009792042075344487,0.005800112494704104
9,0.0082219358511316,0.017770443556980896,0.01546356016691062,0.05510146812796049,0.015247724170686228,0.6630491567603917,0.015368708888025407,0.016744923747843154,0.019151680967728388,0.006258909186146078,0.017406234207868646,0.021322799061894382,0.00915388585957829,0.020222628204367345,0.03435393486511995,0.008816212290255941,0.009760227836153481,0.020461483760075422,0.012203238248585848,0.01392084424229623
10,0.038540066492778365,0.07629932296184773,0.054360162762291726,0.14792990112967608,0.020902751828619295,0.014825919911650894,0.08947022810946807,0.06529623493581335,0.01384090211721918,0.02714114289984333,0.03402710856598344,0.047823711451359115,0.0025526883484737668,0.13392514444415138,0.02184581216297647,0.009691196467182977,0.026589865250238084,0.07392287831784512,0.04118633438278929,0.059828627459792304
11,0.042717813877446664,0.011768967629948125,0.016672176646436967,0.023785440476484128,0.01119153493667502,0.050676891193748574,0.08015222508437678,0.045709523090832434,0.1577440383338528,0.047388012806451114,0.10073288644420103,0.03943587826282852,0.004484586948167582,0.01766528674435657,0.051417544997388584,0.05779256504777451,0.03631311724430521,0.17270074511321476,0.014189023183820131,0.017461741937690498
12,0.02735549877470566,0.03235546518762015,0.04121704156660711,0.03254566600882008,0.02616885868974626,0.01859914537290529,0.03966920650822577,0.03723068164366903,0.0344056831243402,0.024629797210230363,0.03715748651523029,0.0378882004645962,0.03746573004682881,0.032159477230155255,0.06111394320469403,0.02008090346188817,0.03754292208427058,0.014882380186492275,0.3009307258685081,0.1066011868504664
13,0.014571685379408351,0.026560137153227494,0.03997763521530833,0.06105636631642131,0.03364060905038007,0.010770040170569534,0.03397513195450471,0.04748329419712074,0.37236126624378396,0.017025340827069937,0.030856318969332615,0.05747840469782734,0.015045932040591476,0.0526564120810018,0.04732737495263344,0.014173152841175929,0.04210824946584017,0.016786706425325194,0.02227191802822993,0.04387402399024775
14,0.04899139374320383,0.07939105199920019,0.04204017028028765,0.045485209826072626,0.008519625403111181,0.07152286593942278,0.04169254062416651,0.01553370422482609,0.058289397780091484,0.03346175249970563,0.05481703757092099,0.055263065175423835,0.0020153763686034487,0.06840276980319206,0.03923362455460916,0.06286329793970587,0.04830041411784446,0.035767513173066354,0.1518997098087339,0.03650947916781191
15,0.08870861683417383,0.08652250827035393,0.015591443125541258,0.025017281563061492,0.005546900237478592,0.07696782673848879,0.03593295523123046,0.04930580650436294,0.08168600248072562,0.05367116124623434,0.03816262328071765,0.06940471492933142,0.0038958588654226757,0.04274220562964753,0.14949804505200742,0.09980854713852143,0.05116124411091715,0.014318248033046637,0.005021554665546337,0.007036456063190522
16,0.007930608510998548,0.012118305745302127,0.018681736435453886,0.01590779970352217,0.014839132599857831,0.007297670651236573,0.008959283029952747,0.13093915515628315,0.014480638114725466,0.30608339574438925,0.21584296030664268,0.016654601315636626,0.034837931624237935,0.015256988145946395,0.010266971578811557,0.0060797481619587115,0.007369923489879278,0.13503650566187536,0.010602161243472949,0.010814482779816769
17,0.04628934310831036,0.02216102166190448,0.04462691190952562,0.020176306205059943,0.01781858866099787,0.017481617486185663,0.03204881688307495,0.02104257653715455,0.03464046715043129,0.007895484951896932,0.058406460470904815,0.3753947972000292,0.012003866429321004,0.016936837259818573,0.050081600794104314,0.04626056109122298,0.044036123746184555,0.0799753919425782,0.01798575868628626,0.03473746782500843
18,0.07831014611054482,0.04209056389655235,0.0613761168776443,0.23708944299292142,0.022786805637484368,0.09055043898686584,0.009563551614179936,0.041685391430353325,0.024343666592165226,0.04889832410513841,0.06159967706117949,0.010638695303054044,0.0016641324270929513,0.05384759712665252,0.047142234072289374,0.03393846905198633,0.07524932315148057,0.037481505432553026,0.002181264681870459,0.019562653447991216
19,0.009182883935957578,0.02490692971961117,0.014478594445954627,0.015679425442849074,0.1392060043604552,0.008693583189994447,0.012382541779753271,0.03496063952129434,0.015583547400935904,0.24254991909774662,0.27441695931939314,0.012470037016402041,0.00581586023307963,0.09076096837217155,0.004727132308160576,0.005237807150478194,0.017238610730976895,0.014367504338365688,0.010732598929159133,0.046608452707260946
20,0.06594497405297474,0.03558864978070533,0.029967379094484773,0.09156375254846438,0.010121656246622044,0.08960405106425694,0.040381007126687816,0.009145865967088707,0.053882676054349994,0.01923478925083482,0.0269167714238795,0.07193090602645517,0.1150471381848231,0.04346017711503484,0.034145666977980785,0.09889434133783669,0.10232277985493612,0.05068352848686687,0.005349451884119984,0.0058144375215973656
21,0.08762451646371702,0.006073316535727528,0.04072032688029385,0.008403287895212918,0.0066502533205763555,0.02164971461749444,0.028165115272479734,0.011119832434204682,0.15133704230645562,0.014070025106883679,0.0078046843248755935,0.01837431515620808,0.05204831806756809,0.24522673788677377,0.08135405022716569,0.0502483618170657,0.09718062009028158,0.01306767230406602,0.010111287414418772,0.048770521878530856
22,0.040516005329694654,0.0735825072038553,0.004844470192422751,0.014256655391123559,0.07418011910466739,0.04260361348659095,0.05263126278404434,0.07721223187226074,0.012787646278015171,0.05645141927026715,0.07702332303078017,0.0421545669214558,0.027630400425770047,0.09667119518167493,0.022661590154237205,0.07136327685318401,0.029297149509959774,0.02714398729395614,0.0466575294958923,0.11033105022014764
23,0.04661136210712486,0.12435327344141175,0.09774704216214115,0.12147456845721513,0.00950970196398788,0.0410839736664826,0.05320050286718008,0.04684472632892783,0.03426350919735757,0.006383644431751886,0.029113257340487586,0.01094833062544654,0.003918252165379908,0.14875360034894525,0.007298254065583518,0.09519887270085249,0.07023687216194266,0.037983581142421986,0.007550061126005947,0.007526613699353382
24,0.020993428627225547,0.03406306164921678,0.02651112612434057,0.02288072635312058,0.3739676117968599,0.01228567075907414,0.1011419710559958,0.03923126994905175,0.02124699303917837,0.0400381049438806,0.017212481119355645,0.027904070542741057,0.03527023705031094,0.026191786675776006,0.012282287299412843,0.03598664749380356,0.020757233839932762,0.024640319871500206,0.06696538554277892,0.04042958626644397
25,0.15853420922772204,0.017587932209507127,0.01179371272187525,0.01172539752334909,0.07252784793724376,0.007424194319101164,0.09090535360410563,0.011302413510511554,0.008749050711650334,0.02874870957488024,0.06541332747666546,0.07717556543445349,0.013736813019720287,0.12602709974970566,0.04449967724553923,0.03737079736686386,0.06609687379505491,0.058528711129718934,0.004211062504737885,0.08764125093759408
26,0.022198438798344395,0.06590585584265674,0.015852219227093733,0.04990400539162487,0.015570248501762881,0.003823191165102594,0.04013454501835172,0.05125894701731536,0.21760177381557505,0.008374493111941897,0.013713236779515676,0.09826871709549395,0.04114823609655544,0.07918821883329914,0.05964912782721734,0.0910080813200243,0.10536175532852089,0.007432151295753456,0.006542399646251499,0.007064357887599099
27,0.012844416344772649,0.0354063544234322,0.03363846565062061,0.018094248497944013,0.16547400737501772,0.012136396815314887,0.050540803255142416,0.02355167506337554,0.021225087156669393,0.009465201006874572,0.018338428741799712,0.03177684577502363,0.01725972105200741,0.031448174037048963,0.011735647084693136,0.016218544034498926,0.015612112142702162,0.011502522022801246,0.020574147168162783,0.443157202352098
28,0.03116149317038342,0.021024535842051,0.02198490985215911,0.03952272792698878,0.017437427763888808,0.01443977563119264,0.021937716354291318,0.0414673950004346,0.42652428588321856,0.06373100570352963,0.019724373773068037,0.05176216590827778,0.01759529309753767,0.05403463018240117,0.052513963475038575,0.012585955505519029,0.02927271261774353,0.015427232353239827,0.02408899127968325,0.023763408679353247
29,0.055523971323463296,0.011066134125540219,0.012551481515788167,0.030947784900163252,0.07819101747332366,0.025651586544012547,0.018877127949892717,0.04106489070021924,0.18505028258465026,0.032649712756547135,0.01912015418569525,0.010965380292577705,0.009519847826793682,0.019731205401735293,0.19474421089695862,0.11106675062824437,0.10960407252998958,0.012017906037345842,0.008380390932863522,0.013276091394195595
30,0.17490238240622016,0.08300621723655666,0.023186452908099068,0.014828149302075547,0.025740304356217387,0.024768257811326258,0.05153623758131056,0.02199649120100403,0.021120134603240717,0.02860858653999756,0.03616939110428737,0.01935052653487749,0.026340073313077608,0.020333409034725032,0.017541031502491835,0.23856591495482135,0.12150301327236059,0.016843762297015456,0.01567072717458377,0.017988936865711583
31,0.23890478238073892,0.033692154971837265,0.03786894861438898,0.023840323698304224,0.02102916059820002,0.37723656773338715,0.01768999506469374,0.022460946345463452,0.01941398461547351,0.01063998457765026,0.015980981411423137,0.026926068449770652,0.012321117512129843,0.03938460636484929,0.010209768404958726,0.01979551188231149,0.011141273329198769,0.010320426196245212,0.021623763989279683,0.029519633859695648
32,0.03546582299086662,0.07699028463996486,0.029722735738929727,0.023360811610844787,0.026817796439307113,0.013404080529541526,0.02485596567406915,0.3959916238252983,0.02490901639582771,0.011311932509665485,0.027163900355221204,0.04494123680516695,0.017253544180449457,0.03080278022193733,0.010806592590472723,0.018329043800298327,0.07247447154026143,0.06605073467121912,0.023355040568123677,0.025992584912534516
33,0.021396397144599993,0.048967901433767225,0.013453889633406484,0.012434162318590406,0.06782983939475772,0.005544180463692761,0.08256264836808756,0.018922630072577884,0.008612421481956161,0.13034396455031583,0.017774213274273178,0.04819201985909462,0.013186135267101155,0.039009566998254246,0.015280606989182105,0.08545920908879695,0.16788150566606075,0.06349526079891371,0.12824795516017484,0.011405492036396424
34,0.02745448948521589,0.02299278723945199,0.060981934940661495,0.49338175203916806,0.020971075136005622,0.09097614455853015,0.022334390993654807,0.025035225196038458,0.03952065777790401,0.011700998333302669,0.024284625445431807,0.020175493046509785,0.013233599773082722,0.020679912895493573,0.011892011120912347,0.011688466705510913,0.014295432125126073,0.022373034776208597,0.023845090381739046,0.022182878030051974
35,0.02887303788997167,0.1067597491113341,0.015205435845811369,0.03580660328962455,0.010849616069684159,0.008013559979108029,0.011720826604056404,0.1804222381331157,0.012677174441035027,0.013763328014563377,0.0291629490188063,0.01371287528147586,0.04386171872540034,0.013384671563451323,0.004317227314550295,0.003838305800913031,0.198990152638187,0.2515568994243839,0.00583688974206271,0.011246741112464875
36,0.12529916239083494,0.05549442119010671,0.017591329794088215,0.21086470070383043,0.020214780707056203,0.030826171429925126,0.02825926222036384,0.0074690340692181965,0.011521669680016205,0.005812087145546398,0.14992077373613003,0.016398919197579367,0.09485628457492896,0.021245194763894148,0.011250676724995677,0.016194550068070815,0.009706407986770554,0.064350240066779,0.02196666180664434,0.08075767174322086
37,0.022263768619344294,0.03346307877523278,0.03200666551201812,0.025062146429088026,0.024288283601875706,0.028181300292492897,0.03212830229247068,0.03683261507770098,0.06377345988363294,0.023020206113245883,0.034667997581202516,0.036713537815087204,0.03321106129084714,0.02240021195457353,0.36568792755578244,0.023635814543648433,0.08579878325823657,0.020401342826645207,0.02132775415260999,0.03513574242426467
38,0.12357666795356727,0.02218845720911591,0.0545302340357466,0.257011851198988,0.023178645860451125,0.07739644292122815,0.028956644179419594,0.020025496475193187,0.03282885455900301,0.085037414467061,0.01725387320840111,0.04005459093494621,0.004233289323301545,0.0467969666160471,0.007508986179150537,0.07574115974032646,0.023854447252932988,0.025588997420929075,0.02011307894288982,0.014123901521301309
39,0.06712698017623106,0.009114738712670484,0.10706184317175321,0.13739400076768188,0.00637174276036166,0.030503237568209874,0.007984370867434296,0.10822018543545361,0.022646384026400266,0.049974285769064285,0.0899014247454049,0.024677355339686995,0.0463439857135856,0.01720362791539012,0.007861375868695631,0.033960566274680054,0.1256381545741967,0.09292802704311282,0.00501852720876241,0.010069186061224146
40,0.5124849293078592,0.020723130817710572,0.044960162591138136,0.01840629041793427,0.022975269917494722,0.02266881020722529,0.026172466777950935,0.018750388652492463,0.024814265966724515,0.009881598931903626,0.025490533521950097,0.024831402375758798,0.01125506030385003,0.022774028472818383,0.010064007796959587,0.08085135606067413,0.02714061343103165,0.027731957708888377,0.026397458694360724,0.021626268045274587
41,0.10232133686429892,0.03202675202504301,0.008641188940455216,0.011185132281935494,0.009273037642626334,0.0031897233621185498,0.03305929970774539,0.05000416766403346,0.062294690286234876,0.006471903502021232,0.015428542692170966,0.01339895057573909,0.004587167797588432,0.01387474596678317,0.14747172031498432,0.016996961707295574,0.24141150732389183,0.21393686099270107,0.005299260311518121,0.009127050040814903
42,0.09839077218753699,0.03131703124018069,0.0073433171091969104,0.008836491808058995,0.009416844293982965,0.015964457779229748,0.07261619101692134,0.04494747604076539,0.00982976960001539,0.12410888642116495,0.04918831309603587,0.027462816638499844,0.0021051979343402103,0.11090270166239573,0.0981888572710962,0.16475405712281707,0.08606719400401039,0.0023991256498453032,0.005626491489917364,0.030534007633988666
43,0.34468528186266023,0.04283025221371541,0.015341882139607904,0.017703873288012217,0.08129697899251946,0.012030909729330862,0.14668501951416357,0.021049553099453895,0.0261636209498874,0.031104655335043294,0.0230315443285419,0.014499708665606355,0.01102474338125708,0.02656831007397908,0.009961199237492715,0.07360764673519402,0.028375393435047157,0.040087176606366896,0.01637057616884349,0.01758167424327707
44,0.010219867238892883,0.0157498459652461,0.01305046200478053,0.01671540802299163,0.08013430757738259,0.01002286118141782,0.032576548152028345,0.26736918452785585,0.02534210996600086,0.31704463332458227,0.014522429931679699,0.01224407581929333,0.03558856927529838,0.01646580808086271,0.011735438411711705,0.004745381551326615,0.009086558440269168,0.07594886156874374,0.02039175003687955,0.011045898922756214
45,0.03212564858803519,0.018913209443687674,0.09539991243105096,0.023535466871303538,0.018178594716717917,0.059547325467724475,0.014724383349740298,0.021778736041588757,0.07844154548767963,0.0792128112249808,0.08437210402158637,0.09631146474320208,0.0013625105647573634,0.14919926798309047,0.010883167594889692,0.03158723758432973,0.07691005927528496,0.07285386849624012,0.009154806964709928,0.025507879149400014
46,0.06256040461688944,0.04671440164250526,0.12900548881918472,0.06364764411962624,0.004187197823737537,0.07269782299196549,0.03652313145012054,0.015269622360571854,0.03357330065911763,0.022234557787832548,0.1601442796104454,0.05036778304936755,0.0022776629402910947,0.08727858060376054,0.0030198354968346266,0.0638673257218133,0.10796843689966162,0.013125718602016952,0.008245394682878904,0.01729141012137876
47,0.04889002255488504,0.014825351147088005,0.02595534471845056,0.053425075987293395,0.0164422164212475,0.16897179364905554,0.09193821324759881,0.008113796598146965,0.07070166735984566,0.01962709167800327,0.10727792838029628,0.10810734112310841,0.002817017936063457,0.06740096321477167,0.10117067886079915,0.07054487383116714,0.0034142269909773217,0.006300667021507172,0.008480397014026963,0.005595332265667708
48,0.0452113888388438,0.05678516322054636,0.02391160076819755,0.038855522346567674,0.04003795655403144,0.026701936373295213,0.03438522708107379,0.11647284402168538,0.02061565696254493,0.11576417599951815,0.03557434530352982,0.06975389699040342,0.022096748527957472,0.020144903732090606,0.0365998955952674,0.013455123179160592,0.05958834846537634,0.12242109322224433,0.02653495378102008,0.07508921903664563
49,0.0684911204411862,0.06497403093807265,0.058130691609399904,0.10274698920845178,0.07380927141134634,0.0033894190512742716,0.00808177415186924,0.023244926750115157,0.0446965385623759,0.12050118118744603,0.06682098635263167,0.03593693296625513,0.14094226037952637,0.04977636735727417,0.01982743546278582,0.013398004307421982,0.0504710149716444,0.030297886039431204,0.007584368340741621,0.01687880051075012
50,0.02004333606732988,0.08536792061510748,0.19440857036068665,0.005564137022593465,0.04379698516994049,0.015153282762644911,0.13089109551894323,0.01170222251792332,0.01483513885202562,0.05221650393760922,0.023104651007918822,0.09393120844781688,0.004750444108947198,0.12114705361762729,0.020176435997708977,0.0518326030487081,0.07021506135127595,0.021973631094277267,0.008691794760891006,0.010197923740024262
51,0.1244044250806754,0.030724910942151826,0.006345819659098297,0.06900011037849756,0.007505048289756199,0.13640523984191155,0.04348716732371818,0.007338177585922943,0.01945177870248944,0.02021441116978093,0.10370928239616009,0.05804948034639339,0.004952252298226762,0.15123093646897273,0.029963992175684434,0.10012351363619489,0.06384538411471599,0.009695320500826454,0.007443764192903697,0.0061089848959192455
52,0.010430270393535584,0.021323808163282786,0.017359646191019328,0.03848988186151503,0.024123312281928194,0.6280246782399866,0.015887708967258208,0.019341073361473508,0.022084158202327488,0.008710541529445833,0.01821158872101174,0.01988043061854653,0.013200348514384242,0.03006309464303858,0.019369430040430926,0.00992736622823427,0.011712907111967683,0.026112851918788926,0.023484102141210387,0.022262800870614215
53,0.010178229501557685,0.009798806878624833,0.01255586778392662,0.01188739143827788,0.07710314260425062,0.005259565026187243,0.3070771568940281,0.008235608048957723,0.011301750487978757,0.005326529709845116,0.008135829306663405,0.01857588624481982,0.002997134859563849,0.014373131661751321,0.018939251132612706,0.0046636951949951344,0.023617809788618892,0.039184303142962965,0.3461281836168544,0.06466072667752291
54,0.2711258938967736,0.08354245385779094,0.03451151538382427,0.012738787978259418,0.012620786598023142,0.022007361252493012,0.008734253012591614,0.010111263921055765,0.011990908155401358,0.0056160469275053715,0.011027800262971699,0.007998359664759857,0.31014382390193473,0.013929945844089355,0.0060960691987160115,0.10152853891988711,0.02888098547528733,0.02146362474134343,0.015409483978757925,0.010522097028534098
55,0.03156075348607523,0.05075694996617101,0.013370351991297142,0.024073638263058802,0.012517476372580827,0.021699643068296578,0.011091980108832365,0.07592811235180552,0.012389328587796303,0.009399124628058997,0.017497578387342252,0.011959305776093707,0.1680800611259463,0.015003826003901346,0.007167682998669042,0.0045505030865396565,0.0614465660862865,0.42948022833191807,0.01181562609767871,0.010211263281651686
56,0.020301249979724614,0.026841982976961835,0.014492542611439979,0.02531090316997892,0.039987198761305374,0.013196585011243525,0.016610730880982714,0.020892018063256114,0.024172971483370127,0.009367833538950711,0.026558472593803187,0.014211067151627139,0.04494248948875695,0.018042653907449312,0.008989292858209359,0.6120190160237876,0.009164899166898654,0.013293451070252513,0.022437227811682794,0.019167413450318617
57,0.010609789589492928,0.027323346363015595,0.024029486119547805,0.019679322398407324,0.020737665218223067,0.02895707291824622,0.020586697638472286,0.02231140328679717,0.01637845572963291,0.014815685338256133,0.03612282672443968,0.022577311317195363,0.019167202691226407,0.06228869147148367,0.539927016437577,0.03808203895564019,0.011349342624475805,0.013245962337539169,0.02913839604262925,0.022672286797702106
58,0.019973537853596846,0.015433435635489679,0.017642809635280504,0.03519774993524189,0.022939408008977633,0.6450033901519386,0.01622457725011735,0.01913884889224351,0.019431746245893475,0.008364245510219043,0.020025257848177037,0.01891024822325002,0.009218666161497623,0.01706353786958349,0.03393318204598747,0.010302329710129428,0.010497628516909484,0.02385477968014542,0.017913814926596935,0.01893080589872449
59,0.10098641937223383,0.034137800967322246,0.01907124109784587,0.01786793025010604,0.019680766545428614,0.03140134301473538,0.011112699034620564,0.015946395899686418,0.02372228279181629,0.009246744306687421,0.016875799214761497,0.026955561655935503,0.015432866571519946,0.01816548088433381,0.016837811192495923,0.35236499387874365,0.1518990116282823,0.07746345669532628,0.016997832786126207,0.023833562211992194
60,0.2640496233056165,0.04217505574403469,0.025634269866551512,0.05086808544793887,0.08620496017429302,0.06994877487992962,0.02869445800171792,0.034116112413735425,0.025672017132091583,0.014947509659858955,0.025916775569396856,0.02870209989823785,0.050007689837978646,0.02619226796773024,0.011652702199184307,0.05726463785881649,0.055434885741371634,0.03588161515064782,0.024100636672198014,0.042535822478670014
61,0.014837405028098187,0.018667990363011085,0.025175526649209603,0.04840559459520327,0.020130870407506045,0.011512652622858534,0.030833009232709173,0.026932159639432088,0.47324417074142894,0.011268358653096368,0.04485961357382378,0.0752256807812823,0.020089872429872317,0.03466291363422522,0.03775810420321363,0.014275429401691986,0.041022741833013424,0.011939879630581936,0.01645463218026272,0.02270339439947944
62,0.006778470809979288,0.015359752857879624,0.01551729798595386,0.018649945210742955,0.19135006719170397,0.008197554454709682,0.04028534515047469,0.07421351564884433,0.015566664712113865,0.46615023776277004,0.014018705553222856,0.010842833592753917,0.024686137031010056,0.015773155846412912,0.020487848767918822,0.0052190848217576885,0.007099328236026266,0.021170945113676082,0.016017079829847045,0.012616029422201993
63,0.20933130557375662,0.1079245780432111,0.004251443921377759,0.003851365245956301,0.005568083817432289,0.09070629418219486,0.0074565729730514336,0.013750912635659347,0.053227014104650666,0.006668767118484384,0.10520939356874896,0.012439722045911665,0.0020585588231898447,0.0924217345544828,0.07592092074814573,0.11178200766411055,0.015775149544982468,0.02314459021250568,0.053915840801003,0.00459574442114457
64,0.012593036668341884,0.0170140037609394,0.01754328011698803,0.019125810706739473,0.034777749906402575,0.032284372495868484,0.013670766345825144,0.018996617539067416,0.0194401480081641,0.009449237564104563,0.01600730273861511,0.01605426386890634,0.008878233998526469,0.015246775491164299,0.03496770909264341,0.007691612935626449,0.009513687300364398,0.011700731002267272,0.579169785794969,0.10587487466447619
65,0.013467788874153555,0.017717687549313448,0.023619395359662804,0.026547956857156663,0.03361547655290036,0.010878672274150852,0.02149010193771079,0.01865314809247854,0.018539986186738456,0.5402744651641098,0.07294337896034704,0.02044264804347888,0.015403836300078098,0.02765131840427441,0.00990922505299635,0.03390433428075497,0.015041118824406913,0.010296976198406058,0.0468107664908788,0.02279171859600327
66,0.10195803671111987,0.16757992138307878,0.014663860886328255,0.009043914551384074,0.01633708070132505,0.015552065830322044,0.010350748102604003,0.013031696087263442,0.014478097808655707,0.010401405764107781,0.016303916499704953,0.014253724897162055,0.005358591958357191,0.01319832482608027,0.005356617766877993,0.044220779792567166,0.2665447721300817,0.22368476340442758,0.01571330623630618,0.02196837466224587
67,0.014104763656700518,0.017207995472224364,0.06538846938722175,0.5629471025211479,0.020252795407981982,0.041010300806899595,0.01646922381677182,0.020255129671194357,0.043293255488473986,0.008702202073787399,0.018991069571499146,0.014861918216306981,0.006640527499774366,0.018626161205834234,0.017414724598524185,0.01567176422718333,0.011648223774126791,0.049458660069906395,0.020431013136207096,0.01662469939823382
68,0.014177725403742136,0.02124307634604045,0.020142249355215,0.022231085613287987,0.0171091237331287,0.04622517762481882,0.015116936367645115,0.023900403774881066,0.030938004501633823,0.007362891300324801,0.021293824739912186,0.018136312478264752,0.00964252979887753,0.018495944987900585,0.6229431577881378,0.024968831026096965,0.012473985899475327,0.014533538500925135,0.017119437825528053,0.02194576293416382
69,0.07825170327936914,0.021783275624421488,0.1256235980414021,0.03356247941365591,0.009939569149890932,0.49677493504922804,0.0067742650467297995,0.00978089565290945,0.011220225605983299,0.0042874533903320446,0.014072550444121338,0.06959344993246197,0.0030900082213246548,0.04293882062805623,0.006917538492316274,0.025858262720913627,0.00507174580712445,0.010444736838878105,0.014323403556867707,0.009691083104013464
70,0.01632378132407516,0.03410712485906721,0.017981380945703247,0.012986051674753134,0.10187632340218628,0.011663215549469481,0.033937595042806364,0.009560316208398737,0.006630497868557188,0.3512120563434868,0.09531490209341084,0.007077504625870078,0.0028375456045400807,0.01739468093822091,0.0043400309291600995,0.015386946569808583,0.004148129310315006,0.016175834984462453,0.03028459786467326,0.21076148386103505
71,0.027236493696036142,0.024944279808717332,0.018668720065953503,0.01576346015320134,0.05377873139492411,0.007960137575491272,0.010926892950600352,0.1641147896999501,0.013834583772911658,0.2306489709122876,0.11955534095624325,0.0104620314405187,0.04745677810537278,0.03422124534326716,0.020268639676620005,0.004800148168513175,0.011208469625494882,0.15725197798439117,0.013716526707187354,0.013181781962318126
72,0.010797030240839672,0.08700735797793613,0.1196946035567042,0.026942255662581488,0.01736280590360138,0.07178765878562861,0.13678081137947284,0.012848071085936066,0.0196293913662114,0.06671090123494608,0.04161172713214148,0.011268105334072345,0.01735930168543688,0.05634328483214896,0.014604709388987289,0.051574954895870884,0.06695905951399841,0.0567100558111508,0.0812384965982047,0.032769417614130415
73,0.04545368081332507,0.09304930552617044,0.03351198618017444,0.021563969251453433,0.031017826514613864,0.015955147701938236,0.023862942473240875,0.03371961742579684,0.02763347195042172,0.03100004997203598,0.02442334702958314,0.027306953047769922,0.41497564986432034,0.0330113196839736,0.013717697406622863,0.031173585689820368,0.02539073539096772,0.014965013390005987,0.023947262898691507,0.03432043778907364
74,0.07026484984748133,0.03193219670975004,0.03530721127948417,0.01195307307380329,0.24644855420159315,0.04569960910390953,0.04452715489544746,0.06222460656843164,0.008814845843461374,0.02406016635836642,0.08804152812195727,0.027683086826375512,0.006718533669027187,0.011258713782296568,0.00929146224682943,0.05501569739831416,0.006718172153307222,0.06824262948038319,0.01007242920101762,0.13572547923876346
75,0.022877294908365,0.02286243530275136,0.024210342708706305,0.039801223865837135,0.018720511441253664,0.5746172605883273,0.020518792076922046,0.02405903459425285,0.020000151246260083,0.011416040031168974,0.019362128521987536,0.020913656445160616,0.009413478905847924,0.022079003023269744,0.05537387956508803,0.010583330827202152,0.012508169777145204,0.011500561913312644,0.036110301768881234,0.023072402488260195
76,0.04380628330352624,0.059863661427116174,0.01499493427058891,0.021190830075639565,0.013261380229365188,0.004973476329029928,0.1523688500323648,0.026850177321781393,0.18848719881631829,0.027316441564387617,0.053610316798911234,0.009898894877877058,0.007038004395043322,0.023052811610344587,0.14753885244427697,0.053335703911005464,0.01923226413108509,0.007516285756291962,0.03202792357104409,0.09363570913400213
77,0.03566758885437161,0.31562438697560136,0.019442197378852312,0.016981552569943586,0.02383779954078358,0.04190315447528125,0.014947306948423762,0.06881833146845025,0.01766760896562369,0.0609077060387045,0.020338367211565657,0.00824219863582191,0.00658001955840885,0.019244455393027073,0.009597694032805852,0.007140951228935878,0.07857500348544581,0.20528701561487178,0.017561366530205423,0.011635295092875841
78,0.02885246599134425,0.25193223089972633,0.016260511262639284,0.010731368010438344,0.01510106294412985,0.021423205290019093,0.015599729864467216,0.1320632279238976,0.017980861126219945,0.03290555044774513,0.09132591681684368,0.010748184001424535,0.007373065227161597,0.014703528889135823,0.006865603555038665,0.006419846430440719,0.07387170920681815,0.21980657382003918,0.012680222880765478,0.013355135411705141
79,0.02030892007406319,0.022538670453588257,0.5769387612314664,0.018694278844526478,0.02092132522614496,0.05447393925942261,0.01693417446302481,0.02230845185254281,0.02676036170325915,0.013546718302358181,0.023512095037184603,0.04120304496071488,0.0083238294247769,0.025210895460845005,0.009524320837460612,0.009089209049499641,0.009882985931971369,0.023452537700161036,0.01898353521311481,0.03739194497387435
80,0.009741663050657545,0.013448115792096673,0.018467361638158798,0.019654637134846813,0.029667265925891622,0.010040978668350603,0.022521593896286336,0.15904466131855574,0.021874649723873058,0.4080668435129936,0.0703696617240086,0.01606963192711704,0.110081175663865,0.01764456862874581,0.012050024805144095,0.011144213930169605,0.007096840984746981,0.00948579285505656,0.018136729275854947,0.015393589543580543
81,0.05922793950970606,0.02890753194391283,0.021296928359423463,0.03684513401249063,0.01782823344602275,0.5540770641773983,0.017134279022838497,0.019964390986025742,0.026816801751514352,0.008856147061109532,0.02458644694307703,0.019641086308491505,0.01167650720326681,0.024588798935297272,0.038076841271778405,0.010385281524432693,0.014763608892348333,0.010941262256778717,0.032027875106465785,0.022357841287621336
82,0.29766401901418543,0.34383799884385496,0.014170535241061634,0.01786565954314769,0.009120774607116243,0.011487340775326961,0.016010501315131334,0.013386696762363606,0.015327736621048478,0.004106486511893491,0.012578354326925516,0.01339533006601457,0.005234159044535418,0.014193587670326593,0.027941059722041937,0.09160220870580221,0.014552778133800225,0.007550062854165259,0.036608799388871995,0.03336591085238641
83,0.009626523591465107,0.07175349016963546,0.04509329876140124,0.0212510754249242,0.021574785971104533,0.5703506323320431,0.017754237113233342,0.01865021597179215,0.02352855241750751,0.011923005751039665,0.025639357884273444,0.014372499582926355,0.009965811414558122,0.023894090741669892,0.009891138074884913,0.019112211724065766,0.011590202829582145,0.031175457947923427,0.025409208661299847,0.017444203634669798
84,0.03319244156368845,0.03580273468365585,0.04565452196299454,0.022734073327456833,0.036747451817747585,0.017603760061911156,0.040407535806883825,0.09162229296404592,0.042113414639380106,0.031585421685427065,0.040877412019031854,0.03175547587369048,0.03959863790694112,0.04709971023115266,0.2536243423375384,0.05897883485008543,0.04374387965663933,0.026712947719186274,0.020752099964200976,0.0393930109283422
85,0.02104531830704751,0.044525812949280624,0.034091141860547756,0.03607234865085869,0.037948733733952175,0.28405656197207635,0.04605738161889343,0.04147961370824794,0.03348439825318548,0.023750209349036457,0.04157396117349123,0.045857208973373295,0.03175585747701995,0.03438101296798689,0.05865146857514835,0.030716674568789494,0.032419543485188364,0.018097608183661806,0.056813224869449,0.047221919322765156
86,0.024302429688367783,0.0200422749890822,0.06055223750418294,0.03148529656661891,0.01563192424259897,0.5652861865658356,0.011721899635814475,0.02699776414652659,0.028296139168852995,0.01129110612257343,0.03157578663471075,0.025997654755460432,0.006343491221565618,0.028824471904623276,0.008473052666704492,0.029470541944580243,0.011495386884357268,0.022856473807994878,0.022996030548162537,0.016359851001386615
87,0.015138332701078665,0.08425568387243307,0.02817494522401264,0.0282756220937492,0.04396986738197687,0.01910549680213708,0.02085314264477319,0.028105779821123184,0.029373361828923673,0.01916821446641038,0.023374326229996672,0.03024928969150016,0.007816824657455064,0.019670982662242962,0.0203726360419985,0.024818659515624494,0.01507757055045247,0.017022411905841743,0.5000075608017521,0.02516929110651787
88,0.2940012687083139,0.1919855699466204,0.010655353909484236,0.016135427147518564,0.011334769191588935,0.04705312912410877,0.007846244821227106,0.010966730604070581,0.015684631008700184,0.004183901870277727,0.014185663197003692,0.04194460377239918,0.0022011527212679807,0.013293774568635189,0.0076451506054948225,0.24064028335848456,0.03717883956128986,0.008534151364557008,0.012943045309167473,0.01158630920978978
89,0.006980072900646573,0.03384819241832105,0.01528627365508495,0.00975829342938328,0.1577012661089469,0.0051893186337090835,0.017851675972698332,0.009636150392491901,0.012652856835233674,0.0028629670648841754,0.011833772316829897,0.008656305062821787,0.006815132377179706,0.23068668375419374,0.0034242522052819226,0.003253408033000774,0.0049374425071725785,0.004582465992557074,0.1684589776307074,0.2855844927088551
90,0.020932905651564925,0.04836557682473501,0.04644922386384152,0.05481489891889473,0.026696664781323983,0.012710241446108808,0.032543251299835894,0.01974033465267282,0.030827960392465572,0.026981278522431342,0.02538159571751805,0.041149332219806635,0.011207843410382752,0.024546566491814473,0.027293282155144188,0.009661632396599796,0.011532961244443495,0.01698752713715302,0.04482222756861023,0.4673546953046527
91,0.1514439402897917,0.12919316154706403,0.012973059045516596,0.008778043531166726,0.009755755649634176,0.023560728455473134,0.006464578026555148,0.07481473474299564,0.013043941189678,0.07807435611836075,0.14695986418700416,0.007884407545026442,0.001599302786848768,0.00934567090691595,0.003206474266413833,0.09953575648326754,0.08425127200840508,0.1232969206592795,0.009179245784110057,0.006638786776492821
92,0.3946599066892123,0.08165226816922806,0.017365118499011435,0.016793762059799468,0.011700618106373734,0.228721642807838,0.009855012489927574,0.015792144341543628,0.020255418772525118,0.005836697297255262,0.023586649493655666,0.011997696232079242,0.0022141084572837003,0.017374898230791334,0.005800820690513877,0.05225449582617879,0.024595361246142488,0.023774396342475454,0.02082220235437868,0.01494678189378617
93,0.030927105852924956,0.05283543261481997,0.007500586517304061,0.013154153137179577,0.006824768402833841,0.11228761358812137,0.11320651830471459,0.07002131696792484,0.011989908743736915,0.0031709860705066177,0.028480505742611906,0.04717767166175827,0.0058919127883516635,0.023582844584673853,0.0033131810765412426,0.0995444324123043,0.32500170514822513,0.02697935529145392,0.009575852641887796,0.008534148452125178
94,0.03395978056150329,0.048529151352722004,0.1044940691921011,0.00571275666223779,0.013141780261649933,0.020003416585310005,0.15962632681750055,0.14357841582831546,0.008726234955607367,0.08832179690729729,0.01507750813621878,0.11684024916381477,0.0025829983879879378,0.052715668909452645,0.0021726265229264343,0.023578386060455,0.02525562212677342,0.06787705495522083,0.04060073467925635,0.02720542193364904
95,0.05862302423976391,0.013291731664794717,0.0037519798687129253,0.0077675276621197,0.03482832783137109,0.11750392121082523,0.02555724746833099,0.007704624791532697,0.07965899339703392,0.06489858106487531,0.09245773471425012,0.04088239172173332,0.053480908404887166,0.09579714933120068,0.143697193954883,0.027555072489456666,0.07402431872536283,0.045468925138675696,0.007953499230201055,0.005096847089989018
