site,A,C,D,E,F,G,H,I,K,L,M,N,P,Q,R,S,T,V,W,Y
0,0.01637,0.04930,0.03654,0.02375,0.01835,0.05647,0.04509,0.01994,0.05618,0.01209,0.02079,0.02954,0.01941,0.02012,0.48900,0.01808,0.01789,0.01068,0.01370,0.02670
1,0.02532,0.02032,0.02176,0.03925,0.02250,0.48622,0.04440,0.02353,0.01995,0.01217,0.01869,0.03039,0.04771,0.02885,0.03666,0.01790,0.03026,0.03064,0.01513,0.02836
2,0.01071,0.10254,0.04991,0.01351,0.01369,0.61095,0.01345,0.01488,0.01465,0.00535,0.01435,0.01573,0.00792,0.02027,0.00593,0.02778,0.00984,0.02042,0.01142,0.01671
3,0.07778,0.06225,0.01732,0.04389,0.01918,0.52162,0.01907,0.01929,0.02183,0.00777,0.01952,0.01946,0.01065,0.02062,0.02172,0.01378,0.01176,0.02901,0.02227,0.02120
4,0.05769,0.08732,0.05514,0.04267,0.04227,0.02590,0.02148,0.09227,0.06639,0.04448,0.04179,0.02694,0.00316,0.09405,0.04972,0.06067,0.07296,0.06979,0.00760,0.03771
5,0.17117,0.01501,0.01386,0.05197,0.01048,0.46755,0.00848,0.01091,0.01363,0.00361,0.01150,0.01256,0.00473,0.01303,0.01275,0.14199,0.00596,0.01193,0.00751,0.01137
6,0.05318,0.02297,0.06934,0.12358,0.05436,0.00662,0.03168,0.03267,0.01159,0.03683,0.07404,0.06967,0.00496,0.10340,0.00906,0.05180,0.03893,0.06049,0.07037,0.07447
7,0.03649,0.02460,0.02242,0.01594,0.01651,0.00675,0.01550,0.03951,0.01509,0.00596,0.02598,0.01579,0.01474,0.01458,0.00594,0.04803,0.64070,0.00803,0.01239,0.01506
8,0.06048,0.12851,0.00510,0.00631,0.00506,0.00532,0.00411,0.14668,0.00486,0.16655,0.01496,0.00877,0.05563,0.00997,0.00245,0.05368,0.13843,0.17289,0.00543,0.00482
9,0.01088,0.01732,0.01643,0.04524,0.01635,0.64146,0.01689,0.01663,0.02055,0.01070,0.02029,0.02128,0.00898,0.02116,0.04324,0.00884,0.01058,0.02589,0.01219,0.01511
10,0.06969,0.10823,0.04557,0.13339,0.02862,0.01167,0.06302,0.07605,0.01232,0.02741,0.04623,0.03075,0.00235,0.11552,0.01664,0.01362,0.01619,0.06661,0.05979,0.05634
11,0.07373,0.01311,0.01874,0.02663,0.02270,0.03222,0.08269,0.05720,0.14542,0.04753,0.12827,0.06770,0.00485,0.01686,0.03028,0.04625,0.02657,0.13625,0.00906,0.01393
12,0.02490,0.04537,0.03666,0.03435,0.04127,0.02300,0.03732,0.03337,0.03334,0.03679,0.03125,0.03693,0.03555,0.03517,0.05206,0.04418,0.03380,0.01522,0.29128,0.07819
13,0.01563,0.02597,0.03108,0.04596,0.03233,0.00998,0.03585,0.04864,0.42013,0.01515,0.02410,0.07103,0.02092,0.04328,0.03679,0.01596,0.03689,0.01430,0.01993,0.03611
14,0.04793,0.05270,0.04150,0.02454,0.04647,0.07123,0.05327,0.03730,0.05882,0.04203,0.07930,0.08075,0.00272,0.05644,0.02844,0.06878,0.06441,0.03340,0.06461,0.04537
15,0.09877,0.06190,0.01040,0.04575,0.00834,0.03749,0.02540,0.02108,0.13129,0.07013,0.07129,0.08574,0.00534,0.03000,0.13131,0.10345,0.03329,0.01901,0.00371,0.00631
16,0.00882,0.01087,0.01476,0.01441,0.01381,0.00818,0.01289,0.13504,0.01327,0.30506,0.21123,0.01417,0.03967,0.02330,0.00943,0.00563,0.01383,0.12354,0.00932,0.01280
17,0.05882,0.04698,0.03516,0.01618,0.01234,0.05519,0.03906,0.04879,0.03493,0.02503,0.03248,0.29208,0.00874,0.03395,0.04606,0.05450,0.06509,0.04923,0.01353,0.03185
18,0.08646,0.08148,0.03093,0.09690,0.01878,0.08886,0.04422,0.05534,0.01510,0.06838,0.07459,0.02220,0.00263,0.06185,0.04952,0.04529,0.06410,0.05854,0.00700,0.02783
19,0.01068,0.04704,0.01632,0.01128,0.13326,0.00813,0.01679,0.04690,0.01594,0.26833,0.24894,0.01230,0.00532,0.06841,0.00470,0.00398,0.01952,0.02045,0.00764,0.03407
20,0.05617,0.04697,0.05256,0.04624,0.01016,0.13185,0.03940,0.01148,0.02938,0.03521,0.04831,0.04975,0.07609,0.06785,0.02932,0.10029,0.09363,0.05412,0.00550,0.01570
21,0.08982,0.01960,0.05500,0.02314,0.00829,0.09358,0.08552,0.00811,0.07004,0.02045,0.02285,0.00964,0.05733,0.17298,0.06243,0.06607,0.08640,0.01059,0.01240,0.02575
22,0.05721,0.06326,0.02777,0.02702,0.05630,0.04936,0.08910,0.03962,0.02075,0.05255,0.05937,0.05754,0.04328,0.10737,0.01886,0.06565,0.04052,0.03783,0.03129,0.05536
23,0.04653,0.11898,0.08618,0.12252,0.01433,0.03603,0.04084,0.02666,0.02885,0.01303,0.06835,0.07903,0.00591,0.09956,0.01072,0.08307,0.06469,0.03418,0.00713,0.01341
24,0.02019,0.03833,0.02778,0.02202,0.36768,0.01193,0.05718,0.04039,0.02339,0.03820,0.01914,0.02980,0.03430,0.02707,0.01186,0.03738,0.02357,0.02278,0.09899,0.04800
25,0.08746,0.03191,0.03504,0.01210,0.09845,0.01412,0.07654,0.04958,0.01004,0.03793,0.07981,0.06087,0.00763,0.07330,0.05971,0.05729,0.05879,0.05692,0.00593,0.08658
26,0.01860,0.04954,0.03989,0.03653,0.01505,0.00508,0.01955,0.03817,0.10012,0.00894,0.02373,0.09942,0.03275,0.14833,0.07202,0.12003,0.12987,0.01636,0.00405,0.02196
27,0.01614,0.04025,0.02913,0.01772,0.12799,0.01134,0.04842,0.02615,0.02028,0.01015,0.02037,0.03276,0.01888,0.02707,0.01200,0.02723,0.01610,0.01201,0.01967,0.46634
28,0.02782,0.04697,0.02572,0.03278,0.02038,0.01688,0.10265,0.04583,0.35044,0.02685,0.01760,0.03720,0.02075,0.03999,0.05804,0.01989,0.02937,0.01181,0.01779,0.05124
29,0.07970,0.02630,0.01171,0.02561,0.03363,0.04139,0.04131,0.04295,0.16534,0.03117,0.02001,0.06168,0.00993,0.04779,0.14142,0.09814,0.06577,0.03717,0.00656,0.01243
30,0.10418,0.19103,0.03523,0.01805,0.01738,0.01730,0.04707,0.03452,0.01650,0.02124,0.02531,0.03747,0.02726,0.02479,0.01003,0.17622,0.13328,0.02913,0.02040,0.01359
31,0.18829,0.03599,0.03732,0.02112,0.02118,0.38406,0.02176,0.02232,0.01985,0.01095,0.01937,0.02258,0.01404,0.02793,0.01809,0.04857,0.01294,0.02740,0.02107,0.02517
32,0.02741,0.12796,0.02640,0.02835,0.03479,0.01293,0.02505,0.35763,0.02327,0.01480,0.03894,0.04052,0.01621,0.02640,0.01065,0.02153,0.04625,0.06723,0.02517,0.02850
33,0.02049,0.03000,0.01308,0.00914,0.04167,0.01405,0.04923,0.02932,0.02974,0.14009,0.03464,0.02833,0.01621,0.04809,0.01078,0.08912,0.14064,0.03558,0.18329,0.03650
34,0.03156,0.02267,0.06288,0.48795,0.02464,0.05987,0.02334,0.02323,0.03423,0.01262,0.02278,0.02114,0.01485,0.02604,0.01299,0.01705,0.02657,0.02457,0.02678,0.02423
35,0.05107,0.07002,0.01629,0.02458,0.01194,0.01448,0.01212,0.20914,0.02200,0.01176,0.03745,0.01443,0.04397,0.01781,0.00477,0.01034,0.16064,0.24467,0.00837,0.01414
36,0.08550,0.08074,0.02343,0.08514,0.03984,0.12392,0.03873,0.03841,0.01995,0.06228,0.06382,0.02652,0.05072,0.04564,0.01201,0.02574,0.01484,0.07871,0.03460,0.04943
37,0.02119,0.03466,0.03338,0.02699,0.02741,0.02357,0.03335,0.04622,0.05979,0.02109,0.02890,0.04131,0.03270,0.03247,0.34886,0.03352,0.06928,0.01855,0.03065,0.03614
38,0.11539,0.02076,0.16485,0.21593,0.02003,0.06279,0.01681,0.02323,0.02573,0.03666,0.03279,0.07827,0.00421,0.02085,0.00642,0.03321,0.04437,0.01605,0.04643,0.01520
39,0.04750,0.00962,0.08238,0.14229,0.01598,0.03106,0.03420,0.11365,0.01904,0.07608,0.03891,0.02459,0.07081,0.05538,0.00934,0.01730,0.09721,0.08920,0.01791,0.00754
40,0.46545,0.02039,0.03977,0.01794,0.02072,0.02364,0.02698,0.02369,0.02265,0.01016,0.02391,0.02187,0.02477,0.02456,0.00969,0.11003,0.02864,0.03681,0.02875,0.01956
41,0.07544,0.04559,0.01195,0.01429,0.01229,0.00436,0.02481,0.08509,0.09928,0.01354,0.02836,0.01320,0.00512,0.03202,0.19383,0.06916,0.12838,0.12247,0.00881,0.01203
42,0.09886,0.03842,0.00960,0.01133,0.01504,0.02071,0.03941,0.03499,0.01509,0.07270,0.08134,0.06123,0.00167,0.10178,0.09916,0.11311,0.11941,0.03731,0.00522,0.02363
43,0.26232,0.10261,0.01852,0.01405,0.06063,0.00635,0.08710,0.02830,0.01985,0.08431,0.04907,0.01370,0.00625,0.05022,0.02050,0.08458,0.02768,0.02754,0.01664,0.01980
44,0.01805,0.01654,0.01374,0.01805,0.05462,0.01148,0.03139,0.25865,0.01988,0.34261,0.03419,0.01209,0.02517,0.02128,0.01017,0.00547,0.01074,0.06400,0.01899,0.01288
45,0.06488,0.04412,0.07835,0.03585,0.01924,0.05818,0.04980,0.04867,0.07492,0.06380,0.08969,0.05827,0.00139,0.08204,0.01137,0.05368,0.07409,0.05107,0.00948,0.03112
46,0.03743,0.04949,0.12963,0.06926,0.00689,0.07159,0.03645,0.02567,0.01891,0.03014,0.10220,0.09186,0.00220,0.09736,0.00900,0.08597,0.06776,0.03112,0.00898,0.02808
47,0.04447,0.06105,0.01561,0.03435,0.01266,0.15474,0.09750,0.00594,0.11573,0.01398,0.09018,0.10568,0.00273,0.06488,0.06921,0.07746,0.00391,0.00841,0.00962,0.01192
48,0.05130,0.10309,0.03398,0.02825,0.07722,0.01587,0.03203,0.06927,0.02122,0.08643,0.04669,0.08397,0.02380,0.02973,0.02056,0.02399,0.08587,0.09504,0.02398,0.04771
49,0.06408,0.03908,0.07959,0.04784,0.03110,0.03392,0.01709,0.02281,0.05007,0.08396,0.06035,0.05922,0.06268,0.03154,0.04273,0.04664,0.04674,0.04822,0.05254,0.07982
50,0.02808,0.08325,0.17002,0.02382,0.05359,0.06755,0.07950,0.02572,0.02299,0.03520,0.02785,0.07422,0.00934,0.04611,0.02482,0.05681,0.08050,0.04515,0.02709,0.01840
51,0.09715,0.05615,0.01168,0.11849,0.00705,0.14766,0.05280,0.00985,0.03186,0.02689,0.05446,0.04351,0.00362,0.06697,0.02330,0.15151,0.07093,0.01119,0.00816,0.00675
52,0.01390,0.02630,0.02553,0.04082,0.02148,0.59256,0.01854,0.02146,0.02174,0.00923,0.03448,0.02206,0.01169,0.02877,0.02381,0.00963,0.01141,0.01685,0.02885,0.02089
53,0.01364,0.02497,0.01213,0.01024,0.21576,0.00966,0.27548,0.01186,0.00882,0.00461,0.01191,0.01748,0.00278,0.01124,0.01664,0.00533,0.01525,0.03017,0.22148,0.08055
54,0.27545,0.04317,0.02423,0.01520,0.01519,0.01556,0.01063,0.01166,0.01290,0.00564,0.01418,0.01313,0.23921,0.01296,0.00568,0.15191,0.07003,0.03382,0.01624,0.01321
55,0.02914,0.02492,0.01142,0.01680,0.01237,0.01272,0.01212,0.08455,0.01127,0.00788,0.01776,0.01004,0.24179,0.01240,0.00668,0.00461,0.06142,0.39850,0.01376,0.00986
56,0.01456,0.02100,0.01572,0.02320,0.04629,0.02177,0.01410,0.02038,0.02334,0.01129,0.02555,0.01683,0.03579,0.01802,0.00945,0.59772,0.01365,0.01255,0.02301,0.03576
57,0.01210,0.02758,0.02570,0.02095,0.02471,0.03480,0.02001,0.02538,0.01854,0.02002,0.02989,0.02076,0.02212,0.05050,0.53194,0.02381,0.01206,0.02031,0.03390,0.02490
58,0.01801,0.01759,0.01709,0.07473,0.02182,0.61034,0.01619,0.02687,0.02172,0.00773,0.02218,0.01724,0.00881,0.01712,0.02482,0.01185,0.01156,0.01760,0.01945,0.01728
59,0.11452,0.04094,0.02054,0.01854,0.01905,0.03133,0.01382,0.02856,0.02444,0.00824,0.01661,0.02885,0.01216,0.01654,0.02008,0.32000,0.13498,0.08694,0.01731,0.02655
60,0.17805,0.03056,0.02334,0.05569,0.04664,0.08613,0.02886,0.02663,0.02735,0.01300,0.03314,0.03448,0.04770,0.02422,0.01054,0.15216,0.07325,0.04985,0.02142,0.03700
61,0.01686,0.01959,0.02548,0.04127,0.02269,0.01289,0.03027,0.02517,0.44874,0.01056,0.05315,0.05250,0.02325,0.03597,0.03357,0.01711,0.07698,0.01059,0.01882,0.02452
62,0.00744,0.01410,0.01442,0.01833,0.16041,0.01039,0.02617,0.09449,0.01420,0.44381,0.02602,0.00992,0.02369,0.01567,0.01481,0.00687,0.00831,0.06265,0.01547,0.01284
63,0.18783,0.05890,0.01752,0.03572,0.01269,0.07353,0.01558,0.01801,0.03057,0.01911,0.13817,0.01543,0.00215,0.06756,0.07158,0.10715,0.03371,0.06382,0.02253,0.00845
64,0.01183,0.02022,0.01991,0.01969,0.06149,0.02223,0.01514,0.01715,0.01705,0.01371,0.01682,0.01530,0.00865,0.01613,0.02594,0.01309,0.01028,0.01221,0.57797,0.08520
65,0.01208,0.02299,0.02141,0.02268,0.02711,0.01186,0.01938,0.05256,0.01905,0.43387,0.13037,0.01813,0.01175,0.02349,0.01083,0.03459,0.01328,0.05924,0.03340,0.02193
66,0.10093,0.12303,0.01745,0.01593,0.01862,0.02481,0.01395,0.01547,0.01658,0.01055,0.02152,0.01390,0.00583,0.01756,0.00786,0.02695,0.25873,0.25631,0.01500,0.01902
67,0.01645,0.02526,0.07062,0.54107,0.02110,0.03606,0.01941,0.02039,0.04515,0.00820,0.02145,0.01388,0.00731,0.02256,0.01989,0.01100,0.01282,0.05029,0.02009,0.01702
68,0.01364,0.02243,0.02836,0.02504,0.02067,0.04579,0.01479,0.02569,0.03474,0.00923,0.02221,0.01784,0.01049,0.02110,0.59520,0.01952,0.01592,0.01574,0.02092,0.02068
69,0.10920,0.01649,0.09367,0.03224,0.01082,0.47964,0.01244,0.00944,0.01073,0.00402,0.02278,0.07012,0.00326,0.03418,0.01153,0.03363,0.00441,0.01779,0.01345,0.01017
70,0.00877,0.03507,0.01426,0.01260,0.12603,0.00992,0.03490,0.04910,0.00862,0.28053,0.08705,0.01159,0.00270,0.01110,0.00446,0.01298,0.00461,0.01189,0.06623,0.20759
71,0.01362,0.17685,0.01392,0.01403,0.10658,0.00778,0.00902,0.08727,0.01323,0.18507,0.11874,0.00934,0.03107,0.02123,0.01056,0.00509,0.01003,0.14186,0.01205,0.01264
72,0.04798,0.03860,0.05678,0.08539,0.04889,0.08898,0.07867,0.04735,0.02922,0.03857,0.04031,0.01722,0.02122,0.05672,0.01211,0.08889,0.05076,0.06808,0.06123,0.02302
73,0.04845,0.05046,0.03137,0.02553,0.03348,0.01489,0.05230,0.03296,0.02710,0.03374,0.04703,0.03001,0.33703,0.03925,0.01451,0.02555,0.06336,0.03789,0.02232,0.03279
74,0.03957,0.03315,0.02251,0.04017,0.20240,0.04417,0.06551,0.07653,0.00869,0.09514,0.04819,0.03720,0.00535,0.02263,0.00696,0.02616,0.00964,0.04794,0.03773,0.13036
75,0.02440,0.02367,0.02302,0.03328,0.02020,0.54712,0.02010,0.02515,0.02335,0.01086,0.02097,0.02040,0.01112,0.02203,0.06311,0.01119,0.01570,0.02952,0.03275,0.02207
76,0.04722,0.07987,0.01160,0.01469,0.08551,0.00927,0.16908,0.02058,0.13692,0.02868,0.02424,0.01361,0.00540,0.01969,0.11398,0.04631,0.01615,0.01950,0.01470,0.12300
77,0.02905,0.27042,0.01664,0.02119,0.01908,0.02706,0.01075,0.06765,0.01678,0.05523,0.01545,0.00983,0.00665,0.01312,0.00760,0.00569,0.19945,0.17957,0.01801,0.01079
78,0.04354,0.19069,0.02978,0.01281,0.02595,0.01922,0.01270,0.08596,0.01908,0.03624,0.08495,0.01045,0.00700,0.01494,0.00684,0.00592,0.08825,0.22968,0.01311,0.06289
79,0.01996,0.02191,0.57359,0.03637,0.02240,0.05124,0.01859,0.02132,0.02483,0.01155,0.02213,0.04290,0.00883,0.02324,0.00949,0.00908,0.00937,0.02560,0.01947,0.02814
80,0.00886,0.01773,0.01582,0.01836,0.03558,0.01107,0.02741,0.15729,0.01994,0.44942,0.06079,0.01603,0.05042,0.02575,0.01593,0.01114,0.00812,0.01284,0.01942,0.01805
81,0.03854,0.03357,0.02094,0.03871,0.01909,0.55460,0.01800,0.01898,0.02365,0.00825,0.02745,0.01834,0.01124,0.02407,0.05529,0.00944,0.01452,0.01479,0.02986,0.02066
82,0.25283,0.38200,0.01230,0.01439,0.01079,0.01194,0.01103,0.01247,0.01237,0.00384,0.01171,0.01101,0.00453,0.01144,0.02180,0.10197,0.03980,0.00822,0.03446,0.03108
83,0.01052,0.05639,0.04053,0.02183,0.01907,0.59997,0.01522,0.01801,0.02279,0.01038,0.02347,0.01329,0.01227,0.02229,0.01243,0.02043,0.00944,0.02896,0.02527,0.01744
84,0.02576,0.03224,0.03346,0.03080,0.03562,0.02205,0.04133,0.09248,0.03618,0.02658,0.03643,0.02980,0.04244,0.03914,0.25814,0.07695,0.05065,0.02669,0.02893,0.03432
85,0.02307,0.03871,0.03782,0.03870,0.03811,0.29300,0.04538,0.04258,0.03159,0.02923,0.03801,0.04349,0.02847,0.04216,0.05092,0.03175,0.03532,0.01872,0.04905,0.04392
86,0.01736,0.02386,0.06332,0.03017,0.02031,0.53516,0.01304,0.02400,0.03148,0.01024,0.03069,0.03119,0.00587,0.02564,0.00854,0.04369,0.01149,0.02815,0.02750,0.01830
87,0.01566,0.05087,0.02687,0.02931,0.03331,0.02834,0.02064,0.02752,0.02791,0.03309,0.03207,0.02416,0.00919,0.01943,0.02506,0.02379,0.01484,0.01884,0.51331,0.02580
88,0.25896,0.18518,0.00949,0.01425,0.01115,0.05481,0.00735,0.01191,0.01645,0.00427,0.01408,0.04177,0.00236,0.01313,0.00841,0.28139,0.03236,0.00826,0.01402,0.01039
89,0.00555,0.03225,0.01792,0.01155,0.11121,0.00532,0.02204,0.00887,0.01107,0.00889,0.01443,0.01357,0.00681,0.28125,0.00392,0.00375,0.00509,0.00559,0.09513,0.33578
90,0.03624,0.06597,0.04113,0.04218,0.04948,0.01203,0.02895,0.01841,0.02703,0.05475,0.02956,0.03052,0.00860,0.02152,0.01572,0.01660,0.01016,0.02417,0.03637,0.43060
91,0.12545,0.16487,0.00659,0.00671,0.00975,0.02173,0.00479,0.12708,0.00840,0.05319,0.16313,0.00490,0.00153,0.00659,0.00245,0.11461,0.07710,0.08869,0.00718,0.00527
92,0.44527,0.09364,0.02847,0.02051,0.01612,0.12809,0.00940,0.02370,0.02082,0.00663,0.02248,0.01363,0.00324,0.01693,0.00596,0.04825,0.03305,0.02594,0.02138,0.01648
93,0.06401,0.06182,0.00667,0.01174,0.00640,0.10483,0.05600,0.04044,0.01307,0.00281,0.01555,0.03099,0.00488,0.03160,0.00435,0.16651,0.34427,0.01764,0.00914,0.00727
94,0.03755,0.04261,0.08558,0.00944,0.01082,0.03181,0.09986,0.13295,0.00932,0.09513,0.02586,0.08735,0.00214,0.11591,0.00312,0.03283,0.02618,0.07003,0.04598,0.03553
95,0.04491,0.02292,0.00318,0.00684,0.03088,0.05609,0.02048,0.04912,0.11425,0.06943,0.07706,0.07430,0.05035,0.07297,0.13303,0.05462,0.05592,0.04680,0.01197,0.00487
96,0.10325,0.02600,0.01883,0.04874,0.11539,0.01651,0.03495,0.04310,0.05147,0.08686,0.01540,0.02008,0.03264,0.04790,0.04705,0.04750,0.08469,0.02505,0.06427,0.07030
97,0.03133,0.07181,0.03820,0.04025,0.03585,0.01152,0.04867,0.03980,0.04283,0.08182,0.05578,0.04323,0.03055,0.03568,0.02076,0.02483,0.02885,0.25099,0.02977,0.03750
98,0.01425,0.01838,0.02168,0.01836,0.06925,0.01043,0.01750,0.13415,0.01833,0.03216,0.04610,0.03087,0.00751,0.45574,0.02540,0.01614,0.00687,0.01873,0.01959,0.01855
99,0.03352,0.06131,0.19412,0.29821,0.01411,0.04912,0.00797,0.02500,0.02400,0.06739,0.10580,0.01045,0.00497,0.02745,0.00553,0.01262,0.01245,0.01881,0.01294,0.01425
100,0.02246,0.15661,0.01564,0.02459,0.01690,0.02985,0.02247,0.14901,0.02059,0.00696,0.02031,0.01779,0.00583,0.01624,0.00903,0.00656,0.00868,0.41599,0.01962,0.01489
101,0.08017,0.06884,0.01005,0.01354,0.03752,0.02657,0.05994,0.03821,0.06206,0.08940,0.05928,0.06491,0.00105,0.05021,0.09056,0.04625,0.02825,0.02588,0.06169,0.08565
102,0.04230,0.01428,0.01406,0.02899,0.01057,0.71082,0.00881,0.01327,0.01664,0.00457,0.01618,0.01208,0.00409,0.01232,0.01183,0.01460,0.00660,0.03015,0.01683,0.01101
103,0.00555,0.06909,0.01224,0.01306,0.13196,0.00579,0.03351,0.04603,0.01261,0.07831,0.04797,0.01144,0.00241,0.00891,0.00340,0.00627,0.00295,0.11257,0.14809,0.24783
104,0.03653,0.01749,0.01472,0.02294,0.01529,0.01044,0.00738,0.03987,0.06408,0.00775,0.01619,0.01081,0.01580,0.01235,0.00576,0.10593,0.55270,0.01039,0.02006,0.01352
105,0.04549,0.03357,0.02518,0.02578,0.02885,0.01356,0.06770,0.04379,0.11939,0.03699,0.05225,0.06138,0.00199,0.08173,0.07429,0.06347,0.05987,0.05724,0.03102,0.07647
106,0.21128,0.02077,0.01296,0.03481,0.01058,0.47540,0.00831,0.01941,0.01599,0.00443,0.01739,0.01385,0.00723,0.01998,0.02175,0.05526,0.01197,0.00867,0.01580,0.01418
107,0.10242,0.04653,0.03621,0.01811,0.02069,0.38922,0.03333,0.01772,0.02762,0.02910,0.02565,0.04421,0.01263,0.03814,0.01603,0.03207,0.05141,0.02378,0.01836,0.01678
108,0.08960,0.06451,0.02967,0.02270,0.03023,0.02092,0.06343,0.02404,0.06110,0.02565,0.02792,0.02710,0.20115,0.02374,0.07402,0.02045,0.02814,0.09337,0.03106,0.04117
109,0.09459,0.03025,0.02787,0.04926,0.03243,0.14867,0.04523,0.00597,0.03024,0.00307,0.03752,0.13647,0.00167,0.10786,0.03858,0.10939,0.04136,0.01234,0.00495,0.04227
110,0.02057,0.01000,0.01131,0.01274,0.01271,0.06117,0.41875,0.00817,0.00978,0.00321,0.01015,0.02006,0.00366,0.32687,0.02050,0.00388,0.00420,0.00734,0.01175,0.02317
