site,A,C,D,E,F,G,H,I,K,L,M,N,P,Q,R,S,T,V,W,Y
0,0.01736,0.04966,0.03545,0.02518,0.01824,0.04129,0.05757,0.02194,0.05268,0.01968,0.02262,0.02700,0.02522,0.02069,0.44662,0.04818,0.02104,0.01075,0.01761,0.02122
1,0.02784,0.02242,0.02453,0.06054,0.02591,0.47930,0.04167,0.02262,0.02115,0.01384,0.02151,0.02963,0.04541,0.03231,0.01986,0.01874,0.02927,0.02002,0.01519,0.02824
2,0.00921,0.04791,0.04742,0.01636,0.03359,0.62552,0.01572,0.01666,0.01734,0.00629,0.01749,0.01707,0.00894,0.01805,0.00690,0.03227,0.01192,0.02127,0.01333,0.01673
3,0.08331,0.02428,0.01895,0.04853,0.02077,0.55089,0.02083,0.02211,0.01971,0.00868,0.02196,0.02106,0.01174,0.02131,0.02773,0.00986,0.01387,0.01584,0.01559,0.02297
4,0.05357,0.08721,0.03647,0.06675,0.01987,0.03045,0.02076,0.14376,0.06227,0.03674,0.04678,0.03703,0.00353,0.07248,0.03858,0.06278,0.06908,0.06608,0.01726,0.02857
5,0.07214,0.03492,0.01731,0.03023,0.01172,0.51783,0.01408,0.01305,0.01561,0.00475,0.01359,0.01325,0.00585,0.01373,0.01868,0.15904,0.00680,0.00888,0.00863,0.01993
6,0.05295,0.04510,0.06491,0.13875,0.04804,0.00784,0.02921,0.04441,0.00804,0.04122,0.08263,0.06272,0.01108,0.09789,0.00526,0.04346,0.02790,0.04576,0.10288,0.03993
7,0.05801,0.02100,0.01674,0.01852,0.01657,0.00712,0.01790,0.04287,0.01672,0.00722,0.01684,0.02142,0.01992,0.01693,0.00611,0.02432,0.62107,0.02260,0.01361,0.01451
8,0.03616,0.12651,0.00537,0.00770,0.00622,0.01244,0.00477,0.12764,0.00562,0.17061,0.00948,0.03028,0.05323,0.00767,0.00639,0.02290,0.16359,0.19375,0.00426,0.00540
9,0.01173,0.01840,0.01766,0.05000,0.01969,0.65124,0.01756,0.01780,0.02204,0.00789,0.02190,0.02169,0.01103,0.02094,0.01788,0.01015,0.01236,0.01928,0.01321,0.01755
10,0.06186,0.07730,0.03957,0.14530,0.01953,0.02827,0.03706,0.02613,0.02743,0.04083,0.02706,0.04017,0.00270,0.10666,0.02699,0.03827,0.01582,0.14313,0.05960,0.03632
11,0.07051,0.02260,0.01459,0.05166,0.03297,0.02436,0.09965,0.05179,0.13853,0.07369,0.07850,0.05179,0.00512,0.04674,0.04630,0.02290,0.02024,0.11872,0.00941,0.01992
12,0.02770,0.05359,0.03737,0.03705,0.02992,0.02317,0.03987,0.03546,0.03797,0.03114,0.03273,0.03936,0.03639,0.03864,0.05099,0.03203,0.03592,0.01805,0.33119,0.03146
13,0.01645,0.02729,0.03061,0.03402,0.03293,0.01461,0.05393,0.07100,0.39419,0.01632,0.03045,0.04096,0.02049,0.05071,0.02558,0.02699,0.04235,0.01513,0.02118,0.03481
14,0.05124,0.05804,0.03066,0.03753,0.07446,0.08584,0.06573,0.11772,0.04847,0.03154,0.04923,0.07372,0.00266,0.02948,0.03966,0.04612,0.05756,0.04685,0.02088,0.03259
15,0.08111,0.05573,0.02514,0.05481,0.00847,0.02860,0.06536,0.01192,0.14032,0.04447,0.07334,0.06161,0.00221,0.10177,0.11041,0.07733,0.03800,0.00724,0.00346,0.00871
16,0.00804,0.01823,0.01731,0.01641,0.01370,0.00725,0.01437,0.06145,0.01446,0.33383,0.20218,0.01826,0.02630,0.03844,0.01211,0.00674,0.02012,0.14349,0.01138,0.01594
17,0.04030,0.02502,0.03665,0.01921,0.01488,0.08095,0.04149,0.06589,0.04921,0.03719,0.04101,0.33114,0.01829,0.02724,0.03786,0.04253,0.02566,0.02765,0.01650,0.02134
18,0.05115,0.04216,0.04959,0.08530,0.01633,0.10699,0.07137,0.05876,0.04757,0.05048,0.05869,0.05509,0.00306,0.06184,0.05754,0.04265,0.05054,0.05811,0.01512,0.01766
19,0.01063,0.04095,0.01705,0.01201,0.20034,0.00873,0.01054,0.02571,0.01528,0.23724,0.23785,0.01359,0.00584,0.06745,0.01161,0.00451,0.01758,0.02455,0.00801,0.03054
20,0.11290,0.01378,0.11697,0.01429,0.01177,0.09886,0.05103,0.02026,0.01844,0.03509,0.02318,0.03188,0.06875,0.07435,0.03715,0.13314,0.06347,0.02819,0.00986,0.03662
21,0.09093,0.01492,0.04376,0.02888,0.01278,0.06891,0.05439,0.00992,0.04118,0.01408,0.04488,0.09249,0.05822,0.10339,0.05352,0.10332,0.10498,0.02155,0.01068,0.02722
22,0.08385,0.02828,0.02398,0.05078,0.01125,0.06049,0.04918,0.03076,0.04934,0.05535,0.08588,0.08661,0.05460,0.05831,0.02174,0.06722,0.06533,0.04689,0.03249,0.03768
23,0.08466,0.05243,0.08880,0.14323,0.01180,0.03485,0.03744,0.03186,0.02934,0.01268,0.06154,0.05340,0.01062,0.12550,0.01998,0.08061,0.05669,0.04238,0.00912,0.01306
24,0.01865,0.02968,0.02737,0.02170,0.29411,0.00998,0.14832,0.04085,0.02334,0.01844,0.01836,0.02682,0.03767,0.02707,0.00996,0.04207,0.02213,0.03996,0.08201,0.06152
25,0.03676,0.07912,0.02244,0.03175,0.08044,0.03162,0.08659,0.03841,0.02957,0.05550,0.05594,0.05177,0.00701,0.04059,0.07074,0.07732,0.03330,0.05200,0.01623,0.10290
26,0.01157,0.03425,0.02532,0.03616,0.00753,0.00259,0.01492,0.02349,0.12477,0.01178,0.03235,0.18791,0.03793,0.09145,0.06254,0.11887,0.13922,0.02184,0.00483,0.01067
27,0.01637,0.05041,0.03881,0.01996,0.12332,0.01147,0.04249,0.02725,0.02227,0.01159,0.02254,0.03133,0.01964,0.02752,0.01157,0.01791,0.01766,0.01344,0.02228,0.45216
28,0.02225,0.06026,0.02807,0.04568,0.01856,0.01425,0.04383,0.03894,0.40573,0.01116,0.02244,0.04358,0.02014,0.05138,0.05454,0.01265,0.02711,0.02217,0.01896,0.03830
29,0.07581,0.04374,0.01359,0.04135,0.01556,0.04315,0.02304,0.02656,0.18489,0.05691,0.05621,0.03539,0.01117,0.06838,0.09885,0.08464,0.02925,0.06686,0.00811,0.01656
30,0.11564,0.14486,0.04789,0.01757,0.01643,0.01569,0.02278,0.02951,0.01402,0.02057,0.02975,0.12935,0.01580,0.03300,0.04725,0.15159,0.09493,0.02207,0.01329,0.01802
31,0.05183,0.06090,0.08306,0.02296,0.02174,0.37594,0.04213,0.02511,0.02224,0.01086,0.02200,0.04669,0.01525,0.02633,0.01179,0.07622,0.01576,0.02508,0.01964,0.02447
32,0.02091,0.09458,0.02607,0.02695,0.04590,0.01201,0.02376,0.28611,0.02093,0.02705,0.02181,0.03591,0.01482,0.02646,0.01042,0.03549,0.05110,0.16912,0.02378,0.02681
33,0.07216,0.03817,0.01409,0.01460,0.03460,0.00792,0.03649,0.04002,0.03172,0.09053,0.03923,0.02814,0.01696,0.08526,0.01184,0.08839,0.14231,0.07612,0.08381,0.04765
34,0.03566,0.02458,0.04997,0.46774,0.02698,0.04685,0.02451,0.02346,0.02922,0.01319,0.02292,0.02202,0.01568,0.03168,0.01979,0.01912,0.02620,0.04359,0.02714,0.02969
35,0.03537,0.12353,0.01947,0.02265,0.01511,0.00877,0.01432,0.14121,0.01952,0.01274,0.03503,0.01827,0.09350,0.01505,0.00633,0.00788,0.10423,0.27846,0.01051,0.01804
36,0.02054,0.08072,0.02554,0.02261,0.04376,0.11686,0.05971,0.02959,0.02270,0.07889,0.02919,0.07858,0.05955,0.03151,0.01481,0.03973,0.01767,0.07421,0.10355,0.05029
37,0.02446,0.04255,0.03486,0.02877,0.02983,0.03165,0.03502,0.05174,0.04175,0.02173,0.02964,0.04445,0.03451,0.02948,0.36283,0.03448,0.03941,0.02037,0.02710,0.03537
38,0.12749,0.02152,0.17577,0.18953,0.02069,0.03934,0.03217,0.01902,0.02754,0.03602,0.03816,0.05067,0.00452,0.02151,0.00834,0.04831,0.03282,0.04524,0.04510,0.01622
39,0.04820,0.01157,0.08082,0.15174,0.02954,0.03083,0.03421,0.04869,0.01231,0.08321,0.05143,0.02591,0.08884,0.08328,0.01531,0.03214,0.08796,0.05264,0.02138,0.00999
40,0.46303,0.02176,0.04530,0.01995,0.02145,0.01449,0.02755,0.02515,0.02428,0.01058,0.02536,0.02227,0.02466,0.02651,0.01168,0.11745,0.02098,0.02630,0.03091,0.02034
41,0.09588,0.02948,0.01086,0.01416,0.01180,0.01355,0.01970,0.09282,0.04670,0.02343,0.03399,0.01735,0.00637,0.04990,0.16326,0.06817,0.10686,0.17552,0.00911,0.01109
42,0.07213,0.06343,0.02932,0.03011,0.02654,0.02434,0.06808,0.05708,0.01237,0.04177,0.05790,0.03726,0.00356,0.07246,0.11583,0.09614,0.07181,0.04178,0.01495,0.06314
43,0.28031,0.12193,0.01724,0.02620,0.05457,0.01399,0.03330,0.06355,0.02895,0.05687,0.03586,0.01575,0.00806,0.02420,0.00967,0.08824,0.03414,0.03901,0.01872,0.02945
44,0.01849,0.01815,0.01136,0.01452,0.17724,0.00960,0.03329,0.17118,0.01434,0.24275,0.09110,0.01508,0.03574,0.01913,0.00740,0.00502,0.00714,0.07699,0.01634,0.01514
45,0.06515,0.02539,0.04190,0.03495,0.01462,0.05393,0.04736,0.02537,0.09100,0.09144,0.07060,0.09946,0.00191,0.04519,0.01630,0.08114,0.07582,0.05014,0.01484,0.05348
46,0.04890,0.04997,0.13141,0.12937,0.01280,0.02999,0.05968,0.02683,0.01516,0.03008,0.08105,0.05578,0.00246,0.06929,0.01024,0.08532,0.08234,0.04457,0.02343,0.01134
47,0.03404,0.06213,0.00643,0.02498,0.02274,0.15109,0.14165,0.00661,0.08148,0.02080,0.04535,0.13510,0.00297,0.12552,0.04192,0.06455,0.00341,0.00898,0.01164,0.00860
48,0.03728,0.08458,0.03010,0.03486,0.07652,0.02406,0.09088,0.06217,0.04398,0.05204,0.07752,0.07325,0.02212,0.02121,0.05396,0.02302,0.02959,0.08648,0.02036,0.05601
49,0.05909,0.02310,0.12528,0.02524,0.03359,0.02240,0.00797,0.05810,0.11467,0.08699,0.04339,0.05389,0.02769,0.03089,0.03862,0.05255,0.05359,0.05136,0.02070,0.07090
50,0.05130,0.04762,0.03725,0.02694,0.09510,0.06036,0.05466,0.03871,0.02075,0.04489,0.03672,0.12735,0.00954,0.02740,0.02208,0.07824,0.08418,0.07727,0.03304,0.02659
51,0.09800,0.05350,0.02221,0.03567,0.01678,0.14719,0.04478,0.00911,0.02753,0.03689,0.09482,0.04651,0.00321,0.09393,0.01645,0.13972,0.07985,0.01673,0.00934,0.00777
52,0.01466,0.02132,0.02848,0.06340,0.02261,0.55745,0.02708,0.02270,0.02268,0.00963,0.02302,0.02245,0.01245,0.02802,0.02836,0.01094,0.01260,0.02746,0.02196,0.02272
53,0.01471,0.01484,0.01337,0.01142,0.21040,0.00575,0.25620,0.00923,0.00938,0.00650,0.01225,0.01232,0.00426,0.01971,0.01620,0.00400,0.00565,0.01782,0.20751,0.14847
54,0.27013,0.06356,0.02009,0.01624,0.01308,0.01512,0.01116,0.01334,0.01454,0.00618,0.01599,0.01002,0.23286,0.01353,0.00614,0.17213,0.02053,0.05481,0.01766,0.01288
55,0.04381,0.01470,0.01367,0.01818,0.01439,0.02727,0.01528,0.03535,0.01344,0.01079,0.02128,0.01203,0.22289,0.01397,0.00786,0.00624,0.02836,0.45133,0.01737,0.01180
56,0.01915,0.02610,0.01792,0.02502,0.04779,0.01368,0.01437,0.02340,0.02449,0.01062,0.02633,0.01823,0.02509,0.02049,0.00968,0.59052,0.01173,0.01356,0.02636,0.03546
57,0.02111,0.02690,0.02723,0.02138,0.02588,0.03091,0.01933,0.02492,0.01994,0.02276,0.03247,0.02227,0.01693,0.03472,0.49522,0.05136,0.03121,0.01426,0.03469,0.02651
58,0.01227,0.02665,0.01934,0.04028,0.02339,0.62270,0.01758,0.02275,0.02397,0.00894,0.02449,0.01997,0.01025,0.01925,0.02534,0.01514,0.01243,0.01550,0.01981,0.01996
59,0.18211,0.03871,0.01857,0.01665,0.01789,0.01870,0.01180,0.02559,0.03285,0.00724,0.01566,0.03361,0.00990,0.01506,0.01762,0.24286,0.11915,0.13732,0.01547,0.02321
60,0.20882,0.05828,0.02708,0.03741,0.03666,0.06622,0.03308,0.03131,0.03308,0.01436,0.06946,0.03594,0.02628,0.02665,0.01346,0.10720,0.07206,0.03779,0.02428,0.04058
61,0.01918,0.02124,0.02866,0.03331,0.02357,0.01983,0.03252,0.02516,0.48010,0.01173,0.03882,0.05737,0.02470,0.04073,0.03396,0.01517,0.03140,0.01258,0.02139,0.02860
62,0.00856,0.01581,0.01546,0.02015,0.13858,0.01354,0.02482,0.12231,0.01550,0.46165,0.01574,0.01143,0.03375,0.01586,0.01279,0.00854,0.00739,0.02638,0.01767,0.01407
63,0.15835,0.07072,0.00925,0.05834,0.01342,0.07199,0.01237,0.01556,0.01725,0.00831,0.10011,0.01389,0.00280,0.11060,0.06763,0.18347,0.03297,0.02283,0.01488,0.01528
64,0.01300,0.02842,0.02090,0.02239,0.03608,0.05198,0.01663,0.01877,0.01821,0.01549,0.01898,0.01716,0.00986,0.01806,0.02790,0.00919,0.01162,0.01405,0.58509,0.04621
65,0.01102,0.02412,0.02006,0.02165,0.02299,0.01253,0.01790,0.01828,0.01900,0.36029,0.31584,0.01769,0.00926,0.02139,0.01113,0.02415,0.01268,0.01754,0.02160,0.02089
66,0.08206,0.06263,0.02036,0.03082,0.02167,0.01459,0.02796,0.06604,0.02145,0.02168,0.04762,0.01691,0.00803,0.02806,0.00890,0.04110,0.10856,0.32939,0.01956,0.02260
67,0.01790,0.02415,0.09476,0.49851,0.02324,0.04681,0.01997,0.02156,0.05015,0.00878,0.02221,0.01382,0.00699,0.01792,0.02069,0.01505,0.01091,0.04676,0.02173,0.01807
68,0.01486,0.02224,0.02571,0.02602,0.02223,0.02918,0.01666,0.03209,0.04440,0.01081,0.02351,0.01849,0.01122,0.02251,0.58011,0.02403,0.01299,0.01765,0.02347,0.02183
69,0.10703,0.01558,0.12352,0.03094,0.01337,0.48118,0.00708,0.01042,0.01231,0.00430,0.01330,0.05042,0.00343,0.03448,0.00973,0.03842,0.00490,0.01356,0.01459,0.01142
70,0.00577,0.03662,0.01256,0.01277,0.12730,0.01067,0.06379,0.04617,0.00978,0.30973,0.08636,0.00761,0.00289,0.00862,0.00619,0.01275,0.00523,0.01636,0.02132,0.19751
71,0.03771,0.13501,0.01819,0.01799,0.09957,0.01060,0.01149,0.09439,0.01753,0.22701,0.04961,0.01388,0.02537,0.01674,0.01350,0.00873,0.02673,0.14324,0.01609,0.01662
72,0.02679,0.08199,0.06075,0.07145,0.09470,0.06157,0.05268,0.01459,0.03555,0.02376,0.05874,0.05955,0.01830,0.06115,0.00733,0.05489,0.07561,0.04646,0.02807,0.06608
73,0.03897,0.03645,0.03157,0.02772,0.03351,0.01607,0.05242,0.03384,0.02722,0.03311,0.09546,0.03139,0.33063,0.03831,0.01983,0.02490,0.02957,0.04311,0.02251,0.03342
74,0.03453,0.04082,0.05433,0.09146,0.08716,0.02454,0.06971,0.01521,0.01182,0.08118,0.05485,0.06444,0.00703,0.02686,0.00595,0.04140,0.03858,0.05666,0.01966,0.17380
75,0.01701,0.02500,0.02527,0.04416,0.02250,0.55201,0.02185,0.02717,0.02474,0.01281,0.02365,0.02079,0.01231,0.02358,0.02826,0.01253,0.01358,0.03679,0.03102,0.02496
76,0.03347,0.03435,0.01064,0.02284,0.07363,0.00767,0.12527,0.01750,0.09842,0.08482,0.05133,0.01723,0.00439,0.03431,0.16034,0.03375,0.05065,0.04044,0.00848,0.09049
77,0.02325,0.25713,0.03263,0.02017,0.01360,0.03562,0.01106,0.07635,0.01659,0.08530,0.01548,0.01028,0.00610,0.01252,0.00725,0.00605,0.18502,0.15613,0.01894,0.01053
78,0.04187,0.09149,0.02772,0.01746,0.05228,0.01798,0.01704,0.12161,0.02430,0.02052,0.11220,0.01543,0.00916,0.01768,0.00954,0.00848,0.04468,0.31322,0.01716,0.02017
79,0.02380,0.02388,0.57681,0.03782,0.02367,0.03233,0.01637,0.02282,0.02612,0.01231,0.02358,0.03826,0.01019,0.02398,0.01051,0.00988,0.01074,0.03130,0.02182,0.02378
80,0.01098,0.02226,0.02376,0.02202,0.03103,0.01209,0.02557,0.10674,0.02172,0.50761,0.05694,0.01917,0.03057,0.02136,0.01315,0.00826,0.00927,0.01291,0.02460,0.01998
81,0.02025,0.03452,0.02282,0.04502,0.02155,0.56075,0.02111,0.01952,0.02468,0.00960,0.02372,0.02100,0.01228,0.02613,0.04034,0.01136,0.01571,0.01931,0.03039,0.01992
82,0.30896,0.37207,0.01298,0.01531,0.01641,0.00846,0.01205,0.01390,0.01387,0.00438,0.01339,0.01308,0.00508,0.01269,0.02555,0.06317,0.03041,0.00687,0.02213,0.02924
83,0.01234,0.01958,0.03528,0.02378,0.02312,0.62778,0.01766,0.01997,0.02499,0.01216,0.02618,0.01618,0.01125,0.02426,0.00897,0.02389,0.01041,0.01541,0.02812,0.01866
84,0.02897,0.03731,0.03452,0.03176,0.03689,0.02497,0.04390,0.04980,0.05057,0.03278,0.03911,0.03281,0.04053,0.04159,0.29689,0.02904,0.05013,0.03084,0.03203,0.03558
85,0.03763,0.03834,0.03763,0.02561,0.04009,0.28478,0.04661,0.04321,0.03274,0.02953,0.03948,0.04413,0.03180,0.03957,0.04243,0.03231,0.03330,0.02843,0.04762,0.04475
86,0.01250,0.02823,0.04160,0.03049,0.02412,0.54926,0.01408,0.02815,0.03348,0.01112,0.03328,0.02562,0.00672,0.02765,0.01583,0.02983,0.01376,0.02405,0.02959,0.02065
87,0.01796,0.03482,0.02994,0.03166,0.02956,0.02640,0.02384,0.03165,0.02917,0.01284,0.02704,0.02754,0.01053,0.02866,0.03058,0.01323,0.01624,0.02047,0.53126,0.02661
88,0.24865,0.15885,0.01106,0.01609,0.01215,0.07490,0.00787,0.01731,0.01840,0.00498,0.01494,0.04853,0.00283,0.01494,0.00695,0.28694,0.01932,0.00924,0.01457,0.01146
89,0.00610,0.02139,0.01961,0.01269,0.09494,0.00613,0.03515,0.00991,0.01240,0.00824,0.01183,0.01633,0.00766,0.27799,0.00443,0.00466,0.00563,0.00640,0.10918,0.32932
90,0.02173,0.03948,0.04768,0.03485,0.06075,0.01265,0.04413,0.03909,0.02981,0.06253,0.02368,0.03047,0.00935,0.02279,0.01520,0.00938,0.01175,0.02382,0.02342,0.43746
91,0.13668,0.08397,0.00829,0.00792,0.01044,0.01935,0.00572,0.07046,0.00997,0.05459,0.09263,0.00542,0.00236,0.00715,0.00300,0.13268,0.18964,0.14500,0.00837,0.00635
92,0.45812,0.03834,0.03064,0.02219,0.01866,0.14070,0.01062,0.02086,0.02027,0.00734,0.02598,0.01575,0.00622,0.01896,0.00693,0.07186,0.01833,0.02774,0.02277,0.01774
93,0.02766,0.06334,0.00752,0.01319,0.00784,0.18053,0.03782,0.02992,0.01144,0.00300,0.01382,0.02204,0.00216,0.01110,0.00520,0.15545,0.35528,0.03344,0.01124,0.00801
94,0.05032,0.06859,0.09049,0.00961,0.00933,0.01955,0.09854,0.15125,0.01153,0.09332,0.01553,0.07229,0.00346,0.06425,0.00543,0.05292,0.05219,0.07204,0.04552,0.01384
95,0.07614,0.02397,0.00899,0.01235,0.02500,0.03071,0.03099,0.03804,0.05154,0.06071,0.04428,0.09102,0.04824,0.09265,0.16186,0.08409,0.06081,0.04100,0.00749,0.01011
96,0.02475,0.02616,0.02493,0.04945,0.09131,0.02033,0.05802,0.04931,0.05116,0.26725,0.01821,0.03040,0.01491,0.04785,0.03600,0.05030,0.05282,0.01444,0.04640,0.02599
97,0.03477,0.05531,0.03885,0.03748,0.03810,0.01553,0.04729,0.04140,0.03981,0.03135,0.05047,0.04388,0.03472,0.03767,0.02280,0.02756,0.03234,0.29240,0.03360,0.04464
98,0.01268,0.02072,0.02076,0.01878,0.07616,0.01208,0.02251,0.13971,0.02313,0.01713,0.03877,0.03240,0.01579,0.45299,0.02574,0.00744,0.00773,0.01176,0.02063,0.02306
99,0.03811,0.02418,0.22608,0.31173,0.01619,0.02409,0.00991,0.03324,0.03300,0.07306,0.06775,0.01165,0.00444,0.03183,0.00645,0.00823,0.00716,0.04523,0.01522,0.01246
100,0.03248,0.15619,0.01901,0.02338,0.01845,0.01764,0.02066,0.10170,0.02172,0.00634,0.02682,0.02237,0.00723,0.01920,0.00899,0.00790,0.01066,0.44006,0.02231,0.01689
101,0.05443,0.07368,0.01243,0.01039,0.03958,0.01639,0.04379,0.05528,0.07011,0.07627,0.10031,0.04330,0.00117,0.05981,0.08926,0.04212,0.02431,0.06667,0.05960,0.06109
102,0.03118,0.01258,0.01607,0.02902,0.01203,0.72841,0.00981,0.01473,0.01843,0.00517,0.01670,0.01372,0.00481,0.01357,0.01410,0.00724,0.00768,0.01475,0.01741,0.01259
103,0.00706,0.03486,0.01156,0.01640,0.20947,0.00694,0.01729,0.02987,0.01480,0.08376,0.05979,0.01090,0.00299,0.01030,0.00415,0.00634,0.00390,0.06644,0.12916,0.27401
104,0.03280,0.01929,0.01649,0.02434,0.01861,0.01176,0.00873,0.03124,0.03667,0.00681,0.01847,0.01322,0.00834,0.01319,0.00742,0.11274,0.57228,0.01145,0.02158,0.01455
105,0.04476,0.03846,0.01795,0.02459,0.02178,0.00476,0.09339,0.02662,0.11268,0.04482,0.02578,0.07889,0.00157,0.09818,0.08070,0.05594,0.06456,0.06311,0.06527,0.03618
106,0.18753,0.02345,0.01413,0.04431,0.01206,0.47855,0.01028,0.01519,0.01722,0.00491,0.01836,0.01473,0.00781,0.01762,0.04659,0.03472,0.01288,0.01088,0.01734,0.01143
107,0.08572,0.03334,0.03807,0.02293,0.01882,0.48394,0.01450,0.02286,0.02585,0.01769,0.03084,0.01873,0.01197,0.01966,0.01074,0.02356,0.04138,0.02692,0.02250,0.02998
108,0.11241,0.02482,0.02738,0.01954,0.02663,0.11223,0.04298,0.08648,0.03323,0.01306,0.03308,0.02010,0.15504,0.02206,0.05590,0.03829,0.11694,0.02608,0.01672,0.01701
109,0.05496,0.06719,0.05269,0.05585,0.01541,0.11243,0.07784,0.00585,0.03807,0.01053,0.03507,0.12543,0.00193,0.06612,0.05336,0.09022,0.02858,0.01754,0.00812,0.08278
110,0.02739,0.01131,0.01281,0.01375,0.01424,0.03492,0.40485,0.00878,0.01068,0.00322,0.01783,0.01699,0.00275,0.35207,0.01810,0.00435,0.00332,0.00624,0.01347,0.02295
