site,A,C,D,E,F,G,H,I,K,L,M,N,P,Q,R,S,T,V,W,Y
0,0.01304,0.04899,0.02585,0.01927,0.01467,0.04221,0.03618,0.01525,0.08986,0.02166,0.01588,0.02437,0.02299,0.01565,0.49189,0.04378,0.01406,0.00758,0.01359,0.02323
1,0.02270,0.01661,0.01800,0.03836,0.01970,0.54643,0.04013,0.01844,0.01657,0.00979,0.01601,0.02654,0.04344,0.02752,0.04443,0.01399,0.02517,0.02102,0.01138,0.02377
2,0.00753,0.04499,0.04124,0.01118,0.01117,0.71738,0.01133,0.01289,0.01271,0.00449,0.01299,0.01186,0.00649,0.01245,0.00604,0.03418,0.00832,0.00990,0.00996,0.01290
3,0.07357,0.03988,0.01450,0.03447,0.01574,0.61536,0.01633,0.01638,0.01567,0.00600,0.01671,0.01662,0.00851,0.01613,0.02394,0.00888,0.00996,0.01172,0.02190,0.01773
4,0.04752,0.06136,0.03200,0.03347,0.02501,0.02130,0.03458,0.08936,0.05876,0.04302,0.03054,0.05017,0.00348,0.14107,0.05657,0.06691,0.07501,0.08873,0.01187,0.02925
5,0.16514,0.05749,0.00733,0.02765,0.01230,0.47479,0.00655,0.00822,0.01269,0.00278,0.00841,0.00855,0.00347,0.00874,0.01393,0.14748,0.00552,0.01494,0.00544,0.00860
6,0.04196,0.03663,0.10279,0.12635,0.04665,0.01003,0.03808,0.03131,0.01257,0.03148,0.05889,0.04916,0.00763,0.11265,0.00898,0.05937,0.06017,0.05511,0.05645,0.05376
7,0.04634,0.04600,0.01254,0.01216,0.01234,0.00488,0.01223,0.03944,0.01124,0.00478,0.01281,0.01749,0.01741,0.01164,0.00427,0.05212,0.64746,0.01477,0.00913,0.01095
8,0.04244,0.16351,0.00378,0.00513,0.00403,0.01005,0.00329,0.13687,0.00388,0.18187,0.01143,0.01186,0.06371,0.00987,0.00389,0.03730,0.13114,0.16973,0.00269,0.00352
9,0.01006,0.01390,0.01283,0.04884,0.01342,0.71405,0.01310,0.01273,0.01806,0.00509,0.01653,0.01795,0.00728,0.01756,0.02984,0.00682,0.00849,0.01173,0.00974,0.01199
10,0.05333,0.10094,0.05884,0.13033,0.03377,0.01614,0.03516,0.07223,0.01956,0.03012,0.03479,0.03084,0.00167,0.11163,0.02561,0.02659,0.01401,0.10734,0.05203,0.04508
11,0.04044,0.01981,0.01061,0.04164,0.03557,0.02683,0.07243,0.07815,0.13447,0.07817,0.10636,0.06397,0.00331,0.05903,0.07376,0.04179,0.02684,0.06634,0.00724,0.01323
12,0.02121,0.05043,0.03428,0.02985,0.03589,0.01584,0.03440,0.02937,0.03235,0.04431,0.02682,0.03540,0.03236,0.04700,0.04696,0.02740,0.02870,0.01326,0.34366,0.07050
13,0.01556,0.02182,0.02559,0.04238,0.02605,0.01001,0.07836,0.04841,0.42390,0.01311,0.01933,0.04273,0.01519,0.03616,0.06455,0.01576,0.04249,0.01323,0.01581,0.02954
14,0.06183,0.03339,0.02837,0.02087,0.07034,0.08748,0.07703,0.05685,0.04017,0.04810,0.08274,0.05729,0.00185,0.04728,0.03654,0.07855,0.06649,0.03853,0.02727,0.03904
15,0.10023,0.05299,0.01591,0.07409,0.00692,0.04819,0.02997,0.01527,0.10247,0.04656,0.06841,0.07166,0.00263,0.07420,0.11103,0.10062,0.05113,0.02080,0.00243,0.00448
16,0.00604,0.01940,0.01048,0.01042,0.00902,0.00416,0.00912,0.14862,0.00954,0.29122,0.19471,0.01161,0.04893,0.01537,0.00801,0.00445,0.01905,0.16411,0.00697,0.00876
17,0.09110,0.04469,0.03705,0.01110,0.00906,0.06431,0.03975,0.03215,0.03347,0.03231,0.03997,0.25151,0.00637,0.05147,0.03892,0.09975,0.03512,0.03934,0.00926,0.03330
18,0.05308,0.06382,0.04398,0.05408,0.02899,0.07954,0.08076,0.05569,0.03929,0.06617,0.04199,0.04697,0.00287,0.06531,0.05227,0.07575,0.06264,0.05489,0.01113,0.02081
19,0.00927,0.05701,0.01236,0.00812,0.11356,0.00606,0.01273,0.05449,0.01401,0.27901,0.24675,0.00908,0.00402,0.07453,0.00497,0.00301,0.02253,0.02191,0.00570,0.04090
20,0.09915,0.05653,0.06800,0.04093,0.00638,0.07017,0.04264,0.01430,0.02431,0.03164,0.04118,0.05207,0.08760,0.09802,0.02806,0.09999,0.05705,0.05411,0.00571,0.02215
21,0.08320,0.01623,0.04681,0.03244,0.00590,0.07407,0.05300,0.00952,0.04251,0.02432,0.04602,0.06311,0.07123,0.12558,0.07571,0.11721,0.08594,0.01235,0.00669,0.00816
22,0.05693,0.06108,0.05068,0.04525,0.04392,0.05877,0.07022,0.04172,0.01816,0.04817,0.07896,0.04796,0.06366,0.08313,0.02374,0.04484,0.05284,0.05382,0.01523,0.04093
23,0.05619,0.07321,0.10781,0.11479,0.01075,0.06170,0.06777,0.01954,0.02373,0.02163,0.05383,0.07697,0.00912,0.12166,0.00952,0.05558,0.05512,0.03366,0.01310,0.01432
24,0.01517,0.03764,0.02455,0.01656,0.36977,0.00840,0.04568,0.04943,0.01817,0.02153,0.01466,0.02405,0.03460,0.02273,0.00956,0.02789,0.01949,0.01434,0.14158,0.08417
25,0.07201,0.04074,0.02452,0.01838,0.06710,0.01992,0.08993,0.06992,0.02209,0.06601,0.05795,0.08495,0.00667,0.06773,0.04497,0.07133,0.05205,0.04430,0.00856,0.07086
26,0.01585,0.02672,0.03603,0.03841,0.01162,0.00441,0.04091,0.02294,0.12198,0.00730,0.02953,0.11963,0.05805,0.10172,0.07948,0.13319,0.10840,0.02576,0.00460,0.01346
27,0.01220,0.04125,0.04542,0.01520,0.12101,0.00848,0.05353,0.02270,0.01801,0.00808,0.01757,0.03434,0.01439,0.02115,0.00941,0.02098,0.01301,0.00984,0.01579,0.49764
28,0.01254,0.02860,0.02114,0.06604,0.01355,0.01449,0.04840,0.05158,0.41268,0.00901,0.01522,0.03716,0.01358,0.03184,0.10506,0.01229,0.04102,0.02223,0.01394,0.02964
29,0.09947,0.03481,0.00842,0.03443,0.01472,0.04660,0.04404,0.03958,0.16125,0.06043,0.04594,0.03707,0.00655,0.04748,0.14929,0.06578,0.03518,0.05037,0.00472,0.01388
30,0.15332,0.15541,0.03056,0.01437,0.01351,0.01757,0.05027,0.02391,0.01998,0.02097,0.01635,0.10938,0.02209,0.03124,0.02631,0.17218,0.07249,0.02271,0.01459,0.01279
31,0.19055,0.05367,0.03171,0.01603,0.01550,0.37253,0.03495,0.01715,0.01520,0.00699,0.01734,0.04052,0.01137,0.02498,0.00849,0.08302,0.01002,0.01813,0.01466,0.01719
32,0.01557,0.14234,0.02152,0.02107,0.04088,0.00901,0.01967,0.34418,0.01786,0.01246,0.02455,0.04722,0.01180,0.02178,0.00925,0.02889,0.06638,0.10357,0.01955,0.02246
33,0.04000,0.02965,0.00945,0.00696,0.01963,0.00569,0.05829,0.04512,0.02749,0.10348,0.03275,0.04121,0.00823,0.06061,0.02872,0.07951,0.13220,0.03761,0.19361,0.03980
34,0.02829,0.01805,0.07601,0.49638,0.02243,0.06545,0.01838,0.01834,0.03881,0.01187,0.02709,0.01640,0.01032,0.03332,0.01077,0.01926,0.01479,0.02917,0.02109,0.02377
35,0.05356,0.11008,0.01302,0.01837,0.00938,0.00994,0.00940,0.19535,0.01701,0.00784,0.02475,0.01560,0.04841,0.01094,0.00359,0.01362,0.14094,0.27561,0.00677,0.01579
36,0.10739,0.06582,0.02860,0.03129,0.05455,0.05130,0.06025,0.03121,0.01575,0.03190,0.05770,0.06221,0.06093,0.06569,0.02235,0.07888,0.04952,0.05085,0.02837,0.04542
37,0.02114,0.03409,0.03380,0.02290,0.02615,0.03532,0.03068,0.04473,0.04553,0.01723,0.02532,0.03920,0.03074,0.02789,0.42872,0.03954,0.02509,0.01564,0.02520,0.03110
38,0.07643,0.01568,0.17654,0.17855,0.01960,0.04436,0.02509,0.05142,0.02981,0.02887,0.02768,0.09775,0.00250,0.02804,0.00351,0.03833,0.07595,0.03622,0.02347,0.02019
39,0.02891,0.00838,0.09685,0.15905,0.01546,0.04489,0.04803,0.07220,0.01528,0.04539,0.06576,0.04361,0.07380,0.09128,0.00819,0.03536,0.06257,0.05924,0.00888,0.01687
40,0.44363,0.02030,0.03790,0.01357,0.01619,0.01534,0.02146,0.01992,0.01701,0.00675,0.01757,0.01554,0.02603,0.01905,0.00740,0.17994,0.02370,0.06070,0.02393,0.01409
41,0.08093,0.03909,0.00727,0.00935,0.00791,0.00849,0.01856,0.10940,0.10612,0.02716,0.05409,0.00847,0.00482,0.07943,0.15963,0.05225,0.08550,0.12588,0.00548,0.01018
42,0.09767,0.03429,0.02056,0.04051,0.01270,0.03132,0.06741,0.05158,0.02202,0.05478,0.06576,0.07686,0.00186,0.08114,0.10156,0.07022,0.08894,0.04393,0.01799,0.01890
43,0.25018,0.12740,0.02219,0.02790,0.02319,0.01238,0.04485,0.01903,0.02316,0.06821,0.10666,0.03758,0.00982,0.04067,0.03800,0.06339,0.01339,0.02868,0.01339,0.02992
44,0.01297,0.01511,0.00980,0.01327,0.11124,0.00827,0.03876,0.19484,0.01223,0.31545,0.09769,0.00982,0.01885,0.01984,0.01151,0.00381,0.00853,0.06278,0.01392,0.02133
45,0.06300,0.04378,0.04579,0.06284,0.02951,0.04303,0.06800,0.04616,0.08500,0.07113,0.06363,0.06173,0.00115,0.06891,0.03213,0.07001,0.05288,0.04631,0.01443,0.03059
46,0.04119,0.06877,0.13263,0.11050,0.01930,0.06548,0.04798,0.02910,0.01846,0.05207,0.03208,0.07414,0.00177,0.09103,0.01452,0.09260,0.05249,0.02576,0.01080,0.01933
47,0.04494,0.06681,0.01335,0.02624,0.01612,0.20488,0.09419,0.00582,0.08187,0.01916,0.04831,0.10348,0.00303,0.09924,0.06991,0.07180,0.00454,0.00925,0.00873,0.00835
48,0.05326,0.09153,0.03908,0.03575,0.06137,0.02232,0.04642,0.04834,0.02593,0.04712,0.04480,0.06392,0.03811,0.06298,0.04100,0.02365,0.07180,0.08958,0.02370,0.06934
49,0.04761,0.04517,0.08611,0.04070,0.06946,0.02756,0.02547,0.03579,0.07031,0.08222,0.04133,0.05183,0.02300,0.03764,0.03924,0.05270,0.05860,0.05281,0.04527,0.06715
50,0.05557,0.05920,0.12392,0.05015,0.03908,0.04933,0.06125,0.02028,0.03431,0.02774,0.04082,0.14074,0.00483,0.05263,0.01367,0.05683,0.06417,0.05075,0.02735,0.02739
51,0.09325,0.04433,0.02473,0.07172,0.01347,0.16379,0.07026,0.00748,0.04618,0.03818,0.03786,0.05052,0.00286,0.04613,0.02086,0.17754,0.06243,0.01499,0.00753,0.00588
52,0.01054,0.01597,0.01529,0.06202,0.01617,0.62667,0.01448,0.01744,0.01782,0.00708,0.01789,0.01649,0.00825,0.02390,0.05499,0.00745,0.00915,0.02434,0.01669,0.01737
53,0.01693,0.01387,0.00970,0.00815,0.25352,0.00418,0.30552,0.01336,0.00718,0.00419,0.01374,0.01128,0.00488,0.03335,0.02517,0.00378,0.00526,0.02187,0.09950,0.14458
54,0.26143,0.09417,0.01987,0.01070,0.00899,0.01165,0.00728,0.00827,0.00935,0.00365,0.01015,0.01022,0.22275,0.00968,0.00382,0.17281,0.08500,0.02974,0.01168,0.00879
55,0.04451,0.03791,0.00968,0.03224,0.01016,0.01032,0.01091,0.03140,0.00968,0.01982,0.01770,0.00840,0.20925,0.01018,0.00612,0.00408,0.01536,0.49165,0.01236,0.00826
56,0.01370,0.01685,0.01322,0.01986,0.05087,0.01107,0.01038,0.01776,0.01929,0.00708,0.02531,0.01307,0.04341,0.01475,0.00687,0.64077,0.00807,0.00978,0.01957,0.03833
57,0.01305,0.07557,0.01877,0.01441,0.01883,0.01468,0.01629,0.01844,0.02235,0.02101,0.04410,0.01498,0.01363,0.03682,0.45220,0.08206,0.04165,0.02476,0.03650,0.01992
58,0.01667,0.01469,0.01436,0.04546,0.01728,0.68192,0.01336,0.01623,0.01721,0.00619,0.01887,0.01492,0.00677,0.01425,0.03739,0.00921,0.00849,0.01674,0.01572,0.01427
59,0.17646,0.06900,0.01251,0.01261,0.01245,0.02437,0.00993,0.03420,0.01073,0.00445,0.01227,0.03410,0.00941,0.00973,0.01396,0.24412,0.12327,0.15962,0.00984,0.01697
60,0.15046,0.08133,0.01721,0.04042,0.06218,0.04115,0.02258,0.02626,0.02302,0.00850,0.02555,0.02594,0.02113,0.02197,0.00721,0.26621,0.06660,0.04569,0.01403,0.03257
61,0.03600,0.02429,0.02185,0.03760,0.01814,0.00848,0.02757,0.02102,0.49691,0.00875,0.03893,0.05182,0.01931,0.03245,0.06036,0.01711,0.03298,0.01055,0.01550,0.02036
62,0.00530,0.01335,0.01032,0.01369,0.25737,0.00603,0.01736,0.07553,0.01041,0.44856,0.01422,0.00729,0.03204,0.01110,0.01012,0.00443,0.00464,0.03798,0.01182,0.00846
63,0.17871,0.05474,0.01911,0.06002,0.01609,0.07074,0.00653,0.01983,0.03143,0.02029,0.09053,0.00880,0.00192,0.09534,0.06293,0.13656,0.04443,0.04233,0.02405,0.01562
64,0.00888,0.02895,0.01634,0.01565,0.07738,0.01743,0.01167,0.01291,0.01328,0.01315,0.01302,0.01195,0.00651,0.01245,0.05656,0.00906,0.00776,0.00944,0.59935,0.05825
65,0.00881,0.02711,0.01662,0.01820,0.03610,0.00908,0.01406,0.02339,0.01552,0.45370,0.19620,0.01445,0.01074,0.01848,0.00831,0.04250,0.00984,0.02249,0.03702,0.01739
66,0.17078,0.09148,0.01517,0.03266,0.01567,0.01851,0.01625,0.02682,0.01409,0.01089,0.03315,0.01220,0.00554,0.01660,0.00529,0.03488,0.14700,0.30179,0.01474,0.01651
67,0.01723,0.02082,0.07019,0.59375,0.01704,0.03437,0.01548,0.01606,0.05199,0.00614,0.01875,0.01087,0.00554,0.01812,0.01624,0.01483,0.00751,0.03303,0.01846,0.01355
68,0.01036,0.01719,0.01773,0.01944,0.01607,0.05407,0.01285,0.03778,0.05691,0.00694,0.01751,0.01284,0.00772,0.01803,0.60067,0.03704,0.01329,0.01204,0.01704,0.01450
69,0.10742,0.01503,0.07581,0.03294,0.00889,0.54980,0.00842,0.00748,0.00894,0.00308,0.01086,0.05736,0.00256,0.02008,0.02307,0.03105,0.00349,0.01540,0.01031,0.00799
70,0.00566,0.03757,0.01030,0.00924,0.13655,0.00751,0.05560,0.05800,0.00646,0.26367,0.13503,0.00812,0.00261,0.00588,0.00326,0.00428,0.00364,0.01024,0.03184,0.20454
71,0.02166,0.18561,0.01129,0.01286,0.04640,0.00655,0.00699,0.09179,0.01183,0.22088,0.11919,0.00907,0.03492,0.02117,0.01700,0.00564,0.04878,0.10756,0.00995,0.01085
72,0.04759,0.07491,0.12719,0.13507,0.03847,0.05747,0.07661,0.01987,0.03556,0.05274,0.03394,0.02663,0.01859,0.05629,0.01519,0.05125,0.04133,0.03724,0.02757,0.02649
73,0.02643,0.05735,0.02778,0.02403,0.02951,0.01286,0.05811,0.02818,0.02454,0.03494,0.06656,0.02680,0.38512,0.03417,0.01559,0.02433,0.05312,0.02009,0.01871,0.03177
74,0.03163,0.08626,0.01244,0.04589,0.11557,0.04012,0.04328,0.06874,0.00684,0.09292,0.08750,0.03423,0.00424,0.03294,0.00431,0.02390,0.02357,0.07142,0.02969,0.14448
75,0.01661,0.02047,0.01935,0.02807,0.01670,0.63077,0.01655,0.02149,0.01946,0.00885,0.01734,0.01716,0.00865,0.01809,0.03773,0.00890,0.00992,0.02314,0.04237,0.01839
76,0.03930,0.04965,0.01091,0.01165,0.05479,0.00754,0.21778,0.01123,0.10169,0.04273,0.03482,0.01020,0.00299,0.02448,0.16715,0.03739,0.02816,0.02651,0.01190,0.10915
77,0.02776,0.25276,0.01677,0.01837,0.01750,0.02865,0.00960,0.02913,0.01388,0.05915,0.01231,0.00807,0.00604,0.01085,0.00612,0.00483,0.23305,0.22095,0.01548,0.00873
78,0.03838,0.15111,0.03115,0.01039,0.04145,0.01698,0.00961,0.12247,0.01457,0.06244,0.13532,0.00855,0.00608,0.01191,0.00522,0.00424,0.05417,0.23393,0.01054,0.03148
79,0.01706,0.01827,0.64766,0.02745,0.01866,0.03301,0.01484,0.01807,0.02046,0.00912,0.01901,0.04214,0.00727,0.01901,0.00760,0.00710,0.00762,0.02119,0.01654,0.02791
80,0.00730,0.01472,0.01356,0.01474,0.03670,0.00819,0.03710,0.18091,0.01663,0.48262,0.06522,0.01236,0.02509,0.01401,0.01607,0.00520,0.00594,0.01448,0.01525,0.01392
81,0.01760,0.02902,0.01770,0.04287,0.01665,0.63874,0.01523,0.01537,0.02010,0.00750,0.01920,0.01521,0.00875,0.02035,0.03484,0.00784,0.01101,0.02038,0.02562,0.01604
82,0.26236,0.42434,0.01096,0.01121,0.01179,0.00942,0.00957,0.00998,0.01013,0.00305,0.00983,0.00945,0.00353,0.00942,0.02572,0.10030,0.02215,0.00500,0.01723,0.03454
83,0.01583,0.03784,0.04821,0.01862,0.01664,0.66342,0.01235,0.01516,0.01945,0.00798,0.01915,0.01130,0.00739,0.01836,0.00661,0.01639,0.00733,0.02379,0.02086,0.01332
84,0.02369,0.02964,0.02992,0.02655,0.03381,0.05216,0.04056,0.07784,0.04872,0.02558,0.03485,0.02585,0.03976,0.03396,0.32484,0.03305,0.04060,0.02275,0.02683,0.02904
85,0.03213,0.03316,0.03271,0.03858,0.03696,0.31668,0.04253,0.03949,0.02840,0.02547,0.03502,0.04475,0.02383,0.03835,0.04316,0.02811,0.02846,0.04004,0.04863,0.04354
86,0.01925,0.02609,0.03385,0.03325,0.01743,0.62039,0.01088,0.02143,0.02776,0.00824,0.02644,0.01910,0.00496,0.02146,0.00932,0.02477,0.00992,0.02687,0.02255,0.01603
87,0.01281,0.03493,0.02434,0.02539,0.02565,0.02625,0.01763,0.02560,0.02432,0.01901,0.02215,0.02171,0.00773,0.01972,0.02828,0.01135,0.01222,0.01561,0.59859,0.02670
88,0.20832,0.17262,0.00933,0.01199,0.00973,0.10137,0.00610,0.01451,0.01368,0.00375,0.01212,0.02375,0.00221,0.01117,0.01455,0.33075,0.02733,0.00666,0.01083,0.00923
89,0.00415,0.05603,0.01955,0.00878,0.11474,0.00402,0.03956,0.00651,0.00850,0.01042,0.01184,0.01365,0.00497,0.28979,0.00282,0.00395,0.00376,0.00422,0.05985,0.33287
90,0.01004,0.04593,0.04273,0.03054,0.06144,0.00878,0.04646,0.01441,0.02275,0.05774,0.02587,0.02845,0.00930,0.03288,0.00907,0.01361,0.00860,0.02918,0.06074,0.44150
91,0.11369,0.07487,0.00461,0.00434,0.00461,0.01749,0.00290,0.15953,0.00756,0.05373,0.15689,0.00293,0.00105,0.00410,0.00146,0.11315,0.11167,0.15741,0.00467,0.00334
92,0.50881,0.11498,0.01402,0.01615,0.01278,0.11953,0.00768,0.01468,0.01691,0.00510,0.01930,0.01170,0.00556,0.01413,0.00492,0.03500,0.01401,0.03267,0.01813,0.01393
93,0.08419,0.05115,0.00508,0.00930,0.00515,0.15285,0.03459,0.02467,0.00818,0.00211,0.01212,0.02335,0.00240,0.01420,0.00270,0.15857,0.36717,0.02893,0.00750,0.00579
94,0.03444,0.05690,0.08636,0.01578,0.00873,0.02460,0.09529,0.14637,0.01111,0.10394,0.02751,0.11023,0.00231,0.08333,0.00356,0.03487,0.02555,0.07096,0.03111,0.02706
95,0.04696,0.03500,0.00488,0.00499,0.01748,0.05973,0.02445,0.03564,0.07834,0.07199,0.09057,0.08460,0.05084,0.06217,0.13645,0.07143,0.07231,0.04172,0.00656,0.00388
96,0.04944,0.02157,0.01826,0.05062,0.08326,0.01305,0.09125,0.04545,0.04375,0.11349,0.02618,0.04168,0.05957,0.05076,0.04053,0.04728,0.06270,0.02295,0.05959,0.05862
97,0.03747,0.05425,0.03510,0.03041,0.03741,0.01293,0.04842,0.03565,0.03995,0.03350,0.04388,0.04329,0.02733,0.03545,0.01792,0.02294,0.06679,0.31089,0.02795,0.03846
98,0.00971,0.02406,0.01661,0.01872,0.03726,0.00939,0.03516,0.14271,0.02432,0.01968,0.03571,0.02371,0.00891,0.49623,0.02307,0.01859,0.00606,0.01284,0.02295,0.01431
99,0.02837,0.05521,0.22191,0.30277,0.01375,0.03394,0.00662,0.03964,0.02049,0.07536,0.06475,0.01059,0.00278,0.03252,0.00417,0.00960,0.00717,0.04945,0.01123,0.00969
100,0.02237,0.18289,0.01236,0.02453,0.01274,0.02464,0.01321,0.16280,0.01526,0.00896,0.01983,0.01571,0.00419,0.01231,0.00548,0.00510,0.00723,0.42327,0.01551,0.01159
101,0.05261,0.07582,0.00648,0.01177,0.04840,0.04201,0.07454,0.05323,0.10209,0.08463,0.06010,0.04707,0.00086,0.06907,0.09160,0.05190,0.01220,0.04244,0.03020,0.04300
102,0.05001,0.00907,0.01103,0.03611,0.00824,0.73918,0.00690,0.01056,0.01302,0.00318,0.01196,0.00879,0.00295,0.01001,0.01757,0.01050,0.00487,0.02458,0.01321,0.00827
103,0.00420,0.02182,0.00933,0.01012,0.19101,0.00430,0.03503,0.05948,0.00972,0.07990,0.04077,0.01145,0.00173,0.00668,0.00351,0.00667,0.00255,0.07222,0.18432,0.24517
104,0.03117,0.01474,0.01157,0.01888,0.01360,0.00878,0.00595,0.03757,0.02345,0.00599,0.01387,0.00917,0.00974,0.01237,0.00504,0.08957,0.65093,0.01007,0.01703,0.01053
105,0.07690,0.04384,0.02445,0.02129,0.02188,0.01404,0.06007,0.04392,0.11119,0.03667,0.04153,0.08856,0.00107,0.08378,0.07561,0.06920,0.05968,0.04639,0.04276,0.03717
106,0.25330,0.01024,0.00961,0.05547,0.00755,0.47932,0.00639,0.01088,0.01148,0.00453,0.01301,0.00984,0.00559,0.01523,0.01697,0.04848,0.01475,0.00892,0.01101,0.00744
107,0.08198,0.04520,0.03513,0.03114,0.01900,0.48888,0.01567,0.01806,0.02327,0.03276,0.02470,0.01499,0.01306,0.03731,0.00779,0.03146,0.02665,0.01760,0.01584,0.01950
108,0.13686,0.07832,0.02134,0.01446,0.03122,0.01853,0.05764,0.07256,0.04807,0.01857,0.02574,0.03014,0.13935,0.01583,0.06324,0.04947,0.07665,0.06742,0.01407,0.02051
109,0.06603,0.06225,0.05442,0.06398,0.00872,0.11364,0.09719,0.00361,0.07082,0.00491,0.03460,0.10296,0.00089,0.08870,0.04296,0.09154,0.04863,0.01105,0.00430,0.02881
110,0.02311,0.00733,0.00561,0.00876,0.01011,0.04559,0.40067,0.00577,0.01234,0.00300,0.00951,0.02226,0.00222,0.37193,0.01986,0.00292,0.00202,0.00422,0.00907,0.03371
