site,A,C,D,E,F,G,H,I,K,L,M,N,P,Q,R,S,T,V,W,Y
0,0.01701,0.03064,0.04028,0.03104,0.01890,0.03312,0.01949,0.02269,0.13220,0.01186,0.02314,0.04650,0.02508,0.02303,0.43753,0.02508,0.01911,0.00883,0.01245,0.02202
1,0.01506,0.01730,0.01886,0.01410,0.02040,0.31924,0.14065,0.01932,0.01578,0.00796,0.01557,0.03619,0.19700,0.03848,0.03040,0.01328,0.03343,0.00765,0.00973,0.02959
2,0.00804,0.03690,0.06699,0.01587,0.01456,0.66400,0.01547,0.01786,0.01776,0.00739,0.01815,0.01720,0.00765,0.01823,0.00555,0.02009,0.01030,0.00840,0.01218,0.01742
3,0.10842,0.06255,0.01862,0.04260,0.02128,0.51370,0.02166,0.02332,0.01883,0.00641,0.02303,0.02266,0.00932,0.02336,0.01506,0.00702,0.01159,0.01121,0.01219,0.02718
4,0.04573,0.06522,0.03259,0.03259,0.04885,0.03048,0.04902,0.06986,0.04658,0.05232,0.03583,0.06159,0.00376,0.12183,0.05907,0.06791,0.06325,0.07014,0.01702,0.02632
5,0.10327,0.06559,0.01070,0.02879,0.01367,0.52745,0.00916,0.01275,0.01680,0.00345,0.01254,0.01345,0.00447,0.01383,0.00980,0.11821,0.00589,0.00910,0.00750,0.01358
6,0.04338,0.04340,0.13877,0.16249,0.04366,0.01682,0.03074,0.02361,0.01026,0.02310,0.05393,0.04529,0.00502,0.08908,0.00587,0.06328,0.04925,0.04244,0.05748,0.05211
7,0.04192,0.04704,0.01818,0.01939,0.01868,0.00563,0.01742,0.03244,0.01653,0.00524,0.01678,0.01773,0.01007,0.01727,0.00493,0.03857,0.63250,0.01175,0.01274,0.01521
8,0.02934,0.15736,0.00526,0.00744,0.00558,0.00716,0.00433,0.16552,0.00532,0.21206,0.00585,0.01072,0.05572,0.00396,0.00260,0.02119,0.09945,0.19246,0.00381,0.00489
9,0.00846,0.01998,0.01778,0.05804,0.01983,0.65182,0.01884,0.01816,0.02682,0.00592,0.02647,0.02923,0.00864,0.02522,0.01066,0.00805,0.01062,0.00627,0.01240,0.01680
10,0.04566,0.10517,0.06776,0.14684,0.02678,0.01238,0.02724,0.07080,0.01273,0.02982,0.03614,0.03043,0.00212,0.08682,0.03026,0.02683,0.01111,0.11094,0.07566,0.04447
11,0.05023,0.01798,0.01662,0.02874,0.03688,0.01955,0.05912,0.06266,0.15723,0.10151,0.10741,0.05756,0.00450,0.04673,0.05792,0.03676,0.02814,0.09071,0.00739,0.01235
12,0.02121,0.02750,0.05911,0.04401,0.05527,0.01003,0.07158,0.04118,0.05219,0.02065,0.03496,0.07283,0.05334,0.06523,0.03035,0.01989,0.03920,0.00963,0.17888,0.09296
13,0.01585,0.03302,0.04379,0.03167,0.04031,0.00644,0.14222,0.07023,0.27731,0.01507,0.02354,0.02955,0.01558,0.02779,0.08116,0.01696,0.03675,0.00980,0.01632,0.06663
14,0.05984,0.03873,0.02813,0.01897,0.05746,0.07856,0.08644,0.07584,0.02225,0.04983,0.09961,0.06851,0.00138,0.05541,0.02488,0.07014,0.05759,0.04444,0.02181,0.04018
15,0.10184,0.05109,0.01364,0.05387,0.00768,0.06882,0.02746,0.01963,0.10248,0.04254,0.05624,0.07290,0.00203,0.07028,0.11825,0.09858,0.05582,0.02916,0.00266,0.00505
16,0.00469,0.01360,0.01133,0.01117,0.00904,0.00376,0.00953,0.16772,0.00989,0.22972,0.19138,0.01236,0.02998,0.05527,0.00393,0.00348,0.04490,0.17220,0.00679,0.00924
17,0.09187,0.03891,0.01642,0.01326,0.01602,0.07281,0.05530,0.04206,0.02597,0.03214,0.04558,0.21299,0.00587,0.05705,0.03759,0.10225,0.04598,0.04875,0.01049,0.02870
18,0.05127,0.06573,0.04259,0.06140,0.03679,0.06138,0.07177,0.06919,0.02896,0.07695,0.05515,0.05272,0.00140,0.06447,0.04184,0.06136,0.06023,0.06237,0.01365,0.02079
19,0.01734,0.08352,0.01290,0.00771,0.12064,0.00522,0.05226,0.09065,0.02332,0.21329,0.17421,0.00866,0.00319,0.07109,0.00241,0.01054,0.00633,0.01543,0.00848,0.07282
20,0.09509,0.07007,0.10402,0.04673,0.00732,0.07216,0.04402,0.02428,0.01422,0.03430,0.03236,0.03969,0.05902,0.08942,0.01480,0.08065,0.07143,0.06522,0.00558,0.02963
21,0.08095,0.01598,0.02625,0.02045,0.00680,0.11612,0.05247,0.01044,0.02476,0.03479,0.05361,0.06181,0.08435,0.08080,0.06174,0.11095,0.10317,0.03024,0.01241,0.01192
22,0.03720,0.05529,0.03149,0.03460,0.06538,0.03475,0.05505,0.08747,0.01064,0.06930,0.07557,0.03278,0.10197,0.05577,0.01460,0.02872,0.04013,0.07549,0.03443,0.05938
23,0.04135,0.07436,0.12238,0.11185,0.02699,0.06618,0.05657,0.02594,0.01222,0.02021,0.05527,0.06217,0.01764,0.13744,0.00727,0.04724,0.03579,0.04385,0.01745,0.01782
24,0.01600,0.02413,0.03693,0.01842,0.24145,0.00710,0.08820,0.06030,0.02326,0.00252,0.01582,0.03695,0.05180,0.03199,0.00716,0.00354,0.02235,0.00706,0.11043,0.19460
25,0.08809,0.04332,0.02284,0.01366,0.04771,0.02231,0.10702,0.06975,0.01297,0.07943,0.07356,0.07281,0.00781,0.05302,0.03666,0.06693,0.04912,0.05053,0.00523,0.07723
26,0.00751,0.02847,0.03380,0.02346,0.00943,0.00225,0.03182,0.02109,0.08809,0.01203,0.05736,0.13425,0.06394,0.12773,0.06384,0.12552,0.12692,0.02687,0.00393,0.01170
27,0.01144,0.01550,0.03297,0.01476,0.35905,0.00684,0.06441,0.02704,0.01890,0.00655,0.01984,0.02390,0.01384,0.02523,0.00717,0.01043,0.01249,0.00767,0.01537,0.30659
28,0.01415,0.02366,0.02570,0.07918,0.01506,0.00856,0.06748,0.08229,0.25101,0.00787,0.01548,0.03176,0.01220,0.04055,0.18545,0.00880,0.03779,0.01849,0.01303,0.06148
29,0.07499,0.02639,0.01228,0.03274,0.01795,0.03577,0.03243,0.04628,0.17639,0.03834,0.02671,0.06534,0.00926,0.06085,0.16066,0.07718,0.04968,0.03514,0.00602,0.01560
30,0.18268,0.15340,0.02843,0.01930,0.01794,0.01359,0.05039,0.02958,0.01451,0.02062,0.01545,0.15766,0.00670,0.02387,0.01456,0.15008,0.06217,0.01312,0.01238,0.01356
31,0.20218,0.08021,0.01809,0.02299,0.02158,0.30387,0.02910,0.02529,0.02161,0.00764,0.02131,0.04720,0.01190,0.03611,0.00886,0.06928,0.01168,0.01627,0.01907,0.02577
32,0.01225,0.14072,0.03028,0.03645,0.02786,0.00909,0.02723,0.26253,0.02208,0.00835,0.02419,0.05715,0.01276,0.03479,0.00758,0.01536,0.08423,0.12479,0.02680,0.03552
33,0.05732,0.02222,0.01273,0.00840,0.01394,0.00546,0.11757,0.04224,0.01843,0.07770,0.03611,0.03010,0.00738,0.07579,0.02248,0.07871,0.13202,0.03564,0.16136,0.04438
34,0.01715,0.02702,0.13558,0.40425,0.03424,0.07045,0.02654,0.02591,0.02094,0.01008,0.02876,0.02310,0.01188,0.03533,0.01048,0.01272,0.01486,0.02949,0.03507,0.02615
35,0.04719,0.08323,0.02242,0.01778,0.01472,0.00642,0.01469,0.19988,0.02358,0.00872,0.01296,0.02069,0.03028,0.01693,0.00479,0.01237,0.12042,0.31213,0.00962,0.02119
36,0.09985,0.06442,0.02630,0.04269,0.03943,0.02856,0.04966,0.03292,0.02222,0.04746,0.11098,0.09646,0.06282,0.06498,0.01606,0.04830,0.05285,0.05293,0.01456,0.02654
37,0.02182,0.06168,0.05244,0.02569,0.03348,0.00638,0.04689,0.05916,0.02974,0.01595,0.03372,0.13979,0.04549,0.03828,0.23207,0.02694,0.02858,0.01303,0.03525,0.05362
38,0.06672,0.02797,0.23493,0.22222,0.02551,0.03705,0.02097,0.04618,0.01495,0.01844,0.02412,0.08523,0.00372,0.02065,0.00535,0.02755,0.04942,0.02852,0.02108,0.01941
39,0.03124,0.01390,0.11743,0.22070,0.01300,0.03293,0.04541,0.06562,0.01290,0.04293,0.05494,0.03355,0.06721,0.08646,0.00636,0.02802,0.04991,0.05605,0.00880,0.01264
40,0.39687,0.02145,0.03172,0.01920,0.02346,0.01168,0.03825,0.03009,0.02733,0.00775,0.02762,0.02291,0.01569,0.03073,0.00825,0.14918,0.01810,0.05286,0.04753,0.01932
41,0.05083,0.02114,0.00746,0.01004,0.00783,0.00439,0.01207,0.11850,0.20783,0.03215,0.06618,0.01209,0.00309,0.09078,0.12434,0.04091,0.06749,0.10997,0.00550,0.00739
42,0.11320,0.04029,0.01627,0.02987,0.01088,0.02660,0.05596,0.05838,0.02357,0.06380,0.07193,0.08705,0.00115,0.09522,0.08739,0.07011,0.08458,0.04114,0.00981,0.01282
43,0.32003,0.09719,0.01822,0.03332,0.02393,0.00877,0.04141,0.03296,0.03210,0.04154,0.09565,0.03266,0.00653,0.05241,0.02394,0.05772,0.00628,0.02172,0.02479,0.02882
44,0.01471,0.01805,0.01452,0.02082,0.11859,0.01138,0.03641,0.18309,0.01870,0.34172,0.07095,0.01231,0.01049,0.02038,0.00783,0.00481,0.00788,0.04183,0.02459,0.02094
45,0.06754,0.04057,0.04448,0.04771,0.02352,0.04328,0.06861,0.03724,0.08296,0.08211,0.06055,0.05880,0.00120,0.08260,0.04192,0.06816,0.05498,0.03662,0.01248,0.04468
46,0.06020,0.08048,0.14542,0.10376,0.01280,0.05137,0.04976,0.02487,0.01226,0.03370,0.03857,0.06761,0.00196,0.10585,0.01240,0.10494,0.05249,0.02294,0.00847,0.01017
47,0.03844,0.05966,0.01046,0.01105,0.01259,0.23132,0.07404,0.00822,0.08504,0.01510,0.05771,0.15986,0.00336,0.10558,0.04890,0.04608,0.00458,0.00623,0.01398,0.00778
48,0.02710,0.10599,0.05246,0.03593,0.10772,0.01018,0.05371,0.06471,0.02351,0.05229,0.03324,0.08936,0.03787,0.05449,0.01991,0.01756,0.06522,0.07362,0.01712,0.05799
49,0.04189,0.04974,0.07122,0.02706,0.08263,0.02026,0.02623,0.03523,0.09303,0.07076,0.05045,0.05352,0.01363,0.04682,0.03756,0.04148,0.05889,0.05037,0.03769,0.09153
50,0.04429,0.05838,0.15245,0.04280,0.02773,0.03468,0.08333,0.04863,0.02256,0.02202,0.03387,0.11883,0.00307,0.03919,0.00827,0.05049,0.07565,0.07473,0.02974,0.02930
51,0.13904,0.04110,0.01804,0.11714,0.01005,0.18156,0.04332,0.00857,0.03439,0.02709,0.02753,0.04414,0.00290,0.04293,0.01470,0.16671,0.04863,0.01412,0.01043,0.00760
52,0.00966,0.02356,0.02096,0.05575,0.02450,0.55165,0.02181,0.02674,0.02693,0.00768,0.02748,0.02797,0.00979,0.04493,0.03875,0.00846,0.01076,0.01175,0.02488,0.02601
53,0.00857,0.01058,0.00892,0.00962,0.23613,0.00427,0.26493,0.00966,0.00779,0.00266,0.00924,0.00763,0.00198,0.01801,0.01953,0.00296,0.00336,0.01085,0.08856,0.27476
54,0.26381,0.09099,0.01484,0.01586,0.01160,0.00750,0.00955,0.01118,0.01270,0.00444,0.01379,0.00913,0.23133,0.01340,0.00456,0.14727,0.09210,0.01569,0.01767,0.01257
55,0.02834,0.02673,0.01425,0.02615,0.01545,0.00796,0.01691,0.01747,0.01393,0.01727,0.02749,0.01203,0.20128,0.01537,0.00723,0.00521,0.01027,0.50571,0.01932,0.01162
56,0.00786,0.01929,0.01717,0.03330,0.04497,0.01170,0.01263,0.02653,0.03100,0.00818,0.03583,0.01782,0.04743,0.02097,0.00752,0.55733,0.00725,0.01160,0.03095,0.05068
57,0.01261,0.07545,0.03472,0.02266,0.03381,0.01832,0.02070,0.03010,0.02250,0.01350,0.03598,0.02456,0.00580,0.02277,0.45979,0.05548,0.03050,0.01847,0.03102,0.03123
58,0.01183,0.02343,0.02102,0.02506,0.02734,0.62941,0.01732,0.02566,0.02892,0.00701,0.03194,0.02140,0.00795,0.02147,0.02249,0.00866,0.01075,0.01350,0.02382,0.02100
59,0.14672,0.08530,0.01711,0.01721,0.01595,0.00764,0.00880,0.02436,0.01491,0.00484,0.01348,0.02478,0.00540,0.01197,0.00841,0.22448,0.22818,0.10104,0.01263,0.02677
60,0.11515,0.05110,0.02360,0.03741,0.09659,0.02052,0.03478,0.03214,0.03567,0.00800,0.02252,0.04434,0.01970,0.02394,0.00678,0.28767,0.04766,0.02270,0.01655,0.05319
61,0.02437,0.02283,0.03763,0.02308,0.02792,0.00942,0.04945,0.03046,0.40335,0.00889,0.04061,0.07021,0.02996,0.06494,0.04977,0.01242,0.03107,0.00948,0.02161,0.03253
62,0.00638,0.01440,0.01403,0.02029,0.24009,0.00728,0.01389,0.11472,0.01376,0.41727,0.01451,0.00891,0.01692,0.01526,0.00533,0.00457,0.00533,0.03904,0.01671,0.01129
63,0.16409,0.04585,0.01966,0.05583,0.01878,0.07775,0.00480,0.02975,0.01958,0.02865,0.08631,0.00639,0.00124,0.08413,0.05453,0.12234,0.06935,0.06904,0.01868,0.02324
64,0.01120,0.02341,0.02291,0.02337,0.09641,0.01401,0.01517,0.01801,0.01816,0.00855,0.01756,0.01584,0.00734,0.01666,0.05924,0.00693,0.00919,0.01176,0.53956,0.06472
65,0.00978,0.02159,0.02272,0.02748,0.02659,0.01017,0.01843,0.02584,0.02100,0.37182,0.26838,0.01893,0.00672,0.02855,0.00892,0.02805,0.01099,0.01338,0.03624,0.02442
66,0.23285,0.08118,0.01939,0.02215,0.02267,0.01219,0.01535,0.02803,0.01936,0.00523,0.01322,0.01439,0.00516,0.02016,0.00548,0.04589,0.14078,0.25645,0.01624,0.02384
67,0.00709,0.02781,0.08768,0.36699,0.01966,0.01055,0.01665,0.01926,0.31283,0.00508,0.02065,0.00997,0.00430,0.01563,0.01712,0.00936,0.00629,0.01242,0.01695,0.01372
68,0.01446,0.02777,0.02847,0.03399,0.02535,0.03936,0.01570,0.03191,0.05385,0.00814,0.02778,0.01884,0.00934,0.02695,0.54389,0.02015,0.01078,0.01521,0.02629,0.02175
69,0.10493,0.01288,0.05355,0.03070,0.01389,0.57398,0.00650,0.01060,0.01330,0.00385,0.01409,0.04947,0.00313,0.01661,0.01671,0.02986,0.00446,0.01426,0.01621,0.01103
70,0.00479,0.02224,0.00844,0.01184,0.16114,0.00935,0.04380,0.06985,0.00767,0.27877,0.12931,0.00643,0.00213,0.00682,0.00361,0.00369,0.00367,0.00768,0.02074,0.19804
71,0.03485,0.22596,0.01643,0.01754,0.04285,0.00777,0.00902,0.08380,0.01566,0.20286,0.15100,0.01121,0.02287,0.01449,0.01073,0.00505,0.03119,0.06897,0.01321,0.01454
72,0.04816,0.05252,0.11319,0.16298,0.03413,0.07515,0.09076,0.02261,0.02154,0.04923,0.03995,0.01933,0.01040,0.06501,0.01242,0.05002,0.04943,0.02936,0.02325,0.03057
73,0.02040,0.06752,0.04109,0.02829,0.04757,0.01117,0.09883,0.04280,0.03086,0.02634,0.05798,0.04041,0.23566,0.08942,0.01075,0.01789,0.04663,0.01285,0.02065,0.05291
74,0.02277,0.09826,0.00830,0.03911,0.10907,0.03776,0.04353,0.08363,0.00682,0.12776,0.11292,0.02360,0.00376,0.02769,0.00325,0.01718,0.01733,0.08183,0.02115,0.11428
75,0.01341,0.03280,0.03170,0.03314,0.02496,0.54145,0.02389,0.03760,0.03358,0.01014,0.02808,0.02498,0.01019,0.02843,0.02696,0.01062,0.01190,0.01429,0.03307,0.02879
76,0.04443,0.05743,0.01011,0.00200,0.07694,0.00448,0.21897,0.01040,0.10420,0.03990,0.03628,0.01576,0.00351,0.02232,0.15194,0.03775,0.02030,0.01969,0.02518,0.09842
77,0.00935,0.22406,0.01875,0.02982,0.01303,0.02988,0.01144,0.03722,0.02023,0.06677,0.01728,0.01031,0.00593,0.01356,0.00721,0.00550,0.24310,0.20080,0.02491,0.01086
78,0.04957,0.14419,0.01823,0.01126,0.04155,0.00752,0.01039,0.15665,0.01794,0.06667,0.14939,0.00895,0.00479,0.01294,0.00485,0.00425,0.07117,0.18737,0.01087,0.02145
79,0.00916,0.02949,0.58158,0.02493,0.03088,0.01443,0.01643,0.02820,0.03608,0.01143,0.03160,0.04960,0.00839,0.03149,0.00897,0.00823,0.00914,0.01128,0.02513,0.03358
80,0.00784,0.02114,0.01745,0.01981,0.03696,0.00943,0.02448,0.17151,0.02324,0.41237,0.13635,0.01543,0.01219,0.01917,0.00707,0.00536,0.00630,0.01184,0.02252,0.01954
81,0.01697,0.07054,0.02407,0.03154,0.02390,0.53361,0.02124,0.02092,0.03167,0.00749,0.02865,0.02287,0.01012,0.03245,0.01091,0.00882,0.01405,0.01504,0.05275,0.02240
82,0.23560,0.47714,0.01551,0.01982,0.01190,0.00929,0.01490,0.01594,0.01692,0.00408,0.01507,0.01461,0.00478,0.01463,0.01845,0.06221,0.01430,0.00691,0.00833,0.01960
83,0.00936,0.03419,0.03653,0.03017,0.02571,0.59655,0.01690,0.02131,0.03115,0.00940,0.03216,0.01451,0.00847,0.02855,0.00681,0.01870,0.00861,0.01456,0.03715,0.01920
84,0.02157,0.03828,0.05285,0.03575,0.05137,0.01984,0.09779,0.09493,0.02082,0.02652,0.07592,0.02700,0.08727,0.06667,0.14201,0.00851,0.03961,0.01996,0.03650,0.03681
85,0.01479,0.05517,0.04300,0.01501,0.05948,0.12242,0.10996,0.07810,0.02870,0.02323,0.04346,0.09067,0.02153,0.07674,0.02287,0.02962,0.03152,0.01715,0.02225,0.09433
86,0.01164,0.02131,0.01793,0.05379,0.02600,0.51510,0.01277,0.03435,0.05807,0.00904,0.05413,0.03077,0.00492,0.03545,0.00727,0.01654,0.01052,0.01919,0.04009,0.02112
87,0.01597,0.03383,0.04102,0.05061,0.03895,0.02098,0.02394,0.04379,0.04244,0.01327,0.03356,0.03517,0.00774,0.02394,0.00897,0.01257,0.01473,0.02087,0.47640,0.04127
88,0.19860,0.19162,0.01163,0.01855,0.01315,0.07125,0.00781,0.01267,0.02139,0.00437,0.01720,0.01161,0.00230,0.01664,0.00903,0.33748,0.01708,0.00867,0.01675,0.01219
89,0.00625,0.04218,0.02539,0.01463,0.08244,0.00594,0.02681,0.01101,0.01436,0.00631,0.01431,0.01112,0.00773,0.24193,0.00415,0.00406,0.00555,0.00630,0.04853,0.42100
90,0.01242,0.04807,0.04920,0.03708,0.08436,0.01007,0.06404,0.01982,0.03890,0.06167,0.02884,0.02027,0.00718,0.03073,0.00912,0.00900,0.00873,0.02381,0.05225,0.38443
91,0.10829,0.09440,0.00336,0.00504,0.00532,0.04779,0.00318,0.10593,0.00671,0.05032,0.14401,0.00845,0.00211,0.00457,0.00159,0.11567,0.14005,0.14432,0.00516,0.00374
92,0.48414,0.10198,0.01446,0.02646,0.01928,0.09357,0.00949,0.02194,0.02845,0.00630,0.03446,0.01586,0.00340,0.02090,0.00552,0.02557,0.00445,0.03077,0.03268,0.02033
93,0.08491,0.05714,0.00692,0.01370,0.00672,0.11122,0.02962,0.05531,0.01091,0.00246,0.01100,0.01581,0.00148,0.01213,0.00319,0.11314,0.39025,0.05590,0.01076,0.00743
94,0.03793,0.06248,0.08153,0.00981,0.00554,0.02177,0.07227,0.16439,0.01305,0.14460,0.03047,0.09445,0.00220,0.08701,0.00295,0.02853,0.01758,0.08316,0.02011,0.02018
95,0.04641,0.02628,0.00330,0.00564,0.01149,0.04770,0.02209,0.03734,0.09655,0.08402,0.07600,0.11134,0.04898,0.05946,0.12802,0.07116,0.06908,0.04635,0.00550,0.00329
96,0.09109,0.01913,0.02035,0.10564,0.07372,0.00847,0.08516,0.03163,0.04659,0.16498,0.02494,0.01924,0.05719,0.01903,0.01597,0.03332,0.04862,0.01253,0.05013,0.07228
97,0.03650,0.07040,0.05597,0.02004,0.05640,0.00420,0.11697,0.06683,0.07791,0.01361,0.02959,0.09081,0.02688,0.04715,0.01162,0.01935,0.03980,0.12359,0.02912,0.06327
98,0.01272,0.03005,0.03189,0.02426,0.03360,0.01254,0.02323,0.10371,0.02505,0.01177,0.03015,0.02333,0.00561,0.53984,0.00914,0.01303,0.00738,0.01399,0.02979,0.01892
99,0.02244,0.05244,0.25366,0.31080,0.01586,0.02047,0.00760,0.04061,0.00684,0.06995,0.06377,0.01058,0.00322,0.03705,0.00511,0.00639,0.00556,0.04258,0.01445,0.01062
100,0.01436,0.23324,0.01573,0.01654,0.01628,0.01527,0.01777,0.17822,0.02152,0.00545,0.01259,0.02217,0.00443,0.01709,0.00563,0.00533,0.00745,0.35513,0.02174,0.01408
101,0.05674,0.08133,0.00626,0.00881,0.03190,0.06665,0.06302,0.06365,0.09849,0.09053,0.05503,0.04007,0.00093,0.05253,0.10108,0.05165,0.01574,0.05221,0.02761,0.03575
102,0.03018,0.01092,0.01601,0.04824,0.01074,0.72010,0.00851,0.01410,0.01971,0.00373,0.01716,0.01199,0.00340,0.01329,0.01003,0.00646,0.00583,0.01958,0.01906,0.01095
103,0.00456,0.01715,0.00883,0.01172,0.16441,0.00415,0.03166,0.08067,0.01086,0.10631,0.06261,0.00613,0.00158,0.00710,0.00255,0.00303,0.00219,0.11659,0.15236,0.20554
104,0.03545,0.02280,0.01737,0.03486,0.02016,0.01152,0.00752,0.01777,0.02045,0.00569,0.02136,0.01248,0.00438,0.01412,0.00519,0.05947,0.63498,0.01022,0.02966,0.01455
105,0.05377,0.06084,0.01477,0.01479,0.02347,0.00805,0.06918,0.04972,0.16011,0.04980,0.06333,0.05214,0.00153,0.07760,0.08297,0.04110,0.04171,0.06315,0.03039,0.04158
106,0.16027,0.01396,0.01474,0.04458,0.01133,0.53187,0.00878,0.01779,0.01818,0.00451,0.02162,0.01577,0.00694,0.01892,0.01631,0.04227,0.01430,0.00747,0.01916,0.01122
107,0.05743,0.03289,0.05368,0.03331,0.02143,0.50235,0.01456,0.02660,0.04010,0.01880,0.02967,0.02041,0.00869,0.03236,0.00632,0.02007,0.01826,0.01202,0.02775,0.02328
108,0.10382,0.08526,0.04154,0.02469,0.04844,0.01291,0.04884,0.07332,0.04184,0.00814,0.04359,0.03180,0.17082,0.03060,0.04334,0.04845,0.05272,0.04613,0.02217,0.02156
109,0.06146,0.07001,0.04957,0.06384,0.01396,0.14481,0.06500,0.00536,0.04656,0.00542,0.05303,0.09457,0.00129,0.12580,0.02520,0.08267,0.04692,0.01428,0.00547,0.02477
110,0.02081,0.01063,0.00734,0.01388,0.01392,0.04043,0.45301,0.00838,0.01135,0.00255,0.01065,0.01273,0.00151,0.33030,0.00658,0.00352,0.00259,0.00509,0.01327,0.03147
