site,A,C,D,E,F,G,H,I,K,L,M,N,P,Q,R,S,T,V,W,Y
0,0.01297,0.04890,0.02701,0.01966,0.01489,0.04066,0.03594,0.01549,0.10376,0.01729,0.01592,0.02441,0.02434,0.01566,0.49165,0.03453,0.01430,0.00793,0.01364,0.02104
1,0.02074,0.01708,0.01821,0.03834,0.01985,0.53918,0.03997,0.01854,0.01706,0.01110,0.01638,0.02620,0.04362,0.02696,0.05327,0.01442,0.02583,0.01759,0.01158,0.02409
2,0.00942,0.04224,0.04916,0.01146,0.01089,0.70710,0.01146,0.01296,0.01293,0.00646,0.01303,0.01208,0.00649,0.01260,0.00652,0.03142,0.00836,0.01278,0.00986,0.01279
3,0.09966,0.05447,0.01384,0.04094,0.01528,0.57186,0.01592,0.01639,0.01475,0.00581,0.01623,0.01631,0.00811,0.01589,0.02179,0.00900,0.00956,0.01671,0.02022,0.01725
4,0.04612,0.06365,0.03401,0.03281,0.04087,0.02794,0.04470,0.07612,0.05064,0.04902,0.03378,0.05848,0.00407,0.12442,0.05872,0.06756,0.06726,0.07638,0.01584,0.02764
5,0.12302,0.06284,0.00870,0.03450,0.01364,0.51338,0.00707,0.00908,0.01238,0.00301,0.00915,0.00931,0.00372,0.00945,0.01670,0.12827,0.00535,0.01233,0.00580,0.01228
6,0.04311,0.04118,0.11976,0.14956,0.04578,0.01428,0.03485,0.02875,0.01422,0.02617,0.05487,0.04613,0.00643,0.09696,0.00737,0.06069,0.05141,0.04750,0.05827,0.05271
7,0.04517,0.05015,0.01263,0.01252,0.01275,0.00494,0.01241,0.03861,0.01165,0.00471,0.01263,0.01824,0.01683,0.01207,0.00423,0.04506,0.65025,0.01467,0.00937,0.01110
8,0.03527,0.15191,0.00439,0.00585,0.00459,0.00950,0.00373,0.15423,0.00431,0.20824,0.01084,0.01178,0.05103,0.00966,0.00444,0.02834,0.10961,0.18497,0.00317,0.00412
9,0.00893,0.01386,0.01307,0.04537,0.01382,0.71667,0.01347,0.01323,0.01831,0.00527,0.01727,0.01821,0.00729,0.01752,0.02737,0.00767,0.00852,0.01187,0.00992,0.01237
10,0.04928,0.09933,0.06515,0.14054,0.03049,0.01778,0.03263,0.06948,0.01786,0.02977,0.03499,0.03104,0.00206,0.09341,0.02960,0.02710,0.01331,0.10437,0.06621,0.04559
11,0.04844,0.01764,0.01166,0.03492,0.03516,0.02448,0.06578,0.06654,0.15329,0.09291,0.10255,0.05852,0.00381,0.05348,0.06290,0.03794,0.03188,0.07911,0.00697,0.01203
12,0.02064,0.04750,0.03304,0.02966,0.05077,0.01975,0.03388,0.02880,0.03183,0.04192,0.02722,0.03533,0.03185,0.04129,0.04515,0.02550,0.02887,0.01280,0.32716,0.08705
13,0.02045,0.02396,0.02541,0.04121,0.02567,0.01062,0.08894,0.05077,0.40196,0.01755,0.01870,0.03909,0.01465,0.03585,0.06535,0.02063,0.04156,0.01209,0.01546,0.03008
14,0.06160,0.03823,0.02800,0.02084,0.06058,0.08226,0.08233,0.06964,0.03013,0.04973,0.08359,0.06240,0.00196,0.05338,0.02948,0.07371,0.06440,0.04254,0.02486,0.04036
15,0.09941,0.05006,0.01674,0.06122,0.00865,0.06054,0.02939,0.02047,0.09954,0.04401,0.05898,0.07531,0.00259,0.07111,0.11511,0.09851,0.05413,0.02577,0.00243,0.00604
16,0.00562,0.01800,0.00967,0.00940,0.00827,0.00382,0.00857,0.15166,0.00892,0.26369,0.18758,0.01080,0.03719,0.04229,0.00752,0.00387,0.03695,0.17157,0.00636,0.00822
17,0.09340,0.04265,0.03475,0.01043,0.01355,0.06948,0.04654,0.03506,0.03040,0.03147,0.04072,0.23161,0.00571,0.05161,0.03829,0.08955,0.04514,0.04541,0.00946,0.03476
18,0.05253,0.06462,0.04441,0.06088,0.03390,0.06687,0.07158,0.06428,0.03417,0.07157,0.05025,0.05031,0.00283,0.06417,0.04510,0.06619,0.06000,0.05970,0.01492,0.02173
19,0.01511,0.07309,0.01058,0.00686,0.11399,0.00505,0.03718,0.07722,0.01988,0.23333,0.20198,0.00762,0.00332,0.07222,0.00409,0.00920,0.01783,0.01882,0.00741,0.06525
20,0.09350,0.06701,0.08729,0.04352,0.00900,0.07138,0.04407,0.02166,0.01904,0.03470,0.03567,0.04373,0.06993,0.08799,0.01978,0.08772,0.06586,0.06144,0.00623,0.03049
21,0.08215,0.01738,0.03412,0.02569,0.00626,0.10189,0.05344,0.01176,0.03194,0.03280,0.04806,0.06216,0.07870,0.09148,0.06606,0.11190,0.09366,0.02504,0.01334,0.01219
22,0.04434,0.05486,0.04040,0.03934,0.05757,0.04344,0.05934,0.07083,0.01368,0.06248,0.07514,0.03912,0.08738,0.06346,0.01742,0.03518,0.04589,0.06649,0.02858,0.05507
23,0.04735,0.07346,0.11383,0.11593,0.02367,0.05664,0.06082,0.02693,0.01905,0.02179,0.05466,0.06297,0.01840,0.11954,0.00928,0.05145,0.04462,0.04203,0.01911,0.01847
24,0.01538,0.03456,0.02488,0.01714,0.36410,0.00845,0.05332,0.05140,0.01856,0.02003,0.01501,0.02447,0.03717,0.02314,0.00924,0.02496,0.02016,0.01478,0.12804,0.09520
25,0.07969,0.04000,0.02678,0.01610,0.05498,0.02357,0.09163,0.06598,0.01739,0.07816,0.06803,0.08097,0.00792,0.05840,0.04116,0.06850,0.04914,0.04843,0.00681,0.07636
26,0.01235,0.02890,0.03491,0.02868,0.01374,0.00341,0.03638,0.02394,0.09701,0.01123,0.04739,0.12180,0.06064,0.11439,0.06926,0.12877,0.12105,0.02657,0.00530,0.01429
27,0.01119,0.04083,0.04209,0.01358,0.22025,0.00768,0.05091,0.02032,0.01663,0.00718,0.02129,0.02905,0.01316,0.02000,0.00862,0.01821,0.01157,0.00886,0.01422,0.42437
28,0.01608,0.02318,0.01921,0.05486,0.01367,0.01175,0.06003,0.05957,0.34591,0.00933,0.01384,0.04579,0.01188,0.03954,0.13579,0.01193,0.04335,0.02257,0.01237,0.04934
29,0.08363,0.02949,0.00938,0.03465,0.01877,0.04119,0.03429,0.04051,0.17681,0.04722,0.03463,0.05001,0.00740,0.05954,0.14944,0.07552,0.04614,0.04108,0.00576,0.01456
30,0.16873,0.13821,0.02775,0.01466,0.01377,0.01872,0.05602,0.02608,0.01838,0.02748,0.01631,0.12075,0.01933,0.02834,0.02061,0.17176,0.06914,0.01842,0.01326,0.01228
31,0.19349,0.05835,0.02909,0.01641,0.01584,0.36852,0.03367,0.01730,0.01577,0.00728,0.01674,0.04506,0.01101,0.02424,0.01092,0.07327,0.01025,0.02065,0.01474,0.01741
32,0.01566,0.13162,0.02209,0.02235,0.03556,0.00903,0.01976,0.34494,0.01777,0.01379,0.02262,0.05065,0.01184,0.02191,0.00893,0.02719,0.07970,0.10225,0.01984,0.02248
33,0.04613,0.02805,0.01000,0.00716,0.01813,0.00630,0.08999,0.04380,0.02442,0.08811,0.03420,0.03524,0.01002,0.06761,0.02552,0.08273,0.13667,0.03695,0.16424,0.04473
34,0.02478,0.01833,0.09086,0.49409,0.02220,0.05868,0.01854,0.01841,0.03703,0.01096,0.02595,0.01681,0.01061,0.03116,0.01058,0.01624,0.01431,0.03720,0.02121,0.02204
35,0.04653,0.09005,0.01491,0.01959,0.01106,0.01070,0.01072,0.18044,0.01724,0.01139,0.02482,0.01574,0.03821,0.01229,0.00417,0.01544,0.13068,0.32237,0.00770,0.01597
36,0.09314,0.07048,0.02737,0.03458,0.04999,0.04032,0.05510,0.03275,0.01638,0.04901,0.07740,0.06940,0.06282,0.06028,0.02061,0.06296,0.05439,0.05648,0.02541,0.04113
37,0.02176,0.03365,0.03335,0.02350,0.02576,0.03123,0.03108,0.04446,0.04963,0.01715,0.02575,0.04039,0.03131,0.02809,0.42570,0.03730,0.02748,0.01517,0.02612,0.03115
38,0.07315,0.01760,0.16881,0.23941,0.02059,0.04122,0.02273,0.04371,0.02746,0.02496,0.02380,0.08923,0.00341,0.02904,0.00474,0.03388,0.06055,0.03476,0.02164,0.01931
39,0.03138,0.00964,0.10604,0.19807,0.01593,0.03800,0.04566,0.06755,0.01773,0.04517,0.05974,0.03912,0.07029,0.08429,0.00688,0.03112,0.05557,0.05454,0.00938,0.01390
40,0.45538,0.01900,0.03638,0.01413,0.01680,0.01616,0.02195,0.02061,0.01768,0.00714,0.01803,0.01838,0.02232,0.01920,0.00764,0.16321,0.03131,0.05578,0.02443,0.01447
41,0.06371,0.02897,0.00672,0.00888,0.00733,0.00668,0.01648,0.11081,0.14811,0.03155,0.06684,0.01218,0.00483,0.08684,0.14373,0.04686,0.07625,0.11942,0.00516,0.00867
42,0.10580,0.03791,0.01896,0.03406,0.01363,0.02894,0.05916,0.05711,0.02425,0.06035,0.06782,0.08437,0.00183,0.08631,0.09153,0.07047,0.08636,0.04224,0.01384,0.01507
43,0.31532,0.10091,0.01942,0.03066,0.02064,0.01136,0.04217,0.02030,0.02522,0.05317,0.09190,0.03704,0.00978,0.04345,0.02945,0.05956,0.01769,0.03045,0.01556,0.02594
44,0.01441,0.01502,0.01100,0.01432,0.09247,0.00925,0.04373,0.16632,0.01320,0.36496,0.08274,0.01049,0.02326,0.02382,0.01162,0.00492,0.00919,0.05186,0.01601,0.02141
45,0.06542,0.04310,0.04734,0.05234,0.02767,0.04348,0.06687,0.04057,0.08333,0.07752,0.06137,0.06076,0.00122,0.07530,0.03750,0.06825,0.05288,0.04003,0.01406,0.04101
46,0.05664,0.07266,0.14721,0.10129,0.01640,0.05405,0.05158,0.02840,0.01519,0.04020,0.03363,0.06288,0.00190,0.09654,0.01562,0.10246,0.05452,0.02341,0.00947,0.01595
47,0.04199,0.05885,0.01138,0.02845,0.01419,0.23332,0.07960,0.00673,0.07865,0.01783,0.05429,0.13336,0.00323,0.09182,0.05667,0.05517,0.00525,0.01034,0.00992,0.00895
48,0.04279,0.09085,0.04096,0.03930,0.06796,0.02033,0.04444,0.04912,0.02479,0.06016,0.04450,0.06481,0.03686,0.06791,0.03445,0.02028,0.06106,0.10917,0.02245,0.05780
49,0.04467,0.04967,0.07553,0.03037,0.07708,0.02482,0.02824,0.03542,0.07829,0.07464,0.04909,0.05173,0.01797,0.04607,0.03865,0.04817,0.05877,0.05028,0.04174,0.07880
50,0.04514,0.06029,0.13107,0.04742,0.03219,0.04092,0.07327,0.04089,0.02914,0.02535,0.03523,0.12298,0.00561,0.04453,0.01121,0.05265,0.07225,0.06866,0.03166,0.02954
51,0.11691,0.04557,0.02429,0.09132,0.01316,0.18026,0.05377,0.00757,0.04119,0.03168,0.02995,0.04743,0.00289,0.04245,0.02109,0.16521,0.05450,0.01658,0.00796,0.00622
52,0.01210,0.01677,0.01591,0.05391,0.01709,0.63569,0.01532,0.01800,0.01825,0.00728,0.01849,0.01747,0.00863,0.02409,0.04729,0.00772,0.00935,0.02129,0.01753,0.01782
53,0.01408,0.01415,0.01054,0.00947,0.23238,0.00437,0.31297,0.01286,0.00722,0.00445,0.01155,0.00965,0.00471,0.02621,0.03034,0.00359,0.00461,0.01662,0.09331,0.17692
54,0.27897,0.09027,0.01695,0.01149,0.00931,0.01086,0.00790,0.00874,0.00984,0.00401,0.01077,0.00937,0.22555,0.01009,0.00405,0.15714,0.08649,0.02617,0.01250,0.00952
55,0.03785,0.02980,0.01042,0.02874,0.01092,0.01121,0.01189,0.02820,0.01032,0.02446,0.01795,0.00912,0.18283,0.01081,0.00623,0.00445,0.01340,0.52949,0.01304,0.00884
56,0.01116,0.01590,0.01327,0.02009,0.04677,0.01170,0.01050,0.01762,0.01909,0.00710,0.02457,0.01348,0.04759,0.01486,0.00692,0.63197,0.00877,0.00988,0.01952,0.04925
57,0.01291,0.06759,0.01953,0.01540,0.01951,0.01837,0.01609,0.02126,0.02177,0.02044,0.03639,0.01585,0.01277,0.03309,0.48548,0.06729,0.03485,0.02186,0.03926,0.02028
58,0.01456,0.01544,0.01478,0.03987,0.01784,0.68927,0.01344,0.01675,0.01772,0.00621,0.01955,0.01486,0.00692,0.01432,0.03257,0.00863,0.00863,0.01808,0.01582,0.01475
59,0.14732,0.07285,0.01281,0.01293,0.01278,0.02247,0.00946,0.02925,0.01150,0.00451,0.01226,0.03400,0.00761,0.01008,0.01561,0.24932,0.18732,0.12018,0.01030,0.01746
60,0.16420,0.06686,0.01913,0.05020,0.05175,0.03230,0.02405,0.02603,0.02445,0.00912,0.02375,0.02721,0.02126,0.02169,0.00768,0.29077,0.05231,0.03912,0.01538,0.03276
61,0.02910,0.02216,0.02275,0.04069,0.01906,0.00972,0.02779,0.02119,0.50040,0.00880,0.03985,0.04684,0.01977,0.04498,0.05189,0.01517,0.03285,0.01012,0.01595,0.02091
62,0.00582,0.01322,0.01115,0.01481,0.20280,0.00668,0.02160,0.09819,0.01105,0.47129,0.01541,0.00775,0.02741,0.01192,0.00854,0.00472,0.00507,0.04072,0.01247,0.00938
63,0.16478,0.05116,0.02058,0.05643,0.01894,0.07618,0.00618,0.02803,0.02553,0.02679,0.08602,0.00861,0.00160,0.08720,0.05736,0.12539,0.05772,0.05974,0.02080,0.02095
64,0.00885,0.03027,0.01620,0.01557,0.08697,0.01972,0.01157,0.01326,0.01321,0.01319,0.01296,0.01207,0.00641,0.01227,0.05132,0.00835,0.00778,0.00943,0.59058,0.06003
65,0.00900,0.02298,0.01696,0.01856,0.03169,0.00935,0.01453,0.02632,0.01599,0.45475,0.19599,0.01486,0.01099,0.01893,0.00986,0.04046,0.01000,0.02209,0.03909,0.01760
66,0.18563,0.07564,0.01489,0.02874,0.01577,0.01942,0.01717,0.02996,0.01434,0.01025,0.02976,0.01198,0.00536,0.01945,0.00530,0.04573,0.14420,0.29608,0.01378,0.01655
67,0.01666,0.02120,0.07541,0.58955,0.01763,0.03051,0.01585,0.01670,0.05179,0.00638,0.01919,0.01103,0.00568,0.01730,0.01677,0.01585,0.00845,0.03200,0.01788,0.01416
68,0.01101,0.01798,0.01836,0.01958,0.01658,0.04851,0.01275,0.03603,0.05291,0.00729,0.02035,0.01389,0.00813,0.01825,0.61125,0.03037,0.01201,0.01235,0.01748,0.01494
69,0.10384,0.01527,0.05960,0.03407,0.00971,0.57197,0.00834,0.00808,0.00961,0.00333,0.01095,0.05299,0.00272,0.01751,0.02360,0.03161,0.00370,0.01380,0.01103,0.00828
70,0.00502,0.03271,0.01213,0.00940,0.14216,0.00774,0.04678,0.06232,0.00654,0.27257,0.12981,0.00715,0.00242,0.00585,0.00326,0.00626,0.00352,0.01058,0.02625,0.20754
71,0.03105,0.19440,0.01183,0.01326,0.04696,0.00667,0.00748,0.08743,0.01243,0.22734,0.12616,0.00954,0.03338,0.02213,0.01523,0.00537,0.04226,0.08527,0.01047,0.01136
72,0.05176,0.05705,0.10330,0.14108,0.03756,0.06951,0.07552,0.02619,0.03344,0.05249,0.03735,0.02524,0.01759,0.06616,0.01490,0.05122,0.04688,0.03515,0.02671,0.03090
73,0.02980,0.05449,0.02843,0.02410,0.02992,0.01323,0.07434,0.02890,0.02481,0.03993,0.05330,0.02684,0.37398,0.03376,0.01477,0.03487,0.04558,0.01851,0.01917,0.03129
74,0.02855,0.08438,0.01275,0.04246,0.10365,0.03872,0.04415,0.07719,0.00618,0.11222,0.09963,0.03371,0.00373,0.03290,0.00362,0.02278,0.02022,0.08077,0.02507,0.12732
75,0.01656,0.02049,0.01945,0.04226,0.01699,0.61918,0.01701,0.02152,0.01966,0.00884,0.01806,0.01758,0.00875,0.01836,0.03764,0.00914,0.01015,0.02241,0.03711,0.01882
76,0.04369,0.05518,0.01013,0.01145,0.06182,0.00621,0.19822,0.01199,0.10783,0.04275,0.03522,0.01444,0.00325,0.02930,0.16070,0.03973,0.02501,0.02465,0.02095,0.09748
77,0.02805,0.20887,0.01887,0.01929,0.01608,0.03615,0.01003,0.03535,0.01495,0.07097,0.01306,0.00877,0.00617,0.01131,0.00661,0.00525,0.23370,0.23060,0.01655,0.00936
78,0.04596,0.13912,0.03005,0.01020,0.04720,0.01458,0.00942,0.10760,0.01452,0.07236,0.13750,0.00846,0.00560,0.01171,0.00497,0.00514,0.07110,0.22649,0.01011,0.02789
79,0.01653,0.01882,0.64225,0.02839,0.01901,0.03282,0.01406,0.01837,0.02078,0.00940,0.01942,0.04155,0.00738,0.01947,0.00774,0.00731,0.00788,0.02027,0.01693,0.03164
80,0.00713,0.01504,0.01336,0.01513,0.04042,0.00816,0.03507,0.16211,0.01675,0.47461,0.09291,0.01231,0.02433,0.01412,0.01385,0.00518,0.00593,0.01364,0.01568,0.01430
81,0.01842,0.02965,0.01785,0.04064,0.01688,0.63763,0.01556,0.01563,0.02052,0.00740,0.01932,0.01597,0.00905,0.02042,0.03194,0.00809,0.01167,0.02090,0.02614,0.01633
82,0.23441,0.46432,0.01130,0.01244,0.01593,0.01068,0.01015,0.01092,0.01100,0.00330,0.01075,0.01024,0.00382,0.01025,0.02908,0.07608,0.01841,0.00542,0.01711,0.03440
83,0.01394,0.03484,0.04496,0.01875,0.01699,0.66323,0.01261,0.01518,0.01966,0.00815,0.01933,0.01154,0.00744,0.01844,0.00652,0.02416,0.00746,0.02187,0.02127,0.01364
84,0.02411,0.03038,0.03032,0.02812,0.03458,0.04586,0.04023,0.06987,0.04712,0.02666,0.03992,0.02642,0.03959,0.03465,0.32672,0.03306,0.04116,0.02365,0.02749,0.03010
85,0.02791,0.03337,0.03277,0.04112,0.03675,0.30373,0.04320,0.03959,0.02889,0.02595,0.03461,0.04396,0.02485,0.03816,0.05512,0.02777,0.02873,0.03600,0.05435,0.04316
86,0.01798,0.02664,0.03563,0.03428,0.01744,0.61226,0.01085,0.02178,0.02761,0.00842,0.02622,0.01977,0.00487,0.02162,0.00888,0.02956,0.01085,0.02554,0.02375,0.01605
87,0.01316,0.03662,0.02456,0.02551,0.02470,0.02889,0.01776,0.02556,0.02489,0.02419,0.02231,0.02171,0.00764,0.01916,0.02576,0.01197,0.01250,0.01580,0.58889,0.02840
88,0.19913,0.17932,0.01165,0.01306,0.01011,0.07678,0.00647,0.01709,0.01451,0.00395,0.01274,0.02287,0.00225,0.01199,0.01285,0.35358,0.02269,0.00717,0.01179,0.01000
89,0.00495,0.04750,0.02677,0.01028,0.09179,0.00483,0.03546,0.00786,0.00997,0.00862,0.01215,0.01361,0.00593,0.23147,0.00385,0.00514,0.00460,0.00513,0.05684,0.41325
90,0.01019,0.04173,0.04264,0.02809,0.07311,0.00879,0.04306,0.01625,0.02299,0.06490,0.02516,0.03064,0.00828,0.02775,0.00912,0.01165,0.00923,0.03035,0.05260,0.44347
91,0.11358,0.09120,0.00540,0.00453,0.00470,0.04024,0.00292,0.11909,0.00700,0.05165,0.13933,0.00771,0.00207,0.00414,0.00151,0.11601,0.13314,0.14764,0.00477,0.00338
92,0.52716,0.09988,0.02246,0.01707,0.01357,0.10013,0.00796,0.01563,0.01766,0.00545,0.02014,0.01205,0.00533,0.01476,0.00510,0.03227,0.01412,0.03608,0.01868,0.01448
93,0.07758,0.05908,0.00552,0.00966,0.00546,0.12545,0.03131,0.04137,0.00874,0.00219,0.01075,0.02094,0.00228,0.01255,0.00282,0.13139,0.39125,0.04678,0.00800,0.00687
94,0.03821,0.06131,0.08466,0.01264,0.00785,0.02286,0.08063,0.15903,0.01286,0.12709,0.03122,0.09782,0.00223,0.07927,0.00349,0.03035,0.02275,0.07445,0.02615,0.02513
95,0.04728,0.02867,0.00397,0.00550,0.01433,0.05110,0.02559,0.03804,0.09093,0.07871,0.08105,0.09954,0.04906,0.06126,0.13031,0.07167,0.06908,0.04481,0.00570,0.00340
96,0.06537,0.02020,0.01911,0.04882,0.08093,0.01390,0.07966,0.04593,0.05749,0.12054,0.02972,0.03251,0.06044,0.04965,0.03554,0.04394,0.05439,0.02037,0.05070,0.07081
97,0.04504,0.05891,0.04040,0.03142,0.03631,0.01240,0.04840,0.03999,0.03882,0.03531,0.04358,0.04256,0.02739,0.03531,0.01767,0.02300,0.06146,0.29658,0.02739,0.03807
98,0.01130,0.02233,0.01773,0.02194,0.03091,0.00979,0.02972,0.11005,0.02486,0.01724,0.03277,0.02357,0.00846,0.54004,0.02515,0.01701,0.00632,0.01235,0.02383,0.01462
99,0.02624,0.05074,0.22906,0.31440,0.01318,0.02985,0.00759,0.03800,0.02078,0.07187,0.06110,0.01003,0.00324,0.03889,0.00478,0.00871,0.00739,0.04343,0.01131,0.00939
100,0.02618,0.19933,0.01245,0.02212,0.01270,0.02102,0.01322,0.15490,0.01491,0.00918,0.02537,0.01562,0.00425,0.01254,0.00543,0.00511,0.00789,0.41039,0.01572,0.01169
101,0.05456,0.07658,0.00607,0.01151,0.03913,0.05717,0.06667,0.05834,0.09617,0.08893,0.05828,0.04409,0.00091,0.05999,0.09811,0.05199,0.01619,0.04807,0.02759,0.03966
102,0.03653,0.00910,0.01122,0.04099,0.00850,0.74704,0.00705,0.01069,0.01337,0.00330,0.01200,0.00910,0.00306,0.01026,0.01665,0.00827,0.00489,0.02643,0.01325,0.00828
103,0.00440,0.02631,0.00939,0.00963,0.16532,0.00394,0.03343,0.07805,0.00928,0.09649,0.05584,0.01113,0.00159,0.00624,0.00310,0.00554,0.00244,0.10087,0.15071,0.22629
104,0.03981,0.01514,0.01230,0.01928,0.01373,0.00899,0.00615,0.03478,0.02304,0.00576,0.01589,0.00965,0.00868,0.01199,0.00537,0.06832,0.66285,0.00963,0.01778,0.01086
105,0.06266,0.05376,0.01865,0.02144,0.02556,0.01055,0.06423,0.04702,0.14416,0.04551,0.05469,0.06285,0.00127,0.07528,0.07694,0.05042,0.04818,0.05971,0.03355,0.04357
106,0.18814,0.01067,0.01036,0.04579,0.00835,0.53889,0.00715,0.01228,0.01296,0.00450,0.01455,0.01094,0.00622,0.01503,0.02263,0.04568,0.01499,0.00976,0.01255,0.00855
107,0.06506,0.04101,0.04495,0.02889,0.01819,0.52363,0.01448,0.01864,0.02301,0.02410,0.02489,0.01722,0.01120,0.03092,0.00815,0.03121,0.02156,0.01605,0.01673,0.02011
108,0.11868,0.08046,0.02381,0.01704,0.03004,0.01717,0.05936,0.05812,0.03994,0.02179,0.02744,0.02992,0.19324,0.01874,0.05534,0.04803,0.06593,0.05749,0.01718,0.02027
109,0.06422,0.06825,0.04970,0.06422,0.01352,0.13876,0.07554,0.00483,0.05493,0.00641,0.04827,0.10030,0.00109,0.09467,0.03216,0.08615,0.04723,0.01583,0.00623,0.02768
110,0.02269,0.00944,0.00616,0.00993,0.01087,0.04637,0.45735,0.00647,0.01141,0.00310,0.01039,0.02132,0.00258,0.31129,0.01821,0.00352,0.00235,0.00455,0.00997,0.03201
