site,A,C,D,E,F,G,H,I,K,L,M,N,P,Q,R,S,T,V,W,Y
0,0.01911,0.02885,0.04557,0.03504,0.02127,0.02352,0.01672,0.02549,0.15343,0.00666,0.02603,0.05266,0.02919,0.02558,0.41155,0.00971,0.02155,0.00997,0.01333,0.02477
1,0.01503,0.01855,0.02022,0.00970,0.02187,0.27767,0.15083,0.02070,0.01692,0.00854,0.01672,0.03890,0.19299,0.04129,0.05263,0.01426,0.03586,0.00514,0.01044,0.03176
2,0.01014,0.02681,0.10250,0.01763,0.01612,0.61351,0.01713,0.01970,0.01967,0.00926,0.02014,0.01899,0.00846,0.02016,0.00667,0.01573,0.01141,0.01327,0.01348,0.01923
3,0.14727,0.08370,0.01914,0.06582,0.02179,0.42522,0.02214,0.02401,0.01914,0.00655,0.02344,0.02317,0.00953,0.02384,0.00535,0.00718,0.01183,0.02119,0.01179,0.02790
4,0.04329,0.06851,0.03689,0.03088,0.07304,0.04121,0.06440,0.04929,0.03415,0.06105,0.04056,0.07566,0.00492,0.09349,0.06317,0.06957,0.05195,0.05169,0.02333,0.02296
5,0.03421,0.07534,0.01286,0.06350,0.01616,0.55095,0.01092,0.01519,0.01921,0.00412,0.01501,0.01601,0.00533,0.01650,0.01864,0.08814,0.00679,0.00492,0.00893,0.01729
6,0.04554,0.05013,0.16400,0.19686,0.04379,0.02221,0.02601,0.02116,0.01217,0.01508,0.04653,0.03976,0.00365,0.06685,0.00319,0.06404,0.03326,0.03279,0.06236,0.05061
7,0.03592,0.05754,0.02063,0.02208,0.02115,0.00640,0.01976,0.02460,0.01886,0.00598,0.01905,0.01905,0.01119,0.01960,0.00560,0.02901,0.62161,0.01016,0.01450,0.01730
8,0.01965,0.13590,0.00711,0.01010,0.00754,0.00600,0.00584,0.19637,0.00719,0.25038,0.00522,0.01143,0.02417,0.00532,0.00362,0.00835,0.06581,0.21828,0.00513,0.00658
9,0.00896,0.02318,0.02065,0.02486,0.02308,0.64705,0.02192,0.02110,0.03119,0.00687,0.03077,0.03396,0.01002,0.02927,0.00474,0.00935,0.01232,0.00678,0.01438,0.01953
10,0.04416,0.10291,0.08083,0.16065,0.02243,0.01968,0.02423,0.06490,0.00348,0.02825,0.03356,0.02999,0.00271,0.05708,0.03737,0.02682,0.00964,0.10527,0.10111,0.04493
11,0.06396,0.01965,0.02218,0.00237,0.03827,0.01644,0.04872,0.04030,0.18262,0.12466,0.10764,0.04377,0.00604,0.04104,0.04481,0.02566,0.04148,0.10699,0.00835,0.01504
12,0.02098,0.03165,0.05822,0.04429,0.07758,0.01234,0.07125,0.04074,0.05206,0.01602,0.03423,0.07353,0.05195,0.06141,0.01789,0.01868,0.03858,0.00964,0.14205,0.12689
13,0.02149,0.03070,0.04971,0.02607,0.04424,0.00775,0.16255,0.07877,0.24885,0.01851,0.02652,0.01748,0.01651,0.02653,0.06350,0.02575,0.03023,0.01077,0.01799,0.07607
14,0.06040,0.04530,0.02192,0.01845,0.03662,0.07114,0.09354,0.09993,0.00772,0.05304,0.10321,0.07683,0.00181,0.06540,0.01380,0.06272,0.06139,0.05014,0.01576,0.04090
15,0.10111,0.04649,0.01425,0.03171,0.00912,0.08730,0.02927,0.02897,0.09682,0.03900,0.03862,0.08601,0.00229,0.06685,0.12338,0.09462,0.05997,0.03473,0.00312,0.00638
16,0.00421,0.01006,0.01108,0.01115,0.00894,0.00369,0.00964,0.16612,0.00982,0.19291,0.17725,0.01212,0.00289,0.10413,0.00341,0.00344,0.06820,0.18501,0.00672,0.00921
17,0.10162,0.03440,0.01356,0.01337,0.02146,0.08200,0.06228,0.04303,0.01908,0.02832,0.03984,0.18982,0.00591,0.05365,0.03552,0.08334,0.06569,0.05738,0.01062,0.03911
18,0.05206,0.06745,0.04471,0.07563,0.04382,0.04172,0.05432,0.08160,0.02024,0.08325,0.06700,0.05646,0.00100,0.06225,0.03162,0.04715,0.05518,0.07052,0.02138,0.02264
19,0.02476,0.10836,0.00900,0.00549,0.12017,0.00368,0.09028,0.12881,0.02884,0.13920,0.10864,0.00602,0.00225,0.06599,0.00178,0.02027,0.00161,0.00549,0.01048,0.11888
20,0.08447,0.08881,0.13603,0.04747,0.01288,0.07358,0.04512,0.03289,0.00656,0.04033,0.02219,0.02514,0.03428,0.06920,0.00271,0.06270,0.08445,0.07644,0.00599,0.04875
21,0.07933,0.01838,0.00610,0.00991,0.00738,0.16345,0.05363,0.01495,0.00873,0.04942,0.05699,0.06038,0.09443,0.01850,0.04615,0.10372,0.11413,0.05043,0.02342,0.02057
22,0.01783,0.04193,0.01579,0.02259,0.08883,0.01102,0.03668,0.13847,0.00470,0.09090,0.07178,0.01834,0.13784,0.02206,0.00246,0.01487,0.03073,0.09309,0.05409,0.08601
23,0.02783,0.07837,0.14132,0.11565,0.04699,0.05187,0.04444,0.03834,0.00276,0.02064,0.05490,0.03602,0.03360,0.12798,0.00660,0.04188,0.02073,0.05774,0.02889,0.02344
24,0.01661,0.02044,0.03817,0.01945,0.20797,0.00737,0.10350,0.06626,0.02371,0.00168,0.01658,0.03788,0.05409,0.03291,0.00741,0.00265,0.02361,0.00566,0.07465,0.23941
25,0.09626,0.04210,0.02928,0.00973,0.02894,0.02944,0.10505,0.05817,0.00641,0.10146,0.09036,0.07683,0.00826,0.03686,0.03227,0.06233,0.04222,0.05559,0.00295,0.08550
26,0.00309,0.03056,0.02957,0.00717,0.01552,0.00128,0.02420,0.02187,0.04532,0.01745,0.08375,0.13533,0.07341,0.14994,0.04777,0.11725,0.15119,0.02674,0.00441,0.01419
27,0.00974,0.02046,0.02920,0.01244,0.52787,0.00577,0.02224,0.02282,0.01610,0.00553,0.01886,0.01827,0.01173,0.02116,0.00609,0.00697,0.01063,0.00645,0.01299,0.21468
28,0.01894,0.01760,0.02319,0.00988,0.01213,0.00770,0.08738,0.09500,0.18408,0.00610,0.01403,0.06034,0.01096,0.04846,0.23161,0.00825,0.04671,0.01804,0.01153,0.08807
29,0.05097,0.02114,0.01594,0.02374,0.02071,0.02643,0.02257,0.04040,0.19555,0.01770,0.00962,0.08375,0.01207,0.09179,0.16298,0.09292,0.06846,0.01811,0.00775,0.01739
30,0.19902,0.10770,0.02662,0.02246,0.01936,0.01661,0.06461,0.03353,0.01545,0.03725,0.01650,0.17184,0.00192,0.02342,0.00676,0.14400,0.05543,0.00878,0.01385,0.01491
31,0.21627,0.08478,0.00715,0.02495,0.02319,0.28534,0.02556,0.02753,0.02369,0.00827,0.02350,0.05595,0.01304,0.03730,0.01026,0.05043,0.01273,0.02107,0.02062,0.02839
32,0.01329,0.11611,0.03281,0.04013,0.02760,0.00987,0.02974,0.23902,0.02383,0.01014,0.02432,0.06442,0.01385,0.03735,0.00826,0.01110,0.11348,0.11640,0.02941,0.03887
33,0.06447,0.02120,0.01506,0.01001,0.01163,0.00665,0.18039,0.03284,0.01396,0.05533,0.04576,0.01695,0.00957,0.08426,0.01596,0.08754,0.13628,0.03231,0.10761,0.05223
34,0.01526,0.02890,0.16508,0.36200,0.03763,0.04662,0.02843,0.02817,0.01210,0.01104,0.02597,0.02529,0.01275,0.03605,0.01130,0.01171,0.01603,0.05876,0.03843,0.02849
35,0.02658,0.04392,0.02960,0.02006,0.01970,0.00896,0.01970,0.18040,0.03137,0.01414,0.00964,0.02633,0.01253,0.02270,0.00641,0.01354,0.10874,0.36426,0.01280,0.02862
36,0.06348,0.06832,0.02762,0.05442,0.03933,0.00977,0.04261,0.03346,0.02486,0.07647,0.13740,0.10560,0.06545,0.07243,0.00888,0.02370,0.05819,0.06072,0.00842,0.01887
37,0.02299,0.06475,0.05520,0.02698,0.03531,0.00260,0.04933,0.06151,0.05060,0.01681,0.03563,0.14039,0.04781,0.04000,0.19875,0.01386,0.03016,0.01370,0.03713,0.05649
38,0.06106,0.03935,0.26349,0.27094,0.03626,0.02554,0.01732,0.03389,0.01081,0.01081,0.02285,0.06531,0.00528,0.01894,0.00756,0.01581,0.02233,0.02538,0.02351,0.02356
39,0.03474,0.01905,0.14341,0.27114,0.01397,0.01847,0.04364,0.05971,0.00735,0.04333,0.04602,0.02591,0.06354,0.07420,0.00579,0.01985,0.04135,0.04689,0.01073,0.01091
40,0.37559,0.02403,0.02986,0.02144,0.02616,0.01295,0.04306,0.03388,0.03058,0.00869,0.03088,0.02551,0.00994,0.03447,0.00922,0.11094,0.04758,0.05039,0.05329,0.02155
41,0.02499,0.00170,0.00707,0.00952,0.00741,0.00210,0.00653,0.11362,0.28795,0.03636,0.08780,0.01750,0.00316,0.10303,0.09955,0.03186,0.05029,0.09739,0.00523,0.00694
42,0.12615,0.04574,0.01330,0.01836,0.01052,0.02286,0.04448,0.07037,0.02554,0.07103,0.07369,0.10509,0.00089,0.10071,0.07048,0.07027,0.08061,0.03802,0.00406,0.00785
43,0.39436,0.04226,0.01305,0.03058,0.02673,0.00787,0.03588,0.04417,0.04219,0.01491,0.08211,0.03618,0.00724,0.05669,0.01229,0.05133,0.00969,0.02695,0.03496,0.03055
44,0.01625,0.02342,0.01943,0.02779,0.07952,0.01522,0.04882,0.12489,0.02501,0.39774,0.05397,0.01588,0.01976,0.02924,0.00874,0.00644,0.01022,0.02307,0.03283,0.02175
45,0.07033,0.04026,0.04949,0.03318,0.02220,0.04378,0.06620,0.02818,0.07993,0.09109,0.05732,0.05800,0.00133,0.09015,0.04985,0.06516,0.05328,0.02640,0.01162,0.06223
46,0.08550,0.08503,0.16829,0.08708,0.01057,0.03224,0.05738,0.02576,0.00912,0.01428,0.03325,0.04425,0.00257,0.12364,0.01508,0.11944,0.05613,0.01608,0.00910,0.00522
47,0.03308,0.04065,0.01103,0.01416,0.01179,0.27995,0.04790,0.01133,0.07557,0.01219,0.06833,0.21881,0.00465,0.08338,0.02473,0.01961,0.00622,0.00682,0.01932,0.01049
48,0.00256,0.10167,0.05991,0.03490,0.14117,0.00698,0.05671,0.07538,0.02984,0.07747,0.02572,0.07435,0.03997,0.05972,0.01112,0.01343,0.04665,0.08252,0.02169,0.03823
49,0.03758,0.05622,0.03881,0.01154,0.09676,0.01738,0.02889,0.03257,0.11052,0.05772,0.06194,0.05120,0.00514,0.06397,0.03591,0.03658,0.05794,0.04312,0.03159,0.12463
50,0.02396,0.06333,0.16285,0.03787,0.01923,0.02110,0.10136,0.08935,0.01633,0.01792,0.02011,0.08730,0.00403,0.02533,0.00407,0.04329,0.08519,0.10850,0.04108,0.02782
51,0.16590,0.04596,0.01847,0.17008,0.00955,0.20184,0.01451,0.01065,0.03081,0.01594,0.01537,0.03582,0.00364,0.03122,0.01518,0.14008,0.03580,0.01668,0.01302,0.00947
52,0.01150,0.02804,0.02495,0.01737,0.02915,0.54300,0.02600,0.03187,0.03201,0.00914,0.03274,0.03335,0.01164,0.05327,0.02103,0.01006,0.01279,0.01157,0.02958,0.03093
53,0.00516,0.01035,0.01031,0.01114,0.19260,0.00497,0.26492,0.00994,0.00902,0.00307,0.00868,0.00750,0.00261,0.00542,0.03629,0.00343,0.00353,0.00495,0.07447,0.33164
54,0.28251,0.08176,0.01056,0.01995,0.01420,0.00649,0.01187,0.01393,0.01560,0.00546,0.01714,0.01001,0.22596,0.01628,0.00558,0.12187,0.09898,0.00437,0.02177,0.01571
55,0.00490,0.02044,0.01784,0.01971,0.01937,0.01037,0.02135,0.00831,0.01763,0.02937,0.03474,0.01503,0.14427,0.01924,0.00909,0.00657,0.00969,0.55276,0.02469,0.01464
56,0.00679,0.02141,0.01909,0.03690,0.01648,0.01298,0.01401,0.02941,0.03443,0.00908,0.03976,0.01980,0.05795,0.02330,0.00836,0.52502,0.00922,0.01287,0.03436,0.06879
57,0.01229,0.06642,0.04196,0.02748,0.04081,0.01485,0.02506,0.03636,0.02383,0.01333,0.02423,0.03000,0.00543,0.00811,0.47547,0.03170,0.01843,0.01565,0.05066,0.03793
58,0.01118,0.02686,0.02401,0.01416,0.03131,0.61637,0.01980,0.02932,0.03320,0.00801,0.03650,0.02442,0.00909,0.02454,0.00649,0.00951,0.01229,0.01178,0.02722,0.02395
59,0.08645,0.09719,0.02037,0.02059,0.01878,0.00179,0.01043,0.01858,0.01776,0.00575,0.01601,0.02666,0.00454,0.01426,0.01367,0.22786,0.31917,0.03387,0.01499,0.03128
60,0.11850,0.02507,0.02887,0.05337,0.08687,0.00750,0.04176,0.03957,0.04204,0.00951,0.02487,0.05279,0.02352,0.02866,0.00807,0.30885,0.00444,0.01131,0.01972,0.06473
61,0.01947,0.02604,0.04328,0.05049,0.03212,0.01079,0.05645,0.03489,0.37466,0.01021,0.04124,0.03985,0.03412,0.09116,0.02460,0.01355,0.02410,0.01087,0.02483,0.03728
62,0.00820,0.01860,0.01794,0.02613,0.15574,0.00938,0.02333,0.14342,0.01782,0.43489,0.01858,0.01137,0.00290,0.01973,0.00511,0.00566,0.00682,0.03871,0.02125,0.01441
63,0.14259,0.04220,0.02241,0.04862,0.02292,0.08860,0.00439,0.04250,0.00967,0.03907,0.07980,0.00663,0.00118,0.07052,0.04653,0.10647,0.08611,0.09633,0.01343,0.03002
64,0.01242,0.03060,0.02602,0.02607,0.11145,0.01443,0.01701,0.02017,0.02030,0.00874,0.01988,0.01772,0.00821,0.01864,0.04514,0.00719,0.01030,0.01322,0.51005,0.06243
65,0.01125,0.02039,0.02614,0.03231,0.01727,0.01178,0.02159,0.03397,0.02456,0.36196,0.26558,0.02185,0.00775,0.03300,0.01041,0.01007,0.01261,0.01203,0.03690,0.02857
66,0.25805,0.04455,0.02123,0.01586,0.02482,0.01658,0.01569,0.03486,0.02118,0.00476,0.00754,0.01577,0.00565,0.02206,0.00600,0.06272,0.13552,0.24326,0.01779,0.02612
67,0.00619,0.02653,0.07604,0.31727,0.01988,0.00293,0.01658,0.01964,0.38827,0.00513,0.02030,0.01010,0.00425,0.01567,0.01695,0.00811,0.00635,0.00933,0.01682,0.01365
68,0.01693,0.03260,0.03353,0.03970,0.02971,0.02720,0.01834,0.02532,0.04517,0.00952,0.03241,0.02208,0.01094,0.03134,0.53024,0.00853,0.01256,0.01773,0.03079,0.02535
69,0.09785,0.01464,0.02570,0.02175,0.01748,0.60291,0.00805,0.01319,0.01650,0.00476,0.01748,0.04337,0.00388,0.01344,0.02084,0.03089,0.00552,0.00802,0.02008,0.01364
70,0.00494,0.00474,0.00974,0.01368,0.17465,0.01088,0.02279,0.07101,0.00880,0.29020,0.12624,0.00676,0.00247,0.00794,0.00416,0.00731,0.00424,0.00980,0.01764,0.20202
71,0.04273,0.24607,0.01875,0.02003,0.04965,0.00919,0.01039,0.08102,0.01858,0.20611,0.14956,0.01293,0.01652,0.01524,0.00682,0.00596,0.02345,0.03427,0.01545,0.01728
72,0.05533,0.01812,0.06180,0.17939,0.03454,0.09143,0.09305,0.03915,0.02449,0.05467,0.03626,0.01975,0.01095,0.07863,0.00963,0.04896,0.05724,0.02530,0.02294,0.03838
73,0.01878,0.05812,0.04257,0.02914,0.04857,0.01157,0.15437,0.04423,0.03154,0.03734,0.03730,0.04199,0.18746,0.08303,0.01094,0.04774,0.02722,0.01236,0.02143,0.05431
74,0.01946,0.08986,0.00857,0.02991,0.08368,0.03245,0.04820,0.09751,0.00609,0.15360,0.13523,0.02897,0.00339,0.02890,0.00280,0.01846,0.01047,0.09960,0.01292,0.08996
75,0.01486,0.03440,0.03330,0.09429,0.02644,0.47189,0.02516,0.03969,0.03521,0.01076,0.02971,0.02635,0.01082,0.03002,0.02820,0.01124,0.01262,0.01248,0.02222,0.03033
76,0.05022,0.06466,0.01152,0.00121,0.08258,0.00443,0.18223,0.01042,0.11419,0.04157,0.03831,0.02088,0.00445,0.03533,0.15189,0.04162,0.01555,0.01626,0.03779,0.07487
77,0.00777,0.12992,0.02300,0.03760,0.01473,0.05306,0.01388,0.05337,0.02505,0.08227,0.02105,0.01296,0.00739,0.01626,0.00883,0.00678,0.23633,0.20518,0.03107,0.01351
78,0.06958,0.11891,0.01506,0.01224,0.05254,0.00477,0.01124,0.12961,0.01959,0.07817,0.15350,0.00971,0.00519,0.01407,0.00527,0.00462,0.09415,0.17616,0.01180,0.01383
79,0.00991,0.03465,0.55430,0.02435,0.03638,0.02150,0.01849,0.03311,0.04237,0.01336,0.03701,0.01555,0.00988,0.03697,0.01054,0.00967,0.01072,0.01317,0.02950,0.03856
80,0.00838,0.02256,0.01849,0.02121,0.06217,0.01017,0.02602,0.12112,0.02488,0.37698,0.18609,0.01638,0.01243,0.02033,0.00428,0.00575,0.00673,0.01104,0.02425,0.02076
81,0.01560,0.08043,0.02739,0.01457,0.02721,0.50370,0.02415,0.02376,0.03595,0.00850,0.03247,0.02591,0.01152,0.03694,0.00833,0.01003,0.01600,0.01243,0.05968,0.02544
82,0.18842,0.51602,0.01925,0.02441,0.01826,0.01091,0.01813,0.01975,0.02090,0.00509,0.01872,0.01808,0.00594,0.01810,0.03168,0.02400,0.01031,0.00856,0.00995,0.01353
83,0.00901,0.02635,0.02194,0.03411,0.02891,0.56386,0.01911,0.02403,0.03507,0.01062,0.03632,0.01644,0.00957,0.03230,0.00769,0.04031,0.00971,0.01100,0.04197,0.02170
84,0.02422,0.04289,0.06077,0.03990,0.05761,0.00469,0.09972,0.06689,0.01122,0.02977,0.08150,0.03027,0.08801,0.07478,0.12864,0.01040,0.04438,0.02234,0.04076,0.04125
85,0.01420,0.05751,0.04447,0.02133,0.05840,0.10313,0.09826,0.07450,0.02938,0.02457,0.04544,0.08680,0.02208,0.07750,0.05270,0.03045,0.03251,0.01103,0.02361,0.09213
86,0.00929,0.02567,0.02150,0.05509,0.02792,0.46454,0.01372,0.03703,0.06235,0.00974,0.05836,0.03317,0.00530,0.03825,0.00747,0.03146,0.01132,0.02208,0.04301,0.02272
87,0.01749,0.03059,0.04494,0.05554,0.04270,0.02360,0.02623,0.04800,0.04649,0.02483,0.03677,0.03858,0.00848,0.02623,0.00357,0.01151,0.01613,0.02287,0.43347,0.04199
88,0.18192,0.20758,0.01437,0.02280,0.01619,0.01909,0.00965,0.01637,0.02658,0.00541,0.02122,0.00827,0.00285,0.02060,0.00533,0.36532,0.01000,0.01078,0.02069,0.01497
89,0.00911,0.01076,0.04445,0.02156,0.04277,0.00872,0.00850,0.01611,0.02099,0.00499,0.02109,0.01527,0.01138,0.13326,0.00611,0.00583,0.00815,0.00929,0.04892,0.55275
90,0.01543,0.01199,0.05150,0.04367,0.10482,0.01240,0.01509,0.02450,0.04828,0.07544,0.03217,0.02659,0.00807,0.03095,0.01129,0.00830,0.01077,0.02652,0.04061,0.40161
91,0.10912,0.12763,0.00426,0.00594,0.00633,0.08366,0.00375,0.03514,0.00726,0.04558,0.11032,0.01437,0.00371,0.00534,0.00188,0.11821,0.17598,0.13102,0.00611,0.00439
92,0.48382,0.06507,0.03126,0.03110,0.02299,0.05496,0.01115,0.02594,0.03383,0.00743,0.04031,0.01847,0.00279,0.02431,0.00645,0.02126,0.00785,0.04929,0.03766,0.02403
93,0.07197,0.07779,0.00821,0.01631,0.00802,0.06795,0.02027,0.08059,0.01295,0.00293,0.01121,0.01219,0.00176,0.01295,0.00380,0.07347,0.41337,0.08269,0.01277,0.00879
94,0.04582,0.07102,0.08278,0.00845,0.00472,0.01719,0.05064,0.18274,0.01529,0.17666,0.03839,0.07647,0.00266,0.07404,0.00314,0.02075,0.00722,0.08796,0.01507,0.01900
95,0.04747,0.00929,0.00267,0.00604,0.00616,0.03256,0.02813,0.04027,0.12360,0.09279,0.06321,0.13264,0.04539,0.05857,0.11769,0.07249,0.06263,0.04992,0.00537,0.00312
96,0.17420,0.02675,0.02938,0.02613,0.07507,0.01046,0.05892,0.02189,0.06028,0.17852,0.02299,0.00730,0.06646,0.02465,0.00226,0.02779,0.03624,0.00951,0.03784,0.10337
97,0.04978,0.07922,0.05937,0.02115,0.05848,0.00422,0.10648,0.06225,0.08122,0.01662,0.02096,0.08819,0.02863,0.05000,0.01238,0.02039,0.03720,0.10662,0.03092,0.06592
98,0.01611,0.03518,0.04067,0.03070,0.03046,0.01590,0.01293,0.04335,0.01876,0.00587,0.02604,0.02768,0.00437,0.59049,0.00372,0.01177,0.00934,0.01603,0.03672,0.02390
99,0.01905,0.03742,0.27001,0.32843,0.01923,0.00866,0.00925,0.03684,0.00750,0.06462,0.05451,0.01285,0.00391,0.05051,0.00621,0.00476,0.00627,0.02957,0.01754,0.01287
100,0.03065,0.26123,0.01699,0.01602,0.01750,0.00777,0.01852,0.14557,0.02262,0.00499,0.03095,0.02453,0.00477,0.01889,0.00607,0.00578,0.00871,0.31982,0.02344,0.01517
101,0.05781,0.07934,0.00701,0.01036,0.01860,0.08984,0.04914,0.06956,0.09517,0.09747,0.05305,0.03626,0.00115,0.04121,0.10959,0.05252,0.02270,0.05939,0.01953,0.03031
102,0.00726,0.01239,0.01817,0.06713,0.01218,0.70432,0.00965,0.01599,0.02239,0.00422,0.01946,0.01361,0.00386,0.01507,0.00424,0.00461,0.00661,0.02483,0.02159,0.01241
103,0.00465,0.03404,0.00925,0.01181,0.11906,0.00418,0.03151,0.11644,0.01073,0.12685,0.08828,0.00590,0.00158,0.00709,0.00236,0.00165,0.00212,0.15848,0.08491,0.17911
104,0.08839,0.02526,0.01925,0.03861,0.02236,0.01275,0.00833,0.01053,0.02263,0.00630,0.02367,0.01382,0.00308,0.01564,0.00543,0.02128,0.60241,0.01131,0.03285,0.01610
105,0.03269,0.07656,0.00707,0.00945,0.03142,0.00339,0.07427,0.05390,0.21134,0.06417,0.08314,0.00608,0.00228,0.06096,0.08589,0.01191,0.02564,0.08840,0.01493,0.05651
106,0.05348,0.01839,0.01944,0.01252,0.01493,0.59927,0.01156,0.02348,0.02395,0.00555,0.02853,0.02079,0.00914,0.02491,0.03282,0.03614,0.01675,0.00831,0.02524,0.01480
107,0.02277,0.02371,0.12320,0.03138,0.02436,0.48199,0.01503,0.03002,0.04306,0.00832,0.03343,0.02292,0.00650,0.02652,0.00711,0.01957,0.01083,0.01232,0.03100,0.02597
108,0.06576,0.08269,0.05958,0.03566,0.06072,0.01227,0.05169,0.04655,0.03771,0.00970,0.05994,0.03389,0.21419,0.04397,0.02541,0.04124,0.03581,0.03114,0.02491,0.02716
109,0.05758,0.08433,0.04185,0.06467,0.01946,0.17757,0.02903,0.00754,0.02198,0.00683,0.07774,0.09426,0.00182,0.13799,0.00777,0.07682,0.04121,0.02204,0.00823,0.02127
110,0.01840,0.01446,0.00992,0.01870,0.01863,0.04407,0.53101,0.01123,0.01377,0.00329,0.01436,0.01412,0.00177,0.22976,0.00334,0.00474,0.00350,0.00686,0.01786,0.02021
