site,A,C,D,E,F,G,H,I,K,L,M,N,P,Q,R,S,T,V,W,Y
0,0.01937,0.05075,0.03092,0.02800,0.01938,0.04735,0.05193,0.02167,0.04184,0.01431,0.02406,0.03088,0.04384,0.02967,0.42281,0.03997,0.02060,0.01275,0.02053,0.02938
1,0.02469,0.02482,0.02522,0.03571,0.02761,0.45017,0.03957,0.02388,0.02259,0.01450,0.02345,0.02855,0.04756,0.03259,0.05772,0.02102,0.03443,0.01758,0.01752,0.03082
2,0.01043,0.07554,0.03586,0.01796,0.01662,0.61710,0.01773,0.01865,0.01919,0.00752,0.01869,0.01873,0.01086,0.01901,0.00763,0.02429,0.01339,0.01722,0.01434,0.01926
3,0.07015,0.06345,0.02040,0.05575,0.02151,0.49125,0.02230,0.02183,0.02020,0.00943,0.02231,0.02090,0.01337,0.02127,0.02373,0.01295,0.01492,0.01941,0.02841,0.02646
4,0.04867,0.07161,0.03212,0.03713,0.04765,0.02617,0.03678,0.12086,0.06207,0.04579,0.04478,0.06823,0.00482,0.06732,0.03940,0.06430,0.06701,0.07928,0.00797,0.02803
5,0.10417,0.05436,0.01196,0.04776,0.01310,0.45649,0.01415,0.01360,0.01656,0.00508,0.01368,0.01454,0.00589,0.01533,0.01734,0.13831,0.01156,0.01455,0.00940,0.02217
6,0.03053,0.04162,0.06146,0.13097,0.04771,0.01231,0.04304,0.02834,0.01615,0.04697,0.06513,0.06502,0.00602,0.11076,0.00717,0.04828,0.04945,0.04595,0.07168,0.07142
7,0.06488,0.02230,0.01829,0.01929,0.01934,0.01026,0.01664,0.03508,0.01730,0.00719,0.02104,0.01738,0.01272,0.01886,0.00712,0.05900,0.57055,0.03156,0.01415,0.01705
8,0.06425,0.13900,0.00611,0.00877,0.00813,0.00788,0.00514,0.11507,0.00639,0.15867,0.01154,0.01368,0.07802,0.02964,0.00337,0.04275,0.14568,0.14555,0.00476,0.00562
9,0.01723,0.01980,0.01883,0.04266,0.02148,0.61642,0.01945,0.01909,0.02523,0.00848,0.02245,0.02447,0.01108,0.02351,0.03424,0.01111,0.01361,0.01760,0.01515,0.01812
10,0.05008,0.11355,0.03626,0.12786,0.03437,0.02212,0.02797,0.08273,0.02326,0.04857,0.04094,0.04560,0.00300,0.08690,0.01929,0.02545,0.02802,0.08416,0.03947,0.06041
11,0.06393,0.03563,0.01779,0.02894,0.01822,0.01285,0.04488,0.10049,0.13250,0.09998,0.08387,0.03430,0.00562,0.05783,0.08317,0.04011,0.02826,0.06860,0.02289,0.02017
12,0.02808,0.05052,0.03897,0.03367,0.03034,0.02789,0.03812,0.03614,0.04356,0.04543,0.03324,0.04511,0.03725,0.04199,0.03859,0.02375,0.03351,0.01817,0.28126,0.07441
13,0.02479,0.03115,0.03207,0.03058,0.03504,0.01568,0.04490,0.03795,0.40165,0.01889,0.02684,0.03634,0.02256,0.04988,0.03595,0.01891,0.05875,0.01754,0.02314,0.03739
14,0.06428,0.04740,0.02243,0.02982,0.03991,0.04565,0.04426,0.04933,0.03913,0.03738,0.09651,0.12458,0.00259,0.01603,0.04170,0.08817,0.09165,0.03422,0.03405,0.05091
15,0.08345,0.01653,0.02227,0.03881,0.01211,0.03480,0.03488,0.01872,0.13576,0.05461,0.03686,0.02736,0.00344,0.12305,0.15019,0.11964,0.05154,0.01753,0.00976,0.00871
16,0.01064,0.02186,0.01695,0.01800,0.01473,0.00725,0.01518,0.13699,0.01488,0.28008,0.23064,0.01843,0.01934,0.02073,0.01080,0.00656,0.00920,0.12146,0.01175,0.01455
17,0.05232,0.06632,0.04684,0.01882,0.02463,0.09301,0.01709,0.02798,0.03280,0.04536,0.04922,0.26157,0.01025,0.02655,0.05537,0.03274,0.06133,0.02697,0.01592,0.03491
18,0.05477,0.07776,0.03057,0.07774,0.02324,0.05346,0.07547,0.06456,0.01223,0.07025,0.05557,0.04441,0.00322,0.06837,0.05632,0.05982,0.06899,0.06366,0.01223,0.02735
19,0.01088,0.05099,0.02061,0.01407,0.10731,0.01073,0.01315,0.01871,0.02545,0.23804,0.24667,0.01555,0.00680,0.09006,0.00592,0.00560,0.03343,0.01719,0.00999,0.05884
20,0.05965,0.07148,0.09597,0.03425,0.00798,0.11024,0.02559,0.00956,0.02051,0.02547,0.04323,0.08100,0.05675,0.08721,0.03301,0.08876,0.10310,0.02848,0.00865,0.00912
21,0.09219,0.04821,0.06983,0.02114,0.01668,0.08433,0.07184,0.01340,0.03838,0.01294,0.04011,0.03578,0.06888,0.11714,0.07127,0.08812,0.06191,0.01787,0.01214,0.01784
22,0.06435,0.03742,0.05600,0.01679,0.01761,0.06321,0.06044,0.05178,0.02144,0.05974,0.06672,0.05905,0.07245,0.06551,0.03061,0.06874,0.04837,0.06249,0.02613,0.05116
23,0.04597,0.06719,0.12630,0.11617,0.01132,0.03583,0.07573,0.01991,0.01617,0.01736,0.07066,0.05646,0.00903,0.12479,0.01358,0.06179,0.07068,0.03792,0.01276,0.01039
24,0.02310,0.02757,0.03348,0.02592,0.34831,0.01363,0.03753,0.06053,0.02712,0.03773,0.02349,0.03148,0.03804,0.03449,0.01406,0.03542,0.04126,0.01735,0.08108,0.04840
25,0.09657,0.03796,0.01751,0.01399,0.08196,0.01974,0.04132,0.05630,0.03139,0.05312,0.07758,0.06623,0.00854,0.09643,0.05076,0.05681,0.03033,0.03509,0.02309,0.10528
26,0.03122,0.03765,0.05725,0.06060,0.01271,0.00480,0.05800,0.02354,0.09965,0.01128,0.03002,0.08208,0.03654,0.10459,0.06394,0.12398,0.10506,0.02781,0.00855,0.02073
27,0.01907,0.04428,0.03540,0.02227,0.07775,0.01452,0.05165,0.02897,0.02522,0.01771,0.02534,0.04385,0.02194,0.02864,0.01386,0.02064,0.01967,0.01544,0.02194,0.45182
28,0.02307,0.04551,0.02944,0.03727,0.02014,0.01708,0.04562,0.07372,0.39186,0.01599,0.02264,0.03336,0.02091,0.03901,0.06239,0.01579,0.02983,0.02926,0.02061,0.02649
29,0.06073,0.04137,0.01587,0.02817,0.01378,0.03811,0.09079,0.06116,0.13034,0.02115,0.02811,0.04958,0.01043,0.08888,0.09769,0.06101,0.06166,0.08051,0.00710,0.01357
30,0.12887,0.13450,0.04743,0.01986,0.01799,0.01696,0.04154,0.02545,0.01578,0.01942,0.03248,0.10100,0.03741,0.03256,0.03118,0.13306,0.09324,0.03342,0.02239,0.01545
31,0.15836,0.05687,0.02647,0.02578,0.02406,0.37221,0.03026,0.02852,0.02233,0.01300,0.02436,0.02813,0.01704,0.02725,0.01225,0.04263,0.01699,0.02652,0.02183,0.02516
32,0.02782,0.16821,0.02742,0.02820,0.02718,0.01350,0.02578,0.28410,0.02253,0.02017,0.03122,0.03627,0.01652,0.02730,0.01167,0.01610,0.09524,0.06754,0.02389,0.02932
33,0.03100,0.04879,0.01409,0.01460,0.02345,0.00945,0.03382,0.08386,0.01833,0.08791,0.03765,0.05400,0.01105,0.06887,0.02449,0.03702,0.12044,0.02868,0.19111,0.06140
34,0.02778,0.02512,0.06062,0.42359,0.02798,0.03718,0.02538,0.02486,0.04154,0.01431,0.02447,0.02391,0.01562,0.04655,0.01859,0.03828,0.01823,0.03857,0.02706,0.04036
35,0.04731,0.05705,0.01838,0.04434,0.01468,0.01059,0.01468,0.27326,0.01988,0.00651,0.04671,0.01748,0.06592,0.01577,0.00572,0.00859,0.07362,0.23124,0.01034,0.01791
36,0.04594,0.07876,0.02800,0.03503,0.02311,0.08235,0.05614,0.03850,0.02532,0.04505,0.05606,0.10683,0.09343,0.03217,0.01116,0.03037,0.01781,0.09254,0.04795,0.05349
37,0.02813,0.03863,0.03654,0.02841,0.03240,0.02420,0.03539,0.05193,0.06019,0.02273,0.03297,0.04402,0.03668,0.03123,0.32018,0.04432,0.03610,0.02106,0.03941,0.03547
38,0.08767,0.02534,0.08061,0.22148,0.03959,0.03898,0.04129,0.05501,0.03986,0.04189,0.02589,0.05880,0.00585,0.02607,0.00822,0.04461,0.06739,0.02742,0.04501,0.01901
39,0.07895,0.01191,0.04455,0.14336,0.02555,0.03843,0.05012,0.07772,0.02527,0.07015,0.09261,0.03750,0.04058,0.05059,0.01721,0.03942,0.07445,0.04664,0.01225,0.02273
40,0.44177,0.03108,0.03361,0.02200,0.02304,0.02463,0.02882,0.02868,0.02719,0.01201,0.02718,0.02391,0.02794,0.02656,0.01280,0.08742,0.03322,0.03296,0.03363,0.02154
41,0.08443,0.04994,0.01322,0.01734,0.01387,0.00992,0.05270,0.07681,0.07237,0.02068,0.06184,0.01691,0.00660,0.08702,0.17918,0.05351,0.07454,0.08481,0.01093,0.01337
42,0.08878,0.05517,0.02264,0.01476,0.01515,0.02295,0.05122,0.05068,0.02507,0.05867,0.08967,0.06415,0.00198,0.06834,0.09499,0.07480,0.11960,0.03188,0.01350,0.03601
43,0.24089,0.11482,0.01184,0.02844,0.02683,0.01371,0.05267,0.04479,0.02188,0.05772,0.04316,0.03491,0.00600,0.09642,0.02504,0.04449,0.03035,0.05195,0.01943,0.03465
44,0.01206,0.01726,0.01624,0.01989,0.09741,0.01391,0.07299,0.19964,0.01707,0.30400,0.04005,0.01405,0.02362,0.02620,0.01593,0.00926,0.01014,0.04398,0.02660,0.01970
45,0.06724,0.04254,0.08459,0.04146,0.02410,0.04783,0.05746,0.04199,0.07352,0.05909,0.06881,0.04915,0.00188,0.06166,0.03779,0.06094,0.08092,0.03514,0.01037,0.05354
46,0.05290,0.07332,0.15768,0.10602,0.01391,0.06752,0.03026,0.01137,0.01126,0.02762,0.05247,0.03436,0.00360,0.09715,0.02657,0.09589,0.05212,0.03236,0.02441,0.02922
47,0.03621,0.06680,0.00864,0.04338,0.02991,0.16984,0.10560,0.00899,0.06112,0.03271,0.03930,0.12757,0.00416,0.10001,0.06652,0.05260,0.00608,0.01161,0.01313,0.01583
48,0.02707,0.08498,0.03387,0.03337,0.03509,0.01212,0.06216,0.08762,0.04528,0.11679,0.04128,0.07504,0.02437,0.04810,0.03546,0.02250,0.07156,0.07484,0.02137,0.04712
49,0.05856,0.02884,0.12623,0.03676,0.06631,0.04349,0.02335,0.01458,0.03364,0.05377,0.03296,0.06319,0.02557,0.02975,0.03287,0.05957,0.06476,0.05405,0.06004,0.09169
50,0.02269,0.05139,0.17197,0.05304,0.04114,0.07128,0.06805,0.04113,0.01793,0.02969,0.05576,0.07390,0.00947,0.05127,0.01997,0.03967,0.07607,0.04333,0.04595,0.01629
51,0.09182,0.01800,0.02829,0.11183,0.03570,0.15978,0.04167,0.00997,0.02700,0.04499,0.05805,0.02262,0.00413,0.05433,0.03558,0.13843,0.07713,0.01770,0.01309,0.00990
52,0.02278,0.02348,0.03072,0.04052,0.02327,0.55008,0.02123,0.02523,0.02532,0.01129,0.02529,0.02542,0.01331,0.02977,0.03296,0.01242,0.01461,0.02271,0.02538,0.02420
53,0.03094,0.03707,0.01334,0.01451,0.20635,0.00771,0.30750,0.01543,0.01199,0.00603,0.01633,0.01598,0.00479,0.03086,0.01407,0.00707,0.00732,0.03534,0.12755,0.08983
54,0.22040,0.09100,0.03226,0.01550,0.01332,0.01908,0.01151,0.01313,0.01515,0.00810,0.01506,0.01395,0.23559,0.01455,0.00611,0.16710,0.05267,0.02056,0.01715,0.01780
55,0.02390,0.01766,0.01603,0.02101,0.01565,0.01573,0.01666,0.03984,0.01475,0.02306,0.02346,0.01386,0.22952,0.01661,0.00899,0.00703,0.01899,0.44471,0.01966,0.01287
56,0.01176,0.02920,0.01967,0.02690,0.04119,0.01565,0.01583,0.02547,0.02788,0.01215,0.02938,0.02057,0.02877,0.02204,0.01097,0.58006,0.01433,0.01594,0.02704,0.02519
57,0.01774,0.04847,0.02772,0.02251,0.02710,0.04328,0.02117,0.03596,0.02717,0.01922,0.03384,0.02251,0.03011,0.03530,0.43638,0.03111,0.03157,0.02146,0.04070,0.02667
58,0.01301,0.02101,0.02021,0.03984,0.02575,0.59220,0.01921,0.02393,0.02296,0.00978,0.02590,0.02132,0.01133,0.02156,0.02618,0.01569,0.01458,0.03097,0.02301,0.02157
59,0.15340,0.03320,0.02096,0.02776,0.02079,0.03702,0.01952,0.03148,0.03956,0.00897,0.01856,0.03550,0.01135,0.01818,0.01673,0.27299,0.04775,0.14175,0.01790,0.02665
60,0.24926,0.05272,0.03380,0.04667,0.03935,0.07946,0.03542,0.03348,0.03641,0.01911,0.02819,0.03969,0.02957,0.03035,0.01661,0.03339,0.04776,0.08085,0.02743,0.04048
61,0.02592,0.02419,0.03008,0.02787,0.02793,0.01799,0.03205,0.03609,0.43430,0.01272,0.03966,0.05654,0.02580,0.03401,0.03516,0.01507,0.06167,0.01376,0.02214,0.02705
62,0.01038,0.02492,0.01751,0.02286,0.16808,0.01148,0.02142,0.05397,0.01773,0.48441,0.01795,0.01334,0.02075,0.01806,0.01605,0.00777,0.00909,0.02838,0.02034,0.01551
63,0.17280,0.06977,0.01560,0.03956,0.02195,0.06396,0.01285,0.01470,0.02714,0.02219,0.11546,0.01680,0.00277,0.07390,0.06795,0.13746,0.03163,0.04466,0.02975,0.01908
64,0.01473,0.02603,0.02241,0.02412,0.04084,0.01801,0.01819,0.02091,0.02113,0.02857,0.02000,0.01867,0.01066,0.02015,0.03302,0.00967,0.01353,0.01655,0.56880,0.05403
65,0.01348,0.01928,0.02331,0.02621,0.05482,0.01380,0.01993,0.02253,0.02254,0.38475,0.19885,0.02100,0.00886,0.02494,0.01228,0.04017,0.01526,0.02877,0.02498,0.02423
66,0.04924,0.08294,0.02246,0.02118,0.02514,0.02753,0.01841,0.05614,0.02311,0.01231,0.03890,0.01954,0.00897,0.02306,0.01050,0.02356,0.16402,0.31975,0.02084,0.03239
67,0.02039,0.02706,0.10742,0.47822,0.02249,0.03722,0.02139,0.02203,0.04894,0.01002,0.02522,0.01583,0.00890,0.02916,0.02257,0.01327,0.01491,0.03477,0.02185,0.01830
68,0.01645,0.02397,0.02408,0.02783,0.02320,0.04250,0.01881,0.03560,0.04495,0.01140,0.02517,0.02236,0.01260,0.02410,0.53973,0.02539,0.01408,0.01948,0.02585,0.02245
69,0.12153,0.01333,0.11304,0.02869,0.01451,0.48722,0.00794,0.01159,0.01464,0.00509,0.02049,0.03077,0.00441,0.02421,0.01164,0.04409,0.00590,0.01098,0.01686,0.01309
70,0.01165,0.02853,0.03782,0.01596,0.08428,0.01344,0.07079,0.05558,0.01225,0.28443,0.05544,0.00959,0.00399,0.01042,0.00674,0.00707,0.00861,0.02082,0.03914,0.22345
71,0.01484,0.12891,0.01956,0.02113,0.07710,0.01205,0.01373,0.09893,0.01899,0.23052,0.08297,0.01604,0.03705,0.02162,0.01141,0.00795,0.04226,0.10953,0.01760,0.01782
72,0.05096,0.02718,0.07736,0.08491,0.04799,0.06633,0.10527,0.04100,0.03117,0.03095,0.02357,0.02027,0.03724,0.05629,0.00798,0.09689,0.06662,0.06812,0.01857,0.04134
73,0.02887,0.09029,0.03458,0.02994,0.03446,0.01685,0.04667,0.03415,0.02889,0.03100,0.07160,0.03300,0.30451,0.03761,0.02436,0.03033,0.04299,0.01862,0.02559,0.03570
74,0.04456,0.08248,0.02429,0.07323,0.08300,0.05399,0.07204,0.06608,0.01142,0.06706,0.06787,0.03123,0.00688,0.04616,0.00597,0.03231,0.02320,0.05793,0.01237,0.13793
75,0.02254,0.02605,0.02637,0.02649,0.02301,0.48586,0.02261,0.02825,0.02517,0.01269,0.02507,0.02229,0.01297,0.02458,0.09099,0.01325,0.01419,0.04602,0.02715,0.02443
76,0.06761,0.03976,0.01710,0.01636,0.04644,0.00625,0.17591,0.02279,0.12065,0.06750,0.03216,0.03948,0.00664,0.02989,0.13795,0.03274,0.03240,0.05032,0.00906,0.04901
77,0.01894,0.25329,0.01924,0.02497,0.01987,0.06639,0.01400,0.03827,0.02017,0.05433,0.01886,0.01213,0.00811,0.01676,0.01000,0.00755,0.18434,0.17799,0.02218,0.01262
78,0.03232,0.13767,0.02629,0.01712,0.07183,0.02250,0.01686,0.07568,0.02249,0.04352,0.11288,0.01534,0.00908,0.01861,0.00934,0.00869,0.06941,0.24984,0.01728,0.02327
79,0.01505,0.02609,0.56237,0.03368,0.02561,0.04003,0.02145,0.02537,0.02828,0.01426,0.02583,0.03450,0.01178,0.02578,0.01211,0.01124,0.01208,0.02749,0.02327,0.02373
80,0.01338,0.02304,0.02127,0.02304,0.03907,0.01351,0.03051,0.07586,0.02306,0.48386,0.06561,0.01899,0.03098,0.02131,0.03658,0.00883,0.01072,0.01398,0.02435,0.02205
81,0.02095,0.03692,0.02330,0.04409,0.02233,0.51296,0.02200,0.02132,0.02576,0.01096,0.02646,0.02259,0.01288,0.02785,0.05972,0.01199,0.01731,0.02844,0.03103,0.02114
82,0.22319,0.39852,0.01566,0.01744,0.02096,0.00878,0.01497,0.01617,0.01659,0.00599,0.01604,0.01536,0.00855,0.01547,0.02402,0.08647,0.04207,0.00885,0.01675,0.02815
83,0.01325,0.03221,0.05821,0.02516,0.02432,0.56733,0.01855,0.02043,0.02618,0.01221,0.02563,0.01656,0.01073,0.02572,0.00963,0.02863,0.01174,0.02322,0.02924,0.02104
84,0.03022,0.03486,0.03748,0.03480,0.03628,0.03878,0.04703,0.04706,0.04752,0.03407,0.04351,0.03104,0.04439,0.03883,0.27657,0.03760,0.04260,0.02871,0.03195,0.03669
85,0.03310,0.03921,0.03816,0.02954,0.04281,0.24858,0.04720,0.04342,0.03278,0.02898,0.03850,0.04303,0.03234,0.04247,0.04833,0.03439,0.03395,0.05343,0.04605,0.04371
86,0.01827,0.05269,0.03045,0.03310,0.02404,0.51953,0.01615,0.02843,0.03414,0.01283,0.03269,0.02625,0.00769,0.02695,0.01038,0.02851,0.01431,0.03352,0.02841,0.02166
87,0.01882,0.02756,0.03172,0.03389,0.03035,0.03041,0.02430,0.03304,0.03192,0.02452,0.02809,0.02707,0.01253,0.02393,0.02501,0.02041,0.01861,0.02313,0.50388,0.03079
88,0.19290,0.14319,0.01387,0.01988,0.01533,0.05273,0.01057,0.04900,0.02164,0.00660,0.01861,0.03363,0.00354,0.01793,0.01293,0.32394,0.01950,0.01177,0.01852,0.01390
89,0.00746,0.02800,0.01501,0.01515,0.16683,0.00747,0.02690,0.01279,0.01469,0.01387,0.02464,0.02644,0.00893,0.19761,0.00562,0.00615,0.00689,0.00726,0.06338,0.34493
90,0.01536,0.03373,0.03407,0.02920,0.04480,0.01308,0.05445,0.02100,0.02899,0.07375,0.04141,0.05947,0.00964,0.04864,0.01233,0.01811,0.01231,0.02056,0.05510,0.37398
91,0.12927,0.04683,0.01545,0.00898,0.00998,0.00941,0.00618,0.11013,0.01126,0.04395,0.19920,0.00677,0.00191,0.00835,0.00342,0.10091,0.12839,0.14306,0.00962,0.00692
92,0.40748,0.08751,0.02507,0.02225,0.01761,0.12321,0.01155,0.02795,0.02263,0.00797,0.02478,0.01735,0.00664,0.01881,0.00726,0.04932,0.03750,0.04275,0.02367,0.01868
93,0.04593,0.09007,0.00906,0.01521,0.00819,0.12110,0.04117,0.02590,0.01229,0.00341,0.01586,0.02876,0.00306,0.01680,0.00486,0.17144,0.34162,0.02273,0.01320,0.00933
94,0.04153,0.05968,0.04759,0.00923,0.01259,0.02006,0.09412,0.15047,0.01693,0.08962,0.02185,0.11597,0.00328,0.07137,0.00312,0.03863,0.04692,0.07162,0.04566,0.03975
95,0.05984,0.02624,0.00564,0.00982,0.02171,0.06351,0.03152,0.05502,0.06198,0.05622,0.04299,0.07935,0.05259,0.03665,0.14153,0.06428,0.08272,0.09142,0.00801,0.00894
96,0.06570,0.02851,0.02450,0.04718,0.03418,0.03016,0.11014,0.04912,0.05821,0.11221,0.01996,0.02237,0.01792,0.04483,0.06513,0.03865,0.07514,0.05832,0.07751,0.02028
97,0.04589,0.03964,0.04045,0.03171,0.03608,0.01056,0.04735,0.04247,0.04468,0.04554,0.05781,0.04647,0.03149,0.03820,0.02147,0.02843,0.08808,0.22831,0.03338,0.04198
98,0.01120,0.04069,0.02197,0.02751,0.03567,0.01161,0.05093,0.13925,0.04912,0.02062,0.05762,0.04136,0.00868,0.38330,0.03102,0.00976,0.00747,0.01265,0.02120,0.01837
99,0.04433,0.04187,0.24178,0.29405,0.02417,0.02549,0.01695,0.04455,0.02694,0.05911,0.04117,0.01350,0.00493,0.02879,0.00961,0.00968,0.00825,0.03413,0.01749,0.01321
100,0.03281,0.05558,0.01938,0.02718,0.02026,0.02931,0.02165,0.19640,0.02176,0.00829,0.03992,0.02301,0.00752,0.01920,0.00922,0.00869,0.01162,0.40481,0.02452,0.01888
101,0.08636,0.08028,0.02316,0.01500,0.02231,0.01630,0.07872,0.04902,0.08399,0.07628,0.04666,0.02776,0.00141,0.08751,0.08562,0.04167,0.02057,0.06359,0.05127,0.04249
102,0.03303,0.01321,0.01776,0.03366,0.01370,0.69652,0.01144,0.01623,0.02052,0.00559,0.01872,0.01478,0.00544,0.01605,0.01449,0.00898,0.00915,0.01695,0.01938,0.01439
103,0.00844,0.02481,0.01121,0.01825,0.18190,0.00857,0.02206,0.04943,0.01710,0.07355,0.03277,0.01431,0.00358,0.01266,0.00525,0.01133,0.00476,0.07014,0.14796,0.28193
104,0.04085,0.02083,0.01672,0.02572,0.01896,0.01319,0.01012,0.04193,0.02760,0.00779,0.01960,0.01368,0.02011,0.01531,0.00691,0.10133,0.54758,0.01203,0.02373,0.01599
105,0.04737,0.04751,0.02805,0.02207,0.01794,0.00777,0.04972,0.04158,0.10714,0.03148,0.05858,0.08229,0.00186,0.11999,0.08716,0.04846,0.05729,0.04339,0.04752,0.05283
106,0.18747,0.01989,0.01579,0.04912,0.01372,0.45575,0.01061,0.01805,0.01722,0.00632,0.01920,0.01593,0.00905,0.01841,0.03150,0.04525,0.01888,0.01526,0.01963,0.01295
107,0.10736,0.03011,0.03762,0.02357,0.02682,0.41866,0.01942,0.02274,0.02638,0.03064,0.02508,0.02462,0.02306,0.04260,0.00954,0.02819,0.03981,0.01861,0.02403,0.02113
108,0.14051,0.04503,0.02656,0.02117,0.02550,0.06027,0.05926,0.03271,0.03524,0.01421,0.03063,0.05229,0.13211,0.02464,0.07201,0.04384,0.04799,0.07289,0.03397,0.02919
109,0.09719,0.08932,0.03629,0.04962,0.01656,0.14533,0.06275,0.00937,0.03645,0.01043,0.05390,0.08560,0.00239,0.05373,0.03877,0.07302,0.05818,0.01872,0.00666,0.05571
110,0.02862,0.01758,0.01061,0.01615,0.01630,0.03085,0.45760,0.01170,0.02264,0.00691,0.01410,0.01849,0.00684,0.25076,0.02231,0.00587,0.00429,0.01012,0.01585,0.03242
