site,A,C,D,E,F,G,H,I,K,L,M,N,P,Q,R,S,T,V,W,Y
0,0.01191,0.00555,0.02778,0.02159,0.01325,0.06230,0.00579,0.01601,0.13887,0.01697,0.01621,0.03210,0.01955,0.01683,0.52994,0.01980,0.01325,0.00614,0.01070,0.01546
1,0.01102,0.01369,0.01493,0.01652,0.01614,0.43200,0.11304,0.01536,0.01240,0.00627,0.01220,0.02809,0.20182,0.03033,0.00291,0.01040,0.02640,0.00572,0.00773,0.02304
2,0.00522,0.03953,0.00763,0.01081,0.00998,0.79336,0.01059,0.01229,0.01220,0.00333,0.01245,0.01179,0.00526,0.01249,0.00343,0.01820,0.00707,0.00402,0.00838,0.01196
3,0.06468,0.04328,0.01443,0.00608,0.01650,0.68724,0.01693,0.01783,0.01483,0.00499,0.01810,0.01775,0.00727,0.01823,0.00424,0.00547,0.00910,0.00468,0.00730,0.02105
4,0.04793,0.06443,0.03621,0.03404,0.02616,0.02723,0.04182,0.09294,0.06944,0.04369,0.02540,0.05872,0.00323,0.11466,0.06060,0.07209,0.07454,0.07918,0.00877,0.01889
5,0.20362,0.05663,0.00513,0.01715,0.00549,0.46060,0.00443,0.00619,0.01039,0.00167,0.00604,0.00647,0.00216,0.00666,0.01453,0.16669,0.00344,0.01322,0.00364,0.00584
6,0.05283,0.05134,0.08876,0.10851,0.04150,0.00990,0.05337,0.03312,0.00668,0.03575,0.06259,0.05003,0.00779,0.10380,0.00974,0.05480,0.06054,0.05408,0.05373,0.06114
7,0.08011,0.05374,0.01005,0.01068,0.01041,0.00311,0.00964,0.03858,0.00914,0.00290,0.00932,0.00923,0.01125,0.00955,0.00273,0.06720,0.63149,0.01540,0.00701,0.00845
8,0.04059,0.18118,0.00244,0.00344,0.00259,0.01104,0.00201,0.13689,0.00247,0.17973,0.00409,0.01258,0.05679,0.00184,0.00058,0.03589,0.13427,0.18753,0.00177,0.00227
9,0.00472,0.01222,0.01088,0.09596,0.01213,0.70869,0.01153,0.01109,0.01637,0.00362,0.01624,0.01788,0.00529,0.01544,0.02508,0.00492,0.00649,0.00357,0.00757,0.01030
10,0.05509,0.11514,0.06440,0.11611,0.02774,0.00817,0.04960,0.05662,0.02031,0.03421,0.03372,0.04004,0.00088,0.10149,0.02232,0.03043,0.01802,0.11796,0.05121,0.03654
11,0.05713,0.01773,0.00783,0.02905,0.03066,0.02991,0.06867,0.04586,0.13494,0.08414,0.09238,0.07641,0.00211,0.05596,0.08656,0.06909,0.02400,0.07483,0.00748,0.00525
12,0.01870,0.01639,0.05274,0.03870,0.02806,0.00636,0.06157,0.03613,0.04655,0.03323,0.03139,0.06267,0.04816,0.07226,0.01637,0.02209,0.03455,0.00849,0.26394,0.10164
13,0.00879,0.02198,0.03253,0.01293,0.03156,0.00487,0.14148,0.09693,0.37702,0.00838,0.01770,0.01258,0.01280,0.03266,0.09209,0.00890,0.01726,0.00767,0.01270,0.04918
14,0.06265,0.04536,0.04050,0.02469,0.04040,0.09535,0.06704,0.07564,0.03480,0.05468,0.07526,0.05192,0.00078,0.06088,0.04017,0.08008,0.06545,0.02901,0.02280,0.03253
15,0.08534,0.05885,0.01717,0.08150,0.00709,0.04740,0.01631,0.01906,0.11545,0.04908,0.06781,0.06285,0.00098,0.09947,0.09852,0.09684,0.05310,0.01993,0.00119,0.00208
16,0.00476,0.01093,0.00798,0.00777,0.00633,0.00264,0.00661,0.15975,0.00690,0.28413,0.26698,0.00869,0.02783,0.00634,0.00290,0.00244,0.01868,0.15711,0.00475,0.00647
17,0.09105,0.06103,0.04361,0.00731,0.00508,0.05595,0.03486,0.03169,0.04412,0.02358,0.04219,0.21580,0.00322,0.05571,0.04759,0.10953,0.05425,0.04482,0.00580,0.02282
18,0.05859,0.07183,0.05266,0.05234,0.03135,0.08059,0.06531,0.04885,0.04571,0.05883,0.04219,0.05938,0.00183,0.05852,0.04966,0.06800,0.05629,0.07453,0.00692,0.01659
19,0.00539,0.07197,0.00849,0.00496,0.17057,0.00340,0.00855,0.08178,0.00967,0.27410,0.20708,0.00571,0.00208,0.07804,0.00278,0.00155,0.00569,0.02021,0.00311,0.03486
20,0.08075,0.04780,0.07024,0.04454,0.00338,0.06736,0.05589,0.01624,0.02883,0.01745,0.04307,0.04202,0.06864,0.11661,0.03302,0.08872,0.09076,0.05349,0.00219,0.02899
21,0.07697,0.00985,0.04769,0.04518,0.00338,0.07321,0.05238,0.00394,0.05836,0.01475,0.04395,0.06096,0.08940,0.15643,0.06586,0.09952,0.08150,0.00736,0.00382,0.00549
22,0.05826,0.05632,0.04432,0.04465,0.02334,0.05887,0.08388,0.05879,0.02017,0.04414,0.06881,0.06286,0.05624,0.08099,0.01916,0.05564,0.05555,0.05330,0.01296,0.04174
23,0.05421,0.07291,0.12987,0.09760,0.01045,0.04030,0.08389,0.01329,0.03257,0.02600,0.08788,0.07537,0.00656,0.08397,0.01213,0.06467,0.04302,0.04313,0.01033,0.01186
24,0.01249,0.04686,0.02889,0.01428,0.32152,0.00553,0.07680,0.06452,0.01807,0.00125,0.01221,0.02859,0.04014,0.02495,0.00559,0.00199,0.01722,0.00815,0.07850,0.19246
25,0.10144,0.05757,0.02178,0.01511,0.05627,0.02229,0.08146,0.06412,0.01802,0.06745,0.04681,0.11077,0.00539,0.05153,0.05055,0.07037,0.03987,0.05023,0.00450,0.06446
26,0.00636,0.03623,0.04965,0.01699,0.00128,0.00396,0.05535,0.03121,0.10410,0.01037,0.03520,0.12304,0.05312,0.12328,0.07769,0.13122,0.10828,0.02161,0.00370,0.00737
27,0.00943,0.00793,0.03564,0.01242,0.27037,0.00575,0.05374,0.02246,0.01577,0.00548,0.01539,0.01812,0.01152,0.02141,0.00602,0.01150,0.01044,0.00643,0.01299,0.44720
28,0.00813,0.01628,0.02157,0.08616,0.00916,0.00701,0.02381,0.05691,0.35360,0.00448,0.01265,0.01023,0.01011,0.02251,0.23526,0.00768,0.04770,0.02222,0.01061,0.03393
29,0.06553,0.03198,0.00683,0.04869,0.01501,0.04581,0.03734,0.05750,0.17271,0.06851,0.04540,0.03726,0.00520,0.03987,0.16605,0.06232,0.02307,0.05140,0.00329,0.01623
30,0.18549,0.08638,0.01694,0.01098,0.01000,0.01866,0.07691,0.02859,0.01044,0.01097,0.01082,0.19252,0.01800,0.02325,0.02594,0.15229,0.08165,0.02557,0.00700,0.00760
31,0.23468,0.07968,0.01449,0.01301,0.01255,0.31215,0.03269,0.01425,0.01196,0.00436,0.01168,0.05553,0.00660,0.02541,0.00458,0.12847,0.00655,0.00634,0.01091,0.01412
32,0.00824,0.19019,0.02037,0.02554,0.02725,0.00615,0.01867,0.30834,0.01485,0.00532,0.01531,0.04691,0.00860,0.02289,0.00517,0.00575,0.06941,0.15820,0.01835,0.02448
33,0.04163,0.02455,0.00647,0.00441,0.01925,0.00244,0.08888,0.00298,0.01483,0.10082,0.02986,0.01815,0.00339,0.05665,0.02691,0.08399,0.12460,0.04789,0.24446,0.05785
34,0.00997,0.01989,0.12349,0.50388,0.02496,0.08538,0.01948,0.01855,0.00806,0.00726,0.03111,0.01672,0.00885,0.02365,0.00773,0.01125,0.01099,0.02432,0.02538,0.01907
35,0.07653,0.11642,0.01076,0.01818,0.00695,0.00597,0.00692,0.21885,0.01119,0.00546,0.02658,0.00911,0.04811,0.00801,0.00226,0.01274,0.13442,0.26713,0.00455,0.00986
36,0.14378,0.06428,0.01274,0.03739,0.03670,0.03269,0.03745,0.01870,0.01325,0.03897,0.04858,0.08115,0.07716,0.11112,0.01660,0.06138,0.05800,0.03679,0.01571,0.05757
37,0.01781,0.05096,0.04295,0.02114,0.02731,0.01093,0.03859,0.04990,0.01442,0.01304,0.02742,0.12657,0.03734,0.03180,0.32098,0.06231,0.02329,0.01074,0.02845,0.04406
38,0.08912,0.01378,0.15050,0.19076,0.01191,0.05220,0.03783,0.04836,0.00452,0.03132,0.03962,0.10824,0.00177,0.03489,0.00257,0.04945,0.05937,0.03528,0.02327,0.01523
39,0.03199,0.00499,0.10710,0.14648,0.00871,0.04138,0.06027,0.06709,0.00413,0.05312,0.06984,0.05797,0.05768,0.08625,0.00884,0.03574,0.07203,0.05810,0.00668,0.02161
40,0.42572,0.01291,0.02335,0.01157,0.01413,0.01256,0.02303,0.01804,0.01651,0.00467,0.01671,0.01386,0.02535,0.01854,0.00497,0.23676,0.00258,0.07846,0.02860,0.01166
41,0.06601,0.02707,0.00490,0.00643,0.00516,0.00342,0.01313,0.12712,0.20779,0.01779,0.02037,0.00590,0.00365,0.12067,0.14799,0.05708,0.07792,0.07903,0.00364,0.00495
42,0.08234,0.03111,0.02579,0.06296,0.01242,0.02624,0.06466,0.06397,0.02834,0.06533,0.05169,0.07508,0.00062,0.05822,0.10295,0.08909,0.07626,0.05491,0.00813,0.01989
43,0.24031,0.12010,0.01411,0.04125,0.02316,0.01462,0.04166,0.01841,0.02005,0.05937,0.13624,0.04316,0.00273,0.05008,0.03407,0.06383,0.00169,0.02819,0.00993,0.03705
44,0.01200,0.01064,0.00703,0.01015,0.18712,0.00552,0.01660,0.21207,0.00909,0.29867,0.11174,0.00758,0.00285,0.01369,0.01181,0.00233,0.00471,0.05288,0.01199,0.01154
45,0.05570,0.04799,0.03536,0.07438,0.02445,0.05192,0.08236,0.04902,0.07865,0.06190,0.05133,0.06968,0.00062,0.07126,0.03879,0.06641,0.04513,0.04397,0.01263,0.03844
46,0.04504,0.07778,0.12431,0.11282,0.02115,0.06033,0.04390,0.03227,0.02434,0.02717,0.03140,0.08098,0.00090,0.12888,0.01393,0.07785,0.05010,0.03216,0.00567,0.00900
47,0.05506,0.06337,0.00923,0.01247,0.01866,0.19640,0.10218,0.00377,0.10812,0.01754,0.05183,0.13741,0.00156,0.07634,0.06230,0.06698,0.00370,0.00228,0.00648,0.00433
48,0.04345,0.13523,0.04092,0.03908,0.07779,0.01020,0.03692,0.04394,0.01273,0.03164,0.03861,0.14485,0.04643,0.02634,0.04454,0.02592,0.09115,0.06403,0.00878,0.03746
49,0.05381,0.04674,0.07506,0.03271,0.07468,0.01579,0.02975,0.03103,0.05014,0.08726,0.04678,0.05081,0.01919,0.03337,0.04736,0.06406,0.04905,0.06019,0.04702,0.08521
50,0.06137,0.05926,0.15938,0.06197,0.04044,0.04182,0.06965,0.02209,0.02589,0.02486,0.03887,0.07312,0.00315,0.03980,0.01222,0.06062,0.06785,0.07054,0.03418,0.03292
51,0.10647,0.05531,0.02036,0.08382,0.01074,0.13332,0.03913,0.00336,0.03623,0.04145,0.03261,0.05156,0.00114,0.03065,0.02087,0.21664,0.09834,0.01096,0.00409,0.00298
52,0.00698,0.01703,0.01515,0.01058,0.01774,0.68359,0.01571,0.01928,0.01951,0.00555,0.01982,0.02015,0.00709,0.03266,0.04693,0.00612,0.00780,0.01144,0.01804,0.01883
53,0.01289,0.01156,0.00521,0.00569,0.25937,0.00253,0.27959,0.00932,0.00459,0.00259,0.01134,0.00510,0.00087,0.02493,0.00136,0.00174,0.00304,0.02241,0.14728,0.18859
54,0.23842,0.11409,0.01467,0.00794,0.00574,0.00930,0.00474,0.00558,0.00627,0.00220,0.00683,0.00844,0.25045,0.00664,0.00226,0.17960,0.09915,0.02262,0.00878,0.00628
55,0.02992,0.05035,0.00736,0.02855,0.00802,0.00481,0.00876,0.00340,0.00716,0.00261,0.01411,0.00625,0.31442,0.00796,0.00374,0.00269,0.01157,0.47245,0.00987,0.00600
56,0.00859,0.01240,0.01115,0.02125,0.09161,0.00752,0.00807,0.01699,0.01999,0.00528,0.02309,0.01159,0.02586,0.01350,0.00487,0.62906,0.00439,0.00746,0.02001,0.05733
57,0.01100,0.08562,0.02112,0.01364,0.02058,0.00782,0.01256,0.01830,0.02309,0.00580,0.01522,0.01445,0.00799,0.05186,0.48611,0.10247,0.04246,0.00787,0.03336,0.01869
58,0.01404,0.01394,0.01253,0.05804,0.01621,0.67272,0.01043,0.01524,0.01699,0.00418,0.01916,0.01274,0.00481,0.01273,0.07068,0.00637,0.00645,0.00591,0.01429,0.01255
59,0.18532,0.08649,0.01089,0.01083,0.01003,0.01343,0.00564,0.00986,0.00948,0.00304,0.00845,0.03448,0.00573,0.00747,0.00443,0.24656,0.14132,0.18140,0.00798,0.01717
60,0.12355,0.13753,0.01451,0.02728,0.11374,0.02597,0.02191,0.01770,0.02272,0.00496,0.01509,0.02858,0.01227,0.01501,0.00423,0.26105,0.07354,0.03909,0.01006,0.03121
61,0.04161,0.01616,0.02662,0.02740,0.01988,0.00663,0.03490,0.02146,0.50729,0.00624,0.02005,0.05470,0.02134,0.01681,0.10831,0.01069,0.01484,0.00666,0.01537,0.02303
62,0.00355,0.00800,0.00779,0.01127,0.29802,0.00405,0.01208,0.10563,0.00765,0.43551,0.00806,0.00495,0.00377,0.00848,0.00496,0.00310,0.00296,0.05461,0.00929,0.00627
63,0.17798,0.06381,0.01117,0.07657,0.00953,0.08451,0.00532,0.00573,0.02717,0.02496,0.08719,0.00635,0.00073,0.10691,0.05929,0.09988,0.05049,0.05401,0.02580,0.02259
64,0.00686,0.02117,0.01404,0.01433,0.09698,0.00593,0.00930,0.01104,0.01113,0.00360,0.01076,0.00971,0.00450,0.01021,0.06435,0.00392,0.00563,0.00721,0.59576,0.09360
65,0.00638,0.02754,0.01491,0.01756,0.03015,0.00667,0.01186,0.02318,0.01362,0.42937,0.29905,0.01235,0.00470,0.01833,0.00581,0.02881,0.00720,0.01594,0.01077,0.01580
66,0.19480,0.17585,0.01106,0.00893,0.01252,0.00702,0.01214,0.03237,0.01076,0.00578,0.02447,0.00812,0.00290,0.01134,0.00309,0.02791,0.16834,0.26064,0.00897,0.01302
67,0.00787,0.01818,0.04593,0.43281,0.01289,0.00182,0.01093,0.01266,0.36022,0.00331,0.01351,0.00650,0.00279,0.01022,0.01116,0.00914,0.00408,0.01603,0.01102,0.00892
68,0.00870,0.01670,0.01713,0.02083,0.01539,0.08184,0.00949,0.05089,0.03651,0.00496,0.01694,0.01136,0.00566,0.01663,0.59299,0.04882,0.00657,0.00933,0.01601,0.01325
69,0.11377,0.01078,0.09043,0.00497,0.00777,0.58449,0.00362,0.00590,0.00740,0.00215,0.00788,0.06335,0.00174,0.01720,0.01845,0.03020,0.00249,0.01224,0.00903,0.00614
70,0.00206,0.00199,0.00407,0.00571,0.19486,0.00453,0.06222,0.05984,0.00370,0.27516,0.15982,0.00521,0.00103,0.00331,0.00175,0.00125,0.00178,0.00573,0.02593,0.18004
71,0.02672,0.34738,0.00767,0.00817,0.06494,0.00358,0.00418,0.07951,0.00721,0.17513,0.11810,0.00519,0.00118,0.00428,0.00751,0.00233,0.04416,0.07997,0.00611,0.00669
72,0.02581,0.04761,0.13871,0.14177,0.03000,0.05511,0.15960,0.01951,0.00634,0.04554,0.03999,0.03064,0.00667,0.05766,0.01091,0.04915,0.02775,0.02533,0.04334,0.03855
73,0.01460,0.07504,0.03286,0.02317,0.03908,0.00897,0.05764,0.03457,0.02489,0.02182,0.05873,0.03313,0.32149,0.07845,0.00873,0.00510,0.09044,0.01208,0.01647,0.04275
74,0.02138,0.07495,0.00380,0.07192,0.11136,0.04050,0.06026,0.07556,0.00378,0.09255,0.10172,0.03216,0.00211,0.02787,0.00222,0.03067,0.03312,0.08142,0.01454,0.11812
75,0.00817,0.02264,0.02193,0.00606,0.01744,0.66009,0.01658,0.02616,0.02317,0.00710,0.01960,0.01737,0.00714,0.01980,0.01950,0.00741,0.00833,0.01196,0.05956,0.01999
76,0.04936,0.04551,0.00482,0.00192,0.05935,0.00331,0.21254,0.01131,0.09918,0.05286,0.02331,0.00466,0.00185,0.02660,0.14741,0.04489,0.02980,0.03526,0.01152,0.13454
77,0.01275,0.26184,0.01267,0.01904,0.01198,0.01501,0.00778,0.03595,0.01336,0.06537,0.01159,0.00689,0.00397,0.00904,0.00477,0.00370,0.24506,0.23509,0.01699,0.00716
78,0.02313,0.18963,0.01784,0.00645,0.02546,0.00488,0.00594,0.21289,0.01035,0.06524,0.12214,0.00513,0.00274,0.00742,0.00278,0.00244,0.05569,0.19345,0.00623,0.04018
79,0.00860,0.01996,0.69685,0.03058,0.02105,0.00243,0.01053,0.01903,0.02440,0.00758,0.02112,0.05583,0.00572,0.02130,0.00608,0.00557,0.00615,0.00754,0.01689,0.01279
80,0.00477,0.01262,0.01076,0.01208,0.03495,0.00563,0.03373,0.27973,0.01423,0.45212,0.06475,0.00947,0.00614,0.01176,0.00250,0.00321,0.00380,0.01241,0.01357,0.01176
81,0.01238,0.04883,0.01662,0.05630,0.01650,0.64757,0.01469,0.01445,0.02207,0.00520,0.02004,0.01588,0.00701,0.02246,0.00512,0.00610,0.00971,0.00688,0.03663,0.01553
82,0.29532,0.43290,0.00771,0.00984,0.00532,0.00361,0.00739,0.00793,0.00841,0.00204,0.00751,0.00727,0.00239,0.00727,0.00312,0.12159,0.02566,0.00345,0.00538,0.03589
83,0.00692,0.05604,0.00565,0.02062,0.01776,0.71268,0.01152,0.01465,0.02149,0.00645,0.02202,0.00987,0.00580,0.01947,0.00468,0.00383,0.00592,0.01611,0.02542,0.01311
84,0.01698,0.02998,0.04542,0.02615,0.03989,0.05212,0.09848,0.10894,0.03566,0.02101,0.06502,0.02110,0.09033,0.05124,0.18819,0.00693,0.03091,0.01515,0.02819,0.02831
85,0.01099,0.04777,0.03561,0.00693,0.05407,0.16725,0.13551,0.08192,0.02377,0.01822,0.03419,0.09803,0.01770,0.06738,0.00348,0.02484,0.02594,0.02393,0.02444,0.09805
86,0.01588,0.01739,0.02677,0.04619,0.01812,0.62709,0.00892,0.02389,0.04077,0.00632,0.03782,0.02145,0.00344,0.02459,0.00618,0.00368,0.00734,0.02121,0.02826,0.01469
87,0.01172,0.04694,0.03017,0.03681,0.02845,0.01639,0.01758,0.03210,0.03119,0.00606,0.02464,0.02578,0.00566,0.01756,0.00239,0.00771,0.01084,0.01530,0.60429,0.02842
88,0.22808,0.22941,0.00560,0.00889,0.00631,0.12106,0.00376,0.00445,0.01040,0.00211,0.00828,0.01245,0.00111,0.00804,0.00411,0.29432,0.03347,0.00420,0.00811,0.00583
89,0.00221,0.05148,0.00826,0.00514,0.08821,0.00209,0.01147,0.00388,0.00507,0.00511,0.00506,0.00655,0.00273,0.43947,0.00146,0.00118,0.00196,0.00222,0.07937,0.27708
90,0.00812,0.03265,0.05290,0.02979,0.10516,0.00656,0.01964,0.01286,0.02506,0.05502,0.02810,0.01235,0.00425,0.02692,0.00595,0.01353,0.00570,0.04022,0.07545,0.43978
91,0.11626,0.07012,0.00201,0.00303,0.00318,0.01912,0.00192,0.16465,0.00378,0.05662,0.16436,0.00198,0.00059,0.00277,0.00095,0.12935,0.12760,0.12637,0.00309,0.00225
92,0.51893,0.10145,0.00564,0.01596,0.01144,0.15553,0.00569,0.01312,0.01689,0.00378,0.02081,0.00967,0.00411,0.01272,0.00334,0.04356,0.00139,0.02366,0.02015,0.01216
93,0.10873,0.06889,0.00309,0.00613,0.00300,0.14422,0.04672,0.01517,0.00489,0.00110,0.01061,0.03180,0.00066,0.00985,0.00142,0.18194,0.32223,0.03142,0.00480,0.00332
94,0.02912,0.04844,0.06976,0.01195,0.00413,0.02221,0.10918,0.13571,0.01165,0.11413,0.03916,0.10440,0.00126,0.06667,0.00251,0.02958,0.03336,0.08809,0.03788,0.04079
95,0.04535,0.03201,0.00245,0.00344,0.02174,0.04711,0.02280,0.02743,0.07407,0.07751,0.07963,0.10571,0.05358,0.06236,0.14014,0.07768,0.08287,0.03586,0.00497,0.00329
96,0.03000,0.00971,0.00676,0.22001,0.04595,0.00495,0.09436,0.01323,0.02850,0.23562,0.03507,0.01970,0.01850,0.01013,0.03330,0.04475,0.03510,0.00615,0.03246,0.07572
97,0.00367,0.06800,0.04599,0.01630,0.04869,0.00418,0.14763,0.07599,0.06629,0.01005,0.00925,0.09648,0.02222,0.03870,0.00961,0.01570,0.07016,0.17261,0.02394,0.05454
98,0.00686,0.01504,0.01723,0.01323,0.02680,0.00674,0.03905,0.16672,0.01495,0.02956,0.05546,0.02039,0.00192,0.52124,0.00158,0.01753,0.00399,0.01216,0.01922,0.01031
99,0.02150,0.06426,0.25006,0.29723,0.00837,0.04264,0.00400,0.04013,0.00597,0.07482,0.06840,0.00556,0.00169,0.03594,0.00269,0.01050,0.00631,0.04671,0.00761,0.00560
100,0.00295,0.24156,0.01013,0.00958,0.01041,0.01598,0.01088,0.21266,0.01332,0.00633,0.00743,0.01477,0.00284,0.01136,0.00362,0.00345,0.00464,0.39511,0.01395,0.00904
101,0.06065,0.08341,0.00267,0.00407,0.03600,0.04423,0.07801,0.07239,0.08820,0.08691,0.06337,0.04306,0.00044,0.07170,0.08728,0.03803,0.01268,0.05347,0.03682,0.03660
102,0.06415,0.00652,0.00959,0.01710,0.00643,0.77437,0.00510,0.00843,0.01178,0.00223,0.01029,0.00718,0.00204,0.00796,0.00688,0.00846,0.00349,0.03007,0.01139,0.00655
103,0.00233,0.01642,0.00567,0.00665,0.19120,0.00236,0.03489,0.06857,0.00618,0.09423,0.05620,0.00239,0.00090,0.00404,0.00133,0.00525,0.00150,0.10922,0.17748,0.21319
104,0.03105,0.01328,0.01011,0.02036,0.01178,0.00670,0.00438,0.01116,0.01190,0.00331,0.01243,0.00726,0.00708,0.00822,0.00287,0.14520,0.66118,0.00595,0.01729,0.00847
105,0.07865,0.03806,0.02561,0.00449,0.03111,0.01458,0.05847,0.04634,0.11028,0.04719,0.04181,0.07811,0.00058,0.07723,0.08030,0.07051,0.06315,0.05216,0.04125,0.04011
106,0.26835,0.00757,0.00804,0.03886,0.00615,0.51074,0.00475,0.00975,0.00985,0.00229,0.01184,0.00864,0.00375,0.01019,0.00191,0.06735,0.00940,0.00408,0.01035,0.00615
107,0.09400,0.02438,0.00777,0.01822,0.01371,0.56185,0.01353,0.01721,0.03003,0.01851,0.01923,0.01328,0.00951,0.03884,0.00412,0.04469,0.03062,0.00705,0.01816,0.01528
108,0.11720,0.06734,0.02271,0.01272,0.04741,0.02212,0.01426,0.04776,0.04659,0.01385,0.03039,0.04568,0.15212,0.01594,0.04568,0.06355,0.12122,0.09266,0.00883,0.01197
109,0.07901,0.06106,0.06051,0.05887,0.00808,0.11416,0.09047,0.00231,0.05725,0.00311,0.03318,0.11283,0.00056,0.10437,0.04311,0.09002,0.04787,0.00645,0.00231,0.02447
110,0.02603,0.00495,0.00339,0.00640,0.00635,0.07270,0.37461,0.00384,0.00913,0.00154,0.00492,0.01473,0.00139,0.43498,0.01658,0.00162,0.00120,0.00235,0.00612,0.00717
