site,A,C,D,E,F,G,H,I,K,L,M,N,P,Q,R,S,T,V,W,Y
0,0.01568,0.04267,0.03681,0.02839,0.01735,0.04630,0.02627,0.02088,0.10330,0.01508,0.02128,0.04237,0.02183,0.02143,0.44415,0.03826,0.01754,0.00809,0.01210,0.02024
1,0.01331,0.01642,0.01792,0.01546,0.01937,0.34079,0.13360,0.01835,0.01497,0.00756,0.01477,0.03429,0.19745,0.03651,0.02914,0.01259,0.03173,0.00846,0.00924,0.02806
2,0.00704,0.05092,0.04916,0.01461,0.01348,0.67794,0.01432,0.01662,0.01646,0.00449,0.01678,0.01596,0.00710,0.01689,0.00463,0.02988,0.00954,0.00669,0.01130,0.01619
3,0.07405,0.04103,0.01912,0.02734,0.02193,0.58159,0.02231,0.02399,0.01944,0.00661,0.02376,0.02333,0.00961,0.02410,0.01432,0.00722,0.01194,0.00623,0.01417,0.02794
4,0.04777,0.06107,0.03065,0.03299,0.02301,0.02081,0.03352,0.09181,0.05957,0.04274,0.03028,0.04973,0.00287,0.14686,0.05637,0.06721,0.07490,0.08904,0.01091,0.02790
5,0.17183,0.05997,0.00879,0.01619,0.01122,0.46357,0.00756,0.01052,0.01473,0.00285,0.01032,0.01116,0.00368,0.01142,0.00879,0.15275,0.00508,0.01337,0.00618,0.01004
6,0.04173,0.03649,0.10911,0.12618,0.04629,0.00761,0.03645,0.02967,0.01003,0.03115,0.05848,0.04972,0.00663,0.11620,0.00820,0.05997,0.06044,0.05534,0.05667,0.05364
7,0.05205,0.04113,0.01683,0.01793,0.01732,0.00520,0.01613,0.03572,0.01527,0.00484,0.01553,0.01587,0.01063,0.01599,0.00456,0.05223,0.62452,0.01238,0.01178,0.01408
8,0.04104,0.17189,0.00408,0.00574,0.00433,0.00832,0.00337,0.14139,0.00413,0.17793,0.00679,0.00974,0.06788,0.00309,0.00269,0.03581,0.13214,0.17287,0.00297,0.00381
9,0.00860,0.01845,0.01639,0.07107,0.01821,0.65400,0.01734,0.01675,0.02469,0.00547,0.02436,0.02695,0.00798,0.02326,0.01694,0.00742,0.00980,0.00540,0.01147,0.01545
10,0.05314,0.11026,0.05981,0.12979,0.03212,0.01075,0.03282,0.07377,0.01651,0.02929,0.03363,0.02973,0.00177,0.11653,0.02442,0.02552,0.01256,0.11214,0.05177,0.04368
11,0.03760,0.01599,0.01249,0.04595,0.03205,0.02419,0.07223,0.08030,0.12934,0.07657,0.11692,0.06533,0.00333,0.06048,0.07770,0.04155,0.02509,0.06528,0.00696,0.01062
12,0.02162,0.02850,0.06051,0.04419,0.02915,0.00736,0.07251,0.04198,0.05285,0.02598,0.03598,0.07287,0.05516,0.06974,0.03818,0.02131,0.04014,0.00973,0.20397,0.06827
13,0.01141,0.02863,0.04377,0.03413,0.04138,0.00633,0.12132,0.06761,0.31526,0.01101,0.02370,0.03701,0.01646,0.03206,0.07274,0.01153,0.03304,0.01002,0.01666,0.06594
14,0.06085,0.03072,0.02439,0.01648,0.07057,0.08729,0.07870,0.05737,0.03681,0.04690,0.09951,0.05893,0.00123,0.04651,0.03549,0.07904,0.06735,0.03956,0.02541,0.03690
15,0.10254,0.05510,0.01288,0.07627,0.00611,0.04763,0.03107,0.01316,0.10453,0.04576,0.07032,0.07248,0.00205,0.07426,0.10912,0.10094,0.05021,0.01919,0.00236,0.00403
16,0.00548,0.01429,0.01230,0.01201,0.00977,0.00407,0.01019,0.16199,0.01066,0.26434,0.21114,0.01341,0.05727,0.01023,0.00424,0.00377,0.01575,0.16182,0.00733,0.00996
17,0.09187,0.04663,0.02460,0.01437,0.01013,0.06348,0.03944,0.03056,0.03171,0.02951,0.04305,0.23910,0.00638,0.05247,0.03584,0.13115,0.03050,0.03623,0.01135,0.03164
18,0.05372,0.06482,0.04218,0.05386,0.02759,0.08039,0.08247,0.05660,0.03777,0.06707,0.04223,0.04686,0.00180,0.06582,0.05377,0.07629,0.06287,0.05514,0.00920,0.01953
19,0.00781,0.05659,0.01741,0.01036,0.12127,0.00704,0.01104,0.06039,0.01379,0.28775,0.23933,0.01171,0.00430,0.07552,0.00336,0.00321,0.01115,0.01238,0.00650,0.03907
20,0.10227,0.05698,0.06780,0.04091,0.00555,0.07089,0.04143,0.01349,0.02246,0.03244,0.04082,0.05312,0.08894,0.10305,0.02713,0.09954,0.05580,0.05354,0.00437,0.01946
21,0.08156,0.01375,0.04619,0.03128,0.00614,0.07306,0.05136,0.00649,0.03838,0.02272,0.04684,0.06248,0.07016,0.14411,0.07505,0.11884,0.08749,0.00979,0.00710,0.00720
22,0.05644,0.06354,0.05042,0.04439,0.04359,0.05867,0.07107,0.03977,0.01699,0.04838,0.08169,0.04677,0.06360,0.08696,0.02354,0.04442,0.05307,0.05383,0.01314,0.03972
23,0.05544,0.07586,0.11500,0.10718,0.01054,0.06343,0.06595,0.01471,0.01864,0.01906,0.05333,0.08481,0.00786,0.14041,0.00794,0.05290,0.05355,0.03100,0.01041,0.01198
24,0.01582,0.03140,0.03657,0.01816,0.26355,0.00703,0.07291,0.06294,0.02320,0.00342,0.01566,0.03684,0.05126,0.03177,0.00710,0.00452,0.02206,0.00736,0.13379,0.15465
25,0.07258,0.03952,0.02097,0.01625,0.06639,0.01871,0.09565,0.07093,0.02011,0.06525,0.05727,0.09215,0.00535,0.07131,0.04416,0.07083,0.05129,0.04383,0.00747,0.07000
26,0.01215,0.02391,0.03424,0.03739,0.00580,0.00330,0.03800,0.02130,0.12981,0.00675,0.02873,0.13233,0.06259,0.10617,0.07906,0.13057,0.11136,0.02409,0.00360,0.00885
27,0.01357,0.01593,0.04007,0.01758,0.17896,0.00814,0.10747,0.03212,0.02246,0.00780,0.02199,0.03027,0.01644,0.03009,0.00854,0.01210,0.01485,0.00912,0.01831,0.39419
28,0.01094,0.02995,0.02836,0.12843,0.01238,0.00961,0.04384,0.08449,0.30503,0.00604,0.01732,0.02386,0.01361,0.03401,0.14720,0.00903,0.03435,0.01686,0.01479,0.02991
29,0.10629,0.03305,0.00982,0.02866,0.01476,0.04462,0.04395,0.03979,0.15582,0.05864,0.04451,0.03905,0.00736,0.04883,0.15599,0.06473,0.03526,0.04892,0.00484,0.01511
30,0.16091,0.18453,0.03181,0.01776,0.01739,0.01428,0.05133,0.02619,0.01445,0.00970,0.01533,0.13446,0.01158,0.02577,0.02108,0.15170,0.06977,0.01723,0.01177,0.01298
31,0.20449,0.05785,0.02318,0.02222,0.02091,0.31142,0.03510,0.02427,0.02062,0.00737,0.02014,0.04487,0.01134,0.03683,0.00779,0.08675,0.01122,0.01078,0.01841,0.02444
32,0.01136,0.16594,0.02814,0.03302,0.02836,0.00841,0.02500,0.26713,0.02062,0.00736,0.02434,0.05673,0.01182,0.03279,0.00699,0.02059,0.07701,0.11744,0.02443,0.03251
33,0.04520,0.02570,0.01152,0.00758,0.01607,0.00432,0.05938,0.04612,0.02377,0.10266,0.02767,0.04127,0.00423,0.06037,0.02645,0.07944,0.12736,0.03509,0.21760,0.03818
34,0.01944,0.02564,0.11255,0.42209,0.03153,0.09893,0.02516,0.02428,0.02067,0.00935,0.02949,0.02143,0.01120,0.03531,0.00985,0.01394,0.01395,0.01836,0.03247,0.02434
35,0.05839,0.11207,0.01666,0.01649,0.01071,0.00543,0.01066,0.22887,0.01731,0.00480,0.01677,0.01636,0.04336,0.01229,0.00348,0.01089,0.14565,0.24752,0.00706,0.01520
36,0.13850,0.05893,0.02659,0.02943,0.04637,0.04765,0.06186,0.03024,0.02056,0.02555,0.05864,0.07185,0.06370,0.07532,0.01926,0.07636,0.04484,0.04507,0.01882,0.04045
37,0.02090,0.05916,0.05025,0.02466,0.03205,0.01020,0.04489,0.05709,0.02935,0.01527,0.03221,0.13195,0.04365,0.03687,0.24920,0.03732,0.02733,0.01248,0.03389,0.05127
38,0.07580,0.01842,0.20779,0.16505,0.01682,0.04848,0.02407,0.05421,0.01966,0.02601,0.02661,0.10745,0.00245,0.02415,0.00353,0.03515,0.07262,0.03531,0.01994,0.01649
39,0.02864,0.00923,0.10401,0.15767,0.01328,0.04906,0.04555,0.07504,0.00440,0.04452,0.06784,0.04329,0.07408,0.09610,0.00709,0.03413,0.06231,0.06199,0.00712,0.01465
40,0.38291,0.01887,0.02890,0.01693,0.02070,0.01236,0.03356,0.02636,0.02410,0.00682,0.02439,0.02027,0.02185,0.02704,0.00727,0.18225,0.00932,0.07724,0.04180,0.01706
41,0.07889,0.03811,0.00840,0.01128,0.00883,0.00685,0.01125,0.11830,0.12187,0.02446,0.05655,0.00970,0.00348,0.07805,0.14890,0.04992,0.08343,0.12717,0.00619,0.00838
42,0.09982,0.03600,0.01861,0.03886,0.01155,0.03041,0.06991,0.04771,0.02028,0.05475,0.06695,0.08152,0.00103,0.08487,0.10097,0.07100,0.09109,0.04368,0.01475,0.01626
43,0.23596,0.14338,0.01882,0.02935,0.02060,0.01008,0.04659,0.02355,0.02456,0.06609,0.13161,0.03215,0.00623,0.03813,0.03626,0.06239,0.00280,0.02655,0.01632,0.02861
44,0.01131,0.01449,0.01112,0.01597,0.13565,0.00877,0.03438,0.22452,0.01450,0.28350,0.10035,0.00996,0.00520,0.01599,0.00840,0.00368,0.00630,0.05887,0.01875,0.01828
45,0.06349,0.04204,0.04524,0.06667,0.02719,0.04255,0.06846,0.04527,0.08485,0.07137,0.06528,0.06239,0.00117,0.07029,0.03144,0.07045,0.05285,0.04627,0.01309,0.02965
46,0.03947,0.07034,0.12961,0.11552,0.01680,0.07292,0.04700,0.02596,0.01639,0.05227,0.03050,0.08089,0.00163,0.09650,0.01277,0.09214,0.05073,0.02396,0.00889,0.01571
47,0.04419,0.06850,0.01132,0.01066,0.01418,0.19912,0.09705,0.00658,0.08571,0.01707,0.04812,0.10648,0.00267,0.11462,0.07547,0.07108,0.00404,0.00569,0.01108,0.00637
48,0.04805,0.09823,0.04544,0.03318,0.07450,0.01407,0.05101,0.05230,0.01946,0.03967,0.03004,0.10195,0.03947,0.06283,0.03043,0.01889,0.08107,0.06447,0.01430,0.08063
49,0.04589,0.04309,0.10814,0.04345,0.07545,0.02410,0.02177,0.03575,0.07019,0.08302,0.03622,0.04727,0.02077,0.03248,0.03825,0.05145,0.05660,0.05099,0.04213,0.07299
50,0.05602,0.06013,0.13507,0.04870,0.03696,0.04909,0.06065,0.01367,0.03178,0.02631,0.03764,0.15863,0.00299,0.05273,0.01243,0.05659,0.06395,0.04923,0.02384,0.02360
51,0.09358,0.04276,0.01982,0.08539,0.01035,0.15825,0.07262,0.00720,0.04463,0.03657,0.03693,0.05250,0.00242,0.04860,0.01855,0.18122,0.06099,0.01256,0.00869,0.00635
52,0.00831,0.02029,0.01804,0.09474,0.02112,0.53808,0.01874,0.02299,0.02324,0.00661,0.02364,0.02404,0.00844,0.03890,0.05990,0.00729,0.00929,0.01243,0.02147,0.02243
53,0.01309,0.01171,0.00846,0.00910,0.28316,0.00402,0.26899,0.01023,0.00738,0.00274,0.01058,0.00843,0.00193,0.02856,0.01578,0.00280,0.00351,0.01683,0.09921,0.19350
54,0.24287,0.09709,0.01802,0.01319,0.01004,0.00860,0.00811,0.00942,0.01099,0.00383,0.01176,0.00897,0.22428,0.01167,0.00394,0.17223,0.09194,0.02735,0.01513,0.01055
55,0.05217,0.03461,0.01203,0.02762,0.01305,0.00676,0.01415,0.02727,0.01158,0.01543,0.02288,0.01020,0.23373,0.01299,0.00607,0.00436,0.01159,0.45794,0.01583,0.00973
56,0.00912,0.01779,0.01582,0.03071,0.07328,0.01078,0.01165,0.02445,0.02858,0.00754,0.03301,0.01640,0.04591,0.01935,0.00693,0.55924,0.00632,0.01069,0.02850,0.04392
57,0.01094,0.09165,0.02921,0.01899,0.02849,0.00865,0.01737,0.02535,0.02215,0.01639,0.04874,0.02037,0.00639,0.03778,0.42299,0.08163,0.03795,0.02194,0.02690,0.02610
58,0.01312,0.02150,0.01936,0.03675,0.02511,0.62606,0.01595,0.02361,0.02646,0.00646,0.02943,0.01973,0.00734,0.01974,0.03887,0.00835,0.00990,0.01096,0.02194,0.01938
59,0.18968,0.08362,0.01544,0.01549,0.01456,0.01364,0.00796,0.02691,0.01346,0.00438,0.01223,0.03258,0.00662,0.01084,0.00711,0.22172,0.12038,0.16741,0.01145,0.02453
60,0.11103,0.08016,0.01996,0.02563,0.11051,0.03051,0.03028,0.02725,0.03198,0.00710,0.02182,0.03905,0.01735,0.02097,0.00599,0.26237,0.06040,0.03731,0.01465,0.04568
61,0.03096,0.02175,0.03579,0.01892,0.02662,0.00895,0.04706,0.02895,0.43201,0.00843,0.03606,0.07972,0.02863,0.02278,0.08039,0.01241,0.01997,0.00900,0.02060,0.03097
62,0.00541,0.01220,0.01196,0.01721,0.30627,0.00617,0.01184,0.08305,0.01163,0.39903,0.01232,0.00759,0.02898,0.01290,0.00607,0.00406,0.00454,0.03491,0.01426,0.00960
63,0.18796,0.05358,0.01642,0.06174,0.01350,0.07136,0.00581,0.01712,0.03082,0.01907,0.09247,0.00625,0.00138,0.09841,0.06243,0.13940,0.04358,0.04148,0.02286,0.01436
64,0.01045,0.02333,0.02104,0.02173,0.08355,0.01394,0.01404,0.01680,0.01695,0.00655,0.01614,0.01480,0.00681,0.01542,0.08393,0.00700,0.00852,0.01087,0.54641,0.06174
65,0.00909,0.02415,0.02110,0.02486,0.02414,0.00933,0.01671,0.02442,0.01903,0.37770,0.27194,0.01753,0.00676,0.02655,0.00809,0.04250,0.01024,0.01580,0.02794,0.02213
66,0.21635,0.10770,0.01854,0.02416,0.02154,0.01075,0.01571,0.02712,0.01842,0.00592,0.01925,0.01373,0.00492,0.01923,0.00523,0.02827,0.14509,0.26004,0.01543,0.02261
67,0.00863,0.03148,0.07448,0.42817,0.02132,0.01847,0.01818,0.02066,0.23073,0.00555,0.02289,0.01087,0.00480,0.01711,0.01898,0.00998,0.00692,0.01676,0.01885,0.01520
68,0.01245,0.02385,0.02436,0.02921,0.02176,0.06304,0.01354,0.03617,0.07767,0.00699,0.02393,0.01619,0.00803,0.02323,0.52389,0.03196,0.00930,0.01310,0.02256,0.01876
69,0.11102,0.01226,0.07964,0.03426,0.01175,0.54377,0.00558,0.00907,0.01139,0.00330,0.01208,0.05727,0.00268,0.01676,0.02152,0.02966,0.00383,0.01078,0.01390,0.00948
70,0.00495,0.03546,0.00774,0.01083,0.14993,0.00850,0.06704,0.05815,0.00705,0.26259,0.14274,0.00651,0.00193,0.00620,0.00330,0.00240,0.00336,0.00628,0.02328,0.19176
71,0.01806,0.20642,0.01497,0.01592,0.04548,0.00684,0.00810,0.09450,0.01378,0.19201,0.13937,0.01005,0.03229,0.01355,0.01434,0.00446,0.04264,0.10270,0.01175,0.01278
72,0.04251,0.08436,0.15892,0.15309,0.03224,0.05396,0.09005,0.01614,0.02263,0.04939,0.02885,0.02265,0.01069,0.05195,0.01221,0.04496,0.04112,0.03347,0.02662,0.02418
73,0.01798,0.06693,0.03990,0.02756,0.04663,0.01085,0.06767,0.04161,0.03024,0.02272,0.07882,0.03914,0.25913,0.08912,0.01057,0.00536,0.06080,0.01328,0.02002,0.05168
74,0.02756,0.11134,0.00855,0.04632,0.12616,0.03838,0.04055,0.06758,0.00796,0.09227,0.08893,0.02927,0.00436,0.03027,0.00387,0.01955,0.02170,0.07130,0.02755,0.13654
75,0.01318,0.03088,0.02983,0.01317,0.02343,0.56278,0.02247,0.03534,0.03160,0.00952,0.02638,0.02348,0.00956,0.02672,0.03442,0.00998,0.01117,0.01517,0.04385,0.02708
76,0.03579,0.04983,0.00980,0.00291,0.05598,0.00492,0.26046,0.01033,0.09609,0.04057,0.03292,0.00582,0.00298,0.01927,0.16514,0.03488,0.02538,0.02322,0.01033,0.11338
77,0.01323,0.30874,0.01592,0.02381,0.01226,0.02143,0.00988,0.02020,0.01680,0.05110,0.01477,0.00838,0.00490,0.01185,0.00610,0.00463,0.23479,0.19162,0.02065,0.00894
78,0.03742,0.17051,0.02425,0.01105,0.03205,0.01056,0.01015,0.17131,0.01751,0.05421,0.14873,0.00873,0.00469,0.01265,0.00473,0.00415,0.04521,0.19421,0.01063,0.02726
79,0.00939,0.02771,0.60879,0.02784,0.02905,0.01638,0.01484,0.02649,0.03386,0.01074,0.02969,0.05070,0.00788,0.02955,0.00842,0.00774,0.00859,0.01064,0.02365,0.01807
80,0.00771,0.02051,0.01723,0.01951,0.02587,0.00920,0.03193,0.21124,0.02295,0.43511,0.07345,0.01520,0.01707,0.01887,0.00947,0.00523,0.00615,0.01220,0.02208,0.01902
81,0.01417,0.06513,0.02226,0.04932,0.02210,0.54990,0.01968,0.01940,0.02943,0.00695,0.02670,0.02130,0.00937,0.03001,0.01396,0.00818,0.01300,0.00916,0.04920,0.02080
82,0.28437,0.41130,0.01236,0.01592,0.00846,0.00578,0.01212,0.01273,0.01355,0.00325,0.01200,0.01168,0.00382,0.01170,0.01921,0.10170,0.01948,0.00552,0.00704,0.02802
83,0.00806,0.03935,0.05784,0.02767,0.02369,0.60552,0.01551,0.01958,0.02863,0.00864,0.02957,0.01330,0.00778,0.02620,0.00626,0.00511,0.00792,0.01764,0.03411,0.01761
84,0.01953,0.03505,0.04544,0.03263,0.04665,0.03572,0.09473,0.11579,0.03271,0.02416,0.06981,0.02463,0.08475,0.06023,0.14796,0.00837,0.03628,0.01818,0.03397,0.03341
85,0.01547,0.05208,0.04154,0.01635,0.05746,0.13243,0.11531,0.07939,0.02794,0.02224,0.04197,0.09111,0.02095,0.07173,0.01757,0.02868,0.03055,0.01888,0.02492,0.09344
86,0.01421,0.01668,0.01821,0.05401,0.02474,0.53875,0.01217,0.03273,0.05538,0.00863,0.05166,0.02934,0.00469,0.03377,0.00728,0.01001,0.01003,0.01935,0.03827,0.02010
87,0.01525,0.03460,0.03927,0.04809,0.03708,0.01568,0.02288,0.04181,0.04056,0.01001,0.03206,0.03366,0.00738,0.02286,0.01453,0.01004,0.01409,0.01992,0.50340,0.03683
88,0.20636,0.18529,0.00977,0.01567,0.01109,0.12088,0.00656,0.00770,0.01785,0.00366,0.01446,0.01657,0.00192,0.01394,0.01152,0.30125,0.02390,0.00724,0.01405,0.01031
89,0.00428,0.07461,0.01356,0.00971,0.11573,0.00399,0.04060,0.00745,0.00974,0.00774,0.00951,0.00841,0.00516,0.32213,0.00276,0.00281,0.00371,0.00418,0.05421,0.29970
90,0.01134,0.06489,0.04581,0.03588,0.06774,0.00926,0.06464,0.01810,0.03519,0.05095,0.02945,0.01736,0.00728,0.03436,0.00835,0.01071,0.00802,0.02690,0.06697,0.38679
91,0.10770,0.07267,0.00258,0.00461,0.00480,0.01560,0.00292,0.16850,0.00674,0.05112,0.17403,0.00295,0.00076,0.00425,0.00145,0.10890,0.10816,0.15412,0.00469,0.00345
92,0.46854,0.12550,0.00827,0.02321,0.01659,0.12177,0.00842,0.01920,0.02470,0.00552,0.03063,0.01408,0.00395,0.01869,0.00490,0.03353,0.00377,0.02160,0.02938,0.01775
93,0.09254,0.05014,0.00613,0.01210,0.00592,0.16222,0.03185,0.01810,0.00967,0.00218,0.01149,0.01968,0.00131,0.01212,0.00281,0.15975,0.35913,0.02672,0.00953,0.00660
94,0.03339,0.05687,0.08918,0.01182,0.00682,0.02347,0.09771,0.14565,0.01071,0.10539,0.02559,0.11388,0.00194,0.08831,0.00279,0.03470,0.02390,0.07582,0.02629,0.02575
95,0.04643,0.03619,0.00409,0.00560,0.01412,0.05978,0.02415,0.03531,0.08029,0.07204,0.09431,0.08515,0.05034,0.06266,0.13552,0.07118,0.07235,0.04090,0.00594,0.00364
96,0.02955,0.01306,0.01306,0.18453,0.08433,0.00591,0.09235,0.02250,0.03150,0.15090,0.02457,0.03052,0.04886,0.01396,0.02504,0.03779,0.06359,0.01335,0.06198,0.05264
97,0.00640,0.07095,0.05552,0.01991,0.05521,0.00440,0.12467,0.07107,0.07650,0.01214,0.02616,0.09525,0.02670,0.04680,0.01156,0.01921,0.04934,0.13723,0.02894,0.06202
98,0.01038,0.02728,0.02592,0.01990,0.03879,0.01021,0.03435,0.17025,0.01570,0.01689,0.03753,0.02048,0.00476,0.48024,0.01177,0.01563,0.00603,0.01302,0.02534,0.01553
99,0.02642,0.05551,0.24719,0.29357,0.01399,0.03557,0.00667,0.03759,0.00676,0.07517,0.06818,0.00930,0.00282,0.02888,0.00449,0.00746,0.00579,0.05253,0.01274,0.00937
100,0.01047,0.20968,0.01534,0.01783,0.01595,0.01849,0.01791,0.18611,0.02159,0.00575,0.00727,0.02102,0.00433,0.01626,0.00549,0.00517,0.00704,0.37929,0.02127,0.01374
101,0.05205,0.07732,0.00593,0.00868,0.04719,0.04407,0.07425,0.05274,0.11259,0.08443,0.05935,0.04539,0.00078,0.07132,0.09043,0.05139,0.01107,0.04153,0.02856,0.04095
102,0.04930,0.01018,0.01490,0.02859,0.01000,0.72875,0.00792,0.01312,0.01837,0.00346,0.01597,0.01117,0.00317,0.01237,0.00786,0.00858,0.00543,0.02295,0.01774,0.01019
103,0.00438,0.01140,0.00756,0.01245,0.19935,0.00441,0.03554,0.05684,0.01171,0.07667,0.03778,0.00752,0.00169,0.00759,0.00290,0.00446,0.00241,0.06978,0.21628,0.22927
104,0.01798,0.02098,0.01598,0.03213,0.01854,0.01062,0.00693,0.02528,0.01884,0.00524,0.01965,0.01151,0.00576,0.01301,0.00453,0.09356,0.62933,0.00942,0.02731,0.01342
105,0.07793,0.04374,0.02250,0.01948,0.02042,0.01302,0.05990,0.04342,0.11144,0.03651,0.04169,0.09015,0.00099,0.08564,0.07801,0.06991,0.06037,0.04612,0.04246,0.03633
106,0.26703,0.01060,0.01115,0.07172,0.00860,0.44993,0.00668,0.01341,0.01380,0.00380,0.01630,0.01192,0.00527,0.01442,0.00757,0.04582,0.01280,0.00616,0.01456,0.00847
107,0.08951,0.03862,0.02644,0.02928,0.01884,0.48655,0.01421,0.02342,0.03687,0.02933,0.02614,0.01802,0.01094,0.03592,0.00558,0.02751,0.02573,0.01186,0.02459,0.02063
108,0.13875,0.08237,0.02532,0.01494,0.03797,0.01399,0.05543,0.10092,0.04766,0.00947,0.02942,0.03094,0.11957,0.01856,0.06098,0.04515,0.07919,0.06291,0.01188,0.01457
109,0.06463,0.06344,0.05816,0.06391,0.00833,0.11143,0.09678,0.00378,0.07279,0.00334,0.03236,0.10398,0.00091,0.09554,0.04167,0.09210,0.04760,0.00933,0.00321,0.02671
110,0.02075,0.00805,0.00560,0.01065,0.01071,0.04332,0.37469,0.00647,0.01007,0.00208,0.00816,0.01231,0.00139,0.42623,0.01011,0.00270,0.00199,0.00391,0.01023,0.03056
