site,A,C,D,E,F,G,H,I,K,L,M,N,P,Q,R,S,T,V,W,Y
0,0.01506,0.04979,0.02829,0.02238,0.01639,0.04454,0.04346,0.01829,0.07577,0.01666,0.01899,0.02604,0.02825,0.01867,0.47613,0.03484,0.01750,0.01065,0.01602,0.02227
1,0.02226,0.01956,0.02105,0.04102,0.02250,0.51530,0.04045,0.02043,0.01898,0.01209,0.01972,0.02902,0.04471,0.02886,0.03867,0.01863,0.02750,0.01933,0.01422,0.02571
2,0.00997,0.05203,0.04384,0.01432,0.01553,0.67439,0.01319,0.01461,0.01539,0.00616,0.01461,0.01526,0.00838,0.01560,0.00704,0.02789,0.01116,0.01351,0.01167,0.01547
3,0.07519,0.03646,0.01687,0.04411,0.01889,0.57297,0.01781,0.01866,0.01866,0.00767,0.01882,0.01862,0.01025,0.01922,0.02290,0.00982,0.01206,0.01713,0.02200,0.02189
4,0.04969,0.07175,0.03724,0.04126,0.03423,0.02580,0.03115,0.10368,0.06203,0.04413,0.03917,0.04793,0.00453,0.09782,0.04810,0.06766,0.07157,0.07781,0.01284,0.03161
5,0.13514,0.05539,0.01038,0.03479,0.01188,0.46513,0.01162,0.01039,0.01299,0.00384,0.01072,0.01121,0.00485,0.01163,0.01415,0.15611,0.00784,0.01209,0.00675,0.01308
6,0.04262,0.04159,0.08505,0.12105,0.04421,0.00773,0.04491,0.03271,0.01064,0.03719,0.06826,0.05080,0.00841,0.11213,0.00831,0.05153,0.04643,0.05500,0.07092,0.06050
7,0.04290,0.04769,0.01470,0.01484,0.01490,0.00682,0.01403,0.04173,0.01346,0.00583,0.02051,0.01961,0.01751,0.01479,0.00552,0.05453,0.60720,0.01957,0.01111,0.01276
8,0.05073,0.14534,0.00446,0.00644,0.00550,0.01110,0.00401,0.13376,0.00478,0.16880,0.01315,0.01569,0.06340,0.01253,0.00359,0.03925,0.14239,0.16665,0.00425,0.00417
9,0.01170,0.01639,0.01545,0.04538,0.01643,0.67373,0.01503,0.01523,0.02129,0.00743,0.01901,0.01947,0.00932,0.01904,0.03323,0.00897,0.01053,0.01634,0.01163,0.01443
10,0.05902,0.11517,0.04561,0.12797,0.03143,0.01871,0.03777,0.06398,0.01979,0.03646,0.03698,0.03369,0.00214,0.10382,0.02278,0.02642,0.01959,0.10029,0.04952,0.04885
11,0.06197,0.02180,0.01302,0.03374,0.03478,0.02454,0.06440,0.06519,0.13138,0.08333,0.09163,0.05432,0.00438,0.05708,0.06062,0.04125,0.02578,0.10157,0.00898,0.02024
12,0.02387,0.05073,0.03531,0.03326,0.03806,0.02311,0.03716,0.03241,0.03478,0.03466,0.02965,0.03718,0.03405,0.03931,0.04550,0.03162,0.03294,0.01466,0.32746,0.06428
13,0.01929,0.02507,0.03158,0.03389,0.02960,0.01179,0.05587,0.05422,0.41495,0.01510,0.02324,0.04721,0.01821,0.04332,0.04910,0.01806,0.04164,0.01431,0.01840,0.03515
14,0.05595,0.04863,0.03417,0.02520,0.06144,0.06937,0.06548,0.06441,0.04148,0.03967,0.08188,0.07700,0.00211,0.04024,0.03773,0.07093,0.07003,0.03831,0.03217,0.04382
15,0.09100,0.04920,0.01726,0.05414,0.01049,0.04640,0.03299,0.01701,0.12667,0.05233,0.06457,0.05948,0.00322,0.08042,0.12208,0.09581,0.04911,0.01810,0.00390,0.00583
16,0.00728,0.01610,0.01350,0.01329,0.01182,0.00602,0.01185,0.13543,0.01196,0.30738,0.19590,0.01444,0.03677,0.02524,0.00895,0.00555,0.02137,0.13676,0.00893,0.01146
17,0.05940,0.04824,0.04382,0.01567,0.01323,0.06912,0.03165,0.04223,0.04503,0.03050,0.03609,0.27252,0.00866,0.04268,0.04543,0.06119,0.05335,0.03682,0.01204,0.03232
18,0.05335,0.06446,0.03614,0.07080,0.02909,0.07962,0.07260,0.05871,0.03233,0.06365,0.05659,0.04528,0.00306,0.06369,0.05384,0.05405,0.06138,0.06531,0.01499,0.02105
19,0.01009,0.04655,0.01411,0.01019,0.14376,0.00718,0.01506,0.04226,0.01754,0.24495,0.23332,0.01140,0.00505,0.08117,0.00615,0.00375,0.02641,0.02312,0.00667,0.05127
20,0.08158,0.05470,0.07663,0.04019,0.00980,0.09826,0.04133,0.01271,0.02240,0.03298,0.04354,0.06009,0.07221,0.07519,0.02880,0.09974,0.07751,0.04456,0.00699,0.02079
21,0.09362,0.02617,0.04534,0.02987,0.01068,0.08258,0.06118,0.01246,0.04554,0.02162,0.03783,0.04799,0.07239,0.11321,0.06872,0.09655,0.08842,0.01887,0.00961,0.01733
22,0.06731,0.05026,0.04296,0.03518,0.03432,0.05868,0.07210,0.04442,0.02467,0.05500,0.06911,0.05337,0.05569,0.07683,0.02368,0.06407,0.05610,0.05347,0.02218,0.04058
23,0.05860,0.07554,0.10039,0.11912,0.01146,0.04535,0.06627,0.02404,0.02398,0.02000,0.06018,0.07385,0.01118,0.10959,0.01337,0.06341,0.05894,0.04151,0.01111,0.01211
24,0.01760,0.03380,0.02679,0.01952,0.34385,0.00973,0.08711,0.04718,0.02071,0.02843,0.01782,0.02862,0.03801,0.02487,0.01004,0.03702,0.02256,0.02094,0.09555,0.06985
25,0.07970,0.04067,0.02059,0.01996,0.08291,0.02212,0.07262,0.05767,0.02560,0.05459,0.06722,0.07362,0.00713,0.07263,0.05277,0.06123,0.04538,0.04574,0.01154,0.08632
26,0.02106,0.03674,0.04142,0.04480,0.01385,0.00482,0.03910,0.02412,0.11543,0.00934,0.03124,0.10971,0.04468,0.10049,0.07354,0.12584,0.11965,0.02444,0.00543,0.01428
27,0.01422,0.05479,0.03631,0.01667,0.12495,0.01025,0.05423,0.02378,0.02072,0.01073,0.02056,0.03531,0.01718,0.02349,0.01109,0.01963,0.01550,0.01083,0.01800,0.46175
28,0.01866,0.04396,0.02413,0.05071,0.01968,0.01386,0.06232,0.05112,0.39191,0.01435,0.01796,0.03325,0.01672,0.03596,0.08273,0.01732,0.03639,0.02070,0.01666,0.03162
29,0.08012,0.03509,0.01082,0.03148,0.01732,0.04513,0.03975,0.04471,0.15603,0.04274,0.03188,0.05620,0.00872,0.06108,0.12981,0.08009,0.04841,0.05896,0.00639,0.01528
30,0.13691,0.13330,0.03507,0.01675,0.01485,0.01833,0.04320,0.03071,0.01688,0.02205,0.02578,0.11731,0.02274,0.03491,0.02785,0.15832,0.08821,0.02529,0.01851,0.01301
31,0.17655,0.05336,0.03899,0.01928,0.01819,0.36554,0.03350,0.02046,0.01811,0.00918,0.02070,0.03897,0.01226,0.03089,0.01085,0.06082,0.01243,0.02144,0.01690,0.02157
32,0.02147,0.11214,0.02391,0.02492,0.03380,0.01092,0.02190,0.33114,0.01958,0.02115,0.02729,0.04007,0.01391,0.02373,0.01004,0.02519,0.06667,0.12565,0.02135,0.02517
33,0.03754,0.03596,0.01251,0.00937,0.02827,0.00857,0.04362,0.04975,0.02509,0.10133,0.04504,0.04046,0.01084,0.07413,0.02391,0.07280,0.13345,0.04510,0.15449,0.04776
34,0.03318,0.02117,0.07132,0.47037,0.02370,0.05609,0.02391,0.02054,0.03402,0.01317,0.02616,0.02007,0.01295,0.03833,0.01452,0.01968,0.01759,0.03496,0.02354,0.02473
35,0.04891,0.08496,0.01601,0.02484,0.01228,0.01149,0.01175,0.18953,0.01748,0.01045,0.03165,0.01918,0.06312,0.01339,0.00480,0.01801,0.12112,0.27663,0.00838,0.01604
36,0.10227,0.07401,0.02910,0.03592,0.04194,0.06994,0.06141,0.03229,0.01926,0.05064,0.05129,0.06700,0.06811,0.04540,0.01794,0.05119,0.02968,0.05766,0.04396,0.05100
37,0.02347,0.03555,0.03339,0.02502,0.02798,0.03032,0.03184,0.05146,0.04717,0.01936,0.02741,0.04108,0.03198,0.02907,0.38842,0.03751,0.03788,0.01789,0.02841,0.03479
38,0.10101,0.01884,0.12783,0.19591,0.02415,0.05076,0.02533,0.04109,0.02893,0.03577,0.03496,0.07434,0.00392,0.02998,0.00569,0.04450,0.05935,0.03725,0.03756,0.02281
39,0.04601,0.01158,0.07794,0.14367,0.01926,0.04031,0.04179,0.07807,0.01735,0.06636,0.06317,0.04335,0.06847,0.06619,0.01076,0.03505,0.07932,0.06326,0.01164,0.01645
40,0.45597,0.02333,0.03248,0.01742,0.01914,0.02030,0.02449,0.02375,0.02092,0.00956,0.02148,0.01933,0.02921,0.02437,0.00983,0.13790,0.02817,0.03782,0.02733,0.01719
41,0.08618,0.04126,0.00963,0.01171,0.00965,0.00881,0.02454,0.09184,0.08891,0.01988,0.05042,0.01178,0.00521,0.08196,0.16371,0.05652,0.09881,0.12019,0.00796,0.01104
42,0.08627,0.04021,0.01956,0.02435,0.02399,0.02647,0.06021,0.05387,0.02146,0.06045,0.06658,0.07201,0.00245,0.07806,0.10073,0.07783,0.10034,0.04248,0.01553,0.02716
43,0.24745,0.11710,0.01618,0.02388,0.03759,0.01190,0.05751,0.03101,0.02630,0.06770,0.06274,0.03581,0.00769,0.05396,0.02567,0.07461,0.02480,0.03166,0.01657,0.02985
44,0.01446,0.01964,0.01119,0.01520,0.10712,0.00971,0.05151,0.19118,0.01440,0.30091,0.07990,0.01222,0.02275,0.02546,0.01328,0.00526,0.00950,0.05922,0.01907,0.01802
45,0.06575,0.04251,0.05699,0.04387,0.02376,0.04796,0.05772,0.04504,0.07990,0.06967,0.06744,0.06139,0.00146,0.06800,0.02788,0.06871,0.06958,0.04892,0.01302,0.04043
46,0.04670,0.06480,0.13507,0.11043,0.01925,0.05515,0.04425,0.02559,0.01649,0.03401,0.05154,0.05967,0.00238,0.08910,0.01417,0.09164,0.05982,0.03881,0.01546,0.02569
47,0.05129,0.05611,0.01114,0.03325,0.01848,0.17220,0.09689,0.00663,0.09078,0.02191,0.06279,0.12299,0.00367,0.09510,0.05825,0.06111,0.00500,0.00923,0.00966,0.01352
48,0.04891,0.10593,0.04019,0.03640,0.06025,0.01957,0.04781,0.05917,0.03550,0.07297,0.05730,0.06174,0.02810,0.03943,0.03629,0.03128,0.06073,0.08118,0.02033,0.05692
49,0.05785,0.03689,0.09809,0.03233,0.05342,0.03612,0.02400,0.02990,0.06250,0.07896,0.03792,0.06097,0.02923,0.03942,0.04098,0.05884,0.05077,0.05449,0.03695,0.08040
50,0.05050,0.06394,0.10891,0.03674,0.04448,0.05675,0.06359,0.03494,0.03094,0.03146,0.05081,0.10053,0.00699,0.05049,0.02126,0.06006,0.07383,0.05677,0.03133,0.02567
51,0.09881,0.04531,0.02505,0.07288,0.02015,0.15174,0.05053,0.00987,0.04282,0.04002,0.05910,0.04394,0.00309,0.05410,0.02296,0.15444,0.07036,0.01816,0.00988,0.00679
52,0.01380,0.01935,0.02820,0.05182,0.01995,0.59634,0.02217,0.01980,0.02031,0.00858,0.02140,0.02028,0.01078,0.02570,0.03650,0.01011,0.01155,0.02254,0.02191,0.01892
53,0.01886,0.01991,0.01117,0.00975,0.23301,0.00571,0.28127,0.01136,0.00843,0.00548,0.01482,0.01359,0.00474,0.03223,0.02141,0.00528,0.00742,0.02683,0.15330,0.11545
54,0.24492,0.09263,0.02029,0.01285,0.01095,0.01639,0.00907,0.01018,0.01088,0.00499,0.01251,0.01015,0.23926,0.01160,0.00505,0.16818,0.06715,0.02731,0.01381,0.01183
55,0.03361,0.02534,0.01164,0.02202,0.01291,0.01500,0.01313,0.04049,0.01097,0.01543,0.01923,0.01000,0.23359,0.01206,0.00768,0.00511,0.02901,0.45790,0.01451,0.01039
56,0.01356,0.02240,0.01564,0.02193,0.04593,0.01321,0.01283,0.01979,0.02369,0.01001,0.02479,0.01544,0.04216,0.01679,0.00855,0.61048,0.01080,0.01167,0.02263,0.03770
57,0.01629,0.04531,0.02292,0.01850,0.02237,0.03212,0.01848,0.02302,0.02189,0.02097,0.02874,0.01891,0.02101,0.04063,0.49206,0.04289,0.03305,0.01797,0.03941,0.02347
58,0.01437,0.01783,0.01646,0.05223,0.02165,0.63549,0.01605,0.01963,0.01979,0.00819,0.02162,0.01783,0.00908,0.01613,0.03432,0.01391,0.01023,0.02030,0.01809,0.01680
59,0.14859,0.04803,0.01754,0.01642,0.01574,0.03392,0.01205,0.03322,0.02802,0.00661,0.01392,0.03175,0.01058,0.01305,0.01532,0.26374,0.12235,0.13342,0.01375,0.02198
60,0.19213,0.06033,0.02302,0.04146,0.05364,0.06023,0.02880,0.03075,0.02772,0.01195,0.03977,0.03121,0.02783,0.02358,0.01035,0.16021,0.06597,0.05398,0.02049,0.03658
61,0.02610,0.02078,0.02636,0.03858,0.02120,0.01559,0.02968,0.02689,0.48318,0.00996,0.04006,0.04855,0.02158,0.03584,0.04343,0.01441,0.04375,0.01149,0.01785,0.02470
62,0.00708,0.01598,0.01268,0.01648,0.21065,0.00855,0.02205,0.09853,0.01277,0.43876,0.02082,0.00879,0.02653,0.01341,0.01139,0.00663,0.00663,0.03670,0.01458,0.01100
63,0.16465,0.06044,0.02451,0.05331,0.01465,0.06811,0.01096,0.02060,0.02508,0.02102,0.10032,0.01318,0.00229,0.08922,0.06900,0.13316,0.04515,0.03879,0.02730,0.01826
64,0.01125,0.02612,0.01972,0.01825,0.06675,0.02410,0.01412,0.01538,0.01587,0.01538,0.01587,0.01411,0.00796,0.01547,0.03565,0.00943,0.00993,0.01197,0.57371,0.07895
65,0.01135,0.02215,0.01891,0.02188,0.03620,0.01087,0.01708,0.02471,0.01791,0.43690,0.18664,0.01685,0.00886,0.02162,0.01002,0.03884,0.01195,0.03485,0.03140,0.02100
66,0.11940,0.08970,0.01672,0.03046,0.01898,0.01922,0.01691,0.03688,0.01792,0.01518,0.04044,0.01436,0.00681,0.01891,0.00707,0.03647,0.16206,0.29628,0.01511,0.02114
67,0.01773,0.02433,0.09613,0.53622,0.01945,0.03660,0.01826,0.01866,0.05116,0.00727,0.02020,0.01222,0.00652,0.02148,0.01959,0.01269,0.01168,0.03490,0.01924,0.01566
68,0.01307,0.01935,0.02155,0.02275,0.01885,0.04631,0.01426,0.03724,0.04784,0.00903,0.02050,0.01642,0.00954,0.01984,0.58747,0.02725,0.01545,0.01488,0.02012,0.01828
69,0.11122,0.01809,0.10704,0.03197,0.01083,0.48708,0.00831,0.00926,0.01175,0.00378,0.01406,0.06134,0.00320,0.02851,0.01466,0.03991,0.00474,0.01242,0.01255,0.00928
70,0.00704,0.03274,0.01459,0.01128,0.12773,0.00952,0.05119,0.06515,0.00826,0.27611,0.11068,0.00893,0.00294,0.00770,0.00437,0.00740,0.00478,0.01458,0.03599,0.19901
71,0.02212,0.15453,0.01462,0.01614,0.07729,0.00861,0.00962,0.08971,0.01395,0.22569,0.09032,0.01080,0.02848,0.01970,0.01250,0.00634,0.04058,0.13201,0.01321,0.01378
72,0.04931,0.06270,0.07527,0.13331,0.04393,0.06055,0.06844,0.02716,0.03466,0.04315,0.03662,0.02786,0.02208,0.06247,0.01068,0.07214,0.05180,0.04584,0.03453,0.03750
73,0.03571,0.06889,0.02887,0.02524,0.03138,0.01447,0.04987,0.02975,0.02439,0.04447,0.07820,0.02935,0.33953,0.03517,0.01621,0.02879,0.04109,0.02515,0.02072,0.03276
74,0.04121,0.06184,0.02171,0.05528,0.11349,0.03830,0.05378,0.06668,0.00923,0.08874,0.07648,0.03896,0.00492,0.03641,0.00565,0.03026,0.03160,0.06346,0.02321,0.13878
75,0.01870,0.02191,0.02154,0.03738,0.02131,0.57885,0.01905,0.02458,0.02167,0.01034,0.02137,0.01976,0.01106,0.02115,0.04659,0.01106,0.01207,0.02813,0.03250,0.02097
76,0.04480,0.07013,0.01051,0.01676,0.05961,0.00711,0.16878,0.01706,0.11178,0.05549,0.03732,0.02019,0.00431,0.02942,0.13974,0.03856,0.03139,0.03638,0.00982,0.09083
77,0.02574,0.24204,0.02070,0.02083,0.01737,0.03442,0.01093,0.04241,0.01590,0.06368,0.01482,0.00934,0.00659,0.01277,0.00766,0.00602,0.21847,0.20172,0.01851,0.01008
78,0.04206,0.14297,0.02569,0.01280,0.04305,0.01897,0.01221,0.11885,0.01773,0.05419,0.11174,0.01072,0.00716,0.01396,0.00681,0.00622,0.06377,0.24681,0.01252,0.03176
79,0.01840,0.02076,0.60876,0.02945,0.02190,0.03595,0.01789,0.01962,0.02300,0.01107,0.02133,0.04205,0.00965,0.02157,0.00927,0.00868,0.00937,0.02711,0.01980,0.02437
80,0.00902,0.01782,0.01715,0.01759,0.03637,0.01107,0.02896,0.14316,0.01931,0.49948,0.05311,0.01471,0.02996,0.01870,0.01680,0.00734,0.00804,0.01375,0.02003,0.01763
81,0.02284,0.03157,0.02002,0.04266,0.01936,0.59083,0.01829,0.01703,0.02275,0.00856,0.02161,0.01855,0.01172,0.02329,0.04122,0.00961,0.01412,0.02036,0.02768,0.01794
82,0.26610,0.39012,0.01172,0.01303,0.01361,0.01100,0.01057,0.01188,0.01204,0.00404,0.01157,0.01093,0.00499,0.01095,0.02463,0.10437,0.03130,0.00663,0.02075,0.02976
83,0.01423,0.03727,0.04113,0.02102,0.01976,0.63012,0.01488,0.01766,0.02223,0.00988,0.02248,0.01375,0.00943,0.02152,0.00940,0.02368,0.00956,0.02150,0.02390,0.01660
84,0.02589,0.03244,0.03288,0.03069,0.03584,0.03573,0.04293,0.06778,0.04476,0.02800,0.03934,0.02947,0.04010,0.03901,0.30523,0.04009,0.04211,0.02502,0.02995,0.03274
85,0.03053,0.03638,0.03519,0.03142,0.03929,0.30184,0.04567,0.04111,0.03054,0.02660,0.03557,0.04291,0.02899,0.04044,0.04525,0.03064,0.03154,0.03230,0.05109,0.04270
86,0.01630,0.02828,0.04165,0.03005,0.01992,0.57824,0.01315,0.02414,0.03047,0.00984,0.02985,0.02319,0.00616,0.02533,0.01122,0.02956,0.01168,0.02693,0.02576,0.01830
87,0.01590,0.03557,0.02587,0.02804,0.03301,0.02716,0.02011,0.02774,0.02675,0.02289,0.02631,0.02352,0.00916,0.02191,0.03031,0.01431,0.01410,0.01795,0.55349,0.02591
88,0.21467,0.16993,0.01026,0.01411,0.01189,0.08612,0.00704,0.01902,0.01636,0.00505,0.01405,0.03254,0.00277,0.01299,0.00969,0.31144,0.02991,0.00826,0.01292,0.01097
89,0.00574,0.03370,0.01682,0.01097,0.12061,0.00521,0.03399,0.00875,0.01056,0.01012,0.01785,0.01647,0.00656,0.25911,0.00467,0.00447,0.00504,0.00554,0.08065,0.34316
90,0.01826,0.04719,0.04120,0.03067,0.07186,0.01048,0.04242,0.02467,0.02499,0.05616,0.02530,0.03299,0.00836,0.03097,0.01085,0.01344,0.00986,0.02710,0.05736,0.41587
91,0.12109,0.08896,0.00681,0.00594,0.00713,0.01814,0.00411,0.12623,0.00827,0.05286,0.15741,0.00550,0.00144,0.00567,0.00230,0.11649,0.12557,0.13512,0.00633,0.00462
92,0.44756,0.09257,0.01982,0.01858,0.01549,0.13910,0.00914,0.01857,0.01796,0.00664,0.02112,0.01274,0.00470,0.01543,0.00590,0.05932,0.02323,0.03704,0.02050,0.01459
93,0.06102,0.07021,0.00632,0.01128,0.00626,0.14812,0.04222,0.02808,0.00909,0.00262,0.01309,0.02735,0.00343,0.01848,0.00392,0.16493,0.34082,0.02670,0.00925,0.00681
94,0.04174,0.05201,0.08156,0.01525,0.01139,0.02615,0.09624,0.13916,0.01418,0.09701,0.02639,0.09895,0.00249,0.08623,0.00341,0.03978,0.03021,0.06566,0.03916,0.03302
95,0.05596,0.03172,0.00624,0.00962,0.02131,0.04832,0.02417,0.04006,0.07730,0.06888,0.07565,0.08610,0.04784,0.06347,0.14254,0.06829,0.06684,0.04850,0.00837,0.00881
96,0.06186,0.02503,0.02219,0.04954,0.07376,0.01824,0.07454,0.04945,0.05867,0.14138,0.02633,0.03781,0.03962,0.04899,0.04727,0.04530,0.06070,0.02557,0.05376,0.03998
97,0.04251,0.06045,0.03873,0.03770,0.03497,0.01310,0.04841,0.03921,0.04097,0.03964,0.04632,0.04277,0.02909,0.03544,0.01894,0.02430,0.05935,0.27961,0.02960,0.03889
98,0.01392,0.02195,0.01943,0.02089,0.06040,0.01122,0.03615,0.13134,0.02390,0.02817,0.03975,0.03236,0.01083,0.44670,0.02692,0.01696,0.00771,0.01400,0.02071,0.01668
99,0.03737,0.05089,0.21859,0.29005,0.01661,0.03138,0.00913,0.03798,0.02391,0.06808,0.07339,0.01349,0.00399,0.03663,0.00550,0.01394,0.01067,0.03460,0.01289,0.01091
100,0.02768,0.13355,0.01515,0.02557,0.01656,0.02484,0.01805,0.14756,0.02044,0.00845,0.02645,0.01793,0.00644,0.01545,0.00708,0.00717,0.00874,0.43889,0.01933,0.01467
101,0.06444,0.07702,0.00962,0.01475,0.03757,0.03454,0.06845,0.05153,0.07337,0.08688,0.05772,0.04621,0.00100,0.06671,0.08728,0.04581,0.01800,0.05065,0.05121,0.05725
102,0.05195,0.01075,0.01328,0.04384,0.00998,0.70779,0.00824,0.01336,0.01621,0.00484,0.01522,0.01079,0.00432,0.01146,0.01643,0.01096,0.00650,0.01904,0.01496,0.01009
103,0.00553,0.03393,0.01073,0.01275,0.18423,0.00537,0.02802,0.05647,0.01167,0.07944,0.04810,0.01240,0.00245,0.00846,0.00356,0.00678,0.00317,0.08126,0.15897,0.24669
104,0.03486,0.01622,0.01404,0.02171,0.01496,0.01023,0.00761,0.03531,0.02882,0.00684,0.01582,0.01049,0.01160,0.01477,0.00618,0.11153,0.59498,0.00994,0.01986,0.01423
105,0.06145,0.03951,0.02300,0.02150,0.02650,0.00959,0.06239,0.04324,0.10897,0.03826,0.04214,0.08008,0.00136,0.08795,0.07853,0.06116,0.05913,0.05147,0.04975,0.05403
106,0.23195,0.01611,0.01271,0.04112,0.00985,0.47079,0.00831,0.01462,0.01435,0.00517,0.01494,0.01281,0.00713,0.01601,0.02493,0.05080,0.01315,0.01106,0.01400,0.01018
107,0.10013,0.04191,0.03822,0.02418,0.01868,0.43090,0.02422,0.02103,0.02375,0.02881,0.02518,0.02063,0.01444,0.04323,0.00996,0.03352,0.04230,0.01957,0.01789,0.02143
108,0.11616,0.05318,0.02586,0.01783,0.02685,0.04044,0.05421,0.05141,0.04305,0.02061,0.03001,0.03857,0.16563,0.02061,0.05817,0.04328,0.07310,0.07155,0.02447,0.02500
109,0.07943,0.05912,0.04457,0.05276,0.01840,0.14659,0.07421,0.00621,0.04656,0.00653,0.04088,0.09570,0.00178,0.07937,0.04182,0.08865,0.04634,0.01445,0.00692,0.04971
110,0.02392,0.01120,0.00827,0.01169,0.01189,0.04884,0.41277,0.00763,0.01283,0.00409,0.01207,0.01936,0.00367,0.33165,0.02795,0.00443,0.00316,0.00640,0.01172,0.02646
