site,A,C,D,E,F,G,H,I,K,L,M,N,P,Q,R,S,T,V,W,Y
0,0.01517,0.05031,0.02613,0.02315,0.01640,0.05127,0.03365,0.02022,0.12291,0.01478,0.01961,0.02737,0.03719,0.01860,0.44395,0.02068,0.01646,0.01180,0.01215,0.01818
1,0.01876,0.02000,0.02238,0.05013,0.02338,0.50371,0.04261,0.02193,0.02021,0.01267,0.01838,0.03177,0.04726,0.03087,0.03635,0.01825,0.03005,0.01222,0.01416,0.02492
2,0.01399,0.02846,0.03153,0.01499,0.01428,0.69763,0.01443,0.01560,0.01699,0.00570,0.01615,0.01670,0.00850,0.01655,0.00588,0.03104,0.01109,0.01193,0.01225,0.01630
3,0.11385,0.01698,0.01723,0.05418,0.01821,0.54706,0.01765,0.01930,0.01712,0.00785,0.01946,0.01995,0.01043,0.02089,0.01912,0.00814,0.01219,0.01961,0.01875,0.02202
4,0.04051,0.06693,0.05599,0.03597,0.04862,0.02353,0.01627,0.12876,0.06328,0.05117,0.02425,0.04250,0.00993,0.07109,0.04314,0.07058,0.08203,0.06412,0.02160,0.03973
5,0.11377,0.07888,0.00935,0.05598,0.00984,0.45064,0.01416,0.01057,0.01366,0.00343,0.01051,0.01162,0.00457,0.01172,0.01620,0.14537,0.01342,0.00878,0.00708,0.01044
6,0.04004,0.04039,0.11077,0.12162,0.03273,0.00441,0.03428,0.02950,0.00472,0.04168,0.08438,0.03988,0.01122,0.12414,0.00932,0.03624,0.03982,0.06946,0.07491,0.05049
7,0.03816,0.05399,0.01413,0.01601,0.01475,0.00592,0.01507,0.03728,0.01440,0.00546,0.02443,0.02331,0.01729,0.01420,0.00532,0.06387,0.59856,0.01368,0.01123,0.01293
8,0.04353,0.13776,0.00460,0.00623,0.00492,0.01274,0.00391,0.13492,0.00498,0.16539,0.01337,0.01642,0.07864,0.01258,0.00274,0.03907,0.18426,0.12493,0.00480,0.00419
9,0.00864,0.01741,0.01611,0.04089,0.01733,0.68217,0.01578,0.01550,0.02040,0.00647,0.02004,0.02106,0.00935,0.01994,0.03151,0.00890,0.01058,0.01013,0.01276,0.01503
10,0.04959,0.13346,0.03964,0.11498,0.04602,0.00962,0.03833,0.08221,0.01762,0.04290,0.03581,0.02895,0.00188,0.10283,0.01695,0.02130,0.02361,0.11250,0.03256,0.04925
11,0.08153,0.01496,0.01241,0.01846,0.02317,0.02374,0.04345,0.05563,0.12151,0.13109,0.08616,0.05643,0.00391,0.03681,0.02317,0.02732,0.02318,0.15666,0.00520,0.05523
12,0.02564,0.05695,0.03738,0.03377,0.02991,0.02640,0.03773,0.03428,0.03649,0.01784,0.03265,0.03808,0.03685,0.03812,0.03893,0.02796,0.03298,0.01609,0.34291,0.05903
13,0.02264,0.02750,0.03034,0.02538,0.03163,0.01328,0.05585,0.04711,0.44369,0.01540,0.03166,0.03710,0.01952,0.03550,0.03565,0.01533,0.03793,0.01860,0.01997,0.03593
14,0.04958,0.07584,0.03813,0.01118,0.07838,0.07530,0.05489,0.06657,0.03666,0.03460,0.12970,0.08167,0.00133,0.02406,0.04069,0.05181,0.05398,0.04813,0.01141,0.03611
15,0.11118,0.03809,0.00853,0.02963,0.01380,0.06201,0.02297,0.01503,0.12681,0.04741,0.07738,0.06309,0.00361,0.09405,0.11580,0.08441,0.05729,0.02074,0.00305,0.00513
16,0.00798,0.01394,0.01740,0.01599,0.01428,0.00712,0.01505,0.10847,0.01569,0.39730,0.11413,0.01745,0.02286,0.03903,0.00752,0.00638,0.05169,0.10107,0.01216,0.01448
17,0.03056,0.04377,0.06852,0.01456,0.01464,0.06647,0.02641,0.02624,0.04093,0.02380,0.03721,0.25957,0.00753,0.05075,0.05393,0.05241,0.09131,0.03550,0.01202,0.04387
18,0.04892,0.07094,0.02094,0.05606,0.04177,0.07242,0.07376,0.08068,0.04147,0.06410,0.03714,0.02884,0.00517,0.06314,0.05008,0.03722,0.07508,0.09580,0.01713,0.01934
19,0.00626,0.02229,0.01396,0.01272,0.18354,0.00707,0.02856,0.03133,0.02282,0.19401,0.21203,0.01130,0.00428,0.10969,0.00535,0.00340,0.01328,0.02974,0.00611,0.08228
20,0.06215,0.07486,0.11993,0.03538,0.01240,0.10334,0.01363,0.01028,0.00677,0.02372,0.06620,0.08390,0.04081,0.07803,0.01609,0.09017,0.08701,0.05011,0.01073,0.01448
21,0.10717,0.05018,0.04297,0.03523,0.01261,0.08600,0.03923,0.02407,0.03428,0.03022,0.03671,0.03391,0.07947,0.06645,0.07028,0.08419,0.13506,0.01418,0.00959,0.00822
22,0.05164,0.04785,0.03548,0.02541,0.02523,0.06035,0.10476,0.06961,0.02338,0.06262,0.07435,0.02639,0.03432,0.06175,0.02838,0.07802,0.07148,0.06595,0.02353,0.02951
23,0.06070,0.05079,0.09219,0.11294,0.01083,0.01868,0.09080,0.03554,0.02151,0.02712,0.05880,0.12130,0.01235,0.10453,0.01121,0.04174,0.08955,0.02528,0.00647,0.00769
24,0.01277,0.04536,0.02039,0.01444,0.21617,0.00698,0.28793,0.04019,0.01662,0.01665,0.01398,0.03189,0.04547,0.01795,0.00711,0.01819,0.01731,0.02059,0.09121,0.05881
25,0.10281,0.01717,0.01303,0.02409,0.04991,0.02517,0.04003,0.07053,0.05100,0.05372,0.07868,0.08520,0.00517,0.08469,0.05248,0.05317,0.04248,0.04901,0.01645,0.08519
26,0.03695,0.03589,0.04976,0.05946,0.01122,0.01082,0.02630,0.00924,0.09316,0.00869,0.05129,0.11022,0.03721,0.07435,0.07368,0.12718,0.14671,0.01846,0.00651,0.01291
27,0.01584,0.05506,0.02881,0.01865,0.08155,0.01113,0.04974,0.02683,0.02115,0.01082,0.02206,0.02998,0.01845,0.02545,0.01546,0.01510,0.01749,0.01265,0.02005,0.50373
28,0.01437,0.04518,0.02633,0.05214,0.04313,0.01305,0.02383,0.04554,0.41348,0.01655,0.01939,0.03128,0.01685,0.03415,0.06194,0.04009,0.04127,0.02113,0.01888,0.02140
29,0.06378,0.03402,0.01076,0.03045,0.01922,0.05850,0.01920,0.08424,0.15686,0.03981,0.01133,0.06839,0.00898,0.06767,0.08808,0.08522,0.06801,0.05733,0.00606,0.02208
30,0.14018,0.12030,0.02052,0.01900,0.01731,0.02856,0.06274,0.04756,0.01976,0.01571,0.03628,0.04181,0.01794,0.05423,0.04385,0.18360,0.03798,0.03833,0.03898,0.01535
31,0.16886,0.03780,0.03290,0.01910,0.01828,0.34428,0.05267,0.01996,0.01927,0.00928,0.02569,0.05983,0.01215,0.05909,0.00943,0.04434,0.01256,0.01442,0.01657,0.02351
32,0.01882,0.09999,0.02515,0.02656,0.02625,0.01106,0.02399,0.33063,0.02164,0.03862,0.02829,0.04009,0.01439,0.02518,0.01004,0.02290,0.05948,0.12683,0.02368,0.02640
33,0.01898,0.02059,0.01153,0.00880,0.04089,0.00377,0.01108,0.07709,0.03134,0.10384,0.07768,0.03588,0.01157,0.09755,0.02042,0.05466,0.12389,0.03892,0.16649,0.04502
34,0.03360,0.02163,0.04664,0.47879,0.02578,0.05240,0.02305,0.02262,0.03714,0.01176,0.02111,0.01886,0.01304,0.07369,0.01204,0.01245,0.01613,0.03181,0.02579,0.02170
35,0.04548,0.06173,0.01646,0.01567,0.01364,0.01642,0.01301,0.15928,0.01836,0.01886,0.04226,0.02397,0.04638,0.01474,0.00522,0.02685,0.13036,0.30378,0.00973,0.01779
36,0.16166,0.09292,0.05773,0.02072,0.03008,0.05806,0.10116,0.03627,0.02115,0.02763,0.07189,0.03697,0.08608,0.02650,0.01283,0.01626,0.02218,0.03195,0.03106,0.05691
37,0.02327,0.03668,0.03460,0.02597,0.02926,0.03226,0.03384,0.05182,0.04226,0.02104,0.02681,0.04085,0.03402,0.03029,0.37745,0.04117,0.03456,0.01767,0.02998,0.03622
38,0.10833,0.01952,0.04082,0.21749,0.03384,0.05033,0.02037,0.02470,0.02244,0.05748,0.02461,0.09029,0.00430,0.01806,0.00791,0.04968,0.07776,0.05645,0.04956,0.02608
39,0.03804,0.01770,0.04512,0.13102,0.01993,0.05136,0.04902,0.06858,0.02635,0.08183,0.05275,0.06291,0.05491,0.05090,0.00589,0.04634,0.09324,0.07087,0.00521,0.02804
40,0.49063,0.01937,0.02271,0.01825,0.02178,0.02952,0.02613,0.02359,0.02266,0.01016,0.02309,0.02073,0.02284,0.03240,0.01071,0.09463,0.02425,0.03899,0.02890,0.01868
41,0.06782,0.03235,0.00925,0.01147,0.00976,0.01232,0.02634,0.07662,0.06546,0.01420,0.06868,0.01124,0.00518,0.04363,0.15019,0.05822,0.17489,0.14584,0.00715,0.00941
42,0.07880,0.04754,0.02008,0.01860,0.04635,0.02442,0.07844,0.06515,0.01808,0.07166,0.04424,0.07375,0.00225,0.07602,0.08676,0.06878,0.10552,0.03565,0.01684,0.02107
43,0.19807,0.11846,0.01126,0.02863,0.04181,0.01086,0.08123,0.02408,0.01570,0.08174,0.08334,0.04090,0.00554,0.06850,0.03012,0.08179,0.01863,0.02241,0.01386,0.02304
44,0.02321,0.02598,0.01190,0.01588,0.05239,0.01012,0.08378,0.16007,0.01554,0.29527,0.08955,0.01878,0.02146,0.04944,0.02188,0.00467,0.01126,0.05427,0.02219,0.01234
45,0.06471,0.04673,0.05484,0.02422,0.00748,0.05204,0.08657,0.05593,0.07261,0.07622,0.05767,0.05617,0.00178,0.09036,0.02461,0.06712,0.06818,0.04805,0.01975,0.02494
46,0.04338,0.05755,0.12088,0.09553,0.03420,0.04261,0.05448,0.02445,0.02090,0.03625,0.04770,0.03542,0.00257,0.11735,0.01456,0.08450,0.05744,0.05015,0.02254,0.03754
47,0.06455,0.02137,0.00903,0.03936,0.01266,0.14002,0.07496,0.00999,0.08139,0.02577,0.08724,0.16149,0.00394,0.12853,0.04504,0.05976,0.00543,0.00772,0.00846,0.01329
48,0.06179,0.07058,0.06619,0.03146,0.03474,0.01856,0.03143,0.06599,0.03190,0.05841,0.10721,0.04100,0.03147,0.03360,0.01984,0.06054,0.04855,0.08505,0.01845,0.08324
49,0.07581,0.02364,0.10905,0.01752,0.02396,0.06282,0.04202,0.02621,0.05782,0.11931,0.01911,0.07655,0.02951,0.01874,0.05160,0.04613,0.02514,0.04950,0.02704,0.09852
50,0.04291,0.08352,0.07627,0.02687,0.03462,0.03649,0.03224,0.02684,0.04319,0.02858,0.06534,0.08671,0.00714,0.07601,0.04318,0.04789,0.07275,0.07876,0.04071,0.04997
51,0.10343,0.05185,0.02576,0.05206,0.03658,0.14073,0.04572,0.00690,0.07495,0.04801,0.04819,0.03019,0.00267,0.04258,0.03672,0.13240,0.07285,0.02604,0.01636,0.00603
52,0.01509,0.01976,0.02209,0.05753,0.02095,0.59832,0.01816,0.02151,0.02115,0.00905,0.02066,0.02148,0.01128,0.02663,0.03813,0.00973,0.01103,0.01766,0.01965,0.02015
53,0.01633,0.01155,0.01137,0.00938,0.26829,0.00467,0.25737,0.00780,0.00819,0.00877,0.00944,0.01003,0.00559,0.03913,0.01361,0.00547,0.00686,0.03636,0.19664,0.07316
54,0.23157,0.11877,0.01585,0.01262,0.01399,0.02169,0.00862,0.00975,0.01091,0.00458,0.01176,0.00973,0.26655,0.01143,0.00445,0.15668,0.05281,0.01376,0.01358,0.01091
55,0.02497,0.03239,0.01241,0.01838,0.01342,0.01833,0.01381,0.03465,0.01215,0.01080,0.01925,0.01103,0.20343,0.01250,0.00713,0.00556,0.04926,0.47402,0.01553,0.01099
56,0.01625,0.02954,0.01696,0.02307,0.03702,0.01240,0.01319,0.02062,0.02338,0.00956,0.02367,0.01593,0.05642,0.01795,0.00892,0.59645,0.00960,0.01227,0.02340,0.03340
57,0.01387,0.04023,0.02333,0.01946,0.02423,0.05219,0.01854,0.02237,0.02693,0.02384,0.01785,0.01903,0.02875,0.03802,0.47735,0.03622,0.05099,0.01291,0.03025,0.02365
58,0.01712,0.01865,0.01614,0.06202,0.02086,0.58004,0.01988,0.01835,0.02027,0.00738,0.02297,0.01780,0.00822,0.01640,0.06497,0.02059,0.01029,0.02231,0.01736,0.01839
59,0.13005,0.03416,0.01756,0.01644,0.01656,0.03632,0.01144,0.04185,0.04527,0.00709,0.01416,0.02471,0.01861,0.01485,0.01483,0.26175,0.15716,0.10017,0.01468,0.02233
60,0.18935,0.10942,0.02391,0.04106,0.08799,0.06105,0.03146,0.02965,0.02839,0.01256,0.04481,0.03342,0.02587,0.02224,0.01138,0.05486,0.09522,0.04266,0.02130,0.03342
61,0.03588,0.02036,0.02670,0.04361,0.02268,0.01740,0.02865,0.05117,0.47116,0.01044,0.03368,0.03678,0.02198,0.03817,0.03997,0.01310,0.03451,0.01129,0.01846,0.02400
62,0.00623,0.01291,0.01153,0.01537,0.30643,0.00684,0.02979,0.06794,0.01291,0.39082,0.02811,0.00826,0.01629,0.01354,0.00981,0.00460,0.00518,0.02847,0.01460,0.01034
63,0.18021,0.05234,0.04501,0.04801,0.00994,0.05215,0.01423,0.01436,0.02618,0.01625,0.10949,0.01808,0.00201,0.08697,0.07354,0.11569,0.04757,0.03224,0.03053,0.02520
64,0.00967,0.02072,0.01778,0.01686,0.05314,0.02183,0.01635,0.01564,0.01362,0.01207,0.01415,0.01330,0.00730,0.01332,0.02584,0.01098,0.00819,0.01055,0.48332,0.21539
65,0.01239,0.02437,0.02167,0.02321,0.03317,0.01283,0.01996,0.02015,0.02143,0.48859,0.09773,0.01999,0.00840,0.02401,0.01199,0.04353,0.01363,0.04843,0.03144,0.02310
66,0.11038,0.04394,0.01853,0.03738,0.02539,0.02468,0.01375,0.04396,0.01717,0.02273,0.04187,0.01944,0.00839,0.01709,0.00648,0.06750,0.15949,0.28156,0.01531,0.02498
67,0.02443,0.02874,0.16408,0.47028,0.01866,0.03552,0.01703,0.01706,0.04808,0.00701,0.02044,0.01202,0.00604,0.02242,0.02545,0.00960,0.01393,0.02562,0.01809,0.01551
68,0.01471,0.02120,0.02086,0.02336,0.02035,0.03036,0.01405,0.04316,0.04765,0.00868,0.02102,0.01776,0.01043,0.02075,0.59714,0.01827,0.01575,0.01501,0.02001,0.01947
69,0.13906,0.03282,0.10456,0.03087,0.01027,0.43880,0.00772,0.00850,0.01370,0.00329,0.01067,0.07262,0.00265,0.03897,0.01190,0.04024,0.00390,0.00908,0.01138,0.00897
70,0.00734,0.03061,0.01123,0.01125,0.12866,0.00917,0.04329,0.05655,0.00843,0.29968,0.08799,0.00782,0.00410,0.00742,0.00427,0.00643,0.00413,0.03258,0.04494,0.19412
71,0.01072,0.10240,0.01603,0.01786,0.06923,0.00916,0.01009,0.14250,0.01572,0.23805,0.07361,0.01181,0.02024,0.03649,0.01029,0.00641,0.02267,0.15835,0.01432,0.01405
72,0.07292,0.07040,0.04042,0.12310,0.02563,0.06372,0.05049,0.03370,0.03024,0.05928,0.01598,0.02176,0.01771,0.08694,0.00761,0.07098,0.07180,0.03657,0.04888,0.05187
73,0.04446,0.10319,0.02964,0.02379,0.03085,0.01492,0.04163,0.03050,0.02391,0.07487,0.05459,0.02771,0.31205,0.03710,0.01394,0.03496,0.02905,0.01549,0.02282,0.03455
74,0.04139,0.07467,0.02836,0.05782,0.09272,0.02379,0.02555,0.04845,0.01438,0.08172,0.11890,0.06385,0.00475,0.04062,0.00559,0.03680,0.03826,0.04560,0.02466,0.13213
75,0.01697,0.02422,0.02221,0.05374,0.01991,0.57719,0.01952,0.02685,0.02341,0.01090,0.02252,0.02010,0.01068,0.02268,0.02770,0.01118,0.01246,0.01872,0.03539,0.02364
76,0.03414,0.07908,0.01066,0.01815,0.04359,0.00941,0.14713,0.02890,0.13112,0.06450,0.04228,0.03001,0.00503,0.05162,0.11193,0.04431,0.03600,0.06560,0.00645,0.04008
77,0.02066,0.26321,0.01704,0.02234,0.01520,0.03059,0.01246,0.03078,0.01725,0.04963,0.01629,0.01048,0.00717,0.01402,0.00822,0.00694,0.20950,0.21608,0.02071,0.01142
78,0.04614,0.13580,0.02605,0.01565,0.03757,0.03014,0.01378,0.10275,0.02170,0.05714,0.08076,0.01253,0.00807,0.01724,0.00793,0.00751,0.03025,0.29309,0.01424,0.04170
79,0.01996,0.02124,0.59402,0.03137,0.02207,0.03108,0.02417,0.02070,0.02469,0.01111,0.02229,0.03889,0.00853,0.02260,0.00958,0.00868,0.00975,0.03994,0.01985,0.01949
80,0.01030,0.02062,0.01776,0.01893,0.04371,0.01205,0.02189,0.11126,0.02174,0.54182,0.03709,0.01539,0.02750,0.01893,0.00972,0.00714,0.00784,0.01496,0.02049,0.02087
81,0.02326,0.03150,0.02087,0.04898,0.02109,0.59163,0.01945,0.01783,0.02477,0.00889,0.02294,0.01956,0.01087,0.02349,0.02689,0.01038,0.01416,0.01479,0.02900,0.01965
82,0.34193,0.31671,0.01045,0.01271,0.01023,0.01534,0.00945,0.01077,0.01081,0.00325,0.00984,0.00926,0.00373,0.01014,0.01495,0.12371,0.03893,0.00512,0.01934,0.02335
83,0.01369,0.03128,0.03756,0.02453,0.01991,0.61224,0.01568,0.01895,0.02206,0.00970,0.02383,0.01339,0.00947,0.02198,0.00796,0.03636,0.00961,0.02814,0.02711,0.01655
84,0.02688,0.03259,0.03379,0.03195,0.03802,0.02762,0.04451,0.07473,0.05900,0.02987,0.04113,0.03066,0.03759,0.03549,0.29524,0.03221,0.03680,0.02774,0.02992,0.03425
85,0.02410,0.03798,0.03805,0.02319,0.04001,0.31874,0.04684,0.04423,0.03308,0.02947,0.03737,0.04148,0.03255,0.04066,0.04179,0.03050,0.03502,0.01854,0.04268,0.04371
86,0.01795,0.02786,0.04714,0.03094,0.01931,0.57380,0.01357,0.02591,0.02925,0.01041,0.02969,0.02530,0.00610,0.02689,0.00844,0.03119,0.01215,0.01989,0.02619,0.01802
87,0.02218,0.02160,0.02681,0.02986,0.02612,0.02391,0.02136,0.02775,0.02800,0.02257,0.03347,0.02584,0.00939,0.02132,0.03520,0.01141,0.01548,0.01896,0.55217,0.02661
88,0.15933,0.22950,0.01009,0.01492,0.01160,0.08172,0.00698,0.01580,0.01689,0.00452,0.01371,0.04653,0.00306,0.01316,0.00514,0.29997,0.03711,0.00758,0.01262,0.00979
89,0.00610,0.03110,0.01370,0.01190,0.11236,0.00606,0.03741,0.01032,0.01221,0.01057,0.02027,0.02114,0.00723,0.21459,0.00424,0.00622,0.00556,0.00605,0.07654,0.38643
90,0.02380,0.03499,0.04103,0.02396,0.08016,0.01054,0.05010,0.04317,0.02521,0.04504,0.02077,0.02516,0.00734,0.04078,0.00976,0.01203,0.00937,0.02388,0.08028,0.39262
91,0.12196,0.09414,0.00669,0.00665,0.00717,0.01775,0.00424,0.12057,0.00782,0.04975,0.15543,0.00998,0.00128,0.00593,0.00219,0.10721,0.11042,0.15911,0.00666,0.00504
92,0.39420,0.09388,0.01657,0.01750,0.01509,0.18795,0.00789,0.01558,0.01822,0.00570,0.02106,0.01212,0.00332,0.01594,0.00516,0.06253,0.03097,0.04125,0.02034,0.01473
93,0.05291,0.08037,0.00617,0.01088,0.00579,0.17923,0.04897,0.03181,0.00810,0.00231,0.01037,0.02076,0.00216,0.03433,0.00298,0.14954,0.31418,0.02425,0.00872,0.00618
94,0.05470,0.03179,0.09907,0.01859,0.02080,0.01931,0.12280,0.13085,0.02740,0.07458,0.02346,0.09880,0.00202,0.09789,0.00427,0.04064,0.01241,0.05157,0.03544,0.03362
95,0.06782,0.03981,0.00788,0.01404,0.01604,0.02315,0.02160,0.04097,0.06980,0.07039,0.09791,0.10311,0.04449,0.07073,0.12213,0.06176,0.06069,0.04638,0.01163,0.00965
96,0.10352,0.02401,0.03266,0.04903,0.05758,0.01966,0.07653,0.04681,0.08895,0.15213,0.02084,0.02912,0.03494,0.05039,0.04302,0.03864,0.04295,0.02407,0.04128,0.02386
97,0.03529,0.10115,0.03678,0.05423,0.03492,0.01169,0.04691,0.03976,0.04200,0.02086,0.04040,0.04159,0.02916,0.03707,0.01979,0.02426,0.05922,0.25456,0.02918,0.04119
98,0.02852,0.01917,0.01943,0.02001,0.04353,0.01077,0.06680,0.07739,0.01082,0.05863,0.03567,0.04305,0.02245,0.43416,0.02576,0.02485,0.00671,0.01010,0.02318,0.01901
99,0.02530,0.07409,0.20352,0.25396,0.02526,0.02286,0.00688,0.04695,0.02038,0.06761,0.07722,0.02393,0.00324,0.06104,0.00478,0.02168,0.00883,0.02757,0.01603,0.00890
100,0.02285,0.13836,0.01675,0.02316,0.01870,0.01721,0.01901,0.10886,0.02002,0.00928,0.03101,0.01942,0.00634,0.01702,0.00755,0.00704,0.00914,0.47228,0.02048,0.01552
101,0.07436,0.13490,0.00792,0.02382,0.04041,0.03000,0.08584,0.05622,0.03601,0.09411,0.03668,0.04295,0.00128,0.05705,0.09401,0.03802,0.01261,0.03494,0.06668,0.03218
102,0.08378,0.01050,0.01322,0.05613,0.00974,0.67766,0.00863,0.01226,0.01549,0.00421,0.01438,0.01058,0.00388,0.01169,0.01303,0.00989,0.00612,0.01335,0.01558,0.00989
103,0.00555,0.03640,0.01653,0.01330,0.15697,0.00586,0.02287,0.07889,0.01303,0.06694,0.04362,0.02674,0.00227,0.00938,0.00342,0.00600,0.00311,0.04357,0.18065,0.26491
104,0.05493,0.01608,0.01295,0.02290,0.01544,0.00978,0.00685,0.03785,0.01559,0.00564,0.01545,0.01014,0.00948,0.01503,0.00603,0.16308,0.54209,0.00876,0.01959,0.01236
105,0.07025,0.03962,0.01172,0.02423,0.03566,0.00535,0.05971,0.03315,0.10645,0.04203,0.03244,0.07400,0.00121,0.08657,0.07838,0.06274,0.07463,0.05494,0.06390,0.04303
106,0.20360,0.01587,0.01232,0.03787,0.00983,0.48279,0.00865,0.01466,0.01425,0.00468,0.01624,0.01299,0.00853,0.01530,0.03059,0.06153,0.01151,0.01391,0.01453,0.01034
107,0.12081,0.04081,0.06139,0.02659,0.01469,0.36519,0.03674,0.03179,0.02031,0.04671,0.02263,0.01436,0.01864,0.03488,0.01183,0.02483,0.05205,0.01153,0.01711,0.02712
108,0.10713,0.02683,0.02465,0.02208,0.02667,0.03233,0.04920,0.03228,0.03537,0.02826,0.04765,0.08253,0.19899,0.02560,0.03378,0.02930,0.06332,0.06614,0.05115,0.01674
109,0.09460,0.07124,0.02890,0.03384,0.01172,0.20485,0.07032,0.00781,0.02448,0.00533,0.04296,0.07692,0.00222,0.06665,0.04715,0.06962,0.04877,0.02319,0.01156,0.05785
110,0.02449,0.01903,0.00681,0.01152,0.01183,0.05853,0.39589,0.00745,0.00875,0.00254,0.01267,0.02433,0.00404,0.29519,0.07036,0.00568,0.00268,0.00619,0.01141,0.02059
