site,A,C,D,E,F,G,H,I,K,L,M,N,P,Q,R,S,T,V,W,Y
0,0.01436,0.03031,0.03382,0.02607,0.01591,0.03507,0.01945,0.01912,0.14045,0.01190,0.01950,0.03896,0.02065,0.01952,0.47211,0.02867,0.01609,0.00743,0.01079,0.01985
1,0.01353,0.01542,0.01682,0.01597,0.01819,0.36870,0.12615,0.01726,0.01402,0.00708,0.01383,0.03199,0.19695,0.03424,0.02654,0.01178,0.02977,0.00687,0.00869,0.02620
2,0.00634,0.04020,0.05609,0.01319,0.01214,0.70452,0.01290,0.01494,0.01481,0.00593,0.01512,0.01437,0.00639,0.01521,0.00501,0.02209,0.00859,0.00741,0.01017,0.01457
3,0.10942,0.05780,0.01630,0.03578,0.01865,0.55659,0.01898,0.02042,0.01651,0.00562,0.02019,0.01986,0.00817,0.02048,0.01382,0.00615,0.01016,0.01007,0.01124,0.02380
4,0.04703,0.06381,0.03249,0.03213,0.03968,0.02742,0.04328,0.07754,0.05132,0.04915,0.03442,0.05663,0.00335,0.13085,0.05798,0.06750,0.06707,0.07681,0.01489,0.02666
5,0.12656,0.06384,0.00829,0.02094,0.01135,0.52827,0.00712,0.00991,0.01347,0.00268,0.00973,0.01048,0.00347,0.01075,0.01200,0.12995,0.00468,0.00992,0.00583,0.01078
6,0.04246,0.04101,0.13067,0.15073,0.04388,0.01283,0.03215,0.02467,0.00919,0.02592,0.05626,0.04731,0.00527,0.09981,0.00657,0.06241,0.05390,0.04615,0.05610,0.05271
7,0.04998,0.05187,0.01493,0.01591,0.01536,0.00462,0.01430,0.03016,0.01356,0.00430,0.01378,0.01460,0.01028,0.01418,0.00405,0.04251,0.65115,0.01152,0.01045,0.01250
8,0.03328,0.16493,0.00384,0.00541,0.00407,0.00758,0.00317,0.16168,0.00389,0.20127,0.00534,0.00922,0.05953,0.00290,0.00227,0.02663,0.11172,0.18691,0.00279,0.00358
9,0.00739,0.01657,0.01473,0.07143,0.01641,0.68453,0.01560,0.01505,0.02221,0.00491,0.02192,0.02422,0.00716,0.02090,0.01216,0.00667,0.00880,0.00515,0.01028,0.01391
10,0.04857,0.10579,0.06390,0.14162,0.02767,0.01131,0.02827,0.07251,0.01216,0.02974,0.03484,0.03209,0.00160,0.09853,0.02746,0.02532,0.01086,0.11444,0.06696,0.04640
11,0.04854,0.01543,0.01217,0.03105,0.03186,0.02101,0.06429,0.06731,0.15252,0.09369,0.11239,0.05933,0.00327,0.05352,0.06585,0.03932,0.02834,0.08437,0.00608,0.00966
12,0.01997,0.02573,0.05581,0.04131,0.05070,0.01023,0.06703,0.03874,0.04919,0.02344,0.03308,0.06807,0.05056,0.06294,0.03127,0.01924,0.03694,0.00906,0.21524,0.09146
13,0.01684,0.03140,0.03981,0.03429,0.03702,0.00590,0.13324,0.05969,0.32171,0.01576,0.02146,0.02874,0.01447,0.02700,0.08078,0.01650,0.03110,0.00899,0.01496,0.06035
14,0.05999,0.03549,0.02956,0.01850,0.06174,0.08087,0.08360,0.06751,0.02602,0.04887,0.09815,0.06682,0.00106,0.05220,0.02872,0.07454,0.06114,0.04351,0.02196,0.03975
15,0.10190,0.05310,0.01343,0.05964,0.00694,0.06269,0.02880,0.01674,0.10333,0.04432,0.06115,0.07441,0.00168,0.07310,0.11519,0.09944,0.05195,0.02593,0.00208,0.00417
16,0.00436,0.01496,0.01009,0.00987,0.00802,0.00334,0.00838,0.16516,0.00876,0.24430,0.20000,0.01100,0.03867,0.04220,0.00369,0.00309,0.03822,0.17168,0.00602,0.00818
17,0.09160,0.04017,0.01901,0.01168,0.01318,0.06940,0.05235,0.03996,0.03157,0.03182,0.04602,0.22176,0.00518,0.05924,0.03917,0.10740,0.04021,0.04462,0.00959,0.02608
18,0.05201,0.06664,0.04243,0.05936,0.03417,0.06758,0.07433,0.06479,0.03200,0.07350,0.05053,0.05104,0.00199,0.06549,0.04496,0.06581,0.06091,0.05912,0.01271,0.02063
19,0.01538,0.07560,0.01311,0.00782,0.12236,0.00531,0.03809,0.07659,0.02004,0.24043,0.19756,0.00881,0.00324,0.07464,0.00247,0.00774,0.00770,0.01685,0.00708,0.05917
20,0.09691,0.06574,0.09171,0.04681,0.00604,0.07290,0.04339,0.02075,0.01607,0.03356,0.03617,0.04443,0.06858,0.09353,0.01864,0.08663,0.06805,0.06068,0.00490,0.02451
21,0.08208,0.01431,0.03327,0.02351,0.00558,0.10339,0.05272,0.00850,0.02909,0.03030,0.05179,0.06395,0.07999,0.10174,0.06660,0.11384,0.09660,0.02288,0.01086,0.00899
22,0.04368,0.05773,0.03830,0.03678,0.05705,0.04261,0.06043,0.07250,0.01228,0.06479,0.07887,0.03688,0.08939,0.06569,0.01725,0.03376,0.04410,0.06899,0.02710,0.05183
23,0.04781,0.07149,0.12005,0.11223,0.02270,0.06881,0.05884,0.02310,0.01355,0.02035,0.05419,0.06951,0.01405,0.13608,0.00681,0.05019,0.04165,0.03907,0.01438,0.01514
24,0.01412,0.02507,0.03261,0.01622,0.26877,0.00627,0.08203,0.04918,0.02057,0.00264,0.01394,0.03265,0.04566,0.02827,0.00633,0.00358,0.01966,0.00628,0.12232,0.20384
25,0.08390,0.04245,0.02257,0.01466,0.05383,0.02073,0.10047,0.07332,0.01463,0.07342,0.06903,0.07917,0.00693,0.05992,0.03915,0.06832,0.05014,0.04733,0.00572,0.07431
26,0.00858,0.02728,0.03466,0.02776,0.00915,0.00240,0.03514,0.02100,0.10242,0.01037,0.04746,0.13184,0.06478,0.11725,0.07031,0.12719,0.12151,0.02598,0.00379,0.01112
27,0.01089,0.01266,0.03139,0.01410,0.31402,0.00653,0.08058,0.02578,0.01800,0.00625,0.02086,0.02366,0.01319,0.02412,0.00684,0.00950,0.01190,0.00732,0.01467,0.34771
28,0.01173,0.02330,0.02331,0.09715,0.01490,0.00785,0.06028,0.07922,0.27617,0.00669,0.01417,0.02851,0.01114,0.02981,0.18729,0.00882,0.03775,0.01837,0.01203,0.05148
29,0.08354,0.02817,0.00911,0.02887,0.01476,0.04034,0.03300,0.04539,0.17095,0.04561,0.03135,0.06005,0.00684,0.05810,0.16576,0.07529,0.04415,0.04075,0.00450,0.01346
30,0.18041,0.16677,0.02597,0.01573,0.01514,0.01294,0.04713,0.02922,0.01342,0.01453,0.01476,0.16002,0.00807,0.02136,0.01626,0.15549,0.06680,0.01434,0.01031,0.01135
31,0.21784,0.06961,0.01689,0.01982,0.01864,0.32797,0.02861,0.02174,0.01852,0.00658,0.01818,0.05142,0.01019,0.03200,0.00745,0.07019,0.01004,0.01584,0.01644,0.02202
32,0.01104,0.14757,0.02581,0.03080,0.02492,0.00774,0.02311,0.28553,0.01886,0.00677,0.02222,0.04474,0.01086,0.02980,0.00645,0.01574,0.09526,0.13998,0.02267,0.03012
33,0.05500,0.02172,0.01022,0.00674,0.01470,0.00469,0.09709,0.03639,0.02035,0.08827,0.03444,0.03181,0.00427,0.07166,0.02512,0.08122,0.13334,0.03583,0.18376,0.04340
34,0.01610,0.02294,0.13300,0.43737,0.02886,0.08970,0.02253,0.02195,0.02708,0.00852,0.02605,0.01951,0.01007,0.03108,0.00888,0.01170,0.01258,0.02039,0.02961,0.02210
35,0.04442,0.09456,0.01682,0.01526,0.01090,0.00486,0.01086,0.21147,0.01755,0.00765,0.01301,0.01588,0.03578,0.01254,0.00354,0.01245,0.13853,0.31124,0.00715,0.01553
36,0.11626,0.06693,0.02305,0.03520,0.03551,0.03550,0.05097,0.03138,0.01851,0.03985,0.09487,0.08863,0.06792,0.06913,0.01586,0.05773,0.05241,0.05368,0.01513,0.03147
37,0.02025,0.05735,0.04868,0.02391,0.03104,0.00751,0.04349,0.05679,0.02322,0.01480,0.03118,0.13300,0.04231,0.03579,0.27993,0.02815,0.02801,0.01209,0.03285,0.04965
38,0.06967,0.01957,0.23951,0.21299,0.01769,0.04319,0.02054,0.04644,0.01506,0.02163,0.02188,0.09474,0.00259,0.02145,0.00373,0.03083,0.05740,0.02829,0.01752,0.01528
39,0.02870,0.00958,0.11390,0.20653,0.01138,0.04163,0.04351,0.06710,0.00619,0.04407,0.05814,0.03521,0.07051,0.09106,0.00576,0.02983,0.05454,0.06352,0.00710,0.01173
40,0.43195,0.01794,0.03119,0.01608,0.01964,0.01123,0.03197,0.02510,0.02291,0.00649,0.02317,0.01922,0.01858,0.02573,0.00691,0.16498,0.01801,0.05296,0.03974,0.01619
41,0.06025,0.02600,0.00685,0.00921,0.00720,0.00505,0.01089,0.12007,0.18065,0.02923,0.06351,0.01162,0.00283,0.08484,0.13647,0.04544,0.07201,0.11605,0.00505,0.00681
42,0.10939,0.03991,0.01765,0.03463,0.01053,0.02787,0.06129,0.05265,0.02364,0.06084,0.07093,0.08294,0.00119,0.08968,0.09333,0.06960,0.08654,0.04144,0.01145,0.01451
43,0.31424,0.11081,0.01745,0.03213,0.01976,0.00886,0.04532,0.02416,0.02590,0.05008,0.10637,0.03228,0.00579,0.05259,0.02650,0.06185,0.00401,0.01948,0.01753,0.02488
44,0.01249,0.01386,0.01089,0.01564,0.12595,0.00856,0.03547,0.20820,0.01410,0.33935,0.07877,0.00948,0.00760,0.01607,0.00697,0.00361,0.00604,0.04977,0.01843,0.01875
45,0.06639,0.04119,0.04394,0.05555,0.02527,0.04316,0.06770,0.03958,0.08371,0.07717,0.06396,0.05976,0.00099,0.07866,0.03688,0.06894,0.05400,0.04021,0.01232,0.04061
46,0.05257,0.07793,0.14128,0.11092,0.01333,0.05742,0.04813,0.02376,0.01234,0.04011,0.03509,0.07370,0.00149,0.10617,0.01238,0.10078,0.05074,0.02324,0.00733,0.01128
47,0.04222,0.06411,0.00931,0.00879,0.01248,0.22772,0.08267,0.00620,0.08587,0.01647,0.05389,0.14635,0.00253,0.10567,0.05570,0.05500,0.00371,0.00489,0.01049,0.00594
48,0.03251,0.11159,0.04867,0.03842,0.08604,0.01084,0.04633,0.06166,0.01850,0.05104,0.03424,0.10770,0.03418,0.05581,0.02395,0.01717,0.07038,0.07562,0.01349,0.06187
49,0.04300,0.04659,0.08311,0.03076,0.07980,0.02240,0.02269,0.03743,0.08468,0.07513,0.04544,0.05273,0.01624,0.04134,0.03795,0.04496,0.05738,0.05180,0.03875,0.08782
50,0.04590,0.05973,0.14622,0.04381,0.02918,0.03956,0.07712,0.03776,0.02584,0.02320,0.03567,0.13203,0.00240,0.04369,0.00931,0.05252,0.07126,0.06648,0.02778,0.03052
51,0.12486,0.04378,0.02013,0.10821,0.00881,0.17598,0.05274,0.00657,0.03475,0.02976,0.03218,0.04522,0.00222,0.04684,0.01381,0.17321,0.05407,0.01308,0.00797,0.00581
52,0.00833,0.01932,0.01718,0.07099,0.02009,0.59232,0.01788,0.02192,0.02212,0.00630,0.02256,0.02294,0.00803,0.03700,0.04481,0.00694,0.00884,0.01067,0.02041,0.02134
53,0.00963,0.00950,0.00771,0.00789,0.26438,0.00348,0.26989,0.00844,0.00639,0.00238,0.00847,0.00685,0.00157,0.02040,0.01613,0.00243,0.00292,0.01217,0.09178,0.24759
54,0.26343,0.09609,0.01382,0.01220,0.00913,0.00750,0.00744,0.00867,0.01001,0.00349,0.01078,0.00769,0.23684,0.01058,0.00359,0.15679,0.09944,0.01899,0.01382,0.00972
55,0.03763,0.02678,0.01126,0.02157,0.01221,0.00724,0.01329,0.01968,0.01091,0.01454,0.02155,0.00953,0.22294,0.01215,0.00569,0.00410,0.00949,0.51528,0.01501,0.00914
56,0.00746,0.01700,0.01438,0.02796,0.06915,0.00981,0.01061,0.02226,0.02601,0.00686,0.03004,0.01492,0.03818,0.01761,0.00630,0.59527,0.00575,0.00973,0.02593,0.04478
57,0.01096,0.08160,0.02795,0.01819,0.02724,0.01558,0.01664,0.02424,0.02208,0.01484,0.03737,0.01959,0.00535,0.02682,0.48188,0.06543,0.03198,0.01779,0.02944,0.02502
58,0.01096,0.01965,0.01767,0.02731,0.02295,0.67232,0.01455,0.02156,0.02424,0.00589,0.02684,0.01799,0.00669,0.01803,0.02719,0.00745,0.00903,0.01200,0.02002,0.01766
59,0.16572,0.09156,0.01382,0.01388,0.01300,0.00940,0.00712,0.02295,0.01205,0.00392,0.01094,0.02337,0.00521,0.00970,0.00625,0.23081,0.20412,0.12408,0.01024,0.02187
60,0.12899,0.06196,0.01964,0.03027,0.09318,0.02502,0.02925,0.02671,0.03032,0.00678,0.01987,0.03747,0.01664,0.02018,0.00573,0.30361,0.05528,0.03064,0.01399,0.04446
61,0.02715,0.02002,0.03289,0.02241,0.02444,0.00824,0.04333,0.02664,0.46046,0.00776,0.03910,0.06693,0.02634,0.04904,0.06007,0.01112,0.01836,0.00828,0.01892,0.02848
62,0.00498,0.01123,0.01099,0.01584,0.26864,0.00568,0.00970,0.10721,0.01072,0.43212,0.01134,0.00697,0.01981,0.01189,0.00491,0.00366,0.00417,0.03820,0.01310,0.00883
63,0.17149,0.04789,0.01841,0.05740,0.01713,0.07403,0.00488,0.02667,0.02200,0.02619,0.08735,0.00677,0.00111,0.09022,0.05757,0.12953,0.06058,0.05928,0.02004,0.02146
64,0.00945,0.01953,0.01922,0.01970,0.09221,0.01188,0.01276,0.01522,0.01535,0.00735,0.01473,0.01340,0.00618,0.01401,0.05706,0.00610,0.00774,0.00989,0.58151,0.06672
65,0.00812,0.01985,0.01886,0.02247,0.02179,0.00838,0.01509,0.02590,0.01719,0.39176,0.29694,0.01569,0.00595,0.02370,0.00731,0.03120,0.00914,0.01263,0.02802,0.01999
66,0.24083,0.09174,0.01620,0.01865,0.01896,0.01054,0.01399,0.02830,0.01619,0.00482,0.01420,0.01201,0.00431,0.01772,0.00458,0.03993,0.14658,0.26696,0.01357,0.01992
67,0.00685,0.02579,0.08886,0.40332,0.01780,0.01282,0.01514,0.01734,0.28890,0.00461,0.01892,0.00904,0.00394,0.01421,0.01566,0.01033,0.00572,0.01269,0.01552,0.01254
68,0.01184,0.02274,0.02330,0.02791,0.02079,0.04294,0.01287,0.02883,0.06267,0.00668,0.02280,0.01543,0.00766,0.02216,0.58752,0.02311,0.00884,0.01250,0.02157,0.01785
69,0.11034,0.01068,0.06271,0.03061,0.01078,0.58369,0.00510,0.00830,0.01042,0.00301,0.01104,0.05333,0.00245,0.01590,0.01495,0.03028,0.00350,0.01153,0.01271,0.00866
70,0.00413,0.02444,0.00680,0.00953,0.16102,0.00750,0.04703,0.06702,0.00618,0.28139,0.13553,0.00548,0.00171,0.00547,0.00290,0.00364,0.00295,0.00681,0.01995,0.20051
71,0.03128,0.22085,0.01335,0.01422,0.03818,0.00620,0.00727,0.09309,0.01249,0.20613,0.15541,0.00903,0.02396,0.01130,0.01103,0.00403,0.03631,0.08368,0.01060,0.01158
72,0.04858,0.06351,0.12876,0.15528,0.03115,0.07076,0.08851,0.01784,0.02007,0.05115,0.03802,0.01957,0.00942,0.06116,0.01313,0.05259,0.04816,0.03015,0.02608,0.02611
73,0.02006,0.07285,0.03680,0.02539,0.04284,0.01001,0.09746,0.03836,0.02777,0.02451,0.06154,0.03618,0.27383,0.08252,0.00969,0.00929,0.05301,0.01186,0.01848,0.04754
74,0.02427,0.09775,0.00681,0.04154,0.11314,0.04065,0.04201,0.07993,0.00635,0.12167,0.10601,0.02277,0.00349,0.02855,0.00307,0.01793,0.01934,0.07835,0.02225,0.12413
75,0.01206,0.02806,0.02710,0.02720,0.02128,0.59128,0.02042,0.03210,0.02871,0.00864,0.02396,0.02133,0.00868,0.02428,0.03177,0.00907,0.01015,0.01531,0.03401,0.02460
76,0.04070,0.05575,0.00829,0.00213,0.07243,0.00397,0.23442,0.00981,0.10122,0.04091,0.03347,0.01119,0.00267,0.02329,0.15415,0.03720,0.02178,0.02170,0.01853,0.10639
77,0.00946,0.25952,0.01617,0.02274,0.01083,0.03107,0.00908,0.03048,0.01574,0.06083,0.01365,0.00794,0.00460,0.01083,0.00567,0.00431,0.25316,0.20612,0.01938,0.00841
78,0.05048,0.15824,0.01789,0.00934,0.03702,0.00781,0.00860,0.17189,0.01483,0.06291,0.14460,0.00740,0.00397,0.01071,0.00401,0.00352,0.06429,0.18949,0.00900,0.02401
79,0.00803,0.02467,0.62445,0.02294,0.02583,0.01302,0.01377,0.02359,0.03016,0.00959,0.02648,0.05959,0.00700,0.02631,0.00749,0.00689,0.00765,0.00946,0.02107,0.03201
80,0.00670,0.01798,0.01496,0.01694,0.02749,0.00802,0.02295,0.19039,0.01989,0.43901,0.12905,0.01321,0.01273,0.01641,0.00712,0.00456,0.00537,0.01137,0.01921,0.01664
81,0.01590,0.06023,0.02057,0.03638,0.02042,0.58881,0.01817,0.01789,0.02712,0.00641,0.02457,0.01961,0.00865,0.02773,0.01104,0.00755,0.01201,0.01251,0.04525,0.01918
82,0.25710,0.48060,0.01193,0.01534,0.00817,0.00840,0.01165,0.01228,0.01306,0.00313,0.01158,0.01126,0.00368,0.01128,0.01384,0.07771,0.01506,0.00532,0.00659,0.02200
83,0.00816,0.03686,0.04040,0.02521,0.02155,0.63846,0.01413,0.01783,0.02606,0.00787,0.02693,0.01212,0.00709,0.02388,0.00570,0.01844,0.00721,0.01497,0.03107,0.01605
84,0.01920,0.03397,0.04725,0.03110,0.04551,0.02452,0.09860,0.11783,0.02361,0.02363,0.07173,0.02395,0.08932,0.05891,0.16589,0.00757,0.03512,0.01756,0.03220,0.03252
85,0.01391,0.05026,0.03926,0.02045,0.05578,0.14359,0.12180,0.08062,0.02635,0.02086,0.03930,0.09273,0.01973,0.07009,0.01624,0.02715,0.02881,0.01760,0.02029,0.09518
86,0.01183,0.01824,0.02467,0.04770,0.02244,0.56550,0.01103,0.02965,0.05019,0.00781,0.04678,0.02658,0.00425,0.03059,0.00644,0.01635,0.00975,0.01731,0.03468,0.01822
87,0.01408,0.02773,0.03621,0.04453,0.03430,0.01308,0.02112,0.03862,0.03744,0.01096,0.02960,0.03104,0.00682,0.02111,0.01049,0.01130,0.01300,0.01840,0.53895,0.04122
88,0.20725,0.19118,0.00905,0.01449,0.01026,0.09312,0.00608,0.01070,0.01657,0.00340,0.01339,0.01389,0.00178,0.01293,0.01011,0.33612,0.02040,0.00673,0.01301,0.00953
89,0.00437,0.05153,0.01614,0.01005,0.09492,0.00411,0.03555,0.00764,0.00998,0.00614,0.00985,0.00815,0.00533,0.27655,0.00285,0.00307,0.00383,0.00433,0.05261,0.39301
90,0.01026,0.04538,0.04811,0.03165,0.08423,0.00838,0.06756,0.01728,0.03202,0.06093,0.02532,0.02066,0.00628,0.02837,0.00755,0.00861,0.00764,0.02470,0.05760,0.40747
91,0.10896,0.08737,0.00320,0.00404,0.00422,0.03805,0.00255,0.12677,0.00568,0.05083,0.15462,0.00651,0.00174,0.00370,0.00127,0.11556,0.13068,0.14714,0.00412,0.00301
92,0.50832,0.11331,0.00922,0.02150,0.01552,0.10733,0.00775,0.01780,0.02299,0.00512,0.02817,0.01297,0.00336,0.01714,0.00451,0.02915,0.00303,0.02948,0.02688,0.01647
93,0.09004,0.04992,0.00549,0.01086,0.00531,0.13032,0.03267,0.04676,0.00867,0.00206,0.00958,0.01586,0.00118,0.01030,0.00252,0.12981,0.38747,0.04636,0.00854,0.00628
94,0.03626,0.05973,0.08320,0.00920,0.00536,0.02246,0.08017,0.15680,0.01123,0.13102,0.03016,0.10586,0.00171,0.09227,0.00267,0.03033,0.02059,0.07931,0.01986,0.02182
95,0.04672,0.02956,0.00315,0.00490,0.01275,0.05084,0.02236,0.04039,0.09376,0.07927,0.08133,0.10246,0.04923,0.06051,0.12946,0.07028,0.07120,0.04412,0.00481,0.00292
96,0.08704,0.01278,0.01344,0.13012,0.08598,0.00613,0.08328,0.02666,0.04059,0.15803,0.02285,0.02256,0.05566,0.01363,0.02575,0.03575,0.05113,0.01211,0.05170,0.06480
97,0.03491,0.06869,0.05045,0.01909,0.05110,0.00405,0.12637,0.06910,0.07039,0.01238,0.03529,0.09199,0.02436,0.04252,0.01055,0.01735,0.04543,0.14225,0.02633,0.05741
98,0.01002,0.02496,0.02515,0.01917,0.03171,0.00987,0.02407,0.12588,0.01795,0.01352,0.03224,0.02125,0.00401,0.55793,0.01138,0.01439,0.00581,0.01176,0.02398,0.01494
99,0.02232,0.05227,0.25714,0.31371,0.01262,0.02414,0.00647,0.03859,0.00579,0.07186,0.06676,0.00840,0.00255,0.03419,0.00406,0.00726,0.00521,0.04672,0.01149,0.00846
100,0.01108,0.23581,0.01340,0.01489,0.01391,0.01507,0.01540,0.18614,0.01862,0.00642,0.00729,0.01861,0.00378,0.01438,0.00480,0.00453,0.00634,0.37898,0.01856,0.01200
101,0.05553,0.07984,0.00531,0.00747,0.03636,0.05782,0.06866,0.06081,0.10271,0.08746,0.05769,0.04285,0.00071,0.05980,0.09783,0.05162,0.01397,0.04743,0.02825,0.03788
102,0.03528,0.00900,0.01319,0.04503,0.00885,0.74918,0.00701,0.01161,0.01625,0.00307,0.01414,0.00988,0.00280,0.01095,0.00733,0.00655,0.00480,0.02038,0.01570,0.00902
103,0.00424,0.01123,0.00770,0.01019,0.17760,0.00361,0.03654,0.07145,0.00953,0.09664,0.05627,0.00621,0.00138,0.00619,0.00240,0.00355,0.00195,0.10409,0.17562,0.21363
104,0.02492,0.01896,0.01444,0.02902,0.01675,0.00959,0.00626,0.02224,0.01702,0.00473,0.01776,0.01040,0.00445,0.01175,0.00436,0.07243,0.66960,0.00851,0.02467,0.01212
105,0.06167,0.05441,0.01658,0.01678,0.02268,0.00921,0.06620,0.04726,0.14339,0.04495,0.05370,0.06600,0.00101,0.08023,0.08290,0.05069,0.04867,0.05994,0.03438,0.03936
106,0.19792,0.01052,0.01109,0.05016,0.00854,0.53665,0.00663,0.01336,0.01370,0.00357,0.01623,0.01186,0.00523,0.01429,0.01590,0.04394,0.01168,0.00585,0.01445,0.00843
107,0.07114,0.03536,0.05792,0.03108,0.01731,0.52139,0.01243,0.02152,0.03326,0.02120,0.02401,0.01654,0.00857,0.03015,0.00512,0.02190,0.01929,0.01032,0.02255,0.01892
108,0.12747,0.08793,0.03068,0.01817,0.03940,0.01213,0.04537,0.07849,0.04020,0.00870,0.03331,0.02837,0.17879,0.02260,0.04950,0.04812,0.05694,0.05653,0.01741,0.01988
109,0.06268,0.06540,0.05579,0.06720,0.01068,0.13354,0.07627,0.00392,0.05582,0.00466,0.04732,0.09726,0.00089,0.11310,0.03052,0.08541,0.04764,0.01283,0.00421,0.02487
110,0.02135,0.00838,0.00540,0.01024,0.01028,0.04458,0.43837,0.00620,0.00903,0.00194,0.00784,0.01601,0.00123,0.36693,0.00730,0.00260,0.00191,0.00375,0.00981,0.02686
