site,A,C,D,E,F,G,H,I,K,L,M,N,P,Q,R,S,T,V,W,Y
0,0.01834,0.01861,0.04376,0.03368,0.02044,0.01994,0.01271,0.02451,0.16110,0.00865,0.02500,0.05063,0.02833,0.02463,0.43092,0.01190,0.02068,0.00958,0.01280,0.02381
1,0.01681,0.01817,0.01981,0.01274,0.02143,0.29768,0.14770,0.02029,0.01658,0.00837,0.01638,0.03810,0.19654,0.04045,0.03166,0.01397,0.03513,0.00684,0.01022,0.03112
2,0.00905,0.02288,0.08482,0.01713,0.01563,0.65007,0.01662,0.01910,0.01905,0.01029,0.01951,0.01844,0.00820,0.01956,0.00647,0.01029,0.01106,0.01010,0.01306,0.01866
3,0.14279,0.08406,0.01811,0.05786,0.02064,0.44581,0.02101,0.02266,0.01821,0.00622,0.02229,0.02200,0.00904,0.02262,0.01581,0.00681,0.01124,0.01619,0.01021,0.02641
4,0.04370,0.06938,0.03453,0.03220,0.07469,0.04015,0.06453,0.04791,0.03358,0.06189,0.04139,0.07345,0.00465,0.09681,0.06177,0.06862,0.05161,0.05125,0.02314,0.02474
5,0.03472,0.07120,0.01261,0.04139,0.01613,0.59132,0.01077,0.01499,0.01887,0.00405,0.01476,0.01575,0.00525,0.01623,0.01080,0.08368,0.00669,0.00484,0.00882,0.01712
6,0.04504,0.05032,0.16844,0.19881,0.04102,0.02603,0.02503,0.01755,0.01050,0.01504,0.04939,0.04087,0.00340,0.06196,0.00354,0.06660,0.03806,0.02954,0.05829,0.05059
7,0.03179,0.05295,0.01953,0.02086,0.02004,0.00605,0.01870,0.02916,0.01778,0.00564,0.01802,0.01958,0.00950,0.01855,0.00529,0.02491,0.64047,0.01112,0.01370,0.01635
8,0.01763,0.14283,0.00644,0.00914,0.00684,0.00600,0.00530,0.18965,0.00651,0.24618,0.00492,0.01170,0.04355,0.00483,0.00250,0.00658,0.06675,0.21205,0.00465,0.00597
9,0.00832,0.02150,0.01917,0.04501,0.02144,0.64963,0.02035,0.01958,0.02895,0.00638,0.02859,0.03152,0.00929,0.02717,0.00439,0.00867,0.01143,0.00714,0.01333,0.01815
10,0.03819,0.10009,0.07572,0.16390,0.02144,0.01401,0.02166,0.06782,0.00896,0.03035,0.03866,0.03114,0.00247,0.05712,0.03611,0.02815,0.00966,0.10975,0.09955,0.04526
11,0.06287,0.01996,0.02074,0.01154,0.04172,0.01491,0.04602,0.04503,0.18512,0.12644,0.09789,0.04980,0.00566,0.03297,0.03814,0.03198,0.03118,0.11613,0.00782,0.01409
12,0.02080,0.02651,0.05771,0.04382,0.08139,0.01270,0.07065,0.04039,0.05153,0.01531,0.03394,0.07279,0.05153,0.06071,0.02252,0.01846,0.03827,0.00954,0.15380,0.11765
13,0.02029,0.03741,0.04381,0.02921,0.03925,0.00656,0.16312,0.07286,0.23935,0.01913,0.02339,0.02210,0.01470,0.02352,0.08958,0.02239,0.04046,0.00959,0.01597,0.06731
14,0.05883,0.04675,0.03187,0.02145,0.04435,0.06984,0.09418,0.09431,0.00770,0.05275,0.09970,0.07809,0.00153,0.06432,0.01426,0.06124,0.04782,0.04932,0.01821,0.04346
15,0.10115,0.04708,0.01440,0.03146,0.00925,0.09001,0.02384,0.02610,0.10043,0.03931,0.04216,0.07331,0.00201,0.06630,0.12737,0.09622,0.06144,0.03912,0.00296,0.00607
16,0.00391,0.01292,0.01035,0.01033,0.00832,0.00344,0.00888,0.17346,0.00912,0.19510,0.17162,0.01131,0.00269,0.10031,0.00362,0.00320,0.07404,0.18258,0.00625,0.00853
17,0.09186,0.03119,0.00824,0.01215,0.02191,0.08214,0.07117,0.05355,0.02024,0.03476,0.04811,0.18688,0.00537,0.06163,0.03934,0.07336,0.06146,0.06127,0.00963,0.02575
18,0.04881,0.06664,0.04300,0.06894,0.04599,0.04238,0.06107,0.08178,0.02014,0.08683,0.06808,0.05859,0.00100,0.06311,0.02991,0.04642,0.05758,0.06959,0.01809,0.02206
19,0.02686,0.11044,0.00839,0.00506,0.12000,0.00341,0.09349,0.12091,0.03284,0.13883,0.10908,0.00560,0.00209,0.06667,0.00147,0.01786,0.00150,0.01847,0.01046,0.10658
20,0.08791,0.08316,0.14024,0.05254,0.00908,0.07343,0.04660,0.03507,0.00597,0.03616,0.02390,0.02625,0.02911,0.07580,0.00247,0.06175,0.08706,0.07690,0.00680,0.03980
21,0.08034,0.01821,0.00630,0.00962,0.00746,0.15917,0.05358,0.01440,0.01114,0.04686,0.06037,0.06113,0.09853,0.01748,0.04843,0.10306,0.11885,0.05069,0.01772,0.01665
22,0.01796,0.04704,0.01256,0.02481,0.08717,0.01083,0.03903,0.13517,0.00429,0.09021,0.06945,0.01880,0.14034,0.02458,0.00567,0.01302,0.02718,0.09715,0.05572,0.07903
23,0.02726,0.07286,0.12976,0.11653,0.04345,0.06893,0.04718,0.03717,0.00580,0.02136,0.05721,0.03953,0.02742,0.13448,0.00659,0.04159,0.01804,0.05671,0.02449,0.02366
24,0.01617,0.01685,0.03729,0.01868,0.21935,0.00717,0.10349,0.05766,0.02331,0.00162,0.01598,0.03706,0.05233,0.03221,0.00723,0.00257,0.02263,0.00675,0.08708,0.23455
25,0.10360,0.04712,0.02471,0.01108,0.02903,0.02592,0.11838,0.06858,0.00582,0.09361,0.08985,0.05347,0.01027,0.03473,0.02917,0.06302,0.04695,0.05723,0.00300,0.08446
26,0.00286,0.03303,0.03336,0.00953,0.01306,0.00121,0.02564,0.02088,0.04638,0.01730,0.08599,0.13618,0.06529,0.14928,0.04862,0.12046,0.14248,0.02965,0.00425,0.01455
27,0.00931,0.01507,0.02587,0.01195,0.53913,0.00554,0.02135,0.02196,0.01533,0.00531,0.01770,0.01753,0.01123,0.02038,0.00581,0.00876,0.01013,0.00621,0.01243,0.21899
28,0.01736,0.01738,0.02303,0.02993,0.01775,0.00751,0.09111,0.08008,0.19699,0.00971,0.01363,0.03966,0.01080,0.04709,0.22370,0.00857,0.04124,0.02012,0.01127,0.09306
29,0.04369,0.01972,0.01475,0.03683,0.02114,0.02691,0.02090,0.05277,0.19696,0.01804,0.00891,0.09162,0.01116,0.07286,0.16533,0.08964,0.06411,0.02136,0.00719,0.01610
30,0.20444,0.12227,0.02506,0.02085,0.01849,0.01291,0.04945,0.03297,0.01457,0.03155,0.01556,0.18086,0.00182,0.02197,0.00805,0.14846,0.05458,0.00901,0.01299,0.01414
31,0.19987,0.10256,0.01300,0.02377,0.02225,0.29632,0.02309,0.02631,0.02259,0.00790,0.02249,0.04954,0.01246,0.03538,0.00993,0.05181,0.01214,0.02177,0.01973,0.02710
32,0.01314,0.11550,0.03242,0.03988,0.02735,0.00976,0.02946,0.25794,0.02353,0.00933,0.02403,0.05758,0.01369,0.03679,0.00818,0.01013,0.09145,0.13213,0.02916,0.03854
33,0.06945,0.01874,0.01393,0.00922,0.01181,0.00660,0.17575,0.03837,0.01310,0.05274,0.04455,0.01894,0.01054,0.09120,0.01852,0.07797,0.13668,0.03620,0.10513,0.05058
34,0.01487,0.02840,0.15862,0.38640,0.03694,0.04196,0.02792,0.02753,0.02121,0.01081,0.02802,0.02478,0.01256,0.03535,0.01111,0.01149,0.01577,0.04062,0.03767,0.02796
35,0.03598,0.05439,0.02818,0.01907,0.01872,0.00741,0.01872,0.17088,0.02984,0.01264,0.00916,0.02501,0.01719,0.02156,0.00609,0.01386,0.09519,0.37674,0.01218,0.02719
36,0.06121,0.06991,0.02601,0.05595,0.03250,0.00948,0.03746,0.03560,0.02388,0.06937,0.16332,0.12106,0.06195,0.05464,0.01286,0.02023,0.06085,0.06079,0.01030,0.01263
37,0.02273,0.06421,0.05463,0.02673,0.03492,0.00257,0.04888,0.06124,0.03012,0.01663,0.03522,0.14763,0.04734,0.03969,0.21494,0.01655,0.02982,0.01358,0.03661,0.05597
38,0.05765,0.03752,0.26207,0.27940,0.03420,0.02562,0.01786,0.03815,0.01023,0.01088,0.02164,0.06301,0.00499,0.01715,0.00717,0.01995,0.02622,0.02173,0.02223,0.02233
39,0.03384,0.01857,0.13085,0.28372,0.01271,0.01679,0.04527,0.05620,0.02140,0.04134,0.04205,0.02381,0.06034,0.07683,0.00563,0.02191,0.03751,0.05010,0.01048,0.01063
40,0.41084,0.02402,0.03455,0.02146,0.02621,0.01101,0.04294,0.03382,0.03056,0.00868,0.03086,0.02555,0.00953,0.03442,0.00922,0.11611,0.02689,0.02849,0.05327,0.02157
41,0.02278,0.00417,0.00652,0.00881,0.00684,0.00194,0.01288,0.11869,0.29379,0.03985,0.07581,0.01448,0.00271,0.10352,0.09978,0.03190,0.05155,0.09277,0.00482,0.00639
42,0.12659,0.04458,0.01393,0.02087,0.01021,0.02279,0.04200,0.06906,0.02686,0.07284,0.07691,0.09258,0.00128,0.10556,0.07381,0.06922,0.07807,0.03860,0.00487,0.00937
43,0.40410,0.05099,0.01761,0.03730,0.02726,0.00746,0.03624,0.04237,0.03965,0.01700,0.05969,0.03318,0.00684,0.06668,0.01163,0.05306,0.00976,0.01688,0.03326,0.02904
44,0.01811,0.02161,0.01792,0.02567,0.10153,0.01399,0.03844,0.14165,0.02291,0.39993,0.04154,0.01466,0.01579,0.02477,0.00726,0.00594,0.00946,0.02478,0.03044,0.02360
45,0.07159,0.03910,0.04372,0.02876,0.01985,0.04400,0.06875,0.02921,0.08106,0.09285,0.05583,0.05521,0.00124,0.09491,0.05240,0.06588,0.05711,0.02696,0.01186,0.05970
46,0.08092,0.09062,0.16123,0.09200,0.00879,0.02981,0.05252,0.02379,0.00813,0.01513,0.04663,0.05434,0.00228,0.11519,0.01204,0.11773,0.05425,0.02192,0.00805,0.00463
47,0.03270,0.05083,0.00960,0.01145,0.01100,0.26351,0.05104,0.00986,0.08437,0.01313,0.06731,0.21325,0.00406,0.09654,0.02233,0.02108,0.00511,0.00678,0.01688,0.00920
48,0.00615,0.11375,0.05949,0.03868,0.14093,0.00630,0.05641,0.07713,0.02756,0.06492,0.03643,0.07677,0.03627,0.04615,0.00939,0.01623,0.04937,0.08277,0.01995,0.03534
49,0.03788,0.05639,0.03431,0.01068,0.08981,0.01643,0.03070,0.03470,0.11587,0.05849,0.06468,0.05977,0.00649,0.06117,0.03687,0.03150,0.06119,0.04976,0.03324,0.11008
50,0.03256,0.05663,0.16982,0.03690,0.01851,0.02027,0.10600,0.08359,0.01334,0.01773,0.03011,0.07903,0.00315,0.02565,0.00410,0.04438,0.08736,0.10023,0.03563,0.03500
51,0.18450,0.03944,0.01626,0.14890,0.00975,0.20488,0.01403,0.00995,0.02414,0.01761,0.01814,0.03578,0.00339,0.03725,0.01085,0.15220,0.03627,0.01567,0.01216,0.00884
52,0.01100,0.02682,0.02387,0.01676,0.02788,0.56522,0.02487,0.03048,0.03062,0.00874,0.03132,0.03190,0.01114,0.05096,0.01759,0.00962,0.01224,0.01107,0.02829,0.02959
53,0.00406,0.00946,0.00938,0.01013,0.18910,0.00453,0.26086,0.00908,0.00821,0.00259,0.00791,0.00682,0.00202,0.00746,0.02327,0.00312,0.00321,0.00487,0.07790,0.35603
54,0.28476,0.08490,0.01166,0.01853,0.01316,0.00640,0.01099,0.01293,0.01441,0.00506,0.01582,0.00928,0.23837,0.01513,0.00518,0.12231,0.09227,0.00403,0.02021,0.01460
55,0.00452,0.01886,0.01647,0.02468,0.01786,0.00915,0.01968,0.00767,0.01628,0.01911,0.03209,0.01386,0.16883,0.01775,0.00838,0.00606,0.00894,0.55349,0.02281,0.01351
56,0.00660,0.02079,0.01851,0.03589,0.01665,0.01261,0.01361,0.02860,0.03343,0.00882,0.03864,0.01923,0.04894,0.02260,0.00811,0.55541,0.00819,0.01250,0.03340,0.05745
57,0.01427,0.05925,0.04023,0.02634,0.03912,0.02800,0.02403,0.03485,0.02285,0.01061,0.02322,0.02875,0.00521,0.00777,0.49659,0.02934,0.02306,0.01501,0.03514,0.03636
58,0.01055,0.02536,0.02268,0.01337,0.02958,0.63277,0.01868,0.02770,0.03139,0.00757,0.03446,0.02307,0.00857,0.02319,0.00612,0.00898,0.01160,0.01605,0.02570,0.02262
59,0.10375,0.08698,0.01878,0.01893,0.01733,0.00165,0.00964,0.02180,0.01637,0.00529,0.01474,0.01697,0.00419,0.01311,0.00971,0.22724,0.33599,0.03468,0.01382,0.02901
60,0.11926,0.02204,0.02724,0.04919,0.08267,0.01054,0.03927,0.03703,0.03935,0.00890,0.02323,0.04963,0.02205,0.02691,0.00756,0.31297,0.03492,0.00809,0.01844,0.06070
61,0.01777,0.02390,0.03948,0.02724,0.02922,0.00990,0.05184,0.03197,0.37469,0.00935,0.04515,0.06069,0.03128,0.10709,0.01914,0.01242,0.04218,0.00997,0.02262,0.03409
62,0.00735,0.01661,0.01610,0.02338,0.17391,0.00839,0.01594,0.14640,0.01590,0.43551,0.01670,0.01023,0.00486,0.01762,0.00459,0.00507,0.00613,0.04316,0.01917,0.01297
63,0.14022,0.03813,0.02289,0.04993,0.02407,0.08415,0.00379,0.04238,0.00834,0.03824,0.08014,0.00654,0.00109,0.06985,0.04663,0.10528,0.09512,0.09660,0.01451,0.03211
64,0.01194,0.02349,0.02479,0.02501,0.10927,0.01407,0.01631,0.01922,0.01938,0.01055,0.01898,0.01689,0.00787,0.01790,0.03456,0.00685,0.00985,0.01265,0.53270,0.06771
65,0.01046,0.01904,0.02435,0.03011,0.02903,0.01101,0.02015,0.02727,0.02297,0.36595,0.26483,0.02034,0.00668,0.03055,0.00975,0.01360,0.01173,0.01097,0.04454,0.02670
66,0.24935,0.05465,0.02024,0.02013,0.02380,0.01364,0.01500,0.02893,0.02030,0.00455,0.00719,0.01505,0.00540,0.02110,0.00574,0.06351,0.13647,0.25285,0.01704,0.02507
67,0.00556,0.02415,0.10088,0.30580,0.01801,0.00262,0.01511,0.01785,0.39493,0.00461,0.01841,0.00907,0.00379,0.01415,0.01526,0.00874,0.00566,0.00809,0.01506,0.01224
68,0.01647,0.03170,0.03258,0.03877,0.02895,0.01567,0.01787,0.02765,0.03004,0.00929,0.03163,0.02149,0.01065,0.03067,0.56388,0.00834,0.01226,0.01732,0.03002,0.02474
69,0.09884,0.01350,0.02746,0.02715,0.01602,0.60419,0.00742,0.01214,0.01520,0.00439,0.01611,0.04166,0.00358,0.01646,0.01191,0.03006,0.00509,0.01775,0.01851,0.01258
70,0.00464,0.00902,0.00915,0.01285,0.17234,0.01019,0.02057,0.08154,0.00829,0.29494,0.11588,0.00635,0.00232,0.00744,0.00392,0.00497,0.00399,0.00908,0.01820,0.20433
71,0.05163,0.24549,0.01790,0.01916,0.04023,0.00870,0.00993,0.07311,0.01755,0.21372,0.16263,0.01237,0.01345,0.01544,0.00712,0.00565,0.01973,0.03524,0.01467,0.01630
72,0.05381,0.02067,0.06745,0.17288,0.03602,0.09635,0.09146,0.02909,0.02044,0.04907,0.05104,0.01600,0.01010,0.07807,0.01262,0.05509,0.05774,0.02524,0.01988,0.03697
73,0.02281,0.06811,0.04229,0.02901,0.04851,0.01149,0.13000,0.04398,0.03148,0.02996,0.03714,0.04168,0.21218,0.08971,0.01094,0.03042,0.03247,0.01242,0.02128,0.05413
74,0.01798,0.08519,0.00805,0.03191,0.09197,0.03715,0.04651,0.09967,0.00568,0.16325,0.13691,0.01794,0.00317,0.02512,0.00262,0.01480,0.01297,0.09236,0.01476,0.09202
75,0.01364,0.03472,0.03357,0.05311,0.02648,0.52013,0.02532,0.03987,0.03556,0.01076,0.02979,0.02648,0.01082,0.03014,0.01950,0.01127,0.01263,0.01342,0.02228,0.03051
76,0.05306,0.06503,0.01042,0.00109,0.09791,0.00403,0.17748,0.01047,0.11230,0.03924,0.03964,0.02571,0.00404,0.02537,0.13873,0.04061,0.01522,0.01617,0.04002,0.08345
77,0.00546,0.13938,0.02159,0.03583,0.01380,0.03833,0.01299,0.05425,0.02366,0.08243,0.01978,0.01223,0.00697,0.01527,0.00833,0.00638,0.25141,0.20997,0.02917,0.01277
78,0.06171,0.11788,0.01221,0.01148,0.05105,0.00448,0.01063,0.14199,0.01837,0.07913,0.15005,0.00916,0.00489,0.01324,0.00497,0.00435,0.09713,0.18053,0.01111,0.01564
79,0.00894,0.03127,0.55436,0.02202,0.03272,0.01248,0.01801,0.02990,0.03830,0.01211,0.03351,0.04850,0.00890,0.03343,0.00951,0.00873,0.00968,0.01192,0.02661,0.04908
80,0.00798,0.02177,0.01768,0.02011,0.04805,0.00966,0.01704,0.13178,0.02352,0.38963,0.19924,0.01566,0.00732,0.01947,0.00467,0.00549,0.00644,0.01148,0.02297,0.02005
81,0.01977,0.07595,0.02587,0.01376,0.02570,0.51731,0.02280,0.02244,0.03391,0.00802,0.03061,0.02445,0.01087,0.03488,0.00786,0.00947,0.01511,0.02092,0.05630,0.02401
82,0.18684,0.54299,0.01867,0.02372,0.01533,0.01280,0.01768,0.01915,0.02028,0.00492,0.01813,0.01754,0.00575,0.01756,0.01770,0.02272,0.00911,0.00829,0.00962,0.01119
83,0.01066,0.02903,0.01523,0.03267,0.02773,0.58757,0.01829,0.02305,0.03367,0.01017,0.03475,0.01573,0.00916,0.03090,0.00736,0.03230,0.00930,0.01148,0.04019,0.02078
84,0.02361,0.04151,0.06026,0.03888,0.05609,0.00396,0.10086,0.07407,0.00893,0.02888,0.08203,0.02936,0.08979,0.07311,0.13607,0.00866,0.04294,0.02174,0.03903,0.04021
85,0.01411,0.05826,0.04446,0.01367,0.06150,0.11241,0.10462,0.07682,0.02946,0.02422,0.04495,0.09022,0.02210,0.08175,0.02818,0.03055,0.03250,0.01542,0.01957,0.09522
86,0.00908,0.02594,0.01765,0.05357,0.02726,0.49146,0.01337,0.03596,0.06077,0.00945,0.05660,0.03220,0.00515,0.03712,0.00726,0.02306,0.01101,0.01903,0.04192,0.02214
87,0.01668,0.03306,0.04277,0.05312,0.04081,0.02629,0.02500,0.04577,0.04433,0.01653,0.03505,0.03668,0.00810,0.02502,0.00340,0.01510,0.01537,0.02182,0.44940,0.04571
88,0.19085,0.19795,0.01348,0.02143,0.01521,0.02161,0.00906,0.01764,0.02494,0.00508,0.01994,0.00664,0.00267,0.01934,0.00655,0.37371,0.01026,0.01010,0.01946,0.01407
89,0.00823,0.00975,0.03722,0.01955,0.04914,0.00790,0.01302,0.01457,0.01898,0.00488,0.01912,0.01382,0.01031,0.16172,0.00554,0.00530,0.00738,0.00843,0.04285,0.54230
90,0.01349,0.03126,0.05258,0.03828,0.10099,0.01089,0.06344,0.02154,0.04261,0.07238,0.02823,0.02318,0.00707,0.02710,0.00990,0.00730,0.00945,0.02071,0.03753,0.38208
91,0.10888,0.11612,0.00414,0.00546,0.00584,0.07998,0.00345,0.04335,0.00667,0.04953,0.11399,0.01395,0.00346,0.00490,0.00173,0.12243,0.17194,0.13453,0.00562,0.00403
92,0.49973,0.07846,0.02065,0.02971,0.02198,0.06538,0.01056,0.02468,0.03220,0.00709,0.03828,0.01764,0.00284,0.02311,0.00614,0.01762,0.00512,0.03993,0.03598,0.02291
93,0.07728,0.06414,0.00771,0.01529,0.00753,0.06021,0.02738,0.09252,0.01215,0.00275,0.01051,0.01194,0.00166,0.01214,0.00356,0.06653,0.42137,0.08508,0.01199,0.00825
94,0.04247,0.06808,0.07388,0.00779,0.00426,0.02008,0.04683,0.18314,0.01538,0.18380,0.03534,0.07501,0.00245,0.08571,0.00312,0.02236,0.01127,0.09049,0.01394,0.01460
95,0.04638,0.01637,0.00252,0.00568,0.00886,0.03562,0.02004,0.03936,0.11280,0.09599,0.05768,0.13752,0.04763,0.05626,0.12053,0.07114,0.06581,0.05180,0.00506,0.00293
96,0.15263,0.02520,0.02764,0.02675,0.06310,0.01102,0.07798,0.04076,0.06169,0.17905,0.02532,0.00795,0.06552,0.02409,0.00691,0.02885,0.03364,0.01170,0.03827,0.09192
97,0.06659,0.06985,0.05642,0.02017,0.05758,0.00400,0.10927,0.06258,0.07932,0.01507,0.03302,0.08637,0.02705,0.04750,0.01168,0.01949,0.03025,0.10995,0.02930,0.06452
98,0.01506,0.03283,0.03787,0.02861,0.02842,0.01487,0.01212,0.03716,0.03441,0.00666,0.02277,0.02617,0.00647,0.59944,0.00650,0.01043,0.00872,0.01497,0.03423,0.02230
99,0.01846,0.04937,0.26013,0.32802,0.01773,0.00537,0.00853,0.04364,0.00692,0.06474,0.05936,0.01185,0.00361,0.04523,0.00573,0.00531,0.00534,0.03262,0.01617,0.01187
100,0.01826,0.25679,0.01612,0.01524,0.01661,0.01205,0.01762,0.17032,0.02146,0.00516,0.01790,0.02331,0.00453,0.01792,0.00576,0.00549,0.00786,0.33097,0.02222,0.01441
101,0.06143,0.08535,0.00660,0.00894,0.01662,0.08922,0.05178,0.07456,0.08439,0.09663,0.05071,0.03476,0.00108,0.03375,0.11174,0.05192,0.02042,0.06290,0.02666,0.03055
102,0.01107,0.01167,0.01711,0.06789,0.01149,0.71146,0.00910,0.01507,0.02106,0.00399,0.01836,0.01282,0.00364,0.01421,0.01220,0.00434,0.00623,0.01621,0.02038,0.01171
103,0.00474,0.02289,0.01009,0.01100,0.12948,0.00389,0.02778,0.10451,0.01000,0.13594,0.08744,0.00474,0.00147,0.00660,0.00220,0.00161,0.00198,0.16340,0.08843,0.18180
104,0.05293,0.02461,0.01876,0.03760,0.02178,0.01242,0.00811,0.01026,0.02205,0.00613,0.02307,0.01346,0.00300,0.01524,0.00585,0.02538,0.64063,0.01102,0.03200,0.01568
105,0.02961,0.07795,0.00705,0.01011,0.02651,0.00308,0.07846,0.05603,0.20879,0.06310,0.08497,0.01414,0.00207,0.06957,0.08792,0.01228,0.02305,0.08018,0.01833,0.04683
106,0.05351,0.01732,0.01834,0.01745,0.01406,0.61382,0.01088,0.02217,0.02256,0.00523,0.02693,0.01963,0.00861,0.02342,0.02505,0.03872,0.01579,0.00878,0.02376,0.01397
107,0.02536,0.02717,0.08092,0.03735,0.02401,0.51814,0.01491,0.02978,0.04333,0.00828,0.03320,0.02280,0.00644,0.02880,0.00707,0.01264,0.01078,0.01218,0.03091,0.02594
108,0.06889,0.08815,0.05777,0.03444,0.05891,0.01182,0.04226,0.04572,0.03602,0.00682,0.05776,0.03265,0.22208,0.04263,0.02570,0.05175,0.02625,0.02936,0.03246,0.02855
109,0.05828,0.07658,0.04099,0.06378,0.01959,0.17819,0.03322,0.00694,0.02033,0.00751,0.07369,0.08516,0.00168,0.15606,0.00873,0.07325,0.04625,0.01922,0.00773,0.02283
110,0.02086,0.01321,0.00908,0.01712,0.01712,0.03755,0.53133,0.01028,0.01262,0.00301,0.01313,0.01314,0.00162,0.23438,0.00306,0.00434,0.00320,0.00627,0.01631,0.03239
