site,A,C,D,E,F,G,H,I,K,L,M,N,P,Q,R,S,T,V,W,Y
0,0.01282,0.04873,0.02932,0.02045,0.01531,0.03756,0.03548,0.01596,0.13158,0.00854,0.01601,0.02448,0.02703,0.01568,0.49118,0.01603,0.01479,0.00865,0.01373,0.01667
1,0.01681,0.01803,0.01862,0.03830,0.02014,0.52470,0.03964,0.01873,0.01804,0.01371,0.01714,0.02552,0.04399,0.02583,0.07096,0.01528,0.02715,0.01071,0.01198,0.02472
2,0.01320,0.03676,0.06499,0.01203,0.01035,0.68653,0.01171,0.01310,0.01335,0.01038,0.01311,0.01251,0.00650,0.01292,0.00747,0.02591,0.00843,0.01854,0.00964,0.01257
3,0.15184,0.08363,0.01252,0.05387,0.01436,0.48486,0.01510,0.01643,0.01292,0.00543,0.01528,0.01569,0.00731,0.01541,0.01748,0.00925,0.00877,0.02668,0.01686,0.01629
4,0.04330,0.06822,0.03803,0.03147,0.07261,0.04120,0.06493,0.04963,0.03440,0.06101,0.04026,0.07508,0.00525,0.09111,0.06304,0.06884,0.05175,0.05167,0.02378,0.02441
5,0.03880,0.07354,0.01145,0.04821,0.01630,0.59057,0.00810,0.01080,0.01178,0.00347,0.01065,0.01084,0.00423,0.01087,0.02223,0.08985,0.00502,0.00711,0.00653,0.01966
6,0.04542,0.05028,0.15371,0.19599,0.04402,0.02277,0.02840,0.02363,0.01752,0.01556,0.04682,0.04006,0.00402,0.06558,0.00417,0.06335,0.03388,0.03229,0.06190,0.05061
7,0.04282,0.05846,0.01283,0.01322,0.01356,0.00506,0.01277,0.03696,0.01246,0.00457,0.01229,0.01972,0.01568,0.01292,0.00415,0.03094,0.65583,0.01449,0.00984,0.01141
8,0.02094,0.12873,0.00562,0.00729,0.00571,0.00840,0.00460,0.18896,0.00518,0.26097,0.00967,0.01161,0.02568,0.00924,0.00552,0.01042,0.06656,0.21545,0.00413,0.00532
9,0.00666,0.01379,0.01356,0.03842,0.01461,0.72190,0.01422,0.01424,0.01880,0.00563,0.01874,0.01873,0.00730,0.01744,0.02244,0.00937,0.00857,0.01217,0.01028,0.01314
10,0.04117,0.09611,0.07778,0.16097,0.02392,0.02108,0.02758,0.06397,0.01447,0.02909,0.03540,0.03143,0.00285,0.05696,0.03757,0.02812,0.01192,0.09844,0.09455,0.04662
11,0.06443,0.01331,0.01378,0.02147,0.03435,0.01980,0.05249,0.04330,0.19093,0.12237,0.09491,0.04760,0.00482,0.04239,0.04116,0.03025,0.04195,0.10464,0.00643,0.00962
12,0.01950,0.04163,0.03054,0.02928,0.08052,0.02756,0.03284,0.02767,0.03079,0.03712,0.02804,0.03517,0.03081,0.02987,0.04155,0.02169,0.02923,0.01187,0.29418,0.12015
13,0.03023,0.02825,0.02505,0.03885,0.02492,0.01183,0.11010,0.05549,0.35807,0.02643,0.01745,0.03182,0.01356,0.03522,0.06693,0.03038,0.03970,0.00982,0.01475,0.03115
14,0.06115,0.04791,0.02725,0.02078,0.04108,0.07182,0.09294,0.09521,0.01004,0.05297,0.08528,0.07262,0.00218,0.06557,0.01535,0.06403,0.06024,0.05057,0.02005,0.04298
15,0.09775,0.04420,0.01841,0.03546,0.01210,0.08525,0.02823,0.03088,0.09368,0.03892,0.04013,0.08259,0.00250,0.06493,0.12328,0.09429,0.06012,0.03570,0.00243,0.00915
16,0.00478,0.01521,0.00806,0.00737,0.00678,0.00315,0.00748,0.15775,0.00768,0.20864,0.17331,0.00918,0.01372,0.09612,0.00655,0.00273,0.07274,0.18649,0.00513,0.00714
17,0.09801,0.03858,0.03014,0.00909,0.02252,0.07981,0.06011,0.04089,0.02428,0.02979,0.04224,0.19182,0.00440,0.05187,0.03704,0.06913,0.06518,0.05754,0.00987,0.03770
18,0.05145,0.06621,0.04527,0.07449,0.04374,0.04152,0.05323,0.08147,0.02393,0.08236,0.06678,0.05700,0.00275,0.06188,0.03077,0.04708,0.05471,0.06932,0.02249,0.02357
19,0.02681,0.10524,0.00702,0.00436,0.11485,0.00302,0.08607,0.12268,0.03163,0.14196,0.11243,0.00470,0.00192,0.06759,0.00232,0.02157,0.00842,0.01263,0.01084,0.11394
20,0.08220,0.08796,0.12586,0.04870,0.01425,0.07379,0.04693,0.03637,0.00851,0.04082,0.02464,0.02704,0.03457,0.06793,0.00322,0.06318,0.08349,0.07611,0.00727,0.04717
21,0.08004,0.01967,0.00872,0.01219,0.00700,0.15752,0.05432,0.01624,0.01081,0.04974,0.05214,0.06025,0.09364,0.02329,0.04676,0.10127,0.10912,0.05041,0.02664,0.02023
22,0.01916,0.04242,0.01984,0.02753,0.08487,0.01279,0.03757,0.12903,0.00472,0.09110,0.06749,0.02144,0.13483,0.02412,0.00477,0.01585,0.03200,0.09184,0.05528,0.08336
23,0.02967,0.07395,0.12586,0.11821,0.04953,0.04651,0.04693,0.04170,0.00967,0.02212,0.05633,0.03497,0.03696,0.11532,0.00880,0.04320,0.02362,0.05877,0.03112,0.02676
24,0.01581,0.02840,0.02554,0.01831,0.35274,0.00853,0.06860,0.05534,0.01935,0.01703,0.01571,0.02531,0.04232,0.02396,0.00859,0.01909,0.02151,0.01565,0.10096,0.11726
25,0.09504,0.03853,0.03131,0.01153,0.03073,0.03089,0.09503,0.05809,0.00799,0.10246,0.08819,0.07301,0.01041,0.03973,0.03353,0.06285,0.04332,0.05670,0.00331,0.08735
26,0.00535,0.03326,0.03268,0.00922,0.01799,0.00139,0.02732,0.02594,0.04706,0.01908,0.08312,0.12614,0.06580,0.13972,0.04883,0.11993,0.14634,0.02821,0.00669,0.01593
27,0.00916,0.03999,0.03542,0.01035,0.41872,0.00608,0.04568,0.01554,0.01389,0.00537,0.02872,0.01845,0.01071,0.01771,0.00705,0.01268,0.00869,0.00691,0.01106,0.27783
28,0.02317,0.01235,0.01537,0.03250,0.01389,0.00628,0.08328,0.07557,0.21236,0.00998,0.01109,0.06307,0.00848,0.05493,0.19725,0.01120,0.04800,0.02326,0.00923,0.08874
29,0.05195,0.01886,0.01129,0.03507,0.02686,0.03036,0.01478,0.04238,0.20792,0.02079,0.01202,0.07589,0.00909,0.08367,0.14974,0.09500,0.06805,0.02249,0.00784,0.01592
30,0.19954,0.10380,0.02213,0.01522,0.01430,0.02102,0.06750,0.03042,0.01520,0.04050,0.01621,0.14350,0.01381,0.02254,0.00921,0.17093,0.06244,0.00984,0.01059,0.01128
31,0.19938,0.06770,0.02384,0.01717,0.01652,0.36049,0.03110,0.01760,0.01693,0.00785,0.01554,0.05414,0.01030,0.02276,0.01577,0.05376,0.01070,0.02568,0.01492,0.01785
32,0.01582,0.11020,0.02324,0.02491,0.02494,0.00906,0.01993,0.34646,0.01759,0.01645,0.01876,0.05751,0.01193,0.02219,0.00830,0.02379,0.10633,0.09963,0.02044,0.02254
33,0.05838,0.02486,0.01110,0.00756,0.01512,0.00752,0.15340,0.04116,0.01830,0.05736,0.03712,0.02332,0.01360,0.08161,0.01913,0.08915,0.14560,0.03561,0.10552,0.05458
34,0.01775,0.01889,0.12056,0.48953,0.02174,0.04514,0.01885,0.01856,0.03348,0.00914,0.02367,0.01762,0.01119,0.02684,0.01020,0.01020,0.01336,0.05327,0.02146,0.01856
35,0.03246,0.04998,0.01869,0.02201,0.01441,0.01222,0.01336,0.15061,0.01771,0.01848,0.02496,0.01603,0.01780,0.01497,0.00533,0.01906,0.11015,0.41587,0.00956,0.01635
36,0.06464,0.07980,0.02490,0.04116,0.04087,0.01835,0.04478,0.03583,0.01764,0.08323,0.11681,0.08378,0.06662,0.04947,0.01711,0.03112,0.06412,0.06772,0.01950,0.03255
37,0.02300,0.03276,0.03245,0.02470,0.02500,0.02306,0.03187,0.04391,0.05783,0.01699,0.02660,0.04275,0.03245,0.02849,0.41965,0.03282,0.03226,0.01421,0.02796,0.03124
38,0.06659,0.02143,0.15335,0.36113,0.02258,0.03494,0.01801,0.02828,0.02278,0.01716,0.01604,0.07218,0.00522,0.03103,0.00720,0.02497,0.02974,0.03183,0.01799,0.01756
39,0.03631,0.01216,0.12441,0.27611,0.01685,0.02424,0.04090,0.05825,0.02262,0.04474,0.04770,0.03016,0.06328,0.07033,0.00425,0.02264,0.04155,0.04514,0.01039,0.00797
40,0.47888,0.01640,0.03335,0.01524,0.01803,0.01781,0.02292,0.02201,0.01902,0.00790,0.01895,0.02407,0.01492,0.01949,0.00813,0.12975,0.04655,0.04593,0.02544,0.01521
41,0.02927,0.00871,0.00562,0.00794,0.00615,0.00304,0.01232,0.11364,0.23208,0.04032,0.09233,0.01958,0.00487,0.10166,0.11192,0.03610,0.05775,0.10650,0.00453,0.00565
42,0.12204,0.04517,0.01575,0.02115,0.01550,0.02417,0.04265,0.06816,0.02872,0.07148,0.07195,0.09939,0.00177,0.09665,0.07145,0.07098,0.08120,0.03885,0.00556,0.00740
43,0.44560,0.04792,0.01390,0.03619,0.01555,0.00934,0.03683,0.02283,0.02933,0.02308,0.06237,0.03594,0.00971,0.04900,0.01234,0.05188,0.02631,0.03399,0.01992,0.01799
44,0.01727,0.01484,0.01341,0.01642,0.05493,0.01121,0.05368,0.10929,0.01515,0.46400,0.05284,0.01182,0.03209,0.03178,0.01185,0.00714,0.01051,0.03002,0.02019,0.02157
45,0.07025,0.04173,0.05045,0.03134,0.02398,0.04438,0.06462,0.02941,0.07998,0.09029,0.05684,0.05882,0.00136,0.08808,0.04825,0.06472,0.05289,0.02746,0.01330,0.06187
46,0.08754,0.08044,0.17639,0.08285,0.01060,0.03119,0.05877,0.02698,0.00864,0.01646,0.03673,0.04037,0.00216,0.10756,0.01783,0.12219,0.05858,0.01872,0.00681,0.00920
47,0.03608,0.04293,0.00746,0.03286,0.01032,0.29022,0.05043,0.00855,0.07223,0.01517,0.06624,0.19314,0.00364,0.07699,0.03017,0.02192,0.00668,0.01252,0.01232,0.01015
48,0.02187,0.08949,0.04472,0.04641,0.08114,0.01635,0.04049,0.05069,0.02252,0.08625,0.04392,0.06661,0.03434,0.07777,0.02133,0.01355,0.03957,0.14833,0.01994,0.03471
49,0.03879,0.05867,0.05437,0.00970,0.09231,0.01932,0.03377,0.03469,0.09425,0.05947,0.06460,0.05152,0.00792,0.06294,0.03746,0.03913,0.05909,0.04522,0.03469,0.10209
50,0.02426,0.06248,0.14537,0.04197,0.01842,0.02408,0.09732,0.08211,0.01879,0.02058,0.02405,0.08748,0.00716,0.02833,0.00628,0.04431,0.08842,0.10449,0.04026,0.03384
51,0.16424,0.04806,0.02342,0.13051,0.01253,0.21319,0.02079,0.00775,0.03121,0.01868,0.01412,0.04123,0.00296,0.03507,0.02155,0.14055,0.03864,0.01975,0.00883,0.00689
52,0.01524,0.01838,0.01714,0.03768,0.01894,0.65375,0.01698,0.01912,0.01910,0.00769,0.01968,0.01944,0.00940,0.02448,0.03190,0.00824,0.00976,0.01519,0.01919,0.01871
53,0.00836,0.01471,0.01221,0.01211,0.19010,0.00477,0.32788,0.01186,0.00730,0.00497,0.00718,0.00637,0.00438,0.01194,0.04068,0.00321,0.00331,0.00612,0.08095,0.24160
54,0.31404,0.08246,0.01110,0.01307,0.00994,0.00929,0.00914,0.00968,0.01080,0.00474,0.01200,0.00769,0.23116,0.01090,0.00451,0.12581,0.08949,0.01903,0.01414,0.01099
55,0.02452,0.01358,0.01189,0.02175,0.01243,0.01300,0.01384,0.02179,0.01162,0.03374,0.01846,0.01058,0.12999,0.01207,0.00646,0.00521,0.00948,0.60518,0.01440,0.01002
56,0.00607,0.01402,0.01335,0.02054,0.03858,0.01298,0.01074,0.01734,0.01868,0.00712,0.02311,0.01429,0.05595,0.01508,0.00702,0.61438,0.01017,0.01006,0.01942,0.07110
57,0.01262,0.05165,0.02104,0.01738,0.02089,0.02575,0.01570,0.02691,0.02061,0.01929,0.02098,0.01758,0.01104,0.02561,0.55204,0.03777,0.02127,0.01608,0.04479,0.02102
58,0.01034,0.01692,0.01561,0.02868,0.01895,0.70397,0.01360,0.01778,0.01875,0.00624,0.02091,0.01475,0.00721,0.01447,0.02294,0.00747,0.00891,0.02077,0.01601,0.01571
59,0.08905,0.08056,0.01340,0.01358,0.01343,0.01867,0.00853,0.01934,0.01302,0.00463,0.01222,0.03378,0.00402,0.01077,0.01889,0.25972,0.31544,0.04129,0.01121,0.01844
60,0.19167,0.03792,0.02296,0.06975,0.03089,0.01461,0.02699,0.02555,0.02731,0.01037,0.02016,0.02975,0.02152,0.02112,0.00864,0.33987,0.02373,0.02599,0.01806,0.03314
61,0.01531,0.01788,0.02455,0.04687,0.02090,0.01220,0.02823,0.02154,0.50737,0.00890,0.04170,0.03689,0.02071,0.07003,0.03495,0.01128,0.03259,0.00926,0.01683,0.02200
62,0.00685,0.01296,0.01280,0.01705,0.09365,0.00797,0.03010,0.14352,0.01234,0.51675,0.01779,0.00868,0.01815,0.01356,0.00538,0.00532,0.00593,0.04619,0.01379,0.01122
63,0.13692,0.04400,0.02353,0.04926,0.02464,0.08706,0.00548,0.04444,0.01373,0.03979,0.07699,0.00823,0.00098,0.07094,0.04621,0.10303,0.08430,0.09455,0.01431,0.03160
64,0.00878,0.03289,0.01592,0.01542,0.10615,0.02431,0.01136,0.01396,0.01307,0.01326,0.01284,0.01231,0.00622,0.01190,0.04086,0.00694,0.00780,0.00940,0.57302,0.06358
65,0.00939,0.01474,0.01763,0.01929,0.02287,0.00989,0.01546,0.03219,0.01694,0.45685,0.19557,0.01569,0.01150,0.01984,0.01295,0.03636,0.01032,0.02130,0.04322,0.01802
66,0.21534,0.04396,0.01433,0.02089,0.01598,0.02125,0.01901,0.03624,0.01483,0.00898,0.02299,0.01154,0.00500,0.02516,0.00532,0.06744,0.13861,0.28465,0.01184,0.01664
67,0.01553,0.02198,0.08585,0.58114,0.01880,0.02280,0.01660,0.01796,0.05139,0.00686,0.02005,0.01134,0.00596,0.01565,0.01781,0.01789,0.01033,0.02994,0.01672,0.01539
68,0.01232,0.01955,0.01960,0.01985,0.01761,0.03738,0.01254,0.03254,0.04492,0.00798,0.02602,0.01600,0.00895,0.01870,0.63242,0.01703,0.00945,0.01296,0.01836,0.01583
69,0.09666,0.01575,0.02717,0.03633,0.01134,0.61631,0.00819,0.00929,0.01095,0.00381,0.01115,0.04423,0.00302,0.01236,0.02467,0.03273,0.00411,0.01061,0.01247,0.00886
70,0.00374,0.02298,0.01578,0.00972,0.15338,0.00821,0.02915,0.07094,0.00671,0.29036,0.11937,0.00520,0.00202,0.00579,0.00328,0.01021,0.00327,0.01125,0.01508,0.21355
71,0.04984,0.21198,0.01290,0.01404,0.04807,0.00692,0.00847,0.07869,0.01362,0.24025,0.14009,0.01049,0.03031,0.02406,0.01168,0.00483,0.02922,0.04067,0.01149,0.01238
72,0.06010,0.02132,0.05551,0.15311,0.03573,0.09359,0.07334,0.03883,0.02920,0.05200,0.04417,0.02245,0.01558,0.08590,0.01432,0.05117,0.05798,0.03097,0.02499,0.03973
73,0.03656,0.04878,0.02971,0.02425,0.03074,0.01397,0.10678,0.03033,0.02536,0.04990,0.02679,0.02692,0.35170,0.03292,0.01311,0.05593,0.03052,0.01533,0.02008,0.03032
74,0.02239,0.08062,0.01338,0.03559,0.07980,0.03591,0.04589,0.09408,0.00486,0.15082,0.12391,0.03267,0.00269,0.03281,0.00225,0.02054,0.01351,0.09947,0.01582,0.09301
75,0.01647,0.02054,0.01965,0.07062,0.01757,0.59602,0.01794,0.02159,0.02005,0.00882,0.01951,0.01841,0.00896,0.01891,0.03746,0.00963,0.01063,0.02095,0.02659,0.01967
76,0.05249,0.06624,0.00858,0.01105,0.07588,0.00355,0.15908,0.01353,0.12011,0.04279,0.03602,0.02293,0.00377,0.03894,0.14779,0.04441,0.01871,0.02092,0.03905,0.07414
77,0.02863,0.12110,0.02307,0.02113,0.01325,0.05116,0.01088,0.04780,0.01708,0.09461,0.01456,0.01017,0.00641,0.01225,0.00758,0.00609,0.23501,0.24990,0.01868,0.01064
78,0.06110,0.11514,0.02786,0.00982,0.05870,0.00977,0.00905,0.07787,0.01441,0.09218,0.14187,0.00829,0.00465,0.01132,0.00447,0.00694,0.10498,0.21160,0.00926,0.02071
79,0.01548,0.01993,0.63143,0.03028,0.01969,0.03245,0.01249,0.01896,0.02142,0.00994,0.02022,0.04038,0.00759,0.02038,0.00802,0.00773,0.00838,0.01843,0.01770,0.03911
80,0.00679,0.01568,0.01297,0.01591,0.04787,0.00811,0.03101,0.12449,0.01697,0.45858,0.14828,0.01220,0.02279,0.01434,0.00941,0.00512,0.00591,0.01196,0.01652,0.01507
81,0.02005,0.03090,0.01816,0.03618,0.01732,0.63542,0.01624,0.01616,0.02136,0.00719,0.01956,0.01750,0.00965,0.02055,0.02613,0.00858,0.01299,0.02195,0.02720,0.01691
82,0.17851,0.54429,0.01196,0.01491,0.02422,0.01321,0.01131,0.01279,0.01273,0.00379,0.01258,0.01183,0.00439,0.01190,0.03579,0.02765,0.01092,0.00624,0.01687,0.03411
83,0.01015,0.02884,0.03848,0.01901,0.01771,0.66284,0.01315,0.01521,0.02008,0.00850,0.01969,0.01201,0.00754,0.01861,0.00634,0.03971,0.00773,0.01804,0.02209,0.01428
84,0.02496,0.03186,0.03111,0.03126,0.03611,0.03326,0.03957,0.05394,0.04391,0.02881,0.05005,0.02757,0.03925,0.03604,0.33049,0.03308,0.04228,0.02544,0.02880,0.03222
85,0.01946,0.03378,0.03289,0.04622,0.03633,0.27784,0.04455,0.03979,0.02986,0.02690,0.03379,0.04238,0.02690,0.03777,0.07905,0.02707,0.02928,0.02794,0.06580,0.04241
86,0.01545,0.02774,0.03920,0.03633,0.01746,0.59598,0.01077,0.02248,0.02730,0.00879,0.02578,0.02113,0.00470,0.02195,0.00799,0.03914,0.01272,0.02288,0.02614,0.01608
87,0.01387,0.04000,0.02500,0.02575,0.02280,0.03417,0.01800,0.02547,0.02603,0.03457,0.02263,0.02172,0.00746,0.01806,0.02071,0.01322,0.01307,0.01618,0.56951,0.03179
88,0.18074,0.19273,0.01630,0.01520,0.01088,0.02760,0.00722,0.02224,0.01616,0.00435,0.01398,0.02110,0.00233,0.01362,0.00946,0.39924,0.01342,0.00819,0.01371,0.01155
89,0.00654,0.03044,0.04120,0.01329,0.04588,0.00644,0.02725,0.01056,0.01290,0.00502,0.01277,0.01351,0.00785,0.11483,0.00592,0.00753,0.00629,0.00695,0.05081,0.57403
90,0.01050,0.03334,0.04246,0.02319,0.09644,0.00880,0.03626,0.01994,0.02349,0.07921,0.02376,0.03501,0.00625,0.01750,0.00921,0.00771,0.01051,0.03270,0.03631,0.44742
91,0.11335,0.12386,0.00698,0.00489,0.00488,0.08573,0.00295,0.03822,0.00587,0.04748,0.10423,0.01728,0.00411,0.00423,0.00161,0.12173,0.17607,0.12809,0.00497,0.00346
92,0.56387,0.06967,0.03935,0.01891,0.01515,0.06134,0.00853,0.01753,0.01915,0.00615,0.02183,0.01276,0.00488,0.01603,0.00545,0.02683,0.01433,0.04289,0.01978,0.01558
93,0.06437,0.07496,0.00640,0.01038,0.00607,0.07063,0.02473,0.07477,0.00986,0.00235,0.00803,0.01614,0.00204,0.00926,0.00307,0.07702,0.43942,0.08248,0.00900,0.00902
94,0.04575,0.07012,0.08125,0.00637,0.00609,0.01938,0.05132,0.18435,0.01636,0.17341,0.03862,0.07301,0.00209,0.07114,0.00334,0.02130,0.01716,0.08144,0.01622,0.02126
95,0.04792,0.01599,0.00215,0.00650,0.00803,0.03384,0.02787,0.04284,0.11611,0.09216,0.06203,0.12942,0.04549,0.05944,0.11803,0.07213,0.06263,0.05100,0.00399,0.00243
96,0.09723,0.01748,0.02081,0.04523,0.07627,0.01559,0.05647,0.04688,0.08497,0.13463,0.03681,0.01419,0.06216,0.04742,0.02556,0.03724,0.03778,0.01520,0.03293,0.09518
97,0.06017,0.06825,0.05099,0.03344,0.03411,0.01134,0.04837,0.04866,0.03655,0.03893,0.04298,0.04109,0.02751,0.03504,0.01715,0.02312,0.05078,0.26797,0.02626,0.03730
98,0.01448,0.01889,0.01996,0.02839,0.01822,0.01059,0.01883,0.04471,0.02594,0.01235,0.02688,0.02329,0.00756,0.62766,0.02933,0.01384,0.00686,0.01138,0.02558,0.01525
99,0.02199,0.04182,0.24338,0.33764,0.01205,0.02167,0.00954,0.03473,0.02135,0.06490,0.05381,0.00891,0.00417,0.05162,0.00602,0.00693,0.00783,0.03138,0.01148,0.00879
100,0.03379,0.23221,0.01264,0.01729,0.01261,0.01377,0.01323,0.13910,0.01421,0.00960,0.03646,0.01543,0.00438,0.01299,0.00533,0.00513,0.00920,0.38462,0.01614,0.01187
101,0.05845,0.07811,0.00525,0.01101,0.02060,0.08749,0.05094,0.06854,0.08434,0.09753,0.05464,0.03813,0.00099,0.04185,0.11112,0.05218,0.02416,0.05931,0.02237,0.03298
102,0.00957,0.00918,0.01159,0.05077,0.00901,0.76278,0.00737,0.01095,0.01406,0.00355,0.01208,0.00972,0.00328,0.01078,0.01480,0.00382,0.00491,0.03014,0.01331,0.00832
103,0.00481,0.03529,0.00951,0.00865,0.11393,0.00322,0.03022,0.11519,0.00841,0.12968,0.08599,0.01048,0.00133,0.00535,0.00227,0.00328,0.00220,0.15815,0.08350,0.18853
104,0.05711,0.01594,0.01375,0.02007,0.01401,0.00943,0.00655,0.02918,0.02221,0.00531,0.01993,0.01060,0.00656,0.01123,0.00602,0.02582,0.68670,0.00875,0.01928,0.01153
105,0.03417,0.07359,0.00704,0.02174,0.03291,0.00358,0.07254,0.05321,0.21011,0.06320,0.08101,0.01144,0.00168,0.05829,0.07960,0.01286,0.02519,0.08634,0.01514,0.05636
106,0.05783,0.01153,0.01187,0.02644,0.00995,0.65803,0.00868,0.01509,0.01592,0.00443,0.01764,0.01315,0.00747,0.01462,0.03395,0.04006,0.01547,0.01144,0.01565,0.01078
107,0.03122,0.03265,0.06459,0.02440,0.01658,0.59312,0.01210,0.01979,0.02248,0.00678,0.02526,0.02170,0.00749,0.01814,0.00885,0.03070,0.01137,0.01296,0.01852,0.02131
108,0.08232,0.08475,0.02876,0.02220,0.02768,0.01444,0.06278,0.02925,0.02369,0.02822,0.03084,0.02947,0.30100,0.02454,0.03955,0.04515,0.04451,0.03762,0.02340,0.01981
109,0.06060,0.08024,0.04028,0.06471,0.02310,0.18899,0.03224,0.00728,0.02317,0.00940,0.07562,0.09500,0.00149,0.10661,0.01056,0.07536,0.04445,0.02538,0.01010,0.02543
110,0.02185,0.01366,0.00725,0.01227,0.01238,0.04795,0.57071,0.00785,0.00956,0.00332,0.01215,0.01946,0.00331,0.19001,0.01492,0.00472,0.00301,0.00523,0.01178,0.02860
