site,A,C,D,E,F,G,H,I,K,L,M,N,P,Q,R,S,T,V,W,Y
0,0.01172,0.00558,0.02785,0.02141,0.01301,0.01259,0.00580,0.01561,0.21476,0.00555,0.01594,0.03213,0.01830,0.01571,0.52802,0.00949,0.01320,0.00610,0.00816,0.01907
1,0.01396,0.01341,0.01462,0.01701,0.01581,0.42451,0.11125,0.01507,0.01213,0.00613,0.01193,0.02741,0.19593,0.02970,0.02134,0.01017,0.02585,0.00371,0.00758,0.02248
2,0.00496,0.01877,0.06996,0.01035,0.00946,0.75770,0.01007,0.01159,0.01152,0.00880,0.01179,0.01119,0.00497,0.01186,0.00577,0.00650,0.00669,0.00885,0.00790,0.01132
3,0.18016,0.09134,0.01065,0.05266,0.01209,0.50659,0.01233,0.01328,0.01066,0.00364,0.01306,0.01292,0.00530,0.01325,0.01282,0.00400,0.00660,0.01776,0.00537,0.01551
4,0.04556,0.06929,0.03615,0.03043,0.07302,0.04064,0.06282,0.04899,0.03481,0.06198,0.04270,0.07043,0.00431,0.09882,0.06121,0.06808,0.05141,0.05234,0.02285,0.02416
5,0.03602,0.07159,0.00729,0.03043,0.01160,0.65767,0.00624,0.00868,0.01095,0.00235,0.00854,0.00914,0.00304,0.00941,0.01843,0.08434,0.00388,0.00301,0.00511,0.01228
6,0.04394,0.05007,0.17377,0.19983,0.03904,0.02326,0.02354,0.01468,0.00753,0.01547,0.05181,0.04251,0.00253,0.06702,0.00332,0.06729,0.04081,0.02777,0.05496,0.05086
7,0.04583,0.07335,0.01113,0.01187,0.01144,0.00345,0.01066,0.01903,0.01014,0.00321,0.01028,0.01205,0.00958,0.01057,0.00302,0.02307,0.70441,0.00979,0.00780,0.00933
8,0.01777,0.15101,0.00335,0.00476,0.00357,0.00610,0.00276,0.20226,0.00340,0.24795,0.00246,0.00818,0.04283,0.00252,0.00142,0.00829,0.07088,0.21499,0.00243,0.00311
9,0.00495,0.01279,0.01141,0.07216,0.01280,0.74558,0.01213,0.01165,0.01725,0.00379,0.01705,0.01877,0.00553,0.01618,0.00261,0.00516,0.00680,0.00463,0.00792,0.01082
10,0.03941,0.09685,0.07207,0.16527,0.01875,0.01241,0.01919,0.06998,0.00345,0.03064,0.03728,0.03680,0.00126,0.06252,0.03353,0.02491,0.00746,0.11904,0.09732,0.05185
11,0.07041,0.01431,0.01154,0.00123,0.03149,0.01465,0.04842,0.04131,0.19888,0.12792,0.10333,0.04734,0.00313,0.03958,0.04215,0.03486,0.03483,0.12255,0.00432,0.00774
12,0.01667,0.02019,0.04641,0.03555,0.09379,0.01598,0.05607,0.03226,0.04185,0.01837,0.02727,0.05846,0.04135,0.04936,0.01744,0.01511,0.03053,0.00771,0.23778,0.13785
13,0.02771,0.03694,0.03187,0.03461,0.02832,0.00504,0.15707,0.04384,0.33461,0.02526,0.01698,0.01219,0.01049,0.01688,0.09688,0.02644,0.02723,0.00693,0.01155,0.04916
14,0.05827,0.04503,0.03990,0.02255,0.04408,0.06804,0.09342,0.08779,0.00444,0.05281,0.09541,0.08261,0.00071,0.06359,0.01518,0.06554,0.04871,0.05140,0.01505,0.04545
15,0.10062,0.04909,0.01454,0.02639,0.00860,0.09283,0.02426,0.02390,0.10093,0.04143,0.04279,0.07829,0.00095,0.07079,0.12732,0.09644,0.05545,0.03939,0.00153,0.00447
16,0.00213,0.01631,0.00567,0.00560,0.00453,0.00188,0.00476,0.17151,0.00495,0.20423,0.17773,0.00619,0.00146,0.10614,0.00260,0.00174,0.08315,0.19139,0.00340,0.00461
17,0.09105,0.02724,0.00783,0.00628,0.01927,0.08126,0.07817,0.05876,0.03128,0.03646,0.05195,0.18707,0.00278,0.07278,0.04583,0.05990,0.05964,0.06140,0.00608,0.01497
18,0.04860,0.07029,0.04292,0.07036,0.04734,0.04194,0.05804,0.08116,0.02045,0.08636,0.06712,0.05940,0.00238,0.06482,0.02733,0.04484,0.05700,0.06708,0.01975,0.02283
19,0.03051,0.11361,0.00450,0.00276,0.12454,0.00184,0.09219,0.10899,0.03253,0.14580,0.11402,0.00301,0.00113,0.07288,0.00069,0.01680,0.00081,0.02578,0.00823,0.09938
20,0.08620,0.08327,0.13952,0.05860,0.00701,0.07692,0.04732,0.03528,0.00327,0.03581,0.02686,0.02704,0.02785,0.07451,0.00167,0.06081,0.09253,0.07495,0.00597,0.03461
21,0.08311,0.01544,0.00743,0.00799,0.00447,0.16405,0.05545,0.01252,0.01051,0.04547,0.06168,0.06689,0.09965,0.01699,0.04971,0.10383,0.11481,0.04905,0.01840,0.01257
22,0.01817,0.04611,0.01405,0.02157,0.08397,0.01048,0.03916,0.13796,0.00285,0.09759,0.07322,0.01709,0.14096,0.02315,0.00469,0.01243,0.02615,0.09931,0.05503,0.07605
23,0.03257,0.06274,0.13015,0.12233,0.04701,0.07957,0.04461,0.03987,0.00338,0.02292,0.05591,0.03891,0.02643,0.12743,0.00454,0.04478,0.01785,0.05522,0.02233,0.02145
24,0.01070,0.01241,0.02471,0.01233,0.27922,0.00473,0.10027,0.02166,0.01531,0.00107,0.01049,0.02427,0.03446,0.02126,0.00478,0.00171,0.01486,0.00414,0.09939,0.30222
25,0.10654,0.04833,0.02578,0.01148,0.02870,0.02479,0.11011,0.07809,0.00366,0.08977,0.09255,0.05322,0.01009,0.03714,0.02914,0.06330,0.04784,0.05433,0.00221,0.08293
26,0.00144,0.03402,0.03550,0.00850,0.01586,0.00062,0.02943,0.02041,0.04764,0.01761,0.08491,0.13086,0.06915,0.13941,0.05282,0.12043,0.14181,0.02976,0.00417,0.01565
27,0.00553,0.00611,0.01403,0.00713,0.58413,0.00330,0.02681,0.01310,0.00909,0.00317,0.01862,0.01044,0.00669,0.01219,0.00345,0.00431,0.00601,0.00371,0.00740,0.25477
28,0.01331,0.00999,0.01322,0.03460,0.01996,0.00433,0.09316,0.06869,0.21847,0.00799,0.00787,0.03782,0.00621,0.02143,0.26747,0.00840,0.04455,0.02140,0.00650,0.09463
29,0.03804,0.01840,0.00771,0.02929,0.01476,0.03179,0.01109,0.05659,0.20122,0.01956,0.00502,0.10205,0.00578,0.07664,0.18530,0.09641,0.06194,0.02442,0.00381,0.01017
30,0.21940,0.13125,0.01429,0.01169,0.01064,0.01025,0.03874,0.03527,0.01135,0.02418,0.01363,0.21115,0.00104,0.01253,0.00661,0.16307,0.06086,0.00857,0.00739,0.00808
31,0.24453,0.09311,0.00432,0.01504,0.01410,0.36107,0.01564,0.01666,0.01431,0.00500,0.01427,0.06453,0.00790,0.02233,0.00678,0.03707,0.00768,0.02597,0.01250,0.01718
32,0.01038,0.11085,0.02115,0.02638,0.01803,0.00638,0.01934,0.32234,0.01536,0.00560,0.01796,0.02076,0.00894,0.02382,0.00536,0.00604,0.13177,0.18506,0.01913,0.02535
33,0.07460,0.01376,0.00762,0.00505,0.01194,0.00542,0.17249,0.01692,0.01349,0.05948,0.04796,0.01289,0.00436,0.09424,0.02248,0.08479,0.14530,0.03729,0.11607,0.05385
34,0.00943,0.01755,0.17390,0.46792,0.02351,0.07122,0.01728,0.01728,0.03989,0.00684,0.01915,0.01569,0.00780,0.02261,0.00693,0.00721,0.00985,0.02444,0.02388,0.01762
35,0.01649,0.05954,0.01715,0.01278,0.01127,0.00372,0.01125,0.17666,0.01802,0.01335,0.00551,0.01493,0.02064,0.01302,0.00366,0.01557,0.12428,0.43866,0.00731,0.01618
36,0.07178,0.08293,0.01598,0.04673,0.01380,0.01121,0.02919,0.03367,0.01442,0.06844,0.16731,0.12220,0.07636,0.05675,0.00905,0.02046,0.06754,0.07090,0.00777,0.01351
37,0.01895,0.05372,0.04556,0.02240,0.02902,0.00213,0.04069,0.05619,0.01097,0.01384,0.02912,0.13509,0.03963,0.03362,0.34139,0.00979,0.02939,0.01131,0.03078,0.04641
38,0.05742,0.02186,0.30296,0.30889,0.01944,0.03261,0.01347,0.03090,0.00584,0.01288,0.01240,0.06932,0.00286,0.01606,0.00413,0.02221,0.02697,0.01426,0.01268,0.01285
39,0.02882,0.01027,0.13368,0.30427,0.00759,0.02678,0.03943,0.05122,0.00976,0.04316,0.03873,0.01905,0.06338,0.08099,0.00312,0.02123,0.03899,0.06658,0.00706,0.00589
40,0.53004,0.01607,0.03579,0.01436,0.01752,0.00899,0.02879,0.02258,0.02051,0.00582,0.02074,0.01714,0.01206,0.02309,0.00618,0.13043,0.03540,0.00441,0.03563,0.01446
41,0.02296,0.00178,0.00374,0.00508,0.00392,0.00144,0.01015,0.12360,0.29821,0.03876,0.07743,0.01548,0.00154,0.09842,0.11161,0.03648,0.04916,0.09381,0.00276,0.00366
42,0.12853,0.04773,0.01574,0.02617,0.00850,0.02281,0.04404,0.06253,0.03036,0.07303,0.07888,0.08577,0.00151,0.09931,0.07805,0.06678,0.07745,0.03696,0.00485,0.01101
43,0.47080,0.04569,0.01472,0.03770,0.01808,0.00643,0.04277,0.02539,0.02858,0.01806,0.05590,0.03255,0.00492,0.08151,0.00698,0.06077,0.00643,0.00533,0.01996,0.01743
44,0.01486,0.01260,0.01043,0.01498,0.10654,0.00814,0.03767,0.17558,0.01332,0.45105,0.03559,0.00853,0.01239,0.01623,0.00411,0.00346,0.00551,0.03158,0.01779,0.01967
45,0.07220,0.03949,0.04134,0.03330,0.02144,0.04436,0.06618,0.02821,0.08143,0.08878,0.06133,0.05449,0.00064,0.09542,0.04776,0.06593,0.05631,0.02809,0.01078,0.06252
46,0.07876,0.09310,0.16460,0.10174,0.00640,0.02643,0.05040,0.01936,0.00425,0.01580,0.04427,0.05932,0.00119,0.12550,0.01160,0.11807,0.05077,0.02181,0.00421,0.00242
47,0.03828,0.05533,0.00530,0.00505,0.00907,0.28492,0.05392,0.00544,0.08619,0.01528,0.06542,0.22607,0.00224,0.08778,0.01617,0.02285,0.00303,0.00328,0.00931,0.00508
48,0.00143,0.13832,0.05514,0.04891,0.10910,0.00438,0.03695,0.08040,0.01657,0.07377,0.04262,0.11920,0.02360,0.04179,0.01098,0.01373,0.04899,0.09791,0.01189,0.02433
49,0.03720,0.05358,0.03306,0.00540,0.08850,0.01900,0.02452,0.04078,0.11365,0.05935,0.06388,0.06365,0.00718,0.05906,0.03736,0.03199,0.05894,0.05341,0.03199,0.11748
50,0.02566,0.05893,0.16853,0.03405,0.01361,0.02052,0.11006,0.08593,0.01395,0.01698,0.03174,0.07884,0.00122,0.02562,0.00307,0.04438,0.08587,0.10099,0.03567,0.04438
51,0.18741,0.04583,0.02073,0.15384,0.00574,0.21145,0.01299,0.00531,0.01499,0.01614,0.02269,0.03064,0.00181,0.04332,0.00434,0.15720,0.04022,0.01411,0.00652,0.00472
52,0.00836,0.01738,0.01545,0.02348,0.01803,0.70079,0.01618,0.01978,0.01989,0.00568,0.02039,0.02076,0.00720,0.03319,0.01464,0.00624,0.00794,0.00716,0.01828,0.01917
53,0.00271,0.00510,0.00621,0.00545,0.22683,0.00242,0.27169,0.00486,0.00442,0.00167,0.00426,0.00369,0.00085,0.00408,0.01683,0.00168,0.00173,0.00287,0.07692,0.35577
54,0.30454,0.09409,0.00542,0.01022,0.00731,0.00531,0.00610,0.00715,0.00803,0.00281,0.00880,0.00513,0.26196,0.00840,0.00287,0.12590,0.11445,0.00225,0.01120,0.00806
55,0.00856,0.01111,0.00973,0.00946,0.01053,0.00820,0.01157,0.00452,0.00957,0.01276,0.01889,0.00819,0.20135,0.01048,0.00494,0.00357,0.00527,0.62996,0.01337,0.00796
56,0.00412,0.01542,0.01152,0.02247,0.06089,0.00787,0.00853,0.01788,0.02086,0.00550,0.02409,0.01194,0.02272,0.01413,0.00505,0.66733,0.00462,0.00781,0.02078,0.04649
57,0.01101,0.06151,0.02541,0.01660,0.02472,0.02946,0.01517,0.02201,0.02193,0.01174,0.01463,0.01802,0.00328,0.00490,0.59964,0.03305,0.02005,0.00948,0.03452,0.02288
58,0.00663,0.01597,0.01428,0.00842,0.01863,0.76485,0.01175,0.01745,0.01979,0.00476,0.02168,0.01453,0.00539,0.01461,0.00385,0.00565,0.00729,0.01407,0.01616,0.01424
59,0.11778,0.10745,0.01059,0.01067,0.00987,0.00094,0.00544,0.01503,0.00923,0.00300,0.00836,0.00493,0.00238,0.00743,0.00453,0.24900,0.37160,0.03741,0.00782,0.01654
60,0.16490,0.02557,0.01900,0.03956,0.05852,0.01404,0.02720,0.02565,0.02701,0.00612,0.01597,0.03430,0.01521,0.01860,0.00521,0.38609,0.04505,0.01731,0.01267,0.04203
61,0.01952,0.01656,0.02709,0.02938,0.02007,0.00682,0.03587,0.02203,0.51737,0.00641,0.04518,0.04134,0.02174,0.10156,0.01944,0.00855,0.01515,0.00686,0.01556,0.02350
62,0.00412,0.00930,0.00905,0.01311,0.19337,0.00471,0.00541,0.15552,0.00889,0.49830,0.00937,0.00575,0.00147,0.00986,0.00258,0.00285,0.00345,0.04479,0.01079,0.00729
63,0.13855,0.03651,0.02239,0.04871,0.02438,0.07938,0.00303,0.04576,0.00436,0.04045,0.07710,0.00781,0.00057,0.07383,0.04785,0.10979,0.09459,0.09488,0.01440,0.03565
64,0.00746,0.01192,0.01556,0.01564,0.10954,0.00778,0.01020,0.01206,0.01215,0.00896,0.01190,0.01060,0.00492,0.01119,0.00332,0.00430,0.00617,0.00792,0.65173,0.07668
65,0.00618,0.01123,0.01439,0.01769,0.01710,0.00650,0.01185,0.02887,0.01352,0.41988,0.34695,0.01201,0.00432,0.01801,0.00574,0.00861,0.00694,0.00630,0.02819,0.01572
66,0.28981,0.05981,0.01153,0.00764,0.01379,0.01013,0.01057,0.03066,0.01173,0.00261,0.00410,0.00858,0.00309,0.01470,0.00328,0.06325,0.14956,0.28078,0.00983,0.01454
67,0.00329,0.01442,0.11761,0.35362,0.01076,0.00151,0.00908,0.01071,0.40525,0.00273,0.01098,0.00537,0.00222,0.00841,0.00904,0.01105,0.00332,0.00456,0.00886,0.00721
68,0.01062,0.02051,0.02119,0.02532,0.01884,0.00274,0.01153,0.01415,0.03267,0.00605,0.02053,0.01392,0.00691,0.02002,0.71476,0.00542,0.00794,0.01128,0.01957,0.01602
69,0.10898,0.00753,0.02887,0.02331,0.00885,0.66352,0.00413,0.00676,0.00847,0.00245,0.00896,0.04545,0.00199,0.01417,0.00181,0.03152,0.00284,0.01303,0.01032,0.00702
70,0.00250,0.00239,0.00493,0.00693,0.18319,0.00552,0.00701,0.08476,0.00445,0.31898,0.12110,0.00343,0.00125,0.00403,0.00211,0.00612,0.00215,0.00787,0.01329,0.21801
71,0.05770,0.24971,0.01011,0.01082,0.02360,0.00491,0.00561,0.09027,0.00991,0.23437,0.18748,0.00699,0.00731,0.00680,0.00443,0.00319,0.02365,0.04564,0.00828,0.00920
72,0.06072,0.02180,0.06844,0.15967,0.02896,0.10438,0.08542,0.02124,0.01493,0.05468,0.05636,0.01342,0.00688,0.07957,0.01495,0.06785,0.06224,0.02352,0.02500,0.02997
73,0.02423,0.08469,0.03061,0.02106,0.03526,0.00832,0.15704,0.03188,0.02283,0.02809,0.02698,0.03024,0.30323,0.06933,0.00794,0.01716,0.03743,0.00902,0.01539,0.03926
74,0.01768,0.07058,0.00332,0.03197,0.08710,0.04519,0.04492,0.10462,0.00314,0.18049,0.14017,0.00976,0.00177,0.02512,0.00146,0.01469,0.01461,0.09245,0.01165,0.09932
75,0.00983,0.02241,0.02164,0.05526,0.01699,0.64828,0.01630,0.02563,0.02291,0.00690,0.01913,0.01703,0.00693,0.01939,0.02648,0.00724,0.00810,0.01559,0.01432,0.01965
76,0.05052,0.06759,0.00528,0.00056,0.10535,0.00205,0.18235,0.00877,0.11146,0.04160,0.03456,0.02193,0.00206,0.03134,0.13217,0.04185,0.01458,0.01865,0.03493,0.09239
77,0.00193,0.16106,0.01669,0.02062,0.00796,0.05034,0.00749,0.05105,0.01363,0.08028,0.01140,0.00705,0.00402,0.00880,0.00480,0.00368,0.28990,0.23511,0.01683,0.00736
78,0.07662,0.13369,0.00517,0.00592,0.04695,0.00232,0.00550,0.17307,0.00945,0.08032,0.13636,0.00473,0.00253,0.00683,0.00257,0.00225,0.10246,0.18005,0.00573,0.01751
79,0.00533,0.01858,0.65578,0.01315,0.01939,0.00631,0.01162,0.01780,0.02274,0.00728,0.02005,0.07736,0.00526,0.01984,0.00564,0.00519,0.00578,0.00711,0.01590,0.05988
80,0.00470,0.01291,0.01041,0.01179,0.03074,0.00567,0.00499,0.14867,0.01377,0.44680,0.24024,0.00922,0.00405,0.01149,0.00241,0.00324,0.00380,0.00972,0.01347,0.01189
81,0.01938,0.05043,0.01717,0.01052,0.01706,0.66662,0.01514,0.01489,0.02251,0.00532,0.02032,0.01623,0.00722,0.02316,0.00522,0.00628,0.01003,0.01922,0.03736,0.01594
82,0.20257,0.61920,0.01107,0.01418,0.00758,0.01364,0.01071,0.01137,0.01209,0.00290,0.01073,0.01043,0.00341,0.01045,0.00310,0.02975,0.00624,0.00492,0.00568,0.00996
83,0.00838,0.03188,0.00553,0.02030,0.01726,0.70436,0.01138,0.01432,0.02091,0.00632,0.02165,0.00978,0.00570,0.01923,0.00458,0.04510,0.00579,0.00961,0.02500,0.01292
84,0.01853,0.03183,0.05086,0.02804,0.04323,0.00213,0.10632,0.12192,0.00541,0.02258,0.07558,0.02259,0.09845,0.05628,0.20175,0.00599,0.03279,0.01631,0.02867,0.03074
85,0.01079,0.04661,0.03470,0.02866,0.05243,0.16590,0.13476,0.08310,0.02316,0.01812,0.03395,0.09597,0.01729,0.06682,0.01358,0.02409,0.02534,0.01505,0.01101,0.09866
86,0.00705,0.02136,0.03758,0.03506,0.01783,0.61901,0.00875,0.02350,0.03982,0.00618,0.03702,0.02105,0.00337,0.02424,0.00475,0.02904,0.00920,0.01325,0.02749,0.01447
87,0.01175,0.01398,0.03009,0.03742,0.02875,0.00789,0.01760,0.03222,0.03122,0.01286,0.02468,0.02579,0.00570,0.01761,0.00240,0.01381,0.01082,0.01537,0.61003,0.05002
88,0.20903,0.20296,0.00762,0.01212,0.00861,0.03759,0.00512,0.01671,0.01403,0.00286,0.01126,0.00852,0.00151,0.01091,0.00730,0.40585,0.01340,0.00570,0.01094,0.00797
89,0.00454,0.00536,0.02130,0.01073,0.05330,0.00434,0.02544,0.00801,0.01045,0.00292,0.01054,0.00761,0.00567,0.18541,0.00304,0.00361,0.00406,0.00463,0.04942,0.57962
90,0.00810,0.00637,0.05269,0.02318,0.11722,0.00661,0.07338,0.01566,0.02568,0.08087,0.01708,0.02726,0.00426,0.01637,0.00597,0.00441,0.00689,0.02029,0.03886,0.44885
91,0.11149,0.11676,0.00442,0.00289,0.00308,0.08294,0.00182,0.04330,0.00354,0.05026,0.11581,0.01363,0.00369,0.00260,0.00091,0.12886,0.17570,0.13317,0.00297,0.00213
92,0.58787,0.08893,0.01112,0.01808,0.01338,0.07844,0.00641,0.01500,0.01956,0.00431,0.02324,0.01073,0.00216,0.01404,0.00373,0.02041,0.00154,0.04523,0.02189,0.01393
93,0.08504,0.04948,0.00422,0.00838,0.00410,0.06651,0.03430,0.10409,0.00667,0.00184,0.00575,0.00821,0.00091,0.00666,0.00194,0.06994,0.44414,0.08563,0.00654,0.00565
94,0.04201,0.06545,0.07124,0.00395,0.00244,0.02045,0.04508,0.17909,0.01227,0.18226,0.03928,0.08982,0.00124,0.10019,0.00242,0.02160,0.01397,0.08628,0.00701,0.01395
95,0.04730,0.01628,0.00127,0.00351,0.01001,0.03298,0.01878,0.05054,0.12070,0.09372,0.05537,0.13707,0.04700,0.05619,0.11734,0.06846,0.06889,0.05057,0.00255,0.00148
96,0.20201,0.01223,0.01421,0.02128,0.08929,0.00656,0.06516,0.03498,0.05877,0.17228,0.01940,0.00663,0.06927,0.01296,0.02717,0.03168,0.02621,0.00964,0.03114,0.08911
97,0.09192,0.06416,0.04032,0.01745,0.04290,0.00333,0.12975,0.06515,0.05816,0.01284,0.05354,0.08548,0.01967,0.03396,0.00853,0.01364,0.03760,0.15229,0.02111,0.04818
98,0.00930,0.02031,0.02359,0.01770,0.01757,0.00919,0.00353,0.03715,0.02247,0.00679,0.02166,0.02279,0.00252,0.71332,0.01059,0.01192,0.00539,0.00924,0.02125,0.01376
99,0.01410,0.04580,0.27702,0.35397,0.00989,0.00128,0.00608,0.04059,0.00384,0.06526,0.06390,0.00659,0.00201,0.04483,0.00319,0.00687,0.00404,0.03511,0.00901,0.00662
100,0.01230,0.28806,0.00953,0.00899,0.00982,0.00825,0.01038,0.18620,0.01267,0.00776,0.00733,0.01379,0.00268,0.01061,0.00341,0.00324,0.00495,0.37836,0.01314,0.00852
101,0.06250,0.08490,0.00408,0.00506,0.01470,0.08532,0.05748,0.07694,0.08294,0.09353,0.05436,0.03777,0.00056,0.03677,0.11264,0.05208,0.01978,0.05923,0.02761,0.03173
102,0.00723,0.00665,0.00976,0.07791,0.00655,0.79003,0.00519,0.00860,0.01200,0.00227,0.01047,0.00731,0.00208,0.00811,0.00626,0.00247,0.00355,0.01524,0.01162,0.00668
103,0.00395,0.01088,0.00797,0.00567,0.13409,0.00201,0.03853,0.10067,0.00517,0.13659,0.09324,0.00358,0.00076,0.00340,0.00139,0.00171,0.00102,0.17271,0.09431,0.18234
104,0.03881,0.01492,0.01137,0.02281,0.01318,0.00754,0.00492,0.01617,0.01339,0.00372,0.01398,0.00817,0.00182,0.00924,0.00402,0.03018,0.75013,0.00669,0.01940,0.00953
105,0.02914,0.07576,0.00473,0.01138,0.02718,0.00158,0.07880,0.05493,0.20728,0.06182,0.07773,0.01772,0.00106,0.06941,0.09268,0.01226,0.02527,0.08760,0.01823,0.04544
106,0.05969,0.01037,0.01097,0.00705,0.00842,0.71009,0.00652,0.01324,0.01350,0.00313,0.01609,0.01175,0.00515,0.01403,0.03255,0.04019,0.00945,0.00524,0.01422,0.00836
107,0.03441,0.02885,0.12087,0.03467,0.01425,0.59107,0.00888,0.01772,0.02603,0.00494,0.01976,0.01359,0.00383,0.01861,0.00421,0.01068,0.00642,0.00724,0.01847,0.01550
108,0.10492,0.09905,0.04140,0.02463,0.04227,0.00841,0.02525,0.03363,0.02527,0.00716,0.04109,0.02324,0.29724,0.03067,0.02653,0.05407,0.01242,0.04377,0.02847,0.03051
109,0.05878,0.06931,0.05104,0.07377,0.01538,0.17776,0.03525,0.00419,0.02188,0.00729,0.07725,0.08382,0.00086,0.14823,0.00821,0.07201,0.04773,0.01981,0.00620,0.02119
110,0.02256,0.00902,0.00498,0.00941,0.00944,0.04711,0.56571,0.00566,0.00694,0.00166,0.00721,0.02341,0.00089,0.24833,0.00168,0.00239,0.00176,0.00344,0.00896,0.01946
