site,A,C,D,E,F,G,H,I,K,L,M,N,P,Q,R,S,T,V,W,Y
0,0.01945,0.07980,0.04583,0.03520,0.02145,0.03031,0.04675,0.02575,0.06772,0.01318,0.02634,0.05263,0.02410,0.02603,0.35835,0.05672,0.02184,0.01005,0.01350,0.02501
1,0.01560,0.01916,0.02090,0.01440,0.02261,0.24959,0.15417,0.02135,0.01754,0.00884,0.01734,0.04048,0.19308,0.04269,0.05538,0.01478,0.03706,0.01120,0.01075,0.03309
2,0.00886,0.06231,0.09068,0.01840,0.01698,0.56251,0.01804,0.02095,0.02072,0.00566,0.02112,0.02014,0.00895,0.02129,0.00583,0.04156,0.01200,0.00936,0.01423,0.02041
3,0.08342,0.03877,0.02380,0.04860,0.02735,0.47594,0.02768,0.03014,0.02405,0.00822,0.02943,0.02891,0.01195,0.02997,0.02439,0.00897,0.01477,0.00777,0.02104,0.03483
4,0.04761,0.05771,0.02510,0.03193,0.01986,0.01440,0.02521,0.09068,0.04970,0.04179,0.03515,0.04074,0.00250,0.17905,0.05214,0.06232,0.07525,0.09890,0.01305,0.03691
5,0.14003,0.06332,0.01244,0.01523,0.01695,0.46653,0.01069,0.01485,0.01908,0.00402,0.01460,0.01584,0.00520,0.01619,0.00304,0.13880,0.00673,0.01351,0.00873,0.01424
6,0.03062,0.02164,0.12947,0.14385,0.05109,0.00533,0.01954,0.02622,0.01337,0.02655,0.05437,0.04940,0.00547,0.12861,0.00666,0.06514,0.06035,0.05660,0.05961,0.04613
7,0.02399,0.02852,0.02361,0.02517,0.02424,0.00729,0.02261,0.03287,0.02140,0.00679,0.02175,0.02251,0.01001,0.02242,0.00639,0.03725,0.61755,0.00937,0.01654,0.01971
8,0.04149,0.16260,0.00572,0.00803,0.00606,0.00560,0.00473,0.14588,0.00579,0.17613,0.00948,0.00689,0.07898,0.00433,0.00481,0.03572,0.13002,0.15821,0.00417,0.00535
9,0.01249,0.02468,0.02190,0.04618,0.02429,0.59931,0.02315,0.02240,0.03300,0.00731,0.03248,0.03603,0.01067,0.03107,0.00879,0.00992,0.01311,0.00723,0.01536,0.02060
10,0.05120,0.10538,0.05522,0.14346,0.03651,0.01334,0.01603,0.09092,0.01271,0.02437,0.03354,0.01942,0.00266,0.13156,0.02651,0.02061,0.00710,0.10631,0.05234,0.05081
11,0.01807,0.01426,0.01715,0.06285,0.03343,0.01847,0.07579,0.11474,0.12373,0.06901,0.14147,0.05425,0.00456,0.06500,0.06884,0.01401,0.02619,0.05573,0.00645,0.01600
12,0.02454,0.04061,0.06828,0.04968,0.03025,0.00837,0.08346,0.04783,0.05915,0.01874,0.04057,0.08306,0.06216,0.06722,0.05998,0.02052,0.04573,0.01096,0.14399,0.03489
13,0.01403,0.03527,0.05502,0.05534,0.05120,0.00779,0.10116,0.03828,0.25350,0.01363,0.02970,0.06144,0.02013,0.03146,0.05338,0.01416,0.04882,0.01237,0.02062,0.08271
14,0.05904,0.01607,0.00828,0.00827,0.10074,0.07922,0.09036,0.03909,0.03881,0.03913,0.12376,0.06594,0.00169,0.03214,0.03080,0.07800,0.06925,0.05010,0.02802,0.04127
15,0.11974,0.05136,0.00859,0.07104,0.00513,0.04786,0.04583,0.00726,0.09360,0.04244,0.07283,0.08211,0.00313,0.04904,0.11973,0.10503,0.04732,0.01846,0.00353,0.00597
16,0.00620,0.01765,0.01663,0.01625,0.01321,0.00550,0.01376,0.16423,0.01441,0.24454,0.15531,0.01812,0.08672,0.01411,0.00558,0.00509,0.01281,0.16653,0.00991,0.01344
17,0.09269,0.03222,0.00559,0.02143,0.01519,0.07100,0.04401,0.02943,0.01930,0.03544,0.04391,0.26241,0.00953,0.04923,0.02409,0.15277,0.00675,0.02765,0.01690,0.04046
18,0.04884,0.05781,0.03170,0.05538,0.02383,0.08019,0.09963,0.06436,0.02984,0.07532,0.04226,0.03433,0.00177,0.07313,0.05788,0.08458,0.06944,0.03576,0.01147,0.02246
19,0.01023,0.04122,0.02634,0.01575,0.07197,0.01067,0.01353,0.03900,0.01792,0.30140,0.27159,0.01771,0.00651,0.07299,0.00393,0.00488,0.01662,0.00456,0.00990,0.04328
20,0.12378,0.06616,0.06537,0.03727,0.00773,0.07442,0.02697,0.01074,0.01610,0.04743,0.03857,0.06423,0.10924,0.08948,0.02123,0.11037,0.02084,0.05358,0.00655,0.00993
21,0.08616,0.01764,0.04470,0.01737,0.00890,0.07291,0.05034,0.00905,0.01840,0.03069,0.04973,0.06400,0.05093,0.13180,0.08424,0.13817,0.09349,0.01222,0.01037,0.00890
22,0.05461,0.07076,0.05653,0.04412,0.06384,0.05848,0.05826,0.02074,0.01381,0.05262,0.09457,0.03068,0.07097,0.09294,0.02791,0.03320,0.05059,0.05436,0.01332,0.03770
23,0.05666,0.07880,0.10013,0.11675,0.01063,0.08656,0.04801,0.01614,0.00471,0.01212,0.01879,0.09425,0.00915,0.19685,0.00375,0.04112,0.06408,0.01888,0.01049,0.01211
24,0.01916,0.01594,0.04424,0.02204,0.20558,0.00853,0.06902,0.06135,0.02833,0.00559,0.01911,0.04508,0.06238,0.03860,0.00860,0.00704,0.02690,0.00657,0.18907,0.11685
25,0.04371,0.02146,0.02017,0.01738,0.07652,0.01512,0.10983,0.07774,0.02219,0.06304,0.06773,0.07352,0.00531,0.09109,0.03777,0.07130,0.06271,0.03743,0.01043,0.07553
26,0.01795,0.01159,0.01884,0.05780,0.01032,0.00263,0.02065,0.01139,0.15551,0.00312,0.02226,0.14163,0.07205,0.08907,0.08043,0.12993,0.11443,0.02656,0.00350,0.01033
27,0.01771,0.02394,0.04451,0.02274,0.08756,0.01053,0.16119,0.04179,0.02915,0.01011,0.02859,0.04242,0.02137,0.03877,0.01105,0.01270,0.01926,0.01182,0.02363,0.34118
28,0.01375,0.04362,0.03515,0.17070,0.01560,0.01222,0.06387,0.11207,0.25646,0.00759,0.02200,0.03748,0.01710,0.04551,0.05914,0.01038,0.02099,0.01149,0.01898,0.02589
29,0.14704,0.03413,0.01280,0.00863,0.01450,0.04343,0.05057,0.02208,0.13893,0.04877,0.04362,0.04085,0.00952,0.05779,0.14593,0.06713,0.04745,0.04644,0.00640,0.01399
30,0.13633,0.28267,0.04668,0.02454,0.02477,0.00991,0.02575,0.02378,0.01846,0.00843,0.01984,0.07639,0.00515,0.02828,0.01623,0.15112,0.05788,0.00888,0.01653,0.01836
31,0.17430,0.03603,0.03187,0.03142,0.02926,0.31069,0.03752,0.03429,0.02929,0.01039,0.02859,0.03420,0.01607,0.04825,0.01099,0.04504,0.01590,0.01521,0.02591,0.03476
32,0.01449,0.14168,0.03590,0.04049,0.02948,0.01068,0.03133,0.22592,0.02638,0.00940,0.03337,0.06656,0.01505,0.04268,0.00881,0.03544,0.08461,0.07668,0.03052,0.04054
33,0.04877,0.02684,0.01657,0.01075,0.01290,0.00620,0.02989,0.08926,0.03271,0.10451,0.02549,0.06438,0.00507,0.06410,0.02598,0.07490,0.13013,0.02230,0.19074,0.01851
34,0.02890,0.03138,0.10160,0.34030,0.03811,0.11249,0.03085,0.03001,0.03327,0.01144,0.02788,0.02614,0.01355,0.04697,0.01198,0.01663,0.01690,0.01240,0.03957,0.02962
35,0.04026,0.10773,0.02256,0.01481,0.01448,0.00490,0.01439,0.23890,0.02343,0.00414,0.00696,0.02361,0.03861,0.01658,0.00471,0.00903,0.15688,0.22792,0.00958,0.02054
36,0.13322,0.05358,0.04044,0.02147,0.05603,0.06261,0.08628,0.04177,0.02787,0.01214,0.06871,0.06255,0.05024,0.03953,0.02193,0.09135,0.03169,0.05335,0.02192,0.02333
37,0.02400,0.06735,0.05754,0.02819,0.03679,0.00946,0.05120,0.06427,0.04428,0.01751,0.03701,0.13733,0.04996,0.04193,0.17743,0.01234,0.03137,0.01421,0.03933,0.05849
38,0.06247,0.02307,0.26507,0.13934,0.02172,0.04476,0.01031,0.06005,0.03481,0.02070,0.01361,0.10665,0.00313,0.01340,0.00449,0.02085,0.08586,0.03534,0.01662,0.01775
39,0.02529,0.01348,0.10092,0.16885,0.01785,0.05674,0.03083,0.08299,0.00467,0.03593,0.06584,0.02861,0.09048,0.10594,0.00533,0.03252,0.05259,0.06589,0.00756,0.00769
40,0.34010,0.02483,0.03444,0.02230,0.02727,0.01215,0.04409,0.03468,0.03170,0.00897,0.03206,0.02668,0.01835,0.03555,0.00957,0.12775,0.01606,0.07601,0.05501,0.02245
41,0.09177,0.04915,0.01190,0.01612,0.01251,0.01029,0.00938,0.10949,0.03594,0.03112,0.09272,0.01349,0.00330,0.03542,0.14981,0.04277,0.08894,0.17531,0.00874,0.01181
42,0.11729,0.04088,0.01144,0.01475,0.01068,0.03458,0.07517,0.03144,0.01221,0.04417,0.08221,0.08796,0.00144,0.11152,0.09898,0.05292,0.10592,0.03244,0.02136,0.01264
43,0.23161,0.16666,0.02354,0.01744,0.01805,0.00553,0.05151,0.02870,0.02906,0.07281,0.12698,0.02113,0.00973,0.02618,0.03844,0.06094,0.00392,0.02491,0.02271,0.02016
44,0.01062,0.01833,0.01521,0.02179,0.08418,0.01202,0.05216,0.23696,0.01991,0.26834,0.08897,0.01234,0.00756,0.01829,0.00500,0.00503,0.00789,0.06486,0.02551,0.02503
45,0.07127,0.03609,0.05511,0.05897,0.02992,0.03318,0.05455,0.04152,0.09106,0.08085,0.07923,0.05511,0.00171,0.06931,0.02409,0.07449,0.06056,0.04858,0.01355,0.02086
46,0.03390,0.06290,0.13491,0.11822,0.01246,0.08550,0.05011,0.01965,0.00844,0.07736,0.02961,0.08079,0.00236,0.06412,0.01160,0.10643,0.05135,0.01576,0.01211,0.02242
47,0.03332,0.07363,0.01342,0.00884,0.00970,0.20184,0.09192,0.00939,0.06330,0.01660,0.04441,0.07555,0.00377,0.15289,0.08865,0.07518,0.00439,0.00910,0.01568,0.00841
48,0.05266,0.06122,0.04996,0.02727,0.07121,0.01794,0.06511,0.06065,0.02620,0.04769,0.02148,0.05905,0.03251,0.09932,0.01633,0.01186,0.07100,0.06492,0.01981,0.12381
49,0.03798,0.03945,0.14122,0.05418,0.07621,0.03241,0.01379,0.04047,0.09025,0.07879,0.02566,0.04374,0.02235,0.03158,0.02913,0.03885,0.06415,0.04178,0.03724,0.06076
50,0.05066,0.06101,0.11077,0.03542,0.03348,0.05636,0.05166,0.00524,0.03767,0.02776,0.03641,0.24413,0.00284,0.06566,0.01264,0.05256,0.06005,0.02792,0.01350,0.01427
51,0.08070,0.03021,0.01928,0.08697,0.00997,0.18317,0.10610,0.01104,0.05304,0.03169,0.04125,0.05344,0.00370,0.06656,0.01623,0.14580,0.02364,0.01417,0.01330,0.00973
52,0.00965,0.02355,0.02094,0.17890,0.02450,0.39257,0.02177,0.02669,0.02697,0.00768,0.02746,0.02792,0.00979,0.04515,0.07287,0.00846,0.01078,0.01342,0.02490,0.02602
53,0.01328,0.01185,0.01170,0.01252,0.30695,0.00550,0.25838,0.01114,0.01017,0.00289,0.00983,0.01177,0.00299,0.03219,0.03020,0.00386,0.00398,0.01124,0.05114,0.19840
54,0.24732,0.08009,0.02138,0.01845,0.01433,0.00790,0.01147,0.01327,0.01572,0.00545,0.01670,0.00951,0.19812,0.01670,0.00563,0.16486,0.08473,0.03209,0.02147,0.01482
55,0.07442,0.01887,0.01670,0.02669,0.01807,0.00872,0.01953,0.05113,0.01600,0.02826,0.03166,0.01416,0.15304,0.01801,0.00840,0.00603,0.01162,0.44343,0.02180,0.01346
56,0.00966,0.02319,0.02049,0.04016,0.05496,0.01404,0.01524,0.03191,0.03717,0.00979,0.04294,0.02122,0.06596,0.02519,0.00899,0.48943,0.00824,0.01392,0.03699,0.03051
57,0.01089,0.09769,0.03730,0.02433,0.03641,0.00948,0.02218,0.03240,0.02121,0.02699,0.08227,0.02629,0.00480,0.02370,0.35988,0.06078,0.03343,0.03602,0.02045,0.03351
58,0.01220,0.02905,0.02620,0.01547,0.03400,0.57940,0.02148,0.03198,0.03593,0.00874,0.03970,0.02671,0.00986,0.02676,0.00705,0.01033,0.01334,0.01601,0.02960,0.02620
59,0.19405,0.08075,0.01998,0.02014,0.01909,0.01384,0.01028,0.04396,0.01744,0.00572,0.01602,0.03068,0.00751,0.01420,0.00979,0.19688,0.09944,0.15342,0.01491,0.03190
60,0.09851,0.02280,0.02541,0.02397,0.10728,0.03504,0.03866,0.03680,0.04124,0.00925,0.02855,0.04952,0.02243,0.02692,0.00774,0.26369,0.04726,0.03553,0.01924,0.06014
61,0.02031,0.02734,0.04496,0.01045,0.03337,0.01127,0.05923,0.03643,0.35673,0.01062,0.05208,0.10475,0.03592,0.02875,0.05246,0.01413,0.02510,0.01134,0.02584,0.03891
62,0.00727,0.01639,0.01613,0.02314,0.31452,0.00830,0.01161,0.06047,0.01561,0.36256,0.01657,0.01022,0.05418,0.01732,0.00719,0.00502,0.00611,0.01522,0.01923,0.01292
63,0.19795,0.04335,0.02168,0.04691,0.01747,0.05820,0.00630,0.02852,0.03448,0.01317,0.09776,0.00615,0.00202,0.08991,0.06556,0.17893,0.03667,0.02894,0.01991,0.00614
64,0.01404,0.02550,0.02805,0.02913,0.07013,0.02194,0.01877,0.02255,0.02276,0.00950,0.02151,0.01988,0.00912,0.02063,0.10351,0.01009,0.01141,0.01453,0.49705,0.02988
65,0.01180,0.02076,0.02729,0.03216,0.01813,0.01198,0.02155,0.02565,0.02443,0.32603,0.24483,0.02271,0.00882,0.03478,0.01036,0.05619,0.01328,0.01565,0.04511,0.02846
66,0.23789,0.03955,0.02603,0.03939,0.03057,0.01449,0.01928,0.02187,0.02608,0.00605,0.01402,0.01934,0.00693,0.02712,0.00737,0.02864,0.12184,0.25945,0.02189,0.03219
67,0.00939,0.04477,0.10302,0.42352,0.02975,0.03511,0.02542,0.02866,0.10124,0.00778,0.03227,0.01523,0.00681,0.02400,0.02680,0.01081,0.00976,0.01749,0.02668,0.02147
68,0.01620,0.03100,0.03160,0.03758,0.02813,0.04424,0.01759,0.02144,0.11883,0.00902,0.03092,0.02101,0.01039,0.02984,0.45480,0.01510,0.01203,0.01688,0.02911,0.02428
69,0.10827,0.01374,0.06884,0.06355,0.01573,0.50306,0.00753,0.01224,0.01539,0.00445,0.01628,0.05119,0.00362,0.01632,0.02459,0.02912,0.00517,0.00931,0.01878,0.01282
70,0.00783,0.06894,0.01141,0.01595,0.10501,0.01247,0.07186,0.05646,0.01039,0.25002,0.12566,0.00782,0.00284,0.00908,0.00485,0.00356,0.00493,0.00682,0.02063,0.20348
71,0.00941,0.06546,0.02228,0.02368,0.02601,0.01011,0.01202,0.10948,0.02034,0.20888,0.16064,0.01491,0.06340,0.02282,0.02117,0.00658,0.04112,0.12543,0.01740,0.01886
72,0.05921,0.12111,0.17914,0.16441,0.03448,0.05281,0.02050,0.01277,0.03893,0.05324,0.01772,0.01466,0.01471,0.04624,0.01351,0.04076,0.05449,0.04161,0.00990,0.00980
73,0.02136,0.05883,0.04693,0.03195,0.05418,0.01273,0.07769,0.04865,0.03558,0.02362,0.09891,0.04516,0.19677,0.09979,0.01241,0.00562,0.03116,0.01447,0.02358,0.06060
74,0.03373,0.14772,0.01330,0.02073,0.14096,0.03625,0.02084,0.05961,0.01214,0.09199,0.07614,0.02638,0.00660,0.03266,0.00553,0.00844,0.01028,0.06118,0.04055,0.15496
75,0.01818,0.03912,0.03772,0.02028,0.02941,0.46547,0.02837,0.04451,0.04004,0.01193,0.03316,0.02959,0.01198,0.03364,0.04934,0.01255,0.01401,0.01837,0.02815,0.03417
76,0.02222,0.05414,0.01478,0.00390,0.05260,0.00654,0.30838,0.00935,0.09301,0.02828,0.04253,0.00697,0.00411,0.01194,0.18287,0.02487,0.02096,0.01118,0.00915,0.09223
77,0.01371,0.35565,0.01916,0.02857,0.01254,0.02785,0.01198,0.00444,0.02024,0.03684,0.01796,0.00987,0.00583,0.01467,0.00743,0.00556,0.22451,0.14815,0.02431,0.01072
78,0.05170,0.15140,0.03066,0.01564,0.03865,0.01624,0.01436,0.12972,0.02468,0.04318,0.17531,0.01233,0.00665,0.01788,0.00667,0.00586,0.03472,0.19497,0.01503,0.01434
79,0.01017,0.03546,0.52073,0.02510,0.03704,0.03032,0.01915,0.03395,0.04333,0.01390,0.03826,0.04557,0.01003,0.03779,0.01076,0.00990,0.01103,0.01374,0.03040,0.02336
80,0.01064,0.02840,0.02370,0.02694,0.01679,0.01276,0.03012,0.14276,0.03168,0.41811,0.08215,0.02093,0.02800,0.02598,0.01644,0.00724,0.00851,0.01199,0.03058,0.02628
81,0.01595,0.08143,0.02791,0.04233,0.02770,0.45223,0.02468,0.02434,0.03678,0.00870,0.03336,0.02672,0.01173,0.03756,0.02280,0.01026,0.01628,0.01144,0.06176,0.02606
82,0.27342,0.38970,0.01701,0.02200,0.01160,0.00796,0.01685,0.01752,0.01868,0.00445,0.01649,0.01609,0.00524,0.01613,0.03529,0.08180,0.01330,0.00759,0.00871,0.02015
83,0.00919,0.02267,0.11003,0.03472,0.02962,0.49836,0.01949,0.02451,0.03578,0.01083,0.03712,0.01672,0.00976,0.03293,0.00785,0.00639,0.00993,0.01918,0.04281,0.02211
84,0.02207,0.04011,0.04547,0.03911,0.05341,0.01932,0.09098,0.12263,0.02977,0.02731,0.07461,0.02817,0.07918,0.06921,0.10774,0.00980,0.04164,0.02122,0.03975,0.03850
85,0.01994,0.05639,0.04748,0.02577,0.06084,0.09761,0.09512,0.07685,0.03212,0.02625,0.04975,0.08419,0.02421,0.07607,0.03165,0.03252,0.03516,0.01382,0.02541,0.08884
86,0.01254,0.01598,0.00965,0.06184,0.03136,0.45041,0.01541,0.04157,0.07000,0.01093,0.06550,0.03723,0.00595,0.04294,0.00839,0.01634,0.01271,0.01748,0.04828,0.02551
87,0.01877,0.02226,0.04837,0.05937,0.04571,0.01496,0.02818,0.05153,0.04992,0.01396,0.03949,0.04153,0.00910,0.02816,0.02667,0.01237,0.01734,0.02453,0.40252,0.04524
88,0.18463,0.14118,0.01394,0.02245,0.01587,0.12070,0.00936,0.01095,0.02529,0.00522,0.02063,0.02070,0.00274,0.01983,0.01892,0.30818,0.01434,0.01028,0.01999,0.01480
89,0.00634,0.09775,0.01886,0.01428,0.14325,0.00589,0.06972,0.01103,0.01442,0.01037,0.01396,0.01027,0.00760,0.20479,0.00406,0.00443,0.00546,0.00615,0.02905,0.32233
90,0.01457,0.09712,0.03873,0.04198,0.03032,0.01196,0.10965,0.02333,0.04532,0.04688,0.03079,0.02238,0.01032,0.04181,0.01074,0.00788,0.01035,0.01359,0.05850,0.33379
91,0.09913,0.07523,0.00315,0.00619,0.00641,0.01207,0.00391,0.17235,0.00971,0.04562,0.18370,0.00393,0.00093,0.00573,0.00195,0.08846,0.08873,0.18186,0.00629,0.00465
92,0.41815,0.14955,0.01090,0.03046,0.02173,0.08801,0.01114,0.02529,0.03251,0.00726,0.04046,0.01850,0.00379,0.02466,0.00645,0.02349,0.00616,0.01955,0.03861,0.02333
93,0.07635,0.03139,0.00917,0.01807,0.00884,0.18021,0.01698,0.02103,0.01445,0.00325,0.01238,0.00757,0.00196,0.01439,0.00420,0.13756,0.39603,0.02202,0.01427,0.00987
94,0.03767,0.06529,0.10861,0.01170,0.00951,0.02472,0.08625,0.15558,0.00978,0.09666,0.01203,0.12337,0.00262,0.10995,0.00307,0.03982,0.01444,0.06355,0.01471,0.01070
95,0.04750,0.04037,0.00572,0.00776,0.00649,0.07245,0.02549,0.04320,0.08650,0.06657,0.10899,0.06459,0.04710,0.06297,0.13090,0.06469,0.06183,0.04594,0.00691,0.00399
96,0.02910,0.01640,0.01935,0.14906,0.12271,0.00687,0.09033,0.03177,0.03450,0.06618,0.01406,0.04134,0.07922,0.01780,0.01677,0.03084,0.09209,0.02055,0.09149,0.02957
97,0.00914,0.07389,0.06504,0.02352,0.06172,0.00463,0.10172,0.06615,0.08671,0.01424,0.04307,0.09402,0.03118,0.05490,0.01351,0.02272,0.02853,0.10186,0.03393,0.06951
98,0.01390,0.03952,0.03462,0.02658,0.05077,0.01367,0.02964,0.17379,0.01644,0.00422,0.01960,0.02057,0.00760,0.43924,0.02197,0.01372,0.00807,0.01388,0.03146,0.02076
99,0.03134,0.04675,0.24433,0.28992,0.01961,0.02849,0.00934,0.03504,0.00755,0.07552,0.06796,0.01304,0.00395,0.02182,0.00628,0.00443,0.00527,0.05834,0.01786,0.01314
100,0.01798,0.17781,0.02055,0.02609,0.02149,0.02099,0.02493,0.15955,0.02986,0.00517,0.00711,0.02728,0.00581,0.02116,0.00737,0.00689,0.00944,0.36347,0.02859,0.01845
101,0.04344,0.07123,0.00918,0.01328,0.05837,0.04392,0.07049,0.03309,0.13698,0.08195,0.05533,0.04772,0.00112,0.07093,0.09357,0.06474,0.00945,0.02959,0.02031,0.04531
102,0.03444,0.01384,0.02021,0.04008,0.01356,0.68312,0.01075,0.01781,0.02497,0.00469,0.02165,0.01516,0.00429,0.01677,0.00884,0.00870,0.00736,0.01583,0.02409,0.01383
103,0.00643,0.00639,0.00945,0.01824,0.20749,0.00647,0.03619,0.04510,0.01725,0.05911,0.01937,0.01264,0.00248,0.01115,0.00446,0.00367,0.00332,0.03035,0.25508,0.24536
104,0.00490,0.02868,0.02184,0.04391,0.02530,0.01453,0.00947,0.03940,0.02578,0.00717,0.02686,0.01575,0.00443,0.01779,0.00618,0.04192,0.59748,0.01290,0.03733,0.01837
105,0.07721,0.04942,0.01939,0.03446,0.00974,0.01145,0.06133,0.04049,0.11260,0.02582,0.04157,0.10218,0.00140,0.09404,0.07571,0.06931,0.05759,0.04007,0.04367,0.03255
106,0.26570,0.01362,0.01427,0.10458,0.01104,0.38911,0.00861,0.01708,0.01776,0.00531,0.02076,0.01520,0.00678,0.01864,0.01323,0.02430,0.01620,0.00824,0.01877,0.01079
107,0.08502,0.05285,0.04512,0.04034,0.02397,0.41125,0.01489,0.02963,0.04371,0.04015,0.03304,0.02275,0.01238,0.03301,0.00704,0.01033,0.02084,0.01667,0.03103,0.02598
108,0.16030,0.09741,0.02793,0.01716,0.02852,0.00586,0.09660,0.15408,0.04873,0.00508,0.02845,0.01620,0.08702,0.02118,0.07629,0.02674,0.03717,0.03316,0.01494,0.01716
109,0.05025,0.06583,0.05581,0.06895,0.00858,0.10871,0.10308,0.00525,0.08833,0.00357,0.03154,0.09512,0.00125,0.08670,0.04023,0.09418,0.04732,0.01221,0.00412,0.02895
110,0.01548,0.01116,0.00781,0.01491,0.01506,0.01393,0.37477,0.00911,0.01101,0.00263,0.01140,0.00989,0.00140,0.41748,0.00363,0.00378,0.00278,0.00546,0.01434,0.05396
