site,A,C,D,E,F,G,H,I,K,L,M,N,P,Q,R,S,T,V,W,Y
0,0.01682,0.03806,0.03973,0.03061,0.01866,0.03871,0.02309,0.02242,0.12001,0.01227,0.02286,0.04580,0.02428,0.02281,0.43328,0.02874,0.01888,0.00872,0.01251,0.02175
1,0.01388,0.01713,0.01868,0.01354,0.02021,0.31975,0.13934,0.01914,0.01562,0.00788,0.01542,0.03582,0.19597,0.03810,0.03697,0.01315,0.03311,0.00735,0.00964,0.02929
2,0.00807,0.04288,0.06694,0.01561,0.01436,0.65646,0.01525,0.01765,0.01753,0.00608,0.01790,0.01697,0.00756,0.01798,0.00531,0.02516,0.01016,0.00889,0.01203,0.01720
3,0.09846,0.05525,0.01912,0.04017,0.02188,0.52947,0.02225,0.02400,0.01934,0.00659,0.02366,0.02327,0.00958,0.02401,0.01133,0.00721,0.01190,0.01122,0.01337,0.02793
4,0.04628,0.06355,0.03273,0.03228,0.03968,0.02761,0.04381,0.07764,0.05110,0.04884,0.03370,0.05837,0.00355,0.12907,0.05864,0.06800,0.06725,0.07659,0.01505,0.02626
5,0.12595,0.06509,0.01014,0.03196,0.01287,0.49269,0.00868,0.01207,0.01623,0.00327,0.01188,0.01277,0.00423,0.01311,0.01207,0.13121,0.00565,0.01055,0.00710,0.01245
6,0.04300,0.04104,0.12741,0.14974,0.04546,0.01248,0.03297,0.02684,0.01074,0.02579,0.05450,0.04640,0.00564,0.09975,0.00653,0.06133,0.05138,0.04782,0.05856,0.05263
7,0.04667,0.04660,0.01810,0.01931,0.01860,0.00560,0.01734,0.03202,0.01647,0.00522,0.01671,0.01693,0.01081,0.01719,0.00491,0.04449,0.62355,0.01164,0.01268,0.01515
8,0.03391,0.15989,0.00509,0.00719,0.00540,0.00755,0.00420,0.15971,0.00515,0.20208,0.00626,0.01030,0.05331,0.00383,0.00300,0.02665,0.11003,0.18801,0.00369,0.00473
9,0.00872,0.02003,0.01781,0.05567,0.01983,0.65168,0.01887,0.01820,0.02686,0.00593,0.02650,0.02929,0.00866,0.02526,0.01287,0.00806,0.01064,0.00586,0.01244,0.01681
10,0.05015,0.10781,0.06681,0.14007,0.02889,0.01373,0.02996,0.07081,0.01217,0.02894,0.03361,0.02982,0.00208,0.09671,0.02874,0.02595,0.01159,0.10985,0.06822,0.04409
11,0.04639,0.01721,0.01572,0.03143,0.03412,0.02161,0.06439,0.06697,0.14710,0.09260,0.11383,0.05814,0.00424,0.05400,0.06674,0.03625,0.03056,0.07918,0.00743,0.01209
12,0.02141,0.02955,0.05975,0.04423,0.04530,0.00902,0.07209,0.04157,0.05259,0.02266,0.03540,0.07309,0.05409,0.06696,0.03142,0.02043,0.03962,0.00970,0.18333,0.08781
13,0.01477,0.02932,0.04575,0.03144,0.04233,0.00680,0.13506,0.07133,0.29313,0.01351,0.02464,0.03050,0.01648,0.03022,0.06966,0.01627,0.03210,0.01027,0.01710,0.06932
14,0.06070,0.03558,0.02357,0.01714,0.05925,0.08190,0.08364,0.07155,0.02711,0.04895,0.10074,0.06490,0.00143,0.05280,0.02826,0.07360,0.06537,0.04309,0.02219,0.03824
15,0.10206,0.05223,0.01334,0.06141,0.00711,0.06085,0.03047,0.01843,0.10196,0.04351,0.05976,0.07699,0.00213,0.07179,0.11387,0.09883,0.05346,0.02437,0.00261,0.00481
16,0.00506,0.01288,0.01190,0.01172,0.00950,0.00394,0.01000,0.16337,0.01038,0.24053,0.19985,0.01298,0.03915,0.04153,0.00396,0.00366,0.03323,0.16955,0.00713,0.00971
17,0.09512,0.04255,0.02092,0.01404,0.01391,0.06965,0.04705,0.03472,0.02750,0.02911,0.04198,0.22268,0.00622,0.05286,0.03573,0.11521,0.04223,0.04328,0.01111,0.03413
18,0.05316,0.06570,0.04303,0.06112,0.03300,0.06750,0.07309,0.06493,0.03193,0.07247,0.05049,0.05006,0.00153,0.06463,0.04639,0.06658,0.06031,0.06027,0.01326,0.02056
19,0.01346,0.07385,0.01461,0.00873,0.12090,0.00592,0.03745,0.08320,0.01881,0.23823,0.19577,0.00981,0.00361,0.07234,0.00283,0.00890,0.00797,0.01009,0.00783,0.06567
20,0.09634,0.06759,0.09055,0.04310,0.00800,0.07179,0.04266,0.01995,0.01716,0.03507,0.03461,0.04380,0.07072,0.09176,0.01899,0.08726,0.06535,0.06117,0.00491,0.02922
21,0.08082,0.01529,0.03283,0.02415,0.00655,0.10319,0.05212,0.00931,0.02850,0.03162,0.05022,0.06178,0.07825,0.10224,0.06541,0.11380,0.09637,0.02334,0.01254,0.01165
22,0.04357,0.05633,0.03888,0.03712,0.05867,0.04279,0.05961,0.07267,0.01289,0.06256,0.07838,0.03729,0.08835,0.06533,0.01651,0.03457,0.04562,0.06691,0.02679,0.05515
23,0.04623,0.07670,0.12377,0.11000,0.02269,0.05958,0.05878,0.02259,0.01335,0.01959,0.05386,0.06855,0.01644,0.13627,0.00749,0.04922,0.04261,0.03991,0.01657,0.01580
24,0.01609,0.02775,0.03710,0.01859,0.24502,0.00714,0.08310,0.06405,0.02337,0.00284,0.01596,0.03718,0.05221,0.03215,0.00720,0.00389,0.02258,0.00679,0.11407,0.18290
25,0.08047,0.04038,0.02374,0.01407,0.05391,0.02228,0.09878,0.06668,0.01554,0.07732,0.06830,0.08704,0.00632,0.05983,0.04020,0.06800,0.04827,0.04775,0.00596,0.07516
26,0.00913,0.02613,0.03269,0.02732,0.00904,0.00262,0.03340,0.02149,0.10164,0.01032,0.04707,0.13333,0.06620,0.12076,0.06863,0.12613,0.12464,0.02497,0.00387,0.01063
27,0.01229,0.01744,0.03645,0.01586,0.29527,0.00735,0.07906,0.02902,0.02034,0.00704,0.02095,0.02627,0.01487,0.02711,0.00772,0.01039,0.01344,0.00823,0.01654,0.33435
28,0.01361,0.02584,0.02664,0.08891,0.01229,0.00898,0.05836,0.08799,0.26471,0.00606,0.01623,0.03602,0.01273,0.03882,0.17533,0.00877,0.03847,0.01725,0.01371,0.04930
29,0.08785,0.02908,0.01186,0.02702,0.01674,0.03856,0.03682,0.04000,0.16906,0.04499,0.03288,0.05395,0.00893,0.06315,0.15832,0.07412,0.04633,0.03865,0.00581,0.01587
30,0.17361,0.15892,0.03008,0.01932,0.01804,0.01506,0.05576,0.02863,0.01478,0.01888,0.01572,0.14692,0.00836,0.02499,0.01631,0.14914,0.06499,0.01441,0.01246,0.01363
31,0.20842,0.06683,0.01784,0.02313,0.02167,0.30272,0.03192,0.02536,0.02164,0.00767,0.02126,0.04856,0.01191,0.03699,0.00861,0.07465,0.01173,0.01421,0.01915,0.02576
32,0.01201,0.14933,0.02969,0.03539,0.02811,0.00890,0.02658,0.25776,0.02169,0.00829,0.02434,0.05930,0.01250,0.03431,0.00741,0.01743,0.08917,0.11709,0.02609,0.03463
33,0.05162,0.02420,0.01270,0.00839,0.01459,0.00510,0.09972,0.04169,0.02050,0.08688,0.03370,0.03316,0.00601,0.06833,0.02295,0.08214,0.13034,0.03416,0.18094,0.04286
34,0.01804,0.02672,0.13006,0.40206,0.03357,0.08149,0.02625,0.02557,0.01781,0.00992,0.02832,0.02271,0.01172,0.03556,0.01034,0.01320,0.01464,0.03183,0.03446,0.02573
35,0.04779,0.08935,0.02097,0.01768,0.01371,0.00661,0.01367,0.21272,0.02200,0.00791,0.01439,0.01968,0.03308,0.01576,0.00446,0.01177,0.13335,0.28644,0.00897,0.01967
36,0.11349,0.06206,0.02693,0.03776,0.04402,0.03502,0.05544,0.03131,0.02199,0.04253,0.08490,0.08310,0.06428,0.07436,0.01580,0.05881,0.04929,0.05028,0.01535,0.03326
37,0.02160,0.06102,0.05190,0.02544,0.03314,0.00766,0.04637,0.05856,0.03644,0.01579,0.03335,0.13476,0.04504,0.03791,0.23239,0.02950,0.02827,0.01288,0.03497,0.05301
38,0.07088,0.02540,0.22636,0.20035,0.02330,0.04083,0.02182,0.04743,0.01671,0.02094,0.02536,0.09340,0.00339,0.02241,0.00487,0.02870,0.05586,0.03200,0.02113,0.01885
39,0.03067,0.01251,0.11714,0.19549,0.01351,0.03886,0.04491,0.06993,0.00538,0.04413,0.06056,0.03750,0.07057,0.08880,0.00665,0.02937,0.05533,0.05696,0.00832,0.01341
40,0.38047,0.02059,0.02922,0.01844,0.02252,0.01255,0.03673,0.02887,0.02626,0.00745,0.02655,0.02202,0.01788,0.02952,0.00792,0.15848,0.02207,0.06829,0.04563,0.01856
41,0.06092,0.02597,0.00796,0.01069,0.00836,0.00527,0.00968,0.11674,0.17723,0.02843,0.06696,0.01230,0.00337,0.08637,0.13245,0.04390,0.07239,0.11724,0.00587,0.00790
42,0.10860,0.03924,0.01684,0.03202,0.01121,0.02789,0.06144,0.05526,0.02203,0.06018,0.06919,0.08938,0.00098,0.09015,0.09080,0.07076,0.08760,0.04179,0.01118,0.01346
43,0.28876,0.10967,0.01690,0.02976,0.02265,0.00934,0.04302,0.03043,0.03044,0.04903,0.11511,0.03349,0.00657,0.04432,0.02827,0.05870,0.00510,0.02668,0.02253,0.02925
44,0.01296,0.01746,0.01389,0.01991,0.11694,0.01092,0.03919,0.19131,0.01800,0.32158,0.08489,0.01193,0.01005,0.02041,0.00852,0.00460,0.00761,0.04694,0.02345,0.01944
45,0.06577,0.04145,0.04665,0.05551,0.02552,0.04296,0.06771,0.03957,0.08321,0.07795,0.06263,0.06093,0.00122,0.07691,0.03758,0.06868,0.05299,0.03965,0.01260,0.04051
46,0.05482,0.07524,0.14250,0.10604,0.01473,0.05936,0.05046,0.02590,0.01397,0.03960,0.03142,0.06867,0.00195,0.10555,0.01354,0.10124,0.05253,0.02133,0.00896,0.01221
47,0.04049,0.05922,0.01122,0.01182,0.01338,0.22607,0.08067,0.00816,0.08233,0.01544,0.05485,0.14392,0.00333,0.10420,0.05856,0.05392,0.00477,0.00607,0.01383,0.00774
48,0.03289,0.09938,0.05026,0.03375,0.09673,0.01171,0.05291,0.05999,0.02292,0.05227,0.02860,0.09275,0.03964,0.06179,0.02399,0.01707,0.06960,0.07049,0.01676,0.06650
49,0.04312,0.04747,0.08503,0.03281,0.08255,0.02186,0.02414,0.03469,0.08363,0.07459,0.04479,0.04858,0.01556,0.04298,0.03747,0.04649,0.05705,0.04837,0.03862,0.09020
50,0.04533,0.06120,0.14433,0.04509,0.03105,0.03976,0.07422,0.03890,0.02663,0.02351,0.03180,0.13485,0.00334,0.04360,0.00964,0.05216,0.07103,0.06899,0.02959,0.02500
51,0.11769,0.04383,0.01937,0.11362,0.01008,0.17278,0.05325,0.00835,0.04003,0.02969,0.02974,0.04694,0.00282,0.04281,0.01743,0.16751,0.05259,0.01394,0.01014,0.00739
52,0.00937,0.02288,0.02035,0.06895,0.02380,0.53972,0.02116,0.02595,0.02616,0.00746,0.02668,0.02714,0.00951,0.04369,0.04694,0.00821,0.01046,0.01214,0.02417,0.02526
53,0.01044,0.01125,0.00907,0.00978,0.25297,0.00433,0.26763,0.01013,0.00793,0.00285,0.00995,0.00812,0.00216,0.02084,0.02262,0.00301,0.00352,0.01287,0.09096,0.23955
54,0.25608,0.09198,0.01554,0.01545,0.01143,0.00790,0.00936,0.01093,0.01253,0.00437,0.01356,0.00932,0.22484,0.01321,0.00449,0.15544,0.09429,0.01969,0.01734,0.01227
55,0.03641,0.02989,0.01397,0.02498,0.01516,0.00796,0.01655,0.02095,0.01360,0.02008,0.02684,0.01181,0.20391,0.01507,0.00708,0.00510,0.01096,0.48955,0.01879,0.01137
56,0.00835,0.01900,0.01691,0.03277,0.05435,0.01151,0.01244,0.02610,0.03053,0.00805,0.03526,0.01754,0.04992,0.02066,0.00741,0.54784,0.00729,0.01142,0.03045,0.05221
57,0.01139,0.08324,0.03346,0.02182,0.03260,0.01071,0.01994,0.02902,0.02271,0.01537,0.04057,0.02358,0.00607,0.02789,0.44049,0.06498,0.03144,0.01985,0.03482,0.03004
58,0.01247,0.02328,0.02091,0.02922,0.02717,0.62283,0.01724,0.02551,0.02871,0.00698,0.03179,0.02129,0.00792,0.02134,0.02807,0.00874,0.01069,0.01123,0.02370,0.02090
59,0.15527,0.08814,0.01708,0.01719,0.01596,0.00969,0.00878,0.02413,0.01489,0.00484,0.01349,0.03061,0.00593,0.01198,0.00930,0.22377,0.18664,0.12290,0.01263,0.02678
60,0.11352,0.06180,0.02293,0.03487,0.10263,0.02284,0.03411,0.03135,0.03533,0.00791,0.02284,0.04363,0.01941,0.02353,0.00668,0.27786,0.04175,0.02864,0.01634,0.05203
61,0.02713,0.02318,0.03829,0.02945,0.02846,0.00957,0.05019,0.03093,0.41289,0.00902,0.03779,0.06643,0.03046,0.04558,0.06179,0.01279,0.02135,0.00962,0.02201,0.03308
62,0.00634,0.01433,0.01395,0.02018,0.25610,0.00724,0.01567,0.10317,0.01369,0.41098,0.01440,0.00885,0.02029,0.01518,0.00575,0.00460,0.00530,0.03618,0.01659,0.01120
63,0.17284,0.04978,0.01842,0.05736,0.01664,0.07711,0.00534,0.02558,0.02377,0.02573,0.08825,0.00638,0.00131,0.08912,0.05713,0.12842,0.05776,0.05976,0.01971,0.01958
64,0.01111,0.02575,0.02270,0.02318,0.09285,0.01410,0.01503,0.01792,0.01806,0.00728,0.01739,0.01577,0.00728,0.01649,0.07100,0.00706,0.00912,0.01165,0.53429,0.06197
65,0.00981,0.02290,0.02278,0.02734,0.02185,0.01014,0.01834,0.02760,0.02087,0.37245,0.26982,0.01897,0.00709,0.02870,0.00886,0.03169,0.01103,0.01454,0.03093,0.02428
66,0.23025,0.08665,0.01944,0.02139,0.02263,0.01269,0.01570,0.02970,0.01934,0.00553,0.01534,0.01441,0.00516,0.02017,0.00549,0.03976,0.14190,0.25445,0.01622,0.02378
67,0.00781,0.02983,0.07500,0.39120,0.02084,0.01329,0.01765,0.02032,0.28324,0.00541,0.02203,0.01061,0.00462,0.01663,0.01830,0.00936,0.00673,0.01428,0.01817,0.01468
68,0.01395,0.02677,0.02742,0.03271,0.02441,0.05109,0.01514,0.03255,0.06684,0.00783,0.02676,0.01815,0.00900,0.02594,0.52601,0.02415,0.01038,0.01464,0.02530,0.02096
69,0.10663,0.01305,0.06166,0.03009,0.01366,0.56349,0.00640,0.01044,0.01310,0.00379,0.01388,0.05264,0.00308,0.01565,0.02129,0.03007,0.00439,0.00986,0.01596,0.01087
70,0.00494,0.02522,0.00841,0.01178,0.15817,0.00929,0.05229,0.06244,0.00763,0.27179,0.13724,0.00660,0.00211,0.00678,0.00359,0.00404,0.00365,0.00745,0.02140,0.19518
71,0.02629,0.21964,0.01623,0.01729,0.04687,0.00763,0.00886,0.09000,0.01538,0.19671,0.14277,0.01101,0.02703,0.01411,0.01183,0.00496,0.03624,0.07989,0.01299,0.01428
72,0.04678,0.06228,0.12655,0.16186,0.03301,0.06645,0.09105,0.02381,0.02325,0.05115,0.03132,0.02168,0.01078,0.06084,0.01135,0.04629,0.04649,0.03075,0.02539,0.02891
73,0.01825,0.06399,0.04079,0.02809,0.04727,0.01109,0.09657,0.04248,0.03067,0.02759,0.06498,0.04009,0.23524,0.08709,0.01069,0.01949,0.04961,0.01297,0.02049,0.05256
74,0.02486,0.10418,0.00856,0.04085,0.11200,0.03640,0.04310,0.07756,0.00734,0.11271,0.10436,0.02917,0.00403,0.02981,0.00352,0.01919,0.01796,0.08073,0.02267,0.12101
75,0.01374,0.03205,0.03098,0.04021,0.02443,0.53248,0.02337,0.03679,0.03281,0.00993,0.02749,0.02444,0.00998,0.02782,0.03234,0.01040,0.01165,0.01427,0.03664,0.02816
76,0.04060,0.05477,0.01037,0.00234,0.06485,0.00476,0.23438,0.01036,0.10213,0.04090,0.03472,0.01084,0.00347,0.02462,0.16072,0.03713,0.02210,0.02090,0.01949,0.10055
77,0.01141,0.24914,0.01828,0.02840,0.01308,0.03197,0.01121,0.03125,0.01955,0.06149,0.01687,0.00991,0.00573,0.01332,0.00701,0.00535,0.23530,0.19614,0.02412,0.01047
78,0.04814,0.15331,0.02119,0.01144,0.03888,0.00863,0.01051,0.15741,0.01821,0.06219,0.15032,0.00906,0.00486,0.01312,0.00491,0.00431,0.06152,0.18819,0.01102,0.02278
79,0.00956,0.03002,0.59063,0.02668,0.03149,0.01808,0.01605,0.02870,0.03670,0.01161,0.03213,0.03898,0.00854,0.03202,0.00913,0.00838,0.00930,0.01148,0.02560,0.02490
80,0.00793,0.02119,0.01765,0.02008,0.03797,0.00952,0.02996,0.18120,0.02360,0.41573,0.11100,0.01559,0.01552,0.01936,0.00774,0.00540,0.00635,0.01181,0.02280,0.01960
81,0.01465,0.07023,0.02397,0.03773,0.02380,0.53450,0.02117,0.02085,0.03160,0.00747,0.02862,0.02284,0.01008,0.03232,0.01208,0.00880,0.01400,0.01025,0.05269,0.02234
82,0.25239,0.44620,0.01466,0.01875,0.01173,0.00749,0.01412,0.01507,0.01600,0.00386,0.01424,0.01381,0.00453,0.01383,0.02336,0.07580,0.01642,0.00654,0.00801,0.02319
83,0.00837,0.03502,0.04587,0.02982,0.02543,0.59163,0.01671,0.02106,0.03078,0.00930,0.03182,0.01434,0.00838,0.02823,0.00674,0.01684,0.00852,0.01543,0.03673,0.01898
84,0.02109,0.03766,0.05055,0.03505,0.05030,0.02538,0.09639,0.09949,0.02555,0.02603,0.07371,0.02651,0.08584,0.06508,0.14152,0.00905,0.03898,0.01957,0.03623,0.03602
85,0.01505,0.05389,0.04252,0.01801,0.05777,0.12266,0.10963,0.07776,0.02842,0.02301,0.04313,0.08967,0.02133,0.07365,0.02928,0.02927,0.03120,0.01626,0.02449,0.09301
86,0.01257,0.01968,0.01931,0.05437,0.02580,0.51401,0.01269,0.03417,0.05771,0.00900,0.05389,0.03062,0.00489,0.03526,0.00734,0.01716,0.01046,0.02026,0.03985,0.02097
87,0.01600,0.03327,0.04116,0.05057,0.03895,0.01832,0.02400,0.04387,0.04253,0.01495,0.03363,0.03530,0.00775,0.02398,0.01088,0.01053,0.01477,0.02090,0.48009,0.03855
88,0.19821,0.19272,0.01130,0.01805,0.01279,0.08695,0.00759,0.01059,0.02076,0.00425,0.01671,0.01381,0.00223,0.01616,0.00945,0.32261,0.01927,0.00842,0.01626,0.01187
89,0.00589,0.05333,0.02385,0.01366,0.09141,0.00557,0.02990,0.01034,0.01349,0.00683,0.01337,0.01070,0.00723,0.25917,0.00388,0.00381,0.00519,0.00589,0.05244,0.38405
90,0.01271,0.04725,0.04771,0.03848,0.08010,0.01030,0.04813,0.02023,0.03955,0.05912,0.03036,0.02044,0.00755,0.03323,0.00933,0.00991,0.00894,0.02677,0.05818,0.39173
91,0.10817,0.09099,0.00314,0.00505,0.00531,0.03828,0.00319,0.12405,0.00692,0.04928,0.15279,0.00676,0.00174,0.00461,0.00159,0.11200,0.13077,0.14642,0.00516,0.00376
92,0.47364,0.10535,0.01594,0.02584,0.01872,0.09950,0.00933,0.02145,0.02774,0.00616,0.03386,0.01555,0.00356,0.02056,0.00541,0.02944,0.00513,0.03083,0.03214,0.01984
93,0.08568,0.05936,0.00683,0.01350,0.00662,0.13080,0.02799,0.03893,0.01076,0.00243,0.01140,0.01719,0.00146,0.01240,0.00314,0.13099,0.37721,0.04538,0.01061,0.00733
94,0.03754,0.06158,0.08705,0.01070,0.00612,0.02137,0.08202,0.15801,0.01224,0.12915,0.02986,0.10141,0.00218,0.08355,0.00291,0.03005,0.01834,0.07987,0.02255,0.02350
95,0.04677,0.02722,0.00362,0.00575,0.01146,0.05071,0.02547,0.03697,0.09472,0.07896,0.08394,0.10098,0.04869,0.06130,0.12958,0.07162,0.06911,0.04391,0.00575,0.00347
96,0.07777,0.01762,0.01850,0.13173,0.08124,0.00743,0.08120,0.02230,0.04109,0.16011,0.02404,0.02278,0.05473,0.01752,0.01744,0.03446,0.05447,0.01207,0.05393,0.06955
97,0.02086,0.07371,0.05680,0.02032,0.05630,0.00434,0.11861,0.06813,0.07807,0.01364,0.02443,0.09290,0.02734,0.04787,0.01183,0.01960,0.04530,0.12703,0.02960,0.06332
98,0.01229,0.02991,0.03084,0.02350,0.03601,0.01211,0.02721,0.12795,0.01672,0.01321,0.03370,0.02288,0.00463,0.51699,0.00909,0.01434,0.00713,0.01402,0.02913,0.01832
99,0.02397,0.04948,0.25480,0.30519,0.01573,0.02660,0.00753,0.03734,0.00701,0.07165,0.06362,0.01049,0.00318,0.03609,0.00506,0.00656,0.00595,0.04488,0.01434,0.01054
100,0.01719,0.22687,0.01589,0.01723,0.01647,0.01491,0.01811,0.17259,0.02193,0.00550,0.01516,0.02219,0.00448,0.01714,0.00569,0.00537,0.00760,0.35946,0.02199,0.01422
101,0.05397,0.07799,0.00629,0.00924,0.03766,0.05933,0.06588,0.05835,0.10678,0.08878,0.05725,0.04235,0.00090,0.06128,0.09681,0.05176,0.01495,0.04748,0.02555,0.03741
102,0.03529,0.01091,0.01599,0.04143,0.01072,0.72061,0.00850,0.01408,0.01971,0.00372,0.01713,0.01198,0.00340,0.01327,0.00665,0.00726,0.00582,0.02358,0.01902,0.01093
103,0.00447,0.01895,0.00813,0.01223,0.17258,0.00433,0.03420,0.07670,0.01138,0.09340,0.05462,0.00698,0.00165,0.00743,0.00272,0.00352,0.00231,0.09935,0.17249,0.21255
104,0.04145,0.02241,0.01707,0.03429,0.01981,0.01133,0.00739,0.02036,0.02011,0.00559,0.02099,0.01228,0.00486,0.01388,0.00483,0.06947,0.62036,0.01005,0.02916,0.01431
105,0.06285,0.05468,0.01735,0.01613,0.02409,0.00981,0.06469,0.04691,0.14474,0.04573,0.05551,0.06212,0.00142,0.07741,0.08063,0.05058,0.04879,0.06021,0.03328,0.04305
106,0.19585,0.01319,0.01392,0.05198,0.01071,0.49971,0.00831,0.01677,0.01719,0.00438,0.02038,0.01488,0.00656,0.01791,0.01599,0.04260,0.01412,0.00688,0.01812,0.01058
107,0.06726,0.03365,0.05870,0.02998,0.02068,0.48503,0.01448,0.02562,0.03893,0.02232,0.02857,0.01965,0.00946,0.03279,0.00609,0.02487,0.02077,0.01201,0.02673,0.02241
108,0.11442,0.08248,0.03674,0.02185,0.04555,0.01342,0.05418,0.08280,0.04434,0.00955,0.03960,0.03192,0.15111,0.02703,0.04913,0.04384,0.06473,0.05232,0.01623,0.01876
109,0.06228,0.07041,0.05272,0.06416,0.01204,0.13348,0.07419,0.00503,0.05585,0.00450,0.04749,0.10074,0.00121,0.10969,0.03037,0.08701,0.04547,0.01357,0.00489,0.02489
110,0.01997,0.01019,0.00704,0.01333,0.01335,0.04357,0.42680,0.00806,0.01130,0.00249,0.01023,0.01291,0.00152,0.36074,0.00785,0.00338,0.00249,0.00489,0.01277,0.02711
