site,A,C,D,E,F,G,H,I,K,L,M,N,P,Q,R,S,T,V,W,Y
0,0.012967767875661888,0.04890439918848246,0.027008765194743965,0.019658962731957164,0.014886485328058209,0.04065674140271395,0.035942950329116374,0.015488397061951717,0.10376452772095707,0.017286327862269243,0.015922329101104252,0.02440977427306691,0.024338486543110834,0.015663443682057663,0.4916537228934081,0.034531106146735754,0.01430220865670574,0.007934802528435179,0.013638155024490981,0.021040646454972525
1,0.02073889726371934,0.017081578132901738,0.01820945221665943,0.03833725750918029,0.019848304006771414,0.5391846531042409,0.0399681784554901,0.018537363884710376,0.01705929444683306,0.011096895116704282,0.016382626547827493,0.026199280867930035,0.043622683198338834,0.026956790175708387,0.053273394836493515,0.014418880397752944,0.02582764486728408,0.017585632024352246,0.011582979477709395,0.02408821346939223
2,0.00941628000141212,0.04224333075391985,0.04915676141233722,0.011463030958014297,0.010893934918325444,0.7070969347207675,0.01146004606336945,0.012956108013037638,0.012925821017727117,0.00645544366507256,0.013029118352403687,0.012076483286587416,0.00649299677695435,0.012604998343561854,0.006516494188301023,0.03142476487979698,0.00835741682239195,0.01278140167298833,0.009856820642203081,0.01279181351082813
3,0.09965762289980339,0.054467947768968794,0.013839641006415219,0.040937091029021606,0.015281017848186902,0.5718602861633444,0.01592204813590019,0.01639409624635027,0.014753370570089415,0.005812045618486663,0.01623167384737735,0.016307283266914167,0.008113481095139386,0.015889344658362052,0.021786531432950645,0.009002023400935302,0.009564966584999345,0.016707384944607988,0.020219332695752747,0.01725281078639425
4,0.04611574525324686,0.0636491659199831,0.03401427466172324,0.0328057370028361,0.04087465382677252,0.027935579934399116,0.044696356768115314,0.07611668271211156,0.0506361668880543,0.049018180115964496,0.033777598963607595,0.0584762484351994,0.004071974673164699,0.12441512564551258,0.05872409481630222,0.06755611640743639,0.06725611069365366,0.0763809262634841,0.015843445195932223,0.027635815822500562
5,0.12302456399520843,0.06283898558566908,0.008700706566897056,0.034501992905218305,0.013635307784977332,0.513382577408097,0.007067379555328754,0.009080801366231003,0.01238411567713268,0.003010525263978189,0.009154079527088953,0.009313724456092742,0.003724719581331694,0.00944765333648727,0.01669753571155958,0.12827010824910792,0.005351390263590827,0.01232914623628918,0.005800870820649657,0.012283815709064335
6,0.04311498358279283,0.04118219830640472,0.11976165291375035,0.14956231473689993,0.04577525881462903,0.014278771695074263,0.034852017760839356,0.028752423256974066,0.014217830978112793,0.02616979222494993,0.05486585785588191,0.046126687840780285,0.006428248194775055,0.09695875862434555,0.007373718121427524,0.060693652120151466,0.051405410015725246,0.04750154567899048,0.058270107099650165,0.05270877017784505
7,0.04516939821020522,0.050151903814499355,0.012634655873888075,0.012517634207976573,0.012748525336158447,0.004939231250977992,0.012407270922415847,0.03861497484036811,0.011648759902730661,0.004712246491430914,0.012634656073632492,0.018237470533861315,0.016831386790735495,0.012065518766819954,0.004233058253971468,0.04505856821116179,0.6502493247698555,0.014673592293574282,0.009368711832546207,0.011103111623190156
8,0.03527052523177391,0.15191281677307958,0.004392548346439279,0.005851368445305556,0.0045919803135642985,0.009500125434557914,0.0037290453082316163,0.1542329508747265,0.004314460488531167,0.20823754615410925,0.010842818065618421,0.011779167317134055,0.05103430707110095,0.009662614378962956,0.004436208256199779,0.02833803363070495,0.1096141153635485,0.18496912597791132,0.0031711995268775546,0.00411904304162248
9,0.0089281835784784,0.013860143055794407,0.013074848339353268,0.04536913083300171,0.013815391728833063,0.7166661704722899,0.013473688148560136,0.013233565074329776,0.018306041380598874,0.005267279204482654,0.01726761439226485,0.018209051331564186,0.007285344689657867,0.017518072247543013,0.027369672900214432,0.007666916013983572,0.008519813053404494,0.011874961415506443,0.009920572036388242,0.01237354010375084
10,0.04927815313402392,0.09933031346172715,0.06515319668265893,0.1405425964063542,0.030485075067394445,0.017784378809593,0.03263347295680137,0.06947645204846305,0.01786413559276313,0.029773620513978392,0.034992407288922854,0.031036052872560553,0.00206242196886877,0.09340947891208773,0.02959940738241888,0.027100850721928568,0.013311244541694276,0.1043685218370855,0.06620639441860296,0.04559182538207229
11,0.04843678346316132,0.017640750252088926,0.011662239038741244,0.03491849519468507,0.03516372938858143,0.02448475593977218,0.06578257567416274,0.06653549294343747,0.15328979856367844,0.09290632044139217,0.10254612220163307,0.05851784139947949,0.0038146362797618055,0.05348128254727261,0.06289514344089496,0.037942292802962414,0.03187793521997708,0.07910666881927716,0.006969783608566667,0.01202735278047372
12,0.020639872594834578,0.0474977483195917,0.03303699842104538,0.029659101348905745,0.05076577475559468,0.019750258706818187,0.033878663454359734,0.028804367828944053,0.03183158902387827,0.0419156947281823,0.027223921602172865,0.03532592513824398,0.0318451911234736,0.04128830123911021,0.04515281697485941,0.025500444905679615,0.028873681470635022,0.01279577261385972,0.3271631690396128,0.08705070671019814
13,0.02044885618657193,0.023964505890124697,0.025407623910035766,0.041206217949927175,0.025673792293458883,0.010615063987789629,0.08894240376968754,0.05076829861328696,0.40195656369465005,0.017552034735639765,0.018701387070948462,0.03909260910630742,0.014648914364323397,0.035848239799388504,0.06534581320431582,0.020634930160928346,0.041562876951092766,0.012092031774917897,0.015457987541372453,0.03007984899523256
14,0.0616029538545893,0.038234118431840595,0.02799548023614964,0.020842167190899805,0.06058473097225211,0.08225790840114919,0.0823323522835765,0.06963520813277442,0.030127085631255754,0.04972607286476363,0.08358527613548855,0.06240072389014731,0.001958081621500461,0.05337516049386283,0.02947639978469619,0.07370841754237673,0.06440287483164073,0.04253981046922842,0.024859672977653926,0.040355504254153955
15,0.09940630607422457,0.05005997421026869,0.016743100522109384,0.061215150069679924,0.008648168011620905,0.06054199307616223,0.029388371486069573,0.020470089464185017,0.09954319322990575,0.04401373947827239,0.0589841357379248,0.07530518698673351,0.0025863792551008096,0.07111005325004514,0.11511199212873643,0.09851247761628514,0.054125926096507265,0.02576676555077335,0.002431045205317985,0.006035952550077115
16,0.005621834906954552,0.018002278428722727,0.009674803034863406,0.009400801842989467,0.008273855585150685,0.003820854722400145,0.0085690737321792,0.1516606722780913,0.008919658798921423,0.26369274073683224,0.1875777722596098,0.010803695691672919,0.03719440937237997,0.042288550625090425,0.0075233286543072335,0.0038725697086169166,0.036950249506997,0.17157300675692871,0.006358327578090153,0.00822151577920168
17,0.09340370576115806,0.042654542407339506,0.03474792030209757,0.01042846818190698,0.01354769617709622,0.0694776623613729,0.04653845178347262,0.035064256030260345,0.030404201724745537,0.03146986011327127,0.04072471922117215,0.2316124689718098,0.005710614172339349,0.05160531807038235,0.03829112836703977,0.08954523189753862,0.04513882155547704,0.045408952238491236,0.009461705263119208,0.03476427539990944
18,0.05253452248489555,0.06461536007523361,0.04440846817455311,0.06088352547333584,0.03390494983472587,0.06687010864436903,0.07157957415502765,0.06427976413160165,0.034168305742027005,0.07156534224442085,0.05025346904940307,0.05031049810102358,0.00283022403791739,0.06416537547078022,0.04510204399240975,0.06619043063960806,0.05999843813189998,0.059695967950104185,0.014916002745551453,0.021727628921112165
19,0.015114971906843272,0.07308517345705769,0.010575982407772917,0.006864697692732282,0.11398822678488958,0.005049152280093944,0.037175552438895094,0.0772213882829088,0.019880695464976117,0.23332523062059218,0.20197651842281333,0.007619268199105914,0.003316675197026033,0.07221862611934864,0.00408880782870121,0.009197018491761605,0.017827464760234057,0.018816893396578122,0.00740983337198237,0.06524782287568681
20,0.09350051003005598,0.06700743405848825,0.0872862735934935,0.04352057018309706,0.009002951649817967,0.0713790812470418,0.04407205556928902,0.021656413027285857,0.019042894605060718,0.03470026949664404,0.03566577908025176,0.043727570265280805,0.06992566749542882,0.08798812055590763,0.01978149651458545,0.08772069962025025,0.06586404974273474,0.06144068992710911,0.00623004193506109,0.030487431403116105
21,0.0821459875018142,0.017375625780014288,0.0341163039376678,0.025686122381258662,0.006264600246995462,0.10189032239405219,0.0534380324493722,0.011758908348431163,0.03194141234766598,0.03279555340176795,0.04805766429739138,0.06215776874806922,0.07870096886039751,0.09148389928272067,0.06606137245238711,0.11189668969639938,0.09366391139427005,0.025036896035799474,0.013341438210154625,0.01218652223337067
22,0.04434253808865926,0.05486152738026459,0.040395509888543374,0.03934222121042617,0.05756688343241344,0.0434394370413682,0.05933921841347508,0.07082603033439039,0.013680275318629505,0.062481334830374574,0.07513804675458013,0.03911688118635257,0.08738012306481419,0.06345858734783148,0.017418442682896277,0.03517899032533114,0.04589280643175055,0.06649108800641884,0.02857773238368167,0.05507232587779858
23,0.047352391054414335,0.07345979421985561,0.11382875558768595,0.11592585151139713,0.023674973656887897,0.056636491358082144,0.06082354305011092,0.026926744546543896,0.019046614053144048,0.021792251814775603,0.05466180931440979,0.06296852201209388,0.01839945247408759,0.11954473687796602,0.00927774730985864,0.051453924203733126,0.044621793327113995,0.042027664680012844,0.019108485016376343,0.018468453931450222
24,0.015382781364297706,0.0345567623826949,0.024884038760232752,0.01714386972756564,0.3640951814312114,0.008447804352846195,0.05331852181491831,0.051399954539258746,0.018564490461781085,0.020028681078083047,0.015011823523934324,0.02447183825876063,0.03717454432595362,0.023140349175570955,0.009235283101577495,0.024959685967958688,0.02016193357459574,0.014780317754360919,0.12804082492986063,0.09520131347453725
25,0.07968651858946858,0.04000199440303823,0.026784305604116133,0.016097394263816633,0.054978507772381474,0.02357411188245419,0.09163424959145512,0.06597720116762804,0.017392791337376052,0.07815675561722138,0.0680324960860144,0.08097156014376995,0.007915789174070743,0.05839556320673013,0.04115776599495093,0.06850225357908446,0.04913870283590593,0.048429812043727066,0.006813820600681707,0.07635840610610883
26,0.012348197336846733,0.028897062581112926,0.034914326578189825,0.028678921534319272,0.013744741437599876,0.0034060223417048175,0.036381075830880544,0.023937042505681735,0.09701111090868993,0.011225163594756216,0.04739166660399437,0.121799807090784,0.060635800477003156,0.11439040343529647,0.06926448041894612,0.12876868528055657,0.12104581651384254,0.026572715165708548,0.005300050726612759,0.014286909637473595
27,0.011185439271065307,0.0408326583313959,0.04208969858357528,0.013584417242982158,0.22024625927196456,0.007682494828657284,0.05090985018251031,0.020316394138884687,0.01663459672120215,0.007177519129133979,0.021286869042349933,0.029047851831610478,0.013159748136633674,0.02000197091871116,0.008619763139904372,0.018209116754393982,0.011567696276187941,0.008862342854617795,0.014215224041541994,0.4243700893026771
28,0.01608031397621743,0.02318227971213744,0.019214135734689643,0.054859596966737825,0.013667406534670502,0.011752954539247405,0.06002661046530476,0.059574872049184435,0.34591046238548023,0.009332714968055038,0.013842048537847117,0.045794880884378865,0.011882149752985434,0.03953674049444215,0.13578810098997182,0.011928139962917977,0.043347192704217746,0.022572145265784674,0.012369689730916187,0.04933756434481331
29,0.0836301113449133,0.029492408540994823,0.009377898162433423,0.034645402906896175,0.018770663617346514,0.041188645371921365,0.03429063574855032,0.04051489802893284,0.17680578123015073,0.04721548473939975,0.03463100128972337,0.05000820678784498,0.007399137983889638,0.059541514955233965,0.1494404680481022,0.0755171895765098,0.04613571911972602,0.04107567260573308,0.0057614538138002595,0.014557706127897443
30,0.16872530356344484,0.13820847175943884,0.027751677453551653,0.014656033020195365,0.013771070201092075,0.018721493298206826,0.056015805633647754,0.026082540004995262,0.018384691237671523,0.02748124283120902,0.01630736487986713,0.12075249679714552,0.019329512359515102,0.028339051032590663,0.020610669306238963,0.17176246882407162,0.06913889280362473,0.018423069236576627,0.013255159267524115,0.012282986489392403
31,0.1934949624720106,0.05834589157500715,0.02908750486851228,0.016413113762248556,0.015838383652139645,0.368518666915189,0.0336692412765957,0.017299823282185135,0.015773598990131532,0.007278117366101904,0.016737113607519664,0.045058521765068166,0.01101215209585368,0.024241800164320187,0.01091560045749537,0.07326795047893873,0.010247765084701089,0.02064864535585364,0.014742275332629106,0.017408871497498955
32,0.015655716491281557,0.13162328209744167,0.022094264100735346,0.022350187586885062,0.03556294875934384,0.009026557195257339,0.019758142212239038,0.34493952682077894,0.01777068307378442,0.013789143697172926,0.02262131851300178,0.05064883436535912,0.011844963459171257,0.021914476235804625,0.008930936255286792,0.027188815337970847,0.0796994929258204,0.10225379075400526,0.019843168614433148,0.02248375150422661
33,0.04612551165792111,0.02805448974637578,0.009999770242687995,0.007158026856795719,0.018125624139764842,0.006300831198859057,0.08999114370883966,0.04380241549681182,0.024424212646965312,0.08810633053093762,0.03420476148629722,0.03524347633946755,0.010020043247686697,0.0676103328279926,0.025522390331268466,0.08272549933839116,0.13666648476636595,0.03694605421605113,0.16424388713470475,0.0447287140858156
34,0.02477905789349378,0.018329135160164038,0.09086296045365655,0.4940926670012176,0.022200950003790784,0.05868335323559252,0.018537752642559812,0.018412249619106383,0.03703292807655387,0.010960838399137578,0.02594993264408239,0.016805345172682732,0.010607844844346381,0.031159696125608618,0.01058144932012451,0.01624063814038199,0.01431129809351049,0.03720387796296613,0.021211956837147973,0.022036068373875884
35,0.046525274906458414,0.09004747979287797,0.014912386365086131,0.019585628706296595,0.01105931102575296,0.010702436655243033,0.01072166855483702,0.18043576340520548,0.017244518732781152,0.011388523545268288,0.024818115909311173,0.015743777279403345,0.03820870230124229,0.012285351245837,0.004169678400836785,0.015435625551434946,0.13067846029250965,0.32236555019138974,0.007698746799742362,0.015973000338485664
36,0.09313642324345056,0.07048217135304338,0.027367425657932626,0.034578664902591844,0.04999249329621407,0.04031788019786957,0.05509597762863589,0.03274947703250827,0.016380600278743537,0.049009528796052755,0.07740291304465767,0.06940117315948838,0.06282449803656909,0.060283313052993996,0.020607536910927003,0.06296231700749017,0.05438865374397638,0.056476568805138835,0.0254105685114429,0.041131815340273103
37,0.02176110970662612,0.03364767438646227,0.03335261866929849,0.023499531325233792,0.025763028214906995,0.031233892074655583,0.03107633141158853,0.04445631060796365,0.049629162197685456,0.017154787666759465,0.025745426074759343,0.04038543510926787,0.031306847330879024,0.028087106820236137,0.42569563419854156,0.037299160040826895,0.027476412423940152,0.015165203414373583,0.026117456097417814,0.03114687222857737
38,0.07314924632478749,0.01759691233920555,0.16880965476953536,0.23941142926785514,0.020591762442289774,0.04122261784553983,0.02272908181606724,0.04370988527410485,0.027462757940532007,0.02496468306615724,0.02380207707922469,0.08922833172939483,0.0034091889389453694,0.029036068708665756,0.004742547647049656,0.03387895342871012,0.06054800832318947,0.034755931736429574,0.02163955948829903,0.019311301834017018
39,0.03137521455143363,0.009641497585947014,0.1060400586269201,0.19806586960365305,0.01592615053091772,0.03800307889030706,0.045657935026404216,0.06755223447143753,0.01772785667311165,0.04517489979657692,0.059738584982953896,0.039122541918928215,0.07029254818863781,0.08429346742838001,0.006878610626849616,0.03112111784838659,0.05556521976322036,0.05454047668518122,0.009379317082836625,0.013903319717916814
40,0.4553777252000892,0.01900037951676202,0.036381132212254266,0.014129078525662595,0.01680407778011451,0.0161625723206929,0.021945406255296448,0.020612836349458017,0.017677360437393732,0.007135349460919195,0.01803131619462281,0.018381035813745304,0.022323864827137812,0.0191972145266506,0.007643204754476224,0.1632113029829641,0.031313356980145875,0.055776348478948794,0.024431407553785856,0.014465029828879782
41,0.06371200939391669,0.028966326945316097,0.0067187421005312185,0.008876472296210918,0.0073270015015710266,0.006676950478141208,0.01647753385701137,0.11081013321342065,0.1481054677786299,0.031547075909813024,0.06683756473646346,0.012177059126488341,0.004834134881918378,0.086838779133461,0.1437290169574562,0.04686387052460502,0.07624808265894817,0.11942122616001243,0.005162772140988516,0.008669780205096352
42,0.10579687499782325,0.03791492270173992,0.01895830617701696,0.03405793326047812,0.013630887420485247,0.028937188837972767,0.05915763851918792,0.05710682036696441,0.024251574932201408,0.0603465634120715,0.06782057482729285,0.08436936730041766,0.001830091309565631,0.08630686015372767,0.09152632308933124,0.07047320018313027,0.08636197880896895,0.0422412887800636,0.013843697710322156,0.015067907211238454
43,0.3153179915365571,0.1009102688025092,0.019424309985460773,0.030660554705611996,0.020644727816473894,0.011363732156626298,0.042174254155342754,0.02030057317366134,0.025218547055601854,0.053167399189440245,0.09189862645856763,0.03703561122236736,0.009780793031983885,0.04344874397971735,0.029445793630441728,0.05955542766332574,0.01769311126802701,0.030454079982079472,0.015563262200968007,0.025942191985236424
44,0.014405793021663381,0.015019167326239338,0.011001403482769307,0.014318488449583031,0.09247268671840521,0.009249184275893748,0.0437313563911508,0.166320943025395,0.013200364003417668,0.36496401559247166,0.08274211394778423,0.010486537995108907,0.023262365568671995,0.023816742366804963,0.011620059001468916,0.004921661317594595,0.00918645258561784,0.05186181141152758,0.016008245953684597,0.021410607564747226
45,0.06541593800692672,0.043095383519291534,0.04734088039587794,0.05234271090353914,0.027667186703150926,0.04348027016124177,0.0668736138636031,0.040574710094628964,0.08332786933713958,0.07751980530695406,0.061366056249848366,0.060758578749801534,0.001218212927366643,0.07529940118046695,0.03749891929813351,0.06824627661616495,0.05287878790415897,0.040026534456472404,0.014055149530800663,0.041013714794432304
46,0.056639462243625496,0.0726612215307188,0.14721455048950785,0.10128532267877897,0.016402675119239308,0.05404682548025386,0.05157558564626825,0.02839733855571057,0.015189304395950053,0.04019839231801911,0.0336320804281996,0.06287954160663752,0.0019000489055791563,0.09654077316015323,0.01562344860311176,0.10246378080129401,0.05451748205863091,0.023412963303105598,0.009467308156832456,0.01595189451838345
47,0.04199081097168526,0.05884880928149108,0.011382369965224345,0.028450371242793357,0.014187630884710542,0.23332354219365511,0.07960002111087634,0.006728496565205742,0.07865305556293821,0.017828150634337517,0.05428989212845856,0.13336364996896863,0.0032349662657683233,0.09182069598637531,0.0566666103200395,0.05517105222164836,0.005249746442501934,0.010340714446929631,0.009922775398998988,0.008946638407393242
48,0.042793626531306646,0.09084684035066365,0.04095812341186899,0.039302893281423855,0.06796282812742328,0.020329254626146657,0.04444466807449096,0.04912158789824845,0.024793985964321627,0.06016489723157222,0.04450405240390957,0.06481451705365368,0.036855211588754225,0.06791386080368764,0.034446491802084436,0.020280525521556472,0.061056336906364854,0.10916512520033342,0.02244947218343625,0.05779570103875314
49,0.04467112644561852,0.04966731366739173,0.07553226944581855,0.030369549432121452,0.07708077108919181,0.024817374571214565,0.028235886840996753,0.035419607496777424,0.07829322440100517,0.07463867995628252,0.04908638869300873,0.05173037832792931,0.017972466416159665,0.046074011052314026,0.03864825229904687,0.04817391009984895,0.05876786543407389,0.05028020213398707,0.041740086154269634,0.07880063604294335
50,0.04513818281310311,0.060294377349655814,0.13106659911582436,0.04742082537724057,0.032192973507634746,0.0409154566848864,0.07326881839997056,0.04089324717796516,0.029137246072150784,0.025350072007255933,0.035227028463341484,0.12298349362652179,0.00560740777295413,0.04453033879010083,0.011207014898660835,0.05265467565608235,0.0722530580977561,0.06866053537460146,0.03165660279464774,0.02954204601964589
51,0.11691490532189928,0.045571348627016,0.024294884464985216,0.09131829691107755,0.013156432268757479,0.18025712234131797,0.053771741165840804,0.007572694963213802,0.041190567962957565,0.0316812681540129,0.029945228259878522,0.047425581887393035,0.002888969383109529,0.042446860599544486,0.021092648381199168,0.16521245676619672,0.05450447872263084,0.01657534238403365,0.007961446763689602,0.006217724671245807
52,0.012104318348214689,0.01677460516699376,0.015905488170940892,0.0539055080349537,0.0170917917589759,0.6356934660808199,0.015317475156914093,0.0179986504547172,0.018248434899883263,0.007280380922191886,0.01848683560689805,0.017472229121226278,0.008634423433066429,0.024093994108593322,0.04729089004563753,0.007716303880478926,0.00935082138847395,0.021290442146736258,0.017525557430211263,0.017818383844072735
53,0.014075324072874222,0.014151855232360875,0.01053669742666808,0.009473147545863545,0.23238244812177358,0.0043744281274508195,0.3129731174161898,0.012856597992899744,0.007216637523770733,0.004450026502742864,0.011549228905814795,0.009647101479518864,0.004713406582904527,0.02621279138292688,0.030340648752040025,0.0035869211753396485,0.004608240390298621,0.016616181851923973,0.09331280063275457,0.17692239888388384
54,0.2789695397556765,0.09027065496843513,0.016948763903076643,0.011488297817529164,0.009305763731348763,0.010861551960842982,0.007900368181835121,0.008741538326694762,0.009836917090965387,0.004011123901560965,0.010769441762125794,0.009373928833406365,0.2255521097749989,0.010088173138977925,0.004053076227243863,0.15714260135596284,0.08649365539963905,0.02617099207480673,0.01250014660114581,0.009521355193727274
55,0.03784813423907467,0.029801609633912065,0.010416848319040585,0.028743902034336695,0.010917567966816828,0.011213109965624517,0.011889651309452864,0.02819844028056452,0.010323285339007456,0.024459794235667347,0.01795316290846368,0.009123622630632024,0.18283336959988936,0.01081339317533116,0.006234567647223552,0.004454783255579058,0.013398883844644764,0.5294889205821482,0.013043510588674258,0.008843442443916348
56,0.011158463108828273,0.015904049245186333,0.013265817173808656,0.020089503509076692,0.04677212749130445,0.01170336313540437,0.010499209047859793,0.017616284056557772,0.019087935115348866,0.0070950492720696645,0.024574768333337833,0.013476204967999087,0.0475893770789335,0.014860416550933394,0.006919380702758392,0.631974872740568,0.008766341069064744,0.00987620218130273,0.0195185368731151,0.049252098346542365
57,0.012908670798737202,0.06759448679109334,0.01952569521312781,0.015398383533810255,0.019514963601833562,0.01836932161438941,0.016092516212791487,0.021261578614504964,0.021769013006746298,0.020435381856307448,0.036390201079139074,0.01584708978578859,0.012765749414757752,0.03308560258605207,0.48548121462119453,0.06729495354983989,0.03485357282516296,0.02186473013780995,0.03926236941129077,0.02028450534562272
58,0.014560545633662289,0.015436710041737538,0.014779669365961055,0.039867223365595644,0.01783720135283734,0.6892720963433687,0.013436435346897709,0.016745175766862175,0.01772476303512362,0.006205912296804668,0.019552324255886447,0.014861899703780117,0.006916261190255864,0.014322286383545118,0.03256994307702938,0.008629160598906008,0.008634262576137397,0.018080627683805046,0.015818314453585423,0.01474918752821838
59,0.14732342426563252,0.07285143015983303,0.012809106924409931,0.012931198294101984,0.012776330555211936,0.022466718824581865,0.009464531322578957,0.029245411469314562,0.011495719495575514,0.004505959996723144,0.0122568071941117,0.033996709946878145,0.007610154268154977,0.010075364271686378,0.01560529767107175,0.24932450008955495,0.18732485691020676,0.12017816725267726,0.010298052433459636,0.01746025865423498
60,0.16419554393217659,0.066858427245503,0.019125436505451048,0.050197489829174866,0.05175088052908799,0.03230024166218715,0.024047662912013948,0.02602708739892369,0.024449021552064448,0.009123067254382937,0.023751221875356207,0.027206825903310358,0.021258711359023755,0.021687683084982978,0.007684483873779269,0.2907673482015655,0.052308646702277674,0.03912342801859826,0.015376180753403856,0.03276061140673657
61,0.02910410231884011,0.022156809394004242,0.022752482973880283,0.040691512000229905,0.01906144637987688,0.00972483479708394,0.02778859569771562,0.021191277311921778,0.500400127026914,0.008803947910895105,0.039853968977572894,0.046842039658601314,0.019774629345192266,0.044977079065136615,0.05189103313291031,0.01516623256858016,0.03285094247670379,0.010117847992827687,0.015945585947767068,0.020905505023345955
62,0.005816814106398065,0.013220172904166608,0.011149554192733384,0.014807579940534903,0.20279579028590713,0.006680380216010259,0.021603594487129507,0.09819338317507076,0.011052279459700562,0.47128831622922385,0.015408526308023711,0.00775246922762932,0.027408252790087097,0.011917645247316625,0.008540348186138502,0.004723417278843985,0.005069148931677245,0.04071888453804465,0.012474205076674438,0.009379237418689415
63,0.16478117302827391,0.051162745391707495,0.020579806665194118,0.05643358336354758,0.018941589306182463,0.07618112210163475,0.0061788351879257545,0.028034319568968884,0.02553155348583828,0.026792961776055654,0.08601810960601008,0.008609753824518134,0.001603829766035552,0.08720255498676621,0.05735686778233938,0.12538574599259078,0.05772220403000491,0.059738603526939195,0.02079887669406492,0.020945763915401903
64,0.008849701176247574,0.03026501242190549,0.01620006439769345,0.015570195601789877,0.08696892485135846,0.01972223344438541,0.011568043747722708,0.01325789594025174,0.013211272932723228,0.013185343816846893,0.01295850875142799,0.012072519877472368,0.00641401969031296,0.012269322001008914,0.05132498153300098,0.008354898536802055,0.007775665602756102,0.00942944563682401,0.5905766461926797,0.06002530384679023
65,0.00899889220610371,0.02298405517563454,0.016955476887122636,0.018559710314251715,0.03169185848775886,0.009347494387137481,0.01452858426972841,0.026324837258746084,0.015994507998522603,0.4547516348011803,0.1959881083946463,0.014858678878318063,0.010991565042984097,0.01893000939465141,0.009856642020752628,0.040455577956795094,0.00999735060174455,0.022094383853973606,0.03908831890364791,0.017602313166300006
66,0.18563391710612737,0.07563915481155987,0.014891025048776766,0.02873669254027183,0.015772081693387747,0.019424196223844,0.017167355016631355,0.02995753031594713,0.014336496948369462,0.010249121889392546,0.029762431765397154,0.011979359122703127,0.005359215972853239,0.019452681417290486,0.005303167897956138,0.045730016070223374,0.14420207523836856,0.296075812043304,0.01377534194970894,0.016552326927886787
67,0.016664756638115525,0.021203493711740375,0.0754143189390827,0.5895492753628688,0.017629381741320234,0.0305140740933299,0.015851024411629073,0.01669636072364833,0.05179356064070306,0.0063796036977351225,0.0191863126413441,0.011027211970844273,0.005681133768031413,0.017295930072907847,0.01676543428061096,0.015850157147736837,0.00845142914603634,0.032002081375277644,0.017880471357030386,0.01416398828000708
68,0.011010608273084452,0.017976485944776646,0.018357940399787342,0.019579128154799993,0.016580139866151276,0.048508536095738214,0.012745656835928966,0.03603219406720433,0.05291370993016918,0.007286697647662609,0.020346504735337556,0.013892640754439411,0.00812840366946514,0.01825151935225743,0.6112523451201074,0.030366710635963936,0.012009090064564127,0.012346034221213449,0.017476124414378992,0.014939529816969626
69,0.10383611321029401,0.015271755251596976,0.059600206864724635,0.03406963457342127,0.00970606727437935,0.571969578815174,0.008342592607483488,0.008081230361957199,0.009611319394426146,0.0033253146910443188,0.010952745569407738,0.05298711270595983,0.0027151016143576053,0.01750731443749234,0.02360346598338488,0.03161021989706177,0.003699469038866394,0.013802640020605616,0.011031755901152773,0.008276361787209764
70,0.005021693916631833,0.032706838588058146,0.012130590810074091,0.00939704399773154,0.14216369816006813,0.007743147198731062,0.046781396542783106,0.06231649077736953,0.006544468325218626,0.272567145859586,0.12980775034042275,0.0071451452619067934,0.002415900373946259,0.0058493743964556305,0.0032647996977948975,0.006255814830131372,0.0035188114290827235,0.010576656606087769,0.026251783729161746,0.207541449158758
71,0.031051813298317188,0.19439729353240334,0.011829666427920736,0.013255676604549495,0.046955524216716546,0.006672556329396319,0.0074838967072124235,0.08742504449894287,0.012426279608237329,0.22733838815073903,0.12615793788822569,0.009544346334134588,0.03338464857839488,0.022131296723289017,0.015227049971109515,0.0053673255670989095,0.042261618831202746,0.08526704722625528,0.010465379283493746,0.011357210222360352
72,0.051759680005836736,0.05704791717362671,0.10329872729076654,0.1410824857277271,0.03755557130835382,0.06951179888621985,0.07552189354196966,0.02619131421226576,0.03344247406814468,0.05249219968410365,0.03735166610236875,0.025235684964953233,0.01758564440234892,0.06615816380261244,0.014900788145045255,0.05121978833991819,0.04688287261975857,0.03514521602802458,0.02671352480484622,0.030902588891109337
73,0.029804085172683056,0.054490198756319316,0.028426872354119462,0.024102326465026445,0.0299164150956297,0.013230186992503883,0.07433528387466878,0.028895982378744665,0.02481068371694564,0.039928988120746155,0.053303327217689524,0.026842241288502308,0.3739793708832419,0.03375614071324343,0.014766176080699559,0.03486542272899524,0.04558465549465881,0.018506113567501436,0.01916872865106126,0.031286800447019425
74,0.028548620389044863,0.08437568612220288,0.01275126371455929,0.04245826684830875,0.10364905379806885,0.03872116707862456,0.044149829756473934,0.0771902644992668,0.006179129928560371,0.11222147652786722,0.09963397966754195,0.03371024887512399,0.0037256490137067793,0.03289871469616947,0.0036245165896064504,0.02278279447636155,0.020219081390246946,0.08077051877478686,0.025066928245964903,0.12732280960751355
75,0.016562354193168954,0.020494396418441592,0.01944840977688405,0.04225664336135104,0.016990661506174773,0.619182720940907,0.017012794227192346,0.021522769780250296,0.019660097522570072,0.0088371299548418,0.018060575765454886,0.017577879290173667,0.008754237277451702,0.018363367553311624,0.03764197322256964,0.009144184624862915,0.010153803784920586,0.02240848060754315,0.037110805484494316,0.01881671470743562
76,0.04369230418425062,0.05518136158229062,0.010133942850083528,0.011446344491940104,0.06181889346253883,0.006213493994358293,0.19821777609290195,0.011993235961259875,0.1078301896912719,0.042751175014088406,0.03521880327631456,0.014441642643301857,0.003251440543498152,0.029298492803897475,0.16069600587816296,0.039732086814327175,0.02500643527398753,0.024648793114103354,0.020947749758369247,0.09747983256905363
77,0.028052299458674088,0.20886967016131597,0.01887040768242268,0.019290931737446133,0.016083821959991872,0.03615242160479026,0.010027810854568334,0.03535090482529958,0.014947116882119518,0.07097374635559792,0.013060777938379385,0.008771470289121357,0.006165549804172745,0.011314519638501245,0.006609703990509312,0.005246740485053209,0.23369905008960742,0.23059935151073255,0.016551482385563386,0.009362222346133061
78,0.045955171742634825,0.13912262041428464,0.030054785185150583,0.010199545416180766,0.04720180738960985,0.014580948396749109,0.009422192934891237,0.10760159707836064,0.014518661682096581,0.07235680879156907,0.137501669090908,0.008464681864705583,0.005603524085100519,0.011714894697360862,0.004971698392891837,0.005139572750983039,0.07110207419432694,0.22648502978861293,0.010110545408478867,0.02789217069510412
79,0.01653101103078083,0.018822822733220737,0.6422470004533124,0.028392343690458757,0.01900551351555506,0.03282486834370327,0.014057683611073075,0.01836928198366861,0.020779545328936753,0.009396745958456179,0.019415301027678952,0.04155281064517029,0.007377377927417356,0.01946583169182908,0.007737305255408645,0.007312011766606482,0.00787590635110786,0.020269140996179096,0.016928382423513695,0.03163911526592288
80,0.007132185223133721,0.01503892753027741,0.013360250491692972,0.01513087253000054,0.04042081510448929,0.008162379063242433,0.03507195244760127,0.16210528432255997,0.01674611993535063,0.47460519078465224,0.09291047072735581,0.012306429551469543,0.02432541366396289,0.014116496719037244,0.013847678580935219,0.00517569915781166,0.005928688077716381,0.013638195067200848,0.01567691092754777,0.014300040093962192
81,0.01841978802769224,0.029645593959225208,0.017850293329668223,0.04063840416968073,0.016876565660640802,0.6376323835885893,0.015562722734713784,0.01562875699861566,0.02051969951022879,0.007395263264700564,0.01931878358112092,0.015972416885807153,0.009048770587552598,0.020419078253627907,0.03193741118356566,0.008085624663993944,0.011674181033681527,0.0208998794407117,0.026144850526108362,0.01632953260007494
82,0.2344126273879984,0.46432019182979023,0.011295984384937112,0.012443332025810959,0.01593437215951631,0.010684142788176499,0.010148918263575049,0.010917111794235589,0.01099988298872655,0.0032965035971421423,0.010746283522824538,0.010238583299188668,0.0038186366736107646,0.010250160384165605,0.029078497297340095,0.07608076166504148,0.018410712899634425,0.0054161712088065484,0.01711173394255529,0.034395391886923726
83,0.013938793680881424,0.034841244249407294,0.044964879669542504,0.018749033031344214,0.016994665875631046,0.6632305099726682,0.012614491578665156,0.015175326191236647,0.01965942799911023,0.008152674286562377,0.019332983606251537,0.011536893406897147,0.0074412310266689,0.018440431612329288,0.006521729767518486,0.024163483445276166,0.007461806226506844,0.02187183835808519,0.021268126379598414,0.013640429635819025
84,0.024113995926991393,0.030381048086532105,0.030319225671549505,0.0281223090382943,0.034579025061371046,0.04586021806322352,0.040228656604189665,0.06987279970316966,0.04711772082215544,0.026659886765815672,0.03991586636448808,0.02642040897811552,0.03958866198775059,0.034651552133281444,0.3267227557549611,0.03305824582809047,0.0411560472434819,0.02364986430015573,0.027485740055871895,0.030095971610511023
85,0.027905974657043846,0.0333668071592947,0.0327678246268959,0.04112473798323859,0.03674804436433633,0.303734260378007,0.04320209099622183,0.03959162933085782,0.028886738267839385,0.02594616176751319,0.0346138831242686,0.043962100450498046,0.024853519966170787,0.03815998753099827,0.0551218238106044,0.02776573030437545,0.02873054091438956,0.03600418792503586,0.05435356395592333,0.043160392486487106
86,0.01798240178848389,0.026642308014042895,0.03563454805989211,0.034275736263549204,0.017443339643187672,0.6122550267863356,0.010845879447340558,0.021781035819555185,0.02760672175323133,0.00842276729151443,0.02622109079538012,0.01977272600120719,0.004870207891335157,0.021624564569576104,0.008876925019978117,0.029558223305022717,0.010853659096649633,0.025539417878429047,0.02374780959441374,0.01604561098087536
87,0.013163808424990051,0.03662149431134541,0.024560252595672512,0.025513710996419917,0.024700201209393955,0.028893901221433704,0.017755617788014447,0.02555628709033026,0.02489096298394316,0.024192547700104886,0.022310898624066253,0.021710154147897093,0.007642649908605502,0.019164302448718154,0.02575512441695439,0.011971047498419773,0.01250213562465791,0.015800935677508135,0.5888940991103129,0.028399868221211672
88,0.1991250813527762,0.1793218979659632,0.011654523609521203,0.01305996753258111,0.010109863033431457,0.07678302223851491,0.006472561052225741,0.017085112216256162,0.014508476540514924,0.003947000842685648,0.012742151720858089,0.022868753644415055,0.002249779726095747,0.011990319000842646,0.01285024862903943,0.3535808323582397,0.022692384707456544,0.007170140841822853,0.011786784924645362,0.010001098062113932
89,0.00494918936553131,0.0475001466253517,0.026766059537591584,0.010284155562471546,0.09178881430356434,0.00482968353942038,0.035458852452022,0.007857514428041671,0.00997027845440537,0.008618069487102004,0.012154420633402484,0.013605050681888246,0.005931214046756658,0.2314720949599874,0.0038522116265396955,0.005140003332085561,0.004600855491865776,0.005129846470755767,0.05683669001542419,0.41325484898579234
90,0.010192285532981392,0.041733901608083164,0.04263579601088549,0.028087671309671144,0.07310677188959538,0.008787480235514806,0.043059350742301564,0.01625226878339696,0.022992585967658852,0.06489598397037438,0.02516330366999488,0.03063660670956916,0.008283745682196636,0.02775210228936659,0.0091188953911688,0.011647424619893782,0.009234920789273144,0.03035122859486778,0.05259531188646968,0.44347236431673637
91,0.11357876477317697,0.09119974680470427,0.00539952570670469,0.004527455664928583,0.0047005965412045695,0.04023916861043328,0.0029201346245854545,0.11909414047900027,0.006996949803876719,0.051646472657955154,0.1393343567235829,0.0077097086423128,0.002067602599283232,0.004141493442650553,0.0015069471365270388,0.11601378210214414,0.13313546287488773,0.1476385556125325,0.004769566110875851,0.003379569088633302
92,0.52716392947822,0.09987660589273423,0.022461392759100435,0.01707334653163375,0.013571439769225788,0.10013282700152051,0.007962840643962731,0.015630473602123246,0.017655053379908688,0.005452796419725087,0.020143297845962308,0.012053952918081513,0.0053320709073480365,0.014763188964411651,0.005095344007491534,0.032273363268746864,0.014117090499535606,0.036076808753068665,0.018682237879024132,0.014481939478175134
93,0.07758382333164372,0.05908477915656475,0.005521573124453838,0.009658014156949658,0.005456910555940394,0.12544650657751982,0.031305838892758536,0.04136914829962634,0.008739969505945308,0.002191539337593683,0.010754159316612786,0.020943261491251135,0.0022780457326837815,0.012554200309543743,0.002822585900068738,0.1313864275121127,0.39125486421612143,0.04677817659238454,0.007999098183633714,0.006871077806591376
94,0.038213857463778644,0.06130599125773913,0.08465704106196709,0.012643251230989645,0.007848624521304026,0.02285658257752983,0.08063445948675424,0.1590308704639907,0.01286342120683862,0.12709476289685293,0.03121734021878153,0.09781994932937307,0.0022345063331769294,0.07926782777806073,0.0034871458345166386,0.03034682952566653,0.022750898336472467,0.0744534153824438,0.026145780478995927,0.025127444614767618
95,0.04728045148711587,0.02866502635762948,0.003969931722453367,0.005495318047901049,0.014332176662311878,0.05110112170565274,0.02558707698021131,0.03803937916966686,0.09093251377246718,0.07871128212329005,0.0810545888825108,0.09953682442952774,0.049058555361135216,0.06125829028450772,0.13031344176985596,0.07166539324678164,0.069084177872736,0.04481365217964878,0.0057030701263139656,0.0033977278182824064
