site,A,C,D,E,F,G,H,I,K,L,M,N,P,Q,R,S,T,V,W,Y
0,0.014358659951904964,0.030308810881012647,0.033820530636915425,0.026066608172810382,0.015905230458464717,0.03506781170726631,0.01944540601606238,0.019122189143385034,0.14045309731145694,0.0118993847142158,0.01949610775543051,0.03895577055522654,0.02065103480340317,0.0195205827639172,0.47210558575820827,0.028669445673970537,0.016094047578308467,0.007427666814603708,0.010785892370693141,0.01984613693274386
1,0.013527073422009565,0.015420427704139131,0.01681753493203514,0.015973995688152914,0.018186751993426477,0.3686982453021216,0.1261515542345015,0.017258621471210253,0.014023646824163584,0.0070814538895989316,0.013825401799148446,0.03199370163968893,0.19694581775691175,0.03423889591303372,0.02654121477818538,0.011784648412699699,0.029771272644107543,0.0068733426373597944,0.008685949108000586,0.02620044984950513
2,0.006344476885331614,0.04020285378756511,0.05609088903573619,0.013187946595288876,0.012140317740372168,0.704523933380827,0.012900197338261993,0.014943501337438686,0.014814683638183675,0.005928680637228161,0.015119462116422008,0.014374124211681244,0.006391285185258847,0.015211001859261422,0.0050085291961612065,0.02208628191975195,0.008586715942125593,0.007410054817875166,0.010167879331537634,0.014567185043691604
3,0.10942038470480057,0.057799065578328764,0.016296484426231245,0.035782938721327234,0.018648256426352414,0.5565898710714888,0.018983001232658708,0.020419267608721873,0.016514777935303204,0.0056182771522641645,0.020194194201144447,0.019857019214895716,0.008170581900689314,0.020481150483914985,0.0138177498566157,0.006147309839520528,0.010156763460645389,0.010069361007647779,0.011236424124208567,0.023797121053240673
4,0.04703345673844378,0.06380865724905901,0.03248675606105175,0.03213313427030342,0.03967868048035915,0.027422316505100082,0.043284069653543616,0.07753711305546898,0.051319250847647824,0.049154797218286986,0.034417756902779685,0.056629529415663536,0.0033481794385353805,0.13084508673436088,0.05798200081259097,0.06750027360850613,0.0670667866580384,0.07680726033364206,0.014889393686163896,0.02665550033045448
5,0.12655582265814666,0.06384437141756649,0.008288822837559835,0.020935162139938526,0.011345191011005352,0.5282687067495235,0.007120090074543006,0.009905905126113121,0.013472127408537881,0.0026797440467711004,0.009727058675864802,0.010483611335702426,0.0034678677866700337,0.01074899991264416,0.012001796919340548,0.12994637973179357,0.004683069154687544,0.009915393721989695,0.005825244045957352,0.01078463524564437
6,0.04246437125629915,0.04101260027103007,0.13066660554383722,0.15073147803215428,0.043877337494283145,0.012830381019792404,0.03215009381355824,0.024674719868560093,0.00919314851220062,0.02592247827514346,0.05625615060532226,0.04731247819265775,0.0052656032525212094,0.09980941329287403,0.006570886986916467,0.06240858594254268,0.053900450579396714,0.04614678182461997,0.05609723377621653,0.052709201460073664
7,0.04997742297620793,0.05187001924173957,0.014929665418354757,0.015909414964857517,0.01536356527027758,0.004617036169370505,0.014304935483810392,0.030158555518391646,0.01356015262243879,0.004300725999183543,0.01378152761447354,0.014599125514168233,0.01028092709179771,0.014182437315405685,0.004045469882151289,0.04250572903774136,0.6511508360702045,0.011517876890978726,0.010448694084814516,0.012495882833632212
8,0.03328293781006975,0.16492598399254968,0.003835685456853016,0.005411914383246647,0.00407358034605965,0.007581324026742755,0.0031675966485013862,0.16167567512192774,0.003886272423588809,0.2012708574125358,0.005343692606337527,0.00921986958504439,0.05953065219111561,0.0028963955258522363,0.0022672922981109176,0.026632803664959754,0.11172315833950108,0.1869103837492565,0.00278840833093184,0.003575516086814851
9,0.007385970612610692,0.01656539160023035,0.014733046821373632,0.07143239757551849,0.016407792490876646,0.6845298133032434,0.015604248419206816,0.015048555297004662,0.022209707309511592,0.004907915435621568,0.02192240229132517,0.024223672679597193,0.007161645435080083,0.020897523951292546,0.012161109527694898,0.006668613276598395,0.008800008277370297,0.00514621504833514,0.010284701092935977,0.013909269554572588
10,0.048566753245186244,0.10578731497200183,0.06389603310061986,0.1416151976355279,0.027666426426396093,0.011306281787476771,0.02827340199030696,0.07250835920221278,0.012156306803038272,0.02974100892599454,0.03484419387363439,0.032087295897484505,0.0016009640434026119,0.09852551818892112,0.027456912682986077,0.02531756875045147,0.01085980345992191,0.11443611820554886,0.06695556358159505,0.04639897722729266
11,0.048537837793293,0.015433030386068648,0.012172958667844855,0.031045795081444075,0.031859617576985036,0.021013346452540677,0.0642914886205749,0.06730555080012994,0.15251630521685142,0.09368694162131451,0.11239320924238215,0.059332310394254684,0.003268228049270148,0.05351575471834149,0.06584959219021493,0.03932013204475075,0.028340868311854197,0.0843734758681818,0.006083615823524572,0.009659941140178272
12,0.019970001764253537,0.02572833216677781,0.05581065731211045,0.041313712540139574,0.05069669982983956,0.010234324902970897,0.06703373771066858,0.03874100923576974,0.04918600887230611,0.023444363590780542,0.033076370281650176,0.0680669239076514,0.05055890301852833,0.06294488472017272,0.031265381227585355,0.019240507275117353,0.03693571869735088,0.009055158516287805,0.2152365978904047,0.0914607065396345
13,0.016841895713190124,0.03139908554523896,0.03980720213026416,0.03429074784034872,0.037024741291986324,0.005897122232462418,0.1332358031654354,0.05968541892146898,0.3217112142260763,0.015757986780470037,0.02145839815714987,0.028735498759276366,0.014472625096977812,0.027000478351935673,0.08078449717678841,0.01649970184516613,0.031102983302441434,0.00898868270583377,0.014955511907156018,0.0603504048503331
14,0.05998824105688558,0.035486766747409505,0.029561312379562887,0.01850440927455259,0.06174179738138456,0.0808717923899334,0.08360443930878642,0.06750646204609882,0.0260194571390061,0.04887209186559871,0.09814533751096725,0.06682487241805128,0.0010592752960848367,0.05220194317926466,0.02871821554541197,0.07453841293480576,0.06114007868423167,0.043505624958678664,0.0219581642591523,0.039751305624133045
15,0.10189954160034302,0.05310113707007206,0.013432454433647205,0.05964172180594713,0.006939060150923599,0.06269460618740683,0.028799003869475797,0.016738781561252303,0.10332831888707002,0.044316630787351485,0.0611451955995627,0.07441432667226876,0.001684741237415601,0.07310045685228017,0.1151902037237611,0.09943801255870927,0.05195315231026474,0.025925398884252167,0.0020832668106817564,0.004173988997314296
16,0.00436188706807283,0.014961676613318604,0.010094414331365384,0.009872925354448904,0.008022513107081408,0.0033398705123332574,0.008378006683724829,0.16516427573660872,0.008757377172342783,0.2443022178989548,0.20000436607805536,0.011000556474081677,0.03867093076820267,0.042199408749118185,0.003691099202728399,0.0030913941690484704,0.038215497453096575,0.17167536951715026,0.006019729620671301,0.008176483489595661
17,0.09159841038890344,0.040165765740737935,0.019006787481685005,0.011675097448514159,0.013179436032453074,0.06940218405568335,0.052345961768658675,0.039963129824699475,0.031567434559439514,0.031823784370434184,0.04601667498815649,0.22175761563879243,0.005176421549558112,0.05924062433002544,0.03916798047445679,0.10739872254447062,0.04021400890974344,0.04462210629478974,0.009594721324226608,0.026083132274571555
18,0.052010836142184616,0.06664283575448002,0.04242658591264314,0.05936137557297748,0.03417435837110698,0.06757510700456143,0.07432806120311275,0.06478747618801202,0.03199881795571126,0.07350186406604747,0.05052729633666379,0.051036510443480815,0.001992887486617859,0.0654907298707949,0.044961435257556887,0.06580754017426033,0.060910535176078064,0.059122327632414935,0.012714834701467686,0.020628584749827553
19,0.015375585049376757,0.07559911264110575,0.013108805751252015,0.007824292123156358,0.12236159934621454,0.005306475416328806,0.03808951599853218,0.07659177111643847,0.020038865639962242,0.2404331088046993,0.19756330268808397,0.008812107069403925,0.003238764090695001,0.07463786267623221,0.0024674574346507635,0.007744009570812556,0.007704379202894191,0.016850141180273222,0.007081011379318268,0.05917183282056943
20,0.09691071464312423,0.06574348546726236,0.09170756168433805,0.04680565629518855,0.006038589768646924,0.0729022186274855,0.043394033348098666,0.020750236295935465,0.01606631425068962,0.03356240699071785,0.03616784094998056,0.04442976573624928,0.06857719918249372,0.09353396790640033,0.018641739451525724,0.08663255152558476,0.06804606007399472,0.06067594979201797,0.004904085145062586,0.02450962286520308
21,0.0820781628973867,0.014312122556250235,0.033271179405895246,0.02351397795449957,0.005581862773721398,0.10339349944553204,0.052723483673576044,0.008501217034450347,0.02908949978430435,0.030303583748620393,0.051785853852034165,0.0639474804011478,0.07999039033796464,0.10173857028110274,0.06660191461961978,0.11383989904233781,0.09659918891995384,0.022876687485078553,0.0108641778289894,0.008987247957534958
22,0.04368062315694381,0.05772920592212034,0.03830104908952272,0.03678174485801136,0.05705017281245042,0.04261088525866997,0.060432812940673805,0.07249785861369264,0.012277966921796588,0.06478503587352977,0.07886535092063965,0.036878709630828704,0.0893900412534484,0.06569284590067931,0.01725270423126667,0.03375621965810428,0.044095701963673274,0.06898712984834966,0.027102709881478403,0.051831231264120245
23,0.04781212134311016,0.0714859814004379,0.1200512807095356,0.1122283163280679,0.022697091681523143,0.06881237506250532,0.05883765316673109,0.023098639532278767,0.013552625082810518,0.020347507652388255,0.054192946000876194,0.06950926927092946,0.014046507117046017,0.13608075910875458,0.006807992306569716,0.05019142347571372,0.041651274337276306,0.039074607987630273,0.014383485883427381,0.015138142552387743
24,0.014117587339303649,0.025069098579760012,0.03261326671955156,0.01621541938431094,0.26877404880763833,0.006265490066317177,0.08202648992103621,0.04917776497221571,0.020569185141767532,0.002636404578109625,0.013935269383819913,0.032649893488309004,0.04566027530063649,0.028269826335609365,0.006325175794169229,0.003581505876647851,0.019663359022901332,0.006284148370326325,0.12232143341229176,0.20384435750527802
25,0.08390054607320778,0.04245358124432688,0.022573085032743207,0.014659036690595524,0.05382710791256867,0.020733195690063752,0.10046791038696702,0.0733152691065614,0.014626211352433641,0.07341899958100598,0.06903383206998653,0.07917291230176553,0.006929537538574296,0.059919423543872176,0.03915484872548164,0.06832274034120245,0.05013980797527737,0.04733139325784372,0.005715199780001824,0.07430536139552064
26,0.008581087597299504,0.027278915994323003,0.03466360212270744,0.027764732559028095,0.009152340718089211,0.002404809930789412,0.03514175701063159,0.021001394916120956,0.10241867790798612,0.010369085387194528,0.047457707428939705,0.13184275538213805,0.06477531813821547,0.11725318748661892,0.07030996122193879,0.12719202790570833,0.12150938232255896,0.025978058747246215,0.0037891634153627246,0.011116033807102944
27,0.010890167131818913,0.012657889123265995,0.031393790427432976,0.014095429075804458,0.3140188905505441,0.0065292644181277415,0.08058116884838343,0.025782554801274997,0.018004808542334265,0.006253709062295877,0.020864925778854418,0.023660608632093613,0.01319166941989949,0.024123425647850773,0.0068416665465939365,0.009500881096740984,0.011904169122794583,0.00731995266258604,0.014671413718359628,0.3477136153929437
28,0.011729238066103924,0.023298186821174002,0.02331428364043724,0.09715251922720967,0.014902560439870273,0.0078543964302424,0.0602829508359726,0.0792235833911165,0.2761743748645474,0.006687563755072428,0.014173073220263035,0.02851158259628032,0.011141998591808871,0.029814659479046064,0.1872860475455371,0.00882262293554835,0.037749965639736476,0.018369863190045545,0.012029163832861779,0.05148136549712604
29,0.08354035471350724,0.028169730042549895,0.009113716985796903,0.02886737093710085,0.014758141754602954,0.04034493145071236,0.03299853138354652,0.045392227647755086,0.17095328487500125,0.04561213416795117,0.03134656660634467,0.060053259329338915,0.006835138246886349,0.058102084090362376,0.16575953848051503,0.07528583743906009,0.04415193650361591,0.040752267873933046,0.004499971603425471,0.013462975867993885
30,0.18040607785629337,0.16676641926735786,0.025971439470957102,0.01573299741024654,0.01513956827119352,0.012937687855242791,0.04713288796864055,0.029215137316817755,0.013417013894993054,0.014526173307802133,0.014763596394484947,0.16002173690583285,0.008065041065855877,0.021355873567929187,0.016259398246494153,0.15549351770002545,0.06679751311926437,0.01433981600140725,0.010308621627912797,0.011349482751248505
31,0.21783613528186946,0.06960750986502046,0.016893852372138106,0.019823101466308977,0.01863830124737471,0.32796855456433804,0.028614051718061886,0.02173612526690757,0.01851896099168146,0.00658409635769102,0.01818127802043097,0.0514219944620565,0.010190433840132554,0.031996465343504116,0.007451489592029564,0.07019398581121121,0.0100439055576099,0.015840076511810484,0.01643693484318749,0.02202274688663551
32,0.011036532511741477,0.1475726034769803,0.025809135097039203,0.030803788745033762,0.024920012513922007,0.007736766170694893,0.023111477462725308,0.2855344471389562,0.018864950942375214,0.006774543441464647,0.022216449095869045,0.04474129450147485,0.010861315095542778,0.02979747980477486,0.006445457966911733,0.01574117700596052,0.09526403771601254,0.13998093772932796,0.022666067714770678,0.030121525868421983
33,0.05500078422257918,0.021717046913144578,0.010219691396097259,0.006737974539166428,0.01469553777185849,0.004689192982262694,0.09708656478801186,0.036386752286048714,0.020345087479174868,0.08826726393546971,0.034437486210244526,0.03180772091168928,0.0042722623744342455,0.07166110149122576,0.02512294294244983,0.0812247850553383,0.13334147926708784,0.03582537742715934,0.1837567943277344,0.04340415367882265
34,0.01610024196936698,0.02294019337913642,0.13299577058721493,0.43736856650772926,0.02885970834833858,0.08969568949984058,0.02253499615548191,0.021945363940672726,0.0270768351545837,0.008516330721702707,0.02604692083128808,0.019514451036404798,0.010070087096337525,0.031076183924278203,0.00887949541661432,0.011696298158182473,0.012581848748154486,0.020389227510034403,0.029607341170208405,0.02210444984442953
35,0.04442410575602754,0.09456372557074237,0.016823826394425433,0.01525692938669603,0.010897516212404859,0.004861754374145376,0.010856401882089297,0.21146845441331044,0.017549404819062156,0.007647592914274321,0.013013821225609777,0.015880667387579258,0.035784056785492235,0.01253795087693531,0.0035441984404268718,0.012450949488127866,0.13852932736539006,0.3112376730807471,0.007146392177873049,0.01552525144864063
36,0.11625780219425955,0.06692860514474488,0.02305394924404404,0.03519910732325595,0.035513444867093964,0.03550180163134762,0.05096935627558052,0.03138099353937315,0.018513771588207963,0.03984993635810136,0.09486505845216403,0.08863367911155597,0.06792134234027097,0.06913347519538088,0.015857220620458305,0.0577289545748168,0.052409384152464246,0.05367735583696889,0.015134166761098168,0.031470594788812783
37,0.02025089704757982,0.05734591647777538,0.04868239550876799,0.02390921039389652,0.031041707493833552,0.0075101363315912256,0.04349323021030958,0.05678672865464201,0.0232242333081013,0.014795973110901393,0.031181546251678974,0.13299713340793026,0.04230685723178981,0.03578563416661054,0.2799333580001981,0.028146088979452588,0.028014243514270794,0.012088419941676915,0.03285242224233184,0.049653867726661374
38,0.06967020487934754,0.019570158281836822,0.2395116532140683,0.21299473506546407,0.01769105168331557,0.043187749448140196,0.020535226200036352,0.04643761976485154,0.015055645791326696,0.021633356923896473,0.021875269068189578,0.09474125705514101,0.0025868828985368187,0.021450720785295942,0.003727880948203446,0.030834239248902884,0.05740084867056002,0.02829406160240395,0.01752322353482137,0.0152782149356614
39,0.028701157978332684,0.009580542223218625,0.11389911290024633,0.20653365432666926,0.01138209318783461,0.0416316132417706,0.04350970404969371,0.06710260111861471,0.00618757863326935,0.0440675674825283,0.05813692765498516,0.035208632646179586,0.07051175133240432,0.09106150707122768,0.005763732142829455,0.02982904838203217,0.05453913740155,0.06352461804501516,0.0070984393758614555,0.011730580805736782
40,0.4319512634915497,0.01793799528434414,0.031194776601668403,0.016075772557487197,0.019638477016724148,0.0112343942557746,0.03196902286112514,0.025100158443513286,0.022906146019036882,0.006487277289353066,0.023170591936947385,0.019224222897331004,0.018584577133329803,0.025726100231284486,0.0069064489641700345,0.1649810026656203,0.018013929690822668,0.0529617711513948,0.039744648322097856,0.016191423186425125
41,0.06024577067227718,0.02600149357041476,0.006847198782917416,0.009210359910862918,0.007196752425279834,0.005048962567537237,0.010887174501991148,0.12006849106533049,0.1806482697630519,0.029225499031613453,0.06350635475540121,0.011622089855091016,0.002828480691995759,0.08483785678110688,0.13646880711346676,0.045440305857438475,0.07200576888801437,0.1160536427132231,0.005048047492615212,0.006808673560370881
42,0.10938828446244805,0.0399061450463439,0.017653329009272592,0.03462805681100514,0.010532932970750777,0.027874982529353973,0.06128899794667559,0.0526483784694824,0.023637790066501775,0.06084291959420177,0.0709251597274773,0.0829357416093806,0.0011908518853066092,0.08968352182001144,0.0933268933424683,0.06959674314558867,0.08654158881696358,0.04143740336304456,0.011448572295709518,0.014511707088013462
43,0.31424063279058173,0.11081485740102974,0.017454927481827226,0.032129886148850755,0.019762220294767527,0.008859925926476926,0.045316437482331696,0.024162929383113697,0.02589732552716614,0.050077227531133035,0.10637156726481335,0.032281906860526996,0.005791803945519817,0.05258971584371943,0.026499586798351998,0.061846169705327955,0.004011384908826437,0.019476322002178713,0.017534739807167507,0.024880432896289436
44,0.01249182679702588,0.013855356913202119,0.010891596262002236,0.015639962339257005,0.1259470430675193,0.008558373067848618,0.03547478735582667,0.20820428525666043,0.014103763980858707,0.3393540549527115,0.07876572442610899,0.00948168849426391,0.007596554685192616,0.016069849892688663,0.00697166308300239,0.0036092014603763844,0.0060367279321672344,0.04977206626063984,0.018430108784377206,0.01874536498827039
45,0.06639119901764584,0.04118844374651792,0.0439369826627041,0.05554848502762732,0.02527156193302862,0.04315580823368018,0.06769691587462202,0.03958252541911887,0.08370979924697522,0.0771739003344598,0.06396498923421426,0.05976013885009747,0.0009913196266457718,0.07866382239571344,0.03688345974373302,0.06894224958837764,0.054000201508373515,0.0402128123882908,0.0123188948680352,0.0406064903001389
46,0.05256881945906096,0.07792561957889009,0.14127576344241113,0.11092428695988794,0.013333991314780722,0.05742278971156261,0.0481349307567975,0.023763028032575177,0.01234261347951136,0.04010986577306774,0.0350922508604468,0.07369836822761074,0.0014869998887886095,0.10616509098330305,0.01237846306631213,0.10078430761665497,0.05074363694759596,0.023241105299911722,0.007327498607410286,0.011280569993420477
47,0.04221789355042894,0.06411057753902454,0.009313200739631758,0.008787928546417079,0.012478753425153399,0.22771943980259135,0.08267439098582365,0.006198825649569768,0.08586826871016104,0.016473295034864385,0.05388619172064946,0.14634562332136541,0.0025250917651182805,0.10567139693775712,0.055704509772446315,0.05500314513981361,0.003706335161298623,0.004887620570795962,0.010490018483008992,0.005937493144080324
48,0.03250994117301158,0.11159239621502083,0.04867248389509012,0.03841980724326054,0.08603712927987768,0.010838179656134456,0.04632645804142646,0.06166295519296949,0.01850013106413549,0.051035007860309484,0.03423527793784445,0.1077023779329969,0.03417629457429668,0.055813711614117384,0.023946452347239425,0.017170281017410072,0.07037923662940292,0.07562000723595265,0.013494801185124609,0.06186706990437872
49,0.04299602507212209,0.04658963056678936,0.08311293504175948,0.030764377014738768,0.07979884988996894,0.022402391192343035,0.022687659574345334,0.03742715618252726,0.08467822717335999,0.07513373627802396,0.04543878430840071,0.05273306730423427,0.016238037558319693,0.041337973251993225,0.03795006642206846,0.044964753673476965,0.0573809004771926,0.05179669743172222,0.0387482835798372,0.08782044800677646
50,0.04589848749791772,0.05973229133895904,0.14622479107975037,0.04381258202868117,0.029175828129729346,0.0395634065261625,0.07712455240747963,0.037755634075240664,0.025836820955641385,0.0232023937031938,0.035672243555142265,0.1320292562787803,0.002402161729365613,0.0436914265003358,0.009309793917329825,0.052519592240254355,0.07125778515340161,0.06648388725098578,0.02778288000290212,0.030524185628746703
51,0.12486114686940297,0.04378427285500672,0.020125073102188903,0.10820844533574617,0.008814882804128368,0.17598017425366144,0.05274074264904505,0.006568553950466953,0.034752951939603774,0.029759126289777567,0.03218259239283374,0.045215070697249594,0.0022152171276609823,0.046843783744462526,0.013811421474456412,0.17321312743844064,0.05406595080443757,0.0130789833947778,0.00797013371194303,0.005808349164709823
52,0.008328685013619627,0.019320757847450732,0.017179483315968067,0.07098841656496947,0.020091099582300168,0.5923178697265066,0.01788461227538898,0.021918773520495746,0.022123756285594785,0.006301816706542698,0.022558650967519283,0.02294468955989183,0.00802971277888066,0.03700069926043494,0.04481097148661786,0.006937810794163387,0.008840556944019492,0.010673534539660514,0.02040806219493234,0.021340040635042908
53,0.00962678544725407,0.0095019982665168,0.007707067648581593,0.00788537726329136,0.2643834915592923,0.0034848444993989067,0.2698864960317007,0.008441523031449752,0.006391486105262518,0.0023825678520316396,0.008473585858090093,0.006853449511022836,0.0015712407440821995,0.02039640345174489,0.016129684493812073,0.002427268847190254,0.0029163621989712046,0.012173405027868697,0.0917795906776205,0.24758737148481755
54,0.26342558582332243,0.09609042692774737,0.013822033725919175,0.012202102382542067,0.00912994658383874,0.007503865235777089,0.007436540937020845,0.008665755826524197,0.010006457172121584,0.0034866483346846808,0.010776813268511001,0.007694508511116743,0.2368409394410336,0.010577664567885984,0.003587096533678392,0.15678749709294704,0.09944390217794813,0.018985134049737833,0.013817706507910884,0.009719374899732177
55,0.03763075063170871,0.026777263087138032,0.011262097682342317,0.021568062836511942,0.012209091128885753,0.00724180010714251,0.013288113816053425,0.019682343561957905,0.010913779885744546,0.014540910687040063,0.021553991350489497,0.009530427680338793,0.2229398127801668,0.012151891500118897,0.005693595799896229,0.004098489117796727,0.009486697397151566,0.5152789850976216,0.015013511372298723,0.009138384479596029
56,0.007456420378414392,0.016998640919509873,0.014384276914888243,0.02796070491347032,0.06915342346411325,0.009811260173314806,0.010612191634949173,0.022260040218138193,0.026006349875016568,0.006858269883907052,0.030039486513442196,0.014915281217311076,0.03817942590036438,0.01760570968119542,0.006303635398663811,0.5952711616548689,0.005750550807956705,0.009728695169295025,0.025928286087771202,0.04477618919340932
57,0.01096392402776501,0.08160451840677926,0.027945197274706433,0.018190356338372786,0.027235113894297613,0.015584598676374708,0.016639508384746076,0.024239348555182838,0.022075606013085163,0.01484018461069056,0.03737307863594294,0.01958593537887854,0.005354478716683034,0.02682038933748741,0.4818773324634138,0.06543410821738624,0.03198009975519135,0.017788109635651722,0.029443723654788756,0.025024388022575696
58,0.010957288651280235,0.019653864274198893,0.01766954183149768,0.02730677160410545,0.022948874164457525,0.6723219115412433,0.014551814169506707,0.021556781500155987,0.024235297702728975,0.005893463432134984,0.02684403185518254,0.01799265746476124,0.0066863234413884615,0.018031526022105004,0.027193105389427583,0.007448538066355662,0.009029653482684955,0.011998136103780931,0.02001702548914353,0.017663393813860374
59,0.1657175662569933,0.0915636737405574,0.013821734014514774,0.013881465639187086,0.012996548530256993,0.009404465310710965,0.007117952501843804,0.022950120415491805,0.012049338884268741,0.003920109348008586,0.01094114349857394,0.023365197625221316,0.005205797220061573,0.009698878436818745,0.006249034984755012,0.23081170830295125,0.20411838654774905,0.12407656134055935,0.010240895726703166,0.021869421674773175
60,0.1289878694983676,0.0619644646285811,0.01964418170234801,0.03026987420769792,0.09317731761168851,0.025019833068617166,0.029254489633182293,0.026713808586368803,0.030323165540362334,0.006775255617195641,0.019869510857518705,0.0374685167639613,0.016635570791260365,0.020176043265448626,0.005728833789906658,0.30360984792559864,0.05528410537036302,0.03064498865261636,0.013990296044515143,0.04446202644440186
61,0.027147532358085362,0.02001968446184761,0.03288974699896571,0.022408392919828976,0.02443986761279904,0.00824134158404023,0.043334427968071194,0.02663928615067716,0.46046254999277697,0.007755958386615847,0.039102725642418075,0.06692833042076818,0.026336830907410715,0.049044072410696624,0.06007091439226028,0.011124764258729691,0.01836395022151772,0.008284982538320477,0.01892320976024076,0.028481431013929366
62,0.004979682258946762,0.011231841573709793,0.010992121764375144,0.01584255147441964,0.2686392393136124,0.00568370030962363,0.009700142195756562,0.10720870368864643,0.0107174389932407,0.43212210052052047,0.01133530725063896,0.00697424792498781,0.019807375841620192,0.011889276891787358,0.004908316268554454,0.003657225841392976,0.004173441571671808,0.03820377628567401,0.013104339469428523,0.008829170561392574
63,0.17149382508385946,0.04788860964735876,0.018413244600724892,0.05739726514961114,0.017126325418156594,0.07403297324111527,0.004884161313009344,0.026666309502065846,0.022000417650757036,0.02619470482397141,0.08735061586783069,0.0067704352389119865,0.001107552451985143,0.0902175320425892,0.05756811796499536,0.12953002986004522,0.06058350048016606,0.05927756693632168,0.020037606796226088,0.021459205930298875
64,0.009452814109880772,0.019529176206622638,0.01921566679118955,0.01969902598123297,0.09221492215580519,0.011884234790987217,0.01275770262905756,0.015216984809162365,0.01534574798898141,0.007353001787474923,0.014725978678498626,0.01339624836236317,0.0061816115343282935,0.014009577887320886,0.05705953563654682,0.00610061874603306,0.0077383243577664185,0.009886428398616589,0.5815143346861648,0.06671806446196667
65,0.008120641141867219,0.019845985818514978,0.018864755524125518,0.022466859088229568,0.021794882048973178,0.008383342833439196,0.015088374541497232,0.02590194063014878,0.01719370103191127,0.39176012389697734,0.29694128625407995,0.01568985305058428,0.00594728275669401,0.02370267935736141,0.007307190006294063,0.031204009612994226,0.00914084529073893,0.012631365285259674,0.028021580010727645,0.019993301819581505
66,0.2408341171023293,0.09173714052727626,0.016204514382605676,0.01865227759897729,0.01896015122366794,0.0105443280395727,0.013993647248052833,0.028301469357637554,0.01618587009277743,0.004815042974058641,0.014199915500695206,0.012013731084701228,0.00430709898757025,0.017718581819632567,0.00458269789436873,0.03993170574788193,0.14657928352980115,0.266955260361774,0.013565237118388597,0.01991792940823071
67,0.006847255005877033,0.02579093939971823,0.0888560386751654,0.40331888856296233,0.017799581309634886,0.012816681544391443,0.01514429009179259,0.017342595632747874,0.2889026601276569,0.0046098819682947895,0.018918619512312662,0.009035619371753841,0.003940454184711754,0.014210244224060746,0.01566375008551503,0.010334219611810407,0.005718008156212673,0.012692644922022536,0.015520738795477286,0.012536888817881606
68,0.011843298676907216,0.022736857113170656,0.023304976627996146,0.027913472637891748,0.020786483494265397,0.04293945593842564,0.012867700684109903,0.02882805776321057,0.06267195201882977,0.006676846819984019,0.02280065461727279,0.015429461511404986,0.007655362382971365,0.02216131626359259,0.587515041293993,0.023114263414964562,0.008844767053955479,0.012495064897848698,0.02156515609566491,0.017849810693540587
69,0.11034066890919314,0.01068342639607377,0.06271204729002271,0.030606424940149004,0.010782190111027533,0.5836888623177158,0.005096184555519393,0.00829792907757502,0.010420402841852201,0.003014744427250722,0.011042210478799682,0.05333342930341292,0.002450646430640961,0.015897944294810767,0.014951856501584981,0.030283205296381052,0.0034990881868949644,0.011528650424366,0.012709021380850147,0.008661066835879363
70,0.0041315731579179855,0.02443979051466296,0.006803376545752966,0.009530698220156689,0.16101739865946227,0.007503637745560402,0.04703119227270274,0.06701815684472215,0.0061816897076635135,0.28138653487086296,0.13552828747102408,0.005484375408407357,0.0017070458285410389,0.005472441788199956,0.002902237878727973,0.0036437361450489597,0.0029528946971775698,0.006806519611383392,0.019948004879047174,0.20051040775297785
71,0.031277219974072984,0.22085114609412793,0.013349940846136978,0.014223922634422162,0.038184584734225195,0.006200020751068906,0.007269681106543318,0.09308649860742113,0.012488170346924636,0.20612545790247452,0.1554083940975295,0.00903105149303898,0.023963297297677568,0.011298608067594591,0.011034883850794003,0.004034398311325103,0.03630958233113028,0.08368154641181941,0.010597353155514435,0.011584241986158466
72,0.04858236982194893,0.06350903460138585,0.12876268888705963,0.15528280902629954,0.031145322267114455,0.07076480505313501,0.08850727376850145,0.01783947331192159,0.020066341636063453,0.05115001187175799,0.038023324614470236,0.01957356007386061,0.009420947795545942,0.06115668466351343,0.01312663162544031,0.05258785324378626,0.04816082273197675,0.03015325198581932,0.026079669785634467,0.026107123234764773
73,0.020062438131988228,0.07285220318913395,0.03680258519462183,0.025393971672968748,0.042837019159592836,0.01000616197880925,0.09745551255073658,0.03836457504278043,0.027770660042104663,0.024510501574513788,0.061539872594912975,0.03617801844247943,0.273828102018744,0.08252480409732342,0.009694361229582327,0.00929320911687807,0.053010401960008745,0.01185824849015665,0.01847993862518748,0.0475374148874765
74,0.024265974132080866,0.09775236546675325,0.00680749883196483,0.041539099791401704,0.1131394627597821,0.040646276460550385,0.04200916178042475,0.07992987041716067,0.006354210870229293,0.12167228323690282,0.10601030214594225,0.022767164282870858,0.0034938539283264577,0.028550595569302156,0.0030677861945405576,0.01793145425702589,0.01933722920609704,0.07834753156867774,0.022246203602488326,0.12413167549747804
75,0.012061468127607836,0.028058383569293726,0.02709720851301187,0.02720311241338398,0.02128250981664649,0.5912776935170624,0.02041520809600364,0.03209845459629058,0.028706753217914733,0.008644482756032894,0.023959119665723158,0.02133034837941662,0.008684002648439373,0.024275912851216563,0.03176965892014516,0.009066467152481553,0.010146174968227782,0.015309180091832575,0.034009358562120284,0.024604502137148872
76,0.04070131760178453,0.05574850246164147,0.00829338086965311,0.0021265102417019534,0.07243295059984435,0.003966159507723205,0.23442218449564267,0.00980898663212243,0.10121509066527538,0.04091489659576041,0.03346614178861217,0.011186698709217959,0.0026716152039329036,0.0232902008912543,0.15415173795117207,0.03720433334023187,0.021780780115263628,0.021697465584051362,0.018533086030815195,0.106387960714299
77,0.009463756117675746,0.2595160096186299,0.016173805773849786,0.022744191166045643,0.010825021907315678,0.031067377990280767,0.009084624241971026,0.030479370487576953,0.015744774820928356,0.060830753452329876,0.013650298156503043,0.007938709157929531,0.0046045259785670745,0.010834311755040661,0.005665517651236355,0.0043121869480842465,0.2531552975097784,0.20611831516825233,0.0193762296348334,0.008414922463171194
78,0.05048273769223193,0.1582373936834819,0.017888278248790267,0.00933778171397006,0.03701883778577031,0.007811122543453699,0.008598010657928838,0.17189388519198626,0.014827004994184736,0.06291176088328063,0.14460291368011277,0.007397518476985401,0.003972037534953243,0.010711763992864222,0.004006558945437413,0.003516689861686646,0.06429030508658834,0.18948903871935355,0.008996032745360597,0.02401032756157917
79,0.008032581680487576,0.024665423606661633,0.6244517773116957,0.022943359518361895,0.025825552637864388,0.013022440248055022,0.013766411173328053,0.02359313167695549,0.030156992694676032,0.009587492850444856,0.02647713125161155,0.05959046784923832,0.007003907135918312,0.026312109248234638,0.007494963017225343,0.006888357372208987,0.007651758482941263,0.00946393732455246,0.021065076071782676,0.03200712884775591
80,0.0067027341013533364,0.01797764414373205,0.01495957422971468,0.01693807107258356,0.02749342032079953,0.008024338546909305,0.022948264828849787,0.1903850815592378,0.019891238016024868,0.43900972043974,0.1290467116758749,0.013208312689976494,0.012727632653214098,0.016410836614377988,0.007118138709057769,0.004563466262599515,0.005369246100413039,0.011374906215080574,0.019207689342650523,0.016642972477810162
81,0.01590495773424036,0.060228715868792096,0.020565257108163915,0.036382298889854586,0.020420555992120976,0.5888078090220292,0.018167827076643703,0.01789437195740342,0.027122828994219975,0.006409884451519071,0.024572705175351976,0.019606466824613675,0.008651719291418558,0.027725496523694673,0.011044235724680418,0.007547617192632933,0.012006807536116187,0.012513073910369042,0.045250541900496405,0.019176828825638766
82,0.25710376068751795,0.48059852565676864,0.011929694654418465,0.015342092495290255,0.008168988836623125,0.008401939966060111,0.011649420019807146,0.012276368934118403,0.01306067097480766,0.0031321050473827852,0.011580445419045857,0.011262332766533972,0.0036799588704109396,0.011282410759406575,0.013838002644270465,0.07771498529839521,0.015064853339090153,0.00532214935745921,0.006591555539601108,0.021999738732991995
83,0.008164824971807476,0.036864225533388396,0.04040384863652285,0.025212708846524087,0.021550435457978155,0.6384647652737653,0.014131381749248237,0.017827278067172905,0.026058718674812745,0.007867105923433058,0.02692673098250536,0.012122803495039584,0.007086351043720649,0.023875715035982896,0.005703445606113533,0.01844051546648269,0.007211712989153873,0.014965432096716018,0.0310734969808968,0.016048503168735292
84,0.019195381496679008,0.03397340124623493,0.047249519181652676,0.031098712188920002,0.045510710668217845,0.02452386103421203,0.09859508771311522,0.11783198282722523,0.02361252179464018,0.02363407776533469,0.07173244419478515,0.02395350078105731,0.08932031341166825,0.05891125517178332,0.16589078498562115,0.007572989197528736,0.03511569117449716,0.017557854868634884,0.03220391947478603,0.03251599082340614
85,0.013906926556101928,0.050255215898746666,0.03926278406623593,0.020454047465480792,0.05578146132165233,0.14358507311371008,0.12179689346829375,0.08062291428863194,0.026350178353806715,0.02086276230993236,0.0392965719674206,0.0927294562645749,0.01973398620273528,0.07009321909940797,0.016236366964288446,0.027149608659403843,0.028812154374271363,0.017601104214296368,0.020287080898585677,0.09518219451242306
86,0.011825020054073912,0.01824193555744192,0.024665549059048206,0.04769697971023354,0.022435573420614557,0.5655009549700947,0.011026508842605233,0.0296539503692973,0.05019309856636295,0.007811959749618898,0.046778003300151215,0.026579669415840508,0.00425011751630874,0.030589685814278653,0.006439271363044365,0.016350688424074705,0.009749951989126428,0.017312559312082847,0.034675899665002126,0.01822262290069914
87,0.01408211882853672,0.02772689354864156,0.03621121913096822,0.04453318992715197,0.034303410281818145,0.013081399654475745,0.021118178389352933,0.038615676638398384,0.03744366916827262,0.01096069966273252,0.029601668607805567,0.03103526779458421,0.0068195338213999064,0.021111496443180586,0.0104851304379916,0.011297525214571828,0.013001850358068672,0.018401343721393848,0.5389458818173597,0.04122384655329526
88,0.20724811893718947,0.19118293019102303,0.009054276379588503,0.014486521852553082,0.010261954756357178,0.09311809300860263,0.006081302591783105,0.010702129891122424,0.016573237534879957,0.0033972190776175816,0.013388605813827364,0.013888641086072682,0.0017844130568857304,0.012928626097497453,0.010110947425992662,0.33611876749319064,0.02040260678883111,0.006727025714603459,0.0130129434404929,0.009531638861889
89,0.004365804161885128,0.05152921086855048,0.01613841479020626,0.010049497202747622,0.09492340295450585,0.004107013174646871,0.03554700997094343,0.007638510104767184,0.009978262496721747,0.006135621703230194,0.009852631042880288,0.008145242364935181,0.005331746411709753,0.2765546165924153,0.002854152128051766,0.0030727778139605934,0.003826369631945186,0.004331081608126044,0.05261067201698004,0.39300796296079116
90,0.010261341781754097,0.04538210374319119,0.048105772892072005,0.03164938932126086,0.08423364207206971,0.008375043325138498,0.06755528241618486,0.0172839249785001,0.03201926520788845,0.06092591422784684,0.025323698049402932,0.020663283745434417,0.006276676003347166,0.028366682028316943,0.007553422947178092,0.008607423552775965,0.007641841569613174,0.0247002015403978,0.057600581562433625,0.4074745090351932
91,0.1089616946167547,0.08737029715093343,0.0031955246265898485,0.004038230836168656,0.004223464635965404,0.03804506544029626,0.0025517872389686403,0.12676792736786846,0.0056758865072091,0.050834719171797854,0.15462265188391006,0.006511258389368717,0.0017379630121581782,0.0037000770805596613,0.0012704510515416307,0.11555717606182712,0.13067553082023375,0.147135650160097,0.004116497158522253,0.0030081467892292563
92,0.5083183439541434,0.11330597648133403,0.009223486777142253,0.021500028147577142,0.01551538731417934,0.10732634983336416,0.007745667681756946,0.017800984170407194,0.02298831761968675,0.005117131479787421,0.028169939445217333,0.012967057047493936,0.003355640124921635,0.017140502488374135,0.004507486474557019,0.029154812697905357,0.0030296094829168566,0.02947843362830059,0.02688263196449928,0.016472213186435172
93,0.09003771080105566,0.049921967962191935,0.005494607042243492,0.010861962460432417,0.005313741423885327,0.13031577569208416,0.03266882893860625,0.0467636358418759,0.008668622393152288,0.0020642177148082405,0.009577220538798807,0.015859484484989684,0.001175019962171103,0.010302528604312125,0.0025211099687142925,0.1298112621840064,0.3874652242402767,0.04635830008112649,0.008537745894228519,0.006281033771040207
94,0.03626467468073999,0.05972863641720199,0.08320048384740013,0.009197927865601198,0.005361836240254578,0.022462277567427028,0.08016691209174269,0.15679675362127632,0.01123374502462079,0.1310154867572922,0.030157950029755312,0.10586114237484746,0.0017052230618658489,0.09226959357027306,0.002668379037287642,0.030334588200871575,0.0205897746020148,0.07930509428137175,0.019864418182149207,0.02181510254600638
95,0.046716803252332934,0.029555106629286523,0.0031496099249061845,0.0049038468449819775,0.01274741793479361,0.050844359778281244,0.02235773650455152,0.04038965276595555,0.09375772519592324,0.07926730195402637,0.08132890549491222,0.10246065596501527,0.049225038653119176,0.060506592816526816,0.12945757980972764,0.07027821881893295,0.07119683493902383,0.04412334726847042,0.004810914423772105,0.0029223510254604906
