site,A,C,D,E,F,G,H,I,K,L,M,N,P,Q,R,S,T,V,W,Y
0,0.015056358934986492,0.04978643996401288,0.028293541099726278,0.02237610629605653,0.016385769266565663,0.04453799379926459,0.04346452422034335,0.018292072309479535,0.07577336672546972,0.01666130140722658,0.01898818077397302,0.02604217504813744,0.028254171130155218,0.01866591035163891,0.4761329066684945,0.03484027980040098,0.017503509994067242,0.0106545739220601,0.016024744485569776,0.02226607380237125
1,0.022255129110126573,0.019556748250296758,0.021054864674827072,0.04101708224022118,0.02250321185163605,0.5152956381782942,0.04044947730662819,0.020434078804780768,0.018981603446379242,0.012087537883059734,0.019723135629419748,0.029021225130787157,0.044707072707415495,0.028860845904338725,0.038672840283368905,0.018628291544237688,0.02749609623865755,0.019327060270651685,0.014221915501795128,0.02570614504307814
2,0.009967576195858549,0.05202749775510724,0.0438382765835011,0.014317452031637687,0.015532898727200949,0.6743896047407181,0.013186164750664928,0.014607992261586667,0.015393985723237682,0.006162722648756496,0.014613591593045249,0.01525982936152394,0.008379212657486965,0.015597098989706492,0.007037790972687169,0.027893919560008296,0.011156219912462498,0.013507012324139736,0.01166509683775342,0.015466056372916726
3,0.07518576740653836,0.036462162297146314,0.016867305514857944,0.04410628906040431,0.018892923905047303,0.5729711718576649,0.017814771728989095,0.018662919654253353,0.018655176037833867,0.0076734062255443235,0.018823140713259322,0.018617218477462463,0.010251952399716428,0.01921644763515859,0.022901285631417554,0.009820356011095098,0.01206155506946899,0.01712698361481872,0.02200155966850595,0.02188760709081719
4,0.04969423492453229,0.07174646090121685,0.03724198136530131,0.04126369479218123,0.034231627912459116,0.025795983662677966,0.031154175605361767,0.10368272208058305,0.062030782679198905,0.04413470392656135,0.0391654812892284,0.047925142177629644,0.004530891260464648,0.09782260777302502,0.048095330964907784,0.0676593722971853,0.07157103249545552,0.07781286298868335,0.012835831670779901,0.031605079232566606
5,0.1351425870308571,0.055390752503104955,0.010384774631330874,0.03479272320720816,0.0118838762115496,0.4651311774635458,0.01162163350768826,0.010388939239149374,0.012991750008984913,0.0038437894478002155,0.010719222227511887,0.01121122880032035,0.0048530842079736155,0.011630131391624964,0.014150765822424347,0.15610576943940518,0.007838811316522967,0.012093243670329245,0.006748767968189219,0.01307697190447886
6,0.04262228023193454,0.041585805897882654,0.08505373864030824,0.12105230869404032,0.04420833656778337,0.0077295273244383685,0.04490754829836438,0.03270914125567043,0.010640514986222606,0.03719137021514219,0.06826057436451315,0.05080469219435996,0.008412823878342758,0.11212708910521514,0.00831452256359903,0.05152786380329492,0.04642852508152062,0.05500444973869064,0.07091530049019056,0.060503586668486146
7,0.04289764093208198,0.047694240417218085,0.01469576319023915,0.014839364077575551,0.014898332612393683,0.006821180004386179,0.01402859254491761,0.041731574106365917,0.013460834555041384,0.005834089708056579,0.020508862737822302,0.019610877589436804,0.017506621263380664,0.014788453148768163,0.005515170946423103,0.05452874740800504,0.6072024027389052,0.019567024692295428,0.011107189727943742,0.012763037598743388
8,0.05073030351672279,0.1453408634523713,0.0044625729034923735,0.00643895990209701,0.005499221810123585,0.011104186603968941,0.004010139487286351,0.13376436004015027,0.004784023325004106,0.16880146764296947,0.013148463729957803,0.015689820996654925,0.06340150490429505,0.012532392173435292,0.0035851258233417535,0.039249124740929016,0.14238970561803635,0.16664666555763322,0.00424639776091343,0.004174700010616905
9,0.011696568048280294,0.016387400367759573,0.015450686317727164,0.04538098062928562,0.016426844280636933,0.6737268270522345,0.015034422016461303,0.015227486159145374,0.021285222269647325,0.007430799477379585,0.019007739911726242,0.01946588763872747,0.009316301752133245,0.019035651892052367,0.03322517516262925,0.008973841393776475,0.010534988671472683,0.01633724404655537,0.01163047657605215,0.014425456336317035
10,0.059019545272497385,0.11517048861315217,0.045614588182807114,0.12796944493741275,0.03142564009755297,0.018707791861235428,0.03776755098242036,0.06397875499746149,0.01979210001037557,0.03645812175243147,0.03698393773629959,0.03369039655566135,0.0021416861304334287,0.10382493087734646,0.022783561090688673,0.02641934546122021,0.019592504758017996,0.10028883051476688,0.04952175049889279,0.04884902966932599
11,0.061967841315048074,0.021796820671351982,0.013021790069998344,0.03374415424655206,0.03478483428663459,0.024535563333506816,0.06439935653413491,0.06519467927318956,0.1313834711200609,0.08333041450840348,0.09162869417762086,0.05431974426926414,0.0043801299839743004,0.05708039417330476,0.06062264675968562,0.041248881534479816,0.02577592438872969,0.10157161972113425,0.008975507203637677,0.020237532429288174
12,0.023871552030670973,0.050726856115310914,0.03530780646885092,0.03325775834444777,0.038063394140118716,0.02310579000385962,0.037164672478724334,0.0324137063146006,0.03477814604904517,0.034655204937321084,0.02964864026502623,0.03717660582799475,0.0340526324138249,0.039306650325483146,0.04550188890180478,0.0316242027173673,0.03293696530690566,0.014660562514368513,0.3274637385196957,0.06428322632457889
13,0.019294946704794876,0.025065772861433147,0.0315840975813722,0.03388926563456061,0.029597840061349676,0.011793067297753819,0.0558738761245916,0.054217844740116206,0.41494803712281936,0.01510154051588998,0.023242270053001782,0.047205718675520536,0.018205617142768752,0.04332155320447117,0.0491002246059691,0.018056676709231733,0.04163755574852159,0.014312570819682513,0.01840275768976166,0.035148766706389646
14,0.05594503004153031,0.048631414584625006,0.03417065449586159,0.025196100340121375,0.06144469821925853,0.06936580983697456,0.06547638630391284,0.0644135929607777,0.04148180579243619,0.03967285641328816,0.08187760016399287,0.07699582808602885,0.002111658962357655,0.040240199416120205,0.03772721182097186,0.0709288283859016,0.07002813859948791,0.038306482038952865,0.03216691951317802,0.04381878402422188
15,0.09099726519545276,0.049199411932220244,0.017255552924671954,0.054137352336718146,0.010487775743141386,0.046396442941394445,0.03298675405872295,0.017009485480294798,0.12667484990183442,0.05233484653450888,0.0645687582643888,0.05948232754733748,0.003224913425861685,0.08041629034945552,0.12208219538783904,0.09580647035710993,0.0491094264737304,0.018101581701292203,0.0038963462344965426,0.005831953209528414
16,0.007283266439952077,0.01610184565893158,0.01349743713294415,0.013294232758335583,0.011822203690276414,0.006020631692575801,0.011848616839083545,0.13542544068308465,0.011958223581808479,0.3073820987573866,0.19589562411209535,0.014442488852572571,0.036766838882089786,0.025237358434768885,0.008954497203678483,0.005548784170951415,0.021371255500240247,0.13675968670376892,0.008925336311204379,0.011464132594251055
17,0.05939525694144219,0.04824162450379129,0.04382296173704155,0.015674732155586433,0.01322555605916752,0.06911976744579941,0.0316468996854456,0.04223202567429129,0.0450285015498795,0.030496460252204857,0.03609314109569884,0.2725170379947341,0.008660583567811802,0.0426843166692474,0.045433623294131496,0.061190194633647464,0.05334773953719074,0.03682454057914295,0.012044285309522507,0.032320751314223094
18,0.053353107313613896,0.06446125920219577,0.0361407685745303,0.0707989429814054,0.029085228012762334,0.07962233052503721,0.07259981418854075,0.05870845935822296,0.032326304886258046,0.06365268795548007,0.0565939886417323,0.04527582115590704,0.0030638862818648037,0.06369285703814591,0.05384283446371465,0.05405180803064219,0.06137501798195636,0.06530516254303535,0.014994770307201,0.02105495055775361
19,0.010088855925937229,0.0465518869273308,0.014110024181100106,0.01019300303675539,0.14375561038603016,0.00718288825584809,0.015055083377726658,0.0422620844744929,0.017536353155405724,0.2449527728697617,0.2333187875719802,0.011395216339262203,0.00505195740528432,0.08117067929323644,0.006145352730830312,0.0037549749228216554,0.02641150803547117,0.02312111298850789,0.006670960521858066,0.05127088760035914
20,0.08157773236931486,0.05470199465049851,0.07662721503283398,0.04018815298577311,0.009796112992133435,0.09826395839014979,0.04133255803547496,0.012713049636788253,0.022400015324699634,0.03298337348338558,0.04354443685029508,0.06008868850135928,0.07220746791890667,0.07518507415397585,0.02879722800859737,0.09973542188522527,0.07751277635058089,0.044562099039900056,0.006990398186743441,0.02079224620336394
21,0.0936180949046973,0.02617102717904452,0.045337879803782476,0.02986524333152289,0.01068183967462451,0.08258428582531512,0.06118241873410685,0.012462134332693183,0.04553855598677813,0.021622647972755014,0.037834289973042924,0.04799480191780997,0.07238955107733579,0.11321192289567422,0.0687166511108095,0.09655101445716124,0.0884173964271903,0.01887387920752392,0.009614274595911363,0.017332090592220805
22,0.06731249252173922,0.050263557728015655,0.04295608177681085,0.03518193662275144,0.03432244828871689,0.05868001764350674,0.07209988294405159,0.04441925106861424,0.024673433203263123,0.05500227507315277,0.06911143394697367,0.05336722036016007,0.05568628891152987,0.07682806958334461,0.02368484808482585,0.06407043462298205,0.056103973404825126,0.05346815964562809,0.02218405858115219,0.04058413598795598
23,0.05859841558138618,0.07554396707805461,0.10038662604056492,0.11912018834403594,0.011464089684224514,0.04535084010107568,0.0662718322236689,0.02404172019281912,0.023977832526070473,0.01999676325190171,0.06018010642333663,0.07385245572170117,0.011176440519579714,0.10958621112154314,0.013372947335006402,0.06341209153724885,0.05893732527134408,0.041507078887730385,0.011109020067394457,0.012114048091313142
24,0.01759512351650083,0.03379987605374797,0.026791157527942953,0.01951766740696462,0.34385427808554736,0.009727532183681685,0.08711220269266885,0.0471786089058997,0.02070574413475412,0.02843110656376679,0.01782014361151878,0.02862449303979912,0.038006123630083564,0.024865991498007264,0.010043913618752795,0.03702074558411661,0.022559123745376025,0.02094113316782213,0.09555010131679774,0.06985493371625107
25,0.07970103809302066,0.040665849007686924,0.020586204546263004,0.019956824736053883,0.08290956198605222,0.022119353532075975,0.07261666893059872,0.057671440516223305,0.02559855606586997,0.05459179568148137,0.0672171277968992,0.07362226914613937,0.007134669131222078,0.07262753944559751,0.05276581898539679,0.06122586368836675,0.04537872949637639,0.04574469737047859,0.01154157383973121,0.0863244180044661
26,0.02106019500905786,0.03674046363131544,0.041424767669678876,0.04479999722549859,0.013849371538529725,0.004820593140034032,0.03910311343010194,0.024120517484226837,0.11542839442521598,0.009338559038395736,0.031242565350537085,0.10970550210925063,0.04468178032928308,0.10049432930200225,0.0735407017683629,0.1258449365729479,0.11965374252891971,0.02444015950117891,0.005433700359216972,0.014276609586245598
27,0.014217874727275114,0.054791874742780806,0.03630921515133244,0.016670954099524935,0.12494887226921188,0.01025009421710192,0.054233695977273934,0.023782054092546398,0.02071677265203238,0.010731566879449699,0.02056341638232761,0.03531396689541635,0.017176920166433053,0.023486088796762963,0.011088342744010882,0.01963473635742443,0.015497554642032273,0.010830435533217856,0.01800457621319777,0.4617509874606473
28,0.01866294268430546,0.0439552812371815,0.024130668383022944,0.05070958791966922,0.019678794166254183,0.013860799347621251,0.06231599593497342,0.051115803747925175,0.3919106021224581,0.014350580238825872,0.017957211218201978,0.0332480063369029,0.016717450386588565,0.03595818414983782,0.08273228572754436,0.01732226584534226,0.036392940747975236,0.020701683276491356,0.016655922248721967,0.031622994280156504
29,0.08011926097420981,0.035091698393185516,0.010817181463402763,0.03148158665833555,0.017321576164640532,0.04512731444896679,0.039752069358484333,0.04470783242219354,0.15603371812675182,0.0427354711982754,0.031877723696050804,0.05619622377387685,0.008716731102507355,0.06108222386985051,0.12980674932321126,0.08009074764841204,0.048414519786568744,0.05895638776298586,0.006393142926772673,0.015277840901317825
30,0.1369116458405127,0.1333038818801779,0.035067059422039644,0.016754420648122142,0.014851571638101213,0.01832502935154354,0.0431987424579805,0.030707711395496846,0.01688178194212635,0.022053879602114426,0.025775055489806884,0.11731313542957024,0.022744732591009693,0.0349115132462875,0.027847526070546382,0.1583211512215891,0.08821496065892583,0.025293100673607547,0.018513939363127743,0.013009161077313805
31,0.1765502584663855,0.05336375536626195,0.038993122319888704,0.01927871456420585,0.01819370719325875,0.36554302775871017,0.033503889831391374,0.020461617147900703,0.01810786288872507,0.009184010848085275,0.020695587848118906,0.03896580698070352,0.01226409824730304,0.030892357672701928,0.01084868001839953,0.060819162688928806,0.012427191039292207,0.021441746328369482,0.016895590437182754,0.021569812354186372
32,0.021465161636829395,0.11213631604913148,0.023907562612511393,0.02492098247272209,0.033795724999868396,0.010918140254212253,0.02190389587019635,0.3311383812509792,0.019583611432838512,0.02115034661298418,0.02729177231513674,0.04006939173613406,0.013913348774318263,0.023730952355073276,0.010044646766771428,0.02519239482959665,0.06666955728937358,0.12564957502535765,0.021346393769746282,0.02517184394621883
33,0.03754086891371371,0.03595984875285142,0.012514924222345583,0.00937013550363373,0.02826660364221151,0.008574300322330248,0.04361757110637041,0.049747620600347466,0.025092059042749037,0.10133243763100856,0.04503868151730253,0.040461362825806986,0.010843010289331358,0.07412568561609273,0.02390886245139823,0.07280286499227141,0.13345160008392756,0.04510262605201481,0.1544868635488125,0.04776207288548027
34,0.0331797407082788,0.021165547604680476,0.071315478084593,0.4703740172494788,0.023703962621447524,0.056094932817410764,0.023906352522208994,0.020536742424312585,0.03402489903372974,0.01316966529903269,0.026161692532499444,0.020072535568931883,0.012949015536238258,0.038326982259434254,0.014517789429512465,0.0196764260579621,0.017592326537902648,0.03495998759074474,0.02354359428587341,0.02472831183572752
35,0.04890658789719631,0.08495530570556015,0.01600889756462908,0.024843836727270904,0.012280661897601122,0.011490151331990278,0.011745571965025653,0.18952804142661084,0.01747821871828284,0.010453955150837434,0.03165026867510323,0.019176789688148576,0.06312412694225923,0.013389259817370101,0.00480058617336528,0.01800678718740422,0.12111891071953394,0.2766254300020513,0.008377046810626154,0.016039565599133363
36,0.10226808894832716,0.07401048451497114,0.029097465817168034,0.03591994753459784,0.041935843432920845,0.06994263545306274,0.061410062033237095,0.032291866200870385,0.01926303589371216,0.050639359883106,0.05128808406923401,0.06700180522282949,0.0681127033586948,0.045399855228647555,0.017938655038029234,0.05119103190935753,0.029682806710788382,0.05765541186785895,0.043955581337464744,0.050995275545122
37,0.0234735888322581,0.03554708892143024,0.03338789138235543,0.02502472793463636,0.02798373579877968,0.030315635971213586,0.03183533577121211,0.05145897628594232,0.04717103686230804,0.01935863653851064,0.027411810450482275,0.041083293096820316,0.03198068513417696,0.029072292341575625,0.3884176327010929,0.037512757263619426,0.037876985794839356,0.017886081536248283,0.02841380160561069,0.03478800577688758
38,0.10101394945106441,0.018841561758237098,0.12783172648691346,0.19591392785471606,0.024149361239539893,0.05075900945247202,0.025330350803160522,0.04108864689257387,0.028926898359078492,0.03577252868449544,0.034955714842149994,0.07434215133538817,0.003918010680619438,0.029983141252044872,0.005689209791576622,0.0445042440055979,0.0593517269943653,0.03725221447536773,0.03756221684107476,0.02281340879956395
39,0.04600819384975086,0.011577071695020832,0.07794157975209352,0.1436692110017895,0.019261915203510064,0.04031364466219169,0.041786292267967255,0.0780700836819583,0.01735163696664056,0.0663577859792691,0.06317340250843238,0.043346263148290466,0.06846956481638422,0.06619157308499762,0.010762212348037778,0.03504503675798909,0.07931942480999415,0.0632644517531472,0.011644097936735659,0.016446557775799734
40,0.4559729746549815,0.023333803965733337,0.03248005277474387,0.017420038654582037,0.01913912760802893,0.0203021648800611,0.024491312308562215,0.023745315362772593,0.020923808195138584,0.009558359363993019,0.021484952283183797,0.019327362444752094,0.02920896239127627,0.024367145972636187,0.009831140558993694,0.13790393661396963,0.02816567822792233,0.03781551858975263,0.027334907858056645,0.017193437290859506
41,0.08617647207425132,0.041263127389576375,0.009629833203917982,0.011706080149077829,0.009648818801153881,0.008806862030950761,0.024541134446247684,0.09184083903406547,0.08891200013059823,0.019876721880621718,0.050419334402528236,0.01178277155880362,0.005210104644055529,0.08196291312643507,0.16371344670055824,0.056519239942730455,0.09880738526282963,0.12018719701946544,0.007958401906643927,0.011037316295488596
42,0.08626970661302974,0.04020839983018303,0.019562659178038695,0.024348022481252896,0.02398676364984018,0.026468463586365277,0.06020891617399598,0.05386600520445368,0.02145505008183883,0.060453329629791115,0.06657932182127435,0.07200650634127996,0.002454480945256162,0.078063419258188,0.10073461791570633,0.07782779816319314,0.10033680034300539,0.04247664688938089,0.015534590346052167,0.027158501547874234
43,0.24744710831306738,0.11710185390069121,0.016181175588463638,0.023883787583515406,0.03759470751042426,0.011901994625046508,0.057512211452431405,0.03100867125602626,0.026296999547478522,0.06769860627499914,0.06274293255735756,0.03580769911549722,0.00768522161785642,0.05396012994827339,0.025669879895349232,0.07461093353645988,0.024804430801260925,0.031664937026859276,0.016573100517263323,0.02985361893167904
44,0.014459985507509066,0.0196405977046403,0.011190243928203362,0.015197425672900305,0.10711845129708857,0.00970794814752682,0.051510727563274655,0.1911833942636788,0.014404415880155489,0.30090924819438836,0.0799009945268138,0.012223418065144648,0.02274923991414229,0.025460412877458063,0.013278194944581967,0.00525871759677975,0.009495326851148579,0.0592220968785289,0.01907244817199901,0.018016712014037217
45,0.06575232733581103,0.04251372168265661,0.056991250223372064,0.04386503207784006,0.023761042823328037,0.04795812079030184,0.05771804923274818,0.04503505691781943,0.07990237486644271,0.06967496791151,0.06744134708163844,0.06138823698612821,0.0014557976036259324,0.06799810477097849,0.027875834266767707,0.06871165667884943,0.06958461593140718,0.04892232327648244,0.013015457886051527,0.04043468165624068
46,0.046703455872894616,0.06479679893251797,0.1350736380977519,0.11042785697356265,0.019246368361121247,0.05515262894994394,0.04424511726633703,0.025589051349485168,0.016485381258621905,0.034006136930719515,0.051535334210114886,0.059665596343767086,0.002382184411554376,0.08910415618194086,0.0141739251944872,0.091635274756404,0.05981576675911881,0.038807401545570046,0.01545928917655643,0.025694637427530392
47,0.051291997191627185,0.05611414581330416,0.011139799449535687,0.03324993976821174,0.018484557339921093,0.17220103823154342,0.09688739719337429,0.00663219356214823,0.09077904275330266,0.021911799058699846,0.06279243381381089,0.12298616731840577,0.003671835672342305,0.09509507408979508,0.05824610807226068,0.06111477162147109,0.0049965335204212305,0.00922510230757531,0.009662579259024327,0.013517483963225043
48,0.048907583295321196,0.10592630991207953,0.04019207261410867,0.03639809331755506,0.06024638446321506,0.01957202837499814,0.04780584951942531,0.059173438826663184,0.035502432508148635,0.07297169473693234,0.057300254195711546,0.0617419460470002,0.02810097917006875,0.039430182561968674,0.03629121959033119,0.031278444088324475,0.0607300266005933,0.08118344624053837,0.02032621740415273,0.056921396532863676
49,0.05784696099759321,0.03689387785412119,0.09808731890747246,0.03232990905491085,0.05341700959008714,0.03612006296341993,0.02400338169926508,0.029895818123534156,0.0624966474942035,0.07896160080534315,0.03791960985504939,0.060966251056524416,0.029228004576941403,0.039417653972441326,0.0409750267794098,0.05884008293352544,0.05076887611820382,0.05448647791849795,0.036946365944939,0.08039906335451683
50,0.05050443436296018,0.06393830816912086,0.10891213427331177,0.036737070064127735,0.04448114289975875,0.056747764848208,0.0635943625022186,0.03493657052349713,0.030937505474657057,0.031463587745817076,0.05081109952624938,0.10053486118712329,0.006990841788311136,0.050492874836311284,0.021255919727930898,0.060059014556362096,0.0738267165493217,0.056766447755998574,0.03133444518139572,0.025674898027318736
51,0.09881257812611875,0.045305317076940445,0.025046967089369168,0.0728760045381167,0.02014899255071023,0.15174013386783458,0.05053434134624483,0.009872475609797366,0.042824128617401536,0.04002100842506434,0.059101519063663864,0.043936768209381825,0.003089825914914367,0.05409820025253497,0.022962925763523004,0.15443593056728602,0.07035857335064823,0.018163458772735182,0.009880362356472388,0.0067904885012421345
52,0.013796611806789113,0.019346748152750375,0.028201015398093606,0.051823979637927266,0.019952999491040038,0.5963375229668131,0.02216888068930177,0.019797770850413735,0.02031054148706041,0.008576330905187316,0.02139850601813313,0.020277293146694676,0.01078262935948794,0.025704899017411454,0.036498364822731215,0.010106872898858433,0.011545804274707278,0.022544794900004144,0.021908571994618056,0.01891986218197692
53,0.0188581874234008,0.019905386473591143,0.01116706033302372,0.009747787518022135,0.23300714286497304,0.005711507604053808,0.2812712684888805,0.011360033901444291,0.008430291500138267,0.005483908241697638,0.014822663752187241,0.013589269489695008,0.00473921386075257,0.03222648410186276,0.021408573752745397,0.0052771635333899655,0.007416253700574977,0.02682885820493461,0.1532966721673359,0.11545227308729623
54,0.24491859025908844,0.09262780387188292,0.020293218332244137,0.012848509507673744,0.010949875634452733,0.016394659201144406,0.009069970804630616,0.010184252794558606,0.010881289652378223,0.004989386895104265,0.012510962930632863,0.010152270241619852,0.23925526896785523,0.0115993407560038,0.005052096530060794,0.16817806463597826,0.06715138147826503,0.027310233236161788,0.013806854492804492,0.01182596977745988
55,0.03360701264843866,0.025344288792393588,0.011638337346893837,0.022021271356336174,0.012908868206336967,0.01500069814236829,0.013125890112426958,0.04048631039725204,0.01096563909811879,0.01543196829915352,0.019232324293689165,0.00999533722184846,0.23358578600138005,0.012060220122331086,0.007676124501126334,0.005106126768680394,0.029013536018104292,0.457902879928663,0.014509025576703678,0.010388355167754638
56,0.013555791742274515,0.022403077636721575,0.01564270211764757,0.021933459042032075,0.045929075846401525,0.013209340393142624,0.012830997974439163,0.019793105577571867,0.023689162828412925,0.010008111672515833,0.02478965733871681,0.015440454859951073,0.04216192926418,0.016788781392878784,0.008547446820225927,0.6104825087184015,0.010797411471334404,0.011670299897552812,0.022626584509842496,0.03770010089575659
57,0.01628990619475322,0.04530710254786479,0.02291683781634593,0.01849666442902052,0.02237251542835027,0.03211624087024891,0.018483092949121444,0.02301713701459976,0.021886919139969194,0.020965173040305467,0.028736338765762995,0.01890909376069389,0.021005791753310927,0.04063462675002561,0.492063133174524,0.04289383455105384,0.033053515877190444,0.017969334839894765,0.039411398682887434,0.023471342414076637
58,0.014370669219623877,0.017834628806559897,0.016462422680890362,0.05222798991102535,0.021651535290077104,0.6354861366080009,0.016054407143536203,0.01962586581518284,0.019786483818133953,0.00818648948272577,0.021621682945872273,0.01782696493264856,0.009083570820162886,0.01613150115294516,0.03431577710368446,0.013913523254513713,0.010233594343821642,0.020296808481629524,0.01808527442566999,0.016804673763295613
59,0.14859132609677317,0.04803166061272885,0.01753773665401679,0.0164247395422829,0.015740759251542644,0.03392411993093373,0.012051908080684104,0.03321571712722101,0.02801926417966095,0.006612533637966682,0.013924976935379656,0.03175196935030496,0.010578841526429893,0.013046701342352368,0.015316157562010572,0.26373517653499584,0.1223460590173246,0.13342205488564454,0.013749153842722026,0.021979143889024708
60,0.19213279250020654,0.06032676646447258,0.02301660890061846,0.04146424163101568,0.05364312788790484,0.06023284533665957,0.028795148471618248,0.03074728602825984,0.027720875555194497,0.011950893726683854,0.039769932272868284,0.031211816471323886,0.027827414019358232,0.02357872676501756,0.010352565359789062,0.16020820364043623,0.06596543830597855,0.05397707264672754,0.020493332170148825,0.03658491184571772
61,0.026104729010451317,0.020781509226059376,0.02636217243392014,0.038581322230591984,0.021204773784860822,0.015589988898057629,0.029681947355513025,0.02689032209051673,0.48318284628110825,0.00996115874771475,0.040061184671124656,0.0485525116518442,0.021583310874106587,0.03583553509338474,0.04343065982520913,0.01441285756018275,0.04374531456711602,0.011494849854824641,0.017847131638882272,0.024695874204530968
62,0.007081812748385239,0.01597918941571619,0.012675563735547011,0.016479080903243272,0.2106549658310752,0.008554076414567438,0.02204998862428324,0.09853391762259363,0.01276502725791781,0.4387586298610034,0.020817640825844398,0.008785593849345462,0.02653495080958346,0.013405737182212425,0.011385143628568198,0.006626810747429038,0.006630029414028027,0.03669950086171217,0.01457846896018739,0.011003871306757042
63,0.16464771424541738,0.0604434105817083,0.024505141760020346,0.05331208360803643,0.014652949483441964,0.0681128834844371,0.010959695472318684,0.020601348589524417,0.025075657308724453,0.021018390168362027,0.10032157511273176,0.013181688329254197,0.0022876451295048765,0.08922415074567913,0.06900410334783523,0.13315519680252344,0.04514528213584182,0.03879261516689409,0.027299325388518526,0.018259143139225737
64,0.011253108440174282,0.02612227812776594,0.019722189661721717,0.0182504479143988,0.0667521399752433,0.02410142727179193,0.014121372802170113,0.015380118680936675,0.015871547394686613,0.015376815444442261,0.015870638717595847,0.014112921663556587,0.007959731284168907,0.01547206677907903,0.035645089327319676,0.009434687999018311,0.009932152511727623,0.011966494617106438,0.5737053923746883,0.07894937901240748
65,0.011345322613382195,0.02214528791256798,0.018909295086527774,0.02187588319976524,0.03620338208067134,0.010870411791083404,0.017083346580980683,0.02471107510512348,0.0179103125903596,0.43689871758759996,0.18663713222366293,0.016853369055237568,0.008864245053150768,0.021621565579451888,0.010018207624302904,0.038840784432356876,0.011954252812825797,0.03485350098054782,0.03140337824272846,0.021000529447673336
66,0.11939662549874568,0.08969552140671001,0.016717736827276408,0.030457039064377387,0.018981471873991625,0.0192152186263277,0.016913775025364532,0.036875488543709374,0.017922607510193384,0.015177736191201226,0.040441601252120284,0.014358938295561124,0.006810556170795738,0.018909632545616378,0.007066192456913821,0.036466808198828346,0.16206011730730657,0.2962815591477414,0.015109538981692502,0.021141835075526444
67,0.017729509066205223,0.024329064489774854,0.09613093754056477,0.5362157962378081,0.019453313018024925,0.03659806369729655,0.018263583847933213,0.018662599418109077,0.05116246773281513,0.007273728612586231,0.020197845794404604,0.01221804978801015,0.006520026557404915,0.021481716374918986,0.019587506490974894,0.012687140861336628,0.011683179142988706,0.03490200494810144,0.01923927403915452,0.015664192341587165
68,0.013073876616434145,0.019350776972047245,0.02155309747200294,0.022747208940491672,0.01884858084122586,0.046305715454937314,0.014260132563541557,0.03724180581887407,0.047839395641964044,0.009027893940121543,0.020503327310957466,0.016419009335898245,0.009541919883129793,0.019844600359522225,0.5874724144951344,0.02724726482051752,0.015447576617034766,0.014875627986103061,0.020115431324077764,0.01828434360598424
69,0.11121655012176627,0.01808922607983938,0.10703971998732409,0.03197066738971121,0.01082645774000295,0.4870824274990833,0.008311592505105736,0.009256903551969854,0.01174860029977265,0.0037787439957715115,0.014063457358265606,0.061341624702776536,0.0032034553860880595,0.028509662966068747,0.01466137955547917,0.03990813814250096,0.004743039059779897,0.012416814566589135,0.012553397848599497,0.009278141243505343
70,0.007038964938750828,0.032735978071515806,0.014587972060426314,0.01128337336975853,0.12772553446331572,0.009523825422544095,0.051193338077764244,0.06515297336588122,0.008258008689695564,0.2761098701304083,0.11068038673028462,0.008934709569507157,0.002940195385643357,0.007704639777186737,0.004369565156821403,0.007400518307596538,0.004775604870547362,0.014584839068623531,0.03599388395641286,0.19900581858731572
71,0.022116780485709458,0.1545293806738677,0.014623153780444027,0.01614090814004047,0.07728601615486115,0.008610600221322887,0.009624275858395911,0.08970893559104785,0.013947589322826763,0.225685820022705,0.09032376526707249,0.010797386468580644,0.028482592339571604,0.019700357596038543,0.012501496850111987,0.006340935219864071,0.040581455898807635,0.1320059142891178,0.013209856591128845,0.013782779228485089
72,0.04930545213239715,0.06270140470702015,0.07526693662922179,0.13331378751030648,0.04393450247280126,0.06054775133648469,0.06844337792519242,0.027158764547167754,0.03466372958643179,0.04315420344998222,0.03661592081664248,0.027859325114999476,0.022075477809533266,0.0624727852277572,0.010683341831916321,0.07214426629735968,0.051795049650712625,0.04583780427466597,0.03452725176714144,0.03749886691226579
73,0.03570749609215755,0.06888650424300896,0.028870971222016994,0.025238113292186382,0.031379326385690805,0.014468480671608941,0.04986968338051031,0.02975410828452087,0.0243883838775617,0.04447232792784094,0.0782044655109843,0.029350305062761914,0.3395292142493888,0.03516590921547031,0.01620719321351324,0.028786690424031477,0.04109310287182609,0.02514829688052467,0.02072032233520923,0.03275910485918655
74,0.04121421816128661,0.06183562018848204,0.021708974410027348,0.05527592181304697,0.11349310349731823,0.03829597628115133,0.053783448335098245,0.06668388758802483,0.009230006105046387,0.0887381156070171,0.07648437925931022,0.0389622902454652,0.0049173849036919515,0.036412588675613373,0.0056488369720366916,0.030263793776897807,0.03160366848142435,0.063461278517313,0.023206858438273106,0.13877964874347518
75,0.018702015176439216,0.021911903329435937,0.02154060456712649,0.037381771410571474,0.02130915440422848,0.5788466582583803,0.019054275009278504,0.024576305273316838,0.021671148091377754,0.010336801431218763,0.021374347470930703,0.019762485818480186,0.011059233752259255,0.02115315521699825,0.0465943714214101,0.011064036391480986,0.012067934036808456,0.028125468453121343,0.03249542339239624,0.02097290709474067
76,0.04480451389963653,0.07013045533187699,0.010508288683245699,0.016756045992437792,0.059611471414601526,0.007114413303497794,0.16878430731703398,0.01706355600364863,0.11178393617499953,0.05549315096980537,0.03731628022555541,0.020188558118531524,0.00430920537002611,0.029424030855023417,0.13973651277269353,0.03856170925989549,0.03139008241651687,0.03637547003456943,0.009819359335349664,0.09082865252105476
77,0.025740786268481763,0.24203845978069916,0.0207000870455631,0.020826624011576828,0.01736803591131583,0.03441538452273175,0.010934751359190184,0.04241377790292802,0.015903639330103272,0.0636778342905296,0.014817360813920493,0.009336876883628784,0.006589927102819919,0.012771951834223152,0.007662059168121328,0.006021470130259725,0.218472203899134,0.20171630232048443,0.01851494308313213,0.010077524341156614
78,0.04205891143611662,0.14296883578292258,0.02568785481239973,0.012795427517332467,0.04305142383258408,0.018966365561513498,0.012210879427206695,0.11885464567984028,0.017734729183936735,0.05419188957879135,0.11174098883047158,0.010724998477803414,0.007156913724012603,0.013959624609870602,0.00680697276814506,0.006219599787072263,0.0637707654985397,0.24681437538110096,0.012519838294018955,0.03176495981632079
79,0.018400201026953524,0.0207552716121074,0.6087630933783953,0.02945311815416919,0.02190156750672705,0.035953900655676725,0.01788647781525196,0.019624626969449232,0.022999549258035486,0.011067261054275473,0.02132905384983708,0.04204832961035627,0.009650730354563484,0.021567211347473688,0.00927163050867517,0.008681696006379544,0.009365104364677043,0.027110339255929445,0.01979785888587156,0.024372978385195355
80,0.009023946357054126,0.01781746178555959,0.017147163171138808,0.01758561955470286,0.03636659485886897,0.011074626141100935,0.02896079275189899,0.14316225927620482,0.019309280660101024,0.4994844230159728,0.0531053654669689,0.014706658959314061,0.029959581590477517,0.018700297037947455,0.016796801386176372,0.007343543033335621,0.00803784128156997,0.013752636995828493,0.020031872027937107,0.01763323464784172
81,0.022836738644872803,0.031566978972235656,0.02002321022331392,0.04266195650958749,0.019357147410189183,0.5908258269943274,0.018288426141967764,0.017032736797266287,0.022747805636973897,0.008557817762153818,0.021614706499361216,0.018545000727098016,0.011718486551715307,0.023285099022710143,0.04122102347470336,0.00960812227841377,0.014121674715618851,0.020362650719311506,0.02768459989003219,0.017939991028147303
82,0.2660998349722838,0.39012240271875037,0.011721152703407164,0.013028641464598785,0.013613696951868176,0.01099936485446476,0.010573067343154552,0.01188445187597201,0.012044167663226371,0.004038752108222492,0.011565201895734381,0.010928375562229824,0.004986226531222597,0.01094791941753185,0.02463008739606118,0.10437316206728407,0.03130338839959171,0.006631312777707465,0.02074859272261616,0.029760200574072276
83,0.014233072625232185,0.03726546500575966,0.04113210365643304,0.021021497456353178,0.019764232580180625,0.6301158080139354,0.014879358485426158,0.017657474369789646,0.02222727055311831,0.009877474913986642,0.022484239730272807,0.013753955902427053,0.00943123797570046,0.02152096288119441,0.009400108865065713,0.023681990292077366,0.009558050472964806,0.02149513783295434,0.023900049514158223,0.016600508872969915
84,0.02588713340303923,0.03243830042430059,0.032876580926709933,0.030685952862734914,0.035838657365867034,0.03573189708401186,0.04293169701731006,0.06778405745311965,0.044758579169220665,0.02799884487911133,0.039336393435631466,0.029472783973944584,0.04010061591147485,0.039014837606143236,0.30523103212311986,0.04008807588429076,0.04211249377005346,0.02501679248043229,0.029954230264495466,0.032741043964988746
85,0.030532287155485376,0.03638231308110199,0.03518754824277568,0.0314169297992025,0.03929124620889044,0.3018430467087568,0.04566568439567528,0.04110598562877922,0.030540511972403678,0.026603917493283728,0.03556744165083272,0.04290869655823371,0.02898773730092225,0.04043568406473914,0.045254728788656384,0.030641284237163644,0.03153777441708255,0.03229978111692326,0.0510930364548971,0.04270436472419462
86,0.016297186859382706,0.028283583895437715,0.041645430249500376,0.03004931697342215,0.01992478081328481,0.5782401556080294,0.013148624384372578,0.024140139228333555,0.030466322028179765,0.009839679202446232,0.029846544134428072,0.02319143191253503,0.0061554470819474546,0.02532561482941936,0.011217182907742809,0.029563960270042544,0.011676464517985591,0.026927637764735224,0.025762350571478566,0.018298146767296148
87,0.015897612063797195,0.03556929390781153,0.02587368180209085,0.028035165879310375,0.033013581734971396,0.027155745502292064,0.020107573170949588,0.02774090397570046,0.026753352658043763,0.022889290709641307,0.02630656047911831,0.023524729628546043,0.009158570010885334,0.021914398280962904,0.030307617182496385,0.014310083455115053,0.014097817226729098,0.017945261842079948,0.5534862875505897,0.0259124729388686
88,0.2146748489266441,0.1699346663931497,0.01025743286238391,0.01411301086521532,0.011894344306810483,0.08612310598331811,0.007038917797172632,0.019015393840818948,0.01635500711447132,0.005046725497313161,0.014051007438714999,0.03253631537462451,0.0027680709716936887,0.01298557045008393,0.009692135832984403,0.31144481786270667,0.029913527195640586,0.008258403749578244,0.012924735950177695,0.010971961586497693
89,0.005742162812134688,0.033699796936661225,0.016818102639214298,0.010970237310130117,0.12060979031648539,0.005211886075725601,0.03398775061595637,0.008749180059108644,0.010563291658752486,0.010124497556883905,0.01784575822932165,0.016472320169894493,0.006562140957312646,0.2591132809847159,0.004671693818463118,0.00446702130589818,0.005040399218760531,0.005541016493413829,0.08065021018855269,0.34315946265261416
90,0.018263065056848694,0.04718732530491309,0.04120427702656477,0.03066806512385206,0.0718586482499055,0.01047932946076486,0.04241869803426548,0.024665524900902232,0.024990449362683173,0.056161540113364626,0.025297606905229076,0.03298819052978035,0.008358270700844177,0.030973367424978925,0.010850837339825226,0.013441198052862561,0.009862156141105189,0.0271004822976037,0.05735636897272193,0.4158745990009844
91,0.1210926535503229,0.08896460841153896,0.006811471654141169,0.005943920090149921,0.00712554043104915,0.018140715968613094,0.0041077327049197625,0.12622547097457884,0.008268958607440115,0.05285605275353796,0.15741239845381882,0.005499504875156622,0.0014416838719211707,0.00567318425352542,0.0022985916599698583,0.11649068112135373,0.125571017859697,0.13512076019547162,0.006333844667908767,0.004621207894885134
92,0.4475594751064948,0.09256886984225975,0.019820240557216883,0.018580907089037316,0.015492797546209752,0.1391034509331718,0.009143815071871014,0.01856694922904992,0.017959226259865003,0.00663884795442541,0.021119429675946214,0.012738382901589802,0.0047031779934493,0.01542512171101903,0.005900650339524306,0.05931673362208731,0.023228782989463858,0.03704305257315261,0.020496288332299405,0.014593800271866476
93,0.06102450975220563,0.07021324121415996,0.00632057537252425,0.011276643364419305,0.006263812501555693,0.14811696673656624,0.042217384482470234,0.028080082704760746,0.009091646184370155,0.002620069329403248,0.01308720715340455,0.027346872639023263,0.003425809707073082,0.018482134996261557,0.003915711357877585,0.16493168382830609,0.3408235686639289,0.026697096263764306,0.009250612166603868,0.006814371581321389
94,0.04174043133786365,0.05201278671950635,0.08156184080504109,0.01525031524631302,0.011393943949814606,0.026147925844507144,0.09624307222444363,0.13916136729979703,0.014183360668458338,0.09701167415562567,0.026390393564824574,0.09895139709294144,0.002492910293686416,0.08622560848261536,0.003412228422473532,0.03978342807364634,0.030208276581023513,0.06565791156328007,0.03915583176841133,0.033015295905726924
95,0.05595814054539952,0.0317207697441956,0.0062364208352004525,0.009620256444016354,0.021305386260313044,0.04831825363182451,0.02416770884138937,0.040063589159939364,0.07730114269493472,0.06887904409488983,0.0756487466439592,0.08610149785434222,0.047844390671266716,0.06347468307589044,0.14254311402065417,0.06828747858830629,0.06684473447031022,0.04849655007015769,0.008373622705666854,0.008814469647343417
96,0.061855019886757796,0.02503465770744941,0.022194488575013892,0.04953626871690931,0.07375844246765267,0.018244143133245495,0.07454479710054358,0.049450782406902066,0.05866530449605872,0.1413772446018243,0.02633444308704801,0.0378119638687939,0.03961904134053837,0.0489871606644968,0.04727427688873306,0.04530276362741837,0.06070248655082255,0.025568754097796447,0.05376127963532721,0.03997668114666801
