site,A,C,D,E,F,G,H,I,K,L,M,N,P,Q,R,S,T,V,W,Y
0,0.01288060740077932,0.05070157904288653,0.025280157780645972,0.020242289359668344,0.014309555233929261,0.0416840922207321,0.0392093713638154,0.015434169271540968,0.08719377909415671,0.022160831825403692,0.016254696734371212,0.02335958110743784,0.023079661876468274,0.015236751178880695,0.49087611938402165,0.04331054818821317,0.014107648971736232,0.007809713366011731,0.0132034321389453,0.023665414460355676
1,0.022157600462058325,0.01733828335390604,0.018170191363826232,0.03926197619806853,0.01864271343057485,0.5514823291765223,0.03888409398559606,0.017611466335719066,0.016228385141639504,0.009535252476689371,0.016983244842941465,0.025370894527592013,0.04175196852674515,0.026748246823142894,0.04400416649917233,0.014165586563026416,0.024843387739801093,0.02137911396201762,0.011776036374006075,0.023665062216954646
2,0.0071437179445347386,0.04697069700977934,0.043294540059767524,0.011666971172759652,0.011075453864918953,0.7135021398655518,0.011385886876587483,0.01294387374412368,0.012752387457795873,0.004511535755070216,0.013108380066532754,0.012264819182369331,0.0065176240185745435,0.01284300660525402,0.005894375286114702,0.03420974105752384,0.00830072569108675,0.00981631861901495,0.009583543550665702,0.012214262171974119
3,0.07348740370743005,0.040526335913612876,0.013980728705191646,0.03475639136955338,0.015649456112617147,0.6156450709921498,0.016104796964713314,0.01605935397837197,0.015730408493245945,0.006546868971471344,0.01587467537940724,0.01578612634141108,0.008426082951208166,0.017000157067857954,0.023937044634545976,0.008949106831627593,0.010064895358360923,0.011671333661865973,0.022038538259774712,0.017765224305583017
4,0.04769179806606829,0.06096165584236121,0.03134335957985358,0.03389802786584709,0.024888070117853652,0.021297250380118815,0.03514679771921495,0.0894153295770881,0.0582750835357343,0.04309028263838836,0.030329864535154936,0.05049586934556416,0.00358967704786306,0.1429133783945561,0.05630238308702068,0.06714945589368543,0.07496982992733911,0.08812532743296976,0.011160011616953859,0.028956547396364562
5,0.16411232596129888,0.05772961294909678,0.007318496116436566,0.0272341739286201,0.013042550984871422,0.4744388187303124,0.006460499564002384,0.008248147279851412,0.012587728202946432,0.002678074364430254,0.008267117020770506,0.008893479208792285,0.003404156862254718,0.009067822846159661,0.013713672482527863,0.14867341574236503,0.005678900505986966,0.014877304569957376,0.005415069976337367,0.00815863270298157
6,0.04162186487604048,0.03729709229771637,0.10311729367689147,0.12582839345337965,0.04698804267171849,0.00971402141576702,0.03740383596445135,0.03165862069445236,0.012992495217886505,0.031253889731613985,0.057970112337995455,0.04974107729593652,0.007745433917564149,0.11303470434171602,0.008784657958172598,0.05946557660402316,0.06016269426179812,0.05494869981388089,0.056421779611176864,0.05384971385781856
7,0.048366663139280626,0.04148821458394386,0.012119516859513771,0.013283472930046598,0.012714401654399883,0.004712281927922251,0.012359861497828863,0.040190586935641356,0.01154396291374697,0.0047935650906814,0.012567118051063383,0.018288334013005135,0.01711003978122808,0.01215677186835173,0.004206511477781842,0.052206234042450915,0.6467473657242985,0.014743176887991613,0.009268210804083623,0.01113370981673967
8,0.04261395941629892,0.16247147063440734,0.0038354456132816146,0.005323139445705859,0.004145675193137648,0.0098770634792979,0.0031833419644850445,0.13666205030820766,0.003964218386014083,0.18306957068481153,0.011775209719036056,0.011896269996715685,0.059938071759629875,0.009478648572332944,0.003935107797275254,0.03728822986606543,0.1314548519988021,0.17259649681142053,0.0026970668413788482,0.003794111511695656
9,0.009877308577259974,0.013840450490282383,0.01266553353726775,0.0508954093504806,0.013686765667535747,0.7121699301567904,0.012921423533848364,0.012953882461697196,0.018730488019718754,0.005214545277772002,0.01653217288405467,0.01751269593592761,0.007342602962169741,0.017880053828454392,0.02933055760119523,0.006761343222429893,0.008398334711564218,0.011461124386415633,0.009789693663843314,0.012035683731292162
10,0.053083823411681,0.10306444532504234,0.059248136768113656,0.13057653387829302,0.03411001262684768,0.015768989108550104,0.03498480557037897,0.07287378783813857,0.019044169874977868,0.03034371540979629,0.034453958046337704,0.03123772168071966,0.0016629914844351467,0.11234097933324444,0.02528497037747929,0.026658913470827574,0.01422610377029288,0.10488365452155579,0.052193716993714584,0.04395857050957346
11,0.03981124701489458,0.019650926908378975,0.010545920373288881,0.04123112935932014,0.03571783283707558,0.027054569547358538,0.07018362513721538,0.0796462253997199,0.13478952269932468,0.07760174363607301,0.10669290950801523,0.06308169068286469,0.00340815559601175,0.059802828614546756,0.07406990743662452,0.041942544143892285,0.02727687924013959,0.06637338415969578,0.007728442013661997,0.013390515691897732
12,0.021405712768121504,0.05278984866493139,0.03285650750162586,0.03067036137860309,0.03640755222094765,0.016052620005485355,0.03499729321090934,0.030671261592784976,0.032353146633672364,0.039453426255794226,0.026593925915153943,0.034705702172275234,0.03266792486833637,0.04747025484392004,0.045104976226617605,0.027089778998367828,0.02936436733061885,0.013085765504348026,0.34649646592820355,0.06976310797928278
13,0.015786919722753735,0.02153227017510811,0.025708227444435554,0.04088596568787899,0.02660465844518244,0.009524115688354826,0.07889374421422068,0.049397169487216924,0.42140923188818685,0.013072670787332938,0.018316343773177656,0.04304827697394429,0.015467808290969052,0.03453180766844216,0.06589471273546112,0.01522304771695629,0.043800486638337695,0.013411564433475348,0.015386545487327652,0.03210443274123765
14,0.06120966246292912,0.033423139048483076,0.029358325033822918,0.020254585199147666,0.06927103773407119,0.08637428250055412,0.07667501082989799,0.057314945248379386,0.04052975065388818,0.04805708136785691,0.0833008006549915,0.058299151064862643,0.001879011479687596,0.04650680200225971,0.03596530978478479,0.07885229478418897,0.06769029011018184,0.03907728205730018,0.027712164541024195,0.03824907344168798
15,0.10208412307134918,0.05396900917913608,0.016164878707617313,0.0735087011528018,0.006765337581713271,0.047871241070369656,0.031800008830399434,0.01517481291180252,0.1006157651242953,0.046092501564625264,0.06900881860062157,0.07037039526836945,0.0025170841542300993,0.07312693313197333,0.1110043626389991,0.10103039598508824,0.05157446451643182,0.020420114269525242,0.0025107731422827997,0.004390279098368518
16,0.005826190955789307,0.019019849642671758,0.01063710169627266,0.010251903939270699,0.00900040709138415,0.004256797220574027,0.008950403916608304,0.1499491498145729,0.00935944819521601,0.29275651426056065,0.19178693257867926,0.011202909547253804,0.048504597937373585,0.01541812788224057,0.007670417973954506,0.004594982522840198,0.019815321520690456,0.16521676252817905,0.006909205602743195,0.008872975173124931
17,0.09132944141032785,0.04367046062453062,0.03847797521316237,0.01081990490957512,0.00925183490160096,0.06430374536033015,0.03828976089470606,0.03313934230878905,0.034784575460727024,0.03179465980365918,0.041291010651805425,0.2505566045678087,0.006099530850375478,0.05104561125084895,0.0385863783190314,0.09934145426111103,0.03522823251952977,0.03936866442049481,0.009055486837858034,0.033565325433727984
18,0.05333836488763569,0.06323556081361502,0.043959498257545075,0.05375990985897702,0.02924715803916812,0.07857454583096876,0.08109144243936856,0.05558358361238639,0.04007718278418811,0.06725637062912675,0.041838237208215334,0.04669020890864329,0.0028938045981203083,0.0653280546681866,0.053228980562463925,0.07468575531683294,0.06233467479007392,0.05512185977026954,0.011063880384679432,0.02069092663953521
19,0.008965827959162224,0.05569935243687488,0.01209333987814467,0.008285058884809194,0.11559073318840078,0.006010996179064614,0.012434723854071607,0.05277645996527855,0.014096983320583263,0.2792093862947278,0.2471586126133888,0.009669166375181086,0.0039357284034632215,0.07399677511855253,0.004913243842552727,0.003048349376569646,0.022670865085789072,0.02262301732509242,0.005838436546863869,0.04098294335142904
20,0.09921464503298444,0.055335037448135414,0.06854804568003266,0.040189569041868024,0.006057814867358601,0.07055861598793862,0.042954081252920155,0.014605533018134756,0.024985726852506728,0.03155800351132177,0.04160787956949279,0.05226119207639402,0.08696975646493638,0.09720824315738676,0.02844536113774918,0.10003687725194432,0.05728723756057938,0.053565742115261265,0.005500593297378097,0.023110044675676695
21,0.08367982890408687,0.016690098958696845,0.04721139681410836,0.031913573653046375,0.005792549136978684,0.07450702937683044,0.05331056469239132,0.009499455867886539,0.041929741843335415,0.023903719330259893,0.04569882320258737,0.062163962520984765,0.07133192554942312,0.12318409721269884,0.07544039336573523,0.11897000114508516,0.08755629797033199,0.01275064444302819,0.006433664458932799,0.008032231553571816
22,0.056765463332078166,0.06241172484971203,0.04973406305500031,0.045460741629893,0.04329227974133192,0.05928068999162487,0.06978138291257575,0.04090983135125668,0.01741753858243984,0.04802127385217972,0.07940861893967517,0.04767374100059405,0.06320886807760327,0.08487156176661087,0.023966482533327088,0.04497933041386648,0.05299760984216132,0.053767922848662504,0.015321184605030578,0.04072969067437637
23,0.056755432653509734,0.07346016453012595,0.1075881610532244,0.11452586692948745,0.011292994494579796,0.06028774232927511,0.06754303147943369,0.019537743350252598,0.023963416724761242,0.021670024943873944,0.05379710428468814,0.07663745301085004,0.009084451671928994,0.12174465524870648,0.009560781120875106,0.0555722586150442,0.055398595965955026,0.03372610671682244,0.012778731659363161,0.015075283217242485
24,0.015609657319109654,0.03625216880057044,0.024435370483572093,0.017296676618830647,0.3684372383488177,0.008062078356390818,0.04368236945653991,0.049574803625607365,0.019107134770455596,0.021136726442012352,0.015655515348442655,0.025416702911660826,0.032995195416515,0.02305600022296297,0.009546342613265998,0.02693226237100578,0.019055420480773754,0.014811331130383893,0.13948503870360704,0.08945196657947552
25,0.07242954585938124,0.04153700248047642,0.023432995807565946,0.018279703983464898,0.06688484422829803,0.020049948595859703,0.08970982047473271,0.06838173077869583,0.022469965537010302,0.06595240736462606,0.05814244434512857,0.08362403390914529,0.006771558441623607,0.06787626490984233,0.0455914496455943,0.07173920875828542,0.05244381349750645,0.04496540499685378,0.008633550669941967,0.07108430571596716
26,0.015604553895401501,0.026495441836663327,0.035870724662721364,0.03887709164829151,0.011731095552303806,0.004412118940939497,0.04149315474169231,0.023458108286175106,0.12319181572899397,0.007374553870371555,0.029844395894123913,0.11671025436592204,0.057182889867577226,0.10228619374034655,0.07998360015191978,0.13354835933629458,0.10830386191357455,0.025687848620819034,0.004584463099917592,0.013359473845950738
27,0.012147562011028852,0.03945452872487225,0.046669111697865806,0.014835793843786443,0.12244446394827273,0.008714744777563484,0.05351705590854559,0.022046459174368673,0.017601323944754953,0.00809763405061485,0.017383086765445532,0.030584913430386246,0.014427734373508153,0.021317161973519738,0.009841731363771117,0.020623786836564607,0.013941078358322737,0.009553202738142925,0.01592022498633182,0.5008784010923335
28,0.01255747283684034,0.028846055632837125,0.022178039719922927,0.06338161958686987,0.014045701989910078,0.0143592108706186,0.04857118618981889,0.050665097984964734,0.4159836317654457,0.009105100737473736,0.01586068794838909,0.036649482010901235,0.013414225905991575,0.031263039794183115,0.10545317957255679,0.012319362454881253,0.03844411968975675,0.021490497712095838,0.014574210748187938,0.030838076848354375
29,0.09980542401447523,0.034527877865937286,0.008613050794377889,0.03655863059800492,0.015004813557766498,0.04605721449956538,0.04447232487280375,0.039936002724380214,0.16112915804621047,0.060283036722213516,0.04651060814204103,0.03748202172454228,0.006723050876657721,0.04504413787484907,0.1479678338308256,0.06494639298920778,0.03578156506928002,0.050557661276456806,0.004685788219576175,0.013913406300828388
30,0.15460523969470535,0.14971153427251052,0.03011785094081933,0.014017253047612222,0.014003507657452676,0.017778366237322974,0.05096592070784894,0.0259277229648685,0.019900612956269548,0.021865834244392045,0.01603360491225505,0.11179479740618198,0.02216363324329654,0.029748712698284874,0.02679271053342545,0.17282461397039642,0.07179802960962416,0.022070437535249076,0.015568031958104371,0.012311585409380018
31,0.1889046968159774,0.05009296252795948,0.03356145667875842,0.016791084424593084,0.01579691480336819,0.37197927031362127,0.03478953936466917,0.01756349470131362,0.01613627446337705,0.007263052320202555,0.017733172770506737,0.03963494133383545,0.010663499693708655,0.026005561930337512,0.008121929108972066,0.08238211547821145,0.010583980011097513,0.018886014706195844,0.014844200792469753,0.018265837760824823
32,0.015706213967054832,0.14199706476762752,0.020388386042323483,0.022712741699384472,0.03955422848100947,0.009031424140286095,0.019204184044354315,0.34534691520937555,0.016741674129321867,0.012909365079143675,0.024950556626560313,0.048407322535968154,0.011885304485164866,0.021448681698312776,0.009320764930603057,0.029812976449725484,0.06583193417462375,0.10278761935659482,0.018993838179379215,0.022968804003186325
33,0.04017077900820431,0.02802637425899313,0.009386237325138392,0.006793007745630568,0.01917375660662063,0.005725434276400665,0.05996835130400202,0.04764085253778693,0.027305400736919696,0.10174221868616244,0.03301877902293444,0.041031140349387575,0.008075565756386311,0.06182552858082766,0.028533598846495246,0.07942118841507828,0.13147259371448378,0.03753610553723933,0.1934995591486276,0.03965352814268106
34,0.02937785182529237,0.018819253999840947,0.07618703658930578,0.49321927490924483,0.022697400564086135,0.06704334145898831,0.018364804014758762,0.01866323054652355,0.03882456908387268,0.011274666432685083,0.028010757157343677,0.01640530958911172,0.009888916560656729,0.032690871753420135,0.010564461162192187,0.019441655832150868,0.01419886418683518,0.02925685770347859,0.021061456921858988,0.024009419708353377
35,0.05267244285769614,0.11022848337621421,0.013056103481089045,0.020689031035638992,0.009677511113735908,0.01006396834154243,0.009359381315988843,0.19553365732059627,0.016114249023880974,0.007436469799870616,0.024627868490968093,0.01607015873697905,0.04956054533376759,0.010862856194836215,0.0036383237877473953,0.013559108917300786,0.1394131791774835,0.27505028658971353,0.006810039329785986,0.01557633577516445
36,0.10457252322869132,0.0658554239079247,0.02857900925348299,0.02879443537454096,0.05732360288556323,0.05114444544819862,0.06097723596943383,0.03237632457505806,0.01633307009858515,0.03260485264284448,0.05826695075852383,0.06084081900129005,0.060787988575790625,0.06561558228129262,0.024493053847826515,0.07762617553874807,0.04814026462185415,0.05115741854382264,0.028155923964066895,0.04635489948246128
37,0.0208446738824936,0.03331868680233447,0.03208516525804964,0.02355482262303592,0.02774072744374007,0.03303765317017869,0.03014892749928875,0.047375097360660666,0.0457811196449886,0.017159729035653704,0.025348528619270377,0.04131687104232244,0.030785922368843383,0.027114096722650374,0.42706726290074304,0.038918278847397604,0.02411193919531916,0.01580421323624763,0.026499426551519354,0.03198685779526259
38,0.07537232927198972,0.016023228677155294,0.17612063993217106,0.1782602733863755,0.02015673083158649,0.04415350892748499,0.02421960971464736,0.04928206681337654,0.031777201113805165,0.028871766329707158,0.02788157197145162,0.10165168118132033,0.002590886511942413,0.02780389009906289,0.00347534944246228,0.03793863873998572,0.0749175012279371,0.036465853627563584,0.022458950792381582,0.02057832140759324
39,0.029178271955069477,0.008154489460732382,0.09495410160011093,0.15910357717867274,0.016105430965016126,0.04414142754265432,0.04789519058833815,0.07246825873341843,0.014799366009784529,0.04522754053841776,0.06662760658705956,0.04411599703702363,0.07339220348745717,0.09220899659867958,0.008236213563729411,0.0354137060519348,0.061816189866650294,0.06004664318498506,0.008815311438742895,0.0172994776115227
40,0.44467623934899664,0.020338810771940462,0.037034587217835584,0.013973635311468646,0.01544190473141234,0.01557549392739672,0.020973304851502454,0.019641098860069237,0.01769748756342971,0.006844736974324454,0.017684054824025842,0.016240377682697007,0.026856783635065096,0.01874748347392859,0.00714136199232249,0.1773977837192825,0.024625611853917238,0.06000698511115924,0.02523852864045671,0.01386372950876908
41,0.08047597493898291,0.03859590541184151,0.007430462564143331,0.009272451436943576,0.007601488138749875,0.008307608307194961,0.018356649292003768,0.11031091324457427,0.1068810315600408,0.02698879335828021,0.055364560126372635,0.008387300026974374,0.005023097651466237,0.07911989170479716,0.15916274417588613,0.05244638183993459,0.08602919788228541,0.1243217958636535,0.005944930828735461,0.009978821647139239
42,0.09685685651723057,0.034207737598207166,0.020840049097446103,0.04065130892928616,0.012420850278925371,0.031036487582941513,0.06727401829022234,0.050917971919792894,0.0222819347768701,0.05490403371430208,0.06614925398423055,0.0766435265494529,0.0019401814908407298,0.08261081813853584,0.10199533815602783,0.0701430680279745,0.088345627950445,0.0440010070977501,0.017293999501516277,0.019485930398002
43,0.2502292859014301,0.12977787613827707,0.022132238903101755,0.02842748237995732,0.02372093126514214,0.012063307545080773,0.04167681764135018,0.019379031807389216,0.023581697091914957,0.06786674098452992,0.10567790387713878,0.036794749233599384,0.00968338589148309,0.040604905155341146,0.037659766120255005,0.06352796093278239,0.015250938480796334,0.028865111539515997,0.01337360611339916,0.029706262997515286
44,0.013342283430386325,0.014874944647988287,0.009503845163092587,0.01257772280649219,0.11104252831097951,0.008257665937151767,0.03944409387987655,0.19770885579912997,0.011306326410079684,0.3146196161232468,0.0961274358997581,0.009742062195276952,0.018140755898780034,0.019834879940093437,0.011663637505301666,0.003751651650041058,0.009943895292779453,0.06118134276034997,0.014736270607238993,0.02220018574195666
45,0.06321307637360056,0.04340095292087413,0.04646592543385463,0.06349734922107324,0.028937209084406192,0.04280870659466707,0.0682418484270131,0.04605718336045828,0.08468075168090049,0.07109422529866143,0.0643089723155979,0.06160469321995244,0.0010877693286015042,0.06819712596943753,0.031600775607839526,0.07044492315393643,0.052465020304417805,0.04679242742955278,0.014459284204628942,0.03064178007052602
46,0.040718355688998294,0.0680450081530248,0.13264153536053455,0.11127327891963705,0.01914050702103397,0.0665976757665805,0.04783094606550564,0.02842337651439392,0.018236732022815557,0.053202263526835436,0.03214746768397917,0.07391612296375671,0.0017661090598489228,0.0900527140232787,0.014695980810216011,0.092516479700943,0.05237608102240565,0.025528172742137853,0.010867093585333117,0.02002409936874113
47,0.04664181041877007,0.06878890987010301,0.013616565968482286,0.02501528787240817,0.015762456669028924,0.2034112509234803,0.09456061494405443,0.0058521595481965324,0.080203330271703,0.019071036523577434,0.04803918785146427,0.10232066286229896,0.0031679643293331884,0.10051155210011246,0.07156442048679271,0.07115310289515936,0.004527295056902202,0.008348782355003088,0.00881318009151784,0.008630428961611763
48,0.05066181249489867,0.09301920901551979,0.03795611485573652,0.037180615625786735,0.063268826048496,0.022364384005723742,0.04856609196195575,0.04622415224943357,0.026777705561066928,0.04723810446679325,0.04503546886080791,0.06610928990750572,0.03728456672964239,0.06382345094697334,0.04052073644009569,0.02401566321966285,0.0704082274697773,0.09069122553016438,0.021479695919703303,0.06737465869025612
49,0.048066322440485865,0.0452776128370344,0.08542788210602746,0.040465033759256336,0.07014720660123142,0.02770723718123934,0.02515811443610058,0.03594998412305061,0.07192401538751461,0.08125681058033878,0.04177226020462422,0.05057530974101929,0.02347918281973413,0.038336057172852885,0.0394415137024728,0.05287821082006238,0.05820928527889203,0.053314820329085265,0.04355535250975796,0.0670577879692196
50,0.055047746350340654,0.060052383294187765,0.1236461626298504,0.051184618204532316,0.039588177044428345,0.05048969498796199,0.06054910736268629,0.018863222955747102,0.032265434384978954,0.027891073502600516,0.0397990450467409,0.1419423056695797,0.004948395622802311,0.04996347537215567,0.01382872158008055,0.05839604280933033,0.0651812476752449,0.05116372138928782,0.028229331471712586,0.026970092645750954
51,0.09575278230247347,0.045551735010608004,0.023703965205274003,0.06780650710179677,0.013721977432327287,0.1648619096570956,0.07083376800502972,0.007918395955955698,0.04687287027245582,0.038735676020751175,0.03848018332759249,0.05137343109514702,0.002860247476310919,0.041321235909851435,0.02108966247296354,0.17805751718162097,0.06225669518906918,0.015788292365429127,0.0073039516101,0.005709196408147793
52,0.010281215322683524,0.015782041653823894,0.027804218058761362,0.06176982077088302,0.016293599502110578,0.6123642712216419,0.018063681668016706,0.017192958737492305,0.017016825334469642,0.006756759615203099,0.01761038397349329,0.017070964317197682,0.008292878554644202,0.022332835782802467,0.055497708114834336,0.007161008390410443,0.008585243532835666,0.024662453342582186,0.01918854154793005,0.016272590558183638
53,0.017886575349634858,0.014634904858300405,0.009657939674436069,0.008533669082541386,0.25092282113459935,0.004272636445013343,0.3076842182319599,0.012567029199176167,0.007062649175963162,0.00442438729335161,0.01660433347218928,0.009905934446412213,0.004834020461089918,0.0323354630311245,0.024105449098385853,0.003699891560625012,0.005381542595745131,0.021681416083492593,0.09900254500702221,0.14480257379893705
54,0.2611312937375469,0.09508148241194757,0.022249382789581388,0.010921915880946436,0.008349609604164707,0.01136365204737362,0.007357526760028896,0.008169707044140303,0.009177572936335842,0.0038485594478613605,0.009840181029466018,0.010285790576530581,0.22149817332207658,0.009470617270432467,0.003912597978683224,0.17305175193842567,0.08426452908800064,0.029566898684265975,0.011609094231341073,0.008849663220850753
55,0.04239137981939991,0.0373981699214577,0.009262414635678463,0.03316411680828161,0.010379130655340319,0.010024975168605925,0.011000220880694312,0.03242740744323499,0.009920242198747172,0.019252609600020825,0.018353561407719314,0.008902815714065686,0.20887258725058067,0.010280827179856003,0.005836221338017512,0.004336691867467033,0.015408468136156496,0.49213713363729666,0.012069737448066479,0.008581288889312857
56,0.013923681729980923,0.01717747449910603,0.013281008594393436,0.01979845528260145,0.049649335636400616,0.010704016714329906,0.010311119946086045,0.017433622146661328,0.019520497037343026,0.007338395009051909,0.02511636692827904,0.013509564301032027,0.041130252136099214,0.014473877990040627,0.006763950688792985,0.6414280189321911,0.00823132509708634,0.009663475200791341,0.01899331916841016,0.04155224296132235
57,0.013178892387215138,0.06801366727380978,0.018933636582116536,0.014254749090690308,0.018768257897963152,0.02196885618634635,0.01628435938893294,0.019681328382405692,0.023448226822340313,0.021928295623003347,0.043505322547953695,0.014591787453083526,0.015926300324360838,0.037974882805961056,0.4511479820873135,0.07646813943743898,0.03966126194387939,0.02384358394469427,0.039441253112118387,0.020979216708372817
58,0.013467659417301695,0.015446905237636373,0.014632761847171325,0.04013115651403012,0.018206766837713016,0.682880982690524,0.013188959812669994,0.01685817147043885,0.01747416895390434,0.006271442645631534,0.020912556906701896,0.015080220822030982,0.007356122168731546,0.01446035842592526,0.03778763605070121,0.009594208354467457,0.008569739605872359,0.01667904839215505,0.016225168596108605,0.014775965250284379
59,0.1777746077507756,0.06610043404401068,0.012768768793345597,0.012040265028657059,0.01300107030160884,0.02374921124744705,0.010444486290816157,0.034195811104009745,0.024157882320146457,0.004814889027327744,0.012354312755571924,0.03276701063566636,0.010585605464501081,0.009862310354682565,0.01332551953970714,0.24780511898853294,0.12523026257500555,0.13971008889534214,0.010411683533208324,0.018900661349637072
60,0.154021744731952,0.06862734894662316,0.01820599428444803,0.03877179978540854,0.06380270940745415,0.044847876784025915,0.02402002212475915,0.027473289544239745,0.022505421547540965,0.008262965052014255,0.02908916402225389,0.025595541747802642,0.02285325884963746,0.023655784103886943,0.007005071828046758,0.2595665337822725,0.06586675043019945,0.045481039771089055,0.015444288604552417,0.03490339465179296
61,0.035705369290666776,0.02384302238152203,0.022409967826954483,0.03724135697051063,0.018294795884476796,0.008750373710827326,0.029255139557273213,0.019031420628744904,0.5019922706393285,0.009266302538560908,0.03963061353415389,0.04835389717455476,0.019654118371958126,0.0315575475363734,0.058596949027516464,0.01641925580497191,0.03364756281116171,0.010571515124501671,0.01578016678675577,0.019998354399186753
62,0.005349991169737223,0.013458421619054257,0.010006196318074416,0.013307479524172286,0.256897731085817,0.006044627354348599,0.018989315276106384,0.07827105439711626,0.01016413237979566,0.44659938113906733,0.014074543436394535,0.007221143652831108,0.031830308759598754,0.01108931627372904,0.010103484333090681,0.003735068474777517,0.004517542228922404,0.03777177881179859,0.011930144299961554,0.008638339465606458
63,0.18038541682788842,0.05397034688370956,0.018981104608664423,0.06165397779883269,0.016730307403786886,0.0709835292229875,0.006589937195078318,0.020137339631863573,0.028861921936472888,0.01982166033880121,0.09088374893693163,0.008304139714733648,0.0019340835800591729,0.09566699845296854,0.06248357440613785,0.13650470505190423,0.0440606499900525,0.042553650527600184,0.023856804224299838,0.01563610326722699
64,0.009006142652163422,0.028215441965720418,0.0153151231407207,0.015120143077587264,0.0776074593570243,0.015817949068472337,0.011661437893673493,0.01294297195906481,0.013533271960189946,0.012839216190736418,0.012424516360649887,0.012259922959909934,0.006316333601400337,0.012082780095408705,0.05856082574540242,0.009043564543332694,0.007906870357363162,0.009221395891336496,0.5985965939291463,0.06152803925069699
65,0.008804975018904636,0.026388263801396302,0.016570068265241118,0.01875186892994116,0.034807021771940824,0.009039249871722018,0.014148409151020827,0.02310989111895147,0.015105881643324525,0.4531952004083319,0.19766719808821165,0.014556964329816348,0.010414762133185006,0.01887099445386384,0.00810482228636458,0.04286831473629935,0.009624246686136958,0.023214770977607255,0.03705678196723974,0.017700314360500548
66,0.17345921312798984,0.0905547332977199,0.01397537892102745,0.03251999614091634,0.01551494974512209,0.01890353798691003,0.015884483845737415,0.026870528882501066,0.014358842538551719,0.01137601766861379,0.03368308512992271,0.011748691362172057,0.005994067030648145,0.016096756491185162,0.005437497552815056,0.03494789831793253,0.14762086688400636,0.30263379276256064,0.012661639725440307,0.01575802258822738
67,0.016349526389464214,0.02201976138268288,0.06996337526075751,0.595522350161808,0.017181040065599767,0.03504512108347199,0.015226456439895243,0.016597444577542707,0.05270671631150368,0.0061418250777060075,0.017424714361270036,0.010368657273738776,0.005670000576411851,0.01891250730031494,0.016291676159463888,0.014802051376231154,0.0075586296758730085,0.03162516345172297,0.016606242199325067,0.013986740875216218
68,0.011163517450083751,0.016852404634201835,0.01799846876212662,0.019152221603008054,0.015910188481356082,0.05080359683291466,0.012834045539434437,0.038379014608806904,0.05772381434251678,0.006718932921453358,0.017304822004959763,0.013224767575260718,0.007445711764684397,0.01850694645425161,0.6022249021551929,0.03673721072752909,0.013481013800125561,0.011682974469327432,0.017366751085512395,0.014488694787253674
69,0.10510541082232981,0.01500932428539653,0.0756888737988821,0.03597518403904212,0.009393573176926951,0.5479157147261277,0.008167133750746538,0.007541701057918883,0.009334215721006046,0.003179581539611044,0.010628745516463858,0.05759873058865795,0.002451848124272833,0.019957120556994144,0.02317291689641776,0.03125212258776463,0.0034653949796861934,0.01512106327947222,0.011019616628580475,0.008021727923702263
70,0.005740224094804739,0.03718845143076934,0.010455859429094605,0.009338142753076784,0.13662434172268823,0.007455649928476389,0.055916415918434194,0.05755722238391545,0.006420739678395605,0.26507796265253664,0.13473392212091825,0.008240890250774461,0.0026527204850446107,0.005558675543832318,0.003160342598285935,0.0043170933527291264,0.003659836115956664,0.010510759095409175,0.031167687259405618,0.20422306318545191
71,0.02195456223306484,0.18370257793000797,0.012606650365560398,0.013263581599752529,0.04664234266763747,0.007202046013269952,0.007924048751257701,0.09410563403708921,0.011925180138364836,0.22238462338626322,0.11728038737368766,0.008654375089721323,0.033850689640132124,0.018939789213274962,0.016434579659665043,0.005956625108770383,0.04856081837241875,0.10709507097941007,0.010317917861139888,0.011198499579511688
72,0.04805533754041471,0.07531223815020742,0.12600638045309684,0.1406023910873838,0.03851464048520978,0.055562355872967796,0.07266188081027282,0.019438411678425697,0.03620836551962451,0.05089258952041582,0.034357505458230825,0.027614131952247364,0.018976506327416705,0.05591493641112735,0.014841320876540073,0.04989991455882684,0.043833186987778355,0.037964531029871997,0.027306127085726026,0.0260372481942153
73,0.02714102161485454,0.05878533799573623,0.02700931877010183,0.02313182329829593,0.02984289073764392,0.012871526822674133,0.060302833476203216,0.02802574335951068,0.022862920385715118,0.03494695971752339,0.06811607251740608,0.027697700925746947,0.3828317349574954,0.03204074315694066,0.015424334198524287,0.02466686209048824,0.05451859544467946,0.019223515982390534,0.019670020157830623,0.030890044390238847
74,0.031450543909123656,0.08962007067540083,0.012006029375397326,0.04576543723387777,0.11423181696880685,0.040470859729993466,0.04316624299225342,0.07025472053549606,0.006876751957066021,0.09285213545489274,0.0863580886290865,0.03277337371907309,0.004186945604297081,0.03366171766665,0.0042575143188896495,0.02324176354183413,0.023340927393195713,0.07226964943393054,0.02953150949565686,0.14368390136507828
75,0.016140629531151116,0.01977226135945551,0.01957528576017953,0.028764962820167366,0.017263158398937505,0.6292130224300251,0.016632373592452687,0.021783895930586408,0.019935149624635617,0.008619272859928837,0.018412161484940837,0.016612034923107206,0.008788514676395114,0.01895326538837207,0.038573583434155574,0.008960850858108951,0.010028291350573799,0.022344853548358485,0.040590701303886846,0.019035730724581493
76,0.03962688531348852,0.04967191753123847,0.01104961577317226,0.01203859593583994,0.05428040679940485,0.007270918869750645,0.2191111895797466,0.011407146943807019,0.1024283588005097,0.043110185746540325,0.03485951748313879,0.010349963084900169,0.0031078811848180093,0.024286456949968924,0.16611082432229338,0.03727560139979824,0.02816976435012254,0.027170961149628775,0.011786941240009152,0.10688686754182374
77,0.02733433385399762,0.2525983464863032,0.01655450205952305,0.018303386515555308,0.018072191973066604,0.029462584560912344,0.00920412057094499,0.027516567504363956,0.014399975923456413,0.0589876754337794,0.013337456989393313,0.00806975366155467,0.006107224052115608,0.010491274202464318,0.006062703020734514,0.0047729001345412705,0.23325573529365626,0.22079751889743493,0.016177552154168547,0.008494196712033726
78,0.0377650945448059,0.14899251226737334,0.03143821181126807,0.010400358630383013,0.04144376725983381,0.016739615760431006,0.00956736812031488,0.12861156870478027,0.014155045184977606,0.062321914875789954,0.1356889804108908,0.008488645044037142,0.006315403434272324,0.011243648645486383,0.005097110126727829,0.004506017627656678,0.05350769122304668,0.23282492210952455,0.010027132917722274,0.03086499130067751
79,0.01703959303922002,0.01860835946830536,0.6483561082886433,0.02766497236260042,0.018968376596958714,0.03174622060451499,0.01463660532038632,0.016951638779325092,0.020629116932026993,0.009212323360651807,0.018770872010791823,0.0423030706952997,0.007369805921425162,0.01803207012579318,0.0077111291947195475,0.006918819301165544,0.0077625570965908774,0.0212745625374213,0.016381195530190216,0.029662602833969515
80,0.007224130418267745,0.01414600845215435,0.013371423799081817,0.014709001848508952,0.03708941230922287,0.00819921626857464,0.035667283052940396,0.17803312605771895,0.015858570573117334,0.48448919560108633,0.06598995388900106,0.011990961505909949,0.02536442189213602,0.014859505292107023,0.015582059988464894,0.005088089654730506,0.005934138834059734,0.015076828368400333,0.01664169401031489,0.014684978184202174
81,0.018941530205022438,0.02964650888989731,0.016323415658465953,0.04290142215678716,0.016949121374878164,0.6378050063304906,0.01639570548981688,0.014967276092813814,0.019922942580471437,0.006927354111827215,0.01835899184628376,0.016365975681921833,0.009051269524249823,0.02034502648587722,0.03302507053865277,0.008016888377284705,0.011616374330671808,0.02005469698389155,0.02570914199688278,0.016676281343812608
82,0.2612169119370447,0.4261998058833416,0.011011096666032576,0.01165656091332258,0.011902700454195609,0.009702189463161736,0.009488212460486556,0.010107314541437313,0.010429695739709659,0.003131335035142837,0.009904257821904012,0.009512962379438378,0.0035734153600139825,0.009423458913963602,0.025609557140169454,0.1010393015542541,0.022057518552814497,0.004991704450625487,0.01676927752059439,0.032272723212346865
83,0.015256743694477654,0.03736747268586804,0.04880619526069879,0.018750709266917225,0.016393701563799812,0.6648846669209955,0.012835560953780944,0.01510644191463705,0.01905051525708699,0.007723355443227153,0.018221225737353797,0.010969566397114555,0.007163554817308325,0.018331667549399373,0.006835122458639921,0.0164682892278176,0.007474523429126162,0.02418154547813069,0.020279263372176923,0.013899878571443576
84,0.024573799520686983,0.02976811607087383,0.03007164654418244,0.02672386467105349,0.03571261428449211,0.050631441924481796,0.042333161172043214,0.07766287342650834,0.0458097170247434,0.02543659994519529,0.0375764257313296,0.02574008663601353,0.03883741639428626,0.035651222894463985,0.3191352664151747,0.03531166181106605,0.03942047922577522,0.021715660621633992,0.02755412283601222,0.03033382284998358
85,0.032932050978395945,0.03468992434662799,0.033634358908897266,0.03851614724699998,0.0393752289007614,0.3180135393264863,0.04388874994505765,0.03803953291856138,0.0294166038454161,0.02373576298187231,0.03256508132574607,0.04183492479858648,0.025655275070439725,0.039959498680098994,0.04310029036363628,0.027027732834492377,0.02893465471757677,0.04012981232647008,0.04780539447195145,0.04074543601192544
86,0.019386279213257706,0.025796790256180716,0.03336975703409672,0.03315438944203993,0.017284741908830663,0.6204372064759794,0.010718157045552158,0.020986491238894674,0.027167896742606352,0.008191234463950627,0.027371619282119276,0.019684357360321755,0.005053693904248126,0.021772998393564863,0.009063430602871068,0.025241806445000032,0.009462454155530212,0.027512106891250877,0.023314583994690986,0.015030005149013868
87,0.012751552508479673,0.03548101181182625,0.024149284308191354,0.025306892902355185,0.025713858099886175,0.026424919480212427,0.017616089032729033,0.02428526308204909,0.023536859531077148,0.019255822709071432,0.022158112146674184,0.021412482244166375,0.007701373807416673,0.019579583652611695,0.02755352434105207,0.011611142414262273,0.012313345338442737,0.016307860346086108,0.5992980704158037,0.02754295182760644
88,0.20551565933177332,0.17589447695500227,0.009444464912914763,0.012589418882513735,0.00931025528617889,0.10167329911072293,0.006051991213412242,0.014071381015471207,0.014027369918366903,0.0036463940675822096,0.012079898211426923,0.024713114607270385,0.0022089323661352075,0.01120238422829972,0.014710647669509325,0.32888991205468004,0.02698131786491084,0.0065977938021513334,0.01097632802653705,0.009414960475140703
89,0.004117611405064409,0.05620584861463087,0.01937031498292691,0.008498836586903072,0.11524008774432525,0.0040407988981431995,0.040089893726287344,0.0069128253326085675,0.008177675198584993,0.010484203415835796,0.01205206388524449,0.013605726094428686,0.005054393378702656,0.2899299355421212,0.0028752062782614134,0.003810279830374143,0.003643098276501894,0.004226466311083993,0.059654142278168086,0.3320105922198031
90,0.01036509577633137,0.046559759920512415,0.04119281639642615,0.02961130436454187,0.06088526004171856,0.008798277719186383,0.04642862371281279,0.014348093352165315,0.022491744239901034,0.0576545450473111,0.026515639845085745,0.028337367887581733,0.009056360278306199,0.0325733168794559,0.00898086539707361,0.013598008710261136,0.008704391529465914,0.029794545274553424,0.06114776377589701,0.4429562198514123
91,0.11351071434361724,0.0755730559723984,0.004666481423529109,0.004470427021873763,0.004627544335609786,0.017289280817852474,0.002943970782945902,0.16021541856568722,0.00767723707885225,0.053151573835761724,0.1561924667817672,0.0029746967949272653,0.0010428685303652946,0.004034254898910145,0.001484761490243624,0.1137383536219513,0.11177371453709856,0.1564398716706553,0.004809482863394109,0.0033838246325592993
92,0.5081880881194255,0.11511798809906547,0.014181431606482409,0.017085394818652514,0.0126208611776404,0.11998335556403743,0.007685196961141006,0.014864642318263531,0.016315220061947147,0.0054882431866212006,0.018884286167078202,0.011199099526261953,0.005789063596802047,0.013467706892799825,0.004976131974475746,0.035804404807781104,0.013636692841482974,0.03345029946362504,0.01825277003999559,0.013009122776420962
93,0.08183489715135056,0.05140061448423097,0.005502580887904798,0.009564960561769203,0.00525716288154482,0.15433619763890064,0.03434346572520262,0.025267064388369037,0.007627855262253139,0.0020589206626346473,0.01197760854400696,0.023347911106284355,0.0023421756107777406,0.014426600835996596,0.0027292318220708454,0.15806692497915137,0.36699062874281996,0.029001436973183043,0.00822292000217126,0.005700841739377511
94,0.03450930557734982,0.056671317369767264,0.08546553911273173,0.015853883262462263,0.008856931035185703,0.024118978036740457,0.09554142657855307,0.1461507366633608,0.011298566054716887,0.10386813015472597,0.02751699174345182,0.11051766282525279,0.0022972371954104527,0.08331997424914052,0.0034022916754676952,0.0350769027934863,0.02430416495169722,0.07194291605133535,0.032154537737173444,0.027132506931990475
95,0.04675219145937015,0.035233499682368205,0.005029226926929909,0.004952346774083466,0.017601409438906854,0.05981841734362638,0.024529425368826605,0.03453357239256867,0.0783759481283908,0.07164137102309726,0.09087403412405487,0.08399685392269736,0.05092264024692267,0.06296529889766682,0.13655276093181942,0.0715850184943198,0.07253694409282184,0.041510852030601515,0.006532591001726024,0.004055597719201443
96,0.04838437226921429,0.024928392456699297,0.014285241615861683,0.04854242901100723,0.08125623126672454,0.013026585260449123,0.09114554053813867,0.04584820153367747,0.04383534966872171,0.11708931212006306,0.02969912054397046,0.041072066444442466,0.06031301605257925,0.050404710954773564,0.04150733922803953,0.047611358019643196,0.06252959762256656,0.021368259340940998,0.058455075900702404,0.0586978001517845
