site,A,C,D,E,F,G,H,I,K,L,M,N,P,Q,R,S,T,V,W,Y
0,0.011907689881439134,0.005546790307934945,0.02778336460161489,0.021589617759880785,0.013247590132874394,0.06229878550114227,0.005792197236341362,0.01600873244833241,0.13887414746820337,0.016967978013616377,0.01621273580971477,0.032102449740581615,0.019552946402734427,0.016825593809204162,0.5299397094333859,0.01980349623310317,0.013249137206217685,0.006138420406295788,0.010697326978105643,0.015461290629276989
1,0.01101893086932554,0.013689307026191389,0.014928113546569264,0.01652130284980609,0.016142420663771164,0.4319962451982788,0.1130371376360887,0.015363694440886233,0.012402420068657586,0.0062683553644537005,0.012204413159304775,0.028087149301158396,0.20182123755012618,0.030331031998108934,0.0029079533111382953,0.010401945635829891,0.026397061274727015,0.005716626742032697,0.007728698427833104,0.023035954935712328
2,0.00521722210522058,0.039527522101738315,0.0076347050030904536,0.010814466071061889,0.009984672707447543,0.7933582413418,0.010593362122982904,0.012287313697521882,0.012200919621128214,0.0033258560474404594,0.012447538163127792,0.011790030440791908,0.005260549476473868,0.012489941873802632,0.0034262946504869016,0.018204263177446393,0.007069857178489237,0.004024495438015239,0.0083795055592437,0.011963243222690252
3,0.064683836995007,0.04328443935168921,0.014434166884464148,0.006081231202171469,0.016499610274795202,0.6872385530578026,0.01693418179565444,0.0178316647167866,0.014832608498064578,0.004991918896428127,0.018099140490830442,0.017745650826960543,0.007266174100269609,0.01822512634232928,0.00424166343227225,0.005474187961664513,0.009102320025580863,0.004677637765532845,0.00730215949230684,0.021053727889389483
4,0.047932365988469526,0.06443268173431012,0.03620667818873826,0.03404315618995953,0.02615550711657642,0.027227140722425727,0.04182467166948378,0.09294355766758029,0.06944199792027665,0.04369455138304098,0.025403461388521686,0.05872066361907465,0.003233210951832625,0.11466396749431162,0.06059524367925373,0.07209243235420935,0.07454303981422106,0.07918260344573912,0.008770534082668561,0.018892534589306342
5,0.2036210711150678,0.05662502512662184,0.005134946076031492,0.017149066265867104,0.005492218441713556,0.4606045847932421,0.004434289828432785,0.0061876332462465,0.010387263653561067,0.0016678474763820042,0.006041573461366666,0.0064681231598660675,0.0021646796982886757,0.006655585041434139,0.014533782070615378,0.16669295722814248,0.0034411246205149864,0.01321844215861436,0.003642003781080825,0.00583778275691019
6,0.05283186112518843,0.05133547909505578,0.08876173752189305,0.10850922281942517,0.04149818903738061,0.009898483569604545,0.05337412417908253,0.03311952025114342,0.006681215789867734,0.035753934375443726,0.0625853831773023,0.05003338728537327,0.007793252819278107,0.10380144487197601,0.009735832485976663,0.05479846653540091,0.060543807616346014,0.05407611736650524,0.0537270492309439,0.061141490846812564
7,0.08011175536404307,0.05373751293460883,0.010048433532358594,0.01068266550318153,0.010407297619863495,0.0031131404666217746,0.009640039808091914,0.03858120805814912,0.00914404702154148,0.0028979592421260886,0.009318000464113128,0.009233759585042158,0.011245312449556967,0.009553952430070197,0.002728259963070167,0.06719921389496003,0.6314947065794531,0.015399092775578988,0.007011242461548756,0.008452399846020732
8,0.040592151981628376,0.1811761247982511,0.002435005106470992,0.0034417384834327883,0.0025910161748118727,0.01104175869468175,0.0020104523309863423,0.13689220043330977,0.002470152957712132,0.17973080732443783,0.004088855771651203,0.012584916613293457,0.0567885249408863,0.0018384816601491796,0.0005799529202314204,0.035894713281745115,0.134271994020427,0.18753344368139976,0.0017692651126066993,0.0022684437118868695
9,0.0047157462794983,0.012224542182350138,0.010882677146157154,0.09595682582142136,0.01213046291912579,0.7086935866892277,0.01152512621666426,0.011089685722599699,0.016374047485263964,0.003619475196146441,0.016242890132417042,0.017875371355371417,0.005286079702330723,0.01544313345518298,0.02508415951642086,0.004919158911452638,0.006491633592512802,0.0035704169200699715,0.0075732137516309065,0.01030176700415601
10,0.05508785546640196,0.11513545795939222,0.06440039315929671,0.11611090624480976,0.02773529385393426,0.008167416314658874,0.04960196364718988,0.056624863186845675,0.020313813610563326,0.034213747724478744,0.0337168875112606,0.0400362478347653,0.0008756757470777225,0.1014944199562041,0.022322846559558407,0.030432571205887198,0.01802375768333908,0.11795774358356349,0.051209029498249785,0.03653910925252292
11,0.05713255088918001,0.017729895856410913,0.007832889435646148,0.029049784457412724,0.030661524596867704,0.029914927530210512,0.06866691589223568,0.045862970481337216,0.1349434826047431,0.08413512635232649,0.09237716999837874,0.07640733434316599,0.0021095208715507406,0.05596344176901408,0.0865642461279486,0.06909283446259282,0.023998159113524025,0.07483374591776364,0.007477703874116772,0.005245775425574248
12,0.018702443265141904,0.016393719934505217,0.052739379484276615,0.03870487009914229,0.028057239995784092,0.006355161448819338,0.06157059434567966,0.036127270488531156,0.046550189765000825,0.033225500418346515,0.03138805419092334,0.06267391576395602,0.04816030170464156,0.07226133902906816,0.016374211841178744,0.022091872231083828,0.03455321250178161,0.00848940893650292,0.2639370337463854,0.10164428080925086
13,0.008791029664958138,0.02198268443565034,0.03252518182249039,0.01292722997883792,0.03155574203805238,0.004866390003010677,0.14147695380789507,0.09693315766631934,0.3770249487160022,0.008380737991153802,0.017696242758773146,0.012578353549474378,0.012797125743257108,0.03265786531579431,0.09209372674724088,0.008900555792382657,0.017263992823196423,0.0076685564972590915,0.012699690801372428,0.04917983384687944
14,0.06265179093500667,0.045357275983563296,0.04050161595557753,0.024691095823681775,0.04039898915752325,0.09535357952223929,0.06703844128772496,0.07564055064716406,0.0348032392560785,0.054676406994657034,0.07526439160866177,0.051921121855508484,0.000784778599046894,0.06087621783715544,0.04016917231842571,0.0800753446422179,0.06545468585954996,0.029008533763145137,0.02279844107165104,0.03253432688142139
15,0.08533524895720512,0.05885277068229572,0.01716939589181053,0.08149681851608002,0.007086028379910215,0.047397273077471935,0.016309629226622737,0.019055694196063348,0.1154503686080993,0.049083544141673596,0.06781345802584908,0.06284536160448558,0.0009808110841621864,0.09947075022459635,0.09851746052996464,0.09684081430251028,0.053096717381541314,0.019927816024749186,0.0011855637449739835,0.002084475399934815
16,0.004760620186750437,0.01092634217726902,0.007975070380536471,0.0077707842184209395,0.006334824386654091,0.0026407590270229406,0.006612864949164521,0.15974540993409767,0.00690440956358535,0.2841344524591774,0.2669787320571914,0.008692897424589454,0.027832859101051047,0.006342289241428008,0.0028993949941711022,0.002441699966275916,0.018679468845526754,0.15710539926916137,0.004748394245878057,0.006473327572048018
17,0.09105008804689375,0.061031137844981896,0.04360666488249775,0.0073107250357860405,0.005078425577351269,0.05594733049153646,0.034857537646159474,0.031691700401991096,0.044122243010222224,0.02357853346860728,0.04218969539708286,0.21579722675466673,0.0032174699595358455,0.05571061409983574,0.04758804239432448,0.1095277323613197,0.054254079919810204,0.04481961084406591,0.005796575060991293,0.022824566802339966
18,0.05859437147966947,0.07182717078523536,0.052662396990599325,0.05234045366662835,0.03135360337400563,0.08059336275581573,0.06531416258061627,0.04885041396767095,0.04570653921524606,0.05882809850494302,0.04219437442988664,0.05938237738924363,0.001831048177327962,0.05851695709785651,0.04966494297137632,0.06799998625677771,0.056294526675776196,0.0745288379852721,0.0069226391702536085,0.016593736525799183
19,0.005385831971967497,0.07197253718733429,0.008489012533848383,0.0049645766462124855,0.17057360373385402,0.0034036754664309977,0.008553549156776875,0.08177794026027237,0.009668787324778131,0.2741014731007676,0.2070797130835249,0.005714747154764409,0.0020790807647653752,0.07804114531422739,0.002776160391352238,0.0015505423205265656,0.005690397882990119,0.020209754402690624,0.0031122979930805644,0.034855173309835195
20,0.08074711467259685,0.04780077637359457,0.07024008452620323,0.04454481483419178,0.0033813977090864943,0.0673625060433457,0.055894660013922466,0.016239007823588072,0.028825421306553942,0.017451660525622418,0.04306825061931624,0.04201687378145665,0.06863844631805585,0.11661016583529148,0.03302252107846549,0.08872025100366705,0.09076376616978042,0.053492764127145015,0.002191486824495839,0.0289880304136203
21,0.07697163048192233,0.009850887546642498,0.04769090372366317,0.04518204151132912,0.003381659826861679,0.07321370441341547,0.05237566913514161,0.003937761601822895,0.05835505218766668,0.01475089500275842,0.043947669110164705,0.06096045095216617,0.08939899974255101,0.156425204672031,0.06586039799985047,0.09952196287758407,0.08150038090698568,0.007360507562793941,0.0038212236205164706,0.005492997124132736
22,0.05826131801150899,0.05631760333557831,0.04432426524109903,0.04465076411214979,0.023340431631581834,0.05887050745765146,0.08387786095942394,0.05878740195925445,0.02017292502558248,0.044141054010129986,0.06880740102480264,0.06286416724107922,0.056243917689505964,0.08098820606879997,0.01916192980113034,0.055638542770393845,0.05555478842131812,0.05329729158429312,0.012955574285151683,0.04174404936956494
23,0.05420638508458306,0.07291182480494364,0.1298666336934906,0.09760079051153607,0.010448772827674592,0.04030023600309918,0.08389404521939987,0.013286686192969037,0.032572599021733144,0.0260043071387822,0.08787745390168328,0.0753713159506199,0.00656233814749561,0.08396724986518327,0.012127093716981632,0.06467249400056398,0.04301712630078217,0.04312636440398307,0.0103295387118165,0.011856744502679201
24,0.012487843411362352,0.046864184560635354,0.028891022124776605,0.014275168282081351,0.32152133417156414,0.005529246663321367,0.07679658767272356,0.06452000761003525,0.018066859852608048,0.0012475838382060617,0.012206995755346764,0.028591950094578312,0.04014260255851509,0.024948705867798533,0.005592999434069423,0.001987861809097942,0.017222345041585527,0.008148203935131243,0.07850290388612009,0.19245559343044302
25,0.10144397400797789,0.05757324036872041,0.021777179463320234,0.015108334305545368,0.056265210998549746,0.022287977166704456,0.08146468732498523,0.06411771658002753,0.018022368011833805,0.06744915653110851,0.046813219406686056,0.11077398393191044,0.005387697626859435,0.051527415955098944,0.0505538440149286,0.07037376557044782,0.03986865282658597,0.05023115449828137,0.004502063600240363,0.06445835781018792
26,0.0063591664308966685,0.036228151331799685,0.04964988461882664,0.016985753177411068,0.0012800539440129541,0.003959708759906205,0.055350418211641446,0.031205181445897446,0.10410328542386577,0.010373160036721047,0.03519989698797742,0.12303520971687375,0.05312313232204754,0.12328041405845892,0.07768888396193628,0.131217935651439,0.10828479748267855,0.02161270374835501,0.003695128530104662,0.007367134159149869
27,0.009429520526074065,0.007928104488032078,0.03563958992443723,0.012416150573241453,0.27036954165904253,0.0057534766270057325,0.05374474621825354,0.02245833479043936,0.015771837893140954,0.00547906659281355,0.015387569294126692,0.018118912013831794,0.011521548538737105,0.02141105392652984,0.006019771630013808,0.01149657052050032,0.010436207695803876,0.006433490357820652,0.012986988767357191,0.4471975179627983
28,0.008129706325582117,0.01627921283449354,0.021569626881382153,0.08615889662923275,0.009155047487125938,0.007007288400173183,0.023814472196170777,0.05691184256540283,0.3535981382135706,0.00448153605467149,0.012648589390613252,0.010228559228432417,0.010112418601927171,0.022505084424870442,0.235255351877475,0.007684208456259385,0.04770247123547879,0.022223449303472892,0.010608525092216511,0.03392557480144883
29,0.06553482313501374,0.031975869116307565,0.00682948351563676,0.04868728801224472,0.015010176790404348,0.045813737167608455,0.037338267360388026,0.0575048776720361,0.17270941536128373,0.06850676682125371,0.04540183332167796,0.03726156058955774,0.005203147017653076,0.039867931213304744,0.16605206364048739,0.06231882397289818,0.023068558774625058,0.051398168786309706,0.0032851377050534774,0.0162320700262555
30,0.18548791917079674,0.08637659941248145,0.016943016870119634,0.010975094897038186,0.010002872764954483,0.01865737835292239,0.07690970544876215,0.02858973406320316,0.010439589589405928,0.010971708461948242,0.010816587037071343,0.192524732385656,0.017998534998789884,0.023252208831979315,0.025941538709240597,0.15228790845482887,0.08164975811156472,0.025572472743391722,0.0070011537574543115,0.007601485938390853
31,0.23467959037364286,0.07967560318680526,0.014494469336867384,0.013006469666380194,0.012551943376848333,0.31214527649427953,0.03268849060495695,0.014250222016122685,0.011959791901738188,0.0043554031752393455,0.011684523521407234,0.05552815447436251,0.006600217396345988,0.025413330917105126,0.004575174088537932,0.1284662236079465,0.006548763681075066,0.006342854805683353,0.010909040035178855,0.01412445733947664
32,0.008238644510738708,0.1901870388670146,0.020373920056523828,0.02554277568072683,0.027253657073104284,0.006152757740315308,0.018665738747684808,0.30833603058432635,0.014853028951548428,0.00532375179289334,0.015313787921361061,0.046907257184148864,0.008595826661485027,0.022894726034154184,0.005166407036746685,0.005751285695536494,0.0694093569173346,0.15819993387948109,0.018353091081386063,0.02448098358348942
33,0.04162718178173198,0.024552520391046686,0.006471311227230257,0.004409883063625303,0.01924925163026592,0.002443945785754389,0.08887599119292017,0.002979145721876132,0.014830089711381262,0.10081824528646398,0.029860998086287505,0.018151627141627692,0.0033854658065584245,0.05665100601645301,0.026906029347586763,0.08398859445815561,0.12459777036432562,0.04788741782081076,0.2444644055734615,0.05784911959243705
34,0.009974037703224333,0.019891249886111625,0.12348707271387205,0.5038778134607383,0.024957602259075822,0.0853805092006062,0.019475433130704416,0.018547600216664892,0.008064263126907901,0.007264578710781113,0.031113484081261366,0.01672290449959754,0.00885499420393359,0.02365178571987817,0.007730673213965397,0.011245267959678515,0.010994806809694503,0.024322206983158384,0.025378457846256437,0.019065258273889323
35,0.07652901501223726,0.11641984139191493,0.010755213426381291,0.018181877169499674,0.006948621085246208,0.005967319886061614,0.0069222323857077266,0.21884812455991373,0.011194965804444415,0.005457469676664305,0.02657711041486041,0.009107909049011756,0.04810881820886668,0.00801377204341723,0.0022600595930241164,0.012744833235462808,0.13442189275881336,0.2671313716811417,0.004545225121239805,0.009864327496090801
36,0.1437752339926768,0.06427934162560578,0.0127395541974053,0.03739494794961291,0.03670310385843318,0.03268762590641828,0.03744725423567661,0.01870094231272613,0.013253823592063993,0.03896874735613801,0.04858124293627075,0.08114957622378237,0.07716332348667905,0.11111852343497519,0.01659553746243891,0.061378604859212836,0.057998500578408,0.036785436931123065,0.015708607821258002,0.05757007123909491
37,0.01780881656271552,0.0509645734243813,0.04295391925471979,0.02113616306793609,0.027307502354861252,0.010933180778234283,0.038589949324535404,0.049895968083500754,0.014423362591689014,0.013035601901578963,0.027417267116635707,0.126566411072652,0.03733800017755098,0.03180450746795172,0.3209806795006451,0.06230929973087577,0.02328578206601876,0.010738601354460949,0.02844895292107721,0.04406146124797933
38,0.08912412043499367,0.013776350826540525,0.15050257997815442,0.19075761726134255,0.011911567820400886,0.05219776416659167,0.037830077416402444,0.04836401188528918,0.004516220460437835,0.03132439502749498,0.03961626331968735,0.1082443766195701,0.0017678475477433252,0.034894521658532233,0.0025677406671423095,0.04944580319665067,0.059371541920126746,0.03527961007686693,0.023272602524618047,0.015234987191414149
39,0.0319900109530018,0.004986796542552262,0.10710193465990599,0.14647623744205354,0.0087077774022208,0.0413789616097151,0.06026787314591476,0.0670934545222857,0.004130120377555685,0.053120433817242525,0.06983801839247605,0.05797148249311529,0.05768251667482374,0.08625359307893454,0.008843951709437367,0.03573589356228502,0.0720333509345147,0.05809755336793899,0.006675542289081772,0.021614497024944352
40,0.4257173785281994,0.01291091713083086,0.023353152392554307,0.011571499093550095,0.014129198243273633,0.01256354795229526,0.02302667819866959,0.018043432370059884,0.016512569170810443,0.004672640218496318,0.016714285671337533,0.013857396313399793,0.02534809912935428,0.01853866407972236,0.004973757136339768,0.23676423812638667,0.0025808831371636805,0.07845697254550815,0.028600636640905914,0.011664053921141981
41,0.06600718739456148,0.02706944731978216,0.004898048401006025,0.006430184875984059,0.005156910295211046,0.003415399377533594,0.01312823950691813,0.12711787120747198,0.2077916601130927,0.017789888111418663,0.02036665375580134,0.005896826815838692,0.0036525126975088533,0.12067412408912026,0.14798638176145862,0.05707531043208192,0.07791992114204409,0.07903297622631926,0.003642658876487018,0.0049477976003601
42,0.08234432856143614,0.03111093317407251,0.02578513180996947,0.06296206049111326,0.01242364925543416,0.026235497002690764,0.06465583562236274,0.06397048667905399,0.028341472546062774,0.06533210673145198,0.05168706089956362,0.07507680782555483,0.0006234150503247717,0.05822028961691342,0.1029503405899815,0.08908607660106076,0.07625587529170047,0.05491290216341546,0.008132838599025432,0.019892891488811962
43,0.2403109405445926,0.1200961543656488,0.014105443228808391,0.04125350134122169,0.02315634159843474,0.014623200157190958,0.04166205762308173,0.01840568444508433,0.020053142633420475,0.05936530854019497,0.13623677128700812,0.043164635203388056,0.002729948790565045,0.0500773673077553,0.03407350914498762,0.06383011723785385,0.0016865361904684958,0.02818628131264166,0.009931993247843657,0.03705106579980961
44,0.011999228179811625,0.010641862950989832,0.007032322953868083,0.010152113319314551,0.18712029375292605,0.005517625975167358,0.0165950694940245,0.21207110903872803,0.009085320837885215,0.2986665245527533,0.11173713881550092,0.007575683590326187,0.002845625587334048,0.013691709001537253,0.011809954766261956,0.0023334516183026763,0.004713514200365318,0.0528795217100744,0.011992371117744927,0.011539558537083943
45,0.05570401151487301,0.04799085158154246,0.03536336658430047,0.07437654688633479,0.02444833128892653,0.051924389802400016,0.08235927856754333,0.04901914554313188,0.07864590712850938,0.06190085608824719,0.05133399901037266,0.06967620983463191,0.0006227309273092149,0.0712644831987242,0.038794601792648216,0.06640682548810183,0.04513047312360693,0.04396583040971538,0.012629108070210377,0.03844305315887021
46,0.04504251089052345,0.07778023875938299,0.12431301376477615,0.11282097386606653,0.02114596536528539,0.060334615601564286,0.043895884407630814,0.032273055543707956,0.024343654195030057,0.02716967055634246,0.0314013474928061,0.0809823221361308,0.0009042346506488849,0.12888370231709761,0.013931082083030349,0.07785007639628548,0.050104556861826265,0.03215737420929638,0.005666458315507445,0.008999262587060654
47,0.055058994647521016,0.06336544840315157,0.009226332678337125,0.012470895971122012,0.01866108825790379,0.19639924198762104,0.10218430546166918,0.003767664320640397,0.10812123168544245,0.017537659858755366,0.05182630450121976,0.13741470066372888,0.0015620748070340985,0.07634242775028044,0.06229587442345364,0.06698342886068705,0.003700645307861468,0.0022766309400238244,0.00647964236394883,0.0043254071095981195
48,0.0434461645435306,0.13523348685427491,0.04092384473930446,0.03907561615261541,0.07779497092262015,0.010199728994016987,0.036921140288718464,0.04394128848421757,0.012726341697658941,0.03164013108997926,0.03860528075435332,0.1448547312969523,0.0464256540220807,0.02633607541427869,0.04453677010652566,0.025924871832604713,0.09114815967866063,0.06402990974572796,0.008780174348564207,0.037455659033315
49,0.053805985355139196,0.0467356751236049,0.07505942724815882,0.03270943555522617,0.07468261809193928,0.015793194462468133,0.02975081957511441,0.03103310756639109,0.05014151031985725,0.08725596232484012,0.046778714292349734,0.05080821084635745,0.01918555098848324,0.03337272834313107,0.04735983751947764,0.06405525099509644,0.04904887416045294,0.060194472062486855,0.04701503362450874,0.08521359154491663
50,0.061373995405467424,0.05926028833570368,0.1593791733430537,0.0619747514605023,0.040437214934062625,0.04181660696875067,0.06965329821988286,0.02209140489914811,0.025886911015249287,0.02486492357734264,0.038866451975913825,0.07311946965644366,0.0031500071904757066,0.03979997899133336,0.012223900208134207,0.060616402839033384,0.06784835117268191,0.0705420582082955,0.03417762924211188,0.032917182356413235
51,0.10646653647229608,0.055314627325690556,0.020364565474940206,0.08381717082074375,0.010736106687247239,0.13332099538616668,0.03913328695691542,0.003360048093254859,0.03622702978431499,0.041448171850588376,0.03260825004183882,0.051556672432247264,0.001137977418352778,0.03064570513513303,0.02086536133167738,0.21663803204889007,0.09833916382414003,0.010955589718668599,0.004087693056025161,0.0029770161408688273
52,0.006975069478168416,0.017034518523478356,0.015148965404467316,0.010579156396373147,0.01774222564393273,0.6835917955945391,0.01571073716539668,0.019283175805384342,0.019507423654672288,0.005549964813280311,0.019820759915578634,0.020150145489384316,0.00709223822616063,0.03265832781380374,0.04693053797258376,0.006116700783688572,0.007798430670168427,0.011437640728208695,0.018040889638983044,0.018831296281747602
53,0.01289410554141951,0.011555707845150582,0.005209488269145839,0.005692794238247478,0.25936530223165116,0.002534943446513929,0.27959037930697417,0.009324500702696034,0.0045859449008560475,0.0025858625160953513,0.011335987324194136,0.005099773176710295,0.0008714556629782922,0.02492812803243587,0.001359421014884056,0.0017419075909878262,0.003039866110491545,0.022410268705998923,0.14728035890233873,0.1885938044802303
54,0.23841604278389705,0.11408603986770456,0.014666141217814685,0.007940158478213907,0.005743769321748068,0.009298559051560932,0.004743985569303712,0.00557565252216648,0.006270105690492985,0.00220292721284623,0.006830056456139311,0.00843794036075628,0.2504471013042575,0.006641138243789376,0.002263150845433056,0.1796029500671854,0.09915146557105986,0.022619498261333342,0.008782238183476955,0.0062810789908202035
55,0.029917782997544284,0.05034618815238608,0.00735997965238058,0.02855362784791837,0.008024720608242213,0.004808332498440887,0.008760986551327593,0.0034006445404738683,0.007162218579445855,0.002609619166216196,0.014109646267026127,0.00624574666983366,0.3144244570145889,0.007963282533559863,0.003739085939997935,0.002692829289262238,0.011567735279790195,0.4724505390216505,0.0098660843075417,0.005996493082373149
56,0.008588955417334485,0.012395542716341005,0.011146306407056801,0.021252705810493867,0.09160726858365713,0.00751827965333944,0.008069089580280402,0.016989887555855974,0.019989474603885202,0.00528236104952328,0.023089410958299198,0.011589634002082126,0.02586070614815972,0.01349992619503852,0.0048712510323938776,0.6290562916881491,0.004394327207181876,0.007459403794600909,0.020008097423764182,0.057331080172562915
57,0.010996444992851165,0.08561574923653652,0.02112029313112832,0.013639345234157663,0.020582458105251895,0.00781532527818741,0.012562648228669421,0.018303093995144782,0.02308851120817924,0.0058002367457405946,0.015216616813377137,0.014449804488725801,0.007989166160247018,0.05186386059532073,0.48611277894503496,0.10247042531005014,0.042460811792767096,0.007869618395361454,0.033356192085381285,0.01868661925788745
58,0.014035472005043468,0.013942658027686454,0.012532721008033569,0.05803535512390882,0.016212894824157772,0.6727155595228375,0.010425514529227867,0.015241640761246544,0.01698874258590002,0.004179036005867182,0.01916001155045569,0.012742885333598982,0.004810816911212394,0.012727165907357578,0.07067524843439812,0.006372338565776299,0.006452474706763922,0.005909177799329884,0.014289689617996685,0.012550596779201383
59,0.18531833583967416,0.0864874205488735,0.010893375886309897,0.01083345138741093,0.01002988024596829,0.013434001575039288,0.0056359228147434106,0.009863391307044701,0.009478457344247954,0.0030380436104067905,0.008446749883306572,0.03448484578332095,0.0057297206368337366,0.0074683836727113114,0.004427438233568508,0.24655785474604275,0.1413186661585298,0.18139942958277475,0.007984668122946258,0.01716996262024646
60,0.12354775454150378,0.13752679627269035,0.014514562295164873,0.02728026224174983,0.11373997490300869,0.025972316602606144,0.021907202420909197,0.017697021424303457,0.022721311952902275,0.004958334038545217,0.015091189871020866,0.0285785409311001,0.012266381553212512,0.015014625378196056,0.004233916361509993,0.2610483068509352,0.07354184127650389,0.039092289136119916,0.010060288992056271,0.03120708295596146
61,0.04161493115942223,0.0161588558237119,0.026619506889350667,0.027397462932416638,0.019879782438137775,0.0066345781319981124,0.03490282505023191,0.02146114152509525,0.5072887504391073,0.0062369747025884485,0.02004611066767875,0.05469971642241028,0.021344744218578973,0.01681475544666181,0.10830757260960877,0.010691467312368958,0.014837453653429235,0.006657145977495782,0.015373741577388278,0.023032483022319018
62,0.0035452480456434365,0.008000456419837942,0.007793306183592184,0.011274929223243262,0.29802375377062446,0.004046584023125952,0.012076560030610183,0.1056277789335699,0.007646214686669491,0.43550516943721607,0.008061721340784929,0.00494961587274018,0.0037732402961282523,0.008480087413591226,0.004959077372396571,0.0031031651683470127,0.0029641266405458382,0.054606401411143674,0.009289774333126825,0.006272789397062803
63,0.1779794834752139,0.06381084075796488,0.011171553444401952,0.07656995636221396,0.00952737999016801,0.08451408261239868,0.005324391505481352,0.005727649014643094,0.02717005359952343,0.024962362380933995,0.08718976404062466,0.006354704702614265,0.000732412243188513,0.10691034678314994,0.059289581124747276,0.09987678999564349,0.0504885044955824,0.05400969130270756,0.025803740927926314,0.0225867112408723
64,0.006863816234620422,0.021166851905185483,0.014037325848879909,0.014325495653615725,0.09697743887714098,0.005927179445619732,0.009298480533064804,0.011036697510969936,0.011130451270530119,0.003596319235635092,0.010758875999003768,0.009710487942275055,0.00449923375994214,0.010209977709769683,0.06435004913240903,0.0039165884874938625,0.005630069790344226,0.007207158354616244,0.5957614216427314,0.09359608066615242
65,0.006380821292254544,0.02754088812368111,0.014909398395965315,0.01755622110599696,0.0301497236250468,0.006670008809456393,0.011862508472091228,0.023183551400850533,0.013623210423388696,0.42937119207745167,0.29904585657686966,0.012346348899274814,0.00469550881584484,0.018326076989546292,0.005814571430495572,0.028810484714473464,0.007203038868076609,0.015941859296324995,0.010765022739826982,0.01580370794308351
66,0.19479658515492462,0.17584697788601086,0.011055946106457895,0.008929171883865378,0.012515279093316541,0.007015195810684593,0.012135040939838741,0.03237462390771306,0.0107563615408763,0.005779684415844358,0.02447191845171789,0.008120759895657912,0.0028978820967130448,0.011335409812961508,0.0030901192804503965,0.027905548561337267,0.1683403353701971,0.26063672704095103,0.00897351496515994,0.013022917785321551
67,0.007868864100556726,0.018177681800409923,0.04593471436992579,0.43281427636640585,0.012889865682950448,0.0018233167123315908,0.010932853682589396,0.01265578231230677,0.3602168658827445,0.0033149576665999574,0.013505650581400718,0.006504364164858663,0.002786120894233935,0.010216386281963327,0.011159620496663893,0.009144477372084882,0.004081625355204494,0.016028367093737745,0.011019942570602154,0.008924266612429227
68,0.008702672341302278,0.01670050741013436,0.01712554873766142,0.0208349698631754,0.015391341270481545,0.08184123788161034,0.009489353390833235,0.05089008230323399,0.036510326901513894,0.004961876936768048,0.016943637671197716,0.011361024446119248,0.005656822798558179,0.016631294952113223,0.5929864059171505,0.04882071035693983,0.006567935626370051,0.009327009744549898,0.016008646425077974,0.01324859502520885
69,0.11376912639135583,0.010778440422211216,0.09043327066045515,0.004966438953881419,0.007773270981516541,0.5844922051383754,0.0036249769020187546,0.005896330134676732,0.0073996010663809056,0.0021459551521812044,0.007879553667465504,0.06335314007759048,0.0017380887746559763,0.017197301797609078,0.018448350137338147,0.03020222286719478,0.002489955407499961,0.012241089609044886,0.00902699935394794,0.006143682504600174
70,0.0020625895023208283,0.0019884848458973075,0.0040677727748192625,0.0057147717106212125,0.19485515862412583,0.004526610497236768,0.06222038590562767,0.05984185738558221,0.0037042615350865275,0.2751629748742326,0.1598229751166865,0.005211681456586951,0.0010316553445955,0.003309097678438655,0.0017460539458689047,0.0012485550468118954,0.0017789053721510154,0.005733426899423673,0.025928522036151713,0.18004425944773497
71,0.026719432033364392,0.34738267596380673,0.007666003964835056,0.008166068453855388,0.06494344739778488,0.0035785717431917135,0.004178113174259886,0.07951356499439725,0.007211930235844627,0.17513282295121155,0.11810449820508107,0.0051905745927195955,0.001177425405789254,0.00427515468128539,0.007506012368924981,0.0023275144754561525,0.04415785037756104,0.07996973113002055,0.006106315022102325,0.00669229282850826
72,0.02581099255179931,0.0476133422241562,0.13871125216139804,0.1417674826415196,0.02999705660321449,0.055106400943962484,0.15960443743575112,0.019507984232892923,0.006339499223489683,0.04553631659316359,0.039991593681786265,0.03064187792746557,0.006671870945288853,0.057659089483069505,0.0109134653045558,0.04915238994941398,0.027751293180029817,0.02533006213605075,0.043339127183848296,0.03855446559714389
73,0.014603690780381996,0.07503861782699463,0.03286415042501554,0.0231650817864259,0.03907746813006637,0.008966626629160715,0.057637755795208585,0.03456906365850782,0.024893824803910544,0.021817553976042514,0.05872568919234999,0.03312736446496096,0.32148771874884374,0.07845172094060776,0.0087291633597206,0.00509838780702369,0.09044163658663558,0.012084603258567911,0.016468782879599905,0.04275109894997522
74,0.0213839042817814,0.0749498833330939,0.00380144169152153,0.07191567827770769,0.11136296635365363,0.04049986832677599,0.06026479227053511,0.07556026568048735,0.003778129805353414,0.09254500721111936,0.10171905023049384,0.03216224751607838,0.0021118572809055215,0.027871657051374312,0.002219105598154992,0.03066801445325726,0.03311691243862067,0.08141681147616377,0.014536272889644314,0.11811613383327757
75,0.008173403779369889,0.02264360767316194,0.021929135399972127,0.006062105517264671,0.0174442319905514,0.6600889675599837,0.016575023576788174,0.026162256801624647,0.02317139770678982,0.007099610027569513,0.019596398608277627,0.01737092522020694,0.007140806690026099,0.019795959858773537,0.01949578488103593,0.007409149342231962,0.008331145403137697,0.011964390921687487,0.05955696642881068,0.019988732612736232
76,0.049363124439582774,0.04551460569984365,0.00481841476463045,0.00191945726431756,0.05935449264740924,0.003309721508914641,0.21253814798300522,0.011311455169874309,0.0991766091031689,0.05285994143301598,0.023309167126272512,0.00466079361950254,0.0018502872363780967,0.02659517631320475,0.14740813417613394,0.04489229021225625,0.02980302818071019,0.03525806763097231,0.011515331899642954,0.1345417535911638
77,0.012749147896216137,0.2618383795286094,0.012673588511775418,0.019039530849156137,0.01197609671925067,0.015013291579932267,0.0077807720107047175,0.035945277419695096,0.013356876722555297,0.0653681141650745,0.011589998240995136,0.0068936393888374735,0.003966194135532241,0.009039230274300753,0.004765236401810753,0.0036981673329059554,0.24506194658351996,0.23509146766526998,0.016989023904288792,0.007164020669569296
78,0.023132741813430047,0.18962591276783125,0.017838134544545577,0.006450386998421591,0.025462583151647927,0.004878531586288378,0.005935205496754176,0.2128923517531011,0.010346380750678605,0.06524004227416695,0.12214498254666868,0.0051284825917032985,0.0027393078719472907,0.007423799486957899,0.002783501462195992,0.0024384559413384715,0.05569232530194059,0.19344542453808608,0.0062261342342404685,0.04017531488805569
79,0.008598242629807865,0.019956536451173082,0.6968450534216863,0.0305763129292725,0.02105089053052966,0.0024349084890072027,0.010529417561158641,0.019029240356186364,0.024401563699012172,0.0075753940006360885,0.02112124750258088,0.05583255213290369,0.005724682429007986,0.021301115276265242,0.006081594996588901,0.005569215584485413,0.0061484315151365656,0.007543450282271234,0.016893575232796585,0.01278657497949357
80,0.0047712609670025755,0.01262420670455987,0.010762396881744895,0.012076607238286645,0.03495346338064187,0.005634059842367817,0.033733534001485405,0.2797257486946257,0.014225508386281298,0.45211807831498274,0.06475449195516451,0.009467036517394738,0.006139193542660611,0.011761304375852493,0.002498668359285684,0.003211580861832101,0.0037950234971469606,0.012414710489087101,0.013573733908255182,0.011759392081341843
81,0.012384636765148315,0.04883259438594645,0.016615035958926876,0.056298228304909104,0.016499019373557806,0.6475734488536,0.014690686188274118,0.014454716023654847,0.022070642572220803,0.005204729114895472,0.020038088531212712,0.015877442346604733,0.007011176384788423,0.022462704034821437,0.0051158560647775264,0.006104429876500527,0.009713405535749989,0.006884178760420648,0.03663428705613243,0.01553469386785778
82,0.2953249475146404,0.43289523590695406,0.007712592702306294,0.009843195237022923,0.005324514461533511,0.0036056355141795816,0.007387295878416743,0.00793229466386614,0.008411170282089002,0.002040893257807629,0.00751263461914375,0.00726636869714437,0.002389114209640941,0.007269695780028025,0.0031164259003042196,0.12159240456851089,0.025655039183826223,0.003448242689531459,0.005379520537435272,0.03589277839561849
83,0.006923914323236541,0.0560387448789108,0.005646365927045635,0.020620824412922963,0.0177640440879329,0.7126759100371066,0.011524494215406878,0.014653233611704073,0.02148520811587464,0.00644712250256435,0.022017782103221,0.009869439720219515,0.005802045506190922,0.019470881998413948,0.00467693400888651,0.0038329437343344887,0.005915481779612308,0.01610513611433789,0.025417711086355498,0.013111781835722485
84,0.016984684777185403,0.029982426328623052,0.04541627916744212,0.026150087201174187,0.03989169249912066,0.05212333085346823,0.09847795229951443,0.1089420225661792,0.03565623469995566,0.021014071642938063,0.06501514331089392,0.021096441427100866,0.09032714499355293,0.05124310204023802,0.18818777757423308,0.006933113896258483,0.030910173934369112,0.015149353203573667,0.028187924591049088,0.028311042993129875
85,0.010989527601705214,0.047767420301282025,0.035605576295534784,0.006934307507807419,0.0540703328289432,0.16725178093529577,0.13551051419328333,0.08191621545068965,0.02376585540909573,0.018222427663466764,0.034188234467725793,0.0980297242286219,0.017697900890437972,0.06738238763557337,0.003477592485241186,0.024835401762774604,0.02593804065679785,0.02393272998138371,0.024436206807872115,0.09804782289646764
86,0.015883459938985295,0.017392314619363334,0.026773302081032523,0.04618682971426454,0.018118006964658092,0.627085435491866,0.008923106856774627,0.023894091922832535,0.04076539305907779,0.006318246190381009,0.037817988275536035,0.021454553425801645,0.0034381770065507627,0.02459147218275465,0.006177167008884948,0.003675723314226344,0.0073433994402824455,0.021212063045137272,0.028258041653221,0.014691227808369072
87,0.011723870413553418,0.04694228774523154,0.030174380599854583,0.03680700599171777,0.028452254743591934,0.016390557978132835,0.0175756651027897,0.03209915987924247,0.031187936018897255,0.006061741908226559,0.024636544243803928,0.02578352590898748,0.005661011542439486,0.01756051612425118,0.0023850530387990484,0.007707893341235531,0.010843270761537273,0.015302406537424249,0.6042882709068439,0.028416647213439953
88,0.22808038064094238,0.22941038627025132,0.0055967676142003745,0.008885863645998446,0.0063083377828112045,0.12106308512881897,0.0037645628808061875,0.004447603863763867,0.010403887426412189,0.0021135189262619656,0.008282806550233534,0.012448373552881269,0.0011118602234082035,0.008044144816563185,0.004109531016864294,0.29432274242829976,0.033467679521677535,0.004202354406707914,0.008108514469553988,0.005827598833543522
89,0.0022134145202895726,0.051481147210267114,0.008257220833734626,0.005143518040633612,0.08821457893893521,0.0020921117624556128,0.011473994821475007,0.0038775456960614407,0.005066391528963977,0.005109440199329531,0.0050636093028263935,0.006552385067106473,0.0027289694709990812,0.4394659121560183,0.0014619094438753436,0.00118107678448806,0.001955579437808674,0.002217774561226915,0.0793670331822026,0.27707638704130244
90,0.008121357391443833,0.03265159462997294,0.052897017020101855,0.02978788887406789,0.10515634499875008,0.006556320317598636,0.019640735247344682,0.01286025621428108,0.025058052007918146,0.05502348604381222,0.028103701024660994,0.012352862681896247,0.004253510958407157,0.026915180237897757,0.0059463192710994305,0.013529671188720048,0.00569531006109953,0.040220619980372976,0.07544770751049938,0.4397820643400551
91,0.11626286278256183,0.0701161626606906,0.0020081583221326534,0.0030346114477195953,0.0031803540802262617,0.019121642144286213,0.0019186797076477565,0.1646491847099454,0.0037781813666423673,0.056619299135285815,0.16436354824501984,0.001979166686456257,0.0005923687006653141,0.0027743587810904746,0.0009508126046209924,0.1293455341939951,0.12759764618713765,0.12636963944467713,0.0030918297029130536,0.002245959096285781
92,0.5189327105979967,0.101446675835543,0.005642892940051338,0.015961390503841835,0.011442753792260887,0.1555297403414709,0.0056935600490884445,0.01311627075611309,0.016888305880293976,0.003783415148075979,0.020810593757725298,0.009668539891672498,0.004114718160588327,0.012718866025989,0.003341283280996546,0.04355753339861781,0.0013870234574074145,0.023658403691292688,0.020147452814204405,0.012157869676769765
93,0.1087273153263304,0.06888884155239886,0.0030932519710411134,0.006134785584518825,0.00299795183694415,0.1442211719594343,0.046722240822816063,0.015167775636692424,0.004890297534805711,0.0011004678232254999,0.010607765969899019,0.0317959379547861,0.000663018577653508,0.00985214077508423,0.001421005315940006,0.18193804234449476,0.3222277092953587,0.03142462233045177,0.004801246832314193,0.003324410555810483
94,0.0291206439790325,0.048444130865260136,0.0697550245521047,0.011952861482892534,0.004134690103910749,0.022211955525460098,0.1091774976202645,0.13571469868390365,0.011651426464912204,0.11412796219252504,0.03916283569456675,0.10439784018888097,0.0012589572181673574,0.06666893416150345,0.002511425189040234,0.029583155905459468,0.03335842552842879,0.08809360098679427,0.037880235270889843,0.04079369838600271
95,0.04534831703703963,0.032013085507108546,0.0024542401142981563,0.0034438399097060594,0.021741201480495184,0.04710575661494567,0.022798911835475433,0.02742605999405749,0.07407090271996615,0.0775126968427882,0.07962537418075245,0.1057132074967062,0.05357889156544023,0.06235633178588904,0.14013991329294817,0.07767825407397781,0.08287207194520647,0.03585854856541087,0.00496830547838067,0.0032940895594076014
