site,A,C,D,E,F,G,H,I,K,L,M,N,P,Q,R,S,T,V,W,Y
0,0.01304055276454393,0.048990778980934534,0.025852242959949878,0.019265410156667162,0.014673817033481725,0.04220523824541431,0.03617602151981635,0.015250438223952965,0.08985584104339456,0.02166009149311938,0.0158790204430408,0.02437427631882381,0.022992660074602277,0.015654922946075647,0.49189273048503507,0.043780747847808145,0.014058943240302981,0.007575296947718427,0.013594065114636351,0.02322690416068172
1,0.022703316867966228,0.01660578484961785,0.01800408471980142,0.038357308860275614,0.01970494018619475,0.5464260698526718,0.04013093371239276,0.018443185939814876,0.016568968008804065,0.00979058021522196,0.01600597163146009,0.026538213771324853,0.043439460359234565,0.02751833808091193,0.04442872474133137,0.013987559486042191,0.02516598912236485,0.021024040548195372,0.01138465079297601,0.02377187825339736
2,0.0075264862803339225,0.044987373038703336,0.041239045903174,0.01117978096037541,0.011167150780781723,0.7173818976767126,0.011334905513651884,0.012885632599425332,0.0127116388646494,0.004491095766472969,0.012987328349385414,0.011861121600282243,0.006490464802872233,0.012446303685826028,0.006038005452001828,0.034182234598074145,0.00832138515021161,0.009903762903814605,0.009962935982901709,0.012901450090349703
3,0.0735650572120657,0.03988481710133517,0.014499365210313822,0.034470958337247164,0.01574267512159545,0.6153599972217126,0.016334135745957535,0.016377610336691755,0.015670225848515896,0.006002595547233403,0.0167059828312769,0.016616276613008723,0.008514298851674098,0.01612757292838909,0.023940085464417542,0.008876507925052768,0.00996099933092603,0.011720712002632444,0.02189790699831773,0.017732219371636146
4,0.0475227848406079,0.06136371468055126,0.032003999064013,0.033471499685009315,0.025008524652382114,0.021301989624256567,0.03458071348791552,0.08936153305841293,0.05875651075800675,0.043022672421339565,0.03053717644823649,0.05017272327754015,0.003484076460933783,0.14106668533523883,0.05656510020785454,0.06691406809886095,0.07501016386915425,0.08873457463935314,0.011874083948347632,0.029247405441985317
5,0.1651369875579301,0.05748749426937564,0.00732666841877163,0.027648084904981638,0.012303515234874983,0.4747867623727898,0.006551277476082934,0.008220301465385466,0.01268631274075578,0.0027793307776738455,0.008406614530907982,0.008550287248991517,0.0034731982595577384,0.008738669217552635,0.013928825201253348,0.14748049955610293,0.005518998343288475,0.014939383812479716,0.005438742304314916,0.008598046306928956
6,0.041963498488047195,0.03663346170104632,0.10278580433024935,0.12634673001044908,0.0466516727714611,0.010030715083078755,0.038075942952555654,0.031311628406772395,0.01256714950591623,0.03147501505877886,0.058886310135982216,0.04915771471949021,0.007633946728880763,0.1126500555305318,0.008975987714205562,0.059365342234317775,0.060170255585098704,0.05510643802144124,0.056453466164012304,0.05375886485768453
7,0.046344858312544736,0.045995611473775976,0.012535728175774299,0.012164529642124668,0.012340449582190086,0.004876501713453646,0.012226154618873062,0.03944136555539396,0.011242446173501341,0.004783412775003302,0.012808113380905333,0.01749385827339403,0.01740574939947154,0.011638419950546377,0.004274714035171562,0.05211870222522214,0.6474605975247879,0.01476723773116611,0.009134348117288782,0.010947201339411005
8,0.042437471132442915,0.16350607333810005,0.0037795259336619903,0.005130291083553543,0.004034994842237796,0.010048944653953317,0.0032928433152371608,0.1368702290900833,0.003879680248666686,0.1818713654444498,0.011429736041822819,0.011862436521016777,0.06370996516090842,0.00987377462807685,0.003894712383618026,0.037298113323404616,0.13114215267886412,0.16972836863894802,0.00269293606782688,0.0035163854731269178
9,0.010061557504149434,0.013896886946467181,0.01283191566307258,0.04884254411272621,0.013417179429532938,0.7140487290823931,0.013101826033004848,0.012730702250370207,0.018061551250751217,0.005086981527634523,0.01653232107528811,0.017950021269518973,0.0072765660274461885,0.017555472335055965,0.029835931924195726,0.006816463783126754,0.008494479680337797,0.01172827618414895,0.00973976896667225,0.011990824954107077
10,0.053331712868774556,0.1009413115791345,0.05884159085049417,0.13032814838157475,0.03376746763404893,0.016137349082573183,0.035158667790651965,0.07223189296972705,0.019558941280454812,0.030117022628188262,0.03478709860787927,0.030838004338268752,0.0016680544566641507,0.11163400436286613,0.025614914683746815,0.026591823045648135,0.014008442398853455,0.10733502765787291,0.05203278724829733,0.04507573813428084
11,0.040438588009091746,0.01980659259777476,0.010605261586555692,0.041640957998077544,0.035570813548943155,0.02682839368109557,0.07243058607531833,0.07815205444765476,0.13446851171172738,0.07817499359236443,0.10636398308656915,0.06397487495479469,0.003312449658570183,0.05902896007134792,0.07376456422477749,0.041786682579563354,0.02684366003023972,0.06634025371964612,0.0072388545528429375,0.013228963873045054
12,0.02121193488067345,0.05043299016275097,0.03428358323916243,0.029848870535457872,0.035887624365314126,0.015843954221092183,0.03439727805567825,0.02937274276657852,0.032354516647278286,0.04431141388699573,0.026817384221429832,0.035404586539764464,0.03236133619355457,0.04699922629021655,0.04695656301080619,0.027404979556139793,0.02869559670502835,0.013257962399155629,0.34365717751100905,0.07050027881191369
13,0.01555899531068322,0.02182186727380792,0.02558877677663469,0.04238311073439016,0.026050080248534543,0.010008479456882297,0.0783642538718936,0.048406940885577086,0.4238989177729111,0.013110939619785019,0.019328683672860402,0.04272679393539123,0.015192290025386662,0.0361647041560235,0.06455488854742537,0.01576062289369679,0.04249421609095818,0.013230022816579527,0.015811748971287235,0.029543666939291457
14,0.06183039864056695,0.03339432925599365,0.02836631166522281,0.02087399407153025,0.07033954594416213,0.08747751374713862,0.07702739563351475,0.0568494467144218,0.040172180363373736,0.04810454479231937,0.08273704835898961,0.057293055040413494,0.0018460324982282731,0.04727757543606997,0.03653899131915029,0.07855004746083147,0.0664867677040394,0.03852561076770681,0.02726500809889129,0.039044202487435314
15,0.10023377429915521,0.05298838891856136,0.01591109471842724,0.07409307215450585,0.006921384376294841,0.048189016979379364,0.02996913039620799,0.015265559724950903,0.10247285623630126,0.04656028035177576,0.06840953848103215,0.07166445473302112,0.0026272204427511396,0.07420251583855421,0.111029877579716,0.10062473434398783,0.051128055583799625,0.020799374637702265,0.002430510890468677,0.004479159313407238
16,0.006043135973500281,0.019398920437590006,0.010480673019748156,0.010417395495201874,0.009019579017690973,0.004157185869986268,0.009115439179704159,0.14861792866921886,0.009541297746422981,0.2912167415838496,0.19471131800471742,0.01161434660176168,0.04893365649410334,0.015373237499167766,0.008008708239101613,0.004445342323175151,0.019054622596854684,0.16411304791416945,0.006973177106018957,0.008764246228016843
17,0.09109964311687514,0.04469377150112095,0.03705147264998795,0.011099961969809223,0.00906281442144523,0.06431146546515193,0.03975115881023379,0.03215072711024977,0.03346577967833744,0.032308574029553457,0.03996734074212644,0.25151075718202515,0.00636824803519237,0.05147405266162425,0.03891670064128437,0.09975334143735748,0.0351193875752364,0.039341063716102645,0.009257993541906992,0.03329574571437902
18,0.05307905743006394,0.06381649267337888,0.04397614401887115,0.0540793875002147,0.028989602047516386,0.07954290448741236,0.0807554830574585,0.05568544071551099,0.03928961094421513,0.06616863774921931,0.041991047951993266,0.0469680973279183,0.00287252493110024,0.06530992527291973,0.052265999599759826,0.07574708132390474,0.06264165982519965,0.054885836438710665,0.011128968614426839,0.020806098090205383
19,0.009266736928715574,0.0570082362917676,0.012355859682443125,0.008115512765896945,0.11355639062761085,0.0060643878059345345,0.012728746472844726,0.05449153653240065,0.014007855281200918,0.27900944423799967,0.24674757665035996,0.009077041204821317,0.00401686031212193,0.07453163928682519,0.004973551437131759,0.0030097314810539496,0.022533577555519633,0.02190862776582288,0.005696324189556112,0.040900363489972606
20,0.0991522231253164,0.05653220870051426,0.06800182213107488,0.04093326092907563,0.006377812335002807,0.07017347825284818,0.042644159222574446,0.014297153105120393,0.02431048410885239,0.03164081585852376,0.04117652175687245,0.052069048540298375,0.08760361749730376,0.09801749313134765,0.02806303773297943,0.09999055410860819,0.05705026918475722,0.05410781416047392,0.005711198707010875,0.022147027411445027
21,0.08319678077979505,0.01623039784003139,0.046814003612975774,0.03243552005341661,0.005896422932360808,0.07407377705482636,0.052997446747126926,0.009517691796298066,0.04250655048506873,0.024323133531777775,0.04601784050317017,0.06311389920094512,0.07123207632817787,0.12558067534141243,0.07571055820561164,0.11721058588021264,0.08593694293894684,0.012351997320657497,0.006691353222157004,0.008162346225031319
22,0.056931835062944906,0.06108279210099501,0.05067574575141664,0.045247745790923,0.043917122310376144,0.05876619338412783,0.07022316959749202,0.04172473657038921,0.01815961476727801,0.04817441490559704,0.07896162999317174,0.047956820758104535,0.06365606910187117,0.08312693975213349,0.023740676598530363,0.04484469040034365,0.052836744347700644,0.05381812663389577,0.015226580734518656,0.04092835143819017
23,0.056191534913668295,0.07321233632626632,0.10781203971603343,0.11478599861723844,0.010747808297982756,0.06169838144812975,0.06777205960199673,0.01954226164679397,0.023733355232889514,0.021628820042526278,0.05382689407779692,0.07696745040640306,0.00912080036951299,0.12165786759208545,0.009516339981430465,0.05558316313698338,0.05512029325576026,0.03365572322984483,0.01310294820337045,0.014323923903286672
24,0.015168359123359064,0.037636819807878454,0.024553868816571997,0.016558882431950524,0.36977440518811905,0.008404752562358451,0.045677531388615376,0.04943095767980161,0.01817037598515301,0.021529794577247297,0.014662258864784667,0.024052222350381337,0.03460141682317827,0.02273249683775373,0.009560411038147273,0.027894688422347897,0.019489592789187646,0.014344622892650002,0.14158213232633046,0.08417441009418392
25,0.07201052645888771,0.04073637639452423,0.024521884938317116,0.01838179690740362,0.0671023665011267,0.019915816278931034,0.08993441259507444,0.06991940299936096,0.022093322415003943,0.06600627606012417,0.057954921500391166,0.08495452110622327,0.006669626210456622,0.06773075366911396,0.04497154455277443,0.07132798367845705,0.052047749498647315,0.044296550488422105,0.008563343032214978,0.07086082471454518
26,0.015848813649212447,0.026717417593358037,0.03603337927713362,0.03840853083899629,0.011619649394841884,0.0044124311528525445,0.04091211864493702,0.022936397374512047,0.1219843714398731,0.007298209499624188,0.029527102454392717,0.11963004420748587,0.058053486256508975,0.10172415956747627,0.07948325507532694,0.1331884260300556,0.10839805486124415,0.025756298286733943,0.00460427482689748,0.013463579568536879
27,0.012197430351394518,0.04125417844216151,0.04542225856513868,0.01520166828189414,0.12101155487322664,0.008481758023663407,0.05352634868038833,0.022704526424634077,0.018006963023781825,0.008083098092426069,0.017569970726959983,0.03434499179982698,0.01438642587031607,0.021149890297335633,0.009405446349804933,0.02097504571139743,0.013007762025823344,0.009836468524592705,0.01579483863349845,0.49763937530173535
28,0.012535410639673499,0.028599742806846077,0.021135379684240604,0.06603772976912174,0.013553734378076908,0.014487990167399935,0.04839856240987389,0.05157692323842733,0.4126849870137743,0.009010231734178633,0.015219462592958866,0.03715659389266041,0.013581662309707985,0.03184070091560758,0.10505839130494414,0.012294630017120625,0.041020426473981554,0.022230208116446954,0.013938417767647003,0.029638814767311967
29,0.09946770038034845,0.03480732327234345,0.008419846378185438,0.0344306515146724,0.014724837109661904,0.04660150505609743,0.0440447966781452,0.03958464840660076,0.16124829410902905,0.06042819138911815,0.04593761668585864,0.037065379079509735,0.00655439207798713,0.047476581299236965,0.14929229565666025,0.06577504956962964,0.03517616530331538,0.05036814229931456,0.004720859453225932,0.01387572428105957
30,0.15331689783091407,0.15541185745342878,0.030564352908895625,0.014371978290720943,0.013507348501373133,0.017571897781767393,0.050272733478373965,0.0239113904847368,0.019975544143505525,0.020970068776309293,0.016353738609285955,0.10937960993129066,0.02209020747098289,0.031240849097301973,0.02630901612710339,0.1721786625363595,0.07248810508972246,0.022712987316397277,0.014587646139414033,0.012785108032116353
31,0.19055006684964024,0.053670298211645706,0.03171044914438001,0.016033954238512508,0.015499422215921094,0.37253063273925663,0.034951645559693,0.01715213519656204,0.015195025707149918,0.006994511218973196,0.017335467271120023,0.040515451200153665,0.011367799400325762,0.024982675701420477,0.008490463825644763,0.08302142306786452,0.010021169326727964,0.01813373659001547,0.014655362076341672,0.017188310458651355
32,0.01557164997963473,0.14233718004752471,0.021519465697976817,0.021071181896443886,0.04087593161768009,0.009008043985699677,0.019672973497215994,0.34418120829302706,0.017860493806166774,0.012459925822265067,0.024554089769784616,0.04721931925053646,0.01180140153491506,0.021776942875586385,0.009247403126057834,0.028890118988280516,0.06638351325441476,0.10356761159653387,0.019545723392868225,0.0224558215673875
33,0.03999683311401298,0.029652508107971685,0.009451698153109221,0.006959517302835501,0.019626386665703547,0.005689637824128176,0.05828552926648739,0.04512347013947557,0.027487225931324494,0.10348107828647357,0.03274850161163446,0.04120505136457335,0.008229135483450325,0.06060857957376976,0.028718560393873896,0.07951256639214037,0.13219834622271998,0.03761474876109615,0.19360684844156706,0.03980377696365251
34,0.02829305750424192,0.018049640727732644,0.0760146548266044,0.4963755835406601,0.022433538394720925,0.06545391106941766,0.01837928043316471,0.01833851051280105,0.0388096034147773,0.011870208279652942,0.02708784894610619,0.016400474997568488,0.010318488036372865,0.03331939239445276,0.010772896569039516,0.019263312589300075,0.014787969860904623,0.029172592473941165,0.021085805337645213,0.02377323009089544
35,0.05355711668051049,0.1100813928249804,0.013023104007240799,0.01837398121048339,0.009384280136990724,0.00994267824610462,0.009403440659653546,0.19534903381886415,0.017014213341068514,0.007840915676568815,0.02474872603832191,0.015602039613299826,0.04841332537955392,0.010942026967136672,0.0035872389264719542,0.013623617645411217,0.14094391729167513,0.27561381657116096,0.006769636103606398,0.0157854988608965
36,0.10738561203689063,0.06582103821491612,0.02860260128427815,0.031290351191121814,0.054551828949271484,0.051303219813630896,0.06025306293785346,0.03120969517245029,0.01575212654927357,0.03189990064239732,0.05769897672411739,0.06221014651609224,0.06092776393168472,0.06568821728533404,0.02235415364411957,0.07888475448491765,0.04952450983888223,0.050854625268675104,0.028365753299374352,0.04542166221471896
37,0.021142205395610528,0.03409157629375235,0.03380318371529483,0.022897054318046867,0.026146746117548424,0.03532153836579978,0.030677563997690015,0.04472928369815691,0.04553025048138343,0.017234753597086084,0.025317550921490777,0.03920194098514215,0.03073761424142939,0.027887162393929896,0.428717517962746,0.03953672480337434,0.025086143468002534,0.015644606012878575,0.02519536491553687,0.031101218315100303
38,0.07642853447339674,0.01568024186465218,0.1765384797457105,0.1785524882880696,0.019597755342026294,0.04436180966882362,0.025088240002151586,0.051424696168772176,0.029806349079192537,0.028866513076387757,0.027684172036950446,0.09775110891436394,0.002504859899346448,0.028037159568557683,0.0035145661695125314,0.03833413019196486,0.07595338533414704,0.036220108030255195,0.023466506131703754,0.02018889601401508
39,0.028907945778835334,0.008384575732564062,0.09685327943674969,0.15904588829704344,0.015464863753430402,0.04488538790479334,0.04803445921018771,0.07220193193361082,0.015280810106775483,0.04539147559518253,0.06575734257444509,0.043605361038117886,0.07379703991062551,0.0912763817833248,0.008192370154691505,0.03536390050434263,0.06257071847837516,0.05923880592634028,0.008875752599576516,0.016871709280987805
40,0.4436270199269012,0.020301152593016698,0.03789580558102482,0.013572761732146053,0.016188652798819182,0.015341171396015074,0.02145655914863952,0.019916079399309432,0.01700793647111247,0.006750765164852467,0.017570770300336092,0.015537111479338152,0.02602732907839561,0.01905028205680703,0.007400093516039551,0.17994433033707216,0.02369540987703832,0.060700256610054217,0.023925325746857077,0.014091186786224919
41,0.08093292640995836,0.03909494314385766,0.007266696317470865,0.009346793569769312,0.007914732037469766,0.008492993885364444,0.018556179521369256,0.10939714989002412,0.1061160504151918,0.027159356136149216,0.05409271635084179,0.008474548759468032,0.004817144494340164,0.07942686740043199,0.15963185186785284,0.05224742824289713,0.08549607430478377,0.1258798059354578,0.0054783828402870565,0.01017735847701459
42,0.09767393242371873,0.03428587673299282,0.02056235160855944,0.040512851737098114,0.01269823462096673,0.03131833765216444,0.06741275818826788,0.05158226490513015,0.02201553627169769,0.054780469792013085,0.06575600518941453,0.07686136824622099,0.001857662468239086,0.08113506874472488,0.10156198944163637,0.0702201300787501,0.08894408493076776,0.04393468247981844,0.017985069802337387,0.018901324685481415
43,0.25017882794755897,0.12740446158655347,0.022188359272520993,0.0278965290182306,0.02318960984363601,0.012377309604451686,0.0448485107555354,0.019034573820287205,0.023161071097973523,0.06821310132606159,0.1066623944227512,0.03758291653878015,0.009818634830291122,0.04067327880519204,0.038000946994346925,0.06339181375186291,0.013386680462145336,0.02868482939148631,0.013385953279157191,0.029920197251177404
44,0.012973495611198572,0.015109991117972883,0.00979777248652958,0.013269969036309738,0.11124372272885015,0.008266760604774971,0.038756689675554186,0.1948367884651351,0.012227014000738843,0.3154455659578572,0.0976923004225203,0.00982026895754722,0.018850598215516705,0.01983593896958235,0.011507014069423912,0.0038126481166612172,0.008525362624300393,0.06278066091397282,0.013916713229261107,0.021330724796292708
45,0.06299997418490998,0.04377701841169553,0.04578701434358582,0.0628436292807094,0.02951161834405056,0.043032190306686584,0.06800094832308555,0.04615748634254424,0.08499936487254117,0.07113432376289908,0.06363087556050008,0.06172781932155707,0.0011476115612712114,0.06891109337524179,0.032125046904826364,0.07000820728138536,0.05287557012985039,0.04631144747733217,0.014433423944322734,0.030585336271004928
46,0.041190728918906815,0.06877253350974055,0.13262534298600254,0.11050473316525322,0.01930372723843971,0.06547727970635701,0.04797640812803317,0.029104094855648337,0.018461648878347597,0.05206684932629831,0.03208374847033926,0.07413559341630231,0.001768529286970935,0.09103325914178662,0.014521069336616876,0.09260265733671275,0.05248708891064418,0.02575970038214589,0.010796872291992244,0.019328134713461637
47,0.04494441973722108,0.06680976519067323,0.013345810741380719,0.02624397548441205,0.016123330612054065,0.20487757983355848,0.09418628940365832,0.005817060083468363,0.081865289601899,0.019155578905592743,0.048314117322172834,0.10347655172675153,0.0030348197095259595,0.09923603946646303,0.06991357079847,0.07179906349526073,0.0045357464675490925,0.009248758776162925,0.008726437559716305,0.008345795084009499
48,0.05325661479126525,0.09152694225156655,0.03907955641408458,0.03574881944423484,0.061373703953674384,0.022317413078024925,0.046420912151042104,0.04833881332354168,0.025930048693598103,0.04712058445213075,0.044797161846123056,0.06391679661787256,0.03811300158414394,0.06298378162641442,0.0410039543364894,0.02364537268957438,0.07179872611782588,0.08958375322358403,0.023703937692353214,0.06934010571245597
49,0.04761238888671105,0.04516573613980332,0.08611158439289612,0.04070209475191902,0.06946378174586781,0.027564030638805064,0.025470150517533627,0.035785621631105394,0.07031467472349691,0.08222304150575385,0.04133201080780046,0.05183415536534525,0.02299974237717066,0.03764260992633376,0.03924467491741073,0.05269798185115363,0.05860471193482821,0.05280922789491846,0.045266948352616805,0.06715483163852987
50,0.05557495408384574,0.05920044020906313,0.12391567606594855,0.05014708476811072,0.03907901239671802,0.04933102699432632,0.06124549933221473,0.020283653213565917,0.03431001971345238,0.027735972771245163,0.04081739408061145,0.14073619459659917,0.0048308227850657115,0.05263071746782413,0.013671575613783302,0.05682633572855167,0.06417013836112422,0.05074643360795033,0.027354186161558797,0.027392862048440565
51,0.09324995209023786,0.04432726128406279,0.024732408136161805,0.07172114064724797,0.013471639941475369,0.16379092987860347,0.07026145460753026,0.0074820467188691925,0.04617926988420809,0.03817958835701283,0.03785721449491027,0.05052160586077875,0.0028559058668068613,0.04613386535869377,0.020863095137216056,0.17754316995065655,0.06243460226920414,0.014986080958530185,0.007527106128704691,0.005881662429089035
52,0.010535431093565445,0.015971539419026962,0.015290515731976725,0.062017165652138946,0.016169799431859058,0.62666673943869,0.014484487481422134,0.017437188673975212,0.017824781859695545,0.00707767315607712,0.017888520334280646,0.016489997079836564,0.008252707722448661,0.02390119079372408,0.05498601396275201,0.0074549723031540885,0.009145671913287084,0.024338441502549223,0.016692668531235525,0.017374493918305006
53,0.016934718473455224,0.013871185707882932,0.009701120505593217,0.008153999680267051,0.2535231711848524,0.004177978415487337,0.3055176740199509,0.01335656130459159,0.007175275698632304,0.004191457819951949,0.013735796311263399,0.011284997018295115,0.004879489589866265,0.03334983961483696,0.02516855469277776,0.003775604966754701,0.0052585179796777485,0.021865790705812422,0.09949521238448254,0.14458305392556822
54,0.26143439266212015,0.09417417876350899,0.019871179833824037,0.010699533310810977,0.008989512759329804,0.011646894879757444,0.007279991759479431,0.008271483454331464,0.009353135183803388,0.003647197307971573,0.01015209481521439,0.01021699156748663,0.22274800065410025,0.009681417010098977,0.0038233466842727214,0.17280978689229765,0.08499517780501233,0.029739110741467224,0.01167963337287177,0.008786940542240818
55,0.04451155258084971,0.037914424036949355,0.009679875960780219,0.032239698270950794,0.01016297341472148,0.010320992660379185,0.01091376824455105,0.03140378918042637,0.00967530789772828,0.019817734492667324,0.017701277736982685,0.008395582063063092,0.20925268071710457,0.010183308391031381,0.006122106677878229,0.0040782763279118605,0.01535973489324737,0.4916452685335053,0.012364024048966625,0.008257623870305092
56,0.013700732772848237,0.016845568163050606,0.013223516753749507,0.019864079024800457,0.05086745936331802,0.01106541884859491,0.010376457936953408,0.017755968868595984,0.01928996887418378,0.007082164465166035,0.025307354011598348,0.0130704597530485,0.043409901576573894,0.014749048227357888,0.006868286718699123,0.6407743436767374,0.008066726101378296,0.009784404833468227,0.01956774907487666,0.03833039095500077
57,0.013052476050969581,0.07556919687977719,0.01876705629763441,0.0144100170286003,0.018829433073021727,0.014680822016771677,0.016286582584065755,0.01843657988114295,0.02235087071365106,0.021010474343683982,0.04409533231176423,0.014980184098010834,0.013629706278437168,0.03682471387676723,0.4522009571835061,0.08205983323797413,0.04164532012583961,0.024755088481727566,0.036498430323885424,0.019916925212769138
58,0.016672341414433387,0.014693366589470978,0.014363688513160604,0.045458887101549994,0.017280718753253353,0.6819217334975644,0.01335698445279644,0.016228701525212434,0.017211928595812703,0.006186502699879196,0.018871389515650327,0.014919556362543508,0.006768029167422578,0.014246866183896633,0.037385756417986034,0.009210640840954179,0.008493909346789534,0.016737744584887335,0.01572408250213807,0.014267171934598392
59,0.17645915485868147,0.06899569180585204,0.012512750688915301,0.012608433016283768,0.012451068581512346,0.02436562553829562,0.009931080958214239,0.03419761087636715,0.01073180850477041,0.0044455499477143905,0.012273495331758538,0.0341046358236727,0.009405173113332587,0.009725839765541948,0.01396213856652023,0.24412467147863218,0.12326717473394906,0.1596241557266642,0.00984255163378363,0.01697138904953818
60,0.15045888207169433,0.08132532259314933,0.01720581472823193,0.040421792115089936,0.06218301145196209,0.041145636892108255,0.0225759818163818,0.02626393384975158,0.02301645694065799,0.008501730250675436,0.025545386985855015,0.025936917957173334,0.02112989031869826,0.021973747339263817,0.007208409413191561,0.266214520560448,0.0665954885621109,0.04568902575383052,0.014034781394310804,0.03257326900541517
61,0.03600317670967782,0.02429387834364081,0.021853943531954814,0.037603231977499436,0.0181409111756307,0.008484884689653792,0.027569907551522683,0.021017750732602297,0.4969130203461172,0.008753853138459042,0.03893129634606231,0.05181864314559187,0.01930548668607192,0.03245037537892364,0.06036328037979624,0.01711060294102972,0.032978954227313284,0.010548972652682847,0.015501502555458147,0.02035632749031151
62,0.005301612358046749,0.013347818561470659,0.010322606723509277,0.013687316794795762,0.25736911284575054,0.006034281202472872,0.01735758614947587,0.07552869007758727,0.010407056272681152,0.44855725699502863,0.014218805599737644,0.007289198120027589,0.0320369270925353,0.011096316865384176,0.010122252288922216,0.004426945461882425,0.004636397536855759,0.037981607726605075,0.01181795844241486,0.008460252884816295
63,0.17871030616311614,0.05474460220762279,0.01910508549053552,0.06001911021498996,0.016093530433893482,0.07074218245700802,0.006526634833379129,0.019832632895245655,0.03143143381070841,0.02029263131441876,0.09053065499151797,0.00879869719856751,0.0019165658019274178,0.09533512795274533,0.06293159994958263,0.1365626448122189,0.0444339636943473,0.04233108863074666,0.024045301198256114,0.015616205949172306
64,0.008884639089910473,0.02895038405854983,0.016339782446991937,0.015647770486080407,0.0773776621802685,0.017430799549746953,0.011670403209413255,0.012906649276124239,0.013282340478167001,0.01314615180324439,0.013015460318818768,0.011952722407556743,0.006513095716088009,0.01245494313751805,0.056555562401142644,0.009061297230148585,0.007761912153266863,0.009444834895348482,0.5993538318224245,0.058249757339190335
65,0.008805069245428093,0.027108295146823277,0.01661585817133889,0.01819559717493,0.03610350685664613,0.009075086690335068,0.014060869388060704,0.023393974790567096,0.015523513471928539,0.45370463916260756,0.19619516147999885,0.014445407340827748,0.010736110875123458,0.018476427361958387,0.008312104054375201,0.042501426060062186,0.00983661523054889,0.02249371144218475,0.03702481039670738,0.017391815659547824
66,0.17077861037172412,0.09147896778590704,0.015171171219225926,0.032659091502205806,0.01566629498940131,0.018512814598589437,0.01624592474533484,0.026817346397071843,0.014088934829158878,0.010885995825955579,0.03314703687088991,0.012196605085142078,0.005539419245910046,0.016601423750153388,0.005293708282573369,0.03487652620172137,0.14699851286766913,0.30178696075570405,0.014744346803652974,0.01651030787200887
67,0.017230486075116083,0.020817409366910605,0.07019455703283226,0.5937528838524858,0.017044473422008353,0.034373422476963345,0.015478758664204144,0.01606257568755217,0.05199396787550048,0.006141445418441139,0.018752424458987862,0.010871240853885652,0.005540199178056038,0.018119996201404445,0.016241902188069524,0.014828093586843609,0.007512484216268961,0.03303330402058175,0.018458649589911585,0.013551725833976324
68,0.010356085914675996,0.017191117966453173,0.017734587735595518,0.019443600272996645,0.0160674710815709,0.05407187263815973,0.01284869647975157,0.037777751889383454,0.05691184023919784,0.0069394778180094105,0.017508289832137387,0.012839209737137466,0.007719710814252981,0.018025376700753864,0.6006686499949997,0.0370371213566418,0.013287097759796552,0.012039044331955863,0.017036662738152242,0.014496334698378
69,0.10742417984711228,0.015031774215494004,0.07581462398851564,0.03294187153356698,0.008888873402088543,0.5497968727744138,0.008419911937270147,0.007475832903856093,0.008941685011279224,0.0030845173164746457,0.010856055877243262,0.057363465591511974,0.0025621151280051796,0.020082520226402948,0.0230721413512112,0.031049438366006005,0.00349330638263752,0.015400375164101124,0.010313900394940562,0.007986538587868871
70,0.0056649323208009155,0.037568097635649306,0.0103038601691286,0.009238025355490294,0.13655395956214775,0.007507557388563307,0.05559747957304042,0.0580024151730377,0.006461704103957087,0.26366890254512837,0.1350276032078626,0.008119135095050562,0.002613207522135924,0.005879048469270648,0.003256504087647959,0.004277671279186023,0.0036446177070058746,0.010240071737271112,0.03183982502430306,0.20453538204332253
71,0.021655969726832484,0.1856073751818419,0.011293175844456849,0.012862022204006696,0.046397117846581744,0.0065499740215277736,0.006992504232822309,0.09179480042848376,0.011828133422890583,0.2208801191257008,0.11919265704540921,0.009073556507306964,0.03492197275667204,0.02116684665733347,0.01699960078848278,0.00563806456268622,0.04878218211731531,0.10756350399971198,0.009952164861629226,0.01084825866830795
72,0.04758957573806749,0.07491252367021484,0.12719096988551568,0.13506821178016556,0.038468916929789564,0.057473481864443586,0.07661361045698681,0.019870055197043244,0.0355626165027819,0.05273898999880269,0.03394336234049156,0.0266291739370166,0.018587194782662828,0.056287094613868084,0.015189531459936475,0.051245862482907585,0.04133287093003755,0.037235077745815824,0.027574064102743764,0.026486815580708367
73,0.026428375446582258,0.057345942677602534,0.027782810398293823,0.024030147835764515,0.029506343221485973,0.012858877446569933,0.058112863117558554,0.028177175769848007,0.024536564665509533,0.03494313967505609,0.06655899940122506,0.026801434892246432,0.38512094666502034,0.03417495813701125,0.015593335592056614,0.024334020935029815,0.05311555301368276,0.020094664404927593,0.01871475122577162,0.0317690954787573
74,0.03162991323729204,0.0862558268607692,0.012436346317253481,0.045894722707471136,0.11557228073193006,0.04012428675861874,0.04328197474841855,0.0687448699593256,0.006836615918242204,0.09292264315495109,0.08749739266420926,0.03423256352298202,0.004243856524661052,0.03294163293993721,0.004312286970411618,0.023904316745839222,0.023574730649287806,0.07142089669616312,0.029691890474480575,0.14448095241775602
75,0.016607431026724035,0.02047159773742037,0.019346004047026324,0.02807371914357837,0.016703084533320697,0.6307660972457892,0.016549164176777476,0.021488385731039065,0.01946432213005568,0.008845861786300539,0.01733677979589622,0.01715986354574592,0.008649075274399069,0.018091097966065343,0.03773386967529691,0.008900471941476125,0.009916634382269402,0.023137942164532316,0.04236909650875667,0.018389501187530178
76,0.039295252335669585,0.04965034854644188,0.010910025296439481,0.011645808313746649,0.05478763585606322,0.007542972852275088,0.2177849174277127,0.011225176928716241,0.1016921540753427,0.04273136335644057,0.034815951643147956,0.010195680696576082,0.0029916993831494106,0.0244756615907292,0.16715030478042203,0.03739428234724027,0.028155748489195016,0.02651144491862167,0.011895014680788107,0.10914855648128217
77,0.027763700756210558,0.25275595257836186,0.016768589334311773,0.01836962481657788,0.017498988335589844,0.028648647330002105,0.00960176679611468,0.02912827752039147,0.01388302794705388,0.05915462349617975,0.012310627613475655,0.008069736017597412,0.006042280424671992,0.010848689859851495,0.006122986895930678,0.004827210872257741,0.233045474556558,0.22094984450511634,0.01548489133112828,0.008725059012618596
78,0.03838263478429781,0.15111461509208776,0.031153159684460387,0.010389181614658483,0.04145308523927852,0.01698419327832019,0.00960611913501123,0.12246725525089514,0.01457060461469988,0.06244432962504736,0.1353171187318394,0.008554480854234929,0.00607986590939705,0.011911821528291849,0.005221965521077937,0.0042390976278059685,0.05416521549034029,0.23392741517216975,0.010536502372548903,0.031481338473537165
79,0.01705844322416062,0.01826697686311499,0.6476574228857942,0.02744742120190773,0.01866236431169019,0.03301241042586046,0.01484321543940291,0.018073802915625492,0.020461485018818337,0.00912354674347926,0.01901469604299819,0.04214144843903644,0.007271510247907432,0.019006661843296493,0.0075974584577025335,0.007103079878469837,0.007622246764783195,0.02118904529219572,0.016541074691854504,0.02790568931190139
80,0.007301697918577936,0.014718752357349929,0.013555200872208878,0.014742083840164946,0.03669612672770545,0.008186484453445138,0.03710158573188778,0.18091441179009018,0.016633697033534973,0.4826154322836405,0.06522475523305443,0.012357709562075637,0.025094548358835997,0.014006110789366694,0.016065162757309563,0.005204250921721294,0.005936488718748458,0.014475600276427213,0.015254549096501093,0.013915351277353919
81,0.017604154591949507,0.02902013520110611,0.017695987328404193,0.04286521652295403,0.01665262018829901,0.6387387678763298,0.015225092984268218,0.015365308401227039,0.020099606329972125,0.007498072738633117,0.019198350279074954,0.015206388176149645,0.008748378841961002,0.020353615189566382,0.03484185139236631,0.007836739403465062,0.011014511853829382,0.020376575652978852,0.025617491708002038,0.01604113533946318
82,0.2623637305666762,0.42433737249402365,0.010963917164250903,0.011208731287431361,0.011793756828752777,0.009423057741709222,0.009565931066003659,0.009978331996551971,0.010133901543910091,0.0030500671661804943,0.009828599530348816,0.009445305921689745,0.0035334969668712884,0.009423940876671798,0.025721942300187626,0.10029517464133945,0.02215489022703929,0.005004325585269784,0.017234206749542246,0.03453931934554959
83,0.015833580101548922,0.03784299980486471,0.04820849511814396,0.018616627545173143,0.016637086943352083,0.6634249865665647,0.012346912124658856,0.015156875520645699,0.01944957196016104,0.007979726058786772,0.019154075614117517,0.011299661950544646,0.007390865073469148,0.018355200113611015,0.0066125384749153955,0.016391890935232054,0.007329423000675093,0.02378894601978239,0.020857888574393458,0.013322648499359416
84,0.02369240230028771,0.02964311908704001,0.029921899982253083,0.026552566100312546,0.033813031590017285,0.052159662427588536,0.04055652368541577,0.07784039084184498,0.04872122558168346,0.025583181799502624,0.03485116410757242,0.02584651183861465,0.039759400224204024,0.0339582023478425,0.3248398571717905,0.03304857592849,0.04059509364581721,0.022752850694346516,0.02682793029197748,0.02903641035339877
85,0.03212664626748647,0.033161873800878816,0.032707269674666715,0.038575423486425474,0.03695935522248887,0.3166816155629791,0.04252962076374039,0.03949269136385424,0.028400409312060306,0.025467668561521137,0.0350234173247769,0.044753559924845455,0.023832519136004843,0.03835438615007598,0.04315959886377713,0.028111963862215466,0.028457186020528477,0.04003836127602304,0.04863034488783436,0.04353608853781685
86,0.01924641485970369,0.02609175968742071,0.03385303431238094,0.03325099298720232,0.017432786797168608,0.6203919143910446,0.0108841759966381,0.021430122662183786,0.027760981616386435,0.008241180292662072,0.026442608473009912,0.019095565142304035,0.004956335770904686,0.02145962598570024,0.00932223075961742,0.02476663594079764,0.009921169383627254,0.026871143819291062,0.0225536114911269,0.0160277096308297
87,0.012811016903301798,0.03493135457113711,0.024340130614326924,0.025394253412100897,0.025650899561560858,0.026254059250199344,0.017631647168792716,0.02560138668233726,0.024320627648209987,0.01900600898771897,0.02214896008973322,0.02170624785621139,0.00773473986025655,0.019718035893273055,0.028278579272978558,0.011349041216768352,0.012219387703630104,0.015613179666768865,0.5985857694231647,0.026704674217529378
88,0.20831583852352012,0.1726200925165046,0.009333537215916258,0.011989249508670285,0.009725628646770582,0.10137265178164268,0.006098446173267013,0.01450971769131055,0.013681266077595193,0.003745739491468949,0.012123474167403567,0.023754006336855555,0.0022117658436663907,0.011173998786917239,0.014546108708115848,0.3307531197343693,0.02732985123491227,0.006661583283479748,0.010825101482128764,0.009228822795485023
89,0.004151858001182209,0.05603148468598296,0.01954679108798399,0.00878100657735392,0.1147449402516758,0.004023790738886909,0.03956252481694721,0.0065085497209227865,0.008504947711494121,0.010419239699482788,0.011844328425336023,0.013652813288933465,0.004972703426642722,0.2897927927031972,0.002820666908908569,0.0039472938990862,0.0037564141190362947,0.004221279043223918,0.05985031669039611,0.3328662582033269
90,0.010039199057194024,0.04593128282192063,0.04272599515000927,0.03053829376060221,0.06143850346747972,0.008782398670349556,0.04645736226022081,0.01441026394411924,0.022745602159046124,0.057740984760311885,0.02586535966635245,0.028451763388328388,0.009301234029204937,0.03287670562404683,0.00907204710130835,0.013614108273571976,0.00859724382351119,0.029175291868784845,0.060736968973042066,0.4414993912005955
91,0.11369224656521497,0.07486905363698478,0.004610844510526326,0.004343881045537872,0.00460980494153154,0.017492763356383934,0.002904311636391326,0.15953057800958784,0.007562005248529736,0.0537294543595194,0.15688521460901358,0.0029250570721578565,0.0010472848042005977,0.004099185688728936,0.0014577467285877494,0.11315340648881643,0.11166575557753765,0.15741393840584547,0.004669400382966841,0.003338066931937153
92,0.5088133017532673,0.11497900003367224,0.014018179352927804,0.016153187191246258,0.012780572626048864,0.11953012684568969,0.007680016880719881,0.014679353861894187,0.016909789751974432,0.005103070542460962,0.019301978929268812,0.01170084175456864,0.005558771448524467,0.014131684928338287,0.004919169544962558,0.03499687541069716,0.014008901305175287,0.03266895882288414,0.0181340583429517,0.01393216067272717
93,0.08419063322572522,0.051149553910762945,0.005083011485050219,0.00929784766553213,0.005149886890593044,0.15285428723845504,0.03459328581099608,0.024669192152578817,0.008177621040242429,0.0021101593453456895,0.012115876876020629,0.023345344508736973,0.0023961980831872175,0.01420188274657505,0.0027012746610653973,0.1585707938078256,0.367174215095043,0.02892601926601737,0.0074984295562672346,0.0057944866339799846
94,0.034444722952414165,0.05689876208405348,0.08636137598700407,0.01577761118007713,0.008726020229515555,0.024595629963803836,0.09529136134870793,0.14636950241455596,0.011113227990552635,0.1039377376470184,0.027513863337630645,0.11022659908738404,0.0023081725453650208,0.0833302863530865,0.003561083829758683,0.034870636080467816,0.0255470955698079,0.0709604894323232,0.03110713521015533,0.027058686756317733
95,0.046958768179136114,0.03500451121248443,0.004879495474311264,0.004994207538741823,0.017484779512317253,0.059731260700434864,0.024447802796225705,0.03563840777470162,0.0783427267593816,0.07198730678082108,0.09056912010862371,0.08459701101287224,0.05084219584002122,0.06216513222646428,0.13645429484496122,0.07143150069866412,0.07231204993048088,0.04171989759432885,0.006559973004638082,0.003879558010389655
96,0.04944290269258528,0.021566668215719422,0.01825799452091906,0.050619246723496235,0.08326185009957708,0.013052985158714642,0.09125384392783593,0.04545414375492357,0.043747823347329205,0.1134917215922398,0.026175374120817357,0.04167581111654144,0.05957341494667817,0.050762508015434915,0.04052773758960383,0.04728449513234594,0.0626966459730312,0.0229461624818172,0.05958646046786295,0.058622210122526754
