site,A,C,D,E,F,G,H,I,K,L,M,N,P,Q,R,S,T,V,W,Y
0,0.017008889732012433,0.0306410532343218,0.040283875882452885,0.031037195322358015,0.018896474962751115,0.0331198664343968,0.01949126487301726,0.022692855923079028,0.1322000677089693,0.011861567160764192,0.02313652818058526,0.04649681072515601,0.025076841966465296,0.023026909938219885,0.4375332535981178,0.025082232173269953,0.019109163730459327,0.00883404273011084,0.012449030159607443,0.02202207556388537
1,0.015059269565256835,0.017299450936924306,0.0188649090208822,0.014097157110464291,0.02040332544992303,0.31923576217565813,0.14065335138374144,0.019321473109256648,0.01577573056996236,0.007960790190087814,0.015574596586105155,0.03619122672442746,0.19699880226630895,0.038476965379779626,0.03040394512945986,0.013279768935380706,0.033430862199966375,0.007650715403179936,0.009730948296856735,0.029590949566378106
2,0.008042599825896607,0.03689770681603142,0.0669869169270385,0.01586709554257841,0.01455688364778855,0.6640007213942835,0.015471143083620478,0.017860373964276314,0.017756355555109616,0.007392245240314516,0.018149535521332884,0.01720375274569828,0.007652986504546488,0.01822674000249717,0.005548756253620763,0.02008673360311763,0.010298714286659573,0.008397138419581096,0.012179431944429301,0.017424168721579165
3,0.10842231255037581,0.06254541374972215,0.018615250768428446,0.04259949020942516,0.021281891714276913,0.5137000913213972,0.021661086506118032,0.023324879052683503,0.018825409068468257,0.006410760598000464,0.02302576372187337,0.02266100554467107,0.00932289874835175,0.02336068728914409,0.015064657296282936,0.007016441037616402,0.011587791395644323,0.011208949863609152,0.01219000091930996,0.02717521864460104
4,0.045734771005367554,0.06522404803324498,0.03259447613378013,0.03259317771020411,0.04884863985545174,0.030482284176717615,0.049023715440948135,0.06985857824493003,0.04657742311147966,0.05231733907270303,0.035833292991649654,0.06159184348963981,0.0037568536226978925,0.12183372727484264,0.05907033360995297,0.06791441839699654,0.06325402522404842,0.07014435305105411,0.01702353034747341,0.026323169206817574
5,0.10327221198784758,0.06558887932812478,0.010696811674071076,0.028787402539296545,0.013674311752601281,0.5274450139452982,0.00916474603576146,0.012754256576728483,0.016802460623399244,0.00345005026428445,0.012538297819666635,0.013454366682518202,0.004467167943123498,0.01382648299073973,0.009795934468657067,0.1182123807197758,0.005887597051690018,0.00910448780853462,0.007500578691207742,0.013576561096673661
6,0.043381126349444944,0.04340071824491217,0.1387749784582704,0.16249488516880647,0.04365571299296278,0.016821316856323144,0.030740530587477513,0.023612381323650303,0.0102615188990122,0.023097056445674443,0.05393304566129751,0.04529417602719312,0.005015987458640613,0.08908291427204257,0.005868083112586661,0.06328452077694914,0.04925025321906094,0.042436391982040446,0.057479659388102476,0.05211474277555211
7,0.041921961155444866,0.04704202334877502,0.018179771748593896,0.019392470555025392,0.018682460424311386,0.005625111804106682,0.017415548720174704,0.03244324519378459,0.016528636002196884,0.005241781040421743,0.016775152543117667,0.017726063663737832,0.010066456943584864,0.01726787010681921,0.004926454703513379,0.03856939155432842,0.6324951971798999,0.011749573761060903,0.012736584514748446,0.015214245036354136
8,0.029335069691304377,0.15735647460884128,0.005258920871766615,0.007440568134751434,0.0055822850352264634,0.007157659492865772,0.0043343792011434285,0.16551563004046035,0.005323061436818484,0.21205683149085183,0.005851400507886247,0.010718364709137942,0.05571755416370788,0.003957171004401468,0.0025956027183814587,0.021191405777233368,0.09944777368609826,0.1924595188322931,0.0038124702112505523,0.004887858385579668
9,0.00845921750057284,0.0199788171898835,0.017780034426103843,0.0580369675828744,0.01982743079880339,0.6518164229931674,0.018844866167254583,0.018160551387860633,0.026817437999094973,0.0059206125630738606,0.02647324361069882,0.029234775702705804,0.008636598640898621,0.025215367811726494,0.010664772341495666,0.00804754096962535,0.010615708865195446,0.0062714337260326375,0.012398940413775232,0.01679925930915634
10,0.045664499950062616,0.10517182385752745,0.06776352556134355,0.14684254841761654,0.02678287951966724,0.012383111706303069,0.02723700297755068,0.07079791408585703,0.01273366169362864,0.02982221136072426,0.0361423561230031,0.03043376399897937,0.002122154042187122,0.08682375971838145,0.030263098268603964,0.026833799459009062,0.01111208280035278,0.11094285922243781,0.07566082718331545,0.04446612005344882
11,0.050233764938026663,0.01797934826971021,0.016617202387155607,0.028744482650718328,0.03688400559106222,0.019554174985007156,0.05912231026503991,0.06266407290734406,0.15722600172184473,0.10150775731018435,0.10740677759644678,0.05756382485689279,0.004495520433550529,0.046725339277854265,0.057920997813645514,0.03676407298786954,0.028136694999170014,0.0907088248600433,0.007390491080769719,0.012354335067664318
12,0.02120984087387327,0.02750241639649055,0.0591097843496596,0.044009080278342015,0.05526899973024387,0.010028629021725742,0.07157962792554604,0.04118445678060077,0.052191885806997525,0.020645071568939164,0.034961725772760514,0.07282747073956002,0.05334428778012725,0.06522632737167723,0.030347066369029608,0.0198859906267375,0.03920256733482402,0.009633962342182544,0.1788832412232769,0.09295756770740583
13,0.01584838579131221,0.03301816903092709,0.04379022089849144,0.03167325116447572,0.0403149962385985,0.006441966313996888,0.14221864952411836,0.0702322734723924,0.27730912445072503,0.015067982174435321,0.02354450292796753,0.029553747249977547,0.015581924186027765,0.02778997447857971,0.08115918586752054,0.016960317655791955,0.03675057287742744,0.00980186313126767,0.016316127731537358,0.06662676483442957
14,0.05984011852845938,0.03873374776405105,0.028130445840786885,0.01896591093398293,0.05746213652095919,0.07856401811934953,0.08643798829434551,0.07583617376956604,0.0222540960646877,0.049829752358725506,0.09960793993651663,0.06851245016884658,0.0013806146620279913,0.055413251565146586,0.024875110189819732,0.07014025130454266,0.05758744808022729,0.04443603117396395,0.02180829621536178,0.04018421850863305
15,0.10184218120247919,0.051089961026637105,0.013641850447170154,0.05386525168537623,0.0076784048502708075,0.06881673569209006,0.027456644246622978,0.019628039811155743,0.10247962741360499,0.04253503493288413,0.05624254622013871,0.0728964551428606,0.0020329220648893143,0.07027989251848606,0.11824823447390276,0.09857933700134854,0.05582256012688131,0.029156445881195134,0.00265895924843087,0.005048916013575318
16,0.004694688220177774,0.013604799247625513,0.011328700524340518,0.011172195655640337,0.009044531023207698,0.0037565615491792683,0.009532158859185765,0.16772347824585257,0.009890656513988549,0.2297158446415791,0.1913827615930698,0.01236052503411938,0.029982256205004998,0.055268757876647125,0.003929792089243922,0.003484181380126752,0.04489564900466045,0.1721992044221534,0.0067893569224630225,0.009243900991734149
17,0.09186585986550837,0.03890678926363098,0.016418838982370784,0.013262039270606442,0.01602369706254079,0.0728053108297398,0.055301500527079384,0.04205776438632063,0.025974275461043955,0.03213593784641792,0.045578052488655256,0.21298997039439518,0.005871332250996117,0.05704691173180593,0.037591248912742015,0.10225129013275575,0.04598240870341136,0.04875099056630398,0.010489939323652253,0.028695842000023158
18,0.05126511509443055,0.06573106631955729,0.04258900232414423,0.06139848375146243,0.03678950329681987,0.06138416612925666,0.07177433787029118,0.06918948915709076,0.02895783286432041,0.07695108920540025,0.05515219940429341,0.052721308456109874,0.001399073929052537,0.06446724597332941,0.04184146780909819,0.06135780994174339,0.06022556895101045,0.06236656233453775,0.013645242616775263,0.020793434571276085
19,0.01733709765742419,0.08351670136908851,0.012899600449896619,0.007708655351227883,0.12063797544467786,0.005223397646625068,0.052263935767083845,0.09064812793165727,0.023318221483412487,0.21328974287527105,0.1742093437972395,0.008657985916862497,0.003190487428808056,0.07109295077954923,0.0024131723117712714,0.010537268289232835,0.006325829823912234,0.01542521837965992,0.008480786916788741,0.07282350037981088
20,0.09508854264214527,0.0700726326260552,0.10401968340001355,0.046726648289378815,0.007317125875381424,0.07216140046837118,0.04401830667595799,0.02427748589939673,0.014216811787089985,0.034300384018333,0.03236023061586829,0.039686027658338875,0.059022791017953234,0.08942334265154707,0.014797049088912044,0.08064729345795342,0.07143207043481874,0.0652182528988234,0.005584324468341871,0.02962959602531981
21,0.08095197746380732,0.01597985113028356,0.0262452602242865,0.02044907435021128,0.006801602382546872,0.11611508662682447,0.05247030880700087,0.010444451839695272,0.024758635498531897,0.034791219629435294,0.05360688465971405,0.0618063127101314,0.08434716371815136,0.08079541097570471,0.06173758219240174,0.11095291304325029,0.1031734875227328,0.030239147325915344,0.01240985143927416,0.0119237784601008
22,0.03719871739190009,0.05528688787801481,0.03149347555252268,0.03459573082635399,0.06537945791899348,0.03475267446817124,0.05504776541503961,0.08746550913564564,0.01064063594936062,0.06929738484217159,0.07557113561136299,0.03278492615246557,0.10197153289324519,0.05577260966874226,0.014604725165818044,0.02871883237956877,0.040125229693710865,0.07548922065231699,0.03442818565886015,0.05937536274573537
23,0.04134746970898696,0.07435715741707882,0.1223775406812093,0.11185290268879351,0.026993193814045,0.06618171046405769,0.05656751162379014,0.025938841364745602,0.012222191758626632,0.020210882177153153,0.05527203793860516,0.062168777577023986,0.017636879540605676,0.13744359303969886,0.007267334082248414,0.04724186006486721,0.03579479532863388,0.04385443223719602,0.017451413860879787,0.017819474631754186
24,0.015997128360208644,0.02412741661285711,0.03692767145800597,0.01842136017089972,0.2414496538166282,0.007099394260795884,0.08819834522412001,0.060300166233644814,0.023256656946747983,0.0025206333315271902,0.015818063891581056,0.03694824955096173,0.05179511880034465,0.0319945346865765,0.007162986066328987,0.003544167667978749,0.022345871810318232,0.007055580377079229,0.1104329375125902,0.19460406322080515
25,0.08809192567123653,0.04331833432040392,0.022842764204753747,0.01366062073904221,0.04770979207920801,0.02231233663221806,0.10701552004877037,0.0697527395737955,0.012965288503715316,0.07942624745483809,0.07356363194719816,0.07280609478631124,0.007809439211731641,0.05302127695628628,0.036664394622139704,0.0669263294220926,0.049121137497025374,0.0505320799025405,0.00523193630586405,0.07722811012082878
26,0.007506545683059952,0.028472081102863325,0.03380474281528768,0.023461158414573215,0.009429578183053226,0.002251492200350165,0.03181687305000048,0.021090838802572426,0.08809104171348218,0.012025021177307492,0.05736166449900499,0.13425438436005954,0.06393864242807347,0.12772586460406485,0.06383837186017759,0.1255169599668682,0.12691821788260885,0.026869177325730517,0.003926747158718816,0.011700596772143019
27,0.011440973636486163,0.015501441022807932,0.0329737721341443,0.014764204906305825,0.35904852814119237,0.006839640039844334,0.06440881777172913,0.027039554612954802,0.018897177274527773,0.006554769412976905,0.019842089324350748,0.023897407339917992,0.013839248987315256,0.025234953367530705,0.007174638828470925,0.010430754693239017,0.012490843980899918,0.007667211357927121,0.015367895532471781,0.3065860776349071
28,0.014150699410990395,0.023664479323523557,0.025695558114775894,0.07917976058891313,0.015062888051921434,0.008562928531917795,0.06747665930342707,0.08228642426086201,0.25101083270559216,0.007872467456109042,0.01547593267779839,0.03175842569160855,0.012203284706265097,0.040550710333976364,0.18544928799140428,0.00880067864717006,0.037792685120612034,0.018489877346984058,0.013033130368084732,0.06148328936806393
29,0.07498936180749356,0.026388942690597703,0.012281080508749943,0.032741795686587125,0.01795050918388554,0.0357671756788071,0.03242638850996959,0.04628434478561156,0.176389906154829,0.03833958862161469,0.02671162165669817,0.06533583781235253,0.009259011208214043,0.060847430232745296,0.1606615967539972,0.07718263682970887,0.04968391411483055,0.03513860098856122,0.006016229145944407,0.015604027628801968
30,0.18267651709474778,0.15339953530046857,0.028434698538136637,0.01930137287633142,0.017939894930924145,0.013594761348091266,0.0503897370538533,0.029579475968585917,0.014509642430310518,0.020623545945793912,0.015446671047484381,0.15766091202554836,0.006699328209082507,0.023868015804309983,0.014564939370371748,0.1500817670735545,0.0621740390307439,0.013116599149094516,0.012378721402228657,0.013559825400338033
31,0.20217702955989458,0.0802095704153834,0.018089275362197125,0.022993385130858992,0.02157838394807794,0.30386723045078184,0.029095608758237055,0.025289308824997376,0.021606802674779758,0.007637842115777672,0.021314072289955615,0.047203969464918505,0.011898985738251234,0.03610691346342366,0.008856308712982439,0.06928083957281166,0.011680574528588054,0.016271407285208827,0.019068316577212464,0.025774175125661766
32,0.012252316756080078,0.14071875113742677,0.030280237471560625,0.03644648859433504,0.027855607287520207,0.009087406087474513,0.02722929628727161,0.26253408708555753,0.022076282683239645,0.008348153143479168,0.024186146469922034,0.05715439773788041,0.012758392027074536,0.0347874600096301,0.007582574536230277,0.015364042353633166,0.0842319593578205,0.12478588740922876,0.02679819213590112,0.035522321428733905
33,0.05732302668369937,0.0222208013321257,0.012725442627640452,0.008399897950930432,0.013943744315239133,0.0054592150579931735,0.11756714083145098,0.042243877927764156,0.018434952435823847,0.07770003446664844,0.036109515188593615,0.030101251260610168,0.007382579950823301,0.07578802617937289,0.022482748540915753,0.0787091147011096,0.13202067246315816,0.03564404344718365,0.16136323197228508,0.04438068266663205
34,0.01715322599514055,0.02701661177670105,0.1355805502295265,0.40424540850849167,0.03423709308023503,0.07044662188323249,0.026543225665129403,0.02590596777950842,0.02093947946811524,0.010080389209537348,0.0287564132954663,0.023104788015404446,0.011884010212597773,0.03533168053653437,0.010483520387666834,0.012716908227462985,0.014861285175215332,0.029490775271903576,0.03506910470090426,0.026152940581226372
35,0.047185904543613516,0.0832302524519493,0.02241797354116805,0.017781081480359468,0.01471823976289077,0.006422012426524023,0.014690298171556078,0.19987575356798015,0.023578388502596248,0.008718972473495873,0.012962071991980318,0.02068552237325303,0.030275643202970465,0.01692968798043235,0.004786877564926737,0.01237446344521425,0.12041944183015146,0.3121320962309147,0.009621785152364497,0.02119353330565867
36,0.0998539097714841,0.0644190923616476,0.02629841565193701,0.04269383838127644,0.039432193306575374,0.028561536437024086,0.04965904016506841,0.03292061471572478,0.022219503116982356,0.04746350455817567,0.1109806707949828,0.09645526740217679,0.06282384291057491,0.06498190304226283,0.016060459186983372,0.048298251408575694,0.05284875187984653,0.05292784315329105,0.014560713897222527,0.026540647858187726
37,0.02181733618778288,0.061682017989359156,0.05243812041420859,0.025694363756058963,0.033484036301791344,0.006384617480116913,0.04688684285641954,0.05916273846503702,0.02973679105477554,0.01595167530872361,0.033716861120886586,0.13979106548386713,0.04549172639212049,0.03827808011682531,0.23207181748767505,0.026937920617126552,0.02857533426612152,0.013026341553625828,0.035250979661948977,0.05362133348552892
38,0.06672295663376039,0.027972767820283604,0.23493074450517604,0.2222233040179915,0.025510859560883878,0.03704906795655435,0.02096622325186868,0.04617712552248987,0.014945492347054773,0.018443960895816302,0.024124843154836453,0.08523122871182641,0.0037213244224075463,0.020647972645738946,0.005351180199633438,0.02754773348380587,0.04941857365113266,0.028520314192624838,0.0210848069502627,0.01940952007585179
39,0.031240831314171585,0.013900858098006091,0.1174302768200486,0.22069502314172862,0.012996324931955234,0.0329253085006778,0.045410701344488984,0.06562353392910263,0.012901017725642028,0.04293242527782476,0.05494403671681753,0.03354945654979818,0.06721074738140322,0.0864625862443235,0.006358893679205849,0.028022037971375813,0.049912773038651624,0.05604561452222439,0.008795872267898056,0.01264168054465552
40,0.3968744532993876,0.021446738462753783,0.031721847096913655,0.01919772073123052,0.023455224942299416,0.011682598678627204,0.03825117624105807,0.030091642806845554,0.0273312651530692,0.007752540502302992,0.0276222611606476,0.02290650517836319,0.015688362450706678,0.030732486590046657,0.00824747575917316,0.14918122397684788,0.018102790122723665,0.052862823837204524,0.047534532339203295,0.01931633067059536
41,0.0508335458701366,0.021138317586189757,0.007460461675973272,0.010044568220863198,0.00783498748873296,0.004394697859345713,0.012065268527377875,0.11849778453929584,0.2078293786729959,0.03215453842330472,0.06617848900047853,0.012086775963235118,0.003094857593263379,0.0907830159677299,0.124337469931932,0.04091266143590073,0.0674916133936059,0.10997012044944443,0.005504146715046297,0.007387300685147903
42,0.11320347014980858,0.04028916838729591,0.016270965063678575,0.029865363751220054,0.010879871886618467,0.02659787639148801,0.055955188969137516,0.058381644574964385,0.023567696366131683,0.06379644960208546,0.07192940576341378,0.08704740006608003,0.0011535737110033712,0.0952157407562198,0.08738618348434833,0.07011059878009328,0.084579905636515,0.041141036305397345,0.009810091152286137,0.012818369202214352
43,0.32002856227018656,0.09718636330411301,0.018216046898327013,0.03332434183893559,0.023932153015509258,0.008765415863467964,0.04141305428767133,0.03296060304365577,0.03210387838297827,0.041543058182812446,0.09564763042815826,0.03266214905132194,0.006534383499090745,0.05240702575276094,0.02394275865366896,0.05772183565816866,0.006282769692989673,0.02171528626794147,0.024789177281331367,0.02882350662691087
44,0.014708307732381097,0.01804950581828921,0.01451943145274274,0.020818867872803373,0.11858878524190286,0.011379915139068645,0.03640739773961415,0.18308540067785695,0.01870423030205513,0.3417186760898067,0.07094608459703479,0.012310982229244267,0.010494000497835408,0.020382343515925664,0.00783005234675435,0.004812152007372716,0.00788030855779808,0.041825667935409004,0.02459446421510739,0.020943426030997494
45,0.06753775790465727,0.040570899230864495,0.044476975796612604,0.047714925653566366,0.02351903305379401,0.0432754363764758,0.06860521406231772,0.037242483525141624,0.08295580937671201,0.0821121393462243,0.06055493961085457,0.058799665373068834,0.0012026612773526394,0.08259969015963148,0.041920729170352215,0.06816459910292325,0.054978697367835026,0.036616391295881213,0.012475051132771963,0.044676901182962504
46,0.06019778886165483,0.08047953102045786,0.14541907218396954,0.10375670599945208,0.012795209381311054,0.05136688647919937,0.049761706590512676,0.024874796955204382,0.012261419821554298,0.03369660150857441,0.03856582162029306,0.06761079652814099,0.0019590704358024625,0.10584515381958542,0.012403196623840958,0.10493515498366329,0.05249200728998457,0.022938930330605577,0.008467877667259842,0.010172271898933322
47,0.03844291583780567,0.05966397419828177,0.010458569098407118,0.011051667735460685,0.012592129718597052,0.2313158460982967,0.07404468115969902,0.008218085941583332,0.08504161443348786,0.015098837270313343,0.057711943910951635,0.15986490076191137,0.0033649023021975013,0.10557592633097268,0.04890114036819445,0.046080527244635204,0.004575864990526987,0.006233320354446907,0.013979221029457103,0.007783931214773664
48,0.027100700217652984,0.1059909641871319,0.052464942345863436,0.0359267820868012,0.10771658327500987,0.010183530324500019,0.053712389357772554,0.06471318653075771,0.023510988044684156,0.05229491944786558,0.03323884786303683,0.08936410281164503,0.03786672287938276,0.054485453609748304,0.019913030180298615,0.017561773087990087,0.06522413633126418,0.07362329653634488,0.017121380361612953,0.057986270520636894
49,0.04188655967693295,0.049741193763349005,0.07122235822652061,0.027064387821783067,0.08262661639949319,0.02026460645253946,0.026233068823849886,0.035227544897268294,0.09303387217781839,0.07075534884250963,0.050450090685200503,0.05352303604237557,0.013627053089178396,0.04682290101406752,0.0375588202895363,0.04147684059569483,0.058894657096817044,0.05037177801416796,0.037685241597204745,0.09153402449369273
50,0.04428718818344454,0.05838139540922065,0.15244766601780294,0.042798831840691665,0.02773445723426737,0.03467592411029876,0.08332549931327407,0.04862739036848649,0.022561922918397103,0.02202010871441872,0.03387439586252835,0.11882928654348397,0.003073526776369753,0.039189772967672745,0.008265094411007281,0.05048684560463293,0.07565378887642098,0.07473083605857668,0.02973571948078813,0.029300349308216896
51,0.1390412633933915,0.04110047282204056,0.018041031315185783,0.11714400841455325,0.01005148924147044,0.18156080347522283,0.043323544823208555,0.00857497816196282,0.0343852605550789,0.027090419184111984,0.027532586971278222,0.04414133765737272,0.002904600685509179,0.04292872697016591,0.014698283010299051,0.16670970245859504,0.04862662273762269,0.014118484116518877,0.010427526389013968,0.007598857617397728
52,0.009656007725064896,0.02355799957290504,0.020955435187541244,0.05575106158056122,0.024502684456156987,0.5516498389032748,0.021805681417895795,0.02673579797499033,0.0269294183698507,0.007679303656928481,0.02748033653309738,0.0279693487574848,0.00978980913596049,0.044934046892295465,0.03874568885681786,0.008455699334589851,0.010763145498536105,0.011750147734116598,0.024881939180295548,0.026006609231636505
53,0.008572101398977242,0.010583235644079654,0.00891647686707577,0.009617051599215524,0.23612922806310932,0.0042737166723220655,0.26492547318440923,0.009658665385728933,0.007793875563643392,0.002663035312143521,0.009244669501509326,0.007627473615407654,0.00197615048017162,0.01800883310274008,0.019525534483649912,0.0029600822031520626,0.0033609730286768597,0.010847020298942354,0.0885550732046042,0.2747613303904412
54,0.26381270164567955,0.0909942122094763,0.014842077506775382,0.01586419892890666,0.011598697606321309,0.0075023583747002775,0.009549040539664346,0.011178975331026735,0.012700041983751171,0.004442179619643639,0.013793290707142676,0.009129369038803676,0.23132624471890725,0.01339788940849767,0.0045612050446170805,0.14726869901175865,0.09210494781941135,0.015691840947587955,0.017668874263899112,0.012573155293429124
55,0.02834310315068495,0.02673499413250367,0.014250250085234546,0.026151317445261668,0.015454412168261293,0.007955364298490216,0.01691366030245733,0.01746547301292008,0.013930041762410583,0.017273484323234545,0.027485795289937734,0.012032069886819078,0.20128183703556188,0.015369620489686375,0.007226520297749679,0.0052122479945092386,0.010268186366620162,0.5057134602973291,0.019319504229568307,0.01161865743075973
56,0.007859623994019828,0.019291255095885505,0.017165586949971976,0.033300147056525425,0.04496988872366329,0.011697245979774597,0.012630743756439834,0.02652521765118433,0.03100405903272903,0.008179817348032874,0.035825602919235644,0.017817916526658727,0.047425938769799496,0.02097487064009985,0.007522336795525451,0.5573275307673523,0.007253430867965331,0.011595206089138131,0.030949481861272384,0.050684099174726056
57,0.012607264320183357,0.07545433198406658,0.03471841276044468,0.022664208907538844,0.03380795170209521,0.018322621607878318,0.02069892036127421,0.030102923104200482,0.022498259539924893,0.013503041769909406,0.03598335670326844,0.024560911809307792,0.00580044193868551,0.0227748564256776,0.4597920444406543,0.05548234866998422,0.030504925835603828,0.01847460546890738,0.031021710267601203,0.031226862382793683
58,0.011834676710039104,0.023429660465249774,0.02102236647998045,0.025062317647944306,0.027343514433100524,0.6294140861357957,0.01731747358983987,0.02565700350549489,0.02892309659143151,0.007012247992145069,0.03194249846519336,0.021397153725253557,0.007954425845485438,0.021467532377140722,0.022493109734097124,0.008662642768903767,0.01074670113328261,0.013503188209306008,0.0238195197011959,0.020996784489120294
59,0.14671973100418023,0.08530119377892793,0.017109826224325456,0.017209714741376225,0.015945178310364457,0.007642857574288726,0.008796285983278791,0.024355573098924128,0.014914353448880155,0.004836819398397478,0.013484746707015667,0.024779277886715606,0.005402371085686354,0.011972455922398317,0.008411925194874055,0.22448049663141897,0.22818490225599572,0.10104405621077484,0.012634457803107286,0.026773776739069593
60,0.11514728348750836,0.05110171735931435,0.02360072438828978,0.03740968122682118,0.09658899638387596,0.020522070717391167,0.034775163440132074,0.03213873508547055,0.035666112703707,0.008002059170563998,0.02252470270060533,0.04434131888237485,0.019701655681835885,0.023937578438585957,0.006775842210686609,0.28766935119079556,0.047658968559610305,0.022702936572146542,0.01654587403112974,0.053189227769154905
61,0.02436703560495351,0.02282510698492461,0.03763291254573267,0.023082683964909468,0.027923625047916196,0.009424409243532125,0.04945125065432123,0.030456846346288282,0.4033523008139628,0.008887399148130382,0.04060777482385499,0.0702091916319666,0.02995762523808519,0.06493569314494185,0.049765098583293636,0.012417854031688403,0.03107499057245516,0.00948458855095379,0.021612214560763662,0.032531398507325435
62,0.006380041726978855,0.014402615182140588,0.014029866263146005,0.020294917494915906,0.24009328045386444,0.00728346154006838,0.013891049610171853,0.11472355143676675,0.013763688000592314,0.41727109996656037,0.014506041014908475,0.008907202265493706,0.016916692848647902,0.015263199934511822,0.005331094672145245,0.004568452210868368,0.0053340117722164215,0.039038342649607094,0.016714984833787108,0.011286406122608485
63,0.16409132581240307,0.04585353548198571,0.019657057728220788,0.05583206592541979,0.01878425879648008,0.07775305940101247,0.004800659948024307,0.029751749619543272,0.01958146640979648,0.02865160963201781,0.08630653341608135,0.006394630986936683,0.0012354505612043687,0.08413006207536272,0.054527074982857714,0.12233912225318487,0.06935076931284694,0.06903946277470148,0.01868496128145562,0.023235143600464536
64,0.011196168898254769,0.023410898067812793,0.022914123019186366,0.023371639202409297,0.09641057651018901,0.014005243812893857,0.01517220642005331,0.018009326519502527,0.018161017151378994,0.0085483153704028,0.01756061998066811,0.015844642107195935,0.007340851551870195,0.016658569234687854,0.059243469508908325,0.006926504334173522,0.009186864917999395,0.01176101068611294,0.5395553463088726,0.06472260639742745
65,0.009775903949187618,0.021594380149955322,0.02272442465983678,0.027484577755621506,0.026585288866521988,0.01016608604514273,0.018427328608124616,0.025841711732255468,0.020999115336434435,0.3718229219161027,0.26838459432599776,0.01893381821888464,0.006719122639527931,0.028551028821998874,0.00891751435474585,0.028049219233663436,0.010985769259302905,0.013380798153791203,0.03624105439507195,0.024415341577832237
66,0.23284554311255087,0.08117561879200287,0.01939246065842542,0.022145613695241585,0.022673458112744307,0.012193523121521591,0.015352433264428096,0.028026351295428145,0.019355847459977506,0.005233359427756489,0.013219975151592145,0.014390354403225667,0.005155489246728475,0.020163917581611613,0.005484023295294752,0.04589272340961087,0.14078012269080212,0.25644518668254024,0.016236502385989313,0.023837496212527922
67,0.007091718675216502,0.027813668311800127,0.0876812945612196,0.3669855115734628,0.01966484474058857,0.010545149479731288,0.016646337918381462,0.01925564190037742,0.31282899479184856,0.005079854191722248,0.02064931061177729,0.009971282229771452,0.0042968151013841925,0.01562753079253823,0.01711985802501003,0.009358302931548464,0.0062886814084887515,0.012422310634777334,0.016954618644017514,0.013718273476338185
68,0.014463107898497854,0.027773674655424612,0.02847259748323559,0.03399103596925681,0.02535346396370448,0.039356767576726785,0.015701921133699077,0.03190955210618453,0.0538543367065922,0.008137771353467922,0.02778376545371847,0.01883809035806259,0.009340210507242134,0.026952121838959692,0.5438856139330912,0.020150293687260307,0.010778320104592566,0.015212857745485983,0.02629066650363425,0.021753831021162944
69,0.10492732035667089,0.012879252109209684,0.05354917076487364,0.030702096752396966,0.013885929041024203,0.5739802665483164,0.0064975848915366065,0.010602782042176614,0.013297841067342707,0.0038450219895730937,0.01409368753456416,0.049466792153811355,0.0031282068853447664,0.016608330942456544,0.016713485262212037,0.029860868352277872,0.00446011565829265,0.014263365490327718,0.01620708263332087,0.011030799524271282
70,0.004790939774568521,0.022242500577320985,0.00844437574535487,0.01183974861533625,0.1611360675917552,0.009345775008426057,0.04380444240850414,0.06984683192402069,0.007669061081163901,0.2787670551068966,0.1293122869436469,0.0064299625467667786,0.002126605483044194,0.00681963081556521,0.0036072153866459566,0.003687168928336044,0.003671627493175928,0.007678224614583769,0.02073713356392196,0.1980433463909661
71,0.034846742696054624,0.22595680027733497,0.016434153435012182,0.01754118303123507,0.04285045538368953,0.0077704304003275585,0.009015981315199246,0.08380320798620515,0.015663054611086906,0.20286320858781773,0.15099986489886344,0.011210853266064198,0.022867622249022456,0.014493262503411137,0.010726827101426771,0.005053032833200515,0.031187187345524336,0.06896907949227274,0.01321052732155942,0.014536525264692056
72,0.04816207785088983,0.0525151192834035,0.11318785904992591,0.1629840245412094,0.03413054738454,0.07515244550850607,0.09075646226652707,0.022614424117380644,0.021539110311741303,0.04922795093015194,0.03994846104034819,0.01932663249271344,0.010397455352476768,0.0650076117907078,0.012417928103324113,0.050022405256597645,0.04943072157586359,0.029355712625160343,0.02325125547365106,0.030571795044881393
73,0.020395644759459628,0.0675189730953712,0.041093010908221726,0.028285245900376604,0.04756823069431032,0.011170038701169734,0.09883213712792803,0.042795107705139425,0.030860043863011413,0.02633907561345093,0.05797756087511813,0.040414341580825415,0.23565617159411298,0.08941531353558801,0.010753893929743593,0.017888528516343802,0.04663397666204916,0.01284773687505006,0.020649340751352285,0.05290562731137766
74,0.022767627954608755,0.09826130536148515,0.008298854726388883,0.03911471684283139,0.10906562469101638,0.037762746995821966,0.043530227999692334,0.0836268296851399,0.0068176480576418496,0.12775945887815154,0.11291879216565064,0.023604232215671775,0.0037626358521875365,0.027691588692747095,0.0032463711434110895,0.01717702687658912,0.017334937720095804,0.08182795432924606,0.021154038621292975,0.11427738119032976
75,0.01340915205890291,0.03280330461287136,0.031695219372482916,0.033143295695547484,0.024955641553135146,0.5414519013840841,0.0238937022909181,0.03760077096826766,0.03358437127934248,0.010136701624009757,0.02808386662851872,0.024979974827326282,0.010191759328683249,0.028430965362946693,0.026960340741078174,0.010624995063385432,0.011899123397805722,0.014294755864369894,0.033067030864895396,0.02879312708142863
76,0.044427690885697084,0.057428622610781375,0.010107066748561816,0.002002784311295672,0.07694222541337521,0.00447624860614076,0.21896768514286005,0.010400785967649045,0.10419598131804124,0.03990493317462118,0.036279340589911384,0.015764858774147003,0.003509543712241567,0.022320408348994573,0.1519360278773722,0.037747057502888114,0.020298520575381788,0.01969498865716244,0.025175700256034828,0.09841952952684269
77,0.009346017429534276,0.22405977728481052,0.018753053127927043,0.02981763200965676,0.01302804368502517,0.029881105723838928,0.011436766548973092,0.03722465404913728,0.020230719758986132,0.06676795719738922,0.01727661060198503,0.010306257945185618,0.005932092901497096,0.01355943036481306,0.007213735382733499,0.005503260099532025,0.24309990539112414,0.20079551330361733,0.024910267092007707,0.010857200102226084
78,0.04956549699347731,0.1441942932992978,0.018228521822438972,0.01126413168735174,0.04155052156937004,0.007520279451498304,0.010387443493175127,0.15665062980255268,0.017942787237623048,0.06666979578831252,0.14938725423774177,0.008946572059744045,0.004793433418156567,0.012944455809843344,0.004848331307735187,0.004252228589177272,0.07116883413250848,0.18736686790437074,0.010866963820602442,0.021451157575022584
79,0.009163707644455787,0.02948893156161535,0.581576949505347,0.024929675490037523,0.030884569721558747,0.014426417451928053,0.01642541393825917,0.028197758259600515,0.03608399929161467,0.01142509037447144,0.031600696819748496,0.049600287467862166,0.008386119028241282,0.03148812928396362,0.008966864549622143,0.008234696471341814,0.009136713657394014,0.01127900539988573,0.025128274916784005,0.03357669916626846
80,0.00784451808471061,0.021140374938158596,0.017453661809700063,0.019808463391935257,0.036957401817057096,0.00942879178908987,0.02448443965491423,0.17150867506545994,0.02323683578206315,0.4123733841693853,0.13634615955184556,0.015427902319478805,0.012192421130348977,0.01917154326628337,0.007070436966353721,0.005360084873370179,0.006298717428830533,0.011838842081161975,0.022522135748131205,0.019535210131721575
81,0.01696987353124648,0.07053795998806525,0.024067768303080817,0.03153693312599113,0.02390181508637421,0.5336066673659402,0.02124410219123854,0.020916444871234313,0.03166654987197216,0.007485384866638544,0.02865095213885877,0.022873074274075433,0.010120135226360173,0.03244529506344869,0.010908340388240241,0.008823249412392813,0.014051519501057062,0.015042598586403111,0.05274705133646599,0.022404284870915933
82,0.23560350145293285,0.4771417853377755,0.015513593877884438,0.01982049685111394,0.011898128198659458,0.009293024053550406,0.014902576143422863,0.015939200087837273,0.016915625912739585,0.0040814500172100835,0.015065537625488484,0.014610245295969668,0.00478439489478534,0.014630517900644036,0.01845063249342372,0.06220760086587568,0.01429501410662333,0.006907398254670204,0.008334833452735715,0.01960444317665738
83,0.009357990583700253,0.03419040717062457,0.03653339790885367,0.03017191359825347,0.025709813952654443,0.596545381820985,0.01689609431096983,0.02131367745101938,0.031150244456754576,0.00940456796130512,0.03216079538628494,0.01451107114956176,0.008471708225012357,0.028548408049057606,0.006813648890346435,0.018703496121069262,0.008611003551261787,0.014561623425753895,0.03714930521327018,0.019195450773261288
84,0.021568159847813958,0.038276767137875055,0.052852901347879656,0.03575395693160977,0.05137126929813756,0.019838417159328527,0.09779443440417838,0.09492959489949765,0.02082044149340041,0.02652104925758121,0.07592271157583007,0.02699881966295356,0.08727280256907495,0.06667155827341871,0.1420144877647814,0.008512277069962519,0.03961069400652979,0.01996299756028315,0.036499096361268364,0.03680756337859533
85,0.014786275000979341,0.055169662611844084,0.04300435702107,0.015011252477559205,0.05947594629874028,0.12242082005731979,0.10996452067726015,0.0781016748590935,0.028701444916032066,0.023229874676299046,0.043460454027613664,0.09066784613202532,0.02152810076102468,0.07673704645473219,0.022872602096454978,0.029615859221444173,0.03152442217444173,0.017146373757161017,0.022249033817791867,0.09433243296111299
86,0.011643985585554316,0.02131332241302304,0.017929856288429125,0.05379138032440303,0.02599789057230685,0.5151034847965147,0.012766453823880343,0.034346594390418456,0.0580741430886375,0.00903992746232266,0.05413078148484429,0.03077351811720007,0.004918872784742099,0.0354452374557813,0.0072721932562091335,0.016535957884504682,0.010519655796013052,0.019187987764505934,0.04009139247502029,0.021117364235689082
87,0.015965671018267846,0.0338291726090325,0.041018186110399715,0.05060653059408581,0.038945648789626794,0.02098451921212019,0.023937664448227727,0.04379073877744675,0.0424444041039194,0.013269451251580073,0.033557780426714236,0.03516702630609353,0.007737778104246752,0.023937938454938582,0.008966391589739263,0.012570356314775937,0.014730900962795007,0.020870729540741508,0.4764024405000715,0.04126667088517702
88,0.19860332949095727,0.19162349581104174,0.011626465159347584,0.018551496345125304,0.013151779113828532,0.0712483958226036,0.00781258901985959,0.01266848868649609,0.02139363283289171,0.004371688700611853,0.017195959107640168,0.011606207962211734,0.0022975252591846303,0.016638286593212898,0.009031512363417598,0.33748290798987685,0.017080033517869502,0.008670009865367336,0.016753141703928862,0.012193054654527117
89,0.0062538298764072036,0.042180545533267166,0.025387728540251134,0.014628752313036016,0.08243878207345184,0.005943884793995228,0.026808347580342184,0.011011536134110267,0.01436203228182268,0.006309509489987524,0.014314609721673659,0.011117358650899868,0.007733887629921557,0.2419256448566419,0.00414925359131381,0.004055150495133029,0.005545428868637413,0.006304452337701224,0.04852971582188471,0.4209995494095216
90,0.012415492994113474,0.04807266624400583,0.04919671668311734,0.037082415816985397,0.08436474744142879,0.010072862165314089,0.06404074475129586,0.01981996164142497,0.038899109136658734,0.06166898644728383,0.02883825683037927,0.02026992512768141,0.007177083170124072,0.030733731452044208,0.00912078665605816,0.009003643609889119,0.008733673378084632,0.02380598192351587,0.0522488143108882,0.3844344002197067
91,0.10828649895836434,0.0943980467824843,0.0033585882118942864,0.005036145533295354,0.005316619534235703,0.04778899548372951,0.0031819817273419666,0.10592758329235329,0.0067058376058561535,0.050324094523534035,0.14401103376890653,0.008452344045656328,0.002110940243764172,0.004574755299113009,0.0015893093521749824,0.11566717467734226,0.1400505803167679,0.14432430683527003,0.0051561715169603966,0.0037389922909554923
92,0.48413696359931024,0.10197681433321987,0.014461557418913534,0.026462172587365843,0.019281904110853534,0.09357222140558691,0.009487359153151268,0.02194308103005665,0.028448382168365167,0.006303858815832006,0.03445618603555522,0.015862008832404396,0.003396531276321469,0.02090146112122446,0.005517681532585754,0.0255738765607898,0.004448551649344378,0.030765217624799432,0.03267847205366527,0.02032569869065477
93,0.08490768859104424,0.057141063343198545,0.006920700551276648,0.013695953638984083,0.0067234766262842145,0.11121584520262819,0.029616281036251708,0.055309673955674044,0.010908219694000234,0.00246067907870274,0.011002452245539501,0.015809879156798056,0.0014825741656068541,0.012133294620679731,0.003187359356544144,0.11314147703520612,0.39025024704793104,0.05590306462378367,0.01076440398237674,0.007425666047489499
94,0.037931256766917144,0.062476958199188797,0.08152862284482068,0.00980542028876451,0.005541799856789539,0.021774939984783498,0.0722725738490428,0.1643949153059444,0.013046081346667814,0.1445974820777373,0.030468421817119146,0.09444715680116313,0.0021957490045797444,0.08700808054504028,0.0029542601179458026,0.02852808374852836,0.017581792846918864,0.08315619320263194,0.020114816063980592,0.02017539533143564
95,0.04640571661754436,0.02628129404321461,0.0033040652215484286,0.005642023819937041,0.01148898093560452,0.04769812669093388,0.022092361810164062,0.0373376299223084,0.0965457417301991,0.08401750911294693,0.07599578409555954,0.11133670918025063,0.0489817778430978,0.05945972549371139,0.12802483544334609,0.07116486260619263,0.06907913153530167,0.046352410383223526,0.005501893141938378,0.003289420372977019
96,0.09109235126819913,0.01912856343046283,0.020349442978912887,0.10564459969375972,0.07371687015023756,0.0084655601704295,0.08516208499301849,0.03163151864709147,0.046591633984821364,0.16497628357127517,0.024943702328656395,0.01923808912343818,0.057192598447123454,0.01902648065986615,0.015972988625442382,0.033320943975330794,0.04861504962824656,0.012525656657299192,0.05012563405213036,0.07227994761425843
