site,A,C,D,E,F,G,H,I,K,L,M,N,P,Q,R,S,T,V,W,Y
0,0.01682278093726799,0.038064367461045884,0.039727654896442616,0.03060962319984871,0.0186571167244029,0.0387110554122183,0.02308641100444718,0.02241725419112812,0.12000810951941582,0.012270384708041626,0.022858721780125654,0.04579854095803618,0.024281567764124653,0.02281040088679854,0.4332816369146244,0.028742026968199847,0.018878066138392532,0.008718269832393367,0.012507512035058788,0.02174849866798699
1,0.013883615972031691,0.01713253222906851,0.018683181228032978,0.013538152739682584,0.0202065417843003,0.3197496757804014,0.1393431632652005,0.019137511716056512,0.01562091160346404,0.007883004636004517,0.015420384878229661,0.03582355621669962,0.19596542454070298,0.03810135939926643,0.03697339152617022,0.013147851877240954,0.03310624695784428,0.007351827382607229,0.009637691501685454,0.029293974765310087
2,0.008070007746560363,0.04288431590758202,0.06694001956110579,0.015614471833836793,0.014361374765140668,0.6564594980017369,0.015254392823690418,0.017645648858440048,0.017528944595589912,0.006083288795874736,0.017902252437141504,0.0169724526329873,0.007556919425660494,0.017978129141627164,0.005306593859437065,0.025162779164470257,0.010162730700932602,0.008885083762425259,0.012029427812237993,0.017201668173522953
3,0.09845780328984104,0.05525142594985319,0.019124863249784022,0.04016971591232514,0.021879554762069545,0.5294651013086293,0.02225305532422671,0.02399663609709281,0.019339130902385468,0.006588666572066132,0.02365515028178247,0.0232744543559782,0.009580883780902483,0.02401146543506724,0.01132650517474046,0.0072082447965101624,0.011900192700293612,0.011215079032927759,0.013374661987074984,0.0279274090864493
4,0.046277864745147716,0.06355064580425614,0.032733717368102114,0.032283687942900444,0.03968465212986608,0.027611782138879618,0.04380952881556158,0.07763632760903588,0.051097634934188056,0.04884250328505194,0.03370212149059181,0.05837346946716542,0.0035518441461428255,0.12906862533581107,0.058635015468642554,0.06799568163654919,0.06724669911627451,0.07659092761029776,0.015050634638169781,0.026256636317365554
5,0.12595311587654734,0.06509442490575852,0.010143696768242902,0.031959032613199344,0.012866491429920232,0.4926939967757027,0.008681350776242356,0.012073400200423197,0.016225753823117046,0.0032685172548442103,0.011883567178737729,0.012772461626359755,0.004229290001100701,0.013114387649634471,0.012071244290010425,0.13121278012083493,0.00565144777403696,0.01055164891849008,0.007098719054633705,0.012454672962163455
6,0.042997912871531846,0.04103540262749822,0.12740874806000196,0.1497405757908261,0.04545907894081864,0.012479714437651794,0.0329724107879836,0.026835985872119935,0.010742529013106563,0.025791741163330027,0.05449558450673431,0.0463954249061003,0.005639981798677405,0.09975391843114303,0.006529546990423577,0.0613251010655654,0.05138324851991379,0.047820730105108136,0.05856487788778053,0.052627486223684794
7,0.04667201397423746,0.04660184690472416,0.01809819354712287,0.019310905047308962,0.01859932176670227,0.005602869405918871,0.017338182510128492,0.032015451991254405,0.01646791674834148,0.005221784135154777,0.016705880100085436,0.01693199089580895,0.010814880048071972,0.017191179453661568,0.00490577958139825,0.04448884667134608,0.6235523342938842,0.011643944161533675,0.012682128412586794,0.015154550350729304
8,0.033911753148959334,0.15989089725512265,0.005088459332791915,0.007191215504372324,0.005398616771254858,0.00754541307040455,0.004195898389009949,0.15971283670090802,0.005149573093980701,0.20208138092020367,0.006262620569045655,0.010302660871850187,0.05331291155243404,0.0038318741611179444,0.0030028250333359228,0.026652597654842018,0.11003448464220701,0.1880091106600016,0.0036916233906190026,0.004733247277538669
9,0.008722324473232986,0.020029433092344603,0.017812110067954818,0.05566685897558917,0.01983481342364213,0.6516849633159271,0.01886540591888719,0.018197807421949732,0.026856263900212257,0.005934593388420967,0.0264956644812493,0.029289044484424605,0.00865906977347397,0.0252638040634373,0.012871857684200296,0.008063377857378968,0.010640568774282053,0.005862410314522112,0.012438107562053968,0.01681152102681649
10,0.05014898363566628,0.10780886243716423,0.06681446487043162,0.14007389784226276,0.028893880622736408,0.013728790070015746,0.02995513593475517,0.07081335198667231,0.012166054010167533,0.028944105581759732,0.03360623682797607,0.029816014894707588,0.0020840564961047,0.09670890872361208,0.028737120218636274,0.02595380302963679,0.01158728501478394,0.1098474473196923,0.06821763649303499,0.04409396399018344
11,0.04638729991981584,0.0172113772547184,0.015720795379346623,0.03142570233768483,0.034122162565172344,0.021608839354210006,0.06439393366665071,0.06696858367870506,0.14709769582362198,0.0926015796129424,0.11383028123513594,0.05814116782184236,0.004236915046427516,0.054001250509363705,0.0667372600661257,0.03625454890874756,0.030555149902632306,0.0791839388995935,0.007427409087263279,0.012094108929999974
12,0.021408689437769524,0.029551318265121293,0.059748663183412286,0.044226324791680996,0.04529515410528492,0.009020316530011495,0.07209390040933156,0.04156655532857218,0.05258813883512041,0.022662828733336346,0.035397735881741256,0.07308765664981247,0.05408996177863723,0.06696366098977471,0.03141593579055327,0.020431104900883214,0.03962137672068075,0.009696948585565083,0.1833271817235794,0.08780654735913158
13,0.014770545444053583,0.02931940782073297,0.045751451311478744,0.03144479665008985,0.04233157370427393,0.006800954469231896,0.13506390391243897,0.07132901379211933,0.29312542933395525,0.013507485651854802,0.024637987149820597,0.030500698077746295,0.01647848535733037,0.030216230306794482,0.06965793785479767,0.01626993533124639,0.03210471778793744,0.010270060610400126,0.01710139840379367,0.06931798702990365
14,0.06069538895429685,0.035577271705599836,0.023565675465129974,0.01713689611947685,0.05925333681190011,0.08190365545828843,0.08364389110717876,0.07155232814352057,0.027112373697802034,0.04895105630391421,0.1007438442465299,0.06489691870739482,0.0014262042787491706,0.05280220636611937,0.028257827955566892,0.0735971579407429,0.06536676790534708,0.043085745962748674,0.02219373322241302,0.038237719647280545
15,0.102061407195737,0.05223350831679038,0.013336689065000816,0.06141362219740307,0.007113192403520601,0.06084953852839467,0.030468966140987114,0.01843017767019061,0.10195859596589169,0.04350578801076687,0.05975699818373376,0.07698879797489656,0.002134316778792411,0.07178866925625765,0.11387414060064097,0.09882866730824787,0.05345951734349624,0.024372170531111,0.0026120580267177296,0.004813178501422978
16,0.005055089139596774,0.012879223205956743,0.011895889693901096,0.011721842130186698,0.009495252197895028,0.003944848261494141,0.01000375096882756,0.16336615058083115,0.01038052786699456,0.24052597538451806,0.19984588224190716,0.012979328862489103,0.0391466660294527,0.04152752284085933,0.003960573598646641,0.0036579903838311265,0.03323000214098714,0.16954942667616435,0.007126469386444086,0.009707588409016601
17,0.09512176874107234,0.042550859450814583,0.020918348884478397,0.014037536593686058,0.013910138235687918,0.06964943467682448,0.04705225227231827,0.034719826479195665,0.027498601898844423,0.029110706146358918,0.04198156035141593,0.22267599602778304,0.006219263646865027,0.05286160121914893,0.035731403099041416,0.11521069368526521,0.042229875780339404,0.04328234827589503,0.011105056145713508,0.034132728389251445
18,0.053163317531646,0.06569772283430082,0.04302511002030554,0.06111847131182267,0.033002632419522386,0.06750250095001135,0.07308966722920711,0.0649345552396274,0.031927837957765125,0.07246693225662776,0.05048619632584321,0.0500568818275746,0.0015341645531947896,0.06463224512583184,0.046390431965849355,0.06657748996182361,0.06030601194553363,0.060266706016951194,0.013256407423271723,0.02056471710328985
19,0.013459761753151687,0.07385111075642257,0.01460765898399113,0.008733629673248328,0.12090475222632605,0.005917503095772286,0.037452933288787564,0.08319829328661384,0.018810999518439245,0.23823412833206337,0.19576948716902776,0.009814561053850895,0.003612256134912478,0.07234155622561231,0.0028298241459767453,0.008899663357562008,0.007972597575454717,0.01008729912360737,0.007828849153542893,0.06567313514563672
20,0.09633557857437089,0.06759236458682683,0.09054696745099158,0.04309697880734355,0.007995010635439646,0.07178785969194103,0.04266181533970827,0.019954295780485406,0.017164187117207956,0.035070480701327504,0.03461183110149991,0.04379521519780751,0.07071859062332582,0.09176328936171206,0.01898669728306456,0.08726261309542022,0.06535160423951245,0.06117226602347655,0.004909250812994193,0.029223103575543957
21,0.08082067817348865,0.015291381115496525,0.032829424186952796,0.024154766885217928,0.0065522176778684705,0.10319313681018204,0.05211549124404686,0.009311204654951423,0.02849789577865532,0.03162115204633696,0.050224692548294286,0.06177797958956074,0.07825033363948798,0.10224158631770323,0.06541431151500524,0.11380301045370968,0.09637187974669573,0.023336730324830964,0.01253825101043262,0.01165387628108256
22,0.043569233842583446,0.056334930267868275,0.0388789310170269,0.03712155750375937,0.058669202905624954,0.04278870794770195,0.059606133096275,0.07266658055560468,0.012894602821705911,0.0625567838433749,0.0783835100157546,0.037294662387473435,0.08834845593619148,0.06532852766344244,0.01650918718374767,0.03456921494970506,0.04562259027665223,0.06691395983681614,0.026789987747260078,0.05515324020143143
23,0.046232720412254485,0.0766968289654043,0.12377350875986592,0.11000085846350043,0.022688877039766495,0.05957802766925573,0.058784210800196024,0.022587746965718032,0.01334502891332036,0.019588192015359662,0.05385703282186852,0.06854775619081799,0.01643625695486928,0.1362656337128575,0.0074936096238997895,0.04922499300276977,0.042610977094694066,0.039914657220907666,0.01657109009242377,0.015801993280250254
24,0.016088109038827944,0.027747081835249512,0.03710050258058545,0.0185885531499793,0.24502303885303675,0.007142782691301691,0.08310378046423583,0.06404561285222642,0.02337201056158506,0.0028378107128610107,0.01596450535770074,0.03718432916807414,0.052205317895784704,0.032153506243104514,0.007200102244595467,0.0038947162944400326,0.022578029088988948,0.006792716875866088,0.11407297809885814,0.18290451599269827
25,0.08047331309598266,0.04037759944412088,0.023739467112725336,0.014074136279292866,0.05390601671485687,0.022284902065037842,0.09878082497684909,0.06667615235561561,0.015541510843502422,0.07731755471441507,0.06830249190744545,0.08704160361075329,0.006316907921740246,0.0598262897267741,0.04020007684772051,0.06800075473529053,0.0482667616374183,0.047750069771243325,0.0059599111189009525,0.07516365512031475
26,0.009129829196271809,0.02612676591407949,0.0326850911590006,0.027319649066853115,0.00903989690095068,0.002623719105232075,0.03339816030596506,0.02149041353783933,0.10164430855297668,0.010317088058102275,0.04706966443905592,0.13333297058070398,0.06619510933801141,0.12076128117464041,0.0686277801157103,0.12613357547913068,0.12463603538488632,0.0249707750130591,0.003867967285361658,0.010629919392169097
27,0.012293976239816968,0.01744023112340945,0.036450679419716726,0.01586349087061697,0.29526655763178006,0.007350744066255184,0.07905835956265095,0.029019797410872367,0.020340824840084402,0.007039663075127725,0.020946217102808584,0.026270495833787173,0.014872366886012832,0.02711404237314869,0.007721548815783703,0.010387397923531345,0.013442156006025385,0.008232611708890513,0.016536581811267145,0.33435225729841384
28,0.013606222474451798,0.025835291336790397,0.026638547200859158,0.08891445126563946,0.012293543943245515,0.00897677268849935,0.05835658571742609,0.08799361996659692,0.2647097308578369,0.006057085846498468,0.01622517566944356,0.036016020390478784,0.012725493521480398,0.038824748246459935,0.17533379342865985,0.008772760933479458,0.03846815752808455,0.017250403147305797,0.013706248707196035,0.049295347129567596
29,0.08785130339804277,0.02908381975696478,0.011855575163245001,0.0270185053285127,0.01674284446104556,0.03855639684850685,0.036823330338197575,0.03999670659108924,0.16906081607883577,0.04499374720769027,0.032878435151881054,0.053953229368933264,0.0089302882925599,0.06315075299645755,0.15832029149429805,0.07412274543698778,0.04632614778407091,0.038651073843715716,0.005813731057880283,0.015870259401084972
30,0.17361273067249444,0.15891784616726945,0.030079352287271353,0.019323082890674876,0.01804405807290119,0.015056562624103867,0.05575651903092384,0.028633797073962432,0.014782467772397636,0.018884260155661695,0.0157198481265488,0.14691970959481893,0.008357568629596407,0.02498632204338415,0.016308629357791333,0.1491353858240524,0.06498660584930366,0.014409904646410633,0.012458795661983026,0.013626553518449946
31,0.2084153871778435,0.0668305472372049,0.0178365119021019,0.023125745183603236,0.02166705364674691,0.3027243015257002,0.03192115144712235,0.025356800328244975,0.02164498917690277,0.007672422065586897,0.021259622051511495,0.04856128334643042,0.011905537138816216,0.03698573294500218,0.008608739331563977,0.07464525674499911,0.01172593515478489,0.014207388279973754,0.019145141229791864,0.025760454086068345
32,0.012007825551569117,0.1493273074931024,0.029694993002836616,0.03538616942282472,0.028111002443249322,0.008899193775917599,0.026575530761806153,0.2577604426942417,0.021688686439885044,0.008286802681700834,0.024335507552191882,0.05929655353667023,0.012499544083380026,0.03430627660916718,0.007412724275580833,0.017429610713518173,0.08916764064617798,0.11709335880342718,0.026093228156837723,0.03462760135591528
33,0.051621074138438555,0.024197720422828365,0.012700396640167491,0.008388754439938133,0.014592169389452363,0.005097113988222245,0.09971953893751039,0.04169472347380451,0.020501684408023933,0.08688478824161437,0.033701036801997236,0.03316148761890158,0.006008897811613894,0.06833460170250105,0.022951465786224638,0.08214336662051042,0.13033521369540757,0.034164069239827594,0.1809371625652211,0.042864734077794536
34,0.018043770162452684,0.02672303633757627,0.13005632639361156,0.40206162336600504,0.03356674390334583,0.08149432827657349,0.026253211831479828,0.025573311275482215,0.01781183609458857,0.009915100515968453,0.028321089308620134,0.022714582650659558,0.011719432202980341,0.03555705952503157,0.010336469403787274,0.013195325480488752,0.014642937214390757,0.03182715194469649,0.03445907434688905,0.025727589765372105
35,0.0477883973241132,0.0893545317500525,0.02097326014717153,0.017683728966559436,0.013707401497765993,0.006609124815811481,0.013672050673211754,0.212716061449291,0.0219996794010832,0.007912381198107402,0.014391912874979818,0.01968272558497711,0.03308103709595777,0.015762465609907083,0.004458046582398809,0.011772657752832526,0.13334926587363852,0.28643821218401094,0.008974790418344137,0.019672268799785717
36,0.11349155146973271,0.06205897203926373,0.026933990220099478,0.03776136900944178,0.04402296214091197,0.03502182049859589,0.05544396961257547,0.03131239517220072,0.021994554350667335,0.04252617932827819,0.0848966505825948,0.083100207521318,0.06428230274874779,0.07435746607727668,0.01580284383190981,0.058809692138575155,0.049291845007941745,0.050284805354002766,0.015351114405746664,0.03325530849011939
37,0.021597304592872492,0.06102288668932013,0.05189616176871658,0.025436122219635773,0.03313732486910781,0.007664160786652222,0.046372084498203486,0.05856109568830861,0.03643563619547821,0.015786080364057216,0.03335314584779894,0.13476380382339345,0.045035979360273086,0.03791050225670886,0.2323850679573741,0.029503533099901162,0.028272080642288318,0.012882982985226674,0.03497009819440135,0.05301394816028154
38,0.07088457913905308,0.025398411263411712,0.22635673247044893,0.20034644404162835,0.02329762428844454,0.04083337463784341,0.021820307979317714,0.047434216919329045,0.016713111241151726,0.020944256484072818,0.025358055730028493,0.09340237979683595,0.0033911123392987175,0.022411453827541863,0.004873073274761845,0.02870121150582166,0.05585580546743539,0.031997939574267394,0.021131287416013517,0.018848622603293844
39,0.03067293333416505,0.012507619723512173,0.11714450204127173,0.19549182774582372,0.013509595120080299,0.03886246568155369,0.0449134746815915,0.06993113140333919,0.005383271077485948,0.044126310182988834,0.060564604433469685,0.037496700756278735,0.07056560991086186,0.08879785399341918,0.0066530505895515245,0.029368620490259924,0.055325253755963665,0.056959128766832706,0.008319516483971733,0.013406529827578907
40,0.3804665772663655,0.020590435693910406,0.029218029661124176,0.01843580844737768,0.022520948521457283,0.012554352609700845,0.03672564120655761,0.028865454036678624,0.02626121593538268,0.007445124247489946,0.026550081443740606,0.022015202497128405,0.01787812098170395,0.029519594724499956,0.00792121536944005,0.15848267682055783,0.0220728078467823,0.0682881295451115,0.04563131091074704,0.018557272234243492
41,0.060920754649421184,0.02597271864671772,0.00795601406641406,0.010689723388721515,0.008359502998088972,0.005266143638792258,0.009678534444163465,0.11674289860791053,0.17722776741016236,0.028425341115750607,0.066964007485522,0.012296604541837449,0.003370456489234154,0.08637405617529689,0.132451245081347,0.04390195608876203,0.07238501041910389,0.11724412494884187,0.005871289486988516,0.0079018503169235
42,0.10859664830967207,0.039243931878863915,0.01683969510551568,0.03202426328787397,0.011205110962216555,0.027892305051182436,0.061435650999886904,0.055262469516589495,0.022032735716372442,0.060175554561172885,0.06919282981876938,0.08937543264804555,0.0009816084644808372,0.09014987303854122,0.09080403947987786,0.07075842501927375,0.08759615435319312,0.041791075306162155,0.011182814513248127,0.013459381969061667
43,0.288759748271491,0.10967333110605307,0.01689949620883642,0.029756007372787822,0.022645651273249374,0.009339149597391596,0.04302032700547237,0.030425231228715488,0.030435430039451667,0.049027567600670535,0.11510909911481655,0.03348925856766468,0.0065657529948617045,0.04431742560923351,0.02826882713295695,0.05870003870126143,0.005097332025439398,0.02668274020997662,0.022533317651363943,0.029254268288306
44,0.012956898814227675,0.017463698838240487,0.013891591845101196,0.019911613840687695,0.11693807202328885,0.010920563912540558,0.039192227136169384,0.19130926321952196,0.018000493530808157,0.3215821267952421,0.08489300665939957,0.011933403524217975,0.010054812935925745,0.020405658866110305,0.008516920304072728,0.0046012803195217555,0.007607607233309475,0.046936361610005806,0.02344576323668711,0.0194386353549215
45,0.06576842902063468,0.04144714259682836,0.04665481448563334,0.05550792887872517,0.025523583230570725,0.04296229271860139,0.06770517697819117,0.03957426896318315,0.08320950327868443,0.07794688690610019,0.06262763588150459,0.06092964884847328,0.0012211425064706722,0.07690885894516361,0.037578973294507094,0.06868485674923655,0.05299107851167799,0.039648805974948374,0.012598891572532358,0.040510080658332746
46,0.05481578752469608,0.07523579767323463,0.1425041520867675,0.10603781833302033,0.014725489552048646,0.05935877305573108,0.05046315174560472,0.02589522622555281,0.013965743680859554,0.03960308235569268,0.0314193233029815,0.06867270331140106,0.0019460537438844457,0.10554519538394508,0.013538146457652422,0.10123963354362374,0.05253007454692562,0.021332028223014346,0.008959326420522112,0.012212492832841652
47,0.040486270257060836,0.05921689357853753,0.01122461388782995,0.011824193955994246,0.013384439579811386,0.2260650287048203,0.08066875014193367,0.008160469002873323,0.08232998087496884,0.01544251991547901,0.05485436459469238,0.1439241031538717,0.003327736443395992,0.10420386766479013,0.05855879690346761,0.05392367263277073,0.004768410297189874,0.006067586640297097,0.013827599163566566,0.007740702606648909
48,0.032888214094607245,0.09937622299527216,0.0502639356151814,0.033751179864334284,0.0967266826452086,0.011706855054676266,0.05291161639696054,0.059989677163064345,0.022920866310156402,0.052266325111415074,0.028600864943099633,0.0927542686564316,0.039635756190543193,0.06179134435120215,0.023994261470490205,0.01707217488657055,0.06959978047966758,0.07049016516414629,0.01676012914168945,0.066499679465283
49,0.04312214079687683,0.04746854985742952,0.08502896548591922,0.03281221324434794,0.08255116081988344,0.021860575453052963,0.024144727998651087,0.034692331562244855,0.08363480339565843,0.07458818490667297,0.04479213423268956,0.04858227358818188,0.015556211280518182,0.04297506043126658,0.03746619081384808,0.046492897430018436,0.05704817270983261,0.048365194018849145,0.038615317782934505,0.09020289419112383
50,0.04533208948942318,0.06119913331096433,0.1443318954340452,0.04508713539701482,0.031049326527013817,0.039757066441176055,0.07422268155059684,0.03889503954138128,0.02662955720717457,0.023513960371306427,0.03179561581647111,0.13484977334164108,0.0033396392970569586,0.04359571751211926,0.009643450535747045,0.05215514691877807,0.07102942549033409,0.06898524840685945,0.029585755848971787,0.02500234156192466
51,0.11768815767360136,0.043826419787438536,0.019373614945261606,0.11362136168036858,0.010084985823197935,0.17277782246616755,0.05324991334881932,0.008349303626273914,0.04002568506549004,0.02969229631008483,0.029744165729298777,0.046939666910087635,0.0028229082015851104,0.04280984265847209,0.017426085374778813,0.1675085731865062,0.05259309080900529,0.013935400319840656,0.01013758278899661,0.007393123294725224
52,0.009374763820952318,0.022875356260338292,0.02034640644954622,0.06895069733524613,0.023797771151233646,0.5397216346260139,0.021160778547822043,0.025948504280513998,0.026162509213954976,0.0074566375260176265,0.026675352934275143,0.027142481160318793,0.009509331047954948,0.04369146694181771,0.04694096096644836,0.008211669633960065,0.010456765082901076,0.012143731802777231,0.02417253574930929,0.025260645468598436
53,0.01044381087841802,0.011253226614283234,0.009073900897358664,0.009784288842245034,0.25297387563470053,0.004334045211320988,0.2676298294005665,0.010134948862377313,0.007927485088601346,0.0028488802720999305,0.009948308431038746,0.008122984372705944,0.0021592095958766874,0.020844132740413558,0.02261683358072447,0.0030107008756151783,0.0035175418486830348,0.012867057268845206,0.09096256956590479,0.23954637001822082
54,0.25608145966384843,0.09198004509126194,0.015535044227363836,0.01544618705562379,0.011425681753253843,0.007898495726326879,0.009362624583949541,0.01092693856307185,0.012530042558721094,0.0043694058291457345,0.013556256143143508,0.009319228721615034,0.22484042446494185,0.013205149208814144,0.004488257878653911,0.15544301300857602,0.09428661969769152,0.01969131132727221,0.017343068525585273,0.012270745971139535
55,0.03641027693841632,0.029888354658011887,0.013966504526053105,0.024982846497952554,0.015155356347488071,0.007964557034165086,0.016545940345472864,0.02094557268103542,0.013599296608553338,0.02007762062376119,0.02683683927921698,0.011810606021282949,0.20391347489347436,0.015072420456955917,0.007076002230654301,0.005098810943573549,0.010959002148128488,0.48954558347740906,0.018785548411246807,0.011365385877147818
56,0.008347346159238623,0.0189982468928224,0.01690646634607391,0.032770546917418195,0.054348495834694276,0.011512298231457623,0.01243953505650416,0.026104584104472646,0.03053050530503533,0.008053534698735466,0.03526337357256169,0.017535841163066297,0.04992079193803434,0.02066241426286159,0.007405647031664484,0.5478351362708784,0.007285244631812824,0.011417007217563755,0.03045290490404898,0.05221007946105502
57,0.01139205708541981,0.083241810091136,0.033460533905985586,0.021818041658369227,0.03259970199197207,0.01071235306464118,0.01993511820105039,0.02902089465835002,0.02271044517775228,0.015371094796136733,0.040571822197265246,0.02358000194258027,0.0060733455309936075,0.027888150013747108,0.44048699231411464,0.06498349426047283,0.03144047236779038,0.01984698150797811,0.03482438726665213,0.030042301967592396
58,0.012472581574058028,0.02328389080296565,0.020913210538652936,0.029220711282068428,0.027174012210107214,0.6228300912032988,0.017235765239869014,0.02551376918003815,0.028705839538678675,0.006975469113936416,0.03178627451503566,0.02128918594518812,0.00792036819240312,0.021342158766809838,0.028072154134501346,0.008735374913652798,0.010693825662056422,0.01123280378828357,0.023702919132103564,0.020899594266292273
59,0.15527412905357213,0.08814414467149038,0.017081917588277033,0.01718901373278696,0.015964122712941987,0.009687795125290107,0.008781491772550639,0.02413266751748386,0.0148921709556239,0.004836883964221571,0.013490741365319942,0.030608027845265704,0.005927738646981105,0.011976880375046241,0.009296158046853374,0.22376539385911087,0.18664144777587327,0.12289609679876223,0.012629699520656644,0.026783478671891993
60,0.11351929861083906,0.0617969763939452,0.022934046741146432,0.034873687217447026,0.1026273631043622,0.022838093134463396,0.0341086181798515,0.031353763881372426,0.03533122135966478,0.007905653963309516,0.02283862219656015,0.04363227312450005,0.019406881759224337,0.023528653917250286,0.006681898350948744,0.2778627278053754,0.04174965227306665,0.028643941236373663,0.016340056917420534,0.05202656983287871
61,0.02713038456557975,0.02318230738567666,0.03828613403232873,0.02944661676393275,0.02845653724266496,0.009567172379637865,0.05019139845841377,0.030925723887160837,0.4128935994816215,0.009021409229382273,0.03778907926934305,0.06643265213741635,0.030462632389174998,0.04557509067970743,0.06179069246955303,0.012792028632997965,0.0213453659228091,0.009623075780415276,0.02201278205940995,0.03307531723277372
62,0.006339393459484979,0.014331496906345633,0.013954717632230159,0.02018299252646281,0.25609561923007895,0.007241948520676474,0.015673292301388385,0.10317250710063218,0.013693048265117178,0.41098254211820484,0.01440463947212315,0.00884705567189012,0.02028634271275937,0.01517840439386938,0.005750650259078189,0.004595936571403932,0.005297776430420534,0.036178446012334414,0.01658958804463745,0.01120360237086198
63,0.17283925169247924,0.04978459786308515,0.01842102357444594,0.05736478964698899,0.01663955874025999,0.07710540805974463,0.005337807407704283,0.02558224570713939,0.023770459194403314,0.025734357114643915,0.08824960392831291,0.006378482761464786,0.001311708849095991,0.08911584903194396,0.05712653648726819,0.12842309049626263,0.057756407279525294,0.059760609517438876,0.01971492899308311,0.019583283654709405
64,0.011106944118477395,0.02575405904763482,0.022702329480718555,0.02317671494694277,0.09285058290849739,0.014102120744455944,0.015026513179515163,0.017920988688761786,0.018063992378397148,0.007277694709675804,0.017385720042653825,0.015771702203674697,0.007276718068843623,0.016494729694249425,0.07100096822221487,0.007063794656663682,0.009115373016388961,0.011652804794210946,0.5342890798369987,0.06196716926102446
65,0.009810620777830492,0.02289653433092469,0.022779800825805666,0.027341853663435285,0.021849984779181476,0.010142335956717501,0.018335603125339838,0.027603609410364476,0.020873722029381474,0.37245266967214036,0.2698189812137988,0.01897043507153077,0.007089021618545265,0.02870048853795672,0.008863478269644278,0.031692964587381627,0.011031595787365837,0.014541813688349146,0.030925846913384365,0.024278639740921863
66,0.2302482147978515,0.08664949498523197,0.01943724170791442,0.021391574991642393,0.022634771582070612,0.012693141333136641,0.015702469244412872,0.029699513905228674,0.01933753644426909,0.005530984686400407,0.015344075280435292,0.014412430627477244,0.005159448500617132,0.020170267932623467,0.005489177093986117,0.039755696542659105,0.14190052591456165,0.2544482457198899,0.01621753197065141,0.023777656738940153
67,0.007813852974302688,0.02982632735047408,0.07499858880357388,0.3912011387516614,0.020839323273802682,0.013289036615094427,0.017646108191735784,0.02032010350630605,0.28324088158738825,0.005408679931398993,0.02202590482322199,0.01061429642466327,0.004617835170112291,0.016627144601611906,0.018302589414654343,0.009357396613734375,0.006730909451442321,0.014282978817931342,0.01817303863057342,0.014683865066316507
68,0.013945470000211707,0.026766391895324922,0.02741774046133188,0.032706061689547636,0.02441001224813479,0.0510940075526424,0.0151384777593797,0.0325513318944861,0.0668363293830298,0.007832940114360025,0.026759989340081225,0.018151925813788453,0.008996738535054227,0.025935168602066454,0.5260097277381018,0.02415240153517053,0.010384776556436014,0.014644946920401108,0.025304653111089582,0.020960908849361568
69,0.10663059500815679,0.013051586213202801,0.06165615330433917,0.030088761517391642,0.013661397605712772,0.5634874286754346,0.006400329831709146,0.010439650790026666,0.013095831944372744,0.0037873619435576846,0.013881925364078637,0.05263840520323842,0.0030803860178259456,0.015654275477215394,0.021292727073913217,0.030071273644137364,0.0043936356559450985,0.009858713197885071,0.01596300627721837,0.0108665552546386
70,0.004943410112101154,0.02522091826516941,0.008406673562953573,0.011781304116398768,0.1581706034072212,0.009291098281284186,0.052288769656933194,0.062436113130532794,0.007631045153826867,0.2717932830997649,0.1372403866860895,0.006595823441797702,0.0021134487038505984,0.006776933677923926,0.003587219365909256,0.004040242683394055,0.0036504595407681533,0.007450790259160955,0.021400091802887034,0.19518138505203272
71,0.02628609784157411,0.21963789111707133,0.01623247975181937,0.01729161647590636,0.046867451724434725,0.007627155715587618,0.008861362502824691,0.09000309219733083,0.015379604095870655,0.19670625828273103,0.14276846481168243,0.011010162662656895,0.027031414215470097,0.014112084246818542,0.011830370089324195,0.004958362580590076,0.03624370968270273,0.07988824539941976,0.012987526171102798,0.014276650435081781
72,0.04678451557228744,0.062282067347636604,0.12654943906991803,0.16185853800151417,0.03300581515220877,0.06644720065025658,0.09105098739064266,0.023810825933830954,0.023252723422650282,0.051146573982812506,0.03132241871742682,0.02168259689190287,0.010778910891049034,0.060840511585626283,0.011352474903275556,0.04629009278947813,0.04649298611799924,0.030747760218696376,0.025393444028590867,0.02891011733219684
73,0.018247347093939353,0.06399413508134333,0.040787563228665585,0.028085777926951685,0.04727440538880426,0.011087191537503031,0.09656775072309452,0.042483311147342016,0.030671083570267137,0.027593436369367074,0.06497907753313044,0.04009365800951881,0.23523936053746558,0.08708928117109956,0.01069274750388708,0.019487587311298498,0.04960541555535431,0.012972354427230815,0.020492187712751228,0.052556328170985725
74,0.024858018666625823,0.10417667710321683,0.00855633671353557,0.04085253446758712,0.11199993954497435,0.036399834322350375,0.04310217309516431,0.077557993083881,0.007335326338274768,0.1127087586842814,0.10436133098609514,0.029168823969845863,0.004034058593291275,0.029812622390462402,0.0035169846551911573,0.019188388378938805,0.01795759781105931,0.08073243715872451,0.02266899002892048,0.12101117400757953
75,0.013740589888999318,0.03205345875589288,0.03098247885593205,0.04021357587545751,0.024434134511444727,0.5324810908554793,0.02336633634372662,0.03678671367069295,0.03280630752640199,0.009929307284703405,0.027488820294622456,0.024437929464759613,0.009981570384165073,0.027821782865335747,0.032344042114588516,0.010399001604954248,0.011654315769696437,0.014272479626755988,0.03664252851614298,0.028163535790248204
76,0.040603183946765146,0.05477068359347004,0.010371368001317086,0.0023423094950565655,0.06484511357650553,0.0047602656830853605,0.23438244174058787,0.010358786731753727,0.10212762666727296,0.04090370931075658,0.034717357092907415,0.010838667940885751,0.0034698010713485393,0.02462230730428107,0.16072368279869007,0.03712662109227047,0.02210341801285122,0.020900682508300628,0.019485594326411323,0.10054637910548271
77,0.011409067170414558,0.249135823693709,0.01827721199952169,0.02840332080634975,0.013080017354860016,0.03197462575100242,0.01121334127762935,0.031253369226941684,0.019550622189524476,0.06149181281108686,0.016867267876488692,0.009908386513745423,0.005728973724221344,0.013321727387730893,0.007009582672965722,0.005346884826760195,0.23529902896584753,0.19613954991634489,0.02412343864561746,0.010465947189238036
78,0.04813769494635725,0.1533111847907814,0.021185929737364963,0.011444208541432821,0.0388838437909867,0.0086303525810612,0.010513939342340649,0.15740684797209836,0.01820716451458773,0.06219444749562702,0.15031622127306477,0.009056592622760666,0.004861020934081596,0.013124557376043318,0.004907651210866023,0.004306904328566952,0.06151948208919871,0.18818954510244992,0.011018759791027816,0.0227836515593021
79,0.009562283921937956,0.030022074625145476,0.5906264515426929,0.026676839875337602,0.031491154678607844,0.0180829717314297,0.01605489937972008,0.028696964772174434,0.03669732582013788,0.011611976791783465,0.03212923797005734,0.038984887897094075,0.008543113226183206,0.03202114107248907,0.009127361393673568,0.008382988902495855,0.009300891212122278,0.01148413761966193,0.025600561018880197,0.02490273654837513
80,0.007929402014768494,0.02119354816937605,0.017650989356034066,0.020076097041858924,0.037968253334163475,0.00952199613558567,0.029957615504883333,0.18119954190286236,0.02359592856630299,0.415734298532606,0.110997503525946,0.01559455857628995,0.01552215100998334,0.019356510787518842,0.007740275844223478,0.00540017748195462,0.006346991110625111,0.01181223239093962,0.022802127201007244,0.019599801513070392
81,0.01464582156353809,0.07022906708881475,0.023972436795074714,0.037733879811946106,0.023804786697412164,0.5345016819835363,0.02117307793854658,0.020851497932561063,0.03160061749826712,0.0074681628145340856,0.028620006854743585,0.02283508300153337,0.01008446711657264,0.03232080307862451,0.012082224025719185,0.00879547627187404,0.013996506882361382,0.010250872917289424,0.05268917024708006,0.022344359479970863
82,0.25238556869166257,0.44620390197928866,0.014657361182838585,0.01875004733143364,0.011728262431745082,0.007491844967365986,0.01412371543755983,0.015068439623290554,0.015997472096479146,0.0038595229196799513,0.014242660461169529,0.013812761931884679,0.004525168509371956,0.013830226689841931,0.023362598052686836,0.07579875532805683,0.01642268460659581,0.006535297363502283,0.008012964032782595,0.02319074636276343
83,0.008374491625878786,0.035020310388215,0.045872667728775275,0.029817131140123396,0.025431439337262753,0.5916314829914834,0.016709611396794954,0.021064197128655253,0.030779454958501627,0.00929757293334594,0.03181620366485925,0.014344384854823481,0.008375758859903453,0.028232535995490162,0.006738083958151431,0.01684203093228703,0.008517663438769965,0.015427138815600995,0.03673115623026039,0.018976683620817295
84,0.02109225691794235,0.037661839938180924,0.050552050434419266,0.0350540907917321,0.050304778197778344,0.025375303646537995,0.0963945128663729,0.09948731275643397,0.02554747552556366,0.026030844447337356,0.07370718385365288,0.026511291332041657,0.08583813781619498,0.06507802497707843,0.14152001649389823,0.0090458822095557,0.03897643458337638,0.0195693306623048,0.03623097172800354,0.03602226082159456
85,0.015045249491493527,0.05388746338241325,0.04251837270765762,0.01801013456591491,0.057769627888368626,0.12266245492678049,0.1096292487735019,0.07775835392469149,0.028423594098256868,0.023013458778072957,0.043125659563493575,0.08967474118758813,0.02132983440812043,0.07365070173818006,0.02927698753428893,0.029267676707527335,0.031203283611295436,0.016260630221014115,0.024486067244836547,0.09300645924650386
86,0.012570020345974231,0.019679008256501363,0.019308240237831314,0.054373454737204806,0.02580082577235576,0.5140120953084069,0.012685463177120427,0.03416646332801458,0.05770597203545876,0.00899775720026691,0.05389021277011366,0.030618262165832008,0.004893602769954753,0.03525997378977975,0.007344551519136387,0.01716007095416361,0.010458096498895224,0.020257446830745245,0.03984729017024758,0.020971192131996795
87,0.01599571248979751,0.03326681790619127,0.04116022971747871,0.050572829947392296,0.0389517134184263,0.018316862858498636,0.02399619415129138,0.04387370684594709,0.04253371778598091,0.014949985936943846,0.033631217668904145,0.035297635760499414,0.007746686058262209,0.02398412421236446,0.010876075112255171,0.010531860626597113,0.014771515584652749,0.02090048519592414,0.48009338196441437,0.03854924675817841
88,0.19821304227134035,0.1927231696983792,0.01130240679777084,0.018045262678405324,0.012791318584993057,0.08695137137047038,0.007592760387756155,0.010590373052419456,0.020756124528525172,0.004245688740221857,0.016711600444617277,0.013805500619096515,0.002231049989598708,0.01616051941657442,0.009453361809484674,0.32260875136081607,0.019269911317250435,0.00841988751569596,0.01626206458196375,0.011865834834620366
89,0.005890016477073056,0.0533290943694995,0.023854538136939944,0.013658418635503978,0.0914122289955835,0.0055677331400176815,0.029899378508427023,0.010337782063356336,0.013493190991583364,0.0068252723413086015,0.013372109618829755,0.010696815524173193,0.007233177722444377,0.2591711858118936,0.0038761958266189103,0.0038127862768350413,0.005189342467382566,0.005886081358826977,0.05244387519892721,0.3840507765347755
90,0.012706259701302878,0.04725334807857243,0.04770737884833578,0.03847693876562361,0.08009920469781713,0.010304543031774076,0.048125110141913695,0.020231599601081642,0.03955297652275734,0.059117303746691253,0.030355456387923127,0.0204408949491341,0.007547480868608543,0.03322521030046761,0.009327459467752808,0.009906193359732912,0.008938183051598063,0.026774704230824706,0.05818355883377064,0.39172619541431764
91,0.10817096284096768,0.09099264239072828,0.00314098087095433,0.005054572715129351,0.005307012884815848,0.03828279488276475,0.0031938052012595117,0.12404682663481939,0.006915469757975971,0.04927527090727086,0.1527945510867102,0.006757872927643489,0.0017447560535737388,0.004614841491871428,0.0015924460508151437,0.11200475350272034,0.13076925799892425,0.14641849807350307,0.005162073308238906,0.0037606104193135003
92,0.4736360455360549,0.10535432588249428,0.01593692352709555,0.02584074798612071,0.01872109526260636,0.09949935995679154,0.009326447440284463,0.021447847544730978,0.02774395826891273,0.00615862376158505,0.03386083924482622,0.015545474278663695,0.003564064115716415,0.020563926437205685,0.005413687383860953,0.02943894170823725,0.005134510178673047,0.030833812757603676,0.0321379190450031,0.019841449683533387
93,0.08568246895893343,0.059359331382476496,0.00682621542619779,0.013504342877620638,0.006620136581024268,0.13079588483634033,0.02799080955330284,0.03892830400620124,0.010763901259286435,0.00242600018035374,0.011397933848512279,0.017186461696408802,0.001461414172804998,0.012399220386419139,0.003139299353240162,0.13098921204123426,0.37720914513958903,0.04537720470574556,0.010612955577163272,0.007329758017145326
94,0.03753639854539484,0.06158491691994973,0.08704663123582307,0.01070066349028834,0.006122005231773318,0.02137302109454834,0.08202131915394918,0.15801114465016344,0.012239244140243473,0.12914801288785718,0.02986133681581056,0.10140945251462309,0.0021786237877217977,0.08355341622213956,0.0029067834436697086,0.0300486023284061,0.018338138648346488,0.0798677290970649,0.022553451252809727,0.023499108539417113
95,0.04677341302121691,0.02722347652490594,0.003617842800322816,0.005746076675177058,0.011463332955055644,0.050705124572604586,0.025472847985967002,0.03696656170194073,0.09472480882790085,0.07895971270099726,0.08394477745041451,0.100982019650173,0.04868732238797416,0.06129977886549884,0.1295755447327485,0.07161988261686528,0.06910959993108998,0.04390876926345966,0.005751187690693788,0.0034679196449935055
96,0.07776876419258079,0.01762187362501655,0.018499240416646617,0.1317344643989396,0.0812429120760241,0.00743060321776256,0.0812031757057762,0.022299196653813736,0.04109128569284734,0.16010782723544353,0.024041389677541283,0.022780468069988867,0.054727641967040955,0.01752375576371004,0.01744353287443946,0.03445820164685252,0.05447369437017094,0.012071225754609737,0.05393020989496468,0.0695505367658306
