site,A,C,D,E,F,G,H,I,K,L,M,N,P,Q,R,S,T,V,W,Y
111,0.007208390964450223,0.06920002664937662,0.04922584693358601,0.4614613916542329,0.028541883028358597,0.022936813961957684,0.014053363805413973,0.020491608328052323,0.009800730649596311,0.007684353123019623,0.022199242355390017,0.02292060073188868,0.014799494903593344,0.01737332010421827,0.007684353123019623,0.16504206355876325,0.014799494903593344,0.006838309217326081,0.01997931811985101,0.01775939388431201
112,0.03758072357014195,0.019467110068951292,0.12029375397791296,0.27973954873085594,0.012413292886317946,0.04160878110949515,0.007808361654296773,0.016438892947114425,0.057053171611389716,0.040497272771176054,0.0739750182620149,0.07397501826201493,0.0074479757317907685,0.0739750182620149,0.003508104511350725,0.07652588096070509,0.03440698523814647,0.004018507271278173,0.007335127614642425,0.0119314545583895
113,0.007324280353254676,0.021823365950513932,0.018760437396055835,0.02814065609408375,0.03687396315776492,0.007862830379229285,0.01181928421527801,0.02814065609408375,0.033417029111724464,0.03694568704845437,0.02275201982074857,0.020564325607215054,0.6214636531019387,0.03240439186591462,0.007041248760051519,0.01039834971596345,0.008354257277931116,0.01229132105258831,0.015497752631524394,0.01812449036568107
114,0.17107800076097718,0.08220878345800016,0.017359911178888816,0.014618872571695843,0.015431032159012282,0.003967979698031729,0.03267272163074367,0.069254014820403,0.008959954156845838,0.1399851287992003,0.16021978205292525,0.009258619295407366,0.0064595018340051396,0.045508433699964386,0.016517875935542627,0.029806693417520527,0.07776078374279871,0.02402227083100484,0.016989815247986706,0.05791982470904558
115,0.057793147547431506,0.07863013271759389,0.012271964909275259,0.015881366353179747,0.12701790669765164,0.012384245903021038,0.1204023907238156,0.01799888186693705,0.014999068222447539,0.15530318909161442,0.038439711124487894,0.05629202683191381,0.010195213033956608,0.05871864275181701,0.03438838874447262,0.06755043219829658,0.007499534111223773,0.0745348133052192,0.017200341531973657,0.022498602333671312
116,0.01339971270852173,0.013720164941177516,0.01241348256582728,0.00911514005692106,0.052136626776474564,0.0019919805373732153,0.026068313388237282,0.04344718898039548,0.013034156694118641,0.005151950859145951,0.1290453163360722,0.016292695867648303,0.009654930884532328,0.016292695867648303,0.004137827521942428,0.007045490104928998,0.411763138138224,0.14995476898076485,0.04528187002986334,0.020052548760182528
117,0.01069613605484353,0.028710680989316836,0.02479558812713727,0.14719421372623026,0.041961764522847694,0.006905100491101519,0.012339352446762226,0.07792899125671715,0.06950837870405317,0.03811526693351828,0.020980882261423847,0.06950837870405317,0.024898523714884713,0.3144653248980049,0.002215669108372947,0.021950014327595743,0.022729289116542494,0.011132713036673876,0.01759686899345226,0.03636686258646799
118,0.01231410963733153,0.014045375516712706,0.03839104769285712,0.04350985405190475,0.031078467179931964,0.04905389667495781,0.03263239053892856,0.0385810763221387,0.04350985405190475,0.012550919438049445,0.02719365878244047,0.011709128449236971,0.01864708030795918,0.07251642341984124,0.006319938620354967,0.37570234767695776,0.1108364063863312,0.012797015897619042,0.022505096923399005,0.02610591243114285
119,0.029855493860183744,0.008698810985630938,0.026936240790490652,0.03256962966565499,0.032027365955934875,0.015576779405313261,0.09578756861352423,0.0421489325084947,0.03256962966565499,0.011556965365232421,0.031153558810626522,0.04515858973574128,0.025590423308728925,0.03412056441163856,0.010856543221885001,0.01219960461513533,0.06513925933130998,0.011195810197568908,0.025590423308728925,0.4112678062425217
120,0.011898730657781372,0.04230659789433377,0.0380759381049004,0.009935980020772357,0.0380759381049004,0.4378731044001086,0.031729948420750324,0.0380759381049004,0.026259267658551997,0.011198805324970702,0.05857836631523136,0.03461448918627308,0.022397610649941405,0.05076791747320052,0.004657169897816368,0.013598549323178713,0.024565121358000246,0.04717232335304758,0.013422982451457616,0.04479522129988281
121,0.015532742398349198,0.02507513501617201,0.03235987999656083,0.025887903997248666,0.06981738470631478,0.0070134031394025725,0.035301687268975444,0.029870658458363845,0.0431465066620811,0.010355161598899461,0.05974131691672766,0.05177580799449733,0.018061328370173484,0.038831855995872994,0.002650247096204795,0.011814463721355277,0.02353445817931697,0.014382168887360366,0.4478651696000538,0.036982719996069516
122,0.02192091174290762,0.051670720536853676,0.006141751320144399,0.03616950437579757,0.051670720536853676,0.007789481199735117,0.028109069208445057,0.02454647144962353,0.04255235808917361,0.020094169097665322,0.04521188046974696,0.41563830798317103,0.01808475218789879,0.04255235808917361,0.013152547045744574,0.02385470207875818,0.07638146444081162,0.023335164113417788,0.028935603500638063,0.022188062533439763
123,0.019171308597225375,0.041537835293988315,0.03560385882341855,0.03560385882341855,0.031153376470491233,0.015908107133867862,0.037384051764589483,0.43097143190659,0.037384051764589483,0.04568055017169661,0.0059848978514355534,0.029907241411671583,0.016615134117595323,0.062306752940982466,0.01014018051273832,0.013845945097996103,0.0062422311004283896,0.07207418743447888,0.026702894117563918,0.02578210466523412
124,0.10753005106745156,0.17467543884328052,0.01766291339630143,0.008991070492676856,0.021432607499063887,0.005287515028571883,0.016121919504110228,0.0058813804799955705,0.019480652734133193,0.004921428059149438,0.06305129476963334,0.014610489550599891,0.007540897832567686,0.015081795665135376,0.004030479876027556,0.004770772098155066,0.21653980021894284,0.26945482370784846,0.009947567353599926,0.01298710182275546
125,0.00828032008027623,0.006627082526550153,0.022475154503606914,0.01673681718353706,0.030255015677932384,0.0034653321921860876,0.12221171577452905,0.03745859083934485,0.12751690012895353,0.009492656068188715,0.02712518646987041,0.021260281287195724,0.015504835322995703,0.02809394312950864,0.45383831251476237,0.008239638482969694,0.014302371047749854,0.009254475383838142,0.012486196946448282,0.02537517443955619
126,0.007778552913064836,0.01666832767085322,0.014584786711996568,0.01666832767085322,0.00770121188341202,0.006140962826103817,0.011865374461493534,0.01666832767085322,0.023335658739194506,0.2689802801584483,0.2972617751589879,0.023335658739194506,0.0014546905071235632,0.014584786711996568,0.004372691409396763,0.007651035652194919,0.05674997525762495,0.006151743835699955,0.03242855729007141,0.1656172747314361
127,0.00893088898203499,0.014116566455474665,0.018233898338321435,0.0608504925144323,0.03125811143712246,0.03723909910801258,0.0291742373413143,0.06693129589137631,0.251738081909765,0.027134309145152552,0.062212174320426035,0.0432396435562893,0.009310926811057755,0.05508435557609011,0.21602564048260067,0.0196856752621695,0.017678642122208543,0.006946246986027215,0.008580658041563029,0.015629055718561234
128,0.12194238321974535,0.017366628743347493,0.028851109532366262,0.022777191736078627,0.033289741768114924,0.11056779457948387,0.014922987689154964,0.022777191736078627,0.038939584557565736,0.0077279757675981055,0.07092567187270904,0.005853087324223066,0.06501519921664992,0.014922987689154964,0.020267717429055383,0.2486164864978909,0.08880124771054625,0.03309864687393088,0.012728430676043937,0.020607935380261618
129,0.044441769834371335,0.0062248514235030425,0.08236941828862294,0.12526140697579913,0.013005697624519407,0.09247332152772465,0.0640651031133734,0.012449702847006087,0.039312676910479134,0.03319364617601223,0.033696580208982106,0.03901709287355823,0.06608709141761608,0.03251424406129852,0.08257948862154407,0.07001400554532952,0.028314487536714138,0.0024823221664182844,0.01482649529195213,0.11767059755517562
130,0.0353533162301448,0.025904300294321735,0.0050850244856417365,0.025757529904479524,0.0356184129046924,0.007097895368276407,0.23313870264889566,0.15542580176593043,0.035867492715214715,0.030499759642515892,0.03763440776562808,0.0194282252207413,0.0027267684520338674,0.04749121720625653,0.0226073893477717,0.037063075805721865,0.07940231177172534,0.05839114535710357,0.09915094250585216,0.0063562806070521696
131,0.012430234297970624,0.03347882663453251,0.3849726912223603,0.08830151425876669,0.03347882663453251,0.01895796092227402,0.013427309912513511,0.026783061307626012,0.026783061307626012,0.012174118776193642,0.04782689519218931,0.15818143072437002,0.010462133323291413,0.029112023160463053,0.009172281269734938,0.007785773635937795,0.018599348130295842,0.011024824213702747,0.03719869626059168,0.019848988815027536
132,0.15056277684102515,0.28057427467392854,0.008587516338020932,0.009408151441319259,0.038434427629412085,0.0014875826847738634,0.016602620190563407,0.018405986910775406,0.016602620190563407,0.014488859680534143,0.047040757206596305,0.014854975959977784,0.005644890864791557,0.03136050480439753,0.004704075720659631,0.02877684868450549,0.12332935150502353,0.16259796691556488,0.015680252402198773,0.01085555935536838
133,0.026731150614511708,0.06600259155453235,0.00886610043715651,0.005350233022422031,0.17883900740662817,0.009683222926685366,0.27282480595936,0.012957901540157536,0.019394594706279862,0.033952638633737355,0.11861948085189568,0.06150639747876072,0.005746546579638479,0.062431305711524034,0.006602415219159103,0.01369133112309153,0.012486261142304809,0.003597014349467639,0.01103437031180425,0.06968263043088285
134,0.016512498698927926,0.018220688219506675,0.021135998334627745,0.04403332986380781,0.022016664931903903,0.012009089962856673,0.3041163126132899,0.018871427084489058,0.04064615064351489,0.02769231187408706,0.03302499739785585,0.012292300965745497,0.006381556585351617,0.024446311254411966,0.17405528696095218,0.009607271970285339,0.010783672619708033,0.027810524124510193,0.08806665972761563,0.08827694616655211
135,0.04826363542377313,0.06575045985267643,0.014345313991718624,0.01344895769713836,0.026300183941070567,0.013890942222396424,0.11095390100139148,0.05643571492398341,0.030992747929961137,0.06304632711656923,0.07402657071866658,0.06780516172307256,0.0026348535903156656,0.12517876010413398,0.04561006369069697,0.12944621783495672,0.06019919052597978,0.03745376688042072,0.006147991710736552,0.008069239120341725
136,0.15556778477559774,0.024677456605365647,0.038778860379860294,0.01635263025653968,0.038778860379860294,0.06548404195690773,0.038778860379860294,0.030161335851002453,0.04524200377650367,0.01180226185474009,0.038778860379860294,0.03393150283237775,0.18830375025300933,0.04524200377650367,0.008225818868455213,0.042536642638675105,0.008713938219837515,0.05553837737378401,0.04524200377650367,0.0678630056647555
137,0.07400470150032569,0.14241595547551603,0.010756348839154634,0.014341798452206178,0.07396801351122659,0.018653233253549922,0.025815237213971127,0.06453809303492783,0.043025395356618534,0.025815237213971127,0.06453809303492783,0.03226904651746391,0.0053781744195773185,0.06453809303492783,0.021512697678309274,0.06459715752337732,0.09148097690486848,0.014415720012627288,0.07396801351122659,0.07396801351122659
138,0.10310239494928584,0.01866446663451852,0.11468950153527323,0.2068136652740201,0.04666116658629629,0.01879011782173341,0.024885955512691352,0.06221488878172841,0.006138894684731389,0.021289726244920544,0.11354520663957626,0.02333058329314814,0.01696769694047138,0.051611457563443756,0.00622148887817284,0.051611457563443736,0.027034573009422923,0.02254431527983923,0.02333058329314814,0.040551859514134383
139,0.06685915611295193,0.00873653537148648,0.01528893690010134,0.004704288276954259,0.013349269589050979,0.06046433872687796,0.030143511975276403,0.00815409968005405,0.020765530471857082,0.022816521190076256,0.03893536963473202,0.05031647768180754,0.07003784818018505,0.13484378983797238,0.11948690484625958,0.11715152647412667,0.10676771684778161,0.07592397078772745,0.021237474346217464,0.014016733068503526
140,0.04976342477229971,0.06711027611731966,0.0089820064434424,0.009730506980395933,0.024183366482658966,0.0012820430210119917,0.41183523949489426,0.0669232264179203,0.012974009307194575,0.04867143739485113,0.013384645283584061,0.0089820064434424,0.005076786250641356,0.0089820064434424,0.0030433029717202723,0.06293785990112416,0.08111906232475188,0.11217607475765688,0.0015295225870124952,0.001313196604635074
141,0.016328141221588266,0.039459642485327115,0.38514199007222794,0.019239159265959104,0.03354069611252805,0.019828619079696293,0.026832556890022445,0.04192587014066006,0.07453488025006233,0.012656866457557755,0.0447209281500374,0.0184021692056389,0.015600323773268861,0.07453488025006233,0.015971760053584784,0.009065053003385958,0.015245770960240023,0.008160488005110834,0.0670813922250561,0.06172881239798563
142,0.017270518855140388,0.01961546834889998,0.03530784302801995,0.022067401892512477,0.032098039116381774,0.010699346372127258,0.014711601261674983,0.029288179090492614,0.022067401892512477,0.005788170988199992,0.016049019558190887,0.020769319428247033,0.007014180386353182,0.02521988787715711,0.012175118285524124,0.008667666131461785,0.20165770478631762,0.4646406760613312,0.020769319428247033,0.014123137211207984
143,0.015203286587994436,0.028067606008605108,0.036487887811186656,0.014595155124474657,0.19528947222277693,0.008485555304927127,0.019204151479571916,0.036487887811186656,0.03040657317598888,0.20945415018275773,0.039854994331178936,0.04560985976398332,0.01703880802165755,0.009670057048040106,0.006226677963825313,0.00912197195279666,0.016585403550539383,0.17099078213054192,0.018243943905593318,0.07297577562237331
144,0.01039217626659808,0.014655633196484472,0.030082615508573385,0.021169247950477567,0.14547516275374162,0.008793379917890679,0.018437732085899824,0.07590008491499563,0.017861552958215454,0.32776119272819854,0.03380654372730944,0.031753871925716354,0.044636938251075065,0.020759156175845027,0.007956371026242463,0.009072534835918956,0.01039217626659808,0.13523043298235138,0.019052323155429814,0.016810873372438074
145,0.13031508736265213,0.2824948757305068,0.01969354610344084,0.017583523306643607,0.04203731383593454,0.0044866926107395705,0.02344469774219148,0.02461693262930105,0.01969354610344084,0.0072402743027356,0.016977194916759343,0.032822576839068064,0.010047727603796346,0.04102822104883507,0.04135787929510383,0.006653225034946228,0.012308466314650523,0.17172124572544412,0.006344599874651143,0.08913237361915899
146,0.011555197812981529,0.0197209526516538,0.34036021584622095,0.014429965354868634,0.04225918425354386,0.001540650481885712,0.05916285795496141,0.05916285795496141,0.05916285795496141,0.011377472683646424,0.03697678622185087,0.13771468203727383,0.018488393110925438,0.07395357244370175,0.010564796063385964,0.010200492750855415,0.013446104080673043,0.01588386170276653,0.0131473017677692,0.05089179687111275
147,0.013691044307620248,0.02030051397336795,0.03924766034851139,0.03270638362375948,0.02264288097029503,0.00865757213570104,0.02803404310607956,0.3374306508503882,0.023548596209106827,0.09727640172541152,0.06942298271087621,0.02452978771781961,0.013691044307620248,0.019623830174255688,0.0062143994080299655,0.013379884209719785,0.007177702908687123,0.16869270535943112,0.021025532329559667,0.03270638362375948
148,0.017493251863168215,0.12324717332551563,0.13749716727195105,0.021316023948684395,0.015347537243052763,0.4409989526828354,0.02951449469817839,0.015347537243052763,0.022569907710371713,0.005601290964617796,0.01827087767030091,0.023253844307655706,0.011990263471134969,0.021925053204361094,0.00710534131622813,0.030709312653423297,0.014210682632456263,0.007597790714382555,0.016327167279843364,0.019676329798785593
149,0.015580862083436656,0.024141926845410045,0.02483993023454797,0.6237512742831759,0.021301700157714744,0.002927132390819577,0.05717824779176064,0.03292080933465007,0.013825636404366048,0.00683262080530473,0.027159667701086302,0.02263305641757192,0.014882009699225372,0.022171157307009227,0.008761183129382679,0.008554226047586235,0.012345303500493775,0.01394353348412034,0.01975248560079004,0.026497236781547612
150,0.11344219540584652,0.1155687758256172,0.03224575218348696,0.12201095420778847,0.003957292769989179,0.07759134119151545,0.01605121886466906,0.004396991966654643,0.12941295209639428,0.01623737461996073,0.051593203493579126,0.017363097329569893,0.0003061999838051764,0.1425601675480475,0.0563265249150084,0.06406379197349196,0.015297227173201741,0.016000423868261882,0.0020827856684153575,0.003491728914696335
151,0.40668188986187187,0.026451806168525042,0.01757156182907966,0.009225069960266818,0.016772854473212397,0.07147865844650321,0.010853023482666846,0.01757156182907966,0.01845013992053364,0.0028917479704772112,0.009710599958175596,0.014192415323487412,0.027933737637074248,0.009461610215658275,0.0036900279841067265,0.21174668553302467,0.07292007027000369,0.027601884697591346,0.008021799965449408,0.016772854473212397
152,0.1063563900686674,0.018003670499479887,0.00938960501040359,0.007269371620957618,0.042002492113092725,0.10043018600451818,0.0775965305072645,0.00834631556480319,0.02351410015371652,0.0033634406007415846,0.007770707594816765,0.22632321397952157,0.02398438375913645,0.14200672249695467,0.0024494621766270237,0.12874588962110947,0.012552493735408163,0.022991564594745044,0.007511684008322871,0.029391775889712767
153,0.008228364467762407,0.029116194941561566,0.013794611019484041,0.005682095943458616,0.03234598445947982,0.061592840635465704,0.06818515132150336,0.21780811448679419,0.0058444415418431464,0.08117598023004068,0.13400479276070207,0.0030439908293518263,0.006392357936390944,0.012507113990998858,0.0018112944694276315,0.11701729139489486,0.040618901546062326,0.14475826378470907,0.0058444415418431464,0.010227772698225508
154,0.06837255156834765,0.08488383598529783,0.05149203285872844,0.03978929811810836,0.019098863096692013,0.05222345378001722,0.08530898171223185,0.007191473123085023,0.009645890452874749,0.020537111557673297,0.020759633800752186,0.09449958303050734,0.11891191372393882,0.0057931311269296005,0.0021122664720812636,0.1414267300379536,0.03232880472096304,0.04620692684683552,0.03120729264165362,0.06821022534532863
155,0.023089593689061216,0.023057764672373113,0.08978627847998007,0.13236112654776908,0.017869767621089164,0.011028515250471977,0.027491950186291025,0.21778779288202418,0.01838052198527318,0.0737127914369928,0.06498097316759696,0.010642034993804247,0.01861434127196788,0.07644813666561504,0.0029265596232961677,0.0320055539482194,0.06537719861374083,0.07904943197985917,0.00731639905824042,0.008073267926334256
156,0.028315888139183197,0.04391270111188643,0.01756508044475457,0.03430871185537781,0.01756508044475457,0.006593892185453547,0.021956350555943215,0.31088031417821393,0.032934525833914825,0.017925984752187204,0.009520996213571912,0.032934525833914825,0.010754130884543614,0.020267400513178352,0.008782540222377285,0.012254707287038072,0.014241957117368571,0.30124407704367084,0.022910974493158136,0.03513016088950914
157,0.09076990336661991,0.02140363368062918,0.18346503929700858,0.2443584362160212,0.047563630401398146,0.10275111704032738,0.01712290694450334,0.08561453472251672,0.005654893767839014,0.012230647817502386,0.030576619543755967,0.019457848800571984,0.010440796917380086,0.03567272280104863,0.00679480434305688,0.009512726080279634,0.01189090760034954,0.007642474177513658,0.028538178240838902,0.028538178240838902
158,0.01783168400261109,0.04178837223071451,0.03863977928447186,0.3781509574562889,0.03861887168217501,0.0019045049906959144,0.034553727294577646,0.04376805457313168,0.07604729733612241,0.009514794472419931,0.03282604092984876,0.03647337881094306,0.013968528055254793,0.09402383751910762,0.013130416371939504,0.014125646951227437,0.019894570260514402,0.014778668846272587,0.025250800715268275,0.054710068216414595
159,0.06432368906001877,0.18449363167541552,0.01549460882384872,0.024348671008905125,0.02367832705994638,0.02553545075092257,0.013110822850948913,0.002703183983371126,0.006312618409716144,0.0307818251779303,0.03830317612638384,0.026046159765941015,0.015841852815265393,0.21705133138284186,0.006745056522257692,0.05595592171232953,0.09788656704752496,0.12021304507357394,0.02170513313828418,0.009468927614574215
160,0.00988151501206632,0.023292142528442045,0.04347866605309183,0.031056190037922725,0.027174166283182387,0.007267801321264403,0.02608719963185509,0.04658428505688409,0.04347866605309183,0.023300139978813993,0.04658428505688409,0.05016769159972133,0.012366994555857408,0.13533390728518657,0.3717121121929564,0.010869666513272957,0.018633714022753635,0.012787842956791712,0.01918176443518757,0.04076124942477358
161,0.009226353718043787,0.16056439436019468,0.01828628224087325,0.2403669463554277,0.0350487076283404,0.007935556444152543,0.020027832930480226,0.008144056593852363,0.023538993229662648,0.008411689830801695,0.046731610171120534,0.02213602587053078,0.007160697380861889,0.02213602587053078,0.009346322034224107,0.044204822370640745,0.24114418553736983,0.01106801293526539,0.038234953776371344,0.0262865307212553
162,0.10006628179771744,0.03064184526871724,0.010213948422905746,0.32748964951980253,0.03075144832491385,0.007396307478655884,0.0400198850085723,0.042452361974789216,0.03574881948017012,0.1222933452013773,0.03638773883553362,0.03574881948017012,0.004591917457916396,0.04093620618997531,0.01092902223209232,0.017798350517380566,0.008579716675240828,0.029010184279455595,0.053623229220255184,0.01532092263435862
163,0.029932740057960726,0.07252933167890484,0.008311443644665536,0.0059625573972600585,0.031429377060858764,0.02930587327156319,0.19048107309611376,0.010158431121257876,0.11544620918814495,0.012325245906219123,0.1008844201953491,0.04190583608114501,0.004648773563965468,0.05096655739598717,0.1566762865469728,0.03837088013955725,0.031566051500190324,0.04554982182733155,0.008311443644665536,0.015237646681886815
164,0.16783336636369334,0.19993413763861517,0.006048669591673017,0.009617822947630176,0.005875850460482359,0.0013153088781645576,0.008226190644675302,0.09765122938720007,0.008226190644675302,0.07596180034863709,0.05792113116844436,0.04027977131913491,0.0018527456406926357,0.014961057918535827,0.0013802333296435072,0.07184787116692208,0.1047274054297508,0.11794856978903945,0.0036079783529277647,0.004782668979462386
165,0.00344012710038776,0.01004879231955372,0.007792940982511048,0.010320381301163278,0.05170289186474487,0.0037436677268925626,0.005505678844393562,0.05195181784839192,0.01157133661039519,0.22103026783413388,0.4921255305300082,0.00909176447959622,0.03990056528511334,0.006472103527848158,0.004707584946178151,0.0024957784845950413,0.0036367057918384894,0.047859711994296325,0.008301176263979158,0.008301176263979158
166,0.07051100075777976,0.07326593822376613,0.04973552894937835,0.08568985096077104,0.0027959188191200106,0.07243735399380814,0.054140858214470906,0.006981750543179179,0.0064528348453293805,0.0029835687994533696,0.024774276638318167,0.13873594917458168,0.021361346872098057,0.16185860737034527,0.0071937158831264555,0.10469306136571067,0.071301303504248,0.013646158935204761,0.006767607276808863,0.024673368872501846
167,0.16042473552181702,0.20626037424233623,0.006361147519713342,0.006361147519713342,0.009126863832632186,0.008269316264011187,0.007774735857427418,0.02786234390779751,0.018458725355772913,0.06891348444323593,0.12105378995287756,0.008073764159636164,0.002915525946535281,0.006361147519713342,0.0017906437302322707,0.06754725706181769,0.18998815795688753,0.06098443656212722,0.004284038125521231,0.01718836452019468
168,0.08942609491526961,0.2123590132178516,0.006502515149920613,0.005932475189026635,0.01021823809273239,0.002480863252394308,0.01505845613665826,0.2019638167666281,0.008415019605779617,0.1601275247561876,0.0778526405892272,0.011444426663860278,0.003011691227331652,0.0058389931958470805,0.0024453903127906584,0.0028900067332980504,0.004972593973420767,0.16536605447014777,0.0073361709383719725,0.0063580148132557105
169,0.07217910168915301,0.04234077661586923,0.16719178458574002,0.09032766496059391,0.010135295856381054,0.09918771422882558,0.1599540449932837,0.01566363905077071,0.01148666863723186,0.0024267609796968714,0.00957222386435988,0.13172686058270425,0.003313462106893805,0.026345372116540852,0.0009959754831310689,0.10331518477074843,0.028815250752466545,0.013492961790347974,0.003697437409875872,0.007831819525385359
170,0.1563719509224401,0.027013675573086406,0.17351091929069334,0.07088500288973977,0.015023371619335944,0.038545226543547376,0.07216510474524508,0.020031162159114595,0.013063801408118214,0.004115992224475601,0.020031162159114595,0.02999490930842932,0.08200580084686944,0.009692497818926418,0.003755842904833986,0.06858666979919989,0.06485816793586234,0.0328805386379991,0.010360945944369619,0.08710725726859903
171,0.004328446421174223,0.007044854682269931,0.009378300579210817,0.009701690254356018,0.09602059265961231,0.002977533039983528,0.02009635838402318,0.008038543353609272,0.009701690254356018,0.0031003693216572516,0.007604027496657419,0.01339757225601545,0.004768627413158042,0.008827060048784046,0.0010715481393397382,0.0029615686039613106,0.006116282986441838,0.004328446421174223,0.15833711620123317,0.6221993714829821
172,0.0038745146269861305,0.022508164155178697,0.03425155414918497,0.01875680346264891,0.009759636808216347,0.009068771324242605,0.028968283145331036,0.02326049570799621,0.028135205193973372,0.43269062802749775,0.24948840038949335,0.03938928727156272,0.002438487234068724,0.02625952484770848,0.005757468370960714,0.011585084491636094,0.00875317494923616,0.009174384295406766,0.014588624915393601,0.021291506633277148
173,0.06683239095208862,0.05426662136963671,0.12275350066946054,0.19139563329539194,0.007961727723745177,0.058301357881948256,0.05881801541999335,0.013954274066478013,0.03891577591761643,0.010499819670786233,0.06314661395739543,0.09377272172673222,0.003199572823561146,0.028471170095646498,0.014845997970553465,0.07706502443025331,0.06568620604046461,0.01599437261420872,0.006986822288184543,0.007132381085855055
174,0.01349926285489898,0.021878115661388,0.03339291337790801,0.0072082267260392,0.031723267709012605,0.00991352115906644,0.025378614167210083,0.06059425289161775,0.35647836554807333,0.009761005448926956,0.03524807523223622,0.02445760281936156,0.011971044418495322,0.02422005008145169,0.2557189874117888,0.008936131749017636,0.008969564326659638,0.01762403761611811,0.021148845139341736,0.021878115661388
175,0.018274816644237687,0.030926612782556092,0.018499523025570258,0.01098409179643234,0.01171636458286116,0.0012214174661956706,0.22456621534000187,0.033882746029390405,0.09614927803028492,0.007343305318232495,0.02196818359286468,0.12696188405470393,0.009012588140662432,0.026803064411548606,0.1992155027922053,0.06319910488075123,0.042759355102985064,0.02481765223291538,0.012553247767351245,0.019145046008249005
176,0.017391495391917672,0.04521788801898594,0.04844773716319923,0.07536314669830994,0.03229849144213282,0.019949068243670272,0.020553585463175435,0.04239177001779932,0.029489926968903877,0.005759865149442719,0.05217448617575302,0.03083037819476314,0.37987935400950285,0.06694887668277195,0.009553074933588581,0.005789608474699126,0.012696932757145738,0.013043621543938256,0.035698332646567854,0.05652236002373244
177,0.07158077722659756,0.08180660254468293,0.02982532384441565,0.046292664759723545,0.027268867514894313,0.10464509974433206,0.10140610107101321,0.011012427265630398,0.0062753587684561156,0.05163203603229988,0.1855797928096974,0.014316155445319514,0.0033617993402443483,0.03272264101787317,0.010787270179066194,0.06049079765627963,0.12760051592567392,0.01866507126537535,0.004271766307664635,0.010458931280760194
178,0.12873246554211148,0.05867241586480033,0.015534184746942214,0.14822505060581137,0.015424247699158384,0.06899042927751933,0.13539788276492387,0.03305195935533939,0.011568185774368788,0.00492263224441225,0.023136371548737576,0.0977873597746672,0.003921418906565691,0.0550053898732503,0.0032133849373246638,0.02450278783359847,0.11918303729145431,0.017526182896387958,0.010059291977711987,0.025145321084914428
179,0.012270863391611478,0.033265624644817485,0.036045661212858696,0.038448705293715954,0.31720845027040356,0.011090972680879602,0.048060881617144946,0.030567527190909036,0.07209132242571742,0.0022423967711150392,0.03392532820033761,0.04119504138612423,0.017476684224416342,0.04119504138612423,0.01341233905594743,0.03128290120208688,0.026215026336624515,0.011147815079583297,0.15468258433345525,0.028174833296126876
180,0.12518582952027407,0.36951734451339135,0.015269636538447122,0.025253629659739468,0.022850854626012024,0.008969656938622938,0.038623198303130955,0.02735809879805109,0.02626377484612905,0.008639399620437185,0.015269636538447122,0.0312663986263441,0.013131887423064524,0.0312663986263441,0.0034131207922079923,0.007044873502474743,0.01727879924087437,0.12298958689711136,0.011372768371881004,0.07903510661701528
181,0.011764939001803544,0.0411772865063124,0.03294182920504993,0.07320406490011094,0.038755093182411667,0.010457723557158707,0.029947117459136294,0.3664773559474323,0.0549030486750832,0.012200677483351822,0.011937272481695632,0.019964744972757523,0.018301016225027736,0.043922438940066554,0.01478300842028757,0.012918364394137224,0.009430967017919968,0.10041678426192895,0.059894234918272594,0.03660203245005547
182,0.013319487832563981,0.043510326919709005,0.03435025809450711,0.01247757000555488,0.06526549037956351,0.013053098075912704,0.016734741122965004,0.029666131990710685,0.3637718478585601,0.011061947521959917,0.05995524771171454,0.013672333916849995,0.009192322588670919,0.0210930059648733,0.005370612650575816,0.01231424346784217,0.00719294344998333,0.014188150082513805,0.217551634598545,0.03625860576642418
183,0.0020860881720204025,0.03342724653512858,0.0401126958421543,0.01910128373435919,0.03646608712923118,0.008022539168430862,0.030855919878580235,0.3058235368297379,0.026741797228102868,0.033980392981081985,0.09381384792519482,0.02865192560153879,0.008720151270033545,0.022284831023419056,0.009783584351744954,0.010841269146528191,0.013370898614051434,0.22615203378704182,0.02865192560153879,0.02111194518008121
184,0.13505389301431706,0.06752694650715854,0.05075615957264588,0.04155504400440526,0.04441163962606514,0.04220434156697408,0.0465703079359714,0.03947701300094679,0.023686207800568078,0.19440857503894007,0.014287612189260439,0.09951339485265466,0.0031850354937888697,0.06193819297665968,0.004699542239491459,0.013175989562372398,0.0277033626696035,0.00990579062125942,0.03552931170085211,0.04441163962606514
185,0.07992692712644538,0.16480248902914854,0.03665369920793566,0.09774319788782843,0.02114684218389506,0.055995533967693314,0.012217899735978553,0.03258106596260948,0.04887159894391421,0.013963313983975491,0.04887159894391421,0.03258106596260948,0.013328617893794784,0.03665369920793566,0.013848447368753694,0.10570492668590208,0.04262769446743755,0.09774319788782843,0.007380055693150088,0.037358127859249794
186,0.21094137550295824,0.049449320676541196,0.13944328411684498,0.035320943340386574,0.035320943340386574,0.01766047167019328,0.0123623301691353,0.041207767230451,0.06181165084567649,0.002038028626760245,0.041207767230451,0.049449320676541196,0.13966114081382916,0.023181833986825762,0.009202815613657305,0.002404022457063915,0.014543917846041528,0.01766047167019328,0.06181165084567649,0.035320943340386574
187,0.06344322080213112,0.0027155060257907713,0.01586080520053278,0.08459096106950817,0.05493876519117031,0.06344322080213112,0.0025556751392724164,0.08459096106950817,0.0507545766417049,0.016918192213901638,0.03625326902978921,0.02861589852290876,0.03172161040106557,0.1268864416042622,0.04229548053475409,0.020784144959933148,0.0507545766417049,0.03625326902978921,0.04229548053475409,0.1443279445853874
188,0.00244782111187168,0.026957147124288185,0.026957147124288185,0.0373252806336298,0.030326790514824207,0.010782858849715273,0.16174288274572907,0.052573315925451634,0.04852286482371873,0.011553063053266366,0.0693183783195982,0.013114287790194253,0.013916629824147713,0.0346591891597991,0.013114287790194253,0.10270587222376473,0.2734097542319334,0.008985715708096063,0.0373252806336298,0.024261432411859365
189,0.09236367367598196,0.17156866683483782,0.011190095837857638,0.01398761979732205,0.01678514375678646,0.21120883281727135,0.009873613974580269,0.01701185360088951,0.025823298087363784,0.005595047918928819,0.015985851196939488,0.027222734662817643,0.06238447002505348,0.017668572375564698,0.0031590348378616557,0.1878706985509839,0.06554040869752903,0.007460063891905091,0.018650159729762736,0.018650159729762736
190,0.032335997143696275,0.028309065671201387,0.017134434485200835,0.24416569141411196,0.005923878074294826,0.035998787836695995,0.006272341490429815,0.06587433050933172,0.01744040652957942,0.002176118476271568,0.01744040652957942,0.2963212971561977,0.036066126709556216,0.04308806319072564,0.0020347140951175987,0.02113525117012454,0.06023098767878491,0.047642086129582824,0.005612095017752992,0.014797920691764353
191,0.07280632391260868,0.18817634488181925,0.018205530197910432,0.02503260402212685,0.02503260402212685,0.057334980081179314,0.026701444290268637,0.00871659639628657,0.011872875752673064,0.10085038325899631,0.22755971747301212,0.04368379434756518,0.013350722145134315,0.013811091874276881,0.006086605177152442,0.008706992703348466,0.10188031381938607,0.003463548136158352,0.013350722145134315,0.03337680536283579
192,0.02031001922847282,0.03723503525220017,0.06093005768541846,0.05585255287830025,0.04188941465872519,0.01675576586349008,0.05155620265689255,0.013672658566999379,0.035275296554715944,0.00831538055316971,0.3774512944132167,0.08377882931745038,0.018617517626100085,0.05585255287830025,0.008834271782177551,0.015586758942781467,0.00847362342321788,0.0034402575632793437,0.01914944670113152,0.06702306345396031
193,0.0123293156765366,0.03248706101171277,0.02158929819167174,0.388379926830589,0.04013107536740989,0.0027440301492366297,0.04873059151756915,0.062020752840542544,0.13276936371530124,0.009475392795082891,0.042639267577873,0.042639267577873,0.010495819711476433,0.023633692537793,0.011563191207558783,0.01033679214009043,0.01843860219583698,0.010003259477149754,0.03411141406229841,0.04548188541639787
194,0.10191131168041395,0.030058791007532906,0.008220677636287472,0.10099753778531054,0.10305871202582709,0.005402159589560337,0.06348416660790948,0.00493803259195809,0.02404703280602632,0.04809406561205264,0.059024535069337344,0.10581783732029987,0.0019384873464294626,0.0918159434411914,0.013116563348741634,0.03865198717140132,0.10704837287347378,0.023271322070348054,0.021008398403845756,0.04809406561205264
195,0.013685738190802496,0.025254908645483704,0.025254908645483704,0.02136953808464006,0.033494043466963996,0.005144518427783718,0.0347254993875401,0.19285516874532357,0.011171348551383914,0.22747595820817215,0.15726337542803698,0.025254908645483704,0.0061734221133404625,0.014621262900016883,0.004833881253831623,0.0061734221133404625,0.016004490283522545,0.15278608356596224,0.007937257002866308,0.018520266340021383
196,0.05150074686134713,0.13139844543149595,0.07767123197277095,0.11415160943768987,0.11071535679876052,0.02209439944766286,0.045087701863748615,0.015461979053172818,0.008737962721052272,0.0586140124228732,0.04757529920795544,0.05839930908066487,0.002871510395589237,0.07897179296135365,0.0019706443891298686,0.09879216452812473,0.0034068767405296026,0.0027735325505960583,0.02189974090524933,0.04790568323023291
197,0.0350410754640926,0.037695702393190526,0.021728566860948755,0.018731523155990304,0.07317401052795808,0.005557849206039796,0.008357141100364906,0.05408513821631684,0.09756534737061079,0.1829682401465234,0.028590219553879942,0.02716070857618594,0.006910878772084929,0.006615730523482679,0.3115403397726665,0.0068761287534647945,0.008487721430058107,0.025386901611740554,0.020892852750912266,0.022633923813488287
198,0.006333259959572041,0.024999710366731733,0.01319429158244175,0.014843578030246966,0.024999710366731733,0.003682127883472117,0.012499855183365867,0.017592388776589,0.019791437373662624,0.2707743622552236,0.30665913047002036,0.02794085276281782,0.03403279171229225,0.019288431033182323,0.012448022813971973,0.006883978216926131,0.00833323678891058,0.015568208260076362,0.02417126432660601,0.1359633618371588
199,0.042046638243291475,0.08894481166850121,0.006663750489136002,0.012275329848408425,0.009717969463323334,0.004664625342395201,0.006383427529550647,0.20597745860073963,0.013738204921201294,0.01610067673177358,0.07277302772877371,0.008042457486888279,0.0024618676157526754,0.13290894411157297,0.03251892303073717,0.042354672223095816,0.10790026333555883,0.17015529188756756,0.01423116986696019,0.010140489874772176
200,0.0058201083422731595,0.10219354262227887,0.014217693236124434,0.015550601977011098,0.013095243770114609,0.007117134873988185,0.10055889048476015,0.01951448091232765,0.040012954660250906,0.003273810942528652,0.014854306366100153,0.016868449602181528,0.003062272389319108,0.011990825620827835,0.5739497344032226,0.009385754796848977,0.005687077294449773,0.007655680973297771,0.016052234298850165,0.019139202433244424
201,0.14776155809375438,0.02722977222323929,0.009370052321028638,0.014055078481542955,0.018271602026005838,0.008084634011012379,0.02596327118960026,0.015086765691254202,0.13256962402827557,0.01320091997984743,0.05832123621881375,0.031897733175794606,0.004105977983372098,0.10586747648862865,0.20962276896090565,0.02327755598216191,0.1046379437105133,0.02287747256460678,0.0057639385574159525,0.022034618312226535
202,0.006582277419727829,0.04385036954948936,0.014943869844464636,0.02676792817355984,0.49879795362544155,0.010566287436931514,0.23164382471914316,0.012547466331356174,0.017457344461017286,0.004723752030628208,0.015443035484746062,0.01384548008977233,0.003980618735834709,0.006531536899967051,0.0030254536180598945,0.006177214193898425,0.00669198204338996,0.009559974347699942,0.032310798615413215,0.034552832379458914
203,0.010598202861220606,0.033600700180186585,0.029265125963388317,0.008710111930244855,0.06480135034750269,0.5194314673208075,0.019722150105761692,0.039444300211523384,0.027491481965607203,0.012777731054437153,0.03489303480250146,0.03489303480250146,0.009969438515000414,0.030240630162167926,0.018512818366218205,0.011631011600833817,0.015376591607881993,0.013567499527928675,0.03018028387178464,0.03489303480250146
204,0.011190142726499307,0.0384544753087037,0.027290272799725214,0.08302105513655283,0.040285640799594354,0.48268936456823025,0.02349995713309671,0.03678254159962963,0.03253840218428775,0.010192752491463631,0.04229992283957407,0.030214230599695763,0.009505600638106532,0.030214230599695763,0.004872610010579354,0.010444425392487425,0.014099974279858025,0.013428546933198119,0.026437451774733802,0.03253840218428775
205,0.34991467583461994,0.07307434541571653,0.009709595370668886,0.005633853612973412,0.014240739876981033,0.12112971413673687,0.007120369938490517,0.008900462423113145,0.008215811467489056,0.0022021762696362414,0.007628967791239839,0.007911522153878352,0.002483849978543203,0.009709595370668886,0.001237913227509648,0.11986176567057577,0.2317826893654758,0.0038144838956199185,0.004746913292327009,0.010680554907735774
206,0.00313027785809109,0.00660080330945295,0.005728999098770486,0.009201119764691993,0.1951454306495168,0.003162884919112872,0.003098336247294242,0.40044839989967385,0.009201119764691993,0.1742358474930011,0.043526438938211426,0.0044005355396353,0.0016868719568601984,0.007061324470577575,0.002530307935290297,0.0017921875226248995,0.002864499549385242,0.09875511727485022,0.006325769838225745,0.021103727970041904
