site,A,C,D,E,F,G,H,I,K,L,M,N,P,Q,R,S,T,V,W,Y
111,0.00855016380231863,0.07570450081401342,0.08886045213564941,0.49180519533188716,0.01978909545294755,0.002588023061566761,0.009743693417284975,0.014207555709808499,0.006795192669691345,0.005327833391178188,0.015391518685625875,0.01589166192264118,0.010261012457083916,0.012045536362663728,0.005327833391178188,0.1765428958982793,0.010261012457083916,0.004741241273534123,0.013852366817063286,0.0123132149485007
112,0.041476798251441765,0.03372407053731374,0.11485556901548101,0.3146167357373495,0.009074887886567106,0.03582530296254945,0.005708397218969631,0.017086862405572292,0.04268194782729405,0.03554566266852628,0.0640757340208961,0.07048330742298571,0.005444932731940262,0.06434615924751426,0.0025646422288124423,0.06849475016026821,0.04470400047969494,0.015659968797812406,0.005362433751153288,0.008267836647857558
113,0.005497837582757634,0.01638131198127785,0.014082180475133588,0.02112327071270038,0.027678768520090154,0.005902090346195696,0.008871930322980363,0.02112327071270038,0.0250838839713317,0.02400424863308539,0.01707838908686414,0.01543623629005028,0.7146337301826567,0.02432376627523074,0.005285385074774563,0.012758548630952016,0.006270970992832927,0.009226256173363387,0.011633105609892965,0.013604818425129062
114,0.14960200847055397,0.09100214340144297,0.01107159769080478,0.020246888364435885,0.009841420169604249,0.0025306509007553784,0.0394554747614648,0.08585398075922956,0.007394927494597436,0.13133981813649181,0.156905237004778,0.00590485210176255,0.004119664257043638,0.05495583984632596,0.019946934462740533,0.022496542627150982,0.06714205007597937,0.052344487191828305,0.015387635156971271,0.052457847126038404
115,0.04923718404934885,0.07620040388589702,0.007713143306410868,0.009981714867119946,0.1136242708831127,0.022156732822206978,0.13847958013879363,0.011312610182735936,0.01367699556926357,0.15012411654172683,0.047786487899964765,0.07833188371487314,0.01074177519805091,0.07388572627233739,0.02065855076732123,0.05595134551062368,0.006838497784631784,0.07864272452326553,0.020515493353895353,0.014140762728419925
116,0.0364318868626452,0.009938106186193106,0.008991619882746146,0.00660248839398641,0.037764803507533806,0.0014428772675925282,0.018882401753766903,0.031470669589611505,0.009441200876883453,0.004259022344265046,0.13324577538516064,0.011801501096104318,0.006993482131024779,0.011801501096104318,0.0029972066275820485,0.005103351825342406,0.43779450867649494,0.16698196808326826,0.04353070398771965,0.014524924425974538
117,0.007418396424431717,0.01991253777084303,0.017197191711182617,0.17569145118979684,0.029102939818924423,0.0047890913626078176,0.008558063173608606,0.05404831680657393,0.06854302233910783,0.045278200499572666,0.014551469909462213,0.09139069645214373,0.007314441094395048,0.3354223000811502,0.04062944775074287,0.019240146621503945,0.0157640924019174,0.007721188115224849,0.012204458633742504,0.025222547843067836
118,0.00932721948484692,0.03151398930795147,0.02907897839393452,0.03295617551312579,0.023540125366518415,0.08947725238542178,0.024717131634844344,0.02581280642245822,0.03295617551312579,0.009506589090324745,0.020597609695703616,0.008868981537341994,0.01412407521991105,0.054926959188542984,0.00478698471744201,0.4377168567179656,0.10357909402548406,0.009692992797978174,0.01704629767920299,0.01977370530787547
119,0.025834275240014522,0.00752717333419681,0.023308214621124982,0.028182845716379478,0.04008477353154415,0.013478752299138015,0.006645686953791865,0.03647191798590286,0.028182845716379478,0.010000364609037882,0.026957504598276026,0.04457809988825536,0.02214366449144102,0.029524885988588028,0.009394281905459828,0.010556447162546381,0.056365691432758956,0.009687853215005445,0.02214366449144102,0.5489310568187179
120,0.009796791198244802,0.03483303537153707,0.03134973183438336,0.008180765193620147,0.03134973183438336,0.5548726562952532,0.0261247765286528,0.03134973183438336,0.021620504713367836,0.00922050936305393,0.04823035666828209,0.028499756213075784,0.01844101872610786,0.04179964244584448,0.0038344696065391306,0.011196332797994061,0.020225633441537657,0.021140738244054526,0.011051780237468977,0.03688203745221571
121,0.012244232819497061,0.017759544933942193,0.02550881837395221,0.020407054699161764,0.07875386061575955,0.005528562741436006,0.027827801862493323,0.02354660157595589,0.03401175783193629,0.008162821879664706,0.04709320315191178,0.040814109398323535,0.014237480022670999,0.030610582048742657,0.0020891508815968204,0.00931316832094955,0.018551867908328877,0.011337252610645426,0.5430491930385146,0.029152935284516814
122,0.01730069736210943,0.04078021521068652,0.004847270136815041,0.02854615064748056,0.04078021521068652,0.006147712213113593,0.022184592740000342,0.04605654100874257,0.033583706644094775,0.015858972581933643,0.0356826883093507,0.506110616708388,0.01427307532374028,0.033583706644094775,0.010380418417265657,0.01951080830643453,0.04782518932274669,0.01841687138547133,0.02283692051798445,0.03529363130886066
123,0.015923636568915333,0.034501212565983215,0.029572467913699906,0.029572467913699906,0.02587590942448742,0.013213230344419106,0.031051091309384903,0.5504378900237727,0.031051091309384903,0.05957634188949292,0.00497103981217718,0.024840873047507924,0.01380048502639329,0.05175181884897484,0.018321172434216642,0.011500404188661073,0.0051847801060793475,0.00526019060686404,0.022179350935274927,0.021414545730610277
124,0.1422449138845036,0.163643082922164,0.011627075699726527,0.005918607813692936,0.012803930620839864,0.0016922630259976143,0.010612676079725268,0.032784273239286725,0.012823650263001364,0.004198051138308089,0.07219547775977825,0.00961773769725102,0.004963993650194076,0.009927987300388151,0.002653169019931317,0.004554074663882117,0.20962543680111925,0.2730162513020663,0.0065482469428092055,0.008549100175334242
125,0.006805881639036622,0.005447028478435762,0.018473107305956544,0.013756569270393171,0.02486764445032612,0.0028482764568655465,0.00990118698179575,0.03078851217659424,0.17040334862699136,0.010106655648562977,0.022295129507188934,0.01747456096509403,0.012743960742824646,0.02309138413244568,0.5737425508071509,0.006772444026302937,0.011755613740154167,0.007606573596570342,0.010262837392198082,0.020856734055112226
126,0.00803239419684742,0.011871233872903118,0.010387329638790231,0.011871233872903118,0.005484826623166872,0.0043736124794906215,0.008450555928791114,0.011871233872903118,0.016619727422064367,0.2946560087064299,0.2945211205510722,0.016619727422064367,0.0010360350218548287,0.010387329638790231,0.0031142441761421286,0.00544909095805389,0.04381305925553142,0.004381290747450615,0.0219065296277657,0.2151534159869846
127,0.006879238471839761,0.010873635003875752,0.014045111880006178,0.0029611790092240672,0.024077334651439165,0.04898333431361558,0.022472179008009883,0.048910928465885004,0.2985339602719512,0.036352717103022625,0.05002159673773051,0.009932977146713932,0.007171972023832943,0.057460354407078376,0.2639465741399949,0.0215783507937728,0.04881899230429127,0.0053505188114309245,0.009590378130565685,0.012038667325719583
128,0.15476238037625523,0.03431617469325579,0.01929733854022119,0.015234740952806204,0.02226615985410138,0.1437499988185765,0.009981382003562687,0.015234740952806204,0.03706493983801072,0.0051689299661306755,0.04500742694615587,0.04794902546160952,0.04500742694615587,0.009981382003562687,0.01853082037289652,0.2561763030550198,0.07171915188167925,0.026254332385257588,0.008513531708921114,0.013783813243015138
129,0.05078475861243139,0.01832414696763573,0.08318581004355269,0.1104063028367554,0.02925433989569915,0.09663489800725446,0.06175916200203154,0.008412686311277602,0.036093016754434014,0.03555431501183051,0.024062011169622678,0.03761272272304177,0.05170534493193338,0.03761272272304177,0.08464290407969234,0.06352370948780389,0.03308526535823118,0.0016773892490638859,0.022233298320731353,0.11343519551393548
130,0.03402762289176772,0.02708567445721336,0.003267374915211973,0.013473721789504825,0.037524944820931015,0.006640169502805083,0.23699965150061691,0.15167977696039484,0.040107633330873624,0.0293530708546256,0.04924455658500291,0.011849982575030843,0.0033263108982542725,0.04213327137788745,0.01723633829095396,0.04083686302779861,0.07213032871757907,0.05773849526593714,0.10460674273130678,0.02073746950630398
131,0.010156684516402531,0.02735538783543246,0.48497936522157215,0.07682292786542975,0.02735538783543246,0.0016822301563781136,0.015922274363823208,0.02188431026834597,0.02188431026834597,0.00994741375833908,0.03907912547918923,0.13843224266066306,0.008548558698572645,0.02378729376994128,0.007494626804228073,0.01384870366146375,0.015197437686351373,0.00900833071229041,0.030394875372702745,0.016218513065095693
132,0.1585095466829787,0.24305873266764114,0.006144901908919796,0.006732117352162454,0.03805799114782446,0.0010644579083793147,0.011880207092051388,0.03168603274577356,0.011880207092051388,0.02620898251645882,0.033660586760812274,0.01062965897709861,0.004039270411297472,0.022440391173874846,0.003366058676081227,0.024551387138145572,0.16835236894728392,0.17874907750019395,0.011220195586937423,0.0077678277140336
133,0.026922119918622464,0.07308638813611734,0.005792517809182671,0.0034954848848516118,0.1798420341362441,0.012002954563404677,0.24996152878290248,0.008465827335593618,0.012671132707587095,0.038783927106012084,0.11762895472136584,0.04356627952643179,0.0037544096911369166,0.061909976169139916,0.004313577091944543,0.01815579941207787,0.03869373510571245,0.0017387207334171972,0.010258339074537718,0.08895629309371782
134,0.012243146463174898,0.013509678855917131,0.022743222688350096,0.0326483905684664,0.0163241952842332,0.008904106518672654,0.3468679063446633,0.0139921673864856,0.030136975909353596,0.017953412779742908,0.024486292926349795,0.044933383246907786,0.004731587469712912,0.03202334785745537,0.15237824747929543,0.007123285214938123,0.007995524220848914,0.02062003614850509,0.0652967811369328,0.12508831149999428
135,0.05250576373690951,0.0587564498960654,0.009447354094969492,0.01682571065205509,0.020564757463622886,0.013034001209338453,0.09639730061073229,0.05867629557274147,0.034012343723548166,0.06933120089133561,0.07514669749048239,0.08097373251301514,0.001735228303157662,0.1376256845642455,0.03820067276428543,0.12338854478173737,0.06120089731594082,0.04098758274779047,0.00587564498960654,0.0053141366784203396
136,0.19242070939207842,0.019795879625642124,0.03110781084029477,0.01702128076526991,0.03110781084029477,0.07706975200965706,0.03110781084029477,0.024194963986895933,0.036292445980343896,0.009467594603567973,0.03110781084029477,0.05928496601666652,0.22218484688709209,0.036292445980343896,0.006598626541880707,0.025788407817841967,0.002235706511001174,0.05619001556967944,0.036292445980343896,0.054438668970515844
137,0.08766800737732,0.16783843230988005,0.00826842545231314,0.011024567269750853,0.08761652643253788,0.01666931015880886,0.019844221085551537,0.049610552713878826,0.03307370180925256,0.019844221085551537,0.049610552713878826,0.02480527635693942,0.005994229725352858,0.049610552713878826,0.01653685090462628,0.07441112762506998,0.0962443373496027,0.006096054050730206,0.08761652643253788,0.08761652643253788
138,0.08196877438294381,0.011178319776238795,0.11394313275576085,0.19794304923334163,0.027945799440596983,0.02988472128588391,0.03273700182396694,0.05456166970661157,0.01731829434495738,0.012276375683987602,0.1800535100318181,0.013972899720298495,0.010162108887489814,0.0595218214981217,0.003726106592079598,0.03720113843632606,0.023383572731404956,0.019789872119360976,0.013972899720298495,0.05845893182851238
139,0.06265696734985707,0.012276676625780183,0.009864474751475609,0.0030352230004540327,0.008184451083853454,0.053921089493622745,0.033265833437597904,0.005261053200786991,0.022279894617156622,0.019826516740620546,0.03341984192573494,0.06169816970904911,0.06963479583480563,0.1353462386958817,0.11880871204511859,0.1242092140809291,0.11148981907671515,0.07758177589902751,0.028645578793487086,0.008593673638046128
140,0.04862322120775619,0.07357040813863462,0.006389295457845971,0.006921736745999801,0.02109591876035787,0.0009119734774734437,0.3936165526342168,0.060200178638174326,0.009228982327999737,0.06840929390701626,0.015050044659543581,0.006389295457845971,0.0036113409109564177,0.006389295457845971,0.006526983467405702,0.06945210494433274,0.07844265701337866,0.12212036238029651,0.0010880165561455957,0.0019623378567739324
141,0.008964975297981223,0.029181290095209513,0.43992115425241385,0.014227789517775109,0.02480409658092808,0.013839891062596872,0.019843277264742464,0.0310051207261601,0.05512021462428462,0.00936003644563324,0.033072128774570775,0.007159934584570719,0.011536789107408412,0.05512021462428462,0.01181147456234671,0.006703809886737321,0.01127458935496731,0.006034863794930875,0.04960819316185616,0.16141015628060215
142,0.011874218225920472,0.014672303389281592,0.02641014610070687,0.016506341312941795,0.024009223727915335,0.00800307457597178,0.011004227541961197,0.04116437164602064,0.016506341312941795,0.0043295321476568656,0.01200461186395767,0.02261325470383924,0.005246582993849018,0.018864390071933478,0.00910694693127823,0.006483384688846338,0.2338914664209477,0.4912101438445079,0.015535380059239335,0.010564058440282749
143,0.012292677201342155,0.02269417329478552,0.029502425283221174,0.011800970113288472,0.17130347187154943,0.006861029135632831,0.015527592254326933,0.04282586796788736,0.02458535440268431,0.2608232438176131,0.013672789562713401,0.036878031604026466,0.002078210921290198,0.007818762681484234,0.005034604971957727,0.007375606320805292,0.013410193310555082,0.24175893207678345,0.014751212641610587,0.05900485056644235
144,0.007763593895168463,0.01094865805728886,0.022473561275487657,0.015814728304972794,0.20697896887901912,0.006569194834373313,0.013774118201105337,0.0674931420257671,0.013343677007320798,0.3782609817466218,0.013893629652314712,0.02372209245745919,0.00187498315226504,0.015508364563989192,0.003758781852203282,0.006777740702131198,0.007763593895168463,0.15648817919244845,0.014233255474475515,0.012558754830419575
145,0.1566852134120322,0.3679549193915985,0.016614596809712986,0.014834461437243738,0.020069814999393965,0.003785229351027449,0.019779281916324984,0.020768246012141233,0.016614596809712986,0.006108307650629773,0.014322928284235334,0.027690994682854977,0.008476835106996422,0.03461374335356872,0.002482271433220951,0.005613039462740873,0.010384123006070615,0.20117607647964633,0.005352665704926886,0.046672654695921
146,0.009723231009121184,0.01659438301753263,0.4411457957649618,0.012142231476243387,0.035559392180427064,0.0012963949888300016,0.04978314905259789,0.04978314905259789,0.04978314905259789,0.009573682510114978,0.03111446815787368,0.154213796534561,0.01555723407893684,0.06222893631574736,0.008889848045106766,0.00858330156079274,0.01131435205740861,0.009079114522793336,0.01106292201168842,0.012571468610066356
147,0.009756234439288086,0.014466140720323713,0.02796787205929251,0.023306560049410428,0.016135310803437986,0.006169383542490997,0.019977051470923223,0.3716888007158621,0.016780723235575508,0.12305333827534369,0.10990206081670502,0.01747992003705782,0.009756234439288086,0.013983936029646257,0.006432502996757644,0.009534501838395177,0.005114829134964913,0.16020525074263395,0.014982788603192418,0.023306560049410428
148,0.016088133705216178,0.034533811423577594,0.08290519013422526,0.01960384758834173,0.014114770263606045,0.625858530277151,0.027143788968473165,0.014114770263606045,0.0207570150935383,0.005151376008615344,0.01680329793286434,0.021386015550918246,0.011027164268442222,0.020163957519437205,0.006534615862780576,0.010645401023452605,0.013069231725561152,0.006987510031488141,0.015015713046389408,0.018095859312315443
149,0.012107398977549295,0.017400158232602957,0.01790324025648881,0.6963347361872558,0.015353080793473197,0.03736460835580748,0.04121090107721753,0.023727488499004034,0.009964749816485452,0.00492457308469895,0.019575178011678327,0.016312648343065273,0.010726124937905934,0.01597973715239047,0.006314573552154301,0.006165410397379001,0.008897808187126514,0.006403356392774478,0.014236493099402421,0.01909773464553983
150,0.11182182123009876,0.11284044996364546,0.04030016070130195,0.12961403036364685,0.002533552064271523,0.08154485641904065,0.0225680899927291,0.0028150578491905813,0.12224382079394924,0.008726378655277445,0.04997219926961443,0.015190060572029197,0.00019603644363457926,0.14550479074259542,0.057455458467727746,0.0673242485323124,0.011496451107300137,0.014283601261220944,0.0013334484548797494,0.0022354871155336976
151,0.44601180864893586,0.016780023965619013,0.01173677511523788,0.0061618069354998865,0.011203285337272523,0.09307319959596677,0.007249184629999868,0.01173677511523788,0.012323613870999775,0.0019315184358438013,0.006486112563684091,0.009479702977692135,0.02665412960288614,0.006319801985128088,0.002464722774199955,0.21829547967754187,0.0760755801935978,0.01945510024999306,0.005358092987391206,0.011203285337272523
152,0.11271533720247164,0.016805174246405506,0.006907526805693502,0.00534776268827884,0.02185151126628052,0.10612595508946945,0.08450279173999005,0.006140023827283113,0.016461582806491563,0.0024743379602484186,0.005716573908160137,0.21880187146961705,0.028969867449227884,0.14912257365880596,0.0018019635145287395,0.14673312482508882,0.018529661148467793,0.019314923826283442,0.0055260214445548,0.026151415122652618
153,0.013169319752447598,0.034489037507946824,0.008831190892817805,0.0038249728178261348,0.027610160032717733,0.0614803751927197,0.04589967381391361,0.2269508891284243,0.00393425775547831,0.08661360298725153,0.14584080960139115,0.0020490998912798576,0.004303094420054402,0.016013892818976284,0.0012192951649497188,0.1218108465538179,0.036863487479530235,0.1482767853608915,0.00393425775547831,0.006884951072087044
154,0.08543897010135944,0.07786108508973094,0.04181797408911382,0.03808422640258579,0.012186952448827455,0.0587131823706531,0.05845868953829109,0.0048112962992062375,0.009232539733960196,0.025275663438489027,0.022077812407296112,0.08886319493936687,0.12345316610116505,0.01410526903799474,0.0014131652425202073,0.15682051640245898,0.029471516445145507,0.054055031023024995,0.039826641989632205,0.058033106899178365
155,0.02966410284675781,0.014353633006256123,0.06830392870554053,0.13487485442908206,0.016686098369772744,0.027968574880785194,0.01711394704592076,0.2190050411032673,0.0037825675091154704,0.05840134429420459,0.055620327899242476,0.010112786890771358,0.02317513662468437,0.10354066525119156,0.001904907159966672,0.03486647420549528,0.07325604162339253,0.09735238395128007,0.00476226789991668,0.005254916303356335
156,0.002733490221934386,0.052998857679521824,0.014576288694994118,0.010805866707847358,0.014576288694994118,0.02355641821932814,0.01822036086874265,0.2746304443393403,0.027330541303113978,0.01228562553033697,0.007900948128843548,0.027330541303113978,0.008924258384690275,0.016818794648070137,0.00728814434749706,0.010169503740693569,0.034377637413743896,0.3873108619114739,0.01901255047173146,0.02915257738998824
157,0.09083510830659616,0.01987677038818596,0.16044801050213717,0.3519873347989107,0.04417060086263547,0.045086053370278614,0.015901416310548765,0.07950708155274384,0.005251492651672767,0.011358154507534834,0.028395386268837086,0.018069791261987236,0.009695985555212663,0.0331279506469766,0.0063100858375193525,0.008834120172527092,0.011042650215658867,0.007097285754874398,0.026502360517581276,0.026502360517581276
158,0.04155724908177085,0.05237846122468598,0.11904544091982612,0.3850543381675449,0.025527272256611153,0.008848658565696546,0.02284019096644156,0.02893090855749264,0.03336171900565166,0.006289327947281008,0.031427076734811585,0.0241090904645772,0.009233268688561481,0.11366494497681448,0.008679272567247792,0.013279046507666863,0.013150412980678473,0.009768775906604906,0.01669090878316883,0.0361636356968658
159,0.05736574699521585,0.17330873040034858,0.008156281501476431,0.012817013788034392,0.023633008690956633,0.025486578000051264,0.006901468962787748,0.028903991185289826,0.0033229295006015082,0.021269707821860964,0.0344068803000692,0.02599630956005229,0.006277619644695764,0.30329027820060994,0.0019504151416574072,0.049563685927912236,0.07945226360310252,0.09998580600020111,0.027079489125054465,0.010831795650021788
160,0.007975991757854699,0.018800552000657507,0.035094363734560687,0.025067402667543346,0.021933977334100428,0.005866299182397204,0.02105661824073641,0.03760110400131501,0.035094363734560687,0.0251916027297387,0.03760110400131501,0.04049349661680078,0.009982178494543036,0.12942522945302687,0.466296038298944,0.008773590933640168,0.015040441600526004,0.010321871686635493,0.015482807529953239,0.03290096600115064
161,0.02621198258261581,0.11286037178554736,0.013515126406221475,0.27449514280824244,0.025903992278591158,0.0058650548555300745,0.014802281302052094,0.00601915429694691,0.01739732903514946,0.00621695814686188,0.03453865637145488,0.01636041617595231,0.00529236774234684,0.01636041617595231,0.0069077312742909765,0.08601790281993565,0.27536801297783486,0.008180208087976159,0.02825890066755399,0.01942799420894337
162,0.10204493230873483,0.04920023522028286,0.007520849172109857,0.2870013721183168,0.04056372376439865,0.007917279230850116,0.037829515842635206,0.051022466154367424,0.026322972102384493,0.13959034778203194,0.0255112330771837,0.026322972102384493,0.0011131576029273487,0.06696698682760722,0.011772577667815828,0.017469648737636664,0.013776065861679204,0.03728793251491176,0.039484458153576735,0.011281273758164784
163,0.041582313914443655,0.07954511467439118,0.005744937223625401,0.0041213680082530044,0.04136345963068342,0.038678781516299776,0.19428291644714943,0.010954664407397757,0.09015177031747465,0.014598868104947088,0.08170559927048578,0.03446954969223618,0.0032132699725362416,0.05217012926392503,0.16791178096271303,0.05651944978831241,0.02513180951133833,0.03896557791296264,0.008356254470845136,0.010532384909979903
164,0.15791666392154372,0.22799257617761576,0.003987112819548813,0.006045118924844383,0.0038731953104188463,0.003116922070939494,0.005422473434586384,0.1147483385103344,0.005422473434586384,0.07736644745719898,0.04069638293769926,0.03797574709197113,0.0012212778005825191,0.009403518327535706,0.0009098109789574472,0.06965164156558426,0.10824494430363327,0.1204744762761703,0.0023782778221870106,0.0031526008340618515
165,0.002518267565729929,0.007355992099895318,0.005704646934612696,0.007554802697189785,0.04393939672557297,0.0027404676450590404,0.004030308199833358,0.09270890490093961,0.008470536357455215,0.24934232187403366,0.46176144749859316,0.006655421423714812,0.037343547374688764,0.004737757623661392,0.0018352871634536795,0.0018269784300393604,0.0026621685694859245,0.046658368664040474,0.006076689126000481,0.006076689126000481
166,0.06605034405305457,0.06483318923481866,0.048043282595843714,0.09628842772360274,0.0019277283049190137,0.07484365989725462,0.048796574483235,0.004813772863479016,0.006344586322873046,0.002725861191602468,0.02923041555895082,0.13227501182232296,0.018950872604008594,0.16888684545171592,0.01010434118087189,0.1113814971041061,0.06876402567245297,0.011926435492176658,0.004436052225748634,0.029377076216962672
167,0.1673207981958856,0.19463847953398936,0.004209479065281624,0.004209479065281624,0.0060396873545345035,0.006242700374515122,0.011213739561629018,0.07644719915990834,0.010328285792397269,0.07135917263050875,0.12344894230714472,0.005342800352088215,0.0019293445715874104,0.006116585215434009,0.0011849555874048046,0.06639714214122443,0.17886931219879953,0.04744927645285665,0.002834955288863134,0.014417665150665879
168,0.07554072874938457,0.26235138629340893,0.004428970231866269,0.004040706620084531,0.00695981036436128,0.0016897568465210678,0.010256562642216622,0.19604279415331646,0.005731608535356349,0.16642195432961784,0.06312620484765599,0.007794987608084633,0.0020513125284433243,0.0039770344939207315,0.0016655956427531267,0.0019684312141627857,0.003217874146455951,0.1734069451529718,0.00499678692825938,0.00433054867115813
169,0.0672699291016445,0.0440007762873244,0.18638277545297413,0.08895434728989862,0.006658670036111834,0.10012076979977179,0.1466692542910813,0.010290671873991016,0.007546492707593413,0.001594329445266214,0.00628874392299451,0.1469780316685362,0.0021768728964211767,0.01642695648060111,0.0006543343381586157,0.11595498692189019,0.02823383145103316,0.016223753736977337,0.0024291363607347465,0.005145335936995508
170,0.15618119756785784,0.033807170258015655,0.17596765702664624,0.06126494094832979,0.009891152678127582,0.044362304504109766,0.09031344054641323,0.013188203570836773,0.008601002328806593,0.002709904843322625,0.013188203570836773,0.013859891037611398,0.07799797138099326,0.009269707973972034,0.0024727881695318955,0.078371167416309,0.06087748306294609,0.03955587188846541,0.006821484605605229,0.10129845662126295
171,0.00305656188365113,0.004759068329042487,0.00662255074791078,0.006850914566804256,0.11608892630400296,0.0015817168144417926,0.01419118017409453,0.005676472069637811,0.006850914566804256,0.0021893468860931585,0.005369635741549281,0.009460786782729685,0.003367398685378363,0.006233288497653095,0.0007566810075737569,0.00209133181512972,0.004319054835593987,0.00305656188365113,0.17713491940073903,0.6203426890075188
172,0.0028093455999959223,0.01632029248074473,0.02483522768808981,0.01360024373395394,0.007076549029845486,0.006575614049739232,0.013817425855317365,0.016865795476894232,0.020400365600930913,0.507687308807167,0.2657542538736599,0.02856051184130328,0.005228516586135737,0.019040341227535514,0.004013003095970764,0.008400150541559789,0.006346780409178506,0.006652192244534519,0.010577967348630844,0.015438114508812585
173,0.07266516031076675,0.049057659417575374,0.11570626449434135,0.2032049802897076,0.00531152713906944,0.051041332379369926,0.05425731917151193,0.012014120673691928,0.0536196141131798,0.005635868783775921,0.056065896477229,0.0941907060817447,0.0021345389437381866,0.026608966112317327,0.01568683113870656,0.07962020801499975,0.0760546073951976,0.01770501994017758,0.00466113606081604,0.004758243062083041
174,0.008841513276736485,0.014329349103676371,0.021871111789821825,0.004721119440745882,0.020777556200330737,0.006492986312603355,0.01662204496026459,0.03968697381433243,0.3681833527317069,0.00639309421548638,0.02308617355592304,0.07379761617337616,0.007840587245407824,0.009754025446434915,0.3261507931625841,0.00585283273248753,0.005874729822889768,0.01154308677796152,0.013851704133553824,0.014329349103676371
175,0.015732125772389482,0.03993539619145023,0.012411879001068526,0.007369553156884437,0.007860856700676735,0.0017722360777568218,0.21047033127926465,0.024411223564845805,0.07112865181562766,0.01185297147234824,0.043263345874071074,0.12751301941831475,0.00604681284667441,0.0519160150488853,0.20907297208060027,0.08059622428149896,0.03245445128479219,0.019228153721809367,0.008422346465010786,0.01854143394603046
176,0.029790145210617448,0.03750844368972315,0.04018761823898909,0.06251407281620525,0.026791745492659388,0.01654784280428962,0.01704929258623779,0.035164165959115444,0.0244620284932977,0.004777834328033174,0.04327897348814209,0.02557393887935669,0.49864567851770825,0.027132003194560654,0.007924319089378127,0.004802506551558003,0.010532163447210072,0.010819743372035522,0.0296119292287288,0.04688555461215393
177,0.06311987427284942,0.06015472880966331,0.03759670550603957,0.04714775085438352,0.0429676634354738,0.10806633918975107,0.11279011651811872,0.01735232561817211,0.004067002056633832,0.04437643928581719,0.18380611580730455,0.009023209321449498,0.0021787511017681243,0.036092837285797985,0.0006139563553074399,0.0711689749297425,0.12161716911518886,0.029310046957805626,0.0017716568176766334,0.006778336761056388
178,0.1183324986066964,0.06257656957937224,0.013179086600495203,0.16215662147967355,0.008918492855476107,0.07098180824894841,0.1758373289990505,0.01911105611887737,0.00668886964160708,0.002846327507066842,0.01987726327815354,0.07730046830393043,0.003000712731253797,0.0683280925186528,0.0018580193448908555,0.023077288225459597,0.11832282582462336,0.027592216553084463,0.005816408384006156,0.014198045198681102
179,0.008889262545090775,0.02409829380028579,0.026112208726204147,0.027853022641284423,0.37016140372082745,0.008034525761908967,0.03481627830160554,0.022143737232047163,0.0522244174524083,0.020711036669829676,0.024576196448192138,0.02984252425851903,0.01266046483694747,0.02984252425851903,0.009716170688820148,0.0028371659851410304,0.0189906972554212,0.008075703549456933,0.21931487755841506,0.04909948830907572
180,0.11330569216891212,0.4378954005975997,0.01149277474511727,0.01900728130923241,0.017198819650286502,0.00675106093566882,0.029069959649414272,0.020591221418335106,0.019767572561601703,0.006502490974211087,0.01149277474511727,0.023532824478097267,0.009883786280800852,0.023532824478097267,0.002568903872987134,0.005302362244702226,0.013004981948422175,0.11449838366542703,0.009856350261072561,0.10474453401489722
181,0.00947454498445925,0.03316090744560738,0.0265287259564859,0.05895272434774644,0.031210265831159885,0.008421817763963778,0.024117023596805367,0.4695460700436868,0.04421454326080983,0.00982545405795774,0.009613328645582836,0.01607801573120357,0.014738181086936607,0.03537163460864787,0.007817910411535232,0.01040342194371996,0.007594949811855073,0.10522007110435261,0.04823404719361073,0.02947636217387322
182,0.010683455312096106,0.03489928735284728,0.027552068962774165,0.010008159715570349,0.052348931029270906,0.010469786205854183,0.013422802828018183,0.023794968649668596,0.46398142890623884,0.0088727001744527,0.06039730788447714,0.024363817788647112,0.007373088877362101,0.016918532413278363,0.0043077257153032586,0.009877156797975644,0.00576940276355496,0.01138020239766759,0.17449643676423637,0.029082739460706063
183,0.0017105586270145048,0.027409802569670908,0.03289176308360509,0.01566274432552623,0.029901602803277354,0.007543124423653407,0.025301356218157763,0.36063474055530076,0.02192784205573673,0.04497195039148478,0.0232726032031367,0.02349411648828935,0.007150383279044584,0.018273201713113942,0.00802238123990368,0.008889665698271645,0.010963921027868364,0.29117267155412585,0.02349411648828935,0.017311454254528992
184,0.16699266430161344,0.09108690780088008,0.035218943052584835,0.028026740861809243,0.03081657517101174,0.05123638563799505,0.06281855710405519,0.027392511263121536,0.01643550675787292,0.21821118025027703,0.009913961266726097,0.08629286002188637,0.0010046946874140632,0.07119668056374151,0.00326094235457221,0.013329791385494642,0.02335561738484104,0.007939644826282002,0.024653260136809383,0.03081657517101174
185,0.11078350490755239,0.20768234173226827,0.029363327674223307,0.07830220713126217,0.016940763681128332,0.05721927498732778,0.00978777589140777,0.02610073571042072,0.039151103565631076,0.011186029590180308,0.039151103565631076,0.02610073571042072,0.010677573699717566,0.029363327674223307,0.016885429968639978,0.12552449753082415,0.03282474219483034,0.07830220713126217,0.013011690444106766,0.041641627208941594
186,0.24152092517804435,0.038701616370282,0.17070353590833887,0.027644011693058572,0.027644011693058572,0.013822005846529286,0.0096754040925705,0.032251346975235004,0.04837702046285249,0.0015950674546262472,0.032251346975235004,0.038701616370282,0.17096814827222628,0.014090924141680504,0.007202603282175539,0.023624548937163835,0.011382828344200591,0.013822005846529286,0.04837702046285249,0.027644011693058572
187,0.04860232337605341,0.0020802837612347597,0.012150580844013355,0.06480309783473788,0.191186319034095,0.04860232337605341,0.0019578411687271387,0.06480309783473788,0.038881858700842736,0.01296061956694758,0.027772756214887662,0.0219219506217128,0.024301161688026707,0.09720464675210684,0.03240154891736894,0.039301802614041724,0.038881858700842736,0.027772756214887662,0.03240154891736894,0.17201162386131283
188,0.008673416154413133,0.0204976792048086,0.0204976792048086,0.028381401975888825,0.02305988910540967,0.008199071681923438,0.12298607522885158,0.07415932173175038,0.036895822568655465,0.008784719659203685,0.05270831795522209,0.01303486809929582,0.010581928882616658,0.026354158977611047,0.021919932769742873,0.14307852142516167,0.3265253223794837,0.006832559734936198,0.028381401975888825,0.01844791128432774
189,0.10774245371985981,0.1945295917780344,0.007320351447207311,0.00915043930900914,0.010980527170810968,0.2001294830022622,0.006459133629888804,0.022796484291053853,0.016893118724324564,0.003660175723603655,0.010457644924581875,0.02669060994298294,0.06306875339699111,0.011558449653485228,0.014957443281028396,0.19424197281627373,0.07008196139977264,0.0048802342981382075,0.01220058574534552,0.01220058574534552
190,0.041249198709930754,0.029354434666456795,0.014805964853695312,0.24550981721036597,0.006251407382671353,0.041115025478338535,0.009928705843066267,0.06728926601856638,0.012056285666580468,0.0015659391772746495,0.016075047555440626,0.2819782786055891,0.03255891176893423,0.039714823372265076,0.0014065666611010547,0.02853672717209475,0.06779479285521219,0.046656845343839876,0.005922385941478126,0.01022957571709858
191,0.10198915288130507,0.14827653765051277,0.013333473950960907,0.01833352668257125,0.01833352668257125,0.053544305262685166,0.01955576179474267,0.006383912455582663,0.008695527010217566,0.13779139526211417,0.25973489411237954,0.04589511879658727,0.009777880897371334,0.010115049204177242,0.00445774392160579,0.006376878846111738,0.10064607756565068,0.0025366538820532185,0.009777880897371334,0.024444702243428335
192,0.015037357483112622,0.027568488719039802,0.04511207244933787,0.04135273307855971,0.04541250875377702,0.012405819923567912,0.038171753610978194,0.07962261377310555,0.026117515628564025,0.02181527599856283,0.4395143786582268,0.06202909961783956,0.013784244359519904,0.04135273307855971,0.006540816204907515,0.01154029760331899,0.00627379536960611,0.0025471360824951502,0.014178079912649043,0.049623279694271646
193,0.03655715978085121,0.028603556040070036,0.019008512357231173,0.5321512086993816,0.035333804520086505,0.002416008641749203,0.042905334060105056,0.054606788803770075,0.01064975184754356,0.008342703845020427,0.03754216730259192,0.03754216730259192,0.009241148874484165,0.03069699739116673,0.01018092672612662,0.009101131467295012,0.016234450725445153,0.00880746931631811,0.030033733842073536,0.04004497845609804
194,0.10006281542722646,0.02108214190192423,0.005018226662908614,0.09276142436846663,0.0903520367225324,0.009637550583736788,0.05059714056461814,0.00301437033680678,0.01873968169059932,0.05838131603609784,0.06516298406049308,0.11652920437685715,0.0011833293212500232,0.13032596812098612,0.009199480102657845,0.03238121647964042,0.10204522377399071,0.024482487369976522,0.012824357027433123,0.056219045071797945
195,0.008970159677717042,0.017318454845529276,0.017318454845529276,0.014654077176986312,0.07317761842348114,0.003527833394459667,0.023812875412602758,0.18903277041875227,0.00766070858408784,0.24135952605043678,0.16853194129646176,0.017318454845529276,0.004233400073351601,0.010026473857938003,0.003314815167153815,0.004233400073351601,0.014432324465103914,0.16293356822002078,0.005442942951452059,0.012700200220054803
196,0.04828779843682006,0.12234892174973766,0.05696673991575745,0.1159343495592032,0.13216704510002525,0.026473790056447826,0.039183641606125134,0.010055212342154124,0.009995468994626387,0.07276962012566097,0.04593944188304327,0.054377298555438984,0.0018673965778286234,0.06281967168412632,0.001281546671058859,0.11207765424482143,0.00221555526183057,0.0018036797642923307,0.029907514205491433,0.05352765326551023
197,0.03805180374778755,0.024560709691753786,0.01491474784310051,0.012857541244052164,0.07946111959096815,0.00533982732260271,0.00573644147811558,0.07047855824590216,0.14303001526374265,0.16075223553671533,0.01962466821460593,0.018643434803875633,0.003107239133979273,0.004541116456832858,0.33090916824063543,0.004719856912373579,0.005826073376211137,0.027568143531560382,0.014341103695288949,0.015536195669896365
198,0.004232140796717324,0.01670581893441049,0.008816959993161093,0.00991907999230623,0.024368609152350354,0.0024605469748356546,0.008352909467205245,0.011755946657548125,0.013225439989741641,0.28135576432419085,0.34616574017881646,0.018671209397282312,0.010170518504682034,0.053600129015348275,0.005689946512840961,0.004600153039910136,0.005568606311470163,0.013253820673000022,0.030866904926310453,0.1302197551578722
199,0.05100473336834075,0.09710516545126412,0.004240217614814477,0.007810927185184563,0.006183650688271111,0.002968152330370133,0.0074646608982745595,0.18739593332700097,0.018680086010308405,0.015494340957624737,0.0735645192812607,0.00511750401787954,0.0015665133991247732,0.13154332884228953,0.027715002726868478,0.05309100756594687,0.10435709948314359,0.1852972963925088,0.012947355393501885,0.006452505066022029
200,0.00387609552228491,0.12745655180698584,0.009468747633010283,0.010356442723604994,0.00872121492514105,0.004490519843404786,0.11774265688671802,0.012996320280602347,0.042267664662585566,0.002180303731285262,0.009892721407622682,0.011234107361198639,0.0020394225671099067,0.007985690774827948,0.5910197894030679,0.005948782433993525,0.003787499053204113,0.005098556417774767,0.01069052152114064,0.012746391044436915
201,0.13871741322023712,0.05392216519993973,0.006495559059818336,0.009743338589727504,0.012666340166645754,0.004478677159965142,0.025707078758110808,0.024896495193665876,0.09378659459931041,0.013693072356516225,0.06415643935129203,0.047374473711375625,0.0028463685767743272,0.09846993099011983,0.22462349746930746,0.02585221559792525,0.10501972697047576,0.02416184451581999,0.003995709098959363,0.019393059414013415
202,0.004276357047998158,0.05397263548592957,0.009708694887610182,0.01739051866185918,0.5430996445771663,0.00686467841915494,0.23140878408181248,0.00815180562274649,0.011341642605560334,0.00306891505797515,0.010032991535687989,0.008995095859582334,0.002586118132207826,0.004243392077751272,0.0019655689175612,0.004013196614275197,0.004347629665464796,0.006210899522092565,0.03976931035805337,0.028552120869510852
203,0.00794475805686624,0.02518817925722735,0.021938091611133505,0.04671284025884535,0.048577202853224186,0.6032466715998783,0.014784366085763879,0.029568732171527754,0.02060851030136783,0.009578603379508992,0.02615695538250532,0.02615695538250532,0.00747341582357295,0.022669361331504614,0.01307649000086264,0.008718985127501775,0.01152679389737523,0.017460713278219513,0.012455418818103718,0.02615695538250532
204,0.008236557578492452,0.028304598768057,0.020087134609588844,0.10571493685728969,0.02965243680463115,0.551986269178495,0.017297254802701504,0.02707396403901105,0.023950045111432852,0.007502423769846435,0.0311350586448627,0.02223932760347336,0.006996642392103979,0.02223932760347336,0.026224398187703255,0.007687668801200669,0.0103783528816209,0.009884145601543716,0.019459411653039195,0.023950045111432852
205,0.35463357822034464,0.08559282221603565,0.006431380975412434,0.007731602280896377,0.00943269209727157,0.12521897534061588,0.004716346048635787,0.005895432560794732,0.005441937748425906,0.0014586637263822018,0.005053227909252627,0.005240384498484206,0.0016452369937101578,0.006431380975412434,0.0008199612112228004,0.11102941460254138,0.25048159886789084,0.002526613954626314,0.0031442306990905246,0.007074519072953678
206,0.0021368925128306625,0.004506055950969005,0.003910916485746685,0.0062811689013507355,0.18140099821904623,0.002159151809839315,0.002115087487189533,0.4176974952543451,0.0062811689013507355,0.1839419001676542,0.047137338600053154,0.003004037300646004,0.0011515476319143012,0.004820431947548238,0.0017273214478714521,0.0012234415832405121,0.0019554582428733423,0.10823315689583415,0.00431830361967863,0.015998127040018045
