site,A,C,D,E,F,G,H,I,K,L,M,N,P,Q,R,S,T,V,W,Y
111,0.0062102795913244295,0.18672727550304022,0.13412709826172212,0.4343659471749341,0.017495033056949456,0.0022880049834472843,0.008614150092787123,0.012560536553707298,0.04174796496292161,0.004710201207640238,0.013607247933182905,0.014049411774657992,0.009071498622121938,0.010649150556404014,0.004710201207640238,0.05587124361079313,0.009071498622121938,0.01099093479819313,0.012246523139864615,0.010885798346546325
112,0.06276359672838572,0.08240842594115531,0.07209270945486958,0.0890076114953349,0.0025733989207271527,0.019405560619972395,0.005183363940804048,0.03568446503408318,0.03053315824888288,0.036192168749774725,0.20072511581671784,0.06272659869272436,0.02161655093410808,0.06827035412318151,0.019930078585037973,0.06056361253090626,0.0679222005731348,0.039836622651330686,0.0015206448167933173,0.021043762142075265
113,0.005652579476041628,0.016842379663307705,0.014478536903545218,0.021717805355317834,0.02845781391386474,0.006068210319868217,0.012812651544958063,0.021717805355317834,0.025789893859439923,0.0030680848007083963,0.017559076670256968,0.01587070391350149,0.7341411811525771,0.02500838192430538,0.005434147289171472,0.00349906689372463,0.006447473464859981,0.009485937971288248,0.011960530485537356,0.01398773904240809
114,0.09283849513047086,0.07762496108973563,0.008355464561742378,0.022535946425003377,0.03713539805218835,0.0019098204712554012,0.020567297382750472,0.09548413395327565,0.02768651441030322,0.10095913977417223,0.11816513445944574,0.008912495532525204,0.003109010069485537,0.038196409425108026,0.03595132305356114,0.06332562615215277,0.06275471758522586,0.09382372609981902,0.0481274758756361,0.04253691049614302
115,0.041574859049924126,0.0989877596426765,0.004724415801127743,0.00611394986028296,0.007995165201908487,0.048232090271170196,0.09960643314044323,0.05543314539989885,0.011548571958312256,0.09174532448209362,0.06983937967477875,0.08503948442029936,0.035200367006844445,0.10602878851615224,0.03223445094387557,0.03968509272947303,0.017322857937468385,0.09238857566649805,0.01299214345310129,0.04330714484367098
116,0.028297092893817516,0.010346497722394536,0.009361116986928389,0.006962981926072076,0.039316691345099235,0.0015021701401803542,0.019658345672549617,0.09829172836274808,0.009829172836274809,0.0038851317064026013,0.13634626347315926,0.01228646604534351,0.007280868767610969,0.06143233022671756,0.010625458206857855,0.005313066397986383,0.25033327013322115,0.17370750768367096,0.10010203510946532,0.015121804363499705
117,0.00567287397166335,0.015227188029201625,0.01315075329794686,0.23493862140769217,0.022255120965756218,0.00366223509563077,0.006544381163768012,0.0413309389364044,0.04181587275188482,0.018332330689851715,0.022255120965756228,0.12054857189784622,0.0190275134747272,0.25621075852603165,0.06963572700082511,0.05075729343067208,0.02410971437956924,0.005904419848057773,0.00933279266305906,0.01928777150365539
118,0.008391944214413858,0.009571784828796542,0.0261631201978785,0.029651536224262292,0.021179668731615923,0.03678242132681541,0.022238652168196718,0.020340130829721744,0.029651536224262292,0.00855332775699874,0.018532210140163936,0.03774643511305721,0.012707801238969557,0.04941922704043716,0.004306975810882221,0.3935886037657601,0.22932566109194272,0.008721040065959498,0.015337001495308082,0.017790921734557374
119,0.022384483963366956,0.10039228170672695,0.020195741957303465,0.024419437050945764,0.029924448134412595,0.011678861198278412,0.005758252231217899,0.031601624418870995,0.024419437050945764,0.008664961534206565,0.023357722396556823,0.03385814793357255,0.01918670054002882,0.02558226738670509,0.008139812350315256,0.05858785167547005,0.048838874101891534,0.00839418148626261,0.01918670054002882,0.47542821234289306
120,0.009017093593335813,0.03206077722074956,0.028854699498674606,0.07362687947296703,0.028854699498674606,0.5104124394124784,0.024045582915562174,0.028854699498674606,0.019899792757706626,0.008486676323139592,0.044391845382576324,0.026231544998795094,0.016973352646279184,0.038472932664899484,0.0035292955237383765,0.01030524982095522,0.018615935160435235,0.0332475965470719,0.01017220177072786,0.03394670529255837
121,0.011780021602429466,0.017086233662432858,0.024541711671728052,0.019633369337382436,0.04165328571087938,0.00531896032071513,0.026772776369157873,0.02265388769697974,0.03272228222897073,0.007853347734952977,0.04530777539395948,0.03926673867476487,0.013697699537708679,0.029450054006073655,0.018250236474130814,0.008960081503281462,0.017848517579438585,0.01090742740965691,0.5221525816394322,0.08414301144592475
122,0.016682217519939046,0.03932236986842775,0.10084357200617826,0.02752565890789942,0.03932236986842775,0.005927938639846958,0.02139151930895474,0.023067187655058944,0.032383128126940504,0.015292032726610791,0.03440707363487428,0.4875608083285873,0.01376282945394971,0.032383128126940504,0.010009330511963427,0.0021131935505937366,0.014163822579139023,0.017758489617999633,0.02202052712631954,0.04406280244134879
123,0.06173474207160084,0.2675172156436036,0.019108372545971683,0.019108372545971683,0.01671982597772522,0.008537783477987348,0.02006379117327027,0.35540494437580644,0.02006379117327027,0.018175661654238076,0.003212057950291452,0.016051032938616216,0.008917240521453451,0.03343965195545044,0.019634198231462917,0.007431033767877876,0.0033501671258897455,0.07336174009915761,0.014331279409478764,0.013837097360876049
124,0.11585111968719294,0.10274940185083647,0.013030223671763175,0.00663286157495974,0.007687278801856308,0.00189648423298064,0.011893406961996774,0.20987606522962268,0.014371200079079436,0.012364579624300799,0.010144376526409014,0.010778400059309575,0.005563045191901718,0.011126090383803433,0.0029733517404991936,0.0035194775703868003,0.13693307846443933,0.30569027314917835,0.007338485146763968,0.009580800052719622
125,0.030721614772388155,0.035630053518382956,0.009265248899609125,0.006899653435879136,0.012472450441781514,0.025442374740406375,0.01988980929058602,0.01544208149934854,0.37540697058125283,0.0039132910599586086,0.01344595531681116,0.02629327390429617,0.006391776234150117,0.04632624449804562,0.28731550612396306,0.04213619788235017,0.023584269926277775,0.003815102488074345,0.005147360499782846,0.010460764886655465
126,0.005611870029977758,0.19240697245638028,0.010522256306208295,0.012025435778523767,0.06633517245062832,0.004430423707877177,0.00856032479037069,0.024050871557047535,0.016835610089933277,0.2983313165303143,0.2431810346323695,0.016835610089933277,0.001049492643562072,0.010522256306208295,0.0031546967855061196,0.00551987216063386,0.01530510008175752,0.031067411991215536,0.010203400054505015,0.024050871557047535
127,0.07898549824311255,0.028945874898534805,0.016974953569791732,0.001789443780258385,0.014549960202678626,0.02539260184423833,0.09505973999083371,0.010184972141875038,0.18013361810714348,0.044600719738544604,0.005658317856597244,0.06367276868224908,0.004334030698670229,0.05544867066114131,0.19610348953988227,0.06590276091801495,0.062193598428980965,0.03879989387380968,0.003994106722303938,0.007274980101339313
128,0.0901821195089957,0.03744524355296763,0.036553819107646254,0.057716556485757235,0.010544370896436417,0.08986437479528225,0.004726786953574946,0.007214569560719654,0.1612668490043217,0.00244780038667274,0.07832961237352767,0.053759488849213555,0.07588181198685494,0.018907147814299786,0.048263988667755685,0.1211264403972764,0.05751375478103523,0.037696125954760205,0.004031671225108042,0.006527467697793972
129,0.0812592101231527,0.0548004812714816,0.099510715197738,0.05392467246865662,0.024996710755412658,0.08392670867751557,0.05277083381698228,0.007306730836197544,0.08722403276299645,0.026936753978220804,0.04893295499392901,0.08498881656840301,0.029163167783533613,0.09998684302165063,0.05738346445743606,0.06649125060939766,0.004357368856577005,0.009623712150046536,0.0037995000348227236,0.022616071635849548
130,0.05397757432737552,0.047894740566406795,0.004571770690429739,0.03620766988028599,0.030478471269531588,0.0007757536982686427,0.054861248285156865,0.14629666209375167,0.056267946959135236,0.048386177918971075,0.07253456419605636,0.011429426726074346,0.001604130066817452,0.08127592338541759,0.029924317246449197,0.05092569186423562,0.07155814993716111,0.08077715725297642,0.057390776642089976,0.06286184699340891
131,0.007858928739747377,0.021166754101658632,0.37518067329642185,0.049756397233331105,0.021166754101658632,0.0013016577310715127,0.00848932282685736,0.016933403281326906,0.016933403281326906,0.00769700149151223,0.03023822014522662,0.33528399041097784,0.006614610656768324,0.01840587313187707,0.005799110712783187,0.014767502861622301,0.011759307834254796,0.006970368038668169,0.02351861566850959,0.020158104454399698
132,0.100279644005044,0.21322883259677217,0.007208508946983968,0.007897364170250819,0.013736769946686048,0.001248702496796891,0.013936525006324977,0.13376671251443661,0.013936525006324977,0.1042544568472958,0.03948682085125411,0.012469522374080241,0.0047384185021504925,0.0263245472341694,0.0039486820851254096,0.0039486820851254096,0.06769169288786417,0.20962297555286355,0.0131622736170847,0.009112343273366331
133,0.010826899922082767,0.046383367817724515,0.01098156992096966,0.006626809435067899,0.11337376349560421,0.0027917006417529336,0.10249465259571688,0.005349894345731006,0.008007394734040382,0.0742236875707703,0.13452423153187842,0.05694147366428715,0.002372561402678631,0.05394455399774573,0.002725921611588214,0.02117525237322732,0.13486138499436426,0.0010987670610059386,0.017876974289950616,0.19341913859381302
134,0.004662682458117426,0.06688537595092583,0.005968233546390307,0.012433819888313137,0.012433819888313135,0.030519376089495877,0.13188961220912687,0.005328779952134202,0.10329634984137066,0.01569745784742052,0.027976094748704564,0.07303073033430145,0.004719552959280426,0.08358231600387249,0.10125605245278092,0.02822641783522589,0.03654020538606309,0.04711763326097609,0.1542387215214116,0.05419676782577537
135,0.04352662320778979,0.13639744437788537,0.012628094387445183,0.016544711055520276,0.030307426529868443,0.0016007443589719252,0.0426198185576275,0.09721201582966255,0.09292367138050371,0.12371023196184662,0.10039540277616578,0.007103303092937916,0.0023194459078980955,0.052455161301695384,0.03192933819813804,0.0644094173106168,0.07653655657352472,0.0335553403683879,0.005412040451762223,0.028413212371751664
136,0.12588737492980376,0.025924598893603767,0.02036932770211725,0.008589527418397393,0.020369327702117253,0.14809354922113974,0.16295462161693797,0.015842810434980086,0.02376421565247012,0.006199360604992206,0.02036932770211725,0.03564632347870518,0.08922447808624703,0.02376421565247012,0.004320766482267296,0.11994690419990862,0.018405506050557983,0.035270901561286636,0.02376421565247012,0.07129264695741035
137,0.08278493939464313,0.06254572501429317,0.007818215626786649,0.010424287502382197,0.0827563598454885,0.00812112956981693,0.018763717504287954,0.04690929376071988,0.03127286250714659,0.018763717504287954,0.04690929376071988,0.02345464688035994,0.02345464688035994,0.04690929376071988,0.10945501877501308,0.05499710302980952,0.1574000101821919,0.0017470188099959502,0.0827563598454885,0.0827563598454885
138,0.0671582796594175,0.04741346442730562,0.06394674040050331,0.27969085929873194,0.03951122035608801,0.07141277935912387,0.021072650856580274,0.052681627141450686,0.015140187518231697,0.039511220356088006,0.03160897628487041,0.019755610178044006,0.014367716493122913,0.07183858246561456,0.0052681627141450684,0.021551574739684373,0.045155680406957735,0.0505812169625173,0.019755610178044006,0.022577840203478864
139,0.0566488614387884,0.04310825527374282,0.008382160747672214,0.0025791263838991427,0.009579612283053958,0.08500733785355344,0.025957659089565568,0.004470485732091847,0.06705728598137772,0.030244093455625218,0.08159306971262931,0.09493660822700759,0.05911294020792931,0.11012192533399312,0.11070212493068214,0.10471100023460282,0.036799730111731675,0.039116750155803674,0.0030480584536989866,0.02682291439255108
140,0.05313539186564119,0.08733162203941801,0.007590770266520171,0.008223334455396853,0.004699048260226773,0.0010834654935482097,0.27634519610587904,0.12335001683095277,0.010964445940529137,0.08073819283480548,0.054274007405619225,0.007590770266520171,0.00429043536803314,0.007590770266520171,0.0003434799508101041,0.07450072050449423,0.05980606876652256,0.13308469043332338,0.00129261258590411,0.003764960359335175
141,0.030473071382950297,0.03281479372889657,0.4943876598667752,0.015999360436795486,0.027892574669562083,0.0011408993551363506,0.022314059735649663,0.0348657183369526,0.06198349926569352,0.010525499875306446,0.0371900995594161,0.008051452685556596,0.012973290543982363,0.06198349926569352,0.013282178414077181,0.007538533694476237,0.012678443031619129,0.0067862938878481,0.055785149339124165,0.05133392292448844
142,0.0015144855370540946,0.15606575970980766,0.04013119535395055,0.02508199709621909,0.036482904867227765,0.01216096828907592,0.016721331397479392,0.06717794868774918,0.02508199709621909,0.006578884484254187,0.018241452433613883,0.023606585502323852,0.007972377216846757,0.028665139538536107,0.013838343225500187,0.009851743209248674,0.3551809685721005,0.11598685413888891,0.023606585502323852,0.01605247814158022
143,0.013601441205045622,0.025110352993930378,0.03264345889210949,0.013057383556843796,0.19586075335265699,0.007591502067932438,0.017180767837952363,0.03264345889210949,0.027202882410091243,0.2884449391129795,0.01165837817575339,0.04080432361513686,0.06108568933362561,0.008651202595379418,0.03348546879335888,0.008160864723027373,0.01483793586004977,0.08637054935174353,0.016321729446054745,0.06528691778421898
144,0.007455402438163678,0.010514029079461598,0.021581428110473803,0.01518693089255564,0.23919416155775136,0.006308417447676959,0.013227326906419432,0.1426250901213921,0.01281397294059382,0.3630891674310332,0.03208218653426992,0.022780396338833463,0.001800551929128085,0.014892728875766027,0.0036095694550537356,0.006508684668238131,0.007455402438163678,0.05314610520528402,0.013668237803300077,0.012060209826441242
145,0.25536622582759155,0.27337736191758044,0.012352598830730007,0.011029106098866079,0.011494405396844452,0.0056584640739316214,0.029410949596976214,0.01544074853841251,0.012352598830730007,0.004541396628944856,0.010648792095456903,0.020587664717883345,0.0063023463422091875,0.02573458089735418,0.0013661823267241506,0.09935714807635068,0.007720374269206255,0.18962322766471504,0.0039795929377783494,0.003656234931714262
146,0.027912821146407828,0.018179971215154248,0.483046470778426,0.018691096182815586,0.03895708117533054,0.0014202651316110192,0.05453991364546276,0.05453991364546276,0.05453991364546276,0.01048844493181976,0.03408744602841422,0.010652062049774758,0.01704372301420711,0.06817489205682846,0.009739270293832635,0.00940343338714875,0.012395434919423354,0.05029519736995819,0.012119980810102834,0.01377266857235671
147,0.007028061535407527,0.008664780932873465,0.016751909803555367,0.013959924836296135,0.009664563348205018,0.0036952742213725073,0.011965649859682403,0.2222037215961629,0.010051145882133216,0.16368784156458507,0.2951853796468779,0.010469943627222101,0.005843689466356521,0.00837595490177768,0.0026524653302176866,0.005710878342121147,0.0030636280138824695,0.1780910248602131,0.0089742373947618,0.013959924836296135
148,0.017455100126911847,0.029909038564566944,0.019715467726912524,0.021269534975102707,0.015314065182073948,0.6785555732440649,0.02945012535014221,0.015314065182073948,0.022520684091285218,0.005589074883968596,0.018231029978659462,0.023203129063748405,0.011964113423495274,0.02187723597439135,0.007089844991700903,0.0048560312659057065,0.014179689983401803,0.007581220387165322,0.016291558704333988,0.01963341690009481
149,0.04212791163754832,0.016877065138526097,0.017365023234863067,0.6750333559991202,0.014891528063405381,0.017654976589903986,0.039971996380719695,0.023014179734353768,0.009665184045673068,0.004776527869394177,0.018986698280841856,0.015822248567368215,0.01040367029087225,0.03413154183285051,0.006124741380916727,0.005980062450658852,0.008630317400382661,0.006210855183118973,0.013808507840612261,0.018523608078870105
150,0.11012936583941807,0.12852007855387684,0.05296157083264155,0.08015805315210613,0.004119233286983231,0.0863157451731244,0.005492311049310976,0.004576925874425813,0.07086134097729323,0.03226378976169859,0.04590002805495601,0.07604738375969042,0.0003187303136450675,0.10406484093431323,0.023363612211577837,0.10946594131359387,0.04556002153906664,0.01407839224665155,0.0021680175194648582,0.003634617606161675
151,0.27079779507707874,0.06403530164581252,0.013939657501129257,0.0073183201880928596,0.013306036705623383,0.23028314191865537,0.008609788456579835,0.013939657501129257,0.014636640376185723,0.002294046293672535,0.01540698986966918,0.011258954135527478,0.0013134115481969238,0.007505969423684984,0.0029273280752371445,0.2592001305700668,0.005374497210947605,0.038182540111788836,0.006363756685298139,0.013306036705623383
152,0.1310346899235383,0.05680826215562256,0.006412157130351049,0.0049642506815621035,0.07475622680284708,0.10146710184291768,0.04002940895730728,0.00569969522697871,0.006995080505837507,0.0022968921063944055,0.005306612797531902,0.11541882834631888,0.07666366564605955,0.1357868568780222,0.0016727366427002736,0.13601562172974474,0.06492711080863257,0.010674509055281937,0.005129725704280838,0.017940567058070442
153,0.03995185327949546,0.034030805491491206,0.014884023770792433,0.0023428555935506605,0.014541862304797202,0.026459709881774738,0.16868560273564756,0.10303292443411194,0.002409794324794965,0.0551472162789617,0.10603095029097845,0.03437876060992125,0.0026357125427444936,0.09109022547724968,0.006747969615990521,0.07452064518774272,0.08398563475960474,0.11683285591599693,0.009639177299179862,0.012651420205173566
154,0.08695916215004848,0.08919914375063819,0.0030271202630307074,0.004288420372626837,0.08233767115443524,0.0402039409933766,0.14572548788838913,0.007815782143146368,0.018713107080553466,0.0023764444249714835,0.01342462029691879,0.025730522235761024,0.09095355014721529,0.005717893830169116,0.01605786053028504,0.09921019663962226,0.08459983027865253,0.061421246627300495,0.024216962104245666,0.0980210370886134
155,0.06581163738331085,0.036151605973162124,0.004930675411426522,0.09706870582506447,0.027459231978878368,0.011966030760666005,0.08448994455039498,0.04805365596303715,0.05298460238524128,0.053824633683973944,0.07590383748843602,0.019970350530093352,0.02745923197887838,0.06934590826009876,0.027459231978878368,0.0803284995203009,0.09162892817415487,0.08628175045873662,0.03432403997359797,0.004557497721669112
156,0.0015230853883153263,0.22335021874205516,0.008121826136074732,0.0230234631242583,0.027657309663391173,0.021240692858940133,0.04060913068037365,0.21042913170739078,0.015228424005140124,0.029555309707522966,0.0701881344670322,0.015228424005140124,0.004972546613923305,0.009371337849316997,0.004060913068037366,0.005666390327493999,0.04743137722711347,0.2155049458918855,0.010593686264445302,0.01624365227214946
157,0.13321808078487085,0.02246220214551838,0.013051009685451205,0.39745677448467187,0.04991600476781861,0.0028611487139467897,0.017969761716414703,0.0898488085820735,0.06196472879445796,0.012835544083153357,0.03208886020788339,0.02042018376865307,0.010957171778301645,0.03743700357586396,0.007130857823974088,0.009983200953563722,0.012479001191954652,0.00802045122004582,0.02994960286069117,0.02994960286069117
158,0.07137074526420879,0.047861435493983355,0.012175494907131964,0.20350597966840148,0.013513817080654123,0.01634233061580166,0.012091310019532637,0.015315659358074673,0.003199823536198319,0.003329491164798841,0.02297348903711201,0.06381524732531114,0.004887976390874896,0.3302439049084851,0.004594697807422402,0.07897162861991171,0.06265497010121457,0.005171467181322927,0.008835957321966157,0.019144574197593342
159,0.04253842244381449,0.018338878201433654,0.048014517472844485,0.025150461533394727,0.04001209789403707,0.039698277518397565,0.047398946736013144,0.04141439425235482,0.020222404481518557,0.028808710483706684,0.09320465156493339,0.11443459997694604,0.0029009072412200985,0.17605323073376308,0.037160775613083716,0.04825166963348904,0.07783733957749826,0.020313834315434202,0.04401330768344077,0.03423257264267615
160,0.007016702217548644,0.01653936951279323,0.03087348975721403,0.02205249268372431,0.01929593109825877,0.005160746867797869,0.018524093854328422,0.033078739025586466,0.19148750777964826,0.006704404078313423,0.033078739025586466,0.03562325741217004,0.008781600596521388,0.08914320331039854,0.4100448626734675,0.00771837243930351,0.013231495610234586,0.00908043816388648,0.013620657245829724,0.028943896647388157
161,0.0005719590554934009,0.34564185770650757,0.0075139534284023365,0.1524994450840702,0.01440174407110448,0.0032607722425142217,0.008229568040631132,0.03750393468864602,0.009672326859520061,0.003456418577065075,0.019202325428139305,0.009095838360697564,0.003014065258273821,0.009095838360697564,0.003840465085627861,0.1889645814805329,0.15297468550628543,0.004547919180348782,0.015710993532113977,0.010801308053328358
162,0.05549229557820402,0.15288693679709273,0.0033974874843798394,0.19620490222293563,0.03261651481427239,0.022142246018889287,0.030567956403087324,0.00742430908683627,0.08323844336730606,0.06299100829469556,0.10305712035952176,0.023782412390658873,0.013878578245383962,0.05945603097664718,0.01397783122014338,0.023265403425644548,0.04280834230318596,0.029494215585272245,0.017836809292994152,0.025481156132848796
163,0.07010180835218704,0.05420579073547788,0.004745288077853282,0.003404228403677355,0.007829725328457916,0.07089115751772228,0.1779483029194981,0.01857597266514166,0.11973947155929093,0.021012647726628725,0.09859654117317376,0.07046752795612125,0.0026541441791382773,0.012696851883985812,0.13849562803123247,0.07190852672878996,0.005834891433921391,0.03744651244045091,0.004745288077853282,0.008699694809397683
164,0.11462157347795851,0.17908229001712356,0.005465885655350607,0.008351961192916499,0.005309717493769161,0.0011885800374039674,0.0074336044912768256,0.13160564305997308,0.0074336044912768256,0.08439378707351336,0.09265475592821527,0.004765131084151812,0.0016742352457830686,0.0044247645781409686,0.0012472490757175884,0.027371799483383665,0.15032694898235868,0.16506625270831166,0.0032603528470512393,0.004321863076323736
165,0.003020296371470754,0.045896489227298096,0.0068418958619031345,0.00906088911441226,0.0026480527597262677,0.0032867931101299374,0.03198956500960682,0.08445068279096367,0.010159178704037989,0.29860104123283626,0.4141359318763721,0.00798221183888699,0.0007586458097580004,0.005682252495478874,0.0017588066470474492,0.0021911954067532916,0.0031928847355547963,0.05376697408457841,0.007288106461592469,0.007288106461592469
166,0.038668091609540975,0.05593971186559987,0.08793948669443737,0.12960493333148096,0.0013052208065122254,0.05024507115880083,0.07440733508336433,0.003259295660702925,0.04769524090612195,0.0058348371660096295,0.05206084102554686,0.10323522284289877,0.005747276770981202,0.09079466483386717,0.06239716121495234,0.07518024315972881,0.0928414834788178,0.00555683194611646,0.00826748167592937,0.009019568768590162
167,0.09045038948108411,0.15986580466424166,0.004844418323158838,0.004844418323158838,0.0069506871593148535,0.0019811742598540953,0.029604778641526223,0.0648232663443717,0.04573449995959727,0.09865895947896075,0.14183845462077668,0.006148684794778525,0.004440716796228935,0.009688836646317676,0.004670827874301974,0.0588979280341943,0.13728740728044125,0.10656997947999575,0.003262567442127381,0.019436200395569144
168,0.10099510601558327,0.19998045112774976,0.004066588121018835,0.006791036323234669,0.006390352761601026,0.0015514995043390267,0.009417361964464674,0.2546309792699486,0.005262643450730257,0.18504403028156446,0.030224114515352063,0.007157195092993149,0.0018834723928929339,0.003651630149486301,0.0015293151908105016,0.0018073724982305933,0.012199764363056503,0.15885292190840436,0.004587945572431505,0.003976219496107305
169,0.08781727525809077,0.019600638566010607,0.06332513998249581,0.08022124932801489,0.00645668093939173,0.09699025393691336,0.14112459767527635,0.009978506906332674,0.051223002119174396,0.010821761011093183,0.006097976442758855,0.115540606283852,0.002110837999416527,0.09878721837269346,0.000634485269020061,0.09254576013128143,0.07615579734789679,0.03322350986273605,0.0023554491143846805,0.004989253453166337
170,0.10732817882704114,0.03879669738680112,0.06868441698742339,0.047548017282186064,0.011639009216040337,0.0575031753305435,0.07582469577158131,0.020691571939627264,0.003373625859721836,0.004251692864306972,0.07242050178869543,0.08465276204378229,0.07648491770540791,0.06507833110044058,0.0009699174346700279,0.05986218377984769,0.07278312374448724,0.047742611590437925,0.024080708722842074,0.0602838606241158
171,0.007196144572627158,0.011204400575031763,0.015591646574025507,0.016129289559336735,0.11290502691535713,0.0037238777760593106,0.03341067123005466,0.013364268492021863,0.016129289559336735,0.005154437342239554,0.012641875600561223,0.022273780820036445,0.007927955885097716,0.01467519615157426,0.0017814741311101962,0.0049236778654817405,0.010168465156973156,0.007196144572627158,0.41631700738001043,0.26728536984043727
172,0.0024950676937256166,0.014494562193031139,0.022056942467656084,0.012078801827525949,0.006284904522768025,0.005840008499465657,0.04178878103457241,0.044937121395933095,0.018118202741288923,0.4503022291509464,0.27907633910309976,0.02536548383780449,0.0015703104272495473,0.01691032255853633,0.007175372315954759,0.007460436422883673,0.005636774186178777,0.0059080199893577585,0.018789247287262584,0.013711072344759188
173,0.12338798862850887,0.026789250053859365,0.07981066691080577,0.12131201479368459,0.0031790129400726575,0.017514182227832728,0.04409598594294331,0.002441027793270076,0.006726087065832757,0.019891560527516536,0.09113170428208285,0.0929543383677245,0.001277547256290881,0.13711597482949534,0.032724821724623224,0.07037093141308765,0.10081571068779739,0.022823582746304985,0.0027897460494515154,0.0028478657588150887
174,0.008752917699165771,0.014185763167613491,0.0216519543084627,0.00467381189388807,0.020569356593039562,0.006427923935324864,0.01645548527443165,0.09460328602532353,0.36393901885413077,0.0063290327978583255,0.022854840658932847,0.015858301812314658,0.007762021355863986,0.009656286123875724,0.3353438640231585,0.0057941849557857925,0.005815862628390354,0.011427420329466424,0.013712904395359708,0.014185763167613491
175,0.02319451301072013,0.0679100126915697,0.010325499005735744,0.018392295103966796,0.013078965407265275,0.048500339889668405,0.07423196582501913,0.0043596551357550925,0.05393023196763161,0.008062375935985444,0.06378491077948036,0.0722784930401502,0.005030371310486645,0.14713836083173434,0.1738273891816394,0.14296448137243767,0.02342501266972885,0.014532183785850306,0.021019765833104907,0.014013177222069935
176,0.013938156249051087,0.036239206247532824,0.03882772097949944,0.06039867707922136,0.0258851473196663,0.01598788510920566,0.016472366476151284,0.03397425585706202,0.023634264944043144,0.05339116053236456,0.041814468747153256,0.02470854971422692,0.48149602316710016,0.02621389113901837,0.007656170333985807,0.004639995913099499,0.010359535526309105,0.010453617186788316,0.028609899669104856,0.04529900780941603
177,0.09095154857975896,0.08075067014423978,0.011776139396034968,0.09938850050262518,0.006729222512019981,0.12505184180211795,0.035328418188104914,0.021740565038833787,0.004710455758413987,0.035684908106339834,0.05233839731571097,0.05652546910096785,0.011113017753752038,0.10901340469472369,0.007207584923360117,0.0716520030857339,0.11121368197146358,0.011816897505001481,0.002051956439300531,0.05495531718149651
178,0.10505130477932287,0.08798947158195504,0.006204453676052297,0.12004657651280044,0.007919052442375955,0.04659554835687083,0.09137368202741486,0.016969398090805617,0.005939289331781967,0.0025273571624604115,0.13066436529920325,0.18477789032210565,0.002013318417553209,0.014848223329454919,0.0016498025921616577,0.06035904899364684,0.06802221510538052,0.033399703514309965,0.005164599418940841,0.008484699045402808
179,0.007574850381591942,0.02053499590802619,0.022251122995926322,0.02373453119565475,0.31507049306432366,0.006846499383361948,0.029668163994568442,0.018869450145184256,0.04450224599185266,0.0013842400078362064,0.020942233407930663,0.025429854852487235,0.010788423270752159,0.025429854852487235,0.008279487626391193,0.022712539492759438,0.01618263490612824,0.006881588411066846,0.1675378672634453,0.2053789228482254
180,0.16851004658917446,0.35800645883799787,0.009405211902651598,0.015554773531308413,0.014074803245852904,0.017810859497208655,0.023789653636118752,0.016851004658917448,0.01617696447256075,0.005321369892289719,0.009405211902651598,0.019258291038762795,0.008088482236280375,0.019258291038762795,0.0021022847675015357,0.004386192407079831,0.010642739784579438,0.09367146656705415,0.0070049667644671194,0.18068092722877965
181,0.0071236717838167925,0.024932851243358777,0.01994628099468702,0.044325068877082256,0.0234662129349259,0.006332152696726039,0.018132982722442743,0.35271474922136475,0.0332438016578117,0.007387511479513713,0.007228019723736073,0.012088655148295165,0.011081267219270568,0.026595041326249354,0.00587808996615785,0.007822070978308636,0.005710451505899369,0.32756262063692665,0.03626596544488549,0.022162534438541135
182,0.010357120600635917,0.033833260628744,0.02671046891742947,0.009702452449745004,0.050749890943115994,0.010149978188623199,0.013012792549516919,0.023068132246870904,0.4494447139606739,0.008601676431036608,0.018210994314764556,0.010631490718642842,0.007147871963819155,0.016401742270751547,0.08841551897700928,0.00957545112134264,0.005593171728637762,0.011032584987633912,0.16916630314371991,0.028194383857286662
183,0.035655242960290004,0.054114174098058125,0.02949420706565468,0.028089721014909228,0.026812915514231535,0.005898841413130938,0.02268785158896514,0.2457850588804558,0.01966280471043646,0.13859964908937575,0.02683687138789533,0.021067290761181915,0.0064117841447075405,0.01638567059203038,0.007193709040403582,0.007971407315041808,0.00983140235521823,0.2609108404301714,0.021067290761181915,0.015523266876660363
184,0.0331704289414494,0.024067505077309193,0.027505720088353364,0.13329695119740476,0.024067505077309193,0.018050628807981896,0.09295036443650449,0.042786675692994124,0.01283600270789824,0.17027972120424995,0.1734682141380944,0.0810694907867257,0.0007846587220123488,0.06626460531129137,0.002546770568758911,0.023480492758350437,0.024684620592112,0.005368134752043735,0.019254004061847355,0.024067505077309193
185,0.06831824840597399,0.21142237190086108,0.02988923367761362,0.07970462314030298,0.01724417783843254,0.005677470855275886,0.00996307789253787,0.026568207713434332,0.03985231157015148,0.02277274946865799,0.03985231157015148,0.2391138694209089,0.01086881224640495,0.029889233677613626,0.001061362594278439,0.06859631553317319,0.011386374734328996,0.07970462314030298,0.006018061312583928,0.0020965633070119164
186,0.02998583188042438,0.049882766790244996,0.21990742709727376,0.03563054770731786,0.03563054770731786,0.017815273853658924,0.012470691697561249,0.04156897232520415,0.062353458487806226,0.002055892888105,0.04156897232520415,0.049882766790244996,0.22029965936209547,0.01816188440538149,0.009283482539073021,0.002425094823216062,0.0352774492710875,0.017815273853658924,0.062353458487806226,0.03563054770731786
187,0.05330648909949683,0.07680763195665155,0.013326622274874205,0.0710753187993291,0.021899660709686387,0.05330648909949683,0.0021473384741668693,0.0710753187993291,0.042645191279597455,0.014215063759865818,0.03046085091399818,0.02404375224645755,0.02665324454974841,0.10661297819899364,0.03553765939966455,0.05975368504530731,0.042645191279597455,0.03046085091399818,0.03553765939966455,0.18848900380007585
188,0.0020474998701846014,0.02254852487783457,0.02254852487783457,0.03122103444623248,0.025367090487563897,0.009019409951133827,0.13529114926700744,0.004209920003887859,0.04058734478010222,0.009663653519071959,0.057981921114431734,0.010969552643270871,0.011640678160734535,0.02899096055721587,0.010969552643270871,0.15894244922982803,0.35896985177483287,0.0075161749592781895,0.03122103444623248,0.02029367239005111
189,0.15996488845603749,0.1348518343738458,0.01054596104321496,0.0131824513040187,0.01581894156482244,0.12317154356182007,0.009305259744013198,0.01603260132419067,0.024336833176649905,0.00527298052160748,0.015065658633164227,0.0033255320705383134,0.04629934116533398,0.016651517436655196,0.002977191510866105,0.27994435860059574,0.08106926133976605,0.007030640695476638,0.017576601738691598,0.017576601738691598
190,0.036714949474414706,0.014510674980318676,0.03073971936620141,0.08343638113683238,0.0046353545076017995,0.05615910268825257,0.02944813451888202,0.058312234108915735,0.1013156056661536,0.032352882481628896,0.1132350886857011,0.12101733237253118,0.030761198185321147,0.03435615693869569,0.04923005835004043,0.045430322443410005,0.07366208653797046,0.06512107796045455,0.004391388480885916,0.015170251115787707
191,0.2003611724089169,0.27145707229595195,0.006169478915817091,0.0084830335092485,0.0084830335092485,0.009054844442613563,0.009048569076531733,0.06252302903716837,0.00402347285851855,0.1391693171326135,0.11997549618793826,0.009694895439141144,0.004524284538265867,0.004680294349930207,0.002062625032126509,0.03540744421251548,0.04666843273599257,0.042378508433530915,0.004524284538265867,0.011310711345664666
192,0.010740391579837364,0.019690717896368504,0.032221174739512096,0.02953607684455276,0.08860823053365825,0.008860823053365826,0.060045213153987496,0.10267417784919806,0.04485840514391622,0.030047134645448968,0.3135864505023772,0.04430411526682913,0.009845358948184252,0.05907215368910552,0.0046717601394624195,0.008242626096154256,0.0856059577848188,0.0018192850016270346,0.010126654918132371,0.03544329221346332
193,0.0102106247080161,0.02690442815802748,0.017879355783234685,0.5001935595489561,0.03323488184226924,0.09549762980674877,0.040356642237041225,0.051362999210779726,0.010017128048053516,0.007847124879424681,0.03531206195741107,0.03531206195741107,0.008692199866439645,0.019572437862652906,0.009576152395230119,0.008560499868463288,0.01527008084644803,0.008284282036225166,0.028249649565928858,0.03766619942123848
194,0.0712908501142134,0.06394407290864268,0.004448283332775144,0.04092420666153132,0.10231051665382832,0.0029231576186808084,0.04501662732768445,0.022478303398692667,0.039787423143155455,0.05771362477908263,0.03908358371477732,0.024446796490483272,0.004049944422813791,0.1767181651293398,0.03720382423775574,0.0703831488123547,0.09038315009078011,0.03300339246897687,0.0113678351837587,0.06252309351067285
195,0.006278787596533074,0.01769476504477503,0.01769476504477503,0.014972493499425022,0.11268771423251464,0.003604489175787505,0.02433030193656566,0.21472191886172814,0.007827167012357259,0.2295152117525354,0.17211051395712873,0.01769476504477503,0.004325387010945006,0.01024433765750133,0.003386842306245644,0.004325387010945006,0.0018763582649610345,0.11817142168645131,0.005561211871215008,0.01297616103283502
196,0.01639375484274125,0.05232617513154252,0.11468861675132094,0.10824668630642968,0.06104720432013295,0.014548774226475622,0.0215460721129881,0.00939187758771276,0.04464018455086052,0.13107193868734424,0.016840608088312534,0.0581401945906028,0.0017442058377180841,0.07769644186198736,0.0011970040062771166,0.06810473219660412,0.002069396756614676,0.001684692374188006,0.03837252842979784,0.16024891134034894
197,0.016650637520606474,0.013434989255814156,0.011822790545116459,0.010192060814755568,0.034770448940089994,0.005475261532080133,0.013640714584189147,0.07709969112802564,0.20862269364053998,0.10479536926713352,0.03423988823887641,0.014778488181395572,0.002463081363565929,0.13211543241770646,0.26226495841140196,0.0037413894130115376,0.004618277556686116,0.013276691357931672,0.011368067831842748,0.024629067999230408
198,0.007879629706963433,0.015551900737427828,0.008207947611420243,0.009233941062847773,0.18662280884913396,0.002290590031094021,0.007775950368713914,0.010943930148560321,0.012311921417130365,0.2617318494013752,0.2591324798750555,0.01738153611830169,0.010585706042009375,0.006605348575636397,0.0021631240628735373,0.004282407449436649,0.005183966912475944,0.02114627287605012,0.021693513873624955,0.1292751748798688
199,0.040470472406681744,0.2709774849112596,0.0016472795435334934,0.003034462317035382,0.0024022826676530105,0.0011530956804734452,0.0007630691179330326,0.18510220133915828,0.0026363984733679562,0.028469836549561423,0.08910284803658441,0.001988096000816285,0.0006085738307471896,0.0509824369129751,0.020876236248286377,0.026724658198557873,0.1313772947424663,0.13687035192180275,0.0023061913609468904,0.0025067297401596637
200,0.004843591127124016,0.008978954337708239,0.01183220118197438,0.01294147004278448,0.010898080036029035,0.00788038857624135,0.0736240695040189,0.0162402761321217,0.02906154676274409,0.0027245200090072587,0.012362001234898607,0.014038204792172994,0.002548474100732944,0.009978964852267552,0.7382478386222299,0.0034084530153835665,0.004732880472789753,0.0063711852518323585,0.013358936818358175,0.015927963129580898
201,0.057939452840406094,0.05673840292431603,0.004970672051061875,0.007456008076592813,0.009692810499570655,0.0007141166100273741,0.18033135813154705,0.015718071080384845,0.1505015407531128,0.03274598141746842,0.03518576494776427,0.04430999085518013,0.002178159662824867,0.08021636275506748,0.17176055810374682,0.02046241194915065,0.04397883309272479,0.06673738376753567,0.003057682850616157,0.015304437630901037
202,0.004395312460056535,0.019151004290246333,0.00997876162617808,0.017874270670896576,0.4021710900951729,0.0070556331595644384,0.23752599749900694,0.008378564376982771,0.011657133046236898,0.0031542830595699847,0.010312079233209565,0.00924531241598099,0.0026580561730672604,0.004361430503324377,0.002020245142650282,0.004124831693283827,0.004468567667724146,0.006383668096748778,0.07055633159564437,0.16452742719445487
203,0.007780932518219392,0.02466878432980317,0.021485715384022122,0.08435877389995608,0.047575512636048985,0.5906514900104145,0.014479503845754037,0.028959007691508075,0.020183550815293508,0.009381086998657546,0.025617583727103294,0.025617583727103294,0.007319309636315227,0.022201905896822853,0.002113880020497029,0.008539194575701098,0.011289104693299759,0.009960915039102026,0.012198580827274732,0.025617583727103294
204,0.008302954879418126,0.02853277042157528,0.020249062879827612,0.06990523859105054,0.029891473774983628,0.5557766022713745,0.017436693035407118,0.027292215185854618,0.024143113433640624,0.007562903003309111,0.031386047463732816,0.022418605331237726,0.007053044373872541,0.022418605331237726,0.055695795163029076,0.00774964134906983,0.010462015821244269,0.009963824591661211,0.019616279664833,0.024143113433640624
205,0.28910151324736916,0.18796192497069616,0.002502706989967947,0.0005209525343801977,0.0036706369186196566,0.04853604065471631,0.0018353184593098283,0.006882444222411855,0.0021176751453574937,0.0005676242657659262,0.001966412634974815,0.0020392427325664755,0.000640227369526684,0.002502706989967947,0.0003190796288814608,0.18558506217262427,0.2580916583404445,0.001182249393914808,0.0012235456395398852,0.0027529776889647422
206,0.0023091247298572346,0.004869241278177213,0.004226133939550033,0.006787427236247024,0.12984024921581555,0.002333178112459914,0.0022855622326137938,0.4032938992941518,0.006787427236247024,0.19848423956299796,0.12599161807283538,0.0032461608521181418,0.001244361659978621,0.005208955785957019,0.001866542489967932,0.008535794502175223,0.0021130669697750166,0.08251694698603174,0.004666356224919829,0.003393713618123511
