site,A,C,D,E,F,G,H,I,K,L,M,N,P,Q,R,S,T,V,W,Y
111,0.011641474141016298,0.16594848740336826,0.10683576742934886,0.454966781980279,0.014393827258200808,0.019458248623095028,0.007584923377258063,0.010825003811871185,0.03984408994467143,0.004871185554351621,0.02181444687274744,0.012048029514580332,0.008373229298173029,0.014701485301779794,0.004563679417193335,0.05698335306567427,0.007496293950877549,0.0179921837667556,0.010355424155654469,0.009302085133103608
112,0.06517133475724096,0.08374728954680873,0.07368650483540494,0.09197418057921118,0.0051195921242917315,0.019822125216332177,0.00673025145722641,0.03845709483574012,0.030581587064845542,0.03843091264225402,0.1728075102496909,0.0637383496758111,0.023961075233894662,0.0667097520016055,0.021348624520162427,0.06158767600330342,0.06971233755229803,0.04209560813500467,0.001487925776802372,0.0228302677920711
113,0.005350713623932874,0.02494526430297936,0.012669324459322069,0.01680321992634118,0.017935201096450144,0.00492218822954738,0.020900444712771055,0.015459535438047282,0.017671328556755864,0.022553341070614925,0.013581886327248742,0.01211353819190651,0.7461635456708319,0.01595771236343859,0.0048248281634784415,0.013336050620159474,0.005610696953871725,0.008012709337842622,0.010392206163982991,0.010796264790476795
114,0.0891100658241704,0.07615494362902553,0.007489224442273313,0.02504458838677412,0.04120818907228369,0.001707934103944284,0.025502119480092685,0.09039898533002647,0.028478383581010184,0.09849881072645877,0.11711148045778537,0.013305260678569011,0.006116226797054483,0.039472953825006846,0.03671988049508369,0.06232741846238204,0.060382219811675575,0.08854231842165732,0.048625208481568455,0.04380378799315776
115,0.04298807729138174,0.09416527840376768,0.00841784384383765,0.006006340631244863,0.007076931435057236,0.04922386418736436,0.09228820657551254,0.056204360540538824,0.016763946620558422,0.09253957120107277,0.06997114687207433,0.08279414033317932,0.03564988701886374,0.09820667787584057,0.03269436677858292,0.04226102786965129,0.020974229934159934,0.08965307137214389,0.016458367011496475,0.045662664203671426
116,0.027184138954114024,0.00981726202001972,0.008787591833389266,0.021368422975522033,0.031955207743840884,0.0032396436208508967,0.031194290902203433,0.0779094637123535,0.009915849935190003,0.008818119404599489,0.11045143007869897,0.02124724472885294,0.013631404158317628,0.06414735533619062,0.014100305553964606,0.0059700838740527245,0.22718270498440807,0.19086516902919703,0.09775635332408154,0.02445795783015263
117,0.005889646610859015,0.012499818257546898,0.01077653787352226,0.2081953721977227,0.03558922519809966,0.003681697992670428,0.023518695501458894,0.026952084006902906,0.04247009039881426,0.021956471761254,0.03211212416703599,0.0956393050768684,0.023520093636806697,0.284600749494941,0.05712560824445545,0.054061834943029796,0.03144365700325126,0.006154466554617899,0.008984362867948993,0.014828158212193483
118,0.00778555262979513,0.020585916028573074,0.035933358493131506,0.021885894190709024,0.01638535082197289,0.040602236914904465,0.01660452649770377,0.021298811411515226,0.02132780722155759,0.008453115614552547,0.014366930003007742,0.04437349656208675,0.022797306996128242,0.025830004303105204,0.017579829207891494,0.4317799420231241,0.1930514242550595,0.008689349562823304,0.01497393762555476,0.0156952096368036
119,0.01718248132620913,0.05185504576262275,0.02373978660850844,0.01782307240717213,0.03936589767353762,0.010514239799186573,0.031787992936908496,0.020861034260570042,0.01965092596050328,0.016663345662139846,0.01721260872543002,0.0261150828098456,0.015365905531941663,0.019388145434063815,0.008114814437833748,0.05606750719482872,0.02912921578591239,0.008414632381626094,0.015739253306858835,0.5550090119943009
120,0.008282875927334668,0.022686329042415382,0.02031216593266466,0.04956942397904995,0.022476829757151096,0.6060387960087419,0.017578628725616254,0.021381722759259796,0.016863917659982807,0.008076457407282,0.02458132350766274,0.019512300869951007,0.015460761723496055,0.02376459899072276,0.02143044893263218,0.009255977575210258,0.015948073166015767,0.040472139503258536,0.014291173170696822,0.022016055360855442
121,0.009997211629942023,0.023363384001027377,0.017529453744453742,0.015431514813866152,0.0492559663483908,0.012620156135907752,0.037102249179716905,0.016671238024830042,0.02241378885110939,0.011906846241621364,0.023484245562982193,0.024659366646681856,0.01217733018791921,0.021451366702175862,0.03021918438090909,0.00781474415175116,0.01578227377698901,0.009708434376779033,0.5643936231072918,0.07401762213565523
122,0.014545771375714087,0.02521407976341041,0.053227459052308655,0.019825113236998322,0.025740288480212384,0.01048091748886779,0.01622239894316671,0.04032928873755577,0.021846855195225477,0.012483747954151072,0.022313218289601332,0.5650379588884081,0.012616729567452427,0.02266816094267885,0.00884901439981334,0.023771628079370534,0.02621904675447636,0.01508347614058205,0.0171164717248132,0.04640837498519312
123,0.0692853346190692,0.1994528132723812,0.016258812981194127,0.016194827272942358,0.01533493623044504,0.00862468706014338,0.015049157252053368,0.4191379110846546,0.022407450655633352,0.026189803863838734,0.02098987849536178,0.013999744338844827,0.008926199199439074,0.022760278120802467,0.026043085583672364,0.0076596928666953605,0.01704124371292729,0.049171459886704,0.012615022489565274,0.012857661013632164
124,0.09622938885792527,0.10055829761523591,0.019541864447847036,0.006534284221410928,0.012031491138210478,0.005017781045083818,0.010667163848850813,0.173513327533188,0.012336489424147406,0.017101853634094187,0.014942599728061567,0.00977799241950093,0.0056047455908598606,0.01029533871097765,0.0031566745605800866,0.0037179345470692423,0.13894568562780835,0.34282890437704683,0.0076358466644553145,0.009562336007646352
125,0.032480524879992104,0.03592013546442298,0.009514437127487894,0.006246623440302685,0.02162158851049139,0.027486842728025703,0.030971535628269355,0.013368291610315131,0.2955471345194416,0.007254068273042711,0.023183072700015343,0.03291280983356786,0.007841423716814523,0.05015287870277946,0.3045828673210392,0.04354457063072731,0.028467595569149552,0.0062810373133632864,0.005083684877045567,0.01753887715370639
126,0.005544602901723245,0.17332520310555666,0.010850893014437063,0.010530571307320205,0.04914321685599403,0.004918183366312855,0.01879215593117433,0.03336024496352399,0.014146701819581334,0.3382896102267913,0.19264387418676293,0.013255191816902536,0.008302346116176923,0.00973728108309944,0.008285895861331962,0.005689086786680146,0.02229643140902587,0.03782432741343315,0.010617138273925507,0.03244704356024652
127,0.07596778617910692,0.030424511212654364,0.020875355475890922,0.01892711174375805,0.012168293957028618,0.026716179798356485,0.08188443799772663,0.009132438578396575,0.18042051832522787,0.0462689267311584,0.019052316104147697,0.06243840611203293,0.004385821199445943,0.04669064230006334,0.18479462871844599,0.06651905561873517,0.058199461597961306,0.04046988000134864,0.007484762502176467,0.007179465846337665
128,0.09100801440174684,0.03613137767661152,0.040679633730880196,0.05975325001022627,0.009823963176374777,0.08845297491511404,0.005296765571368525,0.006981417479942377,0.14119665759938627,0.004700392950937886,0.08017484257589257,0.04759954762541133,0.07746017692705348,0.02337325782167274,0.050305713569041156,0.1259655647437064,0.05995605866370672,0.04069520249382693,0.003981144353535514,0.006464043713564451
129,0.08221829832407725,0.05585066803783616,0.09264511101329788,0.052487950919409,0.029467923907615455,0.08411520741892542,0.05478464791301069,0.007291588040578067,0.08460092296400917,0.02779507346368448,0.04865360123137782,0.08130956844090251,0.031903212698443824,0.09578567608239098,0.05583764030595903,0.0686845395751281,0.00667239668910265,0.010397297531279994,0.0033871208806190664,0.026111554562352462
130,0.05412558954378548,0.050406078541195255,0.004538330258954974,0.03736846146978284,0.03297699691009856,0.0027680212289338223,0.05939395975608022,0.1269558543762211,0.058042444234854704,0.048999380234060155,0.0738168179498445,0.010966478645127202,0.0015308484609841786,0.0805857904481124,0.03134380612762717,0.050973199596766425,0.07170477686142077,0.08216308627901776,0.05769929333055279,0.0636407857465797
131,0.012623403302987312,0.01611129988289083,0.4389443299578608,0.04821415829611057,0.017588027006523187,0.014033174683306006,0.011437323531964142,0.013747049215670989,0.015001000374088384,0.0076556733975577515,0.022925779750481313,0.2500104771333402,0.006994089221459671,0.015230378506164174,0.005909474293927297,0.021341177190138803,0.01109150235615896,0.01856806852355461,0.019910394592052048,0.032663218783762944
132,0.1063713220078149,0.18657164942980606,0.014625367609366075,0.008196663377851646,0.026797729630679522,0.004733631033534724,0.013895324744293143,0.11284060961305759,0.012586488174790324,0.10925515635168395,0.02524226589688998,0.012071869717046536,0.00492692098415277,0.02174329830375528,0.00414059625640596,0.003989727564227567,0.07257493782390033,0.23785989690040518,0.012719101003827688,0.008857443576510741
133,0.012365069464527395,0.04636752260270325,0.014050201082945721,0.00943460170455747,0.11505911114212526,0.003883030786497693,0.09734741049220587,0.046253034971196344,0.007965707886996534,0.07484191604535945,0.11648970822116973,0.057757611745902,0.0024890739268784976,0.05743463122408354,0.0026800053063821736,0.02054851847321787,0.12636883611921254,0.0040381380475704234,0.020067399058952162,0.16455847169751606
134,0.009354788264943684,0.07091487540820667,0.006300683534122571,0.011333008424662366,0.019755077830954572,0.03520198854733797,0.14472648781836095,0.005429744895636947,0.09893825017525604,0.01704634439536073,0.03673042499775922,0.07758349423361426,0.00838492730562529,0.0786898752209194,0.10781776017802355,0.03160698503987982,0.04182089766871485,0.052248138965759326,0.09317303491362973,0.05294321218123206
135,0.04463189470679698,0.1238948801180986,0.011472806554939066,0.0232012204661604,0.03596925186105693,0.0016621322589205616,0.046373155091087116,0.0951293991210784,0.09008581741650212,0.11874718328532452,0.10093685249154832,0.007078745807779956,0.0024116101696648397,0.05583337243976938,0.032899832478458194,0.06425859241088747,0.07262475906847335,0.029711679788446584,0.010359714060220484,0.03271710040478672
136,0.13351274213483333,0.03486656648293135,0.015105959126127723,0.016788216771904424,0.03176967033283496,0.14859575789026486,0.1163827802434877,0.026505531897290244,0.019887135496297094,0.005825249844509365,0.017177655728554078,0.041636268438967394,0.08960086463676908,0.031180523169027283,0.008371677646884026,0.11860763874053419,0.02098075181698361,0.03639109135742999,0.02019040611917859,0.0666235121251907
137,0.11077929112120466,0.0759558056663368,0.009434135436694191,0.011852807892686433,0.049341374690530765,0.014001238464692332,0.02042995066504983,0.03789361776448569,0.033149182943333994,0.023174129263293382,0.03491390237041534,0.024520376818526705,0.03424824805267104,0.045294729524345156,0.10441016843934862,0.07549339851473376,0.19329086041028284,0.016760309769769593,0.041730594187900635,0.043325878003698214
138,0.05699614060463781,0.053191615163357756,0.05597746349475692,0.319311896929714,0.02526886134689529,0.07013699429613944,0.025532423514643625,0.027347552234134646,0.033259623725294465,0.046226887613262935,0.022634367978131887,0.016369906527805015,0.011943906210361729,0.07405997508403232,0.005359549142431959,0.027693071936378412,0.051482774970799644,0.043924810742620134,0.016310551865170067,0.016971626619431943
139,0.05661974855157857,0.046310639028022106,0.01742032466047229,0.002322117858390167,0.013562473913823507,0.08271461936275494,0.02734208460365881,0.004329742304399694,0.06584571882971846,0.02938068428149941,0.07923303208556257,0.08914437477067104,0.058251286034774225,0.10507583360373542,0.10843592357225905,0.10152809198943238,0.03735322521848535,0.04048906113518207,0.005708310721119788,0.02893270747446017
140,0.06122521174672081,0.09806785221649782,0.008035057505049013,0.008491719231783487,0.009046936186550492,0.004565641056798295,0.2235682507161956,0.09852170384014611,0.011558515689066138,0.0873974656947622,0.0607783117697684,0.008599600521256506,0.00458289766204438,0.0071280364013457925,0.004164357662601014,0.08135849245081074,0.06868544740137256,0.13847939798133588,0.004615173790596344,0.011129930475298434
141,0.03993251908082436,0.02338217642728561,0.5961313053606404,0.014512180450903304,0.022299181663916614,0.015255912452959802,0.01885435757168396,0.025489531026199354,0.03178347230372431,0.009634617722120323,0.023877907636423168,0.03173757280622328,0.012496318922505075,0.02865697513802293,0.012295290150024066,0.008096299149412645,0.011035156708249878,0.016025653586766792,0.029347829061683543,0.029155742780430666
142,0.01557567134699138,0.1329954733126538,0.02800497998754186,0.02184015667716015,0.025291456881153404,0.011875796294172982,0.015453528196858173,0.052585007751929924,0.02128195164908065,0.006562881779956058,0.01664102099584086,0.018002076620759026,0.02084581720856949,0.021935016215994745,0.013928684498598949,0.016198962160327308,0.44272642615122443,0.08524449612187635,0.018830758929363953,0.014179837219946577
143,0.013222237920863009,0.021721871146040544,0.02513683491763315,0.0127958926596851,0.14114831812621864,0.007838008125398664,0.017022599198231025,0.022264133627947436,0.020783056402855975,0.3838894306077789,0.01983777774253024,0.028899362420830237,0.05276381615791627,0.021354688806345393,0.042876535843152604,0.0102411541825668,0.015730403578979625,0.09401666934292714,0.016404669014376493,0.032052540177722674
144,0.00647076084321946,0.008459547958488212,0.013757142612053934,0.01209535979448924,0.18943717873982413,0.006362975015731148,0.01668982471489009,0.11991399533097342,0.014359133442756073,0.40924988874393686,0.03744868862534751,0.015096560128145274,0.011951349767102779,0.03899556455799733,0.008582949730413406,0.0052657111319488374,0.007076788525025422,0.056867040875851274,0.01178334713097536,0.010136192330830159
145,0.22680183356794215,0.28668277451592955,0.010998039649058038,0.009771797614977212,0.01740243128132184,0.010709596034485472,0.03700217389541298,0.012918518237763276,0.0112477169866376,0.004410318489372722,0.009256246902426088,0.015963119360285685,0.006059289862917009,0.016884046539785025,0.01181776676213958,0.09732394626860266,0.006835726409280299,0.1752747210173121,0.011789083770481872,0.020850852833868755
146,0.03703617538319752,0.014712327948566986,0.5651246182740671,0.03117475573272343,0.023820529580415042,0.012713522262740189,0.029353854751394702,0.02870582127725272,0.02946692690386771,0.010433055057615184,0.02120107090278195,0.037032817167469846,0.01395430255926254,0.030249358655076337,0.009570199102419684,0.009175453106258535,0.010849080944536172,0.04421052630987012,0.01150237982635509,0.02971322425412908
147,0.015052028155420701,0.008163838148060218,0.013459872428997488,0.012638487917970807,0.008971916670376955,0.0039879173763779354,0.010406196162964365,0.23924963764199683,0.0149561589535836,0.16092122685229507,0.27489279575189146,0.009911616618119432,0.006368748791072372,0.008647570005318257,0.004733687135372481,0.005600474940481712,0.01861104762890057,0.1634393460768778,0.00817634040753296,0.01181109233638889
148,0.026273952296544917,0.03119518276442886,0.03963386609877126,0.015499099224429207,0.013448704086577473,0.68577655022921,0.0180641842363581,0.01117336955974473,0.016946167406988535,0.005275653690164174,0.014761995009542471,0.017987833401417967,0.009169455044808114,0.015557872326327264,0.013325696372981161,0.021066672660959077,0.010840181376258511,0.006680235114837106,0.013586982774030412,0.013736346325620558
149,0.03680857552930286,0.01218814544571332,0.013953487381641165,0.6878105745470694,0.01223944589616033,0.03187407194582848,0.021535960483121855,0.015184445802477065,0.03045780088241066,0.004258978088638325,0.013803682716976608,0.011938592175623344,0.008892319079917584,0.03721931148089785,0.005637984440133767,0.0055893269188830915,0.00758314490204782,0.018658181352901572,0.011025847097123965,0.013340123833130846
150,0.10625361814370224,0.12026969991187698,0.054467998008258314,0.07869337765471321,0.004050693108470822,0.08535301375871553,0.007900506632815914,0.00948283658575739,0.07020136629290201,0.03318550299683909,0.04854184533163984,0.07534185220331577,0.0031879900479155703,0.09951101920214507,0.02468235165361484,0.1107048401586397,0.046340686461560275,0.015876243017819036,0.002402785080408892,0.003551773748889529
151,0.24270195414314677,0.064512611310524,0.010230696280125968,0.007063882539699631,0.010702942467337702,0.2159999021003516,0.008106253793052173,0.011003867523993106,0.012471789890730701,0.014554903271270181,0.021815145053601045,0.010606451474602699,0.014018464762591694,0.00698010473997105,0.0027847407005766878,0.26956108865176986,0.017845307451450593,0.04156527036732095,0.00625746194586185,0.011217161532021654
152,0.1309468128814364,0.05981026362756948,0.00621713558345003,0.004920004027009562,0.06777669781954382,0.1044172279687486,0.04245884873312635,0.0058607426144603025,0.006707661663776663,0.0022556689906141065,0.005615182323386712,0.10853369319631648,0.07213233589671526,0.12668045721196095,0.001739816668465867,0.1437772043430821,0.06694878659750597,0.013617772075841798,0.004641617909342475,0.024942069867647125
153,0.04326168471692547,0.0358475571419889,0.018455056052075324,0.005390136291182768,0.017611249378120253,0.02772867846087234,0.11480344317041308,0.10312906111036263,0.002461792966243821,0.06107064440917832,0.10823908214755283,0.03435019703473773,0.0027137349011073448,0.09521887056103814,0.008194651638725684,0.080513768999378,0.08762804354747025,0.12283333033940444,0.013764885642440288,0.016784131490782353
154,0.08333225253120403,0.0854752705289313,0.006128804770383721,0.008786488053043924,0.08072819461853126,0.03995311394384803,0.1358658140467352,0.011724899811669786,0.02146677441165517,0.006752784562822066,0.01838796742622141,0.02845854160030541,0.09090255168347482,0.008667179584550566,0.016728312431369383,0.0974428680742135,0.08280122285706465,0.06240774007030515,0.025567734564125196,0.08842148442954546
155,0.0637525574155966,0.03624888975498339,0.015166013060893312,0.09530230308825034,0.029873280837964943,0.017319162101279012,0.0829304988890706,0.04853830837087802,0.0473336803415492,0.05290430883178304,0.07245085656349527,0.02301451610640943,0.028732806969178806,0.06760290122132946,0.02789269716595189,0.07869898614736008,0.08807107618020285,0.08084504254278146,0.034659178174798334,0.008662936236243951
156,0.01954532860249254,0.16611597653262444,0.007712890038255113,0.028697402495549414,0.031466918116132385,0.02490280803082258,0.04806908883655401,0.19039957271016333,0.013122556532594013,0.03473853726254025,0.05889817748443134,0.02699937889053661,0.005238311616080252,0.009062048607447375,0.004147945959279867,0.010305345111516189,0.050790963468107,0.2443817000012619,0.010980878022683252,0.01442417168092816
157,0.09904454792327223,0.01766383962176507,0.044285461595455364,0.4912211609470298,0.025629066744488362,0.03211613697669584,0.015666665008514824,0.04003489648716432,0.051734715229934225,0.012160808216499702,0.023723194741274472,0.01773986139799884,0.011208922617094509,0.023880734209916484,0.007498764244948193,0.00939402626380925,0.011433507322279417,0.02257690316118231,0.02038167879954392,0.022605108491132918
158,0.06504796864812755,0.05333433800510168,0.01073951774553644,0.23341266707167937,0.012722775179538267,0.0202471976533839,0.01133158624609668,0.013549787725102357,0.013359581820061592,0.003722359520386187,0.030690050529329688,0.0681948489110492,0.00524228990312758,0.24695276659625415,0.004737824432510797,0.08672718531351123,0.06942351489120792,0.022623310791856775,0.008838170763703204,0.019102258252435417
159,0.04516963833266128,0.023525407038255924,0.05380938530332544,0.032515991126007504,0.0466434213392779,0.04327693476530222,0.051562486616625526,0.04404245203632107,0.0254709745443202,0.03279747920309215,0.09362553659364203,0.10207203991871942,0.009393141571878878,0.1135026815283305,0.040753931901700846,0.04976006670566037,0.08275234256407282,0.023183222157324754,0.04808899187867088,0.038053874874810246
160,0.00837869924407064,0.01621199972322811,0.02305231035648252,0.018745166512775906,0.017307153166261777,0.015866600068487106,0.01570063732070805,0.02454437250781351,0.12052162989674246,0.012642526532195867,0.02324754435314033,0.023386335014664444,0.015022902655494413,0.058911802064209595,0.53800157779225,0.008689147431972234,0.013469666010316532,0.009818314640403454,0.013562705142441877,0.022918909566341277
161,0.011782417017724237,0.23561270008159396,0.009680436303839048,0.044816604765204535,0.017031115390799944,0.004971680845730379,0.010066677242897476,0.04674185439899112,0.019645728666369797,0.009940216149637998,0.02746446753590552,0.011921713258304706,0.01623735951059875,0.022183262853447263,0.005922100059001764,0.24025717504917393,0.23174403048319187,0.006236391222158919,0.015410022860191492,0.012334046305237293
162,0.06278852044744265,0.13479976375348623,0.007496795208900792,0.14555522900320753,0.0350190162208936,0.026747728420971832,0.036611520449577065,0.012098312280199277,0.08198878704295658,0.07057411339417789,0.0946440105594103,0.03500272869783703,0.016656314094752885,0.061857283279153685,0.016353557220071254,0.02745452972632059,0.048761150840086816,0.03595697640353916,0.01759296081737009,0.032040702139644724
163,0.07578523459327968,0.057424978547158154,0.005118668492360669,0.0036015274906831805,0.013302577070078979,0.07126579074370255,0.15263549143178148,0.024961994264278975,0.08185126591855145,0.024012888980111637,0.10215494952496858,0.06976601031173628,0.0028429487658478783,0.01696694354523902,0.14889686298143656,0.07431693359838769,0.014242679303407078,0.04212948118023576,0.009277865133730807,0.009444908123023597
164,0.11287813257241697,0.1704199466714708,0.005250189206139948,0.012073274071803565,0.005147597843300949,0.0015381261957085432,0.007864524084824409,0.12604951699700195,0.007228302975007967,0.08731983847451905,0.0868306089293987,0.004499699151884192,0.0034651271486127685,0.0042493299524656875,0.0012991515159790931,0.030273434270692366,0.15238222332831652,0.17401029382021857,0.0031259047886264143,0.0040947780016115185
165,0.002816917024438231,0.049876205608955865,0.006910274960578983,0.008686102781569848,0.016967990820721656,0.003512278624737805,0.030913062468763394,0.07757572836806731,0.009678105671774231,0.3232226381092499,0.36376089190566224,0.0073929894298108085,0.01122801670474567,0.005734811882430962,0.004912539069561988,0.002193799382067491,0.003079235486892363,0.05768883542905855,0.006931555350391906,0.006918020920520783
166,0.03870672142103965,0.05671448761906332,0.08501490954769231,0.12199769787735311,0.00853101331486991,0.04951887438009344,0.0716402288573197,0.005496823559436347,0.0480739091695207,0.006537564710951404,0.0539063522195071,0.10008693350016472,0.007515908092626165,0.08961513198077305,0.06316532776934147,0.07439445655577663,0.09125647097204492,0.006829907496836785,0.01033482072229007,0.010662460233299231
167,0.09086299451360726,0.1458281410283253,0.004502173356648659,0.005236933119493531,0.008428104198344423,0.004412401534912292,0.03390107800518063,0.05782301291482554,0.04724357606486772,0.10023627993290249,0.14740918658486113,0.0057759323575261295,0.0068628945454242115,0.01474928570037606,0.007551992077133545,0.06191251604662233,0.13464982046312918,0.09607988850088472,0.0031976852460495002,0.023336103808885348
168,0.1030051710073048,0.18874384980136177,0.004275338313366824,0.01735749231468981,0.0064237620465370255,0.007784604461227106,0.008813188928902762,0.2197152812654286,0.005580443293253933,0.19353439870010256,0.03325346614131751,0.006755206855083342,0.0028646909911389786,0.004120149992578442,0.0016093421539321799,0.0021120853021206207,0.014545261666382129,0.1707504048201287,0.004581689156384556,0.004174172788758344
169,0.08938063279634999,0.023067817090038616,0.06438935292361764,0.07970034716341483,0.0062394531652149145,0.09964915298142642,0.12105421489711625,0.017851677168744168,0.05379702304614622,0.01244050223031102,0.0057725569748083875,0.1083937430384834,0.0020739171050489715,0.092249016765991,0.004703880932728346,0.09198152635032907,0.0773130920325114,0.0352878714239396,0.009841199646252833,0.004813022267526954
170,0.10484180097290155,0.04063307896892978,0.06778145182857247,0.04830591435386849,0.016038766774718743,0.05684341081488551,0.0730301697265197,0.025125748899933,0.003308686421617533,0.005143766518968862,0.06874138478702362,0.0808001742266003,0.0760567314196808,0.06443662330325556,0.00145337382943518,0.0599512080829869,0.07140938114269409,0.047131230276326666,0.026848796704365283,0.06211830094671596
171,0.01063837628409078,0.013607580900324864,0.012396345880746073,0.014796780116627571,0.1043276435863899,0.012862052707803662,0.02204894178722797,0.012174339748933167,0.012610036302448533,0.013761189805476852,0.011376527985426696,0.01684614491373992,0.011007040279254861,0.025704276523201116,0.01799354665550524,0.005231719581023822,0.008994136224954605,0.007003086582158514,0.4711038913753621,0.19551634275930369
172,0.021298995862985372,0.012451020458557104,0.016732105788538253,0.010078829588613907,0.023559501136090198,0.007590237607422007,0.043650324995147954,0.051652070187258765,0.014153928252436642,0.478806490639153,0.19066258056409083,0.017897802471556274,0.01770354485813598,0.014486162109461026,0.012832616733830932,0.015231501387991835,0.005351985636249341,0.009025048209684248,0.025741062810051545,0.011094190702744793
173,0.12032756884217795,0.027104460795532418,0.07805894870706806,0.12129833799078149,0.003180327332876073,0.020663285861840196,0.044611725479682694,0.004677531572581579,0.015628562235220512,0.020478662692274902,0.08845866814239091,0.08888226886893574,0.0013831197345370377,0.13004977470102805,0.03355701078235053,0.07022144354762944,0.09922215425956468,0.023754978419098006,0.005542322515207145,0.002898847519222642
174,0.008789026289528679,0.013842632772510657,0.016768481396365463,0.04313722133107998,0.01740018553777407,0.0064955545299498485,0.027162967327586045,0.053039948951391275,0.42857311584720337,0.006237541280104618,0.018378602688203,0.03408354576212642,0.00910994895382278,0.0219371494782873,0.24127836496575997,0.006778948675268681,0.010746689577096387,0.012913889024173593,0.01086019726213008,0.012465988349637818
175,0.02738881937367715,0.06940520432599273,0.008445187749912122,0.024411281468912617,0.020647929072378526,0.041609621718626776,0.07308518496072293,0.005854727051508978,0.04729210312858952,0.010915642326309863,0.06135923630869314,0.07288109201453143,0.004521333351429724,0.1252389224225772,0.18030354296960333,0.1387729424145895,0.02605374484785399,0.017469526795259344,0.025134043103106678,0.019209914595724395
176,0.015296656461620378,0.0229666983241438,0.023835131175040533,0.02900344698281275,0.01851893005359793,0.012929131393996738,0.01521769529895074,0.022094890861898375,0.021224760525586396,0.04714993256989498,0.02434066004540444,0.021067883239486423,0.5798066410839974,0.02141794948616533,0.01410081646413367,0.018676527043911297,0.034148001291941045,0.010029675007560761,0.021918456291313376,0.02625611639854378
177,0.08737382731347132,0.0774916618774357,0.01651156427839795,0.09503161131597737,0.0060423512541258675,0.12390884745528913,0.03770908371231776,0.025612617515515603,0.004617363789597046,0.03627794965262178,0.053413531060585454,0.057700317141426365,0.013036797420313152,0.1036793153400519,0.010284001786454056,0.07248745366180945,0.10517916217288006,0.013437702919513912,0.005949990253749915,0.054254850078466234
178,0.1147984706676063,0.09270936405000094,0.012144039352066954,0.11671540260618335,0.007947181488227073,0.050249988439115885,0.08876744186673653,0.02815280548893466,0.006280913901408144,0.00263240536840119,0.11899368618807321,0.14942498631125295,0.0021969133194941898,0.02144630322177875,0.0017006802720314308,0.06623115274522999,0.07073142937836513,0.033987146900578864,0.005846669597037558,0.009043018837476895
179,0.008127379795680643,0.030546360723070855,0.01932237032437316,0.017373975266632008,0.40806469272055684,0.008739629765979254,0.020476186033906833,0.014525084165134776,0.02664072210129301,0.023361117079853572,0.017935137213506053,0.01880936554290538,0.012529498530345838,0.017499001162720556,0.007929283169151377,0.0348257879555946,0.014243709671539765,0.014699674507593179,0.14496487004379585,0.1393861542263665
180,0.17176142456649998,0.4321075288246882,0.0098626812291483,0.013716352265660908,0.014300437379036983,0.02721265903916214,0.019739477658148208,0.014329704803693406,0.014797749474028524,0.005348281612047262,0.009867663726418223,0.01681038175393918,0.008954787041139133,0.016618980982700676,0.02643182266239322,0.013961445298333462,0.009556970562506411,0.10047797050680926,0.01139903378454735,0.06274464682909907
181,0.0086938125195454,0.019633977208306178,0.017354309749091988,0.028615488516521334,0.019531080384637797,0.010785930202135635,0.016588744913190668,0.47692797037392337,0.02708890502193438,0.013613461149171132,0.03355692517747483,0.012126201127829144,0.011984103796678492,0.021962917582841447,0.013752253205485652,0.009512990857478943,0.029586145511507976,0.18387615162329707,0.02546905042540077,0.019339580653547687
182,0.011418944499907244,0.025144403394391533,0.019752858938070314,0.05125125355354769,0.027260074459464614,0.009387160893363274,0.013081936763540386,0.01908455938922501,0.5772614630472633,0.008917796283269816,0.02713806917942959,0.02323306430888748,0.008144632069274203,0.02819072943018188,0.05402915636979619,0.009947948904735838,0.017894935377112738,0.010816476361645698,0.03594368425367975,0.022100852523213418
183,0.03954395895665445,0.05518108191451529,0.02138990792731042,0.03862806197638371,0.020374630943010574,0.006355560408475478,0.02089076518571923,0.18209835962454218,0.01638889203646182,0.14799955632564382,0.033695605199339014,0.018586298561919172,0.006479557225909207,0.015300501596227286,0.008017014673199667,0.00829913867301516,0.009395109253218539,0.3193544050103078,0.018402638155907054,0.013618956352240193
184,0.03765991552251484,0.03519208348104872,0.019252310417613633,0.11070136460492545,0.017385734932333686,0.023177951158916237,0.09233675151059781,0.04844895369535292,0.011057252931147052,0.18454341627463128,0.15509102870296537,0.08253687975133468,0.005940250335669598,0.06699844554969668,0.007970155259455517,0.027690880352660673,0.030160123298000142,0.009615112146969194,0.016195547920375933,0.018045842153790605
185,0.07018853418565561,0.27007086077499076,0.02276572901795154,0.03439086187270926,0.029419578432598008,0.02155280905246092,0.010750643537069832,0.04397488792589503,0.027406868586115813,0.03382207859559539,0.029390957234573516,0.1683930291515629,0.01053296027571867,0.04534696550751566,0.009963507641402183,0.07842544748728691,0.024220002929659333,0.03429677888789127,0.017751023777988297,0.0173364751253591
186,0.04643674477947689,0.03530639018882848,0.04485898515728371,0.03185423528616995,0.028934866107779397,0.021281819081304467,0.015904624122146323,0.030711950216024065,0.03367185222952339,0.01762844313106171,0.03258085745005591,0.0341741422505155,0.4150689034635365,0.025410738036481265,0.014530919691017396,0.027022659040282712,0.053059700748131114,0.02161890671127916,0.03886192860116367,0.031081333707938377
187,0.031174242377608935,0.06650851186820853,0.028023572026312178,0.04060956309181696,0.05239590753435905,0.03140782770895411,0.027609335221915613,0.03579345908713687,0.028993806103969594,0.017171915945746782,0.02834398854585476,0.04138346869792772,0.02354959954274701,0.04032899099550979,0.03152679243192235,0.06865368053373685,0.03190487124815647,0.024737052492015854,0.030865791437992333,0.3190176231081083
188,0.02474718259616631,0.017611078080001306,0.01866637026041662,0.022969881904592558,0.02152526661832229,0.009289823673112324,0.04648555479482393,0.01853483124778177,0.02754493440670998,0.009868284072811945,0.03652204656718305,0.015361588739424548,0.022641119181344923,0.021390549422886613,0.011110210421325107,0.16695170272992554,0.4628018099439413,0.008439206028924298,0.02163656675843942,0.015901992551866185
189,0.14809268654446608,0.1040803999306147,0.009479498957357954,0.01240292120306866,0.01458938522208764,0.11588465254066277,0.00827123451415318,0.01423491138335595,0.018330344436446284,0.005885153471034917,0.014366747972685704,0.021915875930962336,0.05178646864471323,0.013312576499901021,0.010924347967744356,0.31368512174155233,0.08363095140892972,0.007283112855363767,0.01639812159964497,0.015445487175254357
190,0.0361757303529437,0.01868303362622932,0.03451083154837194,0.0776961416786857,0.004141040411501356,0.058626569359822224,0.032110133236485185,0.055067371773586525,0.096051059185263,0.033128031866002376,0.105835551634435,0.11099333695330865,0.03342906287680055,0.03830424515206601,0.049311085572565146,0.045909398983284264,0.07413135587132276,0.06390089416301696,0.009910270392070382,0.022084855362238965
191,0.1911872204849391,0.22061332393025723,0.006328913710845216,0.009348458609327263,0.00837872123879124,0.014583820886708346,0.009700927609558426,0.061118066097565746,0.0076153098809278105,0.15305798078709587,0.14133644398465986,0.00962841638940106,0.005581678501708062,0.005191006173921266,0.004948179146501316,0.044307439907402685,0.05050448217125834,0.038521541811924104,0.004879990965006533,0.013168077712200483
192,0.010285548940669466,0.01699870140563742,0.02272835353319109,0.021852818731000458,0.08338427288257821,0.00924812030665478,0.058918325797903,0.05937928097682871,0.04631842786869456,0.03429642624861364,0.3824304881183302,0.028648515717688686,0.010374852924289522,0.06441607070538012,0.010103014729397525,0.008573223376731836,0.05635944409500935,0.0186530313827323,0.010716919785172004,0.046314162473497164
193,0.016273113589842403,0.019214762259115475,0.03041318562868081,0.5798055485031544,0.021018808493078016,0.06436144577279507,0.025111289229758745,0.028288204025243534,0.036054921355195294,0.008010971367326751,0.020957345179022317,0.02065402255568819,0.009146814301338284,0.030800572639119724,0.009632602566042994,0.00861689621722848,0.013902253761655317,0.015191646925289183,0.02061822196459292,0.0219273736658321
194,0.07051886011602773,0.06355424858562585,0.004211978072554566,0.04512152583199214,0.08988291979919218,0.003152046092636852,0.04607677113491717,0.03160105164991676,0.04345931193563938,0.05762785223483593,0.0385041766931576,0.026268796003187215,0.0080304310432195,0.15123157897673714,0.03874734398468208,0.07056083310322679,0.09106685052240951,0.03609039265453821,0.021183003340363483,0.06311002822513995
195,0.006253571257076251,0.02959309809494588,0.016470305879651904,0.012440613421323956,0.09977691908588555,0.003536026282173829,0.017484199781774883,0.21239402674046481,0.014578143773539467,0.22030075824414688,0.18218494518552764,0.014774036362916257,0.004573415285125692,0.00931012818007446,0.007512745285469986,0.004211541634087118,0.011976371440703371,0.1150985847118517,0.005391228591299743,0.012139340761960646
196,0.01667308884969983,0.05478113417728053,0.11177407445794031,0.11178071592944407,0.06159312701747126,0.013528753737366629,0.02697297089911599,0.009663790091597773,0.04244348614680723,0.1294383032034045,0.020922139036149628,0.06036346740437164,0.0018080789878143796,0.07768392173782532,0.0023780561167383836,0.0704111479716047,0.00219926146061838,0.0061131760821531754,0.040520701347213924,0.1389506053453824
197,0.02071770283250163,0.011966398231302161,0.011143364781782478,0.009994162343787793,0.044924871928277474,0.012739973577501553,0.019550459087567834,0.07448795314896405,0.16542993701000475,0.10884152016549112,0.04047805101193508,0.013128136110097211,0.004352934514601073,0.10149334705316837,0.28885766364704724,0.0059307095785936905,0.0047979024660407535,0.01921189777624707,0.01088220634378355,0.031070808391305195
198,0.012674228364959983,0.012783165898706426,0.008278747844523916,0.008395643620003163,0.16092726083296507,0.0025341304008516504,0.008078615225528323,0.01088551044617206,0.011935331907964574,0.3038713424621855,0.22181566973796377,0.014702249438386534,0.025303500544852916,0.012168648769497609,0.003407670583979772,0.005167859512152584,0.005426243823393029,0.026343316441452488,0.030658998270168946,0.11464186587429169
199,0.045140829992984764,0.22008401967418767,0.0018554746944378505,0.007496155584494805,0.0027550911281673403,0.001305744963960161,0.002401126910090435,0.17914161577058826,0.005696084839495569,0.032381003314431965,0.09431346322906395,0.002103700330399572,0.0006685794700556349,0.05677831512552825,0.023095305677753242,0.030203998266145622,0.14404108362864054,0.14485228138032757,0.002783970118435799,0.0029021559008110126
200,0.0043655699004400755,0.03419196996191951,0.009182760663615721,0.0109033179660697,0.00885650549238603,0.013984836062567849,0.05278234758021348,0.013088548687114825,0.032933833973028744,0.006600054048400682,0.010869587946871885,0.011114893729191775,0.00243466695312342,0.008761290830880161,0.7430549093790986,0.004258214424705821,0.004486708209994755,0.005443316161460943,0.010804744922153935,0.0118819231067621
201,0.05667297174641529,0.057819827805470854,0.004572787964441302,0.006474614768140768,0.01719122065256019,0.009311327784755977,0.16632835620530023,0.01918559494004808,0.13136794302438853,0.03386572826498073,0.034060434057033226,0.045983430398288866,0.0023736580511654615,0.0786874983964097,0.17298664308049433,0.021512909313303026,0.04500298576786979,0.0658016347787718,0.01182166204415427,0.01897877095600754
202,0.004929647242990685,0.01667908356357244,0.01655042666861418,0.01682829614204582,0.2954582001545632,0.0075370384797268115,0.2884177081885566,0.008903201419418909,0.011774308726526822,0.005109129601299883,0.011198046650448079,0.009856057379746127,0.005137034698043769,0.019326080797440543,0.022518207488994874,0.0046087443903054266,0.004853644577022368,0.01369668405269797,0.07909113869938308,0.15752732107860237
203,0.007611520988111098,0.018097324529092327,0.01826816586237017,0.05334416527039161,0.02752630078717982,0.6708001301484846,0.011387632318799249,0.019561888168704446,0.015041212146711615,0.008734340345807185,0.01800563110376647,0.01811978233634843,0.007125232041631628,0.01805853295490134,0.018504876851578974,0.008337376569959485,0.011468749099220047,0.016830443946987902,0.013974406996273206,0.01920228753368039
204,0.00713416649568575,0.022215056929582214,0.0165604462573557,0.04768095872368958,0.021101707216441792,0.6411976079952934,0.01575948947365969,0.017732027457255595,0.01839865840787073,0.007108280707848237,0.02102458460975678,0.017226491679292036,0.0066626261471196034,0.019007382779325035,0.05076640316604729,0.007383093145538818,0.00918165647388087,0.020148933857295322,0.015800957613458295,0.017909470863603366
205,0.28490552996502794,0.1807042590270968,0.003047109858497255,0.004176567951359439,0.004122620890482091,0.05089270515517485,0.001838971632069599,0.009916456075456902,0.0022840457794708648,0.0006730541754488696,0.002000410797376443,0.0021895083211080323,0.0007050809510278748,0.0029557566175413934,0.002657559153772375,0.18601768217684722,0.254161669360283,0.002615721774140872,0.001167987213134792,0.002967303124683391
206,0.002555730277015507,0.005075950431828122,0.004314455844980568,0.0066625017784248996,0.13322453861195185,0.002538310938995567,0.002620263088313768,0.3585298681040999,0.007295081502913111,0.22209826209389025,0.12298149225114735,0.003355980497128043,0.00270869520079917,0.005287624497176542,0.0021450436522855243,0.015114367592709243,0.0023926305063329805,0.08969733478591854,0.00426299607673135,0.007138872267357638
