site,A,C,D,E,F,G,H,I,K,L,M,N,P,Q,R,S,T,V,W,Y
111,0.012148253907609902,0.16812395942860636,0.10173182244553552,0.4612979430038401,0.012982021716887575,0.01708117534303221,0.008758953828855533,0.010886399174230909,0.03722635620179233,0.004544684646156101,0.02187109561442658,0.012198825238398934,0.008131037026052614,0.01503811815808906,0.004907409931136992,0.05676958394542706,0.008176383557100026,0.018546513190472968,0.01023035173987368,0.009349111902475529
112,0.06354038612335099,0.08265120533486002,0.07392760725885388,0.09143604854341765,0.005013967627860925,0.019092660172042593,0.006756352028513001,0.03830566435788696,0.0305571363690298,0.03749850480645299,0.17466045530184393,0.06286562536916535,0.023526968874528154,0.07148380475742575,0.020711483395021112,0.062202826159139635,0.06926480614749896,0.04163814904122733,0.0015890010708534189,0.023277347261027575
113,0.005110475326885553,0.027279425029165486,0.011893591608728172,0.01598209593637343,0.016944185311247053,0.005260821862131864,0.021593432602735763,0.016934042150755918,0.01736425674787746,0.021921022751314967,0.012266194415942115,0.011728302814038936,0.7477943482573598,0.015994585283335614,0.004846240684252334,0.011823681186001602,0.005866945659630801,0.007930553737026225,0.009960487608636793,0.011505311026560099
114,0.08433811954970274,0.07651897918397238,0.007405645976851435,0.027880433915923312,0.040698054280929714,0.0020169752891792065,0.026702558415623065,0.09030890793363872,0.02909843952026606,0.09846810667538146,0.11908905996803719,0.012781680956397019,0.006674106564344222,0.04168564505773824,0.03704977237121552,0.06450951934138995,0.05382678458355955,0.08835801977571305,0.04963326043158183,0.04295593020855539
115,0.041045054886329604,0.09589923668191687,0.009001184769137326,0.00573593091962844,0.006352276928847818,0.04908005254396503,0.0946111712195932,0.05568622287790779,0.01627763940300765,0.09240187389970365,0.07002107591196612,0.08764224870465674,0.03280059872225335,0.09543744668692185,0.033517946524883525,0.04093381543853858,0.019054004044791212,0.09059443105647404,0.01561269688707429,0.048295091892402935
116,0.02943222415065802,0.009554824806319006,0.008462390222264625,0.021181590733044278,0.024508198585392608,0.0029666646271139193,0.030799466618700616,0.08311377810544378,0.009508346068330306,0.008595021006515744,0.10493742583587982,0.023122654441630853,0.014291308623198119,0.06359112794589826,0.0154371564631752,0.005660275995696817,0.23314120185344792,0.19546103650379187,0.08884546195343611,0.0273898454600621
117,0.0052516911190803,0.013208825812209918,0.011074225612860781,0.20886144961204983,0.03396423125875708,0.003695889395965284,0.019781884482975534,0.026213239377540977,0.046878712907491224,0.02109760008586551,0.029607709067193407,0.10096015206802184,0.02442333719552489,0.28203115726303685,0.058156798520721316,0.05507546393633638,0.032330527209638985,0.005944200433741512,0.00902979583958096,0.012413108801407495
118,0.00876620801032616,0.02095800216112544,0.03640872875521211,0.02022733615711489,0.017660345196370216,0.030713170232320335,0.017914955748488445,0.021247725631842587,0.019815971643977144,0.008264277649824469,0.014368071631977538,0.042169461604663915,0.022842451558181497,0.026340436118790757,0.016927382465409205,0.43774698624876085,0.2040297097426851,0.008468764236606991,0.01210743235271431,0.013022582853608066
119,0.01806480075973317,0.05466504520051408,0.021332026962442057,0.01865626144931246,0.039517783573282415,0.010706868778539118,0.031770682290939406,0.02219092774950671,0.017914773585817192,0.017238870857201688,0.018140073152777443,0.02781766735109856,0.015744108559810475,0.019588278618498163,0.0086646716986801,0.06105471873781732,0.027657753154179357,0.008065090970800527,0.015230059338758324,0.5459795372102915
120,0.009135510098268762,0.022834916637889995,0.022160777690872706,0.050821450009002476,0.02136928183316829,0.6024957004388222,0.017619698409398636,0.019625118757230428,0.01587554883517487,0.008528902452908304,0.027319838616640887,0.020142402900275237,0.014089655721155359,0.024875925562519042,0.021336345078690276,0.009997925013435953,0.01508587121113835,0.03932464349304438,0.014326603190548957,0.023033884049814782
121,0.010077168169719155,0.02475992793692715,0.017304752496901107,0.014875414817838169,0.04930761662379527,0.01312580452058145,0.037007872556149846,0.01844641797170311,0.020488909291254805,0.011753299649403776,0.023985477238175207,0.023917861724728533,0.01192857741100967,0.023618615716446332,0.02866536083364298,0.008486292304899414,0.014409929650381457,0.009424463007288676,0.5645447607464353,0.07387147733271852
122,0.014671770240548448,0.023956911859351417,0.0535356158500449,0.02028426185799557,0.024436867795202592,0.010419836203723219,0.017146583580178378,0.040569488455342785,0.021349172486236075,0.013788701986553121,0.023325177414426843,0.5682597547412284,0.012181392109013955,0.02240072934030771,0.009463491466031137,0.02499349274133942,0.028463313858058722,0.015222151375485934,0.017229063086603016,0.03830222355232845
123,0.06874671556266822,0.20887122135761393,0.015099140624892439,0.015808411893209837,0.01344343506815199,0.008172832177727287,0.015585833828815293,0.4140009635062031,0.021994956027239363,0.02520727433184481,0.019190566636319482,0.013592013501645,0.008641444027880332,0.023005030977494848,0.026497959202035445,0.007805183028477475,0.018661177305495727,0.05147467141250959,0.012413534555146839,0.011787634974629011
124,0.10019084187383451,0.09944490130720354,0.018042054339755156,0.006879263173355734,0.011332601437100109,0.004938679533911647,0.010138406670185994,0.17331351376295073,0.013084652773689734,0.015979479086819064,0.015745275322897045,0.010025583426769439,0.005660422148265421,0.010506910599333792,0.0032867453500509845,0.003674711456309902,0.13853247871839192,0.34280614330463544,0.007250486107087761,0.009166849607452017
125,0.03381122773756671,0.03600487112918039,0.00882006483356791,0.00676765635173179,0.021134162276259822,0.027193604198820265,0.03284619297351492,0.012582616267248341,0.2969805617332085,0.007443750488437402,0.023668884567028856,0.031174200189266928,0.008042998566526429,0.04842023157189468,0.3031403913836366,0.04425113452898688,0.028487760494138616,0.005670863725739211,0.00445189010868,0.019106936874565793
126,0.006062669377512004,0.17375466417186136,0.009741882345944398,0.0117017434780822,0.05509993539334389,0.004661027398735656,0.02252921072289283,0.03239452125995909,0.014061538238474395,0.3377382644482986,0.18109600684305793,0.014172711738195603,0.009019146724802375,0.009575437859122838,0.007833177903575853,0.005797700541767367,0.023783369592710348,0.03767919278453852,0.010937157555076757,0.03236064162204805
127,0.07715109613837418,0.03204468677940877,0.023326654249092305,0.01953137679529802,0.011807515056906344,0.027725231545342215,0.0849656872363607,0.009218508371373122,0.18108816962027222,0.04572768831648069,0.019086522155932234,0.060745516948040076,0.004232395254118851,0.045060777082159234,0.1872447955757721,0.06547684082114492,0.05196122560999622,0.03952489285018589,0.00777157541483101,0.006308844178910869
128,0.0842480512765911,0.037841890837736404,0.04349499477304116,0.06070658224461379,0.010130646210196662,0.08777693025654641,0.004739057385876075,0.007152897358489548,0.15132670559919545,0.005220927335400057,0.07474582766875808,0.04779434262616719,0.07697461941498061,0.022923908132902057,0.04848274405222434,0.1258401851862922,0.05963020451272355,0.040542443059684095,0.003857537024342065,0.006569505044239115
129,0.0788762602926182,0.0556809935619416,0.09666748997877742,0.05385884328163149,0.028632665643673245,0.08414040235286342,0.053785767514811844,0.0072747450040037305,0.08331872773400337,0.027928480439341943,0.04903499887008353,0.08425740467829816,0.031035001683521652,0.09414755850551003,0.05698323064962494,0.06757668477165721,0.004882302784511282,0.011681206560555322,0.003888185738207011,0.026349049954364604
130,0.0547954753162432,0.05104546107427144,0.004960175803618066,0.03711152781808888,0.03287713582893139,0.002603557494300206,0.05567480302690815,0.1254330184787497,0.056596602474971065,0.04977062882945895,0.07224597013201019,0.011604160510612157,0.0015585214326991317,0.08243956699377457,0.032075114394294515,0.053384512745544496,0.0737347757361036,0.08244586921538667,0.05927874382031706,0.06036437887371653
131,0.012096435568341574,0.017866553669198166,0.43835126754680503,0.04690476559909713,0.017780647502470822,0.013665325749355795,0.01176791018645152,0.014894597119171599,0.015134003272912316,0.00768502732455575,0.02098778588698421,0.2559398055041115,0.006941209272334407,0.014577537327950108,0.005806128449239084,0.020693070452307137,0.010860037268650756,0.017871295321477455,0.018141110286037095,0.03203548669254851
132,0.1039889745239833,0.18678089209021215,0.015108670846701741,0.007954656894623914,0.02441024475473696,0.004972932544754706,0.012539550887364465,0.11711831664490774,0.013138785002589276,0.10772078967111723,0.03208211047731506,0.011126182505559447,0.004667776491113999,0.018470109305914133,0.003878229648592453,0.004205261035940096,0.0707118258608634,0.23710131242890803,0.014990798045227422,0.009032580339574495
133,0.01245693001968577,0.04685374371465971,0.01494555497857093,0.009178159812426907,0.11460134827543939,0.003716618535820055,0.09654685796167017,0.04708841347661737,0.007234412561187843,0.07520882331017048,0.12121112228763273,0.05715950048195707,0.0024412518018343773,0.056337594935540004,0.0026089281003660765,0.021399431696962946,0.12613322012037317,0.003919931994315651,0.020568159738614193,0.1603899961961551
134,0.009600194986858332,0.07049384502554625,0.006160362959493112,0.011751439963556322,0.01940433794553028,0.035910412698187864,0.14439334540241233,0.005777278936107211,0.09306116773131651,0.016855850159204423,0.0366985628874667,0.08110370514202622,0.009041391414790137,0.07477921628174262,0.10662903557560957,0.032538202652379083,0.040885884898518944,0.05453487538466503,0.09645942760880381,0.05392146234578521
135,0.04527066974763294,0.12254651143717306,0.011719647740659573,0.024390256067228607,0.036408298532794196,0.0015672833672037624,0.04438345849533821,0.09155155338813982,0.09051886667392668,0.12025603931761618,0.10139792947855819,0.0063311343967215735,0.0025380609645511898,0.05373928620047043,0.03229646616217845,0.06474334466738807,0.07480319721516421,0.03144857192434602,0.010309448505662906,0.03377997571724596
136,0.13460688676657268,0.03862244575008663,0.02729981791313496,0.018132608368010363,0.035034190954235586,0.14967047619818047,0.11719093225950505,0.02608783002407364,0.019040284442847208,0.00632589059198419,0.015989709867650557,0.040405178316200885,0.08654841122804917,0.01937010523984941,0.00811711836652657,0.1201484939894124,0.021191429898744008,0.033201924849089216,0.01851999355619653,0.0644962714196505
137,0.11470701423897922,0.07634533565802919,0.01009794083919113,0.012216229625307318,0.05008900395999761,0.0143077598238842,0.01991336519607217,0.027888181347131297,0.034689360242293035,0.022142555110146005,0.03360059905910501,0.02225047303571355,0.03619221833546761,0.03906674743974602,0.10786433356511921,0.07328262476480416,0.19893511744068745,0.017198741708612075,0.041891494259253946,0.0473209043504598
138,0.05946562662144611,0.05295404426918384,0.062459299619849425,0.31381025347454095,0.025006878100136295,0.06931168143179245,0.025483344181780106,0.028704072562966764,0.031081990434768114,0.044218109285609125,0.02266204901312742,0.016179606772268238,0.013481163583023476,0.07308568905057959,0.005411121297843563,0.028035730337930477,0.052888137163164595,0.04072813589412464,0.01582134346774945,0.019211723438115363
139,0.05631251329473664,0.046344808998713044,0.015934629037457994,0.0026326091989920413,0.014508513500308524,0.08449496018760956,0.0252592432895787,0.004491262399052583,0.06788491284551963,0.03047072481322636,0.07996901385844812,0.08466566745329068,0.05836502866049658,0.10986596965656716,0.10738005511168167,0.10358099078187018,0.03664246939003054,0.03886826369232064,0.006387226747163611,0.025941137082935755
140,0.06135757048252334,0.09873988949377664,0.008486151598748175,0.008215850641054288,0.008169018630455618,0.004558399588466335,0.2237917766441054,0.09384449680770078,0.011128947313662162,0.08969725279661771,0.06258341256187058,0.008497178904259354,0.004611263614940975,0.008462041126389324,0.0041471592792260495,0.08159521308621528,0.06589586679723779,0.1402135167028889,0.0048282872941391485,0.01117670663572215
141,0.03866268474894179,0.023889269052426745,0.5995744122455535,0.013886725689911651,0.01889327543827958,0.013241173706602887,0.017838025708507812,0.02277889794125247,0.032029984121393934,0.010590990886996244,0.024227412892579223,0.034088182480781305,0.011858999043150131,0.03054800431482583,0.013359341052961608,0.008452161723894054,0.011681877575514686,0.01804133661194911,0.028138134770476508,0.028219109994000915
142,0.01455485875121022,0.13476969032093197,0.028646620533682665,0.019920314019978333,0.021763763556315065,0.010450082089659508,0.01571134634707542,0.04880159638826717,0.020365914054783593,0.007727064424357513,0.01714275877027142,0.01928421712408623,0.021283216335528602,0.024443862258519352,0.01483709272718648,0.014205610058183646,0.44316376614077563,0.08915805504440671,0.019416368673433708,0.014353802381346788
143,0.01289757573308984,0.02487664726347992,0.024589594669621018,0.012838426253563242,0.14831305183079202,0.008827479768174705,0.01655909906758654,0.02700586935441346,0.022905135495755586,0.37844727517944426,0.02152319576572594,0.028163156648767233,0.050719863384634155,0.021661261657176852,0.03947215816217077,0.008797793022283989,0.014361679535024274,0.0896307355611488,0.016196315193540634,0.03221368645360674
144,0.007232722827665864,0.009399176675719401,0.017804126465716604,0.012608902773285304,0.19273265334823536,0.00630978138216899,0.010997131531675478,0.12301229045548445,0.011964000086992943,0.4002939847734482,0.039772247076728974,0.01900374829406169,0.012811524319457129,0.03343974448866266,0.009461970188654693,0.006230766512268327,0.006589606182066895,0.05659981687833931,0.012499781011241334,0.011236024728126345
145,0.2309323740890827,0.28606424328130736,0.010777823766384606,0.010048444852968599,0.015993890514786783,0.010466187779481329,0.03799894152459853,0.012316732386189392,0.010659347270164462,0.0045347700867418485,0.009234636884449436,0.015916387956980117,0.005905048212292336,0.017631915437109003,0.012154308802353806,0.09695623981294443,0.007300470218930991,0.17130652283182163,0.012786898932410308,0.02101481535900229
146,0.03599215195509797,0.016360975574038088,0.5627499751796924,0.03136404420372249,0.025541371374203,0.013590646954063956,0.028545836265045324,0.027662639270676147,0.02868777282405713,0.010202508711979738,0.02020466407728086,0.03698233230339318,0.015177695726711795,0.03348922197162442,0.009457572181310202,0.009362533619781007,0.01158451189007743,0.042640326993361906,0.011572053844096895,0.028831165079786104
147,0.013717229740613257,0.008059420737523276,0.01422943714029892,0.011333451862913615,0.009047753583343351,0.0036295121541211756,0.01058567750424937,0.24103401530936308,0.015400576288101627,0.16082651493671696,0.2752225351792195,0.009529590930157834,0.005446031097277521,0.008153217720952254,0.004488804939328367,0.0054842379493377745,0.017276593223278097,0.16581767751392548,0.008159866161205275,0.012557856028073269
148,0.02525343124287679,0.03317128543880153,0.0416772536533816,0.015310256391460397,0.011765436449569627,0.6844972773340035,0.019496052162689327,0.011307377428769758,0.016187344339658752,0.00559967118405071,0.013186746932331109,0.017286370173036955,0.009979092480955,0.015087874498480073,0.013412253366381901,0.023203438401076,0.010577423548684338,0.006828853656658914,0.011049328712429233,0.015123232604704486
149,0.037091672989139214,0.013579574016467689,0.013833206186967152,0.6885287286828767,0.011671202293628833,0.03036020704127391,0.021429103856644746,0.01677964138584348,0.030313564047792486,0.004350421036592139,0.01371565447688092,0.011641741384397768,0.008798871992581734,0.03730957072735128,0.006258534007059379,0.00552450231024771,0.0074989426973144264,0.01645709017314695,0.010705177254250128,0.014152593439543483
150,0.1110767106805435,0.11584817999790956,0.054880770093581714,0.07794346288686851,0.003975791282361415,0.08738010888517458,0.008375119705699074,0.009264070687963005,0.06775519186106986,0.034205428100904156,0.048568263705563115,0.07560096852032636,0.003560743963512494,0.09799042200018382,0.024330267737032608,0.11118807862008437,0.04634389396840669,0.015529116277282307,0.0023118222773232332,0.003871588748209586
151,0.24242962249123493,0.06389044031184052,0.01347243239935167,0.007005583098177351,0.011259399290188496,0.21804750440290346,0.007379053079632152,0.011347441770933284,0.012112517948460282,0.017058450137714915,0.02075493110865584,0.009113658409471296,0.012122195486221655,0.0077060446820520325,0.002787744064503513,0.2691139302184757,0.018068215182819487,0.03985391815995103,0.006092727136857399,0.010384190620555029
152,0.13381582436288506,0.056312617152274855,0.00621304580686552,0.004848537307272037,0.06803923409224116,0.10410929656142105,0.04299478589172727,0.005441531559533352,0.0071431132805051395,0.002398899800076502,0.00495809634510252,0.1173585948717071,0.07169270940264194,0.11887714559544274,0.0016400124134713981,0.14209014683269613,0.06916002151687514,0.012809076092774515,0.004813781640795085,0.02528352947369148
153,0.044273766434960914,0.037900258710718025,0.01775637574911717,0.005265887539027435,0.018781450263161414,0.028228955221602126,0.11636552913913877,0.10063160029327596,0.0023008336214470765,0.05726934406717558,0.11093948434434912,0.03627832582461431,0.002861361668929003,0.09317415124507802,0.008079370207687502,0.0800096684112127,0.08574163947083444,0.12292209469169368,0.013350443158623033,0.01786945993735369
154,0.08507853655498704,0.08434570651517602,0.006061323963615955,0.007898499685806104,0.08281851552739533,0.039999895577217094,0.1369094798987191,0.010930038505124062,0.02186580170313026,0.00644347493357195,0.016667332636415136,0.02935181307400832,0.09129910956048876,0.008877989028641281,0.01768332298075723,0.0950838169023844,0.08108028793097885,0.06192385605348698,0.026071144573466366,0.08961005439462977
155,0.06507716702087761,0.037731858563724324,0.015734600708754796,0.09530388417732522,0.029877313934849496,0.017681154801080318,0.08095518986129852,0.04868445325536628,0.04675749515781446,0.05346152654826785,0.06996687388332508,0.02503669298348786,0.028503149453787784,0.06627158119305254,0.027388963249968378,0.0773359882537004,0.08751328348286376,0.08210198387870966,0.03540976227253596,0.00920707731920968
156,0.018341996291087157,0.16971526767571526,0.008042500926916026,0.02989634806157743,0.03346801958891624,0.025167007222261773,0.046977622306612295,0.1866737965049386,0.01288454200050597,0.035360191376931895,0.05361920451719957,0.02812332014049093,0.005582464631771242,0.00887258560229117,0.004569783787472099,0.012060246004636304,0.05196167917344849,0.24546435111224982,0.009916987533547465,0.01330208554143031
157,0.09263086661865211,0.018945637659712918,0.03501138221803046,0.49668669576490865,0.029028892096332175,0.030827002332945847,0.017693834397893654,0.042074091659313834,0.05021313277001968,0.012828328924579677,0.021511090811127564,0.016683107183319938,0.01066868068176102,0.02653139525064095,0.007237070882874693,0.009799634035571148,0.012282894283215889,0.024795901808477815,0.02200312888834947,0.022547231732272507
158,0.0689575057375917,0.055658329887237415,0.013057886339347121,0.23140624786195277,0.011940813105577156,0.019962583407102583,0.011397720679030396,0.015098219880044346,0.014605784197171118,0.003690896263108007,0.03059312864210172,0.06537744684374058,0.005211976270934555,0.2464956100678252,0.005285530411787869,0.08655872123470616,0.06626905974245736,0.024777923738579257,0.008530114043569272,0.0151245016461354
159,0.04539142269964357,0.022571470201115287,0.05242377064278748,0.03274287116427969,0.04734509826306738,0.043584349279938144,0.04912258151818411,0.041513110319428316,0.025175680580526327,0.032138027352003405,0.09233099261560242,0.11062358406967544,0.009679039125703724,0.11112579164656061,0.040244970382504436,0.048787786376933276,0.08317375188447627,0.0237644702311197,0.04742208163930398,0.04083915000714639
160,0.007389828127741973,0.01410006736798694,0.02294125365782322,0.019347814128750803,0.017207243496505865,0.015518802161293234,0.016940988619200553,0.02439345876695645,0.1187899128421025,0.011915270783305914,0.027427522595818692,0.025590422888033725,0.014002839418338424,0.06152633516925898,0.5363634533911213,0.007946039626176456,0.013966842294668325,0.010106241744322161,0.0128806620074174,0.021645000913177042
161,0.011561046063589351,0.24899607196061474,0.010132712613881937,0.04228910773005186,0.01451265938203119,0.004673819658538693,0.012785290680993688,0.04477458582316121,0.020181254905150325,0.004976984691331344,0.01995326947112693,0.010934131987274873,0.01512933759824316,0.02388317568785694,0.004664913879166222,0.24510687005331191,0.22842060449722953,0.005949708291792896,0.016776013520255435,0.014298441504397763
162,0.06277246262744106,0.13371631749081872,0.007049829031275657,0.13795473057235516,0.03163769918127759,0.02694000841736856,0.03245663819245633,0.012859056722346926,0.08310534088544387,0.06897882011957543,0.09967114121391692,0.03341223052938304,0.017672181103465478,0.06476383553434496,0.016099797487729002,0.035603983173069925,0.053823938200762915,0.03469984108215049,0.015028470703399245,0.03175367773141877
163,0.07633540696116124,0.06041308810890488,0.005495625175100707,0.005566127683747731,0.012132316780516319,0.07190470364985417,0.16422112891540086,0.023198763311831145,0.07053876723461643,0.024307356170417314,0.09828960542348518,0.07139468692419965,0.0029355164986073936,0.018533307687054305,0.15004965370214596,0.07489601920938642,0.014375478811329804,0.039279118924929635,0.008557292316643995,0.007576036510666882
164,0.11652275292749213,0.16716439329429542,0.004954482267445437,0.01254607364235998,0.0054533689442019355,0.0015587666989009367,0.007320543066562658,0.12589455803401564,0.006862543313364893,0.08404225291273376,0.08480151358311015,0.004641178752755234,0.0035003875777913406,0.004876072178132309,0.0012081187054778378,0.02978430472834027,0.15816750884514957,0.1729890648520279,0.0035451376048331426,0.0041669780710094605
165,0.00318349246146074,0.049436511478299645,0.006774571907520907,0.008816758051200796,0.018244425720003236,0.0034898150922151403,0.031136507190893673,0.08002966676557757,0.009853656536295703,0.320395558532538,0.36440193724124664,0.007823077154456671,0.010544510703284308,0.005799411418713811,0.005198241252634493,0.0022310599797587295,0.003122760184416016,0.05557212957119092,0.007248648410131807,0.006697260348161226
166,0.03865006005851141,0.05682787764866133,0.0824875573995456,0.11860354796481547,0.009507086319378785,0.0510267137053368,0.07668187400961456,0.006035917614695122,0.048547981024877264,0.003987317267141152,0.057817010193320265,0.10221568148361973,0.007003136923109835,0.08350366435736757,0.06268485982098622,0.07574333621870276,0.09055644356900845,0.00553336742716026,0.008776740668349553,0.01380982632579789
167,0.09009839416642974,0.1427580844337259,0.004991462727795013,0.0049069446004176755,0.009367561343126437,0.005148050149995036,0.03341314636851428,0.057125707809360424,0.04817783324628237,0.09900074922884405,0.1472015427315962,0.006401961423002646,0.006340264078781189,0.014607479194744406,0.007597250437564246,0.06225476037386344,0.1349810101235783,0.10040332638095219,0.005142935122102598,0.020081536059323862
168,0.11282350994586918,0.1459193379963989,0.005345140003932972,0.018677569620198783,0.008761185724911436,0.003933788691789649,0.01054294218964477,0.2416948307744923,0.005284187486429992,0.19299177850076848,0.03703308212963573,0.008085552057094797,0.0024692692071297904,0.003983628406736372,0.0017289470909251981,0.002590376251187281,0.016575104281366188,0.16995906454004167,0.006807900054729672,0.004792805046716891
169,0.08542954661215095,0.020106556391144587,0.06699578955091424,0.07863003574285408,0.006346853316126045,0.0981838814255252,0.11602877597195982,0.026946152766058207,0.056171658148287486,0.012764823767388607,0.00612843093212122,0.10905990699874915,0.002792039421814702,0.09401188214343917,0.005365286596097515,0.08649298774990588,0.07974201781825077,0.03374949694864762,0.008723388000280708,0.006330489698284013
170,0.10350096127187376,0.03758181467736429,0.07081219277535204,0.049434301508446445,0.015872469773768494,0.05420353213395199,0.06999412683172691,0.02481403317079245,0.003706082189472844,0.006087871980294209,0.07416592712934941,0.08132922406620731,0.07951809153508024,0.07004369641785577,0.001682474874347799,0.056773284641613395,0.060685328061758546,0.050039543366826436,0.025627301511266135,0.06412774208265153
171,0.007126247918547531,0.014290380749006683,0.013076629929739101,0.013369196704433733,0.10133194008041453,0.015446207139937624,0.02293240078354343,0.011928818888563267,0.013659902661401564,0.009379326128118424,0.010898541942098742,0.018048688931625496,0.008695089700140725,0.026145695854229295,0.021620380635518646,0.005221568511290471,0.010477485773677046,0.007227939634087659,0.47479187858793337,0.1943316794456926
172,0.014721998601954805,0.012772201868437293,0.016117085927168557,0.010491926609148078,0.024317796986856082,0.006028271922770958,0.04294171494433818,0.04940555219257506,0.01427080290837701,0.5086728562342961,0.19127952713292326,0.017493187133987145,0.018686062739693237,0.014026897694834523,0.013736180419795584,0.007733517972930278,0.005661001115372288,0.00992075677226032,0.009461422815685029,0.012261238006596169
173,0.11808063156496332,0.027926522961913485,0.07740415783066025,0.12171236118444062,0.003428954585748557,0.018453238073696032,0.04460491468888604,0.004675842379504787,0.030846962084911434,0.021295710193063963,0.08245165456879111,0.08627825305987245,0.0012287705576302806,0.1288577076313041,0.032075977239634776,0.0709984154574159,0.09760489093171659,0.02419382171844945,0.005190899828679042,0.002690313458717783
174,0.00852011436716508,0.012912782152093601,0.016330302928100674,0.03953812393593093,0.017784478010822603,0.0068198245839140624,0.03135116761989676,0.054891425162562395,0.43053147099975747,0.006597110815114099,0.018648260743191744,0.03322773335718267,0.008712271792240506,0.02345786723085751,0.23853442557229246,0.00581813232731927,0.010050365016733367,0.01138598666276238,0.012640860790240346,0.012247295931822062
175,0.02644688250587161,0.06588676567361715,0.011088385766131569,0.022282393812929416,0.018397445978221096,0.041053527785418646,0.07595853726241826,0.005983244564187461,0.04038776705732946,0.01063107639793287,0.061881182187730324,0.07668886306418336,0.004919625165093605,0.13357706000268343,0.1789875350360358,0.13666801030257125,0.025358184095206213,0.017123014891212728,0.027076166332837295,0.019604332118388475
176,0.01615285686982561,0.024765088113815878,0.02378059217270196,0.032429412163907365,0.021050624677574972,0.014235394404006564,0.015196748908628268,0.021753003593897056,0.019710681158292408,0.04589068032803155,0.02313695451527915,0.019076429758634772,0.5927212529813367,0.02844171124224276,0.016805062908561978,0.018336600628305322,0.013060634460392948,0.009189428111372392,0.01972205330344612,0.02454478969974623
177,0.09073110440893191,0.07133300967940452,0.016838929697818115,0.09439984355985051,0.005908329634214951,0.12315998670097265,0.03636075171218666,0.025437745721734878,0.004649364665365159,0.03549032420419488,0.057366185459929206,0.05623582297657382,0.013217553078195826,0.10798746735412974,0.009593118234607107,0.07043121508662586,0.10450434948244763,0.013716998525841842,0.005304172455342476,0.05733372736163221
178,0.11386516478247019,0.08986808583232578,0.012001128736886819,0.11753824017024221,0.007667360988452283,0.052229962429149464,0.09253030021079407,0.027920660188787475,0.0062775138433438385,0.0024877597004468372,0.11412584767826715,0.15155988141730453,0.0021847978187311875,0.022500278267581615,0.001885125963322933,0.06459846484032115,0.07156005770456753,0.035521135744113336,0.004872852555022561,0.008805381127869025
179,0.008797345076851948,0.032552979222040666,0.018451905143001827,0.01662587996788015,0.4053742837296376,0.007173489231025594,0.022730672550776012,0.01818912301403426,0.028132653532542806,0.020044314636187673,0.017413105335125616,0.021419761699740286,0.010969491498294922,0.019803629235069613,0.00939742072341679,0.03672142859965669,0.014742196046863963,0.01703844089897481,0.14563758941764404,0.12878429044123482
180,0.17038748446650884,0.42843352195673423,0.009510725266288168,0.013816545911925866,0.014182574028933657,0.027800407264290585,0.017818247051960414,0.014904195032179601,0.014497065578145037,0.006166712494378241,0.009134521113288536,0.01688522422533933,0.00803004576967946,0.015777616885547907,0.02691252216137731,0.015011252890948873,0.010985787601182559,0.09914879515379962,0.011517759857436,0.06907899529005578
181,0.008558097536790288,0.020512262291989047,0.01870832965550189,0.026811525847094054,0.0211575316018894,0.010404474370904618,0.01618396988462775,0.46814325851983274,0.02788185720183293,0.012694535424459532,0.027530330192564373,0.012904490673507784,0.01181513469389563,0.019313035575796958,0.013060609162468921,0.008904260756155196,0.02661888478484533,0.2026232638433758,0.027902339640630883,0.01827180834183683
182,0.011412719675106325,0.023048788365808773,0.022059257273514103,0.04590418755020817,0.031969662896689136,0.011162094131640288,0.01225430580669845,0.018262567374380013,0.5693372671207856,0.00931548914116341,0.02887694201730633,0.022840386126889052,0.0073258671911034315,0.029430340589741182,0.05931956073556682,0.010179460210435684,0.015013684958772436,0.011972286126186643,0.03929705977443161,0.021018072933572468
183,0.03911517949227231,0.050122648441551884,0.021552398083063123,0.039923167319800536,0.019383451747784993,0.006390666589764364,0.018776834687660313,0.18285712332776938,0.018201080497408494,0.15288770081245692,0.03474951846358234,0.01721219171867587,0.007437807947372317,0.013900720872801992,0.0074907524775638095,0.008681931791346985,0.008982790352087426,0.31935760225385385,0.0177344838305446,0.015241949292638494
184,0.03710880980324396,0.03595443826999076,0.020570945084413404,0.11579846198198589,0.018972876314716093,0.022405180651873267,0.09003678589541587,0.048376060332410126,0.01067919028568377,0.18105390242477246,0.1551010460114651,0.0814735458037955,0.005864170812317758,0.06618184964786597,0.00844142292693055,0.028304795298392645,0.030064286395047417,0.008352946388430024,0.016405319069678268,0.018853966601571202
185,0.07571467667483987,0.27173825869674306,0.023561903360306002,0.035865238011284044,0.025656532968859593,0.021594303989953705,0.010835813251316181,0.044350324539308504,0.026253022937801056,0.03586049965009057,0.02581948953459026,0.17458979260666474,0.010566208372301865,0.04482858901043122,0.009280425142106493,0.07401689657878673,0.02318207731721161,0.033658423955027675,0.016734879086681614,0.015892644315695256
186,0.04759791020697241,0.03996174399023463,0.04635986155994162,0.02755306717805718,0.02865271105044248,0.02156879942863905,0.014997644439339769,0.033020351167348506,0.03362968003560054,0.01833018630871433,0.028924346245786103,0.0341148209004805,0.4214979824262505,0.03307016546780886,0.011995001445219576,0.021307022868754643,0.052678921289499615,0.021583408341007693,0.03318847786710713,0.029967897782794944
187,0.0335273765664057,0.06449670702802454,0.028000556326392912,0.04028330384255465,0.05634816102439852,0.034826387888020706,0.026279640974193875,0.04120056933247149,0.03015692134904689,0.017369622194683396,0.026430918760896076,0.04546924510360687,0.02333217840330159,0.04192528067550865,0.026790500223808168,0.06029588474404899,0.0289651713872388,0.024523368765983426,0.028389195649152283,0.3213890097602624
188,0.024810303067244764,0.019449457907595502,0.020215555475709242,0.024866125375001775,0.019833066910576135,0.009066417890643613,0.04078239031162234,0.01888380080123802,0.024384761655114433,0.01033457720199263,0.03161222070835942,0.018045828626528974,0.024628653403657552,0.02111059842349011,0.012427664181612974,0.16148240790990553,0.4690035656391002,0.007691866691929154,0.023773001848180604,0.017597735970497026
189,0.1495890875828621,0.09225974575330798,0.011201725106273961,0.012672954137872543,0.014913015022748749,0.1186054488783421,0.00951455169095555,0.014488514248367335,0.017607652079324375,0.005417535972323223,0.013460142671676646,0.021201839941929305,0.05335785351603772,0.015258393254750837,0.011188031036359595,0.31838173715964424,0.08510291260370673,0.006510044104432754,0.014228126412526743,0.015040688826557522
190,0.0349670253010361,0.01828248831581135,0.035167717453345244,0.07827600874640359,0.004516667667649391,0.054859969442152406,0.03324714422290339,0.05675667730069459,0.09286417772856803,0.034603099645682076,0.10179499976328796,0.11049674328172784,0.03428213991431118,0.038515373254605426,0.051169681655462616,0.047787653358048,0.07481696924376881,0.06606038545778024,0.009627645091775654,0.02190743315498612
191,0.19053195079468513,0.22605809492978096,0.006950988200291378,0.00936045779704736,0.00895840102005573,0.013370580457029123,0.00902292964663236,0.05934575320477058,0.007045078983282148,0.1495215690070969,0.14174481075712447,0.009431397768908887,0.0054207006515274376,0.005439352223437585,0.005224469204461608,0.043411355234542544,0.05119235892099972,0.042779748745370216,0.0048745140356955775,0.010315488417260302
192,0.011313455134128446,0.01783564392136492,0.023430775959381804,0.02314416941755414,0.08568057484572827,0.008949281121336647,0.05659926035949483,0.05699334186706934,0.04880677485905543,0.031280887255115145,0.3804133140648872,0.026740055682465562,0.009361514352359497,0.06346144139501064,0.01045322554656859,0.008785514137442727,0.06129757856430382,0.018441067831454452,0.009562993267451156,0.04744913041782742
193,0.015329730494146224,0.01965540836483967,0.03143205919559756,0.5794399704630266,0.020822368000827443,0.05782746837549355,0.023394046124906316,0.028134021942837286,0.03891358226438914,0.007865480086316249,0.02170599728107684,0.02394232498544004,0.008452492472910229,0.030014412013797006,0.008966374208803552,0.008640099002470016,0.01401055684766623,0.014856760321613854,0.021125700750601804,0.0254711468032403
194,0.07055525428356924,0.06366482428480076,0.004526011589726695,0.04549950795857797,0.09416437833353053,0.002968826149892003,0.047854172651518805,0.03692021431557149,0.042856840682705885,0.05757455379686035,0.04053709714268952,0.025232858624093926,0.007725122888798575,0.14443669038011042,0.036243215815385275,0.06909581131015408,0.09040603489190496,0.03554101770409741,0.020176489116278378,0.06402107807973376
195,0.006124045077115477,0.02795711428253472,0.015149818461689049,0.012723626086852917,0.10404776991966609,0.0036938298983244886,0.018526606419558368,0.21374555438242088,0.012996995508730283,0.2160355675201292,0.18271339116470192,0.015174094231420009,0.004454828329196944,0.010069256189953382,0.007123560720857734,0.004628803352342054,0.012924347887180585,0.1150662509260699,0.005698682745742208,0.011145856895513841
196,0.01707485845978685,0.05573670047446299,0.11010726854903743,0.11122250608281156,0.06388245647498511,0.01498583375717089,0.025634604096158385,0.008880232997300166,0.04264484933946975,0.13378053920286215,0.020883375910220384,0.06041720290537451,0.001758386250536966,0.07826370094473344,0.002321353113206933,0.06911381228364216,0.002037582653636531,0.006145869307247618,0.040081948647983465,0.1350269185493727
197,0.02243786852183458,0.012831151221853656,0.011499757627899213,0.009127815988606802,0.04116261482221032,0.013610848353575199,0.018520443681434733,0.07824770857173485,0.15345886950579768,0.11054741167319926,0.04000319384641825,0.013536364403444833,0.004561797415403557,0.09955754086799316,0.2955829152175027,0.006139525517396206,0.0049233226327418745,0.0205330201121422,0.0090671816794689,0.034650648339342054
198,0.011705274811401179,0.014774631578426477,0.007901411344767935,0.008895085841775344,0.15785996268279467,0.002319408458806121,0.007798364981543815,0.011310461577473018,0.010719749589188586,0.3009615667377914,0.23077885087444452,0.014538658894122584,0.025607059514063307,0.01165512739195917,0.003299528037074657,0.004612858124007499,0.005186288303447263,0.025591888311527325,0.029339995634827545,0.11514382731055754
199,0.04636973966590034,0.2139329406878648,0.0018122646964885037,0.00681708716429954,0.0026660073118553243,0.0013244737816617202,0.0023939971969791315,0.1797929589655753,0.005800601185460745,0.032356679025178775,0.09561906889863675,0.002125641618368925,0.0007003277457728155,0.05671345698454039,0.024058619571907025,0.0323382684262571,0.14425218075880572,0.14576898232600202,0.0024877607694130718,0.0026689432190319436
200,0.004443310258642351,0.03369565666971751,0.00952549838653662,0.010192054639383035,0.009277577571327049,0.013092654403763277,0.050856547348357484,0.013304009920532196,0.03318542323082178,0.00577322322610777,0.009837042850786352,0.011252823609164714,0.0025404911451079393,0.008390044074370906,0.748439600618202,0.004114904430291847,0.00419373922816589,0.0059950096126118865,0.009860854300425756,0.012029534475683602
201,0.058298243426870705,0.05616566888861339,0.004795509282091701,0.006700281890125764,0.01616873372829159,0.009974978254776437,0.17136371163104996,0.019913728426819922,0.12234740438262189,0.03334335575264759,0.034347638547716226,0.04695033026403608,0.0021199601175373745,0.07900868104751826,0.17382136312248467,0.02168407765809216,0.04470813123986028,0.06657437742576434,0.012329011077587887,0.01938481383549377
202,0.005255595912286537,0.016800635738447197,0.016158548866354393,0.016114404197052987,0.310625877902339,0.007169358731264795,0.2863629876435482,0.008431227898834813,0.010903506705224822,0.004914211387519069,0.00939740056820168,0.009000244430185586,0.005335015030074602,0.020415946411006393,0.022807201090940518,0.004580615209210191,0.005104548411091255,0.01382333671507668,0.07458855000247684,0.15221078714886452
203,0.00758279000946664,0.017862601592714654,0.01773705160735421,0.05016337835085595,0.026281908066714824,0.6731190109147105,0.012895321729280618,0.0186436878397603,0.015673424641171944,0.00858672347950475,0.018760063767081378,0.019949085705382105,0.007344847836119128,0.01873732096633973,0.01702498520040303,0.008359311537832401,0.010322343941962697,0.01725927368487427,0.012810071865552245,0.020886797262918772
204,0.00865436657170349,0.020785567559276484,0.017061513824758557,0.048841695698020535,0.0188474803681294,0.6443665250424679,0.014762960914391004,0.018790295729994577,0.0169818573008517,0.007198365595488733,0.02393065040778826,0.01729385750923789,0.0067436805086141345,0.01761194566802847,0.04853270832932053,0.00725678907023368,0.009490963580834915,0.01881836615209208,0.014267675547023273,0.01976273462174429
205,0.2841199510533754,0.17923216230942307,0.002567319951025597,0.004028905647346301,0.004022217883994897,0.05106961442725817,0.0019514766786445754,0.010241578079326201,0.0022081027189567925,0.0006359638490411814,0.002141834704901906,0.002340602466950496,0.0006828402356133167,0.0027365887820672507,0.002780812112552443,0.18742501959192095,0.254612971919523,0.002785189051403229,0.0012750107696494462,0.0031418377670258705
206,0.0022862071542847978,0.004979621147847534,0.004577737878978813,0.006155336552370663,0.12959771564727932,0.002513530151128475,0.0023253740784912867,0.36360833283579397,0.007855238725329351,0.2211817068974646,0.12444786952445924,0.003438222980706878,0.0028205635752349247,0.005281854047393229,0.002162752839687446,0.01468990955833417,0.0023410310611127303,0.08720618938606588,0.005388503610790617,0.007142302347246113
