site,A,C,D,E,F,G,H,I,K,L,M,N,P,Q,R,S,T,V,W,Y
111,0.0208742914765871,0.061097143875544595,0.05259472769110952,0.41340309420940896,0.032995658057506795,0.004315180761416734,0.016246299735040593,0.023689190400261288,0.011330070861354924,0.008883446400097982,0.025663289600283058,0.02649721125514442,0.01710885973352204,0.02008431360022152,0.008883446400097982,0.18133632302261637,0.01710885973352204,0.014261000865782962,0.02309696064025475,0.020530631680226445
112,0.04980428204772393,0.050231481143027994,0.09568274798528249,0.30479570828482455,0.01746011483832004,0.058557186146227534,0.01098297546281422,0.021208847593722935,0.07491686190598987,0.03134884407101383,0.034047223934724084,0.0477199070858766,0.010476068902992026,0.035081480135445216,0.004934380280394796,0.061706776404150766,0.0499394376480104,0.019805360080364678,0.010317340586280026,0.01098297546281422
113,0.008543431527406421,0.025455938836761994,0.021883175491251534,0.0328247632368773,0.04301175872418405,0.009171625022068659,0.01933018599988776,0.0328247632368773,0.0389794063437918,0.04063969819277831,0.026539170276624204,0.02398732698079495,0.5622078064956083,0.037798212212161744,0.008213288370673021,0.005288565785418229,0.00974485158594795,0.014337252908061348,0.018077405840599088,0.021141372932226055
114,0.14764650236426538,0.1357395263671472,0.019737988229269088,0.016621463772016072,0.017544878426016965,0.004511540166690076,0.024292908589869645,0.09846455428083829,0.01018734876349372,0.13261407142208526,0.14141969982962768,0.010526927055610178,0.0073443677132164036,0.04745780433137103,0.022146975354639806,0.01942717136371913,0.010879777378138137,0.08551849337012886,0.01771758028371185,0.030200420938145196
115,0.03974935896161119,0.08517719777488114,0.01288489608880419,0.016674571409040714,0.0917292899114105,0.005669354279073844,0.14077897965570635,0.018897847596912813,0.022082977200895113,0.1265506002957248,0.021124849128022972,0.10840734262257602,0.014357129326275137,0.0892944320418717,0.013266575880020726,0.054203671311288004,0.00787410316538034,0.08281116450335668,0.024843349351007002,0.023622309496141018
116,0.035563633395127164,0.01649226965868876,0.014921577310242214,0.010956817825439053,0.06267062470301732,0.0023944522764898554,0.03133531235150865,0.052225520585847764,0.015667656175754323,0.006192882024496715,0.09943668503737699,0.019584570219692905,0.0116056712412995,0.019584570219692905,0.004973859103414071,0.008469003338245582,0.37379010842896315,0.14005876005092507,0.04997193962954051,0.02410408642423743
117,0.012340059072374735,0.03312331645742692,0.02860650057686871,0.15025766876800278,0.04841100097623934,0.007966367249254576,0.014235826594496799,0.08990614467015878,0.019300965998771732,0.06255009552099258,0.02420550048811967,0.07356543270260522,0.009393179293897188,0.2815452043953161,0.027781328885221793,0.015487459516337938,0.026222625528796315,0.012843734952879823,0.02030138750616489,0.041956200846074106
118,0.013646198800665223,0.015564745822142255,0.04254403155501512,0.048216569095683795,0.03444040649691699,0.0941766854064124,0.03616242682176284,0.03307522808089943,0.048216569095683795,0.013908625700678018,0.030135355684802374,0.012975773263899412,0.0206642438981502,0.0803609484928063,0.00700360329421711,0.32210294035358006,0.07875475812293876,0.014181343851671703,0.02493960470466403,0.028929941457410277
119,0.033025879699789755,0.009622546740912924,0.029796628120685828,0.03602823239977064,0.057722758474924266,0.017230893756412048,0.07944840837486383,0.046624771340879646,0.03602823239977064,0.01278421149669281,0.03446178751282409,0.049954027188735727,0.028307896885534076,0.03774386251404543,0.012009410799923547,0.013495093274668062,0.07205646479954128,0.01238470488742116,0.028307896885534076,0.3529662924470703
120,0.013569051962190931,0.048245518087789985,0.04342096627901099,0.011330774103116796,0.04342096627901099,0.38766171658020826,0.03618413856584249,0.04342096627901099,0.02994549398552482,0.01277087243500323,0.06680148658309383,0.03947360570819181,0.025541744870006468,0.05789462170534798,0.005310934599473043,0.01550748795678964,0.02801352663162,0.025095362309070317,0.015307275339684559,0.051083489740012936
121,0.01670504679267184,0.024229695197044494,0.03480218081806633,0.02784174465445307,0.10271132437875392,0.007542726494456196,0.03796601543789054,0.03212508998590738,0.04640290775742177,0.011136697861781225,0.06425017997181477,0.05568348930890614,0.019424473014734697,0.041762616981679594,0.0241175465994288,0.012706138055604338,0.025310676958593698,0.015467635919140592,0.36003989287671784,0.03977392093493295
122,0.025889139445151383,0.061024400120713966,0.007253560355038879,0.04271708008449978,0.061024400120713966,0.009199570134238343,0.03319750660673565,0.028989990457460736,0.050255388334705615,0.023731711158055432,0.05339635010562472,0.38182172798002173,0.02135854004224989,0.050255388334705615,0.015533483667090828,0.02223853165783614,0.024175509679040988,0.027559406506128894,0.03417366406759982,0.026204651142387545
123,0.02248747258908887,0.048722857276359215,0.041762449094022186,0.041762449094022186,0.03654214295726941,0.018659817680307788,0.043850571548723294,0.392274054152812,0.043850571548723294,0.0351585460699414,0.04282597553750552,0.03508045723897864,0.01948914291054369,0.07308428591453882,0.011894181879771001,0.01624095242545307,0.007321983267535384,0.0074284785120096,0.03132183682051664,0.03024177348187813
124,0.14930670183131944,0.12807563648222903,0.029031225316671263,0.010540366841749907,0.01347483072688046,0.00301372783063575,0.018899968130034316,0.02728962583410424,0.022837461490458132,0.0057694639554841595,0.06780474872588596,0.0171280961178436,0.00884030767372573,0.01768061534745146,0.004724992032508579,0.005592847711948931,0.19793507456344486,0.24516765259743947,0.011661682463212664,0.015224974326972087
125,0.010879579399624374,0.008707377231371528,0.02953028694183758,0.02199063921200671,0.03975230934478136,0.004553127942574077,0.025986078329970696,0.04921714490306263,0.10975644509112736,0.01247247744120297,0.035640001481528114,0.02793405521525177,0.020371928299781978,0.03691285867729698,0.46283463311511375,0.022763165160148032,0.018792000781169372,0.01215952991722724,0.016405714967687546,0.03334064654723599
126,0.014397060309774196,0.022009777391729244,0.01925855521776309,0.022009777391729244,0.010169104096557637,0.008108865354847615,0.015667693587740346,0.06170168704188939,0.03081368834842094,0.2756855398172104,0.16796570361403226,0.03081368834842094,0.0019208534214045989,0.01925855521776309,0.010412590619591745,0.010102848638826538,0.029448532451810838,0.008123101193376517,0.02617647329049853,0.21595590464661288
127,0.012020948362936138,0.019000853863995835,0.024542769574327945,0.005174436110771019,0.04207331927027648,0.05516515142993104,0.03926843131892471,0.06196905875964858,0.26316502673005054,0.022331192345819303,0.024655065345015128,0.020971502545378395,0.012532478080507888,0.03890727609879832,0.2404773638806776,0.008662153967409861,0.067147147552674,0.009349626504505883,0.011549538623213151,0.02103665963513824
128,0.15684256551942335,0.050497032114368866,0.03151501852383636,0.02488027778197608,0.03636348291211888,0.12235832104987122,0.016300871650260187,0.02488027778197608,0.02780736928573797,0.00844152281888474,0.03376609127553896,0.006393520333683784,0.047301726109032445,0.016300871650260187,0.027594336595090946,0.2103961451276858,0.0888349490340365,0.03311120827632271,0.013903684642868985,0.022510727517025972
129,0.049155308905866696,0.023407289955174614,0.06520602201798642,0.09706990079621583,0.0400387854496408,0.0965289167550076,0.0450807065803363,0.016703496819911023,0.04841053149820205,0.04314627327558307,0.023052634046762888,0.0400387854496408,0.053074669084407576,0.0400387854496408,0.09240490337030362,0.04818000515773442,0.03486710899572886,0.0033304779176101893,0.0243435815533816,0.11592181692086478
130,0.03354756876231906,0.020960084941958765,0.006279389497545195,0.014563129798970975,0.04768419324295616,0.006403307496626,0.23475295134993812,0.1496550064855855,0.03385859875239492,0.02839316074651797,0.05143540196326756,0.01569847374386299,0.0022032945605421736,0.039125491891656344,0.019207059655904028,0.041984662452969695,0.06506739412416762,0.055993945957663695,0.1001747507915684,0.03301213378358506
131,0.017348180491957712,0.046724519682597845,0.4170696451306652,0.06614969054603155,0.046724519682597845,0.0028733424115646874,0.01873974297666837,0.03737961574607828,0.03737961574607828,0.01699073443003558,0.06674931383228262,0.018290955600253653,0.014601412400811826,0.04063001711530247,0.012801238269204889,0.01086616736804601,0.025958066490332138,0.023104969227911436,0.05191613298066427,0.02770211987091551
132,0.15681457017504574,0.21207434691021185,0.011570133439435354,0.01267579161538646,0.04003196438439543,0.0020042500634116587,0.022369044027152576,0.03165833886162867,0.022369044027152576,0.02682503249095927,0.06337895807693229,0.020014407813768093,0.007605474969231874,0.042252638717954864,0.006337895807693228,0.008836431121258821,0.11361125727332778,0.16381818746370713,0.02112631935897743,0.01462591340236899
133,0.029670639823579346,0.05685036971928645,0.010732609897700045,0.006476574938267269,0.16791815034299215,0.01433071719370159,0.2238278891691266,0.015685825274490115,0.023477584151218846,0.027231826045489096,0.09216442495199333,0.029258547603807403,0.00695632122999077,0.06929656011428068,0.007992369072755351,0.03816453047355772,0.048507592079996484,0.003221571683944943,0.012247764113221708,0.1159881321206
134,0.017507618273519786,0.01931875119836666,0.022409751390105325,0.04668698206271942,0.02334349103135971,0.012732813289832572,0.2501597534732538,0.02000870659830833,0.04309567575020254,0.006243412856369596,0.03501523654703957,0.03232285062545818,0.013620487303301568,0.024500325109101752,0.12237817179364215,0.010186250631866057,0.011433546627604757,0.02948651498698069,0.09337396412543884,0.16617569632552878
135,0.06364055329200388,0.07121680963629005,0.018250194036064715,0.02091682520786142,0.015339005152431705,0.01458285701111465,0.09347206264763071,0.050333594825606245,0.039115404221478446,0.05530813042146433,0.07310556823883117,0.07190158665202362,0.003352076455603723,0.16813909494011683,0.03386333552990372,0.10066222131283308,0.06038808293857069,0.028325351605142785,0.00782151172974202,0.010265734145286403
136,0.13507836881542384,0.027598095278557985,0.04336843543773398,0.03845128676940112,0.04336843543773398,0.050664183809978836,0.04336843543773398,0.03373100534045976,0.05059650801068964,0.013199089046266863,0.04336843543773398,0.07978593813082326,0.17583826511134557,0.05059650801068964,0.009199365092852664,0.011709087494428241,0.0038881080652164043,0.019699179246206133,0.05059650801068964,0.07589476201603447
137,0.06946254736983459,0.14560005476137822,0.012991418792353783,0.017321891723138375,0.06942006493603207,0.004640624262293394,0.03117940510164907,0.06942006493603207,0.05196567516941512,0.03117940510164907,0.06942006493603207,0.03897425637706133,0.0064957093961768905,0.06942006493603207,0.025982837584707565,0.06777933583719334,0.06298311537639345,0.016923333530563304,0.06942006493603207,0.06942006493603207
138,0.09858309035329646,0.01917803210081938,0.08535443304567171,0.17085953184229533,0.04794508025204846,0.02439711225522394,0.03584451041199464,0.06392677366939796,0.006307810538212315,0.020162537106746998,0.18818367966297192,0.023972540126024226,0.01743457463710853,0.04887887783453816,0.006392677366939795,0.036659158375903625,0.01826479247697084,0.006074998941391628,0.023972540126024226,0.05760724887641999
139,0.054355977737476247,0.023934711201314865,0.019935447949047357,0.006133983984322263,0.011391684542312777,0.059132815909130845,0.0288245984359921,0.01063223890615859,0.02171853423823016,0.025554593998470942,0.023269858112389453,0.06014363327509891,0.07089381539361486,0.13567745751800528,0.11535746054404214,0.11450957272424862,0.09632558743515933,0.08377148920460203,0.03046235971076437,0.007974179179618944
140,0.052986246970406846,0.0649440817698155,0.011204426480033879,0.012138128686703368,0.006936073535259068,0.0015992592371893357,0.40034053266529607,0.05102379337891029,0.016184171582271156,0.07189716339755542,0.020409517351564117,0.011204426480033879,0.006332936706106106,0.011204426480033879,0.00786001889102996,0.07069770611979856,0.05875467116359368,0.10496323209375832,0.001907972732333592,0.01741121427830705
141,0.013031245848784656,0.04241713476901721,0.32138979496192605,0.020681130391138877,0.03605456455366463,0.0014747519702398174,0.028843651642931702,0.045068205692080796,0.08012125456369917,0.01360549605798665,0.04807275273821952,0.010407487442131299,0.01676956490868122,0.08012125456369917,0.017168840263649822,0.009744476906395846,0.01638843843348392,0.020220395320718704,0.07210912910732926,0.1063104298642216
142,0.020858216421463318,0.024025516573205834,0.04324592983177051,0.02702870614485656,0.03931448166524591,0.013104827221748636,0.018019137429904374,0.006382038422637809,0.02702870614485656,0.007089496693732868,0.019657240832622956,0.025438782253982644,0.016398153323222843,0.030889949879836072,0.014912389597162243,0.010616374413722745,0.19205748110623272,0.42119541785710446,0.025438782253982644,0.0172983719327082
143,0.01837040003442971,0.03391458467894717,0.044088960082631315,0.017635584033052525,0.12362308539240356,0.010253246530844489,0.023204715832963848,0.061811542696201795,0.03674080006885943,0.19650865136495543,0.015746057172368325,0.05511120010328915,0.0031057161393494735,0.011684500933405563,0.007523805094312093,0.011022240020657827,0.02004043640119605,0.19939207321355407,0.022044480041315657,0.08817792016526263
144,0.012857946593908088,0.01813300160679346,0.037220371719207626,0.026192113432034994,0.1647483042281941,0.010879800964076073,0.022812485892417578,0.06446672774146728,0.02209959570827953,0.31330697937137925,0.023010418947360972,0.039288170148052505,0.0031053186915540225,0.05881791771003231,0.006225237559612461,0.011225191470872142,0.012857946593908088,0.10837995004187258,0.023572902088831497,0.020799619490145436
145,0.11060279260590085,0.3315792255035285,0.02985657532954776,0.026657656544239076,0.03060067019458302,0.006802090147170926,0.035543542058985425,0.037320719161934704,0.02985657532954776,0.010976682106451384,0.025738427008230827,0.0497609588825796,0.015232946596708043,0.06220119860322451,0.003302100724769177,0.010086680854576948,0.018660359580967352,0.1467647901883724,0.009618786941589179,0.008837221637092503
146,0.013495854787604181,0.023033020945858105,0.30860084612598015,0.016853429960383984,0.049356473455410235,0.019395111664780484,0.06909906283757433,0.06909906283757433,0.06909906283757433,0.013288281314918141,0.04318691427348396,0.10454702758513634,0.02159345713674198,0.08637382854696792,0.012339118363852559,0.01191363152371971,0.01570433246308508,0.009588181153572546,0.015355347297238739,0.028077954888543033
147,0.015647729546753985,0.0232018058796697,0.044856824700694756,0.03738068725057897,0.0258789373273239,0.009894887801623843,0.03204058907192482,0.2994222358596312,0.02691409482041686,0.14148751904893025,0.0910989199637247,0.028035515437934228,0.015647729546753985,0.022428412350347378,0.009946315694342924,0.015292099329782304,0.008203519860027967,0.09121104745501563,0.024030441803943623,0.03738068725057897
148,0.026661776609340913,0.04568453340346018,0.017179436139308397,0.032488131604380556,0.023391454755153997,0.5219449433423219,0.04498356683683462,0.023391454755153997,0.034399198169344114,0.008537027282902919,0.0278469699466119,0.03544159811386969,0.018274574027464068,0.03341636393593428,0.010829377201460183,0.00741734048376718,0.021658754402920366,0.011579928096610891,0.02488452633527021,0.02998904455788974
149,0.06645145783199871,0.026706987765389795,0.02747915347085632,0.5356855237644572,0.0235649892047557,0.007709314047026955,0.0632533920759232,0.03641861968007699,0.015294599501710165,0.007558581443034848,0.030045361236063516,0.02503780103005293,0.01646321163619919,0.024526825498827363,0.009692052011633395,0.009463105901122367,0.013656982380028873,0.009828322165417215,0.021851171808046195,0.02931254754737904
150,0.11358090757844487,0.12636043667724556,0.038904075331664276,0.1501487015503151,0.0051829014962354765,0.08084753154861482,0.03388977228891643,0.005758779440261641,0.11619350499057063,0.0070351697367335405,0.04668489039799712,0.008379339302204615,0.0035335584381969813,0.09746494662037998,0.05596476157802714,0.06913394792028524,0.021225876257968734,0.012409907574151134,0.0027278428927555143,0.004573148379031303
151,0.42832173401786877,0.01333290095044382,0.020316801448295344,0.010666320760355055,0.019393310473372824,0.08774952319363295,0.012548612659241244,0.020316801448295344,0.021332641520710106,0.013911631550899535,0.011227706063531639,0.016409724246700085,0.0019142738365310187,0.010939816164466725,0.004266528304142023,0.1901155960681484,0.06905817691121761,0.019509528378031042,0.009275061530743527,0.019393310473372824
152,0.1017073072619766,0.01192635247692408,0.014278624983764728,0.011054419342269467,0.023066859196089185,0.11873698892596762,0.03601688664087686,0.012692111096679757,0.015576681800470612,0.0051147313374679615,0.011816793090012188,0.1950914693047496,0.03170741407534435,0.1836155005221173,0.003724858691416885,0.15171369012458646,0.01217661182358973,0.019209006208467654,0.011422899987011778,0.029350793110217162
153,0.01196920271760544,0.03893781586426933,0.007639193036924806,0.007214793423762316,0.031367565742690125,0.048926037608317784,0.08657752108514781,0.20702527521797792,0.007420930378726954,0.08746725062865515,0.11435718253620741,0.0038650816945256503,0.008116642601732605,0.02910910100921643,0.0022998758832236724,0.115181856156649,0.030614541522510683,0.14150257435035768,0.007420930378726954,0.012986628162772173
154,0.0966270051580704,0.07797494659977565,0.03704692033021016,0.04498554611525518,0.01028850380668937,0.05623193264406899,0.05457505729110356,0.008869399833352908,0.016358380405547334,0.03240041365985726,0.03129429294974274,0.08434789896610348,0.11395861466119299,0.024991970064030665,0.0026051040690586195,0.13199146803823072,0.02730551245238419,0.0609481592529264,0.052924171900300236,0.03427470180209918
155,0.023950259009159217,0.025338750224105443,0.07963365040213394,0.12373837089606247,0.014039182339289087,0.01737592997372466,0.015105793402832085,0.2454691427960215,0.006969388861459227,0.049093828559204286,0.035704602588512206,0.012762893035717352,0.016364609519734764,0.0859141999786075,0.003509795584822272,0.03810267291162124,0.08621355259177339,0.10225669364641242,0.00877448896205568,0.009682194716751094
156,0.004377253147223065,0.08166469150830308,0.023341625681705665,0.01730388997767308,0.023341625681705665,0.013849661822552966,0.029177032102132086,0.2004496973385621,0.043765548153198115,0.009229960902133696,0.012652121374172152,0.043765548153198115,0.014290791233697347,0.026932645017352697,0.011670812840852834,0.016284855126771393,0.039728768841877184,0.31104462101820923,0.03044559871526826,0.04668325136341134
157,0.036469600496588435,0.028144852243080287,0.15520556475210648,0.24905303705367463,0.06254411609573396,0.029229521749550434,0.02251588179446423,0.11257940897232113,0.0074359406407793725,0.016082772710331594,0.040206931775828986,0.02558622931189117,0.013729196216136726,0.04690808707180047,0.008934873727961996,0.012508823219146797,0.01563602902393349,0.042176193829789,0.03752646965744038,0.03752646965744038
158,0.017534191132064596,0.03766521225719355,0.09925163197618204,0.28828083928056775,0.03797457813186791,0.001872731398444657,0.03397725411798707,0.043037855216116964,0.060281001148630914,0.009356055481764557,0.045198254708632264,0.03586487934676414,0.013735485707271369,0.1412445459644758,0.012911356564835087,0.009092504623123302,0.019562661461871345,0.0145321106066083,0.02482953185545209,0.05379731902014618
159,0.05936796612728894,0.18642467629852924,0.014533558473555017,0.022838449029872164,0.03050585612157752,0.0219323148586505,0.012297626400700399,0.04203182290173197,0.0059210793781150056,0.018303513672946508,0.0394781667455709,0.04474192231164701,0.011580036125268086,0.22370961155823516,0.003475416156719678,0.03946117602619605,0.07111159159350859,0.10611866189300898,0.03728493525970585,0.00888161906717251
160,0.012462041924027563,0.0293748131066364,0.05483298446572129,0.03916641747551521,0.03427061529107581,0.009165765032032317,0.03289979067943277,0.0587496262132728,0.05483298446572129,0.03307575282503692,0.0587496262132728,0.06326882822967841,0.015596596720353316,0.010094559267355648,0.3645272076218368,0.013708246116430322,0.023499850485309125,0.016127348372270967,0.024191022558406446,0.05140592293661372
161,0.02657811545046272,0.0817163787830731,0.021317316204279943,0.21688298972092762,0.040858189391536556,0.009250910805630919,0.023347536795163746,0.009493970797883259,0.027440687789753854,0.009805965453968774,0.054477585855382066,0.025805172247286248,0.00834761534905099,0.025805172247286248,0.010895517171076416,0.10227432446319466,0.21758375306143463,0.012902586123643124,0.04457257024531261,0.030643642043652417
162,0.11041904644619042,0.056786938172326495,0.013510676638702791,0.14906571270235708,0.061943001678952496,0.00978359342802616,0.02169229445924044,0.05152888834155553,0.04728736823545977,0.1258165302638607,0.03152491215697317,0.04728736823545977,0.006134125546575608,0.09937714180157137,0.006167917595929533,0.017282981182881976,0.02385051403237713,0.029343921770315883,0.07093105235318965,0.020266014958054187
163,0.030932949188995057,0.07495291534256496,0.010548281061154538,0.007567245109089124,0.048719394972667224,0.03843277527892132,0.17716143626424444,0.014173987021181797,0.10422675397863053,0.011463387052392289,0.08119899162111203,0.024359697486333612,0.005899886017255928,0.06583702023333408,0.15449519852806423,0.06429085855029477,0.01348773467324599,0.04236469128058019,0.010548281061154538,0.019338515278783316
164,0.14875766665233806,0.2253915010031548,0.007773618412858053,0.005393939306881097,0.007551515029633537,0.006593066187527945,0.010572121041486951,0.10001236430152088,0.010572121041486951,0.07197225727515717,0.03064571422957642,0.04269758629795698,0.0023811083426772415,0.01762122609122034,0.0017738458123300253,0.08462286483341863,0.09730832630373903,0.11757568064253685,0.004636895193634628,0.006146582000864506
165,0.004750152267448058,0.013875444781229854,0.010760549014014987,0.01425045680234417,0.004164708450386462,0.005169283349869946,0.015990320008653382,0.11695802845890955,0.01597778489959801,0.23711267099204847,0.42766561004943043,0.012553973849684152,0.04088783355152865,0.008936727147232787,0.0041647103927860175,0.003446188899913297,0.005021589539873661,0.03538931964562485,0.011462323949711618,0.011462323949711618
166,0.06806790513430772,0.06543138905086965,0.043637909483082445,0.10689454297746669,0.003627610900732288,0.07455958870592407,0.04029284325092978,0.009058587181941793,0.005477285272802015,0.0027965452178059097,0.03540014085617403,0.14017025470323455,0.01474709197660087,0.16520065732881214,0.007342251436836094,0.10559707228225013,0.05522973429459401,0.013541037485968209,0.00574446992025577,0.0371830825394118
167,0.16937682486683783,0.17482959991285268,0.007837511215411194,0.007837511215411194,0.011245124787329105,0.0056073640292782076,0.00957918037439146,0.07860191333975627,0.03524569005164436,0.07817163061054866,0.11580666622838495,0.00994761038879113,0.003592192640396798,0.010988167895757297,0.003093135930003397,0.064410905231051,0.16025936483820935,0.03905421577458667,0.005278323879766723,0.009237066789591764
168,0.07536712236778866,0.23850802671049845,0.007961484491938859,0.00726354466345599,0.012510904201618206,0.010109701300395625,0.018437121981332093,0.16067323943900708,0.01030309757780323,0.14506526561862204,0.10445994374354953,0.014012212705812392,0.003687424396266419,0.007149088115210404,0.0029940625439770067,0.0035384375519728257,0.0039807422459694295,0.1572118300985106,0.00898218763193102,0.007784562614340218
169,0.07395861780469284,0.026780650296342152,0.19611676217013643,0.09579949220704201,0.012578995341113945,0.09554582620169909,0.09641034106683176,0.019440265527176096,0.014256194719929139,0.0030118721239286907,0.011880162266607612,0.15786488595738535,0.004112363861518021,0.022495746248927414,0.0012361129995314072,0.11174357613846293,0.030462989712089203,0.010565032496105757,0.006019980096892213,0.00972013276358805
170,0.14995500490202074,0.02196304573728741,0.1591018567052602,0.06130768587966858,0.017747396018088113,0.05273426796656333,0.09245396396077174,0.023663194690784144,0.015432518276598356,0.00486230027892825,0.023663194690784144,0.010243909549620117,0.08534212057917397,0.01605900118425316,0.004436849004522028,0.07111843381597828,0.06008281477556787,0.029137471268217256,0.012239583460750422,0.08845538725516186
171,0.005861474972601683,0.050985784450592535,0.012699862440636986,0.01313778873169343,0.07339656194068234,0.0030332098202177373,0.02721399094422211,0.010885596377688843,0.01313778873169343,0.0041984433712329815,0.010297185762678632,0.018142660629481402,0.006457557173205244,0.011953386162872712,0.01120480291626567,0.004010482875990626,0.008282518983024118,0.005861474972601683,0.16444471005195793,0.5447947186906599
172,0.004380759047910971,0.025449082857473857,0.03872686521789499,0.021207569047894878,0.011034831809417181,0.010253697780724252,0.021546232451645803,0.02629971411695576,0.03181135357184232,0.3730842151100429,0.2330822478056463,0.04453589500057924,0.04185989619107518,0.02969059666705283,0.013100042285757585,0.013098792647229188,0.009896865555684276,0.010373110151962104,0.01649477592614046,0.02407345675706986
173,0.06868883190309816,0.048813129177304446,0.12988792346695685,0.18105467368593292,0.009770814403018519,0.0817335297630524,0.06613391694989634,0.007502589630889218,0.06238363085169084,0.007521644194634862,0.04437557197936767,0.07614848151659494,0.00392658896569903,0.02435919078723431,0.01365755945893492,0.05718934661009632,0.07640315871230258,0.02312200855767052,0.00857438814958768,0.008753021236037422
174,0.014055243630484613,0.02277918795285437,0.03476823424383036,0.007505104824407804,0.033029822531638844,0.01032181954113714,0.026423858025311074,0.0630898884000772,0.28530055736501536,0.010163022317427335,0.03669980281293205,0.10669710172480544,0.012464083974203337,0.015505852871171935,0.23940428848345288,0.009304175361025025,0.00933898489314573,0.018349901406466026,0.022019881687759223,0.02277918795285437
175,0.008979424220478401,0.042266647444747,0.020794456089528925,0.012346708303157799,0.013169822190034987,0.054869924791266636,0.18563054621003744,0.025176513940753088,0.07180309819928292,0.015053874432375644,0.06868330209771388,0.07952803400787922,0.010130632453873068,0.05494664167817111,0.16741707821584156,0.09061127098579277,0.03510802116727619,0.015262956021714192,0.014110523775037484,0.014110523775037484
176,0.02007999372610553,0.05220798368787439,0.055937125379865414,0.0870133061464573,0.037291416919910274,0.02303293397994458,0.023730901676306537,0.04894498470738224,0.03404868501383112,0.006650265170283936,0.060239981178316596,0.035596352514459806,0.32355006924761026,0.03776502144206757,0.011029855708705856,0.006684606425655215,0.01465971294353186,0.015059995294579149,0.04121682922726925,0.06525997960984298
177,0.04753459768836269,0.052449969150419974,0.026224984575209987,0.044045752544645995,0.052449969150419974,0.0956267006612056,0.10489993830083993,0.018155758552068454,0.0075349688863069276,0.046431120231519324,0.1981443279015866,0.01130245332946039,0.004036590474807282,0.035965693131716554,0.00794064253034385,0.08199924754502276,0.12314340583142082,0.02627323456370333,0.0032823634737612992,0.01255828147717821
178,0.10257464365925088,0.05118887050716525,0.012860510350493614,0.14548415828352232,0.016562573076443037,0.07380142980887418,0.18605185626642753,0.03549122802094937,0.012421929807332276,0.005285927577588203,0.024843859614664558,0.07678330576074788,0.005856353829209584,0.0755835666082362,0.0034505360575922983,0.01840982645102229,0.09617762425670782,0.028624507959965736,0.010801678093332415,0.017745614010474683
179,0.013265268151141974,0.03596140035512123,0.03896672519397955,0.04156450687357817,0.25899709498270734,0.01198976159814755,0.05195563359197272,0.03304465480252415,0.07793345038795907,0.013374450987869503,0.036674564888451326,0.0445334002216909,0.018892957669808266,0.0445334002216909,0.01449924658380634,0.004233845877685268,0.028339436504712393,0.012051210384357176,0.15302146923712642,0.06616752148566972
180,0.05116499621506381,0.3055717321733703,0.016340204069895833,0.0270241836540585,0.034188454368303284,0.011464449006337555,0.04133110441208946,0.029276198958563374,0.02810515100022084,0.009245115460598958,0.016340204069895833,0.033458513095501,0.014052575500110418,0.033458513095501,0.003652417666881474,0.0075387957262240115,0.018490230921197916,0.0775553626838862,0.021860759257185735,0.21988103866511444
181,0.01400041919681404,0.049001467188849145,0.039201173751079316,0.08711371944684293,0.046119027942446246,0.012444817063834705,0.03563743068279938,0.33700021250478834,0.0653352895851322,0.014518953241140487,0.014205498114755308,0.023758287121866253,0.021778429861710726,0.05226823166810574,0.011552430558318498,0.015373009314148752,0.011222964408227332,0.034636917260120394,0.07127486136559877,0.04355685972342145
182,0.014709834174482,0.04805212496997453,0.03793588813419043,0.04801058703916241,0.07207818745496182,0.014415637490992363,0.018481586526913285,0.03276281247952809,0.3012267955203291,0.012216641941518953,0.02811586240160108,0.015099511874871734,0.01015185738802279,0.02329478609726081,0.005931220666923943,0.01359965801037015,0.007943774318183643,0.015669171185861263,0.24026062484987276,0.04004343747497879
183,0.002945014004286841,0.04719057923393454,0.056628695080721436,0.02696604527653402,0.051480631891564946,0.011325739016144289,0.04356053467747803,0.2309390634554432,0.03775246338714763,0.031420280742237176,0.00904318696357068,0.040449067914801025,0.012310585887113356,0.03146038615595636,0.013811876848956448,0.015305052724519305,0.018876231693573813,0.24828092077294137,0.040449067914801025,0.02980457635827444
184,0.13877886870144573,0.10408415152608429,0.05668942390106103,0.030525074408263637,0.04960324591342841,0.0433683964692018,0.03828382584867468,0.0440917741452697,0.026455064487161825,0.17257811154294508,0.023892372520879935,0.08764981181143941,0.0016171854714924414,0.05693048502104203,0.00524890662332641,0.009678682129449449,0.010175024802754548,0.01106375203190845,0.03968259673074273,0.04960324591342841
185,0.06610154541719312,0.1437684048328042,0.04127979509796956,0.11007945359458546,0.023815803893848,0.044605169355986914,0.013759931699323186,0.03669315119819516,0.05503972679729274,0.015725636227797928,0.05503972679729274,0.03669315119819516,0.015010834581079841,0.04127979509796956,0.01977784041169407,0.09965557604745585,0.03305077270859656,0.11007945359458546,0.008311499068527366,0.03023273237960713
186,0.1787138139690141,0.056287260398030836,0.12298061784742385,0.040205185998593455,0.040205185998593455,0.02010259299929673,0.01407181509950771,0.04690605033169236,0.07035907549753853,0.0023198508380624944,0.04690605033169236,0.056287260398030836,0.1231792206203399,0.02049370519368544,0.010475397270457005,0.0032849861249560144,0.01655507658765613,0.02010259299929673,0.07035907549753853,0.040205185998593455
187,0.06209165535935357,0.002657656123820004,0.015522913839838396,0.08278887381247144,0.08410267332110782,0.06209165535935357,0.035164875491586894,0.08278887381247144,0.04967332428748286,0.01655777476249429,0.035480945919630615,0.02800627847101673,0.031045827679676792,0.10847393176105766,0.04139443690623571,0.027008169497256596,0.04967332428748286,0.035480945919630615,0.04139443690623571,0.10860142648179644
188,0.002555127023143795,0.028138876141755628,0.028138876141755628,0.03896152081166165,0.03165623565947509,0.011255550456702254,0.16883325685053377,0.07628344094522577,0.05064997705516013,0.012059518346466699,0.0723571100788002,0.013689182987881122,0.014526697544323147,0.0361785550394001,0.02869066784836814,0.09160214118391845,0.22075713116560147,0.009379625380585212,0.03896152081166165,0.025324988527580066
189,0.08396476529332306,0.1529888503609704,0.01310645618469689,0.01638307023087111,0.01965968427704533,0.18840598734955474,0.011564520162967844,0.02785053007588629,0.030245668118531285,0.0065532280923484435,0.01872350883528127,0.03945342299045826,0.04691601076256633,0.020694404502152982,0.0313879398004284,0.16926266706713272,0.07041346115699709,0.008737637456464593,0.02184409364116148,0.02184409364116148
190,0.04747931004180232,0.031373460520464275,0.016276456961744623,0.24365362845763155,0.008178398363649876,0.03370061281181739,0.018191334251361636,0.07121811583613226,0.029452636406966458,0.0030043096029734244,0.014726318203483227,0.24544297101548168,0.032005963788522905,0.0485102246702977,0.0018401396318212218,0.027423476812285744,0.0636496119537026,0.042742240639378155,0.007747956344510408,0.013382833685972522
191,0.07296154969257099,0.1178609648879993,0.0248523044797174,0.034171918659611424,0.034171918659611424,0.023940508492874858,0.036450046570252186,0.01189899471821947,0.016207620434429963,0.13981331840118283,0.2404744808409282,0.0390536213252702,0.018225023285126093,0.018853472363923544,0.00830880306511362,0.011885884751169192,0.08235391064015013,0.0047280772339080065,0.018225023285126093,0.04556255821281523
192,0.020160604616424722,0.03696110846344534,0.06048181384927418,0.055441662695168,0.041581247021376,0.0166324988085504,0.05117691941092431,0.06483585633359856,0.035015786965369264,0.04781439320468946,0.29120722550358324,0.083162494042752,0.01848055423172267,0.055441662695168,0.008769280741242886,0.015472091914930606,0.00841128556217604,0.003414948638488063,0.01900857006691474,0.0665299952342016
193,0.06313028436427899,0.03970551597625304,0.02638632728138924,0.35190644627158146,0.049047990323606704,0.003353739289945417,0.05955827396437956,0.07580143959102854,0.014783263015738509,0.011580775493073805,0.052113489718832125,0.052113489718832125,0.012827935930789448,0.02888497535369141,0.014132471788157864,0.012633573265171425,0.022535563121657137,0.012225931389773138,0.041690791775065704,0.055587722366754265
194,0.09383557660383911,0.01661147348361189,0.008257198599428901,0.0797350727213371,0.06644589393444758,0.015187632899302306,0.042525372118046446,0.025215045244953774,0.022148631311482526,0.04429726262296505,0.07248642974667009,0.10514245251264728,0.0019470992185963727,0.19329714599112024,0.007248642974667008,0.022070878779752157,0.08314007194837283,0.012860495600215661,0.021101729754096084,0.0664458939344476
195,0.009951015904775993,0.028043772095277794,0.028043772095277794,0.023729345619081212,0.06824510441693703,0.005712620241630662,0.03856018663100698,0.1597275645083638,0.02859387804567705,0.2308823168789888,0.13591408101244518,0.028043772095277794,0.006855144289956796,0.016235868055160828,0.005367679848738306,0.006855144289956796,0.008499450492962638,0.141360093664384,0.008813756944230165,0.020565432869870386
196,0.037162291007271045,0.11798776643874763,0.05567008020615844,0.11350768224538589,0.11969773406829469,0.03679083418987473,0.03168469431219566,0.019750897890669236,0.003923527309965536,0.07393095339512318,0.03714757264188456,0.059848867034147345,0.0036680238939814287,0.052068210289338245,0.002517271299791177,0.127677583006181,0.0043518927555711885,0.0035428684785360175,0.020519611554564804,0.07855163798231839
197,0.02258230884696834,0.03643963473033529,0.022888864050631418,0.0197317793539926,0.03366009419210503,0.005854636235562571,0.00880340925024285,0.0697106055710762,0.11789293589226123,0.1525397825303354,0.030116926382409762,0.02861108006328927,0.004768513343881546,0.10474035433537303,0.2550827329564565,0.007243311408427664,0.008940962519777898,0.024540978491858458,0.02200852312560713,0.023842566719407727
198,0.007735714116272865,0.030535713616866564,0.016116071075568464,0.018130579960014524,0.030535713616866564,0.004497508207135386,0.015267856808433284,0.021488094767424616,0.024174106613352692,0.2552165387343985,0.3378653721732001,0.03412815051296851,0.026084357256411905,0.055739876924024954,0.00424723241337919,0.008408384908992244,0.01017857120562219,0.008304020756166127,0.040598282814622834,0.050747853518278534
199,0.06030676964037642,0.12438271238327636,0.008459247827700743,0.015582824945764528,0.012336403082063583,0.0059214734793905195,0.027444050658901112,0.1636614636622058,0.014899783213007363,0.012956532539924622,0.06596052929416173,0.010209437033431929,0.0031251992874875463,0.13156562415996875,0.006178594045908614,0.04935821919971285,0.07816399958511905,0.1847714205693598,0.011842946958781039,0.012872768433457651
200,0.006742926421660028,0.07428915262966165,0.01647200597291235,0.01801625653287288,0.015171584448735058,0.007811790170030057,0.1451038510067198,0.022608635649095384,0.056714916126002116,0.0037928961121837645,0.017209558479162154,0.0195430579339638,0.0035478166710888144,0.013892053230167043,0.5162021248339181,0.006651749422185435,0.006588802389164941,0.008869541677722035,0.018597426098449422,0.022173854194305086
201,0.15374026937428958,0.050325762118669896,0.012581057804635188,0.01887158670695278,0.024533062719038615,0.0018074703496250997,0.03199001933124754,0.018588795016805996,0.07604135553725647,0.01626519563970525,0.058281686801148744,0.029476517812363802,0.005513047802031149,0.1007961384963015,0.2182838812186362,0.0377996647876502,0.10190283696954464,0.022550341495797443,0.007739171745121576,0.01291213827317822
202,0.007212081930525158,0.04402839018422772,0.01637372702559833,0.02932913318413564,0.5008229383455902,0.011577289414790384,0.19645209190781568,0.013748031180063581,0.019127695554871066,0.005175729385435702,0.016920653760078258,0.015170241302139124,0.004361491718805506,0.007195988257328962,0.0033149346311438133,0.006768261504031303,0.00733228329603391,0.010474690422905586,0.023154578829580767,0.061459768164899384
203,0.01070148597062593,0.03392815048834252,0.02955032461887897,0.07287742933941528,0.06543286165608915,0.4019233214803488,0.01991434919967931,0.03982869839935862,0.02775939585409843,0.012902254411059832,0.035233079353278775,0.035233079353278775,0.010066594100936792,0.030535335439508267,0.005219839903655722,0.011744359784426258,0.015526441748902508,0.04782333298525072,0.058566586559586346,0.035233079353278775
204,0.012456259894977546,0.04280543602325068,0.030378051371339195,0.10158066534061988,0.044843790119595946,0.4149917310929447,0.026158877569764313,0.040944330109196306,0.036219984327365964,0.011346019186885725,0.04708597962557575,0.03363284258969697,0.010581119016983316,0.03363284258969697,0.005423925158248023,0.011626167808784135,0.015695326541858585,0.014947930039865323,0.029428737265984842,0.036219984327365964
205,0.3215825701790541,0.07349899950460805,0.012598750005106312,0.0026225006648767633,0.018478166674155923,0.12136374631191044,0.009239083337077961,0.011548854171347451,0.010660480773551494,0.0028574484547663793,0.009899017861154958,0.010265648152308845,0.0032229360478178933,0.012598750005106312,0.0016062625357717603,0.11683196579007886,0.2361572967037265,0.00494950893057748,0.006159388891385308,0.013858625005616942
206,0.003871785684404604,0.008164417638853184,0.007086098328061256,0.01138070337537111,0.18377857809994233,0.003912116785283818,0.0038322776672168016,0.4129331834150294,0.01138070337537111,0.1668060947207664,0.03290793149786558,0.0054429450925687906,0.0020864622854847035,0.008734028171796433,0.0031296934282270547,0.002216725258408584,0.003543049164030628,0.10102477153295338,0.007824233570567636,0.019944200907797322
