site,A,C,D,E,F,G,H,I,K,L,M,N,P,Q,R,S,T,V,W,Y
111,0.005103738235880169,0.06965057090541897,0.1147494109882691,0.4368641583803874,0.012210103680325704,0.029396005776725964,0.015203740296126573,0.010519473939972913,0.024074451635702477,0.004469057556197643,0.012662329742559991,0.018493389303531435,0.009630504311242809,0.011995891335056835,0.005341920360142495,0.18494312882812167,0.009116877414643194,0.004850313577210933,0.010205459792511036,0.010519473939972913
112,0.026670157424485044,0.05089644844297981,0.15935058728317655,0.31511885062969563,0.007697609268762043,0.06746752608766521,0.006842319350010703,0.04614238457742675,0.07581282382574275,0.015480025793717362,0.08531214215204236,0.009473980638476357,0.006158087415009634,0.029531126129553123,0.0029857393527319433,0.051632744261323096,0.010210229778834857,0.012701798481039982,0.0123046358873138,0.008210783220012846
113,0.0046280225172355095,0.01367684266287509,0.013475712623715164,0.0172895935549553,0.01762208573870444,0.0045140318148405465,0.1396571137814818,0.0172895935549553,0.015531329803603916,0.035321212741221936,0.017967616831620212,0.0150221058756169,0.5891870706279306,0.01431794466269736,0.0071401095222359025,0.03705669852726947,0.005327607316352505,0.006276359304196103,0.01367684266287509,0.0150221058756169
114,0.04959657713329573,0.07522147531883183,0.01131851114783283,0.014932302792820217,0.01485554588153059,0.0025557928398332193,0.038575115548118905,0.11573267471282529,0.0976815225138489,0.13622515658441176,0.1512983386901199,0.01131851114783283,0.003395553344349848,0.03857511554811889,0.00883399592705013,0.016532192377765244,0.06838552521767728,0.12231650804345556,0.010765148525056435,0.01188443670522447
115,0.07471837283685975,0.012830427658854709,0.012072449645888982,0.007493244607793163,0.014486939575066776,0.030243150910157515,0.09703010917008871,0.06048630182031504,0.012072449645888982,0.13804867104506302,0.16785032631190508,0.16284773567007896,0.01630973197666707,0.053934550770583754,0.026111902537981502,0.002936541805756779,0.025202625758464606,0.022521495358627946,0.009877458801181892,0.05292551409277567
116,0.044456493803818546,0.03869275837368001,0.021194761262092132,0.009658080316349722,0.039740177366422755,0.005368633232995276,0.045417345561626,0.02890194717558018,0.013246725788807581,0.0889170684633496,0.14041536199511134,0.022708672780813,0.008366353129773208,0.03258337547257264,0.004355087930566876,0.007754180949545902,0.1891645964935467,0.20195614412370894,0.03439356299882667,0.022708672780813
117,0.007439291711821202,0.03558889434896499,0.012958766207688547,0.1174433513515845,0.022317875135463603,0.0037898278531919337,0.03224653611006697,0.026781450162556328,0.2005130388929491,0.005527242969562808,0.021143250128333943,0.09786945945965377,0.05757027027038456,0.255628290351701,0.040726349530177064,0.01262831734963274,0.011158937567731803,0.007725418316122019,0.010857344660495809,0.020086087621917246
118,0.007025222529825988,0.05932231946215419,0.014050445059651974,0.023663907468887538,0.03746785349240527,0.0592663220254534,0.01248928449746842,0.17949613228042335,0.019548445300385357,0.007493570698481053,0.015503939376167696,0.05882041737933066,0.010456145160671238,0.03746785349240527,0.0351733502021202,0.2857176192223571,0.09926704536969251,0.0043232138645083,0.010966201022167395,0.02248071209544316
119,0.01362231564249864,0.0359094251259575,0.017244106397327437,0.022547281063446035,0.025175185854864335,0.009341016440570497,0.09835843154335772,0.031136721468568322,0.018682032881140995,0.0064739717904944045,0.03269355754199674,0.12061092391370032,0.01282100295764578,0.031136721468568322,0.008276850010632088,0.026548569905490194,0.04670508220285248,0.009615752218234335,0.018682032881140995,0.41441901869151304
120,0.044718689057407515,0.02296743779256041,0.017863562727546987,0.06382007112557725,0.03014476210273554,0.30611608487511166,0.026795344091320478,0.02192346334744403,0.025385062823356244,0.0057418594481401025,0.02296743779256041,0.02009650806849036,0.009275311416226319,0.01339767204566024,0.06192897266035568,0.006430882581916916,0.008461687607785415,0.12195289498096422,0.1507196477090895,0.019292647745750745
121,0.010041881964208212,0.19998872222002165,0.02677835190455523,0.015062822946312322,0.016621046009723937,0.011815322494868673,0.024100516714099705,0.024100516714099705,0.043819121298363094,0.11355013031682694,0.02677835190455523,0.014606373766121034,0.009640206685639884,0.02295287306104734,0.052526730793749615,0.03868449447528811,0.015062822946312322,0.0061013966364809385,0.30681134609198724,0.02095697105573888
122,0.01672862472869122,0.023806119806214426,0.004564311891203152,0.016288397762146713,0.026911265867894565,0.0053834744775905635,0.01631079427866165,0.08606146549729518,0.03858562438763541,0.01049083245697585,0.03438661749786528,0.39289040494340693,0.01672862472869122,0.04126394099743834,0.007114472585765231,0.12325778894092855,0.06216516895860608,0.009983211531638307,0.01672862472869122,0.05035023393266012
123,0.018992401747619476,0.03244535298551661,0.033856020506626026,0.028840313764903657,0.023596620353102983,0.013905151279507116,0.028840313764903657,0.49567591123445015,0.01730418825894219,0.09152116490439713,0.005637069265423678,0.02595628238841329,0.016928010253313013,0.025118982956528986,0.022554396679871084,0.009856816096865806,0.006135252848003032,0.05109283483928495,0.028840313764903657,0.022902602107423484
124,0.07396760314291427,0.23546068538427467,0.009998742313278736,0.003959035463171637,0.05731126686997358,0.0022035908810104773,0.00768518648733318,0.12317062609707694,0.00669990616844431,0.008951009920064529,0.00607665908300763,0.00533257837896588,0.003266204257116601,0.005024929626333233,0.0016967294842164164,0.014369876178639258,0.2578155806702384,0.16628333883165272,0.0045051093201608295,0.00622134144212686
125,0.005472373516606785,0.01301241078374551,0.01573307386024451,0.010488715906829673,0.018509498659111192,0.0020769734468969654,0.15748218353468077,0.01700872849756163,0.15642786786271198,0.0414872111061533,0.015349340351458058,0.01311089488353709,0.009542857816236306,0.013984954542439566,0.40148734497643107,0.07457066040963241,0.0064216628000998005,0.0045935982073706605,0.0062309203406908965,0.01700872849756163
126,0.009127203227854718,0.01171280821484702,0.01171280821484702,0.010334830777806196,0.04246151180534489,0.002928202053711755,0.008197602497087366,0.1168525644257452,0.014641010268558775,0.2236862493377337,0.4278376513056902,0.009009852472959245,0.0010284983876086113,0.012549437373050382,0.002510861186878003,0.005490378850709539,0.006274718686525191,0.016004715563761738,0.039116585262234514,0.028522510087046
127,0.0036600969598467275,0.007015185839706226,0.01052277875955934,0.0475927679289271,0.013291931064706535,0.012855018706156655,0.011479395010428372,0.04100525800434697,0.1602379958601477,0.01069702382722095,0.004430643688235513,0.1990401445851742,0.005154014086314778,0.15267473535658083,0.20568127324515442,0.050040314852762405,0.04265333909809792,0.009462751847156992,0.005490145439770091,0.007015185839706226
128,0.18073719915245554,0.06893671513650979,0.044467088680366036,0.03811464744031374,0.01244591435126784,0.0880158040066215,0.008053238697879191,0.11287799434246765,0.010531158297226634,0.0035103860990755454,0.01190478764034315,0.07075600340881102,0.013121436004042437,0.01303857693942345,0.017030046686806934,0.17350766667394202,0.08459592480655002,0.029105730772603235,0.008297276234178561,0.010952404629115698
129,0.09954063404889493,0.05613658631111593,0.04845473765801584,0.061770133714093046,0.009318218780387664,0.07841007886791733,0.07787368552181116,0.01036389286065061,0.03893684276090558,0.021871930192854373,0.04462936363238301,0.043609263892214256,0.10159864347648485,0.07354736965948833,0.05485662480758787,0.09281914031892648,0.05299736931345483,0.01676060309496188,0.012618421265108294,0.003886459822743979
130,0.06320114423128506,0.10337819132942859,0.008106437701423934,0.01910459182484039,0.008614849277452381,0.013763445182746546,0.10712377797179919,0.1010808981887746,0.03594471595074959,0.027683637879675708,0.030175018803511533,0.08884063317372769,0.00170661846345767,0.037162094922343604,0.02756751768784762,0.08423408182397885,0.12878095201935227,0.061596159352106286,0.04332038493804627,0.008614849277452381
131,0.007435010139241905,0.01238721174051358,0.353901843870061,0.14464298109446705,0.026544025158243386,0.04513540430944356,0.06393859378534918,0.030968029351283947,0.019908018868682542,0.008319769079449419,0.027871226416155557,0.07193571922763224,0.007532763896258258,0.017981436397519715,0.005867626613927485,0.005161338225213992,0.011860096347300238,0.01237640499994758,0.032789678136653594,0.09344282234265562
132,0.11093213911482638,0.22669583618903946,0.004751990987203696,0.008311388247961614,0.088653961766822,0.0009947553348851124,0.014544929433932829,0.11980197951697204,0.011081850997282155,0.06583836989583175,0.014544929433932829,0.011081850997282155,0.004231252198962277,0.01790145161099425,0.002770462749320539,0.02925107563729542,0.1001679276184128,0.1480079617525493,0.007507060352997587,0.01292882616349585
133,0.02123352674452293,0.09291812601593633,0.008931562836981863,0.004502482754076382,0.16331655659040914,0.024242813414665058,0.08336125314516411,0.010523108787959758,0.006580551717496252,0.06272909600134959,0.09213612189728664,0.04689070489415479,0.004752620684858404,0.10941164475302788,0.002916380874799475,0.0244119634991187,0.11367443610704192,0.002952609978078076,0.045469774442816774,0.07904466486025596
134,0.008334285449737112,0.008929591553289764,0.04174190988585725,0.03125357043651418,0.015001713809526803,0.004934774279449607,0.23828665206715005,0.013394387329934646,0.023440177827385635,0.032555687982198864,0.023440177827385635,0.12618369502905294,0.008234899323153693,0.12097071383393176,0.12423391058881321,0.004573693234611831,0.007813392609128543,0.012098156298005485,0.01704740205628046,0.1375312085785925
135,0.043310707905988385,0.05011667629121512,0.00600534064381456,0.003202848343367766,0.1052450202115518,0.015420515781912348,0.09978787101539723,0.06054012993357383,0.014409426035774922,0.024219645547724083,0.06079430503451847,0.10832235998381937,0.0020017802146048537,0.0935511290769349,0.05025179484082635,0.03709786153050867,0.07310151153540846,0.032758691943236176,0.008770418350962648,0.11109196577886017
136,0.1032099514665849,0.0433574943325193,0.012558013785101886,0.08197039405070175,0.06359099168769497,0.09882383843358002,0.07948873960961872,0.023322025600903504,0.012558013785101886,0.010203386200395284,0.01360451493386038,0.023322025600903504,0.08238412801440162,0.02720902986772076,0.0033317179429862157,0.10741721568867395,0.03182717916501462,0.04862732382035765,0.02720902986772076,0.10598498614615828
137,0.04938156195333058,0.050677490532564796,0.24036922015841095,0.006008415002036809,0.04937995865020138,0.04918697610513643,0.011158485003782645,0.04937995865020138,0.03905469751323928,0.05701217684913539,0.04937995865020138,0.02603646500882618,0.013220214921538643,0.015621879005295708,0.0055792425018913235,0.10642273011838609,0.07709809921903274,0.016597813993347726,0.04937995865020138,0.03905469751323928
138,0.04541083681928952,0.026624112184852364,0.1563212132152888,0.17548094862179833,0.017939753754251827,0.06265221386322227,0.02609418727891175,0.02609418727891175,0.004051414165307432,0.03882683026957637,0.029426650309573664,0.041005151438289894,0.011959835836167885,0.1996808413863927,0.004629613872064988,0.048198823782922395,0.032888609169523506,0.00751934165146343,0.010251287859572474,0.034944147242618726
139,0.06882165553382913,0.011458596254561191,0.0028414612424672633,0.0016816811435010335,0.022917192509122383,0.07846647435188644,0.04010508689096419,0.00633864431011928,0.01956345701998253,0.03739335197901678,0.12453684876667825,0.1312530116431555,0.052027137336994135,0.04978987232381411,0.06711463520528699,0.0909796490648159,0.08977669236183694,0.028580636634939986,0.006170013367840643,0.07018390205918731
140,0.07626479321768244,0.0807063822585461,0.006059482655686881,0.007485243280554383,0.028015118095589965,0.003905332096795635,0.2065504816312233,0.007485243280554383,0.012724913576942451,0.08409555323556951,0.16065037460206252,0.06196514448936699,0.004894197529593251,0.015906141971178064,0.022678139566006214,0.07253434709819956,0.07944249293508587,0.06410187360969,0.003091929397476385,0.0014428154721958639
141,0.018175211002564796,0.013970938351860092,0.22125794526799356,0.03276598778938901,0.012043912372293181,0.03355030992898064,0.03644755210464793,0.014553060783187593,0.01838281362086854,0.00623702604993754,0.019404081044250125,0.04299836075331754,0.005821224313275037,0.020545497576264837,0.007276530391593796,0.005544023155500036,0.010272748788132419,0.004069025935992143,0.01663206946650011,0.4600516813034509
142,0.04158721516645846,0.019473216562978016,0.012982144375318675,0.027818880804254313,0.027818880804254313,0.008851462074080916,0.025964288750637356,0.09844025836839052,0.016227680469148343,0.006832707565957198,0.035405848296323664,0.09116415067111613,0.013279079035522197,0.029958794712273862,0.0090573100292921,0.007088049169862552,0.2453951165651251,0.1899253138981586,0.06491072187659337,0.027818880804254313
143,0.006397190196686879,0.015593151104424267,0.01782074411934202,0.013860578759488235,0.031186302208848535,0.006742984261372655,0.022680947060980748,0.364735896335114,0.01782074411934202,0.15806784644863928,0.11172090518372862,0.013131074614252012,0.009333321562778135,0.03184611221275097,0.002938036644718574,0.006085132138311909,0.010395434069616176,0.1279775074860049,0.012474520883539411,0.019191570590060634
144,0.004962888794575577,0.008091666512894962,0.013293452128327434,0.011631770612286506,0.15772356026567785,0.004379019524625509,0.016918939072416737,0.0362764188611059,0.012835057227350627,0.2356660007825517,0.20711270842652263,0.01959035050490359,0.046256534525436946,0.008717023819565127,0.017818793987324638,0.004652708244914603,0.009078455112028492,0.15961624298886598,0.006767575628966694,0.01861083297965841
145,0.06817545872175862,0.26241042084469973,0.01293672179363493,0.011188516145846426,0.09691312948243053,0.0028758984372870737,0.015922119130627604,0.01293672179363493,0.013354035399881219,0.005240191106282503,0.01293672179363493,0.024351476317430457,0.007666205507339218,0.017998917278100775,0.08803411956887092,0.04741490325180788,0.010349377434907945,0.17418313222661433,0.019022112162849172,0.09608982160236082
146,0.003549440491050499,0.00971364407778292,0.19126089145178848,0.02843395108280024,0.013687407564148662,0.0007689306371943491,0.389887327173279,0.02509358053427254,0.030112296641127054,0.005191775282952941,0.014339188876727168,0.08345669898385487,0.007924288589770276,0.023163305108559268,0.003910687875471046,0.003461183521968627,0.009410092700352203,0.020509452430390252,0.005576351229838342,0.13054950574667137
147,0.008952993833304931,0.017288539816037105,0.01928337133327216,0.014324790133287892,0.026387771298161902,0.0063464260084186855,0.02089031894437817,0.31723258182361164,0.03754524795867352,0.1194072565938076,0.084634267086867,0.03133547841656725,0.008952993833304931,0.020054706186603044,0.009670266210241238,0.010667396907767577,0.016867041004313202,0.19893785616703671,0.011937325111073243,0.01928337133327216
148,0.033169782528036186,0.23080646290429233,0.13968768222910732,0.015717545303119685,0.00943052718187181,0.3593137266795239,0.01616661802606596,0.014508503356725865,0.01664210679153849,0.0039847297951571044,0.01109473786102566,0.012300687628528451,0.007751118231675461,0.012300687628528451,0.011888444950340424,0.04766621080023186,0.007969459590314205,0.026111010698265363,0.008981454458925535,0.014508503356725865
149,0.005706552211454573,0.016968925007864472,0.18797025109769902,0.5062122639601635,0.01733781468194848,0.0018455916099439137,0.02848355269177251,0.01504791462961566,0.01932059615312943,0.003987697376848152,0.01375068060982121,0.02492310860530094,0.008764170059006926,0.0733270820853158,0.004863045581522135,0.005316929835797534,0.00774310170261777,0.03174650494673721,0.008961117700782364,0.01772309945265845
150,0.05874286606695099,0.15346424708398554,0.03452945559389675,0.17449639635647926,0.0017870736789303676,0.02733719578438652,0.032954427794876895,0.0025941392113505335,0.1304446100213877,0.010952510925144605,0.053627228564348296,0.0593747880097351,0.004102997582285444,0.1304446100213877,0.030907894858570845,0.04782280220836939,0.029127979127027442,0.012865769755534131,0.0010722442073582204,0.0033507631479944384
151,0.287700807156921,0.11794535048207795,0.008423240593027626,0.006700305017181066,0.00755931848092223,0.1796823698750406,0.007190571237950413,0.009510110346966675,0.008423240593027626,0.0375194631624955,0.009212919398623967,0.009827114025198896,0.03486813737837572,0.011792536830238677,0.0023775275867416695,0.1867261560456512,0.011856488088063596,0.051049944338329316,0.005082990013033913,0.006551409350132598
152,0.14730692145327548,0.12243846153689515,0.006218803796009912,0.004899663596856293,0.010494654225763745,0.13973954009515396,0.03005151399895784,0.00394363167551848,0.004254971018322571,0.002650637683545208,0.005052778084258052,0.19984256809306966,0.026150917540744525,0.02151415206743573,0.0016008801851114625,0.10189957479042408,0.09282824001031277,0.004045396115244324,0.00394363167551848,0.07112306235758228
153,0.030533722260657963,0.006625276750043749,0.005291183392641297,0.005879092658490329,0.0329764200415106,0.07435789093355999,0.03637105151637199,0.10240025687493788,0.009202058074158775,0.10637554852100194,0.17312620521793065,0.04141000193425756,0.006047066734447195,0.03864424223614523,0.009852353141751561,0.1336457467586885,0.06748373434004286,0.08765284062757846,0.016271259888903256,0.015854048096880097
154,0.0796806906846837,0.12799207454643924,0.004158338739613182,0.0037206188722854793,0.02469590669133219,0.053261218117711825,0.14141241973571825,0.015724740587133967,0.003927319920745783,0.010457956495020293,0.04046808239335945,0.05605578820413497,0.08893961866349119,0.00519213132594046,0.008670837237679193,0.12247522057000079,0.0696665722214796,0.044571887931841005,0.008782434902388652,0.09014614215900076
155,0.06016165189195273,0.03896935243204398,0.08871545186470102,0.09496076994461508,0.012340294936813927,0.02457540408644646,0.02528255548030171,0.11442818941409277,0.037930888139898554,0.05120645749481667,0.03702088481044179,0.06346437396075735,0.02514626138067744,0.061966917943585234,0.0015853655534749805,0.0631823100764873,0.07543878414203233,0.10698493830694551,0.011391041480135934,0.005248106659779245
156,0.06866622962280916,0.03800968201237986,0.017067473568272755,0.035173343988924015,0.015171087616242446,0.0031786794576928795,0.016384774625541842,0.266067774086659,0.03150918197219585,0.10857172530970195,0.00917475754714554,0.05701452301856978,0.007062402855837,0.015171087616242446,0.007728667276198982,0.008031752267422471,0.011378315712181834,0.25839666016383317,0.01107079366590665,0.015171087616242446
157,0.08042381098794535,0.024795299945982098,0.23726234496297,0.2654979848611653,0.05269001238521196,0.06212230867715807,0.016860803963267824,0.01756333746173732,0.00620656879010689,0.008968512746419055,0.04215200990816956,0.035126674923474634,0.007395089457573607,0.06312738068271088,0.0057742479326259675,0.009580002251856718,0.014535175830403297,0.011519087731025519,0.018326960829638944,0.020072385670556938
158,0.016880131268196652,0.01326191342297422,0.2006189190157639,0.25279113163299805,0.020939863299432978,0.0013289047380628844,0.020939863299432978,0.022103189038290366,0.09859168338520004,0.008841275615316144,0.1291078447777574,0.03060441559147896,0.014209192953186662,0.08938235407690896,0.007104596476593331,0.005766049314336616,0.014209192953186662,0.01028201971536603,0.012433043834038331,0.03060441559147896
159,0.08122401455753984,0.03729971718553837,0.012764853664491751,0.019147280496737626,0.08951932124529209,0.01790386424905842,0.0076589121986950495,0.0016709670612895268,0.07431519328309479,0.023557716117182128,0.03926286019530355,0.03141028815624284,0.02796496166246055,0.09494473465409768,0.005585365135015616,0.23212672678087715,0.09705715780950515,0.05221960405975373,0.025947629346461477,0.028418832141362572
160,0.006762626417678732,0.025359849066295247,0.023054408242086592,0.02113320755524604,0.019507576204842492,0.03292074576860547,0.013708026522321753,0.036228355808993216,0.03381313208839366,0.06625535362173199,0.026694577964521318,0.0633996226657381,0.14225255278488375,0.05742124225449917,0.3191031532975306,0.009392536691220461,0.013708026522321753,0.006261691127480307,0.010566603777623017,0.0724567116179864
161,0.05450467859785625,0.05495599450450156,0.03338596750970097,0.23155018891133758,0.024483042840447382,0.004832179507983035,0.013601690466915211,0.006710203186824855,0.1565400859873173,0.005649932963180164,0.01596720185246568,0.02295285266291942,0.01843734383591388,0.02623183161476505,0.019136462372103216,0.018928601966255263,0.2323814580969929,0.00874394387158835,0.020402535700372815,0.030603803550559222
162,0.05749631655615303,0.011076692342351075,0.02299852662246122,0.059075692492539064,0.0529125111828835,0.004544284037887621,0.18161281618980846,0.1379911597347673,0.02953784624626954,0.11148610564791449,0.10780559354278695,0.03449778993369183,0.01011808068967198,0.01772270774776172,0.008387541092965054,0.011009932957561221,0.0057170024992779745,0.11016378501776229,0.014768923123134766,0.011076692342351075
163,0.06844150051736748,0.01528414461471589,0.010339354868746658,0.004642159328825031,0.012636989284023695,0.01412597492140972,0.04924891042519565,0.040823054396378074,0.08469180822157678,0.037504939477649,0.029549346255117383,0.04221335179302483,0.003446451622915554,0.15643771546826854,0.1433415664516764,0.12328030913983949,0.07371098479893108,0.00516967743437333,0.006892903245831107,0.07821885773413426
164,0.1902285441137321,0.10976242502304881,0.004453766841836889,0.0040747228552975795,0.004787799354974655,0.007708788115085803,0.004453766841836889,0.11358024850211138,0.00425582164886636,0.05033022426444417,0.08566109419503805,0.11874298707038916,0.0016947962318494359,0.013821935002902441,0.0009974581989530534,0.07580467478154311,0.08152257780838092,0.12145564664307398,0.0025879996513376515,0.0040747228552975795
165,0.003137397507282445,0.10317981582674376,0.008436113297359464,0.011165444070034584,0.10873889989341005,0.0033895098069747845,0.024288099164883392,0.20579673549979235,0.00690227451602138,0.2429397549386579,0.12072740355238047,0.007300482661176459,0.05003995657120038,0.006327084973019599,0.002170101545570534,0.0024026904960833917,0.0037218146900115283,0.07560161462684514,0.007300482661176459,0.006434323701375862
166,0.08806945553416841,0.032097962583149134,0.049763189138077264,0.07442222919397602,0.01571989061632971,0.13803600642349254,0.03208176296081172,0.004941935300481272,0.02406132222060879,0.0030347613611578653,0.059765219709254074,0.02731285225042078,0.032385181130626765,0.09187050302414264,0.0055771276670285265,0.1102028750250843,0.07457333798953,0.007743873818126968,0.004551782513601171,0.1237887315399322
167,0.1019418629730255,0.07967869749615783,0.004984623676753827,0.002969563041470365,0.06590181040680436,0.0030430406857619554,0.004361545717159598,0.17710141136858415,0.018145349039122967,0.07764779556832133,0.08882064771501855,0.005582778517964287,0.0031720332488433447,0.003034118759763199,0.009591998361350504,0.06947149180383959,0.1393373754065654,0.10819911646272164,0.003034118759763199,0.0339806209910085
168,0.1714025013472819,0.038261247841107376,0.015135892232297806,0.01473390548476988,0.012526255640522321,0.002527596885514678,0.00955951088355651,0.16461234536290378,0.01068415922279845,0.14885524497689606,0.10177519075226774,0.009314395219875572,0.003332673519038049,0.009314395219875572,0.0039484936258168185,0.0045407676696893415,0.023859542193050098,0.23207116067249714,0.01009059482153187,0.013454126428709162
169,0.08966945968143061,0.08806821932997651,0.0704545754639812,0.16493838793664237,0.01582180324200484,0.08029884462999375,0.007954548842707555,0.006661811891370459,0.007445554466825806,0.0034248751961657524,0.006328721296801935,0.02845280932199241,0.0026369672070008067,0.012329550706196709,0.0034135173521876814,0.1495285936708963,0.05088386005731974,0.14677521823434123,0.059638747058162606,0.0052739344140016135
170,0.12950289075848795,0.02907712609128538,0.12372306496994592,0.09253303425854752,0.028350197939003244,0.06687063411213093,0.018290450283227896,0.011417712610107104,0.011417712610107104,0.003961247232077975,0.005881851950661235,0.02091978212176221,0.022567321742490144,0.07425051841167514,0.0020649054720406467,0.07323801134242502,0.07143686970116575,0.00865474733773524,0.005391697621439465,0.20045022343368407
171,0.00478006362280338,0.21139543317982393,0.006807969402174511,0.008320851491546625,0.25586845867847235,0.0056018003229266235,0.012481277237319939,0.02246629902717589,0.006807969402174511,0.028560389702118976,0.0059121839545199706,0.006607735007992908,0.005616574756793972,0.00642251860767893,0.0008823375958945506,0.007832707918728749,0.003510359222996233,0.0023648735818079885,0.13974158349363242,0.2580186137934176
172,0.0024536303769982204,0.009585734925726855,0.020914330747040407,0.01278097990096914,0.08757480223659696,0.0038351181602570843,0.048032955269805395,0.35375865501183,0.012108296748286554,0.27900321984358806,0.08294467097502307,0.01353280224808497,0.01564568150293592,0.007798564007371,0.007929447939333456,0.006054148374143276,0.006668337339636071,0.0044252826809576115,0.008520653267312757,0.016432688444103175
173,0.10449972054324554,0.004619384661888227,0.10236391350165457,0.17384996353047225,0.005418893545676574,0.08123213459182393,0.04156871420210213,0.005525146360297684,0.05612904720701733,0.009923448412109166,0.06884818289723164,0.07955790023680102,0.002102854211755089,0.08713865236306925,0.020120016919738925,0.05138907431563701,0.07636941296163512,0.018359515439261776,0.004858318351296241,0.006125705747286563
174,0.013169673893285019,0.018657038015487105,0.015991746870417524,0.09184969116856485,0.017221881245065022,0.0054605964923376904,0.013568754920354262,0.026510139797006914,0.2772719819450248,0.007995873435208762,0.029851260824779374,0.11682927487748733,0.007995873435208762,0.04983864890050669,0.24524123224129168,0.007107443053518899,0.009538111331926927,0.009138141068810012,0.015440307323161742,0.021322329160556697
175,0.008628801008909672,0.105271372308698,0.010784337164397322,0.018150236604947932,0.07519383736335573,0.025973328556788123,0.15551452727421297,0.04765577534219036,0.08378581637156084,0.01827627991470451,0.014189917321575424,0.07310511965881804,0.0061274642979530225,0.032897303846468134,0.16869669785836405,0.0873063872410413,0.020515367151937098,0.0038515489872847576,0.0272253549074219,0.01685052681937082
176,0.008043387787713492,0.020320137568960398,0.019304130690512383,0.025738840920683174,0.024130163363140472,0.007149678033523105,0.009192443185958278,0.027577329557874824,0.010724517050284656,0.07996238188551025,0.01608677557542698,0.00989955420026276,0.23883316076113542,0.3561057746951103,0.010350262265060233,0.025960639739769354,0.05963635396130331,0.010724517050284656,0.01754920971864762,0.022710741988838098
177,0.1610927086256222,0.035339426108754714,0.06815460749545553,0.0290510685038762,0.053338388474704325,0.08557173659400845,0.025557977810795822,0.010736393307936139,0.0034893278250792445,0.041941296920280334,0.08674222772148886,0.017038651873863882,0.023272304998448224,0.004812865965626544,0.03171851790377993,0.07532877670550348,0.06110413085799461,0.0680773801454696,0.082073286511509,0.03555892564980288
178,0.08880396030870569,0.005786590533681015,0.15088196597500803,0.06277355106573687,0.008509691961295609,0.0760919450734971,0.19260066804260179,0.011128058718617339,0.012055396945168783,0.00253797830424606,0.01569338776643422,0.08691722455255876,0.00258329934539331,0.016296979603604773,0.0021918903536670515,0.15418019953278986,0.05549724539028921,0.02934993981217225,0.008036931296779187,0.018083095417753176
179,0.012819247220137366,0.01702538544307215,0.02766258610661221,0.04042993354043324,0.3193786361857583,0.009385520286172004,0.03503927573504214,0.025058862257624933,0.02766258610661221,0.07243814229852391,0.04778083054778474,0.029199396445868445,0.02102356544102528,0.02627945680128161,0.013831293053306106,0.002592099062480641,0.012819247220137366,0.008349528148886008,0.2336442521458376,0.017580155953403922
180,0.13468176601107237,0.2999958944981326,0.014196373555008891,0.016089223362343405,0.07563329500596311,0.014283906672501399,0.01930706803481209,0.015570216157106527,0.013045316239737901,0.006612009600963043,0.013045316239737901,0.028392747110017783,0.014196373555008891,0.022984604803347724,0.006708877628237146,0.005558109785161576,0.008619226801255398,0.2289590022188231,0.009291662203729715,0.05282901051703934
181,0.010448227523471491,0.01865754914905624,0.016325355505424206,0.03731509829811247,0.029022854231865257,0.011872985822126696,0.022713538094503247,0.3205920443800644,0.04353428134779788,0.045972431279843844,0.008400401740996639,0.014926039319244987,0.012438366099370823,0.03731509829811247,0.017312199669055256,0.008425989938283463,0.02182164219103077,0.26935873105384844,0.03265071101084841,0.020896455046942986
182,0.013172224546976485,0.018968003347646135,0.023710004184557675,0.09968309371122987,0.020617394943093628,0.009677552728390887,0.016351727023832877,0.03161333891274356,0.29171309347992574,0.006002532704951308,0.01395790242072271,0.2975894524226514,0.004838776364195443,0.009922841946944988,0.0028581718343365426,0.008947171390399121,0.030450598295787692,0.01156585569978423,0.06774286909873618,0.020617394943093628
183,0.0016286672542835836,0.033282803995374914,0.023773431425267794,0.028268833982382204,0.030257094541249925,0.006792408978647941,0.041603504994218644,0.20005636356762793,0.01512854727062496,0.0910256454232707,0.1501787165315028,0.030257094541249925,0.00950937257010712,0.013867834998072879,0.0077401869756685854,0.010400876248554661,0.038018526883330225,0.20719161582704443,0.033282803995374914,0.027735669996145764
184,0.02806581037244482,0.015563264843158486,0.018675917811790184,0.10945666045253478,0.02667988258827169,0.1824277674208913,0.04560694185522283,0.02075101979087798,0.013339941294135845,0.112733712301578,0.11923420991369282,0.05212221926311181,0.0010404006050252314,0.07269549369934816,0.009472579800014083,0.06674186612959439,0.012438256869606226,0.01633490499161333,0.01436609062445399,0.06225305937263395
185,0.20604309102016247,0.10172467353202701,0.04100057301725233,0.054667430689669776,0.18324019172863362,0.053124731733070904,0.011714449433500668,0.023428898867001335,0.014909299279000848,0.007130534437783016,0.020500286508626165,0.11217901622208847,0.004432494380243495,0.023428898867001335,0.004747027689728951,0.08859591253729326,0.007809632955667112,0.032800458413801865,0.004831378688192793,0.003691019999254699
186,0.03878642763945675,0.020152021388769634,0.04030404277753925,0.01343468092584642,0.0322432342220314,0.005757720396791323,0.014656015555468823,0.04030404277753925,0.020152021388769634,0.003015810938922478,0.0322432342220314,0.017912907901128563,0.10045711107402136,0.4003399729036208,0.05410771723137827,0.00495756851323593,0.09278073088459413,0.014656015555468823,0.026869361851692836,0.026869361851692836
187,0.0381215896348343,0.05250352257102017,0.010396797173136626,0.028591192226125724,0.02088536509074057,0.0381215896348343,0.03099969474883549,0.1143647689045029,0.1143647689045029,0.01759457983146198,0.0762431792696686,0.020839378685879734,0.028591192226125724,0.1143647689045029,0.022872953780900578,0.014317221487394699,0.025414393089889534,0.011436476890450287,0.0762431792696686,0.1437333876755245
188,0.006939233141798144,0.02376589278249998,0.016204017806249988,0.025463456552678555,0.020969905396323516,0.010185382621071423,0.07129767834749996,0.00838058031100714,0.014259535669499989,0.007129767834749994,0.032408035612499976,0.24823085897207664,0.052856466555324166,0.020969905396323516,0.00990245532604166,0.12892125327225165,0.22164452260421588,0.008487818850892852,0.04456104896718747,0.027422183979807672
189,0.17491130827526943,0.10132611070083801,0.011773859764238632,0.007698292922771413,0.016679634666004726,0.15505618151173003,0.007698292922771413,0.1840214335169645,0.010007780799602836,0.003574207428429584,0.011119756444003152,0.05259104597716785,0.010288900486780553,0.009531219809145558,0.04554623736065223,0.12354931341567492,0.05219264734190893,0.003511502034948363,0.007148414856859168,0.011773859764238632
190,0.05456163268754622,0.057922346326610454,0.018502971743222785,0.06907776117469838,0.06167657247740929,0.0387139101088969,0.11630439381454322,0.07063084405096717,0.06343876026247812,0.02960475478915645,0.00947217686036453,0.1308082978820362,0.021923422215915592,0.02220356609186734,0.007894601277108388,0.04845190763077811,0.09455810471128895,0.07162440674795917,0.007216896655515832,0.005412672491636874
191,0.11704331621271137,0.03885648554430097,0.01992476994978444,0.02523804193639363,0.021031701613661354,0.02089452524552032,0.037857062904590434,0.0501951794655751,0.015175513535899049,0.17912414022074602,0.2373448078592466,0.01992476994978444,0.011830332157684509,0.017207755865722926,0.0063350966043436985,0.04712382289415221,0.09391977869973062,0.0027334418607680732,0.017207755865722926,0.021031701613661354
192,0.013181700867319053,0.038346766159473605,0.08436288555084195,0.019173383079736803,0.035151202312850814,0.007532400495610889,0.08234500156504777,0.22091629577513028,0.020086401321629033,0.03923124067907318,0.2621886313831996,0.035151202312850814,0.009169878864221952,0.01687257711016839,0.008940625359774525,0.007811378291744627,0.004086196680047856,0.04272542872200291,0.017575601156425407,0.035151202312850814
193,0.013502484326145599,0.024229847513373804,0.025326908493515973,0.3802745267967779,0.03785913673964657,0.0019880114023218703,0.035632128696137945,0.04038307918895634,0.07084558570755782,0.015531953534213978,0.03785913673964657,0.035632128696137945,0.01637151859011744,0.10445419899502698,0.012362167098660105,0.01637151859011744,0.012362167098660105,0.048343113212312334,0.03028730939171725,0.04038307918895634
194,0.07232519204702656,0.052742884103486966,0.005405847939627265,0.03461251769291332,0.06153336478740145,0.0077184708444127245,0.05159629966645462,0.01717820646693181,0.00476986582908288,0.03202246534854564,0.01825715218966856,0.07878542733203402,0.007541329310623808,0.43512879385376735,0.004163911902906865,0.010672581432779965,0.05060518497787054,0.017580961367828985,0.017580961367828978,0.01977858153880761
195,0.011806876342445228,0.044101328781753636,0.013671119975462895,0.011806876342445228,0.12679132024754172,0.005301046521097858,0.01731675196891967,0.2497219904232618,0.012384514821469747,0.09855180880125378,0.16234749760768702,0.019980867656445772,0.007215313320383196,0.028861253281532783,0.0036638610812113662,0.007020304852264731,0.017682611551369555,0.11563462650626678,0.013671119975462895,0.03246890994172438
196,0.05338183968786723,0.06167283117388184,0.2623428022842603,0.10756426607973885,0.053262899650170684,0.0003903021360192904,0.03043594265724039,0.009521158311071594,0.010176540570574898,0.026332220051769776,0.008160992838061366,0.03938769049760521,0.002636628455373672,0.0937427033843004,0.0019698948229803295,0.08862230361961172,0.0035704343666518473,0.0017505560799746306,0.027899614102470358,0.11717837923037551
197,0.03182701745905673,0.023780550596717562,0.013588886055267178,0.015219552381899235,0.017294945888521863,0.06093399084337639,0.014852608147559801,0.047911639185676785,0.1954290545731553,0.11792491198120127,0.08568812392822965,0.034589891777043726,0.0072100039551261175,0.015094551634627975,0.24119636984241732,0.007609776190949618,0.006794443027633587,0.018565760184449748,0.015219552381899235,0.029268369965190843
198,0.010749658781224348,0.022476559269832726,0.027471350218684444,0.022476559269832726,0.03296562026242133,0.00480081848481864,0.021499317562448696,0.02908731199625412,0.019018627074473844,0.3111544972911694,0.2857585731821118,0.030905268996019995,0.0022371625081411836,0.05157022271961753,0.003435825049746861,0.005886717904003808,0.010749658781224348,0.015907512899131542,0.04990207011551307,0.04194666763332984
199,0.07366183728403235,0.12346728408403153,0.00442031324864247,0.014304115741070192,0.007426126257719348,0.0025431939238764897,0.0023884945515813775,0.09416438199475467,0.12668792627457373,0.08642034915259911,0.06036178332997094,0.005625853225544962,0.0020190540121710053,0.11683083605989658,0.019198057844755173,0.02682745925776486,0.13655616556616385,0.08450649666195933,0.006188438548099458,0.006401832980792544
200,0.004719988628974011,0.11982416499728239,0.01450323778721105,0.015050529779181279,0.012463719973384498,0.004778750570887131,0.15590344860669578,0.015050529779181279,0.014244251398153713,0.020403274803973546,0.017726179517702396,0.015050529779181279,0.0030798381401413435,0.01227197043533243,0.507692141896542,0.03212029348461563,0.004719988628974011,0.006135985217666215,0.011395401118522969,0.012865775456396902
201,0.04960924621987957,0.011766295577791946,0.008117679994884722,0.0063625059419366746,0.00941650879406628,0.0013700944947680543,0.03650225787201366,0.01966652260859511,0.21275437410329665,0.02004839683400473,0.07956934087088709,0.07342168440542177,0.0028025323791863936,0.13210340944157323,0.1488945641812388,0.10300796219481796,0.02708214128177405,0.005462922946831976,0.04083143034028566,0.011210129516745573
202,0.004273642618634964,0.01686964191566433,0.010347694403907355,0.011052524013711111,0.24685047845839536,0.008903422122156173,0.2042321624422192,0.015263009352267728,0.015263009352267728,0.0039088194682636865,0.012327815246062395,0.21974156510673057,0.003728083571337585,0.045653188762392154,0.0021025432613115225,0.005526262006855556,0.00604760747920042,0.005008174943712847,0.034741919190440826,0.12815843628446835
203,0.04436257505843127,0.01788203083309555,0.014305624666476443,0.01018035944705817,0.022587828420752278,0.27119400360710527,0.01716674959977173,0.02384270777746074,0.01788203083309555,0.005573619999925885,0.013844152903041718,0.014305624666476443,0.008415073333221435,0.01716674959977173,0.05648137755797847,0.004379272857084625,0.009537083110984293,0.20446112806868277,0.213020484534764,0.013411523124821665
204,0.009629916759677276,0.019512890854077987,0.024391113567597482,0.0833492889420021,0.02845629916219706,0.43005642678959854,0.017972399470861305,0.0359447989417226,0.023550040685956185,0.007850013561985395,0.023550040685956185,0.022765039329757653,0.007265438083965208,0.029693529560553447,0.03793118131486296,0.008034719763443877,0.013133676536398646,0.1323728916485559,0.01484676478027673,0.029693529560553447
205,0.5241744117795368,0.07383954399509353,0.00830954156725185,0.001859057715662479,0.007894064488889256,0.09872836586133814,0.00478428150841773,0.00657838707407438,0.0063152515911114055,0.0020773853918129625,0.005638617492063755,0.00657838707407438,0.002133530942943042,0.0071764222626265976,0.001082130456078576,0.06582909114294536,0.1263619326802992,0.040637371015199375,0.004154770783625925,0.005847455176955005
206,0.002845752373327432,0.005753368928683721,0.005753368928683721,0.011027290446643797,0.21999055900340778,0.003780785295992159,0.0045630167365422625,0.20878884514401597,0.007351526964429199,0.16745429864017927,0.13424118590585485,0.005881221571543359,0.001556793945408536,0.005881221571543359,0.0024280272543068912,0.018793948703846323,0.002673282532519709,0.1486026904469554,0.005753368928683721,0.03687944667743266
