site,A,C,D,E,F,G,H,I,K,L,M,N,P,Q,R,S,T,V,W,Y
111,0.03251768607002337,0.1853920825130371,0.10908178333078321,0.37530766192339393,0.013538059663582102,0.002388326761415189,0.016857280546292503,0.011663559094778423,0.008683047061755676,0.004955106804971228,0.01403946928075181,0.020504707767262882,0.010677906213529544,0.013300549844922767,0.00592290110281717,0.13670467412631165,0.010108417882141302,0.005377827765800951,0.01131539315165071,0.011663559094778423
112,0.028076857992321434,0.022119629361378665,0.1524629088456295,0.3757440544790447,0.01184603479416581,0.06200493787903827,0.010529808705925164,0.042112371284163216,0.041662734143403775,0.02747115259397027,0.08110530765838841,0.014579735131280993,0.009476827835332644,0.011663788105024794,0.00459482561713098,0.05081914846949655,0.008065385391772465,0.02330889784456802,0.009719823420853995,0.012635770447110195
113,0.005375256245260997,0.015885085620323543,0.015651481420024666,0.020081145972861838,0.020467321856955337,0.005242860771239791,0.13573137695742238,0.020081145972861838,0.018038995534943682,0.08172352368487429,0.020868641893366225,0.017447553058388153,0.5306643379249099,0.01662969900877621,0.008205656654016392,0.009395134576955615,0.017888413095767206,0.007289731072340258,0.015885085620323543,0.017447553058388153
114,0.04180902170837829,0.05202900479264855,0.012853486730183817,0.016783549933112433,0.01687020133336626,0.0029024002293963447,0.014995734518547786,0.10117987029830972,0.08967411608840643,0.13970372079341814,0.13337290262851278,0.012853486730183817,0.0038560460190551434,0.07804350718897281,0.009929199387910032,0.021678751996936887,0.059520749274327316,0.1596524637349425,0.006277284217066514,0.026014502396324274
115,0.07347305327223305,0.0168221132071106,0.016001980951191135,0.009932264038670363,0.019202377141429364,0.039652123988189264,0.11565202829888535,0.06608687331364876,0.016001980951191135,0.1420161676053656,0.13818211817677598,0.08540457474379225,0.0347315512497315,0.0779562741920681,0.020216593514504853,0.0038923737448843306,0.006857991836224774,0.03543381292561593,0.013092529869156384,0.0693912169793312
116,0.03361977953106786,0.02565717214464378,0.02736765028762003,0.02360769229792614,0.05131434428928756,0.0023732941740697566,0.058644964902042934,0.03731952311948187,0.01710478142976252,0.09732167582788531,0.09748224367268522,0.029322482451021467,0.010803019850376327,0.04167104487718257,0.005623489785127404,0.01001255498327562,0.17594441170365976,0.2026810169821789,0.02280637523968336,0.029322482451021467
117,0.010977373428029966,0.026944462050619,0.019121876293987674,0.12526049342415968,0.03293212028408989,0.00559224684069451,0.010248286740746156,0.03951854434090787,0.1806258165185752,0.008283122626704347,0.031198850795453578,0.029638908255680906,0.033291269853240935,0.2927912378477364,0.05240544443826164,0.027644366275490335,0.016466060142044946,0.01139958009833881,0.016021031489557244,0.029638908255680906
118,0.008699223894081187,0.04051550800773411,0.017398447788162366,0.029302648906378726,0.04639586076843299,0.08018010068738282,0.015465286922810998,0.16454186978987695,0.024206536053095466,0.009279172153686597,0.019198287214523997,0.008222838870165025,0.01294768207491153,0.04639586076843299,0.0709707636236948,0.2737330200697846,0.08577673107311305,0.005353368550203807,0.013579276322468192,0.027837516461059794
119,0.017939111378279856,0.03860567087414908,0.022708616757893915,0.029692322281290793,0.03315298770572823,0.012301104945106188,0.08436166141314043,0.04100368315035396,0.024602209890212372,0.008525518278786467,0.043053867307871654,0.04105677729553631,0.016883869532498687,0.04100368315035396,0.010899713242499155,0.011968436093271445,0.06150552472553092,0.012662902149374017,0.024602209890212372,0.4234701299379101
120,0.05001243884708252,0.02595088335797544,0.02018402038953646,0.049976498382449226,0.03406053440734276,0.268508135903197,0.03027603058430468,0.024771297750794737,0.02868255529039391,0.00648772083949386,0.02595088335797544,0.022707022938228513,0.010480164433028542,0.01513801529215234,0.04915088184617327,0.007266247340233124,0.009560851763464636,0.12156723328851046,0.17746984196696372,0.02179874202069937
121,0.01414891919700118,0.12704794591812188,0.03773045119200314,0.02122337879550177,0.02341890073986402,0.010744507150688375,0.03395740607280283,0.03395740607280283,0.061740738314186965,0.04876646777865228,0.03773045119200314,0.02058024610472899,0.013582962429121131,0.032340386736002695,0.06222497743111825,0.03823326167629136,0.02122337879550177,0.008596811664000717,0.323223223545865,0.02952817919374159
122,0.017145335226655723,0.02439913089947161,0.004678009024822659,0.01669414219437531,0.027581626234185298,0.005517576973564926,0.016717096608727094,0.03188524156995581,0.16131832109719516,0.010752159379428165,0.03524318907701455,0.3132760602104843,0.017145335226655723,0.04229182689241746,0.007291694291796112,0.0634933703390218,0.12683471839411853,0.010231893603004224,0.017145335226655723,0.05035793753044992
123,0.0204116470806217,0.03486989709606207,0.03638597957849955,0.03099546408538851,0.025359925160772415,0.014944241612598032,0.03099546408538851,0.41322334252108117,0.018597278451233105,0.09736549479717137,0.06293193404148409,0.027895917676849655,0.018192989789249776,0.026996049364693218,0.023661061975135914,0.010593386459563162,0.01781139599051572,0.033159021139318505,0.03099546408538851,0.02461404500898499
124,0.08011517942199167,0.2328587653831696,0.023091351006886574,0.004439178851455614,0.04521737869793405,0.0012851758264790707,0.008617229535178544,0.15023480331227856,0.007512456517847961,0.01248907296235825,0.013128048788339366,0.005979302126450419,0.003662322552450882,0.0056343423883859715,0.001902505222052406,0.022762342657201326,0.2243549876263638,0.14468822525962613,0.005051479382690871,0.006975852480858823
125,0.006656170495856122,0.06353875028817932,0.01913649017558635,0.012757660117057567,0.022513517853631,0.009731550209567924,0.17054136607697373,0.020688097487120378,0.031368720356373204,0.02863512989708639,0.01866974651276717,0.015947075146321956,0.011607191733134434,0.01701021348941009,0.3790054113483131,0.1305278946169726,0.007810812316565858,0.005587296401631051,0.007578807990331229,0.020688097487120378
126,0.016219244629787386,0.014031026025675623,0.014031026025675623,0.01238031708147849,0.005228215233451142,0.003507756506418906,0.009820085147383981,0.08536444541993363,0.01753878253209453,0.20795479548857285,0.44602922731915323,0.010793096942827402,0.011155100655213785,0.015033242170366735,0.008581854345628496,0.006577043449535449,0.007516621085183369,0.02863134024787841,0.01202659373629339,0.06758018595744744
127,0.006034243226049671,0.011565632849928537,0.01734844927489281,0.0027595379397124123,0.021913830663022493,0.017978522055332784,0.018925581027155792,0.044604261537158976,0.20529339240740327,0.0045256824195372535,0.0073046102210074975,0.12216066313193512,0.008497199644845457,0.12218808840208378,0.2249035720473706,0.0544323191639906,0.06321418848967054,0.02573322780989941,0.009051364839074507,0.011565632849928537
128,0.20284717500748997,0.021559249539308538,0.022690697628898217,0.037430133483524926,0.018565116241825812,0.12819569004007764,0.012012722274122584,0.07558007722634844,0.01570894451231415,0.00523631483743805,0.017757937274789908,0.04862524977508744,0.0322144591456567,0.019449169396198472,0.021879668855723098,0.20055571565830313,0.0766861271369779,0.014291505511891336,0.012376744161217208,0.016337302292806718
129,0.10081271593136894,0.029746048246257588,0.03484537080275889,0.0658458061241681,0.006088940318806195,0.07764479079309124,0.08166883781896613,0.013192704024080092,0.049001302691379686,0.014821381678256819,0.024070815357168963,0.03658763934289682,0.1376954168818698,0.1088917837586215,0.05508952127654987,0.09503282946206967,0.031760103596264605,0.022728696807515675,0.009528031078879383,0.004947264009030034
130,0.05006885344415976,0.10849140733448878,0.009384892513919663,0.0028490256631669006,0.005119032280319816,0.010266752121697316,0.09905737191409845,0.19528453320207984,0.022446498069204575,0.02504603752866299,0.028820137042596727,0.09492998141767768,0.0019757668450357184,0.03403651994807491,0.021698281466897753,0.07060551905895299,0.11127323829178333,0.055386733711161235,0.0433965629337955,0.00986285521222625
131,0.009091159678217605,0.015146464872525814,0.3358769402594669,0.1909555183835299,0.03245671044112674,0.0024039470026562355,0.020062762575522766,0.037866162181314535,0.024342532830845063,0.010172998794980024,0.034079545963183085,0.025110445037887504,0.009210688098157588,0.02198680384721489,0.007174641255406963,0.00631102703021909,0.014501934452418331,0.03144026942672305,0.04009358348609775,0.13171586438250607
132,0.10959939021577929,0.23212348770302246,0.006809509099060852,0.011910054975425403,0.0969959188537804,0.006714243816552509,0.02084259620699445,0.08411329650713116,0.0158800733005672,0.0465297132822864,0.02084259620699445,0.0158800733005672,0.006063300714762022,0.02565242610091625,0.0039700183251418,0.02591949614549878,0.08221905288944263,0.15865053116202008,0.010757469010061653,0.018526752183995073
133,0.01751953632157976,0.07829501392059456,0.005734776076780156,0.005634165970169978,0.15852732332625374,0.011053993155282467,0.10317060278263636,0.08501991189470472,0.008234550264094581,0.05397749245047177,0.032580190352411484,0.06770570807610511,0.005947175190734977,0.020071716268730545,0.003649402957951008,0.028838550820109526,0.17585898201585745,0.010281019087810695,0.05064738682056696,0.07725250224715412
134,0.009726769715742172,0.010421538981152327,0.048207760271528136,0.03647538643403315,0.01750818548833591,0.00575927154221576,0.21576777712632947,0.01563230847172849,0.027356539825524856,0.0324906251797906,0.027356539825524856,0.11492315311440755,0.0052891728275068625,0.12067593628126128,0.09365556736724692,0.005337861429370704,0.009118846608508287,0.014119504426077348,0.019895665327654445,0.17028158975606097
135,0.03467600469915256,0.05113982205631321,0.00714915194361985,0.0038128810365972527,0.15145254993600452,0.01452491987398245,0.05874523149032902,0.08309582227183636,0.03168906970127057,0.018456437509111943,0.05616000265304343,0.09855285546074938,0.0023830506478732826,0.06508704625348954,0.04942350034200441,0.03798183070495411,0.05713138918142902,0.033970091117507484,0.0206526204458188,0.12391572267491283
136,0.10133345827657124,0.018768023740409832,0.015880635472654475,0.13284917904051993,0.04128965222890163,0.09660089744606723,0.09939073881288492,0.02949260873492974,0.015880635472654475,0.012903016321531763,0.017204021762042346,0.08519206183961561,0.054674363925572164,0.03440804352408469,0.004213229819275677,0.06405524768842595,0.023565962774036747,0.049074092547567415,0.03440804352408469,0.0688160870481694
137,0.04918887558917583,0.032125785248779674,0.2570062819902375,0.00770176844886346,0.049184766421986395,0.03390537161374067,0.014303284262174996,0.049184766421986395,0.049184766421986395,0.03614150840487715,0.049184766421986395,0.03337432994507499,0.004353173471096738,0.020024597967044998,0.0071516421310874965,0.11565282689560687,0.07984896879834354,0.014112986701977725,0.049184766421986395,0.049184766421986395
138,0.0476086061985754,0.014355809437765677,0.08773833645594262,0.14817369911777195,0.018841999887067452,0.07020706007153803,0.027406545290279933,0.027406545290279933,0.004109574016028742,0.008374222172029981,0.04587050129543576,0.12450564637332563,0.012561333258044968,0.16600752849776745,0.004862451583759343,0.05509732626865558,0.01773364695253407,0.03574401703710001,0.01076685707832426,0.07262829371777328
139,0.07560998148745474,0.015082786775093414,0.0037808209306239393,0.0022376287140427396,0.04524836032528025,0.07688942388607407,0.05278975371282697,0.008434138999084174,0.020600879497688573,0.04680897343433498,0.11113632360595149,0.11517764446434975,0.05373561919821642,0.04841751831821421,0.06894988240042706,0.09045709730905227,0.06757606564593763,0.0400473993683515,0.010828667428272199,0.046191034498723596
140,0.09000367340018427,0.07801214465350531,0.0075479477255609604,0.009323935425692953,0.007204859192580917,0.0010043637068268727,0.1780507452047124,0.04488674248858296,0.015850690223678014,0.04632953064000169,0.15261492446118205,0.061045969784472805,0.0060964193167992375,0.019813362779597523,0.017233719205715786,0.0812652883615491,0.08609047020887192,0.07630746223059104,0.0020891862315286303,0.019228564758365416
141,0.01638155028071814,0.017190557448418627,0.21129544136230122,0.05982092660704467,0.014819446076222959,0.014303867498554184,0.015348712007516632,0.01790683067543607,0.02261915453739293,0.007674356003758316,0.02387577423391476,0.005383308532763249,0.007162732270174429,0.025280231541792104,0.008953415337718035,0.006821649781118503,0.012640115770896052,0.007598808191364324,0.02046494934335551,0.4844581724995392
142,0.003645456886061859,0.027350347264582266,0.018233564843054842,0.039071924663688945,0.039071924663688945,0.012431976029355574,0.036467129686109684,0.07572495308306029,0.022791956053818552,0.009596613075292023,0.0497279041174223,0.021880277811665808,0.01034693946929856,0.04207745733012656,0.012721091750968494,0.009955243171933786,0.2680537765754018,0.1706117146455065,0.09116782421527421,0.039071924663688945
143,0.009341600934321207,0.022770152277407953,0.026023031174180516,0.020240135357695952,0.045540304554815905,0.00984655233617641,0.033120221494411566,0.35106015659865136,0.026023031174180516,0.1792442053943091,0.0850345710688645,0.019174865075711957,0.0026716762649676338,0.012166414753065596,0.0042903157513727395,0.008885913083866513,0.015180101518271965,0.08314582656283848,0.018216121821926355,0.028024802802963624
144,0.0058543803980425834,0.009545185431591168,0.015681376066185488,0.013721204057912302,0.3121827190836837,0.00516562976297875,0.019958114993326986,0.014635950995106459,0.015140638960454955,0.21475391693578058,0.14984538080509024,0.02310939630806283,0.0016592371720665282,0.010282876665362935,0.003115840335792775,0.005488481623164922,0.01070923243544375,0.13921326547996257,0.007983245997330796,0.021953926492659686
145,0.023388990736480757,0.2822651807180697,0.017974571858704932,0.015545575661582645,0.08779463236876085,0.00399583789030599,0.022122549979944534,0.017974571858704932,0.018554396757372832,0.007280839233905796,0.017974571858704932,0.033834488204621045,0.010651598138491812,0.0250080999773286,0.05093094428415994,0.08031991154113267,0.014379657486963947,0.1824164088121738,0.012611188611043104,0.07497598402154713
146,0.004628910595792094,0.0126677965467439,0.19355212994747495,0.018104731455305362,0.01785007695223004,0.0594800426526378,0.24982629634642883,0.0327251410790884,0.039270169294906086,0.0067707188439493264,0.01870008061662195,0.0994662682446225,0.010334255077606866,0.030207822534543145,0.00510002198635144,0.004513812562632884,0.012271927904658152,0.035334900330450454,0.0072722535731307575,0.14192264345482516
147,0.012584075705986731,0.02430028412190541,0.027104163059048343,0.020134521129578767,0.037089907343960886,0.008920357462471605,0.029362843313969038,0.34627630524683467,0.027104163059048343,0.07866282126174216,0.08435009018851813,0.04404426497095356,0.012584075705986731,0.028188329581410272,0.006981029196432139,0.01499379233053738,0.027497299180234542,0.12593874647435077,0.016778767607982307,0.027104163059048343
148,0.01060114011801338,0.27051581863670815,0.13514934006005536,0.01942760337521523,0.011656562025129139,0.34483352160422703,0.019982677757364235,0.017933172346352517,0.0205704035737573,0.0049253078979418895,0.013713602382504868,0.015204211337124962,0.009580735911065045,0.015204211337124962,0.005031609507249988,0.004044193461242699,0.009850615795883779,0.042740612883706675,0.011101487642980135,0.017933172346352517
149,0.012935798925902924,0.021195939102260808,0.16910415342713792,0.4907525200669232,0.021656720387092567,0.04422372030609539,0.035578897778794936,0.018796398826533174,0.008449605895829503,0.00498104568903129,0.017176019617349277,0.031131535556445565,0.010947353162706133,0.018796398826533174,0.006074445962233282,0.006641394252041722,0.009671933376759787,0.03855477690124355,0.011193361098946721,0.022137980840139068
150,0.06365562187903519,0.1374271952045337,0.04178529583921632,0.1645838319175253,0.0021851155204904572,0.0326285180907182,0.04984912486081947,0.0031719418845829223,0.13304968802137768,0.005996342571734181,0.0508645699968732,0.04898965719080534,0.001751016476901104,0.1241797088199525,0.025337325884671302,0.04818503402447154,0.04408509221729364,0.016866758685784123,0.0013110693122942744,0.004097091600919608
151,0.275923743277101,0.11119083207994698,0.010718641271664277,0.00852619192064204,0.009619293448929481,0.18670793886757764,0.009150059622152432,0.012101691758330634,0.010718641271664277,0.039428613693099857,0.011723513890882806,0.012505081483608326,0.0015905699430678601,0.01500609778032999,0.0030254229395826593,0.18455128703646767,0.025293555444769165,0.057413957686140854,0.006468145594969824,0.008336720989072217
152,0.14852619291534014,0.12201235566061501,0.009267483095410855,0.007301653347899461,0.004025392815360732,0.09946658831081978,0.022103686291293285,0.005876940499528834,0.012215195055714712,0.003950074761978397,0.0075298300150213205,0.23208870605857956,0.021943054412163543,0.010952480021849191,0.0023856887176305166,0.11771828852307936,0.08638263679581551,0.0059509924630405,0.005876940499528834,0.07442581973933036
153,0.041483967375876715,0.022708258809160973,0.006711955277926465,0.00745772808658496,0.031017243299501673,0.06300944345374414,0.03040906205833497,0.1136280401827828,0.011672965700741679,0.1167315608045762,0.13440805429784056,0.03373527702336175,0.007670806031915959,0.04846444265547136,0.01220630840387129,0.1314124342287911,0.07610795592301706,0.07427500790110554,0.007065216082027857,0.029824272403367
154,0.0748492225380874,0.09571038526684172,0.00572731350067004,0.005124438395336352,0.019186697279599978,0.04224168030105477,0.1616105444732048,0.010689731341491414,0.015589191539674977,0.00926059081894163,0.03301240561342937,0.08314235487826656,0.09524922786141975,0.0036741256419392707,0.014736160520897315,0.08078234473414116,0.08022044388034617,0.0500610657893788,0.015920876466051042,0.10321119915922745
155,0.056034047789530965,0.03736979705091464,0.09120526507399192,0.08997971429586302,0.03698052833163428,0.0417712775954144,0.03463542165694527,0.1290956625395233,0.023791868677235775,0.029860912596758903,0.012679038285131753,0.06762153752070267,0.023444259470620975,0.091616276640952,0.001927127235809791,0.04733507626449187,0.08707867803373504,0.07753970634113048,0.01365434892244958,0.006379455677163447
156,0.01456638834014089,0.06757602934210714,0.02046684664866519,0.01865636268069436,0.01819275257659128,0.010871287614488849,0.01964817278271858,0.289075236630125,0.03778494765907419,0.04219423061791992,0.06195495246204696,0.06757602934210712,0.008469039992551115,0.01819275257659128,0.009268006029584237,0.00963145724643068,0.01364456443244346,0.24076239802837268,0.013275792420755798,0.01819275257659128
157,0.07306417042819803,0.02566805910333409,0.29131642929244667,0.21300209987952134,0.05454462559458495,0.0019472305042705807,0.017454280190267183,0.018181541864861647,0.05299876977324226,0.009284191590567651,0.04363570047566795,0.0363630837297233,0.007655386048362801,0.06451936745792859,0.005977493215844925,0.0099172046535609,0.015046793267471707,0.019672624256659117,0.018972043685073024,0.020778904988413314
158,0.010192648150816223,0.014531610815032747,0.33857058386047223,0.21477627850973438,0.022944648655314866,0.0014561342581477963,0.022944648655314866,0.02421935135838791,0.10125425832248645,0.009687740543355163,0.06994086748398924,0.033534486496229414,0.015569583016106517,0.0322804003772258,0.007784791508053257,0.006318091658709889,0.015569583016106517,0.01126642167919417,0.013623385139093197,0.033534486496229414
159,0.07653591698610626,0.04251116561201645,0.014739786806543989,0.022109680209815984,0.10202679746883946,0.02493988382571632,0.008843872083926393,0.003254243271095685,0.06024218092927619,0.004654669517855996,0.035798876304855946,0.04474859538106994,0.024577706729469982,0.13912745109387203,0.003401489263048612,0.22405636596815362,0.08684156591409417,0.04251116561201646,0.014786492386788327,0.02429209463543797
160,0.0071977998636303065,0.026991749488613652,0.024537954080557867,0.02249312457384471,0.020762884222010503,0.005193337683410979,0.014590134858710083,0.03855964212659094,0.035988999318151534,0.10616843972524305,0.028412367882751213,0.06747937372153415,0.16097143249207743,0.04662967339391073,0.26405455314810405,0.009996944255042094,0.014590134858710083,0.006664629503361395,0.021597540550563392,0.07711928425318187
161,0.07623002788078191,0.06079860100685004,0.03735953564715266,0.20055166848017886,0.027396992807911948,0.005407301212087884,0.01522055155995108,0.007508845597629524,0.12370180795604317,0.006322382955671988,0.017867604005159965,0.02568468075741745,0.007345424282083937,0.029353920865619946,0.02117094142202814,0.06999825318482927,0.20121975174024578,0.009784640288539983,0.022830827339926623,0.03424624100988993
162,0.06385563519351062,0.013681432483127068,0.08428943845543403,0.07296763991001101,0.020947583641953038,0.005612895377693153,0.0946770053989394,0.15172098921978125,0.03648381995500552,0.10713610591290665,0.0790213485519694,0.09833767819800636,0.0014434256451475648,0.021890291973003306,0.01026353568721432,0.013450442306718194,0.0070613845074204195,0.0852360051215286,0.018241909977502753,0.013681432483127068
163,0.06356238913659606,0.008610081255696931,0.01134965256432777,0.005095762375820632,0.013871797578622832,0.021925793519300085,0.02668050902029958,0.07473993864357649,0.14845739119375656,0.01847112162943817,0.01600830541217975,0.08004152706089875,0.00378321752144259,0.1341872659550361,0.12223798022764498,0.1108137043950917,0.05629742436678183,0.005674826282163885,0.007566435042885181,0.07062487681844005
164,0.213242278769849,0.08722806537830563,0.005732380096474443,0.01009618458846772,0.0061623086037100264,0.021269705777772985,0.005732380096474443,0.12378800234556071,0.005477607647742245,0.04715459623672489,0.06592097694124387,0.0970610472936783,0.002181348178304434,0.008787419919592277,0.0012838142924395887,0.0815582411287158,0.08753294016991917,0.12121520695079298,0.003330977623627041,0.005244517960604278
165,0.004829571569595096,0.15719588759639466,0.012986181331577926,0.01718759293885314,0.020528097718324614,0.0052176621421518455,0.007803109042779398,0.17305877743946307,0.010625057453109212,0.29057154624175785,0.11495617630348587,0.011238041536942436,0.052006769842363215,0.009739635998683445,0.003340558760340183,0.0036985959488671305,0.005729197646284379,0.07814478437715183,0.011238041536942436,0.009904714574932317
166,0.09839543186726103,0.07377890020878483,0.0422338623966586,0.07202674207182085,0.003791453187764219,0.13351122415117472,0.029496665800840916,0.006119542943653177,0.007649428679566471,0.0019295856128636146,0.039963224633397375,0.044643602293164636,0.03000117412959234,0.06882555353529549,0.005469580413400966,0.10606202478211532,0.08216454343415841,0.0024618850922742664,0.005636421132312136,0.14583915363390063
167,0.1045095934106473,0.09225674452801967,0.006198028262997436,0.003692442369445282,0.060805581620740234,0.0037436272266500527,0.005423274730122757,0.13900947819158763,0.017978744268045802,0.09395601996369693,0.08574695313260658,0.006941791654557128,0.003944199803725641,0.0037727128557375708,0.0160691084342153,0.07617588141931624,0.13134859351542966,0.11957220933816602,0.0037727128557375708,0.025082302418555354
168,0.1522286012055084,0.04007218792283591,0.02135478960888345,0.011422246449143211,0.01767292933148975,0.015921483183812337,0.013487235542452703,0.0804550129613527,0.015073969135682435,0.15942599519132422,0.12020066023385628,0.013141408990082124,0.004701972023974337,0.013141408990082124,0.005570814680578291,0.0064064368826650345,0.022212298923519527,0.2542919871289384,0.0142365264059223,0.0189820352078964
169,0.07315469800773089,0.06352907984881895,0.08470543979842525,0.13708756336928601,0.0192218921501204,0.07573038985006318,0.028690552189789192,0.008093428273734906,0.009045596305939011,0.008235251091513567,0.007688756860048161,0.022805310714960645,0.003203648691686734,0.029646903929448836,0.007056774134469377,0.16400414939695102,0.0494115065490814,0.1284654041435363,0.07381635731102261,0.006407297383373468
170,0.12231051117549124,0.04824445789194174,0.12881744127048478,0.08524177096254734,0.025087118103809702,0.0789908167776717,0.008397088880314794,0.015312338546456385,0.015312338546456385,0.005312443985505278,0.007888174402719958,0.012933435068908724,0.029954767885145926,0.026879055111224678,0.0027692527158484958,0.06898957478547668,0.09122588401385348,0.015581789657193501,0.007230826535826627,0.2035209136831226
171,0.0060406357102702375,0.2074117304770194,0.008603329647960643,0.010515180680840785,0.20712301576018238,0.0018582236519130105,0.015772771021261178,0.02839098783827012,0.008603329647960643,0.023940210832627092,0.007471312589018452,0.008350290540667682,0.00709774695956753,0.008116229889983673,0.012061620729087093,0.0033798795045559666,0.0044360918497297055,0.002988525035607381,0.13542992420733724,0.29240896342613976
172,0.00590708594316652,0.013436869355763265,0.02931680586711985,0.017915825807684357,0.1583568059039225,0.005375903056215808,0.026922781638518155,0.20198983183688884,0.016972887607279916,0.2982716853163955,0.0664157482293965,0.01896969791401873,0.05140817682614274,0.010931690323332828,0.018792685938453072,0.008486443803639956,0.009347387377922272,0.006203170201041257,0.011943883871789572,0.023034633181308457
173,0.0780366198955672,0.006096682849597031,0.07267041369537083,0.17692473603303685,0.007151877958181132,0.07208235543871233,0.04077922543021234,0.00729211085932194,0.12168044401631313,0.014751651978327862,0.09005412282505226,0.04802886550669454,0.002775355625562827,0.08389188280369765,0.014803417450693527,0.05687628810003301,0.06962167478911603,0.014408659652008358,0.006412028514231359,0.015661586578269954
174,0.018003900100450887,0.02550552514230543,0.021861878693404647,0.0067366877604145775,0.02354356166982039,0.007465031748967441,0.01854947283076758,0.03624128527568625,0.29146944338673264,0.010930939346702324,0.040808840227688686,0.1311634360463851,0.010930939346702324,0.01804750184794604,0.25323618104542156,0.009716390530402068,0.01303929049105381,0.012492502110516942,0.021108020807425177,0.0291491715912062
175,0.016857864565059836,0.051416486923432494,0.010638402155375266,0.009171036340840747,0.09181515522041517,0.03650258129069656,0.14022678251845228,0.09294648414762156,0.08252663477709525,0.010711768109048439,0.013997897572862192,0.11425885982985003,0.0060445466791904925,0.040169130408931636,0.12441704624723583,0.08965851288902905,0.01998925723924374,0.007345212417633213,0.009171036340840747,0.03213530432714531
176,0.009285373136130195,0.023457784764960493,0.022284895526712468,0.029713194035616626,0.027856119408390587,0.008253665009893508,0.010611855012720224,0.03183556503816067,0.012380497514840263,0.12316866609232292,0.01857074627226039,0.011428151552160242,0.2033509394609036,0.279001571924594,0.011894198623513527,0.004967701174875016,0.11308205785465654,0.012380497514840263,0.02025899593337497,0.02621752414907349
177,0.16005450683933622,0.03980737675757819,0.07837077299148207,0.027749331216743448,0.03894199900197867,0.08606451596063838,0.022391649426137732,0.014184174857686431,0.004609856828748091,0.05787380159370985,0.05699692581198697,0.05224718199432138,0.01747640930820506,0.012354013476489786,0.010441298989096938,0.07306748760108105,0.0463275505368367,0.07804178410012498,0.0762689639054437,0.0467303988023744
178,0.09368599059875632,0.008225677525474507,0.09055139204255709,0.06727198873663963,0.01209658459628604,0.10684374681701592,0.22933632523854425,0.015818610625912517,0.017136828178071887,0.0036077533006467133,0.011424552118714591,0.031048610186141374,0.003672177466729691,0.007909305312956258,0.0031157869414676163,0.14862916411459565,0.08669041898992884,0.025805292823738602,0.011424552118714591,0.02570524226710784
179,0.013932751480815273,0.018504242891172848,0.030065411090180325,0.043941754670263546,0.2621841627142212,0.010200764477025467,0.038082854047561746,0.027235522822199577,0.030065411090180325,0.0568757026750642,0.05193116461031146,0.03173571170630145,0.022849712428537044,0.02856214053567131,0.015032705545090164,0.0028172537303489194,0.013932751480815273,0.009074784086990542,0.23754571149122355,0.05542948642602581
180,0.11092490093765293,0.24534808168218736,0.015023529071582883,0.01702666628112727,0.10698916654268771,0.00532961154837747,0.02043199953735272,0.016477418981736068,0.013805405092805893,0.006997260115531753,0.013805405092805893,0.030047058143165765,0.015023529071582883,0.02432380897303895,0.002308069124759931,0.045134906948368005,0.009121428364889607,0.1694125759775063,0.009833043396622134,0.12263613511621843
181,0.010915971060231972,0.019492805464699947,0.017056204781612457,0.038985610929399894,0.030322141833977696,0.012404512568445422,0.023730371870069503,0.25876188803431266,0.08708957841440423,0.03800272512628549,0.008776468744870336,0.015594244371759958,0.012995203643133299,0.038985610929399894,0.009255127597694719,0.00880320246792901,0.0228103847494633,0.2900735957286213,0.034112409563224914,0.021831942120463948
182,0.0144677425866281,0.020833549324744464,0.026041936655930582,0.1529015673547415,0.022645162309504856,0.010629361900379828,0.017959956314434887,0.03472258220790744,0.24021626437416288,0.006592895355931793,0.015330693654067867,0.2720341527134474,0.005314680950189914,0.030059818357536586,0.0035284677455568,0.009827145907898334,0.0071399429401729116,0.012703383734600285,0.0744055333026588,0.022645162309504856
183,0.02360161014824552,0.044739646554219956,0.03195689039587139,0.019452020240965196,0.040672405958381785,0.009130540113106114,0.05592455819277494,0.09988771998681722,0.020336202979190893,0.12119710025067156,0.061653585862621506,0.040672405958381785,0.01278275615834856,0.018641519397591646,0.010404568966097665,0.013981139548193735,0.07638472704874259,0.21655791689037474,0.044739646554219956,0.03728303879518329
184,0.03783288249118964,0.02114285761505537,0.025371429138066438,0.04918274723854652,0.03624489876866634,0.134134765196036,0.04098562269878878,0.05464749693171836,0.018122449384333175,0.12170921451729795,0.16982041846802193,0.04684071165575861,0.02424936648834816,0.027518863730066425,0.0026729058464088594,0.07197475205640956,0.0057662338950151,0.0076944694676924115,0.019516483952358804,0.08457143046022148
185,0.12881751481066508,0.08114496057075582,0.042230605336410466,0.056307473781880626,0.23467264548438632,0.06068922144353996,0.012065887238974417,0.024131774477948835,0.015356583758694715,0.007344453101984428,0.021115302668205233,0.11476469501313798,0.004565470847179509,0.024131774477948835,0.002304884255736223,0.0940818036890523,0.008043924825982944,0.03378448426912837,0.00965965073934295,0.024786889209045194
186,0.03418930104697522,0.02402683843510367,0.04805367687020734,0.016017892290069113,0.03844294149616587,0.00686481098145819,0.017474064316439032,0.04805367687020734,0.02402683843510367,0.002943738967421061,0.03844294149616587,0.021357189720092148,0.09280513098329815,0.4020226970914934,0.045009367581836324,0.008185677354078037,0.05053758258716991,0.017474064316439032,0.03203578458013823,0.03203578458013823
187,0.04136506501638913,0.013108410937870773,0.011281381368106125,0.031023798762291846,0.0226623415535663,0.04136506501638913,0.026743840346039802,0.1197836597950534,0.1197836597950534,0.019091568469102673,0.08273013003277828,0.022612442516166228,0.031023798762291846,0.1197836597950534,0.02481903900983348,0.03015923692788913,0.027576710010926087,0.01240951950491674,0.08273013003277828,0.11994654234750388
188,0.0023785711545030925,0.027909900895766518,0.019029477883477173,0.029903465245464132,0.024626383143323403,0.01196138609818565,0.08372970268729954,0.10406138171109745,0.016745940537459914,0.008372970268729959,0.038058955766954346,0.15377795230620378,0.023272001171861106,0.024626383143323403,0.011629125373236049,0.12407723087776708,0.20133655400448983,0.009967821748488044,0.05233106417956223,0.03220373180280752
189,0.1112167951530117,0.06322785578791502,0.015080505799807405,0.009860330715258686,0.021364049883060485,0.11669776090244918,0.009860330715258686,0.24938920211540422,0.012818429929836294,0.004578010689227248,0.014242699922040325,0.12155960037968508,0.019626493262296183,0.012208028504605993,0.0400845901542106,0.12179565448928899,0.02765543970615872,0.004497694712223261,0.009156021378454497,0.015080505799807405
190,0.05971700909098445,0.03127658147437959,0.03746673822451722,0.041962746811459284,0.029973390579613776,0.04150161772561906,0.1926860822975171,0.06866082178008132,0.013215599046522225,0.03596806869553653,0.011563649165706949,0.12430569767017918,0.044850447138146836,0.03596806869553653,0.002466911822017482,0.04342967395090942,0.08835047730858124,0.08121821963508248,0.008810399364348149,0.00660779952326111
191,0.18369544501458718,0.025609906837215743,0.025609906837215743,0.03243921532713995,0.027032679439283287,0.035526005875462625,0.04865882299070992,0.05495233743738935,0.01950554454785491,0.11710485200979891,0.2361840647555991,0.025609906837215743,0.015205882184596852,0.022117646813959054,0.01442653064084242,0.010352941061853176,0.05330460999666469,0.003513375139368842,0.022117646813959054,0.027032679439283287
192,0.013184939445137633,0.038356187476764024,0.08438361244888083,0.019178093738382012,0.03515983852036702,0.007534251111507218,0.08167493365784426,0.26666421922723194,0.020091336297352585,0.005866433805614645,0.20384225977879242,0.03515983852036702,0.009172131787921832,0.03266997346313769,0.013466812634403521,0.00781329744897045,0.029437749044191816,0.043604333812582254,0.017579919260183513,0.03515983852036702
193,0.06720417581251047,0.031239268562867017,0.03265369688601628,0.3635239449863654,0.048811357129479725,0.0025631206332972613,0.04594010082774562,0.052065447604778374,0.012961514267515212,0.020025172155683984,0.048811357129479725,0.04594010082774562,0.021107613893829067,0.04601489813844958,0.015938402327993373,0.021107613893829067,0.015938402327993373,0.01703927928605867,0.039049085703583765,0.052065447604778374
194,0.06779932489414457,0.10529566520144465,0.006383783913129647,0.029033731213633635,0.08258483545211344,0.0045320946284696404,0.06463161035382792,0.007034177270222398,0.01639551880299311,0.044241876135060774,0.007365904515149593,0.08242656774026248,0.0010674425104117535,0.3484047745636036,0.004889891572822508,0.035587671998815525,0.04621526277313154,0.006882069621009454,0.02064620886302836,0.018581587976725527
195,0.015610334758954153,0.028877749626195166,0.01807512445773639,0.015610334758954153,0.042928420587123914,0.0070087217285100265,0.022895157646466092,0.2829552312376537,0.016374053270581963,0.09869541186391731,0.16706769631615673,0.02641748959207625,0.009539649019360871,0.038158596077443485,0.00484413458133738,0.009281820667486253,0.002725548145582286,0.1319309806196036,0.01807512445773639,0.042928420587123914
196,0.0549645951068117,0.12284346096255684,0.13096899042854226,0.11791282621268911,0.031827623976662445,0.021789275930975963,0.053046039961104095,0.013406952796248376,0.003480796743496892,0.01573500511205784,0.011491673825355748,0.054918253136201876,0.003712694620499549,0.08370802431824437,0.002773852302672077,0.10297172463037851,0.00502760729859314,0.013818885417670398,0.038900429304809664,0.11670128791442899
197,0.032344701470254485,0.020904091196770017,0.011945194969582866,0.01337861836593281,0.01520297541583274,0.04231036584303619,0.019406820882152693,0.010789208359623235,0.2383293792545068,0.11745821527101664,0.04976107918500691,0.03040595083166548,0.0032472374674594197,0.15970520942383704,0.16475037876912868,0.019406820882152693,0.005972597484791432,0.005574424319138672,0.01337861836593281,0.025728112242178483
198,0.012470571450175055,0.02607483121400239,0.031869238150447364,0.02607483121400239,0.11110371565182785,0.005569381424350025,0.02494114290035011,0.033743899218120744,0.02206331871954048,0.2785159141062534,0.2602660469026613,0.03585289291925329,0.028050924584758677,0.0290900313590039,0.003985866216331138,0.0068291224608101496,0.012470571450175055,0.006305650719377654,0.01978090643820871,0.02494114290035011
199,0.061147123759345785,0.14348728473073752,0.005560643270673277,0.009341880694731106,0.009341880694731106,0.003199274210524351,0.005075269051661366,0.054115204527020996,0.16891542412263194,0.07740358856476887,0.052612004401270424,0.007077182344493262,0.0025399193392804447,0.11459937425817474,0.010327310381097184,0.045931114953490046,0.11828460005906231,0.09520267463087029,0.007784900578942588,0.008053345426492331
200,0.005278457902936991,0.15185910607100617,0.016219261556297295,0.01683130916219531,0.013938427899942988,0.005344172560548498,0.1624938927011058,0.01683130916219531,0.01592963188564913,0.025891207816271352,0.019823541902141143,0.01683130916219531,0.0034442447320322442,0.013723990547636174,0.4407226509080679,0.035565272738111275,0.005278457902936991,0.006861995273818089,0.012743705508519306,0.014388054606392761
201,0.056258837038424915,0.01524964813495767,0.01062056092610729,0.008324223428570577,0.023789451090533962,0.0011947124836462787,0.00699991515584344,0.00879989333877461,0.2314112489960344,0.028870693071036364,0.07203744785326194,0.08326307881686887,0.0036666222244894214,0.14417849145778155,0.15110586418240585,0.09417027214262487,0.031984449416928476,0.007080193776944632,0.006327907566807108,0.014666488897957686
202,0.004312724376620038,0.017023912012973832,0.050376441410988564,0.011153597525741476,0.3285108718587278,0.008984842451291747,0.1595123399129515,0.015402587059357278,0.015402587059357278,0.003944564978615888,0.012440551086403953,0.15026330620204764,0.003762176281675091,0.05770442881021019,0.002121770673199785,0.005576798762870739,0.006102911853707601,0.005053973878851606,0.052014221377631904,0.09033539242677609
203,0.033007608349707014,0.02028974860957001,0.016231798887656006,0.06270342018568624,0.025629156138404226,0.23580894533463076,0.019478158665187206,0.027052998146093344,0.02028974860957001,0.006324077488697145,0.01570819247192517,0.016231798887656006,0.009548116992738827,0.019478158665187206,0.04841299146753451,0.004968918026833471,0.010821199258437338,0.17885654863901274,0.21394110371829506,0.015217311457177505
204,0.009775306852642225,0.019807491636835355,0.02475936454604419,0.1770350798969221,0.02888592530371823,0.33712975930508754,0.0182437422970852,0.0364874845941704,0.023905593354801295,0.007968531118267098,0.023905593354801295,0.023108740242974584,0.007375129864779123,0.03014183509953207,0.04142990646210822,0.008156025968108676,0.013331965524793028,0.12333977192803133,0.015070917549766034,0.03014183509953207
205,0.4782047709704762,0.0711438394887903,0.0092895558780263,0.019607935814477583,0.008825078084124985,0.08517622919955686,0.005348532172196961,0.00735423173677082,0.0070600624672999875,0.002322388969506575,0.0063036272029464175,0.00735423173677082,0.0023851562389526986,0.00802279825829544,0.001972179084012129,0.059677939143994975,0.15025578900032513,0.058513781737333154,0.00464477793901315,0.0065370948771296174
206,0.003960835029457984,0.008007775168252011,0.008007775168252011,0.015348235739149693,0.17895207400418983,0.005262252253422751,0.006350994098958492,0.20096089166845363,0.010232157159433127,0.18043093018674664,0.14234376608252605,0.0081857257275465,0.002166809751409368,0.0081857257275465,0.0033794280526568124,0.02877492356266411,0.003720784421612046,0.1268840817142824,0.008007775168252011,0.050837059315187866
