site,A,C,D,E,F,G,H,I,K,L,M,N,P,Q,R,S,T,V,W,Y
111,0.01759026483183805,0.258938418694543,0.03449615577721437,0.480581485403266,0.00808898985439174,0.012636155993528284,0.009408350223645516,0.0074870115687992456,0.0570165692740163,0.0030381193103729684,0.008390525314640643,0.011055831827315819,0.0064494688170469916,0.007428122158113929,0.003941101661234248,0.04679655121734192,0.006275347315671368,0.005841269141386524,0.007108179379862105,0.007432082235770983
112,0.0633197610625333,0.07349041155494081,0.0972897933334661,0.11344517527388696,0.0038223842500535645,0.0200378525529407,0.021038424372077213,0.03290796104745558,0.048937547186586466,0.05188359323501728,0.06455956764022422,0.07609969643776783,0.029174397434265642,0.057598451965865494,0.038044426944343436,0.0847346942048573,0.06855115499128521,0.04347263246711024,0.0031180461762389585,0.00847402786908371
113,0.006768941763555043,0.0197812369271058,0.010924874461133296,0.012093047701767747,0.01258843335499872,0.004090872131507097,0.00894674560388091,0.01245509562825247,0.011358078278075659,0.03742616838527253,0.012379255452251282,0.011054210310228104,0.7654184633757455,0.009631233765734716,0.009340525953413715,0.020927175844422,0.004466395593696509,0.010493760008362246,0.009849845134526115,0.01000564032607054
114,0.05782950992565177,0.06543826691254517,0.006933313270653787,0.015646234962298344,0.061099709918993036,0.003684217748149394,0.024372661935585734,0.07243603461644062,0.04479675380921608,0.1204982059116036,0.14294734519720373,0.0404166484848076,0.002300988148287669,0.04482562878970795,0.022174019803120087,0.07280460456406308,0.07796133958832459,0.059965998863423735,0.02890548712938152,0.034963030420542496
115,0.07493139190422726,0.09826075151697793,0.005546605043453514,0.0031116375404540817,0.043714051619789016,0.06841495972776995,0.03745032827321073,0.043280657261701674,0.015137885386852576,0.08983998002418427,0.05564065117116292,0.09746040702172998,0.04635766387946004,0.07289498306791677,0.04184585897778013,0.03382731274467161,0.03421657160738041,0.07399705970462998,0.018435363300882985,0.045635880225764154
116,0.011397779332557869,0.09546897530712606,0.01088892375580703,0.00922870115020841,0.019398489298190276,0.0046779652363853775,0.05334825002832201,0.0783133368589665,0.007457305939987529,0.004420073295905285,0.07702267923571271,0.010984572119139297,0.00894688235573417,0.08669577741967434,0.016937624559566666,0.009256916731457926,0.17414463779464445,0.17270624612625124,0.13731463916241932,0.011390224291943554
117,0.015414870808869979,0.0635911860139283,0.00864653860191869,0.1648071946706832,0.013374653024488387,0.0027850959928409076,0.020408923879475696,0.016101145917236135,0.06483340244479104,0.03686534080579542,0.012161915640346816,0.11327856410381944,0.009881590625368265,0.2657470699836521,0.07825121306092388,0.05366405899470193,0.028598173535034726,0.010335672877804746,0.006850760499455774,0.014402628518864594
118,0.023504150416088394,0.0356559381121313,0.02645097678015265,0.01759152014228705,0.024060478451077026,0.02077790256938475,0.011418767340568957,0.011153536046881055,0.017095556088982174,0.008723549777710587,0.014950808974151159,0.04952415489880202,0.010347868722119864,0.02351720247587522,0.009201103684931473,0.49284445369635216,0.17079694359449793,0.005148422684784387,0.010433996495063312,0.01680266904815852
119,0.011053345047982291,0.04855362446198236,0.022771449529411594,0.0161489152468589,0.028602263378597,0.00855446360470673,0.034737401365388165,0.020130362138039624,0.014093987609317401,0.006280843701377417,0.019614967937095912,0.041984627028215406,0.010763865667172473,0.020403035668772877,0.012767145615114411,0.01760307291553176,0.025086077215503086,0.008823657897911223,0.014440404034653178,0.6175864899363681
120,0.01609299424459317,0.020504554773919135,0.018127274589238792,0.044922963151379676,0.023798543877129503,0.6500510761044428,0.022415040454539785,0.020271992288304393,0.019783129079079458,0.007377020819957007,0.01913224288650466,0.018958804334379898,0.010786664535830326,0.014303719163910244,0.029071972177756037,0.007939917270472498,0.010517039852279296,0.012110011053144958,0.015440142926554757,0.018394896416583567
121,0.009237681026928622,0.024817247835102155,0.019078976465135896,0.011435418469479862,0.04856264990410542,0.006182427268434968,0.12238650072763788,0.017911476674703976,0.024847635990393985,0.008324627170284342,0.01850386068570403,0.01303798124509002,0.00808826095347335,0.017168112804482577,0.031518032376514946,0.005841296075992119,0.012557711141630887,0.005781162190578391,0.46916707649729034,0.12555186449703623
122,0.013009162849465324,0.01660858412736048,0.04119212481851857,0.013850850187591657,0.01971568693109149,0.00536501437787659,0.019063654980005455,0.03798922027870573,0.01581573819139079,0.009384340282847436,0.020102034874260342,0.5933838071595017,0.014144277921051773,0.025807266486072098,0.006917283608294895,0.02283786274388943,0.028143144738501383,0.008828850483667177,0.013908615674712453,0.07393247928519531
123,0.044769425727529746,0.20467070556358904,0.015275152244883256,0.013252009022319327,0.011535197386654816,0.007747980065256167,0.013514023055320819,0.412868176113126,0.007995214296362173,0.05243194468242623,0.03250715517065187,0.012734412967834487,0.008451596348300642,0.012237017514168363,0.010280231359642757,0.0055312987228799205,0.025091744498787108,0.08528363326688153,0.01286192839085796,0.010961153602527779
124,0.03557324051275284,0.2195820460246085,0.007987007357622186,0.004846817611378184,0.013971786314820165,0.0016349263380961425,0.008228949814036806,0.19628979691608708,0.007059362970698919,0.028679008402585134,0.048176086440605136,0.005739583690146817,0.003465192616081731,0.005756205591069295,0.0019416074447189003,0.002561762975725088,0.11158114377694897,0.2852838106932012,0.004753495469308878,0.006888169039508044
125,0.020868321844555414,0.02197946125806782,0.007641558282590472,0.005767701129633801,0.008472185510677768,0.04326520338808591,0.03053178111995695,0.008190627327641425,0.31391690019443624,0.004707440711684164,0.007663328611495978,0.006383885622875222,0.00502116786759577,0.07473609559105922,0.3225662940059377,0.06751217536290266,0.023965649708816268,0.0038338777642066106,0.0065509113039437135,0.016425433393836886
126,0.004366002533799812,0.14188445346530862,0.009894748084399649,0.00867799801391905,0.026178121414212437,0.002879707099976845,0.02590578825914622,0.03423290705234484,0.012009832047457215,0.3325561284541009,0.26247958592774456,0.00811260567031339,0.014363135002684962,0.01105390191789925,0.005645124000230974,0.004998686698760444,0.017780704697615515,0.0413813694565339,0.00975937060284407,0.025839829600707406
127,0.06359983865391407,0.027728346812964804,0.007474075728124307,0.02038191597040728,0.01758793379755648,0.029987568822107367,0.030902634688416013,0.0539777024776882,0.1736756492694299,0.01951547656584178,0.030788265444991532,0.08536273107150794,0.0038368676113794942,0.08086680294881927,0.1483105488736129,0.06762558366410655,0.04289394366618771,0.045323730719536826,0.035252106468672634,0.014908276744734954
128,0.08189627295156127,0.05008732668509586,0.05596683829267572,0.03066238430703472,0.0044470247710792395,0.1006764833284605,0.007999203608661397,0.004445197427154767,0.02823821911043427,0.00683248468329565,0.027886956909744343,0.09297108198989867,0.05739123928928403,0.09691316589842827,0.057287002140277696,0.09858576842369304,0.1487490020233352,0.04104350441856981,0.003692483745071937,0.004228359996243607
129,0.06858727681697166,0.08972395958021837,0.06619747284846962,0.03775115154537888,0.004160390650212375,0.09131941373505681,0.07491842693038536,0.007538342067310859,0.11622656226207433,0.012805071080700767,0.017498573503653022,0.07836180673089621,0.07213802811658807,0.07035390525983373,0.07641336455484414,0.07102741879162064,0.013179127215627912,0.004241225909915073,0.0021720720489774477,0.02538641035126479
130,0.061269342781975024,0.06140963483637736,0.008248517660207722,0.03528616529076032,0.047465279626112133,0.0011397492603658311,0.07625140777782223,0.14439330993675548,0.03636109475045947,0.06179183957618517,0.07379706979227936,0.013335964691191105,0.0020735636682705674,0.03565960685443243,0.03779400604340633,0.0393924514148107,0.09750260031533861,0.09756842805436904,0.03519302436245105,0.03406694330643007
131,0.01629525008720582,0.011314424980933423,0.6247741166715276,0.03965287372721827,0.02021876668287588,0.014762512123580828,0.020128838905977345,0.02196893729375917,0.017951240358945283,0.008618295721862321,0.021309812439766408,0.07639382891219008,0.008270062403249822,0.015296286165125014,0.0065116709609894,0.005564503497228054,0.011578004915580416,0.01697937901074231,0.02260565413332215,0.019805541007920348
132,0.1161280281600807,0.2093845069523365,0.007684553867451115,0.007308737778289964,0.014823163515983805,0.0012033766916194238,0.012603126303742895,0.195404136055698,0.008825972463932817,0.09105810421337705,0.034029241253456584,0.00967889333023912,0.003948106471770022,0.013223477644108804,0.0025328624030310208,0.007085405296117873,0.050473409323605,0.1975202150786811,0.006499730589465166,0.010584952607013042
133,0.021481882337752146,0.03245098778570304,0.011317199874591163,0.02524600616021968,0.14511077582333745,0.0069823404808402175,0.0692503900151306,0.031674076907396466,0.003631270743573924,0.09529163390310438,0.0913868330018586,0.09861930379624169,0.0028496838661831035,0.06047980444109677,0.001966634377690218,0.02252635118597655,0.07732482259174844,0.017426590259658915,0.0635376737923404,0.12144573865555623
134,0.04622880497207796,0.025207284929475975,0.005147243470645763,0.01311302429453942,0.07004584818196691,0.02074741987544475,0.17976842120533082,0.006556690130222917,0.034426623176957376,0.021242170605349543,0.034073662317410665,0.06496759017017963,0.00695500400127127,0.07656972902326947,0.1382546785906282,0.06066565800167757,0.042873482498574485,0.03557056966354533,0.029091977212346683,0.08849411767908522
135,0.07369339343155408,0.11159084345441761,0.006329738578541585,0.010715676776644426,0.07148025946234772,0.0010974802661094217,0.05060644349154849,0.06681427437289768,0.048961168504297166,0.07003969919632785,0.09277615652223907,0.015543755483001331,0.001963829778403415,0.1406078320579605,0.03973469183594151,0.06435986732328822,0.05093893204718634,0.03565313548931338,0.006458434891883731,0.04063438703609647
136,0.1455328905867982,0.07746182651461557,0.010666254573018156,0.010702621749936409,0.021556261018524786,0.1210564025865478,0.20232787187591714,0.017343225979285375,0.012320228236995282,0.018196862346123128,0.011865098988460769,0.03591615968464994,0.08249056783154655,0.017873839496176547,0.0030619089738707006,0.08257051017705862,0.026919836456976036,0.017231064914535035,0.019222786248411963,0.06568378176055206
137,0.09455184665932011,0.06516579452497671,0.022604955815975217,0.007724597881184419,0.0439685373100273,0.00992199890279779,0.01354128952588899,0.049878899858589586,0.030729292063461578,0.05110334918268799,0.04486123975466511,0.0323598871338972,0.052368848468898194,0.017999193797262517,0.05279732821719796,0.1321978089777809,0.1633986381356222,0.02759658964720444,0.04577690802743568,0.04145299611512608
138,0.04709891672066135,0.04474029162619812,0.029698618834892068,0.23196635485621145,0.024611557408005753,0.09701080225449087,0.018678484558057304,0.08095335223966552,0.0348356224641101,0.03246311892389847,0.022203925479697594,0.04144564774654048,0.008759316798366272,0.11578755158811886,0.0037084750038222404,0.025170732015713612,0.02425650982606319,0.06091993164423732,0.007400063482764105,0.048290726528485345
139,0.05648672628171453,0.04125318693623358,0.0019478629173718006,0.001255475496330591,0.028242617478352473,0.08667751770433138,0.022263708752757523,0.03856864026723805,0.05342657322339658,0.035521084763453725,0.06690091676199304,0.0835726734002483,0.049740463728641465,0.06654634710707988,0.11041870453843358,0.09976400815275376,0.07483818486494954,0.030962065259699603,0.005902221341115583,0.04571102102390503
140,0.06165913942122072,0.1190742770741116,0.006338381205133642,0.007466714307222345,0.00994126628989552,0.0031450271967406146,0.14349745738731398,0.0220428026858824,0.01089379749876331,0.13169735261118456,0.07162564980681299,0.011215652556240487,0.004984211974320709,0.015285030468179053,0.009866270466316095,0.08884129418128713,0.052848027860041086,0.21417199692157282,0.008507201339438672,0.006898448748322221
141,0.02043545043617225,0.0182584978559326,0.5619404719780238,0.0661913276141854,0.015215789528891849,0.024147259172821556,0.01537703940846109,0.01667691281710076,0.01994866598646599,0.009517575227361942,0.021782928695469484,0.06174037124236538,0.008710706586889676,0.020934068459753964,0.010790646483609369,0.009365634126644545,0.01288522836536676,0.027141743722501662,0.018432351989301068,0.040507330302681006
142,0.023250484183023667,0.11043153877413515,0.012415891863186729,0.020522205221005264,0.02159024647492558,0.009506764734968724,0.020664919802369924,0.02925481988354096,0.014604314931697967,0.007084704452163413,0.023958205896303583,0.014994371327083693,0.02552311033768282,0.022750345899404202,0.009457184737838034,0.01397120128555294,0.4125942233823119,0.15564105344982196,0.03167557592559027,0.02010883743739329
143,0.007930267662408216,0.014093273476662904,0.01720675680274134,0.014570755368868132,0.17387930703192872,0.015010925583944464,0.019999926752461376,0.07998431871789077,0.01694095336946706,0.3003438010662774,0.015049476446248863,0.014142616896303502,0.012641956864598609,0.0392064719248942,0.010330461135714243,0.007909790101223347,0.01235254695824168,0.20032508691879974,0.011224276227109515,0.016857030694215926
144,0.003937491146488891,0.005460306047435678,0.00963435153376945,0.008187988431103297,0.28491790602466366,0.0032692244805891052,0.02134240754320373,0.17317080545440314,0.008468931387209467,0.2754331846560754,0.091342291973756,0.012598724988109338,0.01251533619338085,0.043622334689247415,0.005055374937998742,0.003370044395389025,0.006810346706282053,0.01242733075488576,0.005059195428016055,0.013376423227992939
145,0.14667097427323625,0.3357335540188688,0.01008973337731224,0.00884304434900124,0.020602559557234095,0.0031966078444812186,0.012064049367631691,0.009329365514206439,0.00961774539147201,0.004445965610688549,0.009188010235758071,0.015751812853478764,0.006034362517430473,0.013857971888476055,0.014416253391419673,0.09340725097746581,0.008438096771980076,0.23840002630161444,0.020383466452360065,0.019529149305884095
146,0.022273794964895937,0.015284460781605756,0.5970123600760234,0.01900524160337366,0.02007396674542212,0.021925513457126067,0.041097152760107766,0.02478505494386228,0.03070980466821684,0.008872484180619068,0.020476806786895722,0.051332920023061536,0.012588302333285234,0.026959161001872827,0.007662078655748926,0.006504171492228892,0.014954050387325793,0.02552161675046865,0.010629884223716541,0.022331174164143073
147,0.0039149020526453296,0.006364297578534848,0.007606894694701833,0.005981694264002111,0.009425104704747923,0.0028015954528462146,0.008325512101540982,0.19776322077259598,0.007974446851591181,0.24845528823826818,0.3004151542584285,0.012510178116115423,0.00407461450947882,0.008950211229917845,0.0021280473250915592,0.004407294628221706,0.012577714804227804,0.14398108047239572,0.004741604094519472,0.007601143850128596
148,0.009872451024011806,0.012928857020944816,0.041643259011784235,0.016547077787739336,0.010586978612393438,0.7378966984060912,0.015131415884606696,0.013877000256344514,0.01627736370555262,0.005303922515238586,0.01186621310397291,0.01250676824676554,0.008611157877880438,0.014944144781842701,0.008232714161111411,0.02057551761605443,0.009855700372961592,0.006074104477173878,0.010321465496241336,0.016947189641288433
149,0.01338631081980856,0.013574249838855374,0.019458044956953233,0.7468676098386537,0.01367562982541163,0.026351047106924087,0.018907978026851995,0.011140867553893319,0.03042931474714695,0.0035631551758469357,0.010937667523528816,0.016777908571120385,0.008238884258450775,0.012243997733838465,0.0046144594916016565,0.005205734793441901,0.0067648734628235115,0.015065335163398584,0.007951633130956799,0.01484529798049334
150,0.0910622444977984,0.05609022451268084,0.042899709775461994,0.05605484162880439,0.0026770767009434045,0.07391720660278939,0.08480435876034877,0.008290286910772124,0.058319671473209975,0.019548440989382635,0.03333764242633455,0.10012869055378591,0.007894662145000772,0.055749916898101944,0.03779662902102846,0.1213029749806165,0.08621733187464109,0.057316150631347054,0.0018060444856834532,0.004785895131268323
151,0.2847228934025586,0.11639378455591975,0.00708754969021917,0.00602497054589459,0.006122748301578775,0.20106248476751842,0.005460651951496836,0.008385668480672905,0.006932245488928352,0.02015377826216546,0.03584661052302818,0.008140979630264684,0.016528789211005174,0.009081972992566101,0.0020365790354292053,0.24056223222653056,0.00802478057120339,0.0072043461616091665,0.004557536207090795,0.005669397994319875
152,0.10113880087921465,0.0676661342084895,0.006589661452655767,0.005534903882177125,0.06315048768356869,0.10628959566404622,0.0462079032883828,0.004351500441005663,0.009209477971249606,0.0032651237387384775,0.011045885648746742,0.11149503428369183,0.11147840842645926,0.05219068784173606,0.00182619614685238,0.16609592268805287,0.10390270587729308,0.007821896782060772,0.004115440468498626,0.016624232627079873
153,0.05782735536841996,0.04496958816244812,0.03186732013401617,0.0024689454587437094,0.05095983761656944,0.024697137740009107,0.006146957361900006,0.11006795408609342,0.020994073651839314,0.11527039733270245,0.1689205567200499,0.027127216664098598,0.002909650975941061,0.04223803443374261,0.015256467499085456,0.08890836022256846,0.04608124823161794,0.09094711950752507,0.012710310131498532,0.039631468701130664
154,0.06444824709739887,0.07708574936092778,0.002816073493411187,0.004832835850142855,0.023923832858333313,0.06209167614236353,0.12352466031892662,0.03003688660035092,0.04267271219446949,0.011203638056463521,0.005761527375174207,0.05758741714372661,0.08433426991059885,0.003572728171651242,0.01883278448007988,0.1041111572737216,0.0512890396842255,0.06637285989956761,0.049259275750381755,0.11624262833808466
155,0.07274981425801712,0.040669498192222764,0.04647812102714312,0.0698164530533639,0.016095341846003156,0.02189069475939049,0.03520659968995658,0.09202655587438488,0.04390399080064471,0.04690375706769976,0.07971747814789704,0.09044461353473694,0.05432110548973136,0.05368638118197224,0.02165433405968972,0.05476667643210949,0.07090896404324602,0.05497455048467327,0.026947802899193282,0.006837267157924121
156,0.036195196071522696,0.105128397619058,0.008896963707370774,0.032202770550176084,0.016336530783947947,0.019871342598030414,0.01677286619706637,0.23372185295569042,0.014061620351695354,0.03209566902988834,0.0984316892770257,0.06297831245827368,0.0038270258937160764,0.008026891411678182,0.012552385243062465,0.004456852760398885,0.06056798405026854,0.2130131171727066,0.005597702142216117,0.015264829726207386
157,0.03689411344879663,0.022505542870079314,0.05317116119354644,0.5375737376146122,0.03170032131117149,0.04339907992259329,0.016738765714342914,0.016497557181186572,0.04199740131717665,0.010327970830228713,0.028678695581150083,0.026870662107199416,0.007925264334690565,0.024638579898931902,0.007010591314793944,0.010669323090091783,0.01489088022975076,0.0318131584518449,0.017081842751003298,0.019615350836809098
158,0.12241331359973946,0.05509193172349783,0.013581271556039854,0.2020978345167286,0.009796080881930428,0.019725619442737083,0.020753794515093335,0.009951821073970671,0.012819163082690554,0.0051304261998841045,0.05838309947485031,0.057631353441119096,0.007711234858203047,0.13609831954305784,0.003577552668572029,0.07379565527130863,0.11314906801315894,0.04283014314717173,0.006758750706192373,0.028703566284054096
159,0.03222914500792684,0.1358607539141832,0.07851473883786453,0.08460968774376458,0.04005088329712338,0.02311531453868505,0.06584553466088286,0.023125480662289023,0.044525888720110415,0.031375522172000986,0.06557172910100487,0.04758626746371998,0.008976469206568877,0.07640190284151639,0.020279516470784312,0.055136082112211764,0.06155684323654076,0.04449264955213518,0.03157850806270959,0.029167082397977374
160,0.0078022762462236035,0.0211901077128609,0.0213780626553645,0.017751625960337632,0.017438913753505886,0.01587001376798076,0.014141188260091054,0.027330271442754826,0.06757280519605292,0.014855376094642821,0.021909498762459633,0.03189349260996962,0.011316548815414938,0.03247835270917564,0.6004141333757866,0.011362102939547874,0.013473491311033084,0.007108769059617302,0.010523215781725955,0.034189753545454345
161,0.027842581520106637,0.1649603734975357,0.020875576921722466,0.05043374016141888,0.01637190982057469,0.004615969587948835,0.01246915563739108,0.03469009381302972,0.017115702583728087,0.005301388338521711,0.013200771343805996,0.01819795413217962,0.02518887164008468,0.01855345859436485,0.005999647667006715,0.1878948757794513,0.3323969378556928,0.007147334235281488,0.016964088926833435,0.019779567943321308
162,0.07276979684074858,0.05774229227755935,0.06834131288864348,0.055759471219344416,0.02661387699699091,0.024769733374088918,0.049887243144175614,0.055885821125542565,0.05842755607093283,0.07019375525879218,0.1482503488589167,0.04004398486879433,0.012694981766049065,0.0668576958083323,0.031237105132769238,0.054706779219603506,0.03390100863037161,0.032348496516993785,0.014196192176355163,0.02537254782499547
163,0.062134375870874906,0.017161680663407175,0.018564724248309714,0.0043253782772227425,0.014789383855572873,0.04109735128765041,0.09632127994240933,0.020995322675061188,0.12089868226113984,0.0294087587015113,0.07154157367427709,0.09784715817291824,0.0016526798235561324,0.09039905371468818,0.09179987401335718,0.09381059517090014,0.05230448827539019,0.01866539070225797,0.012362284592790596,0.04391996407670483
164,0.11107591497857813,0.1297658485658564,0.004667668776325088,0.010563444692635097,0.00486342706042961,0.0024872290303344148,0.004764960026691128,0.11444443198086579,0.003967287242416612,0.09207269190829886,0.082803569643205,0.004287467692744319,0.0018853684827557298,0.0037602410853077857,0.0011353266775918317,0.04697196497542248,0.18826995786552803,0.18513889425072727,0.0032306245730652798,0.0038436804912211327
165,0.0031619065512350844,0.017876211831866728,0.008800401838240986,0.00978076649388404,0.021540969209601173,0.003435251303275392,0.016702649999503976,0.11177325365376525,0.006004759722655392,0.35754446178300575,0.30790423601772265,0.007069151835658376,0.017801689206739746,0.005773664424428764,0.0034310298238820606,0.0021702943062353246,0.004104159590032732,0.082310067757203,0.0068552827663749,0.005959791884688646
166,0.06555015576849493,0.054990757833895704,0.06662830543654817,0.07693842548709419,0.013647792080075218,0.06804986724611531,0.09621685297033894,0.002015729673177411,0.08920094395510225,0.0020807832809064493,0.01994759671057483,0.07452134688060906,0.00501911269982955,0.07645752705416353,0.04066942966012958,0.06795612370662485,0.11778163985085875,0.00606098365145866,0.010336902364316626,0.04592972368968599
167,0.12810132974866636,0.15281952148565442,0.00506474733950736,0.0030470554945738614,0.019914323942205932,0.0060284562860821326,0.016839821192040368,0.08545114446237197,0.015083720413860675,0.10566064104616091,0.13105800204748153,0.004941609142666579,0.00348549190213578,0.009393665888824466,0.013916860983594308,0.028968158730325086,0.12508127947148473,0.11627647231441687,0.005190765757759536,0.023676932350187092
168,0.14251569618137058,0.09660699159655141,0.009316241021836176,0.028700601210896196,0.010111221029471866,0.003832689192955515,0.0069846866485257526,0.1343575133383814,0.008168352361280124,0.21700602655828816,0.0318151712028381,0.006969654391542149,0.0025350135436076906,0.006718207273093307,0.0035969627493067898,0.005007684907456799,0.012811625012237784,0.2273337791469789,0.03514902720360601,0.01046285542977533
169,0.10668784308035079,0.08432081139120746,0.08049075080816469,0.14154426938350048,0.015942559556344084,0.1008215496269551,0.05000853010735144,0.006960699330428895,0.024512338535379773,0.010714467633718574,0.016481428687216533,0.04204543184417346,0.0028820776424032294,0.07390622261466678,0.00797261768586958,0.11496583299580514,0.08159972443720354,0.027174445102512993,0.005354327215636738,0.00561407232111076
170,0.09657496618184475,0.06190548219849001,0.06588728741867235,0.0426915367988353,0.004007915635922891,0.06169459604644521,0.06555924834360267,0.047799727620642295,0.009239629702921304,0.006538592748507117,0.027968162962227944,0.08175424728568698,0.05952113833182176,0.08487091379795109,0.004032466018345939,0.07699368587189145,0.09970888498410053,0.0641437182067904,0.024347046467587636,0.014760753377712354
171,0.010260056612815104,0.02188986626840034,0.011701099466052692,0.014663059245059586,0.14644655887602365,0.020386877691406572,0.02002536682222483,0.025199208298455074,0.012842872155531773,0.0177889183750376,0.010874892735292132,0.01304171623000182,0.012260754920120971,0.01358348993205974,0.030174243430105458,0.0064810990500559764,0.008232532209741406,0.0052937248712024475,0.5327292057616916,0.06612445704872116
172,0.018148769050926175,0.010097857952411646,0.01638097670107495,0.012453369393873013,0.02892248863577803,0.004923299785827768,0.03376270096973278,0.0480486617838538,0.010797949837546391,0.5173290338379805,0.1867431109403799,0.0121855253868909,0.03606074910378532,0.008309441106845112,0.00560547598641524,0.013213148969393441,0.0075201864982345455,0.004631185828841696,0.008505129440551117,0.01636093878965768
173,0.09035009998916159,0.040995185281694685,0.09847090028423633,0.11110593307704582,0.0021846045117818783,0.05639519645543154,0.05145794083824869,0.004585197023759431,0.08989606231589498,0.023584288216343282,0.03668422931937091,0.09801569412382258,0.0009558448550780274,0.0930622917492581,0.03470965282460773,0.08371673437569804,0.0662625432511843,0.01286872650458701,0.00211516785698936,0.0025837071458056846
174,0.00940098815622879,0.013302058483929664,0.01153679605993443,0.06563441314982481,0.012318483923406946,0.010489850300952404,0.03162471034510819,0.020990533256904295,0.36204364219726276,0.006821354084737273,0.01769673544622577,0.013897572549052481,0.007088101880564426,0.04699036007823189,0.31338766249519684,0.005833795749845063,0.017161726923250367,0.006847748417611865,0.01266578331580111,0.014267683185930571
175,0.021410893761810018,0.0642431474631669,0.008199798012884032,0.013443587726012163,0.01209981325270864,0.025353316499586907,0.21508737792564817,0.007395645163463274,0.0742120918837621,0.010818486095765092,0.02475939906025731,0.12820609560703197,0.004232773758749548,0.01653950336874691,0.18141986812093855,0.064571784538042,0.04105477520123543,0.027604281658560256,0.011997242172213731,0.04735011872941708
176,0.01496491143099307,0.0415569341679314,0.020530692592844495,0.022887842315157916,0.02337435544333572,0.010127612664325599,0.012736329161142687,0.025771913904201114,0.013223011824329825,0.042549171056582055,0.016675288517254257,0.012007766909332978,0.5869537711839916,0.028224654774831014,0.008187242967964558,0.038600043779615664,0.024924883615864767,0.015740114282704637,0.0196266259577879,0.021336833449808645
177,0.13097598961507237,0.03682851086287475,0.044696514574114644,0.08795002185224425,0.03615474989660878,0.11648970924289577,0.07164769164165143,0.028144058249300514,0.002910529106853361,0.06145172231294066,0.04259784571951729,0.039233352299265674,0.011247804449028464,0.0703645888382646,0.01109081362274231,0.08623492416114707,0.06777051193871994,0.009423620559045763,0.00456199688736835,0.04022504417034397
178,0.10474813715638265,0.09682743072683746,0.015992096806502706,0.13012362010641843,0.006470177134558051,0.08282513120607558,0.12678478270382385,0.008504571340875823,0.009348814272953296,0.002018017014302878,0.05033294859827336,0.09711819462970546,0.001974028164493977,0.017143406526144322,0.0016694743486452604,0.1263860962775263,0.07422255126699774,0.026110569648238515,0.0063208630174999905,0.015079089053744351
179,0.007892555440677115,0.02597516171985557,0.015698481288417977,0.020118404571844547,0.3545034706900217,0.005993343365115721,0.0170835876610826,0.02036256893713238,0.015387861456341415,0.032665266828174534,0.022319291594632147,0.016394571734978308,0.013420386077064932,0.014845987407881149,0.00913507522945307,0.032426472215847914,0.008566864909754161,0.012916348220182462,0.3260212693086488,0.0282730313428935
180,0.12729794279557005,0.4199657226402758,0.010266435213938113,0.012829664993067737,0.022974223565560704,0.005089824527068278,0.013451129049969549,0.012198733931905022,0.010512457637834939,0.005661525876175217,0.009899856620101384,0.017739362592948987,0.01083572969407688,0.016900538025863138,0.028968636214325744,0.033124772067137084,0.0066337519322817754,0.158546140954332,0.027051961397786647,0.05005159026978101
181,0.007717112642893798,0.013222099754770058,0.011433636496376806,0.020834580543187604,0.017117419117702426,0.00873746248258317,0.015419664150111229,0.4101125141407417,0.02861183555544302,0.015226034371220248,0.043713570401536186,0.010495155945796895,0.009798620484321528,0.02023947535719672,0.006680487706911978,0.006404342064621599,0.017934410487605072,0.3046125980510955,0.017537514089002594,0.014151466156881943
182,0.014762660491591468,0.017324788076786883,0.02081545316151298,0.03197866898968606,0.020005337013526844,0.015361560766665422,0.016145265005180313,0.025041170197870406,0.6180784406422268,0.007607774441849544,0.019942970689959223,0.033802877954719,0.006066264008724068,0.02602139111430261,0.023322670439105134,0.011008281793913485,0.02572233959880208,0.011919645857755765,0.035815634033937616,0.019256805721884287
183,0.019119855223502197,0.05644254934847766,0.01855150945987204,0.011720418808177348,0.02019804800563181,0.009683748647835722,0.023171730749781898,0.28758664423805097,0.011740729235482267,0.08340306470842092,0.05090749028316055,0.0205546393420408,0.00839534722492,0.01162116241962774,0.007089446106729555,0.009427458602102104,0.008722428848183049,0.30139816687631993,0.020734986321230595,0.019530575550452837
184,0.00842590340158522,0.04339194733786053,0.01801213296137159,0.03362721097582479,0.027573042936681644,0.05287143823323603,0.10290435118373696,0.034899222622149464,0.013124787123640416,0.20577216553541902,0.15308064821547038,0.06292809936466986,0.008397429435500441,0.11443297488892222,0.006122185688384199,0.035916522295109866,0.024877855963249228,0.010360032782516019,0.014266179619213861,0.029015869435458263
185,0.07853337427641342,0.30252267656960985,0.03805534996873255,0.04138925663830656,0.01670086451507143,0.009047130417490114,0.016619524157540883,0.02527442742923885,0.018867576407056004,0.011836706262050455,0.06850538177729959,0.19970725179170523,0.008122188148342691,0.026882512088864347,0.011672345307535548,0.057927703690784565,0.013038952284847952,0.026638567582748726,0.009883335514233545,0.01877487517212773
186,0.018798825364648462,0.024393530401457742,0.03928768285233864,0.022893230172119968,0.03240633783567746,0.014905223008761766,0.02652585076515356,0.036064693815104576,0.031960297279549424,0.03786762179126706,0.033396647858288296,0.026782653311077844,0.447834955440347,0.03927421125213394,0.013738088477947502,0.025114819650020513,0.037400847693858076,0.022042052055181303,0.034558935320590393,0.0347534956544764
187,0.029044584568721773,0.03239878931800586,0.0305938457062142,0.027089516345646162,0.04505055071257876,0.03152861498167793,0.03089858852457838,0.040587686864922166,0.04147765343119975,0.020619846079472825,0.038422889339636127,0.04207417480126114,0.025764481012401835,0.04055049123485447,0.024044042925107197,0.0441562205107204,0.02620383249537071,0.016401250608086733,0.03775007673089235,0.37534286380865123
188,0.04004296652800098,0.02181043024921953,0.014950378134923531,0.02184920361737519,0.021581815587261736,0.010691116576269245,0.03269600415245269,0.02022633604132246,0.014893804524379897,0.007907417588847845,0.023453430562718397,0.017207385782193208,0.01756076096152221,0.01706177732245166,0.02401147992498771,0.17204189289783958,0.4593587900243143,0.009698471068480999,0.030333906747357343,0.022622631708081393
189,0.08925087824775575,0.10898687354526174,0.01491904816528014,0.011174279070751353,0.016862584188752687,0.1152133150711436,0.010525342843583661,0.01873413408808398,0.011499158551878157,0.005068436219412628,0.013590237089669955,0.046291664771011654,0.06473159614598462,0.012200963336180095,0.006162388545957613,0.28838938639252965,0.13340060098521977,0.0051232625200754445,0.010635801310238984,0.017240048911228583
190,0.0464392027552326,0.07689024894351988,0.030960079594532543,0.027656726314183453,0.01507125566493032,0.0425283499780478,0.08073566369802415,0.025529452205742945,0.06205187134242696,0.08148254491621039,0.06329327804582904,0.05184620612411189,0.04717795690515153,0.09383649785744745,0.048765533430373424,0.04436026107499619,0.07884273962209341,0.07460914804233633,0.004434711551798798,0.0034882719330108663
191,0.23263209798992857,0.1859379439892574,0.008367505794682472,0.009962528445621937,0.01789833544495342,0.023245741172309094,0.013133724968711485,0.034417428597653205,0.01065766395157033,0.08856918239066494,0.15728704098084373,0.008080597250335957,0.005544336309898325,0.007500902004214824,0.0072928127057893845,0.06267507644281375,0.08939651738762901,0.021753109234095108,0.007436290003215208,0.00821116493581183
192,0.012345321423382825,0.02622495166905722,0.033348266101216724,0.016180378182166204,0.024092521274885103,0.007694697909671224,0.0432586588031934,0.07007205707504954,0.03237671409910543,0.050858555641669384,0.447935693205447,0.023297092783064244,0.008076437684433608,0.02986867801361991,0.0051066674120570175,0.008032635401032643,0.032419144461120694,0.04343346543468128,0.016126096010197405,0.06925196741494913
193,0.02548640741768118,0.015151299008452858,0.051036695428635814,0.5053677711552418,0.022060220949621068,0.027234494247072052,0.019832921544628755,0.02139877773179328,0.039575119707904394,0.011753222539552079,0.04119639635192492,0.021962399782189664,0.010819591021135373,0.041471941796331666,0.009642171915736002,0.02452829290625999,0.009319974859950815,0.06112016816703167,0.01883847790021753,0.022203655568639187
194,0.0943473854720806,0.05445321596063194,0.006317645271864789,0.04230031119700502,0.09512675635173537,0.00252362970893943,0.05957171330879045,0.021726061393836746,0.03848715803915702,0.048028893058194556,0.09345826793155473,0.018746722752935634,0.005560734070078337,0.1079574972392596,0.04041257165369393,0.06755948129195972,0.09376843934933071,0.048865733467639415,0.024365688089639403,0.03642209439167262
195,0.007920124127561563,0.031828544757231354,0.008492357337176452,0.007616717509792505,0.06880415369233006,0.0036560944387461804,0.010681319966709615,0.1912852299893699,0.013382764567243277,0.22176278754639214,0.17129237258793,0.012038137695750538,0.005158657871471939,0.015144773086639054,0.009975223265580056,0.005203623183015816,0.013245564672968899,0.17534971209356523,0.008460610141447304,0.018701231469078095
196,0.053200360954375685,0.09910965219325295,0.21071247651405575,0.11234814303741182,0.05961463406058023,0.015607571830144707,0.036968138946263523,0.013561330648185672,0.010282047990809682,0.060961370804057786,0.05610478938090638,0.040991074419879626,0.0018009810114949349,0.09916763954266368,0.002865641803596211,0.07949855005579218,0.0023468437968486265,0.004069033146318812,0.017410903433563465,0.023378816429798287
197,0.01753980755000915,0.012484360519159082,0.008688297874016393,0.018134415953226984,0.042173461372634884,0.005346870323872935,0.005336799709389798,0.09081360231708156,0.2145671943438946,0.11801847205214322,0.03463613618841365,0.01609786379920253,0.002345345124967726,0.06458194212724329,0.23538764707228432,0.008788343620265463,0.0089810832092171,0.04948162401432512,0.018481032808847234,0.028115700019804957
198,0.006464558332068588,0.06131809862318073,0.015125107705320872,0.012155083767489042,0.14747177056053723,0.003250026818200081,0.012292811425193654,0.015697035582764033,0.011503184577692756,0.3149364601552868,0.1916919380554136,0.015279451931157038,0.027484295681967735,0.026130020338046147,0.0036569741802887153,0.0038523093068804776,0.006143807494055277,0.021812770124874873,0.05667678030277268,0.047057515036809626
199,0.0337180345888726,0.1981422819100731,0.0017918576843700379,0.005912300725168235,0.0027367497232324224,0.003055468547804401,0.01367162084467064,0.2025432457578869,0.010622427765566045,0.06465880966221808,0.07227164102627409,0.002224519901187605,0.0012842195660887601,0.06558158187372895,0.01550290667653155,0.04726662449648104,0.1316121017934375,0.12261232839408476,0.00227757949962894,0.002513699562694365
200,0.00879016426858001,0.024891685859701203,0.012136469952165297,0.011199179545489053,0.009814072273662143,0.01942346542725046,0.09905299059052289,0.011774159194871646,0.022612118239657412,0.003016728840559948,0.012047993270701872,0.012495307936379128,0.00451943007712239,0.01088482791447181,0.7060160893301204,0.0035718372781034175,0.0038219620288644698,0.005019930950553052,0.008421193562082908,0.010490393459140589
201,0.06275367015234772,0.017311855182751277,0.005900049385553744,0.004920570517435483,0.006767551399727445,0.007871256053535664,0.08341859202551763,0.047314884097056004,0.23483361447939483,0.038157789585330164,0.07054102530356977,0.027781992767944207,0.002158801821215017,0.0723013064934762,0.16465966251671352,0.047718087269187956,0.03240858252851291,0.02942050851705563,0.020805380315267036,0.022954819588407803
202,0.0035292552920914567,0.011624178711047437,0.007890861853508476,0.00876319770571942,0.18506505412758967,0.008043216034482718,0.2553811753895181,0.012074484869472827,0.010698901472932409,0.005903526626640257,0.00976451297542663,0.03714100664170349,0.010679891285556591,0.020514672514622172,0.05412154584469698,0.004893702894040388,0.004759315778766686,0.00819499457626873,0.1908191619414188,0.15013734346449673
203,0.007800163204046814,0.02150389732895509,0.017519510644248025,0.025741764323283216,0.02226884198451826,0.6829746313556796,0.019908108226901963,0.022443356135963096,0.01949005437026252,0.008247335962913873,0.016446786963238078,0.01751551704449157,0.011969807436550675,0.018717593172599255,0.02269842591238697,0.006662631852722001,0.01332416298796506,0.012769957539737035,0.014566897575771577,0.017430555977765282
204,0.009261993654585361,0.015538711826022185,0.017592939697072405,0.0354663028817539,0.01910997191299613,0.6847636828146552,0.012475678440228254,0.021386984331410373,0.01781537710021361,0.008009803592108839,0.0178799022519889,0.016908674519680904,0.00657929635995446,0.019549499574809906,0.025462877020111824,0.007553876056962571,0.01049762071478164,0.02010996315929577,0.013219475918612878,0.020817368172754973
205,0.39392334277039,0.07473160092628409,0.003312663125341934,0.0076271265801626355,0.003055141132759229,0.051824047794896924,0.001768649433162456,0.0022795595266057603,0.002286558415489366,0.0007992180636052133,0.002078773882496121,0.0027132310810424032,0.0007242462755185925,0.0030473634800457683,0.005217278931165788,0.07791470498053168,0.35899108745738917,0.003983615022096455,0.0015269514389712718,0.002194839682045048
206,0.002583940143857519,0.0050792326094974615,0.005058350671078748,0.009634267015820087,0.1212397169526614,0.003769519167869543,0.004386715121983111,0.28277309158568575,0.00663463879136088,0.23331536309269532,0.20556608226919257,0.005295456178271416,0.0014449518281913465,0.005602166442810945,0.002570131500822242,0.012618855990770405,0.0025269860152866567,0.07882732432366489,0.005368365858780943,0.0057048444396987155
