site,A,C,D,E,F,G,H,I,K,L,M,N,P,Q,R,S,T,V,W,Y
111,0.0212476627829766,0.15145685024648148,0.131795269741453,0.42500871793566564,0.007728243025292663,0.013940485807874681,0.009623030481815445,0.006658178606405987,0.004956744139177896,0.0028286379700417593,0.008014474248451652,0.01170517553666066,0.006095515625582946,0.007592659814322617,0.00338110632356554,0.16600927111117803,0.005770421458885189,0.003069949531547533,0.006459427006214763,0.006658178606405987
112,0.04210309868626794,0.046214182578266046,0.1860448943671745,0.3585032055023159,0.005691752347265145,0.045935971983662525,0.005059335419791241,0.05279081625286545,0.03497099138201747,0.02131815518932918,0.07455888122626922,0.007005233658172487,0.004553401877812116,0.023231910625858204,0.0022077100013634505,0.05019211221791426,0.012979302341130042,0.012746980171684321,0.007820861667091178,0.006071202503749487
113,0.0031989216971285038,0.009453529791514084,0.009314507294580054,0.011950688604366861,0.012180509539066223,0.003120130522322383,0.14797317214094888,0.011950688604366861,0.010735364339515994,0.03343840522757138,0.012419343059440072,0.01038338518084334,0.6238516805686731,0.009896664000491308,0.00423419204302508,0.043262477232402965,0.018461161509937048,0.004338263671448244,0.009453529791514084,0.01038338518084334
114,0.0541622420445218,0.06416142519120274,0.006639219538455729,0.015052533769197123,0.014582142088909714,0.001499178605457745,0.019442856118546292,0.10274365980820957,0.10746468927683263,0.13072671471705166,0.13625452238507116,0.006639219538455729,0.001991765861536718,0.06610571080305735,0.008905124939792192,0.015276529807429226,0.05855041930288678,0.1443600220193415,0.016277740006224797,0.02916428417781943
115,0.07592950219249099,0.014901027847299818,0.008148057632263849,0.005057415082094804,0.009777669158716619,0.03951433277364325,0.11268902309520486,0.06439372748297419,0.008148057632263849,0.14330272949120712,0.1621979655452322,0.14184632277718093,0.018232077451503195,0.06860734048372681,0.022127594411750245,0.004983789719198249,0.01463493806431232,0.026156059519196483,0.006666592608215877,0.05268577703152435
116,0.04694478092356798,0.02590341533779164,0.016501222285761525,0.018576022891903115,0.03093979178580285,0.0035941075869417643,0.03535976204091755,0.022501666753311167,0.010313263928600954,0.10487178704361523,0.11117477007344297,0.017679881020458775,0.006513640375958496,0.03272010358457891,0.003390662113512642,0.006037032543571289,0.2129836372218424,0.24177668435090635,0.03453788711705552,0.017679881020458775
117,0.005730051249344739,0.02356837576064037,0.009981379595632774,0.15529847916245756,0.01719015374803422,0.002919082711930339,0.01465047053964323,0.020628184497641068,0.20866635124664532,0.003392196434488199,0.016285408813927156,0.06481303334176103,0.041751962119838816,0.302869062749368,0.05715043335830132,0.01672594408819639,0.00859507687401711,0.005950437835857999,0.008362777499043674,0.0154711383732308
118,0.005096720444552407,0.05673493476853432,0.010193440889104812,0.017167900444808107,0.02718250903761283,0.06241021896914662,0.009060836345870944,0.2098322955663243,0.014182178628319742,0.005436501807522568,0.01124793477418462,0.023831709709247143,0.007585816475612884,0.02718250903761283,0.053541135088680275,0.3188703366938224,0.11304121624229028,0.0031364433504937885,0.00795585630369156,0.016309505422567705
119,0.0112596515763801,0.09837896457725516,0.014253276379398317,0.018636664678146373,0.020808783802662753,0.007720903938089211,0.046767930684801846,0.025736346460297373,0.015441807876178422,0.005351121541249949,0.027023163783312244,0.06276599262349938,0.010597319130710684,0.025736346460297373,0.006841307286914492,0.012301060736095652,0.038604519690446065,0.007947989348033013,0.015441807876178422,0.5283850415500532
120,0.040476069595522836,0.016090897554576017,0.012515142542448014,0.060555480910073956,0.02111930304038102,0.33007345510137165,0.01877271381367202,0.015359493120277106,0.017784676244531384,0.004022724388644004,0.016090897554576017,0.014079535360254013,0.006498247089348008,0.009386356906836011,0.07338418283445353,0.004505451315281284,0.005928225414843796,0.1505218157984953,0.16931897746857005,0.013516353945843851
121,0.0073236968297739485,0.2333649357398632,0.01952985821273053,0.010985545244660921,0.012121980959625845,0.012039745609532195,0.017576872391457474,0.017576872391457474,0.03195794980264996,0.09753350189775098,0.01952985821273053,0.010652649934216652,0.007030748956582991,0.016739878468054737,0.07281459904381267,0.03829511755005304,0.010985545244660921,0.004449841111761387,0.3442065655364875,0.015284236862136934
122,0.011357193859541016,0.016162160492423753,0.0030987469576560967,0.011058320336921515,0.01827026838273989,0.0036548828293711598,0.011073525506740544,0.04609020369161667,0.1618835426172518,0.007122308013610467,0.023345342933500973,0.41159637935621246,0.011357193859541016,0.02801441152020117,0.004830070951758822,0.07897798652556358,0.08548139530544603,0.006777680206500283,0.011357193859541016,0.0484911927938617
123,0.01298528040969574,0.022183187366563554,0.023147673773805447,0.019718388770278716,0.016133227175682583,0.009507080299955808,0.019718388770278716,0.520999111629352,0.019828734097551513,0.09780905989560305,0.07206237226191853,0.017746549893250845,0.011573836886902724,0.017174080541855655,0.02651793579921405,0.0067391961619939905,0.004194729011863358,0.04658405798991016,0.019718388770278716,0.015658720494044858
124,0.07087139892713447,0.24658064088312817,0.010514297034572089,0.002441652025734765,0.05628323334956544,0.0007068767141740715,0.004739677461720425,0.14421149905719743,0.004132026505089602,0.013094216383694787,0.012568621389391686,0.003288755789765193,0.0020143629212311808,0.003099019878817201,0.0010464222967434707,0.01743389418528524,0.24250993834659607,0.1578481534799413,0.0027784316154912843,0.0038368817547260584
125,0.003941465681765594,0.047590556580006674,0.011331713835076085,0.007554475890050721,0.01333142804126598,0.006264471534507079,0.10300420564977306,0.012250501443325495,0.12115754520993476,0.04774393605028945,0.011055330570805936,0.009443094862563403,0.02188646707722803,0.01007263452006763,0.44478882604014913,0.10391131920310653,0.004625189320439218,0.003308529586883528,0.004487807459436073,0.012250501443325495
126,0.00966292668979183,0.012078658362239791,0.007208618366405196,0.006360545617416351,0.03958579407035884,0.001802154591601299,0.0050451938456643535,0.094651112015687,0.009010772958006494,0.2116849569861531,0.44389069481231225,0.005545091051080921,0.02115570941319822,0.0077235196782912815,0.0036280685620857594,0.003379039859252435,0.0038617598391456408,0.01695232283145923,0.041412542956250714,0.05536051749359905
127,0.0029204596283727603,0.009386576412599686,0.008396321431571686,0.0013355641865912921,0.010605879703037918,0.01765597212307935,0.009159623379896384,0.04693288206299842,0.19690405985354428,0.009182520403630127,0.011422127498330971,0.16837637120539942,0.004112483966484092,0.13804631823331595,0.2339492535873935,0.060137726846825085,0.046334691285276425,0.015162931128045646,0.0043806894425591405,0.005597547621047791
128,0.19227906942166556,0.05086000067635941,0.028384053105103023,0.04054864729300431,0.009227928081739096,0.11224445554283762,0.00597101228818412,0.09170232541648664,0.013100332202355233,0.002602748946131539,0.008826713817315656,0.07388084072408495,0.027918740759117714,0.009667353228488575,0.019698167559176766,0.19821847356133446,0.07892151351174984,0.0216750950984423,0.006151952054492729,0.008120576711930404
129,0.10102423283665002,0.04639687417766627,0.04227270758409593,0.06343581479150553,0.01083915579079383,0.08177452811889425,0.07297074523445131,0.0069895166039312,0.037743488914371376,0.019570697955599972,0.03708132244218941,0.03099998556167035,0.12272721556673014,0.09058437339449128,0.06051355364240087,0.08966937972383987,0.049905279786779916,0.020823104407238634,0.01027461642668998,0.004403407040009992
130,0.06044226415405843,0.10400581603524757,0.005291296951285883,0.007995988016455962,0.007256219723389367,0.012685401967845535,0.10642455594304404,0.12770946713165282,0.042202841149827794,0.031062670778976228,0.03186397148413689,0.07981841695728305,0.003734194945369966,0.03443147398157306,0.026122391004201724,0.0827746546223676,0.12689081670132174,0.0618802562591517,0.042569822377217605,0.00483747981559291
131,0.0054781403476323876,0.009126939057179567,0.40201613466115493,0.22488780975587128,0.019557726551099074,0.019171582420209003,0.04057727906145525,0.02281734764294892,0.014668294913324307,0.006130033695120604,0.020535612878654026,0.06256773705245305,0.005550165642879466,0.01324878250235744,0.0043232869218219,0.0038028912738248192,0.008738558671767673,0.0067579867986700655,0.02415954456312238,0.08588414558845373
132,0.122060390350542,0.23986640446343532,0.0034217019664382576,0.005984669076280601,0.09164149579054309,0.0028198715745500883,0.010473170883491053,0.09873252899859089,0.007979558768374136,0.06422073347830663,0.017695062624351787,0.007979558768374136,0.003046740620651942,0.012890056471988988,0.0019948896920935336,0.03196527441818387,0.09876314022894023,0.16374975904232397,0.005405507552769575,0.009309485229769824
133,0.016605056811238007,0.09161800252612656,0.007857750098175126,0.003069689702553432,0.17141379932164372,0.020205643109593184,0.11175466806293514,0.012427335869334229,0.0044864695652704,0.057986806268549004,0.10035863283283321,0.059587938244494716,0.0032402280193619556,0.06417162580176354,0.0019883217391539277,0.023825298727111702,0.13001004707889757,0.002013021912667391,0.034669345887706024,0.08271031842059111
134,0.005541761978944467,0.005937602120297642,0.035834984899566706,0.02078160742104175,0.009975171562100042,0.003281306434901329,0.243728455063202,0.008906403180446464,0.015586205565781313,0.02961088693143689,0.015586205565781313,0.1292277970677459,0.011509334271471801,0.1684579665201696,0.1143387954813907,0.0030412108421036706,0.005195401855260438,0.008044493195241968,0.02850510162465534,0.13690930841846072
135,0.04623381353824872,0.04644021449154447,0.003875346353388495,0.002066851388473864,0.13653423060514072,0.017147156119954876,0.07281825632274172,0.06710323638654372,0.02634697512268018,0.02632556205858428,0.06046576336008652,0.09855102359468805,0.0012917821177961647,0.07801956034579471,0.05052092164173159,0.03587106222795159,0.0628040324880002,0.04242783378193777,0.014628667564836512,0.11052771048987586
136,0.11222719277181795,0.026346869191437753,0.00885637434155037,0.11724238784910228,0.05796311222116305,0.10045719793623964,0.09660518703527174,0.016447552348593544,0.00885637434155037,0.007195804152509675,0.009594405536679567,0.05520296402015528,0.06324721532844693,0.01918881107335913,0.002349650335513363,0.08838584042963964,0.027129336224722175,0.06690972675361678,0.01918881107335913,0.09660518703527174
137,0.0540675976261999,0.046495207584469164,0.23984216547563583,0.004268975582193463,0.05406280938453971,0.044992498992883045,0.007928097509787861,0.05406280938453971,0.027748341284257502,0.05811900948058646,0.05406280938453971,0.018498894189505,0.016172246116337104,0.011099336513703003,0.00396404875489393,0.12321230009884326,0.08117756998372366,0.01841413198456442,0.05406280938453971,0.027748341284257502
138,0.03929167541337776,0.02260797777519533,0.15450310417740956,0.18207705480528993,0.011647522218355815,0.07847687566937167,0.016941850499426637,0.016941850499426637,0.011130091634660583,0.02197997839255101,0.04997552981885284,0.06782393332558599,0.0077650148122372096,0.16579183701809908,0.0030058121853821455,0.04092823562750878,0.018618334638396152,0.024491652847067596,0.0066557269819176096,0.05934594165988774
139,0.06713550967450768,0.029926220846434533,0.0019137206434661485,0.0011326101767452717,0.029926220846434533,0.0784298299960905,0.045258790786274435,0.004269069127732178,0.01703118259553185,0.03927229293598712,0.12373004759315327,0.11426375232275002,0.05400660314657517,0.049432747225391815,0.06903614967748917,0.09379425969974693,0.08849926180474342,0.030499520096366223,0.0071618306299159554,0.0552803801746638
140,0.0789806691933783,0.08356264291562701,0.004070155763036173,0.005027839471985862,0.022308296144065536,0.002156996213282122,0.2268398289623772,0.02528245771716898,0.008547327102375964,0.06523777035948065,0.1459203578120556,0.06447026717878089,0.0032874335009138323,0.010684158877969953,0.018498121976114223,0.06891861085338004,0.0789806691933783,0.0765738805571727,0.001126572902925095,0.009525943304531659
141,0.013021012481343566,0.009810996255705206,0.23999114907136326,0.06938151814221499,0.008457755392849318,0.033253454061271365,0.029420813550604063,0.010219787766359591,0.012909205599612113,0.00437990904272554,0.013626383688479453,0.02749579525706616,0.004087915106543836,0.014427935670154716,0.005109893883179796,0.0038932524824227023,0.00721396783507736,0.002857445736067627,0.011679757447268105,0.47876205152969115
142,0.029946394951822466,0.01464450740877943,0.009763004939186287,0.020920724869684902,0.020920724869684902,0.006656594276717925,0.019526009878372573,0.16277476220011805,0.01220375617398286,0.00513842365220331,0.026626377106871695,0.07891999881232606,0.0055401794445423995,0.0225300113981222,0.006811398794781132,0.005330449042465273,0.2861616708561925,0.19584926175852974,0.04881502469593143,0.020920724869684902
143,0.005050202351135304,0.012309868230892305,0.014068420835305491,0.010942105094126494,0.024619736461784614,0.005323186262007483,0.0179052628812979,0.3800377674777406,0.014068420835305491,0.19219112555640097,0.10249557375989535,0.010366204826014573,0.0010914411985706197,0.025709826126922436,0.0023194057257456407,0.004803851016933583,0.008206578820594869,0.1434925209012064,0.009847894584713843,0.015150607053405917
144,0.0033091367018477156,0.005395331579099537,0.00886375902280638,0.007755789144955585,0.25412636889757473,0.002919826501630337,0.011281147847208123,0.041749332033172985,0.008558112159950988,0.24273462092423526,0.18316351104444736,0.01306238171781993,0.018408116008472118,0.005812305019554767,0.008237340105019284,0.0031023156579822334,0.006053298844843382,0.15854558501856705,0.0045124591388832486,0.012409262631928934
145,0.055794447254635775,0.30771147136373056,0.009825417818905138,0.008497658654188226,0.09465459574599763,0.0021842398871856927,0.012092821930960168,0.009825417818905138,0.010142366780805302,0.003979916078543854,0.009825417818905138,0.018494904129703785,0.0058224698186104505,0.013670146530650625,0.04883508505776778,0.08312146332817374,0.00786033425512411,0.20107135271992604,0.01438786608494234,0.08220260692233844
146,0.002663804941475625,0.007289952644473129,0.22107497208074756,0.03213906970999183,0.010272205999030318,0.010699358631940839,0.3459945442715714,0.018832377664888916,0.0225988531978667,0.0038963539996321895,0.010761358665650811,0.09439262578933623,0.005947066631017553,0.017383733229128232,0.0029349159997229483,0.0025975693330881266,0.007062141624333344,0.02579240690263327,0.004184972814419759,0.15348171586905127
147,0.006546864474663257,0.012642221054522151,0.014100938868505476,0.010474983159461212,0.01929602160953381,0.00464081532381193,0.015276017107547597,0.3586039459124102,0.034932146767981585,0.1063309452599811,0.11594389207974173,0.022914025661321398,0.006546864474663257,0.014664976423245695,0.00609951886811955,0.007800519374066859,0.024184560995897556,0.1961706510831357,0.008729152632884343,0.014100938868505476
148,0.03582046905808448,0.22350013071020638,0.1686072299490774,0.011254771039607685,0.006752862623764609,0.39701385756436663,0.01157633592645362,0.010389019421176324,0.011916816394878725,0.002853322235393497,0.007944544263252484,0.008808081683171232,0.005550298046929816,0.008808081683171232,0.007217377291851816,0.030176995562387548,0.005706644470786994,0.02928284491734445,0.006431297736918676,0.010389019421176324
149,0.008673452407627721,0.011981071327197845,0.19772940124298302,0.5535214248061245,0.012241529399528231,0.01795757604008882,0.020111084013510666,0.01062472362977922,0.026574356856841813,0.0028155517618914934,0.009708799178936184,0.017597198511821833,0.006188025850310976,0.03532485107370119,0.003433599709623773,0.0037540690158553245,0.005467090799789308,0.0374555483772116,0.00632708261099212,0.012513563386184414
150,0.05740578235729847,0.14872709283000526,0.03451125910972499,0.18067896894564445,0.0010806657250875635,0.0300764561619271,0.04190652891895175,0.001568708310610979,0.1366951062356284,0.009237137949463167,0.048114903573611284,0.04913179252566758,0.003630011014117672,0.13037586774784993,0.02802665946808876,0.04746121752833281,0.03319751884878576,0.015499675079612292,0.000648399435052538,0.0020262482345391815
151,0.2975139611170621,0.09771309074640086,0.00563732710917595,0.004484237473208142,0.005059139713363032,0.18915979849928255,0.004812352410272153,0.0063647241555212335,0.00563732710917595,0.03212974446294657,0.006165826525661196,0.006576881627371942,0.029063419330321486,0.00789225795284633,0.0015911810388803084,0.19288684493333363,0.01590751509133133,0.08361794762776117,0.0034018353245027287,0.004384587751581295
152,0.16017545967651908,0.10957407840406905,0.004253115552876402,0.00335093952650868,0.0018473689796019703,0.14013520285812942,0.04434658318295234,0.0026970976676777185,0.00735219668559473,0.0018128033504063352,0.003455656386712077,0.17383860607717327,0.023677860861944164,0.016932331760763624,0.0010948614294533311,0.10796563970001032,0.11507430449231845,0.004775785881241022,0.0026970976676777185,0.07494300985837035
153,0.04153154797236908,0.016197789374382814,0.0034507882573446783,0.0038342091748274202,0.027840458364926025,0.06918293276067482,0.027294567024437288,0.11468040674669658,0.006001370882338572,0.1103889142157685,0.1531225210070932,0.045746907763907003,0.003943758008393917,0.04712577587812999,0.009698603681678906,0.1347781730054973,0.07017533384227996,0.08800144885465125,0.0091580455147783,0.01784644766982438
154,0.08603974737466134,0.11440835706408434,0.002914806278019102,0.004388545364634817,0.021380092802067048,0.05110531860106994,0.1417293806852051,0.014294119187667683,0.006948530160671789,0.012011269406796659,0.03433391373508415,0.055588241285374325,0.0967746923792556,0.00471975633555065,0.009852466265299101,0.11171418541242965,0.07694386597526214,0.049324777478571585,0.01064455684188019,0.0948833773664148
155,0.06334593002262938,0.03724451337301296,0.09490273322722018,0.09632730277177043,0.027750813885774366,0.03337351453769413,0.03045821036243528,0.09838924923138184,0.025801219840505905,0.046683612144293334,0.026759713389853848,0.05153722578786668,0.023562011789808424,0.08848774122095894,0.0010272402432702997,0.0532815626606868,0.0832524416573231,0.10480839346705538,0.009606050960460358,0.0034005194259982326
156,0.028830661796541614,0.05874890410746314,0.012217536128479324,0.02480952923565259,0.01086003211420384,0.009292917302332187,0.011728834683340149,0.30157770775164405,0.02255545131411567,0.0776276359386473,0.03055140404492895,0.0704986849289558,0.005055532191094892,0.01086003211420384,0.0055324691902547875,0.005749428766343211,0.008145024085652881,0.2865732938923879,0.007924888299554154,0.01086003211420384
157,0.07538328824347038,0.017353168574522394,0.3167743063280967,0.28818547150747725,0.03687548322086009,0.01654719329072595,0.011800154630675224,0.012291827740286693,0.04613833240276373,0.006276677995040015,0.029500386576688065,0.024583655480573386,0.00517550641696282,0.057260443973843014,0.004041148846121653,0.006704633312883651,0.010172547095409679,0.008061716198500338,0.012826255033342636,0.014047803131756222
158,0.006636768505214214,0.009462009829066505,0.28110604023610963,0.27785809333925254,0.01494001551957869,0.010116242019702069,0.01494001551957869,0.015770016381777507,0.07191808570573288,0.0063080065527110025,0.10564912184231916,0.021835407297845777,0.010137867673999826,0.06355001393778185,0.005068933836999912,0.006890160120151248,0.010137867673999826,0.0369692924955831,0.008870634214749847,0.021835407297845777
159,0.08124024554074594,0.059574032004333165,0.013238673778740703,0.011848508973510873,0.09531845120693304,0.02330006585058363,0.007943204267244422,0.009414636903068228,0.07319975906654118,0.02299348603676016,0.029264436774058395,0.03344507059892387,0.017842514205454827,0.09387423224925222,0.002754312110086402,0.2400194275930492,0.09261737534415888,0.055602429870710936,0.013814268290859863,0.022694869334984057
160,0.004468333061525216,0.01675624898071956,0.01523295361883596,0.013963540817266298,0.012889422292861198,0.012729435218073019,0.009057431881470032,0.023937498543885084,0.022341665307626078,0.12237849053875442,0.017638156821810056,0.04189062245179889,0.14983280654277495,0.13023471512474688,0.3276311691833303,0.006206018141007243,0.009057431881470032,0.004137345427338163,0.011741717076936515,0.04787499708777017
161,0.0714735616919638,0.06297025256155217,0.0221599906614329,0.23747394708107966,0.01625065981838413,0.005385613705922224,0.009028144343546736,0.004453908364738832,0.14093231351291347,0.003750152265780952,0.010598256403293996,0.015234993579735116,0.009691314797785124,0.017411421233982993,0.018272617930807554,0.07695497184785474,0.238298531832931,0.005803807077994332,0.013542216515320104,0.02031332477298016
162,0.060686044712538856,0.007834884802380123,0.05621444141793074,0.04178605227936064,0.04092014758763437,0.003214311713796973,0.14242454242869512,0.14334682561572334,0.02089302613968032,0.12226566938955695,0.11857733736594762,0.07026805177241342,0.000826600114021653,0.012535815683808195,0.015290477263648896,0.00897038958796767,0.010200201063737433,0.10546378318893726,0.010446513069840162,0.007834884802380123
163,0.06155525782690954,0.01603738518095727,0.00628326814600375,0.00282105916759352,0.007679549956226803,0.021910781581363045,0.030144344367910424,0.07558477099311324,0.12819904639862775,0.02862056432293914,0.015502805674925364,0.05536716312473344,0.0020944227153345835,0.16414735420509208,0.1350450123857638,0.12922437325959002,0.05773657645421454,0.003141634073001875,0.004188845430669166,0.05471578473503069
164,0.2009843901308413,0.09905675559947781,0.003049613910625333,0.004698890394673519,0.0032783349539222324,0.01571762020192661,0.003049613910625333,0.1152249644606898,0.0029140755145975403,0.054864983947354964,0.08093621539224927,0.11042392427482772,0.0011604725500609678,0.010224437432854422,0.0006829864487337986,0.0745361488855087,0.08576615477656523,0.12886827196518894,0.0017720729480660718,0.0027900723012104106
165,0.002178566467943354,0.11834100833384238,0.005857923169358796,0.007753133606504289,0.1030366136761766,0.00235362984483166,0.004739000752978852,0.19929836117113864,0.00479284622947538,0.2599375638272186,0.12642641884112354,0.005069356588868189,0.0519332375259838,0.004393442377019098,0.0015068892125521787,0.0016683958393743411,0.002584377868834764,0.08859197057585408,0.005069356588868189,0.00446790750205332
166,0.09261003619024878,0.05795343932278534,0.05086797103366982,0.07241870901456735,0.004555907288467717,0.13535968754954966,0.02780361149666425,0.0033111606947515116,0.024328160059581227,0.0010440596785252514,0.0659214659678975,0.0368209990090959,0.024770604358668312,0.08256830080827567,0.005800091140032611,0.11393287976987757,0.07463705696501483,0.007829752662853726,0.0030497532714816554,0.11441635371799115
167,0.09917976186363957,0.07771807426396145,0.003424324892466089,0.0020400233401925635,0.0756153125143954,0.00480559521035156,0.005030857485836791,0.16906443091691722,0.007984824349812108,0.08506970172564998,0.0940450588680653,0.0038352438795620195,0.002179115840660238,0.00208437167367501,0.014603962124099536,0.07781059578094235,0.1431653430486408,0.11013560060410969,0.00208437167367501,0.020123429943347163
168,0.16898115514474651,0.036411096390647546,0.011145472799966602,0.005961488707923498,0.009223839558593048,0.005669070267652637,0.007039245978926274,0.15143064506653023,0.007867392564682307,0.16838216293947017,0.09979620556769157,0.006858752492287139,0.00245404905687338,0.006858752492287139,0.0029075146434695475,0.0033436418399899795,0.025228662293145295,0.2631034500618357,0.007430315199977734,0.009907086933303643
169,0.0800492005953362,0.07259387716579055,0.09651685941360791,0.15320523200581418,0.010334694510724336,0.08059683752017985,0.0178823627035965,0.004351450320304983,0.00486338565210557,0.004812094130308086,0.004133877804289734,0.023986438434151068,0.001722449085120723,0.027717662190574567,0.0072255809045683895,0.14890871708766126,0.05169563979988114,0.1372459598416915,0.06871278266405191,0.003444898170241445
170,0.12639021163487074,0.03353792005268533,0.1275363403225311,0.08097620725628729,0.02179964803424547,0.07540298468917218,0.028128578108703825,0.0076410144393991575,0.0076410144393991575,0.002650964193260933,0.003936280165751082,0.029539513003929218,0.029283109299732726,0.058391914377443226,0.0013818855901041032,0.0681239001070171,0.07745592320924537,0.016975179649472344,0.006055457787290406,0.19715195363945923
171,0.0033021177065431493,0.19872738726088582,0.004703016127500849,0.005748130822501037,0.24412753348487634,0.001467301822159605,0.008622196233751558,0.015519953220752801,0.004703016127500849,0.027250348387618414,0.004084198215987579,0.004564692123750824,0.0038799883051882007,0.004436742706487571,0.0016390040805480952,0.004755731171783305,0.002424992690742626,0.0016336792863950317,0.15292417966106361,0.30548579056396286
172,0.0016167390677618062,0.006316204874587212,0.013780810635463011,0.008421606499449615,0.13338037509912773,0.0025270250227159246,0.0218091989274861,0.3672592318271439,0.007978364052110162,0.2975273620050345,0.07642350027580909,0.008916995117064298,0.013500833255513541,0.005138607355596376,0.0076620036587072065,0.003989182026055082,0.004393881651886757,0.002915894530514718,0.0056144043329664104,0.01082777978500665
173,0.10501800508946495,0.0032409936462457997,0.09966612096685495,0.19417482561746718,0.00380193485424988,0.0605123653974502,0.03839225858248016,0.003876482596490074,0.03327930384031288,0.012140364143452556,0.07173938062046774,0.0904350979942866,0.001475377704634282,0.09599878194061648,0.01858255438238766,0.051924458178537754,0.0783707519383261,0.0192174583237859,0.003408631248637823,0.014744852933851076
174,0.01071225445135633,0.015175693806088134,0.013007737548075543,0.04944760006100257,0.014008332744081357,0.004441666479830673,0.011036868222609552,0.021563431664876988,0.35573664954917855,0.006503868774037772,0.02428111008974102,0.08889776329712197,0.006503868774037772,0.030978058192085448,0.2968297118718384,0.005781216688033574,0.007758329963285085,0.007432992884614597,0.012559194874003973,0.017343650064100727
175,0.016488010292446113,0.08620873952907541,0.006729563858766943,0.00990905052058338,0.08210356145626228,0.018282569859057768,0.16327412789597615,0.07341613734213587,0.041806788962035324,0.011973436045704918,0.00885468928785124,0.10376977906277596,0.003823615828844854,0.03143026961997541,0.16466636620855427,0.10823121686890734,0.025096055142102957,0.006157767109219672,0.01981810104116676,0.01796015406855737
176,0.005869453280470378,0.014828092498030424,0.014086687873128901,0.0187822504975052,0.01760835984141113,0.005217291804862557,0.0067079466062518606,0.020123839818755578,0.007825937707293836,0.06739993415646517,0.011738906560940753,0.007223942499040465,0.2757993445285828,0.3856953499163176,0.013394571591382078,0.01902205481697535,0.07147144444224256,0.007825937707293836,0.01280607988466264,0.016572573968386944
177,0.15000383532380235,0.028227170185506665,0.052925944097825,0.027927589367465068,0.044181657681662614,0.09588940293546583,0.0370481608684775,0.013027924701003073,0.0024532874716925506,0.053414491274112616,0.07313403184426727,0.03881235900507166,0.016523221572003904,0.008760156264467587,0.018872440920274198,0.07131074573180632,0.06716119802758481,0.07906972279906799,0.08812041666719606,0.03313624326124696
178,0.09044889039256085,0.0037071704178349416,0.11937676059956982,0.08059113755560174,0.005451721202698444,0.08842718840196064,0.21613077799002287,0.0071291738804518095,0.007723271703822795,0.001625951937646904,0.013431856259266958,0.07439181928209392,0.001654986793676313,0.018597954820523482,0.0014042312188768716,0.14950077926165342,0.0687815078573472,0.03489106506610852,0.005148847802548531,0.011584907555734191
179,0.009310235161079051,0.012365027326566778,0.020090507452854796,0.029363049354172395,0.3736930551779937,0.0068164221715043055,0.0254479761069494,0.018199500835047976,0.020090507452854796,0.07616800265726935,0.03470178560038556,0.021206646755791172,0.015268785664169643,0.019085982080212054,0.010045253726427398,0.0018825638836730927,0.009310235161079051,0.0060640121229633935,0.2722928899508434,0.01859756135816268
180,0.13930147031094062,0.3264862433444094,0.009811998082802325,0.011120264493842635,0.08326155919538661,0.003480815861945223,0.01334431739261116,0.010761546284363842,0.009016430670683218,0.004569971709798342,0.009016430670683218,0.01962399616560465,0.009811998082802325,0.015886092134060906,0.0015074201087650046,0.014872568560931618,0.00595728455027284,0.2234627752904672,0.006422046544194765,0.08228477054543408
181,0.007189087990238085,0.012837657125425152,0.011232949984747007,0.025675314250850307,0.019969688861772462,0.008169418170725095,0.01562845215269149,0.3509255324850428,0.04574321909327002,0.038290641551627494,0.04618397122885344,0.010270125700340119,0.008558438083616766,0.025675314250850307,0.006095282434661769,0.005797651605030713,0.009016720818141486,0.31589645826214535,0.022465899969494014,0.01437817598047617
182,0.009039191048976629,0.013016435110526343,0.01627054388815793,0.06709362229928065,0.014148299033180807,0.006641038321697114,0.011221064750453744,0.021694058517543906,0.31834933432955004,0.004119125034976691,0.015470959003353687,0.35246785418123416,0.003320519160848557,0.0332555152380175,0.0019613665990307018,0.0061398278823237475,0.03721882763863707,0.00793685067715021,0.0464872682518798,0.014148299033180807
183,0.015488028082624727,0.025263996920593567,0.018045712086138265,0.0182265834301994,0.02296726992781233,0.005155917738896646,0.03157999615074196,0.2145670511246171,0.011483634963906164,0.11566775394020029,0.10468876181863296,0.02296726992781233,0.007218284834455304,0.010526665383580651,0.005875348121068271,0.00789499903768549,0.06912690820635707,0.24693849061692247,0.025263996920593567,0.021053330767161305
184,0.030842793140345433,0.010583820145016597,0.012700584174019917,0.10935172113395197,0.018143691677171316,0.17893918003737597,0.05467586056697599,0.048600764948423116,0.009071845838585656,0.12400941625581245,0.1551971222755381,0.04686502334312228,0.004480806267891755,0.03916448452797609,0.004187085467788739,0.07734633933864897,0.007455799168224,0.016278700979203867,0.009769680133861473,0.04233528058006639
185,0.1653266020224655,0.11519873740097268,0.029518790924085266,0.03935838789878035,0.201329587183388,0.06241497245986242,0.008433940264024362,0.016867880528048725,0.010734105790576461,0.005133702769406133,0.014759395462042637,0.13082365899169007,0.0031912206404416496,0.016867880528048725,0.004135757828550082,0.09821207984360018,0.005622626842682907,0.02361503273926821,0.014822931623275805,0.03363270825878994
186,0.029851740072876262,0.014617778290634643,0.029235556581269292,0.009745185527089762,0.023388445265015434,0.004176508083038469,0.010631111484097922,0.029235556581269292,0.014617778290634643,0.01414622502563186,0.023388445265015434,0.012993580702786351,0.11396723335420925,0.4358400646420511,0.061487995374001396,0.030918268062037554,0.09214667380588445,0.010631111484097922,0.019490371054179525,0.019490371054179525
187,0.03384388558559455,0.05788116426992641,0.00923015061425306,0.025382914189195912,0.04418755225336878,0.03384388558559455,0.002554685484933829,0.10153165675678365,0.10153165675678365,0.015620254885659025,0.0676877711711891,0.01850094801071265,0.025382914189195912,0.10153165675678365,0.020306331351356732,0.04204053522761503,0.02256259039039637,0.010153165675678366,0.0676877711711891,0.19853850967378972
188,0.001545883231170434,0.01813922938429296,0.012367656398381565,0.019434888626028178,0.016005202397905555,0.00777395545041127,0.05441768815287888,0.052154995389029096,0.010883537630575778,0.005441768815287889,0.02473531279676313,0.23118695103009163,0.03287519374766375,0.016005202397905555,0.007558012243455401,0.16233160205284053,0.2657236888922935,0.006478296208676057,0.034011055095549296,0.02092988005879957
189,0.14729122943904613,0.07931877394664626,0.008009836246981069,0.005237200623026081,0.011347268016556512,0.14143950215227288,0.005237200623026081,0.2542794884788707,0.006808360809933907,0.002431557432119252,0.007564845344371007,0.06433217881408054,0.021479970959860897,0.006484153152318007,0.04389369195680196,0.132885001729944,0.0466978906331236,0.0023888985298013703,0.0048631148642385045,0.008009836246981069
190,0.0555296769540213,0.05068581809198567,0.020817389573494112,0.0527373869195184,0.07633042843614504,0.055086015486784407,0.1427478142182453,0.07497056325202513,0.0416347791469882,0.035389562274939994,0.006108738093775399,0.10190507163284324,0.030667784898225584,0.02914434540289175,0.005551303886265096,0.04733417513208646,0.09537517809913792,0.06983898437559312,0.004654276642876494,0.003490707482157369
191,0.16067451473909058,0.04622915862668571,0.01365911819012882,0.017301549707496505,0.014417958089580421,0.0331454344870577,0.025952324561244758,0.07731560339505734,0.010403338834282872,0.16090487820360255,0.25356990805177115,0.01365911819012882,0.008110101425388988,0.011796511164202163,0.0043429275962882825,0.03270467073058086,0.08772454591920047,0.0018738688344294135,0.011796511164202163,0.014417958089580421
192,0.008599594981323988,0.025017003582033414,0.0550374078804735,0.012508501791016707,0.02293225328353063,0.004914054275042277,0.06242470581616341,0.32596064338897546,0.013104144733446075,0.03754354956421255,0.26902638581877175,0.02293225328353063,0.005982326943529729,0.02809111761727354,0.007599818647231261,0.005096056285229028,0.002665789249516562,0.05616601293340363,0.011466126641765315,0.02293225328353063
193,0.05045133492362909,0.017892877361775337,0.018703017729569168,0.4370229095489312,0.02795762087777397,0.0014680754468604253,0.026313054943787266,0.02982146226962557,0.03237745842869298,0.011469793180625215,0.02795762087777397,0.026313054943787266,0.012089782001199551,0.13550964573520144,0.009129019062130274,0.012089782001199551,0.009129019062130274,0.06211691263346284,0.022366096702219174,0.02982146226962557
194,0.07458948135276675,0.07352113322127307,0.003611327289557439,0.03446303119747175,0.07147887952068217,0.006724493892189609,0.0719228477164628,0.011520015351551099,0.010811931356069572,0.03829225688607974,0.01060400959922208,0.07855047699717937,0.0028791015582292183,0.36760566610636536,0.004030763882745235,0.02217983692946385,0.052798661669885734,0.023826293173560716,0.015316902754431894,0.025272889544812615
195,0.00815644500847754,0.03962083811933616,0.009444304746658205,0.00815644500847754,0.11390990959309145,0.0036620773507450182,0.011962786012433725,0.2822602652440892,0.018650206024070963,0.1017865897154841,0.1752435482427709,0.013803214629731221,0.004984494171847386,0.019937976687389544,0.002531074313039897,0.004849778113148808,0.021321998944302256,0.12784351955493464,0.009444304746658205,0.022430223773313232
196,0.056157978354578,0.07632416931303822,0.24340087210586184,0.11213941428943933,0.039549796825847076,0.005088018680267266,0.04394421869538563,0.006355793039944386,0.0029879316985070353,0.022811493300301307,0.013811040161406916,0.028434494449955407,0.0017600657649076762,0.08489487178574642,0.0013149916634367694,0.10378590474233725,0.0023834223899791445,0.0060799290003492835,0.03759672043938549,0.11117887329932563
197,0.033920111415453084,0.02283084422193957,0.007768051737614832,0.008700217946128613,0.009886611302418878,0.055753397438449925,0.010958805226530996,0.04124281536866505,0.27877662418368326,0.10505239533689024,0.05619900116169741,0.019773222604837756,0.005236120966697466,0.06839013788478784,0.21331979535173656,0.014611740302041331,0.0038840258688074155,0.018264675377551658,0.008700217946128613,0.016731188357939637
198,0.007404022177017867,0.026195431045380177,0.01892139000793455,0.015481137279219175,0.07683993106644851,0.0033066506809982707,0.014808044354035732,0.02003441294957775,0.013099423851646995,0.33322871374594826,0.29554349109271155,0.021286563758926364,0.0015408861956438455,0.04570156450087367,0.005725916187193236,0.004054583573128833,0.007404022177017867,0.009502222886509426,0.029808593948191235,0.05011299852159686
199,0.05450628079167266,0.16444792670669423,0.0028397667995213108,0.007849502337360132,0.004770808223195803,0.0016338384326013019,0.0015344540413513464,0.09245627879287474,0.1355994070962431,0.07492602102234378,0.06364743829944276,0.003614248653936214,0.0012971122695805291,0.11675090691315343,0.023157090905924143,0.03163761552896277,0.12191312599203015,0.0893297379641302,0.003975673519329835,0.004112765709651554
200,0.003142186856143585,0.15682386592113795,0.009655083248877563,0.01001942601298615,0.008297337167004155,0.0031813058066400856,0.14681291063108762,0.01001942601298615,0.009482671048004751,0.031786433947675316,0.01180065730418369,0.01001942601298615,0.0020503072536226484,0.008169685825973322,0.522574937465359,0.0327861796731484,0.003142186856143585,0.004084842912986661,0.007586136838403799,0.008564993204649452
201,0.05922610057918196,0.01702692868243771,0.005441891759400453,0.00426526651412468,0.02124960699568226,0.005992987707251583,0.024147280676911655,0.011383718033401213,0.20981102478143188,0.020630686403575002,0.08902262503855914,0.06374882098704678,0.0018787483455072992,0.1569573243999258,0.15427995573645217,0.09063962148787791,0.03278661826111926,0.007905359745417506,0.016090440482666588,0.0075149933820291975
202,0.002419339425901485,0.016009393944779276,0.024081244405781438,0.006256912308365908,0.29617378797841665,0.005040290470628094,0.1777577457929045,0.008640497949648161,0.008640497949648161,0.0022128104505196506,0.006978863728561976,0.2025167336286542,0.002110494576187452,0.046815547421270004,0.001190264666627461,0.003128456154182955,0.0034235935272190826,0.002835163389728302,0.06759521887795694,0.11617314335301832
203,0.0489006698462128,0.011407020027558671,0.009125616022046939,0.06109477028128427,0.014408867403232002,0.26800413766824355,0.010950739226456323,0.015209360036744893,0.011407020027558671,0.003555434813784521,0.008831241311658326,0.009125616022046939,0.005368009424733492,0.010950739226456323,0.048123335102318227,0.0027935559251164093,0.0060837440146979576,0.22348205476827807,0.22262280383090258,0.008555265020669004
204,0.006089477438730429,0.012338975671924634,0.015423719589905793,0.16703970871039522,0.017994339521556758,0.4224860555283529,0.011364846013614796,0.022729692027229586,0.014891867190253868,0.004963955730084623,0.014891867190253868,0.01439547161724541,0.004594299452312363,0.018776702109450524,0.04462028940910341,0.005080754688439555,0.008305079779180042,0.16584784516779033,0.009388351054725264,0.018776702109450524
205,0.5118200077701089,0.06800979330713833,0.005473517145464697,0.006762147527900719,0.005199841288191462,0.10148577237059496,0.0031514189625402797,0.004333201073492885,0.004159873030553169,0.0013683792863661743,0.0037141723487081877,0.004333201073492885,0.001405362510322017,0.004727128443810419,0.0007128022114142342,0.0668141343851813,0.1535183226219512,0.046422431782486576,0.0027367585727323487,0.0038517342875492313
206,0.002068899523676342,0.007045238003976558,0.004182775123954343,0.008016985654245825,0.22264608529028926,0.002748680795741425,0.003317373374170685,0.23565630839368332,0.00534465710283055,0.18829635443301826,0.1425956172004856,0.004275725682264439,0.00113180973942294,0.004275725682264439,0.0017652078504761448,0.0015532364352320639,0.0019435116737565633,0.12423007418267243,0.004182775123954343,0.03472295873388447
