site,A,C,D,E,F,G,H,I,K,L,M,N,P,Q,R,S,T,V,W,Y
111,0.013027646168131936,0.28121434081376406,0.03121080867607519,0.44078257869137905,0.008790939818820597,0.0015508601194718246,0.010946276089333023,0.0075737327669839,0.08866284676859497,0.0032175988879343366,0.00911653018248062,0.013314733164413945,0.006933699012027513,0.008636712804455325,0.0038460361707340113,0.0461972814070921,0.006563901731386046,0.0034920927680879756,0.007347651191850051,0.0075737327669839
112,0.06331307315740382,0.07413429070951454,0.10212958941030095,0.11432834180075654,0.0019975353944073006,0.020794243294340167,0.0200155836846131,0.031960566310516816,0.04945462493620723,0.052611432116429664,0.06534160223483439,0.07621365812507858,0.028764509679465134,0.05721556703531532,0.03761298755683657,0.08657672392975442,0.06701200111160319,0.042492552849979756,0.0016390034005393241,0.006392113262103364
113,0.004310949266657973,0.012739820220869832,0.0125524699235041,0.016105055750910917,0.01641476836150536,0.0042047682502378255,0.007060238413700288,0.016105055750910917,0.014467253471157262,0.03885549282931905,0.01673662656467213,0.01399291729177506,0.7669634388070641,0.013336999293723102,0.0052705923148923485,0.0033418557333101725,0.0049626043883620845,0.005846355854782731,0.012739820220869828,0.01399291729177506
114,0.05960624374007931,0.06755374290542321,0.007569046824137055,0.011652152559404301,0.05960624374007931,0.0017091396054503029,0.0176611092563198,0.0740018543704373,0.04834297072829649,0.12463941323396707,0.14161446507870717,0.03784523412068528,0.002270714047241117,0.0423866622151675,0.0209577593812573,0.07379820653533627,0.08710488845237911,0.06401457786639252,0.02587557867786388,0.03178999666137563
115,0.07791555153793903,0.10188956739576645,0.005660531521987023,0.0035134333584747046,0.04075582695830656,0.06781362407294235,0.03396318913192214,0.04366695745532846,0.01132106304397405,0.09071718341152704,0.05488325888704486,0.10972722642621,0.04641174167284854,0.07355047638192151,0.042359520591749425,0.033045265101329636,0.03153724705107056,0.07370734662672464,0.01389403191760451,0.04366695745532846
116,0.003063722099623069,0.10125435957792547,0.012000516690717092,0.005468424607543818,0.02250096879509455,0.00273759266456092,0.05143078581735897,0.08182170470943473,0.007500322931698182,0.0024686440372799147,0.08143076462698565,0.012857696454339741,0.004737046062125168,0.08526682911825302,0.013669574884141665,0.004390432935628205,0.18136664223212526,0.1604520329241234,0.1527242423767014,0.012857696454339741
117,0.010595014199384661,0.06501485985986044,0.009227915593012448,0.17633133238628498,0.015892521299076996,0.002698730031918735,0.009498937737563592,0.0190710255588924,0.06470219893629342,0.0354472723125518,0.015056072809651894,0.12872942252252365,0.004206843873285087,0.25504594668719593,0.08635356509219357,0.050753535761568457,0.023838781948615488,0.005501257372757422,0.007731496848199619,0.014303269169169297
118,0.015541367701453502,0.028201066276358207,0.015541367701453505,0.026174935076132208,0.04144364720387599,0.002053369673242883,0.013814549067958669,0.012760887420830294,0.021622772454196172,0.008288729440775201,0.01714909539470731,0.07418695399003279,0.011565668987128186,0.04144364720387599,0.0037212971750163245,0.44387624150125166,0.1808364081545206,0.004781959292754923,0.01212984796211005,0.0248661883223256
119,0.013629237822959675,0.061886651432923316,0.017252868990964537,0.022558738465588427,0.02518797862697451,0.009345763078600921,0.00698859205060295,0.031152543595336403,0.01869152615720184,0.0064772615396244005,0.03271017077510322,0.03394122293350589,0.01282751795102087,0.031152543595336403,0.008281055892431196,0.009093017956373949,0.0467288153930046,0.009620638463265652,0.01869152615720184,0.5837823291219795
120,0.010310025669938591,0.03093007700981577,0.02405672656319004,0.04472425543206492,0.04059572607538319,0.5799406800640047,0.03608508984478507,0.029524164418460508,0.034185874589796376,0.007732519252453943,0.03093007700981577,0.0270638173835888,0.012490992638579444,0.018042544922392528,0.008886348404052604,0.008660421562748415,0.011395291529932128,0.00890441757186628,0.009559685368885653,0.025981264688245246
121,0.00958824282469216,0.013188256701933802,0.02556864753251243,0.01438236423703824,0.05193299037738775,0.004003835520070292,0.13807069667556712,0.02301178277926118,0.041839605053202146,0.005900457122887482,0.02556864753251243,0.01394653501773405,0.009204713111704474,0.021915983599296366,0.02519167646657247,0.005417807447430443,0.01438236423703824,0.005825767792218021,0.410987904705873,0.14007172126506806
122,0.016965661165111483,0.024143440888812488,0.02525995359130707,0.016519196397608547,0.027292585352570647,0.005459755679806721,0.016541910261816378,0.0315511010716536,0.020924315436970823,0.01063948242557839,0.034873859061618044,0.5597304128334354,0.016965661165111483,0.041848630873941646,0.0072152811851623555,0.0021435719641614416,0.013084809039520123,0.010124668759824595,0.016965661165111483,0.10175004168087744
123,0.03983641244255628,0.25520201721012614,0.017753183805921818,0.015123082501340807,0.012373431137460662,0.007291486206003604,0.015123082501340807,0.3643748395740984,0.009073849500804485,0.05027597483369829,0.012568570450824995,0.013610774251206728,0.008876591902960909,0.013171717017296832,0.00404496755954071,0.005168648449825338,0.0032171610802600417,0.12578162038115107,0.015123082501340807,0.012009506692241231
124,0.0381894931386313,0.2358890606627073,0.005929585041868494,0.004392680911652293,0.00936021418485845,0.0012717143214989967,0.008526968828501508,0.22314040427487403,0.007433767696642341,0.024490909757700106,0.0422932979433403,0.005916672248347986,0.0036239617521131415,0.0055753257724817555,0.0018825775335652682,0.0023380398400729948,0.10880386455707453,0.25904010931038063,0.004998567933949161,0.006902784289739316
125,0.01783412728744181,0.015455258944720803,0.008545519325232537,0.0056970128834883576,0.010053552147332395,0.041840419802951,0.019438896350135904,0.00923839927052166,0.3656183722011681,0.00331950214256111,0.008337092024617108,0.007121266104360446,0.005183264034160351,0.07596017177984475,0.3057223592964879,0.06458917847735797,0.020927802429140902,0.002495042138754025,0.003384364089201005,0.00923839927052166
126,0.004399163081519993,0.15397070785319972,0.010997907703799981,0.009704036209235278,0.009800873974456892,0.0027494769259499958,0.007697255346597905,0.026047676140578905,0.013747384629749978,0.2947467736449099,0.3629309542253993,0.00845992900292306,0.0009657231752577058,0.011783472539785695,0.0023576087889268507,0.005155269236156241,0.011783472539785695,0.0349456907769384,0.009426778031828557,0.018329846172999972
127,0.0614702014826176,0.02433420924256979,0.008033037693751164,0.011407398600057834,0.010146994981580419,0.0291722843767352,0.026289941543185633,0.05355358462500776,0.1718403735722756,0.017334491242026344,0.029789191617139343,0.09060571408489544,0.003934549074490366,0.10809079855545983,0.15264070032688176,0.06862120335000994,0.04400473759376148,0.0444906703038526,0.03352920080870051,0.010710716925001555
128,0.08083473368296926,0.05540815674088334,0.0544755813950445,0.025940753045259283,0.004952325581367683,0.10095312788853131,0.004077382945106301,0.004190429338080346,0.025142576028482074,0.00558723911744046,0.023685035389149782,0.09770339905487155,0.05536862371299605,0.10376301218103713,0.05632002413640895,0.09681211865227836,0.15750727955997013,0.03961860465094145,0.003301550387578454,0.00435804651160356
129,0.06920309500047135,0.09009709096017134,0.06449807622704329,0.03866498674295241,0.003946560608298104,0.0913681672452344,0.07329326843982194,0.008550881317979224,0.12192863437312816,0.01140117509063897,0.010801113243763233,0.08208846065260056,0.07371888478949452,0.07329326843982194,0.07777308044135692,0.07062805867837388,0.011268867491803506,0.0028925464678559707,0.0021377203294948056,0.022446063459695468
130,0.06016400222937607,0.05887581555958487,0.00899491626604769,0.03600290344427776,0.044156861669688664,0.0007880350189652021,0.07508799665570244,0.17270239230811565,0.03349830885286726,0.06211548109816106,0.07475936316308472,0.0067461871995357706,0.0018936665823258295,0.03386321417806189,0.03532548933575093,0.0381582525472421,0.09963599556237442,0.09611601145860547,0.03167719909043959,0.029437907779792445
131,0.008257009534409568,0.013756716336717684,0.5532365715524972,0.0369303233520931,0.029478677864395036,0.002183375281451384,0.01822192412587407,0.034391790841794216,0.022109008398296277,0.009239585599287998,0.030952611757614792,0.12528208457801832,0.008365570745301296,0.019969426940396637,0.006516339317392588,0.005731965140299036,0.013171324152176506,0.007554404418528952,0.03641483736189975,0.018236452701555796
132,0.11289319928931264,0.2254269419219038,0.004249009678615778,0.007431657425996827,0.009068590269105503,0.0008894640282701235,0.013005400495494448,0.21160527138581978,0.009908876567995769,0.09182970682544468,0.026010800990988896,0.009908876567995769,0.0037833892350529292,0.016006646763685472,0.002477219141998942,0.00335623238593405,0.0483921878902119,0.18548370836830952,0.0067124647718681,0.011560355995995064
133,0.021311303300815293,0.031088209693711625,0.008644125573544976,0.02264659799384883,0.1438215858132014,0.005987887387329908,0.07683667176484425,0.006616144563538387,0.004137359248876228,0.09708144513350653,0.10190969097231976,0.10589053827592598,0.002988092790855054,0.06050887901481484,0.0018336023943883284,0.022926464327103126,0.08067850535308646,0.016722661320830005,0.06160904045144785,0.12676119462601118
134,0.045394638948924385,0.024318556579780926,0.005836453579147421,0.017022989605846642,0.0735393150972575,0.018814883248567345,0.18210937340456285,0.007295566973934273,0.02553448440876997,0.020010047011787956,0.02553448440876997,0.06929212324412844,0.0024684463378890163,0.08849653321364244,0.14172786665279766,0.061140558152155244,0.04255747401461661,0.0329477218177677,0.02109109688803488,0.09486738641161874
135,0.07220547378852558,0.11093355793348025,0.00641298615884931,0.004350468147712264,0.07695583390619172,0.001127558005951527,0.047883629986074865,0.06768466329706584,0.04879213481120301,0.06839188081231584,0.09137299477343229,0.01080081879385147,0.0021376620529497702,0.15857565774609206,0.038785939924786926,0.06416872919632725,0.05158209230051727,0.03615350833215223,0.0032064930794246556,0.03847791695309586
136,0.10678494174706867,0.06542793212882038,0.009227016069449027,0.0036438870686250416,0.023990241780567474,0.09121337153023601,0.3598536267085122,0.017135886986119626,0.009227016069449027,0.007496950556427333,0.009995934075236447,0.017135886986119626,0.0655308647495805,0.019991868150472894,0.0024479838551599463,0.0651124364288702,0.019692342723212294,0.0061324716337090406,0.019991868150472894,0.0799674726018916
137,0.07523748165373964,0.056484177382942015,0.014121044345735504,0.006517405082647155,0.07521931237093737,0.0056634312839300436,0.012103752296344717,0.07521931237093737,0.04236313303720652,0.042363133037206506,0.07521931237093737,0.028242088691471007,0.04052125768776275,0.0169452532148826,0.03631125688903415,0.12285308580789887,0.14015452764277225,0.016878589425470183,0.07521931237093737,0.04236313303720652
138,0.048510444694263764,0.03645334705311606,0.025912501700223488,0.2275076168608272,0.01594833933573828,0.10297647075067608,0.023197584488346582,0.09279033795338633,0.039350857301084355,0.02835260326353471,0.013430180493253287,0.03645334705311606,0.010632226223825519,0.1336622725280922,0.00411570047373891,0.021997709428604517,0.015010201727753669,0.06673990389992503,0.009113336763279014,0.04784501800721483
139,0.05687399568065247,0.03643266800603561,0.0019542427282930974,0.0011565926351122416,0.02428844533735708,0.08887283198231058,0.020465264126847158,0.03487571638184606,0.05252623137997546,0.033852523299901516,0.06900901864641024,0.0955345929281991,0.05029636392842188,0.06727756316967681,0.11278430776345001,0.09924671096302196,0.07576938925892912,0.03191929789545393,0.004359464547730757,0.04250477934037487
140,0.05781213554333208,0.11152516988503544,0.005964744143359657,0.00736821335356193,0.005693619409570583,0.0007985574754862976,0.18315638343398244,0.014736426707123863,0.012525962701055281,0.13196996417183243,0.06958868167252935,0.012525962701055281,0.0048176779619443395,0.015657453376319106,0.006155569953939346,0.08501764105986183,0.04817677961944339,0.22087436941535485,0.004214430006000795,0.0014202574092116833
141,0.0074740064559381605,0.0217835194429525,0.48601027491382864,0.07007229957267874,0.018778896071510773,0.009291540766200992,0.01944957093120759,0.022691166086408854,0.028662525582832235,0.009724785465603795,0.030254888115211803,0.10881361740650765,0.00907646643456354,0.03203458741610661,0.011345583043204427,0.008644253747203373,0.016017293708053305,0.014311481231877254,0.025932761241610116,0.04963048236649978
142,0.001733576291655518,0.1199054319652583,0.013322825773917586,0.028548912372680542,0.028548912372680542,0.0090837448458529,0.026645651547835176,0.007247770754431656,0.01665353221739698,0.007012013565219781,0.0363349793834116,0.015987390928701103,0.010972553325816101,0.030744982555194433,0.009294994725989015,0.007274055921498861,0.3559922637192467,0.1795333664909448,0.06661412886958792,0.028548912372680542
143,0.006879604165205956,0.016769035152689522,0.01916461160307374,0.014905809024612906,0.26830456244303236,0.007251474660622495,0.02439132385845749,0.08049136873290971,0.01916461160307374,0.23904967881241543,0.007251474660622495,0.014121292760159597,0.0014868084274040697,0.033277594638922846,0.0031595948404038016,0.006544013718122739,0.011179356768459681,0.19255374351204196,0.013415228122151615,0.020638812495617876
144,0.003522306326291664,0.005742890749388584,0.009434749088281244,0.00825540545224609,0.34457344496331505,0.003107917346727939,0.01200786247599431,0.18492108213031236,0.009109412912823269,0.23597156735621086,0.08529113279331531,0.013903840761677621,0.0009982852480754896,0.044886427839512945,0.0018746551095564473,0.003302162180898435,0.006443243279801825,0.008641820271579182,0.004803144990397725,0.01320864872359374
145,0.15543045998676253,0.3283453496440994,0.01149537776985431,0.00994194834149562,0.014729887241573557,0.0025554803984897,0.014148157255205305,0.01149537776985431,0.011866196407591548,0.00465635555234605,0.01149537776985431,0.021638358155019875,0.006812075715469219,0.015993569071101648,0.0013747273285800382,0.0936224601937256,0.00919630221588345,0.254988379622223,0.01567770620284299,0.004536453358027595
146,0.00783283940658001,0.018236560097234837,0.5047369993021269,0.01378861861010439,0.02569697104610363,0.0014436034163401639,0.09422222716904664,0.04711111358452333,0.05653333630142799,0.009747126948522067,0.02692063633401333,0.06701351909680367,0.014877193763533683,0.043487181770329224,0.0073419917274581805,0.006498084632348044,0.01766666759419625,0.0068269116950415,0.010469136352116295,0.019549281152149774
147,0.003651588200662118,0.007051342732313055,0.0078649592014261,0.005842541121059389,0.010762575749319925,0.002588467585279476,0.008520372468211608,0.18209102069461552,0.0078649592014261,0.25351098317472837,0.3203924371171375,0.012780558702317412,0.003651588200662118,0.008179557569483143,0.002025722384206723,0.004350828494405928,0.002016945785832163,0.14411980814793765,0.004868784267549491,0.0078649592014261
148,0.011858702081027237,0.012634935865042747,0.049998900899517196,0.021732205971277202,0.013039323582766323,0.6998692323898299,0.02235312614188513,0.020060497819640494,0.023010571028411156,0.0055095733448308395,0.015340380685607438,0.01700781336882564,0.010717252259807936,0.01700781336882564,0.005628484999755247,0.004523936565409995,0.011019146689661679,0.006209201706079201,0.012418403412158401,0.020060497819640494
149,0.006051661285126508,0.01799513659301703,0.018817357027544803,0.7589759759889696,0.01838633521460436,0.004081546091653408,0.030206122138278592,0.015957951318335856,0.007173629416419474,0.004228857099359003,0.014582265859858622,0.026430356870993762,0.00929419142716264,0.015957951318335856,0.005157142804096344,0.005638476132478669,0.008211373008464081,0.004555700302224955,0.009503049661480903,0.018794920441595562
150,0.09287945333566024,0.05556218449422222,0.03968727463873016,0.05530194007036171,0.0029985940838151677,0.07459852051898155,0.0923251336332565,0.004352797863602663,0.05870343833933595,0.019441968977150583,0.02998594083815168,0.10701878885340341,0.0036813043261704273,0.05397469350867302,0.037658147511260016,0.12049878885961762,0.0884560575552264,0.055453452234938055,0.0017991564502891008,0.005622363907153441
151,0.29674983721361287,0.1272389111529714,0.007462131631527644,0.005935786525078807,0.006696784797524809,0.20893968568277393,0.006370112368377257,0.008424987325918308,0.007462131631527644,0.01503890408849284,0.03264682588793343,0.008705820236782248,0.0039147283866900135,0.0104469842841387,0.002106246831479577,0.23298725717149502,0.0036842058014452195,0.0048817683570741574,0.004503010467301164,0.005803880157854833
152,0.09754890647672383,0.06629138507486065,0.006874962314601407,0.005416636975140503,0.07197177059654124,0.10384466886626505,0.044869864624837684,0.004359732199503331,0.004703921583674647,0.0029303118062235503,0.0055859068806136435,0.1310826147984002,0.11643113310892014,0.04874973277626453,0.0017697922790063023,0.15928758124635128,0.10716351135246013,0.005205385853624119,0.004359732199503331,0.011552448986484342
153,0.057503862183672594,0.043877334711010026,0.02911133023048426,0.0026954935398596533,0.046578128368774806,0.023982467867209496,0.005708103966761619,0.11614594553807198,0.016876133466947392,0.11581927080945348,0.19019402417249712,0.023732220205389804,0.002772507640998501,0.04245402325278954,0.0143718736245137,0.08642788244686105,0.04467957469218281,0.08953310320305395,0.010214501835257635,0.03732221824421059
154,0.065411656268146,0.0774701315457678,0.002799340887788248,0.0025046734259158007,0.021964059273415482,0.06140489689341963,0.1297219139733653,0.027931081908008523,0.04230115119324464,0.010495584111382851,0.002799340887788248,0.056401534924326174,0.08480624582673264,0.0017958035883924607,0.019150311397865275,0.1044000568045828,0.05158094534884179,0.06702647196112708,0.04860132264755766,0.12143347713233159
155,0.07350438187176529,0.040209652280328946,0.04838605687570852,0.07054637009064975,0.013213318801938915,0.02224038570094965,0.03480581538071714,0.09009081001321988,0.042689068247698275,0.046881149068825914,0.08005307149847148,0.09815608252868908,0.05385050681544916,0.05440408426696022,0.020645810628029553,0.05496740621606589,0.07071328953543846,0.055244019005103985,0.025918433034572485,0.003480288139417144
156,0.037558343512560134,0.1081917147021447,0.008606159124034236,0.02561373691861275,0.007649919221363767,0.01660080439955518,0.008261912759072869,0.28687197080114124,0.015888293767447822,0.025896195253327207,0.1279532541760167,0.05901366256480619,0.0035611692927038233,0.007649919221363767,0.006012798214817004,0.0040499572348396415,0.05319432261098986,0.18419357351797946,0.0055823734858600465,0.007649919221363767
157,0.026709602895383287,0.028337910300992985,0.10678616521127889,0.42896230997743184,0.06021805938961009,0.03811785724067638,0.01926977900467523,0.020072686463203364,0.036236651913351285,0.010249882449295335,0.048174447511688076,0.04014537292640673,0.008451657458190891,0.03705726731668313,0.0065992393851627505,0.0109487380708382,0.016611878452306234,0.013164868970418124,0.02094541196160351,0.022940213100803842
158,0.13681073053521461,0.051933083288856284,0.010611453565001256,0.1981091661140978,0.011714229313275855,0.014998295506413755,0.011714229313275855,0.012365019830680068,0.0030833205854205593,0.0049460079322720275,0.06182509915340034,0.05136239006590182,0.007948941319722902,0.15408717019770543,0.003974470659861451,0.07595918747906814,0.12718306111556643,0.03729802368087381,0.006955323654757539,0.01712079668863394
159,0.03250708271796069,0.17819666136014198,0.0791985161600631,0.08485555302863902,0.03394222121145561,0.021723021575331597,0.061095998180620094,0.02117042244699352,0.044969109544901534,0.030369355820776062,0.06073871164155214,0.04287438468815445,0.005693367626423777,0.0740557553704486,0.018170503304459188,0.054029783592143714,0.060303171339071954,0.040730665453746734,0.02951497496648314,0.025860739970632846
160,0.007457947322856915,0.027967302460713425,0.025424820418830384,0.023306085383927852,0.021513309585164172,0.00586395361049871,0.015117460789574827,0.039953289229590606,0.08473853833057599,0.007788534139141965,0.029439265748119392,0.06991825615178357,0.012444402935843937,0.006348009605253137,0.49877797539634755,0.010358260170634603,0.015117460789574827,0.006905506780423069,0.011653042691963928,0.07990657845918123
161,0.016192002590049773,0.17841522592000988,0.023428261989496248,0.22878798327906757,0.017180725458963916,0.0033909326563744562,0.009544847477202172,0.00470881660739666,0.01613362124032682,0.003964782798222441,0.011204820951498206,0.01610693011777867,0.007954116092930183,0.01840792013460419,0.004601980033651049,0.16839181574788112,0.22965606548683687,0.006135973378201398,0.014317271215803264,0.021475906823704892
162,0.06749264998816173,0.059658681685964395,0.06893892105933662,0.053029939276412794,0.028957759681042042,0.022435743540020793,0.05471853138990636,0.05755241339264985,0.06628742409551598,0.07073675296389743,0.1690329314435658,0.03712095749348895,0.00996655739794714,0.07954490891461918,0.02699228122437358,0.04231112176309531,0.028225612840671325,0.030481842211124432,0.006628742409551599,0.019886227228654796
163,0.06329235514258716,0.014740475607112854,0.014572970202486569,0.0021809887377871057,0.00755614843248704,0.04329926932608079,0.1029103574792879,0.01760888951221998,0.13206109087215767,0.0288468933206624,0.07480791370609771,0.10686844815156817,0.0016192189113873972,0.07543655163640105,0.09509153182275613,0.09664996288791765,0.055592718027828815,0.01943062693664876,0.009715313468324379,0.03771827581820054
164,0.11435687835207245,0.13158957505535104,0.004624336487733267,0.005379146631745457,0.004971161724313261,0.0011914916718177208,0.004624336487733267,0.1135648177392456,0.004418810421611788,0.09014895735447856,0.0834443019409671,0.004519237931193874,0.0017597032652436324,0.0036823420180098236,0.0010356586925652626,0.04598324594989766,0.19937048278534117,0.17841762510951859,0.0026871144455747364,0.004230775935585754
165,0.003116428442835866,0.011150299596738817,0.008379729812958663,0.011090818870092346,0.003184857640831718,0.0033668557284208915,0.005900787469754573,0.1259769652577692,0.0068561425742389055,0.33912576074041667,0.35400083087396794,0.007251689261214228,0.00897799216259153,0.006284797359718997,0.0021555974863752725,0.0023866319087540496,0.0036969396233641166,0.0834538665798752,0.007251689261214228,0.006391319348866775
166,0.0685494466985265,0.056250264282045936,0.0675157122499927,0.07794300472032549,0.010311544659374193,0.06758079390822479,0.1015620970598181,0.002176330651281816,0.09051154495777283,0.0017447374663424403,0.015409380430849138,0.07878867899437722,0.0016262413411659027,0.07617157279486356,0.040629460508366674,0.06814314122123104,0.12333438710849352,0.0052532119168871415,0.010022575367745206,0.036475873662315805
167,0.13541237130028344,0.16281201181712673,0.005109900803784281,0.003044196223531061,0.016538354283637046,0.001067740466462387,0.013413489609933738,0.08940280478144318,0.00843284270073064,0.1069553128731947,0.12806126154128483,0.005723088900238395,0.003251755056953633,0.006220748804606952,0.012899223849635651,0.027025697584459087,0.132760897768661,0.11341187639443101,0.0031103744023034756,0.025346050837298746
168,0.15806890144302868,0.1174671668805505,0.010652659741618548,0.02163529480593079,0.008815994268925695,0.0017789258255887447,0.0067279956262854,0.10702206996230729,0.007519524523495447,0.24016882913184256,0.0414376969947215,0.006555482917919107,0.002345539759622433,0.006555482917919107,0.002778954715204839,0.0031957979224855643,0.011490509384217761,0.22921236913581822,0.007101773161079033,0.00946903088143871
169,0.0975418052568555,0.09137320226435167,0.07659224307453008,0.15031238326159027,0.014109097408466066,0.10059514359714684,0.04369268874879814,0.005940672593038344,0.01991872575312856,0.009406064938977377,0.011287277926772856,0.05643638963386426,0.0023515162347443447,0.07901094548740999,0.003901887546101695,0.12488052174301881,0.0798018708077436,0.026575070703588992,0.001569460550383715,0.00470303246948869
170,0.09781370321540629,0.059853480036353574,0.06613082982482925,0.04171196233514922,0.003705215430821888,0.06890321982165186,0.06519137714815625,0.05230892372925019,0.004359076977437515,0.00453699848672068,0.024701436205479252,0.08427643504773187,0.05861982621897315,0.084690638418786,0.0027930387632698005,0.0764598253055743,0.10278370912111945,0.06434328421379731,0.020584530171232712,0.01623248952825951
171,0.011439572070797334,0.01922890524561343,0.016292723858408326,0.01991332916027684,0.17921996244249155,0.003519047399858536,0.029869993740415258,0.05376598873274747,0.016292723858408326,0.005846606116780004,0.014148944403354598,0.015813526097866903,0.013441497183186869,0.015370269160871829,0.020013597066283074,0.0064007129443746985,0.008400935739491792,0.005659577761341839,0.4821079826259638,0.06325410439146761
172,0.0029450935593944402,0.011505761607972209,0.025103479871939362,0.015341015477296277,0.005940472821935461,0.004603293918747397,0.029992144768635397,0.03948469193241754,0.014533593610070157,0.49389706707706055,0.23650079242357985,0.016243428152431353,0.040724679722035195,0.009360619613265526,0.0032898855172456593,0.007266796805035078,0.0080040080751111,0.005311668637772769,0.01022734365153085,0.019724162756523788
173,0.09419729993297479,0.04302679807514457,0.11082989225032265,0.1139017352458402,0.002456312089060941,0.06033158756019627,0.05542923129277142,0.0025044750711993905,0.04435958112416279,0.025034690019279455,0.03684468133591412,0.10785939306632045,0.0009531957360534994,0.09583735948919142,0.03515401266141715,0.08494843913747599,0.06879847582928171,0.012553928622508165,0.00220221083846843,0.002776700622416716
174,0.009995920820202264,0.014160887828619873,0.012137903853102748,0.11857929801810915,0.013071588764879884,0.005280668627349477,0.020597655023447087,0.020121474570337645,0.30216635338641773,0.006068951926551374,0.022657420525791793,0.008333824270032927,0.006068951926551374,0.0466895591217904,0.3465962184047382,0.005394623934712334,0.007239526689937919,0.006935945058915857,0.01171935544437507,0.016183871804136996
175,0.016207951435741053,0.06250241027476494,0.007500289232971794,0.0064657665801480975,0.013393373630306772,0.02386515309225479,0.25569167839676565,0.005682037297705904,0.08121369404531094,0.007812801284345616,0.012560848120159196,0.14583895730778487,0.004261527973279429,0.011719201926518428,0.16722305640346635,0.0638444824866638,0.03676612369103821,0.024108072534552192,0.0064657665801480975,0.04687680770607371
176,0.012488437501416939,0.0315497368456849,0.029972250003400654,0.039963000004534205,0.03746531250425082,0.011100833334592837,0.01427250000161936,0.042817500004858074,0.016651250001889252,0.046977986630284324,0.024976875002833878,0.01537038461712854,0.5349166421152236,0.035363950302623924,0.008211575343397441,0.00668134976792087,0.012060195421123581,0.016651250001889252,0.027247500003091504,0.03526147059223607
177,0.13578327891717817,0.03453788513463889,0.04163048654621653,0.09142690531937012,0.03475240616031988,0.11884987148319087,0.07493487578318976,0.020495008761214288,0.0033304389236973216,0.06259641376133315,0.04238740448342046,0.03885512077646876,0.008260373169406211,0.0734993417643547,0.010018287268220504,0.08939599216240178,0.06952839312865035,0.0072132243734661745,0.0019598182295555177,0.04054447385370653
178,0.09626700248043732,0.0950052323614692,0.013195367143802835,0.1515683752945444,0.006350617136461845,0.0767803168592189,0.13249696661981758,0.008304653178450104,0.008996707609987612,0.001894043707365813,0.047982440586600596,0.10796049131985136,0.0019278659164259167,0.012456979767675153,0.0016357650199977478,0.1282688061331841,0.06572581620543345,0.023689686170969587,0.0059978050733250745,0.01349506141498142
179,0.008401634120165426,0.011158304133707934,0.01812984204877803,0.02649746145590635,0.30742028507499364,0.00615119640940683,0.022964466595118842,0.01642338185236522,0.01812984204877803,0.03299124896156262,0.03131518172061659,0.019137055495932365,0.013778679957071304,0.017223349946339127,0.009064921024389013,0.028592395839599133,0.008401634120165426,0.005472215285213186,0.38622057455427133,0.012526329355619443
180,0.1304421090750242,0.3803810770130697,0.012532673224855267,0.014203696321502637,0.01466636176121566,0.004445978014418173,0.017044435585803163,0.013745512569196101,0.011516510530948083,0.0058371354745901235,0.011516510530948083,0.025065346449710535,0.012532673224855267,0.020290994745003767,0.032017230147487204,0.031199368935796924,0.007609123029376413,0.16601093570045988,0.020862775895135424,0.06807955177060337
181,0.0072484795606186135,0.012943713501104665,0.011325749313466582,0.02588742700220933,0.020134665446162808,0.008236908591612059,0.015757564262214377,0.3229284587008649,0.030201998169244217,0.006589526873289649,0.0058277961677051975,0.010354970800883734,0.008629142334069776,0.02588742700220933,0.0061456376947725076,0.005845548032756946,0.004198314632231998,0.4347082141664131,0.02265149862693316,0.014496959121237225
182,0.01787977054883951,0.025746869590328895,0.03218358698791112,0.00659033091571986,0.027985727815574887,0.013136157954249435,0.02219557723304215,0.04291144931721482,0.5743155651713183,0.008147743541243322,0.018946237344769367,0.023031720628264488,0.006568078977124718,0.01346910968386888,0.0038796375209700826,0.012144749806758915,0.015229542741669985,0.0156993107258103,0.09195310567974607,0.027985727815574887
183,0.0012270220754652462,0.05695417318962944,0.01791067211036566,0.010902148241092143,0.02279540086773811,0.005117334888675904,0.0313436761931399,0.3857683223771066,0.011397700433869057,0.0692774212500944,0.05626013425497128,0.02279540086773811,0.007164268844146265,0.010447892064379969,0.005831381617328355,0.007835919048284977,0.007374982633679979,0.22362542395902288,0.025074940954511925,0.020895784128759937
184,0.005428831383033659,0.03528740398971878,0.02117244239383127,0.021172442393831273,0.03024634627690181,0.048119187258707445,0.10586221196915635,0.023524935993145858,0.015123173138450905,0.18863522176381947,0.17561020615704628,0.060492692553803636,0.0011794773407332974,0.12240081983645545,0.0022305383251871183,0.030984062039753076,0.019247674903482975,0.0064210301544025085,0.016286494149100977,0.07057480797943756
185,0.06929059573156647,0.21615982754141777,0.060629271265120646,0.08083902835349421,0.017356595660300036,0.004755236961970246,0.017322648932891614,0.03464529786578323,0.02204700773277114,0.010544221089586197,0.060629271265120646,0.24251708506048253,0.006554515812445473,0.03464529786578323,0.0008594820409850199,0.05114096373419762,0.01154843262192774,0.048503417012096504,0.007144362810434542,0.0028674406416248992
186,0.020409386959335394,0.040818773918670795,0.0816375478373416,0.027212515945780533,0.06531003826987326,0.011662506833905942,0.02968638103176058,0.0816375478373416,0.040818773918670795,0.003831691526102125,0.06531003826987326,0.03628335459437404,0.2907562087928079,0.025225310758106485,0.011270973601198277,0.0033010585974500403,0.02629144649252455,0.02968638103176058,0.054425031891561074,0.054425031891561074
187,0.03829387267409908,0.0024666395989669135,0.010443783456572478,0.028720404505574313,0.022842331792786427,0.03829387267409908,0.0028905901018665943,0.11488161802229724,0.11488161802229724,0.017674095080353423,0.07658774534819816,0.020933558166084634,0.028720404505574313,0.11488161802229724,0.02297632360445945,0.026125988323835524,0.025529248449399387,0.011488161802229726,0.07658774534819816,0.20478038050081077
188,0.04246667047433789,0.027549642909916607,0.01878384743857951,0.029517474546339222,0.024308508449926422,0.011806989818535693,0.08264892872974985,0.005266254261257011,0.01652978574594997,0.008264892872974985,0.03756769487715902,0.019678316364226154,0.012924734335836992,0.024308508449926422,0.011479017879131925,0.16520048200580653,0.36841546269069675,0.009839158182113077,0.05165558045609365,0.03178804951144224
189,0.07715235746152678,0.1427316391770543,0.016790580262537946,0.010978456325505578,0.023786655371928752,0.11529264212413139,0.010978456325505578,0.016843731094953105,0.014271993223157255,0.005097140436841876,0.015857770247952502,0.06055376846337173,0.06009260304487263,0.013592374498245005,0.002308425639602456,0.2546652549539405,0.12701357329224494,0.005007716920406052,0.010194280873683752,0.016790580262537946
190,0.049362394511249345,0.08086315546244437,0.029521469454543182,0.023617175563634546,0.0073803673636357965,0.04223841014265408,0.08856440836362955,0.02735894926809825,0.06326029168830682,0.07970796752726658,0.06088803074999531,0.04954024023529096,0.04402001353450647,0.09742084919999253,0.0475553146541141,0.04249288204284787,0.07883405370700512,0.07999365916714928,0.004217352779220454,0.003163014584415341
191,0.24374126094477533,0.21556064923933962,0.008622425969573586,0.010921739561459878,0.009101449634549898,0.019385468459306162,0.016382609342189818,0.035538761657497454,0.0065671896008499256,0.08708247966194609,0.14595073520038918,0.008622425969573586,0.005119565419434317,0.00744664061008628,0.0027415072604962004,0.05925624655685678,0.08734102641218276,0.014069728254856959,0.00744664061008628,0.009101449634549898
192,0.012473711536479607,0.03628716083339523,0.0798317538334695,0.01814358041669761,0.03326323076394562,0.007127835163702632,0.03383900098545935,0.1341824463393361,0.01900756043654035,0.04885604535214258,0.35611536308780606,0.03326323076394562,0.008677364547116248,0.015966350766693897,0.004387634504261011,0.007391829058654582,0.019492783566541643,0.04853504113394839,0.01663161538197281,0.06652646152789125
193,0.011789570629094501,0.021156069630680643,0.06428420899414064,0.47125274872896944,0.03305635879793851,0.011594263541021296,0.031111867103942124,0.03526011605113441,0.018982749162482455,0.013561583096590156,0.033056358797938515,0.031111867103942124,0.014294641642351787,0.031162521846714236,0.01079391307687788,0.014294641642351788,0.01079391307687788,0.08073740398746644,0.0264450870383508,0.03526011605113441
194,0.09690681641868593,0.04951817921968846,0.007074025602812638,0.039791394015821074,0.10611038404218957,0.0025880581473704772,0.055361939500272815,0.01741185823570991,0.037450723779596316,0.04800231659051433,0.10237869601977008,0.009599739958456008,0.0011828589048342975,0.13263798005273694,0.04095488506891528,0.06779285511865187,0.09445396075454521,0.047160170685417585,0.011790042671354398,0.03183311521265686
195,0.008299459538821621,0.023815840415749,0.009609900518635561,0.008299459538821621,0.06847054119527836,0.0037262879562056264,0.01217254065693838,0.19666495352159705,0.008705501496548909,0.22944814574505312,0.16260712975102848,0.014045239219544281,0.005071891940390991,0.020287567761563964,0.0065502686164162355,0.0049348137798398825,0.0014490769675772155,0.1834079671295948,0.009609900518635561,0.022823513731759455
196,0.05084065683940231,0.10291998948856644,0.2520136014875998,0.10914169436917914,0.05555340341712394,0.015953492962384443,0.03333204205027436,0.006789860417648479,0.0017628259299281445,0.05904889846359465,0.05237892322185972,0.03594631985813901,0.001880269038733425,0.10755138901555196,0.0014047987070996855,0.0777749122916081,0.0025461976566181804,0.0012483808217401522,0.013579720835296964,0.0183326231276509
197,0.01375395558211996,0.0150433889179437,0.008596222238824973,0.009627768907483968,0.03282193945733171,0.00264632102916427,0.004813884453741984,0.0854076274050997,0.2786985736376938,0.11819317185766635,0.023557538545489583,0.021881292971554472,0.002336837113466983,0.08508432373757023,0.21506261232480395,0.004813884453741984,0.004298111119412486,0.04521983713270594,0.009627768907483968,0.01851494020669994
198,0.006619609538657235,0.0553640070505878,0.016916779932124048,0.01384100176264695,0.18270122326693972,0.002956330473575076,0.01323921907731447,0.0179118846340137,0.011711616876085879,0.27177596393051695,0.2252400681520807,0.019031377423639556,0.022840062663590954,0.015682407206293863,0.0021157713686863044,0.003625024271169439,0.006619609538657235,0.016735779036351713,0.05535460656512501,0.03971765723194341
199,0.030224707058854706,0.21976573953630016,0.0016445055339451026,0.0027627692970277726,0.0027627692970277726,0.0018923077376902559,0.012280527997857659,0.21825877446519407,0.006915469962515669,0.059322848539571496,0.06906923242569435,0.002093007043202858,0.0007511561533266897,0.06149626340520341,0.014408118298179267,0.045116026608197364,0.12794792236235178,0.11860384886048488,0.0023023077475231445,0.0023816976698515283
200,0.004396382780667636,0.007685655194164852,0.013508885271506009,0.01401865452703454,0.01160919828020048,0.01576844413529907,0.15428948985285149,0.01401865452703454,0.013267655177371974,0.0028037309054069082,0.016510859776285126,0.01401865452703454,0.0028686822005128594,0.011430595229735857,0.6676867595304652,0.0034082049996918837,0.004396382780667636,0.005715297614867928,0.01061412414189758,0.011983688547303719
201,0.06116509332800401,0.013631167437180057,0.006110523333908301,0.00478932909954975,0.007088207067333629,0.0006873759831918673,0.0805478075833367,0.04556704543285905,0.28097298448034325,0.03612921078009859,0.07136364257548182,0.02126462120200089,0.002109585436706437,0.07517795374444759,0.15823312633149691,0.044427131799506143,0.03101260723622627,0.027424610677183683,0.015421292977493357,0.016876683493651495
202,0.003254541051031042,0.012846872569859374,0.00788016201312532,0.008416916511287178,0.21839683368760937,0.00678029385631467,0.21794345885972874,0.011623360896539434,0.011623360896539434,0.002976714375943026,0.009388099185666465,0.02712117542525869,0.006450640088928878,0.004614075272066453,0.053388881631510815,0.004208458255643588,0.00460548261938355,0.0038139152941770024,0.21696940340206944,0.16769735410731745
203,0.008234077804220936,0.02913566905262499,0.02330853524209999,0.006329823892067974,0.036802950382263146,0.6257022328864295,0.02797024229051999,0.03884755873683332,0.02913566905262499,0.009081247496922075,0.022556647008483866,0.02330853524209999,0.013710903083588234,0.02797024229051999,0.01304511754523358,0.007135265890438773,0.01553902349473333,0.007602752228202927,0.012731754590623619,0.021851751789468743
204,0.010108984686797154,0.020483615773811643,0.02560451971726456,0.009970732861820337,0.02987193967014198,0.6402930145191734,0.01886648821272125,0.0377329764254425,0.02472160524425543,0.008240535081418476,0.02472160524425543,0.023897551736113583,0.007626878213653271,0.031170719655800327,0.007469466483686791,0.008434430024510676,0.013787049078527066,0.010241807886905822,0.015585359827900163,0.031170719655800327
205,0.4036353453819925,0.06667729179157977,0.0028074649175402018,0.003927355504005662,0.002667091671663191,0.047376882806959675,0.0016164191949473883,0.0022225763930526594,0.002133673337330553,0.0007018662293850504,0.0019050654797594224,0.0022225763930526594,0.0007208355869359976,0.0024246287924210826,0.003555497540601851,0.07057247551112407,0.3787270173761731,0.0027265801722139073,0.0014037324587701005,0.001975623460491253
206,0.002446006272749487,0.004945186594906573,0.004945186594906573,0.009478274306904262,0.11807082898169531,0.0032496940480814616,0.003922044540787971,0.31465132950176145,0.006318849537936176,0.20302634148963403,0.22747858336570234,0.00505507963034894,0.001338109313915896,0.00505507963034894,0.002086959480419287,0.0018363511713172167,0.0022977634683404276,0.07343698872853471,0.004945186594906573,0.005416156746802436
