site,A,C,D,E,F,G,H,I,K,L,M,N,P,Q,R,S,T,V,W,Y
111,0.01663614708196671,0.25822481030433875,0.032824951864529626,0.47889002733334207,0.008043840777729615,0.013000057534895878,0.010009884121757887,0.007543153737767276,0.05657798469744666,0.0032865104180517662,0.007849686623508092,0.011629442137981335,0.007024653801522102,0.008189138954871642,0.0040391087941799115,0.04958361188445442,0.006579559997562432,0.006169686579659351,0.007251347691502695,0.006646395662931817
112,0.06262825030568683,0.07448836939175044,0.0997848498374031,0.11400705822659311,0.003955579469438886,0.020217160816985262,0.021759448528908296,0.03361396200857334,0.04863318222230155,0.05291490084713886,0.06399909911630033,0.07523504189606918,0.03028899492632538,0.05580641884020822,0.03783529833080534,0.08530016945858195,0.06570638728741496,0.042442164679510556,0.0030082069641767335,0.008375456845827663
113,0.006466661879526393,0.021892050950374182,0.01066435595157506,0.011427174042146692,0.01219676918741456,0.00399022318392122,0.009605531298815802,0.011491501372023814,0.010919925855763176,0.03668941789345093,0.012604675651162748,0.01062645022292177,0.7659582109915433,0.010559764674216546,0.008889364262941731,0.01988292916845801,0.0043556108115808834,0.010558627450901602,0.010304869318180128,0.010915885833081495
114,0.06091096886600211,0.07046487564935842,0.006933361576186952,0.015456747028559743,0.06040397870716662,0.00341292823004801,0.02462966414604901,0.06855122343129745,0.04372409323542418,0.12300630716471007,0.1425137579398763,0.0429127190498789,0.002439002815421442,0.0434878926006722,0.022219160206563754,0.07319951766694323,0.07686945458617034,0.05548540776931138,0.028545129988864278,0.034833809341495645
115,0.07222873299152127,0.0996917391386131,0.00529383449634431,0.0037648343815457615,0.04274043128513974,0.06816174532352225,0.037466244922488304,0.04887277068286985,0.015298877707733544,0.08988141257721613,0.05454434897567353,0.0972706235310256,0.0456870387058369,0.07060136791204165,0.04118396600767125,0.03390761184395435,0.03321741234018785,0.07420680849323362,0.01915397518474377,0.04682622349863721
116,0.011917650902330235,0.09670046637570863,0.010140790195646244,0.008688528833891474,0.01824036779814809,0.004629823734180043,0.05749554066343518,0.07438620992152295,0.007592352507896013,0.0044877872245824,0.0781757464591685,0.012384234923067162,0.009706591175613016,0.08619935739154888,0.01614542442315178,0.00906992224617119,0.16982375403716715,0.17324612366118075,0.1368323355929634,0.014136991932626915
117,0.015225946601594584,0.06517711307273431,0.00866845709123242,0.16441493061831447,0.013746677660331046,0.002893395315856362,0.02194749256217794,0.01489058777401184,0.06418098487882914,0.03646600833882492,0.012218193641009812,0.10832545670523955,0.008935865300627214,0.2675470062185057,0.0795888415097755,0.053418592080521486,0.03029046067543645,0.01098614884424334,0.006707768107295827,0.014370073003438063
118,0.022109997729947265,0.0357131475001401,0.026578492362560883,0.018339521294570386,0.02366601802659037,0.02318997442271332,0.011426878161010526,0.01069600299851432,0.016656067919236073,0.008074681928981045,0.014229381168937467,0.050075438032456746,0.009624158060393587,0.024247611230256677,0.009842155620529133,0.4885251606651066,0.17371280191149296,0.0046505506355403875,0.010910541842191075,0.017731418488831124
119,0.011305145453170521,0.04651371799624878,0.022738735601725988,0.01603876690902601,0.031259476038196246,0.008221214641773882,0.03366429447313296,0.020098170968317494,0.01405288974288643,0.006187751243632708,0.02147242573847254,0.04266935771170829,0.010475129677593975,0.02052496589187528,0.012261017503298314,0.01658798814264425,0.026214911637668807,0.008446233789829007,0.014161467905181035,0.6171063389336174
120,0.016248583093052976,0.021387662649051,0.01787522902816746,0.045453252146555156,0.02343950254846879,0.6475479586998566,0.023383260158559897,0.019175071072325876,0.019282266333497874,0.007242396150396341,0.01843257089957342,0.01852144141587399,0.010528009646044344,0.01509414815976509,0.03157331600682588,0.008791136171287444,0.010500033747014395,0.012616919356898706,0.014267499182129538,0.01863974353465531
121,0.01041850617864464,0.024564642604596714,0.018830959513817355,0.013126105018777378,0.05641417841812601,0.006242188509989052,0.11595347923654861,0.017143731677870647,0.024993538859601636,0.007323631704261181,0.018927953745775432,0.012904660613168173,0.009481794200787453,0.01733455642873337,0.028592555396165863,0.0058023770181585025,0.012678617415349034,0.006127430473651605,0.47107680054719314,0.12206229243878415
122,0.012873798637465683,0.01777160016052937,0.042351748731466896,0.012599265107931946,0.018778059800730437,0.005356045606537279,0.019347672955399048,0.0428708396541799,0.015451440498167952,0.009510418008927502,0.020558387790403677,0.5920645536646635,0.01403257573433217,0.023620949441338714,0.0068113700449972895,0.023521550045404727,0.02820164840579254,0.008907256221363692,0.013563873405634183,0.0718069460847336
123,0.04665958863544057,0.2041710619205167,0.014871817938505984,0.013099665902326694,0.011130958734492038,0.007319369410952606,0.012987277280612941,0.4129277767728441,0.008724484415294356,0.050981489364560525,0.03197955768905866,0.01141554570017671,0.008745717161611958,0.011213025393767876,0.01021776331131377,0.005352845158434962,0.025283534438128617,0.08895070447694625,0.013186138709243074,0.01078167758577158
124,0.034867014196479765,0.214446252497327,0.00717046526026009,0.004267851810315081,0.013434303605917979,0.001823941274787278,0.008014842016059356,0.2045207930476288,0.006889733973133214,0.02830883367462476,0.044557871547707927,0.005965558560910393,0.0037660537895556124,0.0059252365547867985,0.0019939206247409575,0.0024735982791271485,0.11319488453619303,0.28596369206695454,0.004969314500863148,0.007445838182627121
125,0.020954933056039488,0.022807099715976976,0.007959601105226843,0.005465720562105756,0.009174157079733953,0.044018715376799696,0.030133851734363663,0.00797649726770836,0.310555839696865,0.005008205534545349,0.007376818385321599,0.0060913984181962325,0.004852865210814344,0.07548524723531971,0.32180899457047096,0.0674084899819145,0.024949546399973623,0.003811447199215506,0.006578436971412247,0.01758213449799615
126,0.004796489098324163,0.14342191472324878,0.010586386427063851,0.009226200198640854,0.026253125266131497,0.0027526093540653834,0.02415191971658556,0.03312984109716587,0.011360179294547577,0.3289331536635915,0.27001042306258044,0.009129566491265005,0.013890395033457742,0.011010864808024049,0.005165905113483242,0.005365934655573307,0.017054949912364496,0.040213259698110196,0.008859147386163477,0.02468773499961296
127,0.06227211587952532,0.02746316487699886,0.007423640978826519,0.021545237055816603,0.016283004697463598,0.03023925165545803,0.03094222390637558,0.05645351279296018,0.17404410975968732,0.01870382658720542,0.029248871092501526,0.08606280032456864,0.004012368477108201,0.0774010030348129,0.15006609731130557,0.06773417601915992,0.04295696488675802,0.04586757890445906,0.035838457274477126,0.015441594484531657
128,0.07986576933674423,0.054160422259115944,0.05350439669377358,0.0310184095316734,0.005110127314382329,0.09919135881606865,0.00795507411895725,0.004491206711094359,0.028895517535612168,0.0069176862462906495,0.027251755274627868,0.09606609599798187,0.05500020697394677,0.10102706304551944,0.056253397244580366,0.09741392294256797,0.14666440272226158,0.041286582846352816,0.0033789329524338287,0.004547671436014942
129,0.07058417594533693,0.08910231801153425,0.0634282349666429,0.03874367011350839,0.0037726013092179577,0.09201623049961039,0.07327305910314785,0.007268654696937683,0.11521347619609149,0.012918865071573265,0.015468821703233968,0.08081011088448849,0.07032731159304685,0.07213015579866522,0.07878502607611365,0.07082248613074826,0.01378149879001337,0.00439460029074043,0.0020669099426931987,0.025091792876655465
130,0.060736844364831004,0.0607918189593997,0.008415126638954433,0.03610246749267715,0.046297363339248845,0.00106983864506191,0.07656905745226875,0.14577915886911663,0.03750832354422073,0.06239360697726578,0.07340827834649545,0.013571935032402078,0.0019387115754790304,0.036108799856213736,0.03742210016764877,0.04047159192549179,0.09511113961373845,0.09801602363661775,0.034486145652734834,0.03380166791013315
131,0.015360758812149837,0.011783638837644874,0.6252596623985294,0.04125194398876583,0.022172917053842063,0.01517421876169758,0.02150997944042661,0.02205025654740786,0.016878871814941503,0.008573171407978253,0.02011259347383604,0.07149722542561053,0.00793869461507881,0.016167459349845807,0.006688392071063535,0.005838685457298055,0.011739933414977765,0.016724244463371236,0.02336524967589141,0.019912102989643087
132,0.11502702891880938,0.20583445021537072,0.00771645421173444,0.007102895649535665,0.014422423099453269,0.0011228383230217818,0.010820556779659969,0.19632918050532525,0.008783016343540567,0.09458146028840761,0.0340447332136523,0.00953454115134981,0.0037969675293323653,0.013996031854733599,0.0024521297099713035,0.006825700219181372,0.05230139356383404,0.1978673495197774,0.007025834314874689,0.01041501458843444
133,0.02138951138113137,0.03028660835999188,0.010542940819544839,0.024645918047795083,0.1405865880905239,0.006858206462444204,0.07526627802534812,0.048855110681042396,0.003675055207695803,0.09417856285194676,0.09173655105023841,0.09743103699220515,0.0028148110593807984,0.05924979188322188,0.001660766575363969,0.02036172922558192,0.07453825236706055,0.01684033377818261,0.0595760554670794,0.11950589167422099
134,0.047472126327420414,0.02671252793260277,0.005451993756370632,0.01361507039601934,0.0705068976833905,0.021371775987736003,0.18256450267222768,0.006826077851235999,0.033497578349872686,0.02079591331901893,0.03302524420559937,0.06642098840098398,0.007145863693640936,0.07261824471382393,0.13420886963551126,0.06086507143254712,0.04346743138173281,0.036049690261285836,0.027613922972939804,0.08977020902603997
135,0.0721668860630922,0.10476042775912642,0.0062868689010568924,0.008148271183855183,0.0745274483416524,0.0011200245504344036,0.05129908808645206,0.06842024440383185,0.049337980083862525,0.06906485641337497,0.09266018393365077,0.015832306415269188,0.0021243230515787053,0.14472564697808066,0.03945423766974206,0.06521402354652771,0.0504519380705812,0.03490975793899964,0.006491971893130591,0.043003514715700554
136,0.13932593864934206,0.07767760764400035,0.01087213928648127,0.010935669353917305,0.020969951010209677,0.11382912378092319,0.214097910477076,0.016866258611986394,0.009523522497199136,0.016177426163339555,0.011186361246085958,0.03144201333858503,0.0802744472059295,0.02087475937742613,0.0028678114161116972,0.07952659241380486,0.024470195481114575,0.015981750303997552,0.027969030426936003,0.07513149131553376
137,0.09636306353343267,0.06497756310127976,0.026008984602550363,0.007991958341202815,0.03564490170693904,0.009987681207845753,0.013931765808273659,0.04151123133927131,0.03799578822360802,0.05734419476057367,0.04862579450776584,0.026587278266970306,0.05535049033380343,0.018718185691460592,0.05154665975292985,0.14090197975103588,0.1709180687801812,0.023998428032023875,0.039896975994873934,0.03169900626397805
138,0.04731347113584784,0.03985453179722924,0.026135428181495873,0.23416753794537404,0.02678076834972427,0.10025032484381081,0.01757265187435965,0.07684392150718816,0.034304713985305005,0.03149153183747378,0.021674137150970007,0.04379207404051093,0.009488852487873246,0.11608000345144492,0.004163526972118221,0.025305756225187662,0.024350784924147276,0.0603531369846893,0.008343363436189959,0.05173348286905982
139,0.05676275931472244,0.03897965244540276,0.0018676200532823284,0.0011370852020981127,0.029037378218610434,0.08833672060956449,0.021557464004436803,0.04337157935207713,0.05163947336800467,0.034840052211950086,0.06800633637744341,0.08234815046828414,0.04973305290592408,0.0657816719445444,0.11143940668313382,0.09736074990589681,0.0754794674595234,0.03218009703776186,0.00645658311273741,0.04368469932460141
140,0.05964776117928943,0.11634512550583168,0.0060763400791052,0.007360016521442648,0.009934177765183426,0.0034173544787438315,0.14931462916680222,0.021200730423388502,0.012059389496731346,0.1347386776356708,0.07151812868689543,0.011436650152107559,0.0048070584744661984,0.014636459548099834,0.008858387546480415,0.08739820029410271,0.050963516131071494,0.21538607392832768,0.008406177911438207,0.006495145074821393
141,0.019629544373174487,0.016811856378921474,0.5553860206835345,0.06837374117759062,0.01587423552164874,0.024255742928913793,0.01628659016357235,0.017373722514869176,0.020557162069775228,0.009586903699355253,0.021514058155411946,0.06402004152497275,0.008745036929728769,0.022141331999584804,0.011426563476153936,0.008571492262377352,0.013145647356880017,0.027970936626045717,0.018370753986219283,0.03995861817126987
142,0.022598797927956764,0.10571615475139778,0.012053109324391466,0.022442785686605102,0.020889934748453153,0.008159719810197532,0.020309040804450455,0.03364310737757462,0.01445510425010692,0.00740328480102983,0.02468561932558841,0.014845346582164746,0.023595539366373406,0.02177191421490561,0.008850144800545424,0.013897736790443713,0.413315355919191,0.16087308132777056,0.02882515394320397,0.021669068247649505
143,0.007295699280479412,0.016150568665073094,0.018230337356646472,0.013821363811227037,0.18080463596317267,0.015494645417014206,0.01949488928499236,0.07438036145410046,0.015905882441924608,0.29768897296072444,0.0130949231013861,0.013730459421824583,0.012456734025093511,0.04036970468290639,0.009205970160737502,0.007396370460184389,0.01210345132470116,0.1983796337485196,0.014247297978921018,0.01974809846037091
144,0.0035631093036065805,0.0063495404735660855,0.009112017386526075,0.008346743093512406,0.28314870531848774,0.0032019033060268613,0.022102300214553405,0.17280971938243572,0.009128437562384755,0.2740898380355311,0.08946372668174256,0.012361522005522724,0.013567792580400988,0.04697001107561839,0.004958699393743575,0.0032955343490567507,0.006399883661283653,0.012872198369578714,0.005004920632390698,0.013253397174031244
145,0.14414410765522143,0.34189501110477033,0.010000364834808241,0.0096436987045477,0.019169117955340723,0.003468306060427156,0.011322847657168551,0.010305376375697289,0.010287476027046943,0.004274140635774089,0.00923903826517247,0.016275195961335445,0.006180360847692146,0.013246599630183204,0.01395053762982861,0.0892570392276938,0.007768407853955239,0.23973724166444121,0.019899651633802994,0.019935480275092402
146,0.020276837551838813,0.014592441249086081,0.6029219659330673,0.01841747954266041,0.019784981383349037,0.021733642678000625,0.04124613108105212,0.026203094914228894,0.03087858653234266,0.00992024772815904,0.022197287746971335,0.04788864989340116,0.013607289019793344,0.025645395989057296,0.0072487057606285535,0.006581766396617082,0.015014193192671405,0.0242514316576644,0.010780980658284636,0.02080889109112575
147,0.0038075036840415593,0.006880954859762052,0.007608915534506846,0.005767993463411905,0.01009891606593254,0.0026781640211046296,0.008030139892081907,0.1956280449128521,0.0068473532379599985,0.2488191226536001,0.30258800952510795,0.012229732932753154,0.0041726895118856504,0.007308251560494837,0.002078724767199601,0.008323792506842747,0.01244523363969877,0.1425424074322771,0.004967976543979499,0.007176073254507068
148,0.011088577649410021,0.013446005869922815,0.045103596231635484,0.015548004542042936,0.011650481402171568,0.7313519923396691,0.0158986580108073,0.01514481108736777,0.01581344134488892,0.0046900620108924615,0.013523226383984144,0.012181203706579265,0.009271029157161352,0.014867462534996661,0.008113440649903176,0.021852053768744505,0.009985139366814128,0.005801180766180923,0.010116553322822238,0.01455307985400529
149,0.013967608642329406,0.01212166651983228,0.018172783420253642,0.7474373196053589,0.013307367121957821,0.027697344432486795,0.018454535925759102,0.01257931020980687,0.030785828846374194,0.00410350263590808,0.011030817595219919,0.01762387671147848,0.00791093188409975,0.011510124813778683,0.004687872855610032,0.005023670003855957,0.00724085664176052,0.014402022709599532,0.007946510634905259,0.013996048789624677
150,0.09081336330240831,0.05633562191508475,0.043206573229370875,0.05614061525668743,0.0025958470813024215,0.07550774850382987,0.08381571340576759,0.009137768312125882,0.05967753130037364,0.01966715749953868,0.03151134969389807,0.10046763772430313,0.007315628045467199,0.05454357984351692,0.038219057665381154,0.12075307845407982,0.08648284900285631,0.05660344334839235,0.0017627474238764108,0.005442688991739186
151,0.2757341784491742,0.12183185123890025,0.006530172160646873,0.005694436106121036,0.007110538930120161,0.20411545188428604,0.0062330728510127265,0.007563282889181087,0.006640553554221505,0.020260449404315744,0.035454454935002544,0.008222838462692467,0.01655181635218334,0.0093603185244266,0.0021623822850159345,0.24064550840012308,0.00829225766723852,0.007197899517898307,0.004554702293794246,0.0058438340936453476
152,0.09770400030141851,0.06611264343647792,0.00619710067619647,0.005384511688313906,0.06066458499734697,0.10642352113990691,0.05011288248009142,0.004326638414449075,0.009580095411287935,0.0031499730850638023,0.01099397954106317,0.11595427267323212,0.1114982289754993,0.05328682289347497,0.0018358153686899605,0.16516187918190023,0.10316061181990803,0.008271386012719895,0.004065100446865085,0.01611595145609429
153,0.05781755952871676,0.04537873954375,0.03266171753000963,0.0026840010088768984,0.04846395402104525,0.02384485477890841,0.011378914013041764,0.110448154099467,0.021119397867837886,0.11511971967600644,0.17008740297852792,0.022676590193762006,0.002690761936489354,0.04469750912259441,0.014788044992650467,0.08761860175604513,0.04560225341042187,0.09112039009270446,0.013114376879358331,0.038687056569786
154,0.0650641945408688,0.07907607769766826,0.0026171521044898293,0.00550909713093887,0.023450719450753815,0.060281539073387395,0.12449708216423797,0.028674839133724792,0.04341699266582953,0.011053244288175066,0.005551647503145628,0.05803071864465805,0.08442481177399512,0.0035867372661103816,0.020205886268090636,0.10125247689488236,0.05131779310157548,0.06752439156213659,0.05041295145234943,0.11405164728298198
155,0.07315467061367226,0.04014580405184129,0.04583273102387363,0.07011242579902002,0.015911633998175304,0.02137639056978147,0.03712836726064074,0.08856178152993747,0.0432965601292993,0.04701272980453336,0.07827061156892695,0.09321761781978705,0.05273318220338274,0.05447908553175589,0.02114514297061183,0.0547340784549343,0.07269376938485116,0.056187774842871636,0.026857813824655023,0.007147828617448593
156,0.03671702979548408,0.10586413506255096,0.008324151523638622,0.02866884165555197,0.016163957929495414,0.020388387689318846,0.01658907606706211,0.23429989430154274,0.013830356956723858,0.030062817873175145,0.10522701467584852,0.06425712305752124,0.0039578120137293985,0.008151768400833294,0.01263422613229584,0.0040345826616386225,0.05899986784544877,0.20984156903987342,0.006574582250409636,0.015412805067857513
157,0.036750417018827045,0.022341177369207595,0.05564971248464658,0.5408087621959347,0.029973776007032472,0.04090842828779052,0.01771055087954926,0.01822390731062273,0.044312704861216634,0.011416240439605891,0.026839992815660258,0.022658103084162717,0.00956684078419989,0.02362163750622481,0.007202007473413009,0.011859685982807604,0.014156844949622294,0.03061683059111224,0.016556504067216506,0.0188258758911473
158,0.12191080368005527,0.05134154702715332,0.013629986794435904,0.201928271227668,0.009117212732903265,0.021709316785473793,0.02169561907636679,0.01200968193490271,0.013883434417901548,0.004277690283798508,0.06278315664259262,0.05322108166017229,0.007839622632345323,0.13947316099162185,0.003992725976704384,0.07254847349085887,0.11804828060019522,0.034247533834427746,0.005931450867456507,0.030410949342966127
159,0.032322802534799154,0.14554055168864982,0.08119719600982017,0.07891634156777613,0.04005330197768965,0.02350601879042911,0.06228587562157943,0.021229718569150628,0.04533810732904682,0.032448364403772995,0.062412201183020065,0.047106289449639245,0.009135196250298527,0.07676491346653938,0.020145365095371112,0.05178476195921459,0.06168855257418618,0.04543993129983062,0.03214606160182292,0.030538448627363487
160,0.007654648874537771,0.020556356271259003,0.021221610400768098,0.017723117917899246,0.01638956894906588,0.013758178971018512,0.01233012731577115,0.026495240332738382,0.06720848103200075,0.014877446456048724,0.020694400125596275,0.06049605519974191,0.011657054523471447,0.03621230834731692,0.573643602801605,0.009805016028466855,0.013797369817268779,0.006683337107901717,0.010922751891302816,0.03787332763622078
161,0.02509465395390285,0.1656538212281934,0.02084564335435027,0.04898905677394031,0.018658619239828905,0.0046971069036660625,0.010164812980136172,0.033579967801365976,0.017808983194196697,0.005317882418447512,0.013078585203533163,0.017282073887773204,0.023271512214725263,0.018483462666365583,0.006415066445400146,0.18721333194651502,0.34178235046191513,0.006943042448462394,0.014887382816970973,0.019832644060310944
162,0.07003164772368103,0.06079961927295922,0.06843777524916256,0.05904673929430147,0.02869950856679669,0.024441293993959334,0.05371431492267763,0.05718801342008487,0.06346438272427954,0.0722111592764321,0.13214347252175654,0.0425253044791092,0.013077534749567533,0.0784533079120434,0.027986339378742457,0.04416091301584002,0.03188284119073545,0.031683671763157416,0.014235693175078072,0.025816467369635495
163,0.0652726545369454,0.017454984898224397,0.017003713425936092,0.0021378717579538815,0.014304937053555242,0.042849430145426845,0.09938273191133132,0.019769571835875445,0.12105152055750495,0.030844547786568102,0.07147617342199893,0.10272470507485568,0.0016578955171982707,0.074563726572486,0.09596954870440032,0.09456792221739914,0.05480051757851411,0.02172710276775849,0.012936722918603977,0.03950372131746339
164,0.1139581382222994,0.12915470627161016,0.004228387674057081,0.009998973453869596,0.005194344264102202,0.0024312851231576226,0.004767982538008196,0.10961429252507453,0.004111294938048781,0.09195236287072125,0.0811391973346018,0.004440193746972045,0.0018310307107027263,0.0035739378674956284,0.0010931949065422907,0.04719550383501627,0.19469429587067763,0.18386943108093862,0.0027324695252806085,0.0040189772408235
165,0.0031817115325924006,0.018289876098524796,0.007973619270940941,0.010160712427993159,0.02009106887115943,0.0036123528935378298,0.01669300953021292,0.11419561065031078,0.006579083612260192,0.35913239160876315,0.2999282170263312,0.006880590056451773,0.01836903330292584,0.00574364697711778,0.0035788080417630814,0.0024533436831337655,0.003859824967605074,0.08603394204236052,0.006688785591306447,0.006554371814708905
166,0.06751495756092522,0.05793809907793607,0.06753367385867039,0.07668391726293004,0.014623456882178698,0.06797490141005345,0.09373830278458936,0.0022392148342881024,0.08651352914031903,0.0025495554749978546,0.01736654232401006,0.07838866015835624,0.005408245849282877,0.07464430576764902,0.040769492208256125,0.06802762866798966,0.12118253797564475,0.006185184226111799,0.01195894149438934,0.03875885304142191
167,0.1342362322501032,0.1461832128616655,0.004893909750990894,0.002682146654403347,0.02141380005092569,0.0017105280351376506,0.017226479913364266,0.08349686212762326,0.015038210432695188,0.10709320095205971,0.13023737222379672,0.00610539426967555,0.0031170398642007932,0.009583484570330498,0.013948698700937701,0.028342140694493253,0.12987186066880368,0.11113911264391495,0.0032885215161633638,0.030391791818714785
168,0.15693236773273114,0.11213358666417539,0.008832550901007562,0.027832731607864123,0.008653914573074874,0.005436693671295595,0.006147930828515548,0.1039826105191406,0.007112265189146734,0.2344376370591461,0.03715571607339023,0.0061604226922557384,0.0022102592796066976,0.0066876697077990765,0.0027390105578495474,0.0035000755095818646,0.01490377934294299,0.23993502332453454,0.006312387520974052,0.008893367244967608
169,0.09637685125172275,0.08771071904015153,0.07299539463938377,0.1449657255607927,0.012802049468326521,0.10099139381386187,0.044879329586104064,0.005659614378374281,0.023720351223631496,0.011073149368403028,0.01601394536170813,0.05657909068323382,0.002514720338942467,0.07617634059911427,0.00702547429336161,0.11839598197925591,0.07950930881156651,0.027878816267917546,0.0053878390971520305,0.009343904236995737
170,0.09633373207680795,0.05834099559581757,0.065358323338877,0.043053427501215664,0.003570193116548751,0.06707830432096727,0.06470073685715555,0.05376236457824865,0.00857642370648256,0.005976945390422786,0.02650027068732,0.08074992735019969,0.05865869375248186,0.08295295651566358,0.0036150510884670815,0.07573791395542348,0.10020144860129392,0.06387653655897785,0.022311757694953825,0.018643997312674947
171,0.009443824371933899,0.030874419414471298,0.01542097580735917,0.0150934020632992,0.14389345161624825,0.012654658325844035,0.020885183481972665,0.02767101317847169,0.012840139138803403,0.017091664967316105,0.011716469166360446,0.013120739328748906,0.012067416529505465,0.012545081468055632,0.028567816671856577,0.006366408272237303,0.008406113212706076,0.005284302824151015,0.5305486387828819,0.06550828137777688
172,0.015412970349000082,0.01001940907665309,0.0182219526780683,0.012836147511480468,0.02791351540973057,0.010963635194959874,0.03391782923664958,0.04270317367617623,0.011529532389901584,0.5196799187812549,0.18379409853853285,0.012985271290729752,0.038751450149857064,0.008826288075301076,0.005570966298698841,0.010150660496875253,0.007038138697672406,0.00498101767724022,0.009301419991198491,0.015402604480019465
173,0.09435971558515188,0.0444380348485762,0.10837875546583031,0.11487200582679864,0.0023077531850021673,0.05751396900559815,0.05794816047355196,0.005025436832538755,0.04012149530021194,0.025863921173282085,0.03929860519643296,0.10516821044826731,0.0009106780091760515,0.09593667307415923,0.03580105850966653,0.08461896700203432,0.06890893875221953,0.013374090158387668,0.002335261438276955,0.0028182697148373655
174,0.009595092037202418,0.013387160443499255,0.012219777207673293,0.06191946068263123,0.0113057652103234,0.0103142352809827,0.03183056521444962,0.02867300732571238,0.3601345962779226,0.005811456401519046,0.020200063969331994,0.013117135664172684,0.006785318815595468,0.04707511819088957,0.31039114549766045,0.005946101929647442,0.016109780904067936,0.00788575393797643,0.012199054493628183,0.015099410515113891
175,0.0200689946806904,0.06125485695198582,0.013876383832041346,0.012783947660028614,0.010518375348719399,0.025447842344664986,0.22097736525173994,0.008444402493639237,0.06653388459292492,0.010939131402373806,0.02216437933402926,0.1254520864915604,0.004728942043843749,0.01832390309965019,0.1785158514596053,0.06585929305562192,0.042771827740250935,0.02654600445516069,0.012835899850649559,0.05195662791081954
176,0.013648088164491529,0.0408359730250197,0.019000504653634894,0.024662176109915585,0.022466586145272572,0.009356192062662874,0.011553592704573257,0.02512483748321469,0.01268411296516542,0.04501897371331556,0.019353520827623948,0.013295745220708022,0.5848951234212042,0.0365486266338356,0.007167532411913564,0.029430699942114093,0.032228368409180704,0.01422114323395176,0.017652453532102947,0.02085574934009908
177,0.12983261998930878,0.03795109533145341,0.043401224560779814,0.0855118070225073,0.036195385859620934,0.11693829817728485,0.07186160206230875,0.026368270475191337,0.0035380442662486388,0.06118923436975085,0.04276912831901331,0.03933502979856832,0.010658827662257338,0.07354346323686006,0.011305604854539453,0.08677383646908109,0.06717760701316348,0.009936865200791886,0.004493739019028317,0.041218316312242084
178,0.10173708716024506,0.09681510829112629,0.017829346369254397,0.1398998970805953,0.006422307883064366,0.08099108595286424,0.12824734028596851,0.008421673266105132,0.008930828571331864,0.002073207513357219,0.05291646817044142,0.10175499508588336,0.001995984374769759,0.016786495775051515,0.0018081278154180559,0.12425244737222951,0.06904287341089665,0.02192769041503279,0.005392441863424807,0.01275459334293972
179,0.008767291271966368,0.02440983075460319,0.01505708001349449,0.02065625165491306,0.35877478135869806,0.006510463769611676,0.015807809043155634,0.02005472349660865,0.014027262954727485,0.03347291693889637,0.021525836321234094,0.0156876570694149,0.012159027308251287,0.015061645143865255,0.008796442059228594,0.031169773992275242,0.008539273037408375,0.013196302757942048,0.32935604253267736,0.02696958852102782
180,0.12424386558269751,0.4151028275262993,0.010392036516395598,0.012539078576870042,0.024367733413020447,0.005400885646261815,0.014981700476894667,0.012286797693045064,0.010807296565272538,0.005715817946359891,0.010324975095705999,0.019227890847058463,0.010331976822486117,0.017101303446672135,0.03193836283727127,0.03334287932489251,0.006716831705175665,0.16148570095754905,0.02585818098325021,0.04783385803682175
181,0.008056666509725769,0.012319512783247536,0.013121699979729838,0.020984650487279946,0.0172077399787139,0.009380467713394973,0.016036970769343094,0.4163085443887278,0.02443323999283969,0.014527976566357407,0.03976033148680671,0.01091550344423338,0.008693046912420717,0.02187414229513355,0.00791900362235752,0.006740083288233481,0.01883063328510448,0.2988661284713856,0.02023495663258182,0.013788701392382847
182,0.01415489703887121,0.018608394755158818,0.023522577379491493,0.03444496589390576,0.019097203022280154,0.016125532039093057,0.016159302899978023,0.025325630845403742,0.6144000061524753,0.007765891353485945,0.020189943705163128,0.030827154468559353,0.006261986321962517,0.028026059674899694,0.02438165607621452,0.009756517037670559,0.0280144470685383,0.012856884087161131,0.030836692804643597,0.019244257375043736
183,0.019128579819248787,0.057270397183729664,0.017553860922772013,0.011388439977047221,0.019711065037312073,0.011134006448454315,0.024093673948282067,0.2854526707770191,0.01246402891341163,0.08131947867486901,0.05668813623019544,0.020025653636072588,0.008916379894349229,0.011389353653719495,0.006545645235652044,0.009320403917346025,0.008931625880090725,0.29780181608603773,0.02143482804898698,0.01942995571540392
184,0.009105706151903484,0.044724699516107386,0.018422631042834384,0.03283591476518014,0.02303622731333823,0.0538441156769073,0.09984296378129644,0.03304469343797064,0.013274903513336022,0.20422395988739214,0.15414844961059465,0.06448414237317279,0.00803900943729561,0.1129396464332664,0.00630802727618654,0.03505569441557054,0.023498684494599412,0.010532870060271477,0.0137603283320808,0.03887733248069561
185,0.07921647165039689,0.3057438211741291,0.03174710512676313,0.03719036081041259,0.01792332297910421,0.008473723931572563,0.017707961218616234,0.026563890514188847,0.020103583042983934,0.01199422696720094,0.06929011185994609,0.1923689248584589,0.008174879514010478,0.02807334108386441,0.01102508193410144,0.06117305325220941,0.013321941098361028,0.030244644430219046,0.011847179129920336,0.01781637542354032
186,0.02010053819657458,0.026140481490806167,0.03555791050198148,0.024347063858540536,0.03875203962050185,0.012966506312490236,0.02355857938756311,0.034094926686829036,0.027726487391039303,0.03241295438096649,0.032336870699486216,0.027640354219825407,0.4570326695593282,0.03811035610993641,0.013277665620510868,0.024265748228893054,0.038494312864601525,0.02451796451605296,0.03637495745190721,0.03229161290216536
187,0.02827824924337019,0.03142983062308433,0.03335049186891651,0.02512727519582316,0.045365909575017745,0.031042360121885257,0.029703168487863616,0.04415639746480443,0.03903241597760166,0.021318965137454248,0.04100100122001171,0.03980626130362816,0.027904542288665506,0.044881268094792745,0.02310480355484006,0.04819785154273487,0.021659240523368737,0.015689630976905202,0.03836245779663512,0.37058787900259665
188,0.04100554300942651,0.021296914528820744,0.016703329015611612,0.02065867618280747,0.0192928950570935,0.011328082056257606,0.03260850322137728,0.021350854983003695,0.01455464614516145,0.008533761136633186,0.026538545340840772,0.017016263933567866,0.017346408963453356,0.020073350476621187,0.02224480472353261,0.17361878226808952,0.4552923624445255,0.009613257689699221,0.029667547489199437,0.021255471334277454
189,0.08166790598621894,0.10930437272117485,0.01540290822598704,0.010891669381475516,0.01914806989884047,0.11898032941378067,0.010563083747770381,0.02091082227704365,0.011918085963300126,0.005769755912223653,0.014463711850469227,0.04891336517830225,0.06397216129350594,0.011828911002844871,0.005770280813587396,0.2898976541984059,0.13025034019485338,0.004917306139067277,0.009901494304453976,0.015527771496694405
190,0.04725849766714294,0.08114749419677146,0.03187184840591723,0.025282830106745487,0.012600394431854574,0.04280386245968862,0.0834471568387495,0.02691131327135145,0.06483561876186704,0.07798520715207748,0.060892559148439475,0.04862898586063861,0.04521290644152854,0.0940567063715335,0.04871555281427217,0.042010525459387604,0.07837614955335953,0.08003628275315738,0.0043223191141431435,0.0036037891913743123
191,0.22716572036436014,0.18660782700051678,0.008471992930921587,0.010061150718399588,0.01853042117597477,0.023394844768995424,0.013679388993972955,0.0346404657244472,0.011629093807331712,0.09010265621227033,0.15702706897458588,0.008739691028213788,0.004940280590132058,0.007135143619747207,0.007447851778875676,0.06392614097854386,0.08916514329482267,0.020120740661465564,0.00743349328189277,0.009780884094530031
192,0.013737893914664692,0.026118114644617076,0.03493309353736878,0.014940740352823858,0.024459104758014733,0.007632955582713884,0.044422999548287136,0.06446603998698693,0.030817061503208083,0.05106198277628905,0.45024629171339836,0.024246682047753054,0.009643561497197226,0.028256574168818882,0.005071495848105063,0.00876493581992096,0.034707186904244035,0.04459148007561124,0.015244586099384005,0.06663721922059296
193,0.02780949880784528,0.016384170288831545,0.04766542719119028,0.5072154262362705,0.021599433081190514,0.026722350910388683,0.020752831170227377,0.022194536988037673,0.03705163025191601,0.01226840016685462,0.042122350772764466,0.018170671466563808,0.013023843966800825,0.045723002641363544,0.010163633538336046,0.02377781384097015,0.009414447129010033,0.058543555978065605,0.018549720693548388,0.020847254879824657
194,0.09621318849031751,0.052736745056514656,0.00695756646783062,0.042099937423116074,0.09312206825723228,0.002499595698298137,0.05881095809008067,0.019696782778168817,0.04200283500824983,0.04972799208811972,0.09416409951824292,0.017207402406654016,0.005520149280636112,0.10992833359509971,0.043349111193243924,0.06861453794586303,0.09547986341435738,0.04697614917203043,0.0201489531567944,0.03474373095914976
195,0.008475045864406783,0.027377273502357274,0.008915312050814306,0.007053032364233439,0.06735446077432838,0.0037442568006193114,0.011232535948956618,0.19456938004966012,0.01228203371833792,0.22520370225166303,0.17173912770648334,0.012092950817705745,0.005506174046464662,0.01620812809952307,0.009476933853188716,0.004558569202529817,0.01309223886297259,0.17582760896041633,0.008702231408355585,0.016589003716982957
196,0.05238880120303387,0.09747238660131777,0.21697138978773442,0.11128454073103089,0.057744050370080006,0.016106405466789174,0.03652383297472669,0.013022275066797385,0.010419564666894494,0.0606089272026279,0.054902603929419674,0.039078670951388145,0.0020014839224937134,0.10270572907630567,0.002760742255948808,0.0778780015741928,0.0025859805494401157,0.004207273041717883,0.01698652420548923,0.02435081642257135
197,0.0184516008817648,0.014515019072897428,0.008728670300148957,0.019231227014448807,0.03865229756956937,0.006463417807338608,0.0049476468834529054,0.08273495626278918,0.2223580282836058,0.11766235593747144,0.03572766518076238,0.015751851116566518,0.002449281045194115,0.06571091232731313,0.23230837874347135,0.008733892537735601,0.008988524925147895,0.04810443314399323,0.01857219716890329,0.02990764379742521
198,0.006468268511639782,0.05799189944488169,0.015269945184113478,0.01354717756808493,0.1469578561055331,0.0033396457372068013,0.01182326649929334,0.016426761574757778,0.011803732825855723,0.3158896614199163,0.1866951834049612,0.015391556288409703,0.028587562937924547,0.02902380717440064,0.0035969458456743936,0.0038348031722294927,0.00671368663050773,0.0217775737198886,0.05697814099610506,0.047882524958615724
199,0.0328685787053505,0.1956419003514829,0.001921222093693354,0.005608838969794389,0.0030823702407840074,0.0029960358360784805,0.01344388322980848,0.20788099484064607,0.011597888381989743,0.06227331197982786,0.07368396942370105,0.002336761107673936,0.001167136822763869,0.06469927688302243,0.015598911848826828,0.04727779430564584,0.13122511676209156,0.1216727263381114,0.0024917735809155453,0.002531508297791774
200,0.008806477744023817,0.021876538172311926,0.011836914408819883,0.011058785415015763,0.010336079535274807,0.020091540144163277,0.09948586996711706,0.012452180289816622,0.022154625696181266,0.0030307806669559083,0.01366158922501968,0.01179324354315309,0.004981516597521883,0.00897623664344047,0.7085073671285828,0.0035191018149239098,0.004509930184304893,0.005290964402131237,0.008796583670574103,0.00883367475066772
201,0.06115012560507911,0.017511234686219568,0.005778215780529351,0.004627904788471775,0.006866647482040828,0.007253613762246164,0.08077966444175703,0.04778840451782712,0.2390466364761552,0.03848908348021514,0.06994555281727369,0.026435008142165997,0.002232790538799276,0.07522503337092118,0.16322077039650223,0.046137090588610014,0.03327799231317075,0.029762322286097303,0.02180292451837602,0.022668984007542185
202,0.003463251350502901,0.0113027754197533,0.0086172957342985,0.00874940345015031,0.18721302091264067,0.007083237020283304,0.2533681673711633,0.010810077848705201,0.010920999759161375,0.0064296992767039615,0.009787710759317184,0.03449898771497418,0.010994358798410158,0.019380273927896322,0.051609477061808184,0.004436858556256935,0.004976243509014097,0.00760492556212111,0.18801726944736444,0.1607359665194745
203,0.007535280509489567,0.02022458799605116,0.01713274425581039,0.0238246318000988,0.023489622007543228,0.6841792487822921,0.018711164758408907,0.024672246252313283,0.018597464134042504,0.008553685735118385,0.016563035624519593,0.018047003402167,0.011469423977575569,0.019009762830350073,0.02255420916084999,0.0067944378325353145,0.01365675804789338,0.012888828268457189,0.016027844019102993,0.01606802060538059
204,0.00843829889226936,0.015795039620049092,0.02046188309440878,0.03808410667819232,0.020341530799713452,0.680255271118547,0.016226530925563084,0.021667635655685757,0.015610811851102952,0.007391163777331667,0.01599036805180038,0.01625856643901501,0.006804912428025694,0.021353903452243694,0.024413421139315352,0.0074995234512019665,0.011527383913651693,0.018482851968115385,0.011748426178873013,0.02164837056489444
205,0.3894951370984254,0.07165757144160413,0.0029140799722636394,0.007673726410830085,0.0034161881361139423,0.051410904723420275,0.0018047186460965396,0.0024632588682494847,0.0023366462592041915,0.0007941451322775829,0.0020648339054254445,0.0023480775255713938,0.0007832477273593728,0.0021751235683487155,0.0054008666184034585,0.07663149479208363,0.36873182448060116,0.004038300618331713,0.0017095998872747077,0.002150254188115138
206,0.0023422414690271345,0.005414503299432622,0.004935781462077814,0.009915884758397478,0.12292280386825387,0.0038994445854079623,0.004489336322518549,0.2800546514045295,0.006981012943809506,0.2350270887427879,0.20194146902156948,0.005399951434998594,0.0015782586262648188,0.005766205604932271,0.0025040919324998178,0.015149856907532603,0.00228492664666833,0.07732078846534216,0.005444372110494001,0.006627330393455563
