site,A,C,D,E,F,G,H,I,K,L,M,N,P,Q,R,S,T,V,W,Y
111,0.09889098554208504,0.08858365603673729,0.06334862192525083,0.3772544736064313,0.030055169012464435,0.002678401167373411,0.02813660991453933,0.02629827288590638,0.009602252619481944,0.009350497026100048,0.03366178929396017,0.03519746299779248,0.012946842036138525,0.0255013555257274,0.011072957004592161,0.08111274528665101,0.014509391937051794,0.008385494274823517,0.023376242565250116,0.020036779341642958
112,0.006808528183580455,0.12585495332921326,0.12217903398716559,0.33853338072897676,0.02696891857054569,0.028756269154581498,0.017162039090347265,0.019871834736191564,0.03785048082756456,0.026038955861216528,0.018878242999381983,0.029612930195108998,0.021575134856436553,0.01954194918126951,0.005899450937306871,0.05351312976202768,0.033811778506355784,0.037928316801865834,0.016415863477723464,0.012798808813140331
113,0.010364861382935311,0.025550588525375423,0.027466882664778577,0.03329319110882252,0.03544113892229494,0.010771326535207284,0.04733038764678282,0.04577813777463096,0.028912508068187976,0.01751584230211225,0.05231787174243538,0.026796958697344952,0.4951624489437391,0.037885355399694585,0.00908674464982032,0.006936098753358884,0.016156989802810925,0.013907282361913203,0.023884245795459634,0.03544113892229494
114,0.017252907734850612,0.09920421947539099,0.0233421692883273,0.028344062707254567,0.0233421692883273,0.005750969244950202,0.01587267511606256,0.19784456025973396,0.01786788604269948,0.07912307911079486,0.17773593004292917,0.028344062707254567,0.01102269105282122,0.0198408438950782,0.011501938489900405,0.010724780483826055,0.009395456125360774,0.14927014584544154,0.01469692140376163,0.05952253168523459
115,0.03205439330415474,0.08876601222689001,0.02060639569552804,0.024040794978116047,0.06181918708658412,0.07958332130686688,0.115395815894957,0.013113160897154209,0.026226321794308415,0.12899639054568676,0.08307786295300237,0.033939945851457945,0.029685767932846743,0.08519952652920328,0.029040562906984698,0.04006799163019339,0.022191503056722506,0.014072660474994756,0.05409178870076111,0.018030596233587038
116,0.027567568737733986,0.015579906109236576,0.012463924887389259,0.009334378051090718,0.037391774662167775,0.0015462952008851825,0.031159812218473155,0.02077320814564877,0.010997580782990521,0.004956115895163637,0.030526241463208474,0.037391774662167775,0.006924402715216254,0.02077320814564877,0.004451401745496164,0.005341682094595397,0.616964281925768,0.08368503770935971,0.007789953054618286,0.014381451793141452
117,0.0162446969338682,0.0649787877354728,0.03440053468348561,0.06051477083873991,0.0649787877354728,0.008600133670871403,0.027720531968407132,0.05316446269265957,0.061216102520400065,0.09103101923740586,0.03898727264128369,0.05316446269265957,0.011934879379984803,0.2616845706693803,0.02804878188881657,0.020886038914973405,0.020165830676526046,0.013924025943315602,0.02658223134632979,0.04177207782994681
118,0.01673886337369328,0.02223126546511818,0.03507190421154783,0.025396896153189807,0.040917221580139135,0.07012405823147533,0.03068791618510435,0.05008841386056061,0.04603187427765653,0.017535952105773914,0.03876368360223707,0.011046119156642182,0.02104314252692869,0.10521571263464351,0.007851586236812355,0.3289033676384262,0.0226618457982309,0.017963658254695227,0.03507190421154783,0.056654614495577266
119,0.026755424536026796,0.056752218188725376,0.02192786584046276,0.036612686207194566,0.06977803950281578,0.02108003145262717,0.08192062459510367,0.06324009435788151,0.03864672432981649,0.011790526066723674,0.04637606919577979,0.05001725314471354,0.02782564151746787,0.025764482886544322,0.013125302602579183,0.011827402859793437,0.03864672432981649,0.016562881855635637,0.031620047178940756,0.3097299593513513
120,0.01567866127580985,0.05226220425269949,0.03733014589478535,0.008346099626922968,0.06030254336849942,0.35068088707735995,0.07839330637904926,0.06532775531587437,0.03408404625176054,0.014517278959083195,0.032663877657937185,0.03733014589478535,0.01599863395490801,0.03919665318952463,0.004525673090784684,0.016331938828968592,0.023056854817367425,0.02069257748809797,0.047167007041047,0.04611370963473485
121,0.026293742184291764,0.029491526565382342,0.035439391639697594,0.03135023106588634,0.03260424030852179,0.0070990314954611595,0.04794741221841439,0.0509441254820653,0.04794741221841439,0.011165835722096503,0.06270046213177267,0.0509441254820653,0.019407285897929637,0.05434040051420298,0.01827223362398405,0.01903593760520525,0.03396275032137686,0.015379358636095184,0.35133409637293345,0.05434040051420298
122,0.026073164663323666,0.050408118349092416,0.004522606285590895,0.042006765290910346,0.05816321347972203,0.012019268899026459,0.02928631327843777,0.05511664874426253,0.050408118349092416,0.019897941453589117,0.04725761095227415,0.33872929228439663,0.030244871009455453,0.05816321347972203,0.013747668640661568,0.0023995838586415414,0.0668967624777352,0.01718458580082696,0.03780608876181931,0.03966816394141961
123,0.03471164722723315,0.03944505366731039,0.06675316774467913,0.03944505366731039,0.03944505366731039,0.016688291936169785,0.0361579658617012,0.3890490667237535,0.028926372689360963,0.07249006967994437,0.005249671233368045,0.04821062114893492,0.03214041409928995,0.027118474396275898,0.016430131938538015,0.013559237198137947,0.005600220341274091,0.005657218403239964,0.03471164722723315,0.04821062114893492
124,0.041304162740751604,0.1413230893618704,0.014857119588790676,0.013190155007107905,0.012802453138641838,0.0030227574508087194,0.012365770319163659,0.13060441462127095,0.01413230893618704,0.009892616255330932,0.0179865750096926,0.012764666135910877,0.00824384687944244,0.021983591678513176,0.006182885159581831,0.036526583096606516,0.29117889355313675,0.17716384229861465,0.0179865750096926,0.016487693758884883
125,0.012495637010755857,0.007904296459588917,0.02568547607766482,0.03556450533830514,0.036987085551837336,0.005965658959973763,0.06268621461205476,0.04866721783136492,0.05779232117474585,0.01234403851914571,0.030822571293197785,0.04866721783136492,0.02581627549919345,0.027196386435174517,0.41434727721639797,0.054686141112640294,0.01491414739993441,0.011008061176142066,0.01778225266915257,0.04866721783136492
126,0.012695846413519675,0.024787128712109835,0.026026485147715325,0.02002037319055025,0.007506060438465806,0.008395640370230752,0.01464585656030368,0.024787128712109835,0.05783663366158962,0.23327552404322863,0.4109445023323472,0.019278877887196535,0.0014559334652298978,0.034701980196953766,0.018196018992771967,0.008262376237369947,0.02082118811817226,0.008144957246473147,0.027396300155489814,0.02082118811817226
127,0.009863755598230384,0.023015429729204232,0.02510774152276825,0.0030758060064533404,0.039455022392921535,0.023044669197294237,0.023015429729204232,0.04603085945840845,0.24735302356142277,0.007268030440801336,0.04971013513180321,0.017665018460745436,0.011752559861721308,0.0995591594609831,0.16856873719924034,0.01062250602886349,0.12084807874256746,0.017535565507965124,0.024016100586995718,0.03249237138240597
128,0.22689950004802775,0.016147051338503447,0.0277207533995328,0.04239644637575604,0.020020544121884795,0.08749454329390127,0.018966831273364546,0.020020544121884795,0.0225231121371204,0.008380692888230845,0.018966831273364546,0.037596388866642926,0.02039829023739206,0.0138603766997664,0.02087841195135607,0.16088745555971906,0.18966831273364543,0.009240251133177599,0.018966831273364546,0.018966831273364546
129,0.04026225530754591,0.005978334878999238,0.06238262482433989,0.024939523023212735,0.11529645838069963,0.07986762103919827,0.10761002782198634,0.00896750231849886,0.013796157413075168,0.11458475184748543,0.08495528512262078,0.05380501391099316,0.03393108985377947,0.11209377898123575,0.052875648874440274,0.045597469416095895,0.012810717597855513,0.002740375133718727,0.006405358798927757,0.021100005455291435
130,0.04369851688720042,0.13299949885063167,0.01828743109196185,0.00494950532161367,0.01219162072797457,0.0023256159825768333,0.1376935988100657,0.09753296582379653,0.016255494303966087,0.031812785269796084,0.014814015032789384,0.01462994487356948,0.003180422798602061,0.08534134509582197,0.028737391715940048,0.05283035648788979,0.054862293275885564,0.065331218751099,0.07802637265903722,0.10449960623978202
131,0.015151262931684003,0.027225706908703625,0.36494437748049846,0.026458570656684985,0.05834080051865061,0.028872953585408343,0.030354443567627773,0.05834080051865061,0.06806426727175903,0.017378110792789545,0.08167712072611086,0.024827581049782835,0.018994679238630432,0.04298795827690045,0.013843579784086586,0.016335424145222172,0.023336320207460248,0.01463338732230342,0.04083856036305543,0.02739409465399064
132,0.1255860683259125,0.1086352197029712,0.008517247835847038,0.013728626665760095,0.027849687447930222,0.0024647986711944757,0.025496020950697317,0.06427790285032216,0.039660477034418065,0.11418323273840975,0.02974535777581355,0.023796286220650838,0.006489896241995681,0.03244948120997842,0.005249180783967095,0.08237175999456058,0.09178567542251034,0.1540310861905514,0.016224740604989206,0.027457253331520198
133,0.004603447089750305,0.14498819986133618,0.010028938302670307,0.011700428019782027,0.12565119024567223,0.009852992016658546,0.051056413177230656,0.009085139396850577,0.017550642029673037,0.032507991251811266,0.020057876605340613,0.3650533542171991,0.005850214009891014,0.011700428019782027,0.006240228277217081,0.019772689859937867,0.028081027247476863,0.010059516199614225,0.01936622568791508,0.09679305848419113
134,0.023178848445009174,0.03171842418790729,0.0401766706380159,0.050220838297519874,0.12053001191404769,0.020088335319007954,0.269552392349641,0.03545000350413168,0.03171842418790729,0.00929785354853303,0.030132502978511923,0.01610483254538311,0.00871231770838524,0.022396670028190232,0.09890358559376713,0.011160186288337749,0.013696592262959965,0.0223203725766755,0.060265005957023846,0.0843761316690445
135,0.1288290675586051,0.21554093995382007,0.017296495181479386,0.011119175473808173,0.01415167787575586,0.02594474277221908,0.015566845663331448,0.09055611147671325,0.049955301694855604,0.022905492815596454,0.06941735295363807,0.031133691326662896,0.002993624166025278,0.023061993575305844,0.03312073768884121,0.07075838937877933,0.04771403281589933,0.059512882961211815,0.005559587736904087,0.06486185693054772
136,0.11253565866174914,0.08416399135061134,0.06312299351295848,0.010212604527773892,0.031561496756479256,0.027048351870867755,0.08416399135061134,0.0504983948103668,0.08416399135061134,0.014852469061872589,0.042081995675305676,0.0504983948103668,0.12725425270873184,0.036070282007404864,0.008706619794890829,0.07062625210726584,0.0018018424335203354,0.05154075558742184,0.021040997837652835,0.028054663783537118
137,0.06538258306730944,0.0653547424920988,0.029285874827284595,0.04880979137880767,0.0653547424920988,0.006585100359441941,0.04880979137880767,0.0653547424920988,0.0653547424920988,0.016269930459602556,0.0653547424920988,0.0653547424920988,0.00915183588352644,0.03660734353410574,0.03993528385538809,0.06589321836139034,0.10740329610830382,0.003028010849241325,0.0653547424920988,0.0653547424920988
138,0.12141911772082074,0.03410354303130068,0.10657341850876437,0.1672090922530658,0.06252316222405124,0.03516390461337655,0.03126158111202563,0.05359128190632964,0.007105126120146148,0.01339782047658241,0.03410354303130068,0.0416821081493675,0.017051771515650342,0.017863760635443218,0.007981680283921436,0.08440626900246917,0.018756948667215376,0.04192123197589915,0.028856844103408275,0.07502779466886149
139,0.07884065046554149,0.1146426613448315,0.007054933005835785,0.005095229393103621,0.02620403687881863,0.0825427161682787,0.050442770991725866,0.02821973202334314,0.026204036878818632,0.022729552836546266,0.02934852130427687,0.09171412907586521,0.04075153136379599,0.06618858567920857,0.10190458786207246,0.1223942751974521,0.029593328009995867,0.025176427589453196,0.005095229393103621,0.04585706453793261
140,0.09705494128993586,0.07876157389797842,0.01470529413483877,0.016042139056187746,0.011028970601129074,0.0026194485617339687,0.1544055884158071,0.0126045378298618,0.016042139056187746,0.27236762180179624,0.04072235298878427,0.0252090756597236,0.009803529423225845,0.02205794120225815,0.015269863308189576,0.0568408580959872,0.011764235307871015,0.11384743846326789,0.0028671055574610053,0.0259853453477746
141,0.010303252094988852,0.02307524243124364,0.20581621216396778,0.04902173617412526,0.02307524243124364,0.0009602968038197219,0.016482316022316885,0.03076698990832485,0.03550037297114406,0.012144864437496652,0.04615048486248728,0.005240641597653276,0.012473104016888453,0.03845873738540606,0.02563915825693738,0.0104887465596562,0.0104887465596562,0.007051193123022268,0.06592926408926754,0.37093339811035403
142,0.01639535493976324,0.29059801826764864,0.02185263743332301,0.04097369518748065,0.0234135401071318,0.01425172006521066,0.019281738911755605,0.006962591474149397,0.020486847593740327,0.006427246303918534,0.018210531194435844,0.0234135401071318,0.010495061247075664,0.027315796791653767,0.010926318716661505,0.007154256675394882,0.14568036082138391,0.24152915057883326,0.027315796791653767,0.027315796791653767
143,0.026573720112598172,0.026573720112598172,0.02362108454453171,0.030369965842969342,0.047242169089063424,0.01062948804503927,0.047242169089063424,0.10629488045039269,0.026573720112598172,0.1898730959422498,0.020246643895312895,0.0386526838001428,0.0018266761638911827,0.012956750988840129,0.007769677178522596,0.016353058530829644,0.012884227933380935,0.2834530145343805,0.02834530145343805,0.04251795218015708
144,0.014390065087883394,0.027409647786444554,0.04111447167966683,0.027409647786444554,0.259021171581901,0.009136549262148182,0.02502620015284068,0.027409647786444554,0.03837350690102237,0.2552526316554564,0.021339670475986727,0.023983441813138988,0.0019995981466715143,0.019195033805884644,0.0062240149325395065,0.009436108254349766,0.016929488338686346,0.13030089627126304,0.023024104140613427,0.023024104140613427
145,0.24557514601444907,0.23360375479743112,0.017487927064665308,0.020178377382306132,0.03518997530348781,0.004911536184385048,0.02185990883083164,0.024982752949521878,0.026231890596997973,0.010287015920391359,0.03497585412933063,0.037474129424282826,0.012491376474760937,0.04035675476461226,0.019662781346727425,0.0276058611206859,0.010929954415415818,0.16077610365901981,0.008933626269579095,0.006485273351117978
146,0.009288893565745266,0.0374339531659477,0.2509049432751587,0.017622103095525248,0.06238992194324617,0.023557607574515003,0.05615092974892155,0.04679244145743463,0.04319302288378581,0.014397674294595271,0.03302995867583621,0.17362760370699915,0.0200539034817577,0.06238992194324617,0.012761574942936716,0.010798255720946452,0.01871697658297385,0.05972080930901201,0.022460371899568624,0.024709132731847556
147,0.017010535900452012,0.02721685744072322,0.0486015311441486,0.03780119088989336,0.045361429067872015,0.015120476355957342,0.02520079392659557,0.3035579086415716,0.026170055231464626,0.07971895487682724,0.06174914858388572,0.029583540696438277,0.020618831394487287,0.02835089316742002,0.008419260950545028,0.0219490785812284,0.004643969334699219,0.13293639592610593,0.023462808138554496,0.04252633975113002
148,0.026527663229724337,0.031986013636083534,0.09876213612938418,0.030473265656372782,0.017338237356212097,0.44927540965902935,0.04372251159392615,0.029576993137067693,0.034676474712424195,0.009311275617225015,0.023943280158578613,0.02717885855838653,0.023943280158578613,0.04190074027751257,0.01093062789848154,0.007486134012522652,0.014788496568533847,0.023661594509654157,0.025785070940007735,0.028731936190294332
149,0.023455578042544112,0.028674558016102025,0.0236731402827609,0.47320056963493806,0.026523966164894375,0.12591952039912252,0.05304793232978876,0.03789138023556339,0.012445542565809478,0.0084876691727662,0.032150262018053787,0.02791996438409934,0.012938520080436278,0.021219172931915498,0.01219492697236523,0.010201525448036299,0.01560233303817316,0.009404797335905124,0.014735536758274652,0.03031310418845071
150,0.0821219945719318,0.09874039215200735,0.021158655461144437,0.22786244342770928,0.004488199643273062,0.07008804621504092,0.06439590792522219,0.005107261663034863,0.08171618660855781,0.005169787422339633,0.03808557983005998,0.037027647057002754,0.004574277936387228,0.07405529411400552,0.04985900989853836,0.06591712585086017,0.043825604310685946,0.016722163187033505,0.002644831932643054,0.006439590792522219
151,0.44062374151791195,0.011122693234782233,0.022245386469564466,0.011122693234782233,0.011506234380809206,0.08213681157993032,0.01588956176397462,0.01588956176397462,0.013903366543477791,0.0033632463852437465,0.0667361594086934,0.012833876809364113,0.001462667171966504,0.015167308956521228,0.0035124294425628103,0.14882434437419415,0.0446015581856082,0.05397777599232553,0.00654276072634249,0.01853782205797039
152,0.1437070289137876,0.030063942745539644,0.011492203875500377,0.009959910025433661,0.005229236027459749,0.18496975761519657,0.024899775063584154,0.015726173724368936,0.015726173724368936,0.004527231829742573,0.019919820050867326,0.14939865038150488,0.09024132449960864,0.052728935428766444,0.005335666085053746,0.1323238977431506,0.07978771263082435,0.0064955934948480384,0.008075602723324589,0.009391363417069207
153,0.023896499228375907,0.03909135006122076,0.013298921309704856,0.009866941616877798,0.06554468359783107,0.045692476313393,0.03823439876540145,0.26122345136805686,0.014565485243962463,0.0509791983538686,0.06951708866436629,0.005247640269029737,0.00728274262198123,0.02659784261940971,0.0028253527670723208,0.13594654963762004,0.02158401292639344,0.12791144314243397,0.008496533058978102,0.032197388434022284
154,0.13723528834412063,0.06368517401559814,0.009447800540775554,0.010680122350441927,0.05779830919062691,0.06952155114910312,0.07731339288556442,0.010680122350441927,0.03169584697550507,0.01536330826348815,0.009825712562406577,0.037791202163102215,0.10897781210676587,0.008772957645005871,0.012626777523894097,0.12351319958767594,0.072905594759731,0.06590416962589772,0.05458729201336983,0.021674365946485082
155,0.03984110327086904,0.010015367363677183,0.16077091917704162,0.12377804681452248,0.014759488746471641,0.00820146413243436,0.08012293890941746,0.04877048455355846,0.04298810488195726,0.037390704824394806,0.010015367363677183,0.08703008881540172,0.01716920119487517,0.02804302861829611,0.003338455787892394,0.07871727331451539,0.08763446443217536,0.09261931662825063,0.020030734727354362,0.008763446443217533
156,0.04864370614757976,0.019986676991763302,0.01748834236779289,0.00782590913747693,0.046635579647447696,0.005906712037274224,0.022090537727738387,0.466355796474477,0.027981347788468624,0.01245869529812508,0.007715205502310273,0.027981347788468624,0.007631276669582352,0.027981347788468624,0.007363512575912796,0.008744171183896445,0.013990673894234312,0.18665551232617436,0.014473110925069976,0.022090537727738387
157,0.0391413708560854,0.044990839263318,0.022108460682920994,0.29941581979383447,0.112477098158295,0.021334437211835644,0.025956253421145,0.03969779934998647,0.008098339172539827,0.014996946421106003,0.0562385490791475,0.032136313759512855,0.014059637269786875,0.044990839263318,0.01227022888999582,0.01730416894743,0.019848899674993235,0.06678294286331136,0.0562385490791475,0.05191250684229
158,0.01733256404629843,0.056601060196284365,0.025240464045368987,0.30364696591454726,0.06792127223554123,0.001997723987282371,0.02716850889421649,0.04528084815702749,0.15481940877909856,0.01886702006542812,0.033960636117770615,0.07546808026171248,0.01835710060420033,0.028300530098142183,0.01331789651677279,0.010955043908958257,0.01886702006542812,0.020026251842776965,0.026123566244438935,0.03574803801870591
159,0.13340904367084203,0.043276214484041,0.023801917966222563,0.10590463716336661,0.0420033846462751,0.06209195991188493,0.023801917966222563,0.054502645440448215,0.02737061548750585,0.023801917966222556,0.0198349316385188,0.07140575389866768,0.021338900117207647,0.10819053621010254,0.007678038053620179,0.046263540673906936,0.10598431815086976,0.019834931638518797,0.039669863277037594,0.0198349316385188
160,0.012081850811483526,0.0405097350737977,0.0382591942363645,0.0405097350737977,0.0491903925896115,0.010624668585010502,0.03130297710248004,0.08608318703182011,0.06260595420496008,0.011409001414314,0.04304159351591005,0.05297426894265853,0.017741064191488687,0.0659856587994535,0.3059431389332046,0.018122776217225287,0.025506129490909666,0.013503245024599235,0.02869439567727337,0.04591103308363739
161,0.06364809925384368,0.2963001068956674,0.04321043225561815,0.11522781934831507,0.03142576891317683,0.007681854623221005,0.015712884456588416,0.004287627020908339,0.02902750892974023,0.009096933106445925,0.02659103523422655,0.024691675574638944,0.0069389762381861795,0.023045563869663013,0.008039150187091748,0.06512154226502435,0.15352986517162928,0.01016716053073368,0.023045563869663013,0.04321043225561815
162,0.16424808474712238,0.02986328813584043,0.023227001883431443,0.0418086033901766,0.02115875094299025,0.03300679215013943,0.05297812426015401,0.11945315254336174,0.023227001883431443,0.09275493674684869,0.05226075423772075,0.08361720678035323,0.01709593240510561,0.016080232073144848,0.004750977657974616,0.011613500941715722,0.0464540037668629,0.1299774934091538,0.017420251412573588,0.01900391063189846
163,0.06919062057218446,0.12624253578082775,0.009994200749315533,0.00599652044958932,0.017132915570255196,0.040657726193280924,0.07675546175474328,0.023235464479269368,0.10427256673245398,0.020327187964709555,0.04568777485401386,0.106604807992699,0.004895118734358628,0.03270829336139628,0.10657434571037157,0.057831128371306745,0.03962081581808239,0.009994200749315533,0.010902764453798763,0.09137554970802772
164,0.18066195851040912,0.061836378109180606,0.012588119829368909,0.007662333809181074,0.008811683880558236,0.0030238565529130453,0.011369914684591274,0.07420365373101674,0.011369914684591274,0.07343392525065875,0.06488719582754288,0.018075248985760486,0.00306493352367243,0.00839207988624594,0.0025916717295759516,0.07450529459984201,0.2088695438354545,0.15702892480832048,0.0058744559203721585,0.011748911840744317
165,0.004657933326044812,0.042716656843728024,0.011226813657646469,0.014594857754940408,0.014610083118308111,0.005339582105466004,0.006118151356262055,0.13125208997207582,0.01287781566612389,0.19733530176011205,0.4643818376571948,0.00951838549235244,0.016703887580541966,0.006841339572628318,0.012280359891390393,0.003149969299627426,0.004975519689184231,0.02074336677020705,0.009729905169960272,0.010946143316205307
166,0.15621795362461138,0.04378424715312145,0.10299522341291018,0.08359824499827721,0.004995254467352008,0.07183256607259376,0.08359824499827721,0.01171183142487942,0.009288693888697472,0.006088530006592209,0.012244187398737576,0.050115743771577057,0.007574399611557157,0.010360466260470253,0.011972094345432295,0.12108859159224535,0.10828363403081986,0.011884064239951173,0.06983721701502173,0.02252881168687515
167,0.04906408496809838,0.07288033841415145,0.011486575076143434,0.008806374225043299,0.07770330198567618,0.00528382453502598,0.010161201028896116,0.09214027461118562,0.026394103890788372,0.09452465966333347,0.11856033568393594,0.05283824535025979,0.00433100371723441,0.007140303425710783,0.00774303712223708,0.05203766587525586,0.18428131787897226,0.11007710940847115,0.006290267303602356,0.008255975835978095
168,0.10392828554206654,0.1628616614925804,0.014420042944655561,0.010146747683936606,0.024286388117314633,0.004277899273855357,0.014885205620289615,0.1628616614925804,0.020062668444738172,0.17127787740335695,0.01826622848391242,0.014420042944655561,0.004353220511594132,0.012143194058657316,0.005428722049752682,0.0064089079754024725,0.005627333832060708,0.20742860219027207,0.01845765496915912,0.01845765496915912
169,0.07831927898722131,0.06194342974443868,0.06729656564827906,0.08218425046710477,0.02271259090629418,0.10167733704037085,0.06194342974443868,0.01747122377407245,0.010815519479187706,0.0034942447548144905,0.011953995213839044,0.10323904957406446,0.004635222633937588,0.07268029090014139,0.0011350786600381332,0.07138242856263886,0.19532828179412995,0.010670125094104156,0.010793752063477713,0.010323904957406448
170,0.07799462760007801,0.1199916744113353,0.12570154679611192,0.061359957549283195,0.03999722480377843,0.07535208867870755,0.022701127591333702,0.017498785851653063,0.017498785851653063,0.005713889257682633,0.15554476312580504,0.003881146342256389,0.0183593818771442,0.009031631407304806,0.0035440578940056835,0.10399278448982391,0.10097660032429309,0.010707472816780052,0.009332685787548301,0.020819767543421772
171,0.01415838876184373,0.019106412995329572,0.03024746690030251,0.02218147572688851,0.21173226830211758,0.007349699649625444,0.06049493380060503,0.03168782246698359,0.028932359643767617,0.02813109775037291,0.02376586685023769,0.022946354200229495,0.01386342232930532,0.0215255490834362,0.005412275585654367,0.009644119881255872,0.012797005227051064,0.015843911233491794,0.2870907152501706,0.13308885436133105
172,0.027568076445611916,0.026201154347564204,0.02529766626661371,0.022231282476721136,0.0955464381266692,0.010062282788003484,0.07063381987403405,0.019352389488943498,0.020960923478051362,0.30737633472044756,0.18932447012433487,0.040757351207322094,0.040140527712782564,0.0156091983347191,0.012377210051222153,0.009286485085212627,0.011115641238360568,0.010646372718542988,0.01834080804329494,0.02717156747154807
173,0.05546051919975655,0.03979798837268833,0.04377568243870626,0.16310277467924947,0.007876685198761233,0.017820050365271387,0.058667724239049195,0.00700149795445443,0.05274128948723497,0.002802478107643857,0.08317779569891863,0.07089016678885109,0.0038977411292839097,0.1297094992685046,0.006556316003593167,0.07426588901689163,0.13165316689358061,0.03648148934163098,0.0057284983263718075,0.008592747489557708
174,0.013475905861601245,0.0259152035800024,0.0259152035800024,0.004427048217820353,0.030627058776366473,0.012957601790001196,0.02245984310266874,0.04604179083885056,0.29118946080788227,0.014647723762610051,0.0421122058175039,0.023835250790222275,0.011617160225518317,0.032109349695060754,0.29178301980004856,0.013211672413334557,0.011079022637682904,0.0156696579786061,0.03546291016210854,0.03546291016210854
175,0.0351661730502487,0.014506046383227587,0.01160483710658207,0.009066278989517243,0.01318731489384326,0.04384313326073573,0.14506046383227586,0.010004169919467303,0.12369197080854752,0.004330163099470922,0.014506046383227587,0.0659365744692163,0.0058024185532910355,0.0967069758881839,0.12311952413968334,0.08366820540646633,0.030013024557783204,0.006593657446921631,0.018132557979034482,0.14506046383227592
176,0.018888231859978996,0.05036861829327732,0.04444289849406824,0.04444289849406824,0.05036861829327732,0.03148038643329833,0.023610289824973745,0.03148038643329833,0.05036861829327732,0.045282065625212524,0.041973848577731114,0.02289482649694424,0.3120895908626115,0.03629354634057723,0.015418964783656324,0.008190314799325162,0.0752664179573892,0.025184309146638658,0.03597758449519809,0.03597758449519809
177,0.03399328899406568,0.01990250101445613,0.021008195515259245,0.08831855200152532,0.021008195515259245,0.16035331096704036,0.03151229327288887,0.0222439717220392,0.013505268545523804,0.037194837961442614,0.0140054636768395,0.015756146636444434,0.0075629503854933305,0.08594261801696966,0.02471648686969961,0.0756295038549333,0.17188523603393932,0.09312650758889575,0.015066231517951138,0.047268439909333305
178,0.15751588105604822,0.05855192040199186,0.013637255759711853,0.09514687065323676,0.03805874826129472,0.13095483272703556,0.09928369111642099,0.05436964037327817,0.03171562355107893,0.008273640926368417,0.047573435326618396,0.034598862055722476,0.007047916344684206,0.014637980100497964,0.0055968747443080466,0.031190675432023737,0.1321153247347889,0.00506192619686917,0.014637980100497964,0.02003092013752353
179,0.014485230593853171,0.10687096494073271,0.029936143227296565,0.01871008951706035,0.1872098888925806,0.011226053710236208,0.029936143227296565,0.015013835045051318,0.0641488783442069,0.039288186688406224,0.029936143227296565,0.024946786022747133,0.013607337830589348,0.03454170372380372,0.009761785834988008,0.002098294200217601,0.01796168593637793,0.008836435299387846,0.28065134275590525,0.060833070981965845
180,0.014063809503019711,0.3190808023355092,0.029252723766281,0.036565904707851246,0.029468485767525032,0.05615035816475844,0.04301871142100146,0.02611850336275089,0.022161154368394692,0.010598812958797462,0.02812761900603942,0.034824671150334524,0.02150935571050073,0.03849042600826447,0.002372969656976024,0.008869744254094095,0.012830142002754823,0.1418975406573332,0.014980821511891907,0.10961744368592152
181,0.013393911187011205,0.017088783238600504,0.026082879679969192,0.055063857102157165,0.04129789282661789,0.011524993346963129,0.012389367847985364,0.21334368100085027,0.2016888430946146,0.01032447320665447,0.004959166901043672,0.015017415573315594,0.012087188144375966,0.04505224671994677,0.011549691937460551,0.009350466300366313,0.03647220777272551,0.20431594436703043,0.03539819385138676,0.023598795900924507
182,0.01883470417449222,0.05061826746894785,0.028924724267970197,0.005783775668813211,0.06229940611562811,0.02454219028797471,0.026996409316772184,0.04764072232371562,0.3388956213306557,0.011248503881988413,0.023200292969449775,0.020340150467183658,0.014462362133985098,0.1251838433236804,0.004083786218118752,0.016872755822982616,0.008452453571018244,0.026996409316772184,0.1156988970718808,0.028924724267970197
183,0.0022995628501175014,0.03971514206962251,0.042551937931738414,0.0372329456902711,0.08510387586347684,0.01323838068987417,0.028367958621158932,0.1254162381145974,0.06619190344937086,0.03574362786266026,0.010836972291107352,0.0372329456902711,0.012675045341368887,0.025901179610623378,0.013539252978280401,0.020542314863597855,0.025901179610623378,0.2616737054348406,0.06619190344937086,0.04964392758702815
184,0.03489866979644198,0.08248776497340832,0.03780689227947881,0.021603938445416467,0.030245513823583058,0.04536827073537458,0.031837382972192685,0.05040918970597175,0.01680306323532392,0.13163952403659637,0.10195265513714627,0.12454035103828315,0.0012986455681444767,0.093491451182227,0.004276524092641698,0.01890344613973941,0.00643521570714533,0.01688922149308156,0.017791478719754738,0.13132080091804846
185,0.28481536184167,0.09922230131875223,0.07595076315777868,0.07595076315777868,0.046426257103176785,0.005842366396752204,0.011392614473666799,0.025316921052592888,0.03255032706761943,0.017527099190256613,0.0455704578946672,0.018987690789444664,0.008137581766904855,0.028481536184167003,0.000866040622334694,0.0804993910652144,0.011992225761754523,0.09900149120755926,0.01440674748423552,0.017062062463673488
186,0.012584238484397662,0.0629211924219883,0.03146059621099415,0.027964974409772584,0.11006772811207625,0.020973730807329435,0.017977483549139514,0.11006772811207625,0.05033695393759064,0.002288163130962953,0.11006772811207625,0.0629211924219883,0.11026594486418932,0.018217950800972285,0.014845329190304478,0.0026499302906014916,0.07118795565289578,0.027964974409772584,0.11006772811207625,0.025168476968795324
187,0.06005057454136339,0.001997415818918988,0.030025287270681683,0.06005057454136339,0.1344240005717944,0.018015172362409012,0.018360531819731633,0.06005057454136339,0.07880704028316743,0.025735960517727155,0.06005057454136339,0.026077160956445095,0.07880704028316743,0.07880704028316743,0.07880704028316743,0.012083899069299726,0.022518965453011266,0.01637742942037183,0.06005057454136339,0.07890314290012254
188,0.0019020600018080814,0.027249794641093117,0.028852723737628004,0.08174938392327936,0.040874691961639675,0.012576828295889134,0.21404046039932198,0.007667944049036953,0.054499589282186234,0.012907797461570428,0.040874691961639675,0.016913665639299177,0.01586959029857164,0.032699753569311735,0.019619852141587044,0.08510343057384914,0.21473590836055792,0.013256656852423679,0.03773048488766739,0.040874691961639675
189,0.2391463026331513,0.11468561428487188,0.01716947813776471,0.02029120143554011,0.017856257263275298,0.11344637734923892,0.023495075346414863,0.06138906204715606,0.0194089752861688,0.006763733811846702,0.022320321579094117,0.004963597895881844,0.03043680215331017,0.026259201857757788,0.010889137741929025,0.19270849202585194,0.01756977318806409,0.011446318758509804,0.026259201857757788,0.023495075346414863
190,0.015115367919655391,0.07033917238198754,0.053518935508034,0.15755974613565205,0.012309355166847816,0.06676260429476781,0.03282494711159418,0.04915018993448526,0.02461871033369564,0.009654396209292405,0.046160081875679305,0.038737789628542706,0.040106853280136315,0.021407574203213597,0.004396198273874221,0.11577516502695323,0.10665836034045903,0.10365772772082373,0.018937469487458176,0.012309355166847816
191,0.06290231500749893,0.10064370401199828,0.04574713818727195,0.023962786669523395,0.03870911692769165,0.11436784546817988,0.026485185266315332,0.00996327494751937,0.014453583953001864,0.08652728258753233,0.22139908891166216,0.03145115750374946,0.020128740802399653,0.03870911692769165,0.010233678181099303,0.012580463001499785,0.07367649403896372,0.0030599687653190518,0.03354790133733275,0.03145115750374946
192,0.024815595859239856,0.06948366840587158,0.0347418342029358,0.040872746121100936,0.057903057004893,0.02171364637683487,0.08174549224220187,0.08335027402823218,0.031583485639032544,0.040672363458279855,0.3042764375312307,0.06948366840587158,0.013896733681174318,0.036570351792563995,0.011998969292818655,0.013624248707033644,0.005947005967105583,0.0027261103932513177,0.01985247668739188,0.0347418342029358
193,0.056827547375214865,0.07153360782697826,0.023332685165949392,0.3330119275305295,0.03576680391348914,0.002384322278517402,0.04917935538104756,0.06052843739205854,0.010151151876094892,0.016393118460349184,0.04371498256093117,0.0524579790731174,0.020176145797352843,0.060959966192645224,0.012691446549947758,0.01919194356333563,0.01967174215241902,0.019453932663344532,0.046286452123338886,0.046286452123338886
194,0.052631389305391116,0.14146856389823914,0.007766901547354305,0.0330093315762558,0.20539139647448057,0.006001696650228328,0.02475699868219185,0.0016574530798641608,0.020313434816157414,0.018862475186431884,0.110031105254186,0.004555674563228035,0.0013900455524880578,0.16724727998636274,0.030808709471172094,0.019792175257846188,0.05787102717975694,0.013659033755692057,0.009431237593215944,0.07335407016945733
195,0.009836746479588565,0.017358964375744534,0.042157484912522435,0.017358964375744534,0.024591866198971413,0.007566728061221974,0.03278915493196189,0.23562756702703969,0.012881722244277792,0.17162336403107814,0.13013702541732264,0.017358964375744534,0.006862846381108303,0.016394577465980945,0.005120242782619023,0.009836746479588565,0.006921592616590241,0.20528861715574045,0.014755119719382852,0.015531704967771422
196,0.14301757894068906,0.07530024881831851,0.009958016224045432,0.12214198248681438,0.019721493738131035,0.029889572519713532,0.0766946978705096,0.016241230137284384,0.004154674538969983,0.06539232134222396,0.0726581348246933,0.03765012440915926,0.003408653238689315,0.02327845753950426,0.0034949482573903103,0.15910900032797246,0.007462186819833367,0.00373102122412518,0.008366694313146503,0.1183289624287862
197,0.03167972382653349,0.035199693140592764,0.027547585936116076,0.024369018328102683,0.06034233109815903,0.011150924392840444,0.013199884927722286,0.09051349664723854,0.037270263325333515,0.0319006195029377,0.10137511624490715,0.033347077712140516,0.005657093540452408,0.08853871348990512,0.2825125152140846,0.009899913695791714,0.012671889530613394,0.04132137890417411,0.01624601221873512,0.04525674832361927
198,0.009854303584507831,0.030970668408453188,0.03825788450455982,0.025014770637596804,0.046456002612679785,0.00783595224792189,0.022427035744052307,0.05002954127519361,0.027099334857396542,0.2862783973054975,0.13725275756801952,0.0295629107535235,0.0027287935984187063,0.014195360905256471,0.005432316423307072,0.010662033386516669,0.01383795822505355,0.010856320512261326,0.014452978590611485,0.2167946788591723
199,0.08606899118584299,0.14982379947165267,0.007134466641507267,0.007134466641507267,0.0065140782378979405,0.0033294177660367244,0.013899326439472977,0.047943615830928835,0.00836572414709225,0.01762632934960619,0.36623595426403976,0.0062426583113188595,0.0018090622172678827,0.0666752069844196,0.0010714815780492578,0.0024970633245275436,0.07931848207322786,0.09045965251118648,0.00788546313008698,0.029964759894330523
200,0.008504862024073447,0.1468865731107728,0.019401716492417544,0.02434725206891614,0.019401716492417544,0.00964679163864016,0.05686615824035279,0.021045929754486836,0.02257654282754042,0.004981162134689447,0.01700972404814689,0.017245970215482263,0.0036413778754097446,0.014960359704996663,0.5567842733813191,0.006116797317806518,0.0070954848886555615,0.00844700581982805,0.018260439051687102,0.016779862912361124
201,0.02156732420431001,0.05152194115474057,0.01373918430793082,0.010025891251733301,0.020608776461896232,0.0012980692598807736,0.08560568684172279,0.04636974703926651,0.1697823969789796,0.04032151916457958,0.03670958053644855,0.01545658234642217,0.0035669036184051172,0.09273949407853303,0.16526458865704782,0.07687893587647567,0.059253640948544614,0.030489696683353325,0.005806043973424998,0.052993996616304585
202,0.008817584015053111,0.03471923705927162,0.031018306962123616,0.020574362701790593,0.19998280546140457,0.021365684344167152,0.248317603288384,0.024152512736884606,0.021365684344167152,0.011899218313880435,0.029237252260439262,0.015013724133739081,0.005616350624432671,0.06632120047548093,0.009118164988040883,0.009258463215805767,0.008291161088781284,0.014618626130219633,0.12344617621074354,0.09686588164519017
203,0.014225358887041208,0.03273063099619931,0.02791730290852294,0.01631782869205415,0.041269056473468686,0.4174987383103225,0.037967531955591195,0.05273268327165444,0.03163960996299267,0.01201504175809848,0.03650724226499153,0.03954951245374083,0.012655843985197065,0.028763281784538793,0.0030894553955046447,0.017577561090551485,0.018983765977795598,0.03905676681116592,0.06366818120352268,0.05583460581704588
204,0.01590607966408847,0.04199550766970204,0.02840872577656314,0.013370356051018968,0.03863586705612587,0.4264992889337501,0.030184271137598338,0.06439311176020979,0.04024569485013112,0.014416368304524578,0.04024569485013112,0.03449630987154096,0.011231356702362173,0.04829483382015734,0.005488829202508705,0.01254411268056035,0.021952197190980613,0.020880595841852995,0.0536609264668415,0.0371498721693518
205,0.5814260457892876,0.05223221464148348,0.010501715113102498,0.0023627682850762845,0.00848215451442894,0.09672007446455826,0.0073512005791717475,0.012972706904420733,0.0073512005791717475,0.0022053601737515244,0.009588522494571847,0.00848215451442894,0.002940480231668699,0.008168000643524166,0.0014390940074089193,0.05576772853164774,0.11026800868757623,0.0027567002171894057,0.00848215451442894,0.010501715113102498
206,0.002925466480604326,0.007951267870360474,0.007951267870360474,0.009120571968942899,0.31507692271131493,0.004027265544728034,0.005001603982968687,0.2711846880070822,0.009120571968942899,0.137902457314657,0.0831974125947474,0.004698476468849372,0.0015661588229497906,0.008160511761685751,0.0027442428933102526,0.002078758268277651,0.002925466480604326,0.10851412644369941,0.0114851647016318,0.004367597844282515
