site,A,C,D,E,F,G,H,I,K,L,M,N,P,Q,R,S,T,V,W,Y
111,0.0074522273157513405,0.2745953456964745,0.04975069605863642,0.4085919332057483,0.016752004351583943,0.001492874253760445,0.01568264718563743,0.014658003807635956,0.05504095462588331,0.00521173468715945,0.01876224487377402,0.019618191235564325,0.007216248028374623,0.014213821874071227,0.00617179107689935,0.047990673331752394,0.008087174514557767,0.0045140942577806,0.013029336717898623,0.011168002901055962
112,0.06297231197556706,0.017351240351405256,0.056186701030677945,0.12796690448034528,0.005253819653080516,0.033976039252747926,0.010853129599189423,0.08903841727852245,0.09292826324888173,0.05388728978477441,0.0588427801145018,0.034613400067354,0.01891375075108986,0.05143144399358983,0.02125280318877909,0.07529095880792554,0.1147131084535941,0.06135630822605785,0.003197977180135967,0.009973352561779962
113,0.008846761121196705,0.017501681783367865,0.01881430791712045,0.022805221717721758,0.024276526344671548,0.007378159967498215,0.037738876078329674,0.03135717986186742,0.019804534649600476,0.0037724826497973524,0.035836776984991325,0.01835542235816629,0.6553556809758802,0.025950769540855793,0.006224252453125792,0.004751099689102682,0.011067239951247322,0.009526231856769847,0.016360267754017783,0.024276526344671548
114,0.02944287781018723,0.05209124535648509,0.006128381806645305,0.07625103194534458,0.012256763613290608,0.0015098911697531913,0.0541748951707445,0.12158255997581806,0.05764496428602292,0.10330589859320426,0.09020958509469974,0.007441606479497871,0.0028939580753602834,0.04688212082083659,0.018491006212474844,0.06757783181381852,0.10326975492273707,0.09559679826645005,0.011575832301441134,0.04167299628518808
115,0.11105592299768507,0.1951692847947483,0.01647532923592031,0.009610608720953514,0.03295065847184063,0.03279159909053343,0.04613092186057687,0.07339010296000867,0.01048430042285838,0.09992775065867522,0.02762419577168833,0.03391979548571828,0.05211324581886861,0.062445399836365434,0.020981577107460306,0.04805304360476755,0.013306996690551017,0.07032152722648913,0.028831826162860546,0.01441591308143027
116,0.01290722452926174,0.032494991533545646,0.012997996613418258,0.009408447262154158,0.03899398984025478,0.0016125530253143616,0.03249499153354564,0.08665331075612173,0.011468820541251406,0.005168482496731328,0.12758338409801837,0.03899398984025478,0.00722110922967681,0.1733066215122434,0.004642141647649378,0.022282279908717024,0.1876216333700346,0.1690264446209686,0.010123899240740065,0.01499768840009799
117,0.0067611167930716415,0.013522233586143285,0.014317659091210539,0.16064484946262345,0.027044467172286566,0.003579414772802634,0.03303430060802916,0.02212729132277992,0.06082239437747126,0.0673001119809155,0.016226680303371942,0.13276374793667953,0.004967351113277125,0.21132642366027654,0.07920936430812887,0.08692864448234969,0.025179331505232317,0.005795242965489978,0.01106364566138996,0.01738572889646994
118,0.010486628799092026,0.012261154511646461,0.02197198415047853,0.01591074714344997,0.025633981508891616,0.07546805784433092,0.01922548613166871,0.015427701565961119,0.028838229197503073,0.010985992075239264,0.02428482458737101,0.006920216067256646,0.013183190490287117,0.06591595245143558,0.004918892550309656,0.4006378792870223,0.17920994921995537,0.011253943101464615,0.02197198415047853,0.03549320516615763
119,0.02297691733555078,0.005436721179308502,0.018831125631474672,0.031442097406543176,0.05470415137227434,0.01810302577952486,0.007476291911617338,0.05430907733857458,0.03318888059579557,0.010125421198717292,0.039826656714954695,0.04295361822085532,0.023895994028972814,0.02212592039719705,0.01127169529668529,0.010157090104767477,0.03318888059579557,0.014223805969626678,0.027154538669287288,0.5186080902524768
120,0.011942145576173721,0.039807151920579084,0.02843367994327077,0.006357069330386118,0.04593132913912971,0.5181526901349811,0.059710727880868605,0.04975893990072384,0.02596118603516027,0.011057542200160853,0.024879469950361926,0.02843367994327077,0.012185862832830328,0.029855363940434303,0.00344712127710222,0.012439734975180961,0.017561978788490765,0.02130260497793748,0.01765776367597555,0.03512395757698153
121,0.018196253432777486,0.02040923987699933,0.02452538506156966,0.02169553293908085,0.07324254709887273,0.004912795421560495,0.03318140331859424,0.03525524102600638,0.03318140331859424,0.007727176115289071,0.04339106587816171,0.03525524102600638,0.013430568009907195,0.037605590427740136,0.022521333392413273,0.013173581096485682,0.02350349401733759,0.010643091630492494,0.4905434664843709,0.03760559042774014
122,0.02066987209384838,0.03996175271477354,0.006963436070676407,0.033301460595644615,0.04610971467089255,0.009528446355187379,0.023217141355195817,0.0383349981068804,0.03996175271477354,0.01577437607162113,0.037464143170100196,0.5213120201391664,0.023977051628864127,0.04610971467089255,0.010898659831301874,0.0019023042303090028,0.010533042208164756,0.013623324789127342,0.029971314536080155,0.03038547404649973
123,0.19522535155171125,0.036974498399945314,0.031286114030722956,0.018487249199972657,0.018487249199972657,0.007821528507680739,0.016946645099974934,0.35331355314449053,0.020238757381456383,0.0537943524993763,0.0024604347386053497,0.02259552679996658,0.015063684533311054,0.012709983824981204,0.007700533154247156,0.0063549919124906,0.0026247313515431092,0.13905050857360887,0.016268779295975935,0.02259552679996658
124,0.05171589691871936,0.2597893842711582,0.009585260069795161,0.008509796622989372,0.008259665820946387,0.0019501704970977497,0.007977934334052538,0.12344731214609049,0.009117639238917183,0.020720462355243073,0.0840906404076567,0.008235287054505843,0.005318622889368359,0.014182994371648952,0.003988967167026268,0.007855196882759421,0.13124286910871835,0.22177038594231174,0.011604268122258234,0.010637245778736714
125,0.005094234944915515,0.0173198613842157,0.01047148294232634,0.01449897638168262,0.015078935436949924,0.026716078470543587,0.03824792442007507,0.019840704522302532,0.4034346780416136,0.005032431106272306,0.012565779530791604,0.019840704522302532,0.010524807393360914,0.011087452527169063,0.32754869171252793,0.025039069643956764,0.0060802159019959405,0.004487778403854145,0.007249488190841312,0.019840704522302532
126,0.013250481137480383,0.15603722578168033,0.018204343007862705,0.014003340775279002,0.005250147996706145,0.005872368712213775,0.010244110756965921,0.017337469531297816,0.040454095573028225,0.3162617683537227,0.2682745285369241,0.013484698524342743,0.010305501019944936,0.02427245734381694,0.004193754976555066,0.005779156510432604,0.014563474406290161,0.028485136325100344,0.019162466324066003,0.014563474406290161
127,0.01845631116062051,0.008612945208289572,0.009395940227224989,0.0011510429705900848,0.014765048928496411,0.020830139924013145,0.017225890416579143,0.10335534249947488,0.17949640738934713,0.02242865560207614,0.008987421086910858,0.10404299846648798,0.004398099680828718,0.10006663452446041,0.10406530050142798,0.11130575346097295,0.10529852290666142,0.032811219841103134,0.008987421086910858,0.02431890411752349
128,0.16115821700562097,0.05316923430405441,0.07438071554105585,0.03554960669241639,0.006714925708567541,0.08192527721368309,0.006361508566011354,0.006714925708567541,0.1057600799099388,0.005621798267637942,0.025446034264045417,0.031698877652781746,0.03648865290693306,0.027892768327895938,0.06142858634872212,0.10477990176603191,0.13119390787523993,0.030991964808773274,0.006361508566011354,0.006361508566011354
129,0.09173171283996144,0.05358445359598268,0.09173425479747035,0.08008766039896935,0.02870595728356215,0.08703643645163649,0.03215067215758961,0.005023542524623377,0.03572883936905337,0.006977142395310245,0.015863818498810665,0.04018834019698701,0.04954560751425933,0.1507062757387013,0.074065760138413,0.09025347586611489,0.002392163106963513,0.001535142175459282,0.0035882446604452688,0.05910050028968679
130,0.05290605922284583,0.15853243144273602,0.012110116290764559,0.041032116472404886,0.03229364344203882,0.0015400457207488945,0.11397756508954879,0.05651387602356792,0.026911369535032346,0.04180721451504894,0.046253935879151824,0.009688093032611646,0.0021061071810025314,0.04844046516305822,0.020760199355596386,0.05179374049287401,0.12110116290764557,0.0839325479208546,0.02985884514941,0.04844046516305822
131,0.007960127208075317,0.014303764069056922,0.3726006100693128,0.028814213045199988,0.03065092300512198,0.0012600511461641041,0.015947530791204142,0.03065092300512198,0.035759410172642316,0.009130062171738465,0.04291129220717078,0.2972129212883705,0.009979370280737391,0.022584890635353037,0.007273100374096744,0.017164516882868304,0.012260369202048794,0.007688047200803553,0.02145564610358539,0.014392231141327365
132,0.14795633757284507,0.16365558508782987,0.005283340334135906,0.00851601460864273,0.021521093535686688,0.0015289410952958706,0.015815455701765076,0.17180786181138685,0.024601819980523448,0.10951047301560261,0.018451364985392585,0.014761091988314065,0.004025752360449291,0.020128761802246455,0.003256123232716339,0.005677343072428487,0.044283275964942206,0.19212295373138782,0.010064380901123226,0.017032029217285465
133,0.02784471656457635,0.04480467657176259,0.006066170394425562,0.007077198793496489,0.14756049976544983,0.0048370755742440374,0.10808812702794636,0.005495297904438216,0.010615798190244734,0.09840876336884104,0.02426468157770225,0.18683804814830732,0.0035385993967482444,0.028308795173985955,0.004704912741688637,0.036009412392695006,0.05095583131317472,0.001958471120194649,0.040998944734738293,0.16162397924533975
134,0.03649521926402709,0.09155818166238373,0.010543063342941158,0.013178829178676443,0.04744378504323521,0.03690072170029405,0.13713580873252967,0.055816217697923776,0.016646942120433408,0.054119333225766245,0.05535108255044107,0.0917884190241772,0.006784324834924393,0.04692251360895935,0.07424276677107398,0.060013039998266834,0.06469607051350257,0.02928628706372544,0.015814595014411736,0.05526279865230666
135,0.07605031783505962,0.1272047226498566,0.012897422322904849,0.0103330701905906,0.06331461867607836,0.0021495703871508083,0.029019200226535907,0.07799205209416346,0.03771261802642939,0.05995027910517524,0.10060267551550557,0.011607680090614365,0.0022322461712719933,0.09888023780893719,0.03827423426219297,0.01626177863511239,0.0777354129191884,0.08592479585561945,0.004145600032362273,0.06771146719525048
136,0.11239529702788721,0.06488700565435532,0.03244350282717766,0.005249001123523402,0.01622175141358883,0.07799133228562835,0.3460640301565617,0.025954802261742127,0.04325800376957021,0.007633765371100625,0.021629001884785105,0.025954802261742127,0.060114865597965764,0.01853914447267295,0.004474965907196917,0.0468047038563074,0.011482918575267356,0.03924793543082103,0.010814500942392552,0.028838669179713474
137,0.07767788123139494,0.08973142819828572,0.017946285639657146,0.029910476066095246,0.07765702677624202,0.00876419072239924,0.029910476066095246,0.07765702677624202,0.044865714099142875,0.03988063475479366,0.07765702677624202,0.07765702677624202,0.03925749983675001,0.02243285704957143,0.008157402563480522,0.053838856918971445,0.1295110665716665,0.0077556949784421784,0.044865714099142875,0.044865714099142875
138,0.039576490207559455,0.02538974472128446,0.11390941982855357,0.24240605869431964,0.046547865322354845,0.05966205069770043,0.023273932661177426,0.03989817027630416,0.021402595665445664,0.06982179798353229,0.02538974472128446,0.03103191021490323,0.01269487236064223,0.11969451082891247,0.005942280679449555,0.04189307879011937,0.02792871919341292,0.004124407810851655,0.02148363014877916,0.02792871919341291
139,0.05514023177657176,0.12729818584876215,0.0043520747298722105,0.003143165082685485,0.02020606124583526,0.06152364891960641,0.016973091446501623,0.021760373649361054,0.09429495248056456,0.0369550831211944,0.06618591846384762,0.009429495248056455,0.048902051123688194,0.07032657288439723,0.1140918157362005,0.08603608550790282,0.04175919324139288,0.035499276227977244,0.01257266033074194,0.07355006293484034
140,0.06977909416646222,0.11016530219247168,0.010572590025221549,0.01153373457296896,0.007929442518916162,0.005102035344042437,0.15456517077714377,0.02718666006485541,0.01153373457296896,0.10756461156094968,0.0390372554777411,0.018124440043236937,0.007048393350147697,0.015858885037832324,0.0003576710750077465,0.11223373939447574,0.13532915232283582,0.15243471208194392,0.0020613482015469963,0.0015820272192310172
141,0.009476498763921067,0.023474315627284196,0.4080819645729812,0.01624046161135983,0.023474315627284196,0.0009769045909660435,0.016767368305202996,0.03129908750304559,0.03611433173428338,0.012354902961728522,0.04694863125456839,0.08119173040230646,0.012688819257991457,0.03912385937880699,0.026082572919204666,0.010670143466947361,0.010670143466947361,0.007173139498402212,0.06706947322081198,0.12012133583595602
142,0.0009000719034357386,0.4085835270994831,0.015743849825221676,0.029519718422290633,0.01686841052702322,0.010267728146883702,0.013891632198725006,0.055286422225588744,0.01475985921114532,0.004630544066241669,0.013119874854351392,0.01686841052702322,0.06984388207535276,0.01967981228152709,0.007871924912610838,0.00515432258701868,0.20487218552426456,0.05277819904875848,0.01967981228152709,0.01967981228152709
143,0.016863453495410182,0.016863453495410182,0.014989736440364604,0.019272518280468776,0.05995894576145842,0.006745381398164072,0.02997947288072921,0.13490762796328143,0.016863453495410182,0.23394950697511757,0.012848345520312516,0.024528659629687536,0.0011591929323568628,0.008222242381800736,0.020854332936470526,0.010377509843329342,0.00817621987656251,0.31847073737257153,0.017987683728437526,0.026981525592656284
144,0.008264882162485113,0.015742632690447834,0.023613949035671752,0.015742632690447834,0.21488693622461297,0.005247544230149279,0.014373708108669763,0.14168369421403051,0.022039685766626974,0.28703672405860764,0.09416118407289761,0.013774803604141853,0.0011484620085894643,0.011024598675660994,0.003040690805941084,0.005419594860645976,0.00972339077939425,0.08662726309102685,0.013223811459976182,0.013223811459976182
145,0.23852229743106998,0.3247626363348484,0.012456164421400323,0.014372497409308065,0.03123209004456295,0.0034983507220801738,0.015570205526750406,0.01779452060200046,0.018684246632100488,0.007327155542000189,0.02491232884280065,0.026691780903000693,0.00889726030100023,0.02874499481861613,0.013717801903791344,0.09490461722451607,0.007785102763375202,0.07232611599522767,0.03318055261311612,0.004619279968434466
146,0.03149183917731754,0.03197814855787304,0.4167123240753648,0.02168948101461143,0.05329691426312174,0.0012644640023852878,0.04796722283680956,0.039972685697341304,0.03689786372062274,0.012299287906874245,0.028216013433417383,0.09804655711169255,0.01713115101314627,0.05329691426312174,0.010901641553820356,0.009224465930155683,0.015989074278936526,0.03332915729489435,0.019186889134723824,0.0211079047337698
147,0.005128634195335017,0.008205814712536025,0.01465324055810005,0.011396964878522256,0.01367635785422671,0.004558785951408904,0.007597976585681506,0.1779049891256502,0.01772554979177788,0.2530919627125654,0.2521529527784426,0.008919363817973942,0.006216526297375778,0.008547723658891693,0.002538386201534465,0.006617592510109699,0.0014001451848082425,0.17977146949625986,0.007073978200462092,0.012821585488337544
148,0.036687528071405955,0.020025464331692933,0.06505902405215576,0.021072130996123265,0.011989315911587372,0.6041454975825195,0.030233927081394246,0.020452362437413753,0.023978631823174737,0.006438706693259887,0.016556674354096846,0.01879406278032615,0.016556674354096846,0.028974180119669485,0.007558481770348562,0.005176629191805103,0.010226181218706878,0.018376253316279095,0.017830264689027375,0.019868009224916217
149,0.023196043483351893,0.02022214649567638,0.016694998770054807,0.6517644673544224,0.01870548550850065,0.0588686862190102,0.0374109710170013,0.026722122155000923,0.008776964751911729,0.005985755362720206,0.022673315767879572,0.01968998474579016,0.009124627077317392,0.014964388406800519,0.008600223222299148,0.007194417503269481,0.011003226769706265,0.006632541271674459,0.010391936393611472,0.02137769772400074
150,0.11300829945968591,0.08136694471377358,0.06729596931214356,0.09388493620820026,0.0038931552494628503,0.06594844952155891,0.044686651559051854,0.004430142180423245,0.06754181067488273,0.021969226293547126,0.055060338528117446,0.06022224526512845,0.004095109424491579,0.07800214624816637,0.027651074961784344,0.11155712883237141,0.07700121640474458,0.01450514294557933,0.002294180772004894,0.005585831444881482
151,0.2277753565334878,0.1228007233966948,0.017542960485242114,0.008771480242621057,0.009073945078573507,0.206467150326311,0.012530686060887225,0.012530686060887225,0.013663221734624881,0.028888573995911607,0.017542960485242107,0.010120938741485834,0.0011534756852157122,0.011961109421755985,0.002769941129248755,0.22846433227554847,0.02107523548127687,0.02708839486691797,0.005159694260365328,0.01461913373770176
152,0.12089859718704332,0.06664074777533847,0.0065108847224955866,0.0056427667594961765,0.042925717814829324,0.0765804060217338,0.05989598544129981,0.008909631725520275,0.008909631725520275,0.002564893981589171,0.0056427667594961765,0.07523689012661568,0.13124906365934502,0.14936735539842816,0.003022910764015808,0.14675479450712664,0.0641249219860363,0.004584843846542216,0.004575216291483385,0.015961973506044558
153,0.03544205426630154,0.07238912451320266,0.01286365674693742,0.003181334464296351,0.01408876691331241,0.011301146944486029,0.11094903944233524,0.17022756300149683,0.004696255637770804,0.10566575184984307,0.15241484206219788,0.035415670167201596,0.002348127818885402,0.03001519907618731,0.0024514458815500474,0.08550207905495973,0.038953793314043215,0.08830390646944318,0.008218447366098907,0.015571795009450556
154,0.12238592898914971,0.07807468350920722,0.013512925991978172,0.005091827185383079,0.13777885325154213,0.04419321708068334,0.07814827702055531,0.005091827185383079,0.015111229066298172,0.009163119468436709,0.009368962021104862,0.03603446931194179,0.10153805629061205,0.02927800631595271,0.023314560405416084,0.09197257502851747,0.07053110707751581,0.028563908600929475,0.04229045356748725,0.058556012631905414
155,0.0614596711791865,0.051161411129228264,0.016823044431994238,0.07641810356240474,0.027843452487548926,0.029023430272360692,0.08397231702594121,0.06133630113199184,0.0016935454322533927,0.062082729440443116,0.06690622057159225,0.054726785923803055,0.03598813586826052,0.17852032431273446,0.014695155479539713,0.0433120372028539,0.07025583406078403,0.04774954298131865,0.01259584755389118,0.003436109951869304
156,0.010426465245984473,0.0899277811519085,0.008742978723102214,0.004763327300597305,0.02331460992827257,0.002853290823939806,0.05521881298801399,0.4429775886371788,0.013988765956963543,0.02440276087632257,0.02817567775446055,0.013988765956963543,0.003815117988262785,0.013988765956963543,0.003681254199200932,0.008742978723102217,0.0506840101200497,0.18202771647268084,0.007235568598429418,0.011043762597602797
157,0.0220947359990136,0.0305636232180365,0.016136711509720823,0.39811157919133294,0.07640905804509125,0.0017338840351987512,0.017632859548867213,0.026967902839443968,0.03278730008968694,0.010187874406012168,0.038204529022545626,0.021831159441454643,0.009551132255636407,0.07619002815859612,0.008335533604919045,0.011755239699244809,0.013483951419721984,0.11455264939519703,0.038204529022545626,0.03526571909773442
158,0.11230871171768868,0.08168523535265079,0.009106601708546413,0.21292746966814,0.02450557060579524,0.019575360539257687,0.009802228242318094,0.016337047070530155,0.0035979587681272745,0.006807102946054235,0.012252785302897619,0.02722841178421694,0.006623127190755471,0.234845051638871,0.004805013844273576,0.037522107443700915,0.12933495597503045,0.02841237199748593,0.0094252194637674,0.01289766873989223
159,0.051694101822814344,0.06982033231626004,0.03491016615813002,0.10473049847439009,0.036963705343902385,0.054641999204029616,0.1047304984743901,0.03068337394020806,0.11051818200935701,0.01745508307906501,0.09309377642168004,0.07680236554788605,0.0012346513337939534,0.02538921175136729,0.03766315755935186,0.0445253993900462,0.06053606263793962,0.015515629403613344,0.011636722052710005,0.01745508307906501
160,0.008107421306941217,0.0271837067350382,0.025673500805313852,0.0271837067350382,0.03300878674968923,0.007129591799249024,0.021005591567984056,0.057765376811956155,0.13638095285568896,0.0076559115487020366,0.028882688405978078,0.03554792419197302,0.011904987412787452,0.08314360787147478,0.4010248838895233,0.012161131960411825,0.017115667203542566,0.009061235578346066,0.019255125603985387,0.03080820096637662
161,0.027473846571847416,0.31793729574471047,0.03091057041962463,0.08242818778566569,0.022480414850636093,0.005495212519044379,0.011240207425318047,0.012032887114401114,0.02076482025384873,0.00650748850939466,0.01902188948899977,0.017663183096928364,0.007254816984598206,0.016485637557133132,0.005750803798999932,0.127151065367174,0.21473238914206477,0.007273075392852855,0.016485637557133132,0.03091057041962463
162,0.17889050317444652,0.04934910432398523,0.019191318348216482,0.034544373026789664,0.03700965172381658,0.06363437136513887,0.027056228939879554,0.061622759505361384,0.019191318348216482,0.07480427434711967,0.15113163199220478,0.08636093256697419,0.002055362107667886,0.006643148658998013,0.020080216140828538,0.05997286983817652,0.04797829587054121,0.045435901471332335,0.007196744380581182,0.007850993869724925
163,0.04493470797863378,0.04717967212205888,0.010671592503799029,0.0032014777511397093,0.009147079288970598,0.04850792833299816,0.05122364401823535,0.013698050198073472,0.17484588611121982,0.024944608112511937,0.048784422874509854,0.11383032004052301,0.002613451225420171,0.06402955502279417,0.1110328285846514,0.08342631859730909,0.07509830320148435,0.03735057376329661,0.02328347455374334,0.012196105718627464
164,0.12477962489483051,0.07963285689137281,0.007719511637428996,0.004698833170608954,0.005403658146200298,0.0064474501504918754,0.006972462124129416,0.08672107724631992,0.006972462124129416,0.09868898980597358,0.10345430333698213,0.005542213483282357,0.0018795332682435817,0.0051463410916193315,0.0015893112194706757,0.059747764868556125,0.19545540536475117,0.18834088488320824,0.0036024387641335315,0.007204877528267063
165,0.003364264833517823,0.007713192545138423,0.008108740880786548,0.010541363145022513,0.004125802314768686,0.0038565962725692115,0.004418930030389573,0.11257915934859102,0.009301202775019864,0.27642293398750506,0.479152870228296,0.006874802051101638,0.0046694955647908236,0.004941263974229303,0.0017497101054051937,0.0022751143478465844,0.0035936465267122192,0.04137731327952762,0.007027575430015008,0.007906022358766885
166,0.06846237154066552,0.03371749123551558,0.08166143255266775,0.06602826888919626,0.001775427251088625,0.05318943882740811,0.06272685544473645,0.0041626517343188955,0.037126338198347646,0.004777664416623786,0.009772495397639561,0.07402245547249867,0.011518229032510317,0.11783506447918105,0.08137045632809146,0.0833466281834523,0.11209657234927825,0.0056318229346667414,0.01772981294246937,0.0730485227896438
167,0.10771109313247208,0.1359050626514734,0.007450372054617632,0.005711951908540186,0.010079915132717972,0.003848600422930042,0.00659071374062329,0.053292434539951535,0.027093154347401845,0.16044111248684298,0.1491830665150474,0.011423903817080371,0.002809156676331238,0.004631312358275825,0.0012555637126595688,0.05452317730879268,0.1664947852932674,0.0821197033377609,0.004079965648957274,0.005354954914256423
168,0.168697655490915,0.05438536260722902,0.008254921110025834,0.005808623592572439,0.013903025027411932,0.002448933138260932,0.0085212088877686,0.18646410036764235,0.01148510763134029,0.24169575214793299,0.009732451467824206,0.008254921110025834,0.0024920516558568557,0.006951512513705966,0.0031077350061273733,0.0036688538266781492,0.01288573051321106,0.23010945586380493,0.010566299020833069,0.010566299020833069
169,0.08576743371838351,0.05321430710883494,0.05636774753009924,0.1091499006565595,0.01170714756394369,0.10150317140729702,0.08514289137413592,0.018010996252221054,0.02787416086653259,0.0036021992504442113,0.006161656612601941,0.07450002995236893,0.0029760421437629385,0.11238861661385942,0.007708724615811534,0.13379597215935643,0.06436878042149381,0.025483612325369866,0.004312317294273018,0.015964292132650486
170,0.09356808678420178,0.08549527154228882,0.06779874977580107,0.03157466518378827,0.06690934294613908,0.07054958369792028,0.04060375247868152,0.019515225025957234,0.0048788062564893075,0.001593079593955692,0.06071403341408916,0.08439481114554215,0.047348414817076565,0.0730247130003561,0.0009881126595421381,0.09310597411563903,0.04925701120364642,0.02895156150099146,0.020816240027687713,0.05891256483020628
171,0.0109595727736078,0.04774235452779427,0.02341363274361666,0.017169997345318887,0.07024089823084997,0.004811510488685092,0.04682726548723332,0.02452856763616984,0.0223956487112855,0.007171265012534758,0.018396425727127377,0.017762066219295398,0.010731248340824303,0.016662264728000375,0.0017139857533945632,0.0074652162370951675,0.009905767699222433,0.01226428381808492,0.449553056394011,0.1802849721258483
172,0.0028258867125752155,0.018799901785971417,0.01815162931059309,0.01595143181839999,0.1205022311221756,0.0072199081631196295,0.01891515958089805,0.05554305232354408,0.015039921428777128,0.45811961796962153,0.12304850331350965,0.02924429166706665,0.04606396033291942,0.011199941489514885,0.004440459574044431,0.006663256329205059,0.007975715909199994,0.007639005473972972,0.013159931250179991,0.019496194444711096
173,0.09688092893505143,0.03450136578936898,0.06505357249344086,0.12009129384127744,0.0028769063560134356,0.04025302011585543,0.059522200469243475,0.0025572500942341652,0.041977212071764664,0.029419017906747388,0.022094640814183185,0.16398366229276584,0.0014236237638004627,0.06075967092444946,0.042502681773394724,0.08384127094667725,0.09738923308313158,0.029641709499484862,0.0020922955316461348,0.0031384432974692024
174,0.008736336147364266,0.01680064643723897,0.01680064643723897,0.015309446401103335,0.01985530942582787,0.008400323218619485,0.02912112049121422,0.029848573129394068,0.37932396692370546,0.009496017551482895,0.02730105046051333,0.015452227493919926,0.007531324264969196,0.05649936307416843,0.2876369127302193,0.008565035438592416,0.007182453405440698,0.010158530403911936,0.022990358282537537,0.022990358282537544
175,0.027780129852256138,0.03495168730911052,0.006990337461822102,0.01638360342614555,0.007943565297525117,0.01909993389697962,0.15887130595050233,0.02252177989057678,0.12193767769280182,0.013041674369071086,0.01962344877438974,0.0873792182727763,0.0034951687309110508,0.15145731167281226,0.15188373876865935,0.06770713150463711,0.022404927762250323,0.011915347946287675,0.010922402284097037,0.043689609136388134
176,0.01276990844324534,0.06810617836397513,0.03004684339587139,0.03004684339587139,0.03405308918198757,0.021283180738742236,0.015962385554056675,0.021283180738742236,0.03405308918198757,0.07737087284591142,0.028377574318322978,0.015478676900903442,0.44325196853575055,0.024537249822301183,0.010424415055710482,0.0055372874964727346,0.044716896588177915,0.034053089181987566,0.02432363512999112,0.02432363512999112
177,0.09776278247485862,0.0520024517655738,0.04574289738638435,0.069280864577449,0.027445738431830617,0.14289190829058757,0.03430717303978827,0.009686731211234338,0.005881229663963704,0.04182025700072127,0.006099052984851249,0.020584303823872965,0.008205361587224175,0.09730761807649035,0.022432828232793932,0.09281649724219082,0.14094980804961105,0.035764872251496535,0.007849016261331335,0.04116860764774592
178,0.11613532813524303,0.09272335069426985,0.031148768327474072,0.22806613772110354,0.0133933728780612,0.048231269921316794,0.1688729623755543,0.01913338982580172,0.011161144065051002,0.002911602799578522,0.016741716097576503,0.03652738057653055,0.0024802542366780004,0.01030259452158554,0.001969613658538412,0.06812563970548348,0.053601399275602646,0.06627363430372578,0.00515129726079277,0.007049143620032212
179,0.012753967174163987,0.046281496232994754,0.026358198826605568,0.01647387426662848,0.3435961973307663,0.00988432455997709,0.026358198826605568,0.013219393235213994,0.056481854628440506,0.011433273452398779,0.026358198826605568,0.021965165688837975,0.0119809994666389,0.030413306338391042,0.008595064834762686,0.0018475077202202267,0.01581491929596334,0.007780311470694898,0.17297567979959905,0.13942806802449115
180,0.08238573216663372,0.4136055874984861,0.019040258100733135,0.023800322625916418,0.019180695081058106,0.007163284420666497,0.028000379559901666,0.01700023044708315,0.014424437955100854,0.006898644239396063,0.018307940481474168,0.022666973929444206,0.014000189779950831,0.025052971185175178,0.05040342186868744,0.0128707855911309,0.008350990395058391,0.07279260773235381,0.009750842705328718,0.13430370423642055
181,0.011949977685241924,0.015246523253584525,0.023271009176523742,0.0491276860393279,0.03684576452949593,0.010282538938463983,0.011053729358848779,0.38372288158128676,0.08842983487079023,0.009211441132373984,0.004424542837220817,0.013398459828907612,0.010784126203754909,0.04019537948672283,0.01030457489205365,0.008342437251961344,0.004318250527099951,0.2164540359356326,0.03158208388242509,0.021054722588283385
182,0.013689018138553895,0.0367892362473636,0.021022420712779197,0.004203634381841585,0.045279059996755196,0.017837205453267196,0.019620925998593917,0.03462516352693045,0.511487749436162,0.008175385832747465,0.016861917677935843,0.014783172918812202,0.010511210356389598,0.03666866405872604,0.06530590382591073,0.012263078749121196,0.006143223125620063,0.019620925998593917,0.08408968285111679,0.021022420712779197
183,0.01781562190860731,0.02237350193306226,0.023971609213995278,0.02097515806224587,0.04794321842799055,0.0074578339776874185,0.015981072809330185,0.19429620099764597,0.0372891698884371,0.1727401423211963,0.006105001968231333,0.02097515806224587,0.007140479340339019,0.014591414304171041,0.007627330204453042,0.01157250099985979,0.014591414304171041,0.2912971239715657,0.0372891698884371,0.02796687741632782
184,0.01024698517612671,0.07778399604042527,0.02673824863889619,0.015278999222226393,0.021390598911116946,0.0427811978222339,0.05629104976609724,0.035650998185194925,0.01188366606173164,0.18556761125556825,0.17084239197028314,0.0377481157255005,0.00091844386039884,0.04201957996091125,0.0030244952072230984,0.00891274954629873,0.0045511912576844575,0.050710894299969334,0.0125827052418335,0.18507608185027954
185,0.16585176298053395,0.1917924362547621,0.07371189465801507,0.07371189465801507,0.045057708845481194,0.005670145742924237,0.011056784198702261,0.024570631552671692,0.03159081199629217,0.017010437228772705,0.044227136794809045,0.03685594732900754,0.007897702999073043,0.02764196049675565,0.0008405115691922936,0.01059328879859183,0.011638720209160274,0.19127187818761743,0.01398206691770194,0.015026278581920662
186,0.008640939399030394,0.04320469699515197,0.02160234849757598,0.019202087553400873,0.14948135689144734,0.014401565665050653,0.012344199141471989,0.08640939399030394,0.034563757596121576,0.0262061818565215,0.14948135689144734,0.04320469699515197,0.14971989065543628,0.012509315445737404,0.01019351230915725,0.0018195687471380983,0.03104980812694643,0.019202087553400873,0.14948135689144734,0.017281878798060785
187,0.04869684822407372,0.001619765601197751,0.024348424112036852,0.04869684822407372,0.051863636426803375,0.014609054467222111,0.0014256260998388394,0.04869684822407372,0.12651781454165598,0.020870077810317304,0.04869684822407372,0.021146767685562208,0.07304527233611056,0.12651781454165598,0.12651781454165598,0.009799203478517692,0.018261318084027638,0.013280958606565555,0.04869684822407372,0.1266922105464636
188,0.0014663018924810267,0.02100692166071099,0.022242622934870455,0.06302076498213297,0.03151038249106648,0.009695502304943532,0.1890622949463989,0.00321118285025877,0.04201384332142198,0.009950647102442048,0.03151038249106648,0.013038778961820614,0.01479602509434504,0.025208305992853182,0.01512498359571191,0.1079828060639594,0.328341780397003,0.010219583510616158,0.029086506914830598,0.03151038249106648
189,0.13102883451330327,0.11363266840280987,0.011522914109686328,0.013617989402356569,0.01198383067407378,0.11190854450169938,0.015768198255360237,0.013733302075689019,0.013025902906601937,0.004539329800785524,0.014979788342592225,0.042202013521206366,0.07489894171296116,0.017623280403049675,0.0023815378187321905,0.2599554329414059,0.10612406921948583,0.007681942739790886,0.017623280403049675,0.015768198255360237
190,0.0327189343659685,0.07369171717013658,0.03670022278038421,0.03751578328661497,0.004689472910826872,0.03020338484939341,0.043768413834384144,0.050426905583973315,0.0984789311273643,0.04597522461594972,0.05861841138533589,0.08350876403500451,0.03358347599457975,0.08971165568538364,0.03725814089807807,0.051275904102915555,0.08124486526282328,0.09872574549109203,0.007214573708964419,0.004689472910826872
191,0.19643258000023933,0.2985775216003638,0.014286005818199228,0.007483145904771022,0.012088158769245499,0.025879544981565486,0.00827084547369429,0.0031113509939334682,0.004513593475533839,0.1226762606744555,0.1362392576477564,0.009821629000011968,0.006285842560007659,0.012088158769245499,0.0038337416479160905,0.047143819200057425,0.05365893211084699,0.017311578105464968,0.010476404266679432,0.009821629000011968
192,0.013583986795217957,0.03803516302661028,0.019017581513305137,0.022373625309770755,0.25356775351073524,0.011885988445815714,0.05024432452182398,0.00657349641529404,0.017288710466641034,0.04559143509641602,0.33038403890022056,0.03803516302661028,0.007607032605322055,0.02001850685611067,0.006568201761280103,0.007457875103256917,0.08039008059819389,0.0014922650978958464,0.010867189436174365,0.019017581513305137
193,0.011852679545387657,0.044759890376778834,0.03977348382372948,0.4275505430296931,0.022379945188389417,0.04898129800385013,0.030772424634035452,0.03787375339573594,0.07951404356998439,0.010257474878011815,0.027353266341364844,0.03282391960963782,0.01262458446524531,0.03814376888070073,0.00794127087329947,0.01200875107669676,0.012308969853614179,0.04515536843683693,0.028962282008503957,0.028962282008503957
194,0.06201652152525125,0.057117375085099314,0.005226426478375101,0.04442462506618837,0.06910497232518187,0.004038602278744396,0.04997770319946192,0.0011153169137591546,0.07518013472739568,0.06981012510401027,0.13691174717452534,0.02213529639762765,0.005728531973048568,0.0710794001059014,0.047386266737267584,0.06061927387468391,0.07697554720248564,0.04595650868916037,0.0063463750094554785,0.08884925013237671
195,0.005138095921425225,0.06347059667642925,0.022020411091822397,0.00906722809663275,0.10276191842850452,0.003952381478019405,0.017126986404750758,0.19716809127338236,0.023370334148865808,0.23384973263326367,0.13364947574977318,0.00906722809663275,0.003584718084715274,0.008563493202375377,0.006662412212155377,0.005138095921425225,0.0010484637261477514,0.1385404099377118,0.007707143882137838,0.008112783033829304
196,0.0529825073965793,0.1143913726521263,0.07200296824106109,0.09516012606310087,0.07815559622194963,0.004414971202214252,0.06078768595040528,0.01287268643655641,0.03961157130542676,0.1583679186602664,0.07486483427576231,0.07460306912095194,0.001350837465564562,0.05166953305784449,0.0013850358824142976,0.04681889770752951,0.0036834305861279397,0.0012206998584878852,0.016578459804655988,0.039077798110974823
197,0.004935828176626516,0.01645276058875506,0.012876073504243088,0.011390372715291962,0.02820473243786582,0.016688110419264903,0.006169785220783145,0.05640946487573164,0.2613085505272862,0.108655512243257,0.050282026832569035,0.015586825820925843,0.0026441936660499196,0.08453221049444352,0.2577539430549815,0.004627338915587359,0.011845987623903643,0.02088915174383989,0.007593581810194641,0.021153549328399357
198,0.005287204880293916,0.03323385924756176,0.020526795417611675,0.013421366234592249,0.12462697217835664,0.004204283398787933,0.012032949037910292,0.0268427324691845,0.014539813420808269,0.30321514736725796,0.15873180269241022,0.01586161464088175,0.001464100502602363,0.007616345570457075,0.002914642283779858,0.005720582329498336,0.007424585576582947,0.02329929874890488,0.03292629221617147,0.1861096117863459
199,0.04294221189942232,0.4190894241351994,0.002302689143599997,0.002302689143599997,0.002102455305026084,0.0010745882670133318,0.00753031404166594,0.09671294403119987,0.0027000844127280012,0.0394615445874534,0.1343235333766665,0.002014853000649997,0.0005838849821743117,0.04192386357289905,0.010622957756535894,0.024376394933540255,0.08628311673371754,0.07868954960162286,0.0025450774745052595,0.002417823600779997
200,0.005222722375748602,0.05965229277429667,0.011914335419676493,0.014951322879594036,0.011914335419676493,0.005196900157049524,0.11304488288147535,0.012924024862021963,0.02772790788579258,0.0029554940575941702,0.010445444751497203,0.010590520373045774,0.0027859332152592414,0.009186957432039709,0.6666684632638622,0.0037562436791098316,0.004357242667767405,0.005187193652104054,0.011213492159695526,0.010304290092693184
201,0.058343059806414924,0.034144001274366065,0.007587555838748017,0.005536865071518823,0.03414400127436608,0.0007168673751776033,0.09455261891362911,0.02560800095577456,0.13960637370291631,0.048989219219742634,0.0414446288199723,0.03841200143366183,0.0019698462273672734,0.10755360401425312,0.17802323320590613,0.04329223847015942,0.0747091467950711,0.0392889877677637,0.008517977749231142,0.017559772083959698
202,0.0038010672892335217,0.014966702451356988,0.030026900716287892,0.008869157008211547,0.06705082698207931,0.009210278431604298,0.20813757398796875,0.02082323819319233,0.009210278431604298,0.0025207077812811774,0.012603538906405885,0.019416262639598256,0.0030157552767259483,0.005487821490279399,0.010527540325067291,0.003991120653695197,0.0035741378988315194,0.006301769453202943,0.45232700741878884,0.10813831466458455
203,0.009808525281693748,0.02256809295015153,0.01924925575159983,0.0347252575428625,0.028455421545843233,0.5693015912698397,0.026178987822175776,0.03635970530857746,0.021815823185146473,0.008284489817144233,0.025172103675169016,0.027269778981433096,0.008726329274058591,0.01983256653195134,0.05493420887579663,0.01211990176952582,0.013089493911087886,0.008976675333361162,0.014633279669382071,0.03849851150319967
204,0.010627803946919175,0.028059712486704122,0.018981570211593964,0.0664478968565876,0.025814935487767796,0.5605926799025627,0.02016791834981859,0.04302489247961299,0.02689055779975812,0.009632438614838729,0.02689055779975812,0.02304904954264982,0.0075043417115604055,0.03226866935970975,0.003667415346478475,0.008381472560963572,0.014667576981686244,0.012654380141062642,0.03585407706634415,0.024822053353622878
205,0.3279352765323645,0.11947421250135255,0.0027366004069025907,0.012433787797743479,0.0022103310978828614,0.04968227955861474,0.0019156202848318136,0.003380506384997318,0.0019156202848318136,0.0005746860854495439,0.002498635154128452,0.0022103310978828614,0.0007662481139327252,0.0021284669831464595,0.0007473369441495205,0.08669587014556639,0.37702890151462504,0.0007183576068119299,0.0022103310978828614,0.0027366004069025907
206,0.002129172772123945,0.005786982406285594,0.005786982406285594,0.006638009230739358,0.17692824183232592,0.0029310690109758198,0.0036401986104054544,0.3991428749677042,0.006638009230739358,0.1963079902529045,0.09357973988700849,0.0034195805128051228,0.0011398601709350412,0.005939271416977319,0.0019972771136737887,0.0015129332480780953,0.002129172772123945,0.07281489458731724,0.008358974586856967,0.0031787649837343394
