site,A,C,D,E,F,G,H,I,K,L,M,N,P,Q,R,S,T,V,W,Y
111,0.04705652968028906,0.2616935767997001,0.05703192983503836,0.352258534902329,0.022197223032117422,0.001978131217861892,0.020780272617389087,0.019422570153102746,0.007091736629961388,0.0069058027211032005,0.024860889795971515,0.025995060483695372,0.009561880690758277,0.018834007421190544,0.00817792427499063,0.0673939783625734,0.010715900774125656,0.00598139511696595,0.017264506802757998,0.014798148688078284
112,0.011338782067564149,0.0994217853132578,0.09748116224767467,0.3384360450541129,0.021304668281412385,0.05319411332919683,0.027115032358161213,0.015698176628409125,0.05954176146540125,0.025712530684463226,0.059653071187954675,0.0233933612501783,0.008521867312564955,0.029826535593977334,0.004660396186558961,0.02348546109761996,0.017806886921777516,0.060329614033954905,0.012968058953903192,0.01011069003185673
113,0.009232907797067398,0.022760191313701033,0.024467205662228608,0.02965721898451952,0.031570587951262725,0.009594982612638669,0.01405380123596169,0.04077867610371434,0.025754953328661696,0.03638959654279885,0.04660420126138782,0.023870444548515713,0.55761703359541,0.033747869878936014,0.008094375064717649,0.00617860267447017,0.014392473918958005,0.012388458563153723,0.021275831010633572,0.031570587951262725
114,0.006274644120757996,0.07215840738871694,0.016978448797345166,0.08246675130139078,0.03395689759469033,0.00418309608050533,0.011545345182194714,0.1632004646488527,0.06341990690469688,0.07591201784839136,0.16337911265315355,0.020616687825347695,0.008017600820968548,0.02886336295548677,0.00836619216101066,0.0468054534413299,0.09781532108135818,0.07091847328810094,0.010690134427958064,0.01443168147774339
115,0.021953754126165237,0.11399064642431947,0.02116969147880219,0.024697973391935888,0.04233938295760437,0.030659553176196275,0.08891270421096924,0.026943243700293704,0.026943243700293697,0.1674283051725949,0.020324273282580494,0.05230159071233484,0.0014780553152634213,0.08111693803718431,0.013820391399818272,0.02469797339193589,0.0455962585697278,0.02891470055641275,0.1481878403516154,0.018523480043951924
116,0.01446704976291081,0.014418881989463676,0.01153510559157094,0.016699101538407587,0.03460531677471282,0.0014310643380077463,0.02883776397892735,0.01922517598595157,0.01017803434550377,0.014251842426633585,0.04985797202671258,0.03460531677471282,0.006408391995317188,0.01922517598595157,0.004119680568418193,0.004943616682101832,0.5969417143637961,0.09772961665512472,0.007209440994731837,0.013309737221043392
117,0.014732542481385535,0.02946508496277107,0.031198325254698785,0.12239342984535675,0.05893016992554214,0.0077995813136746955,0.027868170504325863,0.04821559357544357,0.09144336712584125,0.019352123883385593,0.03535810195532529,0.04821559357544357,0.032471726285502815,0.29970531127734473,0.021000993265965072,0.01894184033320997,0.01828867342516825,0.012627893555473314,0.024107796787721788,0.03788368066641994
118,0.014785250479390997,0.017287180093273086,0.030978620052057322,0.02243279383080013,0.03614172339406688,0.05570790533273861,0.027106292545550158,0.04467668832196166,0.04065943881832523,0.015489310026028663,0.034239527425958094,0.03740636060741138,0.018587172031234393,0.09293586015617196,0.006935218155508243,0.36770864537373216,0.040033908990350996,0.015867098075443994,0.030978620052057322,0.05004238623793875
119,0.026949736019594623,0.006376756222550562,0.02208711714059441,0.03687858613207685,0.07154536243856277,0.02123312534877152,0.018124500480093644,0.06369937604631455,0.03892739647274779,0.011876154856092547,0.04671287576729735,0.050380503843630686,0.028027725460378405,0.025951597648498533,0.013220625217159627,0.035739898401496134,0.03892739647274779,0.016683169916891907,0.03184968802315728,0.3948084080913429
120,0.0147065494517617,0.049021831505872346,0.03501559393276596,0.00782862291196048,0.05656365173754502,0.4152620001533596,0.07353274725880854,0.06127728938234043,0.031970759677742835,0.013617175418297869,0.030638644691170214,0.03501559393276596,0.015006683114042551,0.03676637362940426,0.0042450713068737,0.015319322345585107,0.021627278605531913,0.0175850176654477,0.021745236067659733,0.043254557211063825
121,0.024023464281199388,0.026945142691205296,0.03237945185726874,0.028643361258353116,0.02978909570868724,0.006486080542168148,0.043807493689245934,0.046545462044823814,0.043807493689245934,0.01020174510571481,0.05728672251670623,0.046545462044823814,0.01773160458850431,0.04964849284781206,0.0023696203291891874,0.01739231958359245,0.03103030802988254,0.014051460239946812,0.42166672610381795,0.04964849284781206
122,0.021755650468360834,0.04206092423883095,0.0037736977012895042,0.035050770199025784,0.04853183566018955,0.010028971029369735,0.02443672655083778,0.053416860730652244,0.04206092423883095,0.016602996410064852,0.03943211647390401,0.35625343340021765,0.02523655454329857,0.04853183566018955,0.011471161156044803,0.002002231350594754,0.045542232411620545,0.014338951445056005,0.03154569317912321,0.1279264331524986
123,0.03138882727353195,0.03566912190174085,0.060363129372176826,0.03566912190174085,0.03566912190174085,0.015090782343044206,0.032696695076595776,0.4440422875775893,0.026157356061276626,0.05349850650604821,0.00474713926735633,0.04359559343546104,0.029063728956974025,0.024522521307446837,0.01485733506462633,0.012261260653723417,0.005064131581979789,0.020658919107954032,0.03138882727353195,0.04359559343546104
124,0.061607730098102616,0.19533559109439355,0.012834616453779587,0.011394576147172956,0.011059652223969842,0.010587789281573296,0.010682415137974651,0.09606769374609758,0.012208474443399597,0.01305242939241508,0.015538058382508579,0.011027009174683508,0.0071216100919830995,0.018990960245288267,0.005341207568987326,0.026295175724245293,0.25799040333221795,0.19308332889473243,0.015538058382508579,0.014243220183966199
125,0.011233796018129497,0.007106100634758587,0.023091691815043967,0.03197311174390703,0.033252036213663315,0.00536323164736505,0.11050167658244756,0.043752679228504364,0.02597815329192446,0.022797756967302404,0.02771003017805276,0.043752679228504364,0.02320928278055274,0.02445002662769361,0.47049304436611383,0.012290949107861559,0.013408079118412625,0.009896439349304556,0.015986555871953516,0.043752679228504364
126,0.007855255784422059,0.04600935530875778,0.016103274358065224,0.012387134121588634,0.004644198012248485,0.0051946046316339416,0.009061778609784455,0.04683841553355444,0.03578505412903383,0.18221557969395905,0.5424260836400917,0.011928351376344608,0.0009008245218138393,0.021471032477420295,0.004311352768480795,0.005112150589861975,0.012882619486452177,0.005039500356281577,0.016950815113752866,0.012882619486452177
127,0.007070081068282926,0.016496855825993497,0.017996569991992905,0.003994412742985007,0.02828032427313171,0.022023751878829722,0.016496855825993497,0.032993711651986994,0.22367653200121515,0.005209533418734789,0.10421850496868967,0.05202105962527844,0.008423926379230721,0.09443056996073863,0.1566738347661005,0.02284180037445253,0.12150981998551096,0.025138066020561515,0.017214110427123647,0.023289678813167288
128,0.24392438903307315,0.010635463838255501,0.019485084331044296,0.0298007172121854,0.014072560905754216,0.07512603044523652,0.01333189980545136,0.0844353654345253,0.015831631018973495,0.00589083944892037,0.01333189980545136,0.03383876870228609,0.02867616184568783,0.019485084331044296,0.0028033016936330453,0.142861577540005,0.21331039688722175,0.0064950281103480995,0.01333189980545136,0.01333189980545136
129,0.02191729404091676,0.010072989440805667,0.0459853865775911,0.06864118080383486,0.15109484161208506,0.08477972059336533,0.08461311130276764,0.007554742080604254,0.029056700310016358,0.11122259174222927,0.07157124076361923,0.08310216288664678,0.03266915494315351,0.08499084840679784,0.050357696112311695,0.033292083745035686,0.0035974962288591677,0.002308650347002305,0.005396244343288752,0.017775863719068828
130,0.042572603324951136,0.14391499315831024,0.015221778122513581,0.02180168433016108,0.01014785208167572,0.0019357563294122744,0.12177422498010866,0.09133066873508151,0.04059140832670289,0.028963782169823035,0.013055304509319689,0.012177422498010865,0.0026472657604371445,0.08625674269424365,0.030443556245027165,0.07441758193228862,0.02131048937151902,0.06863346141102149,0.0771236758207355,0.09567974819865678
131,0.012543239604640153,0.022539280500996496,0.38124048290174023,0.04432838827730024,0.04829845821642107,0.04811847177888592,0.025129460194244356,0.04829845821642107,0.05634820125249124,0.014386774787870104,0.0676178415029895,0.06693181184458094,0.015725079419299882,0.03558833763315236,0.011460651102201609,0.013523568300597897,0.019319383286568424,0.012114507169387136,0.03380892075149475,0.022678683258716675
132,0.15468062158462828,0.06109372723734702,0.00670584166466824,0.010808890203530626,0.06696248792267706,0.001940597472666013,0.020073653235128306,0.09085398576939532,0.031225682810199582,0.08403379620036952,0.02341926210764969,0.018735409686119753,0.005109657187123569,0.02554828593561784,0.004132810960173475,0.06485334122118375,0.1365008419988725,0.1589291834277793,0.012774142967808924,0.021617780407061252
133,0.004208360311823881,0.1405602024053833,0.009168213536473456,0.010696249125885697,0.14514864790884238,0.015762893448673654,0.058343177050285626,0.008305415337611137,0.016044373688828547,0.05947697326703133,0.018336427072946915,0.3850649685318851,0.005348124562942849,0.010696249125885697,0.005704666200472372,0.001250031103903036,0.025670997902125677,0.00952741833712402,0.0088520682421123,0.06183454283976312
134,0.02360344738357457,0.032299454314365206,0.040912642131529266,0.05114080266441158,0.061368963197293895,0.020456321065764633,0.3469648435348932,0.03609939011605523,0.032299454314365206,0.009468175156917061,0.030684481598646948,0.01584775979465333,0.011251380549475914,0.022806940725801906,0.08938288069742442,0.011364622814313684,0.013947491635748613,0.022729245628627368,0.061368963197293895,0.06600273947884419
135,0.14573126064565148,0.13452116367290906,0.016192362293961277,0.01040937576040368,0.05299318568932781,0.03778217868590964,0.029146252129130294,0.10858400047040122,0.050672749191865096,0.01981018060015742,0.08209448322682718,0.014573126064565149,0.002802524243185605,0.010794908195974182,0.03675512276129045,0.08611392674515767,0.054880919234082434,0.06623967330765297,0.01561406364060552,0.024288543440941907
136,0.1297262827608846,0.0768478905191626,0.05763591788937195,0.00932485617746516,0.028817958944685976,0.0441466605110083,0.07684789051916259,0.046108734311497555,0.07684789051916259,0.013561392444558106,0.0384239452595813,0.046108734311497555,0.15217065027378002,0.032934810222498265,0.007949781777844405,0.07684789051916259,0.0016452141568134699,0.03922556274568478,0.019211972629790647,0.02561596350638753
137,0.06796210971456942,0.06038530587126502,0.024154122348506005,0.04025687058084334,0.06795056360293442,0.02100358465087479,0.04025687058084334,0.06795056360293442,0.06038530587126502,0.013418956860281115,0.06795056360293442,0.06795056360293442,0.007548163233908128,0.030192652935632513,0.010979146522048185,0.08453942821977102,0.14384720277248406,0.0024974136834402367,0.06038530587126502,0.06038530587126502
138,0.06044849607589181,0.0349507520899386,0.15183295491558982,0.20880213264941264,0.06407637883155412,0.0429487585639677,0.03203818941577705,0.05492261042704637,0.007281633505499862,0.05492261042704637,0.0349507520899386,0.04271758588770273,0.0174753760449693,0.018307536809015458,0.008179963255092014,0.06728019777313182,0.01922291364946623,0.0116216169831558,0.029573713306871127,0.03844582729893246
139,0.08196242624060501,0.022138527024773653,0.006811854469161126,0.004919672672171925,0.02530117374259846,0.07674689368588199,0.048704759454502054,0.040871126814966754,0.03795176061389769,0.024294087738841105,0.02125298594378271,0.07379509008257885,0.0497145237006974,0.08272327842875654,0.10823279878778233,0.17179117812307226,0.03695404397203659,0.027781680972264976,0.004919672672171925,0.05313246485945679
140,0.10512367701837795,0.08467804813646532,0.012514723454568801,0.01365242558680233,0.009386042590926603,0.004579727934345616,0.11263251109111926,0.021453811636403662,0.01365242558680233,0.23505915358146615,0.10396847177641774,0.021453811636403666,0.008343148969712534,0.018772085181853207,0.015501475319151387,0.0784185808520974,0.010011778763655043,0.12595463605888602,0.002970826890127132,0.0018726379344177575
141,0.013029260139045686,0.02651001303585499,0.29863186446164897,0.020334862853270016,0.02651001303585499,0.029865355979598468,0.018935723597039277,0.035346684047806644,0.040784635439776895,0.01395263843992368,0.05302002607170998,0.035211634959570894,0.014329736776137832,0.04418335505975831,0.029455570039838876,0.024100011850777266,0.012050005925388633,0.008100769565764292,0.07574289438815711,0.17990494433307722
142,0.03556506362558002,0.44886102182557946,0.013401326888801466,0.025127487916502756,0.014358564523715858,0.008739995797044434,0.011824700196001294,0.01943639204832162,0.012563743958251375,0.003941566732000431,0.011167772407334556,0.014358564523715858,0.0058193192887762155,0.01675165861100183,0.006700663444400732,0.004387412395684331,0.11247152526326223,0.20101990333202197,0.01675165861100183,0.01675165861100183
143,0.025900192629896075,0.025900192629896075,0.023022393448796506,0.029600220148452656,0.046044786897593025,0.01036007705195843,0.046044786897593025,0.10360077051958431,0.025900192629896075,0.23342866020970732,0.019733480098968435,0.03767300746166702,0.001780377919115349,0.012628354067350226,0.007572749872549454,0.015938580079936045,0.012557669153889003,0.2532463279367616,0.02762687213855581,0.04144030820783372
144,0.012175598297082939,0.0231916158039675,0.03478742370595125,0.0231916158039675,0.17045837615916112,0.0077305386013224965,0.021174953560144233,0.04638323160793501,0.032468262125554495,0.2738966700717171,0.05079467222886278,0.02029266382847156,0.020056548261750656,0.01624113716595806,0.005216377774173891,0.007983998883333074,0.014324233290685807,0.18067016827929522,0.019480957275332698,0.019480957275332698
145,0.22663164504961042,0.2859201603724093,0.016907440186240776,0.019508584830277818,0.03402189409865296,0.004748504722885903,0.021134300232800975,0.02415348598034397,0.025361160279361167,0.009945553050729868,0.03381488037248155,0.03623022897051595,0.012076742990171982,0.03901716966055564,0.008726269870254062,0.029069388040126255,0.010567150116400486,0.14725835000919388,0.008637087245424682,0.006270003921562387
146,0.008965774667917105,0.03613179402258782,0.30598012199747626,0.016423542737539917,0.060219656704313056,0.009145728656349059,0.054197691033881744,0.04516474252823478,0.041690531564524416,0.01389684385484147,0.03188099472581279,0.13975324423734417,0.019356318226386338,0.060219656704313056,0.01231765705315494,0.010422632891131104,0.01806589701129391,0.07063848201540186,0.021679076413552694,0.023849612953943448
147,0.012749317481115692,0.020398907969785107,0.036426621374616254,0.028331816624701533,0.03399817994964185,0.011332726649880614,0.01888787774980102,0.28695438991241384,0.01961433458633183,0.10637458787710313,0.12267519924262815,0.022172726054114245,0.01545371815892811,0.021248862468526152,0.006310196894620243,0.016450732233697665,0.0034806334008014818,0.16768061217730987,0.01758526549119406,0.031873293702789234
148,0.019164276034827715,0.10687037824121425,0.16080498287823092,0.022014682170233196,0.012525595027891303,0.4096608761661242,0.03158628311381285,0.021367191518167513,0.02505119005578261,0.006726708440904588,0.017297250276611796,0.019634716530207985,0.017297250276611796,0.030270187984070652,0.007896570778453212,0.03275434820594062,0.010683595759083758,0.00900940821969947,0.01862780799019732,0.020756700331934153
149,0.03715828094959698,0.028245982404254553,0.023319316848923213,0.5881996454582411,0.026127533723935465,0.002858800334408794,0.05225506744787094,0.037325048177050665,0.012259529026667207,0.008360810791659347,0.031669737847194505,0.027502667077826806,0.012745138401919738,0.020902026979148374,0.012012659183418605,0.010049051432282873,0.015369137484667922,0.009264231375994825,0.01451529651329748,0.02986003854164053
150,0.04013987505996059,0.12013905460902506,0.03178281867963627,0.2002317576817085,0.004045086013771888,0.07151134202918158,0.07544964782209304,0.004603028912223183,0.07364846259557092,0.0012158437997387495,0.06102301186490164,0.04171494951702259,0.00036372777445359896,0.09058103323696336,0.05550979420879046,0.07074831417377751,0.027574425032055656,0.021530296524914887,0.00238371140097272,0.005803819063237927
151,0.41694719055616525,0.017306498319131502,0.017306498319131502,0.008653249159565755,0.008951637061619746,0.08786376069712917,0.012361784513665361,0.012361784513665361,0.010816561449457189,0.002616543344512442,0.10383898991478903,0.009984518261037406,0.045687034270039735,0.011799885217589663,0.002732604997757606,0.1460229742639948,0.01560732764029656,0.0496289290033918,0.005090146564450443,0.014422081932609587
152,0.14529253483587135,0.07430615217117557,0.007101043409233119,0.00615423762133537,0.02668582704954958,0.13187652045718654,0.07692797026669214,0.009717217296845321,0.009717217296845321,0.0027973807369706238,0.03077118810667685,0.16411300323560993,0.06639113656381854,0.0217208386635366,0.003296913011429662,0.10333927734481546,0.0985426881348843,0.004013633231305676,0.004989922395677327,0.012245298170540748
153,0.023393303659286775,0.03397258775098993,0.0108490683637272,0.00804930878599115,0.017823469454694693,0.09270917614648713,0.062382143091431405,0.1494683305341965,0.011882312969796457,0.08911734727347344,0.13610649401766853,0.004280949311686311,0.005941156484898229,0.010849068363727201,0.00292805637529099,0.14008737316935554,0.01772276272897642,0.13610649401766853,0.006931349232381267,0.03939924826827247
154,0.0937963503774877,0.1226217052967566,0.007490466160661605,0.008467483485965294,0.10310406362322444,0.08084050271506485,0.06795205543634855,0.016934966971930587,0.012564652914658175,0.04423172950509442,0.007790084807088071,0.02247139848198481,0.10889837278970829,0.006955432863471491,0.00750813239701137,0.1169736305311786,0.04788986561734468,0.057000620539668784,0.037868467812233665,0.0286400176731179
155,0.010614834648631267,0.08850769581426873,0.15806359686262672,0.12497852127913524,0.03557247104496925,0.017818097707026366,0.06436923331946817,0.09795318113832116,0.0043273078925189735,0.030038975549085148,0.008046154164933522,0.054380904011274836,0.009195604759924023,0.02252923166181386,0.002682051388311174,0.0711449420899385,0.06571025901362378,0.11898039859487894,0.008046154164933522,0.007040384894316832
156,0.0694556053872071,0.017114419502633194,0.014975117064804044,0.006701258644619451,0.03993364550614413,0.004887163226821711,0.018915937345015635,0.4792037460737296,0.02396018730368647,0.005068576722698676,0.006606464074542122,0.02396018730368647,0.00653459653736904,0.02396018730368647,0.006305312448338546,0.007487558532402025,0.011980093651843236,0.20164080569626325,0.012393200329493004,0.018915937345015635
157,0.05846691939166344,0.040322692563478285,0.019814537309509734,0.339275941180636,0.10080673140869573,0.061685424322267465,0.023263091863545166,0.03557884637953966,0.007258074000751911,0.013440897521159432,0.050403365704347856,0.028801923259627344,0.012600841426086964,0.040322692563478285,0.010997097971857715,0.015508727909030113,0.017789423189769834,0.026733222603116908,0.050403365704347856,0.04652618372709034
158,0.014084628574500503,0.045994632280494135,0.02606057833242996,0.3119292751561437,0.05519355873659296,0.0016233720689035269,0.022077423494637184,0.03679570582439531,0.19647012022625004,0.015331544093498042,0.027596779368296482,0.06132617637399217,0.014917178036917014,0.0689919484207412,0.010822266418939795,0.008902186892998865,0.015331544093498042,0.01627354834469269,0.021228291821766523,0.02904924144031208
159,0.10021503772195843,0.05402014220895898,0.029711078214927446,0.14855539107463725,0.008738552416155133,0.07104823051395692,0.014855539107463723,0.013149929966070223,0.016506154563848584,0.037138847768659305,0.01237961592288644,0.059422156429854885,0.013277968140552548,0.20257553328359623,0.005314737773960165,0.06345183068076707,0.08361463595635248,0.02888577048673502,0.02475923184577288,0.01237961592288644
160,0.01084878864515062,0.036375350163152076,0.03435449737631029,0.036375350163152076,0.04417006805525609,0.00954032504639056,0.028108225126072053,0.07729761909669816,0.056216450252144105,0.010244609615479842,0.03864880954834908,0.04756776559796809,0.015930428107138454,0.08949395687180052,0.34653518851148263,0.016273182967725928,0.022902998250873524,0.012125116721050691,0.025765873032232718,0.04122539685157236
161,0.05906107407836461,0.2550513840196104,0.037194993502859854,0.09918664934095962,0.02705090436571626,0.006612443289397308,0.01352545218285813,0.0036907351040126866,0.04997302501668523,0.007830524947970496,0.022889226770990676,0.021254282001634203,0.00725706401918349,0.019837329868191925,0.00691999879122974,0.12938654059324745,0.16749428555889265,0.008751763177143495,0.019837329868191925,0.037194993502859854
162,0.14806408522676687,0.024677347537794478,0.019193492529395704,0.03454828655291227,0.029253937554772708,0.03636661742411817,0.07253215169616976,0.13983830271416867,0.019193492529395704,0.09652086701355245,0.08637071638228068,0.06909657310582452,0.011947209272865205,0.01328780252035087,0.020282936209310366,0.004798373132348926,0.044784815901923306,0.09914410668404278,0.014395119397046777,0.01570376661496012
163,0.0763616659115811,0.06966327416495119,0.009191682007875502,0.005515009204725302,0.031514338312716,0.06488541350589269,0.0970641620031653,0.010504779437572003,0.13084236766078455,0.01495595716535675,0.021009558875144,0.09804460808400532,0.0045020483303880015,0.030081868389410734,0.12353258762504107,0.04646521937255085,0.04159869410210731,0.009191682007875502,0.01002728946313691,0.10504779437572
164,0.1918042585922405,0.06791647080828714,0.009875609275694813,0.0060112404286838,0.0069129264929863685,0.002372270539770968,0.008919905152240474,0.03638382364729668,0.008919905152240474,0.08051169643166228,0.053419334005876125,0.035450905092237785,0.0024044961714735197,0.0263349580685195,0.002033213674407756,0.10341288412272294,0.18775849734037053,0.15573175201731573,0.004608617661990912,0.009217235323981825
165,0.004018574506882832,0.027639951486364847,0.009685794965307339,0.012591533454899542,0.11029316433095109,0.0046066585810608076,0.005278359596100579,0.12073209087368775,0.011110176577852534,0.21479666360942043,0.4120865494330758,0.0082118696444997,0.009698629581924538,0.00590228130698416,0.01496919446873117,0.0027175971485394693,0.0042925682232612065,0.0035303364826821146,0.008394355636599694,0.009443650091174654
166,0.17675280433027565,0.03911835123437713,0.0955586829354566,0.09336193160360699,0.0033471990178727392,0.04612770991081917,0.0746895452828856,0.007847814540593053,0.0062241287735738,0.018049973443364023,0.008204533383347283,0.08815103309549871,0.018857714489137985,0.02082689243465079,0.006016657814454674,0.10221394585520541,0.11965958466722353,0.01592644715590943,0.013370350698788162,0.045694699332959304
167,0.06304569305638985,0.0989165184160599,0.00959390981292889,0.007355330856578815,0.05191998251702693,0.008826397027894577,0.008486920219129404,0.07867441720696237,0.026975926595109268,0.0842220680523833,0.12505617514328235,0.08826397027894578,0.003617375831104336,0.005963781775604444,0.0016168004678606992,0.060179979735644845,0.1837355092823887,0.08139981329196383,0.005253807754699153,0.006895622678042638
168,0.09365441419126183,0.16013149362491508,0.010633731998529518,0.007482487808239964,0.017909443365944452,0.009035979865387627,0.010976755611385306,0.2101725853827011,0.014794757563171503,0.19805857651601305,0.011115570040550644,0.010633731998529518,0.0032101832448391,0.008954721682972226,0.004003287340622878,0.004726103110457564,0.004149749072596886,0.19313407366564622,0.013611176958117779,0.013611176958117779
169,0.08093047515478301,0.06882650379732277,0.09533745340814338,0.08944764114511038,0.015141830835411015,0.08557047422494614,0.11012240607571645,0.011647562181085395,0.021631186907730013,0.002329512436217079,0.007969384650216323,0.08947445493651962,0.0030901695582471454,0.07873752034413725,0.0007567242824075813,0.060567323341644067,0.15141830835411013,0.005447955847450468,0.01467046213906948,0.0068826503797322774
170,0.0718308618998806,0.1350665099904648,0.14621291076874351,0.08921835330766055,0.03683632090649041,0.08636121792257812,0.020907101055035095,0.01611589039658955,0.01611589039658955,0.005262331558070057,0.08595141544847762,0.0025843818317367695,0.016908475170192318,0.024953636743106397,0.0032639778018409217,0.12524349108206742,0.06808604308703649,0.010703281223394005,0.00859514154484776,0.029782767865197936
171,0.009937489475351646,0.04170535492393246,0.021230091151887606,0.015568733511384247,0.31845136727831397,0.004362791855992401,0.04246018230377521,0.02224104787340606,0.02030704371050119,0.019864821171123506,0.01668078590505455,0.01610558639108715,0.009730458444615155,0.01510835173874381,0.00155414045210579,0.006769014570167063,0.00898196164118322,0.011120523936703031,0.2577016520622136,0.14011860160245818
172,0.0038524767111769304,0.02562954257174268,0.024745765241682587,0.021746278545721056,0.007150148819844791,0.009842761187658281,0.017273213132636807,0.07679096261629037,0.02050363405739414,0.38581176815152696,0.23149264258348223,0.03986817733382194,0.03839530806707409,0.015268663659761596,0.006738056403975938,0.009083888506440443,0.010873139272860531,0.010414108447473959,0.017940679800219874,0.026578784889214627
173,0.047661287375430364,0.02322852567689602,0.051124124476509755,0.16130543450793494,0.006129749831403114,0.025573521752043662,0.07102054977073952,0.005448666516802768,0.06176035941507308,0.011141606943841281,0.07649927789591085,0.06742724814543424,0.0030332782670860776,0.12984977934191966,0.010204439025688423,0.059546141219344546,0.13660585338555511,0.04129515675892625,0.004457999877384084,0.006686999816076125
174,0.010794346086840828,0.02075835785930928,0.02075835785930928,0.0729800567232105,0.024532604742820062,0.01037917892965464,0.01799057681140138,0.03687997154897285,0.2969168716960647,0.0117329848770009,0.03373233152137759,0.019092293218627012,0.009305470764517954,0.029165608960614927,0.29615996636884645,0.010582692242000811,0.008874416746696038,0.012551565217256774,0.028406173912739023,0.028406173912739023
175,0.04860086767896197,0.011455918810041038,0.009164735048032826,0.007159949256275647,0.010414471645491849,0.010814760886656291,0.17704601797336142,0.01623453089522885,0.12783302029419136,0.0034196772567286677,0.011455918810041038,0.0624868298729511,0.004582367524016413,0.12219646730710437,0.12732024948559334,0.0669383756602116,0.029696321142669204,0.005207235822745925,0.0143198985125513,0.13365238611714542
176,0.018666372919615933,0.04977699445230916,0.04392087745791984,0.04392087745791984,0.049776994452309146,0.031110621532693217,0.02333296614951991,0.031110621532693217,0.049776994452309146,0.007251017005728339,0.04148082871025762,0.02262590656923143,0.40979535417246504,0.03783159810577389,0.015237855444584433,0.008094112329126331,0.020291517954661446,0.024888497226154573,0.03555499603736368,0.03555499603736368
177,0.036176870706851154,0.015232366613411012,0.016078609203044953,0.07170239775667839,0.016078609203044953,0.15775282231457516,0.060294784511418585,0.017024409744400545,0.010336248773386042,0.05218958397053937,0.021438145604059943,0.012058956902283716,0.011576598626192367,0.14470748282740462,0.03430158672607533,0.06314508341559473,0.11401195616704604,0.06704499416359959,0.006494751356691146,0.0723537414137023
178,0.14932306673165335,0.021052242616454234,0.010874010688280523,0.10262968275521439,0.027367915401390497,0.1268601668895504,0.1665873111388987,0.03909702200198643,0.022806596167825415,0.005949546826389238,0.03420989425173812,0.02487992309217318,0.0050681324817389815,0.010526121308227117,0.004024693441380956,0.08271302408821321,0.06907375003517771,0.05762244677401669,0.010526121308227117,0.02880833200146369
179,0.014423405920442263,0.052339542485741054,0.02980837223558067,0.01863023264723792,0.24114032932939283,0.011178139588342753,0.02980837223558067,0.01494975422546813,0.06387508336195857,0.040548871164348306,0.02980837223558067,0.024840310196317224,0.013549260107082125,0.03439427565643923,0.00972012138116761,0.024787877537617756,0.0178850233413484,0.008798720350843421,0.2515081407377118,0.06800579526179862
180,0.06875903705116375,0.39520699787891617,0.028603759413284132,0.03575469926660517,0.028814734788549085,0.010761244048985949,0.04206435207835902,0.025539070904717975,0.021669514707033433,0.010363680946842077,0.02750361482046551,0.03405209453962396,0.02103217603917951,0.03763652554379491,0.002320325919236438,0.008672971198460186,0.012545508514598304,0.1600956683579336,0.014648475737272697,0.013955548244977994
181,0.013707096117957328,0.017488364012566246,0.02669276612444322,0.05635139515160235,0.04226354636370176,0.01179447805498654,0.012679063909110532,0.2768990250222437,0.12346306081513304,0.010565886590925444,0.005075125288535431,0.015368562314073372,0.012369818447912713,0.046105686942220094,0.01181975416360032,0.00956910483706455,0.004953203813048012,0.24245756722558712,0.036225896883172945,0.024150597922115293
182,0.01861949124086912,0.050039882709835774,0.028594218691334727,0.005717687913063431,0.061587547950567104,0.024261761313859764,0.02668793744524574,0.04709636019749249,0.43837763989805706,0.011119973935519058,0.02540064721556994,0.020107735696459184,0.014297109345667363,0.029360018988938412,0.0040371232281323655,0.01667996090327859,0.0083558724241906,0.02668793744524574,0.1143768747653389,0.028594218691334727
183,0.001721426765461494,0.02973030658816767,0.03185389991589393,0.027872162426407186,0.06370779983178786,0.009910102196055889,0.021235933277262618,0.2347129467486921,0.04955051098027944,0.026757275929350895,0.06787813614582139,0.027872162426407186,0.009488395719627977,0.019389330383587606,0.010135331791420794,0.015377744786983274,0.019389330383587606,0.24670380948771597,0.04955051098027944,0.03716288323520958
184,0.07477153175364809,0.1374587755471106,0.02700083091103958,0.015429046234879765,0.021600664728831667,0.021600664728831667,0.06821262545946845,0.03600110788138612,0.012000369293795372,0.11574468250696827,0.10480595509141553,0.10165018695920788,0.004561004695241363,0.04365865155674149,0.0030541971833818573,0.06300193879242572,0.009191772225034752,0.012061901580874324,0.012706273369900984,0.11548781949981635
185,0.3276473680559302,0.09847870089672249,0.05957224873744185,0.05957224873744185,0.07484133972102093,0.014760289254081307,0.00893583731061628,0.019857416245813955,0.02553096374461794,0.013747442016332738,0.03574334924246512,0.014893062184360466,0.006382740936154487,0.022339593276540698,0.010354963927585217,0.0852775846860282,0.00940614453749082,0.09827696547481479,0.011299983159425238,0.0030817578551155626
186,0.011105388393752703,0.05552694196876351,0.027763470984381755,0.024678640875006003,0.12295467635700931,0.018508980656254503,0.01586484056250386,0.11105388393752705,0.04442155357501081,0.00983014422178911,0.12295467635700931,0.05552694196876351,0.12315038999898094,0.03302413158063517,0.006550382317366608,0.0023385209307647766,0.04490234129496037,0.024678640875006003,0.12295467635700931,0.022210776787505406
187,0.059429485041500994,0.00197675699922468,0.029714742520750497,0.059429485041500994,0.06329422370503293,0.017828845512450293,0.001739829743914752,0.059429485041500994,0.09932221490703959,0.025469779303500424,0.059429485041500994,0.025807450783312393,0.08914422756225152,0.09932221490703959,0.09932221490703959,0.011958918036450997,0.022286056890562872,0.016208041374954813,0.059429485041500994,0.09945705763897018
188,0.010526868142283012,0.024325651564211116,0.025756572244458827,0.07297695469263335,0.036488477346316675,0.011227223798866672,0.2189308640779,0.0037184941414077407,0.04865130312842224,0.011522677056731583,0.036488477346316675,0.015098680281234485,0.014166643424449418,0.029190781877053335,0.05254340737869601,0.06435139256872321,0.2420312814264115,0.011834100760967572,0.03368167139660002,0.036488477346316675
189,0.2319338036974547,0.18790859676176044,0.013146045553701885,0.015536235654374954,0.013671887375849961,0.13628000697305717,0.01798932549453942,0.015667791408598034,0.014860747147663002,0.005178745218124985,0.017089859219812452,0.003800446555565297,0.0388405891359374,0.02010571672919112,0.006634746205237418,0.187591310418434,0.02690507385783257,0.008764030369134592,0.02010571672919112,0.01798932549453942
190,0.04511455679380866,0.0641884829860168,0.07032825092380969,0.12940398169980982,0.02695916285412706,0.06397089490809811,0.03594555047216941,0.04058179584140255,0.017972775236084704,0.010572220727108651,0.04493193809021176,0.07332609664410125,0.03345757059020709,0.023442750307936574,0.0160471207465042,0.11044888302197745,0.09955120341292092,0.0709451654055975,0.01382521172006516,0.008986387618042352
191,0.09251321712597954,0.08881268844094038,0.04036940383679109,0.021145878200223903,0.03415872632343862,0.08073880767358216,0.02337176011603695,0.008792057510720937,0.012754515158940272,0.12494567857261996,0.2476386099809962,0.027753965137793872,0.017762537688188078,0.03415872632343862,0.009030673908767006,0.011101586055117548,0.06489271447694533,0.0027002588513722783,0.02960422948031347,0.027753965137793872
192,0.025783440940132706,0.07219363463237158,0.03609681731618578,0.04246684390139504,0.06016136219364297,0.022560510822616116,0.04246684390139504,0.012476996565807436,0.032815288469259796,0.017824978844129712,0.3989807411339595,0.07219363463237158,0.014438726926474315,0.03799664980651135,0.012466946909463917,0.01415561463379835,0.006178948029023085,0.022018450273169995,0.020626752752106167,0.03609681731618578
193,0.018964247462443455,0.06455113321565323,0.021055155949481742,0.39657417742631723,0.03227556660782662,0.0021515859426788292,0.044378904085761596,0.05462018964401427,0.0430197807182136,0.014792968028587199,0.039447914742899194,0.04733749769147904,0.018206729881338094,0.05500959644089272,0.011452620409228797,0.017318596716394772,0.01775156163430464,0.017555012770463074,0.04176838031601091,0.04176838031601091
194,0.05810387461497514,0.1261701250665527,0.007421772062738395,0.031542531266638175,0.2243024445627604,0.005735005684843305,0.015771265633319088,0.001583802612719585,0.009705394235888672,0.01351822768570208,0.09462759379991455,0.021718910605964103,0.0013282775872064246,0.19346085843538083,0.012617012506655272,0.010519568134196092,0.0700463790674177,0.008701387935624324,0.009012151790468052,0.08411341671103516
195,0.007798181550574463,0.02752299370790988,0.033420778073890565,0.01376149685395494,0.058486361629308495,0.005998601192749588,0.025993938501914886,0.2551442273815385,0.010212117284245937,0.16437095314049166,0.12983458826279387,0.01376149685395494,0.005440591779470556,0.012996969250957441,0.004059124923544007,0.007798181550574463,0.0015912724500915954,0.19779793504842336,0.011697272325861695,0.012312918237749153
196,0.10584186559144168,0.04300095580876038,0.052574322381133,0.13173653165018787,0.016893232639155858,0.010026963736097426,0.06569590470782835,0.013912073938128358,0.012384924572573845,0.09335733826901922,0.06223822551267949,0.032250716856570286,0.002919817987014594,0.07226549517861117,0.002993737429723824,0.16435111076060108,0.006392033971572488,0.0026385272058392925,0.00716682596812673,0.10135939583493518
197,0.052536123039481325,0.03502408202632088,0.02741015115103373,0.024247441402837536,0.03002064173684647,0.011095292480085785,0.01313403075987033,0.06004128347369294,0.03708432214551622,0.04484925826345848,0.0756520171768531,0.03318070928809347,0.005628870325658712,0.006307621890711499,0.3543469866011456,0.019701046139805497,0.012608669529475517,0.09593552902861806,0.01616496093522502,0.045030962605269696
198,0.008714432329912567,0.027388215894010918,0.03383250198671937,0.02212125129900882,0.041082323841016385,0.00692954859968951,0.0198328459922148,0.044242502598017645,0.023964688907259554,0.3217275874272926,0.042491895616067234,0.026143296989737694,0.006944110160386146,0.013919714874784607,0.009869336515831002,0.00942873006187261,0.012237287952643177,0.009600543523408016,0.012781167417205096,0.3067480180129223
199,0.11186012980502726,0.11233816454778381,0.006419323688444788,0.006419323688444788,0.005861121628580026,0.002995684387940902,0.0033408106454313534,0.05392231898293623,0.015467464245907997,0.02191562906836888,0.37446054849261273,0.005616908227389191,0.0016277258733842443,0.07525740497855808,0.005367619659925783,0.004493526581911353,0.11101653908251577,0.06104413469766365,0.007095041971438977,0.013480579745734057
200,0.007909381187131175,0.012636735036790152,0.01804327583314299,0.022642542221983364,0.01804327583314299,0.007870275572071714,0.10270599134110345,0.01957236700544325,0.020995811878566393,0.013912261635356013,0.01581876237426235,0.01603846740723822,0.0033864212707365145,0.013912887389411465,0.6537818619660749,0.005688520459710107,0.0065986837332637225,0.007855575872933004,0.01698190666648752,0.015604995315150695
201,0.03985428957093558,0.025965673508336826,0.01154029933703859,0.008421299516217349,0.017310449005557886,0.0010903200279935932,0.08388909902693434,0.025965673508336822,0.21757814866877934,0.03725509677283108,0.0898166726742891,0.03894851026250523,0.0029960392509619416,0.046738212315006286,0.17547991702641122,0.057101969894104036,0.06321984039544525,0.03414663913425116,0.004876816841204776,0.017805033262859534
202,0.008401318522369614,0.03308019168183036,0.029553977185650435,0.01960307655219577,0.23288454944008574,0.020357041034972524,0.2996302888341049,0.023012307256925466,0.020357041034972524,0.011444399964649918,0.027857003521541353,0.014304947754305023,0.016053632304024318,0.012129471231497019,0.003453297311452315,0.008821384448488097,0.007899747267302772,0.013928501760770678,0.11761845931317462,0.07960936357968644
203,0.013513208552869905,0.031092069186499403,0.02651970607083773,0.007066746919267984,0.03920304375689055,0.5068499710333554,0.03606680025633931,0.050092778133804604,0.030055666880282758,0.011413544384917505,0.03467961563109549,0.037569583600353444,0.012022266752113105,0.027323333527529782,0.01623381744879282,0.0166975927112682,0.018033400128169653,0.012367168601533692,0.020160274282403096,0.05303941214167546
204,0.013610078201775762,0.035933564748726096,0.02430799968296177,0.0600548185466352,0.03305887956882801,0.46232939725661215,0.02582724966314688,0.05509813261471335,0.03443633288419584,0.012335402824189557,0.03443633288419584,0.02951685675788215,0.009610139409543028,0.04132359946103501,0.004696530902645583,0.010733402457411693,0.01878345430047046,0.016205333121974516,0.045915110512261124,0.031787384200796166
205,0.6228079801707831,0.04239597664767125,0.008524058796886287,0.0019178177629557125,0.006884816720562001,0.0995821179087334,0.0059668411578204,0.010529719690271293,0.0059668411578204,0.0017900523473461198,0.007782836292809217,0.006884816720562001,0.0023867364631281595,0.0066298235086893345,0.0011680874791676148,0.053495817277010485,0.09763921894615198,0.00223756543418265,0.006884816720562001,0.008524058796886287
206,0.0021288035631142066,0.0057859789151309205,0.0057859789151309205,0.006636858167356057,0.3561174260278149,0.002930560749222155,0.0036395673820984816,0.26709854280995854,0.006636858167356057,0.1270513659638238,0.09906724874199771,0.0034189875407591806,0.0011396625135863933,0.005938241518160682,0.001996930776018636,0.0015126708980266405,0.0021288035631142066,0.08944977491741371,0.00835752509963355,0.0031782137702831823
