site,A,C,D,E,F,G,H,I,K,L,M,N,P,Q,R,S,T,V,W,Y
111,0.06676024708288052,0.2712427623567072,0.07413759229592667,0.3825253380992688,0.014818705619517914,0.00132058609997566,0.013872759766609575,0.012966367417078175,0.004734392103845304,0.004610263970516686,0.016596950293860064,0.017354114445400456,0.006383442420715411,0.012573447192318232,0.005459523122980286,0.06209171668406551,0.007153857885284514,0.003993136137078548,0.011525659926291714,0.00987913707967861
112,0.0038216085490648697,0.1149643201459224,0.1099737775696184,0.39111640746001264,0.015137581425716048,0.028977320837220436,0.034204260539282695,0.011154007366317088,0.02778616758470178,0.022704552254523856,0.05643702988981644,0.01475477905616116,0.01074991045520313,0.018909823441511382,0.0033113459368753853,0.038513458717460036,0.033693749187950116,0.04739178263658267,0.009214179998261941,0.0071839369477974474
113,0.007029077631507517,0.017327493696274343,0.01862705572349492,0.022578249361812023,0.024034910610961184,0.007304727734703891,0.010699257706952051,0.031045092872491534,0.019607427077363074,0.0037349364559803584,0.035480106139990315,0.018172737291214557,0.6871794561319864,0.025692490653096443,0.006162304656233071,0.004703813663869276,0.010957091602055838,0.009431420619491102,0.016197439759560797,0.024034910610961184
114,0.02286132178060238,0.0788715601430782,0.011629971080556205,0.050077181043224256,0.020620015723680576,0.0028653551937602244,0.00790838033477822,0.19240439247156513,0.06104077731247364,0.05599635706904746,0.18160217390648037,0.01412210774067539,0.00549193078804043,0.009885475418472773,0.012700734322556875,0.052107337031463086,0.0603922967190498,0.12580953748874857,0.007322574384053907,0.026290520047692733
115,0.04069033352852792,0.1086566049168383,0.012622720981653377,0.014726507811928942,0.056053010472972134,0.07035619245573056,0.0863216361283771,0.014268039029483818,0.016065281249377027,0.16227440320764444,0.08012749449325916,0.04616130274244766,0.00951193162327007,0.07526945099564267,0.011293890557058001,0.034877428738738225,0.042255346356548235,0.019140052356624637,0.08828349149493113,0.011044880858946705
116,0.02227487891774299,0.009265936794608381,0.007412749435686704,0.009564015662700901,0.022238248307060112,0.002447063531250814,0.018531873589216763,0.012354582392811172,0.006540661266782386,0.010507886407563503,0.02796298518927297,0.022238248307060112,0.004118194130937058,0.03287429208290866,0.0026474105127452514,0.003176892615294302,0.6706355584913366,0.10202238154192485,0.004632968397304191,0.00855317242579235
117,0.010498731900089464,0.037299449163644444,0.022232608729601214,0.10338267041720134,0.04199492760035784,0.0055581521824003026,0.007964368367814468,0.0343594862184746,0.10418122007776558,0.06411402264426191,0.02519695656021471,0.061035462267781816,0.027476812377315325,0.3475740762449537,0.027424381758550106,0.01349836958582931,0.0130329085656283,0.00899891305721954,0.0171797431092373,0.02699673917165862
118,0.010762103491737465,0.012583244464031015,0.022549169220783268,0.01632870874608443,0.026307364090913814,0.12509362417349298,0.019730523068185356,0.05654887208984642,0.029595784602278036,0.011274584610391629,0.02492276598086571,0.007102004173872248,0.013529501532469956,0.06764750766234978,0.005048107614503577,0.43514241993260255,0.04530938979691339,0.011549574478937768,0.022549169220783268,0.03642558104895758
119,0.021782440605731104,0.005154088098448959,0.017852171795561065,0.029807550302579405,0.06770658811389516,0.017161922901485112,0.007087629821601082,0.051485768704455336,0.031463525319389375,0.009599041622864554,0.037756230383267246,0.040720633844531444,0.02265373822996035,0.02097568354625958,0.010685725580169975,0.017214436653515294,0.031463525319389375,0.013484367994024018,0.02574288435222767,0.5202020468106439
120,0.011003266985682074,0.036677556618940246,0.02619825472781446,0.005857283403770162,0.042320257637238734,0.5053806325505888,0.05501633492841036,0.0458469457736753,0.023920145621047988,0.010188210171927845,0.02292347288683765,0.02619825472781446,0.011227823454777627,0.02750816746420518,0.0031761123243762845,0.011461736443418826,0.016181274978944223,0.013156902980914953,0.07339481636172629,0.032362549957888447
121,0.018462147371837663,0.020707471224686767,0.024883763848998593,0.02201256032796029,0.022893062741078704,0.004984583964804372,0.033666268736880445,0.035770410532935476,0.033666268736880445,0.007840089979821474,0.04402512065592058,0.035770410532935476,0.013626823060165896,0.03815510456846451,0.030424638291537576,0.013366080908725248,0.023846940355290315,0.010798614500508823,0.5269445350921027,0.03815510456846451
122,0.0177755656236554,0.0343660935390671,0.0030833190315620648,0.02863841128255591,0.03965318485276973,0.008194222136890776,0.01996615256636208,0.0902312617312159,0.0343660935390671,0.013565563239105436,0.032218212692875406,0.4746299685731654,0.020619656123440258,0.03965318485276973,0.009372570965200118,0.0016359333782272687,0.024708612828220986,0.01171571370650015,0.02577457015430032,0.06983170918304885
123,0.023308700500301063,0.026487159659433025,0.0448244240390405,0.026487159659433025,0.026487159659433025,0.011206106009760125,0.024279896354480277,0.536193634217266,0.01942391708358422,0.07744239906357765,0.02831527185787472,0.03237319513930703,0.021582130092871358,0.01820992226586021,0.011032752840244263,0.009104961132930104,0.003760520433269464,0.003798794351725796,0.023308700500301063,0.03237319513930703
124,0.0698338438615687,0.2096820911908992,0.008002498283492653,0.007104620257820433,0.006895792192705618,0.0029536018418933707,0.006660581491706657,0.11725340460637858,0.007612093133379038,0.011861489248419201,0.009688118533391502,0.0068754389591810655,0.004440387661137772,0.011841033763034059,0.0033302907458533293,0.026223268972757608,0.27515191029067465,0.19602064111003967,0.009688118533391502,0.008880775322275544
125,0.008771665713218498,0.005548644393399877,0.01803064618828247,0.02496551010685265,0.025964130511126757,0.004187762985665607,0.04389846449237255,0.034163329619903635,0.05402764844778318,0.015463221594292099,0.02163677542593896,0.034163329619903635,0.018122464540571665,0.019091272434652026,0.5975251012430759,0.009597120750488236,0.010469407464164013,0.007727419794978201,0.012482755053426326,0.034163329619903635
126,0.0065912251239434875,0.057136670974737624,0.013512011504084149,0.010393855003141652,0.0038968756026514007,0.004358713388414242,0.007603599994652422,0.012868582384842047,0.03002669223129811,0.24860544977072943,0.5178386706236747,0.010008897410432703,0.0007558680943551989,0.018016015338778862,0.0056380766770771145,0.004289527461614014,0.019197921447511847,0.0042285677604945275,0.014223170004299103,0.01080960920326732
127,0.005211686552926825,0.012160601956829257,0.013266111225631916,0.0016251555144087646,0.0208467462117073,0.02162942812246001,0.012160601956829257,0.024321203913658513,0.2684197758813397,0.0038401900916302913,0.06795722445954899,0.0337329031177792,0.006209669084338345,0.09095893835465554,0.18067162638922954,0.054835806392166744,0.12760711625024726,0.024687982098637838,0.012689323781039225,0.01716790864493542
128,0.2074435445235403,0.007559554162612455,0.024619673415980602,0.037653618165617395,0.010002599603701074,0.0878742367428447,0.009476146992979965,0.0444521881121872,0.02000348465048424,0.004187134717828356,0.009476146992979965,0.05189042387471582,0.036232726914084655,0.030774591769975757,0.001992551646965897,0.16538446326850656,0.22740803602655768,0.0046165844324774176,0.009476146992979965,0.009476146992979965
129,0.0347898776190665,0.0056768930295254625,0.07034410927890249,0.033866314319284635,0.11556532238676838,0.08774760100335503,0.08855953126059722,0.004784015435627598,0.019650783563741985,0.1170859187339627,0.08067163778799342,0.06812271635430556,0.03682308992124625,0.10644174430360245,0.05643362480436285,0.04041178088814737,0.008109847185036377,0.0014619451964987082,0.0034171538825911426,0.020036093045383986
130,0.04101945420970192,0.15216392815037783,0.009060022068029682,0.002087353347293332,0.010729507754193304,0.0011521646762715574,0.12496720796060437,0.09120081591064308,0.03218852326257991,0.03165137842823616,0.01269515979375449,0.007248017654423746,0.0015756560118312488,0.10193032366483637,0.024141392446934935,0.060800543940428727,0.03701680175196691,0.06646683885003496,0.0815442589318691,0.11036065118598828
131,0.009413618864953724,0.01691558184443621,0.4665003131658022,0.06905476459833033,0.03624767538093474,0.030895455018072986,0.018859494676569156,0.03624767538093474,0.04228895461109053,0.010797179900703965,0.050746745533308636,0.08878716283274916,0.011801568728676428,0.026708813438583494,0.008601143310730277,0.010149349106661728,0.014499070152373896,0.009091857990751628,0.02537337276665432,0.017020202697681792
132,0.16265406207881009,0.0974243656008878,0.004593136294315604,0.007403501063362055,0.04078053124355083,0.0013292035705707902,0.01374935911767239,0.08022629655184625,0.021387891960823715,0.1137278950579376,0.01604091897061779,0.01283273517649423,0.0034998368663166084,0.01749918433158304,0.00283075040657961,0.07071433242825781,0.13296820008384902,0.1767812049040092,0.00874959216579152,0.01480700212672411
133,0.0026078799097887695,0.14952110033746893,0.005681452660611247,0.006628361437379789,0.14646889986934974,0.014876228790188215,0.07066208675339401,0.00514678501756435,0.00994254215606968,0.05274204188316898,0.011362905321222494,0.3815752684683277,0.0033141807186898944,0.006628361437379789,0.0035351260999358872,0.0021203231845617534,0.028264834701357596,0.013150383080787526,0.014619742086909105,0.0711514960858446
134,0.0146251371232801,0.0355521480323302,0.025350237680352175,0.031687797100440215,0.13509816252285475,0.012675118840176088,0.3493525800847635,0.022367856776781325,0.020013345537120135,0.005866658277786509,0.01901267826026413,0.05241615363759267,0.005497203256193304,0.014131606712225093,0.12816444558999895,0.007041732688986714,0.00864212648193824,0.014083465377973428,0.038025356520528256,0.06039618949841447
135,0.11770347131816396,0.17708160890621805,0.009920734567069362,0.006377615078830305,0.043298951393996886,0.030870548679053336,0.03175256435559772,0.10453165063020521,0.04492861512678344,0.0227078823327065,0.08192607756190314,0.02381442326669829,0.0017170502135312362,0.01176020902059175,0.03448446507144938,0.09020614873749352,0.05226177734088557,0.06362529939875468,0.011340201555570613,0.039690705444497154
136,0.1662942411216973,0.10748815141955285,0.04532460949796851,0.007333022190772876,0.022662304748984265,0.044630253544043326,0.06043281266395802,0.036259687598374814,0.06043281266395802,0.010664613999522005,0.03021640633197901,0.036259687598374814,0.17235192572045754,0.025899776855982014,0.006251670275581865,0.07627102091291293,0.001293788525086551,0.05468074027681769,0.015108203165989506,0.020144270887986006
137,0.08333650450163432,0.04544786475686503,0.018179145902746014,0.030298576504576683,0.08331084488669634,0.02814907836076216,0.030298576504576683,0.08331084488669634,0.04544786475686503,0.010099525501525562,0.08331084488669634,0.08331084488669634,0.00568098309460813,0.022723932378432517,0.022016264159182862,0.0968715623004046,0.13543138077900616,0.0018796314382990842,0.04544786475686503,0.04544786475686503
138,0.10278385304382945,0.02363022631144199,0.1589076901537735,0.23877786633280407,0.043322081570977,0.05029589212808404,0.021661040785488497,0.03713321277512314,0.004923117168098761,0.03346626245945054,0.02363022631144199,0.028881387713984654,0.011815113155720995,0.01237773759170771,0.005530478498422596,0.0878489389560577,0.0129966244712931,0.011744292528541667,0.019994806878912454,0.07027915116484613
139,0.0842377307659629,0.10841543104444838,0.0037519591843055817,0.002709748299776254,0.030975837441270967,0.07516803219081754,0.06071264138489108,0.023351015917265797,0.02478066995301677,0.02202268262474166,0.022550409657245262,0.05059386782074256,0.044583054825322245,0.07855507857655476,0.0997421965608925,0.14349228120758126,0.03976207691534616,0.02550951318692903,0.002709748299776254,0.05637602414311315
140,0.10884807800320521,0.09002298379825754,0.008162931171365144,0.008905015823307428,0.006122198378523857,0.002653079963408782,0.13061769360384626,0.012439780343223449,0.008905015823307428,0.2612353872076925,0.09377680566429987,0.013993596293768817,0.005441954114243429,0.012244396757047716,0.0148519188426423,0.06973592576824118,0.011610461653675222,0.1348311675910671,0.00159153466173421,0.00401007453714249
141,0.022035970277582508,0.019880128212691448,0.36576491530113997,0.037249303709961615,0.019880128212691448,0.03803330623846197,0.014200091580493892,0.026506837616921936,0.030584812634909926,0.010463225375100764,0.039760256425382896,0.031011728780525733,0.010746015250103488,0.03313354702115242,0.022089031347434944,0.016089822579552385,0.00903642191485975,0.006074849430328434,0.05680036632197557,0.19065924176872898
142,0.016240004032387477,0.6105569811780999,0.00710795040209638,0.013327407003930715,0.007615661145103266,0.004635619827454162,0.006271720943026219,0.005281910565680072,0.006663703501965357,0.002090573647675406,0.005923292001746985,0.020396805321017376,0.003099277672056112,0.008884938002620477,0.003553975201048191,0.002327046415689374,0.09794152408376162,0.16031173304939975,0.008884938002620477,0.008884938002620477
143,0.017463453924607148,0.017463453924607148,0.015523070155206353,0.019958233056693885,0.08278949178119026,0.006985381569842858,0.031046140310412713,0.06209211883589268,0.017463453924607148,0.25644886938235,0.03560267245837321,0.02540138752670131,0.0012004369312284765,0.008514789158140747,0.005105999417517563,0.010746740876681322,0.008467129175567103,0.3311579671247609,0.018627684186247623,0.027941526279371437
144,0.008545059267107356,0.01627630336591877,0.02441445504887816,0.01627630336591877,0.22862544000661375,0.005425434455306257,0.014860972638447574,0.02903180190560175,0.02278682471228628,0.3141365313567805,0.03111656608753194,0.014241765445178925,0.0101660424211373,0.011398329368469825,0.0031437693410382955,0.005603317552201546,0.010053010902479243,0.2065538831043602,0.01367209482737177,0.01367209482737177
145,0.2624506553312053,0.2964580610674892,0.010738064247563609,0.012390074131804164,0.02160760473678591,0.003015817192463195,0.013422580309454509,0.015340091782233728,0.016107096371345414,0.006316508380919771,0.021476128495127218,0.02301013767335059,0.007670045891116864,0.024780148263608328,0.0010144180119781034,0.03929580398957324,0.006711290154727254,0.2035813785539882,0.0054854902180081965,0.00912860519725709
146,0.006576264848249481,0.026502143510833544,0.3655204823558646,0.02152341032031779,0.044170239184722564,0.0010479345417653153,0.03975321526625031,0.03312767938854192,0.03057939635865408,0.01019313211955136,0.023384244274264887,0.2032505907010409,0.014197576880803682,0.044170239184722564,0.009034821651420524,0.00764484908966352,0.01325107175541677,0.07267807948519664,0.015901286106500122,0.017493342976219423
147,0.010078514470201659,0.016125623152322653,0.028795755629147598,0.02239669882267035,0.026876038587204425,0.008958679529068139,0.0149311325484469,0.37077965556295156,0.015505406877233318,0.12478081350374703,0.0679910785665923,0.017527851252524623,0.01221638117600201,0.016797524117002763,0.004988299240837972,0.013004534800260205,0.0027514895716892226,0.18639683714734967,0.013901399269243667,0.025196286175504144
148,0.015865323955646177,0.06257148504302132,0.13434821509058315,0.018225059155722888,0.010369430209290608,0.5532763353742294,0.026148997919080666,0.01768902800408398,0.020738860418581216,0.0055687680753597705,0.01431968933663941,0.016254782490239334,0.01431968933663941,0.025059456339118966,0.0065372494797701665,0.004477210836685048,0.00884451400204199,0.012781073828303072,0.01542120390099629,0.017183627203967298
149,0.014585469876573718,0.020100119316536286,0.01659425557713547,0.685792631503562,0.018592610367796063,0.03505725911036559,0.03718522073559213,0.026560871953994376,0.008724001618135756,0.005949635317694739,0.022536497415510382,0.019571168808206384,0.00906956603307125,0.01487408829423685,0.008548326605883248,0.007151003987613871,0.010936829628115333,0.0065925183046721325,0.010329227982108924,0.021248697563195498
150,0.058961585728652434,0.13302850850938402,0.0316734544069962,0.19328928586833574,0.002449896156047175,0.07522445421661596,0.07069147795184658,0.002787812867226096,0.07900160467032383,0.0018434936431190525,0.052789090678326996,0.034642840757652095,0.00022029081049145693,0.07390472694965779,0.054879747734894395,0.07428122070791605,0.03272352836357028,0.022648222774895126,0.0014436888062420855,0.0035150683978068154
151,0.4572314338260951,0.014835896899410898,0.011116200223653594,0.005558100111826796,0.005749758736372547,0.08901538139646538,0.007940143016895421,0.007940143016895421,0.006947625139783495,0.0016806415240751102,0.11374187622881686,0.006413192436723226,0.031124490636676518,0.007579227425218358,0.0017551895089979353,0.15317181113235467,0.01984917747469368,0.04581674042465129,0.0032694706540157617,0.009263500186377992
152,0.14742453199494113,0.06246907890102764,0.005015134648291864,0.0043464500285196155,0.0022820098798732483,0.14412892980182193,0.0679068996181661,0.006862815834504656,0.006862815834504656,0.0019756591038725528,0.02328236558337123,0.20048703696791897,0.0696084438916377,0.034238772916722414,0.002328455372421223,0.11967891521187408,0.09064455500433799,0.0028346413229475755,0.0035241486717726626,0.004098339411472873
153,0.019193352538480913,0.02810774470212296,0.0066635283069091614,0.0049439080986745385,0.038996017855961226,0.07977669524999849,0.03412151562396607,0.2110219932946588,0.007298150050424321,0.07474236755725899,0.11787432670097366,0.002629371109342409,0.00364907502521216,0.017802529890764907,0.0014156650529732599,0.14067407033547105,0.022282380528758455,0.1414491920411684,0.004257254196080852,0.04310086184079925
154,0.1107597150336258,0.10044272055622268,0.01251670825392929,0.005284262273699108,0.08295387038878628,0.07368326368350826,0.07920636517341449,0.009432881582671348,0.02099576868401042,0.029827347700356006,0.00867825105605764,0.025033416507858577,0.11154672353970511,0.007748438442908609,0.01254622886340701,0.1384330122247562,0.04627270607944913,0.06614520621995153,0.036159379400240166,0.022333734335442463
155,0.03192935784694487,0.0669243957892113,0.20387953400831132,0.12801487071420753,0.026300113432953205,0.02390147772919193,0.05948835181263226,0.05974699682051327,0.004029764710770699,0.03747766164195833,0.0049771057431153305,0.05600110360292623,0.01784650554378968,0.013935896080722928,0.0016590352477051104,0.07013363582120856,0.06506538479506653,0.10648733558975527,0.017846505543789675,0.004354967525225914
156,0.034510341278215464,0.011484469847054916,0.010048911116173053,0.004496816431875307,0.026797096309794804,0.0032794848056303645,0.012693361409902801,0.5734885377572059,0.016078257785876886,0.006219972634690115,0.004433205429378253,0.016078257785876886,0.004384979396148242,0.016078257785876886,0.004231120469967601,0.005024455558086526,0.008039128892938441,0.22162364366133044,0.00831634023407425,0.012693361409902801
157,0.0509077399005964,0.0327254491586886,0.01608125827174087,0.45120270575871047,0.08181362289672149,0.05916755799933716,0.01888006682232034,0.028875396316489936,0.0058905721964792575,0.010908483052896196,0.04090681144836074,0.023375320827634705,0.010226702862090185,0.0327254491586886,0.008925122497824163,0.012586711214880227,0.014437698158244968,0.02169638636529437,0.04090681144836074,0.03776013364464068
158,0.01107783236861179,0.03617566651219442,0.057832510297972047,0.3996003751743952,0.04341079981463331,0.023708244937359024,0.017364319925853324,0.02894053320975554,0.1438790673084773,0.01205855550406481,0.021705399907316656,0.04823422201625923,0.011732648598549542,0.06436389460022808,0.008511921532281039,0.007001741905586019,0.01205855550406481,0.01279946003910854,0.01669646146716666,0.022847789376122796
159,0.11428701586433121,0.050838253444576806,0.01864069292967816,0.09320346464839079,0.032895340464137925,0.06483719279888055,0.010488145260664418,0.025066063092951403,0.011653494734071575,0.02796103939451724,0.0699025984862931,0.08388311818355172,0.011624247694520098,0.1525147603337304,0.003383272664730457,0.07781374772438945,0.0963083527085821,0.028478836420341633,0.017480242101107362,0.008740121050553683
160,0.008603492131593123,0.0288470030294593,0.02724439175004489,0.0288470030294593,0.03502850367862914,0.007565831924115472,0.02229086597730946,0.061299881437601,0.04458173195461892,0.008333980066121986,0.0306499407188005,0.03772300396160062,0.012633420868968624,0.10195987538618977,0.45058067646566113,0.012905238197389686,0.018162927833363263,0.009615667676486432,0.02043329381253367,0.03269327010005387
161,0.06973766053861237,0.34279989741769984,0.025902626388685526,0.06907367036982806,0.01883827373722584,0.008203758228799658,0.00941913686861292,0.002570231192310777,0.03099963184984904,0.0054531845028811645,0.015940077777652637,0.01480150079353459,0.004159590627430811,0.013814734073965619,0.004819093281615914,0.12719783550413744,0.19045700076363944,0.006094735620867185,0.013814734073965619,0.025902626388685526
162,0.14499690850467434,0.02289424871126437,0.013307893474692484,0.023954208254446472,0.019474020572538022,0.044985190450203695,0.06285422570926096,0.14754071391703708,0.013307893474692484,0.10985236548044439,0.10683982731923375,0.06410389639154024,0.000806802029286601,0.00921315702094095,0.009872090745534549,0.0059355459621796515,0.05144139833889033,0.1277504170578265,0.009980920106019362,0.01088827647929385
163,0.09853754069089367,0.10419519852960529,0.00543975341298496,0.003263852047790976,0.016636208168592435,0.04799052950185243,0.09316276574411768,0.011322184101307404,0.1271104231191387,0.021711661508163012,0.027727013614320735,0.07763563812009805,0.002664369018604878,0.03176003377640374,0.11985899294612752,0.06572433888954672,0.05159742735190107,0.00543975341298496,0.010586677925467915,0.07763563812009805
164,0.17904460564492075,0.08304903275801036,0.006308555853335985,0.003839990519421903,0.004415989097335189,0.0015154104199121153,0.0056980504481744364,0.053981871292706735,0.0056980504481744364,0.08155646769027151,0.05236672348587487,0.03641380667081993,0.0015359962077687614,0.015027920213354255,0.0012988203227456438,0.08595237292759933,0.2103908829869596,0.16307347481794376,0.0029439927315567933,0.005887985463113586
165,0.0024270154173393174,0.02474544974122112,0.0058497294674332255,0.007604648307663193,0.07611717404153978,0.0027821884052426325,0.0031878617893124836,0.1429687263164046,0.006709983800879288,0.21130203663211342,0.4611651997227571,0.00495955324412817,0.010006335837390228,0.0035646788942171235,0.01016917868868681,0.0016412910016539268,0.002592493741248816,0.011433203181579164,0.005069765538442129,0.005703486230747396
166,0.17741261572701522,0.04325731474952732,0.09705928479427346,0.09543983065421326,0.002218933625733092,0.05559166204345843,0.0807567797843343,0.005202493033624895,0.004126115164599056,0.00947403852386127,0.0054389699896987545,0.06684202808787924,0.013986299209710793,0.016377249047172696,0.008279609240515084,0.11051746723199232,0.1233377042658012,0.01252377868313206,0.027598697468383608,0.044559128675073924
167,0.048814684204427874,0.0679780085074924,0.0064238252774684755,0.004924932712725833,0.06184665872054212,0.010513931982492158,0.005682614668529805,0.08382053024698738,0.01582632631514903,0.10457535031122693,0.13633265692917876,0.061331269897870924,0.002422098055438933,0.003993188685993918,0.0010825663276582023,0.06969462488394422,0.20270993145960464,0.1002949823714278,0.0035178090805184515,0.008214009361322001
168,0.1017688684492132,0.16294179995945146,0.006953969194285442,0.004893201156688214,0.01171194811669127,0.020674924696799983,0.007178290781197876,0.20367724994931435,0.009675087574658006,0.20490558168322076,0.01685095120955971,0.006953969194285442,0.002099311454878624,0.005855974058345635,0.0026179648731427547,0.0030906529752379743,0.004825802437823475,0.20552229109783504,0.008901080568685367,0.008901080568685367
169,0.08573481996349311,0.0682225923510975,0.07296027237547924,0.08163481556590961,0.01056798830815361,0.09698875607114334,0.10659780054858982,0.008129221775502777,0.022334777257799768,0.001625844355100556,0.005562099109554533,0.09806997650470263,0.002156732307786452,0.07879709416551758,0.0005281430928601559,0.08040519812807917,0.16134643091034553,0.007104077520465529,0.006429728639258478,0.004803631049160734
170,0.07516980051602651,0.12761921640155288,0.14642362419561455,0.08224466316302463,0.02266731085685254,0.08628295652618284,0.022873429966707912,0.009916948499872987,0.009916948499872987,0.0032381872652646484,0.125380282780473,0.012454413787013653,0.01387404768472447,0.013650272722067628,0.002008495898708453,0.10881217398448191,0.07866215376262406,0.012776115769054469,0.00528903919993226,0.04073991851994739
171,0.007437600138484625,0.02801292778114674,0.0158894184776717,0.011652240216959245,0.30296825455918336,0.0032652815776854395,0.0317788369553434,0.016646057452798926,0.0151985741960338,0.004866704455741331,0.012484543089599193,0.012054041603750941,0.007282650135599529,0.011307672754076457,0.0011631786147272933,0.005066191398677934,0.006722446279014949,0.008323028726399461,0.3233129287220525,0.17456742286505325
172,0.0027442369454477,0.018256706761197797,0.0176271651487427,0.01549053907010722,0.005093269610155003,0.0070112997225981214,0.012304237818661103,0.03765134445899742,0.014605365408958236,0.47138081405382937,0.27355671789864344,0.028399321628529907,0.02734362168293292,0.010876335942841242,0.004312159140574657,0.0064707315102979545,0.00774526953505361,0.007418287843906581,0.012779694732838458,0.018932881085686606
173,0.06174358677678102,0.03920200145389441,0.040404167808629536,0.16811344648904206,0.003796003010761275,0.018012022641042916,0.06849085311485,0.003374224898454467,0.03553508012912801,0.012330178014580494,0.08275978084711041,0.07586313244318453,0.0018784344795519713,0.13761430000145605,0.007654083777767438,0.06699601306670844,0.13448464387655443,0.034846223514572804,0.0027607294623718374,0.004141094193557755
174,0.008195855478223685,0.01576126053504555,0.01576126053504555,0.0026924681547212917,0.01862694426869019,0.007880630267522774,0.013659759130372807,0.028001966439158865,0.37672331170725404,0.008908538563286614,0.025612048369449015,0.01449626264609914,0.007065392653641106,0.016573474688507984,0.37260142318076256,0.008035152429631062,0.006738104978690335,0.009530064509562425,0.02156804073216759,0.02156804073216759
175,0.057917518758772185,0.013651986564567726,0.006035150423599486,0.0047149612684371,0.006858125481363053,0.012862966918619425,0.1799580047147564,0.005202715882413351,0.08803411959202197,0.0022519217998505548,0.013651986564567726,0.09308172657659815,0.003017575211799743,0.10011456814016334,0.138763816731454,0.0789085902823614,0.045595414165421455,0.0034290627406815266,0.0094299225368742,0.13651986564567728
176,0.013885491886887931,0.037027978365034485,0.03267174561620689,0.03267174561620689,0.037027978365034485,0.02314248647814655,0.01735686485860991,0.02314248647814655,0.037027978365034485,0.020971804113920755,0.03085664863752873,0.01683089925683385,0.510310319995683,0.026680832117815637,0.011335095417867699,0.006021026771598203,0.051627516526877616,0.018513989182517242,0.026448555975024622,0.026448555975024622
177,0.03032030791925064,0.017827658930041672,0.010309225434859669,0.08554106636325073,0.010309225434859669,0.17054866350685186,0.042340689958848966,0.010915650460439649,0.006627359208124073,0.03609370291574009,0.012545389617436734,0.007731919076144753,0.0067745103934158364,0.15396614530490532,0.005509857702850022,0.05850713521586403,0.16423055499189904,0.07518236926378562,0.010037188383733709,0.08468137991769796
178,0.18236663783854296,0.02804632801950972,0.013233900936509016,0.09115056606340662,0.019874594300779137,0.12746561302457976,0.19022726830623984,0.02839227757254162,0.016562161917315948,0.004320563978430247,0.024843242875973916,0.018067813000708307,0.0036804804260702102,0.0076440747310689006,0.002922734455996932,0.055239092667801554,0.11284376384932004,0.046285218448682316,0.0076440747310689006,0.019189592855454022
179,0.009910883884236159,0.03596453784851388,0.020482493360754722,0.012801558350471705,0.2825727093285038,0.007680935010283022,0.020482493360754722,0.010272558301676109,0.04389105720161727,0.044813000799947884,0.020482493360754722,0.017068744467295605,0.009310224254888514,0.02363364618548622,0.006679073921985237,0.021691772149546665,0.012289496016452834,0.006045943392848844,0.3177815080464728,0.07614487075750939
180,0.06841642699828357,0.4535171910920196,0.019713151195740266,0.024641438994675333,0.019858551295464377,0.020633652592090688,0.0289899282290298,0.017601027853339526,0.014934205451318388,0.00714244608541314,0.01895495307282718,0.023468037137786033,0.014494964114514904,0.02593835683650035,0.001599123213435363,0.005977242014982962,0.008646118945500117,0.20575985134558408,0.010095442799098651,0.009617890732395603
181,0.009800833284132513,0.012504511431479412,0.01908583323752121,0.040292314612544775,0.030219235959408577,0.008433275151462858,0.009065770787822574,0.33304239826384013,0.0725261663025806,0.0075548089898521435,0.006275896996707174,0.010988813076148572,0.008844654427143973,0.03296643922844572,0.0084513480477542,0.006842091160620809,0.0035416345209992894,0.3363936374366659,0.02590220225092164,0.01726813483394776
182,0.013521989869728211,0.036340347774894574,0.02076591301422547,0.004152343210592591,0.04472658187679331,0.01761956255752464,0.019381518813277106,0.034202680258724305,0.5350774423750397,0.00807563283886546,0.016656174878100217,0.014602794183435588,0.010382956507112734,0.08010036875578627,0.0029318706235016406,0.012113449258298192,0.00613728931969549,0.019381518813277106,0.08306365205690187,0.02076591301422547
183,0.0013798289897046668,0.0428336524620269,0.025532851830218996,0.04038293631350962,0.05106570366043799,0.007943553902734801,0.017021901220145998,0.2367122899217277,0.03971776951367399,0.051472826836147303,0.006502613541148506,0.02234124535144162,0.0076055303324056595,0.01554173589665504,0.008124089218706046,0.012326204331829863,0.01554173589665504,0.32844743413190086,0.03971776951367399,0.029788327135255498
184,0.0720583893716701,0.13101525340303655,0.019763610371947224,0.011293491641112697,0.01581088829755778,0.028823355748668043,0.05309565532649378,0.026351480495929624,0.008783826831976541,0.14516963460323326,0.10195852027769951,0.09325203330451426,0.0006788689435337338,0.06358959565457419,0.002235559465941398,0.057046224919238844,0.006132628882695328,0.00882886619210327,0.00930052252797516,0.14481159374009867
185,0.3702227833567196,0.11898690463408551,0.04322381123640897,0.04322381123640897,0.07172992605103262,0.009260154694684433,0.006483571685461346,0.014407937078802991,0.018524490529889564,0.009974725669940534,0.025934286741845388,0.010805952809102242,0.00463112263247239,0.01620892921365337,0.0036750599960103008,0.07622836563080765,0.006824812300485627,0.11872851325720503,0.014784387399840396,0.016140453845143194
186,0.008072914418111872,0.040364572090559346,0.020182286045279673,0.017939809818026377,0.14780193991421225,0.013454857363519783,0.011532734883016958,0.0807291441811187,0.03229165767244748,0.0014678794552284728,0.14780193991421225,0.040364572090559346,0.14803039895089343,0.03182374161363379,0.008597501672599425,0.009478765941442336,0.05817770540667616,0.017939809818026377,0.14780193991421225,0.01614582883622374
187,0.04019230593910261,0.0013368855884350783,0.0200961529695513,0.04019230593910261,0.19329031820992348,0.012057691781730783,0.001176651106778732,0.04019230593910261,0.1104599118612083,0.01722527397390112,0.04019230593910261,0.01745364202073906,0.06028845890865391,0.1104599118612083,0.1104599118612083,0.008087845487572996,0.015072114727163482,0.010961537983391622,0.04019230593910261,0.11061216196302036
188,0.0012805434825799054,0.01834566043979799,0.019424816936256695,0.05503698131939397,0.02751849065969698,0.008467227895291378,0.1651109439581819,0.002804374250184936,0.03669132087959597,0.008690049682009572,0.02751849065969698,0.011386961652288405,0.010684048036724163,0.022014792527757582,0.08329553519378703,0.13654387060316533,0.3033408015883886,0.008924915889631454,0.025401683685874137,0.02751849065969698
189,0.2876868880927618,0.1553038530284617,0.008999160286260811,0.01063537124739914,0.009359126697711242,0.1369223723781293,0.01231464039172532,0.019549427697820688,0.010172963801860046,0.003545123749133046,0.011698908372139051,0.002601605750808391,0.03854178405070494,0.013763421614281238,0.006940297464029287,0.21485809375441836,0.025029459425508632,0.0059994401908405395,0.013763421614281238,0.01231464039172532
190,0.026112680329205704,0.08889020974606454,0.05410708419325669,0.1327427132207897,0.020741048940748397,0.07382407250096887,0.04839578086174627,0.03671277647128213,0.025926311175935492,0.008133744682646429,0.038889466763903244,0.045521471845792284,0.04203836036934515,0.040580313144942516,0.00925939684854839,0.10604587514774214,0.10559750050379689,0.08187256160821735,0.008853716148525951,0.00575491549654187
191,0.07952120953549964,0.08179324409365676,0.0276555592471857,0.014486245319954415,0.023400857824541748,0.1053397840600125,0.016011113248370668,0.006023107707397209,0.008737638313244884,0.16171485800469668,0.27949733505764623,0.01901319698244017,0.012168446068761708,0.023400857824541748,0.0061865748212587965,0.007605278792976068,0.08630090695386872,0.0018498457135699838,0.02028074344793618,0.01901319698244017
192,0.016243444199121795,0.045481643757541025,0.022740821878770516,0.026753908092671193,0.03790136979795086,0.014213013674231573,0.07226074163771688,0.14675332936242755,0.020673474435245923,0.03133859393466337,0.418090011644912,0.045481643757541025,0.009096328751508205,0.02393770724081107,0.00785411679253734,0.008917969364223732,0.0038927076394402117,0.01263359680061776,0.01299475535929744,0.022740821878770516
193,0.035511388865697956,0.048827353633094386,0.015926405844971236,0.49380008933394,0.024413676816547193,0.0016274888210591235,0.0335688056227524,0.04131545307415678,0.06113459687941885,0.011189601874250795,0.029838938331335458,0.035806725997602554,0.013771817691385593,0.04161000566264184,0.008662917580065132,0.013100021706439953,0.013427522249100954,0.013278850019770552,0.0315941699978846,0.0315941699978846
194,0.06373277349706094,0.12865340698550876,0.004920220263066015,0.020910936118030566,0.2168048154755795,0.003801988385096466,0.018761955185386692,0.001049972653690547,0.011545818575622577,0.021442234497584794,0.09380977592693347,0.017650018715329608,0.0008805738365856156,0.18011476977971227,0.025015940247182254,0.009861261971552036,0.07673046097919489,0.023290702988755886,0.0059745531765801625,0.07504782074154674
195,0.0051460915120476475,0.03255981269377286,0.022054677908775633,0.009081337962437024,0.05765800164522276,0.0039585319323443445,0.01715363837349216,0.2615458170054463,0.006739069837713862,0.18514075815109135,0.1416344074409924,0.009081337962437024,0.003590296403754173,0.00857681918674608,0.0026786537579202786,0.0051460915120476475,0.005395042022215055,0.20701506977287024,0.007719137268071471,0.008125407650601551
196,0.12069219856529421,0.055405409918481516,0.03939969883512188,0.13930510659714046,0.010815375437932581,0.0226301016114467,0.06019353176328859,0.008906779772415066,0.008720217123821695,0.08197408601974165,0.07128181393021014,0.0430930966032634,0.001869324149766125,0.04894859678483873,0.0019166488117855207,0.15839060688560253,0.004092304219758273,0.0016892363317253835,0.004588341094880489,0.1160875255434851
197,0.04028819604061825,0.025174913864167824,0.019702106502392208,0.017428786521346953,0.038369710514874526,0.007975170691811282,0.009440592699062934,0.07673942102974905,0.047397877694845006,0.02839046661466117,0.09669167049748381,0.023849918397632668,0.0040459682995983995,0.004533847244506409,0.417212648400563,0.012590061262693204,0.0161152784162473,0.07006642789672739,0.011619191014231303,0.032367746396787196
198,0.005619787095768342,0.017662188015271935,0.021817996960041802,0.01426561339695041,0.026493282022907908,0.004468746365309767,0.012789860286921056,0.02853122679390082,0.015454414513362944,0.34119378694997976,0.11674602242314429,0.01685936128730503,0.0015561971396454214,0.008095438236807586,0.003097982670619768,0.006080425382306732,0.007891615921717247,0.011085218991024652,0.008242354407126902,0.33204848113988766
199,0.08458849582702761,0.14016747545696565,0.004080483901940072,0.004080483901940072,0.0037256592148148487,0.0019042258209053672,0.0022502315472651404,0.05504759036128105,0.012853832934537226,0.022499076612789177,0.38227493306445176,0.003570423414197564,0.001034674296775474,0.07874222690468023,0.0017823236796782169,0.005096999107526022,0.08994704307398865,0.08655281503346077,0.004510008523196923,0.015290997322578066
200,0.005000629001786307,0.11155690704557591,0.011407684910325013,0.014315526161976485,0.011407684910325013,0.00905058170068885,0.06384811891410816,0.012374437868827132,0.013274396986560012,0.007641477409290575,0.010001258003572613,0.010140164364733344,0.0021410317720258086,0.008796287159768684,0.6757059873456895,0.0035965114988216786,0.004171953338633147,0.004966611117420414,0.010736644621482366,0.0098661058683892
201,0.03437734960747016,0.03381562820865529,0.007230093855779673,0.00527601443529868,0.019323216119231594,0.0006830945978956662,0.09364327811627617,0.03623103022355923,0.19028991110106905,0.03402566316647302,0.06671084364091732,0.032607927201203306,0.0018770435971735692,0.06956357802923373,0.1795366317701369,0.05916623552921895,0.05927987953340537,0.02858777179283578,0.003055366455373564,0.044719443018793104
202,0.005489539838599696,0.021615063114486303,0.019310984902871527,0.012808926290065959,0.20870597970607957,0.01330157730122234,0.31826240089922603,0.015036565644860039,0.01330157730122234,0.006528901732548862,0.01820215841219899,0.009347054319777861,0.006238493998789456,0.01516805846757035,0.00225643309621831,0.005764016830529681,0.00516180611689225,0.009101079206099495,0.20461370559419564,0.08978567722654526
203,0.009794839392554615,0.022536603566240387,0.019222397159440335,0.017596265496220852,0.028415717540042226,0.6016163223332602,0.02614246013683885,0.03630897241227618,0.021785383447365712,0.00827293042305027,0.02513698090080659,0.027231729309207135,0.008714153378946283,0.019804894043059733,0.0021272376781295635,0.012102990804092061,0.013071230068419426,0.008964150129018808,0.05270994746215012,0.03844479431888066
204,0.010657424594830217,0.028137917435553838,0.019034473559345254,0.008958433783119899,0.025886884040709535,0.5951754247366776,0.02022412815680433,0.043144806734515886,0.026965504209072438,0.009659285089816989,0.026965504209072438,0.02311328932206209,0.007525256988578355,0.03235860505088692,0.003677636763740607,0.008404832480749849,0.014708456841312239,0.034556895736526594,0.03595400561209658,0.024891234654528402
205,0.6140117164480878,0.05456843101485474,0.005499290469641984,0.0012372787656257129,0.004441734610095449,0.10605563348048368,0.00384950332874939,0.006793241168381274,0.00384950332874939,0.0011548509986248165,0.005021091298368767,0.004441734610095449,0.0015398013314997555,0.004277225920832655,0.0007535908063235157,0.05958621777484138,0.11153456581672584,0.001443563748281021,0.004441734610095449,0.005499290469641984
206,0.0014995596781634077,0.004075726304751827,0.004075726304751827,0.0046750978201565065,0.31935753027926034,0.002064328907601574,0.002563763320730988,0.2946006798068735,0.0046750978201565065,0.14638229446031337,0.09336050142786421,0.0024083837255351698,0.0008027945751783902,0.004182982260140033,0.0014066666007550546,0.0010655470163219985,0.0014995596781634077,0.10142308851878906,0.00588716021797486,0.003993511276517924
