site,A,C,D,E,F,G,H,I,K,L,M,N,P,Q,R,S,T,V,W,Y
111,0.014212495179496664,0.22903037586908587,0.04542334475676022,0.4568293133109324,0.014146862118336254,0.017035149890741758,0.01356780474431652,0.012649160850727183,0.040925748893876436,0.005180542355092791,0.015590741834080732,0.015613287148854982,0.007315439326343582,0.012821495341615786,0.011985751075508285,0.050830926049852204,0.0072928700910152204,0.00806354500515293,0.011205226768741269,0.010279919389468902
112,0.06436246254779031,0.021181498727040084,0.05552489823905613,0.1294869271863941,0.005449286481035075,0.031982120575571114,0.01423999720019862,0.08746748417686938,0.08283527323857277,0.05417900717649684,0.059422561133979514,0.03575864424065667,0.021471229659614587,0.0500390118270626,0.02212976276930918,0.07522424777160007,0.11193244389300926,0.062083597152770086,0.0030840685158429007,0.012145477487130725
113,0.015757806511397902,0.013613019762180942,0.013324083545525696,0.016823231904872435,0.017287815534036997,0.007395803215803058,0.043210600809425535,0.020275474362819755,0.01511518113504612,0.021640541501838733,0.02060049095960038,0.014163390005109192,0.6843440526864941,0.01573261197308731,0.005714497316600892,0.024726230856902686,0.011866632245711873,0.008106113437147938,0.01220872927356537,0.018093692962833117
114,0.02994995839427454,0.051539934301280434,0.006551387749813962,0.06860219810702688,0.0181228897876353,0.002941797296853033,0.055590065377932464,0.12184040370327612,0.053591033113476565,0.09933655466573679,0.08985940344489513,0.014477048459987166,0.002528534917609293,0.047594087536192015,0.01936864575278778,0.06802597335266983,0.09826426528538189,0.09071944567419957,0.014909792799870028,0.0461865802791012
115,0.10594357516609079,0.14964436546421925,0.02215762978051825,0.00887418115217982,0.040406714861352534,0.034380218883121726,0.04980389116412774,0.07347450108402813,0.019884867867914942,0.10052608002627325,0.03387605408035491,0.038625720278408104,0.049769498941374266,0.05699590610641086,0.023337475641491363,0.04830643595849247,0.016477630269064535,0.06936157835537712,0.03612243282317093,0.022031242096029
116,0.017202374323956663,0.042577069266919856,0.011074868209957647,0.023552639185141333,0.0309427967104304,0.004549065868678494,0.02218094719229198,0.08284996092794471,0.01128639846192526,0.010246475289262244,0.12549630332448863,0.024816483837864244,0.0074671755714356865,0.14194011543380133,0.00748007897853533,0.027783579678252228,0.17992523846513422,0.1961028658360765,0.018650303317837406,0.013875260120065824
117,0.006353783681483686,0.02213188323594418,0.01150523350637233,0.14978390155688967,0.01657462562761125,0.003741467106658088,0.036969637979064676,0.01874054683596734,0.0614058246235085,0.07150931573277668,0.025724655750921425,0.10714181797394651,0.010897322920891276,0.23161073877413363,0.07011568979627018,0.08858091135930171,0.03439615125583688,0.005696890161869523,0.010547377251117115,0.016572224869435347
118,0.010276019184032089,0.02917768492141617,0.01655371194034953,0.013090329934810515,0.01751847133509954,0.05579600804560139,0.015316688526224337,0.016108687265266666,0.02169576276522038,0.010762035918852665,0.019113403000513656,0.028485178214595362,0.024334468248666086,0.030021748258492006,0.015960347118147398,0.4534768751759033,0.17244244307381967,0.010317522915716046,0.015484186832168683,0.024068427325104516
119,0.017134070817868143,0.03143847587055682,0.02803734010711912,0.02151412200716986,0.04877502965624529,0.015455342620761627,0.030739872044390045,0.028248220730898017,0.02023860658874034,0.009171357656698674,0.024682261979674193,0.0259767868038592,0.016950520836854294,0.016951173947540525,0.010190519246322645,0.019843194748293352,0.02238076829370423,0.011888516746834586,0.01962275574900147,0.5807610635474675
120,0.01797923907491031,0.025259847413524283,0.01999231624232762,0.0348268377723366,0.025395474683320894,0.5980738603144091,0.030287123061619462,0.026106804722502652,0.020583407286870248,0.010481220193372725,0.020034589993116716,0.020247630544590042,0.01077612872924264,0.019982456853309426,0.021379036478416526,0.011917711368993982,0.015265249623495271,0.03217255851098367,0.01677556580790423,0.02246294132475356
121,0.015063744662197504,0.024010199710948317,0.018446349574216214,0.01728254274029864,0.06576388589391993,0.00817139643366692,0.021739522608817355,0.02280657685677091,0.02192109875430734,0.012418248886761364,0.02448859433206286,0.022653453085313753,0.012188553361315734,0.02197795749832594,0.03086996418508279,0.015700875872213624,0.01698580460992273,0.010631153481077365,0.5687378377268165,0.048142239725964146
122,0.015584785721537332,0.023060260450568113,0.03417406919028423,0.02085664866229417,0.026105504139520678,0.01443109689693356,0.020272331112825472,0.04256215449195308,0.04778854834783387,0.01331220940331032,0.021457918858020134,0.5598407428417612,0.017218893258389868,0.025841051952744408,0.009829378675523704,0.02410065956878495,0.023929775461811048,0.01139697908656609,0.019914291227342035,0.028322700651995773
123,0.16312310737282296,0.04705666432855769,0.022412918541659662,0.015029213507932434,0.01487707694134746,0.007945139911688121,0.01417151784473247,0.39675823950866573,0.030160075599903094,0.04980705902408365,0.02408007578718628,0.01824590972316304,0.012828037270047212,0.010965625131486354,0.013566975769504384,0.0062785390873078654,0.024204017244495016,0.09769127527425073,0.0139676719379637,0.016830860193202124
124,0.05208610529989394,0.22046342342520756,0.01626638707405992,0.009008643494074247,0.008420574257769136,0.005625628211752525,0.00787563363721738,0.12575200751546703,0.008659860565229473,0.024968536430631315,0.0801424397083428,0.007824598905712616,0.005475999519400335,0.0120582595949226,0.004030155152855994,0.012314046191606833,0.12743160214388188,0.24981204558007772,0.011510272303409433,0.01027378098848729
125,0.011045645533990732,0.030609712293728962,0.009556459044014911,0.014011936793086275,0.01281960159293655,0.03151048984446756,0.04031604766360472,0.016052750054739332,0.32403085027466505,0.010132363265529031,0.011750059807148203,0.015068194031910792,0.015283970433166065,0.010926827484800663,0.3758996209436039,0.032249997627812416,0.012012876818448434,0.004877851243034032,0.007295439263771158,0.014549305985541178
126,0.025019518454217484,0.13050028565811503,0.014126925103367674,0.011763199005604595,0.022918275925021454,0.0058255198911610065,0.02598219853123608,0.01339212877228959,0.02434479253600679,0.3613550958512528,0.20135673913676752,0.011963504873748955,0.021729550651177754,0.017394467105435667,0.007631967005737299,0.005994240564318554,0.025609947759649088,0.033252926504347205,0.015659493062349813,0.024179223608195535
127,0.021630838072974314,0.01706115641299699,0.00823307336237187,0.01496494003828574,0.013419788237856148,0.0231751156799677,0.023277395329685306,0.08923636318542716,0.18362389471515103,0.02515244365533588,0.019528393765411982,0.0949931030542962,0.004069098591562739,0.07430153918404843,0.1017488867229268,0.10671404062324658,0.0969806792835602,0.03564371928276663,0.01554316611912582,0.03070236468300249
128,0.14643604942095034,0.0538909948116166,0.07322349965229387,0.03934778753602012,0.006873794151457196,0.08215535350168603,0.011758506751102977,0.006473106335302357,0.09742168615139495,0.00871758706474707,0.02916839625951364,0.03015703059237586,0.03760717014788819,0.030621882494070097,0.061227448412334386,0.10693538815595811,0.13119019276721475,0.034669528165321775,0.006024867293934819,0.006099730334816865
129,0.09025660202043144,0.05342902817794418,0.08688686006212674,0.07957287424183954,0.03362826119641039,0.08694950449504506,0.03674789579958697,0.004876322186548312,0.036572894467879806,0.008318374021921444,0.020909479020315376,0.0407488555385363,0.04994064183529478,0.13651610632971,0.07181057533787513,0.08818440092315781,0.003962112960674244,0.003168183998667384,0.006916750853493,0.06060427653254214
130,0.05122304547224362,0.1339131787092289,0.020669176193623687,0.04038785415248516,0.037927243636846956,0.00350784395993918,0.1012458014240105,0.05976373642350841,0.03227722239448636,0.04138323376617911,0.04383249044386512,0.019477168720552634,0.0021926129077037312,0.05075745608401828,0.022738827790455038,0.05468370548596196,0.1179186374287023,0.08367217113534009,0.03204813445325648,0.05038045941759246
131,0.02386460207881602,0.02044807498847341,0.4478863649656083,0.04139926133425207,0.022706195491457224,0.01593559788769202,0.026307946097825413,0.02283723378791646,0.02508021655820935,0.00867633449093483,0.0271150169461546,0.19339021435307358,0.010261052149968631,0.018699621175951607,0.007753899275521042,0.025866796864364456,0.011902335203870629,0.014100157961185664,0.017271072711279544,0.018498005677445094
132,0.1517477318180276,0.15078474327760258,0.006697090873888794,0.008472953774018632,0.033801391070183096,0.003004015101473155,0.012479045221268203,0.15032807398773135,0.018123979372059198,0.1091883449145354,0.03161446115110448,0.012060480019401541,0.0040593769353141,0.01765554341707017,0.0032619745522677974,0.005653020889074132,0.04804064023157996,0.20738317314630045,0.010364562593115634,0.015279397653983753
133,0.030523352635144083,0.04472058960885894,0.012115434544992894,0.014142348337892309,0.1524174355854486,0.006294209455977489,0.09945512266927158,0.018500897286980813,0.009382573245580679,0.10027571512724995,0.03156586505070892,0.14631168677360581,0.0034936482136286974,0.0344303294972604,0.00960959661992588,0.0354622508312368,0.05310251270311864,0.004884682998123842,0.042843852933584246,0.1504678958814094
134,0.04208630728279876,0.0849164512328659,0.009373107937096925,0.011139748630176409,0.050871707871642295,0.04005393320562501,0.13842143546280872,0.057474296498125015,0.022707943877819804,0.05163726173992262,0.05410496536846081,0.08783924292253735,0.010838527591204527,0.04463636813027078,0.07081297962711415,0.060222375067341696,0.0657052369822495,0.03300421713111109,0.012883330662010343,0.05127056277881825
135,0.07501991522547692,0.10229448658923179,0.012646323952339226,0.02364327878976716,0.06509193081817577,0.0021247206461562293,0.03385985993177934,0.07563414957846408,0.03882850272293251,0.059505118291358655,0.10289585646158454,0.011068509658884658,0.0022098103912705806,0.09933539024043977,0.03964508361537575,0.01878040692538836,0.07738035870146046,0.08723164819351673,0.009291960027984856,0.06351268923841262
136,0.15642482091169876,0.07561424619113384,0.034520779230970536,0.012148756191744003,0.015805356038665917,0.10142213038219992,0.1813518615159161,0.02328038407302588,0.039170209428498165,0.010233153301044885,0.023413416989738266,0.043951457287605675,0.07562532885610793,0.018831899863433532,0.00602183960870612,0.05989596329634843,0.01759249289085331,0.04744500045414268,0.011220117397845059,0.046030786090321
137,0.10828666983970317,0.07462826458450224,0.028560389123392132,0.03655635655777588,0.03977439925897793,0.017606207814085416,0.026832104209980025,0.04957911003098652,0.032485042496987804,0.056470478107499604,0.05051771044549123,0.04536948648100008,0.05596575685984391,0.042790541061761084,0.010610113668951024,0.0683534618105504,0.16082963111207763,0.02273230301615028,0.03602979100926005,0.03602218251102361
138,0.03965314518952445,0.036358482170438224,0.08066358509631866,0.2619617178967532,0.05440939759309351,0.05389972566862186,0.017083987842237996,0.04738728330659491,0.03446568036774568,0.06943665016283676,0.020722609135834996,0.02072587075916754,0.010711009490407193,0.10786975057099003,0.00601275224470693,0.04692550179275836,0.036358293913811984,0.020131795252754558,0.01648933224819279,0.01873342929721033
139,0.055728042607968487,0.10037848646725354,0.004759417726629141,0.00693459523200896,0.025692284779776458,0.06253837272815456,0.020376577046192425,0.026939710827403936,0.09001527274838082,0.03684649081141158,0.06619060669032717,0.019816876934396294,0.0488772454373333,0.07001982113362161,0.11345816052826356,0.08545200922763624,0.04067543034560573,0.0364664306316899,0.015643401121510796,0.0731907669744355
140,0.07252303328339897,0.11426929536704115,0.009621491537594458,0.0110288245320973,0.012460319323155793,0.010053685464693974,0.13324164594337629,0.035265309604580145,0.011440467859003265,0.10822951733766742,0.044289397034280815,0.014324222577628646,0.007136219498984349,0.015872998395500208,0.0063036985521086495,0.1107461967731621,0.12535837020988466,0.14281470675185648,0.006092353817712102,0.008928246136273204
141,0.022831600541892334,0.019404601079304383,0.5437303789482177,0.025954673823989492,0.01831132244181127,0.013641467582304164,0.015986113347117664,0.023204332275866973,0.0246341214271055,0.012016883952583907,0.02804975884960487,0.06300985983765303,0.012704106579465227,0.027304763630572135,0.02010940605920186,0.010907403301882664,0.012175129946955169,0.02870311259626906,0.033737796061187084,0.04358316771701551
142,0.01617299443090628,0.11575300946962384,0.018553688589456403,0.0278851806292845,0.02335220959622786,0.014835033621677183,0.017456480426097626,0.05484233275599965,0.018412207806652717,0.007586968420457606,0.017460213398387686,0.02029666849573821,0.0864085840105781,0.021564768996957456,0.011308022721695782,0.013918593690638551,0.3938439573943996,0.07415940813899327,0.02474552239503257,0.021444155011195107
143,0.01602006196020691,0.01659434663713168,0.014953960660139575,0.016750785690379053,0.061572051755536,0.007502055282924531,0.023036340835810937,0.11073846696940674,0.017899122129778296,0.29888924988381244,0.020478504235542712,0.02186634118039603,0.012011543661440279,0.027584502999622236,0.027327997087238497,0.012014101406165325,0.008187045288194719,0.24836121839405528,0.017316317775109603,0.020895986167109207
144,0.007979020296264678,0.01358750136702191,0.019922183934451682,0.014085092017595658,0.1780091825057739,0.006012368695829811,0.013154728701238941,0.11897342841588401,0.017371605806192878,0.33501185049191673,0.08740441316087463,0.01443775823501835,0.011952967438997007,0.018099638325936054,0.006619694290838357,0.009942204480631114,0.00783148075731561,0.09434227588303547,0.012981572551422073,0.012281032643761068
145,0.2179567060518922,0.35199671658438686,0.01010603660156401,0.012862746697044495,0.03855616156984087,0.008935985917283633,0.012931832378659,0.014659947058915535,0.016146539783161204,0.006715622619927629,0.01971264506203643,0.018865880011999132,0.008311832713964325,0.019946242552583766,0.022378268004506457,0.08692001384017937,0.007323821893590444,0.07532859383438491,0.03403222897704014,0.016312177847039543
146,0.03733146385631934,0.021640229926624757,0.5293905672637484,0.03403829351338397,0.028107207726690366,0.013860625926383091,0.028601712201589646,0.02563008204973704,0.023106797395635353,0.013054763754201818,0.02242993107384968,0.050532436824748034,0.016056757680786075,0.029485757235773985,0.022307599220134984,0.009657901028533141,0.014460164715233807,0.04128504839092855,0.016377404522318426,0.022645255693379412
147,0.004988032261263532,0.0075212603520762415,0.014050408966581666,0.010664422650034977,0.012691899252998535,0.00509998962464599,0.008089541359749144,0.19422176256317997,0.024776832475144228,0.24292486554359058,0.24030450900014003,0.008599274642843048,0.0065557222581167935,0.007989643669058983,0.0026703406197859806,0.006376732889988589,0.007111052581518257,0.1770842562847848,0.007212561970460675,0.011066891034038025
148,0.037962478103020295,0.02595980122265916,0.045334110111681064,0.015571919560430823,0.010650757258686708,0.6264171324926314,0.036994254591246105,0.01735061710738274,0.016596415616006055,0.006069901191420642,0.01420881592626788,0.01402912992525157,0.020933725860092463,0.017568573026261542,0.006410039611638622,0.026308947646064115,0.009516109465662653,0.023945753936448454,0.013724430323178681,0.014447087023969189
149,0.032050909928761306,0.013603949934883704,0.02342457658619239,0.6819746970514218,0.013772997253834176,0.04642519900137444,0.021264575901151033,0.018066971399942917,0.024081564405671628,0.0059390211501912605,0.016185677516621946,0.014797612942342562,0.008005511404025303,0.012163056236503945,0.007066661580512496,0.006444577452754974,0.00942591320005818,0.01978796487011243,0.00886073791072073,0.01665782427292285
150,0.11134916596132816,0.07521143041945483,0.06543389039017483,0.09470360398685652,0.004117659852773918,0.06630142987494346,0.048238362280695335,0.004197450050733397,0.06712761836145172,0.024076341288888893,0.053959914380632,0.060560112696250806,0.007923859812099681,0.0755963973546729,0.029277927063498663,0.11251021553621793,0.07622256411265531,0.016611974456090906,0.0021737982979315343,0.004406283822649213
151,0.19987161799813935,0.11694259949983736,0.014799755231610513,0.008225094355452928,0.007924900044016489,0.19698076596990838,0.0107195824062668,0.01134282698711453,0.0238937140862606,0.0346118682123394,0.02405058365775439,0.008291808611088644,0.011342787933308828,0.011098146339538274,0.003004314928971324,0.24104104125011208,0.025295489243627168,0.03174515712761996,0.004885284290083107,0.013932661826949862
152,0.11613658896233482,0.0682520826855434,0.005883956938015196,0.005733603059424913,0.0414821581263505,0.07967648925813343,0.058171813433356465,0.007940828122003307,0.008287476622928435,0.005152741257395707,0.00594681441281227,0.07368826753828203,0.1287785580722784,0.13391081528311632,0.003226855813811568,0.1542838071897408,0.0679369335157072,0.008900862813342807,0.004477751666395204,0.022131595229027193
153,0.03829404725917024,0.06778647940940549,0.01791319289519854,0.003165237412770671,0.019900880228042483,0.012746309557224856,0.09904067088371117,0.15283189146108175,0.005219905503525485,0.10556447398162945,0.14428421043676226,0.03836341249908617,0.0025839144906442115,0.03531377762622592,0.004347260192578818,0.09063865346892261,0.041040615061656224,0.09052646871126073,0.010965371062781563,0.01947322785832132
154,0.11993610777272051,0.0781506795663069,0.01670724759663413,0.005139384497047727,0.12281371557850543,0.04646525042316099,0.07249684837059538,0.008176636311611396,0.018439995389031356,0.009352378868243659,0.013568657212557875,0.03981412272809429,0.10312727544083361,0.031494014744383146,0.025018170270393637,0.08816777126163595,0.06794455241880853,0.030330771466555582,0.04339956035318074,0.059456859729699156
155,0.06159992173384422,0.05252382505449415,0.024014154377528137,0.07698011379273849,0.03213138825539841,0.027931655218972305,0.08118333209841504,0.06194056547127563,0.011995646591640262,0.06253341761092336,0.06574656472157119,0.057065599486986425,0.037099001840828,0.1442711281227274,0.015884928320521432,0.044642708133108576,0.07035239481493819,0.04860323971264114,0.01652552856500559,0.006974886076442087
156,0.020556848415669477,0.09984027619417567,0.009318973470238905,0.01687814817254755,0.02630664116940003,0.009289044417340079,0.06559377250688124,0.2863597740229022,0.013763886181046573,0.03299794764361468,0.03895407283984765,0.02777218543107806,0.004458869246534461,0.014593278652694983,0.00439180869410091,0.015805328201427563,0.058446580230751326,0.23472863547312053,0.0077825310636630346,0.012161397972965114
157,0.031788095031124536,0.019996020533852018,0.044667653526479216,0.5121832694544052,0.032757369226792066,0.015884669411670417,0.014860641986531874,0.02107362020903367,0.04201211396433829,0.010393376651755309,0.024136054268307186,0.01813515865939099,0.009559592635484507,0.05886339490631359,0.00848334802654085,0.011454143337484962,0.013969134450599614,0.05628581262404997,0.026951200922924464,0.026545330172921256
158,0.0994261533387385,0.07733545574218774,0.012759735099876787,0.2324154470766723,0.017748426491537208,0.02461490206501694,0.009095471599531946,0.014081419738247078,0.014924692549043413,0.01300649287344227,0.01089687268451049,0.03885134594449621,0.006815576436367743,0.19701873575121057,0.00477963770805827,0.041097475689985626,0.1284574239836796,0.035689646466630656,0.009386907263017247,0.011598181497749454
159,0.055013240289512336,0.06988047138167187,0.04030265359263341,0.07881593885222826,0.04132405385657711,0.05769575436625522,0.09411856770226538,0.029577442624045425,0.10166592383667922,0.020196517375508972,0.09615270550324055,0.07667501772259086,0.004692592461256122,0.03044331489744527,0.04085923812520824,0.04587237236486258,0.06269636376591409,0.019069599702069603,0.011891451566487738,0.023056780013547724
160,0.0089499803772615,0.02178287873440407,0.02229807771369629,0.02293211769309891,0.02173487413413557,0.010735999623578395,0.017747990889437657,0.03326656657806179,0.08002090329617968,0.019527663967076562,0.02020220836335523,0.02504984381364672,0.026599319047454606,0.06242168907090678,0.5232821226077895,0.01288653156612167,0.015161618258527076,0.009842378721772125,0.02406133550421486,0.021495900039281077
161,0.035930253625857486,0.2073073445476374,0.024744899820604904,0.037339009515311286,0.01892023141379803,0.0064053753803634695,0.013808898842203422,0.028305550594227104,0.03187351569785069,0.007608208402335329,0.01790008233438334,0.0218903869935366,0.023708918045979775,0.033021728215017275,0.00628808437589291,0.1448564832613352,0.28992017250026936,0.008278688457908995,0.016319924331247473,0.025572243644239857
162,0.14563701095852774,0.048386382981424426,0.02947709102860215,0.047492238535255214,0.03485257495154654,0.06348286605713076,0.030317962672349284,0.056994784288305456,0.029465205903742207,0.07488324742910078,0.10532384752084463,0.07753614289841028,0.00949595201076566,0.014209592153982228,0.022564795532636128,0.08157840553907302,0.05741231568210321,0.050201117956997755,0.006755403749799926,0.013933062149402604
163,0.044583838151343126,0.048310653228517395,0.015817760612860197,0.0049823022703061855,0.008390411622547694,0.04403610815202773,0.050778818361002925,0.01946833578448323,0.1748454588945262,0.024789429555047645,0.04675542601902589,0.10341745018759707,0.0024598518206530484,0.07436966897810375,0.10634035708654453,0.08064147617357045,0.07023908085254663,0.038207112940286586,0.02589009659362903,0.015676362715380664
164,0.12096349832392736,0.07799638443007115,0.0067824828810290685,0.00800687008347731,0.00498683087001801,0.00877585322707845,0.007040815703373035,0.08324154089531842,0.006864178639866142,0.09696907668830002,0.09771876290826328,0.005118361898971751,0.002043943675103134,0.005024403992275181,0.0017510662544866808,0.06426770354906537,0.19413518436840496,0.19687625598985187,0.003975855283919948,0.007460930337198862
165,0.0037569446819087035,0.013530434809742121,0.007743061010888417,0.010183296956874739,0.01942270673261484,0.004523408466573955,0.007381367711279398,0.11271751181407644,0.010215111047822039,0.33050783257054744,0.375304041016415,0.006604979923895109,0.014602342462703716,0.005757296831835338,0.0052719860551734485,0.002450424795537551,0.003816598737013758,0.05098525868215668,0.007963012604054267,0.007262383088886995
166,0.06745277492303883,0.03632973086853298,0.08186888781883703,0.0699770714672295,0.008789573295211146,0.05286438025157837,0.058335831155331856,0.004062439646590043,0.03939443473470904,0.004385705120498826,0.0184813184740986,0.07034531247557937,0.011411448736112882,0.1127951910629963,0.08107645460580984,0.08344330268680591,0.11146019381137287,0.006988943709047922,0.01880281785013613,0.0617341873064825
167,0.10716307459501617,0.12419216502112236,0.01401378875883044,0.005594398992476265,0.009227410067963961,0.006253427241607869,0.006480067465954957,0.05008362672828222,0.02990923666457552,0.15651471524791108,0.15590031351245462,0.009907344604288756,0.003020710962561219,0.004697511839380687,0.004747780112960307,0.05903199490288845,0.16189666340323314,0.0783558564010661,0.0071882117034784455,0.005821701773947403
168,0.16606777189355199,0.058835140336208826,0.007807987381039093,0.007745457703539768,0.013295476250291781,0.0041433085345280105,0.00961464971337687,0.18108884628665986,0.011511820637456639,0.22244774299537798,0.02286094229366035,0.009443475658203252,0.0032894820634075225,0.007491771063516102,0.003007208512915362,0.003804985088997273,0.01812459878591242,0.2279644361260021,0.010121876237150806,0.011333022438204002
169,0.0940826995089863,0.058431122468288285,0.05349466213785984,0.10609077055068558,0.023176154874654367,0.10034964377534786,0.07292452707927079,0.03054718400605288,0.03253405064849796,0.00604099903951303,0.006515021520726833,0.062192325301342874,0.00653591439805722,0.09233341986863013,0.009052237545060078,0.12586755614547782,0.0679552149215375,0.026212681158737133,0.010075774838659879,0.015588040212613601
170,0.0875015314903527,0.08170725233676339,0.06888274967411184,0.03345596830513966,0.07297003112524363,0.06783072526436566,0.04274293369491245,0.025007740349259514,0.005153827246232336,0.00362380756359701,0.0637453550449384,0.08093395660595179,0.0501320439615606,0.07306655723232731,0.0010634068420757239,0.09462369211726357,0.03954073764993723,0.030444411015286943,0.02303859232519867,0.05453468015548157
171,0.010025401364144147,0.043685816885291696,0.017580836383196356,0.013180414436287856,0.07062730196722906,0.015215375148241082,0.027414968495575953,0.01824612690890464,0.017894927690027405,0.017227426189826353,0.014258116226474271,0.014269048120446166,0.011055765819735837,0.02708670715593709,0.01332732929420461,0.00732465217602938,0.00950324138802273,0.009879298823003365,0.4975654572986029,0.14463178822881909
172,0.020635328354649884,0.015056187423807927,0.014825599062603766,0.013202130232687338,0.0782053503904357,0.007511210767328468,0.028862038988781553,0.057481565076865,0.01186806758182912,0.507054785461352,0.10211543345291753,0.02202121509156383,0.04493295848090353,0.009668114342867377,0.011120709405550294,0.006496297339592966,0.007381728412609182,0.01343643110826609,0.011949849263919463,0.016174999761468977
173,0.09831255285044,0.034840713747053546,0.06362341697049967,0.12221128885996782,0.002868585743254272,0.038109665246193455,0.060189303796907,0.0024724624471979227,0.04662177165890627,0.03211658195420505,0.023581602851388196,0.14553188755193294,0.0013983230079788363,0.06274573952354669,0.04378839273545386,0.08435911588809117,0.09478199992174494,0.030820867352592644,0.0022355303371976417,0.009390197555448126
174,0.0076651829970089975,0.014227495851027774,0.01330078384657911,0.03671376586299821,0.014642329812327774,0.012554677634104346,0.03577496347129709,0.03913135548705748,0.40029336483406,0.009058169952203342,0.018920091201747955,0.03621004103014625,0.006970331213810171,0.05140917629764621,0.2255662777601804,0.007548034038769978,0.012787889170769262,0.009606308635515527,0.015542745055436466,0.03207701584731372
175,0.03252633242061161,0.0387714247762084,0.017812989113600394,0.021070748592711696,0.015338192527243902,0.02101524869960026,0.1434306409294669,0.028399983454743455,0.09666145114096741,0.01597746643995593,0.027577104831362793,0.08297705259506313,0.0038502769749187856,0.13098610249129605,0.1596943735813789,0.06866546447909347,0.025521751795670247,0.015229852459950097,0.01966875003222099,0.034824792663935546
176,0.01195247398950272,0.062469669795270896,0.020085216953383927,0.019700221488074834,0.025800293097563248,0.02026776985965192,0.012962671055137123,0.01713363020701288,0.020611086351701273,0.057171401115926175,0.021158963460711635,0.014818860758012954,0.5139469678833802,0.02774592674601033,0.019548438963055765,0.031186171961695163,0.01855992508329197,0.04307344026566966,0.021768070644444002,0.020038800320503307
177,0.09450365124583567,0.05429113485581284,0.046425781929938265,0.06704321595272142,0.03324057634702275,0.142408579276014,0.03687051569302478,0.009003609174811368,0.005698451267067993,0.0418732390806384,0.011624599453655059,0.02517447115085502,0.01275068126895218,0.08777399217006523,0.021592996640344336,0.09215167564121797,0.12640994874067882,0.03536577666322896,0.012308720790188904,0.043488382657926046
178,0.12949231733255462,0.09665854398584403,0.03551604702517433,0.19210298800356004,0.012676728448531224,0.055862867269951426,0.16400657463717286,0.0163891203988212,0.010914768868767407,0.0034228869642059494,0.014100306649480348,0.04488718941535461,0.00278554200994887,0.016745657242374402,0.002155566036697005,0.07433908766302286,0.05256693966210899,0.0620107506647666,0.005472941605325105,0.007893176116338116
179,0.010479608862693782,0.051033723519384275,0.021153100225506462,0.013958192960150037,0.4146584216944778,0.010120813404639058,0.019419493068056317,0.029537365549849124,0.031077843221341214,0.024309563030579958,0.019342053665166177,0.01779175700116677,0.02427445005019851,0.022241678844330398,0.008599522246496051,0.021266775607538268,0.01377363944780063,0.009585057806835441,0.141169203574789,0.09620773621900074
180,0.08593670431444399,0.48862935861052353,0.016711980126446303,0.017543050370486375,0.015173715537282502,0.014595767318677821,0.02310855107492398,0.014156502478229924,0.012346036063248167,0.00707499100673171,0.015412656963989272,0.018091384439165383,0.012020048143757636,0.020249154063296648,0.044516043533713766,0.02131296140765607,0.008514921818260099,0.07915095976332638,0.014029568027136983,0.07142564493870347
181,0.01189963148886957,0.01574347709099486,0.01936747425034732,0.029419260023136565,0.026510755438510846,0.01037352025931967,0.011809736640015674,0.5180412173850711,0.04609276065520544,0.015805789137137555,0.020882359953164283,0.014107634831374631,0.012677359392350837,0.027794203580962535,0.01703571977509782,0.009497569700364453,0.025868249311160843,0.12426125309938853,0.02322755684514009,0.019584471142387202
182,0.012814426423582399,0.021251787563719954,0.016143057941192814,0.02395202623563,0.02633362314923973,0.014111600601922257,0.016772113509726815,0.023834158108086784,0.6056845539829651,0.008151339707525867,0.01976492379298915,0.01837791354911328,0.009492262735577678,0.04785964706493167,0.04790417684810685,0.011415718566070392,0.01029932069885928,0.01627364677924503,0.03207372352448432,0.017489979217030733
183,0.024364686780127404,0.017414253160440887,0.018996030362600648,0.018371872095103634,0.027559310964202485,0.016886627041131266,0.01359006885483657,0.16933007037176528,0.02424024923112878,0.17809342755374222,0.02629953727311193,0.01656928959809291,0.007239008131745319,0.012324072214166534,0.007407822822683167,0.011004174352949559,0.013742376653785226,0.35250051434668894,0.022754398056791542,0.021312210134905682
184,0.02209322077214501,0.08080765973347155,0.022111349386650606,0.015236538001480069,0.0166452738340578,0.05560722861534435,0.06760813788359973,0.04689139509752574,0.012400366512577612,0.23608123198961503,0.16906542290160265,0.05038114549774049,0.011183237115968303,0.042641757487014924,0.007918291746929809,0.014933759520434034,0.004959202569739149,0.05837288670346419,0.014373672781291345,0.050688221849347556
185,0.16329630222939953,0.2961423004712482,0.03672579182134555,0.038871573955708394,0.04863359714179443,0.014235759732274466,0.012980660285528068,0.0452572474766578,0.025656988336331038,0.017646716671353938,0.02957055910618372,0.05407697064043872,0.00966067063658,0.04789585554805981,0.008973343438338596,0.021381705635777452,0.02716944991353193,0.04189241827542104,0.02783532059024924,0.03209676809377813
186,0.03046962226556397,0.03506310179957759,0.02875948509216768,0.026921909362632702,0.04248886764779897,0.0199977845270235,0.01849844631848619,0.040537505578136734,0.031042283292892155,0.050432453634887,0.04897182123615306,0.028238343717087572,0.3625855846878745,0.03936998979648647,0.030420288914566395,0.018664425420528676,0.052718703091439036,0.024088567278048124,0.04553690493423336,0.02519391140441631
187,0.035156751071477366,0.0299578508424605,0.036810373238137795,0.03802742758498232,0.05191060589620486,0.02120628316895978,0.019888675240149024,0.0371213216646647,0.04944048402469838,0.026817521633105218,0.04013028808209148,0.049242425533316016,0.04079212611641203,0.04477710250870538,0.04841944102948644,0.01968658794628605,0.025803577821782598,0.020874389326248587,0.036572313187840974,0.32736445408299053
188,0.018059324559278393,0.01986945611966884,0.0203304980219691,0.034541451404103536,0.024918588748410787,0.0114296242457403,0.038780016927789845,0.011799602363491545,0.026997884761813463,0.011611510600484624,0.025012224551258684,0.019409860373767497,0.03758928549892549,0.019447341361371547,0.03080261390182292,0.12295971493932188,0.4654406919257697,0.011070099952119404,0.02368977054099852,0.026240439201893843
189,0.1188441319239759,0.08683296351255655,0.010411157954378407,0.012392369564151247,0.011164572105292767,0.11043983212895318,0.013929779040770703,0.026756205859491643,0.012618135712988627,0.0044680049896844865,0.012685316870814345,0.03998921451875162,0.07711401061687342,0.01585423440167584,0.005511574497997927,0.2941468824250086,0.11127461102665627,0.007841446500367793,0.015039519406906328,0.012686036942704317
190,0.031160211041732576,0.06985219556907346,0.03735677426874661,0.03972766579964376,0.010086596341076127,0.03160138225233437,0.047797344432996575,0.0484732609759945,0.09186282567532651,0.04527976319427031,0.05716145216411248,0.07890875872204331,0.03513662055150596,0.08657871223492397,0.037550688984429016,0.05390625781660839,0.08052124591565951,0.09476734317030902,0.012715453626124952,0.009555447263088577
191,0.19391769194845931,0.21872410721370475,0.012449461477537452,0.00723853436761221,0.01132818734306747,0.03150777282558995,0.008750858589504007,0.018848879323974405,0.004998289143134429,0.1324399853756414,0.1602557704402252,0.009477488731773828,0.006955399537437826,0.011970433336720127,0.014249581272059884,0.05628419618710432,0.058502090093927345,0.0216688278101567,0.00996119991814432,0.01047124506422511
192,0.022273791518667978,0.02395026711452885,0.01764557618659371,0.016732240444085687,0.17236227951903987,0.011560724008195123,0.05041426199551719,0.036993849583204265,0.02999197568999935,0.04334820195458291,0.3982018782891823,0.02497042519967618,0.00822053315159617,0.017601462755326466,0.006941512057920914,0.008563053892091397,0.058092438731524525,0.012081102698028607,0.010142084061153377,0.029912341149085177
193,0.03064717852600018,0.02539839857620683,0.041820348661679926,0.49700804007143634,0.01754608880195123,0.041950817214277424,0.020400154690847185,0.024078288225573747,0.05509365232784918,0.00984304513451505,0.04138701100143682,0.02207384619269519,0.011516707229816615,0.04708715421230725,0.008146186904265287,0.010448771780272733,0.011085877618852867,0.04318162755546952,0.021620217918154574,0.01966658735639206
194,0.06221059010616673,0.0578391839031005,0.005425664970707195,0.05099389584346251,0.06798983144792027,0.0038929785944794063,0.05093576987829847,0.009110541320397899,0.07656409091351299,0.07124443348306465,0.11980466400497612,0.02295735059948491,0.00723237620611762,0.06977257952047451,0.04907851625489555,0.05950435289337054,0.07801912221694314,0.0465661816170284,0.007314738021814963,0.08354313820378365
195,0.004645623395607028,0.06384693493193583,0.01833951665426399,0.009157836625512356,0.09692110867231661,0.004292671802587375,0.01398195529996766,0.19361752172516056,0.026855676878838164,0.2254607005191306,0.14158172275619962,0.008745010111613856,0.0036943363456771908,0.007952235483989236,0.010133155389448052,0.004940841469462572,0.012265757425085778,0.13802053757610794,0.007184786539030269,0.008362070398065255
196,0.05218021606360094,0.10804641252582246,0.07177075900752083,0.09526006887003718,0.0754430834504845,0.006846644830658633,0.06203430976264601,0.017961412163072295,0.04048436460200018,0.1463445817772604,0.07510694327169355,0.07445259701410441,0.0013280230911143609,0.05090773779984512,0.0013494864753339623,0.04870183062551541,0.007491204543506285,0.003836287569183106,0.01964186144497832,0.04081217511162201
197,0.01011168480120037,0.02260541078855535,0.011983506229236275,0.009913019563657595,0.039409686263552485,0.025599041543091464,0.012241613686046291,0.06185817906424794,0.19662656363088035,0.11264480207446484,0.05214110319919971,0.014603931101479296,0.0029002586298958414,0.06365658282123915,0.2881157913315149,0.007871388284723464,0.018142784087909737,0.0259855635115151,0.007057697727606466,0.016531391659983383
198,0.010599653108009541,0.04325568715821208,0.01769115096795593,0.011945923188488536,0.1069101890432236,0.004577217694687822,0.011510957877686101,0.019602306646159688,0.012946722405593702,0.35185203098508677,0.13281088220169235,0.013725744197292954,0.01454733649835912,0.016264789893659492,0.0040855662267691864,0.005926205662598876,0.007731981250963547,0.03016356015040063,0.04082411870391122,0.14302797613924886
199,0.05503655913884569,0.27848544669062614,0.0028155850414904116,0.006080211718614391,0.005823635806233497,0.0015006152307698542,0.010383325912978799,0.1188804598619803,0.006721609346679871,0.05111936867254798,0.1437431528279985,0.002635923919092333,0.0008005850394906734,0.05410754680332761,0.014802789729579328,0.02952558688933111,0.1088496771072467,0.1020124161444309,0.003177765076459459,0.00349773904227646
200,0.004522355193443698,0.04479274553956841,0.009694532470655196,0.012999272329654405,0.009261464509565442,0.008081772998647973,0.08133570864121048,0.010801100558835944,0.03298723368244318,0.007081437235554324,0.008426511826091184,0.01255306165887664,0.005726018356147112,0.008195854400240943,0.7096100047842938,0.003901231562637021,0.004045795208589806,0.0052235245701783995,0.011743679347755054,0.009016695125611056
201,0.05851866730325291,0.03828671265935,0.006582072721440001,0.004739585175864466,0.03728187160590681,0.009517955792249342,0.09101031937057082,0.02970560606917121,0.12351064128274454,0.04930139251661552,0.03579366029895324,0.039705437064137934,0.0018101752104445219,0.10138244455216452,0.17702857691990537,0.04374851288392824,0.07305880858062137,0.040764294701965055,0.016396684001195105,0.02185658128951904
202,0.00461503230099619,0.015215022463066673,0.04138106000077909,0.009841688382284577,0.08052424006344873,0.00957820626684543,0.2745377017715049,0.03316715611706434,0.010248112261233292,0.0032259379861823228,0.012286946618751248,0.029622530442297,0.007660821958838477,0.0150851687486536,0.02560990810425747,0.004960952586850124,0.004422985761372033,0.007666351989635332,0.2835308853898704,0.1268192907860687
203,0.009712895201028752,0.0170794550244448,0.014809174389975326,0.04098390697274855,0.01948743038642734,0.6379879329154402,0.01931315368269812,0.02281106636102446,0.01606934168026817,0.007881698945524672,0.019079777791222257,0.019920862025397265,0.00841612818686185,0.0161376474966472,0.050692646226712976,0.010880942896312033,0.011755940211124615,0.015741604833224968,0.01671373267404278,0.02452466209887357
204,0.010042570023655377,0.020947766442258778,0.01568835212585397,0.044585156703854566,0.018819571063702977,0.653408603017653,0.01840266905776621,0.026281463564415623,0.018716656310865835,0.009461521867575186,0.020326020645173627,0.019908829878592323,0.007980047327190378,0.020973321255006287,0.022592996932402635,0.00844366860187304,0.013210501539491206,0.011354080195937023,0.021872465826046412,0.016983737620685564
205,0.31469276509959015,0.12798503863087882,0.0030604442516479996,0.013661433257301537,0.0023371241107278374,0.053271147863551735,0.0021054561201547697,0.0037180778830906342,0.002196397298905793,0.0006449240813529504,0.002746062066863196,0.0021560279710998074,0.0013744890202737183,0.0021955122870771187,0.003498277626683597,0.09182380732593617,0.3665761863092606,0.0008342204310593283,0.0022566623377237222,0.002865946026820481
206,0.0023310945281237614,0.010145648556100258,0.005827592865640654,0.006893597585946931,0.16961827738327903,0.0031588897754750013,0.004295642120479112,0.3514582226525434,0.007084434645076635,0.22822230540618052,0.10020569228641256,0.003994616978324693,0.0013577153198047515,0.007050053350643981,0.0023253480966004764,0.0068506207725152765,0.0023994639107191274,0.07453369044745942,0.008738671693988592,0.0035084216246857734
