site,A,C,D,E,F,G,H,I,K,L,M,N,P,Q,R,S,T,V,W,Y
111,0.014328007346030165,0.23423948719622004,0.04685774599909815,0.45318430935480963,0.013495403079420456,0.017028307998311662,0.013161250219223194,0.012466790654422868,0.04343222903075396,0.004954543597530346,0.014716630258627444,0.014918743183821692,0.006747564088690677,0.011272809801209923,0.011890397306745544,0.05031838235540422,0.008017274706406933,0.007657299628106137,0.010761983466631002,0.010550840728535942
112,0.06434791354980242,0.020545305548399527,0.0553672629124851,0.12902586305828215,0.005086504971774816,0.0329528184186056,0.01424055248849167,0.08693767738858345,0.08498264564937749,0.054885496037108863,0.05868470646331025,0.03541317907499232,0.02110435645912375,0.051235440242815275,0.021730821100400952,0.07590550582958404,0.11042852277434906,0.06128085206004091,0.0033034792720711744,0.012541096700401173
113,0.016120123576501003,0.013220660879620632,0.01416733155870103,0.016763165360202063,0.0180166716144752,0.006870659402294447,0.03759768433393476,0.019726233005487107,0.01371840499746603,0.024493531688765405,0.022520063034473865,0.013954709970263561,0.6860049551008511,0.01722127075534592,0.0054775247472355,0.02432389736208796,0.011637810743116608,0.008109227728670782,0.012764314566983905,0.01729175957352303
114,0.031289075559975586,0.05314390591623683,0.006214498547775125,0.07282081767948735,0.017193094849604188,0.002944206422438199,0.053587607260455604,0.11261059554787553,0.05681399417439941,0.10206682309724803,0.08999638155996781,0.01451591682868939,0.002847712045219915,0.04938988476983956,0.019292306475194067,0.06783012504194118,0.09571898041833982,0.09205699766426853,0.015624150181662274,0.044042925959381606
115,0.10591060542267088,0.15731571304781256,0.021962709735278006,0.010181778670815522,0.038866627031697625,0.035840498230932064,0.047074031971417206,0.07073564353742,0.018678081042554893,0.10065611523601722,0.03285235761537184,0.04027623360592994,0.05227847663517503,0.057506224119683966,0.021967844559990506,0.05025653761455672,0.016728736626920728,0.0704396128178986,0.031425433143601564,0.019046739334255162
116,0.018936026376547496,0.04112571260782212,0.013469107887949864,0.022163638991194272,0.02460526830936526,0.004647203071131773,0.023988161026134366,0.08150127259831143,0.011990578630346133,0.010068130002869715,0.1280715414468665,0.026660039462137353,0.007761761287895811,0.13790661981245533,0.008035168733215851,0.029803038950507777,0.17070902280185288,0.20268725631762927,0.021871668645160037,0.013998783040606767
117,0.006431954075261686,0.023900283977557616,0.013566778183029433,0.15033729009334978,0.020266648909205837,0.0035769315609804706,0.03879229221806767,0.017435042168824803,0.060482008274632335,0.07036421419612095,0.025454912069017184,0.10731107876307686,0.010139902767037181,0.2293068083251761,0.07269977998249129,0.08816388441124125,0.03138554440290933,0.005828393679753625,0.009558335549980477,0.014997916392286174
118,0.009493917231076256,0.03062493662552961,0.016791204168980438,0.015060943980615792,0.019463948265534384,0.05765448688402131,0.015963579250049327,0.017759859829575918,0.020691243192762762,0.009841932767980607,0.017474304614908016,0.029137609087841337,0.023111711866755195,0.026880684031842968,0.013869963946928184,0.45231386994088335,0.17263991473791676,0.01060225231252734,0.01780854734955295,0.02281508991471753
119,0.01771248836866502,0.029840927122886593,0.027205243706468606,0.021212548006712104,0.05284936412907408,0.01484885207259688,0.031326168277190564,0.03019266436367024,0.02207558776754329,0.008852571487564492,0.024204473827001066,0.024636084841474438,0.017396486299654717,0.016363173507783046,0.010196798099811619,0.019752752133816734,0.020597046634127765,0.012149810790653208,0.019973747704856465,0.578613210858449
120,0.018775592236260748,0.024462324602172462,0.019808901602778463,0.032330138185939473,0.027423537589974147,0.6050293629856381,0.027403861992389335,0.024996800933785847,0.018777699314120044,0.010459315867933633,0.019437515915492316,0.02022966100709015,0.010963316828942806,0.0211671999156516,0.019249022358894658,0.011277035151790496,0.015382137252170915,0.0330811347616009,0.01805524282331123,0.021690198674062664
121,0.0151432155108429,0.02249860410892942,0.01906832079923406,0.01789174836333003,0.06404383282784387,0.008651407022810347,0.022445909596920187,0.022529618149875516,0.023309696445104607,0.012663365904540045,0.02543136233031634,0.02215082342990298,0.012739005507088027,0.025560240223997683,0.030546099855788707,0.015614690163052959,0.01817440199678165,0.00921175222607144,0.571421709546072,0.040904195991497326
122,0.015443814646429872,0.02315518490583697,0.033422327290024915,0.02140084653574167,0.025188158114869606,0.01425222627310651,0.019903920401204492,0.04131544316795879,0.04711177275991087,0.012285196646915271,0.02344685356157359,0.564065532117932,0.017632441846631867,0.0258293039589984,0.009514962028872028,0.025134010457366993,0.02187885429553468,0.011508183449321321,0.020029109008330742,0.027481858533439436
123,0.16629989817046367,0.04453964971017887,0.02033796437466954,0.0143856288688244,0.014838194892884791,0.007629613540599911,0.015170674553903868,0.3961507178876438,0.031912183728277185,0.048844497651111235,0.023552099552034234,0.017449138331958044,0.012787025693923992,0.010886146635877773,0.013255201027858373,0.0061267593745438975,0.026055387564436937,0.09896114138396353,0.012614577264230582,0.018203499792615315
124,0.05101308990896422,0.2236245204874337,0.015668462253273646,0.008200180516912462,0.007603080445896316,0.0052753933032663475,0.008248440016532493,0.1228626610384332,0.00861287059356033,0.02488114775302011,0.08021923023556289,0.007901983258151892,0.00549041640119144,0.012466716541760134,0.004106787056366548,0.01281161892220232,0.134163806672492,0.246971757355316,0.010514419558881046,0.009363417680782833
125,0.010850816379470933,0.03201811612215941,0.011054241511374116,0.013461562982026982,0.011980463235160449,0.029713457914485746,0.03960480585236698,0.016405804541337495,0.33191460006763435,0.010826245361822695,0.011457263957235127,0.016312640475790167,0.01597523678628317,0.011250030486534396,0.3711028788493596,0.028667757070554762,0.011212177417590728,0.004792974694044842,0.0066469139611339744,0.014752012333634141
126,0.02298268723419222,0.13302333616278914,0.014997338887090123,0.012435589906527118,0.024776704515382112,0.006408429859472327,0.024569436312312506,0.014858949100442328,0.025791719084076164,0.3539450498047462,0.20015237383444764,0.012387498187230585,0.02089641891023433,0.018995947853577982,0.007903852624664476,0.005651716823444136,0.024349139273551333,0.033371385373139176,0.017183088239077642,0.02531933801360245
127,0.021368881850889896,0.015464713573854542,0.008634326234486314,0.013367447045077183,0.013157600416541038,0.022636882581267122,0.023055335573694706,0.0915465452754418,0.18266707387621484,0.023814592775047525,0.01880199764653816,0.09730540997195501,0.004392336512060266,0.07847929618131937,0.09890857162552191,0.10697967726581813,0.09554781635882761,0.035130338082979884,0.016234544425627457,0.03250661272683726
128,0.1470634090234677,0.05210892302312656,0.07476131256531884,0.03886962518699715,0.006499226893050208,0.08351763205692625,0.010079590168035887,0.00684096242581052,0.09888927628380957,0.007994028870010463,0.029654259051614975,0.030039452784546512,0.0390407573572823,0.031085177223091308,0.06323988794779457,0.1073186154636876,0.1265701421309075,0.033237108890853025,0.006447336064739344,0.0067432765889297005
129,0.0864455488140237,0.05625295797693727,0.08684345029494127,0.0777831844703446,0.03200969655410708,0.08594127828958979,0.03340545814886648,0.005070140310402049,0.03597047547415564,0.007928955996066887,0.01946603901098849,0.04483263911630094,0.05055862973249146,0.1364811300386802,0.07274346140214825,0.08941527432341478,0.003969697374777516,0.0033798441614080296,0.007081753439263354,0.06442038507109221
130,0.054162095844925054,0.1299368106511707,0.010155592005376838,0.043188783754108104,0.03781309768789578,0.0032410702983563296,0.10425019232769675,0.061321591954165366,0.03372390960939019,0.04405741431335853,0.04593634179804766,0.017248635980910938,0.0021932398563726347,0.04779668769837513,0.023079620716846976,0.0533826274621601,0.11606544422031004,0.08557264874807052,0.03354339825410755,0.05333079681835483
131,0.023878697750707913,0.022453192973342893,0.4599200993054988,0.04063416054543518,0.02303879509088276,0.015896425989474723,0.024599333370238695,0.02224555386910085,0.025285650158188767,0.0089995819290013,0.02477057219985914,0.18230190237747082,0.010399631712937915,0.018034354127407545,0.007273239935897756,0.026358535378246846,0.012997981083469836,0.01488317044252738,0.017367494148652147,0.01866162761165868
132,0.15020886434114442,0.14484214993584038,0.006958088088658121,0.007793335180670903,0.036460078239597,0.003072404155978066,0.01486033306080709,0.15873495056174247,0.018379815456283994,0.10764484135241699,0.031111108196147295,0.013137865238130195,0.0036132825084824916,0.01619937982711543,0.0034987538190904403,0.006368006884487902,0.04906783624088376,0.2051102793154956,0.009402294921171197,0.013536332675856284
133,0.030716798983103304,0.04428368666803597,0.011461289362767753,0.013350442003929257,0.15154538194216385,0.006487508215743559,0.09958016546203995,0.023690296400624308,0.010113922824387517,0.09799335511648963,0.03357743461491335,0.1441587211315666,0.0035097408232111155,0.03430470631625734,0.009475802082882066,0.034236857579912246,0.05326644467111803,0.004814322094495514,0.04440197471834601,0.1490311489880126
134,0.038269539775972986,0.08588007208789308,0.00958247261640118,0.011616786071952797,0.049574933730842215,0.041225219303473164,0.13927007102711733,0.05668034371081095,0.022760511035179724,0.053443379499452645,0.05744121324641386,0.08437174121109499,0.01070002792754087,0.04377286535123515,0.07163169835599566,0.0596390395803555,0.06549482293921484,0.032850574091632674,0.013915605705046727,0.051879082732373696
135,0.07625710156866153,0.11200623069036691,0.01179674792568781,0.01885194524083189,0.06212348209935147,0.0021135139446799545,0.034798099709317624,0.07783960686325574,0.03979532594077088,0.0589860713975241,0.10261619022815786,0.010752780491605418,0.0023539620340963094,0.09876099346633598,0.03950460778187376,0.01740399588821172,0.07824470567242213,0.08535850452259683,0.008619982543040226,0.061816151991211835
136,0.15765752650719306,0.0778963754578233,0.03214056028096258,0.013694387075828669,0.018157052076404005,0.10334076962495449,0.1787367717267198,0.023630071692059246,0.032103454377705024,0.0086911487636343,0.02158405202754575,0.04571792860695408,0.07562978824813729,0.017814707520506737,0.005524363825295262,0.06337107831016807,0.01711435098931067,0.049127955446972786,0.013027744264439381,0.0450399131773855
137,0.10382231789420353,0.0881527777547406,0.026953706387667312,0.028353432626128397,0.03810424629192637,0.017541829440307986,0.04933570661857417,0.044557576747298926,0.030849020803741023,0.05284252223116439,0.0507201694429414,0.04561010065366869,0.050671432841833064,0.04896134738165618,0.009925662565475755,0.06642499193809909,0.1560134433863602,0.023791661104579906,0.031206115420253634,0.0361619384693794
138,0.03726846019661849,0.03532637688538056,0.07907210915943146,0.2659003502912806,0.04880975869579486,0.057384416152139905,0.01729005435505003,0.04874098759829125,0.034322061979305776,0.07435712773608316,0.016350279749589674,0.020617671263281668,0.011416975689307062,0.10903316760428763,0.005827780062169058,0.04628916079113054,0.03481882711244222,0.019300666487896318,0.017391854971804403,0.020481913218715328
139,0.055243105112295805,0.10081019719083606,0.004482076723842264,0.006277429325476511,0.023556994275499753,0.06203471220745981,0.020374697956566774,0.02784282324371638,0.09249153663553325,0.0370704140241692,0.06500113290403008,0.019067554385338515,0.048667645572951404,0.07164564373923896,0.11220412897452915,0.08439240082245449,0.04183288505692626,0.03603583687207421,0.01600416010035143,0.0749646248767097
140,0.07025170161465649,0.11561127289417898,0.010253665795444067,0.010612592662326063,0.012639962912602418,0.009649529891515721,0.13382041058732067,0.034986711121981255,0.01130536228883441,0.1098399552983291,0.04601275215111491,0.015584710080705605,0.00762998149312856,0.012240586763772654,0.005822865555816412,0.11317882512794665,0.12071850713138545,0.1443979861724101,0.006192400034804647,0.009250220421725873
141,0.023655562126415605,0.01993864075435931,0.5410598206053975,0.025873049628390925,0.01888366670504983,0.012925902690154183,0.01628380274456042,0.022710429017476993,0.025727832396666248,0.01190469160826904,0.02788408989589107,0.06201599810371357,0.013776145952056694,0.02705041281814519,0.02109432486344325,0.010563664896495397,0.011543888858541098,0.02892319139060239,0.03339861709392582,0.04478626785044547
142,0.017203695884851208,0.1255445667045713,0.02042317028579755,0.0268964207917183,0.01907669362677789,0.014112978606249623,0.01949379361774731,0.05393406283681509,0.018098422224718143,0.007953717946013496,0.018004053141588205,0.021421729609992675,0.08328793803496781,0.02274870623376691,0.011658591942875732,0.01478105573817777,0.39453277037203754,0.06657088270079674,0.022063532108452872,0.022193217592083852
143,0.01682944978473139,0.015515341548236233,0.013614012042111821,0.016237038526931282,0.06750214682248455,0.007520444309907568,0.023205387969056603,0.10511891545954549,0.014944010005615653,0.29635408997257995,0.019698857316917253,0.021522927899827658,0.011918901140511747,0.02560701417699131,0.028204829092669553,0.010793331879131382,0.008721249111600337,0.26034882679356636,0.01570935336631413,0.020633872781269706
144,0.007567842175986948,0.013892321909554996,0.016749939685103073,0.013844132841469124,0.18495015139056736,0.005531084677121675,0.012701979697833415,0.12240919908700174,0.017586218082427947,0.330260581388549,0.08880618328337749,0.01277474622030137,0.011360100956934616,0.01800872990239998,0.005654304257410293,0.009892291084465902,0.010507447223560942,0.092612400523763,0.012602214694687025,0.012288130917484133
145,0.2159455702980792,0.35059178712912037,0.010253322672555382,0.012621792372980197,0.041673511126154805,0.010139752698887772,0.01329281047694262,0.0143900630879473,0.014937188753432569,0.007222261486122121,0.018632895022574248,0.019704269817198496,0.009166117393767504,0.018612288887002695,0.021196113980882194,0.08830217441674564,0.007803072030801008,0.07606161299964069,0.032727229855039744,0.0167261654941255
146,0.039705307576531346,0.022427923995206562,0.5258060044975189,0.032453018665064115,0.02997966761228537,0.014204596787479455,0.02684370844311351,0.0233096042563527,0.024963616675628686,0.01206810650275949,0.020938640614019885,0.057205233714067175,0.01678722823960701,0.029263527090963533,0.021176522993268252,0.00936932636343443,0.015742020652412654,0.039540999858337054,0.01724233789699253,0.020972607564957342
147,0.004937881391620859,0.008136150336256488,0.01323724519377696,0.010733297504649743,0.01131424627493402,0.004493648288926427,0.007435879287510011,0.19244696126299995,0.025821011788572584,0.24763648026949087,0.23277781744854925,0.008757548517365156,0.006273691615430756,0.008050448964256985,0.0025728503707426933,0.006649086426043479,0.008173061852571868,0.18084618424456994,0.006871091124183465,0.012835417837548565
148,0.04146723643341513,0.026096563398297475,0.04620762730526999,0.016191415747010406,0.010602312783504108,0.6266347456675184,0.03832812426225323,0.014015509158859837,0.015790768122954078,0.006297758149242644,0.013278493014785337,0.014479673850782014,0.019014057404212654,0.01905251723502217,0.0072184532439481305,0.025494461584335805,0.008330557508660073,0.02390852580327031,0.013210222706324819,0.01438097662033336
149,0.030913362662579637,0.015395869303699166,0.023246010525472854,0.6799597923642313,0.014632485342203844,0.04637316657404464,0.02080840719612158,0.018946392603145033,0.023605625774202162,0.006123675576367105,0.016406391127284613,0.014813351956668223,0.008181152003680386,0.0121606078207616,0.007533353363956094,0.006857518455166849,0.0099176520818425,0.019586911023164157,0.009425458983967749,0.015112815261440442
150,0.11083248824112747,0.07931533343568785,0.06532780151314377,0.08961515551968814,0.0035582003792349786,0.06692225547472776,0.04699536701679542,0.004330911918933032,0.06683633337074936,0.022784530025970286,0.05727621372526376,0.06077802853401904,0.007765347504485364,0.0760967954837553,0.029350199260099276,0.11331925596011731,0.07486660917992644,0.016432798262122083,0.0021425624335376474,0.005453812760615715
151,0.2017960388129975,0.11741791605523101,0.014392173779364748,0.007529714755840462,0.00832873539583513,0.19863817689773514,0.00979831875048453,0.011685507566203918,0.022938877965499063,0.02961555095899007,0.024019783120409345,0.0089689111265445,0.01298215368061546,0.01124177092698234,0.0028526537180502756,0.245336532040556,0.02457757775949635,0.030397446146480173,0.005223907999481927,0.01225825254320207
152,0.11440266398871088,0.06952001967429897,0.006528751254173791,0.005299617734081897,0.04144455915498246,0.0791054455559412,0.05716866800635339,0.008202338590700261,0.008890663816758458,0.005825376820287854,0.005719340835549366,0.07466370522612202,0.13022667920397277,0.13284432426206083,0.0031078256453240982,0.15612861635050695,0.06585320585326603,0.009006240027998717,0.004488121523897937,0.021573836475012133
153,0.03749420746742485,0.06964133756460435,0.01698869635107722,0.003493104828400678,0.020506855971241134,0.012909086600509588,0.10446056391599834,0.15190508880167058,0.00521060663313169,0.10532963563402702,0.14355314601950828,0.03560377474964217,0.0025801530780479036,0.033635521302530356,0.005064031456452199,0.088901950960472,0.04174854719970975,0.089094291180533,0.011321628394740903,0.020557771890277986
154,0.11706377654090684,0.07764731230237915,0.017222146269845397,0.004872802875135882,0.1219903304257717,0.044580529386791655,0.07995315100184834,0.008934440078303435,0.017791183130945593,0.010605360762011474,0.013654347425555173,0.038565016441612844,0.10102434510138485,0.03129755838598378,0.02401834814136106,0.08817439485295517,0.07152372956729325,0.029883895927055443,0.04458959504513481,0.056607736337724125
155,0.0613917064938785,0.05351090758149293,0.024127154370984043,0.07727498872350981,0.03150843543303342,0.028423334406646846,0.08285681750362357,0.06176653544599129,0.012509938026783568,0.06311570077711397,0.06855726192766243,0.05674843007639876,0.037104473704699596,0.14007984489215058,0.016232290194862883,0.04495836192328387,0.06987659953906329,0.04806399626568143,0.01548557851880153,0.006407644194337639
156,0.018165886396361276,0.09841063530577644,0.009735232408992376,0.01792239382582801,0.025507894459434518,0.00920096909223393,0.06641170311711843,0.29066554284235935,0.014616422933317606,0.0326498956609397,0.03646176041730319,0.028849568202116007,0.004535494547289592,0.01382882254388976,0.00429698946856596,0.016322513016327114,0.05901046285118407,0.2334772010109684,0.00847461702409785,0.01145599487589649
157,0.03090462985181425,0.021887351640743586,0.04453697219277691,0.5121103193774964,0.03544735955849562,0.015072951090484548,0.01511733681413066,0.020586882239258024,0.042152022423643076,0.010257708061632334,0.02266607169312025,0.017102136697616656,0.01079939055815119,0.06135673658769601,0.008889366244269207,0.012683584013743423,0.014311076400986252,0.05430859049186254,0.024895660918224618,0.024913853143854355
158,0.0975386394737479,0.07868230653763246,0.013040666892191166,0.23368477459361178,0.01817481087532715,0.02165591055703393,0.00960866869566603,0.013673124843436761,0.015394046167411071,0.013475631742875327,0.010613608087728807,0.037067212685737656,0.006846298301884182,0.20188490847193902,0.005123650691288145,0.040351708731887696,0.12543660084257346,0.03718646432560833,0.008902264388473772,0.011658703093945356
159,0.05343328711997423,0.0700380212797248,0.04019047140733985,0.08240532653484473,0.04217296537327225,0.057486488165305806,0.09787786117836765,0.03052948537741445,0.09842997665908988,0.019296354673339216,0.09032635434793944,0.0802515082902417,0.004329283807138378,0.03091595472731482,0.03818279254689847,0.048663304487853734,0.06278347666719082,0.018085527506094257,0.010475938284114174,0.024125621566541303
160,0.0082663582329127,0.020633187967434255,0.02166588758947425,0.022410493331766992,0.02230322419833381,0.010031930267654893,0.018856257132556717,0.03133581502429497,0.08163659503877374,0.018118103020287754,0.023262964819502456,0.02532585038787763,0.023798301448899543,0.0582396642615336,0.5297955917328583,0.012561566760730442,0.015246093305081507,0.009926193647857766,0.024138408294631923,0.02244751353753679
161,0.034399988582887224,0.20614268464189786,0.023746504996922473,0.03197782132609997,0.022342252630436585,0.006317128421088856,0.010852641218825062,0.029460876393862554,0.03068872984378486,0.008298152826370019,0.016927026123293113,0.01666148304970123,0.02180314107543672,0.03301872820644134,0.006819765024965163,0.1512438544572634,0.30160808291887725,0.008106206186436319,0.015317498862843882,0.02426743321256609
162,0.15306033919608777,0.05307245258998213,0.029006272826800034,0.04510263792507154,0.038425734294553836,0.06597267562362716,0.029619201685038506,0.06293952836594784,0.028387885526482477,0.07786220523613961,0.10205476104610343,0.08339864451921526,0.010324641494583536,0.014052274820721163,0.02272226567354983,0.061891559627106844,0.05230594055279613,0.04729654996068176,0.007415004760331614,0.015089424275179553
163,0.04590443568240932,0.049647516631766475,0.014802261676462421,0.003057835146831873,0.009505296953050205,0.04733635314332899,0.05146834700854691,0.019681744248333792,0.15550808585357245,0.025861035986995618,0.05214805600655042,0.1024580853450874,0.002567644561701044,0.06659192291705533,0.11300814583289595,0.08316891711447653,0.07154616187454121,0.03899687026446644,0.029199559086629665,0.017541724665297943
164,0.12061656197548072,0.08103312326382141,0.007235338427955645,0.0075439885377766676,0.005450912960359816,0.009114513845271222,0.007055469592682355,0.08677543627946777,0.006667445334410177,0.09913667264600949,0.09908856405543234,0.005556912796472201,0.0018335113592589274,0.004846090705718025,0.0017001411659465988,0.06193776114822899,0.18963014926325852,0.19545852930859497,0.003298015978758277,0.006020861355095886
165,0.00346570944143602,0.013496342004301897,0.007976925649100589,0.00863722732072048,0.02033841531740201,0.004164555935977751,0.007810733147600197,0.10999410599906219,0.009747838591046555,0.3127303969849056,0.4032029759152632,0.006136666096125178,0.013846817827301322,0.004600848641900063,0.004883362081865576,0.002328596525080253,0.004047452000239497,0.04769545337558004,0.006721495437711498,0.00817408170738006
166,0.06785605746566435,0.0351172722953434,0.08034959027017569,0.06494713721394235,0.008795158615374558,0.05292365063616326,0.06343816448613321,0.004276903735195241,0.03753407597124837,0.005724186984172609,0.01398919613430385,0.07522966610028137,0.010936724802552457,0.10816236614431468,0.07987026477034954,0.08239609680330101,0.10994814157647341,0.0069943743678641,0.020483852824298845,0.07102711880284768
167,0.10997537315212758,0.12757016218956982,0.014682321352051468,0.006146031435853008,0.00942915004679956,0.006000700272290374,0.006420454356784714,0.05063684812208622,0.02856376630972169,0.15905128588323697,0.15636535112253913,0.009325746864329663,0.0026932853830254457,0.004580066566623715,0.005594751148414208,0.056350649487570535,0.1627351778891143,0.07428446435648817,0.0043563410304050185,0.005238073030968409
168,0.16578770190009928,0.05922768897943982,0.007233562821554537,0.007348640565070282,0.01223241684924494,0.014229702090597205,0.007858536692933751,0.16443513218684752,0.009312699472861894,0.2316932609356988,0.025021224773232965,0.006997075145928076,0.0025180135871567108,0.00665966114447833,0.0029302317930368785,0.0034404300548276736,0.016338941625401605,0.23762274736606795,0.009053360300661286,0.010058971714860473
169,0.08229290646086462,0.053762567066830885,0.055106768816334466,0.10117843676974239,0.020886052950831187,0.10055110291987787,0.08165398451512826,0.024734439884027515,0.031881229638768306,0.0052233872686656855,0.005898730497112247,0.07310461823443261,0.005843016255627414,0.10356086788635384,0.009801764276557427,0.12483227048298579,0.06448654432806546,0.026041368019414996,0.01028085219894922,0.018879091529429806
170,0.09229488731157114,0.08364239755109033,0.06758431578486425,0.03198147263496398,0.0626119013087284,0.07093470735189722,0.042016869365521334,0.02331100324863233,0.004629588301800379,0.003194868986080684,0.06105285330883975,0.0822748228945285,0.04824896160669134,0.0714327009171919,0.0009874049599996955,0.09209719543901838,0.05018731133875554,0.03000119142335276,0.023323191143145867,0.058192355123326205
171,0.009048241912376815,0.04683762881797611,0.018266486802259264,0.014291918307473981,0.06753123371200881,0.010910707057793331,0.027811891664904966,0.018305838795987094,0.01667152663170108,0.013328633085713472,0.014222763866536727,0.015979383277538665,0.009403200999963985,0.026599357377159686,0.01314609965030556,0.0068177391503289955,0.009286458840598795,0.010686290586800583,0.5051692312836881,0.14568536817888406
172,0.020430379656166286,0.014982751034698944,0.014147988937827063,0.013224449727086281,0.07840999655297975,0.010256114569402243,0.03048080760879377,0.060282931757642384,0.012405954806089121,0.5079497321820361,0.10218666553055272,0.01939692805789111,0.04070708972809962,0.00950368787872375,0.01161157695268777,0.010184876228276662,0.0069018770696236105,0.012484551021404557,0.010026419575943272,0.014425221124075058
173,0.09729590000858923,0.03576978915187636,0.06529875726607004,0.12127006489135099,0.002631253557282819,0.03761741605606206,0.061169815193606064,0.0026549101994538743,0.037681848433122785,0.03080752782429958,0.024313632602141155,0.15542173704568804,0.0014377119402083614,0.06156899879368309,0.042748156466539185,0.08354303648296109,0.0981724854344894,0.030246288468867823,0.004078860252794975,0.006271809930913052
174,0.008321487112826176,0.013263052888906328,0.013926546307180035,0.03501905030232454,0.01591674731019262,0.013252758648026462,0.03522155781630265,0.036092027023366856,0.4059071046541731,0.008480147147415377,0.019301523757428322,0.03709048903466758,0.006870171437314303,0.04393969364518147,0.22737343868425633,0.008140073294984241,0.013749157786008508,0.00848256225310326,0.017115395176477515,0.032537015719864316
175,0.031296887444765865,0.04188771915236864,0.013164011079113165,0.019931684498362585,0.014216175144473249,0.01949791069117716,0.14263995775662588,0.027404962280512247,0.1061612301538208,0.01492154459182521,0.024883440170375953,0.08091080780673333,0.0033243521015458837,0.12783525221476,0.15663298422721394,0.06801406624273953,0.026240901021210804,0.01551705691215378,0.018864215894939366,0.04665484061528256
176,0.011921911424028058,0.06486491156297568,0.018724058896402038,0.02129555710738996,0.022862806467054873,0.017256786992705983,0.014509549250292974,0.016788330796109658,0.02205113165399129,0.058393846262765524,0.01800256543372618,0.013009229904783905,0.5044568423726622,0.02244738609424635,0.015361142244754072,0.03266762378894517,0.046209606189130115,0.041082499107252715,0.017397241184301464,0.020696973266481778
177,0.09485881718436223,0.05259875543999488,0.04675291610235412,0.06664539154095833,0.03220045509255883,0.1436072640298927,0.037000576585800395,0.009097390474519225,0.005479720874021537,0.043137834029505925,0.01118357385976626,0.025993084030608304,0.012324924737412382,0.089162795059064,0.022302367604168448,0.0901363479636082,0.12743230190220423,0.03597039482813643,0.012252524394562902,0.041862564266500694
178,0.12868333992255487,0.09422917192764702,0.03751463063365493,0.19354166055232863,0.011889177630213466,0.05282365214412697,0.166223097888999,0.01600111786125037,0.01102186781095173,0.002991118260083333,0.01620762304112578,0.04675310381253972,0.0026929142018636363,0.016435732325224866,0.0021546941307347637,0.07530468156268008,0.05201118381883986,0.061092090970447974,0.005621728378553115,0.0068074131261798895
179,0.011389266067233925,0.052565864758079735,0.01792756799737935,0.013086531278263001,0.417396064900976,0.01004767778709293,0.023582202123695488,0.02828652208426101,0.031508796001659914,0.02507237394953454,0.019706641359480186,0.017424186976383642,0.023354939804407653,0.0217246053346951,0.00872561585024545,0.019299003641691275,0.015200972196971032,0.010328955169052134,0.1428857363212427,0.09048647639765488
180,0.08964887604080268,0.49666074678080085,0.01622923846087367,0.019280019599235594,0.01637895259542417,0.01469193052243082,0.020964888263595854,0.014551217475630682,0.013222084935698777,0.007068606660485343,0.014736528415574471,0.017416623371329133,0.012265844608174694,0.01953691215519446,0.043306458195024905,0.021473760180147013,0.007815910801557585,0.08050203479232805,0.014975510898522464,0.05927385524716881
181,0.012562099368770263,0.014850720196700643,0.017923360048221686,0.030557630912455527,0.027977751165651786,0.01108719491256281,0.011295562288363833,0.5190158021910283,0.046170207318142364,0.01617500847530352,0.019827600279235164,0.014406300971270429,0.011722603602183747,0.025229203643892906,0.01511289699496109,0.009420244488565854,0.02607845769482491,0.1284557432358258,0.023283176633707613,0.01884843557833184
182,0.011775156069659938,0.024033249517613216,0.016769725586835312,0.023972875911145494,0.025990921211667024,0.015025658407859134,0.014903045769693804,0.0231179862986103,0.6051251982980043,0.00783281252912354,0.01913459250526063,0.01987729373637973,0.010174493576795498,0.04711545245967748,0.04957108604471253,0.011293540656293354,0.010122119011276447,0.015497533010586397,0.031426146293106486,0.01724111310569951
183,0.027286539639889633,0.02054572387100173,0.019343780564949023,0.01762522180464289,0.02613380048857348,0.016802337462686733,0.014161665050983931,0.16796485708129513,0.025811219868959245,0.17477496080130567,0.025383140546045346,0.01647861975116061,0.006854045959922886,0.013037858194902415,0.008224847752360244,0.011175542975216517,0.012948445396418595,0.34950281325198573,0.024833820040895987,0.021110759496804188
184,0.020394966778957968,0.08374046221661238,0.023175399400571298,0.015033315985765057,0.019755546117174696,0.05286799725121863,0.06646126534284148,0.04806386680548271,0.011748017622440309,0.23512150959926392,0.17039708349401117,0.05031933693768654,0.012011959761459084,0.04744284186601724,0.0076401067095989515,0.015121186132093959,0.005450546366424959,0.05884105631981114,0.013431147607654787,0.04298238768491371
185,0.16103919917421503,0.29332659728256083,0.03483625844664473,0.03862472185458208,0.045434555856131056,0.013399491148601053,0.01414530693779077,0.044766392380893555,0.025139980612412478,0.019803155142198586,0.028927236773031086,0.05909136061280608,0.009781537628166128,0.04539916897520827,0.008567510327520384,0.02469330871317959,0.027161005441903058,0.043506492019085276,0.029671984584364895,0.03268473608870499
186,0.02569428904827256,0.03513303657532705,0.030311141500456672,0.02475991622089116,0.045781467897832474,0.021228338427117747,0.020491525455120018,0.0430887802216545,0.0342520424829985,0.0448329072368729,0.04954632125856129,0.03775638754468096,0.35265320105132913,0.03450899947303936,0.028985860234743012,0.020979137077534474,0.05469394946223346,0.024258803450919828,0.046511048030989106,0.02453284734942579
187,0.03989445186818234,0.029431874515549884,0.03634510142809163,0.03469086953829096,0.05049486464480988,0.022042319756366526,0.018065039141272582,0.04224025905339816,0.049530773050399476,0.025882208510287313,0.03721552963220789,0.048074248564256246,0.04176142387102463,0.047302407924593254,0.050466612276564515,0.019673015178202646,0.024931508904099644,0.0210928675319266,0.035218882563833126,0.3256457420466427
188,0.020104461340411415,0.019486659090237477,0.01930139497564299,0.034508524840301945,0.024572345649656286,0.011215840317155905,0.04502830609184717,0.011515161580812307,0.030428872709132828,0.011309739568685709,0.02394893739542451,0.022007189160250584,0.04034773028231555,0.021736637180070146,0.029581354013719398,0.12298480408457567,0.45334907186951967,0.011139278524626149,0.023172955924007622,0.024260735401606618
189,0.12289341428331658,0.08419315965052751,0.011009025896644641,0.01245359367666595,0.011202231327866036,0.11163784113364436,0.013311569160715669,0.02726623641443042,0.010667855458982552,0.004599823369352653,0.013291042930573144,0.041490857072878584,0.07802336482557197,0.01369781626612761,0.0055092994659225675,0.2923951717994418,0.11104901075252308,0.0074650763452298735,0.014521444261246196,0.013322165908338804
190,0.031129071578016483,0.0686868911262417,0.0389095681813287,0.04039460967836477,0.008909931607962529,0.03118616800549051,0.045836506999997285,0.050619877254068225,0.0949331971518694,0.04733915600219545,0.057922695014999956,0.07807550562411465,0.034612374075538625,0.08429145574340784,0.037520485801343526,0.051795744332913944,0.08032855333740374,0.09428697055116488,0.014143051051246608,0.009078186882331174
191,0.19373089598008963,0.21922509940049004,0.013656935397011839,0.008064812696998418,0.011278138612424077,0.03305693286130137,0.00876829078034678,0.019184690555156435,0.005050617520121455,0.12973355022167585,0.16016967338121732,0.009998862297675788,0.006577212381673793,0.012104956303707188,0.0146062810883635,0.055673784274313985,0.05821562319526136,0.020681696121327718,0.01013448163461508,0.010087465296228407
192,0.019407672807463753,0.026419158867791857,0.014437506979220537,0.018218395858993194,0.17656636442732068,0.01145750566586827,0.04931645235204111,0.0361696953947592,0.0262663966538262,0.04589095238121729,0.3959308832041434,0.024100899509054932,0.008685316119695818,0.01738779050027808,0.006186601325064462,0.0075451284416597686,0.06120386361906019,0.012417462273941757,0.010756323972864084,0.03163562964573542
193,0.03216915993925326,0.025414989999798396,0.04136426816756982,0.49802566403634774,0.017510367259241048,0.043136971453379844,0.021826502443670202,0.023947765360762055,0.05572303744571446,0.009427879060824176,0.0387128038071931,0.022073103466287314,0.011329147681842613,0.04641627985429705,0.008428010837999812,0.011663930915883905,0.010219870873782046,0.04373254368118996,0.018623695835498548,0.020254007879464644
194,0.06262092329636684,0.06096921162820046,0.005365679491819837,0.0516479376077276,0.06562105497009575,0.0041375482035002475,0.05256951862894328,0.0097918731441393,0.07364440286406368,0.06936589100048994,0.11796943474758577,0.023919642987880137,0.00809891701514789,0.0686632377126266,0.049491503538804854,0.06074808550209713,0.07794571962428573,0.04759900754492119,0.006399664075424869,0.08343074641587891
195,0.0046724638056947695,0.06613006347154057,0.017244258443161214,0.009094398227265174,0.09019856253973735,0.004230014866916688,0.015070637247336163,0.19560625122309375,0.028191859713246642,0.22799624274070884,0.14130748986067396,0.00914818003455144,0.003584735169347629,0.00799858046612279,0.009934499908346635,0.004771023292285645,0.012494990280986985,0.136661760104426,0.007840636221172611,0.00782335238338512
196,0.05332738919607541,0.10723059382295509,0.0707433597170083,0.09566222918014658,0.07562977426081434,0.0073718433944814634,0.06267097994559874,0.017746623466110042,0.03631984735820434,0.15036956184049874,0.07426607148687965,0.07516085329783004,0.0013464686489350777,0.05192002885173297,0.0014031464013164491,0.047398565051500696,0.00760868904768123,0.00422740526150711,0.01908799881196456,0.04050857095875912
197,0.010136659168582285,0.0236921807704838,0.009771668038690976,0.01113022852262938,0.035712929045764216,0.020916838232937995,0.011291396529852707,0.06075404655448072,0.21024741209262623,0.11452299216631164,0.052356612550085356,0.013310657698694309,0.0025825111671159045,0.06641310978221139,0.28383250607125876,0.008029197905201698,0.016904638677402543,0.02323728154739124,0.007768836230914725,0.017388297247364105
198,0.011013576457278537,0.0429728048857869,0.01675378863977537,0.010458525084371513,0.10301145266461746,0.004447303597741452,0.011564789894597345,0.020357514010208962,0.010819689173158984,0.347186737852362,0.1473649080196192,0.013250898410396405,0.0152793803345415,0.01588777969837901,0.004338195352784321,0.005344614676685344,0.007852388279196697,0.03120060549516885,0.038356965658972356,0.14253808181435776
199,0.057149466632412556,0.2841363266195011,0.003310396961058706,0.005893905363284133,0.005808838631475157,0.0014511811188482877,0.009988251367479382,0.1180220424560518,0.00730100154794743,0.051147221029801924,0.13986383009413,0.002607951807239554,0.0007876817540847433,0.053833190396546216,0.01404516713321303,0.032879755835037834,0.10692799349488928,0.09879619622704333,0.0030414489081722197,0.0030081526217833163
200,0.005130116712054716,0.043274058717441666,0.009207359329539432,0.012534444676864941,0.010701034415425657,0.008389374181374112,0.0752706966432053,0.011230635820538725,0.035366451452431204,0.008084028154539001,0.008879325699714554,0.01242536366426811,0.005762504451055226,0.008973115744806253,0.7123963248170581,0.00389767745410072,0.004287379722839579,0.005276127623729039,0.010561713771502824,0.008352266947511025
201,0.056242643286924916,0.0369894792287558,0.006997443228842398,0.005174758617314685,0.03618569325003806,0.008624787658418774,0.08983466919617965,0.030876245070001734,0.12863760381206407,0.04938130135909141,0.03696385167766459,0.041991642687408647,0.0017454713768561704,0.09753472076096568,0.17682559984118706,0.04414695344702253,0.07501842128069462,0.0401588501213355,0.015930617362855726,0.020739246736377913
202,0.0049677696592549765,0.014875371321926543,0.040611656976942356,0.009338190413210025,0.07896466671493838,0.009945101551115382,0.2762020043295236,0.03214881231248969,0.01008186641464991,0.003163877088444703,0.012712007736397767,0.030385318723741284,0.007693133968578339,0.015003090163296628,0.024185514078566984,0.005070008668025605,0.00447248044582555,0.0068340294930454605,0.2880286303080808,0.12531646963194604
203,0.008948140291502508,0.018364907838061394,0.015217142928554537,0.04195369298091097,0.019525145480001404,0.6411368464904884,0.017610693092613792,0.02332445439822954,0.015888136281222487,0.007825064529416963,0.01816348210231148,0.01869751963856824,0.008137041694920402,0.015778026572278378,0.04981583192986268,0.011380023224827562,0.012241240019639926,0.015270855750900699,0.017392338126375428,0.023329416629313215
204,0.010154028045974544,0.01991662217309074,0.014307161089079227,0.04831950377384062,0.019291199724104053,0.6589363199145657,0.015331242252765833,0.025118572874505533,0.018518399929705238,0.009395979603537807,0.020152444508193437,0.01682592528623417,0.007089555950304924,0.021443972505070304,0.022284950283712874,0.008466707904913615,0.012053667329155183,0.010816771234153309,0.02279355438901946,0.018783421228073357
205,0.31822313602312197,0.1248839613376706,0.0031438537236824922,0.014189599542409977,0.0024935989929794344,0.053493849401661166,0.0019993174447546307,0.0037120382567241324,0.0020565600688458537,0.000602147496230595,0.002763679363766771,0.0022736743363790304,0.0014322717517361956,0.002412968225092291,0.0033472178692744016,0.09164976165561652,0.3645494848308776,0.000771708154224231,0.0026534333608151375,0.0033477381641369938
206,0.002304842109055062,0.00945988124350897,0.006473540987899294,0.00694226816515406,0.17466889261723928,0.003029730676587086,0.0038762301540429065,0.35535333090501664,0.007063989814332446,0.22467839984408805,0.09764349755400833,0.0037721503068495936,0.0011845343538314838,0.006050284925219389,0.001976196944466548,0.0070307324588477485,0.002359933852838329,0.07415291479020102,0.008512329651441526,0.0034663186453722746
