site,A,C,D,E,F,G,H,I,K,L,M,N,P,Q,R,S,T,V,W,Y
111,0.00890,0.24751,0.07170,0.42791,0.01435,0.00178,0.01175,0.01160,0.06182,0.00438,0.01383,0.01566,0.00774,0.01117,0.00491,0.05002,0.00791,0.00633,0.01087,0.00988
112,0.06302,0.05796,0.07680,0.11043,0.00327,0.02473,0.01202,0.05223,0.05764,0.04756,0.10830,0.05785,0.02310,0.05897,0.02627,0.07414,0.08322,0.04790,0.00212,0.01247
113,0.00627,0.01569,0.01528,0.02021,0.02305,0.00588,0.01920,0.02306,0.02002,0.01523,0.02338,0.01607,0.71882,0.02143,0.00564,0.00386,0.00749,0.00829,0.01369,0.01742
114,0.06063,0.06576,0.00735,0.03681,0.03633,0.00171,0.03080,0.09702,0.04456,0.10963,0.11666,0.01807,0.00276,0.04249,0.02513,0.06823,0.08438,0.08448,0.02853,0.03867
115,0.07685,0.13202,0.00895,0.00641,0.02723,0.04961,0.05990,0.05750,0.01112,0.09413,0.05078,0.07623,0.04458,0.08067,0.03186,0.04026,0.02072,0.07881,0.01857,0.03380
116,0.01476,0.04803,0.01145,0.00728,0.03360,0.00195,0.03453,0.08892,0.00960,0.00384,0.11512,0.02138,0.00641,0.10667,0.00965,0.01066,0.20644,0.16773,0.08765,0.01433
117,0.00768,0.03125,0.01223,0.19064,0.02173,0.00331,0.01636,0.02751,0.05578,0.04036,0.01785,0.12735,0.00940,0.24086,0.07840,0.06281,0.02438,0.00573,0.00938,0.01699
118,0.01147,0.01668,0.02123,0.02391,0.02942,0.03810,0.01843,0.01618,0.02670,0.00928,0.01999,0.03962,0.01249,0.05226,0.00432,0.41270,0.19646,0.00825,0.01648,0.02605
119,0.01966,0.05591,0.01876,0.02614,0.03661,0.01304,0.00674,0.03902,0.02543,0.00842,0.03196,0.03692,0.01864,0.02629,0.00923,0.02595,0.04292,0.01075,0.02168,0.52594
120,0.01042,0.03427,0.02712,0.04157,0.03846,0.53617,0.03995,0.03605,0.02668,0.00909,0.03340,0.02724,0.01388,0.02879,0.00529,0.01047,0.01586,0.02115,0.01246,0.03168
121,0.01319,0.01689,0.02488,0.01857,0.05561,0.00475,0.06601,0.02697,0.03591,0.00716,0.03809,0.02949,0.01211,0.02966,0.02199,0.00918,0.01858,0.00913,0.47456,0.08727
122,0.01811,0.03448,0.04436,0.02578,0.03757,0.00697,0.02038,0.03098,0.03109,0.01390,0.03558,0.52287,0.01824,0.04011,0.00937,0.00205,0.01259,0.01384,0.02299,0.05873
123,0.09893,0.18656,0.02272,0.01757,0.01586,0.00788,0.01738,0.35770,0.01646,0.04075,0.00608,0.01742,0.01095,0.01977,0.01046,0.00632,0.00306,0.11273,0.01524,0.01615
124,0.06859,0.19948,0.00952,0.00651,0.00844,0.00171,0.00947,0.18549,0.01031,0.01919,0.04551,0.00831,0.00484,0.01029,0.00295,0.00457,0.12566,0.26217,0.00798,0.00904
125,0.01788,0.02280,0.00943,0.00903,0.01253,0.03133,0.02586,0.01484,0.38149,0.00409,0.01145,0.01775,0.00737,0.04446,0.30686,0.04392,0.01686,0.00360,0.00526,0.01318
126,0.00775,0.16747,0.01324,0.01191,0.02713,0.00435,0.00883,0.02248,0.02368,0.30311,0.29146,0.01293,0.00411,0.01553,0.00324,0.00548,0.01388,0.03150,0.01293,0.01898
127,0.05297,0.02063,0.01147,0.00478,0.01315,0.02513,0.04619,0.05570,0.17716,0.02812,0.01481,0.08611,0.00422,0.08787,0.15094,0.08194,0.07050,0.03870,0.01550,0.01410
128,0.11073,0.04867,0.05514,0.03974,0.00740,0.09091,0.00506,0.00604,0.09739,0.00455,0.04249,0.06105,0.05591,0.05019,0.05534,0.10757,0.11540,0.03610,0.00456,0.00575
129,0.08073,0.06616,0.08525,0.05756,0.01922,0.08744,0.05274,0.00696,0.08163,0.01511,0.02520,0.06909,0.05081,0.10800,0.06974,0.07579,0.00601,0.00468,0.00318,0.03472
130,0.05568,0.08843,0.00856,0.03775,0.03564,0.00103,0.08131,0.12517,0.03889,0.05077,0.06452,0.00929,0.00187,0.05453,0.02867,0.04696,0.09743,0.08694,0.03964,0.04691
131,0.00803,0.01641,0.43367,0.03850,0.02710,0.00158,0.01422,0.02733,0.02493,0.00869,0.03470,0.25259,0.00832,0.02032,0.00653,0.01255,0.01240,0.00740,0.02713,0.01760
132,0.12038,0.20077,0.00558,0.00795,0.01478,0.00122,0.01425,0.17239,0.01615,0.10186,0.02798,0.01238,0.00418,0.02082,0.00323,0.00433,0.05346,0.19574,0.00998,0.01257
133,0.01999,0.04076,0.00856,0.01212,0.13492,0.00454,0.09581,0.00582,0.00759,0.08990,0.08690,0.11656,0.00297,0.04759,0.00309,0.02670,0.08883,0.00659,0.04016,0.16060
134,0.02885,0.06092,0.00745,0.01421,0.04447,0.02874,0.15038,0.02281,0.04849,0.02994,0.03629,0.07804,0.00466,0.07300,0.10574,0.04979,0.04793,0.03645,0.06371,0.06811
135,0.06393,0.12485,0.01065,0.01041,0.05686,0.00163,0.03984,0.08096,0.05981,0.08402,0.09746,0.00984,0.00223,0.10330,0.03633,0.04828,0.06862,0.05188,0.00425,0.04487
136,0.11502,0.05208,0.02068,0.00583,0.02019,0.10577,0.28962,0.01964,0.02542,0.00711,0.01733,0.02625,0.07162,0.02077,0.00375,0.07729,0.01653,0.02688,0.01819,0.06003
137,0.07857,0.06959,0.01330,0.01562,0.07854,0.00752,0.02026,0.06660,0.03950,0.03367,0.06660,0.04312,0.03441,0.02876,0.05131,0.07723,0.14236,0.00879,0.06761,0.05666
138,0.05175,0.03642,0.06792,0.24987,0.03400,0.07802,0.02251,0.06179,0.02530,0.04590,0.02348,0.02908,0.01256,0.10840,0.00511,0.02848,0.02936,0.04048,0.01678,0.03278
139,0.05622,0.06895,0.00490,0.00229,0.01802,0.07847,0.02113,0.02037,0.07129,0.03368,0.07226,0.06663,0.05277,0.08258,0.11253,0.09666,0.05144,0.03551,0.00666,0.04763
140,0.06024,0.10301,0.00804,0.00904,0.00611,0.00233,0.20469,0.05509,0.01167,0.10676,0.05430,0.01275,0.00539,0.01304,0.00229,0.09058,0.08110,0.16880,0.00252,0.00226
141,0.01581,0.02602,0.46283,0.03410,0.02338,0.00380,0.01951,0.02962,0.04225,0.01087,0.03813,0.06602,0.01158,0.04438,0.01690,0.00895,0.01312,0.00942,0.04960,0.07370
142,0.00138,0.22818,0.02307,0.02772,0.02730,0.01050,0.01909,0.04324,0.01883,0.00607,0.02257,0.01882,0.02960,0.02636,0.01034,0.00743,0.30535,0.11610,0.03663,0.02143
143,0.01245,0.01958,0.02227,0.01575,0.17471,0.00720,0.02385,0.08268,0.02108,0.25381,0.01059,0.02648,0.02124,0.01672,0.01917,0.00836,0.01140,0.19913,0.01591,0.03764
144,0.00641,0.01067,0.01821,0.01306,0.26622,0.00489,0.01320,0.15641,0.01465,0.29537,0.07051,0.01682,0.00132,0.02360,0.00284,0.00508,0.00787,0.04947,0.01057,0.01283
145,0.21644,0.30883,0.01210,0.01178,0.01915,0.00390,0.01971,0.01491,0.01430,0.00551,0.01569,0.02297,0.00734,0.02349,0.00549,0.09596,0.00823,0.17231,0.01761,0.00427
146,0.02241,0.02280,0.46817,0.01806,0.03932,0.00138,0.06558,0.04721,0.04932,0.01084,0.02974,0.05857,0.01635,0.05499,0.00933,0.00838,0.01535,0.03015,0.01393,0.01814
147,0.00527,0.00797,0.01309,0.01040,0.01137,0.00361,0.00936,0.19407,0.01188,0.22343,0.28924,0.01072,0.00524,0.00837,0.00241,0.00556,0.00216,0.16733,0.00697,0.01155
148,0.02200,0.02086,0.04492,0.02136,0.01345,0.66086,0.02735,0.01861,0.02317,0.00585,0.01671,0.01967,0.01308,0.02262,0.00676,0.00485,0.01181,0.01072,0.01551,0.01985
149,0.02379,0.01836,0.01763,0.69526,0.01733,0.02687,0.03586,0.02190,0.00854,0.00500,0.01875,0.02065,0.00961,0.02168,0.00663,0.00627,0.00928,0.00580,0.01123,0.01957
150,0.10534,0.08848,0.05331,0.07645,0.00367,0.07562,0.04750,0.00445,0.06570,0.02456,0.04365,0.08110,0.00270,0.07868,0.02956,0.11384,0.07034,0.02801,0.00209,0.00495
151,0.26511,0.10469,0.01298,0.00734,0.00969,0.21523,0.00917,0.01163,0.01192,0.01541,0.02187,0.01003,0.00213,0.00997,0.00260,0.24022,0.01004,0.02338,0.00534,0.01124
152,0.11649,0.06325,0.00660,0.00534,0.06322,0.09396,0.04827,0.00632,0.00687,0.00260,0.00551,0.10725,0.10811,0.11130,0.00216,0.14735,0.07874,0.00682,0.00469,0.01515
153,0.04430,0.05010,0.01895,0.00274,0.02507,0.02058,0.09511,0.12980,0.00799,0.09221,0.14955,0.03118,0.00259,0.05452,0.00786,0.08215,0.05587,0.09822,0.00936,0.02185
154,0.09159,0.08158,0.00645,0.00396,0.08069,0.04860,0.11787,0.01361,0.02538,0.00735,0.00853,0.03939,0.09243,0.01226,0.01951,0.09853,0.06890,0.05234,0.03837,0.09267
155,0.06693,0.04251,0.02338,0.08134,0.02284,0.02108,0.06776,0.06649,0.03246,0.05426,0.07429,0.05762,0.03910,0.10076,0.02093,0.05954,0.07753,0.06309,0.02428,0.00382
156,0.01650,0.14049,0.00849,0.01780,0.01954,0.01356,0.03470,0.31343,0.01504,0.02662,0.07544,0.02941,0.00412,0.01034,0.00458,0.00615,0.05044,0.19391,0.00780,0.01165
157,0.06067,0.02712,0.04532,0.40818,0.06218,0.01424,0.01829,0.04563,0.04366,0.01109,0.03949,0.02747,0.00965,0.05023,0.00736,0.01090,0.01419,0.04525,0.02970,0.02939
158,0.10683,0.06049,0.01063,0.20485,0.01658,0.01697,0.01120,0.01467,0.00329,0.00503,0.03235,0.04747,0.00649,0.23973,0.00446,0.06415,0.10639,0.02363,0.00841,0.01639
159,0.04225,0.08879,0.05404,0.07158,0.03697,0.03869,0.07108,0.03109,0.05857,0.02554,0.08235,0.07804,0.00328,0.09183,0.03100,0.04894,0.06623,0.02552,0.02839,0.02585
160,0.00753,0.02390,0.02732,0.02418,0.02461,0.00605,0.01822,0.04360,0.13754,0.00738,0.03047,0.04703,0.01104,0.05954,0.43662,0.01008,0.01515,0.00835,0.01484,0.04655
161,0.01475,0.28066,0.02062,0.15457,0.01802,0.00405,0.00967,0.01808,0.01552,0.00464,0.01648,0.01429,0.00607,0.01466,0.00473,0.16150,0.19912,0.00599,0.01550,0.02106
162,0.10063,0.08730,0.03051,0.09459,0.03286,0.03607,0.03745,0.04220,0.05624,0.06951,0.14107,0.04909,0.00863,0.04855,0.02035,0.04185,0.03967,0.03514,0.01055,0.01774
163,0.05944,0.03871,0.01000,0.00293,0.00818,0.05423,0.11069,0.01663,0.14222,0.02493,0.07406,0.09706,0.00230,0.05072,0.11487,0.08399,0.04551,0.03141,0.01258,0.01954
164,0.11792,0.13010,0.00594,0.00614,0.00523,0.00294,0.00634,0.11063,0.00627,0.09108,0.09318,0.00494,0.00177,0.00442,0.00129,0.04437,0.18172,0.17727,0.00318,0.00525
165,0.00317,0.02159,0.00778,0.01023,0.00332,0.00350,0.01410,0.10767,0.00877,0.30472,0.41576,0.00737,0.00480,0.00564,0.00189,0.00228,0.00349,0.05953,0.00719,0.00720
166,0.05856,0.04864,0.07904,0.09119,0.00446,0.05701,0.07957,0.00320,0.05844,0.00412,0.02575,0.08535,0.00630,0.09493,0.06147,0.07556,0.10942,0.00548,0.01201,0.03951
167,0.11119,0.15286,0.00580,0.00453,0.01119,0.00230,0.01654,0.06917,0.02709,0.12202,0.13969,0.00777,0.00350,0.00685,0.00628,0.04682,0.14551,0.10070,0.00348,0.01671
168,0.14259,0.12394,0.00766,0.01141,0.00970,0.00193,0.00822,0.18271,0.00809,0.22230,0.02713,0.00732,0.00224,0.00572,0.00247,0.00289,0.01219,0.20606,0.00742,0.00800
169,0.09038,0.05473,0.06543,0.11323,0.01076,0.09970,0.08999,0.01131,0.03301,0.00794,0.00785,0.08216,0.00248,0.09673,0.00408,0.11707,0.07344,0.02843,0.00275,0.00855
170,0.09957,0.06138,0.06754,0.04028,0.02742,0.06565,0.06054,0.03084,0.00420,0.00346,0.05261,0.08444,0.06082,0.07426,0.00158,0.07648,0.07494,0.04701,0.02183,0.04514
171,0.00987,0.02606,0.01843,0.01774,0.12079,0.00402,0.03670,0.03055,0.01827,0.00606,0.01506,0.01862,0.01070,0.01557,0.00784,0.00626,0.00949,0.00837,0.44933,0.17027
172,0.00276,0.01493,0.02177,0.01446,0.04424,0.00589,0.03023,0.04665,0.01590,0.46744,0.21288,0.02362,0.02945,0.01249,0.00497,0.00713,0.00721,0.00629,0.01406,0.01764
173,0.10482,0.03477,0.08523,0.11844,0.00284,0.03937,0.05302,0.00250,0.03102,0.02478,0.05002,0.12160,0.00122,0.09790,0.03679,0.07972,0.08900,0.02167,0.00236,0.00292
174,0.00916,0.01505,0.01686,0.04619,0.01783,0.00670,0.02206,0.04819,0.34848,0.00730,0.02427,0.01321,0.00712,0.03762,0.32319,0.00658,0.00675,0.00951,0.01614,0.01779
175,0.02239,0.05512,0.00827,0.01375,0.01147,0.03049,0.16293,0.01085,0.08569,0.00964,0.03199,0.10183,0.00426,0.10344,0.16431,0.09151,0.02753,0.01685,0.01280,0.03486
176,0.01307,0.04530,0.03295,0.04347,0.03247,0.01612,0.01557,0.03269,0.02478,0.05925,0.03172,0.01852,0.48655,0.02871,0.00876,0.00562,0.02238,0.02039,0.02673,0.03496
177,0.10817,0.05576,0.03305,0.08670,0.02298,0.12893,0.04819,0.01731,0.00464,0.04670,0.03361,0.03865,0.00919,0.09327,0.01322,0.08462,0.10723,0.01826,0.00395,0.04556
178,0.10582,0.09191,0.01685,0.16656,0.00922,0.05720,0.13091,0.01480,0.00870,0.00244,0.06513,0.10976,0.00214,0.01254,0.00175,0.08558,0.06245,0.04112,0.00544,0.00968
179,0.00958,0.02599,0.02225,0.02224,0.32203,0.00763,0.02633,0.01617,0.03970,0.01527,0.02621,0.02218,0.01218,0.02436,0.00865,0.01772,0.01347,0.00671,0.24224,0.11911
180,0.12711,0.38400,0.01366,0.01785,0.01597,0.00981,0.02294,0.01587,0.01404,0.00602,0.01308,0.02233,0.01154,0.02153,0.02817,0.01615,0.00887,0.11083,0.01254,0.12769
181,0.00877,0.01771,0.01818,0.03978,0.02682,0.00828,0.01498,0.35312,0.05063,0.00773,0.00583,0.01195,0.01016,0.03089,0.00744,0.00734,0.00474,0.32624,0.03017,0.01924
182,0.01398,0.03212,0.02664,0.00683,0.04134,0.01371,0.01828,0.03353,0.51175,0.00831,0.01801,0.01615,0.00808,0.02218,0.05253,0.01133,0.00899,0.01545,0.11507,0.02573
183,0.01823,0.04448,0.02379,0.01999,0.03252,0.00616,0.02334,0.27528,0.02278,0.12687,0.02973,0.02161,0.00691,0.01381,0.00688,0.00913,0.01060,0.25861,0.02781,0.02146
184,0.01628,0.04571,0.02514,0.05658,0.02523,0.03632,0.08503,0.03399,0.01328,0.18149,0.17331,0.05977,0.00096,0.07690,0.00260,0.02113,0.01616,0.02083,0.01604,0.09324
185,0.10115,0.20646,0.05474,0.07809,0.02655,0.00537,0.01278,0.02859,0.03116,0.01678,0.04824,0.17283,0.00844,0.03073,0.00092,0.04344,0.01152,0.10649,0.00905,0.00666
186,0.01968,0.04464,0.10772,0.02735,0.08347,0.01463,0.01817,0.06987,0.04591,0.01070,0.08545,0.04312,0.22026,0.01863,0.01025,0.00252,0.03087,0.02223,0.08875,0.03578
187,0.04677,0.02696,0.01604,0.04950,0.03220,0.03540,0.00215,0.07822,0.09468,0.01759,0.05192,0.02204,0.04281,0.11600,0.06168,0.03189,0.02881,0.01841,0.05361,0.17332
188,0.01533,0.02370,0.02119,0.04125,0.02706,0.01017,0.13567,0.00423,0.03304,0.00929,0.04235,0.01456,0.01312,0.02617,0.01252,0.14404,0.35191,0.00919,0.03732,0.02786
189,0.12272,0.13041,0.01295,0.01259,0.01720,0.11679,0.01202,0.01554,0.01721,0.00497,0.01530,0.03536,0.06043,0.01596,0.00256,0.26486,0.10474,0.00657,0.01513,0.01671
190,0.03960,0.05636,0.03232,0.04819,0.00557,0.04287,0.05393,0.04537,0.08768,0.05268,0.07758,0.08469,0.03612,0.07383,0.04468,0.04640,0.07791,0.08128,0.00527,0.00767
191,0.21351,0.26187,0.00969,0.00896,0.00989,0.01811,0.01123,0.03372,0.00503,0.11631,0.13406,0.00938,0.00531,0.00807,0.00288,0.04727,0.06256,0.02459,0.00748,0.01008
192,0.01227,0.03134,0.04369,0.02335,0.12515,0.00929,0.04804,0.08114,0.02705,0.04150,0.33336,0.03853,0.00871,0.03169,0.00521,0.00770,0.06183,0.01728,0.01254,0.04033
193,0.01128,0.03094,0.04065,0.46633,0.02956,0.05202,0.03408,0.04150,0.03617,0.01056,0.03191,0.03308,0.01187,0.02963,0.00944,0.01162,0.01279,0.04473,0.02789,0.03396
194,0.07674,0.05686,0.00558,0.04171,0.09251,0.00318,0.05012,0.01367,0.05081,0.05851,0.09279,0.01873,0.00365,0.12681,0.04185,0.06627,0.08727,0.04204,0.00983,0.06107
195,0.00657,0.03499,0.01644,0.01078,0.09464,0.00376,0.01788,0.20285,0.01330,0.23094,0.15612,0.01360,0.00433,0.01303,0.00553,0.00480,0.00146,0.14671,0.00763,0.01464
196,0.04007,0.08988,0.14624,0.10418,0.06492,0.01164,0.03856,0.00968,0.02867,0.11616,0.04803,0.05623,0.00166,0.07897,0.00133,0.06423,0.00277,0.00138,0.02284,0.07255
197,0.01178,0.01498,0.01110,0.01040,0.03193,0.00827,0.00821,0.07297,0.24954,0.11055,0.03603,0.01742,0.00248,0.10058,0.24503,0.00439,0.00692,0.02646,0.00953,0.02143
198,0.00660,0.03472,0.01522,0.01217,0.16465,0.00315,0.01102,0.01857,0.01285,0.27891,0.21437,0.01742,0.01163,0.00997,0.00240,0.00454,0.00641,0.02039,0.03666,0.11837
199,0.03788,0.30328,0.00186,0.00270,0.00242,0.00137,0.00686,0.16669,0.00408,0.04242,0.09750,0.00203,0.00065,0.05147,0.01530,0.03207,0.11520,0.11139,0.00238,0.00244
200,0.00482,0.02544,0.01242,0.01397,0.01147,0.00962,0.11365,0.01439,0.02335,0.00283,0.01311,0.01288,0.00273,0.01020,0.69087,0.00352,0.00450,0.00576,0.01173,0.01274
201,0.05915,0.03484,0.00622,0.00593,0.01698,0.00071,0.11848,0.02896,0.19036,0.03929,0.04933,0.03466,0.00209,0.08765,0.16934,0.03606,0.04990,0.04448,0.00900,0.01658
202,0.00382,0.01565,0.01596,0.01172,0.22921,0.00768,0.22120,0.01361,0.01083,0.00288,0.01077,0.01859,0.00404,0.00482,0.02198,0.00411,0.00422,0.00550,0.24662,0.14679
203,0.00861,0.02546,0.02135,0.04180,0.03761,0.59522,0.02288,0.03472,0.02371,0.00892,0.02445,0.02540,0.00992,0.02333,0.02336,0.00926,0.01331,0.00885,0.01319,0.02866
204,0.00968,0.02569,0.02161,0.04877,0.02853,0.58555,0.01882,0.03602,0.02525,0.00848,0.02767,0.02312,0.00739,0.02862,0.02228,0.00819,0.01297,0.01095,0.02369,0.02671
205,0.34022,0.12470,0.00268,0.00563,0.00285,0.04853,0.00179,0.00416,0.00206,0.00061,0.00212,0.00216,0.00071,0.00235,0.00154,0.11428,0.33795,0.00154,0.00161,0.00249
206,0.00229,0.00520,0.00499,0.00763,0.14161,0.00284,0.00328,0.37236,0.00658,0.19927,0.14902,0.00391,0.00124,0.00540,0.00198,0.00396,0.00218,0.07626,0.00599,0.00400
207,0.05078,0.03578,0.01058,0.01462,0.01091,0.01110,0.00793,0.26881,0.01685,0.06092,0.02236,0.01149,0.00216,0.01112,0.00350,0.00339,0.00474,0.41958,0.02136,0.01205
208,0.00754,0.01573,0.01772,0.02154,0.02054,0.03406,0.01174,0.01652,0.02684,0.00599,0.01704,0.01712,0.00447,0.01661,0.68354,0.02656,0.00728,0.01119,0.01994,0.01804
209,0.00900,0.12013,0.00604,0.00387,0.00621,0.00122,0.00919,0.16152,0.00427,0.27273,0.07752,0.01752,0.00261,0.00298,0.00116,0.03302,0.12770,0.13456,0.00414,0.00462
210,0.01387,0.02032,0.03077,0.29982,0.01715,0.01056,0.00798,0.02096,0.03399,0.04479,0.02025,0.01403,0.35593,0.02141,0.00505,0.02823,0.00635,0.01135,0.02000,0.01719
211,0.01169,0.05700,0.01697,0.01265,0.01542,0.00429,0.01929,0.05974,0.01609,0.41347,0.11441,0.02048,0.00368,0.03393,0.00446,0.01183,0.01408,0.13157,0.00760,0.03134
212,0.01028,0.08449,0.02138,0.02521,0.01181,0.01164,0.02641,0.02272,0.02273,0.01317,0.02720,0.02544,0.00326,0.02378,0.00871,0.58382,0.01513,0.01218,0.02961,0.02103
213,0.00968,0.00719,0.02769,0.02853,0.03046,0.01085,0.00850,0.02633,0.02591,0.01433,0.02641,0.01985,0.00697,0.02525,0.65831,0.00639,0.00994,0.01004,0.02491,0.02245
214,0.00791,0.02113,0.11626,0.02174,0.02286,0.00822,0.00863,0.01833,0.02508,0.00537,0.02788,0.58748,0.00442,0.01748,0.00486,0.01423,0.01998,0.01689,0.01583,0.03541
215,0.14409,0.01299,0.01017,0.02738,0.07137,0.01063,0.01074,0.01651,0.02122,0.00474,0.01851,0.01374,0.00179,0.01642,0.00404,0.34599,0.24160,0.00715,0.01140,0.00953
216,0.00120,0.15037,0.01492,0.01950,0.01133,0.00579,0.00913,0.02402,0.01490,0.00354,0.01204,0.20381,0.00312,0.02747,0.00422,0.16492,0.24504,0.06369,0.01220,0.00877
217,0.00735,0.01892,0.01837,0.01752,0.01538,0.00946,0.56282,0.01698,0.01598,0.00725,0.18052,0.01299,0.00462,0.05013,0.00241,0.00633,0.00652,0.00796,0.01449,0.02401
218,0.00656,0.03091,0.01300,0.71153,0.02254,0.00224,0.01683,0.02491,0.01178,0.00609,0.03159,0.02075,0.00547,0.02054,0.00755,0.00571,0.00885,0.00880,0.02168,0.02269
219,0.00934,0.01884,0.01945,0.02149,0.01486,0.00835,0.01179,0.09484,0.01351,0.12681,0.57451,0.02070,0.00497,0.01315,0.00402,0.00559,0.00320,0.00377,0.01649,0.01431
220,0.00447,0.04013,0.00730,0.01057,0.25336,0.00449,0.01474,0.00881,0.00973,0.00511,0.04075,0.01406,0.00316,0.00955,0.00287,0.00227,0.00329,0.00555,0.01125,0.54856
221,0.00888,0.02092,0.01693,0.01585,0.02099,0.02921,0.01377,0.01556,0.01504,0.00335,0.01068,0.01409,0.00594,0.01583,0.00161,0.00425,0.00601,0.00673,0.61466,0.15970
222,0.00745,0.13582,0.01722,0.01394,0.01397,0.00516,0.01898,0.24432,0.02200,0.00569,0.01555,0.01626,0.01315,0.01321,0.00498,0.00589,0.00806,0.41149,0.01170,0.01516
223,0.00615,0.01444,0.01078,0.01052,0.08070,0.01058,0.00695,0.01213,0.02094,0.00319,0.01170,0.34830,0.00422,0.01101,0.00316,0.41753,0.00415,0.00512,0.01006,0.00836
224,0.09275,0.09145,0.12294,0.05736,0.00296,0.02460,0.08623,0.00228,0.04398,0.00661,0.03853,0.18430,0.00032,0.08686,0.03628,0.06303,0.05236,0.00340,0.00194,0.00180
