site,A,C,D,E,F,G,H,I,K,L,M,N,P,Q,R,S,T,V,W,Y
111,0.05076,0.11169,0.07501,0.38866,0.02553,0.00313,0.02041,0.02055,0.00987,0.00773,0.02445,0.02740,0.01358,0.01963,0.00863,0.13305,0.01391,0.00934,0.01926,0.01741
112,0.02823,0.06607,0.12344,0.33969,0.01876,0.04977,0.01289,0.02773,0.05148,0.02829,0.04468,0.03064,0.01384,0.02210,0.00514,0.05535,0.03061,0.02701,0.01215,0.01214
113,0.00809,0.02230,0.02167,0.02873,0.03297,0.00840,0.06746,0.03289,0.02864,0.04663,0.03324,0.02274,0.52934,0.03077,0.00850,0.00721,0.01460,0.01184,0.01928,0.02468
114,0.06890,0.09566,0.01864,0.02058,0.01925,0.00439,0.01839,0.13250,0.03924,0.11715,0.15084,0.01724,0.00741,0.04845,0.01453,0.01728,0.02660,0.13148,0.01290,0.03858
115,0.04843,0.06359,0.01650,0.01688,0.05758,0.04163,0.12394,0.03270,0.02144,0.13252,0.08079,0.07592,0.02626,0.08415,0.02084,0.03272,0.01231,0.04411,0.03068,0.03701
116,0.03225,0.01924,0.01825,0.01463,0.05046,0.00210,0.04038,0.03677,0.01459,0.03616,0.07582,0.02877,0.00978,0.02734,0.00502,0.00794,0.38890,0.14214,0.02686,0.02260
117,0.01319,0.04168,0.02738,0.11201,0.04877,0.00739,0.01740,0.06086,0.08705,0.05395,0.03146,0.05212,0.01821,0.27867,0.03608,0.02134,0.02095,0.01272,0.02097,0.03779
118,0.01303,0.02610,0.03167,0.03431,0.04058,0.08149,0.02744,0.08257,0.03948,0.01357,0.02937,0.01075,0.01822,0.07732,0.02861,0.30825,0.06240,0.01250,0.02453,0.03781
119,0.02591,0.03499,0.02481,0.03411,0.05355,0.01687,0.08191,0.05029,0.03309,0.01103,0.04130,0.04701,0.02434,0.03484,0.01201,0.01243,0.05740,0.01387,0.02818,0.36206
120,0.02642,0.04215,0.03365,0.02322,0.04593,0.33562,0.04828,0.04451,0.03090,0.01126,0.04181,0.03317,0.01734,0.03741,0.01966,0.01304,0.02021,0.05579,0.07998,0.03967
121,0.01905,0.06026,0.03599,0.02681,0.05291,0.00846,0.03996,0.03901,0.05203,0.02369,0.05489,0.04240,0.01747,0.04281,0.03487,0.02333,0.02683,0.01315,0.34487,0.04121
122,0.02304,0.04528,0.00548,0.03381,0.04892,0.00891,0.02640,0.03866,0.08733,0.01813,0.04530,0.34461,0.02292,0.05024,0.01219,0.02938,0.07264,0.01833,0.02971,0.03874
123,0.02587,0.04101,0.04830,0.03740,0.03378,0.01676,0.03700,0.39818,0.03046,0.06834,0.03700,0.03706,0.02327,0.04240,0.01733,0.01346,0.01024,0.01541,0.03234,0.03436
124,0.09024,0.16742,0.02233,0.00939,0.02383,0.00244,0.01329,0.10271,0.01483,0.00938,0.03297,0.01196,0.00692,0.01510,0.00427,0.02163,0.23782,0.18901,0.01157,0.01290
125,0.01001,0.02672,0.02478,0.02344,0.03308,0.00675,0.08640,0.03952,0.06631,0.01782,0.02838,0.03085,0.01927,0.02704,0.41873,0.06933,0.01384,0.00958,0.01392,0.03423
126,0.01444,0.02028,0.01977,0.01814,0.00763,0.00667,0.01338,0.05728,0.03540,0.23897,0.34165,0.02030,0.00484,0.02300,0.01240,0.00831,0.01926,0.01497,0.02187,0.10145
127,0.00931,0.01786,0.02233,0.00367,0.03448,0.03206,0.02707,0.05087,0.23860,0.01137,0.02722,0.05360,0.01093,0.08688,0.21132,0.02457,0.08374,0.01754,0.01487,0.02170
128,0.19553,0.02940,0.02731,0.03490,0.02498,0.11268,0.01576,0.04016,0.02201,0.00735,0.02350,0.03087,0.03330,0.01654,0.02345,0.19061,0.11840,0.01888,0.01508,0.01927
129,0.06341,0.01971,0.05414,0.06262,0.05381,0.08468,0.07812,0.01295,0.03707,0.05752,0.04403,0.04348,0.07490,0.08701,0.06679,0.06294,0.02648,0.00960,0.01343,0.04732
130,0.04244,0.08748,0.01132,0.00745,0.02166,0.00633,0.15717,0.14749,0.02419,0.02842,0.03169,0.04175,0.00245,0.05283,0.02321,0.05514,0.07707,0.05890,0.07387,0.04912
131,0.01386,0.02970,0.37263,0.09452,0.04584,0.01138,0.02305,0.04453,0.04326,0.01485,0.06084,0.02274,0.01427,0.03520,0.01127,0.01117,0.02127,0.02306,0.04428,0.06227
132,0.13067,0.18428,0.00897,0.01277,0.05496,0.00373,0.02290,0.06002,0.02597,0.06251,0.03799,0.01990,0.00672,0.03345,0.00519,0.03904,0.09587,0.15883,0.01604,0.02020
133,0.01726,0.09338,0.00883,0.00794,0.15070,0.01175,0.12602,0.03660,0.01642,0.03791,0.04827,0.15401,0.00625,0.03369,0.00596,0.02893,0.08415,0.00785,0.02742,0.09668
134,0.01680,0.02049,0.03693,0.04446,0.05379,0.01286,0.24516,0.02370,0.03406,0.01601,0.03083,0.05445,0.00921,0.05586,0.10498,0.00889,0.01142,0.02198,0.05784,0.14028
135,0.07572,0.11263,0.01423,0.01195,0.06031,0.01835,0.05593,0.07466,0.04025,0.03222,0.06623,0.06720,0.00291,0.08543,0.03880,0.06980,0.05508,0.04060,0.01134,0.06635
136,0.11632,0.04351,0.04079,0.06050,0.03874,0.05810,0.07564,0.03791,0.05021,0.01365,0.03422,0.07183,0.11926,0.04036,0.00737,0.04880,0.00975,0.04010,0.03535,0.05759
137,0.06134,0.08103,0.09976,0.02461,0.06132,0.01504,0.03143,0.06132,0.05550,0.02786,0.06132,0.04590,0.00667,0.04202,0.02436,0.08311,0.08341,0.01135,0.06132,0.06132
138,0.08920,0.02255,0.09322,0.16208,0.04310,0.04326,0.03150,0.04831,0.00584,0.01398,0.08939,0.06339,0.01568,0.07758,0.00641,0.05872,0.01825,0.02791,0.02120,0.06842
139,0.06960,0.05122,0.01026,0.00449,0.02761,0.07285,0.04402,0.01576,0.02284,0.03170,0.05458,0.08901,0.05513,0.08343,0.09540,0.10912,0.06450,0.04967,0.01546,0.03334
140,0.08001,0.07391,0.01115,0.01250,0.00839,0.00174,0.24427,0.03617,0.01603,0.13020,0.07125,0.03249,0.00741,0.01769,0.01345,0.06960,0.05220,0.09837,0.00229,0.02088
141,0.01324,0.02756,0.24617,0.04317,0.02465,0.00558,0.02022,0.03125,0.04608,0.01114,0.03937,0.00701,0.01214,0.04795,0.01725,0.00902,0.01317,0.01162,0.05283,0.32057
142,0.01363,0.11399,0.02778,0.03569,0.03393,0.01326,0.02459,0.02969,0.02344,0.00770,0.02920,0.02358,0.01241,0.03343,0.01285,0.00924,0.20193,0.27778,0.04797,0.02790
143,0.01810,0.02775,0.03124,0.02275,0.07214,0.01024,0.03452,0.17306,0.02978,0.18854,0.04034,0.03765,0.00253,0.01227,0.00653,0.01209,0.01603,0.18866,0.02287,0.05291
144,0.01103,0.01836,0.03134,0.02244,0.24532,0.00839,0.02260,0.03550,0.02520,0.26110,0.06473,0.02879,0.00225,0.02943,0.00519,0.00872,0.01350,0.12596,0.01819,0.02193
145,0.12652,0.28248,0.02177,0.02079,0.05120,0.00524,0.02651,0.02676,0.02488,0.00951,0.02623,0.04036,0.01279,0.04252,0.02463,0.03934,0.01466,0.16332,0.01039,0.03010
146,0.00914,0.02438,0.25102,0.01753,0.04320,0.03414,0.12503,0.04954,0.05052,0.01149,0.03164,0.12588,0.01733,0.05966,0.01007,0.00908,0.01556,0.03488,0.01503,0.06490
147,0.01508,0.02491,0.04019,0.03177,0.03611,0.01131,0.02887,0.31642,0.02673,0.09996,0.07907,0.03389,0.01628,0.02632,0.00845,0.01741,0.01345,0.11670,0.02142,0.03567
148,0.02126,0.11606,0.08370,0.02746,0.01746,0.43868,0.03623,0.02363,0.02988,0.00759,0.02183,0.02594,0.01727,0.03017,0.00893,0.00632,0.01543,0.02599,0.02059,0.02555
149,0.03428,0.02553,0.07342,0.49988,0.02392,0.05928,0.05063,0.03104,0.01206,0.00701,0.02646,0.02803,0.01345,0.02151,0.00932,0.00877,0.01298,0.01926,0.01593,0.02725
150,0.08645,0.12084,0.03395,0.18086,0.00395,0.06119,0.04938,0.00468,0.11032,0.00607,0.04521,0.03147,0.00329,0.09857,0.04372,0.06108,0.03638,0.01533,0.00223,0.00504
151,0.38162,0.04522,0.01776,0.01011,0.01351,0.11886,0.01253,0.01610,0.01532,0.01890,0.02990,0.01392,0.00166,0.01370,0.00360,0.17450,0.04632,0.04363,0.00743,0.01542
152,0.13131,0.05467,0.01168,0.00944,0.01077,0.13439,0.02767,0.01143,0.01451,0.00453,0.01309,0.19219,0.04796,0.08243,0.00382,0.13392,0.05945,0.01055,0.00846,0.03772
153,0.02578,0.03358,0.00922,0.00818,0.04264,0.05254,0.05174,0.19396,0.01122,0.08506,0.10609,0.01428,0.00769,0.03472,0.00578,0.12751,0.04277,0.11456,0.00766,0.02500
154,0.10290,0.07912,0.01741,0.02026,0.02909,0.05600,0.09783,0.01008,0.02121,0.01901,0.02471,0.06843,0.10606,0.01248,0.00999,0.11210,0.06014,0.05897,0.04114,0.05305
155,0.03994,0.02424,0.11054,0.11250,0.02193,0.02245,0.04329,0.14111,0.02458,0.03878,0.01947,0.05580,0.01899,0.06852,0.00293,0.05472,0.08698,0.09081,0.01415,0.00828
156,0.02253,0.05641,0.02043,0.01460,0.02939,0.01021,0.02364,0.31863,0.03651,0.02129,0.02744,0.04644,0.01013,0.02437,0.00943,0.01155,0.02245,0.24615,0.01940,0.02899
157,0.04956,0.03293,0.15621,0.25382,0.07652,0.01750,0.02198,0.05682,0.02284,0.01345,0.04669,0.03136,0.01181,0.05214,0.00906,0.01324,0.01684,0.04288,0.03758,0.03674
158,0.01502,0.03627,0.15435,0.26890,0.04295,0.00178,0.02803,0.03751,0.10545,0.01264,0.04970,0.04829,0.01589,0.06728,0.01134,0.00879,0.01800,0.01527,0.02153,0.04103
159,0.08977,0.09074,0.01769,0.05028,0.05818,0.03632,0.01498,0.03326,0.03118,0.01559,0.03170,0.05363,0.01917,0.15701,0.00485,0.10326,0.08798,0.05615,0.03058,0.01767
160,0.01058,0.03229,0.03921,0.03406,0.03474,0.00833,0.02626,0.06113,0.05114,0.05022,0.04340,0.06124,0.06477,0.04090,0.31151,0.01394,0.02120,0.01210,0.02483,0.05815
161,0.05549,0.14627,0.03396,0.17755,0.03323,0.00745,0.01809,0.00710,0.06006,0.00841,0.03298,0.02539,0.00754,0.02607,0.01337,0.07913,0.19078,0.01095,0.03015,0.03603
162,0.11284,0.03344,0.04034,0.08795,0.03468,0.01613,0.05645,0.10757,0.03567,0.10857,0.05427,0.07641,0.00822,0.04578,0.00706,0.01412,0.02579,0.08152,0.03553,0.01765
163,0.05456,0.06994,0.01063,0.00622,0.02657,0.03367,0.09353,0.03738,0.11899,0.01675,0.04763,0.07034,0.00486,0.07758,0.12777,0.07765,0.03647,0.01934,0.00967,0.06045
164,0.18089,0.12482,0.00870,0.00772,0.00751,0.01030,0.00922,0.09933,0.00914,0.06419,0.05382,0.05261,0.00254,0.01160,0.00188,0.08023,0.13124,0.13194,0.00461,0.00771
165,0.00475,0.07126,0.01166,0.01534,0.01310,0.00524,0.00997,0.14042,0.01316,0.24167,0.33567,0.01110,0.03653,0.00851,0.00660,0.00343,0.00524,0.04476,0.01081,0.01077
166,0.10756,0.06100,0.06296,0.08751,0.00414,0.09330,0.05113,0.00896,0.00747,0.00360,0.02920,0.07831,0.01744,0.08146,0.00826,0.11092,0.08189,0.00930,0.02707,0.06852
167,0.10765,0.11332,0.00851,0.00678,0.04992,0.00488,0.00839,0.10325,0.02654,0.08888,0.10670,0.02324,0.00396,0.00730,0.00897,0.06421,0.15863,0.08957,0.00511,0.01419
168,0.11051,0.14715,0.01458,0.00961,0.01816,0.01010,0.01560,0.13466,0.01515,0.15859,0.08098,0.01386,0.00425,0.01081,0.00466,0.00545,0.01061,0.20631,0.01389,0.01507
169,0.07514,0.05075,0.11604,0.10502,0.01817,0.09098,0.06235,0.01500,0.01137,0.00491,0.01051,0.09464,0.00398,0.04161,0.00314,0.11571,0.09173,0.04990,0.03021,0.00882
170,0.11675,0.06340,0.13787,0.06930,0.02761,0.06903,0.04118,0.01882,0.01608,0.00530,0.06237,0.00902,0.04455,0.01732,0.00358,0.08137,0.08410,0.01848,0.00960,0.10427
171,0.00869,0.09250,0.01718,0.01528,0.16408,0.00408,0.03449,0.02365,0.01689,0.01876,0.01384,0.01648,0.00914,0.01387,0.00956,0.00568,0.00851,0.00823,0.19566,0.32343
172,0.01262,0.02170,0.03111,0.02045,0.08831,0.00856,0.03970,0.08255,0.02325,0.32624,0.16294,0.03475,0.04447,0.01874,0.01476,0.01029,0.01012,0.00907,0.01559,0.02476
173,0.06740,0.03157,0.08211,0.17369,0.00827,0.05721,0.05519,0.00727,0.07894,0.00836,0.07254,0.06502,0.00353,0.07932,0.01167,0.06278,0.09256,0.02467,0.00690,0.01100
174,0.01518,0.02473,0.02752,0.00622,0.02907,0.01025,0.02248,0.04846,0.28932,0.01191,0.03987,0.08723,0.01167,0.02189,0.26147,0.01074,0.01115,0.01550,0.02620,0.02913
175,0.02033,0.03606,0.01435,0.01019,0.03939,0.04507,0.15697,0.04271,0.09267,0.01003,0.03240,0.08657,0.00733,0.06394,0.13832,0.08798,0.02837,0.00973,0.01380,0.06377
176,0.01608,0.04201,0.04089,0.05372,0.03851,0.02092,0.01932,0.03742,0.03227,0.05837,0.04026,0.02331,0.27966,0.11769,0.01278,0.00661,0.06767,0.01754,0.03248,0.04249
177,0.08053,0.03739,0.04187,0.05337,0.03747,0.11401,0.05293,0.01819,0.00855,0.04717,0.08972,0.02644,0.00969,0.04475,0.01437,0.07690,0.11379,0.06581,0.03154,0.03552
178,0.11793,0.03932,0.03902,0.10263,0.02224,0.10387,0.17156,0.03523,0.02042,0.00572,0.02795,0.04748,0.00553,0.03271,0.00405,0.06608,0.10499,0.01983,0.01229,0.02116
179,0.01389,0.05378,0.03299,0.03474,0.23613,0.01114,0.03999,0.02510,0.05738,0.03651,0.03951,0.03374,0.01845,0.03588,0.01310,0.00305,0.02008,0.00999,0.22374,0.06081
180,0.05872,0.29000,0.02021,0.02687,0.05688,0.02431,0.03493,0.02396,0.02136,0.00895,0.01942,0.03278,0.01686,0.03209,0.00278,0.02051,0.01348,0.12962,0.01556,0.15071
181,0.01277,0.02853,0.02745,0.06039,0.03925,0.01212,0.02392,0.26970,0.11804,0.02095,0.00931,0.01812,0.01562,0.04544,0.01079,0.01118,0.02350,0.17634,0.04693,0.02966
182,0.01600,0.03983,0.03097,0.06890,0.05234,0.01653,0.02115,0.03838,0.29345,0.01002,0.02222,0.10249,0.00998,0.05951,0.00451,0.01343,0.00785,0.01846,0.14346,0.03054
183,0.00962,0.04388,0.04371,0.02788,0.05909,0.01123,0.04262,0.15208,0.04143,0.06279,0.02718,0.03945,0.01259,0.02533,0.01259,0.01661,0.04039,0.24217,0.05046,0.03891
184,0.07050,0.06924,0.03996,0.03377,0.03870,0.07429,0.03704,0.04972,0.02046,0.14198,0.09856,0.08634,0.00906,0.05931,0.00407,0.03352,0.00746,0.01188,0.02566,0.08850
185,0.15991,0.10805,0.05315,0.08078,0.10164,0.03705,0.01241,0.02871,0.03432,0.01353,0.04058,0.05682,0.00924,0.03130,0.00765,0.09141,0.01770,0.08096,0.01079,0.02403
186,0.07516,0.04775,0.06750,0.02806,0.06291,0.01598,0.01651,0.06834,0.04824,0.00252,0.06514,0.04686,0.10875,0.14691,0.02344,0.00471,0.04609,0.02185,0.07082,0.03247
187,0.05450,0.00592,0.01894,0.05795,0.08040,0.04049,0.02676,0.08754,0.08275,0.02046,0.05942,0.02557,0.04696,0.10235,0.04834,0.02308,0.03326,0.02142,0.06139,0.10248
188,0.00228,0.02777,0.02534,0.05020,0.03239,0.01193,0.15553,0.06267,0.04063,0.01111,0.05043,0.06146,0.01789,0.03117,0.01998,0.10026,0.21228,0.01087,0.04301,0.03280
189,0.14478,0.11030,0.01512,0.01551,0.01963,0.13952,0.01497,0.11288,0.02082,0.00596,0.01843,0.05533,0.03233,0.01972,0.02745,0.16126,0.03855,0.00823,0.01909,0.02014
190,0.04077,0.04433,0.03575,0.14773,0.01682,0.04732,0.08123,0.06301,0.02243,0.01621,0.02415,0.13616,0.03899,0.03530,0.00290,0.06221,0.08622,0.07587,0.01183,0.01077
191,0.10652,0.08137,0.03207,0.03019,0.03330,0.05794,0.03720,0.02560,0.01672,0.11448,0.23269,0.03204,0.01785,0.02656,0.01099,0.01161,0.06978,0.00377,0.02463,0.03468
192,0.01939,0.04827,0.05987,0.03850,0.04488,0.01529,0.07153,0.13828,0.02890,0.03145,0.26644,0.06260,0.01385,0.04156,0.01141,0.01230,0.01460,0.01658,0.01881,0.04548
193,0.06239,0.04749,0.02746,0.34948,0.04454,0.00277,0.05156,0.06280,0.01263,0.01600,0.04821,0.05017,0.01804,0.04529,0.01425,0.01764,0.01938,0.01624,0.04234,0.05131
194,0.07142,0.08779,0.00747,0.04726,0.11814,0.00857,0.04397,0.01130,0.01962,0.03580,0.06329,0.06404,0.00147,0.23632,0.01432,0.02582,0.06241,0.01113,0.01706,0.05279
195,0.01180,0.02476,0.02943,0.01890,0.04526,0.00676,0.03141,0.22610,0.01928,0.16707,0.14437,0.02394,0.00775,0.02360,0.00511,0.00866,0.00605,0.15953,0.01388,0.02634
196,0.07838,0.10538,0.06553,0.11785,0.05708,0.02949,0.05381,0.01647,0.00385,0.05169,0.04043,0.05081,0.00360,0.05302,0.00293,0.12992,0.00561,0.00703,0.02260,0.10453
197,0.02887,0.03085,0.02079,0.01916,0.03640,0.01977,0.01380,0.05700,0.13116,0.10063,0.06042,0.03079,0.00456,0.11766,0.23412,0.01218,0.00920,0.02381,0.01721,0.03161
198,0.01002,0.02919,0.02875,0.02307,0.06270,0.00597,0.02088,0.03509,0.02445,0.27334,0.24513,0.03318,0.01895,0.03301,0.00456,0.00863,0.01216,0.00849,0.02494,0.09749
199,0.06917,0.13923,0.00705,0.01069,0.00940,0.00415,0.01547,0.08857,0.06406,0.03600,0.16160,0.00784,0.00249,0.10428,0.00586,0.03260,0.09192,0.12348,0.00917,0.01696
200,0.00684,0.12434,0.01736,0.01973,0.01617,0.00760,0.12149,0.02016,0.03174,0.01156,0.01801,0.01787,0.00354,0.01419,0.50457,0.01611,0.00632,0.00806,0.01653,0.01778
201,0.07719,0.03903,0.01231,0.01241,0.02298,0.00143,0.04153,0.02459,0.15908,0.02849,0.05568,0.04273,0.00425,0.11257,0.17822,0.06962,0.06438,0.02004,0.00662,0.02686
202,0.00678,0.03192,0.03259,0.02035,0.34311,0.01398,0.20143,0.01777,0.01863,0.00701,0.01953,0.06015,0.00458,0.04374,0.00485,0.00720,0.00724,0.01005,0.06620,0.08289
203,0.01931,0.02898,0.02457,0.05063,0.04411,0.35174,0.02579,0.03987,0.02656,0.01041,0.02915,0.03034,0.01076,0.02626,0.01891,0.01143,0.01511,0.08858,0.11206,0.03543
204,0.01271,0.03487,0.02785,0.09733,0.03746,0.39287,0.02486,0.04727,0.03346,0.01124,0.03708,0.03041,0.00973,0.03736,0.01745,0.01078,0.01699,0.05306,0.03272,0.03450
205,0.46040,0.06563,0.01080,0.00820,0.01193,0.10109,0.00731,0.01063,0.00836,0.00246,0.00860,0.00870,0.00285,0.00960,0.00167,0.07743,0.16556,0.02207,0.00643,0.01030
206,0.00359,0.00804,0.00768,0.01195,0.22594,0.00440,0.00506,0.29503,0.01024,0.16171,0.08615,0.00611,0.00194,0.00836,0.00308,0.01102,0.00340,0.11214,0.00911,0.02505
207,0.06165,0.01922,0.01786,0.02424,0.06982,0.01097,0.01321,0.18536,0.02813,0.04564,0.03790,0.01939,0.00362,0.01875,0.00591,0.00568,0.00806,0.36774,0.03648,0.02037
208,0.01084,0.02267,0.02526,0.03103,0.02999,0.01661,0.01724,0.08368,0.07134,0.00865,0.02489,0.02433,0.00642,0.02359,0.51245,0.00967,0.01061,0.01603,0.02867,0.02602
209,0.00344,0.05213,0.00971,0.00605,0.00913,0.00196,0.01276,0.16663,0.00682,0.34338,0.05687,0.01451,0.02073,0.00459,0.00185,0.02369,0.14266,0.10950,0.00640,0.00719
210,0.02135,0.02890,0.04527,0.25999,0.02492,0.01534,0.01131,0.03000,0.04821,0.00428,0.02936,0.02022,0.26096,0.04407,0.01429,0.00907,0.05920,0.01964,0.02836,0.02527
211,0.01895,0.04042,0.02565,0.01918,0.03970,0.00938,0.02946,0.06660,0.02549,0.32762,0.11681,0.03290,0.00567,0.01819,0.00694,0.02395,0.03171,0.11604,0.01464,0.03071
212,0.02289,0.07630,0.02566,0.03058,0.01390,0.01392,0.03198,0.02729,0.02806,0.01599,0.03308,0.03087,0.06175,0.02917,0.01042,0.36201,0.02078,0.01471,0.03604,0.11460
213,0.01175,0.11153,0.03391,0.03573,0.03633,0.00932,0.00917,0.03212,0.03155,0.04475,0.03201,0.02390,0.02927,0.03066,0.41828,0.02624,0.01193,0.01238,0.03135,0.02782
214,0.01371,0.03689,0.01545,0.03771,0.03961,0.01427,0.01498,0.03192,0.04863,0.00932,0.04824,0.53108,0.00767,0.03038,0.00844,0.01651,0.01468,0.02929,0.02752,0.02368
215,0.11053,0.01496,0.01147,0.03018,0.03998,0.04513,0.01194,0.01872,0.02417,0.00543,0.02121,0.01543,0.02992,0.01824,0.00459,0.19934,0.28288,0.02465,0.01304,0.07819
216,0.07562,0.22571,0.02216,0.02871,0.01668,0.07551,0.01346,0.02609,0.01684,0.00518,0.02503,0.08769,0.00599,0.01780,0.00575,0.12150,0.18833,0.01110,0.01797,0.01290
217,0.04587,0.05281,0.02033,0.01634,0.01604,0.12466,0.28057,0.01648,0.01497,0.08055,0.19156,0.02953,0.00714,0.01382,0.03269,0.01635,0.00611,0.00760,0.01417,0.01242
218,0.02515,0.03577,0.08164,0.44552,0.02755,0.01624,0.01987,0.03022,0.08264,0.00728,0.03803,0.02433,0.00655,0.06946,0.00903,0.00687,0.00968,0.01069,0.02542,0.02805
219,0.00842,0.02579,0.02363,0.02605,0.01769,0.01002,0.01401,0.09934,0.01595,0.12662,0.35740,0.02470,0.00600,0.01550,0.00481,0.00674,0.03616,0.14422,0.01976,0.01720
220,0.00703,0.00624,0.01142,0.01664,0.31307,0.00707,0.01887,0.01385,0.01529,0.00803,0.06446,0.00970,0.00498,0.01504,0.00453,0.00357,0.00519,0.00875,0.01769,0.44858
221,0.01186,0.09413,0.02273,0.02134,0.02046,0.04009,0.01827,0.02167,0.02059,0.03568,0.01441,0.01913,0.00792,0.02157,0.03574,0.02041,0.00817,0.00896,0.42850,0.12838
222,0.03962,0.11458,0.01661,0.02028,0.03904,0.00771,0.02733,0.22921,0.03237,0.00540,0.02298,0.02366,0.01994,0.01950,0.00726,0.00865,0.01181,0.31424,0.01728,0.02254
223,0.00732,0.05410,0.01438,0.01431,0.09259,0.06213,0.00913,0.01634,0.10556,0.00421,0.01557,0.21113,0.00833,0.01438,0.00608,0.29190,0.03160,0.00691,0.01336,0.02067
224,0.07989,0.06618,0.10543,0.06637,0.00483,0.01925,0.07819,0.01460,0.03628,0.01305,0.06774,0.20755,0.00049,0.06029,0.02467,0.06545,0.04383,0.01793,0.00794,0.02004
