site,A,C,D,E,F,G,H,I,K,L,M,N,P,Q,R,S,T,V,W,Y
111,0.03528,0.12260,0.07434,0.40276,0.02326,0.01062,0.01855,0.01868,0.01176,0.00704,0.02218,0.02493,0.01245,0.01785,0.00785,0.13609,0.01273,0.00762,0.01754,0.01588
112,0.02671,0.06133,0.12458,0.32539,0.01628,0.05193,0.01341,0.02691,0.05781,0.02776,0.05883,0.03313,0.01061,0.03327,0.00443,0.05295,0.02571,0.02635,0.01151,0.01111
113,0.00758,0.02086,0.02028,0.02688,0.03083,0.00786,0.06132,0.03082,0.02677,0.04142,0.03117,0.02128,0.55938,0.02880,0.00796,0.01254,0.01198,0.01108,0.01805,0.02312
114,0.07228,0.08609,0.01693,0.02896,0.02033,0.00398,0.02299,0.12428,0.04797,0.11726,0.15457,0.01549,0.00668,0.04305,0.01288,0.02416,0.05396,0.10195,0.01286,0.03333
115,0.04996,0.06604,0.01583,0.01645,0.05943,0.03303,0.11303,0.03392,0.01972,0.14306,0.07817,0.08320,0.01779,0.07437,0.02281,0.03222,0.01920,0.04305,0.04455,0.03417
116,0.02818,0.02076,0.01665,0.01323,0.04631,0.00252,0.03691,0.03365,0.01337,0.03613,0.09113,0.02665,0.00896,0.02502,0.00461,0.00726,0.39409,0.14601,0.02791,0.02065
117,0.01207,0.03647,0.02518,0.12051,0.04492,0.00678,0.02078,0.05592,0.10377,0.03748,0.02865,0.06199,0.02826,0.28430,0.02870,0.01959,0.01917,0.01161,0.01924,0.03462
118,0.01220,0.02816,0.02974,0.03209,0.03774,0.06808,0.02576,0.08508,0.03703,0.01271,0.02751,0.02336,0.01706,0.07248,0.02238,0.32564,0.07289,0.01175,0.02301,0.03534
119,0.02469,0.02599,0.02345,0.03239,0.04823,0.01613,0.07633,0.04798,0.03158,0.01050,0.03908,0.05953,0.02324,0.03262,0.01140,0.01863,0.05383,0.01318,0.02678,0.38444
120,0.02510,0.04013,0.03198,0.02521,0.04376,0.36102,0.04615,0.04247,0.02939,0.01072,0.03960,0.03154,0.01645,0.03553,0.02164,0.01241,0.01921,0.05901,0.07097,0.03772
121,0.01779,0.07213,0.03325,0.02500,0.04583,0.00845,0.03718,0.03626,0.04781,0.03420,0.05141,0.04002,0.01631,0.03998,0.02703,0.02298,0.02502,0.01233,0.36849,0.03854
122,0.02159,0.04223,0.00516,0.03149,0.04565,0.00832,0.02468,0.04667,0.06420,0.01693,0.04249,0.36643,0.02147,0.04718,0.01139,0.03954,0.06700,0.01711,0.02772,0.05278
123,0.02453,0.03878,0.04579,0.03539,0.03196,0.01587,0.03499,0.42754,0.02870,0.06595,0.02123,0.03511,0.02207,0.03986,0.01659,0.01273,0.00803,0.03168,0.03066,0.03256
124,0.08564,0.18462,0.01791,0.00875,0.02688,0.00423,0.01240,0.08887,0.01381,0.00918,0.03060,0.01114,0.00645,0.01407,0.00398,0.01839,0.24097,0.19931,0.01078,0.01202
125,0.00917,0.01782,0.02261,0.02159,0.03021,0.00519,0.10823,0.03613,0.08481,0.02120,0.02589,0.02845,0.01768,0.02461,0.43033,0.05051,0.01261,0.00875,0.01275,0.03147
126,0.01135,0.02254,0.01695,0.01563,0.01295,0.00571,0.01154,0.05870,0.02999,0.23197,0.38208,0.01753,0.00299,0.01960,0.00806,0.00720,0.02228,0.01202,0.02568,0.08523
127,0.00793,0.01520,0.01896,0.02057,0.02938,0.02805,0.02306,0.04892,0.22524,0.01286,0.04209,0.07585,0.00928,0.09381,0.20206,0.02771,0.07218,0.01569,0.01265,0.01850
128,0.18887,0.03086,0.02912,0.03257,0.02246,0.10196,0.01393,0.05676,0.02189,0.00653,0.02778,0.03384,0.03445,0.01618,0.01841,0.18947,0.12365,0.02089,0.01327,0.01712
129,0.05935,0.02193,0.05654,0.07392,0.05581,0.08495,0.07682,0.01154,0.03642,0.05647,0.04700,0.04936,0.07084,0.07535,0.06469,0.06416,0.02739,0.00839,0.01219,0.04688
130,0.04474,0.08927,0.01039,0.01484,0.01990,0.00697,0.15559,0.13172,0.03083,0.02873,0.02932,0.04095,0.00241,0.05490,0.02504,0.06019,0.07678,0.06089,0.07353,0.04300
131,0.01233,0.02625,0.37300,0.09347,0.04097,0.02439,0.02861,0.03994,0.03880,0.01324,0.05430,0.06088,0.01275,0.03138,0.01005,0.01000,0.01893,0.01745,0.03944,0.05380
132,0.13470,0.18687,0.00782,0.01114,0.05982,0.00260,0.01999,0.06819,0.02280,0.05865,0.03316,0.01739,0.00586,0.02919,0.00453,0.04000,0.10794,0.15767,0.01401,0.01767
133,0.01733,0.09660,0.00891,0.00739,0.15657,0.01415,0.13210,0.02360,0.01521,0.04498,0.06232,0.15925,0.00577,0.04727,0.00552,0.02102,0.06738,0.00661,0.02460,0.08343
134,0.01648,0.02015,0.03576,0.04330,0.04329,0.01266,0.27081,0.02324,0.03309,0.01962,0.02994,0.05295,0.00891,0.05597,0.11710,0.00870,0.01113,0.02143,0.05667,0.11877
135,0.07741,0.09805,0.01321,0.01049,0.06091,0.02036,0.06795,0.07492,0.03614,0.03396,0.06927,0.06538,0.00269,0.08097,0.04150,0.07701,0.05890,0.04304,0.01076,0.05708
136,0.12291,0.04590,0.03856,0.04819,0.04123,0.06379,0.07034,0.03555,0.04755,0.01275,0.03224,0.05314,0.13010,0.03774,0.00694,0.06220,0.01191,0.04395,0.03295,0.06204
137,0.06256,0.08276,0.09576,0.02241,0.06254,0.02233,0.02859,0.06097,0.05150,0.02997,0.06097,0.04399,0.00769,0.03940,0.01852,0.08415,0.09378,0.01126,0.06128,0.05956
138,0.07943,0.02465,0.11708,0.17956,0.04300,0.04236,0.02959,0.04803,0.00583,0.02616,0.07435,0.04954,0.01558,0.08373,0.00638,0.05721,0.02232,0.02090,0.02113,0.05320
139,0.07107,0.03267,0.00929,0.00413,0.02407,0.07237,0.04184,0.01711,0.02447,0.02993,0.05808,0.08707,0.05619,0.08627,0.09684,0.11788,0.07117,0.04688,0.01312,0.03956
140,0.07853,0.07570,0.01017,0.01140,0.01446,0.00250,0.24397,0.03406,0.01457,0.12640,0.08196,0.03164,0.00676,0.01612,0.01360,0.07045,0.05453,0.09956,0.00241,0.01121
141,0.01454,0.02710,0.27392,0.03364,0.02434,0.01666,0.02382,0.03093,0.04532,0.01105,0.03921,0.01961,0.01203,0.04719,0.01741,0.01096,0.01285,0.00920,0.05299,0.27723
142,0.02255,0.13832,0.02417,0.03035,0.02935,0.01135,0.02104,0.03937,0.02019,0.00661,0.02504,0.03284,0.01056,0.02870,0.01108,0.00798,0.19422,0.28149,0.04106,0.02373
143,0.01696,0.02547,0.02851,0.02105,0.08149,0.00939,0.03192,0.17067,0.02724,0.19443,0.04872,0.03489,0.00596,0.01516,0.00605,0.01123,0.01461,0.18637,0.02116,0.04872
144,0.01011,0.01684,0.02870,0.02055,0.20160,0.00768,0.02072,0.04418,0.02313,0.27011,0.08098,0.02634,0.01962,0.02234,0.00776,0.00798,0.01238,0.14224,0.01665,0.02011
145,0.13411,0.27971,0.01914,0.01844,0.05443,0.00464,0.02334,0.02366,0.02218,0.00850,0.02374,0.03575,0.01136,0.03760,0.03534,0.03352,0.01287,0.16385,0.01086,0.04697
146,0.00858,0.02312,0.26511,0.01864,0.04096,0.01898,0.14639,0.04634,0.04709,0.01082,0.02969,0.12309,0.01629,0.05605,0.00950,0.00855,0.01460,0.03528,0.01425,0.06667
147,0.01344,0.02212,0.03592,0.02845,0.03189,0.01005,0.02574,0.31515,0.02682,0.10382,0.08566,0.02995,0.01449,0.02332,0.00792,0.01546,0.01131,0.14757,0.01914,0.03181
148,0.02227,0.13485,0.11485,0.02357,0.01495,0.42100,0.03099,0.02035,0.02565,0.00651,0.01869,0.02217,0.01481,0.02584,0.00895,0.02168,0.01319,0.02012,0.01762,0.02193
149,0.02688,0.02432,0.07606,0.53630,0.02275,0.03091,0.04830,0.02973,0.01360,0.00670,0.02533,0.02652,0.01279,0.03016,0.00893,0.00837,0.01240,0.01879,0.01517,0.02597
150,0.07861,0.12528,0.03340,0.17322,0.00361,0.06000,0.04543,0.00427,0.11074,0.00777,0.05031,0.03547,0.00244,0.10988,0.04565,0.06098,0.03019,0.01607,0.00204,0.00463
151,0.37603,0.04956,0.01610,0.00915,0.01230,0.11594,0.01133,0.01463,0.01394,0.01662,0.03541,0.01263,0.01891,0.01236,0.00327,0.17800,0.03989,0.04320,0.00675,0.01400
152,0.13215,0.06313,0.00962,0.00777,0.01858,0.12920,0.04460,0.00938,0.01350,0.00373,0.01381,0.19448,0.04340,0.07209,0.00313,0.12262,0.06371,0.01045,0.00697,0.03765
153,0.02325,0.02841,0.00960,0.00736,0.03518,0.06438,0.05369,0.17526,0.01010,0.08864,0.12692,0.01526,0.00691,0.02770,0.00532,0.12888,0.04236,0.11870,0.00867,0.02341
154,0.09176,0.09548,0.01923,0.01879,0.03903,0.05905,0.09803,0.01168,0.01496,0.02204,0.02386,0.06305,0.10582,0.00923,0.00804,0.11953,0.05505,0.05412,0.03355,0.05769
155,0.03562,0.03721,0.11136,0.11497,0.02193,0.02013,0.04117,0.14225,0.02240,0.04522,0.02807,0.04932,0.01832,0.06109,0.00266,0.05508,0.07791,0.09624,0.01154,0.00753
156,0.03900,0.04471,0.01848,0.01999,0.02681,0.00755,0.02136,0.33534,0.03299,0.03257,0.01794,0.04221,0.00912,0.02208,0.00852,0.01041,0.01749,0.24996,0.01743,0.02603
157,0.06306,0.03089,0.15153,0.26843,0.07177,0.04651,0.02053,0.05154,0.01461,0.01250,0.04387,0.02958,0.01098,0.04926,0.00846,0.01239,0.01579,0.02909,0.03500,0.03423
158,0.01564,0.03497,0.12140,0.29160,0.04060,0.00170,0.02694,0.03587,0.11458,0.01193,0.05644,0.04555,0.01513,0.07570,0.01085,0.00919,0.01724,0.01453,0.02058,0.03957
159,0.08585,0.09134,0.01851,0.05715,0.04941,0.03724,0.01343,0.01955,0.03178,0.02304,0.03084,0.04630,0.01910,0.16427,0.00537,0.11022,0.09042,0.06163,0.02736,0.01721
160,0.00987,0.03032,0.03642,0.03179,0.03251,0.01245,0.02445,0.05725,0.04782,0.04174,0.04036,0.05748,0.06081,0.06749,0.32865,0.01306,0.01981,0.01124,0.02167,0.05481
161,0.04821,0.15156,0.03179,0.18396,0.03104,0.00695,0.01691,0.00664,0.06837,0.00785,0.03075,0.02375,0.00925,0.02440,0.01258,0.07165,0.20223,0.01024,0.02815,0.03370
162,0.10736,0.02779,0.02891,0.11416,0.03616,0.01612,0.07725,0.10716,0.03191,0.10933,0.06556,0.06143,0.00856,0.03488,0.01013,0.01266,0.02274,0.08048,0.03156,0.01584
163,0.05640,0.06121,0.00996,0.00580,0.02588,0.03489,0.10290,0.02894,0.11466,0.01917,0.04906,0.06553,0.00453,0.07837,0.13448,0.07351,0.04271,0.01966,0.00904,0.06331
164,0.18209,0.12534,0.00775,0.00714,0.00668,0.00705,0.00821,0.09094,0.00814,0.06656,0.05974,0.05872,0.00226,0.01499,0.00168,0.08196,0.12795,0.13183,0.00411,0.00687
165,0.00414,0.05911,0.01015,0.01335,0.05167,0.00458,0.01083,0.13329,0.01151,0.23396,0.33866,0.00965,0.03487,0.00737,0.00694,0.00299,0.00456,0.04354,0.00940,0.00942
166,0.10967,0.05458,0.06399,0.08600,0.00571,0.08942,0.05238,0.00778,0.00986,0.00581,0.03006,0.08152,0.02082,0.08649,0.00726,0.10831,0.08520,0.01087,0.01765,0.06662
167,0.10806,0.12080,0.00774,0.00617,0.04612,0.00580,0.00763,0.09890,0.02387,0.08291,0.10917,0.02861,0.00360,0.00621,0.00665,0.06497,0.16483,0.08655,0.00465,0.01677
168,0.11433,0.14203,0.01267,0.00950,0.01585,0.00739,0.01373,0.16346,0.01322,0.16380,0.07228,0.01216,0.00372,0.00942,0.00407,0.00475,0.01080,0.20158,0.01212,0.01311
169,0.07804,0.05858,0.11352,0.10996,0.01594,0.08967,0.07751,0.01316,0.01245,0.00382,0.00923,0.08893,0.00350,0.04037,0.00243,0.11009,0.08439,0.05257,0.02811,0.00774
170,0.11799,0.06356,0.14284,0.07676,0.02717,0.06648,0.03915,0.01734,0.01481,0.00487,0.04983,0.01343,0.04252,0.02681,0.00331,0.08519,0.07611,0.01794,0.00886,0.10502
171,0.00752,0.08961,0.01483,0.01324,0.19377,0.00420,0.02975,0.02062,0.01458,0.01797,0.01196,0.01426,0.00792,0.01199,0.00536,0.00577,0.00735,0.00708,0.19046,0.33177
172,0.00801,0.02047,0.02888,0.01911,0.06157,0.00807,0.03556,0.11691,0.02175,0.34604,0.17546,0.03284,0.03165,0.01759,0.01078,0.00960,0.00944,0.00854,0.01464,0.02310
173,0.07020,0.02947,0.08710,0.17461,0.00738,0.05612,0.05616,0.00779,0.06560,0.00944,0.07102,0.07264,0.00316,0.08057,0.01336,0.06272,0.09272,0.02494,0.00617,0.00883
174,0.01383,0.02258,0.02545,0.03178,0.02678,0.00942,0.02073,0.04489,0.29977,0.01087,0.03641,0.07035,0.01071,0.02815,0.26359,0.00981,0.01014,0.01430,0.02393,0.02650
175,0.02275,0.04264,0.01358,0.01115,0.03592,0.02887,0.17134,0.03765,0.09763,0.00986,0.02413,0.08705,0.00695,0.06229,0.15170,0.08023,0.02968,0.01051,0.01592,0.06016
176,0.01539,0.04022,0.03906,0.05103,0.03695,0.02016,0.01851,0.03556,0.03113,0.04468,0.03842,0.02221,0.31125,0.13566,0.01225,0.00995,0.04927,0.01688,0.03104,0.04037
177,0.08507,0.04076,0.03994,0.05119,0.03485,0.11500,0.05768,0.01556,0.00763,0.04788,0.09382,0.02045,0.01121,0.05275,0.01998,0.07161,0.10735,0.05854,0.03124,0.03749
178,0.12011,0.03391,0.04906,0.10359,0.01967,0.09726,0.16821,0.03149,0.01795,0.00510,0.02615,0.05867,0.00469,0.02999,0.00360,0.07660,0.09312,0.02733,0.01091,0.02259
179,0.01353,0.04399,0.03208,0.03362,0.26435,0.01085,0.03881,0.02431,0.05596,0.03746,0.03834,0.03274,0.01790,0.03492,0.01271,0.01130,0.01953,0.00971,0.21851,0.04937
180,0.08413,0.32245,0.01978,0.02629,0.04966,0.01783,0.03413,0.02339,0.02084,0.00874,0.01902,0.03201,0.01649,0.03136,0.00346,0.01380,0.01315,0.15015,0.01366,0.09966
181,0.01237,0.02715,0.02638,0.05801,0.03796,0.01175,0.02285,0.29551,0.09600,0.02193,0.00889,0.01744,0.01500,0.04394,0.01271,0.01074,0.01779,0.19021,0.04493,0.02844
182,0.01552,0.03867,0.02993,0.05410,0.05075,0.01610,0.02054,0.03725,0.32903,0.00971,0.02766,0.10647,0.00971,0.03982,0.00430,0.01304,0.01159,0.01797,0.13834,0.02951
183,0.00571,0.03801,0.03781,0.02648,0.05128,0.00974,0.03692,0.19947,0.03595,0.05669,0.06557,0.03419,0.01091,0.02192,0.01090,0.01441,0.03199,0.23443,0.04381,0.03379
184,0.07490,0.07138,0.03605,0.04463,0.03480,0.07818,0.04525,0.04090,0.01840,0.14147,0.08900,0.08539,0.00599,0.05937,0.00490,0.04058,0.01195,0.01233,0.02327,0.08127
185,0.18223,0.11486,0.04945,0.07572,0.09736,0.03917,0.01168,0.02700,0.03204,0.01257,0.03781,0.05502,0.00864,0.02939,0.00865,0.09230,0.01882,0.07861,0.00931,0.01937
186,0.08105,0.04473,0.06833,0.02627,0.06321,0.01498,0.01540,0.06627,0.04518,0.00374,0.06530,0.04391,0.11492,0.14955,0.02337,0.00397,0.04842,0.02042,0.07068,0.03030
187,0.05408,0.01249,0.01880,0.05775,0.06338,0.04014,0.01926,0.08683,0.08545,0.02023,0.05836,0.02533,0.04839,0.10794,0.05159,0.01939,0.03304,0.02136,0.06036,0.11583
188,0.00446,0.02639,0.02416,0.04773,0.03082,0.01133,0.15310,0.04211,0.03889,0.01059,0.04825,0.07680,0.02243,0.02972,0.02258,0.09946,0.22899,0.01032,0.04077,0.03110
189,0.15559,0.13195,0.01358,0.01396,0.01767,0.15352,0.01341,0.09255,0.01886,0.00537,0.01658,0.04160,0.03475,0.01774,0.02295,0.16380,0.04338,0.00740,0.01719,0.01814
190,0.04239,0.04723,0.03554,0.14764,0.02417,0.04677,0.06704,0.06102,0.02769,0.01516,0.02405,0.15149,0.03474,0.03244,0.00578,0.06111,0.08550,0.06964,0.01036,0.01025
191,0.10032,0.09333,0.02912,0.02700,0.03002,0.05547,0.03325,0.02409,0.01499,0.12473,0.23510,0.03125,0.01608,0.02414,0.00907,0.01696,0.07834,0.00337,0.02234,0.03103
192,0.01957,0.04876,0.06017,0.03883,0.04531,0.01545,0.06516,0.11032,0.02914,0.02662,0.30632,0.06315,0.01396,0.03923,0.01075,0.01241,0.01042,0.01965,0.01897,0.04578
193,0.03866,0.04396,0.02506,0.36895,0.04065,0.00253,0.04724,0.05757,0.04742,0.01463,0.04410,0.04602,0.01653,0.05316,0.01302,0.01616,0.01778,0.02077,0.03887,0.04693
194,0.07443,0.07872,0.00724,0.05149,0.12389,0.00743,0.04379,0.00960,0.01623,0.03351,0.06030,0.06641,0.00254,0.23823,0.01214,0.02288,0.06915,0.01383,0.01646,0.05173
195,0.01145,0.02853,0.02677,0.01727,0.05909,0.00612,0.02871,0.22934,0.01527,0.16527,0.14709,0.02180,0.00701,0.02121,0.00465,0.00783,0.00890,0.15747,0.01249,0.02372
196,0.07431,0.09203,0.09820,0.11784,0.05869,0.02016,0.05044,0.01472,0.00714,0.05556,0.03988,0.04708,0.00320,0.06734,0.00262,0.12359,0.00504,0.00471,0.02079,0.09667
197,0.03434,0.03151,0.02085,0.01928,0.03828,0.02282,0.01296,0.05551,0.12060,0.10794,0.06186,0.03122,0.00557,0.06350,0.26824,0.01179,0.00925,0.03522,0.01732,0.03196
198,0.00931,0.02707,0.02679,0.02144,0.04786,0.00555,0.01941,0.03270,0.02269,0.28728,0.22838,0.03076,0.01668,0.03063,0.00657,0.00802,0.01130,0.01109,0.02695,0.12952
199,0.07252,0.12374,0.00644,0.01084,0.00853,0.00378,0.00976,0.10330,0.05801,0.03874,0.16540,0.00714,0.00226,0.10631,0.01244,0.02858,0.10521,0.11436,0.00917,0.01349
200,0.00650,0.10128,0.01648,0.01874,0.01535,0.00709,0.12061,0.01910,0.02841,0.01204,0.01707,0.01693,0.00336,0.01346,0.54152,0.01592,0.00599,0.00764,0.01567,0.01683
201,0.07813,0.03034,0.01099,0.01101,0.01899,0.00247,0.04516,0.02241,0.17336,0.02599,0.06579,0.04541,0.00378,0.10374,0.17811,0.06537,0.06468,0.02043,0.01189,0.02194
202,0.00660,0.03160,0.02544,0.01975,0.33464,0.01363,0.22330,0.01735,0.01816,0.00685,0.01904,0.07139,0.00625,0.03259,0.00386,0.00702,0.00706,0.00977,0.06388,0.08183
203,0.02107,0.02825,0.02396,0.02964,0.04315,0.39212,0.02505,0.03883,0.02585,0.01017,0.02848,0.02963,0.01045,0.02558,0.02466,0.01117,0.01471,0.08269,0.09992,0.03460
204,0.01209,0.03308,0.02659,0.08640,0.03569,0.42562,0.02365,0.04494,0.03182,0.01068,0.03525,0.02896,0.00926,0.03555,0.01664,0.01026,0.01617,0.05353,0.03089,0.03292
205,0.47969,0.06436,0.00982,0.00567,0.01080,0.10378,0.00664,0.00965,0.00759,0.00224,0.00781,0.00791,0.00259,0.00872,0.00142,0.07858,0.15874,0.01882,0.00585,0.00932
206,0.00314,0.00704,0.00672,0.01045,0.24151,0.00385,0.00441,0.29357,0.00899,0.15898,0.08921,0.00534,0.00170,0.00733,0.00270,0.00919,0.00298,0.11221,0.00796,0.02272
207,0.05607,0.01992,0.01778,0.02258,0.05918,0.01017,0.01233,0.18875,0.02632,0.04940,0.03569,0.01823,0.00339,0.01760,0.00556,0.00531,0.00760,0.39053,0.03445,0.01914
208,0.01015,0.02124,0.02352,0.02900,0.02807,0.01087,0.01610,0.08143,0.05657,0.00807,0.02325,0.02254,0.00597,0.02197,0.54159,0.02233,0.01099,0.01510,0.02686,0.02438
209,0.01299,0.05457,0.00868,0.00541,0.00816,0.00434,0.01144,0.15727,0.00610,0.33737,0.06844,0.01093,0.02098,0.00411,0.00166,0.02292,0.14255,0.10995,0.00572,0.00643
210,0.01939,0.02652,0.04134,0.26495,0.02296,0.01409,0.01037,0.02744,0.04470,0.00996,0.02699,0.01849,0.27121,0.05156,0.01512,0.00582,0.06299,0.01679,0.02610,0.02320
211,0.01501,0.03589,0.02256,0.02033,0.03423,0.00720,0.02593,0.07105,0.02244,0.32237,0.11959,0.02887,0.00498,0.02272,0.00611,0.01746,0.03567,0.14862,0.01188,0.02709
212,0.02162,0.05944,0.02535,0.03016,0.01378,0.01375,0.03158,0.02690,0.02765,0.01575,0.03267,0.03049,0.03924,0.02886,0.01029,0.40637,0.02614,0.01452,0.03557,0.10986
213,0.01080,0.09449,0.03109,0.03303,0.03327,0.01101,0.05993,0.02948,0.02906,0.03617,0.02941,0.02201,0.01895,0.02810,0.43173,0.02495,0.01096,0.01136,0.02877,0.02544
214,0.01249,0.03361,0.01152,0.03436,0.03605,0.01300,0.01364,0.02909,0.05159,0.00849,0.04393,0.54365,0.00699,0.02764,0.00768,0.04168,0.01128,0.02665,0.02508,0.02158
215,0.13134,0.01482,0.01044,0.02769,0.04196,0.05261,0.01095,0.01710,0.02203,0.00495,0.01932,0.01417,0.02595,0.01666,0.00418,0.20433,0.29018,0.02491,0.01182,0.05459
216,0.06293,0.20198,0.02114,0.02766,0.01617,0.07620,0.01451,0.02964,0.03243,0.00494,0.02818,0.09749,0.00508,0.01699,0.00549,0.11732,0.19953,0.01264,0.01734,0.01235
217,0.05107,0.04780,0.01715,0.01516,0.02022,0.13292,0.29335,0.01531,0.01392,0.07662,0.18825,0.03280,0.00650,0.01121,0.01883,0.01690,0.00565,0.00704,0.01313,0.01618
218,0.01576,0.03179,0.08148,0.44662,0.02469,0.03576,0.01771,0.02701,0.10689,0.00650,0.03397,0.02166,0.00585,0.06405,0.00807,0.00615,0.00865,0.00957,0.02266,0.02518
219,0.00818,0.02531,0.02287,0.02515,0.01720,0.00970,0.01362,0.05626,0.01550,0.14146,0.39386,0.02397,0.00581,0.01512,0.00531,0.00653,0.03704,0.14124,0.01919,0.01667
220,0.00629,0.00558,0.01024,0.01488,0.31616,0.00632,0.03507,0.01238,0.01368,0.00719,0.05752,0.01000,0.00445,0.01344,0.00405,0.00327,0.00463,0.00783,0.01582,0.45120
221,0.01137,0.09233,0.02179,0.02048,0.02360,0.02427,0.01750,0.02077,0.01972,0.03789,0.01380,0.01832,0.00759,0.02068,0.02350,0.01768,0.00783,0.00858,0.46711,0.12521
222,0.05745,0.10912,0.02643,0.01887,0.04176,0.00725,0.02513,0.20259,0.03040,0.00550,0.02144,0.02196,0.01886,0.01832,0.00678,0.00812,0.01104,0.33157,0.01616,0.02123
223,0.00704,0.05855,0.01386,0.01378,0.06092,0.05869,0.00878,0.01565,0.10637,0.00406,0.01504,0.20444,0.00978,0.01660,0.00606,0.31847,0.02848,0.00666,0.01277,0.03399
224,0.07944,0.06243,0.10285,0.06600,0.00583,0.01928,0.07704,0.01134,0.03933,0.01307,0.07135,0.20724,0.00044,0.06214,0.02550,0.06560,0.04646,0.01895,0.00848,0.01722
