site,A,C,D,E,F,G,H,I,K,L,M,N,P,Q,R,S,T,V,W,Y
111,0.02054,0.20682,0.08498,0.43051,0.01423,0.00386,0.01141,0.01144,0.03366,0.00432,0.01358,0.01532,0.00766,0.01095,0.00482,0.09245,0.00782,0.00513,0.01074,0.00975
112,0.04608,0.06147,0.10688,0.23259,0.00662,0.03082,0.01350,0.03962,0.04639,0.03704,0.08666,0.04430,0.01501,0.04723,0.01448,0.06327,0.05684,0.03658,0.00479,0.00982
113,0.00576,0.01504,0.01464,0.01938,0.02217,0.00566,0.03753,0.02222,0.01925,0.01781,0.02252,0.01537,0.69702,0.02070,0.00544,0.01205,0.00969,0.00798,0.01306,0.01671
114,0.06809,0.07188,0.00857,0.03264,0.02567,0.00200,0.02654,0.11201,0.05160,0.10783,0.13746,0.01348,0.00331,0.04307,0.01949,0.04910,0.07320,0.09599,0.02076,0.03732
115,0.06607,0.09930,0.00922,0.00817,0.04353,0.04681,0.08620,0.04374,0.01187,0.12302,0.07374,0.08250,0.02870,0.07663,0.02494,0.03610,0.02098,0.06006,0.02853,0.02988
116,0.02499,0.03153,0.01121,0.00943,0.03196,0.00222,0.02939,0.05552,0.00918,0.02186,0.10296,0.01931,0.00614,0.06623,0.00633,0.00772,0.32346,0.16899,0.05761,0.01396
117,0.00778,0.02909,0.01435,0.16771,0.02558,0.00387,0.01338,0.03193,0.09146,0.03898,0.01826,0.09988,0.01746,0.28474,0.06007,0.03965,0.01842,0.00665,0.01098,0.01978
118,0.00993,0.02514,0.02092,0.02303,0.02755,0.06521,0.01813,0.05679,0.02614,0.00901,0.01946,0.02644,0.01212,0.05109,0.01272,0.40497,0.14188,0.00819,0.01617,0.02511
119,0.01964,0.04646,0.01862,0.02584,0.03974,0.01291,0.01345,0.03846,0.02523,0.00837,0.03127,0.04314,0.01855,0.02585,0.00910,0.01965,0.04253,0.01056,0.02139,0.52922
120,0.01542,0.03173,0.02523,0.03322,0.03503,0.49981,0.03663,0.03345,0.02390,0.00845,0.03124,0.02508,0.01297,0.02751,0.01604,0.00976,0.01498,0.04138,0.04853,0.02964
121,0.01293,0.05375,0.02409,0.01819,0.04677,0.00613,0.04618,0.02630,0.03456,0.02250,0.03749,0.02928,0.01187,0.02908,0.02855,0.01475,0.01819,0.00899,0.47298,0.05740
122,0.01679,0.03246,0.02402,0.02426,0.03524,0.00649,0.01906,0.04589,0.05385,0.01304,0.03300,0.49349,0.01683,0.03693,0.00878,0.01771,0.03263,0.01307,0.02149,0.05497
123,0.05817,0.10714,0.02762,0.02142,0.01935,0.00960,0.02120,0.44679,0.01995,0.05951,0.02060,0.02120,0.01330,0.02441,0.01454,0.00772,0.00372,0.06564,0.01849,0.01965
124,0.08145,0.20306,0.00978,0.00583,0.01688,0.00175,0.00840,0.14179,0.00925,0.01445,0.03850,0.00745,0.00432,0.00929,0.00265,0.01032,0.18404,0.23556,0.00716,0.00806
125,0.01219,0.02117,0.01269,0.01223,0.01696,0.01788,0.03906,0.02029,0.24834,0.01426,0.01489,0.01906,0.01248,0.03094,0.42277,0.04201,0.01291,0.00491,0.00717,0.01780
126,0.00792,0.09725,0.01181,0.01073,0.02173,0.00393,0.00793,0.03114,0.02112,0.27738,0.35511,0.01183,0.00588,0.01378,0.00368,0.00493,0.01809,0.02001,0.01939,0.05638
127,0.02899,0.01572,0.01169,0.00338,0.01583,0.02728,0.03039,0.04788,0.21589,0.02229,0.02897,0.07839,0.00503,0.09168,0.18856,0.06373,0.07238,0.02688,0.01220,0.01285
128,0.14778,0.03979,0.03962,0.03544,0.01062,0.10277,0.00677,0.02825,0.06039,0.00427,0.03180,0.05948,0.04615,0.03350,0.03437,0.15708,0.12071,0.02681,0.00631,0.00810
129,0.07147,0.04481,0.07526,0.06340,0.03555,0.08808,0.06358,0.00684,0.05639,0.03625,0.03624,0.05733,0.06061,0.09310,0.06847,0.07016,0.01819,0.00634,0.00758,0.04034
130,0.05042,0.09143,0.00722,0.02280,0.02707,0.00393,0.11872,0.12435,0.03853,0.04073,0.04789,0.02113,0.00237,0.05701,0.02559,0.05421,0.08806,0.07449,0.05794,0.04611
131,0.00819,0.01710,0.44242,0.08104,0.02741,0.00942,0.01967,0.02715,0.02561,0.00882,0.03574,0.17459,0.00848,0.02078,0.00667,0.01091,0.01260,0.00785,0.02689,0.02865
132,0.13406,0.19711,0.00515,0.00733,0.03580,0.00148,0.01314,0.12130,0.01495,0.08496,0.02522,0.01143,0.00386,0.01921,0.00298,0.02337,0.09341,0.18442,0.00922,0.01160
133,0.01769,0.07275,0.00750,0.00826,0.15041,0.01012,0.11997,0.00725,0.00831,0.06987,0.08167,0.13907,0.00320,0.04591,0.00318,0.02070,0.07724,0.00611,0.03001,0.12077
134,0.01983,0.03963,0.01771,0.02129,0.04914,0.01852,0.23185,0.01895,0.03520,0.02388,0.02799,0.07678,0.00595,0.07227,0.11868,0.02776,0.02760,0.02535,0.05383,0.08779
135,0.06804,0.10947,0.00920,0.00942,0.06183,0.01099,0.05342,0.07887,0.04745,0.06174,0.08498,0.03881,0.00191,0.08955,0.03870,0.06572,0.06369,0.05045,0.00743,0.04836
136,0.13600,0.05165,0.02455,0.02651,0.02872,0.08991,0.17617,0.02264,0.03031,0.00811,0.02049,0.03825,0.11211,0.02395,0.00441,0.07038,0.01337,0.04307,0.02086,0.05855
137,0.07680,0.07809,0.05103,0.01541,0.07677,0.01873,0.01981,0.06446,0.03746,0.03151,0.06446,0.04266,0.02185,0.02829,0.03274,0.08770,0.12332,0.00880,0.06499,0.05513
138,0.06321,0.02778,0.10519,0.22807,0.03082,0.06545,0.02315,0.04900,0.01821,0.03423,0.05401,0.03299,0.01124,0.09381,0.00460,0.04190,0.02385,0.02958,0.01516,0.04774
139,0.06378,0.05958,0.00504,0.00229,0.02053,0.07382,0.03377,0.01566,0.04633,0.03036,0.06608,0.07108,0.05442,0.08518,0.10419,0.10858,0.06568,0.04002,0.00975,0.04385
140,0.06953,0.09270,0.00713,0.00800,0.01131,0.00212,0.22752,0.04387,0.01028,0.11919,0.06961,0.02052,0.00475,0.01140,0.00779,0.07998,0.06872,0.13999,0.00190,0.00371
141,0.01524,0.02282,0.40569,0.03720,0.02055,0.01609,0.02033,0.02610,0.03756,0.00947,0.03348,0.04395,0.01018,0.03930,0.01495,0.00892,0.01115,0.00721,0.04448,0.17532
142,0.01037,0.22074,0.01875,0.02232,0.02241,0.00847,0.01568,0.05649,0.01531,0.00496,0.01871,0.02973,0.01711,0.02156,0.00841,0.00607,0.25567,0.19928,0.03052,0.01744
143,0.01203,0.01854,0.02098,0.01499,0.13381,0.00679,0.02267,0.12217,0.01989,0.24515,0.03059,0.02535,0.01135,0.01537,0.01166,0.00800,0.01071,0.21897,0.01516,0.03583
144,0.00648,0.01077,0.01840,0.01317,0.24806,0.00493,0.01325,0.10125,0.01478,0.30354,0.07328,0.01691,0.00573,0.01725,0.00394,0.00512,0.00792,0.11167,0.01069,0.01286
145,0.18737,0.31643,0.01225,0.01184,0.03230,0.00345,0.01740,0.01511,0.01429,0.00549,0.01545,0.02302,0.00733,0.02392,0.01147,0.06932,0.00828,0.18713,0.01301,0.02514
146,0.01437,0.01980,0.40537,0.02000,0.03466,0.00286,0.10538,0.04056,0.04182,0.00937,0.02575,0.10459,0.01413,0.04812,0.00814,0.00733,0.01295,0.03300,0.01215,0.03966
147,0.00703,0.01119,0.01836,0.01456,0.01607,0.00510,0.01304,0.28055,0.01714,0.17074,0.19359,0.01502,0.00737,0.01176,0.00412,0.00784,0.00642,0.17413,0.00976,0.01621
148,0.02230,0.06386,0.08677,0.01886,0.01193,0.59312,0.02448,0.01634,0.02049,0.00519,0.01487,0.01758,0.01169,0.02032,0.00676,0.00998,0.01051,0.01354,0.01390,0.01754
149,0.01779,0.01743,0.04752,0.67024,0.01636,0.02850,0.03435,0.02110,0.01181,0.00478,0.01801,0.01924,0.00913,0.02187,0.00636,0.00598,0.00886,0.01131,0.01077,0.01859
150,0.09070,0.11001,0.04440,0.12215,0.00285,0.06895,0.04628,0.00342,0.08917,0.01558,0.04697,0.05704,0.00202,0.09764,0.03817,0.08843,0.04807,0.02274,0.00161,0.00377
151,0.33268,0.07390,0.01124,0.00637,0.00851,0.16949,0.00792,0.01016,0.01011,0.01366,0.03200,0.00876,0.01554,0.00862,0.00227,0.21417,0.02366,0.03651,0.00468,0.00976
152,0.12830,0.06310,0.00600,0.00484,0.03594,0.11205,0.05693,0.00578,0.00855,0.00234,0.00816,0.15248,0.07443,0.08903,0.00195,0.13607,0.07674,0.00790,0.00430,0.02511
153,0.03447,0.03818,0.01263,0.00347,0.02828,0.04536,0.06544,0.15701,0.00687,0.09140,0.14425,0.02399,0.00328,0.04075,0.00598,0.10729,0.04949,0.11207,0.00757,0.02223
154,0.09283,0.08958,0.01276,0.00994,0.05977,0.05488,0.10550,0.01156,0.01888,0.01486,0.01511,0.04794,0.10151,0.01056,0.01372,0.11709,0.05990,0.05442,0.03362,0.07554
155,0.05429,0.04101,0.07287,0.10054,0.02321,0.02475,0.05172,0.09610,0.02183,0.05089,0.05170,0.04842,0.03031,0.08471,0.01123,0.05615,0.07570,0.08299,0.01751,0.00408
156,0.01926,0.09078,0.01039,0.01559,0.01848,0.01280,0.02446,0.34833,0.01851,0.02933,0.04487,0.03369,0.00512,0.01246,0.00513,0.00657,0.03365,0.24621,0.00978,0.01461
157,0.06652,0.02522,0.10488,0.38598,0.05823,0.02725,0.01691,0.04293,0.03138,0.01030,0.03621,0.02474,0.00901,0.04563,0.00689,0.01014,0.01304,0.02877,0.02822,0.02774
158,0.06329,0.04658,0.08165,0.27951,0.02227,0.01560,0.01479,0.01961,0.04317,0.00662,0.04264,0.03943,0.00843,0.16013,0.00594,0.03660,0.05909,0.02174,0.01125,0.02167
159,0.06327,0.09168,0.03369,0.05543,0.04379,0.03828,0.03976,0.02611,0.04398,0.02481,0.06344,0.06291,0.00760,0.13753,0.01685,0.08570,0.07784,0.04344,0.02392,0.01997
160,0.00727,0.02268,0.02659,0.02340,0.02394,0.00739,0.01784,0.04227,0.08577,0.02968,0.02955,0.04353,0.03426,0.09004,0.42573,0.00969,0.01462,0.00819,0.01536,0.04219
161,0.03528,0.22677,0.02057,0.17413,0.01918,0.00527,0.01038,0.01121,0.03932,0.00489,0.01842,0.01488,0.00623,0.01526,0.00737,0.12911,0.21691,0.00634,0.01702,0.02147
162,0.10160,0.05697,0.02810,0.10609,0.03326,0.02739,0.05924,0.07808,0.03821,0.09671,0.11236,0.05133,0.00477,0.03906,0.01633,0.02632,0.03240,0.06265,0.01526,0.01387
163,0.06333,0.05265,0.00791,0.00317,0.01504,0.04521,0.10828,0.02462,0.12868,0.02329,0.05785,0.07644,0.00248,0.06671,0.12791,0.08391,0.04517,0.02363,0.01015,0.03358
164,0.14862,0.13340,0.00519,0.00550,0.00454,0.00486,0.00553,0.10264,0.00548,0.08117,0.07559,0.03327,0.00154,0.00798,0.00113,0.06054,0.15826,0.15737,0.00277,0.00460
165,0.00277,0.03587,0.00679,0.00893,0.03884,0.00306,0.00904,0.12633,0.00771,0.27246,0.38277,0.00647,0.01895,0.00493,0.00320,0.00200,0.00305,0.05421,0.00630,0.00631
166,0.08529,0.05199,0.07218,0.08962,0.00368,0.07280,0.06601,0.00382,0.03502,0.00427,0.02964,0.08200,0.01277,0.09211,0.03476,0.09375,0.09917,0.00812,0.01185,0.05115
167,0.10815,0.13315,0.00524,0.00413,0.02951,0.00474,0.01192,0.08948,0.01923,0.10451,0.12882,0.01563,0.00284,0.00546,0.00595,0.05906,0.16021,0.09333,0.00315,0.01548
168,0.12901,0.13892,0.00758,0.00819,0.00950,0.00564,0.00819,0.18321,0.00792,0.20110,0.04353,0.00726,0.00222,0.00564,0.00243,0.00285,0.01164,0.21003,0.00726,0.00786
169,0.08403,0.05817,0.09202,0.11058,0.00997,0.09613,0.09018,0.00945,0.02229,0.00531,0.00659,0.08592,0.00225,0.06885,0.00344,0.11608,0.07693,0.04098,0.01430,0.00651
170,0.10941,0.06318,0.10876,0.05755,0.02277,0.06717,0.05382,0.02054,0.00646,0.00316,0.05006,0.05153,0.05060,0.05068,0.00177,0.08079,0.07364,0.03506,0.01394,0.07910
171,0.00723,0.05161,0.01375,0.01291,0.17093,0.00306,0.02745,0.02158,0.01360,0.00875,0.01119,0.01365,0.00777,0.01145,0.00451,0.00512,0.00699,0.00636,0.33356,0.26854
172,0.00257,0.01428,0.02026,0.01348,0.04638,0.00563,0.02310,0.09362,0.01511,0.44649,0.20906,0.02279,0.02241,0.01209,0.00515,0.00671,0.00668,0.00597,0.01186,0.01636
173,0.09232,0.03264,0.08525,0.15347,0.00357,0.04128,0.05336,0.00446,0.03592,0.01741,0.06011,0.10421,0.00152,0.09232,0.02538,0.07295,0.09265,0.02280,0.00299,0.00540
174,0.00921,0.01507,0.01687,0.03257,0.01782,0.00649,0.01792,0.03897,0.35768,0.00728,0.02430,0.03614,0.00713,0.02836,0.32753,0.00657,0.00677,0.00950,0.01607,0.01777
175,0.02622,0.05086,0.00833,0.01054,0.02187,0.02073,0.17375,0.02260,0.07634,0.00917,0.02696,0.10498,0.00428,0.08230,0.16757,0.09038,0.03096,0.01323,0.01268,0.04627
176,0.01479,0.03754,0.03097,0.04073,0.02981,0.01555,0.01464,0.02942,0.02394,0.04515,0.03017,0.01753,0.45740,0.08760,0.00982,0.00778,0.03346,0.01639,0.02484,0.03247
177,0.09466,0.04558,0.03333,0.07012,0.02773,0.12688,0.05612,0.01554,0.00451,0.04566,0.06172,0.02859,0.00884,0.07977,0.01078,0.07581,0.11245,0.03973,0.01863,0.04354
178,0.11810,0.06167,0.03272,0.13893,0.01032,0.07641,0.16249,0.01651,0.00951,0.00269,0.04226,0.08317,0.00246,0.02203,0.00191,0.08076,0.08122,0.03869,0.00582,0.01233
179,0.00947,0.02507,0.02224,0.02279,0.33209,0.00757,0.02662,0.01652,0.03922,0.03125,0.02640,0.02244,0.01230,0.02427,0.00873,0.01326,0.01350,0.00672,0.25602,0.08353
180,0.11706,0.39498,0.01367,0.01805,0.02804,0.01005,0.02337,0.01609,0.01431,0.00605,0.01312,0.02227,0.01147,0.02166,0.01503,0.01243,0.00904,0.14603,0.01067,0.09662
181,0.00880,0.01860,0.01857,0.04071,0.02697,0.00831,0.01563,0.36881,0.05239,0.01314,0.01326,0.01220,0.01044,0.03112,0.00745,0.00751,0.00573,0.28937,0.03118,0.01981
182,0.01253,0.03010,0.02408,0.01696,0.03921,0.01264,0.01648,0.03005,0.47544,0.00767,0.02442,0.07331,0.00755,0.03280,0.02780,0.01035,0.01268,0.01418,0.10821,0.02353
183,0.01221,0.03816,0.02464,0.02237,0.03358,0.00652,0.02399,0.27296,0.02358,0.09879,0.03728,0.02227,0.00712,0.01429,0.00711,0.00942,0.02124,0.27373,0.02865,0.02209
184,0.05312,0.06164,0.02385,0.05307,0.02341,0.06132,0.07095,0.03405,0.01236,0.17198,0.13117,0.06762,0.00151,0.06744,0.00291,0.03518,0.01424,0.01592,0.01531,0.08295
185,0.15830,0.17687,0.04439,0.06586,0.06161,0.02417,0.01051,0.02386,0.02698,0.01277,0.03743,0.11437,0.00730,0.02577,0.00458,0.07172,0.01331,0.09002,0.01163,0.01857
186,0.05641,0.03793,0.09054,0.02290,0.07488,0.01256,0.01439,0.05864,0.03884,0.00822,0.07663,0.03691,0.18229,0.08961,0.01801,0.01193,0.04239,0.01818,0.08032,0.02844
187,0.04382,0.02370,0.01493,0.04648,0.08754,0.03345,0.00203,0.07353,0.08915,0.01643,0.04857,0.02067,0.03973,0.10953,0.05803,0.03085,0.02716,0.01735,0.05018,0.16685
188,0.00958,0.02135,0.01931,0.03777,0.02463,0.00916,0.12492,0.02363,0.03060,0.00847,0.03867,0.04988,0.01558,0.02381,0.02506,0.14568,0.32522,0.00830,0.03329,0.02508
189,0.15181,0.13673,0.01053,0.01047,0.01388,0.13814,0.01001,0.05721,0.01425,0.00409,0.01260,0.03328,0.05073,0.01328,0.01224,0.22276,0.07600,0.00550,0.01270,0.01378
190,0.04028,0.05633,0.03112,0.09593,0.02000,0.04977,0.06048,0.05251,0.05711,0.03385,0.04897,0.11391,0.03560,0.05515,0.02504,0.05352,0.08375,0.07370,0.00588,0.00708
191,0.16379,0.17698,0.01395,0.01283,0.01430,0.04106,0.01587,0.03182,0.00716,0.13489,0.19916,0.01778,0.00766,0.01159,0.00394,0.03142,0.07706,0.01334,0.01072,0.01468
192,0.01278,0.03201,0.04233,0.02511,0.08028,0.00990,0.05283,0.13263,0.02351,0.03587,0.35445,0.04101,0.00917,0.03141,0.00627,0.00811,0.03305,0.02053,0.01271,0.03605
193,0.02606,0.03136,0.02926,0.47700,0.02940,0.02693,0.03417,0.04171,0.03545,0.01044,0.03184,0.03315,0.01179,0.04945,0.00938,0.01153,0.01286,0.03640,0.02794,0.03389
194,0.07810,0.06564,0.00505,0.04555,0.10936,0.00495,0.04861,0.00943,0.03225,0.04894,0.07466,0.04482,0.00265,0.17641,0.02730,0.04387,0.08223,0.03295,0.01060,0.05662
195,0.00700,0.03241,0.01636,0.01071,0.08811,0.00374,0.01776,0.22357,0.01216,0.20352,0.15896,0.01350,0.00430,0.01294,0.00419,0.00477,0.00759,0.15632,0.00758,0.01453
196,0.05756,0.08729,0.12975,0.11332,0.06288,0.01485,0.04316,0.00906,0.01795,0.08767,0.04585,0.04910,0.00175,0.07226,0.00142,0.09449,0.00283,0.00229,0.02344,0.08308
197,0.02460,0.01958,0.01261,0.01170,0.03725,0.01565,0.00846,0.06790,0.20297,0.10431,0.04677,0.01909,0.00331,0.06320,0.28275,0.00752,0.00776,0.03255,0.01054,0.02149
198,0.00617,0.02745,0.01587,0.01269,0.10361,0.00328,0.01150,0.01934,0.01339,0.29875,0.23359,0.01818,0.00803,0.02288,0.00362,0.00473,0.00668,0.01584,0.02982,0.14458
199,0.05062,0.21859,0.00279,0.00464,0.00366,0.00177,0.00530,0.13916,0.02990,0.04003,0.13533,0.00307,0.00097,0.08024,0.01643,0.03101,0.11030,0.11589,0.00476,0.00553
200,0.00441,0.07869,0.01130,0.01277,0.01047,0.00759,0.11156,0.01310,0.02251,0.00835,0.01184,0.01167,0.00241,0.00926,0.64365,0.00882,0.00410,0.00524,0.01070,0.01157
201,0.06829,0.03488,0.00631,0.00618,0.01736,0.00221,0.08315,0.02657,0.17749,0.03104,0.06131,0.04129,0.00214,0.09799,0.17774,0.04731,0.05780,0.03235,0.00836,0.02023
202,0.00394,0.02309,0.01683,0.01194,0.28927,0.00804,0.23184,0.01211,0.01096,0.00341,0.01125,0.04611,0.00384,0.01345,0.01189,0.00421,0.00426,0.00577,0.17531,0.11248
203,0.01541,0.02258,0.01905,0.04180,0.03404,0.54309,0.02008,0.03088,0.02082,0.00803,0.02225,0.02312,0.00855,0.02057,0.02224,0.00857,0.01177,0.04607,0.05456,0.02652
204,0.00900,0.02431,0.01990,0.07134,0.02652,0.55439,0.01756,0.03350,0.02359,0.00793,0.02600,0.02152,0.00688,0.02654,0.02356,0.00762,0.01205,0.04052,0.02264,0.02463
205,0.41686,0.09705,0.00424,0.00544,0.00460,0.07973,0.00285,0.00492,0.00327,0.00097,0.00336,0.00341,0.00112,0.00375,0.00115,0.09671,0.25490,0.00917,0.00253,0.00398
206,0.00210,0.00520,0.00452,0.00698,0.19137,0.00258,0.00297,0.34417,0.00601,0.18607,0.12169,0.00357,0.00113,0.00491,0.00181,0.00262,0.00199,0.09378,0.00539,0.01112
207,0.05582,0.02563,0.01057,0.01440,0.03544,0.00912,0.00784,0.24346,0.01668,0.05948,0.02240,0.01147,0.00214,0.01110,0.00349,0.00337,0.00476,0.42924,0.02153,0.01205
208,0.00711,0.01488,0.01658,0.02033,0.01956,0.02078,0.01121,0.04642,0.04837,0.00566,0.01621,0.01594,0.00419,0.01551,0.66174,0.02212,0.00692,0.01058,0.01883,0.01707
209,0.01201,0.09130,0.00549,0.00401,0.00546,0.00286,0.00927,0.15847,0.00387,0.30427,0.07762,0.01366,0.01176,0.00267,0.00105,0.02791,0.13671,0.12377,0.00371,0.00415
210,0.01654,0.01932,0.02947,0.28748,0.01665,0.01018,0.00756,0.01985,0.03301,0.03102,0.01954,0.01334,0.34962,0.04469,0.00902,0.01581,0.02909,0.01205,0.01911,0.01666
211,0.01334,0.03985,0.01559,0.01360,0.01734,0.00533,0.01782,0.06320,0.01515,0.39138,0.12208,0.01938,0.00341,0.02800,0.00416,0.02074,0.02449,0.15383,0.00715,0.02418
212,0.01553,0.07694,0.01956,0.02320,0.01069,0.01062,0.02431,0.02076,0.02117,0.01391,0.02511,0.02345,0.01490,0.02212,0.00795,0.54840,0.01577,0.01118,0.02733,0.06710
213,0.00873,0.03734,0.02503,0.02625,0.02713,0.01109,0.02962,0.02377,0.02342,0.02683,0.02377,0.01783,0.01254,0.02271,0.60769,0.01500,0.00890,0.00912,0.02286,0.02038
214,0.00805,0.02173,0.06090,0.02219,0.02323,0.00841,0.00880,0.02217,0.05701,0.00549,0.02833,0.61451,0.00450,0.01781,0.00496,0.01718,0.01391,0.01716,0.01622,0.02745
215,0.14051,0.01197,0.00831,0.02228,0.04763,0.03587,0.00877,0.01355,0.01743,0.00390,0.01523,0.01127,0.00934,0.01337,0.00332,0.28797,0.29243,0.01458,0.00935,0.03293
216,0.03179,0.18868,0.01398,0.01828,0.01065,0.04272,0.00936,0.02385,0.01690,0.00330,0.02117,0.15124,0.00691,0.01900,0.00417,0.14562,0.23433,0.03838,0.01145,0.00820
217,0.03211,0.03207,0.01372,0.01328,0.01571,0.07376,0.43863,0.01307,0.01216,0.04123,0.19505,0.01963,0.00473,0.03009,0.00876,0.01293,0.00494,0.00608,0.01116,0.02089
218,0.00697,0.02604,0.04613,0.62408,0.01949,0.02429,0.01431,0.02143,0.06012,0.00521,0.02709,0.01758,0.00468,0.03824,0.00646,0.00490,0.00730,0.00758,0.01839,0.01972
219,0.00735,0.01770,0.01720,0.01900,0.01305,0.00735,0.01034,0.07045,0.01283,0.13979,0.51641,0.01819,0.00439,0.01150,0.00431,0.00493,0.02055,0.07756,0.01451,0.01260
220,0.00416,0.02946,0.00679,0.00983,0.29412,0.00417,0.02185,0.00819,0.00905,0.00475,0.03787,0.01202,0.00293,0.00888,0.00267,0.00211,0.00306,0.00517,0.01046,0.52245
221,0.00809,0.06194,0.01547,0.01453,0.02223,0.02228,0.01248,0.01453,0.01387,0.01953,0.00977,0.01294,0.00540,0.01460,0.01215,0.00960,0.00553,0.00611,0.57511,0.14384
222,0.02827,0.12109,0.01401,0.01353,0.03162,0.00514,0.01811,0.22438,0.02170,0.00624,0.01528,0.01575,0.01329,0.01306,0.00486,0.00580,0.00789,0.41339,0.01152,0.01508
223,0.00525,0.03536,0.00969,0.00957,0.05511,0.04305,0.00618,0.01094,0.06743,0.00285,0.01051,0.28766,0.00718,0.01236,0.00461,0.38472,0.01221,0.00463,0.00898,0.02172
224,0.08733,0.07815,0.11368,0.06303,0.00373,0.02234,0.08129,0.00613,0.04158,0.00981,0.05536,0.19274,0.00029,0.07430,0.03141,0.06417,0.04890,0.01136,0.00565,0.00873
