site,A,C,D,E,F,G,H,I,K,L,M,N,P,Q,R,S,T,V,W,Y
111,0.03219,0.16613,0.09826,0.43311,0.01411,0.00595,0.01108,0.01128,0.00550,0.00426,0.01333,0.01498,0.00758,0.01074,0.00472,0.13488,0.00773,0.00393,0.01061,0.00962
112,0.02913,0.06497,0.13696,0.35475,0.00997,0.03691,0.01499,0.02701,0.03515,0.02652,0.06502,0.03075,0.00692,0.03550,0.00269,0.05240,0.03046,0.02527,0.00747,0.00717
113,0.00524,0.01439,0.01401,0.01855,0.02130,0.00544,0.05585,0.02137,0.01848,0.02039,0.02166,0.01466,0.67522,0.01997,0.00523,0.02024,0.01190,0.00767,0.01243,0.01601
114,0.07554,0.07801,0.00978,0.02846,0.01501,0.00230,0.02227,0.12700,0.05863,0.10602,0.15825,0.00889,0.00387,0.04365,0.01385,0.02996,0.06203,0.10750,0.01300,0.03597
115,0.05529,0.06659,0.00949,0.00992,0.05982,0.04401,0.11250,0.02999,0.01263,0.15190,0.09670,0.08878,0.01283,0.07259,0.01803,0.03194,0.02124,0.04131,0.03849,0.02596
116,0.03522,0.01504,0.01097,0.01158,0.03031,0.00249,0.02426,0.02211,0.00877,0.03988,0.09079,0.01724,0.00588,0.02580,0.00301,0.00477,0.44047,0.17026,0.02757,0.01359
117,0.00788,0.02693,0.01647,0.14479,0.02943,0.00442,0.01039,0.03635,0.12713,0.03759,0.01868,0.07241,0.02551,0.32862,0.04173,0.01649,0.01246,0.00756,0.01258,0.02256
118,0.00840,0.03361,0.02061,0.02215,0.02568,0.09233,0.01784,0.09740,0.02558,0.00874,0.01892,0.01327,0.01175,0.04992,0.02113,0.39724,0.08731,0.00813,0.01585,0.02417
119,0.01963,0.03702,0.01847,0.02554,0.04287,0.01279,0.02017,0.03790,0.02503,0.00832,0.03058,0.04935,0.01846,0.02541,0.00897,0.01336,0.04214,0.01037,0.02111,0.53251
120,0.02043,0.02920,0.02335,0.02486,0.03160,0.46344,0.03330,0.03085,0.02111,0.00781,0.02908,0.02293,0.01206,0.02623,0.02680,0.00905,0.01411,0.06161,0.08459,0.02759
121,0.01268,0.09061,0.02331,0.01780,0.03792,0.00752,0.02636,0.02563,0.03321,0.03785,0.03688,0.02908,0.01163,0.02850,0.03511,0.02032,0.01779,0.00886,0.47140,0.02753
122,0.01548,0.03044,0.00368,0.02275,0.03290,0.00600,0.01774,0.06079,0.07661,0.01218,0.03042,0.46411,0.01542,0.03375,0.00819,0.03337,0.05267,0.01230,0.01999,0.05121
123,0.01741,0.02772,0.03251,0.02526,0.02283,0.01131,0.02502,0.53588,0.02343,0.07828,0.03512,0.02499,0.01565,0.02905,0.01862,0.00911,0.00438,0.01855,0.02174,0.02315
124,0.09432,0.20664,0.01005,0.00515,0.02533,0.00178,0.00734,0.09808,0.00819,0.00972,0.03148,0.00659,0.00381,0.00829,0.00234,0.01607,0.24243,0.20896,0.00634,0.00709
125,0.00651,0.01953,0.01595,0.01543,0.02139,0.00443,0.05227,0.02573,0.11520,0.02444,0.01833,0.02036,0.01758,0.01742,0.53869,0.04009,0.00895,0.00621,0.00908,0.02242
126,0.00810,0.02703,0.01037,0.00954,0.01632,0.00351,0.00703,0.03980,0.01855,0.25165,0.41875,0.01072,0.00765,0.01204,0.00413,0.00437,0.02229,0.00852,0.02585,0.09377
127,0.00500,0.01081,0.01190,0.00197,0.01851,0.02942,0.01460,0.04006,0.25462,0.01646,0.04313,0.07068,0.00583,0.09549,0.22619,0.04552,0.07425,0.01507,0.00889,0.01160
128,0.18483,0.03091,0.02410,0.03115,0.01383,0.11462,0.00848,0.05046,0.02339,0.00399,0.02110,0.05791,0.03639,0.01681,0.01341,0.20659,0.12602,0.01752,0.00805,0.01046
129,0.06220,0.02347,0.06527,0.06924,0.05189,0.08872,0.07443,0.00673,0.03116,0.05740,0.04727,0.04558,0.07042,0.07821,0.06720,0.06453,0.03037,0.00799,0.01198,0.04596
130,0.04516,0.09442,0.00587,0.00785,0.01850,0.00683,0.15613,0.12353,0.03817,0.03069,0.03127,0.03297,0.00288,0.05950,0.02250,0.06147,0.07868,0.06203,0.07624,0.04531
131,0.00835,0.01780,0.45117,0.12359,0.02772,0.01725,0.02512,0.02698,0.02628,0.00896,0.03679,0.09660,0.00863,0.02125,0.00681,0.00927,0.01281,0.00829,0.02664,0.03971
132,0.14774,0.19345,0.00472,0.00671,0.05683,0.00174,0.01203,0.07021,0.01375,0.06805,0.02247,0.01048,0.00353,0.01761,0.00273,0.04241,0.13336,0.17309,0.00846,0.01063
133,0.01538,0.10474,0.00644,0.00440,0.16591,0.01569,0.14413,0.00868,0.00903,0.04984,0.07645,0.16158,0.00344,0.04424,0.00328,0.01470,0.06566,0.00563,0.01985,0.08094
134,0.01080,0.01833,0.02798,0.02837,0.05380,0.00829,0.31332,0.01509,0.02191,0.01781,0.01970,0.07553,0.00725,0.07154,0.13163,0.00574,0.00728,0.01425,0.04394,0.10746
135,0.07215,0.09409,0.00775,0.00842,0.06680,0.02035,0.06699,0.07677,0.03510,0.03945,0.07251,0.06778,0.00158,0.07580,0.04107,0.08316,0.05876,0.04901,0.01061,0.05184
136,0.15698,0.05121,0.02843,0.04720,0.03724,0.07405,0.06272,0.02563,0.03519,0.00911,0.02364,0.05025,0.15259,0.02713,0.00507,0.06348,0.01022,0.05926,0.02353,0.05706
137,0.07502,0.08659,0.08876,0.01520,0.07500,0.02994,0.01936,0.06233,0.03542,0.02935,0.06233,0.04221,0.00928,0.02781,0.01417,0.09816,0.10428,0.00880,0.06238,0.05360
138,0.07468,0.01914,0.14245,0.20627,0.02764,0.05289,0.02378,0.03621,0.01112,0.02257,0.08455,0.03689,0.00991,0.07923,0.00409,0.05533,0.01833,0.01868,0.01354,0.06269
139,0.07134,0.05021,0.00518,0.00229,0.02303,0.06917,0.04641,0.01096,0.02136,0.02704,0.05990,0.07552,0.05607,0.08778,0.09586,0.12050,0.07992,0.04453,0.01284,0.04008
140,0.07882,0.08239,0.00621,0.00695,0.01651,0.00191,0.25036,0.03264,0.00889,0.13163,0.08492,0.02828,0.00411,0.00977,0.01329,0.06937,0.05634,0.11118,0.00127,0.00517
141,0.01467,0.01962,0.34856,0.04029,0.01771,0.02838,0.02115,0.02258,0.03287,0.00807,0.02882,0.02189,0.00879,0.03423,0.01300,0.00890,0.00917,0.00499,0.03936,0.27694
142,0.01935,0.21329,0.01443,0.01692,0.01752,0.00643,0.01227,0.06974,0.01179,0.00385,0.01485,0.04064,0.00463,0.01676,0.00649,0.00471,0.20600,0.28246,0.02441,0.01346
143,0.01160,0.01749,0.01970,0.01423,0.09290,0.00639,0.02149,0.16165,0.01871,0.23649,0.05059,0.02422,0.00146,0.01401,0.00415,0.00764,0.01003,0.23880,0.01441,0.03403
144,0.00654,0.01087,0.01858,0.01328,0.22991,0.00497,0.01331,0.04609,0.01490,0.31171,0.07606,0.01701,0.01015,0.01091,0.00505,0.00516,0.00796,0.17386,0.01081,0.01288
145,0.15831,0.32404,0.01239,0.01191,0.04544,0.00300,0.01510,0.01531,0.01429,0.00547,0.01521,0.02307,0.00732,0.02435,0.01744,0.04268,0.00832,0.20194,0.00841,0.04600
146,0.00632,0.01680,0.34258,0.02193,0.03000,0.00435,0.14518,0.03391,0.03432,0.00789,0.02175,0.15062,0.01190,0.04126,0.00695,0.00628,0.01054,0.03585,0.01038,0.06118
147,0.00879,0.01441,0.02362,0.01873,0.02077,0.00659,0.01673,0.36702,0.02241,0.11806,0.09795,0.01931,0.00951,0.01515,0.00584,0.01011,0.01068,0.18092,0.01254,0.02087
148,0.02259,0.10687,0.12862,0.01636,0.01041,0.52538,0.02162,0.01406,0.01780,0.00452,0.01302,0.01548,0.01030,0.01801,0.00676,0.01510,0.00921,0.01635,0.01229,0.01522
149,0.01179,0.01649,0.07741,0.64522,0.01540,0.03013,0.03284,0.02030,0.01509,0.00456,0.01727,0.01783,0.00866,0.02206,0.00610,0.00569,0.00843,0.01682,0.01030,0.01762
150,0.07606,0.13153,0.03549,0.16786,0.00202,0.06228,0.04506,0.00239,0.11265,0.00660,0.05029,0.03299,0.00135,0.11660,0.04679,0.06302,0.02581,0.01748,0.00114,0.00259
151,0.40025,0.04311,0.00950,0.00540,0.00734,0.12375,0.00667,0.00868,0.00830,0.01191,0.04213,0.00749,0.02895,0.00726,0.00194,0.18812,0.03728,0.04963,0.00401,0.00828
152,0.14011,0.06295,0.00539,0.00435,0.00866,0.13013,0.06559,0.00523,0.01023,0.00209,0.01082,0.19771,0.04075,0.06676,0.00174,0.12479,0.07475,0.00898,0.00392,0.03506
153,0.02463,0.02626,0.00632,0.00420,0.03148,0.07015,0.03577,0.18422,0.00574,0.09058,0.13895,0.01681,0.00397,0.02698,0.00411,0.13242,0.04311,0.12591,0.00578,0.02261
154,0.09408,0.09757,0.01908,0.01592,0.03884,0.06117,0.09313,0.00951,0.01239,0.02237,0.02170,0.05649,0.11059,0.00886,0.00794,0.13566,0.05090,0.05651,0.02888,0.05842
155,0.04165,0.03951,0.12236,0.11974,0.02358,0.02841,0.03569,0.12571,0.01120,0.04752,0.02912,0.03922,0.02153,0.06865,0.00153,0.05276,0.07386,0.10288,0.01074,0.00434
156,0.02202,0.04108,0.01228,0.01337,0.01741,0.01204,0.01421,0.38323,0.02199,0.03204,0.01430,0.03797,0.00612,0.01459,0.00568,0.00698,0.01685,0.29850,0.01175,0.01757
157,0.07238,0.02332,0.16443,0.36379,0.05429,0.04027,0.01553,0.04022,0.01909,0.00951,0.03293,0.02201,0.00837,0.04104,0.00643,0.00938,0.01188,0.01229,0.02675,0.02610
158,0.01976,0.03267,0.15266,0.35417,0.02796,0.01422,0.01838,0.02455,0.08305,0.00822,0.05293,0.03139,0.01037,0.08053,0.00742,0.00906,0.01178,0.01985,0.01409,0.02695
159,0.08430,0.09457,0.01335,0.03929,0.05062,0.03787,0.00844,0.02113,0.02939,0.02407,0.04452,0.04777,0.01191,0.18323,0.00270,0.12247,0.08946,0.06136,0.01946,0.01409
160,0.00702,0.02147,0.02586,0.02263,0.02328,0.00872,0.01747,0.04095,0.03401,0.05197,0.02863,0.04004,0.05748,0.12054,0.41484,0.00929,0.01409,0.00802,0.01589,0.03782
161,0.05581,0.17288,0.02053,0.19368,0.02033,0.00648,0.01108,0.00435,0.06311,0.00514,0.02036,0.01547,0.00638,0.01586,0.01000,0.09672,0.23471,0.00669,0.01854,0.02188
162,0.10258,0.02664,0.02568,0.11758,0.03365,0.01871,0.08104,0.11397,0.02017,0.12390,0.08364,0.05356,0.00092,0.02957,0.01231,0.01079,0.02514,0.09017,0.01997,0.01000
163,0.06723,0.06659,0.00582,0.00340,0.02189,0.03619,0.10586,0.03262,0.11515,0.02164,0.04165,0.05582,0.00266,0.08269,0.14094,0.08382,0.04482,0.01585,0.00771,0.04763
164,0.17932,0.13670,0.00445,0.00486,0.00386,0.00678,0.00472,0.09465,0.00468,0.07126,0.05800,0.06160,0.00131,0.01155,0.00096,0.07671,0.13480,0.13747,0.00236,0.00394
165,0.00237,0.05015,0.00580,0.00764,0.07436,0.00263,0.00399,0.14499,0.00666,0.24019,0.34978,0.00556,0.03309,0.00423,0.00450,0.00171,0.00261,0.04889,0.00541,0.00542
166,0.11202,0.05535,0.06532,0.08805,0.00290,0.08860,0.05245,0.00444,0.01160,0.00441,0.03353,0.07865,0.01924,0.08928,0.00806,0.11194,0.08891,0.01076,0.01169,0.06278
167,0.10511,0.11344,0.00469,0.00372,0.04783,0.00719,0.00731,0.10978,0.01138,0.08700,0.11794,0.02350,0.00218,0.00406,0.00562,0.07130,0.17491,0.08596,0.00281,0.01425
168,0.11543,0.15390,0.00751,0.00497,0.00930,0.00934,0.00816,0.18372,0.00776,0.17990,0.05992,0.00720,0.00220,0.00556,0.00240,0.00280,0.01109,0.21401,0.00711,0.00771
169,0.07768,0.06161,0.11862,0.10793,0.00919,0.09257,0.09038,0.00759,0.01158,0.00268,0.00533,0.08968,0.00202,0.04098,0.00280,0.11509,0.08043,0.05352,0.02586,0.00446
170,0.11925,0.06499,0.14998,0.07483,0.01812,0.06868,0.04711,0.01025,0.00872,0.00287,0.04750,0.01862,0.04039,0.02710,0.00195,0.08510,0.07233,0.02310,0.00606,0.11306
171,0.00460,0.07717,0.00907,0.00808,0.22106,0.00210,0.01820,0.01261,0.00892,0.01144,0.00731,0.00869,0.00484,0.00733,0.00119,0.00397,0.00449,0.00434,0.21779,0.36680
172,0.00239,0.01363,0.01875,0.01250,0.04852,0.00537,0.01598,0.14059,0.01433,0.42553,0.20524,0.02196,0.01536,0.01169,0.00533,0.00629,0.00616,0.00566,0.00966,0.01507
173,0.07981,0.03050,0.08526,0.18850,0.00430,0.04319,0.05371,0.00642,0.04081,0.01004,0.07019,0.08683,0.00183,0.08674,0.01397,0.06618,0.09630,0.02392,0.00361,0.00788
174,0.00925,0.01509,0.01688,0.01895,0.01780,0.00627,0.01377,0.02975,0.36688,0.00727,0.02433,0.05906,0.00714,0.01910,0.33186,0.00656,0.00679,0.00950,0.01599,0.01775
175,0.03005,0.04660,0.00839,0.00733,0.03227,0.01097,0.18457,0.03434,0.06699,0.00869,0.02192,0.10812,0.00430,0.06115,0.17083,0.08925,0.03438,0.00960,0.01256,0.05767
176,0.01652,0.02979,0.02898,0.03799,0.02714,0.01497,0.01370,0.02614,0.02311,0.03105,0.02862,0.01654,0.42825,0.14650,0.01088,0.00995,0.04454,0.01239,0.02296,0.02997
177,0.08115,0.03540,0.03361,0.05354,0.03249,0.12483,0.06406,0.01377,0.00438,0.04463,0.08983,0.01852,0.00849,0.06627,0.00833,0.06700,0.11767,0.06119,0.03331,0.04153
178,0.13038,0.03144,0.04860,0.11130,0.01141,0.09562,0.19407,0.01821,0.01032,0.00293,0.01938,0.05659,0.00278,0.03152,0.00206,0.07594,0.09998,0.03626,0.00620,0.01499
179,0.00937,0.02414,0.02223,0.02334,0.34214,0.00751,0.02692,0.01687,0.03874,0.04723,0.02659,0.02271,0.01241,0.02419,0.00881,0.00880,0.01353,0.00673,0.26980,0.04795
180,0.10701,0.40597,0.01367,0.01826,0.04011,0.01029,0.02380,0.01632,0.01457,0.00607,0.01315,0.02221,0.01140,0.02179,0.00189,0.00872,0.00920,0.18124,0.00879,0.06555
181,0.00882,0.01950,0.01895,0.04164,0.02713,0.00834,0.01627,0.38450,0.05416,0.01856,0.02069,0.01245,0.01071,0.03134,0.00745,0.00768,0.00672,0.25250,0.03220,0.02037
182,0.01108,0.02809,0.02153,0.02708,0.03707,0.01158,0.01468,0.02656,0.43914,0.00702,0.03084,0.13048,0.00703,0.04342,0.00307,0.00938,0.01638,0.01290,0.10135,0.02133
183,0.00619,0.03184,0.02549,0.02476,0.03464,0.00688,0.02463,0.27064,0.02438,0.07070,0.04482,0.02293,0.00732,0.01478,0.00734,0.00970,0.03188,0.28885,0.02949,0.02272
184,0.08996,0.07756,0.02256,0.04956,0.02159,0.08633,0.05686,0.03411,0.01143,0.16246,0.08902,0.07547,0.00205,0.05798,0.00323,0.04924,0.01231,0.01102,0.01457,0.07265
185,0.21544,0.14729,0.03404,0.05363,0.09667,0.04296,0.00824,0.01913,0.02280,0.00876,0.02661,0.05591,0.00617,0.02081,0.00823,0.09999,0.01509,0.07355,0.01421,0.03047
186,0.09315,0.03123,0.07337,0.01844,0.06628,0.01048,0.01061,0.04741,0.03176,0.00574,0.06781,0.03069,0.14432,0.16058,0.02576,0.02134,0.05390,0.01413,0.07189,0.02109
187,0.04088,0.02043,0.01383,0.04346,0.14289,0.03150,0.00190,0.06884,0.08362,0.01527,0.04522,0.01929,0.03666,0.10307,0.05439,0.02981,0.02551,0.01630,0.04676,0.16039
188,0.00383,0.01899,0.01743,0.03428,0.02219,0.00815,0.11417,0.04304,0.02816,0.00764,0.03499,0.08520,0.01805,0.02146,0.03759,0.14732,0.29853,0.00741,0.02926,0.02230
189,0.18091,0.14305,0.00811,0.00834,0.01056,0.15950,0.00800,0.09888,0.01129,0.00321,0.00991,0.03121,0.04103,0.01060,0.02193,0.18066,0.04727,0.00442,0.01028,0.01084
190,0.04096,0.05631,0.02991,0.14366,0.03444,0.05668,0.06702,0.05966,0.02654,0.01503,0.02036,0.14313,0.03509,0.03648,0.00541,0.06064,0.08959,0.06612,0.00648,0.00649
191,0.11406,0.09210,0.01822,0.01671,0.01872,0.06401,0.02051,0.02991,0.00928,0.15347,0.26427,0.02619,0.01002,0.01510,0.00500,0.01556,0.09156,0.00209,0.01395,0.01929
192,0.01329,0.03269,0.04096,0.02687,0.03542,0.01051,0.05762,0.18411,0.01997,0.03023,0.37554,0.04348,0.00962,0.03113,0.00733,0.00852,0.00428,0.02378,0.01288,0.03177
193,0.04084,0.03177,0.01788,0.48766,0.02924,0.00184,0.03426,0.04191,0.03472,0.01033,0.03178,0.03322,0.01170,0.06927,0.00932,0.01143,0.01293,0.02807,0.02800,0.03382
194,0.07946,0.07442,0.00452,0.04938,0.12621,0.00672,0.04709,0.00519,0.01370,0.03937,0.05653,0.07091,0.00165,0.22602,0.01275,0.02147,0.07719,0.02387,0.01137,0.05218
195,0.00742,0.02983,0.01627,0.01063,0.08158,0.00372,0.01764,0.24428,0.01102,0.17610,0.16180,0.01340,0.00427,0.01285,0.00284,0.00474,0.01372,0.16593,0.00754,0.01442
196,0.07505,0.08469,0.11326,0.12246,0.06084,0.01806,0.04777,0.00844,0.00723,0.05919,0.04368,0.04197,0.00183,0.06555,0.00150,0.12475,0.00290,0.00319,0.02403,0.09360
197,0.03742,0.02419,0.01413,0.01300,0.04257,0.02302,0.00871,0.06282,0.15640,0.09807,0.05751,0.02076,0.00413,0.02582,0.32048,0.01064,0.00861,0.03863,0.01155,0.02155
198,0.00575,0.02019,0.01652,0.01322,0.04257,0.00341,0.01198,0.02011,0.01393,0.31859,0.25282,0.01894,0.00442,0.03580,0.00484,0.00491,0.00695,0.01128,0.02297,0.17079
199,0.06337,0.13391,0.00372,0.00658,0.00489,0.00217,0.00375,0.11163,0.05571,0.03764,0.17316,0.00410,0.00130,0.10901,0.01755,0.02994,0.10541,0.12039,0.00714,0.00862
200,0.00401,0.13195,0.01018,0.01156,0.00948,0.00557,0.10947,0.01180,0.02167,0.01387,0.01056,0.01046,0.00208,0.00832,0.59643,0.01411,0.00370,0.00472,0.00967,0.01039
201,0.07744,0.03492,0.00639,0.00643,0.01775,0.00372,0.04783,0.02417,0.16463,0.02278,0.07330,0.04791,0.00220,0.10833,0.18615,0.05855,0.06570,0.02022,0.00771,0.02388
202,0.00406,0.03053,0.01770,0.01215,0.34933,0.00840,0.24248,0.01061,0.01109,0.00394,0.01174,0.07362,0.00365,0.02208,0.00180,0.00430,0.00431,0.00605,0.10399,0.07817
203,0.02221,0.01971,0.01676,0.04180,0.03047,0.49096,0.01729,0.02703,0.01793,0.00714,0.02004,0.02084,0.00719,0.01781,0.02111,0.00787,0.01023,0.08330,0.09593,0.02439
204,0.00833,0.02293,0.01818,0.09390,0.02451,0.52322,0.01630,0.03098,0.02194,0.00738,0.02433,0.01992,0.00637,0.02446,0.02484,0.00706,0.01113,0.07010,0.02160,0.02254
205,0.49349,0.06939,0.00580,0.00524,0.00636,0.11092,0.00391,0.00567,0.00448,0.00133,0.00460,0.00467,0.00153,0.00515,0.00076,0.07914,0.17184,0.01680,0.00344,0.00548
206,0.00190,0.00521,0.00406,0.00632,0.24113,0.00232,0.00267,0.31598,0.00543,0.17287,0.09436,0.00323,0.00103,0.00443,0.00163,0.00128,0.00180,0.11130,0.00480,0.01824
207,0.06087,0.01549,0.01055,0.01418,0.05997,0.00715,0.00774,0.21812,0.01652,0.05804,0.02245,0.01146,0.00213,0.01107,0.00349,0.00334,0.00479,0.43890,0.02170,0.01205
208,0.00669,0.01402,0.01544,0.01912,0.01859,0.00750,0.01067,0.07632,0.06990,0.00532,0.01538,0.01476,0.00392,0.01441,0.63995,0.01768,0.00655,0.00996,0.01771,0.01610
209,0.01502,0.06247,0.00493,0.00415,0.00471,0.00449,0.00934,0.15541,0.00347,0.33581,0.07772,0.00981,0.02091,0.00235,0.00094,0.02281,0.14572,0.11298,0.00327,0.00368
210,0.01921,0.01832,0.02818,0.27514,0.01614,0.00981,0.00713,0.01875,0.03203,0.01725,0.01883,0.01264,0.34331,0.06796,0.01299,0.00339,0.05183,0.01276,0.01821,0.01612
211,0.01500,0.02269,0.01421,0.01454,0.01925,0.00638,0.01635,0.06665,0.01421,0.36929,0.12975,0.01828,0.00314,0.02207,0.00386,0.02964,0.03490,0.17609,0.00669,0.01701
212,0.02079,0.06939,0.01774,0.02119,0.00957,0.00960,0.02220,0.01880,0.01960,0.01465,0.02303,0.02146,0.02654,0.02046,0.00718,0.51299,0.01642,0.01019,0.02505,0.11316
213,0.00777,0.06748,0.02236,0.02397,0.02380,0.01133,0.05074,0.02120,0.02093,0.03933,0.02113,0.01582,0.01812,0.02018,0.55708,0.02360,0.00786,0.00819,0.02081,0.01831
214,0.00820,0.02233,0.00554,0.02264,0.02360,0.00860,0.00896,0.02602,0.08893,0.00560,0.02879,0.64153,0.00459,0.01813,0.00505,0.02014,0.00783,0.01744,0.01660,0.01949
215,0.13693,0.01094,0.00646,0.01718,0.02390,0.06111,0.00680,0.01059,0.01363,0.00306,0.01195,0.00880,0.01688,0.01031,0.00259,0.22996,0.34325,0.02202,0.00730,0.05633
216,0.06238,0.22700,0.01305,0.01707,0.00996,0.07966,0.00960,0.02367,0.01890,0.00306,0.03030,0.09867,0.01070,0.01052,0.00413,0.12633,0.22362,0.01307,0.01069,0.00764
217,0.05688,0.04523,0.00906,0.00905,0.01604,0.13807,0.31443,0.00916,0.00834,0.07522,0.20957,0.02627,0.00483,0.01006,0.01511,0.01953,0.00335,0.00420,0.00784,0.01777
218,0.00738,0.02116,0.07926,0.53663,0.01643,0.04634,0.01179,0.01796,0.10845,0.00433,0.02259,0.01441,0.00389,0.05594,0.00537,0.00409,0.00575,0.00637,0.01510,0.01676
219,0.00535,0.01657,0.01494,0.01650,0.01123,0.00635,0.00890,0.04606,0.01215,0.15276,0.45830,0.01568,0.00380,0.00986,0.00460,0.00427,0.03789,0.15135,0.01253,0.01090
220,0.00385,0.01880,0.00629,0.00909,0.33489,0.00386,0.02896,0.00757,0.00837,0.00439,0.03500,0.00997,0.00271,0.00821,0.00247,0.00195,0.00283,0.00478,0.00967,0.49635
221,0.00729,0.10296,0.01401,0.01322,0.02347,0.01535,0.01119,0.01350,0.01271,0.03571,0.00887,0.01179,0.00486,0.01336,0.02268,0.01494,0.00505,0.00550,0.53557,0.12798
222,0.04909,0.10635,0.01080,0.01312,0.04927,0.00512,0.01724,0.20444,0.02139,0.00678,0.01500,0.01524,0.01344,0.01291,0.00474,0.00571,0.00773,0.41529,0.01133,0.01501
223,0.00435,0.05627,0.00859,0.00862,0.02951,0.07552,0.00541,0.00974,0.11392,0.00251,0.00932,0.22702,0.01013,0.01371,0.00607,0.35192,0.02027,0.00415,0.00790,0.03508
224,0.08191,0.06485,0.10441,0.06870,0.00451,0.02009,0.07635,0.00998,0.03919,0.01300,0.07218,0.20119,0.00025,0.06174,0.02655,0.06532,0.04544,0.01931,0.00936,0.01566
