site,A,C,D,E,F,G,H,I,K,L,M,N,P,Q,R,S,T,V,W,Y
111,0.02648,0.16424,0.07346,0.41114,0.02029,0.00767,0.01628,0.01632,0.02845,0.00615,0.01940,0.02184,0.01088,0.01562,0.00687,0.10740,0.01112,0.00719,0.01532,0.01388
112,0.03881,0.06021,0.10865,0.25374,0.01195,0.04286,0.01294,0.03535,0.05775,0.03436,0.07532,0.04137,0.01477,0.04184,0.01171,0.06001,0.04488,0.03353,0.00838,0.01156
113,0.00714,0.01914,0.01862,0.02466,0.02824,0.00720,0.04728,0.02823,0.02452,0.03269,0.02858,0.01955,0.61253,0.02634,0.00719,0.00965,0.01048,0.01015,0.01660,0.02122
114,0.06839,0.07931,0.01374,0.03158,0.02567,0.00322,0.02560,0.11519,0.04683,0.11472,0.14193,0.01635,0.00537,0.04286,0.01697,0.03885,0.06410,0.09613,0.01808,0.03511
115,0.05892,0.08803,0.01354,0.01311,0.04870,0.03856,0.09532,0.04178,0.01685,0.12675,0.06904,0.08088,0.02672,0.07647,0.02582,0.03490,0.01971,0.05497,0.03589,0.03404
116,0.02370,0.02985,0.01492,0.01125,0.04207,0.00233,0.03612,0.05207,0.01211,0.02537,0.09912,0.02489,0.00811,0.05224,0.00629,0.00839,0.33154,0.15325,0.04782,0.01854
117,0.01061,0.03473,0.02086,0.14389,0.03719,0.00562,0.01930,0.04645,0.08777,0.03844,0.02505,0.08378,0.02197,0.26982,0.04526,0.03400,0.02091,0.00965,0.01595,0.02874
118,0.01196,0.02433,0.02690,0.02936,0.03497,0.05809,0.02331,0.06211,0.03359,0.01157,0.02500,0.02878,0.01553,0.06574,0.01636,0.35466,0.11408,0.01058,0.02083,0.03224
119,0.02302,0.03596,0.02189,0.03031,0.04436,0.01510,0.05314,0.04499,0.02953,0.00981,0.03671,0.05199,0.02171,0.03051,0.01068,0.02107,0.05019,0.01237,0.02508,0.43161
120,0.02021,0.03817,0.03036,0.03066,0.04199,0.41940,0.04408,0.04033,0.02849,0.01018,0.03753,0.03011,0.01559,0.03328,0.01619,0.01176,0.01810,0.04639,0.05147,0.03571
121,0.01626,0.05372,0.03046,0.02286,0.04909,0.00722,0.04679,0.03316,0.04385,0.02518,0.04697,0.03651,0.01491,0.03654,0.02535,0.01838,0.02287,0.01126,0.40385,0.05478
122,0.02043,0.03964,0.01822,0.02959,0.04296,0.00787,0.02325,0.04144,0.05316,0.01592,0.04019,0.41858,0.02039,0.04482,0.01071,0.02705,0.04886,0.01602,0.02614,0.05477
123,0.04933,0.08804,0.03810,0.02945,0.02659,0.01321,0.02912,0.40426,0.02462,0.05755,0.01618,0.02921,0.01837,0.03316,0.01455,0.01059,0.00637,0.05870,0.02552,0.02709
124,0.07995,0.18957,0.01511,0.00801,0.02073,0.00339,0.01142,0.12108,0.01264,0.01252,0.03557,0.01020,0.00591,0.01281,0.00364,0.01378,0.20253,0.22026,0.00985,0.01103
125,0.01207,0.01948,0.01821,0.01740,0.02432,0.01391,0.08078,0.02903,0.18370,0.01550,0.02107,0.02488,0.01424,0.03122,0.38918,0.04832,0.01403,0.00703,0.01025,0.02537
126,0.01015,0.07085,0.01572,0.01439,0.01768,0.00526,0.01064,0.04663,0.02789,0.25568,0.35187,0.01599,0.00336,0.01824,0.00645,0.00663,0.01948,0.01851,0.02143,0.06315
127,0.02294,0.01701,0.01646,0.01531,0.02397,0.02708,0.03077,0.05118,0.20921,0.01795,0.03300,0.07927,0.00759,0.09183,0.18502,0.04579,0.07162,0.02336,0.01360,0.01704
128,0.16282,0.03680,0.03779,0.03496,0.01744,0.09828,0.01097,0.03985,0.04706,0.00587,0.03268,0.04291,0.04161,0.02751,0.03072,0.16217,0.12090,0.02596,0.01037,0.01333
129,0.06648,0.03667,0.06611,0.06847,0.04361,0.08578,0.06879,0.01001,0.05149,0.04268,0.03973,0.05594,0.06416,0.08623,0.06638,0.06803,0.02026,0.00716,0.00918,0.04283
130,0.04839,0.08899,0.00978,0.02247,0.02514,0.00499,0.13083,0.12954,0.03352,0.03608,0.04105,0.03040,0.00223,0.05478,0.02625,0.05578,0.08367,0.06957,0.06224,0.04431
131,0.01090,0.02297,0.39322,0.07515,0.03635,0.01679,0.02381,0.03573,0.03418,0.01172,0.04777,0.12478,0.01128,0.02769,0.00888,0.01085,0.01675,0.01410,0.03534,0.04173
132,0.12992,0.19150,0.00708,0.01008,0.04481,0.00214,0.01808,0.10292,0.02059,0.07305,0.03144,0.01572,0.00530,0.02640,0.00409,0.02811,0.08978,0.17036,0.01267,0.01597
133,0.01822,0.07799,0.00879,0.00897,0.14935,0.01095,0.12000,0.01767,0.01267,0.05995,0.07051,0.14502,0.00483,0.04737,0.00471,0.02292,0.07453,0.00660,0.02979,0.10916
134,0.02060,0.03374,0.02633,0.03361,0.04369,0.01802,0.23066,0.02310,0.03823,0.02306,0.03206,0.06131,0.00750,0.06164,0.11332,0.02240,0.02340,0.02644,0.05902,0.10189
135,0.07291,0.10698,0.01235,0.01046,0.05956,0.01411,0.05858,0.07694,0.04403,0.05064,0.07866,0.04687,0.00254,0.08841,0.03978,0.06743,0.06214,0.04599,0.00859,0.05301
136,0.12028,0.04796,0.03260,0.03407,0.03422,0.07779,0.14343,0.03025,0.04017,0.01087,0.02727,0.04418,0.11061,0.03208,0.00587,0.06723,0.01345,0.03826,0.02803,0.06137
137,0.06790,0.07837,0.06827,0.02014,0.06788,0.01739,0.02581,0.06285,0.04750,0.03120,0.06285,0.04370,0.01660,0.03585,0.02945,0.08184,0.10997,0.01044,0.06339,0.05859
138,0.07020,0.02857,0.10070,0.20299,0.04000,0.05425,0.02723,0.05261,0.01232,0.03274,0.05739,0.04272,0.01457,0.09195,0.00595,0.04763,0.02467,0.02743,0.01968,0.04640
139,0.06612,0.04476,0.00782,0.00352,0.02205,0.07441,0.03493,0.01820,0.04008,0.03118,0.06281,0.08026,0.05505,0.08504,0.10207,0.11081,0.06459,0.04309,0.01097,0.04225
140,0.07244,0.08480,0.00946,0.01061,0.01168,0.00244,0.23088,0.04107,0.01361,0.11985,0.07274,0.02534,0.00630,0.01509,0.00983,0.07716,0.06339,0.12264,0.00245,0.00822
141,0.01496,0.02674,0.33689,0.03380,0.02402,0.01238,0.02238,0.03049,0.04430,0.01099,0.03885,0.03508,0.01188,0.04625,0.01724,0.01029,0.01294,0.00927,0.05186,0.20939
142,0.01550,0.16828,0.02380,0.02947,0.02866,0.01107,0.02039,0.04066,0.01974,0.00643,0.02421,0.02817,0.01690,0.02792,0.01083,0.00779,0.23126,0.22636,0.03958,0.02296
143,0.01546,0.02351,0.02643,0.01928,0.11256,0.00866,0.02923,0.14134,0.02519,0.21422,0.03601,0.03209,0.01105,0.01568,0.01042,0.01028,0.01354,0.19062,0.01941,0.04503
144,0.00888,0.01478,0.02520,0.01806,0.22314,0.00675,0.01822,0.08159,0.02030,0.27853,0.07749,0.02316,0.01352,0.02276,0.00612,0.00701,0.01088,0.11131,0.01462,0.01769
145,0.16156,0.28942,0.01680,0.01622,0.04267,0.00439,0.02213,0.02075,0.01955,0.00750,0.02105,0.03149,0.01002,0.03290,0.02539,0.05434,0.01132,0.16667,0.01311,0.03273
146,0.01319,0.02301,0.33279,0.01845,0.04041,0.01311,0.11945,0.04663,0.04783,0.01083,0.02970,0.10159,0.01631,0.05570,0.00944,0.00849,0.01485,0.03357,0.01414,0.05049
147,0.01072,0.01740,0.02831,0.02243,0.02505,0.00790,0.02028,0.27479,0.02184,0.14369,0.15352,0.02354,0.01141,0.01833,0.00608,0.01216,0.00826,0.15415,0.01508,0.02506
148,0.02218,0.09685,0.09154,0.02283,0.01445,0.50096,0.02978,0.01977,0.02482,0.00629,0.01803,0.02134,0.01423,0.02476,0.00822,0.01607,0.01273,0.01699,0.01692,0.02124
149,0.02585,0.02234,0.05658,0.58929,0.02094,0.02957,0.04415,0.02712,0.01191,0.00613,0.02313,0.02457,0.01173,0.02733,0.00816,0.00767,0.01136,0.01446,0.01386,0.02384
150,0.08752,0.11302,0.04004,0.14096,0.00363,0.06521,0.04612,0.00433,0.09573,0.01336,0.04809,0.05068,0.00253,0.09948,0.04029,0.07860,0.04357,0.02005,0.00205,0.00473
151,0.33906,0.06794,0.01506,0.00855,0.01143,0.14903,0.01061,0.01363,0.01327,0.01622,0.03089,0.01176,0.01332,0.01156,0.00305,0.19874,0.02994,0.03659,0.00628,0.01308
152,0.12693,0.06317,0.00862,0.00696,0.03346,0.11746,0.04582,0.00836,0.01129,0.00336,0.01104,0.16540,0.06497,0.08516,0.00281,0.13087,0.06872,0.00924,0.00621,0.03015
153,0.03027,0.03564,0.01272,0.00582,0.03181,0.04978,0.06750,0.16011,0.00940,0.08983,0.13446,0.02057,0.00547,0.03664,0.00617,0.11330,0.04686,0.11188,0.00890,0.02289
154,0.09170,0.09085,0.01497,0.01385,0.05292,0.05557,0.10464,0.01233,0.01843,0.01714,0.01875,0.05516,0.10136,0.01024,0.01186,0.11253,0.05967,0.05352,0.03516,0.06935
155,0.04605,0.03898,0.08203,0.10376,0.02223,0.02044,0.05003,0.11700,0.02575,0.04823,0.04348,0.05208,0.02525,0.07431,0.00875,0.05657,0.07778,0.08519,0.01578,0.00630
156,0.03150,0.07664,0.01515,0.01926,0.02438,0.00955,0.02581,0.32803,0.02700,0.03059,0.03710,0.03794,0.00745,0.01817,0.00721,0.00899,0.02847,0.23127,0.01422,0.02124
157,0.06226,0.02963,0.11613,0.31501,0.06857,0.03575,0.01978,0.04957,0.02429,0.01203,0.04241,0.02887,0.01054,0.04958,0.00809,0.01189,0.01526,0.03447,0.03323,0.03261
158,0.04604,0.04348,0.08448,0.26268,0.03259,0.00679,0.02170,0.02880,0.07748,0.00963,0.04841,0.04619,0.01225,0.13038,0.00872,0.02751,0.04696,0.01756,0.01652,0.03185
159,0.07131,0.09049,0.03035,0.06196,0.04527,0.03772,0.03264,0.02340,0.04071,0.02387,0.04801,0.05688,0.01382,0.14012,0.01391,0.08979,0.08235,0.04959,0.02770,0.02009
160,0.00909,0.02818,0.03339,0.02925,0.02988,0.01032,0.02237,0.05270,0.07773,0.03029,0.03706,0.05399,0.04422,0.06484,0.36464,0.01207,0.01826,0.01028,0.01939,0.05206
161,0.03705,0.19460,0.02807,0.17416,0.02670,0.00599,0.01449,0.01045,0.05075,0.00678,0.02599,0.02060,0.00819,0.02116,0.00997,0.10160,0.20119,0.00882,0.02394,0.02949
162,0.10511,0.04762,0.02944,0.10764,0.03506,0.02277,0.06398,0.08551,0.04002,0.09606,0.09073,0.05732,0.00858,0.03944,0.01354,0.02239,0.02838,0.06537,0.02456,0.01647
163,0.05742,0.05371,0.00997,0.00484,0.01998,0.04134,0.10550,0.02484,0.12384,0.02109,0.05739,0.07604,0.00378,0.06915,0.12794,0.07700,0.04365,0.02357,0.01022,0.04872
164,0.16070,0.12693,0.00714,0.00681,0.00620,0.00568,0.00759,0.09750,0.00752,0.07473,0.07089,0.04079,0.00210,0.01146,0.00155,0.06943,0.14587,0.14698,0.00380,0.00633
165,0.00381,0.04660,0.00936,0.01231,0.03556,0.00422,0.01192,0.12475,0.01060,0.25755,0.36436,0.00889,0.02485,0.00679,0.00526,0.00275,0.00421,0.04887,0.00867,0.00868
166,0.09263,0.05260,0.06900,0.08773,0.00530,0.07861,0.06144,0.00625,0.02605,0.00525,0.02862,0.08280,0.01598,0.08930,0.02533,0.09739,0.09328,0.00907,0.01577,0.05758
167,0.10910,0.13149,0.00710,0.00562,0.03447,0.00463,0.01060,0.08899,0.02494,0.09594,0.11935,0.02166,0.00356,0.00642,0.00653,0.05892,0.15839,0.09127,0.00426,0.01675
168,0.12375,0.13600,0.01100,0.01014,0.01380,0.00557,0.01190,0.16987,0.01151,0.18330,0.05723,0.01055,0.00322,0.00819,0.00353,0.00413,0.01126,0.20308,0.01055,0.01141
169,0.08215,0.05730,0.09749,0.11105,0.01421,0.09301,0.08167,0.01255,0.01930,0.00519,0.00877,0.08667,0.00316,0.05916,0.00298,0.11242,0.08074,0.04452,0.01965,0.00801
170,0.11185,0.06283,0.11774,0.06460,0.02726,0.06620,0.04628,0.02184,0.01127,0.00440,0.05076,0.03710,0.04862,0.04263,0.00273,0.08229,0.07572,0.02763,0.01318,0.08506
171,0.00830,0.06843,0.01603,0.01474,0.16944,0.00414,0.03207,0.02393,0.01581,0.01400,0.01299,0.01571,0.00885,0.01318,0.00619,0.00593,0.00807,0.00751,0.27675,0.27794
172,0.00626,0.01862,0.02651,0.01756,0.05579,0.00734,0.03379,0.09349,0.01980,0.38651,0.18793,0.02977,0.03092,0.01589,0.00884,0.00878,0.00870,0.00779,0.01445,0.02128
173,0.08174,0.03124,0.08647,0.15588,0.00587,0.05054,0.05512,0.00603,0.05407,0.01455,0.06402,0.08896,0.00251,0.08635,0.02117,0.06839,0.09148,0.02385,0.00490,0.00686
174,0.01228,0.02007,0.02259,0.03659,0.02380,0.00851,0.02117,0.04599,0.31601,0.00968,0.03236,0.05130,0.00952,0.03130,0.28346,0.00873,0.00901,0.01271,0.02133,0.02360
175,0.02263,0.04680,0.01181,0.01201,0.02777,0.02941,0.16854,0.02872,0.09365,0.00978,0.02675,0.09197,0.00605,0.07600,0.15590,0.08399,0.02896,0.01263,0.01488,0.05173
176,0.01462,0.04192,0.03702,0.04851,0.03546,0.01882,0.01753,0.03460,0.02901,0.04953,0.03619,0.02098,0.36968,0.10001,0.01109,0.00851,0.04031,0.01805,0.02960,0.03857
177,0.09277,0.04576,0.03765,0.06303,0.03089,0.11965,0.05451,0.01614,0.00663,0.04748,0.07375,0.02652,0.01054,0.06626,0.01773,0.07595,0.10731,0.04511,0.02215,0.04018
178,0.11534,0.05324,0.03832,0.12458,0.01619,0.08391,0.15578,0.02593,0.01487,0.00421,0.03914,0.07570,0.00384,0.02417,0.00298,0.07960,0.08290,0.03193,0.00909,0.01828
179,0.01221,0.03799,0.02880,0.02983,0.28358,0.00977,0.03465,0.02160,0.05054,0.03006,0.03430,0.02922,0.01599,0.03140,0.01136,0.01344,0.01751,0.00871,0.22642,0.07261
180,0.09846,0.34297,0.01774,0.02347,0.03843,0.01515,0.03040,0.02088,0.01857,0.00783,0.01704,0.02878,0.01484,0.02808,0.01170,0.01459,0.01172,0.13704,0.01329,0.10900
181,0.01117,0.02400,0.02365,0.05193,0.03425,0.01059,0.02023,0.31472,0.08088,0.01720,0.00787,0.01561,0.01338,0.03959,0.01096,0.00961,0.01344,0.23555,0.04001,0.02537
182,0.01501,0.03649,0.02883,0.03834,0.04761,0.01530,0.01978,0.03601,0.38994,0.00924,0.02444,0.07637,0.00916,0.03394,0.02038,0.01247,0.01072,0.01713,0.13058,0.02825
183,0.00989,0.04017,0.03314,0.02432,0.04503,0.00854,0.03240,0.22474,0.03156,0.08008,0.05362,0.03000,0.00958,0.01922,0.00956,0.01265,0.02486,0.24249,0.03848,0.02968
184,0.05536,0.06282,0.03241,0.04861,0.03161,0.06423,0.05851,0.03859,0.01669,0.15481,0.11710,0.07685,0.00431,0.06521,0.00414,0.03409,0.01335,0.01516,0.02086,0.08526
185,0.15520,0.14539,0.05121,0.07651,0.07376,0.02790,0.01205,0.02753,0.03175,0.01397,0.04128,0.09429,0.00858,0.02983,0.00607,0.07602,0.01639,0.08791,0.00923,0.01513
186,0.06060,0.04470,0.08146,0.02663,0.06996,0.01486,0.01632,0.06747,0.04543,0.00606,0.07202,0.04365,0.15003,0.10591,0.01899,0.00349,0.04257,0.02103,0.07671,0.03213
187,0.05164,0.01732,0.01788,0.05500,0.05299,0.03856,0.01356,0.08396,0.08853,0.01935,0.05621,0.02423,0.04653,0.11063,0.05495,0.02355,0.03163,0.02038,0.05811,0.13499
188,0.00808,0.02549,0.02317,0.04557,0.02957,0.01095,0.14729,0.02949,0.03694,0.01016,0.04629,0.05606,0.01933,0.02854,0.01923,0.11432,0.26996,0.00994,0.03962,0.03002
189,0.14463,0.13144,0.01337,0.01350,0.01751,0.14127,0.01295,0.06688,0.01831,0.00524,0.01615,0.03952,0.04331,0.01715,0.01615,0.19748,0.06383,0.00713,0.01651,0.01766
190,0.04146,0.05027,0.03447,0.11449,0.01797,0.04547,0.06267,0.05580,0.04769,0.02767,0.04189,0.12922,0.03520,0.04623,0.01875,0.05621,0.08297,0.07352,0.00866,0.00939
191,0.13805,0.14951,0.02264,0.02099,0.02331,0.04301,0.02591,0.02730,0.01167,0.12192,0.20142,0.02396,0.01249,0.01879,0.00701,0.02706,0.07308,0.01044,0.01739,0.02405
192,0.01714,0.04295,0.05467,0.03367,0.07192,0.01340,0.05945,0.10059,0.02845,0.03158,0.31534,0.05495,0.01221,0.03672,0.00890,0.01084,0.02756,0.01886,0.01682,0.04397
193,0.02953,0.03962,0.03025,0.40141,0.03695,0.01903,0.04285,0.05221,0.04367,0.01327,0.04003,0.04171,0.01498,0.04532,0.01183,0.01465,0.01612,0.02876,0.03521,0.04261
194,0.07520,0.07144,0.00669,0.04823,0.11343,0.00601,0.04590,0.01096,0.02776,0.04184,0.07113,0.05051,0.00291,0.20109,0.02204,0.03734,0.07519,0.02323,0.01425,0.05484
195,0.00982,0.03068,0.02333,0.01511,0.07094,0.00534,0.02510,0.22051,0.01461,0.18716,0.15010,0.01907,0.00612,0.01848,0.00494,0.00682,0.00642,0.15388,0.01087,0.02069
196,0.06290,0.09132,0.11421,0.11328,0.06076,0.01732,0.04648,0.01304,0.01432,0.07576,0.04260,0.05013,0.00269,0.07122,0.00219,0.10380,0.00428,0.00360,0.02148,0.08863
197,0.02682,0.02600,0.01760,0.01632,0.03617,0.01797,0.01138,0.06133,0.16358,0.10881,0.05325,0.02662,0.00454,0.07586,0.26050,0.00932,0.00847,0.03230,0.01472,0.02845
198,0.00840,0.02962,0.02293,0.01835,0.08679,0.00475,0.01661,0.02799,0.01941,0.28449,0.22371,0.02631,0.01500,0.02375,0.00518,0.00686,0.00967,0.01419,0.03018,0.12580
199,0.06097,0.18359,0.00492,0.00813,0.00650,0.00297,0.00879,0.12443,0.04004,0.03996,0.14277,0.00543,0.00173,0.08803,0.01340,0.02974,0.10854,0.11337,0.00691,0.00980
200,0.00594,0.07600,0.01512,0.01715,0.01406,0.00793,0.11829,0.01753,0.02673,0.00897,0.01575,0.01558,0.00315,0.01237,0.59130,0.01179,0.00550,0.00701,0.01436,0.01546
201,0.07180,0.03184,0.00940,0.00932,0.01832,0.00188,0.06960,0.02460,0.17902,0.03043,0.06030,0.04183,0.00321,0.09837,0.17519,0.05560,0.05975,0.02845,0.01093,0.02015
202,0.00567,0.02628,0.02228,0.01707,0.29950,0.01164,0.22260,0.01611,0.01572,0.00553,0.01628,0.05379,0.00551,0.02333,0.00990,0.00605,0.00611,0.00835,0.12479,0.10348
203,0.01691,0.02732,0.02309,0.03370,0.04131,0.45982,0.02433,0.03746,0.02514,0.00975,0.02713,0.02822,0.01027,0.02483,0.02423,0.01053,0.01424,0.05807,0.07101,0.03262
204,0.01129,0.03062,0.02493,0.07386,0.03330,0.47893,0.02204,0.04197,0.02963,0.00995,0.03272,0.02701,0.00864,0.03324,0.01852,0.00957,0.01510,0.03934,0.02849,0.03085
205,0.43320,0.08448,0.00744,0.00565,0.00815,0.08537,0.00502,0.00782,0.00575,0.00170,0.00591,0.00599,0.00196,0.00660,0.00146,0.09048,0.21848,0.01306,0.00443,0.00705
206,0.00286,0.00643,0.00614,0.00951,0.20821,0.00351,0.00404,0.31983,0.00819,0.17241,0.10915,0.00486,0.00155,0.00668,0.00246,0.00745,0.00271,0.10022,0.00730,0.01648
207,0.05431,0.02520,0.01538,0.01993,0.04309,0.01048,0.01086,0.21544,0.02316,0.05324,0.03125,0.01598,0.00298,0.01544,0.00487,0.00467,0.00665,0.40021,0.03009,0.01677
208,0.00928,0.01941,0.02158,0.02652,0.02556,0.01860,0.01465,0.05979,0.04666,0.00738,0.02118,0.02073,0.00547,0.02018,0.58891,0.02374,0.00975,0.01380,0.02455,0.02227
209,0.01166,0.07642,0.00780,0.00490,0.00751,0.00330,0.01069,0.15869,0.00549,0.31582,0.07147,0.01313,0.01486,0.00373,0.00149,0.02628,0.13760,0.11815,0.00519,0.00583
210,0.01755,0.02445,0.03782,0.27657,0.02103,0.01292,0.00957,0.02528,0.04113,0.02157,0.02474,0.01701,0.29945,0.04151,0.01176,0.01329,0.04411,0.01498,0.02407,0.02120
211,0.01390,0.04293,0.02070,0.01777,0.02796,0.00623,0.02372,0.06728,0.02032,0.35274,0.11786,0.02608,0.00454,0.02646,0.00556,0.01559,0.02847,0.14294,0.01045,0.02851
212,0.01784,0.06779,0.02403,0.02851,0.01312,0.01305,0.02986,0.02551,0.02601,0.01489,0.03085,0.02881,0.02725,0.02716,0.00976,0.46552,0.02247,0.01374,0.03358,0.08025
213,0.01043,0.06539,0.02995,0.03153,0.03233,0.01096,0.04279,0.02843,0.02801,0.02889,0.02841,0.02129,0.01495,0.02715,0.50725,0.01876,0.01062,0.01092,0.02748,0.02444
214,0.01096,0.02945,0.04643,0.03015,0.03165,0.01141,0.01197,0.02551,0.04276,0.00745,0.03858,0.55826,0.00613,0.02425,0.00674,0.03253,0.01418,0.02340,0.02200,0.02619
215,0.13559,0.01421,0.01035,0.02758,0.05176,0.03862,0.01088,0.01691,0.02176,0.00488,0.01905,0.01403,0.01790,0.01658,0.00414,0.25155,0.27398,0.01899,0.01168,0.03957
216,0.04236,0.18478,0.01906,0.02494,0.01456,0.05273,0.01272,0.02777,0.02659,0.00447,0.02280,0.13293,0.00443,0.02048,0.00507,0.13319,0.21470,0.02966,0.01563,0.01116
217,0.03650,0.03817,0.01756,0.01595,0.01861,0.09177,0.38317,0.01586,0.01460,0.05349,0.18567,0.02619,0.00588,0.02418,0.01336,0.01337,0.00594,0.00735,0.01359,0.01879
218,0.01269,0.03149,0.05866,0.53492,0.02397,0.02459,0.01742,0.02631,0.07519,0.00636,0.03317,0.02135,0.00572,0.04955,0.00790,0.00600,0.00872,0.00931,0.02233,0.02435
219,0.00857,0.02315,0.02173,0.02393,0.01642,0.00925,0.01301,0.06912,0.01483,0.13658,0.45407,0.02288,0.00553,0.01446,0.00488,0.00622,0.02576,0.09542,0.01829,0.01588
220,0.00568,0.01709,0.00926,0.01344,0.29523,0.00571,0.02829,0.01119,0.01236,0.00649,0.05193,0.01135,0.00402,0.01214,0.00366,0.00294,0.00419,0.00707,0.01430,0.48365
221,0.01054,0.06853,0.02017,0.01893,0.02273,0.02591,0.01626,0.01903,0.01816,0.02638,0.01276,0.01691,0.00704,0.01906,0.01620,0.01320,0.00722,0.00796,0.51629,0.13671
222,0.04079,0.11802,0.02336,0.01722,0.03250,0.00655,0.02308,0.21650,0.02760,0.00556,0.01948,0.02006,0.01696,0.01662,0.00618,0.00738,0.01005,0.35821,0.01467,0.01921
223,0.00674,0.04385,0.01283,0.01269,0.06751,0.04266,0.00817,0.01448,0.07789,0.00377,0.01393,0.25240,0.00793,0.01474,0.00509,0.35149,0.02037,0.00615,0.01187,0.02544
224,0.08388,0.07210,0.10955,0.06312,0.00487,0.02106,0.08010,0.00832,0.04088,0.01092,0.06041,0.19959,0.00040,0.07038,0.02909,0.06474,0.04843,0.01376,0.00630,0.01208
