site,A,C,D,E,F,G,H,I,K,L,M,N,P,Q,R,S,T,V,W,Y
111,0.01465,0.21870,0.06055,0.46624,0.01174,0.01558,0.01058,0.01034,0.04506,0.00425,0.01528,0.01296,0.00730,0.01176,0.00694,0.05147,0.00725,0.01082,0.00951,0.00902
112,0.06374,0.05911,0.07558,0.11146,0.00476,0.02370,0.01401,0.05289,0.05411,0.04785,0.09955,0.05824,0.02472,0.05971,0.02696,0.07405,0.08325,0.04906,0.00260,0.01463
113,0.00921,0.02022,0.01205,0.01497,0.01561,0.00558,0.02458,0.01655,0.01461,0.02700,0.01508,0.01232,0.73252,0.01379,0.00663,0.01916,0.00740,0.00884,0.01067,0.01320
114,0.05737,0.06450,0.00696,0.03738,0.03997,0.00288,0.03556,0.09486,0.04250,0.10610,0.11730,0.02256,0.00383,0.04470,0.02620,0.06845,0.07668,0.07968,0.03115,0.04137
115,0.07397,0.11460,0.01224,0.00591,0.03016,0.05063,0.06062,0.05748,0.01710,0.09426,0.05318,0.07458,0.04298,0.07511,0.03290,0.04102,0.02325,0.07798,0.02339,0.03865
116,0.01934,0.04920,0.01014,0.01799,0.02495,0.00406,0.03544,0.08143,0.00942,0.00775,0.10249,0.01964,0.01024,0.09741,0.01328,0.01423,0.19574,0.18809,0.08160,0.01755
117,0.00901,0.03298,0.01041,0.17448,0.02130,0.00341,0.02572,0.02035,0.05771,0.04316,0.02250,0.10713,0.01507,0.25980,0.06884,0.06577,0.03177,0.00733,0.00881,0.01446
118,0.01418,0.02860,0.02647,0.01697,0.01975,0.03576,0.01488,0.01617,0.01954,0.00925,0.01614,0.04006,0.01917,0.02663,0.01403,0.46136,0.18242,0.00798,0.01268,0.01796
119,0.01542,0.04489,0.02405,0.01877,0.03897,0.01157,0.03242,0.02352,0.01742,0.01090,0.02081,0.03193,0.01449,0.01898,0.01054,0.03283,0.02504,0.00959,0.01643,0.58144
120,0.01440,0.02287,0.02009,0.04352,0.02352,0.61687,0.02344,0.02200,0.01875,0.00880,0.02216,0.01978,0.01188,0.01972,0.02393,0.00995,0.01362,0.02787,0.01551,0.02130
121,0.01146,0.02453,0.01828,0.01453,0.05454,0.00916,0.06038,0.01972,0.02242,0.01083,0.02233,0.01987,0.01074,0.02092,0.03035,0.01001,0.01465,0.00861,0.53415,0.08252
122,0.01442,0.02121,0.04297,0.01833,0.02342,0.01007,0.01883,0.04037,0.02832,0.01216,0.02163,0.57383,0.01451,0.02468,0.00874,0.02398,0.02685,0.01182,0.01702,0.04685
123,0.09221,0.15353,0.01760,0.01470,0.01329,0.00796,0.01442,0.40788,0.02005,0.04248,0.02526,0.01486,0.00997,0.01540,0.01678,0.00654,0.02265,0.07815,0.01308,0.01319
124,0.06262,0.17983,0.01410,0.00691,0.01124,0.00407,0.00875,0.16512,0.00960,0.02321,0.04802,0.00786,0.00487,0.00944,0.00309,0.00618,0.12585,0.29263,0.00784,0.00878
125,0.02191,0.02953,0.00867,0.00885,0.01414,0.03399,0.03456,0.01228,0.31164,0.00743,0.01436,0.01754,0.00945,0.04469,0.33387,0.04800,0.02149,0.00479,0.00610,0.01669
126,0.01182,0.14871,0.01125,0.01071,0.03473,0.00446,0.02481,0.02667,0.01681,0.34388,0.21498,0.01142,0.01504,0.01267,0.00704,0.00560,0.02239,0.03744,0.01212,0.02746
127,0.05413,0.02561,0.01301,0.01829,0.01427,0.02696,0.04638,0.05081,0.17946,0.03013,0.02313,0.08037,0.00405,0.06674,0.14577,0.07994,0.06395,0.04016,0.01952,0.01731
128,0.10419,0.04727,0.05756,0.04357,0.00715,0.09020,0.00817,0.00602,0.09233,0.00692,0.04393,0.05697,0.05732,0.05015,0.05567,0.11045,0.11319,0.03875,0.00452,0.00563
129,0.07924,0.06628,0.08325,0.05706,0.02214,0.08747,0.05515,0.00656,0.07871,0.01635,0.02915,0.06779,0.05104,0.10034,0.06840,0.07560,0.00734,0.00636,0.00433,0.03745
130,0.05576,0.08212,0.01129,0.03760,0.03942,0.00242,0.07772,0.10986,0.04174,0.05098,0.06329,0.01481,0.00194,0.05629,0.03087,0.04915,0.09639,0.08790,0.04217,0.04827
131,0.01742,0.01654,0.50367,0.04265,0.02024,0.01479,0.01940,0.01990,0.01939,0.00833,0.02314,0.17524,0.00849,0.01619,0.00669,0.01737,0.01145,0.01632,0.01934,0.02345
132,0.12395,0.18232,0.00983,0.00791,0.02434,0.00306,0.01254,0.15428,0.01336,0.10266,0.03258,0.01096,0.00423,0.01645,0.00322,0.00565,0.05641,0.21400,0.01062,0.01163
133,0.02149,0.04134,0.01279,0.01619,0.13738,0.00566,0.08842,0.03242,0.00675,0.09026,0.08139,0.10070,0.00293,0.05042,0.00473,0.02646,0.08552,0.00874,0.04232,0.14410
134,0.03264,0.06021,0.00689,0.01200,0.04677,0.03224,0.15419,0.02327,0.05007,0.02991,0.04163,0.07797,0.00894,0.06533,0.10523,0.05114,0.04982,0.04104,0.04614,0.06456
135,0.06466,0.11214,0.01023,0.01958,0.05766,0.00160,0.04295,0.07800,0.05944,0.08327,0.09902,0.01098,0.00224,0.09789,0.03723,0.04929,0.06771,0.05144,0.00869,0.04598
136,0.14552,0.06390,0.02416,0.01366,0.02413,0.12405,0.16696,0.02224,0.02351,0.01159,0.01709,0.04009,0.08155,0.01869,0.00573,0.08754,0.02190,0.03263,0.01632,0.05874
137,0.10585,0.07205,0.02042,0.01883,0.04461,0.01395,0.02010,0.04245,0.03263,0.04324,0.04299,0.03333,0.04818,0.03329,0.05709,0.09128,0.17439,0.02251,0.04123,0.04160
138,0.04874,0.04468,0.05761,0.26925,0.03468,0.07341,0.02042,0.05235,0.03346,0.04871,0.02186,0.02612,0.01098,0.09891,0.00504,0.03338,0.03783,0.04059,0.01324,0.02875
139,0.05618,0.06266,0.00755,0.00361,0.02281,0.07790,0.02263,0.02333,0.07044,0.03428,0.07102,0.06269,0.05233,0.08214,0.11042,0.09627,0.05072,0.03543,0.00931,0.04828
140,0.06518,0.11069,0.00815,0.00890,0.01019,0.00592,0.16684,0.05038,0.01115,0.10987,0.05950,0.01135,0.00558,0.01321,0.00677,0.09373,0.08137,0.16573,0.00648,0.00900
141,0.02731,0.02052,0.56842,0.03534,0.01747,0.01701,0.01640,0.02089,0.02554,0.01071,0.02469,0.05295,0.01109,0.02626,0.01475,0.00958,0.01225,0.02463,0.02677,0.03744
142,0.01799,0.12032,0.01987,0.02278,0.02224,0.01160,0.01794,0.04430,0.01779,0.00747,0.01952,0.01819,0.04440,0.02292,0.01187,0.01403,0.41653,0.10632,0.02528,0.01864
143,0.01228,0.01852,0.01892,0.01472,0.12792,0.01045,0.01987,0.07258,0.01925,0.32589,0.01902,0.02139,0.02512,0.02948,0.02571,0.00957,0.01163,0.17944,0.01491,0.02332
144,0.00638,0.00948,0.01579,0.01163,0.21855,0.00520,0.01516,0.13839,0.01260,0.33691,0.07284,0.01535,0.01243,0.03172,0.00705,0.00651,0.00708,0.05446,0.01018,0.01230
145,0.19852,0.32460,0.01032,0.01058,0.02505,0.00753,0.02100,0.01210,0.01214,0.00523,0.01271,0.01684,0.00675,0.01715,0.01632,0.09243,0.00769,0.16168,0.02240,0.01895
146,0.03187,0.01776,0.56305,0.02814,0.02457,0.01646,0.03275,0.02603,0.02750,0.01071,0.02104,0.04628,0.01461,0.02998,0.01314,0.00851,0.01367,0.03648,0.01286,0.02460
147,0.00754,0.00731,0.01196,0.00933,0.01039,0.00384,0.00900,0.21101,0.01605,0.21740,0.27198,0.01021,0.00536,0.00836,0.00310,0.00542,0.01232,0.16229,0.00670,0.01041
148,0.02436,0.02402,0.04288,0.01581,0.01100,0.68294,0.02387,0.01418,0.01635,0.00566,0.01309,0.01461,0.01317,0.01587,0.00935,0.02336,0.00998,0.01228,0.01170,0.01551
149,0.02751,0.01359,0.01891,0.70579,0.01304,0.03438,0.02053,0.01533,0.02827,0.00462,0.01361,0.01441,0.00835,0.02057,0.00598,0.00572,0.00790,0.01710,0.00917,0.01522
150,0.10450,0.08238,0.05440,0.07623,0.00359,0.07587,0.04714,0.00725,0.06440,0.02594,0.04529,0.07876,0.00646,0.07645,0.03047,0.11500,0.06959,0.02982,0.00210,0.00435
151,0.24234,0.09908,0.01179,0.00709,0.00844,0.20536,0.00785,0.01036,0.01431,0.02394,0.02688,0.00852,0.01333,0.00930,0.00261,0.25024,0.01713,0.02627,0.00518,0.01000
152,0.11703,0.06408,0.00623,0.00537,0.05756,0.09669,0.04912,0.00591,0.00821,0.00361,0.00732,0.10085,0.10398,0.10166,0.00223,0.15416,0.08033,0.00984,0.00447,0.02135
153,0.04680,0.05022,0.02251,0.00363,0.02988,0.02189,0.07385,0.12118,0.00950,0.09270,0.14138,0.03392,0.00278,0.05691,0.00923,0.08652,0.05762,0.10147,0.01234,0.02566
154,0.08982,0.07986,0.00853,0.00596,0.07652,0.04952,0.11098,0.01638,0.02766,0.00900,0.01200,0.04225,0.09292,0.01465,0.02051,0.09579,0.06677,0.05288,0.03958,0.08844
155,0.06648,0.04364,0.02874,0.08070,0.02603,0.02250,0.06578,0.06755,0.03422,0.05430,0.07181,0.05752,0.03997,0.08808,0.02164,0.05892,0.07626,0.06189,0.02629,0.00767
156,0.02503,0.12489,0.00875,0.02633,0.02537,0.01811,0.04311,0.23559,0.01357,0.03348,0.06367,0.03962,0.00462,0.01050,0.00717,0.01077,0.05699,0.23107,0.00777,0.01358
157,0.05377,0.02048,0.04428,0.51548,0.03116,0.03004,0.01643,0.02655,0.04474,0.01118,0.02478,0.02056,0.00938,0.03668,0.00758,0.01064,0.01371,0.03763,0.02201,0.02290
158,0.09693,0.06270,0.01313,0.22197,0.01316,0.02143,0.01375,0.01304,0.01412,0.00728,0.03329,0.05395,0.00658,0.19320,0.00455,0.06715,0.10263,0.03443,0.00823,0.01848
159,0.04421,0.07610,0.05708,0.06539,0.04291,0.04147,0.06970,0.03141,0.05712,0.02790,0.08469,0.07829,0.00778,0.07266,0.03379,0.04993,0.06914,0.02911,0.03030,0.03102
160,0.00805,0.01902,0.02221,0.02001,0.01879,0.01404,0.01628,0.02833,0.08879,0.01543,0.02318,0.02751,0.01731,0.05214,0.55335,0.01073,0.01420,0.00902,0.01582,0.02578
161,0.02511,0.20709,0.01858,0.04335,0.01660,0.00523,0.01302,0.03592,0.02306,0.00596,0.01702,0.01701,0.02134,0.02515,0.00565,0.19262,0.28358,0.00713,0.01669,0.01988
162,0.09373,0.07995,0.03496,0.08040,0.03103,0.03840,0.03755,0.04191,0.05700,0.07135,0.11775,0.05033,0.01329,0.04861,0.02330,0.05730,0.04838,0.03908,0.01199,0.02369
163,0.06102,0.04196,0.01329,0.00496,0.01177,0.05235,0.10377,0.02122,0.12209,0.02617,0.07220,0.09089,0.00235,0.06110,0.11606,0.08312,0.04564,0.03205,0.01560,0.02239
164,0.11619,0.12498,0.00547,0.01037,0.00510,0.00427,0.00638,0.10786,0.00590,0.09103,0.08844,0.00468,0.00248,0.00455,0.00136,0.04701,0.18019,0.18500,0.00358,0.00516
165,0.00337,0.02695,0.00777,0.00959,0.01974,0.00382,0.01841,0.10151,0.00869,0.33615,0.34920,0.00717,0.01432,0.00578,0.00463,0.00228,0.00368,0.06296,0.00736,0.00664
166,0.05722,0.04938,0.07699,0.08851,0.01065,0.05731,0.07708,0.00404,0.05905,0.00348,0.03208,0.08236,0.00781,0.09092,0.06148,0.07571,0.10660,0.00619,0.01264,0.04049
167,0.10845,0.13992,0.00802,0.00452,0.01284,0.00581,0.01891,0.06422,0.03106,0.12039,0.14472,0.00708,0.00428,0.00957,0.00875,0.05008,0.14065,0.09835,0.00584,0.01653
168,0.14047,0.10045,0.00749,0.01837,0.01072,0.00397,0.00905,0.18571,0.00832,0.21082,0.03057,0.00817,0.00276,0.00606,0.00278,0.00380,0.01584,0.20842,0.01736,0.00886
169,0.09540,0.05429,0.06699,0.10876,0.01516,0.09979,0.07965,0.02148,0.03774,0.00984,0.00971,0.07110,0.00407,0.08675,0.00746,0.10911,0.07643,0.02905,0.00805,0.00918
170,0.09586,0.06040,0.06853,0.04186,0.03095,0.06124,0.05943,0.03254,0.00603,0.00542,0.05529,0.08134,0.06306,0.07599,0.00226,0.07613,0.06664,0.04821,0.02434,0.04447
171,0.00914,0.02662,0.01412,0.01374,0.10614,0.01702,0.02346,0.01846,0.01480,0.01480,0.01201,0.01512,0.01067,0.02227,0.02171,0.00634,0.00940,0.00747,0.50170,0.13503
172,0.01784,0.01264,0.01577,0.01205,0.04382,0.00615,0.03519,0.05165,0.01231,0.51102,0.16005,0.01723,0.03323,0.01067,0.01015,0.00915,0.00685,0.00933,0.00997,0.01493
173,0.10225,0.03459,0.07983,0.11834,0.00283,0.03765,0.05208,0.00391,0.05579,0.02567,0.04757,0.10994,0.00119,0.09489,0.03686,0.07969,0.08622,0.02263,0.00318,0.00489
174,0.00853,0.01348,0.01372,0.04730,0.01492,0.00995,0.03292,0.03834,0.39762,0.00749,0.01842,0.02778,0.00759,0.04062,0.25916,0.00640,0.01333,0.00928,0.01362,0.01953
175,0.02679,0.05630,0.01237,0.01893,0.01528,0.02914,0.14483,0.01393,0.07042,0.01248,0.03807,0.09596,0.00433,0.09370,0.17337,0.08997,0.03064,0.01999,0.01958,0.03393
176,0.01436,0.04293,0.02147,0.02501,0.02341,0.01488,0.01363,0.02155,0.01785,0.04854,0.02032,0.01530,0.56454,0.02814,0.01485,0.02937,0.01885,0.02267,0.02037,0.02197
177,0.10540,0.05415,0.03599,0.08313,0.02510,0.12735,0.04829,0.02086,0.00442,0.04627,0.03720,0.04021,0.01241,0.08871,0.01409,0.08294,0.09956,0.01950,0.00739,0.04702
178,0.11604,0.09445,0.02117,0.14659,0.00894,0.06364,0.12777,0.01760,0.00885,0.00264,0.05952,0.09786,0.00231,0.01880,0.00190,0.08844,0.06612,0.04121,0.00556,0.01059
179,0.00906,0.03652,0.01843,0.01690,0.39151,0.00776,0.01974,0.02270,0.02487,0.02567,0.01969,0.01854,0.01622,0.01896,0.00904,0.03014,0.01236,0.01318,0.20428,0.08442
180,0.12787,0.44568,0.01216,0.01473,0.01744,0.01583,0.01813,0.01375,0.01245,0.00630,0.01148,0.01757,0.01030,0.01764,0.03347,0.02315,0.00871,0.11228,0.01753,0.06352
181,0.00939,0.01649,0.01650,0.02569,0.02160,0.00984,0.01447,0.46543,0.03420,0.01458,0.03071,0.01250,0.01143,0.02245,0.01226,0.00827,0.02347,0.21050,0.02289,0.01734
182,0.01300,0.02054,0.01967,0.03394,0.02610,0.01355,0.01506,0.02238,0.59770,0.00836,0.02286,0.02501,0.00763,0.03444,0.04352,0.01087,0.01701,0.01339,0.03573,0.01925
183,0.02753,0.04133,0.01970,0.02334,0.02238,0.01099,0.01851,0.21326,0.01806,0.13813,0.03732,0.01811,0.00769,0.01262,0.00733,0.00970,0.01048,0.32442,0.02041,0.01869
184,0.02254,0.05338,0.02023,0.05489,0.02106,0.04363,0.08685,0.04339,0.01207,0.20764,0.15908,0.06493,0.00848,0.07442,0.00749,0.02639,0.01997,0.02570,0.01502,0.03285
185,0.10585,0.29013,0.03278,0.03871,0.03033,0.01496,0.01348,0.03829,0.02359,0.02178,0.04130,0.14279,0.00945,0.03987,0.00998,0.05111,0.02113,0.03406,0.01815,0.02225
186,0.03229,0.03314,0.03814,0.02579,0.03452,0.01882,0.02001,0.03654,0.03221,0.03554,0.03710,0.02971,0.41064,0.03724,0.01872,0.02170,0.04760,0.02257,0.03776,0.02997
187,0.03258,0.04228,0.03180,0.03513,0.05110,0.02919,0.02569,0.03964,0.04036,0.02160,0.03499,0.04560,0.02996,0.04242,0.03308,0.04138,0.02699,0.02060,0.03424,0.34137
188,0.02764,0.02038,0.01850,0.02709,0.02211,0.01040,0.03742,0.01697,0.02209,0.00995,0.02669,0.01822,0.02659,0.01921,0.02241,0.15216,0.46460,0.00949,0.02593,0.02215
189,0.11923,0.09603,0.01218,0.01208,0.01431,0.11475,0.01132,0.01999,0.01391,0.00498,0.01325,0.03583,0.06507,0.01444,0.00762,0.30031,0.10993,0.00649,0.01330,0.01499
190,0.03752,0.05501,0.03449,0.04855,0.00989,0.04300,0.05393,0.04359,0.08226,0.05379,0.07408,0.08042,0.03887,0.07298,0.04583,0.04868,0.07806,0.07848,0.00893,0.01165
191,0.20569,0.21024,0.00926,0.00885,0.01273,0.02271,0.01030,0.03754,0.00757,0.12351,0.15310,0.00900,0.00597,0.00830,0.00892,0.05412,0.06636,0.02873,0.00742,0.00967
192,0.01531,0.02267,0.02481,0.01869,0.09405,0.00940,0.05009,0.05469,0.03706,0.04183,0.40885,0.02500,0.00855,0.03698,0.00750,0.00846,0.05060,0.02465,0.01194,0.04887
193,0.02382,0.02007,0.04143,0.52727,0.02014,0.04234,0.02121,0.02454,0.04453,0.00982,0.03476,0.02266,0.01026,0.03952,0.00892,0.01454,0.01147,0.03972,0.02053,0.02245
194,0.07570,0.05865,0.00542,0.04626,0.08576,0.00313,0.05279,0.02259,0.05264,0.05895,0.08460,0.02231,0.00684,0.10739,0.04191,0.06539,0.08740,0.04366,0.01729,0.06133
195,0.00623,0.04121,0.01399,0.00983,0.08992,0.00388,0.01440,0.19955,0.01775,0.22109,0.16520,0.01199,0.00444,0.01106,0.00908,0.00492,0.01281,0.14281,0.00711,0.01274
196,0.04082,0.08763,0.13086,0.10628,0.06631,0.01248,0.04155,0.01347,0.03114,0.11370,0.05070,0.05862,0.00163,0.07611,0.00218,0.06577,0.00396,0.00468,0.02571,0.06641
197,0.01670,0.01597,0.01072,0.01239,0.04092,0.01485,0.01203,0.07697,0.18822,0.11374,0.04226,0.01475,0.00327,0.07593,0.27303,0.00760,0.01068,0.03200,0.01154,0.02643
198,0.00959,0.03978,0.01357,0.01100,0.13741,0.00338,0.01053,0.01554,0.01172,0.32258,0.18509,0.01451,0.02255,0.01802,0.00368,0.00480,0.00635,0.02586,0.04228,0.10174
199,0.04504,0.23019,0.00214,0.00627,0.00374,0.00196,0.00882,0.16707,0.00771,0.04938,0.10388,0.00233,0.00093,0.05880,0.01812,0.03638,0.12824,0.12346,0.00265,0.00289
200,0.00592,0.03446,0.01045,0.01146,0.00945,0.01353,0.07708,0.01196,0.02959,0.00529,0.01010,0.01210,0.00426,0.00916,0.72136,0.00386,0.00402,0.00541,0.01001,0.01051
201,0.05986,0.03725,0.00576,0.00545,0.02007,0.00912,0.11526,0.03231,0.16023,0.04027,0.04689,0.03815,0.00203,0.08423,0.17184,0.03772,0.05006,0.04559,0.01651,0.02140
202,0.00447,0.01455,0.02181,0.01157,0.19207,0.00826,0.27209,0.01789,0.01062,0.00468,0.01048,0.02525,0.00789,0.01867,0.03418,0.00481,0.00476,0.00989,0.18298,0.14306
203,0.00837,0.01882,0.01669,0.03896,0.02268,0.66469,0.01737,0.02130,0.01708,0.00824,0.01810,0.01913,0.00924,0.01786,0.03014,0.00863,0.01180,0.01526,0.01470,0.02095
204,0.00932,0.01909,0.01678,0.04296,0.01893,0.66085,0.01521,0.02215,0.01784,0.00822,0.02071,0.01804,0.00710,0.01938,0.03220,0.00775,0.01107,0.01676,0.01645,0.01919
205,0.33091,0.12732,0.00298,0.00844,0.00314,0.05205,0.00194,0.00541,0.00223,0.00069,0.00232,0.00240,0.00093,0.00266,0.00383,0.11905,0.32673,0.00253,0.00169,0.00273
206,0.00240,0.00673,0.00515,0.00756,0.14015,0.00315,0.00367,0.33261,0.00719,0.22757,0.14341,0.00424,0.00187,0.00598,0.00235,0.01139,0.00242,0.08019,0.00650,0.00545
207,0.04591,0.03995,0.01800,0.01287,0.01561,0.01754,0.00783,0.17213,0.01447,0.06771,0.02412,0.01046,0.00240,0.01082,0.00377,0.00379,0.00644,0.49810,0.01706,0.01103
208,0.00667,0.01260,0.01371,0.01928,0.01530,0.03847,0.00971,0.01993,0.03777,0.00542,0.01311,0.01397,0.00427,0.01742,0.69590,0.02999,0.00783,0.00946,0.01564,0.01357
209,0.01443,0.11410,0.00609,0.00447,0.00600,0.00197,0.01280,0.14698,0.00440,0.27020,0.07556,0.02278,0.00424,0.00304,0.00124,0.03525,0.12680,0.14074,0.00428,0.00464
210,0.02001,0.01962,0.02377,0.04955,0.01816,0.01264,0.01096,0.01874,0.02387,0.05105,0.02124,0.01538,0.56375,0.03380,0.00938,0.04285,0.01200,0.01465,0.02005,0.01852
211,0.01691,0.05517,0.01391,0.01441,0.01908,0.00655,0.01417,0.05944,0.01306,0.43419,0.09129,0.01639,0.00370,0.03835,0.00452,0.02184,0.01999,0.11361,0.01515,0.02829
212,0.01662,0.07491,0.01529,0.01781,0.02810,0.01011,0.01857,0.01697,0.01658,0.01137,0.01800,0.01771,0.01947,0.01677,0.00765,0.61183,0.02351,0.01051,0.02024,0.02797
213,0.00872,0.03287,0.01801,0.01877,0.01978,0.01534,0.03210,0.01927,0.01783,0.01954,0.01741,0.01511,0.00953,0.01831,0.67975,0.00790,0.00866,0.00848,0.01748,0.01514
214,0.00733,0.01614,0.05735,0.01693,0.01647,0.01008,0.01468,0.02583,0.02472,0.00523,0.01913,0.64500,0.00460,0.01448,0.00481,0.02769,0.02508,0.01389,0.01310,0.03746
215,0.13661,0.01152,0.00921,0.02006,0.05561,0.01569,0.00986,0.01394,0.01682,0.00480,0.01468,0.01150,0.02063,0.01404,0.00430,0.38645,0.22320,0.00728,0.01047,0.01334
216,0.01598,0.13090,0.01609,0.01558,0.01031,0.00587,0.01083,0.03092,0.01837,0.00371,0.01146,0.16991,0.01095,0.02998,0.00690,0.16599,0.26547,0.06214,0.01071,0.00792
217,0.00871,0.01857,0.02144,0.01334,0.01206,0.01044,0.57086,0.01332,0.01261,0.01333,0.15196,0.01035,0.01031,0.04503,0.02395,0.00786,0.00602,0.00706,0.01144,0.03133
218,0.01407,0.02316,0.01580,0.70278,0.01576,0.02123,0.01304,0.01733,0.02932,0.00524,0.01925,0.01538,0.00513,0.02295,0.00720,0.00517,0.01058,0.02620,0.01497,0.01543
219,0.01066,0.01426,0.01451,0.01566,0.01296,0.00908,0.01003,0.05330,0.01686,0.11873,0.61221,0.01625,0.00494,0.01089,0.01039,0.00535,0.01518,0.02359,0.01387,0.01130
220,0.00437,0.03864,0.01005,0.00972,0.22104,0.00448,0.02574,0.00825,0.00848,0.00556,0.02374,0.01721,0.00316,0.00844,0.00340,0.00412,0.00319,0.00535,0.00988,0.58520
221,0.00804,0.02977,0.01340,0.01200,0.02563,0.03278,0.01076,0.01218,0.01185,0.00772,0.00865,0.01188,0.00534,0.01294,0.01483,0.00478,0.00550,0.00588,0.63297,0.13312
222,0.02472,0.05892,0.02665,0.01383,0.01895,0.00710,0.01701,0.15696,0.01853,0.01141,0.01467,0.01599,0.01279,0.01269,0.00567,0.00652,0.01506,0.53589,0.01228,0.01435
223,0.01373,0.02053,0.01252,0.00946,0.05127,0.01331,0.00643,0.01057,0.02503,0.00329,0.01054,0.30323,0.01363,0.01017,0.00325,0.45733,0.01211,0.00492,0.00863,0.01005
224,0.09385,0.09202,0.11912,0.05974,0.00407,0.02509,0.08468,0.00423,0.04520,0.00717,0.04062,0.16706,0.00034,0.09106,0.03740,0.06448,0.05377,0.00383,0.00258,0.00370
