site,A,C,D,E,F,G,H,I,K,L,M,N,P,Q,R,S,T,V,W,Y
111,0.02983,0.17960,0.07335,0.40828,0.01994,0.00245,0.01608,0.01607,0.03584,0.00605,0.01914,0.02153,0.01066,0.01540,0.00677,0.09154,0.01091,0.00784,0.01507,0.01364
112,0.04562,0.06202,0.10012,0.22506,0.01102,0.03725,0.01245,0.03998,0.05456,0.03792,0.07649,0.04424,0.01847,0.04053,0.01570,0.06475,0.05691,0.03745,0.00714,0.01230
113,0.00718,0.01900,0.01847,0.02447,0.02801,0.00714,0.04333,0.02798,0.02433,0.03093,0.02831,0.01941,0.62408,0.02610,0.00707,0.00554,0.01104,0.01007,0.01648,0.02105
114,0.06477,0.08071,0.01300,0.02870,0.02779,0.00305,0.02459,0.11476,0.04190,0.11339,0.13375,0.01765,0.00508,0.04547,0.01983,0.04276,0.05549,0.10798,0.02071,0.03862
115,0.06264,0.09780,0.01273,0.01165,0.04241,0.04562,0.09192,0.04510,0.01628,0.11333,0.06579,0.07607,0.03542,0.08241,0.02635,0.03649,0.01652,0.06146,0.02462,0.03541
116,0.02350,0.03364,0.01485,0.01096,0.04203,0.00203,0.03745,0.06285,0.01209,0.02000,0.09547,0.02507,0.00810,0.06701,0.00733,0.00930,0.29767,0.15494,0.05725,0.01846
117,0.01043,0.03647,0.01980,0.15132,0.03525,0.00535,0.01688,0.04419,0.07141,0.04716,0.02465,0.08974,0.01380,0.25977,0.05724,0.04208,0.02266,0.00923,0.01517,0.02739
118,0.01225,0.02139,0.02645,0.02911,0.03500,0.05980,0.02293,0.04937,0.03309,0.01143,0.02468,0.02518,0.01535,0.06479,0.01646,0.36047,0.12943,0.01038,0.02050,0.03193
119,0.02279,0.04545,0.02179,0.03013,0.04508,0.01496,0.04433,0.04466,0.02926,0.00973,0.03663,0.04196,0.02149,0.03056,0.01062,0.01919,0.05016,0.01231,0.02493,0.44400
120,0.01842,0.03821,0.03038,0.03239,0.04219,0.43589,0.04412,0.04028,0.02879,0.01018,0.03760,0.03021,0.01561,0.03310,0.01248,0.01175,0.01803,0.03847,0.04622,0.03567
121,0.01612,0.03858,0.03043,0.02269,0.05426,0.00660,0.05298,0.03299,0.04397,0.01542,0.04649,0.03595,0.01479,0.03624,0.02843,0.01625,0.02271,0.01114,0.40971,0.06424
122,0.02057,0.03988,0.02492,0.02979,0.04325,0.00794,0.02339,0.03482,0.05921,0.01601,0.04044,0.43374,0.02058,0.04518,0.01078,0.01572,0.04261,0.01608,0.02635,0.04874
123,0.06240,0.11379,0.03551,0.02749,0.02482,0.01232,0.02719,0.37794,0.02346,0.05454,0.02154,0.02724,0.01711,0.03109,0.01389,0.00989,0.00665,0.06407,0.02379,0.02525
124,0.07941,0.18345,0.01592,0.00795,0.01613,0.00207,0.01138,0.14410,0.01257,0.01429,0.03924,0.01013,0.00588,0.01270,0.00361,0.01310,0.18174,0.22559,0.00977,0.01097
125,0.01395,0.02476,0.01711,0.01623,0.02281,0.01904,0.05613,0.02718,0.22390,0.01095,0.01991,0.02430,0.01332,0.03575,0.36280,0.05662,0.01535,0.00659,0.00959,0.02371
126,0.01110,0.09387,0.01651,0.01502,0.01738,0.00551,0.01111,0.03988,0.02954,0.27104,0.31655,0.01661,0.00448,0.01926,0.00782,0.00690,0.01657,0.02323,0.01740,0.06022
127,0.03114,0.01925,0.01690,0.00423,0.02382,0.02860,0.03663,0.05328,0.20788,0.01975,0.02102,0.06985,0.00757,0.08738,0.18113,0.05326,0.07712,0.02812,0.01519,0.01790
128,0.15313,0.03904,0.04122,0.03732,0.01619,0.10180,0.01041,0.02310,0.05970,0.00595,0.03299,0.04596,0.04461,0.03336,0.03939,0.14909,0.11690,0.02749,0.00982,0.01251
129,0.07207,0.04294,0.06970,0.06009,0.03651,0.08606,0.06543,0.00996,0.05935,0.03631,0.03461,0.05628,0.06285,0.09750,0.06827,0.06936,0.01624,0.00714,0.00830,0.04102
130,0.04906,0.08796,0.00994,0.02260,0.02865,0.00368,0.11924,0.13633,0.03154,0.03959,0.04810,0.02552,0.00216,0.05368,0.02594,0.05105,0.08725,0.07292,0.05675,0.04802
131,0.01094,0.02305,0.40315,0.06651,0.03647,0.00648,0.01864,0.03593,0.03410,0.01177,0.04777,0.13767,0.01129,0.02776,0.00890,0.01186,0.01683,0.01523,0.03571,0.03993
132,0.12552,0.19252,0.00727,0.01036,0.03487,0.00248,0.01858,0.11620,0.02106,0.08219,0.03299,0.01614,0.00545,0.02714,0.00421,0.02168,0.07466,0.17729,0.01301,0.01639
133,0.01863,0.06707,0.00870,0.01003,0.14281,0.00814,0.11091,0.02121,0.01200,0.06391,0.06758,0.13528,0.00461,0.04064,0.00452,0.02781,0.08649,0.00722,0.03379,0.12864
134,0.02283,0.04070,0.02219,0.02934,0.04913,0.02080,0.19777,0.02326,0.04127,0.02298,0.03356,0.06624,0.00693,0.06443,0.10536,0.02934,0.02967,0.02921,0.06078,0.10419
135,0.06982,0.11874,0.01244,0.01118,0.05859,0.00999,0.04788,0.07781,0.05003,0.05812,0.08184,0.03852,0.00257,0.09437,0.03757,0.05904,0.06185,0.04624,0.00780,0.05561
136,0.11567,0.04779,0.03074,0.03317,0.02947,0.08194,0.18263,0.02878,0.03782,0.01038,0.02577,0.04904,0.09544,0.03056,0.00556,0.06304,0.01314,0.03349,0.02677,0.05881
137,0.06996,0.07531,0.05653,0.02011,0.06993,0.01128,0.02585,0.06396,0.04750,0.03077,0.06396,0.04451,0.02054,0.03539,0.03783,0.08017,0.11288,0.01007,0.06447,0.05899
138,0.07048,0.02948,0.08057,0.20597,0.03855,0.06064,0.02701,0.05505,0.01557,0.02994,0.05643,0.04623,0.01412,0.09299,0.00576,0.04360,0.02381,0.03420,0.01899,0.05060
139,0.06291,0.06008,0.00758,0.00339,0.02282,0.07566,0.03258,0.01807,0.04707,0.03269,0.06342,0.07782,0.05395,0.08300,0.10397,0.10289,0.05797,0.04259,0.01106,0.04048
140,0.07013,0.08846,0.00960,0.01077,0.00725,0.00203,0.22448,0.04563,0.01385,0.11848,0.06277,0.02262,0.00640,0.01536,0.00787,0.08009,0.06665,0.13359,0.00241,0.01157
141,0.01452,0.02679,0.35450,0.03864,0.02402,0.00469,0.01987,0.03043,0.04417,0.01100,0.03875,0.03651,0.01186,0.04617,0.01708,0.00898,0.01315,0.01052,0.05122,0.19713
142,0.00751,0.17109,0.02542,0.03170,0.03062,0.01188,0.02184,0.03646,0.02113,0.00689,0.02588,0.02120,0.02100,0.02990,0.01159,0.00833,0.25364,0.19694,0.04230,0.02466
143,0.01527,0.02367,0.02676,0.01925,0.12342,0.00872,0.02919,0.12787,0.02543,0.22118,0.02546,0.03207,0.01189,0.01449,0.01285,0.01022,0.01372,0.19390,0.01939,0.04527
144,0.00872,0.01451,0.02477,0.01775,0.25577,0.00664,0.01790,0.09596,0.01993,0.27824,0.06762,0.02281,0.00179,0.02652,0.00402,0.00690,0.01069,0.08772,0.01438,0.01738
145,0.17148,0.29566,0.01694,0.01629,0.03517,0.00457,0.02311,0.02083,0.01959,0.00751,0.02096,0.03166,0.01006,0.03301,0.01506,0.06765,0.01145,0.16782,0.01400,0.01719
146,0.01578,0.02359,0.35959,0.01779,0.04126,0.01776,0.09530,0.04837,0.04992,0.01117,0.03069,0.09223,0.01684,0.05732,0.00970,0.00873,0.01546,0.03252,0.01448,0.04152
147,0.01018,0.01644,0.02664,0.02109,0.02374,0.00746,0.01911,0.25524,0.01930,0.16169,0.18415,0.02231,0.01076,0.01735,0.00543,0.01149,0.00780,0.14201,0.01420,0.02361
148,0.02163,0.06846,0.06431,0.02441,0.01545,0.54977,0.03179,0.02112,0.02653,0.00672,0.01927,0.02280,0.01517,0.02640,0.00784,0.00558,0.01362,0.01836,0.01805,0.02270
149,0.02904,0.02195,0.04552,0.59757,0.02062,0.04308,0.04324,0.02647,0.01030,0.00600,0.02260,0.02434,0.01153,0.02160,0.00797,0.00752,0.01113,0.01253,0.01358,0.02341
150,0.09590,0.10466,0.04363,0.12866,0.00381,0.06840,0.04844,0.00457,0.08801,0.01531,0.04443,0.05628,0.00299,0.08862,0.03664,0.08746,0.05336,0.02167,0.00216,0.00499
151,0.32337,0.07495,0.01537,0.00872,0.01160,0.16705,0.01085,0.01387,0.01362,0.01715,0.02588,0.01197,0.00189,0.01184,0.00310,0.20736,0.02818,0.03351,0.00639,0.01333
152,0.12390,0.05896,0.00914,0.00739,0.03700,0.11418,0.03797,0.00888,0.01069,0.00356,0.00930,0.14972,0.07804,0.09687,0.00299,0.14064,0.06909,0.00869,0.00657,0.02644
153,0.03504,0.04184,0.01408,0.00546,0.03386,0.03656,0.07343,0.16188,0.00961,0.08864,0.12782,0.02273,0.00514,0.04462,0.00682,0.10483,0.04932,0.10639,0.00851,0.02343
154,0.09724,0.08035,0.01193,0.01211,0.05489,0.05230,0.10785,0.01185,0.02329,0.01318,0.01662,0.05391,0.09925,0.01237,0.01475,0.10531,0.06452,0.05565,0.03976,0.07286
155,0.05343,0.03337,0.06696,0.09692,0.02238,0.02176,0.05552,0.10380,0.02852,0.04652,0.04688,0.05671,0.02905,0.08464,0.01193,0.05713,0.08225,0.07695,0.01922,0.00605
156,0.01952,0.09845,0.01446,0.01620,0.02447,0.01189,0.02917,0.31603,0.02577,0.02396,0.05144,0.03793,0.00712,0.01735,0.00701,0.00885,0.03645,0.22003,0.01360,0.02032
157,0.05512,0.03003,0.10077,0.33100,0.06935,0.01587,0.02013,0.05122,0.03325,0.01227,0.04309,0.02941,0.01073,0.05118,0.00821,0.01207,0.01552,0.04406,0.03364,0.03306
158,0.06092,0.04838,0.08249,0.23687,0.02976,0.00937,0.01962,0.02609,0.05437,0.00883,0.04103,0.04788,0.01119,0.15350,0.00790,0.03647,0.06220,0.01945,0.01497,0.02871
159,0.06601,0.08976,0.03587,0.06093,0.04758,0.03750,0.04303,0.03218,0.04487,0.02057,0.05702,0.06583,0.01122,0.12442,0.01792,0.07610,0.07710,0.04084,0.02948,0.02176
160,0.00905,0.02809,0.03327,0.02912,0.02967,0.00719,0.02224,0.05236,0.09434,0.02880,0.03693,0.05414,0.03791,0.05022,0.37406,0.01201,0.01818,0.01022,0.01984,0.05235
161,0.03512,0.21347,0.02729,0.16606,0.02562,0.00575,0.01388,0.01259,0.03779,0.00653,0.02473,0.01984,0.00681,0.02037,0.00905,0.12032,0.19495,0.00847,0.02283,0.02855
162,0.10673,0.06037,0.03543,0.09127,0.03377,0.02610,0.04695,0.07488,0.04595,0.08904,0.09767,0.06275,0.00843,0.04717,0.01371,0.02798,0.03273,0.05833,0.02304,0.01769
163,0.05700,0.05432,0.01031,0.00457,0.01738,0.04395,0.10211,0.02701,0.13060,0.02084,0.06085,0.08370,0.00358,0.06415,0.12132,0.08082,0.04099,0.02538,0.01113,0.03999
164,0.14940,0.12746,0.00732,0.00693,0.00637,0.00662,0.00778,0.10498,0.00771,0.07763,0.07350,0.02878,0.00216,0.00801,0.00159,0.06230,0.15648,0.15461,0.00390,0.00648
165,0.00396,0.04642,0.00972,0.01279,0.00821,0.00437,0.01204,0.12405,0.01097,0.27319,0.37572,0.00924,0.02067,0.00707,0.00424,0.00286,0.00437,0.05215,0.00900,0.00898
166,0.08306,0.05482,0.07100,0.08935,0.00430,0.07515,0.06535,0.00608,0.03296,0.00386,0.02748,0.08183,0.01187,0.08820,0.03486,0.09324,0.09566,0.00739,0.01954,0.05402
167,0.10942,0.13309,0.00715,0.00566,0.03055,0.00359,0.01246,0.08621,0.02681,0.10545,0.12320,0.01550,0.00373,0.00707,0.00762,0.05551,0.15207,0.09513,0.00430,0.01545
168,0.12655,0.13555,0.01112,0.01051,0.01393,0.00601,0.01191,0.15868,0.01162,0.19045,0.05405,0.01059,0.00324,0.00827,0.00357,0.00417,0.01140,0.20618,0.01066,0.01154
169,0.08276,0.05274,0.09073,0.10913,0.01446,0.09534,0.07617,0.01316,0.02219,0.00643,0.00918,0.08840,0.00323,0.06917,0.00361,0.11639,0.08259,0.03916,0.01648,0.00868
170,0.10816,0.06239,0.10271,0.05479,0.02751,0.06734,0.05086,0.02483,0.01014,0.00438,0.05749,0.04673,0.05268,0.04579,0.00258,0.07892,0.07952,0.03274,0.01571,0.07470
171,0.00928,0.05928,0.01781,0.01651,0.14244,0.00405,0.03560,0.02710,0.01758,0.01241,0.01445,0.01755,0.00992,0.01472,0.00870,0.00597,0.00900,0.00830,0.32249,0.24685
172,0.00769,0.01831,0.02644,0.01745,0.06628,0.00723,0.03497,0.06460,0.01957,0.39684,0.18791,0.02919,0.03696,0.01562,0.00986,0.00871,0.00866,0.00768,0.01483,0.02120
173,0.08611,0.03317,0.08367,0.14606,0.00555,0.04829,0.05410,0.00488,0.05498,0.01657,0.06128,0.09331,0.00238,0.08861,0.02423,0.07125,0.09078,0.02317,0.00463,0.00696
174,0.01217,0.01989,0.02219,0.02621,0.02345,0.00848,0.02227,0.04832,0.31890,0.00961,0.03207,0.05022,0.00940,0.02975,0.29233,0.00866,0.00895,0.01251,0.02117,0.02346
175,0.02136,0.04559,0.01131,0.01197,0.02543,0.03778,0.15995,0.02678,0.08918,0.00984,0.03219,0.09420,0.00579,0.08369,0.15131,0.08974,0.02795,0.01329,0.01330,0.04931
176,0.01458,0.04365,0.03692,0.04860,0.03549,0.01852,0.01744,0.03506,0.02852,0.05881,0.03599,0.02091,0.38311,0.07320,0.01077,0.00612,0.04502,0.01896,0.02961,0.03872
177,0.09435,0.04658,0.03746,0.07003,0.03022,0.12147,0.05056,0.01775,0.00660,0.04693,0.06166,0.03255,0.00944,0.06901,0.01379,0.08076,0.11051,0.04204,0.01775,0.04054
178,0.11187,0.06561,0.02793,0.13460,0.01573,0.08053,0.15124,0.02501,0.01456,0.00408,0.04654,0.07862,0.00383,0.02262,0.00290,0.07583,0.08372,0.03048,0.00886,0.01542
179,0.01174,0.03989,0.02762,0.02849,0.27908,0.00938,0.03316,0.02063,0.04854,0.02589,0.03286,0.02796,0.01532,0.03012,0.01087,0.01038,0.01677,0.00835,0.23299,0.08996
180,0.09292,0.33700,0.01693,0.02236,0.03643,0.01706,0.02894,0.01991,0.01770,0.00748,0.01625,0.02755,0.01420,0.02681,0.01548,0.01833,0.01117,0.12022,0.01405,0.13920
181,0.01077,0.02312,0.02281,0.05008,0.03303,0.01020,0.01945,0.31141,0.08433,0.01434,0.00757,0.01504,0.01289,0.03816,0.00911,0.00926,0.01412,0.25129,0.03855,0.02445
182,0.01499,0.03598,0.02880,0.03787,0.04684,0.01512,0.01971,0.03596,0.40260,0.00916,0.02011,0.05932,0.00903,0.04085,0.02852,0.01238,0.00842,0.01695,0.12926,0.02814
183,0.01392,0.04418,0.03375,0.02394,0.04580,0.00869,0.03298,0.21368,0.03211,0.09483,0.02846,0.03053,0.00975,0.01957,0.00973,0.01287,0.02549,0.25039,0.03914,0.03019
184,0.04339,0.05748,0.03255,0.04518,0.03197,0.05530,0.06104,0.04185,0.01687,0.16173,0.13593,0.07306,0.00501,0.06810,0.00333,0.02732,0.01181,0.01636,0.02085,0.09087
185,0.13053,0.15725,0.05395,0.07943,0.06410,0.02121,0.01259,0.02865,0.03274,0.01515,0.04441,0.11482,0.00884,0.03101,0.00429,0.06743,0.01461,0.09372,0.00992,0.01535
186,0.04742,0.04619,0.08761,0.02771,0.07319,0.01530,0.01734,0.06911,0.04708,0.00661,0.07530,0.04499,0.16450,0.08277,0.01685,0.00361,0.03848,0.02204,0.07979,0.03412
187,0.05063,0.01644,0.01749,0.05373,0.05630,0.03795,0.01446,0.08288,0.08872,0.01902,0.05567,0.02380,0.04488,0.10918,0.05501,0.02749,0.03103,0.01992,0.05750,0.13790
188,0.00880,0.02573,0.02327,0.04573,0.02972,0.01105,0.14560,0.03345,0.03684,0.01020,0.04639,0.03801,0.01550,0.02867,0.01625,0.12215,0.28209,0.01003,0.04016,0.03033
189,0.13375,0.12035,0.01404,0.01405,0.01841,0.12815,0.01350,0.06421,0.01902,0.00547,0.01686,0.04534,0.04638,0.01784,0.01500,0.21306,0.07164,0.00740,0.01711,0.01843
190,0.04018,0.05034,0.03404,0.09796,0.01119,0.04509,0.06758,0.05419,0.05506,0.03444,0.05087,0.11043,0.03755,0.05456,0.02379,0.05430,0.08207,0.07858,0.00855,0.00922
191,0.16002,0.17162,0.02088,0.01958,0.02160,0.03803,0.02422,0.02966,0.01088,0.11540,0.18337,0.02071,0.01158,0.01732,0.00693,0.02944,0.06617,0.01418,0.01606,0.02238
192,0.01583,0.03980,0.05178,0.03092,0.08501,0.01229,0.05979,0.10971,0.02797,0.03647,0.29990,0.05057,0.01128,0.03662,0.00831,0.01000,0.03821,0.01693,0.01568,0.04290
193,0.03684,0.03922,0.03405,0.40791,0.03705,0.02740,0.04282,0.05215,0.02440,0.01328,0.04006,0.04163,0.01495,0.03746,0.01185,0.01463,0.01609,0.03048,0.03511,0.04264
194,0.07408,0.07233,0.00653,0.04449,0.10532,0.00588,0.04705,0.01249,0.03521,0.04715,0.07804,0.04138,0.00256,0.18156,0.02808,0.04604,0.07484,0.02659,0.01345,0.05693
195,0.00919,0.02988,0.02293,0.01484,0.06995,0.00526,0.02465,0.21448,0.01629,0.19900,0.15025,0.01877,0.00604,0.01831,0.00532,0.00673,0.00375,0.15312,0.01075,0.02049
196,0.05923,0.09763,0.10588,0.11102,0.06100,0.02056,0.04618,0.01308,0.01626,0.08392,0.04423,0.05352,0.00263,0.06600,0.00213,0.09708,0.00419,0.00421,0.02272,0.08854
197,0.02032,0.02291,0.01595,0.01478,0.03417,0.01402,0.01101,0.06499,0.19035,0.10559,0.04822,0.02410,0.00352,0.10912,0.23957,0.00829,0.00806,0.02514,0.01337,0.02652
198,0.00831,0.03196,0.02198,0.01762,0.11367,0.00456,0.01595,0.02683,0.01865,0.27612,0.22975,0.02530,0.01529,0.02149,0.00348,0.00659,0.00929,0.01444,0.03080,0.10793
199,0.05353,0.22125,0.00446,0.00669,0.00591,0.00276,0.01117,0.12763,0.03407,0.03921,0.12955,0.00494,0.00157,0.07787,0.01058,0.03233,0.10356,0.11743,0.00578,0.00970
200,0.00583,0.07489,0.01489,0.01685,0.01382,0.00861,0.11757,0.01728,0.02755,0.00719,0.01556,0.01538,0.00314,0.01220,0.59772,0.00982,0.00541,0.00691,0.01413,0.01526
201,0.06817,0.03694,0.00927,0.00917,0.01998,0.00107,0.08000,0.02678,0.17472,0.03389,0.05250,0.03870,0.00317,0.10011,0.17378,0.05284,0.05714,0.03226,0.00781,0.02172
202,0.00530,0.02379,0.02428,0.01604,0.28616,0.01083,0.21131,0.01569,0.01473,0.00495,0.01515,0.03937,0.00431,0.02428,0.01342,0.00565,0.00573,0.00777,0.15641,0.11484
203,0.01396,0.02722,0.02296,0.04622,0.04086,0.47348,0.02433,0.03730,0.02514,0.00966,0.02680,0.02787,0.01034,0.02480,0.02114,0.01035,0.01421,0.04871,0.06262,0.03204
204,0.01120,0.03028,0.02473,0.07305,0.03299,0.48921,0.02184,0.04165,0.02935,0.00986,0.03237,0.02677,0.00856,0.03299,0.01986,0.00948,0.01498,0.03200,0.02820,0.03061
205,0.40031,0.09516,0.00674,0.00691,0.00739,0.07481,0.00455,0.00739,0.00521,0.00154,0.00536,0.00543,0.00178,0.00597,0.00161,0.09586,0.25175,0.01181,0.00402,0.00639
206,0.00294,0.00662,0.00633,0.00979,0.18377,0.00362,0.00417,0.33369,0.00841,0.18049,0.11758,0.00501,0.00159,0.00688,0.00253,0.00749,0.00279,0.09420,0.00755,0.01452
207,0.05621,0.02750,0.01422,0.01943,0.04036,0.01103,0.01057,0.22708,0.02249,0.05328,0.03013,0.01544,0.00289,0.01493,0.00470,0.00454,0.00640,0.39366,0.02892,0.01621
208,0.00919,0.01920,0.02149,0.02628,0.02526,0.02534,0.01449,0.05010,0.04909,0.00732,0.02097,0.02072,0.00544,0.02010,0.59799,0.01812,0.00895,0.01361,0.02430,0.02203
209,0.00622,0.08613,0.00788,0.00496,0.00767,0.00159,0.01097,0.16408,0.00555,0.30805,0.06719,0.01601,0.01167,0.00379,0.00151,0.02835,0.13518,0.12203,0.00527,0.00591
210,0.01761,0.02461,0.03802,0.27990,0.02104,0.01295,0.00965,0.02548,0.04110,0.02454,0.02480,0.01713,0.30844,0.03274,0.00967,0.01865,0.03278,0.01549,0.02418,0.02123
211,0.01532,0.04871,0.02131,0.01592,0.02756,0.00683,0.02438,0.06317,0.02079,0.37055,0.11561,0.02669,0.00467,0.02606,0.00570,0.01789,0.02289,0.12380,0.01112,0.03103
212,0.01658,0.08040,0.02352,0.02790,0.01285,0.01278,0.02919,0.02501,0.02540,0.01458,0.03014,0.02816,0.03251,0.02647,0.00957,0.47291,0.01796,0.01344,0.03283,0.06782
213,0.01072,0.05936,0.03080,0.03213,0.03339,0.01008,0.00883,0.02922,0.02873,0.02954,0.02921,0.02187,0.01812,0.02796,0.53829,0.01632,0.01094,0.01121,0.02813,0.02514
214,0.01081,0.02901,0.06585,0.02973,0.03124,0.01124,0.01181,0.02513,0.03686,0.00735,0.03806,0.55928,0.00605,0.02393,0.00665,0.01537,0.01733,0.02309,0.02168,0.02955
215,0.12731,0.01398,0.01082,0.02878,0.05567,0.02788,0.01134,0.01762,0.02270,0.00508,0.01986,0.01458,0.01586,0.01733,0.00432,0.27266,0.26224,0.01590,0.01222,0.04386
216,0.03841,0.18804,0.01854,0.02410,0.01400,0.04065,0.01129,0.02506,0.01587,0.00436,0.01853,0.14575,0.00456,0.02264,0.00498,0.14321,0.21669,0.03740,0.01509,0.01083
217,0.02661,0.03586,0.01935,0.01693,0.01571,0.06706,0.42169,0.01673,0.01548,0.04390,0.18604,0.02126,0.00588,0.03197,0.01755,0.01134,0.00631,0.00778,0.01433,0.01821
218,0.01586,0.03334,0.04732,0.57852,0.02505,0.00924,0.01835,0.02756,0.04721,0.00668,0.03481,0.02254,0.00601,0.04500,0.00829,0.00629,0.00927,0.00974,0.02355,0.02537
219,0.00888,0.02232,0.02154,0.02377,0.01627,0.00918,0.01290,0.09709,0.01473,0.12672,0.46595,0.02270,0.00549,0.01433,0.00442,0.00617,0.01968,0.07399,0.01812,0.01575
220,0.00575,0.02319,0.00936,0.01361,0.28321,0.00578,0.01681,0.01133,0.01251,0.00657,0.05260,0.01188,0.00407,0.01229,0.00370,0.00292,0.00424,0.00715,0.01447,0.49857
221,0.01037,0.05752,0.01983,0.01860,0.02072,0.03465,0.01602,0.01862,0.01782,0.01952,0.01254,0.01661,0.00693,0.01870,0.01868,0.01233,0.00709,0.00784,0.52158,0.14404
222,0.02353,0.12520,0.01691,0.01711,0.02651,0.00643,0.02315,0.23676,0.02718,0.00555,0.01927,0.01996,0.01655,0.01635,0.00612,0.00727,0.00993,0.36286,0.01449,0.01885
223,0.00674,0.03427,0.01258,0.01242,0.08665,0.03636,0.00804,0.01424,0.06325,0.00370,0.01364,0.27971,0.00628,0.01269,0.00462,0.35472,0.01788,0.00602,0.01171,0.01451
224,0.08632,0.07881,0.11419,0.06186,0.00389,0.02193,0.08221,0.00844,0.04013,0.00983,0.05314,0.19593,0.00041,0.07358,0.03048,0.06424,0.04809,0.01066,0.00494,0.01092
