site,A,C,D,E,F,G,H,I,K,L,M,N,P,Q,R,S,T,V,W,Y
111,0.01420,0.21947,0.06217,0.46235,0.01198,0.01650,0.01025,0.01028,0.04662,0.00437,0.01479,0.01287,0.00738,0.01139,0.00683,0.05230,0.00736,0.01061,0.00946,0.00883
112,0.06405,0.05959,0.07628,0.11167,0.00472,0.02433,0.01424,0.05300,0.05473,0.04874,0.09850,0.05813,0.02512,0.05792,0.02697,0.07426,0.08195,0.04861,0.00260,0.01458
113,0.00931,0.02002,0.01250,0.01500,0.01605,0.00526,0.02270,0.01556,0.01410,0.02791,0.01624,0.01223,0.73271,0.01458,0.00640,0.01918,0.00720,0.00889,0.01115,0.01300
114,0.06044,0.06659,0.00688,0.03777,0.03960,0.00269,0.03457,0.09052,0.04301,0.10786,0.11654,0.02358,0.00380,0.04412,0.02608,0.06779,0.07766,0.07869,0.03093,0.04089
115,0.07371,0.11706,0.01189,0.00665,0.02956,0.05108,0.05894,0.05860,0.01691,0.09436,0.05246,0.07345,0.04454,0.07544,0.03195,0.04214,0.02364,0.07810,0.02235,0.03718
116,0.01935,0.04921,0.01080,0.01741,0.02493,0.00417,0.03756,0.07793,0.00983,0.00779,0.10557,0.02010,0.01037,0.09608,0.01276,0.01495,0.18924,0.18893,0.08549,0.01753
117,0.00918,0.03386,0.01100,0.17432,0.02320,0.00338,0.02809,0.01976,0.05571,0.04293,0.02326,0.10376,0.01420,0.26048,0.06980,0.06521,0.03104,0.00766,0.00842,0.01473
118,0.01313,0.02897,0.02643,0.01843,0.01984,0.04048,0.01466,0.01658,0.01956,0.00879,0.01536,0.04120,0.01851,0.02565,0.01376,0.45754,0.17980,0.00798,0.01456,0.01875
119,0.01540,0.04274,0.02456,0.01836,0.04116,0.01119,0.03226,0.02372,0.01859,0.01057,0.02096,0.03114,0.01441,0.01876,0.01019,0.03080,0.02531,0.00967,0.01662,0.58358
120,0.01444,0.02285,0.01933,0.04245,0.02445,0.61954,0.02279,0.02185,0.01831,0.00859,0.02082,0.01942,0.01232,0.02001,0.02408,0.00977,0.01394,0.02872,0.01554,0.02078
121,0.01185,0.02348,0.01848,0.01548,0.05657,0.00917,0.05850,0.01878,0.02357,0.01063,0.02261,0.01990,0.01147,0.02145,0.02979,0.00974,0.01555,0.00835,0.53563,0.07899
122,0.01429,0.02205,0.04300,0.01794,0.02324,0.01003,0.01849,0.04151,0.02814,0.01143,0.02211,0.57372,0.01476,0.02404,0.00839,0.02414,0.02543,0.01183,0.01690,0.04857
123,0.09408,0.14939,0.01716,0.01456,0.01377,0.00786,0.01440,0.40941,0.02101,0.04201,0.02551,0.01429,0.01015,0.01495,0.01651,0.00638,0.02279,0.07903,0.01281,0.01395
124,0.06070,0.17954,0.01413,0.00633,0.01102,0.00404,0.00898,0.16697,0.00928,0.02343,0.04657,0.00788,0.00495,0.00956,0.00309,0.00633,0.12877,0.29192,0.00771,0.00879
125,0.02143,0.03025,0.00951,0.00839,0.01426,0.03374,0.03357,0.01258,0.31267,0.00770,0.01401,0.01844,0.00956,0.04563,0.33250,0.04654,0.02154,0.00496,0.00610,0.01662
126,0.01111,0.14992,0.01214,0.01073,0.03339,0.00469,0.02250,0.02712,0.01710,0.34039,0.22094,0.01159,0.01436,0.01325,0.00712,0.00557,0.02123,0.03714,0.01222,0.02748
127,0.05320,0.02445,0.01231,0.01795,0.01387,0.02653,0.04529,0.05238,0.17904,0.02960,0.02237,0.08194,0.00426,0.06752,0.14459,0.08041,0.06557,0.04049,0.01985,0.01838
128,0.10598,0.04747,0.05632,0.04321,0.00714,0.09039,0.00778,0.00610,0.08966,0.00654,0.04569,0.05790,0.05717,0.05183,0.05660,0.11023,0.11106,0.03841,0.00460,0.00592
129,0.07975,0.06707,0.08097,0.05634,0.02175,0.08736,0.05382,0.00654,0.07859,0.01621,0.02786,0.06898,0.05093,0.10147,0.06912,0.07631,0.00814,0.00606,0.00418,0.03854
130,0.05634,0.08038,0.00770,0.03889,0.03903,0.00236,0.08007,0.11135,0.04309,0.05182,0.06439,0.01393,0.00189,0.05483,0.03062,0.04828,0.09429,0.08858,0.04191,0.05026
131,0.01729,0.01678,0.50804,0.04337,0.02093,0.01503,0.01918,0.01935,0.01906,0.00841,0.02260,0.16794,0.00844,0.01648,0.00662,0.01785,0.01194,0.01673,0.02021,0.02375
132,0.12387,0.17908,0.00977,0.00770,0.02589,0.00298,0.01319,0.15597,0.01325,0.10383,0.03013,0.01158,0.00411,0.01731,0.00336,0.00573,0.05798,0.21361,0.00972,0.01094
133,0.02149,0.04031,0.01202,0.01581,0.13573,0.00574,0.09073,0.03960,0.00725,0.08900,0.08060,0.09978,0.00294,0.05033,0.00461,0.02505,0.08472,0.00856,0.04135,0.14437
134,0.03170,0.06117,0.00711,0.01219,0.04661,0.03260,0.15552,0.02298,0.05173,0.03043,0.04240,0.07613,0.00874,0.06503,0.10455,0.05070,0.05026,0.04038,0.04490,0.06486
135,0.06435,0.11355,0.00985,0.01673,0.05754,0.00163,0.04416,0.08046,0.05974,0.08227,0.09874,0.01122,0.00230,0.09977,0.03729,0.04896,0.06711,0.04999,0.00849,0.04585
136,0.14350,0.06348,0.01937,0.01381,0.02363,0.12192,0.16974,0.02233,0.02050,0.01023,0.01665,0.03960,0.08184,0.02329,0.00559,0.08717,0.02086,0.03383,0.02040,0.06226
137,0.10365,0.07636,0.02080,0.01607,0.04103,0.01384,0.02790,0.04132,0.03400,0.04445,0.04475,0.03224,0.04676,0.03766,0.05529,0.09427,0.17341,0.02152,0.03761,0.03706
138,0.04719,0.04279,0.05373,0.27313,0.03362,0.07592,0.02013,0.05098,0.03396,0.05069,0.02022,0.02693,0.01095,0.09972,0.00512,0.03310,0.03688,0.04119,0.01402,0.02973
139,0.05621,0.06203,0.00792,0.00325,0.02205,0.07770,0.02309,0.02518,0.06999,0.03376,0.07075,0.06352,0.05222,0.08083,0.11069,0.09443,0.05156,0.03623,0.00939,0.04919
140,0.06371,0.11001,0.00812,0.00882,0.01054,0.00588,0.16890,0.05157,0.01164,0.11066,0.05944,0.01187,0.00567,0.01134,0.00628,0.09398,0.08012,0.16609,0.00640,0.00896
141,0.02774,0.02004,0.56419,0.03625,0.01902,0.01748,0.01714,0.02186,0.02602,0.01038,0.02443,0.05259,0.01167,0.02595,0.01494,0.00908,0.01191,0.02431,0.02704,0.03797
142,0.01846,0.12142,0.02016,0.02373,0.02175,0.01138,0.01842,0.04672,0.01795,0.00731,0.01978,0.01809,0.04258,0.02215,0.01148,0.01496,0.41686,0.10423,0.02324,0.01935
143,0.01245,0.01780,0.01899,0.01428,0.12982,0.01028,0.01991,0.06725,0.01721,0.32598,0.01754,0.02138,0.02571,0.02911,0.02676,0.00948,0.01219,0.18425,0.01545,0.02414
144,0.00587,0.00957,0.01321,0.01143,0.21918,0.00503,0.01716,0.13838,0.01369,0.33787,0.07191,0.01341,0.01229,0.03466,0.00640,0.00615,0.00799,0.05412,0.00980,0.01189
145,0.19563,0.32639,0.01042,0.01068,0.02608,0.00811,0.02054,0.01254,0.01216,0.00530,0.01238,0.01731,0.00714,0.01625,0.01565,0.09163,0.00747,0.16369,0.02147,0.01917
146,0.03234,0.01724,0.56462,0.02735,0.02453,0.01622,0.03248,0.02607,0.02844,0.01081,0.02145,0.04738,0.01478,0.02839,0.01267,0.00838,0.01387,0.03600,0.01318,0.02383
147,0.00793,0.00773,0.01144,0.00971,0.01013,0.00372,0.00862,0.20911,0.01587,0.21913,0.27009,0.01030,0.00561,0.00800,0.00313,0.00686,0.01308,0.16228,0.00667,0.01061
148,0.02628,0.02358,0.04365,0.01575,0.01190,0.68125,0.02410,0.01344,0.01618,0.00542,0.01385,0.01488,0.01248,0.01649,0.00955,0.02280,0.00972,0.01213,0.01230,0.01422
149,0.02723,0.01324,0.01846,0.70507,0.01339,0.03531,0.02027,0.01557,0.02828,0.00483,0.01375,0.01479,0.00833,0.02030,0.00595,0.00582,0.00825,0.01755,0.00947,0.01415
150,0.10263,0.08531,0.05433,0.07482,0.00340,0.07593,0.04624,0.00765,0.06557,0.02521,0.04578,0.07886,0.00609,0.07672,0.03075,0.11493,0.06923,0.02964,0.00210,0.00482
151,0.24008,0.10125,0.01038,0.00676,0.00871,0.20625,0.00805,0.01008,0.01402,0.02148,0.02710,0.00927,0.01452,0.00919,0.00260,0.25185,0.01691,0.02639,0.00535,0.00977
152,0.11435,0.06515,0.00631,0.00520,0.05663,0.09665,0.04991,0.00613,0.00839,0.00374,0.00744,0.09972,0.10462,0.10427,0.00223,0.15502,0.07865,0.01030,0.00440,0.02088
153,0.04619,0.05029,0.02270,0.00386,0.02886,0.02149,0.07688,0.12183,0.00960,0.09384,0.14063,0.03088,0.00266,0.05785,0.00935,0.08568,0.05833,0.10102,0.01273,0.02534
154,0.08849,0.08073,0.00866,0.00639,0.07539,0.04827,0.11344,0.01644,0.02756,0.00947,0.01253,0.04168,0.09212,0.01452,0.02032,0.09562,0.06855,0.05327,0.04019,0.08636
155,0.06610,0.04330,0.02838,0.08090,0.02576,0.02237,0.06764,0.06629,0.03438,0.05434,0.07309,0.05766,0.03952,0.08739,0.02176,0.05946,0.07688,0.06170,0.02567,0.00741
156,0.02481,0.12346,0.00859,0.02510,0.02438,0.01816,0.04369,0.23846,0.01386,0.03248,0.06686,0.04004,0.00458,0.01035,0.00703,0.01022,0.05627,0.22923,0.00868,0.01376
157,0.05557,0.02063,0.04816,0.51471,0.03035,0.02937,0.01616,0.02628,0.04607,0.01128,0.02441,0.01917,0.01053,0.03629,0.00786,0.01131,0.01330,0.03583,0.02061,0.02211
158,0.09483,0.06112,0.01247,0.22301,0.01334,0.02120,0.01421,0.01308,0.01421,0.00716,0.03470,0.05283,0.00664,0.19610,0.00462,0.06654,0.10430,0.03135,0.00789,0.02039
159,0.04364,0.07970,0.05840,0.06461,0.04296,0.04142,0.07058,0.03193,0.05641,0.02818,0.08212,0.07648,0.00762,0.07373,0.03303,0.05007,0.06907,0.02890,0.03024,0.03091
160,0.00810,0.01913,0.02198,0.01963,0.01867,0.01322,0.01563,0.02746,0.08979,0.01521,0.02240,0.03640,0.01683,0.05112,0.54715,0.01035,0.01417,0.00881,0.01621,0.02775
161,0.02376,0.20247,0.01809,0.04193,0.01934,0.00533,0.01036,0.03659,0.02271,0.00785,0.01916,0.01529,0.02044,0.02456,0.00639,0.19290,0.29171,0.00710,0.01520,0.01881
162,0.09529,0.08289,0.03498,0.08323,0.03405,0.03905,0.03998,0.04408,0.05795,0.07355,0.10961,0.05364,0.01335,0.05145,0.02235,0.04450,0.04432,0.03831,0.01308,0.02432
163,0.06232,0.04151,0.01231,0.00293,0.01237,0.05382,0.10116,0.02147,0.11947,0.02691,0.07526,0.09165,0.00236,0.05271,0.11929,0.08402,0.04686,0.03428,0.01714,0.02216
164,0.11582,0.12687,0.00557,0.00987,0.00526,0.00436,0.00656,0.10748,0.00600,0.09280,0.08902,0.00483,0.00238,0.00422,0.00136,0.04647,0.17890,0.18445,0.00305,0.00471
165,0.00315,0.02722,0.00762,0.00916,0.01913,0.00376,0.01847,0.10059,0.00867,0.33170,0.35563,0.00680,0.01448,0.00536,0.00446,0.00233,0.00366,0.06381,0.00678,0.00722
166,0.05803,0.04992,0.07763,0.08788,0.01065,0.05681,0.07627,0.00400,0.05737,0.00494,0.02842,0.08457,0.00795,0.09081,0.06127,0.07494,0.10746,0.00667,0.01426,0.04015
167,0.11169,0.13986,0.00803,0.00469,0.01309,0.00404,0.01918,0.06399,0.03028,0.12213,0.14467,0.00707,0.00422,0.00964,0.00903,0.04887,0.14242,0.09383,0.00361,0.01966
168,0.14191,0.12004,0.00678,0.01751,0.00910,0.00915,0.00761,0.16271,0.00734,0.21989,0.03181,0.00664,0.00253,0.00582,0.00243,0.00302,0.01526,0.21610,0.00665,0.00771
169,0.08935,0.05485,0.06416,0.10861,0.01331,0.10040,0.08253,0.01608,0.03647,0.00958,0.00923,0.07936,0.00348,0.09066,0.00718,0.11174,0.07377,0.02974,0.00850,0.01101
170,0.09782,0.06087,0.06691,0.04111,0.02741,0.06495,0.05992,0.03407,0.00550,0.00477,0.05210,0.08127,0.06099,0.07294,0.00202,0.07593,0.07393,0.04700,0.02416,0.04632
171,0.00971,0.03044,0.01536,0.01473,0.10525,0.01214,0.02358,0.01938,0.01404,0.01473,0.01244,0.01532,0.01083,0.02162,0.01990,0.00614,0.00890,0.00766,0.50227,0.13557
172,0.01905,0.01248,0.01637,0.01205,0.04329,0.00960,0.03602,0.05155,0.01270,0.50215,0.15888,0.01676,0.03239,0.01094,0.01001,0.01186,0.00643,0.00883,0.01502,0.01364
173,0.10399,0.03577,0.08391,0.11915,0.00271,0.03860,0.05458,0.00412,0.03114,0.02572,0.05069,0.11649,0.00124,0.09585,0.03737,0.07946,0.08877,0.02246,0.00399,0.00400
174,0.00890,0.01350,0.01430,0.04669,0.01487,0.01002,0.03141,0.03927,0.39820,0.00684,0.01929,0.02810,0.00759,0.03765,0.25968,0.00696,0.01354,0.00976,0.01339,0.02003
175,0.02625,0.05752,0.01183,0.01904,0.01513,0.02885,0.14557,0.01390,0.07333,0.01226,0.03614,0.09308,0.00419,0.09047,0.17182,0.09088,0.03169,0.01984,0.01894,0.03927
176,0.01362,0.04289,0.02052,0.02499,0.02128,0.01318,0.01376,0.02134,0.01865,0.05019,0.02057,0.01579,0.55639,0.02680,0.01221,0.02692,0.03753,0.02178,0.01899,0.02260
177,0.10402,0.05601,0.03556,0.08240,0.02481,0.12815,0.04886,0.02036,0.00455,0.04687,0.03579,0.04101,0.01201,0.08880,0.01463,0.08313,0.09993,0.01978,0.00757,0.04578
178,0.11507,0.09458,0.02250,0.15005,0.00875,0.06135,0.12775,0.01753,0.00874,0.00257,0.06271,0.09931,0.00230,0.01822,0.00189,0.08860,0.06393,0.03900,0.00562,0.00954
179,0.00943,0.03584,0.01744,0.01704,0.39475,0.00843,0.01996,0.02096,0.02406,0.02730,0.01972,0.01731,0.01601,0.01810,0.00848,0.02843,0.01266,0.01274,0.20574,0.08561
180,0.12855,0.44796,0.01216,0.01518,0.01835,0.01577,0.01856,0.01372,0.01294,0.00604,0.01164,0.01782,0.01052,0.01775,0.03389,0.02293,0.00803,0.11416,0.01741,0.05662
181,0.00977,0.01560,0.01613,0.02672,0.02157,0.01042,0.01464,0.47075,0.03256,0.01477,0.03105,0.01248,0.01080,0.02302,0.01226,0.00856,0.02483,0.20373,0.02300,0.01733
182,0.01245,0.02260,0.02002,0.03656,0.02412,0.01351,0.01471,0.02251,0.59893,0.00817,0.02215,0.02465,0.00819,0.03444,0.04266,0.01033,0.01868,0.01306,0.03274,0.01953
183,0.02865,0.04433,0.01943,0.02255,0.02207,0.01143,0.01972,0.21184,0.01822,0.13470,0.03859,0.01836,0.00742,0.01324,0.00760,0.00960,0.01043,0.32222,0.02156,0.01805
184,0.02239,0.05455,0.02028,0.05286,0.02006,0.04330,0.08621,0.04319,0.01203,0.20796,0.15988,0.06578,0.00866,0.07579,0.00731,0.02596,0.01970,0.02633,0.01446,0.03330
185,0.10348,0.28971,0.02978,0.03674,0.03093,0.01448,0.01420,0.03844,0.02422,0.02187,0.04254,0.13995,0.00950,0.03961,0.00985,0.05476,0.02157,0.03602,0.01976,0.02261
186,0.03074,0.03219,0.03691,0.02699,0.03782,0.01849,0.01998,0.03597,0.03188,0.03162,0.03815,0.03319,0.40825,0.03268,0.01893,0.02409,0.04875,0.02347,0.04058,0.02930
187,0.03312,0.04246,0.03257,0.03348,0.04942,0.02816,0.02513,0.04073,0.03919,0.02146,0.03552,0.04309,0.03107,0.04417,0.03503,0.04551,0.02617,0.02051,0.03482,0.33842
188,0.02862,0.01946,0.01822,0.02605,0.02180,0.01061,0.04137,0.01713,0.02418,0.00990,0.02900,0.01813,0.02678,0.02107,0.02098,0.15452,0.45715,0.00973,0.02483,0.02047
189,0.11755,0.09919,0.01196,0.01192,0.01498,0.11550,0.01072,0.02080,0.01364,0.00542,0.01404,0.03744,0.06459,0.01295,0.00740,0.29866,0.10831,0.00656,0.01361,0.01477
190,0.03819,0.05617,0.03510,0.04779,0.00855,0.04421,0.05380,0.04420,0.08527,0.05282,0.07488,0.07923,0.03775,0.07222,0.04518,0.04657,0.07761,0.07941,0.00946,0.01159
191,0.20403,0.20882,0.00949,0.00916,0.01273,0.02368,0.01072,0.03831,0.00810,0.12430,0.15284,0.00946,0.00570,0.00814,0.00900,0.05464,0.06596,0.02644,0.00748,0.01101
192,0.01448,0.02318,0.02403,0.01834,0.09480,0.00945,0.05089,0.05334,0.03447,0.04375,0.40954,0.02567,0.00957,0.03669,0.00712,0.00829,0.05076,0.02522,0.01224,0.04820
193,0.02542,0.02034,0.03981,0.52835,0.02004,0.04474,0.02256,0.02481,0.04294,0.00990,0.03393,0.02030,0.01117,0.04098,0.00941,0.01469,0.01118,0.03916,0.01926,0.02101
194,0.07645,0.05909,0.00551,0.04629,0.08288,0.00326,0.05249,0.02036,0.05304,0.05891,0.08355,0.02247,0.00722,0.10994,0.04386,0.06664,0.08816,0.04356,0.01591,0.06043
195,0.00647,0.04103,0.01421,0.00953,0.08578,0.00384,0.01460,0.20086,0.01835,0.22450,0.16508,0.01201,0.00455,0.01117,0.00897,0.00451,0.01252,0.14253,0.00731,0.01218
196,0.04080,0.08649,0.13316,0.10624,0.06499,0.01234,0.04206,0.01348,0.02973,0.11347,0.05003,0.05820,0.00172,0.07744,0.00218,0.06523,0.00413,0.00485,0.02553,0.06794
197,0.01644,0.01672,0.00988,0.01345,0.03976,0.01337,0.01193,0.07266,0.19935,0.11368,0.04285,0.01406,0.00313,0.07787,0.26833,0.00756,0.01023,0.03018,0.01241,0.02612
198,0.01005,0.03792,0.01343,0.01080,0.13697,0.00344,0.01049,0.01589,0.01152,0.32232,0.18529,0.01445,0.02306,0.01903,0.00378,0.00478,0.00666,0.02644,0.04200,0.10169
199,0.04505,0.23329,0.00236,0.00633,0.00388,0.00192,0.00861,0.16835,0.00820,0.04860,0.10262,0.00235,0.00087,0.05844,0.01758,0.03679,0.12740,0.12177,0.00277,0.00281
200,0.00610,0.03311,0.01008,0.01150,0.00996,0.01416,0.07585,0.01226,0.03015,0.00590,0.01114,0.01178,0.00439,0.00890,0.72132,0.00389,0.00443,0.00534,0.01005,0.00969
201,0.05802,0.03744,0.00578,0.00543,0.02008,0.00840,0.11231,0.03262,0.16635,0.04058,0.04699,0.03814,0.00212,0.08382,0.17101,0.03727,0.05110,0.04524,0.01652,0.02080
202,0.00445,0.01429,0.02193,0.01164,0.18721,0.00819,0.27266,0.01729,0.01093,0.00490,0.01123,0.02491,0.00794,0.01790,0.03277,0.00471,0.00477,0.00938,0.18505,0.14786
203,0.00803,0.01890,0.01687,0.03971,0.02351,0.66537,0.01590,0.02252,0.01651,0.00837,0.01758,0.01829,0.00891,0.01762,0.03029,0.00884,0.01246,0.01500,0.01580,0.01953
204,0.00858,0.01931,0.01711,0.04469,0.02024,0.66013,0.01577,0.02151,0.01751,0.00797,0.01906,0.01677,0.00685,0.02060,0.03249,0.00778,0.01092,0.01648,0.01678,0.01945
205,0.33087,0.12575,0.00304,0.00868,0.00334,0.05193,0.00188,0.00536,0.00223,0.00069,0.00228,0.00227,0.00097,0.00251,0.00380,0.11810,0.32915,0.00248,0.00184,0.00282
206,0.00240,0.00665,0.00524,0.00784,0.14361,0.00316,0.00366,0.33131,0.00711,0.22727,0.14086,0.00418,0.00182,0.00570,0.00221,0.01243,0.00235,0.08039,0.00607,0.00574
207,0.04766,0.03835,0.01702,0.01262,0.01477,0.01768,0.00773,0.17091,0.01404,0.06863,0.02372,0.01084,0.00253,0.01108,0.00386,0.00383,0.00625,0.49957,0.01840,0.01050
208,0.00685,0.01252,0.01461,0.02020,0.01494,0.03860,0.00999,0.02024,0.03676,0.00580,0.01358,0.01306,0.00429,0.01736,0.69826,0.02793,0.00805,0.00933,0.01493,0.01270
209,0.01474,0.11064,0.00599,0.00419,0.00617,0.00207,0.01443,0.14864,0.00428,0.26917,0.07419,0.02180,0.00413,0.00306,0.00120,0.03562,0.12952,0.14162,0.00417,0.00439
210,0.02109,0.01908,0.02375,0.04796,0.01842,0.01211,0.00990,0.02102,0.02434,0.05242,0.02026,0.01498,0.56488,0.03489,0.00862,0.04221,0.01152,0.01346,0.02137,0.01770
211,0.01653,0.05553,0.01374,0.01388,0.01841,0.00641,0.01482,0.05916,0.01338,0.43462,0.09268,0.01579,0.00350,0.04012,0.00419,0.02231,0.01929,0.11306,0.01448,0.02812
212,0.01663,0.07499,0.01519,0.01758,0.02919,0.01033,0.01809,0.01627,0.01578,0.01092,0.01846,0.01800,0.02050,0.01703,0.00761,0.61314,0.02502,0.01005,0.01889,0.02632
213,0.00838,0.03174,0.01765,0.01966,0.01993,0.01452,0.03499,0.01747,0.01795,0.01857,0.01883,0.01423,0.01023,0.01837,0.68254,0.00756,0.00862,0.00856,0.01556,0.01464
214,0.00754,0.01512,0.05747,0.01633,0.01690,0.01086,0.01419,0.02626,0.02892,0.00521,0.01838,0.64104,0.00454,0.01428,0.00478,0.02822,0.02523,0.01361,0.01290,0.03820
215,0.13546,0.01175,0.00946,0.01986,0.05474,0.01556,0.00992,0.01326,0.01670,0.00490,0.01468,0.01206,0.02055,0.01403,0.00429,0.38666,0.22460,0.00719,0.01055,0.01379
216,0.01417,0.13433,0.01578,0.01652,0.01020,0.00568,0.00994,0.03265,0.02018,0.00360,0.01041,0.17044,0.00984,0.03088,0.00662,0.16231,0.26479,0.06296,0.01018,0.00852
217,0.00859,0.01865,0.02165,0.01343,0.01217,0.01020,0.57144,0.01318,0.01270,0.01347,0.15120,0.01089,0.01017,0.04691,0.02309,0.00810,0.00604,0.00698,0.01135,0.02980
218,0.01375,0.02298,0.01661,0.70484,0.01546,0.01904,0.01265,0.01688,0.02944,0.00532,0.01996,0.01412,0.00502,0.02310,0.00767,0.00505,0.01007,0.02794,0.01471,0.01543
219,0.01095,0.01483,0.01530,0.01543,0.01212,0.00886,0.00988,0.05331,0.01621,0.12125,0.61019,0.01555,0.00468,0.01122,0.00989,0.00531,0.01542,0.02438,0.01290,0.01232
220,0.00439,0.04019,0.01013,0.00943,0.22184,0.00438,0.02516,0.00784,0.00863,0.00541,0.02361,0.01752,0.00317,0.00851,0.00339,0.00393,0.00331,0.00550,0.00971,0.58394
221,0.00784,0.03017,0.01314,0.01191,0.02575,0.03151,0.01145,0.01246,0.01143,0.00792,0.00867,0.01164,0.00569,0.01184,0.01455,0.00478,0.00546,0.00612,0.63392,0.13372
222,0.02538,0.05843,0.02724,0.01274,0.01729,0.00704,0.01737,0.16146,0.01734,0.01135,0.01455,0.01571,0.01212,0.01330,0.00591,0.00655,0.01472,0.53532,0.01180,0.01437
223,0.01393,0.02026,0.01276,0.00951,0.04887,0.01312,0.00672,0.01109,0.02502,0.00348,0.01109,0.29842,0.01538,0.01031,0.00331,0.46090,0.01211,0.00507,0.00913,0.00951
224,0.09427,0.09007,0.11671,0.05941,0.00815,0.02504,0.08741,0.00386,0.04589,0.00721,0.04164,0.16606,0.00033,0.08761,0.03718,0.06507,0.05396,0.00390,0.00263,0.00360
