site,A,C,D,E,F,G,H,I,K,L,M,N,P,Q,R,S,T,V,W,Y
111,0.020541371123897246,0.2068235125717468,0.08498031952824381,0.4305132850731472,0.014229003554185354,0.003863472387682776,0.01141375950557793,0.01143739581026997,0.03365634921168574,0.004317711685745111,0.01358149436956252,0.015322214679889758,0.0076602360276510585,0.010951888100705858,0.0048160818821662696,0.09245051367386009,0.007817977778219895,0.005133574794370319,0.010743494133197175,0.009746344108195247
112,0.04607508122468853,0.06146608837726288,0.10688054014135373,0.2325898677460191,0.006621495937960544,0.030819073158415488,0.013504011733775023,0.03961918910797954,0.046392525537997525,0.03704321012722635,0.0866635238838393,0.04429949617041271,0.015007176071603096,0.04723420974449508,0.014479927916284155,0.06327193606070479,0.05683739369118453,0.036580702555574614,0.004792516802329169,0.009822034010893847
113,0.005756021129214994,0.015041036189435279,0.014644843039563054,0.019380048583804963,0.0221738828816932,0.005663014523471037,0.037526021034644884,0.022216515526275824,0.019248059561401406,0.017812275099410323,0.022518386417702495,0.015368567054258502,0.6970208613031396,0.020701511947950463,0.0054351456385370546,0.012052810307226956,0.009694423651549199,0.00797574435785726,0.013057448936898803,0.01671338281596471
114,0.06808553149606926,0.07188417968122797,0.008565613583723574,0.03263595568443492,0.025673663897958804,0.0020040059910720405,0.026535002170767347,0.11201176355642255,0.051595807251421065,0.10782789025398909,0.1374585196548637,0.01347758591893367,0.003312840516451287,0.04306870308816136,0.019492147062063814,0.04909701232789181,0.07320235450970966,0.09599152482209666,0.020761139400365183,0.037318759132376214
115,0.06606722555931933,0.09930077474720439,0.009224033079893862,0.008167271616809144,0.04352610019114286,0.046810761914371134,0.08619846391588631,0.043744097085071654,0.01187404497934152,0.12301525129881237,0.07374313037866136,0.08250433592778823,0.02870185646189763,0.07663119708102434,0.024942597396535798,0.03609932756735506,0.020982647314097047,0.060059380986466404,0.028530596498434785,0.02987690599988678
116,0.024986597704443086,0.031533884525409804,0.011210870315876352,0.009430396790726747,0.03195908226347422,0.0022227273693067903,0.02939302673455924,0.05551561042733972,0.009182240396915198,0.021860159005976276,0.1029573238076733,0.01930963046059354,0.006144056782888881,0.06623361293680098,0.006328742332081474,0.007717176037756602,0.32345587502084244,0.16899450320081041,0.057608622704831025,0.01395586118169385
117,0.0077793640896642625,0.029090774028388864,0.014351251336431075,0.16771456733767606,0.025580021767406046,0.0038677843595484335,0.013375086931737846,0.031927540556794386,0.09145517662152802,0.038977355760273634,0.01826195156039736,0.09988015573645598,0.017457487342139765,0.284741427991496,0.060067153211456975,0.03965065566168665,0.018419984279163307,0.006645243199101259,0.010979152402445352,0.01977786582620865
118,0.009934330689349366,0.025144362359553002,0.020916343425605523,0.023031667191310463,0.02754788265657143,0.06521415739540842,0.01813119640278746,0.056787115649190346,0.02614111276994752,0.009007620796875358,0.019455740095499368,0.026442716765134672,0.012116008990729793,0.05108930043070905,0.01272056549280568,0.4049720563164041,0.14188361975518438,0.008189325514598127,0.01616502613526241,0.025109851167073562
119,0.01964450109066719,0.046462646721476625,0.018615566562637836,0.025841222270030436,0.039736120596960585,0.01291487153251942,0.013454063942272165,0.038459546417239594,0.025231337119315075,0.008369695340950107,0.031271908108578376,0.04313628590736999,0.01855082239535576,0.025849607895730587,0.009102313051996005,0.0196516507147948,0.042531717755547684,0.01055980607936957,0.02139352034772751,0.5292227961494608
120,0.01542423210314964,0.031733249282699626,0.025234705851630207,0.03321695562381372,0.035028507870865096,0.49980542559311303,0.03662587098532517,0.033448995757699114,0.02389536332693508,0.008451363616563361,0.031241019908741632,0.025084431437799818,0.012969549564653743,0.027510834724102,0.01604292166171036,0.009761487819263129,0.014984723219030634,0.04137901268672341,0.0485258708138924,0.02963547815228886
121,0.012932432480167963,0.05375261368997636,0.02409303078358191,0.01818607113088075,0.04676628791726733,0.006131413929686414,0.04618263655902508,0.026302466000432692,0.03456321116203897,0.022502899121727784,0.037485945137532756,0.02928428076399683,0.011871338783123372,0.029079532186395345,0.028548605758343937,0.014754306137820904,0.01818645489034909,0.008993665842547178,0.4729807077494635,0.05740209997564186
122,0.01679186793736746,0.03245600545236519,0.024016049632365824,0.02426486636135176,0.03523805638968119,0.006485492975702764,0.019062473623178314,0.04588854887752802,0.053850423179849755,0.013042122509743308,0.0329985533003866,0.4934900343231592,0.01682591125910781,0.03693212944814007,0.008784388643775376,0.017713966325881594,0.032632811880539604,0.013069458077570555,0.021487697893222826,0.054969141909082864
123,0.05816902059079674,0.10714421514094247,0.027615372684860386,0.021416120098449468,0.01934613376246026,0.00959620247430112,0.021197149201454987,0.4467873288274644,0.019946690091008627,0.05951229830599771,0.02059829117861537,0.021202992011642552,0.013302328160648797,0.024409529075736527,0.014541926669820958,0.007716539268963163,0.0037220148514841775,0.06563948533373627,0.018488263568775035,0.019648098702841007
124,0.08145111106962506,0.20305561029681554,0.009781489966869684,0.005833369867808256,0.01688168582846201,0.0017451851056070739,0.008401874192950527,0.14178549309224164,0.009248396152684827,0.014454951417944345,0.03849675542666124,0.007452048634726781,0.004320729010991041,0.009292075245028926,0.002645796417269808,0.010320658685857362,0.18404451626143703,0.23556430238231965,0.00715935304911056,0.008064597895588582
125,0.012194831673127701,0.02116523388319363,0.012686286416080517,0.01222869966139111,0.01696135683813045,0.01788323066515653,0.03906341453078973,0.020287254755332683,0.24834142718479066,0.014263172933656093,0.01488934372935895,0.01905603832975337,0.01247545667038262,0.030938193315370798,0.42277383920389244,0.042007554997260436,0.012907083130362004,0.004906741001519097,0.007169102114147608,0.017801738966303503
126,0.007924676709926812,0.09725024488352348,0.011805411087858425,0.010726407876083194,0.021725615119661413,0.003931124967591185,0.007933506777173733,0.03113782425039274,0.021115713817346744,0.2773810456653766,0.35510616723029204,0.011825658916796178,0.005878054894695493,0.013784175140945217,0.0036810749943821733,0.004928659364357174,0.01808746459500371,0.020010070072109774,0.019389147833119184,0.05637795580336477
127,0.028987232589915004,0.015718973787116477,0.011685246004662945,0.003378297343521738,0.015831994113156642,0.02727729345069027,0.030394662715889,0.04787648561814994,0.21588803251260025,0.02228988236348835,0.028972646542709656,0.07839395545058751,0.005026800754774115,0.09167861912268523,0.1885628240808017,0.06373026696029374,0.07237627646153648,0.026883869342813307,0.012195186662013226,0.012851454122594525
128,0.14777667741984116,0.0397930606883555,0.03961853018417524,0.0354406537724768,0.010618051620985532,0.10276857850029257,0.0067657032915698955,0.028251529848141266,0.060389710272265466,0.004269275233640286,0.031795161630529055,0.05948034260287952,0.04614966387102371,0.03349770922087665,0.03437235645532099,0.15708295011674125,0.12071060727270534,0.02680878455510871,0.00630606015584861,0.008104593287222399
129,0.07146548117195556,0.04481332333374385,0.07525761218813379,0.06339762525968733,0.03555134112008904,0.08808138991731503,0.06358403548524565,0.00684456217160609,0.056394799289620906,0.0362543338609272,0.0362354763560514,0.05733350700950138,0.06061388508453288,0.09310420460355157,0.06846873126061034,0.0701629425422796,0.01818646529756525,0.006335639941027169,0.007575088942462547,0.040339555164093543
130,0.05042282950585425,0.09142640103526108,0.007215916196961588,0.02279995882503712,0.02707327477996212,0.003930261764150819,0.11871970423911223,0.12435049840468765,0.03852943718171936,0.04072933226566985,0.04789192518353119,0.021130020690826565,0.00237334428093355,0.05701244529180576,0.02558502127998119,0.05421495774915777,0.08805554259634146,0.07448521783459337,0.05794127415372218,0.04611263674069079
131,0.008187418201870151,0.017104190540746914,0.44241894466112686,0.0810444059750426,0.027409524123106987,0.009415725292224517,0.019669637640963866,0.027154241736745452,0.025607230274171052,0.008823546102783722,0.035743934666860676,0.17459435647053867,0.008476640792155926,0.020784180069751492,0.006667934573508794,0.010910821487789988,0.012604344616495506,0.00784516585995213,0.026886148639412365,0.028651608274752344
132,0.13405886332992206,0.19711014372307833,0.0051500998549015515,0.007327553949449246,0.0358010786555661,0.0014801067789771798,0.013143353049466554,0.1213041173346423,0.01494914656268224,0.08495870795684102,0.02522425919723624,0.01143024064205951,0.003855567999319789,0.019214931296258033,0.00297895387243251,0.023368875254679202,0.0934084776671819,0.18441827984984802,0.009219069099262425,0.01159817392619573
133,0.01768632940452061,0.07275029084715191,0.007503931076151541,0.008257357041199677,0.15041343040024882,0.010116915011085493,0.1199662891646232,0.007250214172699968,0.008310116100348085,0.06987111188847465,0.08167484949288699,0.13906659105462907,0.00320134533657845,0.04591203193247163,0.003183576946449923,0.020702091736129462,0.07724405642443218,0.0061136708714837834,0.030005397754214933,0.12077040334421958
134,0.019827097706078062,0.039626923866939244,0.017712699289457977,0.0212922389604641,0.049135741566332304,0.018515918805351226,0.2318472893064747,0.01895116532795094,0.03520238389713818,0.02387629934565684,0.02799113974338514,0.0767814344258089,0.005951741521578641,0.07226904731938738,0.11868469573788963,0.027764374121946087,0.027604467078704977,0.025349939477364955,0.0538286087843291,0.08778679371776171
135,0.06803757723744953,0.10946899970917501,0.009196989647437783,0.009416404418863733,0.061829303095816496,0.01098826312673682,0.05341512834321832,0.07886665230173039,0.047452726365191315,0.06173617286032734,0.0849849352462626,0.03880849689196753,0.0019055691277674869,0.08955275179789275,0.03869926197709739,0.06571761348153982,0.0636867948230095,0.05044572674744041,0.00743477461226047,0.048355858188815236
136,0.13600162616505887,0.05164507281890204,0.024554773546426267,0.026513184402615148,0.028719091451119273,0.08990924275449069,0.1761696815035894,0.022639283936117693,0.030305144746223606,0.008109681548019968,0.02048548106184869,0.038247438393627264,0.11210903272829831,0.023946043697550167,0.004407277232933348,0.07038488560758013,0.013373266434974588,0.04307196520432177,0.020860007494171353,0.058547819272131506
137,0.07679540196415532,0.07809047254112253,0.05102921374047905,0.015407381334607598,0.07677047994940697,0.01872660651476671,0.019808140161107334,0.06446163998216901,0.03746193624897851,0.03151170689399195,0.06446163998216901,0.042661462963535624,0.021846810556861797,0.02828687093853138,0.03274014034103847,0.08769733929683295,0.12331981541816055,0.008795186781250337,0.06499476448158523,0.05513298990924972
138,0.06321491956689862,0.027778846677430375,0.1051870981693707,0.2280670842042191,0.030820471374018495,0.06545146498180666,0.023147343519164393,0.049001144725383756,0.01821085727207974,0.03423470635652402,0.054014694610253516,0.03298651470098874,0.011239508655506448,0.09381446032175794,0.0045980901905363115,0.041903445996383466,0.023848855528203084,0.029578557694710707,0.015162668445205122,0.04773926700955881
139,0.06378221611439004,0.05957623960753394,0.005036438797514143,0.002292744263112071,0.02052677137296754,0.07382046173933353,0.03377221337861296,0.015664619001513988,0.0463283695012705,0.030362198696345075,0.06608138433317011,0.07107608104263415,0.05442263484445708,0.08517668764764924,0.10419421778563882,0.10858159194896416,0.06567991173480973,0.04002102224359294,0.009749556842558496,0.04385463910393156
140,0.0695297649966292,0.09269635482824073,0.007125081137891444,0.00799664573720347,0.011308087245276799,0.002117684661206882,0.22752347091957426,0.0438659200502498,0.010284244744706085,0.1191925366736295,0.06960785878196478,0.02051572199020134,0.004749539201039809,0.011404159962255874,0.007788957544319904,0.07997645708746429,0.06872429809487234,0.13998653040985976,0.0018957524857094671,0.0037109334477043263
141,0.01524092244328614,0.022824173893789906,0.405692852996417,0.03719512216513097,0.020547961092470982,0.0160893326791056,0.020332530227983443,0.02609795300597478,0.03756243157360264,0.009468059861016386,0.03347539796960491,0.043954043186088886,0.010184882616765518,0.03930394056269982,0.014953455694907955,0.008923302642889895,0.011148476551920701,0.00720634559657575,0.04447928345544102,0.17531953178432777
142,0.01036812515704596,0.2207380851251183,0.018746495399179896,0.022317516846291286,0.02240763958493917,0.0084679549936594,0.015676762251233257,0.056488864346598056,0.015311531585608565,0.004963328593875203,0.0187084312739922,0.02973207429920514,0.017112475454743856,0.0215615456413223,0.008412930631867934,0.0060701669774612,0.2556733465294189,0.19927825972183824,0.03052264490187168,0.017441820684729333
143,0.012025138723791061,0.01853505618205251,0.020981953868213474,0.014989503187672388,0.133806160278612,0.006792992515700363,0.02267176000386277,0.1221663683116369,0.019891362778528685,0.2451512272761461,0.030588205689611726,0.02534998332695439,0.011350296624079305,0.01536573626377507,0.011659901114242357,0.008001431083149942,0.010712902301964837,0.2189674083898513,0.015158572118202656,0.03583403996195215
144,0.006476730131843998,0.010769974253600864,0.018396983596933165,0.013171964975182785,0.2480642200881478,0.004929722469310681,0.01325418936297409,0.10125069040504614,0.014775280916600355,0.3035382654789149,0.0732847016974628,0.016914213387518497,0.005732740127944583,0.01725379239049229,0.003944134444802022,0.005118969270349587,0.007915323356641807,0.11166713931387762,0.010685500615734084,0.012855463716621907
145,0.1873748832072162,0.31643496661989107,0.012247036649694393,0.011844291012150981,0.032298066360859745,0.0034495969375296386,0.01740399942261193,0.015110733753924563,0.014294516972047625,0.005488273305564082,0.015446828884396592,0.023018973376968874,0.007330172195900395,0.023922863822483275,0.011465081010343728,0.06931908871251337,0.008276254444064482,0.18712775517262106,0.013010645626935812,0.025135972512282143
146,0.014366800088191946,0.019796859840516906,0.40537284072624863,0.01999565121901407,0.034658800641455975,0.0028620034521454375,0.10537671204028976,0.04056115317222602,0.04182208537943869,0.009366338069419099,0.025747361148939052,0.10459485854720152,0.014125657563607523,0.048123649469979594,0.008140414878560235,0.0073252839888661445,0.012946457038285808,0.033000144545086214,0.012154197871591879,0.03966273031893556
147,0.0070316495525929446,0.01119265388414851,0.01835577935333785,0.014562945477903296,0.01606847799198798,0.005101901025571992,0.013044700006748873,0.2805453556012754,0.0171433219593546,0.17074264741515846,0.19359463350091619,0.015015277183069548,0.007371880675724629,0.011758278783341207,0.0041228158369456735,0.007836475893226502,0.006421933114512428,0.174125840246255,0.009755056728015637,0.0162083757699133
148,0.022295876166381984,0.06386247765635134,0.08677233797541188,0.018859591621029247,0.011929961295514817,0.5931198377386936,0.024484383564571503,0.016336623854665756,0.020487096474978223,0.005185136873571323,0.014865936091853332,0.017575647489538167,0.011689198614901917,0.02031512083410231,0.006761009066034545,0.009976034074274335,0.01050756801502675,0.013536350697776546,0.01390140691497069,0.017538404980351762
149,0.017790322944629577,0.017429282850592767,0.04751737935151166,0.6702370986399092,0.016361761557884647,0.028497442067804916,0.03434938256038666,0.021101222881744697,0.011813147750911216,0.004780150082626429,0.01801045908578416,0.019237267641207603,0.009134367602773407,0.021872093013052568,0.006363101212495591,0.005980573247875868,0.008857774298930693,0.0113084199719461,0.010766049598034684,0.01859270363989769
150,0.09070105132513566,0.11000754317748455,0.044404948166923065,0.12215453576804917,0.0028458494276112517,0.06895141366854143,0.046278365517524456,0.0034219074909132303,0.08917452028190222,0.015580332546709328,0.04697041682379632,0.05704218528892852,0.002023580388758463,0.09763784435520928,0.038172450059222186,0.08843142429569069,0.048072465636448965,0.022744747757149547,0.0016144819063222046,0.0037699361176793816
151,0.3326800320693788,0.07390065796781825,0.011239175344327739,0.006371621912721257,0.008514825061454968,0.16948972623657585,0.007918711157168625,0.010156162195931554,0.01011175997704958,0.013660571466823744,0.03199843192683447,0.00875924835926381,0.015537275864997799,0.008617558415462074,0.002269101559673946,0.2141676426267234,0.023661035208882086,0.03650708193969775,0.0046759767298123886,0.009763403979401964
152,0.1282995870768729,0.06309812109288732,0.005995630195718302,0.004844801109917653,0.035939100889995565,0.11204704408005621,0.05692525559409221,0.005778166080244634,0.008547538190270562,0.0023424830514557388,0.00816498038598086,0.152477641297674,0.07443333910285575,0.08903293723150114,0.001948453333687613,0.13607261287003267,0.07674401079870886,0.007898348297653386,0.004301990329878789,0.025107958990515863
153,0.034465331665461195,0.03818197271669275,0.012634086367547629,0.003470462281505793,0.028275898973414898,0.04536388798281055,0.06544308376784357,0.15700995369057674,0.006869327019625727,0.09139618728308956,0.14424624563918856,0.02399200495784032,0.0032753792427148124,0.04075027439901629,0.005984142170276026,0.10728561609739162,0.04949003410273325,0.1120662153075342,0.007570280661145645,0.022229615673590896
154,0.09283252998616513,0.08957602025260854,0.01276481262730989,0.009940325837474239,0.05976691655317894,0.05488396993711847,0.10549835237987008,0.011562831384347208,0.018883720986456447,0.014858238091738788,0.015113816734041633,0.04794189653410479,0.10151207238078097,0.010560861258494716,0.013722432117465452,0.11709175708539456,0.05989999520081115,0.054422773651817524,0.03362321942517386,0.07554345757564766
155,0.05428584685843244,0.04100753525853329,0.07287099544336688,0.10054170123219648,0.023208838159477756,0.024745568980274604,0.0517214310296736,0.09610367571056855,0.02183012802093084,0.05089185504561653,0.05170337943178523,0.04841738921069163,0.030313588103478426,0.0847057698987778,0.011231896789564955,0.05614826927110189,0.07569531997435992,0.08298723757554168,0.01750885749437139,0.004080716511256007
156,0.019263731240591896,0.09078365770502471,0.010385616653809613,0.015585456619807267,0.018475875988670048,0.012803934734954302,0.024455402231574348,0.3483292301656502,0.018511622355443003,0.02933124999014119,0.04486710400011002,0.03368972275747608,0.0051189339778038865,0.012461184595965862,0.005134449914962458,0.006567119058426527,0.03364525005841471,0.24620567255795633,0.009777567892349107,0.014607217500868486
157,0.06652475935498846,0.025219853964324135,0.10487957691807094,0.3859843626197559,0.058233804863789505,0.027252282441693938,0.016909006338916913,0.04292728391570689,0.03137817967473532,0.010302769415655317,0.036211736839333826,0.02473758061778496,0.00900969272106577,0.045633023805108565,0.006890331332586842,0.010135440570656283,0.013037954422216065,0.028765559650721684,0.028222495140687493,0.02774430539220127
158,0.06329367291211815,0.046582648616906225,0.0816462569390979,0.279509237021972,0.022268617431758064,0.01559818869737179,0.01479204899783336,0.019609864068051763,0.04317332915160133,0.006623082007863654,0.042638828662976226,0.03943079482568535,0.008427304977077353,0.1601258300433143,0.005939051708014362,0.03660397867934749,0.059086637225092435,0.021736565216829873,0.011245750817596073,0.021668311999492318
159,0.06327210256414707,0.09167948128784903,0.033693141333488816,0.055434250074393315,0.04379413746857045,0.038281189157879036,0.03975971031361999,0.026108813636810977,0.04398097988949856,0.024809563772781016,0.06343517586476438,0.0629059747592524,0.007595551291018086,0.13752957810652863,0.01684707273222817,0.0857006189768383,0.07784242753505889,0.043437866910674666,0.0239231673699426,0.01996919695465559
160,0.007271647966386636,0.022682363786563537,0.026590586680799968,0.023403371886159884,0.02394498845645049,0.007385976433688549,0.017842010385233868,0.04227264817498905,0.08577079332711983,0.02967548718346209,0.029548315786934922,0.04353276013102116,0.034263232808573234,0.09004244012518166,0.425725934317879,0.009687101973731172,0.014620904153118548,0.008187010885519284,0.01536444066020041,0.04218798487698678
161,0.03527683550509709,0.22677081685600453,0.02057175488231052,0.1741263960679923,0.019175968369150937,0.005266890701364169,0.01037736424289385,0.011214822044073383,0.0393166737919346,0.004891497466701028,0.01841767107017313,0.014877143687437769,0.006227711917227498,0.015262661256055967,0.007365448567498881,0.129113028794586,0.21691444761826542,0.0063392864563734524,0.017021625593648348,0.021471955111211156
162,0.10160055571112671,0.05697068192349496,0.028095151826111,0.10608680786304366,0.03325696969061701,0.027388190386483293,0.05924183345224409,0.07808491461199589,0.03820684625463263,0.096706736376291,0.11235834692627626,0.051326537119576694,0.004774509582872432,0.03906000801377011,0.01633091237705746,0.026320829885783395,0.03240498604645091,0.06265234867156742,0.015262364568760532,0.013870468711844547
163,0.06333399731760914,0.05265060614160056,0.007909634927792165,0.0031654956860402788,0.015035361800903035,0.045213074629386084,0.10827872182936649,0.02462408864620892,0.1286846147296516,0.023289207182642047,0.057854049385585526,0.07643977451421335,0.0024764793370702577,0.06670674596476697,0.12790596245554073,0.08390882835857764,0.04516528766344808,0.023629113089890963,0.01014597565448387,0.033582980685222384
164,0.14861728940369454,0.1334005144164919,0.005192502727337167,0.0055023234723684524,0.004542009454326499,0.004862912425415296,0.005533423482754277,0.10264111871821158,0.005476579405729399,0.08116993888813183,0.07559211383699799,0.0332733434227078,0.0015385363896137554,0.007984887276919086,0.0011273061230317359,0.060540495613421626,0.1582591365332682,0.15737349762672362,0.002774041593094897,0.004598029189760401
165,0.002770806516472841,0.03586707192402236,0.006790444354508843,0.008934275956814064,0.038841982859769336,0.0030644218343755625,0.00904440887531261,0.12633046663096778,0.00771498174018444,0.27245527638235395,0.3827737831735183,0.006465505734652338,0.018948209045867193,0.004934032120720798,0.003195911550586764,0.0019982678224035925,0.0030537518442001065,0.054213616060909166,0.0062971970676887505,0.0063055885046712215
166,0.08529215096984193,0.05199190178171545,0.07218119498681413,0.08962052905556434,0.0036824603226824778,0.07280171889744941,0.06600887555869207,0.0038209507730265096,0.03502199760154929,0.004266866407160807,0.02963892806176377,0.08199739937151213,0.012766587219507521,0.09210561623584602,0.03476351993547167,0.09375030944506468,0.09916853830664311,0.00812030560597213,0.011850728825292972,0.05114942063842959
167,0.10814818302963213,0.13315290690638085,0.005243720069462824,0.004129166928905017,0.029511769194190313,0.004743290452767561,0.011922698951346476,0.08947511099826322,0.01923332224418136,0.10450993491773068,0.12881824013024964,0.015634165273603076,0.002838697832866731,0.005455840564050564,0.005949516579293289,0.059058194288926176,0.1602146128415691,0.09333023644009696,0.003148340589407454,0.01548205176707656
168,0.1290087358821452,0.13892287720983953,0.007583763533130255,0.008188391867739023,0.009500828349597375,0.005635518379860399,0.00819011098014324,0.18321130646150988,0.007923560713377109,0.2011030517522748,0.043527937433800845,0.007262551402599217,0.002220956141427925,0.0056417311042774795,0.002434513345251357,0.0028457917127975075,0.011641390522985006,0.21003457220344504,0.007264033408544347,0.007858377595254372
169,0.08403007731563394,0.05816756562390161,0.09202417297153108,0.11057965468463116,0.00997237979446521,0.09613248872207536,0.09018493255691301,0.009450253286898476,0.022293424059389052,0.005310382188531605,0.006588605303162072,0.08591857874624585,0.002249075111208694,0.06885474888510935,0.0034421926277534085,0.11608185936188124,0.07693372512306568,0.04097599733180487,0.014301479103847757,0.0065084072019505335
170,0.10940852975756737,0.06318495927961623,0.10875693635547427,0.05755340936146088,0.02276861319370448,0.06716737076159673,0.05382254567004069,0.020543647867490602,0.0064617457269545665,0.003163471207805258,0.05005678965422078,0.05152963767760176,0.05060138118448468,0.05068426293217759,0.0017690397526377362,0.08078920411814484,0.0736365673506781,0.03505743743536982,0.0139412434190984,0.0791032072938752
171,0.007231928190951867,0.05161250728658575,0.013752164754855635,0.012910650278532831,0.17092510032279354,0.003061455979814963,0.027450023970148785,0.021583551267354784,0.01359502783656158,0.008746451366834537,0.011187603796363209,0.013654815607905033,0.007771789755879166,0.011447572333110598,0.004511320108939496,0.005117143572090427,0.006990277066839824,0.006355546008083257,0.33355834569730675,0.26853672479904805
172,0.0025727282631501165,0.014282238283917418,0.020259209187080674,0.013480606404455498,0.04637963370100121,0.005629524896064327,0.023104491330928404,0.09362353956915503,0.015112635473689255,0.44648573317727663,0.20906001781471698,0.022788338707366667,0.022405320334464397,0.012087694697881644,0.00514881388374958,0.006708425605839438,0.006683738294434791,0.005974178120009887,0.01185809810056819,0.01635503415424999
173,0.09231549494559131,0.03263634473934808,0.08524511415406584,0.15346638271283652,0.0035702827315379384,0.04127741838695791,0.053364641428966714,0.00446126352122335,0.035916146390730146,0.017408613232558726,0.060106014062831226,0.10421438837433776,0.001523786314011547,0.09232250888292103,0.025384164243049456,0.0729502201262478,0.09265223713504815,0.022797987107805714,0.0029857915318986295,0.005401199978032146
174,0.009205799645508134,0.015068933479713732,0.016871769078624557,0.03257062399492838,0.017818181332808266,0.0064873664735417705,0.017915488850389984,0.038970950940570584,0.3576787755253989,0.007283250638117226,0.024298773943391843,0.036139332615477464,0.00712869103674521,0.028358461107810484,0.3275264872288835,0.006570507696540453,0.006768167914772361,0.00950467332740546,0.016066926310332953,0.017766838859038785
175,0.026220041520387514,0.05086003876008976,0.008332119830660767,0.010539205009360895,0.021873074662233205,0.02073053328905614,0.17374956901038072,0.022598924852238803,0.07634186067923822,0.009165863484550977,0.026956538233419893,0.1049768656130667,0.0042791786503326885,0.08229595454001486,0.16757288989572894,0.09037535446608437,0.030956997452555663,0.013228431306400121,0.012679717456733632,0.046266841287466144
176,0.014790265428614858,0.03754327266833015,0.030965477684516057,0.04072943156825738,0.029805272117501613,0.015546586711639913,0.014636892680487812,0.029417571476113315,0.023942424782257665,0.04514826543449657,0.03017390779248695,0.017531065311248317,0.45740332947667467,0.08760387941543957,0.009824357805286938,0.007784036886270776,0.03346129199199014,0.016386271105418623,0.024841266648433922,0.03246513301453479
177,0.09465693791461638,0.04558342749494402,0.033330233061226684,0.07011877949742394,0.027730985609361092,0.12688300453466086,0.056124905726088026,0.015536367631816206,0.004511628847087578,0.045664368724010695,0.061718398675498526,0.02858873018399592,0.008842539262928382,0.07977325056512327,0.010775825900467703,0.07580855806128989,0.11245013421406629,0.03972618885843724,0.01863167546646563,0.043544059770491715
178,0.11810027703880059,0.06167468710906849,0.03272305621398388,0.13892990243785505,0.010317975135975448,0.07641362413548256,0.16248983105301665,0.016506658111154707,0.009511907378261068,0.0026876411820914562,0.042256814066129134,0.08317097713420338,0.0024596030869429076,0.022029653281493464,0.0019066943817437462,0.08076177583120484,0.08121625468628453,0.03868858734281344,0.0058205054451137125,0.012333574948380962
179,0.009473472211054558,0.025067109208349217,0.0222373955685206,0.022787249544019682,0.3320856906162348,0.007568983882740361,0.02662292953093375,0.016521336933589117,0.0392199874626586,0.03125013375814075,0.026396014894080874,0.022441665253143894,0.012297929575078,0.02427144394357245,0.008729995303795946,0.013260657511823261,0.013498269459201682,0.0067199623720406824,0.2560205661955078,0.08352920677551397
180,0.11706024621816143,0.3949819930639304,0.013666011208649976,0.01805462954607964,0.02804013170487736,0.010047608553666341,0.02337311234214647,0.016091757205205864,0.014306020273702168,0.006045343062616413,0.01311563690061692,0.02226924486656758,0.01146868228653409,0.021659921736266713,0.01503306399647728,0.012434753292437413,0.009035206442201562,0.14603267005022436,0.010665404161549541,0.0966185630880884
181,0.008797765881417863,0.018604360666759984,0.01856509144390524,0.040710089188293504,0.026974305593820927,0.008312685218825637,0.015625920480137553,0.36881334838268104,0.05239326055908444,0.013143230680769119,0.013258925933300926,0.012196506714296463,0.0104393015591321,0.03111520598385424,0.007448807241155868,0.0075088701620664,0.00573005363603786,0.28937250625702265,0.03118361622804502,0.01980614818939315
182,0.01252842425313838,0.03010423945078411,0.024084167080546226,0.01695842382879167,0.03920641511578186,0.012642288113535962,0.016475780362150336,0.030049408752825496,0.4754427056964972,0.007665377308887039,0.024423931850566804,0.07331347506983939,0.007550620973776144,0.03280232207007144,0.027800337210287615,0.010352285602636723,0.012681909552969222,0.014175232266688839,0.10820940812460013,0.023533247315625516
183,0.012212717107284408,0.03815821686217353,0.02464113589832966,0.02237321523124708,0.03358101853358131,0.006519434390796519,0.023985975696746823,0.272960610642809,0.023579820261009913,0.09878829063808313,0.03727766436233602,0.02227341357645153,0.007115121795849728,0.014294429992321835,0.007112373240310495,0.009415116071828928,0.02123839407065829,0.27373199744395155,0.028651214087781304,0.022089840096448984
184,0.05312334871903979,0.061637481076064406,0.023849924786605466,0.05307005774172272,0.0234126009018448,0.06132498921882706,0.07094894986154718,0.03405122776313486,0.012355670222752649,0.1719787975554934,0.13116506934756458,0.06762003595592546,0.001507824970330673,0.0674392943091583,0.0029142318982452457,0.03518327666463079,0.014237922031506636,0.01592454520066745,0.015307777708571306,0.08294697406636718
185,0.1582989162341353,0.1768737699107279,0.04438938823924448,0.06585665873637729,0.061609793209960455,0.024166209283674172,0.010507966477504205,0.023860115074860282,0.026983305197551984,0.012770310969423979,0.037425584233266716,0.11436954155360197,0.007303491338425846,0.02576943824267965,0.004576267332942686,0.07171591851186578,0.013307618150569312,0.0900209452446254,0.01162725008465723,0.018567511973905368
186,0.05641362298463711,0.037931700742590634,0.09054478366117986,0.022895693040778996,0.07487605662348745,0.012555452940950512,0.014390087055079867,0.058638660315078785,0.03883707440475554,0.008217156367702533,0.07663368327349791,0.03690509792389979,0.18229025656461142,0.08960854016776514,0.01800601146303415,0.011927884184741324,0.04238765190788662,0.018182778264578994,0.08032152978367647,0.028436278330066928
187,0.04382262081640337,0.02369872846273541,0.014932619045216875,0.04647848158200226,0.08754496973777726,0.033452219497366126,0.0020254554060520004,0.07353014092938737,0.08915300852706422,0.016427564179507376,0.048566379635241574,0.02066676979187815,0.039731909362884975,0.10953477102217428,0.058033264945952324,0.03085151002948171,0.027158720271904514,0.017352905199458517,0.050183979833266175,0.1668539817242455
188,0.009580052517527832,0.021347943079560287,0.019310857965121896,0.03776875764933594,0.024628260598594836,0.009160359517039857,0.12491951338051144,0.02363434141439467,0.030600275821050234,0.008465955275165023,0.03867035331572324,0.04988257145849892,0.015583768042986857,0.02381365481721161,0.025057839054183333,0.14567995523012692,0.32521948462044975,0.008301781414208523,0.033292877095744834,0.025081397732564015
189,0.15181110861375588,0.13672806011780872,0.01053146723264807,0.010466984701885867,0.013879391582650618,0.13814401462005252,0.01001048149491987,0.05720583916042968,0.014251528773754601,0.004091051277348472,0.012604102644133482,0.033284284760498044,0.05073023238845412,0.013278866126339058,0.012243097945176732,0.2227583524660964,0.07600270255165027,0.005498145562408949,0.012703547539881713,0.013776740440106948
190,0.040281305724131716,0.05633266835290111,0.031115308370262485,0.095926542889626,0.02000467992360488,0.04977100185773198,0.060475542939992265,0.05251178245047682,0.05711203407855481,0.033854220126617714,0.04896913053902527,0.11391185978784187,0.03560495745848539,0.05515469062402853,0.025043463549691194,0.05351931434018279,0.08375141282765763,0.07370147899105771,0.005875615616991893,0.007082989551137957
191,0.16378664841830448,0.1769823639177518,0.013954343681977557,0.012834873447583597,0.014304164084956219,0.04105823028220676,0.015870203916128988,0.03181596087443941,0.007156793348774605,0.1348898648232381,0.19916127104298012,0.017784397396313826,0.007664353484871646,0.01158791865369719,0.003937520046615278,0.03141572305651639,0.07705665361629037,0.013336697203984246,0.010717077487423543,0.014684941215945907
192,0.012779747762515557,0.03201336296916471,0.04232680204914477,0.025111404255544787,0.08028089110726627,0.009901255755954321,0.05283095662102155,0.13262778452138946,0.023508301807392273,0.03586533909857439,0.3544527714353857,0.04100758428604937,0.009165442692530066,0.0314064282080924,0.006270391341613276,0.008107775585139584,0.0330535190346862,0.020532222841664633,0.012710736941665223,0.03604728168520542
193,0.026062126408779418,0.03135736253340445,0.029262497422146063,0.4769951764816452,0.029396048007167472,0.02693079404354816,0.03417135476694392,0.041706762134200416,0.035445954656029295,0.010444713625653848,0.031843402268069296,0.03315163281916212,0.01178569575685101,0.049449229563179646,0.00938069995228825,0.011525804627074393,0.012860659302269413,0.03639671440501333,0.027941836525826824,0.03389153470074751
194,0.0780998763892008,0.06563938488702276,0.005049751604915825,0.045545936237918284,0.10936026745666565,0.004952308484303091,0.04860636891564781,0.009431639481701693,0.032252618878739814,0.0489403123155616,0.07465846608262024,0.04481858882265551,0.0026507233361269186,0.17641365821584032,0.027298526712753988,0.04386959886439113,0.08223116741181372,0.032953259229307995,0.010603344303835626,0.0566242023689773
195,0.006998173209170358,0.032413384632598595,0.016357085692699353,0.010705173547130046,0.08811095058634881,0.003738600214593594,0.017759854799463907,0.22356563605416588,0.012158831183940774,0.2035166606746441,0.1589628360730259,0.013501706633108264,0.004298364614167405,0.012939444725585716,0.004187344395488541,0.004771261068459695,0.007587210731717871,0.15631865938359726,0.007580773539695023,0.014528048240398892
196,0.057559149072569184,0.0872860063755821,0.12974541622278715,0.11332122953074879,0.06288140355383524,0.014851524789872684,0.04316453202974451,0.009062034932738538,0.01795303326719509,0.0876739925428182,0.045852776926765815,0.04909907886305858,0.0017453498057530825,0.07226341736501589,0.0014166709570120415,0.09449211801141716,0.002831717811821464,0.0022877696917971736,0.023437214134918033,0.08307556411454926
197,0.024600088747201973,0.019582934423395683,0.012613332061882011,0.011699458024843205,0.037252427040591514,0.01564634807222887,0.008460037277070632,0.06789626300886221,0.20297238915796514,0.1043065251427206,0.046765798915120366,0.01908553046337032,0.003305573423892995,0.06319951137264122,0.2827538542973537,0.0075173785432414994,0.007764625660211351,0.03254748784005282,0.010541655200861704,0.02148878132649215
198,0.00617373236590302,0.027452200838439998,0.015867978320382236,0.012693689954760464,0.10360880442268951,0.003281191320766787,0.011499822098683452,0.019336688942130868,0.013390438344796016,0.2987502042865448,0.23359326740236977,0.018181943771056117,0.008026245174695667,0.022883538850902812,0.0036178971809989447,0.004727196007575021,0.006682067739653567,0.015837102201973468,0.02981537765609167,0.14458061311958584
199,0.05062281689199996,0.2185922026996139,0.002792490422892409,0.004640139030357986,0.0036579375659981056,0.0017710347115089725,0.0053038762740579455,0.13916228705278483,0.029897546481616726,0.04002894471155733,0.13533041741401675,0.0030663553551137433,0.0009736524886214946,0.08023983775853345,0.016426954935912064,0.031007116990455195,0.11030426706461634,0.11589059996233507,0.0047644356698339895,0.005527086518173806
200,0.004413601277292509,0.07869237117997825,0.011297822944228292,0.012767140391330116,0.010474641789729372,0.007594690036553944,0.11156035477837657,0.013095523280598974,0.022513640420509826,0.008348660010043248,0.011835490413009986,0.01167351290519524,0.0024056418515439014,0.009258030212435512,0.6436506292717789,0.008817395883358147,0.004098024194867607,0.005237281161164364,0.010699976016829682,0.011565571981175561
201,0.06829474489695238,0.034879715621149145,0.006306049316452776,0.006177803631135375,0.017360697020471664,0.0022121865722515392,0.08315490369663524,0.02656739348660746,0.17749473823636394,0.031035638890645645,0.06131399072899781,0.041286305898411424,0.0021432919743922954,0.0979897923221746,0.17774283376950772,0.04730664247230639,0.057797801981503756,0.032350993044426055,0.008356411602390028,0.020228064837224658
202,0.003939359518803406,0.02309361197610964,0.016831124758642405,0.011936116908447723,0.2892663605044207,0.008042125273081463,0.23183932685344125,0.012109005447328203,0.010962415038468579,0.003410388742972975,0.011252955166955144,0.04610693904814205,0.003843259707651137,0.01344838753871031,0.01189148896327256,0.004205013366935074,0.004263536249252558,0.005774415827008181,0.17530516287445144,0.11247900623590523
203,0.015410633816627954,0.02258405819726768,0.01905493519505712,0.0418029552285395,0.034039278726775625,0.5430870742946777,0.02008438323458481,0.03087555605957795,0.02082265947155953,0.008025632154844607,0.0222452520009544,0.023118366444065962,0.008552020103535797,0.020571618220052476,0.022236711537139613,0.008568315682062656,0.011766565013268932,0.04607454346269708,0.05455863086640614,0.026520810290304443
204,0.00900386718753126,0.024309598426271086,0.019896746761254334,0.07133949127671053,0.02651866821663181,0.5543850076894393,0.017559554761844596,0.033499757815277774,0.023593782164735556,0.007926923548219061,0.025998440091989223,0.021518882525463665,0.006883410522013485,0.026538771518426433,0.023559166892290272,0.007623133317489025,0.012051421897261792,0.04052481652091505,0.022642914146489727,0.02462564471974593
205,0.41685623960004464,0.09704741263360954,0.0042418268174883094,0.005435520735092024,0.004603721280620698,0.07972593070199754,0.002847437713169081,0.004917900300521787,0.0032697138125413875,0.0009710117653289522,0.003359767470865379,0.00341457840092909,0.0011196186509878894,0.0037485896842651668,0.0011513780570988972,0.09671386243197981,0.2548970107563017,0.009169966109722425,0.002526722179685195,0.00398179089775058
206,0.00209827591490018,0.0052047384231777944,0.004521286809199176,0.006979493858273952,0.19137398896973878,0.0025810171141165852,0.0029740049276497376,0.34417376453641996,0.006007534971543393,0.18607318672775372,0.12169056642565819,0.0035681612839529695,0.0011347471818908652,0.00491374112053933,0.00180832916386061,0.002621217326060852,0.0019897554675054508,0.0937758583165299,0.005393126061381867,0.011117205399846786
