site,A,C,D,E,F,G,H,I,K,L,M,N,P,Q,R,S,T,V,W,Y
111,0.014201876189671057,0.21947092830130902,0.062172821764325543,0.46234703955614354,0.011977690371783626,0.01649553805210086,0.010252019239413048,0.010278316068020444,0.046618101224290685,0.004370746523311244,0.014793587918294326,0.012865404945461121,0.007381815729461936,0.011387811352620453,0.006831061839372931,0.05229511576851097,0.007364376218282305,0.010606389991507028,0.009456251771262721,0.008833107174857123
112,0.06404916620424339,0.05959365482898623,0.07627953919509771,0.11166903395469548,0.004720558855168478,0.024330701483974343,0.014243417491542126,0.053002911410965636,0.054732471645508186,0.04874376984216725,0.09849710527643384,0.058128856882290865,0.025118142206447928,0.05791720369487633,0.026971581317122906,0.0742644504304898,0.08194908253802068,0.04860620829151872,0.0025998706710167597,0.014582273779433311
113,0.00931249969332009,0.02001932537765806,0.012500337323199386,0.014997853109563314,0.016049547299446635,0.005261023605254349,0.022701220115173875,0.015559089938519401,0.014103219803328357,0.027912096884277083,0.016235541670961782,0.012231566128363949,0.7327089039210755,0.014579582597667015,0.006397239057885224,0.019180959050235147,0.007201372836189737,0.008893521505805002,0.011153796683049009,0.013001303399027107
114,0.06043670341671603,0.06658790839820693,0.0068790281887451295,0.037774051031607074,0.039601754209684835,0.0026883562521434977,0.03457313029553243,0.09052026810306647,0.04300549033027792,0.10785731366280561,0.11654053998587649,0.023577965519045768,0.0038009805525652794,0.04411691039850621,0.026077115725613834,0.06778568705708882,0.07765688493872858,0.07869490795174575,0.030931496217365004,0.04089350776467834
115,0.07370913856852462,0.11705757686339775,0.01189146269181999,0.006650984561202049,0.029561329917298197,0.051075369247272885,0.058942827823139345,0.05860425825360955,0.016913635123615618,0.09435903300476871,0.05245595115437324,0.07344699915671161,0.044538467453291895,0.07543808996918872,0.031948725782081557,0.04214172577605412,0.023640126300422837,0.07809983089442536,0.0223459251132806,0.037178542345521266
116,0.019345938744330587,0.04921448033451683,0.010799163305661793,0.017406863600202594,0.024933614617118082,0.0041722234753875705,0.03755933086392432,0.0779323154107293,0.009832927024477384,0.007791345544017202,0.10556623932824465,0.020097173038019153,0.01036658554060882,0.09608444418006494,0.012760299570110746,0.014947681690243896,0.1892384939411427,0.18893284966933568,0.08548678585406833,0.017531244267795437
117,0.009182515762571761,0.03385907176927961,0.011003924382594704,0.17431586430312898,0.023200850589212185,0.0033840082898357535,0.0280861600939015,0.019759237983246514,0.05571102785075858,0.04292889809873329,0.023261743292354326,0.1037586135150616,0.014198620568157029,0.26048485467954097,0.06980474324557408,0.06521477047826418,0.031039887360532346,0.007656336359538288,0.0084168221750751,0.014732049202639241
118,0.013129822530272882,0.028974666718080928,0.026434351674890944,0.01842878648863173,0.01983843903803255,0.040482232740546374,0.014664994636254541,0.01658489141320182,0.019558372777852138,0.008789910103838066,0.015356871928951075,0.04119551456079495,0.018511058974425676,0.02565276652173495,0.01376398292511627,0.457539657543038,0.17980138030148973,0.007980717503630344,0.01456434227243293,0.018747239346784086
119,0.015400038382681558,0.042736563627252706,0.024561255305567676,0.01835812910763675,0.041158245946935984,0.011194768837852446,0.03225948522907734,0.023717289864185923,0.018593134490311,0.010567889464445682,0.020963169430301205,0.031140175121009445,0.014412507169730119,0.018758761611240713,0.010190876680314561,0.030802749157096566,0.025313724685902986,0.009670225654036102,0.01662482297229878,0.5835761872621225
120,0.014435683752216133,0.022845438764546283,0.01933209885453686,0.042450938103848194,0.02444662329853135,0.6195387058980789,0.02278858362552183,0.02185119825512384,0.018307961102533576,0.008592723141870658,0.020817136774242826,0.01942113443097172,0.012317362732827736,0.020008649022046483,0.024084262432784238,0.009774716299429399,0.013943414721733693,0.028723397873919383,0.015537971725379197,0.020781999189857805
121,0.011852977773143189,0.023475543571517835,0.018476244685835055,0.015483122731991187,0.056571325864786894,0.009171250556235716,0.05850054600439523,0.018781529284192067,0.02357234138527188,0.010631281283474195,0.022614520546357986,0.01990495022991767,0.01146604329859823,0.021448721118302306,0.029785946544287886,0.009743937110987541,0.015545097729706567,0.008349205692167358,0.5356307110668523,0.0789947035219789
122,0.014287794886536547,0.022046954943258913,0.04300051169126682,0.017941741626890644,0.02323550213193748,0.010029729789503861,0.018491330766590083,0.04150519051989815,0.028136689484434766,0.01142645420333128,0.022106153213859534,0.5737226815570012,0.01476058238280549,0.02403947144767199,0.008391782157894219,0.024142396194047417,0.025433183151934522,0.01183297193708902,0.01690315137959271,0.04856572653445538
123,0.09408160714165781,0.14938784163435892,0.017156198431456552,0.014560040681364484,0.013768029952607291,0.007857890003898632,0.014402369695523392,0.40940546858171417,0.02101470626640163,0.042005263626503496,0.025507178578818224,0.014288142790326525,0.010152980684991675,0.014953150050149374,0.0165053499742815,0.006379765799891406,0.022793388571830945,0.07902776858253792,0.012805246154346311,0.013947612797339687
124,0.06070316432112308,0.1795430235333322,0.014126930653793593,0.006334105516212825,0.011022958396674923,0.004039038541045815,0.00897681529381422,0.16696559387308332,0.009279697996946983,0.02343061168724635,0.046573233837110796,0.007881844746187739,0.004953738593868971,0.009562430602508195,0.0030857940805625304,0.006334383916132904,0.12876812561216447,0.2919214512664391,0.007706526908066503,0.008790530623685436
125,0.021428758105167506,0.030248450434186457,0.009509426581362952,0.008391302328145141,0.014258736275128596,0.033739672006437044,0.033570064404999995,0.012583531139786996,0.31267252476131363,0.00769617305647025,0.014005718347524024,0.01843894957585142,0.009556508571304011,0.04562938547487786,0.33249824691362323,0.04654027256106552,0.021543106462237966,0.004961819735541211,0.0061030119365305955,0.01662434132844556
126,0.011107926411413208,0.14992348466386488,0.012144872776197012,0.01073078713749606,0.03339101554583588,0.004693074193283522,0.022504503986690797,0.027116345053710727,0.017099533399401692,0.34038927123170964,0.22093555702793033,0.011590752165132709,0.014363053353289667,0.013248031248233825,0.00711855119982656,0.005568912755232529,0.021233506864980562,0.037136324161560846,0.012219791299722208,0.02748470552448731
127,0.05320292796984071,0.02445079655450259,0.012311107563067919,0.017946598614883947,0.013869633023677752,0.02653077134502721,0.04529399915926564,0.05237749888226618,0.17904390065371,0.02959578203113711,0.022367728281062465,0.08193553880285219,0.0042635087295381366,0.0675236471720652,0.14458976588509118,0.08041096963457108,0.06556808094784897,0.04048926566292919,0.019852588067427016,0.018375891019235525
128,0.10597906425398625,0.04746690765295134,0.056315114329990874,0.04321376157629894,0.007144439127935771,0.09038732192936964,0.007777143286120554,0.0061045288722824205,0.08966048380626933,0.006537369355746333,0.045693618967378474,0.05790169880264658,0.05716704708609418,0.05182849936342784,0.056599666253805365,0.11023270104998732,0.11106353450562527,0.038406298077010924,0.004602471123569562,0.005918330579503031
129,0.07974934102781263,0.06706864800876923,0.08097226542496068,0.05633826850108733,0.02175007392364683,0.08735757206937521,0.05382105505500834,0.0065434610159725995,0.07859495821141876,0.01621429817710821,0.02786282064853342,0.06898410614723065,0.05092971800799404,0.10146565397324547,0.06912204259474031,0.07630743334309704,0.008141197617964512,0.0060572473278094835,0.004178594754191873,0.03854124417003338
130,0.05634150991784718,0.08037823605058854,0.007703016301095415,0.038886570905522694,0.03902915264574774,0.002359643390784021,0.08007106984534858,0.11135220173316769,0.04309155912948854,0.05181680050822816,0.06438714603146255,0.013929016552813403,0.0018875999642786144,0.05483042600090043,0.030615175670707637,0.04827580632813944,0.09429378689848976,0.08858391955456868,0.041909612412465054,0.050257750158355895
131,0.017287619955281688,0.0167827105646262,0.5080413638872964,0.043366754276770524,0.020933246383749337,0.01503460647815944,0.019182212114209816,0.019347619877393234,0.01905517411573955,0.008409475578179101,0.022602981808058833,0.16793653497880714,0.00844413851649213,0.016477397327805843,0.006623702100296196,0.017846132675227902,0.011943138951535518,0.016725161143151073,0.020214379472198535,0.02374564979502157
132,0.12386907175592289,0.17908274986033904,0.009766636636586211,0.007697631402686072,0.02589341032324326,0.0029762911708448576,0.0131920715282534,0.1559682468933751,0.013249773324871629,0.10382715266416952,0.03013270243556319,0.01158142536884218,0.0041123903406558755,0.01731290332853477,0.003363826595155902,0.005727811555965613,0.05798138920953938,0.2136125085785594,0.009715743413291192,0.01093626361360049
133,0.021490459942920693,0.040312605876910365,0.012018143755086105,0.01581032058542727,0.13573036039160435,0.005742915154895153,0.09073128465986464,0.03959948068428768,0.007251561973026617,0.08900461133793196,0.08060123129544049,0.09978245662322459,0.002937875269823471,0.05032970980785425,0.00460552465487607,0.025049035092904015,0.0847245110524637,0.00856426464008285,0.04134847641479252,0.1443651707865832
134,0.03169881812277903,0.061169158476234164,0.007111716635631461,0.012188288297544835,0.04661230308172909,0.03259966127951571,0.15552035383923532,0.0229787221525613,0.051732113186769485,0.030428545737944106,0.042398960816590815,0.07612540794856441,0.0087436063089357,0.06502699509532617,0.10455277605651016,0.05070369868426081,0.050261050663220834,0.04038280110622595,0.04490085453053875,0.06486416797988191
135,0.0643519607795169,0.11355384618919732,0.009852141127227923,0.016733812296949157,0.0575400607673536,0.0016318902513449733,0.0441567809622856,0.08046308346272199,0.05973970781371185,0.08226603703207454,0.09873774221778565,0.011221277571551521,0.002296631751779951,0.09977333762806201,0.037286225976691345,0.04895887061520896,0.06710713427049222,0.04999331408334768,0.008490556165463766,0.045845589037233035
136,0.1434987357637895,0.06348018319491833,0.019372886231190527,0.0138060910672168,0.02363222447314955,0.12192188376538084,0.1697391541490945,0.02233395406711196,0.020504704123733748,0.01023127492382774,0.016649356334061928,0.039598736794835505,0.08183503336361195,0.02328999668898672,0.005587950962763662,0.08716843648816903,0.02085509942913628,0.03383359903613344,0.020395726936851325,0.062264972206036655
137,0.10365489084961362,0.07636204884078573,0.020798942142303958,0.016066066286672547,0.04103017422979873,0.013843583037615357,0.02789914103063255,0.041320808617018645,0.03399799732356101,0.04445361541834381,0.044753288773707524,0.03223925191305523,0.04675672374276918,0.03765808753248732,0.05529416358591808,0.09427345673462291,0.17340745752560807,0.021516799635457787,0.03761122853434273,0.03706227424568522
138,0.047192690645701384,0.042790841281989185,0.05372833361189475,0.2731265950554562,0.03361979613080481,0.07592391176403006,0.020131709914684433,0.050977487113204684,0.03396213322996842,0.05069184906227329,0.020219594959563856,0.026926550610532535,0.010949911462514013,0.09972438204658829,0.005116952058906412,0.03309599631756554,0.036884129002463045,0.04119287140506858,0.014015256757721474,0.02972900756906903
139,0.05620853765953227,0.06203349622142031,0.007923340479198961,0.00324554412865493,0.022052282135977902,0.07769535072659307,0.023091415521554127,0.025181381633397736,0.06999224294441879,0.03376371683920623,0.07074683378901202,0.06352002654143123,0.052217328171216576,0.0808343830958396,0.11069315307664067,0.09442708090592788,0.05155519257831167,0.03623499834833938,0.009389684644736211,0.04919401055859043
140,0.06370822484688891,0.11000808353883618,0.008121687793199427,0.008821442805184066,0.010540358954778778,0.005877508475685949,0.16890109682343948,0.051569715128505285,0.01164108915821063,0.1106586995429207,0.05943639753592624,0.01187365358468989,0.005673312543213046,0.011335027571072761,0.006281870254965947,0.09397850595762003,0.08012249022127649,0.1660878193606912,0.006404583912279733,0.008958431990615233
141,0.02773920852680482,0.020044224520188798,0.5641923822165241,0.03625299041896162,0.019019027963538396,0.01747918602400926,0.017141583493272244,0.021857894186181847,0.026022822256721926,0.010375404343248205,0.02442535189590873,0.05259120414496987,0.01167250060143018,0.025949573318584312,0.014938726163207084,0.009077152102761797,0.011908230974556996,0.024306593867804965,0.027039066713942878,0.037966876267381995
142,0.018459388386599784,0.12141873158954096,0.02016041986591029,0.023726454385161185,0.021752695085461484,0.011382831570206713,0.018418787539685313,0.046720725988773214,0.017945159374635238,0.0073066281756664605,0.019776897821005824,0.018089717604305482,0.0425764315366369,0.022151878888222423,0.011479140414006703,0.01495925156298293,0.4168581841474843,0.10422948671681455,0.0232398149936736,0.019347374353226643
143,0.012449128995357937,0.017795927119783287,0.018993728105463816,0.01428476499928114,0.1298183669706253,0.01028436595077348,0.01990762548409333,0.06725447018053113,0.01721098295013208,0.3259774978470278,0.017543852720277864,0.021384249914160828,0.02571315044117384,0.02911046922208103,0.026762445032186555,0.009476952173960858,0.012185034671760374,0.1842483766283377,0.015453773453203881,0.024144837139787764
144,0.005867237440937662,0.009567136780536431,0.013206366561227693,0.011428745243156924,0.21917867848295972,0.005031987666293228,0.017164701542425637,0.1383776379334703,0.01369126302918959,0.33786676938933907,0.07190619953015585,0.013410942784656455,0.012293081101479461,0.03465810184533857,0.006398651127189091,0.006151178855157163,0.007994706469956673,0.05411721325639766,0.009796827486017694,0.011892573474115176
145,0.19563050384041425,0.3263898575832734,0.010417242385473887,0.010679096230835036,0.02608168678760579,0.0081058849312668,0.020539277343174716,0.01253798590046929,0.012157460589039036,0.00530224020375631,0.012376060063390934,0.01731419504627321,0.00713525603479222,0.01624764501899031,0.015654806124283462,0.09162771997101403,0.007469068764678848,0.163691191893798,0.02147198841977487,0.01917083286769555
146,0.032339440170522565,0.017244231064286544,0.5646175295682178,0.02734841798014932,0.02452839285868315,0.016217253909406756,0.03248123142518678,0.026072840149278104,0.02843637670394635,0.01080713642951124,0.021445666421257722,0.0473755669249794,0.014782939939554297,0.028386093911699054,0.012665142618772163,0.008375515288770017,0.013868431596540077,0.036000985941957185,0.013175232793877419,0.023831574303404057
147,0.007932471077027705,0.007726981114692919,0.01143534438576043,0.009713259628677485,0.010128359670414505,0.003719909895469664,0.008624071780852094,0.20910821460594964,0.015874841326705396,0.21912560992512867,0.27008620757518287,0.01029963268941258,0.005605043306129592,0.008002090176690025,0.003128420757771592,0.006857784624455979,0.01307644770705707,0.1622759792512416,0.006671802691898641,0.010607527809481508
148,0.026276588793123362,0.023579250677549717,0.04364836321189225,0.015746173171160848,0.011900499424084382,0.6812544294121325,0.024096988836472877,0.013444563268657445,0.016183458958277178,0.0054211579500997595,0.013854571469437318,0.014882903652926415,0.012484847202060707,0.016492617365448697,0.009552530088944156,0.0228043960046798,0.009718626083910905,0.012129980561429445,0.012304586267725825,0.014223467599986403
149,0.0272298489447373,0.013235227089748254,0.018457427109122553,0.7050692288388865,0.013393099453440666,0.03531486098411997,0.020266301201667513,0.015570049538476323,0.02828308516766234,0.00482871876697117,0.01374696381316038,0.014791940281256683,0.008328134322565905,0.020296681371812713,0.005953070219899964,0.005823505125968634,0.008247217875216947,0.01754903836188842,0.009465938905332323,0.01414966262806532
150,0.10263315656241268,0.08530688508754986,0.05433412425025766,0.07481638281036293,0.003401580189669407,0.07592767257909105,0.046237195685126305,0.007650505605605435,0.065571743654675,0.025212396840782688,0.045776469583600564,0.07886250615387931,0.006089655199289379,0.07671713150980576,0.030750536193031756,0.11492572485761228,0.06923004821478101,0.02963749487611116,0.0021026983126076503,0.004816091833748142
151,0.24007739046843954,0.10125412620155176,0.010384347406712529,0.006762677800553709,0.008714072264430996,0.20625117696079096,0.008045881798183144,0.01008421932645937,0.014017073803483755,0.021476967878192,0.027096461036337643,0.009266067021279889,0.014517478265130166,0.009194064730459998,0.002599925567880966,0.251847709697483,0.01690504762606182,0.026386872010566473,0.005345357413046008,0.009773082722956357
152,0.11435115905718861,0.06514764224611547,0.00631432917127343,0.005201377816468455,0.05662861399062442,0.09664873155486559,0.04991346640652372,0.00612990653986988,0.00839280696394102,0.003743672965321921,0.007442834233333082,0.09971722369855686,0.1046190813587291,0.10427053478916559,0.0022278192274933087,0.15502256662516312,0.07865420142356001,0.01029846603885347,0.004398279960035166,0.02087728593291785
153,0.04619115057102236,0.05028921141678108,0.022701823311054064,0.0038557473761534483,0.028860686456802214,0.02149420661343011,0.07688097369981772,0.12182743467050006,0.009597265822404466,0.09383999990640395,0.14062654371519634,0.030876853992713966,0.002661549971881534,0.057850633662054306,0.00934890936260945,0.08567810723863171,0.05832628138586729,0.10101600387088062,0.012733630305513175,0.025342986650282114
154,0.08848674120432655,0.0807328868429929,0.008656034381572981,0.006389462686372892,0.07538974816501892,0.04827172746800903,0.11343868240427384,0.01644472634123267,0.027558316736143434,0.009470463204336201,0.01253132078497407,0.04168475889552544,0.09211723618628492,0.01451715841221491,0.020317515613607028,0.09562324660735035,0.06854758184197779,0.05327200918649907,0.04019009368720315,0.08636028935008384
155,0.06609964484104912,0.0433018671294392,0.028375299485250333,0.08089657253692673,0.025764450089724555,0.022372962359235776,0.0676385612177783,0.06628887511560226,0.03438005949921069,0.05434424647114346,0.07309291002002821,0.05766018800086508,0.039523487625753716,0.08738727721507865,0.021756710110475534,0.059463808841859415,0.07688048170137245,0.06169893788377817,0.025667523506084963,0.007406136349343395
156,0.024809414931445967,0.12346358230031729,0.008590757990295371,0.025096212658976463,0.024379590168354105,0.018164054937458454,0.04368995600691152,0.23845500328468847,0.013856445474211826,0.032483750265551704,0.06686231752586101,0.04003535671672462,0.004577206059033082,0.010347546517390144,0.007026387186713889,0.010220813596493974,0.056267098054913284,0.2292334900173679,0.008676692432396913,0.013764323874894055
157,0.05556653159797118,0.020630789543905417,0.04815738209095962,0.5147134141734869,0.03035006743667215,0.0293658387849903,0.01616485090073158,0.02628189534568169,0.046066480838264645,0.011278252239245978,0.02440975308335166,0.019166700393259406,0.010525051319815196,0.036286369434612435,0.007863379320876803,0.01131243208678676,0.013300476224295988,0.0358341080813857,0.020611281261661677,0.022114945842044858
158,0.09483247060064358,0.06111939718996249,0.012470057144054504,0.2230085709643197,0.013338266262589561,0.021204141665297205,0.014211958006043168,0.013077531501147275,0.014212354135124736,0.007158560515686673,0.034695605086550375,0.05282771441898638,0.006642736945785695,0.19610361201993834,0.004618067033501108,0.06654245584541928,0.1043027987779922,0.031352436317297616,0.007890628673211162,0.020390636896448964
159,0.043641909329144885,0.07970132666887685,0.05839901757349516,0.06461255307620944,0.0429565628967466,0.041423147240345716,0.0705754078055242,0.03193388532762872,0.05641301951081897,0.02818073276006812,0.08212136404153385,0.0764766125528668,0.007619207209771928,0.07372784990739491,0.03302736318132348,0.050069377717576226,0.06907479060181661,0.028902893654416544,0.030236997254869325,0.03090598168957168
160,0.008099902117173702,0.01913384798730712,0.021979936115574958,0.01962625925414738,0.018666648771220488,0.013218903102386837,0.015629007256345306,0.027458475954948953,0.08978890198917232,0.015212692002844119,0.022401636432746355,0.036402746867428,0.01682608620928847,0.05112125822435337,0.5471469241089044,0.010351910073723177,0.014171043044222273,0.008809281798720979,0.016207955109458872,0.027746583580032954
161,0.023759019851504772,0.20246973531722842,0.01809086155170393,0.04192782762174827,0.01934399575368848,0.0053286387234951,0.010361377147286237,0.03659423286473988,0.02271448056811712,0.007852083798151843,0.019156692954243933,0.015288423398593048,0.02043733760025358,0.024561817908751393,0.006385643843122357,0.19290478715098414,0.2917114879546614,0.007095213285685877,0.015204968180002115,0.018811374526038108
162,0.09529350245573714,0.08289061187214254,0.03498028109495446,0.08323486874086018,0.03404808636074804,0.03905389934618611,0.039981679019097736,0.044075284688744,0.05794701843123953,0.07354915930224987,0.10961408137575675,0.053642225898720496,0.013352830112967983,0.05145428867063941,0.022354054090787848,0.044502334123089154,0.04431664419453946,0.03831239937579278,0.013081219584259925,0.024315531261486594
163,0.062320774937544794,0.04150916002571634,0.012308214531586393,0.0029324114651563117,0.012370937025561475,0.0538171913441528,0.1011621901172199,0.02147110344949607,0.11947029077654296,0.026906157584558454,0.0752597263178393,0.09164960024389313,0.0023561629482490645,0.05270753101159344,0.11929151917291096,0.08401792431008777,0.04686311958548747,0.0342844847374869,0.01713804904632148,0.022163451368594975
164,0.11581761092339903,0.12686925873563412,0.005571305102717558,0.009872078687816609,0.005264285022587655,0.004361308388045796,0.006562658738504986,0.10747974860051475,0.006002347749155642,0.09280295799708325,0.08901945677314428,0.00483226856510948,0.0023765564061914743,0.00422311950855978,0.0013641625294893277,0.04646889975131254,0.17890222282075088,0.18444608473658405,0.0030521300975550995,0.004711538865843635
165,0.0031547793328222176,0.02722080790392752,0.007620273293540171,0.009161347510094495,0.019132491669761033,0.0037630624847511287,0.01847226838219217,0.10058848167248009,0.008668342625026993,0.33169514223430624,0.3556306949490855,0.006803415194129252,0.01448128927832428,0.005359769167149601,0.004458236397730215,0.0023252465300938364,0.0036621708182456446,0.0638060769489997,0.00678061212646995,0.007215491480869915
166,0.05802591214920974,0.049923286330780935,0.07763272455884612,0.08787625078474183,0.01064987627080772,0.05680580880877004,0.07627223204268076,0.00400431404297323,0.05737383809369603,0.004937102390040623,0.028420696892607,0.08456841991960078,0.007953626248153834,0.09080726796424558,0.06126836158264904,0.07493939400902244,0.10746238350805436,0.006669822030270895,0.014259205013659418,0.040149477359189605
167,0.11169153330527933,0.13986050535985353,0.008026134819897007,0.004688370403249962,0.013090351432023225,0.0040412099474467725,0.0191826707584432,0.06398557438817834,0.030281850935761526,0.12212692225606638,0.14467063664373234,0.007069024497177115,0.00422440659755015,0.009637612279110091,0.009031813975495151,0.04886843540956204,0.1424189530070157,0.09383448850042929,0.003614182597539294,0.019655322886189514
168,0.14190841354671171,0.12003504181499232,0.006780484011976308,0.017512954829208074,0.009103364489618945,0.009150333407706634,0.007606552150117354,0.16271100799047225,0.007335135985087521,0.21988843223164914,0.031810135662646906,0.0066375682310890515,0.0025309879526341293,0.005822493614951949,0.0024261948349395355,0.0030175302888433863,0.015262660878242242,0.21610272517024373,0.006649145659339964,0.007708837249528808
169,0.08935013016964581,0.05484703439900701,0.06416383879311195,0.10861483649798331,0.013309185194790874,0.10039721657172207,0.08252917633278285,0.016081910477048655,0.03646620130284867,0.009579012955793244,0.009228410944542922,0.07935915065204995,0.0034772178998729512,0.0906620750838197,0.007177039834215794,0.1117365929375236,0.07376964839071445,0.029736018570424044,0.008503296980784694,0.0110120060113175
170,0.09782347345376023,0.060872157371945894,0.0669080303174379,0.04111360483001605,0.027406953733331966,0.06495214082925,0.05991592531639886,0.034066372242271326,0.00550489947663349,0.004771860298490777,0.05209816959439446,0.08127497482377616,0.06098812892628467,0.07294076024537034,0.002018609959300652,0.07592877249247625,0.07393271369424785,0.04700298608621909,0.024161248514154993,0.04631821779423904
171,0.009710147522800498,0.030439876377590755,0.015361269496788168,0.014727366829133585,0.10525077630488233,0.01214247269714701,0.023582005644701864,0.01938373057446398,0.014040567357651008,0.01472716261950214,0.012438587006107957,0.01531542250667583,0.010825885936241437,0.021616238456138814,0.01990248765922246,0.00613862233453004,0.008895569426086491,0.007657893331036705,0.502273920480644,0.13556999743865486
172,0.019047448622717244,0.012484393523303045,0.016367349134811204,0.01204647560906022,0.04329433769960017,0.009603329123928042,0.03601632061353043,0.051546058540359124,0.012696471816142448,0.5021453805341479,0.15888111487772547,0.016760000606725712,0.03238736157869755,0.010938712687828617,0.010005053328405848,0.011855679371047917,0.006430667134515119,0.008830205636109674,0.015022967459064436,0.01364067210227977
173,0.10399439481197302,0.03577076159866166,0.08391215381298948,0.11914680290297704,0.0027064446917203534,0.03859822364116681,0.0545765670489469,0.0041192928681914025,0.031143968656185083,0.025716703896618856,0.05069030198032168,0.11649073878763037,0.0012438365613071502,0.09585181552295678,0.03736874191951875,0.07946114901087493,0.0887678594820912,0.0224584523487845,0.0039854814020930255,0.0039963090549910195
174,0.008901868479852424,0.013497615368305413,0.014304934970406266,0.04669191077201192,0.014874232686096696,0.01002084948631967,0.0314050301194461,0.039268327766823506,0.39820493892643305,0.006843048276346347,0.019293396804987772,0.028097056820322226,0.007588479735577517,0.037650653771452776,0.2596809830492256,0.006955041299966789,0.013535209422390943,0.009760735071751092,0.013391548977411927,0.02003413819487201
175,0.026251567166377804,0.057515926810115726,0.011828527553688878,0.019042304542434604,0.015127493188523725,0.028851791584822973,0.14556750265636292,0.01390136394188682,0.07332907262511175,0.012258772773502959,0.03613568527103279,0.0930813287709417,0.004191542498939786,0.09046602591232912,0.17181745955214087,0.09088210057098366,0.03168882453643857,0.019844196054191274,0.01894471961623187,0.03927379437394216
176,0.013622218683379988,0.04288919430404639,0.020519898241692487,0.0249870600667061,0.021282774221975123,0.013180703483121864,0.013760279084605658,0.021336019713740908,0.018653335048247704,0.05018758418199202,0.020565582102251522,0.01579095278832612,0.5563862022926213,0.026804654071415763,0.012209830373600435,0.02692495025832352,0.03752865863008396,0.021777772449588412,0.01898938366923926,0.022602946335041545
177,0.10402175482904745,0.05601383754962799,0.03555523498051063,0.08239626995981432,0.024812730735435207,0.1281514698874889,0.04885708745347564,0.020359426155075386,0.004545042976622407,0.04686833935062618,0.03578874441312168,0.041009476990200994,0.012006849939994289,0.08879519121199199,0.01463065808172065,0.08313254603149957,0.09992969036274928,0.01978165431614741,0.007565417889113711,0.04577857688573633
178,0.11507296591680206,0.09458454808959142,0.022496005451658762,0.15005232007970243,0.008752889000501635,0.06135490884536903,0.12774596001390134,0.01752519887209672,0.008744536761230581,0.002565577047280581,0.06270592579988014,0.09931102840322535,0.0022952706320425284,0.018222843774018376,0.0018878340727280834,0.08859609389337986,0.06392849553603387,0.03900230942868654,0.0056202799463384925,0.009535008435532169
179,0.009427979044960311,0.03584068541191793,0.017435672778415668,0.017038919399936025,0.39474517966007694,0.008432590440894621,0.01995539906691932,0.020955443248668146,0.02405892701922681,0.02730213598942816,0.019722538298073442,0.01730706986290131,0.016014488547668262,0.018095083880426972,0.008483780359541808,0.028431521863187037,0.012661318301973057,0.012741644144862454,0.20573554963257198,0.08561407304834973
180,0.12855138873000005,0.4479570343772628,0.012161318735472522,0.015178483480588848,0.018349041129160536,0.01576849173595159,0.018562022132879576,0.01372257332412305,0.012942376991666614,0.0060442354062974985,0.011643055745899564,0.01781829865744226,0.010517536157266647,0.017752398861522425,0.03389221456489647,0.022926028267791,0.008029904356413221,0.11415523541889545,0.017410908555440006,0.05661745337102988
181,0.009770859466013812,0.015601403396084783,0.016133123259014504,0.026719256638752267,0.021572190509667827,0.01041786427603114,0.014640425990299197,0.47075077231789314,0.032564117444305485,0.014772148730277353,0.031048285647838902,0.012482668514444318,0.010799918103760986,0.023022087840622634,0.01226138460760142,0.008557772878092758,0.02483174549714579,0.20373267444350282,0.022995727897230065,0.01732557254142079
182,0.012449665869479465,0.022595349222387855,0.020015053968132374,0.03655636511953298,0.024116066231137264,0.013512783780105156,0.01471476181107074,0.022509392177746352,0.5989288891659142,0.008172166721959766,0.022154201796617784,0.02464583750460886,0.008193703989344074,0.034444080521586345,0.042660632830241074,0.01033266886623325,0.018677167152309163,0.01305696448646441,0.032735507783809945,0.019528741001318888
183,0.02865302613859762,0.044332400989748895,0.01942918313834382,0.022547241252691277,0.02207316548963204,0.011430634773205509,0.019715368061661742,0.2118386291609521,0.018221380272944232,0.13469799860060616,0.0385889606585266,0.01836352398305079,0.007416661026727107,0.013242571148283066,0.007595835887070651,0.009598361855192566,0.010425060176575953,0.3222196781161104,0.02155709541526334,0.0180532238548161
184,0.022386862817792095,0.05455241507125616,0.020283446953673106,0.05285686511862354,0.020059169454282204,0.04329668802901406,0.08621366021157856,0.04318583797960209,0.012026724688974462,0.20796296192042907,0.15987885393585705,0.065780119687398,0.008663739844808097,0.07579364461632677,0.007306096415080336,0.02595592030010839,0.01970311805300817,0.02632967950901727,0.01446234128670384,0.03330185410646664
185,0.1034814016700892,0.2897137597438936,0.029783030863786464,0.036735314845901305,0.030925819089277756,0.014475341377544845,0.014201303897825613,0.03843505694032582,0.024216810747170744,0.021873153568331638,0.04253610195585023,0.13995110487427595,0.009496459139298426,0.039606491855529447,0.009852033301008005,0.054763936484225305,0.021567649823307805,0.0360159717790652,0.019756729164091175,0.02261252887920147
186,0.030743857341441343,0.0321933027516539,0.03690934571990729,0.026987071788533882,0.037822791208704576,0.018492221273637484,0.019984909654943147,0.03596521904150254,0.03188346070118706,0.0316247682496337,0.03815468313603448,0.033190294671673955,0.40825159135806466,0.03267669787315234,0.018931481848757092,0.024089181448903412,0.04874932102498871,0.023465224892750648,0.04058264469468667,0.029301931319843173
187,0.033115647829720485,0.04245673900228091,0.03257305510777344,0.03347590260864369,0.04941889391806222,0.028164169195735295,0.025125847617017274,0.04073003853511315,0.039185665043990243,0.021457696531162782,0.03552017313269145,0.04308799285527071,0.031071855234145712,0.04417088900496526,0.03503273608777564,0.045508182418224796,0.02616520689187495,0.020506517000282554,0.034815710599486856,0.3384170813857826
188,0.028619062315334745,0.01946488389968651,0.01822369808389041,0.02604569430923399,0.021796835775024028,0.010611248682175278,0.04137412136934946,0.017133615937199257,0.024176151087001423,0.009903928259376945,0.029003176434482775,0.018128347277747665,0.026778419475704612,0.021066845693192646,0.020978789719525704,0.1545184296941969,0.4571477480859955,0.00973058074774989,0.024825690057215494,0.02047273309591675
189,0.11755133560466718,0.09919264410077235,0.011963811026663213,0.011916061420403376,0.014979895482931382,0.11550094102936259,0.01071529580754641,0.020803990024943337,0.013638761952909655,0.005418244250870408,0.014040500917909359,0.037440032727381056,0.06459399825459704,0.0129464345896245,0.007401309415751439,0.2986593159131334,0.10831010078543539,0.006555165113220306,0.013607020055115047,0.014765141526762523
190,0.03818776653270104,0.05617247298308083,0.03509741604520595,0.047791193821265315,0.00855045548377282,0.04420553327500045,0.053797932358410655,0.044199520766335404,0.08527329169966648,0.052817465006758435,0.07488360193262482,0.07923260947935397,0.03775144779795591,0.07221746908900245,0.04518237472939362,0.04657188959186193,0.07761201958736201,0.07940804915577974,0.009458546852486711,0.011588943811981481
191,0.20402794560979629,0.20881541677708804,0.009485947346259549,0.009158140674908423,0.01272909367573003,0.023678532839001714,0.01071620246129272,0.03831440745905646,0.008098340402793659,0.12429806240701402,0.15284439544682102,0.009455656571763544,0.005699723824504638,0.008143702032458554,0.00900077067124683,0.054635788386753516,0.0659617495537808,0.026441326198239124,0.007482655293838128,0.011012142367652975
192,0.014477038554265971,0.023178658306015454,0.024032984683260136,0.018337318314272506,0.09480324735597119,0.009446193851745645,0.05088592589941041,0.05333833878619162,0.034467295341909614,0.04374978713537333,0.409535887678624,0.025665365758165557,0.00956791018039419,0.036686811791492364,0.0071203706341890155,0.008294429212770854,0.05075683153943786,0.025220657910761765,0.012239276619140031,0.04819567044660852
193,0.02541725744564698,0.020337974182581806,0.03981429366248031,0.5283488795919241,0.02004286961116986,0.044740256045521204,0.02256354094788544,0.024810168791347748,0.042943196350941924,0.00990241686500185,0.033930833252993294,0.020299265829513104,0.011166601983327243,0.04097995171159344,0.009408082314126286,0.014686213658027511,0.011178857254815799,0.03915591552818159,0.019263879497879954,0.021009545475040466
194,0.07645099063423737,0.05908673509011366,0.00551174134406834,0.04628980028761193,0.08287534767550674,0.003263063331478412,0.05248574928464703,0.020363235857408294,0.05303551660265096,0.0589072451078152,0.08354590365299541,0.022465280465907123,0.007216499113001168,0.10994105009482115,0.04386265290557695,0.06664115218372899,0.08816414452035087,0.043555183123829944,0.015910540190860918,0.06042816853338954
195,0.006467026975725935,0.041033478356281246,0.01420995879120914,0.00952934800427419,0.08577664746665044,0.0038367659832366095,0.014595790992689222,0.20085655267107286,0.018350679068374676,0.22450023441217293,0.16507718758422832,0.012005055738391147,0.004554774833645994,0.011172278915240107,0.00897472634900178,0.0045137113763008595,0.012521200194887649,0.14252931792556467,0.0073113654069426465,0.012183898954109575
196,0.0407964264162697,0.08649470486718447,0.13316294132089435,0.10624249528020718,0.06498898388278854,0.012335667532879088,0.0420559279398138,0.013477562874835066,0.029727632723968684,0.11347226408217703,0.05003027148414965,0.058200997217863266,0.0017186771864143903,0.07743655988862133,0.002180648258001214,0.06522923819909941,0.004131310352579909,0.004849284795126057,0.025531741454889234,0.06793666424223761
197,0.01643532096094957,0.016724532691561128,0.009881234373540803,0.01345187262695533,0.039763366181203685,0.013373409872592718,0.011929834166957818,0.07265898532207798,0.19934512579541228,0.11367562275642473,0.04285410958092761,0.01406354830845268,0.0031282422423036978,0.07787245638756429,0.2683328494872591,0.007564600007176996,0.010230355356197063,0.030184537489210517,0.01240774658120052,0.0261222498120315
198,0.010052024444626101,0.03791595674312501,0.013434160556137588,0.010800448757486536,0.13696552320103852,0.0034403599119333015,0.010488890539806337,0.015889928677046264,0.01151958463565976,0.32231591391148795,0.1852919203875147,0.014448234712397548,0.023056814605772993,0.01902674521409242,0.003780937260812829,0.004782425787022474,0.006664106244365819,0.02644049855216998,0.04199803497508212,0.10168749088242172
199,0.04505295844358261,0.23328741554839053,0.0023623645830633034,0.006332966639191109,0.0038821000001421683,0.0019176539729623097,0.008611087169126098,0.16834821768909536,0.008198324923144248,0.04860051210802058,0.10262042091563167,0.0023494710817710206,0.000874466015634749,0.05843692746836563,0.017579794886597697,0.036787182802276434,0.12739806462854045,0.1217737346484941,0.002772397535841188,0.0028139389401287012
200,0.006100721452172869,0.033114188950557705,0.010075678133991678,0.011498849352650137,0.009964539814362164,0.014155250129368413,0.07584630473017862,0.012257121599156722,0.03015163704054707,0.005904954289965197,0.011136834290535372,0.011777833645537658,0.004392896000566843,0.008903547739708962,0.7213195337749131,0.003891664564576817,0.004428006039046409,0.005336802729107072,0.010054347454743621,0.009689288268313617
201,0.058021913546139774,0.03744018057348207,0.005782815657937684,0.005425759391309077,0.020081187128213027,0.00839657640180697,0.11231422994774565,0.03261674817595898,0.16635072777086926,0.04057870436809576,0.0469899461839905,0.03813669374262117,0.002117306655606969,0.08381575084276553,0.17101100443939454,0.03726565111631186,0.051099799787245055,0.04524093572873487,0.016518401308462004,0.020795667233309213
202,0.004453556084249521,0.014285743435084096,0.021926459793285013,0.01163863000180205,0.1872119625940474,0.008188459017041834,0.27266262662974783,0.0172873638602046,0.01092572496677937,0.004900901988816182,0.011232588382054343,0.02491345460615386,0.007941509155010755,0.017903148296211164,0.03277106620979001,0.004705203871529322,0.004767456177287338,0.00937854636928818,0.18504567948494277,0.14785991907667428
203,0.00803164726303439,0.01889560678773496,0.0168726843489117,0.03970749668380046,0.02351368942490815,0.6653720751404216,0.01590316338994065,0.022519529606415758,0.016508937520658868,0.008371030203447512,0.017577382943532515,0.018288101792361223,0.0089105659047092,0.017615440785843265,0.030291639314097212,0.008837279209107452,0.012455582388917787,0.014996709322115262,0.015798196380583874,0.019533241589458062
204,0.008575497811309883,0.01930890624090735,0.0171098301469479,0.044694856391907505,0.020244812580086428,0.6601297330094686,0.0157724208839962,0.021506078662482293,0.017509290062892976,0.007965141362905903,0.019055799056583535,0.016770327801513735,0.00685236484181674,0.02060175291221301,0.032488258196358505,0.007783108167218133,0.010920902572229248,0.016482852353188002,0.016780979393783587,0.01944708755219039
205,0.33087460102885846,0.1257485972687905,0.003035014518147796,0.0086799646348665,0.003344136006525156,0.0519324864267521,0.001881002574306923,0.00536391773347684,0.00222575070250697,0.0006897822679856826,0.002276308022189553,0.0022704200610194855,0.0009735334767078143,0.002514616136994133,0.0038018812138167443,0.11809964620818246,0.32914765955725395,0.002475243515565605,0.001843673487074879,0.002821765158978508
206,0.0024009379516992343,0.006650111658256571,0.005241259431652559,0.007840218233992146,0.14360541169914834,0.0031558287336635386,0.0036619431882917407,0.33131261680454865,0.007113361420351687,0.22726791689358872,0.14085548627557506,0.004176027412992077,0.001823829393631824,0.005701371675776067,0.002208444176417297,0.012431652319696533,0.00234583033527988,0.08039034601382057,0.00607323261288896,0.005744173768728492
