site,A,C,D,E,F,G,H,I,K,L,M,N,P,Q,R,S,T,V,W,Y
111,0.008896717691735901,0.24751232067109297,0.07169620099881124,0.4279134863573539,0.014345992409117998,0.0017772464522265179,0.011747691122585857,0.01159742437610905,0.061817255452466635,0.004379844927578009,0.013828674329812515,0.01566077872487875,0.007740481887508025,0.011166561744976856,0.004909342818424533,0.050019732783212555,0.007907524956021917,0.0063323739413539025,0.010874503683204431,0.009875844671528728
112,0.06301632728711887,0.057964652334025035,0.07680299996528284,0.11043428592547892,0.0032749179894049894,0.024725281055686832,0.012017359074868858,0.05222781620770748,0.05763868214465728,0.047563630216992926,0.10830316605535134,0.057851218961718985,0.02309827045488769,0.05897245505069556,0.026265289776884543,0.07414376508952875,0.0832157700461107,0.0478951612424561,0.0021192084658228695,0.012469742655319528
113,0.006270096621298769,0.015694627222515134,0.015281771581389922,0.020209360941316836,0.023049702873347216,0.005883712845868086,0.019203922012329344,0.023060013656032056,0.020020560660065887,0.015232020093274934,0.02337749340664014,0.01607301452114761,0.7188201003118405,0.021432050252961427,0.0056429973523965385,0.0038640074387124947,0.007492439268156462,0.00828617522761361,0.013686872820141657,0.017419060892951563
114,0.06062920556024581,0.06575664978388131,0.007350964397508246,0.03681304364325075,0.036332801801852756,0.001709617082152965,0.030801100603271587,0.097022849433177,0.04455814980820755,0.10963481720044786,0.11666306154428423,0.018066445377569452,0.002757894064028979,0.042488397487037366,0.025133362882431093,0.06823388816710253,0.08437645365344736,0.0844783674108872,0.02852629561831371,0.03866663448090224
115,0.07684877786184942,0.1320155372777304,0.008953425519678359,0.006412663979903727,0.027233883544018556,0.049612437811548664,0.05990018137764742,0.057496735271745335,0.011117978475048229,0.09413008618409863,0.05078227811117065,0.07622883544407588,0.0445751181661872,0.08067488824481306,0.03185851621436176,0.04026113381185673,0.02072236722636332,0.07880581650657059,0.018572667177855447,0.03379667179347657
116,0.01475601317423411,0.04803194961128856,0.011453210097021245,0.007279951265256684,0.033603883326816186,0.0019507719433518786,0.034528041007818075,0.08892224794276817,0.009599438769741465,0.0038407527468046145,0.11512013739938776,0.021379384113312676,0.006413008019804316,0.10666859361907133,0.009645724912882967,0.010661926414110538,0.206440515245127,0.167728661742921,0.08765005890896893,0.014325729739312476
117,0.007676334988039883,0.03125476049173512,0.012232109327389948,0.1906382677522002,0.021730703145706593,0.0033134599667840464,0.016359206503120255,0.027509751939358906,0.0557801553552165,0.04035990499443967,0.01784595802626002,0.1273472474523498,0.009400569487096472,0.2408610429578347,0.07839955213371586,0.06281315789153008,0.024375942611139012,0.005733640062101724,0.00937597839088288,0.01699225652309821
118,0.011473313571653132,0.016678001872267072,0.02122549068327018,0.023912406147948154,0.029419099148127844,0.038101282948129735,0.018426229122608034,0.016176239938837718,0.02670417929198718,0.009276016424337737,0.019988710040747416,0.03961786839011555,0.012485553572128286,0.05225960889858291,0.004315721845402734,0.41270090818467803,0.1964573394888062,0.008252314153393012,0.01647961120263222,0.02605010507434687
119,0.01966354637395914,0.0559052181063196,0.018759912193247557,0.026140090974359122,0.03660552604455381,0.013042550018801398,0.006741045397812729,0.03902108178426066,0.025433281267981056,0.008422548090849418,0.031964849962204916,0.03691766302931125,0.018636737506674165,0.026286910459746182,0.009230854513143913,0.025945986578870494,0.04291885669689724,0.010746208639718313,0.02167758845550598,0.5259395439057831
120,0.010423088279816042,0.034266002050381474,0.02711503533504514,0.04156940141180602,0.038460584904395835,0.5361686032038214,0.039947133547071946,0.036045934605952984,0.026682284460887756,0.009092245925251463,0.03340046411425134,0.027243014108551553,0.013883402705896318,0.028790280509242108,0.005287588401631067,0.010468468786294866,0.015857735159619375,0.02115153969895855,0.012463216938529685,0.031683975852595046
121,0.01318817261996637,0.016894576747121998,0.024878581421936708,0.018570422171167177,0.05560960772904661,0.004745197087448639,0.06600829212110641,0.02697363716741577,0.035914430200255705,0.007160326991043176,0.03808916293487787,0.029489504906168435,0.012110993553106783,0.02965720934437005,0.021987748777705523,0.009183823349065862,0.018578125277938142,0.009125428944122474,0.474561317609892,0.08727344104624431
122,0.018105916926299637,0.034475854490671254,0.044355653889387246,0.025782105300384193,0.03757488996396365,0.006972046891613686,0.020383523641988976,0.03098442894453098,0.03108973209289495,0.013901963741270104,0.03558169195553085,0.5228677471003964,0.01823518074930844,0.04011382455725824,0.009374423842809218,0.002053023248354727,0.012593891275607968,0.013835494388983858,0.022985834275837058,0.058732772722908645
123,0.09893216868862277,0.18656457708455831,0.02271589012753882,0.01757290141576172,0.015860168771719512,0.007883599397223898,0.01737783959152867,0.3576977790314651,0.01645879935184371,0.040748662995770894,0.006080354379907266,0.01741911132992984,0.01095250565257514,0.019773784265909488,0.010459899648416928,0.006318224710064605,0.003064019852564298,0.11273128968463919,0.015241047068931835,0.016147376951027952
124,0.0685855032481812,0.19947594892823398,0.009515022927808944,0.006511779703200468,0.008435719602553715,0.0017061230171924622,0.009466103374850272,0.18548792721686239,0.010307535671546322,0.01919198391241466,0.045509438292468674,0.008310119787387802,0.004835209944461073,0.010294803509311381,0.00294829881369691,0.004570904764406406,0.12565993737674405,0.2621669228006236,0.007980440400990454,0.009040276707065217
125,0.017883325668248493,0.022801724615773154,0.009427417055722668,0.009031880900350037,0.01253497934202128,0.03133295767130032,0.02585887668693233,0.014840395097390909,0.38148667360801153,0.004088408102930675,0.011449608957406624,0.017751748176986378,0.007366615887223794,0.044457956268353145,0.306862185710993,0.043921482001221625,0.016864096085804872,0.0035993076768941717,0.005260404259941722,0.013179956226493218
126,0.007753838082992712,0.16747163536375345,0.013241502339290327,0.011910937587679351,0.027128731473930454,0.004350756448680317,0.008833896964644837,0.02247867240964142,0.023679030097570494,0.30311328617631567,0.29146217246489764,0.012926745872399692,0.004106905612921571,0.015526062063270308,0.0032353535169960122,0.005484765969074236,0.013884015675944458,0.03149941303108476,0.012930881470133193,0.018981397378779217
127,0.05297067029545022,0.02063100978313139,0.011467977163589294,0.004782628450302102,0.013154001370918487,0.025131675381662222,0.04619185731686617,0.05569796642211922,0.17715679968958872,0.02812128886088236,0.014811643520215814,0.08610716041121082,0.004222226484663105,0.08786870124702051,0.15093649678939733,0.08194323924299929,0.07049895297646795,0.038700594672921806,0.015503576205971767,0.014101533714621453
128,0.11072502339919528,0.048674211532635125,0.05513670534791554,0.0397356387411443,0.00740387406212388,0.09091425996583223,0.005055226154897533,0.006039974869122514,0.09738983498091419,0.004552279257250381,0.04248689400890762,0.06105392185228895,0.05591302953559468,0.05018764277441096,0.05533753305096225,0.10757282027186223,0.11540498073874843,0.036102231804824976,0.00456491005956595,0.005749007591802962
129,0.08073133932119515,0.06616067527587854,0.08524768207408388,0.057559106536859465,0.019216409549090967,0.08744377079146215,0.05273825813813129,0.006960384892933381,0.08162716883505933,0.015105023821390007,0.0251992955788343,0.0690885391393302,0.050809220029095825,0.10799546240005796,0.06974076834573534,0.0757909283846288,0.006006133151781341,0.004683800264453929,0.003175155008254266,0.03472087846174393
130,0.0556825452598658,0.0884343291895759,0.00855893441574733,0.03774756326565621,0.035642992127086354,0.0010346114793275797,0.08130893667680271,0.1251709768084784,0.03889254178234494,0.05076962451072703,0.06451595441276431,0.009287902319407253,0.0018679679433819378,0.054526534242179237,0.028670001979265503,0.04695922830145057,0.09743176946906036,0.08694190554414549,0.039642273627313186,0.046913406645419854
131,0.008025355160744088,0.01640907816914441,0.4336726183060773,0.03850031121020806,0.027098784990391884,0.0015816947195623338,0.014219592581311856,0.02732537237608103,0.024933940617421834,0.008688883087512898,0.03470070803667073,0.2525929987591222,0.008319850560935671,0.02032006356920892,0.006529516801424173,0.012554661628263212,0.012397000396160032,0.007404273219333558,0.02712969971133158,0.017595596099094286
132,0.12037639362240056,0.2007704532021686,0.005580286319911885,0.007948345401630126,0.014775484583826081,0.0012223692067876285,0.014252460401194834,0.17239328190388106,0.016149073851614733,0.10186487889611436,0.02798299560921187,0.012379830310130022,0.004182520032550904,0.020819985266700442,0.0032273414866135636,0.004327419181162649,0.05345571891433942,0.19574321255085367,0.009979706430025341,0.012568242828882284
133,0.019994306595824806,0.04075875136106624,0.0085639552963134,0.012116868740804407,0.13491861635808514,0.004538887867775627,0.09580648379616917,0.005820445604569203,0.007586850724387115,0.08990463202437261,0.08689953469396682,0.11655668669617346,0.00296641786342731,0.047587409395515506,0.0030881455825550602,0.02670370969767515,0.08883190722020846,0.006593299834010197,0.04016165315871225,0.16060143748838798
134,0.028850846890356302,0.06092070473103015,0.007449250156159629,0.014211879557612073,0.044472306676268614,0.028744993679452425,0.15037826478207314,0.02281352154133075,0.048492592123524685,0.029942279361658244,0.0362872205693052,0.07803709086753569,0.004657441377364612,0.07300045427549141,0.10574222862555087,0.04979333866188266,0.047931249971394085,0.036450547380823074,0.0637148044746194,0.06810898429656692
135,0.06392747161045832,0.12484524165374074,0.010646167623066449,0.010409416464607713,0.0568592930373795,0.0016259575840247536,0.03984088292341276,0.08096291040696396,0.059809474739378705,0.08401746395977923,0.09745702435503452,0.009837267325801249,0.0022297847107066193,0.10330368561890822,0.036329837461705976,0.04827997504735215,0.06861802059774345,0.05187788151871986,0.004254711187849717,0.044867532173366004
136,0.11502253790158655,0.052079845558926495,0.020679948866247983,0.0058274718701819455,0.020193773632091187,0.10576608434566803,0.28962409282733725,0.019644499894280614,0.02541641183049645,0.007110025510840054,0.017331421220712934,0.026245670908855646,0.07162340281126443,0.020765076091871986,0.0037479054148747202,0.07728801482836208,0.01652692244967921,0.026883769541938902,0.018190194915111854,0.0600329295796718
137,0.07856676742659256,0.06958711019850697,0.013295181870726432,0.015617389550374866,0.07854423299755596,0.007516250525382071,0.020259315288909306,0.06659521096929975,0.03950056988116533,0.033669161765429376,0.06659521096929975,0.04311792078269099,0.03441113480162423,0.028762468008391304,0.05130789274250924,0.07722968191889329,0.14235520146554356,0.008793767737969437,0.06761379543852292,0.05666173566061263
138,0.051748404853746904,0.03641885206723538,0.06792288730976012,0.24986817828462626,0.03400247500472705,0.07801710026916679,0.02251472266870143,0.06179004512371372,0.02529788016158724,0.04589520720105167,0.02347630049980272,0.029080289148687766,0.012564938359196887,0.1083984552742064,0.00510871462244451,0.028480787652802753,0.029364867109374772,0.04048184289109799,0.016784192363367395,0.0327838591347022
139,0.05622102963200421,0.06894636970951352,0.004896159401945841,0.0022929613672322898,0.018024706288748766,0.07846793958515681,0.021132004887638115,0.020368858587766322,0.07129282328063925,0.03368389995890705,0.0722626689409624,0.06663356546775438,0.052770451753346465,0.08257535379602239,0.11252608281011088,0.09666459890184254,0.05144277087068456,0.03551177475974495,0.006660061110723895,0.04762591888925543
140,0.06024220719181183,0.10300736470564172,0.008042701478367125,0.009041760793975914,0.006107370062904505,0.002328019437692315,0.20468891677233506,0.05509103453431067,0.011674714404851126,0.10675758952252919,0.05429998151862989,0.012747057670270796,0.005385502226708392,0.013035702893557202,0.002285573659919066,0.09058403365294393,0.08110400023626725,0.16879792397687407,0.002522796931150634,0.002255748329259292
141,0.015807858867603174,0.02602420959971109,0.46282663311786165,0.03410404054027802,0.02338192878945235,0.003803114904101129,0.01951033299068675,0.029618657308802348,0.042253452194269715,0.01086839610087959,0.038131206309732095,0.06601893349812356,0.011579525412179123,0.04438064868686905,0.01690344479216209,0.008950976969542323,0.013121960068873263,0.009423638206042521,0.04959579460051542,0.07369524704231474
142,0.0013827112440484505,0.228184906258183,0.023065956984363273,0.027716875963730094,0.02730007592231051,0.010504147093937507,0.01908620504801319,0.04323738055592319,0.01883179617492046,0.006073814038571879,0.02256543555712562,0.018820795652682725,0.02959627087267187,0.02636331145841921,0.010335087621366682,0.007426707239255405,0.305348472605204,0.1160994732261974,0.03663350888447962,0.021427067598595955
143,0.01244816628855392,0.019580947214010026,0.022265935645182613,0.015745236953975162,0.17470808718571593,0.0071961193755730015,0.023850521525713025,0.08268081852943356,0.021076982502858388,0.2538147083001709,0.010586066118896134,0.026484758668327998,0.021243896897795513,0.01671701320536767,0.019166465523411072,0.008360796094826485,0.011397837501690654,0.19913167674545237,0.015908213765547963,0.037635751957497715
144,0.006414196975646818,0.010666517506432672,0.018210042078142266,0.013061656345083187,0.2662181809152264,0.004887959674851392,0.013202965830361168,0.15640995548857833,0.014654357206681354,0.2953658196152839,0.07051150113349426,0.01681968023488431,0.0013157663952643465,0.02360125179697999,0.0028416384568504226,0.0050768139032608475,0.007874012165786584,0.049471729522630015,0.01056506475122466,0.012830890003337056
145,0.216439661081808,0.30882844929884273,0.012101380340661548,0.011781183949889923,0.019152127560993652,0.0039040983981671645,0.019709770792977307,0.014910215636755758,0.014301013956807348,0.005508302574430364,0.015685499569370622,0.022972601258634637,0.007337227452892879,0.02349104826235732,0.005486237186365177,0.09596140849819745,0.008233926416154969,0.17231257442738857,0.01761261725124582,0.004270656086058775
146,0.02241249991010179,0.02279822662342071,0.46816526471863923,0.01805639860251047,0.0393169888281853,0.001376110850112157,0.06557645455043966,0.04720790430910913,0.04932370455583782,0.010844953262405357,0.02974136526528164,0.05857071275275699,0.01635068926362902,0.05498632936342648,0.009327634525037059,0.008375327983217494,0.015350392264185378,0.030150422119964684,0.01392533543231432,0.018143284819425426
147,0.005269427977134887,0.007973979459240848,0.013090036521027174,0.010399810278625927,0.011367832317250548,0.003614175919353629,0.00936133297119184,0.19406657713880957,0.0118805516251124,0.2234302624839596,0.289243589847486,0.010723288715837817,0.005237267988131472,0.008367745376717505,0.002405524638652958,0.005559766448878924,0.0021602396615076247,0.1673274341681369,0.006972333287591128,0.01154882317535326
148,0.022000443426448347,0.020856479587100876,0.044924464226195164,0.021357957314167727,0.013447568225475881,0.6608567677388048,0.02734572619114053,0.018608975146376064,0.02316996231429037,0.005845784974019774,0.016709361672787918,0.01966833507096673,0.013079346679133352,0.02261974315429549,0.006758937253934904,0.004852199007706935,0.011808339297256784,0.010722225136507871,0.015513408935173256,0.01985397464821717
149,0.02379187213534224,0.018364782742406504,0.017625793010820897,0.6952579331141707,0.017327782928836796,0.02686840296685587,0.0358630298453332,0.02189808440256352,0.008538592738001423,0.004997046777157795,0.01874742663619335,0.020647530061384044,0.009607496265117428,0.02168462718599563,0.00662736913577074,0.006270985362135668,0.009281639059517668,0.00579969891900613,0.01123449796523488,0.019565408748155464
150,0.10533903954492141,0.08848306925395755,0.05331493826117176,0.0764483098102227,0.0036703275400870833,0.07562090507122163,0.04750136541387311,0.004453288639483907,0.0657021966638373,0.024558328344132102,0.04364876914040838,0.08109613929274075,0.002698381354769024,0.07868056023038421,0.02955761156154073,0.11384061966852764,0.0703390984996792,0.028012329142389644,0.0020871182472529514,0.004947604319398865
151,0.26510766294139315,0.10469164539849292,0.01298158320596634,0.007341862318597574,0.009692255527240567,0.2152299926425801,0.009170195628614772,0.011631776962644927,0.011920664580779417,0.01540717479269233,0.02186559208094824,0.010028571037931854,0.0021272052067008835,0.009971354376526555,0.0026011720119884923,0.24021724000570344,0.010044646164556565,0.023384234445260322,0.005342153804321545,0.011243016867059993
152,0.11649406452910181,0.0632467983352739,0.0065993347224826806,0.005341218138732927,0.06321790507140589,0.0939640589103055,0.04826508634114826,0.006323019717334105,0.00686954460501081,0.0025973659647357088,0.005511762145880574,0.1072461110904449,0.10811462080477491,0.11130131501757162,0.0021551465619074612,0.1473526658277409,0.07873851471570965,0.006821579585149423,0.004688224731755852,0.015151663183533115
153,0.044299256576489865,0.050099088238567964,0.018953003582738038,0.0027398945325688884,0.025069585862294807,0.02058110823115675,0.0951142487149148,0.12980214432456028,0.007994061143171053,0.09221074631275276,0.1495466055085578,0.031175550327504218,0.0025854493342094657,0.05451981593540884,0.00785709637401809,0.08215020222985449,0.05587300092194359,0.09822328852949802,0.009357375500178802,0.021848477819611568
154,0.09158558246911473,0.08158131960187108,0.006446462380932375,0.003961640327975239,0.08069352789313096,0.04860068498915985,0.11786522629410325,0.013612897078845991,0.025375162446698758,0.0073450493349303475,0.0085309744019373,0.03938884215734299,0.09243261742151998,0.012263901244838097,0.019507577444522136,0.09852760949090751,0.06890396090167004,0.05233720906311901,0.038369579439763525,0.09267017561761681
155,0.06692523014475421,0.04250755646090645,0.02337992557304309,0.08134439315937299,0.02283866775612207,0.021076615577992116,0.06775602565235112,0.06649358903608295,0.03245573868839765,0.054262837397747656,0.07428770985283324,0.05761773966086183,0.039099291554196024,0.10075677227993114,0.020933399362149215,0.05953598097974023,0.07753268392345912,0.06309177081505309,0.02427944018735388,0.0038246319376518535
156,0.01650263138228664,0.14048990486536947,0.00849032132773706,0.017800175781156117,0.019540612937675835,0.013564929360811709,0.0346966188091535,0.3134262303819036,0.01503516124318383,0.026618088612390917,0.07543902213250314,0.02941028417563662,0.004116277964963304,0.010336674342548103,0.004584988494018435,0.006153108761811952,0.05043656998605101,0.19390874529418192,0.007803876116244922,0.011645778030372008
157,0.06067413989308925,0.02712124522151595,0.0453246288021503,0.4081768878844789,0.06218104073417332,0.014237629996607307,0.018290800089985713,0.04562979929490695,0.04366289359916539,0.011091100312820285,0.039489278914039035,0.027465572045504816,0.009653320497376314,0.05022809968371441,0.00735521027135196,0.010895726241215577,0.014191610354660955,0.045245989861887,0.029699847948280105,0.029385178353076472
158,0.10683006250570402,0.060493251378496815,0.010631183393559876,0.20484753848354642,0.01657787233324174,0.016971995553824365,0.011202589191708861,0.014672575419761634,0.0032937009632487174,0.005027534014375035,0.03235045783113666,0.04746868305847663,0.006486681633784423,0.23972537558168716,0.004458060770519143,0.06415097451422692,0.10639099573060383,0.023627287619894227,0.008405500146830365,0.016387679875373172
159,0.04224653566152983,0.08878529062594522,0.05404106659701253,0.07157883767880795,0.036972674816465025,0.03868776609925293,0.07107514779700778,0.031089396879852137,0.058569898678592365,0.02554438312784925,0.08234571320938854,0.07803711673766218,0.00327630873381261,0.09183273261852633,0.030998145492298252,0.04893561753855965,0.06622552451816995,0.025520043057598096,0.02838833490087797,0.025849465230791336
160,0.007527356949115593,0.023896792902848286,0.027323936993786088,0.024180761600896786,0.024606009144370722,0.006051430759181867,0.018215715403962437,0.04359913502237774,0.1375356663219711,0.007382949922052473,0.030466897726561314,0.04702981258530888,0.011043663648384258,0.059544940262375494,0.4366159073197795,0.010079254856783312,0.015154874534450661,0.008349060174218539,0.01484294184725968,0.04655289202431534
161,0.014745936072463531,0.28066479312374265,0.020617595279174405,0.15457187204960118,0.018020961460234828,0.004048972472644352,0.00967154098105045,0.01808187947014793,0.01552358945123187,0.004642896628227392,0.01647634528954576,0.014288650525134866,0.006074332778600737,0.014663132017478297,0.004731082972759614,0.1615024875318627,0.19912104671172906,0.0059856559838010115,0.015504634101683457,0.02106259509888596
162,0.10062514958027075,0.08729824093568078,0.030509242297310984,0.09459307150871271,0.03286130873971033,0.03607078697468299,0.03744757224429108,0.0421998273282825,0.056239061937012835,0.06951067853523756,0.14107389459843078,0.049088100817040674,0.008633499250332997,0.04854802951675478,0.020350109528448502,0.04184979834230546,0.03967075033813283,0.03513731975590967,0.010554098694375645,0.017739459077076174
163,0.05944295715780266,0.03870864615488321,0.009996616928046292,0.002928898297534723,0.00817765101663852,0.054232785058933745,0.11069410147234045,0.01662763745847837,0.14221548284755614,0.02493471638660102,0.07406295925126044,0.09705543204940414,0.002295604771981948,0.050720986181060336,0.11487332947954665,0.0839949360713389,0.045508637554411514,0.03140923771346543,0.012581358699973668,0.019538025448741895
164,0.11791935890828716,0.13010157398794917,0.005936577926837623,0.006143313665090303,0.005228179121427573,0.0029425072865711874,0.006343467701046503,0.1106305126818462,0.006274959012339344,0.09107724474465517,0.09318445373538815,0.004942194166209348,0.001771157259756761,0.004417815895923375,0.001290739662584509,0.04436760343394582,0.1817176123774837,0.17727492090034616,0.0031833020189198356,0.005252505513392184
165,0.0031669965492748145,0.02158666045639178,0.007776788851882782,0.010231023709842373,0.003319570905108891,0.003503415037040013,0.014103094169916989,0.10766893579910797,0.008772174684432253,0.304716578653586,0.41576321099287866,0.0073695677170676184,0.0048020445123801185,0.005636104609809058,0.0018880380796093051,0.002284313887784642,0.0034944902952103777,0.05953271798132709,0.007189123717607234,0.007195149389742043
166,0.05855996994957766,0.048635822461053795,0.07903887716569928,0.09119206898033423,0.004464064238991681,0.057005101298144574,0.07956542919597297,0.0031994260154345456,0.05844437468741415,0.0041190796829919515,0.025747572284678517,0.08534878576992488,0.006297249048219139,0.09493376736930392,0.061465692683803495,0.07555667085480405,0.10942414764552987,0.005480622265890114,0.012006623328714649,0.03951465507351659
167,0.11119128463794654,0.15286095971094726,0.0058015637271869175,0.004533522151743362,0.011189652191889957,0.002299171716415508,0.016536327330694416,0.06917283522192214,0.027086832335909916,0.1220184616129995,0.13969426089236966,0.007765225837365764,0.003500542843171268,0.006846965936400151,0.006275205145532398,0.04681560097581536,0.14551436344745652,0.1007005197373959,0.0034843024977960434,0.016712402049041435
168,0.14258722098317567,0.12394432687184309,0.007658056324221073,0.011411651573912633,0.009703124019312883,0.001926452822729568,0.00822218882617289,0.1827057165332994,0.008089091868521999,0.22230287052044664,0.02713142099263259,0.007322533040312697,0.002240354602790741,0.005719541860370457,0.0024720016373809043,0.0028906747491314355,0.012192001420161774,0.20605824896934252,0.007418672584781201,0.008003849799459695
169,0.09037550474444327,0.05472938264639907,0.06542837686237504,0.1132278444153882,0.010757641970600496,0.09969618964711907,0.08998672593273681,0.011310058583864024,0.033005296246278515,0.007943341733504925,0.007848970327377884,0.08215900862336173,0.002479465459307937,0.0967289268246543,0.00408169914364443,0.11707408467788556,0.07344214952571139,0.028427397630564965,0.0027457423196804707,0.008552192685101838
170,0.09956998960888307,0.0613818163218145,0.06753799886268458,0.040278214933707854,0.027417855864333766,0.06565199295003854,0.06053994179947303,0.030838573564944894,0.004203836364549553,0.003460590314994448,0.05261199046942128,0.08444133607901877,0.06081771958048588,0.07426456083986088,0.0015836896191606554,0.07647599440035367,0.0749412813564177,0.047012485768408906,0.021827159640587502,0.04514297166086053
171,0.009865096472344098,0.026058553449479816,0.018432667725350165,0.017737538688310822,0.12078862919623289,0.004018145221534313,0.03670264348590108,0.03055294162031306,0.01827255404301019,0.0060574361571847715,0.015062415243681066,0.018616457712399583,0.010700233803036299,0.015569243346815488,0.007836352316929278,0.006263202348983868,0.009491722865229127,0.008373335384017973,0.4493260154666617,0.1702748154525844
172,0.002755349321898424,0.014933408528991587,0.021770683883396175,0.01445708304107407,0.044242536155626365,0.005887736860444227,0.03023202846136862,0.04665495521729823,0.015897239260045406,0.46743963806587613,0.21287521161339643,0.023617734552434166,0.029452983494068056,0.012490294553772248,0.0049685724690816165,0.007130163185707937,0.00720549939016329,0.006286231367034501,0.01405884072965781,0.01764380984866469
173,0.10482207249884505,0.0347724713061243,0.08523137721818975,0.11843501462693408,0.002837410461715678,0.039366263301294814,0.05301580590165273,0.0025009176529012106,0.0310209600872534,0.024781756151181125,0.050023675477393385,0.12159913124227024,0.0012181222520482812,0.09790433508104542,0.0367938387198117,0.07972021383241364,0.0890011398667369,0.021673073622766003,0.0023614174731886937,0.002921003226233669
174,0.009161724888910767,0.015049099144490777,0.016863501532934807,0.04618751877103352,0.01783208492791577,0.006702971927097942,0.022058086929697653,0.048191111241685076,0.34847644638808467,0.0072980007586308645,0.024271103881745994,0.013214784525422504,0.0071207658491281856,0.03761506943994485,0.323192331719372,0.006584614776363515,0.006745947574589657,0.009507298597431406,0.016140872707424106,0.01778666441809601
175,0.022394198099572438,0.05512137009181505,0.008272041900176547,0.01374722170342015,0.011471968111699057,0.03048847562630094,0.16293165005742904,0.01085449077467926,0.0856938679019148,0.009638950529800716,0.0319897358913431,0.10183222287357045,0.004262356004892375,0.10343829147702167,0.16431139478458837,0.09150536512124618,0.02753202137433913,0.016851868088896726,0.01280264489911668,0.034859864688177256
176,0.013065500731237792,0.045298373819064285,0.032948938126257155,0.04346950682654232,0.03246784966863489,0.016123966394180244,0.015569084010609106,0.032691645533554116,0.02477953470930665,0.05924667333618677,0.031722972689436704,0.0185192037440863,0.4865548779393581,0.028705030421314493,0.00876405357769791,0.005619544392497702,0.022378875845203535,0.020385985456888377,0.02672701160072916,0.03496137117721441
177,0.10816586999059859,0.055763669014817475,0.033049841109545286,0.08669875679981477,0.022975789034723495,0.12893120719196546,0.04819015567036098,0.017307435003760804,0.004640708115358338,0.04670052628946475,0.033608284927994225,0.03865496456710319,0.009192917503460808,0.09327345484518958,0.013219566808124852,0.0846214974967755,0.10723062771657499,0.018264998043321393,0.0039535969767291275,0.045556132894316315
178,0.10581787846500108,0.09190601821256468,0.016849529715776402,0.16656036317614945,0.009221014152299667,0.05720237837913552,0.1309145370075956,0.014802480365019147,0.008699047002273527,0.002444334556468249,0.06512950732779345,0.1097552540728292,0.0021404795235523753,0.012535932539571871,0.0017517270902326057,0.08558449827743814,0.06244981019547221,0.04112100799633511,0.005437900584352895,0.009676301360138813
179,0.00957681722530712,0.025991598758242956,0.022246387957103306,0.02223528897272986,0.3220289918233612,0.007627340117581955,0.026330276472097614,0.01617074174425449,0.03970464755635707,0.015269587473932535,0.026205204651717606,0.022177358679085855,0.01218270089815412,0.0243555037124058,0.00864649116184763,0.017717481017526265,0.013466396107419001,0.0067113717223249774,0.24224470720577188,0.11911110674277865
180,0.1271126292769441,0.3839977077831846,0.01365938107608,0.01785293082624249,0.01597395336270889,0.009806707310764442,0.022944822927274525,0.0158655825583989,0.014039304319536561,0.006019049868758636,0.013076554305024616,0.022330203805972514,0.011540448413695491,0.021534085656313914,0.028174312261225392,0.01615211564466922,0.00886761773633808,0.11082500333328928,0.012539528454977087,0.12768806107860117
181,0.008774043009892443,0.01770769599934932,0.018181013161559113,0.03978006063953983,0.026815547636861548,0.008283866742267361,0.014981425447835298,0.35312202983450547,0.050625211565948715,0.0077294931617257825,0.005826786242887363,0.011947361926028835,0.010164845252365086,0.030892615938393844,0.007442767517661336,0.007336685421008974,0.0047423388884104386,0.32624162357965747,0.030166515984747913,0.019238072049353915
182,0.013975303096009773,0.03212312215547883,0.026638825539373263,0.00683213924910215,0.041338226251815366,0.013707780532046611,0.018276431927050998,0.03353491503033872,0.5117493428560514,0.008308268601675798,0.018006383112489924,0.016148794755239844,0.008075720432444491,0.02217983867111549,0.05253368677463003,0.011327759892407585,0.00898864586530927,0.015450940570679375,0.11506969722486092,0.02573417746188025
183,0.018232628981454186,0.04448061640691661,0.023792162796671873,0.019989009106082412,0.03251717826998673,0.006158003426498086,0.023337533530478405,0.27528319408506946,0.022783225010914204,0.12687240422022214,0.02973400253703265,0.021612616563721963,0.006905510776397609,0.01380832565352713,0.006884140287394993,0.00912660912106219,0.010599266431023083,0.2586111294535866,0.027810467201376976,0.021461976140582706
184,0.01628208183353659,0.045712968369151084,0.02513880370702694,0.05658279760448748,0.025234816755109316,0.03631700462964108,0.0850345420572527,0.0339875366237783,0.013280947302693594,0.18149418474121257,0.17330693742180794,0.05977009968867661,0.0009608599743814954,0.07689500170288603,0.002600601367056376,0.021125768114800752,0.016161162251093143,0.020833353068805193,0.016041067817593943,0.09323946496900877
185,0.10115353570602481,0.20645821189901362,0.05474346653358311,0.0780851820506041,0.02655282744807126,0.005367617853390123,0.012780837008043916,0.028594712377296414,0.031163377099738265,0.016775802595672296,0.04823623987669373,0.17282896727013297,0.00844034368597449,0.030725497346717503,0.0009204520681519176,0.04344352268865421,0.011524509188472337,0.10649330611333897,0.009048163680240138,0.006663427510185826
186,0.01967871941293006,0.044635412568022594,0.10771577447739711,0.02734838373549976,0.08347398095621282,0.014626448784205173,0.018167090623597937,0.06987197138428324,0.04591199666753287,0.010697922090242874,0.08545345582884158,0.04312360612659034,0.2202585862701132,0.018632170203075126,0.010249322816476182,0.0025152407226014003,0.030872901296852828,0.022234580812940125,0.08875328242360488,0.03577915279897991
187,0.04676573666588988,0.02696467905227207,0.016039609947827844,0.04949752384299238,0.03220187630975873,0.035403138746939344,0.0021545182252907676,0.07821792834856668,0.09468154128118356,0.017586412216845516,0.05191514816209002,0.022041359366034796,0.04280630713047776,0.11600413692098228,0.06167726584859332,0.031892958949220174,0.028811919271008162,0.018409990440931154,0.05360741765731214,0.17332053161578342
188,0.015326824079001171,0.023701696482820722,0.02119166508376151,0.04125309132490156,0.027061993809518934,0.010173967358204352,0.13566745764771873,0.00422911903846788,0.033043657949158055,0.009293064498162999,0.04235333282755241,0.014562215989772547,0.013120479196972191,0.026169258333331825,0.012524518039371567,0.144041912433198,0.35190903162084425,0.009191638884002476,0.03732104060571891,0.02786403479751994
189,0.12271536014362251,0.13040538065123666,0.012953151805146411,0.012592965677293616,0.01719647587027499,0.11679091006255027,0.012017304774959672,0.01553654483161093,0.017211576435469698,0.00496981691974496,0.015301072407902983,0.03536043801837213,0.06043029530772259,0.01595572411264996,0.002555718323066917,0.2648550154986474,0.10473563461716562,0.006573433451891192,0.015131387671808341,0.016711793418863263
190,0.03959875945054419,0.05635518253763321,0.0323204705337096,0.04818977999569396,0.005568398260688156,0.042866965893433355,0.05392698557229857,0.04536602965366244,0.0876849428272749,0.052678691541615065,0.07758051027367745,0.08468877888094221,0.036121562571469125,0.07382955394135728,0.0446811713007442,0.046399702863057814,0.07791366850259962,0.08128016087289862,0.005274438323023596,0.007674246203676641
191,0.2135116711179772,0.2618650810452185,0.009692636901196636,0.008962639658493135,0.0098908806376813,0.018106619294495068,0.011234007964138613,0.033724380562866425,0.005034751978300772,0.11630935248967168,0.13405516301202794,0.00937965013624223,0.005309897505902615,0.008071697909753995,0.0028792913135129335,0.047269169989809894,0.0625561304196741,0.024586604931284284,0.00748244313834386,0.010077929993408842
192,0.012266029970511643,0.031337680585458,0.04369017002876224,0.023351094190340375,0.12514640493611304,0.009291548887628056,0.04804284622042362,0.08114337353460939,0.027051558682365865,0.041498205031335854,0.33336195083013465,0.03853416968579501,0.00870991870020752,0.031685670437303366,0.005209198801667845,0.007697443419355251,0.061829607316518105,0.017282197077823757,0.012541819912093181,0.04032911175155324
193,0.011284291627499417,0.030940129388495653,0.04064568286703493,0.46633228376920616,0.029557061942865722,0.05202439711720674,0.03408031132500627,0.0414989562192167,0.03617130692684012,0.01055539428467555,0.031907229032238145,0.03308261622366367,0.011870475324678914,0.029626242863355957,0.009437112115135824,0.011621297529170613,0.012790987925646697,0.04472568482017617,0.027885672870927875,0.03396286582695895
194,0.0767380626860502,0.05685987573781015,0.005582911804654294,0.04171340858118026,0.09250862434039993,0.003183272681598561,0.0501187566758064,0.013668492849387244,0.05080609388338248,0.05850868882453574,0.09279134230302426,0.01872727761552231,0.003653778433565552,0.12681184842932605,0.04184832534797953,0.06626509260189682,0.08727088601593698,0.04204002394785161,0.009834750954856192,0.06106848628523548
195,0.0065721143522599725,0.03499373404565109,0.016441692218410995,0.010779727044959797,0.09464005795209918,0.0037610528700041785,0.017876609666084935,0.20285165455223586,0.013301000885923992,0.23093769671028408,0.15612237315264346,0.01360241078698402,0.004327332345350424,0.013031799540480225,0.005533174378272419,0.0047994322374033714,0.0014579663195620006,0.14670659958458598,0.0076260854239961345,0.014637485932807925
196,0.04007230635957429,0.0898791790907451,0.14623506215999396,0.10418283557956991,0.06491873465306884,0.011639079463691438,0.03855526670455591,0.009684808147305882,0.028671527262071807,0.11616291860373511,0.04802812186197819,0.056229861189897916,0.0016584374473386902,0.07897245464512793,0.001328946198597033,0.06423284739858058,0.0027663416664535988,0.0013845910181386814,0.022843569689916927,0.07255311085965822
197,0.011780140426450982,0.014977046254170972,0.011098362096061506,0.0104034008125105,0.03193237361176251,0.00826989766016977,0.008208128086238093,0.07297226113628567,0.24954327260183998,0.11054801778935229,0.036026484538978346,0.017415535657958628,0.002481370714360944,0.10057732221657341,0.24502717126372917,0.004394204260780294,0.006920792100000749,0.026461893411492503,0.009529806183173785,0.021432519178109902
198,0.006595481375304861,0.034716589011859124,0.015217174320385322,0.012165436353362322,0.16465033476481009,0.0031504013011523432,0.011016039494646225,0.01856618241725284,0.012854450571341504,0.2789076535663834,0.21436811690651547,0.017424842727607665,0.011629956402734232,0.009968033784129112,0.0023978459051132335,0.004542671350034808,0.006409387342572043,0.020393783553768904,0.03665813755164048,0.11836748129938605
199,0.037879130454986254,0.3032775495275864,0.001864824740359531,0.002699973585887717,0.0024225024232356223,0.0013733305617256778,0.006857970385818877,0.16669130661185072,0.004083984282870542,0.042418076558862115,0.09749853794631509,0.002031985348223047,0.0006478716554160637,0.05146752129702586,0.015302437434333847,0.03207235991343183,0.11520277794617854,0.11138791679463683,0.0023845255276584315,0.002435417003597063
200,0.004820898761180085,0.025438967435389922,0.01241847395771896,0.013970482483137687,0.011473871245302003,0.009615244289529982,0.11365281407944856,0.014394318507059403,0.023352369941969545,0.002827914990669446,0.013106101920893648,0.01288245989741777,0.002734363172168348,0.010198839171347706,0.6908676871388524,0.003524300564728428,0.004495501973741598,0.005757892172934781,0.01172885103998376,0.012738647256525933
201,0.05914920199160834,0.03483785721195405,0.006222917074572731,0.005927400749220462,0.016975006280423456,0.0007061199894656149,0.11847726154283762,0.02896437248967282,0.19036029964545745,0.03928813713910321,0.04933134544773946,0.03466220449694762,0.002085863775632859,0.08764930683792273,0.16933897254704997,0.03606059407293874,0.04990019570800738,0.04448366073749435,0.008998984525780218,0.016580297736170743
202,0.003816973600107033,0.015654859770487566,0.015961941451863762,0.011720114730131766,0.22920625025495386,0.007682068482494468,0.22120234344890147,0.013608387822238178,0.010830257458126878,0.0028839017389313965,0.010767905775093971,0.018594250160279314,0.004041483846240695,0.004821109088556743,0.02197888903307613,0.004108136867540871,0.004216062728646406,0.00549978428137624,0.2466175808055009,0.1467876986554523
203,0.008607845201378025,0.025457515444193227,0.021347835459240645,0.04180461844496219,0.03761129485471845,0.5952184380555613,0.0228762446528166,0.03472209057897296,0.023711681017688325,0.008915608104241286,0.02444877813691872,0.025398632650212128,0.009918847331320684,0.023334904906431392,0.023364402147175747,0.009264787411888563,0.013305874033040324,0.008846780866888705,0.013187871695760143,0.028655949006590565
204,0.009679914504378153,0.025692032894030343,0.021611717602895375,0.048774622769819496,0.028526116310964467,0.5855540988977036,0.01882369986598232,0.03601669469697003,0.025251758825884724,0.008478625566522105,0.027666070169248786,0.023121735536667045,0.007394754766362072,0.02861933144891593,0.022277558997731452,0.008188514644848025,0.012972213960485859,0.010953337539876559,0.023685238853025772,0.02671196214768794
205,0.34022404505390874,0.12470447642120948,0.002682257438136914,0.00562736527870978,0.0028493532293885696,0.04853173434009691,0.0017891193130296767,0.0041618423334872775,0.0020556562558399533,0.0006147255268668402,0.0021233710896208964,0.002157383407833999,0.0007091036901318023,0.0023519342551784964,0.0015406380378776105,0.11428446927643825,0.33794919241041416,0.0015423957243135484,0.001612536398730949,0.002488400518786196
206,0.0022947679249102223,0.005200470093123127,0.0049861009802474,0.007634570257963549,0.14161310667661228,0.002837980390505732,0.0032826017946024065,0.3723627012545392,0.00658142866830752,0.1992728571018455,0.1490166471085154,0.003906940331757401,0.0012407770482765195,0.005401102277761092,0.001983593028020336,0.003961692973856845,0.0021800010700797966,0.07625627676729456,0.0059901724688944565,0.003996211782886762
