site,A,C,D,E,F,G,H,I,K,L,M,N,P,Q,R,S,T,V,W,Y
111,0.02982885269398387,0.17960164073976628,0.07335228932392955,0.4082842814685492,0.019937810660151222,0.0024522746744808145,0.016080543927271665,0.016073882584878876,0.03584452281666541,0.0060547641689838805,0.01914176186073876,0.021530286365806006,0.010659175607619031,0.015397650700967042,0.006767888827130151,0.09153549013086944,0.010908207403463481,0.00783690745507819,0.015068684567794812,0.013643084021872335
112,0.045623108347497075,0.062016670139282505,0.10012228178565434,0.22506266687821377,0.011016637028541084,0.037249039391151297,0.01245448341394887,0.03997941703953336,0.05455768721848834,0.03792497386286323,0.07649004545975809,0.04424437154957059,0.01847047382657072,0.0405340970956377,0.015704087694247713,0.06474505831737687,0.0569106519474118,0.03745467640902781,0.007135108813721015,0.01230446378150389
113,0.007182306503249838,0.018995915775001062,0.018474475720037423,0.024471197190418698,0.028011554687245994,0.007139491811019999,0.04333395277351349,0.02797734799207771,0.024332098654520188,0.03092918740993161,0.028309694022057703,0.019408480383328482,0.6240824823832966,0.026101569563252807,0.007072446955283224,0.005535303571978369,0.011044595381499244,0.01006546533752594,0.01648455928613454,0.02104787459862731
114,0.06476600808137195,0.08070711666447178,0.012997756240050824,0.02869803455702255,0.0277926090755448,0.0030489601479159203,0.024594103339049125,0.11475958885640215,0.041900633386537045,0.11339088715460698,0.1337529528556537,0.017653968770959486,0.005082797829529951,0.045467891312755686,0.019829700313290587,0.04275539472429828,0.05548755728969471,0.10797936753052907,0.020711778793246854,0.03862289307706846
115,0.06263718985392452,0.09780198917367883,0.012725591549093073,0.011647603727589717,0.04240875079524661,0.04562368550146265,0.09192122799708181,0.045098014603825294,0.016277535895256556,0.11332556949984551,0.06578861076521887,0.07607306159167564,0.03541663383456916,0.0824124829162637,0.026349880157432597,0.03649123968698932,0.01651511662290293,0.06145584790394653,0.02462427824241514,0.0354056896815815
116,0.02350317019777189,0.03363753279107246,0.014852130462719207,0.01095645699503766,0.04203139893915353,0.0020277262469167385,0.03745403541591316,0.0628474992798805,0.012094722449621958,0.019998821997993254,0.09546759706190566,0.025072829945470027,0.008095352977717504,0.06700576734995638,0.007330987562114424,0.009301503276408035,0.2976700579656287,0.15493513332853778,0.05725307410845815,0.018464201647722965
117,0.010431855733065425,0.03646847461978735,0.01980420658941864,0.15132462271458383,0.035252336405486966,0.005349854610195438,0.016880377468835143,0.04418640125363382,0.07141389185056608,0.04715732539473697,0.0246549163339395,0.08973509100133252,0.01380350616473539,0.2597673569643228,0.05723903526890792,0.042076223063565316,0.022663724030130724,0.0092280435301399,0.015172097585783426,0.027390659416832747
118,0.012250704463899849,0.021390920818632628,0.02644847593408931,0.029108888766516138,0.03500179771497877,0.05979744886160995,0.02293238621625038,0.049372371924641695,0.03309458621706623,0.011425299872191956,0.02467724277063428,0.02518305607684222,0.015351954869395881,0.06479189143193859,0.016462186448488743,0.3604736754359708,0.1294275589101169,0.010375885519458295,0.020504936474429452,0.03192873127284799
119,0.02278517578932897,0.04544934835379103,0.02178547454979753,0.03012558563522223,0.045078393969521624,0.014956613368424935,0.04432563842942435,0.044655299033649516,0.029262835070623782,0.009727983352458535,0.03663104565051504,0.041963507786153216,0.021487936742587185,0.030562126655030376,0.01062116503073894,0.01918814866072407,0.05016088065759674,0.012308185801930958,0.02492715322020086,0.44399750224228013
120,0.018421569487421907,0.03820943530826822,0.030380039761411366,0.03239359605798451,0.04219429979467345,0.4358927581953716,0.04411581269506871,0.04027630386058984,0.028793158151723754,0.010175435001555778,0.03760293999029341,0.030206636144476728,0.015611791895938663,0.03310002195245854,0.012475042456887365,0.011751846747479325,0.018034073115218364,0.0384682986970924,0.04622229586054739,0.03567464482553871
121,0.016118704338977316,0.038575482986985786,0.030434627985929528,0.022687770171557115,0.05426054810237993,0.006603642733825275,0.052982618348737825,0.03299125550717047,0.04397239148179837,0.015424997055943255,0.04649143035003736,0.03594606260236763,0.01479128366685097,0.03623583871083257,0.02842966733127461,0.01625446789738309,0.02270519698488112,0.011136682175267318,0.4097135276041987,0.06424380396360173
122,0.020570898352338277,0.03987653547354863,0.02492018955560236,0.029794050578489672,0.04324898495441871,0.007942092780278463,0.02339191456997791,0.03482419460087867,0.05920850400994634,0.016014617202480503,0.04044037100025099,0.4337383869626819,0.020575714754381063,0.0451753170631033,0.010782686354662695,0.015715092600093943,0.042614777396286434,0.01608039484615194,0.026347098480597672,0.048738178463830495
123,0.06240121216046867,0.11378858988223443,0.03550821113330289,0.02748694518233437,0.024821271350085123,0.012323858236791217,0.02718958671173317,0.37793996674867364,0.02345843679080808,0.054543349922394964,0.02154144065867991,0.02724072167575879,0.017113343959468136,0.031086693745539403,0.013894179123115953,0.009891375035558,0.006654276526169681,0.06407309785141428,0.023792014889988968,0.02525142841548032
124,0.07941375895643439,0.1834475563353285,0.015920794115962558,0.00795083996831914,0.01613363689518625,0.0020733383599168213,0.011380213018154556,0.14409877090304016,0.012567472326522016,0.014287850818402887,0.03924128123355399,0.010133737290394717,0.005875351156500379,0.01269715999038079,0.003609213142538924,0.013099081293162666,0.18174146131219626,0.2255867480929252,0.009773509676427915,0.010968225114651906
125,0.01394689398516364,0.024759266304409874,0.017105750727042793,0.01623474122806992,0.022809641796052257,0.019041535021002788,0.0561317148466327,0.027182274252286778,0.22389625124104684,0.010952811694371184,0.019913524359952157,0.0243005987873163,0.013315873865630207,0.035748887901156844,0.3627956464688007,0.05662360781557097,0.015351541459180709,0.006592135087613811,0.009591331401166083,0.02370597175753349
126,0.011095610933676565,0.0938738063701292,0.016506762234837505,0.015023880071132673,0.017381595698377657,0.0055107552629230375,0.011105887698227087,0.039881546400476184,0.029537699139136092,0.2710426196463265,0.3165543251100376,0.016610983465940657,0.004475434063435499,0.019261993962482418,0.007816087418163373,0.006899427705492439,0.016573064780499972,0.023232939630163724,0.01739866859878022,0.06021691180976171
127,0.03113849301226114,0.019245824298753794,0.01690048197712615,0.004226277567973846,0.023817362739829328,0.02859722813792412,0.03663083567098054,0.053283013170262274,0.2078803069612738,0.019748128631467497,0.02101745687641221,0.0698531108952819,0.007574819506843995,0.08737677128382111,0.18112652724924674,0.053257782814876975,0.0771177122857193,0.028120033973522637,0.015187955444533113,0.017899877501889514
128,0.15312738512875448,0.03903766126501437,0.04122276426600233,0.037318962310781655,0.016193460910366855,0.1017985557135578,0.010407683943739985,0.023100137289596145,0.05970148847965251,0.005952561386050797,0.032991923641736046,0.04596282075538016,0.044608927349810874,0.03336222434490965,0.039394169425842805,0.14909296286021578,0.1169007218534842,0.027491610055977767,0.00982366504269143,0.012510313976434352
129,0.07207071635139449,0.04293561648467784,0.06969617731122281,0.06008875825902918,0.03651223546606993,0.08606210682694726,0.06542905777261376,0.009957476306881687,0.05934824968463915,0.03631124637758256,0.03461277021050926,0.056282842686920236,0.06285480598455738,0.097501789231612,0.06826539642641664,0.06936384819829773,0.01624272160753217,0.007141825108701063,0.008300406075991924,0.04102195362840301
130,0.04906042914554611,0.08795899644930116,0.009938086058444782,0.022600725096786695,0.028653970438751602,0.003683251673147148,0.11923845535075173,0.13633090598948286,0.0315397027454334,0.039593476179526355,0.0481029028794911,0.025520351165555316,0.002160564672387628,0.05368049327701516,0.025942123129423057,0.0510497038173607,0.0872497056831696,0.07292293584206007,0.05675408454439012,0.04801913586197548
131,0.010944444764015265,0.023053987661876756,0.4031514696314771,0.0665107855361451,0.03646973093559181,0.006482554526386045,0.018635954477292414,0.03592711592904776,0.034098039616824644,0.01176808221339064,0.047768017438598126,0.13766799632754845,0.01129438857006781,0.027760828324507426,0.008901334952161825,0.01186276723804615,0.0168312203897818,0.015231907605823096,0.03570622932730203,0.039933144534115846
132,0.12552153493065651,0.19252406898711857,0.007272958222346484,0.010359918243577055,0.03486733740626405,0.0024750666952535884,0.018577507064738142,0.11620489732178756,0.02105946931949701,0.08218876919999975,0.032985983147895984,0.016138376377562703,0.005451038670607048,0.027135750304825148,0.004206519896107136,0.02168499080080102,0.07466385705471651,0.17728824041147329,0.01300794137735072,0.016385774567421855
133,0.01862942383706397,0.06706830626406933,0.00869803169434845,0.010026962525105416,0.14280875216486227,0.008142394328161582,0.11091239275291685,0.02120870222995884,0.012003888103024635,0.06390520097014833,0.06758351599860764,0.13528127833093864,0.004608827336816448,0.040638488764889964,0.004524406175931437,0.02781448337443843,0.08649055383399269,0.0072236677455667425,0.03379105601630675,0.12863966755285153
134,0.02282762951755667,0.04070347142675279,0.022190322128021373,0.029336474244518112,0.04913310141042485,0.02080256686490226,0.1977691195492406,0.023255263866360124,0.04127473602236812,0.022976454944944658,0.033560990176498655,0.06624368481464264,0.0069323836618812515,0.06442904904083792,0.10536066843855146,0.02934405238920375,0.029673789235542546,0.029213005688700458,0.060779841472329225,0.10419339510672249
135,0.06982134006352275,0.11873888276794094,0.012439057338393884,0.011179521852014998,0.05858685201272177,0.009988398734898407,0.047884464761921576,0.07781237663250795,0.05003136663929012,0.058120408770918404,0.08184233281843604,0.038516655902806604,0.0025696842336036907,0.09436653193760614,0.03756618099097788,0.059040394423103826,0.061847927788188234,0.04624032837333694,0.0077996422460023425,0.0556076517118075
136,0.11566918324308399,0.04779494117439311,0.030735318503681813,0.0331659143247068,0.029466817553231408,0.08193528102731966,0.18263257401387367,0.02877591809476636,0.03781506172090746,0.01038077516036523,0.0257747860895368,0.049035567917895435,0.09543951502990715,0.030561676969632523,0.005560488491940556,0.06304243862920104,0.013139446770301854,0.033494222667835354,0.02676935568629379,0.05881071693112606
137,0.06995571805101626,0.07530698551629626,0.056528186870342535,0.020114270033655682,0.06993204547379751,0.01127997463527037,0.02584507110155994,0.06395753445966941,0.04750114895449938,0.030766388210402815,0.06395753445966941,0.04450951519371802,0.02053902052594546,0.035389901743726124,0.037832240299785144,0.08016907114181174,0.11288349744661191,0.010074272382615112,0.064466826694281,0.05899079680532585
138,0.07047600480565555,0.02948232346193198,0.08057247498994319,0.20597447634450197,0.038552944562891385,0.060636562957939816,0.027009467470067414,0.055049122706191445,0.01556935852652482,0.02993670022641907,0.056431104248186086,0.04623352701579678,0.014123749081399082,0.09299092213172801,0.0057604921836590176,0.04360085276757277,0.023808331570807435,0.034197629437947456,0.018991469732976492,0.05060248577786023
139,0.06291161643108086,0.06008321140829673,0.007576613348557433,0.0033909543655275824,0.022819700102109663,0.07566146245315901,0.03257552296724321,0.018065447615314145,0.04706698674277585,0.032690803357678884,0.06342378497425083,0.07782268386976283,0.05394872020261111,0.0830016038172492,0.10396502987281238,0.1028924569893801,0.05797054895052442,0.04258844007360693,0.011061073310718645,0.040483339147340244
140,0.07012858053932708,0.0884566490730374,0.009597628795922497,0.010771580925085303,0.0072486689196137625,0.002034521636471187,0.2244772694338035,0.045631362883381175,0.013850190679448383,0.11847784740115681,0.06277445655957002,0.022616774155840447,0.006398232021042727,0.015363806523760194,0.007870053730782086,0.08009265892269445,0.06665356289818973,0.1335853174530399,0.0024054425524625213,0.011565394895370824
141,0.014523270804550195,0.02679259390796879,0.3544968913069633,0.03863931913219048,0.024015839904914713,0.004691376830819519,0.01986761310747091,0.0304329997003748,0.044166856442507556,0.01100498413364673,0.03874877179396965,0.03651470634448642,0.01185732957204691,0.04616702825858408,0.017078624705798587,0.008984634025966253,0.01314719682844266,0.010523551875538809,0.051215121056916425,0.19713129026684317
142,0.007507860329905629,0.17108810014666428,0.025421667176873025,0.03170415898120274,0.030616695700499696,0.011883494099687896,0.02183777019530154,0.03646362077460285,0.02113381638619614,0.006889133031443177,0.02588199713597633,0.02119916452180474,0.021004827776268775,0.029895523062812342,0.01159417715481538,0.008334332663136271,0.2536395060531051,0.19693911712667278,0.04230382165239158,0.024661216030639796
143,0.015271703324501807,0.02366688311849723,0.026755147122815227,0.019246899349273882,0.12342163676557177,0.008719607506463195,0.02918644516559632,0.1278681725555911,0.02542808314403555,0.2211783462670045,0.025464245082205683,0.03206550416402131,0.011889293210265802,0.014493117715235716,0.012847199099073442,0.01022393331997224,0.013716379726320152,0.1938976574245217,0.01938842410222066,0.04527132183681274
144,0.008724163834462421,0.014514564557354533,0.024774390949914456,0.01775132238527357,0.25576778960657637,0.006640976502292863,0.01790094975494479,0.09595703216479223,0.019929468864966823,0.278235164468078,0.06762166227148679,0.022806674828984543,0.0017852421993475177,0.026516597262036642,0.0040150013664160015,0.006896703843028228,0.010686450644232988,0.08771821672683137,0.01437924108007495,0.017378386688904953
145,0.17148098543370913,0.2956555848192596,0.01693720254581711,0.016287526906299605,0.035173610091635436,0.004570293236060576,0.02310921887478225,0.0208347818134048,0.0195909840923901,0.007511574164006604,0.020957558617396375,0.03166456338123123,0.01006460059477324,0.03300653302203956,0.01505908965245868,0.06764944650183131,0.011445291788635339,0.1678158376569553,0.01400024226265814,0.017185074544655655
146,0.015775193113241152,0.02358824175480197,0.35959228558408857,0.017791576719790998,0.041257906472573734,0.01776018240704496,0.09530094209737396,0.04837339305023746,0.049922228113963275,0.011165255706779802,0.030690174893631173,0.09222550629917149,0.01683894724783227,0.05732176018583945,0.009697269811375316,0.008725280626158587,0.015457402290545536,0.03251585952548818,0.014477329844480179,0.041523264255582
147,0.010175104180766231,0.016440147636670146,0.026638771411162204,0.02108597168432148,0.023738961781818075,0.007463041563018947,0.01911470420434416,0.25524269686074436,0.019304994664377836,0.16169334710656308,0.18415482137976438,0.022305531208806587,0.010760406768603736,0.017345145204888363,0.005427196626213161,0.01148571159803081,0.007804251226580767,0.14201141539331383,0.014198169568875636,0.023609609931136186
148,0.021631985039403945,0.0684593007395924,0.06431071750122223,0.024410478763078627,0.01545482646882048,0.5497706963036654,0.0317876557935911,0.021121424279617065,0.026525993899732786,0.006718494286688192,0.019271989584343188,0.022804945537046897,0.01517277168908463,0.026396757502243046,0.007844737728166072,0.005584044163442222,0.013620480776518057,0.018358135149915893,0.018051885287296305,0.022702679506531348
149,0.02903640853441208,0.021945305518495356,0.045522304368869636,0.5975687354681385,0.020621504090542173,0.04307629394213541,0.04324488528675108,0.02646677532497735,0.010300921029558903,0.006003072772717622,0.022602320463341107,0.02433864852579166,0.011528595612448981,0.02159937980254382,0.007973922058924022,0.0075198302812678995,0.011129360995585804,0.012531165526597379,0.013580593926828704,0.023409976470072535
150,0.09589594044402934,0.1046628719659432,0.043632140235923385,0.12865665105436966,0.0038111998800433745,0.06840446851133981,0.04843981688609624,0.004566308151055192,0.08801099493533633,0.01531271412720061,0.044430224607692574,0.056280843571372495,0.002992332819298731,0.0886236050409151,0.036638988674309834,0.08745966113353332,0.05335897804749765,0.02167263614568962,0.0021575164799086163,0.004992107288444955
151,0.32336536793951026,0.07495356041010863,0.015370929801237184,0.008723465478595342,0.011599267480805536,0.1670473752614802,0.010849803488535434,0.013867230976422562,0.013619440513031737,0.017154169334553354,0.025880692600992097,0.011972399275578015,0.0018915210952780055,0.011837881005149603,0.0031013161203754954,0.20735715791598675,0.028181204839210782,0.0335089942320464,0.006385404877503412,0.013332817353599235
152,0.1239037871130683,0.058957174314816736,0.009139386020354,0.007389939521966895,0.03699586720885455,0.11417758526381673,0.03796926783653318,0.008877380745429974,0.010687780732597782,0.0035640226372326764,0.009300288265590427,0.1497195265026948,0.07803927590024021,0.09686681017090798,0.0029852755299705886,0.14063564564567316,0.06909375089955976,0.008686721820300744,0.00657335290085546,0.02643716096953601
153,0.03504123984188794,0.04183911490839249,0.014084846728795042,0.005459857787488622,0.03385637503781788,0.036561880344820864,0.07342728800893812,0.16188053329041643,0.009606927458824044,0.08863504145422636,0.12782035700401462,0.0227291083282383,0.005137756543043032,0.04462180568172067,0.006817137696036924,0.10483190778543727,0.049320918856291994,0.10639314849706522,0.008509134336711553,0.023425620409832693
154,0.09724471057460377,0.0803524107813048,0.011926903585742147,0.012112504640826529,0.054892348992718186,0.052299536510284406,0.10784911225536375,0.011846324126970703,0.023294817710137278,0.01317657679117968,0.016620889055231763,0.05390799707991687,0.09924725114898976,0.01237179284758168,0.014748462407902738,0.10531164013879506,0.06452390563291192,0.05565417030959333,0.03975684644983527,0.07286179896011036
155,0.05343351675063698,0.033374430670236106,0.06695826856204946,0.0969215519140945,0.022382533780960206,0.02176308640592496,0.05552203848770803,0.10380267616622535,0.02851942974764087,0.04652232636226683,0.04687702296597015,0.05671128972573455,0.029045990807969827,0.0846406370129415,0.01192926278249535,0.05712716090497486,0.08225412447134352,0.07694850484349214,0.019216315528986876,0.00604983210834794
156,0.019515873630300606,0.09844951873971364,0.01446129644689582,0.016197781523218786,0.024465299453128694,0.011887074926125193,0.02916759984000826,0.3160265702648125,0.02577288788838207,0.02395619210922524,0.051439890956006463,0.03792562963511396,0.007123323631786788,0.017352794735009485,0.007009549488067528,0.008853301640422395,0.036445619521118,0.22003146120921702,0.013601021734971469,0.02031731262647617
157,0.05511626024335659,0.03002791437904671,0.10076739018898752,0.3310002700634112,0.06935149367518897,0.01587067990924643,0.02013313594597226,0.051224691345315015,0.033253621730676274,0.012272868610077684,0.04309150301212692,0.02941372382294029,0.010734030171069225,0.051183765474031716,0.008208037774643103,0.012069562590630738,0.015517758838396886,0.04406162175590342,0.0336394343777502,0.03306223609122885
158,0.06092493180771522,0.04837960623400018,0.08249270501045049,0.2368744498592481,0.029762352670408207,0.009373762717557988,0.0196163632071075,0.026092630165136212,0.054372628523327006,0.008832236355612158,0.041025188633967015,0.04787891588002265,0.011187035704821914,0.1535002671974842,0.007898037816869761,0.03646976062224538,0.06219537528920291,0.019451107831377018,0.014965497279912553,0.0287071471935335
159,0.0660087556281378,0.08976132137873706,0.03586641050622652,0.06093154657324643,0.047575677114347854,0.03750457614900176,0.04302814330697879,0.03217615037547205,0.04487392863844569,0.020565541756762135,0.05702485238618521,0.06583460363406186,0.011220928195563926,0.12442096611963148,0.017924896658380537,0.07609798921398925,0.07710234153549707,0.04083748138605642,0.029484382604360954,0.021759506838917215
160,0.009053960574414694,0.028094446062932103,0.033266990627333654,0.029118593654308,0.029673653255968328,0.007189677262999899,0.022240008142085033,0.05236497673980284,0.09433915615912436,0.028800340621791893,0.036934046798603,0.05413531810829963,0.03790668072484537,0.05022411870797439,0.374062103610414,0.012010955193174605,0.018176789739713473,0.010223733903814534,0.019835297388003707,0.0523491527243965
161,0.035115675133746485,0.2134682443428031,0.027290011657429,0.16606301561637085,0.025623972582221637,0.00574783067647881,0.013882599292475767,0.012589346971144152,0.037790128838205476,0.006525661900128143,0.024727543493900977,0.019841246692457872,0.006809169034187219,0.020365675505834017,0.009049809616412524,0.12031693041810604,0.19494941835141613,0.008468559149053303,0.022827143959992104,0.028548016767636398
162,0.10673303585460596,0.060371063599722725,0.03542580731158353,0.09127019508811379,0.0337722104138378,0.026102606979984618,0.04694835680853452,0.07488375201492434,0.04595256264748921,0.0890399347548881,0.09767144979032594,0.06275109261082355,0.008428996891304628,0.04716529239966397,0.013705459921077329,0.027982719909705384,0.03272969222017649,0.05832822992812122,0.023042584971065493,0.017694955884051376
163,0.057002471728530596,0.054321911807289874,0.010313664193156121,0.004574370471183874,0.017376176861910134,0.04395244169471726,0.10211328524271811,0.02700538375324379,0.13060052674125158,0.020844307634390515,0.06084732494018116,0.08369538811469063,0.003577506098167165,0.06414925634882458,0.1213212521507868,0.08082008325511832,0.04098864792022412,0.025376905242075986,0.011126926109626581,0.03999216969191279
164,0.14940333010957627,0.1274601110757481,0.007317308686535713,0.006930399783300134,0.006368340813030753,0.006619025062987924,0.007784136487615363,0.10498259307060616,0.0077074200684730835,0.07763208549941773,0.07350120803408794,0.028776744179337302,0.002156810303987398,0.00800902893080478,0.0015869251370165156,0.062298201810635646,0.15647727457359398,0.15460742918378148,0.0038987057990655556,0.006482921390398275
165,0.003956441135152068,0.04642466176508798,0.009717318426481287,0.012787663104277472,0.008210267000390977,0.004372795451434639,0.012036810486240966,0.12404595054462873,0.010966197012021311,0.27319487582577945,0.3757155428314578,0.009236517338363648,0.0206674374185957,0.007071002757995287,0.004241623880557418,0.002857949301960297,0.004368296293495567,0.052145937456160835,0.008999606968239338,0.00898310500167923
166,0.08306020007915219,0.05481700063265622,0.07099727113162484,0.08934928949809458,0.00430108521213726,0.07515311380402105,0.06534734027299448,0.006081373266129671,0.032958088650551394,0.003861983314372931,0.027475044957057423,0.08182932634629182,0.011869068810401298,0.08819799653874828,0.034863500707846634,0.09323628353683716,0.09565839244936031,0.007388142269310664,0.019539663008955595,0.054015835513456234
167,0.10942072619323717,0.13309159366464426,0.00715446762268547,0.005656149044188309,0.03055382749490256,0.0035887218233667945,0.012462106354248931,0.08621169530138266,0.026813172536368047,0.10545128251276292,0.12319945628700608,0.015503887484284223,0.0037281707818117757,0.007073680331067683,0.007621816153842162,0.05551187590884487,0.15207206109583013,0.09513418228890193,0.004299035255415797,0.015452091865208253
168,0.1265476120108151,0.13554580945690733,0.011118414336356847,0.010511248919712285,0.013929932284726873,0.006014740371042004,0.01191268827043218,0.15868451058213975,0.011617835127298304,0.1904462916291072,0.054053515906536,0.010590210626914695,0.0032439467900345184,0.00826538612417687,0.0035682673644084483,0.004170967776239106,0.011399396543672497,0.2061845277209581,0.01065539779355934,0.01153930036496247
169,0.0827598515054958,0.05274021797146616,0.09073398303399431,0.10912580654826622,0.01446440071822167,0.0953403536722484,0.07616741679987833,0.013155848887762589,0.02218886654064857,0.006428565528461921,0.009178304220438077,0.08839771201941594,0.003231605260844359,0.06916828692541342,0.0036121772041620343,0.11639206802195158,0.08258820443873911,0.039163792437573515,0.01647788607173899,0.008684652193278913
170,0.1081616854173732,0.062390771167667995,0.10270580689331843,0.05479067653210378,0.027514217753112923,0.06733885871217637,0.05086200097180655,0.02483167329728805,0.010142525294726076,0.004378400744516584,0.05748868393792883,0.046730416532973586,0.05268490484715363,0.04579389503706088,0.002583538078643029,0.07892146271538998,0.0795181905304946,0.032744031841236254,0.015714095784314642,0.07470416391071465
171,0.009275964810291325,0.059279931378563494,0.017808110360825104,0.016507843534059197,0.14243628893194682,0.004049261464393189,0.03559827103729859,0.027103871923980293,0.017581856692075376,0.01240701007096455,0.014453601822162996,0.01754811308459622,0.009919904645197831,0.014717149196123177,0.008697959363632494,0.0059706815514590115,0.008998464109248712,0.008302319565625797,0.3224905659849085,0.24685283047264736
172,0.007686994900397447,0.01831455535796268,0.02644223150030284,0.01745432107592043,0.066277614051148,0.007225849034379371,0.034966486558050645,0.06460113351578047,0.019572813739551633,0.39684185822408574,0.18790801683326117,0.029186024629870428,0.03696125853536744,0.015617061497736917,0.009862609280446277,0.008710368515534262,0.008662732057076164,0.007680224528774975,0.014825998338366399,0.021201847825986744
173,0.08610869808249284,0.03317086905299379,0.08367135854260054,0.14606453804650357,0.0055519348241846525,0.04828912091182009,0.05410471405401934,0.004883158567228204,0.05497804076949986,0.016570173789024995,0.06127975282258646,0.09331081792315855,0.0023756754127817682,0.08861226301709546,0.024233134845442785,0.07124869420404364,0.09078023666586832,0.023171896403267975,0.004633194568292821,0.006961727497094348
174,0.01217003737654484,0.01989120235143909,0.022189303519340304,0.026205232852623883,0.02344944962692884,0.008475561476899934,0.022267905791306723,0.04832438303994488,0.3188981334539807,0.009605947950438716,0.03207236008389377,0.05022335702294672,0.009395746848968088,0.029751318789002213,0.2923334140811732,0.008664347105642033,0.008949190124275237,0.012505659547980547,0.021168905129927543,0.023458543826742857
175,0.021364342689084038,0.04559221517114204,0.011308970175335985,0.011970948123962709,0.025431366106565097,0.03778017770360029,0.15995212378884213,0.026781773388646624,0.08918388458177835,0.009835442871716192,0.032192742287972156,0.0942033561546095,0.005794110950171953,0.08368960373439194,0.15131463882608764,0.08974234744083777,0.02795106118122009,0.0132929050254932,0.013303675465377127,0.04931431433316508
176,0.014575016819321348,0.04365491803388417,0.03691862229656959,0.048596319859294856,0.03548661727124714,0.01852314743427953,0.017443383090971303,0.03505597879658393,0.028522734158311445,0.058806836149396614,0.03599224901610303,0.0209128236326372,0.3831092055648666,0.07319587182853038,0.01077252997482824,0.006116875929558083,0.045024136048531366,0.018963793054453868,0.029605740743004965,0.0387232002976263
177,0.09434666724892672,0.04657514232781779,0.03745891273509786,0.07003498436039318,0.030221255128638057,0.12147302486079677,0.05056239133515825,0.01775103502384608,0.0065953697677756384,0.04693355644251101,0.06166192869573262,0.032545112610255965,0.00944245044648135,0.06901378152679079,0.013792854802252492,0.08076012191522726,0.11050801259198696,0.042039420063781384,0.017746391637890588,0.04053758647863914
178,0.11187169178484309,0.06561408717872094,0.027932957883348625,0.13459735120030786,0.015730158065153797,0.08053452408172203,0.1512359139406966,0.025014486685866245,0.014561920423883946,0.004083387579001347,0.04653839484056299,0.07861609003684988,0.003832981035213435,0.022623108273401003,0.0029030631690109628,0.07583052680499268,0.08372213309464037,0.030475791828263144,0.008862985344267276,0.01541844674925375
179,0.011735616983621964,0.03988523407695928,0.02761790723046106,0.02848703632984861,0.27907968700993213,0.009383100023025849,0.03316091004718732,0.020634372983756418,0.04854361374856958,0.025891183795522923,0.03285958111353537,0.02795799566466618,0.01531635177056617,0.03011729260306389,0.0108722019082379,0.010383639476805097,0.016772177040693767,0.008349424156285081,0.23299210751692848,0.0899605665203329
180,0.09291526574776145,0.3369989565901035,0.016932433355999952,0.02236259118696075,0.036427994461107116,0.017060756775294467,0.028936047358711206,0.01991147816304117,0.017698270570005184,0.007483056356867347,0.0162504818473025,0.02755347563448647,0.014201134253880086,0.026812500840957695,0.015476065538715599,0.018333298977115626,0.0111741090829761,0.12022341488643225,0.014048868255105172,0.1391998001171763
181,0.010772071745622424,0.02311769064836626,0.022813882949556386,0.050083894899503247,0.03303095091893774,0.01020432053434089,0.019450241124060023,0.3114119785072446,0.08433155763199952,0.014339105176542966,0.0075702487482219,0.01503533880750472,0.01289255956771921,0.03816398952210565,0.009114258774409629,0.009256122390911833,0.014122095599274576,0.2512918880157908,0.03854750212240903,0.02445030231547861
182,0.014989698370605273,0.03597888470501722,0.028803170946035166,0.037865391301670596,0.046839572439256814,0.015118421879247787,0.019711207989878892,0.03595514368369455,0.4025977849655504,0.009163807830744426,0.020110999727098084,0.05932003322020372,0.00902601029492188,0.04084632729863738,0.028524089159081598,0.01238047323641231,0.008417018070883768,0.016953630991545312,0.1292623578164992,0.028135976073015767
183,0.013924012324502069,0.04418120284642114,0.033752335299724476,0.02393633975433626,0.04580140808723063,0.008694778349769805,0.03297760868047452,0.21368210063534435,0.03210504080807533,0.09482970358603925,0.02845595878806625,0.030532044875769968,0.00974748661933727,0.0195713436874588,0.00973468660925325,0.012868055749916243,0.025493322941001508,0.2503909885764861,0.03913533658708713,0.030186245193705667
184,0.04339277774828119,0.05747561320366687,0.03254735940661452,0.04517669215094817,0.03196635146183429,0.05530374104825594,0.06103507628190238,0.04185184510904912,0.016870569835816616,0.16173490072007954,0.13593104306524534,0.0730568622619185,0.005007962908521593,0.06810430084033225,0.0033333567772576823,0.02732236411166678,0.011809993526365734,0.016357917033182998,0.020852293809273018,0.09086897869978744
185,0.13053250486460044,0.1572517170698922,0.05394859386548467,0.07943220611434283,0.06409553147093748,0.021206601792741576,0.012593490739349358,0.028654330643437687,0.032739461487136946,0.015154099384509309,0.04440570116504106,0.11482207313519611,0.00883915304218128,0.03101159963337299,0.00428502024903679,0.06742788981128087,0.014610075143625173,0.09372422456854834,0.00992039805547104,0.01534532776381388
186,0.04742058528986285,0.04619025482653177,0.08760703572680278,0.027705533984155737,0.07318963307924566,0.01530341352344998,0.017337439139313345,0.06910722824447095,0.04707647631213858,0.006607586534529188,0.07529618123774319,0.04498941015331372,0.16450434254636115,0.08277181061589609,0.01684634374867106,0.003611052656239958,0.03848321978638005,0.022040895694054787,0.07978707257676126,0.03412448432407779
187,0.05063408415246262,0.016442920006237663,0.017491402053684955,0.05372596977418396,0.056299107395957455,0.037946884829828297,0.01445546705553844,0.08287948219909803,0.08871810803487572,0.019024090066643445,0.05566784916334039,0.023803326673622074,0.04488259801942823,0.10917950710037089,0.05500871895750276,0.027488363723684326,0.031034126260740785,0.01991631102795211,0.05749956574205229,0.1379021177627955
188,0.008802705069409748,0.02573394352117957,0.023266012169024224,0.04572894065918497,0.02972388203216583,0.011052611154231682,0.1456009654800519,0.03345002063679397,0.036837746787046745,0.010203246595209348,0.046391792715008574,0.03801124148378362,0.015504954434278745,0.028668744458671788,0.016252199913550987,0.12215142332252145,0.2820927813988637,0.010029836772250727,0.04016436528267467,0.030332586114097847
189,0.1337456572517256,0.12035307706457789,0.014035982589618039,0.01405224990225846,0.018411569839034348,0.12815380929814893,0.013495306758253401,0.06420640478887989,0.019017967106824244,0.005467403892109546,0.016864957926687445,0.04534298922019026,0.04637836535022341,0.01783813453374444,0.015004803777628127,0.213055310013036,0.07164092965045278,0.007400325213811873,0.017108913315466465,0.018425842507328923
190,0.04018466090067912,0.05034246033162184,0.03403725704923744,0.09795757689863745,0.011194389815362657,0.04509428875208405,0.06758055339622811,0.054187869418614365,0.05505696237816816,0.03444380818877459,0.050865263344316965,0.1104254658261717,0.03755465865353558,0.05456242156551994,0.023791127271657584,0.054304570729886974,0.08206657585175696,0.07857644510233003,0.008553190027564586,0.009220454497851896
191,0.16001572051143145,0.17161830314547813,0.0208812100346325,0.019576973271959026,0.021597726156605046,0.03802570295333376,0.02421601311994888,0.029664624798621243,0.010878500811698175,0.11539558507792153,0.1833705205907122,0.020708939345827015,0.01158155646497174,0.017315888305806038,0.006934480971265692,0.029437799797325304,0.06616723432246681,0.014176872655408124,0.016056316808574913,0.02238003085601242
192,0.015826538305389524,0.03980233435040915,0.05177962843122958,0.030924297520945342,0.08501389289249585,0.012292507159962775,0.059787647328706874,0.10971341169881514,0.027974214158141997,0.03647463426043192,0.2999019625506684,0.05056808500439594,0.011279862633573562,0.03662316654379663,0.008310443178911433,0.01000032805483341,0.03821414375383796,0.016931997346298817,0.01567773762512828,0.04290316720202736
193,0.03683581373908377,0.03921646342193088,0.034051626322409954,0.4079065283493492,0.037049556199195456,0.02739572892556338,0.04281977735803192,0.05214869887425259,0.024401641656644827,0.013277541493855604,0.04006025275099291,0.04162656971511436,0.014953853599334682,0.037456428045809016,0.011845609501917745,0.014632837218307992,0.016086445229834937,0.03048269963328414,0.03511389136912866,0.04263803659595806
194,0.07408007981025423,0.07232588829945436,0.006526103245645956,0.04448639354246123,0.10532466648037354,0.005878540370465993,0.047045041863580904,0.012485359023867009,0.035212644430130086,0.04715461340301081,0.07804291107084639,0.04138442127711745,0.00256098709703214,0.18156412430484412,0.028082036677100037,0.046041000640350736,0.07483983665817871,0.026586945136745335,0.013447238179151494,0.056931168489389485
195,0.00918574003334977,0.02987694803902846,0.0229335763534616,0.014839637648109881,0.06994759417655498,0.005261871440229199,0.024645721367948292,0.21447755440496083,0.01629210936971813,0.1990023638174728,0.15024765370064247,0.018771243070675108,0.006039939454412874,0.018314073370004322,0.005321930057918661,0.006728668024873621,0.003753415035636861,0.15311658169891432,0.010753709565556303,0.020489669370531583
196,0.05922689735558245,0.09762816891530972,0.10588371222312133,0.11101849961393319,0.06100050929038245,0.020564486838606424,0.04618187204291285,0.01307558421101994,0.016262263396441306,0.08392450594343505,0.044230291146311364,0.0535178046915337,0.002627447349197728,0.06599534268041178,0.0021288184092741105,0.09707614169337896,0.0041901186455597485,0.004207758029124607,0.022719574040378627,0.0885402034840847
197,0.020324525903851542,0.022912426305035167,0.01594612187408581,0.014781603080926598,0.03416708692356405,0.01402093657532475,0.011005749886472018,0.06498834899779916,0.1903537327129369,0.10559044511205777,0.04822209590487648,0.02410178593016186,0.003519492749146034,0.10911937398313926,0.23957119012180952,0.008288776461452157,0.00805797097253083,0.025137076991608123,0.013370428709966069,0.026520830803255863
198,0.008307838879478389,0.03195516337914992,0.021982452781955267,0.017619415145283448,0.11367440602930075,0.0045590076304773885,0.015947358989462396,0.026826680418749582,0.01865001865071904,0.27612230180754993,0.22974808789390458,0.025303080394761382,0.015292324107965332,0.021488228423445443,0.003476492128059517,0.006587925801070582,0.009285877151427821,0.014441223774851969,0.03080109674972741,0.10793101986265985
199,0.05352671265842066,0.221254407528071,0.00445813866015998,0.006693182173277676,0.005909978214066583,0.002761692856854772,0.011165426217915346,0.12763236730928465,0.0340721473885572,0.03920678002181434,0.12955068363306954,0.004937538955652199,0.0015696326350473442,0.07787379488227343,0.010580783051342767,0.032333912869670994,0.10356256925932415,0.11743291634922119,0.00577781454179765,0.009699520794178615
200,0.005831490438701786,0.07489195568626839,0.014891400982464012,0.016851044202232896,0.013822223762833602,0.008608081206301443,0.117570390697754,0.017278138347825954,0.02754636677751672,0.00719150183919215,0.015560188365355188,0.015377952833982448,0.003139421465839308,0.012195486832807164,0.597718685089977,0.009817786862048086,0.005408208516997048,0.006908703215028751,0.014131353963101187,0.015259618913772794
201,0.0681690060986416,0.036935153840705046,0.009268259043731917,0.00916731727248634,0.019976051518789863,0.0010697686769248328,0.08000456765955444,0.02677525881064426,0.17471931674144048,0.033886969882105135,0.05250379192234628,0.038697132077749614,0.003167360828637378,0.10011034075773072,0.1737785419498733,0.05283844250426115,0.05714025240983998,0.032261869028096406,0.007811679477115723,0.021718919499325456
202,0.005298885187086567,0.023789353094655977,0.024275716625716967,0.016036239600343834,0.28615589440509737,0.010829003609622113,0.2113148442426426,0.015688049073836665,0.014731123222129354,0.004945202982454369,0.015150362405367232,0.039371670353127296,0.00431074502727256,0.02428082413478172,0.013415256231935478,0.005654655680888404,0.005729090737410336,0.00777444054601759,0.1564112864724098,0.11483735636720376
203,0.013959664801918037,0.027220179404448586,0.02295715546546331,0.04621875559200705,0.04086082647201957,0.4734810532153309,0.024331462296484585,0.03729677525900421,0.025137299579954347,0.00966469966176322,0.02679914141682527,0.02786838144088533,0.010337849512139124,0.024796915101421405,0.021135915534703686,0.010347533522912816,0.01420817151404274,0.04871283183934926,0.06262324776144741,0.03204214060787897
204,0.011196231654140451,0.030280755668646516,0.024730215750438777,0.07305166159966991,0.032990655235388903,0.48921384600414886,0.02184299843373247,0.041645835092414436,0.029354424834992093,0.009861132551540619,0.03237257972304242,0.026767183219035606,0.008561978313868472,0.032987917642689026,0.01986255630267655,0.009481975065332875,0.014982688523181633,0.032004718404896555,0.028202716306944948,0.03060792967321894
205,0.40031425368342405,0.09516474714975172,0.0067394655517743094,0.0069125501000933285,0.007388909826812593,0.07480920883271938,0.004551029004589283,0.007393553302166806,0.005206452097923849,0.001538229029770833,0.005360213471255986,0.005429030771168433,0.0017793139314724496,0.005974225278743567,0.0016065749568042736,0.09585517354917271,0.25175477860381174,0.011807863009673446,0.00402065509017004,0.006393772758701274
206,0.0029403984948662633,0.006620811826139175,0.006333907384569323,0.00979220364289239,0.183774482474214,0.0036192626258253,0.004172113522158533,0.3336944778090305,0.008412953084778284,0.18049300892128442,0.1175831752501142,0.005007994714039478,0.00159029366744557,0.00688059541571866,0.002534023909709188,0.007492581001820147,0.0027882172127477313,0.09419863499880314,0.0075479484745224696,0.01452291556932133
