site,A,C,D,E,F,G,H,I,K,L,M,N,P,Q,R,S,T,V,W,Y
111,0.014650337972981537,0.2186975846640784,0.060550440993170036,0.46623624723934615,0.011739291229871857,0.015584160409100753,0.010578369598939189,0.010340857197919112,0.045056224789895016,0.004254448770540621,0.015284120921049318,0.012955981404856579,0.0072986483898143965,0.011762578552606257,0.006944754222626508,0.05146568707087373,0.007248200321262204,0.010817109112337473,0.009514585962825685,0.009020371175905139
112,0.06374086991122487,0.05910770520561364,0.07558076627712537,0.11145605033456622,0.004761879452983188,0.023704211100184808,0.014011591200262944,0.05289370319407064,0.054109985598063015,0.04785370173932237,0.09954752802534923,0.058241322015863274,0.02472419865613613,0.05970708951678461,0.026961891036224577,0.07405392271186567,0.08324946834393114,0.049064792887035885,0.002597038587645093,0.014632284205747333
113,0.009212407867279499,0.02022456057281741,0.012047516538462389,0.014966125181004541,0.015606811400094256,0.0055824990698140065,0.024583593005347404,0.016554870713942713,0.014612505386999748,0.02699591087947541,0.015081980275931259,0.012315301043125412,0.7325189547731998,0.013786143674052545,0.006633754651422314,0.01915902929577543,0.007399991166346394,0.008843475727512136,0.01067302067224276,0.013201548105154587
114,0.05737252928987635,0.06449906013259933,0.0069634489991063945,0.03737628899508284,0.039973551329186015,0.0028809967780605446,0.035555095243047084,0.09486178208445184,0.04249540881431957,0.10610095575090728,0.11729860287004534,0.022558459300397266,0.0038345432100803946,0.0447017871278794,0.026197479309041132,0.06844669908604095,0.07668412981908868,0.07968115477111211,0.031149513453611128,0.04136851363606636
115,0.07397334065221589,0.11460145122103803,0.012235139864369698,0.0059072498707541145,0.030157681136663117,0.0506250770516189,0.06062179688564389,0.05748046040787921,0.017100130885925057,0.09425597798338707,0.05317926038782798,0.0745761253349316,0.04297592051436255,0.07510944528708316,0.03290042704805168,0.04102252138056755,0.023249401973745382,0.07798435637216038,0.023390164337042735,0.03865407140473203
116,0.019344125935724182,0.04920028979345498,0.010142060729343101,0.017987643689464674,0.02494982819800443,0.004064565244059264,0.035442887946438205,0.08142569196411832,0.009417350156747698,0.0077538565305610915,0.1024854694653604,0.019641236799544798,0.010235122183455991,0.09740900693312464,0.013284953333759064,0.014233590801802323,0.19573702603774215,0.18809004948870656,0.08160346814456428,0.017551776624023827
117,0.009006781869811324,0.03297729835402747,0.0104086659070506,0.17448418194654092,0.021304503303618907,0.00340748416515476,0.0257201487805053,0.020351644043581484,0.05770597999193025,0.04315741887481254,0.02249809348615388,0.10712684471526261,0.015067416913928147,0.25979632200694086,0.06884123379263846,0.06577347809678001,0.03177495066683687,0.007325587824471927,0.00880931119671795,0.01446265406323581
118,0.014182125870148882,0.028597208398224303,0.026471139158571428,0.016969728744737487,0.01974643166084893,0.03576236028243549,0.014883470538427248,0.016169982981330103,0.019535763499393233,0.009249954448795906,0.01614409453554745,0.04005959823935377,0.019174929509655814,0.026626462284385994,0.014029611089496024,0.4613561050403388,0.18242303213700092,0.007978236612369141,0.01267520522664877,0.01796455974229037
119,0.015417405541861199,0.04488571517768442,0.024046938866324256,0.018773099567780404,0.038965025536041566,0.011572225001335826,0.03241598523357254,0.02352317020614812,0.017415789261291646,0.010897024071759258,0.02081243435651585,0.031926360394391055,0.014486165021279083,0.018980829411603856,0.010540778853372386,0.03283366213388081,0.02504153288779556,0.00959242187184878,0.016431073040804326,0.581442363564709
120,0.014402581139257414,0.022866439608444467,0.020093456174146374,0.04352375031090625,0.02352110013120623,0.6168735456192246,0.023440620641852632,0.022001305256012488,0.018747361733708192,0.00879571448874601,0.02216222383208742,0.019782945926415062,0.011884149662076108,0.019720700526579572,0.02392911791162095,0.009951851217634143,0.013622720228970972,0.027869071019057667,0.01551410397500265,0.021297240597050637
121,0.011459531286281762,0.02452912516099254,0.018276692845417743,0.01453112534253889,0.054544717473940206,0.00915987607422778,0.06037796529753503,0.01972149050105933,0.022419214678652044,0.010832058568816494,0.022325977418647367,0.01986976535171077,0.010735130575266252,0.020921562006418284,0.030351119131746904,0.010009488084368386,0.014651148467311692,0.008612259559648144,0.5341498916568473,0.08252186051857298
122,0.014421906270517032,0.021208585479093336,0.04296726995294923,0.018330586902627132,0.02341935295527159,0.010071982492844456,0.018827523224336434,0.04037362107533387,0.028317819675153576,0.012161750557570293,0.021628377048902442,0.5738281015808304,0.014514854429485198,0.02468301592637474,0.00873671791661658,0.023977338351337935,0.026845411352790383,0.011815993648573067,0.0170173233295525,0.046852467829839844
123,0.09221308288767364,0.15353286374992023,0.01759573713714512,0.014696544807820533,0.013285236465384756,0.007955317384890524,0.014423791576289527,0.4078757930426649,0.020050081974501543,0.04248209267945157,0.025259265864719212,0.014857445397547507,0.00997369254874273,0.015402557874383188,0.016781722110394196,0.006538340279555087,0.022652313016259282,0.07814985998454728,0.013081044961322834,0.013193216256786306
124,0.0626167292288271,0.1798301235856732,0.01409848292381242,0.006911574759602722,0.011241654003229802,0.004066411361253438,0.008747663373813394,0.16511843939816828,0.00960129210320604,0.02320900797334517,0.04802126715728166,0.00786325534087629,0.004867204761249163,0.009440458595108562,0.003086169315875293,0.006183506874547273,0.12584840821307425,0.29263399985930477,0.007838084626602024,0.008776266545149116
125,0.02190839837203762,0.029531348226992393,0.008672694053391099,0.008849098091483956,0.014141983126624716,0.03398976581045791,0.03456467391902553,0.012275331216543034,0.31164277073410324,0.007427851488550199,0.01436075766189101,0.01754209328135098,0.009449378955762753,0.04469438488258486,0.33386876877772603,0.048004435839900654,0.021488762340467774,0.004794197577659951,0.00609941355879829,0.016693892084647954
126,0.011816063455176433,0.14871313443176168,0.01125451851123724,0.010714313499201947,0.03473211091085926,0.004455418129957836,0.024805732504425044,0.026673185694864505,0.016805387607312802,0.34388316291788407,0.21497744396919002,0.011416274094085984,0.015037277459555033,0.012674602294152584,0.007036756303181377,0.005596875934948789,0.022391340683324986,0.037437829581806546,0.012118673740090213,0.027459898276983665
127,0.05412725762175419,0.025611396668456854,0.013011267779862827,0.018292744267997013,0.014271745697439659,0.026962638682472423,0.04638190575148734,0.05081085801149616,0.1794625712016177,0.030131869512552784,0.023134393788778584,0.08036711702461474,0.004046120485687028,0.06674303973834232,0.14576807705743725,0.07993882170283267,0.06394528285324803,0.04016411428416312,0.019522282667543158,0.017306495202216103
128,0.10419345788303425,0.04727340411148295,0.057561777572670246,0.043572251362556214,0.007150488377577699,0.09020292236223099,0.008165589248546816,0.0060237337069822235,0.09232887028700822,0.006923666361147593,0.04393372694600536,0.05697415173614725,0.05732434295071761,0.05015298550846681,0.05566573153494547,0.11045378058864778,0.11318979976775782,0.03875182521452523,0.0045249626877829395,0.005632531791766528
129,0.07924004637667377,0.06627799377336806,0.08325060762979125,0.057060956356283304,0.022140439163432002,0.0874697735276551,0.05515069674826139,0.006563136419287633,0.07870606148798583,0.016350641847321382,0.02914768379801731,0.06778935564924356,0.051037890545134836,0.10033919003168458,0.06840239018078141,0.07559616816214522,0.007341180986937812,0.006363538823045926,0.004325669546892486,0.03744657894605718
130,0.05576262119015395,0.0821227582066259,0.011292623219149825,0.03759518242044479,0.039423219697296834,0.002417050238201739,0.07772400407624697,0.10986335494633787,0.04174497320663897,0.05098190072394108,0.06329184345605156,0.014805764640785299,0.0019415660028911433,0.05628554331074176,0.03086931607605196,0.04915355654877238,0.09638533782671482,0.08789548946836527,0.04217330087867486,0.048270593865913015
131,0.01741876257812114,0.016543017879534997,0.5036705830613136,0.042652300220189156,0.02023520322560131,0.014787811920209547,0.019401565063418093,0.019900256066949076,0.019388486730022317,0.008326552512450966,0.023137538424301735,0.17524128292312505,0.00849077460851762,0.01619114822300891,0.006690566228583175,0.017374790271299883,0.011446792462700603,0.016316944097801808,0.01933927904354626,0.023446344459304647
132,0.1239549115006972,0.1823167141067171,0.009830105196013883,0.007912116148977502,0.024344933113634618,0.0030601081126157615,0.01254057413745852,0.15428350889611234,0.013362912279527099,0.10265574626634322,0.032575270960625374,0.010955185285066704,0.004225086632732707,0.01644971012236437,0.0032243555346304236,0.005647895740377367,0.056408625138682784,0.21400156688462987,0.01061836374260274,0.011632310200190432
133,0.021487388330860665,0.041341773703073896,0.012792729799384997,0.016188838103512966,0.13737651989474184,0.005664389490879254,0.08841745688202411,0.032421129223664885,0.006749418850114148,0.09025872411350827,0.08138794011340009,0.10069683035060151,0.0029281946272153923,0.05041590962463239,0.004728386365994058,0.026462677904725434,0.08552018513841342,0.008743735084032802,0.042316562154846284,0.14410121024437358
134,0.032638435747245016,0.0602058603959627,0.006893571455745266,0.012001404296090716,0.04677396466637982,0.03223725525975254,0.15419440069018395,0.02326942185481838,0.050065244928697905,0.029911760834825527,0.04162573019111273,0.07797017941158106,0.008944974335755312,0.06532843781176097,0.10523223126445064,0.05114207857379945,0.049821534793114304,0.04103655405977382,0.04614491182772027,0.06456204760122956
135,0.06466132613488797,0.11214394716027415,0.010231903423846793,0.01958307054454673,0.05766016293777256,0.0015964947598231377,0.04294992063955535,0.07799999244650052,0.05943617930038545,0.08326695226843422,0.09902331415412728,0.010981133179535855,0.0022372337114083952,0.09789416949962355,0.037225413871165236,0.04929453963868822,0.067707495987937,0.051444451869058716,0.008686614475177165,0.04597568399725168
136,0.1455215327550232,0.06389950615194534,0.024162283905707887,0.013661328769896924,0.024131936003808762,0.12404966972230941,0.1669568885504461,0.0222371466921283,0.02351024070278022,0.0115853020797174,0.017089408615283196,0.04009093176281884,0.08155476930523455,0.018691948199819827,0.005733622316367797,0.08753832248760647,0.02190125308219112,0.03262599673925564,0.016320965734151184,0.05873694642350785
137,0.10584851024600084,0.07204646492250272,0.02042109525951949,0.018832394688089203,0.044610646843000944,0.013945322180255801,0.02009558631064706,0.04244873041223581,0.03263456493424747,0.04323879413344453,0.04299318308642045,0.03332661555020361,0.048175607888069905,0.03328549409958988,0.05709059181708939,0.09127796518437849,0.17438779556279574,0.022509211457322265,0.041232731098649895,0.0415986943255365
138,0.04873922951054397,0.044684272688606724,0.05760716785035339,0.2692461087425018,0.03467594436707852,0.07340740311830173,0.020415272194025134,0.05234823603640907,0.0334610977555413,0.04870595945744812,0.02186286120955334,0.02611704175932542,0.010983829957265647,0.0989143304032295,0.005044116182124245,0.03337732138213415,0.03783431363434659,0.04059328759703884,0.013236913066235449,0.028745293087937013
139,0.05617576072813988,0.06265882746740005,0.007547303227152979,0.003607559975777197,0.022814471919479152,0.07790361687336517,0.022633176362842886,0.02333320449789819,0.07044225293909902,0.03427943346269722,0.07102017910358945,0.06268507259597843,0.05232757927549045,0.08214404596575621,0.11041897339279294,0.09626566938742005,0.05071869486686193,0.03543225319457005,0.009310949736596663,0.04828097502709209
140,0.06517991439571434,0.11069448731164312,0.008148674780492091,0.008903796493457976,0.01019020141450231,0.005919037416633642,0.16684362665826524,0.05038420303272111,0.01115440422380958,0.10987470758182322,0.059499486467654794,0.011345684679376161,0.005577231696082011,0.013206689996689528,0.0067723760992169325,0.09372756801355482,0.08136742162238784,0.16573340679210605,0.006475947483763307,0.00900113384010586
141,0.02730991190900212,0.020517455995887907,0.5684150877239317,0.03534424237602885,0.0174734624696609,0.017009966820576202,0.01640039282136219,0.020886714344740067,0.025537590511655144,0.010708483355647364,0.02468670014588453,0.052946137853599896,0.011091270736501678,0.026262278801717314,0.014753131198590945,0.009575066384140421,0.012247411962612205,0.024628730976906613,0.026769427606988222,0.03743653600456581
142,0.01799277912171339,0.12031807952156366,0.01987206699544193,0.022775899956756027,0.0222354065424895,0.011597293482101806,0.01794424885851432,0.04429958300926926,0.01779414559771143,0.0074662457656595104,0.019520392688320894,0.018191752315636044,0.04440497022792984,0.022919659051627003,0.011867433395573432,0.014031801678125047,0.416533982305829,0.10631950554440732,0.025279155664685516,0.01863559827664506
143,0.012282635118568322,0.0185214224590915,0.018916770710833978,0.014719989104270142,0.12792147020608557,0.010446820211681232,0.019865122218619618,0.072576218347237,0.019248403665000316,0.32589344204317805,0.019017058815839174,0.021390704908488923,0.025124454636891017,0.029484078860564433,0.02571020546170784,0.009573894843224219,0.01163375726048689,0.17943901362466794,0.01491230306525325,0.023322234438310625
144,0.006383078090139812,0.009482328030058995,0.01578688731131258,0.011627327740661421,0.21855324729289097,0.0051971248528626356,0.015164755925372718,0.13838550810859052,0.01260151242679843,0.33691300664048013,0.07283965073711986,0.015346743839063126,0.012426609317278329,0.031720572501282046,0.007045679805830597,0.006514338462762823,0.007077144548554852,0.05445647450542018,0.010180182996893154,0.012297826866626784
145,0.1985200181380704,0.3245981712948544,0.010324531248420284,0.010584745299671445,0.025050870547287246,0.007532927180415393,0.02099827442362974,0.012102014986437122,0.012141210814932558,0.005232119439119342,0.012711764060747982,0.016844693607486003,0.006750414481229045,0.017145376626056277,0.01631627673275998,0.0924278348768632,0.007687462961500503,0.16167838098927367,0.02240086478727017,0.01895204750397531
146,0.03186580359210441,0.0177618887607562,0.5630509675064882,0.028135859773493376,0.02457418194877183,0.01645892877919104,0.03274823374224758,0.026025925421425154,0.027501458295969772,0.010709918882266875,0.021037133979342083,0.04628256305040091,0.014607585246927702,0.029978046736423746,0.01314241668573137,0.00850820204684768,0.013666242330879009,0.036482330711586373,0.012859780863377288,0.024602531645769532
147,0.007540054684840706,0.007314992889378122,0.011962246933860806,0.009326522925650236,0.010388252513696605,0.00384369907720446,0.00900024365517983,0.21100633288171303,0.01605061853827901,0.2174022229061919,0.27198073281259605,0.01021301456303877,0.005358789288291046,0.008364357539976362,0.0030957309614019694,0.0054227551558493564,0.01232178686967472,0.16229433809036867,0.006704677408728474,0.010408630304079963
148,0.024362786789969632,0.0240199812274685,0.04288487425894896,0.01580975124654352,0.011001057440216592,0.6829370360775754,0.02387390754618071,0.014178331597499004,0.016353707887072477,0.005657831630236646,0.013087258654190631,0.01460742278168469,0.013174658739642632,0.01586686410219477,0.00935166904637731,0.023362634554398184,0.009983077795769527,0.012282904023427082,0.011698408177283083,0.015505836423320702
149,0.027509631245903027,0.013585924596735589,0.01890527591003759,0.705790345190984,0.013039943124291546,0.034378817716524145,0.020533885928215926,0.015329160113226574,0.02827481440020369,0.004617532454210112,0.013612999839010561,0.014405754299286908,0.008347755885019272,0.020572208232564563,0.005979885026391177,0.005724938185481528,0.007896576453398705,0.017103463402219323,0.009172516098642553,0.015218571897653225
150,0.10449604037989002,0.08238327831001507,0.05440479008640619,0.07623396950084314,0.0035901759453595794,0.07586624845430247,0.047139280248914395,0.007250602549822842,0.06440082723191053,0.025943403459725234,0.04528860683750988,0.07876325725678769,0.006459755306870982,0.07644557875098622,0.03046827460718658,0.11500042304563961,0.06959459665190103,0.029819080454906752,0.0020972216869794068,0.004354589234042374
151,0.2423413779639776,0.09907560812253254,0.011786579107060451,0.007085215999841622,0.008435682545261253,0.20536358504677676,0.007853095812465263,0.010358645746240238,0.01431282584121641,0.023941365537406594,0.026884041763146137,0.00851548221694154,0.013331257543511886,0.009295388004718802,0.0026095460096346806,0.2502390678983728,0.017129494999216684,0.02626780714972672,0.005178515878010434,0.00999541681394159
152,0.11703040473481151,0.06407694468210258,0.006228888065845494,0.005372348082958025,0.057557293300720125,0.0966917938278669,0.04912483420448884,0.005911286707514107,0.008213355958227727,0.003605588265403562,0.007316932135553844,0.10084729889789366,0.10398322530045985,0.10165954957343172,0.0022310214580451154,0.15415662557016327,0.0803332203032918,0.009843945229392699,0.004468991258562972,0.021346452443266186
153,0.04679838968751704,0.05021877542752388,0.022512296259443964,0.003633356803513938,0.029880722702591112,0.02189080083961203,0.07385105246158331,0.12117714861348372,0.009504937592270626,0.09270140512716914,0.14138141716705377,0.03392298499593303,0.002784975711838092,0.05690865443501552,0.009227699299783926,0.08651889403423459,0.0576211675880362,0.10146522763682649,0.012342041450967707,0.02565805216560189
154,0.0898209638083688,0.0798607118141369,0.008528215017887092,0.005956906677665563,0.07651868798807804,0.0495189407142472,0.11097699619608037,0.01638118713902879,0.027659503095543703,0.008999830619426377,0.011999172408049074,0.04225111764860975,0.09292021830397373,0.014648243981558555,0.02051142591041025,0.09578758181258067,0.06677129334467095,0.05287582913987005,0.03957666022567629,0.08843651415413785
155,0.06647563433757965,0.043641727270147083,0.028742292037808686,0.08070015034114254,0.026034681345417022,0.02250116825981437,0.06578170721655673,0.06755052486700892,0.034219044183366486,0.05429956707563032,0.07181030558426443,0.057515635335070404,0.039974418928115714,0.08807636349925073,0.021642741876726507,0.05891512427297282,0.07625821411368267,0.06189325802534137,0.026294364578911614,0.007673076851191962
156,0.02503134692609311,0.12489464716298297,0.008752812701508567,0.02632575559476702,0.025370397180754737,0.018109131412544086,0.043114753670186634,0.23558514116117704,0.013570016177749299,0.033484602683478304,0.06366832221135764,0.039624606009947556,0.004622786590673927,0.010497585222221445,0.007171325908211824,0.01077414232215425,0.05699208115148945,0.23106870125269233,0.007765740246475538,0.01357610441353427
157,0.053771025032857765,0.020482400354548083,0.04428339897935204,0.5154812342779754,0.031162194211431914,0.030036917222403186,0.01643108069958948,0.026548423016511363,0.04474088268384487,0.011183225468854564,0.024775280220194942,0.02056297598330345,0.009384512550645364,0.03667779001862881,0.007577003408069829,0.010641033487715964,0.01371430298785542,0.037631624294790895,0.022012057520759076,0.022902637580667618
158,0.09693232422535654,0.062695239117641,0.013132964331754588,0.2219731764851179,0.01316177349301493,0.0214343683049522,0.013748995597885222,0.013043820230754032,0.014116546609635029,0.007275938445478127,0.03329103360048751,0.05395338207645196,0.006579595855168448,0.19320422178736452,0.00454757359613939,0.0671506173986668,0.10262518391309865,0.03443257111746055,0.008225257337592964,0.01847541647597965
159,0.044211269332360914,0.07610423183232345,0.05708038769109514,0.06538949925342417,0.04290667847225596,0.04146513939495947,0.06969556129377745,0.03140534453525426,0.05712249771243866,0.027903355633171117,0.08468514240661595,0.07829495641866209,0.007782700264509574,0.07265700312850742,0.03379457499283233,0.049932080284669215,0.06914231962897704,0.029108906495108163,0.030297347089500437,0.03102100413955716
160,0.00804736158374236,0.019024351271750634,0.022205798008961334,0.020010519260729113,0.018793677128049104,0.014041605184284128,0.01627672258957642,0.028330098929257686,0.08879454044477836,0.015432770281675097,0.023179743240544518,0.02751125310388335,0.017306235760402657,0.05214212564978046,0.5533532364582325,0.010731558043948666,0.014200650621409494,0.009019129841903862,0.01582173776445274,0.025776884832637487
161,0.025111293736517826,0.20708793000192927,0.018584396452069767,0.04335395246892734,0.01660160020546797,0.005231721542283667,0.013021115053529396,0.035923410076806016,0.023056824395576367,0.005962193810729461,0.01701804104977209,0.017007491037663695,0.02134237576143587,0.025152787499079687,0.005650881974021949,0.1926194096980328,0.28357923828439724,0.007125243661661126,0.016686675592778786,0.019883417697319643
162,0.09372642347557246,0.07994833091660082,0.034956077649507096,0.08040214677565159,0.03103471704327168,0.03839753594952941,0.03755394800299375,0.041913220712064984,0.05699936762003963,0.0713519409358228,0.11774844586455942,0.050330786098862546,0.0132877049600934,0.0486103744988865,0.023300566051044788,0.05729638931058215,0.04837908750441258,0.03908315185204734,0.011993355543184777,0.023686429235272283
163,0.061017873661126425,0.04196180733360982,0.01329270334542354,0.00495793607709222,0.011770704086212296,0.052346054363177436,0.10377374240627103,0.021220807257125187,0.12209430279676083,0.026168514808992085,0.07219553503892939,0.09088643176157164,0.002349349380938858,0.06110067679328207,0.1160632949340159,0.083116030184619,0.04563968264642221,0.032050540855824726,0.015603224501021208,0.022390787767584127
164,0.11618738874333252,0.124975542096741,0.005468211308266531,0.010372129472824128,0.005101208958216519,0.0042739496521046,0.006375439598875606,0.10786017697006661,0.005898003065215883,0.09102800716977755,0.08844128204485947,0.004682336114823768,0.002476566578550068,0.004553572418571759,0.0013648372125187834,0.047007991084276037,0.18019088369302752,0.185001405030869,0.00358387248727279,0.005157196299809819
165,0.0033674478982015092,0.02694771937330283,0.00777267825221677,0.009593607167319858,0.019736033887406416,0.003816158287354829,0.01840684163389235,0.10150681074447308,0.00869117576892438,0.3361492842953637,0.3492034047584614,0.007165736304670052,0.014316180790909258,0.005776790891659305,0.004633752377230001,0.002283926360510535,0.003681172837154169,0.06295581867018353,0.007355647926853659,0.006639811773912288
166,0.05721766358334838,0.04938278878369667,0.07699491688497694,0.08850634830637973,0.010648150564888383,0.057313653734343495,0.07707818604509512,0.004038028978154192,0.05904778657156285,0.0034846018895154755,0.0320819751259979,0.08236078027993605,0.007811232786350756,0.09091879415817579,0.06147691469564189,0.0757142542040445,0.10659942574374669,0.006194431595888947,0.012638820294267437,0.04049124577398879
167,0.10845426617003741,0.13992325698016755,0.008023332942044272,0.004516133029155934,0.012836431784432107,0.005809977892561679,0.0189110116755032,0.06422015966667154,0.03105693010823952,0.12039203517430534,0.1447199527638441,0.007083638389985994,0.004282155647826063,0.00956621897431652,0.008753963844706288,0.05008497133569232,0.14065298433276538,0.09834521836547838,0.005840637527780193,0.016526723394486117
168,0.14046899267359725,0.1004538233097197,0.007489789468936081,0.018374542844878248,0.010722627668225028,0.003969928806424392,0.009047426183849131,0.18571373013317785,0.008321453495055585,0.21081518268481156,0.03056973187537806,0.008166227368946732,0.0027645882713816677,0.00606453558111526,0.002777706117715783,0.0038010154158804508,0.015837109359838796,0.20841909327100758,0.017359601165162164,0.00886289430489874
169,0.09540002973382934,0.05428616341688011,0.06699373416564625,0.10875502522568004,0.0151551892490415,0.09978502494260938,0.07965394438619401,0.021484678700846662,0.03773934911072174,0.00984009681354007,0.009708293713354861,0.07109922138142183,0.004070010487425051,0.08675050820891202,0.007463380609009057,0.10910879229706294,0.07643231905899726,0.029045541069965913,0.008051163351525776,0.009177534077336125
170,0.09585915298135707,0.06039818307087256,0.06852740995604541,0.04186060220414047,0.030950138844978336,0.06124295114825429,0.059432102956747355,0.03254050038023142,0.006033179712875494,0.005416757430799446,0.05529314837883859,0.08133914265261537,0.0630570912761542,0.0759937224827114,0.002259449244923154,0.07613022087692281,0.06664498356526544,0.04820922419630127,0.024337646768017484,0.04447439187194848
171,0.009137235298502262,0.026622021300899575,0.014119521926329384,0.013737556795260392,0.10613526697455573,0.017016153326528425,0.02345757870044807,0.018458051365307662,0.014799234168986914,0.014798556897660792,0.012010516967955048,0.015119817760691162,0.010670536813332512,0.02227196431407537,0.02170731778660957,0.00634243991245861,0.009404419790480394,0.007466987776097823,0.5016955138827427,0.13502930824107762
172,0.01783536533584362,0.012642082414885623,0.01577455389694909,0.012049142078569476,0.04381521200435661,0.006154260825309066,0.03518881830095084,0.05164525968443129,0.012312273442584174,0.511018891844543,0.16004602384207356,0.017233309204147288,0.03322659010812736,0.010668151048182339,0.010154121937253706,0.009147654760638895,0.006854305342072005,0.009329457903122703,0.00997213384005187,0.014932392185907606
173,0.10224776146818831,0.03458747399688724,0.0798328250284654,0.11834319437381809,0.0028273816135949027,0.03765269992510701,0.052084053108013915,0.00391116728348738,0.05578826535323756,0.025665526787870766,0.04757249557985008,0.10994194491187599,0.0011943128068957148,0.09488857963470297,0.03685800759989879,0.07969142190706836,0.08621647803488196,0.022627805191876366,0.0031805326742886816,0.004888072719990531
174,0.00852876184013429,0.013480778829017014,0.013722627611538071,0.04729543431625131,0.01491509724885244,0.009954784172990271,0.03291694714543401,0.03833777130217473,0.3976228260103601,0.007492211617351571,0.018421695797055156,0.027778448978793804,0.007590234962205035,0.040619134535578534,0.2591627886092232,0.006399987371978104,0.013333327036917664,0.00928001457196326,0.013616463053825974,0.019530664988355453
175,0.026794702896097745,0.05630044597099748,0.012367057630872,0.01893224337721776,0.015278483919391213,0.029140697661535275,0.14482551870584442,0.013926291060798063,0.07042043669401965,0.012475676311217964,0.038072562026450145,0.09595733708875948,0.004334225299587313,0.0937008886209088,0.17336725891278437,0.08996841977323557,0.03064490369737063,0.019985716336574363,0.019580719512424006,0.0339264145039137
176,0.014356747430107134,0.042930564025672725,0.021465500572976793,0.025005825322380038,0.02340842440615798,0.01487692564266136,0.01363191637496936,0.02155284923503702,0.017848259778107833,0.0485370841668466,0.02032373549774835,0.015301019141993567,0.5645406640162361,0.028137430921028033,0.014846914946527434,0.029374272123205383,0.018848481053183225,0.02266766088658223,0.02037224996855934,0.021973474490019396
177,0.10540358175661331,0.05415088513269737,0.03598707540062367,0.0831310271216054,0.02510121862594883,0.12735275840662746,0.04829298634895429,0.020861804381948918,0.004419448346428837,0.04627176186592465,0.03719621021103386,0.04021454880889817,0.012405346265392156,0.08870868278748652,0.014092309499231251,0.08293927162966364,0.09956160338728214,0.019502131916038855,0.007391630044299911,0.047015718063300745
178,0.1160352064238025,0.09445135351500243,0.021169757522854618,0.14658828276007355,0.00893808885718052,0.06363932030172549,0.12777388585059693,0.0176047839761615,0.008847032328354848,0.002642887892985222,0.05951970097534029,0.09785508848745487,0.0023147893310580116,0.01879644734536678,0.0019033887828883995,0.08844121626029011,0.06611651621122476,0.04121415201903949,0.005555552392615885,0.010592548765983832
179,0.009056503126740948,0.0365206214870935,0.018434495552308753,0.01690082583329158,0.39151205870471234,0.00776254866692679,0.019744584426638307,0.02269635250033859,0.02486611940340848,0.025673048164980724,0.019691483531641314,0.018535363478628455,0.016221442541852787,0.018963765162427055,0.009044006066455303,0.030138225474347625,0.01236090013480625,0.013179948975330905,0.20427602076702725,0.08442168600104301
180,0.12787404385884096,0.4456762010691779,0.01216304686889086,0.014729753758493327,0.017443504377258955,0.015828666370012227,0.01812597572561798,0.013753143814104848,0.012451853093076047,0.0063010764590950554,0.011482344899126397,0.017571990419151234,0.010295274535837992,0.017642436324902564,0.0334657339698056,0.023149662121914008,0.008711487117241479,0.11228196529048601,0.01753309642745321,0.06351874349951342
181,0.009391613889517885,0.016492613045917988,0.016503146800742004,0.025688455471139404,0.021595235386034223,0.009838485704269153,0.01447112355825155,0.46543233001521517,0.034195484470827126,0.014575452977605778,0.030708753515754944,0.012502427150226437,0.011430371523522664,0.022448904837985405,0.012258938881492905,0.008268724173713748,0.023473848194537083,0.21049903833128658,0.022889136858257858,0.01733591521370199
182,0.012996602196760063,0.020541788002105203,0.019672589458739967,0.033944960925174746,0.026102874353151905,0.013545085166742655,0.015057228107201859,0.022379298560112403,0.5977000872486592,0.008358201096846273,0.02286161216675157,0.025007059210240445,0.007628131311801726,0.034437126256325154,0.04351546934092627,0.010867820190139854,0.0170117817521446,0.013388526254395813,0.03572880577761785,0.019254952624162495
183,0.02753324049863397,0.041326483650156814,0.019699979301845274,0.02333848607436051,0.02238027023920643,0.010987014092910452,0.01851287809742626,0.21325794597919523,0.018060686321339846,0.13812806435820668,0.037318848673284936,0.018112040219603193,0.007690721101345878,0.012615318502198755,0.007329340468992178,0.009704521582132883,0.010482531951351902,0.32441876115895424,0.020407956069522244,0.018694911659332337
184,0.0225426446589914,0.05338468178044095,0.02023147581081187,0.05488740365309691,0.021063731028485178,0.043627949166817885,0.08684975832091751,0.043388892684028436,0.012068114640633933,0.20763576664993555,0.1590823723761794,0.06492759688873528,0.008481612454595501,0.07441886067460103,0.007493966787414853,0.026385025704645515,0.019967114976011932,0.02569528862480341,0.015015057156727823,0.03285268596212568
185,0.10584811772688428,0.2901344119125337,0.03278101505012803,0.03870868953509967,0.03033033154190849,0.014959064713239427,0.013478665898128378,0.03829399981506838,0.023592529227062703,0.021781307527831653,0.04129847680602452,0.14279133834626956,0.009449689052408184,0.03986898554911846,0.009975371295993544,0.05110876863511624,0.0211301598385305,0.03406313660439915,0.0181511783970548,0.022254762527200368
186,0.03228878594572828,0.03313945873042332,0.03813567650148265,0.025789402237603284,0.03451597217797297,0.018823935654808107,0.020007313840993173,0.03654085018686327,0.03221075353601404,0.035543420578289464,0.037097605113409156,0.02971193930954864,0.4106395075181573,0.03723812217214309,0.01871779294591116,0.021695422646434617,0.04759949069159891,0.02257134255807904,0.03776143937397696,0.02997176828056255
187,0.03257623740220161,0.0422844490628303,0.03180159175691497,0.035133415924394375,0.05110310587772738,0.02918709534621947,0.025688968246307092,0.03963652595401945,0.04035835293498167,0.021602329969087147,0.034994698727541226,0.04559528181272801,0.029962928510705155,0.04241762480635616,0.033084661392800606,0.041379564400351815,0.026990860568130704,0.020599669566772914,0.034237195189295196,0.34136544255063467
188,0.027637531384841384,0.02037644809216129,0.018498810544200623,0.0270855934654935,0.02211115708208289,0.010395719570884386,0.03741947046395496,0.016969913068684006,0.022092150313769265,0.009951168463775034,0.026692625274112165,0.018221024927496558,0.026592899954701748,0.019206572369104436,0.022413919336141203,0.15216133858235567,0.4646010158630614,0.009486812570843188,0.025932226378845485,0.022153602293490754
189,0.11922803258486458,0.09602652760370874,0.01217731040864417,0.012079867590925048,0.0143133904389314,0.11475286535947964,0.011323224525103306,0.019992951398647655,0.01390831544806372,0.0049846590604734455,0.013245232210720317,0.035827573077230855,0.06506782009296526,0.014437863664202258,0.007620664693438379,0.30030600199239416,0.10992604153852759,0.006491584374958664,0.01330114904322402,0.014988924893496805
190,0.037522146366000424,0.055008310942801564,0.03449485710554146,0.048553466953410264,0.00989150655788528,0.04299656722417819,0.05392671745130804,0.043586463494144,0.0822596249154405,0.053788469252054265,0.07408324332440983,0.08041723604262768,0.03886557245698955,0.07297686111565894,0.045828634690088355,0.04868472408321752,0.07806031826050724,0.07847895889014185,0.008925936756566468,0.01165038411702852
191,0.20569391357769098,0.2102400487109144,0.009255985157503767,0.008853840203427167,0.012728307936025538,0.022708031484976052,0.010302504401615951,0.0375373537087994,0.0075670106926623015,0.1235102455911344,0.1530958740593978,0.00899649458367289,0.00597347883295453,0.008303562521457511,0.008922287727436959,0.054123542621486866,0.0663636554675187,0.02873389526320734,0.007424001319018369,0.00966596613909908
192,0.01531085602539308,0.022670287568317,0.02480820608239741,0.018685596014602013,0.09404512521321774,0.009401567679734333,0.050090727052735144,0.054686416175107715,0.037058488216053405,0.04182921495045581,0.40885029518650556,0.02500252455506866,0.008552828396129758,0.036977194054652336,0.007500468338848841,0.008460401143522256,0.05060305391898301,0.024651878654721446,0.011943724446267312,0.048871146327287236
193,0.023821105479275864,0.02006836864983312,0.04142970109530444,0.5272719272299016,0.020142892584133248,0.04233759327894768,0.021209040786794087,0.024537029300068108,0.0445274514333809,0.00982058258679446,0.03476313487814619,0.02265952365344163,0.010262930241287405,0.03952450267414531,0.008918244342934947,0.014539054563000912,0.011472136442156639,0.039719518681371684,0.02052813218965797,0.022447129909423852
194,0.07570440995393886,0.05865240804951107,0.0054231072774328926,0.0462645716663485,0.08576032204439538,0.0031284781511036128,0.052787218612869245,0.022585605676602043,0.05263602987845863,0.05894929344603985,0.08460000969307345,0.022312310658838163,0.006839411054998177,0.10738892237994817,0.041911434574658256,0.06538654849849478,0.0873978654860596,0.04365764426292174,0.017285638409244245,0.06132877022506334
195,0.006229930866761356,0.04121086465723397,0.013993897484376495,0.009832726740719258,0.0899243440947709,0.0038808653798860144,0.014396627228745214,0.19954943536565042,0.01774514565160391,0.22108635186188397,0.16519582883627718,0.011985747346261469,0.004435940848782024,0.011055421586860556,0.009077313125295281,0.00492442266827348,0.01281188999507842,0.1428121668652477,0.00711469314207326,0.012736386254219063
196,0.04081847849258782,0.08763092173117948,0.13086350135687133,0.1062769059967535,0.06631339132868329,0.01248001680599141,0.041545684268355976,0.01346765860285271,0.031137087310759873,0.11369549726139344,0.05069836952094011,0.058620291446452845,0.0016291301177154204,0.07611302609574742,0.002178827130712369,0.06577139765498326,0.003958543664663815,0.0046837300075831785,0.025711571175508412,0.06640597003026433
197,0.016696453624348035,0.015973640843189363,0.010723853910383961,0.012391750501830459,0.04091525415279923,0.014852253406846533,0.012032952358956942,0.07697316331768812,0.1882175424935242,0.11373689526660245,0.042260144411343875,0.014746053101375554,0.0032691337234223745,0.0759320219388252,0.27302878454043394,0.007599752474128377,0.010682396643289571,0.032000069212660805,0.0115353040719742,0.026432580006376796
198,0.009589828750493105,0.03978280578660643,0.013572556672681578,0.010998697599250975,0.1374139740955185,0.003382217657231341,0.010534044761474523,0.01553660126879891,0.01172321885749168,0.32258335262605503,0.1850938903771835,0.014514618340857524,0.02254623056479672,0.018016645874554937,0.003680689481377519,0.0047971243644956175,0.00635402568282203,0.02585607286226761,0.04228029821383714,0.10174310616220533
199,0.04504144446453954,0.23018688976285465,0.0021399024741163178,0.006269866536027388,0.0037421309471070813,0.001960185853411992,0.008816314651542858,0.16707222152848086,0.007714879432568887,0.049378285786648275,0.10387795425096978,0.0023286951462162873,0.0009283774504507495,0.058800861887198984,0.0181214386593393,0.03637682660402308,0.12823798655316332,0.12346457562150588,0.0026477017818338235,0.002893460608000923
200,0.005918609906888685,0.034460029356329046,0.010452166936452371,0.01146350217150883,0.009451038118184879,0.01353263094322057,0.07708174886003027,0.01195975655807993,0.029594925050974122,0.005290463100740681,0.010103849315859802,0.012100397734806825,0.004261979859459147,0.00915690879636122,0.7213552315775388,0.0038626577570107616,0.004020498821873389,0.005412821711114447,0.010008575736754573,0.010512207686811749
201,0.05985686029415712,0.037254745576904884,0.005759210463028482,0.005453479194475238,0.020072718911308615,0.009121396700187148,0.11526420767571281,0.03231140619768238,0.1602305533815871,0.040267512618197755,0.04689410805007974,0.038145920032039406,0.002029645716398971,0.08423081069771966,0.17183653418636782,0.03771689260373612,0.050058507449664856,0.04558639354826167,0.016510358464683347,0.02139873823780687
202,0.004466627835124728,0.014546612304187101,0.02181015690688065,0.011573096761685662,0.1920717240311258,0.008263593677530982,0.27209395493485705,0.017890956295123994,0.010616840146463505,0.004681225333447216,0.010482953387459852,0.025254593838062025,0.007891909424823224,0.01867192922476072,0.03417955167996498,0.004811756896700234,0.004762283317076658,0.00989489442699358,0.18297953244458867,0.14305580713314334
203,0.008365282804847402,0.01881531798203818,0.016688578880525853,0.03896301654896257,0.022679393479220142,0.6646938583952767,0.017372194546293566,0.021299370112249288,0.017077606897234213,0.008238586129314432,0.018095542840513904,0.019128488258423643,0.009243594486510551,0.017864187211862063,0.030138685779834324,0.008634295428955477,0.011800815713684123,0.015256945352612093,0.0146969007051222,0.020947338446519206
204,0.009319643416648074,0.019090681942519148,0.016780935215894976,0.042964385094543,0.018925674448276166,0.660846270291592,0.015213769470795155,0.022152914541940186,0.017837963570643715,0.008223230351724252,0.020712191101650262,0.01803712063583704,0.007101008065252992,0.019378255499281554,0.032196194093944995,0.00775144457635643,0.011066361945035921,0.01676080316910829,0.016453205763894186,0.01918794680506161
205,0.3309120196411185,0.127316267288862,0.0029801424426718435,0.00843915516160349,0.003138161042493988,0.05205493669523561,0.001941860743987267,0.0054130718296741985,0.002230352811117317,0.0006933686646664484,0.002322223551420408,0.0024032871730309026,0.0009271918438018759,0.002659821516396713,0.0038321228901339426,0.11905451063279625,0.3267267485620576,0.0025343415015196707,0.0016862081821148135,0.0027342078252971334
206,0.0024004139420886928,0.006734834104481752,0.005154560471899405,0.007561067051379228,0.1401519033277399,0.0031473130314910065,0.00366924377365117,0.33261321569134106,0.007191437387255621,0.22757312513211347,0.14340654802668812,0.004242765379100995,0.001874410241077008,0.005978024613616052,0.002352744145703388,0.011386462107206619,0.0024224936623728384,0.08018906805239673,0.006498513721186718,0.0054518561372102
