site,A,C,D,E,F,G,H,I,K,L,M,N,P,Q,R,S,T,V,W,Y
111,0.026482419449391406,0.16423933542145483,0.07345788041116341,0.41114330819424943,0.02028623041130101,0.007669399889270048,0.016280071142506625,0.016319660881155693,0.02844822842391696,0.006154199823802639,0.019397003673150455,0.021843418745994617,0.01088299261681207,0.015621013674029769,0.0068679478578815185,0.10739912350385278,0.011120168612571453,0.007187940293552456,0.015317932457987658,0.013881724515955245
112,0.038814257016352625,0.06020948496232043,0.1086510215802989,0.2537411606315497,0.011946154734193208,0.042862739652585,0.012943623760684657,0.035350661821127824,0.05775043113482931,0.03435996360294845,0.07532005604006228,0.041367621049788125,0.014772308157643296,0.04183747361770795,0.01170875180179199,0.060012715135989936,0.044876445958136627,0.03353088647115999,0.008379830593131722,0.011564412277698045
113,0.007142116631895179,0.01913732161967738,0.018616690000247127,0.024657183530674528,0.028237329441245337,0.007200977296980943,0.04728154620820027,0.02823033485613552,0.02452176713012347,0.03269240231022942,0.028575778005122534,0.01954530648125762,0.6125291835138954,0.026342180420784983,0.007190046119856047,0.009649496927730367,0.010482434533581898,0.01014988121612153,0.01659530911353781,0.021222714642702725
114,0.06839391894480695,0.0793145962391533,0.013738156507152417,0.0315784593342269,0.025666570009833557,0.003222292167318422,0.025595311377261336,0.11519385414672155,0.04682946487717933,0.11471862512884948,0.14193499450334676,0.01634640343270498,0.005374382552944805,0.0428615844533449,0.01696625176703855,0.03885296750915615,0.06409855264222249,0.09612593970508175,0.01807953010672026,0.035108144594936025
115,0.05892093484822263,0.08802923798253788,0.01354085059205832,0.013106467413160787,0.04869963711131138,0.03855878477757231,0.09531917467637382,0.04177961277894418,0.01685333077112995,0.1267481758120384,0.06903844170114297,0.08087552475159793,0.026720311481478007,0.07647166989524082,0.02582444040298533,0.03490359839088057,0.019709902019648194,0.05496734407154879,0.03589014557102908,0.03404241495109866
116,0.023704697495764714,0.029850778005639553,0.014917348021756177,0.011245673764656038,0.042074501616947924,0.0023286706210974076,0.03611640393602996,0.05207325642457891,0.012114139058462415,0.02536819930412096,0.09912491474770334,0.024893740566221588,0.008111310430658639,0.052237316825101195,0.00628872459929045,0.008394700821669439,0.331543310754371,0.1532501477478695,0.047822590963796756,0.018539574294264078
117,0.010606567182938089,0.03473061200219744,0.02086421323622627,0.14388652569007496,0.03719153644630836,0.005621515257682309,0.019304035986018434,0.04644938250183556,0.08777201509180445,0.0384376206838765,0.025045748038746676,0.08377821974968284,0.021973506362131603,0.2698225631458875,0.045264135946440284,0.033997501154647815,0.020906582698914097,0.00965047623212318,0.015954955106263376,0.028742287486200183
118,0.01195875660332751,0.02433337777599286,0.026901218712122473,0.0293622097722988,0.03496653670625297,0.05809031302253439,0.023313587208827716,0.062109792052485985,0.033587250608112525,0.011565066599523431,0.025000064689819107,0.0287815825441147,0.015533569635137788,0.06574127618445,0.016355736185435097,0.35466340720987466,0.11407807935634179,0.010582515661591234,0.0208310596493556,0.03224459982240142
119,0.023015400028694538,0.03596456471743169,0.02188670129191085,0.030305445630279024,0.04435758645183241,0.01509895571168943,0.053136036801502404,0.044990758247252745,0.029528452160365162,0.00980833245850784,0.03670514066922343,0.05199234046777684,0.021707419131364022,0.030509071495431965,0.01067566762601226,0.02106855165405179,0.05019300243916563,0.012371538571586767,0.025076118170470268,0.4316089162754509
120,0.020205931787942447,0.038172497671375094,0.03035948148152017,0.03066069448957968,0.04199446119035796,0.41940085984453446,0.04408365732681018,0.04032605711091376,0.028486004341110396,0.010178938911193704,0.03753356541563582,0.030107378672709975,0.015594484061760248,0.033281343873668476,0.016186829845152215,0.011762203859506298,0.01809539180695864,0.04639111424244599,0.05146907126572124,0.0357100328011033
121,0.016256701630846745,0.05371798864992375,0.030458383519329113,0.022857856581250755,0.04908786833766728,0.007215184731043449,0.046789489751638665,0.03316268558447891,0.04384527450449781,0.025184113261900083,0.046972774826468146,0.03651155771329421,0.014908982405047058,0.036538694907747526,0.025347178022976806,0.01837978724050382,0.022873196784977616,0.011261679868376891,0.4038471563801168,0.05478344529791454
122,0.02042561967266548,0.03964410860257676,0.018222322027361248,0.029585886200878677,0.04295641464349445,0.007872720376485133,0.02324534193975688,0.04144110725364922,0.05316110341947978,0.015919522353287672,0.0401858711603358,0.418579163122543,0.02038935777624166,0.04482222634726904,0.010714922101725642,0.02704503088564946,0.04886417002097298,0.016015521796335974,0.026143612476893167,0.05476597782239794
123,0.04932886784235431,0.08804264994162805,0.03809691950022652,0.029448329509341026,0.026594082980649535,0.013205243353018498,0.029117620097387546,0.40425882569007465,0.024621801869961865,0.05755114679072353,0.016179750037366117,0.0292114941433443,0.018365215231632353,0.03316315774202164,0.014546331888436828,0.010590252451325926,0.006374141631936589,0.05869605872113373,0.025520458277325922,0.027087652300111172
124,0.07995421533856387,0.18957300592599108,0.015113448539903901,0.00800552465699292,0.020733927551569425,0.0033909917056285095,0.011418977693149488,0.12107914730460122,0.012643763033901021,0.012516885809116264,0.03556818884849706,0.010196944538513063,0.005908979902296629,0.012808960608782402,0.0036359661982738717,0.013781145751112845,0.20253272801050856,0.22026021999908718,0.00984797701275965,0.011029001570751106
125,0.012074205947332705,0.01947791019683483,0.018214936060128015,0.017400788022521478,0.024319377925224494,0.013906083045829425,0.08077620721905039,0.02903484934212572,0.18370004763665235,0.01549938825643017,0.02107396701767713,0.02488082756923722,0.01423913545706289,0.031224694634064767,0.3891769534077901,0.048315877210432165,0.014026817969038504,0.007033035940688469,0.010250184618454354,0.025374712523424794
126,0.010148297503044558,0.07084814771280369,0.015715715854881535,0.014392619221893785,0.01767738843236348,0.005258700120998638,0.010640009084191986,0.04662762067033444,0.027887546441289292,0.25568198078534443,0.3518723845294439,0.015993307042682477,0.003359624199684335,0.018241913370817972,0.006454603319303979,0.006627792369524563,0.01948285579040024,0.018510399726302848,0.02143199658430446,0.06314709724038939
127,0.02294355834263683,0.017011505990410795,0.01646179321695895,0.015310593177131944,0.023970504801548515,0.02707791539117152,0.03077061135595771,0.05118092717436488,0.20921493905986338,0.017947737575545922,0.032996229359536056,0.07926883479315926,0.00759308714640747,0.09182780984403736,0.1850155457765929,0.04579049859762737,0.07161645276890369,0.02336302985498684,0.013601405175072828,0.01703702059808576
128,0.16281869801975565,0.03679608614535544,0.037793318682198956,0.03495625891702975,0.01744099805414868,0.09827788481252095,0.010972692206102827,0.039854597250072045,0.04705681163907566,0.005871618847988755,0.032679322352102205,0.04291386488528902,0.04160737346280505,0.027513332781008957,0.030718453596061353,0.16217150087479248,0.12090132228058034,0.025961007343638758,0.01036662188575805,0.013328235963714975
129,0.06648044400361668,0.03667201400927686,0.0661096229323963,0.06846725233865579,0.04361024120149019,0.08578175132785454,0.06879180517484831,0.01001257729217234,0.05148841312102622,0.04268396070851013,0.03973042287422665,0.055936175085993405,0.06416485841606652,0.08622924416858407,0.06637624312221595,0.06803425764434201,0.02026285363602457,0.00715583625117654,0.009182621928477859,0.04282940476304517
130,0.04838773762885086,0.0889946070530964,0.009782417406694215,0.02247423962668902,0.02514499298848112,0.004988511879924235,0.13082971530059043,0.12953586718074261,0.033515759273918616,0.03607867075213031,0.04105357203948955,0.03039648754286797,0.0022271156344727166,0.05477700160943719,0.026252355784131647,0.05577921805179484,0.08366577636240158,0.0695731534636213,0.062235501170108294,0.04430729925055713
131,0.010897239180660474,0.02296991609414479,0.3932248706425582,0.07514862187193384,0.036348855069194205,0.016789684907657754,0.02381234341731795,0.03573469382773528,0.03418083545886085,0.011721017324873,0.04776934086032479,0.12478410441798599,0.011276256451028489,0.027694085237575522,0.008878729855426109,0.010849698176669621,0.016751794455872812,0.014100798001997338,0.03533718567917247,0.041729929069010546
132,0.129922749680491,0.19150091689144735,0.00707589981377464,0.010076437706030426,0.044806100195166156,0.002141481740427391,0.018076249472005933,0.10292125956976311,0.020585218879447465,0.07305484899741488,0.031435649737283855,0.015722499434306213,0.0052991146971688545,0.026402749353328942,0.004094052089644052,0.02811013448308787,0.08977569593895643,0.17036272828497034,0.012667678220789956,0.015968534814495176
133,0.01821662007702693,0.07798786195114088,0.008794896330744727,0.008967860005890733,0.14935074721056146,0.010949255084332619,0.12000039918581232,0.017670959893942385,0.012671427636750273,0.05995443485811203,0.07051034731264166,0.14501663787671473,0.0048333617609264915,0.04737445913108637,0.004707766594446618,0.022915580663638205,0.0745305575728254,0.0066021165708966875,0.029789172121619314,0.10915553816089013
134,0.020601778737508847,0.03374117362751982,0.026325831457793616,0.03360517204798247,0.04368732782236375,0.018023954055276056,0.23066472505675298,0.023099643080959964,0.03822602210216383,0.02306387829809677,0.03205728865365338,0.06130954051970086,0.007495793158807638,0.061644251117685914,0.11331512098649983,0.022401100261603708,0.02339858803087116,0.026435106687038426,0.05901800820168504,0.10188569609603597
135,0.07291484937294995,0.10698017738049402,0.012353040106650861,0.010459812545888866,0.059562166879808975,0.01411378101106765,0.05857720141304982,0.07693712279144511,0.0440292358881491,0.05064428954332902,0.07866326176562538,0.046866731465366296,0.0025396959388586963,0.08841377655585331,0.039779340804297895,0.06743337473880512,0.06214102089162224,0.045988233596814615,0.008592258575368753,0.05301062873455431
136,0.12027990205128569,0.047961387611489575,0.032598300341825,0.034071485159216375,0.034220968481292184,0.07778513634060155,0.14343454828798705,0.030249733814666852,0.04017091982291255,0.01087241016243165,0.027272893012280308,0.04417507447246127,0.11061062430229265,0.03208398952050198,0.005874472171214351,0.06722848673574644,0.013447001351497415,0.03826184443853762,0.028031015599086422,0.06136980632267307
137,0.06789807571936925,0.07836896277523592,0.06827209028534742,0.02014363380411338,0.06787675651190528,0.017391515757909263,0.025811224378661863,0.06284598022734224,0.04749692138534657,0.031204966687311615,0.06284598022734224,0.04370146292128141,0.016597852858966318,0.03585467060424587,0.029451614277884404,0.08184152696804498,0.1099696959528952,0.010439620220567325,0.06339269313315322,0.05859475530307623
138,0.07020197296426672,0.02857036352010015,0.10069761328953455,0.20299373384580477,0.039999440727716724,0.05424560755517358,0.02723057078086496,0.05261404696942614,0.012320899279409735,0.03273992981111752,0.05738991494757833,0.04271716474599127,0.01457171147888923,0.09194948539435777,0.005954891011920438,0.04763284396943718,0.024666231694806365,0.0274301167269048,0.019678266984161183,0.04639519430253855
139,0.06612365960820792,0.04475921412228908,0.007822436967008259,0.003516818698421413,0.022053981828158865,0.07440516460928893,0.03493405512491132,0.018195172944113883,0.04007585206248805,0.03118319789488972,0.06280754602118867,0.0802556314029021,0.05505242560372703,0.08504072927711537,0.10206939089735592,0.11080856617758839,0.06459130520942241,0.04309076987073044,0.010965955583393546,0.04224812609679878
140,0.07243593091603585,0.08480384455006171,0.009460220592137006,0.010610851266473828,0.011675171187428678,0.002441581430108929,0.23087576098000642,0.04107227318168504,0.013605832505292183,0.11985480317986973,0.0727389145577205,0.025344623056028418,0.0063003916529115,0.01509367474878165,0.00982702669350782,0.07716074904306532,0.06338830126807013,0.12263827657160803,0.0024472149099323487,0.00822455770927485
141,0.014963581910055547,0.026744017480094993,0.33689034973818344,0.03379732496686233,0.024021073438907168,0.012376949552576946,0.02238016791517057,0.030491512574878126,0.04430038532952812,0.010986270638811042,0.03884862955886838,0.03507782255393843,0.01187725136610702,0.04625176693750999,0.017241734302200995,0.010290765796162308,0.012939078516046337,0.009274621640011126,0.05186078693569021,0.20938590884839697
142,0.015496662180734736,0.16827536751304925,0.023802368594819805,0.02947096938894289,0.02866396207192779,0.011065752093486664,0.02039191237556921,0.04066072823942465,0.01974019162634323,0.006433027052757409,0.024212735897523006,0.028165224639323052,0.01690461615202936,0.027922608841922984,0.010833128298678803,0.0077943470750918105,0.2312623758814817,0.22635784400572762,0.03958384775891019,0.022962330312255877
143,0.015458987706843138,0.02350691649487876,0.02642910090180184,0.019281927792006538,0.112561153546961,0.008656251295226377,0.029227617381302626,0.14133706555549239,0.025188445421048918,0.21422452604923684,0.03601053890079001,0.032089662980447804,0.011054251862793983,0.015678136624395066,0.010424517675059333,0.010276587121208674,0.013537420570218388,0.1906222846778265,0.019408431282334722,0.045026176160127135
144,0.008875071818336792,0.014780700317497127,0.025201093004704314,0.018055618742041445,0.22314042631311543,0.006749866339732873,0.01821525813868106,0.08158910315253222,0.020304631722324613,0.2785260944878816,0.07749376644573508,0.02316410391477764,0.013517941581594198,0.02275743341484312,0.006120172331804112,0.007009940558037333,0.010879285392745592,0.11131401606794454,0.01461958917113099,0.017685887084539876
145,0.16155645597069734,0.28941766287368587,0.016795658150913242,0.01622286508006283,0.042668221996314516,0.00439253946525289,0.022128492261590398,0.020746203475967638,0.019550516259669318,0.007499495938198621,0.021052683198583784,0.031487962490489095,0.010019808852216332,0.03289816734663654,0.025385867405442325,0.05433713281531869,0.011321860510863443,0.16667308376699821,0.013111694762097094,0.032733627379001796
146,0.013191285739044005,0.02301064903120404,0.3327949936444463,0.018448546610439417,0.04041263192860533,0.013112933801966544,0.11945039208292957,0.046629059924321495,0.04783322831604361,0.010828625118013295,0.02970422435401976,0.10158640700594465,0.016311409268230628,0.05569634393017897,0.009441862206695982,0.008492888102322963,0.014851834170621374,0.033569661477943075,0.014140745386449034,0.050492277900579946
147,0.01071599785629314,0.017403205286579,0.02831003128037478,0.02243098005418642,0.025051400323223026,0.007901663796901557,0.020277829447369302,0.27478597819454215,0.02183757186004213,0.14369092542618897,0.15351793081321752,0.023541242160148957,0.011406688545719523,0.018333141117635003,0.006084226918907824,0.012156920326596654,0.008261209408142935,0.15415329622929563,0.015081904482786753,0.025057856471848664
148,0.02217991340693953,0.09685331321206408,0.09153934859851365,0.022834569333389895,0.014448068696193195,0.5009553037056085,0.02977703673328931,0.01977241975507206,0.024824351995121056,0.006291521657867626,0.0180327559237775,0.021335435743185947,0.014230584679325555,0.024764052647824275,0.008217642601557577,0.016070459626694344,0.01273184696010695,0.016985224503538083,0.01691641571697156,0.021239734502959302
149,0.025851571827884518,0.022336518596500137,0.05658481382159867,0.5892861773900457,0.020944008122983526,0.029565476443109417,0.04415401996132339,0.02712160267679783,0.011912365306835124,0.0061332850677908845,0.023132667659794295,0.02456563591727218,0.011729210203871769,0.02733294946519292,0.00816449113865195,0.007671021000363782,0.011359300962366032,0.01446014032960407,0.013856940375093569,0.0238378037329202
150,0.08752228657743714,0.11301658992380965,0.04003898531917337,0.14096433495246602,0.0036285168603279647,0.0652074100081247,0.04612157731091293,0.004332445444062167,0.09573022159170788,0.013364668234227528,0.048091643507664955,0.050681988476062506,0.0025252135840374006,0.09948082678354325,0.040286460669803195,0.07859920835075987,0.04357261106858564,0.020048034113649846,0.002053760017355333,0.004733217206288714
151,0.33905801057911333,0.06793611304782071,0.015058542172073542,0.008546601889842855,0.011431046100065286,0.14903433784306158,0.010611577796166137,0.013627426949805229,0.013267398337912096,0.0162169744983117,0.030894073875282355,0.011759827029243535,0.013315337317461972,0.011564590921598249,0.0030453396989843307,0.19873764037095457,0.029941235003736504,0.03659274704795454,0.006278596200883804,0.013082583319727776
152,0.126930952115136,0.06316570334405011,0.008616196481974514,0.006962545552327851,0.03346201962683704,0.1174568620155288,0.04582129131023484,0.008363494334416317,0.011290330318274568,0.0033550660938503857,0.011044044819921581,0.16539954936937443,0.06497356591834898,0.08516028602815277,0.0028065453947768533,0.1308665128478209,0.06872065858644043,0.009241213873677722,0.0062094839427390474,0.030153678026116872
153,0.030266981048781647,0.035638749876994474,0.01271599368318031,0.005818849345874648,0.03180934713139916,0.049781243309381995,0.06750023044254838,0.160106655737603,0.009396708593193628,0.08983101386109714,0.134462181557821,0.020567732449413945,0.0054674578237771726,0.03663680652013281,0.0061660589069657485,0.11330465089284027,0.04686121241698151,0.11187516549026083,0.008900206298155222,0.02289275461359714
154,0.0917019840086824,0.09084578672403583,0.014966917697050679,0.013850269813479813,0.05291699192972864,0.05556915485272226,0.10464090337960902,0.012325458382663754,0.01843408550545582,0.017142917589429565,0.018749237259176696,0.055163861355125375,0.10135926800789744,0.010241272489092403,0.011864667839354252,0.11252726910798927,0.059669852928584316,0.05352271746398948,0.03515547489503196,0.06935190877090104
155,0.046051908970385226,0.03897571077112249,0.0820349931755116,0.10375885880623183,0.022230859587625953,0.02044450394216606,0.0500306633235899,0.11699835782575445,0.02575058850039288,0.0482324647393884,0.043478905548754804,0.052083894591138186,0.02524801691782092,0.07430978981651812,0.008752172584450492,0.056566196838277155,0.07778344317749535,0.08518953310473738,0.01578349865302568,0.006295639125613108
156,0.031503662770111455,0.07663710167390902,0.015152827751022922,0.019263333736470448,0.02438462336510148,0.009553576047413255,0.025806962396283363,0.3280345839919419,0.02700458027112106,0.030589271048882143,0.037104618174588704,0.037940334885206095,0.007454563563163376,0.018168382649240464,0.007208201875035554,0.008988203103266328,0.028474898178677956,0.23127447890656327,0.014220122099820733,0.021235673512180475
157,0.06226202168959648,0.029632123607152196,0.11612736252260149,0.31501488695980995,0.06857437069404886,0.0357536588328035,0.019782846494127766,0.04956720740396487,0.024293474104750603,0.01203080774950522,0.042409001469892765,0.028874309991257303,0.010537878758606224,0.049580598765714225,0.00809048632171102,0.011890981309438988,0.015258006627878221,0.034473835005230734,0.033233901226814105,0.03261224046509548
158,0.04603844829906662,0.043480283926464885,0.0844750562994854,0.26267978482232435,0.03259182330451669,0.0067888175670011396,0.021696577036810313,0.028802525602959404,0.07748276356528162,0.00963122581276745,0.048409088542189414,0.04618638511739445,0.012246345919365551,0.13037774924462925,0.0087161673520768,0.02751249409911502,0.04695639544915739,0.017560098210510376,0.016522791116727605,0.031845178712156294
159,0.07131280834537154,0.0904868243713706,0.030352111526736343,0.06196006911330651,0.045265584823053415,0.03772388915643872,0.03264379266655337,0.023397887029284796,0.040708615343037075,0.02387462662270495,0.04801052961796501,0.05687624735071222,0.013823372421295783,0.1401219328931472,0.013910504375724077,0.08979137938421214,0.08235249000292943,0.049593700881822356,0.027702032217409363,0.02009160185692517
160,0.009090743724598206,0.028177113126164666,0.033387723937276736,0.029252923298018763,0.029877081119898993,0.010318548412695536,0.022371500014751012,0.052700013377932495,0.07772702059426397,0.0302891274385308,0.03705910592904139,0.053994109834802816,0.04422111775521687,0.06484375762881472,0.3646358972960504,0.01206679081458522,0.01825616413713664,0.010279672692023324,0.01939178061922951,0.05205980824896793
161,0.037054017466304844,0.1945979154379028,0.028067479244223117,0.17416465314510557,0.026702943369759317,0.0059852403667117506,0.014494507926123132,0.010453452967950536,0.050754764140322,0.0067829021269690225,0.025994811084220307,0.02059896007664796,0.008190013271231398,0.02115547115427687,0.009966848988448025,0.1016023941598644,0.2011907154779725,0.00881945276425745,0.023937520344987633,0.029485936486721417
162,0.10511387763425256,0.04762469630524435,0.02944009016047376,0.10763719989932628,0.03506123994951076,0.02276920564672993,0.06398388819397308,0.0855093707236968,0.04002172601564118,0.09605999182135254,0.0907325275002841,0.057316637576069765,0.008581243196475706,0.039437607872896865,0.013536917673425748,0.02238921956283589,0.02838440982194456,0.06536527283888754,0.024560309062981078,0.016474568543997564
163,0.05741674853978809,0.05371202458914569,0.00996938507558049,0.004840660973101515,0.01998197398100658,0.04133687909635212,0.10549709522008703,0.024835396386074522,0.12384261616866842,0.02109466537284088,0.05739191944074416,0.07603734718292432,0.003784701122919113,0.06915351992740154,0.1279419948364901,0.07700410090918416,0.04364529088028594,0.023574734746892922,0.010221465890154782,0.04871747966035753
164,0.16069846108079153,0.12693041110271552,0.0071424330920465545,0.006809576103490263,0.0061985134651808774,0.005678946434549874,0.007589409062716094,0.09750120666224944,0.007516270872957849,0.0747329148934722,0.07088986750820958,0.04079268095086507,0.0020992110964377754,0.011463569397198494,0.0015480506694559345,0.06942829343722245,0.14587468089111846,0.14697561595023537,0.0037996478289610736,0.006330239500125716
165,0.0038149717694961607,0.04660183669146558,0.009357639978229509,0.012311481939084691,0.035555173121272425,0.004219623202615111,0.011921444502535926,0.12475070527662714,0.010597885530710775,0.257548437926321,0.3643591933893568,0.008891468979494919,0.024849308438868054,0.00679194292842485,0.00525518047153604,0.0027515291045532983,0.00420676294067607,0.04887414309342095,0.00866596181902126,0.00867530889628945
166,0.09263271789968189,0.05259825064858107,0.06900455864585125,0.08772997208299128,0.005296613302905113,0.07861330590580512,0.061444023121792785,0.006251082220114615,0.026054090860313375,0.005248911498912539,0.028621588830362674,0.08279731028869468,0.015979850594918955,0.0893048868957365,0.025329833956854383,0.09739195371855815,0.09327606453968482,0.009071703725011683,0.0157697465047702,0.057583534758458975
167,0.10910407207896172,0.13148946134915773,0.007096276305056542,0.0056247706314324864,0.03447462463620876,0.004630120546429832,0.010599537768801112,0.08898981603240444,0.024939892912023715,0.09594344923783535,0.11934748339257945,0.02166042642913906,0.003563773301928179,0.0064223477823874536,0.006525593275832939,0.05891888711715237,0.1583881565800914,0.09126538445002493,0.004262908463608707,0.016753017708943926
168,0.12375207583541156,0.13600295682503535,0.010998069488765447,0.010135151333367799,0.013803725645284488,0.005570320247727626,0.011896761361577017,0.16987286788945238,0.011511216350615487,0.18330212178041552,0.05722938853569573,0.010548201960417058,0.0032242476368239906,0.008188936315972901,0.0035340861628534496,0.004131409352319955,0.011264251611233638,0.2030753839037822,0.010552258831041961,0.011406568932206386
169,0.08214868283981572,0.05729742306355171,0.09748752351798115,0.11105205925910488,0.014209481582569659,0.09301101723525064,0.08167061119010863,0.01254534516108912,0.01929962325063101,0.005194726864761248,0.008771128348222957,0.08667115521752355,0.003158914493023101,0.0591580183021506,0.0029821422602998374,0.11241816776833316,0.08073851619959233,0.04452209894417564,0.019652662559726877,0.008010701942088081
170,0.1118528684538942,0.06283354874009384,0.11774241515436594,0.06459782773873006,0.02725502188705635,0.06620113676125719,0.04628162910159415,0.02183942277217106,0.011272506242574592,0.004401108386858126,0.050755170353980715,0.037097952495529975,0.0486212252047193,0.04262889146623036,0.0027317727389526364,0.0822885498351147,0.07572113598967024,0.027633639805171764,0.013181373312949413,0.08506280355908542
171,0.008300198709008576,0.06842502567304526,0.016029447033135955,0.014737592940182453,0.16943979468978662,0.004137521556140188,0.03206971601654554,0.02392990242200811,0.015811982613275998,0.01399640451340967,0.012990956476578878,0.015711063573630314,0.008848343165083795,0.01318453617466065,0.006188420263237227,0.005931931155734576,0.008066598722901505,0.007514195703715558,0.2767470830740589,0.27793928552386027
172,0.006255843457505107,0.018623419311158258,0.026507226571080556,0.01755666537387352,0.05579447468572734,0.007344638319826023,0.033785930099564127,0.09349076827008883,0.019798224270773764,0.38650630726301416,0.18793042388306283,0.029767379403632468,0.030916336446253707,0.015892124611251397,0.008844514266327529,0.008776148051713933,0.008696782656021081,0.007788346955165353,0.014445105334791625,0.021279340769168376
173,0.0817383985961913,0.031237749558487078,0.08647440998924755,0.15588202884586896,0.0058691088939925315,0.05053797107741515,0.05511506263521678,0.006025226482994187,0.054074825239634,0.014553990862320738,0.06401917685400631,0.08895808640532431,0.0025099730865658803,0.08634813110035647,0.021174362554293058,0.06838804502105518,0.09148254359809609,0.023853380359111623,0.004900256436291311,0.006857272403531536
174,0.01227594523269932,0.020071191738313215,0.022586537691519623,0.036585485748173094,0.023797161273163413,0.00851185171582871,0.021171708960756225,0.04599229583080741,0.316006224434783,0.009680616829307659,0.032362869786861745,0.05130214589479513,0.009516318856892286,0.031303580075176286,0.283457852278774,0.008734705519821062,0.009008581461214893,0.012705300132229798,0.021334306350534196,0.02359532018834899
175,0.022632282385179284,0.04680079943646082,0.011811379587779591,0.012013329600159129,0.02776809669234437,0.029410063681249085,0.168537722591181,0.028718188066521037,0.09365238024296747,0.009783546635551425,0.026752274828034897,0.0919748856126811,0.0060541206292959535,0.07600382866349696,0.1559022536769654,0.0839886613807812,0.028964156720545767,0.012625985243989475,0.014880061553287468,0.051725982771528414
176,0.014616817446130574,0.04191605869372894,0.037020497676783226,0.04851119824807579,0.035458372542785034,0.018816472490618196,0.01752658814938683,0.034601732654207885,0.02901420482459626,0.04953492010411789,0.03618839828422842,0.020981420084453393,0.3696847891480337,0.10000683116164871,0.011086263610244743,0.008505068457882589,0.04030773566269985,0.01804882157190008,0.029604109206734328,0.03856969998174356
177,0.09277004000584793,0.04575880547041726,0.03764577966150037,0.06302844857584858,0.030890377329385772,0.11964531197974401,0.054514801267130784,0.016142160051227063,0.006630350441508359,0.04748491728646507,0.07374797092329356,0.02652049332033365,0.010540600627085893,0.06625840877462767,0.017729389291381823,0.07594726547430461,0.10730718650029293,0.045113773995236986,0.02214646155591203,0.04017745746845558
178,0.1153432936990588,0.053243974676362354,0.0383208787455914,0.12457915462540109,0.016186978161418588,0.08390552063676655,0.1557779272878449,0.02592932891012674,0.014866855714518519,0.004212275872117292,0.039141113623365316,0.07569789418227761,0.00384119299388651,0.02417412671394313,0.0029831497496042724,0.0795976858093953,0.08289853680941815,0.0319281467169062,0.009088917405369105,0.0182830476666282
179,0.012214135381546986,0.0379935507817096,0.02880267365975755,0.029825676606719857,0.28357839309390526,0.009772581410394382,0.03465266554121019,0.0215980423973934,0.05054340826507841,0.030064057000791646,0.03429689085165725,0.029220302446256327,0.015994180043991196,0.03139694771802538,0.01135521832664984,0.013440523851446208,0.017505817682474764,0.008710289835224802,0.22642084692428618,0.07261379818148075
180,0.0984575807854532,0.3429682196034512,0.017740485515859983,0.023474788823383615,0.03842965013190744,0.0151532609235419,0.0304012113965077,0.020881806093124733,0.01857424769032572,0.007834825367716267,0.017035717631385058,0.0287813437869894,0.014840804726725935,0.028084726002136986,0.011699857507997243,0.014586194260976697,0.011720909894953854,0.13704274964360683,0.013289568427057162,0.10900205178689895
181,0.011172521457440767,0.024003260395348044,0.023649249836917297,0.051930436416316145,0.034247466587956125,0.010594567848924144,0.020226796245234466,0.31471558848813425,0.08087663740333459,0.017197069601486543,0.007870476888951011,0.015607931050122691,0.01338495090873628,0.039591906812559224,0.010955612766600101,0.009605577057217358,0.013437598513071799,0.2355538234040121,0.0400062061718609,0.025372322145776158
182,0.015005488204893471,0.036487946800810474,0.028830389627401167,0.03834118882665241,0.047611985323196125,0.015300327043738897,0.01978240594792411,0.036011854800346,0.3899388101144272,0.009240811238544094,0.02444219952339952,0.07636552459524254,0.009164918896451666,0.03393931452139789,0.020378938074170478,0.012469357242221526,0.010722391399473803,0.017129303241868406,0.13058283615129057,0.02825400842654968
183,0.009886695126530877,0.04016973046635533,0.033139337664629204,0.024317813185462903,0.045026603336183635,0.008543746715750391,0.03239566780365651,0.22474282788423602,0.031561233369717695,0.08008239287221545,0.053622939258990726,0.02999705020264619,0.009578093252865807,0.019218895392203592,0.00956302475270598,0.01264758052017373,0.024859854836330925,0.24248815450674657,0.038477473344412885,0.02968088550818562
184,0.05536087795889968,0.06282251845771432,0.03241300719279586,0.048611211510834314,0.03161003285713047,0.0642283577784703,0.05851114810467522,0.038593356814167284,0.016694437489266554,0.15481070824088483,0.11710155950953786,0.07684744162738727,0.004314913138353891,0.065213127030527,0.004136273320714833,0.03409488657271035,0.013354816991382098,0.015161122154760561,0.02085727095009391,0.08526293229969334
185,0.15520137948779342,0.14539068509747233,0.051213120461726436,0.07650845711122188,0.0737557291621305,0.02790224063458833,0.012047681212910184,0.027532596104005658,0.031749847876706074,0.013973987416127452,0.04128327129836132,0.09428728702002613,0.008575419051475606,0.02983242101685729,0.006073395608920955,0.07601619586410097,0.016389324758038504,0.08790732990974835,0.009225978430399372,0.015133652477389258
186,0.06059518925281609,0.044696645888140554,0.0814614458043981,0.026629718782908162,0.06996185026610013,0.014860850429326552,0.016323091235887564,0.06746767371248255,0.04542712040914316,0.006058833666071884,0.07202030724843898,0.04364729238514617,0.15003274412944426,0.10590853357405092,0.018993219739380948,0.0034851586487227074,0.0425695898604307,0.021026722473888537,0.07670645827943848,0.032127554213783514
187,0.05164431115480468,0.01731703395927351,0.01788008413516996,0.054996384109137625,0.05299033315140984,0.03856388499204283,0.013558666885028143,0.08396245646778892,0.08852780096250018,0.01934745463874719,0.05621478092455569,0.02423140978153704,0.04652806870066803,0.11062782977978111,0.05494921810752343,0.0235544963139872,0.03162886490962244,0.020377294829211887,0.0581072821442486,0.13499234405296168
188,0.008081128090267925,0.025494705844230747,0.023168201132126927,0.04557103731489461,0.029569829494495485,0.01094568135500483,0.14728635756127118,0.029485834910958925,0.03694002048265794,0.010158331946222671,0.04628507195205181,0.05605680843846746,0.019329940712177085,0.028536927020578515,0.01923037221958198,0.1143207842222076,0.26996024962841586,0.00994296177260676,0.039617132521496144,0.03001862338028564
189,0.14463141435100665,0.13143575963165596,0.013369544077056266,0.013503960865335464,0.017511787203649695,0.14127420856566136,0.01294811921571239,0.0668821674733035,0.018311069852841675,0.005239158213126742,0.016153912713431088,0.03951912916852138,0.043309350194345765,0.017148257346263115,0.0161520934521689,0.19748257582925652,0.06383152308888747,0.007126394175428809,0.01650641902317909,0.017663155559168257
190,0.041457794669902875,0.05027496188595107,0.034465466605295335,0.11448809952004943,0.017969550255334123,0.045472147262910594,0.06266728957272345,0.05580157632370973,0.04768819069968347,0.02766843812502047,0.04189290017178417,0.1292231651821517,0.03519723015965471,0.046234323220405465,0.0187470221942973,0.056207051800244656,0.0829710834348374,0.0735189254330133,0.008663704839857945,0.009391078643172773
191,0.1380507978133209,0.14950614863776993,0.02264299602136455,0.02098648486561095,0.02331215432209523,0.04301361452447604,0.025914038447843252,0.02729906468492334,0.011674878813077938,0.12192152361332126,0.20141847320639203,0.023957351723345066,0.012492547864537481,0.018785878210919406,0.007006584613095255,0.027062133381841116,0.0730773569923181,0.01043983164230527,0.017388956482513353,0.024049184138929505
192,0.01713715454091797,0.04295438246072225,0.05467417012664708,0.03367095166501158,0.07192059294668823,0.013400413349054861,0.05945488134395295,0.10059404678898089,0.028446919032717417,0.0315799339598849,0.3153369380260429,0.05494801958767204,0.012211699913137523,0.036717864339751084,0.008900500347209399,0.010839524466369432,0.02755818118392407,0.018864013404027238,0.01682424737338142,0.04396556514390679
193,0.029534547766625358,0.03961853580803612,0.030253457841014353,0.4014075334610866,0.03695145732333953,0.019028666783068623,0.04285114316085114,0.05221291276878096,0.043671620008993516,0.013273951480113077,0.040034203951819586,0.04170759025068624,0.01497746553099334,0.04531511736095186,0.01182795952521713,0.0146471034173834,0.01611900025642348,0.028755287028847776,0.03520560577608873,0.04260684049967928
194,0.07520231746710457,0.07143634777492208,0.00668943523472543,0.04823010533329216,0.11342694669535892,0.006014097593512481,0.04590244256546318,0.010956910646090171,0.027755351050197597,0.041840271007151694,0.07112963860933322,0.05051430032455586,0.0029082240918280595,0.2010878157288227,0.022043300868989334,0.03734334895338686,0.07519321742975937,0.023230593577141485,0.01425388229300575,0.05484145275535915
195,0.009822804031546757,0.03068232437436867,0.023327584979511862,0.015108415241077724,0.07093969893368268,0.005335043864778484,0.025101168674007156,0.2205096347755432,0.014613404097267598,0.187156989228306,0.1501034870558192,0.019069414619992786,0.006118773771074606,0.01848488062805923,0.004943160845122107,0.006818212962824598,0.006422096055422762,0.15387979281268202,0.010869767410836525,0.02069334563807605
196,0.06289842625268342,0.09131569398955515,0.11421006999743247,0.11328482276124618,0.06076383831448687,0.017322065150157568,0.04647897572069938,0.013038746285388047,0.014319223138094314,0.07576117848936363,0.042595140492951614,0.050127171620449176,0.002688071214795985,0.07121689417852621,0.0021896874552754094,0.10380249211873459,0.004278895216901381,0.003601018223461958,0.021475958357568686,0.08863163102222799
197,0.026816819042859992,0.025997210316271106,0.01760048170130717,0.016320903936254075,0.03616579107719008,0.017968083553494496,0.011375364369625239,0.06132979498472018,0.1635779022629893,0.1088094534515033,0.053251437343135734,0.02661578058025492,0.0045407455053051065,0.07585934977196197,0.2605012041052318,0.009324401094770318,0.008470962202483575,0.03230118364160635,0.014722215369759215,0.028450915689275998
198,0.008404931594175477,0.02962171842283055,0.022932540053286352,0.018350875496754356,0.08678823229399711,0.0047518378612049555,0.016612908074978193,0.027986920653706473,0.01940831836219003,0.2844878064243317,0.22371090295906967,0.026311989013015978,0.01499644544762351,0.02374530435202857,0.005179126349767438,0.006858553443247337,0.009670605159038335,0.014191511925747528,0.03018456470640985,0.12580490740659667
199,0.06096987569809723,0.18358630060763806,0.004916913265242571,0.008128651368621051,0.006496120737113578,0.002974851199482358,0.008789476670450607,0.12442870704823762,0.04003627553033624,0.03996414834262529,0.14276660681664163,0.0054344947415261805,0.0017251603679546658,0.08802666160485201,0.013396588760386081,0.02974212614231089,0.10853870928224259,0.11336704681583527,0.006909059737476058,0.00980222526293005
200,0.005937602310065452,0.07600068630821798,0.015123623639029173,0.017149993243508126,0.014059509128182632,0.007934960917195076,0.11828785273545371,0.017534023087100878,0.026725690955785704,0.008970928713001236,0.015751153161132892,0.015580573754721747,0.003151673399470313,0.0123720671602683,0.5913039832006335,0.011789032212607025,0.005495000084296644,0.007011051261563279,0.014357518429163087,0.015463076298603199
201,0.07180434783071325,0.03184140715039982,0.009404176212815939,0.009315865286068335,0.0183172076598188,0.0018848511772581139,0.06959800378287499,0.02459672385245019,0.17902422747211047,0.030425136986590454,0.060303333477563066,0.04182785781224659,0.0032120793983716335,0.09837457142128805,0.1751853890964217,0.05560201589962786,0.05975349331630805,0.028450916534918706,0.010926918066844525,0.020151477565309373
202,0.005672283298139089,0.026281813523879996,0.02227776013203603,0.017071218482392195,0.2994964831060563,0.011644530250199209,0.22259948238348035,0.016105675264841038,0.01571823713122596,0.005527576595363114,0.01628111429828369,0.05379133500773019,0.005514089419425775,0.023333237966949617,0.0098969812869374,0.006050310526063611,0.006112653468261685,0.008349254925365444,0.1247932106614986,0.10348275227187069
203,0.01691466392044778,0.027321764069608116,0.02309259883260915,0.03369663909429037,0.04130635348414033,0.4598179734725838,0.024327163748975585,0.03746227085297933,0.025139219684301287,0.00975034371220665,0.027134627981954478,0.028219836857182594,0.010270430630352188,0.024834689321999767,0.024227056286801288,0.010532564256295947,0.014244011547921376,0.058074754137137856,0.07101116991751513,0.032621868190696936
204,0.01128972529031056,0.030620607213709652,0.02493007561699079,0.07385945913591217,0.03330497232699477,0.47892869607103716,0.02203973298549997,0.04196672041228358,0.029627924973821367,0.009949440465209144,0.032724641638664516,0.027011025111283244,0.008639227557202844,0.03323987394193538,0.018519517782683022,0.009567155333926693,0.015101470695090768,0.03933723134812309,0.02849062498988237,0.030851877109439003
205,0.4331980655428315,0.08447759432855463,0.00744222100505032,0.005654003299127953,0.00815034222747865,0.08536616121145829,0.005019740736918261,0.007818876555606627,0.005748512978218216,0.0016998875763800355,0.005912411378183192,0.005994323397280593,0.0019644445526054554,0.006595688090494024,0.0014586201003979424,0.09047974615395198,0.2184791680683108,0.013059622044782513,0.004434492370837242,0.007046078381531635
206,0.0028608027515255896,0.006429446901122516,0.006141310138889007,0.00951316558178291,0.20821114561400259,0.0035099785243643314,0.004037066833209576,0.31983362830087014,0.008185247045016327,0.17241106284719007,0.10914821389852769,0.004860968104019412,0.0015472322689476163,0.006684928894954843,0.002462156602652328,0.007450477015046529,0.002710654324611727,0.10022215473689312,0.007302706079297537,0.016477653537076194
