site,A,C,D,E,F,G,H,I,K,L,M,N,P,Q,R,S,T,V,W,Y
0,0.011909999999999999,0.00555,0.027780000000000003,0.02159,0.01325,0.0623,0.00579,0.01601,0.13887,0.01697,0.01621,0.0321,0.01955,0.01683,0.52994,0.0198,0.01325,0.00614,0.0107,0.01546
1,0.01102,0.01369,0.01493,0.01652,0.01614,0.432,0.11304000000000002,0.015359999999999999,0.0124,0.00627,0.0122,0.028089999999999997,0.20182,0.030330000000000003,0.0029100000000000003,0.0104,0.0264,0.00572,0.00773,0.02304
2,0.005220000000000001,0.03953,0.00763,0.01081,0.00998,0.7933600000000001,0.01059,0.01229,0.0122,0.0033299999999999996,0.01245,0.01179,0.00526,0.012490000000000001,0.00343,0.0182,0.00707,0.00402,0.00838,0.01196
3,0.06468,0.04328,0.014430000000000002,0.0060799999999999995,0.0165,0.68724,0.01693,0.017830000000000002,0.014830000000000001,0.00499,0.0181,0.01775,0.00727,0.01823,0.00424,0.00547,0.0091,0.00468,0.0073,0.02105
4,0.04793,0.06443,0.03621,0.03404,0.026160000000000003,0.02723,0.041819999999999996,0.09294,0.06944,0.04369,0.0254,0.05872,0.00323,0.11465999999999998,0.0606,0.07209,0.07454,0.07918,0.00877,0.01889
5,0.20362,0.05662999999999999,0.00513,0.01715,0.00549,0.4606,0.00443,0.00619,0.01039,0.0016699999999999998,0.00604,0.00647,0.00216,0.006659999999999999,0.014530000000000001,0.16669,0.00344,0.013219999999999999,0.00364,0.00584
6,0.052829999999999995,0.05134,0.08876,0.10851,0.0415,0.0099,0.05337000000000001,0.03312,0.006679999999999999,0.03575,0.06258999999999999,0.05003,0.007790000000000001,0.1038,0.00974,0.0548,0.06054,0.054079999999999996,0.05372999999999999,0.06114
7,0.08011,0.053739999999999996,0.01005,0.01068,0.010409999999999999,0.0031100000000000004,0.009640000000000001,0.03858,0.00914,0.0029,0.00932,0.00923,0.01125,0.00955,0.0027300000000000002,0.0672,0.63149,0.0154,0.00701,0.00845
8,0.04059,0.18118,0.00244,0.00344,0.00259,0.011040000000000001,0.00201,0.13689,0.00247,0.17973,0.00409,0.01258,0.05679,0.0018399999999999998,0.00058,0.03589,0.13427,0.18753,0.0017699999999999999,0.00227
9,0.00472,0.01222,0.010879999999999999,0.09596,0.01213,0.7086899999999999,0.01153,0.011090000000000001,0.01637,0.0036200000000000004,0.01624,0.01788,0.0052899999999999996,0.01544,0.02508,0.00492,0.006490000000000001,0.0035700000000000003,0.00757,0.0103
10,0.05509,0.11514,0.0644,0.11610999999999999,0.027739999999999997,0.00817,0.0496,0.056620000000000004,0.020309999999999998,0.034210000000000004,0.03372,0.04004,0.00088,0.10149,0.02232,0.030430000000000002,0.018019999999999998,0.11796,0.051210000000000006,0.036539999999999996
11,0.05712999999999999,0.017730000000000003,0.00783,0.02905,0.030660000000000003,0.029910000000000003,0.06867000000000001,0.045860000000000005,0.13494,0.08413999999999999,0.09237999999999999,0.07641,0.0021100000000000003,0.05596,0.08656,0.06909,0.024,0.07483,0.00748,0.00525
12,0.0187,0.016390000000000002,0.052739999999999995,0.0387,0.02806,0.00636,0.06157000000000001,0.03613,0.04655,0.03323,0.031389999999999994,0.06267,0.04816,0.07226,0.01637,0.022090000000000002,0.03455,0.008490000000000001,0.26394,0.10164
13,0.008790000000000001,0.02198,0.03253,0.01293,0.031560000000000005,0.00487,0.14148,0.09693,0.37701999999999997,0.00838,0.0177,0.01258,0.0128,0.03266,0.09208999999999999,0.0089,0.01726,0.007670000000000001,0.0127,0.04918
14,0.06265,0.045360000000000004,0.0405,0.02469,0.0404,0.09535,0.06704,0.07564,0.0348,0.05467999999999999,0.07526000000000001,0.05192000000000001,0.00078,0.06088,0.04017,0.08008,0.06545,0.02901,0.0228,0.03253
15,0.08534,0.05885,0.017169999999999998,0.0815,0.007090000000000001,0.0474,0.016309999999999998,0.01906,0.11545,0.04908,0.06781000000000001,0.06285,0.00098,0.09947,0.09852000000000001,0.09684,0.0531,0.01993,0.00119,0.0020800000000000003
16,0.00476,0.01093,0.00798,0.00777,0.00633,0.00264,0.0066099999999999996,0.15975,0.0069,0.28413,0.26698,0.00869,0.02783,0.00634,0.0029,0.00244,0.018680000000000002,0.15711,0.00475,0.00647
17,0.09105,0.061029999999999994,0.04361,0.00731,0.0050799999999999994,0.05595,0.03486,0.031689999999999996,0.04412,0.02358,0.04219,0.2158,0.00322,0.05571,0.04759,0.10953,0.05425,0.04482,0.0058,0.02282
18,0.058589999999999996,0.07182999999999999,0.052660000000000005,0.05234,0.03135,0.08059,0.06531,0.04885,0.04571,0.05882999999999999,0.04219,0.059379999999999995,0.00183,0.05852,0.04966,0.068,0.05629,0.07453,0.00692,0.01659
19,0.00539,0.07197,0.008490000000000001,0.00496,0.17057,0.0034,0.00855,0.08177999999999999,0.00967,0.2741,0.20708000000000001,0.00571,0.0020800000000000003,0.07804,0.00278,0.00155,0.00569,0.02021,0.0031100000000000004,0.03486
20,0.08075,0.0478,0.07024,0.044539999999999996,0.0033799999999999998,0.06736,0.055889999999999995,0.01624,0.02883,0.01745,0.04307,0.04202,0.06863999999999999,0.11660999999999999,0.03302,0.08872000000000001,0.09076000000000001,0.053489999999999996,0.0021899999999999997,0.02899
21,0.07697000000000001,0.00985,0.047689999999999996,0.04518,0.0033799999999999998,0.07321,0.052379999999999996,0.00394,0.05836,0.01475,0.04395,0.06096,0.0894,0.15642999999999999,0.06586,0.09952000000000001,0.0815,0.007359999999999999,0.0038200000000000005,0.00549
22,0.05826,0.05632,0.04432,0.04465,0.02334,0.058870000000000006,0.08388,0.058789999999999995,0.02017,0.04414,0.06881,0.06286,0.05624,0.08098999999999999,0.01916,0.055639999999999995,0.05555,0.0533,0.01296,0.04174
23,0.05421,0.07291,0.12987,0.0976,0.01045,0.0403,0.08388999999999999,0.01329,0.03257,0.026,0.08788,0.07537,0.00656,0.08397,0.01213,0.06467,0.043019999999999996,0.04313,0.010329999999999999,0.011859999999999999
24,0.012490000000000001,0.04686,0.02889,0.014280000000000001,0.32152,0.005529999999999999,0.0768,0.06452000000000001,0.01807,0.00125,0.012209999999999999,0.028589999999999997,0.040139999999999995,0.02495,0.0055899999999999995,0.00199,0.01722,0.00815,0.0785,0.19246
25,0.10144,0.05757,0.02178,0.01511,0.05627000000000001,0.02229,0.08146,0.06412000000000001,0.018019999999999998,0.06745,0.046810000000000004,0.11077000000000001,0.00539,0.05152999999999999,0.05055,0.07037,0.039869999999999996,0.050230000000000004,0.0045,0.06446
26,0.00636,0.03623,0.04965,0.01699,0.00128,0.00396,0.05535,0.03121,0.1041,0.01037,0.0352,0.12304000000000001,0.05312000000000001,0.12328,0.07769,0.13122,0.10828,0.02161,0.0037,0.007370000000000001
27,0.00943,0.00793,0.03564,0.01242,0.27037,0.00575,0.053739999999999996,0.02246,0.01577,0.00548,0.015390000000000001,0.018119999999999997,0.01152,0.02141,0.00602,0.0115,0.010440000000000001,0.00643,0.01299,0.4472
28,0.00813,0.016280000000000003,0.02157,0.08616,0.00916,0.00701,0.023809999999999998,0.05691,0.3536,0.00448,0.01265,0.01023,0.01011,0.02251,0.23526,0.007679999999999999,0.0477,0.02222,0.01061,0.03393
29,0.06552999999999999,0.03198,0.00683,0.04869,0.015009999999999999,0.045810000000000003,0.03734,0.0575,0.17271,0.06851,0.0454,0.03726,0.0052,0.039869999999999996,0.16605,0.06232000000000001,0.02307,0.0514,0.00329,0.01623
30,0.18549000000000002,0.08638,0.01694,0.01098,0.01,0.01866,0.07691,0.028589999999999997,0.010440000000000001,0.01097,0.01082,0.19252,0.018,0.02325,0.025939999999999998,0.15229,0.08165,0.02557,0.007,0.0076
31,0.23468000000000003,0.07968,0.014490000000000001,0.013009999999999999,0.01255,0.31215,0.03269,0.01425,0.01196,0.00436,0.01168,0.055529999999999996,0.0066,0.02541,0.00458,0.12847,0.00655,0.00634,0.01091,0.014119999999999999
32,0.00824,0.19019,0.02037,0.02554,0.02725,0.00615,0.01867,0.30834,0.01485,0.00532,0.015309999999999999,0.04691,0.0086,0.02289,0.00517,0.00575,0.06941,0.1582,0.01835,0.024480000000000002
33,0.04163,0.02455,0.00647,0.00441,0.01925,0.00244,0.08888,0.00298,0.014830000000000001,0.10082,0.02986,0.01815,0.00339,0.05665,0.026910000000000003,0.08399,0.1246,0.047889999999999995,0.24445999999999998,0.05785
34,0.00997,0.01989,0.12349,0.50388,0.02496,0.08538,0.01948,0.01855,0.00806,0.007259999999999999,0.031110000000000002,0.01672,0.00885,0.02365,0.00773,0.01125,0.01099,0.024319999999999998,0.02538,0.01907
35,0.07653,0.11642000000000001,0.010759999999999999,0.01818,0.00695,0.0059700000000000005,0.00692,0.21885,0.01119,0.0054600000000000004,0.02658,0.00911,0.04811,0.00801,0.0022600000000000003,0.012740000000000001,0.13442,0.26713000000000003,0.00455,0.009859999999999999
36,0.14378,0.06427999999999999,0.012740000000000001,0.03739,0.0367,0.03269,0.03745,0.0187,0.01325,0.03897,0.04858,0.08115,0.07716,0.11112000000000001,0.0166,0.06138,0.058,0.036789999999999996,0.01571,0.05757
37,0.01781,0.050960000000000005,0.04295,0.02114,0.02731,0.01093,0.03859,0.0499,0.014419999999999999,0.013040000000000001,0.02742,0.12657000000000002,0.03734,0.0318,0.32098000000000004,0.062310000000000004,0.02329,0.010740000000000001,0.02845,0.04406
38,0.08912,0.01378,0.1505,0.19075999999999999,0.011909999999999999,0.0522,0.03783,0.04836,0.004520000000000001,0.03132,0.039619999999999995,0.10824,0.0017699999999999999,0.03489,0.00257,0.04945,0.059370000000000006,0.03528,0.02327,0.01523
39,0.03199,0.00499,0.1071,0.14648,0.008709999999999999,0.04138,0.060270000000000004,0.06709,0.00413,0.05312000000000001,0.06984,0.05797000000000001,0.057679999999999995,0.08625,0.00884,0.03574,0.07203,0.0581,0.006679999999999999,0.02161
40,0.42572,0.01291,0.02335,0.01157,0.014130000000000002,0.01256,0.023030000000000002,0.01804,0.01651,0.0046700000000000005,0.01671,0.013859999999999999,0.02535,0.01854,0.0049700000000000005,0.23676,0.0025800000000000003,0.07846,0.0286,0.01166
41,0.06601,0.02707,0.0049,0.00643,0.0051600000000000005,0.0034200000000000003,0.013130000000000001,0.12712,0.20779,0.01779,0.02037,0.0059,0.00365,0.12067,0.14799,0.05708,0.07792,0.07902999999999999,0.00364,0.00495
42,0.08234,0.031110000000000002,0.025789999999999997,0.06296,0.01242,0.02624,0.06466000000000001,0.06397,0.028339999999999997,0.06533,0.05169,0.07508,0.00062,0.05822000000000001,0.10295,0.08909,0.07626000000000001,0.05491,0.00813,0.01989
43,0.24031,0.1201,0.01411,0.04125,0.02316,0.01462,0.04166,0.01841,0.02005,0.059370000000000006,0.13624,0.043160000000000004,0.0027300000000000002,0.05008,0.034069999999999996,0.06383,0.0016899999999999999,0.028189999999999996,0.00993,0.03705
44,0.012,0.01064,0.00703,0.01015,0.18712,0.005520000000000001,0.0166,0.21206999999999998,0.00909,0.29867,0.11174,0.00758,0.00285,0.01369,0.01181,0.00233,0.00471,0.052879999999999996,0.01199,0.01154
45,0.0557,0.04799,0.03536,0.07438,0.02445,0.05192000000000001,0.08236,0.04902,0.07865,0.0619,0.051329999999999994,0.06967999999999999,0.00062,0.07126,0.03879,0.06641,0.04513,0.04397,0.012629999999999999,0.038439999999999995
46,0.04504,0.07778,0.12430999999999999,0.11282,0.02115,0.060329999999999995,0.0439,0.03227,0.02434,0.02717,0.0314,0.08098,0.0009,0.12888,0.013930000000000001,0.07785,0.0501,0.03216,0.0056700000000000006,0.009
47,0.055060000000000005,0.06337000000000001,0.00923,0.01247,0.01866,0.1964,0.10217999999999999,0.0037700000000000003,0.10812000000000001,0.01754,0.051829999999999994,0.13741,0.00156,0.07633999999999999,0.0623,0.06698,0.0037,0.00228,0.00648,0.00433
48,0.04345,0.13523,0.04092,0.039080000000000004,0.07779,0.0102,0.03692,0.04394,0.01273,0.031639999999999995,0.038610000000000005,0.14485,0.04643,0.02634,0.044539999999999996,0.02592,0.09115,0.06402999999999999,0.00878,0.03746
49,0.053810000000000004,0.04674,0.07506,0.03271,0.07468,0.015790000000000002,0.02975,0.031030000000000002,0.05014,0.08726,0.04678,0.05081,0.019190000000000002,0.03337,0.04736,0.06406,0.04905,0.06019,0.04702,0.08521000000000001
50,0.06137000000000001,0.05926,0.15938,0.061970000000000004,0.04044,0.041819999999999996,0.06965,0.022090000000000002,0.025889999999999996,0.02486,0.03887,0.07312,0.00315,0.0398,0.01222,0.06062000000000001,0.06785,0.07053999999999999,0.03418,0.03292
51,0.10647000000000001,0.055310000000000005,0.02036,0.08382,0.010740000000000001,0.13332,0.03913,0.00336,0.03623,0.04145,0.03261,0.05156,0.00114,0.03065,0.02087,0.21664,0.09834,0.01096,0.00409,0.00298
52,0.00698,0.01703,0.01515,0.010579999999999999,0.017740000000000002,0.6835899999999999,0.01571,0.019280000000000002,0.01951,0.00555,0.019819999999999997,0.02015,0.007090000000000001,0.03266,0.04693,0.0061200000000000004,0.0078,0.01144,0.01804,0.01883
53,0.01289,0.011559999999999999,0.00521,0.00569,0.25937,0.00253,0.27959,0.00932,0.0045899999999999995,0.00259,0.011340000000000001,0.0051,0.0008699999999999999,0.02493,0.0013599999999999999,0.0017399999999999998,0.0030399999999999997,0.02241,0.14728,0.18859
54,0.23842,0.11409000000000001,0.014669999999999999,0.007940000000000001,0.0057399999999999994,0.0093,0.00474,0.00558,0.00627,0.0022,0.00683,0.008440000000000001,0.25045,0.006640000000000001,0.0022600000000000003,0.1796,0.09915,0.022619999999999998,0.00878,0.00628
55,0.02992,0.05035,0.007359999999999999,0.02855,0.008020000000000001,0.00481,0.008759999999999999,0.0034,0.00716,0.0026100000000000003,0.01411,0.00625,0.31442,0.00796,0.00374,0.0026899999999999997,0.01157,0.47245,0.00987,0.006
56,0.00859,0.0124,0.01115,0.02125,0.09161,0.007520000000000001,0.00807,0.01699,0.01999,0.00528,0.02309,0.011590000000000001,0.02586,0.0135,0.00487,0.6290600000000001,0.00439,0.00746,0.02001,0.05732999999999999
57,0.011,0.08562,0.02112,0.013640000000000001,0.02058,0.00782,0.01256,0.0183,0.02309,0.0058,0.01522,0.01445,0.00799,0.05186,0.48611000000000004,0.10247,0.042460000000000005,0.00787,0.03336,0.018690000000000002
58,0.01404,0.013940000000000001,0.01253,0.058039999999999994,0.01621,0.67272,0.01043,0.01524,0.01699,0.00418,0.01916,0.012740000000000001,0.00481,0.01273,0.07067999999999999,0.006370000000000001,0.00645,0.00591,0.01429,0.01255
59,0.18532,0.08649,0.01089,0.01083,0.010029999999999999,0.013430000000000001,0.00564,0.009859999999999999,0.00948,0.0030399999999999997,0.00845,0.034480000000000004,0.00573,0.00747,0.00443,0.24656,0.14132,0.1814,0.00798,0.017169999999999998
60,0.12355,0.13752999999999999,0.014509999999999999,0.027280000000000002,0.11374000000000001,0.02597,0.02191,0.0177,0.022719999999999997,0.00496,0.015090000000000001,0.02858,0.01227,0.015009999999999999,0.004229999999999999,0.26105,0.07354,0.03909,0.01006,0.03121
61,0.04161,0.01616,0.026619999999999998,0.0274,0.019880000000000002,0.00663,0.0349,0.02146,0.50729,0.00624,0.02005,0.0547,0.02134,0.01681,0.10830999999999999,0.01069,0.01484,0.006659999999999999,0.015369999999999998,0.023030000000000002
62,0.00355,0.008,0.007790000000000001,0.01127,0.29802,0.00405,0.01208,0.10563,0.00765,0.43551000000000006,0.00806,0.00495,0.0037700000000000003,0.00848,0.00496,0.0031,0.00296,0.05461,0.009290000000000001,0.00627
63,0.17798,0.06381,0.011170000000000001,0.07657,0.00953,0.08451,0.00532,0.00573,0.02717,0.02496,0.08719,0.00635,0.00073,0.10690999999999999,0.059289999999999995,0.09988,0.05049,0.05401,0.0258,0.02259
64,0.00686,0.021169999999999998,0.01404,0.01433,0.09698,0.0059299999999999995,0.0093,0.011040000000000001,0.01113,0.0036,0.010759999999999999,0.00971,0.0045,0.010209999999999999,0.06435,0.00392,0.00563,0.007209999999999999,0.5957600000000001,0.0936
65,0.006379999999999999,0.02754,0.01491,0.01756,0.03015,0.006670000000000001,0.011859999999999999,0.023180000000000003,0.013619999999999998,0.42937,0.29905,0.01235,0.0047,0.018330000000000003,0.00581,0.028810000000000002,0.0072,0.01594,0.01077,0.0158
66,0.1948,0.17585,0.011059999999999999,0.00893,0.01252,0.00702,0.01214,0.032369999999999996,0.010759999999999999,0.0057799999999999995,0.02447,0.00812,0.0029,0.011340000000000001,0.00309,0.02791,0.16834000000000002,0.26064,0.00897,0.013019999999999999
67,0.00787,0.01818,0.04593,0.43281000000000003,0.01289,0.00182,0.01093,0.01266,0.36022,0.00331,0.01351,0.0065,0.00279,0.01022,0.01116,0.00914,0.004079999999999999,0.016030000000000003,0.01102,0.00892
68,0.0087,0.0167,0.017130000000000003,0.02083,0.015390000000000001,0.08184,0.00949,0.05089,0.03651,0.00496,0.01694,0.011359999999999999,0.00566,0.016630000000000002,0.59299,0.04882,0.00657,0.00933,0.01601,0.01325
69,0.11377000000000001,0.01078,0.09043,0.0049700000000000005,0.00777,0.58449,0.0036200000000000004,0.0059,0.0074,0.00215,0.00788,0.06335,0.0017399999999999998,0.0172,0.01845,0.0302,0.00249,0.012240000000000001,0.00903,0.00614
70,0.00206,0.00199,0.004070000000000001,0.00571,0.19485999999999998,0.004529999999999999,0.062220000000000004,0.05984,0.0037,0.27516,0.15982000000000002,0.00521,0.00103,0.00331,0.00175,0.00125,0.0017800000000000001,0.00573,0.02593,0.18004
71,0.026719999999999997,0.34738,0.007670000000000001,0.00817,0.06494,0.00358,0.00418,0.07951,0.007209999999999999,0.17513,0.1181,0.00519,0.00118,0.00428,0.007509999999999999,0.00233,0.044160000000000005,0.07997,0.00611,0.006690000000000001
72,0.025810000000000003,0.04761,0.13871,0.14177,0.03,0.05511,0.1596,0.01951,0.00634,0.04554,0.03999,0.030639999999999997,0.006670000000000001,0.05766,0.01091,0.04915,0.02775,0.025330000000000002,0.04334,0.03855
73,0.0146,0.07504,0.03286,0.02317,0.039080000000000004,0.00897,0.05764,0.03457,0.02489,0.02182,0.05873,0.03313,0.32149,0.07845,0.00873,0.0051,0.09043999999999999,0.01208,0.01647,0.04275
74,0.02138,0.07495,0.0038,0.07192,0.11135999999999999,0.0405,0.06026,0.07556,0.0037799999999999995,0.09255,0.10172,0.03216,0.0021100000000000003,0.02787,0.0022199999999999998,0.03067,0.03312,0.08142,0.01454,0.11812
75,0.00817,0.02264,0.02193,0.00606,0.01744,0.66009,0.01658,0.026160000000000003,0.02317,0.0071,0.0196,0.01737,0.0071400000000000005,0.0198,0.0195,0.007409999999999999,0.008329999999999999,0.01196,0.05956,0.01999
76,0.04936,0.04551,0.0048200000000000005,0.0019199999999999998,0.05935,0.00331,0.21254,0.011309999999999999,0.09917999999999999,0.052860000000000004,0.02331,0.00466,0.00185,0.0266,0.14740999999999999,0.04489,0.0298,0.03526,0.01152,0.13454000000000002
77,0.01275,0.26184,0.01267,0.01904,0.01198,0.015009999999999999,0.00778,0.03595,0.013359999999999999,0.06537000000000001,0.011590000000000001,0.00689,0.0039700000000000004,0.009040000000000001,0.00477,0.0037,0.24506,0.23509000000000002,0.01699,0.00716
78,0.02313,0.18963,0.01784,0.00645,0.02546,0.00488,0.00594,0.21289,0.01035,0.06523999999999999,0.12214000000000001,0.00513,0.00274,0.00742,0.00278,0.00244,0.055689999999999996,0.19345,0.006229999999999999,0.04018
79,0.0086,0.01996,0.69685,0.03058,0.02105,0.00243,0.01053,0.019030000000000002,0.0244,0.00758,0.02112,0.05583,0.00572,0.0213,0.0060799999999999995,0.00557,0.00615,0.007540000000000001,0.016890000000000002,0.012790000000000001
80,0.00477,0.012620000000000001,0.010759999999999999,0.01208,0.03495,0.00563,0.03373,0.27973000000000003,0.014230000000000001,0.45211999999999997,0.06475,0.009470000000000001,0.00614,0.01176,0.0025,0.00321,0.0038,0.01241,0.013569999999999999,0.01176
81,0.01238,0.04883,0.01662,0.0563,0.0165,0.64757,0.01469,0.01445,0.02207,0.0052,0.020040000000000002,0.015880000000000002,0.00701,0.02246,0.00512,0.0061,0.00971,0.00688,0.03663,0.01553
82,0.29531999999999997,0.4329,0.00771,0.00984,0.00532,0.00361,0.007390000000000001,0.00793,0.008409999999999999,0.0020399999999999997,0.007509999999999999,0.00727,0.0023899999999999998,0.00727,0.00312,0.12159,0.025660000000000002,0.00345,0.005379999999999999,0.03589
83,0.00692,0.05604,0.00565,0.02062,0.017759999999999998,0.71268,0.01152,0.01465,0.021490000000000002,0.00645,0.022019999999999998,0.00987,0.0058,0.019469999999999998,0.00468,0.0038299999999999996,0.00592,0.01611,0.025419999999999998,0.01311
84,0.016980000000000002,0.02998,0.04542,0.02615,0.039889999999999995,0.05212000000000001,0.09848,0.10894000000000001,0.035660000000000004,0.02101,0.06502000000000001,0.0211,0.09033,0.05124,0.18819,0.0069299999999999995,0.030910000000000003,0.01515,0.028189999999999996,0.028310000000000002
85,0.01099,0.04777,0.03561,0.0069299999999999995,0.05407000000000001,0.16725,0.13551,0.08192,0.02377,0.01822,0.03419,0.09802999999999999,0.0177,0.06738,0.0034799999999999996,0.02484,0.025939999999999998,0.02393,0.02444,0.09805
86,0.015880000000000002,0.01739,0.02677,0.046189999999999995,0.018119999999999997,0.6270899999999999,0.00892,0.02389,0.04077,0.00632,0.03782,0.02145,0.00344,0.02459,0.00618,0.0036799999999999997,0.00734,0.02121,0.028260000000000004,0.01469
87,0.01172,0.046939999999999996,0.03017,0.03681,0.02845,0.016390000000000002,0.017580000000000002,0.0321,0.03119,0.00606,0.024640000000000002,0.02578,0.00566,0.01756,0.0023899999999999998,0.00771,0.01084,0.0153,0.60429,0.028419999999999997
88,0.22808,0.22941,0.0056,0.00889,0.0063100000000000005,0.12105999999999999,0.0037600000000000003,0.00445,0.0104,0.0021100000000000003,0.00828,0.01245,0.0011099999999999999,0.00804,0.00411,0.29431999999999997,0.03347,0.0042,0.00811,0.00583
89,0.00221,0.05148,0.00826,0.00514,0.08821,0.00209,0.011470000000000001,0.0038799999999999998,0.00507,0.00511,0.00506,0.00655,0.0027300000000000002,0.43946999999999997,0.00146,0.00118,0.00196,0.0022199999999999998,0.07937000000000001,0.27708
90,0.00812,0.03265,0.0529,0.029789999999999997,0.10515999999999999,0.00656,0.01964,0.01286,0.02506,0.055020000000000006,0.0281,0.01235,0.00425,0.02692,0.00595,0.01353,0.0057,0.04022,0.07545,0.43978
91,0.11625999999999999,0.07012,0.00201,0.00303,0.00318,0.019119999999999998,0.0019199999999999998,0.16465,0.0037799999999999995,0.056620000000000004,0.16435999999999998,0.00198,0.00059,0.00277,0.00095,0.12935,0.1276,0.12637,0.00309,0.00225
92,0.51893,0.10145,0.00564,0.01596,0.01144,0.15553,0.00569,0.01312,0.016890000000000002,0.0037799999999999995,0.02081,0.00967,0.00411,0.01272,0.0033399999999999997,0.04356,0.00139,0.02366,0.02015,0.012159999999999999
93,0.10873,0.06888999999999999,0.00309,0.00613,0.003,0.14422000000000001,0.04672,0.01517,0.00489,0.0011,0.01061,0.0318,0.00066,0.00985,0.0014199999999999998,0.18194000000000002,0.32223,0.03142,0.0048,0.0033200000000000005
94,0.02912,0.04844,0.06976,0.01195,0.00413,0.02221,0.10918,0.13571,0.01165,0.11413,0.03916,0.1044,0.00126,0.06667000000000001,0.00251,0.029580000000000002,0.03336,0.08809,0.037880000000000004,0.04079
95,0.04535,0.032010000000000004,0.00245,0.00344,0.02174,0.04711,0.0228,0.02743,0.07407000000000001,0.07751,0.07962999999999999,0.10570999999999998,0.053579999999999996,0.062360000000000006,0.14014000000000001,0.07768,0.08287,0.03586,0.0049700000000000005,0.00329
96,0.03,0.00971,0.0067599999999999995,0.22000999999999998,0.04595,0.00495,0.09436,0.01323,0.0285,0.23561999999999997,0.03507,0.0197,0.0185,0.01013,0.0333,0.04475,0.0351,0.00615,0.03246,0.07572000000000001
97,0.00367,0.068,0.045989999999999996,0.0163,0.04869,0.00418,0.14762999999999998,0.07599,0.06629,0.01005,0.00925,0.09648,0.02222,0.0387,0.009609999999999999,0.0157,0.07016,0.17260999999999999,0.02394,0.05454
98,0.00686,0.015040000000000001,0.017230000000000002,0.01323,0.0268,0.00674,0.03905,0.16672,0.01495,0.029560000000000003,0.05546,0.020390000000000002,0.0019199999999999998,0.5212399999999999,0.00158,0.01753,0.00399,0.012159999999999999,0.019219999999999998,0.01031
99,0.0215,0.06426,0.25006,0.29723,0.00837,0.04264,0.004,0.04013,0.0059700000000000005,0.07482,0.0684,0.00556,0.0016899999999999999,0.03594,0.0026899999999999997,0.0105,0.0063100000000000005,0.04671,0.00761,0.0056
100,0.00295,0.24156,0.01013,0.00958,0.010409999999999999,0.01598,0.010879999999999999,0.21266,0.013319999999999999,0.00633,0.00743,0.014769999999999998,0.0028399999999999996,0.011359999999999999,0.0036200000000000004,0.00345,0.00464,0.39511,0.01395,0.009040000000000001
101,0.06065,0.08341,0.00267,0.004070000000000001,0.036,0.04423,0.07801,0.07239,0.0882,0.08691,0.06337000000000001,0.04306,0.00044,0.0717,0.08728,0.03803,0.01268,0.053470000000000004,0.03682,0.0366
102,0.06415,0.006520000000000001,0.009590000000000001,0.0171,0.00643,0.77437,0.0051,0.00843,0.01178,0.00223,0.01029,0.00718,0.0020399999999999997,0.00796,0.00688,0.008459999999999999,0.00349,0.03007,0.01139,0.00655
103,0.00233,0.01642,0.0056700000000000006,0.00665,0.1912,0.00236,0.03489,0.06857,0.00618,0.09423,0.0562,0.0023899999999999998,0.0009,0.00404,0.00133,0.00525,0.0015,0.10922,0.17748,0.21319000000000002
104,0.03105,0.013280000000000002,0.01011,0.02036,0.01178,0.0067,0.004379999999999999,0.01116,0.0119,0.00331,0.01243,0.007259999999999999,0.0070799999999999995,0.00822,0.0028699999999999997,0.1452,0.66118,0.00595,0.01729,0.00847
105,0.07865,0.038060000000000004,0.02561,0.00449,0.031110000000000002,0.014580000000000001,0.05847,0.04634,0.11027999999999999,0.047189999999999996,0.04181,0.07811,0.00058,0.07723,0.0803,0.07051,0.06315,0.052160000000000005,0.04125,0.04011
106,0.26835,0.00757,0.00804,0.038860000000000006,0.00615,0.51074,0.00475,0.00975,0.00985,0.00229,0.01184,0.00864,0.00375,0.010190000000000001,0.0019100000000000002,0.06735,0.0094,0.004079999999999999,0.01035,0.00615
107,0.094,0.024380000000000002,0.00777,0.01822,0.01371,0.56185,0.01353,0.01721,0.03003,0.01851,0.01923,0.013280000000000002,0.00951,0.03884,0.00412,0.04469,0.030619999999999998,0.00705,0.01816,0.015280000000000002
108,0.1172,0.06734,0.02271,0.01272,0.04741,0.022119999999999997,0.01426,0.047760000000000004,0.04659,0.01385,0.030389999999999997,0.04568,0.15212,0.01594,0.04568,0.06355,0.12122000000000001,0.09266,0.00883,0.01197
109,0.07901,0.06106,0.06051,0.058870000000000006,0.00808,0.11416,0.09047000000000001,0.00231,0.05725,0.0031100000000000004,0.03318,0.11283,0.00056,0.10437,0.04311,0.09002,0.047869999999999996,0.00645,0.00231,0.02447
110,0.02603,0.00495,0.00339,0.0064,0.00635,0.0727,0.37461,0.0038399999999999997,0.00913,0.0015400000000000001,0.00492,0.014730000000000002,0.00139,0.43498000000000003,0.01658,0.00162,0.0012,0.00235,0.0061200000000000004,0.00717
111,0.0089,0.24750999999999998,0.0717,0.42791,0.01435,0.0017800000000000001,0.01175,0.0116,0.06182000000000001,0.004379999999999999,0.01383,0.01566,0.00774,0.011170000000000001,0.00491,0.05002,0.007909999999999999,0.00633,0.01087,0.00988
112,0.06302,0.057960000000000005,0.0768,0.11043,0.0032700000000000003,0.024730000000000002,0.01202,0.05223,0.05764,0.047560000000000005,0.1083,0.05785,0.0231,0.05897,0.026269999999999998,0.07414,0.08322,0.0479,0.00212,0.01247
113,0.00627,0.01569,0.015280000000000002,0.02021,0.02305,0.00588,0.0192,0.02306,0.02002,0.01523,0.02338,0.016069999999999997,0.71882,0.02143,0.00564,0.00386,0.007490000000000001,0.00829,0.01369,0.017419999999999998
114,0.060629999999999996,0.06576,0.00735,0.03681,0.03633,0.0017100000000000001,0.0308,0.09702000000000001,0.04456,0.10962999999999999,0.11665999999999999,0.01807,0.0027600000000000003,0.04249,0.02513,0.06823,0.08438,0.08448,0.02853,0.038669999999999996
115,0.07685,0.13202,0.00895,0.006409999999999999,0.02723,0.04961,0.0599,0.0575,0.01112,0.09412999999999999,0.05078,0.07622999999999999,0.04458,0.08067,0.03186,0.040260000000000004,0.02072,0.07881,0.01857,0.0338
116,0.014759999999999999,0.04803,0.01145,0.00728,0.0336,0.00195,0.03453,0.08892,0.0096,0.0038399999999999997,0.11512,0.02138,0.006409999999999999,0.10667,0.00965,0.01066,0.20644,0.16773,0.08765,0.01433
117,0.007679999999999999,0.03125,0.01223,0.19064,0.021730000000000003,0.00331,0.01636,0.027510000000000003,0.055779999999999996,0.04036,0.01785,0.12735,0.0094,0.24086,0.0784,0.06281,0.024380000000000002,0.00573,0.00938,0.01699
118,0.011470000000000001,0.01668,0.021230000000000002,0.02391,0.029419999999999998,0.0381,0.018430000000000002,0.01618,0.0267,0.00928,0.01999,0.039619999999999995,0.012490000000000001,0.05226,0.00432,0.4127,0.19646,0.00825,0.01648,0.02605
119,0.01966,0.05591,0.01876,0.026139999999999997,0.036610000000000004,0.013040000000000001,0.00674,0.03902,0.02543,0.00842,0.03196,0.03692,0.01864,0.026289999999999997,0.00923,0.02595,0.04292,0.01075,0.02168,0.52594
120,0.01042,0.03427,0.02712,0.041569999999999996,0.03846,0.53617,0.03995,0.03605,0.026680000000000002,0.00909,0.0334,0.027239999999999997,0.013880000000000002,0.028789999999999996,0.0052899999999999996,0.01047,0.01586,0.02115,0.012459999999999999,0.03168
121,0.01319,0.016890000000000002,0.024880000000000003,0.01857,0.05561,0.00475,0.06601,0.026969999999999997,0.035910000000000004,0.00716,0.03809,0.02949,0.01211,0.029660000000000002,0.02199,0.009179999999999999,0.018580000000000003,0.00913,0.47456000000000004,0.08727
122,0.01811,0.034480000000000004,0.044360000000000004,0.02578,0.03757,0.0069700000000000005,0.020380000000000002,0.03098,0.031089999999999996,0.0139,0.03558,0.52287,0.01824,0.04011,0.00937,0.00205,0.01259,0.01384,0.02299,0.05873
123,0.09892999999999999,0.18656,0.022719999999999997,0.01757,0.01586,0.00788,0.01738,0.3577,0.01646,0.04075,0.0060799999999999995,0.017419999999999998,0.01095,0.01977,0.010459999999999999,0.00632,0.0030600000000000002,0.11273,0.01524,0.01615
124,0.06859,0.19948,0.00952,0.006509999999999999,0.008440000000000001,0.0017100000000000001,0.009470000000000001,0.18549000000000002,0.01031,0.019190000000000002,0.04551,0.00831,0.00484,0.01029,0.00295,0.00457,0.12566,0.26216999999999996,0.00798,0.009040000000000001
125,0.01788,0.0228,0.00943,0.00903,0.01253,0.031330000000000004,0.02586,0.01484,0.38149,0.00409,0.01145,0.01775,0.007370000000000001,0.04446,0.30685999999999997,0.04392,0.01686,0.0036,0.00526,0.01318
126,0.00775,0.16747,0.01324,0.011909999999999999,0.02713,0.00435,0.00883,0.02248,0.02368,0.30311,0.29146,0.01293,0.00411,0.01553,0.00324,0.00548,0.013880000000000002,0.0315,0.01293,0.01898
127,0.05297,0.020630000000000003,0.011470000000000001,0.0047799999999999995,0.01315,0.02513,0.046189999999999995,0.0557,0.17715999999999998,0.02812,0.01481,0.08611,0.004220000000000001,0.08787,0.15094000000000002,0.08194,0.0705,0.0387,0.0155,0.0141
128,0.11073,0.04867,0.055139999999999995,0.03974,0.0074,0.09091,0.00506,0.00604,0.09739,0.00455,0.04249,0.06105,0.05591,0.05019,0.05534,0.10757,0.1154,0.0361,0.00456,0.00575
129,0.08073,0.06616,0.08525,0.05756,0.019219999999999998,0.08744,0.052739999999999995,0.006959999999999999,0.08163,0.01511,0.0252,0.06909,0.05081,0.108,0.06974,0.07579,0.00601,0.00468,0.00318,0.03472
130,0.05567999999999999,0.08843,0.00856,0.03775,0.03564,0.00103,0.08131000000000001,0.12517,0.03889,0.050769999999999996,0.06452000000000001,0.009290000000000001,0.00187,0.054529999999999995,0.028669999999999998,0.04696,0.09742999999999999,0.08694,0.039639999999999995,0.04691
131,0.008029999999999999,0.01641,0.43367,0.0385,0.0271,0.00158,0.014219999999999998,0.02733,0.02493,0.00869,0.0347,0.25259000000000004,0.008320000000000001,0.020319999999999998,0.006529999999999999,0.01255,0.0124,0.0074,0.02713,0.0176
132,0.12038,0.20077,0.00558,0.00795,0.014780000000000001,0.00122,0.01425,0.17239000000000002,0.01615,0.10186,0.02798,0.01238,0.00418,0.020819999999999998,0.00323,0.00433,0.05346,0.19574,0.00998,0.01257
133,0.01999,0.040760000000000005,0.00856,0.01212,0.13492,0.00454,0.09581,0.0058200000000000005,0.00759,0.0899,0.0869,0.11656,0.00297,0.04759,0.00309,0.0267,0.08882999999999999,0.00659,0.04016,0.1606
134,0.02885,0.06092,0.00745,0.014209999999999999,0.044469999999999996,0.028739999999999998,0.15037999999999999,0.02281,0.04849,0.029939999999999998,0.036289999999999996,0.07804,0.00466,0.073,0.10574000000000001,0.04979,0.04793,0.03645,0.06371,0.06811
135,0.06393,0.12485,0.01065,0.010409999999999999,0.05686,0.0016300000000000002,0.03984,0.08096,0.05981,0.08402000000000001,0.09746,0.00984,0.00223,0.1033,0.03633,0.04828,0.06862,0.051879999999999996,0.00425,0.04487
136,0.11502000000000001,0.052079999999999994,0.02068,0.00583,0.02019,0.10577,0.28962,0.01964,0.025419999999999998,0.007109999999999999,0.01733,0.02625,0.07162,0.02077,0.00375,0.07729,0.01653,0.02688,0.01819,0.06002999999999999
137,0.07857,0.06959,0.0133,0.015619999999999998,0.07854,0.007520000000000001,0.02026,0.0666,0.0395,0.03367,0.0666,0.04312,0.03441,0.02876,0.05131,0.07723,0.14236,0.008790000000000001,0.06761,0.05666
138,0.05175,0.03642,0.06792000000000001,0.24986999999999998,0.034,0.07802,0.02251,0.06179,0.0253,0.0459,0.02348,0.02908,0.01256,0.1084,0.00511,0.028480000000000002,0.02936,0.04048,0.01678,0.032780000000000004
139,0.056220000000000006,0.06895,0.0049,0.00229,0.018019999999999998,0.07847,0.02113,0.02037,0.07128999999999999,0.03368,0.07226,0.06663,0.052770000000000004,0.08258,0.11252999999999999,0.09666,0.05144,0.03551,0.006659999999999999,0.04763
140,0.060239999999999995,0.10300999999999999,0.00804,0.009040000000000001,0.00611,0.00233,0.20469,0.05509,0.01167,0.10676,0.0543,0.01275,0.00539,0.013040000000000001,0.00229,0.09058,0.0811,0.1688,0.00252,0.0022600000000000003
141,0.01581,0.026019999999999998,0.46283,0.0341,0.02338,0.0038,0.01951,0.02962,0.04225,0.01087,0.038130000000000004,0.06602000000000001,0.01158,0.04438,0.0169,0.00895,0.01312,0.00942,0.0496,0.0737
142,0.0013800000000000002,0.22818000000000002,0.02307,0.027719999999999998,0.0273,0.0105,0.01909,0.04324,0.01883,0.00607,0.02257,0.01882,0.0296,0.02636,0.01034,0.00743,0.30535,0.1161,0.03663,0.02143
143,0.01245,0.01958,0.022269999999999998,0.01575,0.17471,0.0072,0.02385,0.08267999999999999,0.02108,0.25381,0.01059,0.02648,0.021240000000000002,0.01672,0.01917,0.00836,0.0114,0.19913,0.01591,0.03764
144,0.006409999999999999,0.01067,0.01821,0.013059999999999999,0.26621999999999996,0.00489,0.0132,0.15641,0.01465,0.29536999999999997,0.07051,0.016819999999999998,0.00132,0.0236,0.0028399999999999996,0.0050799999999999994,0.00787,0.04947,0.01057,0.012830000000000001
145,0.21644000000000002,0.30883,0.0121,0.01178,0.01915,0.0039,0.01971,0.01491,0.0143,0.00551,0.01569,0.022969999999999997,0.00734,0.02349,0.00549,0.09596,0.00823,0.17231,0.01761,0.00427
146,0.02241,0.0228,0.46817,0.01806,0.03932,0.0013800000000000002,0.06558,0.04721,0.049319999999999996,0.01084,0.02974,0.058570000000000004,0.01635,0.05499,0.00933,0.00838,0.01535,0.03015,0.013930000000000001,0.01814
147,0.00527,0.00797,0.013090000000000001,0.0104,0.01137,0.00361,0.00936,0.19407,0.01188,0.22343000000000002,0.28924,0.01072,0.00524,0.00837,0.0024100000000000002,0.00556,0.00216,0.16733,0.0069700000000000005,0.01155
148,0.022,0.02086,0.04492,0.02136,0.01345,0.66086,0.02735,0.018609999999999998,0.02317,0.00585,0.01671,0.01967,0.013080000000000001,0.022619999999999998,0.0067599999999999995,0.00485,0.01181,0.01072,0.01551,0.01985
149,0.023790000000000002,0.018359999999999998,0.01763,0.69526,0.01733,0.026869999999999998,0.03586,0.0219,0.00854,0.005,0.01875,0.02065,0.009609999999999999,0.02168,0.00663,0.00627,0.00928,0.0058,0.01123,0.01957
150,0.10534,0.08847999999999999,0.05331,0.07645,0.00367,0.07562,0.0475,0.00445,0.0657,0.02456,0.04365,0.0811,0.0027,0.07868,0.029560000000000003,0.11384000000000001,0.07034,0.028010000000000004,0.00209,0.00495
151,0.26511,0.10469,0.012980000000000002,0.00734,0.00969,0.21523,0.009170000000000001,0.01163,0.01192,0.01541,0.02187,0.010029999999999999,0.00213,0.00997,0.0026,0.24022,0.01004,0.02338,0.00534,0.01124
152,0.11649000000000001,0.06325,0.0066,0.00534,0.06322,0.09396,0.04827,0.00632,0.00687,0.0026,0.00551,0.10725,0.10811,0.1113,0.00216,0.14735,0.07874,0.0068200000000000005,0.00469,0.01515
153,0.0443,0.0501,0.01895,0.00274,0.02507,0.02058,0.09511,0.1298,0.00799,0.09221,0.14955,0.031180000000000003,0.00259,0.054520000000000006,0.007859999999999999,0.08215,0.05587,0.09822,0.00936,0.02185
154,0.09158999999999999,0.08158,0.00645,0.00396,0.08069,0.0486,0.11787,0.013609999999999999,0.02538,0.00735,0.00853,0.039389999999999994,0.09243,0.01226,0.01951,0.09852999999999999,0.0689,0.05234,0.03837,0.09267
155,0.06692999999999999,0.04251,0.02338,0.08134,0.02284,0.02108,0.06776,0.06649,0.03246,0.05426,0.07429,0.057620000000000005,0.0391,0.10076,0.02093,0.059539999999999996,0.07753,0.06309,0.02428,0.0038200000000000005
156,0.0165,0.14049,0.008490000000000001,0.0178,0.019540000000000002,0.01356,0.0347,0.31343000000000004,0.015040000000000001,0.026619999999999998,0.07544,0.029410000000000002,0.00412,0.01034,0.00458,0.00615,0.05044,0.19391,0.0078,0.01165
157,0.06067,0.02712,0.04532,0.40818000000000004,0.06217999999999999,0.014240000000000001,0.01829,0.045630000000000004,0.043660000000000004,0.011090000000000001,0.03949,0.027469999999999998,0.00965,0.050230000000000004,0.007359999999999999,0.0109,0.014190000000000001,0.04525,0.0297,0.02939
158,0.10683,0.060489999999999995,0.01063,0.20485,0.01658,0.01697,0.0112,0.014669999999999999,0.00329,0.00503,0.03235,0.04747,0.006490000000000001,0.23973000000000003,0.00446,0.06415,0.10639000000000001,0.02363,0.008409999999999999,0.016390000000000002
159,0.04225,0.08879,0.05404,0.07157999999999999,0.036969999999999996,0.038689999999999995,0.07107999999999999,0.031089999999999996,0.058570000000000004,0.02554,0.08235,0.07804,0.00328,0.09183,0.031,0.04894,0.06623,0.025519999999999998,0.02839,0.02585
160,0.007529999999999999,0.0239,0.02732,0.02418,0.02461,0.00605,0.01822,0.0436,0.13754,0.007379999999999999,0.03047,0.04703,0.011040000000000001,0.059539999999999996,0.43662,0.01008,0.01515,0.00835,0.01484,0.04655
161,0.01475,0.28065999999999997,0.02062,0.15457,0.018019999999999998,0.00405,0.00967,0.018080000000000002,0.015519999999999999,0.00464,0.01648,0.01429,0.00607,0.01466,0.00473,0.1615,0.19912,0.00599,0.0155,0.02106
162,0.10063,0.0873,0.030510000000000002,0.09459,0.03286,0.03607,0.03745,0.0422,0.05624,0.06951,0.14107,0.049089999999999995,0.00863,0.04855,0.02035,0.04185,0.03967,0.03514,0.01055,0.017740000000000002
163,0.05944,0.03871,0.01,0.00293,0.00818,0.054229999999999993,0.11069000000000001,0.016630000000000002,0.14222,0.02493,0.07406,0.09706000000000001,0.0023,0.05072,0.11487,0.08399,0.04551,0.03141,0.01258,0.019540000000000002
164,0.11792000000000001,0.1301,0.00594,0.00614,0.005229999999999999,0.00294,0.00634,0.11062999999999999,0.00627,0.09108,0.09318,0.00494,0.0017699999999999999,0.00442,0.0012900000000000001,0.04437,0.18172,0.17727,0.00318,0.00525
165,0.00317,0.02159,0.00778,0.01023,0.0033200000000000005,0.0035,0.0141,0.10767,0.00877,0.30472,0.41576,0.007370000000000001,0.0048,0.00564,0.0018899999999999998,0.00228,0.00349,0.05952999999999999,0.00719,0.0072
166,0.05856,0.048639999999999996,0.07904,0.09119,0.00446,0.057010000000000005,0.07957,0.0032,0.05844,0.00412,0.02575,0.08535,0.0063,0.09493,0.061470000000000004,0.07556,0.10942,0.00548,0.01201,0.03951
167,0.11119000000000001,0.15286,0.0058,0.004529999999999999,0.01119,0.0023,0.01654,0.06917000000000001,0.027089999999999996,0.12202,0.13969,0.00777,0.0035,0.00685,0.00628,0.04682,0.14551,0.1007,0.0034799999999999996,0.01671
168,0.14259000000000002,0.12394000000000001,0.007659999999999999,0.01141,0.0097,0.00193,0.00822,0.18270999999999998,0.00809,0.2223,0.02713,0.00732,0.00224,0.00572,0.00247,0.0028899999999999998,0.012190000000000001,0.20606,0.00742,0.008
169,0.09038,0.054729999999999994,0.06543,0.11323,0.010759999999999999,0.0997,0.08999,0.011309999999999999,0.033010000000000005,0.007940000000000001,0.00785,0.08216,0.00248,0.09673,0.004079999999999999,0.11707000000000001,0.07343999999999999,0.02843,0.00275,0.00855
170,0.09957,0.06138,0.06754,0.04028,0.02742,0.06565,0.06054,0.03084,0.0042,0.00346,0.052610000000000004,0.08444,0.060820000000000006,0.07426,0.00158,0.07647999999999999,0.07493999999999999,0.04701,0.021830000000000002,0.04514
171,0.00987,0.026060000000000003,0.018430000000000002,0.017740000000000002,0.12079000000000001,0.00402,0.0367,0.03055,0.018269999999999998,0.00606,0.015059999999999999,0.018619999999999998,0.0107,0.015569999999999999,0.00784,0.00626,0.00949,0.00837,0.44933,0.17027
172,0.0027600000000000003,0.01493,0.021769999999999998,0.014459999999999999,0.044239999999999995,0.00589,0.03023,0.04665,0.0159,0.46743999999999997,0.21288,0.02362,0.02945,0.012490000000000001,0.0049700000000000005,0.00713,0.007209999999999999,0.00629,0.01406,0.01764
173,0.10482000000000001,0.03477,0.08523,0.11844,0.0028399999999999996,0.03937,0.053020000000000005,0.0025,0.03102,0.02478,0.05002,0.1216,0.00122,0.0979,0.036789999999999996,0.07972,0.089,0.02167,0.00236,0.00292
174,0.00916,0.01505,0.01686,0.046189999999999995,0.017830000000000002,0.0067,0.02206,0.04819,0.34848,0.0073,0.02427,0.01321,0.0071200000000000005,0.03762,0.32319000000000003,0.00658,0.00675,0.00951,0.01614,0.01779
175,0.02239,0.05512,0.00827,0.01375,0.011470000000000001,0.030489999999999996,0.16293,0.01085,0.08569,0.009640000000000001,0.03199,0.10182999999999999,0.00426,0.10344,0.16430999999999998,0.09151000000000001,0.027530000000000002,0.01685,0.0128,0.03486
