site,A,C,D,E,F,G,H,I,K,L,M,N,P,Q,R,S,T,V,W,Y
1,0.01444712450265406,0.0492573296113282,0.028514632509441373,0.0277167737325602,0.01774555017701179,0.05928242475646842,0.05430448074548159,0.021392811469942114,0.044008847508757845,0.009729164328124687,0.02196931029238899,0.03414001812591879,0.015678966616866144,0.014719189291768225,0.4612427097247313,0.04372613988780789,0.017422717330566793,0.0216435519728032,0.0236112170253669,0.019447040390011456
2,0.01877916940437422,0.020247952334098325,0.019967354439377583,0.03299429860475214,0.021066836038079764,0.5049290517525721,0.039859023977848365,0.019773850568442924,0.020548773244130007,0.01273113113051408,0.023590076856828165,0.03511342072653595,0.05276263223361975,0.03054995273329638,0.04207073658202905,0.020627304542993146,0.026548934994511376,0.012838914798090198,0.014395098392044389,0.030605486645862084
3,0.008873481589532639,0.03811922817293064,0.052555956679979,0.017453603575606713,0.014767023978913354,0.6919196085954206,0.014470354540615992,0.01522138170573053,0.01559717797109356,0.005722269517768026,0.016229226230076305,0.016403707686185515,0.007556083267104313,0.01542910390093631,0.0061501543910197414,0.01843035929920761,0.011314750812602442,0.006381746545843592,0.012591008658919664,0.014813772880513438
4,0.032311028685953605,0.018494291220987398,0.0211838315753323,0.05048944883534751,0.020100835561976147,0.6029135700561863,0.021557084029764438,0.01960594934599186,0.019116802290046177,0.008551248677749096,0.020709602669784957,0.02268848873493837,0.01320479072668067,0.02071357240529836,0.024289805931736592,0.009900621871910906,0.014420155928371219,0.01267908160186401,0.02213583121617512,0.024933958633904976
5,0.05647175259432845,0.05470125859471883,0.024436072188964236,0.05690664948677621,0.019353369100565305,0.06049955712665853,0.0040425118876367926,0.11764527834277719,0.04555319592110726,0.05670539645808857,0.05571496937124118,0.03427667508000282,0.0009854466570976869,0.060007968402283986,0.03728394924877298,0.09412475265155883,0.06883099420587604,0.0999776460120553,0.006594522994401883,0.0458880336750879
6,0.10028101760983456,0.11047615775845852,0.01248677737632623,0.023137760839568054,0.009432291258593304,0.45258842268658006,0.016795326120184258,0.010124469605341972,0.012224891189663512,0.003346673739446922,0.013012956759664402,0.011134305905022318,0.004226467791588614,0.011902375220372133,0.010567219560278776,0.17131970318746612,0.004731893141145427,0.005128720633870113,0.00649497289588237,0.010587596720712343
7,0.026252009721546808,0.05978145867353754,0.08475603550495653,0.09642517927842688,0.04574058585474635,0.009513058849102588,0.036069547214616776,0.042562471253413864,0.009135445203208532,0.02140436320962905,0.053597133935809164,0.01830509274765991,0.0039043234429903314,0.1945723181716009,0.0023168664943923954,0.04671981786484481,0.024026248698901357,0.038519043674694296,0.08564479448133233,0.10075420572458964
8,0.02473886421915275,0.055700156924781856,0.015844417177884332,0.015656319146331192,0.012797264436748083,0.005394424670523128,0.01361810651480289,0.049495304697762775,0.015141029601747269,0.005799303593233424,0.013406705129572788,0.030347135796500176,0.012793924031937786,0.013767574003673616,0.004492955297406253,0.08579452388404435,0.5715706291101448,0.028534923030113856,0.01188563952714154,0.013220799206497144
9,0.053038329589105364,0.12212850996268403,0.00449459338446212,0.006189220308350292,0.004060819831821263,0.007363872324497682,0.003497358602534625,0.15535290614457914,0.003984549413026756,0.15745050719443668,0.016084583675459105,0.004158485309674536,0.13054890057870563,0.02026862571249818,0.0035414164266089217,0.045763852878057065,0.10877570837576614,0.14600167511266623,0.0032881158313627134,0.0040079693437035475
10,0.008669457449229865,0.017319785276760983,0.016548586246033448,0.04094715351261452,0.016398986965061185,0.6826124435327847,0.017429358042224934,0.014723050598856832,0.019688590382566287,0.006804737634049476,0.022691008820390067,0.020035851178436478,0.01064963247580061,0.022745906962915712,0.01766284485284246,0.007551725695518631,0.011906682424440245,0.01524519735032114,0.013441280902785731,0.01692771969636673
11,0.09910013333687429,0.27123505052722446,0.05710364732698194,0.11514879766118274,0.035560536754822986,0.03940507595949071,0.03421393457984872,0.029931898100906632,0.022606671322884405,0.017316500578339864,0.009584996595808293,0.007906910954309143,0.002009411531685734,0.06733599938710391,0.0425012980071353,0.027000845466548788,0.017149614540104854,0.05144543455606706,0.01883054476850209,0.03461269804417809
12,0.0958252876521733,0.011854431633619697,0.011698423770021707,0.08332684619082587,0.013817420118149326,0.04707168397495137,0.03378758078519913,0.0070062218876254375,0.10915217338764312,0.07640152018606189,0.09768652965101064,0.10267604733671978,0.0036460593029253034,0.07706303435882805,0.07043803975134066,0.04788842949371313,0.042901892182541326,0.04004715759598581,0.0047315298556380265,0.022979690885026417
13,0.024472583169906453,0.04888752949339049,0.03330264281378472,0.03522591017354934,0.02911707251417821,0.043369717101423316,0.03899112331866408,0.037594550136601144,0.030002384883691526,0.02628418992805815,0.025266954276367538,0.04219572904677246,0.026654075761248754,0.038409591303156784,0.09179694175065899,0.04400183164420298,0.03286541678372845,0.01523886154684151,0.3110293365033727,0.025293557850402396
14,0.016080239880892105,0.020957906022572238,0.024918726681579222,0.02349938295556228,0.028214283462730708,0.006984457073170836,0.08336939796178951,0.0655586369739062,0.35640995861113195,0.014110692233386018,0.019554613590980235,0.08797344139563597,0.02009057406174465,0.037454632897953775,0.08753001766838293,0.014232989196836195,0.03927550408058612,0.010853892607652989,0.0156548755718277,0.02727577707167839
15,0.05668835554326027,0.0120204123107382,0.02683194530982602,0.007272717707674619,0.11955277234029085,0.03266106706282891,0.05127180416274839,0.019948326603634256,0.03477114450853206,0.02386488911139472,0.06096089950315842,0.19650371398495942,0.0015903888380842108,0.022742031148860618,0.017528689371120003,0.05098306056769494,0.1176420327598031,0.003899825690763656,0.07411794423256675,0.06914797924206056
16,0.05906571954886526,0.06444071222936955,0.007182323469270567,0.12106651113318931,0.02944953798126053,0.03136284595693051,0.0597964225290292,0.032815543139825216,0.023190016654841942,0.04952858117834568,0.08378849135133055,0.018535174816843098,0.005463915079713378,0.09587043299817608,0.10756210162668779,0.1255071783450324,0.049663231549428324,0.029359973404938722,0.0028026579322035818,0.0035486290747183302
17,0.0050193211921818245,0.026025203727464294,0.010444604106624907,0.0138493249212975,0.011922625061286692,0.004187729641253495,0.013324172949916595,0.16038888583546854,0.012032427801645039,0.2727893976759402,0.18350363160835814,0.012150144963586533,0.11939628498686874,0.00778506690084927,0.012244340159506052,0.0044761024060963415,0.01329487966472265,0.0976907036254571,0.008079288638724024,0.011395864132752
18,0.011639427841641027,0.023360824430348398,0.03705025033465841,0.041479365074510235,0.01808777382958633,0.11496971823574734,0.022940175446288097,0.019499156325923344,0.045060587203486435,0.01813892263075246,0.011178757927604963,0.25121271292130143,0.007424779146263516,0.06910654172156333,0.04304894114756282,0.1360407427962814,0.04999315427910765,0.01674933341336922,0.009939313282810504,0.053079522011193134
19,0.0159080354123103,0.056459136602748455,0.055696479437970015,0.03472623312301915,0.04408767220999133,0.0637608465990616,0.09421165033720222,0.02004525373100398,0.0651398505571088,0.060999987656524673,0.09680349648133116,0.054955095611132446,0.0016597014737646375,0.061782420257084185,0.05876029432174039,0.02343241467803685,0.05365080155276364,0.058599802519228854,0.05913432373783194,0.02018650370014537
20,0.011362107159337645,0.06032718821402768,0.014640956045382868,0.006907850551670745,0.17629549045976373,0.006106288475162973,0.007579172963853406,0.05013401226978949,0.009797311739516127,0.22891518497083613,0.19408316403656553,0.0090513363991235,0.004272646590540845,0.025322044722316948,0.005673350160744548,0.0033048451720404776,0.09822622300358007,0.03185599618402764,0.005415992280132865,0.050728838601586786
21,0.09989001496568678,0.14385370837412192,0.011621688641500916,0.02478126106265244,0.012974608295504944,0.12948062747105202,0.029711556058265386,0.0074692754841014985,0.023382161388571007,0.045354708369754256,0.00993330952662997,0.10912585398196441,0.11854246889789596,0.007960758854453617,0.006595703875974641,0.10390792710935978,0.05635177330578963,0.04153182301201062,0.005689289788844158,0.011841481535866036
22,0.10531074888797275,0.030747844907783935,0.02395622225316167,0.07329614502093153,0.017764883807198074,0.10016980204346841,0.027315169888609728,0.006867899547432469,0.04309088199251577,0.018874585224024118,0.008556490291268879,0.007576772389290477,0.028403384701874274,0.10991720377711524,0.09219953431487986,0.13393278439439227,0.05501086333755019,0.02965233007474541,0.009621075549459178,0.07773537759632576
23,0.06976289649876373,0.013791627261541458,0.07797632018411177,0.050356299102963985,0.004631427218706611,0.043633584016867726,0.0898091891082557,0.04580142615135803,0.010882968626803324,0.07207974009786146,0.05792189677346605,0.048623351467866595,0.07270625069067184,0.055385521925348964,0.010703365799611562,0.11796651713139365,0.06870216451477282,0.06566961985190414,0.012535136176497997,0.011060697401232602
24,0.009486879498836275,0.07095460094120272,0.06433808323303139,0.12806744503184211,0.008790908550501306,0.06515465941217569,0.011297275267686738,0.02489143951379201,0.02518360341641314,0.04603269601446692,0.07327425133233664,0.09702572167268815,0.017744780867414295,0.15253018896002896,0.008421099404345093,0.05261565626178376,0.04786164185187246,0.060613347967182485,0.02767117106015259,0.008044549742247237
25,0.015658529571763256,0.033322162845272375,0.02395033708939204,0.01755007524199445,0.3009689629598644,0.009186702351536749,0.048762616298364175,0.06216530926250793,0.018328051321043485,0.03506515377859986,0.022100652725726196,0.03309473333319875,0.03350141398686863,0.024600906729700965,0.007742689625101469,0.10750836795190953,0.026024574750215784,0.011523811605625829,0.06326469224650595,0.10568025632480815
26,0.05079775889885992,0.04182059450963311,0.016381346668456705,0.01837895018885565,0.21206800746715426,0.0015819921699909301,0.060913803770139746,0.09427903628955571,0.02358152801806475,0.02963327444744335,0.03526613351558148,0.16313368805240216,0.0044483062245939415,0.05024246939011743,0.026484688085446982,0.025294181495728877,0.05075344964924004,0.0134289761493686,0.002348947703782386,0.07916286730558394
27,0.05332567653676533,0.07330765297299006,0.04904901546703099,0.046590588235381133,0.04254541303771984,0.0033929869406962936,0.012798913205646969,0.017087629629203346,0.18557118404190298,0.005667632935821776,0.028174301261785405,0.03864564066277005,0.11739824075387294,0.03643611876104911,0.09001184337140829,0.11816926990214667,0.022457547370579107,0.04423594440640224,0.002466739788737505,0.012667660718089944
28,0.011712884923163048,0.21103903063671856,0.04116227212763351,0.015237715302524447,0.07825155561702334,0.007787535737304026,0.11010341712096575,0.02383611414456875,0.014604700248509432,0.007795602025833161,0.020316387547272656,0.05358393847377201,0.013718337098657975,0.021916633913047434,0.006717251714363479,0.02974483545285528,0.011145358028124011,0.009248185296052355,0.011999157511773264,0.3000790870798375
29,0.010557849609827547,0.01760767497714887,0.02067904514881517,0.11148190498825866,0.010568370450237095,0.010569772303443355,0.22920010313701514,0.06253191715726332,0.2620130394006113,0.007114086219984179,0.017771862078650367,0.012770155547920587,0.011771036998676732,0.030498966163689665,0.12173774400464804,0.0088118950721469,0.015993369395395723,0.007952345895117573,0.012380069710191286,0.01798879174095849
30,0.07865187726306092,0.013504718028461997,0.007926273867775195,0.05236792729854987,0.008421834495509772,0.03285617268119795,0.022828681128983914,0.009489035647944956,0.11758649278944443,0.02765790847694506,0.019495925467660716,0.09854618539909671,0.005880318781228034,0.07120800027744008,0.14389444711094262,0.203074033678843,0.03642546691324687,0.03233142518825706,0.008740490746671183,0.009112784758739686
31,0.06062532204469317,0.05750627401180851,0.12078411538959326,0.023831197366071224,0.011532214508592716,0.008889551725740706,0.015121444771646796,0.07583997217518648,0.01429901752409562,0.02958751778497739,0.02760061442387427,0.18972673567142875,0.037804577309226234,0.08393961151251825,0.045494869224191624,0.13745819031556575,0.01148917203421722,0.024173916981865756,0.01261589774413522,0.01167978748057107
32,0.07121866189914515,0.044861151235990104,0.041283801907720644,0.02392536265684905,0.021331953444371114,0.4659799174771203,0.04260339614575905,0.02621872321618722,0.024589065082679468,0.01029506733794322,0.024457083089088668,0.021326490232762403,0.016532138476283355,0.02441749817156845,0.011873697888291627,0.04838563643909925,0.016920810701120826,0.016881742330631142,0.01960542588829362,0.027292376379095363
33,0.011358972120322896,0.02043273377929215,0.020829022070627996,0.01971579923463129,0.014425799869239097,0.00841760922701497,0.019786347187491244,0.2484221931639981,0.017279197681727684,0.030321069651749275,0.028653466275240208,0.0337522235916113,0.011954019603208523,0.025810495163684357,0.0071288261553317045,0.01949077545374375,0.10811339666914487,0.3141393115887982,0.01888168150827344,0.021087060004868874
34,0.06722966650956672,0.04521686877606687,0.010262078514195788,0.007938996149463518,0.00596324100179812,0.02512031290034015,0.006998828343232388,0.05774341570492087,0.013603611582926223,0.08089317311599795,0.0878836162526944,0.06315966314950738,0.018362145463694114,0.0679619427301951,0.030628964649654745,0.13206912068297352,0.10114349814950427,0.07103631719382113,0.032411292198409526,0.07437324693103727
35,0.023246527546796937,0.021631905568065046,0.18210416698161397,0.3620570835714111,0.022162565050295898,0.12997862162576995,0.02251594229364175,0.016297241930732065,0.03217009104498311,0.008765180723483344,0.01884612944722344,0.017160084320658832,0.012317678102098223,0.020286798576400283,0.011782918047459413,0.010303024937382341,0.015523312332573144,0.0325003937691592,0.022343706629908228,0.018006627500343764
36,0.10386840200452037,0.029540197855902357,0.026806862698812942,0.04322197909498577,0.014164556844363836,0.017908357027805164,0.012560913303426272,0.0493863960043282,0.022236217574930234,0.014137938493037018,0.03118305500709575,0.015791504521806443,0.09280949977922616,0.01562536583453041,0.006088735131451605,0.09516389089036241,0.04995387057101006,0.33265121624020555,0.01141036129299866,0.015490679829200733
37,0.010509355448813323,0.08357583010635333,0.020129379424589002,0.017283614003278727,0.05443716793675245,0.10415874265229566,0.08168704445556188,0.014030843373208557,0.036270297376383584,0.1485154478286568,0.017382263997737096,0.03569937306219736,0.06634585550654355,0.031184791213189914,0.06226094010906131,0.08301904823552604,0.01996756275388016,0.0535995984963399,0.03465012667531272,0.025292717344318653
38,0.025696395789340954,0.035033212042492566,0.040716575718524405,0.023989140573161177,0.027125378855313274,0.03878089292523212,0.03343074404906076,0.06075015933628529,0.03539793274380273,0.023648260649982628,0.031668876263265096,0.04428262387947648,0.028045087494773056,0.034112746724082696,0.3798175600139082,0.031956517798473985,0.027651659079363036,0.01669921483226758,0.032262537756682606,0.02893448347451133
39,0.0973440136881205,0.010586324160305501,0.160565013407717,0.14327301616289917,0.017946586719696723,0.11021942238562381,0.007963046473378666,0.039312787547917206,0.027439888793988253,0.02582107368396335,0.1023155013480596,0.011737907769031424,0.003532141167161236,0.011024416486709921,0.00391564550400363,0.1167297405841009,0.0714289041072535,0.0146470310102857,0.012248234786002536,0.011949304213781422
40,0.023606186021436548,0.008555043392888812,0.1482528892416229,0.12538078154702997,0.00600600966316265,0.05167641696804809,0.022074230887667984,0.07238772634273417,0.00930494656301034,0.08628903884983025,0.013759655542279637,0.04744650963177943,0.10891612504163718,0.049781601689560195,0.020852563639948356,0.02883837421720938,0.0759901850674766,0.09124584957774182,0.004081829741287865,0.005554036373647848
41,0.3926150926757137,0.019618787054590747,0.02615049971294157,0.014197124669594252,0.014648352755182335,0.008121198528798767,0.028063694006332105,0.02426146791798558,0.024761100862165847,0.010718863458743568,0.022840636229018385,0.01739410337937613,0.03892441336314971,0.025323836090452648,0.009049529615637916,0.20902431897613397,0.045835549169439015,0.02646404790285523,0.026817313432130573,0.01517007019975793
42,0.16359296369600423,0.0962725949795804,0.011840310660463862,0.016593538513839167,0.013177766621584007,0.004583127816813381,0.024068672463199905,0.07256776877566956,0.013609878458364108,0.015314654662832774,0.05940538987851014,0.009290229526987276,0.011701115703857498,0.13472505979816454,0.19898605785176307,0.019136366600315147,0.05680440438703672,0.056822000686068415,0.009864594600661417,0.01164350431828435
43,0.09252318312817646,0.033610609009233926,0.006550213763904757,0.011197960263106314,0.06884211416709868,0.01695570513135448,0.018942448054155632,0.05051056312019906,0.034238482064928286,0.044767697868142706,0.010220798343962136,0.03626639649674915,0.0016263909806031734,0.12716514141334995,0.09246520892975257,0.07288345163474556,0.15066315976244463,0.06617757137416798,0.059142520132591754,0.005250384361332769
44,0.30555054601976156,0.09613985257600967,0.01433389425773387,0.012556417859141727,0.013487544247046864,0.008342599446612024,0.08221243130203806,0.051889444173072286,0.017326174878988475,0.06286919799161295,0.021059999426961316,0.02770592854487149,0.005060008980907644,0.021677756194298244,0.016707173657103638,0.10951807852123516,0.04767495117750846,0.04666123589544031,0.019891438891103442,0.019335325958552873
45,0.010879838114042157,0.03212947099555792,0.014268162945229326,0.015881493236534983,0.05476853658344447,0.014489874071002027,0.05533854264624688,0.1732061912894313,0.020701316823253442,0.3905307432221712,0.04497564425162195,0.013592409208143396,0.033507338032158114,0.034675083056917966,0.006528792466712304,0.013177274064127633,0.008340763655972387,0.01793218833091387,0.031989691064219984,0.013086645942298756
46,0.05961801143500512,0.037287491945317004,0.08547405814316873,0.058519786362088926,0.028173448288868246,0.03874319003870908,0.04118051625585437,0.07056665324282656,0.0679705165439,0.05524158692122225,0.06452493989086898,0.03103925485676876,0.0010422674283614094,0.017684213776489453,0.06275572882647142,0.0733791241646799,0.05105588617031329,0.05638539558511911,0.0027494072129238246,0.09660852291104359
47,0.03452777180563077,0.14741367415892834,0.11791864035857838,0.15862396336883366,0.02385791934229394,0.056237794986147754,0.061095096281950444,0.038218447865781525,0.006754584003414461,0.026466746180536193,0.02196995811527814,0.028883826084377322,0.001808714166982021,0.0195122310824503,0.0019751489052227318,0.058073817494214426,0.08314757951078287,0.0630215997812362,0.005450025360651717,0.04504246114670878
48,0.07005317588654919,0.06562673519250538,0.004520644372230905,0.03964909974128159,0.013132792061181783,0.14777637774857721,0.08457429499741231,0.005321947190202847,0.09025765949689231,0.04550614958837416,0.15035649352843483,0.11605097542530464,0.002404573365192856,0.03765572184804299,0.04985890457008345,0.01757055689261287,0.008920915462227032,0.007909889222145939,0.008662633746059573,0.034190459664688116
49,0.06535689320070755,0.128166308872394,0.030273287221903367,0.07193446973119222,0.027849902816388526,0.011420173382819367,0.03214119996787023,0.03924714648434436,0.016496791410810827,0.1406915968511708,0.06412044305406901,0.047869705663907997,0.026500659957276615,0.027143111347892494,0.03981148609315613,0.010524321441399963,0.02686690606269235,0.056706586101449116,0.012326349988527788,0.12455266035002738
50,0.05166077524956095,0.016172440724712227,0.23756826756311766,0.022932752419547592,0.007732242648848742,0.052882935702720214,0.03721822471204654,0.0047994224437743,0.028008040535892974,0.03306751329579638,0.008810512514641794,0.13254460958237585,0.004033546868440359,0.008892715842356328,0.048565473759193456,0.1870787408243242,0.0215985260261736,0.08130777733779136,0.005889202472520553,0.009236279476164885
51,0.15651602466573894,0.1493614036482646,0.04017302565252132,0.007785689497996341,0.012475500636926653,0.03178096662798649,0.01773464030490121,0.08873521773030656,0.021948057795385518,0.0033235107112225258,0.010433408674710423,0.10375937808754536,0.0047808765383194445,0.07528872219497759,0.03546034269051852,0.07757483668089715,0.08316133925730339,0.038671589844409666,0.01805356014828313,0.02298190861178515
52,0.0629315984188025,0.061089913881640964,0.09922970176196272,0.02976360746725511,0.03707623633488507,0.15174901041465336,0.026869537262731415,0.008272196942971741,0.12394328132538708,0.07710139199800403,0.05992158977719514,0.008695477532643133,0.00274429647351291,0.008651041740337784,0.005946323006228631,0.13031277362311458,0.08076925859153668,0.011107061052316167,0.006809311096474258,0.00701639129834676
53,0.009681477825671973,0.019695105687723362,0.0576351797585793,0.07778973703588189,0.018161037870892727,0.5385917029843746,0.01521868543819548,0.017926895533372466,0.022213071588642747,0.00846639031840485,0.01854899545187666,0.017225900075847785,0.011426797872913801,0.031180688361063618,0.03194478360701034,0.008487904291182529,0.010754670689051294,0.04305666206375764,0.022431306623652073,0.019563006921904776
54,0.012375952596855849,0.02396522567945829,0.0051941802771675715,0.007397627637730949,0.3388815607493155,0.003953504123679737,0.170892273431821,0.0057272130268375895,0.005883691986475194,0.007213014046502487,0.020535129882585733,0.04047316524941548,0.0047296344912760024,0.07634116145070398,0.05940092328148514,0.002283207093828056,0.0024277639363461867,0.025565966569483744,0.0348111295517326,0.1519476749372989
55,0.21588058159127968,0.11102697561720112,0.010924005743675228,0.011073112036302214,0.01025102093112005,0.008109414629138629,0.009160099478144331,0.008541010888964378,0.011967537412680968,0.00420723136813515,0.014018955620604488,0.007071895317052636,0.24862463515642094,0.009780196421613685,0.003928040690376298,0.1671334566100089,0.0982195148873001,0.02702074956539482,0.013134462929022492,0.009927103105563924
56,0.037365163865054105,0.011898503812885892,0.010595984261110584,0.012470399252157868,0.01140732826735986,0.007828536274057567,0.01306539565568118,0.041716184291135404,0.011509474691375424,0.008558657624091276,0.020048336384167895,0.008090534443530153,0.3450624871628778,0.01060311949654902,0.00600142965725684,0.004992164342876186,0.014131195448744825,0.3983056421010674,0.01693400170314546,0.00941546126487525
57,0.009665078185851625,0.014047932287346004,0.015182402832361984,0.024570336994989454,0.041765422177284725,0.011429007176639923,0.012038684624553018,0.023384591279203917,0.022129078371495314,0.008872538817596462,0.022820280766422642,0.015650659362386323,0.13301913328784917,0.014731938061465926,0.008810807824188046,0.5330401703919353,0.006934388780391786,0.010462917251005356,0.02376159350952671,0.04768303801750628
58,0.041557019277436,0.024061851440835277,0.025156758153926772,0.019798581216716828,0.023072630586596674,0.033910890416264904,0.016619899233524582,0.023089699003934414,0.01702358236225738,0.016063339766358358,0.01829254862147223,0.024108000191131306,0.01841175930075065,0.036255434491504,0.4894957891857315,0.029914693795880798,0.014971794596769101,0.013655696344304835,0.08879119852272052,0.025748833491883897
59,0.00978387472990367,0.017841884747542065,0.019385722283592633,0.09172742311351476,0.02425598910664624,0.6070184554148585,0.014765341400987885,0.021697123483443964,0.025448521578069337,0.007468790106253553,0.022849948705238144,0.020049108139694856,0.00786303816953995,0.01781387036969185,0.0287075731188504,0.008789437206247436,0.010201501481508859,0.010164848419540552,0.01587018978758146,0.018297358637293933
60,0.1920111763849026,0.04712150139803527,0.041643341574230115,0.017393636410762976,0.01482398615987006,0.04921903156214209,0.011441612324011842,0.03581391376693126,0.021106213635319285,0.006020083502322078,0.014028829293043606,0.028298618218977986,0.005582478578223365,0.01435870585697015,0.011805444066196756,0.2529152220556383,0.06793471201398218,0.12835283075536374,0.016101934568558962,0.02402672787451736
61,0.2855744353561327,0.03176564064502428,0.036227778143873436,0.032680074238547976,0.04120629783123921,0.008651283085615668,0.03798641098418305,0.03425310129294926,0.030306254258398686,0.016319924653254082,0.021458923361329072,0.03586457166093304,0.02756512150123674,0.02873922320566791,0.014430470387367828,0.12611747255033473,0.06047718931311954,0.06826580530684952,0.021779804124934597,0.040330218099008656
62,0.018222864970190916,0.02506316660124718,0.024910147107834936,0.03127064538184311,0.020205483966713327,0.011462147873669823,0.029739723953413164,0.025260348540710346,0.4920244674324085,0.010094140740377709,0.046539632298807476,0.04973363514297323,0.030731246587380207,0.03499737811489124,0.040935798712969915,0.01251138720749436,0.0369787472119814,0.011999091352723593,0.018779978633016153,0.028539968169353357
63,0.007745790736337597,0.01548501640394374,0.014257805842733742,0.019683498554403062,0.08989605577774812,0.009385338128357554,0.027209947068091368,0.14768192328095567,0.01585515782314664,0.47236093457292666,0.014894139559342835,0.009234020939938694,0.04594945153661492,0.016849697704656757,0.013284976301067238,0.005401753475155623,0.006155586970705311,0.041132459473393466,0.015470091274456508,0.012066354576024474
64,0.11442951947700979,0.0855458771902212,0.006165359655151051,0.06380945131757135,0.006033256882715866,0.08040391405325992,0.008184973983086073,0.03742276586026986,0.05865160900044103,0.038689327170625,0.0521183904876735,0.0037290414457486955,0.006239607172916741,0.11052207178535522,0.09129878051021637,0.05536397934812713,0.05320613782277966,0.028215004339661277,0.06265993457094056,0.037310997926229675
65,0.008791930799784766,0.025747080955531573,0.0191407057155867,0.014237056037620176,0.14132810577807742,0.03314924041689782,0.012081847935235993,0.01583147962062809,0.016611682455277076,0.01804028269333667,0.017097295334724764,0.01480835665001439,0.007315804021567942,0.014819004748799512,0.0504992414843191,0.0067967645453029125,0.007695196311489411,0.010441102155560829,0.5307046327186811,0.03486318962156395
66,0.011610485626535291,0.02023065973401684,0.020659849305038985,0.027531211803595686,0.0559431822174814,0.014027971555471964,0.022584909677305268,0.017255277023255067,0.023573973630556657,0.4464746176636127,0.10109134322380828,0.020719510926729526,0.00840690872941527,0.02327933283796857,0.013304740134464168,0.05606711005039724,0.013098899629327199,0.03614600919073529,0.04104631432770506,0.02694769271257956
67,0.2123545047845631,0.017711116068633292,0.015161562186638935,0.04986839705056826,0.023437843392744746,0.009411194213464947,0.0159641108805251,0.013375689173854633,0.01886726032668714,0.03138276985507468,0.06252678681125223,0.012701973207785924,0.005884260317967727,0.017618673845049292,0.006172645231500067,0.007819738452526452,0.15808842965075517,0.2834816231911691,0.015744236836142872,0.022427184523096368
68,0.02113719844514364,0.029536740156654785,0.023581597666720328,0.5649522370815343,0.01751651420078271,0.03667268624164669,0.016073337003868825,0.016902606606285606,0.048133086177394625,0.007002541203768202,0.023699765200604763,0.012890628546015798,0.008554810745540205,0.01828484451296276,0.018796035232663696,0.009014891874423541,0.019474188660760946,0.06801896230394389,0.020674811213309083,0.01908251692597566
69,0.011602262903048655,0.01839962014692751,0.017578650518996524,0.024515504015946384,0.022098832374177643,0.07509097290988787,0.012536121363939634,0.01814429859345835,0.061055345093829205,0.009841050422562676,0.021040544648279036,0.014869664054184568,0.010346992353036679,0.02190468253432646,0.5293399013287794,0.05508807953974625,0.023722237484367487,0.014572579260216642,0.02068534965350357,0.017567310800785513
70,0.09185706366737557,0.009315087212794029,0.07977473598068606,0.047410976293019234,0.014190310708085442,0.501261253705575,0.005655431044324838,0.010247701724504512,0.011841885795703964,0.004227397482136343,0.012436659569177205,0.04539525071222573,0.0032028190300181928,0.009429979454245473,0.021621753281174442,0.09697944731544388,0.004113410511916799,0.006631625265211117,0.014922121536442588,0.009485089709939712
71,0.00819757602208562,0.04169352310893015,0.008634499999080992,0.011384745647554286,0.04383496447486569,0.00797627973029064,0.12763250517400493,0.19083763807716472,0.008675673931773372,0.1370496876227019,0.1735622025341644,0.012246292127503352,0.002127838541941622,0.006031697265429633,0.003950425283794271,0.008341116380056773,0.004020459918883106,0.004607001157212542,0.013189642013982806,0.18600623098857924
72,0.007206046337088574,0.015911518651785576,0.013266494460788505,0.014050821864160972,0.16797903184123175,0.008588054369889206,0.008407557827727018,0.010183193828173493,0.015410672459527507,0.2015856458858436,0.16663242145085355,0.009184724619674125,0.02322854342744869,0.013429650234864329,0.019738185136948694,0.006342742001530909,0.0059787219508432715,0.2640700866379428,0.012947290072074649,0.015858596941602836
73,0.11300551761880645,0.04926542701310033,0.01792378988472001,0.08209896071779951,0.015124952213699083,0.006248603145119883,0.055228909609978324,0.018739468522743993,0.10059902402117746,0.051914658189933675,0.015630028147652845,0.014460730987224543,0.04135217602416887,0.07848546000751636,0.01780456554920477,0.16079611212605588,0.058519621448237524,0.023553429254525846,0.05459940891067697,0.0246491566076577
74,0.020036093384019172,0.037173203657321394,0.02830505791633424,0.02651434377781102,0.03679202998749526,0.013092884759190144,0.05966254225611127,0.02945215601801327,0.0282321703235324,0.08769528379247467,0.08382735295072002,0.028347715876007318,0.31159324940012045,0.049024914959767886,0.014766774219146964,0.039434692607157894,0.03248964254139071,0.019690847999134085,0.019958794049471477,0.033910249524780355
75,0.07913320990594236,0.03060220869500838,0.007249801697483335,0.022811616217329134,0.021155077321838137,0.01854662751688719,0.02949942072534008,0.2695522383454639,0.006391558862612836,0.10763711647764174,0.024931985182721463,0.03099861383532366,0.003036823058409476,0.0975899605459655,0.0026807622140558453,0.03695737400293919,0.029735345443105295,0.08692770367887445,0.0045169902720011675,0.09004556600105684
76,0.022994757642717432,0.024792592763963783,0.024648427257398926,0.05827853419781477,0.01819726117270532,0.5135438716576122,0.022135759859591,0.024923291637904965,0.02738465050907512,0.008506947933126837,0.021367735286305166,0.021287226104782307,0.010445585516187603,0.020283595480109745,0.08025676528567394,0.010870519434028125,0.011112493453355802,0.03423706387035466,0.022596258719574273,0.022136662217718015
77,0.11694533440680088,0.09464839873805381,0.005148685591423253,0.021206513303758848,0.02881883373455832,0.003979772585833542,0.12514237936651473,0.007364903817045136,0.07734096577800727,0.036832789690948685,0.08410689834881876,0.005316706854709779,0.003222818628304281,0.05633876159070593,0.14936922682301176,0.07572154626194894,0.023432754834374955,0.06997731305912362,0.004034335951435406,0.011051060634622113
78,0.049456593138344024,0.07013201901619467,0.01936450233006212,0.023089556053115745,0.034854606534927966,0.020411115198153272,0.013395527614193724,0.037372315799732665,0.021114181069066013,0.04407869433080938,0.01767725455079469,0.014619385408481038,0.009346372098580781,0.011663452364894501,0.007723600890477351,0.008290627024200959,0.3217172054990864,0.2387466246416056,0.02427600811330949,0.012670358323969625
79,0.03446277649265846,0.06693097568602012,0.022609421903989867,0.01455834819508911,0.02101405518808375,0.029896997159976443,0.009864779379814422,0.15032601869022907,0.023063449411479177,0.042877844758760796,0.202932281594803,0.01058387175264308,0.006288883613642839,0.015428736445929863,0.006034691818631033,0.005892647199071965,0.0928335152731383,0.21964189050900348,0.013747341869399802,0.011011473057635411
80,0.016986212407924785,0.021503921396312107,0.591935667117762,0.03593694745146586,0.022066069453260173,0.03705839336196271,0.01372198451486179,0.019314121698262413,0.02053304352013073,0.011931439535021697,0.021818434812871688,0.07473469139608073,0.00778594398721404,0.01966532530321301,0.008240017261771803,0.008255522322142425,0.009205968325789656,0.023947622153073292,0.020208343194117566,0.015150330786761526
81,0.010625016166770153,0.02479854078702007,0.019532135509761888,0.01874889574015103,0.054549780515447094,0.011169839143441237,0.02199266065949334,0.01423446874569343,0.02129575298514257,0.5968220595291783,0.028108316496705994,0.017680255769418,0.039382573682106944,0.022270854105372537,0.01844505967496272,0.008091435634018046,0.009682724104559757,0.019585079228326256,0.019939009130474757,0.02304554239195594
82,0.01414587602404975,0.03216059639309621,0.018237385339344932,0.03681640590137479,0.023685197843754634,0.5847198454023051,0.020340933235826544,0.01961502333666169,0.02352069992040022,0.008640446816109005,0.01871594733781744,0.018946612713658096,0.011853761451447056,0.02754894541012368,0.04643465507868375,0.009479005175202757,0.01495662910007161,0.02225244417208968,0.027398315478163238,0.0205312738698197
83,0.30117327441376296,0.3642943219850107,0.011774656346000913,0.011904999216378656,0.01670113130365066,0.01980393012306666,0.00713300272836413,0.010890295342471481,0.01011643777401819,0.003244750962682662,0.010654165517772445,0.009638609663279958,0.0035312375242764057,0.010841343030317653,0.03594654884102216,0.08874923072930535,0.014488237893932878,0.00493290579444404,0.02553668084757268,0.03864423996266939
84,0.01646131649207776,0.09092816845352705,0.0426136524364052,0.0225999583655589,0.017475196634347462,0.5939653074902745,0.015796969164586776,0.015626089866208063,0.019589258621495062,0.009655669757814315,0.023664071240622114,0.014810771266654671,0.008262638641211555,0.02210324367969886,0.006925866532860147,0.021323546173148775,0.007923027235641728,0.009211961651264537,0.024734963850858913,0.01632832244574365
85,0.02235739279834467,0.03151371937236668,0.028584152379083183,0.04120358739313362,0.043592594168457954,0.05802505674882374,0.0502755038913645,0.048741594908654914,0.035643460036987415,0.023694732712469992,0.04275451208035647,0.02731733675892375,0.044095888712177546,0.044933744948134194,0.30692846315377964,0.0326138933884215,0.033294499753398384,0.028473723626458423,0.02218571226249774,0.033770430906165674
86,0.023956653741148432,0.0350782641756799,0.03088103238473671,0.044896780464662195,0.033876806246136947,0.290158849279631,0.04923702208812816,0.04700573081443556,0.02382338491621817,0.03364364298567283,0.0360884483250799,0.04366712750990859,0.022745559384408885,0.0460783962352534,0.05782520693253802,0.023243657241454923,0.024799268921902786,0.02993443778289904,0.053921507791504925,0.04913822277859958
87,0.019771618850633773,0.01545234842886209,0.03718476002878874,0.030730347117711995,0.02683701433508809,0.5731203269379691,0.015397865819559818,0.02775438811714462,0.03390270590882933,0.009571582652324362,0.033151370098107404,0.025649622929771822,0.006500057045701959,0.027975764448263545,0.012900250620175637,0.02402460154080125,0.01347129410883546,0.021089829678621323,0.024913517393955566,0.020600733938854116
88,0.017497410688177017,0.05246532672534417,0.028296959626636392,0.025615990504867146,0.02618772723178289,0.03607328350360274,0.02056725982906313,0.027511285229585868,0.02917474376039163,0.009401014426693785,0.02773793430239176,0.022945294983882553,0.008646241036801035,0.019761105642938842,0.04464950238379572,0.011735007603378632,0.018317765847813094,0.019665182967908174,0.525707777901135,0.028043185803810433
89,0.11075666307743635,0.15171217677992857,0.01110341423879923,0.013899897887077062,0.01036723883941393,0.15950205030426315,0.007823442296610693,0.015767134140083728,0.018811500319166088,0.005099493231452436,0.015774729300504556,0.01834179598174384,0.0028891578292727003,0.015582246873560343,0.010153804250288346,0.33620858067400006,0.0495643779443605,0.010282587379125121,0.01577371578577292,0.020585992867140385
90,0.005346967050439155,0.03622689460734611,0.02670861178948764,0.013920393413183916,0.01605920605033598,0.006528249252628762,0.04763235510302779,0.011574699381742203,0.012726599332458033,0.003796036146251913,0.010742374193996415,0.017602172535416516,0.007772794234031281,0.21527987152476935,0.009408350958550754,0.007432515994611394,0.005584746631755965,0.007250992876153251,0.09818989831957509,0.4402162706042385
91,0.012592529601957683,0.07400062478120674,0.05087301063498844,0.026411936175117882,0.08632409587584791,0.011084076687450416,0.03287345613895389,0.01716836717725762,0.018915778351541217,0.016460376255804404,0.020018920541635697,0.03374756536916405,0.007499617036267871,0.020660011558931685,0.009716434290331939,0.006670373792851001,0.009511729844604758,0.050984070881911724,0.10271382308646303,0.39177320191771203
92,0.11262883525593172,0.1634312140701938,0.005416339355910394,0.005189054300165807,0.006836757509292219,0.016716156425202286,0.0035175430283597643,0.0543527269380821,0.005582629200439862,0.09199807625758595,0.11762220532881243,0.0035040522141392386,0.000817098544970282,0.004622933598224512,0.004111634934185814,0.14722062608758973,0.1417156393451652,0.10403835493750803,0.006218290715972209,0.0044598319522686815
93,0.4174187992170918,0.15725370238701536,0.024182496970680818,0.02086162487317277,0.014712190385312686,0.09661770799357217,0.008026592211123175,0.015467622791719055,0.017696051143704813,0.006744800996695529,0.021475154709677115,0.015496173391318636,0.00349969936334648,0.017175767619491848,0.005819212635907041,0.05952052690942833,0.011998554879854172,0.04288605161987934,0.027347982268277345,0.015799287632731477
94,0.05482012425368076,0.20542872239966595,0.0045642647225784495,0.008167026754039311,0.004444550298933018,0.14217570715341982,0.012289313947433404,0.036677302813544574,0.00696926153601691,0.0016838095532238449,0.012041391461727412,0.05655722588627725,0.005396015037297806,0.006475725714477219,0.0022328105966399094,0.1575465589622149,0.2438876636199628,0.025771449727452204,0.007466146859668029,0.005404928701746431
95,0.1024583706452258,0.028304469137813704,0.07443237892213692,0.04999732148221351,0.008727184905292605,0.03924630853828678,0.10767877499918622,0.10505577215942426,0.04062935092841951,0.09684459345636115,0.06599447574879626,0.05195969526778457,0.0032294368880346753,0.021367331433328633,0.001718998774807973,0.04315475551155927,0.02875747485657769,0.03265244464306965,0.056762041480038786,0.04102882022164204
96,0.06694864567282789,0.022660196562941128,0.008270436427658975,0.03556783574190966,0.032081403251307455,0.03269217268688325,0.009641299461829499,0.027547268458612717,0.16500702827952168,0.06650540011373851,0.0805473325734719,0.07599369955416667,0.024521967631502065,0.053953620422999816,0.1314619108947189,0.05670887220905911,0.02039663039637498,0.06924036941541158,0.011370631662100622,0.00888327858296363
