site,A,C,D,E,F,G,H,I,K,L,M,N,P,Q,R,S,T,V,W,Y
1,0.017098509586864066,0.0495808984895817,0.03360789527231368,0.03129641159601044,0.02047276833928737,0.04737093933248253,0.058013378162043445,0.02333882573801904,0.07959450874238684,0.013425310787561082,0.025061165659952922,0.03520484451886665,0.04072617637327073,0.04101394302234908,0.3893086096248755,0.020802589568674847,0.022204007588701252,0.0153910816848549,0.01578153462836043,0.020706601283543513
2,0.02195156667032087,0.023412323305066342,0.023789563465793927,0.04347434869147925,0.02626976809601357,0.42439621463138266,0.03749449075073452,0.020892042972930264,0.02343411895408949,0.014502391587162915,0.026420394913593437,0.030541843574780285,0.0513575188588831,0.03465398241443004,0.07605148859012674,0.02359657195417709,0.033454360785554624,0.015608615453190304,0.016079531256561985,0.03261886307372864
3,0.012016399669134693,0.04255865215677027,0.03245527602891024,0.02093455916291185,0.01930217150420216,0.6410558210682616,0.019939570376354177,0.01830115005874722,0.019235681800470913,0.00817809174734347,0.02043338806279841,0.020199745191702038,0.010721151599916065,0.020198999150995923,0.0081853273311234,0.02638643014151022,0.014575880311447685,0.013220945368650905,0.013534493941942387,0.01856626532680626
4,0.062692895768275,0.044474682517112174,0.023080907655306446,0.035386805602436004,0.02296143953915007,0.5146350680786355,0.02529858384502864,0.023726116571587443,0.02205580793882113,0.010321497180100928,0.025932355665166,0.025932240909430034,0.014850562890453708,0.025540142315852585,0.017419350035367098,0.012220954025104737,0.0177288115394717,0.023097090718223,0.021355595622979735,0.0312890915814981
5,0.0443196510579081,0.09867240417345097,0.013022756330993434,0.03621649648692964,0.028075229461237215,0.025950724822856482,0.021137530109879666,0.16046187620714608,0.03877150240405639,0.04766062734155949,0.054812516270860825,0.06483556059483692,0.005189115298841972,0.0543120276823514,0.04065627770414984,0.08424811788448801,0.07691399643349958,0.05047512374542793,0.008880162537662994,0.04538830345186306
6,0.15382802291159056,0.07806772611948684,0.014086086424771537,0.029371723075612203,0.012782518192362962,0.40315390917126487,0.019884092988070978,0.012650326452717239,0.014755951975140754,0.00480258893014736,0.01460307177503868,0.01211083734518252,0.005378903313598075,0.014503089335970836,0.02143047869035779,0.13320112645176563,0.01788055647573201,0.01439921393854356,0.009134562834776304,0.013975213597869261
7,0.025137734445437245,0.004636954144732439,0.06222610728432733,0.13651936585074334,0.05447831584942973,0.0112261756569077,0.037752704146857184,0.043085855800174884,0.010228594596225942,0.038294406884033176,0.05947244880644376,0.07274277540295403,0.008654209705880146,0.14344393443050327,0.00481778048757022,0.07411045847061326,0.03308706705190402,0.052076188820047165,0.06119484842677477,0.06681407373844037
8,0.07301395174972948,0.019120785953515886,0.01897642432799974,0.020861254919368393,0.018491354328687624,0.008505607005814833,0.017163323202201833,0.03887065892647736,0.01864103642214379,0.008591771256967001,0.01652287871603908,0.019474409134596943,0.01367815850008162,0.019980308435850944,0.0077603529232712345,0.04754561953020816,0.5815430060020299,0.01927885323903963,0.014502374518610986,0.017477870907365623
9,0.0402893708395508,0.14312552639614645,0.0068350137347565265,0.010066519225120982,0.011338498429222197,0.008841159142338819,0.0053878592373056864,0.11131681989467258,0.005538937876367384,0.15354002031235242,0.01559579120149062,0.0066706659381738295,0.06753024092550185,0.02158276242653337,0.0023724739349811875,0.04026720455465885,0.1829902423943849,0.15691502819599282,0.0040219910124552494,0.005773874327993467
10,0.0115322703213297,0.021231660753140463,0.02015957408771611,0.05158030751325656,0.022932790109308116,0.6180223171354201,0.021181490993109797,0.016882337991183573,0.02523609800672259,0.009155979415082349,0.024561430159084175,0.02551911504455507,0.011985186393481026,0.023502811463333124,0.0247555678079371,0.011518855682766073,0.01481747033880496,0.009500308185359031,0.0154556769300552,0.020468751668355
11,0.058765662507405295,0.18195945227059143,0.05056292240512228,0.11385493652687582,0.030846253001216406,0.025354715398558828,0.03964782079527966,0.13274612385987203,0.018139885322907882,0.028732413999266744,0.034745380234425256,0.04158594487465219,0.002641864330619989,0.08851359602305146,0.018440893284226094,0.018779737548440287,0.01112270722448865,0.0474102146097992,0.04082864377024918,0.015320832012951325
12,0.06427170958077025,0.05450530530769622,0.017118802628426476,0.021620229700473215,0.021298756071395183,0.020807475984027362,0.013001742486575488,0.10163672881575649,0.12088637075567901,0.11394229917491225,0.0665192589777399,0.017518757768360912,0.005903952093840975,0.02935604683415018,0.03725861812287481,0.06268657239175877,0.06228413080610727,0.13321376464759477,0.024003458737560976,0.012166019114299506
13,0.03110921115170662,0.049485356389813356,0.03853539570030927,0.035702687505846625,0.03573525800145571,0.04107211469615295,0.04400861069568182,0.04027757080339821,0.03664352357749418,0.03811743837568161,0.028523894236588552,0.04954360154533456,0.034069595897775806,0.04276018666262922,0.04869261784504514,0.025797574198699977,0.035297559061270516,0.017851986084275837,0.29502266171749664,0.031753155853343436
14,0.02173514665351379,0.02921675563216191,0.029276873470102084,0.04050824336146333,0.03465905014008958,0.009398846151095343,0.062051474505885766,0.03768773334906257,0.38496276118536177,0.0190465026200125,0.02510798807022319,0.03248476477481208,0.0251472825992149,0.06394779458712123,0.036382018583496885,0.01964450430755644,0.05835807653809984,0.015025518422476358,0.02089940433371852,0.03445926071453189
15,0.048572716767194074,0.0493817027216598,0.023948741186679903,0.0360512350029714,0.047593108502653095,0.036259778984063254,0.03457060131279388,0.016777563088836787,0.036210581047297366,0.04611313130142063,0.13253265416907856,0.12165379975695091,0.0022247672113172258,0.03466732196531645,0.015924272599651682,0.08072769015155012,0.08043011663367175,0.012606577859635173,0.06162431470261637,0.08212932503464153
16,0.07437115807362413,0.02279396757666944,0.011400422511940764,0.06490458521158107,0.007348720839893369,0.03466044143379974,0.03692766940729085,0.03607570271886899,0.08539965556296847,0.053922062611781334,0.05950611680194775,0.03093809126220928,0.0027706685058960724,0.07527063992944008,0.12428721845884289,0.18335291735821288,0.0678338355236291,0.01628448385688909,0.0053157127755884106,0.006635929578926297
17,0.009519834030196203,0.03584665275795966,0.014828155371122828,0.022604385395935792,0.01614492653869357,0.007208402914949761,0.020094302542741093,0.08856726987662117,0.01676413924754154,0.289398235627218,0.2200855928813785,0.017663400263611108,0.021138806598743086,0.013172135426801106,0.01179684283954738,0.006992436492290831,0.009412941521585706,0.14934855560632082,0.013287698382094548,0.016125285684647352
18,0.009592618436102804,0.053498310418707305,0.06128409994387676,0.02134301931984769,0.0290657584792644,0.106764232387983,0.020502897079910515,0.033778175870154255,0.028783470799799083,0.032859029764640044,0.017553250961300854,0.29949063173918467,0.011516389973731774,0.04667735844986089,0.04390511352438882,0.03252389774200383,0.0751043418301405,0.01859733787003049,0.015332724730186471,0.041827340678885806
19,0.03633739503697906,0.10551585201109297,0.03343497192421715,0.07555817381132074,0.03284750323547674,0.01228762980052188,0.11584560166335571,0.05123747483989994,0.015913867450214038,0.0869017956862278,0.0783068580311952,0.01916648115858348,0.0022181064968056622,0.07076332436556565,0.03806302678883441,0.07428416909896872,0.076642717202733,0.03903200405787532,0.0037231604436726556,0.031919886896459866
20,0.01057428995089601,0.03415230749431173,0.023066672457553183,0.012193140262193522,0.09345663331093317,0.009918033410075515,0.01203136757747634,0.013508975455646282,0.01685312556691156,0.30107598706858113,0.2348490961214991,0.014272381006354607,0.007077826161367039,0.08342800293388686,0.004536495283053147,0.005477399533623833,0.02576629218027989,0.012641477111807181,0.008471420204722933,0.076649076908827
21,0.07087333672248401,0.13545984013110898,0.11214381761019888,0.04891679099613729,0.007744862341459491,0.07776455226794562,0.015317893893911208,0.009672365477601046,0.009104583694857164,0.02581851790515043,0.012350608764710313,0.1137667952437469,0.07247139877703365,0.019754713216665745,0.03759755557887901,0.08711958840558431,0.09444996439306651,0.02061623441674522,0.014236462491878623,0.01482011767083555
22,0.09594074802971268,0.09621557237040149,0.04250456182344645,0.031115232507643736,0.00990059167626917,0.06619550809828056,0.13443594750653082,0.015793697427911712,0.026527770032512513,0.015046627658119783,0.04052391541413768,0.03801183699349124,0.054482496225135506,0.14006952245277404,0.0826622526167894,0.035741680565743915,0.03111294436995159,0.015262292500702353,0.013472107523917125,0.014984694206528214
23,0.06808013249132601,0.028363357186163604,0.09454050701631021,0.007637572077718266,0.009735308920671053,0.04224956445732405,0.05368992032645843,0.018498099716945233,0.011958051793593211,0.05616135802840406,0.09874054800306957,0.08362818656329062,0.0892475916819406,0.037984235523349286,0.034266563723430975,0.06825719384645926,0.07122096602904597,0.07247298093192722,0.021335438150657863,0.0319324235319145
24,0.039432156846352186,0.03487651455490751,0.05571786468179884,0.10414127058364697,0.009676117185224155,0.017359376379088826,0.04088784186137489,0.013462095613281837,0.008993943558651045,0.029302037481925412,0.165592165121408,0.09108244854308789,0.006749776301406581,0.2605380242951232,0.013743093233951708,0.009226422386482245,0.052664098412316514,0.029323385401539094,0.007998292452987528,0.009233075105445571
25,0.02270462050792774,0.026818037931017665,0.03428498729272802,0.03006193262300337,0.36189330149322413,0.014273432718968283,0.03933641449296369,0.05096198795966051,0.026816724060540503,0.03062028046657132,0.028182679003019916,0.033016447614217063,0.03979209683461731,0.037622079770633796,0.012586391473124152,0.031049524144076236,0.02911908026735664,0.017995193735084375,0.07526805789061991,0.05759672972064534
26,0.08318287120943076,0.03867146772555704,0.02233582929149989,0.0200879440584196,0.05980770938414945,0.017262437364640136,0.04446357548825308,0.13269315519604583,0.012723135634487891,0.06938161735189385,0.08953252599646487,0.025754043683541717,0.008935381236386939,0.10352277931156055,0.04945068624964106,0.029651110632774067,0.03303531486723662,0.028291130737791603,0.010626378900821114,0.12059090567940393
27,0.006171248064188506,0.059827561217477364,0.04042532212647818,0.06539513946877788,0.01587715009218359,0.004254883579783423,0.010987035149416903,0.04567613097748382,0.11508463235381042,0.01324863569152015,0.011805088248321155,0.0802050042384966,0.03678134908672152,0.16162675209023494,0.06535509233409341,0.1413340055197765,0.07571144547658734,0.022926370955842698,0.01765876563669037,0.009648387692115207
28,0.0226543380691513,0.03854811962214109,0.03030689634904557,0.024880790192760186,0.05459088623111282,0.016529543119493843,0.053807010218933735,0.0329881868689392,0.021952807002093278,0.01649844678310631,0.028731419857886447,0.02933021149331391,0.022667917838099374,0.029995546468522774,0.013059738175325103,0.02599157129480405,0.018705018502029616,0.019194761117283365,0.02190746893164662,0.4776593218643115
29,0.01745696468812564,0.02766207494505794,0.031996456313131756,0.036711427149866395,0.02026869878266325,0.019086812229063485,0.05937667234838043,0.07577721043973666,0.3799489623910034,0.011718497539955956,0.02464542832204679,0.04670535177676188,0.0211708071031366,0.04505462879547015,0.03063714649833487,0.015157920443344923,0.032011615466489104,0.056634921928868605,0.020000529138166537,0.02797787370039565
30,0.04633113935204189,0.048910600302177955,0.010528246512296176,0.02768910543629786,0.012524177327011625,0.009044659832186257,0.12776980040485836,0.028055998724436666,0.1251135300881739,0.03237794514351227,0.031763825972040007,0.07946692778859711,0.009241325858669333,0.11051442974097497,0.06397203792071617,0.07905194376937477,0.06078841769162218,0.07770483086405656,0.006996170468635442,0.012154886802320504
31,0.10201793748886286,0.23344643250010808,0.0582597553363638,0.02575799213656452,0.013727796534915376,0.02219128748471467,0.03266883579578166,0.01808757440635104,0.01732578629489873,0.014343722715775477,0.04563110266018093,0.08212208473743451,0.022072193153939254,0.05323845224272171,0.027684155118435156,0.11535085904205239,0.06941483868558337,0.018797654226134337,0.014935346567974177,0.012926192871207963
32,0.12969431098682274,0.07672496144988697,0.021885601119316415,0.025125139362926194,0.024433575508401868,0.3619420796279819,0.045226221481539874,0.027889772587641592,0.024467069859286615,0.012587230965329438,0.027427113872508197,0.027620899010768824,0.02005097549173987,0.027583413545381887,0.014099028367269392,0.04745070448901064,0.01809007633295413,0.019304143934150544,0.021564865024613824,0.026832816982469074
33,0.02047681300662942,0.19542594270765154,0.027569014314888573,0.029815355263684624,0.028656491959106016,0.013626714364858503,0.026033057349835156,0.3245090919996995,0.022660996036424335,0.01659044274189787,0.023311224090511413,0.025190998760069375,0.018346067819935225,0.030066150897764495,0.012550222022649453,0.01703546522925294,0.04046769960650382,0.06777174104074067,0.027808311498913916,0.03208819928898313
34,0.026581980669241032,0.07626412219930727,0.014704240843985581,0.012776715176710297,0.0097845650615704,0.017142647114426056,0.04296866277770776,0.06763991943117509,0.036887303053582815,0.09220176118765117,0.053421926657349135,0.02061789300149928,0.0081679733005277,0.1454838345819287,0.03354913062495416,0.08058936646346007,0.11006589998345107,0.043867510861286506,0.08464516641690482,0.02263938059328106
35,0.029367995635603175,0.02692218946902182,0.11411624962640426,0.39668856784427153,0.02638327565534701,0.03907912838276408,0.027557649509192823,0.023107478841910188,0.03937854162140443,0.014197030644418508,0.02628102663891134,0.023218793183332583,0.016945897781646284,0.024219406756896704,0.028638225364100146,0.01590605741787382,0.020619490218608042,0.030362073615539737,0.027089751726701826,0.049921170066051686
36,0.022579387218494045,0.07045236493589521,0.021802328604625318,0.06242223258941772,0.014790083522056602,0.011190849341573912,0.015157461716461103,0.3060384686042688,0.022822552584846247,0.005183432366349091,0.06237436518835662,0.01566594451443823,0.03990605973813093,0.015515024945698747,0.0058378240739385195,0.0071896847304571705,0.05092952409042834,0.22339701494263045,0.011734876834862117,0.015010519457070716
37,0.01094443020958102,0.06373366216816514,0.02261824584504286,0.01891975572193291,0.010313522778179735,0.12891774182977903,0.08935834688644163,0.015670404608334434,0.03485321655463917,0.052078058465890545,0.06873466312828151,0.06685746788175431,0.16274485311271109,0.036280931600341126,0.012589183342416963,0.04013318374045556,0.02201213556292453,0.04048829155412957,0.0693739519196739,0.03337795308932495
38,0.03237529910591901,0.037539527412127946,0.03930167687677473,0.028574117770397867,0.035047863196712166,0.03005525780251137,0.03777586912970078,0.05155386353085254,0.05209117882629777,0.024320317614492437,0.040748437471025745,0.04300295764899424,0.03712305593806528,0.030708007162908422,0.32239197033507405,0.03453749875210554,0.02788841481821363,0.018526405560999926,0.039428560742728214,0.03700972030409826
39,0.11944282769075835,0.018671994363655273,0.10815650683589706,0.18733999528946443,0.05404925984297962,0.027760394371246524,0.014975457074846111,0.11402032799830362,0.0525606588942026,0.023451036776049643,0.016417886524441802,0.05276205812791529,0.006204281533633042,0.041205529193686606,0.007054243430132844,0.03287201610912056,0.06380806188225814,0.02153600349832675,0.01910481733489176,0.01860664322818999
40,0.11202089119860544,0.01166411645729055,0.02052110639528645,0.1340076523249392,0.017549265873326003,0.03544123128969385,0.031256219273458646,0.1434534378301076,0.014765222697057547,0.10026067159471036,0.029482742285460894,0.06358216870053052,0.042751683221849295,0.04893889736169734,0.008920633187923766,0.04587312228733343,0.04455587609232527,0.04945560699016771,0.006116284953350069,0.03938316998488604
41,0.4337995357420568,0.023952597441178943,0.0274679661190945,0.02091776469645634,0.021028166242115252,0.01346159334259662,0.03527862521160915,0.0300575565304546,0.029851477953395208,0.014443240421169167,0.029328565532263155,0.023955399980759625,0.008544607012702429,0.02875168222861327,0.014224008910008683,0.12209341459273394,0.03147970959355026,0.03521914799057087,0.03584309766506138,0.020301842793609783
42,0.11575806618779687,0.0529486048097086,0.013394370158609661,0.019806947571353994,0.016499702445699992,0.008808018697874493,0.04404164283564076,0.17102790700463702,0.0916306327954039,0.02004458757729575,0.09225568891992832,0.01192827501466084,0.008710314875604476,0.03188263341194401,0.17476934883493267,0.007248844779271107,0.03775959225717656,0.056744566903739635,0.01161985113400263,0.013120403784718699
43,0.0900544612587279,0.04417430427360727,0.008566130537295167,0.016685124428598402,0.011363669321194581,0.024661941984766025,0.058050452660465705,0.08159975552797326,0.015750710737934624,0.05231274990424449,0.050547749132278545,0.10961589657615045,0.0018403828518518182,0.0863133744345685,0.08912111651299968,0.09996887600902023,0.08812901009076807,0.03461538268763861,0.027579800032898668,0.009049111037017965
44,0.23017306880819524,0.0865574413768522,0.0108436414010091,0.013841928049314825,0.013144018164581371,0.020806682581636288,0.04478873172129263,0.07915196387910378,0.021558435091172584,0.07429228254092023,0.06310046664514812,0.016552893777662347,0.005762209826762584,0.08844486311715896,0.019873881181432074,0.046575778487666517,0.04227992513099664,0.0608011844385632,0.02113960716879341,0.04031099661173788
45,0.011779476172142709,0.01616169716814087,0.018006890642865123,0.02033830415461682,0.1284402835076742,0.017928463533921236,0.06957079163640258,0.1924194016849981,0.022789268757421634,0.313613445036267,0.017490332746793222,0.014557188423230786,0.019442763209294837,0.018586382241953938,0.011515336489767412,0.01577861017265438,0.010256048424362821,0.030799156888131417,0.0326072213355568,0.017918937773804117
46,0.061726665765361496,0.04333603990195211,0.11601405283566392,0.02739479329524586,0.04365353544055787,0.03770879731905151,0.08497807985812988,0.057041580520244176,0.07675265996496371,0.04583734110258931,0.10840555172261711,0.011370506217024208,0.0019125756976306229,0.015410303217368599,0.04036904009386028,0.06487357838041052,0.055303730188386156,0.03908884239140914,0.01786925288806959,0.050953073199463975
47,0.044423442474663934,0.1057512372983278,0.1885597618526499,0.11172143037309941,0.01104729928023601,0.023816791094213863,0.054717600645336394,0.01884484493806415,0.014812083937026264,0.02358564814521174,0.012470316400164322,0.017996862470825322,0.004569234579039811,0.018387546132849212,0.04413306787988502,0.13312149317804367,0.06285899709928094,0.06413396935705092,0.0112974466444174,0.033750926219613904
48,0.04594571551465031,0.09299059746706533,0.008037139792723948,0.04793324792919989,0.02914428170522305,0.16417837399980134,0.053948388407880306,0.008570790482396248,0.029341789087571988,0.04642928814999551,0.057384701315833626,0.12639220127779996,0.00396441283980816,0.09517784956151987,0.07094367241772825,0.07521565417943962,0.004699330885580002,0.010041193905699103,0.013150450749581799,0.016510920330501697
49,0.020722371599352984,0.1087965553322251,0.03646987582032693,0.024111430271820725,0.036857827521976624,0.009305775967230001,0.0984799708749904,0.04068491705136132,0.02450545612330589,0.08197167413164723,0.04418544164232991,0.026393045718721305,0.03873503636221085,0.11336469085805645,0.016045463108064616,0.037185265044199625,0.03785774203588014,0.09602285816151612,0.0198857560261949,0.08841884634858885
50,0.05375430139249089,0.007332519673048768,0.25773798617639293,0.05957376676331339,0.021677947307906,0.09434473216051176,0.03961964088326541,0.006554640905302338,0.012341669915797928,0.012494101051906136,0.029250201419016384,0.03406678631869165,0.042027103612337906,0.06540376771949914,0.022156025394237014,0.08178227116913307,0.06074204153523608,0.018673355416582008,0.03947348816615005,0.0409936530191811
51,0.026412520470284816,0.07602985154821557,0.14628997968311297,0.10982186652299801,0.03151411443868676,0.06964372355082028,0.034599203369155763,0.06325297524201834,0.009569192107517823,0.015373986203339178,0.026504105522429655,0.044154650354769794,0.014413065797345661,0.042638663506288005,0.04806040436370333,0.03933899039477805,0.09051209776293105,0.021553085458302448,0.06063750556896356,0.029680018134338956
52,0.1022637399993516,0.021540875809225566,0.019622109739262653,0.05635342065569341,0.043212124218835926,0.15006064921361398,0.07420299098594751,0.01127646501165244,0.0501699386465335,0.039561425445542975,0.04554887221410416,0.012400931072551354,0.003964391942664805,0.01252735185931165,0.03561602835275316,0.14196190026885275,0.13881641456121066,0.020101875049208445,0.01022956286289741,0.010568932090786002
53,0.013906722516653262,0.023476514240821787,0.04295999740642367,0.03759020467558814,0.02313529210405258,0.5506397675576865,0.018731522132880457,0.021644512015744743,0.027364469539502653,0.012184333319457,0.02572123915660097,0.025707610346648563,0.013972810643510528,0.034408862350252006,0.03156358379958639,0.012444437348667025,0.017019433452303598,0.015222536242410292,0.0277888670585847,0.024517284092625106
54,0.02346179090112376,0.04527991625856897,0.010246216778005203,0.012948716462206232,0.27278954876010514,0.008112626685116473,0.22578081802028618,0.021316091105154943,0.009821371180249392,0.006763002289421982,0.018818127619225973,0.013930528466892574,0.00433194736246938,0.02446480078755907,0.009921303074519756,0.008760642825644501,0.009354371000956149,0.04910334069632658,0.05892327060801981,0.16587156911814793
55,0.22211522041457424,0.08251282720383492,0.032065888697765256,0.014539650511816325,0.0137500951814059,0.012371792090541563,0.013507761454323485,0.01404237245156122,0.01960241123981397,0.006831812399581894,0.01859121059201547,0.011269521550509672,0.2289668025962549,0.014445514465068589,0.00610880687784405,0.18887037087533637,0.033845967656846235,0.035047660516277994,0.017937027461282385,0.013577285763345555
56,0.02471628256822163,0.01544702389154718,0.013717151049283314,0.014627069688632272,0.012063976810315982,0.01255716238755721,0.015074688711460968,0.051229757784677164,0.015388241216694368,0.034583721086285525,0.023985878139678965,0.009891416851238094,0.32397388498936913,0.013793856850595415,0.007770581286014719,0.006160613931671286,0.016772341318973916,0.3535118240855426,0.022220138296690284,0.012514389055549972
57,0.009441578135062422,0.023812078973514308,0.019219971783065247,0.03072409106843733,0.04620777289198682,0.016055319045305574,0.01540581533279688,0.030150205997339502,0.027318809108987,0.013441757106060277,0.031567371335059054,0.021697628153851335,0.01606839137486841,0.020613434653689602,0.012448802871200166,0.575461226504133,0.010970740765087684,0.017108581474445904,0.031372462346615344,0.030913961078494107
58,0.012801564028619185,0.027688610104529346,0.027524679452046275,0.02480186921101714,0.027867056125371745,0.057718053748839475,0.020376932707770166,0.027175067233319385,0.019358582064869064,0.013670275035203761,0.020996067998690235,0.02511967101823585,0.04260362654684969,0.02464958242979938,0.4243360372941625,0.060594754770733665,0.03415860950164942,0.0339745216697681,0.044305451359057835,0.030278987699467727
59,0.01258563916955812,0.021737125199402952,0.021275710195471913,0.043429504315459624,0.02938754310955902,0.566413140975404,0.01807300907220772,0.02480757608147272,0.027372162527445516,0.011497017890071431,0.022676962231367396,0.022229155848763834,0.009904229541623975,0.023536361689700205,0.025748737505819106,0.024541344076162926,0.01485486832818653,0.03653821550136696,0.022289671975323524,0.021102024765632534
60,0.19622405707877924,0.03563376315647106,0.0243904331948633,0.04537039133053084,0.019241876992692256,0.02589875444593032,0.017047761144410874,0.038331406394112276,0.030045388369227845,0.009536007672862754,0.020457225034538895,0.04640197863447334,0.008877898426784563,0.01948264241532537,0.01377044515857566,0.28248958259714263,0.06531719050683094,0.05657832974656673,0.019971066658384662,0.02493380104149641
61,0.24942675699864866,0.05743063804244262,0.043345964272636255,0.0405160796176618,0.04129870965791365,0.05725097215277176,0.03795889642387228,0.031072323954610244,0.03709998828745443,0.020013557929219994,0.022155706036254243,0.04299138287546423,0.02838405470008993,0.03049410305001428,0.018178797406781085,0.035284206213504726,0.07400623488115281,0.07012368236652296,0.02296643845249736,0.040001506680486694
62,0.040551277550883905,0.029022759771812106,0.029042632182232405,0.02939478854428556,0.026691279294203195,0.015458094169833993,0.03467880910962288,0.02776948907274222,0.41519578804720475,0.01148493028344215,0.04080383002570616,0.031986468506090125,0.030354839155820254,0.048127558549596904,0.021523521758245987,0.015415256882713191,0.09202495345932818,0.013039109457590126,0.021874332902541965,0.025560281276103883
63,0.011633513109275139,0.040886508865127215,0.018798990170768685,0.023920208405714273,0.141576403286518,0.014145961875057024,0.01293143205567628,0.06125537801260605,0.020049901795478258,0.49537088475607033,0.01843454361570023,0.014384850812854615,0.02080804478212623,0.02136339396030553,0.00749888511560778,0.008374993876221499,0.009187856594108104,0.023723729640267078,0.019069857416813413,0.01658466185370421
64,0.14746571042619494,0.06377335724568277,0.022192656469644686,0.04491082228840293,0.03283679502613074,0.06787757670906185,0.020064991000390275,0.021594923478100877,0.02760218827363185,0.016045301038810748,0.16870246203917924,0.013136563366245307,0.004088460967178703,0.058464547619198184,0.077375171578115,0.07796853681132375,0.043714400455225684,0.039489111344488105,0.015116379640527356,0.037580044222467024
65,0.012691801868372678,0.018927443591993227,0.02403690599957852,0.022518988493960092,0.039845643657809036,0.03008788973575721,0.018500619710796275,0.021712704265354585,0.019485957748695663,0.02191183193715574,0.020868842683656564,0.020384462676266292,0.0100185722004821,0.01881356395510228,0.03366963359697597,0.010074792943216372,0.014422528120259827,0.016833628854669005,0.5769737773364179,0.04822041062348067
66,0.011904072404494086,0.021592887177610574,0.022157347490121528,0.028361626291889666,0.03890180728127929,0.014012026935108614,0.021622207160857148,0.019959998341552664,0.024805521107616475,0.31408724640059443,0.31672454486060214,0.019924146624150926,0.008595492919206565,0.022134492815760312,0.013802272507347889,0.026015408006833485,0.013665618045178001,0.017674948704108958,0.01696299178192954,0.027095343143757684
67,0.06560704815438204,0.09732243457858755,0.017917223519243606,0.024488419360078974,0.026670213639163724,0.025557910309074505,0.016032551653446178,0.0468079429281843,0.023584309641099647,0.010730094477086524,0.017560253571611197,0.014827769264803777,0.007546486874306354,0.021962131929023233,0.00810902552899974,0.018233157189496647,0.26671755798376934,0.24180429531150058,0.019828521316879146,0.028692652769262965
68,0.01756476304902213,0.03266978802256076,0.12217399683534466,0.4758133918087774,0.020938707585376654,0.027983007142441296,0.021505290905927253,0.018839452073444094,0.05046288131678882,0.010552269022864033,0.027049975916148935,0.015827988953270675,0.01017540985480037,0.02144263900354621,0.02356940418798513,0.011106220208054353,0.012050985188988114,0.03330923027243817,0.026718044162818536,0.02024655448940239
69,0.01457599443622774,0.02277472784264384,0.02361005305729617,0.03012281514660376,0.02383517508697873,0.04722211662551525,0.018591839352040358,0.029118971515748843,0.049440943381091444,0.012342928449425111,0.02792717469021228,0.022078261224122035,0.013558961996249229,0.029176499347595683,0.515681048460314,0.0335825808771432,0.015363463223588213,0.019185174654018675,0.02739878479814299,0.024412485835042498
70,0.13807352329084155,0.01240827627269252,0.09148327350318634,0.035152920110302875,0.01947012337991172,0.47646960973193564,0.00893583452184111,0.011796548973903089,0.0146538175246955,0.005317545732945316,0.033670197792964526,0.02305771112556919,0.0046448862781843315,0.03548213043992621,0.01445973109579482,0.02653982247110095,0.0061214678379994955,0.011612382034505547,0.01788414009438106,0.01276605778731827
71,0.007277310508923432,0.030884174631785066,0.06128889588900267,0.015617028749624751,0.06799889375155958,0.012729012281903885,0.03214517712418593,0.08274883944451022,0.01442010813201125,0.3241060442938589,0.02983111186414987,0.00895605035325663,0.003511404567011173,0.009777933588446055,0.00747494610203386,0.00544424904235083,0.013506345619313843,0.022625127291081598,0.0386401767985447,0.21101716996644576
72,0.012260432734962254,0.025326335758965045,0.020581270863309624,0.020741458868794974,0.11273961041901807,0.01589123867323735,0.015625597921684525,0.04970485120460099,0.02489465519710144,0.26480244611736337,0.06369062409605655,0.01818709081705117,0.048698918722267524,0.016104833569542325,0.009004216532121294,0.009807222103683875,0.05938528499880204,0.16762080951338468,0.02099272058329489,0.023940381304758028
73,0.11834822429962949,0.01473477255062289,0.018488337931359906,0.14625229640397325,0.10299325897410981,0.02005299571941853,0.05108538976071214,0.07822689240680118,0.016033192621021583,0.04289592319193077,0.036742167109330134,0.03370314242674468,0.03190532715078002,0.04335268554111485,0.004063732402745653,0.07096082044609567,0.0658887505469446,0.04431977268372349,0.028142815599014586,0.031809502233926736
74,0.02913729045903995,0.07287737186073281,0.03886167570173196,0.030736516385954326,0.03448687087301467,0.016376509478280357,0.0498561025516425,0.035041186140924385,0.03316767149584275,0.035860012316578926,0.03522241298117469,0.031325902499147455,0.34097390639426256,0.04383773948748173,0.023927849525804602,0.024164017534166117,0.036297295484520306,0.025847356394811755,0.025363143009425007,0.03663916942546316
75,0.04544785237287142,0.0913826200355178,0.010749685341773858,0.11297472889402345,0.08378557676753622,0.03999074131983326,0.06729758983701895,0.08686485179990316,0.010509617098593934,0.06505906709929941,0.11471185105557954,0.03369612740377738,0.005086215850686533,0.03548916406216056,0.005002754670564752,0.01956267886410033,0.011935972200744447,0.04453284424541564,0.0077552556370868615,0.10816480544351248
76,0.012933013707427313,0.03135759869480683,0.030496119933507815,0.023034583375428845,0.024538613054213433,0.48265485133988384,0.02509854398619524,0.029399507553735663,0.03125459669323456,0.011278273430103248,0.027337510136613646,0.02378877083610899,0.013640370412513425,0.02652539002460362,0.0968327910281817,0.014457940298942054,0.014104381485006229,0.0225396226612583,0.03177589154501855,0.026951629803216633
77,0.0798723881040485,0.05848149237485362,0.01971438826937972,0.008065674534402744,0.06790744564117965,0.007096593688837029,0.12919117133505137,0.012202579615342797,0.0956866073834507,0.08999672696216476,0.02401261288612527,0.03008307601254456,0.0056776192848400145,0.041821250278741125,0.15435053672080817,0.03664259143701583,0.01467547260540376,0.07732027074526156,0.007744167745756549,0.03945733437479229
78,0.015677877871545478,0.3036170263096087,0.019331102376691483,0.024121330856068327,0.01675358579182723,0.012762270651321109,0.013285727203833904,0.03530356749098195,0.020619488459700932,0.05569460400736102,0.017027956795271585,0.013976476759678568,0.008418403600507844,0.012995198510071512,0.00861347022460467,0.007379195022923357,0.2185833475722968,0.15526742630564955,0.0270669915262824,0.013504952663773528
79,0.02693915039753756,0.24505196340340035,0.02925123155011494,0.020147028716960436,0.0332275406409232,0.020846150681798854,0.014275564662902205,0.03708891416212447,0.02671201220375533,0.030007379171934467,0.1320190249939239,0.015894239623849723,0.008765793230605282,0.0201283961421734,0.009735775179329345,0.008736487787640107,0.04494228022606503,0.24125603863581127,0.01790957848341518,0.017065450105734938
80,0.012214802079030865,0.025050790602674112,0.5698668333035314,0.033967806343493626,0.02755890127302898,0.03594880211381937,0.01809872901422768,0.025456118083583907,0.028149567996086842,0.015112069537610273,0.026366941648445413,0.03432291442539075,0.011386498291728267,0.02402801815985129,0.011243936831233018,0.01115537626791827,0.012295100198373281,0.026199728755472995,0.025917643209277138,0.025659421865222538
81,0.012370758712258376,0.026397433261209285,0.01903008561633967,0.021596854348475553,0.03526749028972628,0.013244264416794846,0.026336413481707944,0.09802668456778475,0.020906191378450945,0.4361759961552888,0.1209119369790752,0.01871388004715206,0.020464579033140886,0.023568781797564154,0.02731618558018602,0.008577897822239661,0.010570720835181664,0.013357542872391326,0.02239483829266658,0.02477146451236605
82,0.016334569786619253,0.039710356825677744,0.026349550181457057,0.03053375735997608,0.024428872847883427,0.5365812444283947,0.023382957160184372,0.023643739519018225,0.025754709572478406,0.010800066360144465,0.02468261399407454,0.020771013972855273,0.014996650499439209,0.02681889739449808,0.041090014304677396,0.01383890825421595,0.01968546780125967,0.02969704817016355,0.029970736530833722,0.02092882503614893
83,0.19556236269036864,0.4136772773983042,0.017875546691141338,0.015141840209860709,0.013327923663147561,0.0092357389765554,0.010971754977057407,0.01740319920227452,0.016983224520071203,0.005986926228360359,0.016952447025068797,0.016341964869499834,0.006413621921550548,0.01596779419428512,0.02237846824620804,0.1171250120413681,0.03817405971988471,0.008647404554034142,0.009957088435040349,0.03187634443591908
84,0.018085461068178064,0.024521169826223453,0.036710336273011124,0.027472870241904205,0.022678249373266953,0.6027146577411614,0.020160507755855643,0.020965256606064377,0.025038003064254282,0.013592262785613672,0.024933319248759613,0.017871744901614438,0.011402102314248453,0.028674257588086952,0.009207777742755975,0.020966673361627566,0.011326287225781793,0.011052853666639481,0.029038578601990047,0.02358763061296243
85,0.026827864763929295,0.031975644457650096,0.03155264501448252,0.03920950561248334,0.03885933778409265,0.05270506333130413,0.05055213240192285,0.047708518002576486,0.03317685045960109,0.03130499281539188,0.04072046606211924,0.029216851247807915,0.05467524625429752,0.043038496136818344,0.27655272527587316,0.03453083119082822,0.03673828750650837,0.03374783479747267,0.026085688418013137,0.04082101846682705
86,0.027179456636619203,0.03678992439311604,0.03498803017376738,0.02216501827074393,0.03677468234469806,0.2727179154798891,0.05289983825788639,0.04895173720014045,0.03055061664907813,0.032834079234633634,0.04255397421679333,0.03713053858846131,0.027252805998598115,0.04864735276684371,0.04788789822680417,0.02892853115363707,0.03084195741378669,0.04722951111624917,0.047918377717856966,0.04575775416039713
87,0.011488849253085368,0.035548886493653974,0.028881124385275018,0.03460011096746988,0.028642975006910466,0.523727437198769,0.01926638940174747,0.030097652396312277,0.03749538080825835,0.013494512996912863,0.03134687637493819,0.027890015092244744,0.008449794053929104,0.028830204395111865,0.010454157339283955,0.02120403581126049,0.016086922061563896,0.038906420487052125,0.02797347916671646,0.025614776309504452
88,0.020516758662502927,0.03640438388110682,0.03210556242238728,0.03277579221402926,0.02882558358511014,0.01498492042297731,0.02442625717751739,0.035133058289309786,0.035201244134538436,0.035642106592078567,0.029818038565153984,0.02418730547200979,0.012451415449904654,0.023098838103475555,0.023373108830452734,0.016490053211163327,0.022150589863530412,0.02417532587267658,0.4920791659129736,0.036160491337101426
89,0.15877506423068008,0.2560433080025753,0.013835126157590045,0.017178879148393573,0.012595007963170946,0.032411345333409246,0.009304344837935219,0.03376650105878785,0.020778686293155192,0.005902055791457992,0.017478735164599205,0.0374445800292969,0.003496210678846228,0.01820836725966208,0.009508196391270903,0.28720388449373807,0.02562122237233974,0.012472986677709975,0.016916892504922745,0.011058605610458733
90,0.007397007077498302,0.028860734852333307,0.016228032266188564,0.018639275281247408,0.10219693634833477,0.009691550142446369,0.02997451998282504,0.015667683478833315,0.015495115279132193,0.02215044911016327,0.02699555124755126,0.02512022052084498,0.009723052280119233,0.17133070830820837,0.006686176138265319,0.005222898261432599,0.007541445861714502,0.00914504563040397,0.06493802501424911,0.4069955729182081
91,0.015701180188172837,0.034796904101046945,0.030975311649595893,0.03130256026341566,0.019792616987280975,0.014878512593695941,0.05028058858027696,0.021529874903894387,0.02657335710848836,0.07325861055025987,0.025654219516930886,0.06507498762731191,0.01021980457325999,0.07772827838514344,0.013057268184310447,0.022693668024476484,0.013538882445081004,0.013780012070336878,0.051729708592490285,0.3874336536545308
92,0.13270436982252862,0.06271255785175904,0.015564381846109678,0.009342839745158121,0.01173334842655395,0.011187455162028572,0.00585911387327501,0.02116121531272304,0.00942553480769324,0.040150739627583414,0.2452845855056578,0.005711632371722112,0.001464776138784396,0.007106843876167653,0.00417086978609611,0.11614427197400527,0.11847710387976433,0.16432553737132685,0.01068765125523426,0.006785171365828586
93,0.4383053413264913,0.08873849066812027,0.015755012075826795,0.026005118910055795,0.018760154659618156,0.08922642244988346,0.011519857703527054,0.023403714453192233,0.02178057626196441,0.009344944124015302,0.025339358886991754,0.022913558268187053,0.0033979816681792363,0.022302387510022368,0.008577158806205224,0.05625543819113982,0.029766944567535175,0.040097438469048424,0.029940619635865404,0.018569481364130787
94,0.032800478155576504,0.17118466480658248,0.009299387952095405,0.013963095233091465,0.008588302458733278,0.08661787325608422,0.041744793118903285,0.02721482478547647,0.012318404036698679,0.0034934860495065066,0.022673943220329805,0.03413174715036623,0.003056175245762149,0.025967471413426063,0.005124932061266003,0.09286979895893001,0.35449722665848604,0.03033789953147853,0.014450549634756504,0.009664946272450379
95,0.04586484513809085,0.029986120925172985,0.016523934131626807,0.009110713778339866,0.010730863260350559,0.009623681722038759,0.14593615839554577,0.16084089909226654,0.011269986769773388,0.11004330546165475,0.021474906463059718,0.10181564276155851,0.003546605409424859,0.06589466806964094,0.0036646543002390075,0.0463081115937153,0.0211467062354157,0.04235941754530317,0.07239585785013593,0.07146292109664663
96,0.042119254531961046,0.024319666215666162,0.008331977486434326,0.008916350994423604,0.029941468325512813,0.04397296714958186,0.013158472751216052,0.03546998186398611,0.0704075986024648,0.047588819537990434,0.04000213221398187,0.08313904412132866,0.05876037868688054,0.034085721051625294,0.134171227965175,0.07865956619365436,0.0840501969008214,0.14549537599834528,0.007796314693500074,0.009613484715450277
97,0.03159229488983455,0.03130804436122501,0.03566583352612068,0.04245192640713554,0.034402162874218295,0.04367961392978488,0.18956781779062357,0.053182113264088185,0.07538885096100648,0.1401596650106014,0.023426288630026618,0.018297087107736185,0.020777081817202843,0.05193931577165372,0.051329992999028524,0.021941803114083246,0.03511683807905278,0.03292371153329351,0.0470918825772762,0.019757675356007795
