site,A,C,D,E,F,G,H,I,K,L,M,N,P,Q,R,S,T,V,W,Y
1,0.012780847782477825,0.05371957020365578,0.04103996351376644,0.024578417823401092,0.02033304323757665,0.03906454787616909,0.062323517804251015,0.01934312787962247,0.09895164403457676,0.01704289464959503,0.020705759005798352,0.03155781105731927,0.017592205168644365,0.01493695791700005,0.4000687098528615,0.0695171360723114,0.015763600371095903,0.01065052102068427,0.011182787543273906,0.01884693718591886
2,0.01839448505551773,0.021945912400939915,0.021629116276578493,0.04397308197015734,0.020354650067084173,0.46926286237993436,0.038066419047720526,0.0177581370133517,0.02220266431032472,0.013350044896518434,0.02366097531293593,0.03083227679731986,0.044293703367940564,0.032281121391291655,0.0707766545278501,0.019608085341317954,0.030547499909622917,0.019082436829875645,0.013136686023413259,0.0288431870803047
3,0.008611958881289345,0.05319739473790423,0.0663189807552078,0.01810046585418295,0.014669528855090807,0.619635496685324,0.014655867758561973,0.015100610280849715,0.015411813704227175,0.005937697292834921,0.016910138862141638,0.014282696807020554,0.007535952051647228,0.015574799522950093,0.01189765710892885,0.05953361825194379,0.010652482587081416,0.006223369648801885,0.011497168338419753,0.014252302015591817
4,0.07075338702695887,0.018263754446609357,0.0191296670842516,0.06488161715303178,0.02073051772879838,0.5257058050697249,0.02260996275037679,0.021705932661792146,0.018352201012091684,0.008768215297902447,0.02046980164227481,0.021523969066657496,0.011588747927274946,0.020945390953742836,0.036116997363104635,0.009746658989208214,0.015077034198336281,0.01827485517754909,0.03379313044946751,0.021562354000846353
5,0.05213392100588271,0.0804667930239999,0.037397229076400265,0.01980263846033508,0.017050531198811374,0.03162202826237492,0.020940679738185426,0.0967350702465598,0.018527994670426026,0.06392630319923537,0.04240047702423415,0.04654967728158869,0.0033937681663461007,0.08847368175028668,0.04648832238140055,0.07647473018968445,0.0877368030465862,0.11439333553589427,0.012732950004502143,0.04275306573726595
6,0.14671936391173582,0.09601658784870688,0.011973058805347858,0.02828914976449204,0.010410447609271324,0.4503130329893347,0.008688007804945976,0.010906186416007515,0.012377108545510872,0.0038048635071692475,0.012523200413860703,0.010635479236246559,0.004760037505157823,0.012401896498863939,0.009195546312971483,0.14359540145096517,0.0049103870413809,0.0038583555063364658,0.007097114220618512,0.011524774611076148
7,0.024954368019256257,0.02033802567737995,0.21018310984971336,0.14157109103685592,0.029410019006265713,0.005690861913905862,0.008860141593170444,0.014347099196094922,0.01349692856784512,0.018688880098999494,0.06305213621210559,0.03366276017563394,0.008705593653857275,0.10294781870701879,0.005892777759337414,0.07171009921629491,0.0811676399861667,0.05060672743232726,0.05316423587930733,0.0415496860184638
8,0.03495420703585435,0.030161838783935805,0.015737175074507424,0.01784932490084988,0.01531701084208606,0.007576242053374337,0.01694050743121122,0.033448283661662484,0.016500530685644648,0.00720598384027737,0.015340926865592595,0.018936671702921605,0.018280063545888386,0.017113436362581353,0.005754267753398857,0.03773354202926151,0.6531991673050958,0.007974109205945448,0.013682178801137602,0.016294532118773318
9,0.064725101684979,0.0820566905705245,0.005146479796012949,0.007498999844692073,0.005196958413229618,0.00901325101202419,0.00442466298667691,0.15440879960499157,0.005178228418211009,0.1719066908870022,0.009923887090704965,0.009867447192526215,0.0769305483403015,0.012608287538040592,0.004191160221977387,0.04284389137254927,0.1737328890338827,0.15159820433999457,0.0032565353775357814,0.0054912862741430144
10,0.00819162356840545,0.01933593601760155,0.017570351461567955,0.047881033708027494,0.017753820679215288,0.6683902121682418,0.016847614947529267,0.014891197412233438,0.02209700776687311,0.007302345115134004,0.025796973238883487,0.022504107461109778,0.011992348985814336,0.022261800089846222,0.021025199738492338,0.008981845402238857,0.011138410635491121,0.006723818718472447,0.012141917545784,0.01717243533903813
11,0.03547976404791445,0.0685640737957257,0.08575916686363555,0.12651161364297606,0.02442350292521086,0.014068256211152964,0.03579466472153463,0.1185728616494187,0.01621473264273107,0.020910603452383644,0.016685827896150703,0.018271105084168925,0.0022918499699413333,0.19122744994877097,0.022919156141338538,0.011576078984350898,0.005665870974885329,0.10130538375880949,0.0653434512476796,0.018414586041220586
12,0.032179652072898746,0.02554519002867249,0.012627691053477868,0.03156575978465286,0.03913521652396737,0.0195037567667869,0.05632329995314682,0.1139972761348368,0.10176758697744492,0.07211670210841636,0.14932504390168347,0.07494559314161701,0.00443408296044297,0.05672847050804062,0.0605411049427883,0.03160164208669616,0.025582306455429353,0.07864511935380362,0.004734970269790722,0.00869953497540661
13,0.026288164172653252,0.053483599361027596,0.03414736206249656,0.035611931323648954,0.032251477283721686,0.018649594471788725,0.04453413590242396,0.036407247918208534,0.035520786450849294,0.027208442900218434,0.027908874180225512,0.04020931824939309,0.02985907915803139,0.039837498151035135,0.05927161680295302,0.021702584521394175,0.03607696693431915,0.01773252443525296,0.3556621918094537,0.027636603910904903
14,0.035815182510863304,0.024927957646704694,0.025904266488940755,0.05033499252719966,0.03263988045257578,0.007673998828278993,0.03341048637465258,0.03715721436546077,0.40184566698188456,0.014793793763363112,0.019733402644855152,0.055799751653809494,0.024340019274564147,0.03854927182620208,0.054161517550297245,0.016216149373408716,0.06358369854204309,0.012817765523554105,0.0175024003979981,0.032792583273343695
15,0.0548963648674498,0.024917498757076672,0.011587659920717683,0.01543985361384261,0.04691057045980046,0.05984970538940041,0.042189200775487504,0.006277541423312784,0.051694810969233444,0.03537620109339356,0.06957163171130444,0.1550484066840946,0.0017138698826903824,0.07062865970602963,0.022519407882808828,0.13886632124102177,0.10444866911468415,0.05327974388809449,0.025956847796794916,0.00882703482276185
16,0.1054642471131028,0.035832707548825476,0.018451315591209345,0.022199373796103417,0.005907030962313556,0.03767424061300439,0.08257144544799773,0.018508590478571996,0.058728555423569716,0.02828734217076615,0.10311125948943548,0.06440427777048821,0.0023712744663541793,0.07754390398965368,0.1317704095322972,0.12641757159891862,0.04493391636455272,0.026538987374320745,0.004146084735613647,0.005137465532900945
17,0.005933033423593109,0.01743820781293847,0.012511082756922854,0.015996811394131238,0.011430802795233447,0.00516853953667961,0.013555707127777625,0.20058267304405616,0.013984254237693446,0.2688432883870486,0.16154627269975394,0.01393278262954238,0.0569707561398479,0.013201008409914129,0.009750073892520479,0.005468013481093263,0.007608287528961383,0.14480289040982244,0.009546296841268327,0.011729217451201283
18,0.041178054628416665,0.012920816800921426,0.022430873260528256,0.015556622929021165,0.010291915146390761,0.1481078772592306,0.06058575282452075,0.025362722264515428,0.017998084017956693,0.058824813425290154,0.012569677840286241,0.26548382686577204,0.007903448918322892,0.1003167506109462,0.02972388107637162,0.08443527954729162,0.017020111645595866,0.0318154031008946,0.011098900879189794,0.0263751869585372
19,0.022245879481002276,0.11316313399965529,0.05969266285667838,0.042335396591306855,0.051105109262566305,0.045108833864844336,0.09880833876641548,0.026302771662768298,0.025951478671327844,0.09190696646665182,0.027019030205254303,0.03597108306085361,0.00393601910267574,0.07187507886802694,0.06512463321804167,0.0800171211191257,0.0652834489025752,0.017328272764936332,0.016968822035511404,0.03985591909978219
20,0.008596654385415781,0.00992211106728095,0.019819512917948246,0.011454735635492895,0.04495423509668196,0.009284909408447378,0.011641036497085774,0.03380862589995665,0.020974412832190526,0.2868832621944577,0.30135672389395324,0.013464666798474328,0.006791370964135368,0.11241536517885618,0.003974195464956647,0.004883760054244563,0.024170355263959893,0.024187253623167898,0.007496968674995807,0.04391984414829828
21,0.12714691175886023,0.06456873916321311,0.021105057931426457,0.0873255989090178,0.006471568067404771,0.07727343572325349,0.012396701990698512,0.008924020508092836,0.03526269846075798,0.04661966025842796,0.011852991204331692,0.09777460056286157,0.101184503202208,0.10407516584613773,0.017074651676605337,0.10213081750242879,0.01605377907834981,0.030261439494720918,0.006762612455662,0.02573504620554105
22,0.11008796297422484,0.042194554855519345,0.010394884236644461,0.013043217365784312,0.009158713813464727,0.06683404203681571,0.0758772605639588,0.018212230116956097,0.026774087413789265,0.013613140522450825,0.1145611937058366,0.015644260697439613,0.03878471102019933,0.10456927529647603,0.10184381253335982,0.0800819788775213,0.11474268197791082,0.020708042528287295,0.01079922590447441,0.01207472355888638
23,0.043980254347789384,0.00727624494518126,0.07966169676458654,0.040543900263206985,0.042567803372529876,0.02348840944404004,0.05085552064132404,0.03194502458147341,0.025909019392490622,0.048661996763637694,0.12104644721674063,0.030576891181798665,0.06824336058564681,0.1283628305957827,0.03404227315299019,0.03288064113119324,0.0581766291138327,0.08034319073112883,0.009272261888402557,0.042165603886223806
24,0.0586786915953601,0.010257222106867693,0.06960061166508429,0.13910188648090951,0.010783607279941983,0.07560043604738093,0.024408014565604753,0.02544858533553617,0.019675483829986556,0.02647745282709509,0.04422370944798248,0.16538907216954532,0.007282896265155733,0.21023865086414784,0.009713794722291806,0.04311523890055355,0.017242501171139606,0.009180247563150147,0.023108132127125373,0.010473765035141065
25,0.019974474346872814,0.0270492076833429,0.026914844645617813,0.024383641404382803,0.3479343154074278,0.009753147685849988,0.03871665411602917,0.06614041218503443,0.023987185217392744,0.026262789886917687,0.025615387413572506,0.032977985081504665,0.064551940776841,0.025975359951099012,0.00967084277014142,0.02700883461319185,0.02907043471172217,0.012885420300746634,0.07503688548790205,0.08609023631441053
26,0.07454928672596821,0.030746777608898067,0.020103800588880113,0.02692534912181723,0.06392665696044608,0.014661459534606097,0.09690677380033466,0.1371718282670731,0.02230164507770452,0.05806919447630447,0.08135272987258767,0.09110112854476736,0.007895265909649585,0.04146050087151593,0.04095413823497408,0.04663450392779358,0.06470550739990891,0.00913790531214347,0.002282191699367906,0.06911335606525897
27,0.019509118686470647,0.02478325404667758,0.032845986757047356,0.07154366766759229,0.026273762814077103,0.0048459487738294876,0.018032537659946262,0.02287232044921353,0.08044584833614332,0.0020612028089427954,0.030081682895068945,0.09255090312738548,0.06717689591640756,0.07956074893774515,0.12155329401119841,0.153898602649023,0.11573543180941406,0.02568221812484471,0.0033409497828547343,0.00720562474611756
28,0.017235165462554568,0.04129805990179042,0.0556942584930592,0.020681144576191107,0.07221802527745315,0.012310530411494568,0.06094208039321634,0.030960711456456357,0.01926056805437405,0.012288458220876148,0.027875328107967504,0.02408506111770611,0.019812424959927924,0.026813721302390837,0.010201325385567088,0.022288606912460505,0.016848330631315616,0.014130472301871424,0.018448920221529816,0.4766068068117973
29,0.016082247932502697,0.024319989190892333,0.02816875150530576,0.06613989125233123,0.01727854316155148,0.01769685801944198,0.027677254248357024,0.06878503062042556,0.4384373404377205,0.010263548834308054,0.025002843015525314,0.037578435251639564,0.01905940244081324,0.04783154502844428,0.04037489160553366,0.014076157291992355,0.045146732720921255,0.01163105528384867,0.019420601630812093,0.025028880527632937
30,0.140641268196184,0.015775051287385267,0.010576196642395737,0.018946964048448346,0.009796083447212865,0.02909990552826431,0.0154522072127341,0.0344524637463427,0.14502835669411293,0.06192067515163204,0.013273083383493355,0.04466033695614464,0.007727551395892369,0.046174438990751,0.15288697956709232,0.12941429752123168,0.05299526449036013,0.054832254155939814,0.005515578259622116,0.010831043324760304
31,0.22045286720068347,0.16112415550819478,0.06756693230849027,0.02089587857483649,0.013940729448766063,0.008244768696187605,0.015187705471797364,0.013195889780323298,0.012752204742048216,0.01820539179480221,0.0128912558588527,0.14468615873624993,0.016151756868909902,0.03133776837935646,0.009617613564513598,0.1333513860301458,0.045908982033638995,0.016932840286871795,0.025121973160423545,0.012433741554907526
32,0.15409663253606665,0.039570542599528045,0.024336937242602687,0.022162821491564965,0.020461642122008884,0.3937330408998608,0.05962184504697624,0.022797598326451014,0.02511055724136811,0.009826740385112782,0.024894302682399796,0.022629627046337104,0.016249861534483604,0.025300517683096182,0.009869638024154253,0.041121907197107135,0.017499544036116428,0.020777292488856552,0.021572437280658552,0.028366514135250282
33,0.014088668015958507,0.12971980460758578,0.023531529211849374,0.025627676647222018,0.037080978328634946,0.010939670806420446,0.02178131984294928,0.2903544421591825,0.018443651741754167,0.021812305082218462,0.051856770090168584,0.05874578237667478,0.013960823359628833,0.02534979249247933,0.009671251489532946,0.06594477320326005,0.09143827805317137,0.04175471476222811,0.023242293047090447,0.02465547468199008
34,0.0231178196636368,0.05414959357023705,0.0114293456163283,0.010621379462567318,0.015325367845248124,0.012507966476620983,0.008710228970504705,0.0766884449672973,0.04069536866067923,0.17336580149102845,0.04459362261964869,0.05302614200010253,0.012481948196347497,0.029096008867668707,0.04148563461783941,0.11932227142465819,0.11875062117867874,0.04017505346145505,0.07671239033007285,0.0377449905793801
35,0.02176562827134631,0.02412644338559832,0.07767697441755285,0.4076991576298408,0.024874551524861635,0.06599169137585414,0.02322010035745962,0.020683562912446458,0.03828892041328983,0.010433460894675214,0.020433783034754873,0.020881135289257124,0.013844839929629644,0.06935086351458583,0.013177597779772426,0.03656800686794328,0.015312674899416614,0.030924036918930586,0.02393358264225366,0.04081298794053075
36,0.040154942052805745,0.06333529631443767,0.023849245305633846,0.020742118262604303,0.01623542874401347,0.019080825811311316,0.014340883569370785,0.2721384724687919,0.021416887945488253,0.00698707727248141,0.022219353044886293,0.016748568654035643,0.051676035696569034,0.01582172898760412,0.0066062911478003425,0.00713356033743749,0.017051092039850176,0.33340694725962566,0.013068104114307335,0.01798714097094526
37,0.010890580450103235,0.08647198253279677,0.020272602235688844,0.01915420793079309,0.03997345206472517,0.15260716011134678,0.046350374905344105,0.015214399040509996,0.030685440522751486,0.021528283574846756,0.018105897698424155,0.09631468924388378,0.04967919410299531,0.04041366471226962,0.033848880996663055,0.14897639282305622,0.038991102411357614,0.06186337227487749,0.04404821150002325,0.02461011086754327
38,0.026584719873994887,0.03119677947443711,0.03960196606730219,0.028228832191945316,0.03425103702696472,0.023667792563085877,0.028596592742646653,0.04764480197984836,0.03288915218527533,0.02258414002331698,0.03295840291239269,0.0466428216750874,0.03804746092659912,0.033690070606534964,0.3738752776129553,0.02455461972492398,0.02965856687746127,0.01845594693318498,0.048523542127826384,0.038347476474216456
39,0.06441115216533719,0.0137333291073205,0.12527075997373704,0.16183787224020363,0.040818012053670465,0.043817280847588486,0.008819469218935587,0.12022753039410454,0.05910355314239179,0.005084532834116255,0.013086026688507923,0.09648301103445367,0.003934461001827866,0.01602549010179016,0.004881064297019061,0.026948023300496733,0.13078716010460323,0.038909257584301464,0.013291037022817705,0.012530976886776764
40,0.031741476266289544,0.01199479970737588,0.05310063484964576,0.202931005337239,0.020579558088448257,0.05935658179988211,0.03215358815663897,0.058458128092461335,0.01952595007962425,0.02357913493072145,0.04184950288566887,0.038795920589746624,0.05570283701826182,0.15654589504886218,0.004875559642830239,0.037953900020061396,0.049254605037153856,0.08579733221452046,0.007113039334506309,0.008690550900061687
41,0.3989485172712003,0.019875327091433054,0.0403539709454619,0.016998997065750088,0.016081233383540092,0.009190327838766298,0.0287991127263057,0.022443067972107336,0.023946099168935434,0.010619413291394634,0.025942696116984326,0.019746875306742084,0.030834494575554105,0.02480432289914627,0.009182017435317207,0.18313867496594408,0.03264050886525424,0.03906093721191092,0.030633959554043445,0.016759446314208528
42,0.1239114334711242,0.11568869367187858,0.013422391627620388,0.018295713547203527,0.013256158802015148,0.029249644018206265,0.016309573588696644,0.1397419299409729,0.013446915250359655,0.030132014592340373,0.07058514217351812,0.01112587407213814,0.0041601527652857925,0.029320382244543322,0.20323716268714792,0.04240018411477755,0.045594701071594135,0.04739015046883477,0.009887295028093102,0.02284448686364944
43,0.0844720286393336,0.038213591316830615,0.006846326517405045,0.02020501379741873,0.00801320885910372,0.036428786792211336,0.06933423975841511,0.04225057388427088,0.02571799619376569,0.04869094016145764,0.0695441265354541,0.009898664802018928,0.0011040482514633433,0.16793978904913928,0.09259540415827747,0.0395328643422301,0.137168877068456,0.07680663812234818,0.012726883234172948,0.012509998516227232
44,0.20727462476745667,0.15928481372541753,0.021956743907312358,0.01010623911963458,0.010587516076808103,0.003604422415948438,0.010893680860211806,0.02261247974311107,0.029183061476958285,0.10119092596981108,0.212763050044053,0.023747619467051343,0.007995641939644088,0.03661737259314013,0.01920089126088033,0.06026492979034248,0.017062271442431724,0.014604747050081395,0.015721803465950136,0.015327164883755481
45,0.011108844184485182,0.014867989409013745,0.01407504019688605,0.016965503441708774,0.07929432945577708,0.01604247331762029,0.07768725136564579,0.19603581250098678,0.019600036641316813,0.33914554733981694,0.05865403580345313,0.011754037872618535,0.029732673726255588,0.01572398148527103,0.005893805134375393,0.005672424045478618,0.00899750733296158,0.04966281289132288,0.015508836850692348,0.013577057004313489
46,0.06660101762569436,0.015926072523997227,0.061490010148640556,0.03914450918393347,0.036139953029781305,0.03010560027349514,0.08247416184527218,0.06328286224531555,0.08739653663531378,0.05039500410244214,0.11993864459186268,0.020934712638542192,0.001324650406244883,0.038087742108563534,0.01106302961540888,0.08323565744562561,0.05542447161341411,0.07207933916443503,0.018098454180513614,0.04685757062150376
47,0.03394696618499179,0.05367122139331316,0.14557066745030783,0.12344878512357238,0.006105692304533973,0.049052550202694875,0.05387091477285087,0.027557514699105213,0.008784511610155416,0.018721287979494763,0.007041860898265658,0.0389305526113802,0.0025964261963034208,0.08555042196886654,0.014936666917867134,0.21493382421799143,0.04005769484270043,0.021566680058457154,0.007239602382285056,0.04641615818486273
48,0.05669929387189995,0.1255210023766977,0.0075883228910758075,0.02586099730476464,0.009025160681562042,0.22606827435412652,0.10669977539870401,0.007749018697404167,0.08825199122321906,0.0164000781498179,0.015389900622031032,0.10339299150057131,0.0042920522383345285,0.04611010056407172,0.05159816296558297,0.07299529485152222,0.005097192677003653,0.009590930298817727,0.013651230527325251,0.008018228805467811
49,0.04106698593608825,0.057814721008872756,0.039319463283690556,0.043008737160155665,0.034087299620531905,0.02710337262199581,0.036476384374986084,0.03968543975646189,0.042954834045920716,0.0783405223792551,0.04465296911590498,0.06436676205250384,0.06167500290966102,0.029193055307443132,0.012381604676921246,0.016012816535275233,0.03467325139728907,0.10091425538390265,0.0342787293700938,0.1619937930630463
50,0.05624431687835947,0.01866132711492646,0.22304341236929084,0.01717572608685594,0.008353594568421458,0.06009515118461603,0.043430212197409154,0.010886299293987994,0.12408284557244656,0.07587601246349931,0.052802776555417416,0.040287749356974586,0.02315669176717276,0.06154070323646723,0.018243009891999465,0.03537535892072488,0.037240629338171384,0.06459236434389824,0.018482654093380044,0.010429164765980745
51,0.06501083939319932,0.12783648127893085,0.08212965358958371,0.04496893464648006,0.012322131023280742,0.0938118033212609,0.030798175244260744,0.01871873999840007,0.016064659203113896,0.023276835829199486,0.026514432375205912,0.2481632804106115,0.0055395533221676944,0.027169247444237418,0.025413969376910758,0.014336325175495265,0.0726543887769087,0.018044270463158013,0.015897884547289815,0.031328394580305154
52,0.06642356573604104,0.04443413321117368,0.03210264784715973,0.09578535367635589,0.016461567440902054,0.16876795412920975,0.1354503938331944,0.00848064690836973,0.09993025082183986,0.044048008565484915,0.04682850430630837,0.0512634061074651,0.0032033774097842476,0.010248933497600168,0.012013452347187408,0.11612727915903678,0.015673764558850924,0.016156267329226183,0.00851934852017787,0.008081144594631945
53,0.010684151620542728,0.018803442585544655,0.04324716725136782,0.07368078756146493,0.022071538623792915,0.5276225939971824,0.01545784374529732,0.01892163426299107,0.021488816227702517,0.008424570498627286,0.01921837734350425,0.018234722103430544,0.01090690687165695,0.029839701472698515,0.07604024709702042,0.009059963298054566,0.011978693202984642,0.02482293745239531,0.02158553209301716,0.017910372690724062
54,0.014065010863743016,0.013886066306187479,0.012999492655358805,0.010267949511322951,0.35620275372206217,0.006098514221036698,0.22350814914092443,0.00845216486186251,0.007996090506954816,0.0025416242566133444,0.022638743786653797,0.004996685834783855,0.004178106138332611,0.03308668238387742,0.02196183857022668,0.003229864312672607,0.006692730171499996,0.010604495913489345,0.021879472547362458,0.21471356429503494
55,0.23267201490562578,0.03308569243535855,0.015024264880122483,0.01284583198881527,0.011193107544658198,0.004681319508984796,0.011106654612076244,0.009596197119182076,0.01387717209844792,0.005454188995346667,0.015227231960250241,0.008387390474039701,0.2526938487226684,0.011720701598185009,0.004795413637599506,0.2609539897585748,0.03677057460988946,0.03387839580619319,0.015113220338470673,0.010922789005511026
56,0.03547948782840506,0.02430268091365387,0.010063797132278477,0.05371980157520459,0.011773623323924858,0.010411829405762381,0.013609538306337859,0.04241992103348007,0.013699440137699411,0.021029885461427547,0.02288401997895005,0.009146547078319207,0.2565825279832874,0.010936640029191374,0.007000062444231694,0.005578271137393248,0.01382817888211273,0.40668377729341926,0.019619598032101254,0.011230372022819634
57,0.021033727547956103,0.03466410166713017,0.016338902859802856,0.026109154950200764,0.04059571181273779,0.014128034288660805,0.01266016765480814,0.02335883120143731,0.023810220137085718,0.009348244185603172,0.026395289919361176,0.017246455966053634,0.07200317553716447,0.016591714546874876,0.009046639730977267,0.5534156205142483,0.007523062394721405,0.012703472426618085,0.024060666281165634,0.03896680637739231
58,0.011055534893336012,0.02513866958548612,0.022809119592564875,0.020580623014845898,0.025338072993232045,0.02048066781440544,0.015319816735317175,0.022511031679814834,0.016485596761182775,0.0452448042437396,0.01851738725042491,0.02168577650479669,0.011164272679595313,0.02471376165920767,0.42183187139738565,0.11129747324677858,0.07870975349172571,0.01287631362601129,0.04564010062215962,0.028599352207989818
59,0.01049741208696716,0.023257565794865202,0.01970206860310849,0.026889708553524856,0.025294706186639298,0.6469774225743419,0.018138041981330396,0.02486496928163188,0.025895674507665035,0.009856014842812505,0.028218589515019273,0.022048786020395495,0.009014805449701586,0.02024627661213718,0.01710354224891525,0.010640274564899948,0.01199264582773326,0.010339162337497277,0.021469312194841963,0.01755302081597203
60,0.33599951736166056,0.03607197307630223,0.017141329880748252,0.01843457486509278,0.014804413672660539,0.02083995665932926,0.011067350428475604,0.03562338710941003,0.02373680060335218,0.006440674274557026,0.013968210320861877,0.021679856783479706,0.005391958936615057,0.013881318317750043,0.024114515478172935,0.22007294358464732,0.11818766673450373,0.028668750838449917,0.014069328884517918,0.019805472189413025
61,0.1198607477685545,0.029731315084040408,0.0289965821269334,0.016578338556912472,0.032683526916400266,0.08038257919895793,0.03546860969962682,0.023599565501903872,0.026902524203395218,0.008069664580278533,0.040153287727406485,0.030294020998617197,0.0256564762492294,0.018098481082784786,0.007412128959981868,0.3389739817699026,0.03673250807330847,0.05205820253675709,0.012803370998974205,0.03554408796603444
62,0.01791014536773905,0.048600513927893885,0.02797714985761222,0.0381554795297927,0.023750024524720133,0.011747303798476784,0.03170500511556689,0.023138232403404273,0.4586441221439154,0.009595749491406656,0.061368263581793724,0.03566997663734599,0.029081590994617833,0.03741833995326624,0.03711381759101065,0.014771295769051304,0.038873148664550584,0.010874819353037175,0.018649454398559657,0.024955566896238856
63,0.007194504597493295,0.013623138904860508,0.01259109046771036,0.017712728191488388,0.3665688828397975,0.007914960464004434,0.014214006812913186,0.06592860642361979,0.014701932295910708,0.37592501311707727,0.011947340575256473,0.008372998191772524,0.013982630463401778,0.014870329920583908,0.014037711754381337,0.004711139313368415,0.005177696300123394,0.008080177872923533,0.01282335577292177,0.009621755720391435
64,0.25061158437406167,0.01690120018226403,0.027967925336993518,0.006145810616890075,0.02564507149830448,0.03287181449142136,0.006937844391294454,0.06640116387984592,0.05243751603077765,0.010661504220616588,0.08005570705551951,0.010082247351367106,0.006023561897272016,0.08685563993300509,0.07680633941411742,0.16748231050529797,0.043156573468991766,0.022030784404840936,0.005869962050984175,0.0050554388961342525
65,0.009406841606637477,0.022926444318583337,0.0204429204560185,0.01676363451199235,0.09108540193511888,0.02023168155527298,0.013636727199781101,0.015568196272383102,0.015584344408293725,0.01088477021813007,0.016351624214229796,0.015093945961038463,0.007099433641057887,0.014777697121531333,0.08758215852772237,0.015520306753268716,0.009895099108237833,0.012511021977000204,0.5338727859228447,0.050764964290857154
66,0.009102925853972484,0.03165926859114906,0.01814854819210381,0.024267104320660014,0.029153573458226105,0.011108058220624724,0.018599158892011594,0.014743412490863661,0.01973083995522343,0.30535625546996137,0.32475475164788137,0.01615375017567521,0.006249039396132855,0.019614422771290718,0.010976999433890331,0.052274226107035394,0.00992271551775321,0.0101436856938106,0.04423926492834389,0.023801998883390303
67,0.15085385608819268,0.021502454942217322,0.017468514546029164,0.028833843295293798,0.025569760511751173,0.028839289244133117,0.018914090545373807,0.016469657179372446,0.02327979029690999,0.01241156419000016,0.03759548196354671,0.017317460659440037,0.009664507392806202,0.02222323009185579,0.009319019572694834,0.02957766057806881,0.10511199992457354,0.37900565137763975,0.018768958887988806,0.027273208712111863
68,0.009334098655440727,0.03077068355168389,0.043689079024105563,0.5621653354192773,0.020328319775414144,0.04990145311443968,0.01998241481157826,0.017478533440826845,0.054487241862038675,0.007866384833851778,0.02156357835402509,0.013444938457419545,0.009083389032042113,0.020777863237347573,0.02083373152132991,0.009044654504913879,0.011415306965247717,0.03279165471907387,0.025692639603885948,0.01934869911605756
69,0.014413740874777736,0.01852075875170157,0.021290802543514443,0.030149763097836693,0.0214948915195122,0.039052031956747786,0.013691581561021657,0.018067716165959313,0.08274049439702158,0.009529629744095984,0.021156550677684457,0.01612045685627855,0.009776519249663945,0.02626959573242708,0.5370626505185242,0.0356341874853469,0.024005853925429015,0.016322422394258927,0.024449610793920225,0.020250741754277823
70,0.0981336108584618,0.020792371067744893,0.12200308294382153,0.048064384922964075,0.016074518255033296,0.46906731855310935,0.01209149642826235,0.010644443684152315,0.012402453292121387,0.004289745113274181,0.013018001766875897,0.04641344412657787,0.0031053060231860355,0.018029071779195414,0.030725705044793824,0.028201173575475302,0.004330191848890457,0.019548599843695513,0.012823346411161098,0.010241734461203364
71,0.018109373971737244,0.03574581651485449,0.012304909611757285,0.014459697987721731,0.07128532585383562,0.010964905929793019,0.05969841484834234,0.09146168852263699,0.011894013545391456,0.24010930725443605,0.10181273780551503,0.007548805502473506,0.0029893326695710405,0.007630162985207274,0.00535821513681066,0.0060765633364896305,0.0058823947543615515,0.012766728394705036,0.03583324898231626,0.24806835639204378
72,0.009096592571013886,0.05129748828601353,0.016434867161529986,0.015063377919032348,0.023535000043781635,0.012845098728444467,0.010401594362408144,0.18548368383204725,0.01773581332560236,0.22986845595776334,0.07305199888708251,0.00975319684355104,0.05685047760536229,0.03408252756594435,0.031865952908641075,0.007614097187299997,0.027488340092512113,0.1547602711222966,0.013831478500366791,0.01893968709930626
73,0.06230821852328199,0.010153614343662682,0.28554470665581555,0.17722021809211083,0.053939564738693276,0.029140104356384065,0.04648495375770384,0.011601909236915581,0.057937135709339796,0.012853488612000597,0.03754252498491024,0.00851004069124609,0.023828044357794932,0.03522474733235568,0.011915489087485161,0.05138765735867069,0.009067888005545978,0.06357955553881835,0.004819514451301831,0.0069406241659628705
74,0.04173489502234681,0.037479886723115516,0.03190593131905769,0.02749652904652909,0.036523677282887974,0.015703933113207065,0.07387841486297503,0.032218630854111176,0.03128752411613484,0.02242866872159111,0.035005580423922246,0.02977658002360605,0.36493555220386087,0.0450630903570182,0.017324863855223725,0.025303084252638493,0.04787422889301947,0.022246732084814636,0.025274899469800924,0.03653729737413909
75,0.017898498025820785,0.17787976275561102,0.012054987909121639,0.03833916824707308,0.04637323895406404,0.06319651463006623,0.024545361590469945,0.038917886537108815,0.011228490018947188,0.14064111100886595,0.04304446390164872,0.03522428187389628,0.006156114146192469,0.03321023191173032,0.005722130560447959,0.021316096370885624,0.006273911903394783,0.041844198607882126,0.055231327534900926,0.18090222351187216
76,0.026506669596596782,0.027405701853428978,0.026954814506195742,0.019641285120045524,0.022053880148326,0.5700882682309232,0.021356411704106584,0.028014386646927944,0.03129669774869232,0.010362477584058994,0.024934723055407317,0.02203496111541052,0.012580025054678447,0.0240483264183692,0.033677763207441314,0.012229577151463217,0.013138743669000214,0.01405747263339019,0.03788252644186324,0.02173528811367439
77,0.02453266721707356,0.13147222456614885,0.0067243363816,0.011083109586979195,0.008097746831906224,0.013405077482699696,0.2826414772685073,0.0075175658154389355,0.08491287721664108,0.0668133283460044,0.05229424465638578,0.01633674584398462,0.0036738747521805003,0.016683972645210522,0.18676111959018457,0.013242713584941017,0.009956190633205336,0.025346098130716543,0.018468366283964286,0.020036263166227593
78,0.020862321255397644,0.32418731166697135,0.018356089078520755,0.021332087214317032,0.014433327887211755,0.027060833347170722,0.011004707650407855,0.022979854530637243,0.016798126341733194,0.06061174650550622,0.014267774520582666,0.012623425780095563,0.007541778355796037,0.009793118465154845,0.006865472773945329,0.005887796162466728,0.19650535186286897,0.17616272102650704,0.021850942532290845,0.010875213042418274
79,0.03964850091342439,0.3204443596411807,0.02616515466025877,0.015033310724492628,0.026080514792191638,0.015776271305869217,0.009989339142434998,0.04302424673682951,0.024987929525469868,0.024759841877573623,0.15116819106954169,0.01027214766110628,0.005848850987032906,0.015642182887597,0.007550406431604291,0.005856323751006528,0.017830939632254492,0.20393430307512364,0.014378416802927953,0.021608768382079892
80,0.015113557523351688,0.02327991379508276,0.6342227894067243,0.01901536174563353,0.02557469154589125,0.032229247086768775,0.014560386825991034,0.01979827105484917,0.02423971934971189,0.013396859930443972,0.024069939305919334,0.023692341128012235,0.010318597491355054,0.020345931734059318,0.009620784331202382,0.008752359933438045,0.010800192867786357,0.030365743265791525,0.02265028768984224,0.017953023988145186
81,0.00998199205972291,0.020640378993304374,0.018613234461834115,0.018791186333234365,0.03476629212915693,0.010682388003774346,0.03443647016379912,0.12297676802261404,0.0170546831864519,0.46776981783263466,0.07343072771663699,0.016952690257785,0.02975914625272108,0.021374332388453942,0.031671930767370744,0.007573322880132612,0.009440863976165483,0.011643751911834765,0.020573269761490903,0.0218667529008817
82,0.030276812178520778,0.03504019667061177,0.024266579371773695,0.05442403950117766,0.02369234092028194,0.5605552234826102,0.021171187390140185,0.0182885828095685,0.02348940188902514,0.008452580190843417,0.020152257912268316,0.019748648172543407,0.012487058915750686,0.025559846572783512,0.027135649450900492,0.009793215168577184,0.01593541220539735,0.01987755727407651,0.02970096266932209,0.01995244725382719
83,0.3105257709763756,0.360490984662333,0.012962573216612112,0.01250646005564764,0.01804991535977346,0.00919210216451986,0.00729448758946116,0.012114769565177335,0.010992753219957576,0.00340879263375215,0.011784214996802617,0.011003273631257637,0.003957201598158721,0.011450658811787383,0.030014955106793292,0.12347001878066567,0.0053324487935163,0.005425648675658892,0.018020945097870212,0.022002025063879355
84,0.018512094374470524,0.029291095958776794,0.051743089338802256,0.024236356569922936,0.017994875954736003,0.6315414372832755,0.01758525081892369,0.018342009196391385,0.021503904937749455,0.01043754808362121,0.022768754665702415,0.016117344005515444,0.009809758517223493,0.022768350984464752,0.008361211698118013,0.008714569456333681,0.009320205100789892,0.01816428472991548,0.024622758936970513,0.018165099388296486
85,0.02915782371580592,0.03089736249444609,0.027441081356465225,0.04134225298220675,0.03746991534728192,0.044560424326358476,0.046258534452598817,0.05568628593583446,0.04504520934223642,0.028074518169973493,0.03467922293011156,0.030008527639351655,0.04571209561658401,0.041222279268464584,0.29803163640576485,0.04620750685561368,0.0287394891414141,0.027598074001688677,0.026079794475409198,0.03578796554239012
86,0.026397272107295835,0.03614179100461713,0.034494068614275605,0.05635120850323164,0.03286629753654604,0.2927684968603319,0.04891031002821479,0.0454569496157478,0.027295862051992668,0.030720523469544878,0.03786114560489165,0.037390502968988826,0.025152715487179234,0.04703150163701923,0.03958635286487484,0.024633959479105134,0.028059607639976867,0.03419960217196662,0.04764573251075581,0.04703609984344347
87,0.017446276697770564,0.028611626520312183,0.0319448576003751,0.03116342176127744,0.02827924787055664,0.5691219610407721,0.015223189064444174,0.026371838382324826,0.03289389025296773,0.009468846718963517,0.03396080186953023,0.02673853183913585,0.0071755621361661096,0.029231996525185718,0.008638031313546282,0.018596504995410858,0.013287591785639409,0.022291944034669685,0.02743479205902002,0.022119087531931706
88,0.016674679345652317,0.023989737175360456,0.03053070959681272,0.026979235986831048,0.02856241883638561,0.02030515320870154,0.022621114367736866,0.02935380774792558,0.029838981137789825,0.015154381503413037,0.02807529716988746,0.022918652361385943,0.009948605723806733,0.020530584401121627,0.036708590982551366,0.012589767964722522,0.016302955657452003,0.021719617261828198,0.5249280845886536,0.06226762498198159
89,0.1626940653537735,0.24090584353688937,0.011075429149584303,0.01425061795892221,0.010955424161257221,0.11752281891203616,0.007509781225757661,0.018652537752628207,0.02042107797036446,0.00461245838648178,0.013316776513487553,0.015027095861899948,0.002606178118353042,0.014639725816099357,0.01273970350320478,0.29273575470867147,0.0082653663219839,0.00975071020357172,0.013213494771191645,0.00910513977384169
90,0.005003032769465297,0.060356620397167514,0.018257744010656378,0.013061010246367062,0.1127844403273869,0.006695956391743621,0.031024195881988355,0.010840690681886306,0.011016514319773333,0.0263365432695246,0.010272069835845762,0.014581637828163772,0.007466363018088316,0.2156100960839879,0.0045163282262599205,0.010116824669369619,0.005330661364414018,0.00711269342742099,0.04669360898493179,0.38292296826555855
91,0.01415448666800997,0.047021106896274,0.029438997391707113,0.02854105902032078,0.018199869509145317,0.013045684716890158,0.037392424051727394,0.019141618939198204,0.024288009976385895,0.027889446419872798,0.02338077033139654,0.03743443505109553,0.008833335054372941,0.06744404890262504,0.011413453198405765,0.007675271562022757,0.011992049678745039,0.024829570549969922,0.09593644545400253,0.4519479166278323
92,0.11061511270303677,0.06137983218534202,0.006561068388772206,0.005666261202058836,0.007263250982152238,0.01800199823710726,0.003907100442652681,0.0360146492829781,0.006332725206332369,0.04194412878738599,0.28590251416171497,0.0033791508173736033,0.0017811701900973028,0.00479570103778335,0.002326354644594807,0.11503923933329702,0.09956046298204003,0.1773730465286336,0.007476608184914326,0.004679624701732504
93,0.48485291011549536,0.10400064721906283,0.02193304056991123,0.0242264060406236,0.015914835069517425,0.08623153436522212,0.00907676162345183,0.020112910675859196,0.01817499481239784,0.007712241901574313,0.024283689794832503,0.018107432860624387,0.009935342616089223,0.017741121798163485,0.007829423341256149,0.03466559144614046,0.02132527691842176,0.028927875392921455,0.02813800353249266,0.01680995990594226
94,0.026333364343995226,0.04658578596689138,0.008932339988576787,0.014425457740431347,0.008160626163056222,0.1761868358069133,0.0232204820531634,0.028254230291624924,0.010593171842169801,0.0033580974867020714,0.010262624825516169,0.012936035562301555,0.004420098017236741,0.02244047358138104,0.004511491500522066,0.10230109169430263,0.44523303831238636,0.0271747842869004,0.015290636717157085,0.009379333818771485
95,0.04262475748627629,0.090344394790702,0.0992803742747448,0.013003015523764455,0.0032791864132384455,0.006071388579708514,0.10061891215529994,0.14519878916527998,0.008092477309301004,0.09765088009585003,0.014399148864976829,0.10569995070283866,0.0024267094996934706,0.08992626417378953,0.0024082114248786964,0.051017742248034875,0.014838415500649453,0.06348256543689121,0.025779980572053204,0.023856835782028615
96,0.030503260729390854,0.06825624044602119,0.013917630168965502,0.006916833316076878,0.012366094274113728,0.06340502112737738,0.03190269602633156,0.052475126645117054,0.09469592178927475,0.04341213855740668,0.06137547347677937,0.07426825491923487,0.03129449817366067,0.05067211250405907,0.14353255585485147,0.07532082697949014,0.056738103872912095,0.07846741392724543,0.006371107352103218,0.00410868985958814
