site,A,C,D,E,F,G,H,I,K,L,M,N,P,Q,R,S,T,V,W,Y
1,0.008426386021350213,0.05045497952165973,0.021886614312718378,0.018494545274726777,0.011262998810784484,0.03497566738277949,0.025379283046697197,0.012500402680244015,0.12281605719525206,0.02506273546097741,0.012971166305181733,0.024457932486450163,0.027943092567832957,0.009396717212510095,0.5124130276549479,0.03076660853339695,0.010008843580252856,0.006011438397708219,0.01378568263326634,0.020985820921263023
2,0.01285138851893626,0.013771541331375238,0.013929014479579286,0.034122838838053345,0.015729161173849267,0.6110244442598147,0.034624194149760396,0.013453486224061862,0.013742461017240533,0.007778201520062963,0.014622376108335057,0.025801874046669337,0.05658631557238293,0.02294376024231795,0.02312716522038686,0.014284552542662055,0.02098133511367811,0.014723270247541827,0.008177273210380129,0.027725346182911774
3,0.004988789673031701,0.04782538069926503,0.04910435892371754,0.01043110543944634,0.01626142420630212,0.7478016644541249,0.008923623203974782,0.008660780940134916,0.009499295436946914,0.0031548290698445755,0.009091047303125998,0.0092368587739474,0.004287922576396604,0.009078426289838711,0.009226691479345546,0.02063061888930065,0.00606612418102044,0.01102338812026639,0.006457016658912638,0.008250653681056914
4,0.07240529596962791,0.01089797477466472,0.01225201448726027,0.02447238507476234,0.012266011017433692,0.6688076776740223,0.014398078525972486,0.014147458638624523,0.011768107394328481,0.005033425396209134,0.013916646258024551,0.015868548213073746,0.0067602156313335245,0.013755037234896107,0.038039893059716064,0.011001531812741874,0.008460510854249223,0.012162518490727853,0.015812244887418562,0.017774424604912624
5,0.04165724784301819,0.07859812904082107,0.029921517544149522,0.0320885013113354,0.022135805320114384,0.024455882087130048,0.048655954321380486,0.11277469988335144,0.11152388866780125,0.03436944719563728,0.02751517221213673,0.04880207241000398,0.0018347464800143978,0.11661901177032832,0.048286889375113926,0.04457798702002701,0.06670669703121088,0.07199281095575248,0.008270506682246884,0.029213032848426315
6,0.2373230556197808,0.06738206661299617,0.005324442136501268,0.014945753926768801,0.011701286676167013,0.38271023896231743,0.0035841395618110526,0.00476475381303179,0.005747767881689888,0.0014521457515637632,0.005486846288006788,0.00510521566600191,0.0017191681135041098,0.005376859805379262,0.006546949783746097,0.19941549903942027,0.00608019290554784,0.005635968831023409,0.0024657870412927523,0.027231861583449625
7,0.059598455035256674,0.06550157631297228,0.08753891356220601,0.1028308148449928,0.05250525284155992,0.0048865679928749356,0.048475036472426666,0.040287858453625154,0.005438745977853741,0.034366607933251886,0.049460538769352275,0.04801847275319146,0.012858538868465904,0.10230248192347985,0.007253295531145685,0.05579010118796108,0.06380354752415886,0.0590383907760408,0.04514569893597734,0.05489910430320666
8,0.020411010168824635,0.056693059327364355,0.00811973117572839,0.009289232169580133,0.006974929279509736,0.0033706928060851325,0.007531679543547319,0.03959618474226247,0.008798119835760619,0.0029998876560072443,0.022747797860233322,0.017457552340639886,0.014878297985800268,0.0084778196762418,0.002585459017120542,0.08932030067523088,0.6429067267318566,0.022634344285538087,0.007278066489689185,0.007929108232979501
9,0.06943944392781963,0.11805104960870803,0.0024942677938620617,0.003513935480039921,0.004334384601481446,0.01432619159334023,0.0019074412900653404,0.13033191654545898,0.0022151586297455977,0.1726431313812826,0.022633842552391953,0.014801274209683626,0.04223139498337308,0.007816549701172933,0.0014859468079553109,0.03889929307333592,0.1463551522415802,0.2028996286010632,0.0015679719431574283,0.0020520250344825248
10,0.007208654493985742,0.011322100215290192,0.00980077302755219,0.035646653368531636,0.01146315844325576,0.7249861419767261,0.008784856247413141,0.008435737171397222,0.01071345251669917,0.0036617304436485747,0.016198360072971273,0.012861886123438358,0.005620137377650939,0.013392291500997838,0.06435656409139394,0.004587847161626392,0.0066586304017615,0.027274903828281846,0.0066534497741466666,0.010372671763231606
11,0.05828819234088951,0.0909450114523995,0.0644587118486882,0.10625897522359548,0.02577246200570195,0.02422731558846983,0.04273657197101836,0.06424054829899514,0.016589792436791928,0.025113803598485807,0.04157934822124038,0.037703448198469214,0.0007827526757172665,0.11456709575699772,0.01741020606059596,0.05097119145360129,0.02062728433639735,0.10130314031541322,0.03541168765734929,0.06101246055918258
12,0.07485831457053678,0.015260952319954032,0.006843501613483231,0.021223643374859127,0.04673101257162147,0.027018699841671576,0.06437664560059245,0.035217789252836425,0.12065983016967985,0.08823393989981468,0.04850506591156046,0.04709658376086203,0.0019741085204314406,0.1048416995285548,0.0942826512110989,0.09230460996966448,0.026241744310722504,0.0755274320714331,0.004122299579572449,0.004679475921050224
13,0.01802440416037918,0.04965241762477249,0.028504355022824786,0.025210572677363163,0.0691129942746571,0.03385543040615149,0.03658352261657326,0.02694094404741249,0.026131454847154453,0.050272636725569794,0.018858340156577807,0.037374537591020766,0.02102508859531341,0.03775198728411397,0.020032643769055843,0.04492083259561173,0.025640628595461807,0.009158944304723108,0.38779664760461974,0.0331516171006436
14,0.022581561011743623,0.016848276859257886,0.01901925494093422,0.03360164688939841,0.026212272932675126,0.008778133929203517,0.07266745609688668,0.036738559974374516,0.5241242766758017,0.010157280581420245,0.01439201151250709,0.03884228936438056,0.014408838966603875,0.029875572711988957,0.042235184443806875,0.020638540062799127,0.02458188415616699,0.008293968796927047,0.012586276327403311,0.023416713765720094
15,0.061266255463828655,0.05453061018830622,0.037171404136624404,0.02447648675189367,0.023691514227401258,0.07001135116456494,0.0737589553613796,0.06082764816227198,0.01492965043864373,0.05503017382731331,0.04452928377569806,0.11331873984289023,0.0008881178108646315,0.08902188628015262,0.0466291944886269,0.053393757879458055,0.05321609373344459,0.06718132927417671,0.015805933721212483,0.040321613471248005
16,0.09625688180262815,0.05969797083329996,0.0207330994550202,0.041074352745680554,0.01302241869621819,0.05036134457515667,0.01441129539370666,0.020745232678761848,0.1035367525055595,0.06576834971093773,0.062192505088685776,0.10048864948509495,0.0019773036679502014,0.0633027108540125,0.11273030892858096,0.08647283276711713,0.0710939010302503,0.010627853207503693,0.0014849130109563645,0.004021323562878659
17,0.003415650217277598,0.00458154180767833,0.0056479479149901795,0.008624735748166941,0.012569950679151896,0.0021495179977774658,0.008138429278227798,0.09814855863876686,0.00649265923822032,0.295162010216181,0.2338214810619659,0.007769483234911996,0.030429723024346003,0.0216779677790506,0.0051679047730048425,0.0026616432820112824,0.023437773873224363,0.2184247935034352,0.00445033683987923,0.0072278908917322
18,0.07271142670160519,0.1031706616725694,0.045271922989722324,0.0083615662473994,0.00485745614130239,0.059932679996621274,0.013017099486727449,0.0262615537638672,0.060038221793705944,0.024476480894544676,0.024386811754694857,0.284969747427879,0.004029252206682003,0.04806985678516261,0.029123846009491007,0.04639309346942033,0.06777350161151827,0.04953782141806371,0.005202800197232766,0.022414199431790193
19,0.0591294581194123,0.07093917453696935,0.03740144038382259,0.05736969951423996,0.022952442222880832,0.04642852060627333,0.05974168287296238,0.04973582616663693,0.026252387188129625,0.06728314019079008,0.0650727896807203,0.06335481625668957,0.0013898034161956541,0.059000474152131166,0.06085396995080009,0.06267516585443098,0.08892813354379162,0.0603361797903449,0.016874041925627355,0.024280853627150975
20,0.01365218099519152,0.06541972379123955,0.00883134257491441,0.004190746129618577,0.1672994484066535,0.0029936569614961023,0.008975076315843327,0.05275325499789194,0.011302276528384498,0.21361792199335733,0.2161069749562936,0.005164322597722735,0.00474389350516322,0.09544361010524532,0.003423427333156739,0.0016090125779723273,0.04002715739902518,0.02021435544255709,0.0027989610917517125,0.06143265629652134
21,0.08635858822313054,0.047308585196502,0.09010853138896441,0.04280996825204181,0.0023873383407803537,0.11186175280352655,0.035942412276432856,0.008569899307922813,0.038156962004785064,0.03625162382888174,0.07467180200260844,0.06275441920141207,0.054126527604268,0.04665021542597854,0.024456837436001258,0.07707273821278628,0.08307367188049126,0.025609794689513517,0.0035941978918641302,0.04823413403210841
22,0.09045618400240324,0.012678501517065247,0.005186634962040183,0.0376401026875718,0.003872348585786376,0.08412641429401524,0.13697498956908818,0.002824273805841732,0.09051178468855649,0.01667005030696742,0.02150169887892153,0.019341193255079447,0.07520321426108134,0.14276970908667166,0.053364677676878296,0.09109710782464898,0.0801620194996628,0.016190782726739114,0.004144281317233532,0.0152840310537474
23,0.04001057895375035,0.034305176584274254,0.02748609235228118,0.08190673214051276,0.020928290923475618,0.060249665839170595,0.06527805028331708,0.04588826517565449,0.01946566540204203,0.050682230961002564,0.07584637432655252,0.0396243696477074,0.06600126581152461,0.1023104259690753,0.024531790159177246,0.06725304352886122,0.062387738849760364,0.05620810250644074,0.02755675498251008,0.032079385602909564
24,0.056155331934186335,0.02827538197308047,0.11156693265942934,0.08288160523160114,0.006025018762373438,0.07074215186183339,0.09661965969075482,0.019689384818217616,0.026708118887390032,0.02151963175480298,0.12337839115087229,0.06355914910161686,0.016617442778323124,0.10614589493912795,0.01412908856637443,0.03646226636935878,0.053899313156458004,0.04099613969854577,0.008884749331843788,0.01574434733380943
25,0.012290691698673011,0.01783400886867429,0.019308635464027692,0.01653778850603125,0.4185945203157273,0.006162800706990918,0.03226218931606915,0.0429178225685566,0.016093945635264475,0.022470556022732496,0.016046635512803026,0.02459616712345808,0.054316687075591064,0.01830747723440904,0.005329336760035966,0.029997353824894765,0.021660749597964393,0.01248595123655668,0.026743608417328615,0.1860430741142112
26,0.07031178918433044,0.042855532654683746,0.021335633704345987,0.013154736656600304,0.12424829317646374,0.025014089946250512,0.09472272296843075,0.12280205300028534,0.014217462921333496,0.060505118719065124,0.05495650232010849,0.028475450532215497,0.002097999063646108,0.04652955455883259,0.06412443452520927,0.047487604987549246,0.04531377935944505,0.03224013763484935,0.012344412013982797,0.0772626920723721
27,0.018476365219094223,0.05849596398918967,0.059017144594625634,0.03713199466272189,0.009068378577765511,0.004974506108609236,0.03716815143987527,0.02821840364352937,0.11780050716560896,0.015080041564232627,0.029606696898636695,0.10982156485232872,0.04415252174619184,0.037589326373928415,0.0879218790342134,0.1423657669616742,0.12006074608061681,0.019984524387316027,0.0027897005625916594,0.0202758161372499
28,0.008109888736700746,0.049502904727085524,0.016395521586633113,0.01033994011510531,0.2117341959560265,0.005368360675060627,0.09665256337379072,0.01934463266108577,0.010150641473968014,0.005591648065762115,0.014780181048875528,0.05247181533730663,0.010688116122058335,0.01635198753947642,0.004448787219451663,0.011315477740775919,0.007585436205291944,0.006647954600886514,0.008534626219888835,0.43398532059476974
29,0.0075659453087616214,0.014375506184433241,0.014941897234040892,0.030186027244530914,0.008816330341526199,0.008033707315295902,0.12291200073918088,0.052435771877818976,0.4079846480523666,0.019045749210563,0.014017784148104102,0.022473860551797703,0.009004537125532404,0.043949369344466624,0.10403101677293139,0.005875314419549815,0.039921552907220235,0.05313266310231494,0.009322904460876157,0.011973413658688401
30,0.0902838450098943,0.055843145443460196,0.0055039920449374445,0.017343744948939706,0.016827825316266407,0.025078845111853876,0.007879041721878421,0.056996342557868965,0.1697511976714217,0.03883068175302077,0.014027106951748644,0.05447124370403741,0.0038358472146532547,0.04150251881742189,0.1706537675001948,0.06753958887926749,0.06054201739851526,0.060925332221973084,0.003171825974220053,0.03899208975842634
31,0.13856052239560657,0.14961600438288816,0.00968652729688398,0.012603017418106958,0.006368268425716732,0.02153257324378407,0.0236941709385324,0.007406577395045458,0.02112153466180662,0.012488390645211837,0.021990870559477113,0.25128802826144636,0.008669479518703302,0.03713414363661883,0.023403685770885405,0.13797146485245682,0.07131832815597278,0.027759127637543894,0.01226287360692348,0.0051244111963892865
32,0.29513997254715457,0.06535273302389148,0.018767841472824568,0.01184416958889794,0.010524743139745309,0.3353489081950141,0.028772530240320754,0.013689064204908629,0.010990620533623784,0.004095957936913005,0.014453328189118762,0.04583038689197361,0.0069110619967136955,0.013908219259430808,0.006976886807719761,0.06472680879454418,0.006615938770794792,0.024399981966212198,0.009588798456079095,0.012062047984118926
33,0.03837895322881541,0.04793845333219731,0.01616608037148843,0.018028329941274172,0.012348608346426829,0.013414527194732935,0.01655607198886991,0.40328382294670123,0.014421446763220632,0.012493529141118813,0.01244856706636046,0.02628372986291069,0.009155335236947733,0.020442740697373358,0.005651497612333254,0.017829410601118513,0.07717595920959712,0.20240123222804338,0.017224967984936033,0.018356736245533783
34,0.029288125797840427,0.01470526218464421,0.005671439997565524,0.0047945471622569255,0.019762110387961128,0.003537632700199164,0.03758468602664542,0.025941869457056704,0.03125789490195627,0.08839535492749336,0.08985214543550005,0.017190849467760706,0.0060486803958775615,0.013866228535909493,0.028531502398947407,0.07692931870548457,0.11326955782481735,0.0495897267380922,0.30223595202146525,0.04154711493252636
35,0.029794505215440404,0.015879061415397834,0.0719845738213238,0.522725894768366,0.018205183901625448,0.03678535566646217,0.04806672416565519,0.013238310583326864,0.02102046481211508,0.006288979398609479,0.013156078146698346,0.011234659300002432,0.00923361619698447,0.056307560271545265,0.023059578279705492,0.014804451384802008,0.009694303179145361,0.046999151985646415,0.017072965614653036,0.014448581892494946
36,0.046786461801858484,0.11463459923018696,0.012476317834103853,0.017649736163555623,0.007625823069936648,0.011872277412843682,0.006669512161239113,0.14835929349620627,0.012132913735222291,0.016598356403445105,0.009781220091476967,0.007774301582670518,0.06720890723231383,0.007493753847667017,0.002798140122586862,0.01847371069865662,0.17021236645105875,0.30677714520966987,0.006357925449589893,0.008317238005711608
37,0.09311312997458793,0.061225646164059434,0.00866235151456569,0.007957435314319904,0.0394286485440315,0.0343719662545245,0.09976023689173028,0.021480944251987807,0.019482106401478922,0.06379617293826702,0.036385991781241474,0.10689965076800673,0.07713306378128547,0.08662916737311847,0.011743291231674209,0.05651989462048358,0.09583672429102105,0.035738513456825056,0.01460146655011197,0.029233597896679044
38,0.02241495945993058,0.026973734010128744,0.026846130945038255,0.01675655403471277,0.023009738900520244,0.0384836043015884,0.02107305053272506,0.05704044310081444,0.05456770242771702,0.015315178499089296,0.02198583665326149,0.04223333684620694,0.0289497946072446,0.021608922829592096,0.44555580955955437,0.025354092084345314,0.03903292867494684,0.009460933898367364,0.0340574785287152,0.029279770105501028
39,0.13075560173782347,0.009075889828984761,0.06097163343604434,0.23629757133069434,0.044084892484341866,0.04684518201190708,0.020015943090584284,0.03766873563954208,0.027246907348476016,0.04126259592739336,0.05847913156775834,0.03694790268882149,0.002519388724361671,0.04230799073730476,0.0027577195972777156,0.06211335309017733,0.032772192539941125,0.07152639289203779,0.017679081388398004,0.01867189393813021
40,0.05035979832406562,0.004635933338356473,0.10767306279693435,0.13821828616281084,0.03010082727449465,0.03796496087703889,0.051081544546041434,0.09357533076004206,0.013085459680157379,0.060101171918246425,0.01853606549477399,0.0803317657497642,0.06516402842358215,0.04530966220640588,0.006393568084489204,0.034889110090530695,0.07047703008312792,0.06706970613802447,0.011481118119632643,0.013551569931480722
41,0.44101953412274614,0.03252159045927758,0.023368420024499164,0.0089774808388363,0.01000163029155105,0.009449519286460735,0.021965636186807535,0.015338695506686048,0.01357247659595302,0.005170863094761011,0.01595172556467769,0.01151382329517314,0.03709389108552565,0.018456316704725004,0.005199784691954138,0.25655764091501526,0.025643037991387944,0.017662634258404142,0.020846664710680328,0.009688634374878083
42,0.10195846340198658,0.038600433367981,0.0039455664111969655,0.006274320357579191,0.004434155966296098,0.005382262874798279,0.013988936414159514,0.11061971675441662,0.14470771067193108,0.01236394112591848,0.01983257143040987,0.006551386255809105,0.0032527344625181242,0.158900277359422,0.13306029373603262,0.06436507191008714,0.03884681844277003,0.12616791747905887,0.003247111785279243,0.003500309792349165
43,0.10305334468331546,0.01771708673976036,0.01602797497456832,0.0063335059678214295,0.011837466667207695,0.021971147114091143,0.06880539694818733,0.07952445360982845,0.006523609817408979,0.05461786192208212,0.0460049246861544,0.12673745721707427,0.0036708932783159533,0.11247933816548789,0.0945384899766657,0.05799189159295825,0.11161737388024201,0.04042520191193031,0.009371562202149832,0.010751018644750103
44,0.2382181346890294,0.13640424250065963,0.017337486585242524,0.015872499916286816,0.0394846420515688,0.01648966567171705,0.028756497052984855,0.027909419522621454,0.008821223140483923,0.04326324460622573,0.07077053444396832,0.019530971821122418,0.001887641438938639,0.13220360417151397,0.026218689270223597,0.06781851550366265,0.016358746107376015,0.015569308208143033,0.0409518803625915,0.03613305293563968
45,0.009535006961775535,0.01538063063638551,0.007665294463615615,0.008919739538303434,0.163453370843643,0.0067173479340964974,0.014251992653929185,0.18489861644609368,0.011961339309207815,0.32693573600333525,0.10924024586337651,0.006424832948819684,0.017352870342770103,0.007874942454145446,0.029046943520580782,0.0025247981346488736,0.0033094933280523103,0.04153243495934854,0.00805914106521032,0.024915222592661875
46,0.05799443429448761,0.03975235027774905,0.0868610561078133,0.028661254227659153,0.023570965100689536,0.03860644539628085,0.05518897925041582,0.0582075481230127,0.0805226481072387,0.050462504174947916,0.06282394689317704,0.06212442840252327,0.000613192592924066,0.07847333047322246,0.039680041726099534,0.06847489681998789,0.050460013038680286,0.0599257854720041,0.021206725188549574,0.03638945433253715
47,0.06087666219161854,0.058602382743768604,0.1226857766214936,0.12594438891605086,0.009621809874460336,0.07178895433607352,0.0166631724289939,0.01910320109315634,0.007099425234442245,0.013084385670117743,0.07712174110787606,0.05247804221762457,0.0009394081131442843,0.14426499015981914,0.012145643215324325,0.08435923751094658,0.06102436734275401,0.02835847834577698,0.007924486427419919,0.025913446449138452
48,0.06533191736488571,0.026426771542310382,0.029163032170769,0.05578501474646899,0.020951890298474656,0.17124173905771006,0.04675088958611199,0.0030974215848883157,0.10240488021842621,0.023073877542756322,0.03673284273749489,0.16701516113436582,0.0038485154096262776,0.10533122109540598,0.05068307120558152,0.06049090482502371,0.0016564475549545072,0.02240955692100923,0.004901548114854083,0.002703296888882331
49,0.06607939524271106,0.0627106363044806,0.022477216417248157,0.07946946296350643,0.07722390550296536,0.0212049622822783,0.039585351716652464,0.07408391456608225,0.011345901363559957,0.08367393505213754,0.01711736683335777,0.014311453941184306,0.07475365572202863,0.07525456060430258,0.06233090139875586,0.060860979517246575,0.025679304833268277,0.08539910215683436,0.014560496356448436,0.031877497224951076
50,0.06010609104405457,0.04565915790556089,0.04866415534076813,0.02849367050597118,0.06319864000671632,0.05654677313137785,0.04019335114722777,0.022516333954193786,0.04532489381110897,0.02724183864186998,0.04417332161054318,0.09224733490725132,0.041876259606093,0.07585716686340009,0.052718977630146255,0.053114569943293694,0.05728377265171033,0.05957755508215441,0.02570458553828115,0.05950155067827712
51,0.06185880919067506,0.025200581429326643,0.0918459769999228,0.05931951607590572,0.021078467616688527,0.06104309253356317,0.0674602307595903,0.1013264645850038,0.03208166887228647,0.024234431104613798,0.06823053166107079,0.05523607310447364,0.007776827044366047,0.025181979458431016,0.02031429942817083,0.09818410832130195,0.07147148582284542,0.07552450335586919,0.02649821121934681,0.006132741416548039
52,0.1636772125978804,0.02071664150595189,0.009321956684269826,0.060392073923833854,0.00291936576164074,0.13534973270223374,0.06572097210865263,0.0037616724108794743,0.028878014340463453,0.027195005635104928,0.0459982510459027,0.046599131332851824,0.0011895789459560229,0.03502594949731527,0.022860040314673383,0.16410548892207202,0.10801382706155059,0.04558944028044433,0.00311779891154737,0.009567846016775516
53,0.0055771488603763315,0.012055371929261583,0.01606835782000341,0.020288279315585345,0.013393613125959497,0.7187110326332081,0.022307047544778677,0.012920600557650314,0.015332682781206723,0.005422676283286782,0.014567599104723461,0.02603196646851002,0.006454977510275316,0.023310224688761653,0.02083266326176047,0.00618070249824441,0.014980536033304659,0.01754944941312534,0.014582511993283299,0.013432558176694533
54,0.014893085419638578,0.017893676425972494,0.01098588535773746,0.007102410228170172,0.23461962137718606,0.0037584554914505196,0.35019683879046687,0.005855663109084217,0.0050789115869688956,0.0016244184573544135,0.007765352913825711,0.0057908473346714555,0.0019024209291404668,0.03844979666322609,0.026157495314994342,0.008959661892129527,0.015021771153875806,0.014086732074917518,0.13478605427566814,0.09507090120352124
55,0.22498179870402688,0.07884671832837825,0.009326844404190309,0.006432107506147415,0.0054292741189341815,0.01584250501272924,0.004817246082848074,0.005169831719132435,0.0077815083253882505,0.00196090189748489,0.008334041532246105,0.0035878955315225298,0.2587302022278196,0.005006947974626101,0.0022021769525109513,0.2027452832665424,0.11398275762996359,0.0321239779674107,0.007639893168107935,0.005058087649990203
56,0.024666350377806064,0.028096809216746482,0.00626545198442882,0.019545015915326626,0.006604230294451194,0.014096184464764187,0.007276001478376488,0.017587638098352332,0.007227197182824114,0.025376532272282155,0.013477209823711511,0.00495119732973978,0.3120459528954667,0.006008691191239783,0.0037844358116084337,0.0025653580606171266,0.007888671931236541,0.4746558394952196,0.011471877285041605,0.006409354890760461
57,0.011336445539307422,0.01039692084334915,0.009194867537097803,0.017377265717088957,0.07391043662684264,0.00785785791196131,0.007730183477056973,0.01571543594522516,0.01588548734697465,0.01036311623662908,0.017649262876507116,0.01116779402088311,0.046660399033901616,0.010478509879834917,0.004974331764305176,0.6651372917960279,0.004004206601929264,0.006957674631712074,0.016839148151317727,0.03636336406204802
58,0.011834254948422633,0.05104930620288335,0.014990720946795426,0.01153912866291261,0.017740776753268097,0.02447599727961629,0.010064797242741022,0.013889113100256782,0.010801979163234929,0.0223222187716099,0.01223105403818461,0.015383373704872798,0.0196494953948253,0.0633074136809422,0.557940562997855,0.02782727883682155,0.02309029125341193,0.01637574900850599,0.057936126314598366,0.01755036169824127
59,0.006868901633633139,0.012630376950241946,0.011459116802745847,0.022984323840560362,0.017042072675314667,0.7386215537572156,0.009513302628300545,0.015200269290341592,0.018715336026132852,0.005285423739897318,0.015667750163556617,0.012872050848634176,0.004282669567252603,0.01146033013440132,0.01938868525276827,0.016795617637854462,0.006567419464291072,0.030891953004756716,0.012660934221327337,0.011091912360773455
60,0.10138431716815528,0.030821184336640578,0.012018287109559388,0.025875397632383577,0.010002261936912388,0.04256001506320395,0.008136849724398213,0.06943757430658336,0.023946736996474236,0.004343913317205371,0.010532825061784459,0.05474462848385366,0.0030991807189468864,0.00933130955729445,0.028564276718697625,0.33035498251357576,0.07242010841616359,0.1364977205901956,0.010158919123675747,0.01576951122429589
61,0.24427802183792602,0.03539010976052606,0.023569166913003283,0.02172926099705899,0.06088837341600304,0.03832669909565967,0.028708407641073425,0.023237257698345528,0.021744537787899042,0.007376808797868571,0.049232185751148794,0.02831435570656173,0.024999740920807024,0.018108107745500927,0.006840232975214175,0.21004613875662057,0.06935154442989197,0.04534599603517806,0.012372528117871215,0.030140525615841903
62,0.023008781667610688,0.015554753199208312,0.018041155034408576,0.054908659516761986,0.01403177613619063,0.032016142711398445,0.02490129954011807,0.015880939061159807,0.5387980774836693,0.00544179463284644,0.04173364073097429,0.051631997237158465,0.019173841443054132,0.04131340426668827,0.03205303333310192,0.007637776212419538,0.030578273279260486,0.00615107174434536,0.010917652169633812,0.016225930599991535
63,0.010548303191200953,0.03260816332215257,0.006470990647043644,0.00973159728827643,0.19895308382013135,0.004582881913160362,0.007253800117829568,0.14662663228200273,0.008922679778327652,0.4480325709581871,0.014484657096899457,0.003995873283291516,0.02948668352587089,0.007434707692078821,0.005694736505149911,0.005203122151351798,0.0025240900522762685,0.044789737677981355,0.007018046128695224,0.005637642568092437
64,0.1672526384049751,0.0422771751737796,0.03266790062974385,0.04686561027415581,0.005821502557688548,0.06272058507601593,0.005085278643249215,0.04070088352932398,0.015943364183119244,0.019757161506222087,0.12433235022857143,0.005808249222417748,0.0009129271277636334,0.1057676860754783,0.059235537831840386,0.11108885913834142,0.06414401903967049,0.03984769454470707,0.020074966851691564,0.029695609961244616
65,0.005503060919018288,0.02687120715795524,0.012947081400327558,0.011274680385715118,0.12283905335177552,0.00943268733071793,0.00796097319489538,0.010507928397104783,0.00945462884722766,0.01941096481907677,0.011328054670701915,0.008733328637810327,0.0040465026440174405,0.008299363962835678,0.022183307625255763,0.008049675333418488,0.005563861705573368,0.007216370272159082,0.660536052559148,0.027841216785265546
66,0.006413029741267944,0.022893720013900117,0.01412003356375087,0.017863552485226437,0.046681486779443254,0.007364962155560006,0.013958449652581627,0.010825775923789293,0.014754946479913513,0.4746970648325674,0.2093953476393026,0.011175235973605348,0.0043166137213476955,0.015657828549681993,0.007190477293791862,0.024982217426298716,0.00654414011587296,0.04215406248685749,0.03306027798362467,0.01595077718161618
67,0.1686364539858987,0.10555282151277183,0.00935241687043882,0.04196724777215438,0.01315847171606664,0.01320741995989651,0.015885149654805145,0.020411240617511362,0.012670617543778042,0.009354234595420978,0.03500532341041612,0.006903183025364422,0.0031106676927361247,0.010927749943559618,0.003036725278576118,0.044142176890722695,0.17750050686504826,0.28677589895296857,0.009216640177268897,0.013185053534596784
68,0.009985628750372894,0.02096363692724715,0.029896168875959497,0.6655184117331568,0.011698500720603331,0.047476424772203096,0.010890879264365919,0.012046550767435577,0.050601079941761246,0.004327345358565395,0.015338906390413675,0.008203937402113505,0.004647570114349739,0.03551999527564089,0.012470695806108526,0.00489085668622121,0.005396726684378063,0.023759870682037137,0.013886153464098425,0.012480660382967744
69,0.007308522272057649,0.01241372260471035,0.012592774456036392,0.018686723717905956,0.015798048928217408,0.04039907915682544,0.009021151319167729,0.05865226753554856,0.04065778725198916,0.0060656490945096165,0.012881961167379712,0.00977755506568313,0.0062159667896059066,0.016487578135576976,0.6684997145247046,0.013941703944392196,0.013263597289820087,0.009127392983657253,0.014371969933537641,0.013836833828674375
70,0.09405547297750452,0.005767127402950028,0.10036627483002027,0.03074912799771713,0.008229569027309338,0.5261731377926667,0.006289074012786795,0.00534490017019301,0.006507354476436232,0.0019248818590677378,0.007210137472501034,0.07952649555948756,0.0015025892363851835,0.02729913846555345,0.0072556318923860654,0.06640725310500156,0.002147379798582697,0.011244192330315836,0.007274995534347883,0.004725266058786912
71,0.0017677489140009506,0.026242519181114345,0.007825365829292507,0.0050180756862367925,0.23873477438591453,0.003459869578924087,0.022399300338153457,0.08213920291666842,0.004028647511650923,0.2803458781555185,0.13066838113717835,0.002665067954338995,0.0008635078855757289,0.0028793290745926297,0.0016449792714276293,0.0013716444152965094,0.0018049007879263129,0.010095080284265614,0.006843914562242981,0.16920181212968072
72,0.018733554916519974,0.26175284081495215,0.006683186019174778,0.006697581794362886,0.11670920894964852,0.004559246545094681,0.004075863915265676,0.13680643779887489,0.008007686591702454,0.1866239628544805,0.03742102511665375,0.004350656757364331,0.03900751146530435,0.006100519175627246,0.007508646374643121,0.002518503832512458,0.02901600729041905,0.10771325793713657,0.006431435356155359,0.00928286649410728
73,0.03253276726784736,0.021365737246332298,0.11694087433482574,0.19846385446964906,0.03679487961222178,0.059755714940725804,0.042374538391807264,0.030418296986122344,0.030220987814086067,0.052371273048106216,0.0285441263414123,0.032278698629930797,0.017079467904717028,0.0618159931718022,0.005797029952102169,0.08933983616242505,0.055617726354630824,0.026935102559203877,0.014238266013185188,0.04711482879886659
74,0.01610184972720435,0.07326730351153611,0.021394363507421094,0.01728636763987991,0.029558092947711122,0.007871856370861097,0.04742713771403094,0.02134387275625308,0.019247349786631462,0.08461271658493343,0.023763013830519115,0.04286153527636181,0.38732982058868365,0.04093602556497999,0.0110037150084911,0.015806642313573743,0.032954250168428165,0.06579941027460719,0.014261768116622994,0.02717290831126966
75,0.01768268337668359,0.017990158671425747,0.00758869726339102,0.029020022366218933,0.16694310776764737,0.053347306755447334,0.09317164358094199,0.06175915671261591,0.0037670935236345797,0.12371614019788385,0.09972120429018676,0.030087520118616203,0.0017065600499162645,0.028998464132951863,0.0016227013397563511,0.02094000909724632,0.020940687834815883,0.09777319643644973,0.010847319487795097,0.1123763269963752
76,0.007202579272388836,0.018379794486471288,0.017923757111327293,0.03579098380654515,0.01375611944169118,0.6867374529784487,0.01409133377814198,0.018487869450532532,0.01964185111218784,0.005203595220392594,0.014474895934931111,0.014299965110686378,0.006056053069668059,0.016338609363427237,0.02621973538001225,0.007556886735747451,0.00661971264755162,0.02259412788826666,0.03288855044165971,0.015736126769922167
77,0.034753777527075036,0.10702558182404373,0.003295854024331473,0.03180949114665447,0.09824115269719226,0.009694531997761109,0.1643877636536336,0.004337480506327794,0.09681072595597952,0.07452020599324533,0.022296681129470666,0.016244484882466076,0.0017865263299628965,0.036631514850462045,0.11330515580355242,0.029630288947387534,0.011598222600315435,0.024800127126937035,0.007221921395677117,0.11160851160752445
78,0.019929342346636375,0.23225967201955328,0.06051621788426212,0.015661251096079916,0.014595080845397956,0.01316588500957878,0.008107530719255905,0.04704236191497354,0.01118398244259394,0.06962967359511897,0.010800555966586571,0.008723661545738682,0.005211729872233253,0.007004047848371686,0.00412617648985307,0.00430583167074933,0.16716590544035748,0.27280395665972235,0.021157511666488587,0.0066096249664482016
79,0.03555629276653908,0.20377823766233952,0.010022492451059316,0.006148460346008215,0.013460152721296262,0.0026754757138301682,0.004247654458379587,0.17158985375780003,0.012193119579625974,0.11250699431317096,0.14583570421030262,0.004747213791110559,0.002349535736819799,0.007435549515118822,0.002589784838279706,0.0021976007113147533,0.062122248233835636,0.17715502249559287,0.005507607446819968,0.017880999250756174
80,0.010838573262687059,0.01406219943047247,0.6982896443648359,0.020241276392866048,0.01536935218408914,0.03988570443909535,0.013448846776084593,0.012925005750363565,0.015028596289508143,0.006547019633213641,0.013867362760153034,0.026555851763019722,0.004524367517743281,0.013373353764405368,0.004769423052669091,0.004796495245234185,0.005579921424847089,0.04283060815617502,0.014203248649934958,0.02286314914260243
81,0.004703365381440364,0.015252885379314145,0.011219514640558353,0.011216448340148734,0.02503819304024246,0.005859514221783589,0.029726254254288882,0.20197102449855903,0.01193691263356752,0.5701145419642475,0.01842821161672321,0.009855062127063578,0.017355390538012855,0.013385519981885927,0.013717673859299893,0.0033134003480648436,0.004789354111086282,0.006022664781697654,0.012472350920649935,0.013621717361365254
82,0.008899889954799352,0.02684098852971971,0.0137660043576624,0.04327171692231596,0.015283886591810401,0.6845217915284425,0.012892530433516066,0.01166420441828647,0.01459534476378331,0.004764244179300164,0.01212953565400324,0.01288211512130788,0.006390834389712127,0.015870168034444788,0.03850569275235379,0.006450961067184812,0.009516681525616107,0.02684834243204354,0.02253554840966447,0.01236951893403297
83,0.23351851893186404,0.4494923083083897,0.006881253355444663,0.00764587890059845,0.005637399399127553,0.012833450942087586,0.003943252828841374,0.006423473702975524,0.00698708791244225,0.0018380996585714321,0.007019651640371645,0.005936393306654757,0.0020796002681531846,0.005911677686819128,0.020564974681559618,0.14821450671196892,0.03926534967770167,0.0030344064269576367,0.008886732127506918,0.02388598353196395
84,0.016648023068380195,0.02454829502713721,0.018249497954691357,0.014882265960716729,0.010497087996902636,0.749978301952006,0.0108653820146571,0.01098588465438097,0.013777453476738769,0.006303428303370032,0.015377627765592481,0.009707877881256814,0.005000915474522609,0.015937417673352876,0.00858359939343923,0.02136872054357048,0.005139288700206208,0.014039409287394304,0.017107586525322648,0.011001936346361247
85,0.017048274089614696,0.02523889479708963,0.022537322776491755,0.0382053972851035,0.033368953145289,0.02084590695600638,0.04763852967479051,0.07417868690238165,0.022658483782412215,0.017328622181794647,0.03129520427469819,0.020275887494192072,0.04717985425700149,0.03827092423266823,0.41113561044265917,0.035662710221140745,0.029227061006588884,0.020460914663869664,0.016853536073671457,0.03058922574253612
86,0.017532766069946224,0.027644227048537664,0.02460991242064933,0.022687230775821535,0.026391182984259718,0.37294956344557156,0.04614800273477437,0.04576910311711333,0.019439540506654442,0.024372797123068047,0.03634088242573274,0.034908549289537176,0.01723276761746437,0.04332697752801817,0.02224268412821916,0.01606645305171991,0.023256833254063112,0.04168416449541092,0.08857020528749732,0.048826156695940856
87,0.006401444081323247,0.023250739259545995,0.04334155718956294,0.02191953914397968,0.018604653100307657,0.6669643446733015,0.009028714200565415,0.018929012145250432,0.024608302849979537,0.005221394081441563,0.020087831691558235,0.01718339072890858,0.0033732113741009114,0.01781692750232259,0.004889826586713161,0.02339052035673495,0.007312653586150577,0.034709095015617975,0.01759155465587783,0.0153752877767573
88,0.011367453081407556,0.03429636054688343,0.02037583484261007,0.01846245573933491,0.03840945591055607,0.012515697823504314,0.013761054685231963,0.02067047867164006,0.02006521955876958,0.05218435176969259,0.018213904103979512,0.01628148480228499,0.004936046031339487,0.013579791603676148,0.024869448385339683,0.006907034624627702,0.010770822741806189,0.013745503614659774,0.6256898702612623,0.02289773120139366
89,0.26209676103901514,0.17900908745770447,0.005995193293726937,0.007442816584085905,0.005629798575807793,0.09706177387686622,0.003766974223025798,0.012713539445618705,0.010828066710212487,0.002364354356551586,0.007882284772685056,0.012076061082735257,0.0011185579011199227,0.008481353151417483,0.003761022136687416,0.3166616781724333,0.04492011361778415,0.00459760153961428,0.008100538505656327,0.005492423557251802
90,0.0017841369590120323,0.0221767395142719,0.011707688894914988,0.005746060851169961,0.10827578125401814,0.002394088203213314,0.046886107919406485,0.0040495770894710854,0.0049847783003380925,0.008086089118581963,0.01633504476276632,0.010620612976873008,0.002691193647546162,0.3551894821404241,0.0031313484400683146,0.0020327977006753977,0.002020140754047436,0.0025980502985559163,0.08134353077646511,0.3079467503981802
91,0.014050074901067354,0.03714088549781884,0.058002585281346476,0.03498095795197562,0.12275835325765495,0.006559277068338343,0.022663062343601534,0.03971870159412897,0.01371327185260111,0.034074815872463395,0.013008701278401662,0.024944773881124063,0.004501992700366702,0.013790044000232768,0.005696745443663289,0.004023149012685295,0.011681296483433811,0.024043165454343558,0.05831322857920849,0.4563349175455438
92,0.11841884210631995,0.056448568721038817,0.0016774164958955364,0.003163466876015052,0.0038417744224305524,0.017753015358553694,0.0017039828168240777,0.06843681446732867,0.002927943369284604,0.057278369358136356,0.2461300093840637,0.0076749663256042,0.00041554983614588867,0.0021405782052824783,0.0009345235236666539,0.12627846303596474,0.14830921237406702,0.13136316546700944,0.0030394605714035117,0.002063877284965065
93,0.47779011922884046,0.11733352844871163,0.012303794485427432,0.0139618140871886,0.008443721883488091,0.12208005943780931,0.004426742505975822,0.009834246468966015,0.012344836832558465,0.003708955234503861,0.014255239635271266,0.009586410849033854,0.001638381855082757,0.01051454519244371,0.0032606979010746705,0.07302901997244764,0.031855598293082044,0.04457796514996501,0.019138790962096506,0.009915531576032841
94,0.061623491589427294,0.07575362924416151,0.0028078352852070007,0.005173277042897915,0.0026262044349910285,0.1712601737654435,0.046896825488332086,0.027149120548717327,0.00444007613719657,0.0009974984559148043,0.010309190493062826,0.009197555362371367,0.005869106477621124,0.007518087371431649,0.0012881230751320874,0.21898234868570066,0.311667734341458,0.02830048568760188,0.0047767430084585056,0.003362493504872893
95,0.03347854331256687,0.0520718264516119,0.08019829529081628,0.018199601192675958,0.006586176621657141,0.021371108497269416,0.09754832722028894,0.13830497822666854,0.010668154916538492,0.14896650116699559,0.028734251078070604,0.07190281926155163,0.0008428125507956402,0.06703782118800136,0.002046303853002756,0.05213656994039627,0.025569708247390372,0.08667054671323336,0.015023497035435804,0.042642157235033076
96,0.03601035719605602,0.031291860546657814,0.0027010550360892977,0.00674718497515728,0.005969774265917523,0.03378911380116687,0.01827258401108865,0.04106509465170468,0.09306145072516132,0.05989777752251612,0.07990482010724013,0.1414477062742624,0.05046366683239869,0.041441776357762077,0.15167318731335236,0.07647407804714117,0.08373061358368879,0.03624194292701109,0.0034042863086197407,0.006411669517007978
