site,A,C,D,E,F,G,H,I,K,L,M,N,P,Q,R,S,T,V,W,Y
1,0.01719079736577607,0.05164421323745677,0.027396788674979074,0.023055119158822246,0.013927950384489362,0.037534336363411754,0.03706382569673481,0.01901916141777262,0.11397560533819696,0.02107778109667683,0.021539365771307037,0.02187584624913804,0.018581743022142685,0.01598484373155525,0.43791728262611795,0.04789505403556123,0.021248382493597787,0.008327563127025745,0.025671020111124092,0.0190733200981137
2,0.045161671994265344,0.022136352988343776,0.025957327534655978,0.06302249816543917,0.025916967245730997,0.48410716014845573,0.04007545886490129,0.023553864615082163,0.02076015380161203,0.013017452659875119,0.018674133861520868,0.02715758746040028,0.044250099214570106,0.030946541445557408,0.015239756093868934,0.014299655234510641,0.029661710699615106,0.013735205350036585,0.013517878988327426,0.028808523633230988
3,0.007649968858096517,0.0570284208167079,0.068191015461436,0.014822485771075828,0.012908778949735088,0.6341260751776359,0.014743657718932488,0.015525643729060746,0.014165670532261811,0.00568893893279143,0.014878043455543558,0.016683191370671074,0.007448949410305447,0.017438421083132098,0.004780101881637987,0.037206352900460024,0.00999541454369894,0.019062053455298645,0.01028644421385778,0.0173703717376608
4,0.06321721090958761,0.03022959610262779,0.015714552780580666,0.05752937993973734,0.0203642588946506,0.587399645688935,0.016884717259046677,0.0247511232149979,0.015112724537935381,0.007551868542766749,0.016526355815682407,0.01645306598041315,0.009713327642900048,0.01830717542940099,0.03874953829339532,0.007352888189566792,0.010336159493374361,0.010646892366740972,0.01131258114010372,0.021846937777556405
5,0.0475509244322002,0.062413796121654194,0.03411115007990158,0.03167814483537813,0.017872950834536362,0.019697433620131526,0.03279384147743488,0.21954342508219382,0.04249790487924755,0.029523464731366,0.03420660287692975,0.05048925845791332,0.002352553304353837,0.10849931627150684,0.04154859850438977,0.09075841717045566,0.05989469207078423,0.031969638867613684,0.015268491333957085,0.027329395048051545
6,0.020285369928339334,0.06492995276731653,0.010551527928775234,0.024381155816526803,0.011197012348643747,0.5520278738094454,0.009621421203436549,0.011852696812185506,0.01728520155522347,0.004152390213745754,0.012996117857813386,0.013742882468970385,0.005111114304513312,0.013874442387995857,0.01378757402282765,0.17738829141958318,0.007157861559802358,0.010089771985435569,0.008034429280565903,0.011532912328854074
7,0.05098314965176948,0.028210227669543668,0.029908047053164074,0.13283135090512882,0.07140822766094755,0.009143249679235653,0.035538604673944624,0.07530939944540845,0.00786571107763946,0.032660243385158265,0.06751357396865064,0.05116822850502573,0.00937114959180438,0.058690448061446444,0.008397180194120042,0.06340406269845426,0.02809233341801928,0.057621176337357284,0.14695191734534696,0.03493171867783492
8,0.05248984052318726,0.016132091152930052,0.01770478737296409,0.020229367782490192,0.015092559352299782,0.00655670869666888,0.019245571682116516,0.0421879416471985,0.014559041435396637,0.005818192618651861,0.014954504681213154,0.01484935366437972,0.020569716549390375,0.016576919612023646,0.0056083471355943375,0.020937447914405476,0.6334873676676714,0.03574580284592894,0.014647048496839949,0.012607389168649208
9,0.03902799615829378,0.10178784104722001,0.0053562721783556415,0.0067308691034848565,0.005763347960113142,0.002732563519119942,0.005297837899963832,0.13893493497730272,0.005658775829249262,0.21391179277265387,0.011068539963084835,0.009406986273273828,0.08938777499344783,0.007484699792176656,0.006408626435483396,0.02740303783118205,0.12496340650572643,0.18716644157772025,0.005065420343163148,0.006442834838984548
10,0.007296953779634117,0.017531964188715686,0.015410777866967129,0.05346689586254671,0.0160913621760333,0.6877516545941189,0.0147658860529311,0.01560470529501951,0.021446726398364615,0.007057376303862708,0.01768142448380962,0.019833472819796687,0.010228127438938115,0.01999185343565337,0.02068207827992171,0.009214039685513932,0.012139625720016303,0.006641419378958658,0.012597657224169822,0.014565999015028041
11,0.11390742525234748,0.05863865105688528,0.058360985467275944,0.19785364204333505,0.024707611181544097,0.03973127926245618,0.013276387872652983,0.017774355655441873,0.03936595366038748,0.03399328559800373,0.0126282388344666,0.01701592571882348,0.0031838205940870386,0.07425977336137166,0.018602318086639848,0.07757929108361258,0.012501140647149822,0.11043525398038238,0.025427671101775465,0.050756989541360986
12,0.03541723046874187,0.012348038131696841,0.01765718403609101,0.061397328100836014,0.012804168979670993,0.017674342529077864,0.13452112335419994,0.06845275957663806,0.1932114996744755,0.02897843201843064,0.11895989652147944,0.049397312580457896,0.005176912155917686,0.02778653019531577,0.09077541487411704,0.033643519855857916,0.019881441966145587,0.05197076303823071,0.008091479905462325,0.01185462203715693
13,0.029116810512882747,0.06045622418134843,0.040220577431695284,0.033608044512257955,0.0267191886753997,0.03013140042056923,0.040677679738439464,0.03439548728963093,0.035446700576993784,0.017528132490622638,0.036061510392317,0.04005532376081884,0.041639155805174195,0.03659475314974721,0.03644700363598508,0.020034891693445363,0.03650675318575566,0.018034933977906637,0.3559606191000965,0.03036480946891329
14,0.0144316269156727,0.026160403807224047,0.038368677838744245,0.03260250611284967,0.03609439896174889,0.021602148615682444,0.03450020425989483,0.08042409729220432,0.3956039803545875,0.017831846594460216,0.03259959093068407,0.04285465423444752,0.015689573767999492,0.04748012840587017,0.026050193599439258,0.014569321846992776,0.04326337321534892,0.016211769626869158,0.022544967736680428,0.041116535882599343
15,0.05827347481374673,0.05198311457448864,0.02575395224577838,0.030937052207139742,0.0692704976718153,0.047860171094437395,0.0666925942796085,0.17819827395854887,0.05001454679739212,0.0512684467141749,0.010763056220763432,0.005517509570535587,0.002348832961651099,0.03318461490780268,0.04363155708645585,0.05605767816400545,0.029583614166236748,0.07767107229680761,0.04652903865065479,0.06446090161795621
16,0.07143085925955082,0.03360474262866489,0.007512693409689963,0.09953098820790149,0.0047349543263094755,0.033300802410902185,0.1286964046565249,0.021602877113771412,0.09245896123383023,0.03608792620756351,0.017565867375689957,0.04680590026299797,0.002027132666211262,0.1762144059359975,0.12562867160296615,0.03301225322043916,0.051804871545931316,0.00810417447327602,0.003616344612175404,0.0062591688496064475
17,0.008441373562816958,0.029207256625634854,0.019230276027228026,0.016567680586835387,0.014377582235807027,0.007925462866716353,0.010804881768860327,0.04019822583351871,0.015199901880126692,0.3639585615499829,0.09653248642873154,0.021682951188398074,0.03079741831879701,0.05241775807191184,0.017096870947944508,0.006795730815267217,0.03215548401833386,0.1914374001787449,0.011492088632690356,0.013680608461653487
18,0.025136048760108186,0.021871439162016434,0.039440331551561875,0.01960605726465426,0.01692939019224193,0.029854715349988202,0.05049682263575253,0.05674323038575695,0.04606175176302493,0.03348513524125831,0.08626373098140466,0.3384609781773418,0.03326880954126321,0.030045155740564627,0.036656417173539436,0.05043825276821,0.014686958565677583,0.036058193384777344,0.016792071414228293,0.017704509946629362
19,0.05654026599551944,0.017208363944966564,0.051740209026737656,0.19107339762332118,0.016766146393123887,0.10252414999616888,0.06384647906794617,0.06849317038609747,0.0031813619995315736,0.05824568255422553,0.04176368863704456,0.05220908739757356,0.001579588486073268,0.061079882094793904,0.06796262958568527,0.0317797421214658,0.05235551983568672,0.029598596726060696,0.016035869503300906,0.01601616862467703
20,0.014229705414036153,0.06696583122331608,0.012101075589213237,0.012508897010315581,0.16607691055824175,0.007170886113502887,0.00954733733262488,0.031655918251284686,0.012407651296455921,0.26956985400786926,0.22180158445889975,0.009967306664683878,0.004428924190979246,0.082763387746067,0.012268145377565827,0.0038577919567853195,0.013167542267873826,0.018826748451781707,0.009162520819197585,0.021521981269305417
21,0.1003282854460454,0.006721964895012202,0.14343052968594794,0.020626213362571748,0.005997690625899508,0.06527575154364337,0.048399572704358296,0.008954032312419445,0.0061709101611599594,0.02534998175769871,0.013546901218404466,0.00784436663684598,0.08531079457174696,0.10188962927723634,0.03279678176616468,0.11540471954365833,0.1255243319702061,0.04972353093206875,0.011080561573054854,0.02562345001585698
22,0.09285935764083177,0.019707229891725422,0.10169735400337218,0.008946002525537131,0.007210059725107948,0.04662774741295945,0.06999140013696567,0.006038805713149882,0.09602220904106754,0.03203575989840401,0.05390487573481173,0.006766369128978023,0.10269651132151011,0.062451857845926974,0.04073513463207673,0.11347648242616269,0.08283341005629484,0.039727174610003566,0.010779050379210913,0.00549320787590341
23,0.09186328503736928,0.011042370054256222,0.03582066932767882,0.01713706149984589,0.023954508850082726,0.04783606830457511,0.029872489062213497,0.04084740355118154,0.04684215891370049,0.06024598886067983,0.07105337394127693,0.07946810216348056,0.05639843018413021,0.08921914818187562,0.01592979768145847,0.05918602998614682,0.08050956887710241,0.026126039549617508,0.05157534842056991,0.06507215755275811
24,0.03164639798079028,0.04730573978629447,0.04947770048021811,0.14759838329405614,0.010893644814340275,0.029825935025521822,0.022161911040020493,0.009905266130685018,0.032644560948475024,0.015702739242016536,0.04164520655351263,0.08410311198769672,0.004477943863209162,0.21673253051499713,0.04341270351940675,0.11379944683096355,0.019443974960435706,0.053091724767727326,0.008252222317598867,0.017878855942033936
25,0.019776310089660555,0.034765947148305304,0.030973962117347265,0.02359255607390627,0.408631305134641,0.011361730940873694,0.06909705384717597,0.0475656291376198,0.02077035713731238,0.01822294544771463,0.019424063339708555,0.024087903154768085,0.03411547919234002,0.027967916169867237,0.011149583902906102,0.042049452366529454,0.02237503961679039,0.048765619234103136,0.03444916111930255,0.05085798482912762
26,0.004860960263614044,0.09876428743972648,0.0075585454090379275,0.0072498991607199345,0.07035052484957662,0.02841786334054264,0.10891432387198288,0.013853983374787894,0.0104147222227298,0.024157779133484242,0.09457069089845624,0.02244690047786355,0.008728051603047283,0.0808674223628593,0.0462511193124476,0.12104588392334881,0.01808297809398114,0.10073032808126299,0.015373842071388635,0.11735989410914201
27,0.013091654307860825,0.003998668359158643,0.005542618596426505,0.02711526704211803,0.006613249078223362,0.0025963620318990455,0.005647298688242818,0.015150718821998447,0.1284737630326544,0.01201884629129765,0.02423109092066169,0.32828439409562615,0.027125203693246742,0.05523648720845486,0.04017844040567626,0.09663490652757377,0.16551087032061848,0.029281551814489878,0.003373348582300223,0.009895260181472224
28,0.012286433334908298,0.04621632315523007,0.030632750095963092,0.017537054280667354,0.12003110164429347,0.0113773363028109,0.04817839688022143,0.024582240250276076,0.020649431495970087,0.010452701299484926,0.017739292522221048,0.03478600438529989,0.01896926013674941,0.028191850027892103,0.011529341454838589,0.010637087050247022,0.017333955804889105,0.011652716030465178,0.022756494115941512,0.48446022973163044
29,0.03342119022867588,0.021960629340538718,0.02435939475421363,0.04716219951312239,0.019227752687689868,0.014694324470909861,0.023426445340983447,0.030766441857147525,0.4943898326198979,0.009736526673360876,0.021393611789247785,0.0204426886540402,0.016694362560871884,0.06075885941971577,0.06109692961721835,0.012988812623804686,0.021711821004467953,0.01689642725475032,0.022462549886086026,0.026409199703257003
30,0.14733202803030884,0.06444742675536082,0.012783611496667482,0.04070024889787601,0.019416427306027655,0.04175053380058833,0.019757860413119943,0.023404441732528487,0.22728860220947644,0.047610544472734,0.0343312328138838,0.012949037689607002,0.01015991721626276,0.055988619216847405,0.055127126253841564,0.08009890307858616,0.033489403635894144,0.04786587270245302,0.009562750954577886,0.015935411323358264
31,0.07543936652100958,0.17246829018930684,0.020838350884029053,0.011683178825081486,0.020648483882570505,0.017682937380036255,0.019922113073046994,0.01640831686820759,0.015643697615709114,0.02544092690449959,0.05762457818425733,0.08057073975088895,0.023790794651321768,0.01658527694249154,0.06482392410670033,0.1672230034224347,0.15989384469340953,0.00735187407834634,0.011592888135308812,0.01436741389134377
32,0.017307367551797005,0.05549826895749434,0.08678917853477801,0.025937252426787943,0.017726152270404923,0.40609320125096804,0.037796346110450636,0.023863028763473217,0.022343387708015035,0.010614245445520119,0.018792661497098948,0.027299391756761656,0.014400062447432131,0.029660631746059585,0.01099326731563839,0.10470396243601171,0.017055260147225464,0.030608475637544614,0.017285733829301455,0.02523212416723679
33,0.014169842869800752,0.10392134359145826,0.02488043275995672,0.01970130993122318,0.022588492881284027,0.011456899897445656,0.020221868806670172,0.3086625964305293,0.021633654019295376,0.02843496960135585,0.02413205513050022,0.03020311355548456,0.014740078487258734,0.03013163473005186,0.009000934196684844,0.019085529616433713,0.048687989044796785,0.20799274717024005,0.018752279947226957,0.021602227332303072
34,0.06149886852865648,0.04002247848806154,0.01451872048183912,0.01256639208262548,0.07312627268003571,0.005614344095021131,0.06131219844457171,0.03931952039413078,0.028571776456275087,0.09580640309176248,0.019855459235389162,0.0320745620929398,0.012794001404584069,0.0469293786717553,0.011958631422032035,0.09223940529860193,0.18696660273537472,0.03656423092057967,0.11667479751444118,0.011585955961322595
35,0.022968203641801067,0.021711783730361346,0.06790737929958664,0.4739685252183967,0.021379728221783325,0.06825411910431262,0.02264954219900381,0.02312645379066561,0.020154309170107628,0.011361321892721907,0.021980294225691466,0.01837967112463548,0.012366727772551945,0.021322770973028433,0.011316597451832675,0.011660978992277145,0.04014020683885484,0.04814219370172352,0.023221317106365023,0.03798787554429879
36,0.03138017623923698,0.01023244461452666,0.013448186053770078,0.025405777053277928,0.010715993919656113,0.005586267111256855,0.01078166502442614,0.17363200837120032,0.01566365346221859,0.016815440730354406,0.025760393079883693,0.013024580000819035,0.129095281958334,0.012629840608344357,0.004119510528533415,0.00785513555982925,0.21955763612395718,0.25513639480923256,0.005826577985102346,0.013333036766040075
37,0.02804237527968811,0.07428793569049962,0.021503565049213535,0.02354709344967446,0.020576586767113048,0.13079022795220624,0.12111466410057435,0.019933058215421063,0.013775178004049754,0.055108964957780004,0.043369918030612215,0.10848486881877643,0.1166476517170089,0.023006974161805766,0.011354046808021382,0.027505221857462778,0.011736083108627924,0.08591814031466867,0.02837591528217476,0.034921530434621005
38,0.022935857717543074,0.04084849048032005,0.03405445434162195,0.02583685884553772,0.030270295725259747,0.03245748071487276,0.03657317891437856,0.0280958587497002,0.03177215590938917,0.021925589775904,0.033934502655606096,0.03723647880072613,0.032637325916134725,0.02062165072174517,0.42781246729462774,0.03110890499186481,0.02976593628594196,0.02307859729231476,0.021438273113701337,0.03759564175281015
39,0.10175820098842953,0.017834897343051794,0.21345447413332,0.1893728722011157,0.02046647433789846,0.045390750727691456,0.011283522621211692,0.018315261568635638,0.029005258184626338,0.004468774062673643,0.014734452230366747,0.08803264472667371,0.0034611497930500936,0.016695072471517913,0.005071213207998862,0.09000228758000427,0.011221466286205685,0.047585639055181136,0.0591102941651805,0.012735294315166843
40,0.03873565571817647,0.0092815448828546,0.06198888934800725,0.1538279827704804,0.05296037104627724,0.03010260934673218,0.009337841511542714,0.023170677932542325,0.008063187485170384,0.09781580936916036,0.10326356915144232,0.01881587148440377,0.06939218416792137,0.07524184356490428,0.0059663887530052,0.0489639014060572,0.12740250120852245,0.054251869284387286,0.005891021356090553,0.0055262802123216765
41,0.5423273106730591,0.01946952217251989,0.030367186837989005,0.018821551944794162,0.022312568833492728,0.010949379441370083,0.023197828608402363,0.019452605123372938,0.023468033281054512,0.009834159130459957,0.028000931748184826,0.023743679236629157,0.011435823877388378,0.0247145469785958,0.011018430014072468,0.08294549481848441,0.018968463981784284,0.030980928985438385,0.026812328634848205,0.021179225678059268
42,0.05039832746697001,0.019700208158512124,0.007975022646095892,0.011502358954038333,0.008566163517432137,0.012052139121070178,0.02422309509419905,0.027726279562362482,0.0724130930513749,0.0365417580129571,0.028593797812140116,0.013613691197532623,0.005420975751840505,0.03936530517938241,0.14323210062821717,0.07517655270775085,0.17352926607038113,0.2351378627924509,0.005803501183678268,0.009028501091613813
43,0.07234151572561594,0.074864406867351,0.01010717026991247,0.02461324185667905,0.010462189918372741,0.030621314418633888,0.1270288023757784,0.012671481048633918,0.011838856758914247,0.042225305658241084,0.0673011522341955,0.03721774271106633,0.003349023287082558,0.05655502600098756,0.13847184365748763,0.125395376244,0.09274384958770979,0.01991446021378548,0.021602198839227513,0.020675042326324895
44,0.29340857564306844,0.11328726667567983,0.028124482619876802,0.014006660103910796,0.016073095133285017,0.01636413170461837,0.06296519613850174,0.018705477925472863,0.04577152865148125,0.090295224827286,0.04287930106673156,0.012121825135056495,0.008751096898403888,0.02187166191904964,0.008888188803145465,0.11709036850555071,0.032654465632855956,0.025835648025541467,0.01464467791277757,0.016261126677706163
45,0.010088541165712967,0.01334985687843493,0.011778650887766345,0.01452750098605257,0.20918136652068342,0.008823941620288567,0.02508932315664094,0.13188475237686775,0.011434301483158632,0.29333285493159655,0.04261994742907123,0.011297030524946051,0.04114987599869074,0.03270716854394556,0.007090922802338883,0.005281160191812407,0.007868105150743003,0.0817349896788743,0.017948420307221616,0.02281128936515353
46,0.038049021964587905,0.026141156218661518,0.05199901951081705,0.04838627905273264,0.005343209859635697,0.05316431096642684,0.022549039357266515,0.0040393614827224505,0.10215994157445785,0.11055759492728276,0.08234138108205066,0.1185511677770227,0.0019059880055703879,0.04502777507111937,0.01676998100364284,0.06297332191360405,0.12315483709071195,0.0248027743608663,0.006937812969577739,0.0551460258112428
47,0.03235828610293913,0.0717443564030812,0.13114661163284458,0.13518389655760565,0.0044584341790167865,0.03747346756210097,0.018977023360573213,0.009649847958056961,0.005772905472527274,0.016900140591475876,0.13627408785924716,0.06502035850669434,0.0021521372932244045,0.051084301490426684,0.003089255066321784,0.08176143291045908,0.14573891542892756,0.0125089764746578,0.02773705034272624,0.010968514807093287
48,0.051312145272795893,0.032767326710014165,0.006251013754536973,0.02541724865405564,0.0065006588560023275,0.1322165581446391,0.27323172166716436,0.006421895375563267,0.06778355724632536,0.011645132391880506,0.007523239943271898,0.133974279565347,0.002279074157554223,0.18185164425684835,0.02953999085504645,0.013543140644478362,0.0024531825242548725,0.002496431259176191,0.008557776354590013,0.004233982366455075
49,0.052542295439007444,0.0238251936879742,0.020951152667291435,0.028016857824855138,0.02998187153460684,0.03175071009624791,0.20986968860758115,0.07756825452000687,0.016171915334359625,0.02008217315926787,0.14972352156797705,0.031217884093305975,0.01437523052107095,0.0167054261054992,0.05003814681041947,0.013235541715716406,0.03194051629429856,0.09929297403215426,0.027295250814395235,0.055415395173964405
50,0.079583159469606,0.05520259310875818,0.10011034515327391,0.01985460862766824,0.03792191794397564,0.009420705988494453,0.00980566377742315,0.006423966628509889,0.030458528883822885,0.11697568918149204,0.022270114153569533,0.05833340525594947,0.05839495039413867,0.05760118883234086,0.03487214929987039,0.0820853690938392,0.08390435394265978,0.04895871625325376,0.017049557846213616,0.07077301616514034
51,0.110124742515657,0.015336208995474795,0.04234230719246346,0.03540613375438196,0.08037480581132445,0.021585770689663508,0.053737535384056796,0.016168251182714317,0.016221084324924636,0.08824112557746755,0.028828451532201666,0.06946286261004286,0.008874242188286467,0.05219982588401522,0.012502835142531015,0.08160462045670079,0.07330544517066857,0.13459411946617303,0.040435172346949835,0.01865445977430207
52,0.08707270604360581,0.006757018634243423,0.010688399984065487,0.011457386331960324,0.011581134329413548,0.1151175846452295,0.038681347248536904,0.0066366862738735845,0.00827088181843825,0.03080067126433147,0.19223312938028303,0.02977165997886746,0.0019255562105652566,0.2276368076623276,0.018988810671122888,0.09947312083864183,0.08469211733454643,0.005963459815832618,0.006907512536363304,0.005344008997751293
53,0.01952718936367456,0.020145680161592686,0.026451607738071953,0.08526301946872576,0.021829890347777478,0.5705582105305264,0.015695059479186757,0.019097790453700438,0.021835805305638563,0.007405714680215411,0.019683021572661403,0.017214987514594715,0.011682141406968967,0.025573765681651525,0.022008155196421214,0.009873169758242161,0.009913382393688332,0.032196894920352055,0.022866199156478244,0.02117831486983144
54,0.012502511317466625,0.01419173407993539,0.01958165394598702,0.010652605175676034,0.07676969616435071,0.004184514775552153,0.2612345854964182,0.006484521109416657,0.00906847445017794,0.0027349435829358095,0.010788115009536782,0.015230125818397363,0.0022585739394247427,0.01665500720431136,0.014139410742300296,0.0037542779534762444,0.003906981967989037,0.018285278236936913,0.26572199129988616,0.23185499772982457
55,0.2876383770249031,0.07042459186265006,0.03286685953108015,0.012460451189631613,0.012881047009837733,0.018542869193931024,0.008518409170856233,0.01101832244148934,0.013348243391629518,0.005846297202029143,0.013081025606713094,0.007983444125009218,0.2547868477335293,0.013651710923460379,0.005927587194513488,0.1327933441572937,0.015499767460670279,0.05565868217289209,0.016396296714305515,0.010675825893574981
56,0.045683871363577176,0.013665083718534357,0.01620077275739064,0.01760326944893929,0.01334218178354708,0.02847060919779436,0.012852663507235561,0.045823011542435475,0.012850907839071607,0.013837491148893367,0.021294935233446763,0.01297731494721505,0.14165570238830325,0.016292675800132213,0.007868800694782971,0.005821297942017319,0.016609918680212832,0.5306784336836556,0.014370979254755247,0.01210007906805982
57,0.007801152900808371,0.020425997967985585,0.016555337087724983,0.026001348471019394,0.03806119060818054,0.012423114003888161,0.014184310141802402,0.02280202635472324,0.022190482976613028,0.008769356585836698,0.02653440096833138,0.014891583269196377,0.027249386744326445,0.020582296620147655,0.007841217704367987,0.6271918970718443,0.01769180800231399,0.012623859947240657,0.022769204601195865,0.03341002797245292
58,0.010073088823571597,0.026583658832446445,0.025427078739378155,0.017639978462600986,0.01965974252330451,0.03685468760917447,0.01948957769988883,0.021762152046696338,0.015692490133393713,0.015778505879247895,0.054944411905173005,0.021617417574647,0.01876253018564554,0.023383419403794393,0.5392650089208155,0.009401000803008305,0.05353629034575119,0.011782139089025501,0.03467095406548148,0.023675866956955123
59,0.011665752403859232,0.01697220275520047,0.018789878083732572,0.03963033698634421,0.022246966086231397,0.6651001130277047,0.015925912764770598,0.021520983728208334,0.018395024262457163,0.007848481159231854,0.02030278579218652,0.02036314498274969,0.008984553390463132,0.01938822122899493,0.023308225468666684,0.009418504298697816,0.010556655889306541,0.010821345913475883,0.017925624833217167,0.020835286944501208
60,0.13062855100343876,0.05155475069203608,0.01644408147310523,0.01607592111325493,0.01705114806856815,0.02210711283940355,0.008942096836636765,0.016257286045990076,0.020505181776173616,0.007858021149052723,0.014322425081017758,0.040307887924139585,0.012640921070552534,0.015509273714316592,0.02275137256323659,0.2897523310747772,0.10227778594855988,0.1595292873075214,0.01427307486544018,0.02121148945277838
61,0.2617532654144244,0.08127266695190884,0.02713024807042717,0.03753179015355002,0.04593011798037733,0.02607309133255983,0.029805144528849723,0.03522686491871935,0.030142366798187572,0.01205978508466477,0.029670697290857195,0.030407145063530764,0.022692528547815248,0.025179623871736567,0.01169901372518079,0.09344278901895146,0.09011910302838295,0.048176915191875926,0.02193235125512727,0.03975449177287278
62,0.014592517148187144,0.018209472519849473,0.025610389275925866,0.03285713072666844,0.01898465449420725,0.021269586869471,0.030288955513909616,0.0232435240207114,0.4829386395554786,0.011234065134228303,0.03308125482627397,0.07348766412981378,0.020193652365071455,0.05582203524570277,0.04337997998306814,0.013521575499547783,0.03046159626600376,0.01174210815837088,0.016515052450863706,0.02256614581664667
63,0.006890901093313073,0.01504821845455709,0.016771980737887337,0.018390818492768198,0.17573703151646558,0.009112804896745482,0.03734573172411786,0.08681100263342152,0.014228120016911669,0.4871533510976694,0.013397618978200663,0.01072461279597637,0.030044131445282556,0.015466346972204092,0.009261862325461674,0.005552305142097001,0.0063477296607269695,0.014270387237080916,0.015946737093886228,0.011498307685226408
64,0.22403471259815097,0.030643322807828735,0.00802523825784161,0.02323016705571431,0.005906465040676694,0.09238635244664674,0.008233232862309191,0.008472158297531087,0.014111370410648607,0.0016815488125812295,0.1725630855014706,0.021102015784106653,0.003962230205253891,0.017859134936104214,0.08105566293180778,0.24056203824928465,0.020028706610841822,0.011958456523133338,0.009690904479445848,0.00449319618862205
65,0.011392537684849397,0.04886456418063131,0.017513944539272575,0.020056950298939915,0.03526464429817472,0.04057194260101426,0.01348645845953758,0.0191680829711076,0.017778445225817355,0.015574575107465028,0.013538459151841114,0.01737637306685513,0.008553685042420656,0.015297652403374521,0.02739497113163868,0.008292701607327608,0.01057239707735621,0.011268958885563193,0.5753405823507234,0.07269207391608973
66,0.010451194157805157,0.013467133392027347,0.017943913418136156,0.022102599503279655,0.013446249139326702,0.010317559436417123,0.017313555240251365,0.015140926540483704,0.01691558674770785,0.4182987136030515,0.3044523582977803,0.015532587794035078,0.00598611877565443,0.023196763343470633,0.008174642418475786,0.021774323744493215,0.011605203278160848,0.02120828298638065,0.015532555842834972,0.017139732340227483
67,0.08578536665292819,0.05505755587466226,0.019317245676342434,0.020916218932111798,0.020640099977461492,0.014341212528489066,0.013591232581115484,0.11371004797538803,0.018182723448932472,0.014741035404729649,0.06434350829177582,0.017105892446708987,0.007651266099319899,0.0353733452973061,0.0077036478373328065,0.017073896457558004,0.07566991611991811,0.35467636986854056,0.02022967265999456,0.02388974586938422
68,0.00939327558052569,0.01665656340473417,0.10854897861182736,0.5513325965455843,0.020363222679878813,0.04344600413215488,0.014954757342972004,0.01995351509601227,0.052737106915052824,0.008130836703901542,0.01878275281813359,0.012891103690160662,0.006368878148372406,0.015886571973247606,0.01779379999892458,0.008395240280993742,0.01144327786027649,0.02816370612259825,0.019773316548937336,0.014984495545711454
69,0.014716245345330775,0.019501620718876678,0.021763596719989942,0.020064033226612286,0.019552289930448056,0.028027317683319734,0.01783979097228615,0.01602972412817979,0.040950845702703756,0.008385638291921297,0.021161566525466427,0.018140629916048687,0.010029989695124414,0.017187003208181322,0.6416854028715088,0.016454960838174104,0.012781078941456801,0.016371392617329734,0.017844653154625856,0.021512219512415373
70,0.06433719377424336,0.022906275918359097,0.1676311921124087,0.03572339283493184,0.008696840441864627,0.5188093666256959,0.006542709567863128,0.009269441041664996,0.01134674253714018,0.0042169834060497525,0.011363962305957502,0.030193011502471227,0.0029436142402729406,0.022973794542901563,0.009447788364839218,0.017396542653302153,0.005077854159342308,0.025922643173775184,0.014071678721823548,0.011128972075092674
71,0.00424393500891181,0.037984855528614324,0.01299962461679641,0.010790263948798494,0.1638418519230113,0.008961887838922733,0.034152079177480255,0.022000722165664052,0.005714489893158768,0.3925290309522218,0.09667107319454979,0.005301350261202404,0.002122429218902089,0.007140680156258958,0.0029276974483954193,0.011100120098660779,0.0032632425463862903,0.004455681633354501,0.012056635414860682,0.1617423489738491
72,0.06197733866807297,0.28089303036556595,0.01866258623777539,0.018563123798862602,0.012803786321506604,0.007879861161626877,0.009816722212875155,0.09064396863786307,0.011850344069755164,0.2161448598375228,0.01803571907102315,0.01125823904246561,0.02134450315418965,0.01798201636231722,0.008579639648535288,0.0044595044413799296,0.005101954708949479,0.15961538834868236,0.013268946022750791,0.011118467888279996
73,0.004629396232026253,0.13886542190695783,0.14639961250891692,0.09934017161288482,0.09755881451220196,0.0032588038531511025,0.05726754016380393,0.010768426336199548,0.02824153403909459,0.027542564974161445,0.007107384855094742,0.010208922868902275,0.020444966681764827,0.04687640322992184,0.0035733781570508184,0.060593885922370326,0.050443632500736656,0.04339399583881394,0.05649789586104488,0.08698724794490126
74,0.02464715905172059,0.03059042378585762,0.03309672134125926,0.02335793230255474,0.03107240587522748,0.016177286776426787,0.051031097549123966,0.035714019033177655,0.02871076619286485,0.0334291808572822,0.02911053571172693,0.029992421392333653,0.4540903962275239,0.03318067831155439,0.013882814717028999,0.02352554170479503,0.03567476350738596,0.01498677836140885,0.024337338427067645,0.03339173887367948
75,0.02143220022650735,0.041558539438369846,0.06587282513917142,0.06140151356546871,0.04406564227363436,0.023570396405611337,0.051150551448078625,0.022065232612957494,0.012307875074107046,0.05023364998292667,0.13431536030969868,0.025982929167414064,0.008204175387479196,0.014811951855498412,0.00659184443918549,0.0433633628803634,0.03095888116703236,0.11769660540432246,0.025373082289601355,0.19904338093257173
76,0.022023584617502222,0.021985596018662346,0.02305288300331645,0.054824287667306064,0.018932294479003856,0.5793109747568286,0.0191267525962413,0.024165280864976588,0.01871065168001091,0.011942719919747737,0.019800133306610873,0.018623212114716018,0.009656286717454112,0.02260774392033753,0.025945124712129945,0.011082637879394034,0.011903421122891913,0.03261000166631633,0.029873609252178357,0.023822803704374822
77,0.03158521286166523,0.03803683251840145,0.010815543443333388,0.018776117633224284,0.0798882632729782,0.006018144874569032,0.17289135365112504,0.008892386534156135,0.11525092806851858,0.06151345713182378,0.013003539439366855,0.026875093336514437,0.004362407824698498,0.013986274085990933,0.25039624254426945,0.03139630100010683,0.07321956935175587,0.004308104960467308,0.013407124887812793,0.025377102579221947
78,0.022447583054581673,0.1916793672365612,0.06730352140768182,0.015550398337024984,0.011643701670324798,0.044386322733884126,0.012507724996151475,0.06172853423499587,0.01743933584180943,0.1582271859129994,0.019401747725072055,0.00851337585209374,0.005864699167210522,0.016847518721521623,0.007540931394350271,0.006039673115668988,0.11285233150377907,0.1912574441967932,0.01846815870458963,0.01030044419290607
79,0.0448416491146882,0.046221571515179284,0.0324925583725188,0.01601029508687378,0.09151388107272879,0.015710003261136782,0.019082766085183854,0.07112691191879181,0.022801384490296908,0.03237817731824984,0.11833774047513713,0.01799308850712828,0.009757268090743895,0.017925323406846636,0.011147973601337206,0.009525782110722476,0.010195138127612644,0.37759320147244824,0.018197246489410197,0.017148039482965186
80,0.02264611168725155,0.022505608339689377,0.5990775089748595,0.034556123869748684,0.01891006648095401,0.036974816658989086,0.018173644813305734,0.02189357959323041,0.02514324462605478,0.01358012432532492,0.02387904949958582,0.037795905207661344,0.008865068933499264,0.024084243195526954,0.009948551468518807,0.00941815000820188,0.009991907167774452,0.02535165980456913,0.01926531157981682,0.017939323765437446
81,0.011904722177133105,0.019076941009030672,0.020649688227650138,0.02303537539810097,0.0313774390659102,0.011691748839511379,0.02931894778670614,0.06805667014519179,0.025663754240122752,0.5634986945585957,0.028465539610339357,0.02077969238260175,0.03489535501924703,0.021851504763555192,0.015500529398625576,0.0071641144387734725,0.009156535219606035,0.013255866093704896,0.023964886502462406,0.020691995123131416
82,0.014425184097054981,0.031233009562848066,0.021710990189219723,0.03267915073288921,0.020235316374941772,0.5873196788896026,0.020363569859328922,0.018969411038401194,0.02328455579913157,0.009212059437346355,0.024214917489559267,0.022921168224759522,0.011265985514165735,0.023612207170468587,0.04479282543841311,0.011029894415702709,0.012817206679634104,0.018168198247151022,0.031130949983525103,0.020613720855856492
83,0.3588689699372295,0.3346672403954918,0.01297098102521093,0.017133686336627457,0.008547503616119488,0.006453795289709208,0.016283238252718935,0.0138442810937309,0.014097892424041147,0.003924406210352952,0.013414298890845257,0.012985062765612664,0.004501639173372427,0.013355566517564043,0.02330066499472382,0.04996968452058615,0.035148053384050824,0.007054545224387569,0.0235396313041624,0.02993885864346247
84,0.01026921100402072,0.01890233219112517,0.032314260022264986,0.021163185944901897,0.026278529100211428,0.6299816726670783,0.01813422781183297,0.018738965149381757,0.02346522958047465,0.012091908509797253,0.02885736035178169,0.014580768784871335,0.01097431755370147,0.025073316266362302,0.009319294549880244,0.023978196218480363,0.011456043035498978,0.01867119543191796,0.027748600263583705,0.018001385562832824
85,0.033944556429288855,0.03720771241507733,0.04425460275901188,0.026896902212892156,0.037666583943093065,0.023459526376082635,0.042265278399834114,0.05265877219536036,0.06129792970417018,0.03619293424132274,0.03377898192618202,0.030537650489280088,0.039634869374514645,0.04284436370561972,0.2932458797230018,0.028606223233089326,0.041801373560492495,0.02577841258742002,0.027942707715569868,0.03998473900869667
86,0.05914982521882862,0.04441986674043676,0.03101186422932895,0.0255335383538006,0.03850735581046487,0.27543617237520296,0.04568833384213307,0.04103529867596809,0.03367826747725058,0.022550759695737443,0.036979128110206136,0.04419942843991074,0.032470019987266986,0.03338347936512398,0.04693239595176979,0.030776551742888354,0.03246330961219114,0.027762648307147152,0.051501650348348395,0.04652010571599544
87,0.01712638210111391,0.03452483096707589,0.047643114205655986,0.029982729842318746,0.017857884412586268,0.5820276838292981,0.011112115594749316,0.029154714210216155,0.028895919350204684,0.010256597453582532,0.03404108523304282,0.024818516489711305,0.006453784226732167,0.0281168022901945,0.0180734704097013,0.014689492931054433,0.012478879988543844,0.013957044605675406,0.023239278482165792,0.015549673376376746
88,0.01540389037565211,0.03832584777234419,0.032454237605094,0.027657478899179244,0.023750571549019984,0.02282628321431957,0.022262938781374957,0.030395667517749383,0.025811544270007272,0.010926730854917204,0.02640752743041562,0.03188413822310562,0.009149487957668265,0.019978502627746482,0.02972742397961502,0.013491493465581959,0.014774250065918397,0.017192709651078133,0.5616839184485652,0.025895357310647352
89,0.23491853934207535,0.13496390191063629,0.011490590440287513,0.017232471640386906,0.014006878634826643,0.1036952947617166,0.008296647783846227,0.020515535509506914,0.016012542232995246,0.004660135219632237,0.014917282914637016,0.061395865877630455,0.0026018099751554187,0.014916287051754617,0.004200190131161328,0.2872204661688637,0.015824807233262,0.009175180588145567,0.011867968066089914,0.012087604517389966
90,0.007871537340896004,0.0169275575629014,0.011700753676781122,0.010510980997426077,0.08209459874796073,0.005689454768571186,0.03511296688776473,0.009589908346985936,0.013356756710302852,0.012555247156946642,0.011217701888163938,0.02056596197371652,0.007130765153663017,0.3734504642190148,0.00386057268816906,0.00702987681197702,0.005085113808246197,0.004988898460674931,0.03367771771477272,0.32758316508506513
91,0.01796703209853124,0.04751638771238347,0.05072684791414275,0.04839423298155747,0.031099339829718416,0.011771238377926022,0.047370497209471146,0.04188247548082169,0.03195849128344662,0.06039202553197293,0.02331720451184042,0.02098335523317051,0.00990490533608463,0.023039008065205285,0.012999327626808468,0.010089947038414315,0.010871361270817377,0.03223226781265983,0.02262379841262311,0.44486025627240433
92,0.15546260063540154,0.09059854442010776,0.012423258123925291,0.00918196512638227,0.009916661112110935,0.018172672914453222,0.005944565064461621,0.041773274649501875,0.01252538257988511,0.04454123893724301,0.056624461580404156,0.007260269389434098,0.001879402709495556,0.007860942154489544,0.0029673737904802964,0.18284825954841924,0.21896622799502574,0.10548206527827089,0.008959710172747644,0.006611123817760196
93,0.4935241298390394,0.01681769180373889,0.029118800654885497,0.01935477916477068,0.015172236282755705,0.18039136153119367,0.011753500001775004,0.020072946372911873,0.019278301131342504,0.007154085948822781,0.026132595852920406,0.014120140865064213,0.00786575677446822,0.01940862446222481,0.006584404507475904,0.031929359416662695,0.016570542409649096,0.027920300608201824,0.020873921075164982,0.015956521296931824
94,0.018723454125740255,0.05248046865474515,0.009221884470552538,0.015482906473792316,0.007872766839157606,0.12060373489546092,0.03905115843876608,0.043859515406944084,0.014393644486717495,0.003532099181871864,0.022899520267464477,0.034118074789194285,0.0019923964502534487,0.014352501993581948,0.0041343588241306035,0.14410267015382464,0.4164657410137986,0.016029641389061516,0.011484350846391227,0.009199111298550994
95,0.03210206310541205,0.06990303046106897,0.11239486829884116,0.01214809270260224,0.006845556372614128,0.020671435627324652,0.10098647050292373,0.15601944753812183,0.008840811281206609,0.11415208294114441,0.023338969409715787,0.07266365758698465,0.0026511930832850447,0.062146627962181435,0.00448355587426424,0.03958184201860267,0.04783909782397398,0.08961829442609089,0.013832396902524061,0.009780506081117513
96,0.10695510813084573,0.03619542832907859,0.004072403077243383,0.008229587660260777,0.04450930874797766,0.045343600513783874,0.023233308739570937,0.04921200052567491,0.04635215721348048,0.08488343848681146,0.019003923973969838,0.029617915238744998,0.055291615826802726,0.12556028041401857,0.1565997072410821,0.06923770459327089,0.04821078943713438,0.03520771503285077,0.00692600859210565,0.005357998225292285
