site,A,C,D,E,F,G,H,I,K,L,M,N,P,Q,R,S,T,V,W,Y
1,0.018723241370822964,0.0526391924428739,0.02704494159884785,0.02259518178044816,0.015672038854646304,0.05019202184111795,0.04314313499111578,0.017571801491761706,0.056090110608929704,0.024697253526369308,0.019099546365215887,0.021606304512746675,0.019584048833708807,0.014175607423343438,0.4228438722627049,0.08229331887413219,0.019131438046917842,0.009767538922924165,0.023910278101003164,0.03921912815036929
2,0.04116723733678673,0.021563014841861912,0.0235872603191653,0.04110463051645014,0.02437194119194426,0.4501418198166907,0.04108090431882606,0.02219165249305659,0.019440392051268275,0.01114426747066309,0.019671337928002665,0.025146122107583147,0.04219344158676806,0.02977643315717953,0.06496824466465652,0.014092985522663918,0.026360032577685023,0.03960909314688557,0.014164756499099252,0.02822443245276321
3,0.00670242829655911,0.07291678489058617,0.059326792732439106,0.013825714607059019,0.01392250700154062,0.630263196322598,0.015269578339106795,0.01728898114300042,0.014797687515669986,0.005378415380593101,0.015634231552166658,0.01702725644651421,0.008325977730187272,0.017328627477162115,0.005346976888210214,0.029487230007725247,0.010529433820721197,0.019895502324635772,0.01175425715873237,0.014978420364792607
4,0.08814951139876925,0.013761023408108992,0.017695829241077057,0.030785153258166817,0.01819541454479934,0.5939757698631136,0.017195938337164658,0.020997729821551597,0.01354066849852138,0.008223910905499104,0.015264483155968738,0.01676777961523195,0.01060329788160762,0.019735207568142947,0.035621168656030384,0.007509190372231631,0.00986364519096549,0.007694710718538634,0.032818573894228,0.02160099367028278
5,0.04522883647309078,0.043284537869890456,0.014877467679644568,0.015221604982235517,0.026186761313450244,0.006114799949891492,0.02179395281697461,0.11458700556330641,0.03268801445939171,0.023022300239899103,0.027793913304923337,0.034117627945773984,0.001819767015737949,0.3161714493510909,0.03979437516777716,0.05603162830304067,0.057536437297201634,0.06544562185029097,0.00394306609875337,0.054340832317635035
6,0.08925669908406539,0.010681246823564245,0.010841941908993367,0.02615034039514253,0.012914296864794244,0.5605000810870745,0.009500626100343738,0.012505290462598786,0.01765966477307979,0.004187787042463013,0.011585776079553172,0.014992044165904616,0.0053180635538261495,0.013208000229460988,0.01009960266249392,0.12960097728735445,0.007597280930510878,0.034064100472551505,0.007676387982406867,0.01165979209381786
7,0.027381239948863708,0.0043625161400331815,0.038437244563363365,0.15940903203177614,0.05114344996847653,0.013886467744287711,0.01311353458991533,0.04552439351318643,0.01939069459407903,0.042839831253985355,0.02839067020525813,0.09994181027455226,0.00260849515630237,0.15521647372049696,0.009707956926418135,0.07876489285887055,0.043866487167768344,0.08563320130392332,0.049513609535574175,0.03086799850286892
8,0.04916190392540974,0.030999260835879942,0.016255542203052326,0.02036290888936492,0.016386403796588175,0.00648226939284217,0.016672545577747222,0.052389786850508685,0.014902646385537188,0.005853857284841668,0.014661978686448907,0.03281915221700345,0.013252267683589664,0.017392799738699345,0.005815002170246883,0.01369008117022799,0.629970622149485,0.016909829065714813,0.013161795007195871,0.012859346969616178
9,0.028488531518933918,0.19694589201430607,0.005239862728702739,0.006690530188688226,0.005602835384328511,0.010561969235490421,0.004733935741336589,0.15353259457091814,0.004998848894416498,0.2041724956564516,0.01756101031404859,0.013221101475893355,0.06381750659304096,0.008093085249746983,0.006936734221514807,0.04849881748755854,0.06749862053394075,0.14357260156047888,0.0040453739569835155,0.0057876526732209355
10,0.022996022566159853,0.016787477896766018,0.014486358741991518,0.03660514323285643,0.014576761102902984,0.6792146280771351,0.013855816944631331,0.016422019093678894,0.019495419674256675,0.0069606500216382984,0.017167309236618963,0.021045954371092437,0.008715743262739852,0.01885081241232466,0.03401975436216413,0.007831947071632034,0.011187721676570644,0.013365387333751954,0.013509689712973103,0.012905383208115155
11,0.07071073616370233,0.09814608814154815,0.046837960586399774,0.13811912205404694,0.012975429387730747,0.030314968778212277,0.009160499606525119,0.09447690632605392,0.013609878462719934,0.03282344014127469,0.02337159747106074,0.0038627391567132383,0.0022118423469471966,0.11558134811701933,0.027623896957244255,0.03589709203141436,0.016896463444273653,0.09305567912250938,0.06865093799177618,0.06567337371282779
12,0.00975873106282775,0.011653050246912008,0.016046359054421776,0.06944984149022161,0.023245369201142795,0.0301886890205238,0.07630901527912878,0.1693774589281008,0.16009432400116105,0.04119755901270502,0.10168834613636794,0.03183937236966244,0.0046443688538087575,0.07363699034766027,0.07916147236280184,0.00819469522806379,0.02513035313440026,0.05110818098208087,0.007201992000108234,0.0100738312879002
13,0.027521930013417035,0.07454267741681482,0.03731746839869282,0.032581346733552285,0.027839209984616645,0.020977629242230147,0.039791048462458165,0.03558686361471059,0.03311384663012713,0.04185816104389516,0.032255082187625655,0.03941202823751988,0.03877267209581079,0.03139037739043705,0.05998896096762654,0.018836850964582003,0.03503996747062287,0.014855554971324826,0.3031593915453137,0.05515893262862185
14,0.012915120553798908,0.027902464907490696,0.039426228744146544,0.04908744172536973,0.032181727301176424,0.01030424183462726,0.0313999872608909,0.053544233064107355,0.37681351498646354,0.016454984025361354,0.030280153114328766,0.047509093292852154,0.015550925273874123,0.026159502451277267,0.052196779403659035,0.0267831727878906,0.05777178821834589,0.0317255210763155,0.02146927406454422,0.0405238459134797
15,0.0780399585525833,0.022229315999746216,0.018442037158472795,0.018856787991170864,0.05741263086454578,0.06495527856232487,0.17155415190491763,0.08532449157911393,0.03058995562048657,0.047552168690231475,0.012512327264887206,0.021800624901406336,0.001677519615631819,0.005015900848147664,0.05494896452543593,0.05589246381835037,0.052565163445817825,0.05751614452149621,0.05964231765093923,0.08347179648429397
16,0.16807043836472774,0.04636160797885918,0.008680786346872253,0.05936259570805772,0.00586624256090064,0.07092970659874374,0.03270195340270326,0.0048320011847508195,0.07896989770788071,0.04234033943271706,0.08426537711426181,0.0678009183839863,0.0020480895965980053,0.015849698205184466,0.15226911230655182,0.06248245504181783,0.07021860476073931,0.016195901320455126,0.004211514559230133,0.006542759424962027
17,0.007182800148364561,0.04111484691606621,0.01862798591964424,0.015085003371816905,0.014289462952916367,0.006331903400763373,0.00941037179676,0.08857975245903185,0.014149017369041096,0.33101511699475133,0.020497469916013592,0.017051485341153628,0.07528160257790549,0.034251716463293655,0.007816998862941125,0.006184851903357535,0.014784099888527129,0.25602974116959365,0.011276130362149965,0.011039642185908315
18,0.13194350878331698,0.020608163804859574,0.02977292047113466,0.018582163762951392,0.016268579608496814,0.020408420595814443,0.017214291898131125,0.01888899296098748,0.029309066950344312,0.027622517146246042,0.08457993247127246,0.34420505109508087,0.01050627050303649,0.014324357828069722,0.013758619080158027,0.12324882075524511,0.016455343631528285,0.018943571823388964,0.016528374440970647,0.02683103238896652
19,0.025565432722731818,0.02104822602368026,0.01132643729010657,0.1053566726920771,0.011257175871360093,0.07698087955731457,0.08653307744961986,0.051063369615121444,0.052428231397026674,0.0588168590186531,0.07524567510817708,0.022788889293898582,0.0022225854031957862,0.07434296655953535,0.07795523169877688,0.10022737820425437,0.08246962981449206,0.039624091075475834,0.008458928330984505,0.01628826287351809
20,0.008459107749436218,0.057245125251554466,0.01378754099855436,0.014440678337751589,0.09940798240980589,0.00880253033378208,0.022638399237048617,0.04488308209741113,0.014172314731410193,0.27385648755927655,0.2799884305294495,0.013036061174593255,0.005777219880174701,0.03011471842509281,0.006912193494001672,0.004898174789145,0.021640598857510775,0.021874288379640092,0.011634777209143908,0.04643028855521719
21,0.1630592567447661,0.021787113434973325,0.0651031085933194,0.011794784261223113,0.00665343543994737,0.03451677362855158,0.06624750430020128,0.012586010763097117,0.013954504067945357,0.04337479770710563,0.03540859580959019,0.026023353303285684,0.1336452624017572,0.06929968227833119,0.018875488789236304,0.1394728350631765,0.04768375215814966,0.06969753978995248,0.006601823677536542,0.014214377787854018
22,0.07927757171446506,0.011636723846428521,0.04261402807789282,0.0074144535880476085,0.006421823135921213,0.07624454733605283,0.04992429062398679,0.017005176133965256,0.03293382272652881,0.0745885735907706,0.01398831523716364,0.011363001566188136,0.052046509687121656,0.15938855895223947,0.11682320659160991,0.13268693514499005,0.08037617894204173,0.020410246390782514,0.010358028613307514,0.0044980081004958265
23,0.030094862476229764,0.03699791698095868,0.010043045156124393,0.07380565543956683,0.12009943835406425,0.06143371237299805,0.04916825120092942,0.015296835862982772,0.01282799894517515,0.059909731877935746,0.13591638345355034,0.017886259228660596,0.08423573847764879,0.0800599523498268,0.03445433643856593,0.027507781098186086,0.047460904924823646,0.037439159320386696,0.02183823447243282,0.04352380156895329
24,0.0412354306894878,0.074535198407288,0.08291300291251948,0.15032329130386884,0.010942666089922268,0.10471898558984649,0.07046323767123866,0.03151531573495996,0.017208623389717938,0.01635010637311152,0.008527544576015003,0.012156910654299392,0.017508654951196523,0.1997458432726815,0.003982072441838759,0.05011040147361056,0.023761142734925248,0.04740344397258432,0.008960311367120489,0.027637816393767202
25,0.015841619956443478,0.023229918033731565,0.02679914606646653,0.016733017684641856,0.24625427858712193,0.007520603444093355,0.03024145058585053,0.03468478615353149,0.015490593753498752,0.023792245815658475,0.012916051556168828,0.01954598115472872,0.025267421215928877,0.021997993273609073,0.008071671713953447,0.035614464317781154,0.017914306209553612,0.008492899397825701,0.38028118928417987,0.02931036179523275
26,0.02961318937076178,0.015433504605082636,0.021848805638156023,0.005452494497288398,0.08921240084845379,0.016657541782939878,0.08228413801760823,0.021228285357588653,0.007958993186356384,0.07308902150663656,0.033341053684073946,0.04485476916492939,0.007033396094628168,0.16831523650489666,0.04196556349366954,0.09656074522286003,0.11288186028690111,0.041900294695721665,0.0039028525572826988,0.08646585348416447
27,0.033175043201979296,0.010241384697274878,0.0276068908849681,0.032187722376395056,0.01205279429763912,0.003147481778123841,0.014603152323640033,0.010102383073337558,0.16755330969283547,0.0017992998674628417,0.003812161917565286,0.19187449135132859,0.05141458749173963,0.08449109808413897,0.05251156584621307,0.12148306577725645,0.13795543403240357,0.03043327010613089,0.003844212970345224,0.009710650229222111
28,0.012898846466136092,0.03633858547003082,0.06417919742157462,0.02042129418409618,0.03262097242785867,0.012273710176405352,0.04977150285727164,0.024416941756312836,0.023312223341747026,0.010297897126954638,0.019749288140751643,0.04888589179787424,0.017322817092943858,0.029351551978710592,0.013528151312614992,0.01881537143170915,0.017448894056239152,0.012203672673612928,0.02459642918439827,0.5115667611027573
29,0.015453010450080861,0.022318523967758915,0.024388790146868174,0.06440915724437861,0.017964227125758875,0.01416902433317949,0.022630858783929623,0.03410185478964396,0.4648011809857105,0.010405807649203007,0.021077780602703797,0.06292619061961818,0.01655406609301167,0.05318579397809142,0.05927609081728783,0.013836825051395362,0.018732699321355788,0.016517402704128215,0.023554200153403072,0.023696515182492633
30,0.20533327153710906,0.011741004317824983,0.011106378005721085,0.035043163055678665,0.015876409717961847,0.042936812996265575,0.06927857477845598,0.019713190398305394,0.18365927605429844,0.03372143063557493,0.03569811229447565,0.01063971841266112,0.008623399880881998,0.047153543824047336,0.1063672645988124,0.05534601526647357,0.05398993238059338,0.03219277272558478,0.008557916903275509,0.01302181221599832
31,0.07273949285696936,0.22865249786262962,0.02657133052886572,0.015793381692275624,0.025607321968246225,0.011732654801753025,0.04671981223167736,0.021818776530334132,0.03724441646442888,0.02794969637058033,0.02077589154207858,0.03421471293403085,0.02276851403681987,0.02089141055821552,0.017999144062889078,0.24143722131752599,0.075853157885934,0.018829520269155898,0.0137367513276735,0.01866429475791648
32,0.1043878898577596,0.03447847972932976,0.05326596545061981,0.025879219932413024,0.017082522291678715,0.4319246698571624,0.01819011301896432,0.023409630209445323,0.022583491659435136,0.011204125682052275,0.01937539007531615,0.025130113309294808,0.015767438512022995,0.03553410055963157,0.011122891791530096,0.06418989970933289,0.014908407640064016,0.025397116928402727,0.01937559151147556,0.02679294227406888
33,0.01752727188723443,0.07786114219737113,0.028265799432301914,0.024208923598470926,0.03632024073707535,0.01257275529592541,0.02404187724620902,0.42785931850007836,0.026238643839000906,0.015842696895269584,0.027686594146257903,0.03125983437785112,0.019102953921136027,0.034240236097403565,0.01135592004243911,0.01810625079356246,0.0652778573516365,0.05415868029955916,0.022358461111033987,0.02571454223018323
34,0.037507312239007544,0.009818143294965644,0.010616488413785475,0.008550597238325864,0.01054403917805684,0.004006717950823904,0.047813831563670556,0.11144787824122902,0.02527138765790657,0.08541468483257746,0.029729710175356944,0.0465154834870819,0.003933319794890139,0.13662740574357626,0.023011463762820573,0.06451277836510047,0.12249365740691105,0.015404720226002012,0.18994844591282264,0.016831934515089148
35,0.03221224747244858,0.025553192310678922,0.06740347454673017,0.5102935140422654,0.020814814235628778,0.04441646435088894,0.023469226765606862,0.0271216971071715,0.05208015620170329,0.011311703600810043,0.024059947214598507,0.01802843466502891,0.012277375916216844,0.02030051572755076,0.011662773360376485,0.011965160524971487,0.015073797889076665,0.026948991843445246,0.024158055775971517,0.02084845644883099
36,0.04612835940712585,0.08282342085264018,0.014753901221660405,0.014549226780493071,0.010660652707688928,0.0049617908331362525,0.00990186668731838,0.0575980970664175,0.01390598538680996,0.008876914795189974,0.020203848812970524,0.037170391145349584,0.023769169654562463,0.013639970414154198,0.0036516751057109977,0.011216063872183525,0.36110936202808097,0.246515956737581,0.005719673270078363,0.012843673220847908
37,0.04546549109474009,0.058469138050325366,0.0683368977383827,0.02179100676028734,0.05650115476830899,0.024521402247551692,0.056529613102187466,0.008265027172145993,0.012996347582968769,0.011643990658293114,0.15475295158639354,0.040969451854991824,0.0775776561779587,0.038003082909160935,0.03218547361811084,0.09170342489661706,0.060784303712850485,0.07664210477920219,0.02331543435424447,0.03954604693527843
38,0.02610416540860844,0.037411945908028856,0.032563334381004325,0.02340013842271333,0.03354872776141104,0.04240355807095617,0.03254676413911273,0.03451538541938483,0.057032538682181236,0.020458148863102453,0.028185280832196645,0.04101936100594818,0.03033262278414626,0.02311289239306833,0.40116819234539436,0.025347748148892586,0.030939836895255503,0.018286435438433467,0.02306520000955925,0.038557723090602083
39,0.09627478230412989,0.019270442554879894,0.2826385922851886,0.19821014849804966,0.01986159762262937,0.047531741337283655,0.010796472607262847,0.017926624320018077,0.035261415081190614,0.03644828872766959,0.013737610097965217,0.07944936740215308,0.003641657348733818,0.03445876609466045,0.005175381809792512,0.029448920583537336,0.005702886231381651,0.03696631660519144,0.015982770032963417,0.01121621845531885
40,0.030039201838696402,0.010278565339629666,0.15416517782094546,0.19015587017401864,0.03911817490413169,0.07127326845227568,0.022380917849800078,0.09883781378445392,0.01560555277868819,0.04923865161883654,0.02478672299853087,0.007613325799683903,0.047927473036439266,0.041179017137414564,0.010601681829609952,0.034820120320272506,0.06702909019023123,0.06553225617406068,0.0066034651005766765,0.012813652851704082
41,0.45365933174478135,0.016694727997311493,0.05384694952824873,0.017666009816396218,0.018534114510210496,0.009633673152522141,0.02236832483808072,0.01909037067768279,0.02296338460897747,0.008187801510967336,0.023534245363278576,0.022926325440754437,0.039597019667208494,0.022644121289424373,0.009869057376954867,0.08960394546476011,0.036179578678750206,0.0687624234078172,0.025129042642487137,0.019109552283385872
42,0.08303048510316875,0.021776175838778174,0.00731118371398093,0.009263244908162709,0.008360052607220099,0.0023342534266852077,0.01154435188403753,0.008497728492448137,0.03686881453597063,0.07073271425604548,0.15871426698668897,0.011500482149791139,0.003100328380027377,0.03693636744966952,0.13237124824712856,0.03571654463772415,0.05193405295060153,0.29543938535173364,0.005065364148916899,0.00950295493122055
43,0.14559652666223,0.02133821432836889,0.008608828406217616,0.01916541983646526,0.008268362579559613,0.04000604665228984,0.07947346459027534,0.043295390711619586,0.010574504348052396,0.038614151261925966,0.04497100082110858,0.15671364253251516,0.002648742467254153,0.06629035935817686,0.10815947083347383,0.08596909078875306,0.08477570910598876,0.005446054212689069,0.016993805964011177,0.013091214539024872
44,0.3312547717850079,0.026579603941411865,0.0516997567656334,0.015617793927493401,0.016834955039363702,0.008997949623857663,0.09734035764994713,0.018912542040872313,0.024193115394303244,0.044072213084977094,0.06246693012974242,0.038003117752215064,0.019443881722912996,0.0239118906642352,0.009164487382775565,0.11124374359724529,0.025208113510271114,0.0414295053900363,0.01705428879394628,0.016570981803752063
45,0.008443816041648348,0.01351314300241003,0.010977913985361683,0.013493640361078665,0.02637073632629573,0.00747869409082879,0.07351415060538587,0.23901853407299592,0.00929815461208223,0.2627083079079705,0.08522092458386481,0.011121502297174285,0.015529521622804947,0.02875229604443865,0.008916691308515313,0.0043015740618314695,0.006860692182520822,0.10919992615187364,0.01707201739128127,0.048207763349637035
46,0.09205072746967222,0.07589088553525347,0.038078030424780744,0.0835222752888082,0.028530982720215644,0.021434856604711214,0.0237229088489769,0.02797877790034785,0.10656591403582107,0.08175320119905469,0.05751526833878304,0.07152875489021453,0.002126001084663162,0.07880885238428505,0.030916067858532313,0.06589590942498644,0.06612515145578902,0.040186951936996396,0.003140613986782362,0.004227868611325671
47,0.03811237725827318,0.012353879738191187,0.13919305122045988,0.10828122324941816,0.027574389976155432,0.0986253731549923,0.06973654766436214,0.018824356132142624,0.005241278613360663,0.2023023474145023,0.07196909207762685,0.026476136792811546,0.0021973004565724796,0.05908449161582169,0.0067223619740790184,0.02865181822920212,0.04990150903752903,0.013168770222104635,0.008709932479809883,0.012873762692584898
48,0.032384351279301664,0.047145388535469325,0.03173869811925282,0.03492808016002437,0.010342719282083749,0.2422343017221889,0.11143261124454334,0.010409737079956474,0.05020082028586271,0.010264959222601084,0.024107789503381532,0.0280503839792411,0.0037730292419869598,0.17776389965862638,0.09887687254474661,0.0376488908000757,0.004447795924130194,0.017634929235619826,0.012450856113331469,0.01416388606757575
49,0.026046054367064767,0.02001270155073069,0.01741645086835933,0.04722527774640163,0.08033720117745906,0.02955905885478648,0.08229463065352965,0.038255458234019386,0.013114952733083237,0.04515033725019175,0.0371899490697638,0.027538266545351655,0.012928196925920678,0.21327074691025377,0.03168984155846011,0.009569549590746856,0.08096432288860733,0.06859008852799639,0.023850495798557903,0.09499641874871555
50,0.03923044110400457,0.022072910092665772,0.02977729823642888,0.11137766683488146,0.1678246212011459,0.029075827312751962,0.005245399046184738,0.003413152201834101,0.047960199989264325,0.04771604250089607,0.03646320590350633,0.07371391689671444,0.0539184814106737,0.013640212004839043,0.04780560229660864,0.057031709476336394,0.0815280903817837,0.016157541946797808,0.09161343621287431,0.024434244949807893
51,0.01962399375158162,0.020728098853169667,0.15946137529409635,0.04899449059271346,0.06884315980144827,0.04734142530903521,0.060252051644357665,0.007759947577415455,0.007179290233818051,0.0065424010093191485,0.017745993578501297,0.15224219172833536,0.005887209657455341,0.12711610913676322,0.01479575983554628,0.1377396529263587,0.05594447245970681,0.0298004043195764,0.006263300445251819,0.005738671845549867
52,0.05316970951397494,0.04773632191132292,0.017556021516470167,0.029003854162220774,0.010206925457930007,0.23047373120441653,0.0918178359695714,0.010465051980065027,0.027589666946275355,0.03660669255226556,0.01737416904296663,0.014824113456985453,0.003778924613904036,0.12069333272252836,0.018152062014976853,0.18533006040593414,0.03549657680459181,0.02777331232994982,0.012462524459976901,0.009489112933673303
53,0.018051541445008954,0.018284284407925983,0.015424078201225126,0.09286822512997986,0.01949741165462422,0.5364556038822811,0.014732203407216543,0.017554577290220846,0.017996110320146304,0.0070663365877610415,0.017737720633652778,0.016922055947393842,0.010332672909804424,0.02386623793449865,0.07759452401737471,0.008659911897457746,0.009825305329074096,0.03504269311215736,0.022112290017540753,0.01997621587465556
54,0.029689793768949882,0.009815043421189608,0.011745025881075458,0.012174091353206202,0.33573901973295583,0.004907870898297209,0.3204618625493548,0.007692450018346466,0.009938090970946004,0.0034481926999080045,0.008911473946117219,0.009205387100384252,0.008795238632862593,0.05317973751100979,0.02707057986851613,0.004468235605566615,0.0043909459510765485,0.01590577330056762,0.07483650238826785,0.04762468440140197
55,0.40858294166978676,0.07870332748150081,0.011052103815875736,0.01574559977213393,0.014647834117378725,0.021426969919007603,0.011986355976320298,0.014057658949690188,0.016201063183555787,0.007512902993657977,0.01586826795146016,0.010596529715962743,0.06646596947404791,0.01667368476973211,0.007837459744019082,0.0734664291361088,0.13001416701727103,0.045503650339586935,0.019687416634842476,0.013969667338060918
56,0.0654220494303576,0.028688473249729878,0.014247128101743957,0.022068511704379366,0.01327434926430809,0.008463401311785133,0.012547939457931211,0.03749116004719254,0.012897064674777695,0.06412494292042514,0.02175869373198627,0.013894718782627796,0.10104046762864348,0.016035049190174535,0.007872180448753293,0.005922295762631118,0.008690187653379701,0.5189099607485164,0.013795298594381125,0.012856127296275801
57,0.00814504352410222,0.018992402792553247,0.01628195805992974,0.026185475181582523,0.03232397474744538,0.01230847452314747,0.0148823953661036,0.022119637251419175,0.0229428645131898,0.009290162306011816,0.023566474660174714,0.013474356067838074,0.031768416567561346,0.018550777547203204,0.008005197200763517,0.6270799649230017,0.008982867745122565,0.01211936844878921,0.02059438630805104,0.05238580226600968
58,0.00790697833364824,0.08760201694489013,0.020030390822434477,0.01506094240866746,0.016314442043077623,0.0217021217253452,0.01666245986983941,0.017625774019744786,0.02764889110358934,0.008153562929958162,0.16229928280958433,0.016963462743432783,0.012617148869909008,0.022752227081823614,0.3800634744694923,0.027586719486640255,0.01624736645584837,0.06153838252108437,0.0414875615477657,0.01973679381322441
59,0.011822240713573965,0.0154191194023247,0.020174902208754748,0.03886902779670602,0.01998817937505176,0.6697034106444141,0.015339570711870096,0.01939924561306682,0.018503938996964377,0.00785697162249103,0.024156903636907066,0.019664522619473348,0.009638586029743023,0.019260414317286634,0.02166755120078273,0.008566687806423744,0.010341790350454159,0.011422885875122187,0.018331817553273906,0.019872233525315655
60,0.145343693581491,0.08237283230889282,0.015669554740164883,0.015526430371423984,0.017434247681020743,0.03280826382971918,0.016483295818254244,0.07520095683642876,0.03255737012820077,0.007622528354314357,0.016329201124568603,0.06147891337466127,0.02027592128939056,0.014415704886013955,0.012320866273669505,0.2819188146766957,0.04703622155869735,0.06624430779719326,0.014857824860298498,0.02410305050890059
61,0.18084581595216645,0.04003255187638184,0.022701435235281796,0.040692341178276636,0.1097419304145156,0.043933775098112825,0.02441088622629636,0.06910028331853109,0.023543373480471738,0.010568108663963424,0.028014059353024402,0.02509096956763767,0.019476235457808713,0.022738771660039656,0.008250231285359453,0.17870657029755627,0.045744139143878614,0.049523473478808054,0.019775158428304962,0.037109889883584414
62,0.02900955785481802,0.03759461238588471,0.024106507161877032,0.04188335733259363,0.01895238740984847,0.012211752533019265,0.029344844531972086,0.023391656202790916,0.4624506127415379,0.011125458711213525,0.02872451948982752,0.09011876161151648,0.02070667417436947,0.03578305130480017,0.030792667085651294,0.013396969083614709,0.039516840534127955,0.011583521038446102,0.016201784764081496,0.023104464048009133
63,0.007254921061905799,0.015560824035185617,0.01405659127104146,0.016650104730517278,0.24564051208203092,0.008526334250055832,0.03037176227333972,0.05636649063596595,0.013664356357327904,0.44789130528110144,0.01366517974826593,0.0099014704235427,0.05546418260155609,0.01372884072327464,0.005015882123649178,0.0052269327965014534,0.006313877787204136,0.00671626031626441,0.016568161071395308,0.011416010429874241
64,0.12421244073894097,0.024317999845944367,0.016319242160765968,0.045944160702426434,0.017007478205037684,0.06864808510794225,0.0063128756658049,0.00701202201491428,0.02235178276412161,0.01714797387383985,0.11185340152125742,0.011462008416409649,0.0017773626830242008,0.1018908717298133,0.0725120822060527,0.2306282980671675,0.05629974053686594,0.019419433234863854,0.0399422796825027,0.004940460842304424
65,0.01296704543281842,0.027241433817866728,0.019506690768668927,0.019690525379295828,0.01824739223516615,0.010115597960315064,0.015263201658858534,0.019700290526942513,0.018593986700390537,0.0163842382839963,0.014306463793448049,0.019109608582233956,0.008465463392588348,0.013465371657492906,0.07683548734938406,0.00893674809428729,0.011104629524510225,0.012286337386059967,0.6394592660800512,0.018320221375624994
66,0.01257603413082891,0.016233521225391605,0.021869986161597937,0.027157300144748167,0.027888532757638383,0.010527518868578327,0.018715925228310594,0.018962615071682586,0.0185058863587825,0.5259862516678617,0.08404268515262903,0.018675254330317817,0.015064754045831455,0.026877713479290976,0.009513274427711594,0.04122735245656183,0.013595709535768606,0.019122549628095054,0.05065492347126635,0.022802211857106618
67,0.2571255979948797,0.022717298011422055,0.016568712572481627,0.028056151000206104,0.01789181595469989,0.01580919400637463,0.010783118876898833,0.015186421863035914,0.016127335724721366,0.012004801656802868,0.03817937536870199,0.01464611365734679,0.0062543387547378945,0.01354043471881688,0.005922935548136943,0.0517461725800459,0.16226213068634673,0.2579996563155808,0.016666046082407467,0.020512348626355585
68,0.019778986132125007,0.01604929095912622,0.15647325289435263,0.4942599550181985,0.01844460463765764,0.047149003035998296,0.014259215058492604,0.01808097884911819,0.05307639599681935,0.00711620643275625,0.01759888116513523,0.013218642429740255,0.005917409602857581,0.01575216486530269,0.018329064005704852,0.00670953363264521,0.008951669128200038,0.035554675451585895,0.01707472769615898,0.01620534300802459
69,0.0162496613748175,0.022108841876057765,0.019705874864391664,0.02016104508894195,0.017692246206592484,0.038528562357001014,0.015884168281395626,0.027100815533826726,0.060510979129396764,0.007808662944994228,0.020817533290143866,0.016009067885070463,0.009006549264846479,0.018983822869456265,0.6017450104671372,0.027959145192218763,0.01111310389973159,0.013547206243141293,0.018158713618884232,0.016908989611954094
70,0.11289590232946548,0.012517586334643943,0.027608634451137034,0.03263364339248185,0.0105023783804191,0.5533006589070094,0.007129780782564539,0.009847678557186736,0.010979194677755058,0.004810853846084298,0.012665181825934855,0.07520361191051665,0.0032299361987156985,0.011383694182409278,0.028285622902674157,0.04715166984079793,0.005304913054871779,0.008637821266437053,0.015810260715393126,0.010100976443501847
71,0.005503738480099772,0.06072326886240705,0.01067481659053709,0.014350804928599687,0.06613966817456927,0.011363868306280379,0.05353858718607494,0.06322317996196404,0.007891987933704698,0.25772295906597226,0.15444599812567508,0.006991835123911064,0.005977962461472525,0.008006134394545821,0.004055412557709504,0.0049995428070299976,0.004104125846691552,0.011602988589302695,0.02989535753380019,0.21878776306965236
72,0.019451228022732515,0.10295952879739832,0.02060636612294147,0.022271621980088457,0.016880424645284196,0.00856892000546932,0.01176966246450397,0.01676839019549926,0.01442740902488419,0.2750704784281244,0.16864886076599858,0.013771353942634533,0.04063571373244511,0.026356641374409604,0.030227778255277792,0.005590728813256944,0.0765225433401939,0.10055905597771614,0.014254735787164846,0.014658558323976462
73,0.07176599609645924,0.25442102223350954,0.09724955494333916,0.04492390595776941,0.02190012803166723,0.02090838979860487,0.03528519192929255,0.013226475944921757,0.033269519165057666,0.11681493569462716,0.019407152098655078,0.04065070649524441,0.024482255120625723,0.06611183502571939,0.027866489610123894,0.0680007071931545,0.01516019357213441,0.004758732146871968,0.014336363003777166,0.0094604459384449
74,0.031971204463851564,0.09386480607609139,0.03127180314546411,0.022528661322465556,0.031189927602429855,0.01491806230804259,0.05079186590983447,0.03357213668098555,0.022980181677668274,0.055689741206083554,0.022332182914139045,0.027805215274823502,0.38872569079726027,0.029165479066097805,0.023920908210714457,0.02227041390029703,0.03030772301298018,0.012782019507235362,0.023657480511991152,0.030254496411544273
75,0.04129135102711238,0.05556187561187235,0.024616726743670346,0.013241998324002762,0.19858617675660772,0.040090679945900855,0.03297814564302038,0.03762337681835675,0.009740629029526326,0.07027309259621933,0.0954558216155509,0.02177561836895476,0.007013056806604807,0.012267804705625968,0.005036823162772975,0.010525454848618354,0.019063941649749592,0.13606941650997006,0.010774481935931987,0.15801352789993137
76,0.010687624508200795,0.023048007455168926,0.02214025606239864,0.028584934345333265,0.018471006818582044,0.564641773051179,0.01950984832687224,0.022003989770749136,0.018843806141297534,0.010403926854525056,0.01989753128507593,0.019717816604268006,0.008568159930745048,0.021973707392669597,0.06803537007071946,0.00998271412691915,0.012096015038640268,0.033464129867006656,0.04447191563647305,0.02345746671317625
77,0.02388493977469106,0.008397122799679533,0.0348713837539802,0.018496749539023347,0.02028790549043697,0.010530409805477392,0.28625257340716126,0.008921681468348071,0.12649923033375388,0.007854502761239184,0.0433548163942406,0.008157491098021191,0.0054163756199637975,0.019971485868792972,0.27537294610556395,0.03143455989161116,0.020541239918195037,0.009225017319733112,0.006579615851677994,0.033949952798409365
78,0.04021114367114258,0.18561985533769845,0.017397178606037237,0.016541089942760396,0.02992146195815662,0.05301963249035114,0.015489887561244609,0.018105687807448395,0.017852889041153418,0.030102523633115687,0.021668208702442605,0.008657424738535016,0.0067306395516708774,0.017290990285940888,0.009316291167516784,0.007287799983763726,0.25541849408266387,0.21977270650955844,0.018956833901154754,0.010639261027644554
79,0.06134922704048564,0.01691394635824507,0.0713702005972141,0.012067333933213714,0.08443755851784399,0.022341265625204165,0.013939334128355694,0.07445646569793525,0.015251482631558037,0.021853565481828357,0.23018096117374506,0.01299357926287708,0.014312357708117096,0.014270206061340454,0.0071384415755664935,0.005974874123971024,0.07585705502346948,0.22198928309850488,0.01167789181717938,0.011624970143344963
80,0.01827362272501395,0.021551702136759148,0.5966957872603369,0.0189975246280052,0.020059958702074533,0.03629672926108682,0.016119578696153738,0.021811521123925037,0.026572136516340026,0.012745218205842814,0.02430750670646952,0.04436819507365685,0.008406636994214333,0.02305600845400347,0.010160353621985228,0.008293566786645978,0.010632489861417595,0.022071474453291707,0.01980897527282626,0.039771013519950896
81,0.009668038631153023,0.015613505575315557,0.01972518847742959,0.01802948045095778,0.04034787773679985,0.009950540462641362,0.028604304439017972,0.11982015058496275,0.022743606505142087,0.4550064662000907,0.09514093053285869,0.017796724590010558,0.04375312994475325,0.02165576245034856,0.018477754100652603,0.006249412741469717,0.006957368885946353,0.011050176308461555,0.021752647910482616,0.01765693347150541
82,0.015234834780114306,0.031073611451885422,0.019109698672900292,0.04122891625158544,0.01952169618454444,0.583058177295818,0.020406736101435355,0.020086710767749916,0.02394083970247197,0.009194262759995204,0.021562564589021973,0.021892045296814246,0.010627706363717857,0.022847833648422706,0.0355067282590948,0.01084145931593713,0.014891840006630607,0.02281114878913964,0.03383943244233681,0.022323757320383966
83,0.18069471660896194,0.4638702659061999,0.017720417826550535,0.021311690463864538,0.01229800375321542,0.013598052589481886,0.01987310215991331,0.01727200739055075,0.019444464931941415,0.005394284373068495,0.016649063673724533,0.017194976599028047,0.006302480730496349,0.016286467386658888,0.037821779021685036,0.05729470896743835,0.018365720741269735,0.008877718095502538,0.02053291347139921,0.029197165309049138
84,0.018408989635216415,0.030141158224254963,0.08221840257725838,0.02258495346026141,0.022485587084179977,0.5815030012347278,0.016630338695979442,0.019247575646445074,0.02353035310058082,0.010652156734152542,0.02577346663228097,0.014125770117872,0.009059296487696027,0.02223807169868059,0.008786059386987361,0.016260567541454753,0.011665193989456712,0.01971242996867778,0.027035484772946226,0.017941143010890837
85,0.02894167914728301,0.030294617505325062,0.042045870069989714,0.01951561644978549,0.04479313871534923,0.027833703322071905,0.04107348336635945,0.19748746697924216,0.055945774058040174,0.028204518573638246,0.03713164543787019,0.02581953785924404,0.040860270913645844,0.0410587138978961,0.18749317046687275,0.03377166980417285,0.04336668030720149,0.02079004852541863,0.01979728040657915,0.033775114194014515
86,0.02208302873363556,0.043560557403928876,0.03084762416930935,0.04516935909831617,0.042124488038005864,0.28172183263645734,0.04813915975667355,0.03824422937438844,0.0360349566417465,0.022498916336669457,0.03531659275516238,0.04316133922424167,0.030028590869362257,0.03396496198750344,0.04306446349358746,0.029350780984546253,0.032985252078347405,0.04264512407659022,0.05531019247157353,0.04374854986995427
87,0.028062025449330258,0.018589922497470577,0.03993168411791965,0.029816117084784786,0.014972986547047986,0.5562306243072914,0.010995699824559387,0.025705344618530687,0.025494061721350717,0.011472778376779931,0.03245081209457267,0.023199995877368654,0.006248333563640859,0.029776204805757697,0.0150363230642781,0.045033283886892456,0.01092339786461087,0.0354821188031403,0.023946602577482726,0.016631682917190214
88,0.01430280040619557,0.02197249052638784,0.0320585286470341,0.027368302109917,0.023163530220273783,0.02086831418643702,0.022198132010953452,0.027810156287417072,0.02651074661005697,0.0350100116188644,0.025298342705126178,0.029609935133028245,0.009610296702100903,0.020230272934393497,0.043606230587925135,0.01221857424406118,0.014978728288839898,0.01880485490287824,0.5466390271087738,0.027740724769335874
89,0.21532487160990477,0.07670202772925756,0.014452578193268227,0.02117072217744706,0.014477116114687178,0.06861053855964883,0.01003318224640249,0.024380381911049322,0.019522504291128017,0.006299305706334417,0.02172562486292866,0.028499926299934232,0.003310562345470045,0.01728179101955893,0.019924888451435696,0.37839550222673957,0.019483456658371957,0.010248384761811048,0.014381052411963162,0.015775582422658817
90,0.00867730864282523,0.06046154801742589,0.039874652286853954,0.012124033476288952,0.17167799224011693,0.0065296068316439485,0.04023447288978653,0.011233841916074985,0.014005901860848994,0.006998624933674205,0.02609419052992982,0.011124804286110321,0.00832509346485648,0.156882649417758,0.004368817505408151,0.003925559841016007,0.0058067446431389865,0.0057653302219407565,0.020045628901058384,0.3858431980932434
91,0.0171260850760077,0.051997338018300275,0.048385887607959165,0.026392396144401413,0.05250094214521993,0.011215752860486336,0.09510074170473695,0.01927737443226703,0.02948725761579217,0.025567541093892122,0.023138189297240597,0.03659745008129052,0.028182913998152224,0.0220904205726063,0.011915556102579558,0.008871814479977274,0.010817170420831386,0.015888201220310247,0.04147543423546398,0.4239715328924848
92,0.09521337791567439,0.07883485354559396,0.006234950899700175,0.005948442445467374,0.006148479243815805,0.016452181748434803,0.004318002698150292,0.2173028666825499,0.00834261607105127,0.04636827796118447,0.0755893967696204,0.005063716045090875,0.001074749718988923,0.005075405558455369,0.0018865199490956644,0.093671031887857,0.0769520675035386,0.24425691999679644,0.00710710246767717,0.00415904089125716
93,0.5443814769198907,0.01721555647164181,0.010944526766267566,0.02136392945408166,0.013618944102829374,0.14932983625207008,0.012314638659188318,0.019726471727970527,0.021359509795658635,0.0074254713970990874,0.02410900768363543,0.014252117818519186,0.0028641055196749567,0.020068042664228115,0.007236481269892784,0.024250733123394035,0.015505665648435515,0.03466906138829479,0.022888419570736812,0.01647600376649057
94,0.07546741732592269,0.03175030038286641,0.00883906089536933,0.015469599378391518,0.007478132235966465,0.16938461652076395,0.03189933985004784,0.033103139604929104,0.013209873256677161,0.0032634298794666215,0.010612090745341326,0.018332752116678716,0.002166301725467274,0.01405536637023975,0.003906725161511004,0.11591742957082815,0.3943497013101469,0.0307112104087295,0.01076263563147063,0.009320877629185658
95,0.02564057600435545,0.06944126459904897,0.12025449711127631,0.011883527927431947,0.021494383001657937,0.03421317563456948,0.09687335300546512,0.15865487745099158,0.008838117730550956,0.09158353179606084,0.008064050229290921,0.1002135752877233,0.0025549127112761898,0.07423922502625892,0.002004011762608693,0.03501853195525425,0.018175763373407303,0.08062751315962825,0.03020270908092483,0.0100224031522187
96,0.05882125661176326,0.038647500306655286,0.00346899674388648,0.00660752388664381,0.013240737395161148,0.09027373505958516,0.011002198126878514,0.06651654599937788,0.05314664967347816,0.10473257777183204,0.15573081358759053,0.03891298028569662,0.051311073653868264,0.06624143069576358,0.1351659613135059,0.022210364391367022,0.06301804103968854,0.009687361370870649,0.006977666359351813,0.004286585727035399
