site,A,C,D,E,F,G,H,I,K,L,M,N,P,Q,R,S,T,V,W,Y
1,0.01688,0.05013,0.02583,0.02355,0.01655,0.04348,0.04683,0.01980,0.04046,0.01396,0.02051,0.02850,0.02541,0.01851,0.50969,0.02998,0.01722,0.01376,0.01969,0.01926
2,0.01891,0.02102,0.02128,0.02977,0.02353,0.52563,0.04210,0.02237,0.01951,0.01207,0.01994,0.02985,0.04249,0.03083,0.03965,0.01817,0.02739,0.01467,0.01460,0.02620
3,0.00776,0.03623,0.05524,0.01420,0.01376,0.69198,0.01354,0.01619,0.01529,0.00541,0.01543,0.01569,0.00785,0.01418,0.00572,0.01961,0.01059,0.00936,0.01224,0.01971
4,0.04112,0.01734,0.01794,0.05132,0.01896,0.61588,0.01916,0.01961,0.01755,0.00793,0.01937,0.01948,0.01166,0.01953,0.01985,0.00843,0.01266,0.01407,0.02676,0.02141
5,0.06012,0.07465,0.02385,0.04995,0.03597,0.03344,0.03827,0.07285,0.04682,0.04537,0.05784,0.04685,0.00469,0.08370,0.04202,0.08068,0.06420,0.08878,0.01308,0.03688
6,0.08684,0.08052,0.00947,0.02073,0.00956,0.46461,0.02066,0.01039,0.01235,0.00337,0.01089,0.01102,0.00426,0.01127,0.01075,0.19872,0.00686,0.01160,0.00659,0.00957
7,0.02493,0.05047,0.08245,0.10031,0.02992,0.00694,0.08729,0.02466,0.00852,0.03226,0.06701,0.02098,0.00719,0.13632,0.00866,0.06579,0.03174,0.05341,0.08670,0.07447
8,0.02902,0.12437,0.01394,0.01399,0.01343,0.00473,0.01256,0.06563,0.01186,0.00465,0.02238,0.01765,0.01332,0.01369,0.00411,0.06132,0.52851,0.02406,0.00941,0.01137
9,0.05321,0.18298,0.00384,0.00526,0.00431,0.01382,0.00339,0.12724,0.00417,0.14861,0.01765,0.00974,0.07245,0.01346,0.00286,0.03863,0.11534,0.17543,0.00386,0.00376
10,0.01626,0.01613,0.01531,0.04043,0.01596,0.67926,0.01643,0.01501,0.02015,0.00637,0.01909,0.02021,0.00879,0.01944,0.03358,0.00811,0.01027,0.01222,0.01219,0.01478
11,0.08071,0.17590,0.03468,0.12266,0.02366,0.03015,0.01905,0.03446,0.02081,0.03218,0.04119,0.01788,0.00202,0.08711,0.03157,0.02158,0.02245,0.08578,0.05793,0.05824
12,0.05996,0.02375,0.01080,0.04134,0.06558,0.02562,0.04851,0.04884,0.11239,0.08165,0.07456,0.04641,0.00352,0.09212,0.06048,0.04478,0.02239,0.11906,0.00470,0.01353
13,0.02444,0.04344,0.03678,0.03349,0.05549,0.03191,0.03737,0.03381,0.03519,0.02645,0.03170,0.03677,0.03485,0.03529,0.06003,0.03618,0.03258,0.01490,0.33038,0.02894
14,0.01933,0.02210,0.03774,0.02807,0.02882,0.01021,0.04924,0.08383,0.35814,0.01322,0.02103,0.06879,0.01683,0.04650,0.07208,0.01774,0.04546,0.01193,0.01694,0.03200
15,0.05359,0.03101,0.03954,0.02947,0.07941,0.04377,0.06798,0.05984,0.02889,0.02206,0.07768,0.08053,0.00218,0.03528,0.03555,0.10546,0.09409,0.01006,0.03788,0.06573
16,0.07316,0.04449,0.02103,0.05004,0.01475,0.05731,0.03851,0.01571,0.15388,0.05353,0.06550,0.02401,0.00410,0.08221,0.13868,0.08915,0.04470,0.02064,0.00324,0.00536
17,0.00504,0.01521,0.01237,0.01264,0.01075,0.00480,0.01027,0.18445,0.01155,0.26827,0.19195,0.01340,0.06742,0.01777,0.01096,0.00459,0.01604,0.12419,0.00785,0.01050
18,0.04050,0.03301,0.04725,0.02303,0.01404,0.07211,0.02515,0.05809,0.07983,0.02113,0.01383,0.27684,0.00776,0.04655,0.03667,0.07248,0.05179,0.03244,0.01230,0.03519
19,0.01936,0.06626,0.04013,0.07263,0.03537,0.09515,0.08382,0.04957,0.02924,0.04909,0.08915,0.05956,0.00169,0.06228,0.05175,0.03208,0.04252,0.07412,0.03083,0.01541
20,0.01430,0.03411,0.01314,0.00847,0.18653,0.00648,0.01492,0.05451,0.01648,0.21030,0.20072,0.00966,0.00393,0.08323,0.00406,0.00312,0.05056,0.01948,0.00600,0.05998
21,0.07751,0.07515,0.03078,0.06352,0.01488,0.12230,0.05646,0.00789,0.01871,0.04026,0.02945,0.05992,0.09959,0.03922,0.02511,0.09931,0.07114,0.04114,0.00596,0.02170
22,0.10828,0.02632,0.03514,0.03016,0.01195,0.10497,0.04316,0.01871,0.02979,0.02090,0.03028,0.03860,0.08399,0.09495,0.07708,0.09882,0.06855,0.03667,0.00960,0.03209
23,0.12383,0.04788,0.05828,0.02189,0.04067,0.06287,0.06376,0.03543,0.02992,0.06615,0.03990,0.03741,0.05469,0.06590,0.01621,0.08042,0.05824,0.05368,0.01327,0.02959
24,0.06118,0.11895,0.08771,0.13168,0.00902,0.06103,0.05904,0.01425,0.02792,0.01768,0.03680,0.05858,0.01999,0.09238,0.01671,0.06213,0.02958,0.07100,0.01423,0.01016
25,0.01721,0.03347,0.02813,0.01863,0.34333,0.01025,0.05000,0.04804,0.02049,0.04492,0.01920,0.02885,0.03237,0.02621,0.00950,0.07587,0.02121,0.01710,0.09162,0.06360
26,0.07730,0.03435,0.01450,0.02997,0.12518,0.01661,0.06990,0.04500,0.01496,0.04044,0.07211,0.07801,0.01103,0.10823,0.03540,0.04179,0.05778,0.03872,0.00288,0.08583
27,0.02901,0.04469,0.02578,0.06073,0.03070,0.00202,0.06579,0.01421,0.15539,0.00707,0.02015,0.04129,0.06763,0.07665,0.08058,0.11872,0.11158,0.03597,0.00390,0.00815
28,0.01128,0.12398,0.03983,0.01530,0.16733,0.00827,0.06916,0.02151,0.01716,0.00760,0.01702,0.04156,0.01427,0.02130,0.00790,0.02285,0.01349,0.00835,0.01501,0.35681
29,0.01746,0.06984,0.02341,0.07761,0.01318,0.01065,0.08951,0.06129,0.34329,0.00725,0.01636,0.01789,0.01372,0.02822,0.10046,0.01607,0.03028,0.01040,0.01557,0.03752
30,0.10000,0.02953,0.00936,0.03612,0.01031,0.03675,0.01634,0.01106,0.13178,0.02616,0.01773,0.09711,0.00755,0.08264,0.15046,0.12061,0.03560,0.06304,0.00809,0.00976
31,0.12702,0.07384,0.05437,0.01487,0.01265,0.00675,0.01802,0.03366,0.01100,0.04071,0.02560,0.22298,0.02635,0.05051,0.01917,0.11992,0.10781,0.01352,0.01052,0.01072
32,0.21482,0.05519,0.03879,0.02004,0.01828,0.36551,0.02579,0.02047,0.01878,0.00910,0.01906,0.02893,0.01232,0.02265,0.00914,0.04762,0.01208,0.02396,0.01709,0.02040
33,0.02272,0.03669,0.02350,0.02480,0.03046,0.01118,0.02248,0.32860,0.02119,0.03403,0.03028,0.03854,0.01414,0.02425,0.00932,0.02499,0.06718,0.18872,0.02104,0.02591
34,0.04794,0.06499,0.01712,0.00895,0.02412,0.01399,0.02512,0.04700,0.01022,0.09642,0.05010,0.07016,0.01021,0.11101,0.03816,0.08731,0.15595,0.05854,0.01682,0.04587
35,0.03653,0.02117,0.08916,0.44705,0.02295,0.08708,0.02146,0.01988,0.02979,0.01072,0.03954,0.01876,0.01211,0.02692,0.01132,0.01117,0.01476,0.03441,0.02411,0.02109
36,0.05650,0.04918,0.01757,0.03562,0.01219,0.01184,0.01254,0.17783,0.01754,0.00959,0.02736,0.02507,0.08070,0.01463,0.00501,0.04340,0.07911,0.29855,0.00944,0.01632
37,0.13467,0.06382,0.02233,0.02259,0.04805,0.04411,0.05289,0.03483,0.02062,0.08523,0.03443,0.08359,0.03329,0.04704,0.02880,0.07856,0.01206,0.03531,0.05265,0.06513
38,0.02249,0.03576,0.03670,0.02465,0.02814,0.03027,0.03306,0.06249,0.03164,0.02045,0.02822,0.03940,0.03095,0.03221,0.38136,0.04345,0.04325,0.01824,0.02551,0.03176
39,0.09464,0.01651,0.14084,0.15615,0.01541,0.07812,0.00840,0.04353,0.03352,0.02231,0.07812,0.02993,0.00307,0.06247,0.00418,0.05102,0.04705,0.01593,0.05724,0.04154
40,0.05469,0.01330,0.08698,0.12106,0.00985,0.03889,0.02205,0.09400,0.01683,0.07823,0.06997,0.04582,0.08767,0.03803,0.01291,0.03367,0.08678,0.07113,0.01131,0.00681
41,0.44707,0.03019,0.02264,0.01782,0.01908,0.02166,0.02400,0.02267,0.02236,0.00896,0.02127,0.01961,0.03778,0.02168,0.00919,0.14241,0.03826,0.02816,0.02764,0.01756
42,0.10562,0.06453,0.00914,0.01178,0.00954,0.00435,0.02320,0.04761,0.06894,0.01509,0.05329,0.01012,0.00539,0.17772,0.15366,0.04821,0.09253,0.08255,0.00742,0.00931
43,0.07303,0.02989,0.00745,0.01366,0.04911,0.02792,0.04472,0.05036,0.01715,0.05874,0.07044,0.08467,0.00261,0.07565,0.10313,0.08389,0.12350,0.05153,0.02299,0.00958
44,0.25906,0.09224,0.01345,0.01210,0.03163,0.01527,0.08727,0.02640,0.05063,0.06951,0.01787,0.07373,0.00727,0.01704,0.01618,0.09857,0.03839,0.02968,0.01518,0.02853
45,0.01113,0.03935,0.01091,0.01377,0.12342,0.00942,0.06589,0.17477,0.01348,0.28091,0.09392,0.00963,0.02163,0.02783,0.00938,0.00646,0.00625,0.04840,0.02101,0.01243
46,0.07602,0.05226,0.04380,0.04298,0.03577,0.04017,0.01879,0.05014,0.07520,0.05576,0.06592,0.05092,0.00120,0.05905,0.03945,0.07598,0.10355,0.05494,0.00771,0.05038
47,0.05883,0.09062,0.14812,0.13684,0.02671,0.03775,0.03820,0.03193,0.01577,0.01744,0.02045,0.04512,0.00212,0.03985,0.01313,0.10755,0.05613,0.06614,0.01207,0.03522
48,0.07568,0.04440,0.00568,0.03905,0.01481,0.17037,0.09753,0.00633,0.13528,0.02273,0.08307,0.09659,0.00370,0.05854,0.06058,0.02989,0.00510,0.00820,0.00934,0.03311
49,0.05098,0.18455,0.02801,0.04214,0.06802,0.02498,0.02620,0.03332,0.07148,0.08810,0.04956,0.04675,0.01811,0.01593,0.03884,0.04061,0.04942,0.05548,0.01402,0.05352
50,0.05831,0.04420,0.12535,0.01659,0.06470,0.02854,0.01701,0.01769,0.04542,0.06742,0.00875,0.05808,0.01076,0.06296,0.04135,0.10390,0.04526,0.07486,0.02122,0.08764
51,0.09385,0.08394,0.05576,0.02509,0.01801,0.05740,0.06413,0.05157,0.03851,0.03418,0.08762,0.09253,0.00452,0.07293,0.01682,0.05888,0.07802,0.03568,0.01729,0.01327
52,0.08044,0.05249,0.04356,0.07664,0.03131,0.15104,0.01955,0.02172,0.05623,0.04990,0.08412,0.03610,0.00273,0.04051,0.00880,0.15123,0.05822,0.02102,0.00802,0.00638
53,0.01231,0.02022,0.04430,0.06732,0.01887,0.57664,0.01703,0.01998,0.02048,0.00818,0.01927,0.01926,0.01034,0.02565,0.02944,0.00911,0.01360,0.03042,0.01934,0.01826
54,0.01900,0.01758,0.00985,0.00843,0.23682,0.00402,0.24019,0.00683,0.00712,0.00562,0.02433,0.02446,0.00425,0.04983,0.03891,0.00439,0.00435,0.02917,0.13382,0.13104
55,0.20602,0.14034,0.01521,0.01146,0.00856,0.02296,0.00766,0.00896,0.00945,0.00384,0.01057,0.00663,0.24348,0.01005,0.00399,0.16722,0.07994,0.02105,0.01285,0.00977
56,0.03682,0.01219,0.01132,0.01787,0.01202,0.01154,0.01266,0.04074,0.01023,0.01140,0.01847,0.00989,0.29129,0.01196,0.00629,0.00457,0.02456,0.43320,0.01330,0.00970
57,0.00943,0.02107,0.01554,0.02284,0.04308,0.01055,0.01189,0.02051,0.02304,0.00890,0.02252,0.01547,0.07412,0.01654,0.00848,0.58165,0.00756,0.01138,0.02041,0.05502
58,0.02123,0.02563,0.02588,0.02010,0.02377,0.02918,0.01902,0.02320,0.01811,0.01593,0.01764,0.01941,0.02461,0.03256,0.54029,0.02103,0.02563,0.01397,0.05809,0.02473
59,0.01618,0.01703,0.01721,0.09039,0.02104,0.61376,0.01489,0.01878,0.01981,0.00721,0.02144,0.01745,0.00855,0.01632,0.02404,0.00886,0.01007,0.02172,0.01780,0.01742
60,0.12557,0.04884,0.02431,0.01448,0.01639,0.05266,0.01049,0.02991,0.01709,0.00560,0.01311,0.02404,0.00700,0.01271,0.00962,0.23791,0.13966,0.17363,0.01384,0.02315
61,0.20803,0.02360,0.02464,0.04252,0.03388,0.04388,0.03000,0.05022,0.02948,0.01315,0.02320,0.03145,0.02295,0.02346,0.01114,0.22959,0.03178,0.06558,0.02057,0.04090
62,0.01728,0.02080,0.02589,0.03250,0.02198,0.01456,0.02888,0.02491,0.51328,0.01019,0.03755,0.04074,0.02360,0.03682,0.03647,0.01271,0.04305,0.01143,0.01972,0.02764
63,0.00655,0.01265,0.01337,0.01606,0.16249,0.00788,0.02329,0.14789,0.01327,0.42617,0.03242,0.00875,0.03105,0.01402,0.01057,0.00602,0.00554,0.03584,0.01501,0.01116
64,0.11504,0.06609,0.04703,0.06690,0.01626,0.06641,0.01177,0.03373,0.02866,0.03566,0.04393,0.01403,0.00310,0.07915,0.08056,0.14192,0.05726,0.02057,0.04916,0.02276
65,0.01079,0.02414,0.01731,0.01813,0.09835,0.02632,0.01302,0.01544,0.01614,0.01196,0.01545,0.01419,0.00777,0.01555,0.03397,0.00686,0.00908,0.01179,0.57184,0.06190
66,0.01098,0.01590,0.01897,0.02128,0.04272,0.01111,0.01698,0.01806,0.01864,0.41551,0.18320,0.01790,0.00666,0.02186,0.00985,0.04738,0.01192,0.05337,0.03656,0.02115
67,0.12928,0.12803,0.01756,0.04640,0.01909,0.01220,0.01477,0.01559,0.01720,0.02240,0.05746,0.01445,0.00635,0.01728,0.00658,0.01642,0.12191,0.29791,0.01479,0.02434
68,0.01680,0.02331,0.14169,0.51091,0.01903,0.02972,0.01597,0.01886,0.05151,0.00682,0.02048,0.01207,0.00639,0.01706,0.01729,0.01016,0.01172,0.03642,0.01792,0.01585
69,0.01219,0.01898,0.02000,0.02171,0.01984,0.06166,0.01387,0.02565,0.05278,0.00815,0.02129,0.01557,0.00967,0.02086,0.56658,0.03818,0.02511,0.01332,0.01858,0.01602
70,0.09187,0.01812,0.17560,0.03943,0.00967,0.41971,0.00490,0.00756,0.00876,0.00323,0.01027,0.07148,0.00253,0.03894,0.01737,0.05029,0.00356,0.00663,0.01163,0.00846
71,0.00553,0.03381,0.01058,0.01074,0.09741,0.00829,0.06379,0.12734,0.00726,0.22367,0.15465,0.01367,0.00214,0.00660,0.00373,0.00867,0.00356,0.00636,0.03179,0.18041
72,0.03271,0.03305,0.01660,0.01801,0.09973,0.00959,0.01085,0.01580,0.01554,0.27933,0.09936,0.01267,0.02219,0.01303,0.01438,0.00728,0.07293,0.19643,0.01455,0.01597
73,0.04899,0.08421,0.05742,0.24444,0.01611,0.03911,0.04908,0.01420,0.04937,0.03087,0.03288,0.01062,0.02623,0.06283,0.01250,0.10836,0.02838,0.03907,0.03143,0.01392
74,0.02828,0.08115,0.02788,0.02370,0.03541,0.01240,0.04261,0.02822,0.02415,0.04323,0.17392,0.02756,0.26860,0.03548,0.01144,0.04942,0.02632,0.01315,0.01804,0.02907
75,0.07663,0.04754,0.01345,0.02971,0.09461,0.03449,0.03568,0.11614,0.00823,0.11184,0.04561,0.02915,0.00457,0.03998,0.00912,0.03437,0.06393,0.06045,0.00863,0.13590
76,0.02354,0.02295,0.02192,0.04491,0.01925,0.56602,0.01970,0.02387,0.02204,0.01063,0.02076,0.01899,0.01069,0.02045,0.05521,0.01091,0.01181,0.03307,0.02179,0.02149
77,0.06225,0.16029,0.00707,0.01750,0.03691,0.00318,0.16157,0.01098,0.09011,0.04303,0.04047,0.02594,0.00334,0.02428,0.11180,0.03963,0.03156,0.03160,0.00472,0.09377
78,0.03495,0.17785,0.02035,0.02143,0.02316,0.02690,0.01104,0.02868,0.01748,0.06590,0.01623,0.01006,0.00656,0.01301,0.00765,0.00630,0.27654,0.20659,0.01907,0.01025
79,0.04328,0.11103,0.02136,0.01297,0.05364,0.02147,0.01171,0.11551,0.01743,0.07694,0.10701,0.01072,0.00644,0.01435,0.00615,0.00573,0.09888,0.24048,0.01301,0.01189
80,0.01685,0.02201,0.60766,0.02664,0.02161,0.03699,0.01718,0.02020,0.02323,0.01082,0.02197,0.06153,0.00866,0.02128,0.00897,0.00831,0.00948,0.01750,0.01866,0.02045
81,0.00945,0.01918,0.01696,0.01793,0.04034,0.00997,0.02078,0.14539,0.02057,0.50864,0.05045,0.01510,0.02571,0.01713,0.01907,0.00689,0.00779,0.01251,0.01894,0.01719
82,0.02551,0.03242,0.01801,0.04121,0.02114,0.58550,0.01891,0.01799,0.02384,0.00840,0.02192,0.01896,0.01046,0.02474,0.04744,0.00926,0.01356,0.01460,0.02829,0.01784
83,0.25007,0.37030,0.01099,0.01265,0.01911,0.01233,0.01048,0.01152,0.01114,0.00331,0.01011,0.01026,0.00386,0.01041,0.03626,0.13234,0.01856,0.00544,0.01976,0.04110
84,0.01699,0.05683,0.03842,0.02165,0.02010,0.61777,0.01500,0.01692,0.02084,0.00947,0.02299,0.01340,0.00883,0.02096,0.00987,0.02682,0.00879,0.01360,0.02476,0.01598
85,0.02599,0.03294,0.03263,0.03036,0.03803,0.04853,0.04234,0.06520,0.03880,0.02872,0.04261,0.02937,0.04069,0.03825,0.29935,0.03702,0.04182,0.02444,0.02951,0.03341
86,0.03523,0.03649,0.03371,0.03917,0.03965,0.27007,0.04543,0.04081,0.03026,0.02806,0.03450,0.04690,0.02640,0.04007,0.06186,0.02879,0.03092,0.02661,0.06268,0.04237
87,0.01431,0.02151,0.04392,0.02958,0.02050,0.58681,0.01321,0.02467,0.03216,0.00967,0.03057,0.02360,0.00647,0.02593,0.00974,0.02684,0.01164,0.02600,0.02471,0.01815
88,0.01504,0.04747,0.02535,0.02856,0.05265,0.02880,0.01972,0.02850,0.02701,0.01152,0.02474,0.02393,0.00841,0.01877,0.03890,0.01118,0.01433,0.01794,0.53216,0.02503
89,0.17948,0.12461,0.01070,0.01518,0.01207,0.11915,0.00789,0.01512,0.01744,0.00489,0.01568,0.02272,0.00265,0.01523,0.00869,0.34660,0.04299,0.00881,0.01477,0.01532
90,0.00570,0.02307,0.01736,0.01126,0.12459,0.00516,0.03628,0.00924,0.01105,0.00686,0.02189,0.01391,0.00705,0.19936,0.00546,0.00434,0.00503,0.00573,0.11483,0.37183
91,0.01140,0.05659,0.04092,0.02314,0.06415,0.00997,0.04156,0.02502,0.02320,0.06220,0.01973,0.03524,0.00676,0.03775,0.00980,0.00919,0.00914,0.02556,0.08483,0.40385
92,0.11627,0.09476,0.00502,0.00559,0.00596,0.01606,0.00375,0.10028,0.00715,0.06078,0.16802,0.00587,0.00117,0.00548,0.00269,0.13203,0.15723,0.10157,0.00563,0.00469
93,0.41461,0.07223,0.01554,0.01780,0.01450,0.15335,0.00863,0.01559,0.01761,0.00587,0.02070,0.01205,0.00355,0.01502,0.00493,0.11580,0.02100,0.03625,0.02033,0.01466
94,0.07099,0.10409,0.00553,0.00966,0.00547,0.14134,0.04373,0.02626,0.00804,0.00208,0.00900,0.04829,0.00373,0.00818,0.00270,0.17209,0.29968,0.02503,0.00827,0.00584
95,0.04960,0.04943,0.07864,0.02497,0.00834,0.04708,0.08999,0.12518,0.01806,0.09999,0.04060,0.08645,0.00240,0.09210,0.00286,0.03602,0.02538,0.04147,0.04484,0.03659
96,0.05584,0.03631,0.00839,0.01940,0.03111,0.04133,0.02505,0.02346,0.08590,0.07535,0.11018,0.05433,0.03149,0.05800,0.15304,0.05970,0.06012,0.04364,0.00857,0.01879
97,0.02810,0.02189,0.02516,0.05887,0.04634,0.02572,0.05327,0.06791,0.07972,0.14377,0.02395,0.08630,0.05190,0.04996,0.04541,0.04508,0.06665,0.01941,0.04204,0.01856
98,0.05138,0.04029,0.03887,0.03774,0.03588,0.01460,0.04908,0.03987,0.04079,0.03992,0.03907,0.04392,0.03175,0.03742,0.02109,0.02647,0.02863,0.31137,0.03195,0.03989
99,0.01211,0.01662,0.01832,0.01495,0.10855,0.01538,0.03182,0.12406,0.02505,0.03657,0.03456,0.03445,0.00566,0.40638,0.03364,0.02590,0.01358,0.01271,0.01705,0.01264
100,0.05855,0.04296,0.20906,0.26791,0.01535,0.04620,0.01060,0.02501,0.02264,0.05921,0.08375,0.01982,0.00287,0.04025,0.00489,0.02587,0.01703,0.02802,0.01128,0.00872
101,0.03876,0.02457,0.01784,0.03315,0.01854,0.04398,0.01966,0.08452,0.02183,0.00975,0.03720,0.02058,0.00685,0.01787,0.00801,0.00781,0.01025,0.54004,0.02251,0.01628
102,0.06525,0.03796,0.00608,0.00797,0.03258,0.05524,0.05902,0.03870,0.03671,0.09264,0.03923,0.05285,0.00080,0.07209,0.07719,0.05580,0.01892,0.07828,0.07333,0.09937
103,0.05565,0.00983,0.01298,0.09670,0.00930,0.66205,0.00783,0.01214,0.01532,0.00367,0.01309,0.01027,0.00333,0.01158,0.02737,0.00968,0.00581,0.00884,0.01518,0.00939
104,0.00439,0.04907,0.01040,0.01092,0.22183,0.00439,0.02849,0.05804,0.00977,0.08437,0.06333,0.00643,0.00239,0.00706,0.00265,0.00630,0.00238,0.09503,0.12973,0.20303
105,0.02976,0.01691,0.01453,0.02117,0.01522,0.01008,0.00701,0.04067,0.01965,0.00545,0.01630,0.00996,0.01206,0.02002,0.00502,0.12970,0.58512,0.00912,0.01968,0.01255
106,0.05663,0.03362,0.02394,0.02076,0.03205,0.00872,0.04261,0.05835,0.09813,0.03587,0.03737,0.09677,0.00103,0.07496,0.06474,0.06563,0.03234,0.04963,0.06780,0.09904
107,0.27852,0.01491,0.01859,0.03741,0.00970,0.44136,0.00757,0.01285,0.01363,0.00379,0.01501,0.01236,0.00583,0.01401,0.02140,0.05232,0.00953,0.00804,0.01400,0.00917
108,0.12354,0.06741,0.03379,0.01726,0.01346,0.36872,0.01640,0.01561,0.01960,0.02501,0.01681,0.01347,0.01116,0.09576,0.00740,0.05356,0.05654,0.01368,0.01650,0.01432
109,0.12323,0.04892,0.02588,0.01991,0.02551,0.02911,0.03460,0.03085,0.03784,0.02867,0.02691,0.02663,0.20729,0.02332,0.04965,0.03809,0.10960,0.07957,0.01593,0.01848
110,0.07649,0.05534,0.04761,0.05901,0.03287,0.21075,0.06024,0.01015,0.03314,0.00514,0.03362,0.05748,0.00209,0.05236,0.02805,0.09872,0.05365,0.01085,0.00790,0.06452
111,0.01223,0.00983,0.00693,0.01155,0.01137,0.04387,0.43943,0.00806,0.01266,0.00499,0.00977,0.01808,0.00224,0.31964,0.04045,0.00591,0.00270,0.00538,0.01143,0.02347
