site,A,C,D,E,F,G,H,I,K,L,M,N,P,Q,R,S,T,V,W,Y
1,0.00985,0.04799,0.01919,0.01652,0.00988,0.04245,0.02961,0.01220,0.11581,0.02226,0.01212,0.02008,0.02374,0.01247,0.53946,0.02391,0.01084,0.00599,0.01067,0.01496
2,0.01934,0.01416,0.01489,0.03884,0.01535,0.62539,0.03715,0.01476,0.01284,0.00727,0.01344,0.02293,0.04073,0.02271,0.02059,0.01172,0.02089,0.01669,0.00921,0.02113
3,0.00649,0.04111,0.02680,0.00849,0.00796,0.78571,0.00824,0.00978,0.00990,0.00313,0.00961,0.00948,0.00500,0.00985,0.00403,0.02659,0.00575,0.00542,0.00699,0.00966
4,0.05943,0.04461,0.01072,0.02499,0.01253,0.68336,0.01255,0.01272,0.01385,0.00465,0.01217,0.01259,0.00589,0.01394,0.01743,0.00684,0.00782,0.01245,0.01650,0.01497
5,0.04823,0.06428,0.03607,0.03423,0.02738,0.02750,0.04291,0.09141,0.06810,0.04360,0.02606,0.05883,0.00355,0.11369,0.06029,0.07216,0.07422,0.07868,0.00913,0.01968
6,0.19351,0.05700,0.00461,0.02463,0.00777,0.46310,0.00399,0.00537,0.01140,0.00162,0.00493,0.00551,0.00204,0.00601,0.01787,0.16184,0.00506,0.01504,0.00354,0.00514
7,0.05262,0.05221,0.08635,0.10804,0.04199,0.01006,0.05277,0.03425,0.00911,0.03554,0.06176,0.04997,0.00863,0.10304,0.00992,0.05428,0.06066,0.05393,0.05349,0.06139
8,0.05860,0.05403,0.00876,0.00930,0.00875,0.00296,0.00841,0.03832,0.00789,0.00357,0.01017,0.01214,0.01645,0.00805,0.00271,0.06595,0.65207,0.01903,0.00585,0.00700
9,0.04163,0.17154,0.00255,0.00332,0.00244,0.01201,0.00197,0.13278,0.00262,0.18281,0.00943,0.01460,0.05364,0.00680,0.00153,0.03701,0.13358,0.18580,0.00172,0.00221
10,0.00644,0.01008,0.00911,0.05604,0.01039,0.75395,0.00966,0.00941,0.01570,0.00341,0.01232,0.01332,0.00489,0.01529,0.03074,0.00469,0.00598,0.01283,0.00696,0.00879
11,0.05493,0.11037,0.06220,0.11642,0.02934,0.01138,0.05028,0.05797,0.01982,0.03491,0.03395,0.04109,0.00085,0.09946,0.02289,0.03114,0.01862,0.11420,0.05164,0.03852
12,0.05743,0.02286,0.00745,0.02883,0.03135,0.03127,0.06598,0.04861,0.13612,0.08354,0.08477,0.07440,0.00204,0.05571,0.08353,0.06868,0.02511,0.07465,0.00938,0.00829
13,0.01702,0.04759,0.02949,0.02707,0.03581,0.01504,0.03165,0.02634,0.02724,0.04240,0.02200,0.03059,0.02748,0.05869,0.03298,0.03234,0.02413,0.00961,0.36215,0.10038
14,0.01115,0.01711,0.02213,0.03089,0.02176,0.00634,0.10096,0.05700,0.44832,0.01142,0.01504,0.03520,0.01132,0.03620,0.07998,0.01122,0.03597,0.00775,0.01195,0.02830
15,0.06138,0.04553,0.04081,0.02721,0.04218,0.09162,0.06674,0.07465,0.03704,0.05445,0.07264,0.05408,0.00142,0.06002,0.03987,0.07921,0.06515,0.02752,0.02519,0.03331
16,0.08533,0.05820,0.01964,0.07639,0.00857,0.04778,0.01864,0.02047,0.11271,0.04966,0.06836,0.06262,0.00147,0.09550,0.09907,0.09646,0.05375,0.02048,0.00155,0.00335
17,0.00565,0.01514,0.00722,0.00673,0.00614,0.00280,0.00658,0.14805,0.00610,0.30392,0.23762,0.00829,0.03291,0.00977,0.00581,0.00233,0.02219,0.16188,0.00442,0.00646
18,0.08971,0.05978,0.04518,0.00623,0.00638,0.05698,0.03345,0.03488,0.04100,0.02447,0.04522,0.21840,0.00408,0.05447,0.04864,0.09688,0.05512,0.04557,0.00505,0.02847
19,0.05815,0.07116,0.05331,0.05313,0.03195,0.07969,0.06577,0.04872,0.04693,0.05930,0.04216,0.05852,0.00259,0.05789,0.04920,0.06686,0.05539,0.07381,0.00810,0.01736
20,0.00935,0.07046,0.00720,0.00477,0.16137,0.00322,0.01045,0.06694,0.01255,0.27209,0.21238,0.00551,0.00190,0.07609,0.00427,0.00151,0.01623,0.02389,0.00307,0.03674
21,0.07968,0.04745,0.07175,0.04480,0.00545,0.06797,0.05562,0.01893,0.03077,0.01767,0.04401,0.04288,0.06725,0.10961,0.03340,0.08766,0.08798,0.05288,0.00346,0.03077
22,0.07813,0.01281,0.04961,0.04611,0.00338,0.07435,0.05408,0.00534,0.05794,0.01597,0.04483,0.06060,0.08955,0.13608,0.06686,0.10037,0.08239,0.00934,0.00364,0.00863
23,0.05876,0.05609,0.04429,0.04663,0.02416,0.05951,0.08145,0.05800,0.02088,0.04354,0.06829,0.06244,0.05580,0.08085,0.01953,0.05570,0.05474,0.05286,0.01462,0.04187
24,0.05521,0.07241,0.12266,0.09947,0.01267,0.03923,0.08267,0.01729,0.03238,0.02756,0.08390,0.07129,0.00787,0.08025,0.01358,0.06491,0.04441,0.04426,0.01290,0.01507
25,0.01206,0.04319,0.02017,0.01388,0.40965,0.00626,0.05327,0.05577,0.01526,0.01685,0.01197,0.02129,0.02545,0.01953,0.00882,0.02166,0.01475,0.01548,0.08939,0.12530
26,0.09983,0.05706,0.02297,0.01687,0.05612,0.02300,0.07947,0.06396,0.02052,0.06730,0.04784,0.10063,0.00729,0.05197,0.05133,0.07117,0.04098,0.05110,0.00591,0.06468
27,0.00952,0.03688,0.04992,0.01840,0.00802,0.00457,0.05613,0.03380,0.10011,0.01111,0.03568,0.11549,0.04885,0.11761,0.07820,0.13081,0.10450,0.02219,0.00507,0.01314
28,0.00884,0.03640,0.03778,0.00990,0.19155,0.00558,0.05358,0.01645,0.01283,0.00532,0.01218,0.02114,0.01045,0.01591,0.00776,0.01744,0.01000,0.00650,0.01097,0.50942
29,0.01027,0.01429,0.01801,0.05321,0.01135,0.01202,0.03497,0.04574,0.42804,0.00605,0.01182,0.02558,0.00986,0.02256,0.16023,0.01213,0.04485,0.03041,0.01021,0.03839
30,0.06554,0.03667,0.00651,0.04330,0.01829,0.04616,0.04064,0.05876,0.17417,0.06843,0.04580,0.03712,0.00483,0.03796,0.15907,0.06208,0.02383,0.05154,0.00315,0.01613
31,0.17245,0.08403,0.02087,0.00975,0.00930,0.02289,0.07482,0.03265,0.01433,0.01720,0.01558,0.15794,0.02232,0.02554,0.02926,0.16038,0.08117,0.02884,0.01146,0.00922
32,0.21602,0.05969,0.02685,0.01115,0.01140,0.34273,0.03583,0.01209,0.01051,0.00453,0.01373,0.05604,0.00627,0.02513,0.00587,0.12077,0.00635,0.01374,0.00926,0.01203
33,0.01330,0.15945,0.01696,0.01860,0.03875,0.00686,0.01575,0.36799,0.01278,0.01078,0.01676,0.04607,0.00851,0.01739,0.00544,0.01425,0.05935,0.13684,0.01497,0.01920
34,0.03867,0.02662,0.00593,0.00426,0.02065,0.00434,0.08600,0.01728,0.01778,0.09911,0.03595,0.02106,0.00727,0.05818,0.02805,0.08308,0.12485,0.04827,0.21484,0.05781
35,0.02201,0.01521,0.08203,0.54619,0.02126,0.05625,0.01521,0.01456,0.03305,0.01127,0.03470,0.01286,0.00752,0.02588,0.00936,0.01524,0.00896,0.03110,0.01702,0.02033
36,0.06545,0.11483,0.00944,0.02607,0.00661,0.00958,0.00667,0.19656,0.01586,0.00811,0.02987,0.00819,0.05227,0.00712,0.00225,0.01512,0.12999,0.28319,0.00420,0.00863
37,0.10890,0.06818,0.01988,0.03920,0.04843,0.03706,0.04635,0.02202,0.01407,0.04375,0.04954,0.06830,0.07208,0.09552,0.02060,0.06405,0.06012,0.04065,0.02581,0.05549
38,0.01731,0.02980,0.02897,0.01985,0.02364,0.03127,0.02780,0.04860,0.04326,0.01369,0.02182,0.03773,0.02817,0.02304,0.47204,0.05160,0.02088,0.01264,0.02124,0.02668
39,0.08572,0.01370,0.12561,0.19251,0.01667,0.04719,0.03927,0.04802,0.02234,0.03261,0.04055,0.10091,0.00174,0.03687,0.00236,0.05012,0.05900,0.03560,0.02774,0.02148
40,0.03242,0.00603,0.09865,0.14612,0.01053,0.03969,0.05927,0.06608,0.01331,0.05270,0.06856,0.05828,0.05700,0.08324,0.01030,0.03634,0.07123,0.05725,0.00913,0.02388
41,0.45278,0.02166,0.03013,0.01022,0.01158,0.01533,0.01710,0.01624,0.01273,0.00453,0.01294,0.01169,0.02866,0.01400,0.00459,0.22789,0.01665,0.06072,0.02082,0.00974
42,0.07026,0.02775,0.00470,0.00602,0.00472,0.00513,0.01713,0.12351,0.17589,0.01857,0.02558,0.00584,0.00559,0.11585,0.15874,0.05961,0.08185,0.08320,0.00375,0.00629
43,0.08049,0.02923,0.02857,0.06026,0.01598,0.02691,0.06095,0.06516,0.03006,0.06502,0.05296,0.07397,0.00148,0.05755,0.10198,0.08637,0.07361,0.05441,0.01027,0.02477
44,0.24071,0.11237,0.01747,0.04290,0.02732,0.01599,0.04186,0.01933,0.02355,0.05948,0.11360,0.04420,0.00457,0.05208,0.03531,0.06236,0.00954,0.02892,0.00998,0.03845
45,0.01647,0.01487,0.00623,0.00868,0.16161,0.00518,0.02123,0.18718,0.00810,0.31367,0.10659,0.00877,0.01621,0.02053,0.01513,0.00225,0.00678,0.05503,0.01090,0.01456
46,0.05589,0.04826,0.03674,0.07252,0.02526,0.05188,0.08098,0.04905,0.07833,0.06207,0.05229,0.06870,0.00058,0.07068,0.03744,0.06633,0.04543,0.04481,0.01396,0.03882
47,0.04571,0.07536,0.12566,0.11044,0.02353,0.05614,0.04451,0.03384,0.02674,0.02836,0.03396,0.07714,0.00122,0.11854,0.01483,0.07782,0.05147,0.03282,0.00864,0.01327
48,0.05807,0.06278,0.01214,0.02192,0.02115,0.19716,0.09873,0.00356,0.10058,0.01869,0.05234,0.13051,0.00152,0.07398,0.05961,0.06653,0.00490,0.00521,0.00577,0.00486
49,0.05254,0.12295,0.04336,0.03783,0.07677,0.01464,0.04357,0.04123,0.02419,0.03838,0.04778,0.07438,0.04188,0.04056,0.05450,0.03497,0.07540,0.07921,0.01725,0.03859
50,0.05302,0.04751,0.06828,0.03522,0.07357,0.01699,0.03061,0.03323,0.05256,0.08220,0.04915,0.05192,0.02058,0.03720,0.04703,0.06366,0.04929,0.05965,0.04765,0.08069
51,0.06093,0.06108,0.14362,0.06232,0.04144,0.04220,0.06876,0.02266,0.02596,0.02552,0.04098,0.07121,0.00534,0.04077,0.01286,0.06115,0.06797,0.07078,0.03830,0.03616
52,0.10725,0.05761,0.02243,0.07216,0.01354,0.13506,0.04045,0.00334,0.03859,0.04232,0.03650,0.05212,0.00112,0.02892,0.02080,0.21078,0.09582,0.01466,0.00366,0.00285
53,0.00758,0.01320,0.03140,0.02920,0.01280,0.68956,0.01893,0.01444,0.01430,0.00504,0.01410,0.01359,0.00626,0.01912,0.04226,0.00553,0.00661,0.02444,0.01799,0.01366
54,0.01778,0.01597,0.00677,0.00549,0.22845,0.00253,0.29928,0.01101,0.00440,0.00402,0.01931,0.00804,0.00240,0.02724,0.01275,0.00174,0.00546,0.02487,0.13892,0.16357
55,0.24548,0.11045,0.01682,0.00746,0.00531,0.01114,0.00434,0.00502,0.00563,0.00204,0.00611,0.01180,0.24537,0.00617,0.00222,0.17802,0.09607,0.02744,0.00751,0.00563
56,0.03312,0.05141,0.00641,0.03186,0.00707,0.00905,0.00725,0.01839,0.00634,0.00521,0.01509,0.00566,0.27855,0.00664,0.00349,0.00249,0.01490,0.48403,0.00778,0.00525
57,0.01319,0.01103,0.00962,0.01546,0.05405,0.00896,0.00755,0.01328,0.01560,0.00523,0.01725,0.01027,0.03091,0.01114,0.00471,0.69471,0.00686,0.00702,0.01548,0.04766
58,0.01275,0.07539,0.01523,0.01088,0.01458,0.01847,0.01022,0.01748,0.02582,0.01218,0.02176,0.01134,0.01762,0.04324,0.49260,0.09441,0.04092,0.00874,0.03775,0.01864
59,0.01547,0.01122,0.01031,0.04506,0.01374,0.71019,0.00969,0.01265,0.01339,0.00408,0.01604,0.01044,0.00483,0.01037,0.05612,0.00949,0.00610,0.01845,0.01175,0.01059
60,0.17537,0.06810,0.00927,0.00842,0.00939,0.02071,0.00841,0.01837,0.01872,0.00310,0.01061,0.03179,0.00951,0.00707,0.01119,0.26542,0.14301,0.16030,0.00704,0.01421
61,0.15807,0.09947,0.01383,0.04128,0.07341,0.03390,0.01836,0.01715,0.01777,0.00558,0.02710,0.02023,0.02128,0.01862,0.00484,0.25963,0.07681,0.04623,0.01204,0.03443
62,0.04409,0.01273,0.01790,0.03739,0.01375,0.00603,0.02873,0.01504,0.54558,0.00764,0.03423,0.04285,0.01598,0.02582,0.06954,0.01470,0.03062,0.01023,0.01188,0.01525
63,0.00340,0.00926,0.00684,0.00980,0.25295,0.00388,0.01897,0.09841,0.00662,0.46364,0.01383,0.00470,0.01637,0.00749,0.00809,0.00238,0.00297,0.05698,0.00786,0.00555
64,0.17167,0.06341,0.01288,0.07654,0.01103,0.08397,0.00773,0.00923,0.02701,0.02496,0.08645,0.00761,0.00089,0.10297,0.05884,0.09867,0.05104,0.05412,0.02707,0.02391
65,0.00613,0.02603,0.01107,0.01137,0.09180,0.00991,0.00791,0.00895,0.00984,0.00921,0.00919,0.00855,0.00438,0.00886,0.04923,0.00361,0.00523,0.00629,0.62264,0.08979
66,0.00653,0.03044,0.01293,0.01490,0.03820,0.00648,0.01076,0.02718,0.01176,0.48933,0.21541,0.01098,0.00631,0.01509,0.00596,0.03595,0.00686,0.02268,0.01929,0.01295
67,0.16585,0.14685,0.00960,0.01795,0.01090,0.01369,0.01600,0.03641,0.00941,0.00962,0.03142,0.00767,0.00406,0.01386,0.00319,0.03150,0.16636,0.28597,0.00880,0.01089
68,0.01652,0.01832,0.04695,0.66329,0.01358,0.02597,0.01199,0.01400,0.05296,0.00440,0.01424,0.00744,0.00416,0.01907,0.01303,0.01608,0.00542,0.02871,0.01311,0.01074
69,0.00777,0.01250,0.01374,0.01369,0.01184,0.05921,0.01106,0.04854,0.04394,0.00450,0.01306,0.00961,0.00512,0.01601,0.64411,0.04356,0.00812,0.00853,0.01341,0.01168
70,0.10723,0.01511,0.08424,0.02278,0.00662,0.57110,0.00544,0.00496,0.00653,0.00198,0.00892,0.06168,0.00155,0.02008,0.01939,0.03024,0.00218,0.01697,0.00771,0.00530
71,0.00198,0.01807,0.00879,0.00533,0.17870,0.00430,0.05559,0.06060,0.00342,0.27099,0.14941,0.00799,0.00136,0.00321,0.00163,0.00376,0.00242,0.00814,0.03080,0.18350
72,0.03158,0.30125,0.00787,0.00791,0.06865,0.00388,0.00459,0.08439,0.00744,0.19534,0.09978,0.00502,0.01550,0.00785,0.01061,0.00247,0.04848,0.08474,0.00642,0.00626
73,0.02970,0.05220,0.12035,0.12803,0.03856,0.05764,0.10471,0.02697,0.02462,0.04902,0.04450,0.03568,0.01421,0.06091,0.01252,0.05265,0.03239,0.02893,0.04348,0.04294
74,0.02226,0.06684,0.02255,0.02037,0.02564,0.01004,0.04304,0.02365,0.01977,0.03508,0.05895,0.02427,0.42577,0.02902,0.01246,0.02251,0.06883,0.02249,0.01624,0.03020
75,0.02281,0.06619,0.00863,0.06988,0.10578,0.04337,0.05802,0.07652,0.00370,0.09313,0.09792,0.03217,0.00195,0.03080,0.00331,0.03173,0.03528,0.08231,0.01645,0.12006
76,0.00700,0.01609,0.01612,0.02584,0.01357,0.69383,0.01298,0.01757,0.01541,0.00638,0.01466,0.01297,0.00649,0.01514,0.02799,0.00655,0.00732,0.02263,0.04582,0.01564
77,0.05120,0.04785,0.00453,0.00844,0.05915,0.00434,0.18685,0.01436,0.10145,0.05389,0.02511,0.01088,0.00184,0.02788,0.14644,0.04620,0.03136,0.03741,0.01329,0.12753
78,0.02473,0.22075,0.01718,0.01582,0.01744,0.02622,0.00716,0.03745,0.01158,0.07138,0.01070,0.00623,0.00567,0.00852,0.00452,0.00359,0.23328,0.25761,0.01363,0.00652
79,0.02666,0.17055,0.02174,0.00624,0.03085,0.00917,0.00587,0.18420,0.00900,0.06974,0.12029,0.00503,0.00293,0.00679,0.00295,0.00259,0.06048,0.21363,0.00615,0.04513
80,0.01726,0.01457,0.69806,0.03245,0.01473,0.02532,0.01026,0.01357,0.01620,0.00658,0.01443,0.04110,0.00492,0.01463,0.00528,0.00496,0.00544,0.01546,0.01273,0.03205
81,0.00489,0.01027,0.00941,0.01043,0.03688,0.00558,0.03535,0.22643,0.01192,0.49653,0.06271,0.00783,0.01580,0.01070,0.00959,0.00306,0.00360,0.01741,0.01139,0.01023
82,0.01724,0.02532,0.01256,0.04495,0.01287,0.69683,0.01275,0.01154,0.01615,0.00484,0.01506,0.01228,0.00644,0.01641,0.02863,0.00598,0.00831,0.01762,0.02165,0.01256
83,0.27296,0.43759,0.00852,0.00800,0.00768,0.00702,0.00638,0.00676,0.00720,0.00194,0.00640,0.00639,0.00241,0.00652,0.01594,0.11931,0.02715,0.00311,0.01395,0.03477
84,0.01312,0.04406,0.03247,0.01444,0.01317,0.72642,0.00976,0.01162,0.01456,0.00550,0.01404,0.00794,0.00532,0.01410,0.00567,0.01440,0.00503,0.02044,0.01697,0.01097
85,0.02172,0.02681,0.02757,0.02403,0.03227,0.06210,0.04014,0.05532,0.04440,0.02281,0.03595,0.02254,0.03613,0.03312,0.37031,0.03225,0.03864,0.01892,0.02614,0.02882
86,0.02798,0.03321,0.03205,0.02779,0.03665,0.37677,0.04236,0.03539,0.02714,0.02127,0.03102,0.04063,0.02397,0.03844,0.03310,0.02400,0.02610,0.04004,0.04372,0.03837
87,0.02039,0.02782,0.03430,0.03582,0.01267,0.66441,0.00761,0.01700,0.02325,0.00569,0.02287,0.01504,0.00330,0.01685,0.00712,0.02169,0.00670,0.02772,0.01865,0.01110
88,0.01001,0.04592,0.01944,0.02079,0.02515,0.02549,0.01376,0.02050,0.01932,0.01701,0.01812,0.01778,0.00534,0.01843,0.01992,0.00730,0.00937,0.01220,0.65621,0.01795
89,0.22275,0.22013,0.00664,0.00780,0.00575,0.11059,0.00352,0.00930,0.00922,0.00202,0.00728,0.01975,0.00147,0.00741,0.00619,0.30664,0.03545,0.00377,0.00730,0.00701
90,0.00220,0.04852,0.01284,0.00485,0.09039,0.00213,0.02325,0.00385,0.00479,0.00660,0.00785,0.01215,0.00270,0.39320,0.00150,0.00200,0.00202,0.00222,0.08283,0.29412
91,0.00718,0.04056,0.04614,0.02535,0.08609,0.00583,0.02865,0.01002,0.01775,0.05556,0.03059,0.02122,0.00378,0.02923,0.00706,0.01759,0.00710,0.04212,0.06967,0.44851
92,0.12008,0.07176,0.00435,0.00313,0.00314,0.02012,0.00188,0.15959,0.00389,0.05727,0.15270,0.00194,0.00084,0.00269,0.00098,0.13295,0.12928,0.12813,0.00306,0.00223
93,0.53691,0.09617,0.01203,0.01280,0.00972,0.14966,0.00526,0.01061,0.01283,0.00382,0.01497,0.00812,0.00608,0.00981,0.00333,0.04343,0.01041,0.03045,0.01392,0.00967
94,0.10036,0.06731,0.00287,0.00521,0.00288,0.14102,0.04701,0.02025,0.00421,0.00109,0.01398,0.03223,0.00112,0.01375,0.00137,0.18017,0.32527,0.03223,0.00444,0.00321
95,0.03032,0.04906,0.06857,0.01395,0.00621,0.02317,0.10710,0.13553,0.01443,0.11216,0.03985,0.10244,0.00210,0.06460,0.00322,0.02950,0.03073,0.08533,0.04008,0.04167
96,0.04538,0.03030,0.00333,0.00324,0.02343,0.04728,0.02317,0.02775,0.07365,0.07666,0.07903,0.10388,0.05359,0.06248,0.14011,0.07724,0.08228,0.03621,0.00665,0.00433
97,0.04701,0.02778,0.01019,0.04893,0.05745,0.01229,0.11514,0.04326,0.04023,0.17039,0.04286,0.03303,0.02930,0.04657,0.05281,0.05339,0.04389,0.01192,0.03501,0.07854
98,0.03425,0.05199,0.03490,0.02907,0.03141,0.01312,0.04944,0.03528,0.03662,0.02254,0.03576,0.04103,0.02340,0.03108,0.01317,0.01804,0.09522,0.34442,0.02487,0.03439
99,0.00768,0.01488,0.01218,0.01460,0.02734,0.00755,0.03953,0.14081,0.02117,0.02902,0.05229,0.02601,0.00525,0.51128,0.01330,0.01879,0.00507,0.01572,0.02492,0.01262
100,0.02270,0.06258,0.22836,0.30278,0.01227,0.03616,0.00492,0.04099,0.01776,0.07537,0.06746,0.00695,0.00163,0.03779,0.00274,0.01186,0.00839,0.04532,0.00896,0.00501
101,0.01844,0.21583,0.00812,0.01986,0.00884,0.02105,0.00945,0.18681,0.01144,0.00889,0.02008,0.01096,0.00274,0.00945,0.00340,0.00313,0.00513,0.41710,0.01109,0.00819
102,0.06016,0.08392,0.00259,0.00717,0.03657,0.04371,0.07722,0.07238,0.08406,0.08623,0.06246,0.04312,0.00059,0.07013,0.08680,0.03843,0.01342,0.05430,0.03945,0.03731
103,0.06246,0.00738,0.00779,0.03222,0.00539,0.76489,0.00429,0.00721,0.00932,0.00197,0.00850,0.00616,0.00184,0.00683,0.01601,0.01021,0.00313,0.02957,0.00927,0.00557
104,0.00229,0.02130,0.00894,0.00624,0.18148,0.00233,0.03378,0.07072,0.00576,0.09699,0.05784,0.00499,0.00091,0.00385,0.00134,0.00645,0.00187,0.10976,0.16189,0.22125
105,0.03420,0.01038,0.00842,0.01417,0.00955,0.00573,0.00414,0.02918,0.01730,0.00300,0.01001,0.00654,0.00943,0.00694,0.00453,0.13773,0.66315,0.00609,0.01266,0.00686
106,0.07790,0.03792,0.02655,0.01029,0.03140,0.01518,0.05769,0.04695,0.10928,0.04703,0.04177,0.07687,0.00075,0.07415,0.07933,0.07050,0.06262,0.05149,0.04215,0.04016
107,0.24973,0.00924,0.00671,0.03910,0.00548,0.52289,0.00422,0.00785,0.00838,0.00215,0.00956,0.00728,0.00489,0.01125,0.01028,0.06899,0.01182,0.00623,0.00818,0.00575
108,0.08559,0.03574,0.02812,0.02433,0.01015,0.53080,0.01482,0.01688,0.02284,0.02023,0.02077,0.01410,0.01171,0.04025,0.00777,0.03781,0.03154,0.01223,0.01288,0.02144
109,0.11382,0.07122,0.01637,0.01013,0.03922,0.02588,0.02312,0.04538,0.04557,0.01956,0.02950,0.04244,0.16091,0.01328,0.04881,0.06579,0.10946,0.09171,0.00915,0.01868
110,0.07948,0.05787,0.05828,0.05938,0.01005,0.11537,0.09050,0.00222,0.05889,0.00407,0.03588,0.11059,0.00054,0.09743,0.04378,0.08984,0.04870,0.00754,0.00353,0.02607
111,0.02694,0.00428,0.00384,0.00565,0.00761,0.07371,0.37928,0.00355,0.01266,0.00192,0.00608,0.02499,0.00196,0.39565,0.02079,0.00188,0.00116,0.00317,0.00550,0.01938
