site,A,C,D,E,F,G,H,I,K,L,M,N,P,Q,R,S,T,V,W,Y
1,0.00969,0.04736,0.02006,0.01571,0.01171,0.03776,0.03192,0.01204,0.11677,0.01820,0.01196,0.01920,0.02627,0.01187,0.52736,0.02955,0.01472,0.00793,0.01439,0.01552
2,0.01877,0.01368,0.01590,0.03652,0.01758,0.59988,0.03632,0.01434,0.01441,0.00982,0.01764,0.02708,0.04222,0.02233,0.02586,0.01917,0.01988,0.01671,0.01142,0.02045
3,0.00992,0.03635,0.03548,0.01134,0.00906,0.75533,0.00804,0.00940,0.01204,0.00657,0.00910,0.01156,0.00746,0.01044,0.00824,0.02317,0.01078,0.00682,0.00879,0.01012
4,0.06386,0.03548,0.01292,0.02733,0.01687,0.65457,0.01193,0.01388,0.01761,0.00563,0.01419,0.01456,0.00660,0.01503,0.02030,0.00718,0.00938,0.01409,0.01833,0.02025
5,0.04492,0.06430,0.03387,0.03204,0.02854,0.02590,0.04415,0.09177,0.07348,0.04347,0.03164,0.05985,0.00324,0.11090,0.05979,0.07006,0.07078,0.07844,0.01100,0.02185
6,0.19917,0.06049,0.00555,0.02092,0.01103,0.43908,0.00625,0.00673,0.00918,0.00339,0.00698,0.00722,0.00438,0.00791,0.01397,0.16496,0.00591,0.01315,0.00375,0.00998
7,0.05436,0.05487,0.08580,0.10478,0.04445,0.00717,0.05586,0.03652,0.00962,0.03580,0.05936,0.04932,0.00998,0.10074,0.00970,0.05100,0.06197,0.05449,0.05072,0.06347
8,0.03924,0.05317,0.00828,0.00885,0.01095,0.00666,0.00913,0.03571,0.00856,0.00509,0.01922,0.01845,0.02215,0.01189,0.00491,0.07061,0.62840,0.02308,0.00769,0.00796
9,0.05230,0.14728,0.00278,0.00496,0.00475,0.01444,0.00318,0.13901,0.00348,0.17863,0.01203,0.01872,0.05150,0.00739,0.00227,0.03970,0.13125,0.18061,0.00359,0.00212
10,0.00776,0.01221,0.01153,0.04904,0.01181,0.72444,0.00899,0.01065,0.02007,0.00626,0.01378,0.01266,0.00775,0.01341,0.03872,0.00793,0.00803,0.01774,0.00746,0.00976
11,0.05450,0.10858,0.05646,0.11742,0.03016,0.01384,0.04851,0.06124,0.01931,0.03699,0.03484,0.04239,0.00135,0.10318,0.02158,0.03448,0.02041,0.10729,0.04704,0.04042
12,0.06194,0.02394,0.00810,0.02465,0.03777,0.02733,0.06081,0.04847,0.13363,0.08052,0.07653,0.06309,0.00363,0.07119,0.08848,0.06672,0.02806,0.07759,0.00724,0.01031
13,0.01721,0.04897,0.02954,0.02973,0.04028,0.01770,0.03428,0.02563,0.02711,0.04154,0.02221,0.03117,0.02684,0.04449,0.03309,0.03353,0.03005,0.00915,0.35592,0.10154
14,0.01755,0.02028,0.03078,0.02811,0.02229,0.00893,0.07520,0.05171,0.45364,0.01355,0.01513,0.03627,0.01286,0.04393,0.06748,0.01514,0.03004,0.00897,0.01362,0.03452
15,0.05995,0.05137,0.04160,0.02786,0.03829,0.07600,0.07554,0.07228,0.03793,0.05406,0.06432,0.05610,0.00153,0.06382,0.04186,0.06430,0.06415,0.04158,0.02913,0.03833
16,0.08073,0.06355,0.01899,0.07172,0.01074,0.05150,0.01591,0.02187,0.11841,0.05300,0.06126,0.06797,0.00176,0.08075,0.10367,0.09344,0.05933,0.01965,0.00224,0.00351
17,0.00588,0.01290,0.00757,0.00756,0.00773,0.00393,0.00786,0.15258,0.00660,0.29646,0.23554,0.00986,0.02722,0.02078,0.00564,0.00381,0.02133,0.15589,0.00477,0.00608
18,0.07985,0.07164,0.04219,0.00909,0.00658,0.05680,0.03042,0.03973,0.04698,0.02618,0.03882,0.23811,0.00430,0.05441,0.05252,0.06653,0.05814,0.04482,0.00651,0.02637
19,0.05882,0.06089,0.04118,0.06169,0.03533,0.07132,0.06787,0.04915,0.03989,0.06585,0.04804,0.05862,0.00277,0.05965,0.05415,0.06642,0.06024,0.06788,0.01181,0.01842
20,0.00969,0.06805,0.00741,0.00560,0.13463,0.00376,0.01103,0.06117,0.01434,0.26269,0.21920,0.00746,0.00414,0.07931,0.00598,0.00242,0.02391,0.02610,0.00351,0.04961
21,0.08275,0.04607,0.06573,0.04613,0.00726,0.07318,0.05713,0.01598,0.03309,0.02933,0.04939,0.05631,0.06449,0.08501,0.03310,0.08690,0.08758,0.05010,0.00384,0.02664
22,0.08566,0.01478,0.03560,0.04133,0.00747,0.07411,0.07139,0.00592,0.06236,0.02128,0.04064,0.05491,0.08905,0.12025,0.06557,0.09716,0.07886,0.01699,0.00664,0.01005
23,0.05143,0.05434,0.04348,0.04764,0.03055,0.05706,0.07573,0.05217,0.01930,0.04556,0.06807,0.06351,0.05777,0.08344,0.02264,0.05912,0.05682,0.05311,0.01737,0.04089
24,0.05572,0.06075,0.11470,0.09842,0.01225,0.04753,0.08696,0.02116,0.02624,0.02816,0.08080,0.07003,0.01061,0.08334,0.01462,0.06587,0.04696,0.04905,0.01325,0.01356
25,0.01484,0.03334,0.02424,0.01636,0.42700,0.00759,0.04092,0.05203,0.01587,0.02304,0.01453,0.02531,0.03783,0.01978,0.00879,0.02751,0.01582,0.01780,0.06496,0.11246
26,0.09584,0.04940,0.01913,0.01404,0.07484,0.02629,0.08330,0.06438,0.02171,0.06571,0.05259,0.09014,0.00572,0.04700,0.05659,0.06556,0.03822,0.04770,0.00819,0.07366
27,0.00973,0.03790,0.05579,0.02278,0.00908,0.00450,0.05070,0.03560,0.10203,0.01166,0.03419,0.11940,0.03994,0.11082,0.07690,0.13084,0.10634,0.02295,0.00576,0.01311
28,0.00979,0.04092,0.03147,0.00984,0.18415,0.00671,0.05948,0.01595,0.01863,0.00855,0.01730,0.03150,0.01291,0.01559,0.00800,0.01477,0.01084,0.00608,0.01210,0.48540
29,0.01475,0.02025,0.01687,0.04332,0.01264,0.01114,0.06546,0.04401,0.41328,0.01241,0.01266,0.02747,0.01220,0.02748,0.13690,0.01079,0.05062,0.02914,0.01126,0.02737
30,0.06343,0.03670,0.00727,0.03017,0.01718,0.04859,0.03952,0.05529,0.16549,0.05728,0.03721,0.04979,0.00653,0.04058,0.16255,0.06165,0.03965,0.05859,0.00450,0.01807
31,0.17131,0.09326,0.01786,0.01320,0.00918,0.02434,0.06317,0.02788,0.01626,0.01612,0.02014,0.17012,0.01760,0.02512,0.02348,0.15845,0.08803,0.02528,0.01143,0.00777
32,0.23423,0.06983,0.02657,0.01140,0.01091,0.34056,0.03083,0.01213,0.01031,0.00514,0.01667,0.05117,0.00613,0.02851,0.00786,0.09159,0.00714,0.01507,0.00927,0.01467
33,0.01797,0.12255,0.01945,0.01883,0.03272,0.00773,0.01576,0.36966,0.01320,0.00974,0.01733,0.03924,0.00999,0.01738,0.00753,0.01758,0.07090,0.15850,0.01510,0.01884
34,0.03405,0.02785,0.00868,0.00478,0.02186,0.00615,0.07964,0.02135,0.02127,0.09374,0.04547,0.02309,0.00594,0.05837,0.02828,0.07508,0.12314,0.04809,0.21111,0.06208
35,0.03178,0.01586,0.09546,0.50881,0.01858,0.04377,0.02599,0.01374,0.02784,0.01575,0.02857,0.01797,0.01001,0.03112,0.01483,0.01785,0.00970,0.03966,0.01619,0.01653
36,0.05781,0.10625,0.01161,0.02029,0.00897,0.00964,0.00762,0.18050,0.01308,0.00870,0.02250,0.01512,0.06384,0.00725,0.00317,0.01750,0.13607,0.29470,0.00460,0.01080
37,0.13479,0.06580,0.01924,0.04144,0.04222,0.03450,0.05352,0.01900,0.01288,0.04229,0.04396,0.07507,0.08617,0.07231,0.01776,0.06383,0.05837,0.04343,0.02566,0.04775
38,0.02193,0.02963,0.02792,0.01907,0.02250,0.03288,0.02576,0.05066,0.04671,0.01360,0.02193,0.03687,0.02679,0.02286,0.46728,0.03846,0.02654,0.01411,0.02145,0.03303
39,0.10479,0.01437,0.09656,0.20136,0.01999,0.04770,0.03721,0.05634,0.02055,0.03334,0.03243,0.09219,0.00297,0.03608,0.00293,0.05172,0.05730,0.04980,0.01999,0.02239
40,0.03737,0.00912,0.09621,0.14390,0.01578,0.04167,0.05408,0.07153,0.01137,0.05180,0.06752,0.06004,0.05758,0.07509,0.00963,0.03850,0.07126,0.05639,0.00830,0.02288
41,0.45163,0.02243,0.02594,0.01284,0.01387,0.01633,0.01880,0.02157,0.01279,0.00771,0.01432,0.01272,0.03531,0.01987,0.00744,0.21219,0.02368,0.04001,0.01960,0.01095
42,0.08476,0.02939,0.00623,0.00604,0.00472,0.00724,0.01500,0.12933,0.16034,0.01834,0.03602,0.00726,0.00429,0.11151,0.15500,0.05480,0.06152,0.09243,0.00606,0.00971
43,0.08267,0.02402,0.02715,0.04264,0.01542,0.02812,0.06311,0.06799,0.03469,0.06765,0.05486,0.08784,0.00258,0.06129,0.10200,0.06599,0.07989,0.05403,0.01324,0.02482
44,0.23959,0.11979,0.01518,0.03385,0.03258,0.01345,0.03852,0.02076,0.02488,0.05759,0.08744,0.03904,0.00678,0.07309,0.03192,0.06726,0.01415,0.02695,0.01599,0.04120
45,0.01126,0.01248,0.00629,0.01150,0.14569,0.00590,0.03354,0.17846,0.01020,0.31308,0.10237,0.00873,0.01716,0.02033,0.01663,0.00296,0.00867,0.05940,0.01444,0.02090
46,0.05874,0.04527,0.04813,0.05849,0.02813,0.04888,0.07313,0.04756,0.08047,0.06549,0.05526,0.06131,0.00094,0.06999,0.03386,0.06813,0.04730,0.05163,0.01350,0.04378
47,0.04823,0.06835,0.12662,0.11715,0.02235,0.05735,0.04187,0.03072,0.02008,0.02623,0.03904,0.07205,0.00190,0.11514,0.01266,0.08332,0.05473,0.03394,0.00958,0.01869
48,0.06008,0.05918,0.01432,0.02839,0.02236,0.19094,0.08373,0.00353,0.09570,0.01992,0.05673,0.14167,0.00353,0.07812,0.04959,0.06444,0.00595,0.00869,0.00663,0.00650
49,0.05703,0.12827,0.04842,0.04229,0.07031,0.01545,0.04309,0.05190,0.02040,0.06296,0.04693,0.05804,0.03612,0.03989,0.04756,0.03326,0.06772,0.07521,0.01936,0.03581
50,0.05191,0.04662,0.05831,0.03450,0.07048,0.02969,0.03245,0.03055,0.05353,0.06996,0.05220,0.06379,0.02562,0.05099,0.04439,0.05992,0.05176,0.05546,0.03729,0.08059
51,0.05802,0.05138,0.12818,0.04904,0.03783,0.05105,0.07891,0.04023,0.03278,0.02446,0.04729,0.06845,0.00568,0.03553,0.01418,0.07167,0.06834,0.07120,0.03422,0.03155
52,0.11771,0.04848,0.02195,0.06243,0.00994,0.13643,0.04927,0.00446,0.03494,0.03917,0.04636,0.06097,0.00188,0.04037,0.02074,0.18842,0.08759,0.01785,0.00656,0.00447
53,0.00932,0.01267,0.02513,0.02533,0.01632,0.68024,0.02906,0.01378,0.01569,0.00638,0.01367,0.01551,0.00843,0.02063,0.03528,0.01012,0.00928,0.02018,0.01985,0.01313
54,0.01913,0.01996,0.00837,0.00622,0.22652,0.00394,0.29868,0.01280,0.00611,0.00376,0.01521,0.00834,0.00449,0.03480,0.01820,0.00515,0.00730,0.02364,0.14014,0.13727
55,0.23949,0.10224,0.01351,0.00869,0.00603,0.01258,0.00630,0.00666,0.00569,0.00296,0.00948,0.00949,0.24937,0.00875,0.00422,0.18115,0.09439,0.02140,0.00863,0.00898
56,0.02928,0.03875,0.00807,0.02473,0.01087,0.01171,0.00986,0.02115,0.00620,0.01312,0.01601,0.00549,0.27029,0.00756,0.00814,0.00332,0.01680,0.48061,0.01005,0.00799
57,0.01132,0.01450,0.01119,0.01515,0.05341,0.00959,0.01009,0.01319,0.02198,0.00905,0.01894,0.00987,0.03288,0.01073,0.00603,0.67465,0.00995,0.00767,0.01915,0.04066
58,0.01533,0.06651,0.01542,0.01297,0.01517,0.02055,0.01372,0.01521,0.02167,0.01713,0.01647,0.01472,0.01565,0.05063,0.52282,0.06055,0.03728,0.01095,0.03827,0.01899
59,0.01346,0.01103,0.01138,0.03768,0.01883,0.70464,0.01201,0.01263,0.01401,0.00799,0.01510,0.01456,0.00781,0.00993,0.04486,0.01474,0.00595,0.01968,0.01328,0.01043
60,0.15145,0.06215,0.01104,0.01093,0.00931,0.03429,0.00843,0.02915,0.01767,0.00462,0.00960,0.03678,0.00698,0.00719,0.01409,0.27210,0.13631,0.15422,0.00851,0.01517
61,0.17679,0.08513,0.01440,0.03605,0.06521,0.04467,0.02094,0.01845,0.01991,0.00624,0.04414,0.02188,0.02292,0.01650,0.00526,0.22248,0.07636,0.05518,0.01505,0.03246
62,0.03320,0.01256,0.02359,0.04649,0.01398,0.01529,0.02765,0.01480,0.52973,0.00658,0.03630,0.04532,0.01500,0.03184,0.06034,0.01200,0.03284,0.01070,0.01128,0.02050
63,0.00510,0.01490,0.00797,0.01112,0.24420,0.00504,0.01595,0.12177,0.00741,0.43682,0.01599,0.00442,0.01973,0.00770,0.00747,0.00706,0.00573,0.04665,0.00877,0.00620
64,0.15692,0.06060,0.01827,0.06560,0.01027,0.07943,0.00772,0.01871,0.02004,0.02598,0.10005,0.00911,0.00125,0.10363,0.06232,0.10261,0.06047,0.04761,0.02545,0.02397
65,0.00906,0.02953,0.01995,0.01298,0.09035,0.01537,0.00911,0.00910,0.01180,0.01238,0.01295,0.00916,0.00559,0.01263,0.03531,0.00560,0.00809,0.00922,0.61403,0.06780
66,0.00987,0.02409,0.01283,0.01868,0.03871,0.00662,0.01249,0.02353,0.01209,0.49756,0.19359,0.01099,0.00573,0.01731,0.00690,0.03556,0.00824,0.02387,0.02421,0.01713
67,0.15111,0.12136,0.00952,0.02243,0.01091,0.01290,0.01536,0.04023,0.01428,0.00931,0.04011,0.00741,0.00449,0.01495,0.00426,0.03890,0.17745,0.28302,0.00943,0.01259
68,0.01484,0.02020,0.04875,0.63149,0.01516,0.03167,0.01694,0.01510,0.05651,0.00474,0.01558,0.00841,0.00467,0.02199,0.01563,0.01445,0.00974,0.02541,0.01707,0.01166
69,0.00909,0.01239,0.01558,0.01670,0.01226,0.05928,0.01065,0.05377,0.04334,0.00751,0.01464,0.01125,0.00608,0.01422,0.63035,0.03133,0.01044,0.01149,0.01539,0.01426
70,0.10903,0.01673,0.08939,0.02222,0.00790,0.53269,0.00776,0.00821,0.01085,0.00296,0.01133,0.07090,0.00300,0.01873,0.01409,0.04016,0.00526,0.01401,0.00909,0.00569
71,0.00388,0.02047,0.00907,0.00680,0.18179,0.00705,0.03837,0.06598,0.00515,0.27584,0.14695,0.00636,0.00188,0.00478,0.00243,0.00322,0.00359,0.00790,0.02649,0.18202
72,0.02750,0.29693,0.00768,0.01074,0.07072,0.00459,0.00528,0.08749,0.00708,0.19804,0.08175,0.00518,0.01986,0.00923,0.00881,0.00291,0.05069,0.08859,0.00843,0.00851
73,0.04020,0.05040,0.08887,0.15203,0.03984,0.05560,0.08537,0.02726,0.02699,0.05452,0.04862,0.03695,0.01608,0.06247,0.01039,0.05499,0.03296,0.03070,0.03846,0.04731
74,0.03231,0.06941,0.02224,0.02267,0.02464,0.01246,0.04288,0.02298,0.01894,0.05251,0.05288,0.02700,0.41176,0.02925,0.01360,0.01916,0.04863,0.02849,0.01569,0.03248
75,0.02648,0.05149,0.00768,0.06408,0.11268,0.04391,0.06673,0.07354,0.00462,0.09020,0.10084,0.02623,0.00217,0.03926,0.00319,0.02816,0.03391,0.08844,0.01999,0.11640
76,0.00994,0.01498,0.01525,0.03239,0.02232,0.66899,0.01419,0.01966,0.01510,0.00697,0.01793,0.01764,0.00980,0.01657,0.02916,0.00904,0.00803,0.01941,0.03825,0.01438
77,0.04284,0.05810,0.00472,0.01444,0.07069,0.00547,0.15997,0.01365,0.10683,0.06154,0.03172,0.01270,0.00265,0.02746,0.14806,0.04170,0.02969,0.03331,0.01244,0.12202
78,0.02457,0.21498,0.02189,0.01786,0.01466,0.02803,0.00846,0.04000,0.01087,0.07623,0.01012,0.00600,0.00579,0.01014,0.00649,0.00485,0.22984,0.24669,0.01524,0.00727
79,0.04022,0.17482,0.01658,0.00589,0.02555,0.00806,0.00617,0.18816,0.00879,0.07213,0.12252,0.00469,0.00390,0.00658,0.00370,0.00351,0.06609,0.19810,0.00573,0.03880
80,0.01738,0.01414,0.67850,0.02343,0.01832,0.02890,0.01316,0.01312,0.01589,0.00833,0.01587,0.03840,0.00969,0.01711,0.00669,0.00669,0.00671,0.02398,0.01764,0.02606
81,0.00483,0.01085,0.01213,0.01070,0.03195,0.00954,0.03477,0.20956,0.01382,0.51604,0.04235,0.00841,0.01978,0.01306,0.00918,0.00468,0.00614,0.01504,0.01528,0.01189
82,0.01677,0.02482,0.01708,0.04122,0.01431,0.67120,0.01340,0.01111,0.01780,0.00668,0.01439,0.01372,0.01218,0.01785,0.03133,0.00719,0.01139,0.02424,0.02157,0.01176
83,0.25118,0.43328,0.00895,0.00821,0.00764,0.00938,0.00701,0.00840,0.00895,0.00361,0.00901,0.00791,0.00470,0.00755,0.01958,0.12227,0.03184,0.00584,0.01698,0.02770
84,0.01485,0.03558,0.02696,0.01408,0.01599,0.70624,0.01050,0.01419,0.01871,0.00758,0.01768,0.01161,0.00695,0.01720,0.00916,0.01739,0.00828,0.01735,0.01656,0.01314
85,0.02093,0.02842,0.02928,0.02821,0.03135,0.04237,0.03991,0.05649,0.03939,0.02194,0.03635,0.02659,0.03681,0.04032,0.37385,0.03476,0.03735,0.01860,0.02916,0.02791
86,0.02662,0.03208,0.03045,0.02294,0.03577,0.37015,0.04423,0.03695,0.02610,0.02068,0.03128,0.04059,0.02650,0.03854,0.03181,0.02866,0.02602,0.03623,0.05438,0.04002
87,0.01580,0.02417,0.03715,0.02781,0.01461,0.64245,0.01065,0.01850,0.02607,0.00688,0.02499,0.01462,0.00479,0.02142,0.01290,0.02383,0.00892,0.02826,0.02086,0.01532
88,0.01102,0.03859,0.01872,0.02059,0.03292,0.02601,0.01477,0.02270,0.02114,0.02854,0.01942,0.01730,0.00657,0.02124,0.02626,0.00927,0.00902,0.01190,0.62636,0.01767
89,0.24490,0.19324,0.00730,0.00761,0.00999,0.10646,0.00353,0.01206,0.01059,0.00492,0.00925,0.01872,0.00238,0.00725,0.00609,0.30078,0.03475,0.00549,0.00712,0.00755
90,0.00450,0.03494,0.01252,0.00653,0.10743,0.00281,0.02860,0.00444,0.00576,0.00910,0.01673,0.01266,0.00371,0.35773,0.00473,0.00250,0.00342,0.00353,0.07482,0.30354
91,0.01201,0.04709,0.04429,0.02907,0.11992,0.00690,0.02797,0.01598,0.01922,0.04564,0.02239,0.02380,0.00542,0.02019,0.00655,0.01631,0.00793,0.04067,0.06312,0.42555
92,0.11609,0.07388,0.00373,0.00295,0.00379,0.02319,0.00208,0.16022,0.00505,0.05578,0.16060,0.00352,0.00102,0.00325,0.00132,0.12498,0.12376,0.12939,0.00332,0.00208
93,0.49066,0.11045,0.01297,0.01351,0.01322,0.14461,0.00748,0.01287,0.01216,0.00622,0.01558,0.00836,0.00457,0.01031,0.00517,0.04930,0.01406,0.04298,0.01645,0.00906
94,0.08169,0.06327,0.00374,0.00780,0.00439,0.14513,0.04418,0.02001,0.00437,0.00216,0.01506,0.02673,0.00393,0.01537,0.00358,0.18423,0.33143,0.03236,0.00571,0.00485
95,0.03076,0.04986,0.07438,0.01621,0.00888,0.02315,0.09032,0.13291,0.01103,0.11394,0.03432,0.10608,0.00207,0.07312,0.00246,0.03829,0.03035,0.07999,0.03578,0.04610
96,0.04749,0.03217,0.00454,0.00392,0.01696,0.04970,0.01890,0.03630,0.07592,0.07616,0.06502,0.11129,0.05367,0.05667,0.14788,0.07796,0.07585,0.03596,0.00645,0.00719
97,0.05988,0.02582,0.01654,0.04744,0.07010,0.00991,0.09815,0.04546,0.04619,0.15251,0.04789,0.03256,0.03666,0.04836,0.05569,0.05021,0.04110,0.01622,0.03834,0.06098
98,0.04928,0.06310,0.03981,0.03523,0.03031,0.01397,0.04984,0.03537,0.03687,0.02601,0.03593,0.04021,0.02183,0.02997,0.01229,0.01750,0.09891,0.30717,0.02352,0.03287
99,0.01040,0.01418,0.01577,0.02233,0.05212,0.00902,0.03315,0.14595,0.01968,0.02499,0.04337,0.02766,0.00702,0.47634,0.02223,0.01670,0.00585,0.01718,0.02259,0.01346
100,0.03234,0.05741,0.22813,0.29588,0.01172,0.02572,0.00637,0.04655,0.02084,0.07111,0.07438,0.00759,0.00392,0.03818,0.00342,0.01305,0.01254,0.03408,0.00870,0.00806
101,0.02222,0.19124,0.00805,0.02227,0.01169,0.01597,0.01170,0.20165,0.01900,0.00916,0.01848,0.01061,0.00588,0.00908,0.00327,0.00622,0.00515,0.40592,0.01228,0.01016
102,0.05496,0.07626,0.00322,0.01556,0.03443,0.04482,0.07476,0.06978,0.08808,0.09206,0.06244,0.04428,0.00059,0.06861,0.08294,0.03828,0.01408,0.05210,0.03790,0.04485
103,0.06644,0.00735,0.00855,0.03180,0.00680,0.73598,0.00540,0.01229,0.01343,0.00550,0.01379,0.00648,0.00434,0.00700,0.01628,0.01332,0.00510,0.02448,0.00965,0.00604
104,0.00365,0.01692,0.00724,0.00815,0.18932,0.00263,0.03238,0.07032,0.00635,0.09223,0.05713,0.00527,0.00171,0.00493,0.00208,0.00544,0.00243,0.11336,0.16238,0.21610
105,0.02832,0.01028,0.01059,0.01610,0.00928,0.00715,0.00622,0.02520,0.01908,0.00627,0.01085,0.00718,0.00865,0.01197,0.00631,0.11779,0.66002,0.00694,0.01627,0.01553
106,0.07535,0.03669,0.02732,0.01158,0.03198,0.01161,0.06253,0.05042,0.10753,0.04431,0.04455,0.07400,0.00091,0.07577,0.08442,0.06143,0.06399,0.05140,0.03892,0.04528
107,0.26474,0.01137,0.00815,0.02905,0.00659,0.49656,0.00636,0.01148,0.01099,0.00524,0.00897,0.01041,0.00600,0.01167,0.01241,0.06389,0.01136,0.00969,0.00816,0.00691
108,0.09059,0.03008,0.02758,0.02385,0.01359,0.49134,0.02891,0.01883,0.02356,0.01903,0.02607,0.01643,0.01246,0.03979,0.00795,0.04160,0.03586,0.01860,0.01193,0.02195
109,0.09917,0.06386,0.02277,0.01057,0.02967,0.02853,0.04819,0.05146,0.04604,0.01932,0.02553,0.04209,0.15619,0.01315,0.04965,0.07179,0.08627,0.09458,0.01266,0.02849
110,0.08281,0.04810,0.05606,0.05246,0.01522,0.11906,0.08732,0.00268,0.06239,0.00604,0.04401,0.09522,0.00133,0.10538,0.04311,0.08752,0.04544,0.00917,0.00536,0.03132
111,0.02957,0.00611,0.00509,0.00759,0.00829,0.07110,0.38308,0.00410,0.01305,0.00387,0.00906,0.01907,0.00367,0.38013,0.01695,0.00303,0.00258,0.00526,0.00875,0.01966
