site,A,C,D,E,F,G,H,I,K,L,M,N,P,Q,R,S,T,V,W,Y
1,0.01288,0.05070,0.02528,0.02024,0.01431,0.04168,0.03921,0.01543,0.08719,0.02216,0.01625,0.02336,0.02308,0.01524,0.49088,0.04331,0.01411,0.00781,0.01320,0.02367
2,0.02216,0.01734,0.01817,0.03926,0.01864,0.55148,0.03888,0.01761,0.01623,0.00954,0.01698,0.02537,0.04175,0.02675,0.04400,0.01417,0.02484,0.02138,0.01178,0.02367
3,0.00714,0.04697,0.04329,0.01167,0.01108,0.71350,0.01139,0.01294,0.01275,0.00451,0.01311,0.01226,0.00652,0.01284,0.00589,0.03421,0.00830,0.00982,0.00958,0.01221
4,0.07349,0.04053,0.01398,0.03476,0.01565,0.61565,0.01610,0.01606,0.01573,0.00655,0.01587,0.01579,0.00843,0.01700,0.02394,0.00895,0.01006,0.01167,0.02204,0.01777
5,0.04769,0.06096,0.03134,0.03390,0.02489,0.02130,0.03515,0.08942,0.05828,0.04309,0.03033,0.05050,0.00359,0.14291,0.05630,0.06715,0.07497,0.08813,0.01116,0.02896
6,0.16411,0.05773,0.00732,0.02723,0.01304,0.47444,0.00646,0.00825,0.01259,0.00268,0.00827,0.00889,0.00340,0.00907,0.01371,0.14867,0.00568,0.01488,0.00542,0.00816
7,0.04162,0.03730,0.10312,0.12583,0.04699,0.00971,0.03740,0.03166,0.01299,0.03125,0.05797,0.04974,0.00775,0.11303,0.00878,0.05947,0.06016,0.05495,0.05642,0.05385
8,0.04837,0.04149,0.01212,0.01328,0.01271,0.00471,0.01236,0.04019,0.01154,0.00479,0.01257,0.01829,0.01711,0.01216,0.00421,0.05221,0.64675,0.01474,0.00927,0.01113
9,0.04261,0.16247,0.00384,0.00532,0.00415,0.00988,0.00318,0.13666,0.00396,0.18307,0.01178,0.01190,0.05994,0.00948,0.00394,0.03729,0.13145,0.17260,0.00270,0.00379
10,0.00988,0.01384,0.01267,0.05090,0.01369,0.71217,0.01292,0.01295,0.01873,0.00521,0.01653,0.01751,0.00734,0.01788,0.02933,0.00676,0.00840,0.01146,0.00979,0.01204
11,0.05308,0.10306,0.05925,0.13058,0.03411,0.01577,0.03498,0.07287,0.01904,0.03034,0.03445,0.03124,0.00166,0.11234,0.02528,0.02666,0.01423,0.10488,0.05219,0.04396
12,0.03981,0.01965,0.01055,0.04123,0.03572,0.02705,0.07018,0.07965,0.13479,0.07760,0.10669,0.06308,0.00341,0.05980,0.07407,0.04194,0.02728,0.06637,0.00773,0.01339
13,0.02141,0.05279,0.03286,0.03067,0.03641,0.01605,0.03500,0.03067,0.03235,0.03945,0.02659,0.03471,0.03267,0.04747,0.04510,0.02709,0.02936,0.01309,0.34650,0.06976
14,0.01579,0.02153,0.02571,0.04089,0.02660,0.00952,0.07889,0.04940,0.42141,0.01307,0.01832,0.04305,0.01547,0.03453,0.06589,0.01522,0.04380,0.01341,0.01539,0.03210
15,0.06121,0.03342,0.02936,0.02025,0.06927,0.08637,0.07668,0.05731,0.04053,0.04806,0.08330,0.05830,0.00188,0.04651,0.03597,0.07885,0.06769,0.03908,0.02771,0.03825
16,0.10208,0.05397,0.01616,0.07351,0.00677,0.04787,0.03180,0.01517,0.10062,0.04609,0.06901,0.07037,0.00252,0.07313,0.11100,0.10103,0.05157,0.02042,0.00251,0.00439
17,0.00583,0.01902,0.01064,0.01025,0.00900,0.00426,0.00895,0.14995,0.00936,0.29276,0.19179,0.01120,0.04850,0.01542,0.00767,0.00459,0.01982,0.16522,0.00691,0.00887
18,0.09133,0.04367,0.03848,0.01082,0.00925,0.06430,0.03829,0.03314,0.03478,0.03179,0.04129,0.25056,0.00610,0.05105,0.03859,0.09934,0.03523,0.03937,0.00906,0.03357
19,0.05334,0.06324,0.04396,0.05376,0.02925,0.07857,0.08109,0.05558,0.04008,0.06726,0.04184,0.04669,0.00289,0.06533,0.05323,0.07469,0.06233,0.05512,0.01106,0.02069
20,0.00897,0.05570,0.01209,0.00829,0.11559,0.00601,0.01243,0.05278,0.01410,0.27921,0.24716,0.00967,0.00394,0.07400,0.00491,0.00305,0.02267,0.02262,0.00584,0.04098
21,0.09921,0.05534,0.06855,0.04019,0.00606,0.07056,0.04295,0.01461,0.02499,0.03156,0.04161,0.05226,0.08697,0.09721,0.02845,0.10004,0.05729,0.05357,0.00550,0.02311
22,0.08368,0.01669,0.04721,0.03191,0.00579,0.07451,0.05331,0.00950,0.04193,0.02390,0.04570,0.06216,0.07133,0.12318,0.07544,0.11897,0.08756,0.01275,0.00643,0.00803
23,0.05677,0.06241,0.04973,0.04546,0.04329,0.05928,0.06978,0.04091,0.01742,0.04802,0.07941,0.04767,0.06321,0.08487,0.02397,0.04498,0.05300,0.05377,0.01532,0.04073
24,0.05676,0.07346,0.10759,0.11453,0.01129,0.06029,0.06754,0.01954,0.02396,0.02167,0.05380,0.07664,0.00908,0.12174,0.00956,0.05557,0.05540,0.03373,0.01278,0.01508
25,0.01561,0.03625,0.02444,0.01730,0.36844,0.00806,0.04368,0.04957,0.01911,0.02114,0.01566,0.02542,0.03300,0.02306,0.00955,0.02693,0.01906,0.01481,0.13949,0.08945
26,0.07243,0.04154,0.02343,0.01828,0.06688,0.02005,0.08971,0.06838,0.02247,0.06595,0.05814,0.08362,0.00677,0.06788,0.04559,0.07174,0.05244,0.04497,0.00863,0.07108
27,0.01560,0.02650,0.03587,0.03888,0.01173,0.00441,0.04149,0.02346,0.12319,0.00737,0.02984,0.11671,0.05718,0.10229,0.07998,0.13355,0.10830,0.02569,0.00458,0.01336
28,0.01215,0.03945,0.04667,0.01484,0.12244,0.00871,0.05352,0.02205,0.01760,0.00810,0.01738,0.03058,0.01443,0.02132,0.00984,0.02062,0.01394,0.00955,0.01592,0.50088
29,0.01256,0.02885,0.02218,0.06338,0.01405,0.01436,0.04857,0.05067,0.41598,0.00911,0.01586,0.03665,0.01341,0.03126,0.10545,0.01232,0.03844,0.02149,0.01457,0.03084
30,0.09981,0.03453,0.00861,0.03656,0.01500,0.04606,0.04447,0.03994,0.16113,0.06028,0.04651,0.03748,0.00672,0.04504,0.14797,0.06495,0.03578,0.05056,0.00469,0.01391
31,0.15461,0.14971,0.03012,0.01402,0.01400,0.01778,0.05097,0.02593,0.01990,0.02187,0.01603,0.11179,0.02216,0.02975,0.02679,0.17282,0.07180,0.02207,0.01557,0.01231
32,0.18890,0.05009,0.03356,0.01679,0.01580,0.37198,0.03479,0.01756,0.01614,0.00726,0.01773,0.03963,0.01066,0.02601,0.00812,0.08238,0.01058,0.01889,0.01484,0.01827
33,0.01571,0.14200,0.02039,0.02271,0.03955,0.00903,0.01920,0.34535,0.01674,0.01291,0.02495,0.04841,0.01189,0.02145,0.00932,0.02981,0.06583,0.10279,0.01899,0.02297
34,0.04017,0.02803,0.00939,0.00679,0.01917,0.00573,0.05997,0.04764,0.02731,0.10174,0.03302,0.04103,0.00808,0.06183,0.02853,0.07942,0.13147,0.03754,0.19350,0.03965
35,0.02938,0.01882,0.07619,0.49322,0.02270,0.06704,0.01836,0.01866,0.03882,0.01127,0.02801,0.01641,0.00989,0.03269,0.01056,0.01944,0.01420,0.02926,0.02106,0.02401
36,0.05267,0.11023,0.01306,0.02069,0.00968,0.01006,0.00936,0.19553,0.01611,0.00744,0.02463,0.01607,0.04956,0.01086,0.00364,0.01356,0.13941,0.27505,0.00681,0.01558
37,0.10457,0.06586,0.02858,0.02879,0.05732,0.05114,0.06098,0.03238,0.01633,0.03260,0.05827,0.06084,0.06079,0.06562,0.02449,0.07763,0.04814,0.05116,0.02816,0.04635
38,0.02084,0.03332,0.03209,0.02355,0.02774,0.03304,0.03015,0.04738,0.04578,0.01716,0.02535,0.04132,0.03079,0.02711,0.42707,0.03892,0.02411,0.01580,0.02650,0.03199
39,0.07537,0.01602,0.17612,0.17826,0.02016,0.04415,0.02422,0.04928,0.03178,0.02887,0.02788,0.10165,0.00259,0.02780,0.00348,0.03794,0.07492,0.03647,0.02246,0.02058
40,0.02918,0.00815,0.09495,0.15910,0.01611,0.04414,0.04790,0.07247,0.01480,0.04523,0.06663,0.04412,0.07339,0.09221,0.00824,0.03541,0.06182,0.06005,0.00882,0.01730
41,0.44468,0.02034,0.03703,0.01397,0.01544,0.01558,0.02097,0.01964,0.01770,0.00684,0.01768,0.01624,0.02686,0.01875,0.00714,0.17740,0.02463,0.06001,0.02524,0.01386
42,0.08048,0.03860,0.00743,0.00927,0.00760,0.00831,0.01836,0.11031,0.10688,0.02699,0.05536,0.00839,0.00502,0.07912,0.15916,0.05245,0.08603,0.12432,0.00594,0.00998
43,0.09686,0.03421,0.02084,0.04065,0.01242,0.03104,0.06727,0.05092,0.02228,0.05490,0.06615,0.07664,0.00194,0.08261,0.10200,0.07014,0.08835,0.04400,0.01729,0.01949
44,0.25023,0.12978,0.02213,0.02843,0.02372,0.01206,0.04168,0.01938,0.02358,0.06787,0.10568,0.03679,0.00968,0.04060,0.03766,0.06353,0.01525,0.02887,0.01337,0.02971
45,0.01334,0.01487,0.00950,0.01258,0.11104,0.00826,0.03944,0.19771,0.01131,0.31462,0.09613,0.00974,0.01814,0.01983,0.01166,0.00375,0.00994,0.06118,0.01474,0.02220
46,0.06321,0.04340,0.04647,0.06350,0.02894,0.04281,0.06824,0.04606,0.08468,0.07109,0.06431,0.06160,0.00109,0.06820,0.03160,0.07044,0.05247,0.04679,0.01446,0.03064
47,0.04072,0.06805,0.13264,0.11127,0.01914,0.06660,0.04783,0.02842,0.01824,0.05320,0.03215,0.07392,0.00177,0.09005,0.01470,0.09252,0.05238,0.02553,0.01087,0.02002
48,0.04664,0.06879,0.01362,0.02502,0.01576,0.20341,0.09456,0.00585,0.08020,0.01907,0.04804,0.10232,0.00317,0.10051,0.07156,0.07115,0.00453,0.00835,0.00881,0.00863
49,0.05066,0.09302,0.03796,0.03718,0.06327,0.02236,0.04857,0.04622,0.02678,0.04724,0.04504,0.06611,0.03728,0.06382,0.04052,0.02402,0.07041,0.09069,0.02148,0.06737
50,0.04807,0.04528,0.08543,0.04047,0.07015,0.02771,0.02516,0.03595,0.07192,0.08126,0.04177,0.05058,0.02348,0.03834,0.03944,0.05288,0.05821,0.05331,0.04356,0.06706
51,0.05505,0.06005,0.12365,0.05118,0.03959,0.05049,0.06055,0.01886,0.03227,0.02789,0.03980,0.14194,0.00495,0.04996,0.01383,0.05840,0.06518,0.05116,0.02823,0.02697
52,0.09575,0.04555,0.02370,0.06781,0.01372,0.16486,0.07083,0.00792,0.04687,0.03874,0.03848,0.05137,0.00286,0.04132,0.02109,0.17806,0.06226,0.01579,0.00730,0.00571
53,0.01028,0.01578,0.02780,0.06177,0.01629,0.61236,0.01806,0.01719,0.01702,0.00676,0.01761,0.01707,0.00829,0.02233,0.05550,0.00716,0.00859,0.02466,0.01919,0.01627
54,0.01789,0.01463,0.00966,0.00853,0.25092,0.00427,0.30768,0.01257,0.00706,0.00442,0.01660,0.00991,0.00483,0.03234,0.02411,0.00370,0.00538,0.02168,0.09900,0.14480
55,0.26113,0.09508,0.02225,0.01092,0.00835,0.01136,0.00736,0.00817,0.00918,0.00385,0.00984,0.01029,0.22150,0.00947,0.00391,0.17305,0.08426,0.02957,0.01161,0.00885
56,0.04239,0.03740,0.00926,0.03316,0.01038,0.01002,0.01100,0.03243,0.00992,0.01925,0.01835,0.00890,0.20887,0.01028,0.00584,0.00434,0.01541,0.49214,0.01207,0.00858
57,0.01392,0.01718,0.01328,0.01980,0.04965,0.01070,0.01031,0.01743,0.01952,0.00734,0.02512,0.01351,0.04113,0.01447,0.00676,0.64143,0.00823,0.00966,0.01899,0.04155
58,0.01318,0.06801,0.01893,0.01425,0.01877,0.02197,0.01628,0.01968,0.02345,0.02193,0.04351,0.01459,0.01593,0.03797,0.45115,0.07647,0.03966,0.02384,0.03944,0.02098
59,0.01347,0.01545,0.01463,0.04013,0.01821,0.68288,0.01319,0.01686,0.01747,0.00627,0.02091,0.01508,0.00736,0.01446,0.03779,0.00959,0.00857,0.01668,0.01623,0.01478
60,0.17777,0.06610,0.01277,0.01204,0.01300,0.02375,0.01044,0.03420,0.02416,0.00481,0.01235,0.03277,0.01059,0.00986,0.01333,0.24781,0.12523,0.13971,0.01041,0.01890
61,0.15402,0.06863,0.01821,0.03877,0.06380,0.04485,0.02402,0.02747,0.02251,0.00826,0.02909,0.02560,0.02285,0.02366,0.00701,0.25957,0.06587,0.04548,0.01544,0.03490
62,0.03571,0.02384,0.02241,0.03724,0.01829,0.00875,0.02926,0.01903,0.50199,0.00927,0.03963,0.04835,0.01965,0.03156,0.05860,0.01642,0.03365,0.01057,0.01578,0.02000
63,0.00535,0.01346,0.01001,0.01331,0.25690,0.00604,0.01899,0.07827,0.01016,0.44660,0.01407,0.00722,0.03183,0.01109,0.01010,0.00374,0.00452,0.03777,0.01193,0.00864
64,0.18039,0.05397,0.01898,0.06165,0.01673,0.07098,0.00659,0.02014,0.02886,0.01982,0.09088,0.00830,0.00193,0.09567,0.06248,0.13650,0.04406,0.04255,0.02386,0.01564
65,0.00901,0.02822,0.01532,0.01512,0.07761,0.01582,0.01166,0.01294,0.01353,0.01284,0.01242,0.01226,0.00632,0.01208,0.05856,0.00904,0.00791,0.00922,0.59860,0.06153
66,0.00880,0.02639,0.01657,0.01875,0.03481,0.00904,0.01415,0.02311,0.01511,0.45320,0.19767,0.01456,0.01041,0.01887,0.00810,0.04287,0.00962,0.02321,0.03706,0.01770
67,0.17346,0.09055,0.01398,0.03252,0.01551,0.01890,0.01588,0.02687,0.01436,0.01138,0.03368,0.01175,0.00599,0.01610,0.00544,0.03495,0.14762,0.30263,0.01266,0.01576
68,0.01635,0.02202,0.06996,0.59552,0.01718,0.03505,0.01523,0.01660,0.05271,0.00614,0.01742,0.01037,0.00567,0.01891,0.01629,0.01480,0.00756,0.03163,0.01661,0.01399
69,0.01116,0.01685,0.01800,0.01915,0.01591,0.05080,0.01283,0.03838,0.05772,0.00672,0.01730,0.01322,0.00745,0.01851,0.60222,0.03674,0.01348,0.01168,0.01737,0.01449
70,0.10511,0.01501,0.07569,0.03598,0.00939,0.54792,0.00817,0.00754,0.00933,0.00318,0.01063,0.05760,0.00245,0.01996,0.02317,0.03125,0.00347,0.01512,0.01102,0.00802
71,0.00574,0.03719,0.01046,0.00934,0.13662,0.00746,0.05592,0.05756,0.00642,0.26508,0.13473,0.00824,0.00265,0.00556,0.00316,0.00432,0.00366,0.01051,0.03117,0.20422
72,0.02195,0.18370,0.01261,0.01326,0.04664,0.00720,0.00792,0.09411,0.01193,0.22238,0.11728,0.00865,0.03385,0.01894,0.01643,0.00596,0.04856,0.10710,0.01032,0.01120
73,0.04806,0.07531,0.12601,0.14060,0.03851,0.05556,0.07266,0.01944,0.03621,0.05089,0.03436,0.02761,0.01898,0.05591,0.01484,0.04990,0.04383,0.03796,0.02731,0.02604
74,0.02714,0.05879,0.02701,0.02313,0.02984,0.01287,0.06030,0.02803,0.02286,0.03495,0.06812,0.02770,0.38283,0.03204,0.01542,0.02467,0.05452,0.01922,0.01967,0.03089
75,0.03145,0.08962,0.01201,0.04577,0.11423,0.04047,0.04317,0.07025,0.00688,0.09285,0.08636,0.03277,0.00419,0.03366,0.00426,0.02324,0.02334,0.07227,0.02953,0.14368
76,0.01614,0.01977,0.01958,0.02876,0.01726,0.62921,0.01663,0.02178,0.01994,0.00862,0.01841,0.01661,0.00879,0.01895,0.03857,0.00896,0.01003,0.02234,0.04059,0.01904
77,0.03963,0.04967,0.01105,0.01204,0.05428,0.00727,0.21911,0.01141,0.10243,0.04311,0.03486,0.01035,0.00311,0.02429,0.16611,0.03728,0.02817,0.02717,0.01179,0.10689
78,0.02733,0.25260,0.01655,0.01830,0.01807,0.02946,0.00920,0.02752,0.01440,0.05899,0.01334,0.00807,0.00611,0.01049,0.00606,0.00477,0.23326,0.22080,0.01618,0.00849
79,0.03777,0.14899,0.03144,0.01040,0.04144,0.01674,0.00957,0.12861,0.01416,0.06232,0.13569,0.00849,0.00632,0.01124,0.00510,0.00451,0.05351,0.23282,0.01003,0.03086
80,0.01704,0.01861,0.64836,0.02766,0.01897,0.03175,0.01464,0.01695,0.02063,0.00921,0.01877,0.04230,0.00737,0.01803,0.00771,0.00692,0.00776,0.02127,0.01638,0.02966
81,0.00722,0.01415,0.01337,0.01471,0.03709,0.00820,0.03567,0.17803,0.01586,0.48449,0.06599,0.01199,0.02536,0.01486,0.01558,0.00509,0.00593,0.01508,0.01664,0.01468
82,0.01894,0.02965,0.01632,0.04290,0.01695,0.63781,0.01640,0.01497,0.01992,0.00693,0.01836,0.01637,0.00905,0.02035,0.03303,0.00802,0.01162,0.02005,0.02571,0.01668
83,0.26122,0.42620,0.01101,0.01166,0.01190,0.00970,0.00949,0.01011,0.01043,0.00313,0.00990,0.00951,0.00357,0.00942,0.02561,0.10104,0.02206,0.00499,0.01677,0.03227
84,0.01526,0.03737,0.04881,0.01875,0.01639,0.66488,0.01284,0.01511,0.01905,0.00772,0.01822,0.01097,0.00716,0.01833,0.00684,0.01647,0.00747,0.02418,0.02028,0.01390
85,0.02457,0.02977,0.03007,0.02672,0.03571,0.05063,0.04233,0.07766,0.04581,0.02544,0.03758,0.02574,0.03884,0.03565,0.31914,0.03531,0.03942,0.02172,0.02755,0.03033
86,0.03293,0.03469,0.03363,0.03852,0.03938,0.31801,0.04389,0.03804,0.02942,0.02374,0.03257,0.04183,0.02566,0.03996,0.04310,0.02703,0.02893,0.04013,0.04781,0.04075
87,0.01939,0.02580,0.03337,0.03315,0.01728,0.62044,0.01072,0.02099,0.02717,0.00819,0.02737,0.01968,0.00505,0.02177,0.00906,0.02524,0.00946,0.02751,0.02331,0.01503
88,0.01275,0.03548,0.02415,0.02531,0.02571,0.02642,0.01762,0.02429,0.02354,0.01926,0.02216,0.02141,0.00770,0.01958,0.02755,0.01161,0.01231,0.01631,0.59930,0.02754
89,0.20552,0.17589,0.00944,0.01259,0.00931,0.10167,0.00605,0.01407,0.01403,0.00365,0.01208,0.02471,0.00221,0.01120,0.01471,0.32889,0.02698,0.00660,0.01098,0.00941
90,0.00412,0.05621,0.01937,0.00850,0.11524,0.00404,0.04009,0.00691,0.00818,0.01048,0.01205,0.01361,0.00505,0.28993,0.00288,0.00381,0.00364,0.00423,0.05965,0.33201
91,0.01037,0.04656,0.04119,0.02961,0.06089,0.00880,0.04643,0.01435,0.02249,0.05765,0.02652,0.02834,0.00906,0.03257,0.00898,0.01360,0.00870,0.02979,0.06115,0.44296
92,0.11351,0.07557,0.00467,0.00447,0.00463,0.01729,0.00294,0.16022,0.00768,0.05315,0.15619,0.00297,0.00104,0.00403,0.00148,0.11374,0.11177,0.15644,0.00481,0.00338
93,0.50819,0.11512,0.01418,0.01709,0.01262,0.11998,0.00769,0.01486,0.01632,0.00549,0.01888,0.01120,0.00579,0.01347,0.00498,0.03580,0.01364,0.03345,0.01825,0.01301
94,0.08183,0.05140,0.00550,0.00956,0.00526,0.15434,0.03434,0.02527,0.00763,0.00206,0.01198,0.02335,0.00234,0.01443,0.00273,0.15807,0.36699,0.02900,0.00822,0.00570
95,0.03451,0.05667,0.08547,0.01585,0.00886,0.02412,0.09554,0.14615,0.01130,0.10387,0.02752,0.11052,0.00230,0.08332,0.00340,0.03508,0.02430,0.07194,0.03215,0.02713
96,0.04675,0.03523,0.00503,0.00495,0.01760,0.05982,0.02453,0.03453,0.07838,0.07164,0.09087,0.08400,0.05092,0.06297,0.13655,0.07159,0.07254,0.04151,0.00653,0.00406
97,0.04838,0.02493,0.01429,0.04854,0.08126,0.01303,0.09115,0.04585,0.04384,0.11709,0.02970,0.04107,0.06031,0.05040,0.04151,0.04761,0.06253,0.02137,0.05846,0.05870
98,0.03854,0.05061,0.03600,0.02938,0.03488,0.01305,0.04886,0.03744,0.04026,0.03406,0.04545,0.04186,0.02741,0.03431,0.01709,0.02293,0.06754,0.31467,0.02837,0.03729
99,0.00974,0.02328,0.01696,0.01874,0.03659,0.00949,0.03643,0.14254,0.02327,0.01963,0.03542,0.02373,0.00888,0.49979,0.02132,0.01850,0.00634,0.01370,0.02188,0.01377
100,0.02859,0.05522,0.22311,0.30279,0.01331,0.03398,0.00647,0.03849,0.02019,0.07569,0.06508,0.01017,0.00262,0.03256,0.00433,0.00960,0.00748,0.05012,0.01087,0.00933
101,0.02303,0.18524,0.01229,0.02421,0.01254,0.02494,0.01350,0.16174,0.01552,0.00879,0.01971,0.01502,0.00438,0.01268,0.00534,0.00503,0.00720,0.42159,0.01588,0.01138
102,0.05258,0.07596,0.00674,0.01167,0.04792,0.04293,0.07401,0.05381,0.10300,0.08421,0.05857,0.04625,0.00084,0.06996,0.09127,0.05223,0.01232,0.04296,0.03038,0.04240
103,0.04963,0.00913,0.01141,0.03741,0.00813,0.73989,0.00645,0.01044,0.01287,0.00323,0.01180,0.00906,0.00307,0.00966,0.01703,0.01044,0.00480,0.02444,0.01265,0.00847
104,0.00413,0.02234,0.00917,0.01000,0.18729,0.00426,0.03450,0.05980,0.00953,0.08057,0.04047,0.01192,0.00171,0.00670,0.00341,0.00679,0.00263,0.07269,0.18666,0.24543
105,0.03079,0.01450,0.01209,0.01928,0.01359,0.00900,0.00625,0.03485,0.02305,0.00585,0.01442,0.00914,0.00956,0.01262,0.00509,0.09080,0.65159,0.00999,0.01719,0.01035
106,0.07716,0.04392,0.02453,0.02085,0.02155,0.01426,0.05931,0.04429,0.11110,0.03666,0.04167,0.08811,0.00107,0.08237,0.07672,0.07033,0.05951,0.04606,0.04340,0.03713
107,0.25371,0.01024,0.00917,0.05320,0.00763,0.48110,0.00628,0.01085,0.01146,0.00443,0.01245,0.00953,0.00576,0.01535,0.01656,0.04927,0.01476,0.00929,0.01127,0.00767
108,0.08279,0.04634,0.03582,0.03082,0.01896,0.48482,0.01519,0.01839,0.02301,0.03177,0.02452,0.01547,0.01244,0.03773,0.00800,0.03027,0.02850,0.01852,0.01682,0.01983
109,0.13592,0.07943,0.02178,0.01313,0.03007,0.01875,0.05546,0.07367,0.04755,0.01798,0.02618,0.02908,0.13951,0.01627,0.06475,0.04925,0.07787,0.06844,0.01537,0.01954
110,0.06574,0.06067,0.05467,0.06446,0.00890,0.11397,0.09656,0.00369,0.07212,0.00485,0.03590,0.10194,0.00091,0.08744,0.04310,0.09152,0.04899,0.01108,0.00449,0.02899
111,0.02294,0.00696,0.00567,0.00915,0.00984,0.04644,0.39939,0.00613,0.01235,0.00301,0.00998,0.02190,0.00223,0.37204,0.01937,0.00277,0.00204,0.00429,0.00892,0.03457
