site,A,C,D,E,F,G,H,I,K,L,M,N,P,Q,R,S,T,V,W,Y
225,0.3142291632722177,0.21964862460870876,0.0034478823393802828,0.010668799822051416,0.004443238541810408,0.023505768359352638,0.009702206625631248,0.1122727536787523,0.00800812878241889,0.0036646452770627037,0.040852754660848714,0.0060382404164487525,0.0310082909568254,0.004158974456192948,0.001980663817546176,0.012953288530998145,0.02629016780908068,0.15517687439417702,0.0067793562261753305,0.005170177424320463
226,0.002465495376102684,0.0037879584770240285,0.007746668161589176,0.057172444517325734,0.008486126146139193,0.0009237300334109444,0.018915261707748265,0.014453001225339006,0.6023611293054674,0.02475484599445808,0.01916901508773798,0.029875235028412384,0.004329793964402672,0.02587573572192414,0.13312256630508842,0.0015998435567056112,0.016004827010262734,0.019505279622081963,0.004010961396149396,0.005440081362630282
227,0.05687620170110895,0.3090283341630929,0.005410844058283168,0.0025544807314722504,0.002563549626032821,0.0046467936060944695,0.003481559446643699,0.020256546354005922,0.003530191894260101,0.0009183669460851718,0.0030077333160150174,0.10407990825135048,0.0035928834431830352,0.0023698724865068195,0.002093052786199494,0.1694134158425408,0.2058848913020728,0.09230923996677631,0.001440382622730846,0.006541751455544967
228,0.00307701066546849,0.004620964161294858,0.0338394933438483,0.005656292703761963,0.004473589275029157,0.0014911620551742685,0.042338777661093126,0.014781137208592292,0.05550607650761322,0.0021864337730801153,0.006528491912586438,0.7288151121888113,0.013984004422160273,0.012172878585623782,0.001998783715047979,0.014219831588256442,0.03886263287202189,0.002217874927370813,0.0036570658130611797,0.00957238662010404
229,0.02775855729060259,0.10939193254871395,0.000412986713794667,0.0007763897965430618,0.0004957028794316036,0.00019463848361893466,0.000592742242730942,0.07684376061573885,0.0005046857033014019,0.20565322431476465,0.2351317208677573,0.008211062321472255,0.02764464912418836,0.001111141191513836,0.00054051610072292,0.01031085886487091,0.24322421899382735,0.05052716887514774,0.00029117055508813105,0.000382872516170499
230,0.004669213524791514,0.009085625923116144,0.00987364762922778,0.007225613775119724,0.00996924207891626,0.0022072894229573123,0.010482913416449892,0.45847577546295015,0.011422151889611059,0.010354288438921725,0.04186856895801579,0.01244557806516959,0.012586740118124863,0.009164000887095246,0.008166175032213209,0.002920220780289381,0.053756337065322554,0.30760710481059805,0.009691014132975235,0.008028498588134581
231,0.013269068783742205,0.025667145869856016,0.004402743387685069,0.03899153548057331,0.0057108396196976375,0.057401379276244544,0.021062324775864585,0.048453744291957014,0.21214078960578522,0.006610328918451813,0.014448941173178116,0.055648529426571114,0.002702447661890672,0.02897388870045417,0.38247343931371813,0.015429046376162483,0.05556708939572766,0.0019463583135584698,0.005851501001455742,0.0032488586274260754
232,0.03381460015465114,0.1948211143333064,0.004619847211284687,0.0029640232416162544,0.002475126411977835,0.174836151037794,0.012215774147084125,0.027114746179109396,0.002470802119432152,0.029055428121026728,0.10936565139989791,0.07205070486312273,0.0010372542927348963,0.011960931760641199,0.0051945312422151425,0.11847794673790786,0.12616411147005235,0.06476646290780362,0.0028611874347396734,0.0037336049336018397
233,0.07375373976394378,0.14464576443621713,0.011582941920359633,0.0066195682186511095,0.008043370731996527,0.001949316503665084,0.01224302725437108,0.32326419575178994,0.006368235942368539,0.007788923533443182,0.019221505621534088,0.013294730366464341,0.003609635729049315,0.008829416759031233,0.0017113991339313308,0.006076643286565638,0.1378858808211265,0.19898454672515578,0.0033419141612441913,0.010785243339091557
234,0.12070262524635116,0.16995790866650629,0.0019026909134748245,0.005126259924471198,0.02804085522700113,0.020580900866958875,0.00439865383319878,0.0069370143587118675,0.007711317155911527,0.0022786660165258184,0.019986499798727242,0.08064974087234762,0.009011341423301802,0.008515110713897826,0.0017937417863623318,0.2566354364984409,0.19531074287888217,0.03930976975379143,0.003192435962364406,0.017958288102772793
235,0.045900644612822,0.11379110510530777,0.008598597755555645,0.00745291807202849,0.007630937565395561,0.031018583078208463,0.02849831191158787,0.07801581873249108,0.01244275428522138,0.09954840296568208,0.03589052635008424,0.014716039515931385,0.007870128926149635,0.008001765466294195,0.0016095121592444265,0.09579190871585459,0.17279681995892082,0.18933702012645942,0.032676110602298115,0.008412094094462811
236,0.014763734264837543,0.15760245070575674,0.002045230099521432,0.0030314301608319093,0.0065568068673584,0.0006448583714319088,0.0035977279657980346,0.04256137128384391,0.006318099677591431,0.4045845499957277,0.11402102712805093,0.00336395479396992,0.007203801939661936,0.020204194934927006,0.0008853582846080578,0.02871667964438264,0.07789958575002524,0.09567262388049487,0.0015483087598750324,0.0087782054913054
237,0.16933378721625272,0.011791068271459225,0.006639563554297145,0.004832285539276714,0.011255032009618566,0.16821935476521452,0.010723167960988177,0.017457543154840355,0.011348058910992912,0.003374764578971684,0.005047926842528774,0.09483728599748784,0.004589715839572166,0.00693730584712225,0.003354987327799141,0.2845904073086792,0.16928318383260857,0.005032397832268378,0.002061070234053596,0.009291092975968024
238,0.09570811350167578,0.047052660514805014,0.03431630314144764,0.0012784072762892383,0.019660927119655842,0.17991945474550539,0.029710658987471023,0.06261533873568513,0.04699680487395475,0.01908544607996069,0.043482888497458266,0.03420244845632756,0.011116325882743737,0.09793032976573394,0.016878910648190196,0.12208913415501982,0.06198272206480028,0.058653830810443515,0.004895396004949539,0.012423898737882657
239,0.009260803912712754,0.1281421941089908,0.010724626085566529,0.0056378396566327425,0.2519665004313209,0.0025426475816447153,0.03091597900276795,0.17451488097712117,0.006878500973085406,0.08710842503189783,0.03935826218486699,0.028235416951484228,0.003499617509928507,0.026841660621604837,0.002617951038356091,0.00254206869945409,0.03054138588304794,0.1220771274839978,0.011184141275554968,0.02540997058996375
240,0.006924850450939201,0.011017961963246645,0.01047143143168656,0.022640217372578264,0.034077138333630436,0.004152927315802056,0.026377932373188924,0.08630606909233172,0.02831001299692602,0.5429624943007838,0.07644461889692447,0.01351153360841216,0.02940571753524581,0.017548818840351647,0.016907155140098235,0.0084987068730548,0.023124279550848933,0.005763777074560876,0.020158132354701618,0.015396224494687869
241,0.023136236709902794,0.0426375361788885,0.02846247661901811,0.01705503329209174,0.08379590825363241,0.001703796242105506,0.08956195465517038,0.06983514455513437,0.006710515138040734,0.18360998948060842,0.06884047155766256,0.02803327936783928,0.00958802910582225,0.0303741288476622,0.013083972992936569,0.0730642549835695,0.054257541106934856,0.04938086662221848,0.04799780111336789,0.0788710631773935
242,0.0437406297939678,0.060384283308655105,0.0032857613122718433,0.01340578082647459,0.08457569397079208,0.06557651805774499,0.07032537223558896,0.012653634439969487,0.02732016268571037,0.09130899475958221,0.018851197428509547,0.12211342913047933,0.0058952460342688974,0.04729014886645395,0.02649288218588888,0.0497956031287946,0.07341870965748869,0.021562761516500165,0.09995659040256448,0.062046600258293984
243,0.03493804966923778,0.039631691660308686,0.024604019968282643,0.06520277310389257,0.042223483076232866,0.01029006679195217,0.04415461021431116,0.04596112760872379,0.027442184453520535,0.04139146716521412,0.05145464874700549,0.046263829597723655,0.02772815673297812,0.038603171492811,0.33575967806283064,0.007537556664581467,0.018980733414701224,0.028179282556425284,0.03343544162831674,0.036218027390950126
244,0.08374481643920355,0.06419735002631777,0.035565664031658714,0.005907531982075446,0.03772886853108101,0.002496511242041831,0.02699453716227131,0.1453552420112319,0.016733992550950354,0.11870309394333778,0.16760426971378053,0.023347138784303348,0.003865799235081809,0.07080250282771312,0.014483465533740213,0.01486488249135922,0.05270703632974788,0.04705771757166547,0.00627118107000126,0.06156839852243747
245,0.07446882030439823,0.080359603204103,0.2099858800505308,0.1319058276717157,0.028682331042238128,0.0369769139418619,0.03327056810188944,0.05109474253266132,0.014773326486145925,0.08154345313741759,0.022003252281804598,0.03790280921450618,0.005518371613830755,0.03069262513099871,0.0032702199680517447,0.04989230664076174,0.02508319842849981,0.04663036585495138,0.006148779176520482,0.029796605217112557
246,0.06713554310071981,0.05469442141750976,0.03114394761364269,0.0021319896166001797,0.015094737098992022,0.09551095695465936,0.053426324240180886,0.043568769371603464,0.038447619197032636,0.054460668497379676,0.08670663730975996,0.08219002672793001,0.03944237740615601,0.061693612605491034,0.0335956692426216,0.06721926299494317,0.05594258314930126,0.05740623455551931,0.014002508469771191,0.04618611043018595
247,0.086891571986239,0.04713587485607309,0.005440029014675428,0.021175807784391397,0.029902244130312585,0.059279060166087104,0.04292751000338275,0.005448910343516424,0.06006398876374277,0.06077721111198382,0.05005881659351333,0.09120743926924367,0.08832881880392701,0.10917957487782184,0.029894501774714116,0.06657631954070806,0.07662615848422752,0.04443648890890242,0.009697696852449048,0.014951976734088601
248,0.05966186736273033,0.05450270827137596,0.039013364417103076,0.024866832406317395,0.039117458857665224,0.05588199237504963,0.04673967541336278,0.048926924944195635,0.027096530149961835,0.02951633060879289,0.04463618887539916,0.06896702194805988,0.03634544206494255,0.021493659369730193,0.09470315562546838,0.05656947080992793,0.09401327796338656,0.06834393685745829,0.04306792319579652,0.04653623848327578
249,0.018137538279882584,0.028015058191059563,0.047712328933086086,0.018310153715045588,0.04688498189206884,0.022898103291400587,0.04299740021883504,0.04930645908175975,0.07968648295367256,0.013363709593761505,0.044006836957634694,0.03460041808219526,0.022873420802502768,0.021578281636195316,0.3242596559234751,0.047329800682982426,0.0405147568302754,0.014441706354037466,0.043248503864625705,0.039834402715503744
250,0.10167411632810477,0.07554008739332443,0.02501653815405852,0.005971925932105546,0.038081391530098756,0.064164241859843,0.05562317145865985,0.040796241961608956,0.06201800191088498,0.019652269445200352,0.07214937453069421,0.05198295628541596,0.09647713536767155,0.044516225042433265,0.025676722112808664,0.08407342707027249,0.0808636573565204,0.02929861723994573,0.00491655519228246,0.02150734382806611
251,0.05764751059141697,0.07699621029267062,0.004823456962787472,0.042836975822824044,0.062337722013485405,0.01070200716708019,0.03794120978043325,0.11025433869932054,0.00279481313057356,0.04767849460554396,0.08489207787256593,0.0526755800880523,0.05452362658868127,0.09603903571432741,0.002412114538431729,0.07677558212600813,0.06636068279100407,0.06766698688922365,0.014839262702356476,0.029802311623213052
252,0.010260594477914387,0.02384543091516901,0.02428190169363452,0.03989639173009138,0.017907799017337023,0.004817439389134038,0.02760568469822262,0.02370329317413133,0.4480981271440616,0.010254950874909484,0.017771543421945857,0.047016775723325736,0.016279559577123008,0.05890266750339387,0.07533538203065315,0.008700243089688708,0.09939669307493541,0.008928303125273495,0.01447747005293433,0.02251974928612098
253,0.08591969730754088,0.0523708186553049,0.03662205778181627,0.007164865953713114,0.08739016138274444,0.05407722156662237,0.05273502364726909,0.06256763463841941,0.01606226461804269,0.04881902120694021,0.04363531435841713,0.031072323733154644,0.03958495663348972,0.015288054907844241,0.0051113938479999295,0.026539120786488308,0.01291020843531513,0.12459129532498839,0.042148676560820046,0.15538988865306905
254,0.017550314378769936,0.011948119558852145,0.11963198649324265,0.41044499573644105,0.020744980008371685,0.01193453553133306,0.019544297449493264,0.0728832368419114,0.046234481816160446,0.006674696109290409,0.022569862339745256,0.030561652991664433,0.008418620025602789,0.038444291135639394,0.009804507133004202,0.022850081892738426,0.051604971086665966,0.056146785355777044,0.008662692873250066,0.013344891242046335
255,0.06539455630937585,0.03904032661251919,0.1642036326106222,0.14632585358141273,0.015261763784232487,0.022521881653278113,0.01909284410787908,0.07793703594590874,0.024144412647646114,0.033514260312477555,0.04291658354515729,0.050759524883335336,0.05758750854035504,0.033860934638343915,0.004801432955152443,0.06052777745938916,0.08192961457618966,0.048136320026762096,0.002071286864545516,0.009972448945417461
256,0.025716105632897838,0.020882845089255767,0.5657203770373088,0.04091445719792067,0.02116898559559387,0.0345589617375984,0.021728875780350886,0.022949491447958967,0.015792158257546412,0.00909673852119928,0.019976658367845276,0.030098852919064917,0.03374576715187085,0.020032242988023308,0.009510283658536638,0.009164441318315621,0.016801072615707017,0.024605712260053092,0.012018556242855534,0.045517416180096755
257,0.09971440387204619,0.09568042661718229,0.011733778214591789,0.06592606402442994,0.029648281097998982,0.008412570176093091,0.018483641694562118,0.18263400081511696,0.0036443659061458243,0.05223736601376072,0.057252077386681824,0.003834779484713711,0.06728004592741338,0.012372439785514694,0.0009515639552438746,0.015279366680155743,0.13186746166177615,0.1220687993833491,0.007274091312378963,0.013704475990844657
258,0.03167682364781854,0.05902846277776158,0.09308798845832832,0.05055490843838105,0.02441246362656403,0.029386434125790072,0.020475287899936672,0.03135559031454748,0.05074786148528674,0.08453895162097765,0.05576707187231224,0.12412824797680451,0.005812628801854075,0.06545131038174082,0.020861343021816282,0.09621615235681454,0.04115921233378956,0.06853005573821869,0.012976319914366019,0.0338328852068911
259,0.005171145067711858,0.03157548077082933,0.008435630857892538,0.010523312120194441,0.06357887915553762,0.0038107464618642914,0.022413115134897264,0.041311582667337254,0.00869393781547217,0.376492994861179,0.11277860028484847,0.11702484838450612,0.0168351144901874,0.007463201867812579,0.01109434454721224,0.0034933829529847794,0.010299438427515769,0.03880383978542626,0.012551892741498386,0.09764851160509228
260,0.019547473834121164,0.040763422969403995,0.0563924098518307,0.01711752505547243,0.01903532752784196,0.5230832284537295,0.02447776552113388,0.017545852831467403,0.02311504301991153,0.011337145145641509,0.021935434591892778,0.017947177839090125,0.011174432469439163,0.023700777045702257,0.011080180653120055,0.07343561637740272,0.009657566683880153,0.031062618742997757,0.015330600921417739,0.03226040046450329
261,0.08657815880734526,0.08473269323783324,0.012527038224940494,0.04840889773174763,0.012694690980298344,0.06633112093616184,0.008502683812137781,0.07319976084537233,0.016848104853700068,0.043125125132884,0.03949612421188775,0.08158926536497983,0.01007584334957743,0.026618594106212437,0.006573267836539955,0.06709559546097953,0.1437727069983235,0.15098920969568705,0.012281833889924987,0.008559284523466588
262,0.018616306980828973,0.05230147990690543,0.05070219342023399,0.013126840948241077,0.040835057075992935,0.4011372337769395,0.042911163397150835,0.031060638022253,0.030916085762085162,0.01786102252035079,0.02956345651297095,0.06436625679998428,0.02095454737771603,0.029242365657374206,0.017553983342954733,0.05419709171173491,0.02281679477351912,0.015452430533640708,0.024447483950694123,0.02193756752842927
263,0.06160863096651814,0.03195098061461615,0.01996577313073689,0.011861762196462337,0.04009009089302826,0.0063433689797685565,0.015423705736956263,0.04777932073991226,0.032282226218747004,0.006898671254643253,0.08348490489173498,0.01991095514318973,0.03390063040147444,0.01672616033160457,0.006759411193313057,0.02761215506126565,0.4401189668007134,0.060148337373671305,0.01523687907977102,0.021897068991872718
264,0.010852538556272976,0.02496170786905555,0.029569323602081896,0.026057161933386537,0.020755508100424556,0.03359892015208563,0.013347685795399527,0.01644595481765848,0.048713799721432416,0.024541011735060188,0.026127057028103615,0.014862832810257345,0.03658192938608288,0.046890408088308445,0.5603074718010849,0.009556838833346069,0.009944732636685745,0.010990518356080751,0.013244682979007022,0.02264991579818552
265,0.47299060057058806,0.031190036757119663,0.0530192852281449,0.00861108952289908,0.014501617445463777,0.006549886209036827,0.011231625350790543,0.01527603960256319,0.016143172403447665,0.004900822531501414,0.02639152692644403,0.017351397935426796,0.021111692129782245,0.015075562037437009,0.004054800401755115,0.1591637380529435,0.06489402781115305,0.024987558624417174,0.011493645306916005,0.0210618751521699
266,0.019144580185551274,0.11302355838034682,0.027343485533645698,0.03447504830766317,0.04433123766570109,0.020962300338118016,0.047227572982756066,0.03434076138575794,0.02215349790238633,0.023781649761270496,0.04268012680577757,0.022967720817962896,0.013344710169821573,0.02511987530012957,0.007082939629014739,0.009567271864299528,0.0559059469053919,0.38498873535979417,0.026341611149605548,0.025217369555005566
267,0.07432091070456669,0.25657192712707244,0.008337112501819576,0.019478155306654553,0.005335959887178342,0.0059138115013003196,0.015641013156938874,0.006347708647977766,0.006201913342215134,0.0028152983272254715,0.013615887045979432,0.013862118690102806,0.010015897564129421,0.004359088320531336,0.0020842710918572522,0.4606430135592666,0.034741124232195185,0.027499587856884323,0.004775146267311251,0.02744005486879329
268,0.004517085315257324,0.05513159720022221,0.002250380818830488,0.0021134257737009223,0.042729829331637555,0.009113616546403011,0.010335995030358622,0.027767201662383802,0.0030968232712077185,0.02447161310704414,0.039958332049700535,0.37378414053985204,0.0020152223753333717,0.0038166863763732864,0.005405333055352646,0.09062770227555254,0.15237339634987523,0.04616693741727848,0.011282666985579164,0.0930420145180569
269,0.02803144375985478,0.023889609808198257,0.04186349333448893,0.010439676246093418,0.04287174813501892,0.07079807961945302,0.07729405641633653,0.011737525027065019,0.03328292425031432,0.020407894335419216,0.016628391494048624,0.038459529373724675,0.0005642094361762438,0.01758042146008947,0.020079048975068323,0.06302213623081945,0.18564528043773276,0.01728908170667421,0.17045897100994242,0.10965647894348145
270,0.13877250206186947,0.02450671845735227,0.01465272921446391,0.010043090611411214,0.01989484873291916,0.013845308681716429,0.0287997529700582,0.03651127876189256,0.061242999879441117,0.005377376698505664,0.011887277680415295,0.01072047370860806,0.37498384050373307,0.0367082932390597,0.041217616145816496,0.06921913881521168,0.03039933534353918,0.02094993056834445,0.03973294327258943,0.010534544653052584
271,0.04360558152973583,0.02136555292372159,0.11687878942695207,0.38731601177414093,0.016824612684341933,0.026228698561139727,0.018135494156434628,0.02534972609259226,0.055435835833282474,0.007888269576747329,0.021356838807437654,0.027863429083402565,0.008232157467918312,0.04345803811129877,0.008211757292982753,0.008573347019751903,0.01302315803391232,0.089412104747167,0.016961714715930387,0.04387888216110962
272,0.01923753769129522,0.05217669711865394,0.017066854212831134,0.045819120396570094,0.025483994679830375,0.0004936641162028419,0.08291815095061843,0.07623789020956846,0.09411412405093306,0.0382329987728964,0.048100983492892074,0.0749972661991344,0.0005085461357830581,0.04601198726162377,0.11350266085759392,0.06111371679767077,0.04717975459059152,0.10012206838282137,0.005760939411284265,0.05092104467120491
273,0.04275003011189586,0.02208350991120513,0.03432127572555122,0.020101792718366464,0.01960461813181192,0.005098720612334283,0.051474111253545334,0.02162969512873935,0.01998385472474132,0.053249388256099664,0.023941785812239515,0.016664736802923658,0.5213347981727452,0.016792784309277553,0.007384641969229662,0.029185757474233777,0.04416633130548928,0.015978156064003116,0.01089110888018101,0.023362902635386776
274,0.007750752764257582,0.05417565035273929,0.2886474186426094,0.030393797743236327,0.008014066450093196,0.0022619754250466076,0.020978619404224665,0.07734208283949755,0.030803970481381147,0.0029198091984703103,0.017414593976292837,0.2859357025232182,0.006272373522647623,0.05873571775155391,0.00896339204569021,0.041410599822241816,0.03372526147837961,0.006686953063856729,0.00732016635261447,0.010247096161948563
275,0.003308423527333578,0.004046637284881781,0.00904256871853542,0.0050202725022101095,0.13972654544239585,0.0019958980837036103,0.02565651570275872,0.10005409831781721,0.007176944198731758,0.13943657049024438,0.24466373986645584,0.011750235928562766,0.0030007319839212916,0.009020754389418514,0.00943845861533885,0.0019941548054219532,0.020884690147827626,0.04324477696492439,0.0713070015885927,0.14923098144092364
276,0.04491973877316358,0.0404557619116212,0.062457278601995236,0.012374193493637962,0.03549136655187131,0.05708222334615039,0.0578204975613491,0.03417901459505679,0.09467861056516104,0.03165281649621121,0.01581815753991112,0.11498771278972701,0.04291141539893823,0.08840806039930146,0.06760361903695869,0.04704426918545647,0.07350171236352733,0.033986038149154345,0.0100016784524801,0.034625834788327384
277,0.013815037217664042,0.03307397149090965,0.013401147113699321,0.039695602127137325,0.012652555075866321,0.006324240423735059,0.008862221187788769,0.5226495695475032,0.018524279361637162,0.05168481497477618,0.012202979783415344,0.028002446410772514,0.0051864613196541615,0.030794348041617344,0.005520628287410049,0.014708349885784844,0.036149651732841855,0.1148640506049454,0.017045909973865223,0.01484173543897619
278,0.018362365294699406,0.01977419885513645,0.024374343287526426,0.013669564449183838,0.02370527020884176,0.0073846453809755346,0.0141085706015228,0.495163274965082,0.017192306693252783,0.06025313313093297,0.01449576241128708,0.054289443519163726,0.006178795087511769,0.0153106425070213,0.007406492659032037,0.030360478882046755,0.09731526501827228,0.04797916570952129,0.013128395350054963,0.019547885988934827
279,0.024533810970948273,0.018178286560965592,0.06584601092062103,0.012961968512694074,0.010305306551187856,0.3457731491971009,0.05278301093810567,0.013534045284373337,0.053242869634214436,0.010109791311750976,0.015118159528426578,0.02476043902031061,0.006271524527001503,0.07054012465988632,0.04855873143718329,0.09221812649989544,0.01616256652504736,0.011651659413211078,0.07163852140446783,0.03581189710260781
280,0.01351269523420716,0.008829056332676444,0.019788728821385604,0.009826138483769405,0.044597585388052974,0.03694186582653653,0.023258665057676653,0.028971246967297908,0.12840571777288737,0.030781914223597915,0.10674258628919957,0.02749192097309891,0.0018318609279476177,0.013274192770327013,0.1154955028323721,0.048090570445270306,0.1243975195225946,0.06231750758158561,0.020980401225716663,0.13446432332379968
281,0.00806298816050072,0.05443821043348289,0.012707777942687858,0.023507854767026232,0.017922594607693538,0.012514069797075374,0.04493647326329438,0.016533779555094493,0.017999512527361847,0.06202096963622147,0.02250634774075422,0.014176253747729661,0.016392345641583005,0.01920595631496662,0.5499843079124912,0.05635018329033263,0.01434143843674292,0.009439342657961937,0.01402051544749504,0.012939078119503995
282,0.005376074469287129,0.006698345694308039,0.008590340017233173,0.006774528794549977,0.011860233498770707,0.003607483997665813,0.016095818163922634,0.3769909792185792,0.01113086403217936,0.23300038315608973,0.019285965152007045,0.03529406573208032,0.010008959310849046,0.015027538235237876,0.003292836262400768,0.037794071177463126,0.030927159354239644,0.1469727176976647,0.012884000992720494,0.008387635042751264
283,0.09328686195679452,0.036560720511485206,0.2319414159337242,0.20928899263894454,0.006579093749367752,0.018311870163740536,0.026887146234760195,0.047269767341083145,0.03867142907014458,0.013974022111550789,0.027951365956011717,0.054549209958651465,0.0028672806315294644,0.07696967125551286,0.011063258423464608,0.03535879570672324,0.03170940223334525,0.011742620070295825,0.01833205609661412,0.006685019956256002
284,0.007246708755592893,0.012861880940016545,0.015555298510257595,0.013740718827303268,0.012296630077704191,0.03690118589060922,0.015137859659638844,0.04820268996011227,0.06152723205160367,0.008794786922492739,0.013803632578904648,0.020104523304822423,0.006563236041562024,0.02132808679534282,0.5976092852930289,0.056742633378567914,0.01106735207541597,0.00843291177902742,0.010923791433324458,0.021159555724672267
285,0.002700318676265745,0.0036240080396516454,0.0049361039657492885,0.0104062795587688,0.00647750636237428,0.002597911398244527,0.004353388472233342,0.14483897981169333,0.017627736772985753,0.6227927124313188,0.08130887813254212,0.011754067629437866,0.0017021956758080557,0.00793023396287385,0.003161913700231926,0.003928570854816815,0.01797944390042787,0.03895151092636947,0.008725966661545096,0.004202273066661423
286,0.1585141908491447,0.03573958400912176,0.0064902707683141625,0.022640733307288705,0.034689060356791625,0.0023385456900528595,0.03450132919308092,0.04026196888337765,0.23171723332272368,0.005939653277296624,0.08109460480085286,0.006743893655586285,0.006925598267097476,0.06887220851464657,0.19187448197178544,0.019631469253774597,0.0033325776106576015,0.002259274963830466,0.005200570124168675,0.04123275118040742
287,0.06745981702922968,0.005192049361932011,0.06882127677723535,0.09083412666151264,0.05921544081236575,0.04380939902972035,0.050163255585512545,0.03931003482568402,0.07000015175164809,0.058539128546431445,0.07532138772041046,0.057117222459320056,0.0015075754858107,0.08314638018726979,0.03687137266631043,0.05391971805303424,0.04861816907212558,0.02706944721374915,0.013061112340131763,0.05002293442056597
288,0.03288833467816085,0.02046475530835651,0.05531513955946896,0.4686671280170167,0.021737407412774145,0.034919862048407364,0.03389236388076993,0.02708496544875864,0.05625194776616149,0.009964900021989248,0.016842347322017434,0.022494509867095412,0.013026064109831904,0.07480358027016695,0.009385552189329153,0.008914344765483093,0.031165279824460622,0.025668423899136598,0.012815618065905258,0.023697475544709752
289,0.009921948684459924,0.03937000018513105,0.044373979210147456,0.014884832101772908,0.06618228039687256,0.0036672159731930636,0.3258072587624075,0.01652750249620444,0.04043698981840836,0.018700583649149716,0.043845767781771315,0.04621849195078382,0.04842320962663327,0.04308122882197372,0.04421456273042705,0.010954526403559702,0.013021559783704395,0.014370638129373265,0.01615121819721262,0.13984620529681385
290,0.07930734191366075,0.10275824231325255,0.030763582135608744,0.04988080520081277,0.02356739924465245,0.014416981284772073,0.04872438115820643,0.06244014272468537,0.02414719654647575,0.13717403055811694,0.05220074853711519,0.029307115150152527,0.01281207891636925,0.06083758390741956,0.050472302896963334,0.05267850861823894,0.0586340564690979,0.0702990628032638,0.023262794914924143,0.016315644706211555
291,0.03794011534202473,0.007640362787086869,0.16609161685022328,0.1544309668079221,0.007535507142220221,0.021625818975177232,0.11846507274511464,0.01543447218808868,0.04716991382421026,0.008497527236522855,0.01805839285588329,0.03255163387137417,0.005543229182251473,0.12179033324210654,0.013364480852218936,0.12580731595040537,0.06526340853432844,0.022418030415822215,0.004627010987590755,0.005744790209427977
292,0.09831110016983867,0.017918876093777094,0.13283296689428167,0.05168779244898493,0.012317977344302082,0.142329589070492,0.0556409692534889,0.036160725385907914,0.03831349931086756,0.013672009455886341,0.013989261914259081,0.03245328995410872,0.02152096971977125,0.06256511479384172,0.008547493191822055,0.091725321094811,0.14944350712723525,0.004024093019977042,0.004923652951491357,0.011621790804855332
293,0.007344483352874694,0.02847258590066656,0.01715818435390082,0.011223926784522342,0.06542679479962732,0.03384292546120287,0.014763723786369667,0.018760445310811086,0.023347770119961173,0.028607087061649158,0.017027831075514154,0.022402605103295014,0.013618160626254686,0.019673174783457266,0.015819563678998692,0.014397812443876248,0.01752521174883029,0.007258291074482044,0.5391135611176577,0.08421586141604821
294,0.006136187836895723,0.0197817388964308,0.008819558220516326,0.010266406337047021,0.3790114666165436,0.0032894604098833964,0.10227413514697416,0.021227400725048848,0.019562101962930206,0.036306707507777126,0.011404759463277441,0.015203273693446215,0.009741421374434527,0.010379154046769546,0.010801744339094806,0.06366059580440116,0.015027523273574431,0.03568776008620637,0.011335092394197117,0.21008351186455115
295,0.01863929638670014,0.04971955361470799,0.002135038606558451,0.09002682213528412,0.09012169539813338,0.0010345768092742636,0.03158546598904321,0.06091765014446307,0.032548698423065174,0.06387770682309106,0.08849698834754033,0.05869203294275818,0.005391973089589685,0.06374008252065458,0.033809428248294145,0.026625630804593993,0.07230686363429774,0.08738507540679182,0.0638036986410513,0.05914172203410742
296,0.0636975053714575,0.028928253150862487,0.44596353630346947,0.07916910594424305,0.013253603137681069,0.04193582116722333,0.018949491729632107,0.029540429487961397,0.025718526625732954,0.010614293317263771,0.016835204851682543,0.03985683750054967,0.010781045078428005,0.016709088484693876,0.005800135913879413,0.005901294606048777,0.01710807654005461,0.06338179207004048,0.020179839376191097,0.04567611934290437
297,0.07701044469450417,0.021250145639853543,0.07176007747125616,0.07357884300428316,0.02639547239790726,0.06329525508226384,0.05205807505705554,0.03758249650758915,0.04103749347986335,0.03293379589172861,0.042621258989806204,0.07158851240786845,0.08904481835875454,0.05071049701562829,0.03378222524881366,0.05338590537024506,0.07900046113299707,0.058243774199571545,0.016177773665224073,0.008542674384786302
298,0.0626788874209654,0.04308678617681608,0.038828639027524425,0.01526377748983542,0.012503956077790604,0.02249697748211708,0.1066505145009159,0.023459786180836845,0.08067838899831138,0.0051119409825186105,0.03504136499873183,0.2481757133943747,0.0035015857009012778,0.041804220205305366,0.07065543080000958,0.11445140412353362,0.03822995084986972,0.006689274419128814,0.007269856488812873,0.0234215446817005
299,0.11155578583051888,0.01756713720587729,0.026893718379361845,0.016356256137832374,0.01998115030171717,0.006382410212384505,0.2602910155240706,0.025818269877045844,0.02981711098193147,0.02110700875857579,0.014513165953602157,0.16206259559211608,0.06393708225184472,0.09444114515522643,0.022660905238920285,0.027548449836475163,0.010981835672041473,0.011312664014772374,0.028422699556810944,0.02834959351887459
300,0.02823330138428322,0.012484079366033162,0.01434257615945199,0.016518812019518037,0.024899324876211198,0.04193196517353292,0.013981873895525052,0.012662688994153806,0.011801471085365228,0.02343052748867075,0.016794727302867272,0.030123111639058578,0.6188520820915557,0.027244188909614747,0.004857693855144735,0.04189643420569746,0.023417083830480925,0.008563817687807784,0.014969021293794509,0.012995218741232977
301,0.011467402571190692,0.053190135192231494,0.015742475281474162,0.031233147040678495,0.010198201999801603,0.00526844057902367,0.05080531472965601,0.010645680589138761,0.015255169726784342,0.00650997508847713,0.01913428954363053,0.012532916947318097,0.00687087665572569,0.01084240605943056,0.005031364948809938,0.04393748499885178,0.006822990582286115,0.007833071893032086,0.019542120265569545,0.6571365353068893
302,0.00763876472380774,0.012746795790983624,0.012918741713207688,0.0346475791449269,0.016882261060916618,0.04473947247876796,0.013157237615676434,0.011269517873114442,0.05165087013595412,0.00690654989603681,0.02982206806491006,0.013748973005844095,0.01062952333405227,0.011282409416254654,0.5694923759557382,0.06110310532960146,0.0236228891962148,0.00837633661826982,0.04330320512041063,0.016061323525311623
303,0.027326838121431076,0.015969587414236253,0.019179532558056333,0.016853448606856235,0.018437448103358074,0.010289234274378695,0.02234030119342333,0.047484122872413936,0.044001247537317274,0.005746439185167828,0.019022936330070753,0.021792408057141898,0.025851953500622006,0.019416756081392855,0.012571271353633798,0.00466239363680593,0.5832226743627938,0.020819211605662333,0.031061415846555248,0.033950779358682244
304,0.013278923384470719,0.08080231106588699,0.02576938701997205,0.018252219040286444,0.026184905374447943,0.015702375945759007,0.022482617046214556,0.01983280822408981,0.01794117732780305,0.016606543811880384,0.018546559945135006,0.024780899967716916,0.014171352337575592,0.012770910349006903,0.0413925893612884,0.013668889831773038,0.012627289708928312,0.009858986224851669,0.5826325636985166,0.012696690334396488
305,0.4515355966192292,0.03947626772091403,0.06155808089099863,0.011989817967378268,0.022792413930725244,0.11231046854919091,0.008693070784278629,0.01586958399636717,0.020181089186247836,0.0050436817618179025,0.028318710653679982,0.029867583369550813,0.005147489892947179,0.015618523559389556,0.013240416363415145,0.028265889650285085,0.05060561801628938,0.0349973927370809,0.028751743680518325,0.01573656066969584
306,0.00939400775970684,0.043316917771861314,0.03140012957685486,0.016329564889897365,0.013026422730875276,0.0058379474462462114,0.028854294491745695,0.02196451345189229,0.02092714533212858,0.010164447995381473,0.020648185454965183,0.03481156678107869,0.013326585545890222,0.020389621255502328,0.007690234564324859,0.013990676283206313,0.007729087592262693,0.009617123179703884,0.015504654154740675,0.6550768737417353
307,0.018410099559678646,0.049882378565505175,0.022932208203094568,0.016876426930438563,0.01784913133961804,0.006715025985650087,0.5404975666644936,0.02111831445941639,0.01579802865009093,0.015391378508708283,0.0173147453492239,0.04033030551743814,0.03629453399656861,0.0415583359352294,0.020966668505586407,0.006425339493701334,0.013464272651397477,0.009865629042287662,0.02209020353627442,0.06621940710559848
308,0.008907872203217664,0.015121815256644553,0.015035982421633367,0.0370858211575327,0.031028076128653,0.7014581960409536,0.014303416380210996,0.012278842433435277,0.012574156005407008,0.006861611926400592,0.01024513324861907,0.017572307076795617,0.011829342905592918,0.013523091059653214,0.026621371921333264,0.007037446561384975,0.009517541009837982,0.018309250793429,0.012645352267284039,0.018043373201981155
309,0.01420265807120725,0.0549720242921037,0.035729916734697914,0.018212672404276556,0.015605817429710067,0.02685353558865022,0.008518500889687893,0.03439612291804932,0.010867841680853339,0.007664513932782562,0.012069996524441164,0.024237193301909564,0.005808978592327613,0.01109317711943369,0.022796728681542446,0.6434056039924123,0.016485191601584948,0.016118317174356044,0.009913771560532704,0.011047437509440722
310,0.00847316087454034,0.029399059192860053,0.045853620315548724,0.015914629714484412,0.12877767933877224,0.007749384295067766,0.033098164305629736,0.014722459891658947,0.023608064844735252,0.00699647160711619,0.025427893868176635,0.04489507951517957,0.005711533948377182,0.02704143880684852,0.008061707986416608,0.026083572198776227,0.010794080769805961,0.007373368413172288,0.014588320945186778,0.5154303091676465
311,0.05237685994871359,0.07990616454655561,0.08073947948043245,0.29426386857989045,0.009558656672557165,0.03883979609406399,0.026748836046088725,0.04555535787698947,0.035528440387124986,0.01234548043340262,0.009896907839746054,0.0153113561339851,0.03803787972029678,0.08749292333216944,0.0062935984465195376,0.03433552274765945,0.072582912356602,0.021932714623942265,0.030762750749800557,0.007490493983459688
312,0.4210938547195713,0.010788606194987756,0.018584657635726167,0.010589356926672204,0.016641861778702798,0.00828930675251028,0.11947438277463684,0.010801333055523563,0.022448857949283526,0.007181849878945367,0.025206349689396414,0.01332147241370641,0.0033922075373420527,0.015879705876613522,0.006536618564945006,0.20627676035269715,0.021677388838889727,0.034907464529898125,0.017143685003164766,0.009764279526787033
313,0.12256777323228724,0.05357259510078635,0.04865809758271914,0.08209774419600997,0.01433517936989509,0.020536813756965592,0.04105814880692536,0.020584411757914832,0.08804599219685524,0.005807952585428602,0.08366569500783969,0.03047358815043771,0.09273742596550093,0.07060971713723085,0.05436799051888638,0.0364671164611034,0.06495023142774699,0.02077877818518852,0.016617077511230934,0.03206767104904713
314,0.094145074804284,0.04911444876372332,0.004131974179762557,0.008297392394442469,0.012362331237860113,0.009455939451703782,0.023265082177694543,0.012548231448745742,0.004885116500112323,0.0031623052032487315,0.022897799226999218,0.008035552188844547,0.2143883412046735,0.015004965432782473,0.00911472322509442,0.25821639674298996,0.219911227791484,0.018111750827526602,0.008448540502895504,0.004502806695132258
315,0.10759626116319142,0.04075431302208593,0.03572421460712064,0.24248095685984258,0.03824390145312202,0.03448765327455191,0.016969185066571406,0.0046123677542200155,0.010263072659538354,0.003596460920629585,0.03937015746979287,0.03755379079664742,0.007930751595369366,0.14257618897727775,0.0428601020379822,0.135945963716065,0.019003543524143556,0.01337903521281346,0.007418437250447713,0.01923364263858685
316,0.005827184211730704,0.008201369058902973,0.0074309804514179545,0.08651534271678704,0.011084875847994578,0.7024464821173808,0.007816558000366732,0.03494249991290644,0.010342020066216156,0.003269662139955465,0.009125696743849745,0.010656874554460452,0.004925211208760046,0.008341575526295043,0.031335534818705234,0.00746262797626636,0.010001508801557629,0.021661851238100906,0.008185693404484627,0.010426451203861115
317,0.018949915977272018,0.014560217416344622,0.014073425654833872,0.009752063651885651,0.010699105707865487,0.009109513859026754,0.011298896465265188,0.011870397909550679,0.017007695279064858,0.05035179594752973,0.010594747325650813,0.022539632774965485,0.019816688882150497,0.015738898422687497,0.004235999449402507,0.6689376636219632,0.04132271385521172,0.00791237613653757,0.02258152559921794,0.018646726063574023
318,0.3489530789708592,0.12538016111508857,0.017771306821310815,0.023556196729331985,0.009313493054608837,0.013914791433341784,0.00580255092723478,0.007339554257767587,0.0070010924754241415,0.0029966151502442504,0.006796674520297856,0.04943343926821025,0.010904557218241566,0.013412401866966834,0.0017895324136636248,0.2888947051019629,0.021148981702245544,0.03297054996938495,0.004948908667137983,0.007671408336676595
319,0.05815184494308323,0.1727820267149024,0.007467615064738422,0.0031702471336463884,0.03182430174884266,0.0017569610649636345,0.009909994351124956,0.018110852108375087,0.003639814972000461,0.07827901708220604,0.08054640525121459,0.010411012600042556,0.004236684880884973,0.010406777945996242,0.0014067764410527347,0.16199139519211622,0.17903142275912437,0.12706325708147997,0.021221820966786615,0.018591771697418442
320,0.027400389989944745,0.02303621511863606,0.008318276285488353,0.012059242311138554,0.023966273408165394,0.016890989253452202,0.011061389480232834,0.013980529583646671,0.014396821204363633,0.004953984787207876,0.014830117689462307,0.010161267741790277,0.025219737081587094,0.016763719600139365,0.004032717291055782,0.5790767210498433,0.15913706253108048,0.007892805077180608,0.012623924583649138,0.014197815931935375
