site,A,C,D,E,F,G,H,I,K,L,M,N,P,Q,R,S,T,V,W,Y
225,0.2884247982244907,0.22003757294586432,0.009563726098366917,0.006748185485838577,0.011642796989316246,0.02087494000586786,0.012455085151361563,0.11390180246609441,0.02328559397863249,0.003025811646940945,0.03688248841759248,0.01575201945613374,0.026404508753503707,0.011642796989316246,0.0027324931709619762,0.010160352194866133,0.012009165207261535,0.15228683215678582,0.008779814123090939,0.013389216537713682
226,0.006089059518551981,0.010457297868817533,0.02137936453180473,0.10427624193666744,0.011058291999209345,0.0024605406750158897,0.026724205664755914,0.012178119037103965,0.5247776934487689,0.02124980025757238,0.01065912819005461,0.020264291521301988,0.010457297868817533,0.018769201595981416,0.14763581209751236,0.004042316823240391,0.009968002776879361,0.015957704407985388,0.005561106381105277,0.01603452339885355
227,0.050108851470565215,0.29601204410756093,0.007866623668869352,0.006907279319007237,0.0061564880886803616,0.0007146413840767516,0.00884995162747802,0.017588023573701043,0.010114230431403451,0.002441365966200833,0.007866623668869352,0.11723568446211957,0.00884995162747802,0.0061564880886803616,0.001309250684058303,0.14877947344649373,0.20847186522740876,0.08216238577303869,0.0038270061091796844,0.008581771275130204
228,0.00858803995173101,0.012144702962043855,0.006989412037171997,0.015414430682594123,0.012656058876235176,0.0038412958250554036,0.030678242351820262,0.022147491291755618,0.05149812996400618,0.00629489839393896,0.018497316819112947,0.6443624455766239,0.0500968997184309,0.042940199758655054,0.005618343893655801,0.0034957854543731797,0.03662598949977593,0.006011627966211707,0.010537865964862387,0.011560823011945592
229,0.027278239773454033,0.10729001182725106,0.0010052733019689911,0.0008804354409401623,0.0006294701984291814,0.0002263976848131846,0.0014642024180852701,0.07556692440677215,0.0013206531614102434,0.2030671733431648,0.23878007489614514,0.006995867259645754,0.026759262675487092,0.0014031939839983837,0.0004345245986625862,0.009976814172270247,0.2453241733520739,0.04994090926799505,0.0006201934492492953,0.0010362047881834217
230,0.010377337218340419,0.019496815379912304,0.02297838955489664,0.016084872688427652,0.024745957982196382,0.0048014545338590005,0.024745957982196382,0.35128806652357425,0.029245223069868456,0.004837555695767714,0.01679277849958528,0.0321697453768553,0.009061900106156423,0.021446496917903533,0.006118581923207486,0.0064339490753710605,0.06712056415385557,0.3022100804375055,0.010547457500608296,0.019496815379912304
231,0.010182633750086647,0.021022211613082112,0.011244408698939714,0.03790876982255494,0.015644394711568296,0.05023432650042748,0.015640525440133092,0.04661119460061832,0.19336826235406077,0.00553570889793955,0.012850752798788244,0.07297595626141322,0.0069196361224244385,0.021997146983506268,0.38554828258582674,0.013180218067527888,0.0568831578135164,0.005370463856210012,0.007655767624810019,0.00922618149656592
232,0.030872524493794018,0.21931393262855156,0.00978694292998694,0.006990673521419242,0.0061168393312418376,0.17064260538971215,0.008897220845442672,0.02320742936831993,0.005931480563628448,0.025217197184120035,0.10691040889517557,0.07182147960498178,0.002542063098697906,0.008897220845442672,0.004387024822074061,0.10965969668968302,0.11695450686019469,0.05945819532138107,0.003495336760709621,0.008897220845442672
233,0.053940293619526,0.10790318372908617,0.01900719987592306,0.0035090215155550264,0.014255399906942294,0.0008416472269781428,0.022808639851107673,0.4526328356427901,0.009916799935264205,0.004085968541699314,0.003575200507726561,0.025342933167897413,0.006295786583737665,0.015205759900738447,0.0025342933167897415,0.0035090215155550264,0.10009201049617256,0.12953453114555916,0.006002273645028334,0.01900719987592306
234,0.11458952473956649,0.16302514399358564,0.004846809816337707,0.011265557951487641,0.026863027465444864,0.018827407726569868,0.011265557951487641,0.016673025768201715,0.017367735175210116,0.005413320054610946,0.0160317555463478,0.07755098896896637,0.0011745777863837162,0.023156980233613487,0.004086525923578851,0.23820475924823376,0.19261023291435037,0.035467965916841246,0.0071866490380179775,0.014392453781163852
235,0.046031812093086454,0.10988366914115631,0.016668003439246886,0.016668003439246886,0.016668003439246886,0.026523644275451518,0.018313944856859388,0.09866316210772079,0.029632006114216687,0.09380313219367002,0.02535776980180531,0.011595132827302183,0.004018148782091728,0.017779203668530016,0.003375798164910762,0.08688108668854096,0.1515911335558683,0.17856096235437902,0.027470917285289078,0.020514465771380788
236,0.013562096207505203,0.1611084311376151,0.004758958658882465,0.0064245941894913285,0.012849188378982652,0.0016061485473728321,0.00803074273686416,0.004546753028390168,0.004678261337342196,0.4298048974710696,0.11327936564363562,0.00803074273686416,0.004777708181867853,0.016265755066778447,0.0018895865263209787,0.02973601876850755,0.07279494851153764,0.08810617327838327,0.003472753615941258,0.014276875976647393
237,0.15305748773722297,0.011126120270752483,0.013363483316471532,0.011507443966961598,0.025891748925663597,0.15126620799721638,0.0295905702007584,0.012851965911499523,0.010622255969503013,0.0067912784067314345,0.011126120270752483,0.11009244683347091,0.010622255969503013,0.014285102855538535,0.0018193470140924586,0.23607212091290797,0.15600627317607552,0.005178349785132718,0.004360715608532816,0.024368704871212798
238,0.09128640976944728,0.043220251397299285,0.08106929285357836,0.0030592185982482407,0.02702309761785946,0.17633862570098105,0.028159266610901602,0.05725280055226658,0.0429479272151737,0.01781983211633643,0.038670751250215143,0.02671797359105774,0.009817439805533481,0.09218581350143513,0.016511972106065517,0.11808390113904982,0.058445567230438804,0.052879322732301774,0.0037706647838873673,0.014739871427923346
239,0.006419144012081544,0.1234935219351406,0.02246700404228541,0.010369386481054807,0.3029868511976137,0.005184693240527402,0.026102641539675443,0.17221648224492095,0.013480202425371249,0.07656394944703762,0.029923430315053293,0.021373878796466645,0.0005540893577476414,0.018524028290271093,0.001681334876847098,0.005392080970148498,0.024698704387028116,0.1096422215018748,0.012254729477610225,0.016671625461243983
240,0.014672179525163021,0.023273112350258595,0.021091258067421844,0.061356387105227186,0.017868480943129237,0.0075833736871629125,0.018241088058310782,0.07637532806623493,0.08436503226968738,0.38442227618105784,0.06545040804483261,0.03374601290787496,0.0036397687762445073,0.042182516134843695,0.009508691296090253,0.016461469711158517,0.025958471467596125,0.010073436688917897,0.04820858986839279,0.0355221188503947
241,0.012190515791022429,0.12578670452839455,0.05556726892575987,0.010103139804683614,0.13714330264900232,0.0027440626630004876,0.07619072369389017,0.049870291872364476,0.013074651511943501,0.12628537553903135,0.05727219086686957,0.07408969190101315,0.0017412598723091453,0.0183915199202721,0.008316112897057368,0.05333350658572312,0.037647181119333954,0.03386254386395119,0.03324686124824299,0.07314309474613458
242,0.03705682214361753,0.05721053243225162,0.0069646553840283214,0.0026168635363504954,0.10726974831047177,0.059102537853279256,0.0590456044292428,0.013058728845053102,0.01838909971036659,0.0901065885807963,0.026117457690106205,0.14550743493760315,0.011607758973380535,0.0590456044292428,0.02124519594706435,0.04290789932418871,0.06865263891870195,0.017480996020965773,0.1029789583780529,0.053634874155235886
243,0.034940051441707635,0.0107367841267559,0.034940051441707635,0.09884817578857412,0.08735012860426909,0.0037978316784464832,0.007456243800823192,0.08735012860426909,0.05823341906951273,0.008928031958440986,0.09884817578857412,0.09884817578857412,0.007986217944734083,0.08735012860426909,0.0990539651124007,0.004514460976370323,0.019411139689837584,0.034940051441707635,0.05823341906951273,0.05823341906951273
244,0.05380720032645155,0.04396013098566303,0.0960989687500919,0.00960989687500919,0.10877440242666078,0.004089317819152846,0.06406597916672792,0.11981851024942203,0.009152282738103989,0.08158197634075738,0.10906692246772964,0.024024742187522975,0.006627515086213234,0.04997572785738534,0.00815291900780056,0.012813195833345585,0.04389766555400241,0.036098347026289695,0.00960989687500919,0.10877440242666078
245,0.05975179665953287,0.16078647287296854,0.16130257361611403,0.10462654612562451,0.04738941632658187,0.028741073683892213,0.04738941632658187,0.09477883265316375,0.03159294421772124,0.06819498531794509,0.021872038304576246,0.007449485316455188,0.011847354081645467,0.021872038304576246,0.005802785672642678,0.03653302784889916,0.017771031122468202,0.036127715971319654,0.012924386270885964,0.02324607930640506
246,0.06783921155370581,0.05533383232237491,0.031219560759808532,0.002497665997843453,0.01887125420592831,0.09606551566843942,0.051939329160419614,0.03957282221746256,0.034626219440279736,0.05351324822588689,0.0989320555436564,0.08409224721210797,0.034626219440279736,0.05771036573379958,0.03315276329388487,0.06981262310369356,0.05441263054901102,0.05718421805709816,0.01242992492727991,0.04616829258703966
247,0.07925623496179161,0.041713807874627154,0.0052778704090149274,0.023750416840567175,0.023750416840567175,0.054019381197642165,0.03801245054312662,0.010961730849492542,0.07125125052170152,0.0656886860490128,0.04750083368113435,0.09275187868593567,0.08059381337338996,0.13626510572378203,0.02622068837144154,0.06348136959741159,0.07048045514323871,0.03893288734965202,0.020357500149057576,0.009733221837413002
248,0.04759448898559001,0.07363020976680407,0.07363020976680407,0.03252056163421127,0.07363020976680407,0.044940002827641524,0.06504112326842254,0.03212628006527325,0.019026080480090843,0.01784793336959626,0.03696568903441806,0.07363020976680407,0.023797244492795012,0.02168037442280751,0.07372493491218762,0.04287909782378294,0.08700867517678175,0.05354380010878876,0.03315266456359235,0.07363020976680407
249,0.021682516966125984,0.04878566317378347,0.1103846890063163,0.021682516966125984,0.1103846890063163,0.001300786902603964,0.09757132634756695,0.1103846890063163,0.04979759225855105,0.013938760906795276,0.013977082376485542,0.04878566317378347,0.03252377544918898,0.027877521813590544,0.1106159740608228,0.02914110077024875,0.021682516966125984,0.015010973284241067,0.016900835217444326,0.09757132634756695
250,0.10665346745421544,0.07946728947568996,0.019391539537130083,0.01457934281157738,0.03499042274778571,0.06433066290889188,0.05332673372710772,0.03555115581807182,0.061622003417991164,0.014507473734714183,0.07110231163614363,0.05469408587395664,0.09870560918295775,0.036000359413740975,0.024562616747031446,0.09007522968360146,0.08275538342360522,0.028779507090820042,0.012496579552780608,0.016408225762186993
251,0.05908235125651469,0.07894021801082221,0.00976190152974292,0.040507707471536945,0.0578894932079363,0.010005591418655656,0.03015077771246681,0.13507548415185133,0.005857140917845751,0.04630092650879711,0.08066526367710979,0.0482412443399469,0.051256322111193596,0.10184262693988794,0.0018894002960792747,0.07580766967705943,0.066331710967427,0.06645300860880653,0.013266342193485403,0.02067481900283439
252,0.01822180047139575,0.05466540141418726,0.04859146792372201,0.005351377937711971,0.03364024702411523,0.007540055367474103,0.06247474447335688,0.0364436009427915,0.24763469203953925,0.015618686118339213,0.0364436009427915,0.036084016663692,0.03123737223667844,0.05873247044623036,0.12935217133126148,0.01249494889467137,0.06889780327364416,0.0145774403771166,0.027332700707093628,0.05466540141418726
253,0.0778373110961886,0.06754599550714939,0.02759686484319415,0.01638213478451993,0.08432375368753765,0.046702386657713174,0.12081698000229067,0.055193729686388304,0.014454824809870528,0.043005114380644215,0.03372950147501508,0.022339274706163547,0.03372950147501508,0.017552287269128497,0.005342000473213021,0.02356006773203901,0.014454824809870528,0.12064783219909238,0.035415976548765826,0.13936963785620035
254,0.007940705747752429,0.027395434829745876,0.15626883709547823,0.3118850154831017,0.05479086965949175,0.0021759021386711292,0.05479086965949175,0.0751971545515778,0.022412547835377508,0.01565453418842622,0.028837299820785135,0.03222992332911281,0.01956816773553277,0.03424429353718235,0.010958173931898352,0.013697717414872938,0.0322273519506762,0.04780643346993569,0.01767447408370702,0.03424429353718235
255,0.06393297118536855,0.03686455783216891,0.17266838241715451,0.14565827493781083,0.01218292073777406,0.023965950890235857,0.016204201244909407,0.080544412070285,0.025287657627264298,0.03279057704748177,0.04069464176278386,0.047876049132686865,0.05851517116217284,0.03255571341022709,0.003830083930614951,0.060642995568070054,0.08387174533244775,0.04843949565954912,0.005221251744760312,0.008252946306234042
256,0.014219298535855848,0.052999203633644514,0.33136397776776677,0.02162690936948706,0.04858260333084081,0.0040500324065765834,0.05829912399700896,0.05829912399700896,0.030683749472109983,0.01575651999919162,0.04484547999769921,0.011318863753469934,0.11659824799401795,0.04858260333084081,0.016194201110280273,0.01575651999919162,0.0364369524981306,0.020821115713217486,0.02159226814704036,0.031973204946620766
257,0.0961136449203021,0.09151102146894845,0.014560635900290626,0.06249047861479696,0.02330141750366742,0.007825959163150428,0.0156806848156976,0.2097127575330068,0.0078403424078488,0.049344178243060435,0.0619933484108775,0.009265859209275853,0.06348061849647774,0.008677769277227871,0.00254811128255086,0.01276512437157433,0.12942273036322707,0.11581173658335296,0.005662469516779689,0.011991111917886398
258,0.031281863727047825,0.056724446225046715,0.09951203802480817,0.050050981963276515,0.020475401712249482,0.029423493850560915,0.021011916317127448,0.02987159143070195,0.050390310654552975,0.08718558148441716,0.05362605210351056,0.12463884025566256,0.004561608482728999,0.06658956730766355,0.02002039278531061,0.10083021029846119,0.04117917296272435,0.0675688256504233,0.010986800918768014,0.03407090384495779
259,0.012423149686406164,0.02228631211043391,0.020705249477343608,0.0254109879949217,0.07476982656327055,0.008470329331640566,0.014616485881118082,0.03432408971835945,0.02150160522647221,0.31842696982069363,0.11514594590390854,0.11514594590390854,0.004650429450787933,0.01803360438349282,0.005397009185456908,0.008102054143308368,0.011894505018899517,0.03140343979197505,0.03494010849301734,0.10235195191458538
260,0.01060391960759786,0.021577504973195997,0.04801013464218056,0.03605332666583273,0.04916362727159009,0.3073611582062334,0.06008887777638789,0.03862856428482079,0.054079989998749106,0.01864827241336176,0.04916362727159009,0.03862856428482079,0.020799996153365037,0.06759998749843639,0.008193937878598349,0.072244401430048,0.01744515806411261,0.019903248723365335,0.02575237618988052,0.03605332666583273
261,0.08689227057994778,0.08488411815068748,0.010105252160796128,0.04729258011252588,0.00981648341269402,0.06521256061100435,0.00981648341269402,0.07835457060063461,0.014551563111546428,0.0430636346846205,0.036378907778866064,0.08084201728636903,0.007966494689529145,0.025150849822425922,0.0055967550429024725,0.06681272875107362,0.1476598527165866,0.15922362535097898,0.011317882420091662,0.009061369304025249
262,0.005781836901826628,0.019589831328689827,0.024651943622352318,0.013565578850047832,0.13813654593232533,0.13841437773572765,0.13813654593232533,0.08139347310028697,0.04883608386017218,0.024418041930086096,0.04883608386017218,0.08139347310028697,0.027131157700095658,0.04883608386017218,0.005678614402345603,0.04302886252115832,0.03052255241260762,0.006069259356197827,0.03488291704298013,0.04069673655014349
263,0.06952649064851955,0.03438767993445622,0.043766138098398834,0.020931631264451613,0.16047583969412904,0.009439755276125237,0.030089219942649195,0.02267131317882006,0.021883069049199417,0.011742134611765539,0.057822758011100615,0.043766138098398834,0.01762598223700805,0.03209516793882581,0.006780669282850524,0.014574232897826368,0.2736056146667936,0.038548505340733744,0.030089219942649195,0.0601784398852984
264,0.019121231026783668,0.061612855530747364,0.09241928329612108,0.061612855530747364,0.042655053828978946,0.01680350605384019,0.02218062799106905,0.03261857057510154,0.061612855530747364,0.009649559658039026,0.06931446247209078,0.03261857057510154,0.01788359525526877,0.011868124202529813,0.314677947866076,0.015403213882686841,0.015403213882686841,0.021327526914489477,0.030806427765373685,0.05041051816152056
265,0.32731243094439505,0.03026639490713603,0.03760100946096591,0.015973930645432906,0.03026639490713603,0.005324643548477635,0.026139159237981116,0.03833743354903897,0.04107582165968461,0.00833422468457369,0.06389572258173162,0.04107582165968461,0.014376537580889616,0.03382714724915203,0.007372583374815188,0.12792399099482582,0.07277697282414143,0.011766529816601114,0.02211775012444556,0.04423550024889112
266,0.0013879821877669934,0.06657307828564668,0.04939421854268409,0.012005722121659533,0.16780126515494925,0.008326640192133309,0.16780126515494925,0.09878843708536818,0.018522831953506534,0.0075736609445210806,0.007637104587601814,0.03704566390701307,0.018522831953506534,0.059273062251220913,0.008009873277192013,0.011398665817542484,0.024410128704737116,0.16849255699864424,0.02469710927134204,0.04233790160801493
267,0.05874004073447607,0.2726204010287314,0.005185380447929976,0.011549543217129647,0.01037076089585995,0.004105728931155592,0.014815372708371362,0.012963451119824939,0.011523067662066613,0.005185380447929976,0.011523067662066613,0.012963451119824939,0.00582267012054793,0.008642300746549961,0.0043211503732749805,0.46783907116833773,0.02639174411257692,0.020082550812913633,0.009427964450781775,0.02592690223964988
268,0.0031799321113343795,0.04944236428591226,0.00497780812829381,0.00497780812829381,0.03842417967862376,0.0023233785821371905,0.011487249526831868,0.025588224464230785,0.0071111544689911555,0.02113329882324307,0.03688721249147881,0.4048261269912086,0.004266692681394694,0.008296346880489682,0.0031342113081622453,0.08473715812347805,0.14873404060469345,0.04226659764648614,0.00878266964082829,0.08942354543388802
269,0.02702793353487565,0.023975307926532782,0.04050139890341007,0.009237161153409312,0.040338755879448386,0.07103858314661163,0.07800269418434533,0.007521688367776158,0.03022604399643381,0.01953746726975819,0.01504337673555231,0.031201077673738132,0.0014235253758371454,0.01634021955758268,0.019958706521629323,0.06338214862687892,0.20288500757348218,0.01664281621605644,0.17670350926481823,0.10901257809182323
270,0.12608511421336524,0.015236348339257492,0.008669922208955225,0.011691973041325172,0.024683054198353142,0.011714923731107009,0.02109648231589499,0.027425427010663486,0.05223890859173996,0.005845986520662586,0.00925614532438243,0.024683054198353142,0.3936574897448975,0.02812864308785998,0.037828175187122025,0.06953315600901998,0.026743809100770736,0.01974025153988539,0.07404916259505943,0.011691973041325172
271,0.02886007447980325,0.04454925804962483,0.09827070824595023,0.2022928342771152,0.029699505366416544,0.013476960797639301,0.029699505366416544,0.039599340488555394,0.017528181154251588,0.012289450496448225,0.04454925804962483,0.07127881287939972,0.012289450496448225,0.023086929720926352,0.012289450496448225,0.01272835944274995,0.02096435672923521,0.07865102589803039,0.029699505366416544,0.17819703219849928
272,0.019981697831910672,0.05185272298914826,0.014317268117220784,0.04640229472040257,0.02005242021845969,0.0004177257568673417,0.08333473337541689,0.08264027726395506,0.10208504838488569,0.03934174622141773,0.045371132615504746,0.07083452336910434,0.0012243685977146224,0.045466450120999514,0.11916866872684612,0.0608173495277645,0.04767923219872375,0.10568228508600706,0.005048161733318523,0.038281893144332134
273,0.025185725823771266,0.02391703276117505,0.07858453621528946,0.050008341227911465,0.04231475026977124,0.009823067026911181,0.04700514936263345,0.050008341227911465,0.03667278356713508,0.05309465028219575,0.050008341227911465,0.03235833844158977,0.3125364890333572,0.03438073459418913,0.01057868756744281,0.008176189385548472,0.030560652972612564,0.014867344689379084,0.021157375134885623,0.06876146918837828
274,0.007484033698455688,0.041661886083170556,0.37148752632095544,0.02432310951998098,0.016215406346653985,0.005120654635785469,0.0176895341963498,0.06388155866086151,0.016752460923765925,0.0057230845929367,0.038916975231969575,0.22087249617465599,0.013419646631713645,0.04697173430945699,0.009050459356271995,0.038545696204969324,0.024554921171531435,0.00627693148902735,0.016215406346653985,0.014836478104833795
275,0.006837108413970429,0.008717313227812298,0.02051132524191129,0.012453304611160428,0.13143564974464467,0.003962415103551044,0.03486925291124919,0.1440454801782291,0.01584966041420418,0.11795699243845394,0.19858755868070146,0.026822502239422456,0.006837108413970429,0.019371807172916217,0.0065174702352716355,0.003874361434583244,0.0028658120589949913,0.04209109228893883,0.05852422252080652,0.13786956266920766
276,0.04598284947118586,0.037071444534909535,0.06416211554118958,0.002006463134841562,0.03421979495530111,0.05592015273183353,0.05703299159216851,0.02994232058588847,0.09460409953261924,0.031200401282774536,0.012077574690106273,0.12556226202278667,0.04134891890432217,0.1023939919588839,0.07392979181959937,0.04621894383573138,0.07469101393924328,0.03259028090981057,0.007269064669739177,0.03177552388706532
277,0.013297075605874457,0.041790809047034,0.026594151211748913,0.05318830242349782,0.025437883767759833,0.009916463163702986,0.015001828888678874,0.3323617891646466,0.045005486666036626,0.03234384181803,0.024377971944103172,0.026594151211748913,0.009141739479038688,0.0585071326658476,0.008732407860574271,0.008358161809406801,0.006693975631447012,0.1892361121385833,0.039004755110565066,0.03441596039167506
278,0.04179550849879214,0.04939469186220889,0.06037129005381087,0.028596926867594623,0.023623548281925994,0.01263585140661158,0.028596926867594623,0.30854543932231254,0.038810115034592696,0.039243788100066304,0.03395885065526861,0.03159830558610042,0.010653757068319567,0.03622277403228653,0.012074258010762177,0.016706835517023195,0.11745789548260192,0.042044318830273486,0.025873410023061802,0.04179550849879214
279,0.016975372491669947,0.011417106396388193,0.0705544590898713,0.035018457598061124,0.02228447301694799,0.2789626448275504,0.04331310004314083,0.035018457598061124,0.05447315626365065,0.010005273599446038,0.04456894603389598,0.032683893758190384,0.011142236508473995,0.0673759334004413,0.039121509716385276,0.09008477157651092,0.011142236508473995,0.013002299293031462,0.06382983164252334,0.04902584063728559
280,0.01072145879878527,0.010144597919026022,0.0240934200576868,0.008031140019228934,0.03526168671600489,0.03647832988076454,0.03212456007691573,0.02203855419750305,0.1339223005845799,0.02791550198350386,0.12884490144175414,0.021157012029602934,0.003933619601254989,0.011338080027146728,0.10935197131383054,0.044104912718923285,0.12175521460009456,0.05770094189891708,0.01682944138718415,0.14425235474729267
281,0.0156423280880834,0.07732327215926116,0.024402031817410103,0.061005079543525256,0.035885340907956045,0.007137800721728758,0.03941361065935187,0.0381281747147033,0.04067005302901685,0.0420614971785286,0.061005079543525256,0.0277295816106933,0.007242350997802161,0.0381281747147033,0.34704188009982756,0.03610281696157,0.025418783143135528,0.017430022726721506,0.030502539771762635,0.0277295816106933
282,0.011847009923553977,0.01838329126068721,0.01974501653925663,0.016155013532119063,0.016155013532119063,0.007404381202221236,0.04100888050460992,0.30335503239070855,0.02805870771368047,0.20826738449068058,0.016155013532119063,0.02530460068612103,0.010879907072651612,0.03807967475428064,0.007014676928420118,0.028718713477105612,0.004747295217279841,0.1653057438682587,0.013669626834869976,0.01974501653925663
283,0.08973190359299088,0.030352837553469215,0.28012530028043625,0.19362037403613497,0.01545912525066039,0.018984291649265954,0.02267338370096857,0.04296093930644874,0.03995371041859441,0.011259923608545028,0.02267338370096857,0.049278724498573546,0.0062981621391579356,0.06981152637297919,0.007650578232655254,0.032437678920778215,0.026850587066530457,0.007280366459976697,0.014697163446942985,0.017900039763922553
284,0.011022178214274784,0.02014398087436426,0.026553429334389256,0.024340643556523486,0.02086340876273441,0.016021680792668795,0.03074607607139808,0.13255794427258605,0.10593122180877525,0.012699466203403556,0.02781787835031255,0.04493657271973566,0.010621371733755701,0.04172681752546882,0.33168880555869007,0.04871066438813658,0.017702286222926168,0.013276714667194628,0.017702286222926168,0.04493657271973566
285,0.005578733687972062,0.007644931350183936,0.010863849813419278,0.025801643306870785,0.007117694705343666,0.005292644780896572,0.008974484628476794,0.10948264273869406,0.04128262929099326,0.5903411284915363,0.07256964342265576,0.007090958941130819,0.0036212832711397594,0.02064131464549663,0.0034402191075827717,0.00293957586136422,0.015527838167727447,0.03442340452365304,0.018764831495906027,0.008600547768956928
286,0.14133582958118657,0.033435914348017515,0.015933436872560942,0.016870697865064527,0.025005569848979163,0.003145705145027698,0.031001410399800772,0.030959276955878967,0.32507240803672915,0.0043228833375796106,0.0722383128970509,0.016870697865064527,0.0037566535742407656,0.054178734672788186,0.1576866753915227,0.013979243235151149,0.00699516740746578,0.004780031061768283,0.011472074548243878,0.030959276955878967
287,0.0627503071596763,0.01103577985405457,0.07331736353045333,0.09193649653626992,0.056287650940573405,0.041421937999857876,0.04937644199533719,0.033107339562163704,0.07625927613612965,0.05516189792176195,0.07880271131680278,0.05532798851846927,0.0034248971960859002,0.10507028175573703,0.03459631228542561,0.05412271113085417,0.04502623523825603,0.02364081339504084,0.009932201868649113,0.03940135565840139
288,0.01615302272105215,0.048459068163156455,0.09970751556542384,0.24556954716781987,0.04361316134684081,0.007479032850884545,0.07268860224473468,0.07268860224473468,0.060088926433186834,0.013629112920887752,0.03115225810488629,0.04361316134684081,0.020768172069924193,0.07725249965544813,0.013629112920887752,0.01406876172478736,0.02907544089789388,0.01602338568849503,0.019824164248564004,0.054516451683551015
289,0.017857131567403494,0.07589280916146483,0.050595206107643224,0.02759738514962358,0.06071424732917187,0.004743300572591552,0.1682398607117351,0.033730137405095485,0.043367319520837055,0.009199128383207862,0.050595206107643224,0.04112031667430195,0.02848410878243343,0.02862900156286416,0.03197800256033415,0.017857131567403494,0.021683659760418528,0.025297603053821612,0.02759738514962358,0.23482105887238186
290,0.07755776419760936,0.1478441392799278,0.023760665241416963,0.04670813391402682,0.018480517409990977,0.01351664674248549,0.03960110873569494,0.0646818109349684,0.018480517409990977,0.13714489235835406,0.047521330482833926,0.024948698503487805,0.011088310445994582,0.06927368589241713,0.047521330482833926,0.049473195024841134,0.05876266447458499,0.07246142981695305,0.017318421473104282,0.013854737178483425
291,0.03691401082911405,0.01924961716981006,0.18976241344569084,0.14140403563156106,0.017874644514823627,0.002467459930488639,0.12544006889948794,0.017874644514823627,0.04717468646260783,0.005769059772500036,0.013902501289307263,0.026423718217253252,0.006416539056603353,0.12590124562338315,0.010453339074957328,0.12045097525007649,0.059179387343710046,0.00879608849650786,0.011374773782160489,0.0131707906951332
292,0.10829391299396089,0.025891001090906023,0.15305920460100822,0.042385625889509976,0.029127376227269273,0.13265131065420713,0.04591776138030247,0.03756287900031736,0.025891001090906023,0.009500226492476374,0.017924539216781093,0.022958880690151236,0.013547320200014415,0.06887664207045371,0.0054020895741532324,0.08547299848294165,0.12973369568745635,0.009320760392726168,0.010591773173552465,0.025891001090906023
293,0.013727117221147974,0.02208119934286848,0.040323406837122176,0.025806980375758196,0.048716868228290196,0.024971823393689616,0.035843028299664154,0.04962880841491959,0.07168605659932831,0.014881715412498966,0.037951441729056165,0.06451745093939547,0.028051065625824125,0.043011633959596986,0.00386073944158216,0.013166826722325607,0.01612936273484887,0.01344113561237406,0.3638287872103541,0.06837455189935468
294,0.010619346757303857,0.01985356132887242,0.01902632960683607,0.01902632960683607,0.25475843034056134,0.0062552316515625435,0.09002383127007041,0.03805265921367215,0.05073687895156287,0.02995858873077207,0.02686070062141563,0.03512553158185121,0.021744376693526937,0.01985356132887242,0.010147375790312574,0.07096475383044377,0.030442127370937714,0.02357626814502324,0.021744376693526937,0.20122974048603973
295,0.01675308753715344,0.05111839530567332,0.005447004479146923,0.0964302386090795,0.09543960109450315,0.0012570010336492895,0.028790291042808325,0.06134993918242457,0.031436446310975565,0.0637181128675656,0.0922591359126457,0.05412535973541881,0.0007897782162530293,0.06443495206597477,0.033586384581646915,0.02559983230729268,0.06983917385215331,0.08569848624774645,0.06355629362871147,0.05837048598917714
296,0.038742748707597294,0.05044618948187451,0.25604261553596636,0.05828908053826469,0.02270078526684353,0.01041037794724142,0.04127415503062461,0.0648593864766958,0.0648593864766958,0.01681539649395817,0.030267713689124707,0.009993179771009018,0.018160628213474823,0.0324296932383479,0.00873107125647828,0.009659908624188735,0.030267713689124707,0.04036373545811142,0.025223094740937254,0.170463139363441
297,0.07795622526255584,0.018716070151103034,0.0918959441567194,0.07404549542858781,0.024680532067388614,0.06716071269842337,0.0490182789671746,0.032084691687605194,0.03953426232502938,0.03233341022781919,0.038890535378915396,0.07639212306572664,0.09067412868236249,0.045835273839435996,0.03290737608985149,0.04990952040294141,0.07815501821339725,0.058081667030715774,0.012340266033694309,0.009388468290552602
298,0.05100587770681026,0.033396705641363864,0.020619566103552436,0.03455226906220527,0.028793557551837726,0.015163909588511158,0.14549274981868218,0.028793557551837726,0.09995655346581402,0.00909270238479086,0.0233776939489547,0.19496242900742708,0.007351546608979845,0.03839141006911697,0.05698312900057709,0.1259744067633735,0.03685495231252296,0.01382090762488211,0.01382090762488211,0.021595168163878298
299,0.07645412414843672,0.036402234703385716,0.07280446940677142,0.03235754195856507,0.041602553946726524,0.011648715105083425,0.16404053647339578,0.041602553946726524,0.07280446940677142,0.007619588033586763,0.03235754195856507,0.13571738014515403,0.04973785708906024,0.10001371253699148,0.006773238688088557,0.014114607535096014,0.020801276973363262,0.024268156468923805,0.048536312937847624,0.010343128537460666
300,0.017454722441697407,0.028748399262786092,0.03528212636796475,0.051747118673014965,0.07762067800952244,0.0280333421033322,0.029854106926739402,0.028748399262786092,0.028748399262786092,0.006024146460352014,0.03881033900476122,0.03528212636796475,0.43450425271266413,0.02487561741427741,0.011941642770695761,0.027638239644180596,0.014009173405309735,0.018481113811791062,0.032341949170634356,0.029854106926739402
301,0.011859275293019354,0.06785812467647125,0.015637760139848737,0.040211383216753896,0.023456640209773102,0.010689101867744707,0.0423236875832084,0.024836442575053876,0.040211383216753896,0.011893507711997632,0.052777440471989484,0.01759248015732983,0.013403794405584632,0.027239969275865538,0.010425173426565825,0.029002106559980086,0.014559293923307444,0.01623921245291984,0.05629593650345545,0.4734872863323772
302,0.014122219495868319,0.028368730936402207,0.03546091367050277,0.04171872196529737,0.04171872196529737,0.04284834716491162,0.03223719424591161,0.021491462830607735,0.07263381097497511,0.012227901265690608,0.022966826559696986,0.03546091367050277,0.022163071044064227,0.024455802531381216,0.4005311103975777,0.04753143186259983,0.016493448218838497,0.016886149366906078,0.031282206643520466,0.03940101518944751
303,0.0028292968187739174,0.03238006990495552,0.055929211654014085,0.03845133301213468,0.04101475521294366,0.020507377606471828,0.04732471755339653,0.02368761347436982,0.055929211654014085,0.010607264279209567,0.04101475521294366,0.055929211654014085,0.018970288867891875,0.036189489893773824,0.010085595544166473,0.007787611749293099,0.34633618662061405,0.04394438058529678,0.07690266602426936,0.034178962677453045
304,0.02503488804687601,0.08331229565734817,0.07197530313476855,0.03838682833854322,0.05758024250781483,0.005936107475032456,0.04798353542317903,0.03598765156738427,0.03598765156738427,0.01497459685715695,0.03838682833854322,0.06397804723090536,0.026172837503552197,0.02399176771158951,0.02920214559910427,0.015152695396793371,0.02056437232421958,0.016451497859375663,0.32590861045730324,0.02303209700312593
305,0.2936125110501067,0.032449005494350806,0.04680100063871905,0.02472305180521966,0.051918408790961275,0.07845890449822869,0.01854228885391474,0.032449005494350806,0.0432653406591344,0.009795926186973825,0.0865306813182688,0.032449005494350806,0.005297796815404211,0.034612272527307524,0.011286610606730713,0.015642745745848216,0.047625923722245445,0.017468598514344392,0.0865306813182688,0.030540240465271346
306,0.0205707231881692,0.023017031387472995,0.018560648480917888,0.04011291021692994,0.029713266827355513,0.012342433912901522,0.005800918864002435,0.057304157452757055,0.053483880289239914,0.0205707231881692,0.06171216956450761,0.020337510815553773,0.027664076011675823,0.053483880289239914,0.015136947251671676,0.012535284442790609,0.015730553026247037,0.01956727327655119,0.03820277163517137,0.4541528398786753
307,0.017598074250291418,0.06452627225106854,0.06452627225106854,0.038715763350641114,0.038715763350641114,0.011851764291012586,0.3261436469037733,0.05807364502596168,0.03226313612553427,0.009678940837660278,0.036296028141226046,0.04755628104567495,0.0189599588201922,0.019024777151724855,0.0041452411752207615,0.010558844550174848,0.025249410880852894,0.017598074250291418,0.0483947041883014,0.11012340115868784
308,0.008336317623831717,0.03462778089899328,0.037513429307242725,0.012261152893673645,0.0409237410624466,0.5117840355121481,0.03601289213495302,0.02648006774628898,0.029042654947542754,0.014067535990216023,0.02369269219404804,0.047385384388096065,0.02433303522631961,0.033345270495326866,0.006256424676235226,0.013641247020815539,0.0209377279854378,0.010321290414987624,0.01607718398881831,0.05296013549257797
309,0.03298781309511768,0.06587876199287855,0.05360519627956623,0.05045194943959174,0.03729057132491563,0.005710206410663731,0.01750373756067469,0.023961463385417808,0.02522597471979587,0.017153662809461193,0.028589438015768652,0.007442285241547998,0.012612987359897935,0.027667198079776117,0.014443277023394067,0.48629530870725063,0.010543078670607232,0.03430732561892238,0.023824531679807217,0.024505232584944563
310,0.01597419795102154,0.007629160819868169,0.033186278514254736,0.03664668941704941,0.10288479132777031,0.014085727722846008,0.024633916347399386,0.03461076222721333,0.06922152445442664,0.013255185533826382,0.07787421501122999,0.027984960512478896,0.010741271036031723,0.08899910286997713,0.016837668110536216,0.016345241014901347,0.010048285807900646,0.01415894818386,0.03114968600449199,0.35373238713291605
311,0.0438124107644769,0.08850884389623069,0.10796602032727211,0.24592902979020784,0.022929524867292644,0.03104672310507547,0.03630508103988001,0.03540353755849227,0.03378309106571097,0.009269382393160852,0.024203387359920007,0.04356609724785601,0.030345889335850525,0.0885088438962307,0.014053579757372908,0.027002698137833094,0.0643700682881678,0.009216134620878497,0.0256271160281506,0.018152540519940006
312,0.3072753593165593,0.021741750104484602,0.016471022806427725,0.02363233707009196,0.03882455375800822,0.006107233175417023,0.09979268857294993,0.022647656358838125,0.04941306841928318,0.014303782963476711,0.06794296907651438,0.02363233707009196,0.006320276193164128,0.03882455375800822,0.012640552386328255,0.16235601412826317,0.005085001115162236,0.021046535736946294,0.04181105789323961,0.020131250096745
313,0.11640714418201911,0.054015225712252056,0.04419427558275168,0.09119453691678918,0.017832926341175413,0.01647385183012966,0.03801796074003113,0.014731425194250561,0.10213788134680389,0.001761988638846502,0.09575426376262863,0.024552375323750934,0.08958160054446361,0.06782593683186194,0.05460764477839313,0.03642582242533558,0.0619542504906488,0.017409866138659753,0.02674938951176312,0.028371633707445526
314,0.10202482905759083,0.04437647590384149,0.008995981026860993,0.009706190055297388,0.010538149202894304,0.00838222322628117,0.01968000235735579,0.010245422836147242,0.006899748208326858,0.0037256083040535424,0.013246664553697468,0.009457313387212838,0.22741800100397416,0.010777144148075792,0.005956609640349018,0.2630355076020061,0.20936999301215156,0.014467946938512707,0.010848094767685315,0.010848094767685315
315,0.1073711985563507,0.03708208311043892,0.03152727713842984,0.2745500384138266,0.033278792535009274,0.030253447759099345,0.016416296226490816,0.011141701596695502,0.007427801064463668,0.0026272730948691536,0.0345587460940481,0.029950913281508357,0.006030100465028042,0.13865973365641637,0.04903974910513368,0.13852297392697613,0.01736284827913528,0.010509092379476614,0.009427593658742347,0.014262339657861117
316,0.011193673255028378,0.018082087565815072,0.01567114255703973,0.12387333965473145,0.023506713835559596,0.5357083978844616,0.016790509882542565,0.04890101817018122,0.02541266360601037,0.006764521967067509,0.019588928196299656,0.02474390930058904,0.010002856951301955,0.019588928196299656,0.024963690142931032,0.00777081449109408,0.00989756372023562,0.014630159811869272,0.016790509882542565,0.026118570928399545
317,0.0093471563512705,0.03560257460670322,0.038698450659460024,0.026971647429320622,0.02405579365317785,0.009674612664865006,0.02617836368139943,0.028711753715083242,0.04238401738893241,0.05519472587393662,0.021192008694466205,0.02405579365317785,0.003544248288908685,0.038698450659460024,0.008726121227133144,0.5048416619454489,0.036145820410918045,0.016182988457592373,0.026971647429320622,0.02282216320942514
318,0.31543150706493583,0.1258022455261981,0.019248879716156037,0.015527520085715087,0.023259062990355215,0.009787817729727083,0.015506041993570144,0.018007016508662103,0.015506041993570144,0.0067255121899822325,0.016915682174803794,0.046178422109481615,0.008136860522303238,0.016915682174803794,0.003931109237806515,0.27390537594871317,0.016536285602383325,0.02033776312995767,0.012404833594856115,0.019936339706018755
319,0.055686275419071694,0.1874653647612401,0.019308033515288106,0.00795036674158922,0.024906655551813848,0.003917572017594688,0.010812498768561336,0.015017359400779633,0.00901041564046778,0.07488426255408231,0.08019351714786382,0.014226972063896495,0.0008026773705146735,0.012286930418819701,0.003556743015974125,0.15272173369235578,0.17880932177338466,0.12337464176594437,0.014912017651462281,0.010156640729295287
320,0.01318114006629534,0.025579493700445335,0.020194337131930532,0.030695392440534403,0.013689239003525682,0.01145350464199045,0.02257014150039294,0.03336455700058087,0.03836924055066801,0.010231797480178138,0.04038867426386106,0.019184620275334005,0.007680975213978359,0.04514028300078589,0.008341139250145218,0.43391410660375496,0.1633620273927636,0.017052995800296893,0.028421659667161488,0.017184675015376908
