site,A,C,D,E,F,G,H,I,K,L,M,N,P,Q,R,S,T,V,W,Y
225,0.4207165824088098,0.17119678833881227,0.013939887279078935,0.009836014127063857,0.016970297557139573,0.02920663140741536,0.018154271805312098,0.03877103735908395,0.033940595114279146,0.004410359817109719,0.018586516372105247,0.022959814342012358,0.009352157356614554,0.016970297557139573,0.0039828249368796965,0.009737411978223505,0.009009210623979387,0.11994618586055154,0.012797273567679021,0.01951584219071051
226,0.006822074340763944,0.011716171150442427,0.02395306101868229,0.01155417264561637,0.01238951432000808,0.002756746153045276,0.02994132627335286,0.01364414868152789,0.5881512323955949,0.004414697856019502,0.011942298264408794,0.017849673252437706,0.011716171150442427,0.0499403668921276,0.15776036887004877,0.0045289401085743825,0.01259383775136611,0.004129838106669361,0.006230565004859556,0.017964795764011714
227,0.05028196667407757,0.11071691794664115,0.011942224865475994,0.010485855979442335,0.009346089025155125,0.0010848883162662068,0.01343500297366049,0.010707081158459949,0.015354289112754844,0.0037062077168718596,0.011942224865475994,0.15684986715527585,0.01343500297366049,0.009346089025155125,0.0019875573985033085,0.2261564872308974,0.2908791375831503,0.03350549731201065,0.0058097310156369686,0.013027881671428357
228,0.008557384140140087,0.012101351309289013,0.006964462677394077,0.015359407431020669,0.012610881890732761,0.003827583960446044,0.03056873349732447,0.06405638205720211,0.018691317374783648,0.0062724281655477075,0.018431288917224804,0.6417990926033819,0.04991807415081718,0.042786920700700434,0.005598288689811271,0.021727296262860445,0.012719131632951644,0.005990168898098061,0.010500250067008521,0.0115195555732655
229,0.028875297098958804,0.10576949873121949,0.0015899141555779479,0.001392473835604216,0.0009955537235861918,0.00035806470058394123,0.00231574453095049,0.12073351849396403,0.002088710753406324,0.17352909178233814,0.2532309288542359,0.0068486662956745974,0.0223951090901842,0.0022192551754942193,0.00043747124609331623,0.009402883986702946,0.19723993781271484,0.06795816328365048,0.0009808818579254226,0.0016388345911341926
230,0.01069776440088946,0.02009883008651959,0.023687906887683803,0.016581534821378665,0.02551005357135179,0.004949711886978706,0.02551005357135179,0.36220436596448496,0.03014824512977939,0.0049869277658281695,0.021128603975419193,0.03316306964275732,0.00934170975852319,0.022108713095171553,0.00630750899819777,0.0066326139285514665,0.009633282333624092,0.33633713650720015,0.01087313758778929,0.02009883008651959
231,0.013372934684211465,0.022737831896032363,0.022027274649281357,0.011937459906008396,0.030646642990304496,0.007342424883093784,0.028194911551080136,0.03335745595508406,0.3796929505079209,0.010844196750415435,0.025174028170607262,0.03887689590248649,0.013555245938019298,0.03955447522074555,0.2558505865108763,0.007919918975022509,0.01532332149515225,0.010520489384731394,0.014997293378234118,0.018073661250692395
232,0.0409959750577833,0.05659415295197262,0.0142984674390694,0.010213191027906713,0.008936542149418374,0.23287171365865342,0.012998606762790361,0.017865154119520055,0.008665737841860241,0.08072566517169685,0.09707261236896547,0.05932093960274366,0.0037138876465115317,0.018102118856683537,0.0018214608202636179,0.16032386681541808,0.11755004394729529,0.039824661484703774,0.0051065955139533575,0.012998606762790361
233,0.1206870245985476,0.07037654103040268,0.013224868698307385,0.002441514221225979,0.009918651523730539,0.0006207173573482858,0.015869842437968865,0.3293483447235594,0.00689993149476907,0.004007808241888877,0.00542929232827067,0.017633158264409848,0.004380495363126306,0.010579894958645909,0.001763315826440985,0.0695178352247267,0.2099309023073678,0.08996871837517452,0.00417627432578128,0.013224868698307385
234,0.15185623025633527,0.1517513919731681,0.006006635486828552,0.01396136896938528,0.022876890755379877,0.01491198649447316,0.01396136896938528,0.020662826074690218,0.021523777161135644,0.0067087097645098116,0.04085614399277603,0.012299301234934652,0.0014556503929555823,0.028698369548180856,0.005064418155561327,0.2953233012948235,0.12361897054503616,0.05232806619764415,0.008906390549435437,0.007228202183361076
235,0.0017879685860514038,0.09072884396159109,0.01789617772469044,0.01789617772469044,0.01789617772469044,0.003693463475447912,0.01590771353305817,0.15504681032524723,0.031815427066116335,0.06687871424811048,0.059322705667194164,0.01244951493891509,0.00381785124793396,0.019089256239669807,0.003624542323987937,0.025877096029818185,0.16285460670126142,0.25349470986490835,0.01789617772469044,0.0220260648919267
236,0.03696973780776394,0.11691500813614085,0.005246109900758201,0.007082248366023572,0.014164496732047142,0.001770562091505893,0.008852810457529467,0.005012181821335949,0.0051571519904584535,0.19721330407046894,0.23779323688706616,0.03121036234142743,0.0022845962471043776,0.08482816431259764,0.00208301422530105,0.09971384778898792,0.08033257743989393,0.04380401732130166,0.0038282423600127413,0.015738329702274602
237,0.23853320579635906,0.020479453200365774,0.01500283878587853,0.012919111176728736,0.029068000147639658,0.16575852454512652,0.03322057159730247,0.01442857136014628,0.011925333393903448,0.007624393481348106,0.012491008877052933,0.014525264444810717,0.011925333393903448,0.016037517322835673,0.0036972928621262884,0.2650648349261512,0.08923136369001901,0.005813600029527931,0.004895663182760363,0.027358117786013793
238,0.0685512566549708,0.06786279353218058,0.08521354336443422,0.0032156054099786507,0.028404514454811416,0.2367526327400944,0.05486376292146819,0.028662546336573166,0.042036336661638696,0.04105695948939221,0.01583982823863254,0.04514351048010274,0.0028657575592925455,0.09690119272312253,0.020457371990045627,0.05284656980805677,0.04179954674083588,0.04806947875196125,0.003963420621601594,0.015493371520806229
239,0.009585186022460009,0.08560518686911048,0.03354815107861003,0.015483762036281557,0.2864512527693754,0.007741881018140777,0.013258244099668219,0.1613020691724567,0.020128890647166022,0.11442609998058868,0.04558856105455587,0.015483762036281557,0.0008273766030300222,0.019755043123640875,0.0035477395941894262,0.008051556258866407,0.026340057498187838,0.09444729799280038,0.01829899149742366,0.020128890647166022
240,0.008950622408976166,0.014197538993548408,0.012866519712903242,0.037429875528445795,0.005819780894450277,0.0046261643911562214,0.01112780083278118,0.22334656857114046,0.051466078851612966,0.23438219933820256,0.2066313040304426,0.020586431540645194,0.056097796124270925,0.025733039425806487,0.0036360817610490586,0.010042161727143993,0.015835716569727067,0.006145203444968711,0.029409187915207406,0.021669927937521254
241,0.024189558374695816,0.18252500622356288,0.06873036630434408,0.03298576142003975,0.13746073260868819,0.003981820308591904,0.053754574165990686,0.024992860474306947,0.01617185089513979,0.15623484201582805,0.04753320176518758,0.09164048840579211,0.0021537396234959268,0.01456813178608501,0.0033035644240081395,0.04031593062449301,0.008085925447569893,0.02389092185155142,0.012496430237153473,0.054984293043475276
242,0.06376652191595546,0.012081238931526206,0.009664991145220967,0.0036314737072389676,0.07248743358915724,0.08205036592643343,0.08193876258135488,0.01812185839728931,0.020710695311187785,0.03825991314957327,0.03624371679457862,0.1441615364540038,0.016108318575368277,0.08193876258135488,0.00450931847924973,0.011151912859870347,0.2210572759753123,0.016877213395083,0.0289949734356629,0.03624371679457862
243,0.03527580649905236,0.0018104980882909466,0.03527580649905236,0.09979805346650729,0.0881895162476309,0.0038343267933752573,0.0035840759246587436,0.0881895162476309,0.05879301083175394,0.013900214290966932,0.09979805346650729,0.09979805346650729,0.006532556759083771,0.0881895162476309,0.10001365421903888,0.0045578425125003,0.01959767027725132,0.03527580649905236,0.05879301083175394,0.05879301083175394
244,0.18192408313932024,0.013523669754129327,0.060856513893581966,0.006085651389358198,0.08107079971365454,0.006095630193979567,0.04057100926238797,0.04937640640323167,0.005795858466055424,0.05066654408432325,0.06888314404625963,0.015214128473395492,0.004197000958178067,0.04146632645115048,0.003344902300923574,0.07878602025718592,0.04877929886172482,0.1683938857420133,0.006085651389358198,0.06888347521978823
245,0.019063605587750776,0.1295769120488722,0.13000186391449328,0.04085618036209875,0.03819086345807416,0.02767342719829496,0.03819086345807416,0.07638172691614833,0.025460575638716103,0.12362854828685566,0.031123270897390233,0.020855604454700794,0.00954771586451854,0.017626552365265,0.004676432260172347,0.01432157379677781,0.20651587043372482,0.01715883876161792,0.010415690034020222,0.018733884262433873
246,0.08100630426490055,0.04978642470185346,0.0028440861644659205,0.003490375698068007,0.02637172749651382,0.1343705862141106,0.019778795622385367,0.04941145987734808,0.02373455474686244,0.028299290657026636,0.08894062777922657,0.16305781759524865,0.019764583950939232,0.03955759124477074,0.01545422255738334,0.10083549200981594,0.08399948179149173,0.043431998736777395,0.006085783268426269,0.019778795622385367
247,0.09970440942062436,0.09172805666697441,0.007077963717026512,0.0318508367266193,0.0318508367266193,0.019542064246442375,0.007992350266788474,0.017179836700169114,0.09555251017985791,0.05403587318650789,0.0637016734532386,0.03612818600182624,0.10816090522764718,0.07444595903406617,0.04111699885365133,0.04624703751945035,0.09440797317266889,0.041358866130036774,0.027300717194245115,0.010616945575539768
248,0.07118227844862204,0.06854859302301099,0.06854859302301099,0.030276142787091963,0.06854859302301099,0.0445321803027993,0.060552285574183934,0.024220914229673568,0.031049206374701196,0.03262521095561844,0.007123798302845167,0.06854859302301099,0.013456063460929762,0.041522995761696206,0.06863232778830441,0.023345423664840846,0.09311351076906506,0.09342674046381642,0.02219795600075674,0.06854859302301099
249,0.0205514347480242,0.04624072818305445,0.10462640185354725,0.0205514347480242,0.10462640185354725,0.00123293053069965,0.09248145636610891,0.10462640185354725,0.09123673676472403,0.013211636623729843,0.011234168808755801,0.04624072818305445,0.0308271521220363,0.02642327324745968,0.10482348425542204,0.047012745510010494,0.0205514347480242,0.014227916364016753,0.006792076870104112,0.09248145636610891
250,0.08712992686240213,0.07116267782200715,0.020080472611770653,0.018407099894123098,0.04417703974589544,0.1606956709714999,0.03183593481510848,0.027610649841184647,0.014725679915298481,0.028745805643865606,0.0520951660610866,0.03428485287780912,0.12466866487426863,0.04353179346399089,0.010419033212217321,0.09264021349198712,0.061056724584716594,0.043963909982768834,0.015777514194962653,0.016991169133036707
251,0.04367992717425828,0.20239728102051052,0.009404563656697477,0.025960472145821086,0.013291761738660396,0.014453001652157557,0.016614702173325495,0.03987528521598118,0.005642738194018486,0.030419455126481823,0.0290146338982166,0.022570952776073943,0.05815145760663923,0.18091564588732206,0.0026797906731170153,0.1167776209896592,0.10384188858328437,0.06403303681867693,0.004153675543331375,0.016122109125767108
252,0.021733891818692258,0.06520167545607679,0.05795704484984602,0.06417560516568727,0.04012410797297033,0.008993334545665761,0.07451620052123062,0.043467783637384516,0.2954540866998569,0.018629050130307648,0.043467783637384516,0.023465589421224797,0.03725810026061531,0.03725810026061531,0.006811594232701857,0.01768172916518269,0.02861469558548844,0.017387113454953806,0.03260083772803839,0.06520167545607679
253,0.06133241508183952,0.06633463437387171,0.021430925144457692,0.015716011772602307,0.150219973171462,0.09333193599410361,0.013145278475318293,0.06302935937264141,0.013867069211119682,0.024266303358466947,0.03235507114462259,0.021430925144457692,0.01540717673553457,0.0168385840420739,0.005124786447587709,0.011930829350652478,0.013867069211119682,0.19199712547358458,0.034666147654952774,0.13370837883953077
254,0.01817361353266536,0.025894954859979315,0.10714769906789703,0.2947392119918707,0.05178990971995863,0.00827599873671792,0.05178990971995863,0.05754434413328737,0.13044123693046789,0.014797117062845326,0.02725784722103086,0.03046465277644626,0.018496396328556656,0.03236869357497415,0.010357981943991726,0.015244384828321465,0.050814616094404894,0.005326315411342378,0.01670642249030924,0.03236869357497415
255,0.05818419491308296,0.04637511414772417,0.10993208050707692,0.17084790814120537,0.014279707669808836,0.0014343451498387884,0.013589777039626133,0.0519609122103352,0.028012288421779604,0.0208333846126344,0.03412887188360653,0.02409096838842814,0.16685226254207638,0.09315174443525547,0.004015161398071358,0.05175096913069749,0.05071000136082713,0.04233255581518687,0.006119874715632358,0.011397877517105788
256,0.02259741810163372,0.050622382690827125,0.3164565056045353,0.02386445031748411,0.04640385079992487,0.00386840322758776,0.05568462095990984,0.05568462095990984,0.029307695242057813,0.015049897556732394,0.04283432381531527,0.03450147752241503,0.1113692419198197,0.04640385079992487,0.015467950266641627,0.015049897556732394,0.034802888099943655,0.028867267527301958,0.0206239336888555,0.03053932334244741
257,0.08725081198891099,0.06881736654657414,0.02758784320430064,0.007427496247311711,0.02145721138112272,0.003140079714310642,0.029709984989246846,0.12064544572696273,0.014854992494623423,0.10801674557567219,0.1455882906010231,0.01755590022091859,0.05523988611981761,0.013318269133110655,0.004827872560752613,0.008396300105656717,0.012976989120211124,0.21974050829301753,0.010728605690561362,0.022719400285894642
258,0.01958623950038175,0.025155805051231286,0.010971426494201061,0.018866853788423465,0.030873033471965673,0.015005907230822124,0.012577902525615643,0.016566017960566944,0.050056252973319434,0.09098124155016035,0.06235619106243984,0.3875079682699623,0.008597553625104363,0.03503625450999965,0.006860674104881261,0.10326262523240207,0.018568370593203966,0.02518230792906225,0.044222589533962964,0.017764784592293456
259,0.018604875263518512,0.027007076995430097,0.031008125439197527,0.038055426675378784,0.011087416530556712,0.012685142225126256,0.018508609313983296,0.018508609313983296,0.03220074564839743,0.4770493110644491,0.06855237516012226,0.06730596833902913,0.006964470527822447,0.027007076995430097,0.007155721255199427,0.012133614302294682,0.01781317844379432,0.009513856668844696,0.05232621167864582,0.046512188158796285
260,0.01198297617789955,0.015278294626821927,0.009456891235150953,0.04074211900485847,0.055557435006625196,0.3474520618972284,0.06790353167476414,0.04365227036234837,0.061113178507287716,0.021073509830099212,0.055557435006625196,0.04365227036234837,0.023505068656649118,0.07639147313410966,0.009259572501104199,0.005372653085083566,0.019713928550737968,0.022491697800500827,0.02910151357489891,0.04074211900485847
261,0.0885860834595323,0.12089306963052839,0.008034479073997404,0.004820687444398442,0.016068958147994812,0.03919147878218437,0.016068958147994812,0.13566281116909973,0.006427583259197924,0.01236560564032351,0.02560088533352366,0.04171996128426078,0.009933198495025698,0.01053534375865171,0.002472147407383817,0.10959302482419953,0.23108269836195255,0.08533628444507886,0.009349423043878423,0.026257318290793502
262,0.006074197956126365,0.02058039952320261,0.014548895786169037,0.01425152814300233,0.14512147942177392,0.14544200504919,0.14512147942177392,0.08550916885801393,0.05130550131480838,0.025652750657404192,0.05130550131480838,0.08550916885801393,0.02850305628600465,0.05130550131480838,0.005965755966838183,0.005960146674107888,0.032065938321755236,0.0063761540497572315,0.03664678665343455,0.04275458442900698
263,0.025592852664309215,0.04335497331049665,0.046843046171677914,0.022403195995150307,0.17175783596281902,0.010103402115459941,0.032204594243028566,0.03551386264441616,0.023421523085838957,0.012567646533864805,0.025290401097789714,0.046843046171677914,0.01226841685448707,0.034351567192563805,0.007257373350541649,0.04641808010449124,0.2928812467753999,0.014313152996901583,0.032204594243028566,0.06440918848605713
264,0.019185636941666768,0.06182038570092624,0.09273057855138937,0.06182038570092624,0.04279872856217971,0.0168601051911617,0.02225533885233345,0.032728439488725655,0.06182038570092624,0.00968206220544952,0.069547933913542,0.032728439488725655,0.014552557132621598,0.011908099526092376,0.31576085748783234,0.01545509642523156,0.01545509642523156,0.021399364281089853,0.030910192850463123,0.0505803155734851
265,0.3185637162361352,0.029456584235827178,0.01778525764387583,0.015546530568908788,0.029456584235827178,0.00518217685630293,0.02543977729457801,0.03731167336538109,0.03997679289147974,0.008111233340300237,0.06218612227563515,0.03997679289147974,0.01399187751201791,0.03292206473415978,0.007175321801034826,0.24063164238274146,0.007457845270680839,0.00425011025432068,0.02152596540310447,0.04305193080620895
266,0.009879414413668141,0.03321171630312324,0.05160192694530549,0.008147672675574551,0.17530125754237721,0.002381627397475638,0.17530125754237721,0.10320385389061099,0.01935072260448956,0.006696645113022417,0.007978450203894477,0.03870144520897912,0.01935072260448956,0.061922312334366604,0.008367880045184675,0.011908136987378193,0.020640770778122198,0.17602300084093203,0.025800963472652746,0.044230223095976136
267,0.0814331636540699,0.1661883076173882,0.007183564929711537,0.007981738810790596,0.01436712985942307,0.0032585942670076114,0.02052447122774725,0.01795891232427884,0.015963477621581193,0.007183564929711537,0.015963477621581193,0.01795891232427884,0.006530513572465033,0.011972608216185896,0.005986304108092948,0.4978165061214233,0.050758392303053006,0.0019915086977222813,0.013061027144930066,0.03591782464855769
268,0.0036980370009040476,0.026929488886617062,0.0071495382017478255,0.0071495382017478255,0.04479656372440479,0.0013312391668990138,0.01649893431172575,0.0412209556311369,0.010213626002496893,0.0067026920641385865,0.014299076403495653,0.34171774502855,0.006128175601498136,0.011915897002913043,0.0016381098127005625,0.12187740610175445,0.2471502403601054,0.03458558228722429,0.006128175601498136,0.04886897860844159
269,0.04755952570157485,0.028772584216959243,0.02026026533051509,0.0075252414084770345,0.05238642642756183,0.039686180814819505,0.1162231728642564,0.01075034486925291,0.037626207042385174,0.028397137390479374,0.014512965573491424,0.07190786234766947,0.0017031363995487143,0.01141760765424102,0.028862814842172037,0.08015207698160036,0.12522001703705787,0.026727581554246024,0.15785480558009635,0.0924540459635952
270,0.14148207436149035,0.02044838341120981,0.008241881828159095,0.01311480622372186,0.027686813138968373,0.01044969736300904,0.05662629252335026,0.02491813182507154,0.0946468032175997,0.00655740311186093,0.02453806009345177,0.027686813138968373,0.24638215440771982,0.01916779371159349,0.060922080232018186,0.05829451776992051,0.0466865831687616,0.015974464832498217,0.08306043941690514,0.01311480622372186
271,0.023304733581277843,0.05205891045977248,0.04665082946780691,0.236439757627169,0.03470594030651498,0.006200814346416606,0.03470594030651498,0.046274587075353306,0.020482900348539907,0.014361078747523437,0.05205891045977248,0.08329425673563595,0.014361078747523437,0.021919541246219986,0.014361078747523437,0.01487397441707785,0.024498310804598807,0.016505774429153713,0.03470594030651498,0.20823564183908985
272,0.022926900720880394,0.04589098027722144,0.0253606647932898,0.08597756779210654,0.014964450090398295,0.0009858931824262404,0.06498846896401547,0.11372982068702706,0.11372982068702706,0.05512485800742069,0.11572508069908014,0.025653343012111366,0.001402038807895118,0.05281570620140574,0.09611452515204391,0.03883145708591486,0.04869832906741021,0.05912275466384783,0.005985780036159318,0.011971560072318636
273,0.041071219083967936,0.023328671027684243,0.0766513476623911,0.048778130330612506,0.041273802587441344,0.009581418457798885,0.09285952954666425,0.048778130330612506,0.03577062890911584,0.008059240264667738,0.048778130330612506,0.031562319625690435,0.3048834742684889,0.03353496460229609,0.010318450646860336,0.007975054194228271,0.03458705131804787,0.014501606314506421,0.020636901293720675,0.06706992920459219
274,0.00808568824404238,0.13404322501898105,0.18096720646732292,0.026278486793137733,0.017518991195425153,0.0055323130090816275,0.01911162675864562,0.01800763628783433,0.018099220528366183,0.006183173363091231,0.04204557886902038,0.2386662499875876,0.014498475472075991,0.14508207884407362,0.020075310909819497,0.05418170885553836,0.011293284718760531,0.006781544978874255,0.017518991195425153,0.016029208502896092
275,0.006299866199404042,0.008032329404240153,0.018899598598212133,0.01352278923907456,0.16959831504006015,0.0036510588201091607,0.03212931761696062,0.05651404978074175,0.014604235280436646,0.1568416658289594,0.18298051948233404,0.02471485970535432,0.006299866199404042,0.017849620898311453,0.0031438646733987895,0.0035699241796622915,0.002640623993531593,0.00201042293720222,0.09465952467352191,0.18203754744908066
276,0.03474919327924334,0.06949838655848668,0.041699031935092015,0.01756908842201254,0.0176904983967057,0.05017444493002941,0.053745418938563036,0.03979313506609191,0.1070459081318265,0.044151916166568016,0.039246147703616015,0.08407256014115205,0.023166128852828895,0.0666443481267377,0.11184831041361476,0.0801487886544626,0.0661847999728272,0.02250423945703378,0.008225304791869087,0.021842350061238674
277,0.014992733754156332,0.04712002037020561,0.029985467508312665,0.059970935016625315,0.02868175152969038,0.011181021782760654,0.016914879107253297,0.3748596416680416,0.0507446373217599,0.012686159330439975,0.027486678549286613,0.029985467508312665,0.010307504455982478,0.06596802851828786,0.009845974405714606,0.013630103956765817,0.007547598988965477,0.1053079878907638,0.04397868567885857,0.03880472265781639
278,0.047602719009190844,0.05625775882904372,0.06875948301327565,0.0325702814273411,0.026905884657368737,0.014391519700453048,0.0325702814273411,0.3515391317926208,0.04420252479424864,0.011004900333882456,0.03867720919496756,0.02914538018044664,0.01213402641410747,0.0412556898079654,0.013751896602655135,0.01237670694238962,0.008684443999552555,0.08109909300112622,0.029468349862832425,0.047602719009190844
279,0.013762180279730522,0.013400272018007791,0.023324558112933564,0.041101207361397676,0.026155313775434882,0.3275045034006104,0.041101207361397676,0.041101207361397676,0.07521779266857286,0.011743202103256481,0.052310627550869765,0.05561344931314508,0.013077656887717441,0.047951408588297294,0.018720699659378795,0.07944165060155582,0.015385457591298992,0.015260814898010509,0.03028510016102987,0.05754169030595676
280,0.018847363715679473,0.012492889339695917,0.0296706121817778,0.0098902040605926,0.07748360638668228,0.0015077962338550873,0.03956081624237039,0.03874180319334113,0.08618735496384278,0.03228483599445096,0.029977539007735043,0.01582432649694816,0.004844181580698418,0.013962641026718965,0.13477067494677708,0.02567082100005712,0.14268983707755545,0.07924459744092507,0.022500633047350085,0.18384746606294616
281,0.018419282777876758,0.009789805514793505,0.028734081133487743,0.07183520283371936,0.04225600166689375,0.008404961791193563,0.016449724586290546,0.044897001771074606,0.04789013522247958,0.013570396520867929,0.07183520283371936,0.03265236492441789,0.011980688511961456,0.044897001771074606,0.4087561472641229,0.008606356353922236,0.029931334514049737,0.02052434366677696,0.035917601416859686,0.03265236492441789
282,0.010821572921023008,0.016792095911932255,0.018035954868371683,0.014756690346849559,0.014756690346849559,0.00676348307563938,0.037459290880464256,0.27702975506426325,0.025630041128738703,0.1640599374449065,0.03164891993624887,0.022012971511601604,0.009938179213184396,0.034783627246145386,0.006407510282184676,0.005797271207690897,0.004336385442648987,0.2684472380093973,0.012486430293488088,0.018035954868371683
283,0.08463724995217656,0.017289499054647696,0.2063184527846334,0.12872449628756866,0.0102855560060387,0.015422373460524426,0.10604226086850586,0.025490928093390822,0.03000415678738356,0.04169000175273919,0.035347420289501955,0.062377800510885796,0.004190411706163914,0.050625055948620504,0.007263168552637388,0.06761533047802457,0.05735458821012936,0.002230113673373963,0.015697045194351188,0.03139409038870239
284,0.01123504916033206,0.020533020879227558,0.027066254795345423,0.024810733562399972,0.021266343053485685,0.002977874128071208,0.03133987397355785,0.2571354068071977,0.018976779076378292,0.012944730554295635,0.028355124071314252,0.04580443119212302,0.010826501918138167,0.04253268610697137,0.3381796957043102,0.010589596699928575,0.018044169863563615,0.013533127397672711,0.018044169863563615,0.04580443119212302
285,0.0034350086328970267,0.004707234052488518,0.006689227337746842,0.01588691492714875,0.004382597221282413,0.0032588543440305127,0.005525883452921303,0.06736100185713201,0.025419063883438002,0.5021010729711933,0.3038193782751811,0.004366135137588361,0.0022297424459156137,0.012709531941719001,0.002118255323619833,0.0018099929169611182,0.001353882083786041,0.015976464938883633,0.011554119947017272,0.005295638309049583
286,0.11298347813617571,0.01107440020093735,0.013019380302460446,0.0368337348991076,0.018026834264945234,0.002570389046009977,0.051214083643352684,0.022363339045886756,0.2582965659799922,0.008264463685393516,0.07827168666060363,0.013785226202605182,0.003069601488920751,0.04870238281104227,0.12878512066016426,0.051936821287265705,0.007636262113229626,0.022959694753777075,0.04758918548964703,0.06261734932848292
287,0.12742087749120723,0.04085249507351683,0.06817667026881088,0.0700328486974574,0.05627639627474256,0.039056781004351254,0.028337517088029292,0.030908893209809225,0.056403047707307856,0.0639049744364299,0.030908893209809225,0.05164067541334982,0.0031974717113595753,0.06127874261027524,0.02626231826154653,0.038354781687843106,0.05575664584327208,0.051211520610015736,0.06040333200155701,0.03961511739930908
288,0.01693490041093887,0.050804701232816614,0.031199728849908966,0.25753541646467815,0.045724231109534955,0.0033614778214299096,0.07620705184922492,0.07620705184922492,0.00810671988208828,0.014288822221729672,0.05693748633327676,0.045724231109534955,0.021773443385492832,0.1409353238744792,0.014288822221729672,0.014749751970817728,0.030482820739689973,0.016798988373059837,0.020783741413424983,0.0571552888869187
289,0.020431306927492784,0.0868330544418443,0.05788870296122955,0.03157565616067066,0.1154432657482595,0.005427065902615269,0.19257874701664843,0.038592468640819694,0.049618888252482465,0.010525218720223556,0.05788870296122955,0.05212465337553113,0.013505744827129195,0.052838655592501726,0.00289509480282735,0.020431306927492784,0.024809444126241233,0.028944351480614774,0.03157565616067066,0.10607201497347536
290,0.05629063857425528,0.047655259890279286,0.10620315061262242,0.0606546263279132,0.01429657796708379,0.018764258581797467,0.04084736562023939,0.10484157175861442,0.030975918928681533,0.09631378840982763,0.036762629058215444,0.03717110271441784,0.01035541060547583,0.07148288983541892,0.04493210218226334,0.04467311060072917,0.052316196387999885,0.03610978964989149,0.060760456360106095,0.02859315593416757
291,0.03955120233743199,0.02521294247147354,0.060574608209070055,0.18524584595597815,0.02341201800922543,0.0823440211029965,0.10356617145258075,0.02341201800922543,0.006625236121098468,0.006184306643946341,0.018209347340508667,0.10685398641932935,0.019726889800491573,0.118041425133362,0.022192751025553015,0.0996656273329381,0.015511062544741355,0.011521022536711114,0.014898556914961638,0.017250960638376635
292,0.03382360617137641,0.029951308471260533,0.1133911292635724,0.020735521249334213,0.033695222030168094,0.04619638599627023,0.05197093424580402,0.005963209531774247,0.06664241979434142,0.023460233640739115,0.020735521249334213,0.01684761101508405,0.015671853121665896,0.09449260771964366,0.019269080789888118,0.19666164749570778,0.1501450110496335,0.018142580682171585,0.012252808010970218,0.029951308471260533
293,0.013241851976444141,0.021300610204606933,0.03889794018080467,0.024894681715714993,0.10129771040326412,0.00783476970065586,0.03457594682738192,0.04787438791483651,0.06915189365476385,0.01437601685137887,0.03660982605252205,0.062236704289287466,0.0270594366475163,0.04149113619285831,0.01015842671943218,0.012701368222303566,0.01555917607232187,0.012965980060268225,0.3509032462626829,0.0568688900509553
294,0.010347732868773551,0.021802453516833676,0.01853968805655261,0.01853968805655261,0.2482387791542379,0.006095239909003598,0.14192425043527387,0.041788035907264556,0.04943916815080696,0.07071501438733273,0.026173677256309563,0.03422711641209712,0.02118821492177441,0.019345761450315767,0.009887833630161392,0.0052857302434388305,0.029663500890484175,0.009231527632759001,0.04300734861674965,0.17455923850327795
295,0.06605153128301719,0.058526673288749394,0.027869844423214003,0.0948535739507318,0.04542650123453331,0.0011372613750439977,0.04210566653058304,0.074370073038722,0.04079131774670412,0.057621743334694636,0.057196521623096006,0.07169517477871801,0.0007145453632509218,0.05434619662526731,0.048623490959526776,0.05219946536564136,0.07079839510735815,0.06799077745407814,0.033253791641334886,0.03442745487573494
296,0.013705592566612248,0.050590603343723034,0.2568012393833582,0.014687594519145395,0.02276577150467536,0.028001248196765513,0.04139231182668248,0.06504506144192962,0.06504506144192962,0.016863534447907676,0.030354362006233815,0.010021787554821837,0.01821261720374029,0.03252253072096481,0.008756065963336678,0.009687562342415048,0.030354362006233815,0.024988304378029264,0.025295301671861517,0.2349090874796338
297,0.04465530270942141,0.0286425164769591,0.03499193334737839,0.06481167139701463,0.020736663512730572,0.009334136333679065,0.0393132579095517,0.07413357205801177,0.04038928632461131,0.0681778093979601,0.018380224477193008,0.10590510294001686,0.07032433713012977,0.06644094582905742,0.055240739674023265,0.08311945958019502,0.09849915168547022,0.043985855413370176,0.008848692225949705,0.024069341577276557
298,0.07074535870845047,0.07102609425888086,0.003194868298815293,0.06484991214941294,0.018488888287765032,0.03657262893543522,0.17190588928767084,0.018488888287765032,0.02016969631392549,0.022185496261641267,0.012325925525176688,0.1251098079902874,0.004720567222408093,0.03602772897189607,0.1236201450348184,0.10488440041990028,0.06406770507367238,0.008874666378127217,0.008874666378127217,0.013866666215823773
299,0.15097141607782574,0.033799570763692346,0.038861771783329266,0.017271898570368562,0.022206726733331014,0.0062178834853326825,0.08751765026931127,0.04506609435158978,0.038861771783329266,0.004329084922812389,0.017271898570368562,0.12042051067432477,0.04121184382743664,0.21683223407106555,0.0009461197485515755,0.08832954492911596,0.011103363366665507,0.030044062901059848,0.025907847855552852,0.00282870531493637
300,0.015122607726998477,0.029685118871515533,0.03643173679685997,0.05343321396872795,0.08014982095309192,0.012143912265619991,0.030826854212727666,0.029685118871515533,0.029685118871515533,0.006220433427973698,0.04007491047654596,0.03643173679685997,0.4486710191257834,0.025686148755456054,0.012330741685091066,0.015649964120786567,0.014465639426631191,0.01908329070311713,0.03339575873045498,0.030826854212727666
301,0.011415365275734208,0.08399283492772136,0.015052415909070374,0.038706212337609534,0.02257862386360556,0.010288993153035449,0.07712855259151292,0.023906778208523535,0.038706212337609534,0.011448316325208457,0.05080190369311252,0.016933967897704176,0.01290207077920318,0.026220337389993555,0.010034943939380252,0.010307282027392792,0.01401431826016897,0.015631354982496157,0.05418869727265335,0.45574081882826395
302,0.01563243231857345,0.03140244820984926,0.03925306026231158,0.04618007089683715,0.04618007089683715,0.019114342259151672,0.03568460023846508,0.02378973349231005,0.04827538338651273,0.013535538021486751,0.025422870808084915,0.03925306026231158,0.02453316266394474,0.027071076042973503,0.4434411229422275,0.020167383622721885,0.021003678022875602,0.01869193345824361,0.017753520791713318,0.04361451140256842
303,0.058018920399517844,0.030638997999721824,0.05292190563588316,0.03638381012466967,0.038809397466314316,0.019404698733157155,0.04478007399959343,0.020940253287906458,0.05292190563588316,0.010036913137839908,0.038809397466314316,0.05292190563588316,0.017950259044639413,0.0342435859996891,0.00954329445892975,0.007368872936641957,0.3276155259474774,0.04158149728533676,0.07276762024933933,0.032341164555261925
304,0.027276012001103613,0.022666017476016938,0.0784185345031729,0.041823218401692216,0.06273482760253832,0.006467508000261681,0.05227902300211527,0.039209267251586445,0.039209267251586445,0.022901534337910767,0.041823218401692216,0.06970536400282035,0.02851583072842651,0.026139511501057634,0.0037828169970394445,0.01650916515856271,0.022405295572335112,0.01792423645786809,0.355115420311198,0.02509393104101533
305,0.3120445554860332,0.03447932563804584,0.020859044577394358,0.026269962390892066,0.05516692102087333,0.08689620472083555,0.019702471793169047,0.03447932563804584,0.04597243418406112,0.010408853022806287,0.09194486836812224,0.03447932563804584,0.005629277655191156,0.036777947347248895,0.011992808917581161,0.015271653928967514,0.005197265791085747,0.028031755501200288,0.09194486836812224,0.03245113001227844
306,0.02028063324974922,0.008392114176365687,0.018298904772366065,0.03954723483701098,0.02929424802741554,0.012168379949849534,0.034169625146750496,0.056496049767158545,0.052729646449347974,0.02028063324974922,0.06084189974924767,0.02005070965615201,0.027273955060007578,0.052729646449347974,0.014923484844155087,0.012358510886565933,0.015508719543925877,0.019291334066834625,0.037664033178105696,0.44770023693989436
307,0.019042742714186035,0.06982338995201545,0.06982338995201545,0.04189403397120927,0.04189403397120927,0.012824704276900797,0.3529354608241368,0.06284105095681392,0.034911694976007726,0.010473508492802317,0.03927565684800869,0.08654040127289164,0.013034435934811826,0.015627607739456557,0.004485534045673887,0.01142564562851162,0.027322196068179955,0.019042742714186035,0.05236754246401159,0.014414227196971182
308,0.008350027558218901,0.03468472985721697,0.037575124011985046,0.010640050978710344,0.040991044376710965,0.5126223806353637,0.036072119051505654,0.026523616949636508,0.02909041858992391,0.014090671504494397,0.023731657270727406,0.047463314541454804,0.0243730534131795,0.0334001102328756,0.006266714012088305,0.013663681458903659,0.02097216223924747,0.01033826484191877,0.016103624576565025,0.05304723389927302
309,0.032648413429430374,0.04197408757205023,0.05305367182282436,0.04993286759795234,0.036906902137616944,0.033106561306940244,0.017323647942146733,0.015948976470345544,0.024966433798976173,0.016977174983303797,0.028295291638839655,0.00736571426317948,0.012483216899488087,0.027382540295651285,0.01246756492973568,0.4811075131055266,0.026272555021346417,0.03395434996660759,0.023579409699033053,0.024253107119005423
310,0.015288686322305418,0.03161638896913377,0.01645817880955063,0.035074045092347725,0.1401488229488997,0.01348125730232499,0.036331433158973775,0.03312548703166174,0.06625097406332346,0.012686356735530029,0.07453234582123891,0.01635492610610297,0.010280323561550194,0.0851798237957016,0.01611510179918679,0.005572511837101973,0.00961707688015986,0.01355133560386162,0.029812938328495558,0.3385219858325493
311,0.0343072819098171,0.22411518483776677,0.13909414259521122,0.2156896282606884,0.020107619752542254,0.003894344517202555,0.0318370646081919,0.01910223876491514,0.01715917879675837,0.021457836846169157,0.0212247097387946,0.03820447752983028,0.010915565008522934,0.0636741292163838,0.012324025009622671,0.02658993718414181,0.03565468849691744,0.01882939309621884,0.02247322207637075,0.023345331753934037
312,0.288648890392228,0.020426949507895746,0.015474961748405864,0.022203205986843205,0.03647669554981384,0.005737907165139255,0.1021776577037558,0.021278072404058067,0.0464248852452176,0.013438782570984043,0.06383421721217421,0.022203205986843205,0.0059380667174115526,0.03647669554981384,0.011876133434823105,0.19201282022644672,0.031690131831929265,0.005484283421784354,0.03928259520749182,0.018913842136940504
313,0.0746619600511601,0.08678655185433996,0.021696637963584987,0.04605000710638447,0.015700227809188567,0.0051991943507208255,0.039942276110133776,0.02479615767266856,0.1692337761159629,0.03261199263644599,0.023550341713782848,0.07438847301800568,0.07883569680914164,0.027701957399934404,0.07924599744216726,0.033776035433221004,0.028050630858386966,0.09523978742456789,0.03357813018173867,0.008954168048463645
314,0.06344613917572904,0.027904679330785255,0.01157023289325242,0.012483672332193402,0.013553701389238549,0.01027412075179152,0.02062519776623258,0.013177209683981925,0.008874150961054096,0.0047917126123570635,0.0056460556179112505,0.01216357816982947,0.18033780446931275,0.011294751157698795,0.007275770862575945,0.2927155338698776,0.2694626596442514,0.006498349981141772,0.013952339665392626,0.013952339665392626
315,0.12649602163524884,0.05247975848663945,0.016584316265938613,0.05903972829746937,0.01750566716960187,0.019481122468525243,0.021990377936418115,0.014322818593310622,0.010754520788682848,0.002764052710989769,0.07771041160521608,0.07347166188129522,0.004758027126239285,0.17830895155912235,0.05300076198603978,0.19860308602287613,0.03593722592019875,0.009667323931749367,0.012119308040493604,0.015004857573944458
316,0.012658585859936625,0.020448484850666852,0.017722020203911275,0.029533134307438275,0.026583030305866916,0.6059566599232314,0.01898787878990494,0.0553006795037087,0.02873841114147774,0.007649792893774652,0.022152525254889092,0.02798213716407043,0.011311927789730603,0.022152525254889092,0.0042976376504143005,0.008787778613509723,0.011192854865628175,0.020019356497194246,0.01898787878990494,0.029536700339852125
317,0.00933967861072367,0.03557409248810982,0.03866749183490198,0.026950070066749862,0.02403654897845258,0.009666872958725495,0.026157420947139572,0.02868878426460469,0.04235011010489263,0.006817409661406233,0.021175055052446316,0.02403654897845258,0.008389200106172907,0.03866749183490198,0.008719140315713192,0.5044048076938117,0.08043525855489919,0.016170042040049917,0.026950070066749862,0.022803905441096034
318,0.40325364719815016,0.0837078819563795,0.024593958459591416,0.017450806115867513,0.029717699805339632,0.008377853834538816,0.019811799870226427,0.023007251462198428,0.019811799870226427,0.00859306982323074,0.021612872585701555,0.031275472379306626,0.00859306982323074,0.021612872585701555,0.005022709826254586,0.18663532917114223,0.03784076387834039,0.007759387339529577,0.015849439896181136,0.02547231411886254
319,0.05851083681490689,0.06643702568266448,0.034683510979474835,0.014281445697430815,0.013332240909699516,0.007037234111777503,0.019422766148505903,0.026976064095147086,0.01618563845708825,0.005277925583833127,0.09364224909036617,0.025556271248034088,0.0031378400569304563,0.02207132516875671,0.006389067812008523,0.2745423720432881,0.1798603210033637,0.0936422490903662,0.02207132516875671,0.01694229083760102
320,0.013029015545745128,0.025284278855938258,0.01996127278100389,0.030341134627125906,0.013531250475247043,0.011321318890718622,0.022309657814063168,0.032979494159919465,0.037926418283907394,0.010113711542375307,0.03992254556200778,0.018963209141953697,0.012845280619875922,0.04461931562812634,0.008244873539979866,0.4288596448076544,0.16781140324773713,0.01685618590395884,0.02809364317326473,0.016986345399397022
