site,A,C,D,E,F,G,H,I,K,L,M,N,P,Q,R,S,T,V,W,Y
225,0.41508732516368474,0.15328948096126982,0.01375462981253848,0.009705296064460099,0.016744766728307717,0.03143058625803263,0.017913006267491975,0.02975619336307002,0.033489533456615435,0.004351747285322909,0.018339506416717975,0.0226546843971222,0.00875294624434267,0.016744766728307717,0.003929894232153852,0.011938572498644395,0.02030803524645184,0.13992534599853212,0.012627201139379589,0.019256481737553875
226,0.006223394395107342,0.010688003417684349,0.021851029209488,0.06196245146763823,0.011302256487666208,0.002514824333572788,0.02731378651186,0.012446788790214687,0.5364531977939724,0.0033445452871665306,0.010894286454682522,0.02240496793295349,0.010688003417684349,0.05906746424638142,0.16268610501864936,0.004131497119441008,0.01018791365448793,0.0037674188292220697,0.00568379372501133,0.016388271907116
227,0.05273413871446017,0.11367087933362853,0.01201945082054463,0.010553664135112358,0.009406526729121883,0.0010919038880972706,0.013521882173112707,0.017409749103506296,0.01545357962641452,0.0037301743925828154,0.01201945082054463,0.11549316301186416,0.013521882173112707,0.009406526729121883,0.002000410197716366,0.22763449137158148,0.3146268132705934,0.0367458849418335,0.005847300399183873,0.01311212816786687
228,0.008368394761656038,0.011834093602341871,0.006810652885602434,0.0150201957260493,0.012332371227703635,0.0037430519700697926,0.029893624626424906,0.0633157598247266,0.018278520614014342,0.006133901919538457,0.018024234871259162,0.6275310616576545,0.04881563610966023,0.04184197380828019,0.005474650778653483,0.039450185672463285,0.015740314219451195,0.0058578763331592265,0.010268352596754422,0.011265146794536975
229,0.029782761189181065,0.11266709356103724,0.0015961052093793119,0.0013978960657309008,0.0009994303647515319,0.00035945898833080305,0.0023247619354003026,0.12121442543205473,0.0020968440985963508,0.17523343626695626,0.25306650662459074,0.007847490131448481,0.022329370467025905,0.0022278968547586233,0.000439174739336402,0.00927471787577624,0.18691978929302863,0.06759292339620813,0.0009847013675095676,0.0016452161388986755
230,0.010978152505701756,0.020625619859197242,0.024308766262625316,0.017016136383837727,0.02617867135975034,0.005079443696667977,0.02617867135975034,0.3717981742535815,0.03093842978879586,0.005117635002657962,0.017765027721860928,0.03403227276767544,0.009586555709204352,0.022688181845116964,0.006472828632077922,0.006806454553535091,0.009885770393318326,0.32275946582653786,0.011158122218909983,0.020625619859197242
231,0.01825898266339075,0.021360528904088655,0.020693012375835887,0.011214369889337881,0.02879027808811949,0.006897670791945296,0.026487055841069935,0.03133688846647559,0.3565970618675842,0.010187329169642281,0.0236491570009553,0.03652199833402825,0.012734161462052853,0.057200019771186,0.2752851908744294,0.007440184225019643,0.014395139044059748,0.009883229791444004,0.014088859489930819,0.016978881949403807
232,0.03994155340091068,0.03412254024504367,0.01492290752572224,0.010659219661230169,0.009326817203576398,0.24797992839417188,0.013566279568838397,0.01933962233215315,0.009044186379225598,0.08564044783258325,0.08959112325343159,0.061811435208758495,0.0038760798768109703,0.013717301167989525,0.0019010073281174825,0.16733124697119361,0.1183908608498788,0.03994155340091068,0.0053296098306150844,0.013566279568838397
233,0.11118748577531373,0.07931896881978213,0.011903209383217006,0.002197515578440063,0.008927407037412755,0.0005270793822826718,0.014283851259860408,0.36600038469699486,0.006210370112982785,0.003333269505548169,0.0030692798346963154,0.015870945844289344,0.003942719939153508,0.009522567506573605,0.0015870945844289343,0.06723807972261533,0.1982496768409597,0.08096797656595267,0.003758908226279055,0.011903209383217006
234,0.14873359433002264,0.154325144250257,0.005912315274544801,0.013742138205698725,0.029798607481207596,0.010981478273338995,0.013742138205698725,0.02033836454443412,0.021185796400452206,0.006603365111829259,0.031315314416829346,0.012923780552977191,0.00359246738900192,0.028247728533936273,0.004984893270694637,0.29065472654169894,0.12854566247057483,0.058491248192353656,0.008766536441566426,0.007114700112882608
235,0.0018082720171672978,0.08184722525307016,0.018099399310631994,0.018099399310631994,0.018099399310631994,0.0026655226614984524,0.016088354942784,0.15297991637066172,0.032176709885568,0.07541478749605378,0.07135399124626629,0.01259088647696139,0.003861205186268159,0.019306025931340797,0.0036657011262039483,0.03171873835209205,0.164727570611595,0.23512131143300935,0.018099399310631994,0.02227618376693169
236,0.03996066900263512,0.10420371586314042,0.00523643109086839,0.007069181972672326,0.01413836394534465,0.0017672954931680816,0.008836477465840408,0.0050029345970307795,0.005147637303455557,0.20668892966556937,0.23715328437818167,0.0424450480563223,0.002280381281507202,0.08706676524373803,0.002079171168433037,0.09546532596187655,0.08018471642970451,0.035743198363218764,0.0038211794446877437,0.015709293272605167
237,0.2633676746769135,0.01148953759859877,0.013799980611072685,0.011883316637312591,0.02673746243395333,0.16940377678334564,0.030557099924518098,0.013271755289599858,0.010969215357519315,0.00701310490070907,0.01148953759859877,0.03330633646229467,0.010969215357519315,0.014751703411836322,0.008278127268650142,0.24375432294754132,0.08394251815932838,0.005347492486790666,0.004503151567823719,0.025164670526073726
238,0.07424599915845759,0.04913338179603813,0.08682004075755063,0.0032762279531151194,0.02894001358585022,0.23016259739121858,0.04806900145617809,0.02480572593072876,0.05305251620460166,0.03780573742968965,0.014653815623379793,0.05568449936884321,0.002919784558599661,0.09872190488960206,0.026597220608793822,0.056347410075615154,0.04640374947403601,0.04253677035119968,0.004038141430583753,0.015785461955918303
239,0.008838835070649902,0.08828635572462115,0.03093592274727466,0.014278118191049847,0.29924182286563505,0.007139059095524923,0.012371963496395296,0.167820184804129,0.018561553648364797,0.10551691039793729,0.053481157794722435,0.014278118191049847,0.0007629528856676348,0.02648590671738634,0.0023151126765520178,0.007424621459345918,0.027589486163944115,0.0792362247410533,0.016874139680331635,0.018561553648364797
240,0.008938342437328693,0.014178060417831727,0.012848867253659997,0.03737852291973817,0.012743811911730105,0.004619817439518202,0.01111253384100324,0.18874961186676054,0.05139546901463999,0.2340425151791468,0.21952595334502228,0.020558187605856003,0.07159129508842564,0.02569773450732,0.0036310931715528914,0.010028384197978536,0.015813990466043076,0.006136772419658506,0.029368839436937137,0.02164019747984842
241,0.013774464541935899,0.23385770097252145,0.0646439499380403,0.031305601231672496,0.12928789987608064,0.003401102356033556,0.045914881806452985,0.023506890886560116,0.01521034116189184,0.146938597086733,0.05172019833408237,0.08619193325072042,0.0020256873909901556,0.020632096844567786,0.0026961382944883164,0.045914881806452985,0.0076051705809459195,0.01190385824611744,0.011753445443280058,0.05171515995043225
242,0.06240726664316527,0.010729379064222446,0.008583503251377958,0.003225121048226951,0.06437627438533468,0.0728615980408442,0.07277002373444662,0.01609406859633367,0.018393221252952768,0.013729598661496357,0.0343239966537409,0.23279614190188025,0.014305838752296598,0.07277002373444662,0.013679459435584306,0.010561229739612583,0.20594397992244537,0.012801940665932456,0.027459197322992714,0.03218813719266734
243,0.03545147484248939,0.001959524091342095,0.03545147484248939,0.1002950331381463,0.08862868710622346,0.0038534211785314553,0.0036019240971861166,0.08862868710622346,0.05908579140414898,0.006112323248705067,0.1002950331381463,0.1002950331381463,0.006565087933794332,0.08862868710622346,0.1005095189415569,0.007319977234476421,0.019695263801383,0.03545147484248939,0.05908579140414898,0.05908579140414898
244,0.17775794940241016,0.012999422394381488,0.05849740077471669,0.00584974007747167,0.0662131955789235,0.003995159186449133,0.038998267183144454,0.06672679905852508,0.005571181026163493,0.05720245943291864,0.06618850766836028,0.014624350193679173,0.004034303501704599,0.04941381099029193,0.006679910265360399,0.07093627088828575,0.04991503803677242,0.172333298684046,0.00584974007747167,0.0662131955789235
245,0.008550969774702943,0.1307518021414472,0.1311701936443942,0.04761026041332807,0.03853714480090205,0.03773608998875754,0.03853714480090205,0.07707428960180411,0.025691429867268033,0.11350894447103123,0.04762613054728582,0.006625512740726768,0.009634286200225512,0.017786374523493253,0.004718834057253312,0.01445142930033827,0.20122040156228263,0.01935488442593096,0.010510130400246013,0.01890374673768007
246,0.08081154512486391,0.033514513966052796,0.002921538581223986,0.0035854283854959037,0.0284498433498587,0.13803977511999496,0.02133738251239403,0.054867555031870345,0.024380913021372144,0.03491571683846295,0.10973511006374069,0.1188797025690524,0.02743377751593517,0.04063485503562025,0.021791369374359857,0.1028706810854595,0.08230133254780549,0.0469600161993006,0.0062515161593261915,0.02031742751781012
247,0.09280435840954182,0.08436759855412893,0.006867874056110804,0.03090543325249862,0.03090543325249862,0.014764329746972562,0.0042668254775754645,0.014264046116537822,0.09271629975749586,0.05577628954997323,0.06181086650499724,0.023159732936427556,0.10495607567337374,0.13123848663975612,0.046870888085627185,0.04712234650508591,0.08760131137800871,0.03280962165993903,0.02649037135928453,0.010301811084166206
248,0.08491729137270429,0.06751915014674537,0.06751915014674537,0.02982146446127264,0.06751915014674537,0.04407937145451476,0.05964292892254529,0.02385717156901811,0.02157549471403341,0.037151314975558125,0.007016815167358269,0.06751915014674537,0.013253984205010064,0.04245864568635215,0.06760168754265608,0.019753519291630477,0.0955319527942923,0.08757095672810128,0.028171650381225977,0.06751915014674537
249,0.02042977340652498,0.04596699016468121,0.10400702960232464,0.02042977340652498,0.10400702960232464,0.00923060647055289,0.09193398032936242,0.10400702960232464,0.0924760698636025,0.013133425761337487,0.011167664252521192,0.04596699016468121,0.030644660109787475,0.026266851522674974,0.10419062157705473,0.027457425098893536,0.02042977340652498,0.014143689281440374,0.022176636047498713,0.09193398032936242
250,0.0909822701218822,0.06355379162925594,0.018744064963441276,0.01718205954982117,0.0412369429195708,0.12862076877349415,0.05402072288486754,0.025773089324731754,0.014405526102631346,0.038959602691190934,0.049109748077152314,0.04986528266295465,0.1163536464882495,0.04355946881619328,0.007857559692344371,0.0996259917218393,0.06840297529735555,0.04115864600751813,0.01472747961413243,0.01586036266137339
251,0.037845006564423606,0.20187171193937126,0.00885611839014721,0.023131133659719628,0.017081452548716035,0.01436907204608892,0.021351815685895042,0.04555054012990941,0.005313671034088325,0.032384962184832826,0.03403333621642896,0.022775270064954712,0.06405544705768512,0.16448806158022847,0.0018367153278189287,0.1171299603340528,0.10675907842947518,0.06029091204967235,0.005693817516238678,0.015181917240252361
252,0.020095205567013812,0.06028561670104145,0.05358721484537017,0.12058379898900193,0.03709884104679473,0.008315257476005714,0.0688978476583331,0.040190411134027625,0.2731659125178621,0.017224461914583263,0.040190411134027625,0.021696337089756903,0.03444892382916655,0.03444892382916655,0.006298015444592643,0.03051101901460694,0.02645721230347562,0.01607616445361105,0.03014280835052072,0.06028561670104145
253,0.06401439752581228,0.048740693375187466,0.021784693860806927,0.015975442164591742,0.16359234923263136,0.08863531965112469,0.013362272760955522,0.08147286957830656,0.014095978380522126,0.025605759010324917,0.015975442164591742,0.021784693860806927,0.018967228896536972,0.017116545176348297,0.0052093833145407855,0.00811161387511376,0.014095978380522126,0.18711900815237437,0.03840863851548737,0.1359316921234139
254,0.01922845580013023,0.023626952187518598,0.12321768278068418,0.2688974743677235,0.047253904375037195,0.01873045011080665,0.047253904375037195,0.052504338194485786,0.13689305847602135,0.013501115535724917,0.024870475986861686,0.02779641433825718,0.016876394419656143,0.04741238919329481,0.009450780875007439,0.012643303784878615,0.06020620849942197,0.004859811505364808,0.015243194959689422,0.029533690234398256
255,0.038786246657033584,0.04689730516616338,0.11828964869200648,0.16612061233988007,0.013882256902028012,0.00139442265322694,0.01803742506390899,0.04597775016290527,0.003966356906559912,0.013272822216838691,0.028422609191614167,0.035528261489517696,0.18816819974077895,0.11084817584729523,0.007105652297903542,0.04421294763139982,0.05500301223192,0.04300859317989456,0.005949538672297719,0.015128162956826894
256,0.013052631544423729,0.048650717574670245,0.30413114690017423,0.026719265178548775,0.044596491110114406,0.0037177347822550688,0.05351578933213728,0.05351578933213728,0.028166204911651206,0.014463726846523594,0.04116599179395176,0.06498227544862413,0.10703157866427458,0.044596491110114406,0.014865497036704806,0.014463726846523594,0.033447368332585804,0.020831674577511422,0.019820662715606403,0.048265235961467305
257,0.07889900307644565,0.09622593233558961,0.04002675336648475,0.006727909702956913,0.019436183586319968,0.002844319549217557,0.026911638811827655,0.11674469731891385,0.013455819405913828,0.101241019123832,0.15668291677182886,0.015902332025170888,0.055532612778726606,0.012063838088060672,0.004373141306921994,0.007605463142473032,0.0160107013465939,0.1990181379663999,0.009718091793159987,0.02057948850316232
258,0.028627121713375517,0.023741777962318956,0.0043099294662237225,0.017806333471739218,0.02913763659011872,0.008764775959094036,0.011870888981159478,0.04219656732324885,0.05303432232875545,0.08311099852270308,0.04907506579435803,0.36572915516247756,0.008114278544083694,0.044807668768761674,0.006939908294151641,0.11064594187800728,0.02724472492997335,0.04294068257006327,0.02513600930930533,0.016766212430081306
259,0.01768510286721243,0.025671923516921272,0.029475171445354054,0.03617407404657089,0.01053928602569112,0.012058024682190293,0.0175935960338676,0.0175935960338676,0.030608831885559983,0.45344671868727887,0.04737555319307717,0.09690454062220331,0.04093775927045875,0.025671923516921272,0.006801962641235551,0.011533762739486367,0.016932545298394882,0.009043518511642722,0.049739351814034966,0.04421275716803109
260,0.011613399599370107,0.014807084489196888,0.009165223668235637,0.039485558637858374,0.053843943597079606,0.3367125095054592,0.06580926439643063,0.04230595568341969,0.05922833795678757,0.020423564812685365,0.053843943597079606,0.04230595568341969,0.02278012998337983,0.07403542244598448,0.008973990599513267,0.03607225747017773,0.01910591546993147,0.021798013310519282,0.028203970455613122,0.039485558637858374
261,0.08355923593661388,0.13923707127286936,0.008090184912452737,0.004854110947471642,0.016180369824905477,0.037129885672765164,0.017404633909108673,0.1124607114127022,0.006472147929962191,0.012316878179043112,0.031328341036395604,0.04873297494550428,0.009677057416168026,0.007735392848492743,0.0024892876653700735,0.11035818323911843,0.23215208043139302,0.07718576777082975,0.010504052816633245,0.03213163183220063
262,0.006073286917358981,0.020577312771346758,0.01405537553245394,0.014249390627115211,0.14509971337221672,0.14541433378891444,0.14509971337221672,0.08549634376269123,0.051297806257614736,0.02564890312880737,0.051297806257614736,0.08549634376269123,0.028498781254230412,0.051297806257614736,0.0059648611927459,0.005959252741325548,0.032061128911009214,0.007022378026676007,0.03664129018401053,0.04274817188134562
263,0.018637191122733654,0.038119699380966744,0.04530916173537261,0.02166959909083038,0.16613359302969954,0.00977256429586468,0.031150048693068665,0.06723102765645496,0.022654580867686305,0.012156116563148746,0.04447298261112788,0.04530916173537261,0.011866685216407111,0.03322671860593991,0.0070197292829450525,0.034692060204312036,0.2832844677430547,0.013844466085808296,0.031150048693068665,0.06230009738613734
264,0.018707392204861804,0.060279374882332475,0.09041906232349872,0.060279374882332475,0.04173187491853786,0.0164398295133634,0.021700574957639693,0.031912610231823076,0.060279374882332475,0.02570639420585099,0.06781429674262401,0.031912610231823076,0.014189802230249035,0.020300330938877894,0.30786229597216136,0.015069843720583119,0.015069843720583119,0.020865937459268936,0.03013968744116624,0.0493194885400902
265,0.3152187601263766,0.02914580619704404,0.017597616488826566,0.015382508826217686,0.02914580619704404,0.005127502942072562,0.025171378079265304,0.03691802118292244,0.03955502269598834,0.008025656778896184,0.061530035304870744,0.03955502269598834,0.013844257943595919,0.03257472457316686,0.007099619458254319,0.2486272531929289,0.00737916219907231,0.004205269993179899,0.021298858374762947,0.04259771674952591
266,0.019343364513978504,0.0574788983535168,0.049005569056100824,0.013828835560765139,0.16648095120982354,0.002261795494896961,0.16648095120982354,0.09801113811220165,0.01837708839603781,0.006359702514176668,0.015930626886133618,0.03675417679207562,0.01837708839603781,0.058806682867321,0.007946849036124458,0.011308977474484805,0.01960222762244033,0.16713751849935268,0.024502784528050412,0.04200477347665785
267,0.0781579472910267,0.1820787528274084,0.006895119085045718,0.012328248889355778,0.013790238170091434,0.002844980512928256,0.01970034024298777,0.017237797712614293,0.01532248685565715,0.006895119085045718,0.01532248685565715,0.017237797712614293,0.00626829007731429,0.011491865141742866,0.005745932570871433,0.484958784278546,0.054800094616101455,0.001911542495134217,0.01253658015462858,0.03447559542522859
268,0.003798604254469055,0.025250762021642174,0.007343968225306839,0.007343968225306839,0.04450423372122872,0.0013674419054926171,0.027387220751525363,0.054582329034302296,0.010491383179009769,0.006884970211225162,0.015823727545325766,0.31336357671829934,0.006294829907405862,0.012239947042178064,0.0016826578269202445,0.12520527050960167,0.24281757799973133,0.03337817529092155,0.006294829907405862,0.05394452572270148
269,0.04366678737379963,0.027229587976834325,0.016994857723319455,0.006840035616196684,0.049730714475990714,0.0414252832071141,0.13573670678363645,0.006911897339947814,0.034656180455396535,0.02844422358131602,0.011139486574948886,0.07508839098669251,0.001612776045987823,0.009859085819207636,0.02843246366876414,0.0800575024252017,0.1289209912940751,0.02554399507703797,0.15739062648934482,0.09031840708518776
270,0.15464735048291045,0.016297813165343462,0.009876778346214553,0.015440033525062225,0.03025976974139209,0.007687930847757125,0.02256620284432172,0.027233792767252882,0.08381732485033781,0.0071667875703297045,0.024446719748015197,0.03025976974139209,0.27539978165110984,0.020949071359425295,0.06575324621879948,0.0440096082629406,0.04247052036138076,0.016604614151179163,0.09077930922417626,0.014333575140659409
271,0.023766596744956348,0.050363032043541214,0.04513112546142219,0.22867856419001645,0.033575354695694136,0.03741281397175323,0.033575354695694136,0.04476713959425885,0.01981564649523949,0.013893250218907917,0.050363032043541214,0.08058085126966594,0.013893250218907917,0.021205487176227875,0.013893250218907917,0.014389437726726061,0.023700250373431153,0.015968079991249294,0.033575354695694136,0.2014521281741648
272,0.022815605387463127,0.05068477955665146,0.02147276858229627,0.085900827690169,0.010861024190711027,0.0004760387535703225,0.05275354606916786,0.11223058330401396,0.09774921771639927,0.05758868640656079,0.14481365587614703,0.03413464745652038,0.0013952860018440487,0.0498329345220859,0.08812945343319806,0.041643359024843306,0.0485082267761694,0.060420298618087176,0.005012780395712783,0.013576280238388786
273,0.044697829596342435,0.026235682589157518,0.0802713577925094,0.0510817731406878,0.0432230388113512,0.010033919724063674,0.04801411758976806,0.0510817731406878,0.03745996696983772,0.008439853682290258,0.0510817731406878,0.033052912032209746,0.319263507055706,0.03511871903422285,0.0108057597028378,0.010763751826565046,0.03121663914153143,0.016308667555422242,0.021611519405675607,0.07023743806844572
274,0.008189440444160515,0.1483420413308566,0.15734203875337086,0.02661568144352167,0.01774378762901444,0.005603301356530877,0.019356859231652118,0.017034036123853864,0.018331462224257057,0.006262513280828628,0.04258509030963468,0.24173942850234365,0.014684513899874024,0.14717857434002635,0.010579432404991325,0.06612636401309997,0.011438195467328561,0.006868562953166883,0.01774378762901444,0.016234888662473492
275,0.005853578011052999,0.007463311964092572,0.017560734033158998,0.011428323122823353,0.1866626110061147,0.003392414529132988,0.047998957115858075,0.06489590380714495,0.013569658116531954,0.13734580766672475,0.17001927793749097,0.02296403681259253,0.005853578011052999,0.0165851376979835,0.0027139316233063906,0.005333217457317564,0.0024535598145652214,0.0018680027679376346,0.09142658498258678,0.18461137352253104
276,0.03378047011977104,0.08189204877520251,0.0552771329232617,0.0031240375945104067,0.013400517072305865,0.0455399685871858,0.042583865363105315,0.06233887759952551,0.10332333975612773,0.03901915265171414,0.034683691245968123,0.07923392803652994,0.02661491585194082,0.061464430140957954,0.09953689526576558,0.07529814354914728,0.077018894060839,0.025737501043635078,0.008545257263499393,0.03158693309900669
277,0.01482681186113607,0.04659855156357049,0.02965362372227214,0.05930724744454426,0.028364335734347268,0.011057283421864187,0.016727685176666333,0.37071094937394355,0.050183055529999,0.01254576388249975,0.02898077162784829,0.02965362372227214,0.010193433154531048,0.0652379721889987,0.009737010774477419,0.009936264558119412,0.007464071065870077,0.11695428597947295,0.04349198145933246,0.03837527775823453
278,0.05048616519517996,0.059665467957939956,0.07292446083748218,0.03454316565985997,0.02853565858857998,0.01526325924505441,0.03454316565985997,0.37286976700657654,0.04688001053838139,0.011671501707824923,0.041020009221083724,0.030910807388591748,0.01286902250073215,0.043754676502489306,0.014584892167496435,0.014504151173788973,0.00921048804596745,0.024023825049010086,0.03125334035892093,0.05048616519517996
279,0.009145963034143128,0.01235345491000552,0.06133153400054545,0.03789041828430724,0.024112084362740975,0.3019091933736339,0.03789041828430724,0.03789041828430724,0.09438543401575981,0.011557400083562423,0.04822416872548195,0.07550834721260784,0.012056042181370488,0.04420548799835845,0.018587640647238675,0.06504675855747148,0.012870741002149062,0.014068653866068384,0.027919255577910602,0.053046585598030147
280,0.018285931595724843,0.01335276176350247,0.03171280918831836,0.010570936396106121,0.0601403972481617,0.0016115762615938848,0.04228374558442448,0.037587748280101065,0.07501464581846365,0.032576048509420925,0.01884051246366364,0.016913498233769794,0.005177601500133611,0.014923674912149817,0.14406036861890179,0.028745831794896776,0.17508504809441042,0.06765794690418189,0.008635798565363614,0.196823118266711
281,0.018165918476381104,0.009655142983904241,0.02833883282315453,0.07084708205788633,0.04167475415169785,0.008980589700941568,0.032701450617253484,0.04427942628617896,0.04723138803859089,0.013383730510199022,0.07084708205788633,0.03220321911722106,0.008410765780040068,0.04427942628617896,0.4031248173767997,0.008487972620292107,0.0295196175241193,0.02024202344511038,0.03542354102894316,0.03220321911722106
282,0.010794453201696022,0.016750013588838656,0.01799075533616004,0.01471970891140367,0.01471970891140367,0.006746533251060014,0.03736541492894777,0.2763389093593176,0.025565810214543207,0.14975816279596896,0.048791418287609224,0.01868270746447389,0.009913273348496347,0.03469645671973722,0.006391452553635802,0.005782742786622869,0.004325518117080279,0.2702210665771954,0.012455138309649259,0.01799075533616004
283,0.0758909991534072,0.014215211333578144,0.18969088357978492,0.11646556325318935,0.009310077740072073,0.03285702788270232,0.13077994426891892,0.02514998928248441,0.053465347214931375,0.03691369394687227,0.02906220983753754,0.05128625265447801,0.003792994634844176,0.06302397135797361,0.007464608691148338,0.06274795305831969,0.050299978564968796,0.00456357503527603,0.014339906169837595,0.0286798123396752
284,0.011835935819448628,0.02163119304933715,0.028513845383217155,0.026137691601282393,0.022403735658242045,0.003137140439286306,0.0330160314963567,0.2161351623247708,0.019991718416408837,0.013637056487625594,0.029871647544322734,0.04825419987929056,0.01140553815328686,0.04480747131648409,0.3562840032788388,0.011155962480051592,0.02026131384537237,0.014256922691608578,0.019009230255478102,0.04825419987929056
285,0.0031722998662019864,0.004347225742573093,0.006177636581551237,0.014671886881184188,0.0040474170706715,0.003009617821781372,0.005103265002151022,0.06220352979719846,0.023475019009894703,0.4713967768389798,0.3343927520796741,0.004032214003814575,0.0020592121938504127,0.011737509504947351,0.0019562515841578918,0.002422706289309616,0.0012503374553750287,0.028983250129972972,0.010670463186315773,0.004890628960394729
286,0.12628163967576633,0.007219360278075304,0.01227192679895642,0.045130619284791076,0.016991898644708892,0.0024228208627957997,0.056743352404636106,0.03914390448170654,0.2055054985289594,0.008477562011030334,0.09133577712398194,0.01299380484595386,0.0028933731021655545,0.054801466274389164,0.12137044369263256,0.056507963050558926,0.008019726771861831,0.02009387096727603,0.05699352492536473,0.054801466274389164
287,0.13692325932363003,0.04323892399693579,0.08205388912940816,0.05945352049578671,0.04169467671133095,0.04490195953527948,0.03572829749892301,0.0492872822491746,0.03501589177651969,0.06485838599540371,0.03118666446785466,0.05210208315857785,0.003226206669088414,0.06485838599540368,0.02254224391303665,0.03685156960238284,0.05998976445630493,0.04621160002172515,0.06810130529517387,0.021774089708059705
288,0.017557494658558544,0.05267248397567562,0.03234675488713914,0.2670005905864573,0.047405235578108065,0.0034850591064885168,0.07900872596351344,0.07900872596351344,0.008404755125471937,0.014814136118158768,0.05367936676146986,0.047405235578108065,0.02257392170386098,0.11470691123280397,0.014814136118158768,0.015292011476809053,0.03160349038540538,0.017416585953978644,0.021547834353685485,0.05925654447263508
289,0.019193133653776985,0.08157081802855218,0.05438054535236813,0.02966211564674625,0.09807733176214067,0.005098176126784511,0.18092613437608968,0.03625369690157875,0.04661189601631553,0.009887371882248752,0.05438054535236813,0.04419678103599642,0.010196352253569026,0.0792520525794007,0.0027196469461407678,0.019193133653776985,0.023305948008157766,0.027190272676184065,0.02966211564674625,0.14824193210105852
290,0.0628663210481489,0.038886645702409885,0.10832708445671328,0.03469945843362023,0.014582492138403713,0.02369654972490603,0.04166426325258203,0.09721661425602475,0.03402581498960865,0.09209995034781292,0.04166426325258203,0.03791447955984964,0.011811474325612619,0.08749495283042227,0.05666339802351156,0.059881562855588176,0.055818880377938224,0.04673057351217143,0.03645623034600928,0.017498990566084453
291,0.03029219130299614,0.027986419432728997,0.016370163802458704,0.20564858320190205,0.025987389473248353,0.07907677056242979,0.08984098580029128,0.025987389473248353,0.007354026097339195,0.006864593445763717,0.020212414034748716,0.13697977464612315,0.014973497633381877,0.1268205630811458,0.0249558293889698,0.09909732979183647,0.011736240407273451,0.012788359366271,0.016537429664794406,0.020490049393048895
292,0.0033394371772379927,0.02924337920965405,0.113210743965584,0.02090044503980013,0.0328988016108608,0.04151060612071414,0.0679264463793504,0.00582226308448683,0.10566336103454509,0.028107495053524303,0.02090044503980013,0.016981611594837603,0.015301433130864095,0.0657976032217216,0.026637822109549177,0.20707803311665146,0.1466052618947006,0.010868231420696067,0.011963200585767565,0.02924337920965405
293,0.012701301891679482,0.02043109084491906,0.03731007430680847,0.023878447556357426,0.11858941987333704,0.007514943936606021,0.03316451049494087,0.045920091454533504,0.06632902098988173,0.021160061333544145,0.035115364053466804,0.05969611889089355,0.02595483430038851,0.039797412593929035,0.04305976082508139,0.012182881406304807,0.014924029722723393,0.012436691435602826,0.3365456858789424,0.033288258210059526
294,0.010586747976398627,0.022316520697748143,0.018967923457714204,0.018967923457714204,0.25393977911541277,0.006236029629933437,0.0735974357651401,0.03793584691542842,0.050581129220571217,0.05791265603438964,0.026778244881478876,0.035017704845010836,0.02167762680881623,0.01979261578196265,0.010116225844114243,0.03235735157761175,0.030348677532342726,0.026857590300227184,0.058410663305666743,0.1876013068523179
295,0.053082772497386826,0.056621623997212614,0.03791626606956202,0.08969158111627429,0.06148357779245243,0.001126059700507572,0.046200362323342216,0.07793859565205738,0.041822790452486595,0.05705722634348708,0.0482570659067153,0.08493243599581893,0.0007075073113340182,0.06445765231825544,0.043996581915677464,0.05308277249738683,0.059932162497049656,0.05839104974712552,0.028954239544029182,0.034347676321838536
296,0.012717061991812205,0.04694170177600241,0.23828204013868648,0.01362823599948457,0.021123765799201083,0.026538295123139075,0.038406846907638334,0.06035361656914595,0.06035361656914595,0.015647233925334136,0.028165021065601446,0.009298955370518789,0.016899012639360868,0.030176808284572976,0.008124525307385033,0.008988836510298333,0.028165021065601446,0.049816222134085944,0.023470850888001205,0.26290233193498397
297,0.04063732163755721,0.0316698135975441,0.0233236360554782,0.06628734884632208,0.029233674090040705,0.022398087606691295,0.031669813597544096,0.07600755263410583,0.027563147186387714,0.0721777147106819,0.017274443780478595,0.07691240445117853,0.07160131769879535,0.08178783385087246,0.06658781320509274,0.0907867989796264,0.10719013833014926,0.035219303615588136,0.009050540699048162,0.022621295426817213
298,0.07794304439635773,0.04453888251220442,0.0419744640384933,0.05845728329726829,0.018173595293528456,0.03500337220103814,0.1361451801164521,0.018173595293528456,0.019825740320212865,0.021536893846362003,0.01211573019568564,0.122946366994331,0.004640066883454074,0.03897152219817887,0.12056814680061585,0.10958021423030162,0.08832905343005336,0.008723325740893661,0.008723325740893661,0.013630196470146344
299,0.16495066730291538,0.030173902555411365,0.03799306101028483,0.016885804893459925,0.021710320577305618,0.006078889761645572,0.08555322568203749,0.045979280084436365,0.03799306101028483,0.003976287106988696,0.017880831143947472,0.1114113325122881,0.03240811208265177,0.24655123832654666,0.0009249703160774384,0.08046374014776361,0.010855160288652809,0.020115935036940907,0.025328707340189893,0.0027654728201712336
300,0.015034807202423955,0.02951276969364703,0.03622021735129408,0.05312298544856464,0.07968447817284696,0.012073405783764694,0.030647876220325755,0.02951276969364703,0.02951276969364703,0.006184318140986395,0.03984223908642348,0.03622021735129408,0.44605379892820696,0.02759422943132959,0.012259150488130303,0.017284916049130836,0.016416814335599755,0.018972494803058806,0.03320186590535291,0.030647876220325755
301,0.010060421939289906,0.14943035040100133,0.013265773945300947,0.03411199014505958,0.01989866091795142,0.009067744215775334,0.09710033063316359,0.021069170383713268,0.03411199014505958,0.010089461873890863,0.0447719870653907,0.014923995688463568,0.011370663381686527,0.023108122356330682,0.008843849296867299,0.023308191256931426,0.012350892983556055,0.013775996020120213,0.047756786203083414,0.40158362114736446
302,0.016304374441573472,0.03275224632747512,0.040940307909343915,0.048165068128639896,0.048165068128639896,0.010995366294194559,0.03721846173576719,0.024812307823844797,0.013096610200557588,0.014117347554946176,0.02651564366872562,0.040940307909343915,0.025587692443339943,0.028234695109892353,0.46253787469602037,0.015385300848551733,0.03073007558694238,0.019495384718735197,0.018516635463083755,0.04548923101038212
303,0.023949424107207486,0.049454750367307995,0.05380508368787935,0.03699099503541705,0.039457061371111525,0.01972853068555576,0.045527378505128675,0.021289711076413996,0.05380508368787935,0.010204412423563325,0.039457061371111525,0.05380508368787935,0.018249818832318767,0.03481505415098076,0.00970255607486349,0.0074918470957806675,0.33312785039522125,0.042275422897619486,0.0739819900708341,0.03288088447592627
304,0.026624146868397952,0.02212432587941129,0.07654442224664414,0.04082369186487687,0.061235537797315304,0.0063129420409603395,0.05102961483109609,0.03827221112332206,0.03827221112332206,0.034474121062893444,0.04082369186487687,0.06803948644146145,0.027834335362416047,0.02551480741554804,0.01548687238788307,0.016114615209819813,0.021869834927612606,0.017495867942090085,0.3466130484911264,0.024494215118926122
305,0.3029344251506848,0.03347122817991119,0.020249173316038087,0.02550188813707519,0.05355396508785789,0.09301944878786174,0.01912641610280639,0.03347122817991119,0.047720386776609745,0.010104521714690168,0.08925660847976316,0.03347122817991119,0.005464690315087539,0.035702643391905264,0.011642166323447369,0.012096324754112023,0.0050453095002857195,0.04740940673765593,0.08925660847976316,0.031502332404622295
306,0.019955824940633395,0.05226287865979316,0.018005835209666032,0.03891385863423511,0.028825080469803793,0.011973494964380035,0.005627518307738862,0.055591226620335873,0.05188514484564681,0.019955824940633395,0.05986747482190018,0.019729583731739976,0.026837143885679392,0.05188514484564681,0.014684474956315136,0.012160580823198475,0.015260336719307889,0.018982370065480543,0.03706081774689058,0.4405353848109746
307,0.019645011250262776,0.07203170791763018,0.07203170791763018,0.043219024750578094,0.043219024750578094,0.013230313699156561,0.3641449024181371,0.06482853712586717,0.03601585395881509,0.010804756187644524,0.04051783570366697,0.05760315349900672,0.013446678581098126,0.016121865135929832,0.004627398905361241,0.011787006750157663,0.028186320489507453,0.019645011250262776,0.054023780938222625,0.014870108770486863
308,0.008341238950447957,0.03464822333262997,0.0375355752770158,0.010628852065405836,0.04094790030219906,0.5120966309884165,0.03603415226593517,0.026495700195540567,0.02905980021446385,0.014075840728880927,0.023706679122325776,0.04741335824465154,0.024347400179685928,0.03336495580179182,0.0062601181426638125,0.013649300100733022,0.020950088526706497,0.01136611005070371,0.016086675118721062,0.05299140039108114
309,0.02930540394494881,0.10644980247818642,0.04762128141054183,0.04482002956286289,0.033127847937768226,0.03886633646849266,0.015549806174870803,0.014315893143849925,0.022410014781431446,0.015238810051373385,0.025398016752288973,0.006611507548203446,0.011205007390715723,0.02457872588931191,0.028161025453347022,0.43180989082951965,0.031118237474480125,0.03047762010274677,0.021165013960240814,0.021769728644819124
310,0.016517693746147644,0.007888730460776119,0.017781197904418844,0.03789353271175047,0.11842050465668613,0.014564971426481747,0.018086921034043642,0.03578833644998656,0.07157667289997312,0.013706171406377834,0.08052375701246976,0.017669645054287957,0.011106725105168242,0.09202715087139399,0.017410542056750217,0.00602046781401643,0.01039016219515739,0.01464068309317632,0.0322095028049879,0.36577663129594973
311,0.0225096167040651,0.2909394801958384,0.12669725174925858,0.20364205522115447,0.01898571998318215,0.0036770605089794565,0.030060723306705065,0.029093948019583836,0.005766931859007331,0.012380403412588866,0.020040482204470043,0.03607286796804608,0.011083408769365269,0.0646532178212974,0.011636409021950348,0.01643725876812646,0.026449043654167125,0.024409830050376856,0.021219334098850635,0.02424495668298653
312,0.3017313793870087,0.021352189369850286,0.01776753530924289,0.023208901488967704,0.03812890958901837,0.005997806002766935,0.06495364080404449,0.02224186392692738,0.0485277031132961,0.01404749300648045,0.06672559178078215,0.023208901488967704,0.006207031793561129,0.03812890958901837,0.012414063587122258,0.18419819363736575,0.044594743421171326,0.0057326943572561405,0.04106190263432747,0.019770545712824338
313,0.07320972289906655,0.058021691808118024,0.029010845904059012,0.043101828200316245,0.016761822077900765,0.004658503922174384,0.04019895925622638,0.029010845904059012,0.16594203857121756,0.035775930391649675,0.024068936931234318,0.06382386098892982,0.08057032040337948,0.04242836213468631,0.08023358472059065,0.036100065880321705,0.03155958832974987,0.09942808096209316,0.03771409967527671,0.008380911038950382
314,0.03505037798169695,0.029108974691751045,0.012069574872189454,0.013022436046309677,0.014138644850279073,0.017070029814874873,0.021515329119989903,0.013745904715549104,0.009257136864895578,0.00499851080565422,0.005889725093836886,0.013505957655725175,0.1834709824777879,0.011782204041899233,0.0057066981107854586,0.29219380690740876,0.28114921963332423,0.007215511624291533,0.01455448734587552,0.01455448734587552
315,0.13571533509256767,0.05361177212352364,0.015494307122056334,0.055845595962003766,0.017374185410401165,0.014215242608510053,0.019075537600414437,0.013381447059957743,0.014390922927919058,0.002582384520342722,0.08419797545040568,0.08600221778148583,0.004445304371120793,0.16657155397887055,0.05103851875736096,0.1935049900083431,0.03399297145513273,0.012344815949495573,0.011322762896887321,0.014892158923200999
316,0.012907695442165749,0.020850892637344666,0.018070773619032046,0.017959461646282163,0.02710616042854807,0.6179176712168533,0.01936154316324862,0.05638894712859048,0.029303957220051968,0.007800333936272826,0.022588467023790054,0.028532800451103228,0.011534536352573647,0.022588467023790054,0.004382211293277138,0.00896071419125556,0.011413120180441293,0.012852747850410587,0.01936154316324862,0.030117956031720076
317,0.009445647689643982,0.0359777202756937,0.039106217690971425,0.027255848693707355,0.0243092704565498,0.009776554422742856,0.026454206085068904,0.02901429054491428,0.042830619375825836,0.006894760783704185,0.021415309687912918,0.0243092704565498,0.0035815941665621708,0.039106217690971425,0.008818068695022968,0.5101783412666174,0.07485406290524155,0.016353509216224412,0.027255848693707355,0.02306264120236776
318,0.3930689090645371,0.07415136492003405,0.023975306651097202,0.017011837627691786,0.02897016220340912,0.007557433618280642,0.019313441468939416,0.02242851267360706,0.019313441468939416,0.008376914372070108,0.021069208875206635,0.03693987409935764,0.008376914372070108,0.021069208875206635,0.00489636544282971,0.19425943682184688,0.034967767939800776,0.023971578727002067,0.015450753175151532,0.0248315676029221
319,0.054131401804456955,0.0559510006305185,0.03155777345542725,0.012994377305175926,0.03400306576241188,0.00640302649820263,0.027989874391577466,0.024544934909776737,0.014726960945866046,0.0048022698736519724,0.12439944174034431,0.02325309623031481,0.0021220164137524715,0.020082219471635517,0.005813274057578704,0.2497761413052612,0.1541969737950048,0.08373039347907792,0.020082219471635517,0.0494395384583294
320,0.012750310209878069,0.02474341961711404,0.019534278645090032,0.029692103540536842,0.013241801767847457,0.011079143112140616,0.02183242907392415,0.03227402558754005,0.037115129425671065,0.009897367846845617,0.03906855729018006,0.018557564712835532,0.01727795256597207,0.043664858147848304,0.008068506396885012,0.41965013833420767,0.18094112386882644,0.016495613078076028,0.027492688463460046,0.016622988315120702
