site,A,C,D,E,F,G,H,I,K,L,M,N,P,Q,R,S,T,V,W,Y
225,0.395208083341829,0.196279141934355,0.013095308449288277,0.018108627211141023,0.015942114633916163,0.018724737846139795,0.01705435518977078,0.02156874332823951,0.031884229267832326,0.004143148435933014,0.0174604112657177,0.02156874332823951,0.032703226356064784,0.015942114633916163,0.0037415166997966506,0.007420529323133794,0.04524208129497945,0.09355753311988141,0.012021922510822023,0.01833343182900359
226,0.006527642661105389,0.0112105167440723,0.022919278676770034,0.011055509879837597,0.011854799315570708,0.00263776864566407,0.028649098345962534,0.01305528532221078,0.5626621741660307,0.0035080528586892905,0.011426884511737847,0.01707930503090304,0.0112105167440723,0.029539102506330687,0.20443609521865208,0.004333477060733829,0.02079177144866934,0.003951599771856902,0.005961662083552899,0.017189459007577523
227,0.040808550097221195,0.11270945167000672,0.011628302030709706,0.010210216417208524,0.009100410284903248,0.006764367177846319,0.013081839784548417,0.018344556443598357,0.014950674039483905,0.0036087833888409425,0.011628302030709706,0.19521291623940137,0.013081839784548417,0.009100410284903248,0.0019353108816417288,0.2201848226754068,0.26011255398562255,0.029194260587537234,0.00565701179872364,0.012685420397137862
228,0.007977194447645133,0.011280881037073925,0.006492272882824016,0.014318041316286138,0.01175586550179283,0.0035680741938348827,0.028496176767683196,0.09576301986578094,0.017424048136613888,0.005847158233876013,0.017181649579543365,0.5981956020423165,0.04653363427792995,0.03988597223822567,0.005218725339580927,0.036354854761444136,0.027595927996122045,0.0055840361133515926,0.009788334280860575,0.010738530987214603
229,0.027461286333058933,0.09428765075319945,0.0015976748657897811,0.0013992707974890895,0.001000413233718835,0.00035981249078290877,0.002327048174085117,0.1213337778642616,0.002098906196233634,0.16857821554729666,0.26702090555870917,0.002870605780778546,0.01873898853779406,0.0022300878334982365,0.00043960663658281456,0.009183486447487491,0.2047373305381908,0.07170242856706215,0.000985669751551438,0.0016468340924294669
230,0.009290259402905812,0.017454426756974555,0.020571288677862867,0.01439990207450401,0.022153695499236938,0.004298478231195227,0.022153695499236938,0.3145169469646696,0.026181640135461832,0.004330797616392183,0.1294833582513372,0.028799804149008013,0.008112620887044513,0.01919986943267201,0.005477629959260246,0.005759960829801604,0.008365831254739223,0.3125528088833429,0.009442558737379678,0.017454426756974555
231,0.011246503190324674,0.023218587231638037,0.02249300638064935,0.01218985853265115,0.03129461757307735,0.007497668793549783,0.02879104816723117,0.034062746371776614,0.3877728866325313,0.011073480064319678,0.025706293006456403,0.03969888610904475,0.013841850080399603,0.026658377932621453,0.24872903956891468,0.008087373080682912,0.02312466143332779,0.010742928420608644,0.015314387322995305,0.01845580010719947
232,0.04826877970729842,0.06378337615342455,0.014506975343190027,0.010362125245135731,0.009066859589493765,0.23350121276594968,0.013188159402900022,0.010517242087992863,0.008792106268600015,0.06431488755594086,0.09744259903410869,0.06543708142087867,0.0037680455436857204,0.02237916150065654,0.0018480223367121052,0.16267275203339882,0.10351261227786719,0.04826877970729842,0.005181062622567867,0.013188159402900022
233,0.13730841598237054,0.06740387899558427,0.013917300849067874,0.002569347849058685,0.010437975636800906,0.0010879297094188497,0.01670076101888145,0.2955400848267926,0.007261200442991935,0.004316817098593605,0.002928575890178212,0.018556401132090502,0.00460985082176115,0.0111338406792543,0.00185564011320905,0.06517037767975427,0.2262158673982857,0.09467349591660622,0.004394937110231961,0.013917300849067874
234,0.13559581455770509,0.16416175407480577,0.005723257512301017,0.013302706650213174,0.044278135703471506,0.01188636978089558,0.013302706650213174,0.0196880058423155,0.020508339419078647,0.006392209689063475,0.05649291132128944,0.011719051096616367,0.0013869764637850013,0.027344452558771527,0.004825491628018505,0.2814056564410293,0.11719786892199685,0.04811637619433963,0.008486209414791161,0.008185706079299113
235,0.014802013992634767,0.10643918157393947,0.017991034032669388,0.017991034032669388,0.017991034032669388,0.006239538230196451,0.01599203025126168,0.1551574677289427,0.03198406050252336,0.06619997878379162,0.02783793979626109,0.012515501935770012,0.003838087260302802,0.019190436301514017,0.003643753728135572,0.02954669060631071,0.16370478513152328,0.24880158692908344,0.017991034032669388,0.022142811117131556
236,0.03979566900029552,0.09096991775733168,0.0051570660930437395,0.0069620392256090485,0.013924078451218094,0.0017405098064022621,0.00870254903201131,0.029153244569941818,0.005069618092221539,0.20463932349947955,0.23335761511663347,0.02595609066445606,0.0022458191050351763,0.07986489435217248,0.002047658595767367,0.1055958118449436,0.07895374287434147,0.046629889193689475,0.0037632644462751606,0.015471198279131215
237,0.19788147665919556,0.05351981043712948,0.015392379284158736,0.013254548828025578,0.029822734863057556,0.1588457079569335,0.034083125557780064,0.014803201319004014,0.012234968148946689,0.007822356685392145,0.012815331086431708,0.024698206964901066,0.012234968148946689,0.01645392268306624,0.0037396984544995795,0.27198284855592664,0.0813589346543034,0.005964546972611511,0.005022776397988641,0.02806845634170123
238,0.061655668183557256,0.06649140686462057,0.08601974870443539,0.0032460282529975628,0.028673249568145136,0.2322363501580657,0.041474062860478916,0.024577071058410116,0.033188363343304245,0.042810850769859375,0.027041959729630378,0.05137972348629772,0.0028928704917705376,0.09782285299225837,0.019369789724943173,0.05871968398434025,0.05566136711015586,0.04709807986243958,0.004000918544392346,0.01563995430989735
239,0.009140498160878831,0.0637257957582258,0.031991743563075915,0.01476542010603504,0.34587267056323523,0.00738271005301752,0.006861817691279066,0.17007257531943504,0.01919504613784555,0.10909063035678422,0.017647143440739452,0.01476542010603504,0.0007889919194712891,0.012796697425230368,0.00998769970495589,0.007678018455138219,0.02549031830329031,0.09610171485398566,0.017450041943495958,0.01919504613784555
240,0.008512738207822848,0.013502964053787972,0.012237061173745345,0.035598723414531915,0.0055350643695639135,0.0043998422197736075,0.01058340425837435,0.21627860499565582,0.04894824469498138,0.22291621018549412,0.2337655461169292,0.01957929787799256,0.061173324774869094,0.024474122347490693,0.003458196616920044,0.009550877013654905,0.015060998367686582,0.005844566530744045,0.027970425539989355,0.020609787239992166
241,0.023724679365612303,0.24167323335993227,0.059830272158403495,0.01294073419942489,0.11966054431680702,0.0035147673134240443,0.047449358731224585,0.02175646260305582,0.014077711096094942,0.1360085021656634,0.05305404156369537,0.07977369621120467,0.001874845643357997,0.03115198609260002,0.008645596051159887,0.04744935873122459,0.00703885554804747,0.031632905820816404,0.01087823130152791,0.0478642177267228
242,0.054216468435694484,0.012843980426199319,0.010275184340959457,0.0038607445377410875,0.07706388255719591,0.08722627390047313,0.08711191531818867,0.01926597063929898,0.022018252159198837,0.027525283975044893,0.03853194127859796,0.08711191531818867,0.017125307234932427,0.08711191531818867,0.024936131445596282,0.02117329536541915,0.20185208248366254,0.02716694603673183,0.055050567950089786,0.03853194127859796
243,0.03457514422912142,0.01043538700736251,0.03457514422912142,0.09781582435210244,0.08643786057280353,0.003758167850991459,0.0035128875657747666,0.08643786057280353,0.057625240381869024,0.024823166332335295,0.09781582435210244,0.09781582435210244,0.006402804486874337,0.08643786057280353,0.09802965187871761,0.004467312809632075,0.019208413460623016,0.03457514422912142,0.057625240381869024,0.057625240381869024
244,0.2034345962497699,0.012604096055884107,0.05671843225147848,0.005671843225147848,0.11513378825907829,0.0028855971099258134,0.037812288167652315,0.05409785867446641,0.005401755452521759,0.052040829647615146,0.06418920575322368,0.01417960806286962,0.0039116160173433435,0.02498319603067349,0.001947980514883576,0.07232037926426199,0.04047367883364989,0.16232182572111703,0.005671843225147848,0.0641995814832895
245,0.015213306197954066,0.12961411122649105,0.13004349165288595,0.04750436526648719,0.03820182736121655,0.01366495838838647,0.045668245463652925,0.07640365472243311,0.0254678849074777,0.10285977805493436,0.021077651752455198,0.060801902574579465,0.009550456840304138,0.017631612628253794,0.004677774778924475,0.014325685260456208,0.20571955610986875,0.01241579420352087,0.010418680189422694,0.0187392624202951
246,0.115845730725833,0.06381420468633218,0.0028689859694779342,0.0035209337294618568,0.03226038183443638,0.1355379015955585,0.019951957800283852,0.06221645068069874,0.02394234936034062,0.01979614339840415,0.06221645068069874,0.13480230980818056,0.020738816893566245,0.048390572751654586,0.013899942018320515,0.0844542805585468,0.08295526757426495,0.04669629819510743,0.0061390639385488785,0.019951957800283852
247,0.09532117234306561,0.10591241371451732,0.006606092883833271,0.029727417977249714,0.029727417977249714,0.013239051714314665,0.0048280090476424,0.024441326241811688,0.08918225393174915,0.0691911400502416,0.05945483595449943,0.0436109938824483,0.10093551694837859,0.0706082758096782,0.035304137904839106,0.05199746938334848,0.08745050705576436,0.04707218387311881,0.02548064398049976,0.009909139325749905
248,0.0792485171584619,0.06764385985481704,0.06764385985481704,0.029876545517819597,0.06764385985481704,0.043723152390020024,0.0597530910356392,0.023901236414255674,0.027787738821936383,0.03566183272130785,0.007029775415957552,0.06764385985481704,0.013278464674586488,0.059436387868846426,0.06772637117000825,0.00876004853109535,0.07130521519636746,0.10698549816392353,0.02730682564568908,0.06764385985481704
249,0.020156239064404724,0.04535153789491063,0.10261447894343834,0.020156239064404724,0.10261447894343834,0.008019750346248411,0.09070307578982127,0.10261447894343834,0.08330633590146183,0.01295758225568875,0.011018140337911465,0.04535153789491063,0.030234358596607086,0.025915164511377493,0.10280078271748969,0.06471071657774424,0.020156239064404724,0.013954319352280194,0.006661468010197878,0.09070307578982127
250,0.07935575244639272,0.08062883938403535,0.03738246189623458,0.019498154868452026,0.04679557168428486,0.1566503165175544,0.022844837825476683,0.02924723230267804,0.015598523894761622,0.021607870824301035,0.03738246189623458,0.021087542608132327,0.13207708131406687,0.05498609637167958,0.012460820632078191,0.0844682221243553,0.057736892001374565,0.05548032043330052,0.016712704172958878,0.017998296801648026
251,0.04205680203613091,0.1586643705426267,0.009359816761133007,0.027270438687013968,0.013425446738222267,0.013922685506304567,0.014039725141699511,0.040276340214666785,0.005615890056679804,0.030864208740574894,0.02085539598946808,0.022463560226719217,0.05034542526833348,0.22375744563703773,0.0018115774376386469,0.12466486256920675,0.1174726589594448,0.06373158764060101,0.0033563616845555667,0.016045400161942305
252,0.02224985505740161,0.06674956517220484,0.059332946819737636,0.006534336914641223,0.041076655490587595,0.009206836575476527,0.07628521733966268,0.07975534828325981,0.30250900665456,0.019071304334915665,0.04449971011480322,0.024022663212564188,0.03814260866983134,0.03814260866983134,0.006973301682540919,0.01822979389331653,0.029294009310436357,0.01779988404592129,0.033374782586102415,0.06674956517220484
253,0.060319825278645475,0.13519342206402815,0.019899910326123964,0.014593267572490907,0.16699655331773144,0.07539978159830685,0.012206186205564346,0.059405888531999344,0.012876412563962563,0.026138590954079714,0.0261385909540797,0.019899910326123964,0.019361919225244228,0.01563564382766883,0.004758674208420947,0.015713446016254243,0.012876412563962563,0.1457729110900599,0.032673238692599645,0.12413941468265297
254,0.019994323740327453,0.02313230281338741,0.08031460456301569,0.2632650930315105,0.04626460562677482,0.01903701981091512,0.04626460562677482,0.05140511736308313,0.22550016013384608,0.013218458750507095,0.024349792435144645,0.027214473898102838,0.016523073438133865,0.034579899186853974,0.009252921125354963,0.011566151406693705,0.03951988478497598,0.004758067416645901,0.014924066331217687,0.02891537851673427
255,0.07256114431785775,0.0433583659180627,0.11615291221772443,0.18351427098140782,0.01533726547459325,0.0015405730182967555,0.022235059445160354,0.0453420820058172,0.03900799978402857,0.023633490856805665,0.03503706336813147,0.026277797526098597,0.13917500171229993,0.08408895208351551,0.0070074126736262956,0.06034160913400418,0.03211730808745385,0.03426607126385655,0.006573113774825679,0.012432506356433747
256,0.013028378304385926,0.04856031913452935,0.30356634962265633,0.01773557925154468,0.04451362587331858,0.003710826817852332,0.053416351047982286,0.053416351047982286,0.028113868972622264,0.014436851634589814,0.041089500806140225,0.0925078802505305,0.10683270209596459,0.04451362587331858,0.014837875291106195,0.014436851634589814,0.03338521940498893,0.022818681558291514,0.019783833721474926,0.029295327656130854
257,0.11277730329894271,0.05507754339543879,0.031075255699302102,0.00836641499596595,0.024169643321679406,0.003537020973904304,0.0334656599838638,0.09736922850265067,0.0167328299919319,0.11301770732521726,0.10476257890042648,0.0197751627177377,0.035088010271225475,0.015001847578973429,0.0054381697473778684,0.0094576865171789,0.029674431543664975,0.2475372965271946,0.012084821660839707,0.025591387046484077
258,0.02486312148176948,0.021470211919134605,0.050343796892226705,0.016102658939350954,0.02634980553711974,0.015042055450757704,0.010735105959567302,0.014138920044308152,0.060680497378433375,0.09239456757096272,0.05967149155624676,0.3306251184475842,0.007337920529324484,0.03113295211630265,0.007232908067423848,0.13088930914269342,0.00785952758672028,0.025573496381248607,0.0523944803908508,0.01516205460797403
259,0.018209488338733287,0.026433128233645093,0.03034914723122215,0.03724668069286355,0.01867994863364708,0.012415560230954513,0.018115268213059244,0.018115268213059244,0.03151642212473069,0.46690782784962137,0.10915139216504101,0.03724668069286355,0.006816463054203283,0.026433128233645093,0.007003649361051264,0.011875753264391274,0.01743461649453187,0.009311670173215887,0.051214185952687376,0.04552372084683322
260,0.011982955609390007,0.015278268401972262,0.009456875002609496,0.04074204907192603,0.0555573396435355,0.3474531819811115,0.06790341511987674,0.04365219543420647,0.061113073607889055,0.021073473657892774,0.0555573396435355,0.04365219543420647,0.023505028310726553,0.07639134200986133,0.009259556607255916,0.005372643863045184,0.019713894712222273,0.022491659194006586,0.029101463622804306,0.04074204907192603
261,0.09241251106084784,0.11318543032817577,0.008211048311018328,0.0059053267997309115,0.01642209662203666,0.038056550487154756,0.01642209662203666,0.1453618904549147,0.006568838648814663,0.012279735711999829,0.01771598039919273,0.03149507626523152,0.0014743304060399337,0.013122948443846465,0.0025264764033902554,0.11201207211029893,0.2572574648271723,0.0795935351268079,0.011806354664425547,0.018170236306864346
262,0.005800373725621631,0.04670956029890253,0.030841928998993164,0.013609070693399746,0.13857941778344737,0.13888294613247945,0.13857941778344737,0.08165442416039845,0.048992654496239074,0.02449632724811954,0.048992654496239074,0.08165442416039845,0.027218141386799486,0.048992654496239074,0.0067734482544052795,0.005691463863879931,0.030620409060149425,0.006088717669042396,0.03499475321159934,0.04082721208019923
263,0.005498335120719191,0.038704674808390925,0.049260495210679364,0.023559367274672737,0.180621815772491,0.010624812692499468,0.033866590457342055,0.009460699391460058,0.04424408826323343,0.013216230422377389,0.02703805393864265,0.049260495210679364,0.01290155826946364,0.0361243631544982,0.007631907708696804,0.033246782953751886,0.3080881399973347,0.015051817981040915,0.033866590457342055,0.06773318091468412
264,0.019130940810161517,0.06164414261052043,0.09246621391578068,0.06164414261052043,0.04267671411497568,0.0168120388937783,0.022191891339787356,0.0326351343232167,0.06164414261052043,0.009654459715668159,0.06934966043683548,0.0326351343232167,0.017371394060475328,0.011874150849817666,0.3148512230353818,0.015411035652630108,0.015411035652630108,0.021338357057487843,0.03082207130526022,0.050436116681334894
265,0.3225541796205209,0.029825485197720998,0.01800799218090933,0.01574122829879719,0.029825485197720998,0.005247076099599065,0.02575837357984995,0.03777894791711326,0.04047744419690707,0.00821281476458984,0.06296491319518877,0.04047744419690707,0.014167105468917474,0.03333436580921758,0.007265182291752552,0.23016626656024639,0.00850571808196516,0.004303336716303557,0.02179554687525765,0.0435910937505153
266,0.0271329602354385,0.027786033410839663,0.05094106125320605,0.008043325461032534,0.17305617496989034,0.00279826602743137,0.17305617496989034,0.1018821225064121,0.01910289796995227,0.006610881203235622,0.007876270220936354,0.03820579593990454,0.01910289796995227,0.06112927350384726,0.008260712635655034,0.011755629519970627,0.02037642450128242,0.1737488002860572,0.025470530626603025,0.04366376678846233
267,0.08540669760903752,0.1251336700779459,0.0075338514439494495,0.00837094604883272,0.015067702887898896,0.005213902919914411,0.02152528983985557,0.018834628609873623,0.016741892097665443,0.0075338514439494495,0.016741892097665443,0.018834628609873623,0.006848955858135863,0.012556419073249083,0.0062782095366245416,0.5185341920568735,0.04637060752794785,0.011105493324688192,0.013697911716271726,0.03766925721974725
268,0.00356457393844919,0.015423033775907551,0.0068915096143351,0.0068915096143351,0.061858368536946325,0.0012831944188257088,0.015903483725388693,0.02618249570658954,0.009845013734764428,0.006460790263439157,0.016495564943185687,0.35595134178164634,0.005907008240858658,0.011485849357225167,0.002821915204989557,0.11748507659340438,0.22543199940427916,0.03672840631881187,0.005907008240858658,0.06748185658575963
269,0.04395204121893328,0.029501401560626785,0.020527052217633682,0.004956997129954883,0.05648249765983854,0.03909987684965547,0.116856617526529,0.008969804330394555,0.04185908687517457,0.02902493288042765,0.0179396086607891,0.08720643098994704,0.0017453031309650456,0.007577938141195398,0.025097753387136195,0.08097580824117273,0.11553107977548181,0.030853033860581257,0.16179724295983458,0.08004549260372855
270,0.13115057505525538,0.023159507941975455,0.00764045564721687,0.014627057647563444,0.030879343922633938,0.016237150316282204,0.07482302565868992,0.023099807178803822,0.1191060408444452,0.006078896626001005,0.023159507941975455,0.025666452420893136,0.20701764242010712,0.017769082445233713,0.06947852382592637,0.062150154797815285,0.04368978983530948,0.015109834959190674,0.07699935726267941,0.01215779325200201
271,0.03459987830226659,0.05113910460744717,0.04582657660539872,0.2322791679248516,0.03409273640496477,0.012035946897354556,0.03409273640496477,0.04545698187328635,0.020120997046169768,0.014107339202054385,0.05113910460744717,0.08182256737191546,0.014107339202054385,0.0215322545715567,0.014107339202054385,0.014611172744984904,0.024065460991739836,0.01621414120473522,0.03409273640496477,0.2045564184297886
272,0.02258727941788439,0.04404461971355141,0.022554097977550615,0.08845324454870238,0.018018253519180124,0.0005652785417781998,0.06177686920861757,0.11211357745267633,0.10810952111508075,0.05475314247688842,0.12012169012786747,0.020592289736205856,0.0013817073879467756,0.05652785417781998,0.09541094244442046,0.04112549476406979,0.05374562885966177,0.0626412907636226,0.006468091006885173,0.00900912675959006
273,0.034492892792581095,0.022437735628472143,0.07372398849355134,0.04691526540498721,0.0396975322657584,0.009215498561693914,0.07957995428554346,0.04691526540498721,0.03440452796365728,0.007751453231534684,0.04691526540498721,0.030356936438521134,0.29326272028885714,0.0322542449659287,0.0099243830664396,0.007670482275671872,0.08617681585520313,0.01394778160688809,0.019848766132879204,0.06450848993185741
274,0.0066653364946818484,0.11672018299772272,0.2639381834261619,0.021662343607716003,0.014441562405144001,0.004560493391098106,0.015754431714702546,0.03297189439143751,0.014919867236026682,0.005097022025344942,0.034659749772345615,0.19669625277237635,0.011951637852532969,0.13362084297929344,0.02401220222672293,0.0524890008932286,0.016593672607220628,0.005590282221346066,0.014441562405144001,0.013213478579753406
275,0.006164999190079796,0.00786037396735174,0.018494997570239393,0.020231416016875628,0.18095877659538764,0.0035728972578871546,0.03144149586940696,0.030774995574637528,0.01429158903154862,0.16120965419794075,0.1790826532311498,0.02418576605338997,0.006164999190079796,0.01746749770522609,0.0051407002907766135,0.004196145544240871,0.0025840937356681574,0.015980088913906183,0.08863287016916942,0.18156398989503778
276,0.038279693007715526,0.05833096077366177,0.03645685048353861,0.006337415711586801,0.021211258463149734,0.06402178621499463,0.05833096077366177,0.01218887379196358,0.11033675791911954,0.04803726181360381,0.034312329866859864,0.06402600511357262,0.026735023687928308,0.057421136659514156,0.16133541285811387,0.08484503385259896,0.06764905047629846,0.024998983188712187,0.008479216550931187,0.01666598879247479
277,0.013737280396186187,0.043174309816585155,0.027474560792372375,0.054949121584744735,0.02628001467096488,0.010244751481901564,0.01549847019056903,0.34344959857199475,0.0464954105717071,0.011623852642926775,0.025185014059674677,0.027474560792372375,0.009444380272378003,0.06044403374321921,0.00902149757361481,0.008634861963317033,0.006915582263351184,0.18410136215004125,0.04029602249547948,0.03555531396659954
278,0.04489512397011423,0.05305787378286228,0.06484851240127612,0.03071771640060448,0.025375504852673265,0.013572944456081048,0.03071771640060448,0.3314621454775413,0.04168832940082035,0.010378952611362666,0.036477288225717816,0.027487620110620736,0.011443855129636964,0.03890910744076567,0.012969702480255226,0.0116727322322297,0.028652348417846734,0.11298518263832585,0.027792219600546907,0.04489512397011423
279,0.01721132450969969,0.013018499055757327,0.016811523420082967,0.039930236379215764,0.025410150423137302,0.31813856424796755,0.039930236379215764,0.039930236379215764,0.06211370103433563,0.013604285366986097,0.050820300846274605,0.044385393768458035,0.012705075211568651,0.04658527577575172,0.01073840171817533,0.11503214224121242,0.022725340328942682,0.014826035178454065,0.02942227943731688,0.06666099829823188
280,0.01793956408452556,0.01172427663457146,0.02784515700710721,0.00928171900236907,0.08850184948365944,0.0014150305564711205,0.03712687600947627,0.01475030824727657,0.11392560036388147,0.03195900120243258,0.049215340215432626,0.014850750403790513,0.004546148082793015,0.013103603297462215,0.1264595219119824,0.031074354013246597,0.13981167656336654,0.08146192963836833,0.02811765101529973,0.1568896422664872
281,0.018197481499441902,0.009671918656494234,0.028388071139129372,0.07097017784782342,0.041747163439896144,0.008303750940968604,0.006580746846442692,0.04435636115488965,0.04731345189854896,0.0319133700651473,0.07097017784782342,0.03225917174901065,0.015038864182125805,0.04435636115488965,0.403837849445947,0.008502720351099223,0.0295709074365931,0.020277193670806694,0.03548508892391172,0.03225917174901065
282,0.011140178118725969,0.017286483287678234,0.01856696353120995,0.01519115198008087,0.01519115198008087,0.006962611324203731,0.03856215502635913,0.28520079726860215,0.026384632386456244,0.14898279994747984,0.04524794259298137,0.023009894574242493,0.010230775823319768,0.03580771538161919,0.006596158096614061,0.005967952563603199,0.007359901046837533,0.25088971986324254,0.012854051675453044,0.01856696353120995
283,0.09213011244123033,0.012684678553689158,0.17897913382457467,0.1396882724313955,0.01115859127102757,0.0009856341780882303,0.10697412246944522,0.022442123594988504,0.045487350646405134,0.06117288528311381,0.029174760673485064,0.0772273076651075,0.004546092740048267,0.04487334869234679,0.0033628631227754307,0.0722001653030691,0.056105308987471264,0.0024194051303108818,0.015355137196571078,0.023032705794856632
284,0.01048111899310777,0.019155148504645236,0.025249968483395994,0.023145804443112997,0.019839260951239703,0.002778043303362715,0.029236805612353253,0.3069039936457299,0.01770333861178762,0.0120760718833633,0.026452347934986277,0.04273071589497783,0.010099987393358397,0.039678521902479405,0.31556756791483015,0.009878979746065688,0.016833312322263996,0.012624984241697997,0.016833312322263996,0.04273071589497783
285,0.0033248557513772684,0.004556283807442923,0.006474719094787312,0.015377457850119864,0.004242057337964101,0.003154350328229716,0.00534868099134604,0.06520732124096007,0.024603932560191784,0.504061197543725,0.32046991480340004,0.004718219011793664,0.0024095482316045117,0.012301966280095892,0.0020503277133493156,0.0017519505780207731,0.0013104661775380179,0.002327325705502312,0.011183605709178084,0.005125819283373289
286,0.09554208393181537,0.009217969406100514,0.013270912232965646,0.031336441075675625,0.01837510924564474,0.002620048469413571,0.08708766053242382,0.017062601442384404,0.26635974914324284,0.004033117886995663,0.055491614404842245,0.014051554129022452,0.0031289056009792915,0.022196645761936903,0.13125956746539727,0.057855402722240865,0.01624144811849042,0.02663597491432429,0.042617559862918854,0.08561563365318521
287,0.12647058643465453,0.018358633514707907,0.08248054554432231,0.0795540785637343,0.05507590054412374,0.0282440515610891,0.020057559372857997,0.03138085600703361,0.04966717576719426,0.06058349059853612,0.03138085600703361,0.052426355945385604,0.003246295449003477,0.07343453405883163,0.029552922243188347,0.04466624196080636,0.03983196443602432,0.0688448756801547,0.07159867070736088,0.033144405603957136
288,0.020502371389122247,0.05085584610522673,0.05700923072239031,0.25779384010559964,0.04577026149470406,0.0033648618065752734,0.0762837691578401,0.0762837691578401,0.010346370088671869,0.01430320671709502,0.03954028767902147,0.04577026149470406,0.021795362616525742,0.12596585557633097,0.01430320671709502,0.014764600482162604,0.03051350766313605,0.01681589984180408,0.020804664315774577,0.057212826868380084
289,0.02059658365288445,0.08753548052475889,0.058356987016505935,0.03183108382718505,0.08228160961546198,0.0054709675327974305,0.1941250579571298,0.038904658011003956,0.050020274585576514,0.010610361275728354,0.058356987016505935,0.055727378542884655,0.03223786988821004,0.04148432883322506,0.0029185143417931056,0.02059658365288445,0.025010137292788257,0.029178493508252967,0.03183108382718505,0.12292555909723792
290,0.055592266698019276,0.038530311886858626,0.08256495404326848,0.056599512613730175,0.014448866957571981,0.019867192066661474,0.06605196323461478,0.08669320174543192,0.019265155943429313,0.07908853492565716,0.05366722012812452,0.02311818713211517,0.015412124754743448,0.0866932017454319,0.042933776102499606,0.0340852429298708,0.06085107849642787,0.043166726151938936,0.08669320174543191,0.03467728069817276
291,0.042114059442682324,0.024155991683555197,0.06859517872095686,0.177479826215968,0.022430563706158393,0.07035818326091205,0.13172860399826858,0.022430563706158393,0.0063474998534548575,0.005925054563890897,0.01744599399367875,0.0986609297435592,0.014636511555363179,0.12314614119747135,0.014636511555363179,0.08994801646750461,0.012275783885143311,0.026882807580688745,0.01427399508573716,0.016527783783485135
292,0.017675806777180038,0.0323105472853731,0.1396430891537559,0.02236884042833522,0.03634936569604473,0.0465476963845853,0.041892926746126775,0.006432926419019664,0.05585723566150235,0.028891673618018462,0.02236884042833522,0.01817468284802237,0.01690631151633613,0.08378585349225355,0.013142878979177024,0.1967244951494288,0.1619925944101735,0.01340573655876057,0.013217951162198087,0.0323105472853731
293,0.013554373977712907,0.021803327599517523,0.03981597355953167,0.025482223078100268,0.03981597355953167,0.009648895773746786,0.03539197649736148,0.04900427515019281,0.07078395299472295,0.013849034281576234,0.03747385746779451,0.06370555769525066,0.02769806856315247,0.04247037179683378,0.007951398597864383,0.013001134223520542,0.015926389423812668,0.013271991186510556,0.35918882916978956,0.10016239540347653
294,0.009899032401078962,0.018506886662886753,0.017735766385266468,0.017735766385266468,0.23743227265942143,0.005830936893786236,0.15871759493958223,0.03547153277053295,0.04729537702737726,0.07202302992601176,0.025038729014493836,0.03274295332664579,0.02026944729744739,0.018506886662886753,0.009459075405475451,0.02420640642518165,0.028377226216426348,0.008831228280341968,0.02519326903802892,0.18672658228186137
295,0.08121589684550305,0.06179470412157841,0.03531125949804482,0.0873649265167143,0.026164008021308395,0.0011461414468935311,0.051848379885368966,0.0678661587026341,0.03745133583125965,0.05806642011641232,0.06741240449626737,0.05561523370942058,0.0007201247439497286,0.044139074372556014,0.0560324445521163,0.04008305132210493,0.07176159188312332,0.08033311535805195,0.039323902622822635,0.03634982595386966
296,0.010959932465906983,0.04045571859529941,0.2054003821904827,0.011745208624441764,0.018205073367884732,0.004022816805055633,0.033100133396154065,0.05201449533681353,0.05201449533681353,0.013485239531766467,0.024273431157179642,0.008014109149580843,0.014564058694307786,0.026007247668406765,0.007001951295340283,0.00774683973101478,0.024273431157179642,0.019982363191497078,0.020227859297649704,0.4065052130072248
297,0.05568525698520336,0.018938339554139736,0.03612191622857786,0.05921072100373174,0.019423938004245887,0.0036868570427744927,0.047345848885349345,0.09469169777069872,0.036785616721465304,0.07193632853898042,0.017216672321945216,0.09018256930542734,0.06861717229760776,0.05415843008966333,0.04694557094032307,0.08417039801839885,0.1068316590233524,0.05742001860753089,0.008085346334227394,0.022545642326356835
298,0.05859007981856807,0.061380083619452255,0.003082788297512545,0.07733890536050983,0.017840274814668974,0.017438054071721255,0.2110121833247891,0.017840274814668974,0.019462117979638885,0.0169602862632697,0.011893516543112652,0.12073766224725102,0.0045549637824686745,0.042966058533616576,0.12889817560084973,0.10572276989952896,0.05377493509528897,0.00856333191104111,0.00856333191104111,0.013380206111001733
299,0.17446327820630486,0.02086075185415486,0.041721503708309716,0.01854289053702654,0.023840859261891268,0.006675440593329554,0.09396425357225192,0.04272570078521751,0.041721503708309716,0.005241716074124426,0.01854289053702654,0.09983943634071914,0.02793711458491459,0.24376509887165115,0.0010157421235907926,0.07975464146573936,0.011920429630945634,0.016615550305362367,0.027814335805539818,0.003036862033590035
300,0.014654374647281457,0.028765994677996932,0.03530372074117806,0.05177879042039448,0.07766818563059172,0.01176790691372602,0.02987237908868912,0.028765994677996932,0.028765994677996932,0.006027833530275174,0.03883409281529586,0.03530372074117806,0.43477803365322376,0.02950919456679776,0.01194895163547565,0.030557157891754772,0.024971125438570878,0.01849242515014089,0.03236174401274655,0.02987237908868912
301,0.013001396416367807,0.024455389802589333,0.017143772584647166,0.04408398664623557,0.02571565887697075,0.011718528095834773,0.01681694700113081,0.027228344693263143,0.04408398664623557,0.013038925627759818,0.057860232473184184,0.022813154848991418,0.014694662215411856,0.029863345792611188,0.011429181723098111,0.011429181723098111,0.015961443440878395,0.01780314845328744,0.06171758130472979,0.5191411316336749
302,0.015270365174018545,0.030675127309066304,0.038343909136332885,0.04511048133686221,0.04511048133686221,0.003849374955394969,0.03485809921484808,0.02323873280989872,0.06009683490553075,0.013222037633218236,0.02483404457475876,0.038343909136332885,0.02396494321020805,0.02644407526643647,0.43322623972408864,0.04360206337217258,0.021603606545738525,0.018259004350634704,0.017342326522782146,0.04260434348481431
303,0.08918702716608003,0.035234463305458326,0.05084737398192145,0.034957569612570995,0.03728807425340907,0.01864403712670453,0.04302470106162584,0.02011939814737874,0.05084737398192145,0.00964346747932993,0.03728807425340907,0.05084737398192145,0.017246611280306686,0.03290124198830212,0.00916919858690387,0.007080014098748555,0.3147339571290392,0.039951508128652564,0.06991513922514199,0.03107339521117422
304,0.02736747653053865,0.022742023331364353,0.07868149502529864,0.0419634640134926,0.0629451960202389,0.006489195466004009,0.05245433001686576,0.039340747512649314,0.039340747512649314,0.019609850016842036,0.0419634640134926,0.06993910668915433,0.02861145273647223,0.026227165008432876,0.0037955019004101823,0.01656452526848392,0.02248042715008532,0.017984341720068256,0.3563214116593612,0.025178078408095564
305,0.29965241209747956,0.03311497525269206,0.020033650084299144,0.02523045733538443,0.05298396040430729,0.06861004414097717,0.018922843001538316,0.03311497525269206,0.044153300336922746,0.009996973661190053,0.08830660067384549,0.03311497525269206,0.005406526571868089,0.0353226402695382,0.011518252261805934,0.010596792080861459,0.004991609460701214,0.08545537565541385,0.08830660067384549,0.031167035531945473
306,0.018212008758805895,0.06252438802788839,0.01643241657629239,0.03551341707967149,0.026306234873830735,0.010927205255283536,0.07777231469515745,0.05073345297095928,0.047351222772895316,0.018212008758805895,0.05463602627641768,0.018005537370615866,0.024492011779083788,0.047351222772895316,0.013401289464026977,0.01109794283739734,0.013926830227322154,0.01732361808764463,0.03382230198063951,0.4019585494343665
307,0.019506763225566413,0.07152479849374352,0.07152479849374352,0.042914879096246104,0.042914879096246104,0.01313720788660595,0.36151103187518263,0.06437231864436917,0.03576239924687176,0.010728719774061526,0.04023269915273072,0.061951362601819056,0.01570704949322779,0.016008410580925007,0.0045948344669906735,0.011704057935339846,0.027987964627986583,0.019506763225566413,0.05364359887030763,0.014765463212469566
308,0.00797440657314457,0.03312445807306206,0.03588482957915056,0.04973829692533579,0.039147086813618795,0.4895203039355042,0.03444943639598454,0.025330467938223928,0.027781803545148823,0.013456811092181465,0.022664102892095098,0.04532820578419018,0.02327664621350307,0.03189762629257827,0.005984809638241924,0.013049028937872936,0.020028742090688688,0.012008829708221617,0.01869317169480573,0.05066093587644786
309,0.03347664254324565,0.05137456750686472,0.054399544132774195,0.051199570948493346,0.03784316113584291,0.005794823024695496,0.017763116451518103,0.01635357213858061,0.025599785474246677,0.017407854122487743,0.02901309020414623,0.007552568641570514,0.012799892737123338,0.02807718406852861,0.00657164016293824,0.49343264902353356,0.027478691236187465,0.03481570824497548,0.024177575170121864,0.024868363032125345
310,0.014813610064037818,0.06330919428414387,0.015946762076817157,0.033984164264557346,0.1395013228924393,0.013062344575560016,0.029893813044147965,0.032096155138748604,0.0641923102774972,0.012292144521222872,0.07221634906218437,0.015846717818292482,0.009960875732715084,0.08253297035678211,0.015614345743174997,0.00539935320091098,0.009318238588668952,0.013130245284033523,0.02888653962487374,0.32800254344919155
311,0.07178124894103664,0.21468573063713356,0.07873366864201178,0.22907850463449148,0.02134786490961878,0.0041345490758170735,0.033800786106896394,0.020280471664137836,0.01985111953611649,0.02088128687048107,0.0225338574045976,0.04056094332827567,0.014020292613037288,0.08178504024271752,0.013084175267185702,0.04158561368273773,0.018436792421943494,0.012658282539918,0.02385937842839746,0.016900393053448197
312,0.2789752134910048,0.019742933540349564,0.014956767833598152,0.021459710369945182,0.03525523846490994,0.005545767848412798,0.12807911220308008,0.02056555577119746,0.044870303500794455,0.012988772066019448,0.061696667313592385,0.021459710369945182,0.005739224866380685,0.03525523846490994,0.01147844973276137,0.1950748274555618,0.006504533658159947,0.024104299145246852,0.037967179885287625,0.01828049401884219
313,0.08329115665825121,0.0968170709873689,0.024204267746842225,0.03371308721881596,0.014765288671400863,0.01015017679706287,0.03452379457628051,0.03025533468355279,0.20452606246081684,0.030393228887796594,0.022147933007101293,0.05445960243039501,0.07413982674876159,0.01474947565823198,0.08113126781884558,0.0282985250794875,0.024970773895634235,0.0893907615650423,0.03933193508861862,0.008740430019693027
314,0.034639227909968165,0.02866258917358936,0.011884488193927293,0.012822737261868927,0.013921829027171971,0.00806079045497433,0.025233778815571824,0.016121580909948665,0.009115178864660652,0.00492185874697999,0.024103711429188508,0.014881459301491075,0.1650824728079155,0.01160152418930998,0.0092599452832293,0.29754766050909764,0.27680172841394185,0.006674849533575605,0.014331294586794678,0.014331294586794678
315,0.10522493292225478,0.04721203339580533,0.01822258087974527,0.029507520872378328,0.022950294011849802,0.025036684376563426,0.01796857826466051,0.01573768348705273,0.010491788991368487,0.0030370968132908778,0.09533199051076076,0.08262105844265932,0.005228043938958866,0.19597602565889996,0.009937863809026712,0.22720791071731314,0.049393024068981134,0.009111290439872634,0.013316501412121541,0.016487096986436193
316,0.012688285495580664,0.020496461185168763,0.01776359969381293,0.028376736309188834,0.026645399540719393,0.6073945410681088,0.019032428243370998,0.055430426226628665,0.02880583734131826,0.007667740875027164,0.022204499617266157,0.028047788990230936,0.011338467889667827,0.022204499617266157,0.004307720788748999,0.008808396542386576,0.011219115596092379,0.01892962724635755,0.019032428243370998,0.029605999489688214
317,0.009246767655497427,0.035220202054387396,0.03828282831998629,0.026681971253323784,0.023797433820532024,0.009570707079996573,0.025897207392931908,0.028403388753538223,0.0419288119695088,0.0067495901924276526,0.0209644059847544,0.023797433820532024,0.0035061829725869867,0.03828282831998629,0.008632402464310636,0.49941018538933535,0.09435944595207993,0.01600918275199427,0.026681971253323784,0.022577052598966273
318,0.4299311782946143,0.06476851973947136,0.026218444065614875,0.018603470636925006,0.031680619912617974,0.008264509542422081,0.021120413275078652,0.02452693154525263,0.021120413275078652,0.009160661179552188,0.023040450845540347,0.033878918017569634,0.009160661179552188,0.023040450845540347,0.0053544709711467004,0.1799098968008757,0.01789693006983356,0.00827191211529257,0.01689633062006292,0.02715481706795827
319,0.07449925364187157,0.06827673550173727,0.03464507458892591,0.014265618948381258,0.013317466072780589,0.00702943542384004,0.022933481097693324,0.026946169124720143,0.01616770147483209,0.00527207656788003,0.07644493699231109,0.025527949697103303,0.002854474599115513,0.022046865647498304,0.006381987424275827,0.2742469278121253,0.18931824258814114,0.08085522181879058,0.022046865647498304,0.016923515330478544
320,0.012824271364795742,0.02488694960668845,0.019647591794754043,0.029864339528026144,0.013318613934439462,0.011143410271651546,0.02195907318237216,0.03246123861741972,0.037330424410032675,0.009954779842675383,0.03929518358950808,0.018665212205016338,0.047588619451154994,0.04391814636474433,0.00811530965435493,0.4220776582344329,0.145986298135812,0.0165912997377923,0.027652166229653833,0.01671941384467502
