site,A,C,D,E,F,G,H,I,K,L,M,N,P,Q,R,S,T,V,W,Y
225,0.28728391984762286,0.2530304921421796,0.012337135601337465,0.02109814156638749,0.016823366729096546,0.027086597478988266,0.016328561825299587,0.12093369109736521,0.016823366729096546,0.006475189759543963,0.04111745497310418,0.02135273469462254,0.019188145654115283,0.011566064626253876,0.0033851896467084514,0.003962862225323907,0.030027869956383412,0.06815271235503335,0.007605083589865562,0.015421419501671835
226,0.007955568215691345,0.010553304775917089,0.021546330584164056,0.03038001818573437,0.015209174529998159,0.0033470028091905336,0.0287284407788854,0.021106609551834177,0.5388306850380244,0.017826677225896884,0.010332795085674444,0.04703071410551646,0.01360820878999835,0.025796654964345262,0.13044881142759107,0.0056207818915210575,0.01688347401876615,0.019089400196064577,0.006156094452618302,0.029549253372567846
227,0.05139023155397475,0.30182842835338747,0.008293538038496017,0.006516351315961154,0.005823122452561032,0.0006203957711494363,0.009774526973941731,0.00746069061586163,0.00943747431966788,0.002105282732848989,0.006842168881759213,0.1339872751921373,0.006516351315961154,0.006842168881759213,0.0016098215454044302,0.13839981258155265,0.21165092974043676,0.07977668720232137,0.003075132081689534,0.008049610449128488
228,0.009320476318099416,0.011996652686662617,0.06786975675028291,0.01637380974801249,0.01392714852129798,0.003795037657992308,0.04036896566168213,0.020186952555199974,0.021254488161356867,0.005853439233589004,0.017309456019327492,0.6200928381892314,0.04178144556389394,0.04038873071176414,0.005968777937699133,0.003235798239730314,0.03144754615281672,0.005939519222318256,0.010267682321616381,0.012621478347426293
229,0.02412899063883286,0.0977693881870285,0.001326601386582073,0.0008844009243880487,0.0014361191483699927,0.00024407657538477663,0.0013909995121443094,0.07631592281687583,0.001524180316498552,0.21018995256582934,0.26930259563851067,0.004476455451587537,0.02806734457924705,0.001477040719081071,0.0004295905544979602,0.010257124595410136,0.22078972791326426,0.04844642916500787,0.0005942318296652929,0.0009488274817938007
230,0.014067417390497675,0.01276487874322937,0.03292573103815358,0.018139564529852267,0.022976781737812865,0.00443230994744375,0.04595356347562573,0.3583831537967891,0.03829463622968811,0.007255825811940906,0.011129220947644044,0.022976781737812865,0.01060466849437517,0.022235595230141486,0.0059906912053606124,0.00840613966017544,0.052629046594792776,0.2792409185391716,0.014360488586133043,0.017232586303359654
231,0.0176753525028293,0.023567136670439064,0.0154258904147656,0.007351957121019133,0.02056785388635413,0.028918840622684606,0.02056785388635413,0.013689287023775037,0.19013033931766612,0.0056094146962784005,0.01194262483723788,0.09603497506710902,0.007259242548124987,0.04915066987329952,0.41338975962943153,0.012683702027493247,0.03913294316146507,0.005141963471588532,0.008048290651182052,0.013711902590902754
232,0.0353380066070948,0.13204775191892912,0.008928618921961855,0.007812541556716623,0.012500066490746597,0.16366978170506116,0.022739239034130575,0.03084307003914195,0.010869623035431824,0.021515925541788102,0.11250635126770411,0.06039567918080352,0.003906270778358312,0.010416722075622166,0.0016891981744252159,0.13258770455630625,0.15304021088761657,0.06049655757960857,0.004807717881056383,0.013888962767496219
233,0.029181644609683276,0.11442073003205384,0.017673438536146308,0.004925384510073562,0.02146060393674909,0.0012677150004830687,0.027313495919498842,0.28605182508013466,0.013656747959749421,0.005645391707014777,0.006052971706873851,0.030044845511448728,0.007132214655548332,0.027313495919498842,0.004060114258303883,0.012988299084719627,0.14683993687446914,0.16115522437753188,0.007703806541397111,0.07511211377862183
234,0.0895879399681471,0.27027632219502074,0.006557626676124135,0.007494430486999013,0.026872182476436114,0.01647708663020247,0.01748700446966436,0.012717821432483175,0.020984405363597237,0.00437175111741609,0.020984405363597237,0.014495970642406868,0.0013013119768371336,0.023316005959552483,0.004880094270604008,0.22631343452767647,0.19167042661182987,0.029054423916893075,0.005829001489888121,0.009328354424624206
235,0.047260529356524646,0.017280163231044955,0.011100730013601255,0.020242507671861112,0.031283875492876256,0.01100428305260574,0.021507664401352433,0.21246958219282047,0.022941508694775927,0.02234202922801771,0.10752101565983524,0.011100730013601255,0.008513052386624222,0.020242507671861112,0.005933148800373084,0.09095384359932047,0.18475578534255763,0.11554497205236025,0.014961853496592995,0.023040217641393267
236,0.031135411263615617,0.08982820850602419,0.009322273782887509,0.0055933642697325045,0.009322273782887509,0.0020975116011496893,0.015254629826543194,0.013377427974674371,0.017516968368622727,0.43742431968150913,0.07349580695947436,0.010487558005748448,0.004195023202299379,0.05133040486058526,0.0027966821348662523,0.029519437597384655,0.08977632946960103,0.08816472316332004,0.006453881849691352,0.012907763699382702
237,0.18656620817750635,0.013532408337908655,0.021961312955102168,0.009530381093723584,0.025255509898367497,0.12786557013197591,0.03156938737295937,0.025092952904214403,0.01530636963537424,0.008708796516678448,0.015721041223574653,0.013101109042831023,0.010102203959346998,0.024052866569873807,0.0024123088698947263,0.2718523268032965,0.16414068183763675,0.004952060764385783,0.005316949452287894,0.022959554453061356
238,0.11566962581886948,0.022032309679784663,0.02644348091385339,0.005444246070499228,0.02644348091385339,0.19568169781387695,0.04549115561038313,0.07435904516927323,0.016836576013445122,0.014437275196810507,0.015022029327125904,0.03304846451967698,0.013460153334868684,0.09933967848453171,0.018522184891443003,0.1180302304274178,0.08262116129919249,0.04957269677951547,0.004406461935956932,0.023138045799621716
239,0.028174320129693755,0.19882105455158888,0.017740356842773895,0.02534336691824842,0.1677844872629349,0.006335841729562105,0.03351144573659239,0.1093748149105234,0.01612759712979445,0.0952204040913567,0.03503254279284289,0.01267844405836219,0.0006587708497028237,0.02264007867564677,0.0017982088439417673,0.016394539730640763,0.0447474496177489,0.13994131649324307,0.011826904561849262,0.015848055072952737
240,0.019667972201995537,0.03933594440399107,0.022693814079225615,0.053639924187260546,0.04007512999328331,0.007468850203289444,0.011346907039612808,0.027513260133165875,0.053639924187260546,0.31746171931919587,0.14750979151496646,0.022693814079225615,0.06649569081874226,0.042145654718561854,0.004569311511886399,0.009516760742901064,0.0295019583029933,0.0065559907339985115,0.04538762815845123,0.032779953669992555
241,0.04553188039316818,0.08499284340058058,0.05293208809569614,0.017644029365232045,0.04411007341308011,0.003308255505981009,0.053120527125362874,0.02940671560872007,0.017644029365232045,0.1420346583934494,0.13350038685658291,0.07082736950048382,0.0017707126703298275,0.005847735577167631,0.0019441841054595578,0.029511403958534924,0.07627562869282876,0.04092248015583511,0.016344777577034727,0.13233022023924032
242,0.05012851460773382,0.09730829306207156,0.016538432748437464,0.00447216015800905,0.017692416920376645,0.05306416387236095,0.03307686549687493,0.053028652535844434,0.05672877494867757,0.06900042598946893,0.12384691844263654,0.031846350456677955,0.011025621832291641,0.053028652535844434,0.0073328053824247555,0.03032985757778853,0.23000141996489643,0.02653862538056497,0.015164928788894269,0.019846119298124958
243,0.017034503948706325,0.032759899417543155,0.04258625987176581,0.09101952430793848,0.09101952430793848,0.0025809854467736854,0.0032150995922334766,0.0851725197435316,0.09101952430793848,0.007304868143516851,0.09101952430793848,0.0851725197435316,0.00425862598717658,0.03406900789741264,0.09120422446837675,0.006985524180907046,0.010646564967941452,0.0851725197435316,0.04258625987176581,0.0851725197435316
244,0.13093665804122517,0.04285199717712823,0.04399707049595586,0.008147605647399234,0.05499633811994483,0.005115938429762309,0.04399707049595586,0.08305409780209551,0.012940314851751724,0.0364492143005406,0.11798230317132738,0.11763063595025315,0.008460975095376126,0.0673388527069158,0.0035986560428662526,0.006666222802417554,0.05728723251817822,0.03975672601182534,0.008799414099191171,0.10999267623988968
245,0.011295553721019687,0.13723452556622254,0.1470682796001659,0.08467590191112656,0.05489381022648903,0.013666001158762714,0.04195491382093026,0.1465757337928224,0.05489381022648903,0.016145238301908536,0.03671054959331397,0.030127911876378265,0.014445739533286588,0.0686172627831113,0.004574484185540753,0.032631599638501305,0.027446905113244515,0.0269553939430546,0.016315799819250652,0.03377058518838145
246,0.049768872162211084,0.02463827789758133,0.020037048912497933,0.002718902074555962,0.0206327187286724,0.08282273028873809,0.10611112489031523,0.0412654374573448,0.022139631178527117,0.037826651002566075,0.038744354562422464,0.19601082792238786,0.029475312469532,0.06877572909557468,0.023420923962276782,0.02310782044220091,0.05502058327645974,0.04142401082735322,0.03352816793409266,0.0825308749146896
247,0.09867031458655146,0.06816041468149937,0.007090321914459261,0.03635222116346634,0.017016772594702228,0.04725788751250622,0.039215135392253776,0.06816041468149939,0.025965872259618817,0.068644451495884,0.09081722509109037,0.04039135684829591,0.09094167696829877,0.045440276454332934,0.021958300228083004,0.0498252910994137,0.09327761883378456,0.04260025917593711,0.034033545189404456,0.014180643828918522
248,0.061954401610579,0.028922097234253184,0.06183478282478246,0.023137677787402552,0.06183478282478246,0.0476548801274056,0.06183478282478246,0.06183478282478246,0.030606608572502594,0.05068996495411011,0.02108780086414225,0.057844194468506374,0.028161091641172278,0.038562796312337576,0.06187643630778037,0.08383470668073491,0.015488600402644754,0.10325733601763164,0.037747492894884424,0.06183478282478246
249,0.04572868314258984,0.09145736628517968,0.0977647313765663,0.02032385917448437,0.0977647313765663,0.0015934180874670155,0.0977647313765663,0.03658294651407187,0.050218877448712576,0.03048578876172656,0.01282886269374436,0.09145736628517968,0.026130676081479908,0.03658294651407187,0.09801519579758129,0.03510859279104886,0.015242894380863282,0.00762144719043164,0.009562153345101824,0.0977647313765663
250,0.12760662408013998,0.035679483706618095,0.10652874420975969,0.01848845973888391,0.021252701258434946,0.15676673153595316,0.028246257934405983,0.04519401269504957,0.022597006347524783,0.00559883869870093,0.056492515868811974,0.06779101904257434,0.06802879202798023,0.08151422558261544,0.025560548163593613,0.05578275540703074,0.03326749584690095,0.021868070658894963,0.0057961912523004375,0.015939525943826197
251,0.08831778783284454,0.09999614440505851,0.016134012638113236,0.05506075386412137,0.061108754914202444,0.01146679433704731,0.02121130335864878,0.03888738949085609,0.015554955796342439,0.03319049799608378,0.07426618844987662,0.07763683737803255,0.042128005281760764,0.07777477898171217,0.014258709479980569,0.04949304117018048,0.10694032109985425,0.07778188044595345,0.010510105267798945,0.028281737811531708
252,0.015670076580073727,0.02014724131723765,0.047010229740221184,0.03499787984488921,0.14103068922066359,0.007835038290036863,0.047010229740221184,0.030220861975856474,0.22636964762777279,0.016923682706479627,0.035257672305165896,0.024705569152354095,0.0222680035611574,0.02644325422887442,0.11133844235905282,0.017628836152582945,0.052815491231629534,0.012820971747333048,0.024887768685999453,0.08461841353239814
253,0.1511032981526712,0.0030918004193649204,0.022665494722900678,0.006611130791132783,0.13693736395085832,0.030220659630534243,0.10569126143591005,0.13221538588358728,0.0211556185316249,0.041752227121132836,0.022665494722900678,0.02644452316453113,0.01214222931583965,0.01762968210968742,0.005964603874447548,0.012012460648960386,0.02266549472290068,0.08052215230504191,0.035170595259673476,0.11333852323629988
254,0.0071353244431650266,0.020386641266185793,0.16353377996183413,0.30684748808487883,0.04390968888101555,0.0019177873640371524,0.05708259554532021,0.08154656506474317,0.016563453452362372,0.014217656859622792,0.051893268677563824,0.04390968888101555,0.019683653636317314,0.03357799737960012,0.009675016194122069,0.011756908556995769,0.013894528294631364,0.04157985554158073,0.02283303821812808,0.038055063696880144
255,0.08634071147483213,0.033006243218727416,0.1187985715872701,0.13624755620572102,0.013339431999918112,0.022576369859231567,0.04211141376182463,0.05970462662232026,0.02512463256957028,0.039822749970421116,0.08350297429695142,0.055125010375721845,0.04317483330126466,0.0986853332600335,0.0037692314786818347,0.03990950977427824,0.04342154663441474,0.0361161730675399,0.005653847218022751,0.013569233323254604
256,0.017505531654054104,0.0925292387428574,0.34771063813709846,0.01472056070909095,0.04626461937142869,0.003366335425541449,0.05397538926666681,0.0588822428363638,0.0381002747764707,0.0170448597684211,0.040481541950000116,0.013233580016460609,0.0381002747764707,0.05397538926666681,0.01579767490731712,0.019627414278787936,0.022334643834482824,0.020240770975000058,0.028161072660869646,0.057947946645950744
257,0.12285382871034094,0.08687588501344132,0.013106275756338126,0.030232236613000747,0.0075329131408069855,0.0011256077106952965,0.017805067423725597,0.15727530907605755,0.007253916357814134,0.07248903134369729,0.051086549409668405,0.0244819677076227,0.05645780325807194,0.011036863794811055,0.002510971046935662,0.017901254691583785,0.19805038920688728,0.10501991394038045,0.004663231944309085,0.01224098385381135
258,0.04046710342366547,0.01260705914352655,0.06855189496443696,0.09581364949080175,0.010962660124805691,0.039859238995837695,0.04558027265909691,0.016522909762350466,0.03456774281289537,0.0825462205826143,0.05358000135998782,0.12663902174889544,0.004727647178822456,0.0528683125373694,0.02414117708334871,0.11817148090695989,0.07747221505255002,0.031849412573119705,0.009952941429099905,0.0531190381698155
259,0.014916940127955679,0.04108792477227151,0.021653622766387274,0.021653622766387274,0.011584578538935185,0.006646161443148571,0.034753189050765576,0.05738855199876246,0.029185317641652418,0.3610137420298748,0.12905822524623745,0.0312625514571631,0.0047494962691395914,0.027969262739916897,0.006780427330888946,0.009195374051479528,0.018142224479946092,0.0429276825978956,0.02314697606062088,0.10688412863057116
260,0.009586274298574267,0.015957424906718472,0.05276542073560737,0.029521236077429163,0.04541728627296795,0.31692104580067204,0.04217319439632738,0.03936164810323889,0.03280137341936574,0.013730807477874033,0.05367497468623484,0.03936164810323889,0.022708643136483974,0.09840412025809721,0.010543298599081848,0.025227239527740447,0.022708643136483974,0.049132371260532465,0.014400602964599597,0.06560274683873149
261,0.0740761637319685,0.03679245912196706,0.012104878325841978,0.033156840631654104,0.010591768535111727,0.06169962253463143,0.06355061121067038,0.05295884267555864,0.008826473779259774,0.028034937062699147,0.02675815208870332,0.09179532730430165,0.00712755134425718,0.0514457328848284,0.004448542784746926,0.06354687258870287,0.21806024756300707,0.12710122242134075,0.017331984875637373,0.010591768535111727
262,0.0063770938536166525,0.012270188787431895,0.010961711432022694,0.010182639049584783,0.11970292369803344,0.11994460725676369,0.1120090295454326,0.11970292369803344,0.1120090295454326,0.037336343181810866,0.037336343181810866,0.037336343181810866,0.032002579870123594,0.0746726863636217,0.004480361181817303,0.011241557854242596,0.017232158391605017,0.005725181745010519,0.04480361181817304,0.0746726863636217
263,0.02357259241349481,0.03962285136637594,0.05763323835109228,0.037292095403647946,0.0905665174088593,0.009323023850911986,0.02641523424425063,0.009487574815031872,0.021860883512483283,0.015849140546550376,0.01997625596445832,0.05763323835109228,0.025446172314049317,0.05763323835109228,0.010745180031559576,0.05684052193357155,0.34048561497865676,0.01922243498466745,0.027563722689652827,0.052830468488501245
264,0.01710898668982883,0.03421797337965766,0.04355014793774611,0.05322795859057857,0.04790516273152072,0.010645591718115716,0.026613979295289282,0.06843594675931532,0.03943513326891863,0.010584547235299946,0.05322795859057857,0.1596838757717357,0.01224264011499903,0.03928654081766366,0.2568009579074895,0.012947341278789383,0.01916206509260829,0.01774265286352619,0.023952581365760367,0.05322795859057857
265,0.3277043022945557,0.015640956443675816,0.0647770863364772,0.021034389700115754,0.02439989205213428,0.006039577240627298,0.03588219419431511,0.040666486753557135,0.03588219419431511,0.007721484826624774,0.0277271500592435,0.050833108441946405,0.014877982958618462,0.02652162179579813,0.00824320677436969,0.14182911898800935,0.05717070565214865,0.025792428585661758,0.020333243376778568,0.046922869331027454
266,0.0012429318805346461,0.1027405898787906,0.03906020586940599,0.011718061760821798,0.0878854632061635,0.0036468321721275262,0.11718061760821798,0.07030837056493078,0.012555066172309068,0.006376642407967762,0.0064437587778776355,0.11718061760821798,0.00925110139012247,0.05022026468923629,0.008574191532308631,0.016740088229745424,0.017577092641232694,0.18883305761809055,0.015284428383680606,0.11718061760821798
267,0.06710172850179812,0.27672764276320255,0.005226741679815397,0.0043255793212265345,0.010453483359630792,0.014752379561940763,0.0179202571879385,0.020906966719261583,0.01568022503944619,0.0059734190626461675,0.009649369255043807,0.04181393343852317,0.004645992604280352,0.00896012859396925,0.003390318927447825,0.42733525249277104,0.016217481086158482,0.016811252907127167,0.011200880778510575,0.020906966719261583
268,0.005734116316484797,0.04041228332758422,0.007646918922421195,0.007646918922421195,0.02508675888462098,0.007765905587422956,0.013580801802200835,0.04097767542459327,0.00698196945090631,0.02189389866294195,0.04300587237363597,0.5220389738369596,0.004460702704745697,0.009053867868133891,0.0011111659550379327,0.08604257742136638,0.0478115782387391,0.0309642281090179,0.005352843245694837,0.07243094294507112
269,0.02788543275847371,0.021779635753272318,0.09786788246362403,0.013077583905489115,0.10054552091179472,0.0830544174763364,0.08788136384488685,0.018831720823904323,0.01605524916396971,0.014923250464226066,0.01360068726170868,0.047320734378016,0.0013681781230937022,0.024966296546842855,0.01203482070959837,0.05041439977132611,0.09305085583576254,0.01084611768971705,0.1661246832947601,0.0983711688231974
270,0.06096547264648606,0.01282289523109005,0.0053830319242535694,0.0071088647362358955,0.006690696222339665,0.011214287277237006,0.022440066654407592,0.012637981753308254,0.5786331473029386,0.0032057238077725127,0.006318990876654128,0.008701250335382535,0.1342248431365491,0.010340166889070392,0.03001300840320352,0.02187727811184754,0.01704666522275879,0.007516387000723704,0.03791394525992477,0.004945297207816275
271,0.014011586207087527,0.1220356208019038,0.15623666572709843,0.19629505402347897,0.07322137248114227,0.0018521103191864604,0.052300980343673045,0.028162066338900876,0.018338421516374222,0.009152671560142784,0.052300980343673045,0.06101781040095189,0.010767848894285628,0.024407124160380756,0.012624374565714186,0.016641221018441427,0.022881678900356955,0.008767682115351469,0.07322137248114227,0.04576335780071391
272,0.02056924277247913,0.045149745414724246,0.029339361086623106,0.04803879162429738,0.06621962660826224,0.000460623250000644,0.05058443699242255,0.09932943991239335,0.07817594807919846,0.049664719956196667,0.05912466661451985,0.06897877771693986,0.0009921116153860025,0.0827745332603278,0.09225911519640703,0.03122165383702734,0.049420435264022504,0.09120072658853645,0.007524957569120709,0.02897108664111473
273,0.030958789323919773,0.029743218259008518,0.04596679185483134,0.042136225866928737,0.042136225866928737,0.010758185327726483,0.053844287030248704,0.03370898069354298,0.05618163448923832,0.006209248762639711,0.04596679185483134,0.1264086776007862,0.27125815383428825,0.03611676502879606,0.011236326897847662,0.006581797535106532,0.036418143848809675,0.014045408622309578,0.02809081724461916,0.07223353005759213
274,0.010543027270392314,0.06709976600842163,0.2823395468231962,0.02062766205076757,0.023721811358382708,0.005581602672560636,0.012822600734260921,0.07921500153771997,0.02480540644392998,0.006977003340700795,0.06777660388109344,0.25441253601970165,0.015814540905588467,0.02790801336280318,0.008179934951166451,0.029928166814990637,0.0134661241957417,0.014082666940039108,0.021565283053075184,0.013132701635467358
275,0.007752279594793976,0.019380698986984943,0.026520956508505715,0.013618869558421853,0.1423719982057326,0.004989090828332757,0.02290446243916403,0.008812822017248388,0.028395523187846942,0.20446172660814071,0.2714920563330981,0.0359927266901149,0.00812738989776788,0.01574681792692527,0.00445927587311158,0.0076348208130546736,0.0056662825178727255,0.004328858163909199,0.07396575798124647,0.09337758586772743
276,0.06601540605184804,0.041909135196786115,0.06315473845626797,0.018965456994092855,0.018044210987505128,0.06069416423069908,0.05274461673270732,0.0234087061459526,0.10852114115275265,0.0458751126800978,0.06368545054413575,0.05432009335567217,0.03780691825953457,0.08932113286680105,0.05636215757142875,0.07994973483694581,0.03384466237265858,0.024304447452557932,0.024984292136545565,0.03608842197501027
277,0.017917742173177674,0.01965171722219487,0.025383468078668366,0.12215924491161581,0.020306774462934697,0.01032547854047527,0.026487097125567002,0.3269758913967766,0.06092032338880408,0.010739274277944248,0.02436812935552164,0.01903760105900128,0.007911730310234297,0.02900967780419242,0.00858032723785973,0.008232476133622173,0.004743795194361924,0.19749486714185746,0.02769105608582004,0.03206332809937057
278,0.030723488052863637,0.025602906710719697,0.06144697610572726,0.06144697610572726,0.025602906710719697,0.014630232406125543,0.021945348609188314,0.3296360329097605,0.03413720894762627,0.01935724041876133,0.025602906710719697,0.020482739659097495,0.017068604473813132,0.0768087201321591,0.013654883579050505,0.009601090016519888,0.1307958306739112,0.006906267649237413,0.03614528006219252,0.03840436006607955
279,0.09519399061565227,0.01585696404838676,0.054571579890712506,0.07917458848080408,0.030081614685698206,0.29098616737028754,0.027073453217128392,0.027073453217128392,0.024612230197389444,0.01128060550713683,0.048384470738269174,0.04512242202854732,0.01320656254494068,0.06220860523491749,0.04207345281588623,0.01921579908594843,0.015470544695501938,0.009601740990483469,0.03958729424040204,0.04922446039477889
280,0.007397003643102408,0.015115616140252745,0.015459316733054874,0.012023913014598233,0.016648494943289863,0.022043662538637914,0.019314398401434063,0.14485798801075542,0.07082064943250864,0.0503853871341758,0.010420946622556795,0.04328608685255363,0.0036683124451316646,0.010535126400782215,0.11603253061304386,0.03094648156499327,0.15905695224310717,0.08584177067304026,0.037382706583420765,0.12876265600956038
281,0.016541140566275068,0.05579023470248771,0.023385750455768194,0.06781867632172776,0.03767704240095986,0.013869170020817617,0.010976275237264263,0.04521245088115184,0.0565155636014398,0.02800909013597506,0.03767704240095986,0.042386672701079854,0.02549361675021915,0.02260622544057592,0.3643955264480206,0.04115730347648743,0.017847020084665197,0.01883852120047993,0.03390933816086388,0.03989333901278103
282,0.013779346712573155,0.016890812099283222,0.027558693425146302,0.014151761488588644,0.022765877177294776,0.006889673356286576,0.02181729896157416,0.2812617851918664,0.020139045195299226,0.268959819420659,0.011635892779506217,0.027558693425146302,0.010686023981179177,0.030800892651634104,0.009038378213913446,0.019778098209269415,0.026537952703847918,0.12376941095888326,0.016890812099283222,0.029089731948765546
283,0.12723032975977816,0.017724874053893613,0.1785336724763593,0.1960700002730756,0.01584561437426095,0.03986574296721649,0.0649912048642766,0.02603208075771442,0.012109141931531611,0.00939631877555806,0.034407108457558205,0.04033936853644755,0.006508020189428604,0.10692101445413246,0.005999188141317839,0.05711348306254611,0.025431341033847355,0.00374714982451002,0.007437737359346975,0.024296608707200122
284,0.012872373286085082,0.022986380868009075,0.03387466654232916,0.02219374704497428,0.058510787664023095,0.002340586414367904,0.037859921429662005,0.0289187543741665,0.13401252915305162,0.015698016202542787,0.03387466654232916,0.0715131849226949,0.013991710093570744,0.03575659246134745,0.34572046900637765,0.020843547410545626,0.013408722173005296,0.012872373286085082,0.018389104694407264,0.06436186643042541
285,0.003546691917051832,0.01117207953871327,0.010640075751155498,0.02793019884678318,0.014896106051617699,0.003603896625391378,0.012413421709681412,0.11417123319931072,0.04468831815485308,0.5839636564794574,0.07448053025808847,0.00519201618054981,0.0038524412202459563,0.02234415907742654,0.0029018388412242265,0.003658705040862264,0.003843125098697537,0.027100269624264536,0.017187814674943496,0.012413421709681412
286,0.08185184143738414,0.008484760079506702,0.032377093923340115,0.015588971148274868,0.023873453752570373,0.00477861241369422,0.062123150676973035,0.028060148066894764,0.2506712644019889,0.005186025061724743,0.11308478093322807,0.022152748473864285,0.004829028209683992,0.05968363438142594,0.22048565886474933,0.005449187513516518,0.010265907829351746,0.006475418784668024,0.014513869689773156,0.030064444357387254
287,0.07484401605906323,0.04345781577623027,0.05850925938399823,0.08963174503847494,0.03911203419860724,0.10951369575610029,0.07382469026282606,0.010353579679087885,0.034416036251538024,0.05703838320630221,0.04656194547453243,0.06565323896573776,0.005647407097684301,0.11259524996568751,0.020668961161865614,0.03705541357390283,0.04858032093362395,0.0345106184105358,0.01629668091608635,0.021728907888115132
288,0.012465374668744967,0.034903049072485925,0.055894321816011894,0.18631653005625856,0.034903049072485925,0.01643246077887126,0.06980609814497185,0.04986149867497989,0.006670505156122745,0.05178000898102411,0.03173004461135084,0.03173004461135084,0.017451524536242956,0.2878963153268619,0.008310249779163314,0.01026560266837821,0.019390582818047734,0.009156001824499365,0.015175238727167788,0.04986149867497989
289,0.033622631301593056,0.042028289126991324,0.08405657825398265,0.06724526260318613,0.05603771883598843,0.0063438926984137846,0.17712855177484504,0.05603771883598843,0.05232129285105114,0.015854937227591258,0.030566028455993686,0.0329846389973113,0.06364363458200932,0.060263504160677564,0.02610813823879854,0.021014144563495662,0.0197780184127018,0.01769612173768056,0.033622631301593056,0.1036462660401072
290,0.05767913767982192,0.06685488942437494,0.0077671695287125425,0.01892677807763201,0.03581511933448657,0.007255449981308893,0.08595628640276777,0.12097551419648797,0.114608381870357,0.06344392567823334,0.0736768169166581,0.02387674622299105,0.007163023866897314,0.05762259285508251,0.09116575830596582,0.04309663821986027,0.01110451188306107,0.03851581133956889,0.04584335274814281,0.028652095467589258
291,0.03487360408827901,0.01536726336508172,0.20098943148097664,0.14771992137829373,0.013171940027212902,0.05573482558419093,0.07849814045036783,0.01627122003361594,0.06267534543888235,0.006746603428572463,0.018440716038098066,0.12394443229005447,0.023867677839638866,0.014017525080422828,0.017840486465992688,0.05519400500416488,0.07039235420821029,0.009146221494642287,0.02127774927472854,0.013830537028573552
292,0.05539457218232016,0.020180737702193096,0.2656007011756506,0.03405137194559622,0.025684575257336664,0.08503223954776006,0.02173310214082333,0.013661693299686552,0.042413693493629015,0.007063258195767584,0.014755594509758363,0.025684575257336664,0.0072250293271975945,0.029511189019516725,0.018836929161393654,0.131172989761538,0.14949248933294343,0.008829072744709478,0.0122839272969871,0.03139225864785592
293,0.015400575791326549,0.022987879278318652,0.07920296121253652,0.01980074030313413,0.21335494326404625,0.007257456655878087,0.055442072848775566,0.036961381899183715,0.042647748345211976,0.009900370151567065,0.03465129553048473,0.046201727373979644,0.01260047110199445,0.03261298402869151,0.0024499060789379846,0.010267050527551032,0.021323874172605988,0.008274936246085905,0.29604864116099877,0.03261298402869151
294,0.012212093898224103,0.02506692958056526,0.02976697887692125,0.02506692958056526,0.252411437297505,0.0068038808861534275,0.08291531950870662,0.03401940443076714,0.03663628169467231,0.027815005608565098,0.03401940443076714,0.03401940443076714,0.019844652584614163,0.052919073558971116,0.013229768389742776,0.003509896048516129,0.02976697887692125,0.012179735309705297,0.019050866481229594,0.2487459585261199
295,0.031003342166974517,0.0527056816838567,0.004133778955596603,0.0738912988312893,0.08996091617506691,0.0013891690048906636,0.057534133906649194,0.04277663902215743,0.0235197768163255,0.06912834752112951,0.0662012541565397,0.025577757287753976,0.0024717198142677707,0.09549029387428151,0.04056717874301085,0.02143659658402238,0.11302932744302709,0.09132848929864698,0.057549953897446444,0.040304344817066885
296,0.04837499943407135,0.03743739535973692,0.2999201182946294,0.028078046519802693,0.11231218607921077,0.0037641811994419717,0.051050993672368525,0.0561560930396054,0.04679674419967115,0.01701699789078951,0.04679674419967115,0.010940954805318037,0.028078046519802693,0.051050993672368525,0.011231218607921076,0.01936417001365703,0.024415692625915385,0.032963228639435974,0.020055747514144778,0.05419544771243771
297,0.07598036604425318,0.021611958169457053,0.06457322554258772,0.07222250172694601,0.020582817304244813,0.048356174535717195,0.05402989542364262,0.06174845191273444,0.06322971104947885,0.031401990502629915,0.028815944225942736,0.03361860159693319,0.046311338934550826,0.14407972112971368,0.04598288972224905,0.04557623831654208,0.05402989542364263,0.04740933983576637,0.010422330034277255,0.030016608568690352
298,0.0931220588806668,0.02771489847638892,0.03258887537391539,0.05215650882508416,0.028449004813682267,0.030632256210745654,0.2756516297627967,0.031293905295050495,0.024072234842346534,0.009781728874019619,0.020862603530033667,0.16724474212112428,0.010431301765016833,0.031293905295050495,0.0215560321483025,0.05956789597162859,0.0377990361181793,0.009204089792661912,0.022352789496464638,0.014224502406841135
299,0.12862433804634427,0.024520221172396495,0.02125085834941029,0.03984535940514429,0.03541809724901715,0.012750515009646175,0.16989706369197033,0.01992267970257215,0.03984535940514429,0.006911908268721093,0.06375257504823088,0.14470238030213733,0.038092444867552734,0.04739912730429406,0.008897570409353992,0.015179184535293065,0.01770904862450858,0.02656357293676287,0.10625429174705149,0.03246340392444849
300,0.02008105084613236,0.029749704957233128,0.03824962065929974,0.029749704957233128,0.04724953140266438,0.02551989916354453,0.028687215494474803,0.036511001538422475,0.0422758965181734,0.007402987574130594,0.025911033349848213,0.03492356668892585,0.4266928282505189,0.02053943170860366,0.007874921900444063,0.05778256611984198,0.017765091074294075,0.020595949585776784,0.04016210169226472,0.0422758965181734
301,0.020085294900271517,0.0076570227443712125,0.020558062803480145,0.05085415535597719,0.026114295993609912,0.011502725616232938,0.03942365487277734,0.02927966520495657,0.04391949780743485,0.01400331814150097,0.04200995442450291,0.02683969310454352,0.01894566572085425,0.04200995442450291,0.010779599833552908,0.010555024837020557,0.01665911985799253,0.014865060796362566,0.04025953965681528,0.5136786939032398
302,0.02022056176986942,0.03227743084036593,0.06455486168073186,0.04734023189920337,0.05917528987400421,0.06648245337023359,0.04438146740550316,0.03550517392440253,0.02553838044267516,0.010001457443493669,0.025093004863264275,0.037373867288844766,0.016907225678286914,0.026300128832890766,0.3791800200185735,0.02479985402549872,0.016907225678286914,0.01449190772424593,0.016095589950780507,0.037373867288844766
303,0.0022577353753199694,0.05466474648672037,0.043731797189376295,0.03858687987297909,0.032798847892032225,0.015999437996113277,0.031236997992411645,0.12688388489929886,0.04099855986504028,0.013085498510698625,0.03858687987297909,0.02342774849430873,0.014829125451111045,0.03644316432448025,0.010580273513558783,0.012376923732842349,0.35039570277032955,0.029817134447302017,0.04685549698861746,0.03644316432448025
304,0.01791697340705174,0.030659855873196626,0.08446573177610105,0.02463583843469614,0.04927167686939229,0.017303419370078555,0.02463583843469614,0.11825202448654148,0.03111895381224776,0.009652610046232121,0.045481547879439026,0.05912601224327073,0.01689314635522021,0.025706961844900317,0.027934488311925392,0.011155851366654852,0.016423892289797425,0.026875460110577606,0.3170081692085415,0.045481547879439026
305,0.2847502800522388,0.04357562861993831,0.04075406968597763,0.01715594029747078,0.03545560994810627,0.13032758705925118,0.03545560994810627,0.03545560994810627,0.0312843617189173,0.013295853730539852,0.04834855902014493,0.025325435677218767,0.006906937002877846,0.04834855902014493,0.010428120572972434,0.007186947962453974,0.012700933997662783,0.03733078427013113,0.10636682984431882,0.029546341623421894
306,0.012275904459625448,0.004995913257239358,0.0320113491037068,0.05074040509978518,0.022385472838140522,0.01290010299147081,0.0038873536343645445,0.02818911394432511,0.09513825956209723,0.01619374630844208,0.10872943949953967,0.031389805115999474,0.01619374630844208,0.06342550637473149,0.019515540422994304,0.010014553638115497,0.01902765191241944,0.013122518560289271,0.03171275318736575,0.40815086378090576
307,0.019413055515731054,0.025884074020974732,0.031060888825169688,0.0388261110314621,0.029581798881113983,0.013804839477853192,0.33064471645259086,0.10353629608389896,0.05176814804194948,0.011721090122705544,0.05176814804194948,0.06503704880328058,0.011071030491552638,0.017692458277014367,0.003033046435368924,0.01194649570198834,0.017749079328668396,0.0200392831130127,0.028237171659245164,0.11718521969446996
308,0.010522842651315954,0.03210057487652511,0.024763300619033656,0.00837218283878587,0.07879232015147072,0.46563057217916215,0.03210057487652511,0.06614358237970026,0.04815086231478768,0.010700191625508372,0.027958565215037996,0.03210057487652511,0.016994421993454467,0.04127216769838943,0.0062733679740529244,0.00912332128069661,0.01469009358756234,0.009306818736503094,0.021667888041654447,0.043335776083308894
309,0.05242395753373961,0.042194694478246586,0.05570045487959833,0.029706909269119106,0.03874814252493796,0.0031015670104102147,0.022280181951839333,0.035769288353368046,0.02874862187334107,0.015365642725406437,0.03713363658639888,0.009158913273420652,0.01172641155359965,0.03564829112294293,0.006135989986205115,0.4781442441044101,0.006505162613675717,0.03182883135977047,0.02785022743979916,0.03182883135977047
310,0.016621378723562,0.011634079179876662,0.02799338337920734,0.033242757447123995,0.12224010455256862,0.01918246287645437,0.004850881345706158,0.036567033191836386,0.06648551489424799,0.023591634317313804,0.060945055319727326,0.024206421953934205,0.009497930699178285,0.05223861884548056,0.017007922414807627,0.009497930699178285,0.018752324713762255,0.012609321790288413,0.04063003687981821,0.3922052067759276
311,0.017477886434968913,0.04264817606757625,0.09987286836273075,0.3002897463840166,0.024420219715889223,0.05968606450624039,0.043205004112727076,0.051060459405950186,0.007206330757892805,0.02035481130497958,0.062407228162827996,0.03744433689769681,0.029268356124807247,0.05970744649460676,0.011701355280530252,0.024075583263954346,0.027987865544346922,0.009323392384698532,0.051060459405950186,0.020802409387609338
312,0.2604376142317639,0.024354311819573753,0.014326065776219853,0.03044288977446719,0.028652131552439706,0.005237486412811558,0.1294676806079821,0.040590519699289576,0.05412069293238611,0.010147629924822394,0.040590519699289576,0.04428056694467955,0.0051272235409628945,0.04428056694467955,0.0095507105174799,0.15462845558983418,0.0071599147446898236,0.038618562573357496,0.0347918740279625,0.023194582685308336
313,0.0755470056752513,0.010759016288116284,0.11498698657924282,0.04542695766093543,0.023587074170101086,0.0263769431579625,0.05286353792958048,0.037167510813492614,0.04471716144748332,0.013002687575365015,0.03931179028350181,0.06388165921069044,0.10314874499032921,0.06388165921069044,0.016717791100553766,0.07099190931706434,0.10052982059310896,0.07401461205100686,0.010821853377070862,0.012265278568452562
314,0.11605793742892544,0.025434731308413887,0.014304527686800269,0.009979903037302512,0.010217519776285907,0.01962107843791928,0.012261023731543088,0.013410494706375252,0.006893456041439389,0.0045329224114004935,0.031634714836800464,0.012373653068958105,0.20043765423444398,0.011920439739000225,0.0033266343457675047,0.24833532763061308,0.2304350107020795,0.006448241740161266,0.009753087059182002,0.01262164207658847
315,0.09358187727828854,0.018196476137444993,0.013101462818960394,0.15945859352024166,0.03149390100711633,0.020471035654625616,0.006967398418492513,0.017086122561215524,0.02568107875760331,0.0027294714206167487,0.13950631705374497,0.0347387271714859,0.003571021141191268,0.16468187274229418,0.033212250746547954,0.1520705505772189,0.04816714271676617,0.009610943940683734,0.012302008244075178,0.013371748091386063
316,0.012135580977347234,0.016496805391081396,0.01852272886016157,0.072834628976646,0.025137989167362127,0.568722268346952,0.02199574052144186,0.027692741765036496,0.021115910900584185,0.00831335074826149,0.028535014730519174,0.01852272886016157,0.010557955450292093,0.02030376048133095,0.06726289248777366,0.008583703618123653,0.011997676648059195,0.00901357421466135,0.016496805391081396,0.015758142463122526
317,0.012275084012586921,0.03983197675128218,0.03319331395940182,0.030175739963092554,0.030175739963092554,0.011579063009093655,0.019915988375641083,0.035564264956501945,0.03688145995489091,0.03575137478004758,0.026205247862685636,0.02845141196520155,0.0036631339196388077,0.01952547879964812,0.011315902486159709,0.5351076394706871,0.033556202839856906,0.016596656979700905,0.01810544397785553,0.02212887597293454
318,0.3607439812009797,0.12572703079747433,0.017282897468655925,0.012151865170113142,0.028084708386565887,0.011491180234177764,0.02696132005110325,0.02930578266424266,0.013755775536277168,0.007489255569750903,0.015318931847217755,0.07633426869846656,0.0082199146497266,0.019824500037575916,0.004814521437697009,0.2020238755857685,0.0036788098249395337,0.005612099595138276,0.012962173101491947,0.01821710814263733
319,0.050867426979826165,0.15017879031585163,0.00942942450234825,0.00975457707139474,0.03418543284347986,0.0034082257237403315,0.02310442927936179,0.02002383870878022,0.00975457707139474,0.07508939515792583,0.05406436451370659,0.01571570750391375,0.009537425567202563,0.010102954823944552,0.005238569167971252,0.15132628910750917,0.20031236990335105,0.14611990409109887,0.013059025244856665,0.008727272422341982
320,0.00824839475127901,0.023774825548972343,0.023075565974002565,0.04129311805874144,0.008560555558398021,0.013764372686247146,0.020117160079899672,0.024517788847377726,0.022416264089031065,0.009018037277196404,0.04129311805874144,0.01705585311121929,0.045322474559686715,0.052304616207739144,0.009230226389601028,0.4199692786692886,0.1429489978130231,0.021204574138272626,0.03736044014838511,0.01852433803289761
