site,A,C,D,E,F,G,H,I,K,L,M,N,P,Q,R,S,T,V,W,Y
225,0.41463646606571625,0.09111953972792186,0.017797807561859415,0.014016425683708785,0.024269737584353752,0.034345761272359464,0.023555921773049226,0.05067610765617045,0.024269737584353752,0.006306309766013179,0.020022533507091843,0.030803897703218227,0.026590207908226624,0.016685444589243204,0.004883544757827279,0.022587113518506768,0.08232780601970519,0.0618871266315878,0.010971251236762654,0.022247259452324274
226,0.007937797526579434,0.010529731412809454,0.021498201634485965,0.042042345134479485,0.015175201153754803,0.003339526467492966,0.028664268845981278,0.021059462825618904,0.5375761308369472,0.012941772051752265,0.010309714284385802,0.01838202958870247,0.013577811558622714,0.028853400899699743,0.1726932070823098,0.005608226513344165,0.009885940576130991,0.004299640326897192,0.0061423433241388475,0.029483247955866463
227,0.04323298345737048,0.17026305844370018,0.011812390159954882,0.009281163697107405,0.008293805856989595,0.02368599391324759,0.013921745545661106,0.01053386358763184,0.013441685354431417,0.0029985298098347004,0.009745221881962775,0.17147220357611276,0.009281163697107405,0.009745221881962775,0.002292850179736688,0.19730609445431804,0.2476230263202291,0.02922415625955585,0.004379875003129337,0.011464966919956208
228,0.009063856209067252,0.01166634957602716,0.02127992520699094,0.01592299063755058,0.013543693185962566,0.003614421187664855,0.03925748937913427,0.0196311464151551,0.02066928962823056,0.00569227684627412,0.01683287581683919,0.6028659309039303,0.040631079557887695,0.03927671023929143,0.0058044399368410975,0.03471316521502163,0.07149941846130442,0.005775986799895799,0.009984982847152386,0.012273971949778573
229,0.016089905295273634,0.12997136841092533,0.0021800694921040096,0.001453379661402673,0.0011374275610977443,0.00040110307520823345,0.0022858981082255632,0.12683467847364804,0.0025047606930556706,0.18411548202520184,0.2491458478391052,0.01593286433748349,0.021570279902642958,0.0024272938674972477,0.0004536560792817593,0.007000694956568947,0.1771675423304009,0.05679196241421146,0.0009765304756903363,0.0015592550009750532
230,0.013011411257429412,0.011806650955815576,0.030359959600668625,0.01677787241089582,0.02125197172046803,0.004086917638551545,0.04250394344093606,0.3314739996945817,0.035419952867446716,0.006711148964358327,0.010293777934136633,0.02125197172046803,0.00980860233252371,0.020566424245614227,0.005540984874868692,0.007775111605049283,0.010852238903713634,0.3712855987168303,0.013282482325292522,0.015938978790351027
231,0.013405523316434511,0.024806985909576258,0.032042356799869345,0.015271341032187337,0.04272314239982578,0.006408471359973867,0.04272314239982578,0.028435118321063633,0.39594330866690963,0.011651766109043397,0.024806985909576258,0.02194393538475492,0.015078756141114983,0.027464877257030864,0.20937130028592552,0.010680785599956446,0.02136157119991289,0.010680785599956446,0.016717751373844875,0.02848209493321719
232,0.03213444411797798,0.05411712289079501,0.010537152739231309,0.009220008646827395,0.014752013834923833,0.2120567319651974,0.023859018709669264,0.05099849019967908,0.012827838117325073,0.05788580488632839,0.13187194062010996,0.05400789450220492,0.004610004323413698,0.012293344862436528,0.007027228322931442,0.1564947696810569,0.11413025833681298,0.01911095528485946,0.005673851474970705,0.016391126483248704
233,0.14132250431280477,0.1406348343974321,0.014923019065696647,0.004158874165849885,0.01812080886548878,0.0010704275279191688,0.023062847646985726,0.12891526486431276,0.011531423823492863,0.0040201333142165716,0.005110981204990626,0.025369132411684297,0.006022267543902453,0.023062847646985726,0.0034282611367140946,0.09755749773515561,0.1458435319677074,0.13591760559286395,0.006504905746585719,0.06342283102921076
234,0.10798895377280006,0.2660637188248923,0.006266990794101983,0.00716227519325941,0.02999139303777259,0.008742093618532176,0.01671197545093862,0.012154163964319,0.020054370541126347,0.004177993862734655,0.020054370541126347,0.05076054359147715,0.0012436374593854035,0.02228263393458483,0.0046638071025875225,0.21625986975133027,0.1614858627720258,0.022608862806548728,0.005570658483646207,0.015755824496810837
235,0.008854183162879418,0.05157583380962145,0.00964877079902613,0.01759481733940059,0.027191990433619084,0.0022321783191776865,0.018694493423113124,0.3206292154752063,0.019940792984654003,0.04376131353543638,0.0249259912308175,0.00964877079902613,0.005069693131691695,0.01759481733940059,0.005157101633962241,0.07433799584112287,0.16056412372148923,0.15087855860725077,0.01300486498999174,0.018694493423113124
236,0.055227854714654474,0.08377556991649159,0.008895584003491474,0.0053373504020948846,0.008895584003491474,0.0020015064007855824,0.014556410187531505,0.017654872127423515,0.015612166777123557,0.2701458595133243,0.05711970676124428,0.01000753200392791,0.012054023153074427,0.179519078392482,0.0026686752010474423,0.09613279455724628,0.08568175837995379,0.05623822980505223,0.006158481233186406,0.01231696246637281
237,0.20064560978809923,0.0327123938914874,0.02013497537296282,0.008737819501474432,0.023155221678907247,0.17117178267340014,0.028944027098634053,0.023006183181952765,0.014033467684186209,0.007984559199623188,0.014413654526081876,0.017967442780601382,0.009262088671562899,0.022052592075149757,0.004968461014896328,0.24910331930012755,0.12124117697834079,0.004540239544883773,0.0048747835113488935,0.02105020152627931
238,0.10128609611043915,0.05064304805521957,0.022072592066248953,0.0045443571901100785,0.022072592066248953,0.14393287342009772,0.023368226134020856,0.17725066819326848,0.022364221944048114,0.03437982447638017,0.021484929477971936,0.05064304805521957,0.007531202937677538,0.08290349209751133,0.015388486666642722,0.1543407178825739,0.03038582883313174,0.012660762013804892,0.003433514321416503,0.019313518057967834
239,0.011846339048132664,0.1890029548133893,0.024405065369330133,0.034864379099043045,0.17243846439926697,0.008716094774760761,0.006572667627859736,0.042709626968765305,0.02218642306302739,0.13109427688776704,0.10942276331301487,0.021323410286638794,0.0009062583009402815,0.011621459699681013,0.01570354070982493,0.008415539782527633,0.04703693445582088,0.11190538817102799,0.01627004357955342,0.01355836964962785
240,0.00970702169691822,0.019414043393836438,0.011200409650290252,0.026473695537049688,0.0041545788895172055,0.0036862107709816024,0.005600204825145126,0.11032064640979869,0.026473695537049688,0.15669612681735076,0.5244411082003347,0.011200409650290252,0.006503587545779284,0.020800760779110465,0.0022551590743736774,0.0046969459823797835,0.014560532545377328,0.00323567389897274,0.022400819300580504,0.016178369494863697
241,0.010178276033311583,0.05699834578654486,0.05699834578654486,0.08678211253161831,0.04749862148878739,0.009298083485530533,0.069735626141479,0.031665747659191584,0.018999448595514955,0.15294877839669094,0.08811930568398385,0.09298083485530532,0.0019067393088594605,0.019269349571137215,0.010975725338336946,0.023245208713826328,0.044147476518660425,0.02479488929474809,0.01096122034356632,0.14249586446636214
242,0.011670581890606916,0.035011745671820756,0.026816056153603943,0.007251333892953757,0.035011745671820756,0.08606473029679843,0.05363211230720789,0.0859827134639168,0.16839192601969036,0.05251761850773112,0.05363211230720789,0.0420140948061849,0.017877370769069294,0.11226128401312693,0.009047721827088061,0.08252768622643461,0.05363211230720789,0.01149259549440169,0.02298519098880338,0.03217926738432473
243,0.01722924196851605,0.002345995098089322,0.043073104921290115,0.09206005721580149,0.09206005721580149,0.0026104912073509163,0.0032518545297396052,0.08614620984258023,0.09206005721580149,0.026729546207775737,0.09206005721580149,0.08614620984258023,0.004307310492129012,0.034458483937032096,0.0922621397356552,0.007065382517282383,0.010768276230322529,0.08614620984258023,0.043073104921290115,0.08614620984258023
244,0.13926904247173466,0.013912465466982963,0.030607424027362523,0.005668041486548616,0.03825928003420316,0.0035590027938793628,0.030607424027362523,0.061109850229370065,0.009002183537459567,0.04455032657018504,0.08194992092783875,0.08183205637449548,0.0058860430821850995,0.17189778956511242,0.002503475576692368,0.015452024409012728,0.05798463846398405,0.12330896608171162,0.006121484805472505,0.07651856006840632
245,0.04442389010821546,0.11657744337286212,0.12487056834256026,0.08501530903552512,0.046630977349144856,0.02968588405510683,0.0333078409636749,0.1245125760851115,0.046630977349144856,0.013714993337983778,0.05200905664504316,0.06716179114842849,0.016082168520877245,0.05828872168643107,0.003885914779095405,0.033951244655185286,0.023315488674572428,0.03829480115019205,0.012953049263651348,0.028687303477193924
246,0.10539634195132969,0.008466206453812958,0.0019821049552048416,0.003684327174223989,0.017500554077563946,0.11228512053896778,0.10000672701657953,0.03500110815512789,0.03000094984725248,0.008750277038781973,0.05250166223269184,0.19251294950691564,0.02000134540331591,0.07000470891160566,0.003955894049678446,0.053681482797388734,0.10000672701657953,0.0405095045287319,0.017501177227901413,0.026250831116345918
247,0.11749219203729208,0.06853711202175371,0.00876841681933096,0.04208840073278861,0.021044200366394306,0.05482968961740296,0.014058651475986372,0.026305250457992885,0.030063143380563293,0.018175307041567636,0.11231130174072128,0.07615234669083744,0.11254155857265448,0.06853711202175371,0.00874941855596856,0.01909461441918368,0.12449177167091935,0.017134278005438427,0.04208840073278861,0.01753683363866192
248,0.07731102386785317,0.038655511933926585,0.04208313591687068,0.015746898341782067,0.04208313591687068,0.04578292748623145,0.04208313591687068,0.08264460097949938,0.05427682603353356,0.023427582990258548,0.009841811463613792,0.03936724585445517,0.023427582990258548,0.026244830569636772,0.04208872519193907,0.06504631391928622,0.0327695675689664,0.24052318536665432,0.014512821774622273,0.04208313591687068
249,0.045015723489116186,0.09003144697823236,0.09624047342260689,0.020006988217384968,0.09624047342260689,0.0044599853374070715,0.09624047342260689,0.036012578791292944,0.04490001610902376,0.030010482326077455,0.012628846842160073,0.09003144697823236,0.025723270565209247,0.036012578791292944,0.09648251920017273,0.05180129191222372,0.015005241163038729,0.007502620581519364,0.009413069027188537,0.09624047342260689
250,0.17352610536147464,0.02587669992232517,0.028094702772810176,0.013408835414295765,0.025519279543033572,0.03687429738931335,0.016388576617472606,0.09833145970483563,0.05462858872490868,0.0020703423692090836,0.01275963977151678,0.19666291940967126,0.08172937927398809,0.063137621177716,0.0064479645708088945,0.06320006550174445,0.03718046845237936,0.03806379085348477,0.006959803511736426,0.01913945965727517
251,0.033116200024006816,0.11457095311216,0.012366446135569337,0.019884215002936856,0.026038852980036366,0.011684100696170163,0.013256143335291242,0.04860585889606788,0.011129801522012402,0.013321897231462218,0.06079362994919459,0.1949094152508629,0.009113598543012727,0.09235113190252893,0.003645439417205091,0.10273511084850712,0.13670397814519086,0.05962481420414755,0.003008054465408757,0.03314035833822811
252,0.016445520592636192,0.021144240761960822,0.049336561777908586,0.0036655929473535316,0.14800968533372577,0.008222760296318096,0.049336561777908586,0.04151754769299545,0.2376415006007716,0.01776116224004709,0.03700242133343144,0.0259281404383491,0.023369950315851432,0.02775181600007358,0.1200565934105755,0.018501210666715718,0.0259281404383491,0.01345542593942961,0.026119356235363368,0.08880581120023545
253,0.14288418435444344,0.1228787356667452,0.016376703906423262,0.007676579956135905,0.08707004984098901,0.026790784566458156,0.008926855396745337,0.08037235369937444,0.02456505585963489,0.029610867152401122,0.06429788295949955,0.04074051255258595,0.022963529628392706,0.02047087988302907,0.008460247757828892,0.023662521243688388,0.012282527929817447,0.05076148654697334,0.07760089322698223,0.1316073478718516
254,0.0064714504497239275,0.01848985842778265,0.10065711283229642,0.27820574239313145,0.03982431045983955,0.030101386804607312,0.05177160359779142,0.0739594337111306,0.14213269226768632,0.023701238777372118,0.04706509417981038,0.03982431045983955,0.017852277102686696,0.03045388446928907,0.008774848067422274,0.013066067531115397,0.015441716173136381,0.0069839284576943,0.020708641439116566,0.03451440239852761
255,0.07393372637929004,0.033683356438533645,0.13859766222204983,0.11343394467005935,0.011109859431304542,0.015035471301294512,0.0072788734205098725,0.016617122509676594,0.02148710967515024,0.04967074663218548,0.09586801447890345,0.07356538611054741,0.08497392192448258,0.1258872917399742,0.003846556136499211,0.022807815209360028,0.06369896962042695,0.03355215294845444,0.004397652691558047,0.010554366459739315
256,0.02378152069305063,0.08839449121121408,0.33211603719032645,0.028425927313145635,0.04419724560560703,0.019434704292748368,0.05156345320654154,0.05625103986168169,0.0363977316752058,0.01628319574943417,0.038672589904906164,0.012642226266540251,0.0363977316752058,0.05156345320654154,0.0150917424019146,0.018750346620560566,0.02133660132684478,0.038005437607358035,0.02690267123819559,0.0437918529529773
257,0.09161636031549021,0.05577560680517597,0.016956154775239863,0.004677559937997203,0.010434556784762992,0.0025633304661181727,0.02466349785489434,0.2662017597519762,0.01004809171866066,0.07029816681005803,0.1266488353323641,0.033912309550479726,0.020477058442459704,0.014278867179149357,0.0034781855949209974,0.006617036009849702,0.07230171252522812,0.14563526783651004,0.00645948753342471,0.016956154775239863
258,0.023602977666394218,0.05735523572933796,0.0974727157070507,0.022546779169251255,0.04987411802551126,0.013596295833069755,0.03195350177647396,0.010438323689468176,0.025218935819403578,0.03641602268529394,0.047796029774448294,0.30377754000409557,0.007045868490391018,0.02466891859326364,0.012203241644539991,0.1421196599026864,0.058811289825757715,0.008049857646222873,0.014833407348191614,0.012219280669148234
259,0.020014768846959,0.025733274231804434,0.029053696713327585,0.029053696713327585,0.07710783206537469,0.008917471268447082,0.0199572778829118,0.04568805298153155,0.03915933035274588,0.48454076624290926,0.023093964054183465,0.03915933035274588,0.006372625293854471,0.037527691588048126,0.009097622203163186,0.012337871207029524,0.02434228643549068,0.013442755195718734,0.03105739993493638,0.02434228643549068
260,0.009605829196775644,0.017134722351005206,0.019600960456166765,0.03169923634935962,0.04876805592209174,0.34041710911086015,0.04528462335622804,0.04226564846581284,0.0352213737215107,0.01474383086016727,0.05763497518065387,0.04226564846581284,0.02438402796104587,0.10566412116453208,0.01132115583905701,0.0053241140933017635,0.02438402796104587,0.03837474997991228,0.015463042121638846,0.0704427474430214
261,0.04564361493415092,0.09356282790112211,0.008595749780145948,0.018034574073694555,0.029628228835355343,0.026464049056822238,0.021547802789349334,0.0460883559661083,0.005014187371751804,0.0025140351538950494,0.04366265302052366,0.052672406818409484,0.0010153032788942455,0.011286944318230607,0.001805107453830649,0.09687427280996366,0.23471888845280406,0.21332324761455845,0.03250518825513411,0.015042562115255408
262,0.0064689974014868,0.012447020728200957,0.0036678308677498043,0.010329386247731664,0.12142802350537589,0.12169099464308286,0.11362324872504832,0.12142802350537589,0.11362324872504832,0.037874416241682765,0.037874416241682765,0.037874416241682765,0.032463785350013805,0.07574883248336552,0.004544929949001932,0.004426107110817038,0.017480499803853588,0.005807690255414433,0.04544929949001932,0.07574883248336552
263,0.004894045040414677,0.037819111720915156,0.05500961704860387,0.03559445809027309,0.0864436839335204,0.008898614522568273,0.025212741147276774,0.00905567468056375,0.020865716811539405,0.015127644688366065,0.09347747930300906,0.05500961704860387,0.009604853770391152,0.05500961704860387,0.010256030297197332,0.06453276096833925,0.3250368139703033,0.011417090330842317,0.026308947284114897,0.05042548229455354
264,0.017593970689634753,0.035187941379269505,0.04478465266452482,0.05473679770108589,0.049263117930977304,0.010947359540217179,0.027368398850542944,0.07037588275853901,0.037894706100751775,0.014888070808078415,0.05473679770108589,0.16421039310325766,0.012589679053002675,0.010691654230441617,0.26409701821836834,0.013314356197561434,0.019705247172390927,0.018245599233695297,0.02463155896548866,0.05473679770108589
265,0.317300597959677,0.015142905466663853,0.019517456913391427,0.02036459700689277,0.023622932527995615,0.005847260526731588,0.03473960665881708,0.03937155421332603,0.03473960665881708,0.007475611559492285,0.026844241509085928,0.049214442766657526,0.01440422715121684,0.02567710057390828,0.007980720448647168,0.2807429138549477,0.007411655871189863,0.004488074825887158,0.019685777106663013,0.04542871639999157
266,0.0169933070948672,0.03364826062871523,0.04112565187954084,0.012337695563862253,0.0925327167289669,0.0030338595648841597,0.1233769556386225,0.07402617338317351,0.013218959532709556,0.006713829842760819,0.013563394214667138,0.1233769556386225,0.009740285971470199,0.05287583813083824,0.00902758211989921,0.017625279376946072,0.018506543345793377,0.1988071093173912,0.016092646387646417,0.1233769556386225
267,0.09160984469441913,0.3110006012704074,0.007128932964690073,0.005899806591467646,0.014257865929380142,0.005487296545507968,0.02444205587893739,0.028515731858760284,0.021386798894070216,0.008147351959645797,0.013161107011735517,0.05703146371752057,0.006336829301946731,0.012221027939468694,0.00462417273385302,0.3080949376778401,0.03586406633605599,0.002016510906152737,0.014257865929380142,0.028515731858760284
268,0.005187755852758777,0.004967000284556275,0.011116619684483093,0.011116619684483093,0.019150121376515304,0.0013259143645120736,0.016126418001276045,0.030241861964279287,0.010149957103223695,0.008356416600661224,0.014590563335884058,0.4656353030985479,0.006484694815948471,0.012286790177586578,0.0036344491518927003,0.1252632328732598,0.0864365155101771,0.03676823304290938,0.010213398067474826,0.1209481350095703
269,0.032720905075031864,0.028725539098675687,0.07411780770783735,0.0025319747974727044,0.11926293842720094,0.04916242341253397,0.06616894137395334,0.00506394959494541,0.036811018209410844,0.020733529473644405,0.00843991599157568,0.024540678806273905,0.001799205761432726,0.06445026757203248,0.023337898124111946,0.06359221057872398,0.08966169576932752,0.02243521972444168,0.16375977179299628,0.10268410870837734
270,0.10267993641106808,0.026545389936652855,0.00906275679838604,0.01196833181071319,0.011264312292435944,0.00983524070027292,0.033181737420816065,0.021277034330156777,0.3782718065973031,0.013272694968326428,0.01063851716507839,0.018012943171300148,0.13309563565460664,0.01740848263376464,0.04020280070116264,0.03837138280299258,0.04570548645099274,0.007048611121265101,0.06383110299047033,0.008325796042235262
271,0.015114020359898018,0.13163740565645485,0.052546610251436185,0.21170493875239318,0.07898244339387289,0.04023154337929916,0.05641603099562349,0.030377862843797267,0.019781291858781233,0.009872805424234112,0.05641603099562349,0.06581870282822741,0.011615065204981309,0.02632748113129096,0.01361766265411602,0.017950555316789296,0.024682013560585275,0.00856106487755235,0.07898244339387289,0.04936402712117055
272,0.01910437717497985,0.030060487463834204,0.02838200899172257,0.032054295305823204,0.00944758177434789,0.0008435340869953477,0.0708568633076092,0.09919960863065287,0.020994626165217536,0.05563575933782647,0.11134649948338587,0.16533268105108814,0.0009215933412508842,0.08030444508195708,0.07479335571358749,0.03771443832574607,0.049046094225012875,0.08862505396230198,0.006441533027964472,0.018895163548695783
273,0.013243061941018132,0.027265127525625567,0.042137015266875875,0.03862559732796956,0.03862559732796956,0.009861854636928395,0.162608341308838,0.03090047786237564,0.051500796437292745,0.005691917998834195,0.042137015266875875,0.11587679198390866,0.24870396978685685,0.03310765485254533,0.010300159287458546,0.0060334274381413115,0.018540286717425386,0.012875199109323185,0.025750398218646373,0.06621530970509068
274,0.011120601930146138,0.13454575157670096,0.008219317312124776,0.042620082797588506,0.02502135434282881,0.0058873774924303075,0.013525056401529085,0.03127669292853601,0.02616431160650527,0.0073592218655378835,0.07148958383665373,0.2684214566532049,0.016680902895219205,0.11532492992288654,0.04506951284342691,0.03243746148680542,0.07193155644180185,0.03630599645720502,0.022746685766208006,0.01385214544266063
275,0.0061556977439731625,0.015389244359932908,0.021058965966223985,0.01081406360427718,0.21205477067060444,0.0039615876570124305,0.018187288789011623,0.024888341079587536,0.021058965966223985,0.22635309432581746,0.21547667894059128,0.028580025239875406,0.006453554086423478,0.012503761042445488,0.0035408880828164215,0.0060624295963372056,0.0022527087826693494,0.05938921048005811,0.05519556878411728,0.05062315480200107
276,0.08505661258019892,0.04419416160561028,0.015859704026884355,0.002184363598088662,0.04151572756890663,0.047176963146484806,0.07025738511661121,0.008145570526342204,0.10182498899350878,0.0654400451509884,0.06593674378591052,0.042712548824449165,0.0217463334884749,0.05537762014894382,0.04497279306776028,0.09580552515901529,0.08649639356322329,0.04321024706151506,0.014639726794047094,0.04744654579303614
277,0.02096804815411476,0.022997214104512963,0.029704734884995903,0.08911420465498769,0.023763787907996728,0.012083281987116978,0.03099624509738704,0.3827323655984928,0.07129136372399016,0.007834215793845073,0.02851654548959607,0.02227855116374693,0.009258618665453269,0.03394826843999532,0.010041037144223967,0.009633968070809483,0.00555137612246368,0.11935923728613711,0.032405165329086445,0.03752177038104746
278,0.03509099759914662,0.029242497999288845,0.07018199519829321,0.07018199519829321,0.029242497999288845,0.016709998856736484,0.025064998285104726,0.37660064379434266,0.03898999733238514,0.009467617514820562,0.029242497999288845,0.021844179473545666,0.019494998666192562,0.08772749399786654,0.015595998932954052,0.010965936749733318,0.010054942086016797,0.01915343873053724,0.04128352658723131,0.04386374699893327
279,0.025294160709222743,0.03992876766437681,0.02064605869791481,0.06084705511335067,0.03785675925544134,0.3662968977304649,0.04462117374979049,0.03407108332989721,0.03097371211808837,0.014196284720790504,0.056785138883162015,0.056785138883162015,0.01662004064873035,0.04867297618556744,0.009875676327506437,0.012055262249908001,0.019469190474226978,0.012083486904133876,0.03097371211808837,0.06194742423617674
280,0.006539507180544221,0.026726681520485067,0.01679123639757604,0.01305985053144803,0.03546425047910518,0.001196627144693605,0.019589775797172047,0.26893723279988097,0.019325717143212306,0.016704175950303164,0.013215728505231119,0.047015461913212896,0.0039843611790858395,0.010685332253002933,0.1261177273153379,0.04238319515694972,0.2618409734011929,0.02276717314707987,0.021535291121590083,0.026119701062896062
281,0.018228936868273798,0.006795387628649241,0.0257719452275595,0.07473864115992256,0.04152146731106809,0.010488233909251854,0.006113896452236319,0.0498257607732817,0.06228220096660213,0.04278017102149115,0.04152146731106809,0.0467116507249516,0.016413382794833693,0.02491288038664085,0.4016638979214782,0.008468055279398312,0.01966806346313751,0.020760733655534044,0.03736932057996128,0.04396390656466032
282,0.011326091188743134,0.013883595650717388,0.02265218237748626,0.011632201761411866,0.018712672398793,0.005663045594371565,0.01793297771550996,0.2310778579872133,0.01655351789123996,0.2777733388669603,0.00956425478160531,0.02265218237748626,0.008783499289229365,0.025317145010131704,0.006941797825358693,0.00506342900202634,0.01363516789446964,0.24304080978251524,0.013883595650717388,0.02391063695401328
283,0.09194746874345507,0.03924370526108635,0.11664727006222494,0.1423623029873436,0.011511028705147934,0.02092723432274826,0.04316807578719498,0.024667471878397136,0.01134678930893309,0.01664311355650891,0.08125755442295526,0.10717591229924273,0.004727743932471474,0.07846637927714477,0.010625987886078766,0.09592905730487777,0.07757741155959677,0.0027221127672076564,0.0054031359228245415,0.017650244014560168
284,0.012411294355163223,0.022163025634220037,0.03266130093464005,0.02139878337097107,0.056414974341650985,0.00225674833278946,0.03650380692695065,0.07911308376092364,0.1279570022995221,0.015135724823369784,0.03266130093464005,0.06895163530646234,0.013490537342568719,0.03447581765323117,0.33343102524448215,0.0058473204800975525,0.012928431619961689,0.012411294355163223,0.01773042050737603,0.0620564717758161
285,0.0027717681511809406,0.008731069676219963,0.008315304453542822,0.02182767419054991,0.011641426234959952,0.002816474089103214,0.009701188529133292,0.08922978995961188,0.03492427870487985,0.5198035616717017,0.22248056567141317,0.007754527880112718,0.0030107136814551596,0.017462139352439926,0.002267810305511679,0.0028593073049482413,0.0020475067848887804,0.009221289942721134,0.013432414886492251,0.009701188529133292
286,0.07936821183077483,0.03591130890578924,0.012409374082334728,0.02222309931261695,0.01666732448446271,0.0034061124764408457,0.06658496663408647,0.09333701711299117,0.3000118407203288,0.001987680708579984,0.10000394690677623,0.008490624372123761,0.0018508522614784986,0.07222507276600508,0.08433543841807813,0.05868407154525155,0.004878241312525671,0.012308178080834002,0.013793647849210517,0.011522990219310822
287,0.058248317741784836,0.011263167659450096,0.04694207656337382,0.04368623830633863,0.034948990645070906,0.1188265681932411,0.07160558464452797,0.011263167659450096,0.008152975132015421,0.0910129964715388,0.019308287416200165,0.071401045035808,0.0061435459960636875,0.11914428629001445,0.02983450420920687,0.08076193962646715,0.11061488059815211,0.015418672343413632,0.036405198588615524,0.015017556879266794
288,0.03221226326485813,0.04505593439357112,0.044173452597779966,0.24055069332586795,0.04505593439357112,0.0026078669689154916,0.09011186878714224,0.06436562056224446,0.008610876432659995,0.018022373757428444,0.04095994035779192,0.04095994035779192,0.022527967196785556,0.1600003120810979,0.010727603427040744,0.013251745409873858,0.025031074663095065,0.011819374767382719,0.019589536692857006,0.06436562056224446
289,0.03472344118075081,0.04340430147593852,0.08680860295187705,0.06944688236150164,0.05787240196791803,0.0065515926756133614,0.18295920588366857,0.05787240196791803,0.11317872947723613,0.010522254903257823,0.03156676470977346,0.04441246136264309,0.026143282213574568,0.02671033936980832,0.01412630442371013,0.021702150737969262,0.020425553635735772,0.018275495358289907,0.03472344118075081,0.09857439216206484
290,0.03372813502766621,0.010606230012950595,0.02628793619272737,0.01186574773730591,0.007954672509712945,0.01226770355660611,0.19423863964626342,0.0636103147379576,0.15539091171701075,0.03943190428909106,0.023367054393535446,0.06474621321542114,0.012778857871464695,0.1300155342847698,0.07992594741425192,0.05252584178530063,0.011655649661426905,0.021894969893069393,0.019083094421387274,0.028624641632080918
291,0.030026454643423746,0.016253265958819457,0.12162703203591689,0.15625395942751313,0.01393137082184525,0.06779461629987019,0.09130795613850343,0.01720934042698531,0.005929752022645817,0.007135580177042689,0.01950391915058335,0.2471493549613627,0.01586431670360098,0.01393137082184525,0.023716352243767117,0.058086534597039,0.042534762176321475,0.009673548694979483,0.022504522096826945,0.019565990601107874
292,0.030539917048500714,0.02466142156891636,0.08790207807441888,0.03380849156708419,0.03138726381498446,0.07076862217855757,0.026558453997294548,0.006496168839105493,0.05860138538294591,0.01648163963895354,0.017262995098241456,0.03138726381498446,0.008829186361529332,0.04395103903720944,0.018702569803067844,0.23529215655940802,0.1827341873738478,0.010789371936400909,0.015011300085427347,0.0488344878191216
293,0.015544427631985713,0.023202601688171613,0.07994277067878365,0.019985692669695913,0.20197990532863766,0.011302743342676003,0.05595993947514856,0.037306626316765706,0.04304610728857582,0.009992846334847956,0.03497496217196785,0.04663328289595714,0.012718168062533765,0.03291761145596974,0.002472789866120525,0.01036295175465714,0.02152305364428791,0.008352229772410232,0.29886367816483733,0.03291761145596974
294,0.009819661514039518,0.020156147318291642,0.023935424940471326,0.020156147318291642,0.2029173662249997,0.0054709542721077305,0.05326569274119234,0.027354771360538658,0.02945898454211856,0.030784817921790494,0.07609384677313193,0.027354771360538658,0.015956949960314215,0.04255186656083791,0.010637966640209478,0.0028222835029875835,0.023935424940471326,0.00979364219344021,0.021306277096476933,0.3462270028177502
295,0.06986825072960684,0.033447566838641585,0.027253572979633874,0.19758840410234563,0.028022160627714794,0.004348974411643704,0.04976509540125823,0.07092908745675215,0.031012686494066136,0.06574837892304917,0.03366617838660655,0.07409565153837959,0.0028463051980917205,0.036792323522505735,0.053252221212168806,0.025696225952226225,0.07708867785667868,0.06097409547985885,0.02044017973472541,0.0371639631540462
296,0.013390227628746434,0.038492968617986366,0.3083759336489176,0.028869726463489776,0.1154789058539591,0.00387031489210825,0.05249041175179958,0.05773945292697956,0.04811621077248295,0.01749680391726653,0.04811621077248295,0.01124944259409808,0.028869726463489776,0.05249041175179958,0.01154789058539591,0.019910156181717084,0.025104109968251978,0.02128989478152567,0.02062123318820698,0.0764799672392958
297,0.14714872633085202,0.07745264632921055,0.021077142166968956,0.05667879881260523,0.02514696309389954,0.0008718334655260137,0.011735249443819784,0.13076420808827757,0.03594749287104706,0.028886767861710242,0.056329197330334944,0.04694099777527914,0.021794034681379595,0.1326833514719763,0.046584540391349474,0.035924232991285054,0.031685173498313415,0.0753067670516622,0.0081801006453614,0.008861775699141518
298,0.1579123556128999,0.05194485382003284,0.0012239499551126313,0.03462990254668855,0.014202020319030579,0.04974201751727122,0.1808715037538535,0.015622222350933636,0.03995757986156371,0.07638949091181302,0.041555883056026276,0.08338282500301768,0.0052074074503112135,0.015622222350933636,0.03462990254668856,0.06426613527118638,0.10998521598276827,0.0045947712796863644,0.011158730250666885,0.007101010159515291
299,0.05021618201819527,0.017506764482585077,0.015172529218240395,0.02844849228420074,0.025287548697067327,0.009103517530944238,0.12128531708066283,0.01883106825682323,0.02844849228420074,0.004934912672074647,0.12051883684366864,0.060285327201379024,0.07458217742110117,0.1933524520430311,0.012663999616609715,0.10760610432470413,0.012643774348533665,0.018965661522800503,0.07586264609120201,0.004284196061975599
300,0.020171179400092346,0.03926652250206587,0.03842129409541399,0.02988322874087754,0.04746159858845257,0.01606357738720877,0.028815970571560493,0.036674871636531534,0.042465640842299666,0.0074362139510842995,0.02602732825818367,0.035080312000160596,0.428610471313422,0.04344207562394813,0.007910266431408762,0.03092823483903669,0.01784482504746918,0.02068838912829984,0.04034235880018469,0.042465640842299666
301,0.020688658827005785,0.007887040343469294,0.021175628717286555,0.052381818405919364,0.026898771613850486,0.011848268448957954,0.01143144720600808,0.030159228779165697,0.045238843168748544,0.014423978981340117,0.04327193694402035,0.027645959714235224,0.019514795092401335,0.04327193694402035,0.010587814358643277,0.010367234892838209,0.017159561201939105,0.015311608457114895,0.04146893957135283,0.5292665283316826
302,0.019856456364887264,0.031696221121186564,0.06339244224237313,0.0464877909777403,0.05810973872217536,0.0029926166376970133,0.04358230404163153,0.03486584323330522,0.11350202181593017,0.009821364291071891,0.02288418443149506,0.036700887614005494,0.016602782492050105,0.025826550543189056,0.37251362679058747,0.01782478051467469,0.016602782492050105,0.014230956421757233,0.015805761638186918,0.036700887614005494
303,0.051344387678691934,0.058710579391590384,0.0469684635132723,0.04144276192347556,0.035226347634954226,0.01718358421217279,0.03354890250948022,0.014223631445977554,0.04403293454369278,0.013292961371680841,0.04144276192347556,0.02516167688211016,0.0159266548014964,0.03914038626106025,0.011363337946759427,0.013292961371680841,0.37620997416773516,0.03202395239541293,0.05032335376422032,0.03914038626106025
304,0.018554761979220857,0.017809531630619182,0.08747244933061261,0.02551279772142868,0.05102559544285737,0.015771278712184193,0.02551279772142868,0.12246142906285769,0.03222669185864675,0.009996212966168849,0.047100549639560646,0.06123071453142882,0.017494489866122523,0.026622049796273403,0.0094013615773902,0.011552965005929965,0.017008531814285785,0.02783214296883129,0.32831309873459186,0.047100549639560646
305,0.29268225781513413,0.04204611608483165,0.018070783385399625,0.01763224222912295,0.03643996727352076,0.16837742947067158,0.03643996727352076,0.03643996727352076,0.03215291230016537,0.013664987727570285,0.04969086446389195,0.026028548052514828,0.007098694923413133,0.04969086446389195,0.010717637433388457,0.0073864798527406945,0.004449379862194108,0.011304358899344108,0.10931990182056228,0.030366639394600634
306,0.011943417618421982,0.01934919262854393,0.021700375583448454,0.049366126156144184,0.02177917330418126,0.012550710039697674,0.025923189960864547,0.027425625642302328,0.09256148654277035,0.015755146645577933,0.1057845560488804,0.030539627666074168,0.015755146645577933,0.06170765769518024,0.018986971598516995,0.009743314372923194,0.018512297308554068,0.012767101592106254,0.030853828847590123,0.39699505410264385
307,0.021783197469751832,0.029044263293002432,0.03485311595160293,0.04356639493950366,0.03319344376343136,0.015490273756267967,0.37103107883459446,0.11617705317200976,0.05808852658600488,0.013152119227019973,0.05808852658600488,0.04612637942624962,0.012422693748323785,0.040902776996177316,0.003403351388091887,0.013405044596770355,0.01991606625805882,0.022485881259098665,0.03168465086509357,0.015185161882941962
308,0.009155056742217518,0.029838703456116354,0.023018428380432613,0.03752458965959948,0.09819884037762956,0.432722065527055,0.029838703456116354,0.05754607095108154,0.04475805518417454,0.009946234485372121,0.025988548171456176,0.029838703456116354,0.01579696065323807,0.03836404730072102,0.026255102731655985,0.008480473613843596,0.013654999886697317,0.008651041467840676,0.020141124832878537,0.040282249665757074
309,0.052291649061529555,0.04208820279344401,0.05555987712787515,0.029631934468200075,0.03865034930634793,0.015724898275168,0.02222395085115006,0.014310033307008335,0.02867606561438717,0.01532686265596556,0.0370399180852501,0.009135797852927442,0.0116968162374474,0.035558321361840096,0.017584723214222067,0.4767349140173837,0.0064887447740584105,0.031748501215928655,0.02777993856393757,0.031748501215928655
310,0.012996784403245396,0.0716626105169116,0.021888916349713166,0.025993568806490785,0.23614038104672408,0.014999377517048008,0.020013842031844763,0.028592925687139857,0.05198713761298157,0.018447048830412816,0.04765487614523311,0.017731515728597026,0.007426733944711652,0.040847036695914093,0.013299035203320868,0.007426733944711652,0.014663038813917879,0.00985962954728961,0.031769917430155406,0.3065988897436369
311,0.024507937608385814,0.042074493787195334,0.08228716465457236,0.31502582096351645,0.02561056143568412,0.004122611666473745,0.04531099330928728,0.0535493557291577,0.028237121954406794,0.013387338932289427,0.0654492125578594,0.07870302361342263,0.015431965414396594,0.05890429130207346,0.01227172735459864,0.025388072133362135,0.024594694879194568,0.009777852789012735,0.0535493557291577,0.021816404185953143
312,0.2535925800253194,0.023716297200012223,0.01395076305883072,0.029645371500015276,0.02790152611766144,0.005100278967744563,0.10891911804958032,0.03952716200002036,0.05270288266669383,0.00988179050000509,0.03952716200002036,0.04312054036365859,0.004992904673686784,0.04312054036365859,0.009300508705887145,0.21388326669355703,0.0073501085953993385,0.01729982423250552,0.033880424571446036,0.02258694971429736
313,0.02722703559200527,0.08004339034942903,0.044730129901151515,0.07952023093538049,0.010442558939252795,0.004379137619686655,0.07556554952717752,0.03253100356447383,0.21246811703046975,0.024944882259996182,0.013763116892662007,0.01118253247528788,0.07183650383659877,0.03354759742586364,0.047084057670252366,0.05003840420410385,0.062011807105153034,0.08946025980230303,0.014910043300383842,0.014313641568368484
314,0.08476912861537991,0.03080650336436284,0.0184839020186177,0.012895745594384441,0.013202787156155502,0.024202272231164855,0.0158433445873866,0.017328658142454094,0.008907526961354401,0.0054902679263220885,0.034609510632775564,0.014986947582662998,0.04709609450099155,0.015403251682181417,0.004298581864794814,0.31458466553992687,0.2979525136109487,0.010226312210351344,0.012602660467239341,0.016309325310545027
315,0.1598063976453255,0.07708146656449807,0.012670343939562309,0.032861046272233393,0.012183023018809913,0.0260149949655181,0.003953360565824643,0.01759769991605876,0.035983130778873454,0.0034686659954024143,0.09249775987739768,0.04414665812330345,0.0036779414528626095,0.16962150371943738,0.007473877296551912,0.2031647225878557,0.05713096933603976,0.009898706202783054,0.012670343939562309,0.01809738780209955
316,0.013913101096636848,0.01891312180324072,0.021235785884340455,0.010617367471088242,0.02881999512874776,0.6522099309693561,0.02521749573765429,0.031748946881011444,0.024208795908148117,0.009531022011081936,0.032714589065065025,0.021235785884340455,0.012104397954074059,0.023277688373219342,0.0054493481942031515,0.009840973946401672,0.013754997675084155,0.00822726860996988,0.01891312180324072,0.01806626560309561
317,0.01276897152977636,0.04143461475215173,0.034528845626793106,0.031389859660721005,0.031389859660721005,0.012044946148881318,0.020717307376075862,0.036995191742992616,0.038365384029770126,0.006624875701233216,0.027259614968520873,0.029596153394394094,0.01533862549544264,0.020311085662819472,0.01177119737277038,0.5565343595985278,0.013811538250717242,0.017264422813396553,0.018833915796432604,0.023019230417862076
318,0.46535883413680645,0.025567016928577973,0.022289194245426948,0.015671867735841758,0.036219940648818796,0.013502553237580787,0.034771143022866054,0.037794720677028305,0.017740379093299005,0.009658650839685014,0.01975633126299207,0.020697108942182168,0.010600958238678673,0.025567016928577973,0.006209132682654652,0.16550233982623108,0.025644156859802106,0.007237743452889155,0.016716895684070213,0.023494015555990573
319,0.09333651900743405,0.029152137145388626,0.022155609996521147,0.02291959654812532,0.00972734796695429,0.0080080518059715,0.02556416538060132,0.04431121999304229,0.02291959654812532,0.015068761269017523,0.026586731995825372,0.036926016660868574,0.012865376913857174,0.023738153567701228,0.012308672220289528,0.3560468723052269,0.11641680865049245,0.0700493767100274,0.037562709250304534,0.014336276064225436
320,0.007205752280228565,0.020769556814067284,0.020158687496006484,0.036073440782327396,0.007478454244128513,0.012024480260775797,0.01757424038113386,0.021418605464506888,0.019582724996120585,0.007878107757060004,0.036073440782327396,0.014899899453570007,0.033226048567605214,0.045693024990948024,0.008063474998402594,0.36681615981456545,0.25194583688541444,0.018524199320654605,0.03263787499353431,0.021955989716622652
