site,A,C,D,E,F,G,H,I,K,L,M,N,P,Q,R,S,T,V,W,Y
225,0.40006333780300724,0.12844168344401638,0.017173586427975125,0.013524828665206384,0.02341852694723881,0.037018688937176525,0.022729746742908254,0.05456672826052982,0.02341852694723881,0.006085129049282525,0.019320284731472015,0.02972351497149542,0.0077281138925888075,0.016100237276226684,0.004712264568651712,0.01981637937820167,0.06333768244352887,0.08076729909117818,0.010586457387107956,0.02146698303496891
226,0.007917989061232185,0.010503454877144734,0.02144455370750383,0.011254894582493374,0.015137332028826236,0.0033311928089326346,0.02859273827667177,0.021006909754289465,0.5362091134849927,0.004005208474553245,0.010283986792917487,0.018336157947998526,0.01354392865737084,0.03841632533935468,0.20630748418788297,0.005594231401957521,0.008288898873370863,0.004288910741500766,0.006127015345001096,0.02940967365600525
227,0.04872966699348163,0.16059884038579886,0.010965131656196518,0.008615460587011547,0.007698922226691171,0.018029042066890155,0.012923190880517322,0.009778309006281493,0.012477563608775348,0.0027834564973421927,0.009046233616362125,0.20632928226016306,0.008615460587011547,0.009046233616362125,0.0021283926240413535,0.18311042940867786,0.2538286932894397,0.020587339931354646,0.004065722973645899,0.010642627783955444
228,0.008594811580085078,0.011062628766446146,0.05960504904716214,0.01509899331636568,0.01284282190127656,0.003427378850954172,0.037225957312000714,0.032589578575548894,0.019599676534048854,0.005397707755608987,0.015961792934443723,0.5714760957856876,0.03852846570382968,0.03724418351370202,0.0055040665291185235,0.07077720006600403,0.028479427745064397,0.0054770858108385305,0.009468270923782421,0.011638807348031879
229,0.019776371056599667,0.124455935540682,0.002161394870006482,0.0014409299133376545,0.001127684280003382,0.0003976671992516185,0.0022663169510747576,0.125715118680642,0.0024833047442627664,0.1904820476825691,0.24595891835919395,0.014317447502426655,0.024424823170575257,0.0024065015047494854,0.00044977003075279403,0.011155127049745984,0.17207801135152126,0.056388566345118706,0.0009681654498660283,0.0015458983176205303
230,0.013203807770788998,0.011981232977197423,0.030808884798507657,0.017025962651806868,0.021566219358955356,0.004147349876722184,0.04313243871791071,0.3363941809016754,0.035943698931592265,0.006810385060722745,0.010445989477115485,0.021566219358955356,0.009953639704133245,0.020870534863505187,0.0056229180448693124,0.007890080253276354,0.011012708270633964,0.36197019736306785,0.013478887099347102,0.016174664519216522
231,0.010654354126483166,0.021308708252966324,0.02752374816008151,0.013117778672209198,0.036698330880108675,0.005504749632016302,0.036698330880108675,0.024425201943143786,0.3399485556483773,0.010008635694575094,0.021308708252966324,0.04624778761834947,0.012952352075332473,0.023591784137212718,0.2944868727945409,0.009174582720027169,0.018349165440054337,0.009174582720027169,0.014360216431346873,0.02446555392007245
232,0.032881983532917984,0.05189533415426829,0.009225544444900842,0.008072351389288239,0.01291576222286118,0.20104837108446003,0.031115943496623152,0.05130780498196912,0.011231097585096678,0.0416717319233257,0.12648992844673784,0.032906760092957156,0.0040361756946441195,0.01076313518571765,0.0017453732733596192,0.13697096362176442,0.17794955794285025,0.03845373315702085,0.004967600854946607,0.0143508469142902
233,0.1502474352656006,0.11470818047114388,0.0163413026405046,0.0045541335227635765,0.019843010349184155,0.0011721609488969543,0.025254740444416196,0.11470818047114388,0.012627370222208098,0.0032634402884894158,0.005596728804874965,0.027780214488857816,0.006594623787837677,0.025254740444416196,0.00375408303903484,0.1085077382835145,0.1343608162239815,0.14885743216076658,0.007123131920219954,0.06945053622214456
234,0.12919214147427907,0.2632471641693529,0.006216899380418709,0.007105027863335669,0.023691862111960026,0.010867382931093803,0.016578398347783223,0.012057016980205984,0.01989407801733987,0.004144599586945806,0.01989407801733987,0.03756007925493249,0.0071913954923526115,0.022104531130377632,0.004626529771474389,0.21450126048202187,0.1700199235617476,0.02007521477418805,0.005526132782594408,0.005506283870255885
235,0.001927473775773821,0.0730383862825706,0.009193296543627844,0.01676424663838019,0.025908381168405735,0.003737572005931118,0.03130216554967312,0.33256376218691736,0.018999479523497544,0.04553042261770635,0.023749349404371924,0.009193296543627844,0.004830376150041748,0.01676424663838019,0.0049136584974562615,0.05636933306090488,0.1529838402274433,0.14202773622538248,0.012390964906628834,0.017812012053278946
236,0.07472304320476031,0.09381517238792508,0.01075585554699763,0.006453513328198578,0.01075585554699763,0.002420067498074467,0.017600490895087032,0.004050919230245204,0.01887703050912316,0.2773197124810479,0.04631940329497869,0.012100337490372336,0.013359776108484631,0.1455752674985044,0.003226756664099289,0.10101289105625588,0.10364984975522504,0.03564497290601241,0.007446361532536821,0.01489272306507364
237,0.227588095131638,0.020905199196671963,0.019676058467487902,0.008538666882117395,0.022627467237611092,0.1748483041180498,0.028284334047013863,0.022481825630126406,0.013713616507643087,0.007802574909521067,0.014085138120714123,0.011737831341991297,0.009050986895044438,0.02154996879772485,0.0073872574366565915,0.24339686259702542,0.11655495232643232,0.004436758281884529,0.004763677313181283,0.020570424761464628
238,0.09335476267561889,0.04576213856647984,0.020075760514528626,0.004133244811814717,0.020075760514528626,0.13222849512103915,0.03449461065888003,0.288301472968823,0.020917795993932897,0.025169367946873113,0.0042584946545969815,0.027457283139887895,0.0021868766409299705,0.07540202352139906,0.018960664895688987,0.10198419451958363,0.03569446808185428,0.028315323238009404,0.0036609710853183867,0.01756629045021255
239,0.02773017315252095,0.20419491139583607,0.025535467994641105,0.03647923999234443,0.12883990079691754,0.009119809998086108,0.01805767300329596,0.05195163051839639,0.023214061813310087,0.13719353323991157,0.13398052081060122,0.017023645329760733,0.0009482346999824312,0.012159746664114809,0.0025883416432437327,0.008805333791255551,0.017616815885130963,0.11335094283275586,0.017023645329760733,0.014186371108133944
240,0.009267328281523428,0.018534656563046852,0.010693071094065493,0.025274531676882074,0.008889191325033796,0.0035192385879202885,0.005346535547032747,0.10259910464316783,0.025274531676882074,0.1495659552771162,0.5290188877641633,0.010693071094065493,0.018669619846947972,0.019858560603264484,0.0021530084223374585,0.004484191103962949,0.01390099242228514,0.005425834746299112,0.021386142188130987,0.015445547135872376
241,0.010172604074063576,0.05696658281475603,0.05696658281475603,0.06651448548435338,0.04747215234563002,0.0035604114259222518,0.12471466028316258,0.03164810156375334,0.01898886093825201,0.15284937863117282,0.07483699172454544,0.08314310685544171,0.0068901193838560885,0.006293451194165172,0.012116753532496879,0.03464296118976737,0.02191022415952155,0.035104867338964285,0.012791247208529493,0.14241645703689007
242,0.008113050833038413,0.04268920224574154,0.02433915249911524,0.006581553992565195,0.04268920224574154,0.07811805110234638,0.04867830499823048,0.07804079627886465,0.07804079627886465,0.034151361796593234,0.04867830499823048,0.02920698299893829,0.016226101666076825,0.22813033005759417,0.0026710330512515175,0.10367377688251517,0.04867830499823048,0.031224579363596017,0.020862130713527348,0.02920698299893829
243,0.01710164784586397,0.01083638905102025,0.04275411961465992,0.09137829058595119,0.09137829058595119,0.0025911587645248437,0.012384877570669906,0.08550823922931983,0.09137829058595119,0.016295468097861483,0.09137829058595119,0.08550823922931983,0.0042754119614659926,0.03420329569172794,0.09155580401420058,0.007013058608596131,0.01068852990366498,0.08550823922931983,0.04275411961465992,0.08550823922931983
244,0.14270922921393517,0.014228875773760027,0.03130352670227206,0.005796949389309639,0.039129408377840076,0.003639944965380471,0.03130352670227206,0.07029794589919298,0.009206919618315311,0.0514845490596869,0.08378563690663662,0.08369315756630795,0.006019908981206163,0.10484759697350338,0.0025604119606215847,0.016680299518511896,0.08430306196704519,0.1344895283280681,0.006260705340454411,0.07825881675568015
245,0.06604744093162003,0.11962987730991147,0.12815461565626302,0.0759185658213176,0.04785195092396459,0.03033011686701923,0.034179964945689,0.12777278150594945,0.04785195092396459,0.014074103212930763,0.05846177914332959,0.04303185051983729,0.014769291573051688,0.05981493865495575,0.00398766257699705,0.031179615543109118,0.023925975461982295,0.03028686534974065,0.013292208589990164,0.02943844448837692
246,0.13693696045657328,0.014491429580870106,0.002229107045943891,0.00414345347457975,0.019681404004253812,0.12627744029206048,0.038872224282668545,0.06802639249466993,0.033739549721577965,0.011337732082444991,0.059044212012761436,0.15305938311300737,0.01686977486078898,0.039362808008507624,0.005515653445513778,0.05942747309174516,0.06478704047111424,0.0441583728189138,0.017006598123667487,0.08503299061833745
247,0.11682105206944192,0.08966528119365058,0.00896652811936506,0.03693938735151226,0.01846969367575613,0.05595113546483796,0.043474953011273625,0.023087117094695162,0.02638527667965161,0.04135740782353183,0.09857135473719861,0.047821483303280295,0.09873312810570994,0.046174234189390324,0.018314610626788207,0.0327147376808078,0.11732223576703786,0.026899584358095172,0.03693938735151226,0.015391411396463441
248,0.11095302529080446,0.036984341763601485,0.04499255872901614,0.016835562108346806,0.04499255872901614,0.04913082153801042,0.04499255872901614,0.13178612892114044,0.0640296713926256,0.022414752584000906,0.010522226317716757,0.04208890527086701,0.013448851550400542,0.028059270180578,0.045000019892982676,0.07352482859468763,0.012328113921200498,0.14793736705440594,0.014985878702566086,0.04499255872901614
249,0.04573636211021196,0.0914727242204239,0.09778114847312874,0.02032727204898309,0.09778114847312874,0.01510982981265043,0.09778114847312874,0.03658908968816956,0.04564002105698516,0.03049090807347463,0.012831016974482046,0.0914727242204239,0.02613506406297826,0.03658908968816956,0.0980089035979982,0.01606603408090552,0.015245454036737318,0.0076227270183686574,0.019538185416522812,0.09778114847312874
250,0.16767093286719123,0.020002848131524566,0.027146722464211907,0.012956390267010228,0.027543104436760477,0.07126014646855626,0.03958897026030904,0.05508620887352095,0.07389941115257687,0.002234532365963389,0.02375338215618542,0.12216025108895362,0.08820710211657629,0.08034498325759906,0.0062303953196551935,0.07308129726273595,0.0500147120647992,0.03064952536281991,0.007511755755480127,0.020657328327570345
251,0.03589606466270899,0.12005720183272664,0.01444987796563307,0.018521221219373805,0.03274287322710726,0.010891368013502488,0.013890915914530354,0.02546667917663898,0.015280007505983387,0.021694529106002013,0.054947555466498474,0.16339414743605182,0.01273333958831949,0.1069600525418837,0.005093335835327796,0.11286369180555912,0.14802507271421408,0.06968631489257865,0.003514835180829665,0.013890915914530354
252,0.01710834950829382,0.021996449367806335,0.051325048524881456,0.003813332934351845,0.15397514557464437,0.00855417475414691,0.051325048524881456,0.032994674051709506,0.2472281919419471,0.01847701746895732,0.03849378639366109,0.026973161854056963,0.02431186509073332,0.02887033979524582,0.09477844679905023,0.019246893196830542,0.026973161854056963,0.013997740506785847,0.027172084513172535,0.09238508734478662
253,0.18639449433023647,0.06994791617035082,0.01737159817751761,0.00814293664571138,0.12073279746390321,0.04066788967205161,0.009469167045283246,0.04342899544379402,0.026057397266276414,0.05217262161875041,0.026057397266276414,0.03257174658284552,0.016339777100377876,0.02171449772189701,0.01203983575817317,0.018917953724523918,0.015250458627019348,0.06421245737692359,0.07888168255354837,0.13962837945453951
254,0.011214216827785381,0.019189431543669425,0.06263856968043133,0.28867862347842604,0.04133108332482645,0.06509067446343071,0.05373040832227439,0.0767577261746777,0.09354946435379359,0.022006281389574254,0.048845825747522165,0.04133108332482645,0.018527727007680826,0.03160612254251434,0.0091068488681821,0.030329169863836308,0.021506138630720296,0.007248168912068911,0.021492163328909752,0.03582027221484959
255,0.08797128435589423,0.03690089410760017,0.12476721724815387,0.1134459921565849,0.011107924954776346,0.0022840734790243533,0.007277606004853468,0.044683628137566746,0.0028930628553027,0.04452173093416976,0.11934729737597957,0.06206059463550938,0.07616527523448878,0.11659869295156305,0.00804489189719566,0.017522991426496763,0.05709574706466862,0.05236167951186832,0.0043968869612656366,0.010552528707037528
256,0.04111588674837449,0.08734942756227113,0.3281757855270618,0.017287361473748365,0.04367471378113555,0.015591576221233945,0.050953832744658145,0.05558599935780889,0.03596741134917046,0.01609068402462889,0.03821537455849362,0.012492760718044657,0.03596741134917046,0.050953832744658145,0.014913316900875558,0.018528666452602965,0.021084344583996478,0.046192891539708646,0.026584608388517294,0.04327411397384048
257,0.08937368586067482,0.055021351990192584,0.018686615951391077,0.00515492853831478,0.013466764473124058,0.0017183095127715933,0.02718053229293247,0.2250873490507878,0.011073550193416935,0.09777903130876857,0.06721872373948583,0.037373231902782154,0.04040029341937218,0.015736097643276697,0.003833151990028939,0.007292337932250177,0.09725996563922934,0.16053875177118368,0.007118710838625172,0.018686615951391077
258,0.015579022454907145,0.06309504094237392,0.06031565730306209,0.05047603275389914,0.02335751327440484,0.014046726277137338,0.03458732033610264,0.012387924217318247,0.022191827641642205,0.04882354358636077,0.07098192106017068,0.2894976763599829,0.006715285066391392,0.020353239013669006,0.020136715194374658,0.17300442275340788,0.042025139110218636,0.006641583257091992,0.014137442245034508,0.011645967152449985
259,0.020968219545558605,0.026959139415718206,0.030437738050004427,0.030437738050004427,0.05857427258855399,0.009342276035149874,0.020907989863904762,0.02239682247994011,0.0410247773717451,0.5076601119064316,0.02419409947564454,0.0410247773717451,0.006676200323114037,0.03931541164792238,0.009531008884344824,0.012925614788358044,0.02550188863649019,0.014083132530599063,0.032536892398280594,0.02550188863649019
260,0.009766593828478316,0.017421491694042404,0.007315222518894243,0.03222975963397844,0.04958424559073607,0.34608545330142004,0.04604251376282635,0.042973012845304595,0.03581084403775383,0.014990585876269048,0.0585995629708699,0.042973012845304595,0.024792122795368035,0.10743253211326147,0.01151062844070659,0.005413219283891659,0.024792122795368035,0.03492355362222419,0.015721833967794367,0.07162168807550766
261,0.04995149934874355,0.08721307756462136,0.008918440248357465,0.026416714798559227,0.015607270434625564,0.031103175235020302,0.02008543604518552,0.05523494912426019,0.005202423478208521,0.0016512128636015876,0.05232784653877283,0.02080969391283408,0.0027354336124690184,0.026302356725838187,0.0018728724521550675,0.10048575957227439,0.25779532516589837,0.20436931175976275,0.016309930684186378,0.015607270434625564
262,0.00631239482503799,0.030923338573657554,0.003579039401589054,0.010079330729212226,0.11848847350189962,0.1187452898711114,0.11087263802133449,0.11848847350189962,0.11087263802133449,0.03695754600711149,0.03695754600711149,0.03695754600711149,0.03167789657752414,0.07391509201422297,0.004434905520853379,0.009749278556357844,0.017057328926359153,0.005667096713514801,0.04434905520853379,0.07391509201422297
263,0.0135314612925495,0.040896876496196395,0.05064767181168918,0.032772022936975356,0.07958919856122589,0.008193005734243837,0.02321351624702421,0.008337611927917548,0.019211185859606243,0.013928109748214526,0.08660515022723943,0.05064767181168918,0.026591750479996828,0.05064767181168918,0.00944278626997595,0.10539238380049322,0.29919031198506413,0.010511780942048701,0.024222799562112218,0.04642703249404841
264,0.01737921128975506,0.03475842257951012,0.04423799237392197,0.054068657345904624,0.04866179161131417,0.010813731469180925,0.02703432867295231,0.06951684515902024,0.037432147393318585,0.026896064271654425,0.054068657345904624,0.16220597203771386,0.01243600413982951,0.010561147405873383,0.26089003575546516,0.01315183557062545,0.019464716644525665,0.018022885781968208,0.024330895805657088,0.054068657345904624
265,0.30972908863176746,0.014782900722623612,0.019053452360507563,0.0198804526959421,0.02306132512729284,0.005708248793884366,0.033913713422489465,0.0384355418788214,0.033913713422489465,0.007297887698510393,0.02620605128101459,0.04804442734852674,0.01406178361420295,0.025066657747057432,0.007790988218680012,0.29787046531513206,0.00723545248137831,0.004381376132397729,0.019217770939410697,0.04434870216787084
266,0.020487117356223772,0.03364746935249352,0.04112468476415876,0.012337405429247628,0.09253054071935722,0.003033788220306793,0.12337405429247628,0.07402443257548577,0.013218648674193886,0.0067136719595950346,0.006784335682266813,0.12337405429247628,0.009740056917827073,0.05287459469677556,0.00902736982627875,0.01762486489892518,0.02181809513892053,0.19879849295932236,0.01609226795119256,0.12337405429247628
267,0.0903623897003153,0.3505029048774358,0.008275763031828346,0.005819265799738456,0.014063225682701267,0.004116066053473542,0.024108386884630746,0.028126451365402535,0.0210948385240519,0.008036128961543583,0.012981439091724247,0.05625290273080507,0.006250322525645008,0.012054193442315373,0.0045610461673625735,0.2826333346704284,0.02658268079212314,0.0019889826503711036,0.014063225682701267,0.028126451365402535
268,0.0049910884131731635,0.019013310109828124,0.010695189456799635,0.010695189456799635,0.016601857630336805,0.021266446899306776,0.020970767533057023,0.03464038067968742,0.00976517298229532,0.004083617792596224,0.014037436162049522,0.47509855971039217,0.0062388605164664535,0.01182099887330486,0.0015541070237100932,0.12048624000651668,0.06448815670607377,0.039844458312808334,0.008854324069512963,0.1048538376652851
269,0.03466108452325534,0.02668382935583328,0.06446651786143467,0.0028140146685546883,0.10883958421272577,0.04881963067271453,0.09455089286343753,0.004221022002832032,0.036365728024399045,0.016167310690092498,0.0056280293371093765,0.0340928700228741,0.0016721248346476232,0.07252483259411402,0.02218492291281975,0.054337080878026085,0.0938556657100299,0.023562920294290204,0.14920291716147996,0.10534902137932946
270,0.091482345123585,0.008978931435812625,0.008073929969854622,0.010662481080027491,0.01003527631061411,0.009201214830004648,0.05834999445240893,0.01895552192004887,0.4535385932437241,0.010609089900437988,0.016797725675693483,0.012185692662888558,0.10265276801812682,0.015509063389130898,0.029213435957727792,0.03081068217921485,0.03386378953601513,0.014795520411909567,0.056866565760146606,0.00741737814262782
271,0.028863260850329926,0.1270967402608315,0.05073408155842405,0.20436721450825435,0.0762580441564989,0.05910219069038833,0.054470031540356345,0.029330016983268804,0.019098961278229496,0.009532255519562362,0.054470031540356345,0.06354837013041574,0.011214418258308661,0.025419348052166297,0.013147938647672225,0.01733137367193157,0.0238306387989059,0.008265761799788584,0.0762580441564989,0.0476612775978118
272,0.020592141570752454,0.038385499661818326,0.03605858241006455,0.03994166856702718,0.007747708018658505,0.0016302721864092725,0.07607936869909937,0.0867304803169733,0.020287831653093162,0.059341907585297504,0.1010768755573749,0.14455080052828886,0.0009932958998280135,0.06390666970724349,0.07845684897094622,0.045488463249608424,0.05070383955124242,0.09545194345056868,0.005187229684029504,0.027388572731675775
273,0.06672634434054753,0.029131940406441546,0.04502208971904602,0.04127024890912552,0.04127024890912552,0.010537084827861833,0.05273768787671288,0.033016199127300416,0.055026998545500694,0.006081637277674361,0.04502208971904602,0.12381074672737656,0.2656912888372363,0.03537449906496473,0.011005399709100137,0.006446529487504724,0.01980971947638025,0.013756749636375173,0.027513499272750347,0.07074899812992948
274,0.010154616797947208,0.20465546602321086,0.007505350714793882,0.04654371802534561,0.022847887795381217,0.005375973598913226,0.012350209619124981,0.03950057431290893,0.023891562688338402,0.007871364077815803,0.0652796794153749,0.24505280356268247,0.015231925196920808,0.11019909708942124,0.02307123953842563,0.051019864478862885,0.046292709438014376,0.02973626429397081,0.020770807086710197,0.012648886245836604
275,0.0057964384952720405,0.014491096238180104,0.019829921168035933,0.010182932491694127,0.19682583421922906,0.0037303812098285413,0.040259829726660486,0.03907796686934781,0.019829921168035933,0.2510098502993808,0.20286019060987726,0.02691203587090591,0.006076911325688431,0.011774015693521336,0.003334234532678608,0.0057086136695861005,0.0021212360401038828,0.036881657524909336,0.06071442063617347,0.04258251221089089
276,0.07784127509122483,0.03905051731495262,0.02751286447189844,0.02067740134542609,0.05044025153181381,0.05002338994890626,0.05361481281703286,0.005058455330253106,0.10013684072473757,0.08020699473163613,0.05178892135886764,0.05139532978069397,0.012227939765288194,0.10631348390784694,0.03791393277883765,0.09142736501430866,0.06259463838782893,0.02021353308139477,0.014397142093797301,0.04716491052325448
277,0.02328726681209041,0.02554087327777658,0.03299029465046141,0.09897088395138422,0.02639223572036913,0.013419780874763964,0.034424655287438,0.42510304479482136,0.07917670716110738,0.008700737050671141,0.03167068286444296,0.02474272098784606,0.010282689241702257,0.03770319388624161,0.011151648895930616,0.018760859576616815,0.006165398705110779,0.01385496277784262,0.03598941234595791,0.04167195113742494
278,0.032978356825155625,0.02748196402096302,0.06595671365031124,0.06595671365031124,0.02748196402096302,0.015703979440550297,0.023555969160825446,0.3539172149344463,0.036642618694617365,0.008897623038663306,0.06431011242324103,0.02052905857680285,0.01832130934730868,0.08244589206288906,0.014657047477846945,0.010305736507861134,0.009449587947223271,0.04138712533545147,0.03879806685312427,0.04122294603144454
279,0.018615004945855246,0.013908480480993883,0.029070302009470403,0.03257349313906314,0.03981204716996606,0.3852846374641931,0.06297516794916574,0.03583084245296945,0.03257349313906314,0.014929517688737274,0.059718070754949094,0.059718070754949094,0.017478459733155833,0.05118691778995636,0.01038575143564332,0.005036901929188264,0.020474767115982544,0.012707594629508564,0.03257349313906314,0.06514698627812628
280,0.00524843205193941,0.021450113603578458,0.015061942851955468,0.011714844440409804,0.016220553840567423,0.01996115955061234,0.017572266660614712,0.2620935755937242,0.022939259328544813,0.02681264200447307,0.02574729036822565,0.0421734399854753,0.0035740203377521446,0.016818839075533113,0.11306912149228314,0.06058251058474807,0.24517091873499783,0.009136159497820453,0.03724443150328352,0.02740847849346136
281,0.018426377015082204,0.0068689894157811975,0.026051084745461042,0.07554814576183704,0.04197119208990946,0.010601833427302062,0.022398473222748645,0.05036543050789135,0.06295678813486419,0.020591285206307337,0.04197119208990946,0.04721759110114814,0.012159736605947097,0.025182715253945675,0.4060485458016262,0.008559773962151336,0.01988109098995711,0.02098559604495473,0.03777407288091852,0.044440085742257066
282,0.011091300926328812,0.01359578823227403,0.02218260185265762,0.011391065816229591,0.02142735395685251,0.005545650463164405,0.017561226466687285,0.22627946120770548,0.016210362892326725,0.23819706108599964,0.009365987448899885,0.025938375842505666,0.008601417044908057,0.024792319717676165,0.006797894116137014,0.004958463943535232,0.003780197897283407,0.2952727142343047,0.01359578823227403,0.02341496862224972
283,0.08910234241665545,0.06709170980045537,0.14509628837426708,0.136017834549807,0.01100081403412085,0.030835598567392868,0.04920058718700062,0.01807276591319854,0.03772714636281556,0.010670006859831457,0.04341228281205936,0.1017943183179323,0.004518191478299635,0.06723172895022446,0.015895574321954046,0.08647375929836472,0.055618055080957206,0.007348519125977597,0.00602456169636742,0.016867914852318637
284,0.013613501655006105,0.024309824383939475,0.035825004355279216,0.023471554577596733,0.06187955297730047,0.00247534594573376,0.04003971075001795,0.06428917406622651,0.06606816222165733,0.016601831286592813,0.035825004355279216,0.07563056475003391,0.014797284407615331,0.03781528237501696,0.36563488638295083,0.006413715181933758,0.014180730890631361,0.013613501655006105,0.01944785950715158,0.06806750827503051
285,0.002843905162089535,0.008958301260582033,0.008531715486268604,0.022395753151455085,0.011944401680776047,0.002889774600187753,0.00995366806731337,0.09154393544437274,0.035833205042328134,0.5448438218726048,0.18943942644423614,0.0041632038989706825,0.0030890694002007014,0.017916602521164067,0.0023268314962550736,0.004883948372379055,0.0021007944378311854,0.012605971654314662,0.013782001939356976,0.00995366806731337
286,0.09608213496063936,0.02899608867418465,0.013235201311116017,0.017514972518866547,0.00955875650247268,0.0019534148874753724,0.062075629861880866,0.09458085160187935,0.37306891465185743,0.005140311006765361,0.04977939557993649,0.009055664054974114,0.001974024001151995,0.05779940931225962,0.08997039384823001,0.043863424216831384,0.006920550117210687,0.011640720197154383,0.00652281735185375,0.020267325343259868
287,0.05031689622171655,0.010996015490683561,0.04448368720289943,0.06604092629100297,0.026390437177640547,0.09962745451899874,0.06229893569083174,0.010996015490683561,0.007761893287541337,0.0943441804157185,0.021564384095021368,0.06972006937299839,0.005997826631281941,0.15095068866514963,0.031294654967165166,0.05992239760373203,0.11010603979031149,0.031078082960471983,0.03144806013857284,0.014661353987578082
288,0.01252062983557885,0.035057763539620784,0.014390812134369232,0.18718053189037648,0.035057763539620784,0.002029166296728099,0.07011552707924157,0.050082519342315404,0.0067000734511048435,0.01402310541584831,0.16670159530748832,0.03187069412692799,0.01752888176981039,0.24192690908723072,0.008347086557052567,0.010311106923417877,0.019476535299789325,0.01135427317437123,0.015242505886791644,0.050082519342315404
289,0.031221142545709978,0.03902642818213748,0.07805285636427496,0.062442285091419976,0.05203523757618331,0.00589078161239811,0.1645045871624192,0.05203523757618331,0.13766045166338609,0.009460952286578783,0.028382856859736346,0.030628718695941186,0.015610571272854994,0.024016263496699986,0.0017587941949772504,0.01951321409106874,0.018365377968064697,0.016432180287215783,0.031221142545709978,0.1817409205270398
290,0.03230585900152181,0.011608222714809057,0.0397996207364882,0.012956045219485231,0.008706167036106792,0.009054413717551066,0.20894800886656306,0.07351874386045736,0.12536880531993783,0.03731214444045768,0.02487476296030513,0.05804111357404529,0.011427949722156962,0.16608540599207733,0.06490051790552336,0.04029415369013874,0.015305013625383121,0.01654262757219858,0.025538089972579926,0.01741233407221359
291,0.02621309021479522,0.014670969387443054,0.10141649842134356,0.1410238631544488,0.012575116617808331,0.06439547360464228,0.10350776853952481,0.01553396758670441,0.008574381833853392,0.006440913389609146,0.017605163264931663,0.261493309994589,0.016785043546949967,0.012575116617808331,0.0258769421348812,0.0582231198034827,0.06075455979493848,0.008731804249777498,0.020313649921075,0.023289247921393093
292,0.05435117055104204,0.025637784032781247,0.08160763622500924,0.027609921266072115,0.0326299069508125,0.05186926031250587,0.027609921266072115,0.006753356584576972,0.0408038181125046,0.020401909056252304,0.017946448822946874,0.0326299069508125,0.011194413514812394,0.04080381811250462,0.017363326856384937,0.252601160091856,0.18994844307644163,0.012751193160157692,0.015605607672127712,0.039880997384326385
293,0.013020398575423817,0.019435075328547394,0.06696204981646535,0.016740512454116337,0.32365761787551184,0.0043306728295056975,0.04687343487152573,0.031248956581017156,0.03605648836271211,0.008370256227058169,0.029295896794703586,0.039061195726271446,0.010653053379892214,0.027572608747956313,0.01052139280999121,0.008680265716949211,0.018028244181356054,0.006996035055451603,0.250276534288797,0.03221931037674779
294,0.010694109231676394,0.021951066317651542,0.02606689125221121,0.021951066317651542,0.22099144805245666,0.005958146571933989,0.09944271240375877,0.029790732859669954,0.03208232769502918,0.024194087815765375,0.03551525442991385,0.029790732859669954,0.017377927501474134,0.04634114000393104,0.011585285000982756,0.004018598618178606,0.02606689125221121,0.01796490212380567,0.01988854248075175,0.2983281372112763
295,0.06794694716293379,0.059768147967395456,0.027262663985127746,0.1960814678930342,0.02042082050203973,0.002208677360497256,0.036638148953419464,0.0555657602107673,0.040568579564076036,0.06415762912298817,0.03460261198112368,0.08434386670398897,0.001020671315281295,0.027682089584898952,0.05494694716965392,0.025704797471691878,0.07315980818866148,0.046918795906608385,0.0432532649764046,0.037748303979407656
296,0.012373298344701,0.03556959583428285,0.2849109147684892,0.026677196875712135,0.10670878750284854,0.018298715608288094,0.0485039943194766,0.05335439375142428,0.04446199479285355,0.0161679981064922,0.04446199479285355,0.01039509657995214,0.026677196875712135,0.0485039943194766,0.010670878750284853,0.01839806681083596,0.023197562500619245,0.019673020292319817,0.019055140625508664,0.13194015854786847
297,0.15133234963407668,0.04981553975989021,0.0037536906325592203,0.056002447699580266,0.017791264199960792,0.022749544074425636,0.02594559362494282,0.15122574569966668,0.05978509520737323,0.02714308256147864,0.056042482229876484,0.04566424477989936,0.020756474899954254,0.12566511747585488,0.04372108542756322,0.03431172381421009,0.037361654819917656,0.05408937985113232,0.008084872131666013,0.008758611475971513
298,0.14058602964320302,0.03083026965859715,0.0012278312480460802,0.10790594380509,0.01681651072287117,0.07363649682731448,0.17297135026645927,0.015671762302270836,0.015131763310283536,0.07616890150947532,0.03699632359031658,0.08365019454096877,0.0052239207674236125,0.015671762302270836,0.025691891382164298,0.05698147512574256,0.10191058689448608,0.004609341853609069,0.011194115930193455,0.007123528319214017
299,0.0344104719072813,0.013616258941924345,0.011800757749667762,0.022126420780627053,0.019667929582779606,0.007080454649800658,0.0942959501336464,0.02580785393046097,0.022126420780627053,0.00980754329892464,0.08258513257747511,0.1032314157218439,0.05630021431670598,0.25385124298294,0.017503876214455105,0.09339985231976354,0.009833964791389805,0.06021832583774228,0.059003788748338844,0.0033321247336057444
300,0.02053410102269399,0.030420890403991097,0.03911257337655998,0.030420890403991097,0.04831553181810351,0.014255473478993152,0.02933443003241999,0.037334729132170896,0.0432296863635663,0.007570006962370896,0.02649561422283096,0.03571148003946781,0.43635778961916416,0.06321670267066554,0.008052588636350584,0.006113116274924259,0.018165890699249582,0.0210606164335323,0.04106820204538798,0.0432296863635663
301,0.020568004062543617,0.007841043693667001,0.021052133979585753,0.052076331423185795,0.02674189992001433,0.011779170202863457,0.011364779831306043,0.02998334233456152,0.044975013501842284,0.01433985937739899,0.04301957813219697,0.033398145716973006,0.019400986216480988,0.04301957813219697,0.010526066989792877,0.010306773927505524,0.017059487880009144,0.015222312262162006,0.04122709571002209,0.5260983967056917
302,0.02213938300821879,0.03534038332015982,0.07068076664031964,0.05183256220290108,0.06479070275362633,0.003336682272064523,0.04859302706521976,0.038874421652175806,0.0162361514823148,0.010950541310472055,0.02551521352296755,0.04092044384439558,0.018511629358178953,0.028795867890500596,0.41543281394993586,0.015127251827144143,0.018511629358178953,0.015867110878439103,0.01762297381839101,0.04092044384439558
303,0.0025492681050876213,0.061723396025341215,0.049378716820272964,0.04356945601788791,0.037034037615204726,0.01806538420253889,0.0352705120144807,0.01495353726289955,0.046292547019005904,0.013975108534039517,0.04356945601788791,0.02645288401086052,0.016743953676813392,0.041148930683560805,0.011946463746840235,0.013975108534039517,0.39562923408504336,0.033667306922913386,0.05290576802172104,0.041148930683560805
304,0.018064558949601295,0.017339017033276904,0.08516149219097754,0.02483876855570178,0.049677537111403575,0.01358217921030045,0.02483876855570178,0.11922608906736858,0.03137528659667594,0.00973212044446332,0.04585618810283407,0.059613044533684274,0.017032298438195505,0.02591871501464534,0.037371233296081816,0.01124774425163854,0.01655917903713452,0.02709683842440195,0.3196127530830787,0.04585618810283407
305,0.2830833723463009,0.040671494370150454,0.030921011429382073,0.017055787961676,0.0352486284541304,0.1771682583916225,0.0352486284541304,0.0352486284541304,0.03110173098893858,0.013218235670298898,0.04806631152835963,0.02517759175295028,0.006866615932622803,0.04806631152835963,0.010367243662979527,0.00714499225421562,0.004303915435394323,0.015921498976857844,0.10574588536239118,0.029373857045108667
306,0.011725846812123871,0.019322489991946287,0.04497790373954116,0.048466833490112,0.021382426539755296,0.012322076311045427,0.019669632708802707,0.026926018605617785,0.09087531279396001,0.015468138347908085,0.10385750033595428,0.02998329348873593,0.015468138347908085,0.060583541862640006,0.018641089803889236,0.00956582239936421,0.018175062558792,0.012534525902615173,0.030291770931320006,0.3897625750279684
307,0.021922192522021634,0.029229590029362172,0.03507550803523461,0.04384438504404327,0.03340524574784249,0.015589114682326495,0.37334071920866574,0.11691836011744872,0.05845918005872436,0.013236040768013064,0.05845918005872436,0.0464207043768576,0.01250196094356809,0.019979208127347606,0.018286641368661816,0.013490580013551775,0.020043147448705497,0.022629360022732012,0.03188682548657692,0.015282055939591624
308,0.00976534194314323,0.03182778114802237,0.024552859742760114,0.008301035235321321,0.07812273554514583,0.46161381452833816,0.03182778114802237,0.06138214935690029,0.04774167172203357,0.010609260382674127,0.027720970677309806,0.03182778114802237,0.01685000178424714,0.04092143290460019,0.0062200562982809415,0.0090457904315432,0.014565255779603459,0.022653023399286307,0.021483752274915096,0.04296750454983019
309,0.04852187077058666,0.041129479140825875,0.05155448769374832,0.0274957267699991,0.035863991439129266,0.04840582775600944,0.020621795077499328,0.013278402944004215,0.026608767841934614,0.014221927639654708,0.03436965846249888,0.022027145181746755,0.010853576356578593,0.03299487212399893,0.03797612305270729,0.44222706777278953,0.007152621622273257,0.02945970725357047,0.025777243846874156,0.02945970725357047
310,0.012980609835183888,0.039524343487585635,0.021861675475639525,0.025961219670367772,0.25065032992762143,0.014980710711090285,0.038481087542999816,0.028557341637404542,0.051922439340735545,0.018424091378970678,0.047595569395674255,0.017709448761946855,0.007417491334390792,0.040796202339149365,0.013282484482513745,0.007417491334390792,0.014644790583284386,0.009847359185311915,0.031730379597116165,0.30621493397862265
311,0.011271818067545916,0.04125691770584276,0.1760180597846692,0.3088636733956539,0.02511290642964343,0.0040425025935455815,0.04443052676013836,0.05250880435289079,0.00741074044908255,0.0131272010882227,0.06417742754242207,0.045521969925349154,0.013388814683926225,0.06828295488802373,0.01203326766420414,0.011013379820648988,0.018049901496306215,0.009587853151519386,0.05250880435289079,0.021392475847474033
312,0.26428116138349367,0.024711330097508012,0.01453607652794589,0.030889162621885017,0.02907215305589178,0.006324247950673904,0.13070112431392739,0.041185550162513344,0.05491406688335115,0.010296387540628336,0.041185550162513344,0.044929691086378204,0.005202385283685897,0.044929691086378204,0.009690717685297258,0.18057205062463993,0.0031565763658067012,0.004585576935320048,0.03530190013929716,0.023534600092864778
313,0.03687330081472001,0.07047805418880003,0.027897563116400015,0.06943393486748452,0.011909060596898455,0.004994122185796125,0.08858255890724474,0.04057827362385456,0.11159025246560006,0.04918947462492164,0.011909060596898455,0.01673853786984001,0.0819198485433949,0.05207545115061337,0.05872826107014751,0.06451481651020785,0.08168816728051094,0.101585609141098,0.008600988208871107,0.010712664236697603
314,0.05434016047261598,0.03201136285667854,0.01920681771400712,0.013400105381865432,0.013719155510005089,0.028855434609743883,0.0164629866120061,0.021040421069604905,0.01081550091271018,0.0057049953605961745,0.005953815981951275,0.02729568138759555,0.07147704642620033,0.016005681428339268,0.004466701793955145,0.3100610010200581,0.30965737514993624,0.009483006679258553,0.013095557532277582,0.01694719210059452
315,0.15770545434997432,0.11544451560259557,0.011877656682548877,0.013671061058202108,0.013320521031068719,0.018038205562905557,0.0075114188289768825,0.016496745392428996,0.029570880275137094,0.0024745118088643496,0.051308673601153584,0.047227301837425455,0.0034478405703899304,0.1589865281676069,0.0021099425889776024,0.23088903120519116,0.061117684730785896,0.009279419283241311,0.011877656682548877,0.03764495073997681
316,0.013771819925925905,0.018721067711805532,0.021020146202729018,0.010509552966200745,0.028527341275132238,0.6456403184097896,0.02496142361574071,0.0314265508635432,0.023962966671111075,0.009434238846894125,0.03238238739339335,0.021020146202729018,0.011981483335555538,0.023041314106837574,0.005280971461273758,0.009741043362240276,0.013615321972222202,0.01835802701648013,0.018721067711805532,0.017882810948590358
317,0.030307095167589677,0.03743882497523503,0.031199020812695856,0.028362746193359867,0.028362746193359867,0.010883379353265997,0.01871941248761751,0.033427522299316996,0.034665578680773176,0.0059859989852633425,0.024630805904759887,0.02674201783945359,0.03942261672045867,0.018352365183938738,0.01063602982250995,0.5027887949110165,0.06465853913855764,0.015599510406347926,0.01701764771601592,0.020799347208463905
318,0.44496862661372755,0.024449522390183182,0.021314968237595593,0.014986874775960194,0.03463682338609284,0.02667238961540088,0.033251350450649135,0.03614277222896645,0.016964974719718945,0.009236486236291428,0.01889281275605064,0.019792470506338766,0.010137606844710103,0.024449522390183182,0.005937741151901631,0.18130751707900866,0.029690144480165416,0.00871404127598743,0.015986226178196696,0.022467128682871037
319,0.09851273605399048,0.024733669074512316,0.020756839658848603,0.021472592750533037,0.009113222433848614,0.007502472165848893,0.023950199606363774,0.04151367931769721,0.021472592750533037,0.007240758020528584,0.02490820759061832,0.03459473276474767,0.008958295281226844,0.022239471063052074,0.011531577588249227,0.3335589303952866,0.1555389634138167,0.08782671239407212,0.027074138685454698,0.017500208990771253
320,0.007790852952583828,0.02245602634338701,0.021795554980346216,0.039002572070093236,0.008085698073259824,0.013000857356697744,0.01900125305978901,0.023157777166617852,0.02117282483805061,0.008517803095767487,0.039002572070093236,0.01610975802895155,0.020966679900210422,0.04940325795545142,0.008718221992138488,0.3966582903731382,0.2123468250298283,0.020028347819777605,0.03528804139675101,0.01749678549706689
