site,A,C,D,E,F,G,H,I,K,L,M,N,P,Q,R,S,T,V,W,Y
225,0.31794345339735286,0.24166122514006888,0.006818920195451103,0.02661931164931728,0.007472650005446167,0.030490574135463345,0.007771912525633462,0.11526513063478497,0.00782193742979401,0.009139544172135462,0.04583655263963078,0.02086076982831358,0.022664315895370376,0.011490498758178945,0.0018504461404031162,0.006394603280279522,0.03594364626260827,0.07304819554305061,0.003588155000371448,0.007318157366345829
226,0.004194513581287533,0.005498043723820184,0.009850531346705558,0.039835311942616754,0.0073575471309329085,0.0037458232950041796,0.012073108852862073,0.019786596562574258,0.5999034935499402,0.02157967987019247,0.01677634491042271,0.04875362720017645,0.006710649937115434,0.017176028069551798,0.11759559979873727,0.006026735371147428,0.025472373370413543,0.022667521810200084,0.0032512611047679457,0.011745208571531163
227,0.056750901364828875,0.3090195798146556,0.004369283462176785,0.003715962163332691,0.002748074803871183,0.003947611934251944,0.004446337937253207,0.014103192757045349,0.004582492955455505,0.001171246036091524,0.006440370723733014,0.12847863209812757,0.0035708416061618047,0.0036111982280771235,0.00226708730011835,0.15307890738753618,0.20491215884250163,0.08694263929695442,0.0016917315010948157,0.0041517497867323725
228,0.004416116643471488,0.005762689917022019,0.05123637948116101,0.007193559247360397,0.006655966907124878,0.007375567298598156,0.0380368076410193,0.028242276837984928,0.02837956447652524,0.005739947670210121,0.007574627647219962,0.6922963000358187,0.01568845095528802,0.015195146029721184,0.0029408593262527775,0.017408921880601513,0.03679491630842649,0.0030881969533863704,0.00973354918119553,0.01624015556161207
229,0.02485426673535261,0.10123700175890783,0.0007078653339366183,0.0004637099347074184,0.0018008976913626302,0.00027426362876148554,0.0014279474859713957,0.0777249465298556,0.0017484054407348475,0.21122606337270453,0.2620198437545445,0.005725790301384997,0.028622564216834092,0.001665387714755569,0.0005653403232557525,0.010615356878003834,0.21891281708170837,0.04960619703590853,0.00030306524559696864,0.0004982695357123995
230,0.0073340867383023325,0.015901084873594727,0.045550675776557886,0.008698155281239453,0.011612418676352067,0.00741854942689052,0.019922429037852785,0.4363077077264552,0.014966842161641404,0.012330896281924405,0.04062790081807729,0.011244903214993605,0.01179098472207616,0.010588634586911292,0.003489807752891629,0.004829953648674254,0.0513434796465157,0.26957397966440333,0.007602424026526322,0.008865085938119672
231,0.020557154241543966,0.03283208840454062,0.007438823901401189,0.026441381250056673,0.01042966670791033,0.032824128919923895,0.010297716019624497,0.01732673962706917,0.2107088118596511,0.008709140835710543,0.012128457416425101,0.07444616238621446,0.003734568039235694,0.04589661988679509,0.4083270210397592,0.0167078252751519,0.040518353134344355,0.002435357548984174,0.004249903220643491,0.013990080285014608
232,0.038021801965312685,0.12220442705673162,0.009128776375229505,0.004284122382981222,0.00660488211091845,0.16638588641371735,0.027956057791429668,0.036724482092877604,0.004902496096888369,0.023151439229706642,0.11346971977818564,0.06550367753295729,0.002211571715246064,0.01121491385537201,0.004414946203754334,0.1398187290346542,0.1494723213914738,0.06499659452002748,0.0025792145551647105,0.006953939897371366
233,0.035059991843520016,0.12785674175558184,0.009811847724429558,0.003395644505636985,0.011544627907880613,0.0012179908407673177,0.01562720076429631,0.2542609386204068,0.008643072732076484,0.009254549543616602,0.025922812354718616,0.02443875327388965,0.009963495236347635,0.015316204539630751,0.00524497576668106,0.02137166823689772,0.16656053985287042,0.21266437014111048,0.005119151613012975,0.036725422746628135
234,0.09431573250075379,0.27526257484285255,0.0035170679074915745,0.00395141111474132,0.027800545618081703,0.01931257625424601,0.010104583157142546,0.006981066206305893,0.009415101835400544,0.00495875026286899,0.009721012856508988,0.02009680743772663,0.012996011586308014,0.01177158033019094,0.0028144950562870802,0.24680403250456043,0.19051352916251063,0.03256355032950186,0.0034260485098777096,0.013673522526642841
235,0.04498139936760322,0.024941978245955305,0.006296669815792303,0.011216422261967578,0.014817303335167767,0.014337601976646767,0.022388867401448506,0.15578397762413304,0.012687890362820593,0.03131224500756279,0.1038817072565575,0.01390912125716985,0.015489640927894595,0.02147143096482259,0.0033887341789453503,0.10248636237783328,0.2183420870913282,0.132278473276413,0.016806160796941427,0.033181926472996295
236,0.03239103530219742,0.09334799132319713,0.005249322288082572,0.0027630120120635355,0.004714513636991921,0.0010761668040537198,0.008847870866970324,0.02197660382761055,0.03177707077695597,0.4133883642380155,0.0781415705653217,0.006444491966659838,0.007312916237717674,0.060702899192963185,0.0016136586172298155,0.030990670758408022,0.09628796359401406,0.09050938075855307,0.003986382393554468,0.008478114839439535
237,0.19676910306405235,0.023606454896367812,0.01157133269039537,0.005257341310180465,0.01198591344391968,0.1309082834504403,0.015316232876848261,0.01319578115159099,0.009034739049023048,0.005479879596222767,0.01715672263662089,0.03708834967787221,0.005537857759414511,0.012268453780125302,0.004537977049873117,0.31300659214897,0.1686123314572305,0.005955282305452074,0.003188809327327369,0.009522562328073074
238,0.1113417531433252,0.0278036201876618,0.023543968308500775,0.0028761045190001267,0.025950713267189365,0.18220556901085014,0.04496995815684641,0.06940258248679959,0.01966402312388225,0.015557923165026804,0.016920620421460565,0.037821327069121,0.014927051956419416,0.10232864480935279,0.020042777634592127,0.11770395426823455,0.08267632181318856,0.05127869596908762,0.006785755918245775,0.026198634771215167
239,0.03213891974401562,0.1668014485801564,0.010001167190053815,0.014114687028418876,0.1688852364271589,0.003571530076692794,0.03575644721706015,0.11669769814557958,0.008984615382879448,0.10359761392088106,0.03799644727179949,0.018732069373249238,0.004842282400871874,0.029498217248368538,0.0032479417452996443,0.020314638849496497,0.049564919798704046,0.14270539569814722,0.012840394290838483,0.019708329610328364
240,0.012945719649060546,0.021820758163969833,0.01531755992097728,0.024612627544161818,0.04838407520423582,0.006983782502316052,0.014677821572779248,0.046540435473253476,0.022754651450143198,0.5431373044546204,0.0413366331637018,0.014581619331272657,0.08036127498245592,0.022737361197036923,0.011576539748045182,0.007538794599045155,0.018349673110649535,0.005841993223844952,0.020711558533857876,0.01978981617457235
241,0.05899046925341738,0.0793067682276628,0.030466038922925008,0.021493201832959028,0.02306409476276618,0.002348351974339245,0.06861993943177974,0.03303512535679448,0.010069622363694979,0.18602982707833077,0.14150959442239971,0.07047973987353529,0.010303104598447547,0.015246580259243981,0.006952555001571464,0.040825917717418954,0.08642773140952716,0.055385984960802055,0.025478959010058453,0.03396639354232582
242,0.05827209735580877,0.09659922233641158,0.020863990057313552,0.04078543380233018,0.029310699761553042,0.05885575406946168,0.03519876014118962,0.04697541080351271,0.06499478445437183,0.07660063045553502,0.08855066695518295,0.04278813654127496,0.016147043918222057,0.042829583812067425,0.012278077757931192,0.036369250634660094,0.14970126417699178,0.034184111571535516,0.025623942948537978,0.023071138446108044
243,0.023233255149278365,0.07544815430547454,0.034224380816305355,0.048317894745834,0.0440429965377351,0.00993005603831949,0.02937558682325222,0.044160782534965116,0.04985575481459366,0.03433500103623388,0.048206427873756744,0.041605830905991674,0.014945020594858102,0.029492430700617207,0.3392271664154827,0.01675036199484941,0.01494379481598424,0.03457713497182373,0.03251910671579215,0.034808862208852334
244,0.16029739351357847,0.05992035123027183,0.02691933436977046,0.00651218758041629,0.03749461656417826,0.003989277719417285,0.027782608962635128,0.09568252887580218,0.019085603234140158,0.0549765997663371,0.1836005885026189,0.04759042719552211,0.00667980785829714,0.09030546879519993,0.006153106446239682,0.010184803469652717,0.06754425551705441,0.053044758057352405,0.006830728843267611,0.03540555349824795
245,0.020158546009480704,0.03885608028741495,0.2246537384834622,0.12364930438451179,0.026383451736601074,0.023023327291792652,0.06197850185064503,0.07851149143559003,0.0262414628603069,0.021810293123440516,0.055852523578073854,0.04122508932083325,0.009810697308856328,0.05485951760404264,0.005838133055824347,0.04966681919996684,0.017002928608719974,0.04134324088339806,0.030588961615240096,0.04854589136179879
246,0.05242675137059965,0.027780324132413187,0.02299154524688047,0.003430093495530489,0.028706297492372534,0.08986375818861661,0.09268922945510678,0.04617307687380072,0.018680369299279728,0.04305479364703831,0.036226488887228216,0.15321555086870786,0.03625416391737931,0.06800699330493634,0.026432429402370092,0.024439522638590592,0.061961000131165136,0.04555680044003368,0.03804421577279198,0.0840665954351583
247,0.10257374694369055,0.07400470848078143,0.003993089124925953,0.04353589885088653,0.008617886307875642,0.053415867720526054,0.0396646263089953,0.07123833433105192,0.03644804572246586,0.0693736707722685,0.0526021319316353,0.04556012862226007,0.09752283647923038,0.05443922131442499,0.026174930590338187,0.05227082655888266,0.0961563001280735,0.04859601644180369,0.016168441570169736,0.007643291799713742
248,0.06947734369212953,0.017959062840096133,0.041110634619827,0.027744799073624732,0.04354925673922704,0.05648174205799734,0.07593903008941964,0.048843671101096095,0.03615537759833809,0.05936024558249674,0.039224932718499035,0.03560968473896322,0.03837104828567184,0.035523224878811974,0.07547251196871861,0.09268082497375406,0.026392987687499488,0.09259975452500586,0.04619262965551688,0.04131123717330667
249,0.03153373903904584,0.03789750360414668,0.044021658470577894,0.022001964902001386,0.04716843970992068,0.02329911434231375,0.049841104471694875,0.028866871505194444,0.07713791042746854,0.026801280087012755,0.034742299869958554,0.043955607846086174,0.02053968714392036,0.038026434053142405,0.31923963156443635,0.0536932788558187,0.0178031438290168,0.011012322601696095,0.027001917820591758,0.045416089855955986
250,0.12578462145328526,0.040229510028785304,0.0936856791283138,0.02265357363984505,0.010697324536230913,0.14396279452303362,0.03672451899197785,0.047184367487486216,0.03064434267833008,0.01143354317765837,0.05735757782000235,0.07119247658802032,0.07112717780028228,0.08108467529036288,0.027491226485098514,0.056730608912756324,0.03501021946895348,0.024553431479570766,0.0032373082218459205,0.009215022288160674
251,0.08743777264651206,0.0941488643557208,0.009099797890686136,0.056566218277133706,0.06134431054034156,0.012053842195369273,0.02653365499229096,0.04447762350957905,0.023176898630747116,0.03411253017361839,0.07641293904814121,0.05761419191939315,0.046294148541329704,0.08049430746786289,0.01536117021821297,0.05168577734318565,0.09928720081710424,0.07862563102548686,0.01319370852359278,0.032079411883691525
252,0.023391462262457623,0.012662691472521375,0.02336246334287921,0.043495008237223666,0.036446734480747145,0.012592823326656604,0.023668546415485922,0.038571236494975236,0.38839046098299707,0.012969346742393731,0.0199620761821476,0.04110703457101712,0.015955100577747346,0.032451121849405934,0.09477960126055396,0.012751655770700324,0.07944486965670079,0.010242829726900753,0.01670083624956104,0.06105410039692756
253,0.14350206829440848,0.017774244848831798,0.031323689113019866,0.0034931277793313533,0.13527803330788693,0.03503892669303043,0.06813433919304436,0.107212854371258,0.010663575185613628,0.04795984103046723,0.033522128803911,0.03001163137718678,0.018150965176104636,0.009813178907122662,0.009998308469431606,0.017566892875490382,0.028897610763125307,0.08672438393360839,0.04062098285803162,0.12431321701909558
254,0.010163770862291395,0.012573611098567222,0.11191258189745276,0.45287174080483045,0.021724461546087072,0.02290478409663916,0.03051418776098148,0.029224911271375442,0.04439489162513708,0.02595673307865654,0.04981015186682995,0.022014472333404693,0.012131694226029326,0.017613182926339583,0.006173300595161826,0.0235207091626872,0.02565242193216064,0.04693994510082217,0.014981027357046324,0.018921420457499682
255,0.08348136258107106,0.033684561372371684,0.10903521545391737,0.13605555362602026,0.013384387973282457,0.023247460820096558,0.04448068556501468,0.05845665601713661,0.0286244061485204,0.0402701126707329,0.08221907949117269,0.05547717920459765,0.042764973942732966,0.0957770712503749,0.0050882534745363035,0.03972131503541784,0.04369183540676621,0.037012281871179636,0.008210521652874971,0.019317086442182874
256,0.022152875525233737,0.032041593796820395,0.5219541964202299,0.028001832164979815,0.019846625360225516,0.023956324849286503,0.02334824940433644,0.026409728945269894,0.02057873969033736,0.020714939982838698,0.019188168699862382,0.03662691783974966,0.020425534867447893,0.023029816310868166,0.010018418054976766,0.012837567329474527,0.013961538047355464,0.03244271229326938,0.029233691748268207,0.0632305286691693
257,0.12913977153664863,0.08761104460199125,0.020988268923598622,0.032952591367324875,0.008966817396674761,0.002012829500492584,0.008794326585461644,0.14234816996434776,0.0042288335082516166,0.07968408542436413,0.045486033456041866,0.019562923348802927,0.05829312410759769,0.016463298152197443,0.0014585357730780284,0.021365050659561773,0.18930738677952905,0.11235960621533266,0.005313488343353249,0.013663814355349435
258,0.04061718935950595,0.015002548408945396,0.06514432761330957,0.09131347518205467,0.016180380823282138,0.03936294488727025,0.04443005906752959,0.018374025783683023,0.03536725907402079,0.08166528828529904,0.05353789350837533,0.12528752097772372,0.006131138097870651,0.05384061044167188,0.02511870169857181,0.1146938733721799,0.07814364148131943,0.03186066183041444,0.012561148064936398,0.051367312042036005
259,0.015212916081352239,0.0475329817015112,0.009817264866590961,0.010771477715527127,0.036910434263658115,0.0034833082390809665,0.03897346439254959,0.05498769077645751,0.012468978260974583,0.3954274269783231,0.12060854830511833,0.037235613015040726,0.018242968553705153,0.013421401777897423,0.01130328787672614,0.004939667178495606,0.009979127144774466,0.0457030367985097,0.011501008220426689,0.1014793978532804
260,0.020218819903994135,0.030683083935210617,0.05202526542606299,0.0179511239902842,0.023799748900772764,0.4941132725626083,0.02069291349641867,0.020164328052926596,0.01992063529713842,0.008084596681366274,0.02716979274329526,0.01748369007923145,0.013676780777545685,0.06725732825023344,0.016348616331689846,0.03630720493894141,0.02614818030338001,0.053730094634480655,0.010513283216746192,0.02371124047767305
261,0.07313489047803164,0.03885844702562015,0.015030203970321523,0.033430827312965775,0.017615164303983313,0.06198362118741898,0.061536418456226184,0.05011879854902135,0.010670676655303078,0.026990648631307953,0.03005759727167515,0.09003417175701808,0.008743824785072275,0.05121353054638134,0.004860906036884322,0.06261301600270408,0.20450009730487553,0.12211339178554974,0.01812910882723159,0.01836465911240797
262,0.019043234713655245,0.03625822347071037,0.0381862842137272,0.013224688245125923,0.04526800131275492,0.390052442725314,0.0501170366686796,0.046873425941234705,0.04256129585320528,0.027025701755217336,0.03001555454341138,0.029005129061838573,0.030043667320153587,0.04587452545032983,0.0068797127219925305,0.0397824034705018,0.019497540360696893,0.01984005484948381,0.032980839805913695,0.037470237516053294
263,0.03791660404407898,0.03696026284860173,0.023508134797082903,0.017126355740426234,0.030942147527207503,0.0062481129926412506,0.01425006078590161,0.03636255915045367,0.02807879524620352,0.019030265720038957,0.03725046352797479,0.046067278656973736,0.0339796555738878,0.022426121570031175,0.007525430584061179,0.06261317211126054,0.4734594297524691,0.029933074320612162,0.01370183748391685,0.022620237566176326
264,0.01270477049742272,0.023369830115063567,0.028093754099296587,0.026683603837762075,0.024397631376856525,0.01815811295402769,0.016838525446799143,0.0293506714060231,0.06886483825523013,0.014135303138802593,0.025593197701044165,0.03869257720933991,0.011440950498023825,0.0494270702044908,0.5067226821172766,0.010419640067917015,0.014971747466401732,0.014589866979503801,0.036347855585234796,0.029197371043483123
265,0.4604293081304193,0.010008340434668438,0.0820326655346819,0.011513225437055647,0.01418151863225135,0.008896762206236883,0.015688313295619764,0.0181916433013757,0.03510833604754914,0.0058575723843902455,0.016059410849685075,0.020028520604948433,0.00960061878534246,0.01353880680760975,0.005504674029425846,0.15091303937957112,0.0548036571010406,0.033636988815685616,0.011228450862738429,0.022778147359704296
266,0.016837130957111573,0.13541928060264574,0.024413159804238013,0.035079529202898294,0.0326747040838231,0.012183029386307928,0.0383477678903254,0.05525479761588906,0.011123464660213718,0.014217850603298485,0.032619619787630845,0.03673856631666401,0.010222492024298521,0.02802770401606069,0.008804653975349755,0.01565197349347909,0.029971788851138298,0.3977267958633787,0.025245379492259593,0.039440311372989166
267,0.08317635264497973,0.2600817823139743,0.007227482575096072,0.006555581983487935,0.0076052117400258485,0.021156454785817302,0.010999816097846477,0.012611778237103476,0.010448273183543817,0.004045260013057936,0.013185990590309086,0.04513153504435475,0.006013942703246476,0.0061012766401130954,0.0023372499204558526,0.42618642734494844,0.019513526190182713,0.02143542678660876,0.020185124420089483,0.01600150678475854
268,0.008669616828357861,0.044248659349587306,0.009401974757914027,0.004205830812538552,0.030428361492693644,0.011572630602280238,0.018514898037715416,0.047673671303033405,0.004343751295545916,0.024838723587558526,0.05030959767128774,0.4615791528291898,0.0024806204635612708,0.015172991855092221,0.002143839494977991,0.09464919499685708,0.05351204671272001,0.03547997047039303,0.003476293731932028,0.07729817370676388
269,0.02792120147966639,0.021307954129088164,0.09210844867454825,0.014167379587170263,0.09666162079720232,0.0798588540489097,0.09101348754818561,0.021933237472722227,0.017334484943879454,0.015029379291691953,0.015789982974304208,0.049379919461219106,0.0015182602250095889,0.025981333109918306,0.012072812725754636,0.049970469781553936,0.0938256905990755,0.010933982479279368,0.16031809199497538,0.1028734086758456
270,0.11429848537326606,0.030419654877199605,0.009152850164369904,0.014295084057510891,0.01332817622997317,0.022405997276149787,0.04636415639205814,0.023202951890547125,0.2598392368787629,0.00875182031009828,0.01194526951334873,0.021940133790287645,0.22880257396394527,0.018037831777463115,0.056747452873417946,0.03868374802213969,0.031988326500813,0.01679139543843167,0.028305044308255565,0.004699810361961401
271,0.02896480720340727,0.043174890451761844,0.08882484352225008,0.44532847911058127,0.03686696518563872,0.02540287584949345,0.027885632528417192,0.01999964780103254,0.047815397136320846,0.009208095535997244,0.03049304218506854,0.03010116201514055,0.010818107599091463,0.02063879668640436,0.012367746024811874,0.015474829186523795,0.018565681746573096,0.032239948324067916,0.03023245889346585,0.02559659301395212
272,0.01986368727591656,0.044664927124034554,0.05030906399060046,0.04750072561322411,0.061422632200118336,0.0004838943319377636,0.053219295857183546,0.08729932844081041,0.0743157601175696,0.050575514231763374,0.06289865379247717,0.07174845876155266,0.0010297575894802353,0.07539503101677962,0.08898351260050062,0.03126240652256323,0.04919441105640825,0.08806391147676806,0.008852427267155029,0.03291660073315641
273,0.052523106079375534,0.03395395806806394,0.024896659457847244,0.02274544463561587,0.022243627471146145,0.008612258739609496,0.05133917396621469,0.02031714978734895,0.031009523357694486,0.0319912725026791,0.020452654995597324,0.03432617628775564,0.4668786683544066,0.02167119813786911,0.008543789696629233,0.02126504333573859,0.059381922152712846,0.022015729540442525,0.018926729190116627,0.02690591424313601
274,0.007003092304527632,0.08945073048283407,0.19657270650452865,0.012785297000186966,0.014733450541565107,0.004035990652864525,0.012022999050018121,0.09144920242193856,0.02895441964242932,0.004467803321808064,0.02660353121088623,0.36459216536729006,0.010284475445807881,0.01427928639722079,0.005304963190819086,0.04206053330424629,0.027060787136937815,0.02382513754065198,0.012478018819390152,0.012035409664048704
275,0.004192103909585354,0.018017437099449796,0.011309925406654535,0.006581201734146456,0.13758334325754104,0.0025430080062618823,0.01091979460221674,0.027590544755707283,0.0328090175593032,0.19949583511022603,0.29212082010313817,0.016173310475759616,0.004899387484180956,0.014871960258831658,0.00250441049175578,0.009041872628433504,0.020222778510865454,0.021366234885753645,0.07723449311127006,0.09052252060891884
276,0.06531599027989723,0.04223137780086305,0.06313488267339376,0.02470940495053803,0.02333564375061967,0.06181582767193952,0.0513906045336314,0.025308046231210347,0.10869401222705387,0.04687049176310239,0.06218989540542035,0.05172070880086792,0.03879691374458872,0.07255367838338557,0.05140697419582956,0.08117873936774235,0.03505239712549238,0.026100338034287875,0.02869506522840135,0.03949900783173464
277,0.02474365495578763,0.012488553235707082,0.029536634735712216,0.10773455874492235,0.027634491368141834,0.00747298731422201,0.014763341740798703,0.5197677476828796,0.028258286586849726,0.02071534043264309,0.016434230763901683,0.010728162428239998,0.0058351926893770905,0.018073850837220906,0.006594183077845994,0.008566269652018134,0.024641414454404233,0.08254559418111311,0.015669222352429464,0.017796282765785168
278,0.016280118770994847,0.014529104648449788,0.02657729952809325,0.024737643282415005,0.032325962886246444,0.010458305611834461,0.014028405379763234,0.508924037381196,0.02013602910417627,0.03285639855278824,0.03144560503555898,0.03734817434879904,0.01070348127015575,0.02837033515204878,0.009972868266571391,0.010640013949978225,0.09314355527860389,0.03685035325605169,0.017812254789052687,0.022860053507222027
279,0.09426785798996687,0.030339631451494705,0.0529755814955126,0.08200681849792416,0.0135798542998248,0.33147612554755496,0.012434260799597372,0.01233799290151366,0.012042652812866803,0.006279034052768882,0.05581876257785057,0.04118184569323681,0.00712596038326775,0.06406688051417578,0.048081479852044307,0.029656315599023174,0.01596223137730309,0.008844026923579834,0.04422304983404094,0.037299637396452964
280,0.01110678428558121,0.021984370343602292,0.007637779827725481,0.013541951957119162,0.01822065551891835,0.026364716618941544,0.027533147434920243,0.11841187900023589,0.07178523931140286,0.05642689041150188,0.018343318485283006,0.01997212874650006,0.0021290646579197065,0.01696625853143599,0.12885865719982464,0.03447399266474114,0.15345366821263515,0.09117311909812043,0.04241873995960266,0.11919763773398831
281,0.010704126592892691,0.05558334673419379,0.013641703001191609,0.026424588624744172,0.017249026103224246,0.024260805812546794,0.034730496027049716,0.019589993608553808,0.025745323169760796,0.045416735200003194,0.015549758059388054,0.018367571275617077,0.039022741225775245,0.013330215214451352,0.524552669082482,0.05806420529871471,0.010288276113291035,0.011769543748288962,0.017318229646278424,0.01839064546155249
282,0.008816476192743845,0.010955952974849793,0.01338398810351828,0.008822947449226256,0.01334552710683748,0.004218892577024442,0.011507770699423407,0.3756764966983335,0.010749026202742866,0.29067452698406093,0.01304375466597608,0.015330992052052761,0.007120406859429565,0.014529328796961815,0.01620471735294404,0.027892550967691176,0.040781214086185014,0.09096652583762191,0.010531447487389576,0.015447456904987373
283,0.11842887597383665,0.024079334843528567,0.15724717286606218,0.19965693650589877,0.014918229269093933,0.035505148339706645,0.06499677047880394,0.021255144612128667,0.028387814825611445,0.011586184646671915,0.04059571362991614,0.04438926034726643,0.0070404128960144105,0.10091475333516282,0.008883760812826482,0.0586625897433892,0.02771545911658551,0.0065526276262851185,0.007756654449397848,0.021427155681813328
284,0.009529148920427867,0.013771659552346991,0.017880585073253203,0.01222184898189886,0.027289391336390082,0.01938489587056491,0.01993365108567137,0.0428165061543618,0.07411296351170497,0.010820207766146547,0.01712010156723966,0.031172522530872198,0.011008098572542441,0.019306963786881876,0.5563948765211154,0.035605447443937066,0.009282965234114137,0.017143115106186307,0.02538354125232254,0.029821509732021724
285,0.0022318319507852887,0.006974752494624699,0.0074191485610560475,0.01544535794062725,0.017385791321579552,0.002542429059192209,0.007228620566337446,0.1554174734702026,0.024190318703820993,0.6012823745652193,0.05385947696726371,0.007172211444480314,0.002551450206219587,0.012836405160626594,0.001886102182377951,0.009014796889727868,0.01755084930664545,0.03692935184035724,0.010745996020308344,0.007335261348547536
286,0.09572842446659782,0.02500809465006439,0.01629979465723714,0.01673854983445481,0.03670473361324028,0.0027599884349552945,0.052716092063599514,0.026794302856587064,0.21322730901070291,0.004687121818668463,0.11033545882377366,0.010709967354243795,0.009285941758765997,0.06683591157371258,0.27037851077247343,0.008478758891072562,0.005770707719617413,0.004106571192119371,0.007920568269322189,0.015513192238791319
287,0.07477606080927751,0.045429545376763386,0.05488122411700741,0.08280621150978554,0.04774906673479843,0.10569620573428569,0.06670713914102509,0.009507155586747307,0.033874636815202225,0.05635445533021487,0.051116760638223076,0.06623312224222835,0.0028825511395425317,0.1067760158382018,0.023195600400538835,0.03577792221660097,0.046614803969405635,0.03633041051930296,0.023487492369457692,0.029803619511390697
288,0.01737281779457567,0.022519775109882387,0.0628556185721395,0.37159682694298096,0.02877506550059346,0.03137503047513704,0.030760121564850914,0.03245875130615219,0.019860857417545695,0.09077443605970813,0.0387495186362984,0.021443158214522823,0.012938329830814808,0.09747064366456064,0.014984583132572768,0.00812365217949857,0.01590496340154145,0.01971839798893095,0.011360291089294115,0.05095716111839952
289,0.019983006478802478,0.029560273813670893,0.03720342450865504,0.027795884642821643,0.028790319802769478,0.01077518290434455,0.31804054731584225,0.03381255300997067,0.07969490195777969,0.0331213238629828,0.018537554370071378,0.053952170359574406,0.08322434227923445,0.05720087085856253,0.03634201022488919,0.0161223606513056,0.013925663872271647,0.012529491898337112,0.019412269534512125,0.06997584765360211
290,0.0587532245961921,0.0675741841951544,0.004440795866882908,0.031233693670637604,0.04266055418741326,0.009065721759764184,0.08509733938705431,0.10538085319100243,0.09521919930746521,0.06655518807704634,0.06925996252522518,0.02902644411262891,0.010821021216220408,0.05665130372220117,0.08895556255986584,0.04409254254093239,0.01402365740584954,0.04019571411189425,0.048288834590022096,0.03270420297654745
291,0.03824745532934329,0.008046322542588668,0.17827102550782184,0.16989026738437618,0.00758814504562159,0.052407556075166076,0.08198856869729682,0.018733034364756936,0.05624596049412635,0.007509680194303621,0.010083660637333578,0.12834583886792716,0.03010132565260315,0.020176406573405067,0.022563604699233294,0.06255143535797084,0.07965832137886779,0.009840419477594167,0.010831355882034304,0.006919615837629287
292,0.05766972957943883,0.011523684935396865,0.16456319681918155,0.048256422902449074,0.014494941859074165,0.10195879272922967,0.023769616578492976,0.02824420161948799,0.04963766891794129,0.009032922865190463,0.024654368298958743,0.024548878881315215,0.012340003870678143,0.04117518768467205,0.02584023703931547,0.1273367861790301,0.18594464417884118,0.011487864078503541,0.006520406383537535,0.031000444599265153
293,0.009517693020654784,0.03740881817042165,0.03125491329304201,0.01172991264290883,0.1676943566460058,0.016169599493030425,0.02462911125123132,0.02198591228097276,0.02090771336819276,0.025928645722042516,0.01942919357602954,0.04803974682851346,0.008995610360831964,0.01975479678653932,0.019518506220746936,0.007862282919065842,0.012625190032077106,0.005898674707436515,0.4569674821825911,0.03368184049766541
294,0.01508670411494923,0.02882826988506521,0.01836355650041446,0.0164011041805299,0.3839753879302767,0.004709275348209706,0.09584222032689536,0.019263334669983312,0.019464063250349623,0.03475488845280228,0.01860331231356509,0.01777296368712951,0.026438155915054995,0.029358560217752915,0.008835833206079382,0.023495291612285637,0.01609268123561287,0.018032652403011402,0.011783356420090124,0.19289838832994233
295,0.03094039590298683,0.052745218173283204,0.006219982683812175,0.07246972263584663,0.08465641884250608,0.0015005943747595585,0.0566840882609048,0.0430606979133038,0.026048503972101844,0.06875030481916491,0.06480241065142671,0.02724810170380286,0.011960141771158539,0.08762884789935174,0.041180056270366035,0.02386217223887942,0.1075564763913841,0.09077796017709913,0.05906275225401381,0.04284515306384781
296,0.07273492213661369,0.02022735711180969,0.4834098817852402,0.015827137110870554,0.03954387590351823,0.02505851584099701,0.04118265903750439,0.025414317015441255,0.024276621360493893,0.012758212331158366,0.022138381495798398,0.027728602776609813,0.01732435412588398,0.025484336900434952,0.00767368372634553,0.012890295831017584,0.016073214654598152,0.053100424459131344,0.012397356399920331,0.04475584999661257
297,0.07491858636185425,0.028062085973506,0.06119575233209301,0.07190810136595613,0.028185364951102836,0.046282529213449164,0.05898893145545087,0.06510204349210688,0.05884060609945061,0.03324968079407634,0.034525884003429416,0.03846233427547093,0.047901013520892516,0.11415593218303335,0.04696598483500352,0.04744942994233654,0.05535668219172125,0.048973914849952345,0.004960977504901979,0.034514164654212025
298,0.10435881524668884,0.04093585325187505,0.037740798737085676,0.044589736322078556,0.014627260276218761,0.03836891189285667,0.2284815101458269,0.023519718416086334,0.03208122014046388,0.016883943726591157,0.011917772549887467,0.20706856778648836,0.006584477208633865,0.014551125922018055,0.02965178859293694,0.06483238646049433,0.0367405280780658,0.011553720704656033,0.011630755278588782,0.02388110926245859
299,0.15228152419398183,0.014605291427116904,0.014122102077204619,0.020380033518874824,0.017629824404907013,0.009082125508225425,0.2688996540445016,0.02228746964522046,0.024551063639402144,0.00913257347930059,0.03324421287354411,0.1692794946125866,0.044510194870621765,0.0447194123451838,0.0250905447120552,0.022521019795278607,0.011098455801877192,0.01750501011626419,0.03899187092507357,0.04006812200877955
300,0.022726885571903326,0.0166160334746115,0.019921866002456334,0.014263285317145989,0.0190901847846143,0.03932206193449574,0.016301529832339987,0.018900179513802896,0.02032762607325682,0.02151626378819682,0.01383829853748342,0.017323070599382418,0.6060597703570425,0.02585617133441109,0.005007944004245284,0.05561605441106894,0.01612894238577219,0.012153320990604424,0.01911311327961623,0.01991739780754988
301,0.010713525962151194,0.03518801115851456,0.01094041875035092,0.021367374439546085,0.021722281566459518,0.006555662370740913,0.043857454527241796,0.013777345343967934,0.02085082355247768,0.008375355781621265,0.019192855153761713,0.021652852960448006,0.01018439497964971,0.018049189772594287,0.017923256304051033,0.018902576015139717,0.009848028269750553,0.008942382139478806,0.016396807924139233,0.6655594030279152
302,0.012220587797020671,0.01656458508695107,0.026367297668927786,0.04166255640480649,0.025388374305583956,0.05782585709979544,0.020101508861160404,0.018543307022161202,0.03943971998974255,0.014092661810407105,0.04286482344705976,0.01843329122236811,0.010993192608060611,0.015176731669388786,0.5351737084827607,0.03476016020298157,0.019333505573831462,0.008805377636833072,0.025609696207783434,0.016643056902375834
303,0.01606373874898174,0.04490339475061435,0.024503727312285024,0.018124432050746743,0.016925202236373706,0.011197690465696991,0.017129282080599592,0.06030123836004029,0.0316881741431473,0.02632729566098447,0.02238140542647144,0.014545480324293885,0.012394213752667676,0.022378841712058596,0.007506644511770624,0.0243064121188327,0.5524570537695798,0.0159467172449894,0.04349502011496737,0.01742403521489835
304,0.012274265330837829,0.050595149049967154,0.03133893519792908,0.017281942529739826,0.024317924248796596,0.029709566394012375,0.015656370459175766,0.03404303225252287,0.01804165274912399,0.014725608949055368,0.046989047893162564,0.028247514981520123,0.012811060677133156,0.01662467932687668,0.039456522651209545,0.008953631739043292,0.01132634533455109,0.03388862719587673,0.5300335329015203,0.02368459013794558
305,0.38709550649437213,0.05469127884586933,0.05188321646995645,0.010653122872577395,0.033710134372063646,0.16463224744443533,0.03514140202753737,0.02040999942490369,0.01565597264472868,0.008406717043644365,0.02473476834401656,0.014097002127454746,0.009723589200441524,0.021096823511387117,0.006395865035691751,0.007104476101195818,0.025370563107671197,0.04764216951381485,0.03152358949961094,0.03003155591862708
306,0.007805099749174867,0.030925933931562146,0.0525977511359258,0.02307035581663652,0.012551236978045676,0.008726156963902361,0.020842600673430127,0.01565302572276045,0.02987589398884634,0.010116945522876728,0.03473371150957662,0.03182296142160904,0.01145187446606008,0.02462600586227306,0.012076047983802804,0.0067987012482655955,0.01215341256246174,0.009399729302541047,0.016526319399648725,0.6282462357606002
307,0.012268084822317856,0.015895544946226327,0.018617581304403354,0.02148460765509442,0.017318576516754426,0.010004937883563925,0.5443779234507584,0.036562186030318654,0.02453523899704332,0.01082913226232111,0.023269130585551683,0.0841632530148958,0.019988971005832315,0.013228197405417036,0.015347611215574812,0.01726258767424285,0.012448443684472945,0.013142783489705304,0.01676531093993991,0.07248989711556561
308,0.01825873976314789,0.016693010878710637,0.013529133248401612,0.027992529259468154,0.029504532206580336,0.6313407272712959,0.01647581831930531,0.07475353421925938,0.02025989815641701,0.007508063258249048,0.015050677451386142,0.016101716235074646,0.011044436046220319,0.018843349389953978,0.019482078445249754,0.005960132207759959,0.009010230841869646,0.006146283485838638,0.022903800447529595,0.019141308868282043
309,0.02208631681067999,0.04055870907374975,0.023438208576676098,0.015861791558364313,0.018195695610919396,0.017348899620252635,0.013142787913290795,0.0399118742891745,0.014871429260368111,0.010115614165238129,0.016078204916720108,0.028309493752836527,0.01476218918647529,0.02070511667531661,0.008678529014259494,0.6417097672085319,0.008435787071499539,0.015247280975827917,0.014482758423051622,0.016059545896767263
310,0.009651293702461285,0.04020858289148772,0.014013004866649558,0.016226660135832124,0.13382199191153,0.011508916706660677,0.029414384783101495,0.018221004739295086,0.02507498709941119,0.025996344985445667,0.02299081515498162,0.03829602574858659,0.006217028666832239,0.020623020099218712,0.010235932452153873,0.006135539305744509,0.010574872938949861,0.008320670189229598,0.019863714228028864,0.5326052093943994
311,0.02579533605626923,0.0537924941087042,0.0859343084031306,0.37009129438573657,0.012349568508607016,0.045947097980430375,0.040913624185268,0.04034553228752558,0.017774268566558324,0.028896756958215714,0.024094077517699583,0.01783593005978138,0.038461341599859915,0.06274893481314818,0.00681295569848,0.030942058982988165,0.03989167519333144,0.024547030712985866,0.02124013557387799,0.011585578407401875
312,0.3664435708322022,0.028808982958028993,0.009184091618629412,0.01532894451942489,0.015749567314759832,0.006597758772289359,0.13885137439131465,0.02091829395482983,0.025680029342489478,0.0063184313228921455,0.020041803216076456,0.020164104353964377,0.0033343160036670653,0.023167469867145525,0.012222797876883849,0.19125195396904096,0.01794719956179175,0.046230780053271914,0.018505784508579776,0.01325274556271749
313,0.07421503093353901,0.014734965684762286,0.10559101055392084,0.05045065514605338,0.028132447782571807,0.028360365837322092,0.052174879461373884,0.03857769905261956,0.044242936405884975,0.01893394266646963,0.04421253363447193,0.06205553118369803,0.10248120654365607,0.0666835286161856,0.01709958863430354,0.06902716763826834,0.0909077093579005,0.07238478828756335,0.004858854304501819,0.014875158274933352
314,0.1075589071687906,0.03208466882624226,0.00664987350564551,0.005700442253679508,0.010665941262107745,0.022927342653883225,0.0065869378974598635,0.014147215842284507,0.0068806370340067785,0.0069331958023225015,0.031668504985785405,0.01718117468309882,0.1983710746621048,0.007382196031231754,0.0037334181741025753,0.2524251069971331,0.24744135603288608,0.010462302833941313,0.005130877611888119,0.006068825741405491
315,0.09217938596613676,0.02417022171942696,0.018486688816503585,0.14749929103591852,0.0361240666680168,0.023518377578962323,0.011101790686748485,0.008424122807562273,0.03276605743431011,0.004525972514983766,0.1341761205282614,0.036151938195552846,0.003918338719727397,0.17209919153190323,0.02592020483976409,0.14940663653272135,0.05018402467258667,0.010102771832586468,0.006457497008822089,0.012787300909504909
316,0.006567945843261479,0.008631187825226363,0.010616312642864292,0.054761405923842134,0.011842153499526342,0.6963103102660414,0.011701208410933429,0.013821257639574052,0.011013112782763262,0.004311397075632224,0.027646093965149533,0.010379621740346205,0.00548929614064279,0.0098925710069377,0.06603921886296059,0.009624137754698536,0.006494646796662225,0.016127074962396102,0.00939433155496253,0.009336715305578721
317,0.015512122342396831,0.01591288880923083,0.015372522991635938,0.017258039676966666,0.014138625611653197,0.007325723923222381,0.011061639371597036,0.016693881101123322,0.016568325179711844,0.04217800117106394,0.02751361208561126,0.01398300740244975,0.01216978625434852,0.01178645078538782,0.005980901875104861,0.6837680946689286,0.04320397135760964,0.009185192076415877,0.010957910652859223,0.009429302662682508
318,0.4055154774132002,0.12190831609043616,0.008352975575465944,0.015024999338735944,0.025631832833065357,0.015406488288007867,0.012877805324526008,0.01336909491550757,0.007269524108229263,0.004295882239178281,0.007344141757790841,0.07957271345941953,0.004995292696688104,0.010060514828563948,0.0032131070210606877,0.21253551993723044,0.018154657748629822,0.019141759437634933,0.006244603083404922,0.009085293903224146
319,0.05156893575558831,0.14387799820707908,0.004691966864074535,0.0047592139981742975,0.033500433674642366,0.00175160231130714,0.028906655700365196,0.02612824112639023,0.00486662477523043,0.07694224307944,0.05882078140224115,0.015713515648008883,0.0124569077407772,0.010931171374410393,0.005640024900393661,0.15739545740907654,0.1903859760278534,0.1380250541064334,0.01898121559233408,0.014655980306179728
320,0.007656785003648332,0.025012667384707383,0.0128069988283518,0.018546271091109297,0.024513154127277278,0.00817791711948592,0.01288274155391988,0.013061163778002429,0.012934027197739615,0.0060522406658321,0.018484574843592488,0.019414222209599326,0.04479402940576004,0.024545958045885878,0.006087073785515587,0.5658948771030573,0.13275883519377035,0.013094512765313015,0.018065986986912152,0.015215962910519878
