site,A,C,D,E,F,G,H,I,K,L,M,N,P,Q,R,S,T,V,W,Y
225,0.4137808482424759,0.11007743146697829,0.017761266233731223,0.013987648048693199,0.02421990850054258,0.038086760089321825,0.023507558250526618,0.058053006453173135,0.02421990850054258,0.006293362051322087,0.019981424512947626,0.030740653096842513,0.00906619821578444,0.016651187094123023,0.004873518173889665,0.023505898448907964,0.0626519567812171,0.06939115728629713,0.010948725760519248,0.022201582792164033
226,0.008366593002868383,0.011098541738498873,0.022659522716101867,0.011892555235136496,0.015994957211366026,0.0035199258588119405,0.03021269695480248,0.022197083476997743,0.566713709620941,0.006261272093008064,0.01086663940526139,0.019375016762569298,0.01431127750490644,0.03285338457552361,0.16692515605418312,0.005911179838983096,0.008758517191565325,0.004531904543220373,0.006474149347457676,0.03107591686779684
227,0.0449623505905954,0.17036694424863955,0.011948796148438858,0.009388339830916243,0.00838958027443579,0.02237255034220515,0.014082509746374365,0.01065550552933619,0.01359690596201663,0.0030331559453729406,0.009857756822462057,0.1775817597957519,0.009388339830916243,0.009857756822462057,0.0023193273355855463,0.19958528042001417,0.2435190933152949,0.023066233567102235,0.0044304525044773285,0.01159736096760242
228,0.009310695914915412,0.01198406404890103,0.058839413936378857,0.016356627958635187,0.01391253412573568,0.0037128541991993977,0.04032660465492481,0.0201657694602263,0.021232184852320604,0.005847296951396153,0.017291292413414344,0.6192586558874171,0.041737602377207035,0.04034634896463347,0.0059625146253152895,0.02884855271209762,0.016068558281648233,0.005933286612446097,0.01025690797173947,0.012608234051447956
229,0.018942314273662636,0.12502224694061453,0.0021985243125725853,0.0014656828750483901,0.0011470561630813488,0.0004044985106607141,0.002305248793765429,0.12792121676560742,0.0025259641038068003,0.18418195613486132,0.25146712184207354,0.01279355760918635,0.021261808328655363,0.002447841502658136,0.00045749638874342823,0.008863365239489664,0.179353078975136,0.05468376972059264,0.0009847970445663425,0.0015724544752174783
230,0.013636465394030238,0.012373829709397807,0.031818419252737214,0.017583863271249518,0.022272893476916047,0.004283248745560779,0.044545786953832094,0.34743398431455397,0.037121489128193415,0.007033545308499806,0.010788279902576725,0.022272893476916047,0.010279796989345872,0.021554413042176826,0.005807167800637157,0.008148619564725386,0.01137356873365606,0.3410465064042354,0.013920558423072531,0.01670467010768704
231,0.011230576936270198,0.02246115387254039,0.029012323752031347,0.013827231652176915,0.03868309833604179,0.005802464750406269,0.03868309833604179,0.025746197878346457,0.35836613157832337,0.010549935909829581,0.02246115387254039,0.01986884303650106,0.013652858236250044,0.027797951768380406,0.28224828495797316,0.009670774584010448,0.019341549168020895,0.009670774584010448,0.015136864566277225,0.02578873222402786
232,0.04059684551859631,0.04416709829129184,0.01017322248088863,0.008901569670777551,0.014242511473244082,0.20387597248625927,0.031771444318901464,0.04204029521592629,0.01238479258542964,0.04933287556690185,0.1227346492422679,0.04776463893891773,0.004450784835388776,0.011868759561036736,0.0019246637126005518,0.15108494189683147,0.15350957132620022,0.027872461102319862,0.0054778890281708004,0.01582501274804898
233,0.1420602818719358,0.11958084588423923,0.015049390193783001,0.0041940923490870665,0.018274259521022213,0.001079492123604688,0.023258148481301002,0.1630647898421444,0.011629074240650501,0.0030054388781623137,0.005154262022207264,0.0255839633294311,0.006073265317195539,0.023258148481301002,0.003457292341815014,0.09460695915165859,0.13307331438588652,0.13707708266370683,0.006559990597290027,0.06395990832357777
234,0.11939423025017819,0.273158705053056,0.006485206282892681,0.007411664323305921,0.016735966531099978,0.00915353011634744,0.017293883421047148,0.012577369760761566,0.020752660105256584,0.004323470855261787,0.020752660105256584,0.0362383157098799,0.004337775564066896,0.023058511228062864,0.0048262000244782746,0.22379207830869272,0.16218337863394205,0.023672922714691652,0.005764627807015716,0.008086843204706233
235,0.008913570485452977,0.059749127884818135,0.009563041318051224,0.017438487109387526,0.02695038916905344,0.0022123453795491635,0.022761572527549765,0.3290462317385442,0.019763618723972528,0.05242059127556917,0.024704523404965654,0.009563041318051224,0.005024648828128609,0.017438487109387526,0.0051112807044756525,0.056100848778086555,0.15913600063106162,0.14268448450105825,0.01288931655911252,0.018528392553724245
236,0.05971604784721314,0.09211691966538793,0.00992545122365295,0.005955270734191771,0.00992545122365295,0.0022332265253219145,0.016241647456886648,0.0037381685775781824,0.01741963200853983,0.26555928410782725,0.05861985796888324,0.01116613262660957,0.012828418632704409,0.16120460941442885,0.002977635367095885,0.10436677634950017,0.09563656249671855,0.04975450907852742,0.006871466231759736,0.01374293246351947
237,0.20451746428258336,0.02334979619741987,0.020578081842764506,0.008930110988369504,0.023664794119179183,0.17329076724891612,0.029580992648973976,0.023512475761135885,0.014342299466169202,0.008160273834199719,0.014730853005627542,0.012275936992725433,0.009465917647671674,0.022537899161123035,0.005752030078088489,0.2545920754863946,0.11958256440993406,0.004640155709642977,0.004982061919827197,0.021513449199253798
238,0.0950878547663689,0.04856637743443572,0.02180479928699871,0.004489223382617381,0.02180479928699871,0.14771712582551366,0.03708121562248354,0.2300512615315376,0.02154895818214301,0.026458980948140722,0.013942500698881068,0.030673501537538353,0.003717221693924589,0.08190494835161155,0.016334927621914897,0.11940755955684568,0.036808201845046025,0.020129485384009542,0.003391857666866466,0.019079199376123866
239,0.01416853333844111,0.21561931644136748,0.025384987597071435,0.03626426799581633,0.13469328425449079,0.009066066998954082,0.00954675804046013,0.05145559375936955,0.02307726145188312,0.13638669315740742,0.12080538951723474,0.01692332506471429,0.0009426467571778328,0.012088089331938778,0.005599628768633767,0.00875344399899015,0.027003557656793645,0.12119505991727908,0.01692332506471429,0.014102770887261907
240,0.010551983266651192,0.021103966533302383,0.01217536530767445,0.02877813618177598,0.004516220143618906,0.00400708225315868,0.006087682653837225,0.09854474590097442,0.02877813618177598,0.17033303356287421,0.5005190986414861,0.01217536530767445,0.00813938800763287,0.02261139271425255,0.0024514626174146187,0.005105798354831222,0.015827974899976786,0.0063557980779871265,0.0243507306153489,0.017586638777751983
241,0.010557592369402251,0.059122517268652613,0.059122517268652613,0.0769251066153033,0.04926876439054384,0.004437986920113651,0.08875973840227301,0.032845842927029224,0.019707505756217537,0.15864765755234345,0.08534695867237077,0.08875973840227301,0.001977798235356398,0.006531630624859455,0.009094472712957512,0.018491612167140205,0.0406537529005182,0.030572798783005155,0.01136971485935627,0.14780629317163152
242,0.010478560342340133,0.03143568102702041,0.02617663358354411,0.007078427536864876,0.0392946012837755,0.08402324806240223,0.05235326716708822,0.08393247582610415,0.10079502887400246,0.04243816938647754,0.05235326716708822,0.03772281723242448,0.01745108905569607,0.20159005774800492,0.0028726823366051215,0.08757082571812826,0.05235326716708822,0.016230825684911476,0.022437114500180662,0.03141196030025293
243,0.017275251081567272,0.0023522598631836216,0.04318812770391817,0.09230589516895597,0.09230589516895597,0.0026174622850859497,0.005714159819017428,0.08637625540783632,0.09230589516895597,0.021695494628821026,0.09230589516895597,0.08637625540783632,0.004318812770391817,0.03455050216313454,0.09248991777347261,0.007084249974340666,0.010797031925979542,0.08637625540783632,0.04318812770391817,0.08637625540783632
244,0.16845749275671154,0.014078959883848607,0.030973711744466937,0.005735872545271654,0.03871713968058367,0.0036015943888915037,0.030973711744466937,0.06745060888697717,0.009109915218960863,0.043517905288031594,0.08291464631682036,0.08281136378333125,0.005956483027782102,0.1132922918319862,0.002533435378372951,0.01272266378861877,0.07534912114150791,0.12817406088330927,0.006194742348893387,0.07743427936116735
245,0.06206459283076425,0.12635726039500755,0.13536645371549416,0.07550911982870318,0.050542904158003034,0.03844840548252314,0.036102074398573596,0.13495808059985384,0.050542904158003034,0.014865560046471478,0.03803758761097367,0.01880613535893533,0.016015826362515227,0.06317863019750379,0.0042119086798335864,0.02807939119889057,0.025271452079001517,0.03650810263966134,0.014039695599445285,0.031093914659842514
246,0.12403689165972148,0.011714410566807802,0.0022350507317606323,0.0041545015692389985,0.019733882453885243,0.12661209924103906,0.08088325255195873,0.039467764907770486,0.03382951277808899,0.009866941226942622,0.059201647361655736,0.1415456919659278,0.01691475638904449,0.058977371652469905,0.005738338863483558,0.06445379025698897,0.09099365912095357,0.0432908935932333,0.01326990862180573,0.05307963448722292
247,0.10787435057265524,0.07990692635011497,0.00834264230393086,0.04004468305886813,0.020022341529434065,0.06951902592460002,0.0411209572243453,0.025027926911792585,0.028603345042048665,0.012891607945292089,0.10685771860731148,0.05327128423340996,0.10706392682454328,0.05993019476258622,0.01651874219446398,0.024560713050861636,0.11923982276104195,0.02247382303596983,0.04004468305886813,0.01668528460786172
248,0.09594480708664938,0.027412802024756978,0.0486711224507265,0.018212027234043835,0.0486711224507265,0.048863936073099176,0.0486711224507265,0.10256390228752732,0.05641108449147174,0.01993658329073235,0.011382517021277398,0.04553006808510959,0.022428656202073894,0.030353378723406387,0.048687710304943864,0.05319680954414299,0.03411189990410804,0.17361441282346077,0.016664915100290462,0.0486711224507265
249,0.04504454997953488,0.09008909995906975,0.0963021024462008,0.02001979999090439,0.0963021024462008,0.013883757992647941,0.0963021024462008,0.036035639983627896,0.05399914622124017,0.030029699986356583,0.012636933912727376,0.09008909995906975,0.0257397428454485,0.036035639983627896,0.09652765561956217,0.032719451965177115,0.015014849993178293,0.007507424996589146,0.009419096826434914,0.0963021024462008
250,0.19013294677204703,0.0206204790757563,0.023703644668633516,0.011130372228391184,0.02765425211340578,0.058156194893343935,0.02856795538620404,0.05530850422681155,0.07073969905155286,0.002243549616776049,0.013827126056702886,0.1539171473868952,0.08856264036422333,0.06520117167914985,0.005619925649745058,0.07070725406718084,0.04139012541870553,0.04423425350121916,0.007542068758201574,0.020740689085054324
251,0.04418457751170402,0.12682893297352973,0.01443780093573831,0.022551133804116923,0.03077466755975355,0.011754587221157096,0.011812746220149528,0.03263979892701133,0.01566710348496544,0.01974542586808303,0.062073548419821094,0.14659180558330345,0.008159949731752833,0.10444735656643625,0.00391677587124136,0.10949168912788347,0.12974320073487,0.06962065389614391,0.0035118975249093186,0.03204634803742931
252,0.017034744471235867,0.021901814320160397,0.051104233413707595,0.003796926879997437,0.1533127002411228,0.008517372235617934,0.051104233413707595,0.03285272148024059,0.24616029203807793,0.018397524028934735,0.0383281750602807,0.026857115558832776,0.02420726845912465,0.02874613129521052,0.09867722327087078,0.019164087530140348,0.026857115558832776,0.013937518203738434,0.027055182395492258,0.09198762014467368
253,0.16209901294756787,0.061201656420039705,0.018465558593138354,0.008655730590533603,0.10768005860088437,0.03056724244154137,0.010065479129559223,0.08336520665874915,0.027698337889707523,0.04826406701296005,0.033346082663499664,0.05440107579787244,0.01786397285544625,0.02308194824142294,0.010969106139309105,0.01380323335004486,0.013849168944853767,0.06581463683585465,0.060367908270128716,0.1484405166168864
254,0.007254596325206224,0.019608454973902456,0.0788806105907968,0.29503861613549887,0.04223359532840528,0.034731193535719684,0.054903673926926876,0.07843381989560982,0.09796488211550387,0.02309934836934191,0.04991243084266079,0.04223359532840528,0.018932301354112717,0.032296278780545216,0.009305707445241842,0.01910138422849427,0.030099150905506123,0.007406441062733295,0.021961469570770747,0.036602449284617915
255,0.08123441095411624,0.03475392940699956,0.12491319153392007,0.12061777367607346,0.011810042262104819,0.005230834580020514,0.007737613895861778,0.032485778224648015,0.0030759295482419356,0.04855211419444675,0.10932713825602697,0.06556374511484951,0.07998392365917124,0.12305219024487883,0.005639892052890279,0.019905501363142165,0.06497155644929602,0.04525008603889564,0.00467480839541649,0.011219540148999578
256,0.019962973154949097,0.09283234873004727,0.3488103159296314,0.017393189710055375,0.04641617436502363,0.003377362965609603,0.054152203425860905,0.05907513101003008,0.03822508477119593,0.017100695818692918,0.040614152569395684,0.013276930965023073,0.03822508477119593,0.054152203425860905,0.0158494253929349,0.019691710336676695,0.022407808314149343,0.02419345189829823,0.028253323526536124,0.045990428918832885
257,0.09103245594281545,0.05054211042944254,0.01836365598833931,0.0050658361347142924,0.0136074912694653,0.001688612044904764,0.026710772346675352,0.240075024539852,0.01088216651160848,0.07961365364867569,0.08703015093203594,0.03672731197667862,0.037420600991029576,0.015464131358601524,0.0037669037924798585,0.007166304775937291,0.09172457077935867,0.15775891207729767,0.006995678471748309,0.01836365598833931
258,0.017054703548016324,0.06043760569828285,0.0698970242601009,0.027628619747786444,0.03753888552688375,0.010385751817992603,0.04403306779636249,0.010514660239173782,0.030056305974500784,0.04933682097819006,0.05180366202709958,0.30603506268904734,0.007097395661442301,0.03342171743683844,0.014696074333928957,0.1426279687313517,0.05420739214577661,0.00597675424121457,0.014941885603036423,0.01230864154297401
259,0.02164658802330108,0.02783132745852996,0.03142246648543705,0.03142246648543705,0.028105301246258325,0.009644519416322266,0.021584409777661174,0.023121409435879512,0.04235202004558907,0.5240958020896938,0.024976832334578168,0.04235202004558907,0.006892190233008603,0.040587352543689524,0.009839358192409586,0.013343787137651351,0.026326931379690503,0.014538753149978339,0.03358953313960512,0.026326931379690503
260,0.009817031608094056,0.01751146178741102,0.007353000641720671,0.032396204306710384,0.04984031431801597,0.34788425752792884,0.04628029186672913,0.04319493907561385,0.03599578256301154,0.015068002003121111,0.05890218964856433,0.04319493907561385,0.024920157159007986,0.1079873476890346,0.011570072966682282,0.005441174860426076,0.024920157159007986,0.029928084126205082,0.01580302649107824,0.07199156512602309
261,0.049576131649028264,0.07695973377395354,0.008867150079916657,0.02078427592724665,0.015517512639854148,0.027300876432134375,0.02045083834552611,0.056239805450196814,0.005172504213284716,0.00382331651127624,0.05031982592912347,0.024995469088976357,0.001047360239752569,0.016068515842913376,0.001862101516782498,0.0999100700103059,0.25451728664815676,0.22355322666453234,0.02751648639718505,0.015517512639854148
262,0.006411622532279001,0.021206754793248416,0.0036353001209813627,0.010237772795417674,0.12035105337625183,0.12061076870531647,0.11261550074959442,0.12035105337625183,0.11261550074959442,0.0375385002498648,0.0375385002498648,0.0375385002498648,0.03217585735702697,0.07507700049972958,0.004504620029983776,0.004386851056003279,0.017325461653783757,0.005756180655375449,0.04504620029983776,0.07507700049972958
263,0.00466786705552425,0.07615270769219762,0.05246735104350942,0.033949462439917866,0.0824486944969434,0.008487365609979466,0.024047535894941824,0.008637167242614298,0.019901409016503578,0.014428521536965092,0.05631460736902008,0.05246735104350942,0.009160966055215932,0.05246735104350942,0.00978204849963735,0.10056889610246655,0.30997309491723096,0.01088945021657743,0.025093080933852336,0.048095071789883634
264,0.01757983357683413,0.03515966715366826,0.04474866728648687,0.054692815572372835,0.04922353401513556,0.010938563114474565,0.02734640778618641,0.07031933430733651,0.037864256934719655,0.015668731095274866,0.054692815572372835,0.1640784467171185,0.012579562990174355,0.010683063269109045,0.263895708056688,0.013303657841928527,0.019689413606054224,0.018230938524124277,0.024611767007567783,0.054692815572372835
265,0.3118332918038831,0.014883781921914632,0.019183476579761147,0.0200161205156783,0.023218699798186828,0.005747202920343275,0.03414514676203945,0.03869783299697805,0.03414514676203945,0.007347689809552796,0.026384886134303218,0.04837229124622256,0.014157743779382212,0.025237717171942207,0.00784415533722528,0.2930884502343168,0.007284828523159986,0.004411275438837967,0.019348916498489025,0.0446513457657439
266,0.004811365899201364,0.03430061088840944,0.041922968863611534,0.012576890659083463,0.09432667994312598,0.003092678030922162,0.12576890659083462,0.07546134395450077,0.013475239991875138,0.006843993142724386,0.006916028540985665,0.12576890659083462,0.009929124204539574,0.053900959967500564,0.009202602921280582,0.017966986655833513,0.018865335988625193,0.202695830585168,0.01640463999010886,0.12576890659083462
267,0.08774771425182673,0.35212536808899986,0.006828745781307904,0.005651375819013437,0.013657491562615805,0.004826552112487803,0.02341284267876995,0.02731498312523161,0.02048623734392371,0.007804280892923319,0.012606915288568436,0.05462996625046322,0.006069996250051469,0.011706421339384975,0.0044294567230105325,0.2893589910979744,0.026712491163477632,0.003657695542121708,0.013657491562615805,0.02731498312523161
268,0.005278466402117836,0.01930947143983755,0.01131099943310965,0.01131099943310965,0.029903249684043256,0.0013490986514796259,0.015109010366674492,0.027597717779729934,0.010327434265013159,0.007829214462731325,0.014845686755956414,0.48180008067759245,0.006598083002647295,0.01250163095238435,0.0016435897405258936,0.12745037059784048,0.07994387894629683,0.03731925560568599,0.007917699603176755,0.09065406220004693
269,0.03666611225559822,0.028266700489032535,0.07137146984512167,0.0022888809571321818,0.1121156382930379,0.046638782585584584,0.07690640015964131,0.0037934312233002935,0.035741756484448675,0.01753369186029558,0.006866642871396544,0.030811859038317832,0.001770267904206804,0.07064318954057962,0.02115380988560511,0.057644395852894804,0.09236307862309863,0.02393184393153395,0.1590381463601618,0.104453901839012
270,0.09232593128297131,0.01370435234561469,0.008148741925416779,0.010761278204069889,0.010128261839124601,0.008649500293041392,0.0493356684442129,0.0191311612516798,0.4426505807633546,0.009593046641930286,0.011572564202963515,0.012298603661794156,0.1272982062325987,0.01565276829682893,0.033208227712851826,0.02833729035679502,0.031858481059258516,0.010465745153709571,0.05739348375503939,0.007486106576744271
271,0.015192931546613532,0.1323246922717398,0.05282095918534528,0.21280259835946694,0.07939481536304388,0.03522820027253968,0.05671058240217419,0.030536467447324564,0.019884571143721462,0.009924351920380485,0.05671058240217419,0.0661623461358699,0.0116757081416241,0.026464938454347955,0.013688761269490325,0.018044276218873608,0.024810879800951206,0.008605762699372719,0.07939481536304388,0.04962175960190241
272,0.02084348746498103,0.03439200045050003,0.02907965468672205,0.038422313003293004,0.00783974099310998,0.0012666696594492203,0.06699275087753653,0.09694245126984698,0.01970375025809898,0.062263850815592756,0.09795578699740634,0.14974850196155226,0.0010050949991166642,0.08039130105304383,0.07635203225013353,0.04971396666217731,0.04832394944241412,0.08974444677491594,0.005373750070390631,0.023644500309718777
273,0.04271771457863994,0.02908447195807332,0.04494872938974967,0.04120300194060387,0.04120300194060387,0.01051991538909035,0.07817952445478119,0.032962401552483096,0.05493733592080517,0.006071727677384032,0.04494872938974967,0.12360900582181161,0.2652599281902567,0.03531685880623189,0.010987467184161031,0.006436025321017271,0.019777440931489858,0.013734333980201291,0.027468667960402586,0.07063371761246379
274,0.011173870112453228,0.16874051572277038,0.008258688210909958,0.052514210842784355,0.02514120775301976,0.005915578294828179,0.01358984202865933,0.045053887055866555,0.026289639833281975,0.00888107977488265,0.07183202215148501,0.26969818867315953,0.016760805168679838,0.09769187752370914,0.03383997638360458,0.037102209455177705,0.03719151394569165,0.03355074581622334,0.022855643411836143,0.01391849784097674
275,0.006174282816228827,0.015435707040572072,0.02112254647657231,0.01084671305553713,0.188260974223662,0.003973548347077958,0.033006794182070615,0.03931220239492463,0.02112254647657231,0.23085105342212187,0.21611226796075064,0.02866631307534813,0.006473038436368933,0.01254151197046481,0.003551578611105078,0.006080733076588998,0.0022595100840389418,0.04369461478587421,0.05465641187138574,0.05585765169273488
276,0.07910211898286325,0.04221465659357106,0.015782329725708345,0.022774400952071835,0.052156514124665695,0.04827710398316164,0.046685551104595865,0.011745049217256642,0.10131925372372119,0.0694348662614964,0.05020413124299372,0.052722279304848865,0.016256575831064636,0.08222126755482237,0.0542359503685576,0.09103682465396194,0.0691411268450565,0.031351967674196075,0.014568304362192318,0.04876972749319391
277,0.022688294990047205,0.024883936440696933,0.032141751235900205,0.09642525370770058,0.025713400988720166,0.013074610672230591,0.03353921868093935,0.4141299423139862,0.07714020296616048,0.008476945380896756,0.0308560811864642,0.024106313426925152,0.01001820817742344,0.03673342998388594,0.010864817319177532,0.01042435175218385,0.0060068184764466865,0.04711258685493778,0.035063728620982046,0.04060010682429499
278,0.0343234156160071,0.028602846346672584,0.06864683123201419,0.06864683123201419,0.028602846346672584,0.016344483626670046,0.024516725440005077,0.3683629649382611,0.03813712846223012,0.00926052244415181,0.03442023283662426,0.021366358956959174,0.019068564231115054,0.08580853904001776,0.015254851384892043,0.010726067380002221,0.009834999852544204,0.03479103215312908,0.04038048896000836,0.042904269520008885
279,0.019053501177281367,0.014263264184667217,0.006556019885392611,0.04026009220324121,0.04082759056919501,0.39507729172064576,0.044286101423565344,0.03674483151227551,0.03340439228388682,0.015310346463448128,0.06124138585379251,0.06124138585379251,0.017924308054768544,0.052492616446107865,0.012545562226675626,0.014529341108179245,0.02099704657844315,0.01303174560298099,0.03340439228388682,0.06680878456777364
280,0.007238584810847381,0.020708646980598152,0.016161048073856016,0.012569704057443568,0.02617026816229437,0.0011517167857076995,0.018854556086165354,0.22113876597138737,0.02251714912609409,0.023667025120683603,0.03592300356316639,0.045250934606796835,0.003834824966677699,0.015464249368628492,0.12135656594468415,0.05537110995463494,0.27050981639529703,0.020160799176878626,0.03681182273327081,0.02513940811488714
281,0.01875988301424667,0.006993313865263869,0.026522593227038392,0.07691552035841134,0.04273084464356186,0.010793720038937847,0.00629197319810743,0.05127701357227423,0.06409626696534279,0.019363411591573038,0.04273084464356186,0.0480722002240071,0.012379820299177937,0.025638506786137116,0.4134108543574265,0.00871470056359516,0.020240926410108245,0.02136542232178093,0.03845776017920567,0.045244423740241964
282,0.01127212082725132,0.013817438433404843,0.022544241654502632,0.011576772741501354,0.02188237133851405,0.005636060413625658,0.01784752464314792,0.22999762558875372,0.01647463813213654,0.26606140747623713,0.00951867980967889,0.022544241654502632,0.008741644723174489,0.025196505378561766,0.0069087192167024206,0.005039301075712353,0.0038418259257531474,0.2634847430092373,0.013817438433404843,0.02379669952419723
283,0.08103863680716251,0.053334607268271474,0.13803353077088934,0.14020918517540606,0.011337623045072224,0.02346413573528564,0.05866806799509865,0.018626095002618658,0.004142243548146038,0.015079342777856677,0.05521700517185754,0.10250053258913784,0.004656523750654663,0.08556852406685814,0.010831027937556671,0.09481707958803821,0.07482304324012577,0.004946698764866848,0.005321741429319615,0.01738435533577741
284,0.013728045737708907,0.024514367388765904,0.03612643615186554,0.023669044375360188,0.062400207898676834,0.0024961735210271385,0.04037660511090854,0.07113833332159127,0.05192058206163595,0.016741519192327935,0.03612643615186554,0.07626692076504947,0.014921788845335768,0.03813346038252474,0.3686925828955833,0.006467680219060081,0.014300047643446778,0.013728045737708907,0.019611493911012724,0.06864022868854452
285,0.00299341601191858,0.009429260437543526,0.00898024803575574,0.023573151093858817,0.012572347250058038,0.0030416969153366216,0.010476956041715028,0.09636942138490023,0.0377170417501741,0.5327773183839527,0.19908766942429587,0.004382073417280979,0.0032514691163943203,0.01885852087508705,0.002449158555206111,0.0030879553421454594,0.0022112381916888197,0.0037575472116752554,0.014506554519297735,0.010476956041715028
286,0.09439789201854125,0.027533512269781124,0.014395675893094984,0.028729793223034285,0.011491917289213718,0.0021246920952553974,0.06748599486668867,0.09308453004263109,0.31890070477568067,0.002305838076104748,0.07076601699147393,0.00984967297948604,0.0021471082349089313,0.06033256576837201,0.09787301399894018,0.05275281479726053,0.005045231980630413,0.013525102655766912,0.012482599814145933,0.014775322228989066
287,0.06606173395907551,0.010634560908068167,0.0456170273936713,0.051094622358972476,0.02972778028158399,0.11445195408409833,0.09262981726451673,0.010634560908068167,0.014666954873325323,0.0820610601522891,0.02123412877255999,0.06741452114155146,0.005800669586218999,0.12161364660647996,0.034440721057932666,0.06791624735333704,0.10009212276842215,0.02185866197175293,0.027869794013984987,0.014179414544090888
288,0.01493819008977668,0.04182693225137472,0.01716947869496167,0.2233369581129105,0.04182693225137472,0.0024209702117506267,0.08365386450274943,0.059752760359106746,0.007993764861865118,0.016730772900549886,0.1135458839768544,0.03802448386488611,0.02091346612568736,0.18345682056626336,0.009958793393184456,0.012302038897463152,0.023237184584097067,0.010972321278048215,0.018185622717989004,0.059752760359106746
289,0.03393389684977131,0.04241737106221414,0.08483474212442829,0.06786779369954264,0.05655649474961886,0.006402622047126663,0.1787890527516625,0.05655649474961886,0.10649303939804135,0.010282999045385249,0.030848997136155732,0.03798993631578591,0.01696694842488566,0.026102997576747163,0.0167673887748309,0.021208685531107073,0.019961115793983124,0.01785994571040596,0.03393389684977131,0.1342255814089173
290,0.03267821503595069,0.010275735748041708,0.02831178218261904,0.012520707726042553,0.007706801811031281,0.012611612063166664,0.1936783281129166,0.06405898190814813,0.16214929795499994,0.03989387489369046,0.028311782182619046,0.055551148373472206,0.010047767129878085,0.14320751170096488,0.062239124467575735,0.04664058827922712,0.01453199304047671,0.017931663671845958,0.03242985959099999,0.025223224126333328
291,0.01863627521584531,0.01534067540472455,0.09896968422402848,0.14747553456690402,0.013149150346906757,0.06640597755246294,0.1054581180745169,0.016243068075590703,0.005596807511819341,0.006734930665488827,0.01840881048566946,0.2716788083360131,0.013501039298302308,0.013149150346906757,0.025229214850362898,0.058539662582482666,0.05429765804752016,0.00913039698713303,0.021240935175772458,0.0208141022515494
292,0.05328670692454082,0.025202467908440013,0.10177377858879569,0.03131500879655252,0.032075868247105475,0.06554921332837686,0.027141119286012323,0.006638688132306158,0.040464225882228276,0.012721722323599461,0.01764172753590801,0.032075868247105475,0.009022889670502346,0.03528345507181602,0.015157796811097234,0.2423504257765848,0.1867284861504815,0.011026079709942505,0.015340632639920006,0.03920383896868446
293,0.014110079407497056,0.021061602268774206,0.07256612266712771,0.018141530666781928,0.2752000872715445,0.01070151278004437,0.0507962858669894,0.033864190577992934,0.039074066051530305,0.009070765333390964,0.031747678666868374,0.04233023822249117,0.011544610424315776,0.02988016815705259,0.002244615382120536,0.009406719604998037,0.019537033025765153,0.0075815352040282695,0.2712609902636342,0.02988016815705259
294,0.009894100271200244,0.02030894266193734,0.024116869411050595,0.02030894266193734,0.2044718319129893,0.005512427293954421,0.06189340951290901,0.02756213646977211,0.029682300813600737,0.017549682284792433,0.06631436733525967,0.02756213646977211,0.016077912940700396,0.04287443450853439,0.010718608627133596,0.002843678056762909,0.024116869411050595,0.00986788370898677,0.018568022853872695,0.3597554427937836
295,0.06368804923632332,0.05088478160634081,0.03173459498029856,0.18256511250160265,0.021481342241531854,0.003073343020835957,0.046881263416725466,0.06674836633702817,0.036111780494822505,0.06551148458086885,0.03717389168584669,0.07335205413010822,0.001042182150606792,0.03430619147008138,0.0495703761054831,0.026825894081868144,0.07428709130363487,0.05812725738999152,0.0372402736352857,0.039394669630715466
296,0.012919866210534002,0.03714081779483731,0.2974916346733797,0.02785561334612798,0.11142245338451193,0.018989711882682787,0.05064656972023269,0.055711226692255984,0.04642602224354663,0.01688218990674423,0.04642602224354663,0.010854280994208633,0.02785561334612798,0.05064656972023269,0.011142245338451191,0.019210767824915848,0.024222272474893898,0.020542040048904565,0.019896866675805702,0.09371721547805961
297,0.1638279424940291,0.0720402779686759,0.014245271084696993,0.05546801992384747,0.01789820570650333,0.016116668710603767,0.018271084992055483,0.12528743994552333,0.05547042448213904,0.03132185998638083,0.05011497597820932,0.04802685197911727,0.023118515704233466,0.1113546067196396,0.049956413080238606,0.030043416721630592,0.03602013898433795,0.06473378486617443,0.008008368322542496,0.008675732349421037
298,0.14910229208705664,0.04437568216876684,0.0012612948649573677,0.09681967018640035,0.01760357639752734,0.05850726473837082,0.16118232461555743,0.01609888439322797,0.029515563578191014,0.07261475263980031,0.0322732233954668,0.08594206227464103,0.005366294797742657,0.01609888439322797,0.036755615533726076,0.05991476796142843,0.0930160021136884,0.004734965998008226,0.011499203138019979,0.007317674724194532
299,0.043315488887086626,0.015629111790110582,0.013545230218095837,0.030320842220960643,0.022575383696826393,0.008127138130857501,0.10825545187100677,0.022740631665720483,0.02539730665892969,0.0076582594029076245,0.07277002133030555,0.11634227342908057,0.07099667886928482,0.21117918905613114,0.012586581394563819,0.09529407555159058,0.011287691848413198,0.040427789627947526,0.06772615109047919,0.003824703259701418
300,0.020765165385247968,0.036090830118244446,0.03955269597190089,0.03076320797814513,0.04885921267117169,0.0125849487183321,0.02966452197892567,0.0377548461549963,0.04371613765315361,0.007655190084405615,0.026793761787416732,0.03611333110477907,0.44123810652531453,0.04920855611740537,0.008143202111861947,0.006181905422972309,0.01837030626874582,0.02129760552333125,0.041530330770495935,0.04371613765315361
301,0.020690049893206122,0.007887570653110642,0.021177052526419174,0.05238534046008953,0.026900580236262194,0.011849065104067871,0.011432215834847784,0.030161256628536397,0.04524188494280459,0.014424948822343495,0.04327484646703048,0.02764781857615837,0.019516107230229434,0.04327484646703048,0.010588526263209587,0.010367931966059387,0.01716071497830519,0.015312637980641558,0.04147172786423754,0.5292348771054101
302,0.021302491069520837,0.03400447969989372,0.06800895939978743,0.04987323689317746,0.062341546116471816,0.0032105521764584023,0.046756159587353865,0.03740492766988309,0.05884184393921397,0.010536599343629039,0.02455071164395848,0.03937360807356115,0.017811870318991948,0.027707353829543035,0.39964369553101625,0.009222362006423974,0.017811870318991948,0.015267317416278814,0.016956806892283745,0.03937360807356115
303,0.008766037812816324,0.06134096765785751,0.049072774126286,0.04329950658201706,0.0368045805947145,0.01795345394864122,0.03505198151877572,0.014860887518850964,0.04600572574339312,0.013888520979137547,0.04329950658201706,0.026288986139081785,0.016640210796768078,0.04089397843857167,0.01187244535313371,0.013888520979137547,0.3931412548805063,0.033458709631558635,0.05257797227816357,0.04089397843857167
304,0.01847719674218985,0.017735081710761023,0.08710678464175214,0.025406145520511045,0.0508122910410221,0.009742872578335797,0.025406145520511045,0.12194949849845303,0.032091973289066586,0.009954425384684289,0.04690365326863578,0.060974749249226495,0.01742135692835043,0.02651076054314196,0.019512815701210766,0.011504669669665377,0.01693743034700736,0.027715795113284775,0.3269327009835543,0.04690365326863578
305,0.29248729592499695,0.04201777391911352,0.018058602352166213,0.01762035680478954,0.03641540406323172,0.17516718099349113,0.03641540406323172,0.03641540406323172,0.0321312388793221,0.013655776523711895,0.04965736917713416,0.026011002902308372,0.007093909882447736,0.04965736917713416,0.010710412959774034,0.00738150082362805,0.004446380653869068,0.005065234594029533,0.10924621218969516,0.0303461700526931
306,0.012159422076048733,0.004948508531480885,0.03296357341713236,0.05025894458100142,0.02217306378573592,0.01277769777483087,0.012161816290849566,0.027921635878334128,0.09423552108937767,0.016040088696064284,0.10769773838786019,0.03109195664935934,0.016040088696064284,0.06282368072625177,0.019330363300385164,0.009919528535723964,0.01884710421787553,0.01299800290887968,0.031411840363125894,0.40419942409361825
307,0.022252258687795436,0.029669678250393905,0.0356036139004727,0.044504517375590864,0.0339082037147359,0.015823828400210085,0.3789909094140608,0.11867871300157565,0.059339356500787824,0.013435326000178376,0.059339356500787824,0.0471196264345303,0.012690193681199242,0.020280020220625503,0.0034766363201935912,0.01369369765402796,0.020344922228841544,0.022970073484175936,0.03236692172770245,0.015512146502114273
308,0.00978890829917587,0.03190459001212875,0.02461211229507075,0.009859113809864343,0.07831126639340695,0.46271463919030115,0.03190459001212875,0.06153028073767688,0.04785688501819314,0.010634863337376253,0.027787868720241173,0.03190459001212875,0.016890665300538753,0.04102018715845125,0.015754621549723333,0.009067620319236594,0.014600405598770788,0.00924999746102591,0.02153559825818691,0.04307119651637382
309,0.050487033094258546,0.040635713836642925,0.0536424726626497,0.02860931875341317,0.03731650272184327,0.049334834608856994,0.02145698906505988,0.013816185530901274,0.027686437503303067,0.014797923493144745,0.03576164844176646,0.008820516025426573,0.011293152139505202,0.03433118250409581,0.01741272417449583,0.4602056317447187,0.006264814325564928,0.030652841521514117,0.026821236331324848,0.030652841521514117
310,0.012729454640817942,0.03687931061496009,0.02143868507511404,0.02545890928163588,0.2637051529851011,0.014690856585732806,0.041066014209132695,0.02800480020979946,0.05091781856327176,0.0180676130385803,0.046674667016332445,0.01736679767679793,0.007273974080467394,0.04000685744257067,0.013025488469674171,0.007273974080467394,0.014361436005025367,0.00965682765855154,0.031116444677554964,0.30028491768841187
311,0.01180259128031683,0.0431996448354444,0.1345126624391531,0.32339305157966947,0.026295435986792248,0.0042328580514098945,0.046522694438170885,0.05498136615420196,0.007759701237271289,0.013745341538550495,0.06719944752180239,0.04031966851308145,0.01429625879020166,0.06047950276962216,0.012599896410337952,0.03233952089235133,0.01889984461550693,0.010039330951312835,0.05498136615420196,0.022399815840600808
312,0.2590711835619924,0.0242265048772366,0.014250885221903882,0.030283131096545745,0.028501770443807764,0.005210001048868085,0.1396797470353245,0.04037750812872766,0.05383667750497022,0.010094377032181915,0.04037750812872766,0.04404819068588472,0.005100316816260336,0.04404819068588472,0.009500590147935918,0.17696772542196906,0.00840847985371884,0.00833505783844896,0.03460929268176657,0.02307286178784438
313,0.02981214601521306,0.0698484915127233,0.033178033468543575,0.06389843482830615,0.011557321898081854,0.004846618860485937,0.09437020900730583,0.040215798143689176,0.16036049509796063,0.03782211770103158,0.013611500910171721,0.011059344489514523,0.07951113061032468,0.049767050202815355,0.053641932537447624,0.05194508863370356,0.07097098430360675,0.10067817052523566,0.012288160543905025,0.010616970709933941
314,0.09017486153826014,0.03128826910078969,0.01877296146047381,0.013097414972423591,0.013409258186052724,0.02411394015132363,0.01609110982326327,0.017599651369194197,0.009046826810984308,0.00557612716647737,0.005819327263694095,0.015221320103086874,0.06579376408377104,0.015644134550394845,0.004365804990807864,0.3140708338625972,0.30261803312002067,0.007932237236819921,0.012799746450323056,0.0165643777592416
315,0.14967472566858464,0.10115345588255573,0.01259636681010368,0.02230516313925684,0.01211189116356123,0.017658254151911666,0.008398890900175152,0.01749495390292178,0.03741549109866621,0.002624243085438267,0.0627849036512415,0.03424631108249536,0.0036564674066727424,0.16861469730026762,0.012214208685925439,0.23320107070461132,0.06093828883796969,0.009840911570393502,0.01259636681010368,0.02047333814714396
316,0.013867573615954977,0.018851232884188798,0.021166296571720755,0.010582624534263818,0.028725688204478166,0.6500883120181706,0.0251349771789184,0.03164505562371695,0.02412957809176166,0.009499833894394355,0.032607537961840086,0.021166296571720755,0.01206478904588083,0.023201517395924673,0.005317689375614419,0.009808771582016934,0.013709987552137304,0.01157385718343482,0.018851232884188798,0.01800714782967288
317,0.020721635737748326,0.038875414983785404,0.0323961791531545,0.029451071957413182,0.029451071957413182,0.011300992727844595,0.0194377074918927,0.0347101919498084,0.03599575461461612,0.006215691726397989,0.02557593091038513,0.027768153559846714,0.039339042941873965,0.019056575972443823,0.011044151984029945,0.5220765846067693,0.0411176622047819,0.01619808957657725,0.017670643174447907,0.02159745276876967
318,0.45884522817531154,0.025209059347613902,0.021977128662022376,0.015452449730229998,0.03571283407578637,0.018506380492669984,0.03428432071275492,0.037265565992124904,0.017492000363650465,0.009523422420209699,0.019479727677701654,0.020407333757592207,0.010452536802669181,0.025209059347613902,0.006122200127277664,0.17702546999769844,0.02025094468940039,0.007136409568483625,0.01648284649651678,0.02316508156267224
319,0.08890370562046966,0.0368445973911658,0.021536741578817242,0.022279387840155766,0.009455635816139688,0.0077843644260785225,0.024850086437096817,0.04307348315763449,0.022279387840155766,0.011143411243114255,0.025844089894580688,0.035894569298028735,0.014286198023909345,0.023075080263018476,0.011964856432676248,0.3460939621032151,0.12978033118166024,0.08288288578662276,0.028091402059326837,0.013935823606133484
320,0.007613711782881044,0.021945442098304468,0.02129998791894257,0.03811576785494987,0.0079018529893803,0.012705255951649954,0.018569220237026857,0.02263123716387648,0.020691416835544214,0.008324133209701694,0.03811576785494987,0.015743469331392333,0.020020847148039873,0.048279972616269824,0.00851999516757703,0.38763044111115613,0.22782751400713924,0.01957296187146074,0.03448569472590702,0.020005310123850525
