site,A,C,D,E,F,G,H,I,K,L,M,N,P,Q,R,S,T,V,W,Y
225,0.33789282305366936,0.3557145330475665,0.013107806515819486,0.011640771439170557,0.011180187910551913,0.027810725629153016,0.015205055558350604,0.018101256617084054,0.021118132719931397,0.004109474475229893,0.016894506175945113,0.024524283158630006,0.007172196018089907,0.01187894965496141,0.0036550614322958183,0.0055074514386327005,0.006352740504805182,0.08211348826305485,0.007919299769974273,0.018101256617084054
226,0.0060408694279172935,0.01020348533623005,0.018680227000175017,0.01000769178413675,0.011454856179352607,0.002583435648960375,0.031133711666958355,0.01640830750015373,0.546764809543275,0.0038303304574491366,0.008769069628453047,0.09184771471058065,0.012264795505165415,0.0156307535079243,0.16264467709324493,0.005101742668115025,0.014001215609370446,0.003968022075200575,0.005754572298632114,0.022909712358705207
227,0.04004493025972836,0.19591132861965177,0.00915330663141438,0.006326550171712879,0.007682239494222784,0.012012701332754939,0.012291583190756452,0.023385992841940338,0.01434018038921586,0.002560746498074261,0.00915330663141438,0.14021328579804457,0.007966766882897701,0.009560120259477242,0.002429307321604346,0.1850317337273716,0.2783872954665249,0.030767764679989224,0.004176751569674522,0.008604108233529516
228,0.006530987922952667,0.010942269239332976,0.11540512065615381,0.01299394472170791,0.010661698233196234,0.0028158435514310594,0.03017634831669518,0.03668411825071815,0.01765161481095556,0.005070807696276257,0.014338145899815627,0.5458451859343069,0.046200692343850346,0.046200692343850346,0.005722104097632841,0.053910990985188284,0.013372039296152292,0.00448711760174086,0.009332159469220764,0.01165811862882205
229,0.02836289708523519,0.11867946571072607,0.001531601386522309,0.0013216864756791498,0.0010803827207833717,0.00034996268240429106,0.002066446315149147,0.12266103402907802,0.002066446315149147,0.17104079418064863,0.1978328799622502,0.013485417172146167,0.017236632448356364,0.001957685982772876,0.0004261411386395951,0.007994117980092497,0.23735235080510003,0.07181885081650409,0.0008065235652903331,0.0019286832274725374
230,0.010428494074503109,0.015843289074725875,0.016813286365015213,0.017909805040994466,0.017528745359271177,0.004359000168707648,0.02840865627192225,0.37180136556146837,0.03432712632857272,0.004962958023408104,0.011856773171351717,0.03744777417662478,0.011603535660362613,0.02423091270252192,0.006296541616328323,0.006590808255085964,0.014928390337679317,0.32584019255890395,0.013077000506122944,0.02574534474642954
231,0.008605044837017805,0.037158148159849615,0.023356550271905474,0.00998924053219093,0.04087396297583457,0.00583913756797637,0.031441509981411216,0.025764015608221506,0.3625034656072245,0.009617403053137548,0.027249308650556383,0.02007093917063023,0.01513850480586466,0.029195687839881843,0.2731900646907841,0.008515408953298869,0.01871083305605298,0.011513792387559039,0.015720754990705608,0.02554622685989661
232,0.036383166530315925,0.05415602656966562,0.013695801137060476,0.01060320088030489,0.01060320088030489,0.2107630925962926,0.011334456113429361,0.07532727449391016,0.013695801137060476,0.13437478508129877,0.05766082195652746,0.015323128302294188,0.003960231654089778,0.009391406493984329,0.0015077946205938142,0.1530724765051205,0.16237287462958136,0.005125406396135775,0.004214092657557071,0.01643496136447257
233,0.17642229353951236,0.24862025533051155,0.029031752867693272,0.0035308888622870194,0.032660721976154924,0.0008089342904310818,0.01741905172061596,0.11474781015254377,0.01375188293732839,0.0029733298108212203,0.02507128591073896,0.016330360988077462,0.007085430402941807,0.007684875759095276,0.002057368313458578,0.07403084525970567,0.07347712817606998,0.12358324514197924,0.004583960979109463,0.026128577580923944
234,0.08834771633719907,0.27196091483522306,0.0053724033032134175,0.008058604954820124,0.003353038959711925,0.011436959978780432,0.010160849725642766,0.01198459198409147,0.015077389915469912,0.0037391926990365384,0.0396208970693465,0.025799653905620973,0.004376616102393967,0.025966615965531518,0.0039610092150810785,0.22305373952394733,0.17818787745578,0.029387685243488795,0.005251675139096261,0.034902567686524756
235,0.022510234704851955,0.04862188975562968,0.01574924138517566,0.0171187406360605,0.03579373042085378,0.01145448200378024,0.026248735641959432,0.24257552779631852,0.019686551731469572,0.02546018954476608,0.02187394636829953,0.012701001117077147,0.004983937147207488,0.043747892736599056,0.0046872742217784705,0.029938997899801575,0.187118053825622,0.1969186535103002,0.01312436782097972,0.019686551731469572
236,0.06920089817243774,0.13596977852977277,0.007675796792971762,0.005694946007688727,0.019016752241926258,0.002091842746611889,0.007061733049534021,0.002923973544712318,0.013201483712617321,0.11479624828967681,0.16919316332890277,0.0732144961314161,0.0036029250252724607,0.10786064162217551,0.002006174161799438,0.13509087788885793,0.08363790528505435,0.03606625425192913,0.004903981284398626,0.006790127932244251
237,0.09698696447558833,0.02442626358600023,0.02112670122929174,0.009603046013314425,0.031690051843937604,0.22233072483652136,0.022635751317098284,0.020521248589058735,0.017129757753479788,0.006094240739218769,0.012215470427598931,0.022709990075671257,0.013778283410407653,0.014739558997180284,0.004755803291019945,0.30188691675982443,0.11706008622156051,0.005463802042058207,0.006036200351226209,0.028809138039943283
238,0.08069923255917391,0.01133348407180325,0.016190691531147505,0.0032381383062295016,0.053799488372782624,0.06432547522832706,0.020050100369928513,0.24209769767752176,0.08528629306258995,0.043157830918050706,0.007555656047868836,0.022666968143606508,0.003114637327565948,0.10777257747234074,0.027193009697860742,0.14241041039854221,0.01646923113452529,0.02241645348865942,0.0050371040319125565,0.02518552015956279
239,0.010202199368766096,0.0387967345890608,0.020404398737532192,0.03627448664450169,0.2165562052437214,0.008371035379500387,0.037530910109896065,0.08516356373208467,0.054411729966752524,0.15510449433710977,0.021553741438367108,0.025113106138501165,0.0036671695352115514,0.01255655306925058,0.005819586095452056,0.0088235237783923,0.02041933399424252,0.20576801391210425,0.020404398737532192,0.013058815192020604
240,0.012309529595383107,0.013168333985758673,0.014518932343272383,0.031457686743756826,0.023817087512696813,0.006291537348751366,0.009597260362502082,0.15297339240776744,0.11324767227752458,0.26965854934842043,0.1679216404539034,0.02022279862098653,0.036151446781597464,0.02177839851490857,0.0031831378485472125,0.006434526833950259,0.019525460737504236,0.006740932873662176,0.05147621467160208,0.019525460737504236
241,0.011231279610241016,0.03818635067481946,0.05455192953545637,0.12460887485538726,0.05455192953545637,0.003030662751969799,0.031821958895682886,0.04106428830461626,0.03818635067481946,0.18126677327100496,0.05830535510626467,0.19358878772176236,0.0035422143472592163,0.03066467096350313,0.009790754445125182,0.014687057951853637,0.014687057951853637,0.007132218495012296,0.01272878355827315,0.0763727013496389
242,0.07758477449726173,0.03779771065251211,0.01595512013625692,0.020617845881885453,0.09045197606086494,0.09054940122911569,0.15119084261004845,0.06382048054502766,0.04786536040877075,0.021273493515009227,0.09045197606086494,0.03779771065251211,0.03191024027251384,0.04786536040877075,0.002471023425425368,0.0302381685220097,0.023932680204385378,0.06252796098655887,0.017405585603189368,0.0382922883270166
243,0.031866765028407115,0.0026886861571432078,0.04248902003787615,0.1205433029550872,0.06373353005681422,0.0030349300027054387,0.002983819704974984,0.0849780400757523,0.1205433029550872,0.017564127251455605,0.1205433029550872,0.0849780400757523,0.009442004452861363,0.031866765028407115,0.12082049813507084,0.016284130001532022,0.031866765028407115,0.019610316940558224,0.023175829111568808,0.05098682404545138
244,0.10067907847257139,0.06362060916245468,0.016994432728638986,0.0066089460611373834,0.06684658520601533,0.00180243983485565,0.029740257275118226,0.24360703877060558,0.0036048796697113004,0.03727721779248792,0.05617390514097765,0.03965367636682431,0.005172218656542299,0.07068956573606075,0.0017785899970201356,0.028918458710206672,0.04222981562377415,0.1620089110511093,0.0027665355604761135,0.01982683818341215
245,0.013700628644981666,0.11848725846938336,0.11886206662164722,0.07110262726018673,0.027860753089949074,0.02404209863229063,0.07954946402152145,0.03582096825850595,0.02279516161904924,0.012975950967940176,0.08035108099378341,0.035516171603150216,0.014749810459384803,0.027860753089949074,0.003917918403274089,0.10943051982962886,0.03979291630168321,0.009749748309779508,0.013197198832081139,0.14023690459183022
246,0.10918601693514728,0.0555327745484597,0.0013010587000611366,0.0029027316088203665,0.02001155267776999,0.08915135632863115,0.02201270794554699,0.01572312954777698,0.02096417273036931,0.016305709589294063,0.3668784657591164,0.08004621071107995,0.011792347160832738,0.06003465803330997,0.005342890278045385,0.05840896025438094,0.03386570453161074,0.013864659822152797,0.00319792465378515,0.013476968183808839
247,0.1476677402655233,0.020806413501208765,0.007257615140387337,0.11644267156161697,0.02741765719701883,0.01574539400091474,0.02466677835797162,0.02741765719701883,0.041126485795528245,0.010334879119708632,0.02741765719701883,0.11327936239546994,0.11667490205100307,0.07282244725423069,0.0323655321129914,0.08428900852459327,0.03504737062794197,0.04005234598982687,0.02741765719701883,0.01175042451300807
248,0.01733982260415316,0.07377555673204596,0.07377555673204596,0.03121168068747569,0.0390146008593446,0.04616898541483783,0.07377555673204596,0.07377555673204596,0.023009082347791535,0.06172900835315592,0.033910314049872554,0.07377555673204596,0.026455289294209677,0.05555610751784033,0.07387527162915572,0.09469375546844877,0.016340031622894217,0.011147028816955604,0.026895680941588854,0.07377555673204596
249,0.04191530259803044,0.09907017080791362,0.09907017080791362,0.023286279221128022,0.05239412824753805,0.019882638834157598,0.06985883766338409,0.09907017080791362,0.05205587833195453,0.008383060519606087,0.013422708980597095,0.026197064123769025,0.09907017080791362,0.03492941883169204,0.09931486223119329,0.007578608009332415,0.026197064123769025,0.01905241027183201,0.01018088397244793,0.09907017080791362
250,0.11457216544044828,0.01758140646144986,0.03516281292289972,0.04269770140637823,0.018332079386672178,0.14346427672543088,0.01992559398964317,0.02566491114134105,0.023331737401219136,0.012138309765131501,0.009505522644941129,0.1149553499402491,0.12085037006502414,0.07006073546040874,0.0039326830242716795,0.09696877940570886,0.03913341248185298,0.060584576319861014,0.01604056946333816,0.01509700655373003
251,0.07404563376420588,0.16305015668576606,0.010044379759917416,0.013915226730139592,0.05682050914807,0.018892857511340296,0.01908432154384309,0.030993004989856358,0.011226071496378288,0.03226001541825126,0.0761648953140892,0.015903601286535906,0.03196153639578938,0.1467863152991808,0.00582774452800718,0.11364101829614,0.06944728895875223,0.09049018196528648,0.006818461097768399,0.012626779810682224
252,0.02214903071900078,0.0295320409586677,0.04089051825046297,0.0672590158777673,0.037969766946858476,0.011285854766722713,0.04832515793236533,0.10070455022614111,0.25173819253615975,0.023112032054609502,0.05315767372560185,0.11805670675170599,0.04429806143800156,0.02657883686280093,0.004166804058300149,0.015187906778743387,0.026737300756447684,0.013289418431400463,0.021263069490240746,0.04429806143800156
253,0.1301176143954306,0.06955094118399362,0.025825278662653967,0.01235122022996494,0.14758710892074303,0.06133490240862047,0.00777341464265313,0.07228756355301699,0.011836586053716402,0.03513978783827213,0.05270968175740822,0.0236731721074328,0.009163808557715923,0.02185215886839951,0.006044214155089225,0.01854309630543483,0.010145645188899773,0.0992182244845331,0.05014542696920997,0.13470015371681154
254,0.009783441534627818,0.02522632304560254,0.18888428481908928,0.25185159154891534,0.052975278395765345,0.02660093689319008,0.048159343996150315,0.03783948456840381,0.11582408215013346,0.015580964234048629,0.027881725471455444,0.06621909799470668,0.012920799608723253,0.018919742284201905,0.006232385693619451,0.011662667018844167,0.021190111358306132,0.017811239414084037,0.016554774498676667,0.027881725471455444
255,0.0993468574464359,0.0664796274317718,0.12739154067029265,0.1326383583300319,0.011150644099787348,0.0008711029170002322,0.024622084233989556,0.05377028689334485,0.0038568621941301815,0.03883155807930596,0.03165696544370086,0.030218012468987185,0.11315681264982434,0.10116465043965273,0.03425476985988242,0.017284703132260666,0.07581010145728362,0.025955973583480597,0.004569936106470224,0.006969152562367091
256,0.043335166422294444,0.03581717533448874,0.2889778059448227,0.013236782188832797,0.050740998390525725,0.025934043360103957,0.06585476498035751,0.08698456866947268,0.026473564377665595,0.013530932904140192,0.03581717533448874,0.04806100819840064,0.05535381642602805,0.043492284334736335,0.017396913733894532,0.019027874396447146,0.018451272142009353,0.032413550428184605,0.01964167679633254,0.05945862563677365
257,0.0444258257402136,0.10375055959429758,0.02008604916336805,0.008104897030832722,0.024314691092498165,0.002860841650633234,0.06599701867963788,0.2531057607685061,0.011845618737370901,0.06253822398922382,0.006127915836187349,0.025665507264303618,0.03998719484363552,0.016499254669909473,0.004238340649151057,0.005371850357644944,0.03655972099989534,0.21975626513051374,0.010266202905721448,0.03849826089645542
258,0.006719760368326358,0.01816151450899016,0.06872314281561691,0.01562734969378223,0.023171587476987443,0.014350941831063543,0.044930382603811894,0.05820283681283049,0.028391874152542403,0.07997543219866074,0.05712530871332912,0.3204296613225807,0.007813674846891112,0.03427518522799746,0.018707703438283218,0.13227093611461246,0.005733363377973686,0.011877539435444664,0.04346490880361998,0.010046896256655289
259,0.014922041741186375,0.027978828264724455,0.022383062611779563,0.026333014837387717,0.012647795855590265,0.008526880994963645,0.021375594058396643,0.08027858214170142,0.05595765652944892,0.4260161676457681,0.04476612522355913,0.09998401562583421,0.00466472114049659,0.03581290017884729,0.007384266176548738,0.010059803421024523,0.02082145359235308,0.009838708840342667,0.03443548094119933,0.03581290017884729
260,0.0107248484282642,0.05485391726566486,0.01180007129913727,0.05055999973324551,0.0544492304819567,0.336117492893581,0.0544492304819567,0.04423999976658982,0.039324444236968736,0.022119999883294904,0.0643490905695852,0.04423999976658982,0.023594666542181238,0.05055999973324551,0.008327529367828672,0.005014042872900063,0.023594666542181238,0.03303249463494779,0.02440827573329093,0.04423999976658982
261,0.08373983128526767,0.15203254504514035,0.0076608980209724445,0.011487533720761535,0.015321796041944889,0.018195384380402434,0.01650039573747911,0.08101734308326558,0.006128718416777954,0.01675826817022456,0.019734993827974952,0.04664634904794078,0.011654090092235883,0.025655491976367423,0.001967937106304848,0.10186025233009649,0.22018067698314103,0.1358231928160629,0.018307991283411665,0.009326310634227323
262,0.004347208574575572,0.13263671695519227,0.003659609879435467,0.008365519256150289,0.11057126790720676,0.11080340922541124,0.11057126790720676,0.04684690783444161,0.033462077024601154,0.033462077024601154,0.05855863479305201,0.04684690783444161,0.039039089862034686,0.04684690783444161,0.004780296717800165,0.004264895878009358,0.05855863479305201,0.006527985394613533,0.029279317396526006,0.11057126790720676
263,0.005710297812800662,0.0980120706807423,0.11434741579419935,0.020178955728388123,0.06237131770592693,0.009271412091421568,0.04288028092282475,0.028651806361345775,0.0343042247382598,0.01372168989530392,0.014293426974274919,0.04573896631767973,0.024577665753453905,0.02982976064196505,0.008776450469084325,0.0405277790857884,0.32597367665948995,0.014914880320982525,0.020178955728388123,0.04573896631767973
264,0.026347569753492086,0.0387464261080766,0.04116807773983139,0.04704923170266443,0.04704923170266443,0.01606559131310493,0.04116807773983139,0.043912616255820144,0.03466785493880537,0.050291630885665725,0.03659384687985012,0.05988084034884565,0.018355552475025086,0.07421534188275099,0.3123238025856335,0.01176230792566611,0.01463753875194005,0.01431933138776744,0.024395897919900083,0.04704923170266443
265,0.39482394344343297,0.020250161099197646,0.03635466274818805,0.01845014677926897,0.03075024463211494,0.007157384526440549,0.043697716056163335,0.03321026420268414,0.03609811326378711,0.010125080549598823,0.034594025211129316,0.03773893659395925,0.019768014406359606,0.02965202160953941,0.00813977063791278,0.13412905217549656,0.011142586494584637,0.022633217559330156,0.025159291062639498,0.046125366948172423
266,0.036929792371320595,0.03964261658345162,0.10901719560449198,0.011785642768053183,0.14535626080598932,0.0024918216138169586,0.08721375648359357,0.062295540345423984,0.02725429890112299,0.01066543206792853,0.005092228868442275,0.08721375648359357,0.013214205527817208,0.03964261658345162,0.008899362906489138,0.018959512279042075,0.025651104848115752,0.20722879925350565,0.02180343912089839,0.03964261658345162
267,0.06818528558869799,0.292130657105802,0.012003933956909614,0.008888356707073084,0.012003933956909614,0.003905490068259385,0.048015735827638455,0.048015735827638455,0.012003933956909614,0.0035133465239735456,0.01028908624877967,0.028809441496583075,0.004967145085617772,0.00960314716552769,0.0025271439909283393,0.3142010732892438,0.07305391503061627,0.02038271674433508,0.013095200680265033,0.014404720748291536
268,0.004961615844227028,0.02949816942599038,0.007818303754539558,0.009555704588881681,0.06615929509439669,0.0028874312957529328,0.01781211791002988,0.042598964798705126,0.011217566256513281,0.004868000450939726,0.0335590627290418,0.392078190679378,0.005160080477996109,0.014333556883322524,0.005044845234321004,0.12248910846205861,0.1521846835504259,0.044440334583609895,0.005265388242853173,0.028067579737016783
269,0.06646978352608876,0.029538578901260767,0.027795011032414666,0.005360466413394255,0.09174858929930842,0.036676509772590446,0.11036254380517586,0.023091239934621408,0.008829003504414068,0.01005087452511423,0.0358918185940311,0.059595773654794966,0.0017929055253058748,0.012507754964586596,0.02413772798330783,0.05593580299382898,0.14460185007839138,0.01164515117392545,0.14926806894643124,0.09470054537101381
270,0.15481404330778914,0.03398609978881222,0.01092334914779732,0.01813593143937899,0.014838489359491901,0.0165546861315493,0.01813593143937899,0.029676978718983796,0.055834306795905786,0.007419244679745951,0.016285006148805854,0.027203897159068485,0.2309509962921558,0.029676978718983796,0.077139502810133,0.06504336511885031,0.05539286193188078,0.0266996608150993,0.08161169147720544,0.029676978718983796
271,0.020144566769148702,0.1250498165439739,0.08795857466553941,0.177798382566619,0.1250498165439739,0.03461230366078629,0.05359277851884595,0.04689368120399021,0.08938388269544226,0.010139174314376262,0.02679638925942298,0.06252490827198695,0.012504981654397392,0.031262454135993475,0.009619216657228763,0.009378736240798043,0.017864259506281985,0.00940615017360516,0.025009963308794778,0.025009963308794778
272,0.02360534168813503,0.03991562362386279,0.020610816047510486,0.04310887351377182,0.017463085335439974,0.0012071257144313343,0.008981015315369129,0.04191140480505593,0.22238704590437844,0.03694318356676664,0.11029317053962086,0.017106695838798338,0.0015199060017943048,0.15966249449545114,0.06113836717035321,0.03950368861672723,0.03837883693620086,0.08865933841918046,0.008553347919399169,0.019050638547752692
273,0.022727171222568076,0.04545434244513615,0.0340907568338521,0.04195785456474106,0.03896086495297384,0.00956933525160761,0.1526453608396596,0.04195785456474106,0.06818151366770424,0.019880047855885638,0.02727260546708169,0.04545434244513615,0.2587987367412528,0.03208541819656669,0.008021354549141674,0.05214032032763532,0.025452806251802115,0.013985951521580353,0.02727260546708169,0.0340907568338521
274,0.1185057295419384,0.05846282657402293,0.11274543847413537,0.016985310147670428,0.016985310147670428,0.00608116042324003,0.01641913314274808,0.018243481269720085,0.09808961338813721,0.04740229181677535,0.04925739942824424,0.23345443098600707,0.0158894836865304,0.046770261259218335,0.03705390416663426,0.0484750026449666,0.0075920268814440115,0.017716008052734218,0.014073542693784068,0.019797645274378484
275,0.004753258153369228,0.013604152645849861,0.028180030480689004,0.008051437280196855,0.12572428382942977,0.0034010381614624653,0.023504974802893402,0.135185560443687,0.03616149969675908,0.21463853439470626,0.18790512688182104,0.02191780148498033,0.005331357117968188,0.010662714235936377,0.002758884103004517,0.0035542380786454594,0.0023244819636344034,0.037396760014199705,0.07010255642968204,0.06484130980108524
276,0.09242395575121606,0.015798966795079666,0.05687628046228679,0.045268185510877766,0.008643382579897664,0.017235236503723272,0.08215462733441427,0.0854513206546611,0.08987905190574702,0.047827781297832085,0.03062568947969289,0.07079482569928451,0.01961251050423683,0.05305352155467054,0.08008412329090397,0.06088165232582812,0.0715351873656251,0.03033401624655296,0.0142190701155717,0.027300614621897663
277,0.015046473201675473,0.01979799105483615,0.02351011437761793,0.03270972435146842,0.0558309088614539,0.010596107888503854,0.02212716647305217,0.357246490952819,0.057871050775674907,0.011941645398155136,0.025077455336125792,0.02212716647305217,0.011755057188808964,0.03582493619446541,0.011063583236526082,0.006375624237998082,0.0055410124540998355,0.227778872002056,0.024268505163992704,0.02351011437761793
278,0.035305575759033904,0.0570320839184394,0.06178475757830935,0.04942780606264747,0.026479181819275433,0.016475935354215824,0.023169284091866003,0.3521216164429097,0.06178475757830935,0.023010589391860042,0.026479181819275433,0.031041045582516705,0.01215437853999528,0.035305575759033904,0.01215437853999528,0.012916798994183574,0.028852668545591386,0.04146380810461733,0.04942780606264747,0.04361277005527719
279,0.00996764964301513,0.10568073682244329,0.0703733108488697,0.031069557595138717,0.05055022318957673,0.33661457473035017,0.02721935094823362,0.03724753287653022,0.03931684025855968,0.011057861322719912,0.044231445290879634,0.03370014879305115,0.015384850535958138,0.03724753287653022,0.009436041662054324,0.029962704624957284,0.017692578116351856,0.008996687882152419,0.03370014879305115,0.05055022318957673
280,0.01731420441276857,0.019387578641758735,0.021668470246671526,0.012702206696324688,0.2181589756008839,0.02522530391961787,0.03849864275309716,0.036359829266813984,0.010420295699925893,0.05741025673707471,0.02652080489928068,0.05262342774191656,0.007674249879029499,0.02302274963708849,0.1748591737676266,0.0454530011760811,0.08347138064102731,0.05560915064336256,0.03726046837283608,0.036359829266813984
281,0.014463801970863945,0.07431442978828817,0.022728831668500486,0.06629242569979307,0.026516970279917233,0.009972321415321474,0.04866812749807267,0.02946330031101915,0.04679465343514806,0.012325178409593853,0.0795509108397517,0.04186890044197458,0.007657530637331199,0.04186890044197458,0.37828006518297475,0.008220471952276558,0.015009605818821074,0.012830792070927691,0.02339732671757403,0.03977545541987585
282,0.008843420709110797,0.011657236389282417,0.01465481146081218,0.017686841418221598,0.015542981852376556,0.004579628581503805,0.030171670654613306,0.24390148706979484,0.020516736045137055,0.2714446198369161,0.012822960028210659,0.03379836239704381,0.008843420709110797,0.05699093345871402,0.005287818568334292,0.005233861236004348,0.027327445363906043,0.1781737641493586,0.011150400024531004,0.02137160004701776
283,0.0036481169045902745,0.014185254918855084,0.20899280735768383,0.11396662984611287,0.03337707039730608,0.033482800976037466,0.0218234691059309,0.04479554184901605,0.047440765357433794,0.03014366670256705,0.0210151924723779,0.10244906330284226,0.0036354345060885442,0.06707844719987283,0.01105344539131565,0.05355657469363655,0.14443168644652446,0.017170324533434166,0.01363966819120681,0.014114039847167288
284,0.009275698798820012,0.014889937545474229,0.02460076637947917,0.020956208397334104,0.02571898303309185,0.00404928798515774,0.02829088133640104,0.3613521929071463,0.026395024471968693,0.006429745758272963,0.02460076637947917,0.056581762672802086,0.013471848255429067,0.03772117511520138,0.26853566819904856,0.006295152962546723,0.013471848255429067,0.008840900417625324,0.013158549458791179,0.035363601670501295
285,0.0050099627839685,0.00861713598842582,0.006949303216472435,0.02154283997106455,0.005984122214184598,0.002659609872970932,0.010258495224316454,0.09439733063102178,0.02154283997106455,0.6404646423999186,0.11276234314049641,0.006206489808516604,0.003264066662282508,0.01538774283647468,0.00316806470162714,0.003916419598185603,0.005726983085654685,0.014158019743595995,0.009366452161332414,0.00861713598842582
286,0.13230651711565078,0.09716462225423401,0.0102168717748818,0.020192128338871126,0.009791168784261726,0.0020119931393768986,0.05250077830194553,0.07952592084232317,0.2030751192937896,0.01828505024696121,0.0676917064312632,0.052579378192904494,0.0038329004115854348,0.035649550722420736,0.10689867754577193,0.05649638420111456,0.015759709923021368,0.018683800679822924,0.007120850024917619,0.0102168717748818
287,0.040942590355128455,0.020471295177564228,0.038313416273856156,0.04549176706125384,0.009468998748271664,0.05696360397235264,0.048286453424437256,0.019415476425418108,0.048532631264313335,0.072251630038462,0.2547538955430216,0.04396326089364896,0.0032651719821626428,0.061413885532692676,0.02547538955430215,0.05199973258542588,0.06804723744720113,0.02233232201188825,0.009633550671794932,0.05897769103680427
288,0.013543278470315468,0.05248020407247246,0.017068369122700124,0.19731679165984903,0.02998868804141283,0.018571788140771,0.10496040814494492,0.10496040814494492,0.013925348095502268,0.03522422296178553,0.04198416325797796,0.04198416325797796,0.034986802714981634,0.10547992252045509,0.008746700678745407,0.014477297675164813,0.020992081628988978,0.04104024578260176,0.03229551019844459,0.06997360542996327
289,0.029779096243887915,0.036396673186974114,0.032757005868276706,0.04679572266896672,0.06551401173655341,0.004254156606269703,0.15122615728751507,0.04679572266896672,0.2861204216246169,0.01023656433383647,0.032757005868276706,0.05794499598546278,0.018198336593487057,0.019268826981339235,0.0014789345623707703,0.009634413490669621,0.027297504890230587,0.013102802347310684,0.027297504890230587,0.08314414216475828
290,0.06972122148224272,0.014943136989280775,0.019123105149686546,0.057510450668792734,0.059162106556842765,0.011365619098398607,0.08605397317358943,0.16135119970048023,0.009339460618300486,0.0964847578006912,0.06619536397968419,0.02458684947816842,0.00649701608229599,0.014943136989280775,0.023087651339255714,0.0790026638897263,0.07645640597319557,0.053836111653414585,0.018707385472519447,0.05163238390415367
291,0.03493585348122654,0.014386981092608686,0.3260187653782927,0.1630620826795724,0.0164422641058385,0.08449516130369568,0.032381492407920535,0.02158047163891303,0.044851629247607556,0.004426763413110365,0.024609934230019608,0.04825477300003843,0.008545116052090141,0.0400033875322713,0.025318862376563382,0.06310239546158872,0.015775598865397186,0.0058773528024770655,0.01015551606537084,0.015775598865397183
292,0.07950153687180464,0.025377987396910797,0.05813401539646169,0.03488040923787701,0.019378005132153892,0.06411839933433273,0.025377987396910797,0.007529302009509529,0.01602820256646998,0.005537015432053267,0.020302389917528644,0.06228644506763751,0.006791527313264723,0.025377987396910797,0.007421363667633406,0.3607700813207743,0.14137515049928512,0.008230698615214313,0.011279105509738135,0.020302389917528644
293,0.009509276029403086,0.013671308431989914,0.016799720985278786,0.021912679546015806,0.24652929561553297,0.004766787435325031,0.025199581477918176,0.033599441970557566,0.041999302463196955,0.04030910909437905,0.025199581477918176,0.027999534975464632,0.01574973842369886,0.03149947684739772,0.024321546217298297,0.009692146722276222,0.017379021708909086,0.008841958413304622,0.23710291479481524,0.1479175773693198
294,0.00984866455577862,0.03380445039414699,0.047273589867737366,0.017508736988050874,0.21955949506480313,0.007162665131475358,0.03761004192989063,0.045877468392056635,0.021487995394426074,0.052718406788229165,0.02780799403984551,0.029545993667335853,0.013903997019922752,0.029545993667335853,0.008012472858938536,0.03230820914322015,0.015249545118624957,0.021686413091638483,0.04701255241236326,0.2820753144741796
295,0.03138056194247885,0.11561259663018525,0.03661065559955866,0.056485011496461936,0.055880142111983486,0.001408102138444564,0.08172842357719443,0.11260350043777344,0.04155804149139092,0.059221045710727414,0.07907901609504672,0.015149236799817377,0.004094074166961312,0.07322131119911733,0.040902830176579794,0.07505184397909526,0.06825715450765175,0.03303888432155294,0.012921407858667765,0.005796159759310911
296,0.00813262961243498,0.013259734530726902,0.13745513347247204,0.008579828225764466,0.019447610645066123,0.011999707273771656,0.01715965645152893,0.013259734530726902,0.016206342204221767,0.006206684248425357,0.02243955074430706,0.0052499071570317225,0.009723805322533061,0.014585707983799594,0.004487910148861412,0.008605064085962087,0.01121977537215353,0.013871294019523922,0.010418362845571138,0.6476915611251173
297,0.0793752552830438,0.030807236945590573,0.01725374168843435,0.058879450119662384,0.008313063937699042,0.03295248302771922,0.011387538875281721,0.0484113723430709,0.03442730653661477,0.03325225575079617,0.11222636315893708,0.12923035757695786,0.04585593333375925,0.08709723941698945,0.08525723712849483,0.0663476612386169,0.06505876125155773,0.027793941019415933,0.007368407507535233,0.018704393859822848
298,0.04526013475038669,0.04358383346333535,0.03338736755340666,0.021993736625121538,0.030173423166924472,0.015080759973810027,0.2430715096906602,0.01999430602283776,0.024098128763530163,0.014212119607609356,0.017433533385334134,0.10354990702663969,0.0053643260061272055,0.15254341712167366,0.054479791829169164,0.08691483001686451,0.03111998277434228,0.028601890710313816,0.016918258942401183,0.012218742569511963
299,0.07509288650845647,0.0447997334283405,0.011983328457806253,0.011983328457806253,0.013980549867440625,0.008829820968909868,0.07870794515561273,0.029567824062704744,0.0335533196818575,0.010118533041441476,0.0239666569156125,0.26487842389506333,0.04748187517469307,0.09438488421113682,0.007762600514257781,0.11615930881776862,0.07391956015676183,0.03519979055083897,0.015251508946298861,0.0023781211871917772
300,0.012844052405598438,0.0882595585531863,0.046843014655711945,0.028440401755253683,0.037920535673671575,0.01206562498707732,0.01990828122867758,0.03318046871446263,0.028440401755253683,0.032242705934746506,0.03318046871446263,0.036196874961231966,0.3712910069712281,0.059173869886491336,0.008125829072929622,0.006099211573234478,0.07265523150041565,0.016251658145859247,0.028440401755253683,0.028440401755253683
301,0.015274777971972672,0.13269510677289434,0.021337531951806363,0.021772991787557514,0.03556255325301061,0.00814409616481159,0.010312333565212481,0.026671914939757953,0.02883450263757617,0.011596484756416501,0.03048218850258052,0.02883450263757617,0.016413486116774127,0.03048218850258052,0.008744890144182936,0.009698878159911984,0.015461979675222004,0.014417251318788085,0.03441537411581672,0.4988469670255508
302,0.025184270381152687,0.050156804694704585,0.029722550930195303,0.027672719831561148,0.030865725965972046,0.0026128481335918967,0.03647767614160333,0.03343786979646972,0.030839965951694446,0.010844714528584775,0.024818855708621607,0.06173145193194409,0.01783353055811718,0.03647767614160333,0.377965254743685,0.10838419774484861,0.01783353055811718,0.015432862982986023,0.0171236668792541,0.044583826395292965
303,0.02273929157728388,0.040761589344554004,0.02951701297364255,0.040761589344554004,0.0778175796577849,0.01902207502745853,0.03890878982889245,0.01608538889669055,0.03721710331459279,0.014508362309078544,0.025939193219261636,0.028533112541187806,0.019576537121363,0.0244569536067324,0.012969596609630818,0.012056244735713154,0.402671687357771,0.031703458379097556,0.065845644325818,0.03890878982889245
304,0.019636826811544633,0.038555642008278455,0.058910480434633906,0.035346288260780345,0.033663131676933654,0.025902196864789152,0.04712838434770713,0.05437890501658514,0.03720661922187405,0.05896396091268077,0.030735902835461165,0.035346288260780345,0.02356419217385356,0.044182860325975425,0.04700651421964524,0.014727620108658471,0.018603309610937018,0.014727620108658471,0.33422380429193044,0.02718945250829257
305,0.27756756673625504,0.036720303021930426,0.015590422063666783,0.02797737373099461,0.04896040402924057,0.22585660275721295,0.02176017956855136,0.026705674925040307,0.053411349850080614,0.01587904995542937,0.053411349850080614,0.023500993934035472,0.019620824681963692,0.039168323223392455,0.009958048277133673,0.008274997864096996,0.005335371047511372,0.018401270454429092,0.026705674925040307,0.04519421910391437
306,0.01326030999308998,0.1040789233907468,0.02128433116308956,0.0257169648350836,0.021760508706609196,0.009429553772863988,0.004378600859457145,0.05657732263718393,0.0652815261198276,0.021760508706609196,0.05304123997235992,0.023095906661340267,0.014888769115048398,0.07715089450525078,0.014632066199271704,0.011315464527436783,0.019736275338552534,0.0184491269469078,0.022936752420479965,0.40122495412879083
307,0.025368322545163358,0.05854228279653083,0.050736645090326715,0.04476762802087651,0.0362404607788048,0.012684161272581679,0.35677960501271766,0.050736645090326715,0.05436069116820719,0.01087213823364144,0.050736645090326715,0.1116718608073151,0.011215602580923112,0.014131108038716573,0.0032829001028769813,0.014093512525090753,0.022383814010438256,0.019026241908872518,0.025368322545163358,0.027001412381099914
308,0.00839448998025559,0.028069075871479627,0.023637116523351265,0.005811453122454542,0.06909310983748833,0.4261747598368716,0.0332670528847166,0.0528359075227852,0.034546554918744164,0.015223905557412681,0.04491052139436741,0.027218497814768122,0.013609248907384065,0.029940347596244938,0.009022803609617068,0.00998011586541498,0.015223905557412681,0.05621429447062474,0.059401404233300266,0.03742543449530617
309,0.03558604516152937,0.18285071698093996,0.05115493991969848,0.03720359266887161,0.03558604516152937,0.054999619095676175,0.014359281380967995,0.012767243072060471,0.03273916154860702,0.014111707564054752,0.02098664201833783,0.005472645452895609,0.008896511290382342,0.024802395112581078,0.004793632458232431,0.38742309777788847,0.0068878568580370845,0.02212105510041015,0.028223415128109504,0.01903439624919013
310,0.013818623209836277,0.03543313351570498,0.01414209679931883,0.05208557979092135,0.21497958399687003,0.01697908257129393,0.0032969321897236823,0.028213022386749064,0.05208557979092135,0.01651493993370677,0.05208557979092135,0.015128154472405309,0.007782902727379054,0.0846390671602472,0.011674354091068581,0.007203324864701889,0.012311137041490504,0.012311137041490504,0.028213022386749064,0.3211027462385002
311,0.061624548379670206,0.026163556161938755,0.13624042834208222,0.28962036658915025,0.023631599114009198,0.05634840969336736,0.04385933001874085,0.03837691376639824,0.021455992290100614,0.019622667121454062,0.04093537468415813,0.02669698348966835,0.01364512489471938,0.04723312463556707,0.01364512489471938,0.020930844929551006,0.024561224810494883,0.030375586501249358,0.04385933001874085,0.021173469664219725
312,0.29066039222757134,0.036237306814489556,0.021803006580047437,0.026784096341144453,0.03850213849039515,0.009685507238475076,0.06963094393065865,0.03850213849039515,0.05133618465386021,0.01760097759560921,0.05600311053148386,0.026784096341144453,0.006624023826304541,0.03242285346559592,0.011408041034191158,0.19544340208511915,0.013032381368506167,0.003873986352298108,0.03242285346559592,0.021242559167114563
313,0.10005682130718176,0.016388617283072882,0.014749755554765591,0.04302012036806632,0.006530194949611201,0.009218597221728493,0.04470061323866887,0.0983317036984373,0.14749755554765592,0.026313354457275208,0.029499511109531182,0.02681773737230107,0.07895578245701489,0.07210991604552068,0.1089118839071451,0.04617227942875668,0.02462798802423327,0.08387115903690237,0.015435006244535567,0.006791402747595649
314,0.011272555905577061,0.052939266366788106,0.02151597643642739,0.013119497827089875,0.014537821916504995,0.015494419424425789,0.01992220040409944,0.013119497827089875,0.014857569661067846,0.004137687776236037,0.009623339502205435,0.018548255548644303,0.14368729105011846,0.013792292587453459,0.004677386181832043,0.3360961741028894,0.2551990956682834,0.006112493305803238,0.016809356590958904,0.014537821916504995
315,0.19522513475772246,0.05351861452841012,0.015140792788836765,0.10328153680921251,0.019113790903003615,0.013937139200106804,0.0038885300269567995,0.009768253412152752,0.055162938810214654,0.0045354758074923835,0.042475090895563596,0.00841155154935376,0.003791163570738015,0.14300717871104313,0.018172335896068714,0.2705997363796018,0.010650470552917438,0.00841155154935376,0.010814851992026262,0.01009386185922451
316,0.011001313357312414,0.02492134250329955,0.019695899720349647,0.022831964619265063,0.02654664744916691,0.5806576028303088,0.021423610222134706,0.029873874237212966,0.03213541533320206,0.0074460108698882815,0.02544053713878496,0.02442291565323356,0.010711805111067353,0.01769776496611128,0.005572173908491704,0.008087058163322372,0.011203172317997046,0.08224277313964186,0.016281943768822374,0.02180617469038711
317,0.01166660568942605,0.04099399014354531,0.025740412415714498,0.023059119455744237,0.026996042289651787,0.008385134347543356,0.01702827282885728,0.03162393525359209,0.029127308786203246,0.04508646041679331,0.025740412415714498,0.03354053739017344,0.0112286293465235,0.030745492607658978,0.009795024193590471,0.5244143419624483,0.04031864687638619,0.014757836451676309,0.024596394086127186,0.025155403042630076
318,0.3693949869839909,0.029077958792588048,0.0200989564211069,0.03248351749930552,0.031354372016926764,0.007125993640210631,0.018663316676742123,0.023054685306563804,0.025285783884618364,0.006321445971154593,0.015369790204375865,0.03219345437750819,0.009009877016358268,0.021773869456199146,0.005225728669487796,0.2137403761185906,0.04232136293444487,0.06639686790629457,0.009922269625609739,0.021185386497923495
319,0.10056501234864054,0.16476491447483532,0.025275343995267773,0.019780703996296518,0.00683756493869483,0.005111867324885618,0.016850229330178514,0.03499663014729386,0.02166458056737238,0.003956140799259304,0.02049341360209453,0.019780703996296518,0.020666237158584785,0.014676006190800643,0.005229381516262298,0.21450593144972385,0.20799363343112293,0.02783433787747168,0.012637671997633888,0.05637969485728427
320,0.008906309523030828,0.02097890178941895,0.035572920425536475,0.025568036555854348,0.011191272903115411,0.012986939202973637,0.027272572326244634,0.04090885848936695,0.030302858140271817,0.008797603976207947,0.030302858140271817,0.015151429070135912,0.002280924341922878,0.02639281192862384,0.009857556262498061,0.3858805830013491,0.24609357088726624,0.0170453577039029,0.030302858140271817,0.014205777191736442
