site,A,C,D,E,F,G,H,I,K,L,M,N,P,Q,R,S,T,V,W,Y
225,0.3524306743593449,0.3163145151117286,0.013672595355718504,0.01120600972493615,0.011661919568112841,0.03421247153378322,0.015860210612633464,0.03544140225341497,0.02202807029532426,0.004286543408819856,0.017622456236259406,0.025580984859086234,0.007481231421053521,0.012390789541119895,0.003812550628036891,0.004680050120006675,0.009863638673464037,0.07431215682613206,0.008260526360746596,0.018881203110277935
226,0.006148392957503838,0.010385100709733372,0.01901272283781956,0.010185822160315997,0.01165874513639879,0.0026294191158686628,0.031687871396365926,0.016700364654841506,0.556550714872987,0.0038985078374077966,0.0089251533393977,0.09369573913317072,0.012483100853113853,0.016749012894204347,0.13740557140075568,0.005192550354866686,0.0234780698701009,0.004038650276007423,0.005856999926342519,0.023317490272797572
227,0.04716925166013564,0.18622974386028013,0.009081340795551049,0.006276809079277929,0.007621839596266058,0.011822411193290198,0.012194943354025692,0.012092807542926033,0.014227433913029974,0.002540613198755352,0.009081340795551049,0.1423495664142197,0.00790412995168332,0.009484955942019984,0.0020271254789861375,0.18357277182174742,0.29059057081065043,0.03305197145358293,0.0041439127902029044,0.008536460347817984
228,0.007056334822168038,0.0118224557108254,0.10304666032210234,0.014039166156605162,0.011519315820804234,0.0030423475192643233,0.032603707118279306,0.01672136958171627,0.019071495113365797,0.005478698987943477,0.015491493690047077,0.5899143342871137,0.04991703522348501,0.04991703522348501,0.006182385096486676,0.023854722809583857,0.012794667612926802,0.004848057377820485,0.010082830133134964,0.012595887392842012
229,0.024373312363130135,0.11472509893093068,0.0015444211404732383,0.0013327492075149773,0.0010894257007487574,0.00035289192725867005,0.002083742808575004,0.12369178406809456,0.002083742808575004,0.17160486217263676,0.20517106356653889,0.011007044428359473,0.016339490595003368,0.0019740721344394772,0.00042970800962430537,0.007170525206546044,0.23324453777519608,0.0790234262356572,0.0008132742993609813,0.0019448266213366707
230,0.010365630445720916,0.015747784715614464,0.016711934800243924,0.01780184359156418,0.017423080961956428,0.0043327238371002755,0.02823740707627421,0.36949132321795813,0.034120200217164665,0.004933040995252724,0.011785299784890207,0.037222036600543275,0.011533588805802145,0.024084847212116237,0.005776330558657234,0.006551078441695618,0.014838401046627411,0.3304551260166437,0.01299817151130083,0.0255901501628735
231,0.008297457263050737,0.035829929090446355,0.022521669713994854,0.009632174843485585,0.039412921999490994,0.005630417428498715,0.030317632307300762,0.024843080132964993,0.34950172709470295,0.009273628705762588,0.026275281332993998,0.019353502875565632,0.01459737851833,0.028152087142493565,0.29791617238059576,0.008211025416560623,0.019339789801277284,0.011102231549152394,0.015158816153650384,0.024633076249681873
232,0.032686733262212365,0.05499971552488491,0.014198350792223648,0.010992271581076374,0.010992271581076374,0.21410674070402252,0.01175035927632302,0.07619265677366893,0.014198350792223648,0.13071463390530969,0.052744501400388104,0.0212704637046708,0.0041055472170285255,0.009736011971810503,0.0015631211881347135,0.15870774178698327,0.14351740883871375,0.016116375427896373,0.0043687233206842,0.01703802095066838
233,0.1825625663313821,0.23672443216310907,0.027929005856093293,0.003396770982497833,0.03142013158810496,0.0010514421123921417,0.016757403513655976,0.11159866087689427,0.013229529089728402,0.002860390348353113,0.03476791006791276,0.015710065794052475,0.006816296216027502,0.007392972138377635,0.0019792208874396824,0.07985358725502113,0.07754147394646733,0.11886219253209701,0.004409843029909467,0.025136105270483967
234,0.08518088498517673,0.26700385614496014,0.005757841200681455,0.00863676180102218,0.003593599508467964,0.013500931361281731,0.01088983009694101,0.012844414986135552,0.016159102724493113,0.004007457475674293,0.023385541822220152,0.0342625380186016,0.008020001115918995,0.027829565803293703,0.0042451880038922585,0.2390891101768326,0.17507203055746484,0.02385015523590664,0.0056284515107785,0.031042737470256557
235,0.020127333734713027,0.050656814546027794,0.016247528975559887,0.01766035758213031,0.03692620221718157,0.009944896107195638,0.027079214959266483,0.23332812224775948,0.020309411219449857,0.03438523169184916,0.022566012466055402,0.013102845948032167,0.00514162309353161,0.0451320249321108,0.004835574099869014,0.029534786728585213,0.19305589269598586,0.17940955151718183,0.013539607479633243,0.02701696775788149
236,0.05315057078398278,0.14317076848768687,0.008113306020803528,0.006019549628338102,0.013846302561671844,0.0018660603847848118,0.007464241539139246,0.003090635774348066,0.007851057260844129,0.13224907519879742,0.17022807266996562,0.06701610439849173,0.0038082864995608403,0.10471266312264331,0.002120523164528195,0.13949283562629547,0.08842565182147707,0.03501363866169892,0.005183501068846699,0.0071771553260954295
237,0.09570565898324455,0.030772399674132648,0.021623173967633323,0.009828715439833326,0.03243476095144998,0.21602209687794346,0.023167686393892842,0.027965965283354273,0.01753230321699999,0.006237454029124996,0.012502531241660718,0.01052712137926166,0.014102069978891296,0.015085935326255807,0.008523526850155788,0.3090153209823407,0.10769688323524358,0.005592200164043099,0.006178049705038091,0.029486146319499987
238,0.10787263641305579,0.011370520313757515,0.016243600448225023,0.003248720089645006,0.02975796866567057,0.07439492166417642,0.021009123494596625,0.22318476499252926,0.0900093876077564,0.035884323595153624,0.0075803468758383445,0.022741040627515034,0.003124815527043945,0.10813491916625598,0.019518548707915688,0.1487898433283528,0.01670090078175389,0.030112230197404728,0.00505356458389223,0.025267822919461152
239,0.01016607330914781,0.021687623059515337,0.020332146618295625,0.03614603843252556,0.22332808175097638,0.008341393484428973,0.028198166737701324,0.08321504180070796,0.05421905764878834,0.1545422578989641,0.03155432000127828,0.025024180453286922,0.008451976829513149,0.01251209022664346,0.007477148275884139,0.008792279618722431,0.019617652895531565,0.21304975050408395,0.020332146618295625,0.013012573835709201
240,0.01251010856166316,0.013382906833407104,0.014755512662474497,0.031970277435361405,0.007862662678302561,0.006394055487072281,0.009753643963330597,0.15574919695806913,0.11509299876730107,0.27403571791528736,0.15682910244159756,0.02055232120844662,0.05035083120016907,0.022133268993711742,0.003235005833772901,0.0065393749299602864,0.019843620477120877,0.006850773736148872,0.0523149994396823,0.019843620477120877
241,0.015472733234236452,0.06575911624550494,0.057635475193428556,0.11337778663018092,0.057635475193428556,0.0032019708440793643,0.03362069386283332,0.036677120577636356,0.04034483263539999,0.19152080023858117,0.05360550134877873,0.15030655141829702,0.0020993808443647726,0.02718993271698755,0.01115177263770181,0.015517243321307689,0.015517243321307689,0.015228426920011669,0.013448277545133327,0.08068966527079996
242,0.06466965968457768,0.03792356586441284,0.01744818703128909,0.013073253117025549,0.098916396879598,0.09903688339909007,0.11377069759323846,0.06979274812515635,0.052344561093867266,0.023264249375052122,0.098916396879598,0.05309299221017798,0.03489637406257818,0.052344561093867266,0.002702259745919608,0.01820331161491816,0.02617228054693364,0.06252158695529064,0.019034385852315372,0.04187564887509381
243,0.031202211399460233,0.0026326159491620728,0.04160294853261365,0.11802947736429895,0.06240442279892046,0.0029716391809009746,0.005774728164165191,0.0832058970652273,0.11802947736429895,0.03520932709940943,0.11802947736429895,0.0832058970652273,0.009245099673914141,0.031202211399460233,0.11829040304370468,0.01594453865370886,0.031202211399460233,0.019201360861206298,0.022692517381425623,0.049923538239136374
244,0.08939305288487247,0.06378315124758469,0.017403374940778534,0.0067679791436360956,0.0576003913460361,0.0018458124937189352,0.03045590614636243,0.2752707512336047,0.0036916249874378703,0.035532774166015794,0.05754117951212183,0.040607874861816586,0.005296679329802162,0.07553267910898183,0.001821388749969681,0.01993223476487021,0.041949077843341884,0.15243702225964104,0.0028331075484988306,0.020303937430908286
245,0.0391396486103067,0.12193234566288284,0.12227992580234191,0.07389095632980056,0.02867082098173202,0.04944594343872717,0.06450934720889703,0.03686248411936974,0.023457944439598925,0.018354617908860574,0.07144182047602654,0.05249541849583626,0.01517866993150519,0.02867082098173202,0.004031834200556066,0.09005999187280922,0.02814374746025288,0.012495152123284172,0.01358091520187306,0.10535759475360722
246,0.1171175224593353,0.046481324950200145,0.0013482025017056492,0.003007911954016977,0.02880835523359737,0.09238661679080856,0.025351352605565692,0.016292856417591955,0.02172380855678928,0.016431432244348128,0.3661862043026155,0.09218673674751161,0.012219642313193968,0.03457002628031685,0.007383889108417189,0.052243278890016315,0.03412682081518458,0.014854911022718768,0.0033138013052729414,0.013965305500793106
247,0.160224450675519,0.01785196119843028,0.00735080755229482,0.11793786980537486,0.02776971741978043,0.01756552790047563,0.03546369384200248,0.02776971741978043,0.04165457612967064,0.00665191703394016,0.02776971741978043,0.10230293564258493,0.11817266666851867,0.06248186419450597,0.028953275437063806,0.08240982842603362,0.04144019340597831,0.03655825494286489,0.02776971741978043,0.011901307465620185
248,0.018033581883402115,0.07672728687560323,0.07672728687560323,0.032460447390123805,0.04057555923765475,0.047538975934185046,0.07672728687560323,0.07672728687560323,0.026956131335304598,0.044203072966988825,0.032101107721511396,0.07672728687560323,0.05304368756038658,0.04243495004830927,0.0768333603418171,0.0691380053981973,0.01883817106950981,0.011593016925044218,0.025886210933945712,0.07672728687560323
249,0.0419301665469899,0.09910530294035738,0.09910530294035738,0.023294536970549947,0.05241270818373737,0.01844525503556049,0.06988361091164987,0.09910530294035738,0.05199314508683052,0.00838603330939798,0.017857253225098766,0.026206354091868684,0.09910530294035738,0.03494180545582492,0.09935353336969949,0.0077153549912789,0.026206354091868684,0.01905916661226813,0.006788207415589495,0.09910530294035738
250,0.11065742608668579,0.015231881412671146,0.03417361687971178,0.023712305590004094,0.018495856001100677,0.12946918852142233,0.04426297043467431,0.03319722782600573,0.023540180365037223,0.003927334282471171,0.009590443852422572,0.10852939866194183,0.1219285222289119,0.08052297358823735,0.004368056292895492,0.10733482180505767,0.052537866139133305,0.04710417461798111,0.016183874000963095,0.015231881412671146
251,0.07633337193205204,0.1375739849215653,0.009081128154608039,0.018450155412221586,0.06215396104492147,0.017333212808836172,0.017254143493755272,0.02054676398179222,0.01994244739409245,0.035204486640199456,0.07275929183480734,0.014378452911462728,0.04061196318276119,0.15538490261230364,0.007244051403837001,0.11300720189985723,0.08161631248323023,0.08178738000705459,0.006780432113991434,0.012556355766650802
252,0.023122576295545157,0.030830101727393543,0.04268783316100644,0.0776300777064591,0.03963870222093456,0.009567962605053167,0.05044925737209852,0.08454674737420369,0.2627679761240356,0.02412790569969929,0.05549418310930837,0.034942733205390264,0.04624515259109031,0.02774709155465419,0.05366817415291376,0.015855480888373817,0.03836167259969949,0.013873545777327093,0.022197673243723348,0.04624515259109031
253,0.10796564342330336,0.03780912374566342,0.026929211538234625,0.012879188126981779,0.16956142717121364,0.0563736692932866,0.05215090138462775,0.06920874578416883,0.012342555288357537,0.026241649443164004,0.04844612204891818,0.02468511057671507,0.009555526674857446,0.022786255916967757,0.006302581423842145,0.019294989163503824,0.01057933310430646,0.09404247221260587,0.052374185998830466,0.14047130768045116
254,0.008397784891268733,0.026030498829726054,0.2110929586157595,0.25992138372617724,0.05466404754242472,0.010531884727025053,0.04969458867493156,0.03904574824458908,0.09417353245763978,0.01607766104188962,0.02877055133811827,0.0683300594280309,0.01333269452254261,0.01952287412229454,0.006431064416755848,0.010122971767115685,0.02862825838615187,0.009378371072432744,0.01708251485700772,0.02877055133811827
255,0.11130212087567655,0.04754357261267931,0.11772989228184212,0.14122185506946758,0.011872903326922602,0.0033712574237638074,0.014407143215963427,0.04576386668600147,0.0041066822298671994,0.04635195375790102,0.02778520477364375,0.04420373486716052,0.11380110465800897,0.09936230837531296,0.037859992764087094,0.01711568614056455,0.07506879886212521,0.028845413513241526,0.004865943986443689,0.007420564579326625
256,0.014796779225831431,0.03664453617744295,0.29566296706460493,0.018079130132663088,0.05191309291804418,0.03425457085568269,0.05663246500150273,0.08899387357379003,0.027085091957240442,0.01384349144481178,0.03664453617744295,0.015860383318410817,0.05663246500150273,0.044496936786895,0.017798774714758003,0.019467409844266564,0.018877488333834243,0.017798774714758003,0.02009539080698484,0.11442184194953248
257,0.06568524509737571,0.10093993876735625,0.017736833225446325,0.009885856997926842,0.02147090337817187,0.003063110383766245,0.05827816631218079,0.297550973344432,0.01046018369705809,0.05240570085879835,0.00541120955753955,0.02266373134362586,0.04168278721419845,0.0145695415780452,0.003742634533809775,0.007754937156129947,0.029641093130096687,0.19399606387115295,0.009065492537450344,0.03399559701543879
258,0.007264873204619374,0.01963479244491723,0.08052160806416102,0.0168950539642311,0.0250512869124806,0.025287189273945535,0.029494269694777513,0.049919400206491826,0.032184876448922366,0.07992872188263549,0.0411061998253554,0.3464497434609665,0.00844752698211555,0.02740413321690359,0.02103387417964092,0.11457033518542527,0.017958524859051365,0.009496481807837878,0.0364891991203336,0.010861909265187777
259,0.01473454440499246,0.027627270759360868,0.02210181660748869,0.02600213718528081,0.031221345389899353,0.008419739659995694,0.02110700702352395,0.10933290833151389,0.055254541518721736,0.42067407381285216,0.04420363321497739,0.06341771649273219,0.004606108331130396,0.035362906571981906,0.006360234994960775,0.00993340072246683,0.020559829402315065,0.009715084223071956,0.03400279478075185,0.035362906571981906
260,0.011020707003882928,0.02487594980323671,0.016017344908821143,0.051954761589733806,0.055951281712021024,0.34540287896025496,0.055951281712021024,0.04546041639101707,0.040409259014237406,0.022730208195508535,0.06612424202329759,0.04546041639101707,0.024245555408542438,0.051954761589733806,0.008557254850073805,0.005152361618604477,0.024245555408542438,0.03394373798511705,0.025081609043319766,0.04546041639101707
261,0.08475317951167523,0.1413826524142324,0.007692936220128851,0.010550944210017343,0.015385872440257702,0.02005427693818899,0.016569401089508294,0.06325013397478817,0.00615434897610308,0.019806165007843737,0.024470074456309457,0.0257059368025877,0.014406074887436905,0.03958714267598507,0.0019761671024184206,0.10227450209146202,0.23730347986337394,0.13930349576108192,0.020007901917313733,0.009365313659287295
262,0.004348831186267112,0.13266089011786553,0.0033147742267896243,0.008368641717177399,0.1106125390422298,0.11084304890502754,0.1106125390422298,0.046864393616193434,0.033474566868709595,0.033474566868709595,0.05858049202024177,0.046864393616193434,0.03905366134682786,0.046864393616193434,0.0047820809812442275,0.004266487766182226,0.05858049202024177,0.0065304219893252404,0.02929024601012089,0.1106125390422298
263,0.021870026409701808,0.09681225484706435,0.11294763065490843,0.019931934821454427,0.06160779853904096,0.009157915999046628,0.04235536149559065,0.009359713572758355,0.033884289196472524,0.013553715678589009,0.014118453831863553,0.04517905226196336,0.013032418921720202,0.029464599301280456,0.011931931029587492,0.0629702945653048,0.3219793221395951,0.014732299650640228,0.019931934821454427,0.04517905226196336
264,0.02692059782633553,0.03958911445049342,0.04206343410364927,0.0480724961184563,0.0480724961184563,0.01641499867459484,0.04206343410364927,0.04486766304389255,0.03542183924517833,0.05510118159986999,0.0373897192032438,0.0611831768780353,0.018754763747986847,0.05035958460045783,0.3191217532992775,0.012018124029614078,0.01495588768129752,0.014630759688225836,0.0249264794688292,0.0480724961184563
265,0.4038416105268462,0.02071196854869075,0.020828261527912183,0.018870904677696018,0.03145150779616002,0.007320609573244145,0.04469424792085898,0.033967628419852826,0.03692133523897047,0.010355984274345375,0.03538294627068003,0.03859957774983276,0.020218826440388585,0.03032823966058288,0.008325399122512947,0.14852339001943815,0.011396694569311227,0.005350554135214516,0.02573305183322184,0.047177261694240046
266,0.014774007131960667,0.04043704691949564,0.11120187902861306,0.012021824759850053,0.14826917203815074,0.005361475992549298,0.08896150322289041,0.06354393087349317,0.02780046975715325,0.01087916525488764,0.005194276145837642,0.08896150322289041,0.01347901563983188,0.04043704691949564,0.00907770441049902,0.01933945722236748,0.02616514800673247,0.21141795072808328,0.0222403758057226,0.04043704691949564
267,0.07204474609469101,0.2528456304235765,0.01268158834497605,0.010390382656306874,0.01268158834497605,0.003780586579299887,0.0507263533799042,0.06653832379567802,0.01268158834497605,0.003711684393651527,0.010869932867122328,0.030435812027942523,0.005247553797921124,0.01014527067598084,0.002669808072626537,0.3256525741266466,0.07176993733622562,0.01607427271082589,0.013834460012701144,0.01521790601397126
268,0.005038210044124791,0.02297604285673887,0.00793899764528755,0.009703219344240337,0.061364591647988895,0.005754598491073942,0.013216988970336067,0.039922659447807256,0.01139073575193431,0.004943149477254512,0.022411416080135072,0.3812816496444452,0.005239738445889783,0.014554829016360508,0.00517977191505935,0.12437864446811077,0.1851627149679924,0.04686023362210061,0.005346671883561004,0.027335136279558688
269,0.06498470661812647,0.029283457057192003,0.03777553116815192,0.008013809112100796,0.089777859317222,0.037020646882178335,0.09599429096848018,0.018829649382278796,0.011999286371060021,0.011292185567051125,0.028380920808072387,0.07319564686346612,0.001777410960338446,0.017308061553407784,0.02172828888426854,0.05852489306232646,0.14179644504338,0.011957909521504639,0.15187291708954423,0.08848608376984982
270,0.1592235469675675,0.03837510884809468,0.011233162882684394,0.01865031220107266,0.015259346346332177,0.013835247855289173,0.024517430652949375,0.03051869269266435,0.06304482167901267,0.007629673173166088,0.013987734150804496,0.02797546830160899,0.23235837686999747,0.03051869269266435,0.06532604877924011,0.06899811243428161,0.0411407313311908,0.022962394543887807,0.08392640490482696,0.03051869269266435
271,0.00853335176823948,0.1390464763620754,0.06190681738549134,0.19771655890228196,0.1390464763620754,0.03502199640439114,0.05959134701231802,0.05214242863577827,0.04066962065792779,0.011274038623952059,0.029795673506159012,0.0695232381810377,0.013904647636207542,0.03476161909051885,0.010695882797082723,0.010428485727155656,0.01986378233743934,0.010458968065038302,0.02780929527241508,0.02780929527241508
272,0.02298290294640169,0.046659444404956556,0.014467330235088081,0.03967385901404306,0.011998142846988828,0.0010320983094183939,0.012798019036788082,0.04319331424915979,0.21253853043237356,0.04050436876004739,0.0968271177125414,0.01828288433826869,0.0019575326373959105,0.17383975858303816,0.0648913641301931,0.04764815908733156,0.03820229737876818,0.08574338154754976,0.006399009518394042,0.02036048483125377
273,0.038225100845787306,0.04653266205433533,0.034899496540751494,0.042953226511694156,0.039885138903716,0.00979634990617586,0.1622485514076336,0.042953226511694156,0.069798993081503,0.0106402654224603,0.027919597232601203,0.04653266205433533,0.26496875243530105,0.03284658497953083,0.008211646244882707,0.006245918876107251,0.03820499104757284,0.014317742170564718,0.027919597232601203,0.034899496540751494
274,0.10485786908644346,0.06265420500693081,0.1281895967956502,0.017831036926644353,0.017831036926644353,0.006383951492255386,0.017236669029089543,0.019151854476766154,0.06603815252870952,0.045590377863671074,0.051710007087268625,0.24508583514381183,0.016680647447506008,0.04723163146676323,0.03801338548632856,0.045575104063073746,0.016490179051922592,0.01789076949498607,0.014774287739219606,0.020783402886314983
275,0.004909181793115913,0.01405041685615934,0.02910443491633006,0.008315552833237157,0.1397471510058778,0.003512604214039835,0.02037310444143104,0.11653469354672287,0.01580547120651337,0.23891976241874882,0.1940747632300802,0.022636782712701153,0.005506244443630009,0.014436342326132726,0.002849385236563781,0.0036708296290866734,0.002400733174193731,0.028404617552095154,0.07028219290354089,0.06446573555979959
276,0.10266386673945557,0.015209461739178604,0.06360320363656505,0.04818007850526835,0.01935749675895458,0.01659214007910393,0.0659076675364406,0.06553192028825347,0.08795904923290838,0.04908508106734911,0.03743867505028579,0.09246354241820544,0.017831782728692156,0.04371721987890853,0.07336269474716832,0.05826723370502223,0.07504538473730063,0.034474779942138156,0.011407096304383952,0.021901624904417185
277,0.01574245773307394,0.02071376017509729,0.02459759020792803,0.034222734202334654,0.032141789611037724,0.011086237840192914,0.023150673136873443,0.37374484717757256,0.06054791435797669,0.012494014073868204,0.02623742955512324,0.023150673136873443,0.012298795103964014,0.03748204222160462,0.011575336568436718,0.006670532937743195,0.005797315635891985,0.21835720525668253,0.025391060859796682,0.02459759020792803
278,0.03695020088652041,0.05968878604745605,0.06466285155141073,0.05173028124112857,0.027712650664890308,0.01724342708037619,0.024248569331779022,0.3685725868043758,0.06466285155141073,0.014940252580123384,0.027712650664890308,0.03248701785321103,0.012720560960933259,0.03695020088652041,0.012720560960933259,0.013788798594719799,0.007225520277132402,0.02860758502006399,0.05173028124112857,0.045644365800995804
279,0.03609839315617358,0.128481269583817,0.046605355724835575,0.046889914392280165,0.04609796266007818,0.30692357802303016,0.02482197989388825,0.03396691985479445,0.03585397095783858,0.010083929331892104,0.0403357173275684,0.030731975106718785,0.014029814722632492,0.03396691985479445,0.008604953029881261,0.05533882591652113,0.016134286931027364,0.008204295765431073,0.030731975106718785,0.04609796266007818
280,0.015084541734833942,0.019145565357986324,0.021397984811867065,0.012543646269025523,0.15273098506519364,0.02806037973481818,0.041926152762994336,0.03031381181681168,0.04321612338465047,0.050017164699712534,0.06354607771411647,0.05196653454310573,0.00757845295420292,0.022735358862608752,0.17266419252710022,0.03946510762198638,0.075752321073973,0.04658461418110482,0.039276114794009505,0.06599487008989847
281,0.015671803978791997,0.04184013898860939,0.02462712053810171,0.07182910156946332,0.028731640627785323,0.010805199542226078,0.007485684547292378,0.0319240451419837,0.05070289522550352,0.013711742611916456,0.08619492188335598,0.04536574835966105,0.008297079796279905,0.04536574835966105,0.4099255833149348,0.00890703739644332,0.016263192808180373,0.013902406755379995,0.02535144761275176,0.04309746094167799
282,0.009082714528355268,0.011972669151013762,0.015051355504131586,0.01816542905671054,0.015963558868018347,0.00470354859504112,0.03098808486144738,0.25052492244543767,0.021071897705784225,0.2840196069397717,0.01316993606611514,0.028683060199897074,0.009082714528355268,0.058533049182733936,0.005430901470562944,0.005375484108618423,0.02904413529889686,0.15573491972722248,0.011452118318360988,0.02194989344352523
283,0.008173950739927561,0.016287823370872537,0.20865642276480276,0.11878368672811211,0.03832429028440597,0.04149717197000035,0.0192383056725995,0.03857642377311918,0.02455634901702686,0.03461162466310415,0.030162635871986178,0.09501230299675645,0.0037893632385423257,0.053635711780517854,0.009518857814146289,0.0681429345107933,0.13622543182911576,0.015036877658487578,0.025058189801342366,0.014711645514340793
284,0.009631022717163266,0.015460325940709452,0.025543147206389533,0.02175897724988738,0.026704199352134507,0.0017635399713903318,0.02937461928734796,0.30821037145398306,0.05850269170508402,0.006676049838033628,0.025543147206389533,0.058749238574695925,0.013987913946356172,0.039166159049797276,0.2788439250956988,0.006536301200079704,0.013987913946356172,0.009179568527296239,0.013662613622022307,0.03671827410918494
285,0.0050821245160889384,0.008741254167672973,0.007049398522316914,0.021853135419182435,0.006070315394217343,0.002697917952985486,0.010406254961515446,0.09576010597591393,0.021853135419182435,0.6456555094009974,0.10621096841781587,0.006295885892735743,0.0033110811241185505,0.015609382442273173,0.003213696385173888,0.0024168377300404858,0.00804858054893816,0.011481798335426341,0.009501363225731493,0.008741254167672973
286,0.13997249821034402,0.09999608374151253,0.010027005256699858,0.023498290033858633,0.009609213371004033,0.001974603012496906,0.052917426934013516,0.0946504549615564,0.19042770105360757,0.011309636637252058,0.07161383629366438,0.038045089026630105,0.0025458430628518395,0.0471439047701239,0.10490791350704452,0.050766559224611915,0.013338275495937496,0.018942761735947375,0.008285898414142985,0.010027005256699858
287,0.04600223789654089,0.022531708357489418,0.03744505469862979,0.050070463016643155,0.009545927461784032,0.05616599764475623,0.042224234929932374,0.015909879102973385,0.05340319232031453,0.07687288733731686,0.23032412987655856,0.044319765420665284,0.003291699124753115,0.048818701441227075,0.026704246942209676,0.05127974535677087,0.06464894575326086,0.02184892931635338,0.010603156874112668,0.08798909712770775
288,0.014417176835216466,0.055866560236463816,0.01816972873075571,0.21005840014249116,0.03192374870655075,0.008195505904646253,0.11173312047292766,0.11173312047292766,0.022454154648287043,0.055024439147749064,0.04469324818917106,0.04469324818917106,0.037244373490975875,0.05064081218297206,0.009311093372743967,0.015411464892817603,0.022346624094585526,0.02721501162361783,0.034379421683977736,0.07448874698195175
289,0.02919976186195567,0.03568859783127915,0.03211973804815124,0.045885340068787486,0.06423947609630248,0.004171394551707954,0.14825244665155413,0.045885340068787486,0.3102908086982781,0.010037418140047263,0.03211973804815124,0.0568177109879473,0.017844298915639576,0.01889396355773602,0.0014501627811994342,0.009446981778868014,0.026766448373459366,0.012847895219260497,0.026766448373459366,0.0712760299474282
290,0.0636351506021172,0.013641591865149055,0.014353198508742537,0.08990957853966344,0.0430595955262276,0.013811568376337159,0.07894259179808392,0.166855932664132,0.00852599491571816,0.10177722578926526,0.05299642526304935,0.027681168552574898,0.0059311268978908946,0.013641591865149055,0.016803744595601015,0.06771262249540463,0.07930533282937452,0.051926486474054796,0.020593719599500165,0.06889535284196416
291,0.027087658821329217,0.014146160600257867,0.2890712680168271,0.16029145480839294,0.016167040686008993,0.12694454341694583,0.05245595390639304,0.0212192409003868,0.014322368008342069,0.004352664800079344,0.013580314176247554,0.05211310453445583,0.016149633957292304,0.053651232202373896,0.024608966030159704,0.06303681298494752,0.017036976482418257,0.010721086137310114,0.00998552512959379,0.013057994400238034
292,0.0771853809644892,0.024960326365866117,0.062188213102176114,0.02332057991331604,0.01664021757724408,0.06858994092151774,0.024960326365866117,0.03857209552674325,0.024746000884175758,0.006784168702055575,0.0199682610926929,0.05330418265900807,0.006679755002259022,0.024960326365866117,0.009923651026942995,0.33901904824656115,0.13904054482217354,0.008095240983524146,0.011093478384829386,0.0199682610926929
293,0.008808948922189115,0.012664461238113007,0.015562476429200773,0.02029888229895753,0.28737467479908957,0.004820255540968596,0.02334371464380116,0.031124952858401538,0.03890619107300193,0.04674334344069939,0.02334371464380116,0.025937460715334617,0.014589821652375722,0.029179643304751444,0.006955038671392033,0.008978351786077369,0.016099113547449074,0.008190777068000405,0.2196468337808074,0.15743134358558822
294,0.010040587775503793,0.02536569543285169,0.048194821322418195,0.01784993382311785,0.2238649144842214,0.007302245654911847,0.041328061139056724,0.05639386086812187,0.021906736964735548,0.05684774775714485,0.02834989489554012,0.030121763326511373,0.014174947447770057,0.030121763326511373,0.008168613783460713,0.002855910012235328,0.015546716555618775,0.01665880460064052,0.025830038211910444,0.31907694261771735
295,0.0376121709315811,0.13430742818483615,0.03262936196201267,0.05555028322202746,0.04885031680911744,0.0012411966268679542,0.06780171734654843,0.13213597522382342,0.03722119202376841,0.05995448092802018,0.09235234585662067,0.016760861316991043,0.0046517005481366246,0.05786487835627862,0.036277815859137315,0.05974548690285766,0.07414550514804515,0.03311645048130813,0.011913357308645596,0.005867474963375783
296,0.008934224239783125,0.0145666835086616,0.15098149437122033,0.009425501093839857,0.021364469146037013,0.04194109639860484,0.018851002187679714,0.0145666835086616,0.01780372428836418,0.006818447599799046,0.024651310553119626,0.005767365540322486,0.010682234573018506,0.01602335185952776,0.004930262110623925,0.010337930324901419,0.012325655276559813,0.008244670611963668,0.011445251328234115,0.5903386414790773
297,0.10400698366198055,0.03625886199265627,0.022744386271043544,0.059342416035029065,0.009131861538891207,0.03437940503461497,0.011478710240797033,0.033841604526479184,0.04791745084852038,0.047485680002234285,0.11300678654377873,0.09712980000457011,0.041093376925010444,0.08573189395897475,0.08031414286506992,0.05660031161369364,0.06432006823045112,0.03066661857673867,0.0074274007440451395,0.017122240385421015
298,0.04928705562560765,0.04218809699640492,0.004092959083487181,0.0219290690031761,0.03833437659769484,0.015909910138305894,0.2638718198641513,0.019935517275614635,0.02127015385766892,0.026310239838790564,0.014619379335450735,0.10326576233803737,0.005348553415408806,0.13051942508262765,0.06970923839640342,0.08258629671859903,0.0283993717886959,0.03337144391317185,0.01686851461782777,0.01218281611287561
299,0.06947373344752714,0.03713686842467815,0.012948017165347879,0.012948017165347879,0.01510602002623919,0.009540644227098435,0.08505479444531262,0.01812722403148703,0.03625444806297405,0.009804600438342775,0.02589603433069575,0.2996721972267208,0.05033886080831208,0.09677722212449139,0.006477582131689325,0.11254744818499396,0.06200530710191796,0.020842120034258154,0.016479294574079113,0.00256956604848613
300,0.01287742573053147,0.06788630062791115,0.04696472913487948,0.02851429983189111,0.038019066442521475,0.012096975686256834,0.019960009882323777,0.0332666831372063,0.02851429983189111,0.03677054494839353,0.0332666831372063,0.03629092705877051,0.37224127908748855,0.0686529498780248,0.008146942809111744,0.020514429963950587,0.06269396752963556,0.01629388561822349,0.02851429983189111,0.02851429983189111
301,0.016401495992301528,0.04692096881735579,0.022911458708945214,0.02337903949892369,0.03818576451490869,0.0087448315682997,0.03280409775819428,0.028639323386181515,0.030961430687763806,0.012451879733122399,0.032730655298493165,0.030961430687763806,0.017624199006880933,0.032730655298493165,0.009389942093830006,0.010414299413156915,0.016602506310829865,0.015480715343881903,0.03695396565958906,0.5357113402210846
302,0.02396089212199601,0.04772033369579926,0.028278716264177335,0.026328459970096144,0.029366359197414926,0.035717657578519794,0.03470569723330855,0.03181355579719951,0.039845385204124874,0.01031790998828092,0.04905610436664569,0.05873271839482985,0.016967229758506404,0.03470569723330855,0.35953506081412007,0.08104278570698265,0.016967229758506404,0.014683179598707463,0.017836952921209775,0.042418074396266006
303,0.06915175935312905,0.03882974012389257,0.0281180876759222,0.03882974012389257,0.0741295038728858,0.018120545391149864,0.0370647519364429,0.015323040163390743,0.03545324098268452,0.013820754959351596,0.024709834624295268,0.0271808180867248,0.018648729383998426,0.02329784407433554,0.012354917312147634,0.011484852712700618,0.38349121348584464,0.030200908985249773,0.06272496481551876,0.0370647519364429
304,0.02083563520693983,0.02714847541110754,0.06250690562081951,0.03750414337249171,0.03571823178332543,0.025127764993190877,0.05000552449665562,0.057698682111525706,0.03947804565525443,0.028534828324454618,0.03261229858477539,0.03750414337249171,0.025002762248327804,0.04688017921561463,0.03894577106999167,0.015626726405204874,0.01973902282762721,0.015626726405204874,0.35465479183923376,0.028849341055762853
305,0.2803808813499496,0.03709231882433852,0.01326221698235022,0.028260814342353162,0.04945642509911804,0.21830931238818918,0.02198063337738579,0.0269762318722462,0.0539524637444924,0.016039921653768007,0.0539524637444924,0.023739084047576655,0.014298756165985164,0.039565140079294424,0.010058933918464682,0.00835883241111854,0.02634622776558686,0.005341025654165653,0.0269762318722462,0.045652084706878183
306,0.013423727081300102,0.056760693809285785,0.021546634489707454,0.02603389494555171,0.022028680338543754,0.009545761480035629,0.040730170634562905,0.05727456888021377,0.06608604101563126,0.022028680338543754,0.05369490832520041,0.023380535438354964,0.015072254968477304,0.07810168483665512,0.01481238850350356,0.011454913776042751,0.019979500772167594,0.01867648985224362,0.023219419816302874,0.4061490506976758
307,0.023848024558756464,0.05503390282789953,0.04769604911751293,0.042084749221334934,0.03406860651250923,0.011924012279378232,0.33536256197434794,0.04769604911751293,0.05110290976876384,0.01022058195375277,0.04769604911751293,0.17559348377090145,0.01054346282908255,0.01328424498505144,0.0030861592104867424,0.013248902532642479,0.021042374610667467,0.017886018419067347,0.023848024558756464,0.014733832634062487
308,0.008444884622835415,0.028237582957605912,0.02377901722745761,0.012009013878174808,0.06950789651102995,0.42869953754728896,0.03346676498679219,0.053153097331964085,0.03475394825551497,0.015315299231243886,0.04518013273216946,0.027381898625557247,0.013690949312778627,0.030120088488112973,0.006276844530587832,0.010040029496037661,0.015315299231243886,0.0502910286690881,0.05668657575437528,0.037650110610141216
309,0.042544765245255925,0.0468835649034442,0.061158100040055396,0.04447861821094937,0.042544765245255925,0.029840229699909005,0.017167185976155904,0.014900473648440986,0.03914118402563545,0.01687120001104976,0.025090502580535544,0.006542801117885014,0.010636191311313981,0.02965241214063291,0.015236413898338264,0.4631941985766379,0.011171745042652169,0.026446745963267192,0.03374240002209952,0.022756502340485724
310,0.013525343967285441,0.061599178754417935,0.01384195232223138,0.05098014264592205,0.18747150932777737,0.016618727389731948,0.020520831989902885,0.02761424393320778,0.05098014264592205,0.016164435473097236,0.05098014264592205,0.01480708242220997,0.0076177224643331825,0.08284273179962333,0.011426583696499773,0.007050445259542411,0.012049851898127033,0.012049851898127033,0.02761424393320778,0.3142448355329112
311,0.042007878452380756,0.022796522268332464,0.12051328875254295,0.3010809270379431,0.020590407210106743,0.05754648924296774,0.04559304453666491,0.06500983438387885,0.025144095063306195,0.01857423839539396,0.04255350823422059,0.027752287978839524,0.014184502744740202,0.04910020180871607,0.014184502744740202,0.02080314700284124,0.025532104940532357,0.01942953937162492,0.04559304453666491,0.022010435293562378
312,0.2915036862505289,0.03634179570712529,0.02272852951676319,0.02686132726178826,0.038613157938820614,0.005419390587904648,0.10397401783389901,0.038613157938820614,0.05148421058509417,0.017651729343460855,0.056164593365557264,0.02686132726178826,0.0066431239464637614,0.03251634352742789,0.011440935685576479,0.16106665979750942,0.014410701803205249,0.0038851568442474635,0.03251634352742789,0.021303811276590687
313,0.1043360278815824,0.024058064681432838,0.020208774332403586,0.028869677617719407,0.007016161457229214,0.021652258213289557,0.062268489914690174,0.09327126614955503,0.10970477494733376,0.024926083496278874,0.023095742094175527,0.03411870991185021,0.08483555231659647,0.053890064886409565,0.12564910464134663,0.047651352639972056,0.030751265017823593,0.07981616753134191,0.01658365435345087,0.007296807915518383
314,0.049946837891370346,0.06353623750315496,0.019565429235388003,0.011930139777675612,0.013219884618505406,0.011622482470089322,0.018116138180914815,0.011930139777675612,0.014859702124897262,0.003762582545266924,0.021643757561308503,0.016866749340851726,0.11933804314643467,0.012541941817556412,0.004253354181606088,0.34082252274464425,0.23198032029577248,0.00555836057823523,0.015285491590146876,0.013219884618505406
315,0.18209420960585918,0.06095364068911918,0.01568830333178278,0.133670264669121,0.01451277159264743,0.019048012715349744,0.00402914427457339,0.010121486020505019,0.04536951424458627,0.00605984623096628,0.03386313371617732,0.008715724073212656,0.00392825692205462,0.1481913013420558,0.020481690050055956,0.2568271377350528,0.006065038874539225,0.008715724073212656,0.011205930951273415,0.010458868887855185
316,0.01107371398679668,0.025085352092539415,0.01982552020216825,0.014182535038370326,0.026721353315965896,0.5844746809738836,0.02156460092165669,0.030070476881793606,0.03234690138248504,0.0074950137349660455,0.025607963594467317,0.024583645050688628,0.010782300460828346,0.017814235543977267,0.005608844884534983,0.008140279818108819,0.011276901399398454,0.08500690093593968,0.016389096700459085,0.02194968308097199
317,0.014674124264467962,0.03804827640943839,0.0238907782105776,0.021402155480309097,0.025056182025727725,0.00778260199283967,0.0158046686623821,0.029351527515852474,0.027034301659337807,0.06390149435117118,0.0238907782105776,0.031130407971358687,0.03043071454945043,0.028536207307078797,0.009091181088980856,0.48665822252734225,0.06344222644152758,0.01369737950739782,0.02282896584566304,0.02334780597851902
318,0.38706009117608,0.05871041765675769,0.02105668477559347,0.04831799644661009,0.03284842824992581,0.0074655518749831415,0.01955263586305108,0.024153256066121925,0.026490667943488564,0.006622666985872143,0.01610217071074795,0.02932895379457662,0.009439203520093626,0.02281140850689293,0.005474738041654304,0.18845986208568835,0.03759939256768851,0.025915917550532065,0.010395072230989184,0.022194883952652584
319,0.08286074388881035,0.19274506948796297,0.024969134997736203,0.019541062172141375,0.006754728325043725,0.005049937415272492,0.0166460899984908,0.034572648458403986,0.021402115712345317,0.003908212434428276,0.017286324229201986,0.019541062172141375,0.021208450996174345,0.014498207418040376,0.005166027930566111,0.21190666063091396,0.19909781762000867,0.02584962846055931,0.012484567498868103,0.06451151015289036
320,0.009065353426653149,0.021353531306355283,0.03620816178034156,0.0260246162796205,0.011391120407226011,0.013218852713458034,0.027759590698261862,0.04163938604739279,0.030843989664735404,0.008954706676858666,0.030843989664735404,0.015421994832367706,0.005240977531611301,0.026864120030576002,0.01003358699937176,0.39275757235055325,0.22972525970810972,0.017349744186413666,0.030843989664735404,0.014459456030622545
