site,A,C,D,E,F,G,H,I,K,L,M,N,P,Q,R,S,T,V,W,Y
225,0.3102979376265307,0.2660156130034735,0.0044472108195110676,0.011311121530930408,0.003678823632431753,0.02545461304745438,0.004852741795727437,0.10592204386131948,0.0072328886813274,0.007490635525736744,0.04625372443111006,0.007675587781698449,0.03785198586136881,0.004192021483129031,0.0013748789471905842,0.009480412192474568,0.019149059433508774,0.11831508848292058,0.0029134087868931146,0.006090203075263111
226,0.005485072622354043,0.009110221765708115,0.007457187386471761,0.02834453978839723,0.00515066419165415,0.002528995743337657,0.010351915159515291,0.007129799084353604,0.6576368447743617,0.012792837640862337,0.013958723698686705,0.023673034256938553,0.00569649947306751,0.009593672583847452,0.12599773153999208,0.002331510525114967,0.030124262247083998,0.03143294216689317,0.0025560254997790315,0.00864751985158054
227,0.06388346332258732,0.2988476011120167,0.003112944436529492,0.0021387549945407433,0.002638016997757848,0.004649144656049846,0.01685487040393706,0.030650195034160964,0.004845035801064132,0.000853718648600983,0.0028639578892867066,0.12408703709771748,0.005187066389760814,0.0033561734582064815,0.00225345532226777,0.1629420698263592,0.16815376531968024,0.09674019841136654,0.0027427159851862604,0.0031998148929234583
228,0.0033286150503798588,0.005312413037193192,0.02828640319540293,0.005979107957625955,0.005370253969830304,0.0022266676447194812,0.03263587130402232,0.028206337460643886,0.015922619859059427,0.007905326005737193,0.006865198592386534,0.7487031441841655,0.016930704864377213,0.03377561962939731,0.0029685398150086618,0.01353590479735864,0.02245958661156841,0.004517187468693399,0.004400318709192662,0.01067017984323725
229,0.025107711293280145,0.11390010000996258,0.0004645822102665916,0.00038872453971241827,0.0003630414045075161,0.00041619268651412627,0.0006262504831542073,0.08661731249921634,0.0006201361801401344,0.20736457660141447,0.23346578592039968,0.0023513347535954886,0.02426103829565766,0.0012092776047153083,0.00037969847997595084,0.009983309393966666,0.2336585540231148,0.05776422943786251,0.0004849052321781464,0.0005732389503652792
230,0.010916666240792513,0.007803902355806441,0.009028193347616032,0.009812154533846967,0.007781138536097255,0.002621219923547203,0.013158118982605705,0.5404248292140698,0.01615067184479784,0.014934577281358717,0.03204400811979589,0.016396889072118382,0.005711190704256195,0.02347403237040992,0.0048727384105450135,0.0035471227892936896,0.031161458736824243,0.23018258398115513,0.007394748453244474,0.01258375510181867
231,0.009373073486466373,0.02163331917993981,0.008901998756236148,0.018639554895003792,0.008849793346465077,0.035052136810030964,0.019314940634803067,0.006794181111536911,0.1935332686060623,0.002071309940488698,0.01659716311877802,0.10066082697752837,0.003085146493057105,0.027534796153043665,0.4552527684742168,0.014545724734878493,0.04319128846517413,0.0024123340461868073,0.003100593437254477,0.009455781332849012
232,0.025885553627930335,0.11792459713612317,0.010769540244036558,0.0042358377574273345,0.0038509256234774882,0.18331924244244105,0.017372696413746704,0.03235199962474076,0.0046612781239272205,0.026418340070095154,0.07935338132034922,0.06530030644959685,0.0015160178504633863,0.007032642182387705,0.004280065224418838,0.14224360643306946,0.19650276551194992,0.06679637337434205,0.003330893602442802,0.00685393698703401
233,0.040311900092224746,0.06962204966822001,0.019956091226730872,0.006052600881232898,0.02060130146944782,0.0026825514819966076,0.013954500432660978,0.26245586298490753,0.011124590628166994,0.01422858692798319,0.018419745463484356,0.011833647578181528,0.0063535439070915994,0.015141744788809308,0.002169702105580471,0.0116711928704802,0.1728986802885233,0.2777952848493538,0.004690360725052176,0.018036061629871612
234,0.12332316038496602,0.20279625878060825,0.0024761194020994823,0.007792462470452253,0.021748554792638423,0.01988227245381531,0.004570214145215478,0.010314228438766117,0.005767934391927558,0.0017036402865318841,0.014581819624730593,0.02030922156811227,0.008916080431741906,0.010366478906587182,0.001912907922284397,0.24801169410250362,0.24978980629202338,0.034836581001349246,0.0024654966154556545,0.008435067988190976
235,0.01834351929698774,0.04986054363523857,0.005813541027583919,0.005815834335218072,0.03608449848541816,0.020722940797686606,0.020242791082549193,0.1537085574328415,0.008193614502044162,0.07163245787680048,0.04012719971618589,0.027487558282338835,0.008040244408942208,0.02578055475762133,0.004103232340077382,0.08736564324467262,0.1760478789693143,0.20980560796814826,0.01594987908474475,0.014873902755586022
236,0.0249114680916091,0.10220264331213216,0.0037174617175958053,0.0031149771221051416,0.0038830460025840318,0.0009410814179669897,0.003659828750766378,0.0347905007747553,0.00818926651374208,0.44364427312774535,0.10727715196874892,0.005405250695115408,0.007114852237723312,0.036212413982343795,0.002141492679513581,0.03228415759836368,0.09366574854595305,0.08142265340500499,0.001978562688007318,0.0034431693682235812
237,0.23559095926620863,0.025772870963933645,0.008100662344516818,0.0038279628012031445,0.011713759850375904,0.13789643501108725,0.00816082811757487,0.014797141393687537,0.006747811916433165,0.0024565197001329606,0.0049211577118328225,0.034656640108134004,0.005379305175167029,0.005487157341247847,0.00143225108761113,0.29246057510578305,0.1854295378523959,0.002267590695202721,0.002532641536843396,0.010368192020628136
238,0.1631573853051429,0.025445878438215948,0.007439660675990069,0.0016767342153034992,0.019962324205358088,0.11438373939213625,0.019665549080486094,0.087593006195569,0.03739669529625757,0.01187441213396777,0.025810479056091244,0.035231007867322604,0.01138412698472926,0.11207075928144795,0.015947657752321095,0.11228131865519633,0.08538641147944405,0.03919357816720233,0.004515932255513496,0.06958334356230446
239,0.025843070515262342,0.06152309095694557,0.005125464245558341,0.0215364339040088,0.15196002974724762,0.002132811683688557,0.045227122558212804,0.16487873324525137,0.011883556871081013,0.08724728896196497,0.03224629782261235,0.05061090284844939,0.003885580107789319,0.022392702199437335,0.006886069271958,0.019707258236052103,0.019095243884762955,0.2235315579208934,0.01940068450145278,0.02488610051737101
240,0.010091856126210134,0.009775600892204393,0.008722685677261614,0.022986919969543183,0.03891893628796187,0.005642750264228433,0.018688098804122973,0.045509248443215786,0.03877858172419632,0.6198622692069846,0.0536255656295296,0.01710827825666091,0.021647070286003395,0.014243686668240574,0.005662248553588686,0.00620880869276784,0.012747037221658201,0.006879056804835305,0.028828738206536354,0.014072562284249903
241,0.03435759938061438,0.09566285345687502,0.017118501523052287,0.005817766077459669,0.03414967743245337,0.0012505088511835496,0.07433179951378555,0.08998484041835995,0.014026443132246425,0.1675592292128063,0.05983960112859079,0.0787406380543133,0.007911311232736253,0.030704855503938706,0.003528882026157654,0.01758261882969849,0.09357579318828689,0.0724636040349683,0.03327298152092357,0.06812049548154957
242,0.08295313023967539,0.033253389474272865,0.017438662264996338,0.052591435396500796,0.04413129440325001,0.08714279621472794,0.02348038450905499,0.034763724595241956,0.017517801612055076,0.13080285823278337,0.12655505175173945,0.009572900138461501,0.018303754632408065,0.11219747461926242,0.021541802668758252,0.024128247762427543,0.02077755900749506,0.031169734915152087,0.03218301361705337,0.07949498394468353
243,0.02534057344708147,0.030670287587230304,0.027647025140995016,0.04436914337925867,0.03846894815859495,0.0038458243486016565,0.029875294466081472,0.037506398670196756,0.04210426448139998,0.02348114574933521,0.04241286258958985,0.03955536793612502,0.047263671532428296,0.030177889410375178,0.39572076992653016,0.04810016640495424,0.0230480174555518,0.01927013325242653,0.021649790596094454,0.029492425467149013
244,0.13704012457197792,0.18631070960345675,0.02910735846115785,0.008333200816879844,0.0681529873441314,0.0023703790723154515,0.03870346421814455,0.05277576661796175,0.009999897815606094,0.09140792823865447,0.18872333505232386,0.032120002950044385,0.006221711583832841,0.05617584035185131,0.002536791406434851,0.014412566016235166,0.016332671384404047,0.03458164703756946,0.004244482261126525,0.02044913519589144
245,0.04221871720179417,0.043838594651163826,0.2221286688802741,0.15208453987952342,0.01736101377532037,0.028761893487189535,0.03309217108298024,0.04091390464975036,0.012870775098718416,0.032482815866881926,0.03672201924573335,0.023311261428904946,0.010053385798538851,0.03911780791342047,0.003069355336894339,0.09601970590409603,0.05792425050672902,0.047513579254100685,0.009009765761105903,0.05150577427688006
246,0.05415941869426197,0.0807284824365963,0.011572717879072474,0.0011599679284328376,0.04551581638300706,0.07787123565704261,0.02075267739567888,0.04486597863756579,0.023110327227634626,0.031822318928009095,0.2161716268386133,0.07035795787543062,0.04483410748832703,0.1073330683899916,0.01792389346139732,0.03506437505535617,0.030104643960656433,0.02928568638427157,0.022383638111550214,0.03498206126710405
247,0.12285719592195866,0.05367734211766494,0.00818631238456709,0.039393683065797803,0.039627341046610545,0.06742855424529133,0.05979541656738981,0.03834527605758802,0.027332013581380057,0.041891450893408046,0.019491747218626492,0.07457782687169144,0.10297491473242641,0.04907214983380666,0.0667065094184272,0.047925778849997845,0.043582506693693526,0.03497196823115866,0.02021648321247346,0.04194552905604192
248,0.034192339147120734,0.0356018886413441,0.043561555122718906,0.019532585207394187,0.02242254705452496,0.07857681999067645,0.0437031917596974,0.041078266634491885,0.03235417841256516,0.08216792569120787,0.023059674447652157,0.0729387505310958,0.04135243679528889,0.06549757366083181,0.1278405709473638,0.09414141354756528,0.013843095378867295,0.038599406984329586,0.053585117961494254,0.03595066208376944
249,0.02706993719721155,0.04377545753861643,0.040368546485394466,0.02037726693311899,0.029621853478643847,0.00956132214886217,0.06820270559156005,0.05207833957108641,0.06694018417986065,0.010052580723032755,0.03582766400084872,0.028590926601372274,0.04714361264656788,0.02574174998324646,0.3122081084658851,0.024310002115817363,0.04459212482261149,0.018997998774276197,0.049380334367546234,0.04515928437444098
250,0.10998758811299637,0.03736554558721829,0.038812742856025775,0.006977838173326232,0.03244591844065122,0.15266279238143624,0.035243013267659135,0.02837409189805186,0.03424483425391601,0.021522318388588736,0.018744814331049714,0.05967056492925151,0.10686070114645857,0.0772922703502629,0.03925220554188732,0.09480308127351746,0.05466314347581602,0.02549185294515981,0.014172025336253282,0.011412657310473565
251,0.03218732755796495,0.10759366833694942,0.00470284626493691,0.03208295379150805,0.07672734164754207,0.01694293760455262,0.015183522618924136,0.06727127925790409,0.016628820810958355,0.048712884154608865,0.07932779015202888,0.02981211021898539,0.04849844280396042,0.06595713837461294,0.007132579259666339,0.06440453009566727,0.12423323999721757,0.09795963893194053,0.01743794090555861,0.04720300721451266
252,0.013508834835063516,0.01540409551369506,0.02109844631226672,0.02320265345109611,0.02232496549176343,0.014197753085308492,0.02847237386267192,0.03683001028579823,0.5055434032376681,0.015765713687631785,0.026292788045481064,0.041566149480110226,0.04522061938189738,0.01576600010262464,0.04505023952079294,0.022421442514086988,0.049425068389747924,0.01859973080192142,0.015593504564235007,0.02371620743613902
253,0.08252696644359632,0.029193213717661398,0.011206404381844379,0.005618642913915849,0.07530103913830637,0.046223126791466396,0.05022724239968565,0.08536597630037525,0.006091306860647311,0.06938517675094694,0.1031193366947743,0.036089292051865736,0.013215692316419858,0.010576939733055875,0.009202262508774926,0.02792035254805312,0.02554886202582377,0.10533840000450059,0.05142351774921701,0.15642624866906896
254,0.015195630466177494,0.035833821390148936,0.03281050449780067,0.5101919121067503,0.021407045326374136,0.009003014403350025,0.02108220015667386,0.04146048966975311,0.04686838121486257,0.04361796284435541,0.02056384508074052,0.028685014928665636,0.007599300710512307,0.023704061634677507,0.011451080583962332,0.037603393211066885,0.04422705478934671,0.019154190126747676,0.013970727923870097,0.015570368934163812
255,0.06157346645592431,0.03439893617773445,0.1346433478731917,0.1546483740879877,0.011010105974741472,0.008434272823510013,0.00979717721866913,0.05249185513951702,0.03128076020738208,0.04323900680672104,0.06497919109645336,0.07058789876395999,0.05643974190811373,0.1051428206065821,0.002195793298524401,0.04050256371620053,0.05073976428878279,0.0620811472342903,0.0023153642857942467,0.00349841203591961
256,0.020894062436351016,0.01959285911349756,0.564867943701817,0.019784175889977797,0.02719996194074381,0.022257832757486586,0.05119068518339211,0.033611573276433465,0.016607048116419897,0.011165679712718833,0.019079003497994605,0.037086125920815456,0.022749882197870108,0.02049394246479769,0.012165202705097798,0.012633802445641988,0.011716026880300772,0.011573879283926905,0.01205452212169221,0.053275790353024294
257,0.11427778775963504,0.08729733251800789,0.014768383100465292,0.048942345286355216,0.011440881566805608,0.0026621461537654338,0.02129757449642022,0.17542590455700896,0.002632829751280925,0.059598232965659644,0.026359716206808548,0.0060101717594292,0.09628073567997666,0.019173176860555082,0.0010000403717714264,0.013268374440963012,0.1433029153636175,0.12057428435258365,0.012398450860814775,0.023288715948075942
258,0.04279789969312902,0.05372126442489098,0.05418658059157173,0.07020394270859055,0.02934766181795673,0.03332922301195105,0.0197000113155828,0.03440886401885019,0.028523143093129477,0.09316470333135074,0.06368906088850428,0.13139525606044464,0.005591111394751003,0.10224420867605331,0.014407365301485097,0.11272799147881987,0.03358736111450856,0.03643754569018529,0.0180071677254077,0.022529637662836957
259,0.005921294346614113,0.010608458677672374,0.007708817236913138,0.010503730366713582,0.029216900749441835,0.006875743152833391,0.015469175887530244,0.02313670892057232,0.016517910118144425,0.4083197163088195,0.1978062330390425,0.06782652655803956,0.006978489764747986,0.010238600274708796,0.013695455662294782,0.00399501989571384,0.007530620957373984,0.05016203507977091,0.022225246587043394,0.08526331641600934
260,0.013254429401290702,0.05798317142124206,0.062237008133000565,0.019904454571925266,0.0240802124879262,0.515821482957678,0.020737021659034228,0.018518086518372376,0.017385847893042303,0.01428298882074019,0.03393179561473244,0.018819541097572612,0.012998451306047903,0.02288423893459177,0.005416423881354796,0.028112286229137418,0.024441167210268882,0.05728109477655447,0.01281712168875328,0.01909317539673451
261,0.08392511912903,0.07188382639013047,0.004917951354944273,0.034144967360874294,0.008836147171561028,0.07404047090317126,0.031725251829817606,0.08575962347958796,0.010386258371579962,0.028730732890284445,0.07624008621260277,0.059497079517615306,0.003806702493811893,0.06063199559180675,0.004031109274161487,0.066426037429272,0.15521265217934396,0.11510451017675684,0.016392322648151388,0.0083071555954963
262,0.013590926514138561,0.055219313718264926,0.04933394443269928,0.010548994415231343,0.03889664916057175,0.3950537575782665,0.04284694992316559,0.033693439704616766,0.02895164280050746,0.022486469567867214,0.03905860876671569,0.03289861132223014,0.03762991147012289,0.0368862784574399,0.006048433837578829,0.03167555652952136,0.03493548525196749,0.023488658631431708,0.023913014923878574,0.042843352993784035
263,0.03529477144511109,0.13066087885505512,0.03165754107034384,0.010117978865812302,0.022639149585349898,0.010985559468496144,0.02089311617682987,0.033533995254947595,0.054552061381647254,0.006510678639024793,0.03974411043270689,0.020703700992622795,0.009260042012965132,0.027434467525466504,0.006667177597875009,0.03418438746092745,0.47285229141088714,0.007359110870413781,0.009153085384150127,0.01579589556936732
264,0.016205927933704747,0.019135884601123004,0.019344221782909916,0.02230011849171461,0.01906599637718731,0.02020127642631379,0.041401167185625413,0.022601356677917194,0.04016021175538342,0.028043731342912652,0.022587297196139083,0.02556064063528573,0.010831127261312136,0.05430631976384313,0.5750673842951534,0.008528370573242362,0.00930464802299861,0.00775967102718719,0.01470119468106438,0.02289345396898189
265,0.49531303421629036,0.0201492239906665,0.03712203032997971,0.00884931519253916,0.013717793308975837,0.01089585955067631,0.016235635618531183,0.01463082163319918,0.013720246311554695,0.004783894992842954,0.014783249576070958,0.015032299142088397,0.018847449069278405,0.01261267377508555,0.012813769647932915,0.18347887893992942,0.05448263611313381,0.022404454997186782,0.011609109667861243,0.01851762392617657
266,0.02140681099131156,0.12131978645849112,0.04089280406381302,0.019645672345832445,0.03972622069030313,0.00851728692195088,0.03181827216998883,0.030181720500507662,0.02010683174142335,0.014988669189430552,0.020848790474242113,0.04259722532314624,0.010724407348001367,0.021822704364680146,0.00860514429875797,0.015265178621436238,0.016709168286602478,0.47674564177492973,0.014923605356974661,0.02315405907817645
267,0.08164291688717444,0.28526277285648566,0.05683429588691481,0.009578995432683765,0.00654888944070205,0.004850505996509268,0.0320134210456863,0.020786194809707854,0.005994126024925984,0.0018257740181138807,0.005770681720953363,0.024889944055643164,0.005593035153450714,0.004629443671430475,0.0027723592923910223,0.38377510354857286,0.03742837678700064,0.01472704880687519,0.007149069794094159,0.007927044770684405
268,0.010918851123032414,0.018498657989308737,0.002842142457970795,0.006885801199601008,0.06701724337095298,0.004286519566720018,0.0038586010968030856,0.05562638016400587,0.004480810629421299,0.027052996173976277,0.05627913317964629,0.3968225580321412,0.0019454484988004964,0.005189965752812381,0.0022940485718333787,0.10164754239728066,0.12925590585302393,0.04669137167001104,0.009680228399729625,0.04872579387292856
269,0.02733778887499171,0.021608009432033684,0.057549435474120204,0.02979089797831154,0.07160422614912486,0.06673055487581493,0.12068475755102158,0.03283227493227269,0.01354809249581274,0.010332424995138093,0.017022909841631347,0.05733708786269815,0.0017968709498029703,0.01629909537398981,0.01249966569390969,0.051822232279413176,0.14465070731929278,0.013039112833958965,0.13770033550168584,0.09581351958497526
270,0.12503513842558078,0.04099205235526676,0.013393611933007912,0.016546111210374626,0.004863910985909985,0.015310002164281645,0.029336605125751033,0.02045738988882861,0.1971543995846753,0.015002386016637621,0.009371808114146483,0.02874593600461753,0.2595107112220387,0.028664171641655873,0.07641892712606761,0.040578574172530975,0.02682050962733462,0.024281852515747805,0.018463304241412112,0.009052597644133957
271,0.027584779147908613,0.04021709111295811,0.1285500061196191,0.43282396675640555,0.044976675048432634,0.013353040601045413,0.0292691733610729,0.02683990616070302,0.0455065829894167,0.008886794519311193,0.018320651520913795,0.030386360029958485,0.01111213435632219,0.021992650440046647,0.016395325690678822,0.00848536088100301,0.01426374944418889,0.04635760463139364,0.01770404538298281,0.016974101805638447
272,0.016683592847657087,0.08134139290593205,0.01200962607180929,0.04790003718925401,0.03204431424555871,0.0003803753614305927,0.029385016417928466,0.13873956873647358,0.12111099961806145,0.03747283684794713,0.04057314430115616,0.08142681384771878,0.0010367279397087443,0.07467080272765485,0.06664897343272164,0.037588414946269744,0.03865185113281858,0.08977833319806403,0.011172299684616667,0.04138487854721847
273,0.07976967109292409,0.06716384422776132,0.019191853590319503,0.022338242330579756,0.03771409637461028,0.006805167944725943,0.049391670132187655,0.02004007119768691,0.027681610442130432,0.017642181326935957,0.0172211318561471,0.020014752563944704,0.47685789340728435,0.01775908224247532,0.006376950639270463,0.019449623747242333,0.05168980026674079,0.009418680751501943,0.015551980812000371,0.017921695053530747
274,0.008112816221632659,0.05508055205304814,0.2921056162552371,0.01910949351866741,0.009548710100476586,0.004020347322553905,0.010177144511988201,0.04081825508617427,0.0291169794039571,0.008781834831414547,0.0249422110884735,0.37440343297878986,0.009198748178981352,0.03075890908893677,0.01941210239267685,0.027775958309379116,0.012793673500941061,0.005135270483714557,0.008068040070895417,0.01063990460206153
275,0.007640904412944513,0.009147121644594174,0.015960950693383897,0.010464689164731516,0.09490274055725471,0.004889654467599319,0.011616891439281954,0.03327151522392703,0.03801425760619069,0.1888791359161864,0.31965667366531114,0.01405774545190734,0.0040710873966396804,0.00699138472191591,0.004207909517754288,0.002593460377798572,0.009068615184114845,0.012276546016785718,0.09747159727881777,0.11481711926286052
276,0.0809201980978616,0.04410575831748908,0.08452450503021712,0.015263247626776081,0.04365837005989805,0.033930691871941275,0.07518427166970736,0.058496445526664345,0.09094960430872892,0.044208700327699586,0.07447660711953455,0.047925416259075884,0.025780202357134477,0.034186419894053424,0.01957924954038971,0.05972218789051174,0.09412515470009968,0.039693973079793894,0.015608471240551765,0.017660525081871457
277,0.008857706383632518,0.023681176208202783,0.015858928975612356,0.01759580775443893,0.026759691010937843,0.007342101957888937,0.014299082401544021,0.6580557652954956,0.022906008514602522,0.02531448229441496,0.029921812791863647,0.013047883609854665,0.01576894569849521,0.017342222423939534,0.007879235674420402,0.00916876890115012,0.014636134268090418,0.04484472183064521,0.012841126135638274,0.0138783978691321
278,0.0498682931923239,0.02425959024405478,0.024166100752291614,0.02207211496371673,0.028478172958512897,0.018947988114714577,0.013823600254174779,0.5850729397426899,0.022901144412546592,0.05108057677630909,0.013156599978466275,0.01964399093687895,0.007864379913771945,0.01713378514024967,0.007186660533508615,0.00903661144157587,0.0193830175512025,0.024040744581369,0.020138117562142902,0.02174557094949953
279,0.05372642449636861,0.04891958553318207,0.04857043566027982,0.03700729721363647,0.057107412573704414,0.4610307544472691,0.02548277186041945,0.01749962638715246,0.030083598185606353,0.005940991878341601,0.03655017135616672,0.029562982040245066,0.007969879052839107,0.017760009610214185,0.036287877131383844,0.01752190548148827,0.01809684253650253,0.014708932269409931,0.014678797933724268,0.021493704352065747
280,0.012419099568102826,0.030754945213457126,0.00805104881626802,0.021366805078206447,0.05270557709727898,0.010669757348292059,0.028748101557445047,0.07075754812656772,0.09329597022492067,0.05324285980156608,0.03299283999464426,0.029452551648762273,0.002970633223857741,0.014442734269391036,0.13566615220243597,0.0591710340137191,0.10112620070268231,0.07435396036493143,0.03368531563782758,0.13412686510964328
281,0.008284300407140002,0.06413260606371063,0.012132918520319143,0.024676348869393665,0.013676545233892671,0.011603544134498983,0.03027901193493883,0.013841759084983389,0.018809982488985928,0.02694247038398546,0.026783864860561373,0.03858437832190672,0.02106520664821804,0.01724543849778001,0.5772331330841995,0.05023806642637461,0.00846497077360311,0.007458596159144028,0.011972398875517586,0.016574459230846363
282,0.00752139102423056,0.00864516940055999,0.010818424426825391,0.012704608274965716,0.020770911503619618,0.004318379346984845,0.01877640166123817,0.5161632555574542,0.01471697570241378,0.21541097818180566,0.010151753152923614,0.03212480499287873,0.007434342597696091,0.025631368349697366,0.004192795812047294,0.01890610291160814,0.015270417449031593,0.03266050023057359,0.008710055068952447,0.015071364354493112
283,0.11011306182592513,0.0381513811532148,0.17118278776432383,0.23068671862082785,0.010557671271120167,0.010097474866609973,0.05084933051478795,0.009728272412684119,0.018574902098306596,0.005352409644509433,0.014105961810471728,0.07336353812530318,0.0033945692750199357,0.09519800914636083,0.002738744874698423,0.07414501830388802,0.03286115466292036,0.004789587508722689,0.0237273315898282,0.02038207453047683
284,0.007405548473945277,0.011453311984010858,0.017005955455550337,0.014900165449496345,0.01875949781686421,0.01993534895650664,0.018149717076164477,0.03094878303058927,0.05402186201851535,0.005515002129314775,0.018307131281314417,0.02964014523552773,0.012435986428249083,0.019454664975277428,0.6349570498839268,0.027411307147720186,0.010954137077614973,0.014644662563386831,0.012549642965740244,0.021550080050284755
285,0.0027950158214149682,0.005007013257125662,0.004755711560435631,0.012840624939647879,0.0038883115849510353,0.0015549017203811844,0.011894968601930978,0.15674063823854914,0.012809143526916575,0.6972371306559657,0.04756514057563509,0.004210970453360314,0.00205096524236104,0.009505451655238376,0.0019689508806386663,0.001907565625160887,0.005551797169773044,0.00608673528544527,0.006257256560196885,0.005371706644871677
286,0.10491433113391249,0.043185196063734214,0.00789094184483904,0.005052579654268628,0.008571138957198923,0.0025067267404433567,0.024016756293854264,0.05592463965384543,0.18517350977395416,0.004234216272622114,0.15975963695497866,0.009192161172083239,0.0028669056226471703,0.11571450910122603,0.2108033428148122,0.01635769874310864,0.0047441459246878115,0.004556417936595882,0.010740832171470151,0.02379431316971752
287,0.07687695855767285,0.01683289804886378,0.03252467040200444,0.05524424014165438,0.028508713088926812,0.06885818034553645,0.03667399076338287,0.04039066510602832,0.019275632825174638,0.09765235432413524,0.09171288443418892,0.06921792770154896,0.002219930571782457,0.0881191541740857,0.02418441157263089,0.058957548116619615,0.06397321330082094,0.041069862603367986,0.003571664265660705,0.08413509965591405
288,0.01570295673682207,0.02548276423585985,0.04421973982990119,0.3984276933394166,0.01807282606979189,0.024042802058015747,0.03950613245126903,0.03229737540795409,0.020243678701622563,0.039310199809828444,0.08577681038653438,0.02182774362995203,0.021751382687103537,0.11722579688555841,0.0069686328162768775,0.010445293184168022,0.015148079455087683,0.014386820455992976,0.01776277800187898,0.03140049385696569
289,0.02071118757158192,0.02341137994780716,0.02099952334732784,0.02672482906987541,0.08394360196806828,0.007933019779928987,0.36611753985737905,0.02588491177378192,0.0511897622323533,0.03588954992782101,0.021301472447543875,0.049709502634052646,0.041217625078006616,0.038513393458217485,0.05054825733912415,0.008197733168276482,0.0173767689714221,0.01055597689448006,0.017769533443154305,0.08200443108979737
290,0.07646932849808047,0.014023519412232406,0.007517457317111732,0.08426736536898922,0.027582253491858905,0.022010626229086113,0.08161425073360766,0.0815335167153397,0.03740039422773178,0.09820700574617754,0.10551061488478995,0.03895582734716967,0.012101247192422665,0.015571444985656146,0.07047062648635627,0.06796484507126517,0.03585104720472375,0.027569797419995358,0.05409414783832408,0.04128468382908136
291,0.0430961429878526,0.005328848268319957,0.2877332500010329,0.13125551917420167,0.005225128282681538,0.028142621852855706,0.07565750569481378,0.01497900196019281,0.038388368194688584,0.004507608254655818,0.014340586637148533,0.1464344075473432,0.012887869783374242,0.05068628555231921,0.01375568749637766,0.09098104244203467,0.019692673395564426,0.003592765773478642,0.003728345822435942,0.009586340878628186
292,0.05176360485055636,0.036348790083780176,0.07735115028305052,0.03367649881158303,0.00925234990214337,0.10757030656584957,0.048857119284606405,0.03625948784302854,0.02778684030406344,0.013151070114739795,0.011024243309377279,0.09347968872030094,0.007757141024872206,0.0644184804838094,0.014928979762539806,0.13460411000473685,0.20019793139348102,0.005133088891339827,0.005998396169303336,0.02044072219683814
293,0.008015786025432363,0.016378406139697942,0.010713253810109827,0.014464500699559403,0.2056658199132651,0.01764805806445364,0.014981947555846085,0.01818763530688843,0.02250491964760933,0.02708833285740195,0.016414154270773296,0.017116940371644945,0.01079203469911086,0.017853124110040714,0.009818692428496355,0.0074990584275507035,0.01241289445411696,0.01467582256913037,0.4916420230305288,0.046126595618342855
294,0.006952873791315369,0.029270231044494,0.023033211972600474,0.011877509757202856,0.41783813691424765,0.005574646449682368,0.03454637705658994,0.03401991628339893,0.014172382753906455,0.018651993312385533,0.016809946102559804,0.017385143683778588,0.009742630857450921,0.01642757693189968,0.006218484756909737,0.01268216269074109,0.009832209133022,0.025217316065682564,0.0131489489456299,0.2765983014965021
295,0.0214850256113427,0.10850661883712055,0.012117135695088493,0.1040475909737801,0.06186406167028564,0.0005788809145249179,0.0693487385751682,0.06259677397325521,0.025889581111433677,0.0639933224909939,0.09720805697114727,0.055464324561902846,0.0027949758083249112,0.0968212880745979,0.04276004362804807,0.031379309062122385,0.05229219120287903,0.042733689909351176,0.02486828606057917,0.023250104868053824
296,0.02341683344501639,0.016495433567901396,0.5632849342345728,0.03832455774374212,0.02048725909207274,0.024672076627163135,0.02962752142987603,0.017607820541835007,0.038026928138262306,0.00912726537767017,0.02368110902814193,0.025354016167226594,0.013230768396035313,0.01787115469030017,0.007358804028087616,0.019262097095270415,0.015017696461687364,0.03088441840015728,0.013499363950115707,0.052769941584865476
297,0.10318308732782193,0.061792331979909805,0.04017014912229051,0.08263987242806738,0.004600657964538022,0.03083379134087324,0.027072513972139018,0.028069623686204404,0.03650322556076934,0.03578461652765927,0.10329280647071405,0.06416243887909336,0.07656739162298874,0.09556050832961048,0.04738759748997935,0.024727848841478682,0.07925802807390714,0.04147512538860476,0.004328863375280364,0.012589521618070167
298,0.0671312233226333,0.05660505903342629,0.019170348903764338,0.03146198538249144,0.013110111993427834,0.03738768765045093,0.1430902650012566,0.025806159266086637,0.04208152161642585,0.013394685440662125,0.04450612512564862,0.2301979617919822,0.004870332202834108,0.06500387439947335,0.03396498391954362,0.08845394672518365,0.04300426259600021,0.011872915180208216,0.014435721214638613,0.014450829233862117
299,0.16004948548300169,0.017633468351514924,0.017048765077627048,0.015313775771271009,0.016927587075117895,0.012795751366535603,0.3125365711469252,0.01918818425931476,0.0265317628559077,0.015769020635175938,0.02460258810473048,0.10194438738879455,0.05639635026784665,0.08380869421549447,0.012992659248583139,0.009168244150774602,0.013414468498393723,0.04447727638730181,0.019238475591446102,0.020162484124242725
300,0.008714707081554914,0.014331142075176157,0.021673236320262,0.014222924846529091,0.01952682843920996,0.04322468998801091,0.012510381367865015,0.01598034775335963,0.015548433073518704,0.01304781101501072,0.016679991002567708,0.03357988025273776,0.6348547249239761,0.02456952104651069,0.005350968725688482,0.03654009745265653,0.029537807264028857,0.009091267746006423,0.015311324173055866,0.01570391545227446
301,0.008514431617896235,0.02384756096502379,0.01226808880300691,0.021750310677806594,0.027847743823882627,0.004245045186273503,0.023239583527914515,0.012288044111279407,0.013945088152851061,0.0061040927146277235,0.014178048434326762,0.013666446170772428,0.018216540181395284,0.014156014697177949,0.005316917815914603,0.011437837874566413,0.007702570566573639,0.007478329675468315,0.016089705972488707,0.7377075990307536
302,0.027097339300369207,0.0208314511027082,0.015108300527547013,0.015149490394725894,0.01522196031616686,0.02021985594995353,0.017684689426480805,0.016818032837937858,0.05287280606857017,0.0065780201225795094,0.02018305057159285,0.02393585000676833,0.009316641267410728,0.016956186545590817,0.6165921712487643,0.04388821334445646,0.009948449318695938,0.009172959717711544,0.020961569604035397,0.02146296232793455
303,0.01768981805306409,0.01728412840726636,0.014906322920687168,0.03408801836329961,0.02509690285923984,0.008486864488881096,0.01653758930615485,0.04373622481028595,0.03294439819949618,0.023593657125158228,0.01322172052207872,0.027465888188507977,0.03022571978159894,0.011338583700605495,0.007710407497853555,0.015528343034138891,0.6032185131571381,0.015648491532563244,0.023069757497469257,0.01820865055451248
304,0.012866155741586723,0.04293747588850672,0.02699162225077114,0.019069057763637053,0.01900105956421286,0.010604089762336087,0.022987154625271698,0.022025568914982904,0.0186710946573531,0.01672268464228337,0.03366170203747267,0.02074591130699696,0.014888313684556596,0.024058506715021407,0.016277798485646103,0.01516446615264444,0.010823851097460679,0.008907637678204081,0.6275533899490908,0.016042459081964597
305,0.4951427779539794,0.01808412882183141,0.05598199152613281,0.01679491630352133,0.023306703219698882,0.1278073200454031,0.014031665028131803,0.013910288518441505,0.023982988381352648,0.009582207563497354,0.023059395843122575,0.014459472133532702,0.009608181951510676,0.021301726396894653,0.021015060754094,0.011211948913953104,0.040064106590598225,0.020455145411540462,0.015793540457834564,0.024406434184928827
306,0.016356829949939863,0.017877687874416667,0.03082671002772529,0.014059045112926181,0.011379975476813289,0.006039781278000919,0.029886070558294942,0.02238356668092262,0.024342205030701957,0.01234344225801828,0.022351619324084266,0.040359232149454416,0.009082184448609094,0.02602587187996173,0.009196048429449606,0.013956855854919556,0.010745377362117411,0.010413581940611961,0.013149478717981004,0.659224435645051
307,0.01384561473703414,0.02133139587214359,0.02075741998884085,0.019140719399276085,0.017740830103252576,0.0069996122413872085,0.5472043876579512,0.02205822415207333,0.020637727220541906,0.008756727445303352,0.02069996912981409,0.11342784418162064,0.013888706405861739,0.021943743439615554,0.012801565426514372,0.015837443686072913,0.013406085268267474,0.009311107446717494,0.026426092757371997,0.05378478344033947
308,0.005325822966897988,0.02792423528460571,0.013479724264477213,0.020306427874814535,0.047910719417664435,0.6762005496170852,0.01580088303388759,0.022706518525074715,0.018251310449754025,0.009902685594988874,0.02049862192000693,0.012239699096649752,0.00791602908478906,0.01518795623924207,0.014249907280526173,0.013112606789058586,0.009024418254703955,0.019233605208301096,0.01476827552332611,0.015960003574146002
309,0.017014995104985654,0.03388215482958864,0.023321863998336682,0.02058930179591474,0.019230497250057824,0.012349321547258322,0.009975801032702404,0.012206913637519346,0.018154660887972233,0.009824822257862095,0.013325883825621773,0.024114891321417548,0.006069678689393274,0.012545229493085343,0.022336811060244707,0.6911838772913347,0.01565145368688898,0.012285293925550491,0.01563043593184126,0.010306112432424075
310,0.008857721865080161,0.023181124199633297,0.015198028430733911,0.02126783106439363,0.14631887250863218,0.01948581007472855,0.025983060360973094,0.013913948101307699,0.022178427763591736,0.00961537501375628,0.024484129109948925,0.046024274457957974,0.005043907195596696,0.03124521622060867,0.007267594938760344,0.004720677317841619,0.015054766410527106,0.007599395365539439,0.015255670838919043,0.5373041687614697
311,0.030632781557048645,0.04896326224139343,0.06071289071962499,0.4730505957454603,0.01133231237297214,0.015084435943473239,0.019591544143112125,0.03870200329772394,0.02667213085926354,0.006628826515910347,0.018307305511347467,0.013679762567043235,0.05654424212275578,0.021783448244465115,0.008260634507589694,0.01816392222563996,0.07803863307256997,0.021513115926597857,0.020297657933003803,0.012040494493004364
312,0.47810058863862814,0.017542932158599787,0.023449756437330598,0.01390013258120346,0.017833823947088077,0.008529914469133544,0.09613724359316433,0.019433041378717944,0.021901754568375766,0.011101626212830746,0.023212925201804988,0.013832374885998458,0.01591135213963266,0.015981185232146287,0.007195567429246095,0.12646141060326752,0.024886909963558523,0.03486301615176818,0.01762113661338502,0.012103307794119868
313,0.08360403085590712,0.1301171444213167,0.03290284277194077,0.022701569792110562,0.003295541839458367,0.017368920491099366,0.06435734702499915,0.04574135746834023,0.08097718661766277,0.017664211993971394,0.06529327408483548,0.044006840900745234,0.10127898350612798,0.040972518956076634,0.04922092963764718,0.06274504967292942,0.07420580251046721,0.043494492257064664,0.008627233510572244,0.011424721686727528
314,0.06828762912020658,0.03902603616628465,0.007919197301367954,0.0044889880094822286,0.020744776825476312,0.01784415151945994,0.032901835907700745,0.009404823748395245,0.013389725444970708,0.011155486255375128,0.014514725094136531,0.012963652926743376,0.1688474533593802,0.022492820199728078,0.007304141001542853,0.29984394957463867,0.21793811991935264,0.013851547282935427,0.011667171729159247,0.005413768613663518
315,0.09181457030285033,0.05417708123528837,0.02427409004222597,0.38232168750478945,0.01202158298620511,0.019099278922180423,0.013009643693307685,0.0067874784377469554,0.008598322969346745,0.0009675339979937254,0.027578172234951955,0.028681363722221784,0.00288654853912683,0.12943951208554863,0.0069436828736159275,0.14901247688477443,0.010656154753250296,0.00627278548078766,0.004502994568278282,0.020955038765509453
316,0.005243054974740528,0.0099638566727906,0.010266483788186698,0.06940952372412652,0.0115296008729563,0.7463908043246956,0.01023771417382617,0.01067508659931712,0.01458634040444878,0.008149103881221009,0.01092062185318355,0.01124045062730773,0.005887435813194948,0.008700566048708539,0.02452077979353266,0.004233250527513784,0.0057948846370541734,0.015332420803157708,0.007620056519833767,0.009297963960203805
317,0.022697958008104695,0.016856077266085706,0.010289000987227353,0.010745639247724615,0.010348809419378777,0.0038276289686498474,0.008284026541735157,0.013806634255720948,0.013074350211842284,0.05238230599915273,0.010746878766481638,0.028544290642534026,0.009015321753281442,0.012508087556994911,0.005456779660995876,0.6684016619713501,0.07281692732404527,0.007242175810149022,0.011221127396453102,0.011734318212092656
318,0.3745574466451229,0.1196333052951754,0.015319887486944114,0.04285354342137839,0.012002858664285713,0.011779490143758932,0.006890463678716975,0.00859548832487691,0.00898467630618657,0.005440200672065404,0.005831907249368254,0.07160778584931343,0.0038793408612468766,0.007281805935318769,0.00225235876422304,0.24430486272867047,0.01565971904296228,0.030465906625677393,0.003791959292953162,0.00886699301175499
319,0.06012587432449094,0.1602164504850698,0.0062734240429348845,0.0054875734376122805,0.02743520827073865,0.001272506150125263,0.026760981113060994,0.08810160561360726,0.005187086335410129,0.04504603160419119,0.06236537841773667,0.005206277947255009,0.0038178797267320675,0.011350476125118294,0.0012608253191695464,0.12662242513566244,0.2620652972539557,0.0746862031715709,0.009709884266532192,0.01700861125902578
320,0.011243381588926153,0.009540090998742914,0.029951558542390695,0.01241962324703016,0.017973404266561598,0.013776402325783917,0.02764126734753893,0.017044639942156853,0.014011139382681188,0.005074403476913997,0.013873007630832651,0.008509463567991885,0.018089132889791068,0.012861377272027495,0.005753644908446246,0.5647186092403729,0.16203450666801797,0.009579938566373994,0.014980130180408684,0.03092427795701068
