site,A,C,D,E,F,G,H,I,K,L,M,N,P,Q,R,S,T,V,W,Y
225,0.34084740723475376,0.2857884781239304,0.013225543355516182,0.009568506414878735,0.011280610509116742,0.03615765112623655,0.015341630292398772,0.03081277392171756,0.023965490828002547,0.004146386565513182,0.01704625588044308,0.024744564987739956,0.009167846232521896,0.01198564866593654,0.0036878918972112437,0.004527026812232044,0.03963276978943378,0.09181923933227049,0.007990432443957694,0.018263845586189015
226,0.00615744667313731,0.010400393120173105,0.01904071971231691,0.010200821126382419,0.01167591303113773,0.002633291024043829,0.03173453285386152,0.016724956504062156,0.5572976827409524,0.0039042485214529953,0.008938295928181234,0.08096161098701347,0.012501482639399994,0.015381061126270799,0.1657852303310746,0.0052001965600865525,0.008200069177738785,0.0040445973245117625,0.005865624555927011,0.023351826062275458
227,0.048561372773138045,0.18295031424704114,0.009248576958279556,0.006392398779987339,0.007762198518556055,0.006011151586985427,0.012419517629689689,0.012315500950829419,0.01448943723463797,0.0025873995061853517,0.009248576958279556,0.17206373518600915,0.008049687352576652,0.00965962482309198,0.001926861858812559,0.18698370111751647,0.2592035524617134,0.03721250527861434,0.004220224437273194,0.008693662340782782
228,0.006752784179100882,0.011313875247440952,0.12021292988218227,0.013435226856336132,0.011023775882121955,0.002911471282637175,0.031201155154470125,0.03668352637157238,0.01949273138498392,0.005243015358570198,0.014825077910439872,0.564511730682589,0.04776969548919512,0.04776969548919512,0.005916430175267287,0.0189942261654173,0.015600029192308127,0.004639502799310318,0.00964908518650421,0.01205403531035765
229,0.022569770925707514,0.10926002466837385,0.0015294602490864677,0.0013198387936279162,0.0010788723748742718,0.00034947344401169286,0.002063557478926186,0.12248331866118341,0.002063557478926186,0.1700112728092395,0.21319657094558656,0.011066153444285543,0.01930958145508885,0.00195494919056165,0.0004255454048194755,0.005970954066220741,0.23382146121785574,0.07879425434419791,0.0008053960670954844,0.0019259869803311073
230,0.009014290602432633,0.01369478764600342,0.014533244032493429,0.01548106429548213,0.015151679948769743,0.003767878082498295,0.02455617095145441,0.3212907051283055,0.029672039899674076,0.00428993347947095,0.08570408222766679,0.032369498072371716,0.010029985318199689,0.020944969340946407,0.0050232856114355694,0.005697031660737423,0.08898350859105632,0.26623818093875085,0.011303634247494886,0.022254029924755555
231,0.008338061946702021,0.036005267497122365,0.02263188242676263,0.009679311140786597,0.0396057942468346,0.005657970606690659,0.030465995574488154,0.02496465296880407,0.35124106675577205,0.009319010411019906,0.026403862831223066,0.019448211752863022,0.014668812684012817,0.02828985303345329,0.27287218122111806,0.008251207134757209,0.04101367681640194,0.01115656175967172,0.015232997787244082,0.024753621404271627
232,0.02873320538551497,0.04904010510208701,0.014578854778759368,0.011286855312587902,0.011286855312587902,0.19708265405229056,0.012065259127249135,0.07830161074548173,0.014578854778759368,0.13304723363292795,0.0354176663606174,0.04933019598599899,0.004215572466147289,0.009996928991149283,0.0016050115352762608,0.16298871791838077,0.1424263322404566,0.02203765906882861,0.0044858014703875,0.017494625734511243
233,0.17270542651255458,0.23708561013823892,0.025977929240446365,0.003159477880594828,0.02922517039550216,0.0011626939400915788,0.015586757544267816,0.13829993924730602,0.01230533490336933,0.0026605679576439797,0.03503567910193371,0.014612585197751079,0.006340120435874824,0.006876510681294625,0.001840955615464703,0.07647922907685127,0.08262074292696202,0.11054335458632732,0.0041017783011231095,0.023380136316401727
234,0.06208952629215916,0.2869303777493513,0.005706955709217488,0.008560433563826231,0.00356184071715371,0.019261293873090113,0.010793590145693945,0.012730901197485166,0.01601629505490069,0.003972041173615373,0.02426422734662002,0.039499904982869795,0.0104153224946056,0.027583619261217864,0.004207670734762046,0.23697214926432436,0.1651426336258087,0.026995961551206375,0.0055787095135047355,0.02971654574858721
235,0.03453515710683883,0.023290399595430028,0.0155359974510334,0.016886953751123257,0.035309085115985,0.012002414515436334,0.025893329085055664,0.2700377343643373,0.019419996813791748,0.05081541729912006,0.02157777423754639,0.01252903020244629,0.004916454889567532,0.04315554847509277,0.004623808765188512,0.03116576913008745,0.18456673779986602,0.1528432473450096,0.012946664542527835,0.02794847951451603
236,0.056322548563928876,0.14106513548873587,0.008979828829980873,0.006662453648050324,0.012824103226248714,0.0028213027097747172,0.008261442523582402,0.0034207239512842108,0.00868957120019694,0.14966666814048807,0.1784059066475189,0.05642605419549433,0.004215021695705308,0.08816570968045992,0.002347000716926819,0.1260971201796006,0.09789839588623962,0.03405020511797074,0.00573711286359889,0.007943694734213849
237,0.10930566700027611,0.03086977520999922,0.020648670524343386,0.009385759329246993,0.030973005786515084,0.18186640491430062,0.022123575561796484,0.020056917370333164,0.01674216529000815,0.005956347266637515,0.011939072807525397,0.0465387927132537,0.013466524255006556,0.01440604920303027,0.013169196423723087,0.29511384391558615,0.11804116087939656,0.005340173411468117,0.0058996201498123955,0.02815727798774099
238,0.1362997898292882,0.011377813902434062,0.01625401986062009,0.003250803972124019,0.031154237675265883,0.07675681746080003,0.015892052020343224,0.21807966372686124,0.06452359610834203,0.03652813477556144,0.007585209268289376,0.022755627804868128,0.003126819931285391,0.10820749273896342,0.01933517709765058,0.14660817729536885,0.022253026910904205,0.029670702547872265,0.005056806178859584,0.025284030894297926
239,0.009803666537243478,0.02091448861278609,0.01960733307448696,0.03485748102131016,0.23017316020454212,0.008044034081840803,0.020021565940253706,0.06351504592254288,0.05228622153196523,0.14900784767693448,0.03181804655210122,0.033041817573335894,0.015300537782371077,0.012066051122761203,0.020468599432889777,0.00847884673491328,0.016955669544211835,0.22148356041135128,0.01960733307448696,0.012548693167671652
240,0.011713307899860357,0.012530515427757594,0.013815696497271194,0.02993400907742091,0.007361869676009801,0.005986801815484184,0.009132409549043667,0.149627342069064,0.10776243267871531,0.25655733318059915,0.18425821349734803,0.019243291549770586,0.06956639159182285,0.020723544745906784,0.0031071612449713997,0.006122865493108823,0.018579729772192296,0.006414430516590195,0.04898292394487059,0.018579729772192296
241,0.01296477860852772,0.060068351727908094,0.06297178181284893,0.10356612366880708,0.06297178181284893,0.003498432322936052,0.036733539390828546,0.040072952062722045,0.04408024726899425,0.20927124323535307,0.0651223652398728,0.0858119310398687,0.0022937566148233356,0.047612192675391046,0.007229776532104465,0.016953941257305483,0.016953941257305483,0.018968953177234137,0.014693415756331416,0.08816049453798849
242,0.06975114748495201,0.023982277842285484,0.01798670838171411,0.01347674638027426,0.10196935542086386,0.10209563481826472,0.09816828164548799,0.09816828164548799,0.053960125145142326,0.023982277842285484,0.10196935542086386,0.04908414082274401,0.03597341676342822,0.053960125145142326,0.00278566236906677,0.014389366705371292,0.026980062572571163,0.048527069788797395,0.019621863689142666,0.04316810011611386
243,0.030710801792927487,0.002591154376097032,0.04094773572390332,0.1161706085075916,0.061421603585854974,0.002924838265993094,0.018692572269784446,0.08189547144780664,0.1161706085075916,0.037400972927660425,0.1161706085075916,0.08189547144780664,0.00909949682753407,0.030710801792927487,0.11642166077211072,0.015693425059039066,0.030710801792927487,0.01889895494949384,0.022335128576674537,0.049137282868683976
244,0.08224380342454438,0.05936974559709296,0.017680667240672458,0.00687581503803929,0.08020308263909126,0.0018752222831016243,0.030941167671176807,0.27817100533289507,0.0037504445662032496,0.03234562642150798,0.05848413266756491,0.041254890228235745,0.00538107263846553,0.08035003163516341,0.0018504093897707917,0.01590405021853566,0.04307256675691796,0.13674057298144476,0.002878248155458307,0.02062744511411787
245,0.02760998848669947,0.12779724684696273,0.12816142666167366,0.09596451106089972,0.030049876973890215,0.032022300381968766,0.06761222319125297,0.038635556109287414,0.024586262978637446,0.024205643451864902,0.07317728021100661,0.11673089954993954,0.01590875839794188,0.030049876973890215,0.0042257639494533115,0.061858866599210305,0.024743546639684127,0.01646054844350486,0.0142341522507901,0.045965270841441676
246,0.1199393951112298,0.03909200541094397,0.0013362316183934764,0.0029812042725156653,0.024485359567293963,0.09157677071133624,0.02693389552402336,0.01614818980945985,0.02153091974594647,0.009975516860749392,0.3740818822781022,0.09794143826917584,0.012111142357094888,0.024485359567293963,0.004089537653849337,0.05012386412234525,0.046616357637732725,0.014028055091275131,0.003284377588364716,0.019238496802873824
247,0.14216739816517635,0.017302433373632027,0.007124531389142601,0.11430744845642049,0.026914896358983156,0.02677258762308465,0.034445172940249826,0.026914896358983156,0.040372344538474735,0.02680338364098902,0.026914896358983156,0.09783562884485253,0.11453353562790874,0.060558516807712105,0.02201301649009182,0.07113309694425235,0.047591008820272944,0.0536567276945988,0.026914896358983156,0.01572358320720844
248,0.01817883469799121,0.07734529246354048,0.07734529246354048,0.03272190245638418,0.04090237807048022,0.0554226134075521,0.07734529246354048,0.07734529246354048,0.03990680162468942,0.037285957117758575,0.043123618635501494,0.07734529246354048,0.04793908772283244,0.044743148541310285,0.07743736838415204,0.04496800449552492,0.009624088957760053,0.011686393734422923,0.03198804737239745,0.07734529246354048
249,0.04116644813714022,0.09730019338314971,0.09730019338314971,0.0228702489650779,0.05145806017142527,0.015191498808297302,0.06861074689523372,0.09730019338314971,0.06313779412626863,0.008233289627428043,0.01693084479445476,0.025729030085712635,0.09730019338314971,0.034305373447616846,0.09754162603505809,0.01018999798262848,0.025729030085712635,0.018712021880518275,0.013693022041678628,0.09730019338314971
250,0.09266763301775628,0.01623250979626122,0.01623250979626122,0.01971090475260291,0.01971090475260291,0.09637433833846654,0.06177842201183752,0.027595266653644073,0.025086606048767342,0.004185332756094913,0.010220469130979286,0.08553935355485193,0.12995028808228049,0.10147043094751848,0.004877243843039804,0.13881783610465012,0.07042626985487867,0.04007248995362435,0.01724704165852755,0.02180414894535441
251,0.07412338546723438,0.1094630516637331,0.008788117663748112,0.021019342944705713,0.05721932246058778,0.01952188648655347,0.016697423561121413,0.020807026349304647,0.03365842497681634,0.032278523809653334,0.088055049205954,0.013914519634267843,0.03218586888408063,0.14781658302318507,0.008802972686244274,0.09155091593694042,0.11443864492117559,0.07914196834571359,0.011443864492117557,0.019073107486862594
252,0.021010717299108778,0.028014289732145033,0.038789016552200815,0.050797246106606596,0.0360183725127579,0.008694089916872596,0.045841565016237325,0.10638360854859016,0.2387747578398537,0.02192422674689611,0.05042572151786105,0.031751301397071524,0.042021434598217555,0.06065435970659422,0.05570978829516241,0.014407349005103157,0.07398400162389396,0.012606430379465263,0.020170288607144423,0.042021434598217555
253,0.08189621390605845,0.06010826052886197,0.025373226383163847,0.012135021313687058,0.16720477005820267,0.07643646631232122,0.08402745995591059,0.04094810695302924,0.011629395425616763,0.019905329768833645,0.03582959358390059,0.023258790851233523,0.01849269346265836,0.02146965309344633,0.005938414685421325,0.02630797052401158,0.009968053221957226,0.08992525448508379,0.05681088712402252,0.1323344383625793
254,0.013249421788174611,0.02384417280789986,0.2221335897079331,0.23807427202844886,0.05007276289658971,0.01110332955819541,0.04552069354235429,0.03576625921184979,0.08951513078515047,0.014727283204879324,0.03613656483286949,0.06259095362073713,0.012212868999168219,0.017883129605924895,0.0058909132819517296,0.019072075884014453,0.05492757854596162,0.005277175557665488,0.01564773840518428,0.026354085735047213
255,0.11285541521720671,0.05202722396224524,0.10183657065798875,0.14749177239757366,0.012399383274730856,0.00793653895470549,0.01576582544310462,0.05007968081927349,0.004288784769280865,0.04773950881837286,0.015202760248708027,0.06449655863088252,0.10415508085285073,0.10641932174095615,0.03574389432520665,0.022135218922118883,0.059744180626501706,0.026850951334729006,0.005081714456856907,0.0077496145467067816
256,0.01345804134779176,0.03483257760604926,0.2810671387693325,0.03640460316730699,0.0493461516085698,0.0040412394487172095,0.05383216539116704,0.08459340275754823,0.025745818230558153,0.01315897376228528,0.03483257760604926,0.0325886757607337,0.05383216539116704,0.0422967013787741,0.016918680551509645,0.018504806853213672,0.017944055130389013,0.016918680551509645,0.019101736106543147,0.15058180858078446
257,0.07860233948632789,0.09126716521743061,0.01651313685236843,0.006663195572008314,0.01998958671602494,0.00758481340364687,0.05425744965778199,0.299723530743633,0.009738516605242921,0.03342600809188281,0.02675253548264458,0.02110011931135966,0.05952842346713822,0.018554313807939187,0.0034844233725181096,0.009061409068993557,0.02308981273876877,0.1805729937127068,0.008440047724543865,0.03165017896703949
258,0.010267173966717544,0.01955711560802323,0.12876824145312324,0.023877148759808238,0.035404048161094985,0.03277270914260268,0.010800198171594916,0.036839848662954575,0.0414002804261125,0.07700380475038159,0.044002174143075196,0.34503064857093646,0.008414107877870457,0.02067466507133884,0.018012585906522008,0.10206644229275451,0.011394657047099742,0.0071644878960085085,0.015730723423844774,0.010818938668135814
259,0.014087539642439273,0.02641413682957364,0.02113130946365891,0.024860364074892834,0.06580647370982473,0.008050022652822444,0.020180182705641654,0.11859487272986985,0.052828273659147294,0.40221216045539143,0.04226261892731783,0.05451460746151251,0.004403850701361571,0.033810095141854256,0.0060809523636428525,0.009497217736475917,0.019657032059217594,0.009288487676333591,0.032509706867167566,0.033810095141854256
260,0.011076778447140343,0.014334654461005146,0.021656854814754944,0.05221909839366161,0.056235952116250966,0.34718224591081764,0.056235952116250966,0.045691711094453906,0.04061485430618126,0.02284585554722695,0.06646067068284206,0.045691711094453906,0.02436891258370875,0.05221909839366161,0.008600792676603089,0.0051785759397036096,0.02436891258370875,0.0341164378289389,0.025209219914181465,0.045691711094453906
261,0.08365349966851902,0.16073138672859918,0.007770428315139784,0.011167646530293819,0.015540856630279569,0.021226448724246404,0.016736307140301075,0.055132907607450536,0.006216342652111826,0.011795405280082506,0.02302253284706726,0.019779272074901263,0.016355448827893998,0.03591515124142492,0.001996073328659761,0.10330720258088838,0.23444763020062687,0.13864304707167707,0.02710276068792762,0.0094596518619093
262,0.004300137017569561,0.1284047721814576,0.014351278927544278,0.008274937447204256,0.1093740026618811,0.10959767933693487,0.1093740026618811,0.04633964970434382,0.03309974978881702,0.03309974978881702,0.05792456213042976,0.04633964970434382,0.03861637475361986,0.04633964970434382,0.004728535684116717,0.004218715602551556,0.05792456213042976,0.0093557070466179,0.02896228106521489,0.1093740026618811
263,0.0048779788234392255,0.09882024550939567,0.11529028642762829,0.020345344663699107,0.06288561077870633,0.009347861061699589,0.04323385741036059,0.009553844134905513,0.03458708592828848,0.01383483437131539,0.014411285803453536,0.0461161145710513,0.022905153711490968,0.0300757268941639,0.0074380829953308554,0.05606249041558608,0.32871487381765274,0.01503786344708195,0.020345344663699107,0.0461161145710513
264,0.027816807111133872,0.04090706928107922,0.04346376111114668,0.04967286984131048,0.04967286984131048,0.01696146775069139,0.04346376111114668,0.04636134518522312,0.03660106198833404,0.05992511266977561,0.038634454321019265,0.06322001616166789,0.01937912556615948,0.015747663914188994,0.3297536122833841,0.012418217460327622,0.015453781728407709,0.015117829951703193,0.025756302880679517,0.04967286984131048
265,0.4060479076691151,0.02082420885996908,0.020941132042937526,0.018973168072416273,0.03162194678736045,0.010084807777773278,0.04493645069782801,0.03415170253034929,0.03712141579385793,0.01041210442998454,0.03557469013578051,0.038808752875396924,0.02032839436330315,0.030492591544954727,0.008370515326066003,0.14116678520823417,0.011458454442256015,0.005379549344445172,0.02587250191693128,0.04743292018104069
266,0.02683544108348947,0.039815888489093905,0.10949369334500827,0.011837156037298187,0.14599159112667773,0.006486622087863302,0.0875949546760066,0.06256782476857616,0.027373423336252062,0.010712049064942794,0.007019041241578861,0.0875949546760066,0.01327196282969797,0.039815888489093905,0.008938260681225161,0.01904238145130578,0.025763221963531348,0.20813101749425653,0.021898738669001647,0.039815888489093905
267,0.07066458684811193,0.21910050744678453,0.012438689114300506,0.011070511630485544,0.012438689114300506,0.004668334675712736,0.04975475645720202,0.10270336286568021,0.012438689114300506,0.003640591935892831,0.010661733526543291,0.029852853874321215,0.005147043771434693,0.009950951291440404,0.002618671392484317,0.33839255161514387,0.06038636976250989,0.015575199592407853,0.01356947903378237,0.014926426937160606
268,0.00482014102307317,0.014055819131261832,0.0075953737333274195,0.009283234562955734,0.08195306097253906,0.0015400637650540572,0.01985785708180754,0.03814209692021062,0.01089771013912195,0.004729194966034054,0.014965341568898434,0.3788984333114099,0.005012946663996097,0.013924851844433601,0.008846381357944437,0.11898440650260014,0.18575751031453394,0.05997474007535812,0.005115251697955202,0.015645584367484727
269,0.06280503759316919,0.028079022837196904,0.04413091945799012,0.013206666783610349,0.08817330745385339,0.03670860424441155,0.10634387893730687,0.022123988799894252,0.012084531697421234,0.014674074204011494,0.026796135502977513,0.07250719018452739,0.001704752883968884,0.018676094441469178,0.020423385418944617,0.06340275240116938,0.13127927848857113,0.011806726371043729,0.14111883252690063,0.08395481977156218
270,0.15307957563808816,0.0678248412500144,0.010798420195489648,0.01792851310245782,0.014668783447465488,0.014222396147971933,0.024761449980163983,0.029337566894930972,0.0955084499234896,0.007334391723732744,0.013446384826843363,0.026892769653686727,0.21947648846054438,0.029337566894930972,0.05571326245536895,0.06315103870283394,0.04426903808005336,0.002233186765942408,0.08067830896106018,0.029337566894930972
271,0.03388081915842916,0.14604198769711987,0.03798664212069545,0.20771570968194128,0.14604198769711987,0.01070252977876389,0.06258942329876564,0.054765745386419956,0.020551262433947486,0.011841242245712423,0.03129471164938283,0.07302099384855994,0.014604198769711989,0.03651049692427997,0.011233999053624606,0.010953149077283992,0.02086314109958855,0.010985164999805067,0.029208397539423978,0.029208397539423978
272,0.02299433480817922,0.04487033090470479,0.0093617596875601,0.04307551766851659,0.011217582726176198,0.0005427862609440093,0.016826374089264292,0.04711384744994002,0.17787881180079398,0.03938087552806537,0.09387345544536921,0.019230141816302053,0.0014814559621748387,0.18845538979976006,0.0668315139883455,0.04862322119960452,0.042340175503176265,0.09277413559576635,0.008653563817335924,0.02447472594802079
273,0.03095288379726858,0.04479425357826383,0.03359569018369787,0.04134854176455124,0.03839507449565471,0.009430369174371333,0.19037641115887036,0.04134854176455124,0.06719138036739578,0.015975941223653093,0.026876552146958305,0.04479425357826383,0.25508146087756567,0.03161947311406859,0.00790486827851715,0.006012578296915774,0.040046636613925955,0.013782847254850412,0.026876552146958305,0.03359569018369787
274,0.0993894310758983,0.1050688271373782,0.1483289850640109,0.01686741234136898,0.01686741234136898,0.0060389500975271656,0.016305165263323346,0.01811685029258149,0.02735699675560549,0.04969471553794915,0.048915495789970044,0.2318294076037325,0.015779192190312916,0.05348958472448344,0.037668721636960174,0.03165520164053285,0.03286096480793039,0.010130603167515803,0.01397585593999144,0.019660226591558395
275,0.004927522908027343,0.014102910391940329,0.029213171526162113,0.008346620436046316,0.13763238099512765,0.0035257275979850822,0.020449220068313477,0.11258776373660191,0.01573016928331806,0.2559417408115153,0.19480496629862182,0.022721355631459415,0.005526816234679317,0.011053632469358636,0.002860030778785101,0.0036845441564528785,0.002409702514681654,0.02695578568463833,0.06921862436012265,0.058307314116162454
276,0.12665086231304176,0.022026236924007264,0.06007155524729253,0.0386138314434044,0.03604293314837552,0.014684157949338176,0.055065592310018154,0.06448764548934974,0.09090273923766003,0.054064399722563286,0.045746799765245864,0.08552946181773828,0.013671457401107956,0.023436339303607157,0.05997137888789862,0.057702536167117624,0.07924427813598776,0.03964722646321307,0.00600908396422422,0.026431484308808713
277,0.016515923220591488,0.02173147792183091,0.025806130032174204,0.03590418091432933,0.025806130032174204,0.011630931845486964,0.024288122383222782,0.3921256123950753,0.06352278161765958,0.013107875571898006,0.02752653870098582,0.024288122383222782,0.012903065016087099,0.039323626715694025,0.012144061191611388,0.006998272551098088,0.006082151945484714,0.18785027968953538,0.026638585839663696,0.025806130032174204
278,0.03356471426027393,0.05421992303582711,0.05873824995547938,0.0469905999643835,0.02517353569520545,0.015663533321461167,0.022026843733304765,0.3347345627821965,0.05873824995547938,0.011285377755341148,0.08604250377813094,0.029510461249189986,0.011555065565012337,0.03356471426027393,0.011555065565012337,0.020345499163549614,0.0069295757253994865,0.05090863018387488,0.0469905999643835,0.04146229408622074
279,0.0428847171419199,0.23125032617268348,0.05450979185171294,0.02733619495437426,0.038574065240521684,0.25678542293743645,0.02077065051412706,0.0284229954403844,0.030002050742627975,0.00843807677136412,0.03375230708545648,0.02571604349368112,0.011739932899289209,0.0284229954403844,0.007200492178230714,0.060107184341689435,0.01350092283418259,0.006865228349502449,0.03514653636990977,0.038574065240521684
280,0.018588827233075884,0.01805146545620155,0.020175167274578205,0.01615304987150042,0.06691977803907316,0.047716918303029925,0.055110405443942606,0.039036537189459354,0.061953290411710306,0.04520020095621608,0.04933723903607612,0.04899683480968992,0.007145371743079781,0.02143611522923934,0.16275002459939641,0.04507411203795819,0.06401164849769658,0.050517871656947384,0.044715530642750904,0.11710961156837804
281,0.014801208129350986,0.06733054630976883,0.023259041346122982,0.06783887059285869,0.02713554823714347,0.010204951996597381,0.007069841807942355,0.03015060915238164,0.047886261594959074,0.03548272897004681,0.08140664471143041,0.04284560247970023,0.00783616264577845,0.04284560247970023,0.38714307411183807,0.013627004010295776,0.015359744285175551,0.013130103985714582,0.023943130797479537,0.04070332235571521
282,0.00884490401744824,0.011659191659363589,0.014657269514628512,0.01768980803489648,0.015545588879151454,0.004580396723321409,0.03017673135364693,0.24393215242757277,0.020520177320479917,0.296152317562195,0.012825110825299949,0.014250123139222163,0.00884490401744824,0.057000492556888646,0.005288705494969051,0.005234739112367325,0.0655787043141932,0.13469122805520453,0.011152270282869517,0.021375184708833244
283,0.012608043985815082,0.011302576861973435,0.1926856879766642,0.10733805317613977,0.045287631164319664,0.04014533896329573,0.023688914762874897,0.04052051209439128,0.034913373073461616,0.03656976216518812,0.04562309509887016,0.10265196397245786,0.0034250232915071024,0.04872414868025236,0.00999856791939525,0.06599054826800865,0.12038275774951879,0.012274593747532469,0.032572257798952974,0.013297149249380514
284,0.009368129898730258,0.015038313784803834,0.024845909731415036,0.02116503421564984,0.025975269264661163,0.0017154015745540479,0.028572796191127285,0.35277179653285645,0.031180489195925407,0.006493817316165293,0.024845909731415036,0.05714559238225458,0.013606093424346327,0.038097061588169716,0.27127974172670505,0.006357883321202338,0.013606093424346327,0.008928998809727277,0.013289672647035946,0.0357159952389091
285,0.004812648062271685,0.0082777546671073,0.006675608602505886,0.020694386667768253,0.005748440741046735,0.002554862551576327,0.009854469841794404,0.0906824340104477,0.020694386667768253,0.6370072894546229,0.12958602975075617,0.014933488324742056,0.0031355131314800373,0.01478170476269161,0.0030432921570247426,0.0022886864305433504,0.002764098122425408,0.005189591965550979,0.008997559420768804,0.0082777546671073
286,0.13849051318084918,0.08606803025331039,0.00997068259520913,0.040897979673719526,0.009555237487075418,0.0019635114757714095,0.04179360774313631,0.11185772218453204,0.16618861581701905,0.006182776324232623,0.07616978224946705,0.058166015535956656,0.0025315428153335974,0.04011449347307356,0.10433017802761409,0.04731838548840286,0.014186833057550408,0.02102386103709277,0.013219548985444696,0.00997068259520913
287,0.06129492137382747,0.025363415740894128,0.05650206948492699,0.06763577530905102,0.020290732592715303,0.07645783295805766,0.03271545144848915,0.01685739301880469,0.04755928038184068,0.0775822128544997,0.13527155061810203,0.04694246316415321,0.003487736486649247,0.05918130339541962,0.03006034458180044,0.0705044363676225,0.06106780608143307,0.021520473961970776,0.005949668124284009,0.0837551320554582
288,0.018713654501847813,0.05236952722802054,0.05631500731907604,0.19691314145339048,0.029925444130297445,0.002217693948044426,0.10473905445604108,0.10473905445604108,0.007186366421409468,0.0690622963758669,0.04189562178241643,0.04189562178241643,0.03491301815201368,0.0787645725304326,0.00872825453800342,0.014446766131867732,0.020947810891208212,0.014173656226489197,0.03222740137108956,0.06982603630402737
289,0.0283502104543732,0.03465025722201169,0.031185231499810524,0.044550330714015034,0.06237046299962104,0.0040500300649104586,0.143960115879523,0.044550330714015034,0.35880463796949674,0.009745384843690788,0.031185231499810524,0.055164630165794606,0.017325128611005845,0.018344253823417953,0.001407971072999346,0.009172126911708978,0.025987692916508768,0.012474092599924208,0.025987692916508768,0.040734187120853395
290,0.05821380819476002,0.024898059071973136,0.009221503359990052,0.12864393237775518,0.020748382559977616,0.006263662659615884,0.0968257852798955,0.17636125175980968,0.007799543500865822,0.08550848570172592,0.05107294168609874,0.02964054651425374,0.007216828716513954,0.012479269601385313,0.018218092003882785,0.07854913335292873,0.059689193348439286,0.04529520863439248,0.02525890050779884,0.05809547116793732
291,0.017310087768337156,0.012416727345926346,0.3791060513494553,0.14070196675656244,0.014190545538201541,0.11395239947484602,0.06520363194273467,0.018625091018889522,0.004611703945428357,0.0038205314910542605,0.011920058252089296,0.024291549155136438,0.017206513984888313,0.06215478319906766,0.028040245012410592,0.04129563356373195,0.019853669982563448,0.0050724670307425385,0.00876474871477154,0.011461594473162784
292,0.06758030706148949,0.024323161552727547,0.04864632310545511,0.014593896931636532,0.0162154410351517,0.0734627048091497,0.024323161552727547,0.07462429848462723,0.04044910062366138,0.006986662834996055,0.02561776372831887,0.041171405991941044,0.006509240210687782,0.024323161552727547,0.012263823061429249,0.3252626172439859,0.13548951401765102,0.007888592936019746,0.010810294023434468,0.01945852924218204
293,0.007667122923852932,0.011022879339485687,0.013545250498806845,0.017667718041921972,0.3460681044243465,0.014090896446360506,0.020317875748210267,0.02709050099761369,0.033863126247017115,0.05344549283871176,0.020317875748210267,0.022575417498011407,0.012698672342631417,0.025397344685262835,0.0018369128614593693,0.007814567595465489,0.01401232810221398,0.00712907920989834,0.1911688685038072,0.1522699659467125
294,0.009892986935461291,0.024992809100112735,0.047486337290214196,0.017587532329708958,0.22053643786849178,0.007194899589426392,0.03165755819347614,0.033918812350152996,0.021584698768279183,0.06223607918523935,0.027933139582478936,0.02967896080638387,0.013966569791239468,0.02967896080638387,0.0080485317441041,0.03637470647802671,0.021582379159001665,0.012922534896397301,0.02787723974704381,0.31484882537837716
295,0.04164679721854841,0.14093341125029246,0.028792847459737172,0.04935916707383515,0.06674842729347706,0.0016611258149848364,0.05969877321197285,0.1283922047038297,0.04435654878932484,0.059427504146512274,0.12438510102606459,0.01489285213434681,0.00539460187185045,0.03701937530537637,0.029459273968230264,0.05830551610596777,0.06002576673809614,0.028441715173642815,0.015243272184566734,0.005815718529343418
296,0.008999512048108496,0.014673131121271884,0.15207956291483202,0.01698485617994652,0.021520592311198763,0.04637952159077026,0.018988757921645966,0.014673131121271884,0.01793382692599897,0.0068682741418719445,0.0248314526667678,0.0058095111867527876,0.010760296155599381,0.01614044423339907,0.004966290533353559,0.02195138326047853,0.0124157263333839,0.008304919432697629,0.011528888738142194,0.5641899211825084
297,0.11578812101637094,0.0453610225874395,0.01609915460257212,0.05866414713519812,0.006935037190392225,0.03317362670553293,0.011348242675187277,0.030240681724959667,0.04091474037493025,0.057121287702701584,0.12852289733107858,0.038946332524569256,0.035931132587183265,0.10713360746058455,0.09191353133832068,0.053349127194032626,0.06705542469447578,0.03630850219284348,0.007342980554532945,0.017850402407094245
298,0.041577063198111,0.0300278789764135,0.0013356743919878465,0.019645282752737296,0.041577063198111,0.009124521137927838,0.2808697220954821,0.017859347957033905,0.01589711239927773,0.02643758909879884,0.01309685516849153,0.09251156276093705,0.004791532378716415,0.15764636462617082,0.059117386734814065,0.08153721167721889,0.05136333614297623,0.029558693367407036,0.015111755963644075,0.010914045973742941
299,0.06103003305720557,0.04660475251641154,0.013407956702102507,0.013407956702102507,0.015642616152452923,0.009879547043654477,0.08806852558122706,0.01877113938294351,0.03754227876588701,0.010116852718005376,0.026815913404205007,0.32655218783444256,0.054973700885567765,0.05256306939797594,0.01379766449137698,0.09154504958580836,0.07209172654882408,0.027463514875742515,0.017064672166312276,0.002660842187751997
300,0.013027479987490407,0.08389853543041213,0.04751198583672972,0.02884656282944304,0.03846208377259072,0.012237935745824319,0.020192593980610133,0.033654323301016885,0.02884656282944304,0.004871178385024193,0.033654323301016885,0.03671380723747297,0.3766215130659067,0.07014008911235955,0.00824187509412658,0.017611082410815496,0.0712911918325778,0.016483750188253165,0.02884656282944304,0.02884656282944304
301,0.01682476817895449,0.04451951033281706,0.023502733019026216,0.023982380631659403,0.03917122169837703,0.008970508785887867,0.011358765537352298,0.029378416273782765,0.0317604500257111,0.012773224466862071,0.03357533288432316,0.0317604500257111,0.018079025399250933,0.03357533288432316,0.009632267630748448,0.010683060463193733,0.0170309659558161,0.01588022501285555,0.03790763390165519,0.5496337268916923
302,0.0250433689600335,0.04987618647732831,0.029556258653231585,0.027517895987491478,0.03069303783220203,0.015624984425373915,0.036273590165329675,0.033250790984885537,0.05880468589706449,0.010784040319422337,0.027814630707168993,0.06138607566440406,0.01773375519193895,0.036273590165329675,0.37583222903409647,0.06909235437531308,0.01773375519193895,0.015346518916101014,0.017027863071498603,0.04433438797984739
303,0.1014013341420415,0.03681548612986754,0.026659489956110977,0.03681548612986754,0.07028410988429257,0.017180560193938186,0.035142054942146284,0.014528172756314683,0.033614139509879064,0.013103817097071499,0.023428036628097525,0.02577084029090728,0.01768134516959578,0.022089291677920522,0.011714018314048762,0.02701680405130752,0.3635075212924558,0.028634266989896972,0.05947116990209371,0.035142054942146284
304,0.02170011573643601,0.028274878718005096,0.06510034720930803,0.03906020832558483,0.03720019840531887,0.01984571916652244,0.05208027776744644,0.060092628193207424,0.0411160087637735,0.01785503057621082,0.0339653985439868,0.03906020832558483,0.026040138883723217,0.04882526040698102,0.017228783324333558,0.016275086802327005,0.020558004381886746,0.016275086802327005,0.3694003055704325,0.030046314096603712
305,0.2837982705433443,0.03754318942004107,0.013423424042482708,0.028604334796221764,0.050057585893388094,0.19047746067411864,0.022247815952616927,0.027304137760029865,0.05460827552005973,0.016234892722179917,0.05460827552005973,0.024027641228826283,0.00625719823667351,0.040046068714710475,0.01018120391051961,0.012317962224619415,0.033323824159653175,0.02142729855729757,0.027304137760029865,0.04620700236312747
306,0.012608805962139565,0.0682215824490467,0.04682912176036142,0.024453441865967648,0.020691373886588007,0.008966262017521471,0.05749296220312047,0.05379757210512883,0.06207412165976402,0.020691373886588007,0.05043522384855826,0.02196116122204369,0.014157255817139162,0.07336032559790293,0.01391316519960228,0.010759514421025762,0.018766594920393776,0.017542686556020266,0.021809826529106277,0.3814676280919814
307,0.02137781960462664,0.04933342985683071,0.08605918296342659,0.03772556400816466,0.030539742292323774,0.01068890980231332,0.3006386745135052,0.04275563920925328,0.04580961343848565,0.015364589654952328,0.04275563920925328,0.2114668781615185,0.009451359202221753,0.011908248088826363,0.00276649140101283,0.011876566447014798,0.01886278200408233,0.01603336470346998,0.02137781960462664,0.013207685834091284
308,0.008488734341764587,0.02838420545527533,0.023902488804442387,0.026912427065774836,0.06986881342837006,0.43094402000522497,0.033640539798844835,0.053429092621694756,0.034934406714185025,0.015394823297776453,0.04541472872844053,0.027524078017236685,0.013762039008618346,0.030276485818960353,0.006309436789774432,0.010092161939653453,0.015394823297776453,0.04257566123379,0.04490542635869595,0.03784560727370044
309,0.043619150072386134,0.0480675176290889,0.06270252822905507,0.04560183871204005,0.043619150072386134,0.003411172212526327,0.01760070967833125,0.015721772701690465,0.04012961806659524,0.017297249166635883,0.02572411414525336,0.006708026762155554,0.010904787518096534,0.030401225808026698,0.014016376648147404,0.47500729681291887,0.014427187335108919,0.027114606801753545,0.034594498333271766,0.023331173294532118
310,0.013519758576446808,0.08073535885512938,0.013836236185630608,0.05095909001891489,0.1642014751778417,0.01661186456332717,0.024968638934661593,0.02760284042691223,0.05095909001891489,0.016157760249899844,0.05095909001891489,0.01480096772799532,0.007614576669493031,0.08280852128073671,0.011421865004239546,0.007047533726020143,0.012044875822652614,0.012044875822652614,0.02760284042691223,0.3141027404927038
311,0.07594853051792978,0.024082518940268697,0.06391608264554344,0.318167182699368,0.021751952591210436,0.0036473844119683223,0.04816503788053738,0.11671369575780371,0.00813034097413622,0.025010077662386526,0.04495403535516823,0.029317849144674935,0.014984678451722744,0.05187004079442487,0.014984678451722744,0.02667741617321229,0.026972421213100933,0.013288951201610225,0.04816503788053738,0.02325208725267322
312,0.2931929629697153,0.03655083608419728,0.02427745576058734,0.027015835366580598,0.03883526333945961,0.008149282515699347,0.10629588738419322,0.03883526333945961,0.051780351119279484,0.017753263240895822,0.056487655766486705,0.027015835366580598,0.006681335628294125,0.03270337965428178,0.011506744693173218,0.15992297776936087,0.004958433640598577,0.003907504519586634,0.03270337965428178,0.02142635218728806
313,0.10469125403079187,0.039002624050687176,0.011700787215206152,0.010844154512883186,0.00667332585408196,0.014625984019007686,0.08300009853357702,0.06300423885111005,0.11700787215206152,0.028101523921230807,0.03510236164561845,0.026592698216377615,0.08067327014678624,0.062404198481099474,0.11726544593601611,0.05367458978294746,0.02758361110249484,0.09291801612075473,0.015773315655102812,0.009360629772164923
314,0.037194435125016044,0.07533688372796979,0.018959159352382262,0.011560463019745284,0.01281024280566369,0.007874935581320883,0.017554777178131722,0.015749871162641767,0.016048996507674572,0.0036459921831504347,0.03666277583724938,0.016344102889984707,0.11539359128253368,0.012153307277168117,0.004121556380952666,0.3388440713530875,0.22478474413029326,0.007338008155321734,0.01481184324404864,0.01281024280566369
315,0.14695717337017947,0.059913309143227005,0.014635213405238247,0.18919992361019053,0.010453723860884464,0.02808436366088766,0.00375868473803754,0.009442073164669839,0.05688449534293827,0.00846233179989082,0.03804019628141397,0.00813067411402125,0.003664569529861366,0.1382530371124581,0.0016703271640904536,0.24458991373077696,0.005961523297833534,0.00813067411402125,0.010453723860884464,0.013314068698494892
316,0.01510111436203727,0.02496854491113284,0.019733204849121118,0.010824442730591893,0.026596928274902374,0.5817789821383966,0.02146418773062297,0.029930457015412762,0.032196281595934455,0.0074601140283262765,0.025488722930114772,0.024469174012910187,0.010732093865311486,0.017731285516601584,0.005582727915576669,0.008102375500963637,0.011224391749041369,0.08845471140048704,0.016312782675273457,0.02184747679724124
317,0.016965538968358663,0.03899543327894539,0.02448550461701222,0.021934931219406782,0.025679919476378668,0.007976338625238827,0.01619810305433116,0.030082191386615015,0.027707281540303302,0.06043806186240072,0.02448550461701222,0.031905354500955316,0.003617350626126862,0.029246574959209043,0.009317492907358633,0.49883673738211926,0.07076304915472392,0.014038355980420338,0.023397259967367235,0.02392901587571649
318,0.37959315155288553,0.10334825630801377,0.020649860258026096,0.02611944062304785,0.03221378200252071,0.007321314091481982,0.019174870239595666,0.023686604413618174,0.025978856453645744,0.006494714113411436,0.015791069609078782,0.028762305359393496,0.009256833908770322,0.022370681946194942,0.005368963667086787,0.14608053146858221,0.04092642148677121,0.054902038766328834,0.010194234810924277,0.021766068920622106
319,0.10007195924269169,0.23599670566149153,0.02311308213018999,0.01808849905840956,0.0062526231108130485,0.00467455593644292,0.01540872142012666,0.03200272910334,0.019811213254448568,0.003617699811681912,0.016001364551669995,0.01808849905840956,0.031333529636147994,0.013420499301400641,0.0047820169924531015,0.19613232849745954,0.18177090308731988,0.025149786377542935,0.011556541065094997,0.04272674270286535
320,0.008799879912130309,0.020728205768941067,0.03514782717342181,0.025262500780896927,0.011057538181962942,0.012831746428392092,0.02694666749962339,0.04042000124943508,0.029940741666248206,0.008692473386975286,0.029940741666248206,0.014970370833124106,0.016172247766961537,0.02607742016092586,0.009739759337213274,0.38125191519730556,0.2412015347256673,0.01684166718726462,0.029940741666248206,0.014036019411014098
