site,A,C,D,E,F,G,H,I,K,L,M,N,P,Q,R,S,T,V,W,Y
225,0.2847762668548322,0.27042541605507325,0.011053141613128592,0.00799680236847677,0.009427679611197915,0.022876757805177436,0.012821644271229168,0.10424562523664957,0.017807839265596072,0.005568605736011804,0.04006302460075159,0.020680071405208337,0.03401577560441173,0.010016909586897785,0.0030821260267377805,0.005106207481314617,0.005356940564107783,0.11273736396094523,0.006677939724598525,0.015263862227653772
226,0.006513986613493199,0.011002616044639774,0.020143250912494356,0.010791488061728914,0.012351993484076729,0.0027857687432173046,0.033572084854157254,0.017693396071785585,0.5896622699136433,0.009929507324603924,0.0094558577791056,0.021394518982181435,0.013225366760728618,0.016271683961949654,0.1383100115793478,0.005501308022319887,0.02305510265795767,0.027430534395637852,0.006205266868777882,0.024703986968153454
227,0.05761076201663088,0.29568769584741716,0.0073868132327828155,0.005105591499129298,0.006199646820371291,0.0006263658314045442,0.011366867330505069,0.02501008670597622,0.011572674064693075,0.0020665489401237636,0.0073868132327828155,0.13801859970225352,0.006429263369273931,0.007715116043128717,0.0015389793198054148,0.14919913073662877,0.16680475644718187,0.0899600026546795,0.0033706817664154584,0.0069436044388158456
228,0.008009507361961427,0.013419437773110813,0.006736599977273021,0.015935582355569092,0.013075349625082331,0.003453309043193301,0.03700782896110617,0.016627269203019237,0.021647680327502052,0.006218763846075741,0.017584090875110724,0.6702039751089788,0.05665984837535675,0.05665984837535675,0.007017504156580883,0.003521136617999976,0.014977165311225164,0.005502934914153353,0.011444822874198336,0.014297344917146097
229,0.02450120584384686,0.11205333477348368,0.0010770890518122791,0.000929467709685723,0.000759772360199533,0.00031653484399289184,0.001453215387365773,0.08553397191313906,0.001453215387365773,0.20635604524553142,0.23481028832445397,0.0011889944078447236,0.023967009957550287,0.0013767303669781007,0.0002996810782456423,0.009812580163779646,0.23556333094925636,0.05662401524413368,0.0005671826297933233,0.0013563343615413885
230,0.011746242422628802,0.017845252911301446,0.018937819416075006,0.020172894595384242,0.019743684072078195,0.004909805033797223,0.031998384530609485,0.41891258890487904,0.03866471464115312,0.005590079225226958,0.013354999391650378,0.04217968869943977,0.01306976269560106,0.027292739746696323,0.006545687636706773,0.007423625211101402,0.016814747233230395,0.24106933255018387,0.01472941510139167,0.028998535980864847
231,0.006682958430366164,0.01797486940287672,0.011298489338951083,0.004832191669714829,0.01977235634316439,0.030610336381945023,0.015209504879357225,0.012463075766296025,0.17485509799414428,0.004652319139568093,0.013181570895442928,0.1172471916211938,0.007323094941912738,0.024276440868312325,0.45994329784359683,0.011573352490087238,0.04257169899576919,0.0055696778431449006,0.007604752439678614,0.012357722714477744
232,0.022833147225896758,0.1149958543128675,0.012023352647470118,0.009308402049654288,0.009308402049654288,0.17871362052798928,0.012900425355745376,0.030762685294428892,0.012023352647470118,0.02439863056412714,0.07794006985762834,0.06932820061335049,0.003476632090834734,0.00824458467255094,0.0027222745636573055,0.1343505499682335,0.19445824182068375,0.06408405743849442,0.003699493122298499,0.014428023176964143
233,0.03548893533769501,0.055109648007873026,0.04748240166935867,0.005774886689516595,0.0534177018780285,0.0013230390558025636,0.0284894410016152,0.28342104689763276,0.02249166394864358,0.008600588074059674,0.007074465151375818,0.026708850939014248,0.011588458124660942,0.012568871030124351,0.003364894606489984,0.006892606693939162,0.13741626516248853,0.20255485291304395,0.007497221316214526,0.0427341615024228
234,0.11764313633762584,0.19662280070002686,0.005572202062064614,0.00835830309309692,0.01921400001666065,0.017768939216585004,0.010538729986948292,0.012430296907682601,0.015638115464503916,0.0038782526351969714,0.017313627835700764,0.015031282883797204,0.0014570354661848155,0.026932309966645637,0.004108318469488317,0.23137883917239585,0.25219812595274943,0.032816641880961214,0.005446984038197993,0.005652057913487158
235,0.0141424377171204,0.04371072464740162,0.013473602525990874,0.014645220136946599,0.03062182392270653,0.01746896620439538,0.02245600420998479,0.18246317802057768,0.01684200315748859,0.06539578544650214,0.03330340925516314,0.02431015348177829,0.004263798267718631,0.03742667368330798,0.0040100007517829975,0.0813199950492587,0.16001137349307296,0.20606484476632186,0.011228002104992398,0.01684200315748859
236,0.02464553975239524,0.10127722610725998,0.007930086587725798,0.00588361262960301,0.008290545068986062,0.0018239199151769336,0.0072956796607077335,0.03315463551036589,0.007673760083010055,0.445619794871944,0.10246872288499247,0.009119599575884665,0.0037222855411774155,0.0329150984848595,0.0020726362672465154,0.029447591593667045,0.08634981828683427,0.07822792637250428,0.005066444208824815,0.00701507659683436
237,0.22005535083533112,0.016586505281321523,0.017645470435872265,0.008020668379941937,0.026468205653808398,0.12838114768607023,0.01890586118129171,0.01713978350691907,0.014307138191247782,0.005090039548809307,0.01020262084227406,0.024454499894072588,0.011507915501655825,0.012310793327352746,0.0017095268757702613,0.2522112944140692,0.18133612658927314,0.00456348373341524,0.00504156298167779,0.024062005139825822
238,0.16599039490076117,0.020429587064709064,0.016403764091785768,0.0032807528183571542,0.022965269728500076,0.11695198392116063,0.014553577046401294,0.10214793532354534,0.03557810551699251,0.010359579602053928,0.02383451824216058,0.0306443805970636,0.009902728784455793,0.10920035724161076,0.014609786128502457,0.11216243878663804,0.0813014179105769,0.03648140547269476,0.005103393273000016,0.06809862354903025
239,0.021970737799868172,0.057286664485582214,0.010969709448334957,0.01950170568592882,0.16223226131548954,0.004500393619829726,0.04235005085779349,0.17153104977185318,0.029252558528893222,0.0832766806727543,0.028932658831102125,0.04807272544244662,0.0006210610074285022,0.018027272040917475,0.0018585229055623383,0.016890417047346108,0.01644593238820542,0.22975934954110513,0.014647158533245452,0.021873090076313207
240,0.01764682439949103,0.01887799819480436,0.020814203137861215,0.04509744013203262,0.01239965012153197,0.009019488026406525,0.013758541057230293,0.02945178948106989,0.16235078447531748,0.38678772566579467,0.06764616019804894,0.028991211513449546,0.00270650896839822,0.031221304706791818,0.00456331610541435,0.009224476390643036,0.02799151456470991,0.009663737171149846,0.0737958111251443,0.02799151456470991
241,0.02798373635065398,0.10873680410539832,0.043699863119536,0.010548242821956965,0.043699863119536,0.002427770173307556,0.06796050256587396,0.08649518508383959,0.030589904183675198,0.14518518760228724,0.05803393090642354,0.07766914578957024,0.0015917740805748875,0.02664251266246776,0.001636843513521384,0.011765347762952,0.08364369546569105,0.06295288658733589,0.027184201026349584,0.08155260307904871
242,0.066749082579399,0.020130675698548903,0.011336896906547865,0.008494299296261859,0.06427057388714413,0.06432523345096874,0.045347587626191455,0.045347587626191455,0.0340106907196436,0.12078405419129344,0.19971670012146786,0.015115862542063823,0.02267379381309573,0.12078405419129341,0.015437249804782073,0.012078405419129346,0.017005345359821802,0.021960737125689724,0.021960737125689713,0.07247043251477606
243,0.0319828079711033,0.004390660555098213,0.04264374396147106,0.12098226183857465,0.0639656159422066,0.0030459817115336472,0.002994685295464998,0.08528748792294212,0.12098226183857465,0.009137945134600943,0.12098226183857465,0.08528748792294212,0.012632638839631276,0.0319828079711033,0.12126066984895598,0.016343428721152308,0.0319828079711033,0.019681727982217418,0.023260223978984217,0.05117249275376528
244,0.09959001999906297,0.17606092821262911,0.03771189040935829,0.014665735159194887,0.12481599996377998,0.003999745952507696,0.065995808216377,0.05287319211390274,0.007999491905015393,0.06247897506680371,0.1252781224346097,0.08799441095516936,0.011477531863717737,0.037065458571079804,0.003946821416273064,0.01199923785752309,0.002251638554544713,0.023658640920505427,0.00613914495036065,0.04399720547758466
245,0.0274540864382513,0.15439532224149105,0.1549108450990976,0.11262062552679485,0.036304071904278326,0.023664271178737897,0.08168416178462622,0.046676663876929265,0.029703331558045897,0.018927972637552137,0.02513358824142345,0.005741510430239635,0.019219802772853234,0.036304071904278326,0.005105260111539139,0.07739437700687986,0.038697188503439936,0.03333429197662439,0.017196665638868677,0.05553189116804878
246,0.04964110903092965,0.07601753877285884,0.009368076483114364,0.002338123244675061,0.036601379768260056,0.07178076856644161,0.015197801090387899,0.039143142252166994,0.016886445655986553,0.027338067604688064,0.29077762815895497,0.06710252957514344,0.03774517288601818,0.1098041393047802,0.015635540871878083,0.03402845460914065,0.025808665221209014,0.026692562776871386,0.019334627165719303,0.028758226960775752
247,0.11477999540593638,0.05133018428091564,0.005959234371674321,0.09561118318855057,0.02994260749720079,0.06555003262900716,0.05397542241845503,0.02994260749720079,0.03376899477282115,0.04048119829389133,0.022512663181880766,0.06986608416013519,0.09577086646232813,0.05065349215923173,0.06192051776818792,0.04691429406863832,0.038570582579316566,0.031439737872060836,0.022512663181880766,0.038497638210686726
248,0.0186934132124974,0.07953466413456037,0.07953466413456037,0.03364814378249532,0.04206017972811914,0.04940755442271097,0.07953466413456037,0.07953466413456037,0.018921881449658024,0.06233834127098304,0.014020059909373052,0.07953466413456037,0.024034388416068087,0.044883605715107786,0.07964624153960465,0.06872591777990016,0.009896512877204508,0.02137314557862275,0.035142629510292914,0.07953466413456037
249,0.042947261646867504,0.101509288573936,0.101509288573936,0.02385958980381528,0.05368407705858438,0.0006626948355568376,0.07157876941144585,0.101509288573936,0.0429872018309646,0.0085894523293735,0.010862203323841366,0.02684203852929219,0.101509288573936,0.035789384705722925,0.10183013648966113,0.00776519411579147,0.02684203852929219,0.01952148256675795,0.018692031953352495,0.101509288573936
250,0.11350706502600116,0.035348220942353306,0.035348220942353306,0.01624210409040476,0.028615226477143145,0.16825753168560176,0.02670754471200027,0.022738945726566664,0.02731453436454574,0.013805711561763292,0.01483752484000015,0.06163279548923141,0.10703621553189645,0.08436920464417912,0.038216387992500406,0.09949191478058532,0.05458154795583669,0.024361611730540796,0.014211841079104167,0.013375850427392156
251,0.03208159765013493,0.10854698602012619,0.01055032332275749,0.030985352612686437,0.08024723609345046,0.016259243914359237,0.020045614313239226,0.06484625138864684,0.011791537831317192,0.046436864249840414,0.08605142297484811,0.022290898914847347,0.0445817978296947,0.06687269674454203,0.0057156151063711145,0.06322509510393066,0.13374539348908412,0.0950948273917386,0.016049447218690092,0.04458179782969471
252,0.02677398029060519,0.03569864038747358,0.049428886690348034,0.004226451462190916,0.04589825192675175,0.01107888839611249,0.05841595699768404,0.049428886690348034,0.304445934436561,0.027938066390196713,0.06425755269745244,0.04046071848495708,0.05354796058121038,0.032128776348726226,0.05027604845123478,0.018359300770700696,0.03232032916289209,0.01606438817436311,0.02570302107898098,0.05354796058121038
253,0.08184196454283996,0.02379684442543373,0.027889582248678636,0.013338495858063697,0.07388510687895275,0.042161012037220585,0.05942425532127328,0.08768781915304283,0.01278272519731104,0.06535990223907356,0.10230245567854995,0.025565450394622078,0.009896303378563386,0.02359887728734346,0.006527349036924786,0.02673027503103819,0.01948618203400951,0.10430838618205092,0.047925474732293666,0.1454915383427138
254,0.008064146266723277,0.036096654717713714,0.02229499261976435,0.3607062053955605,0.0758029749071988,0.0019574858872415837,0.06891179537018075,0.05414498207657057,0.02629748955962808,0.029735929021245278,0.039896302582736215,0.09475371863399851,0.018488530465170436,0.027072491038285285,0.00891799704790574,0.024963495968452817,0.030321189962879514,0.007988886237508661,0.02368842965849962,0.039896302582736215
255,0.061548818942116695,0.031871355682221825,0.13664535875799833,0.15357282299398867,0.012908284731632025,0.0010084121044997441,0.01195211549225187,0.05061921196588172,0.030700827086225842,0.0428922917592518,0.06488097406738015,0.0695375033066658,0.05797874278361631,0.106006900421303,0.0024634131167236683,0.03901053935503951,0.05032319318245552,0.06272127566575963,0.005290280627718042,0.008067677957270012
256,0.01608486958608636,0.04163142716398823,0.3360612586911382,0.015385527430169564,0.058977855148983335,0.0029477161690753266,0.06433947834434545,0.10110489454111428,0.03077105486033913,0.01572742803972889,0.04163142716398823,0.01801879520908781,0.06433947834434545,0.05055244727055713,0.020220978908222855,0.02211669568086875,0.021446492781448483,0.020220978908222855,0.022830137477025808,0.03559105828126367
257,0.10692789953303755,0.08103188198279879,0.010111985963906318,0.04362898810508719,0.012240825114202384,0.0011805871937555599,0.03322509673854933,0.21472374032046682,0.005963478901790905,0.054733502434628815,0.025872943791858276,0.012920870953880295,0.08830845184475988,0.014769357799820472,0.0021337218088976636,0.010819413271961509,0.14244225078049078,0.11039387439828777,0.009189822630999404,0.019381306430820443
258,0.041708346194103026,0.05304718116897044,0.05814388437851985,0.07132070142630476,0.02538033236963673,0.03261787705496406,0.018436152021525133,0.03522262471949308,0.027439701443488826,0.09609275838837461,0.06308825474738272,0.13136741955037265,0.004279242085578285,0.10514709124563788,0.013630178494804909,0.11686114226959843,0.03343472592256035,0.036437110827696295,0.016000644319988374,0.020344631370999587
259,0.011609647492518001,0.021768089048471256,0.017414471238777002,0.02048761322209059,0.00950584116669563,0.00663408428143886,0.01663064051591489,0.013689204458758281,0.04353617809694251,0.33149540265547217,0.23238924212003195,0.058097310530007974,0.0036292465221154317,0.027863153982043202,0.006813846321845026,0.007826728646641351,0.016199508129094885,0.04085964696615947,0.026791494213503086,0.08675865039147855
260,0.010038675295849694,0.040627426329186526,0.06129216975212688,0.04732518353757712,0.0509655822712369,0.3145624015839526,0.0509655822712369,0.04140953559537998,0.03680847608478221,0.020704767797689986,0.06023205177509816,0.04140953559537998,0.02208508565086932,0.04732518353757712,0.0077947361120715266,0.00469324565817287,0.02208508565086932,0.05541909957707741,0.0228466403284855,0.04140953559537998
261,0.08427879164546398,0.07129520067125204,0.004987347094445725,0.03336491817643571,0.00997469418889145,0.07310571709186721,0.028659609202835813,0.08824142833504708,0.008870831419925371,0.028029618907689718,0.07642562454089548,0.062095819939477576,0.0007358103840896154,0.06209581993947757,0.003418118528778583,0.06620014453692043,0.15922362443443236,0.1177994231204795,0.015125904857052227,0.006071552984542621
262,0.0047433481518129655,0.03943099703375352,0.018160400849482887,0.009127827575305688,0.12064707967743908,0.12090026770063123,0.12064707967743908,0.05111583442171186,0.03651131030122275,0.03651131030122275,0.06389479302713981,0.05111583442171186,0.04259652868475989,0.05111583442171186,0.00521590147160325,0.0046535347070632595,0.06389479302713981,0.007122848357839667,0.031947396513569905,0.12064707967743908
263,0.019980231914832978,0.16550350361851288,0.10853742636135633,0.019153663475533468,0.059202232560739816,0.008800331867136997,0.040701534885508615,0.008994249961475395,0.03256122790840689,0.013024491163362755,0.02413592761103313,0.04341497054454251,0.012523549195541115,0.02831411122470165,0.00700241460395847,0.021996165472762817,0.3094282779981675,0.014157055612350825,0.019153663475533468,0.04341497054454251
264,0.027706775862114567,0.040745258620756716,0.04329183728455401,0.04947638546806172,0.04947638546806172,0.016894375525679618,0.04329183728455401,0.046177959770190936,0.03645628402909811,0.012201322408633284,0.03848163314182579,0.06296994514116948,0.019302470133261397,0.06713011443712229,0.3284468278787136,0.012369096367015433,0.015392653256730317,0.015058030359844876,0.025654422094550527,0.04947638546806172
265,0.36889513399925333,0.018923897808079647,0.025374755045405043,0.01724177355847257,0.028736289264120942,0.006688619052855738,0.04083577948059292,0.03103519240525062,0.033733904788315894,0.009461948904039823,0.03232832542213607,0.03526726409687571,0.01847332881264918,0.02770999321897377,0.007606664805208485,0.15575264012595158,0.06737048116639405,0.007948064751326124,0.023511509397917133,0.043104433896181425
266,0.001398121322392205,0.08701028855657765,0.10761274456366753,0.011633810223099186,0.14348365941822336,0.0024597198757409706,0.086090195650934,0.061492996893524283,0.026903186140916868,0.010528031017703499,0.005026626500900677,0.086090195650934,0.0130439690380203,0.0391319071140609,0.008784713841932038,0.018715259924116084,0.025320645779686464,0.20461947246077583,0.021522548912733495,0.0391319071140609
267,0.06419471291482087,0.30559119330868095,0.0402093675406159,0.004676366191975832,0.011301218297274927,0.0027415477868601747,0.04520487318909971,0.04520487318909971,0.011301218297274927,0.0033076736479829053,0.009686758540521366,0.027122923913459825,0.004676366191975832,0.009040974637819941,0.002379203852057879,0.35027239500623086,0.030045296496068713,0.007152973262604382,0.012328601778845373,0.013561461956729911
268,0.00838411890813411,0.015305833967398373,0.005944530873335749,0.007265537734077026,0.06228202617471055,0.0006682771576530004,0.007544981493079989,0.04994961464155066,0.00852910951391651,0.02303259835894956,0.0492840381034666,0.42829986454022856,0.0039233903764015945,0.01089830660111554,0.0017907977088771798,0.09307134162599597,0.13083398361653037,0.042276284433742914,0.0071179458485383495,0.04359741832229738
269,0.027137440186382627,0.021803315866850755,0.05506147284193579,0.02802235671419946,0.07008778996508959,0.06753420896217463,0.12388831389435549,0.02858961089869742,0.01275320878324248,0.00995531093793928,0.014363862480504983,0.055871200383728954,0.0013282295528348,0.015016765320527937,0.01283409028248475,0.052029987603060025,0.14806164343471756,0.012816032471829879,0.1420484780339058,0.10079668138553785
270,0.10395799344842731,0.03390177550329179,0.007337810665208152,0.012182896411966654,0.009967824337063624,0.012209213683217429,0.021659467682658643,0.019935648674127247,0.2784788702056111,0.01107586415590499,0.009137172308974989,0.018274344617949977,0.23185475633027772,0.019935648674127247,0.06412342406050256,0.03213869723050249,0.018928101502927695,0.020141807979283426,0.05482303385384993,0.019935648674127247
271,0.008594875760195806,0.14004897743382258,0.09690797312525681,0.19924478058272013,0.14004897743382258,0.0015983036399268835,0.060020990328781096,0.052518366537683464,0.01970791643029136,0.011355322494634262,0.03001049516439055,0.07002448871691129,0.01400489774338226,0.035012244358455645,0.010772998264140198,0.010503673307536694,0.020006996776260364,0.02359813092825908,0.028009795486764515,0.028009795486764515
272,0.016671476769982332,0.08011205022947084,0.010033489270494961,0.0460184629514862,0.027579558275719465,0.00028646440406494394,0.02679157089641319,0.15286955158541646,0.1283293732013069,0.036213888070245615,0.038155178366408894,0.08555291546753793,0.0010764117001228197,0.076697438252477,0.06636851448241546,0.03540848171478784,0.037244927281107267,0.0884162333736601,0.010356405556596695,0.035817608150285014
273,0.05863504903263215,0.0527311496045689,0.03954836220342667,0.04867490732729437,0.045198128232487624,0.011101294653593453,0.04633201815355419,0.04867490732729437,0.07909672440685335,0.005240635588716379,0.03163868976274134,0.0527311496045689,0.30030865233986836,0.03722198795616628,0.00930549698904157,0.007077920500001291,0.03907090524192437,0.016224969109098125,0.03163868976274134,0.03954836220342667
274,0.015978097928977482,0.04493781660997242,0.3378144026034721,0.020385849081798853,0.020385849081798853,0.007298637325582306,0.019706320779072223,0.02912636261757472,0.033063495212198694,0.007989048964488741,0.059118962337216675,0.2802645257028377,0.01907063301200538,0.023647584934886667,0.011076222403866446,0.011414427500366807,0.009111986350823546,0.008957418535941921,0.01689113209634762,0.023761226920770796
275,0.007123433544221766,0.020387758074841607,0.04223178458360048,0.012066224166742991,0.09163269992499527,0.005096939518710402,0.02956224920852033,0.02296522534751867,0.030309277667498438,0.17507015053436958,0.2819593445894938,0.03284694356502259,0.007989797083383873,0.015979594166767745,0.0041345803088839615,0.005326531388922582,0.0034835669047251004,0.0019120501037930696,0.09216856366724667,0.11775328565074106
276,0.08204427578841147,0.04280570910699729,0.08561141821399455,0.01173168096664295,0.042805709106997276,0.03372571020551302,0.07372094346205091,0.05707427880932973,0.09150560829470283,0.04377856613215632,0.07573317765084137,0.053908924137009144,0.025093001890308754,0.03529434410736763,0.015319725495888325,0.05908393651388358,0.1051632409114315,0.038525138196297555,0.013376784095936655,0.013697826914239127
277,0.019776574475856106,0.0260218085208633,0.03090089761852517,0.04299255320838284,0.03090089761852517,0.013927165123842327,0.02908319775861193,0.46969582545643285,0.07606374798406196,0.015695694028457226,0.03296095745976018,0.02908319775861193,0.01545044880926258,0.04708708208537168,0.014541598879305959,0.008379904438922078,0.00728291899379778,0.027356931395373887,0.031897700767509855,0.03090089761852517
278,0.03715999739621227,0.060027688101573676,0.06502999544337149,0.052023996354697184,0.027869998047159207,0.017341332118232394,0.024386248291264304,0.37072995452066015,0.06502999544337149,0.037166996162871765,0.027869998047159207,0.03267147322266444,0.012792785988859964,0.03715999739621227,0.012792785988859964,0.010134544744421532,0.00726654546504696,0.00461814471734371,0.052023996354697184,0.045903526195321044
279,0.05276133565995648,0.03713601589424299,0.04924341482805024,0.028264871613621942,0.05451082382627088,0.3630303295697356,0.029351982060299705,0.04016587018777854,0.042397307420432906,0.011924242711996757,0.047696970847987026,0.03634054921751392,0.016590250729734617,0.04016587018777854,0.02717482484172535,0.0036136023062813775,0.01907878833919481,0.009701576713613378,0.03634054921751392,0.05451082382627088
280,0.00972403205369208,0.025794274500320034,0.01621640087224239,0.016899697086416574,0.05250977308993722,0.006221301522758828,0.02162167127232709,0.07147163559463676,0.09966381817785078,0.049439026125613406,0.02374710129330195,0.03938268783258866,0.005743308642252512,0.017229925926757535,0.13079512640779825,0.05784219946522058,0.10268806613007136,0.07207223757442363,0.031187622804932414,0.14975009362685798
281,0.014775672817520994,0.06910712055007671,0.023218914427532992,0.06772183374697123,0.027088733498788486,0.010187346228935317,0.007057644789051949,0.03009859277643166,0.04780364735080322,0.012590935907763584,0.08126620049636547,0.0427716844717713,0.010518020010615057,0.0427716844717713,0.38644690610569077,0.03359944135669074,0.01533324537667273,0.01310745169296217,0.02390182367540161,0.04063310024818274
282,0.01409108261815369,0.018574608905748045,0.023350936910083258,0.028182165236307385,0.02476614520766406,0.007297167784401017,0.04807545834428905,0.389129257425332,0.03269131167411656,0.18410067410420575,0.020432069796322855,0.022702299773692054,0.01409108261815369,0.09080919909476821,0.008425595792298084,0.011114487905359911,0.004236450402831811,0.00610953953154093,0.017767017214193777,0.03405344966053808
283,0.10760230056146265,0.02945822440732585,0.19374205544495912,0.21062803670935099,0.026038851579304995,0.001184928867512505,0.04532034524203977,0.023297919834114996,0.008007726472681347,0.005533255960602311,0.016394832475858698,0.07637317438936331,0.006706976921942195,0.09819408135775283,0.005748837361664739,0.06813466869721627,0.028565550940437185,0.004145904012922071,0.018883477184183237,0.026038851579304995
284,0.012613176560601085,0.020247467636754373,0.03345233783463767,0.02849643593320986,0.034972898645303,0.0023096032149507143,0.03847018850983331,0.032378296513567814,0.13811571016487564,0.008743224661325754,0.03345233783463767,0.07694037701966663,0.01831913738563491,0.051293584679777744,0.365313101340648,0.008560204197520271,0.01831913738563491,0.01202193390932291,0.01789311093480619,0.04808773563729163
285,0.006008135126030625,0.010333992416772674,0.008333864852236028,0.025834981041931687,0.007176383622758801,0.0031895038323372454,0.012302371924729374,0.11332842153423431,0.025834981041931687,0.6610840144572758,0.06458745260482922,0.007443055175424262,0.003914391066959347,0.018453557887094064,0.0037992619179311304,0.0028572081643814346,0.002158645076332659,0.0017931853870229988,0.011232600453013776,0.010333992416772674
286,0.09064000824606931,0.04498924074243104,0.016979794110579302,0.012204227016978876,0.016272302689305167,0.0033438052283780435,0.014186448419246626,0.049844587186054466,0.21985023276706173,0.0053070993941935415,0.16199490835467706,0.019526763227166198,0.0043111467420630665,0.10613459512892637,0.17794219877610198,0.013427951398490012,0.009525250354715221,0.004705244151124386,0.011834401955858302,0.016979794110579302
287,0.07325658295066617,0.017416863964490714,0.031067802487128454,0.04508097412348688,0.018032389649394746,0.06272135530224261,0.03591632104578373,0.03932968573362614,0.013993295528792991,0.09369771092332568,0.14025191949529253,0.06474060318262483,0.004804652128135369,0.09016194824697374,0.021371721065949333,0.05842802034165534,0.06514110390692998,0.038250523498716146,0.008196171277407396,0.07814035514737724
288,0.013683347216461656,0.05302297046378893,0.017244895439205907,0.19941035921896763,0.030298840265022244,0.0022453653284455603,0.10604594092757788,0.10604594092757788,0.006894529383574339,0.02019922684334816,0.055739123935564794,0.04241837637103114,0.03534864697585928,0.1547216748499074,0.008837161743964818,0.014627026334838322,0.02120918818551557,0.008680571352221436,0.032629520285408574,0.07069729395171856
289,0.035358735035740864,0.04321623171034994,0.03889460853931495,0.05556372648473565,0.07778921707862989,0.005051247862248695,0.179476214437401,0.05556372648473565,0.05556372648473565,0.01548516923660554,0.03889460853931495,0.14151106175084044,0.02160811585517497,0.022879181493714675,0.03266885021228711,0.011439590746857338,0.032412173782762455,0.01555784341572598,0.032412173782762455,0.08865379706606182
290,0.0746502129091701,0.015993109724459335,0.008885060958032964,0.09047780278500091,0.02171120574844768,0.019630095954931745,0.09263447786004338,0.0868448229937907,0.03473792919751628,0.09895046498686455,0.11223023279197565,0.03473792919751629,0.009062068486308597,0.015993109724459335,0.06947585839503255,0.06744103986048573,0.0352293301589254,0.02522559764710708,0.05135172142241536,0.03473792919751628
291,0.0374531951208877,0.009243770065531627,0.38769554612967105,0.10475723443069325,0.01056430864632186,0.023004290285031585,0.061768801758649135,0.01386565509829744,0.03659660994722653,0.0028442369432405004,0.008874019262910364,0.1380714392252157,0.008150050232043984,0.039844690023326135,0.00965931879353361,0.0737266082529517,0.01504624658223505,0.003776254208606515,0.006525014163904679,0.008532710829721504
292,0.05192285786994902,0.03178247220240483,0.08192251996520604,0.02457675598956181,0.02118831480160322,0.09878892113451312,0.04096125998260301,0.04266668390458065,0.020073140338360943,0.008937002178022478,0.025425977761923863,0.09362573710309259,0.00850546281191645,0.06826876663767169,0.010458194038111409,0.14388951931782792,0.1771470641772566,0.010307828822401565,0.014125543201068812,0.025425977761923863
293,0.012487687379804597,0.017953314767990093,0.022061581037654786,0.028775975266506243,0.24078599993644104,0.00625979844461998,0.03309237155648218,0.044123162075309565,0.055153952594136954,0.012633640551985155,0.03309237155648218,0.036769301729424636,0.020682732222801363,0.041365464445602726,0.002991838501308332,0.012727835214031608,0.022822325211367015,0.01161135844087094,0.31151691751069854,0.03309237155648218
294,0.012374648231049785,0.03126226921528367,0.059398311509038966,0.02199937463297739,0.27612569959777244,0.008999744168036205,0.03959887433935932,0.04242736536359926,0.026999232504108624,0.0020731715961341095,0.034940183240611156,0.037123944693149356,0.017470091620305578,0.037123944693149356,0.010067510425260842,0.0035198020844125354,0.01916074564807709,0.00945280284254249,0.024749296462099564,0.28513298713303215
295,0.020238339149266333,0.11616021805340677,0.00994164028385013,0.10566543387406424,0.06197657780023465,0.001334850609384921,0.0692940229550595,0.06927722718329295,0.022570210374146242,0.06451024101930503,0.09543974672496124,0.051422277330259294,0.0005774013893732892,0.0965759341859727,0.04271943968622973,0.029824920851550384,0.05257274184002102,0.0436462256364152,0.024561699524806205,0.02169085152840028
296,0.02209383520305117,0.036022590910834915,0.3736153611909266,0.02330873529524612,0.0528331333358912,0.004097863253239582,0.04661747059049224,0.036022590910834915,0.04402761111324267,0.01686163829868868,0.06096130769525907,0.014262371346830482,0.0264165666679456,0.039624850001918406,0.012192261539051815,0.0198124250009592,0.030480653847629536,0.020388607775596427,0.028303464287084575,0.09205666173527699
297,0.10136460794200103,0.057955958487778854,0.03801624552602537,0.08100518183974956,0.00956579384891975,0.03165722890112463,0.02066960757256448,0.02229075326453033,0.0395555646196335,0.033683804933068044,0.11368284164910464,0.06200882271769345,0.07578856109940312,0.10493800767609661,0.04582564159498791,0.022879565614914145,0.08237887076022078,0.03713088421001979,0.01012848760473856,0.00947357013742539
298,0.05885631158788342,0.04667472204355026,0.00278498356794963,0.04096192154486966,0.031509170419130504,0.031433996478309356,0.18121357623158713,0.03723811049533605,0.03181068272066386,0.008904765553232536,0.03600621414788162,0.19312885889639794,0.00999071257191943,0.06826986924144943,0.02625453114949702,0.08508358376172559,0.042811595606231,0.01280060048277177,0.031509170419130504,0.02275662308048314
299,0.12092235850023395,0.035146196263989064,0.02761486849313427,0.02761486849313427,0.03221734657532331,0.0203477978370463,0.18157852022448365,0.03866081589038798,0.07732163178077595,0.009019485740929227,0.055229736986268534,0.07406494458139332,0.03886243970722398,0.15359864636437112,0.0015885946360728936,0.013807434246567133,0.024163009931492483,0.02761486849313427,0.035146196263989064,0.005480238990049308
300,0.015340855218762947,0.03658203936781933,0.05594900138607662,0.033969036555832235,0.04529204874110965,0.03112763783037122,0.02377832558908257,0.03963054264847095,0.033969036555832235,0.005736185541730328,0.03963054264847095,0.0432333192528774,0.4436223374570199,0.023287100563971323,0.009705439015952066,0.018889950497623365,0.01290764998542827,0.019410878031904135,0.033969036555832235,0.033969036555832235
301,0.017449403952322275,0.008937249297941003,0.024375294688788744,0.02487274968243749,0.04062549114798123,0.00930354759114074,0.01178047068184293,0.030469118360985925,0.03293958741728208,0.013247442765646053,0.03482184955541248,0.03293958741728208,0.018750226683683646,0.03482184955541248,0.009989874872454403,0.011079679403994881,0.017663257020861408,0.01646979370864104,0.039314991433530226,0.5701485347623588
302,0.02648007558185619,0.0527375206491643,0.03125186408839366,0.029096563116780307,0.032453858861024185,0.0027472868983015796,0.03835456047211949,0.03515834709944287,0.06997249739690505,0.011402707167386877,0.022524213685288515,0.06490771772204837,0.018751118453036196,0.03835456047211949,0.3974760169415953,0.028470517190125354,0.018751118453036196,0.016226929430512092,0.01800473018827327,0.0468777961325905
303,0.0026399869658003962,0.041596353769385454,0.030121497557141188,0.041596353769385454,0.07941122083246312,0.019411631759046543,0.03970561041623156,0.016414804668412174,0.03797927952856933,0.014805481850120249,0.026470406944154378,0.02911744763856982,0.019977448788770533,0.02495781226163127,0.013235203472077189,0.012303146889536543,0.41100387293890106,0.032352719598410906,0.0671941099351611,0.03970561041623156
304,0.022286125834794147,0.029038439827994082,0.06685837750438245,0.04011502650262947,0.038204787145361394,0.006799157034343977,0.05348670200350596,0.061715425388660726,0.04222634368697839,0.018337204420407625,0.034882631741416925,0.04011502650262947,0.026743351001752978,0.05014378312828684,0.004180887674233955,0.016714594376095605,0.02111317184348919,0.016714594376095605,0.3794666573126109,0.030857712694330363
305,0.3186777632172923,0.04214576501728998,0.03993563772417786,0.03211105906079237,0.056194353356386645,0.09288206276316176,0.024975268158394057,0.03065146546711998,0.06130293093423996,0.01822519568315242,0.06130293093423996,0.026973289611065585,0.007024294169548328,0.04495548268510931,0.011429360004688806,0.009497637186994923,0.033123642409953455,0.006068685358761671,0.03065146546711998,0.05187171079051074
306,0.014707045805422918,0.006292717769139043,0.02360650946444465,0.02852275550142627,0.024134639270437606,0.010458343683856298,0.004706527820698914,0.06275006210313779,0.07240391781131282,0.024134639270437606,0.05882818322169167,0.025615732766662982,0.01651317423766784,0.08556826650427878,0.016228464337018394,0.012550012420627555,0.021889556547606204,0.02046197677276232,0.025439214366136935,0.4451882603252336
307,0.024295043734641825,0.056065485541481136,0.04859008746928365,0.0428736065905444,0.034707205335202614,0.012147521867320913,0.3417168863306172,0.04859008746928365,0.05206080800280391,0.010412161600560783,0.04859008746928365,0.09139507411436532,0.010741094714827313,0.013533251448075085,0.0031440077062195367,0.013497246519245458,0.021436803295272203,0.018221282800981373,0.024295043734641825,0.08368721425534809
308,0.009237626247752585,0.03088831276592271,0.026011210750250698,0.0063951511083863675,0.07603276988534821,0.4690977168022919,0.03660837068553802,0.058142706382913335,0.0380163849426741,0.01675298319507672,0.04942130042547633,0.02995230328816747,0.014976151644083738,0.03294753361698422,0.006866067019084065,0.010982511205661408,0.01675298319507672,0.012691672085158121,0.017041827732922874,0.04118441702123027
309,0.04406546324183434,0.04855934670198338,0.06334410341013688,0.04606843884373591,0.04406546324183434,0.0034460754850380512,0.017780800957231408,0.01166672423966173,0.0405402261824876,0.017474235423486032,0.025987324475953585,0.006776663603542713,0.011016365810458586,0.030712292562490605,0.013041730322462555,0.48013360634599606,0.009410724643490426,0.027392044717897027,0.034948470846972064,0.023569898943306744
310,0.01580545345256225,0.005026804940118405,0.016175435807827602,0.059574401475042324,0.124199228111957,0.019420321053169286,0.0037709623795111197,0.032269467465647926,0.059574401475042324,0.018889444370135372,0.059574401475042324,0.030633992470622755,0.008901922059489085,0.09680840239694377,0.013352883089233629,0.008239012969952662,0.01408122216682819,0.01408122216682819,0.032269467465647926,0.3673515532083978
311,0.019048954812297694,0.03452091952929252,0.09012769935043737,0.3456309322602571,0.023622107651462342,0.003960973474197283,0.052306095513952315,0.04576783357470828,0.00882935860258114,0.013076523878488082,0.04881902247968883,0.0318384929215362,0.0429593665253418,0.05632964132271789,0.016273007493229612,0.010461219102790466,0.06443904978801271,0.014431487681078945,0.052306095513952315,0.025251218523976982
312,0.3267267823974765,0.04072956027958676,0.019233403465360413,0.030104457597955426,0.043275157797060926,0.0060737063574822356,0.07407722638443398,0.043275157797060926,0.05770021039608124,0.019782929278656422,0.06294568406845226,0.030104457597955426,0.009823861563527082,0.03644223814489341,0.01282226897690694,0.09591657802605313,0.005525313330504238,0.025122819266246536,0.03644223814489341,0.023875949129412922
313,0.08106462293016606,0.15100272898756426,0.027180491217761567,0.01698780701110098,0.008062285380650222,0.014156505842584146,0.06726775947811006,0.0418161403350178,0.09060163739253856,0.017598774213447653,0.063421146174777,0.04118256245115389,0.09753190278555095,0.03624065495701542,0.045940507370639615,0.06138716275477305,0.07114491240719857,0.039971310614355236,0.019056310899718706,0.008384776795876231
314,0.07555441620136492,0.03243761064338211,0.017600394645311608,0.010731947954458301,0.01578045923191562,0.015823224704088836,0.028833431683006314,0.010731947954458301,0.01029084472058093,0.008982722947398122,0.0035968645308914315,0.015172754004578973,0.17417137940140384,0.019961606549773605,0.0038261727489807855,0.31119892349131256,0.20860455537061612,0.011058276355698449,0.013750308316649697,0.011892158544129467
315,0.08106970843478113,0.04191897119066732,0.015719614196500243,0.4798619070510602,0.008495244442970033,0.01473713830921898,0.010811075316013517,0.00767312401300519,0.006607412344532247,0.0020158207152810247,0.019961414852698724,0.023288317328148515,0.0029780214542416772,0.11237357635684804,0.0013573954838979982,0.1342349077453954,0.00782070358034838,0.006607412344532247,0.008495244442970033,0.013972990396889106
316,0.011006449835487018,0.024932978198756305,0.01970509567321063,0.09223723623435179,0.02655904199432737,0.5809201012684905,0.021433612837527354,0.02988782225396574,0.03215041925629102,0.007449487388652799,0.025452415244563723,0.02443431863478118,0.010716806418763677,0.017706027996218246,0.01063784344181703,0.008090833985026882,0.011208403043477606,0.007365204613858457,0.016289545756520786,0.02181635592391177
317,0.011238466366833823,0.03948959892319942,0.024795794672706616,0.022212899394299677,0.026005345632350838,0.008077417961563516,0.016403371860405913,0.030463404883610982,0.028058399234904854,0.05249568966769916,0.024795794672706616,0.03230967184625407,0.0036631911323693677,0.029617199192399565,0.009435567884304285,0.5053327095707522,0.07346320825267702,0.01421625561235179,0.023693759353919656,0.02423225388469056
318,0.32765845949623584,0.11787058644413186,0.017827988276937334,0.04199101046996632,0.027811661712022234,0.00830451859038202,0.01655456054287038,0.020449751258839882,0.02242875944517923,0.0056071898612948074,0.013633167505893252,0.06524978892443012,0.007991856813799495,0.01931365396668211,0.0046352769520037074,0.2276154602712176,0.0029792171109201526,0.024484270268632348,0.008801158769627292,0.018791663318933945
319,0.05764226204915217,0.1753103369537141,0.013787656344566255,0.010790339747921417,0.026130527084807405,0.002788514766316771,0.020150613442955635,0.08370254814766191,0.011817991152485363,0.04163291960040225,0.05859178370336332,0.010790339747921417,0.0007250514012426794,0.008005735942006214,0.002852618554048191,0.11693167901791193,0.2732358002247022,0.06983540957394477,0.006893828172283128,0.008384044372593151
320,0.009893306288032333,0.023303782610807074,0.039515109644411996,0.028401485056921125,0.012431489192821119,0.01442615114002343,0.030294917394049197,0.045442376091073794,0.03366101932672133,0.009772553998080387,0.03366101932672133,0.01683050966336067,0.0025336962606249533,0.029317661994241163,0.010949970142427422,0.42878256623380834,0.16240698224562217,0.018934323371280752,0.03366101932672133,0.015780060692250207
