site,A,C,D,E,F,G,H,I,K,L,M,N,P,Q,R,S,T,V,W,Y
225,0.33520,0.21945,0.01285,0.01292,0.01490,0.02668,0.01626,0.07369,0.02301,0.00494,0.02877,0.02248,0.02468,0.01297,0.00359,0.00896,0.03577,0.09674,0.00901,0.01715
226,0.00686,0.01069,0.02109,0.03479,0.01289,0.00287,0.02968,0.01697,0.55180,0.01156,0.01019,0.03419,0.01243,0.02244,0.15988,0.00505,0.01480,0.01246,0.00598,0.02339
227,0.04862,0.22658,0.00937,0.00740,0.00722,0.00640,0.01157,0.01521,0.01233,0.00263,0.00879,0.15467,0.00870,0.00820,0.00177,0.17348,0.22564,0.05792,0.00409,0.00940
228,0.00829,0.01197,0.03826,0.01523,0.01266,0.00353,0.03450,0.03517,0.02533,0.00586,0.01704,0.61671,0.04725,0.04449,0.00592,0.01672,0.03296,0.00558,0.01028,0.01226
229,0.02367,0.10844,0.00145,0.00114,0.00101,0.00032,0.00183,0.10134,0.00183,0.19039,0.24538,0.00709,0.02307,0.00181,0.00041,0.00870,0.21957,0.06038,0.00076,0.00141
230,0.01125,0.01551,0.02338,0.01684,0.02100,0.00438,0.03199,0.34931,0.03291,0.00550,0.04446,0.02996,0.01011,0.02195,0.00578,0.00692,0.04079,0.29543,0.01228,0.02023
231,0.01126,0.02443,0.01919,0.01454,0.02827,0.02155,0.02557,0.02670,0.28222,0.00797,0.01915,0.06122,0.01085,0.02964,0.33164,0.01074,0.03735,0.00811,0.01176,0.01783
232,0.03303,0.10555,0.01173,0.00916,0.01051,0.19261,0.01561,0.03744,0.01084,0.05440,0.09368,0.06172,0.00375,0.01204,0.00321,0.14313,0.13742,0.04558,0.00456,0.01405
233,0.09499,0.12043,0.02316,0.00402,0.02449,0.00113,0.02233,0.26414,0.01286,0.00489,0.00996,0.02344,0.00700,0.01603,0.00285,0.04377,0.13984,0.13906,0.00603,0.03960
234,0.10458,0.22451,0.00578,0.00936,0.02513,0.01549,0.01335,0.01440,0.01843,0.00470,0.02586,0.03484,0.00283,0.02510,0.00446,0.23842,0.18005,0.03251,0.00635,0.01384
235,0.02760,0.05870,0.01407,0.01734,0.02651,0.01258,0.02048,0.20657,0.02346,0.05705,0.04009,0.01362,0.00510,0.02590,0.00446,0.06570,0.16753,0.17545,0.01627,0.02153
236,0.03678,0.11134,0.00751,0.00614,0.01102,0.00202,0.01035,0.01688,0.00987,0.32288,0.12635,0.02000,0.00520,0.07468,0.00230,0.06942,0.08524,0.06524,0.00511,0.01166
237,0.17792,0.02639,0.01819,0.01007,0.02693,0.15323,0.02754,0.01883,0.01387,0.00706,0.01270,0.03948,0.01120,0.01726,0.00464,0.26272,0.13702,0.00509,0.00509,0.02478
238,0.11203,0.03570,0.04138,0.00380,0.02639,0.15698,0.02816,0.10894,0.03591,0.02606,0.02227,0.03586,0.00779,0.09828,0.01729,0.11799,0.05511,0.03806,0.00430,0.02770
239,0.01456,0.10887,0.02120,0.02328,0.23025,0.00669,0.02257,0.12157,0.02542,0.10738,0.04213,0.02521,0.00314,0.01595,0.00858,0.01054,0.02923,0.15147,0.01534,0.01662
240,0.01365,0.02116,0.01698,0.04202,0.01457,0.00636,0.01144,0.10159,0.08059,0.28747,0.20385,0.02258,0.03501,0.03026,0.00458,0.00926,0.02194,0.00696,0.04446,0.02528
241,0.02210,0.11304,0.05533,0.04026,0.07585,0.00413,0.05853,0.04321,0.02308,0.15196,0.07585,0.08019,0.00186,0.02482,0.00646,0.03038,0.04428,0.03552,0.01888,0.09426
242,0.04826,0.04108,0.01499,0.00670,0.06721,0.07531,0.06273,0.05248,0.05892,0.06399,0.09064,0.06178,0.01938,0.08103,0.01346,0.03390,0.09969,0.02553,0.03963,0.04331
243,0.02775,0.01054,0.03979,0.10282,0.08038,0.00312,0.00652,0.08538,0.08935,0.01905,0.10282,0.08919,0.00745,0.05083,0.10304,0.00918,0.02045,0.04657,0.04119,0.06458
244,0.11821,0.05813,0.04714,0.00844,0.08703,0.00359,0.04557,0.10819,0.00804,0.05157,0.09283,0.06115,0.00696,0.07194,0.00367,0.02253,0.04083,0.08698,0.00654,0.07068
245,0.03096,0.13773,0.14106,0.08840,0.04224,0.02357,0.05294,0.08793,0.03548,0.04067,0.03833,0.04800,0.01451,0.03879,0.00471,0.04278,0.05628,0.02726,0.01401,0.03432
246,0.08474,0.04456,0.01114,0.00296,0.02506,0.09834,0.05336,0.03889,0.02485,0.02620,0.15288,0.12874,0.02578,0.06320,0.01569,0.05253,0.06080,0.03776,0.01537,0.03715
247,0.10795,0.05883,0.00680,0.05697,0.02473,0.04361,0.03076,0.03112,0.04843,0.04816,0.05992,0.07010,0.09922,0.07201,0.02936,0.05041,0.07698,0.03847,0.02856,0.01760
248,0.05050,0.06096,0.06701,0.02794,0.05469,0.04782,0.06427,0.05956,0.03175,0.03788,0.02201,0.06589,0.02677,0.03926,0.06708,0.05237,0.03768,0.08956,0.02998,0.06701
249,0.03612,0.07907,0.10097,0.02148,0.08536,0.00520,0.08708,0.08073,0.05572,0.01737,0.01304,0.05470,0.05224,0.03275,0.10121,0.03312,0.02078,0.01372,0.01249,0.09685
250,0.11555,0.04554,0.04050,0.01699,0.02948,0.11321,0.03488,0.04311,0.03447,0.01030,0.03380,0.08123,0.10292,0.07025,0.01869,0.08864,0.05599,0.03477,0.01224,0.01744
251,0.05480,0.11170,0.01116,0.03245,0.04932,0.01381,0.01923,0.05808,0.01393,0.03373,0.06845,0.06324,0.03827,0.11840,0.00602,0.08458,0.11261,0.07364,0.00961,0.02697
252,0.02006,0.03774,0.04875,0.01760,0.07428,0.00876,0.05656,0.05729,0.25956,0.01987,0.04465,0.03049,0.03510,0.04064,0.07895,0.01660,0.04721,0.01455,0.02626,0.06507
253,0.09931,0.06877,0.02330,0.01179,0.11940,0.04962,0.06518,0.07597,0.01624,0.03763,0.04749,0.02637,0.01943,0.01939,0.00617,0.02133,0.01529,0.09866,0.04760,0.13105
254,0.01048,0.02489,0.12420,0.29316,0.05178,0.01105,0.05406,0.06200,0.08707,0.01854,0.03803,0.05009,0.01739,0.02964,0.00891,0.01569,0.03106,0.01907,0.01925,0.03366
255,0.07853,0.03847,0.13078,0.14665,0.01288,0.01201,0.01926,0.05048,0.02432,0.03942,0.05586,0.05615,0.08133,0.09227,0.00944,0.04081,0.05553,0.04032,0.00537,0.01010
256,0.01635,0.05982,0.32198,0.02238,0.04865,0.00626,0.05590,0.06876,0.03164,0.01540,0.04026,0.03005,0.06935,0.04858,0.01651,0.01820,0.02548,0.02317,0.02306,0.05820
257,0.10148,0.07692,0.01705,0.02601,0.01628,0.00397,0.02985,0.20750,0.00960,0.06555,0.06619,0.02024,0.05389,0.01372,0.00327,0.01110,0.09916,0.15083,0.00775,0.01964
258,0.02870,0.03679,0.08380,0.04662,0.02807,0.02722,0.02309,0.02384,0.03995,0.07861,0.05363,0.22701,0.00606,0.05018,0.01587,0.11849,0.03836,0.02944,0.01998,0.02429
259,0.01521,0.02729,0.02338,0.02645,0.04291,0.00852,0.02071,0.04797,0.03629,0.39410,0.10852,0.05590,0.00510,0.02861,0.00686,0.00981,0.01795,0.02454,0.03328,0.06661
260,0.01048,0.02082,0.03546,0.03959,0.05102,0.32898,0.05378,0.04183,0.04344,0.01862,0.05712,0.04183,0.02298,0.07460,0.00929,0.01967,0.02178,0.03657,0.02213,0.04999
261,0.07783,0.09341,0.00863,0.02482,0.01533,0.04763,0.02612,0.07769,0.00834,0.02095,0.03733,0.05645,0.00578,0.03317,0.00330,0.08479,0.20856,0.13928,0.01920,0.01140
262,0.00558,0.04314,0.01711,0.01085,0.12464,0.12491,0.12206,0.08361,0.06551,0.03229,0.04914,0.05595,0.03334,0.05762,0.00524,0.01221,0.03628,0.00669,0.03684,0.07699
263,0.02139,0.06914,0.07158,0.02615,0.10670,0.00941,0.03325,0.01154,0.02933,0.01380,0.03948,0.04920,0.01683,0.03988,0.00831,0.04121,0.31423,0.01891,0.02622,0.05345
264,0.02141,0.04572,0.06000,0.05506,0.04694,0.01484,0.03085,0.04943,0.04561,0.01948,0.05396,0.08589,0.01646,0.02610,0.30144,0.01364,0.01675,0.01814,0.02694,0.05133
265,0.34497,0.02177,0.03104,0.01822,0.02808,0.00654,0.03472,0.03689,0.03717,0.00860,0.04156,0.04261,0.01610,0.02959,0.00781,0.17960,0.03745,0.00995,0.02222,0.04512
266,0.01250,0.05960,0.06627,0.01126,0.13513,0.00446,0.12585,0.07818,0.01961,0.00809,0.00793,0.08158,0.01382,0.05041,0.00860,0.01588,0.02199,0.19044,0.02083,0.06758
267,0.07295,0.25170,0.01295,0.00765,0.01231,0.00616,0.02894,0.03819,0.01485,0.00563,0.01190,0.03127,0.00558,0.01023,0.00394,0.40174,0.03588,0.01212,0.01241,0.02358
268,0.00515,0.02327,0.00736,0.00786,0.04813,0.00248,0.01408,0.03518,0.00892,0.01427,0.02920,0.42594,0.00501,0.01099,0.00356,0.10426,0.13750,0.04150,0.00708,0.06825
269,0.03692,0.02564,0.05537,0.01184,0.07915,0.05777,0.09652,0.01518,0.02496,0.01814,0.01603,0.05311,0.00156,0.02450,0.01895,0.06230,0.13008,0.01757,0.15859,0.09581
270,0.11299,0.02992,0.00815,0.01258,0.01636,0.01257,0.03299,0.02229,0.25037,0.00780,0.01199,0.02037,0.21989,0.02049,0.04956,0.04787,0.03273,0.01197,0.06472,0.01440
271,0.02251,0.10591,0.08130,0.20826,0.08368,0.01332,0.04919,0.04181,0.01934,0.01144,0.04429,0.07050,0.01290,0.02781,0.01244,0.01390,0.02224,0.02446,0.04554,0.08918
272,0.02032,0.04935,0.01900,0.05067,0.02542,0.00052,0.05170,0.09888,0.10260,0.04583,0.07800,0.07175,0.00118,0.08837,0.08581,0.04249,0.04658,0.08822,0.00742,0.02591
273,0.03224,0.03348,0.05226,0.04462,0.04106,0.01003,0.09662,0.04193,0.05417,0.01566,0.04059,0.06709,0.28019,0.03412,0.00987,0.00693,0.04180,0.01429,0.02556,0.05748
274,0.02520,0.08501,0.23535,0.02441,0.01944,0.00575,0.01597,0.04243,0.02384,0.01381,0.05348,0.24208,0.01545,0.06683,0.02251,0.03274,0.02809,0.01356,0.01764,0.01641
275,0.00649,0.01431,0.02634,0.01292,0.14935,0.00418,0.02624,0.05735,0.02094,0.19017,0.22357,0.02852,0.00685,0.01535,0.00444,0.00513,0.00321,0.02511,0.07295,0.10658
276,0.07400,0.04106,0.05422,0.01331,0.03231,0.04604,0.06119,0.03254,0.09962,0.04807,0.04958,0.07101,0.02773,0.06054,0.06865,0.07060,0.07451,0.03388,0.01246,0.02868
277,0.01704,0.02923,0.02764,0.06638,0.02542,0.01135,0.02356,0.37456,0.06055,0.01522,0.02716,0.02479,0.01068,0.04472,0.01051,0.00837,0.00621,0.15090,0.03299,0.03271
278,0.03720,0.04526,0.06344,0.04833,0.02615,0.01509,0.02546,0.34195,0.04623,0.02115,0.03987,0.02727,0.01383,0.05173,0.01311,0.01324,0.05019,0.03944,0.03835,0.04272
279,0.04172,0.05810,0.04439,0.04510,0.03479,0.31237,0.03418,0.03411,0.04076,0.01157,0.04700,0.04017,0.01367,0.04891,0.02270,0.05002,0.01690,0.01101,0.03922,0.05332
280,0.01182,0.01793,0.02010,0.01257,0.04922,0.01918,0.03081,0.09352,0.08327,0.03693,0.04580,0.03578,0.00484,0.01405,0.12858,0.04190,0.14153,0.06173,0.02996,0.12048
281,0.01636,0.04767,0.02474,0.06835,0.03518,0.01003,0.01287,0.03963,0.05041,0.03214,0.06231,0.03912,0.01376,0.03594,0.38175,0.02358,0.02053,0.01726,0.03085,0.03753
282,0.01184,0.01611,0.02109,0.01717,0.01886,0.00647,0.03293,0.28899,0.02406,0.23071,0.01931,0.02258,0.01059,0.04630,0.00722,0.01265,0.02035,0.15397,0.01437,0.02446
283,0.08688,0.02346,0.19012,0.16495,0.02088,0.02035,0.05114,0.02999,0.02530,0.02343,0.03826,0.07551,0.00537,0.07450,0.00723,0.06530,0.05582,0.00543,0.01572,0.02037
284,0.01146,0.01996,0.02944,0.02346,0.03610,0.00457,0.03356,0.15544,0.09248,0.01181,0.02985,0.06037,0.01335,0.04017,0.32717,0.01670,0.01547,0.01202,0.01697,0.04965
285,0.00434,0.00845,0.00855,0.02291,0.00847,0.00344,0.00977,0.09702,0.03200,0.58271,0.14736,0.00786,0.00332,0.01766,0.00292,0.00273,0.00461,0.01334,0.01347,0.00908
286,0.10454,0.03635,0.01682,0.02319,0.01829,0.00321,0.05046,0.05519,0.25469,0.00450,0.09650,0.02321,0.00340,0.05909,0.14601,0.03279,0.01035,0.01265,0.01791,0.03085
287,0.07614,0.02115,0.05814,0.06959,0.03729,0.07286,0.04725,0.02372,0.03834,0.07251,0.07526,0.05942,0.00446,0.09326,0.02768,0.05759,0.06171,0.03370,0.02473,0.04520
288,0.01896,0.04744,0.05506,0.22109,0.03826,0.00572,0.08661,0.07900,0.01663,0.03117,0.04017,0.04106,0.02547,0.14743,0.01076,0.01357,0.02436,0.01278,0.02338,0.06108
289,0.02842,0.05445,0.05832,0.04937,0.06618,0.00537,0.17431,0.04778,0.11221,0.01190,0.04019,0.06182,0.03157,0.03305,0.01820,0.01696,0.02422,0.01975,0.03103,0.11489
290,0.05957,0.05079,0.02641,0.05887,0.01986,0.01313,0.09588,0.09986,0.05838,0.08393,0.06026,0.03351,0.01045,0.06201,0.05821,0.05420,0.03955,0.04109,0.04092,0.03311
291,0.03312,0.01611,0.22463,0.14472,0.01536,0.05555,0.09232,0.01771,0.02722,0.00537,0.01501,0.10976,0.01436,0.06317,0.01739,0.07312,0.03655,0.01056,0.01412,0.01385
292,0.05523,0.02652,0.12946,0.02863,0.02666,0.08454,0.03356,0.03024,0.04055,0.01298,0.02056,0.03883,0.01025,0.05312,0.01313,0.18630,0.15610,0.01009,0.01267,0.03055
293,0.01306,0.01984,0.04582,0.02292,0.18179,0.01226,0.03934,0.04069,0.05286,0.01912,0.03308,0.04673,0.01907,0.03630,0.00359,0.01122,0.01862,0.01035,0.30344,0.06990
294,0.01080,0.02331,0.03289,0.02026,0.24070,0.00676,0.07603,0.03521,0.03545,0.03748,0.03748,0.03267,0.01821,0.03344,0.01027,0.02357,0.02554,0.01279,0.02332,0.26382
295,0.04345,0.07603,0.01848,0.10172,0.06139,0.00186,0.05282,0.07343,0.03172,0.06343,0.07989,0.04595,0.00213,0.06241,0.04260,0.03349,0.07405,0.06507,0.03678,0.03328
296,0.02376,0.03625,0.26591,0.02788,0.05718,0.01209,0.04059,0.04691,0.04562,0.01476,0.03921,0.01004,0.02114,0.03629,0.00928,0.01641,0.02449,0.02388,0.02099,0.22732
297,0.09565,0.04001,0.04463,0.06697,0.01772,0.03082,0.03236,0.06197,0.04266,0.04256,0.06391,0.05801,0.05652,0.09814,0.05169,0.04863,0.07002,0.05194,0.00942,0.01636
298,0.07684,0.04186,0.01027,0.04321,0.02706,0.02559,0.21252,0.02477,0.03853,0.02459,0.02447,0.14199,0.00705,0.05903,0.05457,0.08703,0.05543,0.01309,0.01709,0.01500
299,0.10195,0.03017,0.03200,0.02670,0.02900,0.01173,0.13647,0.03009,0.04961,0.00731,0.05287,0.14019,0.04736,0.13178,0.00746,0.05367,0.02655,0.02358,0.05178,0.00971
300,0.01679,0.04117,0.04179,0.03766,0.05563,0.02079,0.02687,0.03400,0.03418,0.00625,0.03381,0.03676,0.42414,0.03530,0.00960,0.03057,0.02646,0.01903,0.03467,0.03455
301,0.01665,0.02689,0.02040,0.03940,0.03033,0.01067,0.02219,0.02856,0.03969,0.01323,0.04405,0.02660,0.01723,0.03513,0.01047,0.01385,0.01651,0.01609,0.04616,0.52589
302,0.02017,0.03761,0.04376,0.03955,0.04454,0.02242,0.03828,0.03059,0.06676,0.01124,0.02435,0.04570,0.01935,0.02961,0.39313,0.03855,0.01802,0.01591,0.01926,0.04122
303,0.04161,0.04323,0.04238,0.03864,0.04934,0.01815,0.03833,0.03598,0.04390,0.01242,0.03471,0.03504,0.01744,0.03195,0.01102,0.01331,0.36036,0.03445,0.06178,0.03595
304,0.02214,0.03531,0.07576,0.03495,0.04937,0.01202,0.04269,0.07297,0.03700,0.01507,0.04030,0.05557,0.02366,0.03359,0.01529,0.01457,0.01969,0.02036,0.34607,0.03362
305,0.29553,0.03848,0.02984,0.02424,0.04717,0.12152,0.02610,0.03257,0.04446,0.01354,0.06480,0.02799,0.00633,0.04216,0.01093,0.01044,0.02270,0.02984,0.07475,0.03662
306,0.01505,0.03073,0.02652,0.03812,0.02417,0.01136,0.02926,0.04670,0.07050,0.01926,0.07335,0.02464,0.01913,0.06415,0.01620,0.01112,0.01798,0.01680,0.03031,0.41465
307,0.02066,0.04940,0.05610,0.04077,0.03494,0.01285,0.33861,0.07225,0.04596,0.01184,0.04629,0.08726,0.01306,0.01984,0.00351,0.01216,0.02187,0.01898,0.03461,0.05903
308,0.00895,0.03149,0.02852,0.02353,0.06716,0.46662,0.03378,0.04785,0.03711,0.01339,0.03252,0.03535,0.01819,0.03468,0.00966,0.01089,0.01691,0.01593,0.02309,0.04438
309,0.04314,0.04969,0.05755,0.04211,0.04004,0.00620,0.01919,0.01963,0.03149,0.01667,0.03058,0.00780,0.01179,0.03134,0.01197,0.48162,0.01248,0.03120,0.02886,0.02664
310,0.01496,0.04000,0.02150,0.04007,0.14819,0.01623,0.01802,0.03196,0.06040,0.01711,0.06154,0.02187,0.00902,0.07404,0.01459,0.00899,0.01315,0.01265,0.03205,0.34367
311,0.04210,0.07442,0.08715,0.29235,0.02328,0.01777,0.04318,0.05380,0.01767,0.01700,0.04473,0.04357,0.02450,0.06618,0.01373,0.02587,0.03780,0.01145,0.04243,0.02103
312,0.28670,0.02781,0.01720,0.02705,0.03546,0.00604,0.10777,0.03424,0.05176,0.01414,0.05487,0.03160,0.00645,0.03844,0.01122,0.16363,0.00610,0.02168,0.03627,0.02158
313,0.08137,0.07194,0.04450,0.04628,0.01356,0.01436,0.05854,0.03658,0.12858,0.01930,0.04492,0.03698,0.08615,0.04644,0.06046,0.05014,0.05803,0.06719,0.02111,0.01357
314,0.07504,0.03951,0.01504,0.01128,0.01275,0.01399,0.01990,0.01393,0.00969,0.00522,0.02398,0.01387,0.15493,0.01364,0.00513,0.29559,0.24132,0.00937,0.01268,0.01314
315,0.11567,0.04690,0.01765,0.19424,0.01981,0.02410,0.00998,0.01311,0.02385,0.00372,0.06998,0.03715,0.00419,0.15326,0.01712,0.18330,0.03097,0.00898,0.01111,0.01492
316,0.01267,0.02065,0.01877,0.05646,0.02621,0.58779,0.02099,0.03727,0.02731,0.00786,0.02566,0.02358,0.01091,0.02014,0.01970,0.00853,0.01155,0.02444,0.01731,0.02220
317,0.01197,0.03843,0.03233,0.02656,0.02685,0.00982,0.02089,0.03170,0.03589,0.03621,0.02415,0.02835,0.00556,0.02928,0.00987,0.51668,0.05368,0.01572,0.02295,0.02312
318,0.37979,0.09385,0.02059,0.02168,0.02988,0.00978,0.02235,0.02563,0.01942,0.00752,0.01741,0.04518,0.00889,0.02117,0.00505,0.19917,0.01794,0.02014,0.01300,0.02156
319,0.07202,0.14106,0.02041,0.01396,0.01909,0.00497,0.01966,0.03700,0.01491,0.03593,0.05198,0.02021,0.00969,0.01493,0.00585,0.20790,0.18998,0.08590,0.01767,0.01688
320,0.01003,0.02317,0.02629,0.03193,0.01109,0.01261,0.02324,0.03294,0.03022,0.00926,0.03678,0.01693,0.02542,0.04041,0.00907,0.40880,0.18464,0.01819,0.03161,0.01737
321,0.03854,0.09633,0.00879,0.00720,0.03432,0.00318,0.02091,0.03409,0.00987,0.17662,0.37731,0.00721,0.00923,0.03830,0.00737,0.01208,0.02180,0.03729,0.04784,0.01173
322,0.00496,0.12279,0.02024,0.01636,0.02751,0.01296,0.03149,0.04414,0.02034,0.03944,0.03474,0.02670,0.00903,0.01938,0.00880,0.00795,0.01320,0.49643,0.01993,0.02358
323,0.01727,0.03435,0.04237,0.07739,0.03844,0.03026,0.01472,0.02381,0.03642,0.01155,0.04563,0.40376,0.00898,0.03563,0.01916,0.02575,0.01177,0.01671,0.07307,0.03294
324,0.05292,0.02715,0.02460,0.02874,0.03608,0.53605,0.02622,0.03223,0.02049,0.00803,0.02151,0.02729,0.01357,0.02864,0.00373,0.02262,0.01631,0.02494,0.02649,0.02240
325,0.04746,0.19874,0.01253,0.01717,0.06453,0.00500,0.01283,0.10597,0.01635,0.11866,0.09180,0.01066,0.00412,0.02032,0.00482,0.00456,0.07671,0.16292,0.01349,0.01133
326,0.17685,0.17928,0.01112,0.00691,0.01514,0.00201,0.01375,0.00971,0.00740,0.01218,0.02435,0.00423,0.00353,0.00920,0.00287,0.11867,0.27949,0.10401,0.00686,0.01244
327,0.00912,0.01678,0.02088,0.02859,0.02855,0.07900,0.01467,0.03223,0.22883,0.00775,0.02471,0.01191,0.00726,0.02097,0.40745,0.00579,0.00685,0.01261,0.02053,0.01550
328,0.00513,0.01350,0.01050,0.01347,0.24776,0.00757,0.01743,0.07590,0.01551,0.32194,0.14270,0.00624,0.00260,0.00809,0.00373,0.00367,0.01425,0.00598,0.04789,0.03614
329,0.00883,0.04402,0.01967,0.02091,0.02181,0.01180,0.00690,0.11002,0.01699,0.56784,0.02988,0.01288,0.01749,0.02217,0.00671,0.00507,0.00540,0.04077,0.01741,0.01345
330,0.01160,0.01794,0.01582,0.02225,0.01531,0.01338,0.00835,0.01669,0.02630,0.00400,0.01807,0.01421,0.02766,0.01846,0.00681,0.38117,0.33540,0.01040,0.02467,0.01152
331,0.01601,0.02856,0.04837,0.06592,0.03084,0.01671,0.03507,0.02725,0.51332,0.01093,0.01693,0.01447,0.02934,0.02024,0.01675,0.00999,0.01640,0.02066,0.03707,0.02516
332,0.01006,0.02046,0.02622,0.04757,0.03221,0.01583,0.01667,0.02328,0.03045,0.01727,0.02844,0.01991,0.59283,0.02142,0.00699,0.01122,0.00900,0.01486,0.03243,0.02285
333,0.01055,0.01334,0.02457,0.02897,0.03032,0.02575,0.01920,0.02487,0.02023,0.00645,0.01990,0.01904,0.00890,0.01835,0.02190,0.00635,0.00933,0.01178,0.65684,0.02337
334,0.01076,0.02428,0.55955,0.05659,0.02153,0.00992,0.00961,0.02128,0.04578,0.01007,0.04827,0.03723,0.00621,0.03280,0.01059,0.00646,0.00711,0.02470,0.04259,0.01467
335,0.00564,0.42344,0.00920,0.01080,0.01517,0.01395,0.01169,0.02127,0.01672,0.03192,0.12989,0.01064,0.00873,0.01294,0.00411,0.00604,0.00906,0.23284,0.01318,0.01277
336,0.02768,0.20294,0.01086,0.00980,0.01536,0.01515,0.01091,0.20555,0.01307,0.03384,0.03763,0.02183,0.00372,0.01065,0.00431,0.00764,0.00402,0.33864,0.01622,0.01018
337,0.06215,0.00504,0.01232,0.04102,0.00402,0.03246,0.05773,0.03358,0.00267,0.01037,0.11443,0.05712,0.12329,0.11515,0.00100,0.08826,0.07814,0.03272,0.05730,0.07123
