site,A,C,D,E,F,G,H,I,K,L,M,N,P,Q,R,S,T,V,W,Y
225,0.28683,0.24783,0.01098,0.01195,0.01263,0.02361,0.01387,0.11303,0.01931,0.00502,0.03935,0.01926,0.02654,0.01108,0.00307,0.00641,0.01580,0.11106,0.00769,0.01469
226,0.00685,0.01067,0.02102,0.04848,0.01287,0.00286,0.02967,0.01699,0.55109,0.01634,0.01015,0.02956,0.01243,0.02028,0.13880,0.00505,0.01664,0.02083,0.00597,0.02343
227,0.05304,0.29784,0.00785,0.00618,0.00606,0.00065,0.01000,0.01669,0.01037,0.00220,0.00737,0.12975,0.00727,0.00690,0.00149,0.14546,0.19564,0.08397,0.00342,0.00786
228,0.00864,0.01252,0.02720,0.01591,0.01322,0.00370,0.03602,0.01965,0.03147,0.00612,0.01780,0.64489,0.04951,0.04666,0.00620,0.00342,0.02768,0.00582,0.01075,0.01283
229,0.02530,0.10570,0.00114,0.00090,0.00094,0.00026,0.00144,0.07914,0.00143,0.20654,0.24763,0.00422,0.02626,0.00142,0.00039,0.01002,0.23389,0.05167,0.00059,0.00111
230,0.01206,0.01670,0.02495,0.01813,0.02249,0.00471,0.03423,0.37619,0.03540,0.00589,0.01376,0.03244,0.01091,0.02366,0.00622,0.00742,0.04552,0.27417,0.01321,0.02191
231,0.01151,0.02085,0.01266,0.01670,0.01866,0.03659,0.01714,0.02425,0.18612,0.00527,0.01266,0.09542,0.00717,0.03181,0.41963,0.01248,0.04620,0.00536,0.00777,0.01177
232,0.02968,0.15545,0.01025,0.00804,0.00931,0.17101,0.01485,0.02827,0.00961,0.02371,0.09912,0.06718,0.00331,0.00919,0.00293,0.12553,0.15482,0.06135,0.00400,0.01240
233,0.03954,0.09248,0.02805,0.00474,0.02971,0.00114,0.02620,0.34070,0.01536,0.00611,0.00557,0.02737,0.00834,0.01836,0.00332,0.00780,0.12812,0.16441,0.00707,0.04562
234,0.10727,0.20997,0.00566,0.00904,0.02432,0.01769,0.01310,0.01394,0.01800,0.00455,0.01811,0.03569,0.00131,0.02447,0.00436,0.23197,0.21216,0.03245,0.00615,0.00979
235,0.03581,0.05696,0.01375,0.01719,0.02619,0.01833,0.02076,0.16453,0.02314,0.06051,0.05539,0.01567,0.00560,0.02515,0.00444,0.08638,0.16545,0.16672,0.01789,0.02013
236,0.02311,0.11740,0.00734,0.00597,0.01015,0.00184,0.01019,0.01703,0.00996,0.43762,0.09641,0.00921,0.00423,0.03350,0.00225,0.02957,0.08297,0.08483,0.00500,0.01140
237,0.18656,0.01375,0.01766,0.00969,0.02587,0.13584,0.02669,0.01836,0.01341,0.00686,0.01235,0.04922,0.01074,0.01688,0.00198,0.25338,0.16716,0.00490,0.00491,0.02380
238,0.12432,0.02856,0.04131,0.00393,0.02548,0.16299,0.02940,0.07792,0.03179,0.01421,0.02584,0.03014,0.01106,0.10024,0.01655,0.11609,0.07412,0.04631,0.00443,0.03533
239,0.01885,0.12653,0.01706,0.01840,0.21100,0.00534,0.03399,0.15104,0.01962,0.08502,0.03130,0.02738,0.00061,0.01973,0.00178,0.01289,0.02863,0.15978,0.01291,0.01813
240,0.01733,0.02716,0.02153,0.05336,0.02345,0.00802,0.01445,0.04445,0.10012,0.36289,0.09354,0.02848,0.02428,0.03852,0.00621,0.01173,0.02782,0.00876,0.05580,0.03210
241,0.02857,0.10651,0.05073,0.01277,0.07498,0.00283,0.06576,0.05526,0.02044,0.13784,0.08294,0.07420,0.00170,0.01696,0.00397,0.03154,0.06586,0.04591,0.02559,0.09568
242,0.05131,0.05822,0.01161,0.00519,0.06308,0.05883,0.04582,0.03714,0.03638,0.09330,0.11656,0.06416,0.01510,0.07762,0.01467,0.02844,0.10522,0.02199,0.04670,0.04865
243,0.02799,0.01596,0.04006,0.10362,0.08078,0.00314,0.00456,0.08594,0.09008,0.00846,0.10362,0.08977,0.00829,0.05113,0.10384,0.00928,0.02068,0.04660,0.04136,0.06486
244,0.09478,0.08762,0.05927,0.01081,0.09620,0.00440,0.05802,0.08525,0.01003,0.06017,0.11744,0.07655,0.00886,0.05146,0.00523,0.01049,0.03448,0.03317,0.00818,0.08759
245,0.03283,0.15081,0.15443,0.10064,0.04620,0.02202,0.05701,0.09601,0.03873,0.03442,0.02791,0.01444,0.01517,0.04226,0.00516,0.04885,0.02797,0.03214,0.01548,0.03752
246,0.05575,0.05200,0.02021,0.00252,0.02537,0.08356,0.05775,0.03999,0.02455,0.03956,0.14282,0.11574,0.03395,0.07876,0.02407,0.04232,0.04508,0.04177,0.02176,0.05249
247,0.09757,0.05373,0.00611,0.05190,0.02357,0.05561,0.04373,0.03635,0.04366,0.05827,0.05361,0.06767,0.08910,0.07745,0.03670,0.05341,0.06744,0.03766,0.02563,0.02080
248,0.04275,0.06070,0.07167,0.02977,0.05918,0.04733,0.06880,0.05783,0.02285,0.04363,0.02402,0.07034,0.02533,0.03504,0.07175,0.06515,0.03746,0.05939,0.03535,0.07167
249,0.03679,0.08058,0.10322,0.02196,0.08728,0.00119,0.08897,0.08283,0.04767,0.01767,0.01256,0.05570,0.05339,0.03342,0.10349,0.02400,0.02126,0.01405,0.01505,0.09895
250,0.11592,0.05016,0.05376,0.01644,0.02829,0.12978,0.03609,0.03449,0.03718,0.01130,0.04748,0.06137,0.09126,0.06729,0.02945,0.08178,0.05687,0.02500,0.01083,0.01524
251,0.05983,0.09583,0.01215,0.04218,0.06642,0.01258,0.02380,0.07960,0.01107,0.04198,0.08033,0.04939,0.04599,0.08216,0.00729,0.06284,0.10234,0.07978,0.01328,0.03118
252,0.02022,0.03684,0.04834,0.01486,0.07352,0.00882,0.05597,0.03870,0.25948,0.02016,0.04532,0.03375,0.03568,0.03910,0.09699,0.01616,0.05134,0.01449,0.02597,0.06428
253,0.10359,0.03148,0.02605,0.01211,0.09838,0.03969,0.09531,0.09170,0.01613,0.05004,0.05290,0.02478,0.01859,0.01959,0.00594,0.02077,0.01887,0.10183,0.03950,0.13273
254,0.00771,0.02796,0.11403,0.32648,0.05817,0.00202,0.06026,0.07030,0.02176,0.01987,0.04021,0.05696,0.01925,0.03163,0.00985,0.01681,0.02548,0.03246,0.02140,0.03740
255,0.07061,0.03391,0.14270,0.14516,0.01281,0.01585,0.02342,0.06362,0.02704,0.03850,0.06303,0.05751,0.05322,0.07908,0.00335,0.04652,0.05921,0.04909,0.00539,0.00996
256,0.01594,0.06239,0.33838,0.01724,0.05128,0.00345,0.05887,0.07276,0.03319,0.01618,0.04232,0.01419,0.07301,0.05104,0.01740,0.01917,0.02674,0.02043,0.02419,0.04184
257,0.10863,0.08647,0.01259,0.04545,0.01436,0.00338,0.02224,0.19390,0.00702,0.05886,0.04632,0.01556,0.06942,0.01149,0.00240,0.01383,0.15664,0.11041,0.00651,0.01454
258,0.03782,0.04079,0.07540,0.07240,0.01894,0.03397,0.02834,0.02721,0.03747,0.08861,0.05676,0.12755,0.00452,0.07487,0.01926,0.11195,0.05070,0.04529,0.01231,0.03584
259,0.01298,0.02838,0.01992,0.02252,0.03195,0.00725,0.02200,0.03513,0.03141,0.33698,0.15886,0.06817,0.00434,0.02462,0.00633,0.00837,0.01541,0.03840,0.02829,0.09866
260,0.01008,0.02605,0.05402,0.03763,0.04852,0.31295,0.05108,0.03980,0.04123,0.01769,0.05436,0.03980,0.02186,0.07111,0.00884,0.03405,0.02075,0.04148,0.02100,0.04769
261,0.08175,0.06432,0.00907,0.03794,0.01013,0.06667,0.03401,0.07318,0.01075,0.03304,0.04652,0.07824,0.00528,0.04623,0.00449,0.06552,0.17498,0.13471,0.01459,0.00857
262,0.00563,0.02376,0.01792,0.01096,0.12616,0.12642,0.12360,0.08407,0.06579,0.03276,0.05002,0.05662,0.03391,0.05821,0.00512,0.01964,0.03722,0.00631,0.03721,0.07867
263,0.03769,0.07984,0.06998,0.02579,0.10341,0.00919,0.03240,0.01372,0.02544,0.01354,0.03398,0.04827,0.01853,0.03935,0.00818,0.03114,0.30784,0.02398,0.02560,0.05214
264,0.02131,0.04553,0.05975,0.05477,0.04668,0.01478,0.03070,0.04908,0.04583,0.01081,0.05367,0.08509,0.01648,0.03943,0.29998,0.01357,0.01665,0.01804,0.02680,0.05104
265,0.34130,0.02161,0.04258,0.01808,0.02780,0.00602,0.03429,0.03668,0.03690,0.00851,0.04132,0.04239,0.01591,0.02935,0.00774,0.14184,0.06577,0.01517,0.02199,0.04475
266,0.00134,0.08544,0.06536,0.01179,0.13306,0.00481,0.12369,0.07686,0.01933,0.00816,0.00637,0.08011,0.01361,0.04954,0.00846,0.01562,0.02244,0.18732,0.02050,0.06622
267,0.06335,0.28498,0.01687,0.00685,0.01071,0.00720,0.02598,0.02636,0.01283,0.00482,0.01029,0.02730,0.00505,0.00888,0.00336,0.41515,0.02422,0.01468,0.01099,0.02013
268,0.00577,0.03505,0.00619,0.00663,0.04193,0.00359,0.01087,0.03884,0.00754,0.02202,0.04306,0.45172,0.00422,0.00942,0.00201,0.08795,0.10913,0.03850,0.00708,0.06848
269,0.02735,0.02252,0.06448,0.01678,0.07032,0.07388,0.09659,0.01831,0.01968,0.01481,0.01434,0.04480,0.00137,0.01877,0.01494,0.05528,0.14800,0.01343,0.16163,0.10273
270,0.09700,0.02065,0.00713,0.01033,0.01378,0.01171,0.02173,0.02000,0.30312,0.00671,0.00824,0.01722,0.25325,0.01947,0.04399,0.04118,0.02091,0.01580,0.05560,0.01219
271,0.01716,0.10221,0.11714,0.19928,0.08099,0.00564,0.04734,0.04009,0.01852,0.01093,0.04229,0.06744,0.01235,0.02750,0.01190,0.01329,0.02128,0.03701,0.04364,0.08399
272,0.01907,0.05904,0.01790,0.04682,0.03795,0.00039,0.05357,0.11161,0.10286,0.04174,0.04755,0.07512,0.00110,0.06831,0.09260,0.04248,0.04478,0.09510,0.00764,0.03436
273,0.03826,0.03546,0.05470,0.04694,0.04322,0.01056,0.04906,0.04413,0.05732,0.02151,0.04254,0.07050,0.29470,0.03591,0.01037,0.00728,0.03535,0.01505,0.02696,0.06018
274,0.01134,0.05123,0.33055,0.02178,0.02011,0.00600,0.01674,0.05741,0.02487,0.00690,0.05527,0.25185,0.01610,0.03284,0.00944,0.02663,0.01571,0.00977,0.01822,0.01724
275,0.00724,0.01616,0.02975,0.01271,0.12181,0.00468,0.02911,0.05861,0.02485,0.16583,0.25068,0.03189,0.00765,0.01703,0.00504,0.00561,0.00401,0.01611,0.07489,0.11633
276,0.06468,0.04060,0.07098,0.01090,0.03169,0.05011,0.06117,0.03681,0.09821,0.04028,0.05050,0.07793,0.03475,0.07567,0.04854,0.06175,0.07123,0.03181,0.01521,0.02719
277,0.01700,0.02915,0.02763,0.07278,0.02555,0.01139,0.02352,0.37634,0.06066,0.01959,0.02724,0.02490,0.01083,0.04487,0.01062,0.00832,0.00624,0.13803,0.03286,0.03246
278,0.03656,0.04501,0.06228,0.04736,0.02570,0.01487,0.02498,0.33630,0.04599,0.03192,0.02914,0.02825,0.01351,0.05006,0.01284,0.01215,0.08517,0.01786,0.03801,0.04203
279,0.05498,0.02147,0.05812,0.04749,0.03563,0.31099,0.03325,0.03409,0.04049,0.01107,0.04688,0.03805,0.01365,0.05658,0.03612,0.03764,0.01523,0.01077,0.04659,0.05092
280,0.00928,0.01702,0.01859,0.01232,0.03481,0.02158,0.02435,0.07946,0.10147,0.04258,0.05434,0.03461,0.00445,0.01303,0.11873,0.04430,0.12783,0.07187,0.02847,0.14092
281,0.01565,0.06741,0.02367,0.06552,0.03355,0.01040,0.01915,0.03781,0.04833,0.02755,0.05998,0.03763,0.01442,0.03450,0.36596,0.03695,0.01953,0.01646,0.02944,0.03609
282,0.01324,0.01795,0.02355,0.01950,0.02123,0.00720,0.03697,0.32458,0.02696,0.22044,0.01607,0.02519,0.01189,0.05323,0.00816,0.01987,0.01184,0.09839,0.01611,0.02763
283,0.10819,0.02585,0.21747,0.20011,0.01911,0.02001,0.04433,0.03076,0.02002,0.00873,0.02449,0.05533,0.00650,0.09164,0.00647,0.05256,0.02695,0.00506,0.01367,0.02275
284,0.01217,0.02113,0.03129,0.02501,0.03812,0.00689,0.03569,0.06462,0.12602,0.01238,0.03171,0.06446,0.01431,0.04293,0.34757,0.02604,0.01648,0.01272,0.01799,0.05246
285,0.00504,0.00972,0.00995,0.02652,0.00973,0.00403,0.01123,0.11233,0.03727,0.61180,0.07055,0.00658,0.00380,0.02048,0.00338,0.00315,0.00718,0.02111,0.01573,0.01045
286,0.10461,0.02897,0.02176,0.01489,0.02172,0.00376,0.03577,0.03629,0.26520,0.00494,0.11577,0.01952,0.00430,0.07333,0.18537,0.01095,0.00893,0.00532,0.01261,0.02600
287,0.07028,0.02397,0.05430,0.07555,0.03781,0.07122,0.05304,0.02760,0.04156,0.06863,0.08854,0.06191,0.00463,0.10261,0.02555,0.04987,0.05292,0.03213,0.01148,0.04642
288,0.01410,0.04546,0.05762,0.21043,0.03627,0.00872,0.08285,0.07620,0.02455,0.02854,0.03954,0.03925,0.02452,0.17329,0.01026,0.01299,0.02323,0.01129,0.02254,0.05836
289,0.02895,0.05371,0.05785,0.05014,0.06485,0.00538,0.17495,0.04844,0.05042,0.01351,0.04002,0.07187,0.03791,0.03726,0.03025,0.01677,0.02462,0.01952,0.03121,0.14237
290,0.06996,0.07690,0.01347,0.05204,0.02534,0.01347,0.07273,0.09083,0.05594,0.09985,0.07781,0.02785,0.00910,0.04763,0.06939,0.05334,0.03503,0.04540,0.03817,0.02575
291,0.03641,0.01462,0.25948,0.13129,0.01387,0.02707,0.08857,0.01600,0.04882,0.00512,0.01374,0.09615,0.01281,0.05992,0.01265,0.08312,0.04821,0.00724,0.01306,0.01184
292,0.07187,0.02595,0.16686,0.03367,0.02533,0.10549,0.03620,0.03130,0.02946,0.00850,0.01937,0.04742,0.00976,0.05555,0.01157,0.12018,0.15212,0.00949,0.01233,0.02757
293,0.01387,0.02101,0.04720,0.02479,0.16762,0.01283,0.04146,0.04357,0.05650,0.01247,0.03523,0.04916,0.02044,0.03900,0.00310,0.01205,0.02009,0.01111,0.32380,0.04469
294,0.01174,0.02539,0.03606,0.02203,0.26110,0.00735,0.07085,0.03817,0.03812,0.01995,0.03194,0.03542,0.01969,0.03663,0.01115,0.02600,0.02646,0.01507,0.02185,0.24504
295,0.02266,0.07333,0.00651,0.09200,0.08246,0.00133,0.05187,0.05780,0.02584,0.06579,0.08463,0.04371,0.00128,0.08550,0.03896,0.02562,0.07848,0.07356,0.04856,0.04012
296,0.03640,0.04130,0.30986,0.03656,0.06262,0.00609,0.04631,0.05235,0.05189,0.01690,0.04601,0.01173,0.02422,0.04104,0.01072,0.01628,0.02839,0.03124,0.02453,0.10557
297,0.08510,0.03276,0.06483,0.07576,0.01828,0.04906,0.04124,0.03871,0.04744,0.03247,0.06046,0.05734,0.07092,0.09828,0.04157,0.03946,0.07152,0.04754,0.01096,0.01629
298,0.06766,0.03593,0.01866,0.04256,0.02958,0.02574,0.20079,0.03244,0.05195,0.00926,0.02675,0.18511,0.00926,0.04599,0.03493,0.09021,0.03916,0.01194,0.02256,0.01953
299,0.10867,0.03202,0.04056,0.03327,0.03641,0.01492,0.17184,0.03340,0.06332,0.00785,0.05045,0.11816,0.04223,0.10034,0.00575,0.01437,0.02089,0.02615,0.06331,0.01610
300,0.01763,0.03169,0.04316,0.03849,0.05672,0.02823,0.02744,0.03496,0.03500,0.00639,0.03478,0.03781,0.43494,0.02290,0.00984,0.03477,0.01489,0.01950,0.03549,0.03537
301,0.01646,0.02815,0.02019,0.03865,0.03007,0.01050,0.03118,0.02820,0.03902,0.01305,0.04320,0.02579,0.01703,0.03469,0.01040,0.01688,0.01629,0.01586,0.04529,0.51910
302,0.02027,0.03779,0.04376,0.03939,0.04445,0.03736,0.03832,0.03072,0.05605,0.01121,0.02353,0.04591,0.01927,0.02970,0.39240,0.03360,0.01738,0.01587,0.02179,0.04122
303,0.00258,0.04288,0.04326,0.03954,0.05107,0.01864,0.03942,0.05566,0.04497,0.01283,0.03536,0.03616,0.01793,0.03253,0.01130,0.01082,0.36925,0.03537,0.06365,0.03678
304,0.02175,0.04767,0.07443,0.03438,0.04835,0.01001,0.04204,0.07199,0.03644,0.01432,0.03958,0.05441,0.02327,0.03328,0.02044,0.01434,0.01937,0.02001,0.34079,0.03312
305,0.29901,0.03939,0.04250,0.02466,0.04786,0.10056,0.02632,0.03285,0.04528,0.01377,0.06539,0.02825,0.00641,0.04264,0.01105,0.01078,0.03115,0.02029,0.07452,0.03732
306,0.01585,0.01144,0.02473,0.03979,0.02541,0.01190,0.00480,0.04941,0.07368,0.02030,0.07642,0.02578,0.02012,0.06749,0.01696,0.01170,0.01888,0.01772,0.03178,0.43583
307,0.02044,0.04883,0.04806,0.04014,0.03433,0.01260,0.33284,0.07007,0.04536,0.01060,0.04555,0.06800,0.01359,0.01675,0.00344,0.01200,0.02148,0.01862,0.03364,0.10367
308,0.00937,0.03254,0.02943,0.00901,0.06525,0.48217,0.03491,0.05026,0.03840,0.01384,0.03369,0.03648,0.01877,0.03585,0.00647,0.01125,0.01746,0.01077,0.01826,0.04583
309,0.04316,0.05221,0.05755,0.04208,0.04003,0.00409,0.01919,0.02380,0.03150,0.01666,0.03057,0.00779,0.01179,0.03134,0.01121,0.48152,0.00882,0.03118,0.02887,0.02663
310,0.01613,0.00810,0.02579,0.04315,0.11644,0.01756,0.01109,0.03448,0.06509,0.01858,0.06613,0.02761,0.00971,0.07935,0.01573,0.01136,0.01429,0.01362,0.03468,0.37110
311,0.02678,0.05523,0.09932,0.29728,0.02366,0.03156,0.04394,0.04408,0.01661,0.01423,0.04514,0.03762,0.03419,0.06818,0.01401,0.02051,0.05227,0.01099,0.04300,0.02140
312,0.29815,0.02894,0.01668,0.02806,0.03692,0.00581,0.10111,0.03550,0.05374,0.01474,0.05716,0.03267,0.00709,0.03985,0.01167,0.13763,0.00592,0.02826,0.03768,0.02240
313,0.09101,0.07193,0.06212,0.05120,0.01649,0.01900,0.05272,0.03124,0.07915,0.01079,0.06616,0.04321,0.09675,0.05598,0.03909,0.05627,0.07788,0.04380,0.01888,0.01634
314,0.09788,0.03408,0.01363,0.01014,0.01218,0.01461,0.02026,0.01146,0.00803,0.00575,0.01616,0.01233,0.20068,0.01422,0.00437,0.27419,0.21614,0.01066,0.01145,0.01179
315,0.09401,0.03240,0.02012,0.30462,0.02442,0.02182,0.01140,0.01197,0.01324,0.00246,0.06468,0.02933,0.00419,0.13857,0.02787,0.14161,0.02445,0.00891,0.01007,0.01387
316,0.01145,0.01984,0.01797,0.09632,0.02507,0.56178,0.02007,0.03549,0.02623,0.00751,0.02453,0.02257,0.01043,0.01920,0.03429,0.00815,0.01103,0.01034,0.01653,0.02123
317,0.01095,0.03831,0.03223,0.02645,0.02675,0.00978,0.02083,0.03158,0.03577,0.04781,0.02406,0.02827,0.00362,0.02928,0.00983,0.51509,0.04772,0.01567,0.02292,0.02306
318,0.33461,0.12313,0.01812,0.02322,0.02639,0.00986,0.01967,0.02259,0.01723,0.00661,0.01529,0.06259,0.00812,0.01868,0.00446,0.23451,0.00773,0.01681,0.01139,0.01898
319,0.05473,0.17098,0.01418,0.00950,0.02841,0.00337,0.01802,0.03958,0.01019,0.06387,0.06428,0.01358,0.00369,0.01013,0.00388,0.14033,0.21745,0.11311,0.01162,0.00909
320,0.01044,0.02422,0.02760,0.03346,0.01156,0.01321,0.02433,0.03444,0.03148,0.00967,0.03845,0.01769,0.01851,0.04225,0.00951,0.42756,0.15624,0.01906,0.03315,0.01716
321,0.05166,0.10246,0.00900,0.00732,0.04231,0.00323,0.03067,0.03820,0.01254,0.17914,0.29249,0.00824,0.00092,0.04965,0.00721,0.01554,0.02124,0.05554,0.05567,0.01697
322,0.00454,0.19105,0.01851,0.01499,0.02518,0.01309,0.02886,0.04672,0.01862,0.05692,0.00666,0.02444,0.00827,0.01773,0.00805,0.00728,0.01488,0.45439,0.01823,0.02158
323,0.01738,0.03466,0.02910,0.07767,0.03850,0.03059,0.01636,0.02486,0.03611,0.01163,0.04605,0.40661,0.00906,0.03585,0.01925,0.02952,0.01330,0.01682,0.07318,0.03349
324,0.07573,0.02842,0.02364,0.00963,0.03478,0.51586,0.02526,0.03099,0.01974,0.00856,0.02526,0.02486,0.01611,0.03114,0.00359,0.03524,0.02040,0.01846,0.03075,0.02158
325,0.06208,0.17399,0.01309,0.01779,0.05928,0.00397,0.01230,0.10813,0.01689,0.11750,0.07679,0.01118,0.00433,0.02132,0.00499,0.00477,0.09619,0.17000,0.01403,0.01140
326,0.20084,0.17413,0.00909,0.00766,0.00831,0.00187,0.01540,0.01349,0.00816,0.01070,0.02641,0.00469,0.00390,0.01007,0.00317,0.09921,0.27440,0.11494,0.00758,0.00600
327,0.00880,0.01619,0.02008,0.02767,0.02751,0.04892,0.01415,0.01640,0.29710,0.00747,0.02399,0.01150,0.00703,0.02015,0.39322,0.00626,0.00662,0.01214,0.01982,0.01498
328,0.00606,0.00947,0.00990,0.01247,0.25856,0.00709,0.02995,0.04686,0.01484,0.30181,0.17464,0.00582,0.00090,0.00812,0.00454,0.00435,0.01732,0.00572,0.04079,0.04078
329,0.00898,0.04726,0.02019,0.02114,0.02204,0.01205,0.00702,0.10730,0.01726,0.57789,0.01966,0.01308,0.02917,0.01202,0.00918,0.00517,0.00548,0.03377,0.01768,0.01367
330,0.01583,0.01931,0.01707,0.02401,0.01657,0.01443,0.00899,0.01800,0.02850,0.00432,0.01950,0.01530,0.03135,0.01991,0.00735,0.41150,0.27786,0.01121,0.02663,0.01240
331,0.01561,0.02749,0.04818,0.06486,0.03018,0.01634,0.03398,0.02681,0.50126,0.01057,0.01634,0.01666,0.02807,0.02099,0.02940,0.00984,0.02223,0.02024,0.03651,0.02444
332,0.01013,0.02060,0.02636,0.04793,0.03241,0.01592,0.01966,0.02341,0.03061,0.01290,0.02859,0.02004,0.59675,0.02156,0.00703,0.00572,0.00974,0.01497,0.03267,0.02300
333,0.01069,0.01379,0.02488,0.02931,0.02304,0.03826,0.01946,0.02524,0.02053,0.00589,0.02019,0.01931,0.00903,0.01865,0.00332,0.00668,0.00947,0.01195,0.66667,0.02366
334,0.01051,0.02337,0.53968,0.06884,0.02084,0.00338,0.00925,0.02049,0.04416,0.00975,0.04672,0.05126,0.00600,0.03157,0.01021,0.00626,0.00689,0.03479,0.04130,0.01473
335,0.00406,0.44077,0.00914,0.01282,0.01531,0.02118,0.01155,0.01283,0.01693,0.02163,0.12718,0.01058,0.00570,0.01292,0.00410,0.00601,0.00882,0.23270,0.01318,0.01259
336,0.02557,0.14924,0.01194,0.01081,0.01696,0.02258,0.01277,0.19403,0.01423,0.03570,0.06041,0.01279,0.00410,0.01171,0.00473,0.00725,0.00441,0.37195,0.01767,0.01115
337,0.04997,0.00526,0.01437,0.05670,0.00331,0.03724,0.04258,0.03712,0.00260,0.01221,0.10430,0.04778,0.14569,0.12828,0.00094,0.07551,0.07638,0.03330,0.04720,0.07927
