site,A,C,D,E,F,G,H,I,K,L,M,N,P,Q,R,S,T,V,W,Y
225,0.34124,0.22351,0.01305,0.01181,0.01512,0.02872,0.01652,0.07856,0.02302,0.00501,0.02904,0.02284,0.01758,0.01321,0.00364,0.00953,0.02149,0.09947,0.00918,0.01745
226,0.00698,0.01087,0.02145,0.02985,0.01311,0.00292,0.03014,0.01725,0.56078,0.01060,0.01036,0.03660,0.01263,0.02673,0.14641,0.00513,0.01579,0.01253,0.00608,0.02377
227,0.05025,0.22681,0.00942,0.00745,0.00726,0.00621,0.01162,0.01392,0.01238,0.00265,0.00883,0.14434,0.00875,0.00823,0.00180,0.17428,0.23532,0.05692,0.00411,0.00946
228,0.00847,0.01224,0.04174,0.01558,0.01295,0.00361,0.03526,0.02665,0.02557,0.00599,0.01743,0.63094,0.04835,0.04551,0.00606,0.01411,0.02077,0.00570,0.01052,0.01253
229,0.02468,0.11044,0.00146,0.00115,0.00101,0.00032,0.00184,0.10163,0.00183,0.19149,0.24213,0.00722,0.02313,0.00182,0.00041,0.00925,0.21859,0.05945,0.00076,0.00142
230,0.01182,0.01639,0.02451,0.01773,0.02211,0.00462,0.03350,0.36795,0.03460,0.00577,0.01416,0.03166,0.01065,0.02312,0.00609,0.00727,0.02873,0.30506,0.01290,0.02135
231,0.01124,0.02393,0.01859,0.01425,0.02745,0.02142,0.02477,0.02612,0.27432,0.00774,0.01865,0.06073,0.01055,0.03182,0.34915,0.01054,0.03210,0.00790,0.01143,0.01730
232,0.03389,0.10369,0.01157,0.00904,0.01035,0.19398,0.01684,0.03682,0.01068,0.05532,0.09498,0.05498,0.00370,0.01121,0.00235,0.14112,0.14650,0.04464,0.00449,0.01385
233,0.09399,0.11735,0.02339,0.00404,0.02479,0.00103,0.02242,0.27102,0.01297,0.00470,0.01034,0.02350,0.00705,0.01605,0.00286,0.04456,0.13415,0.13986,0.00606,0.03986
234,0.11304,0.22031,0.00587,0.00952,0.01936,0.01511,0.01357,0.01465,0.01874,0.00478,0.02322,0.03165,0.00296,0.02550,0.00454,0.24235,0.18289,0.03287,0.00646,0.01262
235,0.02304,0.06200,0.01416,0.01743,0.02672,0.01181,0.02134,0.20184,0.02355,0.05587,0.04546,0.01369,0.00513,0.02618,0.00448,0.06178,0.16857,0.17929,0.01633,0.02133
236,0.03653,0.11740,0.00755,0.00616,0.01140,0.00190,0.01052,0.01049,0.01005,0.31798,0.12598,0.02284,0.00527,0.07521,0.00232,0.07205,0.08555,0.06385,0.00515,0.01181
237,0.18307,0.01931,0.01836,0.01012,0.02713,0.16043,0.02767,0.02017,0.01401,0.00710,0.01280,0.03083,0.01129,0.01739,0.00399,0.26480,0.13633,0.00512,0.00513,0.02496
238,0.10741,0.03558,0.04120,0.00379,0.02607,0.15797,0.03353,0.11928,0.04149,0.02434,0.01915,0.03149,0.00715,0.09794,0.01766,0.11155,0.05295,0.03954,0.00428,0.02764
239,0.01508,0.11709,0.02174,0.02385,0.21291,0.00686,0.02549,0.12485,0.02605,0.11007,0.04864,0.02326,0.00201,0.01726,0.00366,0.01071,0.02648,0.15134,0.01571,0.01694
240,0.01400,0.02170,0.01740,0.04305,0.01476,0.00652,0.01172,0.10183,0.08262,0.29457,0.19076,0.02312,0.03124,0.03100,0.00466,0.00948,0.02249,0.00761,0.04558,0.02590
241,0.02265,0.10449,0.05628,0.04360,0.07822,0.00335,0.06223,0.04338,0.02292,0.15332,0.07255,0.09222,0.00189,0.01653,0.00591,0.02816,0.04364,0.03457,0.01902,0.09508
242,0.04881,0.04268,0.01469,0.00656,0.06666,0.07360,0.06426,0.04721,0.04716,0.06398,0.08953,0.07124,0.01896,0.09479,0.00902,0.03371,0.10254,0.02693,0.03510,0.04258
243,0.02795,0.00911,0.04004,0.10350,0.08087,0.00314,0.00479,0.08593,0.08989,0.01603,0.10350,0.08978,0.00750,0.05122,0.10372,0.00924,0.02061,0.04677,0.04146,0.06495
244,0.12068,0.05904,0.04784,0.00850,0.07766,0.00412,0.04601,0.10797,0.00811,0.05170,0.09361,0.06138,0.00700,0.06411,0.00390,0.02382,0.04492,0.09142,0.00661,0.07156
245,0.03646,0.13838,0.14182,0.08203,0.04267,0.03027,0.05164,0.08937,0.03594,0.04335,0.03739,0.02258,0.01438,0.03938,0.00473,0.04650,0.05731,0.02710,0.01408,0.04462
246,0.08157,0.04400,0.01118,0.00303,0.02517,0.10067,0.04988,0.03753,0.02549,0.02888,0.15713,0.12400,0.02512,0.06157,0.01680,0.05741,0.05739,0.03781,0.01466,0.04071
247,0.11008,0.05845,0.00685,0.05759,0.02506,0.04558,0.03596,0.02984,0.04947,0.04140,0.05986,0.06579,0.10012,0.07154,0.03278,0.05224,0.07624,0.03556,0.02867,0.01694
248,0.05223,0.05913,0.06816,0.02838,0.05589,0.04716,0.06539,0.06283,0.03050,0.03794,0.02045,0.06697,0.02749,0.03657,0.06823,0.05685,0.04308,0.07613,0.02847,0.06816
249,0.03631,0.07953,0.10162,0.02162,0.08586,0.00619,0.08760,0.08137,0.05671,0.01744,0.01323,0.05494,0.05264,0.03294,0.10186,0.02658,0.02092,0.01382,0.01136,0.09746
250,0.12261,0.04292,0.03987,0.01709,0.02920,0.12295,0.03549,0.03660,0.03676,0.01147,0.03632,0.08014,0.10149,0.06519,0.01812,0.08601,0.05426,0.03505,0.01200,0.01645
251,0.05728,0.12571,0.01156,0.03225,0.05091,0.01355,0.01951,0.05531,0.01241,0.03522,0.06747,0.05529,0.04081,0.11454,0.00595,0.08797,0.10370,0.07580,0.00905,0.02571
252,0.02043,0.03807,0.04946,0.03170,0.07561,0.00892,0.05733,0.04616,0.26381,0.02027,0.04554,0.03109,0.03579,0.03518,0.07502,0.01686,0.04131,0.01478,0.02663,0.06604
253,0.10703,0.04330,0.02416,0.01226,0.12043,0.04989,0.06022,0.08178,0.01705,0.04148,0.04547,0.02914,0.01643,0.02025,0.00671,0.01789,0.01582,0.10956,0.04432,0.13680
254,0.00949,0.02590,0.12320,0.30486,0.05387,0.00993,0.05620,0.06432,0.06464,0.01893,0.03776,0.05199,0.01808,0.02985,0.00927,0.01581,0.03100,0.01991,0.01999,0.03499
255,0.07709,0.03840,0.13011,0.14469,0.01273,0.00960,0.01767,0.05351,0.01938,0.03854,0.06005,0.05107,0.08672,0.09214,0.00960,0.03806,0.06139,0.04395,0.00530,0.00999
256,0.01753,0.06121,0.32934,0.01851,0.04976,0.00864,0.05718,0.07034,0.03236,0.01575,0.04118,0.01770,0.07088,0.04969,0.01689,0.01862,0.02605,0.02202,0.02359,0.05274
257,0.09498,0.07995,0.01691,0.02646,0.01660,0.00300,0.03023,0.20666,0.00954,0.06943,0.06283,0.02060,0.05710,0.01297,0.00326,0.01080,0.10071,0.15045,0.00772,0.01978
258,0.02623,0.03793,0.06460,0.04676,0.02505,0.02543,0.02852,0.02644,0.03745,0.08101,0.05426,0.23711,0.00629,0.05341,0.01673,0.11605,0.04047,0.02942,0.02210,0.02474
259,0.01566,0.02793,0.02405,0.02717,0.02771,0.00875,0.02120,0.04273,0.03734,0.40546,0.10239,0.06293,0.00525,0.02947,0.00706,0.01009,0.01849,0.02483,0.03413,0.06737
260,0.01051,0.02264,0.03248,0.03967,0.05115,0.32993,0.05389,0.04195,0.04353,0.01866,0.05728,0.04195,0.02304,0.07494,0.00932,0.01969,0.02185,0.03514,0.02216,0.05021
261,0.07803,0.08870,0.00863,0.02500,0.01289,0.04776,0.02585,0.07912,0.00833,0.02252,0.03999,0.05453,0.00687,0.03415,0.00330,0.08472,0.20797,0.14205,0.01677,0.01281
262,0.00562,0.04096,0.01255,0.01096,0.12576,0.12603,0.12319,0.08416,0.06579,0.03249,0.04958,0.05663,0.03358,0.05798,0.00510,0.01226,0.03660,0.00626,0.03710,0.07741
263,0.02754,0.07597,0.07037,0.02561,0.10434,0.00922,0.03264,0.01578,0.02559,0.01353,0.03294,0.04822,0.01501,0.03905,0.00892,0.05056,0.30806,0.01864,0.02567,0.05235
264,0.02127,0.04552,0.05980,0.05482,0.04669,0.01476,0.03063,0.04919,0.04544,0.01881,0.05378,0.08554,0.01589,0.03187,0.29978,0.01358,0.01668,0.01806,0.02681,0.05108
265,0.34303,0.02165,0.03092,0.01811,0.02792,0.00605,0.03452,0.03667,0.03696,0.00856,0.04132,0.04235,0.01602,0.02942,0.00776,0.18462,0.03724,0.00992,0.02210,0.04486
266,0.00558,0.06071,0.06680,0.01135,0.13618,0.00421,0.12685,0.07880,0.01977,0.00815,0.00653,0.08229,0.01393,0.05081,0.00867,0.01601,0.02216,0.19201,0.02099,0.06818
267,0.07188,0.27102,0.01289,0.00743,0.01214,0.00558,0.02877,0.03181,0.01461,0.00553,0.01172,0.03082,0.00550,0.01008,0.00386,0.39305,0.03698,0.01096,0.01225,0.02314
268,0.00522,0.02906,0.00749,0.00801,0.04364,0.00320,0.01291,0.03754,0.00909,0.01426,0.03012,0.42666,0.00510,0.01120,0.00242,0.10626,0.13994,0.03905,0.00677,0.06205
269,0.03854,0.02565,0.05381,0.01136,0.07754,0.05750,0.09648,0.01472,0.02407,0.01694,0.01546,0.05172,0.00156,0.02595,0.01943,0.06036,0.13390,0.01715,0.15894,0.09893
270,0.11401,0.02241,0.00817,0.01225,0.01574,0.01135,0.03261,0.02243,0.25162,0.00732,0.01247,0.01994,0.22763,0.02062,0.04857,0.04653,0.03040,0.01613,0.06519,0.01462
271,0.01642,0.10501,0.08547,0.20747,0.08269,0.01556,0.04884,0.04154,0.02277,0.01139,0.04424,0.07022,0.01283,0.02761,0.01241,0.01387,0.02217,0.02443,0.04547,0.08961
272,0.02066,0.05068,0.02043,0.05076,0.02478,0.00074,0.05091,0.09812,0.10909,0.04719,0.07553,0.06984,0.00128,0.08533,0.08586,0.04394,0.04493,0.08665,0.00678,0.02651
273,0.03947,0.03422,0.05343,0.04563,0.04200,0.01026,0.08008,0.04285,0.05541,0.01489,0.04154,0.06887,0.28654,0.03490,0.01011,0.00708,0.03310,0.01462,0.02615,0.05886
274,0.02635,0.08652,0.21818,0.02699,0.02014,0.00597,0.01669,0.04241,0.03084,0.01356,0.05523,0.25150,0.01604,0.06476,0.02004,0.03612,0.01868,0.01459,0.01830,0.01708
275,0.00652,0.01433,0.02640,0.01180,0.14384,0.00420,0.02881,0.06470,0.02101,0.18735,0.22420,0.02861,0.00687,0.01599,0.00411,0.00503,0.00322,0.02041,0.07404,0.10856
276,0.06843,0.04145,0.05567,0.02020,0.03071,0.04423,0.05831,0.03792,0.09849,0.04725,0.04640,0.07717,0.02692,0.06993,0.06418,0.06912,0.07068,0.03063,0.01331,0.02901
277,0.01740,0.03003,0.02827,0.06816,0.02720,0.01159,0.02403,0.38196,0.06174,0.01541,0.02771,0.02533,0.01085,0.04580,0.01069,0.00928,0.00635,0.13081,0.03384,0.03356
278,0.03809,0.04660,0.06482,0.04917,0.02672,0.01543,0.02604,0.34956,0.04750,0.02183,0.03137,0.02796,0.01407,0.05237,0.01337,0.01222,0.04688,0.03301,0.03927,0.04371
279,0.03897,0.03676,0.04181,0.04512,0.03666,0.32708,0.03499,0.03568,0.04433,0.01172,0.04909,0.04362,0.01433,0.05069,0.02471,0.04370,0.01637,0.01147,0.03903,0.05387
280,0.01150,0.01723,0.02050,0.01199,0.06013,0.01591,0.02890,0.08809,0.07605,0.03895,0.04874,0.03614,0.00493,0.01521,0.13083,0.04223,0.14541,0.06027,0.03066,0.11629
281,0.01664,0.04347,0.02515,0.06952,0.03573,0.01020,0.01461,0.04026,0.05128,0.02155,0.06345,0.03983,0.01265,0.03657,0.38833,0.02285,0.02084,0.01753,0.03134,0.03821
282,0.01182,0.01607,0.02105,0.01716,0.01938,0.00645,0.03287,0.28855,0.02401,0.22924,0.01709,0.02480,0.01057,0.04637,0.00720,0.01264,0.01212,0.16381,0.01435,0.02445
283,0.08307,0.02741,0.20090,0.16467,0.01955,0.02340,0.05282,0.02916,0.01980,0.01960,0.03237,0.07098,0.00536,0.07746,0.00784,0.06471,0.05821,0.00623,0.01452,0.02195
284,0.01185,0.02065,0.03044,0.02421,0.03745,0.00465,0.03469,0.13839,0.08458,0.01225,0.03086,0.06237,0.01378,0.04143,0.33807,0.01695,0.01596,0.01244,0.01755,0.05142
285,0.00444,0.00867,0.00876,0.02348,0.00870,0.00351,0.01002,0.09941,0.03280,0.58599,0.13679,0.00580,0.00336,0.01810,0.00299,0.00280,0.00552,0.01576,0.01379,0.00931
286,0.11020,0.03759,0.01712,0.02229,0.01738,0.00299,0.04649,0.05316,0.26054,0.00612,0.09466,0.02004,0.00344,0.06270,0.14795,0.03139,0.00880,0.01190,0.01770,0.02757
287,0.07506,0.02432,0.05236,0.06631,0.03483,0.07056,0.05372,0.02337,0.04152,0.07146,0.09135,0.05818,0.00436,0.08992,0.02734,0.05119,0.06321,0.03189,0.02222,0.04684
288,0.01477,0.04748,0.03990,0.22037,0.03805,0.00669,0.08669,0.07938,0.01870,0.02861,0.05563,0.04103,0.02558,0.14915,0.01072,0.01357,0.02429,0.01481,0.02350,0.06108
289,0.02840,0.05435,0.05806,0.04929,0.07180,0.00536,0.17408,0.04773,0.10294,0.01190,0.04015,0.06042,0.02701,0.03493,0.01864,0.01690,0.02424,0.01970,0.03098,0.12312
290,0.06042,0.05038,0.03155,0.05320,0.02351,0.01426,0.08861,0.10138,0.06158,0.08959,0.05858,0.03399,0.00894,0.06187,0.05536,0.05317,0.04188,0.04036,0.03805,0.03333
291,0.03242,0.01643,0.20451,0.14782,0.01572,0.05948,0.08786,0.01815,0.02883,0.00544,0.01524,0.11985,0.01464,0.06077,0.01833,0.07844,0.03858,0.00885,0.01422,0.01444
292,0.06332,0.02633,0.12966,0.02940,0.02640,0.08280,0.03545,0.02418,0.03671,0.01141,0.01941,0.04075,0.01011,0.05357,0.01317,0.18976,0.15538,0.01095,0.01261,0.02864
293,0.01296,0.01967,0.04477,0.02295,0.19446,0.01031,0.03885,0.04060,0.05277,0.01793,0.03290,0.04633,0.01909,0.03626,0.00478,0.01121,0.01858,0.01034,0.30220,0.06304
294,0.01091,0.02394,0.03317,0.02047,0.24331,0.00683,0.07628,0.04004,0.03590,0.03416,0.03611,0.03303,0.01842,0.03371,0.01037,0.01483,0.02478,0.01349,0.02549,0.26475
295,0.03922,0.07728,0.01863,0.10149,0.06052,0.00157,0.05207,0.07444,0.03194,0.06341,0.07344,0.04882,0.00171,0.06717,0.04189,0.03594,0.07578,0.06332,0.03801,0.03334
296,0.02413,0.03770,0.27248,0.02694,0.05723,0.01787,0.04164,0.04873,0.04749,0.01521,0.03991,0.01031,0.02157,0.03705,0.00950,0.01468,0.02534,0.02458,0.02170,0.20595
297,0.09463,0.03920,0.04441,0.06782,0.01710,0.03450,0.03213,0.05823,0.04768,0.04073,0.06048,0.07051,0.05789,0.09306,0.05170,0.04802,0.06890,0.04700,0.00953,0.01646
298,0.07869,0.04423,0.01076,0.05188,0.02720,0.03137,0.19989,0.02531,0.03780,0.02481,0.02324,0.14494,0.00720,0.05343,0.05581,0.08634,0.05049,0.01380,0.01749,0.01532
299,0.09829,0.03044,0.03117,0.02673,0.02819,0.01144,0.13272,0.03102,0.04841,0.00756,0.04455,0.14849,0.04821,0.13763,0.00621,0.05655,0.02451,0.02829,0.05001,0.00958
300,0.01694,0.03812,0.04207,0.03803,0.05620,0.02025,0.02713,0.03427,0.03448,0.01163,0.03408,0.03705,0.42783,0.03537,0.00969,0.02444,0.02337,0.01919,0.03499,0.03486
301,0.01632,0.03721,0.01995,0.03840,0.02964,0.01040,0.03582,0.02788,0.03866,0.01291,0.04274,0.02549,0.01686,0.03438,0.01020,0.01362,0.01611,0.01567,0.04475,0.51300
302,0.02029,0.03775,0.04447,0.04009,0.04521,0.02835,0.03869,0.03086,0.05252,0.01134,0.02827,0.04585,0.01952,0.02977,0.39663,0.03521,0.01799,0.01604,0.01965,0.04151
303,0.02394,0.04324,0.04332,0.03952,0.05049,0.01857,0.03919,0.03635,0.04488,0.01271,0.03548,0.03581,0.01784,0.03267,0.01128,0.01087,0.36866,0.03523,0.06317,0.03677
304,0.02197,0.03509,0.07522,0.03465,0.04905,0.01190,0.04230,0.07247,0.03669,0.01739,0.04002,0.05523,0.02346,0.03323,0.02059,0.01444,0.01953,0.02022,0.34318,0.03337
305,0.29699,0.03863,0.02995,0.02436,0.04743,0.13034,0.02618,0.03274,0.04465,0.01357,0.06529,0.02816,0.00771,0.04232,0.01098,0.01056,0.02157,0.01655,0.07529,0.03673
306,0.01557,0.01740,0.02450,0.03920,0.02495,0.01170,0.01691,0.04832,0.07235,0.01987,0.07525,0.02531,0.01979,0.06602,0.01666,0.01147,0.01850,0.01735,0.03128,0.42759
307,0.02107,0.05017,0.04955,0.04148,0.03548,0.01306,0.34430,0.07324,0.04691,0.01099,0.04716,0.08554,0.01284,0.01657,0.00356,0.01240,0.02219,0.01929,0.03492,0.05928
308,0.00911,0.03207,0.02904,0.00992,0.06409,0.47509,0.03436,0.04866,0.03782,0.01359,0.03296,0.03603,0.01854,0.03535,0.00795,0.01109,0.01721,0.01703,0.02485,0.04521
309,0.04253,0.04769,0.05675,0.04154,0.03948,0.02076,0.01892,0.01934,0.03105,0.01644,0.03014,0.00768,0.01163,0.03090,0.01312,0.47485,0.01169,0.03076,0.02846,0.02626
310,0.01499,0.02573,0.02152,0.04016,0.15677,0.01625,0.02186,0.03203,0.06057,0.01711,0.06176,0.02189,0.00905,0.07435,0.01463,0.00900,0.01315,0.01268,0.03210,0.34439
311,0.02808,0.07596,0.11535,0.28867,0.02299,0.02673,0.04263,0.04522,0.01665,0.01608,0.04440,0.03652,0.02366,0.06297,0.01352,0.02355,0.03948,0.01354,0.04201,0.02199
312,0.28894,0.02797,0.01708,0.02725,0.03572,0.00563,0.10819,0.03446,0.05216,0.01424,0.05531,0.03186,0.00649,0.03876,0.01131,0.15716,0.01205,0.01708,0.03658,0.02175
313,0.08030,0.06608,0.04357,0.04874,0.01396,0.01478,0.05912,0.04200,0.11279,0.02129,0.04312,0.04153,0.08891,0.04988,0.06263,0.05036,0.06057,0.06785,0.01985,0.01265
314,0.08287,0.03750,0.01513,0.01132,0.01279,0.01497,0.01927,0.01285,0.00948,0.00523,0.01360,0.01354,0.16125,0.01369,0.00483,0.29503,0.24208,0.00866,0.01273,0.01318
315,0.12338,0.05196,0.01754,0.18815,0.01957,0.02027,0.01144,0.01297,0.02221,0.00314,0.06140,0.03407,0.00415,0.15181,0.02822,0.18558,0.02938,0.00916,0.01102,0.01459
316,0.01199,0.02065,0.01877,0.05721,0.02621,0.58765,0.02098,0.03725,0.02732,0.00786,0.02566,0.02357,0.01091,0.02013,0.01968,0.00853,0.01155,0.02460,0.01730,0.02220
317,0.01293,0.03790,0.03194,0.02619,0.02646,0.00968,0.02065,0.03125,0.03545,0.03673,0.02381,0.02796,0.01484,0.02902,0.00972,0.50974,0.05469,0.01551,0.02270,0.02282
318,0.37550,0.08950,0.02033,0.02515,0.02957,0.01066,0.02211,0.02536,0.01925,0.00743,0.01718,0.04480,0.00881,0.02095,0.00500,0.20928,0.01981,0.01521,0.01282,0.02130
319,0.06575,0.13483,0.02062,0.01410,0.01913,0.00500,0.01916,0.03723,0.01508,0.03532,0.05494,0.02029,0.00828,0.01501,0.00586,0.20892,0.19352,0.09028,0.01625,0.02044
320,0.01017,0.02354,0.02671,0.03248,0.01125,0.01281,0.02360,0.03343,0.03065,0.00940,0.03737,0.01720,0.01561,0.04109,0.00922,0.41532,0.18235,0.01850,0.03214,0.01716
321,0.03887,0.09174,0.00870,0.00712,0.03449,0.00315,0.01926,0.03515,0.00957,0.17465,0.38792,0.00689,0.00747,0.04041,0.00889,0.01143,0.02222,0.03551,0.04557,0.01100
322,0.00658,0.13288,0.02074,0.01678,0.02811,0.01187,0.03216,0.04396,0.02075,0.03923,0.00779,0.02733,0.00926,0.01982,0.00900,0.00815,0.01308,0.50797,0.02042,0.02414
323,0.01728,0.03430,0.05071,0.07767,0.03862,0.03018,0.01533,0.02380,0.03694,0.01156,0.04557,0.40394,0.00898,0.03568,0.01920,0.02146,0.01098,0.01673,0.07341,0.02766
324,0.05127,0.02746,0.02490,0.03153,0.03654,0.54293,0.02662,0.03259,0.02077,0.00811,0.02174,0.02598,0.01369,0.02718,0.00378,0.02273,0.01646,0.01652,0.02655,0.02264
325,0.05119,0.17715,0.01257,0.01719,0.06864,0.00444,0.01268,0.10443,0.01635,0.12625,0.10223,0.01070,0.00413,0.02039,0.00482,0.00458,0.07428,0.16327,0.01350,0.01121
326,0.18426,0.18402,0.00951,0.00690,0.01771,0.00168,0.01370,0.00886,0.00734,0.01282,0.02530,0.00420,0.00350,0.00912,0.00285,0.11218,0.27556,0.10324,0.00682,0.01043
327,0.00916,0.01692,0.02095,0.02879,0.02862,0.05341,0.01477,0.02285,0.25976,0.00779,0.02506,0.01204,0.00732,0.02098,0.40986,0.00580,0.00688,0.01265,0.02077,0.01565
328,0.00522,0.01362,0.01074,0.01371,0.24732,0.00773,0.01645,0.07474,0.01596,0.32897,0.14103,0.00636,0.00365,0.00826,0.00379,0.00373,0.01338,0.00612,0.04126,0.03794
329,0.00876,0.04452,0.01952,0.02073,0.02157,0.01170,0.00684,0.11271,0.01684,0.56323,0.03335,0.01278,0.01750,0.01980,0.00668,0.00503,0.00536,0.04248,0.01727,0.01333
330,0.01165,0.01803,0.01592,0.02240,0.01539,0.01348,0.00841,0.01680,0.02641,0.00403,0.01816,0.01428,0.02484,0.01859,0.00685,0.38345,0.33447,0.01047,0.02479,0.01159
331,0.01589,0.02836,0.04785,0.07245,0.03058,0.01659,0.03487,0.02699,0.50909,0.01086,0.01756,0.01449,0.02916,0.02009,0.01672,0.00990,0.01632,0.02049,0.03678,0.02497
332,0.01005,0.02043,0.02618,0.04751,0.03218,0.01582,0.01665,0.02326,0.03040,0.01407,0.02839,0.01991,0.59209,0.02139,0.00698,0.01561,0.00900,0.01486,0.03241,0.02282
333,0.01070,0.01357,0.02493,0.02938,0.03003,0.02495,0.01948,0.02524,0.02054,0.00629,0.02020,0.01932,0.00903,0.01862,0.00936,0.00644,0.00947,0.01195,0.66678,0.02371
334,0.00914,0.02451,0.56507,0.05342,0.02176,0.01274,0.00970,0.02150,0.04621,0.01016,0.04876,0.03057,0.00628,0.03316,0.01071,0.00652,0.00719,0.02483,0.04303,0.01475
335,0.01128,0.40573,0.00932,0.01095,0.01546,0.01508,0.01181,0.01811,0.01700,0.03174,0.13815,0.01079,0.01071,0.01315,0.00416,0.00563,0.00840,0.23620,0.01336,0.01294
336,0.03452,0.20810,0.01073,0.00969,0.01518,0.01420,0.01159,0.19830,0.01293,0.03486,0.04059,0.01780,0.00368,0.01054,0.00426,0.00828,0.00397,0.33472,0.01600,0.01008
337,0.06348,0.00491,0.01238,0.04468,0.00362,0.03420,0.05635,0.03061,0.00261,0.01105,0.10863,0.05775,0.12184,0.11869,0.00093,0.09079,0.07639,0.03278,0.05719,0.07111
