site,A,C,D,E,F,G,H,I,K,L,M,N,P,Q,R,S,T,V,W,Y
225,0.35158,0.21713,0.01346,0.01249,0.01564,0.02848,0.01705,0.06051,0.02401,0.00491,0.02524,0.02353,0.01908,0.01362,0.00376,0.01011,0.03384,0.09814,0.00946,0.01797
226,0.00682,0.01062,0.02094,0.03244,0.01280,0.00285,0.02946,0.01685,0.54780,0.00895,0.01012,0.03752,0.01234,0.02753,0.16566,0.00501,0.01347,0.00964,0.00594,0.02322
227,0.04814,0.20329,0.00982,0.00777,0.00757,0.00773,0.01202,0.01576,0.01292,0.00276,0.00922,0.15445,0.00915,0.00858,0.00191,0.18185,0.24452,0.04840,0.00429,0.00986
228,0.00813,0.01174,0.04571,0.01495,0.01242,0.00346,0.03381,0.03818,0.02306,0.00575,0.01673,0.60501,0.04634,0.04358,0.00581,0.02938,0.02837,0.00548,0.01008,0.01201
229,0.02444,0.11183,0.00156,0.00123,0.00103,0.00033,0.00196,0.10863,0.00196,0.18656,0.24101,0.00869,0.02249,0.00194,0.00042,0.00896,0.21264,0.06201,0.00081,0.00151
230,0.01135,0.01572,0.02358,0.01700,0.02126,0.00443,0.03218,0.35287,0.03319,0.00555,0.03409,0.03031,0.01020,0.02216,0.00590,0.00698,0.03118,0.30924,0.01238,0.02044
231,0.01167,0.02516,0.02075,0.01351,0.03066,0.01640,0.02756,0.02686,0.30582,0.00863,0.02079,0.05224,0.01177,0.03198,0.31476,0.00995,0.03062,0.00880,0.01275,0.01933
232,0.03415,0.08594,0.01202,0.00937,0.01065,0.20172,0.01663,0.04118,0.01100,0.06534,0.09287,0.05337,0.00382,0.01179,0.00271,0.14624,0.14258,0.03966,0.00465,0.01429
233,0.11198,0.12947,0.02181,0.00382,0.02315,0.00103,0.02121,0.24226,0.01219,0.00432,0.01039,0.02229,0.00662,0.01540,0.00272,0.05693,0.13835,0.13198,0.00574,0.03834
234,0.11042,0.22629,0.00580,0.00945,0.02307,0.01403,0.01340,0.01453,0.01853,0.00474,0.02733,0.03170,0.00357,0.02521,0.00448,0.23986,0.17301,0.03367,0.00640,0.01451
235,0.02132,0.06174,0.01416,0.01733,0.02654,0.01037,0.02183,0.21862,0.02351,0.05430,0.03972,0.01291,0.00492,0.02613,0.00445,0.05691,0.16778,0.18075,0.01569,0.02100
236,0.04495,0.11133,0.00763,0.00623,0.01222,0.00204,0.01062,0.01259,0.01072,0.28179,0.13453,0.02753,0.00561,0.08762,0.00235,0.08312,0.08655,0.05543,0.00520,0.01192
237,0.18394,0.02391,0.01819,0.01005,0.02696,0.16511,0.02741,0.01880,0.01390,0.00703,0.01267,0.03385,0.01122,0.01718,0.00536,0.26282,0.12663,0.00509,0.00509,0.02480
238,0.10228,0.03560,0.04126,0.00372,0.02902,0.15207,0.03017,0.13432,0.04163,0.02916,0.01779,0.03567,0.00611,0.09684,0.01961,0.11208,0.04769,0.03574,0.00428,0.02497
239,0.01490,0.10939,0.02267,0.02519,0.22513,0.00720,0.02260,0.11493,0.02764,0.11579,0.05131,0.02307,0.00269,0.01632,0.00691,0.00981,0.02678,0.14524,0.01626,0.01617
240,0.01249,0.01920,0.01555,0.03847,0.01476,0.00584,0.01052,0.11710,0.07483,0.26423,0.23773,0.02077,0.03739,0.02765,0.00405,0.00850,0.02010,0.00668,0.04100,0.02314
241,0.01864,0.11192,0.05646,0.05156,0.07627,0.00386,0.06152,0.03950,0.02343,0.15475,0.07111,0.09379,0.00263,0.02295,0.00704,0.03083,0.03443,0.02970,0.01673,0.09289
242,0.04863,0.03752,0.01542,0.00784,0.06676,0.07705,0.07211,0.05253,0.05531,0.05034,0.07970,0.07450,0.01986,0.09277,0.01107,0.03865,0.09741,0.02886,0.03372,0.03995
243,0.02788,0.00875,0.03994,0.10323,0.08067,0.00313,0.00645,0.08571,0.08968,0.01714,0.10323,0.08955,0.00722,0.05108,0.10346,0.00952,0.02055,0.04666,0.04135,0.06479
244,0.12560,0.04885,0.04329,0.00765,0.07715,0.00344,0.04150,0.11442,0.00740,0.05060,0.08479,0.05610,0.00633,0.07295,0.00367,0.02797,0.04682,0.11008,0.00601,0.06538
245,0.03045,0.13281,0.13606,0.08056,0.04086,0.02595,0.05221,0.08536,0.03436,0.04273,0.04627,0.04147,0.01402,0.03758,0.00454,0.04575,0.06696,0.02478,0.01345,0.04384
246,0.09282,0.04121,0.00814,0.00315,0.02428,0.10484,0.04471,0.04133,0.02536,0.02442,0.16143,0.12494,0.02342,0.05769,0.01409,0.05955,0.06064,0.03684,0.01319,0.03797
247,0.11166,0.06087,0.00710,0.05846,0.02502,0.03868,0.02855,0.02794,0.05009,0.04405,0.06081,0.06721,0.10174,0.07581,0.03041,0.05184,0.07798,0.03673,0.02914,0.01589
248,0.05735,0.06045,0.06537,0.02728,0.05330,0.04737,0.06267,0.06520,0.03324,0.03873,0.02039,0.06431,0.02376,0.04018,0.06544,0.05580,0.03892,0.08711,0.02777,0.06537
249,0.03609,0.07899,0.10074,0.02144,0.08515,0.00838,0.08689,0.08045,0.05828,0.01736,0.01285,0.05465,0.05214,0.03270,0.10098,0.02776,0.02073,0.01368,0.01409,0.09665
250,0.11850,0.04160,0.03600,0.01942,0.02933,0.11362,0.03587,0.04058,0.03539,0.01279,0.03168,0.08604,0.10477,0.06838,0.01446,0.08906,0.05483,0.03789,0.01241,0.01736
251,0.05295,0.12835,0.01115,0.02781,0.04473,0.01411,0.01886,0.05006,0.01283,0.03208,0.06398,0.06461,0.03760,0.12541,0.00543,0.09457,0.11110,0.07359,0.00818,0.02261
252,0.01997,0.03758,0.04870,0.03303,0.07497,0.00897,0.05643,0.05752,0.25883,0.01978,0.04441,0.03885,0.03485,0.03708,0.06433,0.01829,0.04038,0.01452,0.02624,0.06526
253,0.10849,0.06676,0.02275,0.01191,0.12759,0.05426,0.04686,0.07256,0.01661,0.03763,0.04219,0.02625,0.01790,0.01967,0.00670,0.01928,0.01458,0.10472,0.05034,0.13295
254,0.01145,0.02415,0.12444,0.28538,0.05025,0.01963,0.05261,0.05990,0.09652,0.01804,0.03664,0.04843,0.01696,0.03064,0.00870,0.01653,0.03214,0.01603,0.01875,0.03280
255,0.07748,0.04234,0.12835,0.14357,0.01260,0.00851,0.01839,0.04970,0.01740,0.03702,0.05718,0.05163,0.09616,0.09803,0.01179,0.03599,0.05790,0.04036,0.00524,0.01036
256,0.02173,0.05897,0.31702,0.02128,0.04788,0.00920,0.05619,0.06763,0.03116,0.01517,0.03964,0.03398,0.06827,0.04784,0.01625,0.01791,0.02510,0.02650,0.02271,0.05558
257,0.09129,0.07962,0.02012,0.01956,0.01721,0.00347,0.03324,0.20444,0.01044,0.07276,0.06968,0.02227,0.05103,0.01407,0.00356,0.00965,0.08276,0.16492,0.00818,0.02173
258,0.02479,0.03620,0.07068,0.04040,0.02712,0.02227,0.02555,0.02842,0.03815,0.07595,0.05544,0.25975,0.00656,0.04450,0.01567,0.12521,0.03391,0.02646,0.02252,0.02047
259,0.01609,0.02715,0.02473,0.02796,0.03769,0.00901,0.02046,0.04534,0.03837,0.41686,0.08527,0.06370,0.00921,0.03027,0.00721,0.01037,0.01899,0.02002,0.03515,0.05613
260,0.01056,0.02355,0.02678,0.03998,0.05155,0.33253,0.05433,0.04228,0.04389,0.01881,0.05772,0.04228,0.02322,0.07551,0.00939,0.01828,0.02202,0.03435,0.02235,0.05059
261,0.07602,0.10433,0.00849,0.02130,0.01545,0.04135,0.02341,0.07943,0.00754,0.01738,0.03637,0.05054,0.00653,0.02875,0.00290,0.09127,0.21794,0.13923,0.01781,0.01394
262,0.00558,0.04922,0.01377,0.01086,0.12467,0.12493,0.12210,0.08361,0.06541,0.03220,0.04907,0.05611,0.03325,0.05753,0.00518,0.01036,0.03615,0.00660,0.03681,0.07658
263,0.01847,0.06577,0.07109,0.02572,0.10537,0.00930,0.03297,0.01927,0.02802,0.01362,0.04247,0.04854,0.01823,0.03922,0.00834,0.04754,0.31042,0.01697,0.02588,0.05280
264,0.02121,0.04534,0.05953,0.05464,0.04657,0.01471,0.03056,0.04911,0.04511,0.02442,0.05358,0.08548,0.01597,0.02908,0.29886,0.01354,0.01663,0.01800,0.02672,0.05093
265,0.34329,0.02164,0.02880,0.01812,0.02794,0.00636,0.03456,0.03666,0.03696,0.00856,0.04130,0.04234,0.01603,0.02943,0.00776,0.19536,0.02783,0.01010,0.02211,0.04487
266,0.01686,0.05426,0.06631,0.01173,0.13501,0.00384,0.12580,0.07816,0.01961,0.00803,0.00837,0.08187,0.01381,0.05042,0.00861,0.01591,0.02211,0.19064,0.02082,0.06784
267,0.07494,0.25943,0.01166,0.00810,0.01264,0.00532,0.02950,0.03583,0.01528,0.00580,0.01222,0.03221,0.00566,0.01050,0.00405,0.38803,0.04108,0.01078,0.01269,0.02428
268,0.00496,0.02371,0.00778,0.00831,0.04622,0.00449,0.01674,0.03810,0.00944,0.01127,0.02652,0.41513,0.00531,0.01159,0.00329,0.11042,0.14272,0.04074,0.00699,0.06627
269,0.04070,0.02637,0.04905,0.00956,0.08058,0.05261,0.10220,0.01392,0.02552,0.01817,0.01654,0.05416,0.00161,0.02688,0.02094,0.06268,0.12754,0.01846,0.15638,0.09614
270,0.11987,0.02653,0.00864,0.01331,0.01703,0.01210,0.03300,0.02329,0.23283,0.00800,0.01439,0.02132,0.21426,0.02101,0.05216,0.04745,0.03646,0.01443,0.06862,0.01531
271,0.02309,0.10422,0.07462,0.20671,0.08189,0.02345,0.04853,0.04132,0.02715,0.01135,0.04415,0.06996,0.01278,0.02720,0.01237,0.01383,0.02210,0.02005,0.04534,0.08991
272,0.02099,0.04723,0.02135,0.05255,0.02096,0.00071,0.04978,0.09268,0.10622,0.04765,0.09158,0.06959,0.00122,0.08929,0.08251,0.04239,0.04634,0.08599,0.00703,0.02394
273,0.03640,0.03352,0.05255,0.04467,0.04109,0.01004,0.09257,0.04196,0.05397,0.01426,0.04077,0.06720,0.28054,0.03414,0.00990,0.01232,0.03637,0.01442,0.02553,0.05777
274,0.03200,0.10239,0.18775,0.02629,0.01936,0.00573,0.01599,0.03660,0.03149,0.01604,0.05311,0.24142,0.01539,0.07835,0.02286,0.04023,0.02598,0.01507,0.01760,0.01635
275,0.00615,0.01349,0.02484,0.01191,0.15614,0.00396,0.02991,0.06480,0.02169,0.19378,0.21135,0.02699,0.00648,0.01457,0.00394,0.00504,0.00291,0.02520,0.07333,0.10350
276,0.07201,0.04256,0.05166,0.01655,0.02959,0.04322,0.06061,0.03868,0.09900,0.05061,0.04607,0.06972,0.02498,0.06490,0.06994,0.07236,0.07314,0.03106,0.01244,0.03091
277,0.01726,0.02970,0.02800,0.06548,0.02923,0.01147,0.02385,0.37782,0.06117,0.01384,0.02763,0.02503,0.01070,0.04523,0.01056,0.00948,0.00627,0.14044,0.03352,0.03331
278,0.03800,0.04619,0.06459,0.04888,0.02660,0.01533,0.02600,0.34785,0.04697,0.01894,0.04122,0.02734,0.01404,0.05243,0.01334,0.01302,0.03874,0.03817,0.03884,0.04352
279,0.03201,0.05339,0.04746,0.04134,0.03591,0.32200,0.03702,0.03507,0.04565,0.01189,0.04824,0.04555,0.01410,0.04734,0.01940,0.04446,0.01694,0.01132,0.03661,0.05430
280,0.01242,0.01797,0.02100,0.01227,0.06554,0.01799,0.03147,0.09968,0.06755,0.03760,0.03843,0.03627,0.00505,0.01545,0.13372,0.04291,0.15032,0.05586,0.02921,0.10928
281,0.01658,0.04187,0.02506,0.06920,0.03569,0.00997,0.02011,0.04021,0.05105,0.02657,0.06291,0.03955,0.01231,0.03633,0.38644,0.01853,0.02085,0.01751,0.03130,0.03796
282,0.01131,0.01541,0.02015,0.01631,0.01831,0.00619,0.03141,0.27561,0.02296,0.22707,0.02076,0.02377,0.01010,0.04381,0.00686,0.01021,0.01750,0.18527,0.01371,0.02328
283,0.07665,0.02625,0.18717,0.15068,0.01989,0.02436,0.05651,0.02977,0.03227,0.02426,0.03589,0.07873,0.00491,0.07159,0.00864,0.06606,0.06503,0.00685,0.01426,0.02021
284,0.01150,0.02006,0.02951,0.02348,0.03629,0.00412,0.03364,0.17494,0.07415,0.01195,0.02993,0.06030,0.01331,0.04015,0.32816,0.01378,0.01563,0.01209,0.01705,0.04995
285,0.00412,0.00807,0.00811,0.02179,0.00809,0.00324,0.00932,0.09225,0.03032,0.57255,0.16897,0.00684,0.00315,0.01678,0.00277,0.00306,0.00408,0.01509,0.01274,0.00866
286,0.10910,0.03905,0.01519,0.02466,0.01623,0.00285,0.05268,0.06049,0.25664,0.00655,0.08753,0.02377,0.00323,0.05586,0.13270,0.03929,0.01031,0.01404,0.01979,0.03004
287,0.07612,0.02240,0.05707,0.06539,0.03348,0.07096,0.04776,0.02467,0.03571,0.07406,0.08434,0.05803,0.00436,0.09298,0.02727,0.05492,0.06760,0.03353,0.02862,0.04073
288,0.01748,0.04721,0.04379,0.21978,0.03800,0.00649,0.08597,0.07867,0.01431,0.02790,0.05593,0.04085,0.02532,0.14963,0.01072,0.01350,0.02425,0.01628,0.02326,0.06064
289,0.02786,0.05375,0.05723,0.04835,0.06808,0.00527,0.17139,0.04686,0.12707,0.01122,0.03963,0.05597,0.02594,0.03565,0.01280,0.01668,0.02381,0.01947,0.03048,0.12250
290,0.05803,0.04113,0.03619,0.05093,0.02240,0.01366,0.10133,0.10347,0.05767,0.08105,0.05492,0.03573,0.01027,0.07118,0.05488,0.05604,0.04276,0.04041,0.03625,0.03169
291,0.03224,0.01708,0.19906,0.15312,0.01635,0.06236,0.08663,0.01882,0.02490,0.00555,0.01695,0.12281,0.01405,0.06204,0.02006,0.07324,0.03417,0.01008,0.01464,0.01585
292,0.05207,0.02660,0.11441,0.02835,0.02721,0.07386,0.03581,0.02239,0.04509,0.01466,0.02028,0.03832,0.01053,0.05008,0.01447,0.21536,0.15717,0.01027,0.01277,0.03030
293,0.01262,0.01918,0.04400,0.02223,0.19772,0.01002,0.03792,0.03943,0.05129,0.02050,0.03201,0.04524,0.01853,0.03518,0.01105,0.01088,0.01801,0.01004,0.29384,0.07032
294,0.01066,0.02421,0.03218,0.02000,0.23763,0.00666,0.07409,0.03609,0.03521,0.03997,0.03500,0.03227,0.01802,0.03292,0.01014,0.02334,0.02499,0.01592,0.02947,0.26121
295,0.04590,0.07646,0.02363,0.10584,0.05623,0.00176,0.05350,0.07630,0.03492,0.06234,0.07126,0.05113,0.00207,0.05998,0.04394,0.03942,0.07174,0.05875,0.03398,0.03084
296,0.01953,0.03481,0.25068,0.02402,0.05448,0.01438,0.03862,0.04538,0.04386,0.01406,0.03670,0.00947,0.02002,0.03456,0.00877,0.01494,0.02328,0.02518,0.01988,0.26738
297,0.09392,0.03915,0.03468,0.06478,0.01796,0.02922,0.02924,0.07194,0.04197,0.04310,0.06322,0.06666,0.05304,0.09815,0.05619,0.05370,0.06997,0.04764,0.00900,0.01647
298,0.08054,0.04112,0.01536,0.04974,0.02528,0.03081,0.20303,0.02250,0.03225,0.02883,0.02370,0.12912,0.00640,0.06238,0.05869,0.08618,0.06155,0.01339,0.01548,0.01366
299,0.09846,0.02996,0.02819,0.02347,0.02549,0.01027,0.11971,0.03132,0.04348,0.00753,0.04907,0.14674,0.04671,0.15394,0.00788,0.06800,0.02822,0.02856,0.04558,0.00742
300,0.01657,0.04391,0.04143,0.03755,0.05552,0.01813,0.02679,0.03378,0.03403,0.00928,0.03360,0.03652,0.42206,0.04020,0.00956,0.02366,0.02956,0.01894,0.03453,0.03440
301,0.01620,0.05014,0.01978,0.03826,0.02935,0.01034,0.02799,0.02768,0.03845,0.01282,0.04251,0.02631,0.01673,0.03415,0.01011,0.01405,0.01599,0.01555,0.04448,0.50910
302,0.02051,0.03821,0.04488,0.04055,0.04568,0.01683,0.03911,0.03118,0.05119,0.01149,0.02477,0.04642,0.01978,0.03013,0.40163,0.04114,0.01946,0.01625,0.01876,0.04203
303,0.03321,0.04570,0.04300,0.03924,0.05004,0.01842,0.03885,0.02980,0.04452,0.01258,0.03524,0.03545,0.01769,0.03246,0.01120,0.01260,0.36596,0.03493,0.06260,0.03651
304,0.02191,0.03221,0.07502,0.03452,0.04898,0.01310,0.04213,0.07219,0.03654,0.02151,0.03991,0.05516,0.02338,0.03301,0.02129,0.01439,0.01946,0.02016,0.34187,0.03325
305,0.29297,0.03797,0.02731,0.02400,0.04676,0.13613,0.02586,0.03232,0.04433,0.01338,0.06439,0.02779,0.00777,0.04177,0.01084,0.01002,0.01677,0.02898,0.07447,0.03620
306,0.01503,0.04001,0.02705,0.03798,0.02411,0.01132,0.02281,0.04659,0.07012,0.01919,0.07299,0.02452,0.01911,0.06384,0.01613,0.01108,0.01789,0.01675,0.03024,0.41327
307,0.02121,0.05069,0.05494,0.04183,0.03584,0.01318,0.34733,0.07400,0.04718,0.01177,0.04749,0.08214,0.01284,0.01881,0.00525,0.01248,0.02242,0.01947,0.03543,0.04570
308,0.00891,0.03150,0.02854,0.01844,0.06568,0.46662,0.03375,0.04753,0.03711,0.01336,0.03239,0.03540,0.01822,0.03470,0.00883,0.01089,0.01691,0.02064,0.02617,0.04441
309,0.04136,0.06984,0.05507,0.04024,0.03831,0.01994,0.01841,0.01757,0.03008,0.01596,0.02936,0.00899,0.01130,0.03005,0.01586,0.46125,0.01333,0.02992,0.02759,0.02557
310,0.01478,0.03587,0.02031,0.03959,0.16369,0.01599,0.01867,0.03159,0.05978,0.01681,0.06105,0.02019,0.00894,0.07352,0.01443,0.00829,0.01292,0.01252,0.03161,0.33945
311,0.03866,0.08943,0.10687,0.28403,0.02305,0.01896,0.04194,0.04920,0.01563,0.01635,0.04372,0.04108,0.02057,0.06414,0.01330,0.02262,0.03287,0.01479,0.04135,0.02144
312,0.28632,0.02768,0.01748,0.02702,0.03538,0.00647,0.10132,0.03415,0.05171,0.01409,0.05479,0.03162,0.00630,0.03846,0.01120,0.17133,0.01082,0.01603,0.03626,0.02156
313,0.07760,0.06406,0.03763,0.04814,0.01295,0.01167,0.05830,0.04305,0.13294,0.02523,0.03722,0.03658,0.08426,0.04947,0.06785,0.04973,0.05401,0.07645,0.02093,0.01192
314,0.06121,0.03901,0.01589,0.01192,0.01321,0.01615,0.01970,0.01461,0.01034,0.00513,0.01837,0.01584,0.14758,0.01371,0.00507,0.30132,0.25488,0.00878,0.01340,0.01387
315,0.13141,0.05600,0.01649,0.14869,0.01874,0.02120,0.01004,0.01315,0.02691,0.00355,0.06643,0.04050,0.00409,0.15424,0.01933,0.19942,0.03240,0.00932,0.01119,0.01690
316,0.01264,0.02093,0.01905,0.04334,0.02661,0.59677,0.02130,0.03792,0.02770,0.00799,0.02604,0.02394,0.01108,0.02046,0.01483,0.00867,0.01173,0.02890,0.01758,0.02256
317,0.01370,0.03833,0.03223,0.02645,0.02675,0.00977,0.02083,0.03159,0.03577,0.03058,0.02408,0.02830,0.00973,0.02932,0.00983,0.51527,0.05577,0.01567,0.02295,0.02308
318,0.38735,0.07675,0.02099,0.02162,0.03047,0.01111,0.02281,0.02616,0.01979,0.00767,0.01775,0.04000,0.00899,0.02159,0.00515,0.19826,0.02385,0.02444,0.01326,0.02198
319,0.07615,0.12131,0.02223,0.01534,0.01827,0.00543,0.02075,0.03590,0.01637,0.02573,0.05352,0.02210,0.00999,0.01629,0.00641,0.22725,0.18418,0.07942,0.01843,0.02495
320,0.00996,0.02302,0.02607,0.03176,0.01101,0.01252,0.02306,0.03266,0.02999,0.00920,0.03656,0.01683,0.02145,0.04021,0.00901,0.40611,0.19414,0.01808,0.03142,0.01695
321,0.03447,0.08641,0.00853,0.00700,0.03178,0.00309,0.01653,0.03190,0.00867,0.17167,0.42080,0.00656,0.01243,0.03747,0.00828,0.00963,0.02294,0.02967,0.04252,0.00967
322,0.00513,0.11450,0.02103,0.01696,0.02846,0.01212,0.03251,0.04394,0.02101,0.03221,0.02585,0.02767,0.00936,0.02007,0.00911,0.00824,0.01248,0.51422,0.02069,0.02444
323,0.01699,0.03380,0.06397,0.07642,0.03803,0.02975,0.01492,0.02314,0.03825,0.01140,0.04496,0.39782,0.00884,0.03515,0.01895,0.01840,0.01069,0.01645,0.07249,0.02957
324,0.04373,0.02666,0.02483,0.05127,0.03643,0.54133,0.02654,0.03250,0.02070,0.00783,0.02023,0.02544,0.01268,0.02660,0.00377,0.01838,0.01492,0.02048,0.02310,0.02258
325,0.04381,0.18708,0.01238,0.01701,0.07227,0.00544,0.01254,0.10730,0.01623,0.12426,0.10403,0.01051,0.00405,0.02004,0.00478,0.00451,0.06832,0.16102,0.01339,0.01104
326,0.17573,0.18460,0.00994,0.00664,0.02016,0.00183,0.01315,0.00712,0.00710,0.01198,0.02233,0.00405,0.00339,0.00885,0.00276,0.12141,0.27874,0.09976,0.00658,0.01389
327,0.00909,0.01674,0.02076,0.02856,0.02841,0.08837,0.01463,0.02854,0.22531,0.00772,0.02478,0.01190,0.00726,0.02082,0.40621,0.00554,0.00683,0.01254,0.02051,0.01548
328,0.00492,0.01544,0.01095,0.01406,0.23417,0.00789,0.01257,0.08121,0.01620,0.33597,0.13848,0.00650,0.00451,0.00826,0.00352,0.00351,0.01227,0.00621,0.04568,0.03769
329,0.00866,0.04683,0.01925,0.02055,0.02142,0.01156,0.00677,0.10744,0.01667,0.55704,0.04008,0.01265,0.01429,0.02664,0.00833,0.00497,0.00530,0.04127,0.01710,0.01319
330,0.01026,0.01745,0.01538,0.02165,0.01484,0.01384,0.00814,0.01624,0.02545,0.00389,0.01755,0.01382,0.02268,0.01797,0.00661,0.37043,0.35850,0.01012,0.02396,0.01121
331,0.01584,0.02836,0.04728,0.07530,0.03042,0.01652,0.03486,0.02679,0.50680,0.01085,0.02465,0.01416,0.02922,0.01961,0.01343,0.00983,0.01425,0.02037,0.03654,0.02491
332,0.01005,0.02042,0.02619,0.04749,0.03217,0.01582,0.01474,0.02326,0.03040,0.01577,0.02839,0.01990,0.59193,0.02139,0.00697,0.01630,0.00877,0.01485,0.03239,0.02281
333,0.01065,0.01338,0.02481,0.02925,0.03136,0.02007,0.01938,0.02511,0.02042,0.00750,0.02009,0.01922,0.00898,0.01852,0.01688,0.00633,0.00942,0.01189,0.66314,0.02359
334,0.00974,0.02439,0.56172,0.05222,0.02160,0.01908,0.00965,0.02137,0.04595,0.01009,0.04842,0.03465,0.00624,0.03295,0.01064,0.00662,0.00713,0.02121,0.04270,0.01363
335,0.00734,0.40826,0.00919,0.01013,0.01515,0.01527,0.01168,0.02038,0.01667,0.03459,0.14021,0.01063,0.01021,0.01293,0.00410,0.00564,0.00921,0.23248,0.01315,0.01277
336,0.03162,0.22837,0.01033,0.00931,0.01459,0.01199,0.01119,0.20337,0.01250,0.03267,0.03489,0.02226,0.00354,0.01015,0.00410,0.00769,0.00382,0.32241,0.01547,0.00972
337,0.06809,0.00475,0.01158,0.03839,0.00385,0.03206,0.06195,0.03041,0.00265,0.01018,0.11417,0.06035,0.11434,0.11257,0.00098,0.09359,0.07738,0.03337,0.06098,0.06838
