site,A,C,D,E,F,G,H,I,K,L,M,N,P,Q,R,S,T,V,W,Y
225,0.38396,0.20177,0.01469,0.01276,0.01714,0.03091,0.01863,0.03425,0.02636,0.00486,0.01818,0.02567,0.01535,0.01489,0.00410,0.01197,0.04287,0.09168,0.01035,0.01961
226,0.00680,0.01059,0.02091,0.02442,0.01277,0.00284,0.02935,0.01678,0.54616,0.00526,0.01010,0.04150,0.01230,0.03115,0.17909,0.00499,0.01189,0.00405,0.00592,0.02312
227,0.04569,0.15602,0.01080,0.00856,0.00832,0.01127,0.01303,0.01529,0.01419,0.00304,0.01014,0.16680,0.01009,0.00942,0.00212,0.20004,0.26896,0.03062,0.00472,0.01087
228,0.00788,0.01135,0.05497,0.01446,0.01203,0.00335,0.03271,0.04744,0.01885,0.00556,0.01619,0.58507,0.04475,0.04204,0.00561,0.04237,0.02871,0.00530,0.00975,0.01160
229,0.02401,0.11489,0.00177,0.00139,0.00107,0.00037,0.00222,0.12337,0.00222,0.17658,0.23770,0.01092,0.02060,0.00220,0.00044,0.00843,0.20201,0.06718,0.00092,0.00171
230,0.01099,0.01523,0.02290,0.01644,0.02064,0.00429,0.03116,0.34121,0.03208,0.00537,0.04426,0.02924,0.00985,0.02142,0.00574,0.00675,0.02400,0.32677,0.01196,0.01970
231,0.01175,0.02731,0.02479,0.01191,0.03666,0.00630,0.03277,0.02816,0.36567,0.01031,0.02485,0.03066,0.01407,0.03207,0.26232,0.00869,0.02283,0.01053,0.01524,0.02311
232,0.03639,0.05119,0.01291,0.01003,0.01133,0.21707,0.01752,0.04763,0.01169,0.08616,0.08975,0.04647,0.00408,0.01309,0.00261,0.15659,0.13646,0.02882,0.00498,0.01524
233,0.14820,0.14796,0.01868,0.00336,0.01987,0.00097,0.01872,0.19304,0.01061,0.00343,0.01280,0.01975,0.00577,0.01392,0.00242,0.08150,0.14346,0.11576,0.00508,0.03470
234,0.11199,0.23445,0.00587,0.00966,0.02245,0.01220,0.01355,0.01483,0.01879,0.00484,0.03194,0.02971,0.00470,0.02559,0.00454,0.24381,0.15343,0.03428,0.00653,0.01686
235,0.01407,0.06414,0.01437,0.01741,0.02672,0.00639,0.02237,0.24566,0.02370,0.05120,0.03189,0.01153,0.00458,0.02663,0.00445,0.04218,0.16894,0.18777,0.01459,0.02143
236,0.05587,0.10830,0.00778,0.00636,0.01326,0.00214,0.01084,0.01037,0.01110,0.20388,0.15359,0.03669,0.00629,0.11468,0.00240,0.10990,0.08833,0.04073,0.00531,0.01219
237,0.18263,0.02899,0.01846,0.01023,0.02750,0.17974,0.02777,0.01902,0.01414,0.00711,0.01283,0.02616,0.01146,0.01733,0.00705,0.26754,0.10637,0.00518,0.00518,0.02530
238,0.09126,0.03912,0.04124,0.00361,0.03079,0.14661,0.03056,0.16252,0.04656,0.03664,0.01376,0.03843,0.00363,0.09514,0.02114,0.11007,0.03448,0.03045,0.00420,0.01980
239,0.01293,0.10082,0.02548,0.02859,0.23219,0.00813,0.01690,0.09687,0.03164,0.13117,0.06132,0.02092,0.00373,0.01461,0.00948,0.00827,0.02585,0.13797,0.01794,0.01518
240,0.01007,0.01522,0.01255,0.03102,0.01042,0.00475,0.00856,0.15342,0.06218,0.21491,0.30982,0.01692,0.04394,0.02222,0.00296,0.00689,0.01624,0.00563,0.03360,0.01866
241,0.01367,0.11463,0.05933,0.07095,0.07691,0.00438,0.05940,0.03162,0.02492,0.16321,0.06519,0.10358,0.00309,0.02594,0.00858,0.03048,0.01872,0.02159,0.01230,0.09150
242,0.04729,0.02718,0.01733,0.00917,0.06859,0.08615,0.08526,0.06023,0.06478,0.02886,0.06126,0.07967,0.02224,0.10035,0.00927,0.04376,0.09350,0.03229,0.02723,0.03559
243,0.02782,0.00514,0.03988,0.10304,0.08061,0.00313,0.00740,0.08560,0.08948,0.02149,0.10304,0.08944,0.00668,0.05105,0.10327,0.00964,0.02049,0.04670,0.04134,0.06475
244,0.14102,0.02946,0.03530,0.00608,0.06763,0.00296,0.03323,0.12900,0.00609,0.04582,0.06846,0.04587,0.00507,0.08370,0.00289,0.03670,0.05300,0.14853,0.00492,0.05427
245,0.02926,0.12381,0.12688,0.07052,0.03819,0.02791,0.04981,0.08004,0.03217,0.04689,0.05545,0.05498,0.01345,0.03524,0.00424,0.04420,0.08645,0.02109,0.01243,0.04700
246,0.11135,0.03582,0.00211,0.00347,0.02373,0.11548,0.03819,0.04200,0.02576,0.01685,0.17074,0.12954,0.01816,0.04715,0.00910,0.06816,0.06842,0.03437,0.00890,0.03071
247,0.11871,0.06443,0.00760,0.06174,0.02575,0.03022,0.02096,0.02374,0.05331,0.03694,0.06441,0.06698,0.10806,0.07499,0.02727,0.05106,0.08325,0.03627,0.03089,0.01344
248,0.06466,0.06032,0.06223,0.02604,0.05036,0.04738,0.05960,0.06888,0.03843,0.03628,0.01857,0.06129,0.02297,0.04275,0.06229,0.05112,0.03965,0.10098,0.02398,0.06223
249,0.03574,0.07820,0.09950,0.02118,0.08408,0.01198,0.08585,0.07927,0.06359,0.01720,0.01300,0.05412,0.05152,0.03234,0.09972,0.02963,0.02046,0.01350,0.01361,0.09550
250,0.11980,0.03731,0.02713,0.02091,0.02986,0.10554,0.03576,0.04362,0.03449,0.01353,0.02379,0.09838,0.11153,0.06893,0.00697,0.09269,0.05382,0.04433,0.01320,0.01843
251,0.04951,0.14461,0.01064,0.02062,0.03389,0.01488,0.01639,0.03528,0.01370,0.02713,0.05581,0.07223,0.03340,0.14703,0.00450,0.11043,0.11547,0.07049,0.00564,0.01833
252,0.01984,0.03795,0.04888,0.04211,0.07569,0.00905,0.05667,0.06692,0.25851,0.01960,0.04396,0.04140,0.03443,0.03607,0.04800,0.01935,0.03490,0.01454,0.02637,0.06576
253,0.11094,0.08440,0.02111,0.01181,0.14220,0.06154,0.02263,0.06299,0.01684,0.03143,0.03683,0.02699,0.01755,0.01971,0.00708,0.01854,0.01244,0.10617,0.05575,0.13306
254,0.01332,0.02225,0.12964,0.26483,0.04629,0.02844,0.04878,0.05471,0.13390,0.01712,0.03486,0.04416,0.01582,0.03014,0.00812,0.01639,0.03547,0.00782,0.01743,0.03050
255,0.08091,0.04656,0.12117,0.14277,0.01250,0.00484,0.01587,0.04275,0.01258,0.03628,0.05426,0.04869,0.11763,0.10750,0.01600,0.03072,0.05724,0.03600,0.00516,0.01056
256,0.02463,0.05727,0.30634,0.02330,0.04618,0.01207,0.05486,0.06506,0.03014,0.01466,0.03830,0.04388,0.06590,0.04624,0.01567,0.01729,0.02427,0.02953,0.02197,0.06244
257,0.08262,0.07619,0.02389,0.00662,0.01864,0.00352,0.03875,0.20971,0.01215,0.07972,0.08137,0.02562,0.04184,0.01536,0.00414,0.00757,0.04582,0.19218,0.00901,0.02533
258,0.01828,0.03390,0.06832,0.02441,0.03122,0.01643,0.02415,0.02903,0.03849,0.06962,0.05478,0.32585,0.00757,0.02932,0.01387,0.13183,0.02551,0.01704,0.02762,0.01278
259,0.01765,0.02653,0.02714,0.03068,0.04056,0.00989,0.01969,0.05044,0.04185,0.45680,0.04847,0.06147,0.01165,0.03310,0.00765,0.01137,0.02078,0.01083,0.03858,0.03487
260,0.01080,0.02231,0.01317,0.04116,0.05307,0.34233,0.05595,0.04352,0.04522,0.01937,0.05941,0.04352,0.02390,0.07772,0.00967,0.01040,0.02266,0.03079,0.02302,0.05204
261,0.07316,0.12433,0.00821,0.01298,0.01812,0.02870,0.01812,0.08255,0.00593,0.00955,0.03130,0.03669,0.00715,0.02000,0.00211,0.10415,0.23943,0.14149,0.01942,0.01662
262,0.00555,0.06195,0.01169,0.01082,0.12392,0.12419,0.12135,0.08338,0.06522,0.03192,0.04860,0.05586,0.03292,0.05719,0.00520,0.00572,0.03562,0.00674,0.03661,0.07553
263,0.00886,0.05873,0.07164,0.02569,0.10634,0.00935,0.03326,0.02205,0.02931,0.01366,0.04672,0.04868,0.01807,0.03915,0.00843,0.05574,0.31171,0.01346,0.02601,0.05312
264,0.02116,0.04525,0.05942,0.05458,0.04651,0.01467,0.03049,0.04912,0.04475,0.03123,0.05353,0.08568,0.01572,0.02390,0.29830,0.01352,0.01662,0.01798,0.02668,0.05088
265,0.34428,0.02166,0.02191,0.01813,0.02800,0.00653,0.03470,0.03664,0.03698,0.00859,0.04129,0.04231,0.01610,0.02947,0.00777,0.22212,0.00886,0.00757,0.02217,0.04492
266,0.02462,0.03867,0.06678,0.01170,0.13599,0.00335,0.12685,0.07880,0.01976,0.00796,0.00938,0.08275,0.01391,0.05086,0.00868,0.01605,0.02195,0.19231,0.02098,0.06865
267,0.08073,0.24666,0.00905,0.00873,0.01360,0.00437,0.03126,0.04057,0.01650,0.00629,0.01319,0.03467,0.00597,0.01131,0.00439,0.37447,0.04951,0.00883,0.01354,0.02635
268,0.00455,0.01803,0.00858,0.00915,0.04837,0.00495,0.01968,0.03773,0.01039,0.00590,0.01825,0.39684,0.00585,0.01268,0.00393,0.12165,0.15952,0.04186,0.00694,0.06516
269,0.04738,0.02829,0.04134,0.00595,0.08571,0.04198,0.10500,0.01173,0.02843,0.01985,0.01764,0.05884,0.00172,0.03093,0.02394,0.06638,0.11731,0.02097,0.15376,0.09284
270,0.13131,0.02947,0.00940,0.01479,0.01866,0.01229,0.03864,0.02493,0.19768,0.00865,0.01746,0.02337,0.19477,0.02178,0.05625,0.05059,0.04423,0.01375,0.07513,0.01687
271,0.02606,0.10522,0.05336,0.21042,0.08233,0.03235,0.04912,0.04193,0.03146,0.01156,0.04508,0.07122,0.01299,0.02704,0.01260,0.01410,0.02250,0.01157,0.04619,0.09288
272,0.02195,0.04133,0.02307,0.05542,0.01246,0.00088,0.04788,0.08322,0.10790,0.05061,0.11359,0.06682,0.00128,0.09978,0.07746,0.04235,0.04712,0.08143,0.00672,0.01873
273,0.03547,0.03255,0.05147,0.04353,0.04003,0.00977,0.11433,0.04087,0.05229,0.01064,0.03988,0.06556,0.27347,0.03326,0.00966,0.01484,0.03687,0.01411,0.02481,0.05657
274,0.04234,0.12797,0.11635,0.02855,0.01898,0.00559,0.01562,0.02619,0.03479,0.02061,0.05203,0.23620,0.01504,0.10110,0.02958,0.04703,0.03112,0.01772,0.01729,0.01590
275,0.00561,0.01215,0.02239,0.01151,0.17331,0.00360,0.03031,0.06790,0.02011,0.20775,0.19169,0.02455,0.00590,0.01334,0.00339,0.00476,0.00236,0.02975,0.07255,0.09709
276,0.07567,0.04355,0.04201,0.01937,0.02854,0.03978,0.06033,0.03961,0.09940,0.05577,0.04385,0.06562,0.02010,0.05951,0.08064,0.07766,0.07409,0.03069,0.01105,0.03277
277,0.01740,0.02997,0.02819,0.06183,0.03107,0.01151,0.02401,0.37856,0.06142,0.01096,0.02783,0.02509,0.01064,0.04541,0.01053,0.01006,0.00629,0.14165,0.03385,0.03374
278,0.03872,0.04678,0.06574,0.04964,0.02705,0.01556,0.02651,0.35362,0.04745,0.01245,0.04726,0.02689,0.01431,0.05362,0.01359,0.01345,0.01552,0.04832,0.03926,0.04426
279,0.02052,0.06936,0.04212,0.03827,0.03605,0.32750,0.03890,0.03557,0.04823,0.01230,0.04892,0.04930,0.01433,0.04272,0.01104,0.04787,0.01779,0.01159,0.03162,0.05599
280,0.01399,0.01845,0.02221,0.01225,0.08090,0.01619,0.03503,0.10979,0.05060,0.03511,0.03048,0.03710,0.00535,0.01667,0.14122,0.04222,0.16157,0.04786,0.02958,0.09345
281,0.01705,0.02911,0.02576,0.07104,0.03676,0.00976,0.02059,0.04141,0.05241,0.02608,0.06438,0.04052,0.01125,0.03724,0.39668,0.00931,0.02150,0.01804,0.03223,0.03889
282,0.01034,0.01414,0.01845,0.01472,0.01686,0.00568,0.02863,0.25112,0.02096,0.23038,0.02310,0.02306,0.00920,0.03910,0.00622,0.00537,0.02033,0.22871,0.01252,0.02111
283,0.06089,0.02645,0.17202,0.12597,0.02027,0.02654,0.06261,0.02927,0.03840,0.03202,0.04159,0.09043,0.00411,0.06157,0.00973,0.07282,0.08407,0.00775,0.01456,0.01894
284,0.01116,0.01953,0.02862,0.02271,0.03537,0.00274,0.03261,0.23009,0.04822,0.01173,0.02904,0.05822,0.01281,0.03877,0.31846,0.00766,0.01521,0.01178,0.01658,0.04870
285,0.00366,0.00725,0.00719,0.01942,0.00727,0.00285,0.00837,0.08221,0.02685,0.55293,0.21819,0.00697,0.00283,0.01493,0.00247,0.00302,0.00253,0.01208,0.01124,0.00776
286,0.11135,0.04410,0.01190,0.02955,0.01349,0.00240,0.06113,0.07258,0.25237,0.00735,0.07341,0.02589,0.00270,0.04713,0.10636,0.05345,0.01100,0.01840,0.02338,0.03207
287,0.07903,0.02162,0.05846,0.06031,0.03131,0.07084,0.04512,0.02320,0.03278,0.07677,0.08224,0.05609,0.00423,0.08816,0.02813,0.05745,0.07494,0.03423,0.03719,0.03789
288,0.01917,0.04808,0.03688,0.22446,0.03887,0.00538,0.08754,0.07991,0.00920,0.02757,0.06413,0.04165,0.02572,0.13781,0.01094,0.01376,0.02476,0.01877,0.02362,0.06179
289,0.02731,0.05376,0.05692,0.04745,0.06969,0.00522,0.16962,0.04607,0.16540,0.01008,0.03944,0.04801,0.01995,0.03485,0.00407,0.01664,0.02340,0.01944,0.03012,0.11256
290,0.05207,0.02325,0.04755,0.05038,0.02093,0.01375,0.11563,0.10979,0.05853,0.07165,0.04347,0.03967,0.01086,0.08295,0.04762,0.05739,0.04663,0.03791,0.03529,0.03466
291,0.03015,0.01831,0.16886,0.16403,0.01759,0.08001,0.08566,0.02023,0.01294,0.00577,0.01855,0.13614,0.01467,0.06311,0.02376,0.06829,0.02716,0.01150,0.01542,0.01785
292,0.04216,0.02693,0.08819,0.02569,0.02814,0.05805,0.03561,0.01794,0.05290,0.01773,0.02073,0.03377,0.01092,0.04734,0.01592,0.26295,0.15969,0.01066,0.01298,0.03167
293,0.01200,0.01826,0.04240,0.02094,0.21277,0.00861,0.03615,0.03736,0.04868,0.02452,0.03040,0.04328,0.01758,0.03328,0.01503,0.01029,0.01697,0.00950,0.27886,0.08313
294,0.01012,0.02362,0.03024,0.01898,0.22590,0.00631,0.07572,0.03506,0.03375,0.04998,0.03653,0.03069,0.01719,0.03107,0.00964,0.02201,0.02426,0.01634,0.03328,0.26930
295,0.05752,0.07803,0.03219,0.11276,0.04312,0.00198,0.05431,0.08555,0.03946,0.06061,0.06457,0.05484,0.00246,0.04722,0.04643,0.04632,0.06837,0.05135,0.02669,0.02620
296,0.01110,0.03157,0.22108,0.01775,0.05041,0.01852,0.03477,0.04190,0.03985,0.01265,0.03205,0.00834,0.01792,0.03132,0.00780,0.01427,0.02073,0.02216,0.01755,0.34828
297,0.09833,0.04234,0.01960,0.05929,0.01781,0.01931,0.02324,0.08856,0.03924,0.04842,0.06460,0.07131,0.04409,0.09809,0.06350,0.06081,0.06920,0.04769,0.00802,0.01656
298,0.08698,0.04372,0.01371,0.05333,0.02313,0.03334,0.20416,0.01753,0.02240,0.03862,0.02218,0.10113,0.00496,0.07057,0.07056,0.08417,0.07275,0.01411,0.01194,0.01073
299,0.09336,0.02893,0.02201,0.01857,0.02002,0.00794,0.09365,0.03028,0.03356,0.00737,0.04839,0.16103,0.04895,0.18074,0.00894,0.09482,0.03188,0.02976,0.03672,0.00308
300,0.01604,0.05002,0.04057,0.03708,0.05492,0.01308,0.02646,0.03319,0.03354,0.01072,0.03301,0.03587,0.41562,0.04885,0.00942,0.01810,0.03689,0.01866,0.03404,0.03392
301,0.01607,0.06114,0.01958,0.03807,0.02900,0.01025,0.02640,0.02742,0.03817,0.01271,0.04216,0.02656,0.01658,0.03389,0.00996,0.01263,0.01584,0.01540,0.04408,0.50410
302,0.02063,0.03842,0.04544,0.04113,0.04629,0.00657,0.03950,0.03141,0.04876,0.01162,0.02540,0.04667,0.02004,0.03034,0.40625,0.04490,0.02050,0.01644,0.01724,0.04244
303,0.04853,0.04712,0.04286,0.03909,0.04952,0.01830,0.03857,0.01687,0.04430,0.01245,0.03519,0.03510,0.01757,0.03243,0.01114,0.01349,0.36431,0.03471,0.06207,0.03638
304,0.02199,0.02447,0.07531,0.03459,0.04929,0.01465,0.04217,0.07230,0.03659,0.02511,0.04007,0.05554,0.02343,0.03288,0.02172,0.01441,0.01951,0.02024,0.34241,0.03331
305,0.28995,0.03726,0.01971,0.02367,0.04621,0.15392,0.02562,0.03205,0.04386,0.01318,0.06389,0.02755,0.00845,0.04133,0.01073,0.00964,0.00957,0.03332,0.07444,0.03564
306,0.01462,0.05429,0.02820,0.03707,0.02346,0.01103,0.03181,0.04518,0.06834,0.01864,0.07127,0.02389,0.01860,0.06201,0.01571,0.01077,0.01740,0.01627,0.02946,0.40199
307,0.02160,0.05162,0.05838,0.04267,0.03659,0.01347,0.35457,0.07596,0.04808,0.01236,0.04847,0.08921,0.01246,0.01984,0.00616,0.01273,0.02290,0.01989,0.03633,0.01672
308,0.00869,0.03098,0.02809,0.02315,0.06590,0.45885,0.03318,0.04617,0.03647,0.01312,0.03173,0.03486,0.01794,0.03413,0.01001,0.01072,0.01664,0.02558,0.03012,0.04370
309,0.04047,0.07866,0.05383,0.03933,0.03745,0.02787,0.01802,0.01446,0.02936,0.01560,0.02876,0.00958,0.01106,0.02940,0.01818,0.45111,0.01559,0.02929,0.02695,0.02504
310,0.01411,0.04976,0.01758,0.03781,0.18732,0.01520,0.02246,0.03014,0.05712,0.01592,0.05851,0.01648,0.00855,0.07061,0.01378,0.00675,0.01223,0.01197,0.03007,0.32363
311,0.04461,0.10653,0.11065,0.27740,0.02274,0.01266,0.04094,0.05175,0.01514,0.01740,0.04302,0.04281,0.01376,0.06212,0.01294,0.02367,0.02318,0.01668,0.04053,0.02146
312,0.28041,0.02705,0.01788,0.02650,0.03462,0.00680,0.10143,0.03348,0.05069,0.01376,0.05360,0.03109,0.00591,0.03776,0.01097,0.18818,0.01327,0.00992,0.03556,0.02114
313,0.07089,0.06013,0.02538,0.04661,0.01118,0.00800,0.06110,0.04895,0.15984,0.03245,0.02275,0.03327,0.07802,0.04622,0.08223,0.04647,0.04207,0.09278,0.02196,0.00972
314,0.04288,0.04148,0.01702,0.01280,0.01372,0.01693,0.01942,0.01618,0.01150,0.00482,0.01947,0.01759,0.12103,0.01346,0.00542,0.31489,0.27426,0.00784,0.01437,0.01492
315,0.15011,0.06780,0.01467,0.07073,0.01590,0.02089,0.00936,0.01374,0.03375,0.00409,0.06731,0.04609,0.00404,0.16207,0.01507,0.22833,0.03637,0.00953,0.01174,0.01842
316,0.01323,0.02148,0.01959,0.01685,0.02737,0.61427,0.02191,0.03913,0.02844,0.00822,0.02680,0.02462,0.01140,0.02109,0.00510,0.00892,0.01207,0.03818,0.01810,0.02322
317,0.01507,0.03834,0.03222,0.02645,0.02676,0.00977,0.02084,0.03159,0.03577,0.02196,0.02408,0.02832,0.01278,0.02934,0.00983,0.51536,0.05979,0.01567,0.02296,0.02309
318,0.41372,0.05356,0.02242,0.02081,0.03251,0.01174,0.02438,0.02794,0.02107,0.00821,0.01899,0.02871,0.00942,0.02305,0.00550,0.18013,0.03191,0.02825,0.01419,0.02348
319,0.08685,0.09648,0.02625,0.01825,0.01321,0.00645,0.02212,0.03405,0.01946,0.00666,0.04814,0.02636,0.01313,0.01937,0.00767,0.27071,0.16754,0.06257,0.02183,0.03288
320,0.00971,0.02243,0.02531,0.03091,0.01073,0.01218,0.02243,0.03177,0.02924,0.00896,0.03561,0.01639,0.02292,0.03919,0.00876,0.39539,0.21309,0.01759,0.03055,0.01684
321,0.02587,0.07838,0.00829,0.00683,0.02652,0.00302,0.00945,0.02875,0.00673,0.16793,0.48496,0.00572,0.01818,0.03138,0.00881,0.00668,0.02379,0.01674,0.03594,0.00602
322,0.00542,0.07622,0.02230,0.01795,0.03010,0.01163,0.03433,0.04255,0.02220,0.01986,0.03544,0.02928,0.00991,0.02124,0.00964,0.00871,0.01127,0.54413,0.02192,0.02587
323,0.01680,0.03337,0.08141,0.07580,0.03779,0.02933,0.01420,0.02228,0.03932,0.01128,0.04441,0.39343,0.00872,0.03480,0.01880,0.01285,0.00939,0.01627,0.07215,0.02761
324,0.02773,0.02579,0.02542,0.07209,0.03725,0.55406,0.02718,0.03325,0.02119,0.00746,0.01772,0.02573,0.01097,0.02434,0.00385,0.00994,0.01218,0.02150,0.01927,0.02308
325,0.03468,0.19363,0.01202,0.01662,0.07877,0.00618,0.01266,0.10689,0.01590,0.12765,0.11765,0.01017,0.00391,0.01940,0.00468,0.00437,0.05438,0.15653,0.01307,0.01085
326,0.16317,0.18983,0.01036,0.00613,0.02608,0.00182,0.01202,0.00393,0.00657,0.01263,0.02028,0.00373,0.00313,0.00823,0.00255,0.13251,0.28092,0.09218,0.00608,0.01784
327,0.00923,0.01702,0.02110,0.02900,0.02885,0.10810,0.01487,0.03462,0.18942,0.00784,0.02517,0.01209,0.00737,0.02115,0.41270,0.00518,0.00694,0.01274,0.02086,0.01574
328,0.00435,0.01842,0.01148,0.01485,0.22197,0.00829,0.00387,0.09838,0.01689,0.35305,0.12040,0.00685,0.00632,0.00832,0.00301,0.00309,0.00974,0.00646,0.04812,0.03614
329,0.00850,0.04662,0.01877,0.02026,0.02111,0.01131,0.00664,0.10750,0.01638,0.54662,0.05028,0.01244,0.00684,0.03394,0.00791,0.00487,0.00522,0.04501,0.01681,0.01295
330,0.00747,0.01652,0.01454,0.02047,0.01397,0.01355,0.00772,0.01536,0.02393,0.00368,0.01658,0.01308,0.01835,0.01701,0.00625,0.34989,0.39883,0.00958,0.02262,0.01061
331,0.01595,0.02879,0.04683,0.08051,0.03054,0.01660,0.03530,0.02678,0.50956,0.01099,0.02881,0.01291,0.02980,0.01893,0.00544,0.00982,0.01027,0.02044,0.03656,0.02515
332,0.01001,0.02033,0.02610,0.04726,0.03205,0.01577,0.01228,0.02318,0.03030,0.01720,0.02829,0.01983,0.58952,0.02131,0.00695,0.02158,0.00828,0.01479,0.03226,0.02272
333,0.01063,0.01317,0.02477,0.02922,0.03552,0.01098,0.01935,0.02505,0.02037,0.00830,0.02004,0.01918,0.00896,0.01845,0.02366,0.00616,0.00940,0.01186,0.66137,0.02356
334,0.00935,0.02489,0.57274,0.04392,0.02197,0.02693,0.00985,0.02181,0.04684,0.01027,0.04927,0.02634,0.00635,0.03364,0.01085,0.00680,0.00726,0.01442,0.04340,0.01308
335,0.00898,0.39200,0.00921,0.00879,0.01507,0.01231,0.01174,0.02415,0.01654,0.04106,0.14672,0.01066,0.01246,0.01294,0.00411,0.00545,0.00941,0.23238,0.01314,0.01287
336,0.03464,0.26794,0.00952,0.00856,0.01341,0.00670,0.01040,0.20804,0.01164,0.03116,0.02213,0.02700,0.00326,0.00937,0.00379,0.00792,0.00353,0.29764,0.01436,0.00900
337,0.07716,0.00450,0.01019,0.02924,0.00411,0.02947,0.07164,0.02705,0.00267,0.00916,0.11910,0.06663,0.09867,0.10471,0.00099,0.10262,0.07788,0.03340,0.06787,0.06294
