site,A,C,D,E,F,G,H,I,K,L,M,N,P,Q,R,S,T,V,W,Y
225,0.31416,0.24244,0.00490,0.01620,0.00520,0.02648,0.00744,0.11115,0.00769,0.00676,0.04431,0.01152,0.03051,0.00661,0.00174,0.00961,0.02713,0.11551,0.00443,0.00619
226,0.00405,0.00613,0.00835,0.04178,0.00700,0.00240,0.01378,0.01379,0.61997,0.01971,0.01663,0.03410,0.00558,0.01755,0.12557,0.00332,0.02387,0.02454,0.00327,0.00861
227,0.05917,0.30563,0.00430,0.00280,0.00265,0.00441,0.00826,0.02167,0.00432,0.00098,0.00410,0.11888,0.00412,0.00311,0.00220,0.16181,0.19298,0.09200,0.00196,0.00463
228,0.00361,0.00523,0.03779,0.00628,0.00550,0.00370,0.03767,0.02374,0.03327,0.00528,0.00699,0.72327,0.01553,0.02038,0.00264,0.01505,0.03271,0.00327,0.00593,0.01216
229,0.02591,0.10818,0.00053,0.00054,0.00089,0.00030,0.00088,0.08040,0.00096,0.20808,0.24354,0.00543,0.02684,0.00133,0.00050,0.01030,0.23193,0.05263,0.00036,0.00048
230,0.00764,0.01093,0.02148,0.00858,0.00979,0.00408,0.01452,0.47840,0.01418,0.01254,0.03818,0.01336,0.01003,0.01441,0.00551,0.00377,0.04542,0.26912,0.00823,0.00983
231,0.01440,0.02671,0.00691,0.02802,0.00833,0.04176,0.01689,0.02419,0.20546,0.00580,0.01439,0.07692,0.00317,0.03414,0.41535,0.01556,0.04643,0.00226,0.00440,0.00890
232,0.03257,0.14498,0.00817,0.00383,0.00431,0.17485,0.01918,0.03206,0.00401,0.02621,0.10073,0.06762,0.00159,0.01007,0.00463,0.13351,0.15738,0.06552,0.00292,0.00585
233,0.04971,0.11404,0.01378,0.00536,0.01340,0.00195,0.01394,0.27999,0.00871,0.01042,0.02119,0.01652,0.00664,0.01310,0.00304,0.01304,0.15912,0.22981,0.00438,0.02185
234,0.11278,0.21601,0.00263,0.00562,0.02586,0.01993,0.00636,0.00808,0.00763,0.00298,0.01476,0.04035,0.01031,0.01022,0.00217,0.25048,0.21187,0.03557,0.00303,0.01336
235,0.03641,0.06286,0.00690,0.00816,0.01951,0.02203,0.02371,0.12917,0.01111,0.06750,0.05997,0.01870,0.01047,0.01842,0.00303,0.09521,0.18906,0.17714,0.02181,0.01882
236,0.02402,0.11772,0.00367,0.00297,0.00505,0.00089,0.00537,0.03311,0.01543,0.42054,0.09981,0.00507,0.00721,0.03904,0.00155,0.03066,0.08928,0.08920,0.00250,0.00690
237,0.20056,0.02039,0.00877,0.00464,0.01165,0.14567,0.01140,0.01515,0.00904,0.00377,0.00904,0.05553,0.00517,0.00823,0.00311,0.29669,0.17444,0.00442,0.00259,0.00973
238,0.12340,0.03343,0.02177,0.00194,0.02186,0.15884,0.03145,0.07320,0.03469,0.01551,0.02874,0.03575,0.01248,0.10411,0.01762,0.11736,0.07668,0.04971,0.00540,0.03607
239,0.02241,0.11882,0.00862,0.01376,0.19094,0.00275,0.03730,0.15203,0.00925,0.09265,0.03653,0.03253,0.00408,0.02624,0.00425,0.01419,0.03307,0.16277,0.01448,0.02333
240,0.00999,0.01420,0.01150,0.02341,0.04046,0.00559,0.01991,0.05945,0.02995,0.56865,0.05714,0.01507,0.04380,0.01818,0.01138,0.00742,0.01807,0.00616,0.02323,0.01642
241,0.03883,0.07254,0.02535,0.01479,0.04700,0.00177,0.07750,0.06429,0.01027,0.17907,0.09006,0.05908,0.00927,0.02544,0.00786,0.04382,0.07809,0.05908,0.03558,0.06032
242,0.06166,0.06341,0.01386,0.03559,0.05267,0.07053,0.04300,0.03146,0.03661,0.09957,0.07799,0.05816,0.01345,0.06744,0.02010,0.03676,0.08130,0.02897,0.05259,0.05487
243,0.02784,0.04858,0.02883,0.05263,0.04158,0.00802,0.03447,0.04254,0.03980,0.03307,0.04736,0.04248,0.02998,0.03276,0.35690,0.02413,0.01899,0.02734,0.02920,0.03351
244,0.12703,0.10348,0.03053,0.00692,0.04779,0.00295,0.03116,0.09794,0.01527,0.08836,0.17998,0.03435,0.00559,0.07243,0.00772,0.01315,0.04553,0.04489,0.00578,0.03914
245,0.04562,0.05435,0.21892,0.13588,0.02414,0.02959,0.04278,0.05684,0.01796,0.04528,0.03819,0.03415,0.00846,0.04156,0.00406,0.06519,0.03334,0.04516,0.01525,0.04328
246,0.05791,0.05440,0.02190,0.00224,0.02977,0.08775,0.05562,0.04487,0.02675,0.04311,0.11303,0.10192,0.04018,0.07901,0.02598,0.04224,0.04934,0.04408,0.02481,0.05508
247,0.10411,0.05827,0.00587,0.03470,0.02605,0.06004,0.04746,0.03834,0.04128,0.05735,0.04072,0.07045,0.09628,0.07090,0.04093,0.05559,0.07212,0.04267,0.01536,0.02151
248,0.05444,0.03602,0.04123,0.02405,0.03503,0.06365,0.05546,0.04628,0.03187,0.05701,0.03564,0.05917,0.03869,0.04084,0.09934,0.08113,0.04475,0.06651,0.04762,0.04127
249,0.02558,0.03656,0.04403,0.02023,0.04123,0.01859,0.05368,0.04342,0.07459,0.01674,0.03819,0.03572,0.03019,0.02845,0.31857,0.04178,0.03430,0.01482,0.03988,0.04347
250,0.11248,0.05105,0.05250,0.01187,0.02707,0.12026,0.04253,0.03878,0.04230,0.01754,0.04942,0.06095,0.09149,0.06763,0.03081,0.07854,0.05685,0.02645,0.00744,0.01405
251,0.05909,0.09291,0.00621,0.04383,0.06680,0.01323,0.02655,0.07400,0.01420,0.04350,0.08021,0.04670,0.04977,0.08083,0.00830,0.06429,0.09663,0.08142,0.01516,0.03636
252,0.01572,0.01730,0.02291,0.03553,0.02556,0.01054,0.02658,0.03303,0.44734,0.01300,0.02134,0.04323,0.02582,0.03571,0.07172,0.01462,0.07609,0.01259,0.01559,0.03576
253,0.10398,0.03311,0.02638,0.00543,0.09932,0.04511,0.05703,0.08505,0.01094,0.05539,0.06009,0.03239,0.02365,0.01189,0.00810,0.02401,0.02245,0.10555,0.04473,0.14538
254,0.01430,0.02012,0.08812,0.45784,0.02129,0.01461,0.02371,0.04786,0.04583,0.02542,0.03098,0.02709,0.00938,0.02659,0.00914,0.02799,0.04049,0.04075,0.01254,0.01595
255,0.07015,0.03571,0.13596,0.14568,0.01322,0.01807,0.02446,0.06296,0.02802,0.03901,0.06337,0.05894,0.05226,0.07826,0.00403,0.04692,0.05879,0.04908,0.00420,0.01093
256,0.02292,0.02417,0.55085,0.02957,0.02274,0.02692,0.03209,0.02766,0.01766,0.01366,0.01941,0.03460,0.02564,0.02119,0.01056,0.01155,0.01416,0.02287,0.01777,0.05401
257,0.11438,0.09020,0.01583,0.04927,0.01669,0.00436,0.01619,0.16680,0.00350,0.06384,0.04303,0.00980,0.07395,0.01600,0.00114,0.01664,0.15483,0.11833,0.00833,0.01689
258,0.03836,0.04258,0.07081,0.07069,0.02331,0.03403,0.02820,0.02805,0.03821,0.08646,0.05766,0.12694,0.00584,0.07385,0.02013,0.10788,0.05096,0.04561,0.01451,0.03591
259,0.00877,0.02991,0.00865,0.01060,0.04324,0.00472,0.02562,0.03981,0.01256,0.39341,0.14373,0.07403,0.01402,0.01037,0.01203,0.00414,0.00927,0.04489,0.01543,0.09480
260,0.01767,0.04314,0.05688,0.01832,0.02231,0.51101,0.02197,0.01874,0.02014,0.01123,0.02768,0.01808,0.01262,0.03795,0.01095,0.04595,0.02008,0.04736,0.01289,0.02502
261,0.08121,0.06516,0.01083,0.03866,0.01305,0.06745,0.03392,0.06969,0.01264,0.03295,0.04860,0.07704,0.00754,0.04615,0.00516,0.06538,0.16783,0.12940,0.01560,0.01174
262,0.01708,0.04793,0.04607,0.01230,0.04167,0.39541,0.04529,0.03721,0.03414,0.02246,0.03288,0.04209,0.02954,0.03733,0.01016,0.04189,0.02575,0.01959,0.02711,0.03408
263,0.04494,0.06652,0.02504,0.01304,0.03122,0.00786,0.01686,0.03923,0.03830,0.01081,0.05349,0.02889,0.02571,0.02220,0.00698,0.04147,0.46214,0.03248,0.01270,0.02010
264,0.01325,0.02249,0.02567,0.02501,0.02141,0.02399,0.02386,0.02280,0.05258,0.02224,0.02477,0.02637,0.01962,0.05021,0.54737,0.00950,0.01141,0.01111,0.02143,0.02491
265,0.47624,0.02045,0.05739,0.00966,0.01413,0.00878,0.01439,0.01603,0.02166,0.00518,0.01908,0.01747,0.01652,0.01374,0.00746,0.16452,0.05806,0.02701,0.01144,0.02079
266,0.01913,0.12325,0.03088,0.02973,0.03891,0.01389,0.03913,0.03993,0.01779,0.01766,0.03205,0.03410,0.01143,0.02499,0.00816,0.01349,0.03420,0.41982,0.02217,0.02927
267,0.07971,0.26731,0.02413,0.01187,0.00650,0.01064,0.01955,0.01325,0.00755,0.00290,0.01086,0.02796,0.00721,0.00503,0.00240,0.42353,0.03056,0.02122,0.01070,0.01712
268,0.00804,0.03929,0.00483,0.00440,0.04673,0.00832,0.01090,0.04369,0.00397,0.02545,0.04885,0.41073,0.00215,0.00806,0.00328,0.09564,0.11171,0.04278,0.00815,0.07302
269,0.02776,0.02227,0.06384,0.01813,0.07038,0.07246,0.09633,0.02217,0.02139,0.01526,0.01648,0.04839,0.00129,0.01995,0.01488,0.05494,0.14137,0.01375,0.15616,0.10278
270,0.12604,0.03197,0.01240,0.01363,0.01270,0.01719,0.03483,0.02672,0.17275,0.00971,0.01107,0.02047,0.28777,0.02780,0.05813,0.04949,0.02974,0.02067,0.02883,0.00810
271,0.03339,0.03492,0.11142,0.42182,0.03289,0.02166,0.02510,0.02406,0.04959,0.00866,0.02339,0.02945,0.01005,0.02870,0.01232,0.01084,0.01528,0.05600,0.02163,0.02882
272,0.01859,0.05939,0.02646,0.04707,0.03965,0.00045,0.05517,0.10076,0.09651,0.04209,0.05052,0.07606,0.00086,0.06536,0.08971,0.04332,0.04501,0.09265,0.00860,0.04174
273,0.05835,0.04107,0.02614,0.02173,0.02652,0.00684,0.05073,0.02066,0.02622,0.03429,0.02054,0.02367,0.48836,0.01874,0.00744,0.02330,0.05175,0.01580,0.01512,0.02273
274,0.00762,0.06624,0.25911,0.02076,0.01077,0.00344,0.01439,0.06987,0.02963,0.00539,0.02299,0.34164,0.00859,0.03459,0.01123,0.03708,0.02453,0.01188,0.00929,0.01097
275,0.00505,0.01040,0.01210,0.00736,0.12407,0.00314,0.01606,0.05364,0.02600,0.17594,0.28548,0.01399,0.00399,0.01029,0.00538,0.00454,0.01673,0.02563,0.08200,0.11819
276,0.06372,0.04226,0.07004,0.01745,0.03416,0.05094,0.06147,0.03933,0.09811,0.04091,0.05083,0.07154,0.03583,0.06505,0.04620,0.06265,0.06756,0.03326,0.01810,0.03060
277,0.01581,0.02308,0.01960,0.05501,0.02235,0.00705,0.01264,0.56682,0.02323,0.03257,0.01952,0.01726,0.00893,0.02207,0.00666,0.01081,0.02514,0.08075,0.01519,0.01551
278,0.02817,0.01952,0.02504,0.02016,0.02817,0.01226,0.01399,0.52972,0.02008,0.04806,0.01970,0.03709,0.00825,0.02027,0.00819,0.01668,0.06995,0.03629,0.01703,0.02138
279,0.05751,0.03248,0.05580,0.04399,0.02700,0.37943,0.03023,0.01446,0.03179,0.00744,0.03583,0.03184,0.00712,0.05079,0.04431,0.04647,0.01674,0.01173,0.04351,0.03154
280,0.01235,0.02052,0.01183,0.01491,0.03851,0.02466,0.02651,0.07271,0.09783,0.04682,0.05269,0.02564,0.00231,0.01489,0.12667,0.04725,0.12633,0.07595,0.03236,0.12926
281,0.00902,0.05805,0.01283,0.02487,0.01628,0.01613,0.03665,0.01666,0.02085,0.04479,0.02161,0.02371,0.02549,0.01659,0.55059,0.05488,0.01103,0.00956,0.01444,0.01597
282,0.00724,0.00877,0.01093,0.00943,0.01533,0.00405,0.01546,0.42294,0.01220,0.24636,0.01416,0.02758,0.00819,0.01840,0.00790,0.02820,0.02899,0.09020,0.01071,0.01297
283,0.10728,0.03293,0.18679,0.21321,0.01068,0.02130,0.04758,0.02608,0.02854,0.01030,0.02755,0.05743,0.00443,0.09103,0.00756,0.05606,0.03076,0.00769,0.01661,0.01616
284,0.00806,0.01270,0.01681,0.01362,0.01945,0.02541,0.01774,0.04066,0.06322,0.00838,0.01641,0.02697,0.01000,0.02003,0.59632,0.03992,0.01043,0.01341,0.01629,0.02418
285,0.00258,0.00520,0.00570,0.01290,0.00925,0.00223,0.00783,0.15233,0.01821,0.64044,0.06091,0.00771,0.00210,0.01009,0.00234,0.00495,0.01369,0.02732,0.00858,0.00564
286,0.11972,0.03464,0.01023,0.01481,0.02665,0.00254,0.03708,0.04099,0.21004,0.00495,0.11706,0.00888,0.00636,0.08381,0.22435,0.01482,0.00462,0.00364,0.00795,0.02685
287,0.07304,0.02248,0.05208,0.07629,0.04516,0.07279,0.05118,0.02974,0.04105,0.07085,0.07272,0.06419,0.00220,0.09268,0.02808,0.04955,0.05307,0.03482,0.01337,0.05465
288,0.02199,0.02282,0.05413,0.41290,0.02286,0.03011,0.03472,0.03061,0.03212,0.04668,0.04712,0.02192,0.01591,0.09650,0.01045,0.00916,0.02074,0.01992,0.01398,0.03535
289,0.01687,0.03078,0.03419,0.02314,0.05964,0.00746,0.33666,0.02541,0.05711,0.02924,0.02789,0.04996,0.05762,0.04627,0.04370,0.01176,0.01477,0.01249,0.01778,0.09728
290,0.07151,0.06145,0.01424,0.05513,0.03127,0.01516,0.07181,0.08312,0.05226,0.10065,0.07566,0.03243,0.01191,0.04435,0.06997,0.05491,0.03617,0.04602,0.04188,0.03010
291,0.03976,0.00701,0.21070,0.15186,0.00678,0.03406,0.09204,0.01638,0.04727,0.00684,0.01416,0.10244,0.01618,0.06422,0.01656,0.09311,0.05487,0.01195,0.00640,0.00742
292,0.06925,0.02193,0.12492,0.04454,0.01202,0.11729,0.04276,0.03355,0.03858,0.01195,0.01656,0.05016,0.01387,0.05605,0.01644,0.11789,0.17853,0.00688,0.00581,0.02102
293,0.00829,0.02742,0.01971,0.01247,0.14626,0.02255,0.01812,0.01964,0.02225,0.02721,0.01762,0.02919,0.01114,0.01909,0.01505,0.00992,0.01419,0.00928,0.49591,0.05467
294,0.00939,0.02596,0.01674,0.01285,0.39361,0.00452,0.07755,0.02484,0.01773,0.02990,0.01561,0.01679,0.01531,0.01872,0.00862,0.03328,0.01365,0.02631,0.01209,0.22653
295,0.02369,0.07032,0.00682,0.08885,0.07888,0.00104,0.05254,0.05553,0.02816,0.06554,0.08350,0.04713,0.00672,0.08273,0.03925,0.02729,0.07739,0.07363,0.04924,0.04175
296,0.05328,0.02188,0.49755,0.04444,0.02443,0.03056,0.02992,0.02419,0.02934,0.01083,0.02088,0.03098,0.01378,0.02002,0.00694,0.01268,0.01607,0.04912,0.01536,0.04773
297,0.08504,0.03703,0.05771,0.07604,0.01973,0.04680,0.04604,0.04358,0.04546,0.03399,0.06015,0.05807,0.07117,0.08681,0.04271,0.04185,0.07121,0.04956,0.00849,0.01855
298,0.07806,0.04688,0.03191,0.03044,0.01341,0.03275,0.15941,0.02426,0.05161,0.01180,0.03049,0.22848,0.00499,0.04045,0.04476,0.08925,0.03932,0.01004,0.01111,0.02058
299,0.14130,0.01660,0.01935,0.01735,0.01818,0.00942,0.28058,0.02243,0.02697,0.01534,0.02412,0.14443,0.05495,0.07432,0.02025,0.01975,0.01183,0.02443,0.02888,0.02953
300,0.01989,0.01448,0.01865,0.01500,0.02117,0.04149,0.01426,0.01585,0.01589,0.01933,0.01577,0.02701,0.61992,0.02589,0.00507,0.04468,0.02303,0.00994,0.01646,0.01621
301,0.01023,0.03741,0.01298,0.02478,0.01992,0.00536,0.03930,0.01224,0.01668,0.00700,0.01750,0.01595,0.01176,0.01435,0.00942,0.02476,0.00812,0.00808,0.01734,0.68680
302,0.01565,0.01671,0.01813,0.03049,0.01916,0.04093,0.01698,0.01554,0.04799,0.00919,0.03096,0.01871,0.01031,0.01447,0.57375,0.04658,0.01763,0.00878,0.02996,0.01806
303,0.02036,0.02605,0.01953,0.02302,0.02015,0.00999,0.01867,0.05051,0.03621,0.01856,0.01821,0.02127,0.02282,0.01771,0.00926,0.01483,0.57963,0.01747,0.03254,0.02319
304,0.01281,0.05811,0.02803,0.01820,0.02317,0.01867,0.02038,0.02530,0.01822,0.01602,0.03307,0.02459,0.01396,0.01782,0.03238,0.01260,0.01159,0.01755,0.58007,0.01747
305,0.44459,0.03742,0.05647,0.01315,0.02660,0.13492,0.01929,0.01673,0.01994,0.00768,0.02537,0.01947,0.00816,0.01934,0.01355,0.01553,0.03868,0.03436,0.02536,0.02339
306,0.01119,0.03071,0.03827,0.01782,0.01232,0.00687,0.02653,0.02000,0.02505,0.01087,0.02591,0.03566,0.01129,0.02368,0.00965,0.01158,0.01021,0.00981,0.01506,0.64752
307,0.01484,0.02904,0.02077,0.01917,0.01764,0.00791,0.54403,0.02658,0.02032,0.01166,0.02043,0.07931,0.02339,0.02558,0.01637,0.01318,0.01311,0.01077,0.02176,0.06416
308,0.01083,0.01991,0.01401,0.02846,0.03615,0.66967,0.01553,0.03658,0.01703,0.00809,0.01526,0.01530,0.01026,0.01585,0.02012,0.00870,0.00918,0.01456,0.01677,0.01771
309,0.01777,0.04314,0.02750,0.01822,0.01768,0.01885,0.01055,0.02884,0.01463,0.00920,0.01382,0.02555,0.00888,0.01478,0.01794,0.65877,0.01352,0.01455,0.01334,0.01247
310,0.00899,0.03093,0.02502,0.01780,0.13631,0.01291,0.02950,0.01562,0.02362,0.01420,0.02430,0.04307,0.00566,0.02630,0.00852,0.01231,0.01214,0.00776,0.01657,0.52845
311,0.03627,0.06089,0.07580,0.37914,0.01108,0.03329,0.02908,0.04153,0.02666,0.01596,0.01743,0.01561,0.04435,0.05734,0.00712,0.02781,0.06350,0.02266,0.02410,0.01037
312,0.42188,0.01905,0.01707,0.01327,0.01674,0.00781,0.11815,0.01705,0.02334,0.00820,0.02282,0.01577,0.00755,0.01834,0.00865,0.17466,0.02150,0.03867,0.01776,0.01171
313,0.09346,0.06614,0.06238,0.05175,0.01525,0.02209,0.05253,0.03497,0.07109,0.01414,0.06439,0.04551,0.09883,0.05942,0.04023,0.05608,0.07669,0.04555,0.01003,0.01946
314,0.09000,0.04008,0.00623,0.00616,0.01459,0.01674,0.02092,0.01203,0.00839,0.00708,0.02303,0.01273,0.19387,0.01496,0.00672,0.27016,0.22843,0.01414,0.00842,0.00533
315,0.09720,0.03970,0.02616,0.25743,0.02880,0.02570,0.01369,0.00661,0.01721,0.00303,0.06704,0.03413,0.00491,0.14804,0.02524,0.14479,0.02661,0.00992,0.00613,0.01766
316,0.00588,0.00893,0.00944,0.07023,0.01149,0.71505,0.00992,0.01981,0.01198,0.00524,0.01590,0.01076,0.00543,0.00898,0.04063,0.00711,0.00743,0.01771,0.00840,0.00969
317,0.01905,0.01578,0.01324,0.01259,0.01173,0.00675,0.01021,0.01412,0.01555,0.04830,0.01629,0.02169,0.01367,0.01334,0.00522,0.67370,0.05245,0.00811,0.01492,0.01327
318,0.37634,0.12231,0.01381,0.02714,0.01565,0.01370,0.00852,0.00977,0.00775,0.00424,0.00666,0.06687,0.00659,0.01025,0.00242,0.24858,0.01832,0.02753,0.00500,0.00854
319,0.05662,0.15896,0.00614,0.00447,0.03092,0.00159,0.02186,0.04411,0.00456,0.06676,0.06724,0.01044,0.00684,0.01090,0.00277,0.14867,0.21049,0.11326,0.01664,0.01675
320,0.01543,0.01920,0.01703,0.01434,0.02215,0.01295,0.01720,0.01470,0.01378,0.00536,0.01573,0.01269,0.02937,0.01806,0.00529,0.56990,0.15131,0.01019,0.01522,0.02011
321,0.05430,0.10199,0.00400,0.00351,0.03825,0.00148,0.03172,0.04043,0.01565,0.18671,0.26779,0.00987,0.00641,0.05247,0.00921,0.01663,0.02353,0.05797,0.05818,0.01988
322,0.02299,0.17344,0.00911,0.00810,0.01184,0.01850,0.01240,0.05052,0.00861,0.06262,0.02117,0.01015,0.00568,0.00857,0.00405,0.00367,0.01881,0.52843,0.01143,0.00992
323,0.00905,0.02130,0.04056,0.03524,0.01730,0.01464,0.02497,0.02465,0.04752,0.00657,0.01984,0.57446,0.00512,0.01689,0.01062,0.03374,0.02190,0.00915,0.02476,0.04173
324,0.07792,0.02513,0.01586,0.02608,0.01308,0.54071,0.01639,0.01190,0.01330,0.01036,0.02654,0.02803,0.02006,0.02894,0.01132,0.03752,0.02234,0.02323,0.03315,0.01811
325,0.06704,0.16525,0.00998,0.00800,0.06148,0.00644,0.01151,0.11244,0.00786,0.12995,0.08114,0.00693,0.00301,0.00998,0.00256,0.00348,0.10616,0.19340,0.00635,0.00705
326,0.20511,0.16915,0.01939,0.00369,0.01079,0.00263,0.01240,0.01728,0.00490,0.01232,0.02897,0.00221,0.00258,0.00489,0.00155,0.10358,0.26834,0.12096,0.00370,0.00557
327,0.00501,0.00873,0.01474,0.01461,0.01390,0.04720,0.01140,0.02294,0.22142,0.00409,0.01605,0.00685,0.00407,0.01010,0.55066,0.00965,0.00627,0.00988,0.01379,0.00864
328,0.00729,0.00927,0.00497,0.00552,0.23494,0.00520,0.03245,0.04997,0.01202,0.32653,0.16409,0.00478,0.00423,0.01150,0.00523,0.00585,0.01991,0.00580,0.04443,0.04603
329,0.00672,0.05154,0.01060,0.01177,0.00916,0.00531,0.00438,0.10483,0.00986,0.62414,0.02864,0.00754,0.02955,0.02137,0.01381,0.00323,0.00339,0.03754,0.01039,0.00622
330,0.01735,0.00938,0.00792,0.01139,0.01157,0.00673,0.00478,0.00769,0.01146,0.00849,0.00888,0.00964,0.03811,0.01615,0.00495,0.49655,0.30475,0.00564,0.01225,0.00631
331,0.00770,0.01340,0.01860,0.04766,0.01385,0.01230,0.01470,0.01214,0.64651,0.00899,0.02453,0.02596,0.01241,0.02620,0.03903,0.00676,0.03025,0.01366,0.01428,0.01108
332,0.00872,0.01634,0.01452,0.01807,0.01378,0.00793,0.02527,0.01081,0.01342,0.02235,0.01229,0.00945,0.73977,0.01037,0.00631,0.02221,0.01376,0.00941,0.01493,0.01027
333,0.00700,0.01983,0.01065,0.01226,0.01067,0.04197,0.00875,0.01362,0.01018,0.00855,0.00913,0.00837,0.00452,0.00841,0.01927,0.00740,0.00452,0.00767,0.77700,0.01024
334,0.01438,0.01103,0.66862,0.05631,0.00959,0.02312,0.00777,0.01013,0.01689,0.00527,0.01793,0.04946,0.00453,0.01308,0.00523,0.00465,0.00374,0.04092,0.01608,0.02128
335,0.01519,0.38202,0.00505,0.01898,0.00747,0.02808,0.00612,0.01314,0.00803,0.02633,0.14455,0.00550,0.00738,0.00685,0.00348,0.00848,0.01251,0.28725,0.00702,0.00658
336,0.03437,0.14173,0.00708,0.01157,0.01258,0.02738,0.01737,0.18563,0.00621,0.03974,0.05219,0.01578,0.00259,0.00814,0.00448,0.00946,0.00199,0.40854,0.00779,0.00541
337,0.05084,0.00522,0.01589,0.05793,0.00222,0.03772,0.04306,0.03768,0.00119,0.01281,0.10209,0.04867,0.14489,0.12375,0.00132,0.07616,0.07679,0.03366,0.04780,0.08030
