site,A,C,D,E,F,G,H,I,K,L,M,N,P,Q,R,S,T,V,W,Y
225,0.38356,0.19106,0.01471,0.01390,0.01716,0.02974,0.01865,0.03435,0.02671,0.00487,0.01818,0.02571,0.02282,0.01487,0.00410,0.01151,0.05573,0.08242,0.01033,0.01961
226,0.00687,0.01071,0.02115,0.02110,0.01290,0.00287,0.02968,0.01695,0.55251,0.00678,0.01022,0.03881,0.01243,0.02459,0.18097,0.00505,0.01296,0.00410,0.00599,0.02334
227,0.04420,0.15531,0.01090,0.00863,0.00839,0.01215,0.01314,0.01373,0.01429,0.00306,0.01021,0.17958,0.01014,0.00950,0.00205,0.20149,0.25565,0.03188,0.00475,0.01095
228,0.00793,0.01142,0.04933,0.01456,0.01211,0.00336,0.03298,0.05069,0.01920,0.00559,0.01628,0.58852,0.04498,0.04231,0.00565,0.03002,0.03823,0.00533,0.00981,0.01169
229,0.02204,0.11117,0.00177,0.00139,0.00107,0.00037,0.00223,0.12355,0.00222,0.17423,0.24312,0.00996,0.01987,0.00220,0.00044,0.00739,0.20524,0.06910,0.00092,0.00171
230,0.01044,0.01432,0.02182,0.01555,0.01952,0.00405,0.02974,0.32243,0.03042,0.00511,0.07516,0.02747,0.00932,0.02024,0.00535,0.00641,0.03607,0.31669,0.01134,0.01855
231,0.01100,0.02801,0.02572,0.01238,0.03787,0.00652,0.03399,0.02915,0.37832,0.01068,0.02564,0.02703,0.01453,0.02747,0.24366,0.00901,0.02850,0.01086,0.01576,0.02390
232,0.03638,0.05565,0.01321,0.01029,0.01170,0.21421,0.01637,0.04661,0.01207,0.08508,0.08824,0.05626,0.00420,0.01489,0.00349,0.16072,0.12002,0.02981,0.00511,0.01569
233,0.15045,0.14837,0.01827,0.00330,0.01926,0.00111,0.01845,0.18759,0.01037,0.00367,0.01436,0.01951,0.00566,0.01369,0.00237,0.07974,0.15156,0.11371,0.00500,0.03357
234,0.10189,0.23905,0.00590,0.00968,0.02594,0.01330,0.01360,0.01486,0.01886,0.00485,0.03360,0.03399,0.00435,0.02574,0.00457,0.24488,0.14794,0.03257,0.00655,0.01789
235,0.01940,0.06044,0.01439,0.01749,0.02683,0.00682,0.02019,0.24861,0.02378,0.05359,0.02478,0.01156,0.00461,0.02665,0.00447,0.04502,0.16961,0.18417,0.01465,0.02293
236,0.05045,0.10527,0.00768,0.00632,0.01188,0.00219,0.01051,0.01674,0.00979,0.20815,0.15629,0.03080,0.00617,0.11585,0.00235,0.10928,0.08751,0.04564,0.00522,0.01191
237,0.16928,0.03903,0.01873,0.01046,0.02798,0.17063,0.02838,0.01929,0.01434,0.00725,0.01306,0.02973,0.01165,0.01764,0.00729,0.27207,0.10688,0.00528,0.00527,0.02576
238,0.09975,0.04284,0.04145,0.00368,0.02730,0.15098,0.02691,0.13997,0.04003,0.03791,0.01870,0.04159,0.00452,0.09631,0.01803,0.11989,0.03610,0.02981,0.00416,0.02008
239,0.01026,0.09121,0.02533,0.02816,0.24949,0.00805,0.01115,0.09210,0.03122,0.12973,0.05296,0.02304,0.00567,0.01216,0.01539,0.00819,0.02983,0.14316,0.01778,0.01510
240,0.00998,0.01515,0.01242,0.03067,0.00568,0.00469,0.00844,0.15874,0.06106,0.21206,0.31415,0.01667,0.04575,0.02200,0.00294,0.00679,0.01607,0.00516,0.03312,0.01846
241,0.01562,0.11958,0.05993,0.06776,0.07671,0.00544,0.05131,0.03117,0.02572,0.16608,0.06877,0.08619,0.00203,0.03268,0.00895,0.02922,0.02271,0.02513,0.01218,0.09284
242,0.04521,0.02395,0.01836,0.00820,0.07135,0.09180,0.07964,0.06781,0.08146,0.03468,0.06471,0.05940,0.02366,0.08444,0.01226,0.03936,0.09415,0.02906,0.03255,0.03796
243,0.02751,0.00512,0.03953,0.10202,0.07997,0.00310,0.00849,0.08483,0.08862,0.02965,0.10202,0.08862,0.00660,0.05054,0.10224,0.00908,0.02023,0.04654,0.04101,0.06430
244,0.14165,0.02863,0.03500,0.00607,0.07787,0.00277,0.03312,0.13113,0.00605,0.04298,0.06821,0.04576,0.00506,0.09241,0.00210,0.03456,0.04718,0.14079,0.00489,0.05378
245,0.02908,0.12466,0.12769,0.07616,0.03829,0.02512,0.04886,0.07985,0.03223,0.04693,0.04875,0.08156,0.01385,0.03532,0.00426,0.03671,0.08459,0.02239,0.01254,0.03113
246,0.11373,0.03712,0.00206,0.00340,0.02475,0.11313,0.04896,0.03779,0.02516,0.01284,0.16293,0.14175,0.01762,0.04763,0.00732,0.06275,0.07653,0.03374,0.00897,0.02181
247,0.11833,0.06392,0.00750,0.06204,0.02590,0.03161,0.01778,0.02589,0.05321,0.03806,0.06623,0.07253,0.10934,0.06657,0.02202,0.04741,0.08651,0.03929,0.03149,0.01439
248,0.05825,0.06121,0.06236,0.02612,0.05021,0.04831,0.05973,0.06130,0.04066,0.03213,0.02000,0.06145,0.02822,0.04347,0.06242,0.03959,0.03790,0.11973,0.02460,0.06236
249,0.03545,0.07756,0.09872,0.02101,0.08344,0.00922,0.08518,0.07864,0.06378,0.01707,0.01353,0.05370,0.05109,0.03208,0.09894,0.04223,0.02030,0.01339,0.00992,0.09475
250,0.11518,0.04091,0.02724,0.01754,0.03068,0.09663,0.03367,0.05172,0.03177,0.00929,0.02012,0.10110,0.11459,0.07320,0.00793,0.09550,0.05511,0.04454,0.01364,0.01965
251,0.04977,0.12757,0.01017,0.02272,0.03223,0.01504,0.01466,0.03656,0.01680,0.02549,0.05657,0.07710,0.03055,0.15464,0.00475,0.10632,0.12287,0.06750,0.00594,0.02275
252,0.01990,0.03864,0.04915,0.02033,0.07503,0.00871,0.05715,0.07589,0.25964,0.01959,0.04398,0.02723,0.03451,0.04218,0.06091,0.01705,0.04307,0.01462,0.02655,0.06586
253,0.09503,0.10606,0.02055,0.01147,0.14042,0.05954,0.03505,0.06024,0.01636,0.02522,0.04209,0.02797,0.02027,0.01919,0.00639,0.02189,0.01171,0.09549,0.05570,0.12936
254,0.01324,0.02182,0.13437,0.25985,0.04539,0.02008,0.04785,0.05371,0.15238,0.01722,0.03585,0.04321,0.01553,0.02764,0.00797,0.01457,0.03663,0.00567,0.01709,0.02993
255,0.08645,0.04302,0.11886,0.14815,0.01295,0.00817,0.01509,0.03735,0.02159,0.04035,0.04870,0.05478,0.10943,0.10547,0.01553,0.03509,0.05185,0.03156,0.00535,0.01025
256,0.01676,0.05726,0.30558,0.02752,0.04602,0.00906,0.05294,0.06475,0.03009,0.01463,0.03820,0.04591,0.06569,0.04612,0.01562,0.01723,0.02422,0.02591,0.02193,0.07456
257,0.09433,0.06737,0.02151,0.00657,0.01820,0.00456,0.03746,0.22110,0.01217,0.07225,0.08605,0.02493,0.03836,0.01595,0.00413,0.00838,0.04169,0.19125,0.00899,0.02473
258,0.01958,0.03279,0.09219,0.02084,0.03721,0.02047,0.01783,0.02047,0.04243,0.06860,0.05049,0.32648,0.00760,0.02549,0.01248,0.12503,0.02602,0.01360,0.02765,0.01273
259,0.01744,0.02619,0.02684,0.03039,0.05386,0.00979,0.01942,0.06080,0.04117,0.45122,0.05817,0.04364,0.00586,0.03259,0.00739,0.01124,0.02048,0.01068,0.03826,0.03456
260,0.01089,0.01558,0.01690,0.04155,0.05352,0.34502,0.05647,0.04387,0.04565,0.01955,0.05988,0.04387,0.02409,0.07809,0.00973,0.00529,0.02282,0.03166,0.02326,0.05229
261,0.07390,0.12249,0.00819,0.01170,0.02053,0.02858,0.01824,0.08219,0.00593,0.00886,0.02813,0.03465,0.00628,0.02011,0.00211,0.10406,0.24214,0.14385,0.02380,0.01422
262,0.00552,0.06252,0.01629,0.01074,0.12313,0.12339,0.12053,0.08314,0.06524,0.03182,0.04826,0.05529,0.03277,0.05703,0.00535,0.00478,0.03534,0.00708,0.03647,0.07532
263,0.00509,0.05845,0.07319,0.02650,0.10998,0.00962,0.03410,0.00936,0.03323,0.01406,0.04498,0.05013,0.01514,0.04040,0.00844,0.05128,0.32061,0.01384,0.02684,0.05476
264,0.02151,0.04591,0.06024,0.05535,0.04720,0.01491,0.03101,0.04979,0.04538,0.02816,0.05424,0.08669,0.01645,0.01277,0.30290,0.01371,0.01686,0.01823,0.02707,0.05162
265,0.34863,0.02193,0.01949,0.01836,0.02836,0.00706,0.03514,0.03710,0.03745,0.00870,0.04179,0.04283,0.01630,0.02983,0.00787,0.21736,0.00913,0.00472,0.02245,0.04548
266,0.02365,0.03375,0.06719,0.01074,0.13719,0.00411,0.12801,0.07949,0.01990,0.00801,0.00949,0.08306,0.01404,0.05127,0.00874,0.01614,0.02155,0.19356,0.02115,0.06895
267,0.08256,0.21841,0.00903,0.00845,0.01392,0.00512,0.03191,0.05002,0.01686,0.00644,0.01352,0.03524,0.00611,0.01158,0.00451,0.38834,0.04754,0.00957,0.01384,0.02704
268,0.00452,0.01148,0.00853,0.00910,0.05432,0.00138,0.01730,0.03152,0.01030,0.00652,0.01535,0.40016,0.00580,0.01257,0.00510,0.12058,0.16588,0.04449,0.00708,0.06803
269,0.04649,0.02877,0.04626,0.00690,0.08797,0.04166,0.09646,0.01205,0.03025,0.02148,0.01773,0.06142,0.00175,0.03023,0.02295,0.06932,0.11216,0.02170,0.15556,0.08889
270,0.12897,0.03918,0.00917,0.01484,0.01894,0.01343,0.04426,0.02457,0.19763,0.00890,0.01575,0.02352,0.18653,0.02151,0.05513,0.05456,0.04455,0.00813,0.07384,0.01661
271,0.02786,0.10961,0.04545,0.21723,0.08637,0.02099,0.05103,0.04353,0.02015,0.01194,0.04628,0.07355,0.01344,0.02812,0.01299,0.01450,0.02320,0.01192,0.04743,0.09438
272,0.02156,0.03966,0.02010,0.05453,0.01289,0.00065,0.04982,0.08614,0.10233,0.04992,0.10845,0.06839,0.00126,0.10843,0.07901,0.04249,0.04838,0.08135,0.00719,0.01746
273,0.02623,0.03150,0.04982,0.04230,0.03891,0.00950,0.14419,0.03972,0.05103,0.00981,0.03864,0.06368,0.26568,0.03233,0.00938,0.00657,0.04825,0.01354,0.02416,0.05477
274,0.03906,0.11878,0.14016,0.02705,0.01878,0.00550,0.01519,0.02746,0.02281,0.02072,0.05169,0.23232,0.01480,0.10081,0.03558,0.03886,0.04046,0.01734,0.01705,0.01558
275,0.00575,0.01245,0.02292,0.01313,0.17688,0.00369,0.02336,0.05608,0.01703,0.21450,0.19645,0.02516,0.00605,0.01367,0.00385,0.00465,0.00242,0.03411,0.07102,0.09683
276,0.08333,0.04152,0.03746,0.01571,0.03292,0.04196,0.06122,0.02827,0.10102,0.05585,0.04867,0.06409,0.02072,0.04541,0.08876,0.07945,0.07780,0.03595,0.00971,0.03018
277,0.01707,0.02930,0.02766,0.05999,0.02528,0.01132,0.02359,0.37277,0.06044,0.01086,0.02708,0.02468,0.01054,0.04457,0.01040,0.00842,0.00618,0.16377,0.03311,0.03296
278,0.03785,0.04551,0.06459,0.04930,0.02660,0.01532,0.02594,0.34760,0.04647,0.01038,0.05059,0.02628,0.01416,0.05340,0.01337,0.01433,0.01521,0.06102,0.03869,0.04341
279,0.02846,0.09473,0.03066,0.04270,0.03395,0.31374,0.03511,0.03414,0.04103,0.01208,0.04712,0.04230,0.01369,0.04123,0.00927,0.06240,0.01857,0.01126,0.03185,0.05573
280,0.01436,0.01883,0.02160,0.01283,0.06363,0.01678,0.03728,0.10757,0.06507,0.03129,0.03726,0.03695,0.00523,0.01508,0.13844,0.03951,0.15522,0.05158,0.03146,0.10004
281,0.01708,0.02793,0.02581,0.07118,0.03680,0.00967,0.00659,0.04144,0.05249,0.03673,0.06463,0.04061,0.01310,0.03737,0.39755,0.01020,0.02153,0.01806,0.03227,0.03898
282,0.01044,0.01428,0.01863,0.01484,0.01648,0.00574,0.02889,0.25340,0.02115,0.24097,0.02255,0.01997,0.00929,0.03938,0.00628,0.00542,0.02886,0.20954,0.01263,0.02128
283,0.06556,0.02108,0.16277,0.12980,0.02265,0.02069,0.05794,0.02921,0.03058,0.03813,0.05202,0.09569,0.00423,0.05735,0.00800,0.07804,0.08469,0.00581,0.01778,0.01799
284,0.01075,0.01879,0.02759,0.02190,0.03408,0.00225,0.03144,0.24626,0.05895,0.01124,0.02799,0.05628,0.01240,0.03742,0.30676,0.00736,0.01446,0.01132,0.01595,0.04683
285,0.00364,0.00719,0.00716,0.01930,0.00721,0.00284,0.00830,0.08171,0.02674,0.55362,0.22418,0.00914,0.00285,0.01485,0.00245,0.00230,0.00204,0.00558,0.01120,0.00770
286,0.10447,0.04373,0.01188,0.03149,0.01487,0.00266,0.06516,0.07409,0.24419,0.00407,0.07722,0.02690,0.00250,0.04485,0.10664,0.05462,0.01177,0.01999,0.02321,0.03570
287,0.08200,0.01833,0.06197,0.06363,0.03677,0.07451,0.04146,0.01983,0.03513,0.07639,0.06199,0.05692,0.00429,0.08392,0.02982,0.06531,0.07050,0.03526,0.03798,0.04397
288,0.02381,0.04943,0.05250,0.23175,0.04025,0.00273,0.09038,0.08180,0.00871,0.03380,0.04080,0.04288,0.02641,0.12158,0.01125,0.01415,0.02550,0.01427,0.02421,0.06380
289,0.02789,0.05520,0.05878,0.04861,0.06751,0.00536,0.17368,0.04711,0.17400,0.01029,0.04037,0.05177,0.02524,0.02885,0.00615,0.01716,0.02381,0.01998,0.03085,0.08741
290,0.04918,0.02468,0.03936,0.06570,0.01438,0.01280,0.11904,0.10889,0.06082,0.06801,0.04270,0.03917,0.01180,0.07640,0.04703,0.05505,0.04407,0.03679,0.04368,0.04047
291,0.02982,0.01761,0.18978,0.15815,0.01685,0.08404,0.09608,0.01942,0.00563,0.00563,0.01629,0.12337,0.01590,0.06641,0.02213,0.06311,0.02489,0.01388,0.01518,0.01585
292,0.03860,0.02710,0.09206,0.02359,0.02798,0.06359,0.03092,0.02918,0.05164,0.01745,0.02175,0.03024,0.01075,0.05069,0.01470,0.25243,0.16007,0.01069,0.01301,0.03353
293,0.01226,0.01868,0.04443,0.02105,0.19595,0.01168,0.03722,0.03780,0.04923,0.02576,0.03092,0.04430,0.01770,0.03360,0.00409,0.01039,0.01715,0.00958,0.28307,0.09512
294,0.00987,0.02122,0.02972,0.01849,0.22030,0.00617,0.08121,0.03225,0.03278,0.05501,0.04302,0.02993,0.01673,0.03025,0.00938,0.02113,0.02463,0.01052,0.02479,0.28260
295,0.06424,0.07873,0.03045,0.11144,0.04031,0.00239,0.05377,0.08906,0.03761,0.06108,0.07515,0.04820,0.00299,0.03932,0.04625,0.04136,0.06963,0.05658,0.02500,0.02644
296,0.01112,0.03121,0.22195,0.01920,0.05173,0.01809,0.03486,0.04148,0.03935,0.01262,0.03241,0.00836,0.01806,0.03155,0.00784,0.01654,0.02060,0.01653,0.01746,0.34906
297,0.10621,0.04725,0.02443,0.05818,0.01717,0.01258,0.02348,0.08523,0.03788,0.05265,0.06736,0.05869,0.04211,0.09799,0.06181,0.05781,0.06852,0.05635,0.00787,0.01642
298,0.08603,0.04778,0.00188,0.04387,0.02454,0.02543,0.22425,0.01711,0.02511,0.03993,0.02218,0.09888,0.00485,0.07208,0.07422,0.08384,0.07171,0.01424,0.01161,0.01047
299,0.09524,0.02832,0.02343,0.02013,0.02159,0.00855,0.10111,0.02678,0.03590,0.00676,0.05529,0.16223,0.05250,0.16323,0.00916,0.09297,0.03222,0.02101,0.04025,0.00333
300,0.01595,0.05064,0.04041,0.03684,0.05453,0.01336,0.02629,0.03303,0.03336,0.00611,0.03284,0.03570,0.41334,0.04770,0.00937,0.02637,0.03804,0.01855,0.03385,0.03373
301,0.01684,0.02562,0.02061,0.04015,0.03060,0.01085,0.01320,0.02892,0.04036,0.01341,0.04490,0.02741,0.01743,0.03557,0.01055,0.01083,0.01672,0.01633,0.04703,0.53268
302,0.02006,0.03742,0.04376,0.03971,0.04464,0.00749,0.03824,0.03045,0.07747,0.01128,0.02518,0.04548,0.01943,0.02951,0.39386,0.04351,0.01865,0.01595,0.01673,0.04121
303,0.08064,0.04359,0.04149,0.03774,0.04760,0.01767,0.03724,0.01629,0.04283,0.01201,0.03405,0.03393,0.01695,0.03138,0.01075,0.01580,0.35148,0.03354,0.05990,0.03512
304,0.02254,0.02294,0.07708,0.03551,0.05039,0.01404,0.04335,0.07396,0.03756,0.01582,0.04101,0.05674,0.02405,0.03389,0.01014,0.01480,0.02002,0.02070,0.35134,0.03411
305,0.29204,0.03757,0.01718,0.02382,0.04649,0.14249,0.02587,0.03229,0.04364,0.01330,0.06420,0.02772,0.00625,0.04169,0.01081,0.01010,0.01425,0.03940,0.07498,0.03591
306,0.01425,0.05003,0.02832,0.03644,0.02293,0.01081,0.05373,0.04399,0.06733,0.01822,0.07029,0.02350,0.01813,0.06081,0.01543,0.01053,0.01707,0.01588,0.02883,0.39347
307,0.02089,0.04997,0.06415,0.04140,0.03555,0.01311,0.34439,0.07444,0.04655,0.01308,0.04703,0.10651,0.01253,0.02294,0.00359,0.01233,0.02226,0.01934,0.03557,0.01439
308,0.00854,0.03045,0.02760,0.03806,0.06907,0.45106,0.03264,0.04544,0.03582,0.01293,0.03136,0.03423,0.01761,0.03351,0.01285,0.01054,0.01636,0.02108,0.02791,0.04293
309,0.04313,0.04718,0.05755,0.04214,0.04004,0.00831,0.01920,0.01546,0.03147,0.01668,0.03059,0.00780,0.01180,0.03135,0.01272,0.48172,0.01613,0.03123,0.02885,0.02665
310,0.01378,0.07190,0.01722,0.03698,0.17995,0.01489,0.02496,0.02943,0.05571,0.01563,0.05694,0.01613,0.00833,0.06873,0.01345,0.00662,0.01201,0.01168,0.02942,0.31623
311,0.05741,0.09361,0.07498,0.28742,0.02290,0.00397,0.04243,0.06351,0.01874,0.01976,0.04431,0.04953,0.01481,0.06419,0.01345,0.03122,0.02333,0.01191,0.04186,0.02066
312,0.27525,0.02667,0.01773,0.02604,0.03400,0.00627,0.11443,0.03298,0.04978,0.01354,0.05257,0.03053,0.00580,0.03703,0.01076,0.18963,0.00627,0.01510,0.03485,0.02076
313,0.07174,0.07195,0.02688,0.04136,0.01063,0.00972,0.06436,0.04193,0.17800,0.02781,0.02367,0.03074,0.07555,0.03690,0.08183,0.04400,0.03819,0.09059,0.02334,0.01080
314,0.05220,0.04494,0.01644,0.01243,0.01331,0.01338,0.01954,0.01640,0.01136,0.00469,0.03179,0.01540,0.10919,0.01305,0.00589,0.31699,0.26651,0.00808,0.01392,0.01448
315,0.13733,0.06140,0.01518,0.08386,0.01520,0.02638,0.00856,0.01426,0.03445,0.00499,0.07529,0.04497,0.00419,0.16795,0.00636,0.22499,0.03750,0.00905,0.01215,0.01597
316,0.01390,0.02146,0.01958,0.01661,0.02735,0.61379,0.02190,0.03904,0.02840,0.00822,0.02680,0.02458,0.01139,0.02107,0.00511,0.00892,0.01207,0.03854,0.01809,0.02317
317,0.01299,0.03855,0.03243,0.02667,0.02696,0.00986,0.02094,0.03183,0.03600,0.02460,0.02424,0.02843,0.00749,0.02928,0.00991,0.51826,0.05964,0.01577,0.02297,0.02318
318,0.42496,0.06456,0.02305,0.02013,0.03337,0.00970,0.02502,0.02867,0.02161,0.00844,0.01953,0.02778,0.00967,0.02366,0.00564,0.16383,0.02816,0.02347,0.01460,0.02414
319,0.08930,0.11114,0.02664,0.01842,0.00977,0.00657,0.02130,0.03442,0.01963,0.00799,0.03968,0.02685,0.01568,0.01974,0.00782,0.27548,0.16250,0.05868,0.02372,0.02466
320,0.00961,0.02213,0.02498,0.03040,0.01062,0.01200,0.02216,0.03143,0.02895,0.00884,0.03510,0.01618,0.03233,0.03856,0.00864,0.39005,0.21304,0.01732,0.03008,0.01757
321,0.02543,0.09019,0.00858,0.00707,0.02633,0.00313,0.01115,0.02998,0.00719,0.17411,0.46213,0.00617,0.01754,0.02696,0.00753,0.00862,0.02236,0.01904,0.04001,0.00648
322,0.00538,0.05454,0.02198,0.01774,0.02984,0.01283,0.03412,0.04155,0.02206,0.02196,0.06282,0.02896,0.00979,0.02103,0.00954,0.00862,0.01152,0.53848,0.02164,0.02558
323,0.01715,0.03403,0.05564,0.07712,0.03837,0.02993,0.01308,0.02277,0.03673,0.01148,0.04521,0.40091,0.00891,0.03542,0.01907,0.02198,0.01024,0.01660,0.07296,0.03240
324,0.03011,0.02588,0.02556,0.04785,0.03737,0.55623,0.02719,0.03346,0.02123,0.00751,0.01776,0.02972,0.01102,0.02614,0.00387,0.01000,0.01223,0.03143,0.02223,0.02321
325,0.03285,0.22349,0.01198,0.01656,0.06979,0.00604,0.01336,0.10381,0.01582,0.11983,0.10681,0.01015,0.00390,0.01932,0.00465,0.00435,0.05724,0.15583,0.01295,0.01126
326,0.15287,0.18444,0.01315,0.00617,0.02197,0.00215,0.01210,0.00594,0.00664,0.01366,0.02229,0.00377,0.00316,0.00832,0.00257,0.13814,0.28457,0.09308,0.00613,0.01889
327,0.00945,0.01736,0.02169,0.02951,0.02960,0.10909,0.01519,0.04806,0.16057,0.00802,0.02543,0.01231,0.00750,0.02180,0.42168,0.00532,0.00709,0.01307,0.02124,0.01602
328,0.00421,0.01753,0.01110,0.01447,0.23695,0.00804,0.00491,0.10493,0.01619,0.34206,0.11076,0.00666,0.00431,0.00807,0.00292,0.00300,0.01118,0.00623,0.05499,0.03150
329,0.00868,0.04077,0.01915,0.02068,0.02158,0.01154,0.00678,0.11273,0.01672,0.55780,0.04011,0.01269,0.00581,0.03231,0.00423,0.00497,0.00532,0.04777,0.01715,0.01322
330,0.00738,0.01657,0.01457,0.02050,0.01404,0.01233,0.00772,0.01538,0.02409,0.00369,0.01664,0.01312,0.02398,0.01702,0.00627,0.35084,0.39294,0.00958,0.02272,0.01063
331,0.01641,0.02964,0.04856,0.06697,0.03150,0.01707,0.03617,0.02770,0.52538,0.01129,0.01753,0.01228,0.03061,0.01949,0.00409,0.01015,0.01057,0.02108,0.03764,0.02587
332,0.01000,0.02031,0.02607,0.04721,0.03200,0.01575,0.01369,0.02315,0.03028,0.02165,0.02829,0.01978,0.58892,0.02129,0.00694,0.01673,0.00827,0.01476,0.03220,0.02271
333,0.01041,0.01288,0.02426,0.02863,0.03761,0.01324,0.01894,0.02451,0.01993,0.00702,0.01961,0.01877,0.00877,0.01804,0.04047,0.00603,0.00920,0.01161,0.64701,0.02307
334,0.01101,0.02519,0.57942,0.04434,0.02222,0.01645,0.00997,0.02206,0.04739,0.01038,0.04983,0.02320,0.00643,0.03404,0.01098,0.00666,0.00734,0.01460,0.04389,0.01462
335,0.00722,0.40611,0.00925,0.00878,0.01504,0.00672,0.01183,0.02971,0.01651,0.04221,0.13259,0.01070,0.01175,0.01297,0.00412,0.00608,0.00929,0.23299,0.01318,0.01295
336,0.02978,0.25664,0.00978,0.00879,0.01376,0.00772,0.00906,0.21706,0.01191,0.03197,0.01485,0.03087,0.00334,0.00959,0.00389,0.00804,0.00363,0.30534,0.01476,0.00920
337,0.07433,0.00482,0.01027,0.02533,0.00473,0.02767,0.07287,0.03005,0.00274,0.00853,0.12456,0.06647,0.10090,0.10203,0.00106,0.10101,0.07990,0.03214,0.06740,0.06319
