site,A,C,D,E,F,G,H,I,K,L,M,N,P,Q,R,S,T,V,W,Y
225,0.31415685143203376,0.24244182091741706,0.004904671118114151,0.016199744334099705,0.005198237393229443,0.026483651847423458,0.007442286982330716,0.1111533093916189,0.007687651631180099,0.006764941658311637,0.04431434391052985,0.01152486600882026,0.030508197571188198,0.006613831565833641,0.0017353296350466254,0.00960943466791741,0.027127624501732575,0.1155133861400494,0.004426973337813298,0.0061928459553098015
226,0.00404836052658142,0.006132074655517443,0.008351462298255499,0.04178409874944657,0.006998112489575418,0.002399516357250927,0.013780095240041876,0.013789798957422288,0.6199671558765898,0.019709121168504293,0.0166346945656158,0.03410063216184247,0.005578981124861872,0.01754847879177446,0.1255719658812726,0.0033193631509893357,0.023867154209253425,0.024535247866391736,0.003272749333565457,0.008610936595247328
227,0.05917018879617505,0.305631838363255,0.004297690652329815,0.002803065963115228,0.0026498804758872843,0.004414516732132087,0.008260922595944655,0.02166997804840408,0.0043192402169265785,0.0009811105435925595,0.004104020643011579,0.11888185914906517,0.0041169304797018845,0.003112414724263475,0.002204531802861871,0.1618114643521454,0.19298360515475155,0.09199735922503242,0.001958276703003974,0.004631105378400266
228,0.003607247453106612,0.005232022371836689,0.03778742534013741,0.0062763199695827715,0.005499936717328113,0.0036977989994973017,0.037670485535378245,0.023743250502407037,0.03326942028106596,0.005277235816342477,0.006989439384064312,0.7232715188029317,0.01553438674727517,0.020381214748247427,0.002636060952103139,0.015054886088738865,0.03270571193067226,0.003274419783150194,0.005930311234483124,0.012160907341651121
229,0.02590684510641178,0.10817634477252813,0.0005284780859992923,0.0005429414236542995,0.0008865473251005833,0.0002950315996315155,0.0008823134039521815,0.08039533988160359,0.0009577424413921279,0.20808128809629456,0.2435391168475672,0.0054293957921509135,0.026842750545560037,0.0013286021703282378,0.0004951849679848745,0.010303175045613804,0.23193186336621685,0.052632531782972926,0.000359713677621082,0.0004847936674160593
230,0.0076399888346287866,0.010930204384172438,0.021484172251133898,0.008578641196735381,0.009787599763788528,0.004082352924465012,0.014521153812302795,0.4784027708011584,0.014179888632016767,0.012539920667401614,0.038180159298629654,0.01336245678409386,0.010029638514819075,0.014408889281472152,0.005509573731883284,0.0037657657394191083,0.04542042514955417,0.2691212228187188,0.00822939553758201,0.009825779876024307
231,0.014399765503917515,0.026710851151445485,0.006914522015107469,0.028024157208544592,0.008330099891357681,0.041759215002066474,0.01689166047676405,0.024191555010187698,0.20546095669049955,0.005796926564883685,0.014391520569460413,0.07691850626343798,0.003174054064727824,0.03413510158009764,0.41535107627589807,0.015560865462064291,0.04642557699841538,0.002264683302909817,0.004400665886451237,0.008898240081763232
232,0.03257398524929805,0.1449833795087204,0.00817272127685025,0.003827994460674937,0.0043103113821245905,0.17484709329798412,0.0191815094507535,0.03206374263224259,0.004011525446749247,0.026208402473609508,0.10072958416614426,0.06761822961522562,0.0015882812861481154,0.010069495932800305,0.004629847556796105,0.13351342740187716,0.1573797327911587,0.06551981026739105,0.002923765197449062,0.005847160606002405
233,0.04970854389989617,0.11404151862000633,0.013783626957173353,0.005355937868506998,0.013396433369774988,0.0019499529421430032,0.013941576150442789,0.2799936657857014,0.008711966434204006,0.01042402000168099,0.021188021146579018,0.016522377072845176,0.0066422249574961826,0.013095788695823765,0.003042025668730954,0.013039834797981186,0.15911503365417343,0.22981473390520668,0.004383808833103115,0.021848909238530435
234,0.11278050604402366,0.21600558076332232,0.002631959407688627,0.005623377836554924,0.025863318545907083,0.019925249858340068,0.006357817045185601,0.008077436334594625,0.0076314511277465425,0.002980352188642231,0.014763110759988941,0.04035192329272884,0.01030781114711724,0.010217723316891983,0.002173714921644603,0.2504837210351683,0.21187135944447208,0.03556996702821418,0.0030279936958992563,0.013355626205868868
235,0.03640852109247098,0.06286454232883387,0.006902936199643956,0.008161724889738048,0.019510913128660497,0.02202637528418061,0.023709990131861855,0.1291694512631552,0.011108086383362045,0.0674977019500151,0.05996647777427588,0.01870423968514669,0.01046667142099548,0.018417917062912705,0.003033826226089053,0.09521463811278684,0.1890622620065211,0.17714036712367356,0.021810716827994764,0.01882264110768171
236,0.02402207921954802,0.11771769511369534,0.003670671368399936,0.0029698064316668617,0.00505145550231145,0.0008873688644842059,0.005368475861178245,0.03310949196206992,0.015428145656096492,0.4205390624538295,0.09981324988737385,0.0050712324852483885,0.007210523471700973,0.039039836036744664,0.0015468365271171514,0.03066383600038478,0.08928443262999745,0.08920155268135098,0.0025044179471456064,0.006899829899656172
237,0.20056461651550458,0.02039013137725356,0.008770519529736445,0.004639196550220108,0.01165156843463805,0.1456746910755807,0.011400076318470434,0.01515015523337296,0.009043536625483043,0.003770387958442471,0.009041935730327496,0.055527425261164685,0.005168959591384568,0.008230972322831799,0.0031084051550944627,0.29668585818781074,0.174441684380745,0.004418423610974391,0.0025941736994081204,0.009727282441556412
238,0.12340241731671463,0.03343405304689425,0.021766644041979494,0.0019437486701976217,0.021857988197401094,0.15883625438283058,0.03144872207493451,0.07320364247268457,0.03468584109803152,0.015505927126318422,0.028737995991670023,0.035751594464257054,0.01247583494129747,0.10410991128551157,0.01762311534503447,0.11735813569281689,0.07668181845247762,0.04970870164891115,0.005399028059569604,0.03606862569046743
239,0.022414264723996907,0.1188222445486976,0.008617085840392896,0.013762986863020138,0.19093725553524252,0.0027489964473420224,0.0372998495926803,0.15203043745598402,0.009248891075681956,0.09265110930491462,0.03653366909309294,0.03252612972439429,0.004075826672863233,0.026244193356470238,0.004250654018537912,0.014187988595000894,0.03306718318883831,0.16277136036767947,0.014475073355948746,0.023334800239221038
240,0.009987475408736625,0.01420477367314029,0.011503892343308486,0.023413254962094423,0.04046004994194271,0.005593153360782181,0.019914617583363714,0.05945191766960032,0.02994774872375518,0.5686540226541296,0.05713560589671862,0.015067143732115242,0.04380468760123504,0.018176622235209716,0.011381981147244036,0.0074154367216225986,0.01807366329438555,0.006161609034413711,0.023232809698365286,0.016419534317836708
241,0.03882810178131151,0.07253571928780878,0.025349005688331802,0.01478866706750348,0.04700322681628399,0.0017675523558761,0.07750456453357855,0.06428503677676294,0.010268860211327379,0.17906634859058182,0.09006322236955104,0.059084552431895955,0.009267481645668684,0.025441854870281628,0.00785513667355523,0.04382426384356231,0.07808702190158297,0.05907681853932961,0.03558324721478331,0.06031931740042296
242,0.061655285796483994,0.06341229837311319,0.01386280454486058,0.035594216675101854,0.052672562711865045,0.07052502278064487,0.04300150562861119,0.031464256612908054,0.03661091625071242,0.09957082781596686,0.07798563871181065,0.05815815527007193,0.013448681528299672,0.06743906909926127,0.020104254204192772,0.03676436717529408,0.08129917761399184,0.028972202667729253,0.05258784898938527,0.05487090754969518
243,0.027837292755199205,0.04858337785100451,0.028825141975194337,0.052629937076328424,0.04157847592418764,0.008021982392957773,0.03446849716788162,0.04254276960462855,0.0398007345831714,0.03306920465026107,0.047357979736784024,0.042475009479946785,0.02997894962008817,0.03275783053460113,0.3569025381349478,0.024129361688128376,0.01899084856207909,0.027342183593558514,0.029201446313401113,0.03350643835565049
244,0.12702744484158665,0.10347613695334879,0.03053078562086235,0.006917640126457194,0.04779215747979689,0.002952056011258189,0.031160203447683662,0.09793784583499861,0.015273164533565536,0.08836254064944311,0.17997606442290778,0.03435252297662328,0.005589106225737263,0.07242793732492146,0.007724454462138249,0.0131540839924157,0.04552798774373545,0.04489470755552911,0.005782130724798465,0.03914102907219229
245,0.04561536117189103,0.054351426047560596,0.21892276247142237,0.1358798906452503,0.02414226551805319,0.02958737824028136,0.0427804136785049,0.05684004620600056,0.01796185481505708,0.04527885404258001,0.03819259836853727,0.034146386654748125,0.008460818240408645,0.041556650216153936,0.00405923612025681,0.06519294391494154,0.0333367925146496,0.04516239533081671,0.015249168850955494,0.043282756951930464
246,0.05790723772186048,0.05440107599550642,0.02190273691319854,0.0022406836801878356,0.02977228365812387,0.08774865026677285,0.05562274369698885,0.04486927496098999,0.026746105241315665,0.04311259369080903,0.11303491767853384,0.1019211784906895,0.04017688293728745,0.07901122476680632,0.025983997368796335,0.042241053562963315,0.04933607574704094,0.044082907126608194,0.024810120784704463,0.0550782557108161
247,0.10410750495062941,0.058272641818173154,0.005873143508056157,0.034701796567025246,0.026049157161599595,0.06004116071063483,0.04746251762658929,0.03834417357738546,0.0412813493558629,0.05734744425922012,0.04071756524792504,0.07044846492106506,0.09627552333852792,0.0708969820086845,0.0409253139278265,0.055590974983196186,0.07212165510199818,0.04266815786062159,0.015360873878364082,0.02151359919661475
248,0.05444385006732686,0.036021219917605395,0.04122851805321633,0.024048072229112104,0.035029754217139074,0.06364685147457447,0.055460632420826605,0.04628295422659454,0.03186869538695503,0.05701483396083249,0.03564026534718345,0.0591718190727063,0.03868964238196776,0.04083815263645799,0.09933874618051693,0.08113056977708243,0.044749787009917774,0.06651436612226459,0.04761522360426922,0.04126604591345063
249,0.025580404838713322,0.03656267311127423,0.04403417796301948,0.020229795183388657,0.041225091693544456,0.018586179927525502,0.05368040342736332,0.04341722338601354,0.07458819252033391,0.01673919013460234,0.03819226694281399,0.03571565084321791,0.030185573530997004,0.028448821890861398,0.31856913198459885,0.041777693884872825,0.034303341827301236,0.014817342576669919,0.03987691868425456,0.04346992564863358
250,0.11248210863146213,0.051045047669776,0.05250498671279937,0.01186777924842561,0.02707487816899363,0.12026327625477096,0.04253023457276561,0.03878490044904901,0.042302392947710356,0.017536043670482487,0.049417255560582095,0.06094866593422927,0.09148833810480413,0.06763105689435302,0.030806718046598167,0.07853570575218209,0.056845673433763295,0.02644796722155877,0.007441962916793887,0.014045007808900117
251,0.059090870265297996,0.09291291432844695,0.006208700372803505,0.043828715963821936,0.06680312473378969,0.013232928989000694,0.026552795797216117,0.07400108048893456,0.014200177524093012,0.04350130297792374,0.08021093569091199,0.04670062740881028,0.04977207264465713,0.08083016051893441,0.008301954672103679,0.06428862985495369,0.09662704120177529,0.08141741894888369,0.015156970710502623,0.03636157690713908
252,0.015720297191811842,0.01730407263379515,0.022914270449593484,0.03553135113947039,0.025559832996615867,0.010536005267033044,0.026582201658793488,0.03303484665163493,0.4473439971215756,0.012996670434978333,0.021342135883191504,0.04322998659148436,0.02581842651225591,0.03570659648514148,0.07172174093733334,0.014624447124825338,0.07608887704046137,0.012590287884698556,0.01559060362224346,0.03576335237306252
253,0.10398291068184855,0.033112759073932706,0.026384050425560173,0.005425545548986772,0.09932307794297925,0.0451130916837064,0.057032201746666365,0.08504882177001756,0.01093904888810121,0.055388012996118126,0.06009225995236748,0.03239108238740239,0.023650538042004742,0.011892724516007593,0.008103988275402154,0.024008788736677267,0.022452227074754735,0.1055513597543658,0.04473105905602289,0.14537645144707786
254,0.014303238569079607,0.020118517349189433,0.0881183576294987,0.4578362162160073,0.02129216229361097,0.01461411134377408,0.02371356178904953,0.04785621259434666,0.0458325848853867,0.025416464010767456,0.030981286429105245,0.02708704675124492,0.009383204987381474,0.026587178565552164,0.009142962770709452,0.0279913947554975,0.04049481593605777,0.040746973527782296,0.012538149384722162,0.01594556021123661
255,0.07014979511545708,0.035707941387541776,0.13596073197924377,0.14567659376514022,0.013218752577418806,0.01806787176562823,0.024456902297187628,0.06296184903418746,0.028016526334516196,0.0390077932633105,0.06337161804426111,0.058941534283964335,0.05226407479706724,0.07826027549843365,0.0040284932427377155,0.046917218737002504,0.058787071423912894,0.04907658304407734,0.004199057601071578,0.010929315807839983
256,0.0229210145314942,0.024172432666524576,0.5508475057197852,0.029566821750959427,0.0227385242988544,0.026924373114790495,0.03208927012269315,0.027656931223220774,0.01765931535476789,0.013659119405585602,0.019414610188567424,0.03460396555987668,0.02564039473906295,0.02118533392122972,0.010564634806203734,0.01154527036447738,0.014159545847787752,0.022874101279083126,0.01776892337093865,0.05400791173409678
257,0.11437732105610998,0.09019626791239381,0.015830143412885234,0.04927366689270334,0.016685326687159784,0.004362515276783703,0.016191847592147993,0.16680269177882456,0.003502009721892789,0.0638398948012615,0.04303260901651074,0.00980262486431528,0.07395130190499591,0.016002971599422405,0.0011367133666977764,0.016637597260226844,0.15482592126830758,0.11833422998375513,0.008328676838848996,0.016885668764756678
258,0.03836397090015117,0.04258409187053266,0.07080629888773654,0.07069077544300877,0.023313502089267635,0.03402620067500379,0.028201786094349687,0.028046160039026897,0.038212754550812335,0.08645631441254248,0.05766467542306395,0.1269370083383243,0.005844959431491909,0.07384537649982201,0.02012913667395773,0.10787933906927144,0.05096340497653918,0.045609421086272806,0.014514878568236708,0.035909944970588026
259,0.008768451831892737,0.029905640383337637,0.008653904320465545,0.01059950673414505,0.0432354047228792,0.004723265951259549,0.025618585138325697,0.039811994121455696,0.01256027539819706,0.3934133793827739,0.14373112720966977,0.07402899598586214,0.01401885760288018,0.010374401306806266,0.01203102936207772,0.004142690009064742,0.009269728843221407,0.04488963722123562,0.01542604918298949,0.09479707529146068
260,0.017673574379802,0.04314322610861889,0.05688489447029808,0.01832436787256063,0.02230509630551364,0.5110059946580052,0.021969233558862263,0.018742755800922127,0.020140508736697416,0.011234910215915989,0.027679007649973494,0.018083469671964728,0.012616554851010918,0.037947448076842485,0.010948406955388235,0.045951702515160515,0.020082304732509684,0.0473579360513443,0.012887001942305737,0.025021605446303618
261,0.0812127228048023,0.06515832221786129,0.010825064516735433,0.0386615641351959,0.013048667485280893,0.06745173767558403,0.03392145136606053,0.06969272762466054,0.012635013293527703,0.03294883555149213,0.04859793589872189,0.0770401722132044,0.007542123542820533,0.04615470674813351,0.005155094382528588,0.06537821629765188,0.16782848549418103,0.12940237055266454,0.015601088455102654,0.011743699743790288
262,0.01708348940287426,0.047926339031960245,0.04607414068888682,0.012300174536199448,0.04166656918310654,0.39541447802684,0.04529171666299867,0.03720916788936816,0.0341430081385993,0.022457731281145116,0.032879206607699336,0.042089999061351,0.029542708722664165,0.03733438985504798,0.010160709967508697,0.041885017237252686,0.025749940128727833,0.019593714671518745,0.02711377956016213,0.034083719346088864
263,0.04494000215190274,0.06652404077275767,0.025043816332721208,0.01303536560090029,0.031223796001861887,0.007859013813635317,0.01685562756656258,0.039225291715104506,0.038304360948865926,0.010813205204569002,0.05349315961747222,0.02889397826426209,0.025713442662775792,0.022195583142367414,0.006984006458416416,0.04146990487781788,0.46214356265468987,0.03248017418823241,0.012697267315945998,0.020104400709138787
264,0.01325441232913348,0.022489140861747373,0.025669099828096134,0.025013628087621077,0.02140637861815613,0.023986103177475706,0.023862459475941362,0.02279932763386626,0.05257961657734866,0.022240015405591812,0.02476918397509562,0.026372016884960995,0.01961800238180628,0.05020793268554746,0.5473658460711716,0.009501616491501816,0.01140704270869536,0.011113352120923915,0.02143124441510207,0.024913580270216843
265,0.47624431430576597,0.020449200394151535,0.0573913270309355,0.009657876717497963,0.014133643128896986,0.008780835988650006,0.014385191421647162,0.01603283484571269,0.021657251587517162,0.005180763302911538,0.019078062450733357,0.017470739227487878,0.016519919994801038,0.013742347540044103,0.007457748026371293,0.164518552124148,0.05806010700844249,0.027009667479096527,0.011443735279171892,0.020785882146016923
266,0.019129507377991472,0.12325420848049456,0.03088314980056558,0.02973341661879797,0.038910720813275776,0.013887538882125608,0.0391312043476901,0.039925759834051555,0.017794598101341135,0.01766272318466651,0.03204951235588351,0.03410117081925771,0.011430536514040487,0.024990094560290135,0.00816424596770749,0.01349480799307162,0.034195634681044224,0.41982039099936747,0.022170198666279936,0.029270580002057064
267,0.07971339341224028,0.2673054940991775,0.024132963654610155,0.01187091090760875,0.006496687022635413,0.010640257427875631,0.019551416766823884,0.013248560564929698,0.007548104183561645,0.002895444119465763,0.010857519785747295,0.027961199263366904,0.0072076251402755365,0.005029936210691636,0.002397960101568043,0.42353484815092934,0.030561009069792842,0.021220687816789426,0.01070311349383163,0.017122868808078746
268,0.008035184422215867,0.03929297151303942,0.004831499344905103,0.004401685928613495,0.04672514473176139,0.00832425557180109,0.010903164721625709,0.04368908437647436,0.003973795065391645,0.025454444289526316,0.04884902096687819,0.4107286171337277,0.0021470971125650464,0.008059881328092629,0.003281073707388005,0.09564147988989675,0.11171378297187307,0.04277942651922751,0.008146396372413605,0.07302199403258312
269,0.02776347803817096,0.022268524456440036,0.06384045916105245,0.01813265127052507,0.0703791983604487,0.07246249618139254,0.0963307671718479,0.022167679144019976,0.021388500563335505,0.015256566207416422,0.01648042810332806,0.04839217889921398,0.0012931135369962678,0.019953616647999193,0.014883842464910882,0.05493827943059552,0.14137389278536702,0.013754059006637514,0.15615913283553454,0.10278113573476744
270,0.12603537528690542,0.03197280856327288,0.012399730437280576,0.013628095293098911,0.01269564531626744,0.017187102707382617,0.034833504829289125,0.026723873513756102,0.17274554544762644,0.009710527675080521,0.01106811843597017,0.020468847834504412,0.287765708563239,0.0278034322193929,0.05812799871510068,0.04949382033662745,0.029736057157228934,0.02067439284084131,0.028833763940752367,0.008095650886382647
271,0.03338505596035057,0.03491917816281385,0.11141787968960708,0.4218228192137093,0.0328894176394711,0.0216615383372262,0.025096766681974903,0.024063093351442605,0.04958593865300668,0.008661053210685256,0.023390177504473326,0.029450317042833865,0.010054133141110656,0.028696495079249925,0.012324943002824482,0.010844512362426237,0.015284196408224768,0.05600321923420951,0.02163273966412635,0.028816525660233395
272,0.018594939271622955,0.05939433904954019,0.026461848091746964,0.04707329439968274,0.03965031370850247,0.0004526446031903994,0.055174154408576814,0.1007589291289508,0.0965136279288547,0.0420937832842023,0.05052426052884181,0.07605751293613527,0.0008583438883240126,0.06535927366868609,0.08971171563027207,0.04332151275550125,0.04500867225993945,0.09265477101921782,0.008595222121018655,0.041740841317193265
273,0.05834760242806516,0.04106710406901013,0.026136596257905986,0.021728493228187363,0.026520780659189447,0.0068387157655565725,0.05073498511731589,0.0206623053712584,0.026224996174855412,0.03429428069523824,0.020538524221327983,0.023668555218208,0.4883571199781454,0.018741021563207328,0.007435127435043119,0.023300141519071563,0.05174601790831431,0.01580418878531586,0.015123272960766002,0.022730170644017843
274,0.00762222043013929,0.06623564429620717,0.2591085804674584,0.020762862754030234,0.010765409030711631,0.003439437800155013,0.01439292098874366,0.06986984678253678,0.02962512317592252,0.00538981578389764,0.022986778758550857,0.3416437669564327,0.008585199049145618,0.03459130441257049,0.011226819209728714,0.03708236381195574,0.02452657403875283,0.011882453696074421,0.009288741747633346,0.010974136809352933
275,0.005047143949954481,0.010403732009641918,0.012104481606191285,0.007355387800362694,0.12407087641906388,0.003142853519188271,0.016064400581419138,0.053638719432483835,0.02600007312140855,0.1759371805055523,0.28548041121163503,0.013993763952076575,0.003990402288247309,0.01029469979005536,0.00538359287494964,0.0045431626038846765,0.016725361280935973,0.02562918595582125,0.08200436399289351,0.11819020710423433
276,0.06371864238364079,0.04226429934332445,0.07003888876853537,0.017448948690317358,0.034161793454129674,0.05094291429667706,0.06146512458822929,0.039327835450977164,0.09810740903364794,0.0409106695290044,0.05082822002162201,0.07154461261655694,0.03582951050022048,0.06504938622558015,0.04619661425772598,0.06264839881457018,0.06755975472970645,0.033260116421078706,0.018101738307144403,0.03059512256731116
277,0.01580546618569473,0.02308123364493984,0.0195989036083413,0.05500865620883288,0.022348912484982,0.007046443231948668,0.012641548443377164,0.5668243608419594,0.0232295248210298,0.032571545900611405,0.01951967444639356,0.017259497482955726,0.00893019990250882,0.02207014043425926,0.0066646823465588145,0.010814462812984366,0.02514240015177884,0.08075145553890124,0.015185419487310989,0.015505472024631152
278,0.028170259086006053,0.01952096458254701,0.02503924785597043,0.020159774231771857,0.028169802017867035,0.012263646369174855,0.013986858745153603,0.529720084029656,0.020076493403325214,0.04806336948667677,0.019699322475104114,0.037093869601613906,0.008248885423813154,0.02027158759977325,0.008188673819704015,0.01667903475786695,0.06994727928269288,0.036290087848980655,0.017026255900416853,0.02138450348188546
279,0.05750936448576125,0.03247916784854746,0.05579734269213782,0.043992028074751575,0.026997524474905693,0.37942667639730826,0.03023334786604083,0.014457221524346484,0.03178970687756253,0.007443272414287154,0.035829031154147956,0.031835088917930826,0.007122454654369452,0.050789004928092095,0.04430936280687048,0.04646544919346896,0.016740546812950993,0.011734872868733615,0.04351345639074435,0.031535079617042175
280,0.012346193029297065,0.02052279062991195,0.011825852488459701,0.014911631839698338,0.0385079393347501,0.024658779931256713,0.026513304683347314,0.07271355803136717,0.09782897576973697,0.04681722147888862,0.05269291492304228,0.025638867122787082,0.0023105196032416884,0.01489439519038468,0.12667343741154422,0.04724519904124352,0.1263257961459707,0.07594819568154583,0.03236148560771564,0.12926294205581043
281,0.009017138386844472,0.05805138774379578,0.012827466488066203,0.02486959742038802,0.016282721981603483,0.01612613991470705,0.036648660408427645,0.016655177416210563,0.02085160606203619,0.04479339174007004,0.02161332355356788,0.023709401115084485,0.02549343117185877,0.016593870009065995,0.5505900366930576,0.05488415167180732,0.011031561774545687,0.009555827521798309,0.014437047989763682,0.01596806093730095
282,0.007237980562087177,0.008766489356572609,0.01093091751585895,0.009434028172913984,0.015325557369742601,0.0040482519738917,0.015459996841528071,0.4229435771581223,0.012198955312445336,0.24636196277398545,0.014160490990302246,0.02758328759233727,0.008187902922658233,0.01839607846063235,0.007896783142464033,0.028197575018920812,0.028992930296485416,0.09019991458862008,0.010708501183020839,0.012968818767410581
283,0.10727626658551877,0.032930478836076194,0.18679045885470344,0.21321088258855705,0.010684998096527282,0.021304831123352384,0.04757774907611736,0.026084394788631976,0.028544715331354206,0.010304205467577378,0.027551013798799862,0.057434002810407024,0.004434087600854603,0.0910274779123455,0.007561921370329838,0.056055467918000146,0.03076200533761704,0.0076949450684345435,0.01660534737861339,0.016164750056182054
284,0.008060468716655346,0.012695617492124797,0.01681394634635371,0.013620911086232824,0.019448506410319494,0.02540714357256026,0.017740409273824895,0.04065599304835444,0.063220685860608,0.008376665605984686,0.016410288475819577,0.026972397023740786,0.010002440347451184,0.020029905185834043,0.596320403899357,0.03991979599007506,0.010434818129048359,0.013406896482866854,0.016285658550462417,0.024177048502326253
285,0.002575722149488667,0.005201924597134002,0.005703654695746989,0.012897420813014643,0.009250536422968289,0.0022317473926059734,0.00782565921350059,0.15233236384014837,0.018209066334574444,0.640437405884168,0.06091116522514698,0.007712416509092831,0.002101537041462894,0.010090696926246276,0.0023389889210828478,0.004950311123235189,0.013694030125615453,0.02732253268405732,0.008576406414016776,0.005636413686693546
286,0.11971898214988501,0.03464429157430678,0.010227002423463447,0.014810620932004047,0.026654977642410278,0.002535086955150504,0.037078059183511564,0.04099363713127005,0.21003935070246027,0.004953663789529067,0.11706323352653507,0.008882007393971107,0.00635948188283688,0.08380754306319506,0.2243521118530237,0.014822642295985268,0.004615810418320942,0.0036407546975152395,0.00795399018832034,0.026846752196305418
287,0.07303761213206002,0.022484830929186392,0.05207572376541573,0.07629485943765085,0.04515774021203033,0.07278792836984749,0.0511814618299735,0.029735951839486546,0.04105014046400832,0.07084864606692719,0.07271701093094084,0.06418942413436579,0.0022033523990452296,0.09268051673318577,0.028083794879826717,0.049551729462084936,0.05306872878078405,0.03482324011214003,0.013373422991750053,0.054653884529290236
288,0.021988036403186195,0.02282243155136625,0.05413016598716988,0.4128972160998048,0.022861766327719833,0.030112564860520052,0.03471953929896329,0.03061369738762164,0.032118827961776585,0.04668317863050861,0.04712289211495007,0.021921803903856753,0.01590525887591675,0.09650000694009535,0.0104462560460596,0.009161096709716562,0.020739440893696587,0.019924547448020174,0.013979562385692784,0.035351710173358315
289,0.01687204757828144,0.030780551315536368,0.03419230902204345,0.023135181938156654,0.05963873405590344,0.007458472885822201,0.33665511531187625,0.02540832242665234,0.05710721800284713,0.029237152479984513,0.02789493153312886,0.04996005498147029,0.057621725661291444,0.04626516437958458,0.04370161009814679,0.01175820674104726,0.014774664209132713,0.012485368974063478,0.017777673724959683,0.09727549468007111
290,0.07150996500264444,0.061451981973546455,0.014240611773201128,0.05512728808014653,0.03127006897464154,0.015164443091207458,0.07181199042628947,0.08311817087700916,0.052255596693890904,0.1006454081271136,0.07565710864904344,0.03242979553665037,0.01191144910833744,0.044353444205092296,0.06996616398106181,0.0549119654101455,0.036169587026557065,0.04602152477838447,0.0418819257810901,0.03010151050394679
291,0.039761237886406876,0.007005177865998499,0.21069863078635934,0.15185891778883331,0.0067829268235077836,0.034058665634399674,0.09203704904574174,0.016382169504346143,0.047268080837675065,0.006838271895160765,0.014160880043455134,0.10244396009554817,0.016177474872742955,0.06421767512261027,0.01656125768260996,0.09311326458347029,0.05487146776958688,0.011950405222298342,0.006395570897353667,0.00741691564189515
292,0.06924814486661128,0.02193045037098471,0.12491577133217124,0.04454023805433901,0.01202175636850654,0.1172862294551904,0.042755901705529425,0.03355480494947482,0.038579336177624095,0.011952000811938868,0.016555957840865033,0.05016061918524162,0.013872704871773866,0.05605292765410772,0.016438903331225777,0.1178887390928593,0.17852869423318585,0.006881681996606802,0.0058141518347774096,0.02102098586698621
293,0.00829265413298728,0.02741993673692872,0.019708783819017552,0.012472780042330192,0.14626232378629941,0.022553527672895646,0.018124927531149023,0.019644664299557427,0.022253467711921087,0.027208021880364544,0.017623726307438997,0.02918643076781781,0.011135268562065837,0.01909369856001243,0.015052254109413993,0.009919717930164265,0.014187765411674788,0.00927759611701631,0.49590768877692587,0.054674765844018834
294,0.009391921914386774,0.02596007994199667,0.01673877556451042,0.012848340091593259,0.39360833048702265,0.004524460735925156,0.07755424417681982,0.024836883892810368,0.017732849322395428,0.02990452975765498,0.015606005959800778,0.016787127021451437,0.015307402715646817,0.018721763732140715,0.008618687434027975,0.03327935003580929,0.013650804547403098,0.02631257618496678,0.012089132586639047,0.2265267338969985
295,0.023688239300343222,0.07032379687503724,0.006824052328486373,0.08884804524830363,0.0788807253036417,0.0010380173661862467,0.052539430941705406,0.055525040677007365,0.028162261168866897,0.06554044471108329,0.08350248532337144,0.04713481973615463,0.006715696889691046,0.08273007283153475,0.039249842715569416,0.027289037368531933,0.07738517707618696,0.0736322418310807,0.049244912318548086,0.041745659988669685
296,0.053283086984362536,0.021883681276857858,0.4975527841077609,0.04444026693295191,0.02442824604442401,0.03055547121179449,0.02991989073233751,0.024187522348412555,0.029340692041496388,0.010833257008697436,0.020884898458540958,0.030979818814795362,0.0137787225334491,0.020021526691809666,0.00694420788943752,0.012684562510778923,0.01606632921878004,0.0491222116431097,0.015358853242075712,0.047733970308127475
297,0.08503737279472678,0.03703485453108978,0.0577086596418799,0.07604227226610223,0.01972716510451604,0.046803858545528744,0.046039840161548475,0.04358472122863347,0.045460441713361104,0.03398936440448807,0.06014664982131656,0.05807109518747758,0.0711710745008786,0.0868089791760907,0.042711935857932176,0.0418543947180201,0.07120505713287516,0.04956427147937622,0.008489204848468804,0.0185487868856895
298,0.07805630866342918,0.046875899487372474,0.031913262222791484,0.030438499731468473,0.013413776115812398,0.032751192341808226,0.15940742988266646,0.024261887954336606,0.051613710251733703,0.01179685671659063,0.030488420891422636,0.22848074765761509,0.004985465037456417,0.04045307350893226,0.044757401104163375,0.08924591243640385,0.039324913841311905,0.010038636767997686,0.011112110994013422,0.020584494392673736
299,0.1412955985025008,0.01660196566150304,0.01935486184473117,0.017350021809326068,0.018179520593914023,0.009420095695715178,0.2805757469051658,0.022431307927193684,0.026966645825747104,0.015336200957684107,0.024119988977292253,0.1444288258644991,0.05494787579677105,0.07432308390530157,0.020248036399852874,0.019745904594176123,0.011831586657437462,0.02443165017277946,0.028884348691110204,0.029526733217298956
300,0.019891631345913822,0.014477084971940274,0.01864589282739011,0.015001674061064374,0.02117211270001182,0.04149290569867986,0.014264595031910016,0.01584773875377211,0.01589251007738025,0.01933153409729276,0.015771005614306135,0.027008687497059588,0.6199221924575248,0.025889960430178844,0.005072202195026167,0.04468419535647431,0.023027944493427325,0.00993613547480621,0.016464486248822203,0.01620551066701911
301,0.010231786717079373,0.03740856910525661,0.012983660944943997,0.024783610719343725,0.01992274246338125,0.005356382712012696,0.03930078426160411,0.0122370233481287,0.01668369381070436,0.0069964745282420394,0.01750173104390634,0.01595073869284618,0.011757270605590226,0.014349203509734265,0.009423846356258524,0.0247592996295193,0.008124529806203436,0.008084594569326402,0.017342878054065827,0.6868011791218528
302,0.015652230607065876,0.016714277326880963,0.018131446636560827,0.030486541981486426,0.019164198560889145,0.04092839517617231,0.016981145301105883,0.015543619244404498,0.04798779873142228,0.009192410609674476,0.030956647361187556,0.018706038078326846,0.010313119069841203,0.014471775877078088,0.5737527518957545,0.046583826292346496,0.017634948029580735,0.008784891324271479,0.029958156977409823,0.01805578091854067
303,0.020360131641158973,0.02605237019070565,0.01952986093034284,0.023021966340300865,0.020153184399657208,0.009991263076318929,0.018669057526725926,0.05050719534758006,0.03621127329332025,0.018555797323770176,0.018208687426206974,0.021267925523314583,0.022823962344962877,0.017711393831352316,0.009262774454419325,0.014832382929925841,0.5796327470965039,0.017471473461071658,0.032542064486330624,0.023194488376031025
304,0.012806448152298424,0.058111645334786945,0.02803331482289076,0.01820107311122111,0.023167963062485798,0.018672010700702492,0.020375380710220672,0.025300469797198532,0.018217974911426713,0.016018279134406375,0.033065769958590084,0.024591442085411332,0.013956908899755115,0.017818032130301666,0.03237563683271468,0.012595662574486924,0.01159249538031336,0.017551750366310823,0.5800731621830426,0.017474579851435555
305,0.44459129368919353,0.03741722512953826,0.056474429629029294,0.013145952381158997,0.026603083840829257,0.13491667867967647,0.019288712613315936,0.016729957313237457,0.019940016737443056,0.007677535456319874,0.025370958280273036,0.019474685876846087,0.008159753681633125,0.019339024489223776,0.013550447384400297,0.015527438221811336,0.03868009590485294,0.034364902554145406,0.02535629121265461,0.02339151692441725
306,0.011185312486273857,0.03070684652594671,0.03827486358016865,0.017819655273153354,0.012319211728578078,0.00686796189604983,0.02652765524115692,0.02000036861852512,0.025048414783892293,0.010874945258758826,0.02591117209620869,0.03566458678404738,0.011286881486853133,0.02368049966591237,0.009654110325859088,0.011582077795463821,0.010209292505613948,0.009810144807618965,0.0150601507574568,0.6475158483824622
307,0.014841266373010217,0.02903643979462503,0.020769069832112925,0.01916725132826969,0.017636179319875014,0.007906525370200408,0.5440266259244011,0.026579574880602794,0.02032366495589205,0.01165907940544425,0.020427948354863227,0.07930713423798487,0.023390737136087553,0.025576758926753998,0.016371948382558534,0.013175123618005699,0.013106267201379298,0.01077317332623682,0.021760535744528773,0.06416469588716785
308,0.01083081164442118,0.0199130204733203,0.014014946644837399,0.028461592763938462,0.036147775917632595,0.669666490976445,0.015526705911134633,0.03657963172592312,0.017028454870526014,0.00809078692654617,0.015264810873337378,0.015304574136173338,0.0102632693455341,0.01585146556294975,0.020117785882369732,0.008703395186067841,0.009184063368803862,0.014563046495856246,0.016772476079379914,0.01771489521480307
309,0.017767989995624296,0.0431376293984807,0.0274966631032369,0.01822125525285187,0.01767733676356243,0.01885058558538706,0.010545696611893697,0.02883830361491439,0.01463131060973123,0.009201650118627594,0.013824695088927683,0.025553859458721212,0.008880282156065393,0.014781174429278546,0.01793735625201555,0.658766416164093,0.013524144119991158,0.01455029735857815,0.013342321971808528,0.012471031946210687
310,0.008994058814027261,0.030929588761327023,0.025021551204310728,0.01780304030490339,0.13630618125297814,0.01291470369215233,0.029498536483234777,0.01561913757742058,0.023620493235912726,0.014202730535439377,0.024300946044369057,0.0430717932405747,0.005657489936935372,0.026303225042225303,0.008521745125776942,0.012313262940787453,0.012141240039760975,0.007764477989313775,0.016569235337378228,0.5284465624411719
311,0.036268325854010484,0.06088730696555108,0.07579555953439601,0.37913525290369576,0.011080179184712107,0.03329044333932254,0.02908466812482295,0.04153429782074633,0.026658279937648948,0.01595702130250956,0.017432763622931034,0.015609016253603239,0.044347821147637495,0.05734176879659424,0.007122396217529744,0.02781383465209586,0.06350440687416781,0.022664287087841992,0.024100181418894116,0.010372188961288643
312,0.4218793380634673,0.019046840437205514,0.01707283523056206,0.01327281134243352,0.016741751013516902,0.007805659997977728,0.11815433358637194,0.017050889463023782,0.023343547286716258,0.00820063580488942,0.02282035936909262,0.01577265055122308,0.007545958560213926,0.018342786991968448,0.008651661290358317,0.17466337497500187,0.02150383278808,0.038667086911646074,0.01775686870837652,0.011706777627874797
313,0.0934622783405778,0.06614156840228845,0.06238398363619358,0.0517499897113913,0.01525438966397509,0.022088700028462346,0.05253012509776613,0.03496782275962487,0.07108870507346766,0.014135369081956542,0.06439050090904903,0.04551198674496032,0.09883253867176166,0.05942192156983103,0.040229502930279035,0.056079777924100384,0.07668791443203822,0.04555268624327218,0.010034388442101666,0.019455850336902673
314,0.08999720369776039,0.04007505125208341,0.006233681662258674,0.006162274219201402,0.014591016441814722,0.01674247787501565,0.02091795199428505,0.012033423679808497,0.008385159659696603,0.007083662420315454,0.023027009768973716,0.012726793266228914,0.1938689564087195,0.014959993887914103,0.006717427466913283,0.27016181777158726,0.2284302345812409,0.01414186698146778,0.008415529947980957,0.005328467016733756
315,0.0971967391440595,0.039700538658933755,0.02616166448861673,0.2574339784668502,0.028796517035781306,0.025701769925231554,0.013693539815542525,0.0066079896665097474,0.01720915102106507,0.0030299891445356923,0.06704148341100206,0.03412903090480735,0.004911879618074531,0.14803829753157657,0.025241329917120737,0.14478835904452028,0.026614574316660172,0.009918197508729196,0.006126309609182694,0.017658660771200402
316,0.0058793950099109045,0.008932137852306645,0.009437925627489649,0.07022875745491856,0.01148554340682574,0.7150491989027059,0.009918493528375443,0.019812948050599206,0.011980491084476068,0.005243387698936233,0.01589747085406094,0.010758982307371462,0.0054339810541992615,0.008978237527313762,0.04063184449173283,0.00710667208615956,0.007430346745091343,0.017707115667884906,0.008400027159760308,0.009687043489881213
317,0.019053332109257845,0.01577639449722039,0.013244983211232386,0.012585247525525645,0.01172884691296582,0.006754288916966327,0.010214854126199126,0.014123637755464982,0.015550123556872996,0.048304034372582134,0.016285079392581236,0.021688976939983087,0.013667265629926819,0.013344478921690078,0.005224560328501081,0.6737024734207474,0.05244787084562221,0.008113248007700823,0.01492018788284342,0.013270115646116395
318,0.3763420010097274,0.12230726083356669,0.013814723294573625,0.027144913163148775,0.015649394850653305,0.013700256621702862,0.008523606643492587,0.009768045832717355,0.007751764296613325,0.004244232687162645,0.006657574509152317,0.06687131285898107,0.0065930635920588496,0.010251574210283184,0.002418332732982451,0.24857836258928798,0.018321119497945883,0.02752607201089909,0.004995157014498688,0.00854123175055191
319,0.0566155516743875,0.15895882513568374,0.006144335323915948,0.004472344856477656,0.030919981231407892,0.0015936898421320125,0.021859210388183715,0.04411356628279086,0.004564508694213674,0.06675576392194575,0.06724418835706414,0.010443602065102149,0.006837157449464747,0.010896141815174976,0.002769208886871981,0.1486697592456184,0.21049423201364448,0.11325817145316142,0.01663764027521763,0.016752121087541316
320,0.015433518860839742,0.01919632450069545,0.017025611218743616,0.014341712216426003,0.022150943934001424,0.012948436232907345,0.017195132793897214,0.014695444434601983,0.013780662594928142,0.005360209643317991,0.015729233387962484,0.012694984506460496,0.029367633125712733,0.01805701830601758,0.0052911453283392045,0.5698967357977579,0.15131013479762292,0.01018908546962254,0.015223347250323324,0.02011268559982198
