site,A,C,D,E,F,G,H,I,K,L,M,N,P,Q,R,S,T,V,W,Y
225,0.34123551498959603,0.22351370267677273,0.013054625363560272,0.011812133553566008,0.015124328159234283,0.028724026386759,0.016521221986060413,0.07855776081096354,0.023017562313911846,0.005009978736624729,0.029042227518793425,0.022844379642317624,0.017584669500913874,0.013206340899141732,0.0036447837638690765,0.009525463741440468,0.02148646363440221,0.09947106807429085,0.009178227187749983,0.01744552106003196
226,0.006982612441478781,0.010868838714674844,0.021449042100177812,0.029846716370866597,0.01311044611350952,0.002916567225858268,0.030144437653719967,0.017253286912348478,0.56078105088166,0.010596743765751426,0.010363645343983758,0.036601658959529604,0.012633570488001204,0.026730050814021983,0.14641428857157313,0.005132846173250917,0.01578950071110592,0.012529671987597496,0.006080696996860203,0.02377432777403016
227,0.05025390232766324,0.22680696239398776,0.009419889458269014,0.007446704503955699,0.007256127709578275,0.006206875473065382,0.011617300334330895,0.013919032521043512,0.012383834633927643,0.002648862416695623,0.008829488044483413,0.14433712545362629,0.00875383984482886,0.00823376246720091,0.001798676960390523,0.17428215937288902,0.23531939218735387,0.05692046299378922,0.004109486044600313,0.00945611485832055
228,0.008473739751502564,0.012244777415138788,0.041741050950100535,0.015579837388739455,0.01295021480998136,0.00361207136752513,0.03525901370752286,0.026650872358186584,0.025565882632222526,0.005994254263081841,0.01743415645570623,0.6309385569421245,0.04835181756819847,0.045506513955765805,0.006057969066591509,0.014113882016107566,0.02077217641522408,0.005704265831841326,0.01051505988876001,0.012533887215678908
229,0.024683226665314223,0.11043826323175465,0.001456970558164519,0.0011475349988635862,0.0010095662157358343,0.00031707737378236305,0.0018355255751477126,0.10162722307740885,0.0018327444218437826,0.19148818020739358,0.24212701218699306,0.007218430908716406,0.023131670871021224,0.0018163556471082313,0.00041474531264453976,0.00924721556069978,0.2185857977962736,0.05944611881950614,0.0007600935184267762,0.0014162470532011588
230,0.011815142878684586,0.01638789859099583,0.024510033491631694,0.01772742891630942,0.022112075300385284,0.004618208997456622,0.03349852559831495,0.36795224712037317,0.034599084735974533,0.005772829133752714,0.014163197083627637,0.03166403592238743,0.010648571141633976,0.023120467540700993,0.006090994687127839,0.007266004313603396,0.02873493501596439,0.30505985007582337,0.012904871451715942,0.02135359800353616
231,0.011240318927802419,0.0239321887575695,0.01858834276132733,0.014248297502493299,0.02745454471115401,0.021423135094509313,0.02476892106671119,0.026118381892847483,0.27431908480780304,0.007744200683298941,0.01864756865126845,0.06072622746071154,0.010551242717510253,0.031821461976122935,0.34914939731805,0.010539831926783658,0.032098743405866846,0.007895933448139615,0.011433630802305403,0.01729854608772476
232,0.033887205360896254,0.1036864176047496,0.011568159201933432,0.009036441567925131,0.010349438845896924,0.19398007241194962,0.01684288259888891,0.036818548468501,0.010678889577673987,0.05531748798899061,0.09498476550535494,0.05498356694091133,0.003699197611136631,0.011210902997191094,0.002351290546859244,0.14111908361890926,0.14650499728011737,0.04464205139240068,0.004492625937812143,0.013845974541901793
233,0.09398679106146163,0.11735256347446067,0.02339438413826862,0.0040402783779926775,0.024791124725762934,0.0010306754794348154,0.022416161867524594,0.27101958384385927,0.012970624444800863,0.0047009309651963455,0.010342350297394488,0.023503969501042304,0.007047752710049381,0.016053190404781034,0.002859855206213215,0.04456138482093671,0.134148983862142,0.13985876700118555,0.006058234909270124,0.039862392908222806
234,0.11304199108950493,0.22030637000996958,0.005871053587488191,0.009521347770882826,0.01935927779224824,0.015106646924243279,0.013572729149245623,0.014650959154992468,0.018737632665699434,0.004783826983778316,0.023220689110983097,0.0316463995764311,0.0029577253837245235,0.0254986237898915,0.004535124141267173,0.24235025378810915,0.18289219420256211,0.032865029310489666,0.006460350738888958,0.01262177482959985
235,0.023043941995491483,0.06200155723533998,0.014158180666190096,0.017425125610710482,0.026724411994292523,0.011807933082440892,0.02133768574801184,0.201836181105445,0.02355066249600332,0.05587091401395311,0.04546257270916982,0.0136869030879467,0.0051298537676714604,0.026184692217477875,0.004481724140899908,0.06177794281226836,0.16856746540330128,0.17929325417603492,0.016330979108385112,0.021328018628965845
236,0.03652990061041265,0.11740276034001916,0.007549364362451742,0.006159773302896715,0.011399709624704693,0.0018995715108853456,0.010523291946278407,0.010486633781115437,0.010049471841469565,0.31797844590026936,0.12598084383566957,0.022838416614170996,0.005269386384119046,0.0752094492103155,0.002323346280893146,0.0720460846207238,0.08555264800434376,0.06384516464595594,0.005146048222512767,0.011809688960792326
237,0.18307256263537455,0.01930778049365016,0.018362393550620387,0.010122738507593114,0.02713050328268472,0.1604307190812081,0.027672511565863128,0.020165285787878236,0.014005949978866278,0.007102039302815335,0.012795695910157064,0.030829396431195394,0.011287616075162042,0.017385019093829935,0.003985672091688003,0.26480132892086,0.13633231548969701,0.005123308364357958,0.0051291671416873585,0.02495799629481126
238,0.10740969638724555,0.03558030657036113,0.04119641349314591,0.0037896277282242767,0.026066521777948937,0.15797283127763384,0.03352635021770573,0.11927639231762087,0.04149288186619157,0.02433615849131457,0.0191483291054756,0.03149481189215907,0.007148019450853173,0.09794448491142795,0.017659131907647865,0.11155342384106015,0.05294613263464066,0.03954076988631459,0.004281560477534101,0.027636155765494424
239,0.015080665768615395,0.1170855612237175,0.021740392604561894,0.023851421258309247,0.21291270309181345,0.006861711681907177,0.0254945511686485,0.12484917527663862,0.0260475946386494,0.11006934754135149,0.048639483752011194,0.023259385975259703,0.0020093202340999952,0.017257766948176406,0.0036604305441764223,0.010712386270785726,0.026475559073915914,0.15133916599173106,0.015713875958856417,0.01693950099677451
240,0.013999948393990014,0.021695244551551987,0.017399445494593477,0.04304534009501726,0.014756987462386044,0.006516502341374343,0.011719277267517147,0.1018301481851091,0.08261549245549257,0.29457044533040205,0.1907643108118957,0.02312419275955273,0.031238330649242974,0.03100452944899469,0.0046606448542712625,0.009481673642773018,0.022493209380354012,0.007607489975528493,0.04557782452037115,0.02589896237958188
241,0.022654336085529855,0.10448716529534897,0.05628126315123621,0.04359734444289943,0.07821970189571317,0.0033503110691789953,0.06223445996937068,0.043381336090649446,0.022922129057934674,0.15331808689025345,0.07254869506936885,0.09221549756957155,0.001889110887738493,0.016528577214639916,0.005907825048450961,0.028155840736691824,0.04363723782454159,0.03457167636028174,0.019015043748878396,0.09508436159172173
242,0.04880819354560393,0.042681664502638585,0.014688299466511302,0.006561079558625133,0.0666551951450872,0.07360040542742245,0.06425546414899845,0.0472136752259398,0.047163141776290884,0.06397556677877693,0.08953240951591257,0.07124116563882521,0.01896049271873507,0.09478861542993462,0.009016585282674272,0.03370703541900389,0.10254037132212573,0.026934997427084263,0.03509518301346597,0.04258045865634371
243,0.02795177205693285,0.009113786333338985,0.04003948966842145,0.1034972313224749,0.08087251717832024,0.003141371182686,0.004789832099393839,0.08593030083190623,0.08989393143017244,0.016029313542626027,0.1034972313224749,0.08978139823243647,0.007495658662488611,0.05122402904716845,0.10371880574432492,0.009238340836496583,0.02060623770526224,0.046774620322591935,0.04145892647289342,0.06494520600758937
244,0.12068475119127398,0.05904313954349716,0.04784025503903891,0.008502123459978209,0.07766251187510999,0.0041246732130021425,0.046009914172046355,0.10797392778153898,0.008114914694554212,0.05170456487441206,0.09361105299147808,0.06138052603524813,0.007002697560178238,0.06411188942124992,0.0038996871493676803,0.023819929217326858,0.044919005745549995,0.09141978047393068,0.006610326201885238,0.07156432935933317
245,0.036461547307937596,0.13838047313124077,0.14182165695795115,0.08202988834735808,0.042665314509193066,0.03027318702348968,0.051638462832947186,0.08937225365971456,0.0359419183730957,0.04335282041659891,0.03738647585395068,0.02257934432209091,0.014375851424387376,0.039378229422744444,0.004733784185047428,0.046503326893792996,0.05730769911868864,0.02709658256926034,0.014078858760723977,0.044622324889786485
246,0.08156831852180065,0.04399530153527942,0.011175337592225503,0.0030345800897330767,0.025169886314476198,0.10067305279492955,0.049876942653505424,0.037525580521614144,0.02549002872608902,0.028879271826909733,0.15713041961808863,0.12399930850305456,0.025124281241501265,0.061565870551951986,0.01679761310955397,0.05741357655197606,0.057393640129051605,0.037813099169008706,0.014660368870432802,0.040713521678817734
247,0.11008495927051302,0.0584485585087603,0.006849806711400117,0.05759120179724105,0.025058782101383997,0.04557565323511226,0.035963334947828614,0.029840372343322475,0.049466091484286455,0.041398955667421376,0.05985997190573933,0.06578528759536464,0.10011730925412099,0.07153614872141752,0.03278142047548193,0.052239755626968205,0.07623610764933816,0.03556063808442024,0.02866980436553941,0.016935840254339984
248,0.05223382853788999,0.05912927550983147,0.06815777651258127,0.028375833435894792,0.055886741171849656,0.0471562549479736,0.0653935441880465,0.06283463840290336,0.030495165450621503,0.03794018446800484,0.020446828808927887,0.06696916939226576,0.027486855295570933,0.03657301683061079,0.068233501865773,0.056853326815266524,0.04307622836655232,0.07613474198622742,0.028465311500627102,0.06815777651258127
249,0.03631410217168871,0.07953124151923012,0.10161541936615398,0.021621956275650694,0.08586245165415873,0.006186473897422651,0.08759699947658979,0.08137404481197612,0.05670544993517049,0.017440228652896624,0.013232750723442202,0.054936875037041366,0.0526393230020745,0.03294176195338297,0.10186099659879146,0.026577073357259267,0.020923348118225438,0.01382473516905078,0.011359066938004527,0.0974557013417894
250,0.12261457604691527,0.04291833873918266,0.039871039808226504,0.017093280725564073,0.029197583057294283,0.12294599675278549,0.0354912328349168,0.03660008268894833,0.036756517243658374,0.011471452256381872,0.0363241813858613,0.08014154988873476,0.10148840736837306,0.06518995472865227,0.01812442800966389,0.08600536487257388,0.054264857228149714,0.03505192126370415,0.012001344806385423,0.01644789029402792
251,0.057279935559584744,0.12571392455860209,0.011561621706276247,0.03225259588508406,0.05091097909315411,0.013545405225368836,0.019514881211930853,0.0553118288593565,0.012409320603096961,0.03521627606491427,0.06747172487577993,0.05528503198394449,0.040814915957300385,0.11453966795536735,0.00595072380510439,0.08796705299476175,0.10370313789295832,0.075795131194729,0.009045316643701095,0.025710527928984674
252,0.020426178321257992,0.03807414577042153,0.04946328262980856,0.031696386499489325,0.07560744976775972,0.008922108573326721,0.05732843708638313,0.04616010035013746,0.2638054381609739,0.020272485845659535,0.04554149462539724,0.03108595708107517,0.03579397628164608,0.03517597068905184,0.07502060896633925,0.01686406390027531,0.04131118456869775,0.014776829622472015,0.026629530639888006,0.06604437061993944
253,0.10702994087406842,0.043296675815253816,0.024162939515100693,0.012263781987305683,0.12043461391015146,0.04989281767573325,0.06021569262482987,0.0817833744230963,0.017050188487998535,0.04148154392590694,0.0454741212889177,0.02914439329739366,0.016432451739209396,0.02024793914443733,0.006705071232554052,0.01788864254603979,0.01581701213784344,0.1095554342013717,0.044320048077440825,0.13680331709534704
254,0.009494361867796841,0.0259021065795422,0.12320314632525499,0.30485632013618136,0.05386518100641579,0.009931708731568753,0.05619557214946829,0.0643187689943963,0.0646421903918299,0.018930374423895193,0.03776128341381584,0.05198693972950156,0.018083624007038755,0.02984710473881361,0.009274323496652597,0.01581447712737549,0.030997515932375,0.019914383799255583,0.01999105814640374,0.03498955900241817
255,0.07709053805753219,0.038402462150086865,0.13011457951421035,0.14469436517071116,0.012732215121360075,0.009597861667931714,0.017667044108406207,0.053513134629911946,0.019384669580491527,0.03854051189035614,0.06005330084006546,0.051066168530918776,0.08671767301771839,0.09213569835783514,0.009596295790178197,0.038055866888632,0.06139447363692773,0.043950833293362114,0.005304334447998941,0.009987973305365109
256,0.01752781170973509,0.061209856189801244,0.3293442771991292,0.018511627944825023,0.04975969932237425,0.008644070175012236,0.05718054683254911,0.07033998115303616,0.03236215851323567,0.015753815437929784,0.041175243612306914,0.017701671797477878,0.07087746546789207,0.04969390514679092,0.016888167550025795,0.018618274616087324,0.026051045643664856,0.022023726622799764,0.023592687717885377,0.05274396734744132
257,0.09497731436546379,0.07995303403476024,0.016911205006436888,0.02645514878547296,0.016601793631239446,0.0030039927017638224,0.030234962104345914,0.20666387509012962,0.009542513395123972,0.06943380201742212,0.06283041545050046,0.02060260690200032,0.057098357987392524,0.012972655490269464,0.0032550358375710727,0.010800555728807263,0.1007096705633786,0.15045350152724823,0.007717550131974699,0.019782009248698485
258,0.02622718826630563,0.03793448162199585,0.06459964603103799,0.046762643396804,0.025046933353003658,0.025429909704020492,0.028522263502417527,0.026436200719796344,0.037449198384613296,0.08101189081106533,0.05426006018762932,0.23710634266248445,0.006285162335965326,0.05341117937573542,0.016730395163652562,0.11605396043736643,0.040470066922644446,0.029418482171559002,0.022099010154198212,0.024744984797704688
259,0.01565595749978198,0.027934666857416263,0.02405095866910519,0.027172042388249367,0.027712384905935958,0.008749996059612035,0.021200056927161162,0.042727462209542814,0.03733840136296256,0.4054592169121726,0.10238770899664262,0.06293025212807167,0.005248656889000734,0.029470559536092403,0.007057766213460111,0.010089159833973686,0.018489362808956727,0.024826410566320855,0.03413285306102402,0.0673661261745173
260,0.010508263998649727,0.02263801040442844,0.03248249365260126,0.03966547186369028,0.05114925447540952,0.32993063399604505,0.05389379328291107,0.04195122896873649,0.043534676597905615,0.018659261286275774,0.05727575340190169,0.04195122896873649,0.023044084360819644,0.07494381228449813,0.00931981215126867,0.01968851269667924,0.02185308799495905,0.03513637324546636,0.022164294765377093,0.05020995160364047
261,0.07802710342960267,0.08870120562710349,0.00863200715918779,0.02499504108371302,0.01289254822746731,0.047760755398335124,0.02585265023487157,0.07911793203422084,0.00833388412655288,0.02252054630240881,0.03999224502123691,0.054525755284328854,0.006869415006681851,0.034147234154047,0.0032956387305021193,0.08472289046711073,0.20797453159791823,0.14205287962724872,0.01677493058519308,0.012810805902269089
262,0.005622821763654788,0.040956510264031964,0.012545504339632986,0.01095566468842262,0.1257619368580089,0.12602584589210944,0.12319036239479918,0.08415614117841524,0.06579199877332333,0.03248858553151638,0.04958195227567297,0.05662628557131364,0.033577140207473107,0.057978583346039524,0.005104555672305391,0.012256240096459597,0.03660356597118886,0.006263341025584322,0.037102859723019375,0.07741010442702843
263,0.027535010184397104,0.07597232846151727,0.07036580511349054,0.0256103305666926,0.10434315311042192,0.009218632453110042,0.03263558011766158,0.015777313569186022,0.025585400294817442,0.013527608345182929,0.0329430673142109,0.048217299411864055,0.015009584263003617,0.0390543391753289,0.008916602799689177,0.050561365179403885,0.3080588619126407,0.018643816466978543,0.025672702684361805,0.05235119857604106
264,0.021270510320593915,0.04552420913937494,0.05980065807665779,0.054817149496857176,0.046688560120722165,0.014759523379644438,0.03062527088551358,0.04919131899076042,0.045435125784931384,0.01881456736709444,0.05377575381560896,0.0855437424286477,0.015885931562385335,0.031872587808829164,0.29978400874934613,0.013582754970877638,0.016676388324101458,0.018064878771883414,0.02681031175875745,0.05107674824741252
265,0.34302508096751144,0.021647263977554006,0.030924974432399555,0.018113941611050722,0.02792156134226088,0.0060504715319751705,0.03452271748172759,0.03666937458167645,0.036955865922467544,0.008555427639906117,0.041317525457288264,0.042354142681006964,0.016016049513990993,0.029424463971768133,0.007761221869194403,0.18462487212421386,0.037242921334306026,0.009919827163660359,0.022095072772326096,0.04485722362371549
266,0.00558230380592067,0.060712221805340534,0.06679899063554795,0.011350663700014764,0.136177916217165,0.0042114956101581506,0.1268506242950339,0.0787998222104047,0.019767919436708404,0.008149689646804464,0.006532707459516319,0.08229138869814487,0.013929460805085052,0.050814258879313484,0.00866949433806616,0.01601143247283053,0.02216318698318936,0.19201364487194902,0.020991677639373388,0.06818110048943336
267,0.07187701769194711,0.2710164238717632,0.012885898120726129,0.007429164336073821,0.012138612053296765,0.005577564873125306,0.02876736172863849,0.03181458504556245,0.01460596905154478,0.005527667229140905,0.011716586872483956,0.03082083317908209,0.005498848756206958,0.010077950701648476,0.0038627070094184503,0.39304579833556397,0.03698255708292673,0.010961708988885844,0.012251737621397455,0.02314100745056699
268,0.005218813463849993,0.029062580794014723,0.007494798867365963,0.008009003627314973,0.04364289496573204,0.003198749606110955,0.012906327745141501,0.0375428078981748,0.009092338242209723,0.014255808641543166,0.030122217034694754,0.4266607401198308,0.005102797135429534,0.011203479720232836,0.0024162744067271944,0.10625958305642436,0.13993940612239292,0.03904536361737631,0.006774334303882897,0.062051680631550636
269,0.03854352517583858,0.02564683355163994,0.053806336758793094,0.011360838875134649,0.07754199846569242,0.057495469977950846,0.09648270598599427,0.01471940759420165,0.024066958640256642,0.016939840581624937,0.015461409288454388,0.05171806344748942,0.0015617913859766021,0.025948690028863654,0.019428755187626358,0.06035798364968111,0.1338961745912498,0.017153716897481328,0.15894042327054778,0.09892907664550259
270,0.11400668882005129,0.022414810613093084,0.008169091905779536,0.01225168846973202,0.015735999347030263,0.011345478367150176,0.03261256804557896,0.02242784053458578,0.2516155219600428,0.007317949568549566,0.012468444492871886,0.01993658904234286,0.22762930445367338,0.0206239522253574,0.048570160729156375,0.046529841985394525,0.03040072856427802,0.01613350850833135,0.06519441163093426,0.01461542073606653
271,0.016416258890536238,0.10501065589648984,0.08546565885615819,0.20746526396203868,0.08268618121883595,0.015563064296683346,0.04883822429331299,0.04153887608726598,0.022768601875184386,0.011392818973846875,0.044237649987632355,0.07021682550830109,0.012833938609911865,0.027608732838474925,0.012405424356733183,0.013869998355305864,0.02217100089147365,0.024431224022534278,0.04547345404604955,0.08960614703323083
272,0.02066261808443921,0.050676157294336895,0.020432961364906466,0.050755548184271464,0.024775656505489744,0.000741579093704464,0.05091499669043211,0.09811747582796644,0.10909374517381511,0.04718557197182014,0.07552649383424355,0.06984182431091908,0.001276259726271856,0.08533086457854867,0.08585903665633987,0.043940177985833904,0.044928195105407666,0.08665163800575286,0.006781344080663319,0.026507855524837174
273,0.039465599781453066,0.03422286761080756,0.05343321064440662,0.04562563886750751,0.04200184130015813,0.010263371793549367,0.08007817665925256,0.042847664607256426,0.05540968339577512,0.014885961333010652,0.041543379966407924,0.06886702552479704,0.28653590835026005,0.03490298266120171,0.010106345921706018,0.007082150968668182,0.033103197560076195,0.014615234147676537,0.02615200810482843,0.05885775080120076
274,0.02635376439012742,0.08652290240837447,0.21817616120358443,0.0269933925358523,0.020135717110320802,0.0059721229050156005,0.016692765587679573,0.042406050106103876,0.030841395911708713,0.013557294649961865,0.05523335825967562,0.2514999719502924,0.01604079143959489,0.06475548674028214,0.020039214915176254,0.03612455214901943,0.018684668239078578,0.014590012875848673,0.018303457307092947,0.01707691931520996
275,0.006516025393622491,0.014334037265101735,0.026398441054188662,0.011803908910695687,0.1438411313574954,0.004197609471970193,0.028807530133232635,0.06469741221089757,0.02101445237217865,0.1873502252084657,0.22420108504607636,0.028613354664660594,0.006872240745754194,0.01598761574358637,0.004109359156389138,0.005026200086983077,0.003219421455559514,0.020406942638635444,0.07404277893629137,0.10856022814821521
276,0.06842628505216793,0.04145146562165488,0.05566880625146958,0.020204528162488345,0.030712370721688254,0.04423061936005677,0.05830619822775438,0.03791590168546214,0.09849251001142179,0.047254323931740366,0.04639752614699649,0.07717494356327904,0.02691722107779186,0.06993205074892019,0.06417643840270952,0.0691175770333346,0.07067837146308627,0.030625142272005676,0.013305141060111126,0.029012579205860752
277,0.017402479788697616,0.030030341962681995,0.028267220976847227,0.06815983724502615,0.02719708299644466,0.011585162853867459,0.024029482449653982,0.38196132286290935,0.061737052114133294,0.015405988151606069,0.02771454134170984,0.025326234016912228,0.010854737722650916,0.04579789887986502,0.010690077045178136,0.009282588504773986,0.00634540382015181,0.13081094844636645,0.03383783118725538,0.03356376763326837
278,0.03809255490993107,0.04659577964961243,0.06481957123326837,0.04916921553808382,0.026719639118122755,0.015431141056411468,0.026044016661195407,0.34956435171466516,0.04749663737224665,0.021828950006642842,0.03137364135160494,0.027958545909746533,0.014073049856191407,0.05236765354919359,0.013374872754525514,0.012222340532512711,0.04687753929179821,0.033011073561862316,0.03927030108398682,0.04370912484839804
279,0.03897412889674403,0.03675914868758499,0.041809231255299305,0.045118188608234376,0.03665962975560419,0.32708075248530993,0.03499130399990336,0.03567845662190595,0.044326474965295216,0.011724599952862723,0.04908968639206381,0.043622279212984665,0.014328471574711295,0.050693558952056156,0.02470683371498876,0.043703998432499495,0.016368060107323373,0.01146707887725848,0.03902985710867912,0.05386826039869066
280,0.01150216412615676,0.017233598372979865,0.02049979712174749,0.01199305075121757,0.060134135727233716,0.015910531116090375,0.028900359140367825,0.0880937597974059,0.0760545659449211,0.03895149017635669,0.04874326160710513,0.036144597060265994,0.004933783365036367,0.015210896935440449,0.13082851029220569,0.04223343872096926,0.14540870125334976,0.060267493490881584,0.03066472355836129,0.11629114144190712
281,0.016635018540465812,0.04347398096341539,0.02514841526655652,0.06952090239563637,0.035728267290990885,0.010199699723973197,0.014612485502893074,0.04025621314293656,0.051279760232430964,0.02155117899110411,0.0634515486335813,0.03982970871527175,0.012651929394342612,0.03656789025732055,0.3883294829316706,0.02284794268478482,0.02083908372280197,0.01752802806068358,0.03134008513614087,0.03820837841299915
282,0.011815641255151737,0.01607181929367822,0.021047699816915347,0.017164638733679426,0.01938160941174331,0.006449052404535831,0.03286608969925545,0.2885497296843936,0.024010940258292618,0.2292448049794101,0.017093418653331843,0.024800977875160116,0.010569925356116438,0.046367158051354,0.007204296984013615,0.012637225997292766,0.012124007498543093,0.16380859918409,0.014347240532266816,0.024445124330775735
283,0.08306906190224972,0.02740797761808006,0.2009015724203467,0.16467262986827472,0.019548510089957206,0.023403107441634232,0.05282226139058149,0.02916406446123447,0.01979555469589397,0.01959507792306757,0.032367064327955185,0.07098031725352741,0.005358242990981606,0.07745931899681018,0.007835276339996361,0.06471019587623278,0.05820842372003099,0.00623118506568953,0.014515892402581061,0.021954265214874712
284,0.011850307612694197,0.02064759059797177,0.0304360453108261,0.02421159695372586,0.03745297422939292,0.0046515763404126826,0.03469454739711796,0.13838985112384872,0.08457658566163347,0.012250501108654886,0.030861598359474784,0.062368454198994276,0.013778070653798574,0.041434883367647904,0.33807309660021806,0.016951332352545142,0.01596037953915549,0.01243529392088008,0.017550463208123045,0.0514248514628842
285,0.004440684981993177,0.008671458660562481,0.00875944405210505,0.02348000410596261,0.00870257404087966,0.003514085741829636,0.010016562119839893,0.09941213778169755,0.03279919492342876,0.5859871166974022,0.13679260706714438,0.005795020790784995,0.0033634013741289243,0.018102744478182744,0.0029870716884563262,0.00279504584262583,0.005523884861195111,0.015755445003487634,0.013791214052651634,0.009310301735641431
286,0.11019692460495016,0.037585651897031044,0.017122064393122607,0.02228761903105313,0.017379881869336283,0.0029896344901437066,0.04648808582334588,0.053160389376483735,0.26053647950251,0.00611599103204137,0.09466159035511634,0.02003836629580272,0.003443230218778225,0.06269596958877978,0.14794676353308717,0.031385429576049305,0.008801015863555047,0.011898042190508676,0.01769633831863521,0.027570532039669558
287,0.07505595925270489,0.024321537322308327,0.05235552962711532,0.06630785829521746,0.034830363134447664,0.07055528696523443,0.053718170431070904,0.023373989699288084,0.041523633802901395,0.07145615232957095,0.09134728802425925,0.058182798773733065,0.004361132807372876,0.08992309510439676,0.027340713462488234,0.05119281990739389,0.06320756240729418,0.03188684453373581,0.022216889491966253,0.046842374627500245
288,0.014765335323698467,0.04748054690334774,0.03989761151604466,0.22037120186052098,0.03804832712530157,0.006689135482671359,0.08668911302369775,0.07938149575475863,0.01870143339418739,0.028608730502548103,0.055633007525184026,0.041033924248802485,0.02558327109736375,0.149150574409322,0.010722538905279,0.013570774414850396,0.02429030688663829,0.014807713356656954,0.02349628484608868,0.06107867342303777
289,0.0284005772573262,0.05434605888902395,0.058064929339124986,0.04928919402775769,0.07179673663966184,0.005356587272450653,0.17407747889064104,0.0477276476975076,0.10294251253423763,0.011897478458843458,0.040152213541414725,0.06042471968361967,0.02700880856454536,0.034934550657373546,0.01864460622837958,0.01689964018587073,0.024235143374927753,0.019700626769584898,0.03098469860298007,0.12311579138472863
290,0.06041518649982076,0.05037745432203869,0.031546837838691076,0.05319960456171316,0.023511636299544652,0.014264938616671238,0.08861002642162434,0.1013764390760236,0.061579673379543974,0.08958736201937256,0.05858320278255858,0.03399446559407668,0.008941284572074217,0.06187023031224864,0.05535631973821206,0.053172865746758,0.0418750047957371,0.040361796433236875,0.038049588532378116,0.033326082457675675
291,0.03241932440214788,0.016426738179479896,0.20451049191771067,0.14781567112863717,0.01572318370508326,0.05948351964535275,0.08786454242366593,0.018147641105323322,0.028831842248329437,0.0054386337089712515,0.015235951432123562,0.11984758150372028,0.014635305030728732,0.060767544734962466,0.01833067937342654,0.07843561523459355,0.03857728086813919,0.008848511643485152,0.014217092406853598,0.014442849307265387
292,0.06331783951777274,0.026328052290178438,0.12965592444940152,0.029397477297311795,0.026401929023454465,0.0828013352637742,0.03544741723356854,0.024177541565901368,0.03670508024727357,0.011411101922110096,0.019408603561066405,0.040749475828629686,0.010108718355592622,0.05356549781416133,0.013174623566931108,0.18976110484686023,0.15538121520332412,0.010953593889245905,0.012614693784554662,0.028638774338887285
293,0.012962710116401571,0.019674844516778558,0.044769081394074435,0.022953131771142166,0.19445504731711263,0.010307602752642753,0.03884890334051573,0.04059614729010731,0.05276998471966222,0.017934308623586734,0.032899388029869116,0.04633214721165216,0.019088022945804622,0.036256838348092256,0.004776760799128871,0.011208025346214534,0.018578480794059663,0.010344287105271301,0.302200902698196,0.06304338487968741
294,0.01091475163367589,0.02394330862272401,0.033173833130469614,0.020465199726997754,0.24331184879788123,0.006828128260603673,0.07628062436756267,0.040040577042199516,0.03590009984658118,0.03415986839412355,0.036109704629983884,0.03302998281902473,0.018416699368115255,0.03370642314439241,0.010369951774345316,0.014829961712634919,0.02478282312551493,0.013494503706609554,0.025491658219898145,0.26475005167666177
295,0.039224420050719314,0.07728386302047718,0.018626037514019814,0.10149265683146584,0.060522542559164554,0.0015721369451121303,0.05206784919972899,0.07444303666457476,0.031941787294457055,0.06340740170859731,0.07343714932661834,0.0488222474298749,0.0017078879136480714,0.0671697410963094,0.04189078098917245,0.0359386993488721,0.07577870578237327,0.0633179477513644,0.038012561606038386,0.03334254696741175
296,0.0241285443936082,0.03770071339994472,0.2724754105749134,0.026940761885404455,0.057233133119528296,0.017867413146329354,0.04163875050468004,0.04872684034499722,0.04749309162724167,0.015209700772981219,0.03990957673115917,0.010306656668751748,0.021567617754018317,0.03704966486889335,0.009497187469310494,0.014678794021839548,0.02534439165339286,0.02458176448534022,0.02170328770301132,0.20594669887465442
297,0.09463190468570686,0.03920427387443837,0.0444111676547419,0.06781588105852909,0.017099312329779712,0.03450072103569384,0.03213013918429765,0.05823108556581403,0.04768278327490207,0.04073409250834873,0.06048188470885731,0.0705135503840096,0.05788504307928169,0.09306340819215302,0.05170453383773671,0.04802141870831949,0.06890052388291999,0.04700135832213087,0.009529257494207912,0.016457660218131158
298,0.07868649243274588,0.04422936659755928,0.010757091215446218,0.051878225128524746,0.02719642901127295,0.03136999434827969,0.19988633159674096,0.025308143883138647,0.03779914746310164,0.02481494759204586,0.02324417331382737,0.14494227710465254,0.007201496063579276,0.05343353717556143,0.05581311521055408,0.08633522526610925,0.05049144383549833,0.013801112364937182,0.017487541945742036,0.01532390845068275
299,0.09829357651790906,0.030439033853042058,0.031170869236014826,0.026726421302253455,0.028187688037910604,0.01143878229917742,0.1327240028292467,0.031019999931413994,0.04841416451632078,0.007557154467883312,0.044546301370739054,0.14848661439313512,0.04820668752814508,0.13763335524289078,0.006211614501386693,0.05654538249710945,0.024511616307726834,0.028293428410347748,0.05000834907816654,0.009584957679180396
300,0.01694030455822844,0.03812373220091828,0.042071651719496915,0.038029430327474086,0.05619839303668026,0.020251119294576146,0.027128505680712314,0.03426609860223294,0.03448481478222533,0.011634914672830962,0.034081211734041564,0.0370458345450296,0.42782830385979825,0.035374967406289766,0.009690481715526106,0.024442842628225898,0.023368637948340775,0.019193787212357306,0.03498557945859555,0.034859388616419566
301,0.01631681421780917,0.03720896185282854,0.01995200746275873,0.03840148009196522,0.029643565994356785,0.010396377483420234,0.03581544655373061,0.02788209739403964,0.03866333273494146,0.012911568916636501,0.042736108318423505,0.025485829640130298,0.016857010637739346,0.03438293540188302,0.010201343404832162,0.013621054034600769,0.016109868391910902,0.015666462544157177,0.04474747639838015,0.5130002585254558
302,0.020286445392947373,0.037751824005245786,0.0444680625609841,0.04008954745689863,0.04520597448517494,0.028353439907929445,0.03868661319711029,0.0308605334689743,0.05251788355740115,0.01133701887166131,0.028268955321156475,0.04585031423534975,0.019522279652805074,0.02976576982370276,0.3966345044408517,0.035205722402392066,0.01798909507508926,0.016041236165815667,0.01965496789796351,0.04150981208054639
303,0.023943956120892913,0.043241812657088874,0.04331587897310382,0.03952460391417976,0.05049471764522561,0.01856619090576331,0.03919402223614197,0.0363517473353715,0.044881320568264084,0.012707405619392917,0.03548179678378396,0.035811019608097065,0.01783601038886323,0.03267097916541361,0.011278621609002256,0.010868321500025353,0.3686639594406122,0.03522589175552582,0.06317047171517827,0.03677127205807356
304,0.021971138539825866,0.035093360992737396,0.07522193953016611,0.03464520009509397,0.04905367615824239,0.011896138241873891,0.04229946148011051,0.07246875821735861,0.036685372543752974,0.017392533228474394,0.0400150297024171,0.05523389043355736,0.023458214127605025,0.03322882732409848,0.02059315422558425,0.014443950395496131,0.019530530867412646,0.020218051720401104,0.34318105835207363,0.033369713823718214
305,0.2969922145134362,0.0386266362521795,0.029945095326797556,0.024356864116919594,0.04743452037977955,0.1303402087371929,0.026178612699033602,0.03273784041385013,0.044651461686694545,0.01357025446682538,0.06528947876040041,0.02816285722842767,0.007708495281909073,0.042319461806039876,0.010984374496701971,0.010556553009835204,0.02157339572340056,0.016551013982105445,0.07528604817662853,0.03673461294184228
306,0.015569575976719268,0.01740116315516396,0.0244979366213792,0.03920269086361758,0.024954895181271475,0.011698786632157442,0.01690940206520481,0.048322598004321066,0.0723462110361678,0.019874751841901024,0.07525072312467455,0.025311041740347092,0.01979288254705582,0.06602211086341751,0.016657864776621362,0.011472133949977719,0.018497181003373612,0.017352932572926787,0.031275005424368084,0.42759011261933394
307,0.021074866576900372,0.05016713380730555,0.049550050252587165,0.04148313025679711,0.035479268627568686,0.013062778432112634,0.3442990303165878,0.07323597360917446,0.04690767556930784,0.010990268167943344,0.04716088768646145,0.08554031924027404,0.012840029411944296,0.0165737266369913,0.0035617708155272405,0.012395138764431787,0.022190797735413742,0.019292912463619135,0.034918234722109816,0.05927600690694229
308,0.00911343450052174,0.03207392856139879,0.029042365701840083,0.009922777584599229,0.06409317306340225,0.47509148031109266,0.034360885291240456,0.04866222525469668,0.03781852567810609,0.013593590813985942,0.032962036092950064,0.036031344288654905,0.018543046148392448,0.03535089294835672,0.007949006626961947,0.011086401796891911,0.017211445306223167,0.017033178701446935,0.024852116392087138,0.04520814493715086
309,0.04252624093993942,0.04768769491420765,0.05675066651580515,0.041541350352460274,0.03947872453273401,0.020756579086969703,0.01891875724218466,0.019343851938022568,0.031051479683923206,0.016439973240975327,0.03014297362321046,0.007684482254167072,0.011628054179043905,0.030898986117598278,0.013122950055771918,0.4748467504307566,0.011694680052889482,0.030763689857996462,0.028461046003172646,0.026261068978171178
310,0.014990752509592432,0.025730820546395843,0.021515652318030955,0.040162824226520226,0.156774934875679,0.016246558821709903,0.021862339905104333,0.0320319656765611,0.060571729349372376,0.01710911157808052,0.06176347121491551,0.02189236352369112,0.009052190650174976,0.07434592285838283,0.014627607929989702,0.008996519310190678,0.013151699578633892,0.0126845845502528,0.03209880288153607,0.3443901476951856
311,0.0280761672757097,0.07596488190577384,0.11534778030455793,0.28866888588546374,0.022994219197347576,0.026727908816182217,0.04262816404159786,0.04522087830702445,0.016646959253920127,0.01607968905945702,0.04440121724954241,0.03652089351480671,0.023661656421577398,0.06296662758471289,0.013522727782638933,0.023545350930652048,0.03948060361224736,0.013544879684302095,0.04200688395254845,0.021993625219937255
312,0.28894391935842484,0.027970145382650455,0.017080811422513487,0.02725455813128196,0.03572391117332518,0.0056309541246038,0.10819483635639089,0.0344636787211325,0.052163290847172084,0.014236538518930392,0.055309248591785896,0.031855014257873855,0.006492144796298293,0.038764764768451275,0.011305198524841768,0.15715804219834595,0.012046590446534942,0.01708206928017185,0.036575566913796966,0.021748716185473638
313,0.080304817789232,0.06607834650607146,0.04357419985738137,0.04873790352353927,0.013959332842737726,0.014784228709195437,0.05912170552997525,0.04199971638477896,0.11279262105801385,0.021287274043569268,0.04312413082317292,0.041530520734160935,0.0889074380094011,0.049884553914787855,0.06263382964509134,0.050362895200678263,0.06056697727846228,0.06785498571419454,0.01984624981127454,0.012648272624281713
314,0.08286750354887346,0.03749633396506123,0.015134921158014519,0.011321544688225134,0.012786495400815417,0.014972844956915627,0.019267817257052643,0.012849144387972087,0.009477454811213808,0.0052286126644922526,0.013597897394050535,0.013542561345752997,0.16124944105655672,0.013690002993749945,0.004834057795014534,0.2950297748668418,0.24207842869081528,0.00866056880509489,0.012731511308229929,0.013183082905257146
315,0.12338129019651883,0.05196406424947759,0.01753622342695259,0.18814761584849593,0.01956637798515103,0.0202748351764551,0.011435530512027252,0.012973367781275608,0.022209303049755758,0.003136784543026874,0.06139748782885445,0.03406860913635767,0.004153649085904605,0.1518050221595007,0.028217676009600134,0.18557662111868845,0.029381874701492918,0.009158568040008022,0.011024408691276376,0.014590690459179982
316,0.011989262921758484,0.020649490163841305,0.01876880067803537,0.057207249790966946,0.026205636137260017,0.5876450700691983,0.02098455335533197,0.03724963236640045,0.027315647396434998,0.007862000104519476,0.02565739749709651,0.023572172597001933,0.010906106019466252,0.020127832478106646,0.019681432997180903,0.00853036368464668,0.011547231204822726,0.024601508876159636,0.017300844900782927,0.022197766760988474
317,0.012932690890605199,0.03790365569375307,0.031940334748367084,0.026193930715197503,0.02646344703503579,0.009680260219155324,0.0206495868364768,0.03124832121424362,0.035450673826262456,0.03672939767677646,0.023805802567211255,0.027958664662381907,0.01483825515640236,0.029016900627655384,0.00972201083105352,0.5097369376358019,0.054693396450776775,0.015510235362278343,0.022703421641326105,0.02282207620923916
318,0.3754988190519489,0.08950453695475923,0.02033125622649276,0.02514860800308369,0.029572399203332527,0.010655550459413134,0.022111779838929365,0.025364770658698313,0.019247507525398666,0.007426852808390088,0.01717709208367766,0.044795706610642284,0.008805573688637146,0.02094786276987837,0.005000092603782298,0.2092775621767047,0.019814235612278717,0.015207641242045593,0.01281592068161041,0.021296231800296234
319,0.0657452084620395,0.1348301974320998,0.02061908365303848,0.014099529878438889,0.019127536755164008,0.004997641410130051,0.01916441401249538,0.03722765699473455,0.015075020978989537,0.035322687762297675,0.05493705476318044,0.020287487005655972,0.00828294056932901,0.015006705672431007,0.005861313818874075,0.20892044943253238,0.19351599361774507,0.09028411979475603,0.016252027632592286,0.020442930353475882
320,0.010171820310147666,0.023540225686803796,0.026709072538438853,0.03247858571964887,0.011250917937766364,0.012814909337347939,0.023603447953948947,0.03342913988503686,0.030651391458434568,0.009402490030731766,0.037370852455169475,0.017199942725937948,0.015607375222302856,0.041087661579623055,0.00921996524818372,0.4153189349627026,0.18234703073573247,0.018495130878613916,0.03214440778436251,0.017156697549065802
