site,A,C,D,E,F,G,H,I,K,L,M,N,P,Q,R,S,T,V,W,Y
225,0.2868283283089819,0.24783116038103906,0.010984667770944324,0.011947709806900944,0.012631281109870234,0.023612765096677854,0.01386843041596344,0.11302703960003639,0.01930559999110837,0.005023202380832237,0.03935432266381608,0.019261608518654872,0.02653614333734358,0.011075257067489302,0.0030666029481360695,0.006409807300501552,0.015797991909250908,0.11105896949092146,0.007687612479185008,0.01469149942234643
226,0.006852871449245508,0.010671072896458132,0.021022982009487712,0.04848258272804357,0.01287315333776141,0.0028644374091412426,0.02967491043259952,0.01699270822024124,0.5510902161334789,0.01633532826935773,0.01014926035161155,0.02956317486966663,0.012430291139848166,0.02027918017409211,0.13879821170148374,0.005054802245693778,0.016635526484534393,0.020825879666562602,0.005974155900833822,0.023429254579858283
227,0.053036615013723615,0.29784272276945517,0.00784899164671606,0.006176407378032563,0.006059752453870894,0.0006538009955435773,0.009997115310641609,0.016686266965179632,0.010374792938588137,0.002204399213057862,0.007365201927803793,0.12974718645217012,0.0072651887709043695,0.006904591004522763,0.0014860171830893825,0.1454594722548917,0.1956425171383425,0.08396635854334651,0.0034242733190948927,0.007858328721024847
228,0.008639341210597283,0.012520264473939094,0.027198589588242644,0.015907940928725234,0.013219519007538497,0.0036965475087470043,0.036018345658202854,0.019653904349991605,0.03146676615095503,0.0061223671578679,0.01779695457118372,0.6448864196249448,0.049512731219227196,0.04666292628192531,0.006201541995978606,0.003417573437367823,0.02768356698793927,0.005818027367561106,0.0107501237202257,0.012826548758839327
229,0.025302812085377917,0.10570424492925441,0.001136321246787781,0.000898101358337978,0.0009417872356662357,0.0002623363680636177,0.0014361391058651176,0.07913893971226234,0.0014326829550915228,0.20653772371817516,0.24763098628636995,0.004220439039692671,0.026264539070761473,0.0014189883566858516,0.0003879320771353963,0.010015506310486677,0.2338924107381982,0.0516704512257122,0.000593869302902637,0.0011137888771728703
230,0.012063665677155633,0.016702315678147707,0.02494731333637508,0.018132443937888054,0.022488807930695815,0.004714523171699991,0.0342326353294772,0.37619460307508074,0.035401524646903236,0.005894486910978526,0.013758999612959899,0.03244207193803598,0.010912110432044217,0.023658277298247113,0.0062183202550916234,0.007421237982215968,0.04552145266062626,0.274173443842287,0.013212453729377668,0.021909312554712273
231,0.011513648227760706,0.020854739228799296,0.012656262817552133,0.016697639537762966,0.018661534980362274,0.036587834501685707,0.017139294735281484,0.02425451913022979,0.1861178998886237,0.005265814244595348,0.01265831617715635,0.095419374316572,0.007167324537487388,0.0318080859083727,0.41962711335295166,0.01247909086170279,0.04619593332358355,0.005360701723647815,0.007769603571890227,0.011765268933982139
232,0.029681226108928527,0.1554525129534494,0.010246304833139638,0.008037205709263385,0.00930843595721424,0.17100866920758753,0.014845628411772872,0.02827106156729692,0.009608152082176797,0.02371058443001176,0.09911894334016935,0.0671817864663786,0.003308321989296984,0.009186175864538593,0.002932832520052194,0.12553265040474093,0.15481765318949833,0.06134627011316136,0.004000849254688168,0.012404735596634346
233,0.03953695785563476,0.09247785392300434,0.028054346693809348,0.0047364309050483945,0.029711235240573296,0.001144133761087925,0.026203858924073908,0.34070190254018584,0.015355070614552402,0.006110649440924589,0.005567545788658743,0.027365543206120127,0.008338819787982314,0.018362708950120547,0.003319767393861203,0.007796642431404606,0.12811607084437673,0.16441486947871164,0.007067767167546657,0.045617825052322564
234,0.10727353368177982,0.20997475562954446,0.005658879518175485,0.009039430510527857,0.024316403319513874,0.017691144524452446,0.013097097469366764,0.013940381369455829,0.017996752001103757,0.004554441269074669,0.018109929581881932,0.03569274749839015,0.001310975076468555,0.024468432053270536,0.004358312887890392,0.23196567764943535,0.21215959515964322,0.03244634390489851,0.006154211522034697,0.00979095537309174
235,0.035811593055577164,0.05695818567320097,0.013747445326279672,0.01718524374935153,0.026191234284943226,0.018332297844150882,0.020759204489398872,0.16453197410703965,0.02313850598882707,0.060513648956063294,0.05539406490560123,0.015668672107560577,0.005598333145478193,0.02514946167456637,0.0044396492390222815,0.08638497511237338,0.1654527641304996,0.16672359305768703,0.017886924295624825,0.020132228856754215
236,0.023114349074505353,0.11740462191696643,0.007337106343165256,0.005967190362942281,0.010154002410285407,0.0018425266878998182,0.010193684074705028,0.017026272171143476,0.009956329929658326,0.43761633734150757,0.09641463182936749,0.00921263343949909,0.004231672308448216,0.0335037528040744,0.0022529683094779152,0.029567682653186416,0.08297369875599099,0.0848329409380692,0.004997693224819143,0.01139990542428815
237,0.18655968225002015,0.013748344629994224,0.01765675556914865,0.009686164480209042,0.025871821492613165,0.13583764193842085,0.026688606251669827,0.018361567440877663,0.013411921265375012,0.00686337149073973,0.012349927445533732,0.049216018590124845,0.010744125143501945,0.016882920917588366,0.0019803942532524823,0.25337858071009123,0.16716102720099513,0.004897964760977914,0.004906409347499499,0.023796754821366662
238,0.12431547682969261,0.028560716047264335,0.04130551261973917,0.003928072495701541,0.02547728275340431,0.16299076914533953,0.02940133308922867,0.07791992701502837,0.03178753624853711,0.014205562305066958,0.025842432939833876,0.030136939569266108,0.011060107308285985,0.10024194974252587,0.016547981042003657,0.11609219011770189,0.07412271548006939,0.046311141661504,0.004426839997614771,0.03532551359219177
239,0.018854733980547822,0.12653374699077058,0.017059023444464753,0.01840481969507735,0.21100119992534605,0.005340309529973078,0.0339880460446871,0.15104078230909915,0.019620119361352977,0.08502034473704954,0.03129621064633276,0.027375016099091817,0.0006113070716263224,0.01973045966894511,0.001779355542117068,0.012892345916045123,0.02863069546432748,0.15978096251207435,0.012909597524234978,0.01813092353683664
240,0.017328992042216527,0.02716235164968468,0.02153309176150289,0.05336458380817346,0.023447753685981506,0.008023903972286294,0.014448845385051293,0.0444467925601569,0.10011858031075514,0.3628905737220161,0.09353545325261599,0.028477012833516707,0.024280656187794996,0.03851649185339912,0.006213772971130333,0.01173423561490087,0.02781731477843311,0.008764388198022083,0.05579734305066277,0.03209786236169906
241,0.028568710844948195,0.10650545067812449,0.05073307338033067,0.012765137330624206,0.07498441306053948,0.002826696114096351,0.06575725112837567,0.05525739752164138,0.02043619502028358,0.13783507384492266,0.08293550287662534,0.0741954023970224,0.00170124887440462,0.01696058938663583,0.0039657135053461036,0.03153675276907001,0.06585550175928458,0.04591263686904073,0.025591946617209097,0.09567530602147455
242,0.05131147311025012,0.05821650039762403,0.011613328346337883,0.005194440996873801,0.0630775797059975,0.058830645058869646,0.045823352517436404,0.03714498966902966,0.036376188459562586,0.09329702292051956,0.11656035875140354,0.06415654931211498,0.015102391539589302,0.07761943705212689,0.014671750378090391,0.028438720773702197,0.1052198014144734,0.02199345284240682,0.046701541430878964,0.0486504753227123
243,0.027985787787172423,0.01596244803313242,0.04005668509164817,0.10361665397836241,0.08077842295147138,0.003141599612251272,0.004555342896173889,0.08593671209024761,0.09007840173867528,0.00845694841218626,0.10361665397836241,0.08976939448501596,0.008292494257180646,0.05113398149092835,0.10383961980991115,0.009281137959476559,0.02068017087629411,0.04659809972248555,0.041359967640087585,0.06485947718893653
244,0.09477795945557987,0.08762435212514012,0.059269309885135346,0.01080774589386777,0.09619558017012853,0.004401667400474284,0.05801961929302026,0.08524860005514011,0.010030696498290368,0.060170055236033894,0.1174424493578889,0.0765499296976485,0.008855340681769032,0.051460013045126984,0.0052327988223132916,0.010492885497762077,0.03447884554224179,0.033171237986206824,0.008182818641520337,0.0875880947147117
245,0.032833812272934616,0.15080544022689404,0.15442723277179252,0.100641024521182,0.04619576615244974,0.02202378200713094,0.05700949731071279,0.09601041010763849,0.038730028667418724,0.034422732085801926,0.027905392046437886,0.014439635874357695,0.015170965462595101,0.04226445766398862,0.005160843323240857,0.04885300149809344,0.02797170824638422,0.03213913396366621,0.015478950576335096,0.037516185220945096
246,0.05574973091561552,0.051996549664271696,0.020208228718473605,0.0025182304390248254,0.02536845090095359,0.08355633817453971,0.05774941838037426,0.03999380064232478,0.024550765424931138,0.03955932227771367,0.1428180127550113,0.11573520156987975,0.03394890159860997,0.07876341137805148,0.024069742709346576,0.04231629938501171,0.04508062634889326,0.041766930553774256,0.021764240009030628,0.05248579815416834
247,0.09756884831809315,0.05373480227901405,0.006109142231716169,0.05190460706419469,0.023569932310823397,0.05560910044638518,0.04373433611794514,0.03635491767606424,0.043662039184713834,0.058271445279596046,0.05361024065136849,0.0676697732314556,0.08910211893467228,0.07745295811244891,0.036699835455904155,0.0534069849218212,0.06744288551877996,0.03765762813254999,0.025634569506780933,0.02080383462567275
248,0.0427474346028888,0.06069565704520588,0.07166655224204897,0.029768794401369713,0.05917505743990189,0.047334145792586026,0.06880352340925512,0.05783190900820536,0.022851523500750485,0.0436254131982298,0.024024516602644458,0.07033635612329027,0.025330908183345126,0.03504225881675096,0.07174920425319088,0.065146574094806,0.03746459615221034,0.05939142723501439,0.035347595656256565,0.07166655224204897
249,0.03678615391852778,0.08058410601096637,0.10321956965227286,0.02195532198147521,0.087277832480489,0.0011856332752092722,0.08897160904519304,0.08282564136477472,0.047667890512742735,0.017671333999298447,0.012556049464690423,0.05569502266275178,0.053387913368201624,0.033416617677795114,0.10348710211602173,0.024004962559029692,0.02125581662542715,0.014051301013810219,0.015051673505299549,0.09894844876602309
250,0.11592238552011885,0.050164998041553784,0.053756168229747686,0.01643663554695535,0.028286116827787935,0.1297849753768156,0.03609351212450465,0.03449470474656268,0.037177848043353896,0.011304007998392804,0.04747745078165191,0.061372633468587456,0.09125687224761148,0.06729459654684518,0.029446517634375155,0.08178329995707251,0.05686814240878096,0.025003063160085267,0.010834870628061738,0.015241200711135114
251,0.05982724557983138,0.09582778281200233,0.012148745830204552,0.04218460464944825,0.0664151614051964,0.012577209890020735,0.023802565128118274,0.07960304167711808,0.011067878181835128,0.04197609625157377,0.08032762503394485,0.049389660210942266,0.045988708407549685,0.08216336755538071,0.007287908294143653,0.06284193531705685,0.10233914185212178,0.07977657214883287,0.013275298226658147,0.031179451548020275
252,0.02022195244735822,0.036837094372966166,0.04834352811809708,0.014858569748264031,0.07352306272384353,0.008817994017874486,0.0559669770704207,0.038697783202998666,0.25948342470129104,0.02016014507167185,0.04531960864846995,0.033750101433667724,0.03568444545968207,0.039101500341277,0.09698888738051636,0.016161028605985003,0.051344541222721925,0.014487600099604252,0.025974496824024685,0.06427725850926526
253,0.10359419126389992,0.03147821345064935,0.02605064727159116,0.012110587144572138,0.09838207483911625,0.03969468610848933,0.09531083225315799,0.09169897824100615,0.016131056179602157,0.0500390812469502,0.05289915062548858,0.024783082755105587,0.018589344723139372,0.019593615555386457,0.005944651128195119,0.020767601137345864,0.018868833855593573,0.10182612356206173,0.03950401551357766,0.13273323314507135
254,0.007713392152546912,0.027959576937881796,0.11403253655902557,0.3264795696545137,0.058167844482568704,0.002017058463316622,0.060261753524997574,0.07029623389763051,0.021757830282455985,0.019869373356431432,0.04020895702702839,0.05696444361470896,0.01924678394567351,0.031631593985022584,0.009850395724642054,0.01680604064677384,0.025481023402729026,0.03245839174967503,0.021398647320111572,0.03739855327226624
255,0.07060750053410579,0.03391405224437272,0.14270410425414096,0.14515955137917352,0.01281021248977473,0.015850244284655726,0.0234225768329953,0.06362275021949566,0.02703770576102014,0.03850187292571823,0.06302619670903849,0.057512854271691505,0.05322291574901794,0.07908264903052119,0.0033542428420068175,0.046521014899129264,0.05920549504977266,0.049092314797616214,0.005388459863500369,0.009963285862252888
256,0.01593656659199877,0.062386623180163386,0.3383786248653345,0.01724433250291586,0.05127502595041761,0.0034546946670644535,0.05887133053600707,0.07276208712482901,0.03318502636963994,0.016176269269113867,0.04231948303722919,0.014190412993006116,0.07301266703827804,0.05103681328935492,0.017404284975273413,0.019166876652949433,0.026739363038020634,0.02042762186548013,0.024194492761645273,0.041837403291278386
257,0.10863179105456021,0.08647292948839617,0.012592965873511691,0.0454505677776283,0.014358385252892264,0.003377384689200428,0.022236949659324174,0.19390393564317707,0.00701924588915128,0.05885557067379551,0.04631761387080139,0.01555623262359295,0.06941562453310318,0.011494663623953133,0.0023976013794613955,0.013828597445039873,0.15663845678353505,0.11040850830734039,0.006505174697362726,0.014537800734172731
258,0.037819104448272106,0.040792895512514575,0.07540260578925499,0.07239511096012767,0.01893946473556397,0.033966869967120894,0.028342780332583167,0.027205708637515164,0.03746591830364573,0.08860818681846867,0.056764769403627034,0.12754842718497686,0.00452283258237658,0.07486832369689027,0.01926391612115474,0.11195427782500651,0.050695371312611585,0.0452851163504131,0.012313462222618763,0.035844857795257624
259,0.012983245768959949,0.028380775310392226,0.01992444782750263,0.022517407994466523,0.031953415422967126,0.007250191685409332,0.022000105149266185,0.0351339487252934,0.03140770032168905,0.3369787048353469,0.15886447109005933,0.06816860263035986,0.004343057414014319,0.02462200703515097,0.006330427612730293,0.008374718947143082,0.015412079209313494,0.03839692311867671,0.028292859589047103,0.0986649103122117
260,0.010076289734007274,0.026054118736367,0.05402257504330493,0.037633248760279674,0.048515498605264974,0.3129482018636194,0.051075884814650724,0.039799915994479886,0.04122994650096568,0.017694615896308594,0.05435688457764102,0.039799915994479886,0.021864574980239443,0.07110976376470357,0.008843990863250575,0.03405496220532044,0.020746295617155297,0.04148490652032507,0.02099987316098854,0.04768853636664807
261,0.08174907531912676,0.0643239259813022,0.009065825860361277,0.037938112973538565,0.0101276487122324,0.066672633412501,0.034008901275400065,0.07318494720374677,0.010749622770243857,0.03304273021833646,0.04652089480282162,0.07824438817671608,0.0052766188059586465,0.04623080088224396,0.00448780545214266,0.06551991529223232,0.174981241571342,0.13470809029759975,0.014591924050927088,0.008574896941226533
262,0.005634092969085416,0.023763672383291745,0.017924685301285968,0.010958681824979435,0.12616218310259927,0.12641975089770752,0.12359755171839899,0.08407074374001076,0.06578547456894251,0.03275523180437324,0.05002240668970762,0.05661521690126991,0.03391008875165971,0.05820820154850192,0.005124959018588718,0.01964131836082139,0.03721650127711748,0.006305763153016005,0.03721130845824103,0.07867216753040142
263,0.03769310499228245,0.07983801163978167,0.06997893427028247,0.02579246338121101,0.10341486322124271,0.009187703664724739,0.03240199635746948,0.013717712651775774,0.02543506015669653,0.013538588773892891,0.03397831386219735,0.0482714489980112,0.018531901248866164,0.03934750583820657,0.008176087972789523,0.031136973434720244,0.307839835881206,0.023975998645917335,0.025602202035945164,0.05214129297278072
264,0.021312331192909022,0.045525362510387246,0.05975375617280707,0.05477239986312921,0.04667886734285379,0.014781157765878508,0.03069548152363745,0.0490774923682026,0.04583475760958803,0.010811809767324085,0.05367468473483172,0.08509079716266892,0.016476235167843065,0.03942825981910525,0.2999752445507597,0.013573217176163886,0.016652644077341815,0.01804273671262018,0.026804477075228192,0.051038287406720284
265,0.34130395574606803,0.021610416386297165,0.042584283614282716,0.018083364634673745,0.02780085874113042,0.0060176132806535575,0.03428571097096305,0.03667970423594891,0.03689730688077187,0.008505886138412763,0.04131706602103707,0.04239206473283558,0.015909283117385754,0.029352920754641312,0.007740818318131121,0.14183525003626224,0.06577271988089471,0.015169007717862998,0.021987500966380417,0.04475426782536667
266,0.0013430117968979485,0.08544131890700497,0.0653557229919192,0.011785864701860172,0.13305679592644537,0.004811064080000602,0.12369069280470041,0.07686326818127441,0.019327028088910823,0.008159444790064115,0.006369163288793375,0.08010549238872168,0.013605967460549767,0.04954174468483937,0.00845625955047756,0.015618004657134662,0.022435955708552096,0.18731502902583688,0.020501362189252047,0.0662168087767646
267,0.06334549405036503,0.28497974570020496,0.016873829889453757,0.006850496243444006,0.010708487517588556,0.007199885426652178,0.02598016769513652,0.026358430342728747,0.01283483699959591,0.004822157719519683,0.010286398485877262,0.027300102823935978,0.005048342972268039,0.008881134659446384,0.003363557717593562,0.41514890622244655,0.02421817389826804,0.014682258994215061,0.010985815669379242,0.02013177697188046
268,0.005766055778651095,0.03505349386029829,0.006189752641350251,0.006630088261597344,0.041930988245985096,0.0035858537757377158,0.01087101094070423,0.03883850484345824,0.007540744477937992,0.02201993194837819,0.04305904098952713,0.45172165512279894,0.004216928587513995,0.009416173783246372,0.002012058324025786,0.0879503590569468,0.10912653415332096,0.03850237006308232,0.0070844862450204936,0.06848396890041884
269,0.027350268826577328,0.022519419848885284,0.06447691806965662,0.01677903392436596,0.07032402225211092,0.07387573652837422,0.09659079064119587,0.018314340030125966,0.019678167314548665,0.01480534289064118,0.014335975492588658,0.04479767081182769,0.001373311017255216,0.01877442714165116,0.014942539171237482,0.05527551200042169,0.14799916894798743,0.013434988792534457,0.16162555686449473,0.10272680943351949
270,0.09700286010275953,0.020653673024546442,0.007130254932805649,0.010327911396509239,0.013780524919252144,0.011712808230520481,0.021732005550987074,0.019999685812699664,0.3031169753667632,0.006709191494780029,0.008237436170003847,0.01721954971722855,0.2532456964039081,0.019468152883685873,0.04398820255027603,0.04118304378379,0.020906191942152406,0.01579948217329751,0.055595380569611365,0.012190972974422898
271,0.01715551214902886,0.10221128542845041,0.1171384490327685,0.19927755629443808,0.08098995176046046,0.005642458252250882,0.0473404920129569,0.04009325778837991,0.018524839700305724,0.01093248151707509,0.04228691118589614,0.06744037066575431,0.012354065711372037,0.027502099413254252,0.011895607775434204,0.013291084589576023,0.021284344135284173,0.03700561298054698,0.04364355777810778,0.08399006182865924
272,0.019074139124790713,0.05903817287778112,0.017896706158112948,0.04681984976539538,0.03795053503414713,0.0003882711369776432,0.0535702470880842,0.11161308958725497,0.10286345655513035,0.04174011808262001,0.04755032586547783,0.07512207218452738,0.001097630637741148,0.0683128072112681,0.09259876613522287,0.04248249502652656,0.044781531581284506,0.0950997483494012,0.007643174953011977,0.03435686264524396
273,0.038259854726774394,0.03546380020825082,0.05469989675784916,0.04693982480737818,0.04321636812306253,0.010560849002743705,0.04906048484881211,0.04413074308291628,0.057317047487742245,0.021514844877850613,0.04253794094849472,0.07049938854898162,0.29470109840250464,0.03590649585971716,0.01037350381811068,0.007278635806885432,0.0353499006877822,0.015045907473595596,0.026962294047415375,0.060181120483132365
274,0.01133505296594183,0.051233156233854875,0.33054715858254125,0.021778873550849134,0.020107688928945183,0.00600029821130947,0.01673948523656098,0.05740764093871873,0.024873787526631535,0.006896378966042079,0.05527084715009323,0.25184985263239845,0.016101606849769166,0.03284244420238228,0.009435538903768297,0.026629430173442256,0.015711010572698896,0.009772338988336127,0.018223940498692262,0.017243468887023983
275,0.007237607184328723,0.016161923429879616,0.029754688778005828,0.012712799445441757,0.12181344929179085,0.004682815150198068,0.029111988186311184,0.05860784251433205,0.024851487089849855,0.16582962319365477,0.2506796532010978,0.03188739083151998,0.007651431798374061,0.01703273975553641,0.005037108805755725,0.005611904545520167,0.004005220493864273,0.016110666852213698,0.07488618138976656,0.11633347806255871
276,0.06468084377048179,0.040595429612897645,0.07097609073715071,0.010901200365192454,0.031689905016601176,0.05011334238934854,0.06116618392897558,0.036808435180390266,0.09821028299335822,0.040284693365009554,0.050498734295027804,0.07793042650515598,0.03474961301805517,0.0756698229776842,0.04853722496230548,0.061750871728853594,0.07123297240777778,0.03180662218622202,0.015210046967407131,0.027187257592104903
277,0.016997130751636075,0.029154778263364056,0.027626172302980822,0.07278003351449881,0.025548518616406567,0.011389702276006863,0.02352404125761927,0.376344502005952,0.06066318601296755,0.019592936708143823,0.027235686253128333,0.024904983343120708,0.01083463953284519,0.04486796418513724,0.010618111325913318,0.008323514127317017,0.006240229939868905,0.13802930355860488,0.032864503987964984,0.0324600620365236
278,0.03655966464928934,0.04500842889150075,0.06228275386763654,0.04735596644267303,0.025698817679934968,0.014869138643656507,0.024976174589349084,0.33630380891757766,0.04599243980853015,0.0319226748938998,0.029143918471049173,0.028250839489287447,0.013505049176997555,0.05006383052021931,0.012840642526224216,0.012147490092654872,0.08517342387385336,0.01785624373228487,0.03801422881331717,0.04203446492006424
279,0.0549768995890929,0.021470028779672648,0.05812315126954468,0.04748597256416238,0.03562563717630569,0.3109930472558578,0.03324617844018964,0.034085927000989356,0.04049423129382434,0.011070040606193208,0.046883462540050734,0.0380489550014172,0.013646349927716428,0.05658346960771244,0.036123262457998954,0.037638057656246914,0.015230523181056915,0.010768538999042768,0.04658589170014643,0.05092037495277846
280,0.009280831498526586,0.0170181628531996,0.018589712554328022,0.012318250040081247,0.034806651583077323,0.021581097980720425,0.024353543250225627,0.07945605926763175,0.10146892273164643,0.04257997174776435,0.05433764978587097,0.034608595571581746,0.004448413562879721,0.01303437745156216,0.11872654277822421,0.04429786458304571,0.12783341099109102,0.07187165004879366,0.028466590258512444,0.14092170146123703
281,0.015653047157293154,0.06740687580394186,0.023668898900237097,0.06551519653740807,0.0335503722692348,0.010398105657160562,0.019149176895222695,0.03781307279076227,0.04832975466041995,0.02755384107408908,0.05998277414695019,0.03762931292784815,0.014417995919545457,0.03450202820901684,0.3659614375511797,0.03695318726491606,0.019533016201491154,0.016458665206721203,0.029437900536009375,0.03608534029055236
282,0.013239146418093609,0.01794957075523949,0.023551548958162066,0.01949631341900503,0.0212290119723593,0.0071970741143029425,0.03696721260349104,0.3245820250026356,0.02696302152769875,0.22044262600518175,0.016074325369316047,0.025188531294986462,0.011885671223994828,0.05322992216689432,0.008159550311543882,0.019870433197244977,0.011840566107986521,0.09839489811956097,0.01610915204944899,0.027629399382853418
283,0.10818817797141056,0.02584531200489622,0.21746700940058492,0.20010613700618718,0.01911453040140878,0.020011654494664983,0.044328311269094985,0.03076364663275939,0.020023526274269125,0.008729832781568466,0.02449177487812849,0.0553304224747948,0.006504386416842912,0.09164220739495484,0.006466201245212611,0.0525619435601802,0.026949159680271662,0.0050578067658029295,0.013672792663491065,0.022745166683475888
284,0.012169242686986983,0.0211259431263759,0.031293477903785366,0.025010275511569213,0.038115698357353504,0.006890623473995806,0.035692062003631134,0.0646183317201068,0.1260198203755675,0.0123802356890907,0.03171496090909313,0.06446337822069907,0.014310739737653783,0.04292566488886468,0.3475741253019053,0.026038138665400824,0.016476715260522124,0.01272367395420087,0.017994833950713208,0.052462058262484235
285,0.005044520243684839,0.00971700110188996,0.009945930138936935,0.026522274398528552,0.009730061459906724,0.004028681746208399,0.01123009275429586,0.11232743249074638,0.037268642829259346,0.6117962664760899,0.07054587542852449,0.006575343432368297,0.003796038519448354,0.02047967720333908,0.0033804399555793763,0.003151829688869306,0.0071765361142525465,0.02110561984498019,0.015728415541287767,0.01044932063180367
286,0.10460922642154667,0.02896997172331842,0.021763441635493454,0.014887965343439424,0.021717108763618237,0.0037560409290333207,0.03577033649867348,0.0362880040696094,0.2651979684019266,0.004938669264499298,0.11577266739498536,0.01951673652203167,0.004298942841995942,0.07333232139438016,0.18537151101079133,0.010952127382385893,0.008928775197177581,0.005320231332520231,0.012606782064625113,0.026001171807948507
287,0.0702836353898019,0.023970153198258518,0.05429814180052667,0.07554973856607725,0.0378106915961918,0.07121899635273359,0.053039151101315664,0.02759686832495924,0.041556202638820226,0.06863266401712995,0.08853885876220924,0.06190727688894395,0.004625652140635189,0.10260915998946611,0.02554566483774685,0.04986871501547078,0.052915886692936655,0.03213398510143093,0.011475018020714286,0.04642353956463125
288,0.014100581535419592,0.04546169589981044,0.05761557760688055,0.21043214548101538,0.036271683561449664,0.00871895298606712,0.08284688043909481,0.07619868061576414,0.024551320324294638,0.028536116248420007,0.03954047555060064,0.0392538607764076,0.024522781194008813,0.1732901632774058,0.010258841481338628,0.012987130242667963,0.023225070633819057,0.011286652955071945,0.022542974420380123,0.058358414770083154
289,0.02894616596824581,0.053712443332935365,0.05784879763364694,0.05013545807918179,0.0648470610812634,0.005379480377751344,0.17494820897466037,0.04844386090860652,0.05041744628554128,0.01351307828246822,0.04001861436765062,0.07187200580748455,0.037911953073205905,0.0372572290724188,0.03025166367047327,0.01677028895925216,0.024624617318627594,0.019517189402409384,0.031210730077993024,0.14237370732618362
290,0.0699623715955338,0.07689737947625402,0.013470965242720822,0.05203757159221992,0.025335614164308407,0.013467397559575376,0.07273062433283536,0.09083404937508234,0.055942276159288075,0.099846427674484,0.07780946006382256,0.027854457974665046,0.009104467599733497,0.04762979615731966,0.06938764906127742,0.05333695770172905,0.03503216883885715,0.04540094626787635,0.03817116521455415,0.02574825394786299
291,0.03641360334609359,0.014620216866807803,0.2594824636854462,0.13129373048018267,0.013870297729452795,0.02706885859990372,0.08856900370283498,0.016003839882245668,0.048815547282905575,0.005119966714771,0.013739078863438564,0.09614652991084115,0.0128114223760954,0.059921153575710706,0.012651048111494543,0.08312386283573102,0.04820599604471846,0.0072395213999188876,0.013059179073597903,0.011844679517809417
292,0.07187044768207669,0.025951403665167985,0.1668608085806216,0.03367125127488933,0.02533342209540305,0.10549082377882678,0.0362040411679096,0.03129708540152819,0.029459278307631998,0.008500162288755478,0.01936870382948777,0.0474230643501935,0.009759270779709487,0.055552199242547375,0.011565737591219432,0.12017850252076918,0.15212441639921878,0.009485887319945737,0.012333747890536125,0.027569745833561938
293,0.013871793464093037,0.02100746446305907,0.047195983029104494,0.024794565315132855,0.16761927047625916,0.012829692831395895,0.0414591575683073,0.04357111746313763,0.056495919179559075,0.012471908705350398,0.035231702938674364,0.04916282668093325,0.020444756316873314,0.03899669414463041,0.003100828007276159,0.01205390415463608,0.020091854039607292,0.011109143433110301,0.3237981152940171,0.04469330249484279
294,0.011735362962192582,0.025394253374907114,0.03606387333093209,0.02203087794012624,0.2610985224119462,0.007352952235250725,0.07084600837271211,0.038166476336012854,0.038124131050114606,0.019948921978490426,0.03194009609759798,0.03542296023525591,0.01968637363281556,0.0366321931936643,0.011148218201772064,0.025998150654457482,0.026456617298645357,0.015069602099090341,0.02184817987895203,0.2450362287150639
295,0.022664922951131428,0.07332809834764559,0.006507474572864551,0.09199565710481102,0.0824590316899349,0.0013270068826416249,0.051872815968172344,0.05780126846262498,0.025842144500482434,0.06578556713600005,0.08463337893138222,0.04370846478447737,0.0012796331399646966,0.08550039337540967,0.038957667670295834,0.02562044991428848,0.07848041437840048,0.07355773372760288,0.04855598235032138,0.0401218941115481
296,0.0364038611149066,0.04130205858414879,0.3098593650071741,0.036558620784437834,0.06261536822731516,0.006090807466640991,0.0463142064311618,0.052346023475712045,0.05189458059653654,0.016898010894478784,0.04600858852801831,0.01173216864105251,0.024218413800407707,0.04103517897087828,0.01071818380115039,0.016278834546268325,0.02838802005422321,0.031238523957714606,0.024527435514055534,0.10557174960371858
297,0.08510039974960336,0.03276132893611298,0.06482847174177749,0.07575772633176113,0.018276381073517724,0.04905803871175507,0.04123926065446056,0.03870796562162332,0.047439845998047236,0.03247306855450572,0.060463107084654265,0.057339849126784435,0.07092467623877215,0.09828433421508209,0.04157196913569615,0.03945510811146588,0.07152126146575355,0.04754063035883397,0.010963694557570042,0.01629288233222278
298,0.0676614160584535,0.035928775387101014,0.018664475015139154,0.042556899810719695,0.02958391092821683,0.02574338742585539,0.200785985271022,0.03244185778074142,0.05194649034294147,0.009259732270681005,0.026748837208956665,0.18511201000831645,0.009257853648638702,0.04598506153520563,0.03493123076612554,0.09020862883224257,0.03915519467897775,0.011941865966771931,0.022560955846825752,0.019525431217067526
299,0.10866694023167163,0.03202288404659042,0.040556732083105326,0.03327258995228121,0.036412665923689,0.0149156759839253,0.17183870679661659,0.03339534984656222,0.06332382019756388,0.007850327347745694,0.05044661799768815,0.11816156834289492,0.04223091388794565,0.10033716206855221,0.005753134577838481,0.014367075438985402,0.02089111184312144,0.026148865966273648,0.06331226698296272,0.016095590483986153
300,0.017625542835530906,0.03169338119594618,0.04316024947111371,0.03848862006202678,0.05672075271776549,0.02822695969908265,0.027439882670098923,0.0349633144832265,0.03499777744559724,0.006387773192070979,0.03478397166769346,0.037813004103256005,0.4349398061400676,0.022900716562284134,0.009840667895697297,0.03477025208721531,0.014893971488344026,0.01949598047649066,0.0354910291395771,0.03536634666691501
301,0.016464658048537716,0.028150798906261154,0.020190372544039208,0.038646096085056196,0.030065475783788084,0.010498458358372797,0.031175937712609555,0.028195075380332123,0.039023489480490274,0.013048089539714884,0.04320308148396829,0.025790586893051814,0.01703322893670751,0.03469059108526031,0.010398216044191045,0.016878936933665174,0.016293890267387128,0.015858022319307816,0.045290155864600314,0.5191048383326586
302,0.020274285615864644,0.03779456080864415,0.043755879813209435,0.03938517232709368,0.04444929023344193,0.03735936247781559,0.03832440737451142,0.03071832795148438,0.056048229604851764,0.011210688625523718,0.02352801503608326,0.045914166227131965,0.019273805058462448,0.029703497278797158,0.3923957157859155,0.03360060102607463,0.017383930783387205,0.0158683288405547,0.021794175594191414,0.04121755953696093
303,0.002575673053298094,0.04288039005368711,0.04326083546684386,0.039544855551499745,0.05107494131247967,0.018639482453877212,0.039422441987346575,0.055662101014026945,0.04496901701587456,0.012832748213342814,0.03535734734335904,0.03615813592896421,0.017925621035924485,0.03253015549329511,0.011300357509934147,0.01082256079055733,0.36924525410994824,0.035371411543669906,0.06365075764934931,0.03677591247272162
304,0.0217459957629073,0.04767019711951296,0.07443313747175069,0.03437923109195628,0.04835223550752283,0.010012894626484995,0.04203535862046038,0.07198503381419548,0.036444316355536806,0.014321470441265563,0.03958366931979972,0.054406361992268525,0.023269778286841795,0.03328083756159222,0.020439173861754537,0.014341047046514607,0.0193671454858354,0.02001385078201629,0.34079447899281856,0.03312378585896511
305,0.2990135181065459,0.03939013304385971,0.042496902682958186,0.024663350387827604,0.04785612403181807,0.1005561847735472,0.02632438898680502,0.03285202696985901,0.04528421110409722,0.01377232520022203,0.06539405709088457,0.02824924359421172,0.006409675995943461,0.042638771410853926,0.011048030394797318,0.010775776965099038,0.031150166709953894,0.020289356047745732,0.07451632554323587,0.03731943095973466
306,0.015851224484405856,0.011435220804617133,0.024726169016356447,0.03979202360604713,0.025411126311977884,0.011900293529409543,0.004798266773021965,0.04941444450007332,0.07367535255421666,0.02029970292234963,0.07642326409524632,0.025781016232738745,0.020123665519261914,0.0674925510560834,0.016960317337228126,0.011699950167177888,0.018882587162090892,0.01771725620320093,0.03178491306289135,0.4358306546616049
307,0.020435391166888098,0.048825277271174805,0.048059082848507295,0.04013849365754921,0.03433492252231923,0.012601375212062232,0.3328350832289938,0.0700666761930481,0.045364030723429226,0.010604064186975536,0.0455514212174864,0.06799613465444028,0.013590694675524049,0.016750162292271435,0.0034407651056030746,0.012000862257136216,0.021478431168264495,0.018619546721428498,0.03364230652739613,0.10366527836950196
308,0.009365595507633419,0.0325388895138137,0.02942931355884236,0.009009495613615293,0.06524961036642185,0.48217077483120074,0.03490727923233872,0.050255452169634195,0.03840330073500151,0.013840236936933703,0.03369085261152079,0.036479420850929554,0.018767869621285935,0.03585499060356683,0.006465286556457406,0.011249026502391186,0.01746026825602562,0.01077326041221628,0.01826229992113188,0.04582677619903904
309,0.04315907795689722,0.05221093439103617,0.057549918189767145,0.04207576585081559,0.04003472569722931,0.004085949635370665,0.019188240156581812,0.02379915865948253,0.031504940925208176,0.016664513652784554,0.030570133026040367,0.0077926207061704555,0.01178525490798539,0.03134259392173656,0.011206999110687246,0.48152438638588557,0.00881965530925779,0.031176067232196625,0.028874409988859484,0.026634654296007258
310,0.016133676709048597,0.00809668164662108,0.02578503256709656,0.04315461611307191,0.11644137466409865,0.01756283721748989,0.011085253357538889,0.034482420961565875,0.06509381360790566,0.018578754740425186,0.06613122393533322,0.027608458312345287,0.009713707931566364,0.07934870803746714,0.015732824538192493,0.011360728228010764,0.014293944229497028,0.013616497380325535,0.03468306344998604,0.3710963823724138
311,0.026779750670581165,0.055225979831033147,0.0993221960134801,0.29728323614482716,0.023657284078214737,0.03156458702850438,0.04393872688885314,0.04407727684638357,0.016606260142061638,0.014233572525542838,0.04514321266747895,0.03761630902236301,0.03419120399533319,0.06818197723785178,0.014009314177044258,0.0205131668348593,0.05226566120684247,0.010990338228885323,0.042997890316017695,0.021402056143842108
312,0.29814658531526655,0.028941874067881707,0.01667683068266933,0.028059894814171524,0.03691728103583628,0.005806141981903605,0.10111253185512199,0.03550444461839621,0.05374465724925018,0.01474478072231851,0.05715972428141874,0.03267245387090898,0.007090453765884702,0.0398491196158604,0.0116711772935717,0.1376336825813835,0.005923409730118766,0.028262639192183442,0.037681723355365175,0.022400593970488752
313,0.09100625759581216,0.07192565699597754,0.06212058445991869,0.051203100529608525,0.016494095297308907,0.019002433610225435,0.0527164193825739,0.031238358780920322,0.07915222672894191,0.010787816809219723,0.06616240007363582,0.04320553232853175,0.09675408277344792,0.05598275033318926,0.039088647749862176,0.05626829816572432,0.07787632783031878,0.04379859626800728,0.018875851262850893,0.01634056302392477
314,0.09787906089596039,0.03408293928521249,0.013633634452990956,0.010139347015686065,0.01217870940369861,0.014608842122763095,0.020258152590635067,0.01146262183232693,0.00802801632344906,0.005747084554284052,0.01615941464046312,0.012334573486916639,0.200675678213274,0.014219730145616538,0.004369805578365769,0.27418991957464395,0.21613651969494904,0.010658155011457475,0.01145049671450567,0.011787298462801084
315,0.09400759475647345,0.03239917681285041,0.020116118051296827,0.3046235129950428,0.024422645995031883,0.021820540574314647,0.011398256653665615,0.011966982723638738,0.013238764055533073,0.002457521743588976,0.06467549266683059,0.029325985927047594,0.004193047686820329,0.13857172758518618,0.027869798445193206,0.14160947741653016,0.024450231525416612,0.00890914955489753,0.010074948781929187,0.013869026048712096
316,0.011445234689287542,0.01983729038521759,0.017966322363470646,0.09631506828857643,0.025067914999083035,0.5617835891666347,0.020073287747170595,0.035493860729727815,0.026226331254295188,0.007509120034660598,0.024525452723794184,0.022566985598510596,0.010425872940119242,0.019199572224616285,0.03428814202417391,0.008148450698081537,0.011034547803924141,0.010336312880129692,0.01652562034338158,0.021231023105144613
317,0.010953568910230414,0.03830805009372828,0.03222918643052281,0.026453428928904288,0.02674562641620708,0.009777031211840726,0.02083257463914881,0.031579807851732054,0.03577462552624273,0.04781393010722779,0.02406435040995282,0.028272292488211156,0.003623524446972287,0.029280376217169234,0.009825863865865711,0.5150940036622961,0.04772174383448399,0.01566530034988169,0.022923616920365267,0.023061097689016746
318,0.33461131592071713,0.12313328758926807,0.018119921820583102,0.023223465241931515,0.026385144362981113,0.009861172184762288,0.01967397419584792,0.022587516810581548,0.017230192325008848,0.0066073192070093155,0.015289260509304936,0.06258749324412609,0.008116210661943112,0.018684612059687276,0.00446030254250241,0.2345149039352331,0.007731437512747671,0.016811377664576094,0.011389388488658453,0.01898170372253001
319,0.054731988149350014,0.17098483067693526,0.014175038120734201,0.009498427853635126,0.028407538493367038,0.0033714375025505968,0.01802251383029292,0.039581248752407254,0.01019432795478263,0.0638688591041368,0.06428322178831125,0.013577673105243887,0.0036883847796533053,0.01013187372825682,0.00388264357933119,0.1403265672725923,0.2174524973004793,0.11310998514366268,0.011621623689534025,0.009089319174743473
320,0.010440947035202227,0.024219367286741584,0.027595004250115032,0.03346333185206565,0.011560427918248274,0.013214676156087008,0.024327406324780605,0.03444157397967747,0.03148217465547347,0.009674129585151642,0.038447603883107945,0.017690327683304655,0.018512382011430014,0.04225418706758873,0.009507111927391223,0.42755531716895057,0.15623933581713625,0.019063964436616756,0.033147706380755974,0.017163024580174907
