site,A,C,D,E,F,G,H,I,K,L,M,N,P,Q,R,S,T,V,W,Y
225,0.3515800475099562,0.21712514870913083,0.013456520603981104,0.012489731655474269,0.015636643071455087,0.028480716262125734,0.017045000785762217,0.06050699132743561,0.024006938975255486,0.004912422524421268,0.025238496218759555,0.02353383490026777,0.01908032962931838,0.013618103639006625,0.003756664714704974,0.01011405498565067,0.03384389900296189,0.0981385489899188,0.0094643779917288,0.01797152850268478
226,0.00681819489920172,0.010616533733054264,0.020944772885466992,0.03244127357323317,0.012802202023288058,0.0028481501284544877,0.029456985311010448,0.01685331503969705,0.5478037507740674,0.00894890471768185,0.010118890961688066,0.037522367867461284,0.012341934660206678,0.02752507201647089,0.16566082600402943,0.005014864228973271,0.01347359875481906,0.00964420311876412,0.00593971989275164,0.02322443940968008
227,0.048135720815174525,0.20329244900091029,0.009819348133027539,0.0077676306580264165,0.007569262274677492,0.007728506994716936,0.012016789459578946,0.015758530314369627,0.012919722118747045,0.0027646986368926505,0.00921518863585384,0.1544473494920117,0.009145818532218613,0.008581323400943062,0.0019079094014245765,0.1818477432799497,0.24452327624546116,0.04840344303432492,0.00429107845987946,0.009864211111811468
228,0.008134005859144321,0.011740098987831148,0.04571130214729372,0.014945912817830162,0.012424309217185474,0.0034633203958703276,0.03381175428122411,0.038180984705941876,0.02305735328463469,0.005750218809305304,0.016728293413988012,0.6050094295423688,0.04633526634889273,0.04357866738648007,0.005805004760558886,0.029383704797515793,0.028370873097135582,0.005475076395664404,0.01008239516277243,0.012012028588362192
229,0.024439047571243308,0.11182603038141191,0.0015561410903613005,0.0012252561980312575,0.0010277302491364271,0.0003338318871311557,0.0019602718089396028,0.10862879691973942,0.001956874265722036,0.18656382440738195,0.24101273201650508,0.008686810609738546,0.022489254799307537,0.0019401533670995194,0.0004219655845354477,0.008958401923039103,0.21263930197229908,0.06201114884004878,0.0008120660650790109,0.0015103600432495535
230,0.011346379182803179,0.015723661589373022,0.02358192997181093,0.01700089718568724,0.02125526744872656,0.004431404134382539,0.03218127580329359,0.35287324241439155,0.03318749576580591,0.005545146542216206,0.03409177862470539,0.03031041733991236,0.010203474545288973,0.02216396936945756,0.005898794389346105,0.00697590678934818,0.031176978414779954,0.30924075286825503,0.012375560702520012,0.02043566691789569
231,0.01167215719595945,0.025158049293515464,0.02074548276308451,0.013506090934739111,0.0306634145672097,0.01639657469524549,0.02755832967221993,0.02686135345224162,0.30581778276047444,0.008628340803947107,0.020788807131466976,0.05224332014659852,0.011768490095693284,0.031980539744056034,0.31475733216606305,0.00995409047765007,0.030615871884506707,0.008803776205578939,0.012749308679082024,0.019330887330667505
232,0.034154090111302396,0.08594133821951472,0.012022905607587021,0.009368375362573832,0.01065297965726563,0.20171755538679167,0.016629555739336437,0.04117835883811965,0.0109993711680664,0.06534073824471558,0.09287010107689345,0.053373539434692016,0.003821230614075836,0.011788867310616626,0.0027147705530163675,0.1462365419939042,0.1425817173162158,0.03966409970605976,0.004650507408345483,0.014293356250907129
233,0.11197827055056231,0.12946725443574508,0.02180639490311709,0.003819947841571027,0.023149866664695953,0.0010290696758115643,0.021213287378583252,0.24225748576440573,0.012194754920670067,0.004322167366454081,0.010390574234821003,0.022290696631234543,0.006623496921713152,0.015402612174220152,0.0027203005537659785,0.05693041056131227,0.13834621956301071,0.13197641315562567,0.0057412137540210255,0.038339562948659284
234,0.11041870531216717,0.22629037119916845,0.005797273392035985,0.009449941995859655,0.023069343107757666,0.01402766800323205,0.013397883437118972,0.014530465402357636,0.018525169483519885,0.004743636214494346,0.027330176384244145,0.03170458398662938,0.0035710378478811303,0.025214986393803474,0.004482704487365484,0.23986049277251753,0.1730065126985404,0.03366826449742452,0.006404728482367032,0.014506054901515068
235,0.021319123769653062,0.06174305258776269,0.014162230611222602,0.017334546995146725,0.02654081370411052,0.01036984458538588,0.02183296915133818,0.21861550513816697,0.023513678823109493,0.054302561793896025,0.03972235411115182,0.012909389266398948,0.004921639244612667,0.026134150271780725,0.004445582854421317,0.05691471669193774,0.16778037818989308,0.1807513192470108,0.01569089649892267,0.020995246464078174
236,0.0449526366535809,0.11133479507714407,0.007634653487427738,0.006231228408126748,0.012224082738453672,0.0020411227465018285,0.010622239486411306,0.012587276059340919,0.01071849970930145,0.2817895281793454,0.1345325527795069,0.027531939873387368,0.005605884810491539,0.08761817946686173,0.0023482601596119044,0.08312198549426,0.0865474960976102,0.05543017471689782,0.005202606719904563,0.011924857335833932
237,0.1839393927201968,0.02390755708998553,0.01819433691075147,0.010051294514679836,0.026957934257980157,0.16510884745531262,0.027410414695761148,0.01880287041141199,0.013895439393100919,0.007029255352591215,0.01266755410039467,0.033845184012120874,0.011221604685443708,0.01717806199119476,0.005359969627689236,0.26281931735625613,0.1266313234247053,0.005087434113625615,0.005091048592653293,0.024801159294144795
238,0.10227644211173476,0.03560260237759871,0.04126104347708319,0.0037192242192772918,0.029016354449226043,0.15206832402395187,0.03017245030750174,0.1343191200667443,0.041632821711381135,0.02916315924795726,0.017789707069026547,0.035666440967391265,0.006105834868076334,0.09683957699329473,0.019609810201954556,0.11207635161212551,0.04769286866497951,0.035736835165166354,0.004278663953925271,0.02497236851160356
239,0.014902879253315043,0.10939138687402566,0.022673000202192803,0.025192620459946254,0.22512509153881735,0.007199296885849971,0.02259785955589346,0.11492833046585009,0.027635043805036057,0.1157854141230659,0.05131022280983829,0.023074507324732988,0.002689785148724804,0.016319754856139963,0.0069134385432521785,0.009811435749967585,0.026777849415513675,0.14524319249538906,0.01626204387976287,0.016166846612686036
240,0.012492804916165138,0.019201736532341477,0.015545923699645926,0.0384678800882111,0.014760540526944014,0.00584168445547646,0.010524320504250567,0.11709878667474277,0.07482864297911762,0.2642342679060195,0.23772641212617207,0.020769788322167953,0.03738862602142526,0.027653621895355376,0.0040476750324548545,0.00850227749663754,0.02009929429404311,0.006676819508888113,0.04099748824823322,0.023141408771707818
241,0.018639134974281855,0.11191854637453952,0.05646245357633801,0.051557038218126225,0.0762662409508032,0.0038648386664561435,0.06151575318155084,0.03949851507164704,0.023427949421824246,0.1547542771468207,0.07110719625359116,0.09378627745837449,0.0026263454791511237,0.022945057277919095,0.0070390983010833325,0.030833740884182267,0.03443435903268758,0.029697289220001644,0.016731353718126184,0.09289453479249538
242,0.04863085656838547,0.03752264412173931,0.01542174553356014,0.007844074302696456,0.06675501949553492,0.0770452916182724,0.07211350424065771,0.05253414224177985,0.05531091629370082,0.05034118922885766,0.07969652921930184,0.07449784827075481,0.019858383341898347,0.09277303887040557,0.01106736474314261,0.03865329841805212,0.09740873630354699,0.028857938984804304,0.033721017840042465,0.039946460362866185
243,0.027876937674315854,0.008749386653383519,0.03994007273825387,0.10323478652108528,0.08066614421976255,0.003133089567427891,0.0064548849362946106,0.08571162717169208,0.08967761069627503,0.017144049922483598,0.10323478652108528,0.08954966683786172,0.00721884432513345,0.05107864873354519,0.10345757032300504,0.009520744456554197,0.02055317364957894,0.04666495991122439,0.041347679658941566,0.06478533548209589
244,0.12560306417796724,0.04884536342510851,0.04328997926450526,0.007654952551028638,0.07715245340061523,0.003440263152779434,0.041495754322865244,0.11441736645894172,0.0074032725961384205,0.0506012416258337,0.08478873968202985,0.05609861420948419,0.0063301316580837924,0.0729513366740207,0.0036687971301431923,0.02796557105578899,0.046823926256541,0.1100796463117908,0.006010779232115762,0.06537874681421828
245,0.0304497401069975,0.13280822889419333,0.13606045121053356,0.08055985693569893,0.04085775877293517,0.025950310481658034,0.05220926392431463,0.08536122851177856,0.03435708373864423,0.04273417886156568,0.046268795048024156,0.04146522619552609,0.01402307426439673,0.037580627838771,0.004544044279413357,0.045750707298023156,0.0669592232765807,0.02477556041929639,0.013449141250576304,0.04383549869107258
246,0.09281835367242482,0.04121119818214298,0.008140412558414013,0.0031525299957968897,0.02427716091267084,0.10483748656779647,0.04470701669140212,0.04132935862739756,0.025356794522405825,0.024417673626808727,0.16143464681023836,0.124938622076339,0.023421545443040426,0.05768924404912739,0.014089390549756338,0.0595461822294335,0.06064158986953194,0.03683529981297827,0.013185930857631747,0.03796956294466278
247,0.11166449536048005,0.060866184355103714,0.007102053900368727,0.058458286724963414,0.025021010640041214,0.03868105438963146,0.028549266518281633,0.027943894055025804,0.0500924357375116,0.04405030478497778,0.060812403827502665,0.06720765197196475,0.10174234153144948,0.07581088300665198,0.030413012238224308,0.051841358691415006,0.077981429097365,0.03673306955318523,0.029137229500047775,0.015891634115808472
248,0.05735453542229274,0.060445631558921624,0.06537324561879805,0.027280048530798903,0.053297872877442184,0.047367812118769406,0.06266701489193591,0.06520063490045734,0.03323779838187349,0.03872740981519215,0.020390901206439313,0.06430545318803799,0.023755109443037013,0.04018057409053521,0.06544189517449628,0.05579846584278793,0.038921417613123545,0.08711385684105631,0.027767076865206606,0.06537324561879805
249,0.03608647895122354,0.07899393127580116,0.10074135595437562,0.021438085207547704,0.08514764625576988,0.008383467714993504,0.08689367663434626,0.08045227392340143,0.058279976325280515,0.017358083395723086,0.012851930064021988,0.05464820682844279,0.05214127307002781,0.032696481091801025,0.10097784685633687,0.027757662370979666,0.02072558352849654,0.013682410158598838,0.014090920559048127,0.09665270983378355
250,0.11850466842394465,0.041596787716612606,0.036003531056122445,0.019418216988825156,0.029332914800698735,0.11362211892702916,0.03586973999590229,0.04057580913782662,0.03538710416165852,0.01278977941856325,0.03168484178021837,0.08604317774117504,0.1047709426758911,0.06838256951907229,0.014460691109480403,0.08905689911025015,0.05483323970877591,0.037890948712318274,0.01241155178448431,0.017364467231150746
251,0.052951647695356076,0.12835119935693232,0.011145666018529088,0.027810599132470484,0.044730437924258765,0.014112622214446903,0.018858671174081718,0.05005650830975537,0.01282527790416266,0.03208138058283309,0.0639814152492742,0.06461438828135768,0.03759570455109665,0.12540552140557631,0.00543127890163032,0.09456792952684187,0.111096016409402,0.07358838839383312,0.008184587679654786,0.022610759288506532
252,0.019969392898392183,0.037581498423636076,0.04869909901387254,0.033025448112723836,0.07496862834187772,0.008970328426574001,0.05643470327340562,0.0575154988384133,0.25883420402166973,0.01978340444166939,0.04441428335164401,0.03885317944938976,0.03484957559120533,0.03708348732083816,0.06432773464797455,0.018285250930363473,0.04037860555053616,0.014520873783936255,0.026240653361624247,0.06526415022025368
253,0.1084899226202585,0.06676162326012391,0.02275370590349589,0.011911803257366481,0.12759220592794993,0.05426102250381678,0.04685531697406512,0.07255696805361544,0.016605999343170627,0.03763224445372362,0.0421895600624691,0.026253119394038387,0.017895221226704908,0.019671136137438715,0.006698302584895522,0.0192843783445627,0.014580619719884355,0.10472085698023705,0.050336979291398125,0.13294901396078476
254,0.01145349851093446,0.02415419684883398,0.12443816156228077,0.28537905620129966,0.05024727539183768,0.019634997003455015,0.05260953555948612,0.059902340101835816,0.09652089766822214,0.018038162440155624,0.03664181663719433,0.0484299627200663,0.016961499157007724,0.03063888324857186,0.00869554278727379,0.01652861749218935,0.032137189800078826,0.01603484072361651,0.018751835658125455,0.03280169048753457
255,0.07747524177511506,0.042343214417499456,0.12834976271895987,0.1435692894458954,0.012601996845171616,0.008512546130835052,0.01838717823450142,0.04970431124300791,0.017401477051945873,0.037019497368314794,0.05717925558157255,0.0516316859640686,0.09616255992908657,0.09802833687716894,0.011785100635148248,0.035985370017003124,0.05789842269306364,0.040363596246125795,0.005237135805975036,0.010364021019541113
256,0.021731258315146367,0.0589738419959681,0.3170189042833753,0.021282501786874977,0.04787714491339154,0.009199356547122693,0.05619448314565166,0.06762593471123533,0.03115774206953259,0.015165908080993726,0.03963907323507971,0.03398289618021025,0.06827260074629385,0.04783631427957866,0.0162485423157584,0.017912544751420675,0.02509632778165292,0.026495975762111587,0.022713185250178413,0.05557546384842324
257,0.09128776566019728,0.0796152164225904,0.020124762603187702,0.01956073434566231,0.01720962019256515,0.003471198847099224,0.03324296069543452,0.2044382370073332,0.010439129368887887,0.07276298540781877,0.06968292751948237,0.022266373404734734,0.05102894075798525,0.014068689982129802,0.003559801866589239,0.009654619484834436,0.08275685723822063,0.16492047087405887,0.008178098505378118,0.02173060981581005
258,0.02479072122181184,0.03619550924530251,0.07068236677834093,0.04040240396313489,0.027123678141325432,0.022274901599454198,0.025545082091828857,0.028424616295852665,0.03814616585086963,0.07594988108552987,0.055438477694723244,0.25974834238028754,0.006556625900231322,0.044501955542444904,0.01566942343430662,0.12520661617324239,0.03390609064617536,0.02645588847081325,0.02251526202096703,0.0204659914633575
259,0.016092988698774312,0.02714808404706264,0.024733718777539396,0.027961976933160732,0.03769065057195369,0.00900675676897287,0.020458913800620027,0.04534100452842778,0.03836871032093833,0.41685776303260463,0.0852707962565557,0.06370441777977602,0.009211199113947962,0.030270796823632373,0.007210082718686365,0.010372686666466102,0.018991784460490976,0.02002211580932031,0.035152399630605284,0.05613315326046464
260,0.010555474923493381,0.023554721652443083,0.02678477032107924,0.03998171645565207,0.051553918129716166,0.33253473314378973,0.05432807263083574,0.04228091903035855,0.043889196374443135,0.01880901759182912,0.05772402626416546,0.04228091903035855,0.023224290346347622,0.07551464523940636,0.009391736235635141,0.0182821933487757,0.022022047435102613,0.03435462534794713,0.022345269477587627,0.05058770702103349
261,0.07602304646572479,0.10432601297604831,0.008493803018796727,0.021297805087903042,0.015453729391760521,0.04135482153265714,0.02341370845218451,0.07942788880666021,0.007539058534262059,0.01738263622376178,0.036372781342043546,0.050540993066107744,0.006526835561286338,0.028745632022325805,0.0029023523073487376,0.09127305427992634,0.21794397675278468,0.13922915256138868,0.01781245006049998,0.013940261556529129
262,0.0055782974854340864,0.04922108207318143,0.013769902167958177,0.010864853386194633,0.12466971644886948,0.1249326561878952,0.12210143818070354,0.08360733929879809,0.06541162200227582,0.03220052387247323,0.04907475999947252,0.05611277093494212,0.033249370604355726,0.05752950527063705,0.005177983819409947,0.010359296537267275,0.03615022971735618,0.00659854050721412,0.036812213547847444,0.07657789795771394
263,0.01846984713216714,0.06576519039066137,0.07108905009322446,0.02572190421427465,0.10536553438281093,0.009296820154719072,0.032973669327811726,0.019271533567552773,0.028019118104300363,0.013622265778933856,0.04247036893825995,0.04854404152101218,0.018227041216422456,0.03921737507460887,0.008343694549066543,0.04754057530360351,0.3104230879796131,0.016967321671728524,0.025875476944062285,0.05279608365516628
264,0.021212542826418462,0.045344384930216676,0.059533447627458394,0.05464091929702289,0.04656580023870459,0.014709276864219072,0.030557053026979183,0.049105212335361116,0.045113728971425196,0.024421906873185066,0.05358019640353494,0.08548192863272573,0.01597225144758559,0.029075007631029586,0.2988559690558526,0.013538583117320611,0.016633343989167004,0.018004239001083496,0.026721093949315152,0.0509331137813946
265,0.3432873716321216,0.021644746300234528,0.028802795953067624,0.01811579950928403,0.027936701854768906,0.006358346723162453,0.034563819045255816,0.036656127181451476,0.0369552485193514,0.008562979355145595,0.04129612830002012,0.04233502451954917,0.01603351469997258,0.029428469346863138,0.0077632501484117995,0.1953564984906414,0.027827909912570045,0.010099760858348074,0.02211024990831182,0.044865257741468524
266,0.016861224227334652,0.05426034705990286,0.06630833609758494,0.01172529499175994,0.13501318037111568,0.0038377050276890393,0.12579654729827933,0.07815522624834403,0.019614044564111227,0.00802821122475909,0.008374820775600577,0.08187068566542713,0.013807155554939093,0.050418903147316195,0.008607657317456047,0.015907850996897614,0.022113942727304447,0.1906440916541551,0.020818277094572065,0.06783649795545092
267,0.07493591487585596,0.2594318145229332,0.011655308807231665,0.008103180488587249,0.012638568699338614,0.005315080783972538,0.029498563135184612,0.03583433325201729,0.01527701671571584,0.0058036514520677755,0.012224104476637456,0.03221326629039176,0.005662623948544274,0.01050233422578703,0.004049538838322767,0.3880290658061572,0.04107913952890652,0.010780802521748262,0.012686412245018538,0.024279279385581352
268,0.004957994073567075,0.023707619592231242,0.007781135821426933,0.008308498990839346,0.04622443356332425,0.0044920059973508125,0.016741210869466356,0.038100404848238775,0.009443226314304713,0.011271420681114457,0.026516535472551853,0.4151322634075634,0.0053054673761348484,0.011593390614198878,0.00329117008576171,0.1104182680131424,0.14272178288279821,0.040737939757074015,0.006989295440124684,0.06626593619878607
269,0.04070293842111223,0.026368468808564846,0.04905143557884443,0.009560806353586828,0.08057885536502783,0.05261328197157142,0.1021991059126252,0.013924991343668154,0.0255155611899847,0.01816788600294776,0.016538102348799738,0.054158260786732554,0.001605222359341514,0.02687991721750653,0.020937974334310768,0.06268085483548755,0.1275386742177599,0.018461334764324853,0.1563793478300524,0.09613698035775084
270,0.11987360070299719,0.02652817806580559,0.008640717211486222,0.013305120310525654,0.017031949981309986,0.012097449296155508,0.03300159538319342,0.023286639916475126,0.23282527203949943,0.008000964439212657,0.014387352224047032,0.021320019328990532,0.21425893352315278,0.02100607823250299,0.05216281995777181,0.04745392924622417,0.03645667355800994,0.014432208304942082,0.06861694193161916,0.015313556346078663
271,0.023092853181346143,0.10421799367719108,0.0746221064179135,0.20670851627859888,0.08188558201927844,0.023447189237233122,0.048528647943680114,0.04131902236112902,0.02714739565652521,0.011353723497341414,0.04414889262816249,0.06995972285755937,0.012777938938053084,0.027195980025697557,0.012367358862211833,0.013831964283026882,0.02209542185959836,0.02004635577648629,0.04533973475928586,0.08991359973968135
272,0.020991277491307355,0.047230651061974036,0.02134779468567149,0.052554886287799585,0.02095631562966168,0.0007144276616734905,0.049776086439264455,0.09268208563567526,0.10622193600226155,0.04765154546102947,0.09157514718068877,0.06959038588675397,0.0012206818342291456,0.08929202326868022,0.08250630890294662,0.042394016695575444,0.04634082184392412,0.08598570065085899,0.0070273411900403275,0.023940566189983973
273,0.03640219420784989,0.033523386977538795,0.05254895428478668,0.04466875061491077,0.041091273459113425,0.010036734353861987,0.09257148084509209,0.04195692679037691,0.05396848071273502,0.01426282065593601,0.04076879155456901,0.0672049054280401,0.28054499764388763,0.0341421663119387,0.00989804844975855,0.012322555230343372,0.036365845124401656,0.01442165767835847,0.025528913642915294,0.0577711160335856
274,0.03200336835362199,0.10238828492682854,0.18774675438802457,0.02629235211286207,0.01935893127202705,0.005727572332629791,0.015992145675862563,0.03659627245946601,0.03148613071986275,0.016041807278042,0.053111060000278106,0.24141592644194912,0.01539138625229976,0.07834562476916401,0.022862403280940677,0.040232353964202563,0.025982461929092943,0.015073859345660797,0.01760267366854766,0.016348630828637
275,0.0061515906727511935,0.013488539984109597,0.024844654119836322,0.011910354587582082,0.15614433391014063,0.003959165762655873,0.029908636770119727,0.06480378433933366,0.021688473836885245,0.19377639458633883,0.2113542059447606,0.026993688176418163,0.006484612373446042,0.014571664234564519,0.003939999536514981,0.005041655793237843,0.002906827148101721,0.025200389549143377,0.07332768550346126,0.1035033431705983
276,0.0720083777971793,0.04256435344746745,0.05166473998073494,0.016545426255496834,0.029591531712694755,0.04322461439096428,0.06061175505575226,0.0386773387703629,0.09900384083521947,0.050605523940374056,0.04606559759862538,0.0697203754208596,0.02498411330590472,0.06489733340539923,0.0699362456706885,0.07235698569495295,0.07313748435701511,0.031062374849298795,0.0124355152982547,0.030906472212754794
277,0.017263688433411403,0.029700528058800486,0.028001997263204046,0.06547727371610614,0.029231440975169536,0.011466804925295344,0.023848274264577016,0.3778223964116669,0.06116999193544897,0.01383698894049193,0.02762934075978429,0.02503107728354162,0.01070457357083291,0.045231769302669554,0.010557019199347139,0.009478932593323329,0.006271142486220776,0.1404429900623222,0.03352035384415641,0.03331341597362993
278,0.03799999195075248,0.0461916774877581,0.06458699458045124,0.048876210696013216,0.026598310668421207,0.015333007400563196,0.026000722344401404,0.3478463752434162,0.046966809213953714,0.018942187411285782,0.04122259431998725,0.027341743427681118,0.014039308586652295,0.052433216842664034,0.013337668082470324,0.013017036122145659,0.03874109804328948,0.038165637915407946,0.0388431384296451,0.0435162712330403
279,0.03200550208345939,0.05339448349391981,0.047456886070803374,0.04134498590643744,0.035910249018922355,0.3220009369168466,0.03701617034948987,0.03507232108514138,0.045649769465545297,0.011888171974748885,0.04824242435626177,0.04555111199001787,0.014102605665913549,0.047341288321076216,0.019399310149205075,0.04446168076812974,0.016936123268334054,0.011317033756327562,0.03661034450397547,0.054298600855444315
280,0.012417662339350915,0.017971929575521836,0.02100265784768788,0.012270817450933542,0.06553619549340921,0.01798554551979778,0.03147137133326713,0.09968148990890571,0.06755395299563086,0.03760024895591262,0.03843220720505808,0.03626657775584447,0.00504966593450145,0.015454827417684709,0.13372172956002232,0.04291184427922417,0.15032131987844052,0.05586279795934904,0.029212104666295695,0.10927505392316209
281,0.016582540603474822,0.04187300468830127,0.025060500405626573,0.06919788141470504,0.03569091247970407,0.009971777595762737,0.020108896347818248,0.0402089007286588,0.0510504453388859,0.026570887489450305,0.06291286636652445,0.03955489715528341,0.01230782560052141,0.036327996736708945,0.38644250694380033,0.018525062218917945,0.020845342013586347,0.0175113820548013,0.031300686948535154,0.037955686868933025
282,0.01130642082403709,0.01540900234154142,0.02015102566082675,0.01631107979769546,0.018314054877303993,0.006185454253392639,0.03140797932847083,0.2756085267031237,0.022960033481475486,0.22707068645678502,0.020760072230283835,0.023766359964437073,0.010097144878277451,0.04381053659393888,0.006864719732186729,0.010205832026210473,0.01750318143974774,0.18527488855783375,0.013713188924871245,0.02327981192756047
283,0.07665462417326502,0.026251008082702913,0.1871658999307727,0.15068411858472774,0.01988764494624672,0.024363177597139976,0.056513338598738944,0.029771038278972674,0.03227237230964311,0.024255847428754116,0.03589115777240785,0.07873067618182723,0.004906515537087548,0.07159162737140881,0.008644405674256147,0.06606487651186857,0.0650291863810947,0.006852438959683065,0.014261449440692624,0.020208596238709565
284,0.011499267509026327,0.020062808031283075,0.02950858099764253,0.023478433682294977,0.036286541255360745,0.004120426444763494,0.03363735759156669,0.17493559982199713,0.0741505773715525,0.011946106069184649,0.029933539956377986,0.060298289505324294,0.013311500909951784,0.040152480513019645,0.3281616965169523,0.013784825574233347,0.015634652904396796,0.012094180448159013,0.017050394061137383,0.04995274083577535
285,0.00411877783423827,0.008070974938669002,0.008106897539104346,0.021786313545303054,0.008088672184369233,0.003241192722497168,0.00932333843543802,0.09224962650620576,0.030319954493767256,0.5725517876899803,0.16897429535283884,0.006837130358339464,0.003150693206579822,0.016780744096425642,0.0027726553138515526,0.003064278626666061,0.004081088267385639,0.015089145408510958,0.012735304880811957,0.008657128599017646
286,0.10909986444001508,0.03905414388240548,0.015185032633549343,0.024662126248317682,0.016232313493275655,0.0028495582331526507,0.052677444997125504,0.06048578109718276,0.2566448492623308,0.006546945108673675,0.0875322472090248,0.023765250077447817,0.003234269635409133,0.05586484472146951,0.13269769244778865,0.03928689037461754,0.010310314988021459,0.014038566652673898,0.01978758835484283,0.030044276142675727
287,0.07611638640223863,0.022400212352779027,0.05707445662226299,0.0653901690805999,0.033477979023080945,0.07096427331080217,0.04775663726489046,0.02466564398060471,0.035706495058431716,0.07405898760283874,0.08434246827042902,0.05803078980415599,0.004360415515128331,0.09297895154510111,0.027266339331326682,0.05492360697698324,0.06760059476535968,0.03353422025376858,0.02861794528754943,0.04073342755166866
288,0.017483492969615537,0.04720853855711317,0.04379448440045515,0.21978355838495411,0.038002041984673704,0.0064925883584137966,0.08597333276733418,0.07867068216379909,0.014314194509744922,0.02789529889904922,0.05593137797755199,0.04084972210301658,0.025321588637333824,0.1496349969845076,0.010715945831123534,0.013500546536366648,0.024248856937008907,0.016275554956871496,0.023259597342198138,0.060643599698868345
289,0.027855789515124532,0.05374680984657544,0.0572319579948949,0.04834831050526445,0.06807691543351874,0.005272682861336401,0.1713939872744807,0.04686040339616504,0.12707208335480574,0.011222458263638404,0.03963169271215811,0.05596566480124183,0.02593860000581325,0.03564975025568307,0.012796128505934576,0.01668027660175939,0.023807340740818736,0.01946721166493397,0.030483907915678954,0.12249802835017373
290,0.05803496958210671,0.04112941608967157,0.03619301107411515,0.05093198464748325,0.022401058916837895,0.013657481500273922,0.10133050071689048,0.10347260824282317,0.05766850228522412,0.08105167339209868,0.05491888739908863,0.03573452926642761,0.010273072696887575,0.07117787665725847,0.05487692555252858,0.05603883017874894,0.04276363644437583,0.04040767291342383,0.036250044234376576,0.03168731820935908
291,0.032236949654637984,0.01708122283350057,0.19906456452941804,0.15311683031961276,0.016352015939050973,0.062364353367345235,0.0866308277706387,0.01881981594418178,0.02490173720544955,0.005552592958309341,0.016946079946263008,0.12280769791481469,0.014049474067173408,0.0620438692418602,0.020055320782937657,0.07323606868804183,0.03417206702731031,0.010082767102743665,0.014636377641041066,0.015849367065669244
292,0.05206661317038722,0.02660094356020745,0.11441403462917218,0.028352862032830353,0.027206561169579695,0.0738610844973695,0.035811224538023434,0.02239439684732336,0.045086770922725034,0.014656320277784927,0.020278332724848278,0.03832227881320178,0.010534436042958104,0.05007734006010774,0.014469888583433323,0.21536267233826803,0.15716871116330625,0.010265720731898501,0.012765411412255744,0.03030439648431908
293,0.012623586824704117,0.01917651962464538,0.04399597654810981,0.022227885476845143,0.19772201423396393,0.01001600202871197,0.03792053236333633,0.039431471651121486,0.05128508398719821,0.020504725136240944,0.032008071836676026,0.04523995419162762,0.018534089335879685,0.03518276761791563,0.011051809466627073,0.010877295542564629,0.018007625433569444,0.010039490596945453,0.2938378729647822,0.07031722513853492
294,0.01066081016677902,0.024212293401728795,0.0321841725762679,0.01999997851300693,0.23763026291349154,0.00665694319937948,0.07409211789901962,0.03609428818404646,0.03520698953312726,0.039968427067433004,0.034998610779348543,0.03226666639681696,0.018023515475295654,0.032923782562703445,0.010144912455460084,0.02334244530095321,0.024992221790557143,0.015918346353680207,0.029470342635243056,0.2612128727956616
295,0.04590399947220579,0.07646248287202696,0.02362996547891755,0.1058397255014554,0.056232914602086743,0.0017644557245440375,0.05349973680634147,0.07629990139463211,0.0349218240137835,0.06233721175235295,0.07125583496510787,0.051128296803911594,0.0020691315585958463,0.059979222936548754,0.04394036688947934,0.03942061745237094,0.07174071164516249,0.05875231746329433,0.033978245996908935,0.030843036670273414
296,0.01953158282626999,0.034811002914224023,0.2506757846839336,0.024017879413572526,0.054481204462455975,0.014375754854783993,0.038621380004636545,0.0453814327403887,0.04386335871012516,0.014062918506065888,0.036701491864805265,0.009468169773454653,0.020016593061358456,0.03455668346156549,0.008772666447119135,0.014937427802123529,0.02328218739553993,0.025183698413865988,0.019878293569471833,0.2673804890942394
297,0.0939186922373238,0.03914762062023929,0.0346794107333248,0.06477734362359813,0.017963675970754597,0.029222949784214976,0.029238896562834085,0.07194057279173881,0.04197143743244,0.043104071421096235,0.06322237526740153,0.06665516153262943,0.05303667713499955,0.09815317582346525,0.05619174287091471,0.05369502961895195,0.06997184400166966,0.04763997815718609,0.009000370171675699,0.016468974243541393
298,0.08053921728832075,0.041121347579037605,0.015358388947775171,0.0497379726466194,0.02528162447775391,0.03080615377851657,0.2030332672289736,0.022498564675944202,0.03224576818481459,0.028831608672152367,0.0237042615073152,0.1291238387331216,0.006395086468268588,0.06237517019316236,0.05868655413251981,0.08618094696861894,0.06154985492853872,0.01338632808480743,0.015483598475479735,0.013660447028259432
299,0.09846270441059708,0.029958979546510993,0.028194370343969717,0.02346807372356296,0.02548531354555604,0.010266077611117808,0.11971014862169868,0.03131876844914144,0.04348405964709538,0.007527425217199594,0.049072235046111086,0.14674253650382452,0.04670843734771903,0.15394216355988202,0.007880917445542583,0.06800332477538931,0.028215327921608017,0.028558375114249832,0.04558471778297443,0.007416043386249426
300,0.016571402574685923,0.04391160164990421,0.04143261716335877,0.03755096886495609,0.05551940797883928,0.01812720037709358,0.02678790879250887,0.03377923340061171,0.034028265388777595,0.00927728627563338,0.03359844237792154,0.03651838051561928,0.4220591146634838,0.04019759010871603,0.009562296116168155,0.023656052811171384,0.029558554813212772,0.01893747503095736,0.03452602475190002,0.03440017634448029
301,0.016201333504638607,0.050142315340580196,0.019783187981085623,0.03826086525497621,0.029353910403504324,0.010335965665472152,0.027990268545777994,0.027675071505026745,0.038452806062960455,0.012822911522534779,0.04251005560595564,0.02630532992345621,0.016730367248014258,0.03415469754087153,0.010106524252878453,0.014047792358274944,0.015989555771064687,0.01555384538691685,0.044484875377829,0.5090983207481814
302,0.02051345279749758,0.03820896129731702,0.044878208327936084,0.04054911504960858,0.04567584727108929,0.016832217794640406,0.03910848672088155,0.031181661128336993,0.05119121767418306,0.011485790168254068,0.024774068635776372,0.046418397197980216,0.01978397204769117,0.03012921632814922,0.4016327984773511,0.041135305751214296,0.01946301912034752,0.01624853608781304,0.018757972686196753,0.04203175543773562
303,0.03321086132625408,0.04570460385835342,0.04299540525929235,0.039241380524252474,0.05003689270602179,0.01841584653444448,0.03885440720264377,0.029798460291972875,0.04452402590051056,0.01258070820608801,0.03524406949370226,0.03544948657575102,0.01768908710996305,0.03246025831649358,0.011196249312094338,0.012597851362104694,0.36595733186190116,0.034930016704955845,0.06259948202865301,0.03651357542454724
304,0.02190954157382903,0.03220622332883269,0.07501889987252522,0.03452032355752599,0.04897821144184846,0.013104688371135062,0.04212780545573633,0.07219190126873073,0.03654116823817245,0.02151063414478399,0.03991068921773459,0.05516088163987773,0.023376249146812054,0.033014818961403646,0.02128975425455641,0.014389521976266837,0.019464524819938687,0.020161494479158434,0.34187420653433076,0.03324846171680089
305,0.2929732065565374,0.03797085616234844,0.027308796930015887,0.023999126150439747,0.046756987026433244,0.13613086650478956,0.02585766859039769,0.032315632528322404,0.044333398787229826,0.013379515228002754,0.06439135353207268,0.027785412131507252,0.007771508738828796,0.04176812953603997,0.010836515894851835,0.01001609776954926,0.01676665662173351,0.028976364158248398,0.07446530951681554,0.03619659763583587
306,0.015028876393159137,0.0400072352846463,0.02704538789794093,0.037978523653261716,0.02410868630185577,0.011318909216557862,0.022806557672689676,0.046588283564638656,0.07011720804416822,0.01919356778368571,0.07298797928775663,0.02451757320430735,0.01910771801646917,0.06383516004975182,0.016126667692589636,0.011082498875875492,0.01789168428435501,0.01675013308448638,0.030236670849411174,0.4132706788423934
307,0.021212164457561883,0.05068687824451381,0.05493980077749849,0.04182815075911776,0.035835284888464915,0.01318045630393763,0.34732791794997603,0.07399873132649101,0.04717648406971073,0.011774506267362162,0.047493865494796235,0.08213652698178749,0.012835269841770533,0.018811344871637443,0.0052537681055338506,0.012484372782148203,0.022423932038174714,0.019465029170476426,0.03543465754357546,0.04570085812546523
308,0.008912895005985967,0.03150101287533631,0.028535470998186645,0.01843834899052641,0.06568081304485746,0.46662043547944587,0.03375327818295956,0.04753174945501432,0.037114688278194946,0.0133586207061221,0.03238645653561747,0.0353987652241971,0.01821621173450383,0.03470331861395523,0.008827576319956267,0.010893772266248306,0.016910957767440216,0.02064319350745732,0.026166494919634697,0.04440594009436
309,0.041364221713879754,0.0698436766336065,0.05507137923144383,0.04024222118699043,0.03831052468274353,0.0199400584154089,0.018409264453787003,0.017571599253960176,0.030075359566980747,0.015955328017613967,0.029360204305099606,0.008987283728667854,0.011301372917144455,0.030048945125499667,0.015858279813517354,0.46124534171018783,0.013334700580879847,0.029918377823997214,0.027593434996570458,0.025568425842020844
310,0.014783123329115959,0.03587149067334609,0.02031244249920309,0.03959344484469093,0.16369085796560875,0.015987429224141203,0.01866633276111535,0.03158865384573761,0.05977829675163785,0.016808713393540706,0.0610476548034886,0.020190202722284535,0.008938936589839661,0.073521896979625,0.014433455577293938,0.008288565507642686,0.012917119525962535,0.012520380234992343,0.03160682140230585,0.33945418136842737
311,0.03866477247004188,0.08943118188014633,0.10687324931761975,0.2840274791042018,0.023045828521999146,0.01896291989285163,0.041938175338762755,0.049195002203235874,0.015630114165448322,0.016345521407116797,0.04372444752790136,0.041080284948502875,0.02056976631257412,0.0641416223775177,0.013298147242834858,0.022619120668024056,0.03287345134397051,0.014785485657815836,0.041350545717403105,0.02144288390203124
312,0.2863192717144348,0.027681835034450226,0.017480233013140046,0.027020306903450312,0.03538300801831613,0.006469035163275938,0.10132415802787226,0.0341523186161891,0.05170727374278064,0.014089225124065987,0.05478943448879278,0.031615126292155744,0.006302029707729697,0.03845644127460267,0.0112013397021275,0.1713328628899728,0.010818556248888707,0.016032422568751516,0.03626475671292572,0.021560364756077505
313,0.0775964515654948,0.0640587132950454,0.03762834475757562,0.048138073076863595,0.012951615220119195,0.011670424732903615,0.05830231468743298,0.04304738629647206,0.13294317537940525,0.025231316107836587,0.037219791155994796,0.03658128514874741,0.08426197782847551,0.04947369465506481,0.0678467160413982,0.04973373059811089,0.054007879914303614,0.07644996393691282,0.020932549106815704,0.011924596495027154
314,0.0612114520775706,0.039012710892975234,0.01589120243850268,0.011915447353146872,0.013207401052986241,0.016153823164977096,0.0197007638321212,0.014610422147141025,0.010342884304745602,0.0051267296068656775,0.018369013599844046,0.015840680536317084,0.1475816125761521,0.013710827960355677,0.005071142927849637,0.30132190423960004,0.2548838039657305,0.008780516282552714,0.01339518776785685,0.013872473272709074
315,0.1314063569341605,0.05599769353295678,0.016487694330208698,0.14869302484103877,0.01874038624679037,0.02119869467749284,0.010038986665096405,0.013147205622581891,0.026911161032561137,0.0035481146640056103,0.06643090717968743,0.04050193551437687,0.004092667388265841,0.15423677890043053,0.019334695649739553,0.1994205263198525,0.03239970422421559,0.00932265624482891,0.01118674301442426,0.01690406701728547
316,0.012635448194169055,0.020931477989738316,0.01904648633997746,0.043340525623149585,0.02660513523271843,0.5967722015703019,0.021297839106031564,0.037920087171287,0.027699138648072393,0.007985202296830266,0.02604395125997743,0.023936618665564357,0.011075600369845293,0.02045997069751943,0.014826619959343682,0.008665101533423859,0.011725973655850095,0.028897121544859565,0.017577749821767383,0.02255775031957294
317,0.013695703714553713,0.03833165952901593,0.03222559875274909,0.026449418140330656,0.026752461238423824,0.009774239290354567,0.020834692571369898,0.03158732705957393,0.035772095662345856,0.030580170918167306,0.02407656720094814,0.028300849429632416,0.009729508074290854,0.029320632564010178,0.009827534117017799,0.5152716412774393,0.055770057086795374,0.015668746518856094,0.022950432030452207,0.02308066482367298
318,0.3873499593787459,0.07675138909407472,0.020989610593401882,0.021616378291618516,0.03047012591770328,0.011114190033295985,0.022812939746823867,0.026155197475197896,0.019788269541147405,0.00767453670368808,0.01775416056457324,0.040002956781636456,0.008987942616218778,0.021591620735662672,0.005152590023623834,0.19826053443564826,0.02384901070100677,0.02443647947083588,0.013259430617776749,0.021982677277319732
319,0.0761458718385706,0.12131440605769885,0.022225426465264805,0.015335185796425224,0.018274878418400486,0.005427080184760377,0.02075157919082442,0.03589545653923245,0.016371736600613928,0.025729364850492195,0.053520417981977486,0.022100446413719124,0.009985009371293855,0.01628875960298432,0.006410537837455807,0.22724964817587334,0.18417700187414843,0.07941953156533008,0.018425001909580446,0.024952659325353857
320,0.00995557970536156,0.023024573533315728,0.02607131925172224,0.03176144320154798,0.011006073651055381,0.01252340056676583,0.023063161610825448,0.03266280316821321,0.029987914160312823,0.00919561385122074,0.03655846279866141,0.016825024150394156,0.021449957625346346,0.040212453416812,0.009009351602629558,0.4061111884957613,0.19413702188713597,0.018079819795257593,0.031417498892465236,0.01694733863519561
