site,A,C,D,E,F,G,H,I,K,L,M,N,P,Q,R,S,T,V,W,Y
225,0.3351961569282074,0.21944677348822075,0.012845443779916142,0.012922781455071896,0.014897717676166227,0.026677740922461567,0.016259533083851516,0.0736897906177061,0.02300604294225229,0.004944241984992681,0.028765361440783482,0.02248367192919372,0.024678285084807336,0.012973163181927302,0.003585460366540564,0.00896068192589621,0.035766105471978525,0.09674013459275067,0.009007740604849566,0.017153172522426027
226,0.006863583534759775,0.010692309994404875,0.02108785767533934,0.03479107072080504,0.012887562252291243,0.0028673163941040987,0.029678771890600652,0.016969638218769262,0.5518011060240612,0.01156000970666129,0.01018711262985659,0.03418541170260315,0.01243011406027325,0.02243518417576293,0.15988486128941462,0.005051051145207647,0.014797393442690383,0.012462246070492277,0.005982016277686704,0.023385382794215714
227,0.048618791894816764,0.22657516544485226,0.009372707348182054,0.007402166838066827,0.00722261200367693,0.006403819277451678,0.011569074815304005,0.015208786979599752,0.012334362574052947,0.0026346517240057638,0.008786284442393903,0.15466506905967228,0.008701376191157595,0.008203171667254384,0.001768845744909854,0.17347550583531937,0.2256444473637654,0.05792166629262449,0.0040883218660684745,0.009403172636825231
228,0.008285309744600853,0.011970316547059887,0.03826348278945419,0.01523334693272476,0.012663648598748807,0.0035306015317296546,0.034501643045982695,0.035173234283747204,0.025331061267115578,0.005858258652054006,0.017038411170062263,0.6167054204172783,0.04724543383044905,0.04448685946874802,0.005924036906604188,0.01671916107566442,0.032957679435592066,0.00557560130254017,0.010278795579199045,0.012257697420644802
229,0.02367156646836231,0.10843862977004365,0.0014526947245572669,0.0011444655545889356,0.0010070124794482598,0.00031623301903228136,0.0018308201798053697,0.10134476568931335,0.0018275455389150097,0.19038635692271058,0.24537604720041847,0.007088490113604265,0.023068744517968382,0.0018115493269357814,0.00041376739201503973,0.008700275733622868,0.21956726105017366,0.06038333316710135,0.0007582007005075283,0.0014122404508757063
230,0.011251159715705792,0.015510468732206113,0.023384405386691693,0.016842695099091018,0.02100396182676036,0.004382807244557508,0.03198528598000983,0.34931091016879984,0.03291303447388206,0.005502556798859508,0.04445970287533672,0.02995791495932595,0.01011458997231676,0.02194768248566233,0.005782810201806563,0.0069159696737060355,0.04079432278856466,0.2954328200109642,0.012277672749716681,0.020229228856036327
231,0.011255172189457222,0.02443250972078909,0.019189339009989623,0.014538904886485663,0.02826802652680409,0.021554602377545237,0.02556634505789826,0.026704345842055614,0.28221849362018064,0.007973616553028171,0.019148681713120796,0.061224859366063124,0.010848565419664927,0.02963956099137062,0.33164231018913554,0.010742773066750824,0.03734795157006555,0.008110396825196708,0.01176232453329249,0.017831220541105784
232,0.03303001792292949,0.10554969050110914,0.01172698289343327,0.00916343438872353,0.010505172768108036,0.19261110106770005,0.01560822041252284,0.03743842128917407,0.010837209235202476,0.05439661322753875,0.09368150600589069,0.06172008855136971,0.0037530980501896097,0.012037993824643023,0.003213126625846065,0.14312569847450987,0.13742036040393865,0.0455760340667451,0.004557210555331763,0.014048019735093835
233,0.09499120339577237,0.12042631421671139,0.02316354820610649,0.004016165435108097,0.02448627676991862,0.0011255754101155621,0.02232699049705945,0.26414349942649484,0.012860528502251889,0.004888244448871321,0.009962978927179796,0.02343912472664771,0.006998116360914229,0.016026887642982716,0.0028473598411619095,0.04376617196432916,0.13983805913768088,0.13906317742198873,0.0060341537767634595,0.039595623891941344
234,0.10458248261133396,0.22451335292294713,0.005778973761691157,0.009357284489813732,0.025130096569489904,0.015493865140979201,0.013349927442491007,0.014399035852081193,0.01842821016973616,0.004700928088772919,0.02585688299244693,0.03484295702768896,0.0028298102745302786,0.025102666985730975,0.004461984688173208,0.23842245140083165,0.18005085846646018,0.03251003871113171,0.006349701996341032,0.01383849040732873
235,0.027604355571514083,0.05869666199976564,0.01406968971026132,0.01733808939520797,0.02651096873951719,0.012578504099543851,0.02047624437127118,0.20657005664826755,0.02346006137790839,0.05705294274775633,0.040087316663571446,0.013616553209987359,0.005103205786332768,0.025898197856617747,0.0044572686407255285,0.06570089681910686,0.16753232317406294,0.17544902867573417,0.016267222742010576,0.021530411770837227
236,0.036781519917065825,0.11133741481890974,0.00750729965933531,0.0061439023940968495,0.011017628818635751,0.002015149830110336,0.010350242327873382,0.016884609527013327,0.009873390976419502,0.32288347719630245,0.1263545206689165,0.02000459619706259,0.005201646813193261,0.0746768234728896,0.002303706573695896,0.06942146242355829,0.08524249890141798,0.06523619115515335,0.005108656369586313,0.011655261958763721
237,0.1779186333662719,0.026391168904766463,0.018191048648151815,0.01007277018322902,0.02692773780105323,0.1532328035599828,0.027536091162203347,0.01882516736565382,0.013874394153211013,0.007058896270645339,0.012702973459440029,0.03947541637152178,0.011199326084336996,0.017260221119001894,0.004636423108812741,0.26272262565031895,0.1370207256858377,0.00508980903531619,0.005086068016941405,0.024777700053303583
238,0.11203133076872707,0.0356990694940112,0.04137714974842033,0.0038042344837227143,0.026388654594978817,0.15698305807916368,0.02815639004708817,0.10894453067060417,0.03590646502355095,0.026055916156166977,0.022273232882565552,0.03586486967569729,0.007788535880931904,0.09827661450938513,0.017289566102541242,0.11799085825256476,0.055111394882399994,0.038060494901438126,0.004295293172918792,0.027702340673123067
239,0.014559117614649739,0.10887408002611883,0.02119686872338121,0.023283623218603385,0.23024798249051373,0.006693961249923054,0.022570031565575636,0.1215699325230068,0.025421341469482845,0.10737563152210572,0.04212943087414231,0.025209282710547527,0.003138284869610269,0.015945931209084652,0.008582984412336967,0.010541573786785751,0.029229168116050915,0.15147225849543133,0.01534270186170688,0.016615813260942497
240,0.013653340655208504,0.02115576297073934,0.01697540710096924,0.04201669657558715,0.014565795665505905,0.006357427787183047,0.011443759131286172,0.1015944951924982,0.0805900189738353,0.2874735652249154,0.20384520459541,0.022575672929767254,0.03501421207930937,0.030257983905450887,0.004576972641609354,0.00926223255564102,0.021942200836759254,0.00696463925672887,0.04445769965623813,0.025276912265357554
241,0.022095644423716032,0.11304271381812646,0.05533326998313156,0.04026406373195381,0.07584736446667696,0.0041318952440299464,0.058531712941443194,0.04321122581498227,0.02307766533690915,0.15195562422207923,0.07585037018623801,0.08019211154957433,0.001863181365042442,0.024819216083172627,0.006458039739606601,0.03037646116826107,0.04428446310031119,0.0355224431499868,0.01888478454217549,0.09425774913258284
242,0.04826210285700063,0.04108125085552961,0.014986322319215192,0.0066953579669317516,0.06721295379464551,0.07531309569869087,0.0627303944705323,0.05247532245929879,0.05891647811711987,0.0639860415144367,0.09063574754348004,0.0617799664805771,0.01938054489769964,0.08103193927213975,0.013464127796003715,0.03390108510305528,0.09968727693447695,0.025527828307858564,0.03962704115344545,0.04330512245786224
243,0.027745425225347037,0.010543313430157688,0.039794340024876564,0.10281607533509714,0.08037579837147901,0.0031197160268482144,0.006520557175636747,0.08538161302232221,0.08934851855354799,0.019054088450721703,0.10281607533509714,0.08919428151625619,0.0074478490963465595,0.05083484846259136,0.10303871863603616,0.009178255710730533,0.020454667352125894,0.04656910136477535,0.04118556280001607,0.06458119410999046
244,0.11821355341879809,0.05812656058256339,0.047135742195819924,0.008439822905223176,0.08703048190712637,0.003587470731388275,0.0455699562908754,0.10818741906702534,0.008041078841842613,0.05157449139123497,0.09282510123704901,0.06115272395975772,0.006957458963883512,0.07193517606105505,0.0036667103247144356,0.022525851730849436,0.04082790344687954,0.08698084645714899,0.006536672018439945,0.07068497846832479
245,0.030958103601945477,0.13773418702116633,0.14105953082874959,0.08840120982107634,0.0422449966902668,0.023574081474475816,0.05293613359178653,0.08793050287329124,0.03547920187291936,0.04067476851703147,0.03833002745796977,0.04800225014933676,0.014509046691151427,0.03879393071342349,0.0047119972461992935,0.042782466834855364,0.056282286027213003,0.027264757614702737,0.014007122238811572,0.034323398733627664
246,0.08473844342253983,0.044560344257317364,0.011135334783082847,0.002956859415545998,0.02505860803035918,0.09834480122824694,0.05335680591366825,0.03889119176204347,0.02485441920472217,0.02619998402184609,0.15287567224275445,0.1287437170489852,0.025783001574967823,0.06319514589411811,0.015692433641648004,0.05253475427221932,0.0608033718792095,0.037755774912739536,0.015369556463651146,0.03714978003033476
247,0.10794788458330223,0.05882606099115754,0.006804411297909224,0.05697284805984048,0.024732718605849562,0.043611438382326305,0.030755806969619003,0.03112103768116341,0.04843397656748811,0.048164027761931065,0.05991862600138489,0.07010138151875084,0.09921949465882644,0.07201046316274845,0.029361013219768656,0.050407689252041345,0.07697699068388275,0.03847267899513434,0.028564608265435724,0.017596843341439752
248,0.050496779922162116,0.0609552725646503,0.06701199082689585,0.027941954920015832,0.05469242436031226,0.04782185511026027,0.06426534827396929,0.05956447614698527,0.031754322830401804,0.03787526873733573,0.022011459220501035,0.06589424442378058,0.026772976656285474,0.039258523905007725,0.06708334625094534,0.05236901487172075,0.03768211002995415,0.08956155982834064,0.02997508029357975,0.06701199082689585
249,0.036116145407707405,0.0790725827148653,0.1009689757843356,0.021483240365215536,0.08535775166315625,0.005204689052930101,0.08707818720720684,0.0807340292020342,0.05572463627916374,0.01736922603451493,0.013040996728099594,0.05469951382451849,0.052236927108261826,0.03274716163061211,0.10121437238346427,0.03311948235828092,0.02077632669823959,0.013720477475958082,0.012487096599160615,0.09684818148227453
250,0.11555277456433004,0.045538840537880515,0.04049636319242484,0.016987966946036125,0.029480684410547523,0.11320897972929685,0.03488206213805013,0.043109678816807634,0.034474543799749895,0.010295928324130574,0.03379915385728106,0.08123461932973632,0.10292122756886164,0.07024632302290827,0.018687596991508727,0.08863933726699456,0.05599134292249591,0.03477096512011091,0.012237360204568011,0.01744425125628049
251,0.05479635404447771,0.11169695395908781,0.011160103008510685,0.03245463509716688,0.04932151773240593,0.013810050393181734,0.019233497903744498,0.058083058415232265,0.013934625183502322,0.03373215308940195,0.0684478250410752,0.06324274595744613,0.03826850298634598,0.1184025438714823,0.0060206190705864955,0.08457944921763749,0.1126054512636961,0.07363801443949346,0.009605695887009387,0.026966203438515645
252,0.02006199171520354,0.0377365631308682,0.04874818491735638,0.017595480868898908,0.07427898358476696,0.008762944807048445,0.05656071255751178,0.057291642355640236,0.25956258986650976,0.019872854756145735,0.044647779818584254,0.03049206822483133,0.03509788832715776,0.04064221423338835,0.07895105758830466,0.01660357323051507,0.0472066291734742,0.014554090110604821,0.02626465298344738,0.06506809774974227
253,0.09931379955514119,0.0687691764352639,0.02330029707174742,0.01178943837933838,0.11940293295571197,0.049618515133759034,0.06518216638628237,0.07597054731790358,0.01624400539800345,0.037628671936027515,0.04749391989565759,0.026374743665876704,0.019431029414285567,0.0193928372450506,0.006165215006042754,0.021331123532665298,0.01528891588041966,0.09865633713471705,0.0475995109307229,0.131046816725383
254,0.010475895405977787,0.02489084414378588,0.12420048613005365,0.293163969402772,0.051777535405151696,0.011048818593944618,0.05405702722365221,0.06200325199649251,0.0870702456723418,0.018542516800342138,0.03802972042148495,0.0500871781371344,0.017388095229501552,0.029635282536189283,0.008911644941442521,0.01568706946035751,0.03105537495204351,0.019065724446838465,0.019246064689308878,0.03366325441118464
255,0.07852879791944531,0.03846851717532662,0.13078324297669766,0.14665310703109358,0.012879524274992138,0.012010552688043989,0.01925791480129346,0.05048452266554238,0.024316168585253345,0.039424894180753116,0.05586440470380973,0.05614638418043385,0.08132879195611452,0.09227391877600157,0.009443431943558768,0.040807947993811815,0.05552949058061674,0.04032435332331477,0.005369643418956956,0.010104390824939751
256,0.016346273353537437,0.059824542915380474,0.3219809000297198,0.022383184540124144,0.0486470168231247,0.006258475760085212,0.05590432687561867,0.06875784250694987,0.03163541633121767,0.015401304825608477,0.04025885290479721,0.030051670209470468,0.06935010004619525,0.04858070338778317,0.01651019219505845,0.01819877251120206,0.025480660829380775,0.023170944218933263,0.02306195322519158,0.0581968665106213
257,0.10148189604407355,0.07692318398053898,0.017053907491240913,0.02600981230647606,0.016278157096857353,0.0039695531518784384,0.029849576079085446,0.2075010543212985,0.009596195997214887,0.06555143237475743,0.06618613188797322,0.020242714908392658,0.053890060963355496,0.013719836572986895,0.0032655971422001933,0.01110365398852363,0.09916355452637783,0.15082851383307208,0.007749980168482743,0.019635187165213605
258,0.028698431076616255,0.036793541632339916,0.08379876190336094,0.04661865329146558,0.028074394321736317,0.027218611721298806,0.023086191150897616,0.0238390363848794,0.039949578089147765,0.07860649257700737,0.053627333947441895,0.2270130980962578,0.0060610657741192835,0.050180251145262665,0.01587341399699168,0.11848970746885899,0.03835859806623542,0.029440531829119886,0.019983166305123912,0.024289141221838492
259,0.015210255689168567,0.027287144204366644,0.02338458281511942,0.026452160910747258,0.04290908344629132,0.008522271534742006,0.02070884070823521,0.047966673350056804,0.0362878545169485,0.39409947817566043,0.1085168980694534,0.05590440439970026,0.005103685215243714,0.02860615601150007,0.006862251127674697,0.009805833174887662,0.017945028769530105,0.024538947066883057,0.03327664525365544,0.06661180556013553
260,0.010482405409221303,0.020818333570513936,0.035463735900574334,0.03959335501596438,0.05101797391627885,0.3289828570989412,0.05377527417271799,0.04183488382965214,0.043439856856413016,0.018624501292368794,0.05712060653999241,0.04183488382965214,0.022975282299366583,0.07460064214369429,0.009285579618777956,0.019673370085335314,0.021784287018073795,0.03657292776063883,0.022128890856931704,0.049990352784890925
261,0.07782614193681635,0.09340857048363393,0.008629117331231315,0.024820314387389162,0.015329021370728129,0.047627491417621064,0.02612215172964788,0.07768966593995232,0.00834137283056831,0.020952894466831126,0.03732730844587475,0.056446653281448426,0.005779156488450686,0.033169574441705645,0.003298512257051441,0.08479221556297463,0.20856128469910493,0.13928068345097377,0.019198345960044758,0.01139952351795144
262,0.005578631175322373,0.043142061726406056,0.017105849116357524,0.010848239977212328,0.12464466554308369,0.12490514546760328,0.12206155405426232,0.08360572143169172,0.06551201278615533,0.03228936478195651,0.049143142156245746,0.055952356801705794,0.033338094624235384,0.057617623554909035,0.005236965157215014,0.012210040276618784,0.0362791624709642,0.006694900738353791,0.03684004319025944,0.0769944249694417
263,0.021391612326903408,0.06914301115967446,0.07158286691629316,0.02614609336204633,0.10669928335807433,0.009405733211823591,0.03325319634789798,0.011537226027042775,0.029333678578858487,0.01379907930062292,0.039476960105282885,0.04920009563739469,0.01683454491632404,0.03987537076864762,0.008309047486598928,0.04120882577363966,0.31422655590481813,0.01890579461611953,0.026221248085498593,0.05344977611643852
264,0.0214131186982762,0.04571920680033848,0.05999598270164557,0.05506183495705074,0.04694155065263747,0.014844056580387066,0.030851749312064886,0.049434139895264434,0.045607363921395055,0.019483845415915742,0.053957494443905955,0.08588965584602481,0.01646148403052778,0.026099708075294003,0.30143793119823553,0.013643876806501804,0.01675466613090903,0.01813833273012448,0.026937227396185495,0.05132677440731535
265,0.34496909208125287,0.021770641447207573,0.031036571996681073,0.018221514547021245,0.028078823456078057,0.006538664041010767,0.03471526064156403,0.03689021956143921,0.037171731215316285,0.008603031528217493,0.04155584048386107,0.042612805672911376,0.016104596055932455,0.029593803365334088,0.007806478836809847,0.17959695262203582,0.03744899800634919,0.009946330673370814,0.02221938813299887,0.045119255634607926
266,0.012498457300748169,0.05959568987494396,0.06627126257558547,0.011262628527962249,0.13512514510081183,0.004458656653363439,0.12585002728310343,0.07817765420033083,0.019612727517607727,0.008085849080188596,0.007927699257260412,0.08158236390344978,0.013822174858794957,0.05040770569638292,0.008599222348035347,0.015879550719937744,0.021992342822710568,0.1904386690292026,0.02082766704183454,0.06758450620774542
267,0.07295293521711062,0.25169566931595877,0.012953827198550217,0.007648792166852988,0.012314953414057535,0.006161531736848609,0.028943767543567422,0.03818816906041672,0.014845315184137316,0.005631378083007854,0.011903988015596006,0.031269875778920556,0.0055796429747202335,0.010228633713749555,0.003935287802623761,0.4017447333361995,0.035879260886886304,0.012123996800982327,0.012413783947928662,0.023584457821884914
268,0.005145106358372404,0.02326772246210342,0.0073621268260327275,0.007863604774427659,0.04812575260399266,0.0024844556459341647,0.014083465271764161,0.03518032818690903,0.008919152401820675,0.014267699612544834,0.029204765469424927,0.4259416739266668,0.005009239247224202,0.010991002121497409,0.003556486781150675,0.10426396552335078,0.13750093794815885,0.041496414937721056,0.007081519456891693,0.06825458044401188
269,0.03692146506114439,0.025644037173859203,0.055367755598738515,0.011838790080689304,0.07914846838287094,0.05776635234862062,0.09652363496022948,0.015183460469268684,0.024964856454275444,0.018141427538334514,0.016030597772184713,0.05310788540270523,0.0015615324713553842,0.024504596929941752,0.018947775740650867,0.06229955120372186,0.13007826014622378,0.017566657722278337,0.1585920863122026,0.09581080823070443
270,0.11298644456878171,0.029915126367047004,0.008148732906584919,0.012584606125043696,0.016359002403381968,0.012572201976014752,0.0329937049521052,0.02228557764033176,0.2503728705775879,0.007802259633733377,0.011992786407318124,0.02037180239959428,0.21988780929116378,0.020486598437497824,0.04955986577221435,0.04787028460916864,0.03273048169880213,0.01196501322771512,0.064715818487174,0.01439901251873949
271,0.02251020904461339,0.10590872570772886,0.08129586267930598,0.20825541420708338,0.08368117046288982,0.01331623246869504,0.04918661112303743,0.041813393911440545,0.01933801173996928,0.01143647190387103,0.044285096801690314,0.0704972293409943,0.012898133385143964,0.02781275514448173,0.012440970706016269,0.013898021817964379,0.022243941342961034,0.024462868337288928,0.04553570844543083,0.08918317142939347
272,0.020318068129235933,0.04934832611923896,0.01899799752186202,0.05067376780320471,0.025422503853690936,0.0005194020501084144,0.05169514131162395,0.09887771704917236,0.10259555479108055,0.04583168859844005,0.077998770442176,0.0717535548595297,0.0011796081007659903,0.08837101844889024,0.08580535175867034,0.04248510656150001,0.046579415555284075,0.08822328756164909,0.007415452118536916,0.025908267365339754
273,0.032244733785198494,0.033481419559519006,0.0522593973696121,0.04461814648660709,0.041061218076428374,0.01003171156353746,0.0966243602166147,0.04192608571344381,0.05417464120526209,0.015660641181262303,0.04059044261071759,0.06708769127460641,0.28019190769346564,0.03411681008528235,0.00987498701445789,0.006925399238564209,0.04180224020831685,0.014290591731974745,0.025560433106788336,0.057477141878340514
274,0.025196754733091964,0.08500570506889442,0.2353546602583202,0.02441440989987015,0.019442232646029557,0.005747952602497331,0.01596718484820632,0.04243139340478521,0.023843756363005342,0.013806682721159702,0.05347956180820818,0.24208277915441814,0.015452758914562097,0.06682711503896839,0.022509508903069148,0.03274499242348227,0.028086537595841593,0.013557316468512546,0.01763932093457004,0.0164093762125074
275,0.006493506899177746,0.014306383168143972,0.026338533566107162,0.012921749732254064,0.14934771268941538,0.0041847763272464785,0.026235661547610936,0.05734577132230386,0.020939197591773373,0.19016555981937297,0.2235672096789427,0.028524886569880784,0.0068499441510507944,0.01535385174727324,0.004442157594940885,0.00512980548893191,0.003210361085768663,0.025109514272540618,0.0729509345804515,0.10658248216681289
276,0.07400494986873361,0.04105627469032871,0.05421939699486126,0.013306535308109537,0.03230660570503924,0.04603715574647721,0.061192081664536324,0.03254123255813772,0.09961588918839383,0.048065964463697354,0.04958201271718329,0.07100988254520467,0.027733608938612778,0.06054076084085295,0.0686485432834482,0.07060095172754877,0.07451477323314047,0.03387938721201773,0.012459694701903985,0.02868429861177239
277,0.017035440670966778,0.029227889438836866,0.02764399043641415,0.06638460128292638,0.02541591474339258,0.011354678690421017,0.02355916024067278,0.37455684709723647,0.060549852325376574,0.015224125688850223,0.027155859501606927,0.024792697394784038,0.010684997092075656,0.04471997024238671,0.010510154981198354,0.008372940827862609,0.006211633358484382,0.1508997983002547,0.03298888093802076,0.032710566748232
278,0.03720497162956714,0.045257596915413416,0.06343616985965973,0.048326368481883375,0.02614799859782874,0.015092315427541372,0.02545634703117687,0.3419514631344689,0.04623231601904588,0.02114999542720396,0.03986567423604752,0.027265796550203125,0.013834844481972421,0.05173213454326067,0.013107115759482375,0.013237773070579542,0.05019285630847053,0.0394359971249321,0.03835150543201887,0.042720759969243495
279,0.04172015018802017,0.058101279871972604,0.044389471296390794,0.04509523402323797,0.0347863144080029,0.31236667111390704,0.03417676599395037,0.034113682692077575,0.040762026296087495,0.011574794779620057,0.04700135573917421,0.04017224019159213,0.013667349757122915,0.04890527603747349,0.02269739293298489,0.0500181269669251,0.016897837196753834,0.011013394571536448,0.039216700504292386,0.05332393543887761
280,0.011818398832287568,0.01792615202847615,0.02009678305704092,0.012574894920926878,0.04921763879184496,0.019178644991059323,0.030814614500211304,0.09351537600658534,0.0832685626856239,0.036933882225374144,0.045796876185725456,0.035781472306906426,0.004836853615599633,0.014054697189065163,0.12858448369356487,0.0419042091595486,0.14152742190592152,0.06172698743146276,0.029961373925863007,0.12048067654691207
281,0.016364461328157692,0.04766974666778964,0.024737625735587188,0.06834887986880482,0.03517588263263535,0.010031875636383254,0.012868669298714906,0.039628658242139965,0.050411863073561665,0.03213963221315875,0.06230776871852876,0.03911739395620115,0.013757066230229051,0.03593682144138021,0.3817548556888004,0.02357622357259025,0.020532960631563273,0.01725733782203649,0.030851873651563444,0.03753040359017388
282,0.011838102096533028,0.016112997143912948,0.021088510382968485,0.017167017005567383,0.018856074862517204,0.006466212664134256,0.03292891698433152,0.2889928137818825,0.02405789869687873,0.23070605573203007,0.01931004738463913,0.02257963232931838,0.010586032133663643,0.04630251990822042,0.007217552058595575,0.012646236711621968,0.02034924526324332,0.15396774200994084,0.01436956229289782,0.024456830557102783
283,0.08687502651412203,0.023461149448572933,0.1901188533442031,0.1649511732689067,0.02088347372412025,0.02034886182468786,0.05113600780446668,0.029986841244342515,0.025303015308601202,0.023429209891586044,0.03825512247161599,0.07550774189353208,0.005368669869092596,0.07449841647243474,0.007231003777314546,0.06530093359274936,0.055818826222900304,0.005431588657076633,0.0157248181514703,0.020369266518204164
284,0.011461378551327034,0.019955719550466135,0.02943960214346787,0.023456741427406922,0.036096099938268726,0.004570343938782274,0.03356493245688743,0.15544064484997175,0.09248338187232295,0.011807720181695078,0.029850740221386795,0.060369679707632,0.013354806228872465,0.040171399301745715,0.32716678513195546,0.016699766590594675,0.015466330524689728,0.012022716544865185,0.016972984554802596,0.04964822628285929
285,0.004340472115980736,0.00845268524274001,0.008550570427941138,0.022911056984003947,0.008470351448948492,0.0034352887012557426,0.009765769604193553,0.09701697378054314,0.032004754403436315,0.5827101413497199,0.14736235608519047,0.007855377585625553,0.003323981767147462,0.017664140334207445,0.002917125007103978,0.0027259055633533803,0.004608613237934975,0.0133425111914525,0.013466471106717073,0.009075454062504148
286,0.10453808136801322,0.03635120395585923,0.01682354896949831,0.02318690268205506,0.01829149958467293,0.0032096325347876313,0.050462874067611165,0.055186892158122634,0.2546923518143951,0.004503263785551027,0.09649722429100693,0.023209733933866314,0.0034013548672965355,0.059088862697359336,0.14600661949057725,0.032785706983842165,0.010348808013349874,0.012654784671635291,0.017908517148574898,0.030852136981925116
287,0.07614412195327876,0.021149279418304617,0.05813651949903385,0.06958755131289261,0.03729128309508089,0.0728642402950981,0.047249341461637014,0.02371533694336102,0.03834133986625184,0.07251278199599409,0.07526287838799393,0.05941528246869645,0.004459089058936997,0.09326460061877732,0.027680794257906035,0.057589793833551395,0.06171038519906991,0.03369766288163865,0.02472976524706721,0.045197952205429305
288,0.018955005627014493,0.047444399237708275,0.05505740390998132,0.221092351887984,0.0382611151171536,0.005724546946956093,0.08661255561971798,0.07899741433723635,0.01663292898593754,0.031166037599275064,0.04016954607850529,0.0410645676606892,0.02546744859122524,0.1474335383366798,0.010755931521025846,0.013570750458651346,0.02436126751981608,0.012778148283481972,0.023375087606810254,0.06107995467415023
289,0.028418122198790984,0.054454561536919195,0.058316202394855715,0.049372445190041185,0.06617760963779855,0.005368505234429215,0.17431483444071708,0.047776495569792764,0.11220933014815554,0.011902872645013605,0.04019413772150696,0.061820081248962676,0.03157368998873469,0.03305176820728462,0.0182012968083204,0.016963621363386527,0.024216205966819265,0.019746608278949206,0.031029068026403955,0.11489254339311784
290,0.05957022078450782,0.05078778990009073,0.026414548220691392,0.05887031791757517,0.01985979408669796,0.013133458493601598,0.0958847101932133,0.09986115272807437,0.05838040660652835,0.08392803465665437,0.06025593273320439,0.03351138679763086,0.010453535690320433,0.06201289901725766,0.05820679378407776,0.05419518186221455,0.03954873800381092,0.041093290580504975,0.04092478205304675,0.03310702589029666
291,0.033115235315453996,0.0161144392647874,0.22462927552711123,0.14471949064009862,0.015360562209093931,0.05555196247255657,0.0923245338646686,0.017712752466461704,0.02722259961170763,0.0053735110627168075,0.015014534664444515,0.10975690393209696,0.014356934895356449,0.06316595932425273,0.017391042191004086,0.07311696218924477,0.03654703402969727,0.010557897917694571,0.014120133853021558,0.013848234568530675
292,0.05523456232223339,0.026524890233753488,0.1294623193459158,0.028630830458620655,0.02665872280539834,0.08454191578479547,0.03356444429997961,0.030240774991222824,0.04054759276516761,0.012976743826372414,0.020559285123893142,0.03883375761758806,0.010253758404613617,0.053119441968305446,0.013134414102888734,0.1863024627525217,0.15609825749988812,0.010090227231836406,0.012673464823778048,0.030552133641227098
293,0.013063550820971779,0.01984186700272534,0.04581532397073928,0.02291988828918612,0.18178696579021558,0.012255269009495163,0.03934121073760704,0.04068579247566418,0.052863490678165516,0.019117183261864523,0.033076967367332615,0.04673378968866982,0.019074862986489596,0.036295901728659596,0.0035939308912121258,0.011223394339591903,0.018622888881522737,0.010346788411358337,0.30343595362008086,0.06990498004844785
294,0.010802961622859588,0.023306433867668747,0.032891524768124715,0.020262013308940965,0.2406969406647919,0.006759274576845424,0.07602981183206452,0.03520742424821053,0.03545190891468647,0.037481782161418814,0.0374810006104831,0.03267426103322268,0.018208681324574625,0.033439048935183575,0.010265038065850869,0.023566308061594734,0.0255441470353059,0.012792701944575083,0.02332022091973429,0.26381851610386337
295,0.0434542856078421,0.07602666287557487,0.018480017276001584,0.10171657816788802,0.061385281835384164,0.0018562103869078242,0.05282178273385285,0.07343187604184848,0.031724500769349656,0.06343316743232898,0.07989397011718086,0.045954855289263186,0.0021333218722976647,0.06240865888777786,0.042602823790567144,0.033491023853860734,0.07405287993551658,0.0650703545323937,0.036779216932179816,0.03328253166198394
296,0.02376020924791362,0.03625466568116734,0.2659056622959591,0.027879275603531928,0.05717511270249801,0.012090845947976187,0.04058698706051417,0.046910858302033516,0.045624712470817515,0.014757391712390216,0.03920781003008089,0.010044928142264875,0.02114155378577001,0.03629060676104004,0.009278447302923487,0.016407480468669227,0.02449288793691419,0.0238821248798107,0.020993381294360913,0.22731505837336416
297,0.09565388393020607,0.04000599921318812,0.04463060470390857,0.06697114099113642,0.017722513584848474,0.03081773889151644,0.032357853827956355,0.06197008074146765,0.04266123132693072,0.04256059829448491,0.06390968137288693,0.05801490783093818,0.056519394713747846,0.09813806527791175,0.05169325834618027,0.04863484708968569,0.0700226736022337,0.05194286315475641,0.009416585201138644,0.016356077904876826
298,0.07684395780082325,0.041856523762866936,0.01027263961500508,0.043214131682015794,0.027061848519410178,0.025589125834081083,0.21251856083119847,0.024774569744143462,0.03852604687821746,0.024594427180987432,0.024465461065750076,0.14199468000602586,0.007054577426235401,0.05903163835272299,0.054573192863454835,0.08702533389077698,0.055431511876327784,0.013090399076408384,0.01708611427763822,0.014995259315910425
299,0.1019517189961201,0.03017348683215379,0.03199536431299477,0.026702851563362235,0.029001503647079752,0.011734255519950694,0.1364723694373319,0.030085659660778485,0.04961395589184819,0.007307410584573589,0.052869582462994114,0.14019360940087092,0.04736428909257009,0.13178201775305248,0.0074561349941821555,0.05366783694886801,0.026554877676277955,0.023581887433787724,0.05177974250199038,0.009711445289212682
300,0.01678827709024282,0.04116853269971891,0.04178629151444382,0.0376624070294659,0.055625687690821914,0.020791716524001178,0.026866765275192755,0.03399752217753748,0.034178588447755225,0.006249757573766101,0.03381127656292946,0.03675614204809661,0.42413823940879253,0.035298918164992976,0.009603849474683812,0.030567871900542148,0.026464842797274988,0.01902541764936098,0.03467062551018426,0.03454727046019614
301,0.01665146626132354,0.026885722866276524,0.020398875325512923,0.03939774565649715,0.030330346590093756,0.010672113400966498,0.02218916214705331,0.028558535981201328,0.039692291380361004,0.013230066282517777,0.044052791125572095,0.026598554211348862,0.017231361586197775,0.03513039814612261,0.010473985307510494,0.013852714646687594,0.0165056069001325,0.016094841480196888,0.046160770395256456,0.5258926503091709
302,0.020165507891088872,0.037605202888918936,0.04376004157859431,0.03954528088056251,0.04454352143192756,0.02242417724198545,0.038281202590890594,0.03058505848042377,0.06675803857218011,0.0112432513533806,0.02435281747027877,0.045695561849356386,0.01935381601159741,0.02960911796855778,0.3931265404844198,0.038553500223397374,0.018015322763314866,0.015906911035026176,0.01925974633584032,0.04121538294825833
303,0.04160996135778462,0.04323361649799626,0.04237630564197272,0.038641730720068886,0.04933722595168249,0.018154438149074522,0.03833049741254868,0.0359762508986253,0.043900249847186164,0.012423081764685118,0.03470515247250988,0.03504238315697192,0.017438579059862052,0.031953564401194706,0.011024604562919085,0.013309576982234818,0.3603645358198458,0.034453993690828695,0.06177698930658399,0.03594726230542427
304,0.02214339025581957,0.03530617083975459,0.07575895066341189,0.03494569388939582,0.049371282731830606,0.012024146204027605,0.042692246894520336,0.07297498436855014,0.03700273286694667,0.015070917480503066,0.04029673669273987,0.05557485258716225,0.023659236057807228,0.03358616464941066,0.01529052806456626,0.014569286369380785,0.019691399967294007,0.020355520639545904,0.3460697088238069,0.03361604995352588
305,0.29552891579593266,0.03847911331485731,0.029836427593509338,0.024242847587368655,0.047174980944445055,0.12152224810106815,0.026097298864681845,0.03256919353263662,0.04446118691157325,0.013535638285267724,0.0647979853217418,0.027986482552778056,0.006331907953297519,0.04216264794678373,0.010926864131684325,0.010438094175586448,0.02270255226873503,0.02984251687588212,0.0747466028140242,0.036616495028146255
306,0.015052984298764166,0.0307334709198884,0.026523403494861934,0.03811817598665412,0.02416836016675561,0.011357509650121883,0.02926387786303473,0.046699997369768396,0.0705021481063466,0.019259606343003454,0.07335426640993255,0.024641562492824995,0.01912923513326444,0.06414947653903812,0.01619706304563844,0.011116770355479992,0.017975580657090446,0.01679752914089566,0.03030678275766833,0.41465219926896774
307,0.020662325633434866,0.04939638724285018,0.056102390992382484,0.04077038650276034,0.03494213878649315,0.012853419513562322,0.33861433915171063,0.07225083993412942,0.04595877190694166,0.011842936869493406,0.04628852143340801,0.08725550402548467,0.013058864411724247,0.019844987090457167,0.003514495428817436,0.012164709291755607,0.02186701773248687,0.01898077489207009,0.03460549815370271,0.05902569100633478
308,0.008952497363337822,0.031494005920982476,0.02851561457342544,0.023533966748592663,0.06716059528648066,0.4666164523268977,0.03377508622466031,0.04784533133665047,0.03711402794141882,0.013386429947688525,0.03252332293775903,0.03535487496838865,0.01818987578986955,0.03468385520382669,0.00965753480484076,0.010894790666423924,0.016909895007206553,0.015925885607750188,0.02308777044162931,0.044378186902170415
309,0.04314411259130883,0.04969384851708436,0.05755195067650098,0.042110106946863374,0.04003613960104415,0.00619812373641697,0.019192082908457475,0.019630475687621166,0.03148671532180894,0.016670917817240474,0.030581253585461796,0.007795709229194145,0.01179287686943724,0.031344085500600846,0.011965622892894908,0.4816246698352488,0.012475598212188027,0.03120116965987459,0.028862540338984943,0.02664200007176798
310,0.01495519719514597,0.03999953476600802,0.021504502052241765,0.040066778571529786,0.14819455051821684,0.016227016384734144,0.018022009013878498,0.03195653068958306,0.060403329788851774,0.017105536303801846,0.06153733117205534,0.02186742936865345,0.009023885023603144,0.0740391087409724,0.014588953260885482,0.008992634259279177,0.013151330985621755,0.012647373799158724,0.03205141463864992,0.34366555346712896
311,0.04209616151318262,0.07442011380961618,0.08715058399709463,0.29235353612197623,0.02328037186185959,0.01776638437329538,0.04318216632721342,0.053795892281708335,0.017672893815140738,0.01699657017363092,0.04472779055334367,0.043571790525577046,0.024501758077526036,0.06618421734212854,0.013728087267439978,0.02586510041564834,0.03780014868912773,0.011449350202866153,0.042427907164357605,0.02102917548726681
312,0.28670008540530656,0.027805948171367365,0.017202579783504035,0.027050100279842604,0.03545731183825664,0.0060356258795945875,0.10777195220036995,0.03424021916097768,0.051764584839086386,0.014143027995645983,0.05486510965405928,0.03160224128548522,0.006447471077669284,0.03843775288840525,0.011216539168756139,0.16363035327710504,0.0060972175140856935,0.021683257578981555,0.03626602569618515,0.021582596305315643
313,0.08137136984474748,0.07194000939590295,0.044499489707159334,0.046281129042650866,0.013560576559443724,0.014360433211072254,0.05853978346412613,0.036584275573649606,0.12857645530502898,0.019300514249447124,0.04491676862771487,0.03697523835127596,0.08615197484208172,0.04644158709412715,0.060457785779116764,0.05013606892728529,0.05803252926570641,0.06719413771535365,0.02110714130544299,0.013572731738666792
314,0.07503999572304089,0.03950913235359325,0.015038075487316687,0.011282831153842808,0.012745164533347833,0.013994087439291557,0.019901059725499225,0.013931329285337553,0.009692625217339467,0.005216562086550778,0.02397570697010047,0.013869371705814782,0.1549331988718771,0.01363621226425152,0.005131583377345681,0.2955910260210073,0.24132475754000515,0.009368939155603518,0.012682881406933277,0.013135459681901107
315,0.11566854803453001,0.04690072325701361,0.017646082063072718,0.19423983828998845,0.019809163146106635,0.024099610787652187,0.009979232254919921,0.01311306745644959,0.02384595121329657,0.0037234433065585063,0.0699827374450107,0.03714605807685447,0.004191616330357305,0.15326095820772567,0.017115243934208116,0.18329849654758937,0.03097270187985071,0.008978019903561589,0.01111090259305931,0.014917605272194484
316,0.012673034170352903,0.02064833317586585,0.01877192625294774,0.05646062522943305,0.02621101132360311,0.587789036945961,0.02098899582552667,0.037265235385372714,0.027314984768047734,0.007864372836402862,0.025664028297304752,0.023575617613835562,0.010908763088235183,0.02013536503015599,0.01970070382850842,0.008532849680666083,0.011550358071998388,0.02443675764953392,0.017305865625338323,0.022202135200909818
317,0.011973664147387283,0.038429066727778224,0.032330789642560004,0.026561174820027404,0.02685068203437549,0.00982051424827315,0.02088505695679756,0.031703365906390335,0.0358875590197184,0.036209053012957494,0.024150429466690992,0.028352636530085813,0.0055554554058455585,0.029280269598920414,0.009866447390339464,0.5166772155594784,0.053683210810162175,0.015717977099242702,0.02294733296303657,0.023118098659932515
318,0.3797861852910763,0.09384727595731122,0.02058621067180287,0.021677529120268196,0.029878295942150135,0.009778648904295287,0.022348058187514022,0.025628467844607292,0.019421704299508322,0.007522663958946098,0.01740927220758767,0.04518346867525392,0.008894514218805086,0.021171997649895847,0.005052245824732561,0.19917291331689804,0.017943636825774982,0.020140971221373143,0.012995937763505461,0.021560002118693494
319,0.07201728272334122,0.14106334505657056,0.020406480179639943,0.013961499685970253,0.019086675438441506,0.0049710592789843746,0.01966231823155001,0.0370006440797207,0.014913582523625644,0.03592751916016498,0.0519804498174567,0.020212580788685517,0.009686422581346766,0.014933523283561774,0.005853434562502005,0.20790097173876476,0.18997724103789856,0.08589739005622482,0.01767183117191665,0.016875748603633292
320,0.01002545744379355,0.02317380234165359,0.026289853202421238,0.03193171277457457,0.011089315019212622,0.012607277571513411,0.023243700006245205,0.03293742787839901,0.03021673583980365,0.009257958290360935,0.036775362947901256,0.01693441092360407,0.02542067697000196,0.04040852545323073,0.009073313295357412,0.40880194745885934,0.18464194619971708,0.018191509925926965,0.031612317005284045,0.017366749452139413
