site,A,C,D,E,F,G,H,I,K,L,M,N,P,Q,R,S,T,V,W,Y
564,0.07650699335699584,0.05034051649233208,0.05058849933219578,0.051740419620594925,0.011362122844664294,0.022358132842111626,0.07214948006361827,0.024089845790448323,0.07934336346021188,0.06308495104735284,0.06158599918702095,0.08797405628671227,0.005243607233678744,0.09178464860455374,0.08356166590165945,0.06560442829366499,0.032527004498088194,0.03427941431047989,0.012440472466495857,0.0234343783671201
565,0.005491081269980603,0.007878507909102604,0.009794901724830265,0.012080378793957328,0.010161066275291208,0.0032454748998691327,0.009136420936606382,0.009707447245144281,0.009707447245144281,0.7649685208405893,0.06922365068358467,0.009213848232679317,0.0310525666358941,0.00815581654404965,0.004586013366375051,0.0037490830739867567,0.006837950260730562,0.0038148564612496823,0.007936015266103354,0.013258952334831214
566,0.6537181719047536,0.04953900858724558,0.01426122974481312,0.00998464121670404,0.03764964652630664,0.004337516880910903,0.02091647029239258,0.040923528832941994,0.01426122974481312,0.0067715191594076695,0.016513002862415194,0.024134388798914514,0.0067715191594076695,0.013256917790953041,0.00503337520405169,0.014513469185276226,0.004987948986101988,0.02277781851744077,0.017759267229389922,0.021889329375759672
567,0.03525727266424713,0.03207350556747563,0.02571470598873863,0.11876133950062187,0.017114562111880092,0.00047217680169085713,0.04339356635599644,0.05282695034643045,0.0680223472607512,0.08991830168565898,0.1264201530987999,0.06792036473112487,0.0013525897965102679,0.08073221647627246,0.09607133760676424,0.022729587857868147,0.03311614274536571,0.03642369421329286,0.022750140953179343,0.028929044237330954
568,0.4880652016364767,0.014399210962128942,0.013155709991282231,0.018091316337033803,0.01720881310108093,0.019318969679416882,0.019069225328224814,0.030676579875839924,0.02204879178575994,0.006594031188264656,0.02351871123814394,0.018091316337033803,0.008819516714303977,0.019069225328224814,0.006414193974039257,0.18397042450023107,0.026972485665319887,0.02167862374486089,0.017639033428607953,0.02519861918372565
569,0.0019587961420475322,0.006166591514568031,0.006536587005442114,0.009905923439307041,0.013617889594671069,0.00120329236720884,0.010894311675736857,0.5096938625320707,0.013617889594671069,0.043707074675720964,0.09017149947735216,0.01257035962585022,0.0035915313216714913,0.014855879557822983,0.002746465128337023,0.003937703015326575,0.011762166058432399,0.2250865630087972,0.004357724670294743,0.013617889594671069
570,0.00854517276922281,0.01788524533093146,0.024808566104195254,0.013259750848794015,0.014241954615371352,0.004026521200157346,0.01788524533093146,0.5085032488555603,0.021362931923057025,0.007630247799441552,0.1456905898594646,0.023733538518619573,0.009987864275714974,0.024808566104195254,0.0037152925083577437,0.010679322345953379,0.10696174916499634,0.01217242309594559,0.009859814733718629,0.014241954615371352
571,0.0068534008628866935,0.006592598689128255,0.00879013158550434,0.0473830220166819,0.008570378295866732,0.014326707331461628,0.21454124440340952,0.010231144183604867,0.23158632942317484,0.024070481079406916,0.019350778906974193,0.07717323244446272,0.003608580335101782,0.04627750942095124,0.1649068317554645,0.010234411955244127,0.046289446520775365,0.0029437426525150898,0.0288564246858387,0.027413603451546774
572,0.002051536953720303,0.003596748946399415,0.003884962496814368,0.00340368630958141,0.16321738216470735,0.0008557839864090403,0.0024123129796010125,0.00936013735134888,0.005546748060058595,0.525591034567463,0.141538472362995,0.004404770518281825,0.00234003433783722,0.01925241884862502,0.0015281856900161439,0.0014128509209583213,0.0022352566809191363,0.0015764441854903377,0.0022023852591409134,0.10358884737963252
573,0.10574693359075643,0.04960459833324532,0.016747731311680676,0.01143747504212339,0.015896151753459625,0.0043825838946454105,0.013398185049344542,0.006326944137748218,0.012077533787546186,0.0034736035313115486,0.00901800916782806,0.017052235517347598,0.01425744836701929,0.013209478217663632,0.0039026392063422825,0.018398750030244434,0.656685395920119,0.0046893647672705905,0.0069472070626230955,0.016747731311680676
574,0.007963376067720688,0.013693972826915805,0.03206089974104935,0.015191671267651771,0.011542155274649834,0.0040469616081859235,0.08894587169381399,0.019361933968575787,0.013526830580785822,0.004962103680388769,0.017953793316315733,0.022164002418701385,0.009315647475446841,0.013526830580785822,0.00624973817973016,0.004614292674754043,0.008093923216371847,0.0061332834310395355,0.010394301393656475,0.6902584106034605
575,0.004174798855907535,0.00818588010962262,0.013915996186358451,0.010170645978196153,0.010182436233920818,0.003092443596968545,0.18031644108076725,0.007590543374377337,0.010269490254314024,0.022814523451235472,0.2201836655917997,0.0074549979569777415,0.004851543693888015,0.29017935715961907,0.0029995661641557293,0.0037274989784888708,0.0058799983886021635,0.007233433562079161,0.17549349923161991,0.011283240151101446
576,0.014119768213596345,0.026610332402546958,0.07890119252157263,0.02882786010275921,0.02096571643837033,0.013809428073281218,0.015529954642063994,0.02385753939538693,0.030081245324618304,0.008437422469100255,0.024709594373793605,0.48005970595977115,0.014413930051379602,0.017296716061655525,0.008870110800848987,0.13442358616510988,0.01106885332393724,0.011159171652680983,0.018699152499087053,0.018158719528439827
577,0.019018776958828264,0.024962144758462097,0.02102075348081019,0.023662656287625837,0.0295847641581773,0.011250544116489958,0.024962144758462097,0.02662628774235957,0.5530833866254045,0.009077143548531669,0.0285281654382424,0.024328785687629886,0.01775085849490638,0.03314796538034989,0.046795254034574005,0.01228905588108903,0.020090919547229462,0.01228905588108903,0.03803755391765653,0.023493783302081978
578,0.005306161952059524,0.016490306573710565,0.023867548988265288,0.03191647914193734,0.018509527786817984,0.025771217699174117,0.015911699325510197,0.05846745972516254,0.019716670903349588,0.029382811952537363,0.009188030780259912,0.027483844289517605,0.008097918406732865,0.018895142949043358,0.006923411156901382,0.006620196069737819,0.012956669450772585,0.631195636433964,0.013144447268899725,0.020154819145646246
579,0.1560551424429659,0.13966234116262222,0.019533559118778562,0.011472090276108042,0.012906101560621547,0.005666292987954839,0.019533559118778562,0.017627846034019675,0.014749830354996057,0.009689138370942414,0.007735671208745787,0.01853183813832838,0.0073749151774980285,0.016807946218483878,0.0051995804848547255,0.005828561995119409,0.009636555831930758,0.5029398295026837,0.009148628954364642,0.009900571060202831
580,0.04969804319236226,0.025180341884130212,0.014263338284079215,0.003915653424156527,0.014263338284079215,0.07374109782883263,0.009806045070304461,0.011621979342583065,0.21705551947356025,0.10222788371762266,0.0751976612632003,0.01953350424857697,0.005318532919487166,0.18680507255356046,0.0861802977558934,0.06155194682787388,0.013728284994798973,0.0061528125931322114,0.01120690865177653,0.012551737689989712
581,0.08088487211477549,0.012009544198696376,0.020908574571748655,0.01070415895970764,0.012625418260167984,0.0035423835406226713,0.02344720534031197,0.07631701226288973,0.015387228504579731,0.15553731206433372,0.08243477539409685,0.012625418260167984,0.006004772099348188,0.021408317919415273,0.004734531847562994,0.005471014579406127,0.08243477539409685,0.34148652979796634,0.009654731610716692,0.0223814232793887
582,0.009512481428382548,0.017360278606798146,0.020423857184468413,0.013888222885438518,0.027803669732737776,0.007014253982544707,0.11807983061770168,0.031754645555665435,0.016936857177364047,0.4822229630078936,0.023945211871445722,0.016533598673141095,0.08872150678977565,0.02314703814239753,0.01097731695743588,0.005738935076627487,0.040201675211502266,0.010683248373414245,0.013354060466767806,0.02170034825849769
583,0.01110229326905215,0.019867261639356478,0.0222045865381043,0.01841355956818405,0.0167767987176788,0.07717242772645536,0.06863235839050419,0.04010736458586527,0.06552308418383643,0.006564834280830836,0.017975141483227288,0.01935784467424477,0.008296219146104901,0.026032963527432625,0.5244878544621394,0.006840635194585716,0.00937244118140994,0.01034186222322666,0.014518383505683578,0.01641208570207709
584,0.011918046939011792,0.028878344506067043,0.031284873214905966,0.03003347828630972,0.03754184785788715,0.014722293277602801,0.01597525440761155,0.046927309822358945,0.03575414081703539,0.027008641069868278,0.026815605612776544,0.028878344506067043,0.5210979612932757,0.03271872700167708,0.009504265280477759,0.016337627780907776,0.014564692124883965,0.010881695031271637,0.03412895259807923,0.025027898571924768
585,0.1888331362205608,0.13156270875630452,0.005793620547570357,0.0071802219952429224,0.17736996767550367,0.05070537387435687,0.01917513164059499,0.013011696470403745,0.008526513619350971,0.007286550023426097,0.03252924117600936,0.011862975470401348,0.0037376498057428913,0.0075791232172008624,0.0071718012041595445,0.04494885772207305,0.03416233908145902,0.028373376177308514,0.006345312460912349,0.21384440286141804
586,0.046156371064292954,0.026944716264993,0.07858222697865776,0.05355614723196869,0.07423544277089907,0.044091619793073675,0.02011541029921136,0.0813362242533329,0.026400461344877,0.11650175131626582,0.04222140807594885,0.0643373837347792,0.03579798018063356,0.03147737723942088,0.014264849787349234,0.0677801868777774,0.05196480993962936,0.07202912611684319,0.03142058275419449,0.02078592397585174
587,0.03497136765093061,0.027638770583491117,0.02425683256722579,0.23999844695113912,0.016494646145713537,0.2858956559623017,0.040446981341694326,0.022909230757935467,0.01586023667857071,0.0037487832149348944,0.016494646145713537,0.03251620068646015,0.00896448160093127,0.13819385291745556,0.03222337835969305,0.012283898037107164,0.014053612161097177,0.0055313142130827666,0.008773747949847626,0.018743916074674474
588,0.012901285539422961,0.03934892089524004,0.02186051160846669,0.008391774092774059,0.02384783084560002,0.5461030962520774,0.03026840068864618,0.029147348811288915,0.04141991673183162,0.006784296706075869,0.027137186824303477,0.027137186824303477,0.02186051160846669,0.035771746268400025,0.034805612480315475,0.010089466896215394,0.017488409286773348,0.02886575523500905,0.016060784038873482,0.02070995836591581
589,0.022426810537725505,0.008741482073559952,0.009042912489889603,0.0027177632129899132,0.009042912489889603,0.047402122272919824,0.06846973217199528,0.15897967755881764,0.1804593111611852,0.07520529014453625,0.05658858007774922,0.017754846934598875,0.003914096450847739,0.009522267045167654,0.21953041632896098,0.012717642561027266,0.01723243314457847,0.0666263163058262,0.006724216979661499,0.006901170058073645
590,0.024256698964086415,0.4958646487448119,0.02057374376864882,0.02057374376864882,0.008968042155564867,0.004926107662915914,0.009992961259057995,0.030818273847423264,0.012446327691311241,0.0034975364406702987,0.011282375615065477,0.01665493543176333,0.003305562348260659,0.015897892912137723,0.004020156828356665,0.004288799568753097,0.24265400481441132,0.05247956933798551,0.008968042155564867,0.008530576684561702
591,0.007048143100011901,0.024367939129431256,0.03533351173767531,0.04156883733844154,0.01723585938423186,0.014049966392705638,0.01909919553387855,0.0933961491756817,0.032121374306977556,0.03252814237961344,0.024367939129431256,0.02617297165753727,0.008412740889922693,0.05435924882719279,0.007517768454824534,0.009680414174705564,0.011041722418023533,0.49028688164240813,0.025238222669768082,0.02617297165753727
592,0.05424920187605048,0.02164863850752697,0.02806304991716459,0.031570931156810166,0.06350152200599984,0.008709222388085563,0.02047844183144443,0.00980434642899179,0.08876285689985518,0.019872890291593913,0.5262686909425854,0.0189425586940861,0.011142681584756528,0.019428265327267793,0.006847567965888978,0.008810492415854,0.008133588674410006,0.016480629199495878,0.012842412673956678,0.02444201121817561
593,0.008336854850729498,0.017785290348222932,0.5573533919695778,0.022168227849329092,0.014551601194000579,0.05678751335599559,0.017398653601522433,0.0200084516417508,0.021061528043948206,0.004940358430061926,0.017398653601522433,0.08645919257632535,0.0070205093479827375,0.02052148886333415,0.005676156494113702,0.005557903233819666,0.008336854850729498,0.04057292883304121,0.016333429911633304,0.05173101100235923
594,0.008470796790160951,0.014246340056179783,0.021615136636962427,0.02611829010299627,0.013059145051498135,0.011608128934665009,0.021615136636962427,0.4349475878580288,0.03687288014540649,0.0059387490787269435,0.019867689067028318,0.022387105802568228,0.008036396954768082,0.013929754721598011,0.006888340246944073,0.005913575117659532,0.006938324944381585,0.28043137807842583,0.020220611692642273,0.020894632082397013
595,0.009833058812046611,0.02123940703402068,0.02654925879252585,0.017128554059694098,0.012779561760480984,0.01061970351701034,0.020422506763481424,0.3676657530371785,0.02123940703402068,0.04783352540002818,0.0208606187652169,0.027160977508687175,0.009654275924554855,0.01609045987425809,0.006174246230819964,0.011023802695163759,0.13568526593958252,0.14060427870636236,0.04424876465420975,0.03318657349065731
596,0.009997782852662333,0.024731357582901563,0.021358899730687716,0.021358899730687716,0.024731357582901563,0.009036457578367877,0.016487571721934376,0.020884257514450208,0.027640929063242926,0.03619127979198564,0.017731916757552063,0.024731357582901563,0.007381774451155205,0.023494789703756486,0.006142428680720649,0.6531309124980187,0.012048610104490506,0.009688573073714013,0.015157928841133218,0.018072915156735755
597,0.010665250485858693,0.02883567723954388,0.035389240248531115,0.02883567723954388,0.017694620124265557,0.01848085477734777,0.018989348426041084,0.020985075292957667,0.10116831750623838,0.006597993944641394,0.03244013689448686,0.021042250958586067,0.015889046642197643,0.02883567723954388,0.540489634747861,0.006458404568296932,0.012858102059734798,0.010244253756153744,0.014155696099412442,0.029944741748757105
598,0.009996350032274745,0.05035198534775427,0.02981346385765237,0.014906731928826184,0.028157160310005015,0.15294415549380364,0.007615528785706758,0.01583840267437782,0.08008530807326159,0.011901071455443035,0.01583840267437782,0.02413470883714716,0.005624928634681421,0.35182826442379384,0.08168365762999123,0.07013312244865774,0.0085903200945778,0.006582193319221951,0.014480825302288293,0.01949341867615732
599,0.011570445568456586,0.04249110973503424,0.5315730163789546,0.017342170739317878,0.031868332301275684,0.03724319613970681,0.021852570720874757,0.024672257265503754,0.028327406490022827,0.01047725993466598,0.03476545341957347,0.07634507670946712,0.010063683884613372,0.023901249225956763,0.00849822194700685,0.010063683884613372,0.013657856700546723,0.01158848447319116,0.03059359900922465,0.023104925471993585
600,0.014198029616612118,0.02352816336467151,0.02352816336467151,0.024220168169514784,0.020085017506426897,0.01790186342964136,0.028969006540891663,0.021670676783250072,0.024793914032248156,0.0379057022414868,0.026564055411725896,0.020587142944087568,0.04682348112145503,0.5727378453548164,0.003389528935442239,0.01042386984510763,0.010979809570180037,0.01069461971121432,0.030499471028277884,0.030499471028277884
601,0.012606422712829243,0.028501477437700894,0.03450178847721686,0.027313915877796684,0.03856082241571297,0.03873412994187001,0.020485436908347518,0.09952570067029733,0.01949159613913933,0.009784089269658515,0.025212845425658482,0.022604620036797255,0.019864666092943045,0.029796999139414564,0.453859560451597,0.04435521671670884,0.010480293454333562,0.019864666092943045,0.02185113270223735,0.022604620036797255
602,0.013360162561344072,0.026720325122688144,0.018498686623399485,0.008225899536365487,0.05549605987019846,0.5007087542155081,0.036072438915628995,0.04008048768403222,0.05153205559375571,0.012438772039872066,0.042438163430151755,0.03797098833224105,0.010609540857537939,0.028857951132503196,0.020266844849734147,0.009249343311699743,0.014723444455358777,0.012416349169225533,0.033613407176067214,0.026720325122688144
603,0.020308264435816216,0.038745453800835564,0.034524049540887565,0.03138549958262506,0.034524049540887565,0.002220445552525296,0.030020912644250056,0.038910753114408114,0.04932007077269652,0.012786685015143542,0.04315506192610945,0.01427398312610179,0.011319360505209037,0.03634110477988165,0.010555048043843811,0.47827276555898673,0.018661648400479767,0.02380968933854315,0.03634110477988165,0.034524049540887565
604,0.011807433788455014,0.02280056179839588,0.02280056179839588,0.1022330917287407,0.03306081460767402,0.4584376497110455,0.01787071059874272,0.03005528600697639,0.044081086143565366,0.01537712307333676,0.038895076009028265,0.02280056179839588,0.014374267220727842,0.018891894061528018,0.004448506471964877,0.011600285827254048,0.011807433788455014,0.008454940208404298,0.05510135767945672,0.05510135767945672
605,0.01578262623919608,0.036549239711822494,0.04629570363497516,0.02240114692014928,0.034721777726231376,0.010683623915763501,0.048405574046821984,0.01876852850066561,0.026154241867897044,0.008621008404079786,0.03019285019672293,0.01578262623919608,0.009259140726995033,0.48151733631334676,0.0896401059818389,0.008680444431557846,0.011770094144485212,0.01928987651457299,0.036549239711822494,0.02893481477185948
606,0.02733226644070106,0.028387795302231098,0.024602755928600284,0.0410045932143338,0.033549212629909474,0.00837786935628251,0.021088076510228815,0.01491486789011161,0.030753444910750355,0.00900100826656108,0.04341662810929461,0.056775590604462196,0.008582356719279169,0.04920551185720056,0.008483708940896648,0.015376722455375177,0.01677460631495474,0.5112274704320232,0.023809118640580922,0.027336395476222537
607,0.0017562503608115844,0.012539602457882076,0.013520131537433228,0.02459691251353792,0.026049454362419983,0.006196844737582498,0.016397941675691946,0.2799787820149438,0.031975986267599295,0.008642158450702512,0.019379385616726846,0.012539602457882076,0.007993996566899824,0.02780520545008634,0.007105774726133178,0.007027689289582264,0.009838765005415168,0.44424526103795875,0.01682946645663121,0.025580789014079435
608,0.006006159620694745,0.024786996956548544,0.02776143659133437,0.04082564204607996,0.04082564204607996,0.012618834814242898,0.036528206041229444,0.01677885477087296,0.04337724467395996,0.012618834814242898,0.04626906098555729,0.03506054291738152,0.012852516940432582,0.057836326231946615,0.012618834814242898,0.01688643795252431,0.4805042611871888,0.016927705238618515,0.036528206041229444,0.022388255315592232
609,0.013216897861021884,0.14641371929460947,0.05546566701204246,0.020426114876124727,0.042591007166302534,0.003683397764547082,0.17746420345925393,0.02496525151526356,0.026433795722043765,0.009170908719892734,0.02496525151526356,0.050311146877173474,0.0112343631818686,0.0224687263637372,0.007021476988667875,0.006913454265765291,0.016643501010175702,0.012145257493912001,0.017283635664413235,0.3111822232479209
610,0.36833906894066687,0.04093029108929118,0.02837500378175022,0.025337799245751677,0.05320937841607853,0.00536257115437513,0.048372162196435024,0.07601339773725503,0.048372162196435024,0.01400246800423119,0.038006698868627516,0.038006698868627516,0.015202679547451007,0.038006698868627516,0.010433211454133045,0.013535707350578852,0.03801707403460885,0.0063372587397061775,0.04093029108929118,0.05320937841607853
611,0.012406173812929928,0.02862963187599214,0.03101543453232481,0.021893247905170457,0.23336056759747834,0.005242045273068983,0.015159752090566542,0.018840636164954877,0.017723105447042753,0.2577207296699999,0.20539798791971015,0.019588695494099882,0.057234085569147615,0.015507717266162407,0.007633881560311862,0.006416986454963755,0.009304630359697445,0.006529565164699961,0.01488740857551591,0.015507717266162407
612,0.020548076266796875,0.025479614570828122,0.018170152395532806,0.035388353570594624,0.05790821493370027,0.015166437244540549,0.05978659617882039,0.023990778552925883,0.05514367708164481,0.014813729401644259,0.05790821493370027,0.4415946016485743,0.010616506071178384,0.04899925879005408,0.01224981469751352,0.00372701897365135,0.01187209909269283,0.02654126517794596,0.031849518213535155,0.028246072204125623
613,0.02030118263482473,0.04370182165316356,0.07283636942193927,0.025706953913625624,0.03361678588704889,0.014567273884387852,0.02427878980731309,0.012460152937608202,0.215286856834407,0.010405195631705607,0.02185091082658178,0.025706953913625624,0.0337245481702871,0.03641818471096962,0.008161122969669914,0.012853476956812809,0.30203836598613387,0.015069593673504675,0.027313638533227224,0.04370182165316356
614,0.023596810342900242,0.09093753401540805,0.031462413790533654,0.03331314401350622,0.39141167122349435,0.010685348079803881,0.03775489654864038,0.031462413790533654,0.029806497275242406,0.09194353759849715,0.02574197491952753,0.03775489654864038,0.015731206895266827,0.03775489654864038,0.012049435068715015,0.007281440160296632,0.021781671085754066,0.012584965516213461,0.023596810342900242,0.033348436235485626
615,0.04889013992706483,0.056995758841331526,0.027442402405085546,0.021169853283923134,0.03367931204260499,0.009035912987040364,0.021792496027567936,0.012662783744402568,0.04116360360762832,0.011226437347534994,0.038997098154595254,0.023484444719308446,0.006615579151225981,0.038997098154595254,0.011399151768266304,0.011308348037145751,0.5137629466220669,0.015436351352860617,0.028497879420665763,0.027442402405085546
616,0.014897041793563383,0.020663638616878244,0.048797198623053845,0.0400357998202016,0.04927483054794043,0.009022152072158108,0.03847115204248936,0.033714357743327664,0.022795789703195728,0.013629208449430328,0.0400357998202016,0.44354716611925,0.014897041793563383,0.045755199794516116,0.010501193395462714,0.022354795566162666,0.02972461976680307,0.017793688808978487,0.020663638616878244,0.06342568690594497
617,0.018544983066907297,0.05033638261017695,0.018544983066907297,0.025168191305088475,0.01677879420339232,0.008008060869800878,0.03203224347920352,0.26581145685330293,0.03915051980791541,0.2436782032707635,0.02887265170809745,0.08808866956780967,0.013552103010432255,0.027104206020864517,0.011366279944233504,0.0059538527033738756,0.01677879420339232,0.028119147987361086,0.02295995651306137,0.03915051980791541
618,0.07076929026521553,0.15342759217367324,0.009779144729255906,0.009192840922207906,0.016135588803272243,0.11840134164437609,0.012908471042617798,0.013446324002726872,0.014668717093883862,0.00554398349674444,0.09767345674375097,0.009779144729255906,0.004816593672618581,0.010757059202181497,0.004246207579808484,0.04512576240402153,0.1526071237663274,0.22382870972260804,0.010757059202181497,0.016135588803272243
619,0.0016015357406465435,0.5383059639920948,0.011433482308274108,0.033188973586329565,0.01403200101470004,0.0031939033821732177,0.011873231627823111,0.06985565113476404,0.01403200101470004,0.002829479291557263,0.010963943626492377,0.016247580122284257,0.004607522721244789,0.01403200101470004,0.0036750478848023922,0.004607522721244789,0.010617474634952561,0.21420933762986735,0.008820114923525739,0.011873231627823111
620,0.01027005206223015,0.022874206865876243,0.07189036443561107,0.022874206865876243,0.08387209184154625,0.007624735621958747,0.025997548876972445,0.03594518221780553,0.025718921982812403,0.010877103650198162,0.01863824263145472,0.22517651415461667,0.004902007211266892,0.3494465956386945,0.002190544377804241,0.01093983806628864,0.007293225377525759,0.012273964659738476,0.0152494712439175,0.03594518221780553
621,0.006137485157391204,0.022631976517880067,0.01724341068028958,0.018105581214304056,0.07970829246941466,0.008421200564792583,0.020666829297193053,0.25844052915228716,0.010346046408173744,0.2510452048525317,0.08675225540851983,0.01293255801021718,0.05051491861741009,0.01905850654137269,0.004227554489140333,0.006832294797850585,0.008229809642865479,0.09382472632784243,0.008421200564792583,0.01645961928573096
622,0.014714414710665282,0.025467256229997605,0.028789072259997293,0.04138429137374611,0.03484992957789146,0.010854896098031766,0.02452402451777547,0.45856989595314585,0.05093451245999521,0.026335175686212072,0.04729633299856698,0.02034219340977132,0.0091965091941658,0.028789072259997293,0.009459266599713394,0.023433057998335217,0.011642436211925374,0.04197808532950361,0.04414324413199585,0.04729633299856698
623,0.011522927412132908,0.06785723920478269,0.055519559349367656,0.025446464701793507,0.033928619602391345,0.007571909705283251,0.02261907973492756,0.06107151528430441,0.040714343522869616,0.010034338588493478,0.04697808868023417,0.033928619602391345,0.009253259891561276,0.0068884969803290124,0.42327278475337676,0.015659362893411386,0.02181125545868015,0.018506519783122552,0.051491194095073634,0.03592442075547319
624,0.014820784721692022,0.04306038804275384,0.0019335146154603427,0.0069988174594514735,0.10202978644613105,0.0018417940682767036,0.08606998708708762,0.16910974588649866,0.004819433896107324,0.1596965585585597,0.03310616846923413,0.04733038728876551,0.0011288415257179794,0.058526976400967476,0.0014283300937656068,0.04720200164184942,0.06753539487509456,0.1393217923080269,0.0069988174594514735,0.007040479155108233
625,0.04450156695241555,0.019944874153574536,0.021844385977724493,0.02867075659576339,0.022936605276610716,0.02867075659576339,0.022936605276610716,0.10389127582442564,0.025341170070125527,0.14096952107612917,0.3153517915170311,0.024143795028011276,0.009972437076787268,0.012398165014384172,0.00882177126023489,0.009174642110644286,0.031254736201704915,0.08637255402353587,0.01581834846662808,0.026984241501894955
626,0.019636841124053065,0.03481076381082135,0.036139183883721504,0.5263977563489324,0.03481076381082135,0.021238126891829846,0.033297252340785635,0.03829184019190348,0.01758632619977467,0.009945932517377527,0.033297252340785635,0.021881051538230563,0.015629322527307542,0.030633472153522787,0.009226949443832162,0.01094052576911528,0.01740538190541067,0.02683494451012127,0.03646841923038427,0.025527893461268988
627,0.3139415728116453,0.024105541552956366,0.04171110736666147,0.03271466353615508,0.03053368596707806,0.15784302849606982,0.01579328584504038,0.025444738305898388,0.020818422250280494,0.006361184576474599,0.02694148761801006,0.017615588057929652,0.008807794028964826,0.024105541552956366,0.0057975353102046965,0.19779873221368147,0.009659718482811141,0.005309001610047548,0.020818422250280494,0.013878948166853667
628,0.015380918072001093,0.024556333076350037,0.01596161649962752,0.4374893393138753,0.02553858639940404,0.08712678616627721,0.03192323299925505,0.029021120908413675,0.05723329556675444,0.009529323283359715,0.045604618570364346,0.029021120908413675,0.017735129444030582,0.02364683925870744,0.009389186176251485,0.010134359682303189,0.012278166538175019,0.06576206696931523,0.029021120908413675,0.02364683925870744
629,0.11584717876705063,0.10686598249444376,0.05814711837447982,0.10644571199390683,0.003966479198438494,0.01102622713410322,0.025688938099625903,0.00594971879765774,0.002369492878912827,0.050183041869036646,0.027200052105486247,0.07623813887630913,0.002621909978628835,0.09927499412740871,0.04052339531208592,0.06165345143910217,0.09682753591397454,0.08631531506407579,0.01712595873308393,0.0057293588421889335
630,0.08600220994372432,0.2863509502571864,0.00922917307381393,0.012475438977413681,0.010200664976320658,0.005402958697296738,0.01140074320882897,0.01140074320882897,0.00745433209808048,0.27093399657148076,0.03120756384648018,0.005537503844288356,0.0037271660490402407,0.00745433209808048,0.0037271660490402407,0.0031772563040998766,0.0833708123807802,0.1326707969993078,0.010200664976320658,0.008075526439587186
631,0.008636102706829834,0.020020056274923703,0.01694004761724314,0.03146008843202296,0.11398605556442609,0.006033441617100295,0.0244689576693512,0.14912118107704142,0.020020056274923703,0.30306525884183383,0.020020056274923703,0.01694004761724314,0.00710389093626325,0.01573004421601148,0.006673352091641235,0.005792415212511666,0.0095748095227896,0.17241760300554831,0.027527577378020102,0.0244689576693512
632,0.07036456225517064,0.05368689793710845,0.06415682522733485,0.03506843468655491,0.02370483031992327,0.06846646723306038,0.04081051373759685,0.06893751674671564,0.03722512084063974,0.05961482625099752,0.04797406136174948,0.05011878410498062,0.0005882315543844352,0.07159826300711518,0.02539803248563208,0.0837297774251607,0.06942128879406101,0.07569793246443138,0.02355759534899207,0.029880038218390675
633,0.03537584526010672,0.04002524206572076,0.12155814256996672,0.0640403873051532,0.049704548970502895,0.03276920403041464,0.07459901747016053,0.048722194361824185,0.034365106824103674,0.04913930158059883,0.045927408450961604,0.03400837561139671,0.04235475350869921,0.03788397397166985,0.021671011671227175,0.03299571926564793,0.0607505128576615,0.04513902979019499,0.026683494710480496,0.10228672972350858
634,0.040377327531081,0.10450602419809202,0.04935006698243234,0.08073264029304215,0.025081445807542076,0.06088194987687011,0.05631444616259859,0.029200212643584533,0.04329055186472627,0.009885300480258657,0.03135180725942761,0.07779892912524629,0.06939853169404547,0.05399580878615291,0.0576144840081974,0.08679313874078827,0.057531094129252676,0.026126506049523008,0.014250821481557999,0.0255189128855806
635,0.026678567930265795,0.029753747711824503,0.5346561868836311,0.044613962235611024,0.032233226687809875,0.010472778761513018,0.03516352002306532,0.032233226687809875,0.042977635583746496,0.010744408895936626,0.042977635583746496,0.012816809568739295,0.010744408895936626,0.03516352002306532,0.008595527116749302,0.007162939263957751,0.014876873855912251,0.01662036278064837,0.020357827381774662,0.03115683412825619
636,0.00732424368825138,0.013982647041207179,0.009923168867953483,0.01708990193925322,0.02921907906924895,0.0052138683882467455,0.010607525341605447,0.2591568013539685,0.009047595144310527,0.21167465387342416,0.18067605365877853,0.00932176469413812,0.005126970581775966,0.07855480593859937,0.003751441889104365,0.026324750237167592,0.04160495277488781,0.05942704445332438,0.01098636553237707,0.01098636553237707
637,0.05936939112055042,0.03476913554764951,0.019165467419693452,0.053895617471137955,0.05389561747113797,0.05449106342703102,0.041170263346008165,0.08727415329133138,0.046133476911436024,0.056640676254726026,0.055754087039108245,0.05557985551711101,0.03585797130136195,0.035251493985482676,0.04026120181045902,0.055249304124910706,0.04826473206370563,0.03131259465752734,0.052099778804814215,0.08356411843481727
638,0.04916486150852165,0.0522935345136094,0.04276449044668501,0.03180425490886185,0.031186126546928063,0.06770370652003536,0.10913433289796745,0.06740055559531877,0.07138482489159378,0.04796500619693139,0.03698413997716479,0.06321707283423003,0.0009582249950156067,0.03456438748477886,0.09034751502820776,0.07682888074271656,0.041834827610887505,0.026600686044201502,0.02546523000885603,0.032397341247488644
639,0.011523619068998849,0.09447379755203136,0.04085646760826865,0.03745176197424626,0.015402541248130891,0.0076173075201856795,0.024967841316164172,0.10405809585441135,0.02643653786417383,0.3098747429529502,0.0509186431007598,0.02247105718454776,0.009987136526465669,0.023653744404787118,0.0076173075201856795,0.021683961999700522,0.010451654504440817,0.13457260413433844,0.029930422533393067,0.01605075513181983
640,0.06678246039495353,0.02453233238998294,0.02862105445498009,0.03066541548747866,0.034345265345976116,0.039534633243101074,0.15294375974379987,0.013799436969365397,0.10708919968892186,0.042931581682470125,0.011974280273467797,0.036062528613274906,0.004588900366286035,0.05039794371420408,0.13308053681496962,0.0672057566471908,0.09151205569158107,0.0367984985849744,0.011073208611020402,0.016061151282001127
641,0.04631383835769384,0.02794800590550491,0.06303827998686107,0.04690855729314543,0.018761392853232462,0.04722379859642902,0.047171502030984476,0.007504557141292984,0.09314360771356461,0.01831620726010491,0.027571472229236258,0.07215746050950579,0.005003038094195323,0.10213201783537483,0.09897186665185015,0.05872920762301806,0.06527059741225422,0.05297334452677401,0.06483937370077139,0.03602187427820633
642,0.047064263874721804,0.03712622060716421,0.03526990957680601,0.09243148716680193,0.007832145434261714,0.03762123688192641,0.07218028006416112,0.008133381797117933,0.12017895115059826,0.0059590573208817025,0.008133381797117933,0.007234853246524309,0.14594792501825743,0.03758184922300342,0.12063191828584491,0.09328512368246279,0.09146117271196412,0.015334743294263481,0.008458717069002648,0.008133381797117933
643,0.060294123662807037,0.034478841462661114,0.07462099542923452,0.07890357637379757,0.039832698832639554,0.06373580355698445,0.045242077686454774,0.04164327605230498,0.027510067497323897,0.0564296566795727,0.06429137355443573,0.06044058815924818,0.04104623983650132,0.045444051247555024,0.03150787553163815,0.06514859186849489,0.047504181570777515,0.057359072985042385,0.021813144598826415,0.04275376341369977
644,0.06860418849127888,0.036983119873311765,0.02339103308226556,0.03206997492369079,0.021116904865934195,0.0351575693574824,0.06194292094007362,0.03659461700587107,0.07856500561393176,0.05799529336376154,0.035898738272088115,0.09647367614311944,0.0015220071610426618,0.07519259790190279,0.12091989335121131,0.060148370782968606,0.04669766744292654,0.042645846899984165,0.027643948188132036,0.040436626339022924
645,0.040058604451623396,0.15194473083196547,0.00891178355360803,0.008416684467296473,0.008657161166362087,0.004353512221830713,0.008189206508720893,0.3731975844995642,0.011222245956395297,0.07449248996445847,0.026265258045656915,0.01212002563290692,0.0035647134214432117,0.01212002563290692,0.0028584966115346518,0.004455891776804015,0.016338143100211342,0.20987884815499347,0.009181837600687063,0.013772756401030595
646,0.05926035707071179,0.02146919867219575,0.047942496283023606,0.036436297175097936,0.03966413731523425,0.0513088289695631,0.13594152268486978,0.06337969092767601,0.04865958490264148,0.041057672393323155,0.03917881416677198,0.05346230406127715,0.009599083897491116,0.05644511848706412,0.05494362272435405,0.061646173110171634,0.052213097230638314,0.04201250198386555,0.03072505218138219,0.0546544457626469
647,0.04145853548576479,0.052874653952859445,0.028150857428605718,0.030402926022894173,0.08445257228581717,0.05738964686902904,0.05834904994292823,0.048041104798267516,0.07429496755909695,0.03045050493685801,0.033781028914326855,0.040537234697192226,0.0024659266396335256,0.04729344048005761,0.06971180570848133,0.08429368001555765,0.06391005470278056,0.03291484868575438,0.09140749000347269,0.02781967087062212
648,0.018944071662424018,0.040934207735899356,0.02550163493018618,0.022101416939494693,0.04420283387898939,0.008392943141580261,0.02882793513847133,0.04420283387898939,0.033152125409242034,0.026366543775366576,0.04144015676155255,0.034896974114991625,0.010869549314505586,0.02550163493018618,0.06215407211978548,0.010360039190388136,0.015419593213600945,0.014734277959663129,0.4588450304954411,0.033152125409242034
649,0.014777247485254075,0.032633088196602746,0.04122074298518241,0.03559973257811208,0.023995766568336737,0.008074166151736761,0.02373315505207473,0.032633088196602746,0.027971218454230926,0.5411748732827152,0.04122074298518241,0.025264326345756965,0.012431652646324856,0.032633088196602746,0.009913849578714759,0.008287836989255056,0.015356747386636584,0.022550024229164196,0.025264326345756965,0.025264326345756965
650,0.06437923160296481,0.044586581318326476,0.051544731323540455,0.05439111215176696,0.05222432717263378,0.10047390905374028,0.055949178613313846,0.040932580756929175,0.054447604753626484,0.05286153803171122,0.04580911661253865,0.054534662633974586,0.000507713111784448,0.057939174138657845,0.03367645740360524,0.04026015186157939,0.07540343048969224,0.049493643398901305,0.024039769650894917,0.04654508591981781
651,0.05423295979236954,0.056149867884197895,0.018318688640978156,0.036637377281956304,0.06899375667498836,0.03019948267873388,0.04680580190893994,0.06349619422069276,0.07390643348256702,0.059352551196769215,0.05857159657575908,0.08349153739321015,0.000588953466387513,0.058390820043117866,0.04933444935496682,0.042507922878063424,0.04715824575819376,0.054269115098897786,0.04387621392234284,0.05371803174686763
652,0.05956824775822351,0.06992004691132943,0.10708359725440093,0.05327241669434623,0.07102988892579497,0.0017378786781188835,0.0436046148678782,0.004353327513016011,0.048309456973412476,0.018645345843021178,0.04566207145229676,0.08264249135321278,0.0017634357175029848,0.16381268133511467,0.014982867195284875,0.07067952768516973,0.013602713449940192,0.03060330320739038,0.04261793335547698,0.05610815382906883
653,0.1469925539899237,0.02614584777558958,0.018675605553992558,0.02658179151962282,0.02723525809957248,0.4522292855253278,0.02253952394447378,0.03844977614057292,0.024209118310731095,0.012816592046857637,0.06237876714737779,0.01815683873304832,0.012570119122879607,0.02971119065407907,0.011911029511694225,0.008715282591863192,0.00975591334910059,0.011823456854620768,0.02042644357467936,0.018675605553992558
654,0.040986879856307855,0.0609512243758697,0.02182733246785626,0.017734707630133205,0.03869390755665426,0.025296839185491565,0.07945149018299677,0.10640824578079923,0.04053647458316161,0.055851692695223665,0.05067059322895202,0.045142892149429986,0.03405063864985575,0.03121308542903445,0.04506242777339022,0.04668562017471351,0.06804336805030699,0.08466892675031337,0.07334067441102354,0.03338297906848604
655,0.03158573170302833,0.06772355159166855,0.2806132750004475,0.09389454879165887,0.031184070542017273,0.07629828491041647,0.020838015874359548,0.02851517961754465,0.010956565325573635,0.038699172338096305,0.01842695077482839,0.13423766606090104,0.02057424352151956,0.019349586169048152,0.004884252012605115,0.02937407056988033,0.03294659266621713,0.02103999808343306,0.01842695077482839,0.020431293671927718
656,0.006469520084667497,0.023775486311153057,0.015095546864224159,0.016396887111140037,0.02023445643502388,0.031398935806942134,0.012350901979819768,0.012740315394699492,0.08392553754486069,0.007259690476687956,0.02113376560991383,0.010807039232342297,0.0060574487416950465,0.015095546864224159,0.6621624617613571,0.005140645688897957,0.005058614108755969,0.009323720122020807,0.02023445643502388,0.015339023426550358
657,0.012235188090289565,0.01502566958456613,0.013382236973754211,0.020391980150482606,0.09846016060706472,0.005671941498809731,0.018438670537011856,0.014040379775742122,0.026764473947508423,0.5920164006811884,0.05333641534790069,0.014516324852885922,0.03205923864860768,0.01991774805395976,0.004380007209281991,0.00674380445921472,0.008564631663202696,0.009111310280002867,0.01991774805395976,0.01502566958456613
658,0.04282620942757124,0.04899686756014602,0.0074392274138825095,0.002113406247603168,0.002708518878026918,0.07157528520070933,0.12110853642773632,0.0024255392937554488,0.11241236504067156,0.0025527779737218935,0.007075634601076986,0.11193876262306127,0.0009181419925514976,0.10152676512727528,0.1324832801465615,0.10703678114649347,0.11717328308124408,0.0018679440538116672,0.0030662477864455673,0.002754425977654493
659,0.0072056385077914065,0.015199393727372498,0.013896588550740569,0.01706598593950596,0.01768656724639709,0.00772032697263365,0.0077820895884147204,0.01297014931402453,0.01870694612599692,0.01925029047232824,0.022622353454693954,0.026284814414573657,0.003906671480127871,0.0714245319641584,0.6781206396287032,0.00619570625486379,0.00623564870866564,0.009825870692442827,0.023160980917900954,0.014738806038664242
