site,A,C,D,E,F,G,H,I,K,L,M,N,P,Q,R,S,T,V,W,Y
564,0.0807325577648836,0.03959577111336671,0.036017144569593054,0.050674245585506844,0.025785001225958656,0.0209453548420095,0.054743541064343,0.028823604837875147,0.05785467863663671,0.07594900555844687,0.06703525402333955,0.09626781533960396,0.006035439162196403,0.07745417675951428,0.12154592089831502,0.06440133981259587,0.02534865341351693,0.042365199923158355,0.014949423787699678,0.013475871681439936
565,0.005990218230716677,0.00859466093972393,0.0106852541412784,0.013178480107576693,0.011084702894223388,0.0035404871930803054,0.009966917728419348,0.010589850086445557,0.010589850086445557,0.6785866616837792,0.1416281034653431,0.010051383132897478,0.03516859830188968,0.008897176812085223,0.0026150585450727733,0.0040898731368341455,0.007459517042024543,0.004161625297129481,0.008657395691108776,0.01446418548392564
566,0.48675996466505744,0.17910292220820606,0.012889983037711794,0.009024597333042943,0.03402955521955915,0.003920455670456123,0.018905308455310636,0.03698864697778169,0.012889983037711794,0.006120423600640133,0.014925243517350499,0.021813817448435347,0.006120423600640133,0.011982237753365894,0.004549405778015928,0.055333694110235004,0.015614094400050014,0.03319294106842067,0.016051676990358085,0.019784625127650664
567,0.017457877215962217,0.05204832958796191,0.023646648504160466,0.12601174531822354,0.014594679355119274,0.0017412532080336345,0.023942231610462474,0.006939777278394921,0.05608090287135353,0.08988046638940946,0.10123026981063621,0.08327732734073905,0.0016626549729487827,0.1373430340445134,0.13288866537279942,0.02796439742896432,0.042003915106074506,0.025479803662842204,0.02693852773234065,0.008867493189060176
568,0.42241486138941287,0.015135661357604148,0.01382856129204576,0.019016600167246236,0.01808896113469764,0.017247614105176817,0.020044524500610898,0.03224553941402621,0.02317648145383135,0.006931284173108442,0.024721580217420103,0.019016600167246236,0.00927059258153254,0.020044524500610898,0.006742249150205484,0.2632440353416541,0.004933932863392909,0.018867803651304773,0.01854118516306508,0.02648740737580725
569,0.007098920542474252,0.006468407069928296,0.006856511494123993,0.00787425442003537,0.014284398946091653,0.0012621858991076111,0.011427519156873324,0.46748942005390876,0.014284398946091653,0.09087904075050558,0.11047149043774342,0.013185599027161527,0.0037673140077604367,0.01558298066846362,0.0028808871824050394,0.004130428610918067,0.006233192267385448,0.19696764391018107,0.004571007662749329,0.014284398946091653
570,0.0074841052283622115,0.015664406291920903,0.021728047437180605,0.011613266733665497,0.012473508713937017,0.003526541730641879,0.015664406291920903,0.4212287107587007,0.018710263070905526,0.005221468763973635,0.1245682862474534,0.05048434046470141,0.008747655461722063,0.021728047437180605,0.0032539587949400916,0.00493554973202249,0.15010529280207666,0.0817531292920317,0.008635506032725627,0.012473508713937017
571,0.0022118429077046444,0.005444536388196049,0.007259381850928065,0.0030250257631406854,0.02123369191396459,0.027031165585616558,0.19695018586865706,0.008449450577414535,0.16774255266779642,0.008631582078847393,0.03330775202190524,0.16914228592935363,0.002980167286170469,0.06899762529942569,0.1471474766160398,0.015099514249930375,0.047248190463811485,0.0057003199769032455,0.044702509292557036,0.017694743261637155
572,0.0014939084692353315,0.037617272597351266,0.002828990414297888,0.0024785299603222546,0.16848439467547077,0.0006231732471667383,0.021676989223853946,0.0068159573908862,0.004039085861265897,0.3450284637869291,0.19178693899872895,0.019245056162502213,0.00170398934772155,0.12583305952405296,0.0022256187398812088,0.0022830722083820696,0.001627691317226555,0.0011479507184650442,0.0016037546802085178,0.06145610267605145
573,0.24375069274637456,0.023014267629240803,0.015616824462699113,0.010665148413550617,0.01482274864256187,0.004086645653790423,0.012493459570159291,0.07550113234566472,0.022523973139081683,0.003239045073745002,0.008409059326068755,0.015900766725657278,0.007156307106757202,0.012317495350861275,0.0027159694717737593,0.0048707051989325765,0.4964481336833362,0.004372710849555752,0.006478090147490004,0.015616824462699113
574,0.007944384564461154,0.22578476076482462,0.01588876912892231,0.01515544132297205,0.011514628899195953,0.004037310188496652,0.0450410869743206,0.019315758548885942,0.01349457104100251,0.004950269778860217,0.017910976108966966,0.022111144469937012,0.00929343099993569,0.01349457104100251,0.006234833455653058,0.004603288252304594,0.008074620376993304,0.006118656434740267,0.010369512484138772,0.5386619851643858
575,0.016027552650831004,0.05028251812025414,0.010685035100554005,0.006467553322430126,0.007818318366259026,0.0023744522445675567,0.22134049254055913,0.005828200963938547,0.007885160527688874,0.014524275298838566,0.1977868199464252,0.005724125946725358,0.005389404643047991,0.18043615147060446,0.06006671624922889,0.002862062973362679,0.004514803563614367,0.0027633711466950005,0.188559442950953,0.008663541973422166
576,0.015070536504187309,0.02840216495019916,0.03222378880313252,0.030769012029382415,0.022377463294096303,0.014739299309455587,0.03678012388717814,0.031038618341375567,0.0321067951610947,0.009005564496404609,0.02637343888232779,0.41427050214206196,0.015384506014691208,0.055384221652888345,0.009467388316733051,0.1293100876087062,0.011814185300666722,0.011910585301696421,0.019958278073112918,0.053613439930609144
577,0.015767561977368387,0.02069492509529601,0.017427305343407168,0.05233177221437501,0.024527318631461938,0.009327290183795384,0.02069492509529601,0.022074586768315745,0.3715110016529664,0.007525427307380367,0.023651342966052587,0.15447188630605166,0.014716391178877165,0.030480002918105768,0.13148730086939164,0.010188270816145727,0.011921719344551985,0.010188270816145727,0.031535123954736774,0.0194775765602786
578,0.08083830070404316,0.010917705945241532,0.015801942815481165,0.013964507604378704,0.012254567897720087,0.0046154193752437995,0.010534628543654109,0.24249904551449938,0.013053778847571399,0.14558948507484673,0.03685574105256136,0.018196176575402553,0.005361373455252538,0.012509871395589255,0.004583769671666292,0.0043830206349509794,0.008578197528404061,0.3374160853098168,0.008702519231714265,0.013343862821961872
579,0.12530637172532175,0.06176273952066371,0.02462163264675107,0.04495270768169005,0.016267864427317674,0.0071422408773506385,0.02462163264675107,0.044439044289258024,0.018591845059791626,0.005742087085655714,0.009750647775943937,0.02335898481871256,0.009295922529895813,0.021186055998367204,0.006553959769279062,0.007346777483304755,0.012146672105730531,0.5129017051820526,0.011531650733288478,0.012479457642873832
580,0.011523092756845918,0.03503020198081159,0.019903523852733855,0.1323314316260165,0.019903523852733855,0.01539124037238157,0.013683672648754527,0.016217686102227586,0.24476148268129824,0.039296700940013,0.08395222021299041,0.011331089776390895,0.007421652962036352,0.08178315781196292,0.16559643955689027,0.04086856897761351,0.019264896051918952,0.008585833818826369,0.01563848302714803,0.01751510099040579
581,0.05381642971061863,0.01869225126651357,0.016271572136858713,0.008330242412250615,0.011998098292176544,0.0027567708702412102,0.018247197664929916,0.01825776705014148,0.011974723467610257,0.17753522394743929,0.09579778774088205,0.009825414127269954,0.004673062816628393,0.016660484824501224,0.0036845302977262335,0.0042576794551503145,0.28739336322264614,0.21489606912748713,0.0075135519796770255,0.017417779589251284
582,0.010002422666487017,0.018254421366338803,0.021475789842751537,0.014603537093071044,0.1262997941007493,0.007375523784379313,0.021992689908859046,0.016154037501159974,0.017809191576915906,0.4109156560145281,0.025178512229432834,0.017385163206036957,0.14338124968512325,0.02433922848845174,0.007603180218181862,0.006034519459946712,0.06310170348857859,0.011233490071593112,0.01404186258949139,0.022818026707923506
583,0.013900759765638558,0.024875043791142682,0.027801519531277116,0.02305491863569322,0.021005592534742712,0.008391727022420685,0.08593196946031108,0.03667275681156062,0.02851808369308253,0.008219579687508017,0.022505992001510048,0.02423722215547236,0.010387380923773868,0.032594884967704206,0.5307405023781742,0.03775167021020365,0.011734877662034604,0.012948652932375643,0.018177916616604266,0.02054894921877004
584,0.013120214473841834,0.03179128891738598,0.034440562993834814,0.03306294047408142,0.041328675592601775,0.016207323761804615,0.017586670464936924,0.05166084449075222,0.0393606434215255,0.004909900036138861,0.029520482566144122,0.03179128891738598,0.4634389874637454,0.05274773270872899,0.010462955846228299,0.03543236249276785,0.016033825458300923,0.011979326258725153,0.03757152326600162,0.02755245039506785
585,0.16399465660948126,0.18469060342380456,0.006417312664339526,0.007953183879493975,0.1670168614693735,0.08100768734989738,0.007953183879493975,0.053968033467994836,0.009444405856899096,0.006044419748415421,0.04317442677439587,0.01314004293133787,0.004140013526311933,0.008395027428354752,0.00951877125734712,0.08133276140638797,0.03929353580944517,0.013506376941563819,0.0070283950562970016,0.09198030051936508
586,0.03374389177692555,0.03565935550531379,0.10310776015261404,0.05342525189684686,0.08940309844546529,0.07574591685026323,0.012423259337335126,0.08372196509943237,0.0015035585098896684,0.1071506117845155,0.018052548724565107,0.036678194234037044,0.05562859458828951,0.026375636536597868,0.015102785861074077,0.03488415212476349,0.051349471927651866,0.0935874534069713,0.022390758107987727,0.05006573512946056
587,0.05217636654989393,0.04110164390545928,0.02417743759144663,0.12596272807765804,0.01644065756218371,0.2299165936869063,0.04009916478581392,0.022834246614144047,0.0158083245790228,0.022419078493886878,0.01644065756218371,0.04835487518289326,0.008935139979447669,0.20550821952729637,0.009051374137440272,0.036534794582630474,0.0139327606459184,0.005513209682874318,0.008745030618182823,0.05604769623471719
588,0.012553668962182338,0.03828869033465613,0.021271494630364512,0.15843434867531137,0.023205266869488563,0.428660381234099,0.02945283871896625,0.028361992840486013,0.04030388456279592,0.0066014983335614015,0.026405993334245603,0.026405993334245603,0.021271494630364512,0.03480790030423284,0.005711027052093214,0.009817612906322083,0.017017195704291613,0.03564873841960704,0.015628036871288213,0.02015194228139796
589,0.0415979081617741,0.00716408418341665,0.0074111215690517065,0.015889100601576833,0.0074111215690517065,0.07380802070765233,0.12374327225901488,0.06305148448523927,0.1212353044846601,0.09506188627995173,0.06997477574499984,0.039825406024907556,0.0032077988880970074,0.058072269614635984,0.14489390013107714,0.018347044859969464,0.02744061133494999,0.05373063137562488,0.005510833987243577,0.02262342373710521
590,0.05866647576950834,0.499482891587592,0.01776546536426456,0.01776546536426456,0.007743920799807629,0.0042537029745422185,0.008628940319785642,0.08901965021137026,0.010747426720129629,0.0030201291119249757,0.009742351973951534,0.028763134399285482,0.0047204577535478204,0.013727859599658977,0.003471412772327558,0.015632540154354373,0.16919980880354205,0.022538276954663997,0.007743920799807629,0.007366168565670671
591,0.006551942930425417,0.0679571956368952,0.03284597789116601,0.03864232693078354,0.016022428239593173,0.025679183020250577,0.017754582643873515,0.185609803212603,0.029859979901060006,0.03220193910898629,0.022652398545631728,0.024330353993456306,0.007820470926468098,0.05053227367871694,0.00698850593429064,0.008998898052374249,0.010264368090989379,0.3674956044895754,0.023461412779404292,0.024330353993456306
592,0.03344211112164744,0.020877726067889277,0.027063718976893514,0.030446683849005195,0.11417506443376951,0.00839908519972557,0.019749200334489857,0.15371150935250155,0.023160033132688163,0.005620926249047114,0.4100743182122387,0.01826801030940312,0.01074588841729595,0.018736420830157044,0.006603724671802237,0.008496748981117729,0.048414553235677046,0.0060575586837810684,0.012385091735188553,0.023571626205681442
593,0.012053067428822705,0.025713210514821776,0.6508258692002504,0.03204987370292151,0.021038081330308725,0.00488362811136465,0.025154227677543044,0.028927361829174495,0.030449854557025785,0.007142558476339381,0.025154227677543044,0.011261273557379659,0.010149951519008594,0.029669089055563588,0.008206343781326099,0.008035378285881805,0.012053067428822705,0.012053067428822705,0.023614172921775103,0.021565695515304295
594,0.007813289823886927,0.052562131542512054,0.019937360240263196,0.0240909769569847,0.012045488478492346,0.010707100869770973,0.019937360240263196,0.3240394790558716,0.03401079099809604,0.020038606108280788,0.018325550317989908,0.022914516089754564,0.007412608294456828,0.012848521043725166,0.006353664252391569,0.0054545608204493645,0.2682676007270671,0.09531653363971611,0.01865107893443976,0.01927278156558776
595,0.009239595253862379,0.01995752574834274,0.024946907185428423,0.016094778829308657,0.012008265225051065,0.00997876287417137,0.019189928604175708,0.2786078565120668,0.01995752574834274,0.005062814493075898,0.014035001705829123,0.025521706284526522,0.00907160261288306,0.015119337688138437,0.005801606322192655,0.0096788049765992,0.20620965595222518,0.22675651135961367,0.0415781786423807,0.031183633981785527
596,0.011724374422703271,0.023803114643805873,0.020557235374195983,0.020557235374195983,0.023803114643805873,0.008697291889082913,0.01586874309587058,0.020100407921436067,0.026603481072488916,0.005453594160845956,0.017066384084238172,0.023803114643805873,0.19311181197329122,0.022612958911615577,0.005911884682775313,0.5074203428828588,0.011596389185443883,0.009324931509944566,0.014589005749429404,0.01739458377816583
597,0.01190734584222841,0.03219393505491385,0.039510738476485174,0.03219393505491385,0.019755369238242587,0.0036897272187159107,0.02120088406055302,0.09371614829666378,0.0804230937157702,0.0073664088684972364,0.03621817693677808,0.023492871526558753,0.017739515234340288,0.03219393505491385,0.46615799394192114,0.007210562647891507,0.014355581081094944,0.011437319032666763,0.015804295390594074,0.03343216332625669
598,0.04591160144676702,0.012847690939836037,0.020405156198563118,0.010202578099281559,0.019271536409754056,0.23125843691704867,0.005212277753063366,0.010840239230486656,0.12325105631021857,0.0037299747889846563,0.010840239230486656,0.01651845977978919,0.00384985615708603,0.19421009046112708,0.17542111234020366,0.08259229889894595,0.005879451786026661,0.004505034485397052,0.009911075867873513,0.013341832899060501
599,0.028029010080647086,0.04643194174696649,0.4692154207815588,0.03995597673814862,0.03482395631022487,0.03765274287361658,0.02387928432701134,0.026960482304690215,0.030954627831310994,0.011448971937608179,0.03798977052024531,0.0689927851501657,0.010997038834807854,0.02611796723266865,0.009286388349393299,0.010997038834807854,0.014924552704382092,0.012663256840081771,0.033430998057815874,0.025247788543848536
600,0.01582834263049788,0.02622982493053934,0.02622982493053934,0.027001290369672852,0.02239131396509456,0.01995747549062776,0.03229542222238162,0.02415904927812834,0.027640917581574765,0.010116601792914987,0.029614318469963773,0.022951096814221927,0.01368037922905095,0.513332783361761,0.08478406793629914,0.011620808513530088,0.012240584967585027,0.0119226476956997,0.03400162490995841,0.03400162490995841
601,0.013494140516095906,0.030508491601608137,0.0369313319387888,0.02923730445154113,0.041276194519822784,0.06318243229065165,0.02192797833865585,0.031094811376716016,0.13413394718016763,0.01047306428114906,0.026988281032191818,0.024196389890930595,0.02126349414657537,0.031895241219863056,0.39140428786011233,0.011924588054500904,0.011218293701890151,0.02126349414657537,0.023389843561232908,0.024196389890930595
602,0.014273987310706109,0.028547974621412217,0.01976398243020846,0.008788544679909326,0.05929194729062537,0.4323931444596781,0.0385397657389065,0.042821961932118326,0.055056808198437834,0.013289574392726378,0.04534090086930176,0.04056817446200684,0.01133522521732544,0.030831812591125194,0.06889973700849733,0.00988199121510423,0.015730516628125104,0.013265617815131709,0.022830358517241866,0.028547974621412217
603,0.01857762147635904,0.09802747903604338,0.031581956509810376,0.028710869554373068,0.031581956509810376,0.07938334608915533,0.027462570878095973,0.07118966221895957,0.04511708072830054,0.011697020929559399,0.039477445637262965,0.0130575734974665,0.010354739839282092,0.03324416474716881,0.0056884159433473625,0.351169987642947,0.017071327843140745,0.02178065966193819,0.03324416474716881,0.031581956509810376
604,0.012566698584571786,0.024266728301242064,0.024266728301242064,0.10471762842166998,0.035186756036801,0.3927414691601934,0.019019868128000543,0.031987960033455456,0.04691567471573466,0.01636593304037256,0.04139618357270705,0.024266728301242064,0.015298589581217825,0.02010671773531486,0.010721732796032233,0.012346230188351228,0.012566698584571786,0.03797248772794288,0.058644593394668335,0.058644593394668335
605,0.019865756571162435,0.0460049099542709,0.05827288594207647,0.02819655771390798,0.04370466445655736,0.013447589063556111,0.018694091748779774,0.023624142949490463,0.032920617543396445,0.010851353365263385,0.038004056049180314,0.019865756571162435,0.011654577188415297,0.4881152892459107,0.014330612218381927,0.01092616611413934,0.014815140493748257,0.024280369142531868,0.0460049099542709,0.03642055371379779
606,0.12277540527314965,0.022050659943393412,0.019110571950940958,0.03185095325156827,0.05211974168438443,0.0065076398592687715,0.016380490243663677,0.1844807675928106,0.0238882149386762,0.0069916726649784,0.033724538736954635,0.044101319886786824,0.006666478587537544,0.038221143901881915,0.006589852396876192,0.011944107469338097,0.013029935421096107,0.3198384354743081,0.018494101888007375,0.02123396883437884
607,0.0016925385948132036,0.012084701359874552,0.013029659634337241,0.02370460651360008,0.02510445427714909,0.00987070531921149,0.01580307100906672,0.3848494541319585,0.030815988467680112,0.008328645531805436,0.018676356647078854,0.012084701359874552,0.007703997116920027,0.026796511711026184,0.006847997437262244,0.006772744718171452,0.009481842605440032,0.3454802914918071,0.016218941298779006,0.024652790774144086
608,0.09647288521849268,0.023629259345383933,0.02646477046683,0.03891878009827942,0.03891878009827942,0.012029441121286368,0.03482206640372369,0.06453943718912,0.04135120385442188,0.012029441121286368,0.044107950778050006,0.023928109069419033,0.017603293298843695,0.05513493847256252,0.012029441121286368,0.016097715366625503,0.3696208085815955,0.01613705516270122,0.03482206640372369,0.021342556828088718
609,0.019401518468800782,0.1142468085280709,0.08141987433315119,0.029984164906328478,0.06252073828752099,0.005406980556878906,0.020922887120685595,0.03664731266329037,0.038803036937601565,0.013462278121208707,0.03664731266329037,0.03298258139696133,0.016491290698480664,0.03298258139696133,0.010307056686550416,0.010148486583680408,0.02443154177552691,0.017828422376735854,0.025371216459201023,0.3699939100390741
610,0.29452857056249565,0.040432372822993924,0.05605964195342623,0.02502956412852005,0.0525620846698921,0.007904072882690542,0.047783713336265556,0.07508869238556017,0.047783713336265556,0.013832127544708445,0.037544346192780076,0.037544346192780076,0.015017738477112026,0.037544346192780076,0.01030629111174355,0.0748986587571773,0.02688509617022438,0.006260165789698374,0.040432372822993924,0.0525620846698921
611,0.016851669302010056,0.0388884676200232,0.042129173255025146,0.02973823994472363,0.018336383144983644,0.007120423648736643,0.03400999379490615,0.025591787998360198,0.024073813288585794,0.28184408184876186,0.32712063939195984,0.026607898897910612,0.02474249422263212,0.021064586627512573,0.010369324941346013,0.008716380673453476,0.012638751976507543,0.008869299632636872,0.020222003162412065,0.021064586627512573
612,0.016881088533337262,0.0209325497813382,0.05515030304729734,0.02907298580741417,0.04757397677576864,0.012459851060320359,0.04911714411107149,0.08100364579600536,0.055260084390376954,0.012170087082173374,0.04757397677576864,0.2913766436802632,0.008721895742224251,0.040254903425650385,0.010063725856412596,0.10791024750123429,0.043301155709551675,0.021804739355560633,0.026165687226672753,0.023205308341558484
613,0.0035102273402002836,0.05395487412969816,0.08992479021616358,0.031738161252763616,0.041503749330537035,0.017984958043232715,0.02997493007205453,0.015383477346115908,0.09723728236388288,0.012846398602309085,0.026977437064849077,0.031738161252763616,0.05889123367795883,0.044962395108081796,0.01007583542123703,0.02452279608897174,0.3024914932181799,0.01860512901024074,0.03372179633106134,0.05395487412969816
614,0.018968796308182895,0.01744469134033882,0.025291728410910527,0.02677947714096409,0.2527857420662751,0.008589643611252635,0.030350074093092635,0.025291728410910527,0.02396058481033629,0.1303447485201284,0.020693232336199522,0.030350074093092635,0.012645864205455265,0.030350074093092635,0.009686193859497651,0.11880046976502363,0.017509658130630365,0.012317699670836154,0.018968796308182895,0.16887072282559729
615,0.004691711966461877,0.054038960903611634,0.02601875895359079,0.020071614049912895,0.03193211326122506,0.008567152338377453,0.020661955639616213,0.18543909933332792,0.03902813843038619,0.010644037753741686,0.036974025881418494,0.022266130249492262,0.014570954497694433,0.036974025881418494,0.010807792180722326,0.0178256562759924,0.3918140810862185,0.014635551911394819,0.027019480451805824,0.02601875895359079
616,0.014849056339757121,0.02059707814869536,0.007317035940759221,0.03990683891309726,0.04911610943150432,0.008993090459289522,0.06352641798233788,0.03360575908471348,0.022722361278348816,0.013585306864033107,0.03990683891309726,0.3582657641172877,0.014849056339757121,0.04560781590068258,0.010467367583763215,0.049811295804011356,0.029628872611864896,0.017736372850265445,0.02059707814869536,0.13891048328803912
617,0.02125008048260972,0.057678789881369236,0.02125008048260972,0.02883939494068462,0.019226263293789746,0.00917617111749056,0.036704684469962244,0.05046894114619808,0.04486128101884274,0.226459502331326,0.20212842694118074,0.10093788229239617,0.015528904968060949,0.031057809936121894,0.013024242876438216,0.006822322170467086,0.019226263293789746,0.033745805825024656,0.016751871512795044,0.04486128101884274
618,0.12314563606448328,0.05463646642180496,0.013245203981043629,0.012451094298222309,0.021854586568721985,0.009890132239651168,0.017483669254977584,0.05463646642180496,0.019867805971565438,0.007508958535222228,0.10273226693388018,0.013245203981043629,0.006523757184693129,0.014569724379147988,0.005751206991768941,0.09106077736967494,0.1490085447867408,0.24596418766768283,0.014569724379147988,0.021854586568721985
619,0.09750111844033092,0.42663517891726976,0.015193560502751774,0.015450273124112334,0.018646642435195357,0.01034016922119848,0.015777928214396074,0.039069155578504565,0.018646642435195357,0.011690082939961316,0.004772702443768668,0.02159084913548936,0.006122778113049222,0.018646642435195357,0.00488364444731307,0.006122778113049222,0.010518618809597379,0.23089255980567416,0.011720746673551366,0.015777928214396074
620,0.010536345709528952,0.023467315443950844,0.07375441996670266,0.023467315443950844,0.08604682329448644,0.00782243848131695,0.012248485086227287,0.03687720998335133,0.03356384308301548,0.01468209832391745,0.01912151628766366,0.1720936465889729,0.017839598528930144,0.29066153265048017,0.09399727498744881,0.011223498690585192,0.007482332460390127,0.01259221804309558,0.0156448769626339,0.03687720998335133
621,0.007010076993389047,0.025849658913122103,0.019694978219521604,0.02067972713049768,0.01990238791478973,0.009618477735115203,0.016364376678801137,0.35080810165777365,0.011816986931712964,0.2327556614793859,0.08862740198784723,0.014771233664641203,0.06129164844127913,0.021768133821576514,0.0048286035245123215,0.007803670615282145,0.00939987596840804,0.0485907686504131,0.009618477735115203,0.018799751936816076
622,0.012380970536899571,0.021428602852326187,0.024223638006977428,0.03482147963503005,0.029323351271604254,0.00913350285508985,0.02063495089483262,0.3133443506601882,0.042857205704652374,0.010714301426163093,0.07959195345149725,0.020856865352470222,0.007738106585562234,0.024223638006977428,0.007959195345149727,0.007052451571651656,0.020043612148519904,0.2367329353579604,0.03714291161069872,0.039795976725748625
623,0.013101047942831059,0.07715061566333846,0.06312323099727692,0.028931480873751917,0.03857530783166922,0.011424951000586665,0.025716871887779488,0.06943555409700461,0.04629036939800307,0.01140858969431964,0.053411964690003554,0.03857530783166922,0.010520538499546154,0.007831909892820598,0.3906445082931922,0.017803988230001185,0.024798412177501644,0.021041076999092308,0.009369830413138805,0.0408444435864733
624,0.029889659949805095,0.06078910570872523,0.042275823587525165,0.010710461482013494,0.07386525160009305,0.0028185424952667094,0.081454218557245,0.11107393439624319,0.007375297528250333,0.10183717474701354,0.038947132661867244,0.06072075824866576,0.001727493787421531,0.1224052740801542,0.0021858084657170396,0.07122001076480958,0.06104504978896106,0.103859020431646,0.010710461482013494,0.005089520236563296
625,0.03416470385335337,0.020300766057789688,0.022234172349007753,0.02918235120807267,0.023345880966458135,0.02918235120807267,0.023345880966458135,0.03768537402883666,0.019454900805381783,0.0921388196920178,0.25799428042703804,0.024574611543640143,0.010150383028894844,0.0126193951170044,0.008979184987099284,0.009338352386583256,0.006404441792251568,0.2953377997054852,0.01610060756307458,0.027465742313480163
626,0.022459119682854387,0.03981389398324187,0.02314204997552281,0.48704615309792415,0.03981389398324187,0.009823104998856358,0.03808285511440527,0.04379528338156606,0.020113897261136167,0.01137539828092625,0.03808285511440527,0.025025876218037743,0.017875625870026963,0.03897861753063625,0.010553080332907482,0.012512938109018873,0.019906946991620936,0.030691760789230967,0.04170979369672958,0.029196855587710707
627,0.2591225336997865,0.02449335198271944,0.02565305446838048,0.03324097769083353,0.031024912511444624,0.1798055818774845,0.016047368540402392,0.025854093759537185,0.02115334943962133,0.006463523439884296,0.027374922804215843,0.017898987987371898,0.008949493993685949,0.02449335198271944,0.005890806173059105,0.24825478311520596,0.0036289112012171153,0.005394412933061484,0.02115334943962133,0.014102232959747557
628,0.04835635491689808,0.026283809491455697,0.0170844761694462,0.38406420900556565,0.027335161871113924,0.003617414689198895,0.03416895233889241,0.03106268394444764,0.19199512926394896,0.010199687265341017,0.04881278905556058,0.03106268394444764,0.01898275129938467,0.02531033506584622,0.010049691864380123,0.010847286456791243,0.01314190474572785,0.011251659601259238,0.03106268394444764,0.02531033506584622
629,0.12657934293794612,0.05536184549980364,0.04174111329503368,0.12938476117549552,0.005914727083312355,0.04033594083069236,0.021625720898360793,0.008872090624968531,0.01647537685285877,0.050962939171330865,0.006784539889681819,0.06696997439492376,0.0039097348516810475,0.10347043468622198,0.03898721514070678,0.046134871249836354,0.07984881562471678,0.1288741980957681,0.019222863020765153,0.008543494675895623
630,0.12685811444319373,0.2606805087291211,0.011935920729355357,0.016134257046366656,0.013192333437708552,0.0033420578042195,0.014744372665674266,0.014744372665674266,0.00964055135832548,0.23969032741103505,0.04485034210050835,0.007161552437613215,0.00482027567916274,0.00964055135832548,0.00482027567916274,0.0041090874642043035,0.04904106560539485,0.14095776930905998,0.013192333437708552,0.010443930638185935
631,0.009515347534979159,0.022058305649269874,0.018664720164766814,0.03466305173456694,0.18825236870970938,0.006647708551834756,0.026960151349107623,0.0685386888898967,0.022058305649269874,0.27461357719221596,0.022058305649269874,0.018664720164766814,0.007827140714257049,0.01733152586728347,0.007352768549756624,0.00638214315936281,0.010549624440955157,0.1805712244118775,0.030330170267746075,0.026960151349107623
632,0.07337776181117017,0.053706851891339634,0.05347565738807567,0.0459169080588218,0.010873979889110742,0.04087274290100711,0.039731849594827715,0.04369009776874851,0.03177789646868002,0.07475861173763634,0.06116613687624791,0.06850607330139767,0.00092675964964012,0.0955356804543301,0.01812329981518457,0.07617760636602307,0.08563259162674712,0.04951343974365926,0.0354586300731872,0.040777424584165285
633,0.04886459978995608,0.02931875987397365,0.0586375197479473,0.07036502369753675,0.022995105783508742,0.04423532191511813,0.0662036513283276,0.0631156598876106,0.009383915643340878,0.054401904849796325,0.05392489165450597,0.07793165098974422,0.03878142840472704,0.09048999961102977,0.01236875751684562,0.03467810307674303,0.04599090522776235,0.044749561575645955,0.006515279971994144,0.12704795945388583
634,0.04480338188384681,0.14887790438486595,0.06274547694381324,0.04388451762007058,0.008213953345371915,0.07158950163397541,0.08370191708047635,0.015099178943698376,0.03707808666115298,0.007862593483088548,0.04106976672685959,0.061604650090289356,0.04269454560605692,0.05683347949831314,0.06763306620970388,0.0582981858199066,0.045633074140955084,0.0264019928958383,0.01866807578493617,0.057306651246780804
635,0.011969814917394309,0.02971513907162054,0.43059035226063386,0.03207070859787598,0.03219140066092225,0.004376985231989761,0.035117891630097,0.03219140066092225,0.04292186754789634,0.010730466886974085,0.04292186754789634,0.09267101068072206,0.010730466886974085,0.035117891630097,0.008584373509579265,0.007153644591316057,0.01485756953581027,0.08299398049467893,0.020331410943740368,0.022761756712859245
636,0.04470079984591696,0.021334472653733103,0.015140593496197681,0.026075466576784896,0.011033019226871684,0.007955227091222511,0.016184772358004418,0.020822201808485378,0.013804658775944946,0.2578315202788982,0.10831347654972191,0.0142229817691554,0.007822639973035467,0.14441796873296253,0.005723882907099124,0.08127469618167033,0.05215093315356981,0.11766508873628782,0.016762799942218864,0.016762799942218864
637,0.04234455338500625,0.03925595133697712,0.007300785066380388,0.06586930526556527,0.03999207819695035,0.041343683096425776,0.04443564244105595,0.08661385919660369,0.06443736384674867,0.0668412275329272,0.0657070655974235,0.03999207819695035,0.039840305604172545,0.04431406749593677,0.05092221680487448,0.06529767578061713,0.056880743352993465,0.03976014402348005,0.03913457592826126,0.05971667785064985
638,0.08885999823060521,0.08789412868462039,0.016072069245187726,0.042294919066283486,0.04203386727927932,0.0698785619355988,0.07861338217754864,0.04520269475209047,0.07175030913030234,0.05581301098962718,0.023708024140375938,0.06027025966945397,0.0013760333257866204,0.007726956367878713,0.06366576725646547,0.10149294522274425,0.05625224235815705,0.026163003346972587,0.033536254243997234,0.027395572577024532
639,0.00925661465969381,0.01900041956463466,0.03281890652073259,0.03008399764400488,0.14029849718742562,0.006118779181831501,0.020055998429336586,0.204047984020207,0.021235763042826976,0.19937685714179282,0.14767237932459604,0.018050398586402925,0.008022399371734636,0.01900041956463466,0.006118779181831501,0.04156579895045226,0.008395534226233922,0.04159834575066039,0.01438898580353668,0.012893141847430664
640,0.04273919030449428,0.04579198961195815,0.06410878545674141,0.02747519376717489,0.012821757091348284,0.03300820025667935,0.13222437000452913,0.006868798441793723,0.1385414686316662,0.038465271274044845,0.02790611208797754,0.06923748829328073,0.036633591689566515,0.041810077471787874,0.10677333828992007,0.06984821206814476,0.02024487961791834,0.016485116260304935,0.004907373923927663,0.06410878545674141
641,0.02380923459658837,0.07515381742689697,0.08974249963329461,0.09586772499903348,0.0053418154543627755,0.05941141090705916,0.03662959168705904,0.0053418154543627755,0.07060059414277703,0.006518825639222369,0.15130386862756465,0.06828869066307917,0.0017806051514542586,0.07011869749516833,0.045380408490145026,0.05290941021464082,0.04220441139288963,0.041477625880934496,0.015384428508564791,0.04273452363490221
642,0.04481529537417882,0.012859049269935884,0.024432193612878184,0.04212447174634169,0.009048960597362288,0.061080484032195445,0.13068382630144143,0.009396997543414684,0.10858752716834746,0.02889012179221264,0.009396997543414684,0.06264665028943124,0.13541816478894342,0.030360546841728706,0.1020867729080538,0.0737111155872666,0.06873421742637593,0.026556732187911068,0.009772877445151273,0.009396997543414684
643,0.055345370204175695,0.03801752122756418,0.02293757636276451,0.08250804159087417,0.08967176202588506,0.07592448405498747,0.09275571151354778,0.02008880383047425,0.002280903334896419,0.056044851266178176,0.0775357340825322,0.0368294736892028,0.03960158461204601,0.046756291297333254,0.02104541353668731,0.056962919305967,0.05892715790272448,0.08299194000584952,0.008418165414674926,0.03535629474163468
644,0.04531362935822401,0.012553100024913407,0.01488668913210885,0.06500261598260158,0.019352695871741505,0.02552003851218659,0.06450898623913834,0.030328893095672695,0.06452202123793022,0.05985369857239641,0.058058087615224505,0.10621573566119227,0.0015482156697393201,0.08118835857705523,0.13326105065851637,0.06762810205729447,0.03850509627438713,0.07929885137689201,0.005278007965020409,0.027176126117764658
645,0.14534044658152653,0.1705061781215464,0.008915355718773667,0.008997806708579493,0.008660631269665849,0.0019487299402392209,0.0081924890388731,0.2712145055500621,0.01122674423845573,0.08643521713091945,0.04456823694446553,0.012124883777532187,0.003566142287509467,0.012124883777532187,0.002859642400361366,0.004457677859386834,0.01466719811798249,0.16122943550338356,0.00918551801328196,0.013778277019922942
646,0.05376887324365985,0.015266065601503042,0.01590884731104001,0.048362895825561615,0.021785088209712446,0.07696641407424448,0.0968048159907075,0.05175908945310377,0.05425324852226464,0.03136744422648454,0.03900233534319486,0.047831331592549,0.02555458540455066,0.05812848055956926,0.047126144593776,0.09365527058394067,0.05588028794726492,0.07604228903390194,0.017992148744628584,0.07254434373834244
647,0.06268206239002339,0.05995675532958758,0.012768568264634397,0.02298342287634191,0.06895026862902572,0.09275856441577883,0.034823367994457434,0.04340117406587516,0.05076925580531695,0.04747749326568282,0.02298342287634191,0.08427255054658699,0.003737141931112505,0.030644563835122544,0.08532552151839083,0.06278600796191909,0.07085677797626243,0.07071822423489818,0.05407864206198096,0.018026214020660316
648,0.016245141370927772,0.07409197133171146,0.02186845953778738,0.018952664932749066,0.1137159895964944,0.01439442906284739,0.02472086730358574,0.03790532986549813,0.028428997399123596,0.007935705161300044,0.0355362467489045,0.02992526042013011,0.009320982753811016,0.02186845953778738,0.16455157990252378,0.008884061687226124,0.013222789487964466,0.012635109955166042,0.317366956545338,0.028428997399123596
649,0.012907708353832351,0.057009045229426215,0.03600571277647971,0.031095842852414294,0.02327297920930979,0.007052665389207366,0.02073056190160953,0.028504522614713108,0.024432447955468378,0.381747762936033,0.03600571277647971,0.022068017508164985,0.03257659727395785,0.028504522614713108,0.00865960180700145,0.13680757712635788,0.01341389299515911,0.03056546554054454,0.04657134563096289,0.022068017508164985
650,0.053520435487617694,0.02625305642647914,0.07471477950562846,0.06978655305311698,0.04589758485594802,0.06750785938237493,0.060118357871420156,0.0636459232825724,0.04709390888758338,0.04325150999321686,0.049487011363913175,0.05830366281380575,0.0006184757915370347,0.056884223961563604,0.06271449756767085,0.06110187165066031,0.06126430462802139,0.054204840033495155,0.008776021719708739,0.03485512172366592
651,0.05107659712053296,0.05131107395742347,0.035289285283277315,0.014703868868032217,0.047947398482713746,0.034763612537516454,0.04784987835020653,0.06618624899786331,0.10951847156879169,0.040935570928601686,0.06268491464792682,0.10101466914025732,0.0033608843126930778,0.05146354103811275,0.05797667234871929,0.04882360388987858,0.04936674748834537,0.055874701698522405,0.028459101034901065,0.041393158305684
652,0.05744591593402365,0.05983949576460797,0.10470074485951436,0.07522679467550715,0.09042412693318536,0.0020813737657254944,0.08712216051869517,0.005213771129875561,0.03226761908070257,0.01914863864467455,0.025645498184831982,0.08040817597170014,0.0021119822034567515,0.05744591593402364,0.035903697458764774,0.09140593267274592,0.012895608465313192,0.04889014122044566,0.0670202352563609,0.04480217132584518
653,0.12175522134735534,0.028773523117392258,0.020552516512423045,0.09482844994489767,0.02997241991395027,0.39822082460929586,0.024804761308096772,0.04231400458440037,0.026642151034622457,0.014104668194800126,0.0513812912810576,0.019981613275966845,0.013833424575669353,0.032697185360673016,0.0037668276504571776,0.009591174372464085,0.010736389222907558,0.013011722245684542,0.022479314935462704,0.020552516512423045
654,0.06661833075858196,0.07671313699852819,0.005490521765817194,0.020074720206269124,0.051910387604089836,0.0336755732560384,0.04568114109159906,0.029740326231509812,0.05608175803656137,0.0707801241075897,0.03059004983812437,0.038932790703067384,0.04853621240982401,0.05710142636449883,0.042201086635831296,0.036919025666701834,0.07574679007535558,0.07828421356423229,0.03835379598111264,0.09656858870466714
655,0.023796209158255047,0.015971939102455607,0.2149016938042005,0.09190142059012597,0.02948665680453343,0.02981374515384862,0.061143320598522025,0.020175080971522874,0.010360176715106341,0.05476093406556208,0.01742393356631521,0.21346074987816316,0.01940893865614859,0.05476093406556208,0.004618392029625718,0.02771035217775432,0.041440706860425364,0.024996323447641834,0.01742393356631521,0.026444558787915833
656,0.006728909782642477,0.0247287434512111,0.015700789492832448,0.01705430582842145,0.0210457391074137,0.004116607306512695,0.012846100494135638,0.029408583763325495,0.1864519378009967,0.0075507613591484285,0.021981105289965424,0.01124033793236868,0.006300316802856331,0.015700789492832448,0.5565780336089193,0.005346755340802401,0.010522869553706854,0.009697546451455335,0.0210457391074137,0.015954028033039417
657,0.014167289508687652,0.017398425712423435,0.015495472900127118,0.023612149181146087,0.08148514615605815,0.006567617653034009,0.03893998934925032,0.01625754533783829,0.030990945800254233,0.5668593352193079,0.037423028890873046,0.01680864856962942,0.03712229753644947,0.02306302943274734,0.005071669493441229,0.007808742248882956,0.009917102656081356,0.010550109208597187,0.02306302943274734,0.017398425712423435
658,0.04501032598548446,0.0662087375786481,0.015203487888430312,0.06892091156882986,0.002850653979080683,0.06070710515095214,0.105407902947402,0.005105648917756448,0.09550743861969396,0.011067244859960298,0.026027710243780148,0.10886290491003973,0.0009663233827392145,0.06255236146841675,0.11638649698107119,0.08953731961139326,0.09895648508113006,0.005897904784304861,0.0032271554480158677,0.011595880592870575
659,0.007781649411473512,0.016414416727326943,0.01500746672212749,0.018430222290332005,0.019100412191798626,0.02501244453687915,0.04202090682195698,0.014006968940652323,0.020202359049017776,0.01302384086473677,0.024430759780207544,0.010611340106554791,0.004218966548389254,0.09895558671387868,0.5924977891788927,0.02000995562950332,0.006734119683005925,0.010611340106554791,0.02501244453687915,0.015917010159832188
