site,A,C,D,E,F,G,H,I,K,L,M,N,P,Q,R,S,T,V,W,Y
564,0.08233560009837741,0.03372636768272146,0.03802071884729161,0.05257623797944589,0.023845075174888555,0.019180038664782476,0.05254914680050912,0.032359771993292395,0.05849803051172574,0.07129033939318244,0.0679946524265075,0.09465329437667659,0.00843058159608929,0.0846275215169158,0.1211267073222778,0.06323237222906002,0.02633118493066441,0.04055278950790718,0.014113751693312792,0.014555817254371481
565,0.005356045671574812,0.007684761180955165,0.009554027414160475,0.011783300477464585,0.009911187317493577,0.0031656628148412323,0.008911739856905989,0.009468723597962614,0.009468723597962614,0.7461991418854662,0.12141408672358672,0.008987263076032311,0.003080412191201357,0.007955250296098728,0.002338207467873171,0.0036568863550752164,0.006669792723093162,0.0037210422560414484,0.007740854328261408,0.012932890767948936
566,0.5172811595983823,0.16662702299244372,0.01128837154850652,0.01679192911841385,0.029801300888057214,0.003433329595398297,0.016556278271142897,0.03239271835658392,0.01128837154850652,0.0053599462028879885,0.013070746003533869,0.019103398005164883,0.0053599462028879885,0.010493415805653949,0.003984131134767008,0.04190837043299471,0.003948174345946171,0.05992783482308663,0.014057217400026988,0.01732633772561466
567,0.027141689204814304,0.0626997512721551,0.014566608881409772,0.15064940237879054,0.018489398182917893,0.002145264217080348,0.03277486998317198,0.011399954776755471,0.05669166699791912,0.08433842981201706,0.07713270906788425,0.10259959299079927,0.0012693075220543974,0.11128211668704907,0.11707488440500505,0.029309261484396425,0.033637366561676506,0.022269215492347175,0.026320248979994236,0.018208261101762213
568,0.44712325900988964,0.01319145713376227,0.012052256534794808,0.016573882039855162,0.01576539998913052,0.008332471374503816,0.017469767555523007,0.028103539111058753,0.020199418736073477,0.006040947659386462,0.021546046651811715,0.016573882039855162,0.008079767494429391,0.017469767555523007,0.005876194541403194,0.298470031738319,0.004300159889320559,0.0035871659724174623,0.016159534988858783,0.02308504998408398
569,0.001733151207600116,0.0054562265571334095,0.005783600150561415,0.006642086006609104,0.01204916698033628,0.0010646782350428976,0.009639333584269025,0.4690858939472331,0.01204916698033628,0.08009572099788886,0.13148257366899951,0.011122307981848874,0.00317780228052825,0.013144545796730486,0.002430084096874544,0.003484096476241816,0.01655597272754941,0.19909869191017276,0.0038557334337076094,0.01204916698033628
570,0.007480649022723545,0.015657172373142302,0.021718013291778037,0.011607903655950328,0.012467748371205912,0.0035249131520686877,0.015657172373142302,0.44509852692842244,0.018701622556808867,0.005219057457714103,0.18149889367759658,0.02381560684160897,0.008743615740845704,0.021718013291778037,0.0032524560968363245,0.004933270464923321,0.08933474681600646,0.08847135141309963,0.008631518103142555,0.012467748371205912
571,0.005719389797635934,0.0047110506440191675,0.0062814008586922244,0.02814920252632342,0.03050341225405831,0.03372236530599411,0.1538432965856854,0.0073111440067950085,0.1653797533872198,0.011903770635730076,0.028709093886172533,0.1732794268965249,0.002578680352515755,0.08299620845304932,0.11549347171043388,0.00976109192129866,0.05330004425251995,0.0032755342017780744,0.044952397005980665,0.03812926531757289
572,0.001247895058347525,0.030196280264446766,0.002363118779239435,0.0020703713468038475,0.1519778983619906,0.000520550510053539,0.02112304509928176,0.005693521203710582,0.003373938491087752,0.3644114738527479,0.17693967516549608,0.008871563168304224,0.0014233803009276456,0.1578846332245965,0.0009973276151213585,0.004347816513775281,0.0013596468546174527,0.0009589088343091505,0.0013396520479319017,0.06289930330721055
573,0.18966314719505153,0.011800045592184722,0.014831632450007171,0.010128919721956117,0.014077481647464432,0.003881174846730848,0.011865305960005736,0.06806999623273542,0.01732298725990845,0.003076190434075562,0.00798626362692694,0.015101298494552754,0.006796498030717605,0.011698188974653544,0.0025794143391316823,0.0046258129785254325,0.5813587718112118,0.004152857086002009,0.006152380868151123,0.014831632450007171
574,0.007230301775361266,0.10474269506972406,0.01446060355072253,0.013793191079150722,0.01047963389699395,0.0036744156563311356,0.09523733780084878,0.01757955725774112,0.012281608495134206,0.004505313669069331,0.016301044002632676,0.02012367928806308,0.008458088869290538,0.012281608495134206,0.005674414051549348,0.00418952065488223,0.007348831312662271,0.0055686796282285525,0.009437446527839968,0.62663202891864
575,0.012648060454758803,0.04030019262545697,0.009759004997296592,0.017496276307472892,0.007140735363875556,0.0021686677771770206,0.18965900268374145,0.005323093634889051,0.007201784577217886,0.012671177814511278,0.21528613540014985,0.00522803839140889,0.005662890594022268,0.20339561281864554,0.04118420400609264,0.002614019195704445,0.004123523238294335,0.002523880602749119,0.20770099276197054,0.007912706754564803
576,0.01228448024400149,0.02315152045984896,0.15820403066074817,0.025080813831503044,0.018240591877456757,0.01201447812605236,0.0475942412077207,0.020756535584692173,0.02617128399809014,0.007340725999464305,0.021497840427002608,0.41759895494843974,0.012540406915751518,0.032534279357316336,0.007717173486616322,0.08500581033181263,0.009630123379130457,0.009708702128323757,0.016268635998812783,0.036659371037215685
577,0.014659868327977148,0.01924107718047001,0.016203012362501056,0.0956494480293997,0.022804239621297788,0.008672034785563946,0.01924107718047001,0.035186530663046736,0.42624130323193893,0.00699675533835273,0.021989802491965724,0.08652553216698836,0.013682543772778671,0.025550791665954378,0.10989773519718468,0.009472530304231386,0.01108420160866236,0.009472530304231386,0.029319736655954297,0.0181092491110306
578,0.07610066050370236,0.009534103500134462,0.013799360329141985,0.012194783546683612,0.010701544745048888,0.004030506613825716,0.009199573552761325,0.24005295477600438,0.011399471576247728,0.1349410348770607,0.047294018029986985,0.015890172500224103,0.004681925825958887,0.010924493593904072,0.0040028678817358426,0.0038275597993240543,0.00749108132153422,0.3646814461423912,0.007599647717498484,0.011652793166831009
579,0.11740595717065826,0.07330136250935164,0.02160664996514151,0.023552234474708902,0.014275822298397066,0.015315749735050085,0.02160664996514151,0.03164473454672009,0.016315225483882364,0.00888257052446386,0.008556655703983389,0.020498616633595788,0.008157612741941182,0.018591768574656647,0.005751410422375798,0.006447145554114805,0.010659280649469811,0.5563596670737523,0.010119570236838427,0.010951315735756653
580,0.011090675798491361,0.033715654427413755,0.017703477851681138,0.13885627371730003,0.017703477851681138,0.021985432937822444,0.012171141023030782,0.014425056027295744,0.269388801276586,0.03241889848789783,0.06474942710704612,0.031045468001492382,0.006601296826050594,0.04038858212362665,0.1924112830153299,0.036525292296364885,0.021694030899125687,0.007636794367391864,0.013909875454892324,0.015579060509479402
581,0.07225932714289797,0.013037844383566045,0.013999170384775458,0.007166884791139335,0.008453248728010497,0.0023717748229669738,0.015698890494876636,0.04972707274809945,0.010302396887262795,0.165028518805233,0.09404148865553656,0.008453248728010497,0.004020447565761091,0.014333769582278666,0.0031699682730039363,0.0036630744488045488,0.26430607864240274,0.2285172413247803,0.006464249027302144,0.014985304563291335
582,0.00998821714553454,0.018228496290600534,0.02144528975364769,0.014582797032480428,0.0785825374125862,0.007365049006303246,0.02196145571413257,0.016131095407445156,0.017783898820098083,0.5063382435591233,0.025142753504276603,0.017360472657714798,0.10708124423487303,0.024304661720800712,0.005283622113217546,0.006025949186975383,0.05347146321001292,0.012115212643387543,0.014021920223538873,0.022785620363250672
583,0.012142109020487735,0.02172798456297805,0.02428421804097547,0.020138132033979655,0.01834807585318146,0.041770459201631825,0.07506031030846962,0.016016556605362935,0.02782989171918951,0.007179681855592747,0.01965865269983728,0.02117085675367092,0.009073224323001821,0.028471152185971238,0.5736739079809183,0.028066739045594803,0.010250242887207035,0.011310457717714599,0.01587814256525319,0.01794920463898187
584,0.012466607732670075,0.030207549506085184,0.032724845298258955,0.03141585148632859,0.039269814357910736,0.01539992719918068,0.016710559301238607,0.04908726794738843,0.037399823198010225,0.004665304662450576,0.028049867398507674,0.030207549506085184,0.5452084103924375,0.022595287645299757,0.00994172515390145,0.006152274833611224,0.015235072021212628,0.011382554886350937,0.03569983123446431,0.026179876238607156
585,0.16680233838182326,0.15271850421155964,0.005119259774242242,0.006344464800303712,0.1860180276862606,0.07962054564196187,0.020668669742917846,0.07012584377061411,0.007534051950360659,0.013090157503847968,0.028050337508245645,0.010482159235284396,0.0033025981152265903,0.006696935066987252,0.007215047443065809,0.06271955616010096,0.045687432780632684,0.019752622991732912,0.005606736335152118,0.10244471089967973
586,0.03147198183105434,0.04074091143794355,0.1383455687733216,0.05379862357149299,0.07252777640600938,0.044136560738854004,0.0177420098197496,0.07173943101029188,0.016589291162429916,0.10713444391156494,0.023798176633221826,0.04835185093733959,0.051709618363543736,0.036915253239041095,0.009954792840040501,0.04414734216017962,0.04136769469083498,0.08207221810724917,0.028533214361278886,0.03892324000455838
587,0.051515596548677794,0.020479828937468234,0.0222440939071977,0.1315195876594155,0.01638386314997459,0.26216590614129043,0.039960641829206306,0.02100831091235338,0.01454421524701388,0.014894421045431441,0.04095965787493647,0.02409391639702145,0.008220643400486106,0.16091294165153608,0.0032352941190863255,0.045510730972151615,0.03471157447028514,0.00512093441521772,0.008045736094092783,0.07447210522715722
588,0.011956662797870367,0.03646782153350461,0.02025990085194701,0.0781400560114457,0.02210171002030583,0.5060943958608907,0.028052170410388166,0.02701320113592934,0.0383871805615838,0.006287555436811141,0.025150221747244565,0.025150221747244565,0.02025990085194701,0.03315256503045874,0.005439431683048261,0.009350723470129389,0.016207920681557606,0.05644994477118505,0.014884825115716168,0.0191935902807919
589,0.030889520249722656,0.0063113991365720355,0.006529033589557277,0.001835296583533059,0.006529033589557277,0.06434431145874243,0.11301524633630584,0.07181888249925371,0.13017175225008684,0.09013612032383643,0.07032375479129024,0.026095494726646223,0.0028259996133904635,0.04648317661990341,0.2038732901018737,0.017209309099332003,0.02279984777273069,0.06803823276057332,0.004854922412747718,0.01591537608434463
590,0.05438884501184309,0.49560240059593197,0.014742153690065072,0.014742153690065072,0.006426066993105285,0.003529811446916988,0.007160474649460174,0.10284126428864789,0.008918438849317579,0.0025061661273110616,0.013126311458907533,0.03229489327191536,0.0023686067406171185,0.011391664215050282,0.0028806507210471974,0.004337409550917943,0.17376381346456182,0.03644020793069853,0.006426066993105285,0.006112600310514784
591,0.09420842171933703,0.0431504604572918,0.028837491186947874,0.03392646021993868,0.014067068871681894,0.007300630680239968,0.015587833074025882,0.13013004265651243,0.02621590107904352,0.049073072676920085,0.01988792495651578,0.021361104582924357,0.006866069330225684,0.04436537105684289,0.0061356364227548674,0.00790068251697202,0.009011715995921212,0.4000147999423025,0.020598207990677058,0.021361104582924357
592,0.03515390310264004,0.020272520163802918,0.02627919280492971,0.029564091905545924,0.10801738034773388,0.008155611560150598,0.019176708263056813,0.0834935152037687,0.02248866745114027,0.021701345810400764,0.4927882649250975,0.01773845514332755,0.010434385378427972,0.018193287326489796,0.006412295147947991,0.008250444252710489,0.031083569230149738,0.0058819614818706335,0.0120260712836119,0.02288832921719684
593,0.010426058918843168,0.022242259026865427,0.6973871774031164,0.02772355448448533,0.01819821193107171,0.004224401359030644,0.021758731656716174,0.025022541405223607,0.026339517268656423,0.006178405285240397,0.021758731656716174,0.009741146998786771,0.008779839089552143,0.025664145030998564,0.007098593306446414,0.0075233979160785214,0.010426058918843168,0.010426058918843168,0.02042656441242743,0.018654605012058446
594,0.0074771889184758675,0.03400850114319839,0.019079723447145317,0.023054665831967257,0.011527332915983629,0.010246518147541005,0.019079723447145317,0.3838211797431442,0.03254776352748318,0.006500417853116802,0.017537248054428377,0.04459568081617684,0.007093743332913002,0.012295821777049206,0.0060803514282111466,0.005219924339313341,0.1934675142161574,0.13007419484764626,0.01784877354732949,0.018443732665573802
595,0.010277349474276524,0.022199074864437292,0.027748843580546613,0.017902479729384912,0.013356985333969245,0.011099537432218646,0.021345264292728167,0.3843086565817358,0.022199074864437292,0.005631449477943567,0.015611356714199798,0.028388201805297962,0.010090488574744223,0.016817480957907038,0.006453219437336422,0.01568613792207401,0.09511400099085603,0.194836270855979,0.04624807263424435,0.034686054475683264
596,0.008878104288660323,0.02196162639826501,0.018966859162137962,0.018966859162137962,0.02196162639826501,0.008024440414750676,0.014641084265510005,0.018545373402979338,0.024545347151002067,0.05810293950176758,0.015746071757246606,0.02196162639826501,0.09269915794877662,0.02086354507835176,0.005454521589111569,0.5798688069598338,0.010699253886334234,0.00860352374365021,0.013460351663452748,0.01604888082950135
597,0.009817482333571619,0.026543563346323268,0.032576191379578553,0.026543563346323268,0.016288095689789273,0.04758835685200347,0.017479907569529954,0.019316996467213753,0.11158933928150173,0.006073527206362102,0.029861508764613676,0.01936962730677643,0.014626045109198533,0.026543563346323268,0.49744464990393794,0.036476659051747275,0.011836026728306488,0.009429950136193792,0.013030476551831418,0.027564469628874166
598,0.03797467534860875,0.010389548736794867,0.016501047993733024,0.00825052399686651,0.015584323105192302,0.24556956725433654,0.00949771521083602,0.008766181746670668,0.10742541952084911,0.003016320601004962,0.02373417209288047,0.013357991233021973,0.003113265127640559,0.19449078506054213,0.19073872625419439,0.08438816744135279,0.00475453925243155,0.003643088518096902,0.008014794739813182,0.010789146765133132
599,0.016847840566832948,0.0453550341874887,0.5674506949406684,0.02091688325883323,0.03401627564061653,0.023617721262905646,0.02332544615356562,0.026335181141122474,0.030236689458325798,0.011183433087325983,0.037108664335218026,0.023273165285125273,0.010741981781247325,0.025512206730462398,0.00907100683749774,0.010741981781247325,0.014578403845978513,0.012369554778406011,0.03265562461499186,0.024662210312140324
600,0.015159666999369522,0.025121733884669498,0.025121733884669498,0.025860608410689184,0.02144538258447396,0.019114362738335482,0.03093108722274,0.023138439104300846,0.02647321427616274,0.00968922128652403,0.028363247934304267,0.021981517149085805,0.013102445302005727,0.611475487294021,0.003619102884946152,0.01112988210080294,0.011723475812845765,0.011418969947577042,0.032565210591238236,0.032565210591238236
601,0.010642983002377558,0.02406239635320143,0.029128164006506987,0.02305979650515137,0.03255500683080193,0.09163563710868558,0.01729484737886353,0.024623754615213385,0.19131665997862055,0.008260225613785565,0.02128596600475511,0.01908396952150458,0.01677076109465554,0.025156141641983307,0.3830726835050123,0.018900442435010347,0.008847996583589712,0.01677076109465554,0.018447837204121097,0.01908396952150458
602,0.013138741520651953,0.026277483041303906,0.01819210364397963,0.008089569815255594,0.05457631093193889,0.4923934158335684,0.035474602105760276,0.039416224561955863,0.05067800300822897,0.012232621415779405,0.0417348260067768,0.03734168642711608,0.0104337065016942,0.028379681684608218,0.03057450082755766,0.009096051821989814,0.014479429430922564,0.012210570164514826,0.03900298821509308,0.026277483041303906
603,0.017209703544198013,0.06891372119863476,0.029256496025136615,0.026596814568306013,0.029256496025136615,0.07694356628610892,0.025440431326205753,0.05561892772489556,0.04179499432162374,0.010835739268569115,0.03657062003142077,0.03471573177754881,0.009592293778733316,0.030796311605406967,0.005269563283204746,0.4051445656181384,0.015814322175749525,0.020176893810439047,0.030796311605406967,0.029256496025136615
604,0.012113286506721119,0.02339117394401319,0.02339117394401319,0.07416900690096975,0.03391720221881912,0.47027305170397005,0.018333622820983313,0.030833820198926474,0.045222936291758824,0.015775442892474015,0.03990259084566956,0.02339117394401319,0.014746609660356147,0.019381258410753787,0.004563737928778565,0.011900772708357592,0.012113286506721119,0.013522511843304042,0.056528670364698545,0.056528670364698545
605,0.014989975844169237,0.034713628270707696,0.043970595809563084,0.021276094746562793,0.03297794685717232,0.010147060571437636,0.014105880273881516,0.01782591722009315,0.024840698111995987,0.008188035740756317,0.028676475527975927,0.014989975844169237,0.02160542571544375,0.4573266323104936,0.1544258731659527,0.00824448671429308,0.0111789650363296,0.018321081587317958,0.034713628270707696,0.02748162238097693
606,0.14800243008119568,0.020375296319080565,0.017658590143203156,0.029430983572005253,0.053334620538214535,0.006013202816189985,0.015135934408459846,0.13544609316036466,0.022073237679003942,0.00646045980848896,0.031162217899770264,0.04075059263816113,0.006159973305768542,0.035317180286406305,0.006089169014897639,0.011036618839501971,0.012039947824911244,0.36680383774660624,0.01708895820309983,0.019620655714670174
607,0.02638753054926214,0.01063111225317389,0.01146240772264527,0.0208533355735334,0.022084804872481666,0.005253703396260329,0.013902223715688933,0.36478050271631546,0.02710933624559342,0.007326847633944167,0.016429900754905108,0.01063111225317389,0.006777334061398355,0.02357333586573341,0.006024296943465205,0.005958095878152401,0.00834133422941336,0.37651724463017777,0.014268071708207066,0.021687468996474737
608,0.051268953493899164,0.022216866223835167,0.024882890170695386,0.03659248554514028,0.03659248554514028,0.011310404623043358,0.0327406449614413,0.06407073092550349,0.03887951589171155,0.011310404623043358,0.04147148361782564,0.02249785278557498,0.029269804848835936,0.05183935452228206,0.011310404623043358,0.015135505670412008,0.4306302260487587,0.015172494006521577,0.0327406449614413,0.020066846911851118
609,0.016593547672319815,0.06718831499939129,0.06963602196364278,0.025644573675403348,0.053472147190484036,0.004624431318515357,0.11885048193362353,0.031343367825492977,0.03318709534463962,0.011513890221609663,0.031343367825492977,0.028209031042943682,0.014104515521471841,0.028209031042943682,0.0088153222009199,0.008679701859367285,0.020895578550328652,0.015248124888077664,0.02169925464841822,0.39074220027491363
610,0.3554378601843744,0.03949729187672071,0.029625780366881085,0.024450704495112812,0.051346479439736914,0.006445515820845302,0.0466786176724881,0.07335211348533845,0.0466786176724881,0.013512231431509713,0.03667605674266922,0.03667605674266922,0.014670422697067689,0.03667605674266922,0.010067937145046455,0.06632937646094816,0.01491972299754883,0.006115386709428087,0.03949729187672071,0.051346479439736914
611,0.01188553689353365,0.02742816206200073,0.029713842233834116,0.020974476870941734,0.10773581026921311,0.005022057842338162,0.031101111324678726,0.018049970894558218,0.016979338419333783,0.24694725705616571,0.3749901719600073,0.018766637200316287,0.0025553542641560782,0.014856921116917061,0.022556396302603633,0.006147691496655336,0.008914152670150237,0.006255545733438762,0.014262644272240377,0.014856921116917061
612,0.016743896392131224,0.02076243152624272,0.030742957756278243,0.02883671045311489,0.04718734437782436,0.012358590194192094,0.04871797043472854,0.04523076352303549,0.07744104922378554,0.012071181119908556,0.04718734437782436,0.3597092302396438,0.008651013135934466,0.039927752935082154,0.009981938233770539,0.10351225353699378,0.020340280851580107,0.021627532839836167,0.0259530394078034,0.02301671944028961
613,0.005502724470627264,0.04874462984783109,0.08124104974638514,0.028673311675194754,0.03749586911371621,0.016248209949277028,0.02708034991546171,0.055230828712330635,0.08784739863988672,0.01160586424948359,0.024372314923915544,0.028673311675194754,0.012948034716006758,0.040620524873192565,0.009102845219048085,0.05169391680511925,0.3369002989136271,0.016808493050976234,0.030465393654894427,0.04874462984783109
614,0.02153200818974572,0.019801954257146218,0.02870934425299429,0.030398129209052778,0.35712791879689054,0.009750343331205608,0.03445121310359315,0.02870934425299429,0.027198326134415644,0.10827894081384104,0.0234894634797226,0.03445121310359315,0.014354672126497145,0.03445121310359315,0.010995068011785047,0.046946918371077305,0.01987569986745759,0.028700179181495394,0.02153200818974572,0.09924604222315371
615,0.02730662161771232,0.04785793622266419,0.023042710033134607,0.01777580488270384,0.028279689586119743,0.0075872337913979815,0.018298622673371602,0.18033304936793787,0.034564065049701914,0.009426563195373248,0.03274490373129655,0.019719310356585994,0.005554939025844951,0.03274490373129655,0.009571587244532838,0.013907188586815932,0.43135166836540495,0.012961524393638214,0.023928968111332095,0.023042710033134607
616,0.014696773417608024,0.020385846998617584,0.030693970114602964,0.03949757855982157,0.04861240438131885,0.008900862774044298,0.045256963427448504,0.033261118787218165,0.024291863912304083,0.013445984190577553,0.03949757855982157,0.4375539041750963,0.014696773417608024,0.04514008978265322,0.010360020605854838,0.06650457772037462,0.02932501685173571,0.017554479359920695,0.020385846998617584,0.039938345964755824
617,0.02093831729218137,0.056832575507349437,0.02093831729218137,0.028416287753674718,0.018944191835783143,0.009041546103441954,0.03616618441376782,0.05370217287242326,0.04420311428349401,0.27509420736602314,0.09861113535959577,0.0994570071378615,0.01530107802120946,0.030602156042418928,0.012833162211336966,0.08857191480239163,0.018944191835783143,0.01069322334942009,0.016506102236168125,0.04420311428349401
618,0.13324491279295192,0.06501849722737778,0.010942540128730026,0.019217876657918857,0.01805519121240454,0.021051636619122766,0.014444152969923636,0.05689118507395557,0.01641381019309504,0.010627845684506558,0.04780417817880336,0.010942540128730026,0.005389609317135684,0.01203679414160303,0.004751366108527511,0.07314580938079998,0.1994885710385455,0.25044149779186065,0.01203679414160303,0.01805519121240454
619,0.09371782270921257,0.4840409789580067,0.011690529030399924,0.011888053919443685,0.014347467446399906,0.0032657084869556915,0.012140164762338382,0.02434813777454762,0.014347467446399906,0.008213568318763203,0.024289794735479188,0.016612857043199893,0.004711108713743253,0.014347467446399906,0.00375767004548569,0.004711108713743253,0.013486076028258973,0.21892544554971854,0.009018408109165654,0.012140164762338382
620,0.010138180993062997,0.02258049403000395,0.070967266951441,0.02258049403000395,0.08279514477668116,0.007526831343334649,0.010622907845926283,0.03548363347572049,0.01818872896764566,0.00799880373714951,0.0183989210614847,0.17884942466789464,0.020982790686304775,0.3448720998088311,0.06736167429520944,0.01079936671000189,0.007199577806667925,0.012116362650246022,0.015053662686669304,0.03548363347572049
621,0.006130201447072455,0.022605117836079682,0.017222946922727377,0.01808409426886375,0.006715307172982092,0.00841120663668081,0.010779837292273942,0.34700365562582053,0.010333768153636425,0.2507571409789103,0.09762832937596565,0.012917210192045532,0.07128891993419684,0.0190358887040671,0.004222537404542003,0.006824186516552355,0.00822004284948352,0.056968316352451726,0.00841120663668081,0.01644008569896704
622,0.009365858958700957,0.016210140505443966,0.018324506658327962,0.026341478321346447,0.022182297533765424,0.006909240215435133,0.015609764931168262,0.29178313209558837,0.03242028101088793,0.018619002880046694,0.06496100370146,0.012947991349492163,0.005853661849188098,0.018324506658327962,0.0060209093305934715,0.005334982951158773,0.10168303512294762,0.26890608239705033,0.028097576876102873,0.030104546652967367
623,0.011643661704885427,0.06856823003988086,0.056101279123538884,0.025713086264955318,0.03428411501994043,0.026906587194852092,0.022856076679960282,0.061711407035892764,0.041140938023928514,0.01610330029599996,0.047470313104532896,0.03428411501994043,0.017304922738137368,0.006960672893732076,0.42775930276591817,0.015823437701510963,0.02203978822710456,0.018700426374512958,0.008327512122603485,0.03630082766817221
624,0.023683661899649055,0.08257276716364133,0.008086032512069167,0.008931777724150153,0.0957740559578285,0.002436357563839496,0.07854674561283893,0.13796972770492913,0.006150483644652633,0.10851776231068708,0.029457777817332095,0.060474360699058684,0.0014406093103467984,0.10250104322153313,0.0018228117804388066,0.06451351085175001,0.054710569070054144,0.11923386259396326,0.008931777724150153,0.004244304837087335
625,0.025834376515902414,0.06907887633599993,0.02339241937285546,0.030702550426872782,0.024562040341498226,0.030702550426872782,0.024562040341498226,0.006426032323836769,0.02046836695124853,0.19467233165830364,0.33775374224338595,0.02585477930684024,0.010679147974564448,0.013276778562972017,0.014324123318005892,0.009824816136599291,0.006738069036335257,0.0853111025110363,0.0169393381665505,0.02889651804882144
626,0.017889892098168027,0.0317138996285706,0.0681728566784393,0.47953164203789506,0.0317138996285706,0.0730991177783074,0.030335034427328395,0.03488528959142766,0.016021796791530835,0.009061114179591597,0.030335034427328395,0.01993445119510152,0.014238893710786798,0.027908231673142124,0.008406093877452446,0.009967225597550759,0.015856949814285298,0.024447631811735523,0.0332240853251692,0.023256859727618436
627,0.25757264420276527,0.04202518956659834,0.020713939886146455,0.026840921204660376,0.02505152645768301,0.23461631426873675,0.01295768609880156,0.020876272048069182,0.01708058622114751,0.0052190680120172955,0.02210428805089678,0.014452803725586353,0.007226401862793177,0.019777520887644486,0.004756618947661333,0.23297455775037693,0.002930218254002733,0.0043557988524998,0.01708058622114751,0.011387057480765007
628,0.03842510810897777,0.02365702512773605,0.02062489551838142,0.42160928632263167,0.02460330613284549,0.0032558929567511525,0.030754132666056866,0.02795830242368805,0.18490064977295012,0.009180338109270705,0.04393447523722408,0.02795830242368805,0.017085629258920477,0.024095419369630562,0.009045333137075548,0.00976321671938313,0.011828512563868025,0.020581032715338933,0.02795830242368805,0.02278083901189397
629,0.13819754299627993,0.06130111519624818,0.056927047141563394,0.12332520578384515,0.0045941754787012365,0.03482384427961281,0.029932185154418058,0.007367922499549055,0.002744465692784676,0.04566398479371684,0.014085734190314376,0.0556159311256284,0.0030368278588025124,0.12478815950438531,0.033726405807794985,0.04568111949720417,0.07736318624526511,0.11925804520109416,0.014931070305779016,0.006636031247012896
630,0.1310438636948065,0.2468880984450545,0.01112285017480216,0.015035197357428717,0.01229367650899186,0.0058093665687225715,0.013739991392402668,0.013739991392402668,0.008983840525801744,0.2524731793432336,0.014026982047044792,0.006673710104881296,0.004491920262900873,0.008983840525801744,0.004491920262900873,0.0038291779290302516,0.06440559089870986,0.1599406321531395,0.01229367650899186,0.009732493902951889
631,0.00807881502019815,0.018728162092277532,0.015846906385773296,0.0294299690021504,0.08687691586062248,0.005644103644248023,0.02288997589056143,0.17587349376229391,0.018728162092277532,0.2834656087947496,0.018728162092277532,0.015846906385773296,0.006645476871453318,0.014714984501075203,0.006242720697425843,0.05632931120941125,0.008956947087610993,0.1583321798423771,0.02575122287688161,0.02288997589056143
632,0.06720941859066233,0.04864456093461905,0.06157676554346323,0.04536766126235604,0.02565929471522011,0.04996205658231295,0.045756084981686214,0.048735998079233005,0.02884183644510881,0.07617603118580969,0.05928852187986465,0.0671806988907581,0.0007952260758849211,0.08706453368417395,0.019438859632742514,0.0742094487518104,0.0734788894117667,0.05018677689282664,0.03955385351358041,0.030873482946120457
633,0.04382777294141897,0.030075551486556336,0.07485470592209577,0.06576520591726984,0.021229801049333887,0.04601031736188968,0.07502718220302224,0.05946944848133553,0.0114256615791336,0.05299727720265248,0.05114764951601828,0.08148639561900035,0.044556372572676056,0.0802014706308169,0.009567860123994482,0.033632874780665144,0.051737079223361,0.05403696891702575,0.010693529417442251,0.10225687505429154
634,0.044166834859232486,0.12468336566455898,0.07643424715068747,0.053211394250788864,0.017197705608904684,0.07376080157947652,0.07575021958730213,0.021497132011130862,0.028384652181124997,0.005316293307094189,0.0300959848155832,0.07165710670376951,0.048152651240622624,0.054923944128239297,0.059918782589842325,0.06922805223923495,0.05211425942092328,0.025182354641610432,0.014331421340753903,0.05399279667911935
635,0.010708683677503413,0.026584373020554396,0.47775989633082666,0.028691761406349704,0.028799737438933923,0.00391582916143249,0.03141789538792792,0.028799737438933923,0.03839964991857857,0.009599912479644642,0.03839964991857857,0.11709710160545159,0.009599912479644642,0.03141789538792792,0.007679929983715715,0.006399941653096429,0.013292186510277198,0.04885219449656982,0.018189307856168797,0.024394403847883665
636,0.026643387634696335,0.016954883040261305,0.010996455699083457,0.01893834037064373,0.008013167197567195,0.005777798757145545,0.011754831954192661,0.1726112521493564,0.01002618019622315,0.23456621280233877,0.1649840541994657,0.010330003838532945,0.005681502111193119,0.05738575798242286,0.004157196666726672,0.06575043419259886,0.07943676683677979,0.07164247960851501,0.012174647381128112,0.012174647381128112
637,0.04043596683329539,0.047775688527223185,0.012029631782724792,0.0718861632591918,0.05180032352500584,0.03662815529352287,0.04580980992007321,0.08505247925719886,0.051018952185232024,0.07383108109386655,0.07327139358568736,0.046514576226535854,0.033760579519259905,0.03613976059884129,0.045798629130643115,0.05957580599957756,0.05538200900784966,0.03796804397492523,0.040430497564464804,0.054890452714880605
638,0.06585894605285636,0.07964337662205886,0.020707277921735302,0.05449283663614552,0.028599743532250626,0.08050906549838559,0.09522577639593992,0.059732532466544114,0.06399914192844014,0.05089686397573593,0.03911905311094791,0.07167903895985296,0.001091005159206285,0.016337102896832583,0.06506078653632974,0.08014897461950744,0.04380385714213236,0.029491976250916648,0.029468287742042548,0.024134356552139045
639,0.007978952784104813,0.026531844390123054,0.028289014416371612,0.02593159654834064,0.1753446366648982,0.0052742230267811465,0.017287731032227097,0.17534088466516096,0.01830465638706398,0.21449826015570414,0.1233922935325441,0.015558957929004387,0.006915092412890837,0.016377850451583565,0.0052742230267811465,0.02832213266838222,0.007236724618141575,0.0692375277120691,0.021789856199966946,0.011113541377860277
640,0.05151755480151024,0.03725823159752079,0.03863816610113268,0.01728513608346619,0.010723273875172377,0.04268100612266702,0.14127079480726637,0.006209705266253468,0.13828711810832411,0.0347743494910194,0.009993328356103283,0.0765035688802427,0.035188329842102975,0.030238564774799494,0.11103148693738583,0.06918417306801825,0.04575572301449922,0.012419410532506933,0.004104204612460181,0.08693587372754852
641,0.026353068735678362,0.08002656023181529,0.09223574057487426,0.07451991264560033,0.0074383661753930855,0.049412435643020274,0.05242277114086556,0.0049589107835953895,0.07562836914574281,0.015128880356731704,0.0994945175755456,0.07569800939684009,0.0015247241742017271,0.07055432775866584,0.06169325052400596,0.052895048358350835,0.059693424620594716,0.04200489134339626,0.01666194023288052,0.04165485058220129
642,0.04721776836974665,0.022055187745185417,0.010476214178963073,0.04696233942293792,0.007188649507893282,0.0838097134317046,0.11450745730494526,0.007465136027427638,0.11252230044071451,0.022122044256939123,0.007465136027427638,0.048351757749060344,0.13392390283125344,0.052652768621991065,0.10594954822054935,0.0769034891207607,0.06014589273163584,0.025051816514911705,0.007763741468524743,0.007465136027427638
643,0.05381039681219895,0.02952695119496347,0.04105040829817235,0.08375422870316615,0.07390907659360423,0.07093484216889666,0.09201785319488613,0.02674681617985327,0.001879571782508601,0.07106641980154252,0.05849888451032236,0.04903582966306433,0.03374508707995825,0.05956173863763382,0.019718111398904174,0.06102236580292449,0.058116538859928096,0.06554163227099122,0.005604094818635923,0.044459152227844995
644,0.054669991844265055,0.021635807583155094,0.01642102319131771,0.0661477360692237,0.01630698830804467,0.02297616506289585,0.05336832537178257,0.035754373754358935,0.06805028527204784,0.06327172595623706,0.047438511441584494,0.10032714880025549,0.0013194782875927235,0.06759608151324664,0.13119091372324784,0.05512772071370947,0.04889072115044895,0.07809998834895007,0.0048516659428893254,0.046555347664746484
645,0.0967142701204666,0.22082586720079497,0.007002160945576077,0.006613152004155183,0.006802099204273902,0.0015305413616064697,0.0064344181662050436,0.29615632872153397,0.008817536005540244,0.07789805843620001,0.03541098799677549,0.009522938885983464,0.00280086437823043,0.009522938885983464,0.002245976152354591,0.0035010804727880385,0.025327698030198704,0.16483721392909195,0.007214347640896564,0.010821521461344847
646,0.060176908233711364,0.020058686503618375,0.025548432283556043,0.04059878148332359,0.02623893045338188,0.07048399563077017,0.08825822061592087,0.041821175649373835,0.05940457156840828,0.035386550718647526,0.038435031558546176,0.040391701352916975,0.014668632653019735,0.07637730630223921,0.04920955727974223,0.08813946447413679,0.056272862026196906,0.07743409921962868,0.02048851550012449,0.0706065764927367
647,0.0687933120952084,0.048344545855727644,0.041182390914138375,0.02162075522992265,0.043241510459845284,0.09117881257740373,0.03931046405440481,0.03472712271913825,0.07876126782213332,0.04002232356444432,0.03706415182272454,0.09266037955681133,0.0027876250968186553,0.027798113867043395,0.07880675639491755,0.07588194519918492,0.0635886330399661,0.06335752448328981,0.03633740374776915,0.014534961499107655
648,0.017013125708131554,0.03676183422357872,0.022902284607100174,0.01984864665948682,0.10734858849298172,0.03296757476751655,0.02588953912106976,0.03969729331897364,0.029772969989230225,0.008310863316553304,0.03721621248653779,0.03133996840971603,0.009761629504665649,0.022902284607100174,0.08006527688305148,0.009304053121634445,0.013847893018246616,0.013232431106324546,0.4120445606688705,0.029772969989230225
649,0.00974570872554699,0.12795025007056268,0.02718539802389423,0.023478298293363196,0.04504209703980347,0.005324974870659694,0.015652198862242134,0.0814228864085399,0.0184472343733568,0.3567638164917547,0.02718539802389423,0.01666201814367711,0.013293532474863656,0.021521773435582932,0.006538260284227727,0.09175319723990753,0.010127893381450792,0.06858102756931832,0.01666201814367711,0.01666201814367711
650,0.056124776130686116,0.03422716770270531,0.06133138428890168,0.05751833097450152,0.05063260325676062,0.06845433540541064,0.054685761433866574,0.05772365580131923,0.05699409591557333,0.038898908253430606,0.052652792982661685,0.053147185405034096,0.0004979800417393966,0.05681882409464879,0.048492887752811506,0.06530764418112966,0.06601354557743082,0.06194446233254316,0.021612011606565354,0.036921646862279986
651,0.05214664606824506,0.05568922233814323,0.039231133324877696,0.01901509013195602,0.05325965748630245,0.03895162797552541,0.06228671807720117,0.07195430245042814,0.09814685360305432,0.039775565379182115,0.05119852523064059,0.09152178047323277,0.0020587766759411034,0.048038122438625735,0.054269228492992795,0.045877387972808964,0.04517419593029316,0.051640981621522676,0.037190804468613475,0.04257337986041318
652,0.06732731199734916,0.05586425672193841,0.10117014740530193,0.07296555980008283,0.09458498492603329,0.0017217767036100172,0.07774134285890145,0.005246954031238091,0.04130453702785321,0.010640810804178747,0.02736208492503106,0.08185214037957815,0.001747096949251341,0.06384486482507248,0.027932128360969206,0.09934815547869498,0.008640193038750075,0.048902449653247,0.05958854050340097,0.05221466360951742
653,0.10883473656468423,0.0237538604557473,0.01696704318267664,0.09328666168083018,0.024743604641403436,0.41081978340526754,0.020477465910126984,0.03493214772904015,0.021994315236803057,0.011644049243013382,0.09202398055881536,0.01649573642760229,0.011420125219109279,0.026993023245167388,0.022565613251790847,0.007917953485249098,0.008863380767069887,0.010741772331873733,0.018557703481052578,0.01696704318267664
654,0.06776559573400327,0.06749612434524101,0.01031091059350853,0.02932165200028988,0.05483529724729536,0.03319115761534863,0.04825506157761991,0.036302997714644604,0.05505289763319731,0.062322381637994924,0.03351045942890272,0.04264967563678528,0.04490401563472963,0.06165924534918101,0.03411545216154827,0.05089501686743359,0.07112424042052821,0.05729207579780142,0.04240677130887389,0.09658897129507256
655,0.026269492229956514,0.01586637676535136,0.2442929913717432,0.10740276171464766,0.027149339073940355,0.026486117180205368,0.04606529976784656,0.018575863576906555,0.010291703847795474,0.0489591054473699,0.025963161979665857,0.1659022146300659,0.012050412733178247,0.06119888180921238,0.006881801970513842,0.04129081182308305,0.036020963467284166,0.036538548666825474,0.016042791270964755,0.026751360673443376
656,0.005974936135805809,0.02195789029908635,0.013941517650213552,0.015143372620059551,0.018687566211988384,0.0036553418825814267,0.011406696259265634,0.035121372325338136,0.15292675747257042,0.006704699327965297,0.019518124710298977,0.00998085922685743,0.005594366955181235,0.013941517650213552,0.611565536385343,0.00714462312057364,0.005269937344358266,0.008610937372190725,0.018687566211988384,0.014166380838120224
657,0.01275079837521917,0.015658875197637576,0.013946185722895969,0.021251330625365283,0.008456318287541996,0.005910966134207562,0.024619323169685264,0.014632063709267899,0.027892371445791937,0.6169555918337192,0.062228772631869,0.015128065868904098,0.07285339299086259,0.02075711363407772,0.004564587679030877,0.007027999104451511,0.008925558862653421,0.010024695895103521,0.02075711363407772,0.015658875197637576
658,0.04405375075786219,0.06279229290317943,0.01384221212443422,0.050956254761096165,0.002407035548386669,0.06817687077826423,0.11407753306038085,0.0035878937086137484,0.09984711974180539,0.010534330550580454,0.015233956278249616,0.10672826356464082,0.0008159442536903961,0.06600279993034777,0.1268088650162511,0.08831377785765288,0.10542427593208566,0.004474853057467959,0.0027249459038339646,0.013197024271176696
659,0.006619894890307914,0.013963840784243257,0.012766940145593833,0.01567869842441348,0.016248832912573972,0.015953738043339053,0.038536559487911515,0.011915810802554244,0.037054384122991835,0.03589143124306921,0.02078339093468764,0.01946290883227854,0.0035890996393235677,0.050813222334983664,0.622915996202315,0.027526113919936795,0.005728755193535695,0.009731454416139271,0.021278233575989725,0.013540694093811643
