site,A,C,D,E,F,G,H,I,K,L,M,N,P,Q,R,S,T,V,W,Y
564,0.07623853023487413,0.029431307823390956,0.03784025291578838,0.0585913593534788,0.018920126457894194,0.017490605792186628,0.056416377074448125,0.032927161574717756,0.05654779368314442,0.06753766659653368,0.07348686798138614,0.09441915540316385,0.009544947800523777,0.09034360383644476,0.1300486853082842,0.06028316557032258,0.025411787906262816,0.036738109626979,0.013314163062962577,0.014468331997213204
565,0.005696740845598548,0.008173584691510962,0.010161753940797411,0.012532829860316806,0.010541632592789837,0.003367028917697053,0.009478610818726996,0.010071023994897434,0.010071023994897434,0.7455649873066466,0.07595384194095613,0.009558938029055192,0.003276355547904964,0.04613462776771849,0.002486939582761285,0.003889498922167286,0.007094054637915174,0.003957735745363202,0.00823324589363878,0.013755544968640397
566,0.4941685912181468,0.15732744749847385,0.011322808721481073,0.023782138989200615,0.02989221502471003,0.003443803574275349,0.016606786124838905,0.032491538070336994,0.011322808721481073,0.005376297666314753,0.01311062062487282,0.019161676297891044,0.005376297666314753,0.010525427825602124,0.003996285431110967,0.047630295696947836,0.003960218949749368,0.07902544568969361,0.014100101426750014,0.017379194781808157
567,0.03075007440113303,0.0541914354663446,0.009718542032950686,0.1565196769517321,0.015039335188745952,0.0019083682537430443,0.045920111105692,0.017113084884108818,0.060281226934113044,0.08529590594238136,0.07000456233793642,0.07986106279250783,0.0013666699733836905,0.12509797709856293,0.11655470061378301,0.03580189053992878,0.03452639932758798,0.014365233821259793,0.023817022759965775,0.02186671957413905
568,0.4267910568560484,0.013240782467957483,0.012097322184128095,0.01663585489563889,0.015824349778778456,0.0053704750445099664,0.017535090295403157,0.02820862351869203,0.020274948154059898,0.006063535896541279,0.02162661136433056,0.01663585489563889,0.00810997926162396,0.017535090295403157,0.005898166735726515,0.32084411245979816,0.004316238994265737,0.003600579059281864,0.01621995852324792,0.023171369318925595
569,0.01373202524675761,0.005129622233482125,0.005437399567491052,0.006244497309529423,0.011327915765606357,0.0010009476492211244,0.009062332612485088,0.4819513253003432,0.011327915765606357,0.07504056869735842,0.13862125207793494,0.010456537629790484,0.002987582179940139,0.012357726289752388,0.002284621667013047,0.0032755419081271398,0.014829271547702867,0.1799800677412579,0.0036249330449940353,0.011327915765606357
570,0.00771301765960259,0.016143525334051934,0.022392631914975265,0.011968475678693673,0.012855029432670986,0.003634406227037871,0.016143525334051934,0.45892626415519305,0.019282544149006476,0.0070285603276716395,0.1695107469285914,0.01861047006257077,0.009015215446288742,0.022392631914975265,0.0033534859389576484,0.005086510822786352,0.059033838783080425,0.11515445469604318,0.008899635761079914,0.012855029432670986
571,0.0034669885962707436,0.0043296422066194705,0.005772856275492629,0.07252692319059185,0.03328309052419915,0.03233533082753017,0.11576727138851876,0.0067192310298509,0.15192830027718643,0.01352971159520291,0.02284133663425432,0.1796590446814618,0.0023699094183601316,0.07591539609347975,0.12432480779775576,0.010354739274195293,0.05395259294993866,0.0015110160721088085,0.04087397081919194,0.04853784034779044
572,0.0013627000388034512,0.019146688664501456,0.0025805231222174995,0.002260843246196635,0.1853845839906763,0.0005684405876151539,0.005746736675461166,0.006217318927040746,0.0036843371419500717,0.3824723091669203,0.1543610216368737,0.0029257971421368222,0.001554329731760187,0.15686773908225882,0.0010150724778842032,0.00508953391081802,0.0014847328780992828,0.0010471273982384417,0.001462898571068411,0.06476726560947939
573,0.21174591986901029,0.011826197547710337,0.016049839529035458,0.010960866019829095,0.015233745993660775,0.004199958007598064,0.012839871623228366,0.014199217693783524,0.011574252989204873,0.003328855606022169,0.008642221284865246,0.01634165479319974,0.022497214166156458,0.012659028360929376,0.0027912764398322536,0.009246136932067639,0.5886622373346566,0.004493955068129928,0.006657711212044339,0.016049839529035458
574,0.008876812921749355,0.027556262592387026,0.017753625843498707,0.01693422772764492,0.01286609500989886,0.004511167222528359,0.03939096700430368,0.021582839260723918,0.015078421949272877,0.00553128041355236,0.020013178223580362,0.024706318199075816,0.010384196248084152,0.015078421949272877,0.006966612672765318,0.005143573842508971,0.009022334445056722,0.006836800014266582,0.01158657686628337,0.7201802875935458
575,0.005782307127914853,0.03401357134067559,0.00963717854652475,0.027397642617173215,0.007051594058432744,0.002141595232561056,0.16052970699224697,0.005256642843558955,0.007111881164471515,0.01608871415570016,0.24605562246446172,0.005162774221352544,0.005323993684692285,0.18796855617385,0.04243026896486818,0.0025813871106762725,0.004072047273179472,0.0024923737620322632,0.22108821371439133,0.007813928551236284
576,0.011596375141188208,0.021854706996854698,0.16485196537716212,0.023675932579925923,0.017218860058127946,0.011341496970808773,0.051770931331826066,0.07123179933411777,0.024705320952966188,0.006929541242905149,0.020293656497079364,0.3684644628876075,0.011837966289962962,0.05682223819182222,0.0072849023322849,0.0594822216824634,0.009090699902818801,0.009164877127713262,0.015357361673465469,0.03702468342889956
577,0.01720749249064651,0.022584833893973543,0.01901880748966193,0.014668550962342031,0.026767210541005684,0.010179080064889484,0.022584833893973543,0.02918880925510597,0.46774652421784674,0.008212666870535833,0.02581123873596976,0.08868642140450383,0.01606032632460341,0.07267627001135582,0.06218096949306357,0.011118687455494668,0.01851729020508838,0.011118687455494668,0.03441498498129302,0.02125631425315157
578,0.06649464710889111,0.010283934897673815,0.014884642615054207,0.013153870217954881,0.011543192232082854,0.004347495034078749,0.009923095076702804,0.18491306017932727,0.012296009116783913,0.09983244087547964,0.1338002527937816,0.017139891496123025,0.00505014660153625,0.011783675403584581,0.004317682590626412,0.0041285870027157655,0.008080234562457997,0.3672605490201322,0.008197339411189273,0.01256925376382355
579,0.11544908093837691,0.05451545811093663,0.0217325137063869,0.0336195249010649,0.014358982270291344,0.04812617798062817,0.0217325137063869,0.0392245369334788,0.016410265451761535,0.01227891334380574,0.008606500205615507,0.020618025824008086,0.008205132725880767,0.018700069933402678,0.005784913720405146,0.006484701670454156,0.010721373428484204,0.5222376863841578,0.010178519077674876,0.011015109686798839
580,0.012189725351071086,0.037056765067256095,0.02105498015185005,0.05302059246276828,0.02105498015185005,0.03578607999302204,0.014475298854396912,0.017155909753359302,0.2982993791001886,0.04157008901775523,0.06985418014233466,0.012693962467411828,0.007851009548147478,0.06762443358007315,0.17731726228793127,0.018528382533628044,0.050312847854927775,0.009082540457660809,0.016543198690739325,0.018528382533628044
581,0.05992837181921866,0.007932730655357722,0.013810856408950786,0.007070477323253621,0.008339537355632478,0.002339870193306954,0.015487712231888887,0.0857560420702544,0.010163811152177083,0.14486298736715228,0.13551748202902775,0.008339537355632478,0.003966365327678861,0.014140954646507246,0.003127326508362179,0.0036137995207740727,0.24393146765225,0.2105096517983627,0.006377293271954248,0.014783725312257575
582,0.010133034869223213,0.01849278863633236,0.021756221925096898,0.01479423090906589,0.10327530436693409,0.007471833792457521,0.022279871701597575,0.016364977839462103,0.018041745011055963,0.4797673001223648,0.025507294670803256,0.01761217965364987,0.12312226718584822,0.02465705151510982,0.005360228590241265,0.0061133185574652445,0.036528965207570104,0.011380177622358378,0.01422522202794797,0.023115985795415454
583,0.011376791047290225,0.02035846818988777,0.022753582094580446,0.01886882417599354,0.017191595360349674,0.0035008623707513046,0.070329253746885,0.015007031932331532,0.14469233324713382,0.006727146010571611,0.018419566457517505,0.019836456185018853,0.00850133836500808,0.026676613490197763,0.5016639515345437,0.042199250475443005,0.009604169367525827,0.010597558783777196,0.01487734213876414,0.016817865026429023
584,0.015635086186428716,0.03127134645479487,0.033877291992694444,0.032522200312986665,0.04065275039123333,0.015942255055385622,0.017299042719673762,0.05081593798904167,0.038716905134507935,0.004829599249262931,0.029037678850880953,0.03127134645479487,0.5264628999135624,0.02339100919323418,0.010291835542084389,0.006368934950126158,0.01577159429443686,0.011783405910502419,0.03695704581021213,0.02710183359415556
585,0.1517753869785634,0.1879543973236123,0.0049543373250612675,0.006140071055943777,0.1780620606223695,0.06254010518837579,0.006140071055943778,0.09166248933516066,0.007291334378933236,0.013999362007551811,0.008332953575923696,0.01014446522286363,0.0031962013715871713,0.00648118611460732,0.007348746460657117,0.047795097696212124,0.043542246015871956,0.03547979629114522,0.005426109305252641,0.12173358267436359
586,0.031446783270803615,0.04026328487525295,0.16907077514393012,0.04956453657447065,0.07765062083084498,0.021320587908601658,0.007514576209436611,0.06752227898334345,0.019424179756901614,0.10395163756387311,0.01941265520771124,0.05546472916488927,0.050041511202100104,0.05176708055389664,0.009135367156569998,0.04839096660472949,0.0345113870359311,0.08409917131133142,0.025281597479809997,0.03416627316557178
587,0.04222979162778418,0.02627631479062127,0.02318498363878347,0.113036077905054,0.015765788874372754,0.254416868464093,0.03845314359603111,0.021896928992184386,0.015159412379204575,0.010749401505254153,0.07882894437186379,0.02318498363878347,0.008568363518680847,0.12668937488335255,0.003372141905649714,0.04817324378280566,0.0467629331019531,0.005286899234509635,0.008386057911900405,0.08957834587711795
588,0.01200544328226307,0.03661660201090236,0.02034255667272353,0.10919207654578515,0.022191880006607486,0.47392283878019587,0.028166616931463353,0.02712340889696471,0.03854379159042354,0.006313207243259028,0.02525282897303611,0.02525282897303611,0.02034255667272353,0.03328782000991123,0.005461623336087718,0.009388872310487784,0.016274045338178826,0.05610355478955417,0.014945551841184635,0.01927189579521177
589,0.040902021180356775,0.0065023725979028715,0.006726592342658144,0.00189082990245992,0.006726592342658144,0.06428482000199431,0.08275746942785472,0.07034180391734561,0.12702400079013085,0.0862814825490958,0.07258462434868324,0.006430487580935992,0.0029115101184639734,0.05711314165195449,0.2247761711479707,0.014273500824664843,0.03329311317074893,0.07477728487588305,0.005001825075309903,0.01540035615292786
590,0.04655818027152514,0.4340848741691838,0.01619254910817615,0.01619254910817615,0.007058290636897296,0.003877089223084429,0.007864952423971271,0.139851569472785,0.009795872575467872,0.002752733348389945,0.01775956998961255,0.03932476211985635,0.002601640287554922,0.012512424310863385,0.003164061319988442,0.003375496380876728,0.17806698123970055,0.04519412960043194,0.007058290636897296,0.006713983776560842
591,0.07244283971034989,0.06414729314358185,0.031004525019397895,0.03647591178752693,0.015124158546047753,0.007849246840353897,0.01675920271318805,0.09840751382027377,0.028185931835816268,0.060793186312544885,0.021382431047860615,0.022966314829183626,0.007382029766523308,0.047699269260612145,0.006596707450935722,0.008494390416273397,0.009688914068561842,0.3994877293022145,0.02214608929956993,0.022966314829183626
592,0.04433086348552145,0.020756635716800056,0.02690675000325933,0.030270093753666752,0.11351285157625031,0.00835037069066669,0.01963465540778384,0.05525332068117511,0.023025705450920718,0.03707915790391236,0.4708240943411699,0.018162056252200045,0.010683562501294147,0.01862775000225646,0.006565423214239052,0.008447468024279094,0.007798455183512829,0.04402261604186274,0.012313258476067832,0.023434911293161352
593,0.010930310340412235,0.023317995392879445,0.6833518409298615,0.02906439111974391,0.019078359866901366,0.004428712538082169,0.02281108244955598,0.026232744816989378,0.027613415596830924,0.00647722094246651,0.02281108244955598,0.010212272978419786,0.009204471865610306,0.026905379299476284,0.007441913423259396,0.007286873560274826,0.010930310340412235,0.010930310340412235,0.02141448556488929,0.019556826183966394
594,0.00795612491577056,0.013380755540159578,0.02030183599196626,0.02453138515695923,0.012265692578479611,0.010902837847537433,0.02030183599196626,0.38163759073553716,0.03463254375100126,0.005577920316616533,0.018660560502238525,0.08410760625243165,0.007548118509833606,0.01308340541704492,0.006469815865571663,0.005554275884594541,0.0860284321517264,0.20844211434348062,0.018992040121516816,0.01962510812556738
595,0.01345124614898648,0.029054691681810792,0.03631836460226349,0.02343120296920226,0.017481948822049804,0.014527345840905396,0.02793720354020269,0.4692344824490105,0.029054691681810792,0.007370578697649351,0.020432525176644997,0.045038618409805456,0.013206678037186725,0.022011130061977878,0.008446131302851975,0.029039177342220668,0.06353519513999972,0.024500224672152515,0.060530607670439156,0.04539795575282936
596,0.010437055985829391,0.02129568781903761,0.01839173038916884,0.01839173038916884,0.02129568781903761,0.007781116703109896,0.014197125212691739,0.017983025269409533,0.02380106285657144,0.12512411603969706,0.01526860636081942,0.02129568781903761,0.08754269362187879,0.020230903428085725,0.005289125079238099,0.5243427531812286,0.010374822270813195,0.008342640588901332,0.01305219576005531,0.015562233406219792
597,0.008967740335358068,0.024246112758560704,0.02975659293096086,0.024246112758560704,0.01487829646548043,0.12540743558904857,0.015966952304418025,0.01764503387845474,0.14219198713433975,0.005547839360009652,0.02727687685338079,0.01769310931030105,0.013360102948594672,0.024246112758560704,0.4212006575765722,0.030862422008619692,0.010811571714150004,0.008613750585278144,0.011902637172384345,0.02517865555696688
598,0.047798310561434444,0.010943720936624724,0.01738120384052162,0.00869060192026081,0.016415581404937086,0.2413090466525752,0.008722688638940051,0.00923376454027711,0.10080956480693674,0.0031772093041813705,0.03693505816110844,0.014070498347088931,0.004861008049291924,0.19113399611593546,0.19420293669195585,0.06566232561974834,0.005008143479472331,0.003837408640115163,0.008442299008253358,0.011364633280341058
599,0.013408870950840878,0.04924251219403076,0.574450274807994,0.020097664180272465,0.036931884145523064,0.002322672355885177,0.0253247205569301,0.028592426435243668,0.03282834146268717,0.012141989308117171,0.040289328158752434,0.01039910406670991,0.011662700256480966,0.027698913109142295,0.009848502438806151,0.011662700256480966,0.015827950348081314,0.013429776052917475,0.03545460877970215,0.0283850601354017
600,0.014582339768205308,0.024165020187311655,0.024165020187311655,0.02487575607517376,0.02062867576965629,0.018386428403389304,0.029753135296490825,0.022257255435681782,0.025465032005489538,0.07994871982935521,0.027283087308255086,0.021144392663897695,0.02216329420024481,0.5460833832242318,0.0034812761999700706,0.010706021601973516,0.011277009420745438,0.010984100085141661,0.03132502616873733,0.03132502616873733
601,0.010178774505994725,0.02301288149181416,0.02785769864798556,0.022054011429655233,0.031135074959513277,0.12400602594808385,0.01654050857224143,0.019212763218835225,0.23004146909960438,0.007899944392712323,0.02035754901198945,0.018251595665921577,0.016039281039749265,0.024058921559623896,0.3399624913937114,0.008994844298446636,0.008462078914722714,0.016039281039749265,0.01764320914372419,0.018251595665921577
602,0.013960905585539838,0.027921811171079676,0.01933048465690131,0.0085957791498445,0.057991453970703925,0.4881861030060105,0.03769444508095756,0.041882716756619504,0.053849207258510785,0.01299808451067502,0.04434640597759713,0.03967836324311322,0.01108660149439928,0.030155556064766047,0.0051351580688982195,0.009665242328450655,0.015385487788145944,0.012974653390086802,0.04123972932662032,0.027921811171079676
603,0.017878066505633408,0.02235070651690014,0.0303927130595768,0.027629739145069818,0.0303927130595768,0.07013471238327072,0.026428446138762433,0.0342544797051591,0.04341816151368114,0.01125656039243585,0.037990891324471,0.11649990194640338,0.009964823953959605,0.03199232953639663,0.005474214160100378,0.3841675127516871,0.016428493545717186,0.02096049176522538,0.03199232953639663,0.0303927130595768
604,0.012703206199244818,0.024530329212334823,0.024530329212334823,0.0349480119261189,0.0355689773578855,0.4573738270781306,0.019226474247505673,0.03233543396171409,0.047425303143847325,0.016543710399016507,0.04184585571515941,0.024530329212334823,0.015464772764298038,0.02032512991879171,0.004785992960409329,0.0124803429325914,0.012703206199244818,0.044115509699419034,0.059281628929809156,0.059281628929809156
605,0.014682400434309541,0.034001348374190526,0.043068374607307995,0.02083953610031032,0.032301280955480995,0.009938855678609538,0.013816445390745362,0.017460151867827567,0.02433099829777181,0.008020027568155523,0.02808807039607043,0.014682400434309541,0.03317376614851279,0.41472172609698765,0.19298547205583402,0.008075320238870249,0.010949586764569828,0.017945156086378335,0.034001348374190526,0.026917734129567498
606,0.21128474514505566,0.018658071275171554,0.016170328438482012,0.02695054739747002,0.07082424000238015,0.005834550561014243,0.013860281518698869,0.13360432373402817,0.020212910548102512,0.005915973818956834,0.028535873714968258,0.03731614255034311,0.005640812245982097,0.032340656876964025,0.005575975323614488,0.010106455274051258,0.011025223935328647,0.3125271511006082,0.015648704940466465,0.017967031598313348
607,0.019581653569659234,0.009524551336372802,0.010269319728063,0.018682773775192795,0.019786063090334594,0.004706861004954451,0.012455182516795199,0.45825473393626126,0.024287605907750635,0.0065642178129055795,0.01471976115621251,0.009524551336372802,0.006071901476937661,0.02111965731108751,0.00539724575727792,0.005337935364340798,0.00747310951007712,0.31402984020544006,0.012782950477763495,0.019430084726200513
608,0.06567089351684158,0.02407176803249256,0.026960380196391662,0.03964761793587009,0.03964761793587009,0.01225471827108712,0.035474184468936396,0.013241377415975749,0.042125594056861976,0.01225471827108712,0.0449339669939861,0.024376214360174543,0.02572530222454746,0.056167458742482634,0.01225471827108712,0.016399179698969264,0.4351386068272258,0.01643925621731199,0.035474184468936396,0.021742242093864245
609,0.014113081538660716,0.06572141786789103,0.05922656657926511,0.021811126014293834,0.06475488725240379,0.003933153871430036,0.244626671928453,0.02665804290635913,0.028226163077321433,0.009792750455397231,0.02665804290635913,0.023992238615723215,0.011996119307861607,0.023992238615723215,0.007497574567413505,0.007382227266376375,0.01777202860423942,0.01296877763012066,0.018455568165940937,0.3104213228287666
610,0.32788865228121844,0.039084115576407966,0.027095139022285036,0.024194928690157314,0.050809350249330365,0.0038202518984458917,0.04619031840848214,0.07258478607047193,0.04619031840848214,0.013370881644560621,0.036292393035235966,0.036292393035235966,0.014516957214094389,0.036292393035235966,0.009962617695947132,0.06931948013969189,0.005561060897167446,0.05064049687181119,0.039084115576407966,0.050809350249330365
611,0.011592494707215439,0.02675191086280486,0.028981236768038595,0.020457343600968424,0.15733908211337122,0.004898237200231876,0.06869496894755628,0.017604942371126593,0.016560706724593484,0.2243519901181397,0.26594546681258946,0.018303939011392798,0.02748989134546169,0.014490618384019301,0.04734375701359545,0.005996117952007986,0.00869437103041158,0.006101313003797599,0.013910993648658528,0.014490618384019301
612,0.014340705742326883,0.01778247512048534,0.06919092403940243,0.02469788211178519,0.04041471618292123,0.010584806619336511,0.10118425494646498,0.053788085094309754,0.04666323421244799,0.010338648325863568,0.04041471618292123,0.2862000336806386,0.007409364633535556,0.03419706753939488,0.008549266884848718,0.16549344449613138,0.008285655426886043,0.01852341158383889,0.022228093900606673,0.01971321327585417
613,0.0496970383931116,0.04416283655683877,0.07360472759473129,0.025978139151081627,0.03397141273602983,0.014720945518946258,0.02453490919824376,0.1523295615573442,0.07959010705769881,0.01051496108496161,0.022081418278419387,0.025978139151081627,0.011730973087299465,0.03680236379736564,0.008247215475140374,0.012989069575540812,0.2860730080513575,0.015228564329944403,0.027601772848024227,0.04416283655683877
614,0.02411250861543195,0.022175116618022527,0.032150011487242586,0.034041188633550976,0.3722203177835981,0.01091887182585597,0.03858001378469111,0.032150011487242586,0.03045790561949298,0.07064103115596476,0.02630455485319848,0.03858001378469111,0.016075005743621293,0.03858001378469111,0.012312770356816312,0.02810909859563527,0.022257700260398715,0.059616447474855415,0.02411250861543195,0.06660490951956681
615,0.07889817718815026,0.04776650008437872,0.022998685225811978,0.017741842888483527,0.02822565914076925,0.007572737818255162,0.018263661796968336,0.15437979224081458,0.03449802783871797,0.00940855304692308,0.03268234216299597,0.019681635150946748,0.018105927155277705,0.03268234216299597,0.009553300016875745,0.006782757288712826,0.40093936308540157,0.012936760439519236,0.02388325004218936,0.022998685225811978
616,0.013699262524912312,0.01900220285713643,0.006750462383814946,0.03681676803570182,0.045312945274709936,0.008296736458749707,0.039504479315669284,0.031003594135327852,0.020962920822421363,0.012533367841941048,0.03681676803570182,0.38143957263611405,0.013699262524912312,0.04207630632651638,0.009656857189692284,0.15959227590764705,0.027334646386947468,0.01636300801586748,0.01900220285713643,0.060136360469080156
617,0.021345751906111897,0.057938469459446584,0.021345751906111897,0.028969234729723292,0.019312823153148858,0.009217483777639228,0.03686993511055691,0.05069616077701577,0.04506325402401402,0.26255158735514655,0.13491166818010436,0.10139232155403151,0.015598818700620232,0.03119763740124047,0.013082880200520194,0.058401552654168847,0.019312823153148858,0.010901300687548438,0.016827291245688113,0.04506325402401402
618,0.16597578695693493,0.06512229203182905,0.011840416733059831,0.03229621126474015,0.019536687609548718,0.019898800608398024,0.015629350087638976,0.04884171902387179,0.017760625099589745,0.021555953428146903,0.006392622937849395,0.011840416733059831,0.005831847047626483,0.013024458406365813,0.005141233581460189,0.048841719023871785,0.20424718864528205,0.25366152476481174,0.013024458406365813,0.019536687609548718
619,0.09086522945919938,0.4700335894724647,0.01176260233915077,0.011961344989364879,0.014435921052594128,0.0032858419142333247,0.0122150101214258,0.03024669172924484,0.014435921052594128,0.012259226942317493,0.0384951151150682,0.016715277008266884,0.004740153181448819,0.014435921052594128,0.003780836466155605,0.004740153181448819,0.01800859140944522,0.20629355587278372,0.009074007518773453,0.0122150101214258
620,0.011548524080273908,0.025721712724246427,0.08083966856191735,0.025721712724246427,0.09431294665557022,0.008573904241415476,0.01721708518725828,0.040419834280958675,0.01839408371539035,0.00911153367996318,0.020958432590126717,0.13473278093652893,0.014834956085831848,0.3679734360526975,0.037767036596921384,0.012301688694204812,0.008201125796136542,0.013801894632522472,0.01714780848283095,0.040419834280958675
621,0.007207634165461838,0.02657815098514053,0.02025001979820231,0.021262520788112423,0.006463504783669792,0.00988954455261043,0.012674481293435862,0.326342674212079,0.012150011878921384,0.27625366941211615,0.12150011878921387,0.015187514848651731,0.004563246278443853,0.022381600829592025,0.004964682665763264,0.008023592750231104,0.009664782176414739,0.06542314088649977,0.00988954455261043,0.019329564352829478
622,0.008834521446879769,0.015290517888830369,0.01728493326563433,0.024847091569349347,0.02092386658471524,0.006517269919829337,0.014724202411466283,0.2577961031810217,0.030581035777660737,0.024555854555441535,0.08519002823776922,0.012213434750139352,0.005521575904299854,0.01728493326563433,0.005679335215851279,0.005032322343159361,0.09696452937120056,0.2958582038912217,0.026503564340639305,0.028396676079256403
623,0.011781765168169318,0.06938150599033045,0.05676668671936128,0.026018064746373918,0.034690752995165226,0.007741996354875626,0.023127168663443484,0.0624433553912974,0.04162890359419827,0.03353646691515321,0.048033350300998,0.034690752995165226,0.009461114453226878,0.03273590788246859,0.40556999497036006,0.016011116766999334,0.02230119835403479,0.01892222890645376,0.008426283307632641,0.036731385524292594
624,0.023502480465800505,0.08690720663643675,0.0013034336471112748,0.009187333272994742,0.13305793016061349,0.0024177192823670378,0.08574844388128428,0.1425830988227762,0.006326460955330553,0.10693453481682405,0.025056363471803848,0.06011949831517897,0.001481827947257217,0.09187333272994742,0.0018749659740805598,0.0636227735900477,0.04669266844831995,0.09744141350145939,0.009187333272994742,0.004681180807371127
625,0.0121512503728772,0.08664369831095049,0.02372386977561739,0.031137579080497822,0.024910063264398256,0.031137579080497822,0.024910063264398256,0.0065170836583716,0.020758386053665215,0.2371272482512969,0.3170548858799001,0.026221119225682377,0.010830462288868808,0.013464899061836894,0.05954911924264616,0.009964025305759303,0.01038127820570523,0.007032078919937995,0.01717935397544707,0.02930595678164501
626,0.01685701577837915,0.02988289160712668,0.13835491965290755,0.42083879320936535,0.02988289160712668,0.011860875953932221,0.028583635450295082,0.03287118076783934,0.01509677530925279,0.00853796903060762,0.028583635450295082,0.018783531867336768,0.013416808476669118,0.031974053777482664,0.007920766450081768,0.009391765933668382,0.014941445803563337,0.08900103691661625,0.03130588644556127,0.0219141205118929
627,0.23649936301802463,0.057750711365139436,0.028861026536558525,0.026125321808039264,0.02438363368750332,0.2737191636129061,0.012612224321122403,0.020319694739586096,0.016625204786934078,0.005079923684896523,0.02151497090073822,0.014067480973559603,0.007033740486779803,0.019250237121713143,0.004629803864715819,0.19672705810419336,0.0028520964042143427,0.004239669938485084,0.016625204786934078,0.01108346985795605
628,0.008719010165846319,0.022155468989307786,0.02363882070533621,0.37450813431418795,0.023041687748880102,0.0030492352713964903,0.028802109686100127,0.026183736078272842,0.26732448046557317,0.008597644682417948,0.04114587098014304,0.026183736078272842,0.0160011720478334,0.021334896063777874,0.00847120873120592,0.009143526884476231,0.011077734494653893,0.03310289447026723,0.026183736078272842,0.021334896063777874
629,0.1510060330125207,0.04830125065250744,0.04343424698295281,0.13053041140634034,0.005160390026977289,0.03745545570316919,0.03773535207227143,0.007740585040465935,0.0030827105878052092,0.04680353745398008,0.005919270913297479,0.04544472507628388,0.003411105272069734,0.13417014070140956,0.031180384810890947,0.03096234016186375,0.09288702048559122,0.12054987534629293,0.016771267587676192,0.007453896705633864
630,0.12741493534905882,0.2878115171714556,0.011421091951248238,0.01543834258537176,0.012623312156642788,0.005919900661767247,0.014108407704483116,0.014108407704483116,0.009224728114469732,0.22584296754461955,0.010134215531354334,0.006852655170748943,0.004612364057234866,0.009224728114469732,0.004612364057234866,0.003931851327478902,0.057353744363877024,0.1567476988200165,0.012623312156642788,0.009993455457342211
631,0.009081681683938166,0.0210529893582203,0.0178140679184941,0.033083268991489036,0.08446697184646441,0.006344736518915706,0.025731431437824807,0.15985197070608384,0.0210529893582203,0.3028609640489441,0.0210529893582203,0.0178140679184941,0.007470415578723331,0.016541634495744518,0.007017663119406765,0.042249310982488866,0.010068820997409708,0.14176473387554006,0.028947860367552907,0.025731431437824807
632,0.0613454388370023,0.04277968125160738,0.0670395725267379,0.0475134112534057,0.024360651823831982,0.047718451795918625,0.04497351105938212,0.06003160628015738,0.01846951489610732,0.08221719990543293,0.06496173819688526,0.07162031636206603,0.0008304767667215445,0.08397070980352188,0.024360651823831975,0.07549125070681997,0.06942785769792115,0.04999261881787015,0.03495223957332415,0.02794310062145433
633,0.04627693297208924,0.019419712140129896,0.0673216687524503,0.07146454067567802,0.027416064197830443,0.04578963704620102,0.10273654164455817,0.06315521249620892,0.00856489425081246,0.05109289034735345,0.04991793982346299,0.07310950452754784,0.04562091105935278,0.07767884856051958,0.012097254477279626,0.02380480842983665,0.04761809930408739,0.059458798785882554,0.01035717980806928,0.09709856070064947
634,0.04089929686610135,0.13905760934474462,0.0817985937322027,0.05100993072085285,0.016359718746440544,0.0780463646619182,0.06876286692796116,0.026464250913359702,0.0290355908650777,0.007167624667024272,0.01908633853751397,0.06362112845837989,0.05075820549138965,0.05261486065119227,0.052218676916000746,0.07001405056739385,0.061142383193767684,0.025708129458692282,0.01487247158767322,0.05136190769231334
635,0.010310809106295574,0.02559664695310104,0.426874962521555,0.027625736616511985,0.027729700865859463,0.003770338931685471,0.030250582762755777,0.027729700865859463,0.03697293448781261,0.009243233621953152,0.03697293448781261,0.18433928143240166,0.009243233621953152,0.030250582762755777,0.007394586897562524,0.00616215574796877,0.01279832347655052,0.042894652712234416,0.017513495283700713,0.026326106843670465
636,0.025613321006375363,0.03259877218993228,0.011567306260943712,0.019921471893847503,0.008429148593954093,0.006077737187953476,0.01236505152031914,0.20055392628289814,0.010546661590860443,0.2217412393624214,0.20687682351303177,0.010866257396644093,0.005976441568154252,0.02758357646840423,0.00437300602547872,0.012590320191040113,0.09960735946923752,0.057098258472128315,0.012806660503187682,0.012806660503187682
637,0.04222283738030176,0.05459286408465146,0.006719814967687285,0.0736193062015518,0.06062766393068971,0.03637724201159464,0.04571133391599621,0.07972144120756276,0.0367155107654798,0.07452626057189658,0.08063777961224741,0.03464437938896554,0.0324791056771552,0.03172377763815159,0.04593996116639225,0.06252986700461655,0.05332390484309063,0.041170697337238986,0.04175804094041938,0.06495821135431042
638,0.06348969824650255,0.07795124062487258,0.023477079529373387,0.061781788235193105,0.025668837510840457,0.06539132205871663,0.0925047970586723,0.05502440514696886,0.07074566376038854,0.0471568457759138,0.05001630467505648,0.07630050847046349,0.0010050119661546826,0.015049409954726532,0.06509929623021668,0.08216430699884915,0.04695415905874676,0.032223841677547355,0.027986608421898814,0.020008874598897775
639,0.00893236570320294,0.036669711834201556,0.03166929658408315,0.02903018853540956,0.14839043700568633,0.005904445125846012,0.01935345902360637,0.2120465945195133,0.020491897789700862,0.22399049408573243,0.10351922760868747,0.017418113121245738,0.009401881978806804,0.018334855917100778,0.005904445125846012,0.0167426613636768,0.00810144796337011,0.0577720117701369,0.013884955571828513,0.012441509372318384
640,0.053172230315186184,0.03418214805976255,0.05981875910458446,0.008545537014940638,0.01196375182091689,0.032735324130446816,0.10094415598898629,0.0064091527612054775,0.12080028360697512,0.02392750364183378,0.011149365549094417,0.08613901311060161,0.04700045358217351,0.015604893679456812,0.11557524715986106,0.08520837681726559,0.04722533613519826,0.01538196662689315,0.004578982685448449,0.11963751820916892
641,0.021694334000125035,0.048337508116989454,0.13433799130846652,0.0652438162969104,0.009734637051338153,0.04416201198899748,0.047282522820785315,0.009734637051338153,0.07438414841704075,0.013859483259532289,0.08401409378158946,0.09179594266233979,0.0016224395085563596,0.06899279263173402,0.07068122648214996,0.04820963111138896,0.06907032362117031,0.044664805294375054,0.009345251569284627,0.04283240302588789
642,0.032791105858351294,0.03205841835223904,0.010151832478209027,0.04900884644652634,0.007519875909784465,0.09475043646328427,0.10860099860409658,0.007809101906314637,0.11279813864676697,0.023197813604444034,0.007809101906314637,0.03644247556280164,0.13078826946019687,0.049503579400440985,0.11209315028022468,0.09922760927358351,0.04303563671003734,0.026483041247501813,0.008121465982567223,0.007809101906314637
643,0.04335919093543127,0.03015599027896912,0.037947065438680615,0.08608113354824397,0.0638707620194315,0.058916423666238955,0.08408575067204617,0.02428144671813098,0.005346168954528289,0.07693523606886067,0.04920187887621277,0.055644982062383476,0.03159198981606289,0.07063100999198704,0.019078279564245765,0.07122557703985087,0.06825784466319043,0.062338775079918696,0.0076313118256983075,0.05341918277988815
644,0.06048142277280312,0.01675498874111438,0.01854505164080609,0.07070398281837512,0.01722040509503422,0.027493047162570408,0.0459210802534246,0.037452357604388024,0.06620928480856911,0.07669293815520396,0.05453128280094171,0.10628846172692964,0.001377632407602738,0.04921051923507581,0.12249235798862584,0.04768727564778709,0.04975590837051403,0.07812183774820405,0.0046964741168275155,0.04836369090520249
645,0.09876631180446917,0.18397126537746053,0.00721455942656708,0.011175167388712437,0.007008429157236592,0.0015769676952520136,0.006629595148737316,0.3227566059253693,0.009085000759380766,0.06806035732272146,0.046789821841086876,0.009811800820131228,0.0028858237706268315,0.009811800820131228,0.002314103967012082,0.0036072797132835396,0.03165097038752009,0.15830118257556822,0.007433182439493355,0.01114977365924003
646,0.05876876676499623,0.021145581205889157,0.027544901833987185,0.031401188090745394,0.03064680519367043,0.06178474508595738,0.08722552247429276,0.06524661362444362,0.06709655574945599,0.03456105607471978,0.033764718377145585,0.04297393422805715,0.009005649557409722,0.08051586689934719,0.05168178358775426,0.08566799500566373,0.05602898588047092,0.09051705162426607,0.015575986156123706,0.04884629258560395
647,0.07892707157923298,0.07077699353572525,0.04521863475893556,0.037983653197505865,0.032557417026433604,0.06690054373976083,0.03946353578961649,0.029936708039547937,0.08924616465398033,0.03974144801348704,0.037983653197505865,0.09224601490822855,0.002646944473693789,0.021704944684289067,0.06969283263919822,0.0744347251158476,0.07101679633594203,0.06121907475055892,0.025535229040340085,0.01276761452017004
648,0.018465840140324354,0.039900848655532666,0.02485786172735971,0.021543480163711742,0.043086960327423485,0.026287892741866634,0.02810019151788489,0.043086960327423485,0.03231522024556762,0.00902051016752368,0.04039402530695952,0.03401602131112381,0.010595154178874628,0.02485786172735971,0.11557454866713351,0.01009850632673988,0.015030334997938426,0.014362320109141164,0.4160902411145436,0.03231522024556762
649,0.008917245741942973,0.13784575709420183,0.024874422332788297,0.02148245565104444,0.07861451854149169,0.004872309529102862,0.014321637100696293,0.07876900405382961,0.016879072297249203,0.3033238133665094,0.11017226827715891,0.015245613687837991,0.007501809909888532,0.019692251013457403,0.005982456004088323,0.056325184341255545,0.009266941653391716,0.05542201202838884,0.015245613687837991,0.015245613687837991
650,0.052838888418036585,0.03532628437445181,0.06050819654678064,0.05464313654627887,0.05641546707213102,0.07002174224221698,0.048457193873404164,0.04654476657444665,0.06197954158980509,0.04089735844087114,0.06027547271390841,0.04783767675707016,0.0005201406679955858,0.05538508677223862,0.04403654378952539,0.06110877417999929,0.0635221609397161,0.07597748661417025,0.02706245713685683,0.0366416247500963
651,0.061884201184575154,0.043422566048966334,0.039815443725102324,0.016589768218792635,0.05680192379260522,0.03884373174387064,0.062000743936335194,0.06731357023489457,0.08237678012090137,0.03822282597609823,0.03536240067690009,0.09845796114117274,0.0007109900665196845,0.04976930465637791,0.059813016932445874,0.04782801560398707,0.060673931020315985,0.055990467738425156,0.036122882411887186,0.04799947476982669
652,0.07691509733763234,0.044065941183018514,0.11888352678577155,0.07833945099203295,0.10010040960093099,0.001703031543305064,0.0535996918347602,0.004266036614839515,0.039728767911717304,0.0039169725496016475,0.03357405042515697,0.07580508881106368,0.001728076124824256,0.06463004706842718,0.020808916669758752,0.09973559665546633,0.013330029936190436,0.05750449062181141,0.05875458824402471,0.052610189089666214
653,0.11550480017702758,0.02754685839436738,0.019676327424548126,0.009328010948596945,0.02869464416079935,0.4421980727209428,0.023747291719282224,0.040510085874069665,0.02550635036515498,0.013503361958023222,0.09838163712274062,0.019129762773866233,0.013243681920368932,0.031303248175417464,0.0186105809104452,0.009182286131455792,0.01027867850536096,0.012457010172385057,0.021520983120599513,0.019676327424548126
654,0.06041220824794128,0.05159348450840743,0.0049790281523028525,0.024272762242476403,0.058843059981760995,0.029181404811715748,0.05696008206234463,0.02696973582497378,0.055480599411374634,0.051570449439796634,0.03082255522854147,0.05001660098449684,0.055665534742745895,0.06472736597993707,0.035156121103252974,0.05603652715408072,0.0686902659378924,0.06263938643219716,0.041758064259754556,0.11422476349400658
655,0.018418254851815197,0.0167697602936128,0.2603309094693884,0.08538642580011585,0.030959557465131324,0.009640817381866366,0.05004586023202027,0.021182855107721436,0.010877682352613707,0.04024742470467072,0.018294283956668517,0.1815373645093618,0.005094610722110218,0.05749632100667245,0.014547261941447247,0.038792698510526,0.03263304705784112,0.06632734518082309,0.018294283956668517,0.023123235498925008
656,0.006892183152066077,0.02532877308384283,0.016081760688154183,0.017468119368167473,0.021556402624547097,0.004216494564217047,0.013157804199398876,0.052264925581196615,0.059338248741058065,0.007733976514150483,0.022514464963415855,0.011513078674474016,0.006453190594609639,0.016081760688154183,0.6583732609774539,0.0078060561896078585,0.0053891006561367725,0.009932852189742287,0.021556402624547097,0.016341143925059896
657,0.01429264646388283,0.017552372850382424,0.015632582069871847,0.02382107743980472,0.026058386258450392,0.006625730148819855,0.009303445847692477,0.01640139758150489,0.031265164139743694,0.6585223858788214,0.018877080235316947,0.016957377160538953,0.04259375409509454,0.023267098894692976,0.009483879899273726,0.007877836633636205,0.010004852524717982,0.010643460132678705,0.023267098894692976,0.017552372850382424
658,0.03014804339209054,0.0640564878954526,0.013577785468437817,0.04875765149931279,0.0025458347753320905,0.06788892734218907,0.11367448299157243,0.004559704075221654,0.09889997259478438,0.010782359048465324,0.01328261621912395,0.09111799309938907,0.0008629948390956239,0.0779271877030859,0.15630713293759832,0.08508897437015979,0.10118335581626738,0.003511496241837366,0.0028820771041495365,0.012944922586434357
659,0.00613134846166437,0.012933313161323281,0.011824743461781287,0.014521614777626141,0.015049673496812547,0.015928797611875538,0.02648742535439008,0.011036427230995866,0.03183584778171885,0.04347380568321663,0.019249582379643956,0.016721859440902827,0.003324225069577068,0.16130044475691013,0.5406151997069486,0.023649486923562574,0.005305974630286475,0.008360929720451413,0.019707905769635478,0.01254139458067712
