site,A,C,D,E,F,G,H,I,K,L,M,N,P,Q,R,S,T,V,W,Y
564,0.07572215682971246,0.050630631228876885,0.0502917270915667,0.05151854666031363,0.012060374903430775,0.022620783454582967,0.07214928731645484,0.024916223249596744,0.07989800376976457,0.06249237841458331,0.06239794442591041,0.08644653353623685,0.005715587695071169,0.09121543131255039,0.08274268267605041,0.0650892099878913,0.0323133566302302,0.03458150224403251,0.012902184480178878,0.024295454092964974
565,0.0033673942885244657,0.004740470416586401,0.005354454354619444,0.00687917490733976,0.0065470358616426996,0.0022661270086680664,0.005553211072656132,0.006165938665044868,0.0058135209614365675,0.7986366890447478,0.06177129713349606,0.005625639669072703,0.032432514432595067,0.022246615500144968,0.008888563629153152,0.0023056623230909563,0.004488178803210251,0.004241228345263579,0.004646309966123489,0.008029973616583553
566,0.7375524184527718,0.042289323812092605,0.00877432570991083,0.009801640281797223,0.02029136012779061,0.0028311423327799607,0.013132404729645848,0.01981522741754219,0.009915748284219353,0.004615492872540095,0.010649385498403595,0.014216713896946984,0.005102217021492377,0.007964030733320327,0.003517265732990812,0.019406176865174346,0.01723580584483982,0.030705818744227953,0.010309894650660801,0.01187360699085245
567,0.03572220246483542,0.03343670005901972,0.028555009435557305,0.11501573052098713,0.02055006310717302,0.0006175421267464458,0.0447904331454417,0.0531686445798885,0.06680523545994024,0.08906176367938012,0.12261263986408098,0.06807520737658092,0.0008921311204148168,0.08132838734847378,0.09467831376112411,0.02180959241417074,0.0335432496564347,0.03623544177589622,0.023320480473700382,0.029781231630153723
568,0.5576531174049562,0.00943456521676002,0.015319328820750079,0.01119717566752779,0.009880616671930959,0.023859712985613058,0.012090020600795757,0.017285087140694395,0.014110102725315847,0.004846815179471065,0.011386443887229229,0.009751309807696694,0.016587663671375943,0.011354512122880417,0.004767894931316289,0.18879908792811642,0.029369328410424157,0.025971764401574563,0.01049033351433546,0.0158451189112357
569,0.016994326013677303,0.01089128496400481,0.0052779063410634645,0.017348473871805676,0.01041112842312621,0.001589000484594907,0.007554708231704217,0.42815282337372046,0.0106566176673648,0.054727156951309044,0.08562890431390889,0.008517651228840352,0.0029064003244460763,0.010654838157522776,0.0023413259614106117,0.003232420513304442,0.01871901485534458,0.2910357137051887,0.0034915712205506096,0.009868733397112075
570,0.010390845935757443,0.010244086948221936,0.013232983242904681,0.008365319440283242,0.016848528339350872,0.0025033277692781356,0.00979978709592665,0.5741698915950565,0.011485727085646462,0.012513959660327907,0.1390526145260161,0.03252770877383791,0.006194801189834988,0.013594915798237215,0.0025370394749590496,0.015701623256205156,0.0654158829611016,0.034710604525039455,0.012539422382856177,0.008170929999158609
571,0.008500418256653824,0.008086624914537054,0.005774658202710702,0.042858623255187044,0.005510758874681293,0.016021612673670384,0.19763436902564582,0.021164539945139935,0.23873038592297238,0.025506439702114882,0.021730222715481796,0.0752495499550928,0.002368467589977762,0.046449974326147135,0.15953439480142464,0.011840487808040001,0.04726365752864972,0.004502554536609081,0.03078036535943605,0.030491894605827723
572,0.0015113029806666162,0.011028607482202787,0.0029086156650433067,0.0023024764353730466,0.1594752987941817,0.0005907388292563527,0.01173970536056751,0.006916476354968715,0.0038057649123813602,0.5146449871941323,0.13303849163389256,0.0054049074121937475,0.0015340681841899426,0.025182119465559052,0.0011916682663320468,0.0031207851439115364,0.0015125712156330666,0.0010606127364897596,0.0016218763747977488,0.11140892555822683
573,0.08047199974487365,0.05390739423099989,0.009421643237605928,0.006424198224589198,0.009233785097787066,0.0029167832176178877,0.007302758803921642,0.02814149432005234,0.00885758462774424,0.002270194278938761,0.0056444541630943194,0.010007583455838713,0.020612656205862646,0.008487406699060316,0.006026019101332075,0.021510052122923867,0.7012065261107694,0.0031721119741818437,0.004392697471307328,0.009992656911498954
574,0.005354334873922734,0.03621678916467386,0.037283450496009035,0.009528789071673744,0.01713431365259669,0.0026825310291085963,0.052395450644869244,0.010904247119033655,0.007977208976202821,0.0036949604270552286,0.009894852895335362,0.019944093523849016,0.005864690508564102,0.008505325563515418,0.004341475573920234,0.006035718796488263,0.005167021695156244,0.003844452334297064,0.006689180238959592,0.7465411134147691
575,0.00564539318582867,0.01135077287358527,0.008621475036392259,0.015979147663668952,0.006842234841599405,0.0020671054820578343,0.13799981253188637,0.010276059074479737,0.0215337890916156,0.025331228133689508,0.21107138254675373,0.005260524126425044,0.012814895794219478,0.3150705014559728,0.01731973313603273,0.0024709087945875533,0.004009335240982017,0.010483542971331448,0.16844891130872963,0.007403246710161953
576,0.009985956165221027,0.01424913677875777,0.050103169547022215,0.017118107246481818,0.012638813424374559,0.022387556897738137,0.01914015984488089,0.03052499606361782,0.02915196324749303,0.006251442135188645,0.013614225494040951,0.5726487344309946,0.009854785399218954,0.011310825172437464,0.005892780853995184,0.09632136426426557,0.030934526844279286,0.0077811576477189075,0.012182926227530992,0.0279073723147421
577,0.01196695617462609,0.015227811425062077,0.011858977056658148,0.04777437413329505,0.017144347929153706,0.008133493667871347,0.013078400700855383,0.01895261031972025,0.6300595679817425,0.006435250966055434,0.0146057415358428,0.03645156568133183,0.010103886545283321,0.03286308073975162,0.04915754581308329,0.008062110352571638,0.02762681592057394,0.008237973167291789,0.019378499352194895,0.012880990537034944
578,0.02939975437340704,0.009269869392923917,0.013475291775213418,0.0368711663195374,0.010579424878798732,0.02959141709669161,0.009641424774047868,0.06029301077727224,0.010831007112359296,0.03085083284758486,0.02678318800274904,0.016072101564775464,0.0052831178346092475,0.010139337296982295,0.0043596795193208285,0.0040419092506000145,0.008141297392692782,0.6650359281805927,0.007904826056220447,0.01143541555362081
579,0.09959797018593373,0.14346993905562996,0.011240570385797543,0.026414702965550162,0.008228579663067481,0.005309515624250212,0.012477117657251542,0.011385613045376608,0.010010415661405606,0.013499016303419263,0.016988378833463384,0.012022769104829016,0.0050390409612578535,0.010743965108183855,0.0036779603177279057,0.003890962329179432,0.006604956785921989,0.5867804565805816,0.006305672435094358,0.006312396996078496
580,0.05595480681814762,0.030919093837750076,0.008131243458919763,0.02595233009922141,0.008468681674852558,0.07528284258274545,0.00601847197029275,0.007794799849291539,0.2276742131127104,0.10181734212661694,0.06682302535142025,0.024741904596020322,0.0034411470212350665,0.17577171679148296,0.07575449409014014,0.06366319833634762,0.018881456500213147,0.00826468229816051,0.006828625817062911,0.00781592366736856
581,0.059186437925306645,0.015538666647428362,0.02404125366828355,0.006582223996734971,0.023131927986322975,0.0035093913825885842,0.013538195565399747,0.060619206824086225,0.009092684648455708,0.16787988295326514,0.08228375321466123,0.008147670167403951,0.0041603189179477635,0.02519200114199737,0.003391878117806211,0.003594992656044883,0.08692679778086804,0.3837383664969346,0.00662036641287761,0.012823983495586427
582,0.013130479415529493,0.02280164520898017,0.011522856046684392,0.009027094502470127,0.03565606362531852,0.005097576544817502,0.08315656901764205,0.03713342161857914,0.010253250436190445,0.57094821194061,0.014128894560731296,0.010100603642239837,0.05997942610129633,0.014814145102678077,0.015923425695021073,0.004204985077525143,0.046427806261752906,0.015893170287490658,0.008237951749874243,0.011562423164568687
583,0.007433706263305408,0.012382625276809606,0.013396247332152209,0.011583745308732232,0.009275888509466658,0.06091895374920306,0.02849362844084767,0.048529128083508025,0.05094025186994976,0.00491235969603607,0.011188494765529043,0.011709941325333121,0.006090031546709359,0.015817567104859723,0.6398941975520899,0.01794685212123586,0.012728900393736803,0.015054973881096334,0.01062069073262597,0.01108181604677325
584,0.01980962326133009,0.01795914055908425,0.01711581411435957,0.016889137079014165,0.021092502606661772,0.009732216078062473,0.009787229429922694,0.02095893386313546,0.019210059933135896,0.03589119125318047,0.015398102861894322,0.015495043420521435,0.6465350981911534,0.040826709284349276,0.0070282251139612345,0.03182228619662867,0.01215212400770008,0.007419345904112973,0.019226206316844022,0.01565101052494768
585,0.19826016903931656,0.12636497883498585,0.008623578342048728,0.004438202964756739,0.17265800124773414,0.05341988543306476,0.022619738236443466,0.01993696204182363,0.011763925369058393,0.009095918390437694,0.038618953760843296,0.007602412561792373,0.00507162881696763,0.010712984328558906,0.00862892474232661,0.046119547444385296,0.03422210196697344,0.026579240654395733,0.003794413798210587,0.1914684320258762
586,0.04630596220421812,0.0288262719257502,0.0753247777881112,0.05268358198015351,0.0704165478672053,0.04292012173563583,0.022426027132332823,0.07836739287076684,0.0282190650146884,0.1137466380261163,0.0438760632038935,0.06373692036614934,0.0367539527809735,0.035535651118106464,0.01539214339140934,0.06797629978928127,0.05136469246854581,0.07007513182357479,0.032625752451129184,0.023427006061958303
587,0.040515397288339715,0.035767863668334794,0.026996037867158786,0.2123698673144197,0.011244535777136105,0.32095410831073706,0.04697163932053709,0.013109966479289139,0.01040178185989524,0.0026322509445216996,0.01076209610836157,0.040227872225138725,0.00594321568709649,0.1282029327367599,0.036760193059290784,0.015897236775167967,0.019352988574956244,0.003875959839650592,0.006784929283070255,0.011229126880138142
588,0.009165566774157375,0.01965294212081237,0.013800001685395904,0.03216498349243986,0.014122589840478737,0.6647344794035079,0.018283075664621878,0.017322178062338787,0.023254382201426824,0.004520884155498703,0.013935885832565895,0.015817065512981492,0.01427869590843625,0.020873169556364774,0.04131907532644423,0.007199479554955243,0.011691990534167189,0.03534747802951023,0.01096951694666115,0.011546559397235062
589,0.02403113810627413,0.00550085180390244,0.006361009943198515,0.025524252727940833,0.011187296544714431,0.04947940311713613,0.067503941587661,0.13676606796325236,0.1854368624995894,0.07758152961508731,0.05574506319356285,0.023587397150219375,0.0026327571603340775,0.015455480308834155,0.20093912042353088,0.015160327351226152,0.018971781706696153,0.06952373530046597,0.004184531219695278,0.00442745227667852
590,0.03356300106818355,0.42538235256681145,0.013395107735698892,0.013333258287144763,0.006881847635743067,0.004414011377814216,0.007442352715453233,0.03190891613417883,0.013589801823774813,0.002732001777145433,0.008677776763723593,0.011858490702461952,0.014405113828531648,0.011943232850513812,0.0033494716247616674,0.007295443339195846,0.3101623303364143,0.06625698940623244,0.006376047944589934,0.007032452081626586
591,0.030013579192086758,0.014997030867699802,0.019461658153154593,0.022505185946562856,0.012231735786760373,0.023496178031374215,0.011727715861381214,0.055478825904163594,0.01845999397015979,0.044017451337203105,0.014692252235523276,0.015584487861922389,0.006465917626245808,0.023677891826922298,0.005499737999018177,0.00786923594418376,0.007973024190455189,0.6194440655423618,0.01569231350658205,0.03071171821623907
592,0.05657162966370374,0.01331846806155418,0.01476564370155909,0.016092938120754945,0.062165926346558126,0.005707729844771105,0.012462603443875592,0.03601553594446471,0.05869880184894255,0.023536328221626882,0.5620082308396516,0.010472175460185966,0.0065874441557886715,0.011581921143609439,0.009766943452523144,0.005710619123827808,0.03855904098117906,0.03513437509472742,0.007698069765037322,0.013145574785658675
593,0.01699184610709677,0.010837640469796954,0.6472307868894062,0.012897846704092464,0.00907471590893012,0.04943164609050948,0.020228167739424808,0.011550126303421126,0.012783515312828486,0.0036946243674814143,0.011002093518950023,0.05840552229348075,0.0047706174291202875,0.012166389557202638,0.004031709543389245,0.00423536486825486,0.005757881200598922,0.0420629387786954,0.011021530162214263,0.05182503675510585
594,0.006165796353374598,0.010094746144178176,0.014738207866496817,0.01572158281031421,0.008848027353651566,0.008992121735289248,0.013405074748762758,0.5635852726942627,0.021684572991983526,0.015956153312163775,0.02582719782231132,0.035655445112171585,0.005957200959362639,0.009171074977415048,0.004852592746238945,0.00913254743129342,0.02649693087298593,0.17754233293944024,0.011925904938290217,0.014247216190013205
595,0.00816470684186105,0.012898704208884709,0.017186609194779805,0.0121267946308888,0.024292563107128372,0.007693695255660873,0.012833157031836021,0.505987960492694,0.015041698434395718,0.06151561651383254,0.03327575250929873,0.027904038727567956,0.007691062575963292,0.010805144974247278,0.005046591004937021,0.026669762822212617,0.07360405903970131,0.09646322428419624,0.0204474319204673,0.0203514264294464
596,0.015859849417968305,0.013883426806090653,0.012837694340755343,0.012123625049539403,0.013272000581571115,0.006072114392642515,0.009999292286746,0.012111302280462328,0.014150750996252381,0.03661740150130205,0.010858765023542086,0.026178719693333415,0.032417357437467646,0.012545429934199758,0.004084636206436939,0.7280067258206655,0.013681504139928493,0.007053030966834203,0.009091454785774375,0.009154918338487512
597,0.008400326774973751,0.016103032613254846,0.0190332584505951,0.01763380856941099,0.011796495793049172,0.029241709706704127,0.01322949339487763,0.029607446618312515,0.059178640439378184,0.005061854178071776,0.017112562228517807,0.013179502426992878,0.009597890558739096,0.014702923480740345,0.6767997493551668,0.014022637225938248,0.009157288770013313,0.008385207908754248,0.009663272257841596,0.018092899248667544
598,0.015066508305022614,0.05643393476064657,0.029950602666832676,0.009596954078822682,0.014983459656975026,0.15260008398585942,0.020176396701051102,0.00957349970962446,0.06995494394952438,0.01726659870731437,0.009836138150953327,0.013832327066775226,0.005711832503034812,0.3992453758393343,0.06645449296504023,0.07810449394455231,0.005907283230622829,0.004580810223796711,0.008791723849559249,0.01193253970465776
599,0.02049753999636025,0.020783361083332157,0.6478986123012267,0.02374497983502035,0.019844920099073102,0.03714882251191051,0.014860095396841412,0.014503599356050782,0.01743160578223556,0.007576235469061851,0.018247941863771815,0.05302828816561704,0.007166071772473206,0.01583127067022179,0.006094058856298318,0.0077083715758944436,0.010028394973581574,0.013984591705171716,0.01616927689450728,0.02745196169135017
600,0.00979692397842738,0.014041523337506306,0.013987764408326452,0.01469971030328972,0.012592254236394726,0.010306512313062554,0.028664325100286346,0.013774351939231388,0.03151900267723729,0.034732963606047246,0.014035484837990322,0.012562664262838587,0.045902259811407706,0.6683300159773169,0.01940450104517933,0.006966883890491323,0.0070297303421336405,0.0065904399092922205,0.017388188790293014,0.017674499233247546
601,0.010125029106754871,0.017117785230370865,0.02047954320423495,0.01514799158762317,0.020518106326191887,0.04189951287391992,0.013978332951885903,0.0788702877904675,0.040972154966338506,0.00704333618990999,0.016386085638792337,0.012931699298138954,0.013179529753459318,0.017599654475884425,0.5765758013767757,0.050649464133016686,0.007825147199783345,0.01169743399262268,0.014355091199602769,0.012648012704226275
602,0.010127841354608692,0.01328850867815062,0.012606362359959097,0.025838697955061742,0.025180882382765928,0.6499227350596142,0.018446709425132553,0.021986529675327972,0.02409169949956255,0.008839563931748071,0.021636150505859326,0.02055448639640668,0.007950817514920662,0.01793580572011349,0.030665902863966157,0.007177284006657399,0.010145305463884194,0.013247093138238063,0.044322073937082894,0.01603555013093975
603,0.012623849375955794,0.04680994322551729,0.019674027244356813,0.01696974942739675,0.0209588439824217,0.019915209115968696,0.018315779849776788,0.0427443711754971,0.021015858733411413,0.009706444962830714,0.0209329233066692,0.04273966770418108,0.008399656221828013,0.01976960333755586,0.02546992996152879,0.5893117042311969,0.012736362938894732,0.013978351169547876,0.02074974436336441,0.017177979672100042
604,0.021848912689514475,0.015304488241779901,0.015575803700343824,0.060978733835440765,0.019562645867059098,0.63762761846038,0.01385404677665218,0.018080926176241983,0.021269219354337763,0.011375167284163181,0.022916154789068825,0.01551591528966732,0.01088553171955926,0.01333395020274937,0.012913315328989183,0.008739720105753182,0.009289796524786266,0.017576371003737563,0.026463710218464224,0.026887972431311573
605,0.011618056524331656,0.019150279995294114,0.021546604715589224,0.01642688077437089,0.019898440452012615,0.00877257286823885,0.046098589463633786,0.012982964642855371,0.02384507796580938,0.00899209130584041,0.01600359292898217,0.013685021767990607,0.019301912899442823,0.6434929834467661,0.05121077337203381,0.0072365558525860595,0.009078094799656058,0.012337836201700685,0.020543660295965556,0.017778009726899927
606,0.044953783103553975,0.015377419130751111,0.020982465345439606,0.022051041917330247,0.035725529069479685,0.012804814398532082,0.014196841137085522,0.029775343033418777,0.017354114085529306,0.006764906409945425,0.023154195265356475,0.023262530515998556,0.006680702535628866,0.023854348211060902,0.006607275247553377,0.010647300275118378,0.011940455472841591,0.6432651407673875,0.014945933616999207,0.01565586046098938
607,0.019957548650102207,0.00833038040672257,0.029868770985160022,0.014754473775492195,0.026530109553741944,0.010459911874481144,0.011277858019930524,0.18372856036563662,0.017926713876070543,0.007022443325100106,0.012966601886335251,0.008763171346933541,0.006494441546020839,0.01587470931201967,0.00577401619896286,0.0057667513513548554,0.007221578934525678,0.5792183659565655,0.011402152335109803,0.01666144029973405
608,0.03432325612839139,0.013881466662761074,0.015484503966489453,0.020516459733025932,0.020916543366434406,0.009899777895352542,0.01885328116610247,0.04380278229916655,0.020875607163143607,0.009566462800430348,0.022236189420844488,0.04526607557117205,0.019931695076570406,0.02531850907072531,0.00953189442776358,0.01641477180153018,0.6073579533529249,0.012251899106275277,0.01929280158849385,0.014278069402402152
609,0.011504871906249216,0.0678997659669173,0.046295093555433535,0.017649545147173772,0.047441799230885456,0.0036116605990252097,0.05643635672209539,0.019225534593894898,0.017865310379292478,0.009223763889504931,0.018330750557455686,0.05583516791691269,0.010520127505809496,0.01784382839889757,0.006477812888957061,0.019429831728288247,0.01478428907890341,0.010970470664680721,0.014486778302945228,0.5341672409666777
610,0.5512436357806323,0.022118784861890645,0.038067957591648244,0.016334884749249625,0.02724040275060838,0.011615779611233149,0.028044638281239993,0.026612640948653496,0.02451139821683426,0.011526146100196522,0.02313765015466535,0.023443589005795858,0.011064471487165384,0.02343924690235359,0.009330216304029755,0.033552819895106396,0.0450931949975494,0.02557634339372953,0.022818801523785657,0.02522739744363248
611,0.009410769486683995,0.019772448585381203,0.020279384545190713,0.016950110127079206,0.14523243183545786,0.004547050412392509,0.032499418652428565,0.02643198210988707,0.013585916706461625,0.37957904284068744,0.20037164934003382,0.01314817923875689,0.05187491787797865,0.011632546136399984,0.011880262248184411,0.006032385488610511,0.007528169682257282,0.005417995698555687,0.01074293858703918,0.013082400400533382
612,0.012498608979256105,0.015663258433657068,0.03776809684483197,0.01988170639382548,0.027594222212862774,0.009899788819359325,0.04928561415037421,0.036824007789164406,0.04365850776219649,0.010835455355669054,0.024923390097686543,0.5582879246626408,0.007668711859111889,0.02237731787488821,0.008214770620661591,0.031820324083593816,0.017034534856826523,0.015925791281014363,0.01761002330008034,0.0322279446222991
613,0.03673481162404659,0.026362218951524113,0.034842103021450174,0.019440318106682876,0.023235293071140608,0.012224839687376294,0.01808175535744494,0.04298506288024104,0.06953800401690653,0.010162014359156726,0.01765977340871326,0.017430136545416825,0.04610131402621415,0.023444928194993563,0.015973444412128696,0.014484774845446538,0.5118976636735937,0.011961735668630109,0.0207873200886728,0.02665248806022049
614,0.014136349168678362,0.07859664874621776,0.01893619438575008,0.01714265886127442,0.5149811262093955,0.008022117096646724,0.020776223309558015,0.034086628968665954,0.01636559769227285,0.05647198163232514,0.014467520680093883,0.020487695009628895,0.02160957912229777,0.021899665315003845,0.008755348393548456,0.04360705352618963,0.01501515032312368,0.016212517379006496,0.015358502440729456,0.04307144173959306
615,0.04569027436212333,0.023970116909102474,0.015322795900241767,0.015148328533791016,0.020997013238193186,0.006973719775639673,0.013507417744855282,0.040726543697577076,0.02063730187991816,0.007708739637228031,0.02163165402229907,0.014758028947636921,0.017673835797578433,0.02080734803266032,0.007466708159706701,0.019927317254381648,0.6449702370186409,0.010956987425146423,0.016334448627399984,0.014791183035879618
616,0.01024087195854834,0.013206517596633455,0.04459394207248392,0.020882365001425717,0.023447801085844027,0.007354094805852022,0.03576547534286086,0.023199812895013973,0.013411285160166972,0.009878336868404669,0.021837063271119814,0.5796886772184147,0.010730095160658688,0.021586981562113878,0.007412509599336263,0.04319994543703066,0.03760619833079119,0.011258935309745878,0.012933653521458081,0.05176543780209688
617,0.014393336858517961,0.026274928448717327,0.015303173170787995,0.017406161348621767,0.022701601083731638,0.006754032460363612,0.01909425001583989,0.20111879328900917,0.023854445230880872,0.38100869177332086,0.05242344965370995,0.03649465028847004,0.0118114443608055,0.018017344710147837,0.009882169992561625,0.03007840739627408,0.01389956395821443,0.03781998184952884,0.037801681270243005,0.023861892840253567
618,0.07318483532244663,0.14677233413181215,0.00694553201837288,0.018851014662364027,0.011335346231252034,0.12681989750116907,0.009062845028057993,0.009573274511188626,0.010026576894896184,0.006392662492427566,0.07079972198586604,0.006273227760022061,0.0036104208008481925,0.007400569026589919,0.0033809524264309383,0.053317199294703514,0.15952177718069332,0.25829294588755664,0.007044867200543317,0.01139399964275887
619,0.015746820777737057,0.4568691734890659,0.008471278526536214,0.04057832219749224,0.010490397275722827,0.007923121656672315,0.008427427024837505,0.07705144634806393,0.00906906970519002,0.006261794673923536,0.025082783998649206,0.011127407064667862,0.0032936038759254346,0.01056847336775601,0.003074027747765024,0.0034014689064164657,0.018389071171072628,0.26948160862342485,0.006543241269992128,0.008149462299088894
620,0.00782349551296432,0.01387708750640887,0.029916928453689814,0.013669759295607724,0.029704596304526786,0.006650433656994428,0.03904843228598379,0.019733007558406852,0.039568118303596134,0.019602939026099685,0.01441969601876656,0.2048994160220373,0.012842877722214232,0.4750262987935143,0.02080977221309712,0.008564339358108443,0.00617927848256701,0.00873904207012066,0.009976818245979745,0.018947663169316172
621,0.004820014295253415,0.01436381630731987,0.01164531734935328,0.013812578407209388,0.06881452814799523,0.0065788360346223105,0.03204927456018069,0.2224181965677627,0.007561305024420953,0.31924275985469786,0.08418862086693973,0.009619457769992616,0.04710349439524466,0.012073787977123612,0.008011834677022767,0.004682612575244522,0.00618577268274406,0.10871179613469528,0.006677125149864936,0.011438871222312116
622,0.00942723256545232,0.015594369365716485,0.01759735791708084,0.02148295851320817,0.03653392373208784,0.007861893435599732,0.014535034744338796,0.5656573414411167,0.022989487595624837,0.034136886508352685,0.023786235050339288,0.027566781408769014,0.006255310967217843,0.015834676084838083,0.005966048086072456,0.030729142100927878,0.04740517579170166,0.04992317654637012,0.023471365063454937,0.023245603081730373
623,0.009541035006518978,0.02762922870896212,0.02569523032630218,0.017390998351734847,0.018322615502532516,0.013179909552202565,0.014284801109318252,0.026519408410325438,0.04319547576416276,0.021834965286396512,0.022980190494127497,0.020912406701524257,0.010152138012203858,0.03579441975693733,0.5892603857872766,0.011781805429173946,0.014034784938344399,0.012518672434629658,0.04347457675466756,0.021496951672658825
624,0.015615602820006166,0.044852933125482594,0.009059287503698724,0.004997620399554263,0.09900047234260598,0.0023770574996135226,0.08625543554830382,0.1580805219773319,0.022247201336877246,0.15485321785098632,0.03646493201655374,0.046981743944840934,0.0007105898507452109,0.05875426907655234,0.0009667697050108458,0.04649752816856568,0.06782667493022718,0.12862918445190744,0.004586077981213573,0.011242879469922537
625,0.053384451018347545,0.024812662050556603,0.012983732136600491,0.01591660251004288,0.013483110163232137,0.015651367661651514,0.014383877362115195,0.08657500203484983,0.03637748245907785,0.16164263361522266,0.39049258884316057,0.014739252965178508,0.007104536669086151,0.008357274976952161,0.01024804421464397,0.006701496565579984,0.042647257428228426,0.05863898444159626,0.010930461866716317,0.014929181017160863
626,0.031167109977485803,0.017005688039968693,0.043189912774068764,0.6227542396394316,0.018815494052787797,0.04135691173607421,0.017759391818642157,0.019508416187329767,0.04175620596024723,0.007268519798793009,0.01736706592335245,0.012660410159078754,0.01069066283706579,0.017116466543222266,0.006008926958983551,0.007672191845393952,0.010582331434886601,0.025065969704426153,0.01726569002660234,0.01498839458215904
627,0.382704243583216,0.013939355582699244,0.04251982517588781,0.019190152258951244,0.016782568408229434,0.16372992756664026,0.010556573414270123,0.0153692139569495,0.01302990553957035,0.0045543582193530085,0.015537258918387926,0.011596265358757683,0.00645630550740975,0.014870627170230077,0.004036525411236855,0.19948840502511433,0.021528681101907685,0.022057009596194214,0.013441128221025105,0.008611669983969433
628,0.02621612715344777,0.016192227783046725,0.01602515352194117,0.5711601857385024,0.015843338363949876,0.06308391637706044,0.020728431362733703,0.016255282279072646,0.04915904471765756,0.007749181427452798,0.023523647162942286,0.01616565569870258,0.012088965153452218,0.027880692348073676,0.013391978671173348,0.007673929756847315,0.008880715338103744,0.05630317528603131,0.017439144355388025,0.01423920750442048
629,0.11069186900645625,0.0994217507949903,0.05200394516926632,0.10516307649064068,0.004614749175140467,0.017878098973585076,0.027832807325625077,0.00799889846610309,0.014261295743440662,0.05001468942277202,0.02987841967446187,0.07497413878154037,0.0016912253423079712,0.09366768745424883,0.04140658832778428,0.06193866522939934,0.09191456556429344,0.0844595061144258,0.022953774238677914,0.007234248704840209
630,0.09043636914298865,0.2565036192719576,0.006440190481489296,0.008794789214913341,0.007095682563083123,0.00806583263641134,0.007591189330678805,0.008669727734244662,0.005085830538444701,0.29372875253154856,0.033429230752351075,0.003686526405792084,0.0029448360565344943,0.005164032334875779,0.0026805922654773878,0.0024121441421188394,0.09180087211316361,0.15266135649995893,0.0071631580374866615,0.0056452679464811
631,0.007336624758533301,0.027833850386389837,0.010407083467285238,0.0195749900011168,0.1141312485300486,0.004954424395294302,0.01645659266348625,0.0874180284519809,0.01447037128221593,0.4102530783666731,0.01281957239635783,0.012450084739498372,0.00569387383400898,0.012177162618249172,0.005355210241137681,0.01772393115261436,0.008130500944550433,0.1800019050047955,0.01710584388313044,0.01570562288263306
632,0.06965980381773332,0.053289323129813604,0.06430371487433723,0.034643137894791814,0.025576352710233414,0.0680944893048969,0.04053793442474296,0.0683609549530408,0.03912580615274711,0.059218294679261534,0.04798494900998135,0.05043914789259115,0.0008064961038287354,0.07052308813910944,0.025553475278939076,0.08334373288422525,0.0673848808882906,0.0736698663425228,0.026126770295235593,0.031357781223677335
633,0.03534649103691292,0.04130456260826734,0.11611901841611288,0.0639275863819799,0.05043652460043262,0.03259080617265315,0.0758849314078107,0.051506441015474164,0.035161858308324585,0.04876358978639108,0.04520872513188499,0.03522789562180995,0.04252555475727522,0.03865683220463552,0.021933674946586535,0.03332179002225699,0.06083484259917568,0.04388420581538594,0.031124176121536423,0.09624049304509343
634,0.040806088318054747,0.09698173935748391,0.04865904172423986,0.0796213341218813,0.027399712639831934,0.06206096421574141,0.05549731226432384,0.031187657664478723,0.042581308832528336,0.010157133275609985,0.032660163536168206,0.07569374677067489,0.07022853302686294,0.05368041655725067,0.059017272094306586,0.08622392248896592,0.05860140048251842,0.027003606210139527,0.015301680001745812,0.026636966417193025
635,0.03292962651972432,0.015894408432345925,0.6024245167490235,0.0467617813181439,0.017837952120098702,0.03673351343916103,0.033063236402892326,0.016290750851309658,0.020286376871580795,0.007096926589884182,0.02008246873412133,0.035576841642491135,0.006650038286933037,0.017944839584817584,0.005630268214160616,0.004955862932982095,0.008926114297237707,0.01884559690161398,0.012518078079881445,0.03955080203159673
636,0.005363698026663857,0.018533564062500354,0.007002076400656054,0.0217911587045757,0.03527359362113924,0.003950966787473122,0.006667634440319861,0.21584282566512106,0.007290387194842903,0.24739651591853035,0.1739411499776153,0.006465752884859677,0.0035445778406348674,0.08062647711302916,0.002520351835921711,0.03203506842326266,0.04881600929865731,0.06884438703123283,0.0067924569645619005,0.007301347808402087
637,0.05874828947096287,0.035274706027797226,0.020976525862992753,0.053675114764729324,0.054687885035642377,0.0541346540328819,0.04140127073754893,0.08426189568199086,0.048424716067709504,0.05609331150482183,0.05816526860512307,0.05736471957450954,0.03644140796479438,0.0348608985523832,0.04077373638289151,0.05374738492762936,0.04864681647246911,0.03131676991833937,0.050962718501495995,0.08004190991328687
638,0.04917998701380985,0.052395982894937854,0.043912565457580356,0.033872077903733935,0.03332046675840404,0.06755928294775455,0.10518267355198134,0.06665337225267594,0.07091603389526,0.04730953423367217,0.03844100162331302,0.06268909462806711,0.0006295351991892229,0.03581813937638072,0.08891200387937778,0.07447771934592322,0.04191882639149428,0.02669265224921981,0.026410899094444194,0.03370815130278056
639,0.008579244019205207,0.09611688542555283,0.021956413886208465,0.018746956147716026,0.0275371589468222,0.0063009698652641295,0.015651004467847476,0.10627341714379761,0.01670926967057659,0.3932181741877254,0.04981484066165932,0.015145156797905577,0.00699053435714708,0.015221631400356199,0.005797240248048277,0.03191220247801604,0.007285828724625884,0.10384329676749143,0.04142758399655785,0.011472190807476424
640,0.06781012646676256,0.0285801231216493,0.038605066706123264,0.034379061134269306,0.03682763989051916,0.03739637915966395,0.13275073592523423,0.01779585328722254,0.08724189928602835,0.04444618448237355,0.024251719075799094,0.03924654397385799,0.0060295524821604015,0.05244014003523955,0.13428510884456432,0.062192813007851,0.08800592334876796,0.03941072212973121,0.01916305618958624,0.00914135145259602
641,0.04578209786657651,0.030401255246128807,0.062072791386315315,0.04305020299695325,0.022419739230115993,0.04732281812078832,0.04742690540731314,0.01099010480216944,0.09186446261604723,0.019485068959538034,0.030011460319433875,0.06858148449314044,0.005990419241379614,0.10033997918735835,0.09630425652782856,0.059321403927447273,0.06442433536309736,0.052926230507014886,0.06396478885718902,0.037320194944164574
642,0.0498974863320654,0.04209840044669646,0.036521581341753734,0.09338731328781132,0.005263183275835058,0.03943948299148962,0.07497184593492015,0.005082679829734718,0.11198866480966553,0.012439270185580978,0.004938007006283611,0.010937169636501933,0.15081161160935314,0.03931350193456385,0.1192579051880809,0.08992218496706712,0.08571357939874466,0.0184624195437961,0.0048887945972185595,0.0046649176828371785
643,0.05824053593501447,0.03571900024290193,0.06863376393532601,0.0774998098241325,0.0429130905265837,0.06238327518952482,0.04618663342377806,0.042898957097614904,0.027431467976176738,0.05556271799592904,0.06525965361014949,0.062084313329616454,0.04153157637595634,0.045711669323742196,0.032102097778750394,0.06320872205073295,0.047524738203835,0.05753282044199557,0.024550017778276118,0.04302513895996333
644,0.06686106588677623,0.03755573959304635,0.02459372615467627,0.03709126886665615,0.022626806531863816,0.03450039662625295,0.06244516791558991,0.035978996163996114,0.07746851628757097,0.05759553876595574,0.03640071462380463,0.09183173617384459,0.002167189783955542,0.07371703148923156,0.11782581377025342,0.06012339655965391,0.0464277928821999,0.043517389834322344,0.030491956916666146,0.040779755173683464
645,0.0391569134451735,0.14618424491971418,0.006178396217883665,0.006407691964682104,0.006647083749528981,0.007325284287981555,0.006590341467966833,0.3197383126349233,0.008794277425775541,0.09071613472052442,0.033170500566247436,0.008627191925892529,0.0028218925032645627,0.009324223016709359,0.0023103990751748484,0.0035273911421955283,0.022889192080343027,0.2627887733975138,0.0068619298774808615,0.009939825581023975
646,0.058084323938892075,0.022569083902915656,0.04851848642240493,0.03804500906484882,0.041234806454116466,0.051193427997856304,0.13159564273803107,0.062019872714017626,0.04902335853613953,0.040477371102319935,0.039743256113306924,0.05445439433165863,0.009775557236230704,0.05682251510768032,0.0545856853386073,0.06211907825793289,0.05138831266036077,0.042330376889739056,0.03155018117991336,0.05446926001302763
647,0.04267781708403818,0.05443638172008882,0.030522917190569474,0.033189137015711204,0.08003679792924233,0.05414144696386462,0.05583789037617163,0.04901636729637463,0.07238027245015533,0.030469991047851044,0.03387215990904081,0.042134899443770635,0.0018751042053678712,0.04946721672211076,0.06788483856035425,0.08478510070078538,0.06377762268774945,0.03357672035225811,0.08942804061082707,0.030489277733668392
648,0.012308560643287532,0.041840839028430846,0.013969207578726736,0.014809259829832848,0.022424893618082704,0.009954453401053014,0.017859518547778896,0.024288784758550345,0.01753655524970098,0.03325843469756574,0.02193685750446753,0.019441959633910433,0.008255461682555811,0.015147175950111247,0.052574491395902895,0.00844764428156421,0.010923779064968255,0.01032389008234898,0.6075035101714595,0.03719472287970141
649,0.008400216701560709,0.03652667839998494,0.020070110437983065,0.017856723887281413,0.023865846468476667,0.005498239733609277,0.01255641731869654,0.03266711817161755,0.01623782496514704,0.6303838553357087,0.04018193337807997,0.015170234810921758,0.00819579885764413,0.01706089263371556,0.006064168110540723,0.031691110490886784,0.009534422420401048,0.022633515403878174,0.031233750670434445,0.014171141803431465
650,0.06342101775635006,0.04511762601233579,0.050248404109505984,0.053617816666753505,0.05344390897757308,0.09778294624797379,0.055308137576899265,0.040987500991278944,0.057488166845842285,0.052904637214863215,0.046420690100721994,0.05554912215303386,0.00042752598262406084,0.056961308152049465,0.03320808359041578,0.040268192391742105,0.07421269726372046,0.05032946195429014,0.02524162679264085,0.047061129219385385
651,0.05458595734490952,0.057495132861565594,0.01854954229090996,0.03772311569996526,0.06907510990321011,0.029736045286115103,0.04687027749520247,0.06274745950549403,0.07305575353658225,0.0581725034802388,0.058734196951301956,0.08332943896194273,0.0007341828417300151,0.05831739289770842,0.0484575360150712,0.04182814565870802,0.04692235734192422,0.05504020695101506,0.04458444067213412,0.05404120430427116
652,0.059999990834890334,0.07265137458821976,0.09763376735133895,0.055079491270960554,0.07225614629428911,0.0011414224458186717,0.046211219963720435,0.0065376690064117,0.04922263707622588,0.020083303409680887,0.04791085427221836,0.08476836634062422,0.0012338924176717035,0.14947903688675668,0.015881333519439232,0.06704068561648363,0.014757652920866386,0.03330286901748716,0.045635795958417165,0.05917249080847922
653,0.14976453508484314,0.014765505749617543,0.012148056810520958,0.03907640965443062,0.015142654615819809,0.5275695591413538,0.01394884310965752,0.019909558118894014,0.0156785371186361,0.008634858633645773,0.06707991672752282,0.011156699451053145,0.007488579647818385,0.015808116917484204,0.024205445605874586,0.0058491918005685465,0.006361900584669955,0.02093342638950936,0.012430393558673472,0.012047811279406144
654,0.04225492042706696,0.057848919981274685,0.02676423672931891,0.019844450122826464,0.04584066545130557,0.02490212644445457,0.07878037525396288,0.09342951860638637,0.04369292041037562,0.05494671487424354,0.050890416341430954,0.04527267595884364,0.034655495945194084,0.032674332728951795,0.04476867041135247,0.046660934980530845,0.0663773388568857,0.08258837389698898,0.07173185653245821,0.03607505604614773
655,0.03346658074671081,0.07025794490483633,0.29821027633778446,0.0861397993278503,0.016174953199402056,0.06565779140728693,0.026197535245212213,0.035273612869478055,0.01300300213039917,0.04108200912998437,0.010821554739007455,0.11499243489416835,0.024563515450886024,0.02603237542682081,0.0032413026139872093,0.03332912310563594,0.03605905814797991,0.02473015616955091,0.011402676009760825,0.029364298143257878
656,0.004495852784688458,0.013453000866033278,0.00898342458573783,0.011247733296223392,0.012535090068628164,0.034191046755406636,0.007991400831008641,0.015163448755965715,0.05255959881127008,0.004625521196368431,0.011842129922804583,0.0071254317949545325,0.003895454882721459,0.00982893490218701,0.7606598190421714,0.00950270174842505,0.0036372202132238726,0.006415228992690436,0.01188235950068335,0.009964601048807578
657,0.0078113702641083305,0.01895058199875549,0.008311126832807316,0.012806325264987106,0.06766262813571863,0.004289868520891775,0.022020017847054384,0.021343335456861574,0.013701156842286266,0.6640596920369126,0.061421806027433606,0.009289525117815639,0.033556398307964794,0.010112632674260874,0.008428971818054685,0.0049768250620135564,0.005170903905453429,0.005269525864661389,0.01179155859983145,0.009025749422127173
658,0.043268546716816,0.04766485659911527,0.009612924783379136,0.019249932935211288,0.0017240917240854158,0.07121028040399037,0.1176652165455594,0.0033454322832802918,0.11131110024797675,0.0032451398021051147,0.009063702539186,0.1103302472335236,0.0006079050622965437,0.09810334939659733,0.12685413595538378,0.10680665557013042,0.11198113200700263,0.0025068020659389898,0.002030960317744185,0.003417587810677442
659,0.00998314752347505,0.01748651064227099,0.00870317095225856,0.010540754571699857,0.00955146373174616,0.005154584047287393,0.01040762335690143,0.008797232999759598,0.024781584638165082,0.01994828946842304,0.01183777965030976,0.03029540974963944,0.00294168221254349,0.055411633720282294,0.7354626877614739,0.009809997314118626,0.004201191927385076,0.005897624034022181,0.010470618346068558,0.008317013352169484
