site,A,C,D,E,F,G,H,I,K,L,M,N,P,Q,R,S,T,V,W,Y
564,0.0918679198465873,0.026717082811188595,0.036460960071739726,0.04185569395990529,0.012153653357246578,0.02337241030239726,0.04937421676381421,0.03125385045127949,0.1279816527770662,0.049973903607099406,0.052481684951746564,0.1036614200788638,0.006714302803310039,0.07964325874256278,0.08102435571497717,0.06951628257129436,0.02959103708023464,0.05088427158606245,0.011394050022418663,0.024077992500205488
565,0.0065362411505624765,0.010182775687192069,0.009391880488186859,0.010992769207764165,0.012728469608990088,0.0030906188187963153,0.009391880488186859,0.015070382561679264,0.009483957747874965,0.7527171573259489,0.0997095013203006,0.010401760110572542,0.0031798026001904223,0.008549897394654369,0.002384486615132197,0.003596147547521363,0.00604602306427029,0.004081703334528466,0.00921298752650711,0.013251557401140365
566,0.5699526404449271,0.06740732579780102,0.011769533075806528,0.01644723054477389,0.033703662898900526,0.0035648104989221704,0.019012322660918242,0.03902529388293744,0.014259241995688681,0.005334392689034614,0.016477346306129143,0.019012322660918242,0.0065617750776620475,0.015132256811751251,0.004413574903427447,0.019632195120411675,0.004781205338642897,0.09281506281342664,0.019512646941468717,0.021185159536451757
567,0.04643896143023272,0.03451135334450149,0.036947448874701604,0.06069938029415261,0.004167099402447547,0.00046221525252876415,0.016824284755444476,0.09720697858701255,0.03655647057973121,0.08320258588915179,0.11440539951861185,0.03589180747828156,0.0013749441056235387,0.17017667338840392,0.0805001967727172,0.046627059902198065,0.05234221923916058,0.041481123147823575,0.025827075045962208,0.014356722991312618
568,0.42063768655982964,0.0171666722298289,0.010354150210134541,0.013079369317964877,0.011942032855533146,0.017791243639427134,0.022888896306438533,0.016156867981015434,0.019619053976947316,0.005843973525048137,0.016646470041046205,0.0171666722298289,0.006953588751323098,0.02197334045418099,0.005493335113545246,0.2403933259293226,0.10270602870575885,0.0034935888563655975,0.014846851658230398,0.014846851658230398
569,0.05140729727017974,0.005022239388224017,0.005141816516515065,0.004099332151386528,0.007446768748056303,0.0009110444489535676,0.009816195167892398,0.5048395351553053,0.011997571871868486,0.03693961252302821,0.1476352382899144,0.008998178903901363,0.0029993929679671214,0.012703311393743102,0.0019281811936931496,0.0033743170889630114,0.005998785935934244,0.1647675384513565,0.0031758278484357756,0.010797814684681635
570,0.005897616899968422,0.01066590290419821,0.011658079918542228,0.009283285861061407,0.06630218055503069,0.0021514911437653045,0.014322783899923313,0.3722618656901496,0.014322783899923313,0.004042721262075128,0.24348333702864228,0.06387470843517802,0.0070605272746100825,0.011935653249936092,0.0029145199796355575,0.004155312765622115,0.0893990396168988,0.03965899116261521,0.009899283902313608,0.01670991454991053
571,0.01209021115890758,0.009166219873193517,0.005575489815411349,0.0715189152566718,0.009683745468872344,0.021762380086033647,0.2545071139565984,0.004885308583353124,0.1384063825949341,0.021775151435849394,0.02635288213543137,0.0822049359771126,0.002420936367218086,0.09800435380588728,0.1323100989232814,0.01653514173203537,0.028443285483548356,0.016169320012300075,0.028109740944460126,0.020078386388900093
572,0.0014515203002845633,0.02983038569700426,0.0018302107582283255,0.003978240823002137,0.109303240500704,0.0015412892820686334,0.013438056157560949,0.004882386464593531,0.0037038793869330236,0.443844607499946,0.1281325156493057,0.004966490373423883,0.0015128521439585587,0.16248172173549333,0.0009259698467332559,0.0010428398273889096,0.0013949675613124375,0.0011549731421619104,0.002386944493801282,0.08219690835609525
573,0.16046155178879032,0.01918710897125108,0.01667798581891999,0.009476128306204541,0.011423277958164377,0.00434322547367708,0.01244625807382089,0.006749211213849977,0.01262156898263123,0.004232991324598982,0.009476128306204541,0.012263224866852935,0.010436451953273173,0.010423741136824994,0.0031828217211679367,0.026318815132621628,0.6453895586180591,0.004684827477224716,0.00794189800900952,0.012263224866852935
574,0.00675055218659407,0.011420508630617504,0.015493070592183111,0.015001227081320156,0.0194097187289171,0.004587753913219271,0.024999905150174678,0.016294436312468446,0.0189015461224634,0.007383416454087265,0.017501431594873516,0.04608745342277863,0.0076835553343347135,0.01783164728534283,0.007560618448985359,0.005164356864061038,0.008514209965073601,0.00675055218659407,0.012435227712146972,0.7302288120137644
575,0.015159087610079322,0.01126103651034464,0.00877232841836783,0.03440204877724289,0.007936868568999464,0.0023981905028631475,0.012368860725621038,0.008130450729218964,0.00924170334757172,0.002700270254768259,0.31439242629462183,0.0101014690878175,0.005809487264831446,0.2563034932744762,0.04319593438320707,0.0030865599990553467,0.004902183527911434,0.0038315917229652585,0.23648176671723747,0.009524242282799357
576,0.011828120661427832,0.025134756405534142,0.005202317197998334,0.021544076919029268,0.02080117771492481,0.014938978922622562,0.015591499120094011,0.18438608212387994,0.028725435892039023,0.008151812888281346,0.026227571901426935,0.4632486166552721,0.009280525442043377,0.0354843619842835,0.008151812888281346,0.047095257609154756,0.013741287059627526,0.011171002846904065,0.031749165985937876,0.017546139781237237
577,0.012066356836737787,0.026063330767353617,0.025060894968609245,0.015925088288593008,0.028329707355819148,0.01184696853061528,0.03619907051021335,0.01974494755102547,0.4994432558837981,0.008353631656203082,0.02246838859254622,0.020041027800061433,0.014479628204085342,0.022960764833699212,0.16264306204823667,0.010342591574346673,0.01285451513472268,0.01184696853061528,0.02171944230612801,0.017610358626590283
578,0.010195143008759833,0.010529734653815742,0.011300203043119334,0.009455271934038625,0.012192324335997177,0.0032540117860025103,0.013237380707654076,0.3844807562522588,0.014945429831222344,0.07753282806627003,0.027462195126661273,0.01187970063507417,0.007239192574498322,0.016546725884567594,0.004412460235884691,0.0046798820683625515,0.005864662338834084,0.35640967939252083,0.007852683470642248,0.010529734653815742
579,0.14304882617273207,0.13103175096489103,0.011972259802858001,0.0143667117634296,0.015034930915217024,0.004290282443389651,0.0143667117634296,0.02558238947409777,0.01701321129879821,0.0052531433413306695,0.006318687387680405,0.017958389704287,0.008288487555824769,0.034026422597596424,0.005172016234834657,0.004897742646623728,0.00862002705805776,0.49747049918644387,0.012198151497251546,0.023089358191226143
580,0.016472019604005197,0.033508716125685255,0.030198702607342857,0.12564307016339255,0.024158962085874282,0.005408722855046481,0.010658365626121007,0.015755844838613663,0.27751057464789725,0.03460736255603559,0.08559952288654703,0.012912444037309184,0.007247688625762284,0.0534761290061365,0.19113552444640894,0.02010522967541115,0.022848868388230914,0.009536432402318796,0.00979417381859768,0.013421645603263492
581,0.0027111605076561495,0.0521526995648146,0.010531862949441704,0.005670400697875847,0.00673360082872757,0.0028105464328602027,0.011543315706390122,0.04662368431217855,0.011970845917737902,0.18282350981704,0.1043053991296292,0.01243126306842013,0.007182507550642741,0.01469149271722379,0.0036728731793059465,0.0051303625361733855,0.25445932534920535,0.2479132975624369,0.006215631534210064,0.010426220638029783
582,0.009633920697014192,0.02427748015647576,0.01640370280842957,0.02427748015647576,0.09073216968692349,0.005950362783449943,0.027474907647544254,0.013560463053614512,0.023343730919688232,0.46605543077748546,0.019578613029415937,0.019578613029415937,0.11975032090117141,0.02758804563235882,0.004855496031295154,0.005467900936143191,0.05875131032222175,0.007781243639896079,0.015972026418734055,0.01896678137224669
583,0.009649580483587586,0.011517241222346476,0.018309460404755933,0.019299160967175173,0.018791288310144247,0.00370369590089654,0.04462930973659258,0.019462341653134714,0.16664667626370241,0.00661174959060631,0.016606254785708867,0.025502462706624335,0.010200985082649732,0.02100202811133769,0.5492092237597062,0.005712551646283851,0.009191286067550365,0.0065510913374814805,0.011901149263091357,0.025502462706624335
584,0.012626011667311175,0.02854576550870352,0.03282763033500905,0.023448307382149324,0.02431676321111782,0.01215838160555891,0.02525202333462235,0.046896614764298655,0.03126440984286576,0.005383541686377813,0.02525202333462235,0.02854576550870352,0.5038110209151578,0.03761835851230993,0.00937932295285973,0.0602501993425418,0.016969306788456155,0.009799292637316137,0.021885086890006036,0.04377017378001207
585,0.21065968713015984,0.08097312531298861,0.011816286904145427,0.00859524311957642,0.11701922625877065,0.05843421414339387,0.08244536395504296,0.026160548178042475,0.011958599122888934,0.00795525441671467,0.032389250125195446,0.011460324159435228,0.005093477404193435,0.011958599122888934,0.017958396109019257,0.07758957388160401,0.036896664491856614,0.060259637796727536,0.006708482434791352,0.12366804593256443
586,0.05489668314388134,0.04140899339669198,0.08337365131192945,0.06623586181454343,0.025363008455473835,0.048061394818716664,0.03623286922210549,0.11272448202432818,0.037096460631572827,0.06652592381763632,0.0563622410121641,0.025363008455473835,0.055020282892826865,0.03623286922210548,0.005939814626574672,0.0421815492436452,0.08738515518272502,0.08572589471563705,0.018116434611052744,0.015753421400915433
587,0.03578505921737717,0.02277231041105819,0.05566564767147559,0.22305278968665745,0.018328932769876106,0.23069469709759977,0.08349847150721339,0.013680300855972646,0.016720367712855462,0.00659198459267474,0.009405206838481197,0.06262385363041002,0.013540292676845415,0.0927760794524593,0.0029615029468710655,0.07827981703801253,0.007920174179773639,0.003080837749934653,0.005901306251596044,0.016720367712855462
588,0.010891127667534271,0.013840808077491471,0.020761212116237205,0.16850226978303212,0.015099063357263421,0.510088158956092,0.02888516468346046,0.0246058810266515,0.02372709956141395,0.007725102182785938,0.020761212116237205,0.026574351508783622,0.015818066374275967,0.0442905858479727,0.004943660088054756,0.007815985737877536,0.014135293355735972,0.00799761490979362,0.01277613053306905,0.020761212116237205
589,0.03057418270220662,0.0814292399302103,0.007318942145175816,0.002062852129653934,0.012281936641057358,0.06472912554070771,0.04789955290012371,0.12587048012840046,0.11164746701029074,0.052648215472118745,0.06768415083713132,0.0208779010887096,0.002661433507336661,0.043640762016644664,0.14319624177608495,0.01210943753093015,0.08605285924318389,0.06775265706267497,0.005047546307017804,0.014515016030340515
590,0.04167441989055231,0.45016113859386886,0.014401060476387438,0.014401060476387438,0.015121113500206814,0.004032296933388483,0.007754417179593237,0.03162870670968781,0.008090415906630117,0.0031502319792097526,0.04568231427591059,0.015703295532344265,0.01637774005317153,0.009450695937629257,0.003183392315833013,0.0031604324081100383,0.23225560922242386,0.06750073303455445,0.007376152926930152,0.008894772647180476
591,0.09098311737446352,0.15976878432591698,0.021907179948210988,0.02028442587797314,0.02766559035946614,0.006443288220062055,0.01711498433453983,0.011159717785991202,0.021064596104049028,0.04453485277377477,0.02381215211762064,0.03221644110031027,0.00912799164508791,0.01564798567729356,0.008978352437791388,0.007713795756412318,0.011652755291601586,0.42013494353259173,0.024894522668421577,0.024894522668421577
592,0.01420750589463789,0.021768152820859456,0.030977755937376915,0.022372823732549996,0.05575837446191504,0.009152518799679543,0.025169426699118747,0.008377118373685637,0.033998568716660814,0.011751449435546636,0.6190123801027728,0.027773160495579305,0.015488877968688457,0.027773160495579305,0.01005901828397186,0.009703875353877107,0.009176303582865919,0.006821224176827339,0.015488877968688457,0.025169426699118747
593,0.01103832607571452,0.0200696837740264,0.6804693832117981,0.027270877903920458,0.0200696837740264,0.003936453918370876,0.016661624265229463,0.024529613501587822,0.03679442025238174,0.006218775253923674,0.01878864012887578,0.00853353550614785,0.009394320064437892,0.030450554691626268,0.007547573385103945,0.006445737854431837,0.01496722179757901,0.008743228574823386,0.0205364206059805,0.027533925460014385
594,0.01024235431124358,0.023045297200298055,0.02805514441775415,0.026886180067014397,0.017924120044676264,0.011732151301969918,0.02081510714865631,0.49546379967778165,0.012905366432166911,0.005991906708492911,0.029749602435988957,0.022250631779598122,0.010754472026805758,0.021508944053611517,0.008603577621444605,0.006517861834427733,0.005223205079046253,0.20184529629093173,0.023045297200298055,0.017439684367793126
595,0.013906146276970791,0.01622383732313259,0.03244767464626518,0.03073990229646175,0.05812487632579423,0.009899290570047002,0.024335755984698886,0.4476357471418397,0.02163178309751012,0.009028692629224754,0.016836927924229524,0.03499635021025925,0.009574723666111035,0.04867151196939777,0.010619238975141332,0.00862853851965854,0.006597040662278855,0.13577091987360065,0.03893720957551821,0.025393832331859708
596,0.00946682932731452,0.01625825036647494,0.018696987921446178,0.01661954481906327,0.01661954481906327,0.008041715235030614,0.01625825036647494,0.017392546903670862,0.020774431023829087,0.05383916447820804,0.015580823267871814,0.024125145705091843,0.09112018584553688,0.023371234901807723,0.008309772409531634,0.5749387400895543,0.02587704638574627,0.00934849396072309,0.01466430425211465,0.018696987921446178
597,0.011451541679080201,0.01746360106059731,0.04365900265149327,0.022533678787867495,0.01791138570317673,0.003948817560553915,0.018879568714159252,0.019743905812182216,0.10472383266159468,0.006350400385671749,0.019404001178441453,0.018382737958523482,0.012474000757569504,0.024087725600823874,0.5368435224086322,0.06699534270455142,0.013514073310053895,0.009072000550959641,0.015523200942753161,0.01703765957131444
598,0.033787760200728156,0.07591817724114229,0.013823474886706029,0.009399962922960099,0.019583256089500213,0.15085040412850348,0.005504759951457971,0.013823474886706029,0.17024242440818715,0.002901223124370402,0.03549421273611847,0.015666604871600164,0.003387114464144847,0.18001952611631286,0.19483085663215707,0.04183246501042534,0.004699981461480049,0.003615370354984654,0.007833302435800082,0.01678564807671447
599,0.010982566484574238,0.020899765004068628,0.4335156782643071,0.013974286981635246,0.023512235629577213,0.053879110436701565,0.02170360211960973,0.020899765004068628,0.07053670688873162,0.006881629940364061,0.022571746204394127,0.031126404787805515,0.011756117814788606,0.020899765004068628,0.008298436104556663,0.010449882502034314,0.013763259880728122,0.055550825278509346,0.02969966605841332,0.11909854961106328
600,0.015336560506391539,0.05426782948415468,0.030673121012783085,0.019067075224162455,0.029395074303917117,0.011378738440225982,0.03276643354262164,0.04703211888626739,0.018680681805981935,0.03797057356201224,0.022757476880451964,0.027133914742077346,0.011308941083254894,0.54216874965594,0.003302033590642677,0.010374732107264865,0.014697537151958557,0.015336560506391539,0.03359437063304813,0.022757476880451964
601,0.01636549335024245,0.027562936168829395,0.027562936168829395,0.02618478936038792,0.02618478936038792,0.0030165181486022643,0.04364131560064653,0.01891373260831766,0.1723021955533756,0.009187645389609799,0.027562936168829395,0.020947831488310337,0.013781468084414697,0.03080563454163285,0.40098455687031087,0.008754442698719785,0.03889980323244653,0.023804353963989017,0.0327309867004849,0.03080563454163285
602,0.015112598160175439,0.052894093560614044,0.027596918379450795,0.007061054044412137,0.03022519632035087,0.4870767386025335,0.03173645613636842,0.035262729040409356,0.027596918379450795,0.011540529504133971,0.022668897240263157,0.045337794480526314,0.012445669073085659,0.06347291227273684,0.03318601472934845,0.011334448620131578,0.014761142389008565,0.014976428802771053,0.022306664331209734,0.033406795933019394
603,0.020712495546279967,0.037902445138740394,0.05083976179541446,0.04301825998073532,0.03289631645585642,0.014061527200883666,0.03728249198330393,0.053549796618154226,0.03728249198330393,0.013639936091452661,0.02943354630260837,0.031359801032992574,0.011184747594991181,0.027961868987477954,0.02532803547456574,0.42833550878033855,0.013639936091452661,0.031068743319419948,0.02943354630260837,0.031068743319419948
604,0.010519738996080089,0.03898491510312033,0.02881493725013241,0.009765043303771476,0.024546057657520205,0.508305088259145,0.02881493725013241,0.023669412741180194,0.03898491510312033,0.008836580756707273,0.027614314864710235,0.03898491510312033,0.018409543243140154,0.03313717783765227,0.00513441914029244,0.012504595410434824,0.014727634594512125,0.041260681561390636,0.06627435567530456,0.020710736148532673
605,0.020641024000273785,0.03585019957942289,0.04257211200056468,0.03243589485757309,0.028381408000376453,0.013623075840180698,0.017714211473963504,0.052396445539156525,0.03644389309826542,0.01036914039831729,0.04865384228635963,0.027246151680361395,0.009460469333458819,0.5223936482593944,0.00765136129693276,0.013355956706059506,0.011950066526474295,0.01661350712217158,0.02128605600028234,0.030961536000410676
606,0.10133035541087407,0.03153247624267734,0.019404600764724517,0.02193563564707989,0.029677624698990435,0.0069705069190379105,0.02102165082845156,0.18828287091099663,0.02102165082845156,0.009702300382362259,0.020180784795313496,0.028028867771268742,0.00900927892647924,0.02193563564707989,0.0072074231411833915,0.009173083997869771,0.010734459997507178,0.38663289258842165,0.020180784795313496,0.03603711570591696
607,0.0015640792517332205,0.013865888656079338,0.01875660105500316,0.02357201071533488,0.018351757154263227,0.0040035202853038266,0.02357201071533488,0.4041993240753391,0.020497400622030326,0.005546355462431736,0.011786005357667436,0.013865888656079338,0.007603874424301573,0.014286067100202951,0.0061226001858012665,0.005967597649451866,0.00664000301840419,0.3621093507858405,0.02619112301703875,0.011498541812358473
608,0.009662887552404865,0.030036249575562987,0.026281718378617605,0.04505437436334448,0.02742440178638359,0.015018124787781497,0.05734193100789296,0.020078887269862903,0.04505437436334448,0.010690868492996997,0.04205074940578818,0.03695355893406049,0.015384420514312751,0.031538062054341134,0.015018124787781497,0.009091483818152078,0.48319367006903136,0.018551801208435963,0.030036249575562987,0.031538062054341134
609,0.008983042946635688,0.006806857584561798,0.04884730393650722,0.02545195501546778,0.05084969868942693,0.004322030096966227,0.2287019438109796,0.038177932523201674,0.04164865366167455,0.012725977507733893,0.04164865366167455,0.021815961441829533,0.010654306750660932,0.02863344939240126,0.0076355865046403345,0.009959460658226523,0.016967970010311854,0.018325407611136806,0.026949128839907067,0.3508946793560558
610,0.3361042503188178,0.03377325646774592,0.09800677713940298,0.03136088100576407,0.0439052334080697,0.005980729203692411,0.03658769450672474,0.02927015560537979,0.0439052334080697,0.01513973565795507,0.03136088100576407,0.048783592675632995,0.011866279299478297,0.05488154176008712,0.010976308352017424,0.013930648199840802,0.03405243446173251,0.008609012836663606,0.06272176201152814,0.048783592675632995
611,0.011105924231642405,0.03470601322388252,0.021357546599312317,0.016332241517121183,0.29708931565274505,0.006456932692815352,0.008761572695640176,0.015051533047226676,0.016332241517121183,0.2125438106833999,0.2064351049640039,0.01322133837100286,0.05132166532548424,0.016332241517121183,0.008897110455843162,0.004958001889126074,0.008413578963365458,0.00533938664982808,0.0314620347137653,0.013882405289553007
612,0.01328302677613442,0.04649059371647047,0.007036966806584949,0.02905662107279405,0.018596237486588188,0.01328302677613442,0.0951636500995799,0.07183585334249869,0.027856076415247826,0.01133916919913914,0.05811324214558808,0.3560278995642832,0.016603783470168026,0.022138377960224033,0.012914053810130685,0.10793936396490622,0.011899700227721636,0.01328302677613442,0.04226417610588225,0.024875154283789506
613,0.06447699452859226,0.032373983633347626,0.042086178723351915,0.032373983633347626,0.08417235744670383,0.016186991816673813,0.026303861702094946,0.00953316113752238,0.023792952325063003,0.016186991816673813,0.02338121040186217,0.03826016247577447,0.013998154776347615,0.035071815602793266,0.009417674073829384,0.12792036402462975,0.3217938822462365,0.017535907801396633,0.035071815602793266,0.030061556230965653
614,0.020638948904060758,0.02220476810139647,0.029668489049587334,0.03651506344564596,0.3632999626516921,0.008790663422099951,0.033906844628099814,0.018987832991735898,0.03651506344564596,0.025779076085781803,0.014384721963436285,0.03164638831955983,0.015823194159779914,0.021577082945154428,0.010788541472577216,0.21728666845186237,0.024983990778599863,0.014239803421448267,0.029668489049587334,0.023294406712248396
615,0.09977046872675924,0.06486138180453643,0.021620460601512143,0.030723812433727786,0.025380540706122952,0.017689467764873575,0.023350097449633116,0.03459770006325983,0.025380540706122952,0.008339320517726111,0.0291876218120414,0.016827999172370926,0.04084261481562591,0.020129394353131994,0.00711893214927839,0.03411336033320979,0.44755753767262324,0.011226008389246691,0.01883072374970413,0.022452016778493383
616,0.02042513280930479,0.0424214296808638,0.005870700549723687,0.0393913275608021,0.055147858585122944,0.00861685290392546,0.027478695063621873,0.0324399168147782,0.0383516064561697,0.012255079685582874,0.045956548820935784,0.42253994354905866,0.012255079685582874,0.03446741161570183,0.009040632554938186,0.07951550187791734,0.021466854330641917,0.026260885040534726,0.045956548820935784,0.020141993593857696
617,0.01319906478777793,0.023998299614141693,0.03771161367936552,0.023998299614141693,0.04278136275771571,0.005738723820773012,0.023998299614141693,0.43732611551645556,0.020306253519658358,0.2019819001744049,0.016749746213056093,0.026398129575555863,0.010999220656481607,0.03299766196944483,0.008799376525185285,0.005525787799320789,0.031237579679746837,0.011531101485297976,0.01082771058914766,0.013893752408187294
618,0.08092421390642322,0.1511216986146094,0.017679101719945273,0.06892061250426866,0.01302670653048599,0.043933815614060276,0.017679101719945273,0.05593465468203072,0.011250337458146992,0.004360412203994052,0.06809099164089803,0.013750412448846323,0.004419775429986318,0.016500494938615586,0.005156404668317371,0.11231323519487128,0.07457953957604099,0.18967570723754654,0.016500494938615586,0.034182288972352114
619,0.05656874616737411,0.1406275538451522,0.024252887672421137,0.023357269425196246,0.029103465206905366,0.006930506058642168,0.027284498631473773,0.029103465206905366,0.03968654346396186,0.037062865820498024,0.1289076070491517,0.025679528123740025,0.0072758663017263425,0.021827598905179022,0.00715658980497673,0.007526758243165181,0.018392048852594118,0.3347915713706541,0.011488209950094223,0.02297641990018845
620,0.013262551570515898,0.03978765471154769,0.02917761345513497,0.015091869028518088,0.10941605045675615,0.006947050822651182,0.015380515468626167,0.03126172870193032,0.018659138249237497,0.006495239627333458,0.02084115246795355,0.19780511312140625,0.00485896990848153,0.3357808628838025,0.053121464659330986,0.009312004294192011,0.009725871151711656,0.018236008409459357,0.01620978525285276,0.04862935575855828
621,0.007454933720247973,0.019497518960648545,0.009387694314386337,0.013340407709917425,0.03151142913451839,0.00685047963482246,0.006386123477339325,0.46179868160947907,0.025346774648843107,0.19424476830873308,0.06295698501295946,0.014909867440495946,0.002559265965565306,0.009052419517443967,0.0035663929722259493,0.005894598755544908,0.02331740185665165,0.07446525109059719,0.010561156103684627,0.016897849765895406
622,0.00820533192311079,0.013675553205184652,0.009902986803754404,0.04102665961555396,0.022091278254529053,0.006110353559763356,0.01248637466560338,0.21983549838122537,0.02393221810907314,0.0071796654327219425,0.12509128454079577,0.011631739311163609,0.004951493401877202,0.026107874300807066,0.006110353559763356,0.004707977332932422,0.18124505312690972,0.2318745576228231,0.028718661730887777,0.015115085121519881
623,0.01201532277706503,0.03524494681272409,0.03524494681272409,0.031098482481815373,0.08811236703181023,0.01703343492769573,0.026433710109543068,0.0755248860272659,0.02937078901060341,0.009641666964081893,0.03776244301363295,0.016521068818464414,0.008960579698150194,0.0726422158301376,0.40547378553555247,0.009974984946997383,0.016521068818464414,0.01321685505477153,0.006339025109414291,0.052867420219086136
624,0.02888300322894683,0.0355207120455371,0.0009424137633096093,0.004703123237062132,0.16344495472701687,0.004913932496418176,0.02810238152005638,0.16723699271788112,0.0024887936354586666,0.10356782817905362,0.07534696494507867,0.042655145009023704,0.0013765238742620871,0.11128167130350085,0.002351561618531065,0.03150832521438685,0.0502050525059338,0.1384500480865821,0.004703123237062132,0.002317448654898268
625,0.12893724536305287,0.02620397949800197,0.032754974372502466,0.028075692319287825,0.023121158380589975,0.02183664958166831,0.03573269931545723,0.009658898776917389,0.010918324790834157,0.21838909476807816,0.30022269846457855,0.018717128212858557,0.008544775923261512,0.018717128212858557,0.01447657229978472,0.008734659832667326,0.004912748591160093,0.005818494338576792,0.018717128212858557,0.06550994874500493
626,0.03388918353392609,0.03238406629755883,0.21738674164671612,0.3962415417410978,0.020725802430437652,0.044304049709904716,0.021589377531705884,0.037010361482924366,0.007672853325036901,0.007402072296584875,0.02467357432194959,0.017271502025364708,0.010362901215218821,0.03047912122123184,0.00569390176660375,0.010159707073743944,0.011024362994913642,0.01941615690440852,0.03238406629755883,0.019928656183113125
627,0.2561542847737556,0.11019068442710642,0.01793500684323483,0.025848335864464764,0.021001772889877618,0.10311034222145704,0.02800236385317016,0.0197663744845907,0.016001350773240088,0.007304964483435692,0.030548033294367446,0.0197663744845907,0.0076370083235918615,0.014609928966871384,0.006222747522926701,0.26294285636768805,0.014154910495995494,0.005199823305831167,0.016801418311902093,0.016801418311902093
628,0.03523676085823609,0.0383201808860457,0.01796258479033392,0.43864554356394525,0.02299210853162742,0.0035162210765273022,0.02737155777574693,0.02737155777574693,0.05869543767844608,0.011270641437072262,0.02612739605866752,0.03592516958066785,0.01197505652688928,0.03592516958066785,0.012495711158493163,0.008981292395166962,0.013685778887873465,0.11712166099545818,0.02612739605866752,0.030252774383720284
629,0.09235638166808989,0.11746064544994167,0.11140510069972998,0.13083015911541412,0.032034721486347735,0.01825289394603578,0.019220832891808644,0.014581321504130693,0.004026082013555742,0.08291339678819414,0.014837134162097896,0.04698425817997667,0.003361119020797536,0.060408331945684283,0.00682029554225468,0.061009409875492096,0.13782049066126492,0.0337790637155603,0.0068566828024269715,0.005041678531196304
630,0.1969621475191425,0.214029677218181,0.013720461737107168,0.007960648288407257,0.006097982994269851,0.0023520791549326574,0.020580692605660752,0.010290346302830378,0.01496777644048055,0.27230887514144186,0.019813514015725592,0.009146974491404778,0.004704158309865315,0.00658582163381144,0.0026991072269719023,0.002572586575707594,0.05234421453705513,0.12522234214500935,0.011760395774663287,0.005880197887331643
631,0.010392736640824877,0.04053167289921704,0.01842348768146228,0.05066459112402129,0.032229948174560326,0.00633307389050266,0.01762246647792045,0.10926256345108216,0.019300796618674777,0.3094187357270747,0.01842348768146228,0.019300796618674777,0.010392736640824877,0.03684697536292456,0.006988219465382245,0.006653946490338621,0.009885773877857811,0.22947809956006293,0.02533229556201064,0.022517596055120572
632,0.06515066405906478,0.07587384602669729,0.055798264949068005,0.04383377268444347,0.03343984095401552,0.059959423933852556,0.02766386842559466,0.03557999077507252,0.04532246549263191,0.05963438303466103,0.06632235122546412,0.11536745129135358,0.00079345424565655,0.07143652904335666,0.024812361987879523,0.055525689398062995,0.07771419037713208,0.04143124465473404,0.010177342899048201,0.03416286454221045
633,0.05167424834445905,0.026830335153991313,0.05843050766869218,0.10573139482906203,0.07393247909099829,0.05008329228745044,0.05947390959134738,0.06130308045676715,0.004931963776726649,0.047980274336695626,0.04607757937059468,0.021464268123193048,0.019045759038889602,0.07954405245653894,0.012206124283278353,0.10875229182417806,0.05888611642057704,0.06070712824268392,0.017886890102660865,0.035058304601215305
634,0.07240931374896173,0.08130753970889557,0.03925191572153579,0.044609614212805224,0.00923574487565548,0.039756995519423195,0.0676465738998058,0.043326509049030855,0.0493685426858293,0.016508826292359155,0.03239958887830753,0.07388595900524385,0.05243493379558547,0.06173192100754037,0.0689520636167342,0.07839120040800263,0.08415136462717172,0.03347957517425112,0.025753519364808547,0.02539829840805257
635,0.013010152292889376,0.037892313968499354,0.43537032523605945,0.029335128192853274,0.02706593854892812,0.08435459639583982,0.025835668614885926,0.025835668614885926,0.037892313968499354,0.01033426744595437,0.018334990629919046,0.13601032243400932,0.012093291692074263,0.022735388381099616,0.006046645846037133,0.012991332297332401,0.01235618933755414,0.011213445853020476,0.01623956312935687,0.02505245712030196
636,0.007098724760107158,0.03582900242273481,0.014197449520214317,0.025352588428954135,0.010233192832314471,0.008450862809651379,0.010439301117804646,0.07500293026373032,0.014789009916889912,0.27084488937937423,0.26647820551909013,0.013145786592791033,0.007551834851177828,0.02087860223560929,0.00788747195567462,0.03230650385031895,0.0685229671334803,0.07418853191643936,0.025352588428954135,0.011449556064688966
637,0.06910885583784337,0.014944491144545578,0.02347093217134303,0.04694186434268606,0.07179343958293162,0.07473595839894324,0.034139537703771684,0.028165118605611637,0.06571861007976049,0.05792130979677299,0.040235883722302336,0.039118220285571714,0.05867733042835758,0.054765508399800406,0.04885325216841232,0.06914409747774028,0.048506593154108935,0.025772003952847254,0.0431305456656402,0.08485644708100942
638,0.07146454335483425,0.0905813087022524,0.055742343816770706,0.032789614009865124,0.04409223965423869,0.045905459613811185,0.053318763650824164,0.01153289872071118,0.0704113816632893,0.05136007150122456,0.03097923304407699,0.10352149565971706,0.0009370143726949221,0.036353702489198295,0.036861872523993526,0.09458702811485181,0.042412652904064665,0.02264671317960636,0.028489376001105793,0.07601228702286915
639,0.007442997948512385,0.01835939493966388,0.034423865511869774,0.019670780292497015,0.05535405458084959,0.005859381363722515,0.019670780292497015,0.16609545867694295,0.025035538554087113,0.2105674812560104,0.09099799558845123,0.015299495783053235,0.006716851807194103,0.015299495783053235,0.004441789098305777,0.04175729505027369,0.0072471295814462685,0.22155221407517317,0.0158486048767329,0.01835939493966388
640,0.0876287420343148,0.04248666280451627,0.025491997682709752,0.022244840748423127,0.02832444186967751,0.06599974778688719,0.0477974956550808,0.02549199768270976,0.09346981266379495,0.019993723672713536,0.07105484911355323,0.0637299942067744,0.036417139546728226,0.04695894309972851,0.11731497716322269,0.04454361173449209,0.10090582416072615,0.04395172014260305,0.005960055591801904,0.010233422639542076
641,0.05115692242335678,0.08666584504662797,0.029466387315853514,0.06386237787349319,0.02888861501554266,0.043277580348954695,0.0716196913926995,0.04911064552642253,0.07482957548378685,0.0060630426575830265,0.06961692161670142,0.09526490015834368,0.003274043035094834,0.09130886010528376,0.044339734688032255,0.06797801216934189,0.07971595059450795,0.011936615232116582,0.011161510346914209,0.020462768969342716
642,0.03463392747320551,0.005412223164291933,0.019952060715360063,0.060604384422906186,0.010147918433047378,0.07839373109430653,0.13841742121281048,0.010824446328583866,0.12928935343553322,0.0018730409121140575,0.014760608629887095,0.023421984318031375,0.12401287283244579,0.04695269503252844,0.10100730737151033,0.13529940173424804,0.031260109437881864,0.01923948711838292,0.006765278955364917,0.007731747377559906
643,0.04986026380814922,0.08457483558320884,0.03209175483002316,0.07784981633881226,0.08054746246019893,0.07680972910452298,0.05751088819658204,0.042287417791604436,0.002498240170032868,0.04011883226382983,0.03844310708327676,0.10994728625817148,0.02455398452415741,0.05509945580389626,0.014361764532997728,0.04523770275380938,0.027429676405365037,0.08212916098752897,0.02642963611975277,0.03221898498407957
644,0.03422585362276017,0.010071055778651269,0.05154010898486239,0.08660816940328665,0.027042649776008044,0.026754370738479857,0.06031686667431359,0.06316543570442756,0.06702026295089891,0.0605491524253058,0.06532934866940891,0.06387012597638964,0.0028633393880479105,0.0761348494603183,0.0907188805724602,0.05345752375364448,0.06442537808079263,0.0637223165631026,0.009126894299402711,0.023057417177438432
645,0.03809211512762685,0.30110001083824567,0.0067821928884529694,0.007951536489910378,0.00960810659197504,0.0024878334246522774,0.012810808789300052,0.17031919804991677,0.012136555695126365,0.11946314343585199,0.07031755680763752,0.010980693247971473,0.004045518565042122,0.00922378232829604,0.0036030399719906396,0.0033910964442264847,0.026128513337203143,0.1766261804138286,0.0049062671959021475,0.01002585035684352
646,0.053261232295062834,0.02450308661055937,0.09672271030483964,0.056720107894813375,0.04191317446543051,0.04419860559499634,0.06980530487891914,0.0732165546837409,0.04900617322111875,0.036754629915839054,0.056720107894813375,0.043786258253494255,0.013782205920063675,0.054809535839409125,0.05249756781563839,0.04180614223935081,0.056296826892781926,0.04537608631585069,0.0428804015684789,0.045943287394798825
647,0.05881766401819851,0.07416140245772856,0.044496841474637124,0.021188972130779582,0.03708070122886427,0.05932764695774463,0.04449684147463713,0.02183269491583174,0.055931957809724556,0.0556210518432964,0.02181217719344957,0.06427321546336473,0.001937794450154817,0.024720467485909517,0.06804270303058535,0.04779133699334538,0.03084981306000205,0.035597473179709696,0.12607438417813854,0.10594486065389792
648,0.014830101010997463,0.029249359238574232,0.04220874903130047,0.04220874903130047,0.03658091582712707,0.009976613407398293,0.03429460858793163,0.028879670389837155,0.06858921717586328,0.012740077156625142,0.03658091582712707,0.02385711901769157,0.012193638609042356,0.02612922559080505,0.0070339845301071735,0.010353089385035964,0.018290457913563537,0.011431536195977211,0.420300620754297,0.11427135131939782
649,0.016437426058183234,0.045085896563323964,0.035403686894548494,0.01587061826307347,0.04934415496530342,0.004383313615515528,0.027073407625242976,0.03287485211636646,0.027073407625242976,0.3521489646161891,0.13882870693910015,0.020920360437687757,0.007545048026707057,0.023012396481456535,0.008683923200549632,0.11080254096961323,0.013149940846546585,0.04344190314181773,0.013536703812621485,0.014382747800910325
650,0.04672227646654732,0.20153205654278317,0.022548495679777132,0.0509573152835097,0.049437878228388375,0.05310209743825715,0.03726613167605018,0.022046621372119133,0.05058766783302904,0.03172862840233865,0.06888344366488781,0.05559014751903226,0.0013834605895897251,0.05004919093419118,0.03558924002311498,0.04370862878883682,0.05682578587375426,0.0692130295197437,0.01709138075895712,0.035736523405092153
651,0.060834127753565254,0.04452696866799617,0.021257658168315072,0.039044678268333806,0.05466254957566733,0.053906086239039405,0.03835968391274901,0.03599123396842629,0.052840464589811745,0.07003639164382375,0.07418488870983424,0.09421679717534119,0.0009008017208984344,0.07652756940593428,0.0464889165179686,0.05007802474467263,0.06990733316033218,0.04390926113455245,0.012614434517461689,0.05971213012527665
652,0.07349832334789536,0.060184731277432915,0.013774063310828399,0.055420106717969486,0.06780813057257441,0.0018286531118891216,0.07888678589813765,0.007930018267959043,0.05385143339318646,0.01687532661308413,0.04392429510774052,0.09640956698574814,0.003004215826674986,0.09388818079279533,0.027096156072956817,0.09215216315001223,0.03887325165408832,0.04124287011569822,0.02934005649774854,0.10401167128557988
653,0.22612915419512736,0.01658487423472421,0.01608230228821741,0.03944921474072754,0.035381065034078306,0.4064470945872632,0.02653579877555873,0.03316974846944842,0.025272189310055936,0.01396620988187302,0.03316974846944842,0.018954141982541944,0.01608230228821741,0.01658487423472421,0.0043029712200551495,0.006100183626565225,0.010013508971908957,0.010586844412244969,0.023074607630920636,0.022113165646298942
654,0.04161965558227767,0.14522637216953574,0.03982127540279653,0.05734263658002702,0.013032417404551595,0.04174632666246395,0.0682650435476512,0.005256986921121956,0.037830211632656714,0.049891353894267645,0.04527050256317922,0.026547516935197697,0.031164476402188588,0.1262903305631547,0.032194777716535325,0.040800846695573594,0.039821275402796535,0.07902991579939621,0.044094965045823845,0.03475311307880425
655,0.006168815125740347,0.023722185649036828,0.20818557095807969,0.09951770692326585,0.009360811726555538,0.015398894592888098,0.006786588501752765,0.040974684302881786,0.02253607636658499,0.03953697608172804,0.010858541602804425,0.2009321199545419,0.008048598702351781,0.045072152733169966,0.0032706450610856712,0.057295109406571995,0.044437333680590115,0.12320991925999185,0.023722185649036828,0.010965083721341385
656,0.010875815365732054,0.03715903583291787,0.019818152444222862,0.02026856499977338,0.02026856499977338,0.003758238837603424,0.012924882028840996,0.017812028778888538,0.02008421033748549,0.009909076222111431,0.03221469834846472,0.014384142903064978,0.006655349701418125,0.02026856499977338,0.6869000233810928,0.005277022840177683,0.006415948633021789,0.0141558231744449,0.026229907646765548,0.0146199485244267
657,0.009704191836776102,0.07896652168674564,0.024866991581738763,0.02743943898674622,0.010528802290406881,0.006686922106013784,0.007825643400788404,0.014209709475279293,0.033155988775651686,0.610079018211547,0.024866991581738763,0.016239667971747758,0.039144472601536265,0.02150658731393623,0.004861459305823607,0.00820354361459423,0.008288997193912922,0.010072705450830891,0.025669152600504525,0.017683194013680896
658,0.03592694336059527,0.10915910156620766,0.013283911830808333,0.049247018496695986,0.0021200293116499236,0.09825081957880885,0.09862298177418312,0.0065254303730286544,0.08596086217099665,0.007498982485133739,0.009619384429206037,0.06681321121507217,0.0008710197947088838,0.10720341139099726,0.13694171909233574,0.045518299280392215,0.1119315839738821,0.0025829828559905095,0.0056180776758723,0.006304229343434463
659,0.007926229424121167,0.02582416683342702,0.010966427011455313,0.017403242866005166,0.017789981596360836,0.006671243098635315,0.04013130215538732,0.013342486197270626,0.018617422600842735,0.016723151483281323,0.017403242866005166,0.027212321324543473,0.004350810716501292,0.09869610040615172,0.6168949913239643,0.012652862781475625,0.0053016501446108465,0.011118738497725525,0.016678107746588285,0.014295520925647103
