site,A,C,D,E,F,G,H,I,K,L,M,N,P,Q,R,S,T,V,W,Y
564,0.0870216365023888,0.03713995784168529,0.027605287992412297,0.03620365638349154,0.008869895813955428,0.02086496783159158,0.05147707392027703,0.038609075186019845,0.1425518970099979,0.04063979520021871,0.0399577287073479,0.11216373891237152,0.004043432112879084,0.09359467985504913,0.08511130664853958,0.06841315100004537,0.03446397180413071,0.04541814121603682,0.007919549833888774,0.0179310562276727
565,0.0070716825753303035,0.011016937064725103,0.010161252632513445,0.011893284331237328,0.013771171330906383,0.0033437987896130514,0.010161252632513445,0.009873670010838536,0.010260872756361615,0.81436611782712,0.032402762018244206,0.011253860442461128,0.0034402884047234883,0.009250295243686991,0.002579821040704351,0.003890739855572064,0.00654130638218053,0.004416071819193607,0.009967704963322714,0.014337109878751851
566,0.6421569517705159,0.07591757598703254,0.013255449775513618,0.007583604081058383,0.03795878799351628,0.004014871807006529,0.021412649637368154,0.04395228083459779,0.016059487228026116,0.006007865725592504,0.018557629685719067,0.021412649637368154,0.007390206512012018,0.01704272113994608,0.004970793665817606,0.005505394407648232,0.005384837854194609,0.005580292243842908,0.021976140417298895,0.023859809595924517
567,0.04400688945847621,0.030627505483921163,0.05152627393177327,0.07377625585685715,0.013441568017017725,0.0010165725224450433,0.01161292916265344,0.0862674737797113,0.04423973014344168,0.08646853486701746,0.13040421310847738,0.09157624139692432,0.0014283726939684144,0.10159882853631778,0.09055240764217606,0.020123040938502444,0.04811070653099282,0.03122126102178438,0.022889631485575004,0.019111563421966807
568,0.47687337574683664,0.01945787514546199,0.012679454696058788,0.014825047729875801,0.01353591314466921,0.0062230711198509765,0.02594383352728265,0.01831329425455246,0.022237571594813703,0.006623957496327486,0.018868242565296477,0.01945787514546199,0.00788167094499726,0.024906080186191344,0.006226520046547835,0.21499705679462786,0.04350269370208069,0.013789601042592197,0.016828432558237395,0.016828432558237395
569,0.002161795288393913,0.007478024089221201,0.007656072281821706,0.006103831818464498,0.011088104684017646,0.0013565287930321472,0.01461613799256871,0.4823181570272373,0.01786416865758398,0.03625710076594842,0.09317702646448638,0.013398126493187985,0.004466042164395995,0.018915002108030095,0.00287102710568314,0.005024297434945495,0.008932084328791992,0.2455099701833564,0.004728750527007524,0.016077751791825582
570,0.008302582442571413,0.015015308672735534,0.016412081572524887,0.013068879770714265,0.016412081572524887,0.0030288390884917176,0.020163414503387725,0.524243422055442,0.020163414503387725,0.005691286351762663,0.18965017845461993,0.04241071868875323,0.009939711374909437,0.016802845419489766,0.004103020393131223,0.023890318886156444,0.008392859417937404,0.028983393416138335,0.009801659828035698,0.023523983587285677
571,0.005470399807351502,0.005396842266407235,0.007522871038022207,0.005881731256563043,0.01306603917130173,0.003282239884410902,0.21083216554819584,0.006591626506414317,0.18695149473419742,0.02269060201781716,0.018548074346801193,0.1770168649364442,0.0032665097928254324,0.10309493037743658,0.1313023182372463,0.00332514498093915,0.012300845204914281,0.013506562356204158,0.0275571390295332,0.042395598506974164
572,0.0019231632673423196,0.0059998589247439215,0.002424901739940814,0.005270891917901173,0.12736166957627565,0.0008274074522286725,0.002955693039901777,0.0064688218992423495,0.004907382130459713,0.615084288899648,0.07782699165669017,0.006121654442948479,0.002004423687089178,0.022675918484779647,0.0012268455326149284,0.0013816901144012783,0.0018482348283549567,0.001530258943906792,0.0031625351507407044,0.10899736831078936
573,0.09336627085353143,0.026904881622170945,0.018269909967084316,0.01038063066311609,0.01251363696375638,0.004757789053928207,0.013634261169465908,0.007393427633568998,0.013826305613860335,0.004637032986569624,0.01038063066311609,0.013433757328738468,0.011220492430133925,0.0114186937294277,0.0034866240395199075,0.009957591655351336,0.7071523519889734,0.0051319971817652575,0.008699957127183008,0.013433757328738468
574,0.0065650879959849185,0.0360937735182677,0.031974563984611515,0.01458908443552204,0.018876457497167973,0.00446171028853344,0.03659294838424831,0.01584676412823946,0.018382246388757774,0.007180564995608505,0.01702059850810905,0.01813169086792824,0.007472457881608849,0.01734174187618658,0.007352898555503108,0.005022471690917424,0.008280291166107104,0.0065650879959849185,0.012093583150498535,0.7101559766902145
575,0.004306302316669303,0.033908303924390426,0.010312460810971227,0.006997741264587619,0.009330321686116826,0.002819233890769113,0.016121221994055794,0.00955789050772943,0.010864242542367931,0.007168677830994793,0.3606371549167725,0.011874954873239594,0.009314559063880729,0.3013732532996034,0.0023031020428834425,0.003628458433489876,0.00576284574730745,0.004504293227780536,0.17801859560304975,0.01119638602334019
576,0.013540997901874689,0.028774620541483716,0.0059556854617408275,0.024663960464128904,0.02381347906881411,0.01710235193212537,0.017849366177059962,0.04576995137012019,0.03288528061883853,0.00933230936480553,0.030025690999809097,0.530308405706104,0.010624475276855526,0.04062299370562407,0.00933230936480553,0.05767567642389259,0.015731217542467358,0.012788720240659428,0.03634688910503207,0.03685561873375849
577,0.013712671271867422,0.02961936994723363,0.028480163410801566,0.018097881873679184,0.032194967333949595,0.013463349976015287,0.04113801381560227,0.022438916626692146,0.5676480577555095,0.009493387803600522,0.025533939609684163,0.04697463985990019,0.016455205526240906,0.04175604231292397,0.008472063947786074,0.011753718233029217,0.014608364627922962,0.013463349976015287,0.02468280828936136,0.020013087802184887
578,0.005394437039103915,0.01740223576682833,0.0186755700912304,0.015626497423274415,0.020149957203695956,0.005377825951913556,0.021877096392584183,0.05074635858059725,0.0246999475400144,0.03269969362909618,0.0840880071021247,0.01963329163437042,0.011964037089694473,0.027346370490730222,0.0072923654641947255,0.007734327007479255,0.009692384477727167,0.5892194228105385,0.012977938537973667,0.01740223576682833
579,0.1328320544087304,0.1899309365900009,0.011328759173289423,0.013594511007947306,0.014226813845526251,0.0040596827488617055,0.013594511007947306,0.014565547508514971,0.016098763035727073,0.004970790543861865,0.005979062339529619,0.016993138759934134,0.007842987119969601,0.03219752607145415,0.004894023962861031,0.004634492389072946,0.008156706604768384,0.47070886227285996,0.011542509346370355,0.021848321262772457
580,0.08226960276138136,0.18563397546157845,0.016444979894255522,0.0016062997417925424,0.013155983915404417,0.037680332888784765,0.005804110550913713,0.008579989510046359,0.15110348144889924,0.11640163215418649,0.09545612078881224,0.0070315895798655015,0.0039467951746213255,0.14552093699728114,0.09016195680394745,0.011138038527694705,0.010228635309246399,0.005193151545554375,0.00533350699273152,0.0073088799530024555
581,0.07231184201103077,0.017334458576630966,0.014390102591216918,0.007747693657565773,0.009200386218359356,0.003840161204184774,0.015772090660044612,0.05821027899063437,0.01635624216597219,0.17373855073396038,0.08667229288315484,0.016985328403124965,0.009813745299583312,0.02007356993096587,0.005018392482741466,0.007009818071130937,0.10400675145978582,0.33877987115250346,0.008492664201562482,0.014245759305846742
582,0.016291335355139654,0.029051050236426724,0.019629087997585625,0.029051050236426724,0.00976940785391621,0.007120355450104591,0.07307743956577911,0.01622679499110549,0.027933702150410317,0.5577945449880233,0.023428266319698972,0.023428266319698972,0.045054148787051,0.033012557086848554,0.005810210047285346,0.006543029332528544,0.025658853184344944,0.009311234050136775,0.019112533050280742,0.02269613299720838
583,0.010814424662182288,0.01290753911292725,0.020519677564140755,0.02162884932436458,0.021059669078986563,0.023058029511606088,0.05001671406259308,0.03286941925594981,0.012793106338305283,0.0074098835648286066,0.018610870348871846,0.028580979464338907,0.011432391785735562,0.02353727720592616,0.6153805127503885,0.029819175636326713,0.010300807469832524,0.007341902981665041,0.01333779041669149,0.028580979464338907
584,0.01294138308557711,0.02925877915000042,0.03364759602250049,0.02403399715892892,0.02492414520185221,0.012462072600926105,0.02588276617115422,0.04806799431785785,0.03204532954523856,0.007300406884173859,0.02588276617115422,0.02925877915000042,0.5163622850686772,0.038557986590397234,0.009613598863571568,0.03502769880534588,0.017393164653463567,0.01004405851417925,0.02243173068166699,0.04486346136333398
585,0.2186420225077406,0.19396037207764405,0.00743706703660194,0.008918660239901998,0.09083926625380698,0.03939935774925797,0.05485747897145487,0.010976812602956307,0.012408570768559302,0.002503483576112842,0.06465345735921467,0.011891546986536,0.005285131994015999,0.012408570768559302,0.00398305127845547,0.020770372706821326,0.0690324063553154,0.03421967969241454,0.009811906807902497,0.12800078426672803
586,0.057274897780910224,0.0724772456086984,0.04355528195181218,0.061019296548556104,0.02536703596304444,0.04375888859167145,0.028185595514493827,0.10021545071820026,0.027087448088821797,0.07485354874340985,0.05950292386393142,0.03664127416884198,0.054283369139025144,0.03419925909736032,0.005544707314326654,0.05637119102898766,0.09782059619736092,0.07821558966680915,0.033822714617392585,0.009803685396345678
587,0.050659027782380205,0.03340553466706056,0.07258486544941554,0.31044394549353627,0.008454388401954597,0.26571952669184823,0.03499627441311107,0.01575590565818811,0.01925721802667436,0.00967002319309648,0.010832185140004329,0.02888582704001154,0.00936837633730104,0.06351175726823861,0.003410828572309863,0.007655435027868047,0.02578672851492395,0.0035482691095176004,0.006796665185885068,0.01925721802667436
588,0.01271463160549194,0.016158177665312676,0.024237266497969017,0.013946419708237786,0.017627102907613827,0.5955354952254227,0.03372141425804385,0.028725649182778087,0.027699733140536014,0.009018517766686145,0.024237266497969017,0.031023701117400337,0.018466488760357343,0.051706168529000555,0.02029530222346268,0.009124617975705981,0.016501968679468265,0.010107570838747708,0.014915240921827087,0.024237266497969017
589,0.014170579236552176,0.026640688964718086,0.011872689357601182,0.003346330936936086,0.012808023540729855,0.04950128017092889,0.049951291808846415,0.08394064795953578,0.18132795432034932,0.04593222235296224,0.13754703541566404,0.013553222305412027,0.004317341584582249,0.005435661274988054,0.2089751846246788,0.0037416697984154626,0.049788483907964164,0.07887046075081014,0.00818806162593185,0.010091170062393217
590,0.002202202009667996,0.3922694345971864,0.01714664582028992,0.01714664582028992,0.01800397811130442,0.004801060829681178,0.009232809287848422,0.11337625233318775,0.022225065278222943,0.003750828773188421,0.01091150188563904,0.011252486319565264,0.003635606730728492,0.011252486319565264,0.003790311181327246,0.006022927099978805,0.27664144673360297,0.05696530716215696,0.008782428346977766,0.010590575359590834
591,0.004632827012090774,0.04067674027224906,0.02300842134200122,0.02130409383518632,0.043514848729038394,0.006767182747647418,0.01797532917343845,0.1670813401766489,0.02212348205961656,0.044645202737834344,0.025009153632610023,0.033835913738237085,0.009586842225833841,0.016434586672858013,0.009429680877869353,0.00810155681056381,0.012238521990426179,0.4413424092794839,0.026145933343183207,0.026145933343183207
592,0.04500069686762662,0.01950916047535989,0.027763036061089073,0.028345373672976695,0.06377709076419753,0.008202715199867226,0.022557466799634874,0.036116771519053494,0.030470363676898263,0.01439873702581937,0.5546099743607829,0.024890997847872964,0.013881518030544536,0.024890997847872964,0.009015142604958898,0.008696854669738746,0.008224031714680096,0.023210086030846424,0.013881518030544536,0.022557466799634874
593,0.009711391075973796,0.017657074683588722,0.598666526808528,0.02399260164027732,0.017657074683588722,0.0034632464371527867,0.014658703510903844,0.021580869057719554,0.03237130358657933,0.0054712062399852384,0.016530027363359658,0.06173166643189139,0.00826501368167983,0.026790044347513926,0.006640267402375247,0.005670885299838715,0.01316798789962549,0.007692190951266377,0.01806770432739311,0.09021421457075883
594,0.00927491665666708,0.020868562477500935,0.02540520649434896,0.024346656223751085,0.01623110414916739,0.010623995443091384,0.018849024173226647,0.44867761969703385,0.011686394987400522,0.0054259434546986025,0.026939615129295012,0.020148956874828483,0.009738662489500435,0.01947732497900087,0.007790929991600347,0.010008680701599637,0.00472984924331838,0.27311556869782017,0.020868562477500935,0.015792425658649353
595,0.01570503320602839,0.018322538740366455,0.03664507748073291,0.034716389192273274,0.0395234474882602,0.011179854146664276,0.02748380811054968,0.5055179722348784,0.02443005165382194,0.010196636417079762,0.028646630732301587,0.0395234474882602,0.010813301551691676,0.05496761622109936,0.01199293444823986,0.009744718721616325,0.007450428076841562,0.04048726482314544,0.043974092976879486,0.028678756289269237
596,0.011014060666012241,0.01891545201336885,0.021752769815374176,0.01933579539144371,0.01933579539144371,0.009356030028117924,0.01891545201336885,0.020235134711975977,0.024169744239304642,0.014000107088788365,0.01812730817947848,0.028068090084353774,0.008637161374439246,0.02719096226921772,0.009667897695721855,0.6691579342006887,0.012430154180213817,0.010876384907687092,0.017060995933626803,0.021752769815374176
597,0.012038340465392086,0.018358469209722932,0.04589617302430734,0.02368834736738443,0.01882919918945942,0.026537772714523074,0.019846993740241008,0.020755621115878798,0.1003336874500288,0.006675806985353794,0.02039829912191437,0.019324704431287296,0.013113192292659236,0.025322026496169565,0.5643338108679413,0.006574787298403703,0.01420656014184495,0.009536867121933992,0.016318639297531495,0.01791070166802237
598,0.05788416065128091,0.07166610366349065,0.017886330896756616,0.012162705009794496,0.025338968770405212,0.10749915549523596,0.007122663353892272,0.017886330896756616,0.19227817534319663,0.0037539212993192906,0.013821255692948294,0.020271175016324167,0.004382620910256627,0.2330728906148733,0.12628845617736995,0.04607106664081541,0.006081352504897249,0.004677963465305577,0.010135587508162083,0.021719116088918754
599,0.013699452394488608,0.026069984291138742,0.5410045451181756,0.027923982883510674,0.02932873232753109,0.002004336906059153,0.027072675994644083,0.026069984291138742,0.08798619698259325,0.008584019217813975,0.02815558303442985,0.013368387516099813,0.014664366163765544,0.026069984291138742,0.010351317292069798,0.013034992145569371,0.01716803843562795,0.014077791517214925,0.03704681978214453,0.036318809414845415
600,0.015712359738876164,0.05559758061448488,0.03142471947775233,0.01953428508076496,0.030115356166179316,0.011657557225617798,0.03950266434422506,0.04818456986588691,0.019138423675943705,0.008535434051196264,0.023315114451235595,0.027798790307242447,0.011586049589919725,0.5553824990657149,0.0033829449324317834,0.01062894923512211,0.015057678083089653,0.015712359738876164,0.03441754990420493,0.023315114451235595
601,0.019405919345891046,0.03268365363518491,0.03268365363518491,0.031049470953425664,0.031049470953425664,0.003576935118569149,0.051749118255709436,0.05378859497130644,0.014842347838263813,0.010894551211728306,0.03268365363518491,0.024839576762740533,0.01634182681759246,0.036528789356971375,0.4755009586750094,0.010380866943254357,0.018433192065962622,0.02822679177584151,0.038811838691782084,0.036528789356971375
602,0.014220375950795743,0.0497713158277851,0.025967643040583528,0.0066441813681666585,0.028440751901591482,0.4582916720264167,0.029862789496671056,0.0331808772185234,0.025967643040583528,0.010859196180607659,0.021330563926193615,0.04266112785238723,0.01171089784183179,0.05972557899334211,0.029101898626903332,0.010665281963096808,0.013889669533335374,0.01409224580171447,0.08218177414981676,0.031434515259653746
603,0.021138293388450673,0.03868162596304082,0.051884901953469835,0.04390260934524372,0.03357258361695107,0.0024001580787566756,0.038048928099211204,0.08230885935256077,0.038048928099211204,0.013920339548491908,0.030038627446745698,0.007198732024090566,0.011414678429763363,0.028536696074408407,0.014261553987033862,0.4372686374319809,0.013920339548491908,0.03170744008267601,0.030038627446745698,0.03170744008267601
604,0.010830691503971488,0.04013726851471786,0.02966667672826972,0.010053687794486248,0.025271613509266804,0.5233185788791005,0.02966667672826972,0.02436905588393584,0.04013726851471786,0.009097780863336048,0.028430565197925157,0.04013726851471786,0.0189537101319501,0.034116678237510176,0.005286187212564427,0.012874218202834032,0.015162968105560082,0.012932825103401912,0.06823335647502037,0.021322923898443865
605,0.0203661690482904,0.03537281992597806,0.04200522366209895,0.045272292495754554,0.0280034824413993,0.013441671571871663,0.017478329826617175,0.05169873681489101,0.03595860784848913,0.010231065388751357,0.04800596989954165,0.026883343143743327,0.009334494147133101,0.5154851205054488,0.007549476112270987,0.013178109384187904,0.01179093997532602,0.01639228240472154,0.021002611831049477,0.0305492535724356
606,0.046787823110465865,0.039927733409827235,0.03701771669863045,0.027775814545966775,0.03757904320924916,0.008826345887102167,0.02661848893988483,0.04112489293590172,0.02661848893988483,0.012285456433792996,0.02555374938228943,0.035491318586513096,0.01140792383137921,0.027775814545966775,0.00912633906510337,0.011615340628313377,0.013592419884196506,0.48968984525772596,0.02555374938228943,0.04563169532551684
607,0.001571722257025038,0.013933645491454994,0.018848256769354615,0.02368719733547349,0.01844143456471973,0.0040230838251261005,0.02368719733547349,0.4012673723223917,0.020597562900411728,0.005573458196581998,0.011843598667736741,0.013933645491454994,0.007641031398539835,0.014355877173014233,0.006152518788434673,0.005996758819107212,0.006672449953654502,0.3638993501519707,0.0263191081505261,0.011554730407548041
608,0.00934366950362176,0.029043987901164487,0.02541348941351892,0.04356598185174673,0.02651842373584583,0.014521993950582247,0.05544761326585947,0.04081788451560221,0.04356598185174673,0.010337690608889056,0.04066158306163028,0.03573278068174744,0.026604356107680048,0.030496187296222714,0.014521993950582247,0.008791142361291037,0.46713613104122104,0.017938933703660422,0.029043987901164487,0.030496187296222714
609,0.010830622297183894,0.00820685195062111,0.05889392963107132,0.030686763175354365,0.037602583547641184,0.005210959784494137,0.07296614903522336,0.04603014476303155,0.05021470337785258,0.015343381587677183,0.05021470337785258,0.04705409277196289,0.012845621794334385,0.03452260857227366,0.00920602895260631,0.01200786385122562,0.02045784211690291,0.022094469486255146,0.03249186689155168,0.42311881303488413
610,0.3212647204616435,0.03228512310684728,0.0563506064684874,0.029979042884929613,0.041970660038901465,0.0034686495899918564,0.034975550032417875,0.027980440025934302,0.041970660038901465,0.01447264139272464,0.029979042884929613,0.04663406670989051,0.011343421632135529,0.05246332504862682,0.010492665009725366,0.019412454465890017,0.05647048473791236,0.06189429299036088,0.059958085769859226,0.04663406670989051
611,0.012839885206329789,0.0401246412697806,0.024692086935249595,0.01888218412695557,0.24681848458230188,0.007465049538563833,0.013822291732651919,0.017401519448065728,0.01888218412695557,0.24579488086167006,0.250793330237743,0.015285577626583082,0.00928956977521346,0.01888218412695557,0.004198977451653224,0.005732091609968658,0.009727185762371054,0.00872724042951853,0.014590778643556583,0.016049856507912238
612,0.015664484061616246,0.05482569421565686,0.05311711887964318,0.034266058884785545,0.021930277686262743,0.015664484061616246,0.045427965591284196,0.05128896132656968,0.03285027368986447,0.013372120540404115,0.06853211776957108,0.41997425107473035,0.01958060507702031,0.026107473436027078,0.015229359504349128,0.003294668425594747,0.014033146789259356,0.015664484061616246,0.0498415401960517,0.029334914728076936
613,0.06911978896488649,0.03361127184911292,0.043694653403846796,0.03361127184911292,0.08738930680769359,0.01680563592455646,0.027309158377404247,0.0098975051758723,0.08949730518097039,0.01680563592455646,0.024274807446581552,0.03972241218531527,0.025978339243295553,0.03641221116987234,0.009777604358697527,0.0161832049643877,0.33408110370199556,0.01820610558493617,0.03641221116987234,0.031210466717033432
614,0.026734481054641268,0.028762751188975914,0.03843081651604682,0.0472994664812884,0.47077389602581443,0.011386908597347206,0.043920933161196364,0.024595722570269964,0.0472994664812884,0.007309990582706088,0.018633123159295432,0.04099287095044995,0.020496435475224974,0.027949684738943145,0.013974842369471573,0.019083887691979187,0.032362792855618376,0.011386908597347206,0.03843081651604682,0.03017420498604863
615,0.08379312016729393,0.07114935761416541,0.023716452538055134,0.03370232729092045,0.027841052979456025,0.01940437025840875,0.025613768741099545,0.01110154337903607,0.027841052979456025,0.009147774550392694,0.03201721092637443,0.039139629251544815,0.007809075835701081,0.022080835121637537,0.007809075835701081,0.009188551380159109,0.4910456003525298,0.012314311894759398,0.02065626511378996,0.024628623789518796
616,0.019613500505193802,0.04073573181847944,0.0056374168664103915,0.037826036688588055,0.05295645136402328,0.008274445525628636,0.062083040644862766,0.0311508537435431,0.03682763092049052,0.011768100303116282,0.044130376136686064,0.4058128614942027,0.011768100303116282,0.03309778210251454,0.00868138546951201,0.00494416266831589,0.02061382719955484,0.025217357792392026,0.044130376136686064,0.09473056231668331
617,0.015113948143457939,0.027479905715378075,0.04318270898130841,0.027479905715378075,0.02015193085794392,0.006571281801503451,0.027479905715378075,0.3847157196160778,0.023252227913012218,0.23129884310623755,0.01917975248629941,0.030227896286915884,0.012594956786214948,0.037784870358644855,0.010075965428971958,0.006327453618382233,0.030532993620323634,0.008452916400359294,0.022187398349835578,0.015909419098376777
618,0.08349944138547033,0.13299643813147247,0.021254392338588664,0.014599805492426463,0.015661131196854805,0.0583103069609458,0.021254392338588664,0.027051044794567384,0.013525522397283697,0.006171419024349153,0.07167870702912858,0.01653119404112452,0.005313598084647166,0.01983743284934942,0.006199197765421693,0.12534386530247904,0.08805976282341434,0.2280781241328519,0.01983743284934942,0.02479679106168678
619,0.0018693563621034297,0.41037763917344994,0.017582555029545026,0.016933260919499604,0.02109906603545403,0.003162627329708482,0.019780374408238155,0.10644053352670493,0.028771453684710045,0.01889932968649893,0.028827978365412725,0.01861682297245944,0.005274766508863509,0.015824299526590525,0.005188294926750992,0.005456655009169147,0.008115025398251551,0.24279422504197293,0.00832857869820554,0.016657157396411083
620,0.012383946826887772,0.03715184048066332,0.027244683019153094,0.014092077423699877,0.10216756132182413,0.006486829290274546,0.06023675542110977,0.029190731806235454,0.04351946914735631,0.006064949247896723,0.01946048787082364,0.17085824122318122,0.012184011838198734,0.3134932271075624,0.050116848437358114,0.008695111601857371,0.009081561006384364,0.017027926886970687,0.015135935010640608,0.04540780503192182
621,0.006668890978661778,0.017441714867269264,0.008397862713870385,0.011933804909184234,0.03188744756243582,0.006128170088500012,0.005712775303551834,0.42243716575904805,0.022674229327450043,0.17376624882032177,0.14433970906285554,0.013337781957323557,0.0022894188399554113,0.008097939045517873,0.0031903551139887635,0.0052730765877790796,0.008397862713870385,0.08346179791034548,0.009447595553104185,0.015116152884966698
622,0.016713211412249976,0.02785535235374996,0.020171117221681006,0.08356605706124988,0.044997107648365314,0.012446008498484025,0.025433147801249962,0.4480999706296491,0.048746866619062426,0.014624059985718727,0.03078749470677627,0.02369236491848757,0.010085558610840503,0.053178399948068104,0.012446008498484025,0.009589547531618838,0.013470372077830608,0.014813619826782387,0.05849623994287492,0.03078749470677627
623,0.013053191629558996,0.038289362113373054,0.038289362113373054,0.033784731276505636,0.09572340528343264,0.005682546503793267,0.028717021585029787,0.0820486331000851,0.03190780176114421,0.010474502337197437,0.04102431655004255,0.017948138490643615,0.009734583588145693,0.005363144376522962,0.440495372591386,0.010836611918879167,0.017948138490643615,0.014358510792514894,0.006886582327668673,0.05743404317005959
624,0.01467936239460065,0.015727888279929273,0.0010647363750072025,0.005313575184912216,0.1355018067193906,0.0013861500482379694,0.08347984582043627,0.1914946422618503,0.002811831932773555,0.16974680878120024,0.022019043591900978,0.048184196511245114,0.001555192737047478,0.050813177519771484,0.0026567875924561075,0.031424638208847985,0.05514235523125912,0.15550949536780062,0.005313575184912216,0.006174890256420524
625,0.15521548986697273,0.022967257604115762,0.0287090720051447,0.02460777600440974,0.020265227297749204,0.019139381336763135,0.031318987641976034,0.14531988957183684,0.009569690668381568,0.12931568217515702,0.2630495776935737,0.016405184002939836,0.007489323131776878,0.016405184002939836,0.007655752534705255,0.007655752534705255,0.004305924695370563,0.016781519218252626,0.016405184002939836,0.0574181440102894
626,0.024926873208372977,0.03894823938808277,0.12280484952999214,0.47669688617714995,0.024926873208372977,0.004925863305541435,0.025965492925388516,0.0445122735863803,0.009228122415118434,0.008902454717276062,0.02967484905758688,0.020772394340310814,0.012463436604186483,0.03665716648290143,0.0068480420902123544,0.012219055494300475,0.013258975110836686,0.02335176565416323,0.03894823938808277,0.023968147315743243
627,0.3263108317111401,0.029818092817870442,0.022842770442097326,0.03292151531488931,0.02674873119334756,0.1565449872938198,0.03566497492446342,0.02517527641726829,0.02037998567112195,0.009303906502033932,0.03890724537214191,0.02517527641726829,0.009726811343035477,0.018607813004067865,0.00792554998321409,0.1327350527925676,0.03030088112090085,0.00811232776939567,0.021398984954678044,0.021398984954678044
628,0.012468452889238011,0.04651310029814312,0.021803015764754588,0.532386808750472,0.027907860178885874,0.004267995083042943,0.033223643070102234,0.033223643070102234,0.011958571807837102,0.013680323617100918,0.031713477476006675,0.04360603152950918,0.014535343843169724,0.04360603152950918,0.015167315314611888,0.010901507882377296,0.016611821535051117,0.01799071022765056,0.031713477476006675,0.036720868656428776
629,0.08914250752666014,0.049781960362289567,0.13163679584337087,0.09992337826572945,0.02088753581634527,0.0027266754789195924,0.00835501432653811,0.022184003556670155,0.003756462595809533,0.052710310971836025,0.10157938470685805,0.05013008595922866,0.002567987030430593,0.13188063227285476,0.04891726129892475,0.038408125560802066,0.0816934734150393,0.04883780555501691,0.011028618911030302,0.0038519805456458892
630,0.10782495768160813,0.17033145498100224,0.013118122586205514,0.007611169515568457,0.005830276704980228,0.005134788049581576,0.01967718387930827,0.009838591939654136,0.01431067918495147,0.36546436702534874,0.04325075878340126,0.008745415057470342,0.004497642029556176,0.006296698841378646,0.002580614279253544,0.0024596479849135337,0.07644609480213284,0.11971537906284908,0.01124410507389044,0.00562205253694522
631,0.01014890759676296,0.039580739627375544,0.0179912452851707,0.04947592453421944,0.138618674402926,0.006184490566777427,0.017209017229293716,0.12893955242418084,0.01884797125113121,0.30212001088309665,0.0179912452851707,0.01884797125113121,0.01014890759676296,0.0359824905703414,0.006824265452995783,0.04402260703409414,0.009653838933506229,0.08068487801496703,0.024737962267109708,0.021989299792986413
632,0.06518781279723755,0.06600627639732545,0.03450594472576503,0.035940081527788666,0.01885893611352156,0.056792134631323224,0.03225306687596585,0.05544527217375339,0.04534394685320061,0.09743783658652808,0.07150679943043592,0.10136678161017838,0.0006519295339751348,0.0625322618500978,0.02838269885084995,0.057563613137202436,0.08910847313638937,0.05323216624221185,0.010044433364810396,0.017839534161439314
633,0.07771124742114187,0.04897516527035698,0.07824260637786762,0.09471473403636606,0.06353534953992257,0.030753812809217837,0.07875736036719569,0.045923966113814045,0.027796715423716128,0.04041634029862838,0.040190341236122105,0.038827158052174904,0.020880161820631835,0.058863632661987096,0.01904370599123718,0.07465403570940903,0.0604156166697059,0.05335248637378415,0.018531143615810746,0.028414420210909813
634,0.05580362317438484,0.05903669023131346,0.04229102170074067,0.031135735120097267,0.04229102170074067,0.04832438756837352,0.06535080858489516,0.01568337121894475,0.07987337000027428,0.007772327385761368,0.04988323878025653,0.05700094229230265,0.0666543276805152,0.057898870104055554,0.06831079675774354,0.09234062956715275,0.06989697064875648,0.04229102170074067,0.03896714541322426,0.009193700369726233
635,0.02831261497687818,0.046232104944674446,0.5313731265750956,0.03579155198346892,0.0330229321033389,0.004027216735233775,0.03152188973500531,0.03152188973500531,0.046232104944674446,0.012608755894002123,0.022370373360326348,0.008770712060262389,0.014754927110002486,0.02773926296680467,0.007377463555001244,0.009499747591371465,0.015075686395002539,0.013681434337824847,0.01981375926200334,0.06027244573402355
636,0.00672632290083004,0.01978330264950012,0.013452645801660081,0.024022581788678717,0.021320541470444612,0.008007527262892906,0.009891651324750061,0.11029158905167716,0.014013172710062584,0.2566311122348678,0.35384839994892964,0.01245615352005563,0.00715566266045749,0.01978330264950012,0.007473692112033378,0.011870214010689075,0.017692419997446477,0.050708218212280734,0.024022581788678717,0.010848907904564583
637,0.06380814001266884,0.019207198890821498,0.030453885006046493,0.058490795011613105,0.05348623501061947,0.05660873495303454,0.04785610500950164,0.026799418805320913,0.06699854701330228,0.03890036341598996,0.030764638934679622,0.04466569800886819,0.052841115947991395,0.04466569800886819,0.04327165878974035,0.06337700393150217,0.05343931726061016,0.038472555007638576,0.05177448672775567,0.114118404253427
638,0.07490639097997784,0.10955059680821759,0.039415029539464526,0.03436881468493101,0.045102225397556914,0.03252762818395257,0.04354806332749022,0.025903589393076076,0.07248460540694095,0.045230237189393,0.03731937322716623,0.049682810343862856,0.0008253807918367235,0.034475550134263094,0.05788848740710729,0.061757232215327584,0.058064084436653625,0.027260075676618867,0.02828310285225094,0.12140672200391213
639,0.01037141636051485,0.025582827022603297,0.047967800667381176,0.027410171809932108,0.013346307434363287,0.008164732028490414,0.027410171809932108,0.12271727993562007,0.03488567321264086,0.2935108227434411,0.04593381111300314,0.02131902251883608,0.009359570861928035,0.02131902251883608,0.006189393634500798,0.011228255114987625,0.010098484351027618,0.21551823340306944,0.022084176436288797,0.025582827022603297
640,0.07653287514819662,0.04081753341237153,0.016327013364948618,0.0648278471843548,0.02721168894158103,0.050576406358282415,0.0612263001185573,0.04898104009484585,0.0860062463554188,0.024010313771983254,0.07904175500592107,0.11479931272229493,0.014577690504418405,0.03222436848345121,0.13281878318352233,0.017326401874828912,0.05612410844201085,0.025335020738713365,0.006744774246875746,0.024490520047422925
641,0.07703120807675208,0.08923072066809291,0.007584611256787897,0.02168247042534576,0.022307680167023225,0.06429483680323073,0.10665859579857982,0.009480764070984873,0.10309533644442892,0.015801273451641448,0.007760985105309292,0.0748624143486934,0.003792305628393947,0.06160235413136447,0.08975099459360668,0.06449080236265739,0.055933339265324636,0.03555286526619327,0.00612975651447153,0.08295668562111763
642,0.05364346234034761,0.008102107889522304,0.013503513149203842,0.13976136109425977,0.010791084322599726,0.05623104729295332,0.08777283546982499,0.011510489944106372,0.11667035360912122,0.001991752550599904,0.015696122651054148,0.02641991703105099,0.131910713043519,0.03017483612473523,0.10144563134274999,0.09300476198015348,0.061647851749060206,0.024306323668566915,0.007194056215066483,0.008221778531504551
643,0.041733494835590614,0.09870664499914844,0.040619627512528324,0.07702884898698638,0.02707382262833787,0.06385175460641358,0.017056508255852858,0.04737918959959127,0.0024714674835566823,0.040090083507346455,0.03876479149057468,0.10660317659908032,0.03209558005133601,0.06488889010378804,0.018772886445121064,0.041319060697317965,0.048019448918504654,0.05752106741938377,0.031092593174731772,0.10491106268480925
644,0.02584730297687742,0.028521161905519912,0.02211533944545662,0.02783917325853337,0.01392447298417639,0.01019346122045315,0.05230758547099304,0.06015956934757617,0.08155276886285158,0.07610913160375436,0.03561733615952487,0.08387716921302307,0.0020954926064208944,0.07446840824811327,0.15033114634895867,0.0751921541145525,0.08591827888194979,0.06288798344126209,0.0033396913414833,0.027702372568519342
645,0.055375202132333885,0.27129471919517856,0.010555459060435372,0.012375365794993196,0.014953567002283443,0.006922284950848248,0.019938089336377928,0.1125370687031852,0.018888716213410664,0.09504155298367205,0.0064341648687838695,0.017089790859752506,0.006296238737803555,0.014355424322192108,0.005607587625856291,0.005277729530217686,0.02877368233888257,0.2750437702532875,0.0076358640011660135,0.015603722089339245
646,0.058420448642345406,0.039568765138892174,0.12437550445704416,0.03867317580447281,0.028924535920242824,0.029217442613106045,0.05367855735896227,0.04721532668464518,0.09159436374743563,0.03572180186149988,0.032566884887977106,0.06321577173409207,0.010628980831580278,0.04627925747238852,0.048152465512937566,0.07055020328688037,0.05956562945353335,0.03799469903597328,0.04396529459876909,0.03969089095722209
647,0.05116941247036965,0.041566189401700836,0.07772877418118058,0.010094645997555917,0.008832815247861428,0.05150288011168283,0.023554173994297142,0.05204414129785021,0.053800755205809,0.05446902736181213,0.024939713641020506,0.09421669597718857,0.0021786441048689815,0.03364881999185307,0.07652072365822042,0.06200784197493882,0.032386989242158576,0.04239751318973486,0.14132504396578285,0.06561519898411347
648,0.014901106420696225,0.0293894029735846,0.04241084135121233,0.04241084135121233,0.07783574742647349,0.010024380683013822,0.03445880859786002,0.029017944082408428,0.06891761719572004,0.012801075689098333,0.036756062504384006,0.023971345111554795,0.012252020834794672,0.026254330360274292,0.007067662719689606,0.010402659199353965,0.018378031252192006,0.011486269532620006,0.422346235518137,0.06891761719572004
649,0.021201821707210227,0.03492064751775802,0.04566546213860664,0.020470724406961602,0.03022764716184022,0.005653819121922727,0.03492064751775802,0.04240364341442045,0.03492064751775802,0.454415778350832,0.09123332861388757,0.026984136718267566,0.009731983734457153,0.02968255039009433,0.011200962411356347,0.008005576631631341,0.016961457365768182,0.013665921067700168,0.04918165021796056,0.018551593993808946
650,0.06474928994378165,0.10356644874612382,0.03578515505455498,0.06461638879330404,0.05557543019836191,0.04142657949844953,0.04926170373593047,0.03436664440374379,0.031953386852533155,0.04901169036035899,0.08966169405335722,0.060861271115006096,0.0005950331012906988,0.05299272561029609,0.025138104022175582,0.05484827503688801,0.048906378574558464,0.07380417130342459,0.022357201634083876,0.04052242796177702
651,0.06688329666998313,0.05114928802658639,0.013198613521101991,0.008227707130037606,0.06417611561429333,0.030735456943545267,0.050773613736679435,0.03529092405690964,0.057593949910263245,0.06816783915160064,0.05707971821463591,0.0832349006275103,0.0008406835913736205,0.09848565434655017,0.05326234586579198,0.04673375135335071,0.05123182753645509,0.06656349948645178,0.014952275457472188,0.08141853875940763
652,0.09042329135204076,0.061209612607535276,0.042049801729922495,0.02762933902423468,0.07515180214591832,0.002562721300798579,0.06396901669691805,0.006883752594155243,0.05896905903281819,0.00910142932563025,0.04886030480075186,0.09604541214893142,0.002992286192858251,0.12377943882857136,0.027557574507288622,0.05072162209399613,0.014738568428728824,0.04317887400996676,0.052495744146045895,0.1016803490328891
653,0.12657724029202153,0.018774548725033792,0.018205623006093366,0.00860345290989854,0.04005237061340541,0.46013836946357545,0.030039277960054064,0.03754909745006757,0.02860883615243244,0.015810146294765296,0.03754909745006757,0.021456627114324323,0.018205623006093366,0.018774548725033792,0.03827553161251777,0.006905581140242313,0.011335576588699645,0.011984608592683134,0.026121111269612224,0.02503273163337838
654,0.031187632210056344,0.09187128374940476,0.06042603740698417,0.028198817456592615,0.03845293289535357,0.03345465410084808,0.08632291058140597,0.03295965676744592,0.04280177649661379,0.07977489886842852,0.047704766373934886,0.050355031172486825,0.021017752141559706,0.09927134716861684,0.049934763722183785,0.043139107800208465,0.03740659458527592,0.04648156723614168,0.06550527894668902,0.013733190319769129
655,0.012631592024203697,0.026211671304931617,0.2708363311127324,0.12236178947707292,0.012172488228142705,0.021544462537024273,0.024901087739685038,0.0565933812265569,0.017650107930806926,0.02184305942077635,0.03984174038349607,0.15470883685776715,0.006303609975288188,0.03557298248526434,0.004253038055616128,0.029543663419965296,0.024550368194055677,0.06299816906204332,0.018579060979796762,0.03690255958477429
656,0.010987684789892293,0.03754125636546534,0.020022003394914847,0.02047704892661746,0.02047704892661746,0.003796896354348701,0.013057828301031423,0.01799524459633412,0.022941020511965143,0.010011001697457424,0.01958674245154713,0.014532099238244648,0.006723807110232598,0.02047704892661746,0.6939885504391899,0.005331302679119337,0.006481943545116318,0.014301430996367749,0.026499710375622595,0.014770330373297839
657,0.00976375029391885,0.02730388746033289,0.025019610128167044,0.02760784565866708,0.04757797696792535,0.006727962387406264,0.007873672464407483,0.01429692007323831,0.0333594801708894,0.6138450849462641,0.06996621161710301,0.016339337226558066,0.0034416781224916168,0.021638581732468794,0.00489129600120094,0.008253892001044798,0.00833987004272235,0.010134525621536019,0.02582669432584985,0.017791722757807677
658,0.02327623703105721,0.12913251500708264,0.007804090892089345,0.002789037968719295,0.0027424836521435484,0.10338162636058243,0.10396719207205557,0.0025500286590106674,0.11134009580660052,0.002477792974273833,0.021189401986893466,0.0744694290885341,0.0011267568493302954,0.08445938146046499,0.1427806080331571,0.05872773650912898,0.1160356442727594,0.0020187726883834456,0.0072675816781804055,0.002463587009552679
659,0.00875284286442078,0.028517326751822537,0.012110097661732861,0.019218198463184753,0.019645269540144412,0.007366976077554157,0.025200074292820358,0.014733952155108311,0.04351408177306772,0.02883413836410706,0.019218198463184753,0.012110097661732861,0.004804549615796189,0.009324658844393256,0.6813208720130085,0.00794524635346884,0.0058545505252086015,0.017325051076314,0.01841744019388539,0.01578637730904462
