site,A,C,D,E,F,G,H,I,K,L,M,N,P,Q,R,S,T,V,W,Y
564,0.08614833301301646,0.03899493928409089,0.028172940981064796,0.03669647271080125,0.009687153827549705,0.020991549139709006,0.05145410504917069,0.03914153571094753,0.13625218877604375,0.041325930787209725,0.040407404904676585,0.1105332651640826,0.00437400104788008,0.09475827602617082,0.08510594446394841,0.06835851708537602,0.034464172645812814,0.04567131857931156,0.008762113739225346,0.018699837063911973
565,0.004659331303794032,0.006507971464472459,0.006358929125091867,0.0065366418504382694,0.0074796991677662785,0.0021192210791753977,0.006522151862379815,0.00635292906248222,0.0069015935685611055,0.8288127934701143,0.033047931735175874,0.007364871545085293,0.022241147008903096,0.02001463715848718,0.007575604973873686,0.00240539897983187,0.004257898549977628,0.004577736262297259,0.006925242736295081,0.009338269095797238
566,0.7557121602783925,0.028705881870385325,0.008609295749945277,0.008634489001896119,0.02019049171155645,0.005268348428824075,0.014860325018435776,0.02273207944667746,0.009956458918045936,0.004530227865150226,0.012055523681970815,0.013687535171885605,0.005718815350319713,0.011344100227311037,0.0036931042049989948,0.00840809245698552,0.01623207564045296,0.021621215757365277,0.013958680186868636,0.014081099032532384
567,0.04453871382846725,0.03271220182257537,0.052071546643577105,0.07460475767382665,0.01666752776853089,0.0013123833848288787,0.013237887646270553,0.07882722266277344,0.047872078607166926,0.08672456465149346,0.12893692402432608,0.08666909915904018,0.0009751708045213316,0.09942893865169106,0.09003144196073448,0.01951118326545849,0.0508834670601973,0.03167982462980931,0.023309982492441348,0.02000508326226991
568,0.5347184418488349,0.012693138328210887,0.02479603238729529,0.009338094996763831,0.009164356270792364,0.010182512201256913,0.016292737705115554,0.01127574950248758,0.012934383285362606,0.004510258005414975,0.012213093885754887,0.0117280547397258,0.008599365190175725,0.014515308204553995,0.0042764540645270546,0.21261739966076515,0.042205293402404344,0.026751636779364162,0.010558840503312345,0.010628849037881553
569,0.020624682264132093,0.0063209440880356025,0.006279067823589735,0.011287524214541841,0.008445094253326516,0.004403746867681253,0.010251235056110733,0.39532159498069025,0.013388630242876582,0.04856864680865699,0.08926030338687747,0.010472060429583324,0.003520772065943086,0.013609070145383527,0.002345962530150403,0.004285902169318518,0.007805914275774937,0.3268358131577042,0.0038802868566762626,0.013092748382946676
570,0.005493147580289127,0.009620136370317896,0.010680853042222401,0.007927003640329297,0.02028980259026505,0.0021958404723883807,0.010665137037834102,0.5647084777022614,0.010382796691870814,0.009217061411616982,0.16303871186326446,0.044356363882435974,0.006302967557255944,0.010813885820423967,0.0027239035896447546,0.02764866192765137,0.0365694244210482,0.03786036434417059,0.006120211435875345,0.013385248618833893
571,0.0069282540308874645,0.007305610208547119,0.005313800871708089,0.020439800066913667,0.014803172713613004,0.004536353355280597,0.18933029198335774,0.013208452752081212,0.1913697653324779,0.024348143597611997,0.02088556697682429,0.16784473750752535,0.0022491753206914347,0.09728906123237976,0.12495122050779219,0.0049962613915698366,0.015337433324914463,0.015104489453510289,0.028937360951874744,0.04482104842043891
572,0.0013808610051327219,0.013459229561852604,0.00184671718296464,0.004163211715844327,0.12984158475596078,0.0006450401982687154,0.012748675513873502,0.004644475498653406,0.003876077082438715,0.5812604563502103,0.08131991576871388,0.010319384768638716,0.001383233050383147,0.02623118062247745,0.0009660916393107455,0.003039308204500758,0.0014482659668801905,0.0011414535386465225,0.002548808984317632,0.11773602859093125
573,0.058744112285663286,0.031180390839721225,0.010553432868337546,0.007211878579306506,0.008747787733728089,0.0036939595836230034,0.008290588137929836,0.01963290640328699,0.024486434583280633,0.003316977189225745,0.007090933559125947,0.00831423458434014,0.021609088482547858,0.006904499327993285,0.00492203021787549,0.014519827806367281,0.743047806212037,0.0033821067165667367,0.0055868169270926965,0.008764187961950854
574,0.004454184995611187,0.04074105080614995,0.037015229063681855,0.009443007126798157,0.02578791735077823,0.003254849008888577,0.04077962472168255,0.00924795846190027,0.010304740699293002,0.004727295856623323,0.010245558154304748,0.014783163028926717,0.00505437736036872,0.020600376813890087,0.0046823603826013,0.00475340051752625,0.005515153807763703,0.004514013398558723,0.007837293049913806,0.7362584453947388
575,0.006288478075513218,0.03765099297309692,0.006407052764701553,0.004995321493794465,0.013232223322893128,0.001957148929244142,0.02994465998387592,0.007135790580791465,0.019603947756706357,0.012451155908966083,0.3150627566507843,0.008721297666756743,0.018217782256202093,0.3166373701392973,0.013459604083791534,0.002564266570532697,0.007872101811975134,0.002844179238175463,0.16737249098862095,0.007581378804280536
576,0.00862565292902976,0.01620510451044362,0.03132889590604568,0.01395132859028369,0.014019047925769478,0.010954224224239502,0.02740284965918409,0.04470462092856627,0.03227445138439536,0.0069556491947236196,0.01797784787601426,0.5931844707186134,0.00754887285434826,0.019011459531447842,0.006424810191590626,0.0473599278121668,0.03247360334843216,0.009026902491844081,0.01906534155851534,0.04150493836434616
577,0.008653915220189412,0.015549403352942937,0.01589925788365862,0.04669964002564482,0.016576391041803105,0.008183096181375091,0.019055437258203564,0.02430907701238991,0.6267621136356177,0.0060506259634022065,0.014057978021277439,0.049797283368743124,0.010595995901705084,0.04895331761085939,0.030988471363387494,0.007605123218136112,0.015086110939902269,0.008636479516349842,0.013423110973835447,0.013117171510576509
578,0.031280780954821355,0.011956931343378616,0.01134312493946504,0.024837131584593528,0.012063344324440992,0.00585311226434578,0.013519354076959622,0.05432831880054141,0.013238150561670534,0.035982234265474276,0.0598316177737472,0.012446989919935968,0.007899989244127915,0.015702045496747218,0.0053114883313120954,0.006119112753478526,0.006449999718552644,0.6528925436679053,0.00842296524418265,0.010520764734319309
579,0.0810960051365976,0.1801639617492806,0.008434135417652991,0.015902715840536336,0.010286346280894873,0.005746846454854967,0.009924907333935477,0.011222781342268576,0.011295871689237387,0.008368379699387422,0.021780841773039815,0.011803831564792398,0.0061825342824073076,0.01822533951791895,0.0039986645580229845,0.003919275695860715,0.0062591078702361564,0.563363414215545,0.008284803356300278,0.013740236221230134
580,0.08320029007494788,0.16453214847727285,0.01172185663377646,0.011773847603315615,0.009206524892996433,0.04217687784041638,0.004190795799962452,0.005862466898710909,0.16545311644518157,0.12158675798145102,0.08793472788210692,0.010506058696882904,0.002941836080554843,0.1423821407169049,0.09362843488414081,0.013676317149967906,0.015851367101666264,0.0037616721624471553,0.00412111529220068,0.005491647385096046
581,0.048058641245451075,0.024774742502369218,0.02042541872416482,0.0051538409381995266,0.009660106874428137,0.005499532342680124,0.010824559851479487,0.04893802805703202,0.011182437756814453,0.17826239519639214,0.08899370281631226,0.011811189391518376,0.006473792566856111,0.011669115009770468,0.0036083571025111796,0.01019792553202401,0.10775091475428505,0.38217513457968544,0.005785594198504298,0.00875457055952179
582,0.022174814222434662,0.027310904620565395,0.010436446465438063,0.017192869312062636,0.03287981898581503,0.004581384541296154,0.0586058591456188,0.016571755913983462,0.01631561389818101,0.6093332362959545,0.014252713859225481,0.014891254541708355,0.052218752968887075,0.017216758376289245,0.013199195024626329,0.004101698987753132,0.03178103377659569,0.012542020560359742,0.011029973489024602,0.013363895014180734
583,0.007306762086281408,0.008568549791014313,0.01227637595123099,0.01365657362067224,0.014314834683193275,0.0377788217914355,0.022800671751231696,0.03984997648124131,0.036109363594385366,0.00525260037078376,0.01163695363152662,0.015759787063017963,0.007941986222101372,0.013707693135637687,0.6826290657058495,0.028752370297384967,0.011059378047979896,0.005545212569267536,0.008919417528010246,0.016133605677754372
584,0.022317232245959204,0.01839061485307592,0.016994746576261786,0.014625776287902917,0.015229381113784569,0.009271987477170705,0.015824770121297006,0.024340381224730954,0.017406328810957147,0.02909037347717825,0.01629458625074351,0.01780789224310347,0.6476234374698561,0.028245799827149178,0.00741766363565476,0.03896332548133225,0.016317612706575717,0.007502892510799262,0.014197593920072825,0.02213760376639456
585,0.23611476213352126,0.1770798032641123,0.010458166656463697,0.006119116168469844,0.0899204040784892,0.04347483976385804,0.057625740309791854,0.008194322718854057,0.01648044961370944,0.0036759152086618817,0.0654276314374765,0.00813215936198404,0.003909561685004936,0.008755180707360316,0.006061389241892852,0.022742623979316295,0.06518235841881957,0.03359965901092165,0.014933692231954041,0.1221122240093382
586,0.05621151546858405,0.06932550564478321,0.04378752083909683,0.05954392835859938,0.02809683188663789,0.04176864432251996,0.0321019566010311,0.0911274434329394,0.04060177706265715,0.07469983243047239,0.057996681561942716,0.03740494317194385,0.05356427923186867,0.03634591890134955,0.0066085957194916235,0.05669878559396441,0.09308387564261898,0.07494631805260361,0.034485638835116794,0.011600007241778417
587,0.0578525609641033,0.03880627394092199,0.07341358407443221,0.2615953788680885,0.0062339362059506825,0.2980829453003777,0.044031061886799276,0.011324589962731751,0.012988853195965749,0.014205616708159294,0.008243669323670733,0.016304548372210462,0.0065710019499178795,0.06499039187474111,0.015432683464414388,0.01203772189114145,0.033000666621884577,0.002859411063343754,0.009868146463210842,0.01215695786793435
588,0.008440594564843107,0.011048853215358503,0.014326646865458372,0.03687325773144606,0.010923956608806363,0.6984036422768685,0.017018154525056735,0.017782896403183427,0.014932076171017212,0.006805486144154064,0.01506974547263137,0.01763268232712629,0.012962654137390896,0.025268100807531425,0.03050001718371774,0.007354320513140651,0.011049127735230561,0.01954108359094672,0.009454558061910142,0.014612145664182037
589,0.017107579767218037,0.03130139301097683,0.00806225707734875,0.025662709651154823,0.016745928169641773,0.05027535550774212,0.05150028731656332,0.06750504596100676,0.18417571646919623,0.04730151360695455,0.11961263557854261,0.02193618742440831,0.0030794034116434312,0.011045099585520909,0.19220378466654187,0.005368921337340129,0.049282235925993095,0.07770148035331326,0.005738228376436945,0.014394236802456285
590,0.013825560930028563,0.3283774289193461,0.0125787784713103,0.011073484649015466,0.012976161069822021,0.003921862155322752,0.00737231197782763,0.09011263389385096,0.03134360874987707,0.0030935809812404577,0.009716668992961548,0.01614047353154969,0.016320457876911467,0.008095131149976778,0.0029378024679162433,0.01088548192142519,0.33754516034422244,0.06851194132435502,0.006389625250046173,0.008781845342994105
591,0.024061739016899605,0.056287498629480535,0.01931465056198399,0.01442833709020827,0.05025062382910624,0.011095237541383605,0.012283660532682433,0.07167537425815575,0.014969597153519783,0.05399252865664499,0.015793204421188197,0.019308316096683518,0.00777408866255671,0.011238512128161184,0.0075498212776924705,0.006224405723129658,0.008604538770983113,0.5613724781460221,0.01663972711065199,0.017135660392865907
592,0.04661290195565553,0.024006122953945715,0.015398344357036945,0.03304051534817083,0.05766133460910546,0.00571794264388392,0.0130068929635496,0.03927836404399275,0.03925608632340135,0.017836555252180957,0.562589377097264,0.013022925543676308,0.008855803477889754,0.01389871593383976,0.01072623997139258,0.0057057133473726925,0.029214674989681333,0.03207984746401946,0.008506344451712961,0.02358529727222813
593,0.017125917569820296,0.011447746515973196,0.6940496908544566,0.014881592205658805,0.012242526725917344,0.01605114125458997,0.009689332278879212,0.013129270640994893,0.01754868792041994,0.004419974552171822,0.012441912740844241,0.04472273459861453,0.006241802656823661,0.014282443019739372,0.004626844835036995,0.004248852176488502,0.008740866521389123,0.010147659267148635,0.011816822720372175,0.07214418094466071
594,0.008219105784386728,0.014719257703394484,0.016841036118730973,0.018439651752937138,0.01317555031993356,0.009204962795136613,0.014924030541771625,0.6555047630876554,0.011026552235489952,0.017407242032162533,0.019883599732763962,0.021536133197196532,0.008509576357416733,0.014860928314167271,0.007074553916961486,0.01787807458281151,0.02546355921026256,0.0789197120480621,0.01552340688112205,0.010888303387636935
595,0.010704247066597075,0.012248544200432957,0.018509303169875858,0.018835540380680138,0.03548867312112058,0.008666667332843343,0.01655576166809668,0.5937931741690371,0.014027323714211212,0.02127125509156144,0.03554270111970279,0.02627444757828615,0.0073686675950875935,0.024128483641875375,0.008774579588518757,0.023756272417386457,0.036821575499247736,0.0496544181847563,0.021926938874187066,0.01565142558649542
596,0.014518499894052371,0.012617385126984652,0.01468249527203422,0.01153672490550569,0.011957602845571921,0.006881017358095883,0.012289181429447644,0.012130254323870474,0.014109737420338825,0.021884597656723504,0.012211268603814133,0.01453009088370472,0.026266467078198057,0.015874384384834194,0.007525038728395538,0.7529791776129435,0.008893080482878487,0.006655649453928007,0.010679068910230507,0.011778277628447475
597,0.008275763815715686,0.011852175057483413,0.022723671317600017,0.014452140557231954,0.012573778969745394,0.04047681586180571,0.012424072127510882,0.028542712067009115,0.07034425565867262,0.0057838986866792326,0.01394828118821182,0.012671437892704116,0.008525734576367709,0.015072286211424962,0.6694326938844407,0.012897917505410177,0.01024590310126263,0.006551876215467249,0.011134877336578872,0.01206970796867769
598,0.06910481764685276,0.0743924182205701,0.012153212309270457,0.008452490595824634,0.016931836586065327,0.11934411148560628,0.01779027877226685,0.012067799498701412,0.16112613703838152,0.007276957117202966,0.01795292611833864,0.013670580740426956,0.007361200127962027,0.2703730281512546,0.10667192245916772,0.052222309805459756,0.009520851229053617,0.0035626066405989136,0.007346432157425618,0.012678083299569834
599,0.011509299167265855,0.01594314706077755,0.6472269753794294,0.03722384048191164,0.017056008220462736,0.01721007813762031,0.01730118374099006,0.015070680121915547,0.030987326403680855,0.006130605413931976,0.016352255206980727,0.03850893464576503,0.009887042893040007,0.015247259378375112,0.007692723648501605,0.009556985263869913,0.01227386187758352,0.020861922402215197,0.02040614333987694,0.033553727215806
600,0.010898385679846006,0.024657307407458036,0.02058900290309496,0.012595832238660301,0.01827870620979718,0.008786369317532601,0.04418541792023816,0.024481913364459883,0.019111866346549683,0.019924759068077755,0.013624591427446563,0.015033618267077699,0.019252591593683553,0.66361796290678,0.025218699003580942,0.007351221984436111,0.009462836766084016,0.010074985981284527,0.017647628260160787,0.015206303353751355
601,0.013768597247391844,0.01863796033136423,0.01844753020373472,0.017305803043959754,0.017577018626124128,0.030078980856679885,0.02248307485819745,0.051208314785381355,0.04460219334642952,0.00864967252003061,0.02121647088140557,0.015229929612579152,0.01191069676724198,0.01950388558540098,0.5879274392300755,0.03074087908993132,0.012562723069134285,0.018488758799733187,0.019056700323558322,0.020603370821646184
602,0.010523608659774917,0.02550174378184696,0.017306319883421985,0.013257839896006355,0.017364683876679058,0.6128720433771954,0.01946520405047813,0.021053216492278194,0.01724491371114884,0.008774997392643657,0.015633077707587734,0.022869851148890525,0.009115392554110865,0.0253414617488526,0.03647641732043655,0.008314745950958012,0.011375431745492551,0.01889888097658871,0.06947714978372296,0.01913301994188604
603,0.01407104813701208,0.04399043570768541,0.025748331130450247,0.024231345130651765,0.02078006589601833,0.016586666273356036,0.02294398162929538,0.059090463183843436,0.022825681246284757,0.010950152990315635,0.019135510974795798,0.030653069185974373,0.00808322344133757,0.016613211013158248,0.028186819743220213,0.5679698321118323,0.011013607990511862,0.018514461153439545,0.019390151982249873,0.019221941078567256
604,0.008922642226830391,0.020977638349849337,0.01719625048315194,0.033873582264947404,0.016988020981603007,0.6741586638519262,0.016846259765716916,0.01487556277199481,0.019862837560818962,0.0070219459677565285,0.01768092635186321,0.021363410233068727,0.012178959777003775,0.01777465625132065,0.0186162332129591,0.008681909434149015,0.010738786613703885,0.01994548205378237,0.029995398684528427,0.012300833163025316
605,0.013618984317490066,0.01918101159033975,0.02121320298425524,0.052373564705816715,0.018749472487220732,0.009815754152761402,0.021709841423008608,0.02477626634922778,0.030379938630318175,0.015449425201619679,0.02419184633017698,0.01698019626529178,0.007491748141176475,0.642550668369243,0.02092661275180075,0.009521913066992835,0.009011429470607471,0.011108861323268698,0.014074607519182832,0.01687465492020104
606,0.0415921985686911,0.02079107184735175,0.047357482024175696,0.018128853358333613,0.038380169303521464,0.012213758967983879,0.015704525158169544,0.04310480882933407,0.016468141390580095,0.009230207269492807,0.016280576039977974,0.01949985836782792,0.00762519770413982,0.015390777594154905,0.007439834754132961,0.008773094739607185,0.011274022995397284,0.6097064569067661,0.01647029549451971,0.02456866868584208
607,0.013129293031856015,0.010137701108579176,0.031882732461353966,0.015697422139230068,0.011938668882162098,0.0073993805948663095,0.015691317692734248,0.3332093754170844,0.013341025083459109,0.005254477691862092,0.00860199041432229,0.009817335435222231,0.005972131425841142,0.009771179644377608,0.005116261862007628,0.004997923876219185,0.005875270007400768,0.4656431240458462,0.016894937951446566,0.009628451234128846
608,0.04443616726179788,0.020352334096292345,0.014577464242610748,0.019914127827729073,0.0177797169994491,0.01012342588353735,0.025444955915747983,0.05154370595362267,0.023507043356083297,0.008310812100230191,0.021158259510726213,0.03717333084088779,0.03521934184582934,0.01761012335888293,0.01025223918680744,0.014577351387388379,0.5811009391544769,0.012801459196709344,0.017677219716507573,0.016439982164683526
609,0.00895926322639856,0.019544942485223458,0.05127783843135572,0.018403055950236752,0.034492143575343526,0.004419212929147444,0.04762568981156658,0.02235482213544401,0.023801634847136724,0.011410206069416994,0.02636528387955998,0.05184474995138438,0.009796464866682428,0.020403570826813596,0.006711994623517211,0.01685410544325669,0.015481715058636783,0.015073692278926864,0.021660983058775743,0.5735186305511766
610,0.49760098700565014,0.022019803924091197,0.04806819774479113,0.019088368934437897,0.025463230523614978,0.003285352163630531,0.023090299589646965,0.018747105795782835,0.02468947203434711,0.012451626648123439,0.02248057405280876,0.027710258539439654,0.015506156725156586,0.027746703117308404,0.010129114218412233,0.038847063616364357,0.05556129509648823,0.05124456108602891,0.028674367774878914,0.027595461408997768
611,0.011243647553010865,0.023027575415090866,0.01710444337583028,0.014759584168645761,0.1333493562665608,0.006376472673071245,0.028885089175623244,0.024376300400891476,0.014015496265904306,0.34575902562511673,0.2537690843581269,0.012299588290888678,0.029894178018488198,0.013520013429096787,0.006694561402433408,0.0056058273763298526,0.009320715303820011,0.01649611258830267,0.020861580358969057,0.012641347953798883
612,0.011459912210727043,0.025100633867375037,0.046921912348061846,0.019957527897888353,0.01467796719864733,0.012035708641449448,0.04648344829578374,0.043724844728753716,0.03422060350857149,0.009206338761513073,0.02850470462564652,0.5459034751318655,0.01280384956843173,0.018383754424057364,0.010923589557484223,0.02947750986784901,0.024343408420216303,0.011319607573390747,0.023636600854378614,0.030914602517908948
613,0.054575282445166726,0.020893852766644395,0.02397023331151647,0.020760717551523002,0.02877111208780111,0.013153428640712114,0.03741594572557202,0.030565086913962317,0.08715918273276833,0.014030056459089345,0.01720359303813924,0.02298238828662099,0.03890238673334965,0.019870573210358945,0.008096150303164984,0.031144762587271793,0.47615456522779925,0.012088839370528211,0.02148073983343874,0.02078110277457242
614,0.015753722346847222,0.03482145402495956,0.021665222888648184,0.023555384791487957,0.5802101275529703,0.009221829446097216,0.02060197567488064,0.016189717993350734,0.02381040025482147,0.037016797444036534,0.013287448498684512,0.021795628120396888,0.014764156617336755,0.017793481882176637,0.009831767234297335,0.04152044149827379,0.016923419129148236,0.018489246415130275,0.021124775721727822,0.04162300246472786
615,0.06112429528632931,0.0317921873285591,0.015230955672411516,0.01896397310989096,0.01724695609935785,0.013179215884276061,0.01598053420293304,0.028329613851733472,0.015470852988144197,0.007109293321096547,0.01886039058885176,0.04604028619817508,0.01467788194450761,0.014140710757737674,0.005952340698224768,0.011670750378937712,0.6250999068680105,0.009480435301559951,0.014002830362230514,0.015646589157032265
616,0.012453146571074934,0.02138868997019684,0.024189881898971664,0.0211572178392146,0.02716128723352589,0.006558429597607983,0.0509675843443338,0.02289886665512205,0.04123448428629757,0.009013040413656007,0.024638674352336288,0.5280678569863012,0.00895657230514719,0.021733529137765623,0.006969769854815078,0.029776748923939944,0.03418180023922589,0.014765162182177079,0.02167123744656584,0.07221601976172454
617,0.012959181181840227,0.038013937951395016,0.02617222715502059,0.020506163657811115,0.022507494952357706,0.006831043498955449,0.0205525293618016,0.21331170620479226,0.017678655485906903,0.35852003259356435,0.049937811202901854,0.02195297033697243,0.010331795983967154,0.02478838849949501,0.009631152726538326,0.02449250092543644,0.049372001343870195,0.022022867115347164,0.03709828572468691,0.013319254097339325
618,0.08461161609859685,0.12965997970743398,0.013943653882999996,0.02157186229386235,0.011074137910760973,0.0662299439199204,0.013305371686438763,0.01666623916729762,0.009431069046516015,0.013532799405626036,0.06342041355835218,0.010353450499684553,0.004391568157517386,0.01426191719759916,0.00457377929497262,0.13208391631959243,0.09634041770982071,0.2656861421500782,0.013154666145608505,0.015707055847321242
619,0.013494573671688099,0.338124288906894,0.01259501245286772,0.023114053529373364,0.014324551699209468,0.005036025783115883,0.015492644655629733,0.10069375412040912,0.017928290821426943,0.025764678811741343,0.04039714851332074,0.013572641902347311,0.004922188045095134,0.011979391362629824,0.004172538344383705,0.004352120869593663,0.01352826816683015,0.3211844320164412,0.007165648441454438,0.012157747885548178
620,0.009543056131230628,0.02403430484199061,0.01613575637526192,0.010814900015633731,0.034213894493215505,0.005650277168501057,0.05907094403841791,0.017797358431477006,0.04724292280042577,0.011403867008269116,0.015019458617287438,0.17313810373633645,0.020593618645894162,0.4281651470648866,0.04760154399165487,0.007365871454193493,0.007924248937418558,0.013060732213273954,0.024374609204306348,0.026849384830324795
621,0.006523926727932568,0.015669502098222363,0.007691926077977165,0.01020140408855875,0.043049986915470774,0.006535668823354304,0.016841865428918773,0.27796927596129867,0.01787155273799851,0.2618690083194722,0.14502199542133373,0.01177175720570904,0.013597271435574506,0.007390080127196565,0.007987942481094976,0.005038948617176825,0.015638122657165264,0.10754327729258956,0.00901562830842158,0.01277085927453387
622,0.012703968433441534,0.016411048343158267,0.01436860603624244,0.03278152425639592,0.02500210773120366,0.009014763603846745,0.01641730363410204,0.5770585970179072,0.022636402631334648,0.02409849835584369,0.04166393294475612,0.025086731156171774,0.007740848416596145,0.02483207034118529,0.009464074456328377,0.011248739117336313,0.03391950050416516,0.049373312064824676,0.027019284839339873,0.019158686115820105
623,0.010534826056398723,0.021689234065502744,0.019282531705302954,0.021812229482048133,0.03199453481509206,0.007979929639148215,0.019496743957021955,0.030905456698004777,0.020388387348653125,0.027625300868714918,0.02279075766023908,0.01236540047552397,0.02448344409157746,0.025563654557292523,0.6071827666745501,0.008453497386468634,0.014288131964441137,0.011318036735057302,0.03566205307921915,0.02618308273974309
624,0.01654445669799145,0.019427159499447358,0.009217522920979474,0.016788734229070654,0.12129539416885447,0.002044284080419994,0.08375321590623706,0.17289416841527433,0.004364042386905701,0.16549474902481942,0.031063696561288198,0.04882686562610278,0.0010729875545732132,0.05507973176734247,0.0019525065537683687,0.03287174774794707,0.05614745374518417,0.14810112199618053,0.004188512820634454,0.008871648296978875
625,0.16397191502654176,0.029912185747798994,0.01762223045143506,0.01589745263441433,0.013432145617762762,0.012446373443754847,0.01638814790040987,0.09376681386020407,0.01579163962110145,0.1475274128282185,0.33117739622374054,0.011855052438124972,0.0064474565220465525,0.011874539510667652,0.012473148611753311,0.006589257080372698,0.02218633762734865,0.035295020238667665,0.011137525621886142,0.024207948993750138
626,0.01613644689835328,0.019346001068377985,0.052653101670860625,0.6187965200502221,0.016185236082989364,0.020249965674126076,0.014237937911611548,0.022045772260513803,0.03438605483272088,0.006961911922144537,0.01944327397387347,0.015162314478938935,0.009113266490127074,0.0434700298842911,0.006122683634456126,0.009476160137006716,0.010020462835733518,0.02993089675062336,0.021561699238795064,0.014700264204234318
627,0.3939153192598824,0.04144454603693791,0.036308287043082706,0.01786548313529369,0.01607815026350536,0.15928696026968064,0.019491910126940612,0.014215701591707802,0.012402867332450478,0.0074358526083230375,0.02191375809066746,0.01437380645617121,0.007274506735907654,0.01316713934026068,0.006220514205698613,0.12960378813511872,0.03211228086975368,0.03004278313961007,0.013769177824840299,0.013077167534166994
628,0.025002283018280006,0.019628267198029396,0.03289259041772015,0.6238218390830246,0.016906163071632254,0.03441134186982881,0.015765725124752186,0.017690438486860773,0.03212403986906101,0.009558411686391943,0.0171256955881712,0.021129645523601182,0.010323463466861561,0.021296083082282685,0.010313682104563467,0.00803750837576368,0.011332487051188368,0.03582825067786213,0.01717202842534957,0.019640055878775015
629,0.08562052571648918,0.05088888514990884,0.1155867292298643,0.09854971793904288,0.023201388842999857,0.013411855177438682,0.011764596776123754,0.024664497128446313,0.021287506652935575,0.05300518109228653,0.09594291704390395,0.05016374708850733,0.0017015364134354495,0.11837374631958691,0.048398853156439575,0.03817032713365713,0.08066246541143691,0.048544356526762554,0.014830688393960272,0.005230478806773993
630,0.10776610880011717,0.1639124256381026,0.00875357580517209,0.009848973382230695,0.004450458963568991,0.007928942847242607,0.01363211278402722,0.006603175674281903,0.009704449876088986,0.36657873319474577,0.04703542398311217,0.00648618398129595,0.0035699262300150883,0.0044426142688288725,0.0018910991077102923,0.001974657189899083,0.0848457020045404,0.13654765575362596,0.009555835599859992,0.004471944915534148
631,0.009173596540510405,0.019748946949379564,0.013666146022654277,0.026521645324529646,0.1520966017033719,0.005691975294880809,0.01494185251130589,0.07743816577705655,0.016142440155168657,0.4456022015915145,0.014219280663646174,0.01333837687007894,0.008720155680242394,0.023310927635225128,0.0069954039965533866,0.03984732973517813,0.007893408490112322,0.06993835996661453,0.018626213856958933,0.01608697123501791
632,0.06452159355013794,0.06455700599289009,0.03718848534326944,0.03546597897819846,0.02054491094608532,0.05660814912986865,0.03241929631954328,0.05525989473157008,0.04527009322512268,0.09532720350390918,0.0721893769299437,0.10103596920077525,0.0004445563391163926,0.060608942139289204,0.028942371696414,0.0572946440775277,0.08938265913743104,0.05261653190871457,0.011755380226583569,0.018566956623609448
633,0.07581692421925033,0.049778045649742926,0.07710479042208541,0.09054763403260478,0.06167487831339017,0.03055244279503173,0.07781076897474873,0.04573064074837292,0.02821308428842277,0.03980679022352173,0.03923259772509264,0.03930624964869221,0.021454839854915912,0.06344533711589756,0.018756101157877073,0.0728003097219464,0.06167058423720706,0.05518599539009204,0.021256145871581426,0.02985583960952615
634,0.05652483824673198,0.05750569427779669,0.04513788501182662,0.03373593434196255,0.04315549040408217,0.047430034478658116,0.06629695424342204,0.017230510688931337,0.07168977574227196,0.007811709738499978,0.04986492632089583,0.05649075671144535,0.06627083412794955,0.057659153246465665,0.0666453317268908,0.0915116521709447,0.07127440189963384,0.042754751114531635,0.04061748573649243,0.01039187977056675
635,0.03662659228419341,0.02302620383486159,0.625004739816082,0.04055266423010049,0.017932817538793354,0.03363414723343593,0.017838037627893256,0.0181480344187779,0.021112642621027983,0.008872689235551439,0.013754995695333042,0.02552643781134297,0.010264302180439467,0.015125303473507839,0.005458984326791129,0.00689679575213584,0.009943102284004314,0.009449733119210053,0.012279399260108362,0.048552377256409714
636,0.004926554068759286,0.02720025371670058,0.008790857011091214,0.013129392112506907,0.027644521126613007,0.006579903426644114,0.00744944050071652,0.0934748722936645,0.009623790360054658,0.30072518096265605,0.30325931578372345,0.008960312619036456,0.005426278587303316,0.025523965425012233,0.005668211763445935,0.029208141660348543,0.02661807655076886,0.05626634682003218,0.031754616212121244,0.007769968998800894
637,0.0618498059285095,0.02056856752728245,0.03301178193469541,0.05951433539120874,0.05292623935949162,0.05568009457011989,0.05023313440441233,0.0269514394490325,0.06778636627145784,0.03893042789214839,0.03111118850704821,0.045092319250292404,0.05225601954555569,0.04683965534061835,0.04330264392628235,0.06494236650144862,0.0542143329189432,0.0377947062308577,0.05097895634241059,0.10601561870818421
638,0.07547362431337357,0.10344259031199234,0.044233499693551226,0.0374671655603724,0.046820018184162,0.033444031942579694,0.045958296859092855,0.02794986296931049,0.0689631844178957,0.04452330157597003,0.038362422106213934,0.05108602904938008,0.0012462304967915316,0.03851820019690926,0.05685179813170754,0.06053286793673301,0.058132239137347344,0.027747562236001038,0.03100451258484902,0.10824256229576693
639,0.007825691135203903,0.03331125435298195,0.02635677540621134,0.017781342039905668,0.01913168834838994,0.006753151066150716,0.016259157243716817,0.10564261536638767,0.0203025093897936,0.3797059243307666,0.04812611682758019,0.014204019490019001,0.007545206433427465,0.014349864870449414,0.005171916790566218,0.02819335611851802,0.008036852860991745,0.19731825868149244,0.025644949038970948,0.018339350208476258
640,0.07145738956650445,0.04160217785877004,0.020912158691019422,0.06001457624205118,0.03285278806421962,0.0472170885489762,0.05810470086128892,0.05286831215467066,0.0819572307558336,0.025729347724370997,0.07117290658858731,0.09746492629028936,0.016236299017711123,0.036251409748261534,0.12962003350616264,0.019569322601928958,0.05972502077089274,0.02680621547229523,0.020049197558628194,0.03038889797753784
641,0.07483770157684716,0.08166313780284136,0.010804181325159532,0.022604515956788303,0.025286536958450897,0.06327072289300473,0.10005056174132626,0.013468170609821169,0.10099198574223267,0.016654607000424534,0.024858561466243583,0.06999520956088226,0.004809234947359632,0.06141020450837168,0.08743219692276298,0.06349748145705092,0.05513472676806806,0.03712228467339066,0.00835028740774957,0.07775769068122408
642,0.055065318978542874,0.012138390266495082,0.0184461537973453,0.12680955541201833,0.006972043258449813,0.057132898863313734,0.08777249584009937,0.007807959592667575,0.10741015134747549,0.01044143637208349,0.020347181893741913,0.029927428869426755,0.13417887636223844,0.034058736381970656,0.10120308052444564,0.08825315791881733,0.05922362045262244,0.027614298979824457,0.004593987450879358,0.010603227437541987
643,0.04270688055119913,0.08400348575826108,0.042757007639151544,0.07587354014937232,0.030022359157491525,0.05921491603221137,0.019619013532087774,0.0454424723210635,0.019723221878356973,0.040731502309515555,0.04062605850942961,0.09177783608937254,0.032487659090519344,0.06937179863550356,0.020189003770847987,0.04094732634789395,0.04886706187041423,0.060073419303001446,0.03432124179485267,0.10124419525945391
644,0.028242098378869544,0.02976171986908157,0.025711547581808304,0.027627918150084918,0.016671272776380083,0.011519661803171334,0.0535278129910232,0.05664591596046267,0.0816444568027852,0.07515950541275225,0.03676510072838033,0.08055980065795851,0.0027504851005559065,0.07321815163612733,0.1420877980237063,0.0768785655072752,0.08409754355144922,0.06277267238110182,0.005283270573395724,0.02907470211363056
645,0.05047903376317434,0.2443180161666689,0.007840361463449125,0.013110777802234647,0.010327870893612789,0.012940260710204063,0.014903828304290814,0.09413483493411069,0.013273031789745567,0.10541459562845758,0.02084858137446938,0.011798850287139197,0.004754349602027881,0.010822720328246797,0.004214512388552798,0.004238474509452829,0.03682090560415141,0.32408987894360375,0.00549166975693574,0.010177445749471725
646,0.05803894296952327,0.04102926616190398,0.11626512486556732,0.039683902353371575,0.0306486399079046,0.0290684399131523,0.05377011745263593,0.0468625239532554,0.08903931954875557,0.03596990165145474,0.03420069772513907,0.06323260090505643,0.010479898630313183,0.049364331319016456,0.04805967758520388,0.06989485328909029,0.05853128048247582,0.0384349117153585,0.04546309089133159,0.04196247867949006
647,0.05292350545777075,0.04768691995857352,0.07373527059338639,0.014490972214401956,0.012527327815567361,0.047666137160390164,0.025658150107876622,0.05905668435052049,0.05191218664164846,0.05637092219290393,0.029334307776017424,0.08452926498691538,0.0016488808724078247,0.03809348332096379,0.07754952141040662,0.06615209341180907,0.035182917104747406,0.04293876656638898,0.11689849293824646,0.06564419511905738
648,0.012239347107438198,0.030930495017153874,0.02431392835116999,0.02235222219049909,0.08116891372960802,0.012631621954223354,0.018894160297057924,0.019118796379580173,0.030397954073088835,0.02186182193863101,0.02027785381999646,0.016513563809626024,0.009815334685840166,0.016741412888787475,0.022967758065957182,0.008802683101079503,0.013415748647076753,0.00857618645181658,0.5787408187928981,0.030239378698471365
649,0.014303687182865656,0.04163215638573883,0.02222346855196123,0.012905695457426787,0.04442057642999856,0.004542018968495135,0.020398821765272152,0.021284499326302504,0.018475934693256972,0.5748691034701723,0.0535267321127562,0.01718618671293005,0.0068945370520178476,0.01769814648428623,0.008140718333131968,0.022561192714238718,0.012471107668746345,0.013354235521640249,0.060641229048815526,0.012469952119946802
650,0.0637383640363664,0.09920714632831348,0.036269531914688,0.06436074274335624,0.05594738378016368,0.04138759324697337,0.05038313250929658,0.03521787898094926,0.03331440860760059,0.04845090738454897,0.08881329985284787,0.06232312640514085,0.00044510141542788333,0.05249803539616464,0.02465065768682798,0.055512654876679696,0.049708777352739215,0.07271789396183155,0.023291392929373392,0.04176197059071031
651,0.06576224038434988,0.051455433593552063,0.014063350496412042,0.010243773824229327,0.06414322116206121,0.03110958738598029,0.05143191297327725,0.035892046363191064,0.059369117864648345,0.0681331830388131,0.05813746486135752,0.08020419092194482,0.0005796762524491523,0.09504791796321388,0.053489665176385634,0.04637828003325609,0.05149136950279784,0.06495919922004202,0.01689623948519131,0.08121212949684714
652,0.09038272842050117,0.06380874035869809,0.04024910460090622,0.030967440953347254,0.07182583958327123,0.0038940613458948023,0.0649588016697361,0.011024505924830426,0.05690108623208247,0.010407746675149777,0.052191441828414065,0.09883794299555977,0.002250552480135389,0.11542351539477157,0.029320575656132247,0.04972465150730608,0.017685812755892625,0.04492629796579499,0.05406561128019686,0.0911535423713789
653,0.13399183765395928,0.012915746561899687,0.011407412170544851,0.02519352996863254,0.020413945032732788,0.5699179840829843,0.017987444046107734,0.01934580777050589,0.017525114903174703,0.011068706999143137,0.020538535715504232,0.013361057534956174,0.011981199797474284,0.01272723519536809,0.041108453873099984,0.005821921526765401,0.007850179507642876,0.015588122705459659,0.015761907718530716,0.01549385723551352
654,0.032689709442912496,0.0863710852072101,0.06042539352357212,0.03256626512070853,0.04333155533426999,0.0333615734289603,0.08091220680031176,0.03730314902933093,0.04242759686459523,0.07852489089789644,0.049690503785266696,0.05024671659384977,0.022128355474918725,0.0911291978681482,0.0478148178579807,0.04504826212165993,0.03803995454125412,0.04749495313345877,0.06429662829803907,0.016197184675656146
655,0.017472631423354902,0.03507835130903469,0.2885141058522481,0.10364908558092846,0.007893448277127155,0.025181102091559004,0.0295143130685985,0.05880667397036725,0.01123815510237155,0.025468140135443226,0.043819496097758974,0.13496674010720014,0.004577614288963812,0.0423235112057262,0.0031389097002608776,0.03348495518534214,0.028773758472711842,0.05835570791145859,0.010803748038627273,0.036939552180917316
656,0.007082002967507156,0.018347160597256138,0.012155195359996426,0.013323722832669794,0.012526086676923823,0.0194368863149934,0.008407763222256465,0.017235947144884627,0.03608890683108888,0.007317544667260982,0.012092651874342213,0.009770813311689252,0.004319580917639199,0.0122616943721676,0.766929050301797,0.005570760432297678,0.00478587691632555,0.009642419111754497,0.013721809364258314,0.008984126782891065
657,0.006359405690287394,0.03793598430013262,0.01437309796008048,0.016091309232818735,0.045070431256632335,0.005346264594980552,0.007863530317211825,0.015392146953096873,0.01822199014720517,0.6549266328534668,0.0653822535514344,0.009678900552258196,0.025594246168984695,0.012152135404767875,0.009447075855340131,0.010786153513760255,0.005716854303726063,0.014363979133090137,0.014518895448053775,0.010778712762671783
658,0.023892776625917128,0.11699311887855116,0.011947866492244814,0.02463828032129205,0.002075732029152042,0.102749057764406,0.10136762467768581,0.002215684891122074,0.11076440870279912,0.0033872691888135547,0.023515319410769262,0.07177712463172056,0.0008306703422660345,0.08203379982899255,0.13914075868120468,0.05839963275147903,0.11440105305478869,0.0013160666622164796,0.004953613004431855,0.0036001420601471344
659,0.006487032761330587,0.03181253214649139,0.007393968301915055,0.011669570057117102,0.012415899939726464,0.004384969424205012,0.0301268010424174,0.009423181310248635,0.04640883030500572,0.027255943028712447,0.012213775432676158,0.013607873473738692,0.005399473897313093,0.029294752075346594,0.6937598597803215,0.010969195140343984,0.0038503321159670456,0.023069123351247663,0.011355732089168813,0.009101154326706717
