site,A,C,D,E,F,G,H,I,K,L,M,N,P,Q,R,S,T,V,W,Y
564,0.09493704954328275,0.029516732654037044,0.034558410591838395,0.041773902913211244,0.010420689963077425,0.020934421800825186,0.0434195415128226,0.03600456192136732,0.12913084423943344,0.05386634849335136,0.06259180659640662,0.08992370284196254,0.004850912454430199,0.08796686332467955,0.0832519264118492,0.06370710907678923,0.029780375079394437,0.04528785224917469,0.012095443707143442,0.025981504624923504
565,0.00717042303852358,0.011170764312647262,0.010303132133024173,0.01205934783751693,0.013963455390809077,0.0033904875709312777,0.010303132133024173,0.018344903456328943,0.010404143232367546,0.7537645152087621,0.08253146031878109,0.011410995803241826,0.0034883244508811433,0.009379455231752994,0.0026158425563481023,0.003945065463574313,0.006632641310634311,0.004477732530386033,0.010106881997157046,0.014537296023308081
566,0.5664078689872022,0.07243570548401755,0.01264750413213005,0.01325588320846281,0.036217852742008776,0.003830734424635543,0.02043058359805623,0.04193646106969437,0.015322937698542177,0.005732322016720814,0.017706505784982073,0.02043058359805623,0.007051263365700825,0.016261076741310065,0.0047428140495487684,0.023616833200925613,0.057604044845033064,0.0206352870802915,0.020968230534847185,0.02276550743783409
567,0.047165301219744625,0.07046576626676376,0.0491998828409885,0.057985576205450744,0.004999969485136946,0.0010168972745249905,0.01742495850618343,0.05974271487834319,0.022126931436423407,0.09118391846889518,0.11387317836690501,0.05974271487834319,0.001649751519689874,0.14008636592163232,0.10514717818588401,0.027666746633026568,0.044807036158757384,0.03898690964713519,0.03238995053536933,0.014338251570802362
568,0.3811856546250502,0.01683321158967583,0.01015302202925665,0.012825304068324444,0.01171006023629623,0.02632171266420722,0.02244428211956778,0.015843022672636074,0.019237956102486665,0.005730455009251347,0.016323114268776567,0.01683321158967583,0.006818516086957299,0.02154651083478507,0.005386627708696267,0.21590479921585815,0.07740163698588289,0.08838399565912206,0.014558453266746664,0.014558453266746664
569,0.0016827646860738093,0.005820974320052151,0.00595956894672006,0.004751288287558775,0.00863109985387043,0.0010559365915968626,0.01137735889828375,0.5737619706893992,0.01390566087568014,0.03759690793899428,0.09844406699900655,0.010429245656760105,0.003476415218920034,0.014723640927190737,0.0022348383550200223,0.003910967121285039,0.006952830437840068,0.17908845917583827,0.0036809102317976834,0.012515094788112123
570,0.005657752805231137,0.010232106137120141,0.011183929963828993,0.0089057220082342,0.048282249633645254,0.0020639870748697282,0.013740256812704191,0.3571377667380861,0.013740256812704191,0.003878298293908441,0.25169503547150307,0.028900569707423086,0.006773366034431643,0.011450214010586827,0.002795982490957248,0.003986310547983738,0.19355558458743535,0.0033110197483494554,0.006679291506175649,0.016030299614821556
571,0.01372737094296931,0.004326262527478617,0.006030547765576255,0.0026673901038359966,0.010474109277053497,0.025885899492456423,0.2809605921570669,0.005284035616037997,0.14766134436029094,0.01798092250276262,0.03704551667421852,0.09552228757180797,0.002618527319263374,0.09716423724538005,0.13865460487927106,0.017880189043363387,0.01938658629495143,0.014525675700714684,0.029636413339374817,0.03256748718612618
572,0.001590921638032648,0.04332826439040175,0.0020059808304814975,0.0043603037486820715,0.11721024466246541,0.0012543588559723745,0.03557847879334612,0.005351281873382543,0.004059593145324687,0.424144342253568,0.1267529623960085,0.0033636628918404547,0.0016581436790762808,0.13919336982403127,0.0010148982863311719,0.0011429922448001548,0.0015289376781092978,0.00126589463671415,0.002616182249209242,0.08257918592222237
573,0.20942771774094884,0.011207947829076638,0.01613944487387036,0.009170139132880886,0.011054414297171479,0.0042029804359037404,0.012044361846171912,0.06000604907498524,0.012214011873414577,0.004096305805550853,0.009170139132880886,0.011867238877845854,0.006366183893452894,0.010087153046168976,0.0030800467316546495,0.0172922418520103,0.5684873828073653,0.004533551930862461,0.0076854499399382666,0.011867238877845854
574,0.0060940779963826385,0.15269840289169523,0.013986408516288025,0.013542395547516975,0.062674851891373,0.00414160640530859,0.009625416013055364,0.0147098434395443,0.01706341838987139,0.006665397808543512,0.01579946147210314,0.0433711900059688,0.00693634893897211,0.016097564518746593,0.006825367355948556,0.004662136172096008,0.007686224499942067,0.0060940779963826385,0.011225933151231177,0.5800998769890299
575,0.017651640382201975,0.013112647141064325,0.009223247328770326,0.010951717256695633,0.00834484282126839,0.002521463298512751,0.08469351717077135,0.008548375573006644,0.009716749265258132,0.0028390706807216366,0.2540194201978275,0.010620709045250677,0.006108108969642445,0.24525298895337627,0.08169278584624727,0.0032452166527154854,0.005154167624901065,0.004028544810267498,0.21226097559597876,0.010013811385522067
576,0.012252698568419294,0.026036984457890995,0.04830588660051377,0.022317415249620855,0.021547849206530478,0.015475223063607758,0.07122708590308867,0.0808722460539352,0.02975655366616114,0.008444427391748431,0.027169027260407996,0.4355523026548514,0.009613655799836673,0.03675809570525788,0.008444427391748431,0.06935479655281883,0.014234539290150618,0.011571993092396,0.032888822473125474,0.01817596961789009
577,0.011174320666194854,0.024136532638980884,0.023208204460558542,0.014747785564604024,0.026235361564109654,0.010971151199536764,0.033522961998584566,0.018285251999227942,0.4207346801651913,0.0077360681535195135,0.02080735572325938,0.1607845040970653,0.013409184799433824,0.02126333179636105,0.12410770727890595,0.009577989142452732,0.011904212354014905,0.010971151199536764,0.020113777199150737,0.016308467999311408
578,0.03185520241235586,0.010820183112411546,0.011611903827953855,0.013661661884395609,0.01252863307752916,0.003343769290685168,0.013602515912745946,0.354001806445152,0.015357679256326065,0.11078376780572219,0.019345942529581064,0.012207386075541234,0.0074388758897829385,0.017003144890932433,0.004534171970915314,0.00480897027218291,0.006026431100583648,0.33217848203201,0.008069289100781491,0.010820183112411546
579,0.15264350912899902,0.18551504816652092,0.011830782189969451,0.014196938627963342,0.014857261354845358,0.004239583667327046,0.014196938627963342,0.015211005672817864,0.01681216416469343,0.00519106632393121,0.006244018710010661,0.017746173284954175,0.008190541516132696,0.03362432832938687,0.005110897906066803,0.004839865441351138,0.008518163176778004,0.4461612007056212,0.012054004495440572,0.022816508509226795
580,0.018257859570866,0.040871409014208396,0.03347274254658767,0.0852401251402075,0.026778194037270137,0.010475449743650367,0.011813909134089766,0.017464039589524003,0.27897418983656574,0.024120831549368886,0.10026501897493924,0.014312367008872026,0.008033458211181042,0.03699527087575977,0.23051266758492364,0.0053556388074540275,0.020753689548123504,0.010570339751554001,0.010856024609704109,0.014876774465150077
581,0.0035691125746255474,0.021668084352416565,0.013864691662826724,0.007464810134553987,0.00886446203478286,0.003699949371039803,0.015196220631056334,0.023787363489448172,0.015759043617391753,0.1946097062248619,0.07583829523345799,0.016365160679599127,0.00945542617043505,0.01934064443952624,0.0048351611098815615,0.006753875836025038,0.24001570359599889,0.2970040898677705,0.008182580339799562,0.01372561863450249
582,0.008032597154894369,0.020242144830333805,0.01367712488536068,0.020242144830333805,0.12682931650340798,0.004961310007434758,0.07062913079052018,0.0113064805461055,0.019463600798397894,0.35348037419765815,0.016324310347043392,0.016324310347043392,0.19717787431963363,0.023002437307197508,0.004048428966066762,0.004559041628453561,0.0540801294123448,0.006487866932799298,0.013317200546272242,0.015814175648698286
583,0.009799455638682158,0.011696124471975478,0.018593838904166146,0.019598911277364316,0.01908315045427578,0.0037612208884868436,0.045322482328904984,0.019764626449735805,0.20513630844688246,0.006714441826504443,0.016864179471220455,0.025898561330802844,0.01035942453232114,0.021328226978308225,0.5063063281060953,0.005801277738099838,0.009334043094888047,0.006652841442775043,0.012085995287707995,0.025898561330802844
584,0.012523088399044414,0.028313069423926494,0.03256002983751548,0.023257164169653906,0.02411854062038183,0.012059270310190918,0.02504617679808882,0.04651432833930782,0.031009552226205214,0.00533965675107026,0.02504617679808882,0.028313069423926494,0.4530452395114364,0.03731170550842101,0.009302865667861563,0.1005731304726032,0.030827464175450965,0.009719411891795664,0.021706686558343645,0.04341337311668729
585,0.208804195176345,0.10095620919239606,0.00806218463825798,0.009668312148606585,0.12766075484973952,0.06411239676548038,0.05139588831612889,0.011899461105977335,0.013451564728496119,0.002713912182065007,0.04038248367695842,0.012891082864808778,0.005729370162137234,0.013451564728496119,0.011195143989651839,0.059092390652327034,0.06379402670652651,0.04585436552050492,0.007545999725741724,0.14133869286935447
586,0.06668116801873392,0.02525609072924016,0.07637874534140385,0.06676212518783867,0.030938711143319197,0.08401455600309428,0.020090072170986493,0.11786175673645409,0.01085639548285266,0.06810863811409847,0.0392872522454847,0.008839631755234058,0.05401997183754145,0.06588054373005135,0.004347359879623307,0.03430304860240082,0.06759718401061338,0.09766799035528065,0.02651889526570217,0.0345898633900463
587,0.03532323490708451,0.014560268381860381,0.07596905240178035,0.2200487720120521,0.007812826936608007,0.22232616816217518,0.06976749710367583,0.014560268381860381,0.017795883577829352,0.004214814531591162,0.01001018451252901,0.07325587195885963,0.01583910745056424,0.06511633063009743,0.003151997764821621,0.11446229993571812,0.008429629063182323,0.003279008623588203,0.006280900086292712,0.017795883577829352
588,0.010701344697285866,0.013599625552800788,0.020399438329201183,0.23031837514013018,0.014835955148509949,0.4538727650186195,0.028381827240627728,0.024177112093868063,0.02331364380480135,0.007590488680632996,0.020399438329201183,0.02611128106137751,0.015542429203200897,0.04351880176896252,0.004857514509373651,0.007679788547463971,0.013888979287966759,0.007858252746497336,0.01255350051027765,0.020399438329201183
589,0.035808673808391894,0.10098046013966512,0.00917997456481524,0.0025873862240706584,0.017261617117891474,0.06492194169263307,0.08415038344972094,0.0994507521281338,0.12924989669596185,0.06093648456703928,0.058539397182414556,0.014238628125323055,0.003338172569023724,0.04483094132491017,0.11514897924068493,0.015128158822421741,0.06149003365750872,0.070863480799765,0.00633101694125189,0.005563620948372873
590,0.03447188853915818,0.43765155534796313,0.016044069665511067,0.016044069665511067,0.01684627314878662,0.004492339506343098,0.008639114435275189,0.03636575194262296,0.00901344707507916,0.003509640239330546,0.04680765297839177,0.019308156853586608,0.003401827288879207,0.010528920717991637,0.003546583820797183,0.015557113758023692,0.23509168454836,0.06455264380900597,0.008217694218920303,0.009909572440462717
591,0.012833669532772762,0.20005183968522308,0.02497303589804575,0.023123181387079396,0.0189189665894286,0.007345010558248748,0.019510184295348242,0.012721492841180447,0.02401253451735168,0.04182268425475048,0.027144604237006244,0.03672505279124376,0.01040543162418573,0.017837882784318394,0.010234850777887603,0.008793322499311884,0.01328352973300306,0.4335058262253284,0.028378449884142894,0.028378449884142894
592,0.015202989630380526,0.023293391821358783,0.03314828836116443,0.023940430483063192,0.03591064572459479,0.009793812470344035,0.02693298429344609,0.008964081712306685,0.036380761794528045,0.012277794595258637,0.6011513533548374,0.029719155082423274,0.016574144180582215,0.029719155082423274,0.0259816479995368,0.010383801173376806,0.009819263792682026,0.007299169973664833,0.016574144180582215,0.02693298429344609
593,0.011618393349715032,0.021124351544936422,0.649351977051885,0.0287039705392369,0.021124351544936422,0.004143315726764249,0.017537197509003823,0.025818651888255627,0.03872797783238345,0.006545573718149315,0.019775988680366015,0.008981975300794646,0.009887994340183007,0.03205074027507595,0.007944200581001731,0.0067844632699065885,0.01575375369452886,0.009202687801754482,0.02161561553435355,0.04330681981676912
594,0.009999821219230723,0.022499597743269126,0.027390814643979806,0.02624953070048065,0.01749968713365377,0.011454340669300647,0.02032221731650115,0.43897836988711286,0.01259977473623071,0.007801843501209199,0.029045148865481922,0.021723749545225362,0.010499812280192257,0.020999624560384518,0.008399849824153807,0.006363522594055914,0.054426540986324594,0.21421943343341598,0.022499597743269126,0.01702672261652799
595,0.01214031245200983,0.014163697860678136,0.028327395721356265,0.026836480157074356,0.03055243471270725,0.008642256321769709,0.021245546791017204,0.3537897884669996,0.018884930480904175,0.018980425489147544,0.01469893683418393,0.03055243471270725,0.008358903655482178,0.04249109358203441,0.009270784054262052,0.00753286723341412,0.005759333556796541,0.2916102368351145,0.03399287486562751,0.0221692662167136
596,0.010671638974360768,0.018327379977706535,0.02107648697436252,0.018734655088322238,0.018734655088322238,0.009065155687897857,0.018327379977706535,0.01960603439475583,0.023418318860402795,0.029147567518279138,0.017563739145302095,0.027195467063693572,0.07875469646090288,0.026345608717953148,0.009367327544161119,0.5874928547837205,0.018025725261498624,0.01053824348718126,0.016530578019107855,0.02107648697436252
597,0.012802380629391909,0.019523630459822663,0.04880907614955665,0.02519178123848085,0.020024236369048883,0.004414625284785117,0.021106627524132605,0.08041066696046113,0.06903150530991421,0.00709950198539006,0.02169292273313629,0.02055118995770806,0.013945450328444759,0.026929145461824365,0.5199683367445336,0.0268467834222982,0.01510821121010081,0.010142145693414371,0.01735433818650903,0.019047444351046494
598,0.03421177957170125,0.08471488274897453,0.016336082920692746,0.011108536386071064,0.02314278413764806,0.1347736771006413,0.006505326320808641,0.016336082920692746,0.17140929296720642,0.01167743591077944,0.012623336802353481,0.018514227310118442,0.004002769433998154,0.19271573932545763,0.1776245052808983,0.045382972901236336,0.005554268193035532,0.004272513994642718,0.00925711365505922,0.01983667211798405
599,0.013624136131069556,0.02592665784657284,0.487305179267868,0.017335436888986196,0.029167490077394446,0.04543024439921812,0.049280428074062486,0.02592665784657284,0.08750247023218333,0.008536826364115447,0.028000790474298664,0.014159211582313234,0.014583745038697223,0.02592665784657284,0.010294408262609803,0.01296332892328642,0.017073652728230894,0.014000395237149332,0.036843145360919295,0.03611913741787893
600,0.016205799554965837,0.05734359842526372,0.032411599109931674,0.020147750798065637,0.031061115813684516,0.012023657734329491,0.03462355551634524,0.04969778530189522,0.0197394575381928,0.036838052655986414,0.024047315468658983,0.02867179921263186,0.011949904432468328,0.5168814614058005,0.00611230927075947,0.010962746757771006,0.015530557906842258,0.016205799554965837,0.035498418072782305,0.024047315468658983
601,0.015218972602419478,0.025631953856706493,0.025631953856706493,0.024350356163871163,0.024350356163871163,0.0028051893136236466,0.04058392693978528,0.06150327935245127,0.18113193813912948,0.008543984618902163,0.025631953856706493,0.019480284931096933,0.012815976928353243,0.028647477839848428,0.33769991775611996,0.03177590923190454,0.05297445798211541,0.022136687421701055,0.030437945204838956,0.028647477839848428
602,0.015912419830329858,0.0556934694061545,0.029057462298863215,0.016895544356477967,0.031824839660659715,0.4649109697427617,0.033416081643692704,0.037128979604102996,0.029057462298863215,0.012151302415888254,0.02386862974549479,0.04773725949098958,0.013104345742624587,0.06683216328738541,0.006962758727159806,0.011934314872747391,0.015542363555205906,0.01576904382310201,0.03702576671466196,0.035174822782834424
603,0.02198142588212255,0.04022450055363197,0.05395440898339171,0.04565373067825453,0.03491167640101817,0.037196373349081664,0.03956656658782059,0.056830471380649505,0.03956656658782059,0.014475573141885583,0.03123676309564783,0.011836085271507805,0.011869969976346177,0.029674924940865446,0.008782773669311362,0.41058157561674347,0.014475573141885583,0.032972138823183825,0.03123676309564783,0.032972138823183825
604,0.019067815455647858,0.03858322308420897,0.028518034453545768,0.08013555873925647,0.024293140460427874,0.45491325182617853,0.028518034453545768,0.02342552830112688,0.03858322308420897,0.008745530565754035,0.027329783017981363,0.03858322308420897,0.018219855345320904,0.03279573962157764,0.012815518379906667,0.012375750800595331,0.014575884276256727,0.012432088543609795,0.06559147924315525,0.020497337263486015
605,0.02173010505574264,0.03774176141260564,0.04481834167746919,0.03414730794473843,0.029878894451646123,0.01434186933679014,0.018648865303570347,0.05516103591073131,0.0383667799453679,0.010916246703176695,0.05122096191710765,0.028683738673580286,0.009959631483882042,0.49719373426068075,0.008055069593426504,0.014060656212539354,0.01258058713753521,0.017490084557061147,0.022409170838734598,0.03259515758361396
606,0.06942913130631007,0.033820852808408054,0.02081283249748188,0.023527549779762125,0.08742300762554223,0.007476370922931181,0.02254723520560537,0.15299682004064744,0.02254723520560537,0.010406416248740937,0.021645345797381157,0.030062980274140495,0.0096631008024023,0.023527549779762125,0.00773048064192184,0.00983879354426416,0.011513481807117634,0.3747330667049851,0.021645345797381157,0.03865240320960921
607,0.027389987597446992,0.01757425756787848,0.023772968773555156,0.02987623786539342,0.023259851211251004,0.005074243592840893,0.02987623786539342,0.2627590269294164,0.025979337274255148,0.007029703027151393,0.01493811893269671,0.01757425756787848,0.009637496085610781,0.01810681082751116,0.00776006178321907,0.007563604522884408,0.0084158416522235,0.4156423625044718,0.03319581985043713,0.014573774568484596
608,0.12596343934648488,0.027786404534400407,0.024313103967600357,0.04167960680160062,0.02537019544445255,0.013893202267200207,0.05304677229294625,0.018574891744638715,0.04167960680160062,0.009890076190210316,0.03890096634816058,0.03418557749510127,0.014232060859083141,0.029175724761120434,0.013893202267200207,0.008410492347042426,0.40488035619968293,0.017162191035953196,0.027786404534400407,0.029175724761120434
609,0.010393857565681666,0.007875895576154653,0.18835900241831494,0.02944926310276472,0.036086190319595,0.005000818262733632,0.020638894945711507,0.04417389465414708,0.04818970325906954,0.014724631551382358,0.04818970325906954,0.039956414592525434,0.01232759850813407,0.03313042099061031,0.008834778930829417,0.011523624692386193,0.01963284206850981,0.021203469433990596,0.031181572697044996,0.36912742317134445
610,0.31811235592042697,0.035179036575608016,0.11250844255802316,0.03266624824877887,0.04573274754829042,0.010388149860492123,0.03811062295690869,0.03048849836552695,0.04573274754829042,0.01576991294768635,0.03266624824877887,0.050814163942544906,0.012360202040078492,0.057165934435363025,0.011433186887072603,0.01451049835872802,0.011246988199952316,0.008967354917347148,0.06533249649755773,0.050814163942544906
611,0.01788271517383694,0.055883484918240425,0.03438983687276334,0.02629811054976021,0.05037915409086203,0.010396927426649383,0.014107849623590414,0.02423591884827252,0.02629811054976021,0.3092035120135364,0.30122703346258844,0.021288946635520164,0.0034591879556066644,0.02629811054976021,0.005848114417118069,0.007983354988320061,0.013547511495331012,0.008597459218190835,0.02032126724299652,0.022353393967296173
612,0.012852752918862667,0.04498463521601934,0.0068090200514972716,0.02811539701001209,0.017993854086407735,0.012852752918862667,0.0372737726346237,0.18906406882772436,0.026953741303706823,0.010971862247809595,0.05623079402002418,0.3109929607238865,0.016065941148578337,0.02142125486477111,0.012495732004449814,0.10558996859100546,0.011514236131047626,0.012852752918862667,0.04089512292365395,0.0240693794581943
613,0.0038217907851945763,0.03361014498787259,0.04369318848423437,0.03361014498787259,0.08738637696846874,0.0168050724939363,0.027308242802646484,0.009897173349245548,0.024701457392199734,0.0168050724939363,0.02427399360235243,0.039721080440213066,0.10526939803221623,0.036410990403528645,0.009777276551900315,0.0969588343021478,0.3041238559708596,0.018205495201764323,0.036410990403528645,0.031209420345881693
614,0.01868580793751685,0.03162152480429503,0.02686084891018047,0.03305950635099134,0.29659251063734327,0.00795877004746088,0.030698113040206247,0.0171909433025155,0.03305950635099134,0.005109247483589717,0.013023441895845077,0.028651572170859167,0.014325786085429584,0.019535162843767613,0.009767581421883807,0.3353304256828418,0.022619662240151977,0.00795877004746088,0.02686084891018047,0.0210899698364889
615,0.005049680701807913,0.07294671431669401,0.024315571438898006,0.0345537067815919,0.028544366471749835,0.019894558450007458,0.026260817154009852,0.09341587149059653,0.028544366471749835,0.009378863269289231,0.0328260214425123,0.018925702999171224,0.012562087617390076,0.022638635477594697,0.008006346693295686,0.04921573982799195,0.4538666924581274,0.012625392862504733,0.02117807835000794,0.025250785725009474
616,0.0226703275534437,0.0470845264571523,0.006516026391259872,0.043721345995927134,0.06120988439429799,0.00956404443660906,0.030499239522678422,0.03600581434958705,0.04256733548219834,0.013602196532066216,0.05100823699524833,0.42679607458618335,0.013602196532066216,0.03825617774643624,0.010034407277753768,0.020523741592367584,0.023826558375963786,0.02914756399728475,0.05100823699524833,0.02235606478622749
617,0.012823102139457905,0.023314731162650735,0.03663743468416544,0.023314731162650735,0.017097469519277205,0.005575261799764307,0.023314731162650735,0.42325240652204466,0.019727849445319853,0.178702285268994,0.07324594895643283,0.025646204278915806,0.010685918449548255,0.03205775534864476,0.008548734759638603,0.017544645892335817,0.012212478228055147,0.03228101528609297,0.010519293681299145,0.013498002252060949
618,0.08195090116584815,0.12495412506870339,0.02311507307320882,0.015877921393187295,0.017032159106574917,0.07824137313379545,0.02311507307320882,0.029419183911356683,0.014709591955678338,0.005701152033698806,0.095695988396763,0.017978390168051302,0.005778768268302204,0.021574068201661564,0.006741896313019239,0.0989220156793902,0.06474895571741902,0.22590170988639435,0.021574068201661564,0.02696758525207696
619,0.11586806111348522,0.17132367818110794,0.02335470781053246,0.022492257831122214,0.028025649372638944,0.0042008819011134,0.026274046286849012,0.028025649372638944,0.038216794599053104,0.03241644590246812,0.08650495872164204,0.02472851415232848,0.007006412343159737,0.021019237029479214,0.006891553124419415,0.007248012768785936,0.02965217506980713,0.2935626954254541,0.01106275633130485,0.0221255126626097
620,0.012231921925468379,0.03669576577640515,0.026910228236030426,0.01391908357036057,0.10091335588511414,0.006407197199054865,0.014185299366068806,0.028832387395746895,0.017209141170737456,0.005990496141434475,0.019221591597164595,0.201858635393623,0.004481380543007714,0.2819881813391882,0.13497748782959398,0.008588370713626734,0.00897007607867681,0.01681889264751902,0.01495012679779468,0.04485038039338406
621,0.006568414965229094,0.01717893144752225,0.008271337363621824,0.011754005727252067,0.019141765400888952,0.006035840778859168,0.00892180358791815,0.4899023886623455,0.022332610881778927,0.15589169847467202,0.08192705691483612,0.013136829930458192,0.04341516889995541,0.007975932457778188,0.0031422880269252875,0.005193630437623005,0.022757515809676696,0.05225911844406528,0.009305254534074553,0.014888407254519283
622,0.009157629071176829,0.015262715118628046,0.011052310947972035,0.045788145355884144,0.024655155191629922,0.006819511010450828,0.013935522499616911,0.22377168738256054,0.026709751457599084,0.008012925437279723,0.18567028185982923,0.012981699590268231,0.005526155473986018,0.02913791068101718,0.006819511010450828,0.008768487707047115,0.007380788042272696,0.30962879370314905,0.032051701749118894,0.016869316710062573
623,0.013410393818167433,0.0393371551999578,0.0393371551999578,0.034709254588198055,0.09834288799989452,0.005838050085264303,0.029502866399968346,0.08429390399990958,0.0327809626666315,0.010761138377302634,0.04214695199995479,0.018439291499980217,0.010000971661006221,0.018401193209376106,0.4122931741654521,0.011133157132063528,0.018439291499980217,0.014751433199984176,0.007075034497014365,0.05900573279993669
624,0.025924024118160492,0.03999706578230475,0.024053897883768084,0.0056287821641479874,0.13879323681722847,0.0054102311203117525,0.031661622800425324,0.1270134258527305,0.005487378746303725,0.0950233320403846,0.06221765788358516,0.048118791733470424,0.0016474484382872157,0.10529142103375953,0.0028143910820739937,0.04047475753977443,0.05899732773447736,0.17304286098872124,0.0056287821641479874,0.0027735640759370106
625,0.11365134694407204,0.02557315385788868,0.03196644232236086,0.027399807704880732,0.022564547521666485,0.021310961548240567,0.034872482533484565,0.07902531469779343,0.010655480774120284,0.14382403049293283,0.26527557425496545,0.01826653846992049,0.00833907191018109,0.01826653846992049,0.008524384619296227,0.008524384619296227,0.00479448076184163,0.0749660353824959,0.01826653846992049,0.0639328846447217
626,0.02523528527296817,0.03943013323901276,0.14960905793181956,0.43976878569436906,0.02523528527296817,0.0049868094041265335,0.02628675549267518,0.04506300941601459,0.009342298961153413,0.009012601883202919,0.030042006277343058,0.021029404394140142,0.012617642636484086,0.0371107136367179,0.006932770679386861,0.012370237878905966,0.01342302408136605,0.02880934723047875,0.03943013323901276,0.02426469737785401
627,0.2527782675079453,0.05011452246699313,0.01931180920314977,0.027832614439272953,0.022613999231909272,0.12389994760428646,0.030151998975879033,0.021283763982973436,0.017229713700502306,0.00786573886327279,0.03289308979186804,0.021283763982973436,0.00822327244796701,0.01573147772654558,0.0067004442168620065,0.26143995354441296,0.038864229549543376,0.005598993992588365,0.01809119938552742,0.01809119938552742
628,0.009640089643076805,0.04200892743163022,0.04975950304040818,0.44420269392528483,0.025205356458978135,0.003854696732164794,0.03000637673687873,0.03000637673687873,0.10038330668417975,0.012355566891655949,0.028642450521566058,0.03938336946715333,0.013127789822384444,0.03938336946715333,0.0136985632929229,0.009845842366788335,0.015003188368439365,0.03168513918170832,0.028642450521566058,0.03316494270918175
629,0.08661707480566132,0.10799379842366483,0.13377053710153744,0.12326636674739884,0.014726427057772478,0.05753752880445968,0.014726427057772478,0.011171772250723947,0.03542398146564357,0.06193761968416072,0.03410330476536783,0.039270472154059925,0.0034553006717267147,0.04560545472335324,0.005225506375338621,0.06044429016249897,0.10799379842366486,0.04449857494728204,0.007048813370322497,0.005182951007590072
630,0.14902076668028413,0.23471642504263532,0.014175850817369964,0.008224866240529743,0.006300378141053316,0.002430145854406279,0.021263776226054944,0.010631888113027474,0.01546456452803996,0.2810155235712016,0.024336498634812135,0.009450567211579976,0.004860291708812559,0.006804408392337582,0.0027886919640727798,0.002657972028256868,0.06803374638916966,0.11959754454830851,0.012150729272031396,0.006075364636015698
631,0.01072893635754235,0.041842851794415166,0.019019478088370532,0.052303564743018956,0.12250516125377686,0.0065379455928773695,0.018192544258441377,0.03569874905027105,0.01992516752115008,0.2953213662661791,0.019019478088370532,0.01992516752115008,0.01072893635754235,0.038038956176741065,0.007214284792140546,0.006869198257261824,0.010205573608393944,0.21652482912617244,0.026151782371509478,0.023246028774675093
632,0.05648262370498944,0.08289072576076817,0.053579208108437144,0.04392653594677347,0.03270518431377247,0.05473681481435687,0.03642168253124662,0.03891916933338925,0.03933024553907025,0.0613222205883234,0.06438833161773956,0.1103799970589821,0.0008526719175095631,0.0647648715687205,0.03319576207847906,0.05523753513459829,0.0778383386667785,0.04500795464149579,0.012442189684587357,0.03557793698998223
633,0.042920987876552935,0.024891253173307048,0.05279962794337859,0.0985593054943067,0.06335955353205432,0.055271099889664416,0.05939958143630092,0.06082093884029357,0.006063918585896989,0.04915188898623203,0.047443561688509106,0.02689501173534857,0.01606298540249265,0.09317581401772693,0.006887746907833171,0.11223692339963909,0.08558583272014658,0.06407878216720117,0.009051364790293472,0.025343821412821724
634,0.07342564128702482,0.08650144042033063,0.03281089119391853,0.044339310994794885,0.011931233161424918,0.041223342700313824,0.07091277741122776,0.04070656019780266,0.05563820865501195,0.021267920791224977,0.05022664282470811,0.05965616580712457,0.05538297053108899,0.06500217424546127,0.06405275042204489,0.07067800619709942,0.07364311819568689,0.03877650777463098,0.01996187086623015,0.02386246632284984
635,0.014351863778665626,0.041800073980037586,0.436172562873395,0.032360402420779213,0.02985719570002684,0.07420386435379109,0.02850005044093471,0.02850005044093471,0.041800073980037586,0.011400020176373886,0.020225842248405283,0.03857435526815908,0.013340449142565186,0.025080044388022547,0.006670224571282593,0.015819395774313887,0.013630458906533997,0.012369866527999854,0.017914317420016108,0.09742888760772503
636,0.007033838101755988,0.020687759122811736,0.014067676203511976,0.025120850363414247,0.0101396552309014,0.008373616787804749,0.010343879561405867,0.10372916109722122,0.01465382937865831,0.2416343067159665,0.2571401832862488,0.013025626114362943,0.0074828064912297754,0.03821278265554163,0.007815375668617765,0.07403052185522488,0.03248086525721038,0.077561515580575,0.025120850363414247,0.011344900164122564
637,0.060804249593341714,0.012511021189693335,0.040819636090635006,0.040536166395561145,0.08914288175675437,0.06814988738732611,0.03741799974974876,0.03143111978978895,0.05837207960960806,0.05413964740125894,0.04009071401758795,0.033676199774773874,0.044433874702826635,0.06173969958708544,0.041000994797777614,0.06674562117522752,0.04770794968092966,0.03191535272772687,0.04222202060665421,0.09714288396569389
638,0.07984969139415773,0.09731681138662972,0.033849325699697286,0.02787591528210365,0.05824389381146405,0.04380500972902003,0.05592497289515206,0.009337745020606148,0.06769865139939459,0.051068606946596956,0.03862838184803885,0.08381737792305996,0.001020830565377644,0.04709471401697014,0.03821698062869049,0.09604117587465834,0.051509843456061105,0.019113092823025844,0.03188832789990071,0.06769865139939459
639,0.00980282278937328,0.024180296213787426,0.045338055400851424,0.02590746022905796,0.02026549295085918,0.007717115812910879,0.02590746022905796,0.21264740212890945,0.03297313120061922,0.25064402276681197,0.0639776166829476,0.020150246844822858,0.008846449834312474,0.020150246844822858,0.005850071664625991,0.019915655118836705,0.0095448537686003,0.15112785068011725,0.020873452624887722,0.024180296213787426
640,0.07187240334531039,0.0511092646011096,0.0255546323005548,0.0676446149132333,0.023159481980483634,0.03388303859625465,0.047914935563540255,0.02084353378243527,0.09511406175390957,0.037580341618462944,0.05143871834933542,0.08385113723619544,0.013689981589582928,0.0504367742774108,0.14433009084302012,0.032090512666930956,0.08784404853315714,0.03965373977672298,0.008092999084059728,0.01389568918829018
641,0.07124316799734336,0.0648894129767074,0.04853728090657715,0.07733178096376538,0.007050741343174581,0.050718161866851776,0.03447250064387581,0.022062400412080522,0.08249754890043022,0.01225688911782251,0.08863233727511732,0.0867025354683365,0.0015981680377862384,0.07716035508621723,0.04865291796367038,0.09909383235934471,0.07528675559192188,0.009192666838366885,0.015042545735509451,0.02757800051510066
642,0.026585020827987506,0.005665770243385886,0.02320088577984034,0.10179388635904953,0.010623319206348535,0.07713428817103635,0.11310431817672169,0.01133154048677177,0.13154902237169477,0.020511960037986724,0.015452100663779687,0.01361791121860194,0.11747489894767937,0.05844794974936113,0.08468899771287816,0.10146474203032181,0.04533047846224175,0.026846739259529545,0.007082212804232357,0.008093957490551269
643,0.06187473553286875,0.07862450733257796,0.04718666568318172,0.07661175377025659,0.12515737901920573,0.09527099673303284,0.0849144679191842,0.02527216307118577,0.0026962032539848053,0.040176259241372254,0.018379754960862377,0.020217730456948625,0.029348318405248,0.03838789536470134,0.013351331433833994,0.048193427252028694,0.030053383111680376,0.0860596655708424,0.025272163071185773,0.05295119881581781
644,0.01972948636264755,0.02799060134208125,0.015916224292556007,0.06212102938498989,0.03340442135474717,0.03607677506312694,0.0784277718763629,0.06920201084088648,0.06813320098696571,0.058294788973955104,0.06645721722154964,0.05466391699169297,0.0035369387316791117,0.06853561575677093,0.1147297688611224,0.048317109459545,0.07877983361329431,0.06067457624253167,0.01127399220722717,0.02373472043626773
645,0.03542633458250887,0.3580381204011555,0.007627133103171981,0.008942156051994736,0.01080510522949364,0.002797773077296147,0.014406806972658188,0.10608536900774977,0.01364855397409723,0.13885085065662248,0.06815086071680597,0.012348691690849876,0.004549517991365743,0.010372901020313895,0.004051914461060116,0.0038135665515859904,0.010849640012156225,0.1724423115430089,0.005517500542720157,0.011274892413384667
646,0.05042967542628285,0.03660039168597143,0.1284224269683208,0.059306190231898155,0.028092405899320178,0.04053840851294303,0.07270426643046649,0.0655683066589552,0.05083387734162699,0.045750489607464286,0.04236156445135582,0.036421533798379944,0.01593210505513878,0.028092405899320178,0.05149818409435157,0.04293323022516332,0.05723749863716056,0.04518566874811288,0.05337557120870834,0.04871579911905919
647,0.02369292618648151,0.06351297019737481,0.049078204243426,0.021033516104325425,0.0368086531825695,0.047109590772343266,0.05235008452632106,0.01107370145225899,0.04389024182866049,0.07157238118832958,0.011547812763159054,0.05235008452632106,0.0023233514750240604,0.04206703220865087,0.07406491856910673,0.0506711610136439,0.02826571250182121,0.03533630705526672,0.1079720493355372,0.17527930086937854
648,0.013823767725710413,0.02726457142402948,0.039344569680868094,0.039344569680868094,0.034098627056752345,0.042743828126441966,0.03196746286570533,0.026919968729015014,0.06393492573141064,0.01187556762359299,0.034098627056752345,0.022238235037012406,0.011366209018917451,0.02435616218339453,0.11997738352319758,0.00965055482738274,0.017049313528376173,0.010655820955235108,0.3553549094939267,0.06393492573141064
649,0.022315141140038373,0.10134722873011627,0.04806338091700573,0.02154565351451981,0.0270907003094391,0.005950704304010233,0.03675435011300439,0.044630282280076754,0.03675435011300439,0.43422500192877533,0.028401088723685203,0.028401088723685203,0.010243015605263514,0.03124119759605373,0.011789131168322158,0.00842595390666328,0.0178521129120307,0.04706669446026986,0.018377175056502194,0.01952574849753358
650,0.04571565872699353,0.1519647767287456,0.021003261824298174,0.05120769523649604,0.0572081851787702,0.05299284521822924,0.039803772888547445,0.028644781199042832,0.06004784306818937,0.03025177076720785,0.06624105652278653,0.06771308000107068,0.0006172998445909437,0.04988350164809799,0.03983144826258302,0.04519249650620016,0.0595425227171115,0.06021914229344231,0.02649642260911462,0.0454224387584822
651,0.05949978063833124,0.04680377523092055,0.015900803446450586,0.021201071261934115,0.07450662186336847,0.04838163048206486,0.0435179883797595,0.04869556016251239,0.046642356776255056,0.06161561335499603,0.056788583737323525,0.09271880798621177,0.0009470035531349907,0.08650037074869121,0.04230429977714711,0.04766322301659968,0.05762235615929688,0.06673124069330083,0.022016497079700815,0.059942415652000446
652,0.06124376737920343,0.05182164932086444,0.12488783095203494,0.03859633256710216,0.07859616813664441,0.0017704321792469113,0.08920386113714726,0.004755576465872094,0.041631786006361214,0.011558260020094762,0.03545691795638094,0.08528903410027547,0.0029085671516199257,0.06736814411712377,0.030621883689601708,0.08497204532861034,0.032449124536958064,0.05222336753265409,0.02105254503660118,0.0835927063856028
653,0.1738470919075526,0.017173761758506087,0.016653344735521054,0.062853266782435,0.03663735841814633,0.3783757200411363,0.02747801881360975,0.03434752351701219,0.02616954172724737,0.014462115165057758,0.03434752351701219,0.01962715629543553,0.016653344735521054,0.017173761758506087,0.049759585920153296,0.006316785934163159,0.010369063703248962,0.010962756855255103,0.02389392940313891,0.022898349011341454
654,0.048038092375727405,0.10537238935812739,0.05956723454590199,0.0555960855761752,0.010830406281073087,0.042314643552668216,0.05956723454590199,0.02166081256214618,0.034747553485109495,0.06796992883665293,0.06897258736893913,0.023165035656739663,0.03884819644297955,0.09360565428641739,0.04145593861287599,0.044675425909426476,0.041129757186456124,0.06644037699350605,0.04355142757995664,0.03249121884321926
655,0.023471549045512616,0.060982079481663135,0.22020808130875028,0.11706463435899558,0.019976888106062064,0.0012016038378598072,0.007880835069047968,0.03949975602789545,0.015761670138095932,0.030491039740831567,0.023173190203031994,0.19099398760675682,0.0056291679064628345,0.02482841807467714,0.0037979928043604646,0.04418616776001865,0.04895744409091267,0.048868410875151334,0.016591231724311508,0.05643585183960217
656,0.00984864618107002,0.0336495411186559,0.01794642192994982,0.018354295155630498,0.018354295155630498,0.0034032910021749513,0.011704188215184663,0.016129767131119552,0.15692121103164816,0.008973210964974908,0.032242778200937884,0.013025628820124868,0.006026783483938369,0.018354295155630498,0.56447095172499,0.004778633058270661,0.016005407883918802,0.012818872807107012,0.023752617260227697,0.013239163718815438
657,0.009870292771561677,0.07266795527803878,0.0252926252271268,0.027909103698898537,0.010709017596536903,0.006801378212336618,0.013381224478666423,0.014452928701215317,0.03372350030283573,0.5773033319181458,0.0252926252271268,0.016517632801388932,0.06814467972494197,0.021874702899136688,0.004944670040803019,0.008343958837815028,0.008430875075708933,0.010245114016051358,0.02610851636348573,0.01798586682817906
658,0.04497476497263241,0.11640527404681335,0.012471993647872858,0.030210418468294004,0.0023912892537234255,0.10642432571830533,0.1128778414999402,0.0022234794815323084,0.08802160056254159,0.0056325132603296775,0.0043702872568048825,0.06959885429524688,0.0009824676778863689,0.11622194332839969,0.12677201457993317,0.04639930503963889,0.10197851430507913,0.0017602545895464105,0.00633691652236708,0.003945941493112315
659,0.00889553650922476,0.028982231852635515,0.01230752311550275,0.019531504074602194,0.01996553749848224,0.013734641937561439,0.07491622875033513,0.014974153123861682,0.020894167149574438,0.020256581806534883,0.019531504074602194,0.01230752311550275,0.004882876018650548,0.025545427078127823,0.6290890504574632,0.02099563098735506,0.005949994618752986,0.012478460936551401,0.0187176914048271,0.0160437354898518
