site,A,C,D,E,F,G,H,I,K,L,M,N,P,Q,R,S,T,V,W,Y
564,0.09455581512237377,0.025870783003818162,0.03738192930900136,0.040705597349462025,0.012809192560427044,0.023137483814507635,0.047272020163480755,0.034245960794883,0.12698290460336764,0.051525699397206526,0.05448065666934878,0.09522161077968083,0.005659050933627182,0.08705814857086776,0.08267551136248091,0.0670560195146355,0.030289366228164312,0.04850296666598879,0.011436779071809858,0.02313250408486825
565,0.006656928363340054,0.010370793660782397,0.0095652951240226,0.01119574315652645,0.012963492075977998,0.0031476849769147856,0.0095652951240226,0.013554671152265456,0.00965907252719929,0.766573821858213,0.08492197188347521,0.010593821481444384,0.003238515475704027,0.008707765389779718,0.0024285145261068366,0.0036625479471164607,0.006157658736089548,0.004157069188921214,0.00938309902642217,0.013496238325675725
566,0.5977918621148813,0.07069409650671798,0.012343413675776153,0.010167503751970551,0.03534704825335899,0.003738630103720662,0.019939360553176865,0.04092816113546831,0.014954520414882648,0.00559449684585538,0.017280779146086618,0.019939360553176865,0.006881726208618564,0.015870103297426483,0.004628780128416057,0.014646700432943738,0.005014336166403483,0.061556895526988016,0.02046408056773415,0.022218144616397078
567,0.04575043740577711,0.04875647576096438,0.038349631354842574,0.060720249645167396,0.004290653795186901,0.0006935571628003444,0.014714007863576748,0.0814929666290405,0.030182580232977957,0.08566955650851478,0.10490933675495935,0.046179347756456275,0.0014157111638610001,0.15549232713127262,0.0884780780543868,0.04579200932384003,0.04980125738441361,0.04474166685580565,0.028665545671637514,0.023904603544518538
568,0.42043608546006495,0.017158980245067255,0.010349510757329136,0.01307350875814648,0.011936681909612003,0.024544606876661854,0.02287864032675634,0.016149628465945653,0.019610263137219724,0.005841354977044172,0.016639011146731886,0.017158980245067255,0.006950473010660153,0.021963494713686086,0.005490873678421521,0.23605870151625133,0.07133497127252575,0.03274383524107056,0.014840199130868977,0.014840199130868977
569,0.01851365593553725,0.005533702405128939,0.005665457224298675,0.00451680663385737,0.008205144945536015,0.0010038248814213738,0.010815872882752016,0.5357035664527314,0.013219400190030242,0.039027062429856554,0.12112645483748691,0.009914550142522682,0.0033048500475075606,0.013997011965914375,0.0021245464591120038,0.0037179563034460054,0.006609700095015122,0.18160372300533953,0.0034992529914785937,0.011897460171027217
570,0.006038905519288557,0.010921424875309092,0.011937371375337843,0.009505684613694951,0.044836730152826736,0.0022030342023155684,0.014665913403986496,0.3811977042672292,0.014665913403986496,0.004139572331770381,0.244071738859878,0.06405419923267515,0.007229675621683482,0.012221594503322079,0.0029843428438344616,0.004254861178727961,0.11637524837431433,0.024456589474897185,0.007129263460271214,0.01711023230465091
571,0.012282691802100352,0.013371291577202888,0.005921403649741912,0.028668030422979125,0.010284543181130689,0.024943312582726872,0.2564809905619458,0.00518840228093008,0.1470418388694064,0.02227651795960562,0.030204792580645817,0.10645775680471926,0.002571135795282672,0.10212591656281172,0.1208985670966967,0.014644747917888883,0.024421494325718024,0.013219152987828903,0.03075397062756665,0.028243442413071418
572,0.0013966613377886475,0.04182651829949187,0.0017610395152732074,0.0038278866294948126,0.11200666049034808,0.0011647186244550455,0.049156102933232644,0.004697860863470906,0.0035638944481503425,0.43025764822482504,0.11769481700118231,0.004259363506775505,0.0021161789092211383,0.14055523787375238,0.0008909736120375856,0.0010034265921976691,0.0013422459609916872,0.0011113219246920419,0.0022967319776968876,0.07907071127492225
573,0.187275956266776,0.011519874055702017,0.016588618640210905,0.009425351500119833,0.011362067561788291,0.004319952770888255,0.012379566149411124,0.00671304629734014,0.012553937673724593,0.004210309299545915,0.009425351500119833,0.012197513706037428,0.006543359925155713,0.010367886650131814,0.003165766916070783,0.01533044877258917,0.6418644120615885,0.0046597243371378945,0.007899342209624242,0.012197513706037428
574,0.006246329665410753,0.06488123282975729,0.014335838576352544,0.013880732589801673,0.01795993846762391,0.004245078413385948,0.03563020021922637,0.01507734746823285,0.01748972306315011,0.00683192307154301,0.016194188021435282,0.0505851295949059,0.007109643521605734,0.016499738738820855,0.006995889225260042,0.0047786128587841824,0.007878253632049597,0.006246329665410753,0.01150639675207244,0.6756274736251707
575,0.017259132454009184,0.016026337278722814,0.008477110043273875,0.02520873219281475,0.007669766229628746,0.002317483321182787,0.06601611669159001,0.007856833698644082,0.008930688926399595,0.0026093970727681325,0.2702860417332507,0.009761520655891132,0.005613978466179827,0.24765243714286603,0.062124050552181176,0.0029826868670778457,0.004737208553594226,0.0037026457660276706,0.22156411287834285,0.009203719475554494
576,0.012833754691144146,0.027271728718681314,0.0056446213777947216,0.023375767473155416,0.022569706525805228,0.016209100018258267,0.05718721327399874,0.081660563552235,0.03116768996420722,0.008844884989842589,0.028457456054276156,0.5025849829007615,0.010069561373051563,0.03850126407343245,0.008844884989842589,0.04426004932454058,0.014909579662891666,0.012120768319413918,0.03444849943412377,0.019037923282542956
577,0.012230826529353027,0.026418585303402537,0.025402485868656288,0.016142154169466096,0.02871585359065493,0.012008447865182974,0.03669247958805908,0.020014079775304956,0.5062579478947834,0.008467495289552096,0.022774642502933224,0.02031419572693179,0.014676991835223632,0.023273730046439456,0.15122245955638536,0.010483565596588309,0.01302972776779258,0.012008447865182974,0.022015487752835447,0.017850395475271987
578,0.037060208162822766,0.010976618686959566,0.01177978590795661,0.00985655555563716,0.012709769005953182,0.003392112693445546,0.013799177777892026,0.3536980663944619,0.015579716846007126,0.08138559094438437,0.006299796521857357,0.012383877492980025,0.007546425347284701,0.01724897222236503,0.0045997259259640075,0.0048784971942042515,0.006113559775015454,0.37152897193876083,0.008185952919088491,0.010976618686959566
579,0.12860521153345597,0.14141594847327968,0.012210582013290816,0.014652698415948977,0.015334219272504744,0.004375685668188167,0.014652698415948977,0.015699319731373906,0.01735187970309747,0.00535771346872863,0.006444468449072546,0.018315873019936223,0.008453479855355179,0.034703759406194946,0.005274971429741633,0.0049952380963462426,0.008791619049569387,0.5073746840477413,0.012440970353164226,0.023548979597060857
580,0.025764860783978247,0.03149038540264008,0.03227013392915492,0.055846954432607517,0.02581610714332393,0.005779725479848641,0.011389459033819382,0.01683659161521126,0.2965356789535371,0.03716897949164073,0.07371022905640266,0.013798152319807518,0.007744832142997179,0.04005671507140121,0.2509593530735988,0.02267307748990085,0.01715992484220352,0.010190568609206814,0.010465989382428618,0.014342281746291074
581,0.0029544306434892602,0.03818194879352977,0.011476878090762631,0.0061792009493198225,0.007337801127317291,0.003062734383575912,0.012579087646829643,0.03540668572631422,0.013044979781897404,0.183488575018282,0.09545487198382445,0.013546709773508844,0.007826987869138442,0.016009747914146815,0.004002436978536703,0.005590705620813173,0.25552534961823775,0.27019575660948825,0.006773354886754421,0.011361756584233221
582,0.00911314274199607,0.02296511970983009,0.015516972776912224,0.02296511970983009,0.10243072712204193,0.005628705811232867,0.01752643134603516,0.012827429178802892,0.022081845874836626,0.4408233622149204,0.018520257830508136,0.018520257830508136,0.1401793260080005,0.026096726942988743,0.00459302394196602,0.005172324258970743,0.07462848024765628,0.007360615291612209,0.015108631388046115,0.01794149977330476
583,0.010909352741935625,0.013020840369407038,0.02069979751033939,0.021818705483871253,0.021244529023769373,0.004187220895298382,0.05045575643145227,0.022003189738583825,0.05786429877486956,0.007474926878733669,0.018774234951238054,0.028831860817972725,0.01153274432718909,0.023743885379506953,0.6208960140224817,0.0064583368232258905,0.010391227062512241,0.007406349567919599,0.013454868381720607,0.028831860817972725
584,0.012878259150837571,0.029116064167111034,0.03348347379217769,0.023916766994412635,0.02480257317939088,0.01240128658969544,0.025756518301675142,0.047833533988825276,0.031889022659216844,0.005491096223679887,0.025756518301675142,0.029116064167111034,0.5138561380479955,0.03836991304268403,0.009566706797765053,0.04149572385814629,0.017308326349610024,0.00999506680363513,0.02232231586145179,0.04464463172290358
585,0.20972504766131606,0.07643172272777607,0.007135608320754632,0.008557145700666685,0.14669959684847342,0.06480937313772765,0.07903734963895025,0.025722214379540018,0.011905594018318868,0.005866469946210882,0.042992844034374034,0.011409527600888914,0.005070901155950628,0.011905594018318868,0.014567432302076128,0.0738922716421955,0.040643958599253446,0.053592066260030546,0.0066787478639349735,0.10335653414324264
586,0.05579283207696132,0.039953245551559796,0.07344253828319537,0.0673166288454999,0.030118600492714302,0.05219696631008785,0.033247805738710605,0.11473752568653071,0.03893745389052493,0.07476748600064913,0.052588032606326586,0.01936195745960205,0.05099445586068033,0.049453305703235126,0.0049374754906089035,0.03917344626984166,0.0696018078613146,0.08567506242076328,0.021513286066224505,0.026190087384968967
587,0.03381375266625618,0.02741776424563582,0.05026590111699901,0.22955648585200042,0.011033978293975392,0.23655666430349323,0.09335095921728387,0.014028135284106763,0.017145498680574935,0.004060776003294063,0.009644343007823401,0.05026590111699901,0.008341053412171591,0.08936160198577602,0.0030368019256572423,0.08482370813493581,0.008121552006588127,0.0031591709275602506,0.008870453138293943,0.017145498680574935
588,0.011050886328577628,0.014043834709234069,0.021065752063851105,0.15629236308328207,0.015320546955528072,0.5175834057676635,0.029308872436662404,0.02496681726086056,0.024075145215829832,0.007838419372595759,0.021065752063851105,0.02696416264172941,0.016050096810553218,0.044940271069549016,0.005016177144178836,0.007930636071096885,0.01434263970304756,0.008114929506457261,0.012963539731600679,0.021065752063851105
589,0.03711310718389493,0.0819070139415003,0.007896530316854014,0.002225646009749658,0.013612276770904607,0.06420893121622391,0.07583982772361136,0.11753495509318611,0.12050285566695142,0.05164953784625257,0.05935290865326108,0.019083779336858724,0.002871465569765097,0.04324162518736705,0.1380895585600399,0.016190525019647375,0.06917785598296164,0.06486301055308868,0.005445882977140701,0.009192706390740771
590,0.04413331239211599,0.4561539436183372,0.014625894197752082,0.014625894197752082,0.015357188907639688,0.0040952503753705835,0.007875481491097276,0.0412045228589901,0.008216725932107606,0.003199414355758269,0.03635598056235814,0.009598243067274805,0.015676679867285236,0.009598243067274805,0.0032330924016083554,0.0032097740368464693,0.23588037162153633,0.06043503485272594,0.007491311662263262,0.0090336405339057
591,0.054983456768613256,0.17065955793735893,0.023250041997873776,0.02152781666469794,0.0176136681802074,0.006838247646433463,0.018164095310838884,0.011843783993288606,0.02235580961334017,0.03815559222176725,0.025271784780297582,0.03419123823216731,0.009687517499114071,0.016607172855624124,0.009528705736833513,0.008186634506293582,0.012367043615890302,0.4459268278987376,0.026420502270311112,0.026420502270311112
592,0.021179926223476107,0.022142984404556632,0.03151117011417675,0.02275806730468321,0.03413710095702481,0.009310118442824948,0.02560282571776861,0.008521366191709885,0.034583999068072704,0.010639666481935577,0.6296198019144013,0.028251393895468813,0.015755585057088375,0.028251393895468813,0.010232227181614612,0.00987096895142886,0.009334312782486925,0.0069386806409561476,0.015755585057088375,0.02560282571776861
593,0.01078829978720762,0.019615090522195674,0.6650124838734275,0.02665317225363682,0.019615090522195674,0.02654179557268155,0.016284226093898294,0.023973999527128045,0.035960999290692075,0.006077915373074715,0.01836306346758744,0.008340244585422273,0.009181531733793722,0.02976082699919344,0.007376615239116322,0.006299737102019049,0.014628203101298467,0.008545187950263464,0.020071255418060686,0.02691026158710715
594,0.010728514143485492,0.024139156822842362,0.029386799610416788,0.02816234962664942,0.018774899751099614,0.012289025291628838,0.021803109388373747,0.5189906031440122,0.013517927820791724,0.00627631635413584,0.031161686151318663,0.023306772104813314,0.011264939850659768,0.022529879701319536,0.009011951880527815,0.006827236273127133,0.016691145901523593,0.15273105933233463,0.024139156822842362,0.018267470028096925
595,0.012468730898621301,0.014546852715058184,0.029093705430116367,0.027562457775899715,0.03137893594059654,0.008876045724442281,0.021820279072587278,0.4012658246703018,0.01939580362007758,0.008095437550991434,0.015096570916585464,0.03137893594059654,0.008585027831837615,0.043640558145174556,0.00952157632258354,0.007736645559969361,0.005915134438175612,0.2459400440718934,0.03491244651613964,0.022768986858351943
596,0.010773305973799024,0.018501981998480934,0.021277279298253075,0.01891313715400273,0.01891313715400273,0.009151517977743258,0.018501981998480934,0.019792817951863325,0.023641421442503415,0.030666824374740737,0.01773106608187756,0.02745455393322977,0.008448362965627515,0.02659659912281634,0.009456568577001365,0.654414141891655,0.017161320961834394,0.010638639649126539,0.01668806219470829,0.021277279298253075
597,0.01201830550589323,0.01832791589648718,0.045819789741217955,0.023648923737402815,0.01879786245793557,0.004144253862034137,0.01981396313133749,0.0207210783124396,0.06967945550449371,0.006664696689631701,0.020364350996096865,0.019292543048933873,0.013091368497490841,0.02527988399515473,0.5634090898444202,0.06105023245821726,0.014182916695484701,0.00952099527090243,0.01629148079687749,0.017880893557548464
598,0.03259602085714578,0.08744011944218474,0.014570628228450677,0.009908027195346458,0.02064172332363846,0.1375806075139271,0.005802290046238211,0.014570628228450677,0.18359401719192128,0.003058033084983476,0.02201289720222832,0.016513378658910765,0.0035701866591969908,0.18978149893349494,0.18256791658110172,0.04107763852915822,0.00495401359767323,0.0038107796905178697,0.008256689329455382,0.017692905705975825
599,0.012680170965641804,0.024130297209268518,0.5005628897718707,0.016134329648626468,0.027146584360427085,0.05084096794062409,0.025058385563471158,0.024130297209268518,0.08143975308128125,0.007945341764027438,0.02606072098601001,0.01046598401033527,0.013573292180213543,0.024130297209268518,0.009581147421327207,0.012065148604634259,0.015890683528054877,0.05025670800057804,0.03429042235001316,0.033616578195058006
600,0.01567887659835466,0.05547910180956264,0.031357753196709325,0.019492657392549035,0.03005118014684643,0.011632714895553457,0.033497789016569336,0.048081888234954295,0.027136408557535945,0.008517244985868214,0.023265429791106913,0.027739550904781324,0.011561359643090892,0.5542119077513276,0.0033757358548373558,0.010606298875357563,0.015025590073423214,0.01567887659835466,0.03434420588211021,0.023265429791106913
601,0.01570671614700627,0.026453416668642135,0.026453416668642135,0.02513074583521003,0.02513074583521003,0.0028950911102039413,0.04188457639201671,0.044046139685088206,0.16087198336407899,0.008817805556214047,0.026453416668642135,0.020104596668168023,0.013226708334321071,0.029565583335541212,0.3848072960682262,0.03545941162807999,0.029167201827691367,0.022846132577463662,0.031413432294012535,0.029565583335541212
602,0.015108779259360341,0.052880727407761195,0.027589944734484093,0.0070592697406967955,0.030217558518720676,0.4868828576543815,0.03172843644465671,0.03525381827184079,0.027589944734484093,0.011537613252602441,0.02266316888904051,0.04532633777808102,0.01244252409594381,0.06345687288931343,0.03350112360554538,0.011331584444520254,0.01475741229984033,0.014972644311477365,0.02230102751497908,0.03339835415227023
603,0.02083051057254864,0.03811840453623071,0.051129435041710296,0.04326336811221641,0.03308375208581254,0.05005212728342988,0.03749491903058755,0.05385491101832165,0.03749491903058755,0.013717653303873496,0.029601251866253335,0.007093915330870227,0.011248475709176267,0.028121189272940664,0.008322920485503389,0.43076181043216477,0.013717653303873496,0.031245765858822955,0.029601251866253335,0.031245765858822955
604,0.010830840331436473,0.040137820051794,0.0296670843861086,0.010053825944932844,0.02527196077335177,0.523312028670604,0.0296670843861086,0.024369390745732064,0.040137820051794,0.009097905878406637,0.028430955870020747,0.040137820051794,0.01895397058001383,0.03411714704402489,0.0052862598514944546,0.01287439511095279,0.015163176464011066,0.012933002816853964,0.06823429408804978,0.021323216902515558
605,0.02064004418298978,0.03584849779150856,0.042570091127416415,0.032434355144698224,0.028380060751610946,0.013622429160773254,0.01771337059075081,0.05239395831066636,0.036442163128068514,0.010368648181313792,0.048651532717047336,0.02724485832154651,0.009460020250536981,0.5224163199523484,0.007650998091306683,0.013355322706640445,0.011949499263836186,0.01661271848874787,0.021285045563708208,0.03096006627448467
606,0.0665004058174615,0.033712060062356566,0.02074588311529635,0.02345186786946544,0.04637458356491261,0.007452321413363433,0.022474706708237712,0.15932202791969452,0.022474706708237712,0.010372941557648174,0.0215757184399082,0.02996627561098361,0.009632017160673304,0.02345186786946544,0.0077056137285386435,0.009807144745412819,0.011476445978674574,0.4133996246470681,0.0215757184399082,0.03852806864269322
607,0.0017539017926480253,0.015548705056732986,0.02103297270768032,0.026432798596446077,0.020578995428419344,0.004489402565449283,0.026432798596446077,0.33188866419594665,0.02298504225777919,0.006219482022693195,0.013216399298223035,0.015548705056732986,0.008526709224660024,0.01601987793724004,0.0068656619731028755,0.006691847745935714,0.007445858759562273,0.40605835247020106,0.029369776218273413,0.012894048095827351
608,0.009663325155586636,0.03003760982717633,0.02628290859877928,0.045056414740764494,0.02742564375524795,0.015018804913588167,0.05734452785188208,0.020079796582416525,0.045056414740764494,0.010691352650350896,0.04205265375804686,0.03695523244985787,0.015385117228553732,0.031539490318535146,0.015018804913588167,0.00909189554417334,0.48317026546113234,0.018552641363844206,0.03003760982717633,0.031539490318535146
609,0.011372660324548868,0.008617578658665182,0.08763289925420288,0.032222537586221796,0.03948447266266366,0.005471751665584832,0.022582485877680157,0.04833380637933269,0.052727788777453835,0.0161112687931109,0.052727788777453835,0.027619317931047258,0.013488504105860284,0.03625035478449952,0.009666761275866537,0.012608819055478093,0.021481691724147864,0.023200227062079696,0.03411798097364661,0.4442813043304555
610,0.3335732365299175,0.03351761255386908,0.08570827951105724,0.031123497371449857,0.04357289632002981,0.014046991771655467,0.03631074693335816,0.02904859754668653,0.04357289632002981,0.015025136662079244,0.031123497371449857,0.048414329244477555,0.01177645846487292,0.05446612040003725,0.010893224080007452,0.01382520129299456,0.044796106023418256,0.00854384761523219,0.062246994742899714,0.048414329244477555
611,0.013679991201610207,0.04274997250503191,0.026307675387711938,0.020117634120015007,0.2034155135957485,0.007953483256750122,0.010792279407699557,0.018540090438412427,0.020117634120015007,0.2619045133172658,0.2639061512688022,0.016285703811440722,0.002646223481020852,0.020117634120015007,0.008525928609734598,0.006107138929290273,0.010363629698189554,0.006576918846927986,0.02279189488230564,0.01709998900201276
612,0.013408051527160358,0.04692818034506125,0.007103201335642121,0.029330112715663284,0.0187712721380245,0.013408051527160358,0.03888417269449217,0.1281366458161117,0.028118268088657174,0.011445897645136892,0.058660225431326554,0.3593729736125253,0.016760064408950448,0.022346752545267263,0.013035605651405902,0.10109949784193319,0.012011704598662696,0.013408051527160358,0.04266198213187386,0.025109288417784502
613,0.06008556178971157,0.03266069685386337,0.04245890591002238,0.03266069685386337,0.08491781182004476,0.016330348426931686,0.02653681619376399,0.009617589527997598,0.02400366948807749,0.016330348426931686,0.02358828106112355,0.03859900537274762,0.040458263999530425,0.03538242159168532,0.009501079677973012,0.09883421356552445,0.3246328671169494,0.01769121079584266,0.03538242159168532,0.030327789935730282
614,0.01922566946583208,0.03942403270803789,0.027636899857133607,0.0340146459780106,0.33839706571663125,0.00818871106878033,0.0315850284081527,0.01768761590856551,0.0340146459780106,0.045614998148132475,0.013399709021640541,0.029479359847609188,0.014739679923804594,0.02009956353246081,0.010049781766230404,0.23564451164428774,0.02327317882705988,0.00818871106878033,0.027636899857133607,0.02169929127370591
615,0.004741199674561351,0.06849045684310393,0.02283015228103464,0.03244284797831238,0.02680061354730153,0.018679215502664707,0.02465656446351741,0.09965348547231906,0.02680061354730153,0.008805915879827646,0.030820705579396767,0.017769546670226025,0.017864336709659315,0.02125565902027363,0.007517245263267503,0.04275689265659016,0.4726678701387747,0.011854117530537217,0.01988432618025598,0.023708235061074435
616,0.02140132491866508,0.04444890560030441,0.010597806519831764,0.041273983771711244,0.05778357728039574,0.009028683950061834,0.028792002817704398,0.03399033957670337,0.04018457057705654,0.012840794951199051,0.04815298106699645,0.4427428718126088,0.012840794951199051,0.03611473580024733,0.009472717586950119,0.031067450992674366,0.022492834137285478,0.02751598918114082,0.04815298106699645,0.02110465344026771
617,0.014030591535570179,0.02551016642830942,0.04008740438734338,0.02551016642830942,0.026831341483775587,0.006100257189378339,0.02551016642830942,0.4105764431333102,0.021585525439338744,0.21468898492316285,0.042698713416824935,0.028061183071140364,0.011692159612975149,0.03507647883892546,0.00935372769038012,0.005873906429817553,0.01955125919682431,0.010982636046996919,0.011509844597654594,0.01476904372165282
618,0.08574775448148979,0.11819699351182171,0.020533508889092177,0.014104625109111067,0.015129953918278448,0.0450888649738388,0.020533508889092177,0.05103961083465028,0.01306677838396775,0.005064429413277625,0.09290324842382061,0.01597050691373836,0.005133377222273044,0.01916460829648603,0.005988940092651885,0.10694013698688629,0.07911139679370792,0.2203308386375672,0.01916460829648603,0.046786309931762776
619,0.06256212880997983,0.14598049122814852,0.02301835297484375,0.022168324012363697,0.0276220235698125,0.00786603836494686,0.025895647096699215,0.0276220235698125,0.03766639577701705,0.04142496702315506,0.14631490059875155,0.024372373738069854,0.006905505892453126,0.020716517677359377,0.006792300877822748,0.007143626785296337,0.015487396870305824,0.31773069406364746,0.010903430356504935,0.021806860713009874
620,0.012245266296303086,0.03673579888890926,0.026939585851866784,0.013934268544069027,0.10102344694450047,0.00641418710758733,0.014200774766933492,0.028863841984142984,0.017227915420845365,0.005997031451460345,0.019242561322761993,0.20619211774003576,0.00448626948884809,0.3099898788827722,0.10222646569795364,0.0085977401654894,0.008979861950622262,0.016837241157416746,0.014966436584370437,0.04489930975311131
621,0.006456515235914337,0.01688627061700673,0.008130426593373609,0.011553764106373026,0.02846983434618345,0.005933014000569932,0.005530847768355491,0.53279443150845,0.02195215180210875,0.16820015532394866,0.053545644720957394,0.012913030471828678,0.002942691368642318,0.007840054215038838,0.0030887559066948666,0.0051051515818857545,0.015865376213617003,0.06901038643343337,0.009146729917545312,0.014634767868072501
622,0.008916025663943703,0.014860042773239506,0.010760720628897574,0.04458012831971852,0.024004684479848434,0.006639593579532545,0.013567865140783895,0.23890594005070234,0.026005074853169136,0.0078015224559507415,0.14407399142770316,0.012639206699552949,0.005380360314448787,0.028369172567093603,0.006639593579532545,0.005115752430131634,0.026003429186299894,0.3281065482236466,0.031206089823802966,0.01642425780200156
623,0.01258241988607783,0.0369084316658283,0.0369084316658283,0.03256626323455438,0.09227107916457075,0.010502164683166552,0.027681323749371222,0.07908949642677493,0.03075702638819025,0.010096732679988583,0.039544748213387465,0.01730082734335701,0.009383499576058045,0.03617704758630089,0.4246423751617972,0.010445782546932536,0.01730082734335701,0.013840661874685611,0.006638213311030503,0.05536264749874246
624,0.025064778956580335,0.039061993179086235,0.003705704203934801,0.004875790788799133,0.15354368088086973,0.005944216353339209,0.028791398622145154,0.15170031026226583,0.002580165662546292,0.0979390701708362,0.08203018567608106,0.04421807974053089,0.001427060718672917,0.10306356661866597,0.002437895394399566,0.039542167419329616,0.056406940795074384,0.15038867373948195,0.004875790788799133,0.0024025300285616656
625,0.11271029545515786,0.027094619351304947,0.03386827418913118,0.029029949304969584,0.023907017074680837,0.022578849459420788,0.036947208206324925,0.009987192431337244,0.016323058199509886,0.21337251343694502,0.3103903101784154,0.0193532995366464,0.008835201962382048,0.0193532995366464,0.009031539783768317,0.009031539783768317,0.0050797266520641185,0.006016257542617972,0.0193532995366464,0.06773654837826236
626,0.03412606695996679,0.03718128900686987,0.14312327342824063,0.4549563075724616,0.02379602496439672,0.013963762930099105,0.024787526004579914,0.04249290172213698,0.008809473596187176,0.008498580344427398,0.028328601148091336,0.019830020803663934,0.011898012482198355,0.03499415435940694,0.006537369495713384,0.011664718119802311,0.012657460087445062,0.02229237473244565,0.03718128900686987,0.022880793234996845
627,0.26760460931625896,0.0839040207714296,0.01873566398665405,0.02700226097507544,0.021939337042248794,0.12987817990279923,0.02925244938966506,0.020648787804469448,0.016715685365522887,0.007631073753825666,0.031911762970543704,0.020648787804469448,0.007977940742635926,0.015262147507651333,0.006500544308814457,0.24948383090843687,0.00436802361954344,0.005431954562357667,0.017551469633799034,0.017551469633799034
628,0.031471192494100964,0.0416580264334755,0.04595975527280331,0.47680367692079473,0.024994815860085295,0.003822498411150724,0.029755733166768213,0.029755733166768213,0.041819963100939,0.012252360715728087,0.02840319984100602,0.03905439978138329,0.013018133260461091,0.03905439978138329,0.013584139054394182,0.009763599945345822,0.014877866583384107,0.04265939076364694,0.02840319984100602,0.03288791560537539
629,0.09301669500922533,0.1115157936993542,0.12481817934701414,0.1283453383661983,0.029491780151895332,0.028658461350027555,0.014745890075947662,0.019576440273240868,0.016962735941747735,0.06917557256216625,0.029879829890736058,0.04423767022784299,0.0032974614823556804,0.04626048475082407,0.009156722063290082,0.060524175684859814,0.12615928176088556,0.03250447371484918,0.006726821424005586,0.004946192223533519
630,0.16865074155854282,0.2138706859572448,0.014387505959284522,0.008347669115206902,0.006394447093015343,0.003445420883222511,0.021581258938926783,0.010790629469463393,0.015695461046492207,0.27428789177998375,0.011900687029537707,0.013709659356233642,0.0049328591860404065,0.006906002860456571,0.002830329041170726,0.002697657367365848,0.06974044107301462,0.13133243033714592,0.012332147965101018,0.006166073982550509
631,0.010660262477782777,0.04157502366335284,0.018897738028796743,0.051968779579191056,0.06740230396202283,0.006496097447398879,0.018076097244936015,0.06498369416733858,0.019797630315882303,0.3173654190634683,0.018897738028796743,0.019797630315882303,0.010660262477782777,0.03779547605759349,0.007168107528164281,0.0068252298265205754,0.010140249673988494,0.22241063498297614,0.025984389789595518,0.023097235368529354
632,0.06316396862435968,0.06691845034656338,0.06225160546715419,0.04446568155770218,0.03168383771510755,0.059813080316433176,0.030873739591709918,0.04657524144120811,0.04136839206963825,0.06105739559682185,0.06930839500179778,0.10693295228848802,0.0008048237526572396,0.06638216013080694,0.028000591580726302,0.053512528233946186,0.07374413228191283,0.04766498902176327,0.01325899730469175,0.032219037676511394
633,0.05001527922121196,0.027169794137914847,0.0601450998437602,0.09265596462417114,0.06827281603886294,0.05291662033407309,0.0512046120291472,0.06371110884909147,0.0072707554503879095,0.045979415158726646,0.045938108587077996,0.025065781679744135,0.01936914901706172,0.08777933490710949,0.00998395858695481,0.11327714171346032,0.07232023866433279,0.05829785626392536,0.012539904986729924,0.03608705990625612
634,0.07273038030595638,0.0837698130309676,0.037744559434642874,0.04262340153103492,0.01348019979808674,0.03970340096780235,0.07442837231514723,0.03909257941445155,0.059307870513159985,0.014441172208013994,0.036570477516745,0.07279307890966842,0.05015613344194444,0.061489717108827655,0.0622454639251086,0.07151081600204554,0.07712860262851254,0.0343745094851212,0.02405697194735481,0.03235247951540817
635,0.013864790738035473,0.04038146456135794,0.4640148424953344,0.03126215623852833,0.028843903258112816,0.06422341084813545,0.027532816746380414,0.027532816746380414,0.04038146456135794,0.011013126698552166,0.019539418336140937,0.09534633938683965,0.012887701455752533,0.024228878736814764,0.006443850727876268,0.012124636988118529,0.013167868878703677,0.011950058439315346,0.017306341954867688,0.037954112203395396
636,0.006651912908492497,0.019564449730860287,0.013303825816984995,0.023756831816044634,0.009589089561395812,0.007918943938681545,0.009782224865430145,0.12274573370802652,0.013858151892692704,0.25377795179819196,0.26549542756720823,0.012318357237949069,0.007076503094140955,0.019564449730860287,0.007391014342769441,0.053123523528505266,0.04901454047394616,0.07058134438388375,0.023756831816044634,0.010728891787891126
637,0.0700748993415534,0.015927071147441057,0.02317757792534938,0.04323770384904358,0.07735426936076356,0.07214453088450977,0.034156430626830665,0.03220463459101176,0.06333578136232314,0.05762732372821856,0.04121426450635434,0.04293951278801569,0.05311528274559234,0.06172554963277257,0.047280804868058836,0.06527966471151034,0.048306951886517666,0.02841585405089274,0.04197030551571124,0.08051158647752943
638,0.06755340998451921,0.09056379026049607,0.04939843105117967,0.027120707243784913,0.05210762458730438,0.04746123767662361,0.050114350341776484,0.011355961161190729,0.06586457473490621,0.051832947974085164,0.03566672486783465,0.09409224962129463,0.0009455175949888105,0.040091480273421194,0.03824394662026813,0.08180308386952008,0.052262108213566895,0.023958296397438596,0.032742072647969855,0.08682148487783095
639,0.008295525619193209,0.020462296527343247,0.038366805988768585,0.021923889136439195,0.030911488397774568,0.006530520168301037,0.021923889136439195,0.20371587073522854,0.02790313162819534,0.23473304843891313,0.08933254289716476,0.017051913772786042,0.007486206046588993,0.017051913772786042,0.00495055561145401,0.01560956813989816,0.008077222313424967,0.1875473968266657,0.017663918315291936,0.020462296527343247
640,0.09026031497644048,0.03964374618573074,0.028316961561236236,0.03486763179433311,0.028316961561236233,0.06624237429801608,0.03716601204912256,0.017421455500165516,0.10031811832015956,0.024985554318737856,0.05130325003779485,0.0743320240982451,0.028316961561236236,0.044710991938794055,0.1331721517316094,0.044478092489994764,0.09203012507401777,0.04394011276743554,0.008562856068916862,0.011614303666777008
641,0.06209941863534449,0.07890279073667301,0.03775644653028945,0.06443342658052142,0.023378604662717923,0.04910250854267864,0.05588947677181005,0.03477567443579293,0.07775321128961775,0.011039896646283463,0.0678675708143794,0.0885615820393153,0.0026495751951080312,0.07872401731105055,0.049588765363123004,0.07999247146247765,0.07679649477100318,0.015524854658836126,0.020323446098840015,0.024839767454137792
642,0.03901798225817172,0.0051626568824447204,0.0167583900831187,0.08672466868013926,0.009679981654583851,0.07653831888707943,0.12778272438378008,0.010325313764889441,0.13574295967326147,0.018486732805799336,0.014079973315758332,0.01639407725522481,0.11828469330938338,0.04163511326077181,0.09504295857316081,0.11152034063478751,0.041448067821372926,0.021546501535438325,0.0064533211030559,0.007375224117778171
643,0.05977854959373126,0.08614656982549256,0.03689526961219093,0.0760757447182397,0.08306990661743928,0.0848067446719181,0.06977872155864898,0.04643838529655459,0.002441885319051914,0.03789620739919504,0.026431333923730677,0.06784042373757539,0.028918152975694576,0.056814661843171216,0.011885788525451213,0.04676706952008935,0.028812535178120824,0.07348729104801754,0.027257313108847252,0.04845744552683958
644,0.026602506143522425,0.014677244768839958,0.04006024454553967,0.07734341041574237,0.028376006553090593,0.031198209914566653,0.0703231466750506,0.07014239583440239,0.06677453291458225,0.05657898867597941,0.056005276091626185,0.0746671941343901,0.0017166163366568218,0.08018014229464046,0.08884858826210335,0.05244494068294423,0.06820370718395272,0.060363504849301794,0.011971127764585091,0.023522215958482987
645,0.0317659582241616,0.3383517071551291,0.006966281337831333,0.008167364327112597,0.00986889856192772,0.0025553604627339627,0.013158531415903627,0.14295243594482823,0.012465977130856065,0.13161588857215753,0.04668972683440059,0.011278741213631678,0.004155325710285356,0.009474142619450612,0.0037008369607228952,0.0034831406689156664,0.02658206453519532,0.1814301996531201,0.005039437563537559,0.01029798110809849
646,0.057070014338254295,0.024570049543944383,0.10269215753660968,0.06557366163688862,0.034230719178869884,0.04299301297711788,0.06722311776728972,0.0689765569747196,0.04576773934656307,0.040197323702409006,0.046838329740634725,0.044320503459009994,0.014688131000031062,0.05514949201040149,0.04886120923594868,0.04533985654443459,0.056599021376076676,0.04014713977768689,0.0505853961198855,0.048176567733224276
647,0.04809674989183204,0.06215711884416798,0.054946893058244496,0.012076240232581208,0.035222367345028524,0.07616334825227959,0.05072020897684107,0.017839721976412554,0.05000487641256537,0.06604193877192847,0.014917708522600315,0.06480915591485248,0.0018841365184446024,0.03019060058145303,0.06615114855237918,0.04364188857226567,0.02991838267559784,0.03550414628378875,0.10989378611648899,0.12981958250024794
648,0.015387659301161498,0.03034902961258986,0.04379564570330581,0.04379564570330581,0.03795622627619835,0.020165569370095074,0.03558396213393597,0.029965441796998702,0.07116792426787194,0.013219058090789939,0.03795622627619835,0.024754060614911977,0.012652075425399452,0.027111590197284544,0.007298436969422221,0.010742328191376896,0.01897811313809918,0.011861320711311988,0.43609176195187044,0.07116792426787194
649,0.01984877702240267,0.09556656234845157,0.0427512120482519,0.019164336435423267,0.03483571393684395,0.005293007205974045,0.032692103331016166,0.039697554044805336,0.032692103331016166,0.42531010099256805,0.048023121381725764,0.02526207984669431,0.009110914043070078,0.027788287831363747,0.010486146351458014,0.0074946817160984605,0.015879021617922134,0.07439054495480406,0.016346051665508083,0.017367679894602334
650,0.045505774818160344,0.18267281050648146,0.022952237831560862,0.05290712626597871,0.05560701256464519,0.053510217219070316,0.03999342549420811,0.027976916924416072,0.0514664590201166,0.03335647929163308,0.06796412646789968,0.05576543710186639,0.0005522772222730293,0.04917582025168363,0.03727633182060198,0.04221495705842222,0.05709691523491657,0.06216578840560332,0.02419821645670274,0.03764167004375982
651,0.060822530819312805,0.05152014560451047,0.016050390077318653,0.033307576401052245,0.058215850927056535,0.05173778714062819,0.03628010610274799,0.04147210727358902,0.05778140427834716,0.07222675534793394,0.06842534717172691,0.08851535466391589,0.0008554695382471192,0.08150219129787915,0.04483139078182318,0.04754322366602315,0.060814646180158825,0.05284580546596032,0.019884288921698412,0.055367628340070224
652,0.06845192517982557,0.05560402537684291,0.047325823894051086,0.0640025500431369,0.06927334828198345,0.0018006156715377607,0.08879556300443,0.00695786225340347,0.04763053275090429,0.016831120426568872,0.039630061946214795,0.09492377096922984,0.002958154317526321,0.07830900240572043,0.030510000937293686,0.08922694077453985,0.03447154030393416,0.044828051466602056,0.024471563251787638,0.09399754674446698
653,0.19386522307777193,0.016005425522962056,0.015520412628326838,0.09741444771995367,0.03414490778231904,0.39220469316459006,0.025608680836739284,0.0320108510459241,0.024389219844513605,0.013478253071968045,0.0320108510459241,0.018291914883385194,0.015520412628326838,0.016005425522962056,0.004152632357370849,0.005887053065917075,0.009663653145939352,0.010216957172252657,0.022268418118903722,0.0213405673639494
654,0.04215349360849481,0.15410821335076907,0.047346315284903594,0.05681557834188433,0.010330105153069877,0.04628756579909111,0.05681557834188431,0.012912631441337348,0.04261168375641325,0.05735310364307531,0.06130101873729625,0.020516736623458227,0.03211315297584765,0.09942726209829755,0.034312839131230996,0.03786995899557565,0.03517154849735696,0.07211208020316086,0.044285765981108324,0.03615536803574457
655,0.012472637361641314,0.054342464981827536,0.23219914370495287,0.08711545190350053,0.015258721694404774,0.026364767155393935,0.007568535580897221,0.026818359341681107,0.01513707116179445,0.04140378284329717,0.012109656929435558,0.1792023608195172,0.005406096843498016,0.03792882249752043,0.0036474870269384216,0.060000397171218765,0.045704527892160784,0.090581214491691,0.023289627849354656,0.023448872749274385
656,0.01006770134798869,0.03439797960562803,0.018345589123001615,0.018762534330342563,0.018762534330342563,0.01085280438192877,0.011964514645435836,0.02361960512543324,0.0733023427600614,0.009172794561500807,0.03503641634796839,0.013315346944114074,0.006160832168172184,0.018762534330342563,0.6357337799854005,0.004884920180680902,0.005939219500252321,0.013103992230715438,0.024280926780443315,0.013533631320247094
657,0.009577892339368189,0.08209746784593136,0.024543349119630978,0.02708231626993763,0.010391770535475346,0.006599892200236901,0.007723793102995703,0.014024770925503416,0.032724465492841304,0.6020887282592459,0.024543349119630978,0.01602830962914676,0.0475414077148918,0.021226680319680846,0.004798187693171879,0.008096774967300942,0.008181116373210326,0.009941609769977105,0.025335070058973914,0.017453048262848696
658,0.03585983464882726,0.11760243909677519,0.014087792183467859,0.03884074946944616,0.002185795196858462,0.1031271408721899,0.10074905925146711,0.005920301938321019,0.08864186903799443,0.005453338909729494,0.007772574997775371,0.06551679778602316,0.0008980398870813839,0.10767682121707563,0.1370507022568449,0.0472876940424096,0.10915218103096037,0.0016089881310208125,0.005792357271674926,0.004775522774056901
659,0.008341009717670964,0.0271755477898312,0.011540301116229688,0.01831395611923407,0.018720932921883714,0.007020349845706394,0.057985620014729,0.014040699691412785,0.028607523495638717,0.016633472842980612,0.01831395611923407,0.016851006990581716,0.004578489029808518,0.042350824850929045,0.649205250188898,0.010446908792462548,0.005579085970097797,0.011700583076177324,0.017550874614265983,0.015043606812227986
