site,A,C,D,E,F,G,H,I,K,L,M,N,P,Q,R,S,T,V,W,Y
564,0.08949176115599133,0.05099207385520221,0.056657859839113575,0.08665319740099726,0.013297252819383798,0.022897995168139167,0.06343216916770322,0.0352443144161291,0.08940168792795197,0.04647715064927286,0.04638862274327426,0.0648066914960143,0.004014526484914451,0.0849867897586704,0.09218512441036102,0.05892249922848168,0.03329592146684064,0.025829318456066487,0.022110384327458956,0.012914659228033245
565,0.005698215390842255,0.008205430162812846,0.011926497329669836,0.011655440572177338,0.01005567421913339,0.002889235972821425,0.009409896975702804,0.0111486822864305,0.012983275574070958,0.745620648408566,0.10840740252673564,0.010574007941769131,0.0034216689199930705,0.009928445715505973,0.0021976420580500583,0.0030617276726913607,0.007172578813647594,0.003676267994091777,0.006883750136587959,0.015083511328700089
566,0.6060292444007985,0.05954812329263197,0.013232916287251548,0.017075324128318532,0.05954812329263197,0.004168368630484238,0.016673474521936956,0.022531722326941832,0.016673474521936956,0.006777835171519087,0.012259907736718348,0.018123341871670605,0.00991118124688821,0.011578801751345104,0.00408663591223945,0.06024245583982006,0.007218112682587995,0.004888379676613035,0.017368202627017663,0.03206437408064799
567,0.02583800365439513,0.03317041009685862,0.006392214445748795,0.057997653019964686,0.003077050067318647,0.0016320547521060755,0.08367989819889332,0.0721944219755158,0.03835328667449278,0.08615672109721022,0.1151375777737423,0.026450542534132943,0.001696616910029253,0.04496592230802601,0.08633640290362009,0.007016530409707499,0.05037446607993081,0.012237072413035502,0.021967595472626344,0.22532555921264508
568,0.3785365360226114,0.012480149454632264,0.00843605366200894,0.013440160951142437,0.014560174363737643,0.019496090130573185,0.02184026154560647,0.01310415692736388,0.01638019615920485,0.005460065386401617,0.01807469921015708,0.013440160951142437,0.009037349605078538,0.022789838134545885,0.0058240697454950575,0.297603406716902,0.04200721542439435,0.05191503413068655,0.01278454334376964,0.022789838134545885
569,0.002094429289669311,0.006962167056382837,0.012483885756272671,0.021883319524477435,0.012929738818996696,0.0013758917141145164,0.012929738818996696,0.42721368018313144,0.01810163434659537,0.07584087613860357,0.06617251683708998,0.02011292705177264,0.0039351379014337775,0.014481307477276297,0.002479675937889777,0.00470172320690789,0.008094574992943542,0.2649332450732516,0.006033878115531792,0.017239651758662256
570,0.006674526987574912,0.011680422228256096,0.017213253810061613,0.010723010570202316,0.016352591119558533,0.0031599209892866735,0.021803454826078046,0.493961663750313,0.013082072895646824,0.004672168891302438,0.13030568074484725,0.019431944912492612,0.012578916245814257,0.021803454826078046,0.003442650762012323,0.005805932547009487,0.1382198804132776,0.039014722685597504,0.007518432698647602,0.022555298095942807
571,0.003431356245980705,0.003070481051583557,0.005439137862805159,0.002323512896033346,0.004881277569184116,0.024008169113792385,0.27913684066140715,0.01682056605528264,0.1440297220839514,0.010333061422555526,0.012762237265752796,0.12166665784047442,0.0019425492367161278,0.048114426247570466,0.17654907193562377,0.009919738965653308,0.0563076476781469,0.0040413751341550515,0.03986013830947449,0.03536203242385671
572,0.0010325555696116466,0.04805240511052058,0.0022398304321877504,0.00213101894153893,0.10155318004421889,0.0006955409045300674,0.05482142400194379,0.006677192683488647,0.0035770675090117748,0.35680456700487456,0.20931161823008215,0.01876182572370484,0.0013178669770043381,0.11429078836690196,0.0010116958611346436,0.0013613840616337259,0.002003157805046594,0.0011128654472481077,0.0014729101507695544,0.07177110517454743
573,0.21026185071298528,0.01858706028038736,0.012633698843659922,0.007910820771263687,0.010076878839585888,0.004600314252854427,0.017634537969275305,0.006601083555318771,0.011570939700239929,0.00450243522619795,0.011756358646183537,0.0180097409047918,0.0068889573384494154,0.008550079015406208,0.0028215260750840483,0.010293948129995668,0.6099527422868726,0.004782247584888218,0.008218037111895287,0.014346742754664655
574,0.007062881194817484,0.07672425177016537,0.01591950999466798,0.014748957789177687,0.01481022713683472,0.004916319263059229,0.00985704309431912,0.024461686089367867,0.024461686089367867,0.005039844872683831,0.016998798807865804,0.012424993172614545,0.008088138142452279,0.024461686089367867,0.006429032882462068,0.011824416189350059,0.007597947952000626,0.006229373476174427,0.01013059726933417,0.6978126087239169
575,0.031213393535242454,0.019972855982372414,0.00836373914885717,0.006272804361642877,0.006755327774076943,0.0028559109288780575,0.08156548968645781,0.010644758916727304,0.007146696065197894,0.005398188196958163,0.262043870488726,0.006162755162315808,0.01086167927904123,0.2513458764215899,0.03153295022824129,0.0028328793891290406,0.007025540885040021,0.002744351908218758,0.23314793011535567,0.012113001525931071
576,0.021742866582784248,0.021742866582784248,0.004121261392508943,0.04659185696310911,0.021742866582784248,0.011356926643127126,0.10073914255947175,0.027178583228480314,0.031061237975406067,0.00988312117399284,0.02964936352197852,0.46466652655804913,0.014495244388522831,0.022492620602880257,0.009453420253384455,0.043554598422377806,0.024002808480992798,0.010520741894895602,0.024158740647538056,0.06084520554493193
577,0.014586353341916105,0.028538517408096736,0.024310588903193514,0.02292454142051594,0.03125647144696309,0.013395630620127037,0.019890481829885603,0.020512059387069525,0.46763367984464915,0.009244871836425703,0.0149178613724142,0.19106129802798588,0.012870311772278917,0.043378942071576734,0.006990310448154847,0.007544665521680745,0.014357704384058197,0.01238463962992877,0.019890481829885603,0.024310588903193514
578,0.10082128596481915,0.00934281467636377,0.01067750248727288,0.01089995045575773,0.013079940546909275,0.003725542123026214,0.008304724156767793,0.27226776087532345,0.016349925683636593,0.08784345959195862,0.013379821052397456,0.014533267274343639,0.005813306909737456,0.02179990091151546,0.0049358266214751985,0.0038755379398249705,0.007266633637171819,0.3729822098917484,0.00902064865304088,0.013079940546909275
579,0.013705106252996565,0.06370764859995577,0.022106665613169943,0.03640543123216194,0.016684275934467883,0.00594593981918454,0.018046257643404034,0.029475554150893254,0.025264760700765648,0.005556073110204553,0.011775115992449738,0.026007841897846988,0.011635087164826285,0.01700512739474611,0.00636163039227912,0.006015419214468012,0.01281545832647533,0.6316946084559985,0.017685332490535954,0.022106665613169943
580,0.027587016020001277,0.03862182242800178,0.025309044879397537,0.0924972556276772,0.025309044879397537,0.022181063416450635,0.021312879898440034,0.013498157269012021,0.28737301038328494,0.06794579871592908,0.029844040299542015,0.00938528204488542,0.007104293299480011,0.11399281790497112,0.11929389287731165,0.012715003268477958,0.04679162240764065,0.010383197899240018,0.011248464390843352,0.017606292090015678
581,0.0028092449924899654,0.035076652852080004,0.01189268990696382,0.0066593073045861225,0.008601605268423743,0.008071453230790171,0.018767138767469986,0.03136299793438,0.01376256842947799,0.09157706100729762,0.09499926814105002,0.018767138767469986,0.007645871349709993,0.014237139754632401,0.005035086010784631,0.005160963161054246,0.3060258998829428,0.2946924384828175,0.008975588106181296,0.01587988664939768
582,0.011461741111581259,0.015993127132438965,0.017633447863971165,0.022923482223162515,0.007495006203200224,0.00781482348516904,0.10077830568204682,0.011884018693390225,0.03438522333474378,0.49119094720426376,0.022184015054673406,0.017633447863971165,0.09584065927225843,0.023713947127409502,0.006258627089152161,0.007163588194738286,0.06143601960487299,0.008186957936843757,0.016373915873687514,0.019648699048425016
583,0.010615026755247791,0.023481725852517843,0.022791086856855554,0.01490186448332863,0.023481725852517843,0.003950366512928853,0.04304983072961605,0.03970224622229161,0.07860212441729877,0.0074509322416643166,0.020392025082449704,0.026720584590796168,0.011395543428427777,0.03689985491109947,0.5527502448574647,0.031058888620334,0.011114810265256134,0.009934576322219087,0.009566629051025791,0.02213991294665968
584,0.03659978797162691,0.040750187034218226,0.030562640275663664,0.02716679135614548,0.034928731743615604,0.01496945646154955,0.02222737474593721,0.043147256859760466,0.02934013466463712,0.00618144102009544,0.02619654880771171,0.02934013466463712,0.5212005214021722,0.028664922252086524,0.009780044888212372,0.009172362796384509,0.01537170036428389,0.016670531059452907,0.02716679135614548,0.030562640275663664
585,0.15397582051113193,0.11215658095291096,0.007746386774361486,0.0077069726601750555,0.12699019327248948,0.022844796673357894,0.11972139433096653,0.02565458449949283,0.0085962387363491,0.0058185655565860025,0.0077069726601750555,0.013147188655592742,0.005321481122501824,0.008277859523891725,0.00361795422428745,0.1445376819705647,0.0644255065479379,0.028514183115428235,0.004966715714335035,0.12827292249746416
586,0.061392216738977885,0.008299091692840927,0.08070574516506487,0.07017552402109484,0.03920702881212707,0.10066189761968396,0.05277869263170955,0.025333772463220574,0.029124386855994343,0.027941660805022688,0.009047775879721633,0.03483393713692827,0.040534035941152916,0.12913065886174027,0.009661184413940045,0.09934812730674732,0.03410315523895076,0.08234761752218593,0.032439586690709274,0.032933904202186746
587,0.011500459247902193,0.04728484876376981,0.014227747801434786,0.16393237279549921,0.013634924976375003,0.23217844807993226,0.017337777880048935,0.020452387464562502,0.02337415710235715,0.007430476234306684,0.014227747801434786,0.021900351006377602,0.007113873900717392,0.2575898427892984,0.026045523303849183,0.028470456308290877,0.00756557580220317,0.0038626905963700105,0.00756557580220317,0.07430476234306685
588,0.014760741239338925,0.016920849713388524,0.014158262005080193,0.14096901806239487,0.02392258062927343,0.4927103731911072,0.033035944678520446,0.04080910813228997,0.027750193529957178,0.007540813459227495,0.027750193529957178,0.02392258062927343,0.031534310829496794,0.033035944678520446,0.005092090170981857,0.009009803094141941,0.013603036044096656,0.006414603057690105,0.017788585596126397,0.019270967729136928
589,0.019324910812642943,0.005368030781289707,0.008784050369383154,0.006076773875115555,0.012467684395253512,0.10937925348128769,0.03344696102188201,0.10822125020122032,0.10891220502826215,0.03431526219067438,0.08809885811646044,0.039456853033026464,0.002570965933703276,0.05320457812776164,0.10443961215906862,0.019086331666807843,0.08824301151396081,0.14558099478857683,0.008922764122852544,0.004099648380770088
590,0.02160597926349991,0.4203718255051476,0.010964353121525501,0.013072882567972713,0.013072882567972713,0.005310858543238915,0.013595797870691624,0.023802600716377898,0.011953326333981378,0.003862442576901028,0.016658090987383477,0.016185473655585265,0.0522979210582665,0.006936631566679398,0.003062116637543158,0.019117447750540733,0.2421997585898366,0.08507525039985128,0.00871525504531514,0.012139105241688949
591,0.09962712912132447,0.14545725713201604,0.023185660887495768,0.017202264529432347,0.01777567334708009,0.0077285536291652555,0.024239554564200124,0.039030182701872564,0.03332938752577517,0.02399799865141005,0.03394002666413708,0.059252244490266975,0.00807985152140004,0.029626122245133488,0.006503295126980519,0.005734088176477447,0.008887836673540045,0.378407371232909,0.021330808016496103,0.01666469376288758
592,0.011196274492020071,0.020047884455622375,0.027338024257666873,0.020047884455622375,0.025545358773786782,0.006330910880722854,0.01822534950511125,0.043951088789741834,0.01732369884256954,0.004522079200516326,0.42847001380190813,0.02147987620245254,0.012274214972830025,0.024057461346746852,0.03719461228514864,0.007810864073619107,0.22328025436761556,0.005231616956619289,0.01542144958124798,0.03025108275843172
593,0.010194802029562224,0.02140908426208067,0.6112439551601311,0.01971506839456509,0.01712726740966454,0.1059336278839809,0.018616595010504933,0.02253587817061123,0.025187157955389023,0.006638475740180052,0.020886911475200654,0.011043788100756947,0.008920451775866946,0.02314495595900613,0.00690615621357441,0.006537124965520816,0.01007486318215561,0.019243911783966568,0.018220497244323973,0.01641942728295821
594,0.0067279110251169585,0.03464360266692058,0.016302245945475708,0.023547688587909354,0.011773844293954679,0.005434081981825235,0.01842862585140732,0.30160397616310486,0.016302245945475708,0.027323541464007957,0.010160217648169274,0.00941907543516374,0.005106727645570705,0.016954335783294736,0.00470953771758187,0.005045933268837719,0.2532551175696461,0.20971360241862813,0.011773844293954679,0.011773844293954679
595,0.01417677385241339,0.029928744799539376,0.048974309671973526,0.02071990024583495,0.012611266693084835,0.011223279299827266,0.01995249653302625,0.382137436129442,0.04143980049166991,0.02733168459698525,0.012322792584320948,0.03222542813834705,0.010563086399837428,0.023422495930074297,0.007279964951239308,0.006674137871214416,0.007062277419049311,0.1404398538444526,0.13467935159792715,0.0168349189497409
596,0.009514023032347494,0.017611063910941104,0.01881181826850527,0.02364914296612091,0.01655440007628464,0.007808679281266339,0.019707619138434093,0.027590666793807728,0.021782105363532415,0.008361029326227546,0.02122358984139056,0.01924930241428446,0.11652552851121634,0.022992222328173106,0.0064164341380948215,0.5896385750669616,0.009737882397814493,0.010218765479188048,0.013795333396903864,0.01881181826850527
597,0.011539807888764523,0.025002917092323128,0.02083576424360261,0.023440234774052934,0.022061397434402764,0.00323163853572317,0.028849519721911306,0.060352362253854236,0.07321671790045231,0.007143690597806609,0.023440234774052934,0.022061397434402764,0.013394419870887393,0.04412279486880553,0.5101536684398066,0.03494985512619135,0.012153587143731681,0.009376093909621174,0.022061397434402764,0.03261250055520408
598,0.0354695360020716,0.013300694329148885,0.015200793519027294,0.015200793519027294,0.01387898538693797,0.11140138726750347,0.008937195096987573,0.015960833194978666,0.10784241862559238,0.0031605610287086462,0.015960833194978666,0.010297311738695912,0.017063305118830474,0.22636713721899437,0.3166009755082988,0.032245032729156,0.0065146257938688435,0.004496009350698215,0.013300694329148885,0.016800877047345963
599,0.009637946554851803,0.03610729674244041,0.46210464648702265,0.01783828669718018,0.0433287560909285,0.057162751488658604,0.015851983935705548,0.0259972536545571,0.03610729674244041,0.009153962554421512,0.03610729674244041,0.11324333100309,0.010832189022732126,0.0342069127033646,0.007925991967852774,0.010155177208811367,0.011402304234454869,0.016484261526778673,0.02499735928322798,0.021354995359040646
600,0.014948031111209062,0.023627533046749808,0.03329334202042019,0.02034593123470122,0.026159054444615863,0.012007434827036789,0.03083548498910927,0.028171289401894003,0.02627466680976753,0.020523034529229836,0.023627533046749808,0.05634257880378801,0.008189475003657198,0.5191796802686482,0.047883856937972834,0.012628509042228347,0.013079527222307931,0.011626246419829272,0.028171289401894003,0.04308550143819083
601,0.01199477916806212,0.03748368490019413,0.03331883102239478,0.02726086174559572,0.049978246533592174,0.02119176445968168,0.02726086174559572,0.01510069318297609,0.1372879120495275,0.010340326869019069,0.02726086174559572,0.01934641801300342,0.017639381129503116,0.03156520833700559,0.425247131943791,0.010922172075861967,0.013118801029707285,0.017639381129503116,0.028558998019195526,0.03748368490019413
602,0.014343838583056157,0.038752419204597884,0.031001935363678304,0.06580358337672108,0.022964396565687634,0.44062815641512054,0.018789051735562612,0.06889318969706294,0.02952565272731268,0.008732939539064313,0.038752419204597884,0.036472865133739193,0.015500967681839152,0.038752419204597884,0.00674231109570738,0.011072119772742252,0.015122895299355272,0.042451984899794064,0.01694443529516463,0.038752419204597884
603,0.01403337289557045,0.14288279800502732,0.021355132667172424,0.01534900160453018,0.03274453675633105,0.007071056619089721,0.013643556981804602,0.03903682678657789,0.023388954825950752,0.012925475035393836,0.025850950070787672,0.045405090550785655,0.00963074610480325,0.025850950070787672,0.12838820966579653,0.34733667339916724,0.013643556981804602,0.02232582051568026,0.021355132667172424,0.037782157795766595
604,0.010768017297051954,0.03610452858423302,0.02045923286439871,0.09652453689645567,0.04384121328085438,0.4348786252115062,0.027898953905998242,0.027898953905998242,0.018599302603998825,0.009299651301999414,0.03610452858423302,0.027898953905998242,0.012787020540249192,0.06137769859319612,0.00667389816777101,0.010229616432199355,0.015344424648299037,0.03651746539472817,0.03610452858423302,0.03068884929659806
605,0.018497056380059915,0.05152751420159547,0.040076955490129816,0.03796764204328088,0.02774558457008987,0.012226867776649775,0.02614541658538409,0.02487535168352885,0.02804954058825555,0.010812411291700281,0.030057716617597364,0.03606925994111683,0.013358985163376606,0.5109950895676381,0.008709293927912852,0.012023086647038946,0.016395118155053102,0.020038477745064908,0.03435167613439699,0.040076955490129816
606,0.007419575485191579,0.02126178004361155,0.04556095723631046,0.023624200048457278,0.07241847102583183,0.008237441708914047,0.03752078831225567,0.08314174232580285,0.05315445010902887,0.01287439484903677,0.02899333642310666,0.0335712316478077,0.009966459395442911,0.0335712316478077,0.009244252192874588,0.009112191447262092,0.013288612527257217,0.4512442804031446,0.02126178004361155,0.024532823127244096
607,0.0016179808836262997,0.01557201890783945,0.01881550765050272,0.02156125694931616,0.01174830348258503,0.005397184239079793,0.01557201890783945,0.34362593177232115,0.028029634034111003,0.0076793517901674,0.01933078209249035,0.018686422689407338,0.00789567155890451,0.018083634860716784,0.005900975586128634,0.0060278782869055934,0.00904181743035839,0.3986975721541816,0.01557201890783945,0.0311440378156789
608,0.048096934461734075,0.018129543811403193,0.030593605181742894,0.032633178860525754,0.044499789355262394,0.01041484431718907,0.09789953658157727,0.150740888219636,0.024474884145394317,0.016316589430262877,0.032633178860525754,0.03231206895989194,0.011938967875802103,0.02224989467763119,0.008741030051926542,0.010106757860382318,0.34667066741546293,0.015790247835738264,0.021282507952516797,0.024474884145394317
609,0.015753652178710224,0.013328268608950464,0.07971684303146628,0.03233644394577362,0.04174500316484038,0.005437101194422112,0.02992301329868086,0.04388517392640704,0.03071962174848493,0.010413431101181333,0.04095949566464657,0.04949398224437454,0.018617952574839353,0.04726095653613067,0.011815239134032667,0.013072179467440397,0.023630478268065334,0.020479747832323286,0.034132913053872144,0.4372785030253578
610,0.3251236163100336,0.05079632129948514,0.019021639434730744,0.020780313258880287,0.15238896389845547,0.007916045433592315,0.045716689169536626,0.045716689169536626,0.03265477797824046,0.0198768213780594,0.02285834458476831,0.028572930730960396,0.016327388989120225,0.03809724097461386,0.009143337833907328,0.05350117523912536,0.015755069035722876,0.005951995841069866,0.03265477797824046,0.057145861461920786
611,0.015738172389769104,0.024849745878582796,0.0786908619488455,0.024849745878582796,0.033926491511811756,0.010264025471588547,0.03208154077679301,0.02187358344795188,0.03631885936100563,0.33357323314384973,0.1800855828587628,0.020528050943177095,0.05136657400706555,0.03147634477953821,0.010766077618128846,0.014307429445244643,0.010492114926512738,0.023695471428784576,0.018885806867722926,0.026230287316281842
612,0.01078406558917506,0.024135765842439417,0.047505686123634525,0.013338186386611259,0.04223759022426898,0.009386131160948661,0.0417094012224285,0.04325656767579988,0.02050590699511857,0.015359123717915995,0.03898854482240213,0.35816781905037043,0.009563227975306185,0.06335638533640348,0.009386131160948661,0.18344644400182397,0.01031191952742902,0.018772262321897323,0.01747762354107682,0.022311217324000942
613,0.0032927190387836386,0.06275875711777111,0.048812366647155304,0.03660927498536648,0.06275875711777111,0.014643709994146591,0.03660927498536648,0.031083989012532783,0.027953053853416742,0.0162707888823851,0.031379378558885555,0.03379317690956906,0.05170677474319243,0.043931129982439775,0.014302341913246771,0.0885601735764077,0.3123676101604593,0.019100491296712947,0.03660927498536648,0.027456956239024864
614,0.03428107678311017,0.027190125486106165,0.04856485877607274,0.04482910040868252,0.4111904010264326,0.012141214694018182,0.04856485877607274,0.058277830531287274,0.03885188702085819,0.0052938724130600955,0.03885188702085819,0.06475314503476365,0.017659948645844633,0.04482910040868252,0.013875673936020782,0.007677762289476025,0.02428242938803637,0.0075685494196477,0.02533818718751621,0.025978090753453174
615,0.005034840313031851,0.06002211871063259,0.021184277191987975,0.04801769496850607,0.02770251632798427,0.011081006531193708,0.03131588802293875,0.015486483535061065,0.06547867495705371,0.010750230216829717,0.020579012129359742,0.016107203150474012,0.024758364511253943,0.030011059355316293,0.008677896681055314,0.027272633234662016,0.5088315199258048,0.01636966873926343,0.028810616981103643,0.02250829451648722
616,0.024024341799649476,0.033916717834799257,0.005127613374395933,0.033916717834799257,0.04118458594225624,0.008736124290781626,0.11615740150547892,0.0359380567791355,0.03994505507853157,0.014063029346136274,0.032032455732865964,0.4107758342340421,0.033916717834799257,0.033916717834799257,0.009009128174868552,0.02852415497921165,0.027831162041940024,0.012012170899824735,0.033916717834799257,0.025055296646885168
617,0.018064368915292818,0.03612873783058563,0.020644993046048932,0.014451495132234253,0.02408582522039042,0.008028608406796808,0.04817165044078084,0.16372780217254684,0.026275445694971367,0.20574250129648547,0.08689463581316222,0.019268660176312336,0.013137722847485687,0.019268660176312336,0.007049509820602073,0.13277352426776004,0.012042912610195213,0.031926220781583255,0.01597342446889162,0.09634330088156168
618,0.09186271152158694,0.10868455267336108,0.019691471630963128,0.0059366325747289405,0.017230037677092743,0.06222760885039461,0.019691471630963128,0.05448642030574335,0.01837870685556559,0.00468252057282793,0.08318653002731473,0.025061872984862163,0.004241240043592057,0.01198611316667321,0.004375882584658473,0.20064840493543581,0.040234185364657706,0.19666762513826144,0.01621650604902846,0.01450950541228862
619,0.0830015679805333,0.22042420481889474,0.02470917534096509,0.026496335004282882,0.03353388081988119,0.005857052623527905,0.012354587670482545,0.04487207026670356,0.022355920546587457,0.025843393227673685,0.006584345517205482,0.02470917534096509,0.010205963727789927,0.031298288765222435,0.006612314527863897,0.009389486629566733,0.01759689030066806,0.335240920980179,0.031298288765222435,0.027616137145784505
620,0.012884712245152379,0.03350025183739618,0.035893126968638764,0.01932706836772857,0.03350025183739618,0.011166750612465394,0.0409906511085191,0.035893126968638764,0.020924985305121397,0.009403570393781258,0.03350025183739618,0.09848868696456474,0.009673959640589348,0.35866007757022483,0.1524201346213561,0.011964375656212922,0.011420540399112335,0.015703243048779465,0.02512518887804713,0.029559045738878985
621,0.006360502233974507,0.030389066228989316,0.024863781460082165,0.015194533114494656,0.06946478225937512,0.008287927153360722,0.05394567455959357,0.2867014725939892,0.016088329180053165,0.19516520942194185,0.08715085659407276,0.027350159606090378,0.032567596286824624,0.010129688742996438,0.0035914015293532693,0.00441131606549845,0.011620114212543036,0.06751624343364138,0.010129688742996438,0.03907165658012912
622,0.020843063546272567,0.028287014812798487,0.044002023042130974,0.0304629390291676,0.026401213825278585,0.009000413804072245,0.022001011521065487,0.2824326628340105,0.03600165521628898,0.009209725753004157,0.06642959961042229,0.028869576067858095,0.009000413804072245,0.026401213825278585,0.006947687848757524,0.01392844192684108,0.007807595824095601,0.2506485801217894,0.05657402962559697,0.024751137961198672
623,0.0137446422572422,0.068723211286211,0.039270406449263426,0.04581547419080733,0.061087298921076456,0.025642173735833333,0.018958127251368556,0.0343616056431055,0.04229120694536062,0.007964692863805337,0.0549785690289688,0.03234033472292282,0.008590401410776376,0.005788162480405094,0.39243459001933234,0.014097068981786871,0.012785713727667165,0.02199142761158752,0.007503944090864642,0.09163094838161466
624,0.0310648901168644,0.09692245716461693,0.005999723981640569,0.00559859288469472,0.05648161839429892,0.001822797683388978,0.08829590157648533,0.06414758216051496,0.00256872049147662,0.11680398683941012,0.021301638937278447,0.05683077031318019,0.002305302952521355,0.10562062639733896,0.0020097512919416936,0.051177785921877786,0.10901956847656818,0.16873140316107393,0.00979753754821576,0.0034993437066120586
625,0.2432771205795845,0.024345396843329634,0.03787061731184609,0.03787061731184609,0.030985050527874078,0.017938713463506045,0.013633422232264594,0.03860132436789129,0.017041777790330743,0.10802117517058789,0.24047482622077165,0.015492525263937039,0.012172698421664817,0.028402962983884575,0.005164175087979013,0.005087097847859923,0.0031883231333773585,0.08545168418762776,0.017041777790330743,0.017938713463506045
626,0.014686293041050836,0.026435327473891504,0.2911589714744598,0.3753658361923894,0.029372586082101672,0.00482617792278314,0.017055049983155806,0.027826660498833162,0.026012638826859176,0.009115630163410864,0.029372586082101672,0.016522079671182188,0.013913330249416583,0.018882376767065362,0.0077750963158504435,0.009975595273166606,0.011014719780788126,0.03103605299065648,0.02202943956157625,0.017623551649261004
627,0.2977854819325858,0.06221953583856021,0.02817404492735864,0.018996786151784312,0.019901395016154993,0.15889998142846593,0.017413720639135617,0.021996278702066045,0.024584076196426753,0.005886328103369787,0.023218294185514157,0.019901395016154993,0.008037101833447207,0.019901395016154993,0.006237750676705295,0.19925033741503514,0.0042267310837333085,0.0053236303735615465,0.023218294185514157,0.03482744127827123
628,0.01390136181505561,0.03761672155178803,0.042042218204939565,0.5132194908517211,0.02464543825806802,0.018149798457172083,0.028588708379358906,0.05955980912366439,0.013525616807873602,0.011911961824732876,0.05105126496314089,0.03970653941577625,0.015537341510521142,0.028588708379358906,0.014014072734979855,0.013235513138592085,0.014294354189679453,0.012550519490632498,0.022334928421374144,0.025525632481570446
629,0.09225077625017174,0.020396300603699104,0.17124897048538656,0.12219418676560832,0.03626008996213174,0.00289173998702496,0.038393036430492425,0.008145802632646009,0.0039066008075304,0.048562620484997876,0.11350984683797763,0.06043348327021957,0.0025531620191875555,0.017603948284000977,0.03509040964077266,0.06837616964287702,0.11965829687503476,0.014209004009926024,0.01315860425273586,0.011156950757578997
630,0.11380582007083354,0.3277883753168278,0.00857905613460365,0.006151991325206337,0.009722930285884137,0.0024793065318013292,0.006629270649466456,0.006944950204202953,0.006629270649466456,0.21953691020527993,0.008181550601548742,0.010888471982842726,0.0024719314286146105,0.005401627936602297,0.002278811785754094,0.004407238659722053,0.14023032099115632,0.10446739002986832,0.004289528067301824,0.009115247143016376
631,0.0076668481415957095,0.03322300861358141,0.02847686452592692,0.015947044134519073,0.08997787383279256,0.005177611731986714,0.016611504306790707,0.0919515958287082,0.03624328212390699,0.28708169567966996,0.025371572347583235,0.02098295280857773,0.008482470284318658,0.019933805168148848,0.0067572220908979136,0.006404607730419199,0.013714363431126073,0.23948346516043614,0.02657840689086513,0.019933805168148848
632,0.08944250999772708,0.045509617955471246,0.1029107015557475,0.04227563818793308,0.01991531999418914,0.041229442342169687,0.031285891207087656,0.06579168212366053,0.022495837200434153,0.046561280541969965,0.04173431028194046,0.10455542996949296,0.0011854357139398297,0.06494126085061673,0.030953910188336726,0.07977443520399623,0.06024384298242213,0.07671600171654268,0.016003382138187697,0.016474069848134393
633,0.03004591071195495,0.03483583850661443,0.020619742645459273,0.0682861607089885,0.06373374999505595,0.0884913808639769,0.04068717075577232,0.06982308724184408,0.018151157291587564,0.06433519341322202,0.055553754696897904,0.009526165692318185,0.03048135869328763,0.13498887421313088,0.009504114195362736,0.06967167701322886,0.055001314897335014,0.05384075448539409,0.036898486839242906,0.04552410713932567
634,0.06626991760258526,0.08342909269611176,0.04066563125613185,0.048970350036551466,0.019579748382582002,0.03934776357653498,0.06053734872194752,0.02360865814592099,0.07550266514349621,0.016432828175371426,0.031064023876211832,0.08662424943766497,0.05556235799943364,0.05521934177924139,0.07702760345401838,0.07114270566159883,0.06466142445689142,0.03690029502871224,0.01846090561786303,0.028993088951131042
635,0.012989630187624735,0.032895680619677195,0.5138289741270313,0.027383909075586015,0.03618524868164491,0.0047220694218290185,0.023345321730093495,0.025846606201174935,0.034462141601566576,0.010338642480469973,0.026803887912329565,0.05499846295971713,0.01476948925781425,0.03808973545436306,0.010642720200483794,0.009779796940985111,0.016830348224020894,0.03753580496881469,0.019559593881970223,0.04899193607280323
636,0.021545160513284756,0.020411204696796095,0.0117744533577863,0.014577894633449705,0.007167631230742712,0.006377828902134246,0.010556406458704959,0.16756207043126853,0.008503771869512329,0.21468123645975595,0.27146902246738797,0.008746736780069823,0.006122715746048875,0.07932536370800297,0.004783371676600685,0.017128493363183322,0.041551380989906316,0.06584841476518952,0.010933420975087278,0.010933420975087278
637,0.04083086940856516,0.056627843730580794,0.019961758377520754,0.049904395943801874,0.04515159633010646,0.05562618946062031,0.05141665036634131,0.06653919459173582,0.16265136455757648,0.04240241736923708,0.04713192950247954,0.053520656519439685,0.031190247464876166,0.0274835803748474,0.04494786399586404,0.05876188613296151,0.04145064581124526,0.021697563453826892,0.03695765032655484,0.045745696281818383
638,0.08616558514904182,0.02888982581995165,0.0525017026920275,0.030790472255474783,0.02179182926620673,0.0365636858033763,0.02250072972515465,0.07312737160675262,0.10875352700491416,0.054360644024727706,0.07193522134499247,0.04431961915560764,0.0016810890024540831,0.06869540969119185,0.05747554821021959,0.07031566427616184,0.02591856208846927,0.05083151504619878,0.018223310352358666,0.07515868748471796
639,0.01216928551456447,0.029019065457807577,0.04715598136893731,0.022191050055970503,0.02379426980132034,0.005894497671117164,0.013972142627833282,0.045594749298595375,0.019855150050078877,0.2659269138432723,0.14733412110788358,0.014509532728903792,0.010195887863554015,0.03772478509514986,0.006736568766991046,0.029756304777680275,0.011095525027985251,0.21388863546581477,0.028095619438480324,0.015089914038059945
640,0.032817789937792746,0.07400746506379792,0.0398501734958912,0.025168530628983915,0.013935229388055869,0.02755008433080192,0.09464416205274158,0.02898194436064815,0.14216454556239633,0.027214752631340326,0.040253700815883475,0.045048022212746563,0.036934307142533304,0.1935579855514715,0.08866331940872853,0.021676370469907308,0.023185555488518517,0.024523183689779196,0.00843711391201276,0.011385763855968914
641,0.061534970634544474,0.03218112653455232,0.05618926855239293,0.06519728314140451,0.06501237683747943,0.05058280051501447,0.09458252243130073,0.005297304779350177,0.07923068520320964,0.010216230645889626,0.017704042476639675,0.0664209830878658,0.002306890791007335,0.10763582915517896,0.07197040437119577,0.07151361452122738,0.04935125327990818,0.008315536572235742,0.015891914338050532,0.06886496213155228
642,0.026797828148069434,0.0065711933485735055,0.05077740314806799,0.0893682295405997,0.006512970987653931,0.060264760052049116,0.08256847294511928,0.009255274561402953,0.11656725592252132,0.02217385552293768,0.010990638541666008,0.008373819841269337,0.12415669638329337,0.08063475980431636,0.10722409826824221,0.09652693073571404,0.037045179247945224,0.03457699357225583,0.024284844983858602,0.005328794444444125
643,0.05852342248171144,0.10132892053903796,0.0036031038968943768,0.07289275297686319,0.061883019329198166,0.030718337117857306,0.015509528653934379,0.00931236164895678,0.00506463191132901,0.04378263662635246,0.11112121117936517,0.027141675144385164,0.09305717192360627,0.07336356759100983,0.013441591500076462,0.043426680231016264,0.1152477283053893,0.033530904479933996,0.008882730047253328,0.07816802441582928
644,0.04439339291004644,0.04328355808729529,0.016647522341267415,0.04231497948946242,0.015537687518516256,0.02048925826617528,0.03917064080298216,0.06286539561111333,0.07414813286947088,0.07990810723808359,0.03828930138491505,0.11078025132642745,0.0020125884767612677,0.05114766728434585,0.09581083784709227,0.08421687772641163,0.06036888290617119,0.06259468400316548,0.019025739818591333,0.03699449409170537
645,0.11688307733960922,0.11037254820886118,0.016482022466000782,0.008432662657023656,0.030217041187668103,0.0030543851514081666,0.0106648380662358,0.03438529386506829,0.013946326702000661,0.24377723783052818,0.049017753360674585,0.045325561781502155,0.004422006027463624,0.012950160509000615,0.004167867750023187,0.005755626892889163,0.017633484033368358,0.2463865649699078,0.010360128407200492,0.015765412793565966
646,0.05297896130255426,0.04020380016624197,0.06081998690332489,0.040065166372565277,0.037269922207037454,0.047763963048077826,0.13093191625021333,0.04513661917814362,0.013197937158021502,0.042716537676632096,0.059431704593575094,0.014684736050316873,0.015285573075880016,0.0387184380911345,0.030755105485200433,0.09425643764923988,0.05234758012529205,0.02828129391004608,0.06284731980010239,0.0923070009564004
647,0.04343291672888451,0.049570176701444264,0.10815311280315111,0.0906426088254981,0.009852457481032402,0.023867057806641858,0.06879126562649408,0.0049563160832300016,0.07157654131684224,0.030214202941832694,0.0802564765642431,0.04532130441274905,0.0016189624092658875,0.011130366563702978,0.0630148716371887,0.03726280431967928,0.06174657827720006,0.043163147059761,0.03776775367729087,0.11766107876386772
648,0.013578134830570797,0.025905135920254223,0.02444064269502744,0.030550803368784296,0.04438490323952694,0.03410059639134387,0.027156269661141597,0.03491520385003919,0.04443753217277715,0.018819543243838954,0.02444064269502744,0.0174576019250196,0.012220321347513718,0.025726992310555193,0.21820568779695212,0.0087288009625098,0.013578134830570797,0.01110938304319429,0.34696686714865976,0.0232768025666928
649,0.013966820740981885,0.040038219457481414,0.042898092275872934,0.024022931674488844,0.14066199809840965,0.010179208336647812,0.021449046137936467,0.0282620788068055,0.03160912062432743,0.42594983312746715,0.023098972763931584,0.01876791537069441,0.020439539137064686,0.025023887160925882,0.008703960751626393,0.041624841313038834,0.01668259144061725,0.022217654285602687,0.01580456031216371,0.028598728183915293
650,0.03476265415787132,0.06959888007057413,0.014211909713787114,0.060490260604973374,0.04688296652709083,0.06053904397561266,0.06224486865808903,0.044510911673041595,0.07907308300141752,0.04046243742065295,0.05917928029256665,0.053074321741216596,0.0005172264422879966,0.05400555897693174,0.057118484847467704,0.07973629344682664,0.0622288473875533,0.03237157212584843,0.07110184591927422,0.017889553016916238
651,0.059903080857917124,0.031745069170462506,0.03425829787625979,0.02784868085424989,0.088265496881187,0.030661173334679794,0.04502519149451286,0.0863144161551615,0.08408854933263767,0.06399591314616776,0.06851659575251957,0.05801236350530407,0.0007191522919329971,0.05924670338600223,0.07203523651389708,0.04555855545339843,0.05326397076449835,0.043850621281612524,0.018842063831942882,0.02784886811565608
652,0.1048794221009144,0.01553769216309843,0.08306713288715858,0.056809686971328634,0.06991961473394294,0.0014261287171010305,0.15588081898351222,0.010249302652443436,0.004630661738064816,0.008225837027522697,0.033439815742320536,0.07822905029115133,0.0022877481503495696,0.0631532004048517,0.029965549171689834,0.05716683768298137,0.006921066066487721,0.03390041926494204,0.11331799629294201,0.07099201895719676
653,0.27487057224407163,0.02269662473642937,0.009321828016747778,0.061686430665719605,0.02269662473642937,0.36729210105524907,0.014914924826796442,0.029001242718770862,0.02007778342068752,0.009158287174348695,0.02747486152304608,0.013050559223446887,0.0121400550915785,0.024858208044660737,0.020876513920406875,0.0051685383063156,0.008847836761658907,0.02124868201459812,0.01373743076152304,0.020880894757515023
654,0.0182195338027069,0.09813969146327274,0.010700361122224684,0.019260650020004436,0.05617689589167961,0.028166360689970662,0.11046549276179017,0.04173140837667628,0.04151002159483717,0.061005850369716785,0.015047382828128467,0.1216462106526596,0.03703971157693162,0.08889530778463588,0.05429282759719869,0.032450008185877045,0.08392140365859076,0.01952092907432882,0.052179627538767516,0.009630325010002222
655,0.012718282402236717,0.09675782149112754,0.24376799607087832,0.07602620415710962,0.016288027126830806,0.0016498858302171399,0.00986410615727539,0.04081970594156942,0.034204856966344684,0.03544036484849438,0.021770509835503694,0.13719786169509338,0.01707490967490486,0.06320470597404296,0.008063151790927293,0.04887257310011033,0.03809839221213146,0.05004353157179649,0.011401618988781564,0.036735494164624044
656,0.008217766762031512,0.02444785611704375,0.02222532374276704,0.023283672492422615,0.02222532374276704,0.004311826925429382,0.01577281039809274,0.01741695104587447,0.020605492129977327,0.008149285372347916,0.021731427659594443,0.013396085543585614,0.007886405199046369,0.02876218366711029,0.698169400331257,0.006268681055652243,0.008404014753811046,0.010987800502042134,0.01995743356493367,0.017780258994213635
657,0.008642523871474692,0.20086047669784668,0.016020288152001873,0.024327104230817655,0.00755658663683643,0.00505255241716982,0.046417135999493216,0.014927995778001744,0.02736799225966986,0.47751785939935437,0.06963163192192016,0.012631381042924552,0.016897361901081206,0.02118812303974441,0.004682058641824647,0.005812670922407758,0.006377007905165792,0.010262997097376197,0.012879055181021112,0.010947196903867943
658,0.039425602781315044,0.04861143753931018,0.024088703423497455,0.052425980725338654,0.009959153870179824,0.07244866820683833,0.14202509810309608,0.002808154861755623,0.0955158217845114,0.0046436054792284255,0.03453577551755907,0.07231514976313629,0.001020681633621955,0.06606989417827223,0.12624190240005048,0.08703015430424887,0.0979358469165002,0.004282436164177324,0.004989999097707336,0.013625933249655126
659,0.009111800715124137,0.016536230927447503,0.016235572183312095,0.019843477112937005,0.017508950393767944,0.008170628408424047,0.016380538684196283,0.016848235284569156,0.03390201041107291,0.0460588281648919,0.02177942609956501,0.03494514919295207,0.0046028684024853874,0.03007728970656731,0.6386161867432977,0.006033489662717332,0.004826791730173865,0.010889713049782505,0.024133958650869328,0.023498854475846452
