site,A,C,D,E,F,G,H,I,K,L,M,N,P,Q,R,S,T,V,W,Y
564,0.07812809386987704,0.05106061337752871,0.06624033372545153,0.08310836557735968,0.013152129461221978,0.02440141994499334,0.058194873836778155,0.03320871955200258,0.091421095695487,0.045829585732763675,0.05329141687460519,0.07165613286181637,0.006405297515860195,0.0907630834594849,0.09051210910269392,0.055321114302393906,0.032108964736656774,0.02351091920938464,0.017834336900747053,0.013851394262893278
565,0.005168284192229471,0.007442329236810438,0.010817339006991914,0.010571490393196645,0.009120501515699065,0.0026205384636656466,0.008534781234874354,0.010111860376101138,0.011775837400016514,0.7408436034495356,0.12675976618221604,0.009590630459807264,0.0031034554114370123,0.009005105199660298,0.0019932624391581525,0.0027769885211979236,0.006505532549659473,0.0033343768982125616,0.006243564795981911,0.013680752273548598
566,0.6311731108908754,0.05734900590583144,0.01274422353462921,0.028239487855868783,0.05734900590583144,0.004014430413408199,0.016057721653632798,0.021699623856260543,0.016057721653632798,0.006527529127493008,0.011807148274730003,0.017454045275687825,0.006176046789858769,0.011151195592800558,0.003935716091576667,0.041703480098236434,0.004245628352345085,0.004707851388806317,0.01672679338920083,0.030880233949293855
567,0.024673217889149033,0.03540155666924801,0.005744989459483228,0.0672584131841939,0.007693616020958761,0.000880083491665516,0.05953898167100802,0.060829300159234205,0.051704905135349075,0.08520776426050937,0.14644887110430319,0.01426342210630319,0.0015327703020642806,0.047544740354343966,0.08714477517761575,0.03239515308255615,0.04424499344915442,0.0073968385455389675,0.017584729490537212,0.20251087844678387
568,0.40849303517348123,0.0124462812541176,0.008413160189617762,0.013403687504434339,0.014520661463137201,0.011348509099209148,0.021780992194705803,0.013068595316823478,0.016335744146029348,0.005445248048676451,0.018025648712859974,0.013403687504434339,0.009012824356429987,0.02272799185534518,0.00580826458525488,0.2732385429901178,0.09298338127861262,0.0040659033817837436,0.01274984908958388,0.02272799185534518
569,0.01671272650344057,0.00954360044890539,0.009226847056051209,0.005728676412139079,0.00955637730805304,0.0010169223477108445,0.00955637730805304,0.4533799324368882,0.013378928231274253,0.06323353879806817,0.14307949289903793,0.01486547581252695,0.002908462658972664,0.010703142585019403,0.0018327298946951035,0.003475046293837468,0.005804295009860589,0.20879594884097055,0.004459642743758084,0.012741836410737386
570,0.006979116795687563,0.012213454392453235,0.017998774894141607,0.011212351573399691,0.018650402995139627,0.0033041229274269625,0.02279844819924604,0.5165816432327671,0.013679068919547621,0.004885381756981293,0.10133755120640695,0.02031871522343299,0.013152950884180408,0.02279844819924604,0.003599754978828322,0.006070884338155236,0.16911108158084917,0.003861712454874139,0.00786153386180898,0.023584601585426936
571,0.0047843760087287615,0.002790949713744275,0.004943968064347003,0.04982254002176288,0.004436894416721668,0.02811886731466726,0.27126299323908654,0.007978896580620511,0.13273616788664583,0.013831196097961329,0.012456164906935933,0.10852814783568365,0.001765702880123929,0.0407137182870347,0.14895100756051172,0.010142877138504976,0.07303363840051212,0.0025357192846262432,0.03890418628467661,0.04226198807710407
572,0.00101603327555225,0.02917317256764919,0.002203990097649911,0.002096919738905708,0.12085659595980537,0.000684411303670613,0.03785129809171974,0.006570348515237884,0.0035198295617345807,0.3765186536888998,0.20404013929205075,0.006125689885996336,0.0012967793122180035,0.12436732299705947,0.0009955073507936188,0.0010902223479503411,0.0019711045545713654,0.0010950580858729807,0.001449341584243651,0.07707758178841828
573,0.200728472725586,0.013491727518603495,0.011679405911626908,0.00731327286055143,0.00931571661998813,0.004252827152603277,0.016302504084979227,0.006102467318019326,0.010696922826039982,0.004162341468505334,0.010868336056652817,0.016649365874021337,0.013645582383210293,0.007904244404838412,0.002608400653596676,0.019657000874268048,0.6193400555820577,0.004421018056943519,0.007597283457077697,0.013263054170830556
574,0.006556266415026533,0.007051524411611862,0.01477761636402806,0.013691026925496586,0.013747901472191371,0.004563675641832194,0.04268273551214976,0.022707069047165067,0.022707069047165067,0.004678340858963657,0.01577948865989437,0.019598900763553532,0.007507982507530384,0.022707069047165067,0.005967883531626715,0.01697924211623222,0.007052953264649755,0.005782545533750109,0.009403937686199673,0.7360567711937681
575,0.026248084688250333,0.010993515989559397,0.007690979534618448,0.0061371987582764,0.0062119450087302856,0.002626188133772153,0.025110994576356196,0.009788519407696207,0.006571832549929024,0.002173948777806685,0.33420288608260557,0.00566703755182412,0.0037809032586591353,0.253938781650388,0.01311090961835761,0.0026050091972094746,0.006460422809079498,0.0025236026597966785,0.2630185797314304,0.011138660015654306
576,0.025790100356369316,0.020271384743675704,0.003842348707734535,0.0434386815935908,0.020271384743675704,0.013470913632799689,0.09838073498389616,0.025339230929594628,0.028959121062393862,0.009214265792579866,0.027642797377739597,0.47721492512707153,0.013514256495783807,0.02097039801069901,0.008813645540728568,0.05664339723103072,0.022378381608257124,0.009808734553391471,0.02252376082630634,0.05151153668268145
577,0.015921985762745762,0.031151711274937356,0.026536642937909603,0.025023678883880816,0.03411854092016949,0.014622231822929783,0.021711798767380587,0.023845433659661932,0.5611486419314495,0.010091399427092387,0.01628384907553544,0.024097394793972573,0.014048810967128615,0.030575736493723717,0.06514712449573357,0.00823550987728229,0.015672400046128118,0.01351866715704829,0.021711798767380587,0.026536642937909603
578,0.12383172750906407,0.00844419266009716,0.0096505058972539,0.00985155810344669,0.011821869724136028,0.0036322554832684275,0.00750594903119748,0.25997891964977027,0.014777337155170031,0.060737426036129735,0.04556808611785017,0.013135410804595585,0.005254164321838235,0.01970311620689338,0.004461082914768313,0.003502776214558823,0.006567705402297794,0.3716010334406755,0.008153013602852434,0.011821869724136028
579,0.018847632949765276,0.06845588446889242,0.02034452552756704,0.029531241424022896,0.015354358888729842,0.014009524946028303,0.016607775940871053,0.027126034036756053,0.023250886317219475,0.0051131940565584365,0.010836512031725868,0.023934735914784754,0.01070764501450897,0.015649635021205414,0.005854539720163178,0.005535925313623684,0.01179392784206785,0.6404258746358887,0.01627562042205363,0.02034452552756704
580,0.0150385897414381,0.02105402563801334,0.020638171849764506,0.13126791229156418,0.020638171849764506,0.016762187929368177,0.017379513136643793,0.011007024986541068,0.2582750686854399,0.06725591523254262,0.06589747254533945,0.007653195315107651,0.005793171045547931,0.10888968438471987,0.13814867218529367,0.020794099395568737,0.041510671555005936,0.008466942297339285,0.00917252082211756,0.014356989112879656
581,0.05653203174611157,0.022534964221887586,0.009166091253355525,0.0051325493992937015,0.006629542974087698,0.0017978421624644603,0.014464457398009521,0.07091816779575898,0.010607268758540317,0.08094989849632869,0.10704108005396606,0.014464457398009521,0.005892927088077954,0.010973036646765844,0.0038807080823927997,0.00397772578445262,0.30629155452606405,0.2495887559816178,0.0069177839729610766,0.01223915625985421
582,0.010128839865526217,0.014133264928641233,0.015582830562348026,0.020257679731052435,0.06302723099730066,0.006906027181040603,0.058900264695232234,0.010502010220998904,0.03038651959657865,0.4769542458010392,0.019604206191341067,0.015582830562348026,0.10521537471417544,0.02095622041143355,0.0050644199327631095,0.006330524915953886,0.0813991273537683,0.007234885618233013,0.014469771236466023,0.017363725483759227
583,0.010743960838136704,0.023766943672241796,0.023067915917175864,0.01508286809969191,0.023766943672241796,0.0039983491412503265,0.04357273006577664,0.033670587842669894,0.0423484884759565,0.007541434049845957,0.02063971424168367,0.02704514279944757,0.011533957958587932,0.03734805434209426,0.6162017139396923,0.006274473129471836,0.011249814905477754,0.010055245399794608,0.009682828903505919,0.022408832605256553
584,0.0139433767373308,0.039506234089103934,0.029629675566827947,0.02633748939273596,0.033862486362089085,0.014512494155181034,0.021548854957693056,0.041830130211992396,0.028444488544154833,0.00599274441962239,0.025396864771566816,0.028444488544154833,0.5573556585937551,0.027789887876734747,0.009481496181384943,0.008892364383011876,0.014902459034826709,0.01616164121826979,0.02633748939273596,0.029629675566827947
585,0.14701572157873072,0.12190807790523937,0.005162532599569088,0.006485198927703691,0.12282238848952869,0.023772075191521677,0.10805488723418946,0.05402744361709471,0.007233491111669501,0.004901458802375605,0.006485198927703691,0.011062986406082767,0.004477875450081121,0.006965584033459519,0.005079503246051641,0.12585327823352377,0.043262072300787026,0.07239049956700379,0.004179350420075712,0.11886037595760839
586,0.05007773910225156,0.007056104558613131,0.11315766678826422,0.06591780913169189,0.02582086246881663,0.08560787133745253,0.05121137722981968,0.028919365965074637,0.06441500065347922,0.03269376850831048,0.0077462587406449904,0.04880143006606345,0.039041144052850765,0.08872987284738808,0.007352381177561348,0.10419477443298951,0.039625092788683994,0.0796943308114533,0.03174076752264289,0.028196381815947778
587,0.01188954511250417,0.05026034979376766,0.016025039064679537,0.14595000975136047,0.012028748800191833,0.22619549584925025,0.04607198731095368,0.01804312320028775,0.02062071222890028,0.0025775890286125354,0.012551737878461042,0.019398731499348912,0.006275868939230521,0.3071465820730244,0.0032783001858722708,0.04849682874837228,0.006701379972502352,0.003407670739450657,0.01675344993125588,0.026326849891973522
588,0.013098458799131844,0.015015306428273091,0.012563827827738707,0.17946990797725798,0.021228536674455064,0.48269867326266414,0.029315598264723658,0.03621338609171745,0.024625102542367872,0.006691603951730399,0.024625102542367872,0.021228536674455064,0.02798307107087258,0.029315598264723658,0.01728268811620016,0.007995163163106452,0.012071128697239152,0.005692221854009141,0.015785322142543506,0.01710076565442213
589,0.024002523635938248,0.0045459325068064865,0.0059290509837919645,0.041255982411846866,0.013197868568147862,0.10676447201699804,0.03776620851808465,0.09073658507662707,0.10148447367009787,0.03900155178736781,0.06979343436920547,0.018777968715901296,0.0022108325702275117,0.04620369864319611,0.1378445342848233,0.017173522803491173,0.09137101785224426,0.14074207041072884,0.0076728895084366595,0.003525381666038464
590,0.04786553725228968,0.40240017401840983,0.00948622970370293,0.011310504646722721,0.011310504646722721,0.0045948925127311056,0.01176292483259163,0.05687769268609333,0.010341877725996849,0.003341740009258986,0.011310504646722721,0.014003481943561467,0.05394735517742565,0.006001492261526343,0.002649307394727845,0.0037838683238821634,0.23060610724738087,0.09036285708143355,0.007540336431148483,0.010502611457671101
591,0.11001972525636877,0.17710241355467093,0.01873115273452462,0.013897306867550521,0.014360550429802204,0.006243717578174871,0.0195825687679121,0.0884939858849813,0.026926032055879134,0.019479277809604657,0.041323896496089876,0.04786850143267401,0.006527522922637365,0.023934250716337008,0.0052538599133422695,0.00463243562251684,0.007180275214901101,0.3377468501983303,0.017232660515762645,0.013463016027939567
592,0.00925144496974928,0.016565501313251466,0.022589319972615634,0.016565501313251466,0.021132657638992955,0.005231210941026778,0.01505954664841042,0.02545677482591149,0.037261438677326265,0.014364622289344334,0.38994741244917996,0.01774875140705514,0.010142143661174365,0.019878601575901756,0.004962074473280469,0.006454091420747323,0.32097569576704277,0.016986840254436947,0.012742693317885741,0.016683677083415487
593,0.0077191761159879305,0.016210269843574654,0.5104713399552495,0.014927615527511155,0.012968215874859721,0.09178917227913348,0.014095886820499694,0.017063441940604895,0.01907090569832312,0.0050264402615735355,0.015814897408365513,0.19674808994812953,0.006754279101489438,0.01752461604710773,0.0052291193043789205,0.006309015756557479,0.007628362279329249,0.008420919399259558,0.01379597433495715,0.012432262103107668
594,0.006024436879675279,0.03101169255491237,0.014597673977674714,0.02108552907886348,0.01054276453943174,0.004865891325891572,0.016501718409545334,0.2975444927414809,0.014597673977674714,0.01024942852083411,0.00909785959960648,0.010750720085702953,0.004572765342404128,0.015181580936781706,0.0042171058157726956,0.008720461216139272,0.19664582579211612,0.302706850126629,0.01054276453943174,0.01054276453943174
595,0.014598051268866263,0.03081810823427323,0.05042963165608346,0.021335613392958388,0.016555677846178684,0.011556790587852458,0.020545405489515486,0.43461162421956867,0.042671226785916776,0.0331516964483692,0.0126889770404921,0.03318303988073226,0.010876979376802315,0.02411851948769209,0.007496296597525919,0.006872466742698589,0.007272140256415803,0.06520108175205028,0.13868148705422953,0.017335185881778688
596,0.009392618278515024,0.0173863359623576,0.018571767959791072,0.02334736543516592,0.016343155804616143,0.007709035756894406,0.019456137862638268,0.02723859300769357,0.021504152374494927,0.01103072434067077,0.020952763852071978,0.019003669540251327,0.0648523089589228,0.02269882750641131,0.006334556513417109,0.6422849335402837,0.009613621061538905,0.010088367780627246,0.013619296503846787,0.018571767959791072
597,0.010584038192302336,0.022932082749988394,0.01911006895832366,0.02149882757811412,0.020234190661754463,0.05945447683497537,0.026460095480755837,0.021885410882688746,0.019066204567438537,0.006552023642853826,0.02149882757811412,0.020234190661754463,0.012285044330350924,0.04046838132350894,0.5399075802131142,0.06793644039581968,0.011146981972548473,0.008599531031245649,0.020234190661754463,0.02991141228259356
598,0.03395320414935141,0.011650704094893034,0.013315090394163467,0.013315090394163467,0.012157256446844903,0.11500278824780318,0.012212582627670072,0.013980844913871639,0.1374570088083834,0.002768484141360721,0.013980844913871639,0.009019899944433316,0.009291438605053095,0.21891658193493024,0.3158422934766617,0.03112377047023879,0.005706467311784343,0.003938266172921589,0.011650704094893034,0.01471667885670699
599,0.009199378814320315,0.03446426049411629,0.48674186475421743,0.017026568449189174,0.04135711259293955,0.1298738043469688,0.015130650948636424,0.024814267555763738,0.03446426049411629,0.008737418153437936,0.03446426049411629,0.025252308115516355,0.01033927814823489,0.03265035204705754,0.007565325474318212,0.00969307326397021,0.010883450682352516,0.023099240677026792,0.023859872649772823,0.020383251843928474
600,0.013521691078070597,0.021372995575014816,0.0301164937647936,0.018404523967373868,0.02366295938662355,0.010861686275827202,0.09572986326845016,0.025483187031748435,0.023767540028365296,0.035833449392769265,0.021372995575014816,0.05096637406349686,0.007408035898988501,0.5204852757703202,0.002783607676105192,0.011423497634921712,0.011831479693311775,0.010516870838499354,0.025483187031748435,0.03897428604855643
601,0.011239463389270336,0.0351233230914698,0.031220731636862047,0.0255442349756144,0.046831097455293055,0.03448133670538337,0.0255442349756144,0.014149796824486641,0.06552138312716232,0.009689192576957186,0.0255442349756144,0.018128166756887637,0.016528622631279903,0.02957753523492193,0.43991063160755456,0.08026073602621256,0.012292705169355678,0.016528622631279903,0.026760627117310323,0.0351233230914698
602,0.011827791912409439,0.04065803469890745,0.03252642775912595,0.0071076322945961504,0.024093650191945145,0.5099163986012435,0.019712986520682395,0.07228095057583545,0.03097755024678662,0.009162374016655197,0.04065803469890745,0.03826638559897171,0.016263213879562977,0.04065803469890745,0.007073858203091862,0.011616581342544981,0.015866550126402902,0.012897847215011317,0.01777766271950464,0.04065803469890745
603,0.016249724681034465,0.08848452154127906,0.024727841905922015,0.017773136369881447,0.037916024255747076,0.0018541830121228053,0.015798343439894617,0.04520208309317761,0.027082874468390777,0.014966851679900167,0.029933703359800334,0.01113863247479161,0.011151771839925613,0.029933703359800334,0.07226106159927873,0.44539826409677813,0.015798343439894617,0.02585183471982756,0.024727841905922015,0.04374925875663125
604,0.0108941069148493,0.03652729965567118,0.020698803138213668,0.0078101441174563725,0.044354578153315005,0.48645763618451837,0.028225640643018635,0.028225640643018635,0.018817093762012425,0.009408546881006213,0.03652729965567118,0.028225640643018635,0.012936751961383544,0.07945133410539645,0.006752047119985551,0.010349401569106834,0.015524102353660248,0.051238428135706,0.03652729965567118,0.031048204707320497
605,0.017386109882080208,0.048432734671509145,0.03766990474450711,0.035687278179006736,0.026079164823120306,0.011492513311883525,0.024575104077440107,0.023381320186245794,0.026364865024415304,0.010163010099833893,0.028252428558380335,0.0339029142700564,0.021654538114421956,0.531267172682488,0.008186207476193913,0.011300971423352135,0.015410415577298366,0.018834952372253556,0.03228848978100609,0.03766990474450711
606,0.13269150193104218,0.017745810599170075,0.03802673699822159,0.019717567332411194,0.019013368499110797,0.0068752512766218155,0.0313161363514766,0.10413355780042498,0.04436452649792519,0.016184768435090154,0.02419883263523192,0.02801970094605801,0.008318348718360971,0.02801970094605801,0.007715569825726119,0.007605347399644316,0.011091131624481297,0.41674039627704,0.017745810599170075,0.0204759353067347
607,0.009789628657345794,0.013081252327434454,0.009179570358305158,0.01811250322260155,0.009869145624887665,0.004533896940846368,0.013081252327434454,0.4119645171889124,0.023546254189382013,0.006451028545036168,0.016238795992677257,0.015697502792921345,0.0066327476589808495,0.01519113173508517,0.004957106145133057,0.005063710578361725,0.007595565867542585,0.36977063286480844,0.013081252327434454,0.02616250465486891
608,0.05300664297297097,0.019394351630058537,0.03272796837572378,0.03490983293410537,0.04760431763741642,0.011141436042799588,0.10472949880231612,0.051441273964039434,0.026182374700579023,0.017454916467052686,0.03490983293410537,0.03456632079780616,0.01277189009784343,0.023802158818708202,0.009350848107349654,0.010811855931025858,0.4093529680916559,0.016891854645534856,0.022767282348329584,0.026182374700579023
609,0.011612375505311285,0.009824570084894261,0.05368773211630261,0.023835928668796847,0.030771191766925412,0.004007811015107434,0.2768826182476401,0.032348760336224296,0.022644132235357013,0.007675977028934579,0.03019217631380934,0.01741856325796693,0.013723716506276974,0.03483712651593386,0.008709281628983465,0.009635800951215747,0.01741856325796693,0.01509608815690467,0.02516014692817445,0.3545174394772739
610,0.3271287503036286,0.04644223948415953,0.013664948238437042,0.018999097970792536,0.1393267184524786,0.0030329061671437022,0.041798015535743575,0.041798015535743575,0.029855725382673982,0.01817305023293199,0.020899007767871788,0.02612375970983973,0.01492786269133699,0.034831679613119636,0.008359603107148715,0.07756276210288815,0.04953080118802249,0.005441811713685849,0.029855725382673982,0.05224751941967948
611,0.01351956469878421,0.021346681103343493,0.06759782349392106,0.021346681103343493,0.09781659547208524,0.008817107412250572,0.0473179075546391,0.01879006782331855,0.031198995458732795,0.3172814019445682,0.14475459098542617,0.017634214824501143,0.0784617995158874,0.02703912939756842,0.01634445669505632,0.0122905133625311,0.009013043132522809,0.010673340551671746,0.016223477638541053,0.022532607831307016
612,0.007621376740220712,0.017057366990017784,0.11994228883236012,0.00942643965237825,0.029850392232531126,0.006633420496118028,0.10074789059924241,0.11085365433864001,0.043288914534383105,0.01085468808455677,0.027554208214644115,0.28033196876087213,0.0067585793734032725,0.04477558834879669,0.006633420496118028,0.1289954643203153,0.007287698965060469,0.013266840992236056,0.01235188644104736,0.015767911587058307
613,0.02540380096942516,0.058300494509303094,0.04534482906279129,0.03400862179709347,0.058300494509303094,0.013603448718837388,0.03400862179709347,0.08665410667796311,0.02596732213229105,0.015114943020930428,0.029150247254651547,0.031392573966547814,0.041084635211429577,0.04081034615651217,0.01328633077641536,0.05154596277535357,0.31876450375544396,0.01774362876370094,0.03400862179709347,0.0255064663478201
614,0.03193923117038315,0.025332684528752487,0.0452472441580428,0.04176668691511643,0.42468562350747735,0.011311811039510698,0.0452472441580428,0.05429669298965137,0.03619779532643424,0.004932231734055247,0.03619779532643424,0.06032965887739041,0.01645354333019738,0.04176668691511643,0.012927784045155087,0.03388143989739056,0.022623622079021397,0.007051518570084594,0.023607257821587548,0.024203447610155762
615,0.06432465676414724,0.05365025891638845,0.018935385499901806,0.04292020713311076,0.024761657961410048,0.009904663184564021,0.027991439434637447,0.014319698326828736,0.058527555181514666,0.009609001596965096,0.018394374485618897,0.014397286167252842,0.008149406417679259,0.026825129458194225,0.007756663939718812,0.0345699350980945,0.5044598202650824,0.014631888795378667,0.025752124279866458,0.020118847093645666
616,0.021334846417676894,0.030119783177896802,0.004553583392389104,0.030119783177896802,0.03657402243030326,0.007758125970064326,0.06281383375609245,0.07450771816226225,0.03547325551531031,0.012488690585957207,0.028446461890235863,0.40081097629594636,0.030119783177896802,0.030119783177896802,0.008000567406628837,0.10386025364495645,0.024715497837236602,0.010667423208838447,0.030119783177896802,0.01739582759661747
617,0.0180931720760123,0.0361863441520246,0.02067791094401406,0.014474537660809837,0.024124229434683064,0.008041409811561023,0.04824845886936612,0.24530785309483535,0.026317341201472437,0.22626510219278723,0.01619876750505417,0.019299383547746456,0.013158670600736218,0.019299383547746456,0.007060750078443825,0.13098427670022367,0.012062114717341532,0.006752575822476953,0.010950800303932527,0.09649691773873224
618,0.11952969691652539,0.10421434812143038,0.017565183970323143,0.005295594219345131,0.015369535974032752,0.051991190487952546,0.017565183970323143,0.05929437048288281,0.01639417170563493,0.0044463000925125794,0.052179721842079085,0.022355688689502183,0.003783270393608061,0.01069185111237061,0.0039033742156273647,0.2493700472905655,0.02605358703035759,0.1925886707262801,0.014465445622619059,0.012942767136027582
619,0.02940935792512816,0.22050599201463283,0.021695921023134567,0.049844759164038854,0.029444464245682627,0.005142792076015974,0.010847960511567284,0.05237017310347531,0.019629642830455082,0.030514981612805494,0.0713420026378542,0.021695921023134567,0.008961358683468625,0.027481499962637122,0.005805950696331786,0.008244449988791135,0.012124191159986966,0.32320869905824834,0.027481499962637122,0.024248382319973925
620,0.013231059431061183,0.03440075452075907,0.036857951272241854,0.025227545360950558,0.03440075452075907,0.011466918173586357,0.0412424544323251,0.036857951272241854,0.04287891592276804,0.009656342833042121,0.03440075452075907,0.10091018144380226,0.015677209240829115,0.40448942218888934,0.06200874465605561,0.012285983757413953,0.011727529950258775,0.01612535368160582,0.025800565890569303,0.03035360693008154
621,0.0061775567193054284,0.029514993214459273,0.024148630811830316,0.014757496607229637,0.05263348741595275,0.008049543603943436,0.03857205242248423,0.3238896588906733,0.015625584642949025,0.20806513081958902,0.06751216199239457,0.02656349389301335,0.0014690686634707222,0.009838331071486421,0.003488102956850403,0.004284434498873119,0.00885449796433778,0.10876959432108012,0.009838331071486421,0.037947848418590495
622,0.017221014970357346,0.02337137745977069,0.03635547604853218,0.025169175725906896,0.02181328562911931,0.0074363473735634,0.01817773802426609,0.2558393621267754,0.029745389494253607,0.007609285684576502,0.03279836522484814,0.055647090911058815,0.0074363473735634,0.02181328562911931,0.005740338323452449,0.0050422225919896325,0.14093462498522466,0.2206565622267815,0.04674275491954138,0.020449955277299352
623,0.012810829294533265,0.06405414647266632,0.036602369412952175,0.04270276431511087,0.056937019086814505,0.03077436616187316,0.017670109371770017,0.03202707323633316,0.03941793629087157,0.007423570490373033,0.05124331717813305,0.030143127751842972,0.00800676830908329,0.030667173747672333,0.40156608571996666,0.013139312096957192,0.011917050506542572,0.020497326871253222,0.006994125055029036,0.08540552863022176
624,0.03049274695101159,0.11088271618549671,0.001144763599394194,0.006336155210599812,0.06652962971129801,0.002062934254613892,0.09009220690071607,0.07338013577227645,0.0018749706388395233,0.10866506186178677,0.02534462084239925,0.05582579812016234,0.0021341183697318033,0.09425030875767218,0.0018605134505354187,0.0536066046038355,0.1064503854691976,0.14939987022887977,0.009070003071360164,0.010596456000192826
625,0.21850163148769836,0.03444360693402142,0.04207826049917036,0.04207826049917036,0.034427667681139376,0.019931807604870167,0.015148173779701329,0.005008478096292561,0.018935217224626662,0.14928960371167427,0.2951131634606101,0.017213833840569688,0.013525155160447616,0.03155869537437777,0.00974883273840212,0.005652303649142286,0.0035425641535507275,0.004935719275037884,0.018935217224626662,0.019931807604870167
626,0.01184841967444385,0.021327155413998933,0.2438237974120335,0.332233569231321,0.0236968393488877,0.09650982541713646,0.013759455105805762,0.022449637277893612,0.006750980202386796,0.007354191522068597,0.0236968393488877,0.013329472133749331,0.011224818638946806,0.015233682438570666,0.006272692768823215,0.008047983175093937,0.008886314755832889,0.10156359301312078,0.017772629511665777,0.014218103609332622
627,0.3107914486756779,0.029366975706891042,0.026945989124235126,0.018168750506404145,0.0190339291019472,0.13547739874644021,0.016654687964203798,0.021037500586362695,0.023512500655346543,0.005629753678040722,0.022206250618938404,0.0190339291019472,0.007686779060401755,0.0190339291019472,0.0059658583752371834,0.2548046140220422,0.00404249549920846,0.0050915829273821605,0.022206250618938404,0.0333093759284076
628,0.015450506857803784,0.03316612708887686,0.09268413131535659,0.48968317541063294,0.021729531540988292,0.038321827002949206,0.025206256587546418,0.05251303455738837,0.011925343504159313,0.010502606911477674,0.045011172477761464,0.035008689704925586,0.013699052493231749,0.025206256587546418,0.012356008131150207,0.011669563234975193,0.012603128293773209,0.011065614101555267,0.01969238795902064,0.022505586238880732
629,0.11680849143430805,0.041718551332506085,0.1897938093303557,0.11809430894529618,0.02860700662800417,0.012058636023014673,0.06170138684471488,0.009081589405715611,0.0027860940214643306,0.03916435431214857,0.07877291680175064,0.06357112584000926,0.002261517677491533,0.03178556292000463,0.027684199962584685,0.06538744372115239,0.08582101988401254,0.0034662975253159757,0.011655514183994825,0.009780173206155273
630,0.13169776084184234,0.337545680485242,0.007910291526833252,0.005672424109296219,0.008964997063744354,0.0032530867915449594,0.006112497998007513,0.006403569331245966,0.006112497998007513,0.2151622141995305,0.002669399147251587,0.019650931065241496,0.0022792365416299206,0.004980553924302417,0.0021011711868150827,0.003976974144156017,0.11894768122066632,0.10419920191396558,0.003955145763416626,0.00840468474726033
631,0.007517490897009616,0.032575793887041675,0.027922109046035717,0.01563638106578,0.01244030727525751,0.005076747099279222,0.016287896943520837,0.1579001745728152,0.03553722969495455,0.3044309834006169,0.024429517039482575,0.02057418561286842,0.008317223971159577,0.019545476332225007,0.006625585197364408,0.04141755076081491,0.01980771651849938,0.19835151924341615,0.026060635109633336,0.019545476332225007
632,0.08556869321136164,0.052314940852648206,0.10621182362842042,0.04353537705253003,0.017438313617549394,0.04220152924437553,0.031106181047520554,0.06311008737779783,0.01195292319443784,0.048224472226309455,0.03692819354304578,0.10861578196073625,0.0027679862884999046,0.06318664595381933,0.03166430630555023,0.08679524277825726,0.06510303750551776,0.07206134824071499,0.019929501277199307,0.011283614693708435
633,0.03306642585923987,0.03795001509589605,0.025672069035459093,0.08133378235324995,0.062157524725247944,0.08369797849916803,0.02727657335017529,0.06485063350964688,0.017361656815996596,0.05612852301521518,0.053635448726472454,0.012122921488966796,0.03984751585069086,0.1404150558548154,0.009573559055936594,0.0673612767952155,0.055061108809518845,0.04875276627166077,0.03215764437073298,0.051577520516695084
634,0.06168569807426724,0.07731076685418369,0.046464551796201306,0.052813538919914034,0.01366604464594156,0.04697702847042412,0.06081299420064761,0.019166627615933036,0.08191718794630545,0.013349319766278995,0.031004838790479914,0.07602225407328062,0.05351539481059055,0.05543698530629437,0.06993920141560127,0.06985760469013655,0.06042249254137658,0.04646455179620131,0.019327691713545918,0.04384522657239585
635,0.010157935747110618,0.02572453605419043,0.442346102846683,0.021414311637565315,0.028296989659609476,0.10825170956350667,0.01825612236103837,0.020212135471149625,0.026949513961532834,0.008084854188459849,0.0209607330811922,0.13681163133433014,0.011549791697799783,0.02978630490485208,0.008322644017532198,0.007647835043137695,0.013161390539353243,0.01963012325872989,0.01529567008627539,0.027139664545951278
636,0.0075891248876002165,0.053922729464527856,0.010085594106228848,0.012486926036283338,0.006139547807422939,0.005463030140873959,0.00904225678489483,0.19744806243246227,0.007284040187831946,0.2042051836909023,0.2504411212908073,0.00749215562177,0.005244508935239,0.10866246998154859,0.004097272605655469,0.003631053290932698,0.024393615710143552,0.06364091797044971,0.009365194527212503,0.009365194527212503
637,0.03446570309413201,0.05335958747706495,0.036395782467403395,0.06174284525720221,0.038995481215075074,0.06000348420144067,0.06755277806449873,0.07232495233907088,0.14322414396894856,0.04807165055000757,0.04675847053103909,0.04747275974009139,0.031751528975469116,0.030329818722836164,0.034839004913033475,0.058296274947788995,0.03679355058180125,0.025055067640603786,0.03718232680251726,0.03538478850997553
638,0.08088139332549785,0.03345743062045606,0.048641956825124566,0.033281338880348385,0.019453646291400967,0.03735007399072065,0.026058191156316732,0.06452504476802239,0.11465604108779363,0.05554897734060606,0.07033877311583475,0.05201109669179987,0.0015575010806074372,0.05953901858140247,0.06133275307949918,0.06954157875495007,0.02286963612031174,0.04329727618714658,0.026615092261333226,0.07904317984082743
639,0.011241322942401023,0.02680623163187936,0.043560126401803956,0.020498883012613624,0.04659354106984023,0.0054450158002254945,0.012906704119053024,0.09469155841626693,0.01834110585339114,0.2718575405511253,0.0737883981261061,0.01340311581593968,0.009418405708498154,0.03484810112144317,0.006222875200257708,0.04486773734868846,0.010249441506306814,0.21536745241449318,0.025953202511089266,0.013939240448577266
640,0.04194859871835592,0.08042776446000573,0.01876647837400133,0.029019725168961702,0.013116330601567949,0.04566203635545069,0.056299435122004,0.02047252186254691,0.11294087132459421,0.014647007511415676,0.03841925812441966,0.03916482443269844,0.04394102253424702,0.2573688462720183,0.09216712924654046,0.026264276197853802,0.021837356653383367,0.028871505190771283,0.00794130992116281,0.010723701928000762
641,0.053558884920239365,0.02878790064462866,0.03655606431063956,0.0743321745285957,0.058157375039653854,0.05071039408945426,0.08667324925264543,0.00473874907730513,0.07811864881233797,0.016450228939787804,0.013148053945374879,0.06786927351340043,0.0030954731875944795,0.12466897194478804,0.08436244203431151,0.06397311254361923,0.05550567952604413,0.016365214836739805,0.011846872693262822,0.07108123615957694
642,0.040970421918706784,0.005875267762564283,0.03177985744296135,0.0732450047733014,0.005830433182717934,0.060453413030595655,0.09336566813988025,0.008285352417546537,0.10422214117940123,0.008591986757614252,0.012484943995449105,0.0074962712349230555,0.12280609184716333,0.08317815445778136,0.11222421568943014,0.10690259876330797,0.06881878677858044,0.035671268558426006,0.01302776764742515,0.004770354422223764
643,0.0523221379162135,0.09256089448079215,0.003078687827009273,0.06825554557528073,0.07775115136386541,0.03603363622618085,0.013222984925827453,0.015146328187765989,0.0019260314878951944,0.02913392088575753,0.11433992847627267,0.02314022362019804,0.08925514824933532,0.08046852052935931,0.017630646567769935,0.04113817532479652,0.1523694724529963,0.032146130757878796,0.010097552125177326,0.04998288301962777
644,0.04313179942043497,0.041804667130575436,0.00895814295655188,0.03054422180524537,0.013934889043525146,0.018994562853125094,0.04918196133008875,0.06157785999507538,0.07313726431721312,0.08446249073320343,0.03135350034793158,0.12569669299899583,0.0018068116965485185,0.06368129903965175,0.10088393001107032,0.07552944061406487,0.05707297868021367,0.0585265339828056,0.01990698434789306,0.03981396869578612
645,0.16636678846393782,0.10178951184740628,0.015102667690998236,0.007726946260510725,0.02768822410016343,0.0027987684179652593,0.009772314388292975,0.021140898614461306,0.012779180353921584,0.2541699997073334,0.023767758888102224,0.041532336150245146,0.004051935234170259,0.011866381757212897,0.003819065393125992,0.0052739474476501775,0.006389590176960793,0.2600245497364686,0.009493105405770322,0.014446029965302658
646,0.057670492336197844,0.04114985434630683,0.07333965976236942,0.05465215030368875,0.039654583476164865,0.04955128294201113,0.11659125398120267,0.048125124462833735,0.02273529452633452,0.041672264606562676,0.053226442034896876,0.011733998997055713,0.011214597781586436,0.039037250216920547,0.03177570050097596,0.08125850264922882,0.05361927398105352,0.019237556906898445,0.06266779901489643,0.09108691717281457
647,0.041956597261844246,0.04090768233029814,0.07781041674014752,0.10573062509984753,0.004378079714279399,0.05251172159196336,0.0503479167142131,0.00779252845455694,0.0641556355212583,0.029369618083290968,0.07132621534513522,0.0503479167142131,0.0014378581519490688,0.012586979178553271,0.061648892463339225,0.035068340218109076,0.06651841271141459,0.05993799608834892,0.03836031749654331,0.1278062501206948
648,0.01537229579310602,0.029328137987713825,0.02767013242759084,0.03458766553448855,0.05040657040084008,0.033020264125186605,0.03074459158621204,0.03952876061084406,0.0503093316865288,0.011045072662164061,0.02767013242759084,0.01976438030542203,0.01383506621379542,0.029126455186937728,0.09031611651286288,0.009882190152711013,0.01537229579310602,0.0125773329216322,0.43309070059737115,0.026352507073896036
649,0.01162215023288368,0.03331683066759988,0.03569660428671415,0.01999009840055993,0.1160055652905388,0.008470380678203361,0.017848302143357076,0.023566544763261622,0.026302761053368328,0.3902561327622619,0.06539742340091842,0.015617264375437444,0.01704366183771599,0.020823019167249924,0.007242789275565192,0.09332960694858942,0.013882012778166617,0.046639735219781285,0.013151380526684164,0.023797736191142775
650,0.044656141396104305,0.06624849788724747,0.016525401357683683,0.05492999824893826,0.054514829766151914,0.06804745355596847,0.056296176621391046,0.03575913238232108,0.0752925441007742,0.04121449612535683,0.04940406447557517,0.07038027523962337,0.0004818019153812059,0.05543883929241225,0.061055427218731896,0.07227108860426996,0.06051826594289595,0.029428568276359927,0.0661409516244435,0.0213960459683694
651,0.06951609123050792,0.028080775399670525,0.03618401671741823,0.03380931484163661,0.08477188500733883,0.03587560159640752,0.040402514561320844,0.0793445350057341,0.10548945312601553,0.06753149227388755,0.056714759745169624,0.057499744127826206,0.0006545461350152233,0.05504667857619404,0.06631920132194978,0.04579011433076802,0.04773480331559919,0.04367036500378062,0.015596558929921647,0.029967548753838204
652,0.08725277366249352,0.01949545883897852,0.048400081799577506,0.053460203535011415,0.10692040707002283,0.001349384684582439,0.1416025002363824,0.009697758597113764,0.012181949064576272,0.01290140658461814,0.04291120016188206,0.08099104827593083,0.0021646379315176626,0.07004215252229783,0.025065589935829528,0.05926040079292401,0.0019981273214009195,0.03788322115301507,0.11117453467227834,0.07524716315956677
653,0.3035429435782949,0.021559227359295552,0.00885468266542496,0.03323396969757149,0.021559227359295552,0.38802634687666027,0.014167492264679936,0.02754790162576654,0.01907162420245376,0.008699337355505224,0.02609801206651567,0.012396555731594946,0.011531679750320876,0.023612487107799895,0.024596295840979682,0.004909527022413839,0.008404444563793183,0.009304749727823738,0.013049006033257838,0.01983448917055191
654,0.021519581824865484,0.11586821228068218,0.01327040879200038,0.021232654067200613,0.059716839564001714,0.02326527294634765,0.10304082120847356,0.0583897986848017,0.04255682819503571,0.051564609117142106,0.027370218133500785,0.09638507438400279,0.041342427390462726,0.0704352466652328,0.04460335073372778,0.03173843481422115,0.10009679774537432,0.02259556091610876,0.04903617858041762,0.005971683956400172
655,0.02263630752736953,0.08235324829401637,0.24905702725855985,0.03268420962844253,0.015151544615547206,0.0015347665234370293,0.007760547242109546,0.05053494781678277,0.031818243692649135,0.03290647764813762,0.030320968690069654,0.1095323317532137,0.019817626594816777,0.0652063842797197,0.004991105957213114,0.045378320488539646,0.05558844259846105,0.08178908214035101,0.010606081230883043,0.05033233601968079
656,0.0075177899277422185,0.0284427509115182,0.020332204577302816,0.02130040479526962,0.020332204577302816,0.003944552086818696,0.014429306474214903,0.015933401730214777,0.009953059631436223,0.007455141678344366,0.01988037780891831,0.012255027416456492,0.007214653237107451,0.026312264747097764,0.7036440378400446,0.030432983184684386,0.006044709468927865,0.010051876420239594,0.018257489824516818,0.016265763661842257
657,0.008213654264329818,0.19431235515725592,0.015225310343635765,0.02311991570700245,0.03394266632851994,0.0048018286468389714,0.04102656306786527,0.01766475955975054,0.026009905170377764,0.48775597799373194,0.06477078505241865,0.012004571617097427,0.0029448183682239107,0.020136700777066655,0.004087767989691744,0.005524227646805896,0.006060560428049187,0.00975371443889166,0.012239955374295416,0.010403962068151104
658,0.04573633911412492,0.061037466443759125,0.024336058819171197,0.05521215888057477,0.012677388780219415,0.07480942805515305,0.1370212526932576,0.0038299371256400577,0.09595967967599431,0.00703693267060372,0.03265742086701683,0.07274559290944034,0.0009306213022271818,0.06664153519494631,0.11113753804029144,0.08289960681627352,0.09449830274807526,0.0038937694110673915,0.004549704144221777,0.0123892663079417
659,0.007825149066592861,0.027014635835428815,0.013942992882292735,0.017041435745024452,0.015036560951492165,0.0055170115721302196,0.03740488038751682,0.014469143557096236,0.04354598015263152,0.05316371544426363,0.01870401484210001,0.022442928232510092,0.003952910353227322,0.05543781416965265,0.6035257595577073,0.006571127635644846,0.004145214100141083,0.009352007421050005,0.02072607050070542,0.02018064759279212
