site,A,C,D,E,F,G,H,I,K,L,M,N,P,Q,R,S,T,V,W,Y
564,0.08481305370497384,0.05311780080632998,0.059692109896276,0.08764623119741946,0.014195719360292267,0.023590437071649137,0.06220446393598423,0.03365789029124328,0.08438240619743978,0.04594452636708229,0.05295971211345398,0.06952553399341951,0.005241268777352435,0.0820666302723848,0.0913545315389896,0.05856826541513318,0.03277965310095355,0.02545692922047064,0.019086317798441735,0.013716518940710206
565,0.0051991392937209965,0.007486760582958235,0.010881919451974179,0.010634603100792948,0.009174951694801758,0.0026361833038585332,0.008585734613484214,0.010172229052932386,0.011846140162908598,0.7452481915796668,0.12156475877264764,0.009647887349172983,0.0031219833073755305,0.009058866452823416,0.0020051623874914773,0.002793567381700833,0.006544371138949507,0.003354283415303869,0.0062808394152334196,0.01376242754220264
566,0.6299510947669635,0.05723912198752151,0.012719804886115892,0.025205962887861977,0.05723912198752151,0.004006738539126505,0.01602695415650602,0.021658046157440568,0.01602695415650602,0.006515022014839845,0.011784525115077956,0.017420602344028282,0.0061642131371177,0.011129829275351402,0.003928175038359318,0.046531699580261564,0.004237493489819142,0.004698830880965739,0.0166947439130271,0.030821065685588504
567,0.026117552834416993,0.036882219881034795,0.005169098998478361,0.06354209500568521,0.010081954480383883,0.0010558159656466441,0.07142754979715556,0.06811048092112666,0.04594754665314099,0.08182519287483957,0.12291684259831023,0.02281533351052518,0.0014719911738435658,0.048482583709866016,0.08503279737756611,0.025475513068137258,0.043204409539520636,0.010956140895405163,0.02013637127654353,0.2093485094383737
568,0.4236102751684013,0.012907165104161714,0.008724698196839487,0.013900023958328,0.015058359288188668,0.01584656105802127,0.022587538932283,0.0135525233593698,0.01694065419921225,0.00564688473307075,0.018693135668096276,0.013900023958328,0.009346567834048138,0.023569605842382258,0.006023343715275466,0.28119382563430695,0.05521350193211985,0.006493731566043109,0.013221974009141269,0.023569605842382258
569,0.001819916503945367,0.007005356464524644,0.010847647057493321,0.006734983190679105,0.011235063023832368,0.0011955562551142732,0.011235063023832368,0.45872111960294715,0.015729088233365312,0.06661212641640504,0.09784988800744945,0.01747676470373924,0.0034193670072533294,0.012583270586692253,0.0021546696210089475,0.004085477463211769,0.005518978327496603,0.24555255106811105,0.005243029411121772,0.014980084031776492
570,0.0073817929910538725,0.012918137734344276,0.01903725560850735,0.011859273985627533,0.018440477398870364,0.003494761899146278,0.024113857104109317,0.5464247420594205,0.014468314262465587,0.00516725509373771,0.13071274122303078,0.025669183551450585,0.013911840636986144,0.024113857104109317,0.003807451121701471,0.0064211579729664195,0.09471288485825531,0.004084522836825085,0.00831512313934804,0.024945369418044122
571,0.00469262743474336,0.0031294725177540977,0.0055436370314501165,0.02162219081758836,0.004975058874378308,0.027087146479756224,0.2726712751948882,0.008946681284900398,0.14890537458210812,0.01332371003793204,0.011219966347732242,0.11823822902846028,0.001979870368375041,0.04542073285669664,0.15494945744879737,0.012273963186458606,0.06518380030199755,0.0023686595622990293,0.036016604303450994,0.041451542340233016
572,0.0009703901389427251,0.04880639764650907,0.0021049805243085287,0.002002720073988177,0.10252855609194604,0.0006536655797044745,0.04779632693979895,0.006275189565162955,0.003361708695623012,0.35369972820147805,0.21371060367369915,0.015869070620286595,0.0012385242562821623,0.12079294990252556,0.0009507862977519629,0.0013291683970714466,0.001882556869548887,0.0010458649275271593,0.001384232992315358,0.07359657860552969
573,0.18476163623067385,0.016403645065253776,0.01192112369772994,0.007464628857457066,0.009508515330332215,0.004340843955151663,0.016639901828081373,0.006228764400340036,0.010918307074792853,0.004248485573127159,0.011093267885387583,0.016993942292508637,0.014379103751827979,0.008067831189372788,0.00266238429249302,0.016379569717039435,0.6321834685017023,0.00451251574998817,0.007754517356775785,0.013537547249964508
574,0.006187856806112471,0.029309685688493802,0.013947232801078907,0.012921700977470163,0.012975379630621488,0.00430723365915672,0.077880635922313,0.021431113816291977,0.021431113816291977,0.004415455610391814,0.014892807906236797,0.01088565366574182,0.00708609408441912,0.021431113816291977,0.005632536323512635,0.019641860643294696,0.006656633836878568,0.005457612835204788,0.008875511782504758,0.6946327663776924
575,0.03004433786771377,0.014570374379455176,0.008151040137341675,0.006113280103006257,0.006583532418622122,0.0027832819981166695,0.05189289017519099,0.010374051083889405,0.006964947787111417,0.0025152426722582686,0.3069492202605223,0.00600602957488334,0.004007070110903038,0.26914850885022884,0.008474316269594884,0.002760836175551212,0.006846873715367008,0.0026745600450652374,0.24133465169351115,0.011804954681667253
576,0.025420642891008916,0.021323010555027798,0.017929419281736653,0.045692165475059575,0.021323010555027798,0.011137623724178978,0.09404191733627479,0.026653763193784746,0.03046144365003971,0.009692277525012635,0.029076832575037907,0.5019590956644614,0.014215340370018535,0.022058286781063245,0.009270874154359912,0.0308916260386392,0.023539312842758616,0.010317585752432806,0.023692233950030887,0.03130353768404585
577,0.015833126010903534,0.030977855238724296,0.026388543351505884,0.024884023069026113,0.03392812716622185,0.014540625928380796,0.02159062637850482,0.022265333452833092,0.5579938081836209,0.010035079866065619,0.016192969783878613,0.023962908521132982,0.013970405303738413,0.030405094941990715,0.07183460172001523,0.008189547936674242,0.015584933218835155,0.013443220197936962,0.02159062637850482,0.026388543351505884
578,0.0747768736970385,0.008691727735183955,0.00993340312592452,0.010140349024381282,0.012168418829257538,0.003465914600792009,0.007725980209052407,0.2991191511651291,0.015210523536571919,0.0787575878417281,0.022758572325666644,0.013520465365841708,0.005408186146336684,0.020280698048762563,0.004591856161983977,0.003605457430891122,0.006760232682920855,0.38252417025758473,0.008392012985694853,0.012168418829257538
579,0.005095398227827643,0.06305944386623483,0.021002881192288138,0.01757316416053371,0.015851231088519352,0.01695397447378594,0.017145209136561746,0.02800384158971752,0.024003292791186442,0.005278658729961222,0.011187185193026094,0.02470927199092722,0.011054147995941127,0.01615606245560626,0.006043994587708817,0.005715069712187248,0.012175583299877182,0.661186403361991,0.016802304953830508,0.021002881192288138
580,0.015049562514204494,0.03511564586647715,0.022104990372592014,0.09975560354377373,0.022104990372592014,0.02066191714759834,0.01861472873481433,0.011789328198715742,0.2766901114460332,0.07218216094775859,0.05940902010212024,0.009916060624156297,0.006204909578271443,0.11783923725595186,0.12111312124427827,0.015606953718434291,0.041571119560598876,0.00906871399901211,0.009824440165596453,0.015377384607020534
581,0.030356015432692805,0.028606756670351303,0.01036551622955326,0.005804166970068803,0.007497049003005537,0.0040679969300987375,0.016357197824739357,0.06326337608292466,0.011995278404808862,0.08110318894190666,0.10330217686515746,0.016357197824739357,0.006664043558227145,0.012408908694629857,0.0043885164895642184,0.0044982294018033235,0.28898662350661003,0.282314047662106,0.007823007655310127,0.013840705851702531
582,0.011262192574493525,0.01571468731324678,0.017326450114605423,0.02252438514898705,0.007364518390855478,0.007678767664427403,0.06485573999251998,0.011677118317443579,0.03378657772348057,0.5304046219501051,0.02179779207966489,0.017326450114605423,0.08827147027929609,0.023301088085159016,0.005631096287246763,0.007038870359058453,0.07059828796032944,0.008044423267495375,0.016088846534990747,0.019306615841988894
583,0.011194081094639569,0.024762664239657225,0.024034350585549664,0.0157147676905517,0.024762664239657225,0.00416586072921696,0.045398217772704925,0.026368189255071513,0.010945865734289892,0.007857383845275852,0.02150441894496549,0.028178204134782368,0.012017175292774832,0.03891275809088993,0.642012267490983,0.006537343359269508,0.011721128013106465,0.010476511793701135,0.010088492838378869,0.023347654854533956
584,0.015288816665859913,0.03945468897220723,0.029591016729155425,0.026303125981471488,0.03381830483332048,0.014493559214280204,0.021520739439385764,0.04177555302939589,0.028407376059989206,0.005984925483731291,0.025363728624990367,0.028407376059989206,0.5565695592818929,0.027753629472151767,0.009469125353329734,0.008880762215096386,0.014883015293586634,0.01614055457953932,0.026303125981471488,0.029591016729155425
585,0.16864187143445072,0.11200848900926737,0.007053556204684791,0.007436592709293109,0.11420473389180201,0.02528819107604188,0.11420473389180201,0.04282677520942573,0.008294661098826928,0.005298157757867104,0.007436592709293109,0.012685952268794126,0.005134790204035718,0.007987451428500004,0.0036604081375577573,0.13970142673450062,0.03908835029987373,0.04188112624774914,0.004792470857100003,0.13237366882913412
586,0.05111695920158213,0.008029081204505493,0.11243731268559572,0.07504711051516243,0.036431328784634565,0.07827844049301062,0.04462837776117735,0.022951737134319777,0.04502850269055408,0.029252213994721277,0.010929398635390365,0.04207818474625293,0.036722779414911644,0.10695622841290309,0.009076958188714035,0.10650806121154928,0.03972416042478423,0.08367317193760385,0.033587908001443574,0.027542084561183726
587,0.020332568602262666,0.04261659871375839,0.01280573048453436,0.1907413329219332,0.012272158381012095,0.23075796496668718,0.02929891161570889,0.018408237571518143,0.021037985796020734,0.004185558802244129,0.01280573048453436,0.01850457575728983,0.00640286524226718,0.2511335281346476,0.017011915678749535,0.034541874746940995,0.010654149678439601,0.0034766271803940356,0.012784979614127516,0.050226705626929526
588,0.014224631159131907,0.016306284499492677,0.013644033968963257,0.12271910050213773,0.023053712568248272,0.5242650542284977,0.03183607926091427,0.03932692143995293,0.02674230657916799,0.007266931135643476,0.02674230657916799,0.023053712568248272,0.030388984749054535,0.03183607926091427,0.004907145470324757,0.008682567071158437,0.01310897381331764,0.0061816246927155,0.017142504217415377,0.01857104623553333
589,0.02393208070262451,0.004154875121983423,0.006520637520038694,0.0016998392359864974,0.012665667710562366,0.10604653119690315,0.04098944110725953,0.10823523868383146,0.11167921035037157,0.04036441765702587,0.07753730190877887,0.03207799960323115,0.002431424160014428,0.05651144899114257,0.127258605632409,0.018696938048925405,0.07628176033351083,0.140600974127919,0.008438472084755956,0.003877135822725709
590,0.029204447348957288,0.44378217847269097,0.0097893774594977,0.011671950047862641,0.011671950047862641,0.004741729706944197,0.012138828049777145,0.041285593279117905,0.01067236909309036,0.003448530695959417,0.013927932985912148,0.014450985773544221,0.03260352129940458,0.006193279617233238,0.0027339702814813396,0.006682290266348787,0.23800547524211585,0.08837605097013304,0.007781300031908429,0.010838239330158168
591,0.1059717016266261,0.16591729253357967,0.02110881482470228,0.015661378740908137,0.016183424698938412,0.007036271608234091,0.02206830640764329,0.03468307394954318,0.03034392131050952,0.019552542891162587,0.03871403492450192,0.05394474899646135,0.007356102135881094,0.026972374498230686,0.005920765133757954,0.005220459580302713,0.008091712349469204,0.3806610034955667,0.01942010963872609,0.01517196065525476
592,0.011934699084119451,0.021370096671136523,0.029141040915186166,0.021370096671136523,0.021370096671136523,0.0067484515803589015,0.019427360610124112,0.007713484956950278,0.01846624364714666,0.011580150950348906,0.5032383257493842,0.022896532147646274,0.013083732655797868,0.025644116005363825,0.021876124884434144,0.00832601169005319,0.19364300733995454,0.005576656248034052,0.016438535900874244,0.020155235620813488
593,0.0091749104179501,0.019267311877695207,0.6068390282947129,0.017742765958512808,0.015413849502156164,0.07170613602069348,0.01675418424147409,0.020281380923889692,0.022667425738464947,0.005974360272153553,0.01879737744165386,0.08417478811192568,0.008028046615706335,0.020829526354265087,0.006215261896030712,0.005883148664945101,0.00906697029538598,0.010008993183218289,0.016397712236336345,0.01477682195282965
594,0.007105722214936961,0.0365624107621661,0.017217711520808792,0.024870027752279367,0.012435013876139683,0.005739237173602931,0.019463499980044725,0.35105363773476933,0.017217711520808792,0.017666978154081803,0.010730772743822949,0.009948011100911747,0.005393499994470224,0.017906419981641147,0.004974005550455874,0.005329291661202722,0.18141142167643154,0.230104598849146,0.012435013876139683,0.012435013876139683
595,0.012782141136124204,0.02698452017626221,0.04415648756115635,0.018681590891258454,0.011370639925166822,0.010119195066098327,0.017989680117508143,0.38043240428966524,0.03736318178251691,0.0230942563001261,0.011110544306041888,0.029055268492292317,0.00952394829750431,0.021118320137944336,0.006563802205036755,0.006017573047290406,0.006367529570021599,0.19065978330565825,0.12143034079317995,0.01517879259914749
596,0.009703457311507395,0.017961718853215815,0.019186381502298715,0.02412002246003267,0.016884015722022867,0.007964158359444747,0.020100018716693892,0.028140026203371447,0.022215810160556407,0.005433408374289951,0.02164617400259342,0.01963257642095682,0.03981472559904008,0.02345002183614287,0.006544192140318941,0.6635928918522238,0.009931773954131097,0.010422231927174607,0.014070013101685725,0.019186381502298715
597,0.011212422232574962,0.024293581503912424,0.020244651253260353,0.022775232659917894,0.021435513091687432,0.0031399565846210813,0.028031055581437408,0.02318476776931568,0.02554432386674256,0.00694102328683212,0.022775232659917894,0.021435513091687432,0.013014418662810225,0.042871026183374863,0.5720838964188959,0.06697571027426782,0.01180878850059469,0.00911009306396716,0.021435513091687432,0.031687280222494466
598,0.0366350887326484,0.012073770777854447,0.013798595174690797,0.013798595174690797,0.012598717333413332,0.11167793178178302,0.012750448993259826,0.014488524933425333,0.12831934578799856,0.002869014838302047,0.014488524933425333,0.009347435440919571,0.011460447164731437,0.2268894617410927,0.3121762182750716,0.02930807098611872,0.005913683646296055,0.004081274629133898,0.012073770777854447,0.015251078877289827
599,0.00932176959286305,0.0349227814180735,0.49328141199613396,0.01725309406689322,0.041907337701688196,0.09093250576558011,0.015331952817690805,0.02514440262101292,0.0349227814180735,0.00885366289472286,0.0349227814180735,0.05354694034246738,0.01047683442542205,0.033084740290806464,0.0076659764088454025,0.009822032273833173,0.01102824676360216,0.02274900197583388,0.024177310212512428,0.020654435595871334
600,0.014896696898077204,0.023546391871154287,0.033179006727535584,0.020276059666827304,0.02606921957163511,0.011966199147635786,0.03072959041699614,0.028074544154068577,0.026184434903241065,0.011305474402161588,0.023546391871154287,0.056149088308137134,0.009373680370278227,0.5734183996768242,0.0030666696639261586,0.012585140482858328,0.013034609785817554,0.011586319809615603,0.028074544154068577,0.04293753811798723
601,0.010467810094092044,0.03271190654403764,0.02907725026136679,0.023790477486572828,0.043615875392050175,0.047341669009065626,0.023790477486572828,0.013178332532326401,0.13537120609542333,0.009023974219044866,0.023790477486572828,0.016883564667890393,0.015393838373664767,0.027546868668663266,0.4096648139419254,0.05387361464007125,0.01144874081607134,0.015393838373664767,0.024923357366885817,0.03271190654403764
602,0.011261926767769099,0.038712873264206284,0.030970298611365025,0.04351316291613748,0.02294096193434446,0.4854808341003085,0.018769877946281835,0.06882288580303338,0.029495522487014307,0.008724027777849303,0.038712873264206284,0.03643564542513532,0.015485149305682512,0.038712873264206284,0.006735430724412759,0.011060820932630364,0.015107462737251231,0.02341735558000025,0.01692714389395909,0.038712873264206284
603,0.016935504758013413,0.035144782474239716,0.025771420283933453,0.018523208329077168,0.03951617776869795,0.014493879039219382,0.016465074070290815,0.04710972698448781,0.028225841263355683,0.015598491224486035,0.03119698244897207,0.011608711346030458,0.011622405226087634,0.03119698244897207,0.07766790867986369,0.46414797108827754,0.016465074070290815,0.0269428484786577,0.025771420283933453,0.04559558973311303
604,0.011388894074843494,0.03818629189800466,0.021638898742202633,0.02192704479331874,0.04636906873329136,0.5085651075152424,0.029507589193912682,0.029507589193912682,0.019671726129275122,0.009835863064637563,0.03818629189800466,0.029507589193912682,0.01352431171387665,0.0649166962266079,0.00705871073589801,0.010819449371101316,0.016229174056651974,0.012515063453996823,0.03818629189800466,0.03245834811330395
605,0.017454070787961504,0.04862205433789275,0.03781715337391658,0.03582677688055255,0.026181106181942245,0.011537436622550822,0.02467116618371676,0.023472715887258567,0.02646792316235702,0.010202736489322396,0.028362865030437435,0.03403543803652492,0.017806560175531005,0.5333675575289518,0.008218206703139313,0.011345146012174973,0.015470653652965875,0.01890857668695829,0.03241470289192849,0.03781715337391658
606,0.08339250003965033,0.018356213612061145,0.03933474345441674,0.02039579290229016,0.021589964170243184,0.007111739436471183,0.03239331813893143,0.13153761380704443,0.045890534030152856,0.01044404913683431,0.02503120038008338,0.028983495176938653,0.008604475130653662,0.028983495176938653,0.007980962440026584,0.007866948690883346,0.011472633507538214,0.43109386068132544,0.018356213612061145,0.021180246475455168
607,0.009407743870599027,0.013918185308303783,0.009766875380085348,0.019271333503805235,0.010500569380023705,0.004823973745931672,0.013918185308303783,0.37534149559231567,0.025052733554946808,0.006863762617793646,0.017277747279273663,0.016701822369964536,0.007057108043646988,0.016163053906417296,0.005274259695778276,0.005387684635472432,0.008081526953208648,0.39343738292921815,0.013918185308303783,0.027836370616607566
608,0.02427264560224914,0.019614206877696765,0.033098974106113295,0.035305572379854176,0.048143962336164796,0.011267735865910908,0.10591671713956255,0.07000883691236097,0.02647917928489063,0.017652786189927088,0.035305572379854176,0.03495816617443457,0.012916672821897873,0.024071981168082394,0.0094568497446038,0.010934419619077202,0.41400782734709674,0.017083341474122986,0.023025373291209243,0.02647917928489063
609,0.014948698162527672,0.012647242823702184,0.08416486628430613,0.030684169912556795,0.03961198616205909,0.0051592852065360986,0.054051302513701695,0.04164280202418424,0.02914996141692897,0.009881342853196258,0.03886661522257195,0.022423047243791506,0.01766664328298725,0.04484609448758301,0.011211523621895753,0.012404238900820834,0.022423047243791506,0.019433307611285974,0.03238884601880996,0.4563949790067632
610,0.3362788966584962,0.04773694969499612,0.01404589774068687,0.019528752147952955,0.14321084908498838,0.004365245937662998,0.0429632547254965,0.0429632547254965,0.030688039089640358,0.018679675967607175,0.02148162736274825,0.02685203420343531,0.015344019544820177,0.03580271227124708,0.0085926509450993,0.06119428529253678,0.04028622933643051,0.005593517774147518,0.030688039089640358,0.05370406840687063
611,0.014439699448204321,0.02279952544453314,0.07219849724102162,0.02279952544453314,0.05956065964776602,0.009417195292307168,0.029434663389082297,0.020068910355116255,0.03332238334200997,0.3389123146719946,0.17928021625755633,0.018834390584614332,0.060809704071459386,0.028879398896408642,0.013695882309103301,0.013126999498367565,0.009626466298802884,0.01139976272226657,0.017327639337845188,0.0240661657470072
612,0.010106795602863008,0.022619971111169587,0.08384367126987462,0.01250051035090951,0.03958494944454678,0.008796655432121506,0.07079509137356942,0.04053993221439257,0.042248339653062995,0.014394527070744283,0.0365399533334278,0.3718567509067131,0.008962630062916251,0.05937742416682017,0.008796655432121506,0.1044885415452661,0.00966430165646547,0.01759331086424301,0.01637997908050211,0.020910009428270104
613,0.003235710177608049,0.0616721763224047,0.047967248250759216,0.035975436188069414,0.0616721763224047,0.014390174475227764,0.035975436188069414,0.047925210656008,0.027469085513636395,0.01598908275025307,0.03083608816120235,0.0332080949428333,0.032291579789918,0.0431705234256833,0.014054716708965957,0.07520130128135005,0.3372391527227094,0.018769792793775344,0.035975436188069414,0.026981577141052055
614,0.0324693949829661,0.0257531853398421,0.04599830955920199,0.04245997805464799,0.43174837218997875,0.011499577389800494,0.04599830955920199,0.0551979714710424,0.036798647647361585,0.005014102545745107,0.036798647647361585,0.061331079412269326,0.016726658021527993,0.04245997805464799,0.013142374159771998,0.01783136937260765,0.02299915477960099,0.007168567723511999,0.02399911803088799,0.024605204058023886
615,0.004552549118201494,0.054272554166495394,0.019155019117586613,0.043418043333196314,0.025048871153767104,0.010019548461506841,0.028316115217301943,0.06811101325666093,0.05920642272708588,0.009720457462655891,0.018607732857084135,0.01456428187197581,0.01746483432565213,0.027136277083247697,0.007846634337324637,0.021000527272124366,0.5103544787440079,0.01480160568177147,0.02605082599991779,0.020352207812435776
616,0.0242534723768976,0.034240196296796616,0.00517651764915936,0.034240196296796616,0.041577381217538754,0.008819444500690037,0.0714068220630909,0.03391939120112574,0.048049434147766745,0.014197154562086402,0.03233796316919681,0.45570302064959767,0.034240196296796616,0.034240196296796616,0.009095052141336601,0.024264436453767996,0.02809659991646482,0.0121267361884488,0.034240196296796616,0.019775592278848734
617,0.019518560594916,0.03903712118983199,0.022306926394189713,0.015614848475932796,0.026024747459888,0.008674915819962666,0.052049494919775986,0.19307949810992597,0.028390633592605092,0.24408968823471294,0.03686946566502838,0.0208197979679104,0.014195316796302544,0.0208197979679104,0.007616999256552587,0.11209670357539196,0.013012373729944,0.00728454688923899,0.014399573520427644,0.10409898983955197
618,0.1080817828181816,0.09305539541182735,0.017552515632693267,0.008178589822051826,0.015358451178606613,0.05105793200969619,0.017552515632693267,0.057277200279348905,0.01638234792384705,0.004173888935031824,0.09633437376749733,0.022339565350700526,0.003780541828580088,0.010684139950335033,0.003900559029487392,0.22798571875897697,0.026462628070238393,0.19245340815476542,0.014455012873982691,0.0129334325714582
619,0.03153220983180913,0.24920265783158527,0.02239091372149707,0.024010398681059683,0.030387668622031728,0.005307532855548514,0.011195456860748531,0.04227545088214393,0.020258445748021152,0.018798382313875952,0.07066430450168952,0.02239091372149707,0.009248420884966179,0.028361824047229617,0.005991934657865412,0.008508547214168884,0.012512569432601301,0.33357540527922874,0.028361824047229617,0.0250251388652026
620,0.013032907628570376,0.03388555983428297,0.03630595696530317,0.01954936144285556,0.03388555983428297,0.011295186611427655,0.020751199380354596,0.03630595696530317,0.02483354666086319,0.009511726920173907,0.03388555983428297,0.1399431727465487,0.007143193258400661,0.39842321511168793,0.0863969663212867,0.012101985655101058,0.011551895398051012,0.015883856172320143,0.025414169875712222,0.02989902338319086
621,0.0060981401687936945,0.029135558584236547,0.02383818429619354,0.014567779292118273,0.059000173635234084,0.00794606143206451,0.0193611103697889,0.33577559640862975,0.015424707485772288,0.20538808527465277,0.08339196973165999,0.026222002725812897,0.004381972783486959,0.00971185286141218,0.0034432611015264127,0.004229355278356918,0.008740667575270962,0.09617166423955878,0.00971185286141218,0.037460003894018414
622,0.019056927963550314,0.025862973664818288,0.040231292367495106,0.027852433177496617,0.024138775420497072,0.008229127984260363,0.02011564618374756,0.2831450746376037,0.03291651193704146,0.008420503053661767,0.04540137825018053,0.026395612633527465,0.008229127984260363,0.024138775420497072,0.006352309321183438,0.007788033435699139,0.07602465054275763,0.24134479673536946,0.051725947329636576,0.022630101956715998
623,0.013254275347485318,0.06627137673742657,0.037869358135672326,0.044180917824951045,0.05890789043326807,0.02337954746886083,0.018281759099979745,0.033135688368713286,0.040782385684570197,0.007680536917532595,0.05301710138994126,0.031186530229377212,0.008283922092178321,0.005581658499030718,0.41545846228546846,0.013594128561523401,0.01232955846277704,0.021206840555976506,0.007236226255365003,0.0883618356499021
624,0.03441140409913179,0.10185775613343012,0.001146744507267112,0.00589909784556545,0.05630957034403385,0.0025608486771446907,0.08948191519240105,0.07342553115626148,0.001878215102676365,0.1204399143469613,0.025562757330783618,0.05590982495130442,0.0021378112648261075,0.08946965065774266,0.0018637328975407092,0.05421340032903863,0.11027299224937312,0.16082803600015283,0.009085697875510957,0.003245099038853682
625,0.21812248061130576,0.042431120848399916,0.04200248713193715,0.04200248713193715,0.03436567128976676,0.019895914957233387,0.015120895367497375,0.004999458967517564,0.018901119209371715,0.13952682050614468,0.2945747168049081,0.01718283564488338,0.013500799435265514,0.031501865348952864,0.005727611881627793,0.005642125137125885,0.003536184802043089,0.012168370757476656,0.018901119209371715,0.019895914957233387
626,0.015507253677334677,0.02791305661920242,0.2172347455177463,0.43490209144633635,0.031014507354669346,0.005095960235258607,0.018008423625291883,0.029382164862318334,0.034271093980564285,0.009625191937656005,0.031014507354669346,0.01744566038700151,0.014691082431159167,0.019937897585144585,0.008209722535059534,0.010533228912906574,0.011630440258001007,0.02171338635087684,0.023260880516002013,0.018608704412801613
627,0.2972544178668759,0.06091088645948123,0.025774156192218088,0.01737862400264716,0.018206177526582736,0.15139004794575225,0.015930405335759897,0.02012261726622303,0.02248998400342574,0.005384925747299121,0.021240540447679864,0.018206177526582736,0.007352494770350723,0.018206177526582736,0.005706413851615487,0.2326077487392349,0.0038666945912639613,0.004870159081224815,0.021240540447679864,0.031860810671519794
628,0.027474123496186092,0.03328359815555064,0.06497510842967034,0.49140894219201753,0.0218064953432918,0.05099270988821516,0.025295534598218487,0.05269903041295518,0.011967581864343208,0.010539806082591035,0.04517059749681873,0.03513268694197012,0.0137475731512057,0.025295534598218487,0.012399771861871809,0.011710895647323374,0.012647767299109243,0.011104807387175463,0.019762136404858195,0.022585298748409366
629,0.09733106620193155,0.041678244187507964,0.18727940493262066,0.12051764670293705,0.032332213672733444,0.014992153587151256,0.04279263574332367,0.007363991693865682,0.0028435021667642894,0.043302071883125154,0.09752379667590794,0.05725496171213214,0.002308116799569841,0.018239017072988847,0.03128923903812914,0.07014935645066274,0.10457450359774724,0.007005798892906681,0.01189567889009072,0.009326600097903879
630,0.1144431911945212,0.3283786978568088,0.008148614412722105,0.005843324066538904,0.009235096334418387,0.002742793154453699,0.006296656591648899,0.006596497381727418,0.006296656591648899,0.23863158590494168,0.0027498233523778073,0.01576848489108326,0.002347905847733488,0.00513060907467688,0.0021644757033793087,0.003298248690863709,0.12184738324927971,0.10734774568129736,0.004074307206361052,0.008657902813517235
631,0.007297696328495528,0.03162335075681395,0.027105729220126246,0.015179208363270698,0.058720022891779,0.004928314403659317,0.015811675378406977,0.14755110556720677,0.03449820082561522,0.295535165633212,0.02219479615911002,0.01997264258325092,0.008074047001739732,0.018974010454088377,0.006431867950538432,0.006096231653025339,0.015996249484043254,0.21973699428607854,0.025298680605451165,0.018974010454088377
632,0.0830537735516044,0.0470340083223349,0.09923960182975797,0.04326094009963766,0.019351134852617777,0.0444759674715172,0.03196133384066,0.05784863064406904,0.017133707516156022,0.04698423688495676,0.04426730195043283,0.10320605254729481,0.002389028994150344,0.07175212432618727,0.03112024610801105,0.08356171868175861,0.06307036544556906,0.07873055316181929,0.016381913102745206,0.015177360668719825
633,0.029894306076357416,0.03708582432073872,0.02427819618720086,0.07504169730589359,0.06503613766510778,0.08443047587293236,0.03525396404683127,0.06671248816398419,0.018272449331880516,0.060887290412891294,0.05435144602922055,0.014912354643978243,0.037085824320738724,0.14116539580152157,0.011408266254330904,0.06819006407361634,0.048244703207001145,0.04836289966217131,0.031859808329870606,0.0475264082937326
634,0.06370687110933766,0.08313746679768565,0.04030907481099911,0.053656052211190366,0.017635220229812103,0.043647170068784984,0.057045429546444724,0.020784366699421415,0.08404015293363301,0.01091134381968176,0.028578504211704436,0.07838675440924646,0.0546676271940992,0.0547448346933697,0.07511152673011526,0.06737938485564066,0.06242036342091609,0.04240850579073865,0.022169991146049502,0.03925935932112934
635,0.0111876646406239,0.028332280256033685,0.4872367988221545,0.023585120350759926,0.031165508281637055,0.09229657815045321,0.020106779536540033,0.022261077344026464,0.029681436458701957,0.008904430937610586,0.023085561690101522,0.08738901378864623,0.01272061562515798,0.0328057981911969,0.009166325965187369,0.008423110346388395,0.01449558524727305,0.016977426269131776,0.01684622069277679,0.02333266740559882
636,0.01302721978754715,0.04113858880278048,0.009477801609632791,0.011734421040497742,0.005769557596579552,0.005133809205217762,0.008497339374153538,0.22159175334019657,0.006845078940290349,0.19188169034015354,0.2540307858571695,0.007040652624298645,0.00492845683700905,0.08882195309691239,0.0038503569039133215,0.02306688619400476,0.027915470973315315,0.05764654591558099,0.008800815780373308,0.008800815780373308
637,0.03766503660438604,0.05847997966936758,0.03238327285066754,0.05782727294762062,0.0455814974998892,0.05647517827035366,0.057146952089413304,0.06300817794473774,0.1428673802235333,0.04798319251784316,0.047622460074511076,0.055490518695517264,0.03363336242762346,0.027331150999284622,0.039968361938354985,0.05640478388045989,0.03872252491304507,0.021119525772174477,0.037429156614156855,0.04286021406705998
638,0.08342091815752495,0.028469043498202954,0.05036830772758984,0.03745926776079336,0.014859554908429896,0.03503882276701901,0.020804301017917543,0.06913910563849289,0.1160661004157505,0.056295737676254246,0.07601743510779423,0.04831110411816259,0.0012498418747676654,0.0621142767233519,0.06323124398021919,0.06172571427139494,0.024504999466807603,0.04859827095248097,0.027594714754263016,0.07473123918278277
639,0.011358510928957684,0.027085679907514475,0.04401422984971102,0.02071257875280518,0.033056090309246125,0.0055017787312138765,0.013041253288803263,0.09264473924415073,0.018532307305141483,0.27470179422284213,0.09568805479002208,0.013542839953757237,0.009516590237775357,0.03521138387976882,0.006287747121387288,0.029208199507316672,0.010356289376402593,0.2192316208702745,0.02622375817100186,0.014084553551907525
640,0.03269121906084712,0.06946884050430013,0.03473442025215007,0.030497345522517025,0.01298365187312965,0.03933916648694555,0.07381064303581891,0.025261396547018238,0.12313490891947987,0.01920276891988784,0.041151011644044215,0.04429897075636531,0.04066468712446838,0.22494672163297189,0.0912342190274678,0.021107029482918264,0.021893210340749134,0.03028128945059237,0.007860979306261387,0.015437520112066701
641,0.0559135919822526,0.024042844552368624,0.04865813778455556,0.07068113950654664,0.058285683763317865,0.053633724699662204,0.0995322059426013,0.004452378620809005,0.07893113938206316,0.015456114355094117,0.011780750815442949,0.061457982328522745,0.0032315651280065355,0.11236421480016301,0.08519560228047279,0.0690886337711742,0.05669356253792625,0.01491029119526736,0.016325388276299684,0.05936504827745338
642,0.04955894822719564,0.006921938291325296,0.03744139348489592,0.07844863396835336,0.0055112788533638,0.05341732641924061,0.10488241280551591,0.007831817317938031,0.10999862806432158,0.020057036429965956,0.009300283065051415,0.007085929954324885,0.1160741144619042,0.08973561077820004,0.09437315226612057,0.10449168944696743,0.05139108910685189,0.033620843129294295,0.015348645776416961,0.004509228152752201
643,0.05448032839457049,0.0978066965601916,0.003072003596382549,0.068102536352052,0.0742180226839101,0.036978780730341165,0.009862860157330249,0.009414548331997057,0.0019218498236983634,0.0350859123629617,0.11574356478749319,0.020136672821215926,0.08999859893563851,0.06806919013502376,0.015342226911402605,0.041764951036595985,0.1371949137269656,0.035761589386522435,0.01255273110932941,0.07249202215637732
644,0.046070794438084026,0.048213622086367,0.01157126930072808,0.032322322171423584,0.017999752245577018,0.01869933824361793,0.03857089766909361,0.06339926429010906,0.07600266233266126,0.08044787228125239,0.03760662522736627,0.10674868836572067,0.0018773307948093845,0.061227033160967254,0.09603016493221865,0.07941067167166331,0.070321620111747,0.05939918241040414,0.018367094128139805,0.03571379413804963
645,0.13793863950231536,0.10873246134892285,0.01513597490569021,0.0077439871610508046,0.027749287327098717,0.002804940783171033,0.009793866115446605,0.033361096095692225,0.01280736338173787,0.2620728126359372,0.020299108853949952,0.041623930990648074,0.004060871316160788,0.011892551711613734,0.0038274879071860312,0.005285578538494994,0.010264952644828382,0.26061315837053867,0.009514041369290991,0.014477889040225416
646,0.05819066221928855,0.04859200143815277,0.07338908308163103,0.04604291283811851,0.03779172052376349,0.04586235239561609,0.12237985547386618,0.044398547258646816,0.018417165135247406,0.045281173471311414,0.05416813275072767,0.014824256716382038,0.012521992394316941,0.039658811478211334,0.03239248216185105,0.08510263294977087,0.05329070673897019,0.02166725310029107,0.06139055045082469,0.08463770742301198
647,0.03524934372817444,0.03776715399447261,0.09064116958673431,0.10574803118452335,0.006568200694690891,0.05105494957133343,0.05611120022035933,0.003890751852015284,0.06931103700196213,0.029206599089058823,0.07553430798894524,0.051363329432482764,0.0013850597763391415,0.009522285962331596,0.0593807237699772,0.033920925574671905,0.06686858415965367,0.05035620532596348,0.03596871808997392,0.13015142299633642
648,0.01536280437322419,0.029310029718412994,0.02765304787180355,0.034566309839754436,0.041810344791229394,0.034146568622618424,0.030725608746448387,0.0395043541025765,0.05027826885782463,0.010213120394172482,0.02765304787180355,0.01975217705128825,0.013826523935901775,0.02910847144400374,0.09912126044884402,0.009876088525644124,0.01536280437322419,0.012569567214456158,0.43282336574838487,0.026336236068384332
649,0.01167879057235264,0.03347919964074423,0.03587057104365454,0.020087519784446544,0.15056905824353278,0.008511660925612943,0.01793528552182727,0.029433391486822023,0.02643094708479808,0.3921709393435994,0.01931492286966014,0.015693374831598862,0.014191099466860615,0.02092449977546515,0.007278086878422661,0.06641320535557248,0.013949666516976768,0.07893859308655077,0.013215473542399042,0.02391371402910303
650,0.03859485869379651,0.0652098732490386,0.013254039278259877,0.05560736545697249,0.05527848450708732,0.06457471214596354,0.057974574714185614,0.03622770736057699,0.08171475489047146,0.04097100252079335,0.04839795280202084,0.06634725475919624,0.0004650665498684728,0.053501444261124395,0.0608450398543017,0.07579217724120713,0.05935364676793561,0.0333459579114402,0.07180849137542941,0.020735595660330255
651,0.06684873753276657,0.031916544848458545,0.03746587740807016,0.025898071941062323,0.09647575875187332,0.031897021824729754,0.04005098653923925,0.07978062243167547,0.09279581881219605,0.06905135411207546,0.05977857990898021,0.05971949607679942,0.0006444982346849878,0.051948485481777947,0.06856546472743641,0.04508286002117399,0.04787959891744749,0.047788108938865,0.0181594813967687,0.02825263209391915
652,0.09386743574602027,0.015377144032467713,0.06114018617432877,0.05189786110957853,0.08563147083080457,0.001367263689568801,0.15302989127460917,0.012676591558286855,0.022058717780246154,0.01221126143754789,0.03971314589254704,0.08206158687437211,0.002193318835349952,0.06026848386918796,0.025701797882838884,0.06051217502972187,0.0028511447450210465,0.032711379123613125,0.11166988045647241,0.07305926365741698
653,0.2828668222660051,0.021193848540791635,0.008704616364967993,0.07111870817555346,0.021193848540791635,0.38143551035619366,0.013927386183948788,0.027081028691011533,0.018748404478392603,0.008551903797161538,0.02565571139148461,0.012186462910955194,0.01133624456833041,0.02321231030658132,0.01822561054020662,0.004826321944932749,0.00826200875318996,0.009147055836230678,0.012827855695742307,0.019498340657528306
654,0.020523137724069572,0.11667724658404147,0.014547051643497592,0.024439046761075955,0.0567335014096406,0.02288721457390927,0.1078193239459233,0.048878093522151916,0.03972849966086238,0.0530384676163539,0.021275063028615225,0.11025133877177123,0.037262832286805374,0.06848304312169635,0.0404358992206566,0.03287547840011169,0.09875369915700079,0.026184692958295668,0.05135096172603244,0.007855407887488699
655,0.01685068889496825,0.07148242271234229,0.25416092422347236,0.05139745917191089,0.015465028359930902,0.0015665206692175256,0.015017591032885297,0.05629240788596956,0.03247655955585489,0.03291516208614832,0.032167090220554015,0.11756219868717922,0.025229090369061985,0.06225888429784652,0.006353993129985983,0.05514358323523549,0.04664228081980335,0.059371297210761696,0.010825519851951628,0.036821297584919865
656,0.0075635449648363525,0.022501546270388147,0.020455951154898316,0.02143004406703633,0.020455951154898316,0.0039685595582679995,0.014517126626056871,0.016030376159429868,0.03422164442053008,0.007500515423462716,0.020001374462567244,0.012329614394733231,0.007258563313028436,0.026472407376927232,0.707921653504678,0.0064432035284834495,0.0060814989919967975,0.010113054503545235,0.018368609200316858,0.016364760923918656
657,0.008290005143041594,0.2109440565722168,0.01536683880173564,0.023334829291524483,0.007248362054280827,0.004846464545162778,0.028286246559916857,0.014319099792526394,0.02625168295296505,0.4922610370203433,0.06500202039558682,0.012116161362906946,0.022892282546590474,0.020323883576489073,0.004125766262803657,0.005575578680275762,0.006116896998749137,0.009844381107361893,0.012353733154336492,0.01050067318118602
658,0.040623878442046325,0.058528789522532446,0.024608695594701142,0.05207474512376214,0.01030131443499118,0.07237518955948286,0.1320770497740922,0.0020397169596126927,0.0972026439140995,0.005633315859027974,0.030165497825762694,0.07706288478924142,0.0009425964737604113,0.08125919113741512,0.11628205206412691,0.086130434581454,0.09208810238006236,0.0036913043392051716,0.0046082494272731206,0.012304347797350575
659,0.008488954291502421,0.024415867475513758,0.015125773101222493,0.01848705601260527,0.016312108246416414,0.0059850181335772456,0.02535493930149506,0.015696556991834663,0.03443730561844851,0.04864485897489696,0.020290671233347244,0.020283951441196043,0.0042882346420991604,0.021708124931106777,0.654780199741935,0.006681369140258833,0.004496851462525605,0.010145335616673622,0.022484257312628035,0.021892566330716772
