site,A,C,D,E,F,G,H,I,K,L,M,N,P,Q,R,S,T,V,W,Y
564,0.07272005852250969,0.05883474741556879,0.07768446570584704,0.08871210984104747,0.018998562198259104,0.021609141832962888,0.06556982031729595,0.022112217817524177,0.07302356452203587,0.05023140684543879,0.026996956883726178,0.08493363861676918,0.0034294213197535975,0.08925971545735022,0.09828174241446952,0.06052987734934509,0.03380121146147278,0.032582534170014346,0.005903455668434656,0.014785351640174579
565,0.005780376114939409,0.008323741605512748,0.012098461635919691,0.0118234965987397,0.010200663732246014,0.0029308949315185726,0.009545575235679756,0.011309431529229277,0.013170477223912574,0.8284730162155987,0.020050326517250007,0.010726471141124674,0.0068709907543273606,0.010071600761988809,0.00222932914785118,0.003105873733400278,0.007275997906916736,0.003729274912864135,0.006983004702611366,0.015300995598369022
566,0.6630964487754237,0.06023971918635933,0.013386604263635407,0.006785916333675929,0.06023971918635933,0.004531331574769368,0.016867121372180608,0.022793407259703524,0.016867121372180608,0.006856553403325451,0.01240229512660339,0.018333827578457185,0.006487354373915619,0.01171327873068098,0.004134098375534462,0.01585372751409336,0.004459631961796696,0.004945153645705425,0.017569918096021465,0.0324367718695781
567,0.03843466549276862,0.05083700636430901,0.02305109357205188,0.11874124298578917,0.007971328143376333,0.0014124925422874346,0.015087988519888506,0.07810252880883461,0.06761654114468552,0.10295189990261588,0.09402166743934806,0.030522827350579037,0.0018511955430737337,0.09156848205173712,0.09244386616947559,0.013415315648983841,0.06770828679074342,0.028350434011394938,0.034419169088363816,0.04149196842969338
568,0.45118448910040043,0.013745442300669625,0.00929133815889173,0.01480278401610575,0.01603634935078123,0.0037487569910917154,0.024054524026171847,0.014432714415703105,0.01804089301962888,0.006013631006542962,0.019907192297521525,0.01480278401610575,0.021400798879802903,0.025100372896874966,0.0064145397403124905,0.22902382106069508,0.03297738404322181,0.039841114791673224,0.01408069699092986,0.025100372896874966
569,0.047172208254741596,0.005723251824374076,0.010262382581636276,0.006371609789414548,0.010628896245266145,0.0011310522570307702,0.010628896245266145,0.5452828676230741,0.0148804547433726,0.020828572010795788,0.03285247919999896,0.016533838603747335,0.0032348814659505652,0.011904363794698081,0.0020384184579962466,0.0038650531800967784,0.005221212190657053,0.23230754829040384,0.0049601515811242,0.014171861660354858
570,0.006407675563618027,0.011213432236331549,0.016525058032488594,0.010294298446468305,0.015698805130864166,0.003033585532534139,0.02093174017448556,0.47418135986825927,0.012559044104691332,0.004485372894532619,0.11657461744935144,0.01865504458984751,0.01207600394681859,0.02093174017448556,0.0033050116064977193,0.024462712873595176,0.16230547387367333,0.037487657743546225,0.007217841439477779,0.021653524318433336
571,0.012763525490865452,0.007273837107697513,0.00773464012399869,0.04176535856979199,0.006941343701024464,0.007813973526585945,0.1835375177174838,0.012482664296063673,0.20792938508787806,0.02306136992099552,0.051427304463194705,0.129321005382234,0.0027623714728566744,0.01793753652269572,0.19560914640576346,0.008199598194131744,0.05228788123528893,0.0075162983446207645,0.01235555892266427,0.011279683514164758
572,0.001307283511935379,0.03206626717320829,0.0028357731822912183,0.0026980106522921654,0.11456584670035203,0.0008806006990120264,0.0019885589762723,0.008453766710515452,0.004528803594918992,0.5069650058790307,0.1668613119755201,0.007142554788078473,0.001668506587601734,0.04004671487412482,0.0012808737440174927,0.0016705132352861374,0.002536130013154636,0.001408961118419242,0.0018648014802607614,0.099229715103708
573,0.10826020766227454,0.06138124474600253,0.01261820026107674,0.007901116051328427,0.010064516874906448,0.0045946707472399,0.01761290453108628,0.006592985575472438,0.011556744873631477,0.004496911795170966,0.01174193635405752,0.017987647180683863,0.006880506205052678,0.008539590075678198,0.0028180647249738053,0.010306665054546433,0.6693326082180407,0.0047763808897861105,0.008207955509632442,0.01432914266935833
574,0.005786023429554018,0.00622309754926169,0.04396158977816547,0.012082578338186331,0.012132771152036462,0.004027526112728777,0.1416763126027159,0.02003939821943099,0.02003939821943099,0.004128720236164173,0.013925683508418146,0.010178749950027193,0.006625930056424761,0.02003939821943099,0.005266764916645323,0.0046949447256952595,0.006224358537853565,0.005103200788799195,0.008299144717138085,0.6495444089418926
575,0.004122480917071605,0.006330952836931396,0.00844127044924186,0.006330952836931396,0.006817949209003041,0.0028823850314484397,0.02430275689879108,0.01074343511721691,0.011572011668099846,0.014966316064387896,0.3923144162679928,0.006219883488915054,0.004149748000902066,0.27873231445046603,0.028959169443857694,0.0028591399908722425,0.0070906671773631625,0.0027697918661574853,0.16816907004751688,0.012225288236833038
576,0.01979496314875595,0.01979496314875595,0.08928167112688026,0.04241777817590562,0.01979496314875595,0.011091343070731556,0.013279999084564365,0.02474370393594494,0.028278518783937074,0.008997710522161797,0.02699313156648539,0.4657952458199616,0.013196642099170638,0.020477548084919955,0.008606505716850415,0.1049699933230497,0.02185244100812842,0.009578207975204494,0.021994403498617726,0.02906026676121828
577,0.007892112838236287,0.015441090335679688,0.013153521397060476,0.4842063187512648,0.016911670367649186,0.007247858728992507,0.01076197205214039,0.011098283678769779,0.27803587320957124,0.005002043348177929,0.008071479039105295,0.06018384934037012,0.006963628974914372,0.015155594667422504,0.003782187194972546,0.004082127330122217,0.02139404477331901,0.00670085052303081,0.01076197205214039,0.013153521397060476
578,0.0066257013553425136,0.013582707302405447,0.015523094059891942,0.03760163602089899,0.01901579022336763,0.005416242315912229,0.012073517602138178,0.11649706764124661,0.02376973777920953,0.02479557711285133,0.010272268365990461,0.02112865580374181,0.008451462321496725,0.031692983705612715,0.007175769895610426,0.0056343082143311485,0.010564327901870906,0.5980490240696327,0.013114338085081124,0.01901579022336763
579,0.04686449747948416,0.17918351478370975,0.015653069376165108,0.01181363726503027,0.01181363726503027,0.004210142321994995,0.01277801581727764,0.020870759168220142,0.017889222144188695,0.011750499112640705,0.08985411122510217,0.01841537573666483,0.00823845756640269,0.012040822597050081,0.004504480396018736,0.004259338605759212,0.009074243116617453,0.49261065114554586,0.012522455500932084,0.015653069376165108
580,0.0072903534214209505,0.2060298487751856,0.012758118487486664,0.002572276850517901,0.012758118487486664,0.07160026346517302,0.01074367872630456,0.011446102709732533,0.15961672796199547,0.1383070744092681,0.0399995805256829,0.007598615137455999,0.0035812262421015197,0.15062146370011104,0.07480089503801053,0.04239297299900939,0.02810309542656727,0.0052340998923022216,0.005670274883327406,0.008875212860860288
581,0.0033542838392634665,0.027676580651886086,0.03587437109554561,0.007951320348412857,0.010270455450033272,0.002785208257636142,0.022408266436436234,0.10994237016617653,0.01643272872005324,0.13448479330846055,0.09225526883962029,0.022408266436436234,0.00912929373336291,0.016999374537986108,0.006011973921970699,0.006162273270019966,0.0593069585397559,0.38686837462477397,0.01071699699133907,0.01896084083083066
582,0.010545485014222618,0.014714630252403655,0.016223823098804026,0.021090970028445236,0.049553473020697604,0.007190103418788149,0.13173008369682287,0.011716056822638096,0.031636455042667856,0.49660146043455283,0.020410616156559907,0.016223823098804026,0.07931055838994205,0.021818244857012316,0.00527274250711131,0.006590928133889137,0.018695103828922692,0.0075324892958733,0.015064978591746596,0.018077974310095918
583,0.011306342302585945,0.02501099963905375,0.024275382002610993,0.015872365155553344,0.02501099963905375,0.004207638571778974,0.04585349933826522,0.016601050665656217,0.011055637684212485,0.007936182577776672,0.0217200786339151,0.028460792692716345,0.0121376910013055,0.03930299943279875,0.6484537190329692,0.006602903904710191,0.011838674775374923,0.010581576770368896,0.01018966651961449,0.02358179965967925
584,0.01383848824305334,0.03658061259187688,0.02743545944390766,0.024387075061251255,0.03135481079303733,0.01343777605415885,0.019953061413751024,0.03873241333257552,0.02633804106615135,0.029425611860296488,0.023516108094778,0.02633804106615135,0.515891055991188,0.025731916641249953,0.00877934702205045,0.05767398854936013,0.013798862209690206,0.014964796060313265,0.024387075061251255,0.02743545944390766
585,0.1363825753267923,0.09409631561532933,0.011377840807803392,0.006015214796830763,0.14679025235991375,0.034950060085693756,0.04448189465451931,0.046705989387245274,0.011291557873839517,0.0017983631866813627,0.05567906123996728,0.010261248771064244,0.004153362597811718,0.006460786263262672,0.00149095067613754,0.05777559148278253,0.034799786538913115,0.04473816124487238,0.003876471757957603,0.24687451533258215
586,0.058735924537597246,0.02760580134295608,0.052773491157491456,0.061334525966716964,0.006309897449818531,0.07474005735309538,0.08097701727267118,0.0795047078677135,0.01764198664305542,0.044818830415622804,0.04416928214872972,0.019876176966928377,0.017226020038004594,0.1401828009724842,0.00898358280991113,0.058459344020377585,0.07644683448818607,0.09860574932318276,0.0210073415097617,0.010600627715695133
587,0.013147280657471783,0.09783325702698835,0.031193212385416568,0.20682880671451895,0.017748253503046617,0.3338341792389697,0.017748253503046617,0.026622380254569925,0.030425577433794197,0.0038031971792242755,0.01851991669883125,0.022418846530164148,0.009259958349415625,0.06832798903472201,0.017697121811250112,0.030208163573245527,0.007744692437693069,0.00846864379614393,0.007744692437693069,0.030425577433794197
588,0.01486700809524601,0.017042667816501524,0.014260191438297194,0.07422687566996795,0.024094806223329747,0.547922138134375,0.033273780022693454,0.041102904733915445,0.027949975219062503,0.007595101961701767,0.027949975219062503,0.024094806223329747,0.03176133547620739,0.033273780022693454,0.014021878780422894,0.009074667278916395,0.013700968244638479,0.006460783644950589,0.01791665078145032,0.019409705013237848
589,0.01000895996857503,0.005513637523404433,0.013533473921083608,0.051502132144910825,0.03228696764056461,0.04766171413607157,0.028871999909351048,0.02600421338333074,0.23223916472296705,0.051447925072114646,0.08095482327523923,0.008455466671322064,0.005046380106166769,0.017257841404225358,0.2119792457690195,0.0036757583489362886,0.011210338565343841,0.1367891195705254,0.01751390742728467,0.008046930439563223
590,0.015929879547344757,0.3171392083028207,0.0137619018124551,0.016408421391773387,0.016408421391773387,0.0066659211904079385,0.01706475824744432,0.07896426521919685,0.015003210998151271,0.0048479426839330465,0.02764803354434847,0.020315188389814668,0.006720375785737882,0.008706509309920573,0.003843414019694667,0.0054893488742106585,0.3347249253904297,0.06418293501366609,0.010938947594515594,0.015236391292361004
591,0.005295965260922705,0.039114423110690806,0.02826533746980355,0.02097105683243489,0.02167009206018272,0.00942177915660118,0.0295501255366128,0.011615358461408055,0.04063142261284259,0.060844658172185706,0.032505138090274076,0.07223364020060905,0.009850041845537597,0.03611682010030453,0.007928082461042457,0.006990352277478296,0.010835046030091356,0.5098408385423371,0.026004110472219257,0.020315711306421298
592,0.06118976702670546,0.021686441148396657,0.029572419747813623,0.021686441148396657,0.021686441148396657,0.006848349836335786,0.019714946498542413,0.07325532822890655,0.018739601989105167,0.017595607317065047,0.5106555732887268,0.023235472658996417,0.013277412947997952,0.02602372937807599,0.006496014458232938,0.008449262785089605,0.016844014627087015,0.06924042336883085,0.016681877806458963,0.017120874590839465
593,0.0095229252567985,0.019998143039276852,0.6299330824140184,0.03948759437178805,0.01599851443142148,0.003254213243040984,0.01738968959937117,0.021050676883449315,0.02352722710503159,0.006200974585822278,0.019510383452953025,0.05605933061914292,0.008332559599698688,0.021619614096515513,0.006451013883637694,0.006106303218099801,0.009410890842012637,0.01038864573468927,0.017019696203639873,0.05873852141959195
594,0.009636366570705471,0.015566438306524225,0.023349657459786337,0.03372728299746915,0.016863641498734577,0.007783219153262112,0.02639526495454108,0.47632785848078835,0.023349657459786337,0.005797420400448576,0.014552448944463876,0.013490913198987662,0.0073143505295716225,0.024283643758177795,0.006745456599493831,0.007227274928029105,0.005708326678781048,0.24815349508297974,0.016863641498734577,0.016863641498734577
595,0.013386398843854955,0.028260175337027134,0.04624392327877168,0.019564736771788015,0.011908170902445362,0.010597565751385174,0.018840116891351424,0.3983744378263417,0.03912947354357603,0.046720767521145935,0.032083159617240335,0.03042881536129346,0.009974179530715457,0.02211665895941254,0.0068740967036011935,0.006302045332249122,0.012089116739950726,0.10403902344414989,0.1271707890166221,0.01589634862707776
596,0.010048635326126473,0.018600665390914966,0.019868892576659167,0.02497803638208581,0.017484625467460064,0.008247464843141539,0.020815030318404842,0.029141042445766777,0.023006086141394825,0.005626689290054677,0.022416186496743668,0.020330959845883796,0.005568190926599876,0.02428420203813898,0.0067769866152946,0.687288839607782,0.01028507380438827,0.01079297868361732,0.014570521222883388,0.019868892576659167
597,0.009425352040759801,0.020421596088312906,0.017017996740260753,0.01914524633279335,0.018019055372040797,0.06878252274907783,0.023563380101899505,0.05971751728507964,0.1247858418953706,0.005834741739517973,0.01914524633279335,0.018019055372040797,0.010940140761596197,0.0360381107440816,0.4807596676754524,0.006143842774048594,0.009926667626698912,0.00765809853311734,0.018019055372040797,0.026636864463016833
598,0.07268537499313601,0.047699777339245505,0.02157324001142239,0.036342687496568,0.01969730609738566,0.10258016632095811,0.012683828289285114,0.022651902011993512,0.08006754038511013,0.004485525150889805,0.022651902011993512,0.014614130330318394,0.006341914144642559,0.3551405138240928,0.09215143452933462,0.030285572913806676,0.009245674290609598,0.006380817468167188,0.018876585009994593,0.023844107381045802
599,0.011694876254792968,0.03822714951282812,0.540148780164255,0.024568998408164865,0.045872579415393744,0.002109650061224592,0.01678265100563186,0.027523547649236254,0.03822714951282812,0.009691390017336708,0.03822714951282812,0.056111223874598326,0.011468144853848438,0.03621519427531085,0.00839132550281593,0.010751385800482911,0.012071731425103618,0.009174515883078748,0.026464949662727166,0.03627760720751349
600,0.013367267171739852,0.021128906174685574,0.02977254960978421,0.01819433587264591,0.023392717550544742,0.010737640842872997,0.07809796366795488,0.025192157362125107,0.02349610383344993,0.05380516084093121,0.021128906174685574,0.0503843147242502,0.007323432735437789,0.5144923237088845,0.012378722329972672,0.011293036058883668,0.011696358775272371,0.010396763355797664,0.025192157362125107,0.03852918184795604
601,0.012347559055154713,0.03858612204735848,0.03429877515320754,0.028062634216260714,0.051448162729811286,0.002215346821665086,0.028062634216260714,0.06313921521298362,0.012737915547949898,0.010644447461340271,0.028062634216260714,0.019915417830894695,0.018158175081109867,0.032493576460933454,0.4834601034868922,0.03671939354369651,0.013504639658431121,0.018158175081109867,0.029398950131320743,0.03858612204735848
602,0.011621995452153411,0.039950609366777357,0.03196048749342188,0.006983963770677104,0.0236744351803125,0.5010630802162214,0.019369992420255683,0.07102330554093751,0.030438559517544646,0.00900295422349912,0.039950609366777357,0.0376005735216728,0.01598024374671094,0.039950609366777357,0.00695077732803673,0.011414459819079242,0.015590481704108233,0.030053910509891323,0.01746834208836798,0.039950609366777357
603,0.017785777868435403,0.036909280429066625,0.02706531414761909,0.019453194543601216,0.0415001483596826,0.0020294551340634334,0.017291728483201083,0.04947494341391119,0.029642963114059003,0.016381637510401025,0.03276327502080205,0.012191544585737112,0.012205925988141941,0.03276327502080205,0.04433369083069627,0.48767046065031155,0.017291728483201083,0.028295555699783592,0.02706531414761909,0.04788478656886454
604,0.011547918944241004,0.03871949293069042,0.021941045994057905,0.008278871495954517,0.04701652713012408,0.5156574709447147,0.02991960817371532,0.02991960817371532,0.019946405449143553,0.009973202724571776,0.03871949293069042,0.02991960817371532,0.013713153746286193,0.06582313798217371,0.007157272593222723,0.010970522997028952,0.016455784495543427,0.012689813198633531,0.03871949293069042,0.032911568991086854
605,0.016467391504519577,0.045873447762590246,0.03567934825979241,0.03380148782506649,0.02470108725677936,0.010885224892818023,0.023276504223905304,0.022145802368147012,0.03248043331493253,0.012520411977112374,0.02675951119484431,0.03211141343381317,0.011893116086597471,0.5031531362093878,0.058850461298304436,0.010703804477937723,0.014596097015369625,0.017839674129896208,0.03058229850839349,0.03567934825979241
606,0.006757073098211239,0.019363291368827234,0.04446918111457132,0.021514768187585815,0.03175847322399849,0.007501911110747211,0.03417051418028335,0.15483485624215135,0.04840822842206807,0.009220614937536778,0.026404488230218952,0.03057361795077984,0.009076542829137764,0.03057361795077984,0.00841882233427271,0.008298553443783099,0.012102057105517018,0.45484783762897907,0.019363291368827234,0.02234225927172373
607,0.0015572489489240966,0.014987513339780583,0.01051726010284334,0.0207519415473885,0.0113073234888246,0.005194597518741717,0.014987513339780583,0.33575620035525877,0.02697752401160505,0.007391102468932891,0.018605188973520728,0.017985016007736703,0.0075993025384802956,0.017404854201035512,0.0056794787392852744,0.0058016180670118385,0.008702427100517756,0.4238313492309899,0.014987513339780583,0.02997502667956117
608,0.0861384572659588,0.01953632975297004,0.03296755645813694,0.03516539355534607,0.04795280939365374,0.011222997943195557,0.10549618066603822,0.01174936989572108,0.02637404516650955,0.017582696777673035,0.03516539355534607,0.034819366707070955,0.012865387886102224,0.023976404696826867,0.009419301845181985,0.010891005110104244,0.4123537928282997,0.017015513010651323,0.022933952318703956,0.02637404516650955
609,0.011680970087219142,0.15306488431619156,0.05400486684350932,0.0239767280737656,0.03095295793811866,0.0040314852513411185,0.11616420793029998,0.03253984524296761,0.02277789167007733,0.007721319210195703,0.030370522226769767,0.030826907000837057,0.013804782830349895,0.03504291026165742,0.008760727565414355,0.009692719859607372,0.01752145513082871,0.015185261113384883,0.025308768522308137,0.3565707889251564
610,0.3230595900905644,0.0458649066469578,0.013495076513379457,0.018762916355573644,0.1375947199408734,0.0028080555089974165,0.04127841598226202,0.04127841598226202,0.02948458284447287,0.01794713738359218,0.02063920799113101,0.025799009988913754,0.014742291422236433,0.03439867998521834,0.008255683196452403,0.062674701768185,0.05083203935957225,0.0300019662170553,0.02948458284447287,0.05159801997782753
611,0.014994372922705591,0.023675325667429883,0.07497186461352798,0.023675325667429883,0.17060206434570513,0.009778938862634083,0.03056533976301665,0.020839819214823245,0.03460239905239752,0.35199638583850446,0.1061254728595836,0.019557877725268163,0.003102572788726073,0.029988745845411183,0.00707446622734475,0.013631248111550536,0.009996248615137064,0.011837662833714941,0.01799324750724671,0.02499062153784265
612,0.011191621117819052,0.025047913930356925,0.06311342107895816,0.013842268224670932,0.04383384937812462,0.009740855417361027,0.04328569885564158,0.06869985827687898,0.021280874070069337,0.015939581592045313,0.040462014810576576,0.4118222855154833,0.009924645142216896,0.06575077406718693,0.009740855417361027,0.07484758479169698,0.0107016315316433,0.019481710834722055,0.01813814457025846,0.023154411376928606
613,0.003466890403755678,0.06607843859147157,0.051394341126700105,0.038545755845025086,0.06607843859147157,0.01541830233801003,0.038545755845025086,0.008605104617037852,0.08110765749488787,0.017131447042233367,0.033039219295735785,0.03558069770310007,0.020302321255164516,0.0462549070140301,0.015058877282340153,0.014454658441884403,0.36137128524679796,0.020110829136534825,0.038545755845025086,0.028909316883768806
614,0.02569825420318515,0.02038263736519264,0.03640586012117896,0.033605409342626735,0.34159703965213356,0.009101465030294738,0.03640586012117896,0.043687032145414764,0.029124688096943168,0.026559420833562945,0.029124688096943168,0.04854114682823863,0.013238494589519622,0.033605409342626735,0.010401674320336847,0.15400808009863123,0.018202930060589477,0.005673640538365554,0.01899436180235424,0.06564190741068292
615,0.07486609817098026,0.054492303705567194,0.019232577778435477,0.04359384296445375,0.025150294017954086,0.010060117607181635,0.028430767150730705,0.01405971968754116,0.05944614949698238,0.00975981558905681,0.018683075556194466,0.014623252640487276,0.00950672597035142,0.027246151852783597,0.007878405355021764,0.009117891976366777,0.5124003534374055,0.014861537374245596,0.026156305778672253,0.020434613889587696
616,0.024671988122351225,0.03483104205508408,0.005265843173732716,0.03483104205508408,0.04229483678117354,0.008971632044491355,0.07263901178429037,0.03116461657560155,0.041021890741605074,0.0144421393886934,0.032895984163134974,0.46357268136428276,0.03483104205508408,0.03483104205508408,0.00925199554588171,0.006372054834261238,0.028581432326274817,0.012335994061175613,0.03483104205508408,0.03236268881762926
617,0.020683530942851316,0.04136706188570263,0.02363832107754436,0.016546824754281052,0.027578041257135092,0.009192680419045031,0.05515608251427017,0.27880260305328003,0.030085135916874648,0.2587199361166775,0.018517908718231033,0.022062433005708072,0.01504256795843732,0.022062433005708072,0.008071621831356613,0.00813370310441263,0.013789020628567546,0.007719326958334776,0.01251860182304166,0.11031216502854034
618,0.08073756938911747,0.10386554716727532,0.023104956255122044,0.006965738189225211,0.020216836723231792,0.04628464262459985,0.023104956255122044,0.01880324560786881,0.021564625838113905,0.005494227908734858,0.19073090360482042,0.029406307961064426,0.004976452116487824,0.014063886416161245,0.005134434723360453,0.06491596697954707,0.05112132399639332,0.2534560626010867,0.01902761103362992,0.017024704609037298
619,0.0017697917492120183,0.4656492085378342,0.017834643805625435,0.029236746709592365,0.024204159450491657,0.004227516533837678,0.008917321902812716,0.032416995415435,0.01613610630032777,0.004552286754601539,0.010650508710683628,0.017834643805625435,0.0073664833110192,0.022590548820458883,0.004772651159251877,0.006777164646137664,0.01678811188276822,0.26575172448930323,0.022590548820458883,0.01993283719452254
620,0.013764726658823565,0.035788289312941264,0.03834459569243706,0.022120354669147996,0.035788289312941264,0.01192942977098042,0.015517899628745096,0.03834459569243706,0.017546789094783542,0.016927932387340337,0.035788289312941264,0.1391672706744556,0.016714004571800483,0.42084148709007624,0.04123908112270817,0.012781531897479019,0.01220055317486634,0.01677576061544122,0.026841216984705946,0.03157790233494818
621,0.007205622435888123,0.03442686274924326,0.02816743315847176,0.01721343137462163,0.032817590132155065,0.009389144386157252,0.00780100492879088,0.3593162182267343,0.018225986161364078,0.2427528436375893,0.10440139011585219,0.030984176474318944,0.0017135502921865524,0.011475620916414417,0.004068591203059791,0.004997447818438538,0.010328058824772975,0.018976296998499523,0.011475620916414417,0.04426310924902705
622,0.025368915001044837,0.03442924178713228,0.0535565983355391,0.03707764500152707,0.05411485560754895,0.010954758750451179,0.026778299167769554,0.3770506192865536,0.04381903500180472,0.01120952058185702,0.025368915001044837,0.03763625183137743,0.010954758750451179,0.032133959001323466,0.00845630500034828,0.00895269463416943,0.028166880020703448,0.0749866771013483,0.06885848357426456,0.030125586563740748
623,0.013380198026922255,0.06690099013461125,0.03822913721977786,0.04460066008974083,0.05946754678632113,0.014121195122003235,0.01845544555437552,0.03345049506730562,0.041169840082837694,0.007753506111457898,0.05352079210768901,0.03148281888687589,0.008362623766826406,0.005634687229419458,0.4193854766634566,0.013723280027612564,0.012446695838997445,0.021408316843075603,0.007304974261212065,0.08920132017948168
624,0.003409012738082499,0.07908909552351398,0.016897569135204033,0.004636293334346048,0.08925415168797818,0.0015094908530428987,0.10447216087007166,0.07281081251234449,0.0016772430132016016,0.1759050572850569,0.019480072789042853,0.049906223581193114,0.0019090619612013135,0.10227038214247496,0.0016643104277139658,0.04646567492565046,0.07242602788528714,0.1435373784455789,0.008113513335105583,0.004566467553909438
625,0.10246811122691357,0.04258415012027578,0.03935487406152465,0.03935487406152465,0.03219944241397471,0.018641782450195883,0.014167754662148873,0.07267539052304064,0.01770969332768609,0.1076522604909768,0.2759233543600322,0.016099721206987355,0.01264978094834721,0.029516155546143483,0.0053665737356624514,0.005286475620204803,0.06275465178015081,0.06924347768632808,0.01770969332768609,0.018641782450195883
626,0.011884714062131495,0.02139248531183669,0.36840277025917756,0.3332747856189172,0.023769428124262984,0.050377135051135585,0.013801603426991414,0.022518405591407043,0.011514789592920042,0.007376719073047134,0.023769428124262984,0.013370303319897931,0.011259202795703522,0.015280346651311921,0.00629190744465785,0.008072635966730827,0.00891353554659862,0.01664107607125402,0.01782707109319724,0.014261656874557795
627,0.29864719533279377,0.022599498930831817,0.025899663388840092,0.017463249173824583,0.01829483246781623,0.20337147258178362,0.0160079784093392,0.020220604306533732,0.022599498930831817,0.005411147631325929,0.02134397121245227,0.01829483246781623,0.007388297727387326,0.01829483246781623,0.005734201221255835,0.1934363384717088,0.02673858293640323,0.004893874310108711,0.02134397121245227,0.03201595681867841
628,0.02855322038645162,0.026826391483141056,0.029982437539981175,0.3959612564654625,0.01757591166136828,0.08745032826811472,0.0203880575271872,0.042475119848306674,0.1211776470463267,0.008495023969661333,0.03640724558426286,0.02831674656553778,0.01108046604738435,0.0203880575271872,0.009994145846660394,0.009438915521845927,0.0101940287635936,0.061163207212280066,0.015928169943115,0.01820362279213143
629,0.06604465315211713,0.059655025401777625,0.08246046679172342,0.11771558496240803,0.005034984840520355,0.004061559890624939,0.03743060417366439,0.01212038611337704,0.010094680512510432,0.03408858594387292,0.06086541722152383,0.15554495512167202,0.002254470824113592,0.09569343310127004,0.030789690529949742,0.05454173751019668,0.0954480406428442,0.06066346221807864,0.011619195785816206,0.003873065261938735
630,0.038641815903970665,0.305201300296832,0.010238294249227764,0.007927829618050075,0.0116034001491248,0.013940192015977368,0.00791140919258509,0.008288142963660568,0.00791140919258509,0.2986383821996206,0.041193891108449454,0.010238294249227764,0.0029500169870656265,0.006446333416180442,0.0027195469099511246,0.004144071481830284,0.07102866625089908,0.13497966905034378,0.005119147124613881,0.010878187639804499
631,0.007212102620344227,0.03125244468815832,0.026787809732707134,0.015001173450315992,0.07433998842913123,0.004870510860492207,0.01562622234407916,0.0697516519703056,0.03409357602344544,0.2920455747699067,0.018751466812894996,0.01973838611883683,0.007979347579955314,0.018751466812894996,0.006356429428099997,0.030090141098122632,0.010135928006970265,0.2734623566899172,0.025001955750526654,0.018751466812894996
632,0.06528846453835964,0.059172698280123726,0.04818704743008847,0.03760448039865909,0.01783756701777642,0.058292871456762964,0.016687952511433245,0.0421437022947465,0.014358836256442865,0.07724530446444494,0.07264167563800356,0.09408826558827124,0.000776390424531061,0.09485528949252345,0.04657988148366718,0.08934375787749906,0.05982445553654247,0.0688081736146446,0.015681377598045207,0.02058180809743434
633,0.02305367401753822,0.03595327233358985,0.051885506740239465,0.12779754074939667,0.03842279002923036,0.043045424684325394,0.07063319960536507,0.04614307060764183,0.05724867210040845,0.046270133025500225,0.05084163061753389,0.030626861617502464,0.04154600358548161,0.059922120555983074,0.015435151302645056,0.05273146608926512,0.05798367473993722,0.04969889827691031,0.04062089014531906,0.06014001917618665
634,0.0715835079710242,0.07339866120886089,0.05472884563966486,0.05198954774075108,0.015097612590252376,0.04774619981667315,0.05103870975142967,0.014012471685327986,0.08413899038369174,0.013765395896114323,0.033085002590357744,0.09252679716026098,0.08227506310651297,0.05745996247873172,0.05539583284492219,0.0909742170419987,0.052603453575988564,0.03208242675428631,0.0053380844515535176,0.020759217311597012
635,0.010425212162062115,0.026401402097058473,0.4540087377602313,0.060610872904746864,0.029041542306764315,0.10892758729904276,0.018736478907589883,0.02074395879054594,0.027658611720727925,0.008297583516218376,0.02151225356056616,0.02457345157892098,0.011853690737454823,0.030570044533436126,0.0085416300902248,0.007849065488314681,0.01350769409616945,0.015820394738932313,0.015698130976629362,0.0852216567343633
636,0.014539209485891783,0.020482999710591893,0.014968345942355613,0.018532237833392667,0.025107251946674573,0.008107854052109289,0.013419896362111931,0.09392269063930687,0.010810472069479054,0.3031341834354859,0.3489410276614029,0.011119342700035598,0.007783539890024917,0.01768986338642027,0.006080890539081968,0.021983399547158933,0.02336658667375465,0.012211851374632002,0.013899178375044499,0.013899178375044499
637,0.05554499017635676,0.06288767809733088,0.02819976424338113,0.04028537749054447,0.05539239404949865,0.06045446245336518,0.04699960707230188,0.07230708780354136,0.05483287491768552,0.03397834571314331,0.05091624099499369,0.05517345178052829,0.03598407416473113,0.046999607072301865,0.05519034267746866,0.0451684535500044,0.05008154851966593,0.03371710942143395,0.043428862231924256,0.07245772756979874
638,0.0565622212108685,0.03464637481577415,0.07675504574571504,0.06236347466839347,0.03046587304893001,0.03358033251375033,0.03837752287285752,0.06681800857327871,0.08634942646392943,0.05748658545683648,0.04405846673396285,0.03401644072821462,0.0012761792301434628,0.042520550910268275,0.06564576280883523,0.05647011855308611,0.05210113073561988,0.05006966473652866,0.029883998746332335,0.08055282144667493
639,0.012983571517186331,0.05216454488454205,0.05031133962909703,0.023675924531339772,0.02538642086217221,0.006288917453637128,0.014907063593806525,0.1614616865473921,0.021183721949093483,0.31398999171104675,0.025155669814548514,0.015480412193568318,0.010878127487372331,0.04024907170327763,0.007187334232728146,0.09176110415507234,0.011837962265669888,0.06902191916019176,0.02997558762694663,0.016099628681311047
640,0.047673005069535195,0.08172515154777461,0.07150950760430277,0.04516389953955967,0.04237600450625351,0.018734537342132523,0.05661169352007305,0.01029487419874241,0.09370297334224512,0.016278587096914453,0.009108703665103654,0.05389122312208327,0.011627562212081754,0.2043128788694366,0.08844596199225195,0.03064846439408813,0.0294705849520763,0.01833577118059046,0.047387184859261355,0.02270143098549295
641,0.058650172019573336,0.022517476757514768,0.08363634224219771,0.03594925670188838,0.09006990703005907,0.05492067501832869,0.06682606005455996,0.01334368993037912,0.08332060143242115,0.019300694363584083,0.021876747322963307,0.05050461693993633,0.004358221307906083,0.09771136647337036,0.08654726653673617,0.07068649883409422,0.0638299858609923,0.012567894004194287,0.03335922482594781,0.03002330234335303
642,0.0891075352513492,0.027446989649516293,0.00839359356270006,0.07776647067362948,0.0068392243844222714,0.02455783284430405,0.08790992337018988,0.009718897809442175,0.14200833775184515,0.013117059136685118,0.011541191148712587,0.014812661080691332,0.1441419573482343,0.09533764757236454,0.0878604640996854,0.10172751258391627,0.03969167373123529,0.004396644247128604,0.008028654712147885,0.005595729041800041
643,0.05268186652898169,0.07156731169486313,0.02701723658555723,0.05959351791576298,0.09661587078806526,0.04310776598832704,0.036806046014501055,0.08783260980733205,0.001682741494640599,0.05279555780768593,0.04546629213556012,0.042940387016917894,0.06901133627718947,0.06193325050517003,0.017380632840181046,0.044530771721248176,0.07927456064661766,0.034811750529142135,0.023422029281955217,0.051528464420301484
644,0.06266696376062895,0.11280053476913214,0.03889673612728694,0.04064650083490544,0.02074492593455303,0.019479703529198825,0.03660869282568182,0.0332433378376256,0.07193090493060182,0.07112546034703898,0.015558694450914774,0.09767055888334991,0.0017770496071518834,0.05851648308791736,0.09790649616310067,0.07550542895296879,0.06324636553878547,0.05134369168801876,0.00440031331294752,0.025931157418191284
645,0.08361498334744451,0.13951852204768433,0.01563057805533261,0.007997039935286452,0.028656059768109778,0.0028965987407562604,0.01011390344756816,0.20283846666932567,0.013225873739127592,0.10544666763923223,0.004890064040547708,0.04298408965216468,0.004193569722162408,0.01228116847204705,0.003952559968015144,0.005458297098687577,0.022289941392233593,0.26923569378153595,0.009824934777637642,0.014950987705100756
646,0.050353741553505846,0.057654656976961934,0.04878062221645258,0.042005535797500826,0.029957436382713778,0.039578549284756334,0.13690693148815083,0.04860986689622649,0.051526790578267694,0.04638111244307383,0.03652655286739203,0.019650182015637202,0.007000520786849465,0.08601133520440644,0.03531997003994063,0.06092031776818418,0.05178264009918794,0.04928649533573431,0.05974120646755674,0.042005535797500826
647,0.0394613843763279,0.030466509996429643,0.05697633038293336,0.027855094853878538,0.036332732418102434,0.044390531631483786,0.09450835753994502,0.044631175832222605,0.056276643286765744,0.0301763527583684,0.017409434283674082,0.05571018970775707,0.0015031666746610738,0.06963773713469631,0.06445405887520787,0.055173832540955633,0.05158350898866393,0.06963773713469631,0.019896496324198945,0.1339187252590314
648,0.016962277576945982,0.03236159543493016,0.03053209963850277,0.03816512454812847,0.029078190131907402,0.007446853570366532,0.03392455515389197,0.04361728519786111,0.05551290843364141,0.026800367467250643,0.03053209963850277,0.021808642598930554,0.015266049819251386,0.03213905225105555,0.03709614527297137,0.010904321299465275,0.016962277576945982,0.013878227108410352,0.47793373714913284,0.029078190131907402
649,0.014010328464264466,0.06768120533085772,0.04303172314024086,0.024097764958534884,0.03475904119962883,0.010210917355311391,0.02151586157012043,0.1128020088847629,0.03170758547175643,0.470587192708897,0.02317092784474508,0.018826378873855378,0.010757930785060215,0.02510183849847384,0.008731074260338726,0.005258623724275912,0.01673455899898256,0.016473429767188248,0.015853792735878214,0.028687815426827246
650,0.05653237853162504,0.022801392674422098,0.03185116936781802,0.05501237409261603,0.047175295188459525,0.09045180565060006,0.05874370253688173,0.03713863200758145,0.06107229676131538,0.05155248807133877,0.05441241433668911,0.07953974188751896,0.0004999423098360651,0.057533618513847924,0.0517024582903305,0.06349478725604624,0.051318227113659624,0.04711031544302087,0.0444182974177054,0.037638662548687196
651,0.057953119038662404,0.043727139628123135,0.022537324070590933,0.032715470425051366,0.0823843358882946,0.03342461079504017,0.045227963270913794,0.07205619599298982,0.07463659270130765,0.07219245928355711,0.06292889188541624,0.06087058019858204,0.0006373111922692579,0.04687384628127106,0.056332217232500814,0.04457398232051355,0.048294265865552,0.06197764119412507,0.024147132932776,0.056508919802463004
652,0.058931182038622625,0.06477501490505713,0.05754427202433262,0.13663479706535486,0.06011931070875613,0.001348775319046923,0.11870968023707983,0.016323607855920425,0.01717139397598032,0.018860960222354863,0.05322816442198171,0.08094261969286277,0.0021636604076377725,0.07052118558211865,0.026025675631496163,0.08967606055969687,0.01072985137488193,0.021199095787109597,0.03316927487379648,0.06192541731591247
653,0.23496234710144306,0.023613031499018965,0.009698209365668505,0.006922878043991028,0.023613031499018965,0.4250691723030605,0.015517134985069606,0.030172206915413124,0.020888450941439856,0.009528065341709408,0.07221376851373705,0.013577493111935908,0.012630226150638052,0.02586189164178268,0.014942549201251282,0.005377224994826102,0.009205080075888751,0.010191151322445592,0.014292098012564113,0.021723988979097452
654,0.0346165715699325,0.06020033609329027,0.009387534836713224,0.03795001920259268,0.059296905004051055,0.02014565120826711,0.03348531106111118,0.05218127640356493,0.024536650346503878,0.08143722843160374,0.057814482378949775,0.0861365567427268,0.06978789588938315,0.10399764877633569,0.05117434605987689,0.031790987329756125,0.09961880040680576,0.013462000054973753,0.06586416960307531,0.0071156286004861275
655,0.014904225725082001,0.043511077686705285,0.27303324278630325,0.09298330101459559,0.016616893059742732,0.04886083130912686,0.008511091567185304,0.021809672140912333,0.03489547542545973,0.04098136386771081,0.02936997743852606,0.19693066760539085,0.011517638211186695,0.03789674508196912,0.004308083385859227,0.041957110626465816,0.04772621333760486,0.007290886407012583,0.01163182514181991,0.015263678181340955
656,0.0071585748879221525,0.021296760291568406,0.019360691174153094,0.020282628849112767,0.019360691174153094,0.07575067416299305,0.013739845349398972,0.015172071925578018,0.014639757792255745,0.007098920097189469,0.01893045359250525,0.011669457694010085,0.006869922674699486,0.025055012107727537,0.6699527082592298,0.005460707767068822,0.005755881159883354,0.009571577659131867,0.017385110442096657,0.015488552939322478
657,0.010469417337412287,0.03858542479901712,0.01940672482056912,0.029469471023827173,0.01725521195532462,0.00612058244341026,0.008969534475393984,0.01947258003663304,0.03315315490180558,0.621733318400107,0.02652252392144446,0.015301456108525652,0.06660166123024255,0.025666958633655933,0.0052104152044059335,0.007041378032241892,0.0077250069674110085,0.012432433088177089,0.015601484659673212,0.01326126196072223
658,0.040318000997440186,0.09985391893223516,0.004284514312770616,0.002306840108196225,0.0031884757676432494,0.08545569144840402,0.1344551978027407,0.0022476140657157325,0.10716967282032291,0.0013910372742818907,0.009310975303661042,0.08634686072671834,0.0010386701364292403,0.10065859654716973,0.15094189091256316,0.07821219255075275,0.08029629347825508,0.004329603516202384,0.005077942889209618,0.0031160104092877207
659,0.008956473410453091,0.01625434063378524,0.015958807167716416,0.019505208760542285,0.017210478318125545,0.006314635929671963,0.04975148450543328,0.01656102630612081,0.013100513346632878,0.008836388353578516,0.02140815595669275,0.02274353577391235,0.004524404093940221,0.007453218364550908,0.6909223817905903,0.014983072553759826,0.007990972028671908,0.010704077978346375,0.023722551195254134,0.023098273532221134
