site,A,C,D,E,F,G,H,I,K,L,M,N,P,Q,R,S,T,V,W,Y
564,0.0716354304468764,0.059937388840919446,0.07805055604657189,0.0888814109293762,0.02014837950930505,0.021866451247693312,0.0671460362362693,0.023120893399262463,0.07129473091169591,0.050263079490125706,0.027857787563845063,0.08283817989888205,0.0037943096318772632,0.08709577161604366,0.09779160099944566,0.06061275704103583,0.03356577953770602,0.03243966363944799,0.006629560548223213,0.015030232465397603
565,0.004344489883875015,0.006685936730207955,0.008346072379185917,0.008578325274213025,0.007253577778663055,0.002299834601841607,0.006650453300201198,0.008023393534252993,0.009199573551662678,0.8234641563511601,0.023305350304128863,0.008037038323824066,0.027389826957368336,0.023979103334281344,0.005525154966536531,0.0024726520867309138,0.005840992696615469,0.0027761327337410074,0.005418059759849951,0.010409875451659887
566,0.7360947686787931,0.02840586268461307,0.009092576234654178,0.010420063717934113,0.028599591416051555,0.009334043930471615,0.012367353661714969,0.013726434442268731,0.011346948633066373,0.006321927845229235,0.009189649666388224,0.013188059610198737,0.008026551847085244,0.00916005469976613,0.0034932196321540675,0.02085823718972958,0.014660939997408485,0.023855725117703907,0.012444703125280156,0.019413287869488448
567,0.03954679048019089,0.050292535719035754,0.026840100612702058,0.11236701943849425,0.01196353065450593,0.001858013896304837,0.019951345530610967,0.07406386480461322,0.06828320783949036,0.1026166491467131,0.09367035293248023,0.031640098888879836,0.0015718108075184496,0.08710254159967146,0.0917783947793928,0.014049153677863017,0.06711222799092213,0.028524805143607834,0.03483454448264553,0.04193301157435735
568,0.49604286055069535,0.01032500788166958,0.015955382947390198,0.011047558798390335,0.01078750348202067,0.0032554200844263285,0.016716903321602312,0.011643622811416648,0.013775080610724954,0.004492867215223026,0.014558174289316104,0.011650567950197048,0.028461645293086882,0.015782755672380782,0.005734255458297497,0.22658584600178766,0.036261155725826624,0.03958104965507902,0.0107056206585814,0.016636721591887567
569,0.04528416909152992,0.005916237917370387,0.009638000910168889,0.006226047394340569,0.009835136116404389,0.0029782436208202483,0.009021336854959355,0.4734210614075506,0.013345631086998705,0.027124427920510983,0.039849781515848955,0.014238207784861245,0.003188932624818895,0.00991948964850115,0.002396994870018264,0.0038565262871632726,0.005175428187498013,0.3013178406724995,0.005157607711054265,0.01210889837708236
570,0.005300608842790388,0.008810259176169512,0.012639300438233416,0.007801939429370607,0.013857389969611757,0.002542040052485199,0.016720692253152446,0.5633388563452788,0.010319743555705129,0.006669284345822531,0.1275843695328512,0.020805526791325964,0.009942776715180224,0.016129337514977037,0.0031005379996571093,0.030661978865721626,0.08346813763666576,0.03891480555129774,0.006622839282134298,0.01476957570156924
571,0.014319951729459232,0.010274083776610364,0.005471303936766635,0.03956505934382586,0.005253982380173821,0.008912839272289693,0.1668105640454433,0.022220124953683803,0.21270562115877728,0.02440693846459455,0.05224112004933844,0.12106474056383325,0.0023794700971099003,0.021114803674792074,0.18722752408123036,0.009938963628051993,0.05436396113938537,0.009327604496657949,0.015621611034231753,0.016779732173744424
572,0.001202146608470681,0.03304695131322874,0.0024642107361858437,0.0024026124193278734,0.11412491371772389,0.0008453461640213877,0.013885888511163038,0.007575703944860841,0.0038270864674504984,0.4870073107049714,0.16104906652746076,0.010954643030518983,0.001424062602113133,0.043969223827426865,0.0012397515959808806,0.0031718400914384844,0.002311550974377314,0.0013126555780279552,0.0017378307196855235,0.10644720446556583
573,0.07087638550325144,0.06377371147508594,0.009369724318826976,0.005736673223843554,0.007125924141178689,0.0037105908858273496,0.013611144974422578,0.02290889029536699,0.019947937596216075,0.0034351908539264927,0.008475487783274907,0.013021352301427319,0.015209667967913763,0.006186116129587503,0.004593770511138105,0.014272845755273792,0.6979826765378581,0.0035075892183331135,0.005996027967786278,0.010258292559461134
574,0.005031586927604597,0.030969905540709754,0.04897398248791119,0.009528182174170039,0.013336703324951231,0.003636525576081236,0.062132946171128495,0.014005445213913548,0.014639463985955808,0.0035581477768160193,0.010394164272655246,0.01368903219952586,0.00564564904047343,0.014002403916886385,0.00455679984741011,0.007089482565644093,0.005428274328257154,0.004700358663549064,0.0066777966429084614,0.7220031493434482
575,0.003925263091890635,0.005520713471527769,0.007363502109255676,0.009391575280764366,0.006140988043415306,0.002948470012658684,0.02815270190262338,0.008710649889980947,0.021568974762585236,0.017660811834956856,0.3341492405961899,0.0052895441823337915,0.012086555277044124,0.31103962332025314,0.028888858118315444,0.0024906744488273997,0.0058037104290726655,0.004958594535267743,0.17378168453598067,0.010127864157056299
576,0.013650841084170957,0.014471318279880845,0.0566676696303727,0.023017410429670693,0.014114410492550281,0.020009181867215543,0.0292327565054098,0.025630936333709428,0.033655056562877456,0.007643788354897771,0.017502054619031395,0.5280546472995036,0.010039534240029402,0.01384745212921027,0.007409427588942107,0.08310995019008893,0.03972247549174084,0.007716874158373234,0.01563490690884392,0.03886930783348091
577,0.010822078812064425,0.01625200327293718,0.01460231433633356,0.11876003053444438,0.017585219521578266,0.010625754175873055,0.012548102191919298,0.014353519965433258,0.5491077615950511,0.007380619155465506,0.010795662937799134,0.05824734816907978,0.009918579806544313,0.032444990105983035,0.030157436609509612,0.006055802826448257,0.04209343631336277,0.009709809677269764,0.014696833188055577,0.013842696804847685
578,0.03246936538870324,0.008475262177054438,0.010726119919660035,0.03632038284830654,0.012750193861860663,0.006804223621628578,0.009049301974026636,0.09282630719004015,0.015623889760654487,0.028467309643815695,0.020998275842324,0.014959993160327681,0.006465967825567779,0.019279412945225033,0.005996280738310096,0.004891465703533721,0.007795209656647611,0.6434594585108782,0.009070761488995143,0.013570817742440287
579,0.0413467471939982,0.1699146694075746,0.012700508690094526,0.012030209027481777,0.010399174375530396,0.008216501634321275,0.009925068548150005,0.015185643917810437,0.012421628523358276,0.016156718565885762,0.0588490117012781,0.012689915191163057,0.006068193601978853,0.009422352290024714,0.004275172930187131,0.003779451169886394,0.00816959805460717,0.5670204309343267,0.009787453130080868,0.011641551112261582
580,0.01172906413078457,0.1810098028498625,0.010681651277453632,0.015368910282447206,0.009675870869182058,0.07699494150225716,0.008596256940188382,0.016528029767955435,0.1719755722027423,0.1418864363900977,0.03916632859892865,0.01547087170030525,0.003249774250696359,0.1291158520955172,0.07589036988415929,0.045536249297721314,0.030355026825747772,0.004589890723927698,0.004783092916329402,0.007396007493696072
581,0.029703957259272728,0.03328565283424647,0.04088355333778793,0.006212732063080521,0.014725686930199496,0.006278288178079918,0.014870194642245383,0.06857808249499084,0.01186090446612124,0.13924099090533223,0.08711856298463258,0.016202431515979488,0.0073093101360431805,0.012728067252256196,0.004948375415101562,0.0055552215155822565,0.060246891100486824,0.4182617791250581,0.008092201204155387,0.013897116639347727
582,0.01680690630697692,0.020744649646057777,0.010854229919440172,0.01429259122119205,0.04956605541813132,0.006421878671042922,0.10434737267936302,0.021488666310736357,0.02046961827061282,0.5645223285458274,0.015248240558400624,0.012731257243606478,0.04939739091370654,0.016259989296068526,0.008970696454367908,0.011041211496249826,0.02674884190414969,0.006352977658816656,0.011294229735213306,0.01244086775003974
583,0.0084780609743009,0.015682897097930942,0.015854765397141885,0.009774489014499942,0.016568139693395982,0.02851743866158189,0.02507728563499387,0.019493280676010038,0.03341167576441988,0.0059339933143055705,0.014436410106572185,0.015915288061447264,0.008145218660649335,0.02079733969776059,0.6985215049020801,0.01328856568515403,0.01925030141651718,0.007662359840808506,0.007435913608604248,0.015755071791825816
584,0.023297683855741467,0.020298795762608707,0.01720455607189604,0.01726249299175881,0.019937742089597782,0.011245359958086794,0.014227961653891336,0.023193820358149562,0.017483762406359245,0.038632673069048495,0.01678004500717113,0.016667839895468165,0.6099533210341895,0.0353592115151749,0.00880203549666868,0.042895849543061096,0.021781250942775204,0.010327124822358636,0.017308366981327476,0.017340106544667024
585,0.14498509419738484,0.09369939441705047,0.014890316144260632,0.005109619349817023,0.13970900138018988,0.037093206833160586,0.050922652034010966,0.05221490765196939,0.01673458537644246,0.003085266410716252,0.05849068675231035,0.008258160478524162,0.0037388992129291716,0.01103477554092628,0.0028848418865513215,0.06155754185281716,0.034322648648349545,0.04569652123211217,0.006544971109479157,0.20902690949099814
586,0.059403142731128435,0.031951889804098056,0.052624056855907785,0.06140282977619261,0.010393308032704452,0.07274102006497107,0.08049235050641466,0.07716942168790247,0.026685765082225435,0.04552639856092302,0.04497641804958696,0.02369046831580209,0.018197578101723455,0.11214047528580767,0.010149325030033901,0.05986587394305971,0.07651784423195726,0.09929510898510402,0.023286471466556182,0.013490253487900776
587,0.01909763375499129,0.09690584389225335,0.03938906079773037,0.16042933978162136,0.013166118434349977,0.3766544766588314,0.012586244672068824,0.01879846594469933,0.019027007470942388,0.006848049478993026,0.012684995264911018,0.03279941504001175,0.008162977221401005,0.06849546632588502,0.02823633605511887,0.034683609465550526,0.006670757696239399,0.013297809456968327,0.013592132055045456,0.018474260532387383
588,0.0229854459776995,0.013542504935921665,0.012396350999587271,0.05563298472393769,0.016130038323815234,0.6439021250304555,0.020314615044248332,0.021920208382222865,0.019847263916093243,0.006335375357944941,0.018179103765651426,0.01724448428082927,0.01898447491376137,0.021645295649755043,0.029219770918253334,0.00755969612005876,0.011071391657941002,0.016365287733330007,0.012704842449487712,0.014018739819005827
589,0.013067606343002304,0.004525291062604362,0.009448795285619118,0.040207339407019246,0.0368857879181101,0.048151859251898736,0.033975290374400356,0.029423929180909254,0.236533217678864,0.05258689334087149,0.07446910655743354,0.021757810244316094,0.004172883228329405,0.022652403042409952,0.19074295223134155,0.005729711768484057,0.015284682545178592,0.13447339456679164,0.014086476534549147,0.011824569437867092
590,0.025377865688867688,0.27293686413996804,0.009504805433772261,0.012808868734296664,0.01112244949188317,0.00635967524008333,0.012130162261563321,0.05342221120890242,0.02421845193225944,0.004498744019056735,0.035106985025964994,0.014280343676232272,0.025833505169574857,0.007023685488360636,0.0036369429024955247,0.007641852257623731,0.37938917561198077,0.07220125031609041,0.010891293355739497,0.011614868045284292
591,0.03279230317366755,0.04760302026575023,0.03556570856946002,0.014526464736445711,0.01585585959233238,0.017222203680976697,0.017284123079495405,0.035052613987557685,0.020722573697874638,0.06423938231975138,0.0193814973375254,0.029221200145907206,0.008235504005854884,0.020105116358599975,0.006168499654361346,0.005884058483241827,0.009138951218300917,0.5696131405245702,0.017199587091949603,0.014188192076376976
592,0.06188222164136668,0.027013731410494735,0.017167829028199032,0.029906617699879432,0.028562707085651652,0.00558137410955895,0.01375935409292368,0.04994654821046208,0.02044531920094687,0.020695307093808298,0.5414401771760715,0.01591043744791278,0.009805527974087165,0.01597104399014528,0.00943597755117507,0.007518808436729232,0.04140107780706335,0.04725582701197674,0.012649713396762897,0.02365039963478449
593,0.016959302877997243,0.013154721993913984,0.63813823009498,0.03982807851962586,0.011245083756184894,0.02782612832514445,0.023806430298045776,0.012331553306133574,0.01603636037237917,0.004770573372388547,0.012981444332538391,0.04663136551883422,0.006286866288190005,0.013890585516990033,0.005038071960385335,0.004735613284960468,0.006637259046980855,0.018976512705601137,0.023187292465755346,0.057538525962970564
594,0.008557317697162696,0.013092753591092089,0.01667569843945298,0.022429125934498462,0.025655136384101548,0.0075371522737652415,0.018216225816491693,0.6124070315089931,0.01728428917560768,0.012760758297309018,0.022522921983741017,0.01806410467463178,0.0068005190288094415,0.018617376701427366,0.006933037938642267,0.016498101891803067,0.032494482594178024,0.09589652895060813,0.013113707709990303,0.014443729407694172
595,0.011843254909322323,0.020239705281094884,0.025903401359333764,0.015667478794164396,0.021341713510817924,0.010229305397335887,0.015563686012317715,0.5220314870971753,0.024335852084617433,0.05418516965248216,0.04206447722986712,0.026232766142321323,0.009284138501404951,0.01598624531630018,0.006211393663546325,0.013472114799504303,0.04297536184169765,0.07223906002805615,0.03659692088610065,0.013596467492539616
596,0.01140618757109161,0.013779173994608004,0.011762143630530618,0.015983364962579846,0.012122738921398724,0.007019578149299346,0.013694542880781256,0.01589253359554568,0.01409636743001948,0.01884467386442422,0.013757301503005193,0.014832016267625847,0.029997890320188493,0.01503735705107959,0.006049843397434378,0.7394838026952905,0.015524798152279936,0.008128020114577765,0.009597430970178908,0.0129902345280606
597,0.0077667672578818365,0.015562420343355069,0.011778112921028684,0.015585519568964827,0.014858677633253305,0.05551160243724536,0.01737932561915924,0.05377531386930666,0.07725161912185238,0.005695122932901781,0.014492443384099085,0.01308690991858506,0.009427011290894021,0.021852001202508783,0.5990533471386384,0.01845348856232759,0.008303596319114278,0.006790687252343416,0.013592814821995208,0.01978321840454502
598,0.07685258618892027,0.05109611234572248,0.014051682994125536,0.04329397464780264,0.01327111603597999,0.10569513953977294,0.03024004037007103,0.015017983235813067,0.07367684530615184,0.007742748001798148,0.015837846009690935,0.010334152512129316,0.00960567842407849,0.38874694784318,0.06563612614997252,0.035577560754694044,0.007808091242876463,0.005237346402502368,0.014445712428692196,0.01583230956602571
599,0.02534039261940505,0.022966205750794357,0.6139060356706407,0.03611327283708764,0.022518172615571014,0.023943699921242467,0.013255473256896001,0.01778420099697868,0.02127579365938573,0.008074939301485829,0.02208720349234233,0.04553531586008298,0.009444513327147347,0.02122868096579652,0.007186222306235709,0.008974329177270797,0.009969764838094608,0.01141740895944658,0.018158667115021798,0.040819707329073786
600,0.011003524174522267,0.015517839909813258,0.019439482742489397,0.02657052718104736,0.01669327814968118,0.009236461258114406,0.059538494910093956,0.015831807258391485,0.021002916686180255,0.049842972742001404,0.01419338187741953,0.024961748563036026,0.01705886167112135,0.6071037333991881,0.025887258356505505,0.008690771985972347,0.010391727064230947,0.008702571699810202,0.015542550459753349,0.022790089910627778
601,0.009785200303540086,0.019667473690717197,0.020444437071290313,0.020352662440160187,0.02568677413188097,0.018799007975214655,0.01834047819438117,0.054780118261341555,0.0362242471913281,0.009003248077952285,0.01934351316669045,0.01338161612444004,0.014801203342454692,0.02037289698641886,0.5868156784538631,0.044281913532210344,0.011600110183865673,0.01467013512436133,0.018124801733586455,0.02352448401430254
602,0.010188862345754047,0.023978652878049917,0.021844153735932882,0.03260996700625782,0.01658584347004616,0.5969838764263571,0.014615911105059934,0.033070747135654076,0.03598784976596007,0.008141985640377991,0.021524639768728274,0.022556035461698338,0.013400095397287717,0.023619250917453673,0.018373542172530063,0.01014001816448866,0.010458113169573928,0.03598954230944874,0.02695532955376159,0.022975583575579106
603,0.012294250648223157,0.045794263085065456,0.01652958802528343,0.014728926281055653,0.023112759800203088,0.010845210947653398,0.012967413173381811,0.05146238098026471,0.017410902749807708,0.012658019825286864,0.01766567285661935,0.04404495512666715,0.009700785448244006,0.020480052705845065,0.0417672842286652,0.5642621486607754,0.01891683834483086,0.01874994777496599,0.019566111839964293,0.027042487497197426
604,0.009872630346649177,0.021963662910642244,0.016995802757561133,0.026499518906235545,0.02760173020547486,0.6396673308837054,0.019791209618064114,0.02050887666140692,0.014253095217191097,0.008270407703907724,0.02543129566912096,0.019352018557442566,0.011017317522228058,0.02390117792034674,0.029176779017970222,0.009471961412770475,0.013905448047695227,0.021534237847776375,0.020359472534339597,0.02042602625947158
605,0.012618542911096025,0.025512969219422244,0.02017290522587814,0.03659529141414907,0.01605394298080608,0.008597133332212051,0.030974693727632775,0.017492534438151422,0.03946385591534384,0.021978017801976987,0.01871165849186742,0.020284760084765752,0.014228227979383695,0.5948714007629036,0.05036785211318946,0.008449641700818376,0.012381980112195979,0.013994407770223673,0.018669005737434092,0.01858117828054935
606,0.02522374646159496,0.014729432297070065,0.04782600871006068,0.01673272975675647,0.041388254874312885,0.013088694715867103,0.019310092447378236,0.07223630720572236,0.026777963615067422,0.009019067221188174,0.017828559321493062,0.019581164009147254,0.008305726189097674,0.021346369317173663,0.007964759521755802,0.007813924532522878,0.010762328504049993,0.5867226329273294,0.01521979799340972,0.01812244037900212
607,0.011364840344935104,0.01281731646545838,0.02372176765178803,0.015146524541195652,0.018202827891501704,0.007333480038563229,0.012711508518113911,0.2506111884198384,0.01894889853753559,0.01315354882688091,0.01281812975027018,0.013122343070708758,0.006821567182585724,0.0118444582193481,0.005015518980085221,0.004907889089233986,0.007299969689401898,0.5214228084119421,0.011910638377198279,0.02082477599341482
608,0.05064666390688974,0.01671095671374794,0.020591377916277413,0.02322607127343371,0.025691474717986655,0.010063206462191377,0.036249301107191996,0.03311710269352643,0.019747641211708307,0.014614564310907121,0.025323131542919514,0.03686072937228159,0.030120978945683368,0.0176122460436222,0.009295238734307728,0.00979870981300222,0.5688427057106299,0.014131974181022841,0.017717198840086015,0.019638726502583928
609,0.011277002705074604,0.061063361091696355,0.052089922881286985,0.020340571993299722,0.03701470042713759,0.004677436221571348,0.047517245613842345,0.022670229947384952,0.016765751373665046,0.007898309533896463,0.021658736493129514,0.04669472516891991,0.012740069566816127,0.023651610823959213,0.009707264570114095,0.019212198095489005,0.016200706257521853,0.014786015417858909,0.019596954952914213,0.5344371868644219
610,0.5001424409358036,0.02699527103875431,0.02408615545741675,0.01636114196913366,0.034469274611572814,0.0067730976319593525,0.028201681705915752,0.03046387957306452,0.022810880682929822,0.01676910637669925,0.01855167894835575,0.020613693450210965,0.01474872460454657,0.024505423023597622,0.009146848782339963,0.05857941749667103,0.0554278438518374,0.04059634892175269,0.023900172719097418,0.02685691821834068
611,0.013706945576709975,0.017664601676133894,0.027266575513101396,0.016910688138945935,0.09626012834235394,0.010091555167327102,0.02790780802192683,0.023055685923750846,0.02218444395331388,0.4755909628478812,0.11109159866257805,0.017891967843233474,0.03170873495257129,0.020608180204603373,0.008963526175435211,0.01331978432503478,0.01036985476806429,0.010795547776783262,0.029821934745085082,0.014789475385166194
612,0.010112076005571931,0.0170694615541096,0.04886411316657515,0.011273287928897681,0.025064390766885103,0.017105426834861197,0.049951458680736145,0.056216893894741625,0.03241082493582228,0.012260556703695746,0.025367080121788357,0.5269178713274174,0.009329421323114187,0.031687898096184504,0.008869456624080186,0.0504438953829864,0.019629189397374888,0.015190998899337968,0.014352393447498361,0.01788330490832145
613,0.032097950900306385,0.028682692859912186,0.02739154316474124,0.022231394206750795,0.030061136596079712,0.013509814981060993,0.047931052172125566,0.03286570018214531,0.07065155514982914,0.01463695537502594,0.02270417848444553,0.022313086129806595,0.03229294218378274,0.02938390777597509,0.012980810749143973,0.02191668357622728,0.48085208222278963,0.015083830848935111,0.02293614996083929,0.019476532480077503
614,0.0193809635961283,0.022165054949600475,0.024172063108193077,0.025189731482328483,0.5089971039429455,0.009468795770360932,0.024233394904976426,0.037855392202158465,0.022064776644297093,0.03881889523807356,0.02113421016447577,0.027241805625956773,0.01277139770240586,0.024561006963606247,0.010805398947948418,0.07539995137015074,0.01718398152710377,0.009341681112530939,0.015325728473191467,0.053888666273567705
615,0.05077595915050471,0.02578499099067676,0.013993045070007966,0.023419163387351272,0.018575724110572425,0.008833241112042537,0.021142514462557303,0.03598971169604275,0.02536876355710875,0.008334496853341661,0.014691481334507399,0.022543424611268202,0.019919964153593595,0.017824706639345902,0.007248505605588565,0.014368131216317187,0.6258347376508223,0.01086689138662216,0.016979923470910107,0.01750462354081851
616,0.0164602766502355,0.022579674312265676,0.028666615337975578,0.021506647527508242,0.021749517811437392,0.0070187039771167125,0.05345881593514955,0.031213067380958193,0.03658173696043733,0.010367927270981207,0.023884294414205417,0.5375238887499743,0.019311228133521784,0.018826990091297114,0.0070805531073419945,0.030008472637055462,0.04319768818329518,0.01031651730223437,0.0197996186040555,0.040447765612953594
617,0.014850071129286357,0.02482623741225739,0.016381550236922948,0.01598012444034203,0.043572966846747344,0.009998521885668177,0.030437051829754484,0.20634971740573388,0.02410174095315162,0.3860817057026525,0.03851802050884611,0.018109431677005603,0.014828967662427741,0.01849231366261983,0.008810341129094856,0.03270396325711669,0.01358349018723987,0.016095103615925276,0.02432863652965271,0.04195004392755459
618,0.0748486661450655,0.10035019360047592,0.016845607749259233,0.01750048390667983,0.015749005659762248,0.052075639664396337,0.01637591597693169,0.027129971700144518,0.015520998308479693,0.012586603520097658,0.15225883584508013,0.020991050572768857,0.004459712070651957,0.012018429297205587,0.004892366732983402,0.07194081800567022,0.06014154471040175,0.2979190638610437,0.014049924060922947,0.01234516861197885
619,0.015122253535284147,0.3561292420706386,0.01453265174799468,0.041621555282127916,0.016870972259221927,0.01155398999593742,0.008031033626517609,0.04482657022450254,0.012573388523187373,0.009421961354890014,0.03037712723085176,0.014368217565413812,0.0067872468807925815,0.01590060021245375,0.005087795750610134,0.0070103282701292,0.026355713357633148,0.33089563391005666,0.015918578420918657,0.016615139780838003
620,0.011104055871605185,0.023258516283365588,0.024368106621572228,0.03299142382321921,0.024095258993405404,0.01014630384765191,0.014916021565876465,0.022693117483099944,0.022438467771688526,0.027551428594550304,0.02041509127775669,0.10767242729651143,0.023777860651836312,0.5181140638063648,0.04121046894576735,0.010051213212045303,0.009682180648219681,0.014774701078068693,0.02035539076033151,0.020383901467063464
621,0.007134446867762429,0.025093698694551716,0.02018368135069556,0.014405504128538388,0.03978288897881589,0.008804992077377763,0.018540444999819505,0.24087206977777104,0.01585560881084915,0.3468392559913274,0.10391864470991957,0.022995502598161455,0.019715603973671586,0.011332130139827623,0.007964548793803518,0.010741800938069944,0.010155957164145801,0.028843186379993835,0.01134858127150064,0.03547145235339715
622,0.0205452952676908,0.023633945626444955,0.027379478658580085,0.02407858784732525,0.0605042541880501,0.010383226585334913,0.01929875918764975,0.49557047461440695,0.025135350244874725,0.017547730668064244,0.017810252260365367,0.04634770996123027,0.010066833446063692,0.018628559768745077,0.008227723694041188,0.02014647685402392,0.05015262787861083,0.052178905273789954,0.031012499273429864,0.021351308701278094
623,0.011262672687288847,0.0314245313455411,0.023346229826257236,0.023942489334623014,0.032452747871753305,0.021569901813644463,0.01563093519109883,0.022350219750528803,0.025611845335664754,0.01970015658505944,0.030854132608260334,0.022779277536038253,0.01979895415747727,0.03352858374427494,0.5642926688616539,0.0126003965833599,0.011419679959594373,0.01732815398939126,0.02814241237967657,0.03196401043881345
624,0.005443216860949052,0.07953884989503075,0.019030630781121015,0.004706331837517231,0.0892418679051333,0.002559955066941168,0.10402623812233024,0.07330996071359505,0.0015629523980778717,0.17170816987342125,0.02375333724838462,0.05113257344556551,0.0016236026402252743,0.0922053237842223,0.001464134644865355,0.04831084223914984,0.07482484310389803,0.14012665810652186,0.006837009137092682,0.008593502195957598
625,0.10726778934473294,0.05612965189936948,0.024879380955828923,0.02294392715608695,0.02278423233393694,0.014994406970447675,0.01223401477950001,0.07041113668648041,0.014791614536845339,0.12311670571195402,0.3424085294370241,0.012644982856683423,0.01115482923227547,0.01636090121510231,0.00870623770626813,0.005159452808785464,0.05104700162377855,0.055282781348470124,0.013756419753578652,0.01392600364285116
626,0.014737565380871703,0.02239091862968648,0.04922330022097541,0.6063663501472545,0.022229668995883117,0.052330890657385214,0.01651241159166128,0.021316352651773757,0.036382090618076464,0.009506685961404016,0.02254885016078962,0.015079824382934886,0.013259244743551371,0.015238389654567077,0.008423197568490503,0.01030918999992968,0.009490539842762257,0.019823069391832707,0.017851285823016597,0.0169801735771534
627,0.34267421166846496,0.015196085858108261,0.04161484245330733,0.013171834561464863,0.012161282531440448,0.202523618474157,0.012474362599809153,0.015102213609360135,0.014466778008560135,0.00486389859252782,0.013534612567138473,0.014313566628432844,0.006063413252054923,0.013157438797469634,0.0049525943316475985,0.1849461441417136,0.03187686447654902,0.022263574838894705,0.01564747894500845,0.01899518366389062
628,0.0384638946389004,0.018930514612128094,0.0409486492455852,0.5285252474960754,0.014974021167973165,0.06299352662092426,0.015431153671911597,0.027753309584038915,0.06741394484351891,0.007873029608942405,0.02321567724110108,0.020109322646653088,0.0098886992794756,0.015730044566734172,0.008809113240399244,0.009122044651609384,0.009395352644453327,0.05276869137063285,0.013056356028401982,0.014597406840540771
629,0.06646708250376246,0.06056680345769315,0.0626469385738248,0.11855372537036385,0.004235463928741447,0.017818354193571063,0.04217508500171686,0.01860894611222691,0.021984118476625736,0.034499237711374246,0.0599801026852542,0.1375408139386209,0.0017406102629818044,0.08593243653090751,0.03146001699754105,0.055462743089362394,0.09532579130184765,0.06001416639597165,0.01848778872444806,0.006499774743164272
630,0.03998476611161363,0.26882419879702574,0.008440889951950576,0.015566966602135062,0.00959980323927894,0.017830113546312008,0.006430464667960227,0.0076264442746583954,0.007210187901935378,0.3084081602975176,0.040065517387979824,0.008950210393862,0.002770203014580798,0.006125852538805315,0.0023261803448258764,0.003643241339405469,0.07835025178685759,0.15370598564993962,0.004792255665782494,0.009348306487573517
631,0.006468605101223871,0.020243044954861573,0.018589012893979358,0.011750054233702237,0.07121166944951912,0.00455277494175086,0.013296869806978319,0.05677130352590958,0.02167334717629432,0.3667466555861267,0.030593505473027666,0.016344273501787496,0.007386593418720861,0.015147117800418388,0.005922209405850252,0.03826297325375137,0.009712009814348648,0.2518119764431564,0.01914959975882096,0.01436640345977205
632,0.06524671503489479,0.061075046581046184,0.04856254731201817,0.03683364280796848,0.01930914085332368,0.059046370755460875,0.017686613505990607,0.042321490482129076,0.01518809855738628,0.07516364778722988,0.07369976384060999,0.09112920444330419,0.0013859405216319581,0.09262525065892614,0.04708127177570189,0.08830098914122889,0.058361090204848594,0.06693170423613214,0.018393053552769514,0.021658417947398652
633,0.02375401686682642,0.0385690907275672,0.05488556401290096,0.11735339632796693,0.04049183221223898,0.042438399165172794,0.06862548369437231,0.04454896412059751,0.05883433019345781,0.04639016690001863,0.04976588627518755,0.033590542744655165,0.041128479960111104,0.059945995017154384,0.016409326241613845,0.05190123869388126,0.05762294684227164,0.0501104450489956,0.04132641364613347,0.062307481308876415
634,0.07157086861750044,0.07071336064125798,0.053139855306984826,0.055784788131983065,0.016883285314436464,0.04765263652901711,0.05046195337272353,0.01584870584828534,0.08279897451410412,0.014573666420070555,0.034886854897030625,0.08780366648109472,0.08147126118207951,0.056764299395250226,0.05393750586767778,0.09184003821386395,0.05231893432270535,0.03210529568164868,0.006921254696518444,0.022522794565767255
635,0.018692300173688482,0.017063924146216807,0.5579356024905878,0.06103238321583729,0.017884769098240345,0.06983441815961272,0.014333919247675889,0.015623074378385053,0.018686495311691368,0.007455408997173254,0.01666670844049765,0.03860851316382933,0.01103448178543349,0.02033323947552849,0.007892594529346082,0.0066176477253595874,0.010332428709405605,0.013246337509225634,0.01291924718454332,0.06380650625772176
636,0.023338167687066435,0.017004824652822947,0.012642965517156607,0.013908107978099576,0.03410857307267627,0.007060085615597936,0.010934870742077168,0.06241700149549124,0.010045926347308162,0.3919473844913788,0.26278849112251396,0.010615472314618199,0.008052226880636946,0.014208617051970936,0.005880900632382507,0.03331218617307428,0.03396558582265659,0.023079976684345558,0.012911291960664206,0.011777343757461737
637,0.05420515671279216,0.06217102251120151,0.030316238745779638,0.04055202269532335,0.05737199804731862,0.05788499907777574,0.047654080173883014,0.07225336728659076,0.05318399610995732,0.03452488179059156,0.05412536191169937,0.05370222922590625,0.03668305390819789,0.0473814356646374,0.05499560567266191,0.044298764620555424,0.04976194817289587,0.033441751043018886,0.04236785595886948,0.07312423067034383
638,0.05697530352930448,0.03580810532882084,0.07331693445612589,0.060413761381852484,0.0333423063621293,0.03403864929355201,0.0414648767923066,0.06471793914698673,0.08467884917634598,0.056798387767095664,0.04519545386758772,0.03498684874136136,0.0010345525043693878,0.04405140164236697,0.06566531141246863,0.05575148667094064,0.051867931199072737,0.048715912417820764,0.030617221471601442,0.08055876683789037
639,0.01073482357163686,0.0570393341323791,0.024059411930748724,0.017759643786455667,0.04586860122099817,0.006229589025189637,0.011744489603828626,0.1428830309041974,0.01597304146334662,0.37382014730135715,0.03067364765392408,0.01173009410825908,0.01854820981961986,0.023122561607832427,0.006546918380270948,0.07423323089847006,0.018804862945371686,0.06178322991636543,0.03594483143680489,0.01250030029294357
640,0.04700339034776332,0.08233092775093287,0.07107550209011207,0.04752328570241021,0.0454079277190582,0.020348579951959003,0.05955816530024929,0.009511701896177508,0.0933470243808524,0.018282389924054412,0.03310937580315448,0.05872725207266817,0.014770564195446343,0.14940211747671284,0.0913491905045483,0.03215398797976612,0.0321460599306122,0.021676244708999415,0.04481010943503318,0.02746620282948969
641,0.059361268835567554,0.026478989206298764,0.07779349978552305,0.03437587647776207,0.08250339788768299,0.05450804692351171,0.06581403454734126,0.01680203772642029,0.08264819754685084,0.02029905716575019,0.029198030177826656,0.050187308184102025,0.005786523228406076,0.0948183199124804,0.0858492144986315,0.06988443362254045,0.06351837126996081,0.01421474028809597,0.034621499264638714,0.031337153450608675
642,0.08560198146409459,0.030645652187402884,0.012925099045880486,0.07579993187915618,0.005454890709485503,0.02585068743637379,0.08688486004211629,0.01666347773269497,0.13268818572504779,0.019239932068117735,0.010047453665313545,0.02104009375112325,0.14684495343697612,0.08972875452533123,0.08909760826541244,0.09881367341842992,0.03877834875767102,0.003589635951005161,0.006049698160442921,0.00425508177792413
643,0.05267944888313333,0.07092925008944966,0.027229964284199968,0.05859174370608203,0.09196631703480745,0.0418759559591395,0.03972986701591445,0.0788373801977674,0.010256457174307981,0.05250257865517842,0.04958866575873424,0.0458179672320217,0.06721025921023693,0.061418356999158825,0.018242967994192123,0.04399219339778626,0.07634749379745114,0.03466364909917085,0.02507259977092062,0.053046883740347106
644,0.06274759689377254,0.11020271174160075,0.0415545888182757,0.03927602394338123,0.022848673054419424,0.020855890514640284,0.03882026998602398,0.03319470639365656,0.07165355464828647,0.06942294943144835,0.01794704887479448,0.09140467546458901,0.0029973587512629836,0.05846825882581951,0.0940299739322588,0.07699282128820019,0.0646911292092968,0.05079890305103811,0.003728476459828619,0.02836438871740623
645,0.06392290759322876,0.13764923390596026,0.011759271239247443,0.006861445521770039,0.019576848129057675,0.0027825847582256215,0.009182030077417329,0.17909511726883634,0.012369176156599299,0.11665504429844609,0.020910952725738504,0.02297207110494417,0.004168045599593885,0.009855413295218489,0.0034471089238372037,0.005464459181054796,0.031027575299453936,0.3205691816462655,0.008463141410236446,0.013268391864868204
646,0.04949987813140548,0.05834491470508472,0.04908724443769793,0.0443493883036187,0.03094916770645952,0.04007692411183663,0.12767097350055973,0.04830233873765969,0.05413866119770391,0.04666920334262559,0.03939993101130901,0.021099905698443215,0.007490663110091517,0.08484753355043598,0.03560634660450328,0.06118519950805911,0.0512272334165987,0.04880265959121457,0.05971396169292307,0.04153787164176965
647,0.04057364336341439,0.03214921586749049,0.057511282040830426,0.03318856278595381,0.0383581954150298,0.044379749638352825,0.08757704114739304,0.048753841706798424,0.056012083435387265,0.03011435333483766,0.02236858388577778,0.05581760207698147,0.002364649007603532,0.07058737075153862,0.06302505359874781,0.05509296134993656,0.05282149480907398,0.06658148606724423,0.024198270464826817,0.11852455925278109
648,0.013409433400002283,0.028477493283074334,0.020042116758143838,0.021779883187634,0.01896710157500401,0.017737477296159015,0.020888473579654253,0.023058229483954557,0.028167327951872663,0.034700520003655685,0.021429484276591387,0.016347447326764537,0.011991019568308857,0.02059843787508635,0.04433513644308845,0.009616050574384999,0.01484588735689141,0.009693005982639936,0.586781700320732,0.03713377375635756
649,0.01077895244002505,0.06503269992617204,0.02256231248496735,0.016835041798375854,0.04530598804688326,0.008239319844153223,0.015567893097308407,0.10100114858455003,0.019198834313155753,0.5215705785356056,0.02843167654053879,0.012493991237531352,0.018199781222363123,0.017257398713252704,0.0070980913352404725,0.02400724729920402,0.011567751289078486,0.02424787481249083,0.01206088516958973,0.018542533309513904
650,0.05572024874968387,0.024827647306402176,0.03242579380470512,0.05674741186908907,0.04900967075045328,0.08899274121716241,0.057618648258620946,0.03776500463275034,0.05953313252023352,0.052469912630217115,0.05306070222983367,0.07795059606534417,0.000371649947653561,0.05699175832223377,0.05103410634847034,0.06244063742953027,0.051063006513293166,0.04819243095228626,0.04471542318318345,0.03906947726885346
651,0.056840085926183746,0.04336684467000877,0.02387783408472565,0.032856337594170115,0.08118362951915647,0.033069281467382895,0.04493234747411709,0.07004029176232059,0.07414922657471439,0.07325796781893808,0.06231259308013922,0.0618468114500764,0.0005944156942220773,0.04811212983303208,0.0556184921012846,0.04396067423159701,0.047840736760296876,0.06390039301997374,0.026665307857648844,0.0555745990800113
652,0.05918265756795104,0.06504311437686681,0.05633910526794074,0.12101573325767156,0.0624525001347554,0.0011388602916785773,0.1152483500189348,0.02564686947834677,0.020050184054070285,0.02048618165985355,0.053112877181982536,0.0807940810912379,0.0018742727669744206,0.07001572046470364,0.026526530102846765,0.08864042059083163,0.012385942260211886,0.023841058019012606,0.03541600835437751,0.06078953305975157
653,0.21929842421997023,0.017413209544043465,0.00819111571845077,0.02474416984348439,0.016817358665847434,0.4706158099342335,0.011453298348723676,0.019210590376516092,0.015133797433084541,0.007833441751851534,0.0712077674674081,0.010376421913570818,0.00950178445304627,0.01686542057290448,0.02619391752806044,0.004315752831476599,0.006620957171931273,0.016682093173888683,0.011249116962888689,0.016275552088619104
654,0.03424117079295011,0.05849736886347387,0.015306305283729523,0.041718001776517306,0.06132784971552262,0.02001573302074142,0.03675053353393278,0.0533882097853127,0.025718088867108798,0.07940766447112355,0.05832635826916714,0.07939651130759175,0.07043322267419694,0.09833262401589496,0.05161087402828308,0.031562573914414034,0.09408531748115297,0.014459307365906105,0.06441636915715106,0.0110059156758293
655,0.01803836571253222,0.046947427046282415,0.27744556528815534,0.08330008132587438,0.011851676725308867,0.04378601855857081,0.013279314621201802,0.026203173964982035,0.01987338257886139,0.04304659332529498,0.03427506133101121,0.16547060100421135,0.015574420045619652,0.043178132166945514,0.0036246014810414613,0.04521153776598545,0.048981247814382935,0.01615177743848723,0.017196140708000542,0.02656488109725043
656,0.006380366588092315,0.013078331782713613,0.014213987101377449,0.01384576819086262,0.012868023200931293,0.05896981076367781,0.011161571754229622,0.013388840661965074,0.03453364768038277,0.005407000643760108,0.0254778722096203,0.00889124663906056,0.005582293550619412,0.016250918329722357,0.7084643602720012,0.013217063628129137,0.006458294739452164,0.00750317505460713,0.013415929062647484,0.010891498146147436
657,0.0075666583744684,0.04549744735911333,0.01233318329076479,0.018688534650126827,0.03520391400358085,0.004552110429554068,0.017522546651644533,0.02633902952977735,0.01988532690606597,0.6654178783553616,0.01728020980685361,0.011438957931994318,0.05688700306913906,0.014324960571119599,0.0069384762362601,0.006200163028394174,0.006044746117372109,0.008193689294659294,0.010829305682894494,0.008855858710855613
658,0.041192307645392064,0.09698692233095796,0.003670459359332189,0.015210435814307999,0.0025154288156369908,0.08417237764455705,0.13113388495657574,0.002886747514648264,0.10745419986058646,0.002128179053233664,0.010874622914365122,0.08566840527205236,0.0008581871634272812,0.09772676845584424,0.1463492418030022,0.07822902622703092,0.0803994882944759,0.005724013106788498,0.004052230506736414,0.0027670732610486203
659,0.0072429930406004,0.010934057236379599,0.010046351217059313,0.013706242281383186,0.01184574553570143,0.009254462427044974,0.04957743701014952,0.012603333884562432,0.01923582752859169,0.014827224896274104,0.014075718642064302,0.028120200240308396,0.0033705025983544034,0.02693347916296635,0.7028283666704817,0.019312368044230123,0.011538263584435871,0.00808911151774927,0.013498358709201762,0.012959955772461252
