site,A,C,D,E,F,G,H,I,K,L,M,N,P,Q,R,S,T,V,W,Y
564,0.08523,0.03789,0.04463,0.06044,0.01562,0.02167,0.05426,0.03291,0.09206,0.05661,0.05921,0.08679,0.00626,0.08519,0.09976,0.06203,0.02926,0.03744,0.01528,0.01746
565,0.00604,0.00896,0.01055,0.01183,0.01125,0.00315,0.00951,0.01256,0.01088,0.73618,0.10583,0.01026,0.00861,0.01532,0.00238,0.00356,0.00682,0.00395,0.00822,0.01413
566,0.55908,0.09886,0.01243,0.01797,0.04179,0.00382,0.01795,0.03245,0.01442,0.00598,0.01438,0.01933,0.00687,0.01277,0.00429,0.04136,0.01557,0.03921,0.01745,0.02401
567,0.03205,0.04663,0.02194,0.08775,0.00826,0.00127,0.04122,0.05234,0.04418,0.08682,0.11018,0.04991,0.00155,0.11087,0.10143,0.02958,0.04472,0.02332,0.02475,0.08121
568,0.40634,0.01455,0.01055,0.01473,0.01444,0.01626,0.02109,0.01977,0.01917,0.00591,0.01924,0.01608,0.00820,0.02110,0.00586,0.26854,0.05406,0.02839,0.01495,0.02076
569,0.01545,0.00649,0.00752,0.00843,0.01070,0.00110,0.01069,0.48477,0.01383,0.06326,0.11740,0.01301,0.00335,0.01343,0.00227,0.00381,0.00799,0.19909,0.00426,0.01315
570,0.00673,0.01277,0.01703,0.01062,0.02915,0.00297,0.01741,0.43668,0.01547,0.00495,0.17015,0.03360,0.00955,0.01868,0.00323,0.00501,0.13324,0.04713,0.00825,0.01737
571,0.00662,0.00485,0.00584,0.03365,0.01400,0.02652,0.23310,0.00836,0.14708,0.01435,0.02413,0.12612,0.00235,0.07148,0.14466,0.01332,0.04640,0.00741,0.03701,0.03275
572,0.00132,0.03452,0.00228,0.00288,0.13380,0.00089,0.02819,0.00609,0.00376,0.38814,0.16906,0.00923,0.00151,0.13717,0.00120,0.00200,0.00167,0.00114,0.00183,0.07331
573,0.20606,0.01622,0.01480,0.00925,0.01199,0.00428,0.01396,0.02819,0.01353,0.00393,0.00972,0.01517,0.01117,0.01032,0.00287,0.01461,0.58805,0.00455,0.00743,0.01390
574,0.00721,0.08354,0.01564,0.01485,0.02250,0.00446,0.02860,0.01985,0.01862,0.00571,0.01733,0.02805,0.00832,0.01828,0.00666,0.00806,0.00799,0.00630,0.01086,0.66717
575,0.01868,0.02327,0.00906,0.01527,0.00735,0.00249,0.09760,0.00803,0.00795,0.00729,0.26808,0.00724,0.00621,0.22921,0.04534,0.00287,0.00535,0.00306,0.22576,0.00988
576,0.01638,0.02391,0.04309,0.03139,0.02066,0.01355,0.06241,0.07001,0.02922,0.00860,0.02623,0.43724,0.01235,0.03799,0.00860,0.06757,0.01588,0.01069,0.02444,0.03979
577,0.01445,0.02553,0.02259,0.02427,0.02854,0.01172,0.02577,0.02228,0.46470,0.00853,0.02066,0.10652,0.01426,0.03689,0.09209,0.00950,0.01420,0.01167,0.02490,0.02092
578,0.06901,0.01006,0.01232,0.01183,0.01224,0.00382,0.01052,0.28302,0.01446,0.09705,0.04607,0.01452,0.00603,0.01656,0.00454,0.00423,0.00706,0.35631,0.00833,0.01203
579,0.09483,0.09416,0.01877,0.02885,0.01543,0.01396,0.01826,0.03018,0.01956,0.00652,0.00892,0.02160,0.00939,0.02337,0.00581,0.00585,0.01077,0.54182,0.01332,0.01864
580,0.01684,0.03436,0.02510,0.10333,0.02297,0.01767,0.01489,0.01518,0.27420,0.04580,0.07257,0.01138,0.00724,0.07713,0.17033,0.01973,0.03358,0.00944,0.01221,0.01605
581,0.02989,0.02634,0.01259,0.00672,0.00853,0.00358,0.01562,0.04612,0.01237,0.14539,0.10225,0.01337,0.00647,0.01501,0.00404,0.00482,0.27302,0.25243,0.00736,0.01408
582,0.00990,0.01857,0.01775,0.01952,0.08628,0.00675,0.05034,0.01330,0.02391,0.44639,0.02140,0.01735,0.13075,0.02404,0.00553,0.00594,0.05922,0.00872,0.01473,0.01962
583,0.01101,0.01928,0.02222,0.01847,0.02055,0.00455,0.05547,0.02738,0.11099,0.00721,0.01924,0.02487,0.01040,0.02931,0.54281,0.02147,0.01037,0.00946,0.01272,0.02222
584,0.01741,0.03336,0.03232,0.02763,0.03320,0.01431,0.02149,0.04681,0.03302,0.00544,0.02674,0.02962,0.50422,0.03459,0.00978,0.03678,0.01831,0.01269,0.02860,0.03367
585,0.17270,0.13144,0.00736,0.00776,0.13993,0.05212,0.06262,0.04390,0.00966,0.00691,0.02308,0.01197,0.00466,0.00925,0.00912,0.08937,0.04854,0.04267,0.00598,0.12098
586,0.04971,0.02632,0.10430,0.06201,0.04806,0.06924,0.03004,0.07268,0.02707,0.06773,0.02498,0.03500,0.04905,0.06635,0.00859,0.06055,0.05243,0.08719,0.02608,0.03262
587,0.03148,0.03371,0.03487,0.16533,0.01400,0.23262,0.04920,0.01858,0.01825,0.00900,0.02358,0.04145,0.01005,0.17580,0.00798,0.05907,0.01522,0.00407,0.00894,0.04680
588,0.01234,0.02238,0.01825,0.16448,0.02008,0.47366,0.02954,0.03022,0.02971,0.00708,0.02420,0.02492,0.02208,0.03638,0.00722,0.00862,0.01450,0.01995,0.01491,0.01949
589,0.03204,0.03433,0.00756,0.01163,0.01156,0.08065,0.06829,0.09295,0.11659,0.06137,0.07111,0.02327,0.00282,0.05051,0.14505,0.01602,0.06465,0.09224,0.00641,0.01095
590,0.04181,0.44069,0.01414,0.01480,0.01186,0.00443,0.00971,0.06292,0.00999,0.00327,0.02466,0.02221,0.02222,0.00986,0.00318,0.01010,0.21457,0.06254,0.00778,0.00925
591,0.06541,0.13575,0.02544,0.02494,0.01831,0.01021,0.01916,0.07257,0.02723,0.03714,0.02838,0.03723,0.00822,0.03088,0.00743,0.00739,0.01016,0.38946,0.02291,0.02178
592,0.02127,0.02055,0.02800,0.02394,0.06101,0.00788,0.02080,0.04929,0.02853,0.01427,0.48658,0.02219,0.01265,0.02313,0.01523,0.00855,0.10324,0.01440,0.01415,0.02434
593,0.01059,0.02131,0.63095,0.02529,0.01857,0.03585,0.01915,0.02418,0.02964,0.00634,0.02054,0.04113,0.00905,0.02662,0.00721,0.00690,0.01190,0.01143,0.01987,0.02347
594,0.00813,0.02952,0.02110,0.02440,0.01368,0.00918,0.01938,0.37321,0.02084,0.01283,0.01917,0.02853,0.00765,0.01676,0.00646,0.00628,0.14397,0.20537,0.01758,0.01595
595,0.01292,0.02336,0.03691,0.02319,0.02456,0.01097,0.02220,0.39434,0.02894,0.01682,0.01517,0.03359,0.01028,0.02931,0.00815,0.01140,0.04941,0.14738,0.07473,0.02639
596,0.01020,0.01911,0.01935,0.02022,0.01889,0.00818,0.01730,0.02165,0.02298,0.03883,0.01794,0.02245,0.10532,0.02304,0.00694,0.57102,0.01420,0.00964,0.01438,0.01835
597,0.01121,0.02356,0.03361,0.02485,0.01914,0.03336,0.02208,0.04896,0.08144,0.00668,0.02492,0.02040,0.01387,0.03201,0.49904,0.03913,0.01285,0.00954,0.01715,0.02620
598,0.03852,0.03490,0.01608,0.01132,0.01741,0.16410,0.00785,0.01336,0.13517,0.00457,0.02097,0.01401,0.00708,0.20056,0.22909,0.04981,0.00556,0.00411,0.01007,0.01547
599,0.01415,0.03551,0.48556,0.02104,0.03485,0.05439,0.02520,0.02553,0.04873,0.00948,0.03324,0.04386,0.01170,0.02792,0.00887,0.01099,0.01398,0.02254,0.03071,0.04176
600,0.01507,0.03450,0.02948,0.02164,0.02555,0.01410,0.04267,0.03280,0.02359,0.03687,0.02478,0.03454,0.01245,0.52636,0.02472,0.01129,0.01311,0.01277,0.03135,0.03237
601,0.01308,0.02989,0.03042,0.02577,0.03663,0.04145,0.02925,0.02666,0.15340,0.00936,0.02556,0.02006,0.01634,0.02943,0.38920,0.02544,0.02283,0.01957,0.02659,0.02908
602,0.01424,0.04074,0.02655,0.01904,0.03773,0.47052,0.02998,0.04971,0.03768,0.01131,0.03594,0.04134,0.01329,0.04512,0.02133,0.01092,0.01540,0.01872,0.02635,0.03408
603,0.01824,0.07165,0.03548,0.02969,0.03341,0.03495,0.02670,0.05001,0.03598,0.01316,0.03232,0.03822,0.01069,0.02978,0.04099,0.39450,0.01518,0.02583,0.02866,0.03459
604,0.01275,0.03317,0.02455,0.05565,0.03463,0.45578,0.02528,0.02792,0.03489,0.01153,0.03514,0.03041,0.01552,0.04120,0.00781,0.01171,0.01424,0.03726,0.05374,0.03681
605,0.01880,0.04226,0.04441,0.03155,0.03135,0.01251,0.01993,0.03282,0.03108,0.01019,0.03738,0.02674,0.01654,0.49411,0.03999,0.01162,0.01368,0.01920,0.03172,0.03411
606,0.10749,0.02418,0.02651,0.02460,0.05525,0.00698,0.02377,0.14111,0.03086,0.01035,0.02621,0.03352,0.00821,0.02960,0.00734,0.00963,0.01178,0.37695,0.01916,0.02648
607,0.01027,0.01362,0.01564,0.02258,0.01802,0.00560,0.01839,0.37761,0.02553,0.00693,0.01595,0.01457,0.00759,0.01893,0.00616,0.00612,0.00811,0.36762,0.01951,0.02124
608,0.06648,0.02384,0.02789,0.03881,0.03724,0.01246,0.06389,0.05310,0.03681,0.01311,0.03959,0.03105,0.01628,0.03634,0.01188,0.01182,0.40814,0.01683,0.02869,0.02574
609,0.01338,0.03630,0.08521,0.02714,0.04779,0.00468,0.13695,0.03698,0.03504,0.01147,0.03738,0.03094,0.01397,0.03347,0.00913,0.01029,0.01998,0.01765,0.02688,0.36537
610,0.32148,0.04095,0.05439,0.02551,0.08079,0.00651,0.04270,0.04916,0.04102,0.01603,0.03027,0.03802,0.01417,0.04314,0.01003,0.05062,0.02384,0.01431,0.04501,0.05206
611,0.01445,0.03374,0.04552,0.02317,0.10915,0.00799,0.03416,0.02052,0.02513,0.27980,0.23759,0.01960,0.03947,0.02278,0.01659,0.00904,0.01047,0.01055,0.02017,0.02009
612,0.01263,0.02856,0.05094,0.02228,0.03278,0.01087,0.07087,0.09163,0.03675,0.01184,0.04481,0.31385,0.01085,0.03769,0.01001,0.13323,0.01543,0.01642,0.02690,0.02166
613,0.02503,0.04753,0.05724,0.03239,0.06135,0.01566,0.02979,0.05081,0.04654,0.01462,0.02621,0.03348,0.04711,0.03966,0.01085,0.06708,0.30760,0.01774,0.03390,0.03539
614,0.02477,0.02433,0.03463,0.03617,0.35346,0.00995,0.03789,0.03437,0.03317,0.04035,0.02491,0.04239,0.01550,0.03277,0.01156,0.12351,0.02238,0.01813,0.02476,0.05501
615,0.04296,0.05888,0.02251,0.03234,0.02776,0.01245,0.02464,0.08294,0.04191,0.00969,0.02844,0.01803,0.01983,0.02821,0.00865,0.02830,0.45124,0.01374,0.02425,0.02322
616,0.01950,0.03219,0.00602,0.03731,0.04809,0.00866,0.05666,0.04058,0.03334,0.01309,0.03903,0.40010,0.01974,0.03741,0.00937,0.07364,0.02580,0.01870,0.03343,0.04733
617,0.01746,0.03921,0.02638,0.02234,0.02444,0.00763,0.03622,0.22846,0.03043,0.21695,0.08835,0.04882,0.01318,0.02765,0.00959,0.05868,0.01768,0.02119,0.01364,0.05169
618,0.11056,0.10146,0.01719,0.02346,0.01734,0.04436,0.01853,0.05044,0.01639,0.00804,0.06805,0.01737,0.00510,0.01472,0.00518,0.13353,0.09315,0.21741,0.01606,0.02167
619,0.07887,0.27493,0.02016,0.02493,0.02553,0.00596,0.01746,0.03728,0.02550,0.02496,0.05610,0.02252,0.00739,0.02245,0.00586,0.00721,0.01772,0.28733,0.01702,0.02083
620,0.01228,0.03226,0.04724,0.02046,0.07643,0.00873,0.02354,0.03502,0.02527,0.00922,0.02467,0.15098,0.01123,0.33993,0.08905,0.01095,0.00959,0.01555,0.01915,0.03845
621,0.00680,0.02483,0.01777,0.01616,0.03319,0.00812,0.02281,0.37324,0.01723,0.21040,0.08495,0.01865,0.02431,0.01352,0.00393,0.00594,0.01427,0.06950,0.00989,0.02449
622,0.01277,0.01955,0.02380,0.03369,0.02420,0.00750,0.01699,0.25884,0.03164,0.01121,0.09580,0.02370,0.00670,0.02416,0.00654,0.00742,0.07573,0.25757,0.03796,0.02423
623,0.01281,0.05898,0.04506,0.03488,0.06296,0.01641,0.02357,0.05968,0.03863,0.01346,0.04793,0.02845,0.00926,0.02801,0.40133,0.01369,0.01779,0.01840,0.00762,0.06108
624,0.02829,0.07184,0.01262,0.00703,0.10536,0.00324,0.06756,0.11424,0.00435,0.10547,0.04137,0.05405,0.00178,0.10512,0.00218,0.05194,0.07207,0.13849,0.00818,0.00483
625,0.12511,0.03625,0.03177,0.03262,0.02656,0.02356,0.02461,0.02942,0.01629,0.15813,0.27936,0.02008,0.01059,0.02050,0.01774,0.00788,0.00554,0.07892,0.01771,0.03735
626,0.02083,0.03155,0.17725,0.40858,0.02812,0.02872,0.02423,0.03484,0.01416,0.00880,0.02908,0.01866,0.01324,0.02878,0.00752,0.01041,0.01320,0.05009,0.03077,0.02119
627,0.26886,0.05569,0.02448,0.02504,0.02299,0.16249,0.02015,0.02171,0.01985,0.00637,0.02629,0.01866,0.00793,0.01884,0.00594,0.23724,0.01129,0.00514,0.01968,0.02137
628,0.02188,0.03326,0.04053,0.44072,0.02416,0.01175,0.02902,0.03778,0.10731,0.01081,0.04013,0.03455,0.01489,0.02929,0.01185,0.01062,0.01330,0.03613,0.02567,0.02635
629,0.11094,0.06521,0.11523,0.12572,0.02045,0.02809,0.03223,0.00993,0.01095,0.05506,0.04232,0.05378,0.00316,0.06551,0.02416,0.05539,0.10400,0.05756,0.01245,0.00786
630,0.14096,0.27710,0.01129,0.00993,0.00948,0.00330,0.01391,0.01052,0.01034,0.24226,0.01833,0.01053,0.00396,0.00711,0.00322,0.00361,0.08099,0.12520,0.00966,0.00832
631,0.00915,0.03188,0.02172,0.03372,0.08831,0.00602,0.02023,0.10387,0.02569,0.29562,0.02173,0.01954,0.00887,0.02471,0.00699,0.01833,0.01237,0.20103,0.02723,0.02299
632,0.07189,0.05885,0.07317,0.04450,0.02312,0.04779,0.03520,0.05119,0.02822,0.06212,0.05592,0.09651,0.00123,0.07397,0.02719,0.07150,0.07266,0.05579,0.02149,0.02770
633,0.04214,0.02887,0.04725,0.08262,0.05227,0.06126,0.05930,0.06384,0.01074,0.05385,0.05109,0.03684,0.03164,0.10272,0.01044,0.06942,0.05802,0.05526,0.01881,0.06361
634,0.05992,0.10275,0.05062,0.04760,0.01316,0.05282,0.06873,0.02806,0.05476,0.01376,0.03414,0.07024,0.05172,0.05781,0.06664,0.06973,0.06494,0.03462,0.01951,0.03846
635,0.01213,0.03227,0.44753,0.02837,0.03022,0.04661,0.02688,0.02672,0.03683,0.01002,0.02770,0.10723,0.01195,0.03018,0.00794,0.00993,0.01394,0.03444,0.01781,0.04128
636,0.01893,0.03080,0.01281,0.02059,0.00886,0.00712,0.01149,0.12752,0.01160,0.23516,0.22679,0.01125,0.00670,0.06985,0.00578,0.03683,0.05312,0.07600,0.01672,0.01211
637,0.04830,0.03855,0.02244,0.05644,0.05762,0.05604,0.04678,0.06080,0.08852,0.05732,0.05343,0.04140,0.03973,0.04173,0.04442,0.06346,0.04744,0.03090,0.04006,0.06463
638,0.07845,0.06935,0.03838,0.03814,0.03521,0.04982,0.05482,0.04313,0.08400,0.05255,0.04760,0.07004,0.00126,0.03908,0.05378,0.08569,0.04099,0.03238,0.02779,0.05755
639,0.00981,0.02567,0.03916,0.02456,0.07245,0.00616,0.01864,0.15585,0.02299,0.23706,0.10455,0.01647,0.00877,0.02423,0.00588,0.03243,0.00911,0.15022,0.01984,0.01615
640,0.05503,0.05467,0.03893,0.03002,0.01722,0.03981,0.07997,0.01818,0.11717,0.02697,0.04004,0.06453,0.03577,0.10096,0.11080,0.04661,0.05021,0.02814,0.00665,0.03833
641,0.04717,0.05600,0.06580,0.07364,0.02903,0.04981,0.06188,0.01605,0.07661,0.01089,0.07074,0.07939,0.00228,0.08998,0.06090,0.06728,0.06186,0.02199,0.01311,0.04559
642,0.03443,0.01141,0.02672,0.06936,0.00828,0.07201,0.11112,0.00948,0.11717,0.01754,0.01182,0.02533,0.12578,0.05818,0.10322,0.10219,0.04904,0.02823,0.01151,0.00719
643,0.05355,0.07088,0.02447,0.07737,0.08315,0.06228,0.05800,0.02273,0.00330,0.04770,0.06817,0.04549,0.05123,0.06078,0.01648,0.05103,0.07538,0.06320,0.01446,0.05035
644,0.04121,0.02541,0.02108,0.05955,0.02108,0.02589,0.05625,0.05410,0.06886,0.06996,0.05234,0.09459,0.00219,0.06498,0.10965,0.06281,0.05815,0.06716,0.01155,0.03319
645,0.10015,0.20430,0.01035,0.00887,0.01566,0.00244,0.01041,0.15432,0.01214,0.15179,0.05044,0.02202,0.00392,0.01106,0.00347,0.00438,0.01789,0.19584,0.00782,0.01274
646,0.05448,0.02981,0.06713,0.04842,0.03323,0.05347,0.09568,0.05818,0.04285,0.03880,0.04742,0.03291,0.01513,0.04988,0.04422,0.07326,0.05524,0.05077,0.04256,0.06657
647,0.05158,0.05981,0.05625,0.04993,0.03160,0.05708,0.04838,0.01983,0.06259,0.04567,0.04098,0.06480,0.00228,0.02381,0.07030,0.05134,0.05488,0.05100,0.06496,0.09291
648,0.01539,0.03762,0.03007,0.03120,0.05371,0.02675,0.02950,0.03521,0.04800,0.01191,0.03312,0.02454,0.01159,0.02534,0.11928,0.00960,0.01542,0.01213,0.38153,0.04810
649,0.01436,0.06911,0.03716,0.02233,0.07250,0.00682,0.02303,0.03943,0.02718,0.38128,0.06698,0.02017,0.01589,0.02472,0.00851,0.07455,0.01404,0.04089,0.02045,0.02060
650,0.04637,0.09182,0.03492,0.05700,0.05173,0.06204,0.05070,0.04019,0.06235,0.03797,0.05891,0.05882,0.00069,0.05361,0.05006,0.06052,0.06065,0.05357,0.03611,0.03199
651,0.06045,0.04098,0.03045,0.02553,0.06783,0.04041,0.04619,0.06397,0.08016,0.05706,0.05904,0.08365,0.00122,0.06309,0.05749,0.04762,0.05643,0.05167,0.02228,0.04448
652,0.07687,0.04182,0.08229,0.05964,0.08563,0.00169,0.10105,0.00702,0.03072,0.01210,0.03583,0.08286,0.00237,0.06942,0.02824,0.08078,0.01774,0.04527,0.06678,0.07188
653,0.20261,0.02239,0.01519,0.05023,0.02916,0.39676,0.02194,0.03448,0.02379,0.01232,0.04514,0.01719,0.01391,0.02437,0.02032,0.00688,0.00977,0.01293,0.01963,0.02099
654,0.04274,0.09882,0.02230,0.03296,0.04175,0.03306,0.07400,0.03062,0.04470,0.05880,0.03635,0.05945,0.04210,0.08351,0.04165,0.04044,0.06823,0.05475,0.04483,0.04894
655,0.01787,0.04943,0.23274,0.08376,0.02020,0.00987,0.02391,0.03553,0.02093,0.03890,0.02031,0.17228,0.01251,0.05176,0.00655,0.04371,0.04353,0.06587,0.01634,0.03401
656,0.00835,0.02896,0.01868,0.01962,0.02063,0.00396,0.01347,0.02483,0.07556,0.00830,0.02509,0.01264,0.00676,0.02091,0.64469,0.00999,0.00880,0.01127,0.02180,0.01570
657,0.01082,0.09696,0.01876,0.02504,0.02838,0.00609,0.02615,0.01565,0.03042,0.56301,0.04014,0.01519,0.03447,0.02184,0.00552,0.00726,0.00818,0.01025,0.02054,0.01533
658,0.04020,0.07758,0.01716,0.05080,0.00542,0.08009,0.11827,0.00418,0.09331,0.00778,0.02008,0.08024,0.00094,0.08277,0.12896,0.07275,0.10108,0.00365,0.00460,0.01013
659,0.00795,0.02128,0.01338,0.01780,0.01741,0.01251,0.03956,0.01411,0.02817,0.03212,0.02018,0.02071,0.00422,0.07834,0.60354,0.01499,0.00538,0.01047,0.02083,0.01708
660,0.01283,0.08877,0.03190,0.02461,0.02711,0.00584,0.02270,0.02777,0.01607,0.07153,0.32781,0.02145,0.00993,0.01703,0.00580,0.00832,0.07836,0.16065,0.01881,0.02273
661,0.37654,0.19625,0.01683,0.02594,0.04502,0.00493,0.02141,0.04304,0.02930,0.01011,0.02636,0.02283,0.00529,0.01953,0.00667,0.01047,0.01131,0.06479,0.04001,0.02338
662,0.00915,0.03775,0.02025,0.02507,0.01410,0.01073,0.01494,0.18490,0.02655,0.00676,0.02667,0.01667,0.00692,0.02569,0.00829,0.00571,0.00854,0.50880,0.02751,0.01499
663,0.01267,0.03751,0.03133,0.03443,0.02933,0.03216,0.01713,0.05974,0.02637,0.00912,0.04964,0.05218,0.00905,0.02234,0.01946,0.48255,0.01219,0.01623,0.02313,0.02345
664,0.01425,0.02243,0.02104,0.06625,0.02431,0.50296,0.02883,0.02538,0.03735,0.00981,0.05781,0.02584,0.01311,0.03939,0.01328,0.00811,0.01478,0.02492,0.03231,0.01784
665,0.01816,0.03708,0.61034,0.01958,0.02515,0.01718,0.01455,0.02224,0.02778,0.00883,0.02444,0.02503,0.01479,0.02285,0.00954,0.00673,0.01016,0.01357,0.03627,0.03573
666,0.00988,0.02629,0.54128,0.01955,0.02761,0.05759,0.01494,0.02261,0.02690,0.00927,0.04277,0.06433,0.00630,0.03097,0.00929,0.00676,0.00805,0.01104,0.04965,0.01491
667,0.05177,0.25252,0.00958,0.00828,0.01274,0.00251,0.00551,0.01248,0.00952,0.00369,0.01876,0.00650,0.00257,0.00784,0.02754,0.17132,0.03714,0.34246,0.00850,0.00877
668,0.18285,0.05071,0.01632,0.01974,0.02165,0.00749,0.01589,0.04393,0.02614,0.00502,0.02404,0.01597,0.00525,0.01586,0.00515,0.00726,0.00906,0.49201,0.01653,0.01913
669,0.04233,0.11635,0.01437,0.01268,0.01650,0.00521,0.01213,0.23996,0.01791,0.02757,0.07445,0.01501,0.00532,0.02025,0.00506,0.00561,0.00612,0.32778,0.01689,0.01849
670,0.00997,0.04363,0.03019,0.10342,0.04552,0.00756,0.02028,0.02606,0.48095,0.00856,0.02501,0.01699,0.00758,0.01975,0.06947,0.00807,0.00960,0.01821,0.02316,0.02603
671,0.01383,0.02708,0.02785,0.02490,0.03349,0.00634,0.01321,0.02480,0.04609,0.02605,0.02969,0.02113,0.55292,0.02374,0.00690,0.04866,0.00851,0.01136,0.02703,0.02642
672,0.01682,0.01795,0.00965,0.01586,0.00961,0.00563,0.00597,0.33549,0.01366,0.10246,0.05143,0.02513,0.00281,0.01463,0.00424,0.00505,0.07510,0.26820,0.01289,0.00741
673,0.00953,0.03314,0.51747,0.03955,0.03184,0.09393,0.01650,0.02480,0.03152,0.00927,0.03966,0.02103,0.00646,0.02283,0.00969,0.00745,0.00986,0.01413,0.04224,0.01906
674,0.00812,0.01979,0.52438,0.16693,0.01497,0.04878,0.01205,0.01492,0.02220,0.00554,0.01942,0.01958,0.00640,0.02544,0.00777,0.00581,0.00633,0.02469,0.02544,0.02145
675,0.00496,0.01161,0.01044,0.01416,0.01774,0.04591,0.00907,0.01003,0.00888,0.00343,0.01035,0.00936,0.00327,0.00981,0.78084,0.00494,0.00344,0.00616,0.02525,0.01033
676,0.01109,0.01167,0.01676,0.03064,0.36538,0.02360,0.01357,0.01329,0.02814,0.06215,0.03588,0.01277,0.00437,0.02495,0.01017,0.03086,0.00810,0.02546,0.06181,0.20935
