site,A,C,D,E,F,G,H,I,K,L,M,N,P,Q,R,S,T,V,W,Y
564,0.08307,0.04151,0.04707,0.05992,0.01477,0.02165,0.05720,0.03136,0.09414,0.05484,0.05376,0.08953,0.00559,0.08731,0.09617,0.06297,0.03070,0.03743,0.01311,0.01788
565,0.00607,0.00900,0.01059,0.01187,0.01129,0.00316,0.00955,0.01180,0.01094,0.75832,0.08407,0.01031,0.01033,0.01326,0.00263,0.00357,0.00684,0.00396,0.00825,0.01419
566,0.59038,0.08654,0.01283,0.01469,0.04295,0.00398,0.01854,0.03359,0.01486,0.00617,0.01486,0.01999,0.00687,0.01318,0.00443,0.03156,0.01203,0.02984,0.01800,0.02469
567,0.03445,0.04370,0.02577,0.09308,0.00979,0.00117,0.03527,0.05902,0.04944,0.08892,0.11244,0.05439,0.00155,0.10435,0.09863,0.02597,0.04636,0.02622,0.02540,0.06409
568,0.42824,0.01499,0.01093,0.01512,0.01483,0.01410,0.02173,0.02023,0.01971,0.00608,0.01975,0.01654,0.00970,0.02174,0.00602,0.24880,0.04753,0.02729,0.01536,0.02130
569,0.01600,0.00648,0.00773,0.00811,0.01106,0.00115,0.01115,0.49399,0.01437,0.05337,0.10229,0.01339,0.00349,0.01403,0.00237,0.00397,0.00820,0.21083,0.00440,0.01364
570,0.00707,0.01341,0.01777,0.01115,0.02459,0.00310,0.01816,0.45856,0.01632,0.00528,0.16365,0.03182,0.00993,0.01941,0.00339,0.00990,0.11968,0.04016,0.00849,0.01818
571,0.00720,0.00538,0.00656,0.03299,0.01251,0.02051,0.22306,0.00883,0.16766,0.01732,0.02601,0.12669,0.00264,0.06625,0.15108,0.01130,0.04325,0.00761,0.03232,0.03084
572,0.00147,0.02765,0.00254,0.00319,0.13422,0.00088,0.01961,0.00676,0.00417,0.44183,0.15562,0.00812,0.00167,0.10056,0.00125,0.00183,0.00185,0.00126,0.00202,0.08352
573,0.17153,0.02613,0.01516,0.00947,0.01227,0.00438,0.01427,0.02105,0.01318,0.00402,0.00994,0.01550,0.01104,0.01057,0.00305,0.01404,0.61794,0.00465,0.00760,0.01421
574,0.00707,0.06192,0.02242,0.01455,0.01973,0.00437,0.04876,0.01937,0.01818,0.00561,0.01699,0.02431,0.00815,0.01784,0.00654,0.00697,0.00784,0.00618,0.01066,0.67256
575,0.01385,0.02090,0.00967,0.01279,0.00783,0.00263,0.08959,0.00845,0.00893,0.00985,0.28685,0.00767,0.00618,0.24950,0.03403,0.00305,0.00565,0.00365,0.20847,0.01044
576,0.01619,0.02429,0.04808,0.03158,0.02095,0.01370,0.04679,0.05716,0.02962,0.00871,0.02656,0.45551,0.01248,0.03403,0.00871,0.07806,0.01599,0.01085,0.02485,0.03587
577,0.01415,0.02480,0.02202,0.07462,0.02777,0.01137,0.02572,0.02153,0.46522,0.00830,0.02067,0.08563,0.01408,0.03460,0.06796,0.00946,0.01570,0.01139,0.02476,0.02024
578,0.04793,0.01198,0.01467,0.01735,0.01457,0.00661,0.01255,0.21376,0.01722,0.07436,0.04222,0.01726,0.00719,0.01970,0.00540,0.00504,0.00840,0.43959,0.00991,0.01430
579,0.10053,0.11931,0.01768,0.02333,0.01461,0.01085,0.01728,0.02601,0.01845,0.00728,0.01746,0.02040,0.00886,0.02236,0.00549,0.00554,0.01016,0.52413,0.01257,0.01769
580,0.02670,0.06922,0.02156,0.06979,0.01978,0.03211,0.01285,0.01364,0.24144,0.07019,0.07179,0.01138,0.00626,0.10508,0.14146,0.02594,0.02817,0.00813,0.01061,0.01389
581,0.03732,0.02390,0.01630,0.00741,0.00925,0.00352,0.01726,0.05791,0.01360,0.14846,0.09721,0.01469,0.00708,0.01650,0.00444,0.00528,0.20932,0.28686,0.00812,0.01556
582,0.01064,0.01917,0.01809,0.02013,0.06720,0.00687,0.06944,0.01550,0.02444,0.46833,0.02180,0.01781,0.11084,0.02469,0.00614,0.00606,0.04887,0.00887,0.01510,0.02002
583,0.01103,0.01928,0.02226,0.01852,0.02069,0.01464,0.05526,0.02821,0.08392,0.00724,0.01930,0.02507,0.01047,0.02941,0.56058,0.01912,0.01042,0.00945,0.01270,0.02243
584,0.01591,0.03277,0.03181,0.02714,0.03256,0.01405,0.02120,0.04607,0.03247,0.01071,0.02630,0.02913,0.50874,0.03384,0.00962,0.03664,0.01729,0.01244,0.02806,0.03326
585,0.17556,0.13425,0.00764,0.00763,0.13940,0.04864,0.05491,0.03712,0.01002,0.00589,0.03237,0.01176,0.00457,0.00911,0.00748,0.07330,0.04769,0.04037,0.00621,0.14606
586,0.05116,0.03166,0.08897,0.06089,0.04381,0.06422,0.03439,0.07746,0.02595,0.07139,0.03287,0.03676,0.04462,0.06711,0.00893,0.06066,0.06009,0.08577,0.02697,0.02632
587,0.03196,0.04013,0.03748,0.19436,0.01408,0.25346,0.04316,0.01964,0.01945,0.00791,0.02081,0.03695,0.00976,0.14721,0.01124,0.04495,0.01543,0.00466,0.00855,0.03880
588,0.01272,0.02298,0.01887,0.12038,0.02067,0.50350,0.03050,0.03114,0.03059,0.00732,0.02495,0.02575,0.02273,0.03767,0.01250,0.00889,0.01496,0.01835,0.01537,0.02015
589,0.02654,0.02743,0.00887,0.01415,0.01372,0.06983,0.06190,0.09184,0.14373,0.06009,0.07797,0.01993,0.00335,0.03725,0.16786,0.01292,0.05179,0.09286,0.00788,0.01009
590,0.03258,0.42771,0.01515,0.01588,0.01273,0.00477,0.01050,0.06674,0.01218,0.00353,0.02198,0.02017,0.01633,0.01056,0.00341,0.00849,0.23794,0.06098,0.00837,0.00999
591,0.04549,0.10207,0.02658,0.02594,0.02137,0.01017,0.02018,0.07861,0.02869,0.04009,0.02802,0.03951,0.00858,0.03247,0.00771,0.00768,0.01056,0.41981,0.02387,0.02259
592,0.03201,0.02068,0.02816,0.02503,0.05722,0.00789,0.02084,0.04610,0.03435,0.01528,0.50122,0.02225,0.01269,0.02324,0.01264,0.00858,0.07252,0.02171,0.01426,0.02335
593,0.01013,0.02037,0.61907,0.02638,0.01773,0.03096,0.01826,0.02308,0.02831,0.00607,0.01963,0.05011,0.00866,0.02541,0.00689,0.00653,0.01137,0.01414,0.01896,0.03794
594,0.00846,0.02531,0.02188,0.02562,0.01425,0.00946,0.02035,0.39991,0.02188,0.01046,0.01960,0.02524,0.00789,0.01759,0.00669,0.00676,0.09791,0.22599,0.01816,0.01658
595,0.01294,0.02311,0.03676,0.02340,0.02351,0.01091,0.02222,0.40418,0.02872,0.02285,0.01918,0.03318,0.01023,0.02989,0.00822,0.01061,0.05018,0.12993,0.07375,0.02623
596,0.01025,0.01966,0.01990,0.02077,0.01943,0.00842,0.01778,0.02224,0.02363,0.03209,0.01844,0.02309,0.07261,0.02369,0.00714,0.60397,0.01333,0.00991,0.01478,0.01887
597,0.01104,0.02322,0.03333,0.02453,0.01882,0.03488,0.02165,0.04391,0.09055,0.00657,0.02461,0.02009,0.01368,0.03136,0.50887,0.02822,0.01268,0.00941,0.01682,0.02575
598,0.04130,0.04212,0.01841,0.01459,0.01974,0.14974,0.00828,0.01517,0.12927,0.00528,0.01979,0.01590,0.00653,0.23816,0.18607,0.04948,0.00636,0.00470,0.01154,0.01754
599,0.01354,0.03554,0.50290,0.02178,0.03513,0.04085,0.02410,0.02572,0.04966,0.00952,0.03340,0.04544,0.01182,0.02819,0.00894,0.01109,0.01409,0.01890,0.03093,0.03848
600,0.01486,0.03414,0.02907,0.02131,0.02521,0.01388,0.04473,0.03243,0.02322,0.03572,0.02441,0.03400,0.01560,0.53342,0.01861,0.01112,0.01293,0.01260,0.03091,0.03184
601,0.01365,0.03101,0.03156,0.02678,0.03787,0.03258,0.03064,0.04183,0.10750,0.00972,0.02659,0.02086,0.01694,0.03060,0.41645,0.02712,0.01993,0.02041,0.02773,0.03025
602,0.01385,0.04010,0.02619,0.01512,0.03711,0.47591,0.02947,0.04917,0.03711,0.01113,0.03548,0.04070,0.01312,0.04436,0.02048,0.01076,0.01518,0.01877,0.03238,0.03362
603,0.01874,0.06047,0.03626,0.03032,0.03445,0.02404,0.02728,0.05231,0.03699,0.01356,0.03332,0.02922,0.01101,0.03070,0.03501,0.41891,0.01566,0.02653,0.02949,0.03574
604,0.01230,0.03341,0.02463,0.05050,0.03479,0.47023,0.02546,0.02799,0.03483,0.01152,0.03521,0.03059,0.01557,0.04067,0.00709,0.01175,0.01432,0.02862,0.05383,0.03669
605,0.01838,0.04126,0.04338,0.03231,0.03061,0.01223,0.02319,0.03217,0.03123,0.01028,0.03658,0.02614,0.01442,0.49609,0.04400,0.01137,0.01336,0.01875,0.03094,0.03331
606,0.08065,0.02586,0.02946,0.02643,0.04826,0.00740,0.02495,0.11750,0.03233,0.01029,0.02807,0.03599,0.00870,0.03169,0.00779,0.01034,0.01257,0.41305,0.02041,0.02825
607,0.00739,0.01368,0.01519,0.02273,0.01821,0.00544,0.01838,0.36474,0.02586,0.00702,0.01617,0.01465,0.00764,0.01924,0.00621,0.00617,0.00821,0.38197,0.01946,0.02162
608,0.05560,0.02405,0.02816,0.03916,0.03764,0.01257,0.06453,0.04311,0.03713,0.01324,0.03996,0.03244,0.01666,0.03671,0.01198,0.01194,0.42321,0.01698,0.02896,0.02597
609,0.01289,0.05839,0.07551,0.02644,0.04421,0.00456,0.13203,0.03616,0.03441,0.01123,0.03665,0.03487,0.01352,0.03254,0.00887,0.01004,0.01939,0.01726,0.02626,0.36479
610,0.32684,0.04053,0.04718,0.02523,0.07972,0.00563,0.04231,0.04891,0.04066,0.01584,0.03003,0.03762,0.01403,0.04263,0.00993,0.04437,0.03204,0.02046,0.04449,0.05153
611,0.01410,0.03276,0.04487,0.02261,0.14507,0.00783,0.02939,0.02003,0.02467,0.28159,0.22088,0.01911,0.03405,0.02234,0.01316,0.00889,0.01020,0.01004,0.01872,0.01968
612,0.01369,0.03075,0.04889,0.02413,0.03559,0.01175,0.06374,0.07709,0.03664,0.01280,0.04842,0.35072,0.01169,0.04078,0.01081,0.09792,0.01436,0.01780,0.02902,0.02341
613,0.02701,0.04762,0.05682,0.03246,0.06169,0.01564,0.02987,0.03732,0.07390,0.01468,0.02627,0.03354,0.04030,0.03967,0.01090,0.04955,0.31590,0.01776,0.03397,0.03513
614,0.02496,0.03178,0.03490,0.03680,0.36940,0.01010,0.03838,0.03399,0.03392,0.04088,0.02477,0.04240,0.01583,0.03288,0.01175,0.10238,0.02296,0.01538,0.02551,0.05102
615,0.05170,0.05955,0.02283,0.03250,0.02814,0.01258,0.02485,0.05950,0.04221,0.00981,0.02893,0.02061,0.01588,0.02862,0.00878,0.02215,0.46941,0.01389,0.02453,0.02354
616,0.01958,0.03215,0.01065,0.03740,0.04812,0.00869,0.05702,0.03773,0.03341,0.01315,0.03903,0.41262,0.01999,0.03757,0.00940,0.05283,0.02597,0.01861,0.03336,0.05272
617,0.01768,0.03938,0.02707,0.02258,0.02346,0.00773,0.03689,0.25557,0.03056,0.22616,0.06630,0.04815,0.01337,0.02809,0.00968,0.04139,0.01858,0.01905,0.01550,0.05284
618,0.09982,0.11100,0.01747,0.01906,0.01734,0.05435,0.01871,0.04021,0.01646,0.00727,0.08537,0.01777,0.00508,0.01478,0.00518,0.11517,0.09452,0.22331,0.01622,0.02088
619,0.05316,0.34043,0.01865,0.02544,0.02361,0.00515,0.01615,0.04804,0.02355,0.01956,0.04301,0.02087,0.00684,0.02080,0.00542,0.00668,0.01576,0.27186,0.01576,0.01927
620,0.01223,0.03215,0.04677,0.02020,0.07560,0.00871,0.02700,0.03485,0.02649,0.00991,0.02466,0.16012,0.01124,0.34704,0.06976,0.01090,0.00957,0.01548,0.01912,0.03818
621,0.00675,0.02483,0.01783,0.01603,0.03817,0.00807,0.01901,0.36440,0.01718,0.21444,0.09391,0.01880,0.02226,0.01331,0.00390,0.00586,0.01251,0.06814,0.00985,0.02475
622,0.01483,0.02279,0.02726,0.04046,0.03102,0.00881,0.01986,0.31519,0.03704,0.01327,0.07536,0.02487,0.00782,0.02879,0.00774,0.00961,0.05641,0.18635,0.04436,0.02818
623,0.01276,0.05855,0.04471,0.03479,0.06299,0.01398,0.02347,0.05941,0.03840,0.01211,0.04768,0.02823,0.00921,0.02066,0.41013,0.01360,0.01766,0.01830,0.01238,0.06101
624,0.02252,0.06321,0.01062,0.00657,0.10655,0.00269,0.07549,0.12432,0.00394,0.12646,0.03587,0.05219,0.00170,0.09359,0.00209,0.04852,0.06972,0.14103,0.00772,0.00519
625,0.11699,0.03367,0.03117,0.03204,0.02608,0.02309,0.02401,0.05538,0.01671,0.14741,0.28116,0.01968,0.01041,0.02015,0.01425,0.00771,0.01462,0.07177,0.01735,0.03635
626,0.02016,0.03160,0.17676,0.42087,0.02803,0.02765,0.02427,0.03493,0.01370,0.00878,0.02902,0.01867,0.01320,0.02836,0.00750,0.01041,0.01320,0.04082,0.03088,0.02121
627,0.28356,0.04563,0.02637,0.02592,0.02373,0.16585,0.02093,0.02234,0.02032,0.00659,0.02722,0.01923,0.00817,0.01934,0.00612,0.21638,0.01494,0.00546,0.02018,0.02172
628,0.02086,0.03305,0.03455,0.44557,0.02400,0.02771,0.02885,0.03682,0.09269,0.01073,0.03939,0.03425,0.01474,0.02927,0.01174,0.01047,0.01321,0.04019,0.02563,0.02630
629,0.10407,0.06750,0.10707,0.11982,0.01695,0.02071,0.02943,0.01109,0.00910,0.05193,0.04929,0.06718,0.00293,0.07999,0.02947,0.05410,0.09978,0.06013,0.01272,0.00673
630,0.11980,0.26938,0.01115,0.00973,0.00939,0.00492,0.01360,0.01029,0.01019,0.26540,0.02507,0.00974,0.00388,0.00698,0.00315,0.00349,0.07964,0.12651,0.00939,0.00828
631,0.00899,0.03135,0.02134,0.03314,0.09520,0.00591,0.01986,0.10789,0.02523,0.29677,0.02079,0.01920,0.00872,0.02430,0.00687,0.02110,0.01151,0.19253,0.02674,0.02257
632,0.07025,0.05910,0.06510,0.04173,0.02213,0.05225,0.03344,0.05263,0.02959,0.06745,0.05862,0.09162,0.00104,0.07476,0.02927,0.07329,0.07270,0.05916,0.01981,0.02606
633,0.04322,0.03313,0.05946,0.08692,0.05170,0.05268,0.06442,0.05821,0.02043,0.05099,0.04928,0.03606,0.03274,0.08588,0.01320,0.06410,0.05859,0.05331,0.02208,0.06361
634,0.05858,0.09483,0.05001,0.04994,0.01794,0.05265,0.06501,0.02525,0.05954,0.01267,0.03546,0.07208,0.05874,0.05735,0.06457,0.07650,0.06330,0.03425,0.01951,0.03180
635,0.01536,0.03289,0.46725,0.03458,0.03062,0.04479,0.02741,0.02720,0.03754,0.01020,0.02812,0.07662,0.01212,0.03050,0.00802,0.00934,0.01412,0.02808,0.01808,0.04715
636,0.01580,0.02656,0.01280,0.02035,0.01431,0.00711,0.01143,0.13650,0.01149,0.24249,0.24935,0.01116,0.00670,0.05946,0.00578,0.03124,0.04460,0.06426,0.01658,0.01204
637,0.05206,0.03868,0.02361,0.05459,0.05650,0.05642,0.04630,0.06124,0.07768,0.05260,0.05089,0.04487,0.04034,0.04192,0.04503,0.06051,0.04849,0.03210,0.04308,0.07310
638,0.07237,0.06806,0.04325,0.03971,0.03534,0.04808,0.05778,0.04654,0.08158,0.05178,0.04489,0.06302,0.00118,0.03845,0.05961,0.07880,0.04421,0.03313,0.02782,0.06441
639,0.01041,0.03625,0.04157,0.02621,0.05431,0.00656,0.01991,0.14704,0.02449,0.25997,0.08326,0.01757,0.00920,0.02562,0.00625,0.03548,0.00967,0.14671,0.02234,0.01718
640,0.05791,0.05279,0.03889,0.03564,0.02303,0.03863,0.08340,0.02024,0.10998,0.02723,0.03782,0.06577,0.02727,0.09919,0.11324,0.04387,0.05315,0.02770,0.01168,0.03258
641,0.05167,0.05286,0.06101,0.06071,0.03392,0.05170,0.06577,0.01407,0.08214,0.01320,0.05351,0.07487,0.00298,0.08904,0.07118,0.06640,0.06180,0.02589,0.02033,0.04695
642,0.04405,0.01568,0.02416,0.08068,0.00835,0.06117,0.10162,0.00959,0.12021,0.01403,0.01181,0.02227,0.13074,0.05691,0.10325,0.10013,0.05411,0.02371,0.01030,0.00723
643,0.05289,0.07000,0.03212,0.07552,0.07360,0.06049,0.04968,0.03480,0.00572,0.04839,0.06195,0.05366,0.04995,0.05966,0.01851,0.05080,0.06968,0.05877,0.01812,0.05570
644,0.04493,0.03675,0.02343,0.05087,0.02025,0.02446,0.05427,0.05051,0.07169,0.06944,0.04457,0.09395,0.00206,0.06645,0.11412,0.06530,0.06053,0.06220,0.01163,0.03258
645,0.08666,0.19873,0.01080,0.00911,0.01625,0.00320,0.01119,0.17939,0.01291,0.13175,0.03780,0.02270,0.00418,0.01168,0.00369,0.00461,0.01941,0.21435,0.00817,0.01342
646,0.05499,0.03306,0.06932,0.04529,0.03310,0.04899,0.10007,0.05647,0.04988,0.03955,0.04364,0.03708,0.01311,0.05423,0.04486,0.07030,0.05500,0.04821,0.04331,0.05953
647,0.04907,0.05375,0.05560,0.04088,0.03547,0.05508,0.05185,0.02930,0.06222,0.04323,0.03578,0.06436,0.00221,0.03260,0.07028,0.05661,0.05301,0.05010,0.07138,0.08720
648,0.01590,0.03649,0.03098,0.03221,0.05260,0.02071,0.03047,0.03645,0.04951,0.01527,0.03416,0.02533,0.01199,0.02622,0.09133,0.00992,0.01592,0.01254,0.40537,0.04664
649,0.01513,0.06110,0.03921,0.02380,0.05822,0.00721,0.02426,0.04716,0.02863,0.41709,0.06195,0.02134,0.01425,0.02619,0.00899,0.05210,0.01481,0.03312,0.02367,0.02179
650,0.05154,0.08021,0.03652,0.05734,0.05170,0.06717,0.05202,0.03929,0.05795,0.04236,0.06037,0.06087,0.00064,0.05446,0.04565,0.05797,0.05995,0.05465,0.03416,0.03518
651,0.06020,0.04410,0.02631,0.02564,0.06917,0.03742,0.04666,0.06163,0.07634,0.06023,0.05920,0.08106,0.00104,0.06470,0.05599,0.04662,0.05392,0.05476,0.02407,0.05095
652,0.07446,0.04965,0.07782,0.06393,0.08001,0.00176,0.09251,0.00774,0.03430,0.01325,0.04030,0.08408,0.00235,0.08607,0.02645,0.07731,0.01617,0.04074,0.05877,0.07233
653,0.19158,0.02254,0.01530,0.03817,0.02954,0.41311,0.02219,0.03478,0.02405,0.01245,0.04922,0.01737,0.01410,0.02451,0.02078,0.00692,0.00988,0.01240,0.01984,0.02127
654,0.04036,0.08955,0.02505,0.03130,0.04299,0.03081,0.07147,0.04170,0.04179,0.06332,0.04158,0.05981,0.04194,0.08173,0.04401,0.04047,0.06828,0.05257,0.05263,0.03865
655,0.01848,0.04822,0.24677,0.09020,0.02013,0.02288,0.02197,0.03557,0.02101,0.03721,0.02328,0.16884,0.01261,0.04482,0.00586,0.04035,0.04071,0.05406,0.01630,0.03074
656,0.00830,0.02849,0.01851,0.01943,0.02043,0.01497,0.01333,0.02165,0.06387,0.00824,0.02336,0.01254,0.00669,0.02068,0.65492,0.00843,0.00779,0.01120,0.02166,0.01553
657,0.01082,0.07363,0.01893,0.02530,0.03706,0.00612,0.02135,0.01575,0.03064,0.57840,0.04341,0.01526,0.03433,0.02203,0.00529,0.00729,0.00819,0.01036,0.02051,0.01534
658,0.03863,0.08261,0.01361,0.03466,0.00458,0.08233,0.11880,0.00359,0.09898,0.00590,0.01756,0.08380,0.00097,0.08703,0.13333,0.07561,0.10222,0.00335,0.00478,0.00768
659,0.00807,0.02085,0.01358,0.01806,0.01767,0.01072,0.03556,0.01433,0.02715,0.02774,0.02048,0.02060,0.00429,0.06202,0.63018,0.01323,0.00582,0.01119,0.02114,0.01734
660,0.01304,0.09606,0.03432,0.02667,0.02907,0.00630,0.02461,0.03622,0.02350,0.05485,0.36514,0.02336,0.01077,0.01847,0.00694,0.00898,0.05922,0.11750,0.02025,0.02474
661,0.38262,0.19786,0.01692,0.02468,0.04401,0.00475,0.02104,0.03972,0.02901,0.00964,0.02601,0.02267,0.00523,0.01927,0.00661,0.01080,0.01520,0.06127,0.03959,0.02309
662,0.01686,0.03867,0.02857,0.02427,0.01362,0.00934,0.01438,0.18484,0.02558,0.00608,0.02563,0.01611,0.00665,0.02473,0.00801,0.00552,0.00819,0.50204,0.02645,0.01444
663,0.01267,0.03261,0.03137,0.03456,0.02955,0.03432,0.01714,0.06359,0.02634,0.00911,0.04990,0.03807,0.00909,0.02231,0.01755,0.49716,0.01177,0.01626,0.02312,0.02353
664,0.01422,0.02200,0.02016,0.06771,0.02389,0.50843,0.02836,0.02487,0.03670,0.00965,0.05673,0.02534,0.01286,0.03875,0.01633,0.00796,0.01452,0.02235,0.03170,0.01748
665,0.01467,0.03627,0.61341,0.01926,0.02467,0.02731,0.01422,0.02176,0.02717,0.00866,0.02390,0.01992,0.01451,0.02238,0.00938,0.00662,0.00996,0.01276,0.03562,0.03754
666,0.01228,0.02671,0.56638,0.01893,0.02806,0.04399,0.01519,0.02299,0.02733,0.00942,0.04340,0.04539,0.00641,0.03149,0.00944,0.00687,0.00818,0.01121,0.05050,0.01580
667,0.05411,0.23464,0.00871,0.00755,0.01039,0.00240,0.00502,0.01071,0.00869,0.00317,0.02307,0.00589,0.00234,0.00716,0.01988,0.17881,0.04569,0.35453,0.00774,0.00950
668,0.12529,0.04482,0.01959,0.02065,0.02077,0.00747,0.01672,0.05640,0.02736,0.00526,0.02513,0.01671,0.00549,0.01664,0.00539,0.00760,0.00950,0.53191,0.01732,0.01998
669,0.03761,0.10629,0.01368,0.01221,0.01590,0.00520,0.01155,0.28849,0.01719,0.01960,0.06616,0.01432,0.00506,0.01914,0.00481,0.00531,0.00573,0.31842,0.01583,0.01750
670,0.00983,0.04351,0.02981,0.08683,0.04497,0.00765,0.02097,0.02566,0.48846,0.00846,0.04030,0.02022,0.00752,0.02049,0.06012,0.00802,0.01040,0.01800,0.02302,0.02578
671,0.01281,0.02687,0.02766,0.02475,0.03322,0.00630,0.01310,0.02475,0.04582,0.02003,0.02953,0.02104,0.56733,0.02272,0.00685,0.04420,0.00847,0.01131,0.02694,0.02629
672,0.01264,0.01460,0.00972,0.01594,0.00927,0.00569,0.00602,0.35031,0.01314,0.10206,0.05085,0.01993,0.00285,0.01313,0.00405,0.00531,0.05702,0.28692,0.01298,0.00755
673,0.01090,0.03322,0.53049,0.03882,0.03170,0.07962,0.01659,0.02470,0.03133,0.00923,0.03916,0.02072,0.00646,0.02279,0.00969,0.00748,0.00985,0.01403,0.04238,0.02084
674,0.00980,0.02025,0.55611,0.11955,0.01545,0.03405,0.01239,0.01540,0.02291,0.00571,0.01993,0.04404,0.00660,0.02612,0.00795,0.00600,0.00653,0.01941,0.02616,0.02564
675,0.00492,0.01151,0.01034,0.01402,0.01759,0.03217,0.00899,0.00994,0.01607,0.00340,0.00958,0.00928,0.00325,0.00973,0.79414,0.00505,0.00341,0.00610,0.02027,0.01025
676,0.01158,0.01220,0.01748,0.03207,0.39304,0.02467,0.01420,0.01389,0.02933,0.05095,0.03758,0.01331,0.00456,0.02598,0.01059,0.02407,0.00847,0.02797,0.06441,0.18363
