site,A,C,D,E,F,G,H,I,K,L,M,N,P,Q,R,S,T,V,W,Y
564,0.08357,0.04440,0.04719,0.05929,0.01479,0.02160,0.05847,0.03081,0.09522,0.05504,0.05076,0.08934,0.00460,0.08751,0.09399,0.06360,0.03154,0.03763,0.01257,0.01809
565,0.00620,0.00920,0.01083,0.01212,0.01154,0.00322,0.00975,0.01183,0.01119,0.76430,0.07571,0.01054,0.01391,0.00928,0.00280,0.00364,0.00699,0.00405,0.00842,0.01450
566,0.60303,0.08280,0.01328,0.01062,0.04427,0.00413,0.01920,0.03485,0.01535,0.00638,0.01539,0.02071,0.00729,0.01364,0.00459,0.02918,0.01588,0.01534,0.01862,0.02547
567,0.03469,0.04487,0.02992,0.09221,0.01020,0.00122,0.03252,0.05935,0.04941,0.09109,0.11351,0.05992,0.00161,0.09938,0.10057,0.01982,0.04769,0.02878,0.02689,0.05634
568,0.43304,0.01534,0.01126,0.01550,0.01519,0.01539,0.02223,0.02077,0.02019,0.00623,0.02024,0.01694,0.01054,0.02224,0.00617,0.23412,0.03797,0.03908,0.01574,0.02183
569,0.01036,0.00644,0.00829,0.00948,0.01186,0.00123,0.01198,0.50096,0.01544,0.05085,0.08188,0.01437,0.00375,0.01508,0.00254,0.00426,0.00787,0.22398,0.00472,0.01465
570,0.00718,0.01362,0.01798,0.01131,0.02058,0.00314,0.01836,0.46321,0.01660,0.00526,0.15975,0.03060,0.01002,0.01959,0.00344,0.01229,0.12659,0.03379,0.00829,0.01841
571,0.00741,0.00535,0.00713,0.01717,0.01086,0.01706,0.22766,0.00998,0.18098,0.01779,0.02874,0.12831,0.00286,0.06360,0.15903,0.01078,0.03897,0.00804,0.03049,0.02779
572,0.00157,0.02844,0.00270,0.00339,0.13207,0.00086,0.01991,0.00719,0.00444,0.46227,0.15235,0.00984,0.00178,0.07688,0.00138,0.00154,0.00196,0.00134,0.00215,0.08794
573,0.16180,0.03178,0.01534,0.00958,0.01240,0.00444,0.01447,0.02707,0.01396,0.00407,0.01008,0.01571,0.00879,0.01069,0.00314,0.01185,0.61801,0.00471,0.00771,0.01439
574,0.00690,0.08520,0.02563,0.01422,0.02193,0.00427,0.05529,0.01896,0.01783,0.00549,0.01660,0.02140,0.00796,0.01749,0.00639,0.00590,0.00766,0.00604,0.01042,0.64442
575,0.01292,0.02197,0.01016,0.00787,0.00821,0.00276,0.10139,0.00882,0.00958,0.01129,0.28116,0.00801,0.00678,0.25789,0.03459,0.00319,0.00590,0.00401,0.19261,0.01092
576,0.01609,0.02523,0.04313,0.03260,0.02171,0.01393,0.04257,0.03891,0.03069,0.00902,0.02749,0.46511,0.01295,0.03217,0.00903,0.08988,0.01645,0.01125,0.02567,0.03612
577,0.01369,0.02390,0.02127,0.10266,0.02679,0.01094,0.02516,0.02017,0.44311,0.00801,0.02025,0.10630,0.01369,0.03086,0.05361,0.00924,0.01571,0.01100,0.02417,0.01946
578,0.03847,0.01309,0.01603,0.02061,0.01592,0.00804,0.01372,0.18241,0.01882,0.07185,0.02885,0.01886,0.00785,0.02154,0.00591,0.00551,0.00918,0.47684,0.01084,0.01564
579,0.10457,0.13663,0.01751,0.02207,0.01446,0.00521,0.01713,0.02370,0.01823,0.00715,0.02189,0.02018,0.00876,0.02214,0.00544,0.00549,0.01006,0.50950,0.01241,0.01747
580,0.03277,0.08856,0.02036,0.05303,0.01869,0.03851,0.01219,0.01314,0.22315,0.08138,0.07079,0.01153,0.00590,0.11929,0.12776,0.02900,0.02315,0.00769,0.00999,0.01312
581,0.03612,0.02208,0.01887,0.00814,0.01026,0.00412,0.01897,0.05298,0.01495,0.15458,0.08800,0.01616,0.00779,0.01812,0.00489,0.00580,0.17986,0.31229,0.00892,0.01710
582,0.01097,0.01927,0.01818,0.02030,0.05796,0.00691,0.08605,0.01651,0.02469,0.46537,0.02191,0.01792,0.10825,0.02484,0.00666,0.00611,0.04386,0.00891,0.01521,0.02013
583,0.01126,0.01964,0.02270,0.01891,0.02107,0.02009,0.05647,0.03095,0.06694,0.00738,0.01968,0.02554,0.01067,0.02995,0.56302,0.01965,0.01062,0.00963,0.01298,0.02286
584,0.01682,0.03260,0.03166,0.02699,0.03237,0.01398,0.02111,0.04584,0.03231,0.01336,0.02616,0.02899,0.49851,0.03596,0.00957,0.04237,0.01800,0.01238,0.02790,0.03314
585,0.17844,0.13624,0.00781,0.00791,0.13944,0.04884,0.04960,0.02704,0.01062,0.00436,0.04069,0.01220,0.00473,0.00943,0.00616,0.06808,0.05092,0.03253,0.00660,0.15839
586,0.05400,0.03271,0.07252,0.06105,0.04424,0.07050,0.03576,0.08133,0.01877,0.07323,0.03538,0.03353,0.04291,0.07121,0.00965,0.05852,0.06321,0.08708,0.02793,0.02646
587,0.03296,0.04364,0.04040,0.21120,0.01343,0.26165,0.03673,0.02052,0.02042,0.00855,0.01442,0.03789,0.00991,0.13304,0.01526,0.03827,0.01292,0.00503,0.00765,0.03610
588,0.01308,0.02356,0.01936,0.10438,0.02126,0.51080,0.03136,0.03205,0.03141,0.00752,0.02565,0.02645,0.02341,0.03869,0.01413,0.00913,0.01537,0.01589,0.01581,0.02070
589,0.02389,0.02573,0.00997,0.01369,0.01521,0.06545,0.06477,0.08994,0.15890,0.06048,0.08195,0.02221,0.00373,0.03139,0.16749,0.01212,0.04257,0.09208,0.00887,0.00955
590,0.02619,0.42713,0.01604,0.01684,0.01351,0.00507,0.01119,0.06206,0.01356,0.00375,0.02051,0.01875,0.01235,0.01118,0.00362,0.01102,0.25009,0.05763,0.00889,0.01063
591,0.02266,0.08627,0.02794,0.02714,0.02252,0.01183,0.02135,0.08491,0.03035,0.03934,0.02760,0.04209,0.00903,0.03415,0.00810,0.00805,0.01109,0.43681,0.02509,0.02367
592,0.03671,0.02118,0.02882,0.02601,0.05410,0.00805,0.02128,0.05430,0.03581,0.01238,0.50520,0.02276,0.01298,0.02381,0.01536,0.00877,0.05245,0.02125,0.01463,0.02415
593,0.01024,0.02061,0.61623,0.02769,0.01792,0.02974,0.01846,0.02332,0.02855,0.00616,0.01988,0.03926,0.00876,0.02563,0.00697,0.00645,0.01147,0.01653,0.01915,0.04700
594,0.00865,0.02673,0.02233,0.02635,0.01458,0.00960,0.02092,0.40410,0.02247,0.01205,0.01982,0.01835,0.00802,0.01808,0.00681,0.00667,0.09889,0.22016,0.01848,0.01694
595,0.01241,0.02198,0.03528,0.02251,0.01990,0.01037,0.02119,0.38102,0.02751,0.02602,0.02044,0.03090,0.00974,0.02903,0.00790,0.00849,0.06238,0.15732,0.07094,0.02466
596,0.01050,0.02033,0.02057,0.02144,0.02011,0.00870,0.01835,0.02293,0.02444,0.01646,0.01902,0.02390,0.06833,0.02449,0.00738,0.61569,0.01235,0.01024,0.01528,0.01950
597,0.01140,0.02406,0.03458,0.02542,0.01940,0.02086,0.02226,0.05599,0.09149,0.00679,0.02556,0.02075,0.01417,0.03224,0.51364,0.01470,0.01310,0.00973,0.01729,0.02660
598,0.04269,0.04676,0.02020,0.01665,0.02158,0.14008,0.00801,0.01659,0.12582,0.00645,0.01529,0.01739,0.00688,0.25889,0.16163,0.05112,0.00698,0.00515,0.01266,0.01917
599,0.01471,0.03588,0.50523,0.02416,0.03573,0.03027,0.02579,0.02619,0.05152,0.00965,0.03387,0.05704,0.01210,0.02874,0.00912,0.01133,0.01438,0.01300,0.03156,0.02974
600,0.01504,0.03458,0.02944,0.02157,0.02553,0.01405,0.04072,0.03285,0.02351,0.02795,0.02472,0.03446,0.01659,0.53200,0.02632,0.01126,0.01310,0.01276,0.03130,0.03225
601,0.01418,0.03223,0.03289,0.02788,0.03944,0.02195,0.03168,0.05403,0.08327,0.01011,0.02764,0.02173,0.01768,0.03182,0.42786,0.02435,0.01995,0.02121,0.02874,0.03134
602,0.01396,0.03991,0.02604,0.01889,0.03695,0.46633,0.02934,0.04885,0.03693,0.01108,0.03528,0.04050,0.01304,0.04416,0.02315,0.01070,0.01510,0.02134,0.03501,0.03343
603,0.01897,0.06591,0.03673,0.03074,0.03481,0.02172,0.02767,0.05629,0.03751,0.01370,0.03375,0.01733,0.01113,0.03107,0.03533,0.41872,0.01584,0.02682,0.02988,0.03608
604,0.01276,0.03344,0.02461,0.06699,0.03478,0.46332,0.02548,0.02794,0.03471,0.01148,0.03515,0.03060,0.01556,0.03885,0.00785,0.01173,0.01432,0.02017,0.05373,0.03653
605,0.01878,0.04218,0.04452,0.03363,0.03146,0.01250,0.02544,0.03271,0.03232,0.01066,0.03737,0.02657,0.01091,0.49941,0.03119,0.01160,0.01366,0.01922,0.03182,0.03404
606,0.04675,0.02747,0.03193,0.02822,0.05247,0.00782,0.02639,0.10525,0.03423,0.01013,0.02996,0.03843,0.00923,0.03381,0.00827,0.01103,0.01338,0.43360,0.02169,0.02995
607,0.00593,0.01445,0.01642,0.02403,0.01932,0.00596,0.01939,0.33471,0.02740,0.00744,0.01713,0.01547,0.00808,0.02043,0.00657,0.00653,0.00869,0.39863,0.02052,0.02291
608,0.06200,0.02382,0.02792,0.03880,0.03735,0.01245,0.06387,0.05053,0.03680,0.01313,0.03962,0.03267,0.01602,0.03648,0.01187,0.01186,0.41353,0.01683,0.02873,0.02571
609,0.01355,0.07386,0.08631,0.02781,0.04192,0.00480,0.07301,0.03804,0.03619,0.01181,0.03856,0.04177,0.01422,0.03423,0.00932,0.01056,0.02039,0.01816,0.02763,0.37788
610,0.32507,0.04091,0.04764,0.02543,0.08058,0.00631,0.04271,0.04943,0.04100,0.01598,0.03028,0.03790,0.01417,0.04295,0.01001,0.03976,0.03320,0.01990,0.04480,0.05199
611,0.01512,0.03534,0.04765,0.02422,0.12557,0.00838,0.02329,0.02146,0.02632,0.29669,0.22846,0.02048,0.02487,0.02387,0.00765,0.00946,0.01095,0.01138,0.01782,0.02103
612,0.01465,0.03257,0.04064,0.02567,0.03858,0.01255,0.04610,0.07622,0.03533,0.01377,0.05162,0.37232,0.01241,0.04432,0.01153,0.07980,0.01696,0.01919,0.03073,0.02505
613,0.01725,0.04895,0.05839,0.03330,0.06312,0.01604,0.03067,0.01455,0.08930,0.01504,0.02697,0.03438,0.04931,0.04073,0.01119,0.04226,0.31941,0.01822,0.03484,0.03607
614,0.02466,0.03606,0.03450,0.03648,0.36073,0.00998,0.03795,0.03342,0.03368,0.04443,0.02434,0.04184,0.01568,0.03234,0.01163,0.10703,0.02279,0.00958,0.02536,0.05752
615,0.03705,0.06161,0.02365,0.03352,0.02914,0.01301,0.02568,0.05536,0.04358,0.01015,0.03001,0.02242,0.01264,0.02966,0.00910,0.02065,0.47862,0.01437,0.02539,0.02438
616,0.02012,0.03297,0.01311,0.03837,0.04934,0.00893,0.06390,0.03360,0.03431,0.01351,0.04000,0.41813,0.02064,0.03858,0.00966,0.02209,0.02670,0.01904,0.03419,0.06281
617,0.01775,0.03938,0.02732,0.02263,0.02082,0.00776,0.03714,0.26113,0.03056,0.22410,0.07147,0.04771,0.01342,0.02822,0.00969,0.02959,0.01743,0.02371,0.01682,0.05335
618,0.08866,0.11309,0.01837,0.01084,0.01802,0.06223,0.01959,0.03297,0.01712,0.00585,0.10695,0.01867,0.00528,0.01546,0.00541,0.10434,0.09096,0.22898,0.01700,0.02021
619,0.05027,0.37212,0.01835,0.02397,0.02326,0.00516,0.01583,0.05345,0.02303,0.01604,0.02472,0.02062,0.00676,0.02057,0.00534,0.00660,0.01555,0.26374,0.01564,0.01900
620,0.01201,0.03158,0.04567,0.01930,0.07371,0.00857,0.02820,0.03418,0.02641,0.01066,0.02429,0.16794,0.01097,0.33585,0.07916,0.01070,0.00941,0.01520,0.01882,0.03737
621,0.00666,0.02465,0.01777,0.01581,0.04215,0.00798,0.01890,0.36127,0.01691,0.20856,0.09887,0.01875,0.03197,0.01308,0.00384,0.00575,0.01179,0.06077,0.00973,0.02477
622,0.01653,0.02546,0.03030,0.04552,0.03572,0.00987,0.02222,0.35054,0.04151,0.01335,0.07252,0.02406,0.00875,0.03231,0.00868,0.01195,0.01475,0.15480,0.04954,0.03160
623,0.01304,0.05971,0.04563,0.03555,0.06452,0.01171,0.02399,0.06078,0.03919,0.00973,0.04868,0.02879,0.00941,0.00832,0.41309,0.01388,0.01804,0.01868,0.01494,0.06234
624,0.01996,0.05593,0.01537,0.00648,0.09932,0.00246,0.07924,0.12261,0.00412,0.13650,0.03285,0.05185,0.00171,0.09082,0.00213,0.04799,0.07069,0.14733,0.00776,0.00486
625,0.11555,0.02595,0.03033,0.03118,0.02538,0.02248,0.02338,0.07953,0.01663,0.12032,0.26968,0.01916,0.01013,0.01960,0.00742,0.00751,0.01878,0.10469,0.01689,0.03540
626,0.01980,0.03347,0.16521,0.43976,0.02965,0.01603,0.02575,0.03700,0.01563,0.00929,0.03071,0.01977,0.01396,0.02959,0.00794,0.01102,0.01399,0.02623,0.03274,0.02247
627,0.29143,0.03556,0.02727,0.02719,0.02485,0.16339,0.02185,0.02333,0.02113,0.00688,0.02845,0.02003,0.00852,0.02019,0.00638,0.20549,0.01890,0.00577,0.02100,0.02239
628,0.02138,0.03397,0.02944,0.45122,0.02470,0.03408,0.02972,0.03756,0.08271,0.01103,0.04037,0.03518,0.01517,0.03015,0.01205,0.01073,0.01359,0.03340,0.02645,0.02710
629,0.09608,0.06668,0.10317,0.11649,0.01447,0.01976,0.02437,0.01141,0.01200,0.04974,0.05734,0.07476,0.00289,0.08225,0.03326,0.05493,0.09691,0.06390,0.01320,0.00639
630,0.10369,0.26418,0.01121,0.00975,0.00947,0.00545,0.01360,0.01031,0.01024,0.27921,0.03217,0.00867,0.00389,0.00701,0.00315,0.00349,0.08136,0.12540,0.00937,0.00837
631,0.00898,0.03133,0.02131,0.03314,0.12128,0.00591,0.01984,0.09067,0.02520,0.29237,0.02054,0.01918,0.00871,0.02429,0.00686,0.01659,0.01064,0.19386,0.02672,0.02256
632,0.07002,0.06016,0.05947,0.04012,0.02065,0.05340,0.03287,0.05249,0.03176,0.06949,0.05990,0.08817,0.00083,0.07570,0.03044,0.07364,0.07368,0.06150,0.01886,0.02686
633,0.04300,0.03567,0.06396,0.08729,0.05029,0.04909,0.06505,0.05576,0.02550,0.05062,0.04898,0.03630,0.03168,0.07922,0.01415,0.06283,0.06095,0.05181,0.02305,0.06479
634,0.05871,0.09262,0.04710,0.05018,0.02037,0.05152,0.06464,0.02305,0.06259,0.01283,0.03945,0.07254,0.06199,0.05773,0.06501,0.07837,0.06066,0.03376,0.01927,0.02761
635,0.01745,0.03447,0.48344,0.03881,0.03209,0.03446,0.02873,0.02851,0.03934,0.01069,0.02947,0.03873,0.01270,0.03196,0.00840,0.00954,0.01480,0.02984,0.01895,0.05764
636,0.01698,0.01945,0.01322,0.02090,0.01733,0.00734,0.01183,0.12591,0.01181,0.24760,0.25340,0.01148,0.00692,0.06300,0.00594,0.03877,0.03481,0.06390,0.01695,0.01246
637,0.05378,0.03754,0.02432,0.05150,0.05618,0.05611,0.04488,0.06183,0.07557,0.04882,0.04839,0.04710,0.04002,0.04341,0.04593,0.05910,0.04964,0.03281,0.04427,0.07879
638,0.07258,0.06843,0.04356,0.03825,0.03814,0.04734,0.05802,0.04796,0.07974,0.05199,0.04211,0.05589,0.00119,0.03918,0.06221,0.07715,0.04761,0.03334,0.02788,0.06743
639,0.01102,0.04074,0.04407,0.02779,0.03975,0.00697,0.02120,0.14175,0.02609,0.27222,0.08017,0.01866,0.00955,0.02702,0.00662,0.03599,0.01024,0.13762,0.02422,0.01832
640,0.05640,0.05300,0.04100,0.04349,0.02564,0.03388,0.09093,0.02163,0.11044,0.03108,0.03662,0.06715,0.01968,0.09546,0.11569,0.03980,0.05140,0.02686,0.01444,0.02544
641,0.05643,0.05199,0.05812,0.05716,0.03476,0.05453,0.06439,0.01051,0.08531,0.01374,0.05247,0.06982,0.00314,0.08606,0.07355,0.06957,0.05865,0.02668,0.02511,0.04803
642,0.04800,0.01630,0.02593,0.09054,0.00861,0.05281,0.09570,0.00989,0.12259,0.01544,0.01187,0.02218,0.13318,0.05542,0.10066,0.09329,0.05732,0.02200,0.01080,0.00746
643,0.05508,0.07045,0.03600,0.07459,0.07337,0.06210,0.04871,0.03859,0.00695,0.04822,0.05926,0.04903,0.05069,0.05513,0.01925,0.04993,0.06317,0.05871,0.01982,0.06094
644,0.04443,0.04369,0.02198,0.04500,0.02068,0.02449,0.05549,0.04873,0.07314,0.06721,0.04165,0.09161,0.00208,0.06817,0.11883,0.06850,0.06225,0.05991,0.01183,0.03033
645,0.07945,0.20028,0.01135,0.00919,0.01699,0.00366,0.01192,0.18338,0.01369,0.12401,0.03322,0.02367,0.00443,0.01237,0.00392,0.00487,0.01843,0.22237,0.00862,0.01419
646,0.05420,0.03513,0.07104,0.04414,0.03095,0.04756,0.10449,0.05361,0.05168,0.04050,0.04151,0.03921,0.01400,0.05228,0.04463,0.07066,0.05484,0.04647,0.04477,0.05832
647,0.04365,0.04966,0.05548,0.03384,0.04087,0.05284,0.05540,0.03402,0.05843,0.04406,0.03182,0.06207,0.00230,0.03907,0.07218,0.05870,0.05146,0.04903,0.07541,0.08972
648,0.01574,0.03832,0.03068,0.03192,0.05722,0.01952,0.03018,0.03610,0.04906,0.01743,0.03380,0.02505,0.01188,0.02597,0.10151,0.00982,0.01577,0.01242,0.39647,0.04113
649,0.01653,0.05560,0.04281,0.02614,0.04667,0.00785,0.02652,0.04821,0.03123,0.45135,0.04052,0.02339,0.01603,0.02870,0.00983,0.03474,0.01617,0.02542,0.02851,0.02378
650,0.05328,0.06980,0.03819,0.05925,0.05083,0.06890,0.05435,0.04154,0.05561,0.04457,0.06080,0.06234,0.00056,0.05487,0.04503,0.05744,0.05978,0.05287,0.03286,0.03715
651,0.05826,0.04681,0.02325,0.02356,0.07105,0.03469,0.04653,0.06201,0.07440,0.06104,0.06110,0.07989,0.00118,0.06683,0.05521,0.04598,0.05116,0.05821,0.02538,0.05347
652,0.07208,0.05385,0.08656,0.06469,0.07421,0.00182,0.09308,0.00796,0.03383,0.01426,0.04038,0.08393,0.00237,0.09101,0.02751,0.07410,0.01522,0.03833,0.05495,0.06985
653,0.17983,0.02286,0.01552,0.04358,0.03003,0.41355,0.02255,0.03531,0.02443,0.01265,0.04756,0.01764,0.01434,0.02485,0.02326,0.00701,0.01004,0.01320,0.02016,0.02163
654,0.03994,0.08221,0.02790,0.02980,0.04256,0.03051,0.06916,0.04745,0.04004,0.06947,0.04513,0.06090,0.04155,0.07901,0.04735,0.03928,0.06764,0.05148,0.05647,0.03215
655,0.01985,0.05186,0.25056,0.09904,0.02095,0.02989,0.02219,0.03457,0.02064,0.03704,0.02500,0.17125,0.01342,0.03927,0.00499,0.03694,0.03895,0.03587,0.01568,0.03204
656,0.00824,0.02757,0.01839,0.01931,0.02028,0.02046,0.01325,0.01814,0.08091,0.00817,0.02260,0.01245,0.00664,0.02057,0.64089,0.00539,0.00870,0.01112,0.02148,0.01543
657,0.01086,0.06197,0.01910,0.02555,0.04384,0.00616,0.02234,0.01557,0.03089,0.57488,0.04703,0.01535,0.03738,0.02222,0.00486,0.00733,0.00823,0.01046,0.02057,0.01540
658,0.03931,0.08487,0.01188,0.02646,0.00397,0.08333,0.11997,0.00289,0.10166,0.00463,0.01708,0.08726,0.00101,0.08858,0.13260,0.07782,0.10206,0.00336,0.00499,0.00625
659,0.00845,0.02032,0.01425,0.01893,0.01852,0.01139,0.03601,0.01502,0.02505,0.02271,0.02150,0.01983,0.00449,0.04046,0.65176,0.01269,0.00627,0.01197,0.02219,0.01818
660,0.01410,0.08689,0.03513,0.02768,0.02968,0.00650,0.02555,0.04535,0.02716,0.04771,0.37298,0.02426,0.01115,0.01917,0.00749,0.00928,0.05434,0.10899,0.02080,0.02580
661,0.38412,0.19716,0.01738,0.02667,0.04443,0.00476,0.02138,0.03916,0.02947,0.00903,0.02636,0.02312,0.00532,0.01954,0.00673,0.01239,0.01609,0.05310,0.04031,0.02347
662,0.02341,0.03594,0.02977,0.02347,0.01317,0.00683,0.01389,0.21345,0.02478,0.00583,0.02472,0.01558,0.00644,0.02392,0.00776,0.00534,0.00792,0.47817,0.02563,0.01397
663,0.01307,0.03801,0.03222,0.03572,0.03065,0.02733,0.01766,0.06723,0.02709,0.00938,0.05121,0.02687,0.00939,0.02298,0.00972,0.50547,0.01125,0.01677,0.02385,0.02412
664,0.01383,0.02276,0.02062,0.04454,0.02474,0.51852,0.02939,0.02571,0.03802,0.01000,0.05874,0.02622,0.01330,0.04017,0.02176,0.00824,0.01504,0.01752,0.03280,0.01807
665,0.01794,0.03587,0.59798,0.01907,0.02442,0.02593,0.01406,0.02152,0.02687,0.00857,0.02363,0.02474,0.01435,0.02213,0.00929,0.00655,0.00986,0.01363,0.03527,0.04831
666,0.01284,0.02816,0.58922,0.01853,0.02957,0.01295,0.01600,0.02420,0.02882,0.00993,0.04583,0.03635,0.00675,0.03315,0.00996,0.00723,0.00862,0.01183,0.05314,0.01691
667,0.05297,0.22489,0.00850,0.00738,0.00873,0.00260,0.00490,0.01094,0.00852,0.00305,0.02647,0.00575,0.00229,0.00701,0.01216,0.18182,0.05137,0.36597,0.00756,0.00714
668,0.09888,0.03877,0.02281,0.02193,0.01867,0.00896,0.01788,0.04444,0.02909,0.00561,0.02670,0.01776,0.00583,0.01775,0.00573,0.00809,0.01013,0.56135,0.01845,0.02118
669,0.05503,0.09139,0.01310,0.01183,0.01540,0.00572,0.01107,0.30925,0.01659,0.01580,0.07259,0.01373,0.00483,0.01823,0.00459,0.00506,0.00528,0.29894,0.01494,0.01666
670,0.01004,0.04483,0.03050,0.05374,0.04609,0.00802,0.02149,0.02625,0.49269,0.00863,0.05042,0.01991,0.00771,0.02146,0.07013,0.00825,0.01127,0.01841,0.02371,0.02643
671,0.01582,0.02779,0.02867,0.02564,0.03438,0.00653,0.01355,0.02572,0.04751,0.01805,0.03064,0.02187,0.57871,0.02165,0.00709,0.02059,0.00880,0.01174,0.02798,0.02727
672,0.01108,0.01340,0.01013,0.01659,0.01074,0.00594,0.00627,0.36081,0.01181,0.10413,0.05309,0.01864,0.00299,0.01221,0.00445,0.00652,0.04153,0.28821,0.01353,0.00792
673,0.01204,0.03439,0.53923,0.03279,0.03271,0.07120,0.01720,0.02550,0.03220,0.00949,0.04022,0.01422,0.00666,0.02353,0.01002,0.00774,0.01015,0.01459,0.04373,0.02238
674,0.01015,0.02095,0.57024,0.10302,0.01605,0.01738,0.01285,0.01602,0.02382,0.00593,0.02067,0.06209,0.00686,0.02708,0.00823,0.00623,0.00678,0.01128,0.02712,0.02723
675,0.00500,0.01170,0.01051,0.01426,0.01790,0.02793,0.00915,0.01010,0.01865,0.00346,0.00943,0.00944,0.00330,0.00989,0.79568,0.00573,0.00346,0.00620,0.01776,0.01043
676,0.01214,0.01280,0.01818,0.03344,0.40529,0.02586,0.01484,0.01453,0.03072,0.04585,0.03914,0.01393,0.00477,0.02711,0.01109,0.02937,0.00888,0.02593,0.06726,0.15886
