site,A,C,D,E,F,G,H,I,K,L,M,N,P,Q,R,S,T,V,W,Y
564,0.08839,0.04003,0.04241,0.05970,0.01650,0.02159,0.05387,0.03336,0.09213,0.05876,0.05867,0.08367,0.00497,0.08347,0.09899,0.06234,0.02947,0.03783,0.01639,0.01746
565,0.00629,0.00932,0.01097,0.01230,0.01170,0.00327,0.00989,0.01336,0.01133,0.72599,0.11086,0.01068,0.01403,0.00940,0.00248,0.00370,0.00709,0.00411,0.00855,0.01469
566,0.55307,0.10370,0.01292,0.01312,0.04327,0.00397,0.01867,0.03382,0.01496,0.00621,0.01496,0.02012,0.00769,0.01327,0.00446,0.04640,0.02681,0.01957,0.01813,0.02487
567,0.03015,0.05189,0.02641,0.08066,0.00756,0.00146,0.04168,0.04629,0.03885,0.08907,0.11008,0.05649,0.00167,0.10747,0.10812,0.02088,0.04573,0.02557,0.02710,0.08284
568,0.39405,0.01482,0.01081,0.01509,0.01479,0.02102,0.02144,0.02040,0.01960,0.00604,0.01971,0.01643,0.00838,0.02146,0.00598,0.25892,0.04145,0.05306,0.01529,0.02128
569,0.00363,0.00642,0.00843,0.01150,0.01195,0.00123,0.01191,0.48949,0.01543,0.06811,0.09170,0.01458,0.00373,0.01493,0.00253,0.00425,0.00709,0.21366,0.00476,0.01468
570,0.00661,0.01253,0.01671,0.01041,0.02570,0.00292,0.01707,0.42411,0.01518,0.00459,0.16886,0.03294,0.00937,0.01833,0.00316,0.00491,0.16063,0.04136,0.00761,0.01702
571,0.00646,0.00428,0.00624,0.00267,0.01220,0.02564,0.25235,0.01018,0.15314,0.01232,0.02771,0.12878,0.00251,0.07143,0.15412,0.01430,0.04098,0.00809,0.03807,0.02854
572,0.00137,0.04300,0.00236,0.00299,0.12908,0.00086,0.03736,0.00628,0.00389,0.37533,0.17595,0.01379,0.00156,0.12644,0.00142,0.00160,0.00172,0.00118,0.00190,0.07194
573,0.22115,0.01760,0.01480,0.00925,0.01198,0.00430,0.01406,0.04737,0.01544,0.00395,0.00978,0.01526,0.00680,0.01032,0.00287,0.01082,0.55830,0.00456,0.00746,0.01394
574,0.00703,0.15174,0.01526,0.01448,0.02967,0.00437,0.02151,0.01950,0.01834,0.00555,0.01690,0.02597,0.00811,0.01802,0.00650,0.00703,0.00779,0.00615,0.01058,0.60552
575,0.02163,0.02779,0.00942,0.00790,0.00764,0.00258,0.12920,0.00834,0.00825,0.00759,0.23795,0.00750,0.00745,0.22568,0.05776,0.00298,0.00556,0.00318,0.21132,0.01026
576,0.01636,0.02539,0.02822,0.03323,0.02189,0.01386,0.06958,0.04636,0.03097,0.00911,0.02773,0.43816,0.01316,0.03821,0.00912,0.08074,0.01668,0.01133,0.02567,0.04421
577,0.01384,0.02446,0.02165,0.03000,0.02734,0.01123,0.02470,0.02029,0.41996,0.00817,0.01979,0.16877,0.01367,0.03171,0.08753,0.00910,0.01273,0.01118,0.02385,0.02003
578,0.07117,0.01036,0.01270,0.01284,0.01262,0.00389,0.01081,0.28959,0.01492,0.11474,0.02319,0.01498,0.00620,0.01710,0.00468,0.00436,0.00729,0.34753,0.00860,0.01241
579,0.09722,0.10366,0.01952,0.03185,0.01594,0.00578,0.01895,0.02971,0.02022,0.00550,0.00926,0.02237,0.00971,0.02394,0.00601,0.00607,0.01116,0.53025,0.01376,0.01913
580,0.01912,0.03817,0.02623,0.10336,0.02400,0.01602,0.01560,0.01573,0.27037,0.04379,0.07135,0.01168,0.00752,0.07759,0.17180,0.01965,0.02894,0.00985,0.01258,0.01667
581,0.02006,0.02515,0.01401,0.00748,0.00982,0.00484,0.01740,0.02447,0.01383,0.15457,0.08888,0.01499,0.00726,0.01675,0.00452,0.00539,0.27781,0.26886,0.00822,0.01567
582,0.00983,0.01816,0.01760,0.01926,0.08687,0.00672,0.06447,0.01311,0.02389,0.41853,0.02123,0.01711,0.14547,0.02369,0.00597,0.00592,0.05954,0.00864,0.01458,0.01943
583,0.01144,0.02002,0.02306,0.01919,0.02119,0.00537,0.05810,0.03205,0.10409,0.00746,0.01992,0.02562,0.01071,0.03027,0.52993,0.02487,0.01073,0.00985,0.01328,0.02286
584,0.02075,0.03362,0.03252,0.02783,0.03346,0.01441,0.02162,0.04711,0.03324,0.00548,0.02692,0.02981,0.47923,0.03957,0.00985,0.04839,0.02074,0.01279,0.02882,0.03384
585,0.17559,0.13260,0.00741,0.00844,0.14056,0.05599,0.05969,0.03051,0.01050,0.00486,0.03042,0.01306,0.00506,0.01004,0.00811,0.09499,0.05584,0.02929,0.00651,0.12053
586,0.05394,0.02307,0.08673,0.06345,0.05318,0.08681,0.02843,0.07564,0.01383,0.06773,0.02213,0.02678,0.05006,0.07380,0.00970,0.05618,0.05102,0.09120,0.02712,0.03920
587,0.03300,0.03432,0.03812,0.16998,0.01263,0.22814,0.04240,0.01928,0.01899,0.01135,0.01356,0.04784,0.01063,0.17607,0.01275,0.05982,0.00998,0.00422,0.00753,0.04938
588,0.01267,0.02294,0.01861,0.17657,0.02065,0.45841,0.03029,0.03112,0.03046,0.00724,0.02485,0.02548,0.02278,0.03712,0.00522,0.00884,0.01484,0.01664,0.01532,0.01994
589,0.03224,0.03784,0.00846,0.00818,0.01238,0.08270,0.08045,0.09024,0.11980,0.06344,0.07220,0.03117,0.00304,0.05204,0.12149,0.01752,0.05906,0.09006,0.00692,0.01076
590,0.03825,0.45250,0.01492,0.01563,0.01255,0.00469,0.01029,0.04973,0.01057,0.00346,0.02440,0.02142,0.02014,0.01040,0.00336,0.01677,0.21550,0.05739,0.00823,0.00980
591,0.03967,0.13782,0.02700,0.02632,0.01757,0.01358,0.02050,0.07912,0.02907,0.03267,0.02791,0.04010,0.00877,0.03267,0.00791,0.00784,0.01081,0.39314,0.02439,0.02312
592,0.01995,0.02141,0.02918,0.02481,0.05854,0.00817,0.02164,0.06888,0.02562,0.00747,0.47990,0.02316,0.01320,0.02417,0.02326,0.00890,0.09384,0.00620,0.01479,0.02692
593,0.01129,0.02275,0.63714,0.02682,0.01976,0.03832,0.02044,0.02576,0.03145,0.00678,0.02194,0.01043,0.00965,0.02829,0.00769,0.00712,0.01263,0.01350,0.02115,0.02710
594,0.00818,0.03657,0.02121,0.02463,0.01377,0.00920,0.01956,0.35487,0.02097,0.01839,0.01918,0.01802,0.00767,0.01693,0.00649,0.00562,0.19198,0.17308,0.01764,0.01602
595,0.01185,0.02135,0.03408,0.02122,0.01839,0.00995,0.02013,0.33818,0.02676,0.01712,0.01369,0.02943,0.00933,0.02701,0.00745,0.00796,0.07301,0.21960,0.07008,0.02340
596,0.01064,0.01991,0.02015,0.02098,0.01970,0.00852,0.01797,0.02243,0.02393,0.01432,0.01862,0.02342,0.12946,0.02398,0.00723,0.56152,0.01312,0.01003,0.01497,0.01909
597,0.01208,0.02557,0.03639,0.02694,0.02061,0.00378,0.02372,0.07816,0.07422,0.00720,0.02712,0.02204,0.01503,0.03442,0.49876,0.02300,0.01387,0.01032,0.01841,0.02836
598,0.03853,0.03695,0.01731,0.01217,0.01876,0.15914,0.00688,0.01438,0.13417,0.00619,0.01314,0.01511,0.00831,0.20443,0.22322,0.05341,0.00598,0.00442,0.01082,0.01666
599,0.01710,0.03616,0.47288,0.02504,0.03577,0.04675,0.02967,0.02629,0.05152,0.00971,0.03403,0.06547,0.01214,0.02875,0.00917,0.01137,0.01447,0.01438,0.03176,0.02757
600,0.01566,0.03573,0.03064,0.02250,0.02654,0.01466,0.03258,0.03401,0.02455,0.02249,0.02576,0.03599,0.01127,0.51646,0.04626,0.01174,0.01362,0.01325,0.03256,0.03371
601,0.01357,0.03121,0.03196,0.02695,0.03853,0.02906,0.02992,0.03590,0.15085,0.00979,0.02663,0.02101,0.01724,0.03070,0.38478,0.01821,0.02577,0.02035,0.02746,0.03011
602,0.01484,0.04100,0.02661,0.03050,0.03803,0.44598,0.03025,0.04961,0.03788,0.01139,0.03599,0.04159,0.01331,0.04547,0.02753,0.01096,0.01547,0.02383,0.02560,0.03416
603,0.01820,0.09371,0.03563,0.02990,0.03308,0.04122,0.02689,0.05569,0.03602,0.01303,0.03219,0.02343,0.01062,0.02959,0.04762,0.36970,0.01506,0.02569,0.02861,0.03411
604,0.01413,0.03298,0.02441,0.09379,0.03444,0.42751,0.02515,0.02777,0.03470,0.01147,0.03494,0.03025,0.01544,0.03809,0.01007,0.01165,0.01416,0.02897,0.05345,0.03661
605,0.02003,0.04509,0.04772,0.03344,0.03378,0.01334,0.02116,0.03455,0.03311,0.01086,0.03976,0.02821,0.01166,0.49877,0.01036,0.01234,0.01460,0.02060,0.03426,0.03636
606,0.06654,0.02571,0.02849,0.02633,0.07065,0.00741,0.02548,0.14021,0.03320,0.01009,0.02812,0.03591,0.00877,0.03177,0.00785,0.01030,0.01261,0.38194,0.02047,0.02814
607,0.01023,0.01508,0.01854,0.02505,0.02004,0.00678,0.02042,0.33041,0.02827,0.00768,0.01765,0.01612,0.00841,0.02100,0.00684,0.00679,0.00898,0.38661,0.02166,0.02346
608,0.09018,0.02318,0.02712,0.03774,0.03626,0.01211,0.06192,0.07795,0.03584,0.01275,0.03855,0.03014,0.01459,0.03552,0.01155,0.01154,0.37372,0.01636,0.02796,0.02500
609,0.01518,0.04515,0.11650,0.03059,0.04678,0.00528,0.02383,0.04157,0.03924,0.01287,0.04193,0.04081,0.01581,0.03779,0.01032,0.01158,0.02256,0.01984,0.03023,0.39213
610,0.31259,0.04214,0.06253,0.02616,0.08356,0.00874,0.04387,0.05043,0.04206,0.01649,0.03102,0.03898,0.01457,0.04427,0.01029,0.04764,0.01796,0.00706,0.04614,0.05351
611,0.01682,0.03987,0.05174,0.02696,0.03421,0.00926,0.02673,0.02390,0.02890,0.30821,0.26948,0.02281,0.02652,0.02628,0.00899,0.01034,0.01223,0.01372,0.01981,0.02322
612,0.01351,0.03002,0.03649,0.02351,0.03594,0.01157,0.04270,0.10444,0.03424,0.01283,0.04760,0.32018,0.01145,0.04168,0.01065,0.13232,0.02171,0.01781,0.02818,0.02320
613,0.00354,0.05011,0.06081,0.03399,0.06388,0.01648,0.03130,0.01879,0.04996,0.01531,0.02754,0.03508,0.07196,0.04177,0.01139,0.07001,0.30633,0.01864,0.03558,0.03754
614,0.02398,0.02542,0.03357,0.03489,0.32019,0.00956,0.03654,0.03359,0.03196,0.04692,0.02419,0.04125,0.01488,0.03157,0.01111,0.15394,0.02147,0.00928,0.02372,0.07198
615,0.00493,0.06234,0.02384,0.03421,0.02939,0.01318,0.02608,0.09811,0.04435,0.01026,0.03013,0.01910,0.01730,0.02987,0.00916,0.03144,0.45150,0.01454,0.02567,0.02459
616,0.02051,0.03387,0.00632,0.03918,0.05050,0.00910,0.07006,0.03518,0.03508,0.01375,0.04098,0.39861,0.02079,0.03926,0.00984,0.03295,0.02710,0.01963,0.03517,0.06211
617,0.01738,0.03904,0.02618,0.02220,0.02014,0.00759,0.03606,0.21248,0.03029,0.20363,0.12076,0.04862,0.01312,0.02746,0.00954,0.05238,0.01449,0.03265,0.01441,0.05157
618,0.09899,0.09609,0.01868,0.01142,0.01871,0.05012,0.02010,0.04618,0.01765,0.00596,0.09387,0.01876,0.00551,0.01604,0.00562,0.13021,0.08466,0.22284,0.01745,0.02111
619,0.09879,0.27279,0.02109,0.02148,0.02674,0.00680,0.01814,0.03732,0.02641,0.02332,0.03262,0.02368,0.00778,0.02365,0.00613,0.00759,0.01926,0.28657,0.01803,0.02184
620,0.01188,0.03122,0.04552,0.01890,0.07349,0.00847,0.02247,0.03387,0.02390,0.01003,0.02395,0.15748,0.01066,0.31044,0.12713,0.01059,0.00929,0.01504,0.01857,0.03710
621,0.00665,0.02447,0.01761,0.01588,0.03617,0.00798,0.02641,0.37580,0.01675,0.19460,0.08590,0.01842,0.04576,0.01329,0.00385,0.00580,0.01459,0.05612,0.00968,0.02425
622,0.01413,0.02166,0.02643,0.03702,0.02679,0.00832,0.01886,0.27318,0.03519,0.00931,0.11056,0.02090,0.00742,0.02659,0.00724,0.00992,0.01174,0.26567,0.04192,0.02714
623,0.01342,0.06174,0.04724,0.03649,0.06600,0.01430,0.02473,0.06270,0.04045,0.01004,0.05018,0.02978,0.00970,0.01067,0.39846,0.01434,0.01867,0.01926,0.00798,0.06383
624,0.02896,0.06590,0.02411,0.00731,0.08971,0.00335,0.06714,0.10074,0.00514,0.10455,0.04082,0.05522,0.00189,0.11111,0.00234,0.05429,0.07635,0.14854,0.00871,0.00379
625,0.13036,0.02341,0.03069,0.03148,0.02563,0.02281,0.02395,0.05177,0.01572,0.11466,0.25458,0.01944,0.01022,0.01976,0.00756,0.00765,0.00480,0.15192,0.01714,0.03645
626,0.02079,0.03523,0.15464,0.43406,0.03147,0.00655,0.02714,0.03889,0.01849,0.00983,0.03250,0.02086,0.01480,0.03166,0.00842,0.01162,0.01478,0.03018,0.03439,0.02370
627,0.26990,0.04561,0.02438,0.02669,0.02451,0.15420,0.02120,0.02304,0.02099,0.00674,0.02783,0.01969,0.00840,0.02004,0.00628,0.23632,0.01557,0.00544,0.02082,0.02234
628,0.02397,0.03530,0.03630,0.44716,0.02573,0.00854,0.03092,0.04021,0.10197,0.01149,0.04284,0.03672,0.01588,0.03109,0.01259,0.01131,0.01415,0.01850,0.02735,0.02800
629,0.10182,0.06125,0.11559,0.12495,0.01897,0.03359,0.02492,0.00940,0.01860,0.05382,0.05147,0.05556,0.00331,0.05556,0.02643,0.05832,0.10250,0.06253,0.01314,0.00829
630,0.12989,0.27440,0.01156,0.01017,0.00974,0.00275,0.01421,0.01077,0.01058,0.24675,0.02579,0.00917,0.00405,0.00728,0.00330,0.00372,0.08577,0.12167,0.00988,0.00854
631,0.00930,0.03237,0.02205,0.03430,0.13358,0.00612,0.02059,0.06540,0.02608,0.28567,0.02215,0.01986,0.00901,0.02510,0.00711,0.00655,0.01149,0.21219,0.02769,0.02338
632,0.07310,0.06070,0.06999,0.04404,0.02116,0.04561,0.03581,0.04947,0.03120,0.06088,0.05576,0.09448,0.00099,0.07508,0.02742,0.07040,0.07457,0.05708,0.02130,0.03094
633,0.04061,0.02968,0.04402,0.07907,0.05003,0.06267,0.05543,0.06459,0.01120,0.05596,0.05231,0.03812,0.02844,0.10622,0.00959,0.07220,0.06219,0.05422,0.01749,0.06597
634,0.06150,0.10627,0.04541,0.04573,0.01324,0.05072,0.07172,0.02647,0.05607,0.01519,0.04079,0.06930,0.05121,0.05902,0.06957,0.06671,0.06131,0.03403,0.01903,0.03672
635,0.01310,0.03480,0.46020,0.03061,0.03274,0.02777,0.02899,0.02885,0.03973,0.01082,0.02998,0.06208,0.01295,0.03276,0.00863,0.01092,0.01511,0.04430,0.01927,0.05639
636,0.02443,0.02081,0.01366,0.02192,0.00945,0.00757,0.01236,0.09737,0.01232,0.23805,0.21231,0.01200,0.00714,0.08732,0.00611,0.05748,0.04206,0.08703,0.01761,0.01301
637,0.04799,0.03613,0.02269,0.05210,0.05810,0.05504,0.04442,0.06153,0.09515,0.05446,0.05098,0.04240,0.03849,0.04451,0.04562,0.06360,0.04868,0.03112,0.03944,0.06754
638,0.08496,0.07137,0.03414,0.03365,0.04069,0.05008,0.05235,0.04256,0.08273,0.05375,0.04476,0.06280,0.00136,0.04117,0.05312,0.08928,0.04456,0.03204,0.02788,0.05675
639,0.01041,0.02407,0.04177,0.02606,0.06145,0.00658,0.01998,0.15410,0.02469,0.23865,0.11966,0.01757,0.00902,0.02563,0.00624,0.03041,0.00968,0.13554,0.02112,0.01739
640,0.04914,0.05697,0.04317,0.04010,0.01664,0.03148,0.09159,0.01890,0.12527,0.03442,0.03987,0.06605,0.02909,0.09527,0.11326,0.04121,0.04376,0.02689,0.00715,0.02980
641,0.05220,0.05741,0.06482,0.07947,0.02580,0.05357,0.05523,0.01090,0.07744,0.00966,0.08588,0.07380,0.00190,0.08497,0.05533,0.07451,0.05561,0.01966,0.01544,0.04639
642,0.03273,0.00837,0.03280,0.07776,0.00873,0.06616,0.10879,0.00999,0.11890,0.02386,0.01195,0.02821,0.12568,0.05648,0.09800,0.09057,0.05037,0.02933,0.01371,0.00761
643,0.05858,0.07266,0.02458,0.07734,0.09224,0.06730,0.06439,0.01822,0.00335,0.04667,0.06901,0.02806,0.05400,0.05284,0.01595,0.04953,0.06808,0.06753,0.01419,0.05549
644,0.03648,0.02794,0.01582,0.05648,0.02276,0.02736,0.06070,0.05413,0.06893,0.06602,0.05427,0.09055,0.00237,0.06696,0.11460,0.06672,0.05922,0.06752,0.01186,0.02930
645,0.09922,0.21297,0.01101,0.00879,0.01656,0.00260,0.01109,0.13723,0.01294,0.15635,0.05391,0.02327,0.00418,0.01182,0.00369,0.00468,0.01438,0.19335,0.00835,0.01361
646,0.05239,0.03069,0.06838,0.04924,0.02905,0.05509,0.10015,0.05415,0.03943,0.03994,0.04693,0.03298,0.01892,0.04165,0.04313,0.07695,0.05516,0.04984,0.04474,0.07119
647,0.04327,0.05768,0.05667,0.04489,0.03854,0.05458,0.05199,0.01981,0.05541,0.04975,0.03826,0.06065,0.00256,0.02795,0.07414,0.05024,0.05362,0.04974,0.06661,0.10366
648,0.01455,0.04242,0.02855,0.02962,0.06407,0.03041,0.02795,0.03325,0.04560,0.01288,0.03136,0.02321,0.01097,0.02398,0.16758,0.00909,0.01462,0.01147,0.33990,0.03855
649,0.01640,0.06613,0.04232,0.02555,0.06368,0.00773,0.02631,0.03380,0.03093,0.41397,0.02917,0.02308,0.02109,0.02826,0.00972,0.06229,0.01598,0.03328,0.02692,0.02340
650,0.04467,0.08261,0.03664,0.06049,0.05000,0.06035,0.05406,0.04560,0.06207,0.03799,0.05830,0.05970,0.00058,0.05359,0.05322,0.06201,0.06101,0.04893,0.03546,0.03272
651,0.05683,0.04329,0.02848,0.02125,0.07024,0.03794,0.04546,0.06707,0.08008,0.05552,0.06266,0.08392,0.00168,0.06574,0.05744,0.04735,0.05342,0.05549,0.02311,0.04306
652,0.07452,0.04240,0.10422,0.05688,0.07965,0.00176,0.11074,0.00674,0.02618,0.01298,0.03151,0.08131,0.00244,0.06266,0.03216,0.07785,0.01742,0.04500,0.06713,0.06646
653,0.19016,0.02288,0.01551,0.07312,0.02977,0.38130,0.02240,0.03522,0.02430,0.01258,0.03773,0.01755,0.01421,0.02491,0.02480,0.00703,0.00998,0.01507,0.02004,0.02144
654,0.04429,0.09341,0.02525,0.03164,0.03964,0.03472,0.07190,0.03104,0.04411,0.06659,0.03820,0.06125,0.04147,0.07987,0.04598,0.03801,0.06693,0.05475,0.04469,0.04623
655,0.02000,0.05790,0.22629,0.09500,0.02192,0.01089,0.02630,0.03350,0.02011,0.04023,0.02079,0.18055,0.01404,0.04760,0.00549,0.04026,0.04283,0.04130,0.01514,0.03987
656,0.00827,0.02761,0.01862,0.01956,0.02054,0.00394,0.01344,0.02099,0.12133,0.00822,0.02532,0.01255,0.00674,0.02094,0.60641,0.00546,0.01164,0.01117,0.02159,0.01566
657,0.01089,0.09698,0.01894,0.02528,0.03325,0.00614,0.03291,0.01521,0.03069,0.54056,0.04412,0.01532,0.04072,0.02204,0.00490,0.00732,0.00824,0.01035,0.02068,0.01544
658,0.04314,0.07708,0.01725,0.05052,0.00507,0.07986,0.12010,0.00338,0.09301,0.00711,0.02164,0.08359,0.00099,0.08161,0.12313,0.07432,0.09962,0.00398,0.00485,0.00972
659,0.00860,0.02064,0.01452,0.01927,0.01886,0.01564,0.04444,0.01528,0.02500,0.02645,0.02191,0.01929,0.00457,0.05153,0.62007,0.01568,0.00584,0.01133,0.02262,0.01849
660,0.01473,0.06315,0.03111,0.02456,0.02637,0.00577,0.02265,0.03756,0.01598,0.07392,0.30617,0.02134,0.00985,0.01701,0.00576,0.00826,0.08775,0.18676,0.01845,0.02285
661,0.37346,0.19323,0.01766,0.03117,0.04688,0.00515,0.02244,0.04524,0.03051,0.00935,0.02742,0.02390,0.00551,0.02032,0.00696,0.01331,0.00920,0.05196,0.04187,0.02444
662,0.01454,0.03136,0.01432,0.02427,0.01367,0.00711,0.01451,0.24218,0.02593,0.00693,0.02589,0.01617,0.00676,0.02503,0.00807,0.00556,0.00835,0.46782,0.02693,0.01458
663,0.01347,0.05323,0.03300,0.03662,0.03133,0.01604,0.01815,0.06317,0.02790,0.00967,0.05199,0.04390,0.00963,0.02370,0.00572,0.48454,0.01155,0.01723,0.02460,0.02457
664,0.01351,0.02438,0.02285,0.01846,0.02645,0.51766,0.03136,0.02758,0.04064,0.01067,0.06291,0.02809,0.01426,0.04286,0.02109,0.00882,0.01608,0.01782,0.03513,0.01938
665,0.02818,0.03709,0.57639,0.01953,0.02516,0.00430,0.01455,0.02224,0.02779,0.00882,0.02442,0.03980,0.01476,0.02284,0.00950,0.00672,0.01015,0.01611,0.03622,0.05545
666,0.00860,0.02876,0.56187,0.01935,0.03019,0.00910,0.01632,0.02464,0.02944,0.01013,0.04700,0.06518,0.00689,0.03377,0.01019,0.00736,0.00879,0.01211,0.05407,0.01624
667,0.04716,0.25093,0.01002,0.00866,0.01178,0.00302,0.00577,0.01469,0.01000,0.00397,0.02123,0.00682,0.00270,0.00823,0.01977,0.16985,0.03994,0.35325,0.00889,0.00332
668,0.18758,0.04452,0.01947,0.02139,0.01833,0.01049,0.01740,0.00755,0.02836,0.00546,0.02610,0.01731,0.00569,0.01731,0.00559,0.00790,0.00987,0.51098,0.01799,0.02069
669,0.08189,0.09661,0.01390,0.01238,0.01610,0.00626,0.01176,0.23293,0.01744,0.02794,0.09560,0.01452,0.00514,0.01953,0.00489,0.00541,0.00560,0.29817,0.01615,0.01780
670,0.01052,0.04638,0.03194,0.05381,0.04832,0.00822,0.02066,0.02765,0.48191,0.00903,0.02996,0.01316,0.00803,0.02096,0.09884,0.00858,0.01055,0.01924,0.02467,0.02757
671,0.02087,0.02914,0.03006,0.02683,0.03607,0.00684,0.01421,0.02682,0.04973,0.02810,0.03205,0.02289,0.56125,0.02263,0.00743,0.00589,0.00920,0.01227,0.02921,0.02851
672,0.01789,0.01891,0.01039,0.01707,0.01290,0.00607,0.00643,0.34166,0.01151,0.10698,0.05650,0.02777,0.00303,0.01429,0.00522,0.00719,0.06223,0.25207,0.01391,0.00800
673,0.01046,0.03540,0.52193,0.02821,0.03399,0.09138,0.01763,0.02652,0.03346,0.00984,0.04229,0.00834,0.00687,0.02435,0.01035,0.00794,0.01046,0.01538,0.04481,0.02038
674,0.00713,0.02072,0.52090,0.18125,0.01570,0.03016,0.01264,0.01568,0.02329,0.00581,0.02039,0.03123,0.00671,0.02668,0.00816,0.00609,0.00663,0.01372,0.02664,0.02045
675,0.00518,0.01211,0.01088,0.01477,0.01849,0.05117,0.00947,0.01046,0.00687,0.00358,0.01081,0.00976,0.00341,0.01023,0.77063,0.00620,0.00358,0.00642,0.02522,0.01077
676,0.01172,0.01233,0.01745,0.03195,0.36224,0.02489,0.01422,0.01397,0.02973,0.06313,0.03729,0.01346,0.00459,0.02617,0.01076,0.04822,0.00854,0.01889,0.06489,0.18555
