site,A,C,D,E,F,G,H,I,K,L,M,N,P,Q,R,S,T,V,W,Y
564,0.07784,0.04985,0.05217,0.05903,0.01397,0.02183,0.06358,0.02906,0.09581,0.05136,0.04355,0.09327,0.00463,0.09102,0.08855,0.06469,0.03345,0.03756,0.00943,0.01934
565,0.00412,0.00598,0.00669,0.00733,0.00709,0.00223,0.00624,0.00685,0.00730,0.81697,0.03937,0.00701,0.02735,0.02208,0.00733,0.00239,0.00486,0.00387,0.00566,0.00926
566,0.74312,0.03313,0.00883,0.00962,0.02303,0.00581,0.01345,0.01876,0.01041,0.00516,0.01063,0.01370,0.00628,0.00949,0.00357,0.01622,0.01604,0.02539,0.01224,0.01512
567,0.03994,0.03881,0.03582,0.10066,0.01639,0.00126,0.02599,0.06869,0.06099,0.09280,0.11507,0.06213,0.00115,0.08929,0.09216,0.01846,0.05051,0.03215,0.02716,0.03057
568,0.52947,0.01082,0.01869,0.01053,0.00994,0.01243,0.01503,0.01340,0.01361,0.00462,0.01272,0.01104,0.01788,0.01388,0.00493,0.20933,0.03595,0.03077,0.01058,0.01437
569,0.02763,0.00771,0.00706,0.01162,0.00956,0.00299,0.00894,0.43230,0.01246,0.04347,0.07158,0.01108,0.00321,0.01139,0.00236,0.00379,0.01057,0.30640,0.00418,0.01169
570,0.00706,0.00956,0.01218,0.00803,0.01700,0.00241,0.01240,0.56741,0.01073,0.00947,0.14323,0.03256,0.00748,0.01351,0.00279,0.02467,0.06182,0.03716,0.00843,0.01211
571,0.00992,0.00856,0.00552,0.03429,0.00852,0.00982,0.18459,0.01886,0.21427,0.02475,0.03162,0.12139,0.00233,0.05495,0.15724,0.00893,0.03899,0.00964,0.02511,0.03070
572,0.00136,0.01918,0.00241,0.00296,0.13448,0.00069,0.01279,0.00638,0.00384,0.52764,0.12514,0.00889,0.00145,0.03179,0.00113,0.00311,0.00176,0.00117,0.00197,0.11186
573,0.07003,0.04962,0.00978,0.00646,0.00837,0.00344,0.00973,0.02356,0.01776,0.00301,0.00707,0.01045,0.01914,0.00719,0.00518,0.01677,0.71408,0.00335,0.00533,0.00967
574,0.00495,0.03598,0.04109,0.00950,0.01875,0.00319,0.05177,0.01139,0.01097,0.00399,0.01018,0.01614,0.00552,0.01437,0.00453,0.00596,0.00537,0.00435,0.00707,0.73493
575,0.00529,0.01817,0.00746,0.01012,0.00874,0.00232,0.06537,0.00871,0.02090,0.01848,0.28676,0.00642,0.01437,0.31425,0.01989,0.00251,0.00590,0.00610,0.16987,0.00837
576,0.01075,0.01498,0.04603,0.01803,0.01359,0.01778,0.02526,0.03362,0.03169,0.00695,0.01636,0.56463,0.00915,0.01472,0.00658,0.07560,0.03438,0.00817,0.01563,0.03609
577,0.01048,0.01568,0.01412,0.07108,0.01710,0.00898,0.01489,0.01921,0.60198,0.00662,0.01315,0.04817,0.01021,0.03809,0.03677,0.00724,0.02827,0.00886,0.01583,0.01328
578,0.03105,0.00990,0.01185,0.03268,0.01180,0.01408,0.01074,0.06915,0.01323,0.03177,0.03587,0.01449,0.00655,0.01504,0.00522,0.00502,0.00746,0.65380,0.00847,0.01184
579,0.07401,0.16452,0.01079,0.01812,0.00964,0.00642,0.01078,0.01260,0.01124,0.01267,0.03254,0.01217,0.00576,0.01280,0.00398,0.00386,0.00701,0.57239,0.00813,0.01056
580,0.05029,0.12549,0.01018,0.01770,0.00912,0.06482,0.00627,0.01006,0.18837,0.12176,0.06464,0.01691,0.00321,0.14909,0.08176,0.04096,0.02170,0.00554,0.00524,0.00690
581,0.04565,0.02453,0.02845,0.00598,0.01584,0.00510,0.01308,0.05938,0.01071,0.16179,0.08613,0.01205,0.00598,0.01653,0.00398,0.00645,0.08497,0.39473,0.00683,0.01183
582,0.01737,0.02362,0.01094,0.01350,0.03937,0.00537,0.08204,0.02506,0.01568,0.58160,0.01454,0.01257,0.05387,0.01610,0.01270,0.00645,0.03499,0.01160,0.01019,0.01246
583,0.00774,0.01221,0.01384,0.01167,0.01339,0.04241,0.02546,0.03596,0.04015,0.00537,0.01242,0.01446,0.00739,0.01677,0.67368,0.02000,0.01435,0.00942,0.00899,0.01432
584,0.02181,0.01888,0.01711,0.01626,0.01875,0.01008,0.01328,0.02283,0.01803,0.03454,0.01616,0.01666,0.63470,0.03481,0.00775,0.03789,0.01675,0.00842,0.01691,0.01838
585,0.19312,0.13238,0.01132,0.00522,0.13410,0.04466,0.04372,0.02678,0.01499,0.00529,0.05418,0.00800,0.00424,0.01017,0.00586,0.04347,0.04458,0.03529,0.00842,0.17420
586,0.05397,0.04337,0.05725,0.05788,0.03630,0.05248,0.04501,0.08222,0.03184,0.07799,0.04895,0.04161,0.03617,0.06134,0.01072,0.06151,0.07366,0.08144,0.03013,0.01617
587,0.03916,0.05716,0.04660,0.21146,0.01021,0.33190,0.03453,0.01441,0.01414,0.00790,0.01056,0.02978,0.00689,0.08723,0.02681,0.02087,0.01967,0.00668,0.01008,0.01395
588,0.01353,0.01475,0.01351,0.04156,0.01373,0.66901,0.01854,0.01901,0.01934,0.00589,0.01573,0.01690,0.01541,0.02260,0.03368,0.00737,0.01127,0.02375,0.01104,0.01339
589,0.01807,0.01378,0.00796,0.03046,0.02161,0.04930,0.05099,0.07790,0.20205,0.05916,0.08328,0.02243,0.00330,0.01638,0.19463,0.00875,0.02785,0.09390,0.00800,0.01022
590,0.02426,0.34223,0.01183,0.01241,0.01033,0.00490,0.00898,0.05848,0.02305,0.00344,0.01783,0.01409,0.01885,0.00902,0.00331,0.00861,0.34237,0.06899,0.00789,0.00914
591,0.02896,0.03963,0.02478,0.01715,0.02611,0.01727,0.01377,0.05407,0.01805,0.05408,0.01662,0.02137,0.00749,0.01834,0.00641,0.00666,0.00857,0.58348,0.01651,0.02068
592,0.05502,0.02145,0.01578,0.02635,0.04946,0.00567,0.01308,0.04175,0.03947,0.02069,0.55535,0.01314,0.00842,0.01382,0.00998,0.00631,0.03639,0.03816,0.00962,0.02013
593,0.01703,0.01181,0.65981,0.02254,0.01085,0.03110,0.01791,0.01234,0.01546,0.00430,0.01214,0.04992,0.00577,0.01345,0.00457,0.00441,0.00705,0.02373,0.01534,0.06050
594,0.00765,0.01264,0.01608,0.01886,0.01589,0.00858,0.01552,0.61050,0.01667,0.01537,0.02274,0.02509,0.00709,0.01422,0.00629,0.01450,0.02815,0.11745,0.01352,0.01319
595,0.01024,0.01513,0.02053,0.01554,0.02704,0.00886,0.01498,0.54060,0.01780,0.04566,0.03696,0.02680,0.00811,0.01697,0.00668,0.02130,0.05113,0.07279,0.02632,0.01653
596,0.01393,0.01343,0.01309,0.01321,0.01245,0.00666,0.01199,0.01338,0.01412,0.02578,0.01228,0.01851,0.02956,0.01449,0.00589,0.74016,0.01270,0.00728,0.00979,0.01131
597,0.00815,0.01451,0.01785,0.01589,0.01308,0.04174,0.01434,0.03731,0.06892,0.00551,0.01518,0.01298,0.00918,0.01721,0.64843,0.01512,0.00924,0.00724,0.01146,0.01665
598,0.05367,0.06064,0.01872,0.02045,0.01506,0.12588,0.02274,0.01222,0.10159,0.01076,0.01454,0.01261,0.00756,0.35279,0.07959,0.05530,0.00775,0.00446,0.01019,0.01348
599,0.01912,0.01990,0.63634,0.03236,0.01981,0.02610,0.01514,0.01579,0.02323,0.00726,0.01890,0.04569,0.00883,0.01744,0.00699,0.00875,0.01076,0.01542,0.01824,0.03394
600,0.01057,0.01807,0.01801,0.01796,0.01585,0.00944,0.04413,0.01803,0.02388,0.03483,0.01395,0.01752,0.02740,0.64635,0.02350,0.00767,0.00896,0.00846,0.01686,0.01856
601,0.01123,0.01847,0.01979,0.01760,0.02126,0.03026,0.01827,0.06162,0.04060,0.00823,0.01898,0.01385,0.01330,0.01916,0.58377,0.04189,0.01066,0.01495,0.01718,0.01893
602,0.01028,0.02092,0.01725,0.02390,0.01971,0.61993,0.01751,0.02537,0.02577,0.00859,0.01960,0.02199,0.01016,0.02230,0.02851,0.00854,0.01066,0.02271,0.04692,0.01938
603,0.01300,0.04553,0.02065,0.01864,0.02162,0.01578,0.01808,0.05110,0.02042,0.01110,0.01924,0.03915,0.00873,0.01895,0.03181,0.57385,0.01422,0.01708,0.01990,0.02115
604,0.01355,0.01942,0.01659,0.04045,0.02138,0.65048,0.01683,0.01782,0.01846,0.00889,0.02201,0.01874,0.01136,0.01834,0.02024,0.00896,0.01131,0.01969,0.02561,0.01987
605,0.01262,0.02128,0.02098,0.03513,0.01823,0.00906,0.03293,0.01842,0.03123,0.01547,0.01964,0.01698,0.01367,0.62697,0.04084,0.00840,0.01016,0.01248,0.01776,0.01774
606,0.03726,0.01697,0.03872,0.01897,0.03850,0.01270,0.01640,0.04837,0.02020,0.00834,0.01909,0.02078,0.00754,0.02020,0.00734,0.00908,0.01133,0.61323,0.01555,0.01945
607,0.01482,0.01043,0.02849,0.01520,0.01889,0.00840,0.01323,0.25585,0.01674,0.00848,0.01146,0.01057,0.00643,0.01250,0.00530,0.00522,0.00680,0.52209,0.01340,0.01570
608,0.04314,0.01698,0.01688,0.02122,0.02146,0.01003,0.02685,0.04282,0.02138,0.01083,0.02291,0.03977,0.02842,0.02018,0.00969,0.01360,0.58577,0.01306,0.01823,0.01679
609,0.01058,0.04950,0.04989,0.01880,0.03965,0.00424,0.05053,0.02142,0.01948,0.00951,0.02212,0.05146,0.01102,0.02063,0.00763,0.01850,0.01549,0.01361,0.01858,0.54737
610,0.51633,0.02371,0.03674,0.01726,0.02906,0.00722,0.02645,0.02527,0.02400,0.01358,0.02139,0.02392,0.01377,0.02523,0.00954,0.04366,0.05203,0.03914,0.02513,0.02656
611,0.01145,0.02015,0.02155,0.01621,0.12495,0.00701,0.02976,0.02462,0.01660,0.40031,0.18841,0.01445,0.03783,0.01525,0.00918,0.00832,0.00907,0.01090,0.02048,0.01350
612,0.01136,0.01928,0.04452,0.01704,0.02245,0.01301,0.04857,0.04559,0.03676,0.01077,0.02627,0.54370,0.00993,0.02415,0.00934,0.03725,0.02034,0.01415,0.01853,0.02701
613,0.04114,0.02531,0.02873,0.02081,0.02736,0.01296,0.03448,0.03547,0.07578,0.01294,0.01919,0.02091,0.03910,0.02423,0.01235,0.02252,0.48963,0.01304,0.02173,0.02230
614,0.01642,0.04519,0.02159,0.02196,0.53473,0.00890,0.02187,0.02938,0.02075,0.04410,0.01630,0.02318,0.01638,0.02142,0.00980,0.05351,0.01637,0.01468,0.01727,0.04619
615,0.05253,0.02718,0.01485,0.01918,0.01894,0.00966,0.01688,0.03502,0.02049,0.00772,0.01839,0.02778,0.01742,0.01759,0.00689,0.01532,0.63197,0.01043,0.01577,0.01598
616,0.01305,0.01906,0.03248,0.02118,0.02412,0.00698,0.04673,0.02577,0.03041,0.00975,0.02345,0.54843,0.01300,0.02072,0.00715,0.03433,0.03833,0.01211,0.01813,0.05481
617,0.01407,0.02971,0.01929,0.01796,0.02959,0.00786,0.02336,0.20693,0.02188,0.37520,0.04696,0.02552,0.01232,0.02043,0.00944,0.02909,0.02562,0.02531,0.03308,0.02638
618,0.07755,0.12559,0.01258,0.01931,0.01272,0.08171,0.01291,0.01779,0.01166,0.01084,0.09549,0.01254,0.00415,0.01123,0.00428,0.08578,0.10533,0.27397,0.01142,0.01315
619,0.01479,0.38371,0.01187,0.03510,0.01390,0.00817,0.01065,0.07419,0.01319,0.01382,0.03195,0.01302,0.00500,0.01282,0.00411,0.00492,0.01942,0.30719,0.00988,0.01231
620,0.00949,0.02039,0.02347,0.01916,0.02934,0.00748,0.03768,0.02007,0.03642,0.01952,0.01662,0.16190,0.01907,0.47377,0.03654,0.00866,0.00793,0.01219,0.01824,0.02206
621,0.00616,0.01838,0.01317,0.01281,0.05055,0.00731,0.02248,0.24709,0.01376,0.30932,0.11104,0.01480,0.02681,0.01027,0.00799,0.00682,0.01066,0.08170,0.00901,0.01989
622,0.01423,0.01855,0.01978,0.02611,0.04068,0.00909,0.01675,0.54610,0.02359,0.02526,0.02775,0.03300,0.00802,0.01977,0.00789,0.02071,0.04383,0.05049,0.02717,0.02125
623,0.01045,0.02691,0.02277,0.02105,0.02759,0.01424,0.01647,0.02659,0.02973,0.02305,0.02554,0.01869,0.01814,0.03163,0.58691,0.01095,0.01325,0.01372,0.03576,0.02655
624,0.01253,0.04794,0.01244,0.00883,0.10318,0.00233,0.09134,0.13476,0.00939,0.16402,0.03043,0.04898,0.00114,0.06868,0.00146,0.04256,0.06627,0.13895,0.00520,0.00957
625,0.10821,0.03695,0.01850,0.01825,0.01657,0.01436,0.01434,0.08358,0.02232,0.14410,0.35469,0.01308,0.00824,0.01220,0.01048,0.00615,0.03863,0.04974,0.01194,0.01769
626,0.02068,0.01958,0.04836,0.61597,0.01908,0.03798,0.01617,0.02096,0.03751,0.00791,0.01979,0.01430,0.01102,0.02527,0.00685,0.00915,0.01003,0.02494,0.01889,0.01556
627,0.37310,0.02353,0.04015,0.01674,0.01501,0.17518,0.01417,0.01490,0.01330,0.00562,0.01700,0.01343,0.00660,0.01373,0.00507,0.17135,0.02851,0.02479,0.01429,0.01356
628,0.02989,0.01825,0.02996,0.57450,0.01591,0.05350,0.01731,0.02057,0.04957,0.00839,0.02129,0.01913,0.01077,0.02164,0.01084,0.00828,0.00987,0.04830,0.01589,0.01616
629,0.08759,0.07029,0.07675,0.10742,0.01068,0.01637,0.02726,0.01709,0.01918,0.04584,0.06193,0.08756,0.00171,0.09932,0.04042,0.05186,0.08930,0.06434,0.01876,0.00632
630,0.07940,0.22975,0.00788,0.01140,0.00705,0.01127,0.00922,0.00763,0.00733,0.32291,0.04018,0.00637,0.00309,0.00524,0.00230,0.00268,0.08500,0.14764,0.00717,0.00649
631,0.00766,0.02261,0.01422,0.01928,0.11248,0.00507,0.01490,0.07388,0.01743,0.40753,0.01921,0.01404,0.00727,0.01688,0.00609,0.03194,0.00858,0.16725,0.01829,0.01539
632,0.06648,0.05964,0.05002,0.03565,0.02181,0.06125,0.03021,0.05531,0.03319,0.07657,0.06462,0.08087,0.00088,0.07459,0.03386,0.07631,0.07171,0.06441,0.01876,0.02386
633,0.04497,0.04322,0.08270,0.09061,0.05087,0.03519,0.07411,0.04726,0.04074,0.04499,0.04474,0.03604,0.03504,0.05402,0.01903,0.05267,0.06004,0.04973,0.03124,0.06280
634,0.05630,0.07507,0.04898,0.05638,0.02915,0.05238,0.05742,0.02142,0.06569,0.01085,0.03914,0.07333,0.07266,0.05603,0.05987,0.08986,0.06073,0.03395,0.02095,0.01985
635,0.02942,0.01866,0.59512,0.04945,0.01789,0.04673,0.02175,0.01669,0.02003,0.00781,0.01683,0.03324,0.00932,0.01780,0.00633,0.00616,0.00973,0.01385,0.01257,0.05064
636,0.01121,0.02091,0.00948,0.01628,0.03234,0.00586,0.00835,0.12391,0.00899,0.31336,0.24666,0.00868,0.00567,0.04012,0.00469,0.03152,0.03647,0.04940,0.01715,0.00895
637,0.05827,0.03934,0.02810,0.05125,0.05500,0.05590,0.04643,0.06116,0.05647,0.04318,0.04780,0.05205,0.04179,0.04303,0.04636,0.05433,0.05087,0.03418,0.04810,0.08639
638,0.06054,0.06388,0.05382,0.04392,0.03783,0.04501,0.06420,0.05311,0.07485,0.04954,0.04067,0.04959,0.00097,0.03946,0.07048,0.06359,0.05064,0.03439,0.02934,0.07417
639,0.00905,0.06216,0.02412,0.01810,0.03085,0.00643,0.01455,0.11827,0.01766,0.38225,0.04287,0.01369,0.01103,0.01756,0.00584,0.04478,0.01138,0.12098,0.03434,0.01410
640,0.06209,0.05084,0.04353,0.04731,0.03836,0.03499,0.08347,0.02673,0.08752,0.02949,0.04284,0.06515,0.01235,0.07936,0.11842,0.03797,0.05996,0.02930,0.02801,0.02233
641,0.05999,0.04618,0.05022,0.03334,0.04340,0.05503,0.07110,0.01375,0.09183,0.01881,0.02802,0.06292,0.00553,0.08552,0.08986,0.06423,0.06103,0.03475,0.03565,0.04881
642,0.06352,0.02829,0.02263,0.09867,0.00590,0.04081,0.08321,0.00985,0.11736,0.01404,0.01178,0.02063,0.14395,0.05437,0.10319,0.09233,0.06124,0.01656,0.00518,0.00651
643,0.05121,0.06355,0.04621,0.07066,0.05497,0.05449,0.03518,0.05573,0.01914,0.04960,0.05182,0.06656,0.04708,0.05883,0.02351,0.04938,0.05758,0.05076,0.02798,0.06577
644,0.05262,0.05917,0.03062,0.03467,0.02072,0.02229,0.05160,0.04194,0.07692,0.06739,0.03037,0.08793,0.00264,0.06847,0.11798,0.07133,0.06507,0.05236,0.01317,0.03274
645,0.05119,0.17605,0.00859,0.00879,0.01218,0.00768,0.01023,0.19766,0.01148,0.10426,0.02498,0.01447,0.00391,0.01000,0.00332,0.00441,0.03025,0.30248,0.00694,0.01113
646,0.05521,0.04065,0.07129,0.04069,0.03428,0.04011,0.10435,0.05239,0.06407,0.04104,0.03778,0.04626,0.00925,0.06368,0.04608,0.06440,0.05372,0.04319,0.04558,0.04599
647,0.04539,0.04476,0.05392,0.02696,0.04364,0.04873,0.05636,0.05228,0.06010,0.03899,0.02853,0.06083,0.00196,0.05272,0.06949,0.06868,0.05059,0.04770,0.07684,0.07155
648,0.01265,0.03375,0.01944,0.01965,0.04085,0.01344,0.01921,0.02216,0.02537,0.02994,0.02121,0.01743,0.01002,0.01750,0.03996,0.00896,0.01306,0.00953,0.59101,0.03486
649,0.01116,0.04773,0.02162,0.01587,0.03786,0.00609,0.01617,0.05165,0.01797,0.57561,0.04071,0.01495,0.01110,0.01734,0.00710,0.02609,0.01119,0.02008,0.03465,0.01506
650,0.06096,0.05638,0.03965,0.05824,0.05280,0.07605,0.05444,0.03799,0.05011,0.05128,0.06276,0.06527,0.00041,0.05548,0.03630,0.05274,0.05833,0.05708,0.03108,0.04263
651,0.05906,0.05077,0.01883,0.02694,0.07147,0.03130,0.04774,0.05623,0.06886,0.06652,0.05973,0.07513,0.00064,0.06716,0.05252,0.04406,0.04875,0.06130,0.02938,0.06361
652,0.06986,0.06717,0.06474,0.06902,0.06884,0.00206,0.07547,0.01440,0.04206,0.01699,0.05107,0.08813,0.00179,0.11164,0.02391,0.06847,0.01494,0.03402,0.04504,0.07037
653,0.16768,0.01503,0.01058,0.02967,0.01746,0.52270,0.01446,0.01949,0.01611,0.00918,0.05294,0.01163,0.00966,0.01513,0.03050,0.00533,0.00694,0.01773,0.01315,0.01461
654,0.03640,0.06757,0.03417,0.03138,0.05017,0.02609,0.06548,0.06137,0.03728,0.07096,0.05297,0.05831,0.04241,0.07405,0.04806,0.04109,0.06617,0.04818,0.06681,0.02109
655,0.02299,0.05076,0.28806,0.09103,0.01197,0.04487,0.02300,0.04009,0.01470,0.03653,0.02964,0.13848,0.01491,0.03718,0.00333,0.03734,0.03794,0.03308,0.01313,0.03096
656,0.00599,0.01496,0.01178,0.01281,0.01264,0.03753,0.00919,0.01526,0.04106,0.00578,0.01647,0.00860,0.00460,0.01278,0.74535,0.00943,0.00496,0.00785,0.01301,0.00995
657,0.00725,0.03413,0.01167,0.01586,0.04931,0.00473,0.01580,0.02102,0.01727,0.66147,0.04803,0.01014,0.03868,0.01220,0.00827,0.00732,0.00564,0.00928,0.01238,0.00955
658,0.03612,0.08721,0.00841,0.01970,0.00211,0.08604,0.11672,0.00282,0.10984,0.00292,0.01448,0.08926,0.00077,0.09262,0.13745,0.08115,0.10226,0.00318,0.00368,0.00326
659,0.00790,0.02008,0.00871,0.01197,0.01127,0.00626,0.03004,0.01027,0.03014,0.02068,0.01271,0.02401,0.00390,0.03721,0.71068,0.01336,0.00653,0.01235,0.01177,0.01013
660,0.00988,0.09685,0.02027,0.01840,0.01852,0.00587,0.01792,0.04829,0.04366,0.02813,0.52509,0.01515,0.00936,0.01277,0.01420,0.00834,0.03430,0.04138,0.01428,0.01734
661,0.48585,0.17914,0.01255,0.03623,0.02378,0.00367,0.01329,0.02463,0.01777,0.01363,0.02108,0.01443,0.00628,0.01288,0.00545,0.01714,0.02951,0.04715,0.02130,0.01422
662,0.03805,0.04898,0.04892,0.01426,0.01339,0.01363,0.00974,0.13823,0.01482,0.00381,0.01448,0.01039,0.00496,0.01432,0.00726,0.00413,0.00613,0.57093,0.01423,0.00932
663,0.01256,0.02015,0.01884,0.02131,0.01756,0.04364,0.01174,0.04574,0.01744,0.00861,0.02474,0.02232,0.00762,0.01492,0.01673,0.63845,0.01173,0.01552,0.01445,0.01594
664,0.01486,0.01496,0.01338,0.04648,0.01486,0.65768,0.01651,0.01683,0.01911,0.00759,0.02576,0.01628,0.00970,0.01967,0.03290,0.00629,0.01002,0.02703,0.01766,0.01241
665,0.01007,0.01819,0.67933,0.02933,0.01411,0.04305,0.01230,0.01305,0.01479,0.00593,0.01358,0.03320,0.00914,0.01337,0.00635,0.00456,0.00650,0.01200,0.01908,0.04208
666,0.02137,0.01600,0.69563,0.02192,0.01749,0.02967,0.01086,0.01425,0.01614,0.00687,0.02244,0.02417,0.00530,0.01755,0.00726,0.00532,0.00845,0.01832,0.02103,0.01997
667,0.06157,0.20690,0.00507,0.00425,0.00980,0.00347,0.00298,0.00488,0.00506,0.00163,0.03611,0.00342,0.00182,0.00433,0.01211,0.19393,0.06481,0.35371,0.00641,0.01775
668,0.03205,0.03692,0.03162,0.01358,0.02870,0.01056,0.01039,0.06204,0.01655,0.00707,0.01560,0.01146,0.00446,0.01128,0.00455,0.00572,0.00737,0.66487,0.01196,0.01323
669,0.03213,0.09095,0.00900,0.01217,0.01087,0.00998,0.00844,0.33285,0.01129,0.00450,0.05100,0.00958,0.00371,0.01246,0.00339,0.00382,0.00425,0.36760,0.01055,0.01145
670,0.00763,0.02242,0.01783,0.04917,0.02263,0.01086,0.02050,0.01517,0.60234,0.00622,0.05605,0.03376,0.00573,0.02203,0.04014,0.00606,0.02116,0.01162,0.01369,0.01499
671,0.01626,0.01663,0.01585,0.01487,0.01798,0.00471,0.00943,0.01505,0.02212,0.02024,0.01689,0.01299,0.69003,0.02509,0.00549,0.03883,0.01780,0.00806,0.01687,0.01483
672,0.00406,0.00831,0.00697,0.00998,0.01354,0.00426,0.00457,0.41748,0.01567,0.10805,0.05194,0.01515,0.00239,0.00960,0.00293,0.00701,0.02786,0.27147,0.00921,0.00954
673,0.01723,0.01837,0.64781,0.03622,0.01793,0.04719,0.01232,0.01567,0.01754,0.00684,0.01954,0.03924,0.00485,0.01379,0.00735,0.00576,0.00735,0.01111,0.02163,0.03229
674,0.01836,0.01217,0.67503,0.03179,0.01058,0.03020,0.01496,0.01056,0.01427,0.00427,0.01305,0.06097,0.00508,0.01520,0.00595,0.00637,0.00507,0.01168,0.01527,0.03918
675,0.00335,0.00728,0.00653,0.00877,0.01056,0.01959,0.00852,0.00637,0.03355,0.00240,0.01139,0.00614,0.00222,0.00618,0.83036,0.00761,0.00324,0.00419,0.01522,0.00654
676,0.00983,0.02062,0.01323,0.02010,0.55540,0.01636,0.01142,0.01837,0.01922,0.03438,0.02039,0.01059,0.00566,0.01709,0.00896,0.02613,0.00710,0.03679,0.04537,0.10300
