site,A,C,D,E,F,G,H,I,K,L,M,N,P,Q,R,S,T,V,W,Y
564,0.08723,0.03757,0.04503,0.06031,0.01695,0.02197,0.05401,0.03342,0.08995,0.05625,0.05848,0.08647,0.00644,0.08458,0.09839,0.06295,0.02980,0.03817,0.01488,0.01713
565,0.00574,0.00851,0.01000,0.01120,0.01068,0.00298,0.00902,0.01107,0.01032,0.75267,0.10930,0.00974,0.00315,0.00857,0.00226,0.00337,0.00646,0.00374,0.00780,0.01340
566,0.58167,0.09819,0.01212,0.01739,0.04080,0.00373,0.01751,0.03166,0.01409,0.00582,0.01405,0.01882,0.00614,0.01250,0.00418,0.03436,0.00440,0.04206,0.01707,0.02346
567,0.03300,0.04945,0.01936,0.09164,0.01095,0.00130,0.03964,0.05367,0.04427,0.08394,0.10165,0.05720,0.00139,0.10509,0.09686,0.03353,0.04221,0.02599,0.02504,0.08382
568,0.43039,0.01442,0.01038,0.01452,0.01425,0.01624,0.02098,0.01927,0.01892,0.00584,0.01896,0.01588,0.00813,0.02100,0.00580,0.27191,0.04362,0.01427,0.01474,0.02050
569,0.00736,0.00600,0.00743,0.00596,0.01050,0.00109,0.01056,0.48784,0.01367,0.06191,0.11682,0.01284,0.00330,0.01324,0.00224,0.00376,0.00956,0.20875,0.00420,0.01298
570,0.00697,0.01317,0.01756,0.01099,0.02525,0.00307,0.01815,0.45757,0.01595,0.00484,0.18543,0.03785,0.00996,0.01935,0.00335,0.00520,0.10014,0.03900,0.00803,0.01817
571,0.00756,0.00707,0.00592,0.02615,0.01525,0.02858,0.22767,0.00715,0.15378,0.01583,0.02338,0.13266,0.00238,0.07685,0.13045,0.01223,0.04764,0.00629,0.03724,0.03594
572,0.00120,0.04028,0.00208,0.00263,0.12217,0.00078,0.03936,0.00556,0.00343,0.38279,0.16945,0.00967,0.00159,0.13974,0.00095,0.00223,0.00153,0.00104,0.00167,0.07186
573,0.18723,0.01324,0.01445,0.00901,0.01165,0.00418,0.01363,0.02700,0.01360,0.00384,0.00950,0.01476,0.00924,0.01004,0.00280,0.01211,0.61847,0.00444,0.00727,0.01352
574,0.00655,0.06631,0.01425,0.01353,0.01380,0.00408,0.06958,0.01803,0.01707,0.00525,0.01580,0.02720,0.00755,0.01674,0.00610,0.00954,0.00729,0.00576,0.00994,0.66563
575,0.01998,0.02363,0.00880,0.01627,0.00713,0.00242,0.10252,0.00785,0.00770,0.00593,0.26417,0.00700,0.00509,0.24007,0.03726,0.00279,0.00524,0.00297,0.22353,0.00964
576,0.01685,0.02392,0.06059,0.03138,0.02071,0.01312,0.06627,0.04302,0.02927,0.00863,0.02634,0.47405,0.01228,0.03103,0.00861,0.05339,0.01603,0.01072,0.02480,0.02900
577,0.01424,0.02555,0.02266,0.04556,0.02848,0.01174,0.02584,0.02582,0.49683,0.00850,0.02032,0.04360,0.01411,0.02641,0.11098,0.00938,0.01323,0.01164,0.02431,0.02078
578,0.06265,0.00973,0.01184,0.01073,0.01186,0.00363,0.01024,0.29762,0.01406,0.09836,0.02545,0.01393,0.00588,0.01615,0.00440,0.00410,0.00679,0.37291,0.00806,0.01160
579,0.08370,0.09259,0.01827,0.01859,0.01515,0.01222,0.01780,0.02512,0.01922,0.00651,0.00873,0.02117,0.00922,0.02315,0.00569,0.00572,0.01054,0.57497,0.01312,0.01850
580,0.01730,0.03344,0.02403,0.09815,0.02187,0.01614,0.01406,0.01435,0.28087,0.04726,0.06596,0.01825,0.00685,0.06609,0.18816,0.02494,0.02681,0.00897,0.01140,0.01510
581,0.03519,0.02661,0.01195,0.00638,0.00776,0.00317,0.01488,0.04947,0.01178,0.14321,0.09760,0.01279,0.00617,0.01425,0.00385,0.00458,0.26961,0.26034,0.00702,0.01340
582,0.01012,0.01897,0.01810,0.02002,0.06279,0.00689,0.03478,0.01355,0.02455,0.49252,0.02182,0.01774,0.11184,0.02457,0.00517,0.00608,0.06623,0.00917,0.01507,0.02001
583,0.01142,0.01984,0.02301,0.01922,0.02145,0.01671,0.05697,0.02146,0.03221,0.00750,0.01998,0.02606,0.01087,0.03038,0.61219,0.01369,0.01079,0.00973,0.01314,0.02338
584,0.01354,0.03293,0.03193,0.02721,0.03263,0.01410,0.02133,0.04623,0.03257,0.00538,0.02639,0.02924,0.53854,0.02957,0.00966,0.01884,0.01581,0.01251,0.02811,0.03347
585,0.18172,0.11372,0.00644,0.00745,0.14897,0.05657,0.07130,0.04622,0.00924,0.00808,0.02616,0.01153,0.00450,0.00886,0.00848,0.09210,0.04181,0.03841,0.00569,0.11272
586,0.04613,0.02957,0.10808,0.06539,0.04636,0.05820,0.03187,0.06981,0.03352,0.07038,0.02911,0.03660,0.04648,0.06444,0.00799,0.06328,0.05023,0.08381,0.02788,0.03089
587,0.03522,0.03017,0.02844,0.18394,0.01323,0.24316,0.05420,0.01781,0.01758,0.00771,0.02114,0.03095,0.00765,0.16714,0.00776,0.05496,0.01783,0.00392,0.00990,0.04728
588,0.01241,0.02227,0.01832,0.11905,0.02016,0.51598,0.02973,0.03044,0.02973,0.00713,0.02432,0.02506,0.02223,0.03664,0.00512,0.00865,0.01455,0.02358,0.01500,0.01961
589,0.03064,0.03079,0.00698,0.00192,0.01094,0.07820,0.07661,0.09920,0.12078,0.06072,0.06907,0.02575,0.00271,0.04875,0.15641,0.01737,0.05609,0.09117,0.00625,0.00966
590,0.04258,0.46518,0.01305,0.01368,0.01115,0.00412,0.00906,0.06178,0.00927,0.00305,0.02114,0.01878,0.01688,0.00906,0.00295,0.00474,0.21588,0.06175,0.00723,0.00866
591,0.08505,0.12658,0.02440,0.02371,0.01595,0.00706,0.01861,0.05889,0.02631,0.03559,0.02796,0.03650,0.00797,0.02931,0.00720,0.00710,0.00982,0.40887,0.02215,0.02098
592,0.02276,0.02126,0.02898,0.02456,0.05451,0.00807,0.02140,0.03324,0.02518,0.01464,0.54188,0.02296,0.01309,0.02403,0.01284,0.00882,0.07802,0.00613,0.01474,0.02288
593,0.01013,0.02037,0.65641,0.02404,0.01774,0.03416,0.01827,0.02309,0.02832,0.00608,0.01964,0.03409,0.00866,0.02542,0.00690,0.00657,0.01137,0.00966,0.01897,0.02011
594,0.00844,0.03157,0.02189,0.02536,0.01425,0.00942,0.02012,0.41796,0.02109,0.01015,0.01981,0.02595,0.00792,0.01758,0.00669,0.00579,0.13052,0.17097,0.01814,0.01638
595,0.01184,0.02124,0.03367,0.02138,0.01870,0.01003,0.02039,0.38867,0.02632,0.01227,0.01394,0.02961,0.00940,0.02719,0.00751,0.00981,0.03580,0.21048,0.06753,0.02421
596,0.00978,0.01948,0.01981,0.02067,0.01925,0.00838,0.01775,0.02216,0.02347,0.03140,0.01837,0.02302,0.04699,0.02364,0.00715,0.63263,0.01260,0.00989,0.01474,0.01884
597,0.01102,0.02306,0.03288,0.02432,0.01884,0.01829,0.02177,0.02107,0.06894,0.00656,0.02433,0.02003,0.01358,0.03156,0.54431,0.05483,0.01261,0.00935,0.01692,0.02571
598,0.03574,0.03663,0.01496,0.01065,0.01627,0.16494,0.00935,0.01261,0.13978,0.00298,0.02008,0.01307,0.00605,0.20372,0.22849,0.05159,0.00521,0.00385,0.00945,0.01458
599,0.01295,0.03480,0.52043,0.01810,0.03436,0.05513,0.02124,0.02520,0.04887,0.00933,0.03270,0.02910,0.01160,0.02758,0.00877,0.01088,0.01383,0.02846,0.03037,0.02631
600,0.01525,0.03472,0.02989,0.02188,0.02586,0.01424,0.03172,0.03310,0.02660,0.00984,0.02506,0.03529,0.01135,0.57970,0.00335,0.01144,0.01326,0.01289,0.03166,0.03292
601,0.01227,0.02774,0.02822,0.02399,0.03377,0.04729,0.02766,0.02728,0.16252,0.00870,0.02384,0.01869,0.01513,0.02742,0.39251,0.03608,0.01649,0.01834,0.02493,0.02712
602,0.01317,0.03929,0.02558,0.01955,0.03591,0.48825,0.02866,0.04783,0.03592,0.01083,0.03437,0.03970,0.01279,0.04352,0.02360,0.01050,0.01478,0.01687,0.02608,0.03280
603,0.01833,0.04739,0.03539,0.02946,0.03395,0.04716,0.02647,0.05219,0.03584,0.01338,0.03246,0.01781,0.01082,0.03004,0.03042,0.43335,0.01533,0.02612,0.02872,0.03537
604,0.01144,0.03391,0.02490,0.03538,0.03519,0.50072,0.02584,0.02824,0.03501,0.01157,0.03551,0.03101,0.01574,0.03947,0.00564,0.01186,0.01450,0.01299,0.05432,0.03677
605,0.01769,0.03973,0.04145,0.02985,0.02918,0.01177,0.01883,0.03123,0.02925,0.00959,0.03523,0.02542,0.01629,0.50437,0.05677,0.01098,0.01287,0.01795,0.02947,0.03209
606,0.09930,0.02415,0.02591,0.02443,0.04043,0.00686,0.02333,0.14210,0.03015,0.00909,0.02592,0.03323,0.00813,0.02925,0.00726,0.00957,0.01166,0.40377,0.01901,0.02644
607,0.01252,0.01337,0.01409,0.02219,0.01772,0.00486,0.01808,0.35734,0.02505,0.00680,0.01564,0.01429,0.00745,0.01859,0.00605,0.00601,0.00796,0.39200,0.01919,0.02081
608,0.02840,0.02396,0.02809,0.03898,0.03739,0.01253,0.06533,0.05139,0.03681,0.01322,0.03961,0.03147,0.01919,0.03582,0.01193,0.01172,0.44260,0.01694,0.02860,0.02603
609,0.01430,0.02948,0.08048,0.02952,0.04419,0.00509,0.06516,0.04044,0.03835,0.01250,0.04098,0.02608,0.01509,0.03644,0.00990,0.01123,0.02160,0.01929,0.02940,0.43047
610,0.34176,0.04025,0.04313,0.02503,0.07938,0.00829,0.04198,0.04845,0.04031,0.01574,0.02976,0.03731,0.01393,0.04231,0.00985,0.04712,0.03333,0.00675,0.04414,0.05115
611,0.01334,0.03099,0.04274,0.02130,0.12357,0.00746,0.02378,0.01889,0.02347,0.28259,0.27273,0.01796,0.02200,0.02128,0.01493,0.00846,0.00963,0.00808,0.01813,0.01867
612,0.01342,0.03010,0.04056,0.02356,0.03518,0.01152,0.05280,0.07130,0.04927,0.01264,0.04746,0.36365,0.01146,0.04055,0.01060,0.10303,0.01401,0.01754,0.02833,0.02301
613,0.02294,0.04769,0.05722,0.03244,0.06136,0.01566,0.02986,0.03759,0.04644,0.01464,0.02627,0.03349,0.02857,0.03972,0.01089,0.07524,0.33292,0.01776,0.03394,0.03535
614,0.02441,0.02833,0.03411,0.03562,0.37576,0.00981,0.03734,0.03386,0.03267,0.05297,0.02456,0.04175,0.01527,0.03234,0.01140,0.10014,0.02205,0.01469,0.02439,0.04852
615,0.01220,0.05687,0.02168,0.03121,0.02671,0.01210,0.02376,0.11603,0.04019,0.00932,0.02739,0.01735,0.01363,0.02705,0.00831,0.02589,0.47146,0.01321,0.02329,0.02237
616,0.02012,0.03302,0.01549,0.03834,0.04932,0.00892,0.04849,0.03372,0.03751,0.01349,0.04000,0.44533,0.02059,0.03850,0.00964,0.04061,0.02664,0.01907,0.03426,0.02694
617,0.01816,0.04046,0.02778,0.02318,0.02393,0.00794,0.03791,0.21912,0.03139,0.24462,0.05939,0.04945,0.01373,0.02883,0.00993,0.06885,0.01717,0.00965,0.01414,0.05436
618,0.10902,0.09209,0.01634,0.01383,0.01618,0.03907,0.01751,0.05507,0.01529,0.00662,0.07901,0.01642,0.00477,0.01396,0.00488,0.13602,0.10169,0.22108,0.01522,0.02592
619,0.06260,0.29307,0.01903,0.01936,0.02412,0.00548,0.01641,0.03142,0.02409,0.02281,0.08042,0.02113,0.00696,0.02114,0.00551,0.00679,0.01383,0.29008,0.01609,0.01966
620,0.01181,0.03107,0.04474,0.01869,0.07257,0.00841,0.01519,0.03355,0.02008,0.00784,0.02384,0.17499,0.01087,0.35110,0.08533,0.01050,0.00924,0.01495,0.01848,0.03676
621,0.00623,0.02288,0.01640,0.01474,0.03140,0.00743,0.01189,0.40519,0.01590,0.20812,0.07819,0.01735,0.02620,0.01220,0.00358,0.00539,0.01094,0.07405,0.00909,0.02284
622,0.01245,0.01898,0.02311,0.03292,0.02344,0.00726,0.01643,0.27128,0.03045,0.01161,0.08481,0.01733,0.00649,0.02361,0.00634,0.00608,0.06790,0.27945,0.03701,0.02305
623,0.01249,0.05725,0.04363,0.03415,0.06182,0.02026,0.02294,0.05798,0.03756,0.01129,0.04668,0.02759,0.01166,0.01624,0.42262,0.01329,0.01722,0.01792,0.00740,0.06001
624,0.02772,0.07450,0.00431,0.00657,0.10188,0.00365,0.06561,0.12103,0.00354,0.10897,0.04568,0.05353,0.00167,0.09834,0.00204,0.05276,0.07380,0.14348,0.00763,0.00330
625,0.11889,0.04620,0.03309,0.03391,0.02761,0.02439,0.02554,0.00714,0.01856,0.18252,0.31424,0.02080,0.01101,0.02138,0.00969,0.00817,0.00512,0.03450,0.01840,0.03884
626,0.02251,0.03227,0.14284,0.45646,0.02884,0.03072,0.02438,0.03559,0.01970,0.00906,0.02989,0.01907,0.01361,0.02761,0.00772,0.01072,0.01338,0.02282,0.03122,0.02158
627,0.27414,0.06228,0.02174,0.02374,0.02173,0.17196,0.01938,0.02055,0.01876,0.00608,0.02509,0.01777,0.00752,0.01775,0.00565,0.23836,0.00372,0.00489,0.01862,0.02027
628,0.03246,0.03287,0.04385,0.46327,0.02380,0.01936,0.02860,0.03680,0.07956,0.01066,0.03917,0.03405,0.01462,0.02948,0.01168,0.01041,0.01312,0.02478,0.02537,0.02608
629,0.10952,0.07150,0.12301,0.12406,0.02214,0.02616,0.02916,0.01144,0.00752,0.05271,0.04716,0.05237,0.00288,0.06310,0.02472,0.05878,0.10270,0.05292,0.01118,0.00697
630,0.13805,0.26305,0.01122,0.00974,0.00931,0.00400,0.01387,0.01038,0.01033,0.25513,0.00956,0.01205,0.00392,0.00701,0.00316,0.00328,0.08533,0.13287,0.00957,0.00819
631,0.00868,0.03064,0.02062,0.03219,0.07100,0.00569,0.01893,0.12947,0.02434,0.29879,0.01994,0.01854,0.00846,0.02383,0.00661,0.02308,0.01170,0.20016,0.02568,0.02165
632,0.07114,0.05420,0.07436,0.04436,0.02556,0.05142,0.03620,0.05105,0.02911,0.06141,0.05762,0.09244,0.00133,0.07507,0.02619,0.07043,0.07010,0.05886,0.02306,0.02609
633,0.04125,0.03144,0.05309,0.07782,0.05151,0.06112,0.05383,0.06330,0.01232,0.05329,0.05048,0.04049,0.03367,0.10305,0.01032,0.07170,0.05743,0.05357,0.01836,0.06196
634,0.06020,0.09720,0.05150,0.04983,0.01610,0.05237,0.06907,0.02712,0.05724,0.01022,0.03175,0.07428,0.05099,0.05705,0.06576,0.06937,0.06389,0.03399,0.02019,0.04187
635,0.01192,0.03177,0.47634,0.02785,0.02960,0.05348,0.02635,0.02620,0.03615,0.00984,0.02701,0.09994,0.01174,0.02948,0.00776,0.00898,0.01365,0.02593,0.01745,0.02856
636,0.01544,0.02589,0.01126,0.01814,0.00779,0.00628,0.01001,0.17232,0.01024,0.22674,0.22817,0.00990,0.00590,0.05526,0.00513,0.04731,0.05212,0.06662,0.01491,0.01057
637,0.04939,0.04073,0.02253,0.05765,0.05825,0.05508,0.04570,0.06009,0.08574,0.05981,0.05404,0.04831,0.04017,0.04173,0.04435,0.06042,0.04747,0.02917,0.03994,0.05942
638,0.07228,0.06623,0.04016,0.03969,0.03186,0.05434,0.05538,0.04674,0.08198,0.05301,0.05027,0.07136,0.00110,0.03951,0.05551,0.07456,0.04019,0.03402,0.02994,0.06190
639,0.00921,0.02469,0.03689,0.02286,0.07977,0.00577,0.01742,0.15723,0.02158,0.24131,0.10280,0.01538,0.00797,0.02288,0.00550,0.02438,0.00856,0.15867,0.02189,0.01522
640,0.05816,0.04879,0.03390,0.02755,0.01734,0.04942,0.08408,0.01630,0.12058,0.02632,0.03415,0.06504,0.03472,0.09997,0.11181,0.04492,0.05323,0.02888,0.00684,0.03800
641,0.04812,0.06099,0.05955,0.06988,0.02970,0.05072,0.06928,0.01473,0.07744,0.01387,0.05971,0.07524,0.00247,0.08721,0.06549,0.06733,0.06439,0.02415,0.01777,0.04195
642,0.04526,0.01138,0.02156,0.07071,0.00746,0.07126,0.11572,0.00854,0.11942,0.02022,0.01028,0.02394,0.12276,0.06134,0.09846,0.09764,0.05100,0.02674,0.00986,0.00645
643,0.05602,0.07116,0.02701,0.07598,0.07707,0.06424,0.05722,0.02753,0.00208,0.04802,0.06689,0.04567,0.05089,0.06148,0.01565,0.04985,0.07471,0.05826,0.01514,0.05514
644,0.04245,0.02818,0.02268,0.05860,0.02089,0.02429,0.05409,0.05643,0.07028,0.06677,0.04702,0.09391,0.00164,0.06967,0.10536,0.06233,0.06247,0.06595,0.01173,0.03526
645,0.08881,0.22264,0.00970,0.00751,0.01481,0.00230,0.00980,0.15749,0.01136,0.15720,0.03413,0.02081,0.00367,0.01030,0.00326,0.00409,0.02072,0.20229,0.00726,0.01187
646,0.05848,0.03107,0.06721,0.05074,0.03275,0.05311,0.09262,0.05173,0.04120,0.04029,0.04648,0.03318,0.01396,0.05706,0.04349,0.07286,0.05539,0.04642,0.04415,0.06781
647,0.05071,0.04942,0.06226,0.04648,0.02834,0.07280,0.04871,0.01882,0.06603,0.04509,0.04251,0.06961,0.00202,0.02250,0.06811,0.05115,0.05346,0.04974,0.06073,0.09150
648,0.01592,0.03214,0.03145,0.03274,0.06237,0.02909,0.03073,0.03639,0.05041,0.01058,0.03428,0.02528,0.01208,0.02637,0.06216,0.00997,0.01606,0.01255,0.42699,0.04243
649,0.01376,0.08567,0.03527,0.02091,0.07682,0.00638,0.02209,0.05018,0.02586,0.39141,0.03151,0.01921,0.01220,0.02341,0.00810,0.05522,0.01332,0.07397,0.01541,0.01931
650,0.04674,0.09404,0.03251,0.05534,0.05384,0.06218,0.05088,0.04064,0.06339,0.03774,0.05634,0.05842,0.00051,0.05317,0.04887,0.06110,0.06082,0.05249,0.03921,0.03177
651,0.05994,0.04638,0.03092,0.02607,0.06932,0.04086,0.04621,0.06440,0.08291,0.06035,0.05980,0.07992,0.00119,0.06050,0.05589,0.04617,0.05129,0.05076,0.02508,0.04206
652,0.07655,0.04228,0.06988,0.06296,0.08316,0.00163,0.10652,0.00829,0.03700,0.01323,0.03557,0.08628,0.00230,0.06747,0.02805,0.08303,0.01532,0.04215,0.06524,0.07309
653,0.19519,0.02032,0.01373,0.08727,0.02669,0.39482,0.02000,0.03134,0.02171,0.01122,0.04990,0.01566,0.01276,0.02207,0.01498,0.00621,0.00893,0.01004,0.01788,0.01927
654,0.04348,0.11276,0.02407,0.03686,0.04063,0.03412,0.07096,0.03270,0.04580,0.05757,0.03870,0.05781,0.03809,0.07652,0.03629,0.04055,0.06835,0.05186,0.04601,0.04687
655,0.01853,0.04723,0.24355,0.08197,0.01929,0.01814,0.02288,0.03390,0.01930,0.04109,0.02341,0.15422,0.01423,0.05380,0.00563,0.05214,0.04279,0.06216,0.01672,0.02901
656,0.00787,0.02629,0.01758,0.01845,0.01930,0.00616,0.01263,0.02492,0.08682,0.00779,0.02485,0.01188,0.00634,0.01973,0.65174,0.00616,0.00576,0.01061,0.02045,0.01469
657,0.01021,0.10290,0.01795,0.02389,0.00870,0.00579,0.02021,0.01433,0.02896,0.57044,0.05059,0.01442,0.04776,0.02077,0.00450,0.00690,0.00774,0.00994,0.01948,0.01454
658,0.04018,0.07964,0.01751,0.04729,0.00496,0.08123,0.11563,0.00385,0.09523,0.00721,0.01772,0.08310,0.00089,0.08498,0.12671,0.07391,0.10222,0.00326,0.00438,0.01009
659,0.00782,0.02185,0.01314,0.01749,0.01709,0.00965,0.04063,0.01388,0.03337,0.03372,0.01980,0.01887,0.00415,0.03829,0.64230,0.01488,0.00527,0.01053,0.02044,0.01683
660,0.01123,0.10442,0.03316,0.02551,0.02813,0.00605,0.02355,0.01540,0.02649,0.05629,0.36640,0.02238,0.01033,0.01766,0.00602,0.00861,0.06629,0.12897,0.01952,0.02359
661,0.40432,0.17678,0.01673,0.02609,0.04526,0.00451,0.02136,0.03507,0.02940,0.01172,0.02650,0.02279,0.00530,0.01962,0.00667,0.01071,0.00685,0.06694,0.03997,0.02339
662,0.02450,0.03200,0.02438,0.02280,0.01283,0.00864,0.01357,0.20292,0.02434,0.00504,0.02414,0.01518,0.00633,0.02344,0.00758,0.00523,0.00779,0.50039,0.02524,0.01366
663,0.01262,0.03768,0.03125,0.03430,0.02922,0.01436,0.01707,0.05962,0.02627,0.00908,0.04962,0.03833,0.00902,0.02225,0.01546,0.52030,0.01090,0.01617,0.02302,0.02343
664,0.01236,0.02238,0.02041,0.04988,0.02414,0.54535,0.02868,0.02538,0.03700,0.00973,0.05718,0.02571,0.01304,0.03908,0.00678,0.00807,0.01470,0.01021,0.03212,0.01779
665,0.00796,0.03617,0.64362,0.01929,0.02477,0.02293,0.01413,0.02167,0.02709,0.00863,0.02371,0.01538,0.01444,0.02228,0.00936,0.00662,0.00994,0.01070,0.03568,0.02565
666,0.01386,0.02517,0.56219,0.01614,0.02648,0.04907,0.01428,0.02171,0.02585,0.00890,0.04094,0.06464,0.00604,0.02959,0.00887,0.00649,0.00772,0.01053,0.04721,0.01433
667,0.04932,0.25713,0.00904,0.00784,0.01197,0.00198,0.00520,0.01421,0.00899,0.00347,0.02344,0.00611,0.00242,0.00741,0.02270,0.16519,0.03772,0.35484,0.00804,0.00299
668,0.18507,0.05339,0.01373,0.01890,0.02185,0.00470,0.01494,0.03357,0.02498,0.00476,0.02302,0.01527,0.00503,0.01503,0.00493,0.00692,0.00860,0.51118,0.01571,0.01841
669,0.02804,0.11529,0.01440,0.01270,0.01651,0.00404,0.01217,0.26321,0.01794,0.02688,0.04064,0.01504,0.00533,0.02034,0.00507,0.00563,0.00581,0.35545,0.01696,0.01855
670,0.00955,0.04147,0.02886,0.10638,0.04337,0.00686,0.01869,0.02485,0.49624,0.00821,0.01777,0.01110,0.00724,0.01880,0.07993,0.00767,0.00879,0.01742,0.02197,0.02485
671,0.00761,0.02636,0.02703,0.02419,0.03257,0.00615,0.01286,0.02400,0.04473,0.02080,0.02880,0.02042,0.58725,0.02038,0.00670,0.03912,0.00823,0.01102,0.02617,0.02563
672,0.01701,0.01862,0.00944,0.01550,0.00674,0.00550,0.00584,0.35860,0.01174,0.10967,0.05287,0.01300,0.00275,0.01163,0.00421,0.00444,0.05317,0.27923,0.01272,0.00730
673,0.01084,0.03146,0.53270,0.03904,0.03003,0.08354,0.01571,0.02335,0.02992,0.00883,0.03713,0.03228,0.00616,0.02163,0.00919,0.00711,0.00942,0.01310,0.04054,0.01803
674,0.00624,0.01801,0.51807,0.17503,0.01375,0.06241,0.01105,0.01383,0.02044,0.00508,0.01792,0.02149,0.00588,0.02333,0.00716,0.00530,0.00580,0.02807,0.02319,0.01794
675,0.00466,0.01090,0.00979,0.01326,0.01669,0.04503,0.00852,0.00940,0.00610,0.00322,0.00777,0.00879,0.00308,0.00922,0.79146,0.00654,0.00323,0.00577,0.02683,0.00974
676,0.01068,0.01122,0.01635,0.02970,0.38526,0.02272,0.01312,0.01283,0.02720,0.05689,0.03482,0.01236,0.00423,0.02425,0.00985,0.05127,0.00779,0.00959,0.06001,0.19987
