site,A,C,D,E,F,G,H,I,K,L,M,N,P,Q,R,S,T,V,W,Y
564,0.07875,0.04877,0.05196,0.05889,0.01308,0.02161,0.06307,0.02827,0.09831,0.05132,0.04285,0.09502,0.00424,0.09155,0.08898,0.06485,0.03360,0.03743,0.00875,0.01872
565,0.00611,0.00907,0.01068,0.01193,0.01138,0.00317,0.00961,0.01030,0.01105,0.80260,0.04056,0.01040,0.01379,0.00916,0.00313,0.00358,0.00689,0.00399,0.00830,0.01430
566,0.65299,0.06190,0.01363,0.00812,0.04528,0.00429,0.01973,0.03589,0.01573,0.00655,0.01582,0.02129,0.00688,0.01400,0.00471,0.01196,0.00494,0.01110,0.01910,0.02606
567,0.03923,0.03785,0.03343,0.10376,0.01284,0.00097,0.02336,0.07240,0.05996,0.09311,0.11695,0.06334,0.00154,0.09130,0.09302,0.01876,0.04965,0.03200,0.02669,0.02984
568,0.47204,0.01587,0.01171,0.01591,0.01559,0.00976,0.02302,0.02114,0.02078,0.00641,0.02076,0.01745,0.01270,0.02303,0.00635,0.20933,0.03448,0.02510,0.01618,0.02238
569,0.01710,0.00646,0.00815,0.00746,0.01178,0.00123,0.01205,0.51243,0.01545,0.03360,0.07207,0.01417,0.00376,0.01523,0.00255,0.00428,0.00864,0.23430,0.00468,0.01462
570,0.00775,0.01470,0.01925,0.01221,0.01545,0.00336,0.01966,0.50231,0.01803,0.00594,0.15064,0.02827,0.01067,0.02085,0.00371,0.01968,0.09255,0.02621,0.00896,0.01981
571,0.00836,0.00642,0.00802,0.03168,0.00953,0.00847,0.20297,0.00977,0.20882,0.02327,0.02978,0.12784,0.00321,0.05577,0.16394,0.00725,0.03696,0.00799,0.02292,0.02703
572,0.00176,0.01389,0.00305,0.00379,0.13505,0.00085,0.00245,0.00809,0.00499,0.54921,0.12874,0.00589,0.00200,0.02733,0.00135,0.00149,0.00221,0.00151,0.00241,0.10394
573,0.10246,0.04596,0.01588,0.00991,0.01282,0.00458,0.01488,0.00677,0.01249,0.00420,0.01038,0.01616,0.01079,0.01106,0.00340,0.01289,0.67772,0.00487,0.00795,0.01484
574,0.00677,0.01867,0.03600,0.01395,0.01418,0.00418,0.08907,0.01842,0.01732,0.00542,0.01630,0.01682,0.00780,0.01697,0.00629,0.00478,0.00753,0.00593,0.01026,0.68332
575,0.00420,0.01614,0.01089,0.00783,0.00878,0.00293,0.07358,0.00930,0.01090,0.01498,0.32438,0.00852,0.00611,0.29009,0.01142,0.00341,0.00624,0.00484,0.17389,0.01157
576,0.01582,0.02506,0.05805,0.03197,0.02152,0.01400,0.01555,0.03146,0.03042,0.00892,0.02724,0.49205,0.01275,0.02613,0.00894,0.09902,0.01622,0.01118,0.02568,0.02802
577,0.01354,0.02334,0.02088,0.17532,0.02623,0.01065,0.02562,0.02005,0.46626,0.00786,0.02071,0.04383,0.01372,0.03002,0.01968,0.00937,0.01870,0.01082,0.02449,0.01889
578,0.00578,0.01583,0.01936,0.02838,0.01923,0.01219,0.01662,0.07524,0.02273,0.02896,0.03452,0.02275,0.00950,0.02598,0.00713,0.00666,0.01107,0.60615,0.01308,0.01886
579,0.11192,0.16959,0.01551,0.01229,0.01298,0.00465,0.01530,0.01769,0.01625,0.00880,0.03452,0.01798,0.00782,0.02035,0.00487,0.00491,0.00896,0.48875,0.01107,0.01580
580,0.04642,0.13895,0.01449,0.00270,0.01339,0.06101,0.00878,0.01055,0.17593,0.11898,0.07022,0.01139,0.00428,0.16098,0.08371,0.03836,0.01735,0.00553,0.00740,0.00958
581,0.05218,0.01901,0.02372,0.00880,0.01070,0.00339,0.02054,0.08149,0.01606,0.15459,0.08712,0.01734,0.00832,0.01949,0.00525,0.00621,0.08192,0.35571,0.00962,0.01853
582,0.01212,0.02038,0.01876,0.02134,0.02904,0.00711,0.10763,0.01990,0.02550,0.51221,0.02259,0.01873,0.07103,0.02599,0.00735,0.00629,0.02819,0.00918,0.01584,0.02082
583,0.01107,0.01926,0.02233,0.01864,0.02095,0.03481,0.05483,0.02986,0.02979,0.00730,0.01944,0.02547,0.01062,0.02962,0.59611,0.01442,0.01050,0.00942,0.01268,0.02286
584,0.01290,0.03157,0.03079,0.02615,0.03127,0.01354,0.02060,0.04458,0.03138,0.02124,0.02540,0.02816,0.51778,0.03234,0.00930,0.03635,0.01525,0.01196,0.02698,0.03244
585,0.18129,0.13987,0.00820,0.00737,0.13833,0.04168,0.03950,0.02356,0.01074,0.00386,0.05095,0.01134,0.00439,0.00882,0.00422,0.04116,0.04600,0.03578,0.00668,0.19624
586,0.05406,0.04234,0.05830,0.05864,0.03530,0.05420,0.04309,0.08702,0.02371,0.07872,0.04863,0.04028,0.03577,0.06862,0.00960,0.06087,0.07541,0.08295,0.02875,0.01373
587,0.03293,0.05296,0.04268,0.25242,0.01423,0.29515,0.03106,0.02176,0.02185,0.00574,0.01528,0.02794,0.00920,0.09001,0.01778,0.01672,0.01586,0.00585,0.00777,0.02281
588,0.01349,0.02418,0.02012,0.03219,0.02186,0.56319,0.03242,0.03299,0.03236,0.00780,0.02644,0.02742,0.02403,0.04025,0.02304,0.00943,0.01590,0.01514,0.01630,0.02145
589,0.01554,0.01363,0.01148,0.01919,0.01805,0.04819,0.04910,0.08964,0.19801,0.05753,0.09170,0.01325,0.00443,0.01074,0.21349,0.00671,0.02608,0.09410,0.01081,0.00835
590,0.01413,0.40176,0.01716,0.01804,0.01446,0.00546,0.01210,0.07439,0.01656,0.00403,0.01661,0.01607,0.00455,0.01195,0.00388,0.00527,0.28467,0.05788,0.00956,0.01145
591,0.00566,0.03472,0.02887,0.02795,0.02747,0.01008,0.02221,0.09070,0.03163,0.04601,0.02729,0.04408,0.00928,0.03564,0.00829,0.00826,0.01137,0.48049,0.02580,0.02421
592,0.05348,0.02095,0.02847,0.02720,0.04966,0.00792,0.02092,0.03973,0.04599,0.01729,0.53051,0.02236,0.01277,0.02345,0.00745,0.00865,0.01107,0.03631,0.01447,0.02137
593,0.00919,0.01848,0.59532,0.02855,0.01607,0.02117,0.01648,0.02088,0.02565,0.00554,0.01781,0.06808,0.00787,0.02298,0.00626,0.00578,0.01031,0.01955,0.01714,0.06689
594,0.00913,0.01689,0.02346,0.02806,0.01538,0.01001,0.02229,0.45332,0.02397,0.00572,0.02045,0.01868,0.00836,0.01923,0.00714,0.00772,0.00579,0.26723,0.01932,0.01785
595,0.01297,0.02261,0.03648,0.02380,0.02140,0.01080,0.02225,0.42385,0.02827,0.03492,0.02720,0.03237,0.01015,0.03106,0.00835,0.00902,0.05174,0.09504,0.07180,0.02592
596,0.01035,0.02075,0.02099,0.02189,0.02052,0.00888,0.01874,0.02342,0.02494,0.01861,0.01943,0.02438,0.00720,0.02499,0.00753,0.66986,0.01159,0.01045,0.01560,0.01990
597,0.01071,0.02254,0.03277,0.02389,0.01818,0.03793,0.02080,0.03382,0.10876,0.00637,0.02399,0.01946,0.01331,0.03007,0.52853,0.00639,0.01233,0.00915,0.01616,0.02483
598,0.04686,0.05657,0.02309,0.02114,0.02440,0.12101,0.00914,0.01879,0.11748,0.00671,0.01744,0.01967,0.00545,0.31335,0.10004,0.04883,0.00797,0.00588,0.01450,0.02169
599,0.01232,0.03560,0.53758,0.02328,0.03569,0.01379,0.02190,0.02609,0.05151,0.00958,0.03372,0.04861,0.01207,0.02873,0.00908,0.01128,0.01430,0.01161,0.03137,0.03190
600,0.01443,0.03342,0.02824,0.02065,0.02453,0.01343,0.04886,0.03168,0.02248,0.03342,0.02367,0.03292,0.02191,0.54754,0.00638,0.01078,0.01258,0.01227,0.03004,0.03078
601,0.01479,0.03326,0.03383,0.02881,0.04035,0.01484,0.03343,0.07215,0.01569,0.01044,0.02865,0.02245,0.01812,0.03294,0.47094,0.03049,0.01414,0.02208,0.03002,0.03257
602,0.01307,0.03881,0.02548,0.00728,0.03587,0.48669,0.02844,0.04809,0.03598,0.01077,0.03457,0.03941,0.01277,0.04284,0.01877,0.01044,0.01473,0.01885,0.04442,0.03270
603,0.01974,0.03811,0.03782,0.03158,0.03653,0.00222,0.02845,0.05690,0.03900,0.01436,0.03532,0.01122,0.01165,0.03255,0.02305,0.46774,0.01662,0.02794,0.03115,0.03804
604,0.01140,0.03389,0.02480,0.04019,0.03512,0.49914,0.02582,0.02811,0.03472,0.01148,0.03535,0.03095,0.01568,0.03961,0.00563,0.01182,0.01448,0.01136,0.05402,0.03645
605,0.01754,0.03927,0.04133,0.03382,0.02914,0.01167,0.02972,0.03087,0.03153,0.01046,0.03499,0.02493,0.01016,0.50005,0.05201,0.01085,0.01272,0.01784,0.02938,0.03172
606,0.02696,0.02923,0.03536,0.03010,0.03430,0.00824,0.02729,0.07029,0.03526,0.01017,0.03179,0.04095,0.00969,0.03585,0.00868,0.01176,0.01416,0.48526,0.02291,0.03177
607,0.00163,0.01382,0.01430,0.02301,0.01860,0.00514,0.01836,0.33900,0.02652,0.00720,0.01661,0.01482,0.00774,0.01986,0.00631,0.00628,0.00840,0.41066,0.01938,0.02237
608,0.03383,0.02446,0.02871,0.03985,0.03843,0.01279,0.06582,0.02312,0.03777,0.01351,0.04070,0.03520,0.01744,0.03744,0.01219,0.01219,0.45333,0.01729,0.02950,0.02642
609,0.01191,0.10256,0.05612,0.02503,0.03705,0.00431,0.12220,0.03451,0.03314,0.01075,0.03518,0.04273,0.01263,0.03068,0.00833,0.00954,0.01821,0.01647,0.02503,0.36362
610,0.33755,0.03969,0.03274,0.02469,0.07759,0.00388,0.04154,0.04842,0.03994,0.01547,0.02954,0.03681,0.01376,0.04162,0.00973,0.03187,0.04844,0.03274,0.04346,0.05048
611,0.01341,0.03081,0.04356,0.02148,0.21693,0.00750,0.01985,0.01903,0.02374,0.28517,0.18744,0.01814,0.02321,0.02146,0.00630,0.00859,0.00968,0.00903,0.01582,0.01885
612,0.01580,0.03512,0.04480,0.02783,0.04122,0.01352,0.04950,0.04799,0.03642,0.01471,0.05563,0.42446,0.01337,0.04695,0.01241,0.02729,0.01220,0.02056,0.03328,0.02691
613,0.03096,0.04780,0.05598,0.03262,0.06236,0.01560,0.03004,0.01032,0.12863,0.01478,0.02639,0.03367,0.02667,0.03970,0.01100,0.01450,0.33250,0.01780,0.03409,0.03461
614,0.02534,0.04669,0.03543,0.03807,0.40126,0.01039,0.03936,0.03325,0.03541,0.04194,0.02450,0.04243,0.01649,0.03310,0.01214,0.06012,0.02412,0.00988,0.02701,0.04305
615,0.06918,0.06088,0.02346,0.03282,0.02889,0.01283,0.02528,0.01261,0.04282,0.01004,0.02990,0.02575,0.00798,0.02944,0.00903,0.00987,0.50574,0.01420,0.02510,0.02417
616,0.01973,0.03208,0.01990,0.03756,0.04818,0.00876,0.05773,0.03201,0.03355,0.01328,0.03902,0.43764,0.02050,0.03789,0.00948,0.01122,0.02631,0.01845,0.03321,0.06351
617,0.01811,0.03973,0.02846,0.02306,0.02150,0.00792,0.03822,0.30978,0.03083,0.24457,0.02219,0.04679,0.01373,0.02898,0.00984,0.00681,0.02037,0.01476,0.01922,0.05512
618,0.07834,0.13010,0.01805,0.01025,0.01734,0.07433,0.01909,0.01977,0.01659,0.00574,0.12003,0.01857,0.00504,0.01489,0.00519,0.07846,0.09726,0.23512,0.01654,0.01932
619,0.00175,0.47144,0.01562,0.02645,0.01978,0.00353,0.01352,0.06957,0.01965,0.00876,0.01681,0.01757,0.00575,0.01748,0.00455,0.00561,0.01184,0.24092,0.01325,0.01615
620,0.01214,0.03194,0.04583,0.01970,0.07394,0.00868,0.03392,0.03449,0.02893,0.01129,0.02463,0.17840,0.01127,0.36126,0.03118,0.01081,0.00953,0.01536,0.01908,0.03764
621,0.00667,0.02483,0.01794,0.01575,0.04814,0.00798,0.01139,0.34673,0.01708,0.22252,0.11183,0.01908,0.01817,0.01288,0.00383,0.00570,0.00899,0.06542,0.00978,0.02528
622,0.01893,0.02925,0.03417,0.05401,0.04465,0.01142,0.02558,0.42791,0.04783,0.01739,0.03448,0.02722,0.01008,0.03803,0.01012,0.01399,0.01776,0.04393,0.05717,0.03607
623,0.01265,0.05768,0.04401,0.03461,0.06304,0.00913,0.02326,0.05886,0.03793,0.00942,0.04717,0.02779,0.00912,0.00596,0.42772,0.01341,0.01740,0.01809,0.02189,0.06085
624,0.01097,0.04596,0.00663,0.00565,0.10893,0.00158,0.09134,0.14447,0.00310,0.16845,0.02487,0.04847,0.00153,0.07054,0.00192,0.04170,0.06503,0.14612,0.00681,0.00593
625,0.10073,0.02850,0.02997,0.03088,0.02513,0.02215,0.02281,0.10730,0.01754,0.12598,0.28477,0.01888,0.01004,0.01944,0.00728,0.00737,0.03277,0.05747,0.01664,0.03435
626,0.01882,0.03172,0.17578,0.44546,0.02784,0.02551,0.02435,0.03511,0.01278,0.00874,0.02891,0.01867,0.01312,0.02752,0.00746,0.01041,0.01319,0.02228,0.03108,0.02125
627,0.31297,0.02551,0.03015,0.02770,0.02519,0.17259,0.02249,0.02361,0.02127,0.00703,0.02906,0.02036,0.00864,0.02034,0.00649,0.17466,0.02223,0.00611,0.02119,0.02243
628,0.01880,0.03263,0.02258,0.45528,0.02367,0.05962,0.02851,0.03491,0.06346,0.01057,0.03791,0.03365,0.01445,0.02921,0.01152,0.01016,0.01303,0.04831,0.02555,0.02619
629,0.09034,0.07210,0.09075,0.10803,0.00996,0.00594,0.02382,0.01342,0.00541,0.04566,0.06321,0.09397,0.00248,0.10895,0.04008,0.05153,0.09132,0.06527,0.01326,0.00448
630,0.07749,0.25396,0.01086,0.00934,0.00921,0.00816,0.01300,0.00984,0.00989,0.31168,0.03855,0.00817,0.00372,0.00673,0.00301,0.00326,0.07695,0.12912,0.00885,0.00819
631,0.00867,0.03028,0.02057,0.03198,0.10898,0.00570,0.01910,0.11594,0.02432,0.29908,0.01892,0.01851,0.00841,0.02349,0.00662,0.02664,0.00979,0.17552,0.02576,0.02174
632,0.06695,0.05962,0.04895,0.03620,0.02013,0.06118,0.02992,0.05551,0.03231,0.07810,0.06404,0.08186,0.00067,0.07633,0.03345,0.07688,0.07278,0.06591,0.01643,0.02277
633,0.04538,0.04165,0.08390,0.09552,0.05055,0.03552,0.07466,0.04693,0.03980,0.04528,0.04565,0.03449,0.03493,0.05222,0.01872,0.05346,0.05972,0.04940,0.02861,0.06361
634,0.05592,0.07898,0.04879,0.05462,0.02749,0.05232,0.05757,0.01963,0.06910,0.01047,0.03811,0.07578,0.07278,0.05645,0.06044,0.09004,0.06001,0.03350,0.01952,0.01849
635,0.02181,0.03413,0.50668,0.04701,0.03143,0.04114,0.02847,0.02817,0.03896,0.01055,0.02895,0.01539,0.01245,0.03116,0.00817,0.00817,0.01449,0.01537,0.01862,0.05888
636,0.00953,0.01808,0.01278,0.01988,0.02522,0.00711,0.01131,0.15446,0.01129,0.25715,0.29449,0.01097,0.00669,0.03868,0.00577,0.02006,0.02755,0.04078,0.01630,0.01191
637,0.05957,0.03895,0.02594,0.05089,0.05426,0.05718,0.04534,0.06213,0.05599,0.04317,0.04581,0.05181,0.04156,0.04231,0.04624,0.05460,0.05060,0.03450,0.04910,0.09005
638,0.06021,0.06550,0.05298,0.04285,0.03558,0.04460,0.06369,0.05337,0.07674,0.05023,0.03945,0.04897,0.00102,0.03719,0.07129,0.06502,0.05067,0.03464,0.02788,0.07812
639,0.01163,0.05741,0.04638,0.02951,0.01805,0.00736,0.02243,0.12941,0.02750,0.30579,0.04067,0.01976,0.01007,0.02841,0.00700,0.04156,0.01080,0.13970,0.02733,0.01924
640,0.06366,0.04903,0.03882,0.04689,0.03464,0.03628,0.09026,0.02436,0.09560,0.02774,0.03337,0.06825,0.01026,0.09565,0.11812,0.03839,0.05904,0.02682,0.02174,0.02108
641,0.06067,0.04657,0.05142,0.03485,0.04371,0.05548,0.07355,0.01011,0.09319,0.01781,0.01907,0.06584,0.00438,0.08715,0.09176,0.06464,0.06168,0.03370,0.03478,0.04967
642,0.06327,0.02423,0.01906,0.10332,0.00849,0.03947,0.08262,0.00979,0.12629,0.00702,0.01179,0.01616,0.14067,0.05436,0.10331,0.09601,0.06427,0.01468,0.00789,0.00732
643,0.05157,0.06825,0.04742,0.07184,0.05451,0.05690,0.03303,0.05895,0.01055,0.04977,0.04951,0.06999,0.04738,0.05742,0.02255,0.05033,0.05827,0.04990,0.02544,0.06640
644,0.05237,0.05943,0.02813,0.03352,0.01860,0.02161,0.05029,0.04333,0.07735,0.06841,0.02902,0.09267,0.00180,0.06939,0.12305,0.07028,0.06529,0.05229,0.01179,0.03136
645,0.05968,0.18759,0.01170,0.00960,0.01742,0.00472,0.01275,0.22952,0.01445,0.09166,0.01253,0.02406,0.00468,0.01292,0.00414,0.00506,0.02247,0.25139,0.00888,0.01478
646,0.05601,0.03956,0.07370,0.03904,0.03285,0.04003,0.10884,0.05307,0.06393,0.04105,0.03609,0.04544,0.00908,0.06291,0.04614,0.06437,0.05452,0.04310,0.04481,0.04545
647,0.04403,0.04164,0.05429,0.02278,0.04321,0.05109,0.05880,0.04824,0.06146,0.03837,0.02538,0.06349,0.00205,0.05019,0.07023,0.06716,0.04929,0.04832,0.08421,0.07578
648,0.01694,0.03423,0.03281,0.03423,0.05037,0.00862,0.03240,0.03895,0.05253,0.02199,0.03624,0.02689,0.01280,0.02797,0.03544,0.01056,0.01692,0.01337,0.45304,0.04372
649,0.01666,0.04508,0.04331,0.02672,0.02966,0.00798,0.02672,0.06261,0.03153,0.48873,0.05187,0.02369,0.01097,0.02914,0.00995,0.00718,0.01635,0.01756,0.03010,0.02417
650,0.06189,0.05698,0.03973,0.05801,0.05166,0.07745,0.05465,0.03748,0.04916,0.05114,0.06329,0.06498,0.00053,0.05616,0.03684,0.05287,0.05854,0.05680,0.03027,0.04157
651,0.05969,0.05034,0.01802,0.02586,0.07185,0.03145,0.04760,0.05695,0.06871,0.06657,0.05953,0.07587,0.00069,0.06792,0.05298,0.04461,0.04889,0.06094,0.02766,0.06388
652,0.06964,0.06530,0.06889,0.07251,0.06877,0.00188,0.07543,0.00919,0.04148,0.01554,0.04925,0.08654,0.00231,0.11937,0.02286,0.07036,0.01302,0.03166,0.04276,0.07324
653,0.16951,0.02284,0.01553,0.01404,0.03030,0.44581,0.02270,0.03539,0.02457,0.01272,0.05738,0.01773,0.01447,0.02478,0.02171,0.00700,0.01010,0.01133,0.02028,0.02181
654,0.03560,0.07101,0.03055,0.02796,0.04548,0.02630,0.06642,0.06385,0.03596,0.07235,0.05206,0.06054,0.04162,0.07816,0.04872,0.04054,0.06836,0.04820,0.06824,0.01808
655,0.01971,0.04582,0.27483,0.10308,0.01999,0.04890,0.01808,0.03564,0.02117,0.03384,0.02921,0.16196,0.01280,0.03094,0.00448,0.03362,0.03507,0.03044,0.01621,0.02420
656,0.00821,0.02754,0.01816,0.01905,0.02002,0.03698,0.01305,0.01530,0.04050,0.00812,0.01988,0.01234,0.00655,0.02021,0.67537,0.00531,0.00577,0.01107,0.02137,0.01520
657,0.01082,0.02697,0.01927,0.02582,0.05443,0.00617,0.01176,0.01594,0.03109,0.60920,0.04994,0.01539,0.03403,0.02241,0.00483,0.00735,0.00821,0.01056,0.02045,0.01536
658,0.03547,0.09266,0.00651,0.00240,0.00288,0.08680,0.11984,0.00241,0.11031,0.00214,0.01253,0.09092,0.00103,0.09555,0.14207,0.08133,0.10450,0.00274,0.00514,0.00278
659,0.00830,0.01999,0.01399,0.01860,0.01818,0.00713,0.02758,0.01476,0.02511,0.01897,0.02108,0.02038,0.00441,0.02940,0.68345,0.00971,0.00669,0.01262,0.02177,0.01787
660,0.01347,0.11064,0.03915,0.03079,0.03299,0.00722,0.02844,0.05314,0.03835,0.02149,0.43980,0.02717,0.01244,0.02134,0.00922,0.01030,0.02093,0.03121,0.02315,0.02875
661,0.39478,0.20109,0.01709,0.02216,0.04198,0.00438,0.02032,0.03308,0.02844,0.00872,0.02529,0.02234,0.00513,0.01876,0.00650,0.01147,0.02299,0.05423,0.03875,0.02251
662,0.03228,0.04052,0.04522,0.02267,0.01266,0.00655,0.01327,0.18472,0.02363,0.00473,0.02356,0.01500,0.00612,0.02281,0.00745,0.00513,0.00749,0.48853,0.02433,0.01335
663,0.01267,0.02280,0.03145,0.03482,0.02997,0.03863,0.01716,0.07129,0.02629,0.00908,0.05044,0.00983,0.00916,0.02226,0.01373,0.52640,0.01095,0.01631,0.02309,0.02368
664,0.01416,0.02114,0.01839,0.07061,0.02303,0.51937,0.02742,0.02385,0.03540,0.00932,0.05458,0.02435,0.01234,0.03748,0.02243,0.00767,0.01401,0.01722,0.03048,0.01675
665,0.00770,0.03464,0.61956,0.01861,0.02369,0.04756,0.01357,0.02080,0.02596,0.00832,0.02284,0.00969,0.01395,0.02143,0.00908,0.00638,0.00957,0.01115,0.03433,0.04117
666,0.01709,0.02755,0.61657,0.01771,0.02896,0.01681,0.01568,0.02375,0.02820,0.00973,0.04467,0.00753,0.00661,0.03254,0.00973,0.00711,0.00845,0.01154,0.05220,0.01758
667,0.05878,0.19886,0.00698,0.00610,0.00568,0.00218,0.00403,0.00718,0.00703,0.00214,0.03170,0.00468,0.00189,0.00579,0.00455,0.19379,0.06279,0.37869,0.00623,0.01095
668,0.01017,0.03303,0.02615,0.02247,0.01902,0.00743,0.01836,0.08134,0.02981,0.00575,0.02730,0.01820,0.00597,0.01819,0.00587,0.00827,0.01039,0.61171,0.01892,0.02167
669,0.02816,0.08617,0.01231,0.01127,0.01471,0.00517,0.01038,0.38556,0.01574,0.00365,0.04959,0.01294,0.00452,0.01693,0.00430,0.00470,0.00496,0.29970,0.01373,0.01551
670,0.00956,0.04328,0.02905,0.05367,0.04387,0.00782,0.02233,0.02485,0.50346,0.00824,0.07089,0.02667,0.00739,0.02196,0.04142,0.00792,0.01200,0.01758,0.02275,0.02528
671,0.01077,0.02644,0.02728,0.02445,0.03269,0.00622,0.01289,0.02463,0.04528,0.00800,0.02922,0.02085,0.59616,0.02068,0.00675,0.03530,0.00840,0.01120,0.02676,0.02603
672,0.00428,0.00789,0.00987,0.01611,0.00859,0.00581,0.00612,0.37996,0.01210,0.10128,0.04969,0.00952,0.00295,0.01013,0.00368,0.00585,0.02084,0.32436,0.01315,0.00783
673,0.01363,0.03339,0.55653,0.03736,0.03143,0.05102,0.01676,0.02448,0.03095,0.00915,0.03815,0.02009,0.00644,0.02271,0.00969,0.00755,0.00983,0.01381,0.04266,0.02438
674,0.01317,0.02118,0.61957,0.02479,0.01640,0.00459,0.01306,0.01637,0.02434,0.00606,0.02095,0.09296,0.00702,0.02748,0.00831,0.00636,0.00692,0.00885,0.02760,0.03402
675,0.00483,0.01130,0.01015,0.01374,0.01731,0.00469,0.00882,0.00974,0.03044,0.00334,0.00806,0.00912,0.00319,0.00956,0.82074,0.00526,0.00335,0.00598,0.01029,0.01010
676,0.01256,0.01328,0.01891,0.03493,0.44834,0.02683,0.01546,0.01509,0.03171,0.02856,0.04098,0.01440,0.00495,0.02806,0.01142,0.01051,0.00921,0.03298,0.06962,0.13218
