site,A,C,D,E,F,G,H,I,K,L,M,N,P,Q,R,S,T,V,W,Y
564,0.08299,0.04317,0.04850,0.05960,0.01501,0.02179,0.05854,0.03085,0.09413,0.05379,0.05066,0.09075,0.00534,0.08807,0.09369,0.06390,0.03170,0.03780,0.01182,0.01793
565,0.00593,0.00879,0.01034,0.01157,0.01103,0.00308,0.00932,0.01068,0.01069,0.77764,0.07493,0.01007,0.00847,0.00887,0.00269,0.00348,0.00667,0.00387,0.00805,0.01385
566,0.61733,0.08004,0.01288,0.01275,0.04304,0.00401,0.01862,0.03377,0.01491,0.00618,0.01493,0.02006,0.00651,0.01325,0.00445,0.02316,0.00467,0.02658,0.01809,0.02476
567,0.03612,0.04365,0.02640,0.09770,0.01190,0.00113,0.03150,0.06303,0.05212,0.08853,0.10930,0.06027,0.00146,0.09819,0.09494,0.02614,0.04593,0.02899,0.02586,0.05683
568,0.45122,0.01514,0.01104,0.01521,0.01492,0.01300,0.02200,0.02020,0.01985,0.00613,0.01986,0.01666,0.01041,0.02201,0.00607,0.24062,0.03905,0.01969,0.01546,0.02144
569,0.01223,0.00623,0.00779,0.00671,0.01114,0.00116,0.01130,0.50013,0.01456,0.04775,0.09444,0.01350,0.00353,0.01423,0.00239,0.00402,0.00910,0.22153,0.00444,0.01380
570,0.00736,0.01394,0.01841,0.01160,0.02035,0.00322,0.01890,0.47994,0.01699,0.00539,0.16803,0.03306,0.01031,0.02010,0.00353,0.01244,0.09635,0.03261,0.00849,0.01899
571,0.00796,0.00675,0.00697,0.02891,0.01239,0.01853,0.21532,0.00846,0.18130,0.01955,0.02658,0.13025,0.00279,0.06631,0.14719,0.00974,0.04230,0.00714,0.03008,0.03149
572,0.00148,0.02708,0.00256,0.00321,0.12861,0.00082,0.02091,0.00682,0.00421,0.46600,0.14910,0.00778,0.00180,0.08353,0.00115,0.00186,0.00187,0.00127,0.00204,0.08790
573,0.14485,0.02960,0.01516,0.00946,0.01224,0.00438,0.01426,0.01689,0.01304,0.00402,0.00994,0.01546,0.01001,0.01055,0.00310,0.01250,0.64810,0.00465,0.00761,0.01418
574,0.00666,0.04249,0.02512,0.01374,0.01399,0.00413,0.07933,0.01822,0.01719,0.00534,0.01605,0.02201,0.00768,0.01685,0.00620,0.00716,0.00741,0.00585,0.01010,0.67448
575,0.01209,0.01989,0.00984,0.01205,0.00795,0.00268,0.08805,0.00857,0.00930,0.01046,0.29428,0.00776,0.00560,0.26508,0.02434,0.00310,0.00574,0.00390,0.19871,0.01060
576,0.01633,0.02449,0.05932,0.03168,0.02112,0.01356,0.04091,0.03724,0.02984,0.00877,0.02679,0.48305,0.01251,0.02858,0.00877,0.07620,0.01612,0.01095,0.02524,0.02851
577,0.01389,0.02444,0.02177,0.11044,0.02736,0.01120,0.02573,0.02294,0.48154,0.00818,0.02052,0.04371,0.01392,0.02821,0.06533,0.00938,0.01597,0.01123,0.02440,0.01983
578,0.03421,0.01278,0.01560,0.01956,0.01554,0.00791,0.01343,0.18643,0.01840,0.06366,0.02998,0.01834,0.00769,0.02106,0.00576,0.00538,0.00893,0.48953,0.01057,0.01523
579,0.09781,0.13109,0.01689,0.01544,0.01407,0.00843,0.01655,0.02140,0.01773,0.00765,0.02163,0.01958,0.00852,0.02175,0.00528,0.00531,0.00975,0.53186,0.01210,0.01715
580,0.03186,0.08619,0.01926,0.05043,0.01763,0.03857,0.01142,0.01245,0.22840,0.08312,0.06809,0.01482,0.00557,0.11354,0.13594,0.03165,0.02208,0.00725,0.00940,0.01234
581,0.04369,0.02281,0.01784,0.00759,0.00923,0.00328,0.01771,0.06548,0.01392,0.14890,0.09236,0.01506,0.00724,0.01687,0.00455,0.00540,0.17576,0.30803,0.00832,0.01596
582,0.01112,0.01967,0.01843,0.02068,0.04592,0.00700,0.07121,0.01672,0.02503,0.50236,0.02221,0.01823,0.09144,0.02528,0.00626,0.00619,0.04721,0.00917,0.01546,0.02042
583,0.01124,0.01955,0.02267,0.01893,0.02120,0.02576,0.05590,0.02566,0.03100,0.00740,0.01971,0.02576,0.01075,0.03000,0.60415,0.01405,0.01065,0.00958,0.01291,0.02312
584,0.01322,0.03225,0.03136,0.02668,0.03195,0.01382,0.02097,0.04540,0.03197,0.01331,0.02590,0.02870,0.52816,0.03095,0.00948,0.02759,0.01553,0.01223,0.02755,0.03296
585,0.18150,0.12680,0.00732,0.00741,0.14365,0.04913,0.05540,0.03489,0.00999,0.00597,0.03856,0.01143,0.00445,0.00884,0.00635,0.06663,0.04390,0.03709,0.00619,0.15448
586,0.05009,0.03596,0.08319,0.06201,0.04083,0.05620,0.03748,0.07841,0.02861,0.07455,0.03887,0.03844,0.04112,0.06653,0.00879,0.06207,0.06282,0.08338,0.02831,0.02231
587,0.03407,0.04157,0.03556,0.21818,0.01373,0.26915,0.04263,0.01979,0.01971,0.00673,0.01821,0.02945,0.00843,0.12857,0.01277,0.03584,0.01685,0.00488,0.00884,0.03505
588,0.01295,0.02323,0.01922,0.07562,0.02101,0.53958,0.03108,0.03171,0.03105,0.00747,0.02538,0.02624,0.02313,0.03845,0.01408,0.00904,0.01523,0.01936,0.01565,0.02053
589,0.02309,0.02221,0.00923,0.01055,0.01449,0.06319,0.06286,0.09442,0.15940,0.05912,0.08038,0.01950,0.00357,0.02974,0.18495,0.01204,0.04108,0.09263,0.00853,0.00900
590,0.02835,0.43347,0.01511,0.01586,0.01281,0.00479,0.01058,0.06808,0.01291,0.00354,0.01888,0.01743,0.01072,0.01051,0.00342,0.00501,0.25028,0.05981,0.00840,0.01006
591,0.04536,0.08065,0.02663,0.02583,0.02171,0.00857,0.02041,0.07479,0.02897,0.04080,0.02763,0.04029,0.00863,0.03248,0.00774,0.00768,0.01060,0.44468,0.02397,0.02260
592,0.03812,0.02110,0.02872,0.02588,0.05208,0.00800,0.02116,0.03648,0.03559,0.01596,0.53620,0.02266,0.01293,0.02374,0.01015,0.00873,0.04454,0.02122,0.01460,0.02213
593,0.00966,0.01943,0.62587,0.02629,0.01691,0.02766,0.01737,0.02199,0.02699,0.00581,0.01873,0.05108,0.00827,0.02420,0.00658,0.00617,0.01084,0.01461,0.01805,0.04350
594,0.00878,0.02423,0.02268,0.02671,0.01482,0.00972,0.02120,0.43564,0.02253,0.00793,0.02013,0.02231,0.00814,0.01840,0.00692,0.00675,0.06816,0.21910,0.01873,0.01712
595,0.01241,0.02193,0.03507,0.02259,0.02005,0.01042,0.02132,0.40626,0.02729,0.02360,0.02057,0.03099,0.00977,0.02913,0.00793,0.00942,0.04377,0.15276,0.06966,0.02507
596,0.01007,0.02011,0.02040,0.02128,0.01989,0.00863,0.01824,0.02279,0.02420,0.02500,0.01890,0.02370,0.02709,0.02431,0.00734,0.65124,0.01209,0.01017,0.01517,0.01937
597,0.01086,0.02280,0.03282,0.02411,0.01851,0.02811,0.02129,0.02745,0.08885,0.00646,0.02416,0.01975,0.01345,0.03082,0.53642,0.03061,0.01247,0.00925,0.01654,0.02527
598,0.04130,0.04660,0.01902,0.01589,0.02034,0.14298,0.00925,0.01570,0.12863,0.00485,0.01876,0.01637,0.00575,0.25853,0.16427,0.05021,0.00659,0.00486,0.01197,0.01813
599,0.01264,0.03520,0.52900,0.02069,0.03502,0.03446,0.02157,0.02565,0.05019,0.00946,0.03321,0.03885,0.01183,0.02815,0.00893,0.01108,0.01407,0.02004,0.03087,0.02911
600,0.01484,0.03407,0.02906,0.02126,0.02519,0.01384,0.04029,0.03239,0.02454,0.02163,0.02436,0.03411,0.01663,0.56362,0.00487,0.01111,0.01292,0.01258,0.03085,0.03185
601,0.01353,0.03050,0.03102,0.02640,0.03706,0.03107,0.03054,0.04972,0.08911,0.00957,0.02625,0.02057,0.01663,0.03018,0.43173,0.03328,0.01531,0.02021,0.02747,0.02985
602,0.01312,0.03905,0.02553,0.01342,0.03589,0.48747,0.02855,0.04796,0.03595,0.01080,0.03447,0.03956,0.01278,0.04318,0.02119,0.01047,0.01476,0.01786,0.03525,0.03275
603,0.01903,0.04275,0.03661,0.03052,0.03524,0.02469,0.02746,0.05455,0.03742,0.01387,0.03389,0.01451,0.01123,0.03129,0.02674,0.45054,0.01598,0.02703,0.02994,0.03670
604,0.01142,0.03390,0.02485,0.03779,0.03515,0.49993,0.02583,0.02818,0.03487,0.01153,0.03543,0.03098,0.01571,0.03954,0.00563,0.01184,0.01449,0.01217,0.05417,0.03661
605,0.01762,0.03950,0.04139,0.03184,0.02916,0.01172,0.02428,0.03105,0.03039,0.01002,0.03511,0.02517,0.01323,0.50221,0.05439,0.01092,0.01279,0.01789,0.02942,0.03190
606,0.06313,0.02669,0.03064,0.02726,0.03736,0.00755,0.02531,0.10620,0.03270,0.00963,0.02886,0.03709,0.00891,0.03255,0.00797,0.01067,0.01291,0.44451,0.02096,0.02911
607,0.00707,0.01359,0.01419,0.02260,0.01816,0.00500,0.01822,0.34817,0.02578,0.00700,0.01613,0.01456,0.00760,0.01922,0.00618,0.00614,0.00818,0.40133,0.01928,0.02159
608,0.03112,0.02421,0.02840,0.03942,0.03791,0.01266,0.06558,0.03725,0.03729,0.01337,0.04015,0.03334,0.01832,0.03663,0.01206,0.01196,0.44797,0.01712,0.02905,0.02622
609,0.01311,0.06602,0.06830,0.02727,0.04062,0.00470,0.09368,0.03748,0.03575,0.01162,0.03808,0.03441,0.01386,0.03356,0.00911,0.01038,0.01990,0.01788,0.02722,0.39705
610,0.33966,0.03997,0.03793,0.02486,0.07848,0.00608,0.04176,0.04844,0.04013,0.01561,0.02965,0.03706,0.01385,0.04197,0.00979,0.03950,0.04089,0.01975,0.04380,0.05082
611,0.01337,0.03090,0.04315,0.02139,0.17025,0.00748,0.02181,0.01896,0.02360,0.28388,0.23008,0.01805,0.02261,0.02137,0.01061,0.00853,0.00966,0.00855,0.01698,0.01876
612,0.01461,0.03261,0.04268,0.02569,0.03820,0.01252,0.05115,0.05965,0.04285,0.01367,0.05155,0.39406,0.01242,0.04375,0.01151,0.06516,0.01310,0.01905,0.03080,0.02496
613,0.02695,0.04774,0.05660,0.03253,0.06186,0.01563,0.02995,0.02396,0.08754,0.01471,0.02633,0.03358,0.02762,0.03971,0.01094,0.04487,0.33271,0.01778,0.03402,0.03498
614,0.02488,0.03751,0.03477,0.03685,0.38851,0.01010,0.03835,0.03356,0.03404,0.04745,0.02453,0.04209,0.01588,0.03272,0.01177,0.08013,0.02308,0.01228,0.02570,0.04579
615,0.04069,0.05888,0.02257,0.03202,0.02780,0.01246,0.02452,0.06432,0.04150,0.00968,0.02865,0.02155,0.01080,0.02824,0.00867,0.01788,0.48860,0.01370,0.02420,0.02327
616,0.01992,0.03255,0.01769,0.03795,0.04875,0.00884,0.05311,0.03287,0.03553,0.01339,0.03951,0.44149,0.02055,0.03820,0.00956,0.02592,0.02647,0.01876,0.03373,0.04522
617,0.01814,0.04009,0.02812,0.02312,0.02272,0.00793,0.03807,0.26445,0.03111,0.24459,0.04079,0.04812,0.01373,0.02891,0.00989,0.03783,0.01877,0.01221,0.01668,0.05474
618,0.09368,0.11109,0.01719,0.01204,0.01676,0.05670,0.01830,0.03742,0.01594,0.00618,0.09952,0.01749,0.00490,0.01442,0.00504,0.10724,0.09948,0.22810,0.01588,0.02262
619,0.03218,0.38226,0.01733,0.02290,0.02195,0.00450,0.01497,0.05049,0.02187,0.01579,0.04862,0.01935,0.00635,0.01931,0.00503,0.00620,0.01283,0.26550,0.01467,0.01791
620,0.01197,0.03150,0.04528,0.01919,0.07326,0.00855,0.02455,0.03402,0.02451,0.00956,0.02424,0.17670,0.01107,0.35618,0.05826,0.01065,0.00938,0.01515,0.01878,0.03720
621,0.00645,0.02385,0.01717,0.01524,0.03977,0.00770,0.01164,0.37596,0.01649,0.21532,0.09501,0.01822,0.02219,0.01254,0.00371,0.00554,0.00996,0.06974,0.00944,0.02406
622,0.01569,0.02411,0.02864,0.04347,0.03405,0.00934,0.02100,0.34959,0.03914,0.01450,0.05965,0.02228,0.00828,0.03082,0.00823,0.01004,0.04283,0.16169,0.04709,0.02956
623,0.01257,0.05747,0.04382,0.03438,0.06243,0.01469,0.02310,0.05842,0.03775,0.01036,0.04693,0.02769,0.01039,0.01110,0.42517,0.01335,0.01731,0.01800,0.01465,0.06043
624,0.01934,0.06023,0.00547,0.00611,0.10540,0.00261,0.07847,0.13275,0.00332,0.13871,0.03528,0.05100,0.00160,0.08444,0.00198,0.04723,0.06942,0.14480,0.00722,0.00461
625,0.10981,0.03735,0.03153,0.03239,0.02637,0.02327,0.02418,0.05722,0.01805,0.15425,0.29951,0.01984,0.01052,0.02041,0.00849,0.00777,0.01894,0.04598,0.01752,0.03660
626,0.02066,0.03199,0.15931,0.45096,0.02834,0.02812,0.02437,0.03535,0.01624,0.00890,0.02940,0.01887,0.01336,0.02757,0.00759,0.01057,0.01329,0.02255,0.03115,0.02142
627,0.29356,0.04389,0.02595,0.02572,0.02346,0.17227,0.02093,0.02208,0.02001,0.00655,0.02707,0.01907,0.00808,0.01904,0.00607,0.20651,0.01298,0.00550,0.01991,0.02135
628,0.02563,0.03275,0.03322,0.45928,0.02374,0.03949,0.02856,0.03586,0.07151,0.01061,0.03854,0.03385,0.01453,0.02935,0.01160,0.01029,0.01307,0.03654,0.02546,0.02614
629,0.09993,0.07180,0.10688,0.11605,0.01605,0.01605,0.02649,0.01243,0.00646,0.04919,0.05519,0.07317,0.00268,0.08602,0.03240,0.05516,0.09701,0.05910,0.01222,0.00573
630,0.10777,0.25850,0.01104,0.00954,0.00926,0.00608,0.01343,0.01011,0.01011,0.28340,0.02405,0.01011,0.00382,0.00687,0.00309,0.00327,0.08114,0.13100,0.00921,0.00819
631,0.00867,0.03046,0.02059,0.03209,0.08999,0.00569,0.01901,0.12270,0.02433,0.29893,0.01943,0.01852,0.00844,0.02366,0.00662,0.02486,0.01074,0.18784,0.02572,0.02170
632,0.06904,0.05691,0.06165,0.04028,0.02285,0.05630,0.03306,0.05328,0.03071,0.06975,0.06083,0.08715,0.00100,0.07570,0.02982,0.07365,0.07144,0.06239,0.01975,0.02443
633,0.04331,0.03655,0.06849,0.08667,0.05103,0.04832,0.06425,0.05511,0.02606,0.04928,0.04807,0.03749,0.03430,0.07764,0.01452,0.06258,0.05858,0.05148,0.02349,0.06279
634,0.05806,0.08809,0.05014,0.05222,0.02180,0.05234,0.06332,0.02338,0.06317,0.01035,0.03493,0.07503,0.06188,0.05675,0.06310,0.07970,0.06195,0.03374,0.01985,0.03018
635,0.01686,0.03295,0.49151,0.03743,0.03052,0.04731,0.02741,0.02718,0.03756,0.01019,0.02798,0.05767,0.01209,0.03032,0.00797,0.00858,0.01407,0.02065,0.01804,0.04372
636,0.01249,0.02198,0.01202,0.01901,0.01650,0.00669,0.01066,0.16339,0.01077,0.24194,0.26133,0.01043,0.00629,0.04697,0.00545,0.03369,0.03984,0.05370,0.01561,0.01124
637,0.05448,0.03984,0.02423,0.05427,0.05625,0.05613,0.04552,0.06111,0.07086,0.05149,0.04992,0.05006,0.04087,0.04202,0.04530,0.05751,0.04903,0.03183,0.04452,0.07473
638,0.06624,0.06586,0.04657,0.04127,0.03372,0.04947,0.05953,0.05006,0.07936,0.05162,0.04486,0.06017,0.00106,0.03835,0.06340,0.06979,0.04543,0.03433,0.02891,0.07001
639,0.01042,0.04105,0.04163,0.02618,0.04891,0.00656,0.01992,0.14332,0.02454,0.27355,0.07174,0.01757,0.00902,0.02564,0.00625,0.03297,0.00968,0.14919,0.02461,0.01723
640,0.06091,0.04891,0.03636,0.03722,0.02599,0.04285,0.08717,0.02033,0.10809,0.02703,0.03376,0.06665,0.02249,0.09781,0.11496,0.04166,0.05613,0.02785,0.01429,0.02954
641,0.05439,0.05378,0.05548,0.05236,0.03671,0.05310,0.07142,0.01242,0.08531,0.01584,0.03939,0.07054,0.00343,0.08718,0.07862,0.06598,0.06304,0.02892,0.02627,0.04581
642,0.05427,0.01780,0.02031,0.08702,0.00797,0.05536,0.09917,0.00916,0.12285,0.01362,0.01104,0.02005,0.13171,0.05785,0.10088,0.09682,0.05763,0.02071,0.00887,0.00688
643,0.05380,0.06971,0.03721,0.07391,0.06579,0.06057,0.04513,0.04324,0.00632,0.04889,0.05820,0.05783,0.04914,0.05945,0.01910,0.05009,0.06649,0.05408,0.02029,0.06077
644,0.04741,0.04381,0.02541,0.04606,0.01974,0.02295,0.05219,0.04988,0.07381,0.06759,0.03802,0.09329,0.00172,0.06953,0.11420,0.06630,0.06388,0.05912,0.01176,0.03331
645,0.07424,0.20511,0.01070,0.00855,0.01611,0.00351,0.01127,0.19351,0.01290,0.12443,0.02333,0.02244,0.00418,0.01161,0.00370,0.00458,0.02160,0.22684,0.00807,0.01332
646,0.05725,0.03532,0.07045,0.04489,0.03280,0.04657,0.10073,0.05240,0.05256,0.04067,0.04129,0.03931,0.01152,0.05999,0.04481,0.06862,0.05495,0.04476,0.04448,0.05663
647,0.04737,0.04553,0.05827,0.03463,0.03578,0.06195,0.05376,0.03353,0.06374,0.04173,0.03394,0.06655,0.00203,0.03635,0.06917,0.05915,0.05138,0.04903,0.07247,0.08364
648,0.01643,0.03318,0.03213,0.03348,0.05637,0.01886,0.03157,0.03767,0.05147,0.01629,0.03526,0.02609,0.01244,0.02717,0.04880,0.01026,0.01649,0.01296,0.44001,0.04307
649,0.01521,0.06537,0.03929,0.02382,0.05324,0.00718,0.02441,0.05640,0.02869,0.44007,0.04169,0.02145,0.01159,0.02628,0.00902,0.03120,0.01483,0.04577,0.02275,0.02174
650,0.05431,0.07551,0.03612,0.05668,0.05275,0.06982,0.05277,0.03906,0.05627,0.04444,0.05982,0.06170,0.00052,0.05466,0.04286,0.05699,0.05968,0.05464,0.03474,0.03667
651,0.05981,0.04836,0.02447,0.02597,0.07058,0.03616,0.04690,0.06068,0.07581,0.06346,0.05966,0.07789,0.00094,0.06421,0.05443,0.04539,0.05009,0.05585,0.02637,0.05297
652,0.07309,0.05379,0.06939,0.06773,0.07597,0.00176,0.09098,0.00874,0.03924,0.01438,0.04241,0.08641,0.00230,0.09342,0.02545,0.07669,0.01417,0.03690,0.05400,0.07316
653,0.18235,0.02158,0.01463,0.05065,0.02850,0.42032,0.02135,0.03337,0.02314,0.01197,0.05364,0.01669,0.01361,0.02343,0.01835,0.00660,0.00951,0.01068,0.01908,0.02054
654,0.03954,0.09188,0.02731,0.03241,0.04306,0.03021,0.06869,0.04827,0.04088,0.06496,0.04538,0.05918,0.03986,0.07734,0.04251,0.04054,0.06835,0.05003,0.05713,0.03247
655,0.01912,0.04652,0.25919,0.09253,0.01964,0.03352,0.02048,0.03477,0.02023,0.03747,0.02631,0.15809,0.01351,0.04237,0.00505,0.04288,0.03893,0.04630,0.01647,0.02660
656,0.00804,0.02691,0.01787,0.01875,0.01966,0.02157,0.01284,0.02011,0.06366,0.00796,0.02237,0.01211,0.00644,0.01997,0.66355,0.00573,0.00576,0.01084,0.02091,0.01494
657,0.01051,0.06494,0.01861,0.02486,0.03156,0.00598,0.01599,0.01513,0.03002,0.58982,0.05027,0.01490,0.04090,0.02159,0.00466,0.00712,0.00798,0.01025,0.01997,0.01495
658,0.03783,0.08615,0.01201,0.02485,0.00392,0.08402,0.11774,0.00313,0.10277,0.00467,0.01512,0.08701,0.00096,0.09026,0.13439,0.07762,0.10336,0.00300,0.00476,0.00644
659,0.00806,0.02092,0.01357,0.01804,0.01764,0.00839,0.03410,0.01432,0.02924,0.02635,0.02044,0.01962,0.00428,0.03385,0.66288,0.01230,0.00598,0.01157,0.02110,0.01735
660,0.01235,0.10753,0.03615,0.02815,0.03056,0.00664,0.02599,0.03427,0.03242,0.03889,0.40310,0.02477,0.01139,0.01950,0.00762,0.00946,0.04361,0.08009,0.02133,0.02617
661,0.39955,0.18894,0.01691,0.02413,0.04362,0.00445,0.02084,0.03408,0.02892,0.01022,0.02590,0.02256,0.00521,0.01919,0.00659,0.01109,0.01492,0.06059,0.03936,0.02295
662,0.02839,0.03626,0.03480,0.02273,0.01274,0.00759,0.01342,0.19382,0.02399,0.00488,0.02385,0.01509,0.00622,0.02312,0.00752,0.00518,0.00764,0.49446,0.02478,0.01350
663,0.01264,0.03024,0.03135,0.03456,0.02960,0.02650,0.01712,0.06545,0.02628,0.00908,0.05003,0.02408,0.00909,0.02225,0.01460,0.52335,0.01092,0.01624,0.02306,0.02355
664,0.01326,0.02176,0.01940,0.06025,0.02359,0.53236,0.02805,0.02462,0.03620,0.00953,0.05588,0.02503,0.01269,0.03828,0.01460,0.00787,0.01435,0.01372,0.03130,0.01727
665,0.00783,0.03540,0.63159,0.01895,0.02423,0.03525,0.01385,0.02124,0.02652,0.00847,0.02327,0.01253,0.01419,0.02185,0.00922,0.00650,0.00976,0.01092,0.03500,0.03341
666,0.01547,0.02636,0.58938,0.01693,0.02772,0.03294,0.01498,0.02273,0.02702,0.00931,0.04281,0.03608,0.00633,0.03106,0.00930,0.00680,0.00808,0.01104,0.04971,0.01595
667,0.05405,0.22800,0.00801,0.00697,0.00882,0.00208,0.00462,0.01069,0.00801,0.00280,0.02757,0.00539,0.00215,0.00660,0.01363,0.17949,0.05025,0.36676,0.00713,0.00697
668,0.09762,0.04321,0.01994,0.02069,0.02043,0.00606,0.01665,0.05745,0.02740,0.00526,0.02516,0.01674,0.00550,0.01661,0.00540,0.00760,0.00949,0.56144,0.01732,0.02004
669,0.02810,0.10073,0.01335,0.01199,0.01561,0.00461,0.01128,0.32438,0.01684,0.01526,0.04511,0.01399,0.00493,0.01864,0.00469,0.00517,0.00538,0.32757,0.01534,0.01703
670,0.00955,0.04237,0.02895,0.08002,0.04362,0.00734,0.02051,0.02485,0.49985,0.00823,0.04433,0.01888,0.00732,0.02038,0.06068,0.00779,0.01039,0.01750,0.02236,0.02507
671,0.00919,0.02640,0.02715,0.02432,0.03263,0.00618,0.01287,0.02431,0.04501,0.01440,0.02901,0.02063,0.59171,0.02053,0.00673,0.03721,0.00831,0.01111,0.02646,0.02583
672,0.01064,0.01325,0.00965,0.01581,0.00766,0.00566,0.00598,0.36928,0.01192,0.10548,0.05128,0.01126,0.00285,0.01088,0.00394,0.00514,0.03701,0.30179,0.01293,0.00757
673,0.01224,0.03242,0.54461,0.03820,0.03073,0.06728,0.01624,0.02392,0.03044,0.00899,0.03764,0.02618,0.00630,0.02217,0.00944,0.00733,0.00963,0.01346,0.04160,0.02120
674,0.00970,0.01959,0.56882,0.09991,0.01507,0.03350,0.01206,0.01510,0.02239,0.00557,0.01944,0.05722,0.00645,0.02541,0.00773,0.00583,0.00636,0.01846,0.02540,0.02598
675,0.00475,0.01110,0.00997,0.01350,0.01700,0.02486,0.00867,0.00957,0.01827,0.00328,0.00791,0.00895,0.00313,0.00939,0.80610,0.00590,0.00329,0.00588,0.01856,0.00992
676,0.01162,0.01225,0.01763,0.03232,0.41680,0.02478,0.01429,0.01396,0.02945,0.04273,0.03790,0.01338,0.00459,0.02615,0.01063,0.03089,0.00850,0.02128,0.06481,0.16603
