site,A,C,D,E,F,G,H,I,K,L,M,N,P,Q,R,S,T,V,W,Y
564,0.08307162231082116,0.04151431148714449,0.047072579415997746,0.05992366118173257,0.014773270460184606,0.021652716706357468,0.057197454857900065,0.03136370572748486,0.0941396197724406,0.0548433126367198,0.05375737088320593,0.08953403909303087,0.005586876320838499,0.08731075775536774,0.09616920409012766,0.06296655191165924,0.030703214160733103,0.037432862305261855,0.013106808864138852,0.01788006005885289
565,0.006067029200969258,0.008998747956670886,0.01059338589257911,0.011865279744720326,0.011291926395565385,0.0031576183953325302,0.009547607575970458,0.011803027949677213,0.01093854280678794,0.7583228031407273,0.08407409055260129,0.010309099477067617,0.010333561225249026,0.013263602296789198,0.0026320439279392386,0.003567221991882833,0.006840622440886578,0.003961071665890993,0.008247172330335447,0.014185545032357253
566,0.5903847770064112,0.08654075932751105,0.01283447250810804,0.014686535965678435,0.042954285421091566,0.003980702608318714,0.01854249314629279,0.03359361145679958,0.014857111774890368,0.00616719317333867,0.014862188879946728,0.019986294796377684,0.006871785310266672,0.013182657126417233,0.004429188823480332,0.031559060574843825,0.012028413707833523,0.029840914680471207,0.018003664183594753,0.024693889528327642
567,0.03444691815845653,0.043702985427487136,0.025771311072288562,0.09308347592410954,0.009788800865777918,0.0011713460110028178,0.035269438876246895,0.05902480341084288,0.04944248246448238,0.08891845538920551,0.11243843250652892,0.05438959006765956,0.001546173979699093,0.10434602668664555,0.09862661449387061,0.025971080271303976,0.04635935171419641,0.0262158189426786,0.02539820472932441,0.0640886890081927
568,0.42824243301223863,0.014989476306897419,0.010934308045936056,0.015124458331974067,0.014825257269856855,0.014096271385940337,0.021733514427112438,0.02022771048629473,0.01970573737697355,0.006078464636684709,0.019745807768394713,0.016538684759618685,0.009700537464672174,0.02174366383179581,0.006023107422202559,0.24880216944546746,0.047533444184769964,0.027292916035296773,0.015361000446935422,0.02130103736093767
569,0.016002329247086486,0.006479430882793125,0.007729007911786016,0.008106970350256966,0.011056798884958814,0.0011459780075529205,0.011145429764017334,0.4939923056668175,0.014373180336971544,0.05336925469989148,0.10229167363139607,0.013394476533855403,0.003485195543001358,0.0140252616446663,0.0023663161025258388,0.003966119762267495,0.008203156974394244,0.2108263316306015,0.00439920293618813,0.013641579488971435
570,0.0070735074613154526,0.013412644836444339,0.017768935960882117,0.01114767127680371,0.02458542264097139,0.0031032684349124023,0.01816147504141435,0.4585584383449412,0.016322486697652225,0.0052817229268499345,0.16364622482120894,0.03182445006700213,0.009925801216054467,0.019405733481797045,0.003387075272590875,0.009896983873253825,0.11967608891558057,0.040155278255015706,0.008485888862664832,0.01818090161264447
571,0.007199941335740599,0.005376818869338721,0.006563224931342855,0.032990491008341505,0.012507841148687589,0.020507192573617213,0.22305510277115825,0.008826991492071397,0.16766351990178396,0.01732267535015542,0.02601022748394092,0.12669271806655943,0.0026372504565151124,0.06624663703331794,0.15108392934566195,0.011299039503777525,0.04325001269243195,0.00760555883712757,0.03231734240308569,0.030843484795344482
572,0.0014699581138353215,0.027645673785753347,0.002537240341567697,0.003186493926491387,0.1342152375860751,0.0008812229242970355,0.0196077275488512,0.006755245757304026,0.004174080710184149,0.4418281414163644,0.15562355246647278,0.008117500214323703,0.0016729917560296722,0.1005565615263697,0.0012471852810451854,0.0018305665412909954,0.001847801479643807,0.0012599481862796676,0.0020246392910492263,0.08351823114677157
573,0.17152773529891754,0.026133892719743167,0.015159226775517056,0.009468399695649797,0.012266787549250553,0.0043801105191378364,0.014267371546392413,0.021052502060934578,0.013184694865072252,0.00401883586863027,0.009940313215317494,0.015500625785459875,0.011038793760389479,0.010567722593088753,0.0030452632293272576,0.014037983873337564,0.6179389407154978,0.004654005978491839,0.007603732175210407,0.014213061774634007
574,0.007066606974698985,0.061916283883971884,0.022424005993712727,0.014548512270609834,0.019730534118029476,0.004366003404876938,0.0487569207143446,0.019368858779377975,0.018183909758679742,0.005613326566539143,0.01698926780001412,0.024308271474509462,0.008145298620532199,0.01784210340081124,0.006539305555479964,0.0069676358364355135,0.007838540380449843,0.006179286428636861,0.010659868270069692,0.6725554597682197
575,0.013853960898240932,0.020895697995023877,0.009671359502696007,0.012792033908130699,0.00782773374742306,0.0026346514289267583,0.0895943868517363,0.008454313048163365,0.008931085264988774,0.009852664967934625,0.2868484758056925,0.0076654119260464865,0.006176603095398372,0.24950341920599708,0.0340323781045608,0.003047579191666588,0.005651408555222071,0.0036545949628880702,0.20847089707861477,0.01044134446064888
576,0.01619293634206702,0.024291420025525062,0.04807623524324933,0.031582952675272453,0.02094819558400888,0.013702884624284404,0.04679431529880479,0.057157528301426175,0.02961772327082832,0.008710686149108868,0.02656491915344981,0.45550896594563894,0.012484577984249623,0.03403435488889231,0.008713835845073965,0.078056623890956,0.015990490390782954,0.010852670520615747,0.024852952753580335,0.03586573111218511
577,0.01414973690494904,0.02479916179111262,0.022024098043556914,0.0746209193607645,0.027769556924367236,0.011367122804821278,0.025718466969059817,0.021534952963136452,0.4652205668095985,0.008304071105718557,0.02067484672808994,0.08562553414639343,0.014083816249163213,0.03459940560950206,0.06795621997897988,0.009459179536849254,0.015702352268559525,0.01138684901876718,0.02476310481085922,0.020240037975751368
578,0.047929178561604356,0.01197931284317199,0.014665879313946997,0.017347936976231437,0.01456620033647291,0.0066093087843671966,0.012552289638772751,0.21376135942925972,0.017218501790364875,0.07435527668276576,0.04221781610235645,0.017259736065412225,0.007185608618952201,0.019697881315385447,0.005404060058004751,0.005040845047127137,0.008399694044457784,0.4395902358223377,0.009914690818019456,0.014304187750988913
579,0.10052802461104135,0.11930725804091037,0.01768041857277061,0.023328088242157593,0.014611580718005245,0.010854429754746655,0.017275324030312164,0.026013635252006284,0.01845343872532686,0.007282767254325701,0.01745559187520041,0.02039605600883566,0.008864352930104402,0.022359770462410312,0.005492893620751385,0.005538091639975227,0.010164791943434474,0.524127879719028,0.01257076361310135,0.01769484298555589
580,0.02670292249104357,0.06922078959720784,0.021560400283721984,0.06978829081423257,0.019780035282651185,0.032114048721412186,0.012853052627329864,0.013638526011293287,0.24144104824656998,0.07019258758808017,0.07178509084882093,0.011383561068430607,0.0062553142253739015,0.10507877409050846,0.14146084539295675,0.025938875668081264,0.028171401281828927,0.0081339278508809,0.010607061765220612,0.01389344614435502
581,0.03732414992397669,0.02389755181558705,0.016301201397434274,0.0074145511375000184,0.009251456298043501,0.0035160205847940434,0.01725928942628195,0.05790840934131802,0.013601606748171164,0.14845767144076383,0.09720684993832057,0.014690220499570044,0.007084885715051933,0.016502779490836,0.004444509271192057,0.005281945801576301,0.20931842218030508,0.2868598975995263,0.008116313556489056,0.015562267833262125
582,0.010637984240274566,0.019168798460687714,0.018089542907646215,0.02012542201038577,0.0671983747184297,0.006867177098374292,0.06943805825623375,0.015496609469348912,0.02443744728975807,0.4683314358386455,0.02179567176337939,0.01781135919490105,0.11084155111610879,0.024692752285357708,0.006138961148836984,0.006060198470638449,0.04887254306823627,0.008870177060127552,0.015103507866821594,0.0200224277358078
583,0.011034292751378157,0.019275705287938837,0.022257449979296344,0.01852459129859431,0.020685307068887906,0.014638257516286106,0.055259794206605414,0.028206380602132826,0.0839239825278234,0.0072417982033485305,0.019303758056233834,0.025071116288829128,0.010471659135990498,0.029413655885211016,0.5605771167579082,0.0191178696172732,0.010415658309927791,0.009445034243742628,0.012704189078076559,0.022432383184515306
584,0.0159050537448029,0.03276618085289748,0.03180730663142883,0.027138827066026956,0.03255875019709068,0.014052369253595376,0.02119680277927432,0.046065870014216165,0.03247484947359129,0.010707949219656256,0.026296028334191503,0.029131250915091292,0.5087406255725522,0.03383691625387107,0.009621748027192342,0.0366365188414499,0.017292563233754804,0.012444906509091802,0.02806359795716026,0.03326188512306453
585,0.17556480022661175,0.13425093228446996,0.007640841033078941,0.007629230980386131,0.13939677458349953,0.04864067411348173,0.05491392155981498,0.03711856207381869,0.01002247513299842,0.005891263277769869,0.03237033839061595,0.011762429052013622,0.004570507048264815,0.009108700133413467,0.007484924271751885,0.07329951175025518,0.04768984264979031,0.04037067514966322,0.006209860409251769,0.14606373587904983
586,0.05115618615937492,0.03166340933051116,0.08896726044346309,0.060887897597080895,0.04381063403775656,0.06422253225285031,0.03439209665419659,0.07746000045678887,0.025949986440827175,0.07139404122986168,0.0328669273221002,0.036759529520352836,0.04462143443026943,0.06710845545122723,0.008925781447436717,0.06065703780471316,0.06008929853441472,0.08577476924774385,0.026970964284361514,0.026321757354669018
587,0.031964681417036525,0.04012592203600852,0.03747609095240648,0.1943615499319417,0.014078796441146905,0.2534641814703418,0.043157727937954325,0.01963941913107835,0.019446876635467653,0.007911705330397978,0.020812358549944742,0.03694883790814541,0.009762829194792667,0.14720666984177164,0.011243574331973018,0.04495165967045008,0.01543305398658302,0.004664282638385752,0.008549714019428533,0.03880006857474482
588,0.012721523320877469,0.022981294277174064,0.018872751236230917,0.12038345173943236,0.020672558073571278,0.5035015466727393,0.030500176165238375,0.03114075464555113,0.03059259340924333,0.007317847809517892,0.02494657748515335,0.02575014070513388,0.022731140513996186,0.03766759396604638,0.012496821861888045,0.008888441990026395,0.014964558293154342,0.01834989949953986,0.015374422581848925,0.020145905753636655
589,0.026535174449351478,0.027431769855663736,0.008866534193716712,0.01414768349328451,0.013720524922804905,0.06982808333568816,0.06189520794076374,0.09184409942651674,0.143731086431545,0.06009225782398454,0.07797396437417192,0.019930086720015214,0.0033531701920498794,0.03725346234483157,0.16786492060692992,0.012917007468518248,0.05179132248783146,0.09285922399337948,0.007879229108332267,0.010085190830620566
590,0.03258125127862586,0.42771397231855374,0.015148446537884608,0.015879482534416307,0.01272593632878183,0.004772696597370364,0.010504075095139925,0.06674497368208279,0.012179663367218941,0.0035259139069785555,0.021978043988558404,0.0201678794050403,0.01633427627595252,0.010557212548441395,0.0034145284767328637,0.008491997146525588,0.2379378140655209,0.06098352248819442,0.008371229795119693,0.00998708416286092
591,0.04549281769985891,0.1020715428878528,0.026583866992035677,0.02594104504293429,0.021365351964985662,0.010169769793689961,0.02017619195144352,0.0786128382289601,0.02869497121326311,0.0400942158000783,0.028015304440073503,0.03951127047039092,0.00857699148528851,0.03246538221808521,0.007714567048329388,0.007682139309568199,0.010563663279015341,0.419805383827242,0.023870245516551997,0.022592440830352594
592,0.03200787281825991,0.020683725814118325,0.028158040359449337,0.025027351507260275,0.05722222294754483,0.007890910711828228,0.02083577977977577,0.04609892665691935,0.034347003242283576,0.015275918256455974,0.5012237567615779,0.0222466709944521,0.01269004936279602,0.02323728243180905,0.012636136217451098,0.008583717655299946,0.07251846232728593,0.021705573854040597,0.014259035974513438,0.02335156232687831
593,0.010125027391524051,0.020365011489267542,0.6190741518556999,0.026375580116588162,0.017734794456634218,0.030957764832653962,0.01825818449379271,0.02308307663668257,0.02831153229198813,0.00607350929427799,0.019630090248638005,0.050114569446554236,0.00865883903288416,0.02540849807057995,0.006893638274307905,0.00652596504937017,0.011369256923910588,0.014138654538670645,0.018957555183216204,0.03794430037275889
594,0.008460668688050836,0.025313824232030744,0.021883897312023507,0.025620391096936486,0.01424505419645428,0.009456860836368253,0.02035181008034108,0.3999134193663045,0.02188414760369319,0.010460595505923959,0.019599854723362474,0.025243697229362306,0.007887101563678158,0.017585237250402137,0.006686475326106052,0.006756238485088091,0.09791369146360084,0.22599380801244745,0.018161937611309773,0.016581289416515956
595,0.012937401790559898,0.023107636306576793,0.03676472700393342,0.023396395323843973,0.023505072197339154,0.01091387210107033,0.022216974300890972,0.404175010890814,0.028715432279730353,0.022852980188078433,0.01917839670893994,0.033181201999402075,0.010232636750584969,0.02988986930823166,0.008217255509541584,0.01061072882609275,0.05018449486034891,0.12993437725673798,0.07375481733931484,0.026230719057968012
596,0.010251890985096834,0.01965881196305656,0.019898509890021215,0.020774711730694933,0.01943359296588168,0.008415883000323263,0.017781478856391583,0.022241300995885175,0.02363336788836244,0.03208603022608413,0.01843681310949647,0.023089199411033753,0.07261048356932702,0.0236913010894622,0.007135157039883911,0.6039662095390107,0.013332147183549773,0.009913264385731554,0.014782239964344586,0.018867606206362197
597,0.011042421951015114,0.02321978019042064,0.033331628158169056,0.024530426792412397,0.018823083395319073,0.034883096807194515,0.021651485563790183,0.043912415753135654,0.09054902090457194,0.006574267501082477,0.024612746933677584,0.020089056401240306,0.01368232368518229,0.031360434394248037,0.5088683191795371,0.02821982677179123,0.012675704028884275,0.009408895579376757,0.01681927228415362,0.025745793724797607
598,0.04129978640097173,0.042121526293456654,0.018414981836167296,0.01459218751966144,0.01973809278371313,0.14973546862489698,0.00827965009086798,0.015172430585571198,0.12927142108089923,0.005283934022670819,0.019794009490915216,0.015900779575057297,0.006533883946442793,0.23815608222616863,0.18607180314076346,0.049480958625892295,0.006364476101750266,0.004700619694606012,0.011543131912385894,0.01754477604714166
599,0.013538520359338007,0.035540075285244055,0.5028954895582614,0.021784819107378364,0.03513234209897646,0.04085316766755994,0.02409761863145626,0.02571740466741944,0.04965938407076822,0.00951705193643122,0.03339681984011986,0.04544420364508511,0.011818584890885447,0.02818744397058677,0.008939990815492163,0.0110856958688952,0.014085866348834235,0.01889650527621647,0.03093233540488309,0.038476680556168236
600,0.014855602352952043,0.03414016131143067,0.02906831483088751,0.02131012408800838,0.025210142767415872,0.013879164741063188,0.04473039215427449,0.03242756548298637,0.02322185970122374,0.03571963654398692,0.024412311420749056,0.03399782269729932,0.01560366592160858,0.5334160002017909,0.018610927534399566,0.01111801897742255,0.012932282532365894,0.012599551989601722,0.030909232723641846,0.0318372220268915
601,0.013650169405106667,0.031010502692318493,0.031556411170797376,0.02678417546379429,0.03786824612127003,0.03257885319423674,0.030644001728095213,0.041825398602041146,0.10749896718603555,0.009717471785675188,0.02658943889644793,0.020856700152953662,0.01693698799461344,0.03059659818780168,0.41644773778278876,0.02712090773214512,0.019931585023218342,0.020406828142521347,0.02773150347468078,0.030247515263458275
602,0.013848230594056675,0.040101116997779594,0.026189336449514777,0.015122909175241154,0.037111414550230565,0.47590833525394377,0.02946600085430288,0.04917279978329353,0.03711131747347175,0.011130636313680222,0.03548384716214277,0.0406992813461831,0.013115189503879753,0.044359670845793495,0.020479928737486365,0.010759309249510764,0.015179172386560675,0.018766453491858695,0.032376460035406125,0.033618589795663366
603,0.018740560297744686,0.0604676456649517,0.03625845339591825,0.030319560089368258,0.03444888943954012,0.024039028602105477,0.02728261613737161,0.052306430631506445,0.036985343565934935,0.013561119927184884,0.03332002935380393,0.029217927167764113,0.01101075158138025,0.030699890835287662,0.03500811148599711,0.41891126510321564,0.015658994164007577,0.026530263769586435,0.02949275829212917,0.03574036049520188
604,0.012300625298234814,0.03340603857606829,0.02463292774895455,0.05049628604710115,0.034793297577096545,0.4702315108060591,0.025462322680992116,0.02798743107234679,0.03483225250226104,0.01151645106734451,0.03520701106090068,0.030594136526305795,0.015573073837174866,0.04066950089923789,0.007086174982461028,0.011747884928932889,0.014318681894011472,0.02862380439702625,0.05383089917422323,0.03668968892326691
605,0.018379848790626062,0.04126155284377616,0.04338431666876908,0.032305460453309745,0.030613038297964565,0.012231254598680331,0.02319494918635863,0.03216794620229824,0.03122999750319901,0.010278297244043397,0.03658171190175607,0.026136400487482166,0.014416524265865902,0.49609358368236467,0.04399533999567737,0.01136716840396478,0.013362005087762212,0.018747153341628017,0.030941755681571877,0.03331169536290159
606,0.08064531968900016,0.025860941221479725,0.02946396462532928,0.026433514378292795,0.04826257584437744,0.007400876400213317,0.024947073565616526,0.11750163327476394,0.032329905600054776,0.010286956226339579,0.028072619758306574,0.035993418913128884,0.008703478006222357,0.03168565146150009,0.0077880470958299275,0.010341177295544594,0.012572436513050704,0.4130534862074706,0.020411409717294188,0.02824551420618447
607,0.0073912322357094955,0.013684825716066303,0.01518991951215529,0.022727271159759865,0.018213087472937216,0.005444548607076349,0.01838138063253446,0.3647394825252004,0.025856365963869476,0.007022891253968345,0.016168665937423048,0.014654620928845292,0.007642224313952817,0.0192388611521962,0.00621375101651948,0.006173281921757461,0.00820686912707036,0.381967334491941,0.01946424375847002,0.02161914227254712
608,0.055595774384356034,0.024046099059998303,0.028164892114432946,0.03915560093854428,0.037640219714804884,0.012568399279484952,0.06453177661450221,0.043106984998385445,0.03713170106826873,0.013241759130411262,0.039959186991461074,0.03243717110251703,0.01666424397829416,0.03670857286131581,0.011983055024070946,0.011942896716235225,0.42320569580459594,0.016983839784289526,0.02896387128272975,0.025968259151301375
609,0.012887335383247251,0.058387697090216135,0.07551353176684783,0.026439831975407776,0.044208250903641645,0.0045593041997689645,0.132032287752992,0.036158484281210254,0.03440641129883141,0.011225628364844857,0.03664954017652615,0.034872432022150485,0.01352175023920072,0.03254122429393655,0.008865305662126483,0.010037313066213768,0.019386246915836396,0.01725854457052932,0.026259424135823745,0.3647894559006482
610,0.3268388416877218,0.040531962563277416,0.047175252789991365,0.02523453242101645,0.07972220629137446,0.005631270188824598,0.042312575791641806,0.04891323231974116,0.0406611023490924,0.015842752909605542,0.030027352286654135,0.037618995761602866,0.014033869034782601,0.0426313155459636,0.009929211627571951,0.044371787375789486,0.03203900534276839,0.020456039546377598,0.04449491221922505,0.05153378194697747
611,0.014103441382802605,0.032761766935564436,0.04486954055766759,0.022608124477117294,0.1450742376123716,0.007826631947393255,0.029391246331040025,0.020025534262677808,0.02466560172513277,0.28159000290249225,0.2208761343880408,0.0191129488366062,0.03405198227835832,0.022342186499338782,0.013164018486710857,0.00889245827635181,0.010203048473539634,0.010041193212538126,0.018721890888935062,0.019678010525320797
612,0.013685244194032133,0.03074851215373472,0.04889287569499009,0.024133799191227344,0.0355932343318415,0.011752418417248719,0.06374404158212858,0.07708683035903918,0.03664475363253999,0.012795445576839126,0.04841975885279959,0.3507209404110113,0.011693838737070132,0.04077789819650097,0.010806928870236909,0.09791602278515107,0.01435636037792133,0.017798943780312694,0.029023532568753903,0.023408620286620767
613,0.027010048117641603,0.0476169581142866,0.05682127163121266,0.03246470082392101,0.061686408821669744,0.015637370970303047,0.029874838287471346,0.03731602575680469,0.07390377718164637,0.014675714944410195,0.02626762474776881,0.03354370644422118,0.040298486466354595,0.039674927105065934,0.010900475424719648,0.049554282300681804,0.3159005675930516,0.017756193866526184,0.03396620861288801,0.035130412789355
614,0.02496176836882361,0.031783537049832014,0.03489803013553288,0.036801004748041405,0.36939524050825123,0.010098299594182684,0.03838098203458012,0.033993356468840163,0.03391926604747034,0.04087923960081625,0.024772824396859773,0.04239997406752064,0.015827719903371056,0.03288312351341278,0.011753832983386033,0.10238436362590408,0.022958272986533402,0.01537758925069547,0.02550867517264308,0.05102289954330306
615,0.05170209932507749,0.059547039433033994,0.022829396848142097,0.03249943353273669,0.028135279212141834,0.012578887437766903,0.0248534323796891,0.05949585464454094,0.042212012185512446,0.00980711487649549,0.028926753616790108,0.020605920389005397,0.015880081774688866,0.028620519090852004,0.008778618291103936,0.022154985939148344,0.46940865721169556,0.01389305241768591,0.024531636018645036,0.02353922537524784
616,0.01957616642953919,0.032152461182998415,0.010648431188393303,0.03739618445356646,0.048119058305703545,0.008692578240188644,0.057019252401946816,0.03772563193203074,0.03340753844425238,0.01315190211077297,0.039025496723123075,0.4126178749329297,0.019993142249642035,0.03756980406157198,0.009404837177611251,0.05283313743053902,0.025969274541914153,0.018614940519462414,0.033358402738151154,0.05272388493566274
617,0.017679778051164347,0.03938096914571956,0.027070421985341733,0.022582512779443557,0.023459637744164034,0.007727742424930479,0.03688622126403448,0.25556767319463963,0.030559923171342335,0.22615554012364697,0.0662999451690687,0.04814684225393242,0.013366542664224164,0.028092268640525355,0.009675484607265587,0.041385235434493885,0.018577220014951205,0.019047712359342158,0.015501816498632522,0.05283651247313683
618,0.0998216941746228,0.1110025622671288,0.01747499382572338,0.01905960565092801,0.017340363354423995,0.054353245796019314,0.018714629930376158,0.04021260324809482,0.01645778937505139,0.0072738808106923274,0.08537346546183158,0.017772070192978922,0.005076144693506869,0.014778343185836325,0.005183315380382467,0.11517131046442858,0.09451780130073702,0.2233135913197249,0.016219200075844365,0.02088338949166803
619,0.05316164054866813,0.3404314454392112,0.018646615092488928,0.025440135639282106,0.02361391662594926,0.005149032337827848,0.01614721770834094,0.04804448725937518,0.023545669547509425,0.019563121353153537,0.043005462465253226,0.020868701298254837,0.006840144987974463,0.020795115279117413,0.005418542559762863,0.006679220144595402,0.01575701416867458,0.27186058774157074,0.015762750182641512,0.019269179620348357
620,0.012234871167771354,0.032154199074865136,0.04676807240087414,0.020204581494942128,0.07560201390293265,0.008713917134855994,0.027001854952872453,0.03484697203548288,0.026490587519024722,0.009912140698323017,0.024658968790698153,0.1601212300556835,0.011240677507659535,0.34703720250240166,0.06975984636539749,0.010899155930206739,0.009566979488340302,0.015483918069459122,0.0191227750559992,0.038180035852209825
621,0.006754568596616554,0.02483431932047496,0.01782501650225292,0.016026834286179313,0.0381700763414667,0.008074480944240141,0.019005013505456452,0.36440409897382325,0.01717850667347183,0.2144378261363201,0.09390754843095017,0.018797068425023385,0.022264875809454562,0.013308685882686503,0.00389644138686882,0.005857118036346771,0.012507768796615644,0.06814299311810937,0.00985409664158654,0.02475266219205606
622,0.01482656362429522,0.02278529241204648,0.02725979510357986,0.040460387151935,0.031018893732298006,0.00880811798552622,0.019855030167071755,0.31519335004834786,0.03703640776004336,0.013272279393663863,0.07535825062572778,0.024874579571399408,0.00782343545542427,0.028785587435358084,0.007735333489107873,0.009611911515304973,0.05640621020096473,0.18635311279792885,0.04435906573617982,0.02817639579379662
623,0.012757813147402498,0.0585487969864439,0.04470920603045048,0.034789708584899715,0.06298502283761948,0.01398118039968984,0.02346671117313398,0.05940633576073459,0.03839690591916889,0.012110941371353842,0.04767775483885076,0.028229940066661748,0.009210093475369163,0.020661432403239085,0.41012619696800834,0.013597653666078735,0.017663202763612447,0.018299299562428394,0.012376777017449797,0.0610050270274044
624,0.02251844052055156,0.06321073726325717,0.010623986287602276,0.006568126025580292,0.10655092958489429,0.002687065811324902,0.07548630766820089,0.12431670782034623,0.003936681204193545,0.12646448256769882,0.035868851510243396,0.052187952124542795,0.0016962012881608867,0.09359257448506524,0.002094046666312828,0.04852250804567552,0.06972375893501098,0.14103258694664098,0.007724794083918173,0.005193261160779198
625,0.11698538518299337,0.03366743148666088,0.031170740963877643,0.03204196830949481,0.026083960370051215,0.023087775874397556,0.02400734107472219,0.05537589217171178,0.01670940461168356,0.14741415953653897,0.2811622391420557,0.0196816063105052,0.010408231987803338,0.020149902642594465,0.014254040722867792,0.007713077100762519,0.014615461035012545,0.071771040304142,0.017352649892612457,0.036347691279512026
626,0.02015819393090889,0.03160277294728571,0.17675803797403894,0.42087378970127415,0.028026040429802335,0.02765021873947181,0.024269053041245395,0.03492651691052911,0.013702075788182045,0.008780329942722428,0.029021447346401982,0.018665068389805577,0.013195898779328882,0.02835883896216009,0.007501689699150654,0.01041004940819381,0.013197189663436772,0.04081619267556114,0.03087507538486319,0.021211520285637154
627,0.2835589977181506,0.04562876834322982,0.02637049692227959,0.02592357938729644,0.023726321340786546,0.1658524337625237,0.02092762260808405,0.022344258364979618,0.020322678044922816,0.006589607884748252,0.027216473977582933,0.019226403165512447,0.008165588805029024,0.019336500771199132,0.006122744149353415,0.21637663622739284,0.014940950752669704,0.005462590795606859,0.020184121682872033,0.021723225295780232
628,0.02085629728940082,0.03304967336630427,0.03454653378113155,0.4455734057334608,0.02399684918325712,0.027706033638538182,0.028853210566785335,0.03682412022702461,0.09269098098056658,0.01072697554253552,0.03939069840971927,0.034246009688300466,0.014741567003869924,0.029265518162194932,0.011737322583406214,0.010466423062590716,0.013210011757440774,0.0401881635833474,0.025634039034542686,0.026296166405582775
629,0.10407249328383619,0.06750392891340376,0.10707090654495227,0.1198205410419553,0.01695470689998332,0.02070518419978271,0.029430812532805453,0.011094141102928407,0.009102386859565645,0.05192515629772866,0.04928576304489349,0.06717635765252032,0.002932923038458571,0.07998810364024536,0.02946870651261209,0.05410198214709128,0.0997776102140159,0.06013262183081298,0.012720835405316884,0.00673483883709152
630,0.11980316982596201,0.2693839877220537,0.011147584756196094,0.009732996411801134,0.00939291954552541,0.004917168395725294,0.0136031504588966,0.010294556937067536,0.010190645507156305,0.2653992848743954,0.025070859307725738,0.009741373945601955,0.003880342532331339,0.006981672857276502,0.0031475276820284864,0.0034929651078188257,0.07964403850457016,0.12650642131985876,0.009392817960732162,0.008276516347276566
631,0.008988906019980767,0.03134865142135589,0.021337758895575258,0.03313723202332819,0.09520192772100493,0.005911807381085151,0.019856688001814435,0.10789068088559832,0.02523104161285299,0.29677312964550423,0.02079090205970869,0.019198699514638123,0.008716785517756375,0.024300263889146148,0.00686775446529839,0.021097991191712743,0.011510716593056462,0.1925265232319931,0.02674096066277489,0.022571579265814948
632,0.07024539235689814,0.05910461515034328,0.065096116171075,0.041734959977434476,0.02212606933818783,0.052252208705869656,0.033437168554517255,0.05262768054156017,0.029586309637960526,0.06744623725958929,0.05862484424127912,0.09162432013860654,0.0010414817883175715,0.07475794578045573,0.029274545002156815,0.07329321200306889,0.07270156403594573,0.05916232001514497,0.01980518799526462,0.026057821306324384
633,0.04322109691700433,0.03313328817928666,0.059463043497940044,0.0869214299833042,0.051695240651594615,0.052681905780615206,0.06441855617213366,0.05820642705729457,0.02042977785695438,0.05099071665036023,0.04927917291834008,0.03605687975979919,0.03273565304047258,0.08588470798926683,0.013198602822405057,0.06409847795590702,0.05858813129408132,0.05330868955215088,0.022078041594955994,0.06361016032613313
634,0.058584189793253034,0.09482508100526653,0.05001188832962681,0.04994279840654217,0.01793961369510573,0.05265483709161183,0.06500871586010995,0.0252519822681781,0.05953813268950733,0.012668015215275746,0.03546347202934698,0.07208234171664368,0.0587418145239132,0.057354822650775884,0.06457160840499628,0.07649885985489752,0.06329837505664968,0.03424788962587513,0.01951117625348809,0.03180438552893636
635,0.015356289011020704,0.03289018282229818,0.46724681456492395,0.03457850929611095,0.030624908357211576,0.04478968296604793,0.02741416957838509,0.027201626385365336,0.03754079975516603,0.010198025900704715,0.028120057601354893,0.0766184485908069,0.012119972115841628,0.03050364167161069,0.008019535089383651,0.009340656970966426,0.014121614929656369,0.02808445174143153,0.018080418707274115,0.04715019394443937
636,0.01579674946555707,0.026559209994648343,0.01279747039520578,0.020353324388228712,0.014309896378730603,0.0071141725136543614,0.011427860092177921,0.13649882592900203,0.011494801293727784,0.24248648060345518,0.24935381265504436,0.011155200576558071,0.0066963467441270635,0.059456526195176544,0.005776267264371789,0.031237772503042875,0.0445967867955152,0.06426109349792299,0.01658329338179722,0.012044109332056002
637,0.05205551000097403,0.03868397461103502,0.023609758423343438,0.054587297042184874,0.05649748750486264,0.056421189487753494,0.04629999085213604,0.06124181618117416,0.07767599685228288,0.05260243317843996,0.05088853443909572,0.04487147769025556,0.0403395060296602,0.04191925014281229,0.04502516634711358,0.06050779823615214,0.04849433169646121,0.032097009802480404,0.043076476448282365,0.07310499503350006
638,0.07237159815555637,0.06806458355293155,0.04324656039333842,0.03970562133238388,0.035337615422982804,0.048078420038775764,0.05777563952910931,0.0465413681752028,0.08158160342317185,0.051776665046873005,0.044885324234074375,0.06301740905293438,0.0011819183700079092,0.03844663329229758,0.05961488701924836,0.07879988119481618,0.04421301541877462,0.033133985413094064,0.02781903342089264,0.06440823751353413
639,0.010413779611605327,0.036250698789016794,0.04156687107700278,0.026213357565007964,0.05431461801562752,0.006556687995329643,0.01990573571569856,0.1470400899330954,0.024493168835179147,0.25997098522802037,0.08325531805188706,0.017566821641924486,0.009202967937762912,0.025619971439233932,0.006252062713919184,0.035475419319929855,0.009669114799453444,0.14671325187266615,0.02233722304702043,0.017181856410619083
640,0.05790747725201552,0.05278670132791992,0.03889426687096827,0.035639511605901196,0.023028216838428973,0.03863155648889296,0.08340070086325693,0.020238144461588108,0.10998105143665801,0.02722767587790877,0.037816304776084025,0.06576928266110559,0.027267849907513075,0.09918585682432951,0.1132410426780041,0.04386799809674471,0.053149972186063335,0.027704058021261427,0.01168033364839676,0.03258199817695881
641,0.05166585922513519,0.05285686823083505,0.06100985839034122,0.06070838246928692,0.03392494897687402,0.051700185570480034,0.06576847067916557,0.01406828482705736,0.08213563850555525,0.013198097259463117,0.053514280264499586,0.07487409081683344,0.0029812427491098734,0.08903680498427555,0.07118414020129976,0.06639823574881475,0.06179647739389035,0.025894063161325573,0.02033343091475302,0.046950639631004404
642,0.04404542900743533,0.0156796933652437,0.024162361051780764,0.080678238024824,0.008349548050910916,0.061165247762516785,0.10162263825380508,0.00958505364385566,0.12020789791509218,0.014034071959497345,0.01180723187526621,0.02227406042481391,0.13073973218552587,0.05690800202291779,0.1032513951065133,0.10012775515233051,0.05411390069503579,0.023712441461551798,0.01030398620164628,0.007231315839436768
643,0.052888289545103245,0.07000171862209144,0.032122523729541524,0.07552499856409753,0.07360043649631418,0.06048543678383838,0.049678218204214517,0.034804844078594056,0.005719606176465307,0.04838967048299511,0.06194934131545471,0.05365616922294844,0.049951261521720296,0.05966365915942224,0.018507824661394605,0.050798100688281084,0.06967593933080508,0.05876538531283563,0.018117702851028424,0.05569887325285419
644,0.04493267107507795,0.03675142085028832,0.023432983111462413,0.05087229421123229,0.020253228049359546,0.024462087411422063,0.054265167379228756,0.05050994189362626,0.07169098295315923,0.06944345126807813,0.04456594521361101,0.09394850988012449,0.0020600084161104784,0.06645286651012793,0.1141171513113509,0.06529803145658192,0.060530043309892756,0.06220181354955182,0.011632449510836118,0.03257895263887759
645,0.08665820709234226,0.198726178541056,0.010802416884815638,0.00911281841714528,0.01625048060810644,0.003204094846694256,0.011190894632973823,0.17938611009830027,0.012906577514657321,0.13174861296348217,0.03780016394597347,0.02270198595700624,0.004175051750843024,0.011678503182181438,0.0036926975721088295,0.00461012370163683,0.01941346254405762,0.21435205965910917,0.008170926487095461,0.013418633600414486
646,0.05499028318170188,0.033062377822724635,0.06931746178226691,0.04529141194403824,0.033100898785502965,0.048989804458406186,0.10006556572642052,0.05647302139664095,0.04987820286079635,0.03955366764506659,0.04364212495745808,0.037084450081206595,0.013111478034505573,0.05422640985217333,0.04486117159499209,0.0702993636130915,0.05499686891637595,0.04821484921051658,0.043307864415627374,0.05953272372048769
647,0.04906650783301416,0.05375481487812762,0.055597971141961265,0.040879496123180786,0.03547174413488732,0.05508424265515872,0.05185384373365663,0.029301060548849005,0.06221579588749496,0.04323245337699534,0.03578221497542847,0.06436391188373349,0.002205532256707078,0.03260381684031503,0.07027514756663542,0.05660997001711072,0.053014960421805056,0.05010248015319211,0.07137971178703172,0.08720432378471515
648,0.015902526281300337,0.036491692300247784,0.03098166566887058,0.0322072572834153,0.05259897087617051,0.020709755694449487,0.03046614337918717,0.03645266188132398,0.04951087504998606,0.015267162549640048,0.03416098988520012,0.02532617553798628,0.01199099912116736,0.026217797119817293,0.09133079789391373,0.009918247003423655,0.015922580954917595,0.012541141975671057,0.405366144312983,0.04663641523032866
649,0.015128432213843475,0.061097546531929794,0.03920664752749325,0.0237973135888566,0.0582191523715887,0.007205276053517562,0.0242607743513111,0.04716066945898213,0.02862784567915623,0.4170921503421867,0.061947685813898784,0.021343900226820856,0.014252359884048873,0.026190527902114166,0.008989749828618108,0.05209641577229784,0.0148111395974777,0.03311587108227306,0.02366517203626313,0.02179136973732201
650,0.05154188385906025,0.0802086638632393,0.03652145559709652,0.05733720377900003,0.05170355157643729,0.06717370400171657,0.05201567627500313,0.03928777707242201,0.05794976409425263,0.04235910195700592,0.06037261711513586,0.060870537745368734,0.000637899308254856,0.05445687998313748,0.04565140682502279,0.05796915192570076,0.0599477692963292,0.05464697433426739,0.03416492760789325,0.03518305378365603
651,0.060198139365160525,0.044101836001594105,0.026306681272166045,0.025641993016669393,0.06916778708671742,0.037421265150099775,0.04666259772793524,0.061632097643909374,0.07634367240095011,0.06022785077283355,0.059203594438387235,0.08105748458837952,0.0010400362589138667,0.06470049872025017,0.05598515065170971,0.04661746595458134,0.05391705345206542,0.05475965703662985,0.0240696844576007,0.0509454540034467
652,0.07446200232344996,0.04964996033021362,0.07782122795594905,0.06393212536032085,0.08000776209197448,0.0017564865888682717,0.09250879226783457,0.007741461299021677,0.0343046807974244,0.013248241870066912,0.04030025758370482,0.08408472084787516,0.0023471788562713512,0.08607121628725824,0.02644754559251901,0.07730779851351145,0.01617092680377662,0.040736198101448136,0.058771434263919446,0.072329982264592
653,0.19157576942586863,0.022540921955595244,0.015302271063181867,0.038165273917051185,0.029537999981632892,0.4131107763536124,0.02219380273306903,0.03478462081061352,0.024049560607202824,0.012449864823660041,0.04922163412122256,0.017370083138017883,0.014098939626809684,0.02450859952251966,0.020782431754217852,0.006918509346701035,0.009882943526951947,0.012396775799749002,0.01984388052686204,0.021265340965460768
654,0.04035760958093304,0.08954845899967981,0.025052192721399705,0.03129589477571903,0.042994861353690635,0.030805191823756826,0.07147105856036383,0.04169980528367109,0.041786874864650485,0.06331623730671353,0.041584793104694456,0.059814189931200835,0.04193920507177011,0.08172637922420707,0.044008404439430326,0.04047066485895099,0.06827500589431715,0.05256920853568869,0.05263157577184674,0.038652387897315656
655,0.018481218618138166,0.0482225927661353,0.2467704586410378,0.09020224897126476,0.020132993074951457,0.02288258800852052,0.021970161442439757,0.03556725146148751,0.021006761657026123,0.037211868079556426,0.023275566272360444,0.16883684288013223,0.01260770488497661,0.044820914430013986,0.005859324782082221,0.04034556289553694,0.04070872674424883,0.05406262955869385,0.01629746355693797,0.03073712127445913
656,0.008299654548196256,0.028485578164819607,0.018509210478724582,0.019431769725172812,0.020428302971469883,0.014966390783004456,0.013331518604457554,0.021652587771914564,0.06387338616907595,0.008237896042490265,0.023357312658362536,0.012535877494963519,0.00668754194951149,0.02067860740546308,0.6549154920359483,0.008426976422697928,0.007786498862586529,0.011204611146950188,0.02165765192012752,0.015533134844063113
657,0.010817661604259276,0.073630343247401,0.018926871355221395,0.025299787341932504,0.03706377275523593,0.006117390612648813,0.021352875513396603,0.015747135146578172,0.030643400607637372,0.5784036347387187,0.04340969931064917,0.015257377483477406,0.03432777358096325,0.022028836753045417,0.005290358198416316,0.007290006044071498,0.008189878272996914,0.010356263259349109,0.02050808165402555,0.015338852519975656
658,0.038626940784701254,0.08260686739662831,0.013609974855217827,0.03466482488484053,0.004575980918666564,0.08232687522910472,0.11879560959022045,0.003586170761490733,0.09897638989734636,0.005898138447333201,0.017563245158346938,0.08380097318118203,0.0009686308453989178,0.08702900848878091,0.13333250923595133,0.07560559662538686,0.10222103440813252,0.003349462700591262,0.00477952248290772,0.007682244107771493
659,0.008065185374540675,0.020852895161174376,0.013583357639629059,0.018062321114417773,0.017665936803709044,0.010715189571707275,0.035563881171161216,0.01432694912329995,0.027146592043395083,0.027735637848548773,0.020483026435188376,0.020597729918131653,0.004285364699855017,0.06202389688937677,0.6301780967111752,0.013226286531372356,0.0058161017966130366,0.011185132164357648,0.021141905657393916,0.017344513344952975
