site,A,C,D,E,F,G,H,I,K,L,M,N,P,Q,R,S,T,V,W,Y
564,0.07783530676320177,0.04985431978462907,0.05217174137306779,0.059032143433497025,0.013965302746761844,0.02182626128066176,0.06358314286729828,0.029059550786602245,0.09581497448583476,0.051360462897306246,0.04355437896481069,0.09327265953306718,0.004627966124942837,0.0910231596515883,0.08854674271314816,0.06468682803810105,0.03344776960458301,0.03756416148759736,0.009431286255875812,0.01934184120742485
565,0.004123738492064505,0.0059781262037556055,0.006686485286299076,0.007331380677330351,0.007093437602690679,0.0022283942298950235,0.006241938745079049,0.006847420420593361,0.007304896027220118,0.8169712129553407,0.039374859724266936,0.007009183179327355,0.0273544961329555,0.022080118664304496,0.00732977452318779,0.00239457112988458,0.0048623566832677835,0.003865032447100615,0.005663204154089507,0.009259372721346892
566,0.7431197824699858,0.033133689455696995,0.008825399231503427,0.009618731000542483,0.023027147751799537,0.005811178230691883,0.013453361136598863,0.01875791376882946,0.010406385278443887,0.005155882860973186,0.010631519615587545,0.013697436226343776,0.006282528072965778,0.009489395220132498,0.003567863190047958,0.016224168837296483,0.016042940494233753,0.02539425320643238,0.01223775932093653,0.015122664630957761
567,0.03993590225783119,0.03881381253354362,0.035822218897278824,0.10066250254443602,0.016393707176736615,0.0012626464692933872,0.02599322210744107,0.06868657734909173,0.0609868406355325,0.09280099249252889,0.11507330560696243,0.06212813514150031,0.0011463709108181991,0.08928662253327875,0.09216271683375048,0.018456643119164083,0.05051298156918471,0.03214669051643779,0.027155002482929087,0.03057310882226033
568,0.5294714732681621,0.01081757047554683,0.018690248051811856,0.010527609820893985,0.009944158808247998,0.012432548423765432,0.015033220542504541,0.013401486484866209,0.013606522207134467,0.004616646800036355,0.012719237354100072,0.011043310832539848,0.01788289138487952,0.013884191999938398,0.004926201484713614,0.20933411119688974,0.03594525917955171,0.03076815027867258,0.010584931558743066,0.014370229847001606
569,0.027634392456446433,0.0077094889898036,0.007064991691607362,0.01162068182689603,0.009563786264285704,0.0029903303243654696,0.008942426714258102,0.4322984932539871,0.012463626332413361,0.043473410560159,0.07157966307221177,0.011075973147761639,0.0032053683384026858,0.011394465983802483,0.002361427787193093,0.003791616323262078,0.010566785772872511,0.3063964558451308,0.0041764885960937125,0.011690126719047038
570,0.007061534119612319,0.009558160831569781,0.012184378907786833,0.008031420836661049,0.016998573633075893,0.002413736098050572,0.0123952054623044,0.5674057418808656,0.010729422444407466,0.00946676847258914,0.14322523197404394,0.03256319981586661,0.007480181820757052,0.013512713044546073,0.002787160354753638,0.024670754683192714,0.06181781500627185,0.03716192480683592,0.00842749103362194,0.012108584773187247
571,0.00991620800566684,0.008555439633231512,0.0055199210037284755,0.034287827555308854,0.008522637989489372,0.009823601767080225,0.18459174168481562,0.01886437255030165,0.2142685908047425,0.024753840588107145,0.0316189699138815,0.1213863426754838,0.002332371002593032,0.05495127974443966,0.1572377131301491,0.00892523760922061,0.038988350664316516,0.009644882828925772,0.02511311244851418,0.030697558400003686
572,0.0013647701980900064,0.019178262785761378,0.002406514528064597,0.0029561001901817485,0.13448059908928878,0.000693708397182152,0.012791423128534684,0.006378885266160986,0.0038363094874235247,0.5276375847497713,0.12513582464335574,0.008892978403783816,0.0014471212788954076,0.03179417463848779,0.0011325038338745577,0.0031106444799502593,0.0017574627189635237,0.0011715739510547458,0.0019695053596003012,0.11186405287157464
573,0.0700308325112628,0.04962049884860235,0.009781600141590149,0.006457583342579753,0.008369165657564615,0.0034404445623560796,0.009734830638758019,0.023561097006235442,0.017763985602413653,0.0030074541073636663,0.007070291835165058,0.01044772344720206,0.01914380421877476,0.007192674052213702,0.005180606610115223,0.016767575228188312,0.7140790029535548,0.0033539359696938983,0.005325180788728768,0.009671712477636981
574,0.004946702265712839,0.03597591517051119,0.04109088734920069,0.009499992790880646,0.018752978109442053,0.00319130187135947,0.0517693405125601,0.011385883598282492,0.01097380455381721,0.003993468020164857,0.010178191774098452,0.016138762917433862,0.005521572303135418,0.014369368764763963,0.004526878601310548,0.005959533959886202,0.005370149943725699,0.004352941465468284,0.007068089977260619,0.7349342360509854
575,0.005286378117744174,0.01817415977273665,0.0074640099701164956,0.010122014812742594,0.008738482069302613,0.0023242414746535533,0.06536572480612855,0.008707499848417384,0.020902237203635734,0.018481065292537485,0.2867611265979093,0.006423788658505194,0.014373077775821896,0.3142491649718411,0.01988939844604657,0.0025086166046492165,0.005895049160676606,0.006095438914924885,0.1698676956111104,0.008370829890499596
576,0.010754150059473916,0.01497518652302741,0.04603324502781353,0.01802894875547873,0.013590757280898105,0.01778365432973106,0.025258588669824927,0.033620184441964504,0.03169382373158861,0.006950293228270013,0.016364709329695536,0.5646292841497038,0.009147730831198872,0.01472324561103186,0.0065756728781759715,0.0755970807555071,0.03437686856148409,0.008174978099312074,0.015627724898296752,0.03609387283752306
577,0.010480983402293309,0.01567640601698073,0.014120183092216776,0.07107801489779475,0.017101986164178355,0.008980781341706498,0.014893980050326083,0.01920506909918114,0.6019764810708037,0.00662216536164105,0.013153127498306457,0.04816539907305157,0.010206154084510905,0.03808712948553134,0.03676781792866012,0.007241012132385336,0.028268787724612995,0.008861420786970465,0.015832814504695304,0.013280286284153045
578,0.031049966905643878,0.009900687637785656,0.011848178878112833,0.03267622691747915,0.01179765435503346,0.014082917660888657,0.010736693608344708,0.06914921225595128,0.01323101581156144,0.03176679225229161,0.035871027206273415,0.014493028215013035,0.006549691634768314,0.015040265246318183,0.005222482862981007,0.00501749590253742,0.0074621689226310114,0.6537959767864586,0.008466184263132746,0.011842332676793467
579,0.07401357417217651,0.1645161900708284,0.01079173816451502,0.018115875944522755,0.009638033439830917,0.006424287904475485,0.010775697846445673,0.012598012768485206,0.01124263862466709,0.012674704856230817,0.03253941076926043,0.012172171953594824,0.005763256281881339,0.012797218972042506,0.00398393260197934,0.00386322973164218,0.007011220903588439,0.5723881005768178,0.008125976307158502,0.010564728109856737
580,0.05029472034129336,0.12548701505496182,0.010178250456716617,0.017698362661661412,0.009117025812343683,0.06481822064180633,0.006268508236814528,0.010061765505319295,0.1883676339202114,0.12176351216605523,0.0646413606108186,0.01690627833106949,0.0032109191174954227,0.1490899032013017,0.08175776628614674,0.040958588261345616,0.021695950142542397,0.005538748394845121,0.005244278008530997,0.006901192848720226
581,0.04564967881001015,0.024533020661348017,0.028450075243412098,0.005982932332671674,0.015839240596983533,0.005095737301116209,0.013077650019708209,0.0593784391253697,0.010712008957130467,0.16179442301832986,0.08613200633853535,0.01205376369163394,0.005981140540282352,0.016529727801341345,0.003982870211806318,0.0064493799012170505,0.08497486787854663,0.39472509340055933,0.006832720605179098,0.011825223564818651
582,0.017370733314980357,0.02361906649186778,0.010937844143854208,0.013504185011908273,0.03936731267642162,0.00536694658571886,0.08203660028087463,0.02506461461443299,0.015679494201661422,0.581601258927464,0.014543282992785803,0.012574371809184892,0.05386518999462999,0.01609696425834528,0.012697772391338437,0.0064492985205093665,0.03498589398083276,0.01159605616888902,0.010187384991370717,0.01245572864292972
583,0.007739509774629238,0.012211357388584953,0.013842462893508363,0.011671602647968139,0.013386287628685304,0.04240507140074015,0.02545719527569108,0.03595746174691979,0.04015376374291834,0.005366317793708467,0.012420619501209283,0.014461672149932783,0.007392412143153356,0.016774199979419337,0.6736815893866731,0.019995929367924953,0.01434619328607796,0.009420848763724126,0.008992007289746822,0.014323497838784479
584,0.02180817978767692,0.018882850391589625,0.017105038920839134,0.016259135452891964,0.018753208603348042,0.010083187837773323,0.013279987068370344,0.022831045148671996,0.01803338371681743,0.03453807926646907,0.01615757803993632,0.016656925186364357,0.634703952231733,0.03481057354222445,0.007749308082094891,0.03789382040700734,0.016750329219017,0.008416454412423625,0.016910722406081442,0.018376240278669752
585,0.1931200084567409,0.13238139217204956,0.011324020380924352,0.005222312827681202,0.1340958022354711,0.04466264401002779,0.04372271019341542,0.026782064137549022,0.014992986786403434,0.0052857000032719426,0.05417909065021006,0.007997577467433525,0.004240029904967246,0.0101676468589485,0.005858385290256928,0.04347323775883958,0.04457570301138084,0.03529180696580985,0.008424359046547928,0.17420252184207086
586,0.05397354013464353,0.04336788912487716,0.057245451827705275,0.057876780038315166,0.03630222926218255,0.05247659537437562,0.0450067780799262,0.08222141933053623,0.031835535719857,0.07799095633917057,0.048949720938474404,0.04161077728463176,0.03617193670485521,0.06134068176842123,0.01071668804697829,0.06151365310876846,0.07365547078104068,0.0814388529537608,0.03013262091760072,0.016172422263879164
587,0.03915519733581144,0.057159993833836714,0.04659956091310712,0.21146486198804318,0.010214863472478922,0.3318971767566487,0.034529648626468394,0.014411007462240074,0.014139214175601126,0.007895305710558007,0.010563586898981106,0.02977727854578698,0.0068923982861384585,0.08722959697912867,0.026809737526274677,0.02087285604395332,0.019674804297693405,0.006677726786654225,0.010081735933775518,0.01395344842681996
588,0.013530535772233327,0.014748100090697514,0.013507666516813848,0.04155707531594121,0.013725528257700112,0.6690134155702774,0.018538615077975648,0.019008427615915025,0.019344574096179096,0.0058872485525325695,0.01572824502361623,0.016898077373645685,0.01540860831986284,0.022595522004550412,0.0336796211428051,0.007371165396051552,0.01127083664244625,0.023751283117928988,0.011042972486019667,0.013392481626807643
589,0.018068774738831492,0.013775845292494546,0.007957354102055461,0.0304647672620383,0.021606337544155436,0.04930220595892567,0.050993173092874884,0.07789834770172278,0.2020485988825499,0.059156645520971114,0.083275601776513,0.02242713160631459,0.003295014600102304,0.01638432764558834,0.1946286191071381,0.00875298681901678,0.027846233392622613,0.09389953674019029,0.008003078710227124,0.010215419505667298
590,0.024255475895693268,0.34223221520870856,0.011826230546927151,0.012405203890152297,0.01032681939914942,0.004898516257740099,0.008981608984948061,0.05848125374564408,0.023050620835303775,0.003441442259147542,0.01783381026088338,0.01409310263674797,0.01885302562500599,0.00902068316295041,0.0033080723317244786,0.008607592506081589,0.3423655554308726,0.06899006034889262,0.007885655516791866,0.009143055156634996
591,0.028955873794217973,0.03962918325431019,0.024780672428199535,0.017153329257738947,0.02611273973606633,0.017271206417911505,0.01376516649118635,0.05406893804995901,0.01805072160718474,0.05408312077119983,0.01662231799807896,0.02137133470150437,0.0074918367648858,0.018340506771227817,0.006406019643690665,0.006659233383518415,0.008572171393246406,0.583476561404318,0.016510542569727883,0.020678523561827318
592,0.05502225108690865,0.021446107475331544,0.015777272362265022,0.026346690389601735,0.04946332268043841,0.005669015532737992,0.01307628350011629,0.041746816066306515,0.03946673579109692,0.02068939685587205,0.5553459283709957,0.01313517948392502,0.008416258535921864,0.013817227022531494,0.009976386991696931,0.006311713635976577,0.03639159792597458,0.03815668319024121,0.009618042537837726,0.020127090564223765
593,0.017025688851638104,0.01181336965989471,0.6598062359462809,0.022535839143125708,0.010854108797010787,0.031102971890081297,0.0179079767721166,0.012336983416849865,0.015456187868542533,0.004295057430680594,0.012141816864110885,0.049919874136976496,0.0057664287913779845,0.013446472697977349,0.004565542112937192,0.004406610109901277,0.0070453355896563,0.023729036917148394,0.015341881782780594,0.06050258122091238
594,0.00764740661164134,0.012635585812888248,0.016084980808226925,0.01886345349924994,0.01589290468589556,0.008578078934730367,0.01551511036900869,0.6104990224303037,0.01666513813436039,0.01537471788054511,0.022744573179605432,0.0250852276613333,0.0070890987818629375,0.014216459997669897,0.006286728200614233,0.014502907968636,0.028151657559142174,0.11745285797937016,0.013521006509800856,0.01319308299511477
595,0.01023740293926015,0.01512898456347085,0.020533104574663143,0.015543271268577777,0.027040983246355624,0.008863222661946703,0.014984201570750139,0.5406042072529688,0.017801624744408124,0.04565734708595872,0.036960976952956213,0.026803750816058475,0.008114622890818612,0.01697329131080761,0.006677521419000701,0.02129938334636779,0.05113366546021556,0.07278556749900289,0.026323763893585,0.016533106502827143
596,0.01392817896103743,0.013426661975894436,0.013094111081106726,0.013214571639208313,0.012450780782847254,0.006657569966679248,0.0119943388656583,0.013378030066626162,0.01411895194887023,0.02578222434081659,0.012275778376787136,0.018513608948221325,0.0295605716119514,0.014485723790037847,0.005886506110755617,0.7401565687096333,0.012699794258362306,0.007278900178446658,0.009789318222061263,0.01130781016499853
597,0.008147619282857092,0.014505876004697776,0.017845014229741267,0.01589048956520259,0.01307631746534929,0.0417433760019184,0.014344297047182583,0.03730849085154277,0.0689248384066344,0.005513625265884264,0.015184428933609571,0.012979283412760686,0.009183545475333607,0.0172090702982247,0.6484285967927487,0.015124681097892006,0.009235596063463407,0.007242590458854971,0.011463654805471893,0.016648608540630085
598,0.05367463738026521,0.06064082177564639,0.01871849932340956,0.02044780644081665,0.015062137426340114,0.12587977833707956,0.022735571947796327,0.01221976081471298,0.10158597543135257,0.010762101275438495,0.014542303426327638,0.012612353439777166,0.007559570351691777,0.35278845061125624,0.07958751385806016,0.05530145483490204,0.007745408567517635,0.00446025442229933,0.010194622811892354,0.013480977523417767
599,0.01911574392767705,0.01989757129830136,0.6363438744504323,0.032360697718006544,0.01980636697836895,0.02610086685692443,0.015138917464909156,0.015786160158315004,0.02323157528176738,0.007260593394826553,0.018895800187698288,0.04569084622382169,0.008832542664220188,0.017435737004797808,0.006991001603678544,0.008746562005678384,0.010757340563086568,0.015421307688944499,0.018244695783135343,0.03394179874540998
600,0.010566277944265219,0.018072223551592534,0.018005416684636937,0.01795535657433246,0.015854746198624363,0.009443114296236522,0.044129412643539485,0.01802935752069425,0.023877928569989073,0.034833565138708805,0.013951152714285472,0.01751934369765077,0.027404571025404206,0.6463505707610949,0.023503486135088594,0.007669625953633259,0.008961431390816203,0.00845599919679565,0.016859455836735714,0.01855696416587556
601,0.011226275552562268,0.018474406417484098,0.019790503493086663,0.017602152357247703,0.021260633028065662,0.030259167235271483,0.018267295334821507,0.061619573612396804,0.0405995318346987,0.008232085595964294,0.018982023228962783,0.013847748345052716,0.01329714328771866,0.019158812349234753,0.583772973020238,0.04189075225171945,0.010662660150927768,0.0149521093055724,0.017178864418915845,0.018925289180058334
602,0.010280104120045885,0.020922968446015832,0.01725227865977132,0.023902168285775308,0.019710469909830382,0.6199262182877222,0.01750927486022354,0.025370164434420084,0.025774820992223817,0.008585515654923239,0.019597955994058443,0.021993457668998514,0.010155435155439747,0.022298839462139924,0.028505287452310926,0.008544016040701357,0.010659616792983558,0.022711838808091838,0.04691818442485582,0.019381384549468295
603,0.012996382720397008,0.04553154733942272,0.020650648800030164,0.01864334027970139,0.02161722322621437,0.015782362112326045,0.018075724884151326,0.051099071779868416,0.020417480909834626,0.011104872592811071,0.01924470237936145,0.03914589733894087,0.008727888370469864,0.018954289018853054,0.031808011311138064,0.5738478950012682,0.01422226975807915,0.017080920032651135,0.01990200272852619,0.021147469415954908
604,0.013548061754331348,0.019415263167423827,0.016589285647018965,0.04045061166887457,0.021384132351378992,0.6504845377320039,0.01683050538681107,0.017821788536547905,0.018461717377449272,0.008889173651942478,0.022009458936684333,0.01874378136005954,0.0113606030062637,0.018336594791472254,0.02023544251997284,0.008964530317557557,0.011311343728728461,0.019685363635098766,0.025606193812444084,0.019871610617936155
605,0.012618527917639247,0.021281420268352034,0.02097757097524087,0.035131912298112224,0.01823395197334647,0.009061820117737434,0.032927708204758384,0.018417255143411526,0.031229624170490466,0.015473178103145692,0.019635699250342187,0.016983326039349378,0.013673963006667665,0.6269716841929709,0.040835079412341345,0.008402703540132424,0.010157168127486503,0.012480368431731018,0.017762424517527495,0.017744614309216773
606,0.03725657604461335,0.01696597442505764,0.038721985359892,0.018970875010806774,0.03849798441577134,0.012702422694127689,0.016403819580877766,0.04837215302282507,0.020200073030392274,0.008338060300208802,0.01908777687560917,0.02078118429765791,0.0075372088096221194,0.02019716504079649,0.00733728984114738,0.00907810651574948,0.01132560232409629,0.6132314102004943,0.015545342368309546,0.019448989841944528
607,0.014817227342297777,0.010428465993586709,0.028491090366100674,0.015199473485305972,0.018890535442468583,0.008397590835970229,0.013226894743592893,0.25584970806751983,0.016738879165688416,0.008476823281281036,0.011462240683642573,0.01056761661762151,0.006429380051482569,0.012496782391915125,0.00530193234701857,0.005224188105602676,0.006798939543776115,0.5220947661381179,0.01340257622125155,0.015704889175759237
608,0.043135362432359665,0.01698158582426712,0.016884448708459204,0.02121888627806291,0.021462578361290053,0.010028803413693757,0.026849179396347483,0.042821196982105215,0.02137676391031174,0.010830613070522554,0.022905860158163403,0.03976671192811381,0.028424005289361037,0.02018029282441015,0.009693124116292915,0.013596944333973593,0.5857671994060105,0.013061777494669155,0.018229073381695812,0.01678559268988987
609,0.010580379279240793,0.0495026898479457,0.04988761828935875,0.018797724363570082,0.039649547744455525,0.004236103249914667,0.05052643071583477,0.02141686222557462,0.019477565533364747,0.009510759830939462,0.022118256976715062,0.051458214345738995,0.011018887313102682,0.020633003349890128,0.007632357360862788,0.01849871175567798,0.015488903465020682,0.013610059453822163,0.018581572104878395,0.5473743527940921
610,0.5163290212406954,0.023711286608245383,0.0367407702646187,0.01726146521760706,0.029057635961932057,0.0072247431356076775,0.026445539858934237,0.025274542105833617,0.024003916978037065,0.013582293041673072,0.021389967718609956,0.02392251366514882,0.013773117605622847,0.025230457681086543,0.009535393101593985,0.04365976700271393,0.052027444648625,0.039139084467170376,0.025131114005920663,0.026559925690323644
611,0.011453787538801613,0.02015487522553532,0.0215501344780408,0.0162067941448903,0.12494730548145754,0.007005026084263619,0.029764105283326212,0.024621322811509794,0.016595285641893272,0.4003096771045618,0.1884107774535796,0.014446578457626346,0.03782594361634605,0.015253579923366714,0.009179449942017677,0.008319332396658382,0.009072913251380528,0.010903218687880538,0.02047548456369777,0.013504407913166155
612,0.011356865731851693,0.01927778461838057,0.04451804078648965,0.017037507406870506,0.022445526726131735,0.013013641431889988,0.048573507042298035,0.04558858213755324,0.036763312068863414,0.010767450273625955,0.026265058281707138,0.5437030903739745,0.009933994250219269,0.02414965679837669,0.009335938934075333,0.03724724311147641,0.020335710891472573,0.01414546591791436,0.018533005867319107,0.027008617349509833
613,0.041136014989839896,0.025312921526026894,0.02873462649923596,0.02081080995498556,0.02735584725167381,0.012962694436383135,0.03447625108504751,0.03547194999211622,0.07578291396650132,0.012943008731090671,0.019189181643766012,0.02090853698728147,0.03909888098111552,0.024233136393775865,0.01235013515481255,0.02251540700298187,0.4896347703747275,0.01304480196269781,0.02173473662765028,0.022303374438290138
614,0.016423678370551295,0.04519438590692593,0.021591160127530446,0.021962591711696955,0.5347294525684371,0.008904247437701624,0.02187053129647169,0.029377246388058387,0.020746924863797134,0.044102558104811736,0.016296393114418054,0.02317504291866085,0.016381711147346798,0.02141805138692891,0.009797504858598071,0.05350914879820471,0.016374183659791895,0.014681148302222571,0.017269668878549582,0.04619437015929621
615,0.05253017626631912,0.027182431742779446,0.014848932214220416,0.019177155010344418,0.018939897816041152,0.00966205892398609,0.016876822136781874,0.035015289748451105,0.020492306141723704,0.0077175099372220795,0.018394508648552743,0.027780579919026733,0.017423893965226544,0.01759092180991463,0.006889184821173345,0.01532206628321218,0.6319682938458245,0.010434771371109512,0.015772400820180204,0.01598079857791013
616,0.013051431726619591,0.019058293959698658,0.032483479769810385,0.02118207678938285,0.02411953537693577,0.006977076126858907,0.046730625207448064,0.025770582310364738,0.030409168802300626,0.009753101517680628,0.023453344012553837,0.5484268076515634,0.012999298533109221,0.020715833597058874,0.007154277520497777,0.03432838899934202,0.038328562251104085,0.01211353826471911,0.018134836524026473,0.054809741058925006
617,0.01406752972321485,0.029705034604123243,0.019285650187577177,0.017964149815591638,0.02959402096094556,0.007861199281662413,0.02336127706913199,0.2069267389665118,0.021878280556646465,0.37520347668984594,0.046959760455152634,0.02551901743414936,0.012324069335733467,0.020432682290754227,0.009441221282731602,0.029091623859609065,0.025618351829774833,0.02531265086026709,0.033076201174860875,0.026377063621715824
618,0.07754837252203632,0.12559416914657404,0.012578264550210702,0.019307786954302072,0.012719496600591752,0.08170849369516194,0.012914710897142814,0.017789828459543588,0.011659548083297297,0.010837355139383753,0.09549299046309945,0.012539242944158488,0.004153900343005845,0.011226971840464887,0.00428236615146232,0.08578064453998874,0.10533457986697194,0.27396605063289287,0.011416485802358258,0.013148741367352987
619,0.014787882661569768,0.3837075681555328,0.011866314242466204,0.0351046436696645,0.013895307078051408,0.00817104581190854,0.010650368435661616,0.07419059023099185,0.01319024968326811,0.013816144946851633,0.031952353247607236,0.013022755510809662,0.005001012933937717,0.012816154980946527,0.004111453947586288,0.004921306015379777,0.019424350898511977,0.30718722484997424,0.009875822710788407,0.012307449988491691
620,0.00949020250526671,0.02038996954392169,0.023473597150174653,0.019158694378153557,0.02933791659704923,0.007482338224382465,0.037678465963426055,0.0200744944909946,0.036416502958570136,0.01951941154297304,0.016618081971270227,0.16190331568496172,0.019071452339981566,0.4737685032215886,0.03654059505017311,0.008660474674782415,0.007928569356068416,0.012191491787154436,0.018235606070205867,0.022060316488901475
621,0.006159462630316137,0.018375672366697984,0.013173641592675334,0.012806495541435509,0.05054913468076063,0.007306498978451459,0.02247719499630632,0.24708651410227747,0.013762822191089536,0.30931700805516577,0.11104308699939767,0.014795572524621036,0.026805456601496917,0.010265332748049267,0.007988108650640419,0.006821120710163764,0.01065995083468504,0.08169941993575956,0.009013778243262384,0.019893727616747712
622,0.01422549875552822,0.01854645444510657,0.01978181420396779,0.026114356872309775,0.04068009521711387,0.00908662787492713,0.01675036585536353,0.546095471024477,0.023587080157278072,0.025261038510753536,0.027753473418486926,0.033000407508723684,0.008020997609959226,0.01976510206492282,0.007885948745480674,0.02070811935742937,0.04382576805815922,0.05049179796166158,0.02716771639207489,0.02125186596627619
623,0.010446177916735517,0.02691433137333532,0.022774663952620792,0.021048572389468664,0.02758996606312596,0.01424324700166508,0.01647082675247968,0.026591694952953007,0.029731902816160217,0.02305347424672362,0.0255416935875423,0.018685694904362157,0.01814484542041953,0.0316288860195016,0.5869119404411601,0.010945233133000826,0.01324753228745997,0.013721621053026073,0.03575968073785443,0.026548014950405124
624,0.01253442545964889,0.04793964750665356,0.012435813735266402,0.008830895488714048,0.10317924480553126,0.0023270988823248947,0.09134496319229037,0.13476155036873375,0.00939139870728694,0.16401871224974232,0.03042732194207552,0.04898039433883641,0.0011357266818478996,0.06867977487603903,0.0014611369678815232,0.04256003938522087,0.06626632392643646,0.13895232151820328,0.005203866646313569,0.009569343320953003
625,0.10820805179654074,0.036951499899241694,0.01849511451462149,0.018252660766848054,0.016566496038310615,0.014364049358618014,0.014335346680675024,0.0835843175271781,0.022320245539008216,0.14409558405179837,0.35469283816797503,0.013079762753328969,0.008235607474469392,0.012197571900907374,0.010475810177555138,0.006150068818246049,0.03862686555978521,0.04973892867624469,0.011941469080727038,0.01768771121792072
626,0.020680374085570264,0.019580869246011053,0.04835543822196827,0.6159723699456361,0.01907679971055343,0.0379792560225285,0.016169913773971662,0.020956847033205783,0.03750811713701486,0.00791237256078052,0.01978639668600518,0.01430084967365086,0.01102105802358141,0.025274962027360143,0.006851602720643394,0.009152513994110116,0.010031111371127457,0.02493997861562741,0.018892891696138,0.015556277454515585
627,0.37309792483718773,0.023526662492581802,0.04014765155742595,0.0167424899852366,0.015007333734391748,0.1751801687701593,0.014174282047006626,0.014895709719339146,0.013299850293526988,0.005618036473401289,0.016995209858731285,0.01342787948112058,0.00659807516512411,0.013731735102653464,0.005069877982861022,0.17134611243398223,0.028505942149403458,0.024787789191566326,0.014285928330291284,0.013561340394009016
628,0.029894101603542722,0.01825033653106807,0.029955464395082173,0.5745024241058675,0.015907840867851766,0.053496261622604506,0.017308436719799165,0.020566343449990778,0.04956567647674583,0.008393540907595717,0.021288339997404856,0.01913487462298562,0.010767042633263127,0.021635606665696847,0.010838258005378687,0.008277827594740125,0.009869518344581813,0.048300039111508764,0.01588917626971319,0.016158890074578755
629,0.0875931590755693,0.07029247980086409,0.07674587099098513,0.10742217326668246,0.010683867315627255,0.01636943611486494,0.0272574963678219,0.017090780568925438,0.019177640291000657,0.045839702742144266,0.061933813134540015,0.08755956660288954,0.0017111240062417418,0.09932462343491442,0.04042181949392163,0.05185724515080629,0.08930094075919266,0.06433934301238667,0.018757417119028747,0.006321500751592826
630,0.07939574801823981,0.22974674790236196,0.007878218746203989,0.011403576399759701,0.007048648255310351,0.01127496300998865,0.00921792226088875,0.007633115894394987,0.007333489438823022,0.32290521534127065,0.040176724041147686,0.006374306926983345,0.0030949884337101267,0.005244166380836655,0.0022992905726711855,0.0026766808904744636,0.08499894196818719,0.14763833263450818,0.007170416434376384,0.00648850644986292
631,0.007659608800089192,0.02260861409687699,0.01422074746130629,0.01928222985311623,0.1124798398943132,0.005066391543975324,0.01489843832725682,0.07387583258498233,0.01742871953789297,0.4075339785147714,0.01921078617767722,0.014044245037121603,0.007266874310990744,0.016878402684630894,0.006090941214513773,0.03194474471384795,0.008578639749670469,0.1672507471381888,0.01829388583297011,0.015386332525807673
632,0.06647603746758868,0.05964045856791663,0.05001824917654161,0.035647586560319584,0.02181013483654747,0.06124966973007547,0.030214614750092284,0.05531411338891332,0.03319466597841869,0.07656971532346686,0.06462469659351168,0.08086810717889019,0.0008789976548590287,0.07458576031244159,0.03385903958368499,0.07631312203432727,0.07170954341019008,0.06440603416245651,0.018758401358196227,0.023861051931561808
633,0.04497247737432988,0.043217232995192485,0.08270312428369975,0.09060953891418387,0.050867745042020594,0.03519388271095256,0.07410706135897725,0.047262015294814864,0.04073642426340172,0.04498684896997715,0.04473573637738839,0.03604156267171911,0.03503629152410075,0.05401605477922916,0.01903303411535915,0.05267444614602821,0.06004279122621812,0.04972688208482453,0.031235578546417106,0.06280127132116534
634,0.056300598394095715,0.07506693142551286,0.04897892734768377,0.05638068553194231,0.029146162786116852,0.05238121174113888,0.05741873996015647,0.021422291400565133,0.06569001969630149,0.010847503144726838,0.03913731491803155,0.07332938998773832,0.07265687611229733,0.056034623066322196,0.059866703229625055,0.08985853762459155,0.06073157890161921,0.03395455100210661,0.02094680681158556,0.019850546917842344
635,0.029416172992535405,0.018661512137808107,0.5951216196852311,0.04944894292136056,0.0178851795857108,0.04673402627740323,0.021745064426153825,0.016687286549490872,0.020028504934766714,0.007808341607536292,0.016834724289984008,0.03323726420588781,0.009316274084268666,0.01780112751128464,0.006327282356765942,0.006156768803492508,0.009733881763549208,0.013847222510016556,0.012572241508177708,0.05063656184857607
636,0.01120947326082986,0.02091288081067463,0.009478632976301292,0.01627621959839406,0.032342229273476165,0.00586365194323839,0.00835064856103785,0.12391156648475894,0.008986701300735242,0.31335636045752174,0.24666298562795094,0.008680512606171444,0.0056743611028583765,0.04011968653000411,0.004689821410583384,0.031518465418895164,0.036466557224027585,0.049396903511870184,0.017152788379115783,0.008949553521554906
637,0.058267750704088184,0.0393380986887604,0.028101515514489268,0.05124715761708714,0.054995374147484205,0.05589991589359251,0.04642949510528142,0.06115556747253804,0.05646502614970822,0.043182873729187256,0.04780060634129022,0.05205308935023606,0.041793493806182656,0.043027329852546314,0.04635732866061193,0.0543295053498778,0.0508743658547694,0.03418440906407199,0.04810317693425869,0.0863939197639383
638,0.0605429716188293,0.06388222617858368,0.05382099986908582,0.04391766828198627,0.037827597101565115,0.04501398806129542,0.0642019490677936,0.053107058122991053,0.07485268916316722,0.04954374119224595,0.040666292532371556,0.04958732413960285,0.0009701060667833807,0.03946258040521899,0.07047637114118464,0.06358735798453229,0.05063966557597146,0.0343853756343472,0.02934421105029822,0.07416982681214596
639,0.009046586242015323,0.0621558246369713,0.02412420040772284,0.018095980658025788,0.030845816172070103,0.006427903318868161,0.014551550438464308,0.11826635447146089,0.017661606841238936,0.3822480819399497,0.0428715350477212,0.01369309013206122,0.011027983536731468,0.017564685959546012,0.005838691806295148,0.044779596498334705,0.01137584817699644,0.1209815951217831,0.0343391214907779,0.014103947102965418
640,0.06209030212701011,0.050837742910450734,0.04353090916241825,0.047305641026243565,0.038362785224598996,0.03498734922019972,0.08347120069559083,0.026725289112690242,0.08751538480757144,0.02948597404359965,0.04284466715584697,0.0651462407789385,0.01234547189843929,0.07936455575340463,0.11841811095175843,0.037972041196515365,0.05995900135009097,0.02929772743700862,0.028007454394415876,0.02233215075320785
641,0.059993689426330404,0.04618112741842298,0.050223490832332636,0.03334353181050121,0.0434032246920833,0.055033862645768254,0.07109716723199355,0.013753437712803634,0.09183488196837691,0.018812911041904256,0.028022683987834706,0.0629213340793749,0.0055287258057151074,0.08552283453607014,0.08986188931640769,0.06423443966901288,0.06102581113370875,0.034754418489500505,0.03564552517652577,0.048805013025332446
642,0.06352159559156763,0.02829414763353148,0.022630944728326507,0.09866560019299526,0.005896705747923458,0.04080768976372571,0.08320973393904528,0.009851372385032421,0.11736233396072959,0.014040212875260735,0.01177754752177969,0.02063489741901731,0.14394514713618925,0.05436699761395525,0.10318619799264633,0.09232967210143812,0.06123851620301271,0.016555451491541907,0.005177493402846946,0.0065077422994344325
643,0.05120895512311565,0.06355057869687089,0.046206911952892504,0.07065503122652894,0.05496725557296089,0.05449138239362524,0.03517850465726009,0.0557262698721486,0.019137049009613896,0.04959893298687434,0.05182479262610445,0.06656003888367022,0.04707649822557086,0.058833941652801536,0.023511356514596835,0.04938274726547106,0.057579764623900125,0.050756629614722625,0.02798128644801647,0.06577207265325478
644,0.05261692038647276,0.05917339040124289,0.030619954184920094,0.03466507032004077,0.020715584120887778,0.022291982981354857,0.0515977502975457,0.04193987283937178,0.07692217591288088,0.06739266453671877,0.030370954742326484,0.08793207076546404,0.0026383445452581446,0.06846781398372613,0.11798119524207284,0.07133159445170976,0.06507215521431531,0.05236298842215409,0.013167901316630162,0.03273961533490675
645,0.05118628493385887,0.17605049833078112,0.008592676306860078,0.00879330509622893,0.012183934257399815,0.007682709918803747,0.010225399949891658,0.19765608827929013,0.011478828457373469,0.10426192488247603,0.02497667822215177,0.01446603777265863,0.003914762568295443,0.01000078554672488,0.00332400679585495,0.004410108277567718,0.030245890994649458,0.3024826113291277,0.006938913681551016,0.011128554398454634
646,0.055207715013273616,0.04064775492330145,0.07129028524189006,0.04069276657394636,0.03427753802282687,0.04011293067428174,0.10434557789707559,0.05239491180164424,0.06406711309419967,0.041038825365466755,0.03778129494991833,0.04626230031171943,0.009248706325545135,0.06367812665904425,0.046083903176104814,0.0643997103516941,0.0537156088531451,0.043189316065437376,0.045575744588056,0.04598987011142911
647,0.04539165530174111,0.044757505848717606,0.0539231566082621,0.02695622400535566,0.04364077371994649,0.04872911125420254,0.05635769387714709,0.05227563111789785,0.06010151417573035,0.03898508885853088,0.02852501719027867,0.06082725550255583,0.0019628780284597427,0.052716023598204396,0.06948647118983624,0.06867671848751034,0.050594011533856946,0.0476989909952971,0.07684160133796678,0.07155267736850228
648,0.012652447050242674,0.03374960910955302,0.01944175089601352,0.019647121735988645,0.04085363630756491,0.013441184217145128,0.01921405080816369,0.02215527020736169,0.025367279091554163,0.029940258879950808,0.021214731867018458,0.01743432359010033,0.010020605312234943,0.01749567557132836,0.03995912863498285,0.008955459319009573,0.013061805022978804,0.009531027505601832,0.5910086764283632,0.034855958444843446
649,0.011160952108150471,0.04773051157063194,0.021618630491637213,0.015865820381028017,0.037864136981786166,0.006093192848752545,0.016174377393759033,0.051650922027490026,0.017970864657186586,0.5756078457804955,0.040713447343791655,0.014950137587127718,0.011096705710675036,0.017338812610418166,0.007100992592971055,0.026086516834776505,0.01119109379274196,0.02007854191266975,0.0346452882962799,0.015061209077630722
650,0.06095987684746678,0.05638413988235047,0.03964790994296636,0.058241990426399604,0.05280032116939668,0.07605442690403653,0.05443663944827227,0.037990128201659513,0.050111902657892136,0.051275152409876436,0.06276489739446785,0.06527428154117296,0.00041475911523516836,0.055483700623482624,0.03629761587523803,0.05274049489931736,0.05832816037658428,0.057079928956135985,0.031082814301732566,0.04263085902631638
651,0.05906276121848105,0.05077247037504214,0.018830242290682548,0.02694107570612157,0.07146732019480927,0.031304971379826095,0.04774484598086561,0.05622659921033523,0.06885803265864833,0.06652121811266333,0.05972808496426624,0.07512681377798798,0.0006360915961337482,0.0671591468979848,0.05252189776424715,0.04405569997452038,0.04875148786833964,0.06129993306367695,0.029381996004991428,0.06360931096037653
652,0.06985512560778084,0.06716774310792822,0.06474065907339531,0.06902088849399311,0.06884482867077191,0.002058114694464017,0.0754727905507971,0.014403014803196298,0.042057969120792876,0.016992410581561406,0.05107172442753832,0.08813346347580729,0.001786239221593838,0.11163942424874396,0.023909479759472746,0.06846858590487377,0.0149431359789903,0.034023408334098254,0.04503913853099719,0.07037185541320323
653,0.1676849323195909,0.015031487285186898,0.01058219489983886,0.029671369822182516,0.01745798610480001,0.5227011177195239,0.014463195168162976,0.019488652088638665,0.016112483151631784,0.009179002461546813,0.05294207330347839,0.011631392966526712,0.009657187966112979,0.015133590895252258,0.030502605669011668,0.005328955386270182,0.006944345754748035,0.01773454742295257,0.013147139413364291,0.014605740201179588
654,0.03639526688764319,0.06757245801731955,0.03416531184554019,0.0313762390066841,0.05016669016703273,0.026093144298052096,0.06548103852940247,0.06137362580701,0.03727953538069322,0.07095975674775451,0.05296909279862159,0.05830530128676172,0.04240569136476991,0.07404538487099832,0.04806478743253875,0.04109059033886828,0.06616753695976425,0.048180878132117945,0.06681495132921611,0.02109271879921106
655,0.022992525960865973,0.05076124108671781,0.288056649159396,0.09102965541155104,0.011973359400612693,0.04487497068580557,0.02299705431167084,0.04009448693494245,0.01470484660387737,0.036532247530240855,0.02963870405592588,0.13847659200185994,0.014905183261823163,0.03717800626649751,0.0033349379317631823,0.037341872018987844,0.03793802147835822,0.03307921383983225,0.013134188252129544,0.030956243807141876
656,0.005986074113429309,0.014959497748667677,0.011784202349037235,0.012805741439918602,0.012643066648827759,0.03753258127802595,0.009186911935831576,0.015262745520938472,0.04106071777424724,0.005783355502463173,0.016470884668922364,0.00859583058190145,0.004599109783660024,0.012780515868025656,0.7453510765386566,0.009430175269617288,0.004960463956333862,0.007853607719684021,0.013006699309196382,0.00994674199261536
657,0.007245811442954708,0.034128004552667145,0.011672469361217528,0.01586205638264422,0.04931232446531061,0.0047294145151421324,0.015802031605303583,0.021024837313245264,0.017269491298519134,0.6614680677485802,0.048028089795240536,0.010135794534022718,0.03867921584869618,0.012196576216716118,0.008271507969884972,0.0073210472013893295,0.005644168108850533,0.009275731430803605,0.012379919910259907,0.009553440298551522
658,0.036117876996041735,0.08721496593620813,0.008410416878318713,0.019699549690270445,0.0021050841896248164,0.08604390527098447,0.1167222420599403,0.00281595489635021,0.10984323627045411,0.0029201960147174446,0.014484548288106793,0.08925859237909883,0.0007655875226632865,0.09262130589381139,0.13744804547986356,0.08114510484954679,0.10226055778542238,0.003182293944981322,0.0036789346096374846,0.0032616010439577322
659,0.007904391108468679,0.020077700008380658,0.00871449682374431,0.011972188970066714,0.01127103640239135,0.006264671966179127,0.03003728713648945,0.010274582731523554,0.030142080823920833,0.020677152464469863,0.012709091241683406,0.024007827821228844,0.0039038862360703287,0.037213288319531745,0.710683638070759,0.013363853499564246,0.006529929209262664,0.012351952967673038,0.011774903048146377,0.010126041150445818
