site,A,C,D,E,F,G,H,I,K,L,M,N,P,Q,R,S,T,V,W,Y
564,0.08356834280767533,0.044403299895365345,0.04718527800516669,0.05929292195747488,0.014788920810883115,0.021601669052939993,0.058465271007676685,0.030813936661560654,0.0952176726327113,0.05504144296568025,0.050759394690185915,0.08934494058223896,0.004602889794642079,0.08750781229330289,0.09398961444753229,0.06359640079348704,0.03153618962057395,0.037627076720821766,0.012569788298520228,0.01808713696156068
565,0.006200332770055471,0.009198340332420748,0.010828249932872633,0.012115071373534217,0.01153945564043491,0.00322339655963896,0.009753865940324317,0.011828997435736182,0.01118601101971709,0.7642965800307358,0.07570728425498979,0.01053842778236226,0.013907072911284806,0.009280465051511607,0.002803951119066919,0.003640393822676487,0.006986665286022379,0.004045971502485785,0.008422458792815203,0.014497008441314317
566,0.6030281084172919,0.08279717579091551,0.013278947873509257,0.010618327716877105,0.044273947493397026,0.004133879831377117,0.01920093464620753,0.03485434121694354,0.015345705600535128,0.006377753179534276,0.015394097452298097,0.020708101488817004,0.0072886580430940795,0.013639172317933526,0.004586187164201318,0.02917759570966642,0.01587811178829406,0.015336645372052385,0.018615572649155535,0.025466736247899174
567,0.034693334950932325,0.04487042056121502,0.029921803213910258,0.09221230214781788,0.010199859529974835,0.0012152411835146726,0.03252359539234626,0.059345644511205047,0.04940662325519135,0.09109330706846785,0.11351450993298483,0.05991500303864058,0.0016068635727033876,0.09938247488974984,0.10057330964678657,0.0198192698195088,0.04768675890197744,0.028783195828247513,0.026892502544575748,0.056343980010249796
568,0.4330433530867981,0.015341925135028798,0.011257356638257351,0.015500202211621412,0.015190045221877148,0.015392702448386133,0.022232775174577408,0.020769217926686942,0.02018698168595423,0.006225570709982752,0.020235589966219283,0.016940324701111006,0.01053807413544542,0.022242758646872165,0.006168033394216065,0.23412392393832804,0.037965891447382084,0.039079362170039954,0.0157387241252261,0.02182718723598964
569,0.010361485700566738,0.006436569312421098,0.008292501344336137,0.009481704546542945,0.011863354690485606,0.0012308146036817914,0.011978993797954246,0.5009599930181369,0.015442367860665801,0.05085159538009476,0.08188151323594624,0.014371682743079971,0.0037452203466887164,0.015077195755580303,0.0025418853612218747,0.00426169542824664,0.007866010046008417,0.22398223827363806,0.004722070464750879,0.014651108089952923
570,0.00717863596609675,0.013615153482882614,0.017978489486713323,0.011310821396346434,0.020576865130983533,0.003139899269330247,0.01836475298991798,0.46320936200439355,0.01660299721839877,0.005263140499153558,0.1597473980378733,0.03060269281363957,0.010017252889901828,0.019587477995336004,0.003435986092649392,0.01229335782212012,0.1265901400432328,0.03378705766360147,0.008285424373130163,0.018413094824298624
571,0.0074096493762930505,0.005350759671748538,0.007129451704472452,0.01717434010100783,0.010861139988065855,0.01705802582238731,0.22765975772603675,0.009976581205803005,0.18098347139288154,0.01779466983706419,0.02874027727980778,0.12830705568412948,0.0028631175738223105,0.06359771085224329,0.1590282416382348,0.010776432898210349,0.03897009956631473,0.0080389956941855,0.030494697263240417,0.02778552472405096
572,0.0015665615683129383,0.028443469523770873,0.0027034065160022555,0.0033904069217196675,0.13206545297058167,0.0008561441908864865,0.019905576169153158,0.007187859651477346,0.00444311338350661,0.46226961706525227,0.15234638260333747,0.00983992075455938,0.0017821607693883834,0.07688204498708594,0.0013813529756659317,0.001542083797576948,0.0019632347204685294,0.001340395841707279,0.002153761495054949,0.08793705409449186
573,0.1618022788844785,0.031783333406687264,0.015337634953345189,0.009577555012377184,0.012404724561906949,0.004437497339727017,0.014469618355917207,0.027070270387126397,0.013961584831295696,0.004074222403090991,0.010079355548355809,0.015708564422510812,0.0087949825568109,0.010687081572534332,0.0031374783748914087,0.01185331698684679,0.6180097691507846,0.004714375534021399,0.007706116149793684,0.014390239567497852
574,0.006902638541486817,0.08520304322018842,0.025631956857284113,0.014218354783504477,0.02192518197520966,0.004271905644385436,0.05528977979374555,0.018955897399007392,0.017828025118202726,0.005487816895374834,0.016601551953629806,0.021396961814196192,0.007955325582473421,0.017493632054253395,0.006393105890990379,0.0059035916175195656,0.007659560958211418,0.006040613353853498,0.010418845360999537,0.6444222111854834
575,0.012916028109653978,0.021965526352439216,0.010156958170792174,0.0078652358367473,0.00820819934844084,0.002757648165190744,0.1013899865619004,0.008818867408832694,0.009575725053821116,0.011285175253856089,0.28116422456825724,0.008009571078904038,0.006779173941733746,0.25788665695920987,0.034592381662435716,0.0031925427363430326,0.005904670564471372,0.004007297753533073,0.19260825225741232,0.010915878216024995
576,0.016086971819936305,0.02522698868061017,0.043131580984391495,0.03259798049748435,0.021707056289891904,0.013929095348721434,0.04256761204223781,0.03891010705420719,0.03069493858834264,0.00901675923636891,0.027486707767467065,0.4651087814734665,0.012954742271742745,0.032172032635537674,0.009029026974061811,0.0898814564159925,0.016450674157723857,0.011254903359588822,0.025674381049418885,0.03611820335280796
577,0.013691966175735218,0.023898763363958176,0.02126675616597191,0.10266182601867746,0.026785092250385126,0.010942637470826156,0.02516174992499515,0.02017256436707245,0.4431077798755487,0.008013156999605952,0.02025169069145967,0.10630082721983385,0.01369426345777526,0.03086364652445665,0.053605803962297506,0.009239304487419945,0.015712827505182755,0.010999553004291063,0.024170286207155226,0.01945950432735181
578,0.03847351490462069,0.0130926588961602,0.016026260378349252,0.02061178875510713,0.015923069456006685,0.008041669459325848,0.013717363655566734,0.18241324979699688,0.01882462333501793,0.07184913252783541,0.028854968480485826,0.01886377027548621,0.007854495678782833,0.02154123572390391,0.005907552463460557,0.005509393356417848,0.009180774016088364,0.4768401434246184,0.010838196812915193,0.015636138602854153
579,0.10456778023974965,0.13662703813724555,0.017512411353020594,0.022072552681816824,0.0144593257313015,0.005210647070445627,0.017128485810353658,0.023698292803953986,0.018234430910027088,0.00714994242453941,0.02188977120863032,0.020175558772740177,0.008762985179120853,0.022143634434914714,0.005437428818559913,0.005487409188179245,0.010057966527050077,0.509502809544127,0.012414096920155347,0.017467432244068493
580,0.03277099462047963,0.08856126659065267,0.02035862465742341,0.053027173735061356,0.01869470057606197,0.03851157461921217,0.01219404933813451,0.013137992420520925,0.22314740196426733,0.08138332024773136,0.07078577367752785,0.011532074632674466,0.005900993134817903,0.11928645330727443,0.1277576916028295,0.029003694901353908,0.023145037289715956,0.0076865725834348655,0.009992277092588491,0.013122333008237333
581,0.03612429754046731,0.02207626198303726,0.01886700032752674,0.0081429221361795,0.010260070920657295,0.004115987745752462,0.018973019916708175,0.05297963164894504,0.014945422484180862,0.15458044121439227,0.087999614705377,0.016162787779011378,0.007787028578177975,0.018119921901171187,0.0048866126117779315,0.005802604062131104,0.17986390868253774,0.3122878955088865,0.008922685538212688,0.017101884714869595
582,0.010974343788451245,0.01926927540412335,0.018177188478823575,0.020299901216146308,0.057958444569118174,0.00691272835473676,0.08604791337695494,0.016507005685010786,0.0246941716800833,0.46536765764115334,0.021911821996475705,0.017921434918115934,0.10824766620729735,0.024838908834886195,0.006661750964205553,0.00610500697103062,0.04386224745509438,0.008905881110110082,0.015210758519707714,0.0201258928284748
583,0.01125638373223148,0.019639782417828912,0.022697681899525812,0.018911744740748023,0.02106965604620924,0.020090235038946132,0.0564678090516991,0.030952910665176553,0.066938057460603,0.0073826423631854834,0.01967804783686574,0.025542664151395233,0.010668108469611456,0.029949367837211572,0.5630198602645385,0.01964575855071002,0.010615942408132696,0.009633568778771728,0.012979396899554602,0.022860381387054637
584,0.016823501518692566,0.03259538027057917,0.03165519363138801,0.026990241084395114,0.03236612530156265,0.013976365411038806,0.021111884000246623,0.045841691193768803,0.032307973623465526,0.013360942936940531,0.026162948008442235,0.0289866096213614,0.49850600845508247,0.035955498450426795,0.009573846261400336,0.04236952848289489,0.017998284831012252,0.012376636469289645,0.027898793253581366,0.03314254719443087
585,0.17843873439200864,0.1362371316697316,0.007805735411489114,0.00790709428670855,0.13944454931347117,0.04883661208300737,0.04959749529885976,0.027036096255678387,0.010619808597249017,0.004360882378881122,0.040687607147786777,0.01219901427995683,0.004727834868086933,0.009428821988294239,0.006162945438339827,0.06807627599015943,0.05091793350659952,0.03253435711534874,0.006595800253857702,0.15838526972448533
586,0.0539974116529063,0.03270705019067373,0.0725172084578407,0.061045478475503685,0.04424353576411227,0.07050215603514699,0.03576167453773459,0.08132897952305894,0.01876903948758182,0.07322917352982251,0.035380198489730244,0.03353443299945816,0.04291499528744119,0.07120771273960914,0.009650745011037408,0.058524341660175706,0.06321367530039873,0.08707558773187883,0.02793331315762466,0.026463289968264362
587,0.032962956132610535,0.043637387221438256,0.04040152469945328,0.2112025120074006,0.01343094958764691,0.2616450953036889,0.03673265817123179,0.0205224031885434,0.020420232899708096,0.008547728807840063,0.014420889643449439,0.037888662067461054,0.009913489603062871,0.1330413320278514,0.015263370658227351,0.0382691745774767,0.01291883310416968,0.005033856003596138,0.007651102013350744,0.03609584228179274
588,0.013083113356494674,0.02355982199631661,0.019364527418229797,0.10438113522480269,0.021255590437302588,0.5108007081759501,0.03135570093458298,0.03205401929910442,0.0314062244981641,0.007521786151314279,0.025646675622456493,0.026449258198321685,0.023406095084682266,0.03868572359530164,0.01413057086944163,0.009132659449794295,0.015366759541205852,0.015892617323750302,0.015810466453307193,0.020696546369476456
589,0.023889640420943607,0.02573473061100899,0.009970703711970749,0.013686581165933312,0.015213054458896797,0.06544572207691556,0.06477227343680175,0.0899413376193796,0.15890397273556428,0.06048317843454642,0.08195057830208789,0.022214070515765006,0.003732459255403461,0.03138725979861481,0.16749455637558167,0.012116101009596343,0.042567485354051,0.09207683393185474,0.00886513351403767,0.009554327271046376
590,0.026188854015544268,0.427129927347587,0.016042696592115827,0.016835204763076744,0.013507253029201608,0.00507499845118821,0.011192396903350532,0.06205779904502984,0.013564800682812605,0.0037480866376580525,0.020508334497463292,0.01874656250826677,0.01234695849423676,0.011175050070992261,0.0036223325433410794,0.011018029534310227,0.2500852714800304,0.05763233044622163,0.008894381360183551,0.010628731597389312
591,0.022664946159591342,0.08627089916108426,0.027935324204364603,0.02713529347555967,0.022522978058259143,0.01183194591743647,0.021354828624558616,0.08490905442823245,0.030346363487270597,0.03934010421746339,0.027603210049848403,0.042091696145225066,0.009025896505558,0.034151155718087356,0.00810036393881585,0.008049771998485208,0.01109183748934559,0.4368131552353403,0.02509315619420231,0.02366801899127143
592,0.03671350683573843,0.02117720707935899,0.02882475622029869,0.026006290794312378,0.05409935380845752,0.008047349329180171,0.02127639821044482,0.05430052100525032,0.035806219389274065,0.012381339113216734,0.5052049873268465,0.022756011799205736,0.012982643355667867,0.023809338302090654,0.015356451664261417,0.008774670683132665,0.052452617735358635,0.021253247368873057,0.014631082334663155,0.0241460076443682
593,0.010239572331933627,0.020614525732154564,0.6162291337673984,0.027686222749686323,0.01791614843232008,0.02974425745971653,0.01845917781814154,0.023320314911826834,0.028554174846726236,0.0061565245317563655,0.019876032041824136,0.039256204431048485,0.008762746710736633,0.02563265543283488,0.006970689726004814,0.006448676378844565,0.011466236316312467,0.016525572088923437,0.01914518602385315,0.046995948267956944
594,0.00865385034762802,0.026731112132151114,0.022333403570136075,0.026346737594931873,0.01457881843425015,0.009601811175319226,0.020924604862150305,0.4040958151903234,0.022470290712065966,0.012054350667895347,0.019815111662071384,0.018347386157754674,0.008018093032343321,0.01808220080769685,0.0068146297720275825,0.006668924571771879,0.09888762669158646,0.22015833522516434,0.018479556106756893,0.016937341285975228
595,0.012413528736702593,0.021978681586662423,0.035281145355131445,0.022510139875995556,0.019897191130338283,0.010373570318471354,0.02118906728226695,0.3810155407011511,0.027513531492055914,0.026020975652910432,0.020441190039848803,0.030902134915636943,0.009739224945860775,0.029034610375836194,0.007898938785059172,0.00849272947170949,0.06237601294740764,0.15732286150213975,0.07094067529227445,0.02465824959254072
596,0.010495085879035429,0.020331505586606482,0.020571017123297473,0.021435627488809395,0.02010732470836968,0.00870184655131241,0.01835363271095321,0.0229262572970321,0.024436777456727756,0.016463377862696887,0.019021520750784175,0.023896381939153836,0.06832986061626746,0.024486790661475837,0.00738049322612806,0.6156882431733383,0.012353972488974933,0.010239979523555385,0.015284060527180754,0.019496244428300454
597,0.011396412892065904,0.024056037524106563,0.03457649814712394,0.025415870334528214,0.019397312954576668,0.020856190213362144,0.022259458929129755,0.05598956520081586,0.0914931939629624,0.0067863573535345105,0.025555836132193654,0.020748578280097293,0.014170294188354254,0.03224028164422313,0.513643852069586,0.014697372639521714,0.013101451543867682,0.009732463007817898,0.017285570296748435,0.026597402685383926
598,0.04269313378287192,0.04676352239474164,0.02020251123401909,0.016654005406594768,0.021581123518689332,0.14007616309919854,0.008012803266623953,0.01658563182154767,0.12582229861743097,0.006451414939020812,0.015289328267856403,0.017391668835398878,0.006877565733249211,0.25888910597805653,0.1616283569110161,0.05111834442210303,0.006977615443835947,0.005152422013905451,0.012660313612087762,0.019172670701752065
599,0.014709311164051104,0.03587568997916347,0.505225264699639,0.024160808725884733,0.035731641087124726,0.030267153644747313,0.025786599009655017,0.026191697168616485,0.05151752463189648,0.0096487383376603,0.033874340617302635,0.057036669305955696,0.01210152796641076,0.028739660929168742,0.009124608886958076,0.01132760113292855,0.014383022704724358,0.012998117579582434,0.03156281185934325,0.029737210569186767
600,0.015043304970650156,0.0345759344260658,0.02944336641884988,0.02157396025422756,0.02553409590775765,0.014047604925021032,0.040720682880151286,0.03284592133219661,0.023513913911862815,0.027953997685290926,0.02471620717050327,0.034455953801037005,0.016592120351998172,0.5320010988609376,0.026321905057146353,0.011259653242107143,0.013097419420879546,0.012759739412730493,0.03129675177987378,0.032246368190712964
601,0.014177965566742083,0.03223256391312551,0.032894389013916565,0.027879090568081844,0.039443875552706,0.021950966324343537,0.031678326067392425,0.0540253824611218,0.08327094281569629,0.010113410618632896,0.02764003831859969,0.0217304512442439,0.017680586699346183,0.031821215392339404,0.42786199336225367,0.02434635776098785,0.01995494631540669,0.021214865941278995,0.028741451385101268,0.03134118067868338
602,0.01395546328139756,0.03990601892490253,0.026041699541692484,0.01889028618138627,0.03694873841151253,0.4663326295126178,0.029341686658452923,0.0488548002794629,0.036929696896082935,0.011079123131942967,0.03528021442375286,0.040501831465506115,0.013040203514644978,0.044158422429288524,0.023154054606006457,0.01070291849241161,0.01509989519591478,0.021341525336476517,0.035010680656886735,0.03343011105966063
603,0.01897079265779239,0.06591185629794094,0.036727627300391835,0.030742484218104632,0.0348058251974468,0.021716805803778685,0.02767237727906392,0.0562919193778445,0.03751409402133977,0.013697788530145881,0.033753687199559276,0.01732716817594824,0.011132570140590976,0.031068519272319007,0.03533494869000487,0.4187166833833562,0.015844029066500617,0.02681521735363417,0.029880184480705913,0.03607542155353149
604,0.012764762595656518,0.03343530053558137,0.024608713356651674,0.0669905625127606,0.03477834417085803,0.46332450762212307,0.025482308664712055,0.027942732050868026,0.03471049341856154,0.011476536928228432,0.03514593821876088,0.030601057296379724,0.015557766094292007,0.038851977705216756,0.007850519270243656,0.011732770741377158,0.014318865649781012,0.02016660336278676,0.053732468051204026,0.03652777175395664
605,0.018784850799828504,0.04217828216147714,0.04452474311109033,0.03363107249048293,0.0314592484837839,0.012504474426241537,0.025441463622513108,0.03271226637124238,0.03232170351805643,0.010658749521680645,0.037373510979165706,0.026566023000435358,0.010909990799399924,0.4994099510170688,0.031189169855355938,0.011595377877900187,0.013657996153586238,0.019221794082308112,0.031816651163111324,0.03404268056527151
606,0.04675021245233824,0.027468685479383095,0.03192900257108923,0.028216313171279008,0.052474658233152595,0.007821263140874314,0.02638759889865362,0.1052489911712376,0.034228343754335616,0.01012992723344116,0.029956347779874246,0.03842934315841503,0.009227143694196483,0.03381247828056649,0.008265575928657558,0.011030951498056002,0.013383518843356536,0.43359682265019434,0.02168789785344961,0.029954924207449204
607,0.005930954773774536,0.014448623187451689,0.016417297411337715,0.02402969212078493,0.01931847023115824,0.005959443205430415,0.0193873300222076,0.3347061279210484,0.027396005492610388,0.007440736577556937,0.017128905155041705,0.015467274262372358,0.008078582544225879,0.020425482370565032,0.006574467843410512,0.006531715617277128,0.008692190624601559,0.39863269776189664,0.02052047800066558,0.022913524876582703
608,0.06200359090283115,0.023818753716978436,0.027918993679860577,0.03879809720226309,0.03734760667892898,0.012450219068949393,0.06387339587522907,0.050533554389265156,0.036803827748938846,0.013129221490427424,0.03962302226487833,0.03267307430510202,0.016016097161323965,0.036478246022718396,0.011870634008403373,0.011863925166328308,0.4135276695422418,0.01682860766455382,0.028732854191956463,0.02570860891882133
609,0.013546253076436263,0.07385607137909969,0.08631003054492592,0.02780991301335192,0.04191641340400312,0.004795123802402831,0.07301322596497588,0.0380402704608512,0.03618979211918829,0.011805991715256335,0.03855783145114873,0.04177085414730578,0.014220268264667829,0.034234700686895096,0.00932421804301684,0.010559721453350879,0.020386276728334894,0.01815610462276696,0.02762832888139854,0.377878610240623
610,0.32507132038097186,0.04091467525686388,0.047635068451632866,0.025425980687072358,0.0805764257520819,0.0063079240716898966,0.04270619227897097,0.049427688944345856,0.0409997739904343,0.015983518108500367,0.030282314795169237,0.03789520273895286,0.01416562035135562,0.04294603758420495,0.010010729248839048,0.03975553265661409,0.033201125256332176,0.019902172415872957,0.044798767833735896,0.05199392919635906
611,0.015118831467930234,0.03534188287167484,0.04764820969295606,0.02422280901210376,0.12557052421219048,0.008377901703540247,0.023291127963587444,0.021463877520404743,0.026316411970957913,0.29668880389605373,0.2284583411217246,0.02047617455375983,0.024865747386398584,0.023869614865890024,0.0076484737026504615,0.009464581880583522,0.010951073855926141,0.01137611645125762,0.01781675199990845,0.021032743870501313
612,0.014653681414601195,0.032567695592773144,0.04064428359609388,0.0256705416473481,0.0385796271807555,0.012545085310608252,0.046100096432311645,0.07621731340931737,0.03533242625513016,0.013771084096998775,0.05161594385534048,0.37232142694888465,0.012412136859420725,0.04431500832001551,0.011527603106839125,0.07980265538083448,0.016955698130270636,0.019186202445100817,0.030727939445208144,0.025053550572147486
613,0.017252099861274236,0.04895255138818166,0.058392618216673235,0.03330359380562772,0.06312223578383182,0.01603749211304499,0.03067102531496832,0.014554567073068764,0.0892972688532941,0.01504408976285432,0.026965957799164362,0.03437708040076445,0.049312102520352445,0.04073163639815371,0.01119217641618195,0.04225552405510202,0.31941228571407104,0.018216273983948945,0.03483561121134685,0.036073809328095084
614,0.024660871104922766,0.0360565440333861,0.034502754420820535,0.03648101728967655,0.3607252101052489,0.009977225010029586,0.03794912262339789,0.03341761179182194,0.03368377167260996,0.044426802905257405,0.02434472457144482,0.04184061760434074,0.01568295598279015,0.03233738799595883,0.01162590016265428,0.10703034428137476,0.022793190626796772,0.009581755631645159,0.025364970177863478,0.057517222007959425
615,0.03705426520777345,0.06160753568200039,0.023651673384342153,0.03351817322321803,0.029141609183495714,0.013007186362034892,0.0256792821226605,0.055360916861660885,0.04358366432387608,0.010151193121140855,0.03001274068174245,0.022424393835079673,0.012637131263936155,0.029657967640557645,0.009096444752343745,0.020654803455386336,0.47862019898035885,0.014373802355838098,0.02538643768267423,0.024380579879879922
616,0.020121042685659785,0.03297145582184811,0.013110189061601996,0.0383729635512829,0.04933944974353263,0.008926914804826384,0.06389604391368962,0.03359657637931806,0.034313343867395006,0.0135149968139126,0.04000161529353904,0.41812839698587473,0.020644025809731056,0.03857745590567214,0.009657579574540326,0.022088367574055065,0.02670107872040024,0.019040524734986842,0.03419118163123189,0.06280679712690156
617,0.0177466689484295,0.03938426818097721,0.027316420223097354,0.02263342383505287,0.02081972072532145,0.007758677402400174,0.037143216297040926,0.261129821560575,0.030558743299489374,0.224100211898414,0.07147322077056728,0.04770529093467632,0.013423695670029904,0.02822262247438274,0.009689392443540163,0.029592583626121948,0.017430410430720602,0.023707405539792673,0.0168184243914874,0.05334578134788298
618,0.08866092496528695,0.11309412027271508,0.01836504033469703,0.010837338811666354,0.01802172334595808,0.06222590090896049,0.01959300559924634,0.032973780840678014,0.01711916168534847,0.0058503769285962355,0.10694964212260961,0.01866701897756699,0.005275068228390159,0.015464714035862486,0.00540813765967288,0.10433613211175809,0.09096331607582543,0.22898273652481424,0.016997066952499806,0.020214793617847313
619,0.05026857189771858,0.3721193122701085,0.018351354132948982,0.023966307862489825,0.02325689985472687,0.005163691831926527,0.015829581685100267,0.053446675882458515,0.023026486430095628,0.016038502967126805,0.02471740623086749,0.02062126425485868,0.006763987787521064,0.020568502931941075,0.0053372510117336075,0.006600269981325581,0.01554804934934082,0.26374191056207513,0.015636839035378134,0.018997134040257838
620,0.012011950904681866,0.03157961161953884,0.045672903053095515,0.019300017723460683,0.0737147289155514,0.008572896829341821,0.028196106581273753,0.034180539010702504,0.026413858297304433,0.010657691690761402,0.024288396589574008,0.16794049916656903,0.010965827055632218,0.335848516899371,0.07915689522937823,0.010698787771008312,0.009408048082825957,0.015198667650257408,0.018824469312956626,0.03736958761671499
621,0.0066584987940889575,0.024653035120671046,0.017773133932642887,0.01581351391172572,0.04215371095650989,0.007980126784464156,0.018902077392641436,0.3612676460086963,0.01691403148175549,0.20856281111440708,0.09886644501399727,0.018752123273841573,0.031965383562935205,0.013084303587609354,0.0038414656478299608,0.005751906053745301,0.01178887286202277,0.06077149196080119,0.009732973007749564,0.024766449531864864
622,0.01652970071305151,0.025455030525772096,0.03029912663571631,0.0455167595761008,0.035723602187053075,0.009868181836096649,0.02221782606705167,0.3505448644576847,0.04151150440990046,0.013350951478372466,0.07252409627135614,0.02406315852837215,0.008750250403179663,0.03231069895377701,0.008681329050483962,0.011954113561610557,0.014751947387557938,0.15479811524008888,0.04954443510575832,0.031604307611015646
623,0.013035400181142477,0.05970976226704571,0.04562814188816946,0.035548010953466214,0.06452084440413088,0.011713471025460677,0.02399490206890821,0.060776951198619145,0.03919242072947445,0.009732794662096072,0.04867678050948215,0.028785751839080515,0.009410396469643688,0.008317932361478873,0.4130876510810327,0.013875578197292451,0.018038251198911708,0.018676214204896176,0.0149385932808287,0.06234015147883986
624,0.019964622339867524,0.05593100008364066,0.015370877596434233,0.006481087084927656,0.09932097527752004,0.002464834378087502,0.0792389561186252,0.1226083571783637,0.0041233176013521925,0.1365021530419375,0.03284528572215147,0.05184852127942002,0.0017122235670328121,0.09082130959574443,0.0021265631589447343,0.04799414483380161,0.07069428733194123,0.1473336584504746,0.007760447862307752,0.004857377497425094
625,0.11554638990388529,0.025952599772829016,0.03032992733793476,0.031181030481082877,0.02538279233405556,0.02248065776709028,0.023379188885490485,0.0795330948356374,0.016628785572670998,0.12032024818296692,0.26967823407890207,0.019163729252572693,0.010128949086275351,0.01960140018904616,0.0074186403708295205,0.007511117519882291,0.018783759727449476,0.10469217836728756,0.016890358270096637,0.03539691806401469
626,0.01980485439857182,0.03347180720114782,0.16520948050911557,0.4397583671882804,0.029654805080294833,0.016029536262378817,0.025748168213900302,0.037001245444350774,0.01563301220949365,0.009288122772540127,0.030706496166080913,0.019766851580299897,0.013959760113854197,0.029590448870359276,0.007937974384474526,0.01101516474853967,0.013987097236103514,0.026227491207650788,0.03273551603483048,0.022473800377732625
627,0.2914309804993161,0.03555842393165524,0.027265408299414633,0.027194967717793297,0.024852926064625126,0.16339416654698502,0.02184655455571001,0.02332912591237951,0.021127507698130776,0.006881971519393556,0.028446501830700383,0.02002830732158575,0.00852212856241463,0.020189068625043414,0.006381047930216838,0.20548586625876866,0.018903175729101506,0.005772040164793887,0.02100403690467895,0.02238579392729272
628,0.021383399620453537,0.03396754722208469,0.029438877869859537,0.45122063305206356,0.024701385804636378,0.034077836565995105,0.02971649517527909,0.03755812560530222,0.08271226119615344,0.011028647808641967,0.0403719743618169,0.035182748638472976,0.015166470327812485,0.030153890204627044,0.012052162538301105,0.010733904174783012,0.0135872440234444,0.033400550447140985,0.026450471869153863,0.02709537349397768
629,0.09608025557326784,0.0666758187976131,0.1031675003152553,0.11648833165175783,0.01446504065975345,0.01976327868763746,0.024369956831075682,0.011407295662673905,0.012004432518877587,0.04974085302087252,0.05734042425448257,0.07476451829606884,0.0028937608959613893,0.08225481619918495,0.03325557971629641,0.054926440927552216,0.09691166014921242,0.06389972664835793,0.013200675678958993,0.006389633515139707
630,0.1036922807872691,0.2641781691039341,0.01121273626509603,0.00975425878718916,0.009474997282511948,0.005454908158880465,0.013604459303653,0.010308114849174729,0.010235134501908156,0.2792132511639945,0.03217010084586669,0.008670300797170396,0.003887887313708659,0.007007325340484154,0.003152517777872421,0.00349254565383782,0.08135845106992216,0.12539809149995626,0.009366084658644459,0.008368384838925819
631,0.00898470749300904,0.03132956777462067,0.021313360902364204,0.033141807838110555,0.12128002036546033,0.005908618153511461,0.019844732859510633,0.09066690320673394,0.025198059807304548,0.2923745806054837,0.020535354076368837,0.0191832075802843,0.008711782244849932,0.024294714801903542,0.006863053734255351,0.016593518748628713,0.010639022990623545,0.19385739273481975,0.026721309154296196,0.022558284927860692
632,0.07002395585077575,0.060162178037022784,0.05946923073924144,0.04012201313442184,0.02064930294138227,0.053398412229780035,0.03286515940969299,0.052487906740168976,0.03175531385974461,0.06949001336165005,0.059901885867686154,0.08816922193888384,0.0008302364656633572,0.07570460453723396,0.030438930817024926,0.07363778752407997,0.07367816512382343,0.061495944737164264,0.01886460136796832,0.026855135316591044
633,0.04299537751287513,0.03566658853726045,0.06395719100414315,0.08729385866529131,0.05029184964171247,0.04909437403211955,0.06504666349385368,0.05575815284217137,0.025501580978175616,0.050619127025662965,0.048980264724088424,0.03630253728308084,0.03168444856922,0.07922073583858792,0.014151747930858488,0.0628279874256555,0.06095464285209143,0.05180991877818845,0.023050110012190136,0.06479284285277305
634,0.05871056657499116,0.09262496885659581,0.04709865561945025,0.050175350300884575,0.020365835831318995,0.05151885752879016,0.06464266795209585,0.023051742139213214,0.06258697878472558,0.012831061035303216,0.0394467470096369,0.07253528898548146,0.061994632769608864,0.05773493948199266,0.06500575561610504,0.07837114717142409,0.060661522524588514,0.03376312503395525,0.019274483935894187,0.02760567284794425
635,0.017454617325481796,0.03446635807081546,0.48343832341333637,0.038805234536344664,0.03208859102341785,0.03445508363389991,0.028730858744464283,0.02850618875273217,0.03934207256310823,0.010686646308329177,0.029468643368878365,0.03873413368608682,0.012698905338457911,0.03196008316596479,0.0084019898405535,0.009544098275043161,0.014796438502241568,0.029836973974816505,0.01894583997768901,0.05763891949833843
636,0.01697826242265515,0.019447064312440022,0.013221147278244189,0.02090315552249557,0.017331196362480653,0.007339320414068408,0.011834021901097114,0.12591408573032126,0.011805583324661292,0.2475978354997331,0.25339802726207833,0.011482100929636252,0.006915722557095415,0.06299734784517115,0.005938109132089548,0.03876867919918235,0.03480785647446258,0.06390368885371492,0.016954199496136777,0.012462595482235812
637,0.053783698949414864,0.037543138132175524,0.02431688270060954,0.05149694292970397,0.05617680046917788,0.05611233679630048,0.044882711330826296,0.061827472246387016,0.07557095114272618,0.048817112947880416,0.048394112681045424,0.0471013232996119,0.04002459819765997,0.04340902442075373,0.045932379812697356,0.05909999078253725,0.049637489448191685,0.03281255321527228,0.044269562437660746,0.07879091805936751
638,0.07258479141219545,0.06843187867146715,0.04355961056146285,0.038249641811008046,0.03813730255839418,0.0473431541142889,0.05801650064936176,0.0479649941568538,0.07973689071617922,0.05198734846735211,0.04210560121195019,0.05588726344240485,0.0011896229851023567,0.039179594767558494,0.062206676889920966,0.07715100281411578,0.047613448447641406,0.033339672945591044,0.027880037350615988,0.06743496602653547
639,0.011017888318388598,0.040736825115901064,0.044074758532544694,0.027786727707425244,0.03974892158071192,0.006966891611362128,0.021203446334355103,0.14175453296418924,0.026094996219905537,0.2722205585265525,0.08016537352395645,0.018663445009513623,0.009548261990894527,0.027016215021918037,0.006616575833477193,0.03598518001945495,0.010237335690659634,0.13762126476569866,0.024224707410588867,0.018316093822502034
640,0.05640295403338045,0.05299728943783246,0.040995194446236484,0.04349091692013087,0.025641571208949738,0.03388115002120865,0.09092753683387354,0.021628271307971802,0.11043641588909298,0.031080141345869325,0.03662054503294816,0.06714828536664598,0.01967533891741149,0.095456671394627,0.11568533842206878,0.039799286353515144,0.05139687212087704,0.026855221705180895,0.01444044243952628,0.02544055680265292
641,0.05643043194708258,0.05198676004487821,0.05812138042968523,0.05715617892076382,0.03475731894755526,0.05452528061781897,0.0643901287743933,0.010505088631408407,0.08531472897280527,0.013735020079710824,0.05247490883947176,0.06982278350290284,0.0031398715017905312,0.08606010336277903,0.0735456431012007,0.06957056098583043,0.0586460571338818,0.02667998884811645,0.025107873937219253,0.04802989142070535
642,0.048002234302775726,0.016295221834683012,0.025929583138249404,0.09054098443011367,0.008607950822108077,0.052814941545744114,0.0957032760545764,0.009891097023709315,0.12259357466235471,0.01544063439355063,0.011868405390957508,0.022184302117928194,0.13317505925498782,0.055422931552584896,0.10065631376957575,0.09328669776663917,0.057318428888137075,0.02200302937160924,0.010803560538243209,0.007461773141472099
643,0.055075502207689205,0.07045395787597547,0.03599753424502678,0.07458974860242348,0.07337242543722194,0.06210152367626712,0.04871405667391251,0.038588067334974184,0.0069510024959552365,0.04821984085475133,0.059259859567221705,0.049028838510963825,0.050693371850987844,0.055128991018259584,0.019249955214589668,0.04993024184601216,0.06317107674261567,0.05871240016503237,0.019816804264771237,0.060944801415348714
644,0.044425827309950545,0.043688679333708964,0.021975590736823564,0.04499904564569724,0.020680184754944757,0.024486134324770533,0.05549443302587198,0.04873230395645756,0.07314200575029199,0.06721441334983168,0.041646562517369486,0.09161355136980087,0.00208204870879919,0.06817485514268423,0.11882653220500028,0.0685013405156235,0.062252687442919084,0.05990760560864237,0.011826948805566962,0.03032924949524522
645,0.0794497747391744,0.2002791364677319,0.011353721992887074,0.009193619269195668,0.01699159427059715,0.0036622140137297925,0.011917555561739011,0.18337638138249254,0.013693076803914529,0.1240073360342388,0.0332210563294891,0.023665507232451383,0.004432031364624668,0.012367427288998797,0.003916344802808458,0.004869798284928544,0.018425348165805763,0.2223694373676862,0.008617630557115554,0.014191008070390696
646,0.05420200953984333,0.03512714637362772,0.07104164735653434,0.04414154353451611,0.030948920989043487,0.04756226775044847,0.10449466836722836,0.05361148329979171,0.051677633708376323,0.04049917636807963,0.04151130938504448,0.03921097654204204,0.01400014150858172,0.05227917261898051,0.04463258207509337,0.07066027210393001,0.05483778891551286,0.046467158007939,0.04477443216685789,0.05831966938852865
647,0.04364953960630862,0.04965787592989943,0.05547597455065519,0.03383536911341568,0.04087158320740144,0.05283637860115994,0.05539604993740716,0.03402460225495075,0.05843473416708189,0.04405999374214727,0.03181964817379425,0.06206800997796583,0.0023045322057610052,0.03907032670234723,0.07218198332776599,0.058699221304449066,0.05145827028148114,0.04902796289335191,0.07540791256137726,0.08972003146127894
648,0.015742416597879203,0.038324480803401555,0.030683041305597365,0.03192090347020616,0.057219381888357325,0.01951717182926564,0.03017598312010933,0.03609642760063521,0.04906401772365248,0.017433133826741255,0.03380063923418727,0.02504967653460652,0.011882522181465639,0.025974438595542187,0.10150875522252,0.009821739527721007,0.015768356648275063,0.012416514759048154,0.3964689560584392,0.04113144307234942
649,0.016529844648596897,0.05560490574370707,0.042814185705564715,0.026138774997505252,0.04666802209116072,0.00785358010980605,0.02651727038208393,0.04820593736623024,0.031232561689424263,0.4513500737224532,0.040521795617985266,0.023385310590070752,0.016030119863688047,0.02869784740947727,0.009833096662893304,0.03473506828187039,0.0161668935165324,0.025423198225078283,0.028508808383204087,0.023782704992667835
650,0.05327660807514234,0.0697951893274452,0.0381851677982712,0.0592507306553789,0.05082729818687739,0.06889867379650111,0.05435359738403045,0.041539912220485205,0.05561468722077755,0.044565239107414445,0.06079842886364189,0.06233779003209879,0.0005592817668878645,0.054873133808232534,0.04503024173230547,0.05743897929303346,0.059777285151766085,0.05286728076635544,0.03286492649179696,0.03714554832155773
651,0.058258139019632726,0.046814368982952326,0.023250502139776464,0.023555695970210247,0.07104562090080759,0.0346943277952634,0.04653340619016868,0.062006589931021566,0.07439772562863706,0.061043324510282077,0.06109505013559686,0.07989047647517929,0.0011823314012985762,0.06682682264062421,0.05520753684883719,0.04597683981863406,0.05115623559539024,0.058211136575485066,0.0253822140431893,0.053471655397013124
652,0.07208197109383807,0.053850585278748773,0.08655556328456065,0.06469489449964562,0.07420681859737367,0.0018212183266729702,0.09308169207353846,0.007963223035213794,0.033829996134556596,0.014256745180549715,0.04038212875976063,0.08392613059302233,0.002371279970570876,0.09101342770030063,0.027509541275687666,0.07410367100386674,0.01522282205371832,0.03833253350375142,0.05494562149353724,0.06985013614108586
653,0.17983417114706132,0.022862889601995007,0.015517854531741052,0.04357937831109412,0.030034510546753806,0.4135542454996075,0.022548940306350063,0.03530564188770618,0.024432646931193458,0.01264664570292315,0.04755755157204972,0.01764171462569297,0.014338798780396657,0.024846131030789226,0.0232553396360801,0.007012431223312409,0.010041643283584069,0.013203729647547876,0.020158387992830058,0.021627347741291315
654,0.03994450676221883,0.08220801033974884,0.02789983702424959,0.029802500015294543,0.042560239205483574,0.03050895366554734,0.06916226337080085,0.047446954353690396,0.04003570575713122,0.06946995388486922,0.04513331033617144,0.060896419512851706,0.04154673451842229,0.07901407830158984,0.04735356506689281,0.03927669584444724,0.06764445232713186,0.05147633561224934,0.056465829010104114,0.03215365509110498
655,0.019851265009719735,0.051859690109758626,0.25056010334721873,0.0990386497315931,0.020954170644554838,0.029894802263082196,0.02218974283434588,0.034568795987666934,0.020638142083564542,0.03703598904691192,0.025001050366950234,0.1712549616173454,0.013418084657585122,0.0392688953084273,0.004987485013165658,0.036940656275699126,0.0389532862268912,0.0358728865745131,0.015675770195975557,0.03203557270503084
656,0.00823518374803766,0.02757327394251626,0.0183917960998069,0.019308139727224137,0.020282925756934276,0.02046303859306682,0.013245279122943867,0.018143822309488526,0.0809141594686173,0.008173811661301017,0.022601045467410655,0.012445108076779364,0.006644114002078033,0.020574146035690397,0.6408870176874905,0.0053877875983019035,0.00870478850086539,0.011116824756354152,0.0214791778642197,0.015428559580873193
657,0.010858076978890787,0.061973639922037506,0.019102826366957697,0.02555294232397319,0.0438406833199577,0.006157005768694451,0.02233670455070388,0.015574724950444804,0.030893257897160537,0.5748792217607279,0.04702873948772803,0.01535246343365209,0.037377819527302424,0.02222485729861882,0.004863352765159627,0.007334074416934525,0.008225749051715357,0.010456081551956787,0.0205660880027895,0.015401690624594412
658,0.03930519019925009,0.0848681251107059,0.011882002929757184,0.026461099181163534,0.003973429233466275,0.08333211701429859,0.1199736281421618,0.002893410879921038,0.10166116577239033,0.004627495303632671,0.017084964151629266,0.08725532690112277,0.001008840278759762,0.08858149035166644,0.1326010321755561,0.07782391486027605,0.10206267785582797,0.0033594859660710154,0.004994307236987646,0.006250296455355485
659,0.00845065690308128,0.020317323436731708,0.014252675900188699,0.018932432773517367,0.018519535864785976,0.011386608977120733,0.036008553773859454,0.015015747520722803,0.025053346309227106,0.02271001133769623,0.021498399638157705,0.019833743377538078,0.004490056026564912,0.04046345211194606,0.6517611533019926,0.012693850240278026,0.006265346215746487,0.011972418973331983,0.022194177816602673,0.01818050950091007
