site,A,C,D,E,F,G,H,I,K,L,M,N,P,Q,R,S,T,V,W,Y
564,0.07874956279396478,0.04877174058319538,0.051959417676818366,0.05888539528171132,0.013076860285626275,0.02161074750222203,0.06306545810039708,0.028270379597997452,0.09830627499741522,0.05131871769767011,0.04284689492603167,0.09502381127195099,0.004238820222103808,0.0915463479723177,0.08898490498822285,0.06484915221435182,0.033597395921230566,0.03742669656551035,0.008754492656273096,0.018716928744989127
565,0.006114379986750105,0.009073062193113485,0.010684871997754466,0.011932386574644785,0.011377633779481202,0.0031733895403335856,0.009614416268266526,0.010296849595070696,0.011046265741806158,0.8026025516277692,0.0405589130730263,0.010398059938755038,0.013787948598314984,0.00915923751657515,0.0031317211849768607,0.003581898887653033,0.006885084849942609,0.003986734397769142,0.00829557497734581,0.014299019270650698
566,0.6529905241502311,0.06189876792021248,0.013634427927987384,0.008118053877146118,0.04528271790206075,0.0042945734208956,0.01973208043398045,0.03588973897574777,0.015729279448339947,0.006545312762775209,0.015824309224912552,0.021293622004913287,0.006883026681778436,0.014004305887193369,0.0047127557484679195,0.011957530369005938,0.004944139600697764,0.011101088135663033,0.01910177524757009,0.026061970280420763
567,0.03923294253849732,0.03784600580523527,0.033430691164187926,0.1037596127810894,0.012842486090758049,0.0009670806221411116,0.023364828012846128,0.0723989843116588,0.0599595395162928,0.0931129121517641,0.11694867788220846,0.06333981115954275,0.0015440526778508054,0.09129984235477578,0.09302253713947196,0.01875598148178481,0.049645045355700655,0.03199846308215739,0.02668631384237272,0.029844192029663718
568,0.4720410221612379,0.015867509469420185,0.011708834282077583,0.01590638269433845,0.01559369186551046,0.009763599263453191,0.02302252762722644,0.021140862848698497,0.020775752133400844,0.006410539897045035,0.020764715366987315,0.01745065849953385,0.01270066217970138,0.02302522613709704,0.0063517512536331935,0.209330434118518,0.034484187803540796,0.025103113193042103,0.016182720992591736,0.02237580821294601
569,0.017097599895061016,0.006455955809387769,0.008151680622966699,0.007460455015728695,0.011778296841318286,0.001230291139090586,0.012046448637857235,0.512431629060794,0.015454170998542549,0.03359758248415506,0.07206700171394582,0.01416744157426185,0.003764151650672684,0.01522508182018372,0.0025519702306721365,0.004275684543456283,0.008638487525960482,0.23430136049418582,0.004682208926142156,0.01462250101561717
570,0.00775181025847075,0.014704662079999514,0.01924856856973624,0.012207643021992195,0.015450947106253471,0.003362981940394401,0.01966013333626825,0.5023093435930872,0.018028463510378696,0.005935635681912278,0.15063846192114533,0.02826643393240677,0.010667859865814333,0.020847717232723523,0.003707774835995562,0.01967745136856833,0.09255336081886902,0.026214491418543383,0.008959772000410702,0.019806487507030124
571,0.008362442053701217,0.006421092687744334,0.008015880915841747,0.031676703947678984,0.009525920389397641,0.008474306914152826,0.20297030922302972,0.009768478328694286,0.20882240308175015,0.0232741510060732,0.029775385905656704,0.1278370342543803,0.0032124872002612967,0.05576999210702784,0.16393943213282475,0.007253051710105009,0.036959390986992864,0.007988867784446671,0.02292304087934539,0.02702962849089523
572,0.0017606612443326673,0.013887625014783876,0.0030485458063488,0.0037908629599249163,0.13504829948044503,0.0008545973792165796,0.0024521883319250297,0.008094241987035561,0.004994311261812434,0.5492134431153806,0.12874225866506842,0.005889659916436259,0.0020043215375093776,0.027325017402509828,0.0013453016555495217,0.0014883514235485794,0.0022065405074762428,0.0015052214159387905,0.0024099072967141266,0.10393864359804329
573,0.10245780403552081,0.045963574900472925,0.015878613846613914,0.009906407252189303,0.012824768530707485,0.004578347898604506,0.01488178358329891,0.006771119115596552,0.012486861425012666,0.004202516104350713,0.010380192061667223,0.01615788000892331,0.010786149000735296,0.011055920674256509,0.0034024426569453318,0.012887668913380735,0.6777234520423777,0.00486591427960732,0.007951706566479515,0.014836877103259158
574,0.006771495831086542,0.0186702812981484,0.035999017834608786,0.01395444468045338,0.014183794641284756,0.004178732669816047,0.08907171089359274,0.01841603210541541,0.01731615839632486,0.005423796304053816,0.01630002511094764,0.01682481441221894,0.007804678471160151,0.016969323558801132,0.0062898005506261965,0.004777236363788909,0.007532857640110839,0.005933857405274551,0.010262343087097699,0.6833195987451891
575,0.004201194029882814,0.016141712290314813,0.01088990914885718,0.007833113359905055,0.008776902376346894,0.0029313541730620328,0.0735801399912047,0.009297289666441224,0.010901914821593932,0.01498317244887272,0.324378412258855,0.008516612106377462,0.006105283586223603,0.29009497496989617,0.011420612550298954,0.0034050324676169965,0.006244503771090926,0.004835839552005727,0.1738937216273955,0.011568304803758223
576,0.015818576421408992,0.025059972030928874,0.05804618303673124,0.03196986624759791,0.02152471955198013,0.01400104102537938,0.015553106634562774,0.03145706490048402,0.030415014909131306,0.00892248078535586,0.02724280564669603,0.49205445249527896,0.012745015809135255,0.026132419284066514,0.008936308627501645,0.09902308530401739,0.01621750395817767,0.011175366622848302,0.025680148367578953,0.028024868341138865
577,0.013541187022977323,0.02334086834712514,0.020884812762890743,0.17532228563752328,0.026230467286592025,0.010653917607165919,0.02562071020873492,0.0200544960159405,0.46625577253016176,0.007857524900103373,0.020711194695677285,0.04382909162930007,0.01372323099868722,0.03001986745356545,0.019683168392444206,0.009374967148080155,0.018697776316157145,0.010817752126711709,0.024494111419719425,0.018886797500442445
578,0.005775433448835317,0.01582508321431478,0.01935540437979588,0.02838153752870358,0.019225091737960526,0.012188428655666635,0.016620771106744186,0.07523696198233547,0.022728785407524505,0.02895936089816163,0.03451610208279169,0.022748597242543276,0.009504472605974687,0.02597816571512877,0.007130515505568844,0.006662943763849408,0.011071127276790221,0.606154694438045,0.013078907963984839,0.018857615045280735
579,0.11191723144372683,0.16959226417877762,0.015505129222744364,0.012293412849695207,0.012982184223726025,0.0046453726862705136,0.015302028648001169,0.01768805090358493,0.016245938511637276,0.008803476009148327,0.03452294825779253,0.01798011754497578,0.007818786621290107,0.02034876496232937,0.004866028281244831,0.004907464329983856,0.008955835184438864,0.48875311430702983,0.011071197933889027,0.015800653899713465
580,0.04641933312505486,0.13894805537363142,0.014488812221940468,0.002698076672155657,0.013392480228990098,0.06100723139426348,0.008784611449174244,0.010549357187453983,0.175925242961485,0.11897886342702574,0.07021778752589848,0.011387902988632822,0.004282184778736671,0.1609824910836509,0.0837143831992838,0.03836098611819266,0.01735333857687088,0.005526688010329603,0.007403563509278486,0.00957861016795082
581,0.052183665988356574,0.019006861142404477,0.02372434941950373,0.008801057655228756,0.010698753309520205,0.0033892510008145297,0.02054252081226427,0.08148988713990021,0.01605873313020172,0.1545868853689182,0.08712077903895732,0.017339671033243062,0.008315937044098136,0.019493754129455754,0.0052549660840917195,0.006214368640185677,0.08191616179787953,0.3557115918584146,0.009621464267872748,0.0185293411386887
582,0.012116433932581605,0.02037531969854284,0.018758922760286022,0.02134341438343683,0.02904218353578386,0.007108237617145814,0.10762911796010122,0.019899165789803008,0.02550233812348074,0.5122063228101565,0.02259469811590153,0.018728562697214696,0.0710287379889229,0.025992613362086137,0.007353423170610845,0.006290964181015056,0.028185210741589962,0.009175657239808108,0.015843857369598383,0.020824818521933994
583,0.01107435341127346,0.01926193346377916,0.02233321536828535,0.018638258016033995,0.020949155811906373,0.03481269860328014,0.05483419059712083,0.029859278169157098,0.029790609402118067,0.007303633474478706,0.01943536348867141,0.025466538943766673,0.010622100644381988,0.02962441338871918,0.5961073620818323,0.014420904911874208,0.010503974475539128,0.0094217806584202,0.01268194681399652,0.022858288275365082
584,0.01289930608921408,0.031572578749314774,0.03078930956043804,0.02615151683549663,0.0312736012842589,0.013540713977562584,0.0206036939975056,0.04457590582426411,0.03137917047614177,0.02124488660477954,0.025404826626236252,0.0281583882407396,0.5177837674510469,0.032336210077774756,0.009299070388699926,0.036346438378537925,0.015252239662679246,0.011963516535254716,0.02698258611366582,0.0324422731263888
585,0.1812859113516979,0.1398731321497593,0.00820284279732523,0.007371365677325228,0.13833316209640814,0.04168493056976954,0.03950483508885639,0.02356483282020178,0.01074221408724993,0.0038627989287401006,0.05095391992506377,0.011338590409333863,0.004392048132523536,0.008816160083007611,0.004215267719584185,0.04116494063722564,0.045998177325229185,0.035777072371531805,0.006677897008924149,0.19623990082024276
586,0.05405573112760015,0.0423425877388825,0.05830366669598713,0.05863665658241391,0.03530412539458735,0.054196855245946834,0.04309267436212546,0.08701879427974889,0.023709965358918075,0.07872471015843283,0.048631204696203335,0.04028494495684985,0.0357691231192211,0.0686198124364218,0.00959771330386234,0.060870240642380884,0.07541074687505879,0.0829501550356117,0.02875021296044959,0.013730079029297517
587,0.03292589203026087,0.05295918742584668,0.04267830346735263,0.25242373305306476,0.014232429350238248,0.2951497872977065,0.031063836419284004,0.02176250555689783,0.021847677379679756,0.00574066786241855,0.01528224932818304,0.027940291418878615,0.009197605429215978,0.09001119974013873,0.017777109581084343,0.016715832212740245,0.015861677704571395,0.005849409039581433,0.007771701857808588,0.02280890384504768
588,0.013494308413386969,0.024183255459018078,0.020119323181577633,0.0321883564903266,0.021856579992181196,0.563186909870625,0.03242119832312782,0.03299196757599415,0.03235654169714338,0.007799305478154593,0.026441476180445,0.027418564721677852,0.024029445281677136,0.04025056494003135,0.023040931161400352,0.009429584050279256,0.015897115403626694,0.015144703239569115,0.016297558580716964,0.02145230995904089
589,0.015535449914284237,0.01363193618722749,0.011483025256191465,0.019188742098278942,0.01804596789039469,0.04818837219330676,0.04909767463006424,0.08964151296722805,0.19800881006816717,0.05752847918987105,0.09169681292288416,0.01325451197044432,0.004425939380532253,0.010738589908127023,0.21349494890755308,0.006711690236126339,0.02607708520596216,0.09409529887572059,0.010808728677626006,0.008346423520010028
590,0.014129593507033055,0.40175776388160633,0.01716076380046461,0.018042936993570707,0.014460147219547559,0.005464363227668343,0.012096842931450245,0.07438626379993596,0.01655820132256182,0.004032102632597255,0.016613970348350996,0.016074203380381086,0.004553848288242345,0.011952296180541187,0.0038846273431261927,0.005267025180980853,0.2846734589794813,0.05787593717126952,0.009563139365686077,0.011452514445504514
591,0.005658978457675126,0.03471970083745704,0.02886909018316003,0.027947996002020914,0.027473600057817665,0.010079642765651412,0.0222082167479766,0.09069761593791288,0.031625426326478905,0.04600600109654449,0.027294076950771785,0.04408084186546113,0.009283208320431377,0.03563688520011845,0.008291843931245447,0.008257441087582557,0.011371763479513687,0.48049004315474303,0.025796088828390185,0.02421153876904726
592,0.05347988859012751,0.020948080043761173,0.028466168575355767,0.02720091532606117,0.04965501797286467,0.007920095808096191,0.020916951709873902,0.03972548205898394,0.045990940855286204,0.017289078211492778,0.5305114128640317,0.022356343066985158,0.01276720418776634,0.02344766418440558,0.007452908343026939,0.00865220329022745,0.01106721167205904,0.03631037953305772,0.014468602836986725,0.02137345086954998
593,0.009190390394500599,0.0184801693570295,0.5953176670640414,0.02854947462046482,0.01606906343633693,0.02116832434539645,0.016482348903932482,0.020879999194306557,0.025653352911853045,0.005537513085289814,0.01781302147261171,0.06808339654245321,0.007872694209787085,0.022977049102454534,0.006255812593375547,0.005778363917252727,0.01030524453078921,0.019551255172998952,0.017140276814222095,0.06689458233090334
594,0.009127360005844501,0.016893780280068313,0.02345666686369924,0.028064076441405503,0.015384630233133368,0.0100051145103395,0.02228647525491005,0.453317688678617,0.023969644197531115,0.005720704311291375,0.020453251046929067,0.018675658625461458,0.008363136657946713,0.01923024115292556,0.0071415756126794174,0.007716510249096091,0.005792166955493671,0.2672334806197419,0.019317605222959264,0.01785023307992698
595,0.012974830287309986,0.022607373703804754,0.03647941985067681,0.02380322667458513,0.021403726717062182,0.010799041138353262,0.022248810588460843,0.42385272103279953,0.028266310743806217,0.03491697644608463,0.027196803038252938,0.03237108011941361,0.010147252335653995,0.03105824501825667,0.008347092460887004,0.009023522249676402,0.05174160358545827,0.09504352232455256,0.07179788221590377,0.025920559469001434
596,0.010353492948267014,0.020749158329061795,0.020993520707573685,0.021890910501405746,0.02051725948060178,0.00887998414987578,0.018739351351236024,0.02342014489073099,0.024938919814647464,0.018606025390276226,0.019425137144591403,0.024376802504379708,0.007195708917398108,0.02498998467037106,0.0075291043305790355,0.6698592287688298,0.011587946029697531,0.010452645555006142,0.01559648199921447,0.019898192516256366
597,0.010709647664003527,0.022538580845859902,0.03276780333769974,0.02388975697990722,0.018180958228588593,0.03793371674698289,0.0207999074227272,0.0338194045646387,0.10876261561721261,0.006369514223171053,0.02399456078306486,0.01946200358730472,0.013314126565484358,0.030065271493265013,0.5285277044304183,0.006392344880249742,0.012330443276092888,0.00914640647040169,0.016164463589661577,0.024830769293265432
598,0.04685529522556389,0.05657262211683014,0.02309101158861046,0.02113737481172956,0.024397811725931962,0.12100782576999926,0.009140673476294714,0.018792211861042647,0.11747700793385613,0.006713505968550711,0.017437186793106543,0.01967333806126324,0.0054498212298602034,0.3133472229542533,0.1000411827788986,0.04882992066775995,0.007972448963361549,0.005880324750898239,0.014497665940148322,0.021685547382040624
599,0.012321591405912722,0.03559608117966703,0.5375754472204618,0.023278384010331138,0.03568988134806684,0.013785727702330186,0.0219026325737169,0.026088596401959586,0.05151358432848139,0.009584223056605555,0.033716061988943814,0.048608229366721746,0.01206539830074245,0.028728809264135454,0.009080288247297527,0.011283353943555218,0.014299208853759432,0.01161359729116161,0.03136845615136545,0.03190044736478417
600,0.014425885509076045,0.03341821671794732,0.02824181081740269,0.020649596374308552,0.024531030407716984,0.013432353832710719,0.048856544851023864,0.03168246800375404,0.022476147180547263,0.03341543237787143,0.023669358679215685,0.03292341599186007,0.021910987815604185,0.5475375560431387,0.006383732065948899,0.010781951713037802,0.012577948809514019,0.012267914268629382,0.030036392764869312,0.030781255775823173
601,0.014786633704625,0.033257084373414764,0.03382807242186977,0.028808673682494356,0.04035281869964997,0.014842137294034748,0.033432396460105894,0.07215117028486247,0.015690619841784346,0.010441029314242364,0.02865304442570137,0.022453204876810823,0.018121555997215124,0.03293978831910646,0.4709402075378329,0.03048515906788657,0.01413937505957577,0.022083210983298143,0.030020640508446727,0.032573177147042366
602,0.013067511321431075,0.03881408343908354,0.02547560571913497,0.007284681558403082,0.035870415650700815,0.4866878354860487,0.028435073610851912,0.04809489014783105,0.03597941938396129,0.01076697414799295,0.03457311224104092,0.03941089656876703,0.012766894148693558,0.042844713164207564,0.018773173601558068,0.010443028364625266,0.014734531897600794,0.01885416849361044,0.04442117447141732,0.03270181658303975
603,0.019744111897567432,0.03811212006431434,0.037824755213992166,0.03158043449049,0.03653226050584041,0.002216686255115135,0.028453856408887448,0.05689818529362669,0.03900398732865557,0.014362887358012158,0.035318988131219066,0.01122141991197649,0.011646654974371446,0.032547025291697375,0.02305009762052465,0.4677372878804264,0.01662457214405759,0.02793756170700092,0.031148348791415478,0.03803875873080937
604,0.011395348078889167,0.03388577441460139,0.024802761506907838,0.04018855033972716,0.035116318415688304,0.49913789984495355,0.02581899850024259,0.02811465002154252,0.0347215867024756,0.011482702220414863,0.035348378045881285,0.030952479495609687,0.01568037703298804,0.0396105700937373,0.005630655425917344,0.011815009009039012,0.014475395463186174,0.011359192836813248,0.054018069028389175,0.03644528352299581
605,0.017538728930668684,0.03926516913346361,0.04132675851895551,0.03382497574699011,0.02914211580813668,0.011670173460151062,0.029720136032448153,0.030871022561234543,0.0315310943437729,0.010457495256647839,0.03498611043036964,0.024925794272250862,0.010162250320241867,0.5000518643427277,0.052013347797471444,0.010854119431227825,0.012719043711726953,0.017840611016396914,0.029378050017088486,0.031721138868029165
606,0.026959054216459388,0.02922627336029519,0.03536321791393402,0.03009839198262879,0.03429557635438571,0.008235375451377295,0.027292359876798997,0.07029153902272156,0.035260054090901084,0.010169026545963617,0.03179162190726767,0.04094684238058505,0.009688941126598714,0.03585164811798239,0.008676290113424244,0.011763538842490552,0.01415636110155609,0.4852550511062428,0.022908719797232528,0.031770116691154364
607,0.0016284071889202396,0.01382025376303922,0.014295216136543725,0.0230120171321333,0.01859940413865477,0.005138175360483439,0.018357550783648674,0.33900078489753144,0.026517024393205357,0.0072022397054058,0.01660939108599477,0.01481942131902459,0.007744776834639984,0.019855312274712027,0.006312590751284375,0.006275355391900438,0.00840454735319581,0.41065865347363983,0.019378695982312632,0.02237018203372955
608,0.03382942879675843,0.02445577153689436,0.028714160820996742,0.03985233915105759,0.03843229172519318,0.0127879422360069,0.06582399999104238,0.02311536972739875,0.03777242389740541,0.013513074066934997,0.04069867920084455,0.035204230102066636,0.017440753644738283,0.03743630607499874,0.012186710203335711,0.012189528474639865,0.4533313950189031,0.017294050650976753,0.029502048753699297,0.026419495926108167
609,0.011909496748474973,0.10256181852047404,0.05612148782887436,0.025029868708414896,0.037048849550687456,0.0043086142667941125,0.1221981868082591,0.034511747173754236,0.03314213025665789,0.01074520317258854,0.0351834923732953,0.04273071554999114,0.012628255935517627,0.030678081732556095,0.008329411168896178,0.009538012658866094,0.01820759941930244,0.01647499603118401,0.025028090359424354,0.36362394173598717
610,0.3375544598309583,0.03969344028103208,0.03274022892120569,0.024693252828751646,0.07759158613195113,0.0038797587511214676,0.0415420427370383,0.04842408458181712,0.03994246835993645,0.015474082260182669,0.029541649914896047,0.036813258522477264,0.01376279753394099,0.041622901300824224,0.009727186553436936,0.03187428786155128,0.04843986604403116,0.03274450598237411,0.043457653234541094,0.050480488367932196
611,0.013413477313988434,0.030809866271067538,0.04355979536036746,0.02148358589985197,0.21692703884182848,0.0074953445580889675,0.01984912786207837,0.01902732494261462,0.023735896208798613,0.2851706654567248,0.18743893033901224,0.018144050281983706,0.02320874271102905,0.021459549079509716,0.006302441746436613,0.008593442058827649,0.00967602157906852,0.009031489475977811,0.015823811575439734,0.018849398437305764
612,0.015801393815410725,0.03511774090561397,0.04480023078471138,0.027832226893350367,0.041224113999362544,0.01352392557450594,0.049500086875248726,0.04799319938545818,0.03642494161385954,0.014708477178031231,0.055634115837949305,0.42446371274626266,0.013373918763471862,0.04695250209775603,0.012406676539741224,0.027289757396981026,0.012202292471198495,0.020562486691428086,0.033276400993281774,0.02691179943637706
613,0.030962620667822304,0.04779717736458269,0.0559751213174954,0.032621327202587876,0.06236151042873802,0.015597070715651447,0.030044568009914143,0.010320920910172785,0.12863060650342176,0.014780759532831811,0.026388312522966372,0.033670021267346986,0.02666840288958239,0.039695100964957354,0.010999201536902531,0.014497113454361638,0.3324969183116425,0.01779550946499189,0.034090535182708215,0.03460720175132193
614,0.025343181866908888,0.0466943075231922,0.035433030142586475,0.038072673279140455,0.40126086896714747,0.010391240569148608,0.03936056327700523,0.03324838950207279,0.03541021728449132,0.04193764967158873,0.024499928725255377,0.04242963810910966,0.016488712320003807,0.03310333021007008,0.012141983919507812,0.06012446931696903,0.02411579800065397,0.00988183821730874,0.0270073295537671,0.0430548495440724
615,0.06918311942177967,0.060879140053688045,0.02346381090719205,0.032822007846432445,0.028890219680005033,0.012833466950876915,0.0252790106397994,0.012608015603659933,0.04281693536135558,0.010044675828994832,0.02989912821238805,0.025749108870446846,0.007977126985759494,0.02944136170967213,0.009028877652996384,0.00987159713122388,0.5057363001373341,0.014204066873955203,0.025103483437709323,0.02416854669473068
616,0.01972751014036947,0.032076804163480584,0.01990015288773232,0.03756429285462458,0.04817537289771242,0.008756076547426033,0.05773106815721416,0.03200994268749077,0.03354843712176377,0.013279816047080001,0.03902072004000755,0.4376442363259119,0.020498728050587913,0.03789467465070492,0.009478191470285478,0.011223671022913264,0.026306626430877573,0.018449013554182044,0.03320835226954946,0.06350631268008584
617,0.018114154051072185,0.039727783403752555,0.028455337708586687,0.02306497392491587,0.021502922106157108,0.007924007696783121,0.038222743902950586,0.30977659317422024,0.030829294545934093,0.2445656608312262,0.0221901043042093,0.04679299962014454,0.013729875918361509,0.02898383646173915,0.009837955734854026,0.006805003142056246,0.02036693615076117,0.014763797115351718,0.019221985561979533,0.05512403464494418
618,0.07833543367993444,0.13009652582414033,0.01804616444098887,0.010252794867953193,0.01733785224111961,0.07433209707664058,0.0190892732121095,0.01976687146838769,0.01658628844309382,0.005736543476609484,0.12002768912589996,0.018572215577148284,0.005035547957917857,0.014886126155897387,0.005193280022863543,0.07846186489534922,0.09726273686204502,0.23512096548551553,0.016540701028386944,0.019319028157998772
619,0.001746894617320664,0.471444270567793,0.015616893714481524,0.026452993738473846,0.019778408833548575,0.003528015748573126,0.013523642646291328,0.06957106002563467,0.01964652033324595,0.008760365244219243,0.01681414356752958,0.017566348966789713,0.0057495908470425,0.017482283120583152,0.004545331323601754,0.005613780792183866,0.011840203971990778,0.2409184290537145,0.01324641414739672,0.01615440873958558
620,0.012139575182647163,0.031938112219826946,0.045826547715733745,0.019695546319574705,0.07394264749210389,0.008680331561071238,0.03391740130894244,0.034493503238826016,0.028928393408317418,0.011289995095145075,0.024629006605073205,0.17840067535075113,0.011266674540422036,0.361260436612111,0.031182157979290175,0.010805493855208343,0.00952511318625882,0.015359217387383462,0.019075541079754683,0.03764362986155851
621,0.006670666190647035,0.02483351804479753,0.01793623551754391,0.015750939166036638,0.04813777672133518,0.00797950501314995,0.011393536509845254,0.3467313043793565,0.017082087298995956,0.22252143243681424,0.11183111819574253,0.019084838813953228,0.018172629249850684,0.012877355501101658,0.0038288336020629622,0.005700939734689402,0.008985243727169613,0.06542094041222914,0.009781472344770394,0.025279627139908233
622,0.018932180374653367,0.029250616790293282,0.034172262605739134,0.05400933114550769,0.04465396427793524,0.01141855444898899,0.025578490495598332,0.4279068286231162,0.04783347136028745,0.017389585417929274,0.034484247568796034,0.027223603386545444,0.010078942185152494,0.038033810403129614,0.010120526699515232,0.013991766721374496,0.017759896103486477,0.04392612741921143,0.05716598921637844,0.03606980475636134
623,0.012652105689538054,0.057682530484255666,0.0440126862275062,0.03461061868934666,0.06303985722404837,0.009125217110359919,0.023263848958110955,0.05885688115056505,0.037930661788950513,0.009420782345716272,0.047174399112655245,0.02778652565997028,0.009116822415511124,0.005962109528757145,0.4277178780027398,0.013406418279967707,0.017402029929440403,0.018091115806237682,0.02189425022798479,0.06085326136833816
624,0.010969719951458389,0.04595912394873236,0.006631940041890525,0.005649561992903246,0.10892858161783327,0.001579144989852524,0.09134066459253186,0.1444717335535645,0.00310283628069416,0.16844947487493891,0.02486842828339265,0.04847360246040125,0.0015310320746555904,0.07053684535440465,0.00191647603797856,0.04169743825878262,0.06503459266388027,0.14612288870713547,0.006808635326489758,0.005927278988479399
625,0.10072838934876727,0.028498760625988693,0.029969444014797942,0.030877802220565926,0.025133758329444877,0.022150640127574135,0.022807782526911874,0.10729551863976772,0.017540184688731062,0.12597915458075434,0.28477490785687903,0.018882900079312825,0.01003718038563712,0.019439834854489163,0.007281365843534199,0.007372290088518114,0.03277177089240877,0.057465850309372186,0.016644408599084674,0.03434805598746008
626,0.018816142798185845,0.03171716283691361,0.17578226789096374,0.4454564760483332,0.027835688381152437,0.025513708416168956,0.024354782897721857,0.03510750645656361,0.012776412735937714,0.008741702102566909,0.028913843174211834,0.018674583066146437,0.013117320642399182,0.027523661762578713,0.007455632992900789,0.010410739076715527,0.013192630854281991,0.022275928745179505,0.031081243237221428,0.021252565883856673
627,0.312966533285193,0.025507711100552874,0.03015118039919963,0.02769980934162299,0.025192416542747283,0.17258649612389107,0.022488746392947668,0.023613539676566802,0.021265968950744753,0.007025412903278153,0.029064234734201416,0.020361898981004725,0.008640967699795877,0.020336062341613486,0.006485762171558208,0.17465670782598597,0.022233060846705077,0.00610506789651731,0.021187126139136935,0.02243129664673671
628,0.018800863782563574,0.0326319416192114,0.022582356601454426,0.45527913484326993,0.023674119413219397,0.059615036505811625,0.028511644532181496,0.03490662794227419,0.06345650480697275,0.010568223623373988,0.0379084472102113,0.03364796633448688,0.014450313111528218,0.029213642771801274,0.011516882445841254,0.010158261028842137,0.013028005612273246,0.04830532813641528,0.025554256109178452,0.026190443569089217
629,0.09034477981527596,0.07210098941950364,0.09074812700319139,0.10802822507401477,0.00996299995176804,0.005938154167882584,0.023824852199942802,0.013418036155901645,0.005406878662410931,0.045660646261581866,0.0632149513446227,0.09397105998573659,0.002481455944391007,0.10894968650051118,0.040076782380320135,0.05153443817003365,0.09132301665728602,0.0652721942790571,0.013257924476643479,0.00448480154992452
630,0.07748966117643437,0.2539612351783402,0.0108618633030824,0.009338146037010739,0.009211447276808562,0.008159312920951895,0.012996445426907444,0.009842492704047892,0.009892140158539014,0.31167891526548336,0.03855073791277697,0.008173737716995486,0.0037249416885540144,0.006732454785213189,0.00300910907941497,0.0032603252569478984,0.07694852447793737,0.12912194837083354,0.008854639058274993,0.008191922205445635
631,0.008665704307979007,0.03028441353015252,0.02057303421170699,0.0319790621388528,0.10898157279882777,0.005696147681456643,0.019101399080908025,0.11593746182384261,0.024320534516500115,0.29907694816494573,0.018920922790996466,0.018508801662403724,0.00841071537099384,0.023488000533082625,0.006618015657579006,0.026635054448242813,0.00978819215442203,0.17552161257014418,0.02575583179855216,0.02173657475841087
632,0.06694694653025594,0.05962195753818588,0.04894993912772946,0.03620433220433422,0.020133777817073747,0.06118382444038218,0.029917177708331983,0.055508830405071846,0.032309301316761074,0.07809932243399018,0.06404084547672965,0.08185794376781008,0.0006721838376302103,0.07632860478324548,0.033453537606716405,0.07687904947995407,0.07278473915566429,0.06591275744042928,0.016427802103949226,0.02276712682575478
633,0.04538025556626227,0.04165122655655586,0.08389541856269127,0.0955175540303053,0.050554229513218606,0.03552281384131929,0.0746631924809071,0.046929743694426686,0.039803498116076086,0.04527525830157581,0.04565312676820587,0.034487465093691355,0.03492697297160422,0.05222324239654668,0.018716622988369805,0.05346040702144069,0.05971660142243487,0.04939680481362982,0.0286118428238701,0.06361372303686834
634,0.055921486225496676,0.0789804585460888,0.048789978107612625,0.0546193077179635,0.02749002669951171,0.05231751242063892,0.057567988166307794,0.01963201851595242,0.0691009707495641,0.010474341254044783,0.03810668287668063,0.0757755561926033,0.07277597416035787,0.05645154712298006,0.060440371203621036,0.09003599511664657,0.06001050611799924,0.03349998483485,0.019518683782111926,0.018490610188967947
635,0.0218054650230687,0.03412908491785247,0.5066793504063193,0.04700546237460893,0.0314325670326377,0.041142527598596525,0.028473962888553504,0.02816635840445371,0.03895611741638296,0.01055024943538571,0.02895342083487967,0.015386991069307554,0.012451008914464648,0.03115760917443537,0.008171540253991782,0.008170584114547965,0.014486751449028083,0.015374063952468512,0.018623239206802453,0.05888364553221435
636,0.009529925358324401,0.018082983133766398,0.012781386870656393,0.01988157385377487,0.02521562416212271,0.00710974990108298,0.011306357676155813,0.15445702701498418,0.011290413307950721,0.25714664984792596,0.2944884937563704,0.01096575363807645,0.006688724377419458,0.03867599065817325,0.005768674846739904,0.020059454598338532,0.027554653148696314,0.040782371346745706,0.016302708565366763,0.01191148393732872
637,0.05957417376985868,0.0389546708452673,0.02593970555637369,0.050890596657765186,0.054258082177085366,0.05718475361114358,0.045341991809270565,0.06212688663339788,0.05598829961414128,0.04317312846128643,0.045811655656260525,0.051806335102169164,0.041561053804694825,0.04230559968888425,0.046241067759222675,0.05459825386880576,0.05059519928132724,0.03450075302886662,0.049101042588164716,0.09004675008601433
638,0.060211157899789335,0.06549683537920038,0.05297818857728819,0.04284551475406212,0.03558474166447167,0.04460388907257942,0.0636866396994384,0.053374051187224526,0.07673961892082139,0.05022727628105361,0.039453993312764626,0.04897210796876916,0.0010199283389985977,0.037186829509770085,0.07129392174805009,0.06501874383704341,0.05066668092772034,0.03464347548578301,0.027877443869146434,0.07811896156602523
639,0.011626202315566677,0.05740705648639224,0.04637853596824895,0.029512619438506044,0.018045089848222128,0.00735698566743774,0.022428358906634267,0.1294123541124745,0.027501977675302724,0.30579185246914603,0.04066937467610382,0.019756830632317385,0.010074944958588678,0.028407279542300278,0.006998011795804873,0.04155777375658683,0.010796033707046107,0.13970425223253322,0.027330062198876164,0.019244403611911393
640,0.06366278020422846,0.04902500578337635,0.03881919180807716,0.04688572073713104,0.03464431959793689,0.036281858981172005,0.09026058446081008,0.024358450420984553,0.09559947312886193,0.02774016085045594,0.03337491298149751,0.06825102148588437,0.010264717694262064,0.09564506368903064,0.11811509399691462,0.03839354097203595,0.05903558302855608,0.02682309683475941,0.02173505590571917,0.021084367438305666
641,0.06066507281800642,0.046565401110370865,0.05141974449528223,0.03484676147345986,0.04371299335010492,0.055479770139329476,0.07355205262804142,0.01010967038088566,0.09318651519680489,0.017806058358443483,0.019069734885836288,0.06584149726604517,0.004384521676831785,0.08714857948003656,0.091756709260731,0.06463550293992322,0.06167797417952372,0.03369803459905386,0.034776118347063574,0.04966728741422566
642,0.06327175382213954,0.024225106048734266,0.01905567209623664,0.10331977297823038,0.008487484713761236,0.03947003900639459,0.08262101296805867,0.009787589850222161,0.1262858808371882,0.007022623002722242,0.011790231865628222,0.016155810452755544,0.14066686513667026,0.0543647776400344,0.10331267124276011,0.09600579941551085,0.06426689939741988,0.014679237069986334,0.007893809332072338,0.007316963123474175
643,0.051569828342459774,0.06825093271889089,0.047419286509106685,0.07184198109218232,0.05450746408301423,0.05689844138390835,0.03303487731893623,0.05895169181974277,0.010554758825173727,0.04977176599820169,0.04950748572685684,0.06999471725841545,0.04738438538834227,0.05742206395217103,0.02255379827231342,0.050332808095687014,0.05826606371196661,0.04989729697785609,0.025442589018504467,0.06639776350627016
644,0.05237281840959509,0.05943493884932127,0.028134369551669706,0.03351854967237653,0.018595434594887873,0.021610244702378125,0.05028639974558283,0.043332508063690954,0.07734955980246172,0.0684099617715183,0.02902492296084259,0.09267380141316416,0.0017981831248718133,0.06939249641264449,0.12305251195442356,0.07028198461682995,0.06528743728788727,0.052292507343088344,0.011794650947520953,0.03135671877524452
645,0.05968292997713393,0.18758599069160944,0.011699273556458672,0.009596363399192039,0.017422262645585104,0.0047241319711450735,0.012747066430888992,0.22952437329069167,0.014445611969644516,0.09166023686245424,0.012529828984996166,0.024064635381608034,0.0046848406271363914,0.012918872809048694,0.004139548068468695,0.005063972801903093,0.022467255610442504,0.25138610406327233,0.008880878793163573,0.014775822065156865
646,0.05601151575552102,0.039564206929349956,0.07369954098550678,0.03903833625902386,0.03284870320606362,0.04003494028914183,0.10884233717732762,0.053068294836182556,0.06392691307611494,0.04105352889929896,0.03609075064071371,0.04544275260366881,0.00907619517197362,0.06291190372128637,0.04613868609241075,0.06437223138841207,0.054520455594453204,0.04309789878519105,0.044810517749236,0.045450290839123275
647,0.044029777444154115,0.04163578445032998,0.05428532066423988,0.022784222291442877,0.04320603998392702,0.051094352870731885,0.058803860492390135,0.048238807309446775,0.06145745535055724,0.03836529501901285,0.025376725613007144,0.06348804012737928,0.00204924580638786,0.05019333253553567,0.07022886274730321,0.06715845151048404,0.04929351764453436,0.04831669967006186,0.08420967676448482,0.075784531704589
648,0.01693581855335541,0.03422840204813804,0.03281485863996709,0.03422579427961183,0.0503722571457901,0.008621392464986872,0.032403766296741104,0.03894602105308631,0.052527550346201164,0.021989328977238515,0.03624277296814644,0.026892320608492327,0.01279587332285055,0.027965005847172004,0.035439293370815486,0.010555673229735793,0.016919967347579643,0.013366258200231162,0.45304166772090365,0.04371597757895649
649,0.016663132552242926,0.0450783136817395,0.04330597608800998,0.02672274064786952,0.029660818309935263,0.00797963420965696,0.026723221379984393,0.06261291349859537,0.03153315048124846,0.4887259481141481,0.05187499981460503,0.023691613979293303,0.01097385572194741,0.029139159028390305,0.009948628750136612,0.007184012448387436,0.016350921250462443,0.01756312502135087,0.030099923099865245,0.024167911922131052
650,0.0618869666927905,0.05698480757962413,0.03972701858197115,0.058006625012562346,0.05165835085315174,0.07745076473426328,0.05465152829537535,0.03747928572275147,0.049157762789158344,0.05114190548780299,0.06329440833419499,0.06497855854549989,0.0005342295076370707,0.05615517275426729,0.03683900657203711,0.05286773805150455,0.058542678725970104,0.056802710048448925,0.030271756234228064,0.04156872547676068
651,0.05968979183367168,0.05034209851296914,0.018018208744223694,0.02586018494568176,0.07185140272585876,0.03145318347243977,0.04760245963884439,0.056947771423530746,0.06871232536471264,0.066570949877309,0.059526735558603744,0.07586567273976749,0.0006889827500101304,0.0679167735569797,0.05297633748441987,0.04460521885064256,0.04889477972006695,0.06093675192649154,0.027658540770863677,0.06388183010291275
652,0.06964090704962897,0.06530155814130727,0.06889255700288534,0.07251218426131192,0.06876700059348981,0.001883125099321462,0.07542777060062537,0.009186895987697227,0.04148330332740366,0.015535911797002097,0.04925018022501012,0.08654350773166898,0.002306460772666336,0.11937110191526823,0.02285537244468989,0.07035907011295424,0.013023711084516982,0.031660424334822246,0.04276098412510645,0.07323797339262346
653,0.16951071379446278,0.02284447599988078,0.015526479308584811,0.01403604082450413,0.03030022007066562,0.4458122757639879,0.022698645629865816,0.03539036016868454,0.02456880180153446,0.012718267894444113,0.05738054437039414,0.01773031965310285,0.014468656093203677,0.024782543673631845,0.02170970344182109,0.006999362908977204,0.010098856671229662,0.011333072256583164,0.020279884285618565,0.021810775388822794
654,0.03559702787876557,0.07100761473952158,0.030546968237184554,0.02796118142977283,0.04548124848535296,0.026299048164868916,0.06641990394183798,0.06384972631727003,0.035958300475426426,0.07235460666508531,0.05206328066061223,0.06054482668821454,0.041618762226932865,0.07816069379132899,0.048723845851816966,0.040538571768226034,0.06835625434746288,0.04820416468047627,0.06823670765359596,0.018077265996247097
655,0.019707183150771343,0.045815433527768484,0.2748276162998277,0.10307987976110915,0.019991150609967572,0.04890119291885587,0.0180833983937433,0.035639410995004624,0.021167382893946766,0.033841198542194494,0.029212889532283504,0.161959056841353,0.012798497235998149,0.0309397712454272,0.004481791151360157,0.03362494820543715,0.03507439139929256,0.030443017850829656,0.01621261229881502,0.024199177146014317
656,0.008205259920827315,0.027537834322728938,0.018159413811097366,0.019052188295623423,0.020024065511931477,0.0369821687747613,0.013049525210083388,0.015302543972203875,0.040502105283027195,0.00812320409044495,0.019883653884655402,0.012336198721532342,0.006550392842209043,0.020209202632856384,0.6753679068199255,0.005310885378362038,0.005765479604585213,0.011065576259173475,0.021373092417581046,0.015199302246390226
657,0.010822785240540233,0.026971660614638713,0.01926952397416346,0.02582309894432562,0.0544311165101049,0.006173495443208752,0.011760625825604441,0.015936626628537825,0.031092369673401135,0.6091982680091865,0.049941716962149385,0.015385706062656547,0.03403419266711395,0.02240776280669483,0.004827239471629622,0.007346358164167136,0.008209836224445351,0.010559422996571992,0.020448642346494274,0.015359551434365343
658,0.03547348248535621,0.09266110049982128,0.006509277539580824,0.0024030947748395625,0.0028798260992712386,0.08680420100323194,0.1198436421008442,0.0024077273394939496,0.11030737788919835,0.002140536074092539,0.012525337297210497,0.09091835081277123,0.0010278563261036779,0.09554824771163667,0.14206859303076058,0.08132557006879175,0.10450174027741953,0.002738773419465832,0.00513725745127853,0.0027780077988316314
659,0.008304984927555091,0.01999035370432676,0.013988497793396615,0.018596464387744333,0.018180771701555683,0.007133979659953257,0.02757788279555612,0.014755042591751219,0.025107180415232504,0.018973605730004606,0.021082902624857156,0.020379482616739622,0.0044118750632880935,0.029400803057700858,0.6834546311441007,0.009708008387364152,0.00669372375418205,0.012618333249034401,0.02176699076901349,0.01787448562664333
