site,A,C,D,E,F,G,H,I,K,L,M,N,P,Q,R,S,T,V,W,Y
564,0.08299219288460323,0.04317169554040929,0.048495501847170684,0.05959737539524355,0.015013427992081115,0.021790033676267556,0.058537000866860894,0.030845793645568508,0.09413036105079647,0.0537861197084136,0.05066261766456754,0.09074531216093833,0.005341226995563389,0.0880652240461869,0.09368524419806949,0.06390068563364736,0.03169873200391233,0.03779879584848294,0.01181672108873061,0.01792593775248622
565,0.005925875548147695,0.008793583667339375,0.010342642997236775,0.011568467743119723,0.01103042207111949,0.003078283286102551,0.009317669733202064,0.010681028764728756,0.010685455585581496,0.7776381350344423,0.07492959276646476,0.010070525287152467,0.008467459461537645,0.008866599114737887,0.0026945079894003447,0.003476449724475269,0.006671179524660007,0.003865433008928993,0.008048586283659072,0.013848102407963232
566,0.61733261482182,0.08004275754122012,0.012875812315726785,0.012753259564947455,0.043039270805853326,0.004010403083488711,0.018619805713794523,0.03377469042945602,0.014909614077485839,0.006184233891984806,0.014934829656572682,0.02005737115285165,0.0065091609323265935,0.01325104434000199,0.004446558924491024,0.023159893592202968,0.004672070467377015,0.026581137606338245,0.01808689460391642,0.024758576478143755
567,0.036118084510083394,0.04364607738831001,0.026396235454549083,0.09769843089548523,0.011898244121793805,0.0011326465353251119,0.03150181861374044,0.06303339254364983,0.052116735405486087,0.08852865260844395,0.10930082034462989,0.0602689512894015,0.0014648613155518965,0.09819275909875251,0.0949422285425623,0.02614078805362136,0.045929694925452125,0.028993735415005027,0.025863517909215577,0.05683232502894093
568,0.4512154476870116,0.015143355148541966,0.011042161389199364,0.015211093806557498,0.014923586130577095,0.01300240618325775,0.022000588282706943,0.020204713247078284,0.019846265412117998,0.006126801176772748,0.019862056594600306,0.016664143623641995,0.010413132479706969,0.02201309108714708,0.00607427761599996,0.24061897687407188,0.039050199417431423,0.01968901205977624,0.015461645184440707,0.021437046599362203
569,0.012226587222044297,0.006227192142491717,0.0077919577168755845,0.00671254014638861,0.011137377578943253,0.0011591554648083837,0.01130493590073752,0.5001342445308824,0.014560028066559913,0.047754609549435945,0.09444332027596224,0.013502657925149389,0.0035324123812178654,0.014233345634981376,0.002394201811501984,0.004019097312211406,0.009100018954657096,0.22152650791103015,0.004440773769122407,0.013799035704998582
570,0.007359463051413036,0.013935120203799035,0.018406390997471992,0.011599298553541566,0.02034963287361057,0.0032186091791189565,0.01890289048167381,0.479941500672389,0.016986873459066174,0.005388798654826505,0.16803312658732353,0.033056381903825836,0.010314785266159721,0.020099436099563335,0.0035279290950598237,0.012440273953720452,0.09634716041753054,0.032609322996742005,0.008492536783998986,0.018990468769165218
571,0.007963672532597216,0.006745848800368193,0.006965680714568249,0.02891158926832131,0.012390129246293373,0.018529290851822613,0.2153177483352681,0.00845861042645139,0.18129902934733078,0.019554408608581222,0.02657666842192011,0.13024775258214089,0.0027945246861595593,0.0663088056989402,0.1471932987757337,0.009739826359326862,0.042297251973535684,0.007138325017541003,0.030082015762505746,0.03148552259059383
572,0.00148282171134615,0.02708201187579989,0.0025624627063112614,0.0032122611550102643,0.12860966889760328,0.0008171211419771329,0.020905339994681405,0.006824882932241855,0.0042137459033830685,0.46600152993753213,0.14909531197259715,0.007778162840779183,0.0017985080131598466,0.08353464553473398,0.0011458320819265786,0.0018575776289483554,0.0018673452012644594,0.0012719599890574538,0.0020417231513477547,0.08789708733029873
573,0.14484569196651065,0.029602381569093214,0.015162869387964956,0.009456353639350153,0.0122370616886179,0.004379502544764047,0.014255020781232494,0.01688752737953421,0.013042636047243983,0.00402375560330013,0.009940909866239338,0.01546106575331146,0.010012901451651198,0.010550278139487945,0.0031024822530885798,0.012499806368049376,0.6480961680836059,0.0046538066686583396,0.007610226688998283,0.014179554119297763
574,0.006663162623357353,0.04249074291373672,0.025123454738663387,0.013743159781297117,0.013994389319848935,0.004127154289720324,0.07932721777052772,0.018222685809752028,0.017191820093925145,0.0053373468771942675,0.016048019210524612,0.02201148429756127,0.007677976981465974,0.016853405287775073,0.006195373542033436,0.007156950541387974,0.007413715283653825,0.005845699057444624,0.010101064053951711,0.6744751775261784
575,0.0120925188110217,0.019887006859096567,0.009842813770747279,0.012052938113834843,0.007954123523527852,0.0026772492692770954,0.08805140492068943,0.008574307902791034,0.00930052762591845,0.010457555817692638,0.2942761056950813,0.007757570823552624,0.00559996498829599,0.2650802472869048,0.024340734746460924,0.0030954399401974153,0.005740186136754724,0.003901434178309868,0.19871348703600186,0.010604382553843538
576,0.016332434515063592,0.02448769597105745,0.059319436738412196,0.03167639092041863,0.021117911269038364,0.013560720824104625,0.04091378195361376,0.03724034283869399,0.029840910389955167,0.008774221811731184,0.026793424332734128,0.4830510651665832,0.012510059347704565,0.028581848010668598,0.008773643085553959,0.07620445693450743,0.016121921293218957,0.010945526011452563,0.025241635747617387,0.02851257283787018
577,0.013891230322860946,0.024443353793995374,0.021774746645222578,0.11044041369674362,0.027356603706325106,0.01119714356677091,0.025731052295539777,0.022938238656501048,0.481543396150138,0.008178650865713427,0.0205151664776349,0.04371498521715889,0.013916605651300396,0.028214869835846822,0.06533405027515297,0.0093784242136224,0.015965365257293588,0.011229575791247741,0.024401364174408805,0.019834763406522633
578,0.0342106737850116,0.012779616594203722,0.015596460417068457,0.019556050118802133,0.01554250129902353,0.007908969979177196,0.013431174143323054,0.1864301763804336,0.018396011363566715,0.06366038272627635,0.02998344885431434,0.01834005118111261,0.007691659189584056,0.02106477683506966,0.005764332747731727,0.0053833909526612754,0.008929709268306866,0.48953311194214527,0.010569056252372725,0.015228445969815053
579,0.09780971021052039,0.13109225789753318,0.01688925013982559,0.015443055933379536,0.014067970888433206,0.008430254655972622,0.016551773910275954,0.021402008096427717,0.017734702252179685,0.007654895125099783,0.02162619235324327,0.019577352379897762,0.008520266742851302,0.021749647553907663,0.005278076880593456,0.00531330772543331,0.00974899809203883,0.5318633495674291,0.012096073224250041,0.017150856370707675
580,0.031860516411973114,0.08619430863623755,0.01925750646987491,0.05042551028502471,0.017633669342427896,0.03857479495800998,0.011421527189864536,0.01244984123393078,0.2283983867601019,0.08311777153472906,0.0680870064738774,0.014820564985225777,0.005566265480588205,0.11353866795032204,0.13593781782184305,0.031648046976546336,0.022080848505423457,0.007246023501099932,0.009401832588458808,0.012339092894440578
581,0.04368679519735829,0.02280785554577676,0.017835768827267087,0.0075922376127023706,0.009230726464482324,0.0032783765231808684,0.017710456400539743,0.0654777993295065,0.013919809077429039,0.1488968231453627,0.09236014577023173,0.015062694904331314,0.007243215020903515,0.016872281429903768,0.004554303332230003,0.005399185898663013,0.17576108952681482,0.3080269701952697,0.008320834062164157,0.0159626317358822
582,0.011118809043294825,0.019672377068217655,0.018427580154337233,0.020683757506934675,0.0459173889221392,0.006999539222233494,0.0712051634888319,0.016722190045516776,0.025026556131476252,0.502364199359103,0.022207482960359032,0.018232144782412075,0.09143637574815638,0.025280052805867814,0.006261335309043811,0.006185006058008292,0.04720897727379475,0.009174537153653241,0.015458495042561816,0.02041803192405772
583,0.011244767181813884,0.019549548260563297,0.02266966870695343,0.018931063209417433,0.021200456092054527,0.025760272772664596,0.05590280938399822,0.025660961684414927,0.031001980739117196,0.007403815500506398,0.019707232843675843,0.025763423089621002,0.010748240979351953,0.03000017263708761,0.6041507126233133,0.014054188993952136,0.01064575356490719,0.009576443509099322,0.01291122403789037,0.023117264189597298
584,0.013221933636168299,0.03224933981555796,0.03136121075015103,0.0266817158281171,0.03195191603723314,0.013819485822640679,0.020966483172469384,0.04540401207306699,0.03197228889094026,0.013312664364033396,0.02589743236731366,0.02870102574256737,0.5281642350125778,0.030954576732243305,0.009479128078516003,0.027594679340411276,0.015530522108741169,0.012234787645881588,0.02754550523639751,0.0329570573449721
585,0.1815044985887806,0.1267963520663135,0.007319492115276226,0.007408716707039866,0.14365364078596007,0.04912881692750667,0.05540420975670655,0.034894888636697534,0.009993491554876041,0.0059738636656910425,0.038556922337850685,0.011432235055494837,0.004447405645463924,0.008839743460471493,0.006348115173575374,0.06663467940807899,0.04390237894257457,0.037092838769018005,0.006185274347159924,0.15448243605546413
586,0.05009149441539971,0.03595850023510939,0.08318940330501234,0.062012055446566176,0.04083168031118672,0.05620042221329883,0.037482702734335654,0.07841417944506483,0.02861419063671053,0.07455471239703897,0.03886820366059146,0.03844113800229069,0.0411223704994665,0.06653070411074079,0.008793727738491743,0.06207326192811887,0.06282098393368503,0.08337848626207524,0.02831417455171595,0.022307608173100606
587,0.03407326565132988,0.04156529236240042,0.03555843931846483,0.21818143426542388,0.013731214645946135,0.26915498288409845,0.04263367032000851,0.019788700073111964,0.019711788643774802,0.006727126573037547,0.01820941322530722,0.029447544587991023,0.008426229723762136,0.12857361183206265,0.012769223411124355,0.035837301748708195,0.016845384878171176,0.004884159940319385,0.008836045736656669,0.035045170178300784
588,0.012952517587623467,0.023227951186547597,0.019221276071582378,0.07561943151130755,0.021007618253437627,0.5395839309114878,0.031076786179558048,0.03171380709412088,0.031045709574668623,0.007465137063252358,0.025380451488599774,0.026237298520375967,0.023131219709431026,0.03844676836350267,0.014080924630292152,0.009042113127203747,0.015225146734800481,0.01936343478151086,0.01564725746781385,0.020531219742883165
589,0.02309017631318247,0.022211516126956373,0.00923254619917073,0.010554501354017675,0.014490813623701387,0.06319414840863162,0.06285625650956157,0.09441893586299259,0.1593967080786519,0.05912258556612134,0.08038406735366378,0.01950346826301151,0.0035677845807944573,0.029742003420465683,0.18495105016949698,0.012038640479380634,0.041081786617848275,0.09263135234479046,0.008527577251253731,0.009004081476306866
590,0.028352564212335923,0.4334686357219632,0.015106619458118115,0.015861468152731987,0.01280594126787505,0.0047933135353727995,0.010577552164114221,0.0680816953044273,0.012913689640366833,0.0035417365128034184,0.018875356008705133,0.017427788708979607,0.01071839212867233,0.01050667924019698,0.0034169325722525784,0.00500509156617596,0.250278339544443,0.059813184211227687,0.008398016130722535,0.010057003918515366
591,0.04535675258126696,0.08064773557343359,0.02663393642650067,0.025826607271934584,0.021714160320713452,0.008569013038643627,0.02040748083940631,0.07479162473551382,0.028965318497054988,0.04079986851324723,0.027625995918938443,0.04028993623465607,0.00862655232108583,0.03247592900184217,0.007743439847847112,0.007680016644385997,0.010597627066636963,0.444678793466806,0.02397118106414747,0.022598030635938668
592,0.03811803236343636,0.021104973561796598,0.02872165159339332,0.025882500309924866,0.05208160531574821,0.007995744834603838,0.021159624953428543,0.036484135421563445,0.03558528878870304,0.015964732979527264,0.5361967718634965,0.022659235064566352,0.012929219275768872,0.023738631630089862,0.01014656204051293,0.008734005794145815,0.04454375406146138,0.02122140616167233,0.014604333458755782,0.022127790527404812
593,0.009660073384583781,0.019427528249640804,0.6258652817938969,0.026294652759671567,0.016905723710739055,0.0276628843314325,0.017374031450647667,0.02198631990652684,0.026988000172228768,0.005807203364389685,0.0187263728306321,0.05108439488724906,0.008267916678068908,0.024197607615303447,0.006576318036953349,0.006173562572466808,0.010839494317982541,0.014605667595220294,0.018052727084915125,0.04350423925745089
594,0.008782250882405303,0.0242319015947353,0.022675705861578105,0.026713212089185426,0.014815189540437172,0.009715020690631881,0.021200959763382324,0.43563641444296275,0.022532055910279503,0.007934304215868096,0.020131576681726198,0.022312906649714376,0.008140265525313856,0.01840380748646443,0.006915172616205514,0.006754330503488579,0.06815776377676559,0.21910171581472548,0.01872929331919822,0.01711615263493189
595,0.012408785395158663,0.021925428144528653,0.03507288268730829,0.02259270140338308,0.020052956891819854,0.010415316939636507,0.02131694254136769,0.4062608414400169,0.027292832083075074,0.0235953454445525,0.020568146841930996,0.03098927443273794,0.009773536951841355,0.029125182382632658,0.007929979224602954,0.009418487213060498,0.04377024595923801,0.15276111086786473,0.0696640844318792,0.0250659187233645
596,0.010069224403127965,0.020112133706191193,0.020401847014235135,0.021278791713398432,0.01988509295268266,0.008630011533594337,0.018243523172398815,0.022789775371734513,0.024203223033000713,0.02500354140360449,0.018899787212581964,0.02369652737759845,0.027091562210939762,0.024313353341404026,0.00734043254969483,0.6512422545017004,0.012092697815232053,0.010170388664161631,0.015167978826248362,0.019367853196470376
597,0.0108628588440084,0.022796800547383766,0.03282400706452602,0.024106165113894268,0.01851072432086301,0.028112286256601223,0.02128744142508107,0.027446842707147524,0.08885016091739596,0.006464631642056514,0.024164129128303836,0.01974728236821865,0.013445701994325446,0.030815048000774652,0.5364201249097514,0.030613272737496932,0.012469843625444092,0.009250042980378076,0.01654181020156351,0.025270825214785565
598,0.0412952784358491,0.04660355088455407,0.019023884360450983,0.01589487846701541,0.020336366490006665,0.14297526397667407,0.009245412446536367,0.015700328415279102,0.12862830105038955,0.004847314404990436,0.018757859101308956,0.016373136586107003,0.005748893773524932,0.25853390243298163,0.1642677349078439,0.05021060649331826,0.006589930564414246,0.004862686181740564,0.01197304211126133,0.018131628915753446
599,0.012635759223845994,0.035199392725638635,0.5290035563950097,0.020689909834224387,0.035023306957822055,0.0344580630126834,0.021570613709313045,0.025645945029547115,0.05018999615718745,0.009455851152648825,0.033206725451022163,0.038851796289682196,0.011831383881518378,0.028152278670490624,0.008926499234927155,0.011079870748396734,0.014065826783152309,0.02003600943805046,0.030871454271935637,0.02910576103290369
600,0.014835482837171588,0.0340669796198714,0.02906398771018708,0.021263019098831864,0.025193145587684405,0.013835056379942813,0.04028801686822951,0.0323903792507643,0.024537083213096927,0.02162637296802802,0.02436385760570209,0.03410673405626408,0.016628408127031234,0.5636197438085981,0.004868784100259394,0.011111196099688707,0.012919587016771433,0.012581318193572577,0.030848856487004157,0.031851990971300315
601,0.013529568392891813,0.03049982878102091,0.03102384136702087,0.02640117347906955,0.037060014026168674,0.0310664681850099,0.030544515106295123,0.04971695628120257,0.08910528482724599,0.009570848888628594,0.026248165572845695,0.020571957581332578,0.01662599596571446,0.030181326433917858,0.4317275693547771,0.03328149098447022,0.01531367740101329,0.020210060832613067,0.027474424731726604,0.029846831807035085
602,0.01311866358534577,0.03905222233842034,0.025529860691205608,0.013419341191216518,0.03589101305618441,0.4874701023410674,0.028546356221542432,0.04796293318005387,0.03595028806360188,0.010799197481701666,0.034471700813857725,0.039556059889438916,0.012777010391566868,0.0431805945551251,0.02118842932703167,0.010469590382169372,0.014757983360136085,0.01786051258947063,0.035249113839713866,0.03274902670114995
603,0.019034675761243725,0.042752211400341376,0.03660526949879281,0.0305207824135116,0.03524220123286139,0.024689938562350595,0.027460332275624413,0.05454635360143084,0.037421286100255614,0.01387342431182752,0.033887636456717225,0.014513769698396496,0.01123385660618526,0.03129259320040197,0.026735114218357628,0.45054436846331,0.015978460997014433,0.027029698878153745,0.029935671688306697,0.036702354634916785
604,0.011419844191611432,0.033895434856269335,0.02485090693217466,0.03778592144306713,0.035151197828754525,0.4999273145707795,0.02582754865028873,0.028175791700533134,0.034866207096709116,0.011526219749460468,0.035427495458556474,0.030982336946091493,0.015711003842201792,0.03954113532709974,0.005633445798987177,0.011839940702921456,0.014488637236157113,0.012174692770765763,0.054167243905986755,0.03660768099158425
605,0.017616712934521096,0.03949661463341664,0.04138968597796044,0.03183535900213065,0.029160910202522594,0.01171957445586915,0.02427513752428226,0.031050943183620287,0.030390677905623373,0.010021984363556002,0.035108200761094936,0.025174609169832208,0.013226459517039555,0.5022110171366628,0.05438918689213551,0.010917885621131995,0.012792708181385419,0.017894034968702476,0.029424587796268314,0.03190370977224428
606,0.06312874976461427,0.026687065012397305,0.030638145075786383,0.027262303381941203,0.03736431622275457,0.007547231670026081,0.025313506481004333,0.10619672532587804,0.03270310678168296,0.00963075502347705,0.02885733374026081,0.03709014842797309,0.008910548162815276,0.032551247947792926,0.007967435920622599,0.010666888133878298,0.012909685102632051,0.44451041273228803,0.02095784160779446,0.029106553484380276
607,0.007072399629878319,0.013593127317888053,0.014191317370007018,0.022598919845030773,0.018160430349481508,0.004996934298181933,0.01822097666189747,0.3481688361995287,0.02578303087298925,0.007002801898441401,0.01612537009839769,0.014556650606157531,0.007599246972270887,0.01922036742225447,0.00618366514436658,0.006143949072543643,0.008180393666961952,0.4013314900750861,0.019282020196953693,0.021588072301683053
608,0.03111553510700171,0.024205999589898556,0.02840120922309636,0.03941858168648862,0.037909827802022095,0.012660128685093856,0.06557898165433552,0.03725091226707953,0.03728873026826382,0.013365627610687722,0.040154291226376725,0.03333732361934456,0.01831564263891707,0.03662662403898264,0.012057698315207076,0.011955067709597025,0.44796708398561624,0.017115104799569836,0.029051629056820794,0.026224000715600233
609,0.013107232734136878,0.06602309867386345,0.06829970849812915,0.027273481216571107,0.040619192444544865,0.004696885165169771,0.09367980512496378,0.037475869625045434,0.03574853938483268,0.011623685230947074,0.038081374824234106,0.034407257144625975,0.01385740511947871,0.033556620918782414,0.00911364010089512,0.010384466298710749,0.019903852629362555,0.017884441275832563,0.02721505878652464,0.39704838480334886
610,0.33965889547761047,0.03997202916144703,0.03793344073037371,0.024863785416795098,0.07848416387343475,0.006082838297254696,0.041763124590409616,0.04843936991716214,0.04012782636032793,0.015606548473624022,0.02965102187025925,0.037063699293002315,0.013846548884763958,0.04196893221940437,0.009789228638410669,0.03949528777185556,0.04088694274824851,0.01974771167432169,0.04380088090214734,0.05081772369914695
611,0.01337427658088558,0.03090120980412807,0.04314990015727834,0.02139039902250763,0.17024885000636883,0.007479795010943725,0.021812572951282614,0.018956824419321793,0.023604507417959098,0.2838793469026001,0.2300822217505671,0.01805314707372041,0.02260625165828724,0.021372100228644973,0.010614255410125228,0.008527026016799354,0.009655385567391372,0.008554449288427792,0.0169756022031184,0.018761878529642385
612,0.01461048749473113,0.032610634283219246,0.04268175378598819,0.025694002366623128,0.03820265132641387,0.012522512312831963,0.051149582521422716,0.05964782328498571,0.04284708030118072,0.01367283956164724,0.0515483117760711,0.3940550154996117,0.012415910649702794,0.04375157265673962,0.011505704822753602,0.06516159418585603,0.013103860753383961,0.019052725884253965,0.030804033933337454,0.024961902599245897
613,0.026951976406902296,0.04774483918630787,0.05659876130994215,0.03252890438748187,0.06186173142372995,0.015626657499731803,0.02995438438783959,0.02395606527114243,0.0875353288586443,0.014711262337527295,0.026326936952523427,0.03358174596546944,0.027617181195700394,0.039709795464238876,0.010942707702782441,0.044870128669179776,0.3327105122813689,0.01777600417259498,0.034015809497128964,0.03497926702976321
614,0.024876103039878427,0.03751034914576714,0.03477394068284822,0.036848462179855455,0.3885093272674905,0.010102058916205376,0.038352706816993924,0.0335566833564701,0.0340403786022103,0.04745349842041413,0.02453126772074848,0.042091761115133436,0.015881191171973525,0.03272012422015203,0.011768862616051813,0.08013270122314663,0.023082571246013397,0.012283828770952325,0.025698335789844772,0.04578584769785012
615,0.04069162144596903,0.05887639456555461,0.022569885692222,0.032017119955584976,0.02779997222120058,0.01246439976803338,0.02451805571226486,0.06432026581798293,0.04150365123469268,0.009681160670806882,0.028645121134156935,0.021550077585021393,0.010802581836405813,0.028243487493972378,0.008670349967352355,0.017879899984867016,0.488597152943365,0.01370490803796875,0.024195761767438973,0.02326813216513948
616,0.01992235018904652,0.03255089356436006,0.017694792157798508,0.037950772865367195,0.04874991359539843,0.008836203477845713,0.05310816546331438,0.032866779604586595,0.03552853000040312,0.01338723030751717,0.03950844715267291,0.4414887509358398,0.020545658136227905,0.038196507638635316,0.009560394124166332,0.025917913039259468,0.026472388366353124,0.01875737423200941,0.03373401352850984,0.0452229216206883
617,0.018138321929314017,0.04009386888945808,0.028116443533245754,0.023122704072110756,0.022718174516319675,0.007931457033855387,0.038065679578450834,0.2644479822730534,0.031111192825540025,0.24459497716959624,0.040791604559012824,0.04811949783955765,0.013729697030928615,0.028908323705745375,0.009886292727138625,0.037826255705628316,0.018768105535805827,0.012208632938618527,0.01668024617336483,0.05474054196325523
618,0.09368012518873776,0.11109341060390798,0.017194509662247014,0.012043246032156889,0.016759525505441405,0.056699120805429916,0.018299666188006266,0.037418101765519636,0.01593696697169855,0.006179299077107409,0.09952081129130352,0.017494876520768962,0.004901695373623731,0.014423986809352708,0.005036784216542903,0.1072428766354518,0.09947513441477114,0.22809810684012333,0.01587975306620543,0.022622003031603638
619,0.032175474200493916,0.3822594899535199,0.01732507947836422,0.02290429297138143,0.021948731023148305,0.004503887825528407,0.014967032776443352,0.05049313205056801,0.02186864499519599,0.01578633556474199,0.04861857175641817,0.019345865233855994,0.0063523013387150095,0.01931210975545639,0.0050296499253298516,0.006200770848293346,0.012834442374523072,0.26549780534228967,0.014670484159181728,0.017905898426551266
620,0.011972513410979657,0.031502698235446165,0.04528207548596871,0.019191793829275442,0.07325534900529605,0.008546199957593892,0.02455451432000695,0.034022323690274116,0.024505895212384412,0.009562924565703164,0.024235677005624883,0.17669779020112208,0.011068712842469937,0.356177750606604,0.058255263375386716,0.010652595682702895,0.009384445785686276,0.015152518690355549,0.018776815397669337,0.0372021426994497
621,0.006449475903953599,0.023854583528619258,0.01716671072748771,0.015243075860910829,0.03976644088640086,0.007704799518127516,0.011642067493325683,0.37596126611349495,0.01649281488975089,0.2153182798146591,0.09500988306930176,0.018217793305257798,0.022188578639313023,0.012536643713970515,0.003706842536492028,0.005543585430143872,0.009963636303313388,0.06973553137702189,0.009435701074991582,0.024062289813463773
622,0.01568922561835918,0.02411416788573027,0.028638884578656345,0.04346700554251411,0.034047941711319446,0.009338937521032502,0.021004791290415787,0.34959243877554047,0.03914038031366014,0.014501630773907835,0.05964818601428864,0.022275603473701482,0.008283329450559122,0.03082231430921792,0.008229065388309191,0.010035678163518838,0.042831800527077434,0.16168930160228345,0.04708793027977962,0.02956138678012815
623,0.012572779001177122,0.05746593831598379,0.04381952126792635,0.03438202056541679,0.0624304427149874,0.014693991779659873,0.023101784400607353,0.05841787254717936,0.03774538924392342,0.010357152821778326,0.04692589334097123,0.02768850826209758,0.010387135275484518,0.011100951260889185,0.42516896237023394,0.01334710060831167,0.01731271063692664,0.018003546037314685,0.014647450395492229,0.060430849153638534
624,0.019344834134956055,0.060228314720392466,0.005472383558157111,0.006109225389537412,0.10540217533937198,0.0026131429273134944,0.07847367553416344,0.13275179496402498,0.003319562208659628,0.13870752857555022,0.035276000945729115,0.051003845462016285,0.0015997629196354323,0.08444079942685928,0.0019789780310524602,0.04722689889607768,0.06941571335102376,0.1448032064091674,0.007219862061321587,0.004612295144990146
625,0.10980872010477798,0.037350149735611814,0.03152858545638627,0.03239473225424622,0.026372667282380077,0.023271539204374896,0.024175581916009364,0.057216539940332455,0.018052183071053884,0.15425152155727606,0.29950724879955776,0.01983993578771808,0.010521115088187228,0.02040857466867313,0.008487895419000767,0.0077692252205079715,0.01894488219461146,0.04598221362320792,0.01752116378497044,0.03659552489111624
626,0.02066194018833784,0.03199328896089729,0.15931294654955294,0.4509599115336154,0.02833858284851566,0.028116661032028662,0.02436588879172763,0.0353471459242623,0.01623860042934924,0.008901665461562621,0.029403278742120762,0.018872313597367713,0.013363325091890312,0.027568544817571632,0.0075866808144879555,0.010566231643401038,0.013287123787096225,0.022546863188432756,0.031151664093284223,0.02141734250449782
627,0.29355521187357986,0.043893871683194634,0.025946216877102916,0.02572020570120866,0.02346238177579273,0.17227400508149357,0.02093446333384492,0.022081382691410346,0.02001402707372173,0.00655188437049609,0.027074882611954103,0.019065577666608786,0.008079956745861242,0.019042338824453168,0.00607014393712765,0.20650604347933443,0.01297735316748756,0.005495519364272369,0.019905662453339537,0.021348871287715662
628,0.025628835907825925,0.032749079095732735,0.033217804837536384,0.45927655166087566,0.023737829262646795,0.039486035128925324,0.028556722337931342,0.03585549163837234,0.07150961819319175,0.01061286262961863,0.03853893570094712,0.033848214691750346,0.014533712500861986,0.029347713677439356,0.011596648565144215,0.010285415899763123,0.013073027213863518,0.03654353587923453,0.02546440116618127,0.02613756401215773
629,0.09992994060887746,0.07179968689027022,0.10687816873846206,0.1160454776791708,0.016051194859772355,0.016048153620073228,0.02649087792891963,0.012427077155726758,0.006461889964754916,0.049187261337292294,0.055189035798471085,0.07317029050380221,0.0026811289956501752,0.08602278680495529,0.032400452341695765,0.0551596610238046,0.09701100359595932,0.05909748344100355,0.01222122400830096,0.0057272047030373086
630,0.10776779666286225,0.2585035312990214,0.011040760076009333,0.009540104775034456,0.009259593627808546,0.006079253228209077,0.013434540533950115,0.01010909939262286,0.010108729773259982,0.28340490047076816,0.024054951027881865,0.010112177917197443,0.0038245850603894683,0.006869636136095793,0.003085675374282636,0.0032676766263505844,0.08113983144246939,0.13099777554734723,0.009210674809213152,0.008188706219226089
631,0.008672314458402245,0.03046329618381698,0.020594912711636208,0.032085857226861754,0.08999066018515127,0.005692826423279358,0.01901365762610475,0.12270344649472782,0.024330932797212563,0.29893283966437784,0.019430577442195614,0.018523930712019614,0.008435322077326224,0.023658078768667486,0.006616123858144262,0.024859322672280932,0.010743003784818137,0.1878407744703107,0.025716964777930795,0.021695157664735298
632,0.06904466672623237,0.05691048203634583,0.06165296503726062,0.04028454658878309,0.022849266789027777,0.05630042961523499,0.03305711525650868,0.053281060229954276,0.03071197333019772,0.06975260516159314,0.060831125877047365,0.08714892250499519,0.001000938389263856,0.0756974387484841,0.02982005169027151,0.07365347401789624,0.07144126743437357,0.062386765232949504,0.01974636170547751,0.024428543628102668
633,0.04331302082296252,0.03654747493581292,0.06849404294018843,0.08666925498970841,0.051033573882160066,0.048320975848808824,0.06424588928695367,0.05511371276294855,0.026063226784938383,0.049281626279832985,0.04806609740615574,0.03748782120396613,0.03429871080421485,0.07763598808818133,0.014518325655064933,0.06258021693867731,0.05857530422699992,0.05148135654733532,0.023488128534275513,0.06278525206081421
634,0.05806142415850276,0.08808867018857978,0.05014296928652789,0.05222479519115077,0.021797200955889773,0.05234398497966344,0.06332133099130291,0.023378355612143516,0.06317259797943504,0.010348638849487382,0.03492750252901242,0.07502726810008238,0.06188405572628997,0.056752189549896144,0.06309948114265489,0.07970437307447681,0.06194912397072494,0.03374422073700337,0.019852405963415667,0.030179411013760118
635,0.016862922354228146,0.032947562098583905,0.4915082648112123,0.037425904186577465,0.03051780834609948,0.04731056682596846,0.027413230056084814,0.027182117790450322,0.0375551505312979,0.010194703070327419,0.027980815408243338,0.057665571331476685,0.012093542717324851,0.03032089997320762,0.007967454573125783,0.008576573555207875,0.014069315830556364,0.02065031184373708,0.018035264687370108,0.04372202000892015
636,0.012485382734284864,0.021984478495866877,0.012020373956278405,0.019012385798085122,0.016503114473651784,0.006693300267382299,0.010658911537040629,0.16338663670708867,0.010766775158843061,0.24194430074741036,0.2613292914821591,0.010431045769168335,0.006292105862433583,0.04696668879745255,0.005450765408938192,0.03368653461835409,0.039838456288355036,0.05370291399136948,0.015606736778941059,0.01123980112689645
637,0.05448307068146848,0.039841125313305616,0.0242349332046438,0.054270488338191925,0.05625172281948579,0.056133687546969506,0.04552319467735481,0.06110765861552367,0.07086450210225205,0.05149349712063126,0.049923847522555735,0.050060602169429376,0.040865397684426694,0.042018876716258535,0.04529516653578749,0.057509169366327516,0.049032847275232355,0.031834280480765385,0.04452218124313784,0.07473375058625216
638,0.06624445798237809,0.06586111941972651,0.04656809707206156,0.04126822598381836,0.033720191336899984,0.049470132193294415,0.059534057808991514,0.05005829213798355,0.07935811230692684,0.05161789641153936,0.044860865504145114,0.06016645276760294,0.001057691607659759,0.038350558070485985,0.06340295706349455,0.06978900071192545,0.04542850126761131,0.03432982834303088,0.028906234458619118,0.07000732755180473
639,0.010418599379825956,0.04105016504735958,0.041634276359933005,0.026184320458850524,0.04890791415276421,0.006562913154768215,0.019922991696228725,0.14332309283032732,0.02454100472438483,0.2735514433708162,0.07173683587467374,0.017570700592083304,0.009023787262170202,0.025643831121839877,0.006251093524506177,0.032968870264226256,0.00967638957151791,0.14918821701776816,0.024611286547148208,0.017232267048807537
640,0.0609095715752472,0.048907639272946786,0.03635785388979174,0.03721787926861824,0.02599280768389149,0.04285135397519078,0.08717153387910632,0.020327984762731812,0.10808976078909155,0.027030525880168823,0.03376205483040581,0.06664793803208437,0.022494021935098963,0.09780524490227623,0.1149638566145345,0.04165831965950652,0.05613096791915573,0.027851683875802172,0.014288867950799325,0.029540133303551538
641,0.054393549634549114,0.053778066475328255,0.05548492639592766,0.052362460525508,0.036706939108623944,0.05309799655055825,0.07141676862323353,0.01241932916380905,0.08531204423463974,0.015840511072239955,0.03939200731047946,0.07054034426046894,0.0034265715879686076,0.08718138305166484,0.0786246243249658,0.0659804437352954,0.06303623407801588,0.028922356832443555,0.02627318827486849,0.04581025475941158
642,0.05426832672025544,0.01780251684419304,0.020307169005947933,0.08701582683435362,0.007973727359520772,0.05536257929286808,0.09917260556640288,0.009164172776820266,0.12285358844831036,0.013622280416811858,0.011036014667520341,0.020049866052812778,0.1317138843354253,0.05785297093017768,0.10088394546468517,0.0968221529081747,0.05763095797535337,0.020709478731600554,0.00887452272403577,0.006883412944730089
643,0.05379645997131335,0.06970550262288672,0.037212590172344316,0.0739097421750008,0.06578656635733272,0.060569281953813496,0.04512734447794567,0.043242470877938866,0.0063179305667966775,0.04889397292638406,0.0581993734003528,0.057832846332850345,0.049135832526053025,0.05945196374539032,0.019101253608783043,0.050092135107778483,0.06648702981681905,0.05408040060651659,0.02029031768205433,0.0607669850716454
644,0.047410291275776124,0.043805248497720974,0.025409274282099093,0.04606151961225321,0.019744841815229317,0.02295074122136913,0.05218692815877921,0.049882259678323874,0.07381269332111275,0.06758807870467064,0.03802086360718412,0.09329407258997645,0.0017179957989457283,0.06953012436779797,0.11420453379680673,0.06630488115313449,0.06387972671830176,0.05912336627298684,0.011762306779696181,0.033310252347835446
645,0.07424460962972423,0.20511133462994588,0.010700372976412272,0.00855226561498245,0.016114512171675942,0.0035105397534911146,0.011271335831703711,0.1935071634390216,0.01290461873784462,0.12442791170527624,0.02333155177335242,0.022436586205847885,0.004178597214347625,0.011607708607365647,0.0036988242042782673,0.004576953014317996,0.02159608034025832,0.22683981402376127,0.00806841049220264,0.013320809634189891
646,0.05724535534296954,0.03531889304562756,0.07045471597638618,0.044888394122567045,0.03280124662903435,0.046574030311821606,0.10073136756484329,0.05240019406521466,0.05256170254642726,0.04067093909837747,0.04128562432867495,0.039310786556552575,0.0115178902605481,0.059986886825785186,0.0448132178257957,0.0686164413555964,0.05495399282076723,0.0447570314088633,0.04448266921975711,0.05662862069439046
647,0.04737145634127954,0.04552936200755969,0.05827106925863947,0.034632948920225975,0.03577503307522429,0.06194669483553541,0.053758909121462604,0.03352900307931774,0.06374159121472209,0.04172779108041169,0.03394105752888193,0.06654949754771407,0.0020340931351276632,0.03634849966957251,0.06917086949319727,0.05915335231292911,0.05137602546813678,0.049027995850537937,0.07247148970794776,0.0836432603515765
648,0.016428507507097245,0.03318434994983261,0.0321325923503518,0.033481330840230424,0.05637198849962996,0.01885731502586511,0.031568401481946236,0.0376675253963013,0.05146696902558837,0.016285171455538542,0.03525896758982983,0.02608719465023221,0.012437974805753087,0.027169560631650744,0.04880047573562737,0.010264914921310474,0.016491452095384822,0.012960348938797698,0.4400141152553061,0.043070843843725996
649,0.015210445662838511,0.06537182551749617,0.039287518229971764,0.023816396076140264,0.05323822069166434,0.007178090938536261,0.024408208642506455,0.05639876207265889,0.028694956038819403,0.44007045019506114,0.04169140695318254,0.0214487191266417,0.011586185525106096,0.026275339687930457,0.00902472996075304,0.031202186942790127,0.01483489087795617,0.04576659011245429,0.02275388544186333,0.021741191305629275
650,0.05431438495350241,0.07551071236618297,0.03611978619077264,0.05667544962252329,0.052748858814658066,0.06981525982887239,0.052768057754731056,0.03906102287576111,0.05627476636560608,0.04444201775487767,0.05981634954252787,0.061699258817099395,0.0005196687227986852,0.05466026781170979,0.04285521319063775,0.05698633210587878,0.059682023959698884,0.05464405646582224,0.034738998023563616,0.036667514832775354
651,0.05981454832022324,0.04835870138833661,0.024467004507156265,0.02596688221851931,0.07058424589046809,0.036157664559700445,0.04690419827262027,0.060675057737714144,0.07581017546462258,0.06346108741185309,0.05966377649785982,0.07789227490554176,0.0009376154498172669,0.064206519981537,0.05443251607591867,0.045386521368655626,0.050092130031350046,0.055847525300970445,0.026368366183278605,0.05297318843385681
652,0.07309489901201366,0.053791683425861804,0.06938563808038962,0.06773375395612234,0.07596513430321512,0.0017565052271134942,0.09097501815663611,0.00874034930100335,0.03924061625686911,0.014381821343216966,0.042409305573137206,0.08641133690303117,0.0023029920700211037,0.09342260947429758,0.02545167408586191,0.07669408027030324,0.014172335223542706,0.03690385887465482,0.054002156097830066,0.07316423236487864
653,0.1823498205486416,0.021581093753190558,0.014628585016954318,0.05065465667497495,0.028497170196085164,0.42031613570300247,0.02135157830340208,0.03336585132867157,0.023139724160718775,0.011971501632579215,0.05363869601790108,0.016694178863541874,0.013613791782562924,0.023426398349267716,0.018345494412471932,0.006604902870505088,0.009514268779981364,0.010684167018351093,0.01908227169209238,0.020539712895103788
654,0.03953888511714406,0.09188407141643605,0.027307530372243895,0.03240997023209478,0.04305710821101078,0.030210513747159298,0.06869161261515691,0.04827381693832399,0.04087799707945871,0.06496296214878002,0.04537939719610848,0.05917537184944307,0.039856047929696874,0.07734193865719365,0.04250595467814779,0.040542694927966506,0.0683530418528791,0.05003355716678113,0.05712560366280042,0.03247192420117452
655,0.019119061323146686,0.04652292750713777,0.2591893180332753,0.09252588534556443,0.019641090159696454,0.03352016396023074,0.02048360359380983,0.03476747729826185,0.020234580541214187,0.037466941000566474,0.026313096287750987,0.15809065744347023,0.013513515275622117,0.04236765039014349,0.005054775930253119,0.042884939474308124,0.03893182439618766,0.04630335232029451,0.016465962644786017,0.026603177074280098
656,0.008036993701852133,0.026911819857214886,0.01787021656023426,0.018748752650718115,0.019663041372170616,0.021570535357843684,0.012839485526834749,0.02011316425446881,0.06365951008370725,0.007957936930710612,0.022367812862466804,0.012105736121716962,0.006444156827168164,0.01996734454267542,0.6635541150558664,0.005734233827470685,0.005764515775060504,0.010837452147328638,0.020909396574248618,0.014943779970242774
657,0.010514508596541608,0.06493589690995032,0.018610824261125494,0.024856295503300707,0.03156496673460214,0.005979634868205582,0.015985206718235192,0.015130969052151862,0.03002427148530028,0.589816693523478,0.05026654883892249,0.014904942508154573,0.04089827687561445,0.021588494325055354,0.00466171000831588,0.0071232378740882715,0.007975513484658156,0.010248159293693083,0.01996530731447849,0.014948541824128053
658,0.03782631855080073,0.08615113717032515,0.012011088753557617,0.024846838946470527,0.0039222705796750044,0.08401530070327214,0.11773909473141213,0.003128515770838218,0.10276896106024906,0.004673765590269257,0.015124673498903195,0.08701049976303653,0.0009566915988072043,0.09026392590329142,0.1343912330715841,0.0776181027813153,0.10336163002922782,0.00299857763101524,0.004756220826102934,0.0064351530398465105
659,0.008060802280357762,0.020921052860428082,0.013566417957205973,0.018044850619914305,0.01763736486425686,0.008393507500413745,0.03410179453180066,0.01431969921017589,0.029236792413796096,0.026348430041826767,0.02043945436030674,0.01962271918571253,0.004281908083515922,0.033845763548353676,0.6628775565942416,0.012296402835791774,0.0059809773147842075,0.011572062142682237,0.021102389634987367,0.01735005401944773
