site,A,C,D,E,F,G,H,I,K,L,M,N,P,Q,R,S,T,V,W,Y,*
451,0.011798473068064265,0.5500328773449171,0.022166828188484377,0.02359694613612853,0.025338364225309568,0.006181001140687634,0.034833587153332596,0.07315053302199843,0.056269640786152646,0.011798473068064265,0.028134820393076323,0.029260213208799374,0.010757431326764478,0.033250242282726564,0.003541435569646405,0.009305685321563376,0.01977041433026985,0.011798473068064265,0.011823363675011354,0.012847954921919381,0.014343241769019303
452,0.1009491538808195,0.022394327809316987,0.021564908260823766,0.02481658691226259,0.02329010092168967,0.008227472076158256,0.017644015849764903,0.20232130294902648,0.01878233945297554,0.003784048928486792,0.005438096269431096,0.02911262615211209,0.0058225252304224175,0.017644015849764903,0.0043451680824047895,0.005652937116914968,0.007464775936438997,0.4353907961004297,0.015322434816901098,0.017644015849764903,0.012388351554090248
453,0.012795492068565888,0.01568190604499223,0.04650962225500156,0.022489046665964286,0.020128545692564063,0.006236458319132953,0.03939442422374877,0.02748661259173413,0.03710692699884107,0.008629517906707226,0.03533993047508674,0.02257802233159381,0.014842770799536428,0.03533993047508674,0.007811984631334962,0.008167039961019756,0.030922439165700897,0.009394158733883815,0.019529961578337408,0.5573687282403844,0.022246480840782908
454,0.013320970033690338,0.02372797787251091,0.006391643709736555,0.02372797787251091,0.030371811676813968,0.009374015949633944,0.054553885154904086,0.023372097477990184,0.027117688997155328,0.009611332809118344,0.027117688997155328,0.5367429024974256,0.009860977817147395,0.03451342236001588,0.010123937225604658,0.0029027824488681493,0.06797698110650391,0.010694299886202104,0.028122047848901828,0.02928402237143427,0.02109153588667637
455,0.01171067989516285,0.0230664907025935,0.044776129010916786,0.025373139772852847,0.029276699737907128,0.006919947210778049,0.021748405519588156,0.008943388375114759,0.0479630875619453,0.007181077294203635,0.5621187039832094,0.043389667180874184,0.011361107360978886,0.0330953997037211,0.008740237127507756,0.00801257045458511,0.02893705291086515,0.003205241718426387,0.01654769985186055,0.03044776772742342,0.027185506899485193
456,0.011538525753979708,0.025549592740955064,0.035769429837337094,0.021678442325658846,0.05961571639556183,0.008942357459334275,0.051099185481910135,0.009259644460860564,0.04214959726714401,0.012972765843125919,0.5051061894972114,0.04471178729667137,0.011727681913881014,0.02649587395358303,0.009069881085773964,0.009413007851930815,0.038111286493031055,0.004204667036032344,0.020439674192764053,0.031103852032467037,0.021040841080786524
457,0.011447158759960347,0.01888781195393457,0.029058172236822423,0.056073867264169734,0.02041925616641575,0.5433786169524989,0.02360976494241821,0.035976784674161086,0.019881907319931127,0.006868295255976207,0.027981943635458622,0.04444191047984605,0.010209628083207876,0.03434147627988104,0.0055814226520255646,0.009327314545152874,0.011447158759960347,0.014975958565877398,0.014813970159948682,0.04721952988483643,0.014058051427516628
458,0.007376430555548577,0.016793150413695692,0.02630926898145659,0.08786393892991122,0.012938984744978649,0.006804121288307738,0.017539512654304392,0.04958798370051087,0.5784204427878552,0.006314224555549581,0.02192439081788049,0.01764052306230018,0.007175255176760888,0.016192867705989017,0.017092550765721422,0.009202904675699982,0.011041223571383285,0.007446019523053751,0.009072161717743653,0.020770475511676253,0.05249356885967255
459,0.00906965899252574,0.018787150770231888,0.029224456753694044,0.013151005539162323,0.025453559108056106,0.01706315576839581,0.023207656833815864,0.07930229003250906,0.014049449484039267,0.007239085617887517,0.020764745588151032,0.023910919162113315,0.007660779925725624,0.023207656833815864,0.5898559888522594,0.02348992604453409,0.01421106276411931,0.009622686979874869,0.010662977464185664,0.025453559108056106,0.014612228376847022
460,0.03271066052980103,0.01628712524169346,0.07219122813161125,0.4299224371913323,0.023752057644136296,0.0021377637017785554,0.02192497628689504,0.016766158337037384,0.06347692021444189,0.007917352548045431,0.014616650857930027,0.024784755802577003,0.008508199753123448,0.019001646115309034,0.00802886455576438,0.006064355143183735,0.01212871028636747,0.0061468704258771595,0.014251234586481776,0.028502469172963552,0.17087956347364966
461,0.010597889537578271,0.02119577907515654,0.03069733521229568,0.004827121820207576,0.015617942476431135,0.006269174092651934,0.017804454423131496,0.01745534747365833,0.6745655385589308,0.005428187324125455,0.014511999455653235,0.02528130658107227,0.01035142699019273,0.012631729708532043,0.002691846392727843,0.006450889283743295,0.05686397573389555,0.007544260348784531,0.012364204460507981,0.020702853980385457,0.026146737070337742
462,0.011741531205159765,0.01736768157429882,0.03206341213716706,0.006668392163400743,0.023818534730466964,0.010705753256728576,0.019387179431775432,0.02451907986959834,0.6317689185706541,0.007249119265794292,0.011931557970010017,0.017834755970564567,0.00958216914444073,0.054357017998407905,0.05397813169096381,0.006315520572472299,0.008506619546595342,0.009262763506292704,0.012442518142781245,0.020332895501618136,0.010166447750809066
463,0.03479757813519928,0.020998538529861634,0.002900769317355641,0.07978597309487206,0.009665993926444245,0.001748993264876195,0.015547873693501494,0.06691841949076785,0.00630106017422815,0.1090989642353584,0.21748486334499545,0.01288799190192566,0.19349985627885988,0.08958746322618692,0.000567142286197018,0.005437121583624887,0.029904168709936882,0.04630322897022483,0.0031297774213574023,0.04523685157575907,0.008197370838467138
464,0.09245974025970732,0.028517119653017526,0.020496679750606345,0.008056796121961581,0.018219270889427864,0.49505823063472554,0.02981335236451832,0.02429236118590382,0.02522668276997704,0.005962670472903664,0.01929099270645303,0.028517119653017526,0.01261334138498852,0.03279468760097015,0.01790306869676749,0.01214618059295191,0.011925340945807331,0.007238928847776163,0.013385586775906186,0.05045336553995408,0.04562848315265835
465,0.010256276655343245,0.04713832897216327,0.03017690221296066,0.497923231899068,0.04124603785064286,0.002036964082547252,0.03142555264810885,0.036663144756126996,0.014204052654022633,0.011784582243040817,0.038819800330016814,0.04713832897216327,0.023569164486081633,0.03142555264810885,0.010998943426838097,0.014665257902450796,0.025382177138857147,0.010912421426183407,0.025382177138857147,0.028692895896099378,0.020158206660318714
466,0.011880209435627564,0.015614946185489925,0.016830296700472383,0.028851937200809794,0.610300442103546,0.006904737107886106,0.02071421132365831,0.021833898422234436,0.038469249601079725,0.00526500603361536,0.029920527467506456,0.02071421132365831,0.01035710566182916,0.02692847472075581,0.006732118680188953,0.00540807313183781,0.01154077488032392,0.0076212664304025875,0.05910349155581407,0.016157084832453487,0.028851937200809794
467,0.01158831264835259,0.029798518238620945,0.04469777735793142,0.06276081936151709,0.029798518238620945,0.4719678158486954,0.027207342739610427,0.03911055518818999,0.02406803396196307,0.007631327841598047,0.027207342739610427,0.03680993429476705,0.014899259119310473,0.027207342739610427,0.003513941870784295,0.009627213584785228,0.01691267251381189,0.005140252707671059,0.04295425765604625,0.04813606792392615,0.018962693424576963
468,0.003026972444956197,0.006538260481105386,0.013621376002302888,0.001462435848431529,0.007783643429887363,0.0023350930289662095,0.013792361078606232,0.15645021361857997,0.12291266085021801,0.029393556397029664,0.020491507888214973,0.00672906994492101,0.0029719365823206298,0.009025198533922248,0.13937160872103793,0.07968919734305822,0.09263088712177478,0.1887375726546116,0.006053944889912396,0.09194907385737484,0.00503342928276807
469,0.6347684820141726,0.01867412736771468,0.021547070039670786,0.02226718663195682,0.02471575681021061,0.007502997603099649,0.021547070039670786,0.021547070039670786,0.0289770941912814,0.00778088640321445,0.02100839328867902,0.030011990412398597,0.009441974511765852,0.027107604243456793,0.009659031397093802,0.0243199462746432,0.00886763497368564,0.005394549910950325,0.013338662405510487,0.016806714630943218,0.02471575681021061
470,0.009784961419526958,0.013477399691046565,0.014881295492197253,0.03309022213103348,0.012106816671618099,0.004892480709763479,0.01253161725658716,0.014735131221362163,0.5417784713840061,0.0035715109181273397,0.010352205559789388,0.008382431395896473,0.005213884552010715,0.00943121756006532,0.1704309165788971,0.004177205752195719,0.07900565931565395,0.010242770122913993,0.008606050405126119,0.013477399691046565,0.01983035217113605
471,0.012456361677350475,0.017135220294342956,0.00793930873029809,0.03570991442449846,0.051941693708361394,0.43081537010872933,0.02856793153959877,0.04395066390707503,0.11427172615839505,0.011660380220244392,0.06348429231021949,0.03809057538613169,0.0069677881803899425,0.02116143077007316,0.008527740758089184,0.007226474267225271,0.013287410018418029,0.012259214156698174,0.02040566538542769,0.03570991442449846,0.018430923573934683
472,0.011761726511957074,0.012871896891391435,0.02049900906369662,0.017499154078765407,0.0551896397868755,0.006055946224304998,0.0298943882178909,0.06493710424834732,0.027594819893437754,0.0108706866246876,0.0298943882178909,0.00769697064267963,0.008968316465367268,0.03261205987406279,0.005058806021882473,0.540382141020525,0.03193720641060142,0.01010514531308988,0.023144042491270375,0.03776133248575693,0.015265219515518756
473,0.00786141281559036,0.08280593621721359,0.025549591650668675,0.020439673320534944,0.027514944854566268,0.006180860988468586,0.010027478595818824,0.028615542648748916,0.03251766210085104,0.0065710670400624975,0.028615542648748916,0.03251766210085104,0.00861195797109972,0.03251766210085104,0.5393591753071374,0.014919197936874247,0.010677441286846612,0.009171648284855423,0.014027226788602411,0.03765202980098542,0.023846285540624096
474,0.37442517628933464,0.14092956710881632,0.008797640130334787,0.011789247876531158,0.010764095887267577,0.004627555241255221,0.011253372973052468,0.017683871814796737,0.022506745946104936,0.012389412493082752,0.01500449729740329,0.010535072570517202,0.0039028294936430527,0.2717927365670029,0.00500149909913443,0.0041534238155006556,0.03020565845566276,0.002707291920960598,0.014147097451837388,0.01500449729740329,0.012378710270357715
475,0.01078406889093882,0.02091455784909347,0.023006013634002814,0.028757517042503518,0.022263884161938204,0.009720850831268796,0.0156859183868201,0.5209352575099676,0.04059884758941674,0.006413933874934464,0.026545400346926325,0.1223286966369914,0.0076686712113342706,0.028757517042503518,0.007933108149656145,0.0067926855955607,0.008887902940891928,0.004330990296677436,0.03450902045100422,0.020299423794708366,0.03286573376286116
476,0.012466745161630844,0.013382095073452735,0.021193466774772438,0.020184254071211844,0.029232367965203353,0.0058681101867819815,0.023548296416413816,0.04036850814242369,0.0206765529509975,0.006127863419025956,0.01630266674982495,0.060552762213635536,0.0095251536066393,0.016622326882174458,0.003979128908700809,0.006098839359646744,0.012110552442727105,0.008230472533892209,0.6386677471954668,0.025689050636087802,0.00917303930929002
477,0.005311332326749112,0.0030953450305489885,0.007217964444043666,0.007929594741343745,0.3197676167941109,0.003632265978292942,0.07844563841253009,0.01309305178221874,0.02447831420153939,0.0036558521210091296,0.020851897282792815,0.012547762554072745,0.004433080524688236,0.018161329891464705,0.005466031326557338,0.003635346528566658,0.005864596110785478,0.004540332472866176,0.011978749502880975,0.4265363852689442,0.01935751270399403
478,0.009730829222033267,0.020411007636460025,0.022617603056617863,0.019925031264163354,0.02324586980819058,0.011786638212603676,0.0130758017671072,0.008436912248457752,0.01819241984988828,0.007160617487656109,0.6333722508776002,0.026151603534214408,0.007821040309297768,0.020411007636460025,0.02229028333772675,0.007471886724061258,0.00597570614957125,0.06741190421031451,0.012874635586074783,0.019019348024883205,0.022617603056617863
479,0.01917465022285901,0.024575499406406395,0.03084617644546884,0.03224827537480834,0.0337839075355135,0.012698745452140675,0.0337839075355135,0.02956091909357431,0.03224827537480834,0.01019253889048802,0.028378482329831336,0.02956091909357431,0.012446702776241816,0.05912183818714862,0.0039742575061503214,0.008547735641515463,0.01649911763362287,0.017303952640141056,0.5353148377840709,0.024464208905027013,0.005275052171095343
480,0.01243526951169824,0.05664956110884754,0.026834002630506736,0.03921892692150984,0.01980959428261507,0.01185688488324716,0.019609463460754917,0.036417574998544845,0.02317482045361945,0.3840064577357352,0.06331080225696724,0.018883187036282514,0.007609642537009372,0.025492302498981396,0.010621792707908915,0.053326183054616075,0.011329912221769508,0.05930420944927874,0.07022830334673842,0.036417574998544845,0.013463533904823688
481,0.016201529828860844,0.04969222567075535,0.02024498082882625,0.11424462106242736,0.022775603432429528,0.41171453900271376,0.018220482745943626,0.028769183283068878,0.023765847059926466,0.010313480799590732,0.02102363393762726,0.02602926106563375,0.004794863880511481,0.032153793081076985,0.04290614201957428,0.010932289647566174,0.009110241372971813,0.00930590600924594,0.032153793081076985,0.028769183283068878,0.06687839890710365
482,0.33080224637484873,0.029238364517105528,0.011000464112945205,0.023082919355609625,0.023082919355609625,0.011245524814271353,0.0156634095627351,0.03373657444281406,0.04385754677565829,0.007073797867041659,0.024365303764254605,0.023082919355609625,0.006177119264177223,0.021928773387829146,0.006852741683696606,0.310640671542496,0.014200251659421577,0.0036663625801020313,0.024365303764254605,0.01686828722140703,0.0190684985981123
483,0.012736275359015557,0.03299853161199485,0.06599706322398968,0.03024865397766194,0.025033368809099538,0.0056879461444565,0.01910441303852333,0.048134414661009255,0.008898926234754087,0.010999510537331617,0.01962074852605099,0.02268649048324646,0.01369750368799786,0.02792183444091871,0.5473493768019461,0.007766542469880402,0.01512432698883097,0.01613261545475304,0.02268649048324646,0.03299853161199485,0.014176435453297902
484,0.015166898795262502,0.01563264289267181,0.02401425642583229,0.027444864486665478,0.4341239302861051,0.01280760342711056,0.025058354531303256,0.030333797590525003,0.03602138463874844,0.09496410990909919,0.030333797590525003,0.03842281028133167,0.012529177265651632,0.02401425642583229,0.007115335237283643,0.005855211847270213,0.014408553855499377,0.023155248187219746,0.026197370646362503,0.08438970336032614,0.01801069231937422
485,0.01900774711535155,0.030095599599306615,0.03283156319924358,0.05159245645595419,0.026544459529478908,0.01641578159962179,0.045143399398959914,0.05159245645595419,0.05159245645595419,0.27154713993775126,0.03812051923360674,0.02778055347628303,0.02124395265833408,0.03283156319924358,0.009260184492094342,0.005208079751347677,0.02778055347628303,0.015883738885830726,0.024289487653359167,0.18057359759583966,0.020664709830201876
486,0.018117950920354797,0.0624062753923332,0.028082823926549934,0.422564719965222,0.05616564785309987,0.007116160583842652,0.026745546596714225,0.05616564785309987,0.011814189337550891,0.020802091797444397,0.020059159947535668,0.026745546596714225,0.023402353272124945,0.02976633613289361,0.0110128721280588,0.013061778570488342,0.017019893288818144,0.015716079504494506,0.01872188261769996,0.09360941308849978,0.020903630626460414
487,0.015591252043151168,0.023137310636874558,0.02297658195832804,0.07275917620137214,0.3282440205362113,0.02182775286041164,0.018189794050343034,0.05323071754111988,0.03358115824678714,0.08612887144295465,0.031182504086302347,0.0545693821510291,0.009921705845641655,0.04365550572082328,0.019843411691283307,0.03628115260157476,0.019843411691283307,0.012615726477043962,0.02182775286041164,0.03490598797448643,0.03968682338256661
488,0.0217300858437241,0.0625573314118643,0.014509826723867152,0.28206427955075036,0.09383599711779643,0.003229392922308131,0.023458999279449107,0.041704887607909524,0.1167661694734004,0.01340514244539949,0.05362056978159797,0.014436307248891757,0.015013759538847428,0.0341221807701078,0.01340514244539949,0.012942896154178818,0.006471448077089408,0.011465603542200836,0.0341221807701078,0.0625573314118643,0.06858046788324529
489,0.39871999393203683,0.1138644637971051,0.04799901670413915,0.0352777766867294,0.04070512694622623,0.014699073619470584,0.017069891945191647,0.031127450017702413,0.027850876331628475,0.008674863119687558,0.027850876331628475,0.02939814723894117,0.008268228910952203,0.022048610429205875,0.007055555337345881,0.06893416927059727,0.021376496030120797,0.014629599019766298,0.025198411919092428,0.02035256347311312,0.018898808939319323
490,0.011446987785438203,0.03128843328019776,0.03610203840022819,0.033523321371640456,0.010862529905589967,0.008855216966093708,0.011351232503902721,0.207905122015956,0.03128843328019776,0.3533009502888626,0.027607441129586255,0.03911054160024721,0.018636660325079327,0.0260736944001648,0.025873127888722616,0.010666511345521964,0.009578091820468702,0.01564421664009888,0.033523321371640456,0.03128843328019776,0.0260736944001648
491,0.015207374762289746,0.13179724793984446,0.04942396797744168,0.01358991411548738,0.05648453483136192,0.29761635680319,0.032949311984961115,0.05648453483136192,0.035944703983593944,0.011981567994531315,0.026359449587968896,0.02325833787173726,0.01412113370784048,0.04393241597994816,0.004003940028123061,0.01098310399498704,0.01412113370784048,0.0111045445467727,0.026359449587968896,0.032949311984961115,0.09132766377778853
492,0.01551464881359628,0.04296364286842046,0.0558527357289466,0.03989481123496186,0.4206078520264081,0.04296364286842046,0.019259564044464342,0.04705979779412977,0.06981591966118325,0.004532060101368836,0.04296364286842046,0.023271973220394416,0.005641690477671374,0.023271973220394416,0.009466565377787561,0.004911662471651762,0.007547666990398189,0.03205421993501731,0.03989481123496186,0.02148182143421023,0.03102929762719256
493,0.023503911316059632,0.04519982945396084,0.03456457546479358,0.04519982945396084,0.05368689984037663,0.024483240954228786,0.029379889145074545,0.023503911316059632,0.03456457546479358,0.4421292438799524,0.022307715500510666,0.04519982945396084,0.015881021159499752,0.02026199251384451,0.01468994457253727,0.007281007325291431,0.016788508082899736,0.015117733894220145,0.02259991472698042,0.03917318552676606,0.024483240954228786
494,0.015448909176881711,0.0321852274518369,0.0034917902112475046,0.038622272942204265,0.029709440724772523,0.020327512074844362,0.014444834279053369,0.0321852274518369,0.02838482455061508,0.013318025152484234,0.0643704549036738,0.2904987520454509,0.009903146908257505,0.1287409098073476,0.022718984083649578,0.0038863268320666346,0.009687321454240757,0.0551746756317204,0.0321852274518369,0.025975227058631627,0.1287409098073476
495,0.030797646441814926,0.02519726847277483,0.013977899819413667,0.49492303360068884,0.031196618109149796,0.0028867454989659805,0.029778590013279347,0.03853699884071445,0.04106716192510727,0.009099013615168688,0.02519726847277483,0.013648520422753035,0.008399089490924943,0.11725918739699402,0.0072792108921349505,0.010078907389109932,0.008735053070561941,0.024090132813878114,0.021837632676404855,0.031196618109149796,0.014817402928235995
496,0.013076424993682941,0.028258381660362,0.3624241984885063,0.0582190445822193,0.028258381660362,0.0019292503967753276,0.010675388627247866,0.02001635367608975,0.036953268325088766,0.007170037137703792,0.048039248822615406,0.18253835570498636,0.007278674064032637,0.060049061028269256,0.008734408876839163,0.007875286692232033,0.012009812205653852,0.014792872684681982,0.021836022192097907,0.03291225985546488,0.036953268325088766
497,0.019975541061943932,0.039951082123887864,0.03495719685840188,0.04660959581120252,0.055931514973443015,0.05844107232493871,0.4214489358028735,0.017478598429200944,0.02330479790560126,0.008896573081958485,0.020715375916090007,0.02045549187320698,0.020421033116711822,0.026241664024952392,0.08444662785271734,0.009812546486568952,0.011414594892539395,0.016450445580424418,0.031073063874135005,0.004008490522480102,0.027965757486721508
498,0.016980682441202637,0.019303841592131166,0.025744905636662062,0.03627691248802382,0.025744905636662062,0.010641227663153653,0.02494037733551637,0.025744905636662062,0.039904603736826194,0.008654929435793565,0.021570056073960106,0.024184608325349213,0.011736648157890057,0.03325383644735517,0.007751329219182074,0.006443046772551219,0.01227833961133114,0.015347924514163924,0.6026857549355231,0.02494037733551637,0.005870787004544186
499,0.008686627578975233,0.019659209783996573,0.014366345611382112,0.012049193093417258,0.016978408449815227,0.0073240193312928414,0.008686627578975233,0.003605039808068806,0.00879413471551616,0.5303854913465598,0.2815775746212645,0.009829604891998288,0.004343313789487616,0.007781770539498644,0.004676744890373499,0.00667008903385598,0.002541767801474861,0.015093178314234654,0.015563541078997288,0.009338124647398374,0.012049193093417258
500,0.13061086991416082,0.1274909333411984,0.03037016162092119,0.09006110456662623,0.00106637564633055,0.037533144905592036,0.06157812080379883,0.009163410833898634,0.10564873667318422,0.0006058453443899923,0.04810790687796783,0.04701228166956691,0.0005062591452276347,0.06807105190896127,0.026473478499187315,0.07741502256224711,0.060767882372169894,0.0719668724228765,0.0016706551792511945,0.001252991384438396,0.0026268943280049945
501,0.014335471511478083,0.014611153655929583,0.021104999725231617,0.02243335408185483,0.0199942102660089,0.003008942482405815,0.02302363606388904,0.09391637610228253,0.021027117461628258,0.006844864775750794,0.02302363606388904,0.02170799971738109,0.006331499917569485,0.024509031938978652,0.5736310308165107,0.01920591542232726,0.010552499862615809,0.01726772704791678,0.021104999725231617,0.021104999725231617,0.021260533635888597
502,0.08092492067114054,0.06814576688572659,0.19171849818010503,0.10522731238363633,0.0042365219390971464,0.03238392793559222,0.04409431974958779,0.016139786893987873,0.002038834514536898,0.025450037268412964,0.024673467320694104,0.032369239270720135,0.046900321915470645,0.11834478064984874,0.025554662582147468,0.07600873998792579,0.040887460131435946,0.04601899901053645,0.0063547829086457175,0.008638195802416045,0.0038894239983355296
503,0.010527913794439566,0.01930117528980587,0.002007192811814141,0.021055827588879136,0.01654386453411932,0.0154409402318447,0.009967400649375055,0.015508878947314968,0.01678013909227331,0.005514621511373107,0.033837680247724586,0.34913909289957357,0.005514621511373107,0.03308772906823864,0.006433725096601957,0.01494601127102274,0.30381244204205277,0.04833954321103512,0.015973386446735897,0.036127456930257054,0.020140356824145257
504,0.0096199561055813,0.4019882805791347,0.028174504488793876,0.010956751745642063,0.016435127618463097,0.00744232194043612,0.013148102094770476,0.010660623320084169,0.013148102094770476,0.05001726173707905,0.03944430628431143,0.014087252244396936,0.0031642223148000306,0.014609002327522751,0.007304501163761376,0.29728483654409993,0.007460779854059946,0.00876540139651365,0.020760161202269173,0.014087252244396936,0.011441252699112456
505,0.05621159725145319,0.07362800894951341,0.04417680536970806,0.013043577465701221,0.024542669649837805,0.4997315262332581,0.014725601789902683,0.0194897670748712,0.03012054911571004,0.008605871175917152,0.03313260402728104,0.018932916587017738,0.005864177703943547,0.024542669649837805,0.005682025220183342,0.009077425760898913,0.01051828699278763,0.017798221505499954,0.031554860978362895,0.0389795341497424,0.019641303348572038
506,0.27139459641831737,0.01322920005215881,0.005369960430411327,0.015850780470323976,0.020727943691962125,0.4067195751061405,0.016841454249719227,0.017384726967452104,0.02155706143964061,0.006055354336977701,0.015397901028314722,0.018583673654862593,0.005733261021181015,0.017384726967452104,0.0066534140245804365,0.06882094244188701,0.006821854885962219,0.007236312175221283,0.016841454249719227,0.023431588521348485,0.017964217866367174
507,0.014648727045785077,0.03392336789550229,0.03392336789550229,0.03040226123393561,0.03222719950072717,0.4859062282969634,0.03222719950072717,0.02802365173976276,0.03791435235379667,0.014323199778100964,0.03222719950072717,0.019531636061046773,0.01263811745126556,0.02929745409157016,0.004570844290442467,0.010230856984357833,0.013713701915203049,0.048437720229307514,0.02802365173976276,0.02929745409157016,0.02851180840394322
508,0.005603545636933042,0.0996442930285613,0.03037811939052067,0.03345090092825481,0.025495604825142074,0.01307534672915577,0.016725450464127403,0.006538005866789076,0.03738630103746126,0.01885162300540349,0.03177835588184207,0.01717748966586058,0.00858874483293029,0.01629659275991901,0.007477260207492251,0.007390315321358622,0.07233437567999265,0.47958413864316013,0.03177835588184207,0.019259609625358828,0.021185570587894716
509,0.009902981571030806,0.13489656484329537,0.012424257723100993,0.493643305130886,0.01815546621355648,0.0748615333111388,0.009902981571030806,0.022537820127173556,0.007187603805974759,0.006471255284039934,0.031123656366096816,0.016339919592200828,0.006108381155962927,0.02050896367799951,0.006166007393283333,0.03751134423449925,0.0071823822383300364,0.037095873257376316,0.020424899490251038,0.012815623209569277,0.014739179803203023
510,0.010301178945717752,0.03296377262629681,0.038780908972113885,0.008359654227713042,0.04709110375185257,0.49816583633480593,0.01690449878271631,0.03139406916790172,0.029967066023906183,0.00659275452525936,0.018313207014609333,0.023545551875926288,0.009031170582547068,0.022733636293997793,0.04831076980936546,0.07087983765323719,0.011772775937963144,0.009609309385030943,0.01719251362096686,0.025356748174074458,0.022733636293997793
511,0.019708748020583002,0.10401839233085473,0.006764814905552064,0.008823671615937473,0.058484788600024304,0.0031710069869775297,0.017055647325504523,0.048253267101765,0.009664021293645804,0.1521706911452807,0.21248493959691048,0.02217234152315588,0.003029021599500924,0.06569582673527669,0.003560428897658981,0.06041435940813862,0.02660680982778706,0.004639924076892397,0.0700179205994396,0.09854374010291504,0.004719638306199115
512,0.07360502893547753,0.020454315864790476,0.015734089126761906,0.007034218708719703,0.0266795424323354,0.4605524942558652,0.013946124453266234,0.018594832604354978,0.01427045292892359,0.006743181054326532,0.029220451235414974,0.014610225617707483,0.05216360487146799,0.020454315864790476,0.05996015851414439,0.099058158745818,0.008181726345916192,0.013165045725598255,0.016584580430911197,0.01278394741549405,0.0162035048679156
513,0.0021258889777393706,0.003924718112749607,0.0035187127907410276,0.004859174806261419,0.015088103462942974,0.0020408534186297962,0.002551066773287245,0.5433473399589449,0.004638303224158627,0.07616758097078695,0.007419219082715243,0.0034014223643829933,0.0010004183424655864,0.003924718112749607,0.0012444228162376805,0.0009211545999729528,0.008977810364877046,0.3034744887729538,0.006327218733341919,0.0030012550273967585,0.0020461292866645713
514,0.10438891209347242,0.10972248630633545,0.014215058954666937,0.023289096562736422,0.008864012977581643,0.0016769754281911213,0.007171570876733427,0.011253588339111328,0.0019873495900528527,0.0010915910159568234,0.009785728990531584,0.08252631448681638,0.19473433687894376,0.04617652314239837,0.000687199718803251,0.1505652508819032,0.1370891670400834,0.030009568904296867,0.0047729300648516534,0.05922941231111224,0.0007629254354211148
515,0.024390186244726553,0.08079249193565673,0.01780713900020594,0.01854910312521452,0.01854910312521452,0.0038127031087464426,0.012031850675814823,0.01281428108533161,0.2851828960412441,0.005635170569685423,0.015350981896729256,0.010352987790817406,0.006451861956596354,0.024237747580697012,0.33313544480458135,0.010774347559703187,0.007827946433746798,0.010352987790817406,0.01854910312521452,0.055718959955625334,0.027682706193630818
516,0.005057122255395962,0.010430314651754171,0.007946906401336511,0.006811634058288437,0.0036223282672428942,0.003792841691546971,0.026641992557229478,0.05602062570804087,0.007762094624561244,0.25008968204565474,0.5002184529368824,0.008558206893747013,0.03504596150958423,0.004837247374726572,0.0026729380606119323,0.0038364375730590055,0.004334676218910824,0.029211867385079342,0.011125668961871116,0.015171366766187884,0.006811634058288437
517,0.015581462193286936,0.026940540197287366,0.02377106487995944,0.013855139875065817,0.028864864497093606,0.6071993013582409,0.02184368124104381,0.03848648599612481,0.03232864823674485,0.00748348338813538,0.02377106487995944,0.023091891597674885,0.01496696677627076,0.017569917519970023,0.006507183926521446,0.008784958759985013,0.014694840107611292,0.010979541167879706,0.026071490513503905,0.02449140017935215,0.012716072708288435
518,0.013623109355708556,0.006322915907552072,0.026460004940544034,0.03243597465644895,0.07059919191346699,0.010479314889006584,0.007735439176371366,0.04541036451902853,0.022705182259514265,0.009082072903805704,0.027246218711417112,0.04106151042224033,0.0494194343394269,0.026198287222516457,0.008306773997383268,0.008846174906304257,0.015840824832219248,0.013355989564420153,0.028381477824392827,0.5108960985198447,0.025593639138387723
519,0.006398223606888661,0.14814247158373933,0.015158645928734844,0.010679955086154094,0.03379484579337258,0.006810406141895365,0.009998255825335749,0.3486606540367933,0.013426229251165147,0.08519800721574614,0.010804230646645091,0.02239077910859291,0.0037295081253236515,0.008102034892944485,0.0031538122402065783,0.003359623267120532,0.004147110454039958,0.23418118830706297,0.011188524375970956,0.009214078897858434,0.011461415214409272
520,0.0029582947881827116,0.0071940350530806845,0.005365043090433053,0.010210888462437102,0.01217452085905962,0.0034036294874790337,0.004164967662309871,0.5780454953187205,0.005189140038287706,0.23837173352169613,0.08483520414285478,0.003638362555581036,0.001886285661577904,0.004966034930917192,0.0018954343852428154,0.002362220465190673,0.0024729495494964855,0.013301228269446477,0.007720427861842686,0.005189140038287706,0.004654963857875738
521,0.03176282885642212,0.06486290910702315,0.00957173209778202,0.4227428430737235,0.01335772007545013,0.0251617459391015,0.011817672880782684,0.013047075422532686,0.006850036272118006,0.004186748083350041,0.07134920001772548,0.012750550981111487,0.004036145634308673,0.2342162189031717,0.003896001688672955,0.005400128667377518,0.005292681539329297,0.014279210624418327,0.009508885477439076,0.023297697964971584,0.012611966693187957
522,0.07511643506331007,0.02254304531631545,0.16784458976951874,0.1565518547142774,0.004165049357973418,0.08013963748771923,0.017322846814228195,0.004969669168016286,0.058843217770542786,0.011063862016386618,0.015955253644683864,0.05850259669717417,0.0017500207386442932,0.11889434161130132,0.043914226152891575,0.07699043028545867,0.06304443143673756,0.005795690060787416,0.004627832619970464,0.003929291847144733,0.008035677426917683
523,0.002480889138660405,0.003439522174346205,0.0026457862879586194,0.0031268383403147315,0.0027516177394769636,0.0014636264571685977,0.0014331342393109185,0.3443540182475021,0.0026457862879586194,0.24249869377681535,0.05127998021670433,0.0023720842581697967,0.0011781033402113268,0.0029908888472575694,0.0008307931876532662,0.0008707651074294189,0.0011863005495713443,0.3267186348462467,0.00229301478289747,0.0019108456524145581,0.001528676521931646
524,0.09281387720495285,0.021740316166078102,0.15045926812776228,0.044669780472971946,0.022334890236485976,0.009735721385134913,0.019487995855010553,0.01293092326557652,0.024289784440509932,0.0042078031289183426,0.042188126002251275,0.19557968044167193,0.004076309281139644,0.08722680105870874,0.003780924550622278,0.13684685967935908,0.02901942087074401,0.009317278356890614,0.01739225293286248,0.05817126054272026,0.013730725999628272
525,0.0507823527462386,0.06408249275120585,0.028837121738042634,0.06408249275120585,0.053402077292671546,0.048452558510192825,0.03204124637560292,0.013350519323167886,0.059505171840405435,0.06563486876776321,0.09291961448924849,0.06408249275120585,0.0011239083821996208,0.0876085081623527,0.06582124440168588,0.06316702856904578,0.04870269449091644,0.009858845038647054,0.008758927414958768,0.07476290820974017,0.003022925993502428
526,0.03149415914535311,0.06442289504417065,0.0013289816444877007,0.024238037035973617,0.08840252819950085,0.0023536812350651577,0.029750850836370486,0.25500729288317553,0.021420612602186747,0.07038201283575644,0.025704735122624094,0.04406526021021273,0.0005941917504073993,0.03861539006516659,0.028177043451249894,0.04374367760568505,0.046645593466244986,0.05650161939500016,0.0584198525514184,0.06703048841500614,0.0017010965049442564
527,0.028367322180087976,0.08597822601437347,0.08060458688847512,0.08597822601437347,0.01359845746679704,0.03684781114901721,0.09920564540120015,0.010398820415785971,0.013575509370690549,0.020282590305532585,0.017195645202874695,0.08344945466100952,0.13270202571671935,0.04076235926198948,0.02668289772859866,0.06474713667451629,0.04320261959652568,0.012480710227892924,0.017677994706836158,0.07586314060091774,0.010398820415785971
528,0.013122393467434839,0.024551574874555507,0.021745680603177733,0.009502648137397986,0.04228326783951226,0.5736733244447482,0.017699972583981878,0.029273031581200797,0.03805494105556103,0.00768786687991132,0.021141633919756132,0.030443952844448823,0.009884400274171697,0.02306360063973396,0.035439633343163766,0.00928169294038074,0.014636515790600399,0.010995571638918806,0.02718210075397217,0.020028916345032125,0.020307280042339972
529,0.028971213443729188,0.019897569925203865,0.024700431631287555,0.10872562354876249,0.019897569925203865,0.5405308073693238,0.014618622802190595,0.027550481434897658,0.03255965987760632,0.005596191541463587,0.014923177443902898,0.02653009323360515,0.006019432918549068,0.018366987623265104,0.004004461550787938,0.029074670395093847,0.009302759965030381,0.007293526579975414,0.014923177443902898,0.031144022491623437,0.01536951885459486
530,0.08218784999065268,0.08523184443475093,0.00930007773799011,0.0031060084844089886,0.02092054363398432,0.002823237884746998,0.08396488458504517,0.007186423706628722,0.11857280862687988,0.13688528119132845,0.18035558869802748,0.06794221758070255,0.001399126739343645,0.03711884323939713,0.06435704827148006,0.033240419329552864,0.0015955965223902152,0.003436985250996345,0.0075286343593253275,0.04931270999439162,0.0035338697379765174
531,0.009638349543573553,0.027308657040125063,0.02137199246618483,0.027308657040125063,0.018205771360083375,0.00819259711203752,0.016950200921456937,0.2043699094784301,0.0204814927800938,0.12690674803476865,0.36937258112054416,0.019662233068890044,0.00599458325271038,0.012603995556980798,0.004428430871371632,0.00805829224134838,0.03993511196948231,0.0032248795688635643,0.024577791336112556,0.016950200921456937,0.01445752431536033
532,0.011403162207792028,0.004203036496346617,0.038748605584922706,0.03207139370941508,0.025826344540041065,0.009681930176427196,0.22194902220527887,0.034209486623376084,0.04664929994096739,0.009002496479835814,0.023324649970483696,0.023324649970483696,0.005898187348857946,0.042761858279220105,0.007227356328882271,0.006055641245869739,0.009868121141358488,0.015092420569136513,0.036653021382188664,0.3860807019067399,0.009968613892376205
533,0.5109348300129711,0.019914079431077897,0.027083148026265935,0.022504954001668995,0.014405929801205282,0.011284645010944139,0.011878573695730674,0.02184124840827898,0.019914079431077897,0.005460312102069745,0.02184124840827898,0.017360992324529447,0.0036014824503013206,0.016120921444205915,0.005129384095883701,0.2076190391513392,0.0031847489478365985,0.010372257052818837,0.019345105733047097,0.013276052954051928,0.01692696751641621
534,0.016681232072642844,0.03308303048505812,0.5237781780253005,0.011880994664234736,0.015438747559693789,0.11937001670474195,0.016156828841540013,0.016944966833810256,0.027789745607448825,0.005385609613846672,0.030206245225487843,0.05237176669504355,0.006041249045097569,0.02672090923793155,0.00827075762126453,0.007634545496551872,0.010216818238032655,0.016944966833810256,0.015789628186050467,0.02147982352045755,0.017813939491954374
535,0.019952473786438583,0.024287435237089868,0.5871604934045502,0.02182583884932821,0.03532717852667617,0.002532146041182635,0.012768225158846352,0.017663589263338088,0.02775706884238842,0.007473056996027652,0.03700942512318455,0.06506175492705106,0.005551413768477683,0.03700942512318455,0.007930591097825263,0.005287060731883508,0.007401885024636911,0.009854202696957165,0.019928151989407072,0.014427369168618413,0.033791214242907645
536,0.003136458215394241,0.026905953723665856,0.023318493227177082,0.021198630206524616,0.03179794530978693,0.01520771297424592,0.01520771297424592,0.10397961919124035,0.03041542594849184,0.006662426636336307,0.018409336758297694,0.02285584179037783,0.004644894114361924,0.020575141082803304,0.006030644800132004,0.015555636329753491,0.5275096138897101,0.013716760721868873,0.041150282165606615,0.018409336758297694,0.033312133181681546
537,0.5304775433470851,0.015981048142720902,0.016952467330102326,0.024247107526886885,0.029298588261654983,0.006769696132051006,0.016742050435231418,0.030572439925205197,0.02197394119624124,0.007175164472242036,0.02704485070306614,0.018029900468710763,0.00611448798504104,0.028126644731188786,0.0070316611827971965,0.004829138568323866,0.09448939093609988,0.03505064795548498,0.019004489683235665,0.028126644731188786,0.031962096285441804
538,0.7940866626188525,0.00428055611462232,0.0009739756408604881,0.002686886026462297,0.0035185412251291983,0.1113691422768461,0.0013811096397703397,0.002841898681835122,0.004767055853400849,0.0009534111706801698,0.003604359303790886,0.001944456992834557,0.0007070752701216571,0.0022735189454680975,0.04359601331435729,0.006590208675752297,0.001154521339495518,0.005289749180782611,0.003212581118596225,0.0020813905838792442,0.002686886026462297
539,0.01207035486999008,0.02154471959137908,0.04446972846838452,0.03379699363597223,0.023470134469425162,0.011657645501824555,0.016898496817986115,0.03520520170413773,0.022234864234192252,0.005685570513087074,0.024850730614685464,0.028164161363310188,0.004941080940931613,0.01920283729316604,0.0028807330484845093,0.005595528747677522,0.008710565370095935,0.012610818520885157,0.637210023013211,0.024850730614685464,0.003949080666488297
540,0.004414998934136157,0.01857429538533902,0.533519996280953,0.02214736564011465,0.020166377846939507,0.06876186085044711,0.00636625825732113,0.024338731884237335,0.054294094203298664,0.005833249790437048,0.047054881642858856,0.005152138413760587,0.002857583905436772,0.03361062974489917,0.008822790308036033,0.004705488164285886,0.004801518534985597,0.034157761073338545,0.028232928985715305,0.040104176306055936,0.03208287384740376
541,0.05057061524597848,0.03573202606748458,0.024737556508258554,0.030627450914986788,0.0257270587685889,0.010543876544503646,0.014617647027607325,0.006648306758637825,0.04947511301651711,0.007566781990761441,0.022178498938438707,0.014061750271611157,0.003558584103007794,0.0803970586518403,0.009321398104561195,0.006925578080739782,0.4844861132121251,0.01286352938429445,0.04019852932592015,0.023821350711656388,0.04594117637248018
