site,A,C,D,E,F,G,H,I,K,L,M,N,P,Q,R,S,T,V,W,Y,*
451,0.010102961935958691,0.5576517442398141,0.01898132242513451,0.02020592387191738,0.06943416467321877,0.015258595238170568,0.029827792382354237,0.0626383640029439,0.04818335692534147,0.010102961935958691,0.02409167846267073,0.02505534560117756,0.009211524118079985,0.028471983637701773,0.0030325101012971976,0.007968402694942036,0.016929287568363212,0.010102961935958691,0.010124275613847234,0.010342810477709144,0.012282032157439978
452,0.009971549482943674,0.020389819901248708,0.01963464138638765,0.012740352831244191,0.02120541269729866,0.0025491940244642465,0.01606470658886262,0.2474219370390312,0.01710113927201505,0.003445340123906674,0.05111233226477215,0.02650676587162333,0.005301353174324666,0.01606470658886262,0.003956233712182586,0.005146944829441422,0.006796606633749572,0.47329585274367225,0.013950929406117541,0.01606470658886262,0.011279474838988652
453,0.012354733328603963,0.005979056198950589,0.013366469037745141,0.021714379789667577,0.019435189595809053,0.006021634731588486,0.005118233865278081,0.026539797520704813,0.0358287266529515,0.0083322620123143,0.03412259681233476,0.03901499381110462,0.0143314906611806,0.03412259681233476,0.0075428898216739985,0.007885714770620795,0.029857272210792915,0.009070563709607973,0.018857224554184995,0.6386560136263495,0.011848160476201536
454,0.010003086671988664,0.01781799813447981,0.1029335989335803,0.01781799813447981,0.022807037612134158,0.0070392091395475795,0.08489279233394945,0.05142272873146429,0.021202692844395785,0.007217416965865239,0.0203634264394055,0.5120329267086042,0.007404882341601999,0.02591708819560699,0.007602345870711387,0.0021797800274693264,0.020520275321582397,0.008030647046526111,0.02111762741864274,0.015838220563982052,0.015838220563982052
455,0.009381307178218,0.018478332320732427,0.03586970391671589,0.02032616555280567,0.023453267945545003,0.005543499696219727,0.017422427616690574,0.14160150596439783,0.03842274416707714,0.0057526883640016055,0.5439185428631338,0.024391398663366804,0.009101268157972688,0.026512389851485657,0.0062222955773894905,0.006418789121938633,0.005190358221556994,0.0025676867107790676,0.013256194925742829,0.024391398663366804,0.02177803452086322
456,0.009862948639410481,0.02183938627298035,0.028238753824871215,0.017114396257497704,0.047064589708118686,0.007059688456217804,0.04034107689267317,0.1012266050703321,0.06018734413298684,0.007081785341709697,0.5055518112691251,0.035298442281089026,0.009258607811433185,0.02091759542583053,0.0071603640417740025,0.007431251006545057,0.004242059836134819,0.01282039320392824,0.016136430757069265,0.024555438108583665,0.016611031661688952
457,0.010074704950216127,0.016623263167856617,0.025574251027471708,0.010378593970793479,0.017971095316601744,0.5930272040933039,0.020779078959820767,0.031663358414964975,0.017498171755638538,0.006044822970129676,0.024627056544972756,0.03911356039495673,0.008985547658300872,0.030224114850648385,0.004912239587197373,0.008209018848324253,0.010074704950216127,0.057250635762222606,0.013037853464985578,0.041558157919641535,0.012372565391736154
458,0.006948774752423293,0.015819551032112605,0.024783963283643077,0.006938036467368963,0.01218883440179168,0.006409645676804245,0.01652264218909539,0.015294496800615105,0.6653001543398585,0.005948151188074339,0.02065330273636923,0.016617796419522615,0.0067592627137208405,0.015254070303701107,0.07247863228684061,0.006144784285200764,0.010401097795325661,0.007014329231219738,0.00854619423573899,0.019566286802876115,0.040409993057697095
459,0.007805520959069662,0.016168579129501443,0.025151123090335577,0.01131800539065101,0.021905816885130987,0.0014780816120237485,0.019972950689384133,0.04412785752313801,0.08797584729535315,0.006230094710450098,0.0178705348273437,0.02057819161936547,0.0065930128489229195,0.019972950689384133,0.6071076137742853,0.00471264985706605,0.008488504042988258,0.008281467359012936,0.009176761127554873,0.021905816885130987,0.033178619683907666
460,0.005360733889864052,0.01293871286075206,0.13105144885890602,0.4030092196605043,0.018868956255263424,0.0016982684354046988,0.01741749808178162,0.013319263239009475,0.11889960212559172,0.006289652085087807,0.011611665387854414,0.019689345657666182,0.006759029106363016,0.015095165004210738,0.0063782387341735506,0.004817605852407683,0.009635211704815365,0.004883157110444365,0.011321373753158054,0.02264274750631611,0.15831310469042514
461,0.00794023537307524,0.01588047074615048,0.02299930245994207,0.003616614731739692,0.011701399497163511,0.004697040643227606,0.013339595426766401,0.013078034732123926,0.5958538351203893,0.004066949825233659,0.028438553023021094,0.12241406859476234,0.007755578736492094,0.009464045336495447,0.07504528486049382,0.004833186748828406,0.02117814789013147,0.005652370943545086,0.009263607935254445,0.015511157472984188,0.007270519902179843
462,0.009776741944635075,0.014461430793106052,0.026698026079580404,0.005552525324682199,0.019832819373402588,0.010922032570162346,0.016142992513234665,0.020416137590267367,0.6196783000558765,0.0060360754614703525,0.009934970254899957,0.03466949657500707,0.007978720437575752,0.023474852249717806,0.09355156264626006,0.005258702106584018,0.025835122368855164,0.007712763089656561,0.010360428030881948,0.016930455562660745,0.014775844971483255
463,0.0458028574340269,0.0061270171953959895,0.0023577707603693373,0.06225137709477892,0.0035803185620423275,0.0014215970761050412,0.019691301836198473,0.12528964649559748,0.0036878258229326266,0.08940441966516205,0.25171828977751853,0.006580870320980878,0.16244196816103787,0.0857909807242973,0.0004609782278665782,0.008143827022213838,0.019336847734452527,0.07069128441569782,0.004675881543854833,0.028429359786637402,0.002115580342833264
464,0.020987827971066374,0.029079460240204517,0.020900862047646997,0.015029539416910155,0.018578544042352884,0.5944964709196626,0.030401253887486532,0.024771392056470515,0.025724137904796298,0.006080250777497307,0.019671399574255993,0.029079460240204517,0.012862068952398152,0.033441379276235195,0.005064395312209168,0.012385696028235258,0.012160501554994617,0.007381676206148749,0.013649542561728649,0.051448275809592596,0.016805865219903033
465,0.011884385062672918,0.043192679320180616,0.027650985696386726,0.537462288158441,0.03779359440515803,0.0018664627771626267,0.02879511954678707,0.03359430613791826,0.013015121764168991,0.010798169830045154,0.035570441793089914,0.043192679320180616,0.021596339660090304,0.02879511954678707,0.010078291841375476,0.0134377224551673,0.023257596557020328,0.009999012046993595,0.023257596557020328,0.02629119610793602,0.018470891415417894
466,0.009775890498769731,0.012849100420380595,0.01384917820659045,0.02374144835415506,0.591379763516557,0.005681714136037109,0.017045142408111325,0.017966501457198424,0.03165526447220675,0.10116486137097518,0.02462076125616081,0.017045142408111325,0.008522571204055663,0.02215868513054473,0.005539671282636182,0.004450151407906755,0.009496579341662025,0.006271325980342847,0.03974958771511635,0.013295211078326834,0.02374144835415506
467,0.011455106246803883,0.029455987491781414,0.04418398123767213,0.009416244460072273,0.029455987491781414,0.5499353424288671,0.02689459727510477,0.03866098358296311,0.023791374512592684,0.00754360655277329,0.02689459727510477,0.03638680807808292,0.014727993745890709,0.02689459727510477,0.00347354948872986,0.009516549805037074,0.016718263171011077,0.017005383151154692,0.011261578391334945,0.047582749025185375,0.01874471931295181
468,0.005813626223647972,0.01255743264307962,0.026161318006415874,0.0028087653764444632,0.014949324575094788,0.004484797372528436,0.037020610111454993,0.09045709425835562,0.27870252503088677,0.018935131729137637,0.027501024654223705,0.012923902745708772,0.005707923928672555,0.06281201332829092,0.11901299207048659,0.06722472693254684,0.12242525850990418,0.045058128690595466,0.011627252447295944,0.024148908928999274,0.009667242436229543
469,0.5982921728175907,0.014926821282976137,0.017223255326510926,0.08694443244171336,0.019756086992174297,0.005997383551195768,0.017223255326510926,0.017223255326510926,0.023162308887376762,0.006219508867906724,0.016792673943348154,0.023989534204783072,0.009216780824440225,0.021667966378513745,0.007720769629125587,0.02915660657793104,0.005453635324821816,0.035181310947591055,0.010662015202125811,0.013434139154678523,0.019756086992174297
470,0.009130755749174628,0.012576323956410337,0.013886357701869748,0.00355672992206189,0.011297375757453354,0.011190708595555158,0.01169377490683768,0.01784789400819681,0.5961486772069015,0.0033327258484487396,0.009660074923039825,0.028672983215706053,0.0048652932094142174,0.008800662594993265,0.2150740638880959,0.0038979249689458937,0.006237028156114855,0.004356504377057175,0.008030664695057203,0.012576323956410337,0.007167152362255351
471,0.010720475153190516,0.014747300067881698,0.06295975455842258,0.030733472600309446,0.04470323287317737,0.43636414915112665,0.024586778080247555,0.03782581243115009,0.09834711232099023,0.01003541962459084,0.05463728462277235,0.03278237077366341,0.005996775141523794,0.01821242820759078,0.007339336740372404,0.023863890899590172,0.011435710734998862,0.010550801603930213,0.017561984343033965,0.030733472600309446,0.015862437471127453
472,0.010600138336375235,0.022381610960578786,0.018474526814825407,0.015770937524850957,0.04973911065529917,0.002281428870314938,0.02694201827162039,0.042493378800380927,0.024869555327649586,0.009797097553316507,0.02694201827162039,0.006936817779301281,0.008082605481486118,0.029391292659949515,0.04129059627357152,0.5757700613270353,0.010481657828101069,0.009107161105899852,0.020858336726415787,0.03403202307994155,0.013757626351465732
473,0.007700224364545674,0.0037041781722119945,0.02502572918477344,0.02002058334781875,0.02695078527590986,0.004146274657832286,0.009821877671321078,0.02802881668694625,0.03185092805334802,0.01754230419059902,0.02802881668694625,0.03185092805334802,0.007087328762802569,0.03185092805334802,0.6243079774033484,0.008663225435128341,0.01045851368915905,0.008983595091969955,0.01373961602301287,0.03688002195650823,0.02335734723912188
474,0.574394105267098,0.09487039440451726,0.04363774850151736,0.015348800396488269,0.014014122101141464,0.011048888492833793,0.014651127651193346,0.028148358779362274,0.029302255302386695,0.0055098257833547624,0.019534836868257795,0.013715949290478875,0.005081219048647279,0.0230232005947324,0.006511612289419265,0.038974704587300096,0.004638502590229425,0.003524710290685327,0.01841856047578592,0.019534836868257795,0.016116240416312683
475,0.010434772394730485,0.020237134341295485,0.022260847775425033,0.02782605971928129,0.03678449382821225,0.009405992017785227,0.015177850755971611,0.5944545461884368,0.03928384901545595,0.006206186256472105,0.025685593587028887,0.050267320369943316,0.007420282591808343,0.02782605971928129,0.007676154405318978,0.006572670191136887,0.0034550702455774145,0.004190709318222928,0.03339127166313756,0.019641924507727972,0.03180121110775005
476,0.010616906894806042,0.008323466736724369,0.01804874172117027,0.017189277829685972,0.024894816167131406,0.01069174690384618,0.02005415746796697,0.034378555659371944,0.0176085285084588,0.05497780963475367,0.013883647477823287,0.05156783348905791,0.008111794031986638,0.014155875859741388,0.0033886985414708854,0.005193882509689287,0.010313566697811584,0.007009220085891367,0.6436825766521905,0.0218772626923276,0.0040316344380939995
477,0.004922623418724893,0.006788334747156579,0.00668971900493383,0.007349268765983644,0.36125157911450223,0.003366439241192507,0.005233921741472448,0.012134839125228806,0.022686873147166903,0.0033882992362651867,0.019325854903142176,0.01162945679188631,0.0041086463179908555,0.01683219620596254,0.005066000799852803,0.0033692943419444577,0.005435396691508736,0.004208049051490635,0.011102086859251887,0.4656244042180376,0.01948671627630495
478,0.00832734286842018,0.01746710943132038,0.019355445586057715,0.017051225873431795,0.0198930968523371,0.010086640657523035,0.011189866979439616,0.007220048717389908,0.0155685105800899,0.006127835111349165,0.6383700873330876,0.022379733958879232,0.006693004548449865,0.01746710943132038,0.00494345569634994,0.006394209702536925,0.12085896585343366,0.003956979900857645,0.011017715179755928,0.01627617015191217,0.019355445586057715
479,0.014142561499630304,0.05849622529912074,0.022751077195057447,0.02378521706756006,0.024917846451729585,0.02091051113926025,0.024917846451729585,0.021803115645263382,0.02378521706756006,0.014576843819079172,0.02093099101945285,0.021803115645263382,0.00918025921905827,0.043606231290526785,0.03577691666966553,0.006304515367305076,0.012169180825263285,0.012762799402105398,0.46480055729061515,0.018043957775390387,0.10453501385936331
480,0.012976576092432442,0.05911551330997002,0.028002085252091066,0.04092612459921,0.04888191012389606,0.012373014413714654,0.020463062299605,0.038002829984980724,0.024183619081351374,0.4721613399787182,0.023132157382162177,0.01970517110332334,0.00794088984760791,0.02660198098948651,0.01108415874561938,0.0038049784255010403,0.011823102661994003,0.06044608127937368,0.026322973667365468,0.038002829984980724,0.014049600776616308
481,0.019977208016935453,0.052694636158746436,0.02146818510171151,0.008210231899155512,0.024151708239425446,0.5149056183968824,0.01932136659154036,0.0305074209340111,0.025201782510704818,0.01093662259898511,0.022293884528700417,0.02760195227362909,0.005084570155668517,0.03409652927918888,0.005083209078295728,0.011592819954924215,0.00966068329577018,0.0331515891461548,0.03409652927918888,0.0305074209340111,0.059456031626370066
482,0.41833706967489304,0.03141435566222772,0.011819145762802855,0.024800807101758728,0.024800807101758728,0.01481409160424324,0.016829119104764853,0.036247333456416606,0.04712153349334158,0.00760024733763574,0.026178629718523104,0.024800807101758728,0.006636835703287547,0.02356076674667079,0.007362739608334623,0.19724014591299444,0.011706422884841867,0.003939222319039959,0.026178629718523104,0.018123666728208306,0.020487623257974603
483,0.008990484464135747,0.023293527929806254,0.04658705585961251,0.0213524006023224,0.01767095222261164,0.03530178012168942,0.013485726696203622,0.15066065999744724,0.0507899437793403,0.007764509309935418,0.013850205796101018,0.0160143004517418,0.009669011593504482,0.019709908248297603,0.4551149505531877,0.030480618407862807,0.019651808667725264,0.011387946987905281,0.0160143004517418,0.023293527929806254,0.008916379929021367
484,0.015130501983050323,0.015595128409623875,0.02395662813982968,0.02737900358837678,0.5099486954395119,0.012776868341242495,0.024998220667648365,0.03026100396610065,0.03593494220974452,0.007944139986829798,0.03026100396610065,0.03833060502372749,0.012499110333824181,0.02395662813982968,0.007098260189579164,0.0601784818804129,0.01437397688389781,0.01197831406991484,0.026134503425268747,0.053296512250613895,0.01796747110487226
485,0.01819111268649156,0.028802595086944976,0.031421012822121785,0.049375877291905665,0.02540402350538295,0.015710506411060893,0.043203892630417455,0.049375877291905665,0.049375877291905665,0.30612108839643754,0.03648273816132807,0.02658701084948767,0.024912562952342468,0.031421012822121785,0.008862336949829222,0.004984323763466078,0.02658701084948767,0.015201321976847577,0.02324593253045444,0.17281557052166982,0.011918315208391024
486,0.013288128416740723,0.045770220102106934,0.020596599045948124,0.36540364828232774,0.041193198091896234,0.0030865890045480497,0.019615808615188687,0.041193198091896234,0.13736158407943014,0.015256740034035644,0.014711856461391518,0.019615808615188687,0.017163832538290104,0.021831326222734572,0.008077097665077694,0.009579813509743313,0.012482787300574618,0.011526539815758609,0.013731066030632079,0.06865533015316042,0.09985882792332977
487,0.01539647307307724,0.025101576314994815,0.02268953926558751,0.07185020767436046,0.38203554494162356,0.021555062302308133,0.01796255191859011,0.03592510383718023,0.033161634311243283,0.020028057579857234,0.030792946146154482,0.053887655755770335,0.009797755591958243,0.04311012460461627,0.019595511183916486,0.004952888869287299,0.019595511183916486,0.01245812026279432,0.021555062302308133,0.09935765051262241,0.03919102236783297
488,0.004612992368886336,0.029114333366095386,0.006752908456750913,0.154773745637533,0.04367150004914308,0.03457217269763486,0.010917875012285768,0.019409555577396924,0.003798023105149415,0.006238785721306154,0.024955142885224615,0.006718692315252781,0.006987440007862894,0.01588054547241567,0.006238785721306154,0.006023655179192149,0.0030118275895960746,0.01257501577402379,0.01588054547241567,0.029114333366095386,0.558752124224433
489,0.3705933139824725,0.060406909994044154,0.03690350083034268,0.02783682346130912,0.03211941168612591,0.01159867644221213,0.013469430707085058,0.02456190305409628,0.02197643957471772,0.006845120523272733,0.02197643957471772,0.02319735288442426,0.006524255498744323,0.017398014663318195,0.0055673646922618225,0.13299038480816688,0.06189936855627391,0.07327955389671537,0.019883445329506512,0.016059705843062953,0.014912583997129886
490,0.010478609430620348,0.028641532443695612,0.03304792205041802,0.030687356189673873,0.009943594807876635,0.00810609408783838,0.05301573975261681,0.20520240393616418,0.028641532443695612,0.3814097383757732,0.02527194039149613,0.035801915554619514,0.002244599329830004,0.02386794370307968,0.007589504102488999,0.009764158787623505,0.008767816054192534,0.014320766221847806,0.030687356189673873,0.028641532443695612,0.02386794370307968
491,0.013974748297287622,0.1211144852431594,0.04541793196618477,0.012488390147169423,0.05190620796135402,0.3219802051251883,0.03027862131078985,0.05190620796135402,0.03303122324813438,0.011010407749378125,0.02422289704863188,0.021373144454675187,0.012976551990338505,0.04037149508105314,0.003679402590196284,0.01009287377026328,0.012976551990338505,0.10256437844059996,0.02422289704863188,0.03027862131078985,0.024132757264481604
492,0.012807318763079563,0.0905082622106104,0.046106347547086424,0.03293310539077601,0.4091135269688551,0.03546642119006649,0.01589874053347808,0.038847790789006,0.057632934433858043,0.07178803857782581,0.03546642119006649,0.019210978144619344,0.004657206822938023,0.019210978144619344,0.007814635177472277,0.004054569825388007,0.006230587506363031,0.015971183271923053,0.03293310539077601,0.017733210595033237,0.025614637526159122
493,0.014961051457501135,0.028771252802886803,0.02200154626103109,0.028771252802886803,0.29344973718828254,0.015584428601563687,0.018701314321876425,0.06457032440337762,0.02200154626103109,0.331398181160268,0.014199631500242898,0.028771252802886803,0.010108818552365634,0.012897458153018222,0.009350657160938212,0.004634612673240375,0.010686465326786528,0.009622959841483723,0.018997994364266992,0.024935085762501898,0.015584428601563687
494,0.013557287949069399,0.028244349893894585,0.0030642425824125067,0.033893219872673505,0.026071707594364234,0.017838536775091316,0.05294134310252539,0.03475545505092296,0.05480698429925383,0.011687317197473623,0.056488699787789184,0.3006986982874231,0.00869056919812141,0.11297739957557837,0.01993718816039618,0.00341047068911288,0.008501170206040964,0.04841888553239073,0.028244349893894585,0.022794724775992793,0.11297739957557837
495,0.009637263577167477,0.02098208015843383,0.011639571756533233,0.4852921553767727,0.0259778135294895,0.016327057647097194,0.024797003823603614,0.03209024024231056,0.00768155326623083,0.0075768622794344384,0.02098208015843383,0.011365293419151655,0.006994026719477942,0.16364310522797523,0.006061489823547551,0.008392832063373531,0.00727378778825706,0.016625598904209254,0.018184469470642648,0.0259778135294895,0.07249790123836833
496,0.014493293305739252,0.0313202587058008,0.47291477237998575,0.07143990174450192,0.0313202587058008,0.0021382902340805186,0.027514711622418465,0.02218518324994224,0.04095726138450875,0.007946931313412146,0.053244439799861376,0.020143637450351626,0.008067339363615362,0.0665555497498267,0.009680807236338433,0.008728596688501867,0.013311109949965346,0.01639572304793758,0.02420201809084608,0.01648265459205612,0.04095726138450875
497,0.016670159567317204,0.0333403191346344,0.029172779242805102,0.0388970389904068,0.04667644678848816,0.016670159567317204,0.414480879450426,0.014586389621402551,0.02385706224375051,0.029956243383865398,0.017287572884625246,0.08540350913115723,0.006598570283975487,0.10918297343903781,0.03316209123283741,0.008188850313769853,0.0095258054670384,0.01372836670249652,0.025931359326937867,0.003345199833466695,0.02333822339424408
498,0.013262531808411776,0.026220606627049028,0.02010770951597915,0.028333590681606985,0.02010770951597915,0.008311186599938047,0.019479343593604797,0.02010770951597915,0.031166949749767678,0.006759815298309174,0.01684699986473928,0.018889060454404655,0.009166749926402259,0.0259724581248064,0.014341873032626677,0.005032254331351445,0.00958983069223621,0.011987288365295262,0.5542219682188047,0.019479343593604797,0.12061502048910354
499,0.008796739620979582,0.01990841072116431,0.014548453988543151,0.012201929151681353,0.017193627441005544,0.007416858896120038,0.008796739620979582,0.0036507374382669976,0.008905609522325024,0.4487682041820073,0.3362822568101276,0.009954205360582157,0.004398369810489791,0.007880412577127542,0.0047360274974762645,0.0067546393518236065,0.033371072116580365,0.009016456494230309,0.015760825154255084,0.009456495092553049,0.012201929151681353
500,0.08061595639064878,0.12554653531236953,0.030331620926307763,0.09171534363447591,0.001806990182843866,0.06133399131294384,0.050957123156197034,0.003033162092630776,0.10740962233904279,0.007018887487079483,0.05692162044048985,0.058157586210877056,0.0006992998646432823,0.0652129849915617,0.02162515189271888,0.09217286561607997,0.06313766355976169,0.06273999883814184,0.002307689553322831,0.0031848201972623147,0.014071086000600842
501,0.011958241856870206,0.012188208046425404,0.01760518940039225,0.05270655160575936,0.01667860048458213,0.0025099740813694523,0.01920566116406427,0.04545943608450269,0.10681265485322304,0.005709791156883972,0.01920566116406427,0.018108194811832026,0.005281556820117673,0.020444736077874868,0.5641909267303427,0.005782464930821449,0.008802594700196124,0.014404245873048204,0.01760518940039225,0.01760518940039225,0.017734931356845635
502,0.07498601428659242,0.045827863961419815,0.10374692534760892,0.09146637799540155,0.005768542316822075,0.047171404419385124,0.08696046816215065,0.03673650633344585,0.028030794015162702,0.030347548710237877,0.01969260997811674,0.05064994392664567,0.04329799997802923,0.12063355795439153,0.015316474427424131,0.07267377243586103,0.053507862990888215,0.027568575425226984,0.008652813475233114,0.011618331708528967,0.02534561215142758
503,0.0809603270294754,0.10168502005650676,0.016159497274945065,0.012079042237125606,0.017431717723972586,0.01626960320904108,0.0271023735432789,0.04445466477193338,0.011169188516624795,0.0031635586811519447,0.13015682567232864,0.23624754398428927,0.0031635586811519447,0.018981352086911665,0.0036908184613439355,0.024404428367518993,0.15627807340178648,0.05277710605621334,0.009163411352302182,0.023108022404412672,0.01155386648768536
504,0.007013535825640537,0.46491303396589734,0.024547375389741877,0.009546201540455174,0.014319302310682763,0.006484212367101627,0.01145544184854621,0.009288196093415847,0.01145544184854621,0.0031966091018512514,0.034366325545638635,0.012273687694870939,0.0027568666916178842,0.012728268720606903,0.006364134360303451,0.30515435831247417,0.016170490879865825,0.00763696123236414,0.018087539760862435,0.012273687694870939,0.00996832881464578
505,0.07045681784245723,0.06015078179994088,0.036090469079964514,0.010656017909814809,0.02005026059998029,0.48096375701065197,0.012030156359988171,0.015922265770572583,0.024607138009066717,0.05588067599896482,0.033098554245540694,0.015467343891413368,0.004790770231853698,0.02005026059998029,0.004641959820417878,0.0074158498109516136,0.008592968828562982,0.008768664508220444,0.02577890648568894,0.031844531541145166,0.052741849654822974
506,0.21116726959185422,0.028673133121296806,0.005641297697531961,0.016651700236918494,0.021775300309816482,0.5034133229877436,0.017692431501725895,0.018263155098555764,0.022646312322209147,0.006361323686013805,0.016175937373006533,0.019522683036387194,0.006022955404842856,0.018263155098555764,0.006989602568583068,0.004791996302726043,0.007166554532344664,0.007601953821021249,0.017692431501725895,0.024615556871966458,0.018871926935174286
507,0.012564025712411926,0.029095638491901304,0.029095638491901304,0.0069161915426542864,0.027640856567306242,0.4908447321006682,0.027640856567306242,0.024035527449831513,0.032518654785066166,0.012284825141024996,0.027640856567306242,0.016752034283215905,0.010839551595022055,0.02512805142482386,0.003920354650138314,0.008774875100732141,0.011762066624385635,0.01007526612887704,0.024035527449831513,0.02512805142482386,0.14330641790077117
508,0.051001475468777764,0.18326649286687052,0.02098309945617102,0.027609341389698706,0.014380889856556563,0.010791987707841271,0.013804670694849353,0.005396268290985313,0.0308574992002515,0.007088884951409127,0.02622887432021377,0.014177769902818254,0.007088884951409127,0.013450704779596806,0.006171499840050298,0.006099738214003202,0.03563515139078037,0.4663556887172311,0.02622887432021377,0.015896287466796225,0.017485916213475845
509,0.010865557323397172,0.04501858817832576,0.013631903030691195,0.6384153387009871,0.019920188426228152,0.006926057888825572,0.010865557323397172,0.024728509770490115,0.007886243209837385,0.007100265181625876,0.034148894444962545,0.01792816958360534,0.006702119470506669,0.022502447256758706,0.006765347012681258,0.012909742198196359,0.007880514102683665,0.0120045990814897,0.022410211979506673,0.014061309477337516,0.05732843635846622
510,0.061961851263104877,0.030749701174153952,0.02960513163408848,0.029584480270639875,0.035949088412821725,0.4473784621900853,0.012904800968705233,0.02396605894188115,0.022876692626341098,0.005032872377795041,0.013980201049430667,0.017974544206410863,0.006894345723006906,0.01735473233722428,0.028149682882828153,0.08199920313107721,0.008987272103205431,0.030443590886911415,0.05749535403000615,0.019357201453057853,0.01735473233722428
511,0.008303068433769765,0.06919223694808137,0.012454602650654647,0.0066270488490942255,0.06809734431564324,0.002381595680143237,0.007185347683069988,0.0066270488490942255,0.007258196358531771,0.13524040653644842,0.07589523490242678,0.028022855963972956,0.00227495706759951,0.14184408574356683,0.03605279714663187,0.09834989816533753,0.022418284771178364,0.0034848309016979892,0.14696832261025086,0.10897777319322816,0.012344063229578406
512,0.09574530414760243,0.014632747352260958,0.013847946597028291,0.02255622421891835,0.01908619219860125,0.3907762487879618,0.012274316301911442,0.013302497592964509,0.010208893501577415,0.004823982643602513,0.020903924788944227,0.010451962394472113,0.10310677559236582,0.014632747352260958,0.0029069007853492162,0.1012631094907694,0.005853098940904383,0.07406079361029827,0.011864389745076455,0.009145467095163097,0.048556476861966874
513,0.004094249617509919,0.003067044157836909,0.002749763727715849,0.003797292766845697,0.01088188713831219,0.0015948629620751924,0.013511023737782735,0.31175944881390416,0.0036246885501708933,0.0707975641532478,0.05540968682121202,0.002658104936791988,0.006743469958251634,0.022675844035439555,0.0009724774158995077,0.0007198534399537616,0.0424916717060489,0.4310758557357945,0.002348465798573408,0.0023453867089341064,0.006681357817699177
514,0.10586722678511257,0.14707830578149314,0.014132525933897761,0.023800282098648703,0.004876395347303387,0.003939911563627657,0.009184376514649697,0.009111045490888954,0.0010933086762067257,0.0009012306695024507,0.02354158338018512,0.05684866748166575,0.17612274503071187,0.03007921881163132,0.00037805196358756154,0.15204919961997082,0.11576750564849228,0.03875809827870222,0.002625751340855669,0.08220492172230634,0.0016396478605599273
515,0.015796355370500975,0.06976723621971262,0.013723989473409798,0.014295822368135206,0.017441809054928155,0.03415889339110509,0.009272965860412027,0.06308973333889052,0.3391558812323826,0.004343034643484114,0.011831025408111895,0.007979063647331279,0.0049724599541339865,0.02093017086591379,0.30517770525753724,0.01689983176595173,0.00603301038161798,0.007979063647331279,0.014295822368135206,0.014434600597181923,0.008421525153792431
516,0.004921135138766317,0.010149841223705531,0.0077332123609185,0.006628467737930142,0.05647323633968759,0.003690851354074738,0.005209175009871863,0.0503446955611353,0.007553370212990163,0.2894368826301207,0.4692243576261589,0.008328074850219924,0.001438560102794741,0.004707172741428651,0.0030810131652413792,0.003733274932857206,0.004218115833228272,0.030910192719354967,0.010826497305285896,0.014763405416298954,0.006628467737930142
517,0.013477825985811657,0.02330332726406383,0.020561759350644554,0.011984572559927695,0.024967850640068387,0.6224496895664566,0.018894589673565266,0.03329046752009118,0.0279639927168766,0.006473146462239952,0.020561759350644554,0.01997428051205471,0.012946292924479906,0.015197822128737283,0.0056286561255536206,0.007598911064368639,0.012710905780398452,0.04819722194363999,0.022551607029739188,0.021184842967330753,0.010080478433307043
518,0.0057436554482232,0.04955706655501075,0.046080415490237246,0.013675370114817141,0.06480723343998283,0.015844599172335147,0.0032613477738213264,0.019145518160743998,0.009572759080371999,0.0038291036321487994,0.011487310896446402,0.1324848612274104,0.2006885966840785,0.011045491246583074,0.003502228931843414,0.023765925684808526,0.00667866912584093,0.010277146914175441,0.08735574877049128,0.25562884457525903,0.025568107075370404
519,0.010777505238394302,0.2502917098892982,0.00962896611378695,0.006784044307440806,0.01722699074206741,0.004326057239527471,0.00635102020271054,0.26656897915523814,0.00852851284363987,0.08961505681583916,0.02144131989450651,0.0076537935776255245,0.00236903134545552,0.0051465163711619894,0.002003341943136882,0.002134075744382383,0.002634297695177788,0.2662783480797676,0.007107094036366558,0.0058529009711254,0.007280437793351109
520,0.0024630314361694604,0.005989644628866643,0.004466853621527666,0.008501431086133302,0.010136321679620473,0.0028338103620444335,0.003467688995659636,0.44136949277515525,0.004320399404428399,0.23515766597954027,0.19099872677632704,0.003029245559426808,0.0015704928733340073,0.0041346454710412825,0.007010758662913574,0.0019667489826129276,0.0020589403411729085,0.05590013824365633,0.0064279113090276166,0.004320399404428399,0.0038756524069137105
521,0.062301523504789943,0.17943089528328077,0.05931919239699906,0.2813816828781481,0.007499847131197137,0.0021944108675411318,0.03907014192099716,0.007325432081634413,0.005562129561020758,0.010059103703540314,0.04332599666596292,0.007158944988869995,0.002266140859786185,0.17573517521836496,0.0021874554132658318,0.014027548589421401,0.002971637542549809,0.0038413851159790216,0.019582371374446517,0.04676456782992824,0.027994417072276356
522,0.07647501252827059,0.020709965772625603,0.08796872001296312,0.12435502894973471,0.002797589760853534,0.07102884447280462,0.04167352296287519,0.00984572143288758,0.08265080109897137,0.015656647742600165,0.03838350799212187,0.06321989551643604,0.0011754578827115687,0.10965269848647281,0.0689594854965664,0.06809399176940391,0.0674951201751351,0.012019495765936304,0.003108433067615038,0.008094191474476311,0.026635867638538237
523,0.0020823455336143526,0.0055182156640780355,0.003422164471237385,0.004044376193280546,0.0035590510500868805,0.0018931122606845106,0.00185367242192025,0.2751433316912704,0.003422164471237385,0.26205404171155644,0.07878418092522556,0.0030681474569714483,0.0010467797206137881,0.0038685337500944353,0.000907921186246653,0.0011262819778755948,0.000973450860845402,0.33981753896548,0.0029658758750724006,0.002471563229227,0.0019772505833816
524,0.1136710407782291,0.018241708807135923,0.07233780240602826,0.023754784063561806,0.031673045418082406,0.005612833479118744,0.032132847265306894,0.009170683525824449,0.04367412604727847,0.0035306533175101774,0.11965372713497799,0.19436373703573154,0.0034203204013379847,0.08367676188155554,0.003172471096893203,0.12797771215321585,0.05168158896474595,0.00781787520305825,0.014593367045708735,0.02832183472808681,0.011521079246612158
525,0.032541473672170515,0.0906726970604024,0.03143320164760617,0.06471541515683625,0.02946862654463078,0.0303243133456698,0.05238866941267695,0.021282896948900013,0.048548336216692835,0.0836753393647617,0.07268927881008924,0.11327945117228327,0.0024657631321056005,0.06635178967091529,0.056686022728289764,0.06280743206673658,0.04505425569490217,0.006044846470693494,0.030608418018807947,0.05675439186373337,0.0022073810010957823
526,0.03481874196793583,0.09038981443341727,0.005963216924426834,0.04893660707041285,0.10733790463968303,0.008396787398681237,0.05764443026945939,0.1987738974808945,0.03816458831633174,0.04850083098533826,0.011449376494899521,0.031485785360973684,0.0010588410105362713,0.036915152389308974,0.026923038787511257,0.04603123272948583,0.05431906709593911,0.07020969824129598,0.0379477440645344,0.04316233202442281,0.001570912314511447
527,0.03614575641015938,0.15219573723850655,0.12484806570346238,0.0475611678870333,0.010975654127776914,0.044163941609388066,0.10243943852591786,0.00680850999566639,0.026283803305992087,0.01806802359464282,0.007716311328421908,0.09652119365309698,0.10270920744999795,0.0451195944356617,0.03321081550732497,0.059000585159415024,0.04732922350099,0.0037336990298815686,0.011574466992632862,0.01678629454836469,0.00680850999566639
528,0.011917497063386625,0.022297252570207232,0.01974899513361212,0.008630116262927034,0.038400823870912454,0.6152192378694065,0.016074763480847073,0.026585185756785545,0.034560741483821204,0.006981967976529537,0.019200411935456227,0.027648593187056963,0.008976815969823693,0.02094590392958861,0.01746242997600629,0.008429449142395419,0.013292592878392774,0.015154620956070572,0.024686243917015144,0.018189863938853267,0.025596492700905856
529,0.1551792968086192,0.015437733661839374,0.015571897257706087,0.02537094426023672,0.012544028346485455,0.4018437278444426,0.05103903782077507,0.017368654633595246,0.020526591839703474,0.0035280079724490346,0.009408021259864096,0.09262640197103623,0.003794832104819131,0.0115791030890635,0.002524533367356936,0.048886156595824695,0.010826462568043201,0.009215497979700222,0.009408021259864096,0.01963413132493376,0.063686918033642
530,0.06288030954754145,0.05934038101005023,0.011820274193727593,0.003947695166437713,0.026142965060371778,0.0035882975230958764,0.13621750746660918,0.009133848240607688,0.17868099980699156,0.058435322148491106,0.06676703207738673,0.08082345310481223,0.017450677056733626,0.014651577144667105,0.10921602401391664,0.023279687934712013,0.011387507392908969,0.004368362202029763,0.011737657782207738,0.10563892003986962,0.004491501086831362
531,0.007936170268158849,0.0224858157597834,0.01759759494243918,0.0224858157597834,0.027512353555308757,0.006745744727935019,0.013956713230210385,0.2676164900653142,0.016864361819837546,0.12660927237790218,0.3598598767968371,0.016189787347044047,0.004935910776537819,0.010378068812207722,0.008922925477397434,0.0066351587487885446,0.009990502505959564,0.0026553501963282092,0.024761118199777887,0.013956713230210385,0.011904255402238271
532,0.012690399134074645,0.049802824814613955,0.035740740350638234,0.035691747564584944,0.028741730970317524,0.010774867189308661,0.013888900688995856,0.03807119740222394,0.05191526918485083,0.010018736158479983,0.025957634592425415,0.030826214696761476,0.006563999552107574,0.04758899675277993,0.008043210718779704,0.006739227507466286,0.010982076173718444,0.01679611650098115,0.04079056864523993,0.5072816284323796,0.011093912969271926
533,0.6734483668655392,0.022213676251904436,0.030210599702590026,0.02510373447024144,0.01606946792690959,0.012587749876079177,0.013250263027451765,0.024363386856927446,0.022213676251904436,0.006090846714231859,0.024363386856927446,0.019365769040121814,0.004017366981727398,0.017982499822970257,0.005721704489126899,0.006860102548241782,0.014242300689905387,0.0066253595242470546,0.021578999787564307,0.014809117501269618,0.01888162481411877
534,0.014785929841896944,0.034927468779836796,0.6525758571035902,0.023798289331897805,0.0162994854305905,0.007490930772001368,0.017057601032013318,0.017889679131135917,0.029339073775062896,0.005685867010671106,0.031890297581590114,0.009317534925619342,0.006378059516318022,0.02821064786063741,0.008731867194959197,0.00806018510303926,0.01078642418200842,0.017889679131135917,0.016669928281285742,0.02340809544095155,0.01880709857375827
535,0.004872314904442581,0.020018936030572164,0.5716513778874129,0.01798996343059859,0.02911845240810496,0.011670504627098453,0.010524218806296406,0.014559226204052481,0.022878784034939616,0.006159672624791434,0.03050504537991948,0.007725779310163312,0.004575756806987923,0.03050504537991948,0.0065367954385541745,0.004357863625702783,0.0061010090759838955,0.04731153804001597,0.01642579366611049,0.10865948958014547,0.02785243273818735
536,0.003020602493047335,0.02591209106393459,0.02245714558874331,0.020415586898857554,0.030623380348286326,0.01464596451439781,0.01464596451439781,0.007894985138971208,0.02929192902879562,0.006416327311069516,0.01772932546479735,0.02201158375197193,0.023250707956667532,0.019815128460655865,0.005807882479847406,0.033537956738205664,0.5998721336654594,0.01321008564043724,0.03963025692131172,0.01772932546479735,0.03208163655534758
537,0.5322526832214828,0.013583187305494904,0.03961352132726409,0.020608973842819858,0.02490251006007399,0.005753943655117309,0.01423000574861371,0.02598522788877286,0.018676882545055496,0.006098573892263019,0.022986932363145224,0.01532462157543015,0.005197045577754572,0.02390640965767103,0.005976602414417756,0.00410455516508847,0.03191133711502319,0.12166122287742437,0.016152979498426374,0.02390640965767103,0.027166374610989807
538,0.6696445945224531,0.0019356054429942936,0.01386005502793432,0.0032285419846979995,0.004227852599009285,0.15811384620291963,0.0016595309267139248,0.0034148040222767304,0.005728058359948064,0.0011456116719896128,0.004330970955082682,0.002336444857347236,0.0008496163117626314,0.002731843217821384,0.1051803232543419,0.0091870249471296,0.0013872641340499218,0.0014482731066729393,0.003860213242573694,0.0025009832275829573,0.0032285419846979995
539,0.010004614023261043,0.017857520020976424,0.036859104296224895,0.028012919265130925,0.01945341615634092,0.009662536430948845,0.014006459632565464,0.02918012423451138,0.01842955214811245,0.004712532406722618,0.020597734753772738,0.0233440993876091,0.004095456032913878,0.015916431400642573,0.047924211348470344,0.0056863559095022675,0.007219824552868796,0.010452581815347362,0.6251151692588712,0.020597734753772738,0.030871622171433997
540,0.0044138502201267376,0.01856946264276251,0.6304284811638311,0.02214160324026766,0.020161130869285015,0.002542510292629566,0.006364601856004423,0.024332399324999154,0.05427996772499811,0.005831732069627896,0.04704263869499836,0.031160497029389184,0.002856840406578848,0.03360188478214169,0.008820494755312193,0.004704263869499836,0.004800269254591669,0.008314417112002682,0.028225583216999025,0.00933284509100071,0.03207452638295343
541,0.00350315343952568,0.03369725182022189,0.023328866644769,0.028883358703047333,0.024262021310559757,0.009943451356786787,0.013785239380999867,0.006269716321173413,0.04665773328953799,0.00713588862075287,0.02091553561255152,0.031328362798759446,0.003355939134713994,0.07581881659549926,0.008790587431362231,0.006531198319024572,0.5399625876662993,0.012131010655279882,0.03790940829774962,0.022464834546814593,0.04332503805457099
