site,A,C,D,E,F,G,H,I,K,L,M,N,P,Q,R,S,T,V,W,Y,*
451,0.010319562745408089,0.5564568710436371,0.023956127801840206,0.021637792853275023,0.024139356693134793,0.01268274462582622,0.026830863138061035,0.08384644730644071,0.03194150373578694,0.0088259418217306,0.035303767286922416,0.051597813727040434,0.0088259418217306,0.022359052615050855,0.0029930581286349302,0.009811995592511434,0.019164902241472163,0.011369009804263147,0.012707023391685099,0.011814792056517455,0.013415431569030517
452,0.0023080641647850353,0.01297114544924948,0.032086517690248714,0.033715198210119035,0.021772994146954484,0.0036215783477031153,0.016043258845124357,0.19576765449238095,0.023447839850566365,0.004188229111418366,0.02500352420927929,0.0265062537441185,0.009379135940226548,0.017930701062197813,0.004515880267516486,0.006036077585294312,0.009099161733055607,0.5088143022626219,0.016476860435533123,0.020321461203824186,0.009994161247782388
453,0.013841051793046646,0.004777016826357943,0.015739848550305923,0.01951943201583501,0.026443274733993712,0.006451337700148858,0.005042605129752164,0.0317190770257319,0.04006620255881923,0.008458420540195171,0.04006620255881923,0.026443274733993712,0.012083457914564529,0.03625037374369359,0.008750090213995004,0.0070625253595196,0.020574536449123392,0.009398245044661302,0.019031446215439132,0.6328373737177782,0.015444207174225878
454,0.008196995365137748,0.025615610516055463,0.02347295838502162,0.025615610516055463,0.01983144039952681,0.006610480133175603,0.10228969772547229,0.07873148026601488,0.019211707887041594,0.007984086394614691,0.03073873261926655,0.5263009887385659,0.01007827298992346,0.02049248841284437,0.006471312130371906,0.0019326160300882438,0.009224479554615,0.008196995365137748,0.023645178937897346,0.018629534920767608,0.0267293327124057
455,0.008889743894620617,0.037929573950381296,0.02994440048714312,0.023705983718988303,0.01777948778924123,0.0064652682869968114,0.02994440048714312,0.14528908898164852,0.024956449608995727,0.0051256181014028785,0.47618921492132693,0.037929573950381296,0.011852991859494151,0.04063882923255138,0.006052591587826803,0.011611094066443253,0.0036883901066386885,0.0024082008415393075,0.014223590231392984,0.04063882923255138,0.02473667866329214
456,0.03310159792354335,0.013537698419566136,0.020961597552876597,0.03249047620695872,0.024067019412562014,0.007063147001512766,0.02599238096556698,0.062208405775762615,0.048920996786078794,0.007090784300057114,0.5551211718769747,0.036100529118843025,0.009845598850593551,0.022407224970316362,0.006781514484309528,0.01797759197571751,0.0038066304844964335,0.0028701623738905803,0.02599238096556698,0.029536796551780653,0.014126294003025532
457,0.01014753962110531,0.017637390293825897,0.018067570544894815,0.012601131425877628,0.023895819107764116,0.614139714111782,0.0274359404570625,0.03086543301419531,0.04357472896121692,0.0077975830772703935,0.02314907476064649,0.03086543301419531,0.009876938564542501,0.03527478058765179,0.004226056138401894,0.008613609213263809,0.01089368224030423,0.0195367181604744,0.01089368224030423,0.021787364480608456,0.018719809984611997
458,0.009038680547624876,0.01420364086055338,0.028407281721106757,0.007013499969214483,0.016232732412061007,0.007364850816583233,0.016570914337312278,0.020201171577601536,0.664718131815447,0.005410910804020334,0.01420364086055338,0.01912821096817276,0.006798323830692216,0.07057566556004476,0.0026919398437063504,0.005198718223470517,0.008537534215980757,0.006977227089394642,0.012829094970822408,0.015908077763819785,0.047989751811817555
459,0.00938007647736694,0.028531065951991112,0.023611916649923678,0.021398299463993332,0.016701111776775284,0.0012698995206779286,0.01956415950993676,0.14946218301899541,0.011730061875393997,0.006224959844070788,0.012919727978260123,0.038041421269321474,0.008350555888387642,0.019020710634660737,0.5711850153306247,0.004705233679404068,0.012227599693710473,0.007362855729546092,0.009510355317330368,0.019020710634660737,0.00978207975496838
460,0.024817058376778164,0.02158282014079692,0.012232878132223965,0.5369635609551514,0.028151504531474233,0.0020614496245235136,0.028151504531474233,0.024903254008611826,0.02059736997084698,0.007896153710047652,0.02312445015085384,0.024903254008611826,0.011990455633776063,0.0258993841689563,0.005581763829516444,0.00840889096394685,0.012216690645734106,0.006191761994745961,0.015792307420095304,0.020233893881997107,0.13829959331983724
461,0.011052021438232121,0.013338646563383592,0.022104042876464235,0.0037310887380224795,0.015472830013524966,0.0063303993221857004,0.016117531264088502,0.02090922974800671,0.6440424188271469,0.005123453646862571,0.010907406862585258,0.1478469078732098,0.006786328953300425,0.013080980690124146,0.0020121460860611797,0.006091665359655499,0.008798570841932392,0.006786328953300425,0.010896359164454203,0.01983696155580124,0.008734681221657657
462,0.010728739195603923,0.01846341163894629,0.02561053872499001,0.0045888174744010265,0.022683620013562587,0.011204060277703572,0.022683620013562587,0.022053519457630292,0.6600144184819049,0.005924826122945451,0.012254626827643224,0.021802551312673866,0.008536846241663338,0.016273700714197228,0.07277106363392531,0.00559103310193444,0.009451508338984409,0.010446403953614349,0.014177262508476613,0.016202585723973272,0.008536846241663338
463,0.06918857061376078,0.01202937648171068,0.003310072172239415,0.06534146040291627,0.004236892380466452,0.0017653718251943544,0.016289774708415382,0.04811750592684272,0.008927081636057021,0.1432091287248384,0.2790815343756878,0.002787429197675297,0.09788292338414721,0.08749013135775306,0.0005927239283396497,0.012220318965547356,0.05573753534755752,0.04342913355448368,0.004073934981217741,0.03666095689664208,0.007628143138507137
464,0.11766203367619296,0.022529984641114633,0.02107643724491369,0.007141297649382874,0.026134782183692973,0.540615997990725,0.0192167516056566,0.025129598253550937,0.02107643724491369,0.00768670064226264,0.023334626949725868,0.02419887239230831,0.010370945310989275,0.023334626949725868,0.009614060892375528,0.00882931830530168,0.013901479884943072,0.02108974315636377,0.01675306550236729,0.02419887239230831,0.0161043671311851
465,0.015685832480041295,0.06395823493861523,0.020775619435643846,0.5294153669675054,0.0376224911403619,0.0020054653914909487,0.029071924972097832,0.058143849944195664,0.016120570451587237,0.010659705823102536,0.020631688689875874,0.03997389683663452,0.010840378803155123,0.021319411646205072,0.009839728452094649,0.010152100783907178,0.023688235162450076,0.008865732973343404,0.029071924972097832,0.02780792823418053,0.014349911901413827
466,0.010341780917241904,0.015082142114431245,0.01768988841107168,0.025854452293104763,0.556804670080785,0.008844944205535839,0.01723630152873651,0.01867265998946455,0.02688863038482895,0.038725131143860836,0.02688863038482895,0.01920616456059211,0.008002568566913377,0.02800898998419682,0.0068593444859257535,0.005074075661063727,0.013718688971851502,0.011042127090217124,0.1185342415343189,0.012222104720376796,0.014302462970653696
467,0.008194848626458738,0.04155958946275503,0.034225544263445325,0.04132701264983549,0.03878895016523802,0.48137382834651915,0.04155958946275503,0.03636464077991065,0.03636464077991065,0.009091160194977663,0.020779794731377515,0.04155958946275503,0.013223505738149326,0.04155958946275503,0.008441346510160671,0.010031625042733971,0.02154941675846557,0.011244631262347189,0.007809683565362909,0.03878895016523802,0.016162062568849177
468,0.005955637265353297,0.022333639745074865,0.016242647087327172,0.002765547914598153,0.022333639745074865,0.005178815013350692,0.05906189477593635,0.02382254906141319,0.29548807492731444,0.007218676028169998,0.015536445040052077,0.015263984149567715,0.006161004067606859,0.03879896972311191,0.17312996953862372,0.06187436595574283,0.13307482478532712,0.035616873111266205,0.015536445040052077,0.03093718297787143,0.013668814047165153
469,0.5643437981147943,0.014795241577405697,0.021954229437440707,0.08981420112658964,0.011940019518608107,0.0045372074170710805,0.014178773178347127,0.027223244502426476,0.030935505116393733,0.005970009759304054,0.01745079775796569,0.030935505116393733,0.007646978792816428,0.021954229437440707,0.006607583617093807,0.010401068175180382,0.0063558350161292245,0.05802680221803389,0.012153234152868965,0.016599539330747856,0.02617619663694854
470,0.007641958007578848,0.02045347584381397,0.009526276420406508,0.032461438239526234,0.014487878722701563,0.005771937252928533,0.014796131461482445,0.014751318416882693,0.5787904837020714,0.0036600956773140793,0.008915617675508655,0.006009792634363815,0.005432954521013086,0.012513960335865328,0.19567825960195234,0.004139393920771875,0.03160532084178359,0.0060193059923397555,0.008086257891740408,0.010226737921906986,0.009031404918047728
471,0.006863407659277123,0.11180691333094545,0.2051288118031059,0.015451650211578885,0.018138893726636084,0.34454348337365553,0.02317747531736833,0.02317747531736833,0.03476621297605249,0.0085141746063802,0.03476621297605249,0.03792677779205727,0.009933203707443567,0.024540856218389997,0.006418377780194306,0.02138247754309785,0.008022972225242883,0.007675223413404499,0.016045944450485766,0.020859727785631495,0.020859727785631495
472,0.009956623151245961,0.08586849904082194,0.02286335686582406,0.01929095735553905,0.028059574335329532,0.0019665658214088376,0.01668407122641215,0.031187838844296212,0.022046808406330342,0.007914238915092943,0.02057702117924165,0.09818234108635929,0.007814058675661387,0.01668407122641215,0.013862610990925332,0.5125711041321043,0.019154404175243136,0.008122508360226969,0.01164737047881603,0.026839592842489116,0.018706382890219683
473,0.007989626006581041,0.00427062255066027,0.02625162830733771,0.024501519753515198,0.03868661013712926,0.004481985320764975,0.00622214084412646,0.0367522796302728,0.022970174768920496,0.007014668067430627,0.029401823704218236,0.02534639974501572,0.005752118332503719,0.023924230145114564,0.6101273677791912,0.03416675081648713,0.012250759876757599,0.011137054433415998,0.015639267927775657,0.029401823704218236,0.023711148148563094
474,0.5843597742473259,0.05872724008041132,0.008125011046050939,0.02072187034854582,0.013548915227895345,0.009676647513249594,0.015316165040229519,0.018065220303860458,0.02348478639501859,0.007535796293504108,0.03354969485002656,0.02072187034854582,0.006417456371596304,0.04730805450922024,0.006840229047092795,0.011242506803287878,0.04479919786520491,0.0042028654166393195,0.026094207105576216,0.02072187034854582,0.018540620838172574
475,0.010753581816843355,0.021823445451829168,0.020611031815616434,0.022484761980672473,0.015848017223778304,0.008729378180731665,0.027481375754155248,0.6152857873784326,0.027481375754155248,0.0061649667182657,0.020611031815616434,0.019862311016178365,0.009160458584718414,0.039052481334852195,0.007729136930856162,0.015377527753330804,0.02102275287383199,0.0037706126779033693,0.0353331973981996,0.027481375754155248,0.023935391785877152
476,0.012473400084429853,0.05142579962839931,0.018550184740946954,0.01808643012242328,0.022608037653029104,0.02722260089355769,0.01955289742964679,0.04521607530605821,0.02679471129247894,0.022772955356240618,0.01722517154516503,0.02893828819587725,0.007023856358222633,0.0200960334693592,0.0028877310155328594,0.0061309932618384,0.009275092370473477,0.007023856358222633,0.6013999030015489,0.03145466108247527,0.0038413208340735672
477,0.0060113907203442115,0.031335612752805275,0.006530893622102353,0.009618225152550739,0.3559186077264808,0.004408353194919089,0.003842282771152979,0.011020882987297722,0.01824146149621692,0.004132831120236645,0.014297361713251097,0.029750057244472956,0.0043719205238867,0.021160095335611622,0.005135945469808645,0.004409699635791077,0.006612529792378633,0.00433608510975648,0.012902497155860747,0.4391624372918448,0.006800829183230545
478,0.008457023422821184,0.01922050777913905,0.02916214973386614,0.020135770054336144,0.031322308973411775,0.009949439320966095,0.016914046845642367,0.009634628977131932,0.023491731730058838,0.006228226142370562,0.7024626191388126,0.01761879879754413,0.005714205015419717,0.015956647967587133,0.005684040183938994,0.0074184415989659485,0.004197579749619561,0.004862845363763062,0.016263506582348423,0.024162924065203376,0.021142558557052955
479,0.012251867862995924,0.014267053791761748,0.04146786045937083,0.02837274663009583,0.029949010331767816,0.021069143252074478,0.022461757748825865,0.04900747145198369,0.02450373572599185,0.015284605785476869,0.026954109298591038,0.0336926366232388,0.009457582210031944,0.02450373572599185,0.021093873797690704,0.006057103213166525,0.012251867862995924,0.013477054649295519,0.44574173622044705,0.05390821859718207,0.0942268287610237
480,0.020273115711200402,0.04489047050337231,0.033077188791958555,0.029926980335581544,0.040362937613794725,0.012825848715249234,0.026186107793633853,0.04475903633097273,0.017956188201348925,0.5194507546083235,0.027324634219444015,0.02417179180950817,0.009108211406481338,0.017956188201348925,0.014615502024353778,0.004249148882871723,0.013093053896816927,0.03775403669262267,0.03034434062022651,0.016985583433708443,0.014688880207181957
481,0.013295231660953477,0.04047024822749009,0.04047024822749009,0.08758290445137966,0.06576415336967141,0.4350171043481428,0.029228512608742842,0.025053010807493867,0.01547391843992268,0.013490082742496697,0.027690169839861646,0.015031806484496316,0.005480346114139284,0.021044529078294846,0.01393076829822337,0.008917173338260528,0.010960692228278567,0.0567337268188191,0.032882076684835705,0.027690169839861646,0.013793126391145267
482,0.33884391428555005,0.05128648566305699,0.0108586626026004,0.0205145942652228,0.01641167541217824,0.00789022856354723,0.027352792353630397,0.0205145942652228,0.017838777621932866,0.00707399802249062,0.01953770882402171,0.01864963115020254,0.004318861950573221,0.025643242831528495,0.0085477476105095,0.2718041885287835,0.04944284084001758,0.003471904495188218,0.03156091425418892,0.025643242831528495,0.02279399362802533
483,0.010942118918331576,0.02821914878938144,0.01787212756660825,0.03153904864695574,0.03351023918739046,0.003120173122934174,0.01787212756660825,0.10827016791748273,0.13795397834502215,0.008248674261511497,0.016755119593695227,0.01787212756660825,0.008002445179078319,0.023311470739054235,0.4435277965762852,0.014495714524804025,0.013010312081100357,0.011407740999962711,0.021446553079929896,0.022340159458260306,0.010282755878994923
484,0.011430885171951894,0.02018466494593683,0.030006073576373717,0.018465276046999213,0.3966990742666807,0.00960194354443959,0.02400485886109898,0.016555075076619984,0.028241010424822327,0.00575080085098218,0.02526827248536735,0.021822598964635433,0.012975599384377827,0.06858531103171134,0.0073861104187996855,0.005207038322649551,0.010668826160488434,0.01200242943054949,0.016555075076619984,0.24203400088227542,0.016555075076619984
485,0.011624346117908359,0.05037216651093623,0.03358144434062415,0.030223299906561734,0.024459331440435238,0.011624346117908359,0.03358144434062415,0.24885739531781007,0.03358144434062415,0.24929509444549114,0.017631068623243314,0.06044659981312347,0.02014886660437449,0.030223299906561734,0.012089319962624693,0.004814371870503418,0.027475727187783395,0.01720063761900562,0.018005581448367135,0.05037216651093623,0.014392047574553205
486,0.0174176100753235,0.03359110514526675,0.029392217002108405,0.38873672215005256,0.07837924533895575,0.00258158745504395,0.0587844340042168,0.03135169813558231,0.05418114411442488,0.02351377360168673,0.021376157819715205,0.047027547203373446,0.016795552572633377,0.029790726582252184,0.009797405667369469,0.011470133464237425,0.013831631530403956,0.009486727775889874,0.02475134063335445,0.047027547203373446,0.05071569252473553
487,0.01761005665726696,0.05881176369573277,0.041623770280812815,0.032704390934924346,0.37798051685300443,0.028616342068058808,0.032704390934924346,0.03522011331453392,0.03522011331453392,0.01695108668726459,0.05087349700988233,0.025436748504941164,0.01761005665726696,0.032704390934924346,0.016352195467462173,0.006310450596059475,0.019077561378705872,0.017372450544217075,0.026933027828761228,0.05265439220060495,0.05723268413611761
488,0.014465606499298744,0.05252298467641933,0.043798144937925075,0.25999265214511297,0.03501532311761288,0.003413019475363847,0.031513790805851594,0.045019701151216555,0.05731655600330301,0.012605516322340637,0.019696119253657243,0.012120688771481382,0.019696119253657243,0.021009193870567724,0.009848059626828621,0.010504596935283862,0.012120688771481382,0.0153197868518291,0.05252298467641933,0.031513790805851594,0.2399846760484979
489,0.32470647776972184,0.17612822039949588,0.03900042214225324,0.023130249815429254,0.04369047187358859,0.013559111960768873,0.014043365959367763,0.01872448794582368,0.03276785390519144,0.010627412077359387,0.026214283124153158,0.017873374857377153,0.007419136733250892,0.01638392695259572,0.00714934994295086,0.07206315118648227,0.013691626188838492,0.06202370995298934,0.030247249758638253,0.03932142468622973,0.011234692767494212
490,0.01306188930952218,0.05079623620369736,0.04156055689393421,0.04156055689393421,0.008498914145670205,0.014747294381718594,0.09456536251942535,0.040503037285241836,0.035166625064098164,0.3780198259583372,0.07103938455797612,0.024061375043856643,0.001982008876536963,0.022858306291663813,0.007331349766150573,0.011429153145831907,0.014286441432289885,0.017221668983751787,0.07619435430554604,0.01987678807970766,0.015238870861109208
491,0.010702605659308131,0.03405374527961678,0.03405374527961678,0.007299904277037084,0.07491823961515691,0.3089712306394655,0.041621244230642736,0.05351302829654066,0.037459119807578455,0.012486373269192821,0.02881470754429112,0.022034776357399092,0.017837676098846882,0.02497274653838564,0.004190494146076482,0.011351248426538929,0.012486373269192821,0.12338236421130508,0.041621244230642736,0.04682389975947307,0.05140523306369236
492,0.014946799987275893,0.03253127056054166,0.030723977751622677,0.061447955503245354,0.4569907870844339,0.02048265183441511,0.01580090284369166,0.037405419934440236,0.05027559995720074,0.004880991962033112,0.06912894994115103,0.03950225710922916,0.006144795550324536,0.02048265183441511,0.010843756853513882,0.00399980452870647,0.010434558481683174,0.017964437808255303,0.034564474970575514,0.030723977751622677,0.030723977751622677
493,0.023430428298434145,0.03195058404331928,0.03195058404331928,0.020673907322147772,0.2915380872156854,0.01673602021316724,0.025104030319750864,0.04589503257368813,0.03195058404331928,0.28993473689581956,0.016796679763580995,0.021966026529782006,0.008173405220384003,0.01133730401537136,0.010650194681106426,0.004104801785359791,0.014644017686521337,0.05845882045751773,0.016165436212429662,0.018497706551395373,0.010041612127900348
494,0.012630134800895662,0.07262327510515007,0.0023375763673446274,0.14524655021030017,0.036311637552575035,0.02944132882038707,0.013466853399176085,0.023553063056309654,0.011021705629526776,0.00968310334735334,0.036311637552575035,0.23996355143081471,0.008299802869160005,0.07262327510515007,0.01320423183730001,0.0024696688101939228,0.008117623597423507,0.020749507172900014,0.0968310334735334,0.11283742870408632,0.032277011157844475
495,0.011845679320736087,0.017073355751717,0.010441140612844306,0.39565501427430394,0.025160734792004,0.0021418392073726733,0.017073355751717,0.016484619346485378,0.006220362813886849,0.005558766988931116,0.02655855339155978,0.0136586846013736,0.010864862751092635,0.21198438515841656,0.007967566017467934,0.007243241834061758,0.00975620328669543,0.07760171813284861,0.025160734792004,0.022764474335622665,0.07878470683885858
496,0.011026219671928439,0.0644056470945859,0.47942192044857396,0.034748661227558625,0.030507938097435426,0.0022770672574855054,0.012912755266854502,0.02070181513754547,0.03409710728536901,0.01348025171747147,0.052695529441024826,0.00825060335437827,0.0075279327772892635,0.027602420183393962,0.010936807997193832,0.01348025171747147,0.013173882360256208,0.025049250915862485,0.027602420183393962,0.08691548491087654,0.023186032954050927
497,0.009094007831520852,0.03910423367553966,0.03008017975041512,0.07820846735107932,0.027931595482528333,0.015040089875207566,0.3231371809832529,0.026069489117026442,0.05929309757798005,0.0057688499105449645,0.01777465167069985,0.19112790752747652,0.005702795172540892,0.06400477300104172,0.012204208148731025,0.008887325835349924,0.00752004493760378,0.021724574264188706,0.03258686139628305,0.003015092226800535,0.021724574264188706
498,0.022862950853929167,0.04345667979392128,0.03117675116444886,0.03117675116444886,0.020784500776299245,0.012248009386033482,0.03429442628089375,0.022125436310254033,0.025403278726587965,0.009059374143422685,0.018537527719402026,0.036099396085151315,0.011062718155127016,0.020173191929937502,0.005191741283536594,0.01011858382036391,0.008364494214852134,0.018049698042575658,0.5675836607764894,0.020784500776299245,0.031446328596025905
499,0.0073397541466813316,0.016881434537367058,0.019860511220431833,0.013505147629893651,0.016881434537367058,0.007851830017380029,0.010891248088623911,0.0034379975840579066,0.028847616096846898,0.4945377797989181,0.2793135987364513,0.008884965545982663,0.006029083763345378,0.016077556702254345,0.014132977503070356,0.006370352655610211,0.002754928745845507,0.004785645533652657,0.016881434537367058,0.016077556702254345,0.008657145916598493
500,0.13713115797950193,0.11079038609208011,0.02927132359819162,0.0925796933474938,0.002926974348912666,0.05308576795594362,0.058015235960379795,0.054206154811465956,0.08586254922136206,0.006422400114371155,0.017331390368759407,0.051618248065628224,0.0009332381982040383,0.08478590283614124,0.03496388871349623,0.06392798815151897,0.07461317779931195,0.034773208442741566,0.002012294864877458,0.0016098358919019661,0.003139183237716458
501,0.00928990977851887,0.023410572641867553,0.03442731270862874,0.042135731630674626,0.020181528139540994,0.002378779630159472,0.0127231373053628,0.11457425585877293,0.06513825937037962,0.006361568652681399,0.021676456149877364,0.024386013168612032,0.005225574250416863,0.026602923456667673,0.48479043393127924,0.005502910533165464,0.010451148500833729,0.020181528139540994,0.03251468422481604,0.019508810534889627,0.01853846139331374
502,0.0619397708988262,0.042657360904791546,0.054691789534075,0.08305013114602261,0.01652492359374808,0.03317711091061245,0.05989715361443032,0.061142217296867876,0.015501114375497352,0.043192208549163565,0.012797208271437467,0.08694425251710677,0.01475846624407156,0.13784798617898955,0.03414435511383532,0.07085640135337962,0.07463880527349041,0.05822414251943634,0.004189323864415682,0.010407185922871131,0.023418091916931172
503,0.03127363708099098,0.0249640958755355,0.0013142955431866038,0.023299822817166475,0.011274107814757971,0.01027933359580874,0.02306875383244536,0.04683078091762808,0.014541441179895174,0.004160682645922585,0.08808619818313636,0.28941545198468,0.004659964563433295,0.016642730583690337,0.006241023968883878,0.017258783658648972,0.22962499838363584,0.05446570057577842,0.029124778521458086,0.06288258972005985,0.010590828553257488
504,0.01523323410578988,0.43623505468192214,0.016926967486425436,0.021158709358031796,0.012538494434389213,0.0076940761301933815,0.010920624184790605,0.01991407939579463,0.01302074422032726,0.00423600755575426,0.017817860512026776,0.009957039697897317,0.0257644999024644,0.016120921415643277,0.005052826115350877,0.27971971201849555,0.005858578884036131,0.00651037211016363,0.024181382123464913,0.010579354679015898,0.04055946098802252
505,0.14110390644018553,0.022625436445459855,0.018854530371216545,0.010028273194914276,0.026618160524070424,0.37386179236757683,0.00983714628063472,0.02056857858678169,0.03480836376224593,0.03237070299174086,0.14718986317612082,0.025139373828288732,0.005954062222489435,0.028281795556824824,0.004804251708914464,0.007801874636365467,0.008227431434712672,0.009128643312992592,0.017404181881122964,0.019674292561269444,0.03571733871607219
506,0.12311476080024468,0.025541519563626023,0.03561474417964952,0.03762749774154384,0.02736545290294098,0.49803003806391916,0.0215014272808822,0.028668569707842935,0.014334284853921467,0.009869507604339368,0.025084998494362565,0.01584315694380794,0.007921578471903968,0.02736545290294098,0.006337262777523174,0.004558695640824427,0.014000929392202363,0.009688123205626967,0.025084998494362565,0.016271350374721664,0.026175650602813114
507,0.012152940001166785,0.03145466823831403,0.024305880002333573,0.008717968392838695,0.024305880002333573,0.441836470200495,0.019097477144690664,0.038194954289381314,0.04861176000466713,0.01407182526450891,0.038194954289381314,0.023249102610927764,0.01069458720102677,0.03342058500320866,0.0042495567873344995,0.007749700870309254,0.00938121684300594,0.013110916773506516,0.03564862400342257,0.01724933419520447,0.1443015978819426
508,0.003428766605246889,0.25126527360779694,0.012157474781153987,0.024867562052360428,0.01650738523704668,0.010064794526768865,0.010520891637537104,0.005271653825392358,0.01886504707420446,0.008045387722822492,0.03039368695288497,0.026051731673901398,0.007294484868692393,0.01953879875542605,0.00828918735078681,0.006147037810695837,0.01803339284266485,0.4527993501929295,0.024867562052360428,0.026051731673901398,0.01953879875542605
509,0.008911879630044245,0.13775848914130692,0.011468907999258423,0.5393195190974397,0.025021815884355,0.0054802531083228325,0.010326463698305234,0.020986039128813864,0.010803767095622571,0.007838159192689514,0.025021815884355,0.01606512992901538,0.005204537703945839,0.014858009942140708,0.006195878218983141,0.027144529880060476,0.008031693987570736,0.008175908452507584,0.029571236954237717,0.016681210589569992,0.06513475448145513
510,0.1453578108544381,0.020255328614729215,0.016204262891783373,0.07650660725698796,0.02132139854182023,0.3347659629243654,0.013969192148089114,0.018413935104299287,0.03878900143034359,0.006533976972493295,0.031162044022660332,0.016879440512274343,0.005474413139116004,0.011574473494130981,0.006495657465244136,0.148844960392615,0.0073655740417197125,0.027411188415513564,0.01400550805834784,0.020255328614729215,0.018413935104299287
511,0.03544888425915317,0.10522129137240702,0.021663207047260272,0.013389020729831077,0.060608128193281145,0.0041196986861018695,0.012997924228356161,0.007140811055909906,0.09748443171267122,0.17728526870082342,0.05957381937996575,0.037136926366731896,0.004261614501100381,0.16092668092250487,0.020889521081286694,0.048026427160976624,0.046121666616747686,0.004074545507160472,0.03173474511611796,0.043326414094520545,0.008568973267091889
512,0.10596525444834123,0.01595058794692583,0.017944411440291564,0.006849541840521213,0.016564072098730672,0.35725736979746575,0.008282036049365334,0.03076184818335696,0.012666643369617573,0.005819809115770236,0.016564072098730672,0.012218756304698344,0.08525292903880485,0.0437838767585024,0.009002672203410252,0.06755226699883225,0.005981470480097188,0.0755120402709956,0.01305048104748477,0.016564072098730672,0.07645578840932654
513,0.0013610005939246614,0.0038961018615235867,0.004958675096484564,0.0038961018615235867,0.015420347005467974,0.0008522722822082845,0.02425055603720306,0.37149681063729717,0.002272726085888759,0.045129602905421756,0.022127628505403264,0.0019480509307617934,0.002532494776037028,0.0028708118979647486,0.0007083821566406521,0.0004170928462924943,0.08178843191792542,0.4088467364268437,0.0016042772370979473,0.0020979010023588537,0.0015239979357305519
514,0.13807824537974386,0.036914572248036195,0.008661112523216172,0.019775663704305106,0.0022961637282338434,0.004794100291952753,0.01250522026532938,0.009887831852152553,0.007648947006590938,0.0025861925029675545,0.009416982716335762,0.04113731067469183,0.28170929166843195,0.03590728882740468,0.00042063272398029303,0.15184256736138235,0.11210900333256496,0.05838529284128176,0.002077481468402049,0.060059423101963647,0.003786675781032343
515,0.0093290240585574,0.027269454940398556,0.019694606345843402,0.027269454940398556,0.019694606345843402,0.0019860736374444797,0.00824425381919026,0.09074544540110582,0.2875112763459307,0.006688734230663797,0.017844848571896197,0.009847303172921701,0.0046645120292787,0.01611376882841733,0.2945174757553914,0.04011508070114562,0.008497133722721888,0.00723475335153431,0.011816763807506039,0.08122482798242406,0.009690602011386587
516,0.0040148419563107276,0.019017672424629768,0.012904849145284485,0.010037104890776822,0.05107581263562421,0.0054747844858782655,0.008612449600802027,0.16931866909816212,0.011291743002123924,0.30064299594308164,0.30496791339934154,0.0063392241415432555,0.0016715990737243825,0.008403157582975943,0.009440930372804754,0.004406533854487384,0.0037251110934841806,0.02798225674742373,0.018066788803398275,0.010949568971756533,0.011655992776385984
517,0.013662012346555456,0.03332737770000831,0.0246869464444506,0.006574617337368079,0.028980328434789832,0.5530054487750674,0.0196043398235343,0.02380526978572022,0.018515209833337952,0.006801505653062921,0.020198410727277762,0.03029761609091664,0.012818222192310888,0.02298439841379883,0.004721583480352921,0.008030693421688748,0.013886407375003466,0.08694930741217574,0.035081450210535055,0.02298439841379883,0.013084456128245882
518,0.026738630875191717,0.0033064945916288584,0.05814019398403587,0.02958946324105126,0.062000093133810164,0.007890523530947003,0.0048207233292073175,0.023767671889059306,0.013656675342023658,0.005072479412751644,0.018688082046979745,0.07504558249363734,0.2809650825138895,0.015437980821418047,0.004611344920683312,0.006828337671011829,0.01876395149136261,0.008730981510266682,0.02852120626687116,0.29467046480740083,0.01275403612677214
519,0.035100126606774994,0.13528173796361195,0.010269343235896252,0.013852849967473867,0.01114711877456843,0.003125452289185816,0.008985675331409222,0.23999449990434854,0.005638070796178335,0.08795568124939172,0.03656945799005526,0.005638070796178335,0.002687304772010234,0.006687014200118491,0.0022820762746436117,0.002910483035453709,0.01597327937292175,0.3459344141695004,0.005638070796178335,0.01731606245934234,0.007013210014758417
520,0.002816054090764822,0.006715205908746885,0.0037413290063018356,0.006614004989421561,0.007936152437609954,0.00254265078098183,0.005237860608822571,0.4192630337109974,0.0039088512006138585,0.2178255590109308,0.24566304246422935,0.003587575759467513,0.010734178843288152,0.0067887364223926695,0.0015588870859590982,0.0020301785305513837,0.0020460393003213164,0.038114384070230045,0.005819845120913967,0.0037413290063018356,0.003315101651153525
521,0.039812127756426736,0.020939201846963792,0.07835388571102155,0.3741351408425338,0.013622585436362692,0.002854958976773544,0.030733344646350084,0.010964519985365096,0.0065206888434043014,0.014771064868788408,0.044442387593555795,0.008990906387999379,0.004407307052940871,0.15478888676871114,0.019128243849388542,0.045368270668421536,0.003654839995121699,0.005915069992104855,0.009365527487499352,0.0707745022427376,0.04045653904752916
522,0.042593906231332176,0.02302269466836269,0.126988630592981,0.11997674019359514,0.008790483418829393,0.05280692369775727,0.046045389336725404,0.019849478687679275,0.11688903729389859,0.025218599972051538,0.035813080595230855,0.054239153009798376,0.0012268788038424377,0.08482774644485724,0.06465727473353851,0.06426655944858461,0.07704619131464255,0.023126720977601014,0.004136334252954504,0.0024960637733346153,0.005982112552402827
523,0.003039070433113403,0.006035527923723747,0.005431975131351372,0.006789968914189217,0.00452664594279281,0.002263322971396405,0.0030177639618618737,0.3147791224131365,0.004512508971112858,0.19230131989028035,0.08972294753196025,0.0033949844570946085,0.0012933274122265172,0.003504500084742821,0.0018106583771171241,0.0015976397445151094,0.0010369716505345917,0.3411564512030673,0.006789968914189217,0.004345580105081098,0.0026497439665128645
524,0.062132323698579336,0.04334376878057392,0.10842842047937547,0.04401039595316038,0.012039935772381646,0.013092335769008395,0.05158544639765044,0.006609437053375878,0.006201442358281518,0.003439981649251899,0.031687485086275474,0.1795176268370738,0.003495465224239833,0.11552728937704598,0.003802084980752099,0.1927657468955926,0.07570677464104104,0.014447922926857978,0.016503898482435143,0.007326877486936797,0.00833534015011037
525,0.04459979888127825,0.12167255608671897,0.06373324366447183,0.08618472722809258,0.03415369995416672,0.053281221635782194,0.02963818673907257,0.011061141462428996,0.09247833490519984,0.039243801492505066,0.05487193705871639,0.049079991831113376,0.0009316972318638926,0.0574680835838053,0.055063978218480844,0.04391849401663116,0.04286192316691235,0.0316855614809164,0.016730254350995104,0.06830739990833344,0.0030339671025149183
526,0.03764105272998718,0.07826061169864242,0.0039041574997055175,0.06795106549758113,0.0523807797877157,0.015100532766621644,0.06499894648158373,0.105672529658696,0.11690782735229298,0.04478936242717719,0.03928558484078676,0.018788757967332804,0.0003242765265907325,0.03370589308079097,0.041326935484687674,0.0389735751090419,0.05829733427476551,0.06465522454334716,0.04440979155915025,0.0707341476417235,0.001891613071779273
527,0.08346632995910507,0.13757697470734087,0.07206412960860714,0.03202850204826985,0.07206412960860716,0.02882565184344285,0.11757831672983271,0.007206412960860714,0.03603206480430358,0.013248584840665972,0.029673465132955885,0.020017813780168654,0.09755304830664957,0.054034823499433254,0.01366733492577032,0.04927957398693419,0.0832673858462572,0.010918807516455629,0.00800712551206746,0.02654994248738158,0.0069395818948904675
528,0.011033450910948116,0.021063860829991853,0.02780429629558924,0.011104362016813885,0.021722106480929097,0.5756974186771378,0.02780429629558924,0.026734900284220424,0.030222061190857873,0.008275088183211087,0.04634049382598207,0.0289628086412388,0.009930105819853303,0.024825264549633255,0.025274019528691193,0.0076385429383486955,0.01241263227481663,0.00906037009774021,0.026734900284220424,0.023170246912991042,0.02418877396119589
529,0.13630073595426462,0.01613355650070887,0.011765978806627168,0.007037930242173089,0.013933395955216385,0.43916488131906806,0.010381746005847502,0.012313233634842385,0.023020393317314022,0.004104411211614128,0.012313233634842385,0.02547403658006664,0.0039512615395389744,0.014309974224276285,0.0032750656820719304,0.09628090169777877,0.014235491030037243,0.010839575886174188,0.015127687037092075,0.013576129392262116,0.11646038034818322
530,0.07826301541330402,0.06966594175047894,0.00834355845155436,0.0020401571680128084,0.09808964598467435,0.003463363885550867,0.1348865365592597,0.005398773115711644,0.1521922260241102,0.10733715469703425,0.041768912135083595,0.061503716893133276,0.001955535207030988,0.0476992308093294,0.06256537477759667,0.030520317338305066,0.01393602163133307,0.003029578437968689,0.007059934074392152,0.06586598129136191,0.004415024354774001
531,0.00767570810531986,0.024946051342289544,0.02100720113034909,0.023478636557448977,0.026609121431775507,0.007257033117756957,0.014782845239875284,0.2698648904880348,0.026609121431775507,0.13901352639669054,0.33088770476335577,0.024946051342289544,0.0039913682147663275,0.013763338671608021,0.0066229139445725905,0.007127443240654156,0.006369144181755852,0.002038257611210725,0.015351416210639715,0.014782845239875284,0.012875381337955894
532,0.010838290312275192,0.05105580915692698,0.033869657225859974,0.03612763437425064,0.11051939788381825,0.012316238991221806,0.05538467273856711,0.024632477982443616,0.04168573197028919,0.0104214329925723,0.027095725780687977,0.017481113406895465,0.007037850852126747,0.038708179686697104,0.007632598811461402,0.006985882420845245,0.0104214329925723,0.017481113406895465,0.015938662223934103,0.4484954059167785,0.01587069087288071
533,0.6474359589749589,0.019997364784421896,0.019997364784421896,0.04125823885165986,0.022938153723307465,0.014196601475301293,0.011816624645340208,0.015597944531849072,0.022938153723307465,0.006841203742039068,0.03713796317106923,0.019997364784421896,0.009310582295681562,0.01772493696801031,0.006963368094575479,0.01093022353052184,0.003888898546960574,0.006778485509130606,0.018568981585534616,0.020523611226117202,0.025157975051369477
534,0.010583257253967639,0.039748561208085016,0.6260639188180416,0.019292043564047796,0.02157779037010329,0.008939405685801469,0.019126599848721507,0.02436202138560049,0.023600708217300474,0.007124742103335992,0.02157779037010329,0.00806277879820655,0.008208941988626251,0.029047025498215966,0.009099068228356808,0.006346408932383321,0.01110621563167081,0.02436202138560049,0.034328302861527965,0.025229966586961645,0.02221243126334162
535,0.005079669203826074,0.022205897857844714,0.5533469031091234,0.017366765136961386,0.02562218983597467,0.021640947854753324,0.009684714075623747,0.024673219842049687,0.028964214597188762,0.008765485996517653,0.02379203341911934,0.00696321483869315,0.004325824258021698,0.022205897857844714,0.008124108972382213,0.004971469669666727,0.006001594015633708,0.009545937616339784,0.031722711225492445,0.14649228573540538,0.01850491488153726
536,0.0038008211826408627,0.04783861608322264,0.024744111767184118,0.032617238238560886,0.029899135052014143,0.016687889331356735,0.00996637835067138,0.011763041673519993,0.026577008935123683,0.007715905819874617,0.018883664243377358,0.016550310142728092,0.019995793261963782,0.0275992015864746,0.005833977571124711,0.007104744962854846,0.5948094012079147,0.010872412746186961,0.04783861608322264,0.020502264035666847,0.018399467724316398
537,0.5701684272668592,0.017191232576519635,0.013444603242102858,0.020224979501787806,0.029897795785251535,0.007104790101622244,0.015991844257227567,0.025468492705955012,0.04584328687071902,0.00818630122691411,0.02750597212243141,0.03438246515303927,0.006195038766313381,0.02218223558260598,0.006676206825832866,0.005357186875640227,0.01105088617716884,0.057232146698262994,0.02750597212243141,0.025468492705955012,0.022921643435359507
538,0.6454344089853953,0.0023435891974194077,0.002504993313448757,0.0046662251990193995,0.003671783763162805,0.18562062729561157,0.002488653439477013,0.005332828798879314,0.00799924319831897,0.0015133703348171022,0.004977306878954026,0.0031546311204638192,0.0011545299461491294,0.004869104555498503,0.09619454209573591,0.010378869659945299,0.0015773155602319092,0.0014233865885664566,0.004869104555498503,0.004226015274583606,0.0055994702388232785
539,0.00987150118041501,0.017834473719469644,0.018567823648875853,0.023631775553114725,0.025156406233960836,0.010960418124347423,0.014179065331868836,0.02785173547331378,0.02999417666356868,0.005364816538449706,0.023631775553114725,0.02293672333096429,0.005453486666103397,0.01529114888730953,0.0027486261414020378,0.006092567134787389,0.009068006898288208,0.01624684569276637,0.6487169982382,0.023631775553114725,0.04276985343656493
540,0.013090172524422366,0.020058169820331862,0.6176006479180408,0.01776024451358519,0.019530323246112598,0.002684950566431384,0.007291208630773299,0.01725935542679718,0.046384517709517424,0.006397864511657575,0.03710761416761394,0.04725186347011164,0.0033581551282908548,0.024738409445075958,0.007730752951586237,0.005665284605742586,0.005753118475599061,0.009074177514523463,0.03710761416761394,0.021888064625638484,0.03226749058053386
541,0.002202790654090687,0.019615398802897945,0.04458045182476806,0.02724360944846937,0.03502749786231776,0.010660542827661927,0.011960609026157285,0.004729985435816004,0.030649060629528036,0.006906830564400686,0.04458045182476806,0.009153402632072996,0.00258677248399271,0.24519248503622434,0.006286986795800624,0.005923451547051016,0.40665960522718153,0.012573973591601248,0.03772192077480375,0.014423087355072016,0.021321085655323854
