site,A,C,D,E,F,G,H,I,K,L,M,N,P,Q,R,S,T,V,W,Y,*
451,0.011467032491650589,0.45655504114792367,0.02661989685561743,0.02404377780507381,0.026823499634312596,0.006541816259646856,0.02981428447829152,0.09316963899466102,0.035493195807489906,0.009807330420490635,0.03922932168196254,0.057335162458252945,0.009807330420490635,0.02484523706524294,0.01696567672058907,0.01090302709941143,0.021295917484493946,0.01263317138910658,0.03356466214096851,0.03817783740517744,0.014907142239145764
452,0.05740946357188224,0.017407277615349687,0.0430601077853387,0.014259260940567911,0.029219358854336974,0.004860158260568667,0.02153005389266935,0.10226775599017943,0.03146700184313213,0.006054235407405771,0.013377576211431335,0.03557139338788849,0.012586800737252848,0.024063001409453975,0.006060311466084706,0.008100416316053814,0.012211075342110972,0.49769923740976846,0.022111947241119874,0.02727140159738117,0.01341216472002353
453,0.014340564345677504,0.004949415564876744,0.06730151813761504,0.020223872795186223,0.0273975914911156,0.006684161347561547,0.09458981137263885,0.03286379329217761,0.04151215994801383,0.008763678211247364,0.04151215994801383,0.0273975914911156,0.012519540301781948,0.03755862090534584,0.009065874011635203,0.009175011431230116,0.02131705510843953,0.009737420234719293,0.019718275975306565,0.4822869365081374,0.011084947578164367
454,0.011956659766224318,0.03736456176945098,0.007233427622540441,0.03736456176945098,0.028927402660220116,0.009642467553406708,0.03130452849366831,0.02761863735907224,0.028023421327088238,0.011646097174893814,0.04483747412334118,0.5053184330006808,0.014700811187980719,0.02989164941556079,0.00943946823649288,0.018603956326647977,0.0335160830620338,0.011956659766224318,0.03449036471026245,0.027174226741418894,0.038989107933340164
455,0.010788189423250029,0.046029608205866775,0.03633916437305272,0.02876850512866673,0.021576378846500054,0.007845955944181839,0.03633916437305272,0.05546683100816683,0.06477014212437691,0.0300541850832098,0.41205554876420336,0.046029608205866775,0.01438425256433337,0.049317437363428696,0.007345150245617039,0.014090696389551054,0.019278848654429345,0.002922483162138938,0.01726110307720004,0.049317437363428696,0.030019309699478334
456,0.02074579483794974,0.018152570483206013,0.028107205909480276,0.04356616915969443,0.032271236414588476,0.009470906339064007,0.03485293532775555,0.014342157562281872,0.06559769724109801,0.009507964928659017,0.4882492956639433,0.048406854621882704,0.013201869442331648,0.030045633903237542,0.00909326798722234,0.015022816951618771,0.013450733272161217,0.012514533620946535,0.03485293532775555,0.03960560832699493,0.018941812678128014
457,0.01269318597236234,0.022061966094820255,0.02260006282884026,0.015762294174065217,0.02989040567685326,0.5023762573789093,0.03431861392527596,0.038608440665935446,0.05450603388132064,0.00975371132613106,0.02895633049945159,0.038608440665935446,0.012354701013099342,0.0441239321896405,0.03398589098327695,0.010774448557935475,0.01362650847033016,0.010703325008933024,0.01362650847033016,0.02725301694066032,0.023415925275893
458,0.011354560610456036,0.01784288095928805,0.03568576191857611,0.008810490654280662,0.02039186395347206,0.009251864201112323,0.020816694452502726,0.09222701702238843,0.5754720144796633,0.006797287984490686,0.01784288095928805,0.035459845296736986,0.008540182339488297,0.026586690795685812,0.003381665493543431,0.006530727671373404,0.010725011157150471,0.008764923980001149,0.01611615054387308,0.01998402667440262,0.04741745885222599
459,0.012106951052416626,0.036825309451100574,0.030476118166428062,0.027618982088325424,0.02155627870308326,0.06353854019934493,0.02525164076646896,0.04477533591938851,0.015140098837134242,0.008034612971149215,0.016675611826913468,0.04910041260146743,0.01077813935154163,0.024550206300733714,0.5327619623649061,0.00607308842141957,0.015782275479043102,0.009503305664800146,0.012275103150366857,0.024550206300733714,0.012625820383234482
460,0.009781976772861481,0.024827926441798997,0.014072164640998286,0.45948688799525217,0.032384251880607395,0.04958813977674151,0.032384251880607395,0.028647607432844995,0.14032838332912684,0.00908338772260939,0.026601349759070348,0.028647607432844995,0.013793292467666111,0.029793511730158796,0.0064210154590859485,0.009673218094207403,0.01405354326894283,0.007621817563852503,0.018166775445218778,0.023276181039186557,0.02136670986631716
461,0.015193774421986897,0.018337313957570392,0.030387548843973784,0.005129316926388204,0.02127128419078165,0.007489888799571003,0.022157587698730885,0.02874497863619142,0.6585970390327047,0.00704347158635154,0.014994965430094341,0.026780785931238303,0.009329510609991954,0.031182754499181068,0.0027661992791598944,0.008374521334953406,0.028630884151951565,0.009329510609991954,0.01497977759914201,0.027270877167668784,0.012008009292376115
462,0.011389524463096353,0.019600576983003028,0.027187897105455817,0.004871443692357604,0.0240807088648323,0.020847766880941105,0.0240807088648323,0.02341180028525362,0.5217036351174704,0.006289737390068137,0.013009391830192838,0.017584726766593995,0.009062632368485271,0.0691040052368519,0.1394030475929258,0.005935385987810776,0.010033628693680121,0.011089800135120134,0.015050443040520185,0.017200506332023063,0.009062632368485271
463,0.053354034062039715,0.00708608264886465,0.0141721652977293,0.05261948374448666,0.004535092895273376,0.0018896220396972402,0.021098088870603392,0.08503299178637577,0.0184231379271653,0.11576421337934674,0.3061187704309529,0.0029836137468903794,0.1182075820400484,0.06976884139471667,0.0006344409616502309,0.006748650141775858,0.026163997472731015,0.05232799494546203,0.004360666245455169,0.037792440793944795,0.0009180891747904438
464,0.08182992318403937,0.02754590745174182,0.025768752132274607,0.008731187671396036,0.03195325264402051,0.4929360588039686,0.023495038708838612,0.03072428138848127,0.025768752132274607,0.009398015483535445,0.02852968986073261,0.029586345040759743,0.0126798621603256,0.02852968986073261,0.025181069138844336,0.010795017785142066,0.01699641098086197,0.010194840298677841,0.020482854258987507,0.029586345040759743,0.0292867059736052
465,0.010288110086012103,0.07502725729781914,0.02437118138759837,0.4631247417683871,0.044133680763423035,0.0023525440949656194,0.03410329877173598,0.06820659754347194,0.011871143270621071,0.012504542882969857,0.02420234106381262,0.04689203581113696,0.012716484287765955,0.025009085765939715,0.011542654968895252,0.011909088459971292,0.02778787307326635,0.010400093585496881,0.03410329877173598,0.03262054665122572,0.01683339969374901
466,0.011405358853804169,0.01663323217497023,0.0195091664604545,0.028513397134510423,0.45792889002695697,0.009754583230227251,0.01900893142300695,0.020593009041590858,0.02965393301989084,0.003419307353989714,0.02965393301989084,0.021181380728493456,0.008825575303538941,0.030889513562386287,0.007564778831604806,0.005595907922329055,0.015129557663209612,0.017443490011700497,0.2180436251462562,0.013479060463586746,0.015773368627601512
467,0.009085318651526592,0.04607554458988486,0.03794456613284635,0.019289137015235613,0.043003841617225855,0.3975150102487887,0.04607554458988486,0.04031610151614925,0.04031610151614925,0.010079025379037314,0.02303777229494243,0.04607554458988486,0.014660400551326998,0.04607554458988486,0.045730589235335455,0.011121683176868758,0.023891023120681035,0.007529456316862426,0.03125568590974775,0.043003841617225855,0.017918267340510777
468,0.003159555635407242,0.011848333632777158,0.008616969914747025,0.0014671649916273063,0.011848333632777158,0.002747439682962819,0.0689357593179762,0.12793381653206068,0.11652705801116672,0.044233778895701396,0.016484638097776914,0.006489253949605305,0.00326850582973163,0.009027301815449263,0.08983755907732842,0.04814560968239607,0.13459025017693688,0.14393531227966327,0.008242319048888457,0.135409527231739,0.007251512563281066
469,0.578928298912524,0.02039911723079594,0.03026965782634236,0.02565794973256683,0.016462445484501983,0.006255729284110755,0.01954915401284611,0.03753437570466452,0.0426526996643915,0.008231222742250991,0.024060497246579826,0.0426526996643915,0.010543363961984414,0.03026965782634236,0.009110285365209837,0.006965482600300741,0.008763183954469244,0.005960200736497034,0.016756417725296662,0.022886814454063736,0.03609074586986974
470,0.009338743214052156,0.02499487154349254,0.011641447020256799,0.0046921638636869475,0.017704700676640546,0.0058207235101284,0.018081396435718006,0.018026633308814932,0.5265706020632823,0.004472766486730244,0.010895200416394182,0.007344179348586489,0.006639262753740207,0.02089867449246512,0.17156261209847587,0.005058485907611585,0.04502272262487871,0.030350915445669525,0.009881693400915655,0.012497435771746269,0.03850476961671334
471,0.010417916482690293,0.03976071227940643,0.045604698857077706,0.023453947283225623,0.027532894636830077,0.3902923150472757,0.03518092092483843,0.03518092092483843,0.05277138138725765,0.012923603605042694,0.05277138138725765,0.05756877969519017,0.015077537539216476,0.03725038686159364,0.010927899084319589,0.041774847369728696,0.012178011089367153,0.011650165701400112,0.0243560221787343,0.03166282883235459,0.03166282883235459
472,0.014678153026575378,0.017645070620022657,0.03370538843139531,0.02843892148898979,0.04136570398398516,0.002899130922702404,0.024595823990477658,0.024779888338030215,0.03250162455884548,0.011667249841636838,0.030334849588255778,0.022168104587020943,0.011519563134780674,0.024595823990477658,0.005110096008847584,0.5603127492704372,0.017392574802615343,0.011974282732206229,0.01717066957825799,0.03956719511511624,0.02757713598932343
473,0.00894640368692306,0.07494011511439097,0.02939532639989006,0.027435637973230724,0.043319428378785343,0.005018714263395864,0.006967257759323869,0.041153456959846076,0.025720910599903803,0.01075981452127782,0.03292276556787687,0.02838169445506626,0.006440948877349308,0.022245111870187073,0.5068147226297302,0.026363635116979388,0.01371781898661536,0.012470744533286688,0.017512109344615355,0.03292276556787687,0.026550617393449084
474,0.3497897314761098,0.23416062489696024,0.006525994616645011,0.016643769906891776,0.010882464939121548,0.004287031642684246,0.01230191688770262,0.014509953252162065,0.018862939227810686,0.005007859971985138,0.02694705603972955,0.016643769906891776,0.005154489698072117,0.20434850830128237,0.005494059969265248,0.005404185759203146,0.0071655239805298015,0.0033757341286080687,0.020958821364234097,0.016643769906891776,0.014891794127218961
475,0.012145247854106431,0.02464770888039246,0.023278391720370654,0.025394609149495262,0.05028132611600063,0.009859083552156986,0.03103785562716088,0.5174457249631067,0.03103785562716088,0.006962800867742236,0.023278391720370654,0.02243277582814235,0.010345951875720292,0.044106426417544406,0.008729396895138996,0.010563933439201416,0.04621729498285821,0.004258583448283581,0.03990581437777827,0.03103785562716088,0.02703297103010786
476,0.0153194140479707,0.06637273450433384,0.022782718327751295,0.022213150369557514,0.027766437961946888,0.005066824170259689,0.024014216615737854,0.055532875923893776,0.032908370917862986,0.017598468813509648,0.02115538130434049,0.03554104059129202,0.008626466162934956,0.024681278188397236,0.0035466149395252788,0.007529881481205937,0.01139135916387565,0.008626466162934956,0.5459769523361446,0.03863156586010002,0.00471778215642467
477,0.007341826439739009,0.019555797650461015,0.007976305267864603,0.011746922303582413,0.33951479741922835,0.005384006055808607,0.06101720986857712,0.013460015139521511,0.02227864574817354,0.005047505677320568,0.017461641262081967,0.010628952962852257,0.005339510137992007,0.02584322906788131,0.006272628414534299,0.0038737344005062777,0.00807600908371291,0.005295743661451089,0.015758066504805678,0.3998214702033848,0.008305982730520576
478,0.009301641926615256,0.021140095287761947,0.03207462733315606,0.022146766491941083,0.034450525654130586,0.010943108148959125,0.018603283853230512,0.01059685711632769,0.025837894240597938,0.006850250557185928,0.5760185212247023,0.01937842068044845,0.0062848931936589575,0.017550267786066522,0.0327795442879153,0.008159335023346715,0.07481746296557269,0.005348506685717091,0.01788777293579857,0.0265761197903293,0.02325410481653814
479,0.015240956227126004,0.017747787093511942,0.05158477492258032,0.035294845999660214,0.03725567077741913,0.007909432211040889,0.027941753083064343,0.060963824908504015,0.030481912454252007,0.010260863154804298,0.033530103699677204,0.041912629624596506,0.011764948666553404,0.030481912454252007,0.00486821128034546,0.007534854763972406,0.015240956227126004,0.016765051849838602,0.41390779400733274,0.06706020739935442,0.06225150919498819
480,0.02086290794431579,0.046196439019556404,0.034039481382831034,0.030797626013037597,0.04153718963550961,0.013198982577016113,0.026947922761407898,0.038044126251399385,0.018478575607822553,0.3985076329938492,0.06649988748727642,0.02487500562591498,0.009373190525707098,0.018478575607822553,0.015040701076134639,0.08734097607510578,0.013473961380703949,0.01185166852616948,0.031227128282062325,0.017479733683075392,0.03574828754328177
481,0.01673630730821836,0.050944769406641444,0.050944769406641444,0.06376289104385775,0.08278525028579237,0.4079003706109487,0.03679344457146327,0.031537238204111376,0.019478882420186437,0.016981589802213818,0.034856947488754675,0.018922342922466823,0.006898770857149363,0.026491280091453556,0.0050226193939372004,0.011225118682819302,0.013797541714298726,0.01130722586302997,0.041392625142896176,0.034856947488754675,0.01736306729436475
482,0.2516390068542124,0.05100252997260441,0.01079854191004661,0.020401011989041762,0.01632080959123341,0.007846543072708372,0.027201349318722357,0.020401011989041762,0.017740010425253704,0.007034831720359228,0.019429535227658824,0.018546374535492512,0.0042949498924298455,0.025501264986302206,0.008500421662100735,0.4057803723359609,0.004553524390615826,0.003452681750143967,0.031386172290833486,0.025501264986302206,0.022667791098935297
483,0.01432037949860642,0.03693150502272182,0.02338995318105715,0.04127638796657144,0.043856162214482165,0.024040148126419362,0.02338995318105715,0.01846575251136091,0.08720901009894308,0.010795363006641762,0.021928081107241083,0.02338995318105715,0.010473113364652457,0.030508634583987598,0.4327779446539846,0.01060896576667708,0.01403397190863429,0.014929757349610946,0.028067943817268588,0.029237441476321444,0.06036957798270346
484,0.015503834917499853,0.02737668242479723,0.04069756665843712,0.025044656405192073,0.4008235630624611,0.013023221330699877,0.03255805332674969,0.02245382988051703,0.03830359214911729,0.0464458493645471,0.034271635080789155,0.02959823029704518,0.017598947744189023,0.09302300950499914,0.010017862562076828,0.007062363180896952,0.014470245922999862,0.018275926264373327,0.02245382988051703,0.06854327016157832,0.02245382988051703
485,0.01300502225176461,0.0563550964243133,0.03757006428287554,0.033813057854587984,0.027364476798922312,0.01300502225176461,0.03757006428287554,0.20766495992975112,0.03757006428287554,0.208004696607048,0.01972519034119453,0.06762611570917595,0.022542038569725312,0.033813057854587984,0.013525223141835194,0.02826233251861076,0.030739143504170893,0.019243635100909942,0.02014418574746542,0.0563550964243133,0.016101456121232368
486,0.03281068017761116,0.036501403891594834,0.10362595001362757,0.31436680885770574,0.08516994241372129,0.029567263464256744,0.06387745681029094,0.03406797696548851,0.00917072482054775,0.02555098272411638,0.023228166112833074,0.05110196544823276,0.018250701945797417,0.03237176444479325,0.010646242801715161,0.012463894011764091,0.015029989837715524,0.010308648097758728,0.026895771288543563,0.05110196544823276,0.01389170042365272
487,0.019006057701378098,0.06347394537539142,0.04492340911234823,0.035296964302559325,0.3039408454268723,0.03088484376473941,0.035296964302559325,0.038012115402756196,0.038012115402756196,0.034043292961077165,0.054906388915092294,0.02745319445754614,0.019006057701378098,0.035296964302559325,0.017648482151279662,0.03870591792947609,0.020589895843159605,0.018749615852114494,0.029068088249166502,0.03391515331631128,0.06176968752947882
488,0.0204653618099687,0.07430741910437502,0.051760183265129225,0.273643081630674,0.04953827940291668,0.015788753114616735,0.04458445146262501,0.06369207351803573,0.02309529627875211,0.017833780585050005,0.027865282164140644,0.01714786594716347,0.027865282164140644,0.029722967641750017,0.01393264108207032,0.014861483820875007,0.01714786594716347,0.021673822026714386,0.07430741910437502,0.04458445146262501,0.0761822384668388
489,0.36148952053536076,0.030892699851662517,0.03467945134599677,0.034527135128328695,0.06521792190906532,0.02024004473039958,0.020962903470770986,0.02795053796102799,0.04891344143179899,0.015863818842745615,0.039130753145439186,0.026680058962799447,0.011074741456256374,0.024456720715899494,0.010672023585119778,0.06332150756882032,0.03666976486611346,0.006639632983650695,0.04515086901396829,0.058696129718158775,0.016770322776616792
490,0.014742404756542513,0.057331574053220875,0.04690765149808981,0.04690765149808981,0.07777033360815448,0.01664465053158026,0.024653435289338086,0.045714073621269356,0.039691089729152924,0.3176652924707947,0.04299868053991566,0.027157061393630947,0.018889707607048858,0.0257992083239494,0.02683626439154632,0.012899604161974698,0.016124505202468373,0.015635883832696602,0.08599736107983132,0.022434094194738605,0.017199472215966263
491,0.013059175454277759,0.04155192189997468,0.04155192189997468,0.0089072450006929,0.09141422817994431,0.2811204749083256,0.050785682322191286,0.06529587727138879,0.045707114089972155,0.015235704696657387,0.035159318530747816,0.02688653769998362,0.021765292423796264,0.030471409393314774,0.055510285346014134,0.013850640633324897,0.015235704696657387,0.017343321572209962,0.050785682322191286,0.05713389261246519,0.021228569045895106
492,0.01644670955254737,0.03579577961436779,0.03380712519134736,0.06761425038269474,0.37449085742407484,0.02253808346089824,0.017386521526978647,0.04115904928657075,0.05532075031311387,0.0333798199392337,0.07606603168053157,0.04346630381744661,0.006761425038269472,0.02253808346089824,0.011931926538122603,0.004401184427877542,0.01148166515932552,0.019767166962740862,0.03803301584026577,0.03380712519134736,0.03380712519134736
493,0.03978776651931368,0.05425604525360956,0.05425604525360956,0.03510685281115913,0.03906210480424761,0.028419833228081195,0.04262974984212179,0.042629749842121804,0.05425604525360956,0.36700353375783656,0.028522840650663826,0.03730103111185657,0.013879453436969886,0.019252145089990486,0.01808534841786985,0.006970461357502032,0.02486735407457104,0.023146030004554265,0.022104314732952046,0.0314113946205108,0.01705189993684872
494,0.013936462871618637,0.08013466151180715,0.02135060217050988,0.1602693230236143,0.040067330755903574,0.026711553837269048,0.014859722825906769,0.021369243069815243,0.012161674733425432,0.010684621534907618,0.040067330755903574,0.197007311997255,0.009158247029920817,0.08013466151180715,0.01456993845669221,0.03912255995470953,0.027967005338198434,0.022895617574802046,0.10684621534907622,0.025070510580498806,0.03561540511635873
495,0.02039297084624472,0.026194911234317726,0.016019390418370513,0.4525442829513479,0.038603027082152436,0.003286131252180248,0.026194911234317726,0.025291638433134356,0.00954363360809315,0.008528575750708096,0.04074763969782757,0.020955928987454176,0.016669488967293096,0.1410495220309416,0.01222429190934827,0.011112992644862063,0.01496852070532441,0.015676990448910102,0.038603027082152436,0.03492654831242363,0.026465576402595614
496,0.012512507710980392,0.07308725745355513,0.4057273373733022,0.06388585201294306,0.03462027984642085,0.0025840063471840166,0.015373240175742108,0.023492332752928433,0.03869325394599978,0.015297332955395258,0.05979866518927238,0.025756074055619235,0.00854266645561034,0.03132311033723791,0.012411043718528232,0.015297332955395258,0.014949666297318092,0.02842578459024974,0.03132311033723791,0.060587732805799766,0.026311412683279838
497,0.013068399213219409,0.05619411661684347,0.04322624355141805,0.11238823323368691,0.04013865472631675,0.021613121775709024,0.3460049434912487,0.037462744411228974,0.046828430514036234,0.008290033946401246,0.025542780280383388,0.028201781570361878,0.008195111036485797,0.03837947972312621,0.03728884671936558,0.012771390140191694,0.010806560887854512,0.031218953676024147,0.04682843051403622,0.0043327902960376636,0.031218953676024147
498,0.024939986357418127,0.12680712705424113,0.03400907230557017,0.03400907230557017,0.022672714870380112,0.013360706977188285,0.03740997953612719,0.02413547066846915,0.027711095952686806,0.008434201144851324,0.02022161056006875,0.0393789258275023,0.012067735334234579,0.022005870315368933,0.025039917554034487,0.011037829020784436,0.00912438525271395,0.01968946291375115,0.46107269711516635,0.022672714870380112,0.00419942406349249
499,0.008864221651015266,0.020387709797335108,0.023985540938041307,0.01631016783786809,0.02038770979733511,0.009482655719690748,0.013153361159571038,0.00415206994835428,0.022404837199310707,0.48486524114884383,0.2509110103860636,0.010730373577544793,0.00728132492761968,0.019416866473652483,0.004256951664844629,0.007693475395220795,0.009638519183011769,0.01581815113018406,0.020387709797335108,0.019416866473652483,0.010455235793505184
500,0.13916604691888146,0.11887752344958717,0.03356287091928235,0.0777255374535499,0.002746053075214011,0.03694954036843575,0.0767410508046294,0.018459579005605298,0.060413167654708236,0.0022941709235965156,0.01812395029641247,0.06431079137436682,0.0008755531544160615,0.0833285071099424,0.05214780820560216,0.07358014009227287,0.06396688339910285,0.07004470752231776,0.0018879114892096324,0.0030206583827354127,0.001777548400131497
501,0.012811907714447866,0.03228600744040861,0.04747942270648326,0.02709909235826106,0.027832765034835012,0.0032806244432085994,0.017546743174135116,0.02198670869550912,0.02440404617631036,0.00877337158706756,0.02989445133371168,0.03363125775042565,0.007206698089376924,0.03668864481864616,0.4976574227460229,0.013144886256156722,0.014413396178753849,0.027832765034835012,0.04484167700056752,0.02690500620034051,0.0442831052604966
502,0.08469615439351048,0.038918645090941846,0.11991092046400788,0.10293793362109833,0.004522977672731081,0.034233138619744426,0.05476914781888907,0.016735017389104993,0.002640528988546077,0.03242977007776412,0.019459322545470923,0.08785884129280122,0.023082782605662065,0.07427139790881973,0.019560409935317526,0.10166132058802099,0.08470811271028453,0.0683388955662976,0.006972923912127082,0.017803209988409566,0.004488548810450383
503,0.0168470097840953,0.07942161755359212,0.0020906721097328326,0.03706342152500965,0.017933913641133704,0.016351509496327788,0.010870612857753648,0.040328268828209064,0.02032212794980965,0.00661846812946601,0.02316463845313103,0.3423204678503408,0.007412684305001932,0.026473872517864035,0.009927702194199015,0.029611391063127285,0.22187755826838573,0.011119026457502897,0.04632927690626206,0.017068750324960247,0.0168470097840953
504,0.012214943424862646,0.41392928340056756,0.02069646417002837,0.025870580212535466,0.01533071420002102,0.009407483713649259,0.013352557529050563,0.02434878137650397,0.01592035705386798,0.014307736544460646,0.021785751757924604,0.012174390688251982,0.02485549216126517,0.01971091825716988,0.006178049005978618,0.25503989095357493,0.008902039228867687,0.007960178526933988,0.02956637738575482,0.012935290106267733,0.03551272030246307
505,0.1633016611731123,0.029691211122384056,0.024742675935320046,0.013160036817008813,0.034930836614569485,0.3657535218631205,0.012909222227123502,0.026992010111258236,0.045678786342129324,0.007813476611153699,0.045678786342129324,0.03299023458042673,0.007813476611153699,0.037114013902980074,0.009089446288951983,0.01023834866289105,0.010796804044503292,0.03885038702879181,0.022839393171064662,0.025818444454247004,0.033797226095680304
506,0.22946773402873272,0.025054846823659264,0.028858473846762413,0.03691053658430523,0.02684402660676744,0.3642730251562903,0.021091735191031556,0.02812231358804208,0.01406115679402104,0.00968145221883416,0.024607024389536818,0.015541278561812729,0.007770639280906364,0.02684402660676744,0.006216511424725091,0.045172309276605926,0.013734153147648458,0.009503523951308027,0.024607024389536818,0.015961313117537398,0.025676895015168854
507,0.013777414655544041,0.035659190873172805,0.027554829311088082,0.09475938292228321,0.027554829311088082,0.3735549030759134,0.021650223030140633,0.043300446060281265,0.055109658622176164,0.015952795916945726,0.043300446060281265,0.026356793254084247,0.012124124896878755,0.03788789030274611,0.0172847257282828,0.008785597751361415,0.010635197277963821,0.04639586245750448,0.04041374965626251,0.019555040156256052,0.028386898679745195
508,0.005123407934845956,0.06539836499751725,0.018166212499310344,0.037158161930407524,0.02466603249624049,0.015039241242647574,0.015720760816710876,0.007877127885416824,0.02818895042996433,0.012021758271602434,0.04541553124827585,0.03892759821280788,0.010899727499586207,0.029195698659605914,0.01238605397680251,0.009185163623246803,0.01486326477216301,0.5044854847000269,0.037158161930407524,0.03892759821280788,0.029195698659605914
509,0.00969395383637591,0.035382931502772066,0.056515892832748736,0.4368988001398711,0.027217639617516977,0.18625540553957756,0.011232676667546689,0.022827697743723917,0.026718954636047752,0.008526007591029413,0.027217639617516977,0.014442012858274313,0.00566126904044353,0.016161894960290354,0.006739606000528012,0.0244020217260497,0.008736526296980757,0.009978043579366738,0.032166301366156426,0.01814509307834465,0.01507963136883853
510,0.011587171006724606,0.03302343736916513,0.0264187498953321,0.11273133644674972,0.03476151302017382,0.40774121746979686,0.022774784392527673,0.030021306699241024,0.028716032494926196,0.01065272173198875,0.05080528826025404,0.02751953114097094,0.008925253343017601,0.01887053563952293,0.01876072052546461,0.047860054158210326,0.01200852267969641,0.010943087329913007,0.022833992327918124,0.03302343736916513,0.030021306699241024
511,0.037298836795630605,0.10940992126718313,0.013676240158397895,0.020514360237596837,0.07088775424640036,0.006312110842337486,0.03282297638015494,0.010940992126718313,0.020514360237596837,0.20119139255104007,0.10940992126718316,0.06251995500981893,0.005380815800025399,0.15629988752454732,0.005861245782170524,0.039274705065918736,0.02117611379364834,0.006242928144262138,0.03282297638015494,0.0243133158371518,0.013129190552061975
512,0.014740421163785112,0.026751134704647066,0.030095026542727943,0.033386486269808675,0.02778002450097964,0.44171990607930195,0.013890012250489817,0.0515914740732479,0.021243548147807958,0.009760549148992846,0.02778002450097964,0.016797224116871408,0.08115512775567083,0.02407602123418235,0.004567281570007128,0.06190976888789747,0.010031675514242645,0.03342380929295324,0.021887292031074864,0.02778002450097964,0.019633167713351957
513,0.0020237539260153517,0.0070831387410537315,0.009014903852250204,0.0070831387410537315,0.02247811867058999,0.0015494365996055034,0.0030049679507500675,0.4775221360791492,0.004131830932281342,0.06010047839891048,0.030470971588140282,0.003541569370526865,0.0012552397768955978,0.005219154861829065,0.0012878434074643146,0.012155879545355018,0.009355088903278512,0.3332211260868237,0.0029165865404338887,0.0038139977836443156,0.0027706382439492173
514,0.09026524197138519,0.121749721762411,0.0031705656708961205,0.01962706809480314,0.004004925057974046,0.0023058659424699053,0.01894649527148075,0.00951169701268836,0.02074173900684243,0.0015283197643162023,0.021741021743287677,0.03308416352239429,0.2542411909139358,0.046143972869704446,0.0007336595887124799,0.12840790967129287,0.11972055973303745,0.04891729892239729,0.00362350362388128,0.050729050734337915,0.0008060291217511703
515,0.012286784162064506,0.03591521524295778,0.0259387665643584,0.03591521524295778,0.0259387665643584,0.002615756799433119,0.010858088329266305,0.018993378396966795,0.2846233148102824,0.008809392418083985,0.019454074923268797,0.0129693832821792,0.006143392081032252,0.0212226271890205,0.28528124448745157,0.04851130987995689,0.006990422738780941,0.009528526493029614,0.015563259938615038,0.08049962037214675,0.03194146008378898
516,0.003796859642457075,0.017985124622165092,0.01220419170789774,0.009492149106142688,0.027670266224569383,0.00517753587607783,0.06823413524031027,0.16450196299440897,0.010678667744410526,0.20890172524641862,0.31967108602622474,0.005995041540721698,0.026430031774304738,0.007946915530724111,0.003029650734062027,0.004167284973428497,0.0035228594620735744,0.06213043051293396,0.01708586839105684,0.010355071752155661,0.011023140897456025
517,0.017419766667015467,0.042494116417923763,0.03147712327253612,0.012413219720456455,0.03695140558080327,0.5206636782687724,0.02499653906936692,0.030352940298516973,0.023607842454402086,0.008672268656719134,0.025754009950256826,0.03863101492538523,0.016343890929970677,0.029306287184775005,0.006020261176774572,0.010239546124800903,0.017705881840801567,0.016229918557640784,0.04473064886097238,0.029306287184775005,0.016683352857334403
518,0.020440215726233897,0.11622199191339339,0.02288630447621605,0.05450724193662373,0.10062875434453608,0.014535264516432994,0.008880334552675518,0.024225440860721658,0.025157188586134027,0.009344098617706924,0.03442562648628867,0.027253620968311864,0.008960094564924448,0.028438561010412384,0.008494635107006295,0.014163669922106631,0.011475208828762889,0.013348712311009895,0.043605793549298985,0.39948460033944116,0.013522641381762573
519,0.006789777364101145,0.07850680077241949,0.017944411605124458,0.020097740997739394,0.019478216172858203,0.005461342662429183,0.0157013601544839,0.3018902534002506,0.00985183382242127,0.08971903372960145,0.015416964495006725,0.021021404801874265,0.004695733877976495,0.011684733138220577,0.003987647023360991,0.005085710386556704,0.004082574678441587,0.3297297894760234,0.00985183382242127,0.01674811749811616,0.012254720120572798
520,0.004565650591332406,0.010887320640869582,0.006065792928484482,0.008845948020706535,0.012866833484664051,0.0041223835436302305,0.008492110099878275,0.47828305067950444,0.0063373955969240866,0.2609468796732156,0.14153516833130453,0.005816513767039914,0.0024049934877949856,0.013753961602740306,0.0031583010135091375,0.0032915155425884786,0.003317230507764951,0.004432726443038878,0.009435677888753637,0.006065792928484482,0.00537475322777106
521,0.012381095045511456,0.1025106523707196,0.05002043901837345,0.350706881798321,0.017306993257394217,0.1305676936427992,0.009211786733774343,0.013930018963268518,0.008284295104886968,0.004427370368170615,0.08159011107057274,0.011422615549880185,0.005599321347980483,0.12238516660585913,0.0030871933918595095,0.005009919100824644,0.0046433396544228395,0.0075148786512369645,0.011898557864458528,0.03426784664964056,0.013233823810045075
522,0.05405865315102721,0.0057570364498300145,0.043905085262095626,0.1484208511601335,0.006044888272321514,0.09662551968894278,0.0652464130980735,0.031199423341014266,0.07954309685987758,0.0039638611621780435,0.05373234019841346,0.06687961492781251,0.0020491146685835647,0.1511492560060011,0.025978032244687504,0.06298875174519898,0.06179219122817549,0.011861250235154462,0.006908443739796017,0.0041688884636700094,0.017727288097012826
523,0.0026431475044846223,0.005741114580032401,0.005167003122029161,0.006458753902536451,0.004305835935024301,0.0021529179675121505,0.002870557290016201,0.339954686991768,0.0025204893278191033,0.22632105468265193,0.06291696211944035,0.0032293769512682256,0.001230238838578372,0.0033335504013091368,0.0017223343740097208,0.0015197068005968126,0.0009863881233261446,0.31381303535961796,0.006458753902536451,0.004133602497623329,0.0025204893278191033
524,0.04365512941969589,0.059370976010786405,0.06178614099083284,0.03958065067385761,0.016491937780774003,0.007811970527735053,0.06068875900024233,0.010182769192559456,0.014852439707116246,0.004711982223078287,0.011874195202157281,0.1817730827783898,0.004787981936353742,0.16698087003033682,0.005207980351823369,0.22021510854087942,0.03023064099950716,0.019790325336928805,0.018553430003370754,0.010036133906884862,0.011417495386689694
525,0.04957726912921803,0.06940817678090522,0.026028066292839463,0.09109823202493812,0.038357150326289724,0.06367060130711398,0.0513887462704779,0.02760552485604185,0.12146430936658416,0.06528085042389456,0.07859455311955445,0.03904209943925919,0.0014812720654461483,0.06378581845390005,0.07456424574984487,0.04790141777837121,0.04140828728406278,0.0037957596677057545,0.008062222753769272,0.03196429193857477,0.005521104971208371
526,0.03210496159211094,0.04842747996743862,0.002536677522103928,0.027911873749318677,0.08878371327363743,0.008821241744648054,0.05327022796418248,0.15270798683065642,0.05622968507330373,0.055489820796023416,0.05327022796418248,0.024970419358210535,0.0003805016283155891,0.02663511398209124,0.036379667877978285,0.03833757262430607,0.0731445447855609,0.05092999591432543,0.0765759526985123,0.09087274182125246,0.0022195928318409362
527,0.11156908874150011,0.11427886447787668,0.052377812885693466,0.023279027949197104,0.014965089395912422,0.00931161117967884,0.11026907975935465,0.010475562577138695,0.03142668773141608,0.013406303406939738,0.02464838253444399,0.1163951397459855,0.12851861977171747,0.06321703048226951,0.010836788872902098,0.07747042494954633,0.035188138540409516,0.006348825804326482,0.011639513974598552,0.02205381595187094,0.012324191267221994
528,0.011967089308322833,0.022846261406798133,0.030157065056973534,0.05902605606612159,0.02356020707576057,0.46393147762607134,0.030157065056973534,0.02899717793939763,0.032779418540188635,0.008975316981242125,0.050261775094955906,0.031413609434347435,0.01077038037749055,0.026925950943726372,0.05065647330619699,0.008284907982685039,0.013462975471863186,0.009827048581738567,0.02899717793939763,0.025130887547477953,0.03187167826227045
529,0.009724485499962394,0.022644984534667262,0.020128875141926458,0.06543825911027226,0.02383682582596554,0.5589673771315986,0.017760772184052757,0.021065101892713736,0.03938258179942133,0.007021700630904578,0.021065101892713736,0.02383682582596554,0.006759696876020079,0.024481064361802446,0.005602881772904679,0.007304833720860407,0.013320579138039568,0.013082638983224903,0.025879982325334016,0.0232256251637613,0.049469806187888446
530,0.030846062769948317,0.08054249723264284,0.007322045202967531,0.0017903779415082911,0.01933019933583428,0.0030393395182129377,0.1265667813655816,0.004737793954861343,0.09874252312130939,0.22870091806799817,0.12797448868222908,0.04929767742182485,0.001413026267239348,0.02880111095716035,0.07163083471120232,0.026847499077547615,0.0018198529134215355,0.002478230684081318,0.006195576710203297,0.07322045202967531,0.008702712034550225
531,0.011586025570547626,0.03765458310427978,0.03170912261413034,0.035439607627557435,0.0401648886445651,0.010954060539426845,0.022313827024758388,0.09089674306305057,0.0401648886445651,0.1481988067586131,0.369840700534463,0.03765458310427978,0.0060247332966847636,0.020774942402361253,0.008253059310527075,0.010758452315508508,0.00961384491695087,0.003076628824184124,0.023172051141095253,0.022313827024758388,0.01943462353769279
532,0.015349488759678967,0.005463405322569393,0.04796715237399676,0.051164962532263214,0.0369219437053644,0.017442600863271554,0.01140363022106168,0.03488520172654311,0.05903649522953448,0.014759123807383624,0.03837372189919741,0.02475723993496607,0.009967200493298032,0.05481960271313917,0.010809499126534486,0.009893601352766604,0.014759123807383624,0.02475723993496607,0.022572777587763184,0.47241947394200423,0.022476514666313976
533,0.4848839776193012,0.02018831558277983,0.02018831558277983,0.02580918766274679,0.02315718552142392,0.024995057388203602,0.011929459208006267,0.01574688615456827,0.02315718552142392,0.006906529015161521,0.03749258608230541,0.02018831558277983,0.005146041226983095,0.0178941888120094,0.007029859890432264,0.14008701096162104,0.003926032853919542,0.04640978177180708,0.018746293041152703,0.02071958704548457,0.025398203475110116
534,0.011124386158055444,0.041780931285599135,0.48874392277564643,0.020278458440008005,0.022681076983610965,0.06919766623052832,0.01653828530054966,0.025607667562141407,0.02480742795082449,0.007489034853079091,0.022681076983610965,0.0704405195776006,0.008628670591591127,0.030532219016399367,0.009564309571402214,0.006670904995179695,0.011674083741564466,0.025607667562141407,0.03608353156483562,0.026519991372502626,0.023348167483128932
535,0.026801001099779526,0.02841200672595892,0.5251944174144171,0.022220432204013894,0.032783084683798765,0.0026461718154454214,0.01239139994325444,0.031568896362176586,0.037059139207772505,0.011215265812878522,0.030441435777813133,0.06969234538302148,0.005534806505056933,0.02841200672595892,0.010394636607058144,0.006360897028199759,0.007678920736745654,0.03046874166947061,0.04058858103708418,0.016459140988463048,0.023676672271632438
536,0.003960258587924971,0.049845357377847836,0.025782081402335084,0.0339854709394417,0.03115334836115489,0.01738791536436552,0.010384449453718298,0.1248384579029989,0.027691865209915463,0.008039573770620615,0.01967579896493993,0.038714720973007336,0.004077720111554435,0.02875693694875836,0.006078702119249734,0.007402775848195221,0.46051713165472685,0.011328490313147232,0.049845357377847836,0.021362296019077638,0.01917129129917224
537,0.48575964989818177,0.01969984765309021,0.015406494819191683,0.023176291356576718,0.03426060461406993,0.008141550176007045,0.018325439677293213,0.02918495948605957,0.052532927074907226,0.009380879834804859,0.03151975624494433,0.03939969530618042,0.007099044199311787,0.025419158262051884,0.00765042627304474,0.006138929528729145,0.06361283303231488,0.036320333294782924,0.03151975624494433,0.02918495948605957,0.026266463537453613
538,0.7489300595147916,0.002263322416912384,0.0013629938830055641,0.004506409274684855,0.00354602697024382,0.13325493712383107,0.0024034182798319224,0.005150182028211263,0.007725273042316893,0.0014615381431410338,0.004806836559663845,0.0030465865518996198,0.0011149878617776959,0.004702340112714632,0.05647440982659246,0.0007868049757252551,0.0015232932759498099,0.00274927259212688,0.004702340112714632,0.004081276324242887,0.005407691129621826
539,0.012465596176189336,0.02252112858405428,0.02344719280759423,0.029841881755119936,0.03176716444899864,0.013840665544504098,0.01790512905307196,0.03517078921139136,0.03787623453534453,0.006774616677384062,0.029841881755119936,0.028964179350557583,0.006886588097335369,0.01930945290037172,0.003470927358648691,0.0076936101399918575,0.011450954626964624,0.020516293706644952,0.6058895002433189,0.029841881755119936,0.004524331272273829
540,0.007601446898390648,0.02567943742149076,0.5867085533939748,0.022737522498921584,0.025003662752504166,0.003437403345771961,0.009334557311963096,0.022096260106864142,0.0593836990371974,0.008190855039613433,0.04750695922975791,0.009215043132386861,0.00429927232848488,0.03167130615317194,0.009897283172866233,0.007252970874772202,0.007365420035621383,0.01304816561378677,0.04750695922975791,0.01075282309247779,0.041310399330224276
541,0.002459577311777374,0.021902031301739233,0.049777343867589176,0.030419487919082267,0.0391107701816772,0.011903277881380018,0.01335489713520685,0.005281375622947197,0.03422192390896755,0.007711982852725083,0.049777343867589176,0.010220445323572353,0.002888321185012863,0.2737753912717404,0.007019881827480525,0.00743298656834793,0.3366729168098701,0.01403976365496105,0.042119290964883135,0.01610443478069061,0.023806555762760032
