site,A,C,D,E,F,G,H,I,K,L,M,N,P,Q,R,S,T,V,W,Y,*
451,0.010067775216108592,0.4924074244325793,0.026847400576289576,0.025773504553238,0.020206332931261135,0.005997212201681068,0.03579653410171943,0.07159306820343887,0.05857614671190453,0.008591168184412665,0.03221688069154749,0.07159306820343887,0.009762691118650755,0.018951106289145585,0.03478938794561895,0.0099644387926361,0.016521477277716665,0.011715229342380905,0.009219586978407874,0.00988418401052227,0.01952538223730151
452,0.05367171240556852,0.014568239496112214,0.019424319328149618,0.009020617559774425,0.011370333265258312,0.005100720602366086,0.022199222089313842,0.3751838882872123,0.01726606162502188,0.0029904028512030643,0.003731138871827853,0.022199222089313842,0.006474773109383204,0.01412677769319972,0.003171317441330549,0.0046156798403523824,0.007172056367316781,0.3558697953364053,0.009323673277511815,0.0358602818365839,0.006659766626794154
453,0.013435638369280497,0.0056812702738394125,0.03866938731318018,0.017914184492373992,0.016158643965966724,0.006397923032990711,0.004905164107541673,0.04741990012687234,0.04242833169246472,0.009160662524509425,0.0287906536484582,0.02020954801280783,0.01715187876929425,0.03224553208627318,0.010076728776960371,0.007685633750948844,0.026871276738560993,0.011516261459383281,0.016794547961600615,0.6163538571159825,0.01013297578071044
454,0.011066842425189977,0.024041761130585124,0.006872200645469001,0.03669531962036676,0.03669531962036676,0.008300131818892482,0.017491086992386322,0.10247668593811164,0.026469565189371148,0.008938603497268828,0.04357569204918554,0.5168268613402107,0.009960158182670981,0.03873394848816492,0.007833832278505265,0.00812682473954189,0.02188294486387596,0.010253104011573068,0.020506208023146136,0.025822632325443278,0.01743027681967421
455,0.01500157632964642,0.028803026552921135,0.02666946903048253,0.023228247220097687,0.02182047466130389,0.009114881820544662,0.04800504425486855,0.009869166388980855,0.02676986738146531,0.006487168142549805,0.5452836133774558,0.051433975987359166,0.014401513276460566,0.03600378319115142,0.005414102735511491,0.008000840709144759,0.004927744162835585,0.0035275894019579073,0.020002101772861897,0.07200756638230284,0.023228247220097687
456,0.011902492550135273,0.027009502325306963,0.02600915038733263,0.02808988241831924,0.050160504318427224,0.008778088255724762,0.03511235302289905,0.007922324401888815,0.0980981808508663,0.007326217017269317,0.5201841909453389,0.03511235302289905,0.015605490232399578,0.03053248088947743,0.0073206410412113496,0.01132656549125776,0.00463834428103165,0.0036077769606313393,0.018480185801525818,0.03901372558099894,0.013769550205058451
457,0.009696917033947693,0.015515067254316306,0.03035556636714059,0.08063779481845268,0.026853001017085903,0.5270228892507592,0.03324657268782065,0.0188696763903847,0.04106929567319022,0.007757533627158153,0.02909075110184307,0.031735364838374254,0.008951000339028639,0.038787668135790765,0.00914552596677142,0.007757533627158153,0.014248531151923136,0.01029021364862245,0.014248531151923136,0.03324657268782065,0.011473993230488184
458,0.009987117000775108,0.01331615600103348,0.021686311201683097,0.10136437376020167,0.014055942445535343,0.007590208920589083,0.01807192600140258,0.01735788276440901,0.5752739771976432,0.005345217549710622,0.023000633092694192,0.016935441058303104,0.008433565467321203,0.029398345852498335,0.007176889319544886,0.006272899934371143,0.010035050267663617,0.009487761150736353,0.01997423400155022,0.022324143884085546,0.06291192312824828
459,0.008419602228876211,0.01523547069987124,0.02285320604980686,0.01828256483984549,0.0236996210886886,0.013941895637461418,0.017774715816516445,0.05601291177363732,0.14335895088555564,0.005332414744954934,0.017774715816516445,0.04265931795963948,0.00780353377310478,0.024611144976715085,0.4884241591806893,0.0052769688295811,0.011032582230941243,0.005662741322076036,0.010664829489909869,0.02064160546434168,0.04053704719127089
460,0.011406167379872373,0.032281304428683995,0.014212739991704219,0.4939197451190994,0.021520869619122664,0.0028362784307430387,0.02391207735458074,0.03074409945588952,0.10164918732883088,0.00686836264440085,0.021520869619122664,0.02305807459191714,0.012415886318724617,0.022262968571506205,0.007173623206374222,0.009223229836766857,0.015014560199387905,0.02892620250359796,0.015372049727944759,0.025825043542947197,0.079856660128783
461,0.009991712194542656,0.01602444408558728,0.033971821461445034,0.003957694349398357,0.013480881532319456,0.011092867325845511,0.021776808629131433,0.01733256197012502,0.6525430861054605,0.0065836863297374084,0.017908479193285514,0.020073611147283756,0.009991712194542656,0.01786509845597822,0.033324386782913974,0.007258936209710478,0.05980814559583785,0.0085787427932942,0.014394839602307216,0.015441737027929562,0.008598747013323933
462,0.013277432991517003,0.01958421366248758,0.03916842732497516,0.004796723775649689,0.01666741588296815,0.01060258405613427,0.026112284883316777,0.0252699531128872,0.60140026634493,0.005293030719591237,0.02311621033883435,0.02349253692220247,0.013277432991517003,0.03591346821569692,0.06908156167490621,0.006753177124995718,0.009340967414694097,0.01205182379230005,0.010880118701381988,0.023040251367632446,0.010880118701381988
463,0.051492638929350056,0.004174462589506105,0.007635115427455352,0.06538675874571283,0.007635115427455355,0.0013210324650335774,0.01941903364210528,0.08424954954433492,0.01478193964911798,0.14633971235956095,0.23803595156184335,0.007388821381408407,0.089687916158605,0.07965008579768362,0.0005339549609282537,0.013596780898208167,0.02617753860841836,0.09755980823970728,0.004174462589506105,0.03983538483889751,0.0009239361851616325
464,0.08690784957302025,0.024479996352825436,0.02279172074228575,0.0093145128584627,0.05084306934817591,0.5058912516521932,0.04406399343508578,0.026438396061051472,0.022031996717542895,0.006957472647645124,0.03478736323822562,0.02873738702288203,0.01406297662821887,0.03478736323822562,0.00665322972811573,0.008812798687017157,0.012470941538231826,0.00819503170243947,0.016523997538157167,0.023605710768795956,0.011642940521402322
465,0.01067173968660477,0.13452442703834908,0.022529125587968688,0.411798881566493,0.06726221351917454,0.0013954742776200982,0.05380977081533963,0.03843555058238545,0.008423245400516106,0.010348032849103773,0.031652806361964485,0.04891797346849056,0.010981585880681556,0.015826403180982242,0.008152995578081761,0.014947158559816563,0.016305991156163522,0.009688795385667373,0.03587318054355976,0.03587318054355976,0.012581468017477504
466,0.012415612613558108,0.04543747477293615,0.019603598863512806,0.019100942482397094,0.5704755285554817,0.0070946357791760615,0.019100942482397094,0.012843737186439424,0.026604884171910228,0.0040769184444198045,0.031039031533895273,0.02979747027253946,0.010641953668764094,0.053209768343820456,0.008662055311784727,0.005689135499522629,0.013795125126175676,0.012527359643743793,0.05273614301640532,0.0225738411155602,0.0225738411155602
467,0.010011502365789222,0.020368228951088415,0.036917414973847755,0.020031066305943205,0.031088349451661272,0.4516387215270078,0.02684902907188928,0.031088349451661272,0.036917414973847755,0.007875715194420855,0.021095665699341574,0.02684902907188928,0.020368228951088415,0.031088349451661272,0.026851590667358594,0.01205466611390947,0.024611609982565168,0.005920381524029269,0.01836197170351817,0.11813572791631284,0.021876986651169043
468,0.005780180707526469,0.010280538494507873,0.008567115412089895,0.0012115731254134317,0.013068234643103322,0.003068817461047126,0.07514234919784409,0.08253804381084685,0.15710518458572695,0.06207411455474077,0.021469242627955454,0.006966966439381809,0.0035450132739682323,0.026169380938317378,0.1615219934504586,0.06202225648076018,0.10318071409285809,0.15028469839568817,0.005272071022824551,0.03578207104659242,0.004949440238348282
469,0.586215856016202,0.02013678540244803,0.019129946132325635,0.020258736870684933,0.0182189963165006,0.005753367257842295,0.01663473576723968,0.047824865330814086,0.029430686357424053,0.009002327591682652,0.03060791381172102,0.02732849447475091,0.008795377532103741,0.03060791381172102,0.007970810888469015,0.02126032807699494,0.047845815339207544,0.005225867776309285,0.012969455004966535,0.017390860120296028,0.017390860120296028
470,0.008783944849210896,0.017805293613265327,0.011978106612560314,0.08374059228088869,0.011557822170014338,0.005489965530756809,0.012917565954721906,0.013035201403305937,0.5063866162458058,0.00538402893321334,0.020651596693825453,0.010658918119933065,0.006654503673644617,0.027316860463352164,0.14644161284481325,0.004773883070223312,0.035161833066261625,0.04492013970125875,0.009832774084937568,0.010293685370169017,0.006215055317837898
471,0.008488896684296846,0.027170978079978345,0.10069560700399623,0.023719746849185187,0.06777070528338626,0.3624155085059747,0.023719746849185187,0.04312681245306398,0.0790658228306173,0.011570608219114726,0.031626329132246916,0.04312681245306398,0.00847133816042328,0.031626329132246916,0.007080521447517966,0.005482745473879192,0.020625866825378425,0.008088229490799475,0.024968154578089673,0.03953291141530865,0.031626329132246916
472,0.01110899253769624,0.010337885685046337,0.03091197923532867,0.028439020896502378,0.07109755224125594,0.013442512630179114,0.022934694271372884,0.028078101014856038,0.04182208955367996,0.012258198662285504,0.03949864013403107,0.009267162107470483,0.00960777732989945,0.025391982943305698,0.00464744467700397,0.5438749481479314,0.012641074787802523,0.011285325752580308,0.01974932006701554,0.03385597725774092,0.01974932006701554
473,0.00862650949630021,0.06467104749364794,0.020551390270597554,0.029114469550013206,0.031761239509105324,0.004039001556071196,0.008296331752772378,0.02794989076801268,0.030380316052187696,0.007861096991769873,0.03327367948572939,0.036776172063174586,0.015446816064832485,0.029114469550013206,0.5345921107477217,0.017383405234669098,0.015527717093340377,0.012047366710350295,0.01397494538400634,0.036776172063174586,0.0218358521625099
474,0.41258077617426775,0.11836597410597742,0.007551370727554173,0.01736994180712626,0.012522516186532882,0.004807751750186731,0.01856786882830738,0.03114894055420459,0.02834043136952179,0.010248136286231814,0.019943266519293113,0.020710315231573614,0.005501053587782535,0.21636790965608776,0.004641967207076846,0.005065202194093252,0.004058102671903232,0.0033342150328736836,0.02834043136952179,0.01856786882830738,0.011965959911575867
475,0.018011103070815687,0.01810189963818596,0.032392873036753825,0.032392873036753825,0.015386614692458066,0.011190265230878594,0.016634178045900613,0.47065697166765136,0.04103097251322151,0.008135234175962862,0.022794984729567508,0.07884212285134219,0.007505665703638081,0.027975663077196483,0.006993915769299122,0.008356137662699166,0.08568480618930785,0.004426419045355054,0.03620379927637192,0.029307837509443938,0.027975663077196483
476,0.01108762723160765,0.029040758549594706,0.025233910251245,0.014635667945722098,0.01876367685348987,0.004922523775402488,0.03658916986430524,0.03851491564663711,0.021523041096650142,0.00544345299222671,0.017423414221097736,0.03851491564663711,0.008609216438660059,0.02286823116519078,0.014764563453422683,0.008509109270768662,0.013551544394187126,0.007868638680495754,0.5598243735202759,0.03484682844219547,0.06746442056018753
477,0.006946675120571721,0.0038569171055023344,0.006946675120571721,0.016345117930756995,0.3652580040953713,0.005145685274497572,0.03240820683184117,0.013231762134422329,0.025260636802078993,0.0048748597337345415,0.016345117930756995,0.013080878097286556,0.0043080155786491305,0.014249589990916354,0.005788895933809769,0.003252107751192698,0.006860913699330096,0.005502316927185524,0.014624579201203625,0.42658533165062135,0.009127713089699199
478,0.012043108187317108,0.029069571486627515,0.03122287307822955,0.020561404222248728,0.03122287307822955,0.010807917604002534,0.020561404222248728,0.010078120433280458,0.03122287307822955,0.011496190174449637,0.646942435260127,0.02634429915975618,0.007526942617073194,0.024086216374634227,0.006643979987244474,0.008105938203001902,0.004226021104549896,0.005815925478330008,0.02161583520800507,0.024794634503299936,0.015611436539114775
479,0.022137499150035052,0.020693555222023943,0.03515955747358508,0.0271687489568612,0.028462498907187928,0.010150678646358685,0.042693748360781894,0.04597788285007281,0.033206248725052574,0.012038040304351546,0.033206248725052574,0.020610775070722294,0.009961874617515775,0.025987499002215066,0.0038219958539721763,0.010486183807911343,0.016154391271647202,0.014231249453593964,0.45688942054229587,0.04597788285007281,0.08498402020869017
480,0.015769945238233638,0.05431870026502698,0.02875695896383782,0.03491916445608878,0.019737164222562255,0.02125514358196708,0.02572991065185489,0.04444257294411299,0.04444257294411299,0.37329117042065285,0.035865087644206886,0.04888683023852428,0.009223930233683827,0.024443415119262145,0.008888514588822598,0.05171214286786957,0.014814190981370993,0.019924441893152643,0.08552708787449538,0.027159350132513492,0.010891704737648042
481,0.012926508684922471,0.044994380332187466,0.04153327415278844,0.12578409767117685,0.04153327415278844,0.4121628490360446,0.017417179483427407,0.04153327415278844,0.017417179483427407,0.008570358158511898,0.023475328868967374,0.019997502369861097,0.0052420637280218415,0.02454238927210225,0.006956219656859795,0.011737664434483687,0.009641652928325885,0.021012687900664177,0.0337457852491406,0.02454238927210225,0.05523394101140787
482,0.29342851806620435,0.019199153291566552,0.011332326865927753,0.031998588819277585,0.02559887105542207,0.007384289727525596,0.011635850479737303,0.02559887105542207,0.020209635043754268,0.007384289727525596,0.029537158910102383,0.01828490789673005,0.006399717763855516,0.020209635043754268,0.007110797515395019,0.36433990893207985,0.03098821821352481,0.003719375650617946,0.02258723916654888,0.02559887105542207,0.017453775719605956
483,0.01292170837790691,0.03468458564596066,0.03138129177491679,0.0439338084848835,0.028652483794489238,0.0044789094111330405,0.041187945454578274,0.03295035636366263,0.02777398289291544,0.00983592727273511,0.01882877506495007,0.027458630303052182,0.01402142823985643,0.025346427972048172,0.5037779286183991,0.008610230605648877,0.01402142823985643,0.011362191849538834,0.03468458564596066,0.028652483794489238,0.045434890193018385
484,0.016133629020808705,0.01843253996022749,0.020477298372564897,0.023148250334203792,0.4066269095269646,0.018358957161609905,0.033275609855417956,0.029578319871482628,0.03802926840619195,0.04798573646682531,0.02420044353121306,0.0409545967451298,0.010045467126163912,0.031318221040393376,0.009507317101547988,0.006424307849419259,0.031318221040393376,0.011574125167101898,0.035493983845779155,0.12396854724235729,0.023148250334203792
485,0.02621903713527075,0.028403956896543313,0.056807913793086626,0.028403956896543313,0.019308013655823783,0.020049851926971753,0.056807913793086626,0.04260593534481497,0.048692497536931396,0.2599213173195468,0.06155205229279653,0.08521187068962993,0.028403956896543313,0.08521187068962993,0.011361582758617324,0.004667311982730367,0.03408474827585197,0.01322715153625645,0.018049168337966742,0.04260593534481497,0.028403956896543313
486,0.01309274185512668,0.04946146923047855,0.026185483710253355,0.33993160459233357,0.11128830576857678,0.07866045516270653,0.026185483710253355,0.11128830576857678,0.006535988071957017,0.01780612892297228,0.03179665879102193,0.03179665879102193,0.01935448795975248,0.023571126746121315,0.008903064461486143,0.011714558501955448,0.010857395684739195,0.021431415625567475,0.022257661153715348,0.021197772527347957,0.016683232964035948
487,0.01613146364544981,0.09136020032757221,0.03943246668887731,0.025349442871421133,0.2706940464124746,0.0131441555629591,0.035489220019989574,0.03226292729089962,0.04436152502498697,0.045874283212440234,0.029574350016657987,0.05914870003331595,0.008655907321948677,0.025349442871421133,0.010754309096966539,0.1201778616983124,0.00959168108648367,0.015904776619449612,0.05069888574284225,0.03632812111109263,0.019716233344438654
488,0.020519074679916167,0.041912719520406476,0.020292639461877475,0.2557380031841571,0.2550659457809632,0.0031864770975127844,0.01862787534240288,0.020956359760203234,0.11520708265331052,0.013412070246530072,0.020956359760203234,0.023950125440232277,0.007289168612244605,0.0304819778330229,0.010478179880101619,0.01241858356160192,0.0128962213908943,0.03353664468202658,0.037255750684805765,0.016765087808162594,0.029053652619424337
489,0.3674046473704947,0.10571114658221548,0.024776819155182983,0.03437201827426389,0.06874403654852779,0.018508009839988248,0.014582068358778622,0.030075515989980903,0.040100687986641195,0.010936551269083964,0.02187310253816793,0.017186009137131947,0.007638226283169753,0.01924833023358778,0.007518878997495226,0.06329753565485004,0.07343393622428651,0.006300706405970915,0.025326750307352344,0.0200503439933206,0.022914678849509255
490,0.01492368180315797,0.0621820075131582,0.028699388082996095,0.02331825281743433,0.018730085695749653,0.017766287860902345,0.015274731663731651,0.2171209471411591,0.020727335837719404,0.2846619318359287,0.05458460797922823,0.03391745864354084,0.04812104046522054,0.020727335837719404,0.04835401515276013,0.011305819547846945,0.012865242933756868,0.00867655918788254,0.02331825281743433,0.017766287860902345,0.01695872932177042
491,0.015017233656912423,0.03110712686074717,0.03349998277311234,0.01288490280372966,0.04838886400560672,0.33229772115028416,0.04354997760504604,0.05443747200630756,0.03629164800420503,0.015553563430373585,0.03629164800420503,0.05443747200630756,0.029033318403364025,0.029033318403364025,0.0061880899427082655,0.016129621335202238,0.018145824002102514,0.01633944283170944,0.029033318403364025,0.08709995521009208,0.05523949916125619
492,0.012709441206674077,0.04236480402224691,0.029904567545115474,0.12709441206674077,0.388205047916084,0.031773603016685185,0.014525075664770373,0.020429213681192077,0.02541888241334815,0.011603453716763416,0.04621614984245118,0.036312689161925926,0.007160248567140325,0.029904567545115474,0.010591201005561728,0.004524200068815709,0.01337835916492008,0.020429213681192077,0.05648640536299589,0.024752314507810094,0.04621614984245118
493,0.017297893013345788,0.02690783357631567,0.06054262554671027,0.06919157205338315,0.02679407100129002,0.030271312773355128,0.03725700033643709,0.048434100437368205,0.048434100437368205,0.36967859506433,0.03608354841054744,0.05381566715263134,0.01793855571754378,0.04036175036447351,0.011531928675563859,0.00805706489458017,0.015135656386677568,0.01388411092210209,0.03545592214916932,0.02018087518223675,0.01274581590457058
494,0.025471883429140186,0.032418760727996605,0.002415521322287498,0.08915159200199066,0.022287898000497665,0.059434394667993766,0.015002544498418554,0.025471883429140186,0.022779670368156597,0.016209380363998303,0.025471883429140186,0.2720317251934993,0.011503431226063314,0.08915159200199066,0.02097684517693898,0.073222826606117,0.031380365004257435,0.029717197333996883,0.032418760727996605,0.014330252488388914,0.08915159200199066
495,0.0631815074984,0.03368509187309181,0.020072818105651685,0.49012582102627517,0.04571548182776746,0.0022427891656196437,0.016000418639718614,0.021333891519624813,0.009062771542103883,0.010492077796536794,0.027826815025597588,0.02370432391069423,0.010492077796536794,0.10046469702025178,0.011636668101613538,0.014883658817815079,0.01280033491177489,0.013650851797550389,0.029091670254033843,0.029091670254033843,0.014444563115308078
496,0.013115506151100367,0.024535753651590476,0.4692894565389841,0.028328487411779953,0.02115151176861248,0.0027488084153148317,0.013940769120221862,0.018040995332051824,0.03833711508061012,0.012518241658974735,0.03228388638367168,0.07961568858068656,0.009293846080147907,0.03608199066410364,0.013334648723690478,0.009893449053060678,0.013334648723690478,0.015916929332638646,0.061339384128976195,0.0485617681194829,0.03833711508061012
497,0.01295969661793562,0.05345874854898443,0.022508946757467133,0.07127833139864592,0.038879089853806864,0.02979866029941114,0.32647306268027065,0.047518887599097274,0.12883538423568935,0.00751822602570734,0.028511332559458362,0.02321499932305953,0.008952904067642476,0.018525484709398507,0.06910613157557156,0.00855339976783751,0.011879721899774319,0.025157058140698556,0.038879089853806864,0.004231400286188081,0.023759443799548637
498,0.022647128740336028,0.022352785064067703,0.04262988939357369,0.03814253261530278,0.01907126630765139,0.013673738107372695,0.02684104147002788,0.01725495523073221,0.04262988939357369,0.009024372191936565,0.024156937323025096,0.023377681280346865,0.010207156615362718,0.03450991046146443,0.006005369640542174,0.010370117041023124,0.010816539099861983,0.021314944696786842,0.5545051795263102,0.030196171653781367,0.020272394146920742
499,0.009630443307473403,0.02435935660125626,0.027607270814757095,0.01800474183571115,0.027607270814757095,0.010352726555533908,0.011192136816793416,0.036978330178942594,0.015602763241663186,0.3776721544464097,0.31663020324589575,0.012940908194417388,0.007265071267041339,0.019719479153397924,0.006011583548887815,0.01150302950614879,0.003217164617690159,0.018198875499227725,0.014789609365048442,0.014789609365048442,0.015927271623898325
500,0.11016559450440037,0.06878152426918899,0.07660772915828266,0.07697870603369009,0.001474387338721301,0.04261729223210766,0.07666519932269246,0.009933630842229745,0.039512790537619205,0.0006439852743840165,0.08940267758006772,0.07144572951911395,0.00076591078923734,0.11746518470936675,0.03186632830462168,0.08664764715116804,0.06200350172082546,0.031497389748491755,0.00266793899387664,0.0017508349647315452,0.0011060170051826153
501,0.011463755996783825,0.024625846215313402,0.03166180227683152,0.02384445274061866,0.033244892390673096,0.002674857273801503,0.01955581905333711,0.03841383255153603,0.013472984446242798,0.010074209815355483,0.02770407699222758,0.03499462356912958,0.005781720415769232,0.02144831767140199,0.5086209149326825,0.028951559239916477,0.010389028872085341,0.017497311784564786,0.033244892390673096,0.01846938466148505,0.08386571670957087
502,0.052133961790941805,0.01534135288456298,0.14287225602986417,0.11212566657106146,0.012391092714454715,0.033773196906322224,0.06815100992950093,0.03579649006398029,0.02975761477976544,0.02799475278609498,0.04602405865368894,0.04295578807677636,0.03405031981695687,0.0538773633011358,0.017235347067842362,0.11575748085624793,0.06530440754915323,0.05574158113667999,0.007342542012010896,0.024406697770895647,0.00696701930206303
503,0.013812437298289246,0.14353386033200907,0.001789287391892279,0.024555444085847547,0.024555444085847547,0.011631526145927787,0.022644219628763226,0.02019575878521371,0.02040896414216729,0.005893306580603411,0.03399984565732738,0.33825957756162883,0.00574023368240592,0.044199799354525594,0.006405768022395013,0.0037632135096190475,0.18626948042630542,0.0269125988122517,0.013812437298289246,0.03688353074718221,0.014733266451508527
504,0.010486988281106306,0.3814236905039138,0.017326328464436505,0.01811388884918362,0.019925277734101982,0.012855017892969021,0.01660439811175165,0.02344150321659057,0.02097397656221261,0.007811145950026345,0.017326328464436505,0.018976454984859035,0.00296211268722422,0.04981319433525496,0.0068707854255524075,0.3044235356578147,0.007680622316703644,0.008663164232218254,0.026567036978802645,0.013283518489401323,0.014471030861439842
505,0.08766710778580734,0.03067772395717115,0.038347154946463936,0.008983864778119724,0.027888839961064678,0.4686243956525308,0.01979207997236848,0.015338861978585574,0.03609143994961311,0.009586788736615982,0.038347154946463936,0.038347154946463936,0.008521589988103095,0.04382531993881593,0.007196852099914414,0.011799124598911978,0.012030479983204372,0.01141105067995739,0.032292341007548575,0.029216879959210622,0.024013794133064943
506,0.28309662907665084,0.021801344024737226,0.008489397154114243,0.01993092634141773,0.021591836869869204,0.396296482675574,0.01480583099648174,0.02253061238595047,0.020728163395074436,0.007002757903741364,0.028789115826492278,0.012639124021386854,0.00624342270935977,0.02355473113076641,0.0070986860942035745,0.03575472303603926,0.008225461664712079,0.01005465408558355,0.015241296614025323,0.01993092634141773,0.016193877652401906
507,0.012043686400681788,0.026641252121118623,0.053282504242237246,0.0086765307507476,0.026641252121118623,0.4069375964820697,0.01902946580079902,0.03805893160159804,0.02960139124568736,0.01210966005505392,0.053282504242237246,0.02316630619227706,0.010656500848447449,0.05920278249137472,0.08785488644921051,0.010447549851419068,0.01480069562284368,0.011127368602275391,0.04843864022021568,0.022201043434265523,0.02579945122432179
508,0.018792376025615485,0.1856243246872519,0.02387574005406614,0.02992833824563583,0.05493818424882664,0.011799633117881026,0.01417658127424855,0.00711984003831199,0.01995222549709055,0.00855095378446738,0.03168882873067323,0.02154840353685779,0.0076958584060206415,0.0192396460150516,0.007182801178952599,0.009451054182832366,0.04025017244493982,0.4118677760049051,0.02693550442107224,0.02244625368422687,0.02693550442107224
509,0.013221410672233957,0.06441392925665936,0.008425237405903875,0.40411848165992525,0.018202954496476208,0.18203420579980711,0.015082448011366,0.021115427215912398,0.07477683585140259,0.0059987009136114764,0.021995236683242086,0.01702857033541322,0.005800941542833077,0.01963488161197406,0.004713265003551874,0.038104014489854836,0.006855658186984545,0.025307487710449487,0.02778345686304263,0.011997401827222953,0.01338945446213294
510,0.014845430489465246,0.017784060280412697,0.020629509925278733,0.13577999508381577,0.03223360925824802,0.3945180974562713,0.019836067235844933,0.03223360925824802,0.03438251654213121,0.006213707808818896,0.03438251654213121,0.039672134471689866,0.00937704996603579,0.017784060280412697,0.032433663405668986,0.05407978249733768,0.008892030140206349,0.010181886242937515,0.015431642931302485,0.04688524983017893,0.02242338035356384
511,0.027067376321783708,0.10969410404091291,0.01735798613501817,0.011834990546603301,0.14188788198717556,0.005007111385101396,0.012631442283499064,0.02964336911992482,0.030315461480397755,0.19839019478797024,0.08526223541361867,0.03988876510578652,0.003944996848867766,0.12413658795852527,0.004413047322462247,0.029535572442071174,0.03157860570874765,0.013970275695062068,0.016475794282824863,0.05766527998988702,0.009298921143759735
512,0.11056778115550418,0.014271881943610636,0.02497579340131861,0.007832031951652765,0.03567970485902658,0.3808241043046163,0.013500428865577629,0.02378646990601772,0.01611341509762491,0.006937720389255169,0.019212148770245085,0.023380878142468815,0.08796204155540455,0.015136844485647642,0.03197546645614947,0.08948237313784363,0.007804935437912065,0.021782011240463056,0.03842429754049017,0.015609870875824132,0.014739800483346934
513,0.0019030736813525357,0.005149493490718627,0.004607441544327193,0.007295115778518055,0.00826679406792519,0.0012687157875683574,0.0032422736793413574,0.5736306945259325,0.006733953026324359,0.06644212400742465,0.036609451524984,0.0025747467453593135,0.0009312913759810283,0.003979154061009849,0.0013678342084721352,0.0034476248230456254,0.005376537865197523,0.2511154673462671,0.007432272931302457,0.006252956381586905,0.002372983147361275
514,0.14537500611271317,0.11584036781725587,0.014738618226749076,0.003742776673621832,0.004934703851129224,0.0029113319954072246,0.01821239422713016,0.007145996715999552,0.02320716620859608,0.0011102868883243067,0.010342889983683561,0.018058126836377243,0.20309670245357864,0.04109187917357899,0.0005827177154433355,0.1185044455403259,0.1152887470181261,0.0720554668863288,0.004523478530201788,0.07860596387599508,0.0006309332694342034
515,0.020213997469156163,0.014457709110135832,0.016867327295158472,0.057830836440543334,0.021306097635989646,0.003180359526960592,0.009414322211251238,0.031677225946816975,0.25753703226974806,0.006636325493177103,0.018400720685627422,0.013058575970445267,0.00539754473445071,0.04689647412844228,0.30797504882286075,0.019499713759910522,0.023207070034252823,0.00861310329965539,0.01760068935146971,0.01674874076015796,0.08348108505378991
516,0.004410485579278738,0.007083507142477974,0.006678735305764946,0.00806054261040597,0.004620618714515557,0.005081646428299416,0.027427667010596124,0.08723428038417769,0.006317722586534408,0.1780948295485112,0.5222611228760513,0.0051945719044838475,0.036459352751935035,0.00570135940736032,0.003690356861637451,0.003158861293267204,0.0032466074403024047,0.05399463212233674,0.01230293345798806,0.012986429761209619,0.005993736812865978
517,0.012590800784583042,0.026435576593082676,0.02555439070664658,0.01065110950571567,0.04034903795786303,0.5850461008452216,0.029485835430746055,0.02839376745182954,0.03833158605996988,0.00958289651499247,0.024730055522561214,0.019657223620497374,0.012365027761280607,0.02555439070664658,0.005219977679162116,0.010087259489465757,0.015031994533321522,0.010848860171053737,0.0306652688479759,0.022547991799982278,0.0168708480174025
518,0.012329761422583853,0.0750429563688748,0.02540657730823205,0.030207915485330448,0.03356435053925605,0.0116184290328194,0.006492886219984297,0.037759894356663055,0.028769443319362334,0.009744488866235627,0.031797805774032045,0.03459405140718132,0.0790433922509247,0.026267752595939522,0.009744488866235627,0.011819634230786953,0.009294743226255522,0.016782175269628025,0.030191640541467266,0.46045057837754894,0.019077034540658153
519,0.007075958190875901,0.09741556238941779,0.01907432207975243,0.01370966899482206,0.012942586661875642,0.005350114729686657,0.008277535996873697,0.3324298541081597,0.01907432207975243,0.12793831291788793,0.015236585576103006,0.009334242719878849,0.0035096752626744467,0.009537161039876216,0.003400848122746557,0.009741468170377406,0.003510592115273915,0.26571163274905746,0.012186372439841829,0.013294224479827449,0.011248959175238615
520,0.003908044989733914,0.011389159684367408,0.005777109984824048,0.013745537550098594,0.012079411786450282,0.003908044989733914,0.0065347637533255615,0.48366548678147947,0.006872768775049297,0.3051891785917808,0.08917987797964018,0.0071182248027296295,0.0020918795106544255,0.008521574509856803,0.0026753059661265718,0.003496671832919818,0.0034070135807936683,0.006828562679876546,0.009490966403639507,0.006872768775049297,0.007247647071870169
521,0.030059619849433995,0.09236893262760307,0.02503308034776564,0.5009815763581411,0.01635882371866298,0.04524693305613695,0.011281947392181364,0.01635882371866298,0.006936168550712921,0.006835111150244008,0.05163480705890856,0.012117647199009615,0.0057399381468992905,0.104669880071957,0.004512778956872546,0.00703763296210309,0.007270588319405771,0.007883770466825533,0.013922403164819557,0.01677828073709024,0.01697125614656373
522,0.07609706443697184,0.019496903469375423,0.04664841835799041,0.15276754783549823,0.009100217613176812,0.08179296609151977,0.04214218821518884,0.0054109402024294555,0.05755915346223219,0.004696196927205795,0.012845479830298203,0.07595588073567634,0.0018367411696320168,0.16378866667515476,0.03739723791573055,0.11619856066673422,0.07381627846143192,0.002709603939711665,0.005720136785425424,0.0031281998045295293,0.010891617404086569
523,0.0014280062896709614,0.003855616982111596,0.005508024260159423,0.004058544191696416,0.004058544191696416,0.00226800998947741,0.0022032097040637693,0.3704599212496937,0.001927808491055798,0.2368048226208748,0.058467711550450656,0.0025704113214077306,0.0008762765868435444,0.001880788771761754,0.0010281645285630922,0.0011509304424213718,0.0007578215677613013,0.29165280197756865,0.004536019978954819,0.002754012130079711,0.0017525531736870888
524,0.03686445743294716,0.019094987192080148,0.12597645598308896,0.05090806026454608,0.021004485911288163,0.009132385178820939,0.14897977483872288,0.011120396295403534,0.006281008147046396,0.0036849975282961687,0.034710041089463226,0.1599370881243605,0.0036849975282961687,0.03665380339047317,0.003818997438416029,0.17565604629317275,0.03846542211219738,0.0131278036945551,0.035007476518813606,0.05971352506410356,0.0061777899739082825
525,0.04338148700754902,0.05508760254926859,0.02706057669086878,0.02142295654693779,0.039785490730027316,0.026494964470549526,0.06426886964081337,0.0049437592031394886,0.08676297401509804,0.07748621839929372,0.043476000051138455,0.04735600920902037,0.001141494131196482,0.05100087485028906,0.06694113186548314,0.06855346095020093,0.12383513906400621,0.017729343349189894,0.023292323318058555,0.10558457155276482,0.0043947524051064545
526,0.028996971519111178,0.07232107050838531,0.0012015550361997322,0.045924252174638816,0.05706789927388951,0.003914704332909623,0.07540609519440736,0.15506042110399254,0.08744274888741134,0.04253971567495687,0.03747546380889058,0.01840899976577081,0.00041793218650425473,0.055226999297312424,0.03976343949406495,0.030527695659176825,0.05615350242140172,0.04014611485639983,0.05522699929731243,0.0925052238229983,0.004272195684265715
527,0.05139392552232619,0.03507535430582058,0.07891954718809631,0.15783909437619262,0.024552748014074408,0.029632626913538088,0.10984124111559604,0.008858402105912306,0.01202211714373813,0.015028771681622465,0.011220642667488921,0.058151245296492016,0.1282435099652249,0.07962228836525725,0.032569971855404826,0.06723330629266508,0.0394283615589978,0.00765043818237881,0.011220642667488921,0.03348102001919237,0.008014744762492086
528,0.014309849378527867,0.022157186134494765,0.03270822715092084,0.014744730864058149,0.028619698757055733,0.5247970418520121,0.02986403348562338,0.036151198429965135,0.028619698757055733,0.011260209347038324,0.045791518011289174,0.04040428059819633,0.007631919668548197,0.03815959834274098,0.030729341098977764,0.009539899585685244,0.013209091734025721,0.010357438480655824,0.025439732228493984,0.018564128923495616,0.01694117717113876
529,0.008038981852416036,0.024116945557248113,0.027975656846407806,0.07127341288607045,0.02689967004462289,0.5354045098974436,0.019982612033148432,0.024116945557248113,0.036810074797905004,0.004823389111449623,0.038855078953344176,0.020570335916476327,0.005977704454360642,0.024116945557248113,0.00539942705769315,0.047414426956002,0.010285167958238162,0.007659324856396973,0.023313047372006502,0.020570335916476327,0.01639600641779748
530,0.051316510854109265,0.12829127713527316,0.006720575679964159,0.002689795099256401,0.03421100723607285,0.0032821416111452873,0.11485123857824457,0.006720575679964159,0.10753378034313489,0.10263302170821853,0.13640727107990985,0.09767676547042616,0.0012601079399932797,0.04005710444933561,0.06249841606765722,0.036947887814958676,0.0023437977315731635,0.0025202158799865594,0.006136177794749886,0.051316510854109286,0.004585820991917252
531,0.013418497293541682,0.027543231286743443,0.019382273868449092,0.040255491880625036,0.03809308326577449,0.01217026498716571,0.01688133530477824,0.13525780522296602,0.026166069722406277,0.1100111821959213,0.3993486275181346,0.037380099603437536,0.005750784554375006,0.021805058102005226,0.005880015667956466,0.008579039253247957,0.009060412308430939,0.017317596917231393,0.01688133530477824,0.020127745940312518,0.01869004980171876
532,0.015396828484119348,0.004595431647046315,0.07991386837667833,0.03519275082084423,0.16121833752769263,0.008643833534944198,0.006442080273340488,0.049269851149181934,0.054744279054646586,0.01048294705301743,0.049269851149181934,0.027372139527323282,0.005865458470140706,0.030793656968238697,0.008494801922272744,0.008834309781370047,0.009853970229836384,0.01449113269093586,0.027372139527323282,0.3761319611594206,0.015620370652444928
533,0.5288110364196126,0.018659568873167505,0.01816852758703152,0.02634522854717169,0.023013468276906594,0.028514748773496714,0.011903518074262029,0.019725829951634223,0.012785260153836995,0.00697377826572927,0.017702667905312764,0.020306001420799934,0.0039227502744727145,0.023013468276906594,0.00600351346354085,0.15131503033927066,0.003644403514694258,0.00631132696669579,0.028766835346133245,0.02380703614852406,0.020306001420799934
534,0.00930133006155706,0.050554453399450416,0.5025808508243909,0.025729256395415723,0.02628831576771421,0.11400827039346588,0.01493654304983762,0.02347171050688769,0.05974617219935048,0.007731857578739474,0.02120025465138243,0.011111792094687175,0.0064432146489495625,0.019329643946848687,0.00746827152491881,0.008113677706084633,0.012886429297899125,0.017762375518725823,0.022662341179063974,0.02091086373590468,0.017762375518725823
535,0.025598269550034598,0.03159088531609565,0.5321878767065515,0.027087500147138337,0.018289459919844854,0.0025605862548532857,0.012662633181397615,0.02574072136867053,0.03309521318829068,0.007164943061382518,0.03159088531609565,0.11346070967300916,0.004426748260854168,0.027799979078164172,0.008475603377489076,0.006043473712644385,0.00926665969272139,0.01777134888550319,0.023166649231803477,0.011802485514233987,0.03021736856322192
536,0.0036392590777613617,0.039963283346071556,0.019981641673035774,0.028307325703467345,0.039963283346071556,0.015440359474618555,0.019981641673035774,0.04458419472744324,0.024263422031543445,0.008823062556924888,0.03088071894923711,0.022907803039054594,0.00430920279960711,0.01698439542208041,0.00672649323646749,0.009306518039496116,0.5195064558656224,0.012352287579694844,0.08492197711040206,0.019981641673035774,0.027175032675328652
537,0.5357674644780454,0.015561851167545614,0.013586393705493489,0.021220706137562204,0.023342776751318427,0.006873221489212678,0.02059656772175155,0.04668555350263685,0.035014165126977644,0.007611775027603834,0.04119313544350311,0.021220706137562204,0.009218377827634388,0.022589783952888798,0.007695420907028051,0.004774965793733289,0.015060580351629277,0.06844618678543057,0.035014165126977644,0.022589783952888798,0.02593641861257603
538,0.767229878523139,0.0019380450684811617,0.0013036637342097384,0.00531569459353569,0.0024300318141877437,0.1300683388225109,0.0020012026705075537,0.00293279701712314,0.004050053023646241,0.0011190935986390928,0.004050053023646241,0.0032094759810026813,0.0007363732770265892,0.003471474020268206,0.0480072432502259,0.006001143035506081,0.0012326248332836384,0.004426390082663032,0.00586559403424628,0.0024300318141877437,0.00218079778196336
539,0.0156375967265537,0.014914855516880954,0.057738818682659836,0.02886940934132991,0.03263498447280772,0.04892402049338488,0.011372797619311785,0.025882918719813023,0.035743078232122756,0.005925998259514306,0.025020154762485924,0.034118392857935345,0.0065269968945615466,0.016680103174990617,0.002225962321316465,0.005910272778539984,0.007901101503942925,0.012722112591094539,0.5748501804549608,0.03263498447280772,0.003765260122985205
540,0.005576947525184384,0.021950614453108662,0.5555682105876946,0.031650528054473596,0.027860395267407138,0.051648275341135724,0.007798443928640095,0.02012139658201627,0.03292592167966299,0.006410356433208725,0.03292592167966299,0.007926157701062902,0.003772761859128051,0.02897481107810343,0.009169244012058047,0.005211296956493423,0.005137377850727559,0.03452374002940773,0.07243702769525859,0.010550176018157865,0.027860395267407138
541,0.03174128375337201,0.022525080181877613,0.016893810136408206,0.07883778063657161,0.021501212900883176,0.011262540090938803,0.013515048109126564,0.005553935505244475,0.02365133419097149,0.007629462642248868,0.04300242580176635,0.0153711989282775,0.002924004708979194,0.23651334190971487,0.006479817586567532,0.018603283496495683,0.3615426289349274,0.011537236190717797,0.024896141253654202,0.018193333993054988,0.027825099048201758
