site,A,C,D,E,F,G,H,I,K,L,M,N,P,Q,R,S,T,V,W,Y,*
451,0.008637111848967548,0.5001217187429964,0.023032298263913464,0.022111006333356928,0.017334947775307617,0.04033548979866693,0.030709731018551286,0.06141946203710257,0.05025228712126575,0.007370335444452309,0.027638757916696163,0.06141946203710257,0.008375381186877626,0.01625809289217421,0.0024090875575815073,0.009843446911187362,0.014173722008562133,0.010050457424253149,0.007909453898651156,0.008479609546512614,0.07211814023582075
452,0.02873581255262435,0.012699198665843079,0.016932264887790774,0.0611962267198017,0.009911569690414108,0.010248606117193667,0.019351159871760882,0.34253753877672244,0.015050902122480685,0.0026067473635689323,0.014917149266551421,0.019351159871760882,0.005644088295930256,0.012314374463847833,0.0027644514102515543,0.004023508488187906,0.006251913189338131,0.370270927191573,0.008127487146139572,0.03125956594669065,0.005805347961528265
453,0.012210977090544188,0.005163421286900703,0.018470255084665495,0.016281302787392246,0.014685780151229705,0.005814750995497231,0.004458057361792373,0.04309756620192066,0.038560980285929004,0.00832566619809831,0.026166379479737538,0.01836744343751377,0.01558848139218407,0.02930634501730605,0.012631204785385717,0.006985086609187692,0.02442195418108837,0.010466551791895016,0.015263721363180235,0.6645247216031803,0.009209352895371241
454,0.009201018317200979,0.015969567034508164,0.14320671152958997,0.02437460231582825,0.02437460231582825,0.005513302904770675,0.014953590140398347,0.12959141098595184,0.013231926971449622,0.0059374031282145735,0.028944840250046046,0.43610572246857077,0.006615963485724813,0.025728746888929815,0.005203566786525133,0.005502656533690543,0.056382281975591794,0.0068105506470696586,0.013621101294139315,0.01715249792595321,0.01157793610001842
455,0.012671822171860943,0.024329898569973012,0.022527683861086126,0.019620885943526623,0.01843174134088865,0.00769933499049779,0.040549830949955026,0.04229562936930857,0.022612490285560845,0.005479706885129059,0.5562901010152947,0.043446247446380384,0.012164949284986506,0.030412373212466266,0.004573289204882146,0.006758305158325839,0.029814562477294426,0.0029797525683092976,0.016895762895814594,0.06082474642493254,0.019620885943526623
456,0.010142937890924532,0.023016666752482595,0.02216419761350176,0.023937333422581898,0.04274523825461053,0.007480416694556843,0.029921666778227368,0.06495090071085496,0.025241873556888755,0.0176854507051487,0.5619292408330829,0.029921666778227368,0.013298518568101055,0.026018840676719453,0.020859158868923845,0.00965215057362173,0.003952654266411984,0.006352557990276068,0.015748245672751248,0.03324629642025264,0.011733986971853872
457,0.008371760686378026,0.013394817098204842,0.026207250844313818,0.08959042402809878,0.023183337285354527,0.5641585634882023,0.028703179496153225,0.01629099376808697,0.04234740549436403,0.006697408549102421,0.025115282059134075,0.027398489519055356,0.007727779095118178,0.033487042745512105,0.00473585397700913,0.006697408549102421,0.012301362641208529,0.008883978874561622,0.012301362641208529,0.028703179496153225,0.013703119663677819
458,0.008815367255335941,0.011753823007114587,0.01914194032587233,0.0065680947173629,0.01240681317417651,0.006699679114055314,0.01595161693822694,0.023594118608938754,0.6200956118449585,0.0047180838831375445,0.020302057921379738,0.05952378979313526,0.007444087904505904,0.10527521397736415,0.0023152113153392805,0.005536924887649019,0.00885767669772431,0.008374598892569142,0.017630734510671882,0.019704938570750924,0.015289616659730958
459,0.008933856291556545,0.016166025670435652,0.02424903850565348,0.01939923080452278,0.02514715104289991,0.0012027409582457253,0.018860363282174927,0.03177753345064958,0.06160147773252833,0.00565810898465248,0.018860363282174927,0.04526487187721982,0.008280159489735336,0.026114349159934516,0.6200400255233111,0.005599276533137755,0.011706432382039611,0.006008611311135377,0.011316217969304956,0.021902357359945078,0.011911808388742059
460,0.0065453438229694915,0.022103854040677984,0.01686255366885326,0.3991267530938225,0.014735902693785321,0.0015570000249317886,0.016373225215317023,0.02105128956255046,0.35134396547752605,0.004702947668229359,0.014735902693785321,0.015788467171912846,0.008501482323337686,0.015244037269433092,0.004911967564595108,0.006315386868765138,0.010280862344501387,0.0047144655959979655,0.01052564478127523,0.017683083232542383,0.03689586488519082
461,0.009386845781126642,0.015054375309354051,0.03191527565583058,0.003718108146362513,0.012664791926916897,0.015355727540901006,0.020458510035788836,0.01628330390603601,0.7231547655997679,0.006185130941052439,0.01682435693591161,0.029111765321796233,0.009386845781126642,0.016783602330189724,0.008193685781149403,0.006819503345262945,0.014535420976335265,0.008059413044401663,0.013523421888063806,0.014506943479922995,0.008078206272702752
462,0.009115633296962989,0.01344555911302041,0.02689111822604082,0.003293194926578239,0.011443029032357794,0.007279213408020664,0.01792741215069388,0.017349108532929557,0.4862053026245558,0.0036339348954109213,0.00929127275477153,0.08217737279964232,0.009115633296962989,0.011231616191494594,0.21687253593328962,0.004636399694144969,0.03105965793530014,0.008274190223397176,0.007469755062789117,0.015818304838847542,0.007469755062789117
463,0.07988603822581987,0.004580132858280339,0.020038081254976487,0.12790652333300984,0.00273687314604354,0.0010393189162190655,0.016377325889342355,0.0888387838890583,0.0045902103337252765,0.088080075306235,0.25594860090390137,0.0026485869155260062,0.061604066995314635,0.07382117605767512,0.014303821260860487,0.02039100245124809,0.03603412278558372,0.07315489981975543,0.004580132858280339,0.014935215842218503,0.00850501095692617
464,0.011514917147778785,0.02294366389809258,0.021361342249948262,0.008729946251579562,0.04765222501911535,0.5583302539366995,0.041298595016566644,0.024779157009939986,0.020649297508283326,0.0065208307920894696,0.032604153960447343,0.026933866315152162,0.013180402664861698,0.032604153960447343,0.05474500608233518,0.008259719003313327,0.011688281608462258,0.007680722264212397,0.015486973131212492,0.022124247330303562,0.01091224484915848
465,0.00881275442440305,0.11109067259770032,0.01860461902500453,0.4005644858617003,0.055545336298850174,0.00115238681558862,0.04443626903908014,0.03174019217077153,0.12065321942435718,0.008545436353669257,0.0261389817876942,0.04039660821734558,0.00906862633450615,0.013069490893847098,0.006732768036224263,0.012343408066411148,0.013465536072448523,0.008001036092489372,0.02962417935938676,0.02962417935938676,0.010389813769134967
466,0.009934921463944162,0.06205495659475858,0.01568671810096447,0.015284494559914099,0.5375385175336624,0.005677097979396666,0.015284494559914099,0.010277504962700858,0.021289117422737498,0.06070974361854347,0.024837303659860414,0.023843811513465995,0.008515646969094995,0.04257823484547499,0.006931340556240114,0.0045524225138735275,0.011038801626604623,0.0068516699751339045,0.08098621440209994,0.018063493570807575,0.018063493570807575
467,0.018166494910704812,0.01773096097313537,0.03213736676380785,0.08736784180217014,0.027063045695838193,0.4634086467106465,0.02337263037367844,0.027063045695838193,0.03213736676380785,0.0068559715762790095,0.018364209579318773,0.02337263037367844,0.01773096097313537,0.027063045695838193,0.0030622557803182257,0.010493834045325015,0.0214249111758719,0.011257186260684273,0.010043655716074218,0.10283957364418514,0.019044365489663914
468,0.011293827571205593,0.014017005993611503,0.011680838328009584,0.0016519200594104337,0.01218870086401,0.0059282927772565264,0.024469959737612117,0.01218870086401,0.2527498879325436,0.008511290343517261,0.010012147138293927,0.009499114311013508,0.004833450342624655,0.15145763842751972,0.21310596400108722,0.03728755769540894,0.10018108559988939,0.09165656321613555,0.007188208201852051,0.01334952951772524,0.006748317077263261
469,0.6213695210580888,0.018100089158338002,0.017195084700421102,0.01820970608099785,0.01637627114325819,0.00517145404523943,0.01495224756558357,0.04298771175105275,0.026453976462186307,0.008091804564904048,0.02751213552067376,0.02456440671488729,0.007905786069159126,0.02751213552067376,0.007164618625175459,0.029510225329580156,0.006692767850321217,0.037308582932398617,0.011657684542658375,0.015631895182201,0.015631895182201
470,0.009887552922883494,0.020042337005844922,0.013483026713022948,0.003916867258401973,0.013009938056425653,0.006179720576802183,0.014540519004240436,0.014672934080091713,0.672465141134749,0.004142829436962358,0.010593806703089459,0.01054715362708859,0.00749057039612386,0.01078330375321351,0.10119683419258522,0.005373670066784508,0.03887547024994246,0.013147282396338571,0.011068156256959135,0.011586976081504096,0.006995910086945867
471,0.008342485108137078,0.042886897694383065,0.036971491674304885,0.023310642385854397,0.0666018353881554,0.4192150236176208,0.023310642385854397,0.0423829861560989,0.0777021412861813,0.011371045066270433,0.031080856514472524,0.0423829861560989,0.008325229423519424,0.031080856514472524,0.006958400712195342,0.0053881822536672635,0.020270123813786428,0.007948728390464437,0.024537518300899362,0.03885107064309065,0.031080856514472524
472,0.009639696029775184,0.03000488264744195,0.02682350199589616,0.024677621836224465,0.06169405459056119,0.0021781793807198026,0.019901307932439088,0.024364437905425418,0.03629062034738892,0.010636905963889859,0.03427447477253399,0.008041469599653893,0.00833703440412989,0.022033590925200415,0.04051054866135385,0.557922730954692,0.009223638968672461,0.009792707077866853,0.017137237386266994,0.02937812123360056,0.017137237386266994
473,0.00827175808141596,0.004245709024266318,0.019706247193961548,0.027917183524778868,0.030455109299758757,0.005444806878138781,0.007955158369852276,0.02680049618378771,0.029130974112812725,0.026865332880673404,0.03190535259974727,0.03526381076814172,0.007711331090642895,0.027917183524778868,0.6056883858345254,0.008678111572295852,0.014889164546548726,0.011551938010253324,0.013400248091893855,0.03526381076814172,0.020937887643584143
474,0.6093160004832228,0.02250076789915558,0.00946638861775458,0.021774936676602175,0.01569821016220157,0.006026991401559532,0.023276656447402327,0.0177637641309123,0.035527528261824606,0.008766532947722954,0.025000853221283984,0.025962424499025673,0.006896113692183843,0.03028592418562585,0.005819164111850582,0.006349730946439736,0.051583548002555775,0.004179767670678861,0.035527528261824606,0.023276656447402327,0.015000511932770385
475,0.011131357708743411,0.016369643689328545,0.029293046601956342,0.029293046601956342,0.0296351510464495,0.010119416098857645,0.01504237528208569,0.5018717502845187,0.03710452569581137,0.007356735340021241,0.020613625386561873,0.06726192305020763,0.0067874132370386656,0.025298540247144116,0.006324635061786029,0.007556499532723725,0.00326550091741399,0.09113375395172854,0.03273928737865709,0.026503232639865267,0.025298540247144116
476,0.010684939142303496,0.013362888145585838,0.024317447703173477,0.014104119667840618,0.018082204702359765,0.02130319894607514,0.035260299169601536,0.03711610438905425,0.020741352452706786,0.005245753913887572,0.01679061865219121,0.03711610438905425,0.008296540981082715,0.022037686981000962,0.0029593449878829105,0.008200069574325938,0.013059370062815386,0.007582860036473449,0.6385619681764185,0.03358123730438242,0.011595890621783869
477,0.006215369699728338,0.03681130309166674,0.006215369699728338,0.014624399293478441,0.29811394147260983,0.004603977555354324,0.06371824971724244,0.011838799428053976,0.022601344362648504,0.004361662947177781,0.014624399293478441,0.009771776707171153,0.00385449283704083,0.012749476307135051,0.005179474749773615,0.0029097448241326702,0.006138636740472433,0.004923065108695714,0.013084988841533344,0.44949272660442713,0.0081668007184509
478,0.009959920305300117,0.02404118694382787,0.025822015606333636,0.01700474198465874,0.025822015606333636,0.00893839001757703,0.01700474198465874,0.008334831405766147,0.025822015606333636,0.01920603826955464,0.6299158850140972,0.021787325667844012,0.006224950190812575,0.019919840610600235,0.012622324380572056,0.006703792513182772,0.06476657709808986,0.00480990068051824,0.017876780035154062,0.020505718275617896,0.01291100780316682
479,0.019114314344217953,0.017867561133822662,0.030358028664346167,0.023458476695176585,0.02457554701399451,0.008764461655703033,0.03686332052099176,0.039698960561068065,0.02867147151632693,0.010394077709783955,0.02867147151632693,0.017796085768754646,0.00860144145489808,0.02243854292582107,0.05521686309466326,0.009054148899892716,0.013948283440375265,0.012287773506997257,0.4645406695416646,0.039698960561068065,0.08797953947410642
480,0.0153978688704345,0.05303710388705218,0.0280784667637335,0.034095281070247827,0.019271485219645904,0.020753649347107363,0.0251228386833405,0.04339399408940632,0.04339399408940632,0.42936903296811546,0.0251228386833405,0.047733393498346946,0.009006300660065462,0.023866696749173473,0.008678798817881262,0.027699929844663268,0.014464664696468772,0.07472248315905242,0.019637901296204612,0.02651855194352608,0.010634725662787368
481,0.013656363147310425,0.047534845825869594,0.043878319223879636,0.010562858480217223,0.043878319223879636,0.5135244964880533,0.018400585480981776,0.043878319223879636,0.018400585480981776,0.009054256347784683,0.02480078912654066,0.021126598144830932,0.005538040290392575,0.025928097723201603,0.041046295884239456,0.012400394563270332,0.010186038391257769,0.015947096837200934,0.035651134369402204,0.025928097723201603,0.01867846802362416
482,0.31297331451723687,0.01740437477646578,0.010272956357437643,0.029007291294109634,0.023205833035287712,0.028016498898835087,0.010548105925130774,0.023205833035287712,0.018320394501542926,0.006693990298640685,0.02677596119456274,0.016575595025205506,0.005801458258821926,0.018320394501542926,0.006446064732024362,0.28944488196374085,0.044928122302229104,0.05255520242777758,0.020475735031136214,0.023205833035287712,0.015822158887696166
483,0.010630868705800411,0.028535489683990584,0.025817823999801003,0.036144953599721405,0.023572795825905265,0.04368057565541278,0.03388589399973882,0.039497653836787446,0.09695096274815224,0.008092153790982402,0.015490694399880602,0.022590595999825883,0.011535623489272787,0.020852857845993118,0.4882020921507835,0.007083756142633557,0.011535623489272787,0.009347832827514157,0.028535489683990584,0.023572795825905265,0.014443466298635467
484,0.014450754738404912,0.01650986977744103,0.018341342552590848,0.02073369158118965,0.4288867434328837,0.016443962288529724,0.029804681647960126,0.02649305035374233,0.03406249331195443,0.007123052077287262,0.02167613210760736,0.036682685105181696,0.012593610300719841,0.028051465080433054,0.008515623327988607,0.005754198077582531,0.028051465080433054,0.010366845790594825,0.031791660424490796,0.18293298136179462,0.02073369158118965
485,0.02423802734255984,0.026257862954439836,0.05251572590887967,0.026257862954439836,0.017849174266236566,0.01853496208548694,0.05251572590887967,0.039386794431659745,0.045013479350468275,0.28295407260635486,0.056901415515999997,0.07877358886331949,0.026257862954439836,0.07877358886331949,0.010503145181775931,0.004314667806831635,0.03150943554532779,0.04511250760551196,0.016685442467969016,0.039386794431659745,0.026257862954439836
486,0.012705159284152256,0.04799726840679741,0.025410318568304516,0.38904800982550797,0.10799385391529419,0.023848012652388235,0.025410318568304516,0.10799385391529419,0.0063425041486644095,0.01727901662644707,0.030855386832941197,0.030855386832941197,0.018781539811355507,0.022873354040746512,0.008639508313223535,0.011367774096346752,0.010535985747833577,0.02079698448351251,0.021598770783058836,0.02057025788862746,0.03909673525825799
487,0.0168821036339023,0.09561143389361325,0.04126736443842785,0.02652901999613219,0.3339412006678615,0.013755788146142619,0.037140627994585056,0.0337642072678046,0.04642578499323133,0.002855427332521023,0.030950523328820888,0.061901046657641776,0.009058689754776843,0.02652901999613219,0.011254735755934865,0.00720671373811613,0.01003800756610407,0.013430659246392855,0.05305803999226439,0.10776592338038045,0.02063368221921392
488,0.011573330761883513,0.034553907047407795,0.04483530519968774,0.2485994254173197,0.24796366624087585,0.0026270123889847435,0.015357292021070133,0.0172769535237039,0.01865170199136645,0.011057250255170495,0.0172769535237039,0.019745089741375885,0.006009375138679616,0.02513011421629658,0.00863847676185195,0.01023819468071342,0.0106319713992024,0.06973089363971702,0.030714584042140267,0.013821562818963119,0.13556693918988555
489,0.3444882258421015,0.053616906754810546,0.019721814304589587,0.027359386103328324,0.05471877220665665,0.014731977132561405,0.0116070122862605,0.02393946284041228,0.031919283787216375,0.008705259214695374,0.017410518429390752,0.013679693051664162,0.013003463701401721,0.01532125621786386,0.00598486571010307,0.1752661169259387,0.047048650281255114,0.06711855492550559,0.02015954765508403,0.015959641893608188,0.018239590735552216
490,0.017529899394967935,0.07304124747903304,0.03371134499032294,0.0273904678046374,0.011634615125761982,0.0208689278511523,0.10862447100805835,0.06189320488646327,0.024347082493011016,0.39440339626653176,0.04382474848741982,0.039840680443108935,0.002385771678239788,0.024347082493011016,0.009393312695706863,0.013280226814369644,0.015111982237041324,0.010191801973818566,0.0273904678046374,0.0208689278511523,0.01992034022155447
491,0.014329342598858612,0.02968220966906427,0.0319654565666846,0.012294686947395933,0.046172326151877746,0.37330903806785054,0.041555093536689965,0.05194386692086247,0.0346292446139083,0.014841104834532135,0.0346292446139083,0.05194386692086247,0.027703395691126648,0.027703395691126648,0.01809900378977365,0.015390775383959247,0.01731462230695415,0.02367478992354048,0.027703395691126648,0.08311018707337994,0.022004953006517378
492,0.01083662800867415,0.03612209336224717,0.025497948255703874,0.10836628008674147,0.39006963120058574,0.027091570021685375,0.012384717724199025,0.017418845216935302,0.021673256017348298,0.06100548098247026,0.039405920031542356,0.030961794310497563,0.008561563107477623,0.025497948255703874,0.009030523340561793,0.003857531765977905,0.011406976851235946,0.017418845216935302,0.048162791149662876,0.05582373506227156,0.039405920031542356
493,0.013827704649900541,0.02150976278873418,0.048396966274651905,0.055310818599602164,0.10958871808014839,0.024198483137325952,0.02978274847670886,0.05440201280733825,0.03871757301972152,0.34792920730832066,0.02884470667939055,0.04301952557746836,0.014339841859156117,0.032264644183101265,0.009218469766600361,0.059770858777055874,0.012099241568662976,0.01109877283951081,0.01935878650986076,0.016132322091550633,0.010188835005189875
494,0.02495204450850139,0.0317571475562745,0.010893233645516006,0.08733215577975485,0.021833038944938713,0.05822143718650323,0.062438343971070585,0.02495204450850139,0.02231477505369615,0.015878573778137246,0.02495204450850139,0.31423085242816357,0.011268665261903852,0.08733215577975485,0.020548742536412905,0.0028948152489244356,0.01596211158638638,0.029110718593251615,0.0317571475562745,0.014037795787777474,0.08733215577975485
495,0.010940246938239835,0.03262165353873212,0.019439119247634595,0.5590516898893295,0.04427224408827931,0.0021719843127312437,0.01549528543089776,0.02066038057453035,0.015318230499399368,0.010160842905506728,0.02694832248851784,0.02295597841614483,0.010160842905506728,0.09274444030711328,0.011269298495198372,0.00983827646406207,0.01239622834471821,0.013219894412815623,0.028173246237995928,0.028173246237995928,0.013988548264650446
496,0.012170079734411225,0.022767102911897565,0.5126978915173661,0.02628643885983021,0.019626812855084108,0.0025506615759694033,0.012935853927214526,0.0167405168469835,0.03557359829983994,0.011615868832600799,0.02995671435775995,0.010308393727491663,0.008623902618143017,0.033481033693967,0.012373425495596503,0.00918028343221676,0.012373425495596503,0.014769563360614127,0.0569177572797439,0.10347707687783333,0.03557359829983994
497,0.01226841392858626,0.05060720745541831,0.021308297875965606,0.06747627660722443,0.03680524178575877,0.019278936173492692,0.364162758683995,0.04498418440481628,0.023815156449608618,0.035374259683297875,0.026990510642889765,0.02197668891824046,0.00847534754885781,0.09313002107668772,0.05796058493337014,0.008097153192866932,0.011246046101204072,0.023815156449608618,0.03680524178575877,0.012930424099943728,0.02249209220240814
498,0.019360266851754477,0.019108642366195226,0.03644285525036136,0.03260676522400754,0.01630338261200377,0.011689217721814023,0.02294550145393123,0.014750679506098648,0.03644285525036136,0.007714631545952523,0.020650951308538106,0.019984791588907844,0.008725754074030187,0.029501359012197297,0.005133788045159328,0.008865063448001368,0.009246694615763332,0.01822142762518068,0.5582522639726964,0.025813689135672634,0.07823941939137279
499,0.008448106600236606,0.021368740224127887,0.024217905587344938,0.015794286252616266,0.024217905587344938,0.00908171459525435,0.009818069832707407,0.0028538052458810174,0.013687200361953625,0.3563214222002342,0.3274602072023812,0.011352143244067938,0.006373133049301299,0.01729850399096067,0.005273536953155798,0.010090793994727058,0.08926192020025327,0.007160980282926733,0.012973877993220502,0.012973877993220502,0.013971868608083622
500,0.10294774238967253,0.0731720488180047,0.10992729628162774,0.07827685806324988,0.0016418928379623935,0.05607934318121819,0.06327850481172675,0.05283861681248565,0.02958018994770403,0.001002111698167831,0.11900437003021677,0.05588699855166751,0.0005831021293698221,0.10316739932637824,0.02671098380729691,0.0445269456014187,0.0407239734183072,0.033724415068689464,0.0029710441829795694,0.0027244911793937914,0.0012316718624624718
501,0.010062538529743972,0.0216158235083389,0.027791773082150015,0.08969387188862725,0.02918136173625752,0.0023479088692000103,0.01716550690368089,0.03371850118176006,0.05414688164085054,0.008842836889775005,0.024317801446881265,0.030717222880271067,0.0050750194323926105,0.018826684991133876,0.5262646803679694,0.009343805817195546,0.009119175542580472,0.015358611440135532,0.02918136173625752,0.016211867631254175,0.02101676448354453
502,0.050801441178891,0.053952689876197266,0.035620911846326916,0.09324781937627002,0.003986128420864041,0.019314579366884185,0.08663492859272834,0.05749765828152434,0.05205586201154033,0.032888432145142026,0.025938793209710227,0.08538967430035109,0.041333361537424416,0.04078488343470618,0.03138273746360002,0.11790360549868284,0.06382300202410053,0.06736764980472099,0.005181966947123253,0.0033013009539631195,0.031592573729248626
503,0.05224899954710752,0.10572752211244711,0.0013832065470290311,0.018982557625261832,0.018982557625261832,0.008991737822492449,0.04917120622141287,0.01561230795036444,0.022280657878579174,0.00455581383006284,0.12809295948238783,0.3085660882688159,0.004437481003307962,0.0341686037254713,0.004951971554416131,0.0015035405395780051,0.17973812091545555,0.009491278812630918,0.010677688664209782,0.009046165298550273,0.0113895345751571
504,0.02112528509974647,0.4893685214176368,0.011678250939975187,0.01220908052815588,0.013429988580971467,0.008664508761917076,0.011191657150809557,0.015799986565848783,0.014136830085233126,0.0027184490056036395,0.011678250939975187,0.01279046531521092,0.04769004558364501,0.033574971452428666,0.004631030545162575,0.24168297050270182,0.0051768748915124434,0.005839125469987594,0.017906651441295295,0.008953325720647647,0.009753730001534745
505,0.12102074279405321,0.032885560165560795,0.029554796740785042,0.10664267466120331,0.021494397629661852,0.42549491397661154,0.015254088640405184,0.016442780082780398,0.02781627928544475,0.007388699185196258,0.029554796740785042,0.029554796740785042,0.006567732609063342,0.03377691056089719,0.0055467348564297095,0.009093783612549243,0.009272093095148247,0.008794688521632715,0.02488824988697688,0.022517940373931462,0.016437339840098802
506,0.1828519772757254,0.022015291234628552,0.05480313309985596,0.0201265182313699,0.021803728083984057,0.47146606901021615,0.01495112782901764,0.022751716261548587,0.020931578960624697,0.007071479378589422,0.029071637445312073,0.012763157902819934,0.006304692458019486,0.023785885182528062,0.007168348959118046,0.005093672615946597,0.00830618212723202,0.010153325304458501,0.015390866882812274,0.0201265182313699,0.02306309352482269
507,0.009542816656018319,0.025288464138448548,0.050576928276897096,0.00823595436651773,0.025288464138448548,0.45498486707133473,0.01806318867032039,0.03612637734064078,0.02809829348716505,0.011494756426567521,0.050576928276897096,0.02198996881604221,0.01011538565537942,0.05619658697433011,0.004700490590058438,0.009917044760175901,0.014049146743582524,0.010562343713225002,0.04597902570627009,0.021073720115373788,0.08713924807630684
508,0.003496993707147223,0.19717561220939156,0.016232068003845735,0.0243481020057686,0.020346834070905796,0.02080287206220537,0.011533311476416706,0.11611361896997258,0.016232068003845735,0.006956600573076744,0.025780343300225578,0.017530633444153395,0.006260940515769069,0.01565235128942267,0.005843544481384465,0.007688874317611137,0.03109448430018235,0.3948230871539654,0.02191329180519174,0.018261076504326446,0.02191329180519174
509,0.007949454540953428,0.035517188303516155,0.03421687038423331,0.5525144788832684,0.02110717240184186,0.005412417565556034,0.01748879999009754,0.024484319986136555,0.009076606216681158,0.006955772723334248,0.02550449998555892,0.01974541934365852,0.0067264615346529005,0.022767558494634445,0.005465249996905482,0.06603195571921312,0.007949454540953428,0.008649234648624058,0.03221621050807442,0.013911545446668502,0.07630932878543753
510,0.08823218130002473,0.014868536887224755,0.01724750278918072,0.09635685897402473,0.026949223108094864,0.3881263285903893,0.016584137297289147,0.026949223108094864,0.028745837981967854,0.005195030960596602,0.028745837981967854,0.033168274594578294,0.007839773995082145,0.014868536887224755,0.0028326640030403357,0.10693346834782905,0.007434268443612378,0.018074383693658158,0.012901775440294872,0.03919886997541072,0.018747285640413825
511,0.028437599468071468,0.0748357880738723,0.013591656926149633,0.00926703881328384,0.06755891543177664,0.003920670267158548,0.009479199822690493,0.01274217836826528,0.03412511936168577,0.18383663607311435,0.08531279840421442,0.010730255468012867,0.00308901293776128,0.13728496294931056,0.024099660566162265,0.08536622821651026,0.01974833296393852,0.016019429477567862,0.15472701110593234,0.01854626052265531,0.007281244781865874
512,0.10507629336596432,0.013069353122084584,0.02287136796364802,0.007172115888011852,0.03267338280521146,0.41373885903291435,0.012362901601971902,0.0217822552034743,0.014755721266869689,0.006353157767680005,0.017593359972036936,0.031006596272577677,0.05918640119504612,0.01386143512948365,0.0035892116026593557,0.0909782022318843,0.0071473024886400055,0.02724641043955107,0.03518671994407388,0.014294604977280011,0.05005434772893633
513,0.008811179503949263,0.003086224775822296,0.002761359009946265,0.004372151765748253,0.012068824726761067,0.000760374220130131,0.0027293889372502766,0.4615590251306549,0.0040358323991522334,0.047347912186142004,0.12010025188975176,0.001543112387911148,0.00548781392702449,0.002384810054044501,0.0008197784560777974,0.00040902164567443045,0.06114992661541576,0.2538601510845577,0.001543112387911148,0.0037475586563556454,0.001422190239718725
514,0.08723458473067158,0.05659402289485235,0.007931800265931592,0.007441428615932144,0.002758540708403943,0.006247125257819578,0.00649443877076783,0.042168095490282144,0.01297299992956198,0.0006206596529088325,0.032180914979425844,0.013692538447553358,0.15121449432118067,0.02721243284090903,0.00032574407462987855,0.11057749095756444,0.17711611400378646,0.07203716312923199,0.002528662316036948,0.17840348092042446,0.004247267692125114
515,0.022366541485003864,0.011121838756577148,0.012975478549340004,0.04448735502630861,0.016390078167587377,0.05167676093654885,0.007242127562422329,0.12084626340037112,0.2216255545290641,0.0051051063144944295,0.014155067508370919,0.010045531780134198,0.004152153135788803,0.025945188122604483,0.2816200320725442,0.033087077182550294,0.008218895804514412,0.006625776280514047,0.013539629790615659,0.08030653466520433,0.008467008929440798
516,0.0037149298292721983,0.005966402453073531,0.005625465170040758,0.0067893545155664325,0.08568996524057382,0.00428024523807449,0.004063618540727729,0.15531273264671605,0.005321385971660177,0.1784040285161197,0.4543003551690968,0.004375361798920589,0.003677348649591486,0.004802226364668939,0.0020532941412949317,0.002660692985830088,0.0027346011243253683,0.04387839376633213,0.010362698997443501,0.010938404497301475,0.005048494383369911
517,0.011300231957473721,0.023725905329006428,0.022935041818039546,0.00955936084434094,0.036213223923220336,0.622365967033941,0.02646350979004563,0.025483379797821715,0.03440256272705932,0.00860064068176483,0.022195201759393112,0.017642339860030422,0.011097600879696556,0.022935041818039546,0.0046849250970275496,0.009053305980805084,0.013491201069435032,0.01495013749123496,0.027522050181647453,0.020236801604152543,0.015141570355824462
518,0.01700431008910257,0.00369994481506595,0.016879040095911266,0.02006884321744448,0.02229871468604942,0.007718785852863261,0.04953683157492438,0.025086054021805602,0.019113184016613792,0.006473820392724025,0.021125098123625768,0.05515350495301647,0.26241666448031636,0.017451168015169112,0.006473820392724025,0.006689614405814827,0.029910145438780417,0.023144755399056274,0.013840581529272054,0.3632411550997575,0.012673963399962594
519,0.006868916415391607,0.11977672999339112,0.013380614043403113,0.009617316343695986,0.012736792918349048,0.0037530990609545315,0.005806681566005124,0.2806624284832178,0.013380614043403113,0.11261924834397641,0.044575845519639966,0.006547960063793012,0.0024620329839861728,0.006690307021701557,0.0023856908759555943,0.002545598280905955,0.002893075110412918,0.3275313094189471,0.008548725638840876,0.00932588251509914,0.007891131358930041
520,0.002915035556476437,0.008495246478874188,0.004309182996530386,0.010252883681399882,0.009010109901836259,0.002915035556476437,0.004874321750173715,0.4251182817154622,0.005126441840699941,0.269705044163925,0.16321059161513396,0.005309529049296367,0.0015603462010905264,0.006356296500846364,0.0019955276963798427,0.002608189708426286,0.002541313049235868,0.056084742690206205,0.00707937206572849,0.005126441840699941,0.0054060659411017545
521,0.057795720601128676,0.03952965664876028,0.11070246435706496,0.3091077007084108,0.008516631756223645,0.0756105858491316,0.03271419860587057,0.008516631756223645,0.003611066074275752,0.006825264457339905,0.020624168686309712,0.008784368144168952,0.0029882918442889978,0.12875287422008563,0.002349415656889281,0.02635310443250685,0.0037851696694327307,0.004104400846372841,0.020185356586601,0.07905931329752056,0.050083615801393415
522,0.04902546817286498,0.0086900297748787,0.05679618776135325,0.11795685154005552,0.005940405286464123,0.038991888998948114,0.08164054288504462,0.009864358122835279,0.07289760454686699,0.027471707030261697,0.024153170991942263,0.06347500009476616,0.0011989808835065204,0.15587503159099578,0.061946359037438066,0.097105103355984,0.10541812375635928,0.011288351061781887,0.005214017864927219,0.002042014317222043,0.003008802925503752
523,0.0016390959210547597,0.02502019796045955,0.0063222271240683595,0.0046584831440503694,0.00987639393176035,0.002603269992263442,0.0025288908496273435,0.3119915990576485,0.0032144011736992568,0.2404890684724313,0.07962048723166024,0.002950372657898568,0.0010058088606472388,0.002158809261877001,0.0011801490631594268,0.001321062384133687,0.0008698436761725218,0.29217056796953256,0.005206539984526884,0.0031611135620341797,0.0020116177212944775
524,0.05304038602777841,0.014254127726131374,0.18657052853960376,0.0183115618429235,0.015679540498744513,0.006817191521193264,0.1393316861084038,0.029776527524003053,0.017796154273321745,0.0027507965787271073,0.059928747849567816,0.14132394023042283,0.0027507965787271073,0.03955297358071476,0.0028508255452262747,0.15605343467119887,0.054629550034648144,0.009799712811715319,0.036623123685847,0.007546764812647012,0.004611629558454268
525,0.02122752583900565,0.03612312293945291,0.03287987041547726,0.07932921116115148,0.06374668754021101,0.0262308597462975,0.09863961124643178,0.012013798805655156,0.058072990125362996,0.05916901191664015,0.035435658662058486,0.04703809025465124,0.0008300704300007196,0.05471918080705008,0.05740908268690232,0.061508362856012834,0.09904058527588884,0.016925844622745687,0.031282629072153,0.10518203444134815,0.0031957711555027704
526,0.028640944260727573,0.10976655294203497,0.0020581228676631548,0.05889316390463429,0.1112301069812621,0.006050974108597776,0.0455953373759222,0.16887161991082295,0.09513101254976361,0.03856662670936363,0.01568093613457642,0.01280609784323741,0.0007425087894007184,0.02085564505898664,0.04624830763957739,0.04323872784741879,0.05190708965654017,0.05566910910188109,0.02195331058840699,0.06256693517695991,0.0035268705522222745
527,0.037195660769383014,0.09937986308160073,0.03105620721300023,0.1739147603928013,0.011594317359520087,0.04197942492240031,0.05034374642949511,0.006523562502643449,0.008853406253587538,0.032259255779069816,0.008263179170015034,0.1556079435093485,0.1116759581300031,0.06822187972987277,0.033718167831257397,0.047458576364088345,0.03221516683946396,0.007905216381490969,0.008263179170015034,0.027668257335218396,0.005902270835725024
528,0.03653779708613452,0.02024357315815509,0.02988336990013371,0.013471297128256702,0.02614794866261699,0.5661810592695484,0.027284815995774255,0.03302898778435831,0.02614794866261699,0.010287717506603409,0.04183671786018719,0.03691475105310634,0.006972786310031198,0.03486393155015599,0.004268617235643119,0.008715982887539,0.012068283998130919,0.009462914755580174,0.02324262103343733,0.016960831564940753,0.015478046597049745
529,0.0373934400170684,0.05609016002560262,0.018580963478748456,0.005109947091946947,0.01786631103725813,0.4193850491005136,0.01858988160848544,0.016018071964438326,0.02444863615624797,0.003203614392887665,0.025806893720483972,0.05740992849679327,0.003970291341612918,0.016018071964438326,0.0035862091644881253,0.16433838638429138,0.023920803540330528,0.005087195493208111,0.015484136232290379,0.013662473146138571,0.05402953564272707
530,0.08564377764585047,0.03364576978944125,0.00918642537217447,0.0036767091276757014,0.08972205277184332,0.004486393786410786,0.06417691106643472,0.00918642537217447,0.17430470956141877,0.06299633492491127,0.047936861420630854,0.09159386003012278,0.0048065385413487505,0.05295439429279841,0.05849852091404879,0.0645998779957272,0.022851070883930676,0.009747672855374595,0.00838760577459408,0.09532968107008351,0.006268406803005245
531,0.00961293262356325,0.019731809069419307,0.013885347122924694,0.028838797870689752,0.018745218615948342,0.008718706332999229,0.01209368942964409,0.342272277471155,0.018745218615948342,0.0724522083535032,0.33859234199736515,0.02677888373706906,0.004119828267241394,0.01562101551329028,0.014664395043381663,0.006145973316704374,0.006490826145232347,0.002588000240397082,0.01209368942964409,0.014419398935344874,0.01338944186853453
532,0.013774691732723344,0.10372396865717125,0.03554118998025954,0.03148500967479622,0.11420017900501382,0.00773316027100258,0.005763373280039423,0.044079013544714704,0.04897668171634966,0.009378513520152065,0.044079013544714704,0.03554118998025954,0.005247501612466036,0.02754938346544669,0.007599829921502536,0.007903568844406416,0.00881580270894294,0.012964415748445502,0.02448834085817483,0.39718048937393946,0.013974682559478696
533,0.5981850379586852,0.01786885850699676,0.01739862538839158,0.02522883376586772,0.022038258825296,0.05258421142845951,0.011399099392394483,0.018889936135968,0.012243477125164446,0.0066782602500896964,0.01695250678868923,0.01944552249290824,0.0037565213906754543,0.022038258825296,0.005749110997903305,0.03872682374347058,0.034981231454253206,0.00604388072017315,0.02754782353162001,0.02279819878478897,0.01944552249290824
534,0.007592936327180262,0.04126901670804384,0.4840071001609186,0.021003512859254822,0.021459888688182792,0.07547619121012908,0.012193118572831133,0.019160614900163207,0.04877247429132453,0.006311731967112586,0.017306361845308704,0.11419850231661466,0.005259776639260488,0.015779329917781467,0.006096559286415566,0.009259931504833552,0.010519553278520975,0.014499924789312698,0.01849990404153689,0.036833645905961276,0.014499924789312698
535,0.005406770255500622,0.02741316789491491,0.5453841689784193,0.02350533015954137,0.01587078141284547,0.08698503087212645,0.015283292216260923,0.022336655321782518,0.02871855684229181,0.0062174195225580195,0.02741316789491491,0.008671506696800859,0.0038413356285868024,0.02412358774752512,0.00735475236205034,0.005244258205983721,0.008041195915841706,0.02570110559649702,0.020102989789604273,0.06616363565603524,0.026221291029918613
536,0.13347022122372407,0.032821964383787955,0.016410982191893977,0.023248891438516474,0.032821964383787955,0.012681213511918074,0.016410982191893977,0.007881169290369775,0.019927621233014118,0.007246407721096043,0.025362427023836148,0.01881424729163526,0.003539161174181334,0.013949334863109883,0.005524489054696983,0.007643471157868429,0.5036238887667159,0.01014497080953446,0.0697466743155494,0.016410982191893977,0.022318935780975817
537,0.4760711700269716,0.011715585473315835,0.02246228261517005,0.015975798372703413,0.01757337820997375,0.005174436702095919,0.015505921949976843,0.0351467564199475,0.02636006731496063,0.005730449416295788,0.031011843899953685,0.015975798372703413,0.004749561678371285,0.017006495041910086,0.005793421387903434,0.0035947856901053185,0.09334626087859658,0.13391344840331448,0.02636006731496063,0.017006495041910086,0.01952597578885972
538,0.6797505242428934,0.001880006091278759,0.0134685510983301,0.005156504550772165,0.0023572592232101327,0.14886410294359206,0.0019412723014671678,0.002844968028012228,0.003928765372016888,0.001085579905425719,0.003928765372016888,0.0031133612382020608,0.000714320976730343,0.003367513176014474,0.09868725031106834,0.016379718728542783,0.0011957112001790525,0.0011731409145423171,0.005689936056024457,0.0023572592232101327,0.002115489046470632
539,0.013574448916748872,0.012947062637240036,0.05012104215414966,0.025060521077074835,0.02832928469582372,0.008980947092918816,0.009872326484908269,0.0224680533794464,0.031027311809711695,0.0051441511161317635,0.02171911826679819,0.0296169794547248,0.005665856939164745,0.01447941217786546,0.0736346119998052,0.007160760531542203,0.006858668926357324,0.011043619457693995,0.5906980480151387,0.02832928469582372,0.003268490170931682
540,0.00539969096669249,0.021252940616808425,0.6357989232781046,0.030644554149922346,0.02697488616748762,0.00220216610249162,0.007550579783219965,0.019481862232074394,0.03187941092521264,0.006206610976590072,0.03187941092521264,0.007674234327244177,0.003652849168513949,0.02805388161418713,0.008877810637400991,0.005045662160825022,0.004974092484784951,0.009893941645942832,0.07013470403546783,0.015446901634328766,0.02697488616748762
541,0.0024823769888482317,0.021478174334330344,0.016108630750747758,0.0751736101701562,0.020501893682769876,0.010739087167165172,0.012886904600598206,0.027818332281319132,0.022552083051046858,0.007274865500337696,0.04100378736553975,0.014656786463953724,0.004309983208726423,0.22552083051046856,0.0061786528906977705,0.005251583907951024,0.4074427476061964,0.011001016122461882,0.02373903479057564,0.01734775619311297,0.026531862412996307
