site,A,C,D,E,F,G,H,I,K,L,M,N,P,Q,R,S,T,V,W,Y,*
451,0.00969,0.53808,0.02199,0.02132,0.03697,0.02276,0.02912,0.06930,0.04346,0.00877,0.02901,0.04602,0.00880,0.02236,0.00281,0.00921,0.01676,0.01051,0.01025,0.01021,0.03261
452,0.01367,0.01535,0.02288,0.03588,0.01763,0.00547,0.01715,0.26191,0.01853,0.00341,0.03034,0.02412,0.00677,0.01544,0.00375,0.00507,0.00738,0.45079,0.01285,0.02255,0.00903
453,0.01280,0.00531,0.01586,0.01917,0.02019,0.00610,0.00487,0.03379,0.03815,0.00837,0.03345,0.02794,0.01400,0.03323,0.00964,0.00731,0.02495,0.00965,0.01772,0.64534,0.01217
454,0.00913,0.01980,0.08987,0.02260,0.02234,0.00639,0.06738,0.08658,0.01788,0.00705,0.02668,0.49148,0.00803,0.02405,0.00643,0.00321,0.02871,0.00768,0.01946,0.01721,0.01805
455,0.01031,0.02691,0.02945,0.02122,0.01989,0.00657,0.02931,0.10973,0.02866,0.00545,0.52547,0.03526,0.01104,0.03252,0.00562,0.00826,0.01290,0.00265,0.01479,0.04195,0.02205
456,0.01770,0.01946,0.02379,0.02451,0.03796,0.00720,0.03209,0.07613,0.04478,0.01062,0.54087,0.03377,0.01080,0.02311,0.01160,0.01169,0.00400,0.00735,0.01929,0.02911,0.01416
457,0.00953,0.01589,0.02328,0.03752,0.02168,0.59044,0.02564,0.02627,0.03447,0.00685,0.02430,0.03246,0.00886,0.03300,0.00462,0.00784,0.01109,0.02856,0.01208,0.03068,0.01493
458,0.00827,0.01393,0.02411,0.00684,0.01361,0.00682,0.01635,0.01970,0.65004,0.00536,0.01839,0.03176,0.00700,0.06370,0.02583,0.00563,0.00927,0.00746,0.01300,0.01839,0.03456
459,0.00871,0.02029,0.02434,0.01737,0.02125,0.00132,0.01947,0.07512,0.05377,0.00604,0.01655,0.03463,0.00774,0.02170,0.59944,0.00501,0.01081,0.00722,0.01000,0.02094,0.01829
460,0.01224,0.01888,0.05338,0.44637,0.02059,0.00177,0.02065,0.01976,0.16361,0.00630,0.01649,0.02013,0.00908,0.01875,0.00562,0.00651,0.01071,0.00526,0.01255,0.02019,0.11117
461,0.00946,0.01476,0.02567,0.00369,0.01328,0.00879,0.01664,0.01676,0.65435,0.00513,0.01872,0.09979,0.00798,0.01311,0.02842,0.00591,0.01484,0.00683,0.01123,0.01662,0.00803
462,0.00987,0.01546,0.02640,0.00448,0.01799,0.00980,0.01892,0.01994,0.58863,0.00520,0.01049,0.04622,0.00854,0.01699,0.12773,0.00516,0.02212,0.00881,0.01067,0.01632,0.01026
463,0.06496,0.00758,0.00857,0.08517,0.00352,0.00141,0.01745,0.08742,0.00574,0.10690,0.26225,0.00401,0.10731,0.08237,0.00512,0.01359,0.03704,0.06243,0.00444,0.02668,0.00608
464,0.05005,0.02485,0.02111,0.01030,0.03079,0.56448,0.03031,0.02489,0.02248,0.00676,0.02520,0.02674,0.01214,0.02979,0.02314,0.00982,0.01258,0.01205,0.01530,0.03259,0.01461
465,0.01213,0.07275,0.02234,0.48915,0.04365,0.00167,0.03410,0.04116,0.04993,0.01000,0.02745,0.04119,0.01384,0.02106,0.00888,0.01198,0.02014,0.00896,0.02732,0.02791,0.01440
466,0.01002,0.03000,0.01574,0.02163,0.56191,0.00673,0.01652,0.01564,0.02661,0.06687,0.02545,0.02003,0.00835,0.03092,0.00644,0.00469,0.01142,0.00806,0.07976,0.01453,0.01870
467,0.01261,0.02958,0.03685,0.04604,0.03177,0.49824,0.03061,0.03403,0.03076,0.00783,0.02201,0.03377,0.01523,0.03184,0.00499,0.01001,0.01990,0.01317,0.00970,0.06307,0.01798
468,0.00769,0.01630,0.01803,0.00241,0.01649,0.00520,0.04018,0.04216,0.27565,0.01156,0.01768,0.01256,0.00557,0.08436,0.16842,0.05546,0.11856,0.05744,0.01145,0.02281,0.01003
469,0.59467,0.01594,0.01879,0.06499,0.01602,0.00524,0.01545,0.02914,0.02685,0.00676,0.02059,0.02650,0.00826,0.02371,0.00716,0.02302,0.00617,0.04351,0.01149,0.01522,0.02052
470,0.00889,0.01769,0.01230,0.01331,0.01293,0.00771,0.01368,0.01576,0.61580,0.00371,0.00972,0.01508,0.00593,0.01070,0.17065,0.00447,0.02557,0.00784,0.00906,0.01146,0.00773
471,0.00864,0.05648,0.10169,0.02317,0.04315,0.40004,0.02369,0.03446,0.07027,0.00997,0.04016,0.03770,0.00809,0.02461,0.00691,0.01688,0.01324,0.00872,0.01938,0.03015,0.02260
472,0.01007,0.04608,0.02272,0.01991,0.04650,0.00214,0.02118,0.03268,0.02774,0.00945,0.02726,0.03772,0.00808,0.02270,0.03189,0.54875,0.01295,0.00901,0.01655,0.03008,0.01653
473,0.00799,0.00407,0.02366,0.02415,0.03203,0.00469,0.00800,0.03053,0.02798,0.01714,0.02978,0.03082,0.00685,0.02790,0.61337,0.01717,0.01253,0.01056,0.01426,0.03385,0.02267
474,0.58936,0.05870,0.02041,0.01928,0.01442,0.00892,0.01775,0.02133,0.02944,0.00727,0.02603,0.02013,0.00613,0.03354,0.00639,0.01886,0.03367,0.00397,0.02668,0.02118,0.01655
475,0.01077,0.01948,0.02405,0.02653,0.02742,0.00942,0.01923,0.57054,0.03462,0.00658,0.02230,0.04580,0.00779,0.03073,0.00724,0.00984,0.00925,0.03303,0.03382,0.02454,0.02701
476,0.01126,0.02437,0.02031,0.01646,0.02186,0.01974,0.02496,0.03890,0.02171,0.02767,0.01597,0.03921,0.00781,0.01876,0.00308,0.00651,0.01088,0.00721,0.62788,0.02897,0.00649
477,0.00572,0.02498,0.00648,0.01053,0.33843,0.00413,0.02426,0.01166,0.02118,0.00396,0.01608,0.01705,0.00411,0.01691,0.00513,0.00356,0.00606,0.00449,0.01236,0.45143,0.01148
478,0.00891,0.02024,0.02478,0.01806,0.02568,0.00966,0.01504,0.00840,0.02163,0.01052,0.65692,0.02060,0.00621,0.01778,0.00775,0.00684,0.06327,0.00454,0.01505,0.02031,0.01780
479,0.01517,0.03021,0.03153,0.02521,0.02648,0.01691,0.02808,0.03684,0.02565,0.01342,0.02552,0.02443,0.00908,0.03018,0.03736,0.00714,0.01279,0.01284,0.45836,0.03722,0.09558
480,0.01622,0.05235,0.02972,0.03498,0.03617,0.01532,0.02392,0.04205,0.02851,0.47366,0.02519,0.03054,0.00869,0.02281,0.01146,0.01192,0.01313,0.05764,0.02544,0.02717,0.01312
481,0.01564,0.04690,0.03527,0.03545,0.04460,0.48782,0.02232,0.03315,0.01969,0.01116,0.02493,0.02125,0.00537,0.02702,0.02002,0.01097,0.01027,0.03528,0.03421,0.02804,0.03064
482,0.35672,0.03337,0.01098,0.02477,0.02147,0.01691,0.01824,0.02666,0.02776,0.00712,0.02416,0.02001,0.00559,0.02251,0.00745,0.25283,0.03536,0.01999,0.02607,0.02232,0.01970
483,0.01019,0.02668,0.03009,0.02968,0.02492,0.02737,0.02175,0.09948,0.09523,0.00804,0.01537,0.01883,0.00974,0.02129,0.46228,0.01735,0.01473,0.01071,0.02200,0.02307,0.01121
484,0.01367,0.01743,0.02410,0.02219,0.44518,0.01294,0.02627,0.02444,0.03275,0.00694,0.02574,0.03228,0.01269,0.04020,0.00767,0.02371,0.01770,0.01145,0.02483,0.15942,0.01842
485,0.01802,0.03514,0.03917,0.03529,0.02257,0.01529,0.04310,0.11254,0.04266,0.27946,0.03701,0.05527,0.02377,0.04681,0.01048,0.00470,0.02852,0.02584,0.01931,0.08752,0.01752
486,0.01447,0.04245,0.02513,0.38106,0.07586,0.00984,0.03460,0.06018,0.06596,0.01868,0.02231,0.03250,0.01758,0.02483,0.00884,0.01081,0.01228,0.01394,0.02003,0.04542,0.06322
487,0.01663,0.05984,0.03519,0.04369,0.36465,0.02131,0.02927,0.03497,0.03827,0.01328,0.03754,0.04708,0.01216,0.03411,0.01573,0.00616,0.01624,0.01442,0.03385,0.08659,0.03902
488,0.01022,0.03873,0.03180,0.22112,0.10888,0.01354,0.01926,0.02724,0.02659,0.00997,0.02064,0.01286,0.01090,0.02067,0.00824,0.00892,0.00859,0.03254,0.03304,0.02482,0.31143
489,0.34660,0.09672,0.03188,0.02611,0.04351,0.01330,0.01304,0.02241,0.02889,0.00873,0.02187,0.01825,0.00898,0.01637,0.00623,0.12677,0.04088,0.06747,0.02343,0.02378,0.01480
490,0.01369,0.05083,0.03611,0.03321,0.01003,0.01457,0.08540,0.10253,0.02939,0.38461,0.04671,0.03323,0.00220,0.02369,0.00810,0.01149,0.01272,0.01391,0.04476,0.02313,0.01968
491,0.01300,0.06162,0.03715,0.01069,0.05767,0.33475,0.03782,0.05245,0.03504,0.01278,0.02922,0.03178,0.01951,0.03102,0.00866,0.01228,0.01426,0.08321,0.03118,0.05340,0.03251
492,0.01286,0.05305,0.03411,0.06758,0.41872,0.02768,0.01469,0.03122,0.04319,0.04589,0.04800,0.02989,0.00645,0.02173,0.00923,0.00397,0.00936,0.01712,0.03855,0.03476,0.03191
493,0.01741,0.02741,0.03412,0.03492,0.23153,0.01884,0.02453,0.05496,0.03089,0.32309,0.01995,0.03125,0.01087,0.01883,0.00974,0.02284,0.01248,0.02639,0.01817,0.01986,0.01194
494,0.01705,0.04421,0.00543,0.08882,0.02807,0.03517,0.04295,0.02775,0.02938,0.01242,0.03925,0.28496,0.00942,0.09098,0.01790,0.00292,0.01086,0.03276,0.05228,0.04989,0.07753
495,0.01081,0.02356,0.01384,0.48000,0.03180,0.00688,0.01912,0.02308,0.00974,0.00777,0.02483,0.01599,0.00934,0.15612,0.00843,0.00849,0.00981,0.03582,0.02384,0.02564,0.05509
496,0.01256,0.03950,0.48834,0.04416,0.02715,0.00232,0.01779,0.01988,0.03688,0.01101,0.04530,0.01290,0.00807,0.04255,0.01100,0.01046,0.01295,0.01874,0.03624,0.06896,0.03324
497,0.01268,0.04102,0.02685,0.06153,0.03714,0.01700,0.36726,0.02855,0.03566,0.02370,0.02068,0.09950,0.00693,0.08877,0.03444,0.00839,0.00943,0.01976,0.03177,0.00643,0.02252
498,0.01850,0.02960,0.02924,0.03071,0.01907,0.01075,0.02557,0.01899,0.03100,0.00784,0.01868,0.02499,0.00965,0.02522,0.00822,0.00801,0.00907,0.01609,0.56002,0.02203,0.07677
499,0.00819,0.01939,0.01954,0.01383,0.01943,0.00812,0.00984,0.00331,0.01715,0.43321,0.31435,0.01006,0.00560,0.01375,0.00805,0.00774,0.04180,0.00699,0.01521,0.01284,0.01161
500,0.10690,0.10317,0.05651,0.08752,0.00213,0.05683,0.05742,0.03669,0.07428,0.00481,0.06442,0.05522,0.00074,0.08439,0.02777,0.06688,0.05949,0.04375,0.00243,0.00251,0.00615
501,0.01044,0.01907,0.02661,0.06151,0.02201,0.00241,0.01636,0.06458,0.07537,0.00697,0.02173,0.02440,0.00519,0.02196,0.52508,0.00688,0.00946,0.01665,0.02643,0.01778,0.01910
502,0.06258,0.04748,0.06469,0.08925,0.00876,0.03322,0.07783,0.05179,0.03186,0.03548,0.01948,0.07433,0.03313,0.09976,0.02695,0.08714,0.06399,0.05105,0.00601,0.00844,0.02679
503,0.05483,0.07746,0.00629,0.01812,0.01590,0.01185,0.03311,0.03563,0.01600,0.00396,0.11545,0.27808,0.00409,0.02326,0.00496,0.01439,0.18855,0.03891,0.01632,0.03168,0.01118
504,0.01446,0.46351,0.01772,0.01430,0.01343,0.00761,0.01119,0.01500,0.01287,0.00338,0.02129,0.01167,0.02540,0.02081,0.00535,0.27552,0.00907,0.00666,0.02006,0.01060,0.02009
505,0.11086,0.03855,0.02817,0.04244,0.02272,0.42677,0.01237,0.01764,0.02908,0.03188,0.06995,0.02339,0.00577,0.02737,0.00500,0.00810,0.00870,0.00890,0.02269,0.02468,0.03497
506,0.17238,0.02541,0.03202,0.02480,0.02365,0.49097,0.01805,0.02323,0.01930,0.00777,0.02344,0.01604,0.00675,0.02314,0.00683,0.00481,0.00982,0.00915,0.01939,0.02034,0.02270
507,0.01142,0.02861,0.03466,0.00796,0.02575,0.46256,0.02160,0.03279,0.03641,0.01262,0.03880,0.02066,0.01055,0.03825,0.00429,0.00881,0.01173,0.01125,0.03522,0.02115,0.12492
508,0.01931,0.21057,0.01646,0.02561,0.01708,0.01389,0.01195,0.04226,0.02198,0.00736,0.02747,0.01925,0.00688,0.01621,0.00677,0.00665,0.02825,0.43799,0.02434,0.02007,0.01965
509,0.00924,0.07276,0.01977,0.57675,0.02202,0.00594,0.01289,0.02340,0.00926,0.00730,0.02823,0.01791,0.00621,0.02004,0.00614,0.03536,0.00795,0.00961,0.02807,0.01488,0.06626
510,0.09852,0.02196,0.02102,0.06748,0.02807,0.39009,0.01449,0.02311,0.03014,0.00559,0.02463,0.02267,0.00674,0.01460,0.01249,0.11259,0.00793,0.02531,0.02813,0.02627,0.01817
511,0.02406,0.08308,0.01590,0.00976,0.06542,0.00347,0.00989,0.00884,0.04629,0.16545,0.07359,0.02530,0.00321,0.14669,0.02701,0.07725,0.02943,0.00786,0.11114,0.05695,0.00940
512,0.10226,0.01455,0.01822,0.01219,0.02277,0.38726,0.01097,0.02195,0.01254,0.00567,0.01835,0.01789,0.08252,0.02409,0.00517,0.08660,0.00633,0.05894,0.02003,0.01333,0.05836
513,0.00476,0.00335,0.00349,0.00402,0.01279,0.00107,0.01350,0.38161,0.00331,0.05443,0.06588,0.00205,0.00492,0.00931,0.00083,0.00052,0.06181,0.36459,0.00183,0.00273,0.00321
514,0.11039,0.08020,0.01024,0.01701,0.00331,0.00499,0.00939,0.02039,0.00724,0.00137,0.02171,0.03723,0.20302,0.03107,0.00037,0.13816,0.13500,0.05639,0.00241,0.10689,0.00322
515,0.01583,0.03605,0.01546,0.02868,0.01784,0.02927,0.00825,0.09156,0.28276,0.00538,0.01461,0.00929,0.00460,0.02100,0.29377,0.03003,0.00758,0.00728,0.01322,0.05866,0.00886
516,0.00422,0.01171,0.00875,0.00782,0.06441,0.00448,0.00596,0.12499,0.00806,0.25616,0.40950,0.00635,0.00226,0.00597,0.00486,0.00360,0.00356,0.03426,0.01309,0.01222,0.00778
517,0.01281,0.02679,0.02273,0.00937,0.03005,0.59927,0.02165,0.02753,0.02696,0.00729,0.02099,0.02264,0.01229,0.02037,0.00501,0.00823,0.01336,0.05003,0.02839,0.02147,0.01277
518,0.01650,0.01885,0.04037,0.02111,0.04970,0.01048,0.01921,0.02267,0.01411,0.00513,0.01710,0.08756,0.24802,0.01464,0.00486,0.01243,0.01845,0.01405,0.04324,0.30451,0.01700
519,0.01758,0.16845,0.01109,0.01008,0.01370,0.00373,0.00705,0.26241,0.00918,0.09673,0.03420,0.00661,0.00251,0.00617,0.00222,0.00253,0.00717,0.31325,0.00710,0.01083,0.00739
520,0.00273,0.00707,0.00417,0.00846,0.00903,0.00276,0.00453,0.42858,0.00445,0.24090,0.19996,0.00398,0.00462,0.00576,0.00352,0.00220,0.00222,0.05003,0.00644,0.00440,0.00420
521,0.05330,0.07997,0.08279,0.32154,0.00988,0.02689,0.03417,0.00894,0.00523,0.01055,0.03613,0.00831,0.00322,0.15309,0.00789,0.02858,0.00347,0.00462,0.01638,0.06553,0.03951
522,0.05603,0.01747,0.09058,0.12076,0.00584,0.05428,0.05645,0.01319,0.09081,0.02278,0.03278,0.06031,0.00120,0.11679,0.06519,0.07649,0.08332,0.01548,0.00415,0.00421,0.01188
523,0.00225,0.01219,0.00506,0.00516,0.00599,0.00225,0.00247,0.30064,0.00372,0.23161,0.08271,0.00314,0.00112,0.00318,0.00130,0.00135,0.00096,0.32438,0.00499,0.00333,0.00221
524,0.07628,0.02528,0.12245,0.02869,0.01980,0.00851,0.07435,0.01519,0.02256,0.00324,0.07042,0.17174,0.00322,0.07959,0.00328,0.15893,0.06067,0.01069,0.02257,0.01440,0.00816
525,0.03279,0.08282,0.04268,0.07674,0.04246,0.03661,0.06022,0.01479,0.06637,0.06070,0.05433,0.06980,0.00141,0.05951,0.05639,0.05608,0.06232,0.01822,0.02621,0.07675,0.00281
526,0.03370,0.09281,0.00398,0.05859,0.09032,0.00985,0.05608,0.15777,0.08340,0.04395,0.02214,0.02103,0.00071,0.03049,0.03817,0.04275,0.05484,0.06351,0.03477,0.05882,0.00233
527,0.05227,0.12972,0.07599,0.08450,0.03154,0.03832,0.09012,0.00685,0.02372,0.02119,0.01522,0.09072,0.10398,0.05579,0.02687,0.05191,0.05427,0.00752,0.00928,0.02367,0.00655
528,0.01983,0.02120,0.02581,0.01107,0.02876,0.58570,0.02372,0.02878,0.03031,0.00851,0.03579,0.03118,0.00863,0.02688,0.01567,0.00826,0.01259,0.01123,0.02489,0.01944,0.02175
529,0.10962,0.02922,0.01531,0.01251,0.01478,0.42013,0.02667,0.01523,0.02267,0.00361,0.01584,0.05850,0.00391,0.01397,0.00313,0.10317,0.01633,0.00838,0.01334,0.01562,0.07806
530,0.07560,0.05422,0.00978,0.00322,0.07132,0.00385,0.11176,0.00791,0.16839,0.07626,0.05216,0.07797,0.00807,0.03844,0.07676,0.03947,0.01606,0.00572,0.00906,0.08894,0.00506
531,0.00841,0.02239,0.01750,0.02493,0.02429,0.00757,0.01361,0.29325,0.02074,0.11269,0.34311,0.02264,0.00435,0.01325,0.01007,0.00664,0.00762,0.00243,0.01740,0.01439,0.01272
532,0.01243,0.06819,0.03505,0.03443,0.08449,0.01027,0.02501,0.03559,0.04753,0.00994,0.03238,0.02795,0.00628,0.03795,0.00776,0.00721,0.01007,0.01575,0.02707,0.45099,0.01365
533,0.63969,0.02003,0.02254,0.03053,0.02035,0.02646,0.01216,0.01962,0.01913,0.00654,0.02615,0.01960,0.00569,0.01925,0.00614,0.01884,0.01770,0.00648,0.02257,0.01938,0.02116
534,0.01099,0.03865,0.58755,0.02136,0.01978,0.03064,0.01613,0.02047,0.03390,0.00637,0.02359,0.04386,0.00662,0.02435,0.00798,0.00789,0.01080,0.01892,0.02317,0.02849,0.01851
535,0.00512,0.02321,0.55679,0.01962,0.02354,0.04010,0.01183,0.02052,0.02685,0.00705,0.02724,0.00779,0.00425,0.02561,0.00734,0.00486,0.00671,0.02752,0.02275,0.10711,0.02419
536,0.04676,0.03552,0.02120,0.02543,0.03111,0.01467,0.01367,0.00918,0.02527,0.00713,0.02066,0.01913,0.01560,0.02045,0.00572,0.01610,0.56610,0.01141,0.05241,0.01821,0.02427
537,0.52616,0.01416,0.02517,0.01894,0.02412,0.00601,0.01524,0.02887,0.03029,0.00667,0.02717,0.02189,0.00538,0.02103,0.00615,0.00435,0.04544,0.10427,0.02334,0.02213,0.02320
538,0.66494,0.00205,0.00994,0.00435,0.00342,0.16420,0.00203,0.00386,0.00589,0.00125,0.00441,0.00287,0.00091,0.00366,0.10002,0.01198,0.00139,0.00135,0.00481,0.00303,0.00365
539,0.01115,0.01621,0.03518,0.02557,0.02431,0.00987,0.01269,0.02650,0.02648,0.00507,0.02198,0.02530,0.00507,0.01523,0.04144,0.00631,0.00772,0.01258,0.62151,0.02419,0.02564
540,0.00763,0.01996,0.62794,0.02352,0.02222,0.00248,0.00707,0.02036,0.04418,0.00615,0.03868,0.02870,0.00329,0.02880,0.00848,0.00514,0.00518,0.00909,0.04516,0.01556,0.03044
541,0.00273,0.02493,0.02801,0.04377,0.02660,0.01045,0.01288,0.01294,0.03329,0.00711,0.03550,0.01838,0.00342,0.18218,0.00709,0.00590,0.45135,0.01190,0.03312,0.01808,0.03039
542,0.00620,0.00383,0.01483,0.02067,0.01846,0.00541,0.00350,0.02179,0.24207,0.01059,0.02234,0.01564,0.00287,0.01843,0.49957,0.03015,0.00620,0.00891,0.01856,0.01438,0.01559
543,0.00996,0.02346,0.02455,0.02945,0.02161,0.00979,0.01436,0.35889,0.02256,0.00538,0.06674,0.01303,0.00977,0.01794,0.00491,0.01352,0.00511,0.28962,0.01759,0.02154,0.02022
544,0.00464,0.02308,0.00804,0.01028,0.01031,0.00280,0.15441,0.00869,0.00762,0.00263,0.01084,0.10786,0.00195,0.00891,0.00360,0.25963,0.34611,0.00430,0.00851,0.00692,0.00888
545,0.05027,0.05262,0.00399,0.00734,0.01221,0.00453,0.02012,0.09113,0.16786,0.01688,0.03426,0.01982,0.00089,0.08563,0.20596,0.09348,0.06082,0.05550,0.00397,0.01070,0.00203
546,0.06285,0.06794,0.02485,0.00861,0.22512,0.00292,0.08847,0.03381,0.00394,0.00082,0.01923,0.01223,0.00164,0.00462,0.00193,0.01255,0.01425,0.03017,0.19991,0.18106,0.00306
547,0.01510,0.01542,0.69694,0.01766,0.02171,0.04410,0.00760,0.01309,0.01318,0.00599,0.01487,0.03857,0.00381,0.01558,0.00470,0.00408,0.00425,0.00859,0.02171,0.01956,0.01351
548,0.00600,0.01433,0.00966,0.01966,0.01539,0.00739,0.00676,0.01153,0.01013,0.68950,0.04580,0.00730,0.00797,0.09126,0.00487,0.00373,0.00343,0.00705,0.01663,0.01090,0.01072
549,0.04370,0.05084,0.17148,0.13498,0.01477,0.00776,0.06145,0.06280,0.00393,0.03154,0.08020,0.05236,0.00083,0.10293,0.02153,0.02751,0.01760,0.06861,0.00748,0.02748,0.01025
550,0.00911,0.07878,0.02637,0.02812,0.02585,0.01513,0.10359,0.02205,0.02603,0.00686,0.02382,0.51217,0.00371,0.01814,0.00589,0.00381,0.00607,0.01648,0.02596,0.02130,0.02078
551,0.00591,0.01490,0.06838,0.66428,0.02443,0.00298,0.00880,0.01582,0.01501,0.00522,0.02009,0.00993,0.00321,0.01857,0.00538,0.00474,0.00417,0.05229,0.02602,0.01307,0.01681
552,0.25953,0.07880,0.01407,0.01235,0.00706,0.01867,0.00392,0.00836,0.01250,0.00404,0.08353,0.00690,0.00442,0.17122,0.00254,0.27358,0.00757,0.00889,0.01009,0.00568,0.00629
553,0.04509,0.00748,0.00829,0.03564,0.01096,0.08356,0.00601,0.20650,0.09734,0.19893,0.15040,0.00799,0.01581,0.03304,0.03226,0.00662,0.00454,0.00873,0.00880,0.02675,0.00524
554,0.00483,0.07617,0.01303,0.02032,0.03805,0.00639,0.00578,0.38200,0.01542,0.03475,0.02231,0.01609,0.00281,0.01258,0.00396,0.00658,0.01276,0.29328,0.01155,0.00891,0.01241
555,0.02890,0.24236,0.00640,0.00627,0.00756,0.00409,0.00303,0.05109,0.00737,0.09748,0.09690,0.00319,0.00094,0.00624,0.00177,0.03112,0.19548,0.19469,0.00712,0.00435,0.00367
556,0.02022,0.00118,0.11343,0.13632,0.01381,0.06632,0.06992,0.00173,0.06528,0.02626,0.06452,0.08977,0.00030,0.11657,0.07377,0.03658,0.05647,0.01048,0.01929,0.01654,0.00124
557,0.03423,0.01098,0.05024,0.07621,0.13949,0.00109,0.09793,0.00883,0.00269,0.12989,0.10513,0.00255,0.00042,0.15795,0.00050,0.03170,0.00171,0.00146,0.05700,0.08118,0.00883
558,0.00528,0.01460,0.01371,0.01508,0.01176,0.00736,0.00624,0.00531,0.02093,0.01979,0.72970,0.01072,0.00245,0.00729,0.00438,0.00342,0.03341,0.05580,0.01569,0.00875,0.00835
559,0.08345,0.07485,0.10865,0.08735,0.00214,0.05350,0.06389,0.00630,0.05330,0.01739,0.03403,0.07648,0.02052,0.07019,0.02079,0.10261,0.08897,0.02828,0.00147,0.00514,0.00071
560,0.07462,0.03263,0.07810,0.06110,0.01953,0.01583,0.05804,0.04888,0.03642,0.03313,0.03140,0.05498,0.09598,0.07685,0.04141,0.07082,0.05803,0.05673,0.01250,0.04170,0.00130
561,0.03252,0.04489,0.03464,0.03114,0.06453,0.03455,0.09197,0.03668,0.05677,0.03880,0.03897,0.06102,0.04264,0.05215,0.07937,0.04527,0.04877,0.03783,0.03554,0.09154,0.00041
562,0.00640,0.01335,0.01244,0.03255,0.01627,0.00734,0.59177,0.01126,0.02360,0.00614,0.02369,0.01546,0.00312,0.15864,0.01286,0.00342,0.00369,0.00893,0.02246,0.00657,0.02006
563,0.31220,0.01736,0.00702,0.00664,0.00532,0.00170,0.00279,0.00316,0.23497,0.00217,0.00789,0.00356,0.00123,0.09488,0.25547,0.02159,0.00172,0.00291,0.00686,0.00431,0.00626
