site,A,C,D,E,F,G,H,I,K,L,M,N,P,Q,R,S,T,V,W,Y,*
451,0.01111,0.49967,0.02521,0.02447,0.02412,0.00624,0.03348,0.07930,0.05011,0.01007,0.03319,0.05273,0.01011,0.02568,0.01843,0.01006,0.01920,0.01205,0.01820,0.02030,0.01626
452,0.07068,0.01812,0.02802,0.01603,0.02129,0.00606,0.02046,0.22659,0.02251,0.00428,0.00752,0.02896,0.00829,0.01861,0.00453,0.00612,0.00895,0.42965,0.01559,0.02693,0.01082
453,0.01352,0.00877,0.05083,0.02021,0.02123,0.00644,0.04630,0.03592,0.04035,0.00885,0.03521,0.02340,0.01484,0.03505,0.00898,0.00834,0.02637,0.01022,0.01868,0.55200,0.01449
454,0.01211,0.02838,0.00683,0.03260,0.03200,0.00911,0.03445,0.05116,0.02720,0.01007,0.03851,0.51963,0.01151,0.03438,0.00913,0.00988,0.04113,0.01097,0.02771,0.02743,0.02584
455,0.01250,0.03263,0.03593,0.02579,0.02422,0.00796,0.03536,0.02476,0.04650,0.01457,0.50649,0.04695,0.01338,0.03947,0.00717,0.01003,0.01771,0.00322,0.01794,0.05059,0.02681
456,0.01473,0.02357,0.02996,0.03111,0.04735,0.00906,0.04035,0.01051,0.06862,0.00994,0.50451,0.04274,0.01351,0.02902,0.00849,0.01192,0.01873,0.00678,0.02459,0.03657,0.01792
457,0.01128,0.01882,0.02734,0.05082,0.02572,0.52426,0.03039,0.03115,0.03849,0.00813,0.02868,0.03826,0.01051,0.03908,0.01624,0.00929,0.01311,0.01199,0.01423,0.03591,0.01632
458,0.00957,0.01598,0.02789,0.06601,0.01580,0.00788,0.01881,0.05306,0.57639,0.00615,0.02092,0.02335,0.00805,0.02406,0.00922,0.00734,0.01060,0.00857,0.01505,0.02103,0.05427
459,0.00987,0.02362,0.02752,0.01968,0.02357,0.03151,0.02208,0.06003,0.05752,0.00687,0.01841,0.03856,0.00875,0.02412,0.53701,0.01161,0.01368,0.00826,0.01120,0.02355,0.02259
460,0.01797,0.02447,0.03349,0.46111,0.02589,0.01819,0.02607,0.02539,0.10182,0.00796,0.02091,0.02550,0.01157,0.02369,0.00721,0.00832,0.01373,0.01423,0.01593,0.02587,0.09070
461,0.01193,0.01852,0.03169,0.00464,0.01679,0.00828,0.02058,0.02118,0.66190,0.00635,0.01581,0.02405,0.00989,0.02056,0.01293,0.00736,0.04843,0.00848,0.01391,0.02114,0.01558
462,0.01214,0.01885,0.03281,0.00545,0.02152,0.01405,0.02319,0.02440,0.58496,0.00628,0.01602,0.01964,0.01064,0.05312,0.08749,0.00633,0.00929,0.01080,0.01279,0.02019,0.01004
463,0.04655,0.01075,0.00824,0.06593,0.00728,0.00165,0.01869,0.07873,0.01317,0.12373,0.25388,0.00775,0.13380,0.07967,0.00058,0.00859,0.02742,0.06540,0.00389,0.04095,0.00335
464,0.08707,0.02685,0.02302,0.00870,0.03367,0.49796,0.03246,0.02715,0.02434,0.00744,0.02754,0.02895,0.01312,0.03204,0.01658,0.01058,0.01380,0.00854,0.01680,0.03455,0.02885
465,0.01041,0.08556,0.02569,0.45762,0.05088,0.00193,0.03978,0.04777,0.01150,0.01155,0.03156,0.04765,0.01576,0.02409,0.01023,0.01384,0.02316,0.01033,0.03179,0.03240,0.01652
466,0.01190,0.02590,0.01865,0.02549,0.54623,0.00792,0.01961,0.01842,0.03158,0.00425,0.03020,0.02390,0.00994,0.03701,0.00765,0.00556,0.01349,0.01253,0.10996,0.01740,0.02240
467,0.01023,0.03208,0.03985,0.03403,0.03463,0.44037,0.03338,0.03684,0.03377,0.00853,0.02378,0.03658,0.01664,0.03479,0.02537,0.01093,0.02181,0.00620,0.03086,0.06976,0.01959
468,0.00399,0.00956,0.01027,0.00138,0.01090,0.00272,0.05262,0.12231,0.13218,0.04523,0.01948,0.00673,0.00326,0.01474,0.13024,0.06329,0.11013,0.16099,0.00652,0.08771,0.00574
469,0.59997,0.01974,0.02365,0.02273,0.01980,0.00650,0.01924,0.03564,0.03369,0.00834,0.02523,0.03333,0.00959,0.02933,0.00891,0.01752,0.02183,0.00553,0.01435,0.01903,0.02607
470,0.00930,0.01876,0.01283,0.04051,0.01379,0.00540,0.01451,0.01527,0.52491,0.00448,0.01397,0.00880,0.00617,0.01922,0.16281,0.00467,0.05306,0.02850,0.00944,0.01209,0.02152
471,0.01045,0.02802,0.05141,0.02763,0.04908,0.39451,0.02916,0.04075,0.08204,0.01205,0.04929,0.04626,0.01017,0.03001,0.00885,0.01816,0.01536,0.01067,0.02324,0.03564,0.02724
472,0.01252,0.01362,0.02837,0.02479,0.05588,0.00747,0.02581,0.03927,0.03397,0.01160,0.03324,0.01304,0.01003,0.02753,0.00494,0.54819,0.02066,0.01112,0.02002,0.03706,0.02086
473,0.00848,0.07414,0.02517,0.02566,0.03420,0.00508,0.00843,0.03257,0.02954,0.00840,0.03160,0.03256,0.01017,0.02796,0.52692,0.01956,0.01331,0.01123,0.01517,0.03578,0.02408
474,0.37893,0.16449,0.00763,0.01527,0.01139,0.00457,0.01404,0.02111,0.02324,0.00922,0.02063,0.01596,0.00485,0.23084,0.00505,0.00487,0.01381,0.00314,0.02115,0.01674,0.01308
475,0.01365,0.02122,0.02623,0.02885,0.02931,0.01026,0.02112,0.50301,0.03756,0.00717,0.02421,0.07453,0.00851,0.03361,0.00789,0.00857,0.04693,0.00434,0.03687,0.02688,0.02929
476,0.01296,0.03627,0.02307,0.01901,0.02525,0.00529,0.02805,0.04481,0.02504,0.00972,0.01829,0.04487,0.00892,0.02139,0.00743,0.00738,0.01235,0.00824,0.58149,0.03306,0.02712
477,0.00653,0.00884,0.00738,0.01201,0.34151,0.00472,0.05729,0.01326,0.02401,0.00453,0.01822,0.01209,0.00469,0.01942,0.00584,0.00359,0.00693,0.00511,0.01412,0.41765,0.01226
478,0.01036,0.02354,0.02864,0.02088,0.02964,0.01118,0.01741,0.00970,0.02508,0.00850,0.61878,0.02396,0.00721,0.02068,0.02057,0.00791,0.02834,0.02619,0.01746,0.02346,0.02049
479,0.01885,0.02101,0.03920,0.03157,0.03317,0.01025,0.03481,0.04550,0.03198,0.01083,0.03170,0.03069,0.01139,0.03853,0.00422,0.00886,0.01596,0.01610,0.46870,0.04583,0.05084
480,0.01636,0.05239,0.02988,0.03498,0.02703,0.01544,0.02410,0.03963,0.02870,0.38527,0.05523,0.03088,0.00874,0.02280,0.01152,0.06413,0.01321,0.03036,0.06233,0.02702,0.02003
481,0.01529,0.04854,0.03757,0.10126,0.04903,0.41059,0.02414,0.03395,0.02022,0.01196,0.02645,0.02165,0.00565,0.02773,0.01829,0.01130,0.01085,0.01388,0.03576,0.02939,0.04649
482,0.29196,0.03315,0.01104,0.02516,0.02167,0.00883,0.01817,0.02658,0.02727,0.00716,0.02444,0.01997,0.00562,0.02255,0.00749,0.36025,0.01658,0.00361,0.02611,0.02266,0.01973
483,0.01333,0.03487,0.04026,0.03849,0.03251,0.01140,0.02789,0.03318,0.04129,0.01054,0.02013,0.02451,0.01273,0.02793,0.49464,0.00900,0.01439,0.01414,0.02848,0.03030,0.03999
484,0.01560,0.02048,0.02840,0.02521,0.41386,0.01473,0.03030,0.02746,0.03745,0.06313,0.02960,0.03633,0.01339,0.04945,0.00888,0.00645,0.02007,0.01767,0.02805,0.09230,0.02120
485,0.01941,0.03828,0.04240,0.03794,0.02441,0.01649,0.04651,0.10062,0.04595,0.24649,0.03980,0.06021,0.02406,0.05062,0.01138,0.01271,0.03087,0.01612,0.02083,0.09318,0.02172
486,0.02134,0.04946,0.05263,0.35895,0.08421,0.03845,0.03894,0.06717,0.00917,0.02139,0.02503,0.03655,0.02034,0.02857,0.01019,0.01241,0.01430,0.01582,0.02263,0.05530,0.01716
487,0.01691,0.05932,0.03578,0.04447,0.30096,0.02195,0.02966,0.04117,0.03865,0.05535,0.03855,0.04706,0.01253,0.03477,0.01608,0.06505,0.01667,0.01576,0.03386,0.03505,0.04039
488,0.02090,0.05959,0.02885,0.27048,0.13281,0.00740,0.02889,0.04212,0.08502,0.01488,0.03415,0.01851,0.01672,0.03144,0.01261,0.01341,0.01217,0.02223,0.04856,0.04130,0.05794
489,0.37587,0.08349,0.03582,0.03473,0.05822,0.01782,0.01754,0.02972,0.03896,0.01183,0.02962,0.02442,0.00899,0.02192,0.00842,0.06518,0.04383,0.00919,0.03189,0.03303,0.01953
490,0.01370,0.05027,0.03724,0.03458,0.03579,0.01442,0.01709,0.15691,0.03057,0.31854,0.04173,0.03340,0.02855,0.02420,0.03369,0.01162,0.01286,0.01332,0.04761,0.02383,0.02008
491,0.01443,0.06815,0.04149,0.01179,0.06543,0.30368,0.04243,0.05874,0.03931,0.01426,0.03260,0.03486,0.02164,0.03448,0.02190,0.01365,0.01583,0.01493,0.03539,0.05906,0.05593
492,0.01489,0.04037,0.03985,0.07820,0.39443,0.03243,0.01706,0.03622,0.05019,0.01651,0.05508,0.03435,0.00652,0.02524,0.01066,0.00461,0.01080,0.02408,0.04480,0.02668,0.03702
493,0.02686,0.04212,0.04979,0.04983,0.03985,0.02772,0.03642,0.03819,0.04575,0.39294,0.02897,0.04544,0.01590,0.02663,0.01477,0.00744,0.01893,0.01738,0.02672,0.03026,0.01809
494,0.01829,0.04825,0.00909,0.09601,0.03069,0.03549,0.01477,0.02634,0.02111,0.01340,0.04330,0.25318,0.01019,0.09934,0.01942,0.03874,0.02301,0.03593,0.05715,0.02179,0.08450
495,0.03812,0.02836,0.01669,0.47920,0.03851,0.00281,0.02399,0.02839,0.01989,0.00937,0.03126,0.01944,0.01185,0.11959,0.01038,0.01203,0.01217,0.01781,0.02984,0.03174,0.01858
496,0.01290,0.04196,0.41248,0.05014,0.02801,0.00242,0.01333,0.02052,0.03799,0.01166,0.04671,0.09597,0.00837,0.04248,0.01149,0.01102,0.01343,0.01971,0.03817,0.04735,0.03387
497,0.01533,0.04987,0.03356,0.07676,0.04498,0.03662,0.36464,0.03415,0.06632,0.00823,0.02492,0.02396,0.01252,0.02772,0.06361,0.01038,0.01137,0.02428,0.03893,0.00419,0.02765
498,0.02152,0.05615,0.03413,0.03614,0.02250,0.01256,0.02973,0.02238,0.03675,0.00870,0.02198,0.02898,0.01134,0.02992,0.01293,0.00928,0.01074,0.01878,0.53942,0.02594,0.01011
499,0.00906,0.02147,0.02199,0.01545,0.02166,0.00905,0.01101,0.01491,0.01560,0.46431,0.28304,0.01117,0.00630,0.01564,0.00498,0.00862,0.00513,0.01637,0.01691,0.01451,0.01281
500,0.12665,0.10505,0.04685,0.08159,0.00176,0.03903,0.07166,0.01252,0.06852,0.00118,0.05188,0.06092,0.00072,0.08962,0.03683,0.07921,0.06225,0.05784,0.00208,0.00201,0.00184
501,0.01287,0.02384,0.03342,0.02446,0.02702,0.00299,0.02004,0.05144,0.01963,0.00856,0.02687,0.03011,0.00644,0.02755,0.52664,0.02043,0.01178,0.02087,0.03306,0.02216,0.04980
502,0.07259,0.04080,0.15150,0.10676,0.00705,0.03346,0.05567,0.02289,0.01148,0.02862,0.03005,0.05439,0.03468,0.08216,0.02078,0.09781,0.06363,0.05670,0.00689,0.01695,0.00511
503,0.01373,0.08075,0.00196,0.02756,0.01968,0.01447,0.01449,0.02534,0.01917,0.00601,0.03033,0.34324,0.00622,0.03459,0.00759,0.01611,0.23732,0.02879,0.02537,0.03003,0.01724
504,0.01077,0.39911,0.02207,0.01831,0.01723,0.00990,0.01437,0.01948,0.01668,0.02405,0.02619,0.01508,0.01033,0.02804,0.00678,0.28558,0.00801,0.00846,0.02563,0.01344,0.02048
505,0.10239,0.04467,0.03576,0.01173,0.02912,0.44470,0.01581,0.02061,0.03730,0.00867,0.03905,0.03009,0.00740,0.03516,0.00732,0.01037,0.01112,0.02269,0.02890,0.03134,0.02582
506,0.26132,0.02003,0.01424,0.02423,0.02305,0.38910,0.01758,0.02268,0.01878,0.00758,0.02293,0.01559,0.00658,0.02259,0.00666,0.04992,0.00959,0.00893,0.01890,0.01977,0.01994
507,0.01349,0.03207,0.03825,0.04461,0.02881,0.42213,0.02430,0.03646,0.04088,0.01413,0.04294,0.02302,0.01181,0.04213,0.03657,0.00982,0.01305,0.03532,0.03896,0.02368,0.02757
508,0.00984,0.11689,0.02414,0.03351,0.03503,0.01330,0.01554,0.00718,0.02851,0.01314,0.03629,0.02588,0.00906,0.02158,0.00902,0.00868,0.04248,0.46531,0.03196,0.02688,0.02577
509,0.01094,0.07823,0.02579,0.44489,0.02119,0.14772,0.01207,0.02216,0.03623,0.00700,0.02678,0.01594,0.00586,0.01877,0.00587,0.03334,0.00759,0.02413,0.02679,0.01432,0.01440
510,0.01224,0.02792,0.02861,0.08562,0.03803,0.43348,0.01984,0.03122,0.03102,0.00782,0.03450,0.03025,0.00911,0.01980,0.03317,0.05761,0.01089,0.01024,0.01849,0.03509,0.02506
511,0.02802,0.10771,0.01260,0.01372,0.09042,0.00483,0.02084,0.02961,0.02016,0.18392,0.13572,0.04153,0.00412,0.11538,0.00461,0.04307,0.02645,0.00828,0.03977,0.06017,0.00905
512,0.06630,0.02049,0.02360,0.01608,0.03005,0.42770,0.01378,0.03132,0.01721,0.00781,0.02540,0.01826,0.07376,0.01989,0.03217,0.08348,0.00867,0.02279,0.02563,0.01872,0.01686
513,0.00202,0.00539,0.00571,0.00641,0.01528,0.00162,0.00293,0.53150,0.00517,0.06757,0.02483,0.00317,0.00106,0.00437,0.00130,0.00551,0.00790,0.29594,0.00556,0.00436,0.00240
514,0.11334,0.11577,0.01071,0.01555,0.00593,0.00230,0.01478,0.00930,0.01531,0.00124,0.01396,0.04456,0.21736,0.04447,0.00067,0.13249,0.12403,0.05033,0.00431,0.06285,0.00073
515,0.01896,0.04372,0.02020,0.03743,0.02193,0.00320,0.01077,0.02116,0.27578,0.00703,0.01774,0.01213,0.00600,0.03079,0.30880,0.02626,0.01268,0.00950,0.01724,0.05099,0.04770
516,0.00442,0.01183,0.00894,0.00812,0.01197,0.00468,0.04077,0.10259,0.00825,0.21236,0.44738,0.00658,0.03265,0.00616,0.00313,0.00372,0.00370,0.04845,0.01350,0.01284,0.00794
517,0.01520,0.03196,0.02693,0.01231,0.03539,0.57097,0.02544,0.03241,0.03142,0.00858,0.02475,0.02713,0.01456,0.02414,0.00592,0.00970,0.01581,0.01269,0.03382,0.02545,0.01542
518,0.01546,0.06586,0.02492,0.03905,0.06826,0.01221,0.00770,0.03580,0.02554,0.00939,0.03116,0.03430,0.04581,0.02697,0.00885,0.01161,0.01220,0.01450,0.03406,0.45694,0.01940
519,0.00675,0.10802,0.01739,0.01483,0.02207,0.00587,0.01133,0.32766,0.01412,0.10095,0.01382,0.01758,0.00398,0.00977,0.00351,0.00606,0.00391,0.27654,0.01108,0.01309,0.01166
520,0.00381,0.00982,0.00574,0.01093,0.01237,0.00381,0.00640,0.51333,0.00613,0.26817,0.10518,0.00552,0.00213,0.00908,0.00258,0.00305,0.00307,0.00819,0.00888,0.00604,0.00576
521,0.02473,0.08658,0.02821,0.42481,0.01567,0.06699,0.01077,0.01445,0.00736,0.00515,0.06819,0.01210,0.00513,0.15376,0.00383,0.00582,0.00574,0.00989,0.01178,0.02478,0.01427
522,0.06842,0.01593,0.08613,0.15258,0.00644,0.08619,0.04157,0.01386,0.06532,0.00657,0.02751,0.06711,0.00188,0.14461,0.03576,0.08539,0.06622,0.00679,0.00575,0.00374,0.01222
523,0.00218,0.00435,0.00444,0.00455,0.00371,0.00196,0.00217,0.35159,0.00236,0.23521,0.05755,0.00272,0.00109,0.00274,0.00119,0.00118,0.00098,0.31073,0.00443,0.00293,0.00193
524,0.05778,0.03340,0.11274,0.04505,0.01994,0.00889,0.07639,0.01141,0.01514,0.00420,0.02959,0.17910,0.00418,0.09695,0.00427,0.17757,0.03257,0.01408,0.02365,0.04264,0.01044
525,0.04791,0.06286,0.02731,0.05887,0.04385,0.04621,0.04923,0.01530,0.08924,0.06947,0.07166,0.05016,0.00125,0.06747,0.06911,0.05987,0.07132,0.01046,0.01337,0.07077,0.00431
526,0.03087,0.06172,0.00169,0.03269,0.07808,0.00503,0.05281,0.18759,0.05503,0.05614,0.03882,0.02915,0.00046,0.04016,0.03477,0.03754,0.05865,0.04919,0.06341,0.08347,0.00273
527,0.06378,0.07844,0.07063,0.08903,0.01771,0.02526,0.10644,0.00991,0.01901,0.01624,0.01769,0.08600,0.12982,0.06120,0.02336,0.06982,0.03927,0.00883,0.01351,0.04380,0.01025
528,0.01313,0.02319,0.02820,0.02776,0.03149,0.52080,0.02591,0.03147,0.03315,0.00931,0.03906,0.03409,0.00943,0.02938,0.03894,0.00904,0.01377,0.01039,0.02721,0.02124,0.02304
529,0.01558,0.02222,0.02427,0.08181,0.02354,0.54497,0.01745,0.02424,0.03625,0.00581,0.02495,0.02365,0.00625,0.02232,0.00500,0.02793,0.01097,0.00935,0.02137,0.02498,0.02708
530,0.05478,0.09802,0.00778,0.00253,0.02482,0.00305,0.10846,0.00621,0.10828,0.15607,0.14825,0.07164,0.00136,0.03533,0.06616,0.03235,0.00192,0.00281,0.00662,0.05795,0.00561
531,0.01155,0.03084,0.02415,0.03433,0.03215,0.01044,0.01872,0.14351,0.02894,0.12837,0.37952,0.03157,0.00592,0.01839,0.00619,0.00913,0.01954,0.00787,0.02154,0.01980,0.01753
532,0.01405,0.00475,0.05554,0.03948,0.07466,0.01192,0.07993,0.03945,0.05348,0.01141,0.03699,0.02515,0.00724,0.04279,0.00884,0.00826,0.01149,0.01811,0.02887,0.41154,0.01602
533,0.50821,0.01959,0.02181,0.02489,0.02019,0.02160,0.01190,0.01910,0.01862,0.00645,0.02568,0.01929,0.00422,0.01901,0.00605,0.16634,0.00359,0.02103,0.02229,0.01927,0.02088
534,0.01237,0.04181,0.50503,0.01930,0.02147,0.10086,0.01588,0.02201,0.03745,0.00687,0.02470,0.04464,0.00704,0.02553,0.00843,0.00747,0.01159,0.02011,0.02485,0.02297,0.01964
535,0.02412,0.02810,0.54818,0.02371,0.02880,0.00258,0.01261,0.02499,0.03264,0.00862,0.03301,0.08274,0.00517,0.03107,0.00893,0.00590,0.00812,0.01936,0.02789,0.01423,0.02923
536,0.00358,0.03890,0.02303,0.02783,0.03430,0.01601,0.01519,0.09113,0.02746,0.00784,0.02299,0.02816,0.00434,0.02211,0.00628,0.01075,0.50251,0.01247,0.05864,0.01992,0.02655
537,0.51733,0.01708,0.01532,0.02288,0.02897,0.00726,0.01855,0.03548,0.03651,0.00806,0.03325,0.02622,0.00748,0.02538,0.00746,0.00525,0.05772,0.04661,0.02851,0.02663,0.02805
538,0.77008,0.00283,0.00121,0.00417,0.00316,0.12490,0.00193,0.00364,0.00551,0.00118,0.00415,0.00273,0.00085,0.00348,0.04936,0.00446,0.00130,0.00416,0.00459,0.00286,0.00343
539,0.01339,0.01966,0.04189,0.03084,0.02929,0.02481,0.01539,0.03209,0.03195,0.00613,0.02657,0.03042,0.00612,0.01840,0.00286,0.00640,0.00935,0.01528,0.60598,0.02911,0.00408
540,0.00586,0.02207,0.55860,0.02551,0.02434,0.04128,0.00783,0.02219,0.04887,0.00681,0.04250,0.00743,0.00364,0.03142,0.00930,0.00572,0.00577,0.02724,0.04939,0.02047,0.03375
541,0.02826,0.02672,0.03047,0.04663,0.02878,0.01124,0.01383,0.00583,0.03578,0.00764,0.03832,0.01322,0.00312,0.19690,0.00761,0.01099,0.39423,0.01281,0.03574,0.01937,0.03252
542,0.00626,0.02178,0.01505,0.02060,0.01860,0.00464,0.00489,0.02183,0.33465,0.00704,0.02202,0.01562,0.00288,0.01842,0.41600,0.00520,0.00618,0.00908,0.01879,0.01482,0.01565
543,0.01210,0.02650,0.02680,0.03250,0.05067,0.01090,0.01681,0.32701,0.02578,0.00652,0.06324,0.02623,0.01094,0.02046,0.00550,0.01266,0.04643,0.21318,0.01967,0.02375,0.02236
544,0.00460,0.01508,0.01052,0.01340,0.01343,0.02029,0.11652,0.02119,0.00995,0.00344,0.01300,0.00433,0.00254,0.01160,0.00271,0.27203,0.42805,0.00563,0.01111,0.00905,0.01153
545,0.02601,0.01941,0.00501,0.00514,0.00742,0.00307,0.01510,0.14499,0.17070,0.01390,0.06202,0.00373,0.00112,0.05111,0.26692,0.11426,0.05702,0.02103,0.00499,0.00435,0.00270
546,0.02420,0.03038,0.00874,0.00664,0.28073,0.00442,0.05954,0.00546,0.00603,0.03539,0.00819,0.00494,0.00144,0.00544,0.00273,0.00616,0.00543,0.01298,0.25755,0.22892,0.00468
547,0.00841,0.01956,0.70632,0.01547,0.02766,0.00679,0.00958,0.01631,0.01649,0.00756,0.01863,0.01377,0.00480,0.01983,0.00592,0.00515,0.00535,0.01235,0.02738,0.03569,0.01697
548,0.00761,0.01817,0.01234,0.02491,0.01959,0.00937,0.00859,0.01454,0.01298,0.71461,0.01656,0.00931,0.01133,0.04841,0.00480,0.00474,0.00436,0.00900,0.02124,0.01386,0.01368
549,0.05067,0.03794,0.20542,0.17334,0.01387,0.04351,0.06517,0.03621,0.00734,0.00988,0.06688,0.02484,0.00125,0.14832,0.02217,0.02470,0.00717,0.01927,0.01672,0.02028,0.00504
550,0.01249,0.04001,0.02744,0.03794,0.03507,0.01565,0.01386,0.03013,0.02489,0.00937,0.03047,0.56024,0.00500,0.02404,0.00813,0.00662,0.00822,0.02291,0.03508,0.02401,0.02843
551,0.01117,0.01860,0.01498,0.66782,0.03101,0.00470,0.01089,0.01964,0.01117,0.00648,0.02503,0.01230,0.00402,0.02295,0.00668,0.00589,0.00518,0.05242,0.03225,0.01598,0.02085
552,0.39381,0.02534,0.01215,0.03475,0.01300,0.01313,0.00726,0.01521,0.01966,0.00436,0.05708,0.01284,0.00340,0.09432,0.00468,0.21234,0.02260,0.01270,0.01925,0.01051,0.01159
553,0.02787,0.00903,0.01067,0.01732,0.01154,0.05919,0.00890,0.12067,0.18765,0.20852,0.17597,0.01027,0.02069,0.07504,0.01236,0.00322,0.00381,0.00955,0.01128,0.00975,0.00671
554,0.00620,0.01486,0.01685,0.02621,0.01517,0.00831,0.00736,0.40191,0.01982,0.01996,0.01140,0.01255,0.00358,0.01640,0.00506,0.00461,0.00381,0.36348,0.01522,0.01153,0.01571
555,0.03857,0.28826,0.00781,0.00774,0.00924,0.00347,0.00374,0.05649,0.00908,0.07561,0.05373,0.00395,0.00127,0.00772,0.00217,0.02193,0.19630,0.19427,0.00872,0.00540,0.00453
556,0.02515,0.00165,0.11045,0.15201,0.01537,0.04387,0.07679,0.00147,0.09329,0.02036,0.05225,0.10095,0.00039,0.10268,0.07676,0.03574,0.05831,0.00164,0.00728,0.02223,0.00136
557,0.01090,0.00453,0.02004,0.03165,0.13003,0.00205,0.08129,0.00282,0.00441,0.10903,0.10856,0.00220,0.00127,0.24086,0.00554,0.01327,0.00128,0.00183,0.04398,0.16232,0.02215
558,0.00590,0.01731,0.01633,0.01798,0.01404,0.00873,0.00739,0.05355,0.01644,0.01141,0.70677,0.01272,0.00291,0.00867,0.01110,0.00406,0.00393,0.04170,0.01867,0.01038,0.01000
559,0.08089,0.04532,0.12452,0.12032,0.00208,0.03510,0.04597,0.00385,0.06067,0.01948,0.03634,0.08663,0.01275,0.07336,0.03198,0.10590,0.08963,0.01896,0.00251,0.00255,0.00121
560,0.05878,0.02357,0.09434,0.07304,0.01132,0.02197,0.07588,0.04036,0.03852,0.04159,0.03451,0.04138,0.08843,0.08427,0.04923,0.07656,0.05623,0.03470,0.01907,0.03389,0.00239
561,0.05201,0.03947,0.03292,0.02484,0.07406,0.05187,0.09052,0.02384,0.04870,0.04244,0.04628,0.05962,0.03148,0.04415,0.04649,0.05663,0.03949,0.02736,0.05729,0.10976,0.00076
562,0.00827,0.01724,0.01615,0.04180,0.02095,0.00946,0.61851,0.01458,0.03050,0.00329,0.03072,0.01732,0.00177,0.06779,0.01751,0.00444,0.00478,0.01156,0.02903,0.00855,0.02579
563,0.13906,0.01396,0.01032,0.00877,0.00783,0.05010,0.00410,0.00465,0.31682,0.00320,0.00842,0.00524,0.00181,0.07616,0.30426,0.00874,0.00253,0.00428,0.01010,0.00634,0.01329
