site,A,C,D,E,F,G,H,I,K,L,M,N,P,Q,R,S,T,V,W,Y,*
451,0.01040,0.51887,0.02360,0.02289,0.03055,0.01450,0.03130,0.07430,0.04679,0.00942,0.03110,0.04938,0.00946,0.02402,0.01062,0.00963,0.01798,0.01128,0.01422,0.01526,0.02443
452,0.04217,0.01674,0.02545,0.02596,0.01946,0.00577,0.01881,0.24425,0.02052,0.00384,0.01893,0.02654,0.00753,0.01702,0.00414,0.00560,0.00817,0.44022,0.01422,0.02474,0.00992
453,0.01316,0.00704,0.03334,0.01969,0.02071,0.00627,0.02558,0.03485,0.03925,0.00861,0.03433,0.02567,0.01442,0.03414,0.00931,0.00783,0.02566,0.00993,0.01820,0.59867,0.01333
454,0.01062,0.02409,0.04835,0.02760,0.02717,0.00775,0.05091,0.06887,0.02254,0.00856,0.03260,0.50555,0.00977,0.02921,0.00778,0.00654,0.03492,0.00932,0.02358,0.02232,0.02194
455,0.01141,0.02977,0.03269,0.02350,0.02206,0.00726,0.03233,0.06724,0.03758,0.01001,0.51598,0.04110,0.01221,0.03600,0.00639,0.00915,0.01531,0.00294,0.01636,0.04627,0.02443
456,0.01622,0.02152,0.02688,0.02781,0.04265,0.00813,0.03622,0.04332,0.05670,0.01028,0.52269,0.03826,0.01216,0.02607,0.01005,0.01180,0.01137,0.00706,0.02194,0.03284,0.01604
457,0.01041,0.01735,0.02531,0.04417,0.02370,0.55735,0.02802,0.02871,0.03648,0.00749,0.02649,0.03536,0.00968,0.03604,0.01043,0.00856,0.01210,0.02027,0.01315,0.03329,0.01562
458,0.00892,0.01495,0.02600,0.03643,0.01470,0.00735,0.01758,0.03638,0.61321,0.00576,0.01965,0.02755,0.00753,0.04388,0.01752,0.00648,0.00993,0.00801,0.01403,0.01971,0.04442
459,0.00929,0.02195,0.02593,0.01853,0.02241,0.01642,0.02077,0.06758,0.05564,0.00645,0.01748,0.03659,0.00824,0.02291,0.56823,0.00831,0.01224,0.00774,0.01060,0.02225,0.02044
460,0.01510,0.02167,0.04344,0.45374,0.02324,0.00998,0.02336,0.02257,0.13272,0.00713,0.01870,0.02281,0.01033,0.02122,0.00642,0.00742,0.01222,0.00975,0.01424,0.02303,0.10094
461,0.01069,0.01664,0.02868,0.00416,0.01503,0.00854,0.01861,0.01897,0.65813,0.00574,0.01726,0.06192,0.00893,0.01683,0.02067,0.00664,0.03164,0.00766,0.01257,0.01888,0.01181
462,0.01100,0.01715,0.02960,0.00496,0.01975,0.01193,0.02106,0.02217,0.58680,0.00574,0.01326,0.03293,0.00959,0.03506,0.10761,0.00575,0.01570,0.00981,0.01173,0.01825,0.01015
463,0.05575,0.00917,0.00840,0.07555,0.00540,0.00153,0.01807,0.08307,0.00945,0.11532,0.25806,0.00588,0.12055,0.08102,0.00285,0.01109,0.03223,0.06391,0.00417,0.03382,0.00471
464,0.06856,0.02585,0.02207,0.00950,0.03223,0.53122,0.03138,0.02602,0.02341,0.00710,0.02637,0.02784,0.01263,0.03092,0.01986,0.01020,0.01319,0.01030,0.01605,0.03357,0.02173
465,0.01127,0.07916,0.02402,0.47338,0.04727,0.00180,0.03694,0.04446,0.03071,0.01077,0.02950,0.04442,0.01480,0.02257,0.00956,0.01291,0.02165,0.00964,0.02955,0.03015,0.01546
466,0.01096,0.02795,0.01719,0.02356,0.55407,0.00733,0.01807,0.01703,0.02909,0.03556,0.02783,0.02196,0.00914,0.03396,0.00705,0.00513,0.01245,0.01029,0.09486,0.01597,0.02055
467,0.01142,0.03083,0.03835,0.04003,0.03320,0.46931,0.03199,0.03543,0.03227,0.00818,0.02290,0.03518,0.01594,0.03331,0.01518,0.01047,0.02085,0.00968,0.02028,0.06641,0.01878
468,0.00584,0.01293,0.01415,0.00189,0.01370,0.00396,0.04640,0.08223,0.20391,0.02839,0.01858,0.00965,0.00441,0.04955,0.14933,0.05937,0.11435,0.10921,0.00899,0.05526,0.00789
469,0.59732,0.01784,0.02122,0.04386,0.01791,0.00587,0.01735,0.03239,0.03027,0.00755,0.02291,0.02991,0.00893,0.02652,0.00804,0.02027,0.01400,0.02452,0.01292,0.01712,0.02329
470,0.00909,0.01822,0.01257,0.02691,0.01336,0.00656,0.01409,0.01551,0.57036,0.00409,0.01184,0.01194,0.00605,0.01496,0.16673,0.00457,0.03932,0.01817,0.00925,0.01178,0.01462
471,0.00955,0.04225,0.07655,0.02540,0.04611,0.39727,0.02642,0.03761,0.07615,0.01101,0.04473,0.04198,0.00913,0.02731,0.00788,0.01752,0.01430,0.00970,0.02131,0.03289,0.02492
472,0.01129,0.02985,0.02555,0.02235,0.05119,0.00480,0.02349,0.03597,0.03085,0.01052,0.03025,0.02538,0.00905,0.02512,0.01841,0.54847,0.01681,0.01006,0.01828,0.03357,0.01870
473,0.00823,0.03911,0.02441,0.02490,0.03311,0.00489,0.00822,0.03155,0.02876,0.01277,0.03069,0.03169,0.00851,0.02793,0.57015,0.01836,0.01292,0.01089,0.01472,0.03482,0.02337
474,0.48414,0.11159,0.01402,0.01727,0.01291,0.00675,0.01589,0.02122,0.02634,0.00824,0.02333,0.01805,0.00549,0.13219,0.00572,0.01186,0.02374,0.00355,0.02391,0.01896,0.01482
475,0.01221,0.02035,0.02514,0.02769,0.02837,0.00984,0.02018,0.53678,0.03609,0.00687,0.02325,0.06017,0.00815,0.03217,0.00756,0.00920,0.02809,0.01869,0.03535,0.02571,0.02815
476,0.01211,0.03032,0.02169,0.01774,0.02356,0.01251,0.02650,0.04185,0.02338,0.01869,0.01713,0.04204,0.00837,0.02008,0.00525,0.00694,0.01162,0.00772,0.60469,0.03101,0.01680
477,0.00612,0.01691,0.00693,0.01127,0.33997,0.00442,0.04078,0.01246,0.02259,0.00424,0.01715,0.01457,0.00440,0.01817,0.00548,0.00357,0.00650,0.00480,0.01324,0.43454,0.01187
478,0.00964,0.02189,0.02671,0.01947,0.02766,0.01042,0.01622,0.00905,0.02336,0.00951,0.63785,0.02228,0.00671,0.01923,0.01416,0.00738,0.04581,0.01537,0.01626,0.02189,0.01915
479,0.01701,0.02561,0.03536,0.02839,0.02982,0.01358,0.03144,0.04117,0.02882,0.01212,0.02861,0.02756,0.01024,0.03436,0.02079,0.00800,0.01438,0.01447,0.46353,0.04153,0.07321
480,0.01629,0.05237,0.02980,0.03498,0.03160,0.01538,0.02401,0.04084,0.02860,0.42946,0.04021,0.03071,0.00871,0.02281,0.01149,0.03802,0.01317,0.04400,0.04388,0.02709,0.01658
481,0.01547,0.04772,0.03642,0.06836,0.04681,0.44920,0.02323,0.03355,0.01996,0.01156,0.02569,0.02145,0.00551,0.02738,0.01916,0.01113,0.01056,0.02458,0.03499,0.02872,0.03857
482,0.32434,0.03326,0.01101,0.02497,0.02157,0.01287,0.01821,0.02662,0.02751,0.00714,0.02430,0.01999,0.00560,0.02253,0.00747,0.30654,0.02597,0.01180,0.02609,0.02249,0.01972
483,0.01176,0.03078,0.03517,0.03408,0.02872,0.01938,0.02482,0.06633,0.06826,0.00929,0.01775,0.02167,0.01123,0.02461,0.47846,0.01317,0.01456,0.01243,0.02524,0.02668,0.02560
484,0.01464,0.01896,0.02625,0.02370,0.42952,0.01384,0.02828,0.02595,0.03510,0.03504,0.02767,0.03430,0.01304,0.04482,0.00827,0.01508,0.01888,0.01456,0.02644,0.12586,0.01981
485,0.01871,0.03671,0.04079,0.03661,0.02349,0.01589,0.04480,0.10658,0.04430,0.26297,0.03840,0.05774,0.02392,0.04871,0.01093,0.00871,0.02970,0.02098,0.02007,0.09035,0.01962
486,0.01791,0.04595,0.03888,0.37001,0.08003,0.02414,0.03677,0.06368,0.03757,0.02003,0.02367,0.03452,0.01896,0.02670,0.00951,0.01161,0.01329,0.01488,0.02133,0.05036,0.04019
487,0.01677,0.05958,0.03549,0.04408,0.33281,0.02163,0.02946,0.03807,0.03846,0.03431,0.03805,0.04707,0.01234,0.03444,0.01591,0.03561,0.01646,0.01509,0.03386,0.06082,0.03971
488,0.01556,0.04916,0.03032,0.24580,0.12085,0.01047,0.02408,0.03468,0.05581,0.01243,0.02740,0.01569,0.01381,0.02606,0.01042,0.01116,0.01038,0.02738,0.04080,0.03306,0.18469
489,0.36123,0.09010,0.03385,0.03042,0.05087,0.01556,0.01529,0.02606,0.03392,0.01028,0.02574,0.02134,0.00899,0.01914,0.00732,0.09598,0.04235,0.03833,0.02766,0.02841,0.01716
490,0.01370,0.05055,0.03667,0.03390,0.02291,0.01450,0.05125,0.12972,0.02998,0.35158,0.04422,0.03331,0.01538,0.02395,0.02090,0.01156,0.01279,0.01362,0.04619,0.02348,0.01988
491,0.01372,0.06488,0.03932,0.01124,0.06155,0.31922,0.04012,0.05560,0.03718,0.01352,0.03091,0.03332,0.02057,0.03275,0.01528,0.01297,0.01505,0.04907,0.03329,0.05623,0.04422
492,0.01388,0.04671,0.03698,0.07289,0.40658,0.03005,0.01588,0.03372,0.04669,0.03120,0.05154,0.03212,0.00649,0.02348,0.00995,0.00429,0.01008,0.02060,0.04168,0.03072,0.03447
493,0.02213,0.03477,0.04195,0.04238,0.13569,0.02328,0.03048,0.04657,0.03832,0.35801,0.02446,0.03835,0.01339,0.02273,0.01225,0.01514,0.01570,0.02189,0.02245,0.02506,0.01502
494,0.01767,0.04623,0.00726,0.09242,0.02938,0.03533,0.02886,0.02705,0.02524,0.01291,0.04128,0.26907,0.00980,0.09516,0.01866,0.02083,0.01694,0.03434,0.05471,0.03584,0.08102
495,0.02447,0.02596,0.01526,0.47960,0.03515,0.00484,0.02156,0.02573,0.01482,0.00857,0.02804,0.01771,0.01060,0.13786,0.00941,0.01026,0.01099,0.02681,0.02684,0.02869,0.03683
496,0.01273,0.04073,0.45041,0.04715,0.02758,0.00237,0.01556,0.02020,0.03744,0.01134,0.04600,0.05444,0.00822,0.04252,0.01125,0.01074,0.01319,0.01923,0.03720,0.05816,0.03355
497,0.01401,0.04544,0.03021,0.06914,0.04106,0.02681,0.36595,0.03135,0.05099,0.01597,0.02280,0.06173,0.00972,0.05824,0.04903,0.00939,0.01040,0.02202,0.03535,0.00531,0.02508
498,0.02001,0.04287,0.03169,0.03342,0.02078,0.01165,0.02765,0.02069,0.03388,0.00827,0.02033,0.02699,0.01049,0.02757,0.01058,0.00864,0.00990,0.01744,0.54972,0.02398,0.04344
499,0.00863,0.02043,0.02076,0.01464,0.02054,0.00858,0.01042,0.00911,0.01637,0.44876,0.29870,0.01062,0.00595,0.01470,0.00651,0.00818,0.02346,0.01168,0.01606,0.01368,0.01221
500,0.11677,0.10411,0.05168,0.08456,0.00194,0.04793,0.06454,0.02461,0.07140,0.00300,0.05815,0.05807,0.00073,0.08701,0.03230,0.07305,0.06087,0.05079,0.00225,0.00226,0.00399
501,0.01165,0.02146,0.03001,0.04299,0.02452,0.00270,0.01820,0.05801,0.04750,0.00777,0.02430,0.02726,0.00582,0.02475,0.52586,0.01366,0.01062,0.01876,0.02975,0.01997,0.03445
502,0.06758,0.04414,0.10809,0.09801,0.00791,0.03334,0.06675,0.03734,0.02167,0.03205,0.02476,0.06436,0.03390,0.09096,0.02387,0.09248,0.06381,0.05388,0.00645,0.01270,0.01595
503,0.03428,0.07911,0.00412,0.02284,0.01779,0.01316,0.02380,0.03049,0.01758,0.00498,0.07289,0.31066,0.00515,0.02893,0.00628,0.01525,0.21293,0.03385,0.02085,0.03085,0.01421
504,0.01262,0.43131,0.01989,0.01631,0.01533,0.00876,0.01278,0.01724,0.01478,0.01371,0.02374,0.01338,0.01787,0.02443,0.00607,0.28055,0.00854,0.00756,0.02284,0.01202,0.02028
505,0.10663,0.04161,0.03196,0.02709,0.02592,0.43574,0.01409,0.01913,0.03319,0.02027,0.05450,0.02674,0.00659,0.03127,0.00616,0.00924,0.00991,0.01579,0.02579,0.02801,0.03039
506,0.21685,0.02272,0.02313,0.02452,0.02335,0.44003,0.01781,0.02295,0.01904,0.00767,0.02319,0.01582,0.00667,0.02287,0.00674,0.02737,0.00971,0.00904,0.01914,0.02006,0.02132
507,0.01245,0.03034,0.03646,0.02628,0.02728,0.44234,0.02295,0.03462,0.03864,0.01337,0.04087,0.02184,0.01118,0.04019,0.02043,0.00932,0.01239,0.02328,0.03709,0.02242,0.07624
508,0.01457,0.16373,0.02030,0.02956,0.02606,0.01360,0.01375,0.02472,0.02525,0.01025,0.03188,0.02257,0.00797,0.01890,0.00789,0.00766,0.03537,0.45165,0.02815,0.02347,0.02271
509,0.01009,0.07550,0.02278,0.51082,0.02160,0.07683,0.01248,0.02278,0.02274,0.00715,0.02750,0.01692,0.00603,0.01941,0.00601,0.03435,0.00777,0.01687,0.02743,0.01460,0.04033
510,0.05538,0.02494,0.02481,0.07655,0.03305,0.41178,0.01716,0.02716,0.03058,0.00670,0.02956,0.02646,0.00792,0.01720,0.02283,0.08510,0.00941,0.01778,0.02331,0.03068,0.02162
511,0.02604,0.09540,0.01425,0.01174,0.07792,0.00415,0.01536,0.01922,0.03323,0.17469,0.10466,0.03341,0.00366,0.13103,0.01581,0.06016,0.02794,0.00807,0.07546,0.05856,0.00922
512,0.08428,0.01752,0.02091,0.01414,0.02641,0.40748,0.01238,0.02664,0.01488,0.00674,0.02188,0.01808,0.07814,0.02199,0.01867,0.08504,0.00750,0.04087,0.02283,0.01603,0.03761
513,0.00339,0.00437,0.00460,0.00522,0.01403,0.00134,0.00821,0.45655,0.00424,0.06100,0.04536,0.00261,0.00299,0.00684,0.00107,0.00301,0.03486,0.33027,0.00370,0.00354,0.00280
514,0.11187,0.09798,0.01047,0.01628,0.00462,0.00365,0.01209,0.01485,0.01128,0.00131,0.01783,0.04089,0.21019,0.03777,0.00052,0.13532,0.12952,0.05336,0.00336,0.08487,0.00198
515,0.01740,0.03989,0.01783,0.03306,0.01989,0.01624,0.00951,0.05636,0.27927,0.00620,0.01617,0.01071,0.00530,0.02589,0.30128,0.02815,0.01013,0.00839,0.01523,0.05482,0.02828
516,0.00432,0.01177,0.00885,0.00797,0.03819,0.00458,0.02336,0.11379,0.00815,0.23426,0.42844,0.00647,0.01745,0.00607,0.00399,0.00366,0.00363,0.04135,0.01330,0.01253,0.00786
517,0.01401,0.02937,0.02483,0.01084,0.03272,0.58512,0.02355,0.02997,0.02919,0.00794,0.02287,0.02488,0.01342,0.02226,0.00546,0.00897,0.01459,0.03136,0.03110,0.02346,0.01410
518,0.01598,0.04236,0.03264,0.03008,0.05898,0.01135,0.01345,0.02923,0.01983,0.00726,0.02413,0.06093,0.14692,0.02081,0.00686,0.01202,0.01533,0.01427,0.03865,0.38073,0.01820
519,0.01217,0.13824,0.01424,0.01246,0.01789,0.00480,0.00919,0.29503,0.01165,0.09884,0.02401,0.01210,0.00324,0.00797,0.00287,0.00430,0.00554,0.29489,0.00909,0.01196,0.00952
520,0.00327,0.00845,0.00495,0.00970,0.01070,0.00329,0.00546,0.47096,0.00529,0.25453,0.15257,0.00475,0.00337,0.00742,0.00305,0.00263,0.00264,0.02911,0.00766,0.00522,0.00498
521,0.03902,0.08327,0.05550,0.37318,0.01278,0.04694,0.02247,0.01169,0.00629,0.00785,0.05216,0.01020,0.00417,0.15342,0.00586,0.01720,0.00460,0.00726,0.01408,0.04516,0.02689
522,0.06223,0.01670,0.08836,0.13667,0.00614,0.07023,0.04901,0.01352,0.07806,0.01468,0.03015,0.06371,0.00154,0.13070,0.05048,0.08094,0.07477,0.01113,0.00495,0.00398,0.01205
523,0.00222,0.00827,0.00475,0.00486,0.00485,0.00211,0.00232,0.32611,0.00304,0.23341,0.07013,0.00293,0.00111,0.00296,0.00125,0.00126,0.00097,0.31755,0.00471,0.00313,0.00207
524,0.06703,0.02934,0.11759,0.03687,0.01987,0.00870,0.07537,0.01330,0.01885,0.00372,0.05001,0.17542,0.00370,0.08827,0.00377,0.16825,0.04662,0.01238,0.02311,0.02852,0.00930
525,0.04035,0.07284,0.03500,0.06781,0.04315,0.04141,0.05473,0.01504,0.07781,0.06508,0.06300,0.05998,0.00133,0.06349,0.06275,0.05798,0.06682,0.01434,0.01979,0.07376,0.00356
526,0.03228,0.07726,0.00283,0.04564,0.08420,0.00744,0.05444,0.17268,0.06922,0.05004,0.03048,0.02509,0.00059,0.03533,0.03647,0.04014,0.05674,0.05635,0.04909,0.07115,0.00253
527,0.05802,0.10408,0.07331,0.08677,0.02463,0.03179,0.09828,0.00838,0.02137,0.01872,0.01645,0.08836,0.11690,0.05850,0.02511,0.06086,0.04677,0.00817,0.01140,0.03373,0.00840
528,0.01648,0.02219,0.02701,0.01941,0.03012,0.55325,0.02481,0.03013,0.03173,0.00891,0.03743,0.03263,0.00903,0.02813,0.02731,0.00865,0.01318,0.01081,0.02605,0.02034,0.02240
529,0.06260,0.02572,0.01979,0.04716,0.01916,0.48255,0.02206,0.01974,0.02946,0.00471,0.02040,0.04107,0.00508,0.01815,0.00407,0.06555,0.01365,0.00886,0.01736,0.02030,0.05257
530,0.06519,0.07612,0.00878,0.00288,0.04807,0.00345,0.11011,0.00706,0.13834,0.11616,0.10020,0.07481,0.00471,0.03688,0.07146,0.03591,0.00899,0.00426,0.00784,0.07345,0.00533
531,0.00998,0.02661,0.02083,0.02963,0.02822,0.00901,0.01616,0.21838,0.02484,0.12053,0.36132,0.02710,0.00514,0.01582,0.00813,0.00788,0.01358,0.00515,0.01947,0.01709,0.01513
532,0.01324,0.03647,0.04530,0.03696,0.07957,0.01110,0.05247,0.03752,0.05050,0.01068,0.03468,0.02655,0.00676,0.04037,0.00830,0.00774,0.01078,0.01693,0.02797,0.43126,0.01483
533,0.57395,0.01981,0.02217,0.02771,0.02027,0.02403,0.01203,0.01936,0.01888,0.00649,0.02592,0.01944,0.00496,0.01913,0.00610,0.09259,0.01064,0.01376,0.02243,0.01932,0.02102
534,0.01168,0.04023,0.54629,0.02033,0.02062,0.06575,0.01600,0.02124,0.03568,0.00662,0.02414,0.04425,0.00683,0.02494,0.00821,0.00768,0.01120,0.01951,0.02401,0.02573,0.01907
535,0.01462,0.02565,0.55249,0.02167,0.02617,0.02134,0.01222,0.02276,0.02975,0.00783,0.03013,0.04526,0.00471,0.02834,0.00814,0.00538,0.00742,0.02344,0.02532,0.06067,0.02671
536,0.02517,0.03721,0.02212,0.02663,0.03271,0.01534,0.01443,0.05016,0.02636,0.00748,0.02182,0.02364,0.00997,0.02128,0.00600,0.01343,0.53431,0.01194,0.05552,0.01907,0.02541
537,0.52175,0.01562,0.02024,0.02091,0.02655,0.00664,0.01690,0.03217,0.03340,0.00736,0.03021,0.02406,0.00643,0.02321,0.00680,0.00480,0.05158,0.07544,0.02593,0.02438,0.02563
538,0.71751,0.00244,0.00558,0.00426,0.00329,0.14455,0.00198,0.00375,0.00570,0.00121,0.00428,0.00280,0.00088,0.00357,0.07469,0.00822,0.00135,0.00275,0.00470,0.00295,0.00354
539,0.01227,0.01794,0.03853,0.02820,0.02680,0.01734,0.01404,0.02929,0.02922,0.00560,0.02428,0.02786,0.00559,0.01681,0.02215,0.00636,0.00853,0.01393,0.61375,0.02665,0.01486
540,0.00675,0.02101,0.59327,0.02451,0.02328,0.02188,0.00745,0.02127,0.04652,0.00648,0.04059,0.01806,0.00347,0.03011,0.00889,0.00543,0.00547,0.01817,0.04727,0.01801,0.03210
541,0.01549,0.02582,0.02924,0.04520,0.02769,0.01084,0.01335,0.00938,0.03453,0.00737,0.03691,0.01580,0.00327,0.18954,0.00735,0.00844,0.42279,0.01236,0.03443,0.01873,0.03146
542,0.00623,0.01280,0.01494,0.02063,0.01853,0.00502,0.00419,0.02181,0.28836,0.00882,0.02218,0.01563,0.00288,0.01842,0.45779,0.01767,0.00619,0.00900,0.01868,0.01460,0.01562
543,0.01103,0.02498,0.02567,0.03098,0.03614,0.01034,0.01559,0.34295,0.02417,0.00595,0.06499,0.01963,0.01035,0.01920,0.00521,0.01309,0.02577,0.25140,0.01863,0.02265,0.02129
544,0.00462,0.01908,0.00928,0.01184,0.01187,0.01154,0.13546,0.01494,0.00878,0.00304,0.01192,0.05609,0.00224,0.01025,0.00316,0.26583,0.38708,0.00497,0.00981,0.00798,0.01020
545,0.03814,0.03601,0.00450,0.00624,0.00981,0.00380,0.01761,0.11806,0.16928,0.01539,0.04814,0.01177,0.00100,0.06837,0.23644,0.10387,0.05892,0.03826,0.00448,0.00752,0.00236
546,0.04352,0.04916,0.01680,0.00762,0.25293,0.00367,0.07401,0.01964,0.00499,0.01810,0.01371,0.00859,0.00154,0.00503,0.00233,0.00936,0.00984,0.02158,0.22873,0.20499,0.00387
547,0.01175,0.01749,0.70163,0.01657,0.02469,0.02544,0.00859,0.01470,0.01483,0.00677,0.01675,0.02617,0.00431,0.01770,0.00531,0.00462,0.00480,0.01047,0.02454,0.02762,0.01524
548,0.00680,0.01625,0.01100,0.02229,0.01749,0.00838,0.00767,0.01304,0.01155,0.70206,0.03118,0.00831,0.00965,0.06984,0.00483,0.00424,0.00390,0.00802,0.01893,0.01238,0.01220
549,0.04718,0.04439,0.18845,0.15416,0.01432,0.02564,0.06331,0.04951,0.00563,0.02071,0.07354,0.03860,0.00104,0.12562,0.02185,0.02610,0.01239,0.04394,0.01210,0.02388,0.00765
550,0.01080,0.05939,0.02691,0.03303,0.03046,0.01539,0.05873,0.02609,0.02546,0.00811,0.02714,0.53620,0.00435,0.02109,0.00701,0.00522,0.00714,0.01969,0.03052,0.02265,0.02461
551,0.00854,0.01675,0.04168,0.66605,0.02772,0.00384,0.00984,0.01773,0.01309,0.00585,0.02256,0.01112,0.00361,0.02076,0.00603,0.00532,0.00467,0.05235,0.02913,0.01452,0.01883
552,0.32667,0.05207,0.01311,0.02355,0.01003,0.01590,0.00559,0.01179,0.01608,0.00420,0.07030,0.00987,0.00391,0.13277,0.00361,0.24296,0.01509,0.01079,0.01467,0.00810,0.00894
553,0.03648,0.00825,0.00948,0.02648,0.01125,0.07138,0.00746,0.16358,0.14250,0.20372,0.16319,0.00913,0.01825,0.05404,0.02231,0.00492,0.00418,0.00914,0.01004,0.01825,0.00598
554,0.00552,0.04551,0.01494,0.02326,0.02661,0.00735,0.00657,0.39196,0.01762,0.02736,0.01686,0.01432,0.00320,0.01449,0.00451,0.00560,0.00828,0.32838,0.01338,0.01022,0.01406
555,0.03373,0.26531,0.00711,0.00701,0.00840,0.00378,0.00338,0.05379,0.00822,0.08654,0.07531,0.00357,0.00110,0.00698,0.00197,0.02653,0.19589,0.19448,0.00792,0.00487,0.00410
556,0.02268,0.00142,0.11194,0.14416,0.01459,0.05510,0.07335,0.00160,0.07929,0.02331,0.05839,0.09536,0.00035,0.10962,0.07527,0.03616,0.05739,0.00606,0.01328,0.01938,0.00130
557,0.02257,0.00776,0.03514,0.05393,0.13476,0.00157,0.08961,0.00583,0.00355,0.11946,0.10684,0.00238,0.00084,0.19940,0.00302,0.02249,0.00149,0.00164,0.05049,0.12175,0.01549
558,0.00559,0.01596,0.01502,0.01653,0.01290,0.00805,0.00681,0.02943,0.01868,0.01560,0.71823,0.01172,0.00268,0.00798,0.00774,0.00374,0.01867,0.04875,0.01718,0.00957,0.00917
559,0.08217,0.06009,0.11658,0.10383,0.00211,0.04430,0.05493,0.00507,0.05698,0.01844,0.03519,0.08155,0.01663,0.07178,0.02638,0.10425,0.08930,0.02362,0.00199,0.00384,0.00096
560,0.06670,0.02810,0.08622,0.06707,0.01542,0.01890,0.06696,0.04462,0.03747,0.03736,0.03296,0.04818,0.09220,0.08056,0.04532,0.07369,0.05713,0.04571,0.01578,0.03779,0.00184
561,0.04227,0.04218,0.03378,0.02799,0.06929,0.04321,0.09125,0.03026,0.05274,0.04062,0.04262,0.06032,0.03706,0.04815,0.06293,0.05095,0.04413,0.03259,0.04641,0.10065,0.00059
562,0.00733,0.01529,0.01429,0.03717,0.01861,0.00840,0.60514,0.01292,0.02705,0.00472,0.02720,0.01639,0.00245,0.11321,0.01519,0.00393,0.00423,0.01024,0.02574,0.00756,0.02292
563,0.22563,0.01566,0.00867,0.00771,0.00657,0.02590,0.00344,0.00391,0.27590,0.00268,0.00816,0.00440,0.00152,0.08552,0.27987,0.01516,0.00213,0.00359,0.00848,0.00533,0.00977
