site,A,C,D,E,F,G,H,I,K,L,M,N,P,Q,R,S,T,V,W,Y,*
451,0.010398819551026296,0.5188709461586446,0.02360064568521326,0.022894825258831613,0.030546110988757414,0.014499476544113215,0.03130213204538502,0.07430291892776424,0.04678602184799021,0.009416035145851527,0.031102537738812608,0.04937684420596863,0.009456716665432347,0.024022619130340317,0.010621859337228009,0.009632832735375288,0.017975953485146325,0.011278217160671122,0.014224727616428538,0.015257864736393052,0.0244318950346263
452,0.04217429267643722,0.01673833482285336,0.025450459889789872,0.02595804052896164,0.019461628262658702,0.00576795490474234,0.018805402856249324,0.24425001292242546,0.020519214027698608,0.0038448339643316,0.01892996951554886,0.026541236852802855,0.00753477941458999,0.017023929511221142,0.004135560396628445,0.005595927362707468,0.008165931533668343,0.44022348517407844,0.01421888872055384,0.02473690550385124,0.009923211158201205
453,0.013163076165953113,0.007038681032652937,0.03334285006308555,0.019690369757736557,0.020708170938446475,0.0062677110211532975,0.02558471601012531,0.03485445779319024,0.039250554689503225,0.008611701232178632,0.034332987153741716,0.025668478969688224,0.014419603306423638,0.034137233173340026,0.009313128706830875,0.00782683531375447,0.025660755642284348,0.00993053349569178,0.018199196274674825,0.5986712718019687,0.013327687457576063
454,0.010624262096572005,0.024089579409598407,0.04835175680432297,0.02759934503811536,0.027167935714148342,0.007746601249904498,0.050914263473463124,0.06886884012643417,0.022542833869416953,0.008555823328329248,0.032596309079733356,0.5055546391256763,0.009770177667508227,0.029212890626853793,0.007779077088035206,0.006541436017717687,0.03491717431403381,0.009323709453788834,0.0235837547054983,0.022316855808166555,0.021942735002682817
455,0.011407219815459809,0.029772821717078023,0.0326877584465662,0.023503821222822976,0.022056341720230993,0.007264814658203146,0.03233487886688303,0.06724426834793625,0.03758246352157021,0.010013407311749463,0.5159759541541039,0.04110341190570477,0.01221101375070436,0.03599670209246742,0.006391277746455787,0.00914871598333144,0.015306159422270031,0.0029351590671918178,0.016364408792478816,0.046271290965667615,0.024428110491123867
456,0.016215716265990516,0.021517569499082855,0.026875055854233266,0.027812783298451802,0.042654050750644795,0.008132434034401744,0.03621993307817204,0.04331833966366349,0.056699281639177125,0.010277494689328294,0.522690316680946,0.03825860551993542,0.012156294469790005,0.026069608303194058,0.010047471251535838,0.011803897308448608,0.01136695143887786,0.0070616818642841835,0.02194164211957215,0.03284361950351298,0.016037252766756892
457,0.01040521117066164,0.017353385977159748,0.025310478974913935,0.044174017613576255,0.02370215242834588,0.5573505408792426,0.028015525078091883,0.02871244782128808,0.03647959051427691,0.007486559134294652,0.026486739766917764,0.03536053315206052,0.009684265792216235,0.03603983579818743,0.010431164884113721,0.008563222223489498,0.012098658035657088,0.02027347167011525,0.013153651354783386,0.0332946369016201,0.015623910828987295
458,0.008920155120360639,0.014954867045632966,0.026002421238722997,0.03642640574972331,0.014702528522002543,0.0073533950029086555,0.017578884428807385,0.03637711174574395,0.6132133887442377,0.005755645994163851,0.019654484398027514,0.027550934433028484,0.007525112905414892,0.04388047569921386,0.01752281483744933,0.006481159946294138,0.009932932284204683,0.008010809977829129,0.014028094996733373,0.019709658201268538,0.044418718728232075
459,0.009285944333635289,0.02195226694552198,0.025927643202640283,0.018528014687750057,0.022410589767439024,0.016415718949358258,0.020771914483049516,0.06757635195305299,0.055642647685000775,0.006453212812194172,0.017477616553226615,0.03659252241485449,0.008244363546236323,0.02291283643254068,0.568229127504346,0.00830952389419044,0.012241409432140332,0.007740278061074243,0.010601040753108764,0.022245709292144717,0.02044126729649508
460,0.015103656795357766,0.021670290525733906,0.0434371689040495,0.4537381006691937,0.023235590437398226,0.009979816665687185,0.023360588891776005,0.02257194533932394,0.13271590474106074,0.007126309396403415,0.018701814744769434,0.022811917444255,0.010328057600498491,0.02121611880992903,0.006415912224918275,0.00741711445987961,0.012221596408291511,0.009747379199085986,0.014238230952362317,0.023027236395992152,0.10093524939403382
461,0.01069374645775697,0.01663850495620039,0.028679221084991897,0.004163324118686471,0.015034854939522939,0.008539182954063794,0.01860908124627293,0.0189672427443569,0.6581261138740667,0.005738479942227179,0.017264293483425175,0.061918074241560456,0.008933567210941084,0.016834701836750107,0.02067225819708435,0.006638117047025671,0.03163585753168068,0.007658437782219644,0.012570368441621611,0.01887842178078204,0.011806150128763007
462,0.011004933849495852,0.017153812294143696,0.029603236599701543,0.004961849559511585,0.019754354649598394,0.011926901741615087,0.021055699642902607,0.02216993314142773,0.586795140199232,0.005737787309213399,0.013256338329391985,0.03292690672444738,0.009592239080107513,0.03505911010106106,0.10760965052871181,0.005748369764657036,0.01570458404968488,0.009806290783396829,0.011730087581138514,0.0182541665544592,0.010148607516102005
463,0.055753619566699435,0.009165935050603232,0.008402329038354256,0.07554859606929609,0.005398381056287549,0.0015309892645209123,0.01807056644002773,0.08307448285549618,0.00945187592387106,0.11531608561175026,0.25806466839914993,0.00587955224406777,0.12055405216966882,0.08101811309305212,0.0028488436043070365,0.011089616843769698,0.03222570177644667,0.06391105832422185,0.004165809273278598,0.03381503495568323,0.004714688439447631
464,0.06856038196863418,0.02584935537283275,0.02206596569461261,0.009500546661615485,0.03223019068779758,0.5312213773229958,0.03138149750302541,0.026022530992566333,0.023412884046297978,0.007100990135988941,0.026369704381640085,0.02784217511072071,0.012628266183630353,0.03091531681438947,0.01986013830844124,0.0102047884003269,0.013190492752216844,0.010296823745936398,0.016047003294726546,0.033569469480285705,0.021730101141318747
465,0.011266516399179563,0.07915526669413794,0.024018072224260473,0.4733814993702658,0.04726722566293509,0.0018015495732291939,0.03694032263219158,0.04446394018914498,0.030714558827545535,0.010773411663655232,0.029502676671075645,0.04441858710432525,0.014795429908713456,0.022574177280311674,0.009557563717251583,0.012909122704620713,0.021647901526700996,0.009644515251695672,0.029552059557109638,0.030151654465398026,0.015463948576251987
466,0.010958962297157607,0.027945308710494454,0.01719480779051105,0.023557778670815207,0.5540713019694983,0.007326285406376506,0.018065003954304045,0.01703121850993809,0.029093513178775666,0.0355601613275674,0.02782669788702379,0.021964696801143446,0.00914423689569937,0.03396227776452985,0.0070482181913967545,0.005128294356088917,0.012453254601637894,0.010292873188590125,0.0948588838950018,0.015965132630185272,0.02055109197326464
467,0.011416930574939305,0.030831471617877675,0.03835110845492514,0.04003202026579563,0.03319978211006095,0.46930656085175415,0.031993122252153804,0.03543394603578541,0.032265822084711876,0.008179467789847697,0.022896563719949248,0.03517558931184293,0.015935058179816882,0.033314744869142425,0.01517887892544785,0.010474261961443252,0.020851316120401104,0.009682881870458149,0.020281138823680708,0.0664144850486789,0.01878484913128695
468,0.005838299974682795,0.012929201831692735,0.014148377458482075,0.0018945678859875529,0.01369531281499125,0.003957209222685301,0.046403822369905,0.08223173635754438,0.20391423188964275,0.02839442465804946,0.018582500907752843,0.009645381923366354,0.0044146390041540935,0.04954841712776858,0.14933001447650374,0.05937395234831883,0.11434717004778173,0.10921485805799337,0.008986706775137578,0.0552627155933837,0.007886459274175897
469,0.5973196881555621,0.017838697003279745,0.021219873910451922,0.04385870214741824,0.017911596044208965,0.005869689859759829,0.017347539315033033,0.032390087109189926,0.03026871177984229,0.0075492933215438205,0.022905401928161245,0.02991377176460085,0.008925043615378297,0.026519917869691396,0.008038849920361251,0.02026894283910508,0.013996478743105783,0.024516219086963362,0.012922911505571141,0.01712499381215506,0.023293590268616705
470,0.00909465269373783,0.01822495027564561,0.012566084993385594,0.026909668949266538,0.013360755342475593,0.0065575893626557595,0.014093500836597939,0.015511518739775708,0.5703566652894694,0.004093992883466017,0.011844750328607828,0.011935909723595747,0.006049411517657783,0.014957446533325786,0.16673071653413662,0.004570093947755482,0.03931800570910587,0.018172819672596294,0.009250932789122682,0.01177642646546388,0.014624107412156036
471,0.009548257127490389,0.04225133695782299,0.07654994543786757,0.025396562292442,0.04611487593609109,0.3972743083007304,0.026423915849515447,0.03760744519826579,0.07615406615991567,0.011012538556940546,0.04472772615717024,0.041979717042700905,0.009128645358752747,0.027312047950727836,0.007875379420448131,0.017519769634531408,0.014303349117865299,0.009695393792782817,0.021312548206111795,0.03289165428353221,0.024920517218294608
472,0.011290888265604178,0.02985164097421718,0.02554629373449437,0.022352768863478673,0.05119093926555108,0.004803960641605015,0.02349205065170218,0.03597345819188936,0.03085425301455534,0.010524062926818208,0.03025356536059563,0.025382144300414255,0.009054892581887464,0.02511813693656804,0.018413350438930786,0.5484722891421209,0.016805092828839324,0.010064521723645014,0.018284496121340452,0.03357237366910756,0.018698820366635022
473,0.008232655741892718,0.039106268095398515,0.024413318834538164,0.024904844578315283,0.03311468624254247,0.004885273944111948,0.008215040832202482,0.031550080479602415,0.028761827614670634,0.012769047281968872,0.03069133011554449,0.031689444530932885,0.008508416849871784,0.02792826420738213,0.5701482899502757,0.018362387685405678,0.012920235913211287,0.010893724510688615,0.014715568926651082,0.03481610397681751,0.02337318968797537
474,0.4841442606562265,0.11159242808263968,0.014017358939976141,0.017274761168697573,0.01290505408402673,0.006745811006961519,0.015894517971314612,0.021220018139216406,0.026337447750444554,0.008242927295980255,0.023330034132665715,0.01804823364117216,0.005492193648654189,0.13218772230232526,0.005718088620639861,0.01186495901763746,0.023741755594347647,0.00355409741007431,0.02391444100479667,0.018958249949468067,0.014815639582734698
475,0.0122100219560297,0.020349064975020845,0.025140367430687514,0.02769147792177712,0.02836658117813949,0.009837497651946485,0.020176592308682354,0.536775006332019,0.03608957103253695,0.006873309538899769,0.02325483793101195,0.0601658582921342,0.008148073867376345,0.032169447973087004,0.0075643912020092385,0.009203242362442117,0.02808888802498023,0.018685178123028483,0.03534706509085811,0.02571194163884361,0.02815158516848947
476,0.012108172093791432,0.030317957106348464,0.021687744919843238,0.017735483334406887,0.02355792355052673,0.012512500812653862,0.0265031728272787,0.04185450584457317,0.023375426203192527,0.01869438402160736,0.017130149991740454,0.04203849075425902,0.008365504596587718,0.020076905424310672,0.005254346974422571,0.006943795909579162,0.011616914188648388,0.007723585642985062,0.6046855868136741,0.03101343433626143,0.01680401465330894
477,0.006124869620976214,0.016907218396356824,0.006929487859874084,0.011268921364615998,0.3399707577703839,0.00442345455001084,0.04077758489046937,0.012463225099457182,0.02259121262630404,0.004243501805957309,0.017151045397583917,0.014568147392956997,0.0044026109867079605,0.01816598613316193,0.005484829449056078,0.0035749879136889734,0.006498013686364715,0.004800932055240936,0.013241828010922711,0.4345371258728767,0.011874259117033367
478,0.009636644322084519,0.021891579760856133,0.026709119065710163,0.019470823315129972,0.027659448328772207,0.010418688993605249,0.016224857608721194,0.009050233149725648,0.023355907514199692,0.009511526290427674,0.6378469664747378,0.022276696966447736,0.006710839312452013,0.01923184830111142,0.014160604645624584,0.007375600627515921,0.045807052153472826,0.015367677053250095,0.01625604092118947,0.02188915246854098,0.01914869272642471
479,0.017010308217810705,0.0256079469911079,0.03536124586006811,0.028388051787360372,0.029824080169602075,0.013583828726096335,0.031443722283484486,0.04116869575174439,0.028816143477331958,0.01212449494399731,0.028611901098155323,0.02756269363769166,0.010235468157383215,0.034356626597659236,0.020792019700414572,0.007997423615627256,0.014377299543505091,0.014471313583661966,0.4635325025644044,0.04152557268134913,0.07320866061154452
480,0.0162859472280525,0.05236796468230424,0.02979803063082645,0.03498068389927927,0.031600046849670604,0.015377253919716935,0.024009884275099508,0.0408433557665695,0.028604961729610273,0.4294643981175657,0.04020923461223287,0.03070922988531671,0.008710360868425835,0.02280652652767917,0.011488244660120094,0.03802222652510458,0.013166480973187358,0.044000486833274934,0.04388128918118212,0.027093937362724835,0.016579455472056522
481,0.015465524774533503,0.0477218509369484,0.03642329615688956,0.06835793410136906,0.04681471811733114,0.44920416298046423,0.023230261913683214,0.033546407767558885,0.0199563658991916,0.011557731741597155,0.025690125631742004,0.021451577210153002,0.005506442504313844,0.02737610308755302,0.019157542388521638,0.01113424343688737,0.010559474988483824,0.024576372095852488,0.03498699063442342,0.028715701423500023,0.03856717220900263
482,0.32433734496215755,0.0332575439805045,0.01101368293529341,0.024967535470836688,0.02157015259191496,0.012866196113521812,0.018205104457453464,0.0266173697073675,0.027514649643580608,0.007143525828948921,0.02430404960652056,0.019990039177499825,0.0056048238055242125,0.022527346249604643,0.007470085468676807,0.30654169486934263,0.025969896715108465,0.01180079153714495,0.0260923323709142,0.022490194309692634,0.01971564019839161
483,0.011756972553966105,0.03077713144730927,0.03517421926766423,0.03408254221301941,0.028716000342329722,0.019384922097007543,0.024821009989451578,0.06632983421462503,0.06826280068318788,0.009289356363189635,0.017745604081319834,0.02166868299758862,0.011233187592393723,0.024608522305049906,0.47845834822576433,0.013174304652917789,0.01456291189590335,0.012428014244880827,0.025239227193689664,0.02668249001612956,0.02560391762261192
484,0.014636084104496365,0.01895525473511638,0.026248860954271425,0.02370262374043783,0.42951815266910115,0.013835426015605357,0.0282832964816964,0.02594584612316461,0.03509878185676316,0.035035614775928474,0.027668547460267093,0.034301921069508544,0.013040318692487738,0.044824815203866476,0.008273418139545987,0.015080266859705234,0.01888188149061865,0.014558814818292354,0.02643773721650637,0.12586083587649097,0.019811501716129488
485,0.01871421544155778,0.036714546245414044,0.04078795405780523,0.03661108522666545,0.023488246532713294,0.015890078398802392,0.04480374005914056,0.10658056979531595,0.04430430320979321,0.2629739015521049,0.0384021640280282,0.05773762323350326,0.02391820677262658,0.048712398889244085,0.01093363208112945,0.008708514615581657,0.029696103139817454,0.02097816545406038,0.020069966364263656,0.0903515268048723,0.019623058097560275
486,0.01790537845488485,0.04595462369476294,0.038882232044465316,0.3700085856121917,0.08003169889692402,0.024143344720464355,0.036769841384161416,0.06367678012165633,0.03756768909542918,0.020034788951117082,0.023671230994239765,0.03452381891457871,0.018958078016658973,0.026700772361590238,0.009512698506155133,0.01160965869242256,0.013292947231680834,0.014877732550496951,0.021326082084500705,0.0503603810515403,0.04019163662007873
487,0.01676956779237093,0.059582705040696494,0.035485521957396966,0.04408153366346159,0.33280602913967466,0.02163065745076995,0.029463924870165248,0.038069197442382414,0.03846038854892314,0.03431350320268582,0.03804670158381839,0.04706612126004075,0.012341695478828414,0.03444090807174609,0.01590810755780717,0.03560583090547103,0.016456011458275504,0.015088558167002053,0.03385680949595902,0.06082120474924969,0.03970502216327476
488,0.015561075327279593,0.049161449187761386,0.030324834674206266,0.24580186459425782,0.12084845195155136,0.01046947128273685,0.024076713987280753,0.034676588523077645,0.055805804917546976,0.012425424262632809,0.02739507122808793,0.015686461577399592,0.013810190785905405,0.026057829967360113,0.010423547586259692,0.011164901721974195,0.010380003862571173,0.02738362775275195,0.04080057745837731,0.033059426278927,0.18468668307205416
489,0.36123369657203136,0.09010339122988893,0.03384683741375073,0.03041723157823145,0.050865956861698425,0.015556148954233469,0.015289112121242432,0.026063226301507262,0.033921430502865696,0.010275504174474105,0.025742662190582872,0.021335772688723022,0.008988008763962545,0.019142809868745152,0.0073246730442127735,0.09597881090247591,0.042353307024481375,0.03833195953076637,0.02766104566394031,0.028406634934582228,0.01716177967760361
490,0.013697245413374859,0.05054683849550048,0.03667148365266488,0.03389793442923502,0.022906678881467153,0.014498078613214263,0.05124749545617883,0.1297231314810423,0.029977016474645814,0.3515768558660381,0.044221133847603705,0.03331483877983401,0.015376631380325913,0.02394559517493135,0.020896262332895918,0.011557578967194776,0.01278901328003628,0.013615149473349365,0.046185185594793905,0.023479343951732377,0.019876508453940806
491,0.013715080071489048,0.06488445614873446,0.03931883441050247,0.011244173881918729,0.061547400124216944,0.319215837782384,0.04012332183172016,0.0555968312146359,0.03717717562456538,0.013518120329110893,0.030912877554958845,0.033322355885160866,0.0205728947192188,0.03274746351453207,0.01527853597381531,0.012966377257379272,0.015046701662180978,0.04906814025435627,0.03328766454732091,0.05623264465852688,0.04422311255327186
492,0.013876924388641222,0.0467143087730724,0.036982117003303734,0.07289180244419337,0.4065796171034069,0.030052662065361807,0.01587592038959702,0.03372001945037902,0.04668955713267539,0.031198307546615858,0.05154118592569385,0.03212099929401884,0.006487821593970226,0.023484367076857745,0.009946434715503308,0.004291492181402899,0.010079969025654325,0.020600844479343985,0.04167910065820632,0.030720364090382524,0.03446618466171921
493,0.022134792542425816,0.03476588465313773,0.04195205714068595,0.04237570550718998,0.13568660302167176,0.023282219817953666,0.03047578874032826,0.04657252189665895,0.03832073741330721,0.3580122496777545,0.02445918708415606,0.03834555543809765,0.01338684932431986,0.022729215719966566,0.012254423879102664,0.015136467802171613,0.015703540521019865,0.021888071326564795,0.022447061449276533,0.025055094955826918,0.015015972088383664
494,0.01766612045601783,0.04622723704115996,0.007258827716553003,0.09241918563842295,0.029380175595508623,0.03532912722701479,0.028858940346025125,0.027047819427754388,0.025244939105778977,0.01291017022905906,0.04127700848959719,0.26907181523043444,0.009803977082237816,0.09515999896360477,0.018659321708564974,0.0208344446901874,0.01693593286442458,0.034344433639843616,0.054713789075435365,0.03584098989922933,0.08101574557314577
495,0.024465885770433845,0.025959060171511218,0.015264989993408001,0.479598666186453,0.03515431990480709,0.004842757847327832,0.021556594148922345,0.025732961492799983,0.014815618942470224,0.008569356556047644,0.028043446539118572,0.01771478829292859,0.010596731438472022,0.1378575561902821,0.009406420873218435,0.010258318202214073,0.010988354684555323,0.02681086441836868,0.026841796752205615,0.028688395129785892,0.0368331164646695
496,0.012732338594640437,0.040729066912965316,0.4504125961244531,0.04715139763980552,0.027580863822285945,0.002371347371134934,0.015558786456616555,0.02019619949925687,0.03743526738690273,0.011338110602593035,0.046003080665700934,0.05443545881225229,0.008222393559806421,0.04251552760946641,0.01124519034136444,0.010742533423146345,0.013192090838746744,0.01922502065533076,0.03720345203538266,0.05815616286025225,0.03355311478789639
497,0.01400603637008721,0.04544261792588469,0.030208940672745477,0.06914299056537432,0.04106042393505698,0.026807006669346056,0.36595129351534444,0.03135004893046208,0.05098898815444434,0.01596736433862922,0.02280370399235777,0.06173006305725043,0.009724293537702381,0.05824406599570739,0.049028081743765516,0.009385110956097478,0.01039879569766908,0.022015759135573493,0.035350674458492964,0.005310566210819468,0.0250831741371892
498,0.020008924508842035,0.04287494708293426,0.03168519721109922,0.03342427074649336,0.020780746619829288,0.011654014409250032,0.027651778278350202,0.02068652614469921,0.03387644546830062,0.008274553960044307,0.020330680474955558,0.0269857439269437,0.01049446037717447,0.02756943771518829,0.010577336462513557,0.008644482405679249,0.009903380581126458,0.017435124359625586,0.5497202540908318,0.023981132894209087,0.04344056228190995
499,0.008627648817560238,0.020427476944207865,0.02076433802675007,0.01464424430019796,0.020544392771270827,0.008584967519211987,0.010423030516275099,0.009112996700595266,0.016373693522935936,0.44875838218716213,0.298695808500364,0.010615366802432205,0.005948382767880851,0.0146957649061486,0.006514637009634727,0.008180396656231072,0.02346422877747599,0.011678881209076022,0.01605949965437058,0.013675421712354531,0.01221044069786404
500,0.11677289468287765,0.10410982521373813,0.051678500417435554,0.08455620718318098,0.0019437789049974643,0.047933179992706854,0.06453920580990405,0.024605759066386013,0.07140450939560342,0.0029979001403314994,0.05814865259898567,0.058071939231870075,0.0007272272135163633,0.08700517181372526,0.03229793990382053,0.0730451015291176,0.06086884704491318,0.05079109867387648,0.0022529223772528874,0.0022572720000772375,0.003992066805683147
501,0.01165363756464047,0.021456268584713906,0.03001174998328623,0.042985509050965966,0.02451889300864961,0.002700181130024142,0.018203417277411538,0.05801151841239389,0.0475003239914391,0.007767773812919035,0.024303680525108534,0.02725755198294191,0.005817011487607131,0.024753389825783872,0.5258592349208012,0.013655257033263821,0.010621307276177555,0.018757031553340218,0.029748800746323006,0.019967543025598875,0.034449918806610004
502,0.06758037720331707,0.044140613267273344,0.10809355023366467,0.09800920684891505,0.007905031109619523,0.033342226359756776,0.06675117131121451,0.0373412793764852,0.021670791447508136,0.03205045825613593,0.024764243329853067,0.06436128989740021,0.033903875349602465,0.09095999490464858,0.02386566443169447,0.09247688678668638,0.06381160844655881,0.05387664057714972,0.00644905885325929,0.012695820357847413,0.015950211651409387
503,0.03427838742239967,0.0791055485366494,0.0041240252797666585,0.022839352646548374,0.017786934237515494,0.013160775083573757,0.023804094455504844,0.030488443366777276,0.017583753126558233,0.004984408563096649,0.07288969128267264,0.31065803709155476,0.00515475729111236,0.028925681222783595,0.006275168216306655,0.015247894734919174,0.212933445572937,0.0338508756542354,0.02084682986487621,0.03085275257090372,0.014209143779308172
504,0.012615657140454524,0.43130964409151207,0.019891648489900212,0.016309202039000666,0.015329817479771591,0.008757936801044414,0.012778796819953177,0.01724219499470633,0.014775908644159612,0.013714534982462534,0.02373647058405219,0.01337654843758119,0.017865539890169452,0.024426212751437738,0.006066887769351551,0.28055088399819356,0.008541564342507612,0.007562533828030209,0.022844858148741546,0.012018738155766748,0.020284420611203068
505,0.10662697221451145,0.04160978707333836,0.03196107207390969,0.02708574080446036,0.025920860829864084,0.4357383178506249,0.014091382545070455,0.01912571060080828,0.03318709274403498,0.020274369116598127,0.054500293246386805,0.026738636762399254,0.006585301561101135,0.03126516170155602,0.006160211665801964,0.009237734513761376,0.0099063440631532,0.01579194259284915,0.025792988901794153,0.028008603839924345,0.030391475298051876
506,0.2168488278652542,0.022719222470017782,0.023129501068054236,0.024516326600979865,0.02335138141089005,0.4400330854999806,0.017814001174809708,0.022953515668231988,0.019043092960915234,0.007673645854749303,0.023187769092837495,0.015815512353512876,0.006666091557702244,0.022866329648168465,0.006743970974788898,0.027365389885671543,0.009709189291683634,0.009039648757203263,0.019143012022030347,0.02005620890972694,0.021324276932791337
507,0.012454935078601322,0.0303437636264096,0.0364565247033266,0.026284714868162858,0.02727641360683704,0.44234413287124075,0.022951401785664016,0.03462331474691594,0.03864235174975976,0.01337284376370034,0.04087048148947172,0.02184097353626566,0.011178044608003335,0.04018889171467561,0.020430143082577838,0.009317604219725936,0.012390337504497443,0.02328491298411599,0.03708986979596086,0.02241744056958231,0.07624090369450513
508,0.014574427563094393,0.16372906023289827,0.020298785697511316,0.029560401092020978,0.026055821789119703,0.01359564589774998,0.013746944393981664,0.02471941914614469,0.02524701520713631,0.010252534718130278,0.03188093673901924,0.022568937739399886,0.007971440179067955,0.01889563204317034,0.007891724505911489,0.007660363911624662,0.03536847357178718,0.451652587568703,0.02814695840184796,0.02347375952790294,0.022709130073777756
509,0.010090872929005918,0.07549794853764592,0.02278051156265609,0.510818320602063,0.021604206173329116,0.07682831220220467,0.012483154543623906,0.022779968995375068,0.022741668469261036,0.007148360147721743,0.027501957163622057,0.0169248702736946,0.006033951741390823,0.01940562599063296,0.006007558937655516,0.03435060137464563,0.007772704892250529,0.01686852445496898,0.027428719526878153,0.014602030604785482,0.0403301308765889
510,0.05538093730991255,0.02494080615866376,0.024814344351296216,0.07655315537665518,0.03305098934883521,0.411782650827619,0.017162246804195404,0.027163033713277676,0.03057952451660269,0.0067035107294919904,0.02956484914517557,0.026459912800308436,0.007923667791467586,0.01719766248875224,0.022830526348601946,0.08509955103005107,0.009410073891067237,0.017777240992327432,0.023310131068139384,0.03067947256943605,0.021615712738123346
511,0.026044085549831956,0.09539528900555193,0.014251417970505447,0.011742688465391128,0.07792080212905021,0.0041520323079700105,0.015362089620545862,0.019224611103612926,0.03322693174075486,0.1746857649657795,0.10465649149405322,0.03341184990624651,0.00366340312580921,0.13103133863895525,0.015812783466062096,0.060161198409825485,0.027941635613674604,0.008071988967107155,0.07545779501578677,0.05856213062339297,0.009223671880092833
512,0.08428334720277914,0.017521670155719926,0.02091143917862939,0.014138436479605424,0.02641048648248083,0.4074781637096876,0.012375969920430392,0.026636562927236058,0.014876445718736857,0.006739733353271216,0.02187899689439192,0.018077607141465977,0.07813781333479336,0.021990873470811245,0.0186669485219533,0.08504064658217418,0.00750003486795208,0.040865018429976585,0.022832960123185225,0.016029664493911935,0.03760718101080738
513,0.0033865243834151834,0.00436778685661746,0.004601809336910851,0.0052171626199917906,0.0140340125119999,0.0013444192117028776,0.008214879519269124,0.45655257585764714,0.004239555702996036,0.06099754377032227,0.04535620156870109,0.0026111677892890167,0.0029917880261092268,0.006842415503839554,0.001066789743465348,0.0030117711500490473,0.034856577895457194,0.3302656375755401,0.003695322271443461,0.0035431759267127642,0.002802882778520586
514,0.11186820284551646,0.097983246135064,0.010474946929226276,0.016279385958341223,0.0046224569451043486,0.003645885079911373,0.012085749321015206,0.014846375816853816,0.0112752517363085,0.0013063800823293616,0.01783485363224159,0.04089118690824981,0.21018646021113044,0.037768552610937804,0.0005213342975261332,0.13532447733873992,0.12951518279601512,0.05336048149370649,0.003358634557371565,0.08487204211102328,0.001978913193387312
515,0.017397148131668243,0.03988732436757311,0.017834551204719336,0.033057964523926335,0.019886743482320248,0.01623842456670643,0.009510601409726165,0.056361054594913806,0.27927265920477534,0.0062029606115981415,0.01617278649900075,0.01070880760730484,0.005296987315213467,0.025890996119182566,0.30128449186672773,0.028147893474869706,0.010129079852605806,0.008389035143813676,0.01522754473025936,0.05482221405545673,0.028280731237638256
516,0.004319229066913503,0.011772143752967678,0.00884889334854049,0.007969875486518415,0.03819203790370224,0.004582984178991951,0.02336483965992292,0.11378882773210681,0.008154164023713406,0.23426169065498445,0.4284405480056259,0.006465080188272722,0.0174538089769891,0.006066346500314089,0.003994697222608746,0.003660514268821564,0.003630328528720771,0.041351295542243476,0.013295075986173946,0.012527374527485022,0.007860244444382746
517,0.014005349989121047,0.029371140583562064,0.02483105441204614,0.010839669973812444,0.032721118505639746,0.5851216976412833,0.023548082504717,0.02996871847501741,0.02919164033806512,0.007935656892819115,0.02286841703168215,0.024882394434426542,0.013423000244001566,0.022257976295327875,0.005463764580898704,0.008965779140185691,0.014586871784428556,0.03135916445727082,0.031103752607395646,0.023458620358231926,0.01409612975006712
518,0.01597994715284063,0.042358561691920975,0.032642089382529424,0.030080801441952673,0.058983056342850254,0.011347819499067399,0.013454593771164036,0.029232490634670358,0.019829072100670014,0.007257677304228788,0.024128357006464957,0.06093218857863295,0.14691554413892674,0.020806540152006434,0.00685554870264599,0.012018892803472169,0.015327257157203601,0.014273293494759412,0.03864940808029892,0.3807286236198754,0.018198236943818932
519,0.012168417903737771,0.13823583543197968,0.014242717167783006,0.012456929282887703,0.017887758510515217,0.004804412020613171,0.009186754846136373,0.29503444484800134,0.011649930472760027,0.09884089004540712,0.024007400686992763,0.012097708511323817,0.0032422143945710874,0.007974627777337219,0.002868902746675036,0.004296159814132782,0.005540154904377985,0.2948944470333931,0.009086770184936636,0.011958544470228155,0.009524978946210043
520,0.003271018575443292,0.008445102065800899,0.004954218604683578,0.009695115631699495,0.010700558358206774,0.00328759245339098,0.005461952145028272,0.4709574734968866,0.005292499476000548,0.25453267682351477,0.15257043521824828,0.004749908582256878,0.0033746960962900002,0.0074202082396324365,0.003049035801688507,0.002625920843714928,0.0026405810547975327,0.029110297066075746,0.007662366774984317,0.0052193119988752775,0.004979030692780993
521,0.03901881926895215,0.08327370798072511,0.05550013232150112,0.37317597094321303,0.012777100229215134,0.04693938805524731,0.022471515363326033,0.01169041698794789,0.006294064067736451,0.007850777105238882,0.0521611118488392,0.010204172208506604,0.0041728574810340835,0.15342470029802494,0.005860181492824777,0.01719943407010917,0.004603042786710357,0.007256452616156257,0.014077183659210674,0.045157034786981465,0.026891936428499283
522,0.062227756597296145,0.016703279241897982,0.08835860529281703,0.1366714790655491,0.006139772284936465,0.07023096340628196,0.049011817218689295,0.013523265159143691,0.07806381850539826,0.014678479141780642,0.030147138875448416,0.06371202349694392,0.001539532357820067,0.13069795680246385,0.050475435930142094,0.08094056621189406,0.07476872272874698,0.011133518673495458,0.004952533055114778,0.003976441613396207,0.01204689434074365
523,0.002218759136766418,0.008268365880791922,0.004749530066134053,0.004856160781011289,0.004846348131806287,0.0021073766064170856,0.0023178714111333925,0.32611377994183655,0.003040526453813837,0.23341150019243503,0.07013204492924023,0.0029308961838017296,0.001105089126520131,0.0029561785195071195,0.0012466701194582136,0.001264397742828666,0.0009684627380352177,0.3175548383869189,0.004708362239696207,0.0031294528627433126,0.0020733885491044635
524,0.06702953576036379,0.02934098078046431,0.1175931027544486,0.03687253887850356,0.019870639269626116,0.008700406310168551,0.07536775157755615,0.013298456142790481,0.01884915916225905,0.0037210357376303307,0.05000705372744885,0.1754158592412751,0.00370264515834908,0.0882697498864725,0.0037722139939555424,0.16825248470556975,0.04662223293714728,0.012383486388334345,0.023112258111506287,0.028519399423563217,0.009299010052567174
525,0.040351651212576674,0.07284110802799232,0.03499534674155102,0.06780550581152701,0.043152288731332845,0.041409086502600966,0.05472755494751258,0.015042940099888899,0.07780535274489055,0.0650816817274764,0.06299784036513426,0.05997968910958889,0.0013290342288020775,0.06348904258805209,0.06274761760844781,0.057976032706166414,0.0668171474961148,0.01434003343831638,0.019789129154790443,0.07375926631908246,0.003562650438155121
526,0.03228280520253764,0.0772647374323482,0.0028321185824311443,0.04564249990542656,0.08420048869261477,0.007439653597753916,0.054444314686987606,0.172682291311373,0.06921607913021502,0.05004472823810263,0.030477720727659974,0.025087553417622994,0.0005863753152924941,0.035325698978942804,0.036469738789178245,0.04014208026251907,0.0567445219500754,0.0563519603420416,0.049088941793222464,0.0711453114837272,0.002530380159927317
527,0.05802301393042696,0.1040808366375865,0.07331172491455577,0.08676679644464462,0.024625065995448014,0.03179351126957756,0.09827957799356611,0.008378545093001254,0.021365598101621325,0.018715588268078898,0.01645293767270007,0.08835713177435019,0.11690039489005205,0.05849632929574732,0.025114329453543045,0.06086493390452754,0.046771815980440695,0.00817294952373773,0.011397153837273166,0.03373374515715762,0.008398019861963655
528,0.01648134620245913,0.022193284829033766,0.027007939023401192,0.019413201745929223,0.030122342114464518,0.553249926623154,0.02481415781646489,0.03012841362932131,0.03173080161501691,0.008911361145755966,0.037428758441271116,0.03263133262639911,0.009027734736653106,0.02813070832592986,0.027305085748113186,0.00864841257950569,0.013180348691304938,0.010809660751784024,0.026047129359422782,0.02034081253879846,0.022397241455816775
529,0.0626013589293433,0.025720158367545015,0.019787300527117257,0.04715935285657699,0.01916296685579204,0.48254939211039843,0.022062112075749967,0.019738748186289245,0.029457989631366355,0.004712885810128103,0.02039525115085854,0.04107460367065719,0.005078869872483468,0.01814535780334896,0.004065429765883794,0.06554989595830851,0.013648544033286516,0.008862959963113301,0.017356008611748328,0.020302119572532588,0.05256869424747218
530,0.0651895877035677,0.07611961855877288,0.008782159439729703,0.002875123831216651,0.04806940233713015,0.0034471290348604584,0.11011064327019582,0.007060640011658004,0.13833784124730744,0.11616467212299696,0.10020169234887794,0.07480628175017032,0.004714168625281606,0.036880376815448,0.07146103645931695,0.03590594824846724,0.008988974512592939,0.004263507551739545,0.007840931082578745,0.07344737587991522,0.005332889168175768
531,0.00997794723411747,0.02661169126710676,0.020825588690746202,0.02963450112270494,0.028221739478909266,0.009006401136220213,0.016163101858453887,0.21837968596482513,0.02483852550243777,0.12053195735289983,0.3613169721217833,0.027101939700501666,0.005136201393719282,0.015824403176408885,0.00812862338586781,0.007884059852708654,0.013576640337968647,0.005150118893035849,0.019472900270341292,0.017091788548659732,0.01512521271058343
532,0.01324214343844392,0.03647407934911242,0.04529686898205926,0.0369555831126924,0.07957132227204129,0.011098771837695998,0.05247194656788057,0.0375245380714139,0.05050129284943969,0.010677208335240204,0.03468343282278186,0.026550424586114924,0.0067633663881661735,0.04037027964425362,0.008301216138238856,0.007735371858787391,0.010783421175635364,0.01693040647522676,0.027969251704103998,0.4312649434552103,0.01483413093546107
533,0.573949867975178,0.01980697723839139,0.022174430178580132,0.02770836288322608,0.02027041067917481,0.02402716899208074,0.012029589673864237,0.019360872006537664,0.01887530536778586,0.006491821681553526,0.025915059868763843,0.019443994274260194,0.004959124103306924,0.019129045691566416,0.0060994901719104155,0.0925897050457442,0.010644602667928263,0.013756848590812087,0.022425673170841997,0.01932226727670606,0.021019382461787126
534,0.011678178619216698,0.04022724364434555,0.5462916379513146,0.020330425875809816,0.020624217466649258,0.06574708016611135,0.016001496107582208,0.02123944338662316,0.03567593367355195,0.006621473854464152,0.02414367110958056,0.04425048240129531,0.0068266520716405025,0.02493662924630241,0.008205138904552853,0.007680942289678722,0.011198254061616076,0.0195111058701211,0.024005606019050107,0.02573039776045655,0.01907398952003695
535,0.014618416466670331,0.025654721510412704,0.5524875395834123,0.021665971654596966,0.026168524464540818,0.02133923124424326,0.012219080563613248,0.022757051393678313,0.02974549611881197,0.007832640669025967,0.03012533215184118,0.04526255180478984,0.0047093142046642006,0.028342656985432826,0.008136081309226535,0.005377503829013481,0.007415210743593877,0.023442145750797293,0.025322479489916994,0.06066740110715025,0.02671064895456754
536,0.02517127013008214,0.03721454432975508,0.022115742641728223,0.026628857237561424,0.03270984280018364,0.015341842528483767,0.014432854859660525,0.050156911320757246,0.026361212064480694,0.007483950635986998,0.02182354523408093,0.02364241783146251,0.00996957990305602,0.02128002306064707,0.006000364876919721,0.013425183846062295,0.5343064375083583,0.0119375013018116,0.05552219399565672,0.019065974357128212,0.025409749536137043
537,0.5217494897064376,0.015622125386447852,0.020244293839887417,0.020908976123056148,0.026545942280390436,0.006636273042684367,0.016898638298349047,0.032173904988096164,0.03340021168814354,0.007363857311687275,0.030210415129507315,0.024055531168937702,0.006428926005737742,0.02320512120471943,0.006803956498504006,0.0047999269369367195,0.05157854808180543,0.07543733100245005,0.025926238331829343,0.024380464262612214,0.025629828711780083
538,0.7175126880679207,0.0024401873886180543,0.005579038782964829,0.004260043604862068,0.0032919159324904974,0.14454849911088524,0.001979197876294654,0.0037529130960562997,0.0056997414749413175,0.001213100804115455,0.004283048682192429,0.002800826123624995,0.0008794839405946745,0.0035692990046308822,0.07468996367538697,0.00822062833710022,0.001345121723864975,0.0027517020775590395,0.004699961519942299,0.0029461594079477614,0.0035364793680065652
539,0.01227068531552634,0.017936626678333404,0.03853395167631483,0.028202250104623763,0.026801898412892825,0.017337705531321437,0.014039045823285405,0.029293137120435613,0.02921753627050873,0.005601280918548255,0.0242768992843295,0.02785742262418355,0.005594910928501757,0.01681323097239099,0.02214751203635454,0.006356515873673537,0.008534853646419635,0.013932045297405396,0.6137466532039502,0.026647731974220715,0.014858106306779658
540,0.006749517844825463,0.021014153389973537,0.5932708021037665,0.024513636349547507,0.023282796024956007,0.021879527749817898,0.007450941627987001,0.021271667592831413,0.046524601879981205,0.006478444803522459,0.040586237723350786,0.018063322345659227,0.0034662437994055595,0.030108487136263216,0.008886395972876623,0.005430827771936492,0.005471966106051704,0.018168700498167004,0.0472741362218021,0.018012497794609925,0.03209509526266835
541,0.015493299565598742,0.025824993751425263,0.029237776622090123,0.04519754963205227,0.027688409117799448,0.01084212931140606,0.01335339087994935,0.009383608654189675,0.03453454134776151,0.00737096869520444,0.036909673901775596,0.015798657736374528,0.003270600804072163,0.1895363206625813,0.00734622077274498,0.008444680319935,0.42279443324276667,0.012357754933219382,0.034430720901264415,0.018725799596733594,0.03145846955105552
