site,A,C,D,E,F,G,H,I,K,L,M,N,P,Q,R,S,T,V,W,Y,*
338,0.1275503262025147,0.010091529497112254,0.03849587313956335,0.1311308665664881,0.005217389399867559,0.13728420313115824,0.013325494548310392,0.002964301003439545,0.009763233629455139,0.005498624144470087,0.03581938491832151,0.11565213169706426,0.0015601584228629186,0.10442930970672412,0.0003939604927301904,0.122564435732482,0.11307126307392976,0.0023487071944869914,0.000926344063574858,0.01717066212941488,0.004741801306029247
339,0.0026708304066719118,0.08519542330044305,0.01397100229472407,0.00651017649535153,0.013233261877112304,0.0017652322384358809,0.02086595030561388,0.054644220170752,0.023250630340541183,0.0038936462292772306,0.01356286769864902,0.03255088247675765,0.009687762641892158,0.01564946272921041,0.0031541552787555855,0.004703884750976539,0.01030091217618913,0.6478474579034291,0.00651017649535153,0.023250630340541183,0.006781433849324511
340,0.0007457482757487027,0.007193897808393119,0.003556923931577975,0.002356462104670407,0.004488499246991253,0.0007222872351480178,0.006732748870486881,0.4693892586998811,0.0033917325639420777,0.07553592698812772,0.03369494782313541,0.007250652629755101,0.0026930995481947513,0.005095053199287369,0.0007685452389290027,0.0012912121121481691,0.14615117678855688,0.21873138515878354,0.002298987419190641,0.006081192528181697,0.0018302618288702195
341,0.026022897946223464,0.18000963290073582,0.0019636954863403843,0.03644488757751911,0.0013353129307114614,0.05256951972670595,0.0015896582508469778,0.006905339012757086,0.0029028541971988296,0.07918312297686331,0.07984298233500381,0.009826828595077395,0.0008784953491522775,0.08035809835006835,0.00030085064447419414,0.13147477757830628,0.29552549194929406,0.008285189854226528,0.0007674212245468171,0.001669141163389327,0.0021438019505584578
342,0.0038480723016973404,0.00912135656698629,0.012313831365431491,0.00656737672823013,0.11481811003429976,0.0015108995540406736,0.023454916886536167,0.392189770351323,0.008348360247750165,0.03246639312641843,0.2382453378981549,0.019702130184690386,0.0050260536185434655,0.01296192775308578,0.002010421447417386,0.0038480723016973404,0.003367110328665439,0.0016149665977487266,0.03246581042349165,0.07011233527626388,0.006006747007527557
343,0.2597253760009114,0.4897523901797361,0.003812555121027084,0.0042044364527404265,0.02117706851971633,0.0010113919651971808,0.008630159034572454,0.008408872905480851,0.009937758888295553,0.002484439722073888,0.007998683983262273,0.018374221215636234,0.012013913871762148,0.006187661194599119,0.0015691198244677186,0.10364492252153974,0.01442469493646244,0.0011253482459205161,0.0034161046178515964,0.018374221215636234,0.003726659583110832
344,0.008139513776609356,0.012558106969625865,0.019534833063862455,0.012558106969625865,0.021440670435946597,0.0021233514199850492,0.03381028799514656,0.012201637346031689,0.015354387263857447,0.017451793882979356,0.6988877025155127,0.025116213939251723,0.011566677472023824,0.01911016277986544,0.0032288757683745293,0.007848816856016166,0.0036871001654267487,0.035071581120404594,0.007991522617034641,0.021976687196845254,0.01034197044557424
345,0.002596460051429319,0.012152640429320963,0.018824678312085417,0.009897511277488209,0.023416063266252583,0.003542651638067735,0.022858537950389432,0.009993544053985975,0.014546342332066005,0.0051340031760232965,0.011566971011040438,0.020513306358437046,0.008807877008406939,0.01655273437786821,0.003254435911580869,0.005638865833973291,0.7631895390892911,0.0065757437939476466,0.009600585939163563,0.022194093009026236,0.009143415180155774
346,0.004022254424930113,0.0084075553485282,0.7820579696271907,0.006395673248811149,0.018401441894891905,0.0011135278652262364,0.01618849960678212,0.022165373191574342,0.018755315777485983,0.004900886534820459,0.0168151106970564,0.010954995266219474,0.009030337226196955,0.022680846986727232,0.0029287580193071206,0.005565216299986127,0.007994069019912061,0.010698506642011635,0.005983290922878964,0.01660467549835789,0.008335695901104884
347,0.041291332759288514,0.007196891170069479,0.008943709415231973,0.009212020697688932,0.012974677038998496,0.0016304461411838819,0.019191709786851942,0.05243031072705011,0.012974677038998496,0.0032551309885826617,0.011372865058875225,0.015043054501950965,0.006422829590036866,0.020471157105975406,0.0021373597906470844,0.0032967633499651587,0.7415059275415685,0.0029244510151393444,0.005117789276493852,0.015882794306360228,0.006724102699043016
348,0.027323472187490788,0.017517482518013973,0.016738927739435576,0.01321494295218598,0.025108391609153364,0.004138745869640665,0.024298443492729065,0.006012581933652126,0.019314147391656433,0.008758741259006986,0.021521478522131456,0.03586913087021909,0.011546365615685967,0.07532517482746008,0.007141569480748649,0.005783694338873761,0.5984257453534653,0.007532517482746009,0.031385489511441704,0.021521478522131456,0.021521478522131456
349,0.004611555044183605,0.014054191924011,0.013460352828630251,0.010618722787030532,0.013652643583324969,0.003869170246286428,0.01647732846263358,0.026546806967576324,0.018378558669860535,0.0034230261300335304,0.010738034279019638,0.029865157838523372,0.7640044446446321,0.012390024711127259,0.003228665712272797,0.0036556047641217526,0.00908126059522926,0.005654941129187858,0.007645480406661982,0.02033372448580314,0.008310304789849982
350,0.0036998431018846543,0.002426781831778381,0.00833697978958009,0.007443731954982223,0.12893696863725718,0.0018071487983193832,0.06005792690536141,0.012260264396441307,0.010780577314112184,0.03936614717652755,0.013592901830837101,0.019945514569440628,0.005298927832360226,0.015250572785817233,0.002594495785139031,0.0056953486535543585,0.007625286392908617,0.014476583155239161,0.1347669903340583,0.4996656968655542,0.005971311888846776
351,0.006318020458320793,0.008236000931528166,0.008879778998699062,0.01094409330908337,0.015504132187868105,0.7427440015265495,0.03322314040257452,0.025840220313113515,0.016913598750401573,0.004845041308708783,0.017551847759850688,0.02657851232205961,0.010002665927656841,0.014765840178922006,0.0031857805865482406,0.002988894829237946,0.010222504739253695,0.00893010115629021,0.006551041769521737,0.018984651658614012,0.006790130885197711
352,0.003584228075617846,0.00871619100207067,0.012783746803036984,0.0064741371929030395,0.01322456565831412,0.0018527169279763747,0.04761654082468789,0.07982720020273186,0.014872320232256729,0.372254948650071,0.065908611449435,0.010653122335864153,0.009704094036575541,0.3048605758904087,0.005012214228199746,0.004079919192458612,0.005478748629872993,0.009296332175508014,0.005992381313923585,0.015979683503796232,0.0018277216742907708
353,0.03519836627962538,0.015152823417051776,0.023343538777620305,0.016609825668691368,0.017626753770856145,0.004112909213199767,0.01489156784089571,0.020086300808650034,0.020944681146814574,0.013315788400559355,0.022729235125577663,0.02540326278741033,0.008637109347719513,0.6874756296048807,0.0036169449785964066,0.0070795978259996,0.013495483355811739,0.007319584192982637,0.013086529314726534,0.022729235125577663,0.007144833016752719
354,0.05160378199663985,0.009466780046793606,0.01420017007019041,0.010567568424327748,0.013364865948414507,0.0011338774709401007,0.051170136769777316,0.10401975697972957,0.14837156565962323,0.03954056023119156,0.0424337719554251,0.017477132394080507,0.013364865948414507,0.020711722025862245,0.36015080679917005,0.03211422785953678,0.013364865948414507,0.008528356128296218,0.014260529919446137,0.02524474679144962,0.008909910632276337
355,0.002572233231398805,0.023340957722648086,0.018998453960294953,0.016018304319464372,0.04718384937181343,0.003290939337789435,0.031420520011257044,0.012175504410360952,0.03025679704787715,0.005963018396296956,0.015413840005522322,0.025529172509146346,0.012568208004502814,0.021498250534017976,0.005753052959807626,0.007855130002814261,0.017019448339430896,0.6497798033497718,0.010211669003658535,0.03267734081170732,0.010473506670419012
356,0.007113641153315374,0.010335248447936098,0.014915699192435461,0.012330311332413316,0.7387211643938817,0.004511089511858529,0.029831398384870922,0.021017576134795424,0.02311933374827497,0.001900724413932662,0.014915699192435461,0.02010376847676084,0.009533745875577307,0.02311933374827497,0.005314789367419532,0.0033502657318793616,0.015412889165516641,0.005019427612230791,0.009943799461623642,0.01778410288328843,0.011705991771278465
357,0.009308876356152318,0.025387844607688132,0.0206863919025607,0.0052621737347302395,0.023272190890380788,0.0066491973972516525,0.034908286335571186,0.015958073753403967,0.44245454720726957,0.006729308209266736,0.018017180044165772,0.01808304068912074,0.015095475172138892,0.025116094635615746,0.2314942157421317,0.008094675092306361,0.01074101118017575,0.006275646981675718,0.015958073753403967,0.04654438178076157,0.013963314534228473
358,0.009709594683370446,0.022073933832108678,0.01611014097791854,0.542122852443421,0.038016219377520505,0.0033334711764634235,0.03421459743976846,0.03258533089501757,0.036022122395166334,0.011217900799924081,0.024438998171263184,0.05702432906628075,0.014256082266570188,0.028512164533140375,0.007956883125527548,0.010861776965005858,0.021384123399855282,0.00850307191225129,0.01710729871988423,0.03601536572607206,0.028533742093470368
359,0.013595202397228213,0.036901263649619424,0.07380252729923888,0.003447720523596943,0.04305147425788934,0.011741311161242548,0.0574019656771858,0.06902291678100264,0.40821917433583454,0.015655081548323395,0.03038927594674541,0.012684866120641737,0.032288605693416995,0.06238474463007902,0.004500695972690347,0.01666508680950555,0.018470782085808764,0.011480393135437156,0.02152573712894467,0.036901263649619424,0.019869911195948924
360,0.0023643864905787877,0.07272865108076346,0.04040480615597971,0.009569559352732035,0.05194903648625963,0.0033143719751518716,0.036364325540381735,0.05194903648625963,0.036364325540381735,0.009338989202504684,0.049712755168904846,0.07272865108076346,0.017316345495419872,0.03305847776398339,0.009569559352732035,0.014545730216152693,0.027972558107985948,0.2873185742335518,0.024242883693587826,0.1212144184679391,0.027972558107985948
361,0.007686299440362829,0.061946958096427925,0.3924122828749752,0.013586648349199381,0.041297972064285295,0.0010167967944029765,0.027173296698398762,0.05506396275238039,0.09911513295428469,0.01598631176682011,0.03812120498241718,0.006441944608763713,0.015017444387012833,0.03303837765142823,0.009717169897478891,0.020648986032142647,0.018354654250793464,0.05933370528520288,0.035398261769387394,0.021110607967645183,0.027531981376190194
362,0.001777864649721962,0.021228171161374848,0.020470022191325744,0.016376017753060596,0.024920027015526994,0.003721822216604681,0.04776338511309341,0.01883930969664315,0.024920027015526994,0.01364668146088383,0.05210551103246554,0.02605688869230869,0.019365425994613106,0.05210551103246554,0.0066646583878734985,0.08946831202758745,0.45463100609863505,0.007960564185515568,0.03371533066806593,0.03821070809047473,0.02605275551623277
363,0.0069372701033622725,0.028616239176369365,0.029860423488385426,0.012718328522830833,0.0381549855684925,0.0014013384887678322,0.03614682843330868,0.03433948701164325,0.006439666920176845,0.012487086186052092,0.02110101875747941,0.0381549855684925,0.015971854424020118,0.016750969273972318,0.5448710566951736,0.008129092642068843,0.02984488309213535,0.0078044288662825565,0.045241792340332786,0.04905641001663322,0.015971854424020118
364,0.07746915925897734,0.015914523078301566,0.020040510543046414,0.0063480792388553075,0.03006076581456962,0.002081129941008666,0.022545574360927217,0.09018229744370887,0.020040510543046414,0.012882479504006202,0.08542819795228919,0.041622598820173315,0.006763672308278164,0.014239310122690875,0.0034464572271481093,0.007841938908148596,0.07275297169332999,0.43039485089459417,0.011512633716218152,0.020811299410086664,0.0076210392205951156
365,0.056838441260745165,0.033738208559645724,0.03092669117967525,0.020617794119783497,0.0371120294156103,0.004078244990726406,0.02854771493508484,0.020617794119783497,0.02854771493508484,0.028285668667490334,0.01325429621986082,0.23682683858643824,0.2936199434204652,0.023984114508511335,0.004033916240827206,0.05932869375959569,0.006215339552420778,0.011971622392132352,0.02650859243972164,0.02854771493508484,0.006398625761312121
366,0.03194723183701992,0.04725959446723329,0.3367097326524144,0.028115588825528087,0.03271818078500766,0.04349204925311755,0.04725959446723329,0.038666940927736315,0.03271818078500766,0.01090606026166922,0.02501978530618233,0.11100122921607632,0.015190583935896415,0.042533635020509955,0.007595291967948207,0.010633408755127489,0.019333470463868165,0.023367188182577946,0.03271818078500766,0.04154725459458332,0.021266817510254978
367,0.012997602135897731,0.030067488026827793,0.01913385601707223,0.03946357803521147,0.03507873603129909,0.006938651083114107,0.019913002447583247,0.03946357803521147,0.03323248676649388,0.004535577731394925,0.06314172485633837,0.03157086242816918,0.5004026758150123,0.01857109554598187,0.005218324368292428,0.004061852590495274,0.016394418620698084,0.01343440954390178,0.0274529238505819,0.03946357803521147,0.03946357803521147
368,0.032752133638782,0.09170597418858963,0.006843794317564017,0.007777038997231836,0.007777038997231836,0.10278595131319886,0.22537800462871416,0.00658057145919617,0.0991350739969879,0.0013396860106057484,0.004387047639464114,0.061410250572716256,0.0015594815126187339,0.13538962388343354,0.0762920280038101,0.11872648444058477,0.003491731794675519,0.002592346332410612,0.005899822687555187,0.006110530640682159,0.002065384943947011
369,0.05574955667520191,0.07739062734275749,0.04484219944226542,0.05042490415938755,0.040845053319788674,0.037661839728594326,0.07069336151501884,0.08533698640027276,0.06011454467016729,0.03362245242787482,0.05636617358130836,0.0919013699695245,0.07051551658038988,0.03956388597977873,0.06126757997968302,0.03063378998984151,0.01253200499584425,0.04686244064496997,0.013448980971149929,0.01701877221657861,0.0032079594096022348
370,0.008993231861951417,0.01631476520771714,0.0050180420104522705,0.048329868537395786,0.03561148208018637,0.5360679370006125,0.02602377536629004,0.029418180848849614,0.03758989775130783,0.01127696932539235,0.03758989775130783,0.03383090797617705,0.01691545398808852,0.039801068207267115,0.006151074177486737,0.004777753177903393,0.014396131053692359,0.009343199988775036,0.019900534103633554,0.03758989775130783,0.02505993183420522
371,0.003011046794413119,0.03144030610401056,0.04353273152863,0.017685172183505935,0.04353273152863,0.010677839808909247,0.02694883380343762,0.0051890116084944956,0.05144777362474454,0.012040968295152978,0.03772836732481267,0.09073497682316845,0.011549500201473268,0.04716045915601583,0.007349681946392077,0.011674765047857737,0.4477889336034397,0.010105812676289109,0.02694883380343762,0.03772836732481267,0.02572388681237227
372,0.02877360999117139,0.0029851128963320588,0.006595833719455062,0.005878895271688206,0.0062890507557594785,0.0018589626273566252,0.012225819901426183,0.09798580699696205,0.09711093372020345,0.0798227509063029,0.007116557434148884,0.007953799485225224,0.0042254559765258996,0.294681454047514,0.2144771595496009,0.0027842196501009033,0.02354204453823114,0.08545762167377907,0.004916894227230136,0.010401122403756062,0.004916894227230136
373,0.12269190165180441,0.04241201538580894,0.016964806154323574,0.06997982538658473,0.045804976616673654,0.00347007398611164,0.0636631165515989,0.008854263533822843,0.12288777410827534,0.041728591312639195,0.11875364308026501,0.01593767436088112,0.001912951849743437,0.06287088710308189,0.07469019045962821,0.016699731058162266,0.07634162769445609,0.07023429747889959,0.01205394121491412,0.011384053114915083,0.0006636578974097833
374,0.16869072240914693,0.28399908979381683,0.017969765414052402,0.010981523308587577,0.03953348391091528,0.002137548945546355,0.03294456992576274,0.021809180090248157,0.019766741955457644,0.005007551282661883,0.012354213722161025,0.03294456992576274,0.013177827970305095,0.03294456992576274,0.0030410372239165605,0.029894641030928086,0.05409506472263178,0.15611321558338703,0.006588913985152547,0.03953348391091528,0.01647228496288137
375,0.015589901494200652,0.0332584565209614,0.031179802988401315,0.045352440710401905,0.0498876847814421,0.00631489680777748,0.04157307065120175,0.009872308053685221,0.015589901494200652,0.011123726433155975,0.39475825564035716,0.07126812111634584,0.016092801542400673,0.03837514213957084,0.008908515139543228,0.014253624223269168,0.10779828794801763,0.002709012366487416,0.019955073912576837,0.045352440710401905,0.020786535325600878
376,0.029767102461653584,0.08659520716117407,0.002008408507182999,0.05073937919600043,0.04059150335680035,0.050389452442924566,0.0909753962224956,0.01376978699078321,0.11024287307942097,0.06262689089334911,0.010601974027891169,0.0669651105204814,0.0019724602842588223,0.06869331337304672,0.05340987283789519,0.06234600135302378,0.09716169880384418,0.027994140246069204,0.028652825898917888,0.04003261327841132,0.004463989064375229
377,0.02688103268519148,0.02688103268519148,0.007321760948350256,0.005613350060401864,0.012028607272289707,0.0016509853118829012,0.026881032685191483,0.133217923638234,0.10373392345125158,0.12848315271398258,0.28513061428623626,0.021993572196974856,0.004009535757429903,0.01295388475477353,0.05711619225979687,0.024988002214403355,0.022860669140237176,0.023683692710947456,0.0058069138555881345,0.06144236042329483,0.007321760948350256
378,0.12861200633282968,0.15745053498307002,0.005621694580759877,0.0064629449619268715,0.008962965970796943,0.0012448399642872353,0.016157362404817178,0.0273764209616424,0.007800105988532432,0.003968474976621764,0.00942512806947669,0.016157362404817178,0.0041127831575898275,0.01028195789397457,0.0026612126313816536,0.0041889458086563055,0.38969007408309825,0.17913055052546323,0.004267982522027179,0.010771574936544785,0.005655076841686012
379,0.28130369936426525,0.04375811441508339,0.020211109418710457,0.013039425431426098,0.05392123054593834,0.014337462286142577,0.025263886773388068,0.01837373583519132,0.014436506727650322,0.007349494334076529,0.026948145891613935,0.03368518236451742,0.0008714540241087161,0.026948145891613935,0.009624337818433549,0.32017891838439927,0.008935525599694284,0.007091617339898404,0.01616888753496836,0.04632472589737399,0.011228394121505808
380,0.052248817036973594,0.04378565093531896,0.08747400042411499,0.07038137965158678,0.006415965388442744,0.057687595107282726,0.037018777608951475,0.037260730403781236,0.05508107972732877,0.04592047371723998,0.023606177025998043,0.13196508684672517,0.0009990198053808086,0.08445765558190413,0.045245172633162925,0.07461606027065822,0.05670061325193404,0.032905580096845764,0.030163448422108614,0.022692081899727122,0.0033746341645340843
381,0.011572685797388621,0.01404691122900565,0.04629074318955448,0.02083083443529952,0.20830834435299522,0.015613074901052454,0.034718057392165866,0.04629074318955448,0.02777444591373269,0.00790379324611924,0.02192719414242054,0.08332333774119809,0.011572685797388621,0.02450686404152884,0.0036049084521528507,0.00621815953292523,0.04166166887059903,0.009468561106954328,0.33024234823449483,0.032047437592768485,0.0020772008407009303
382,0.002344781416444077,0.01553417688394201,0.01242734150715361,0.004602719076723559,0.5436127169082945,0.0016569788676204815,0.007767088441971005,0.006540706056396636,0.007310200886560946,0.09834581890807213,0.08565225667781447,0.0059177816700731484,0.005294548057533111,0.007646140315915653,0.001062632868829385,0.0019651964118215515,0.002701595979816002,0.00792768545491263,0.00443833625255486,0.17379925805000762,0.003452039307542669
383,0.014273559309876619,0.02072317721000968,0.020191864389581555,0.014783329285229355,0.018397031999396532,0.004864479622224673,0.03184101692203245,0.020191864389581555,0.01655732879945688,0.008740917905689103,0.019711105713639137,0.02587082624915137,0.015052117090415342,0.022232239226512174,0.002112158881451551,0.007198838608459511,0.01009593219479078,0.007075781538229435,0.6587186507723628,0.024349012940377758,0.037018766951531924
384,0.07983195885845125,0.029271718248098797,0.05322130590563417,0.04282571384896989,0.029271718248098797,0.08207053976845737,0.036845519473131354,0.04695997579908898,0.06584588354540145,0.0511544590743474,0.0324947928609136,0.08205788297719092,0.001437753852191892,0.0775681858025541,0.05416978322625077,0.08358875692237837,0.06236222192973005,0.03352942272054952,0.00831582904775534,0.04605689934141419,0.001119678549391587
385,0.05100671858924655,0.034340953504242364,0.03584983622276214,0.14216826624490614,0.009444221034107239,0.015172423584811258,0.149549313647507,0.04905850500606051,0.03320414199859817,0.05723492250707058,0.05943626568041945,0.06438928782045442,0.0038178765882561187,0.10592507360232985,0.0018498989654436861,0.05019062435235422,0.050875486672951636,0.049036728266852986,0.016352835002020172,0.009444221034107239,0.011652399675498379
386,0.014312537481580805,0.03271437138647041,0.05088902215673175,0.03271437138647041,0.05725014992632323,0.007508216383780094,0.019083383308774408,0.012722255539182938,0.024105326284767668,0.3625377550469145,0.10130518985767936,0.03523086149312198,0.026039645625322752,0.01098013913976525,0.004835736133801371,0.011450029985264643,0.013470623512076051,0.06963044868849906,0.021809580924313607,0.07309030776273641,0.018320047976423434
387,0.04532639225725015,0.02892680236491718,0.02892680236491718,0.0049350343438269275,0.04227763422564819,0.4347175147038992,0.06106769388149184,0.03053384694074591,0.04996447681212968,0.010569408556412046,0.02748046224667132,0.04227763422564819,0.021138817112824095,0.03925780320953046,0.0036619293095755618,0.051547661782755064,0.01962890160476523,0.006338213537336452,0.0095705423853571,0.022900385205559436,0.018952042928738845
388,0.09866923961148101,0.0064514022879260426,0.004915354124134128,0.028625516012776926,0.012333654951435121,0.012673113344593893,0.12333654951435123,0.028216859239494,0.16330189663064693,0.01866715344000992,0.0758994150857546,0.053218443789091276,0.003970093715646796,0.02998041294196237,0.14321731010205338,0.07308832563813408,0.06851072676509898,0.040479688045735804,0.0034407478868938896,0.007646106415319754,0.0033579904574598135
389,0.022056514094361074,0.02884394485065008,0.06155098677143434,0.07833761952728006,0.03165479319673767,0.05314136415069007,0.07629760947594039,0.008040968794103731,0.16413596472382488,0.0016863638620300272,0.033573265511691465,0.07575506064176535,0.0016285506418437937,0.036474658827516646,0.1017978230303307,0.06427149473749787,0.05814885874104882,0.024953102745176085,0.015387746692858584,0.059271320594714544,0.002991988388503714
390,0.010293156940149555,0.01637547695023793,0.020014471828068578,0.003464450420179815,0.021191793700307906,0.006733840988882888,0.028820839432418758,0.01637547695023793,0.5729038175050875,0.005585433998530768,0.011719945720343112,0.027663602566215823,0.009237448536031654,0.024816644794206987,0.14282474880366702,0.0060426574212315825,0.009276260660988384,0.03431052313383185,0.009120518807727454,0.015663499691531933,0.007565391150122577
391,0.07517037727341581,0.05348661459839202,0.013199997835524056,0.021394645839356817,0.0725999880953823,0.0010280614035201546,0.057943832481591365,0.01814999702384558,0.10634397490739123,0.013318249137840191,0.05297721826888353,0.013199997835524056,0.0021352937675112446,0.09739392398941281,0.11490396367202585,0.07725844330878848,0.12168204821134188,0.06013630181873267,0.0006211743469055407,0.020742853741537805,0.006313042443076724
392,0.006949907921145954,0.04727794286512635,0.020684100003492786,0.019467388238581445,0.03893477647716288,0.007117109678621172,0.019467388238581445,0.034836378953251,0.03309456000558845,0.011347346714628167,0.024514488893028482,0.02545735385045265,0.5247523323930545,0.03131485668582693,0.006303725715350181,0.021777606282183774,0.035787982802460545,0.006244256604828009,0.03309456000558845,0.031518628576750904,0.020057309094296035
393,0.013555638521921199,0.005662132023753221,0.03428779155544774,0.03067855033908482,0.058289245644261155,0.005828924564426115,0.004855499735865954,0.0647658284936235,0.052990223312964685,0.01602570588577765,0.0647658284936235,0.04483788126481627,0.010997970876275688,0.022418940632408138,0.4617055901134486,0.008838542127697864,0.016654070184074613,0.012143592842554406,0.018215389263831608,0.03238291424681175,0.02009973987733143
394,0.0005463564389441819,0.012406221375593204,0.0006082518241751843,0.007325467621588087,0.03439310376232421,0.0012600682840215427,0.009360319738695892,0.12402207050434061,0.1411207681473727,0.07154696651428272,0.09924977100474566,0.010530359706032878,0.037632204839299396,0.19353705345925404,0.04838426336481351,0.004955463391074296,0.03136017069941617,0.13352781331442942,0.012960442715117388,0.0168485755296526,0.008424287764826302
395,0.013092827784352412,0.2902577677907685,0.01745710371246989,0.013092827784352412,0.10400617705630212,0.006895108199436416,0.040733241995763066,0.028199936766297506,0.03332719799653341,0.16706328291844144,0.1349357285110488,0.028199936766297506,0.01264135096420233,0.040733241995763066,0.0011251824297431577,0.00918028839318538,0.01593909469399424,0.013092827784352412,0.011892640478939896,0.0036905342218291753,0.01444370175592677
396,0.00276889203993748,0.04732663774065138,0.025240873461680725,0.04206812243613455,0.014562042381738883,0.018930655096260546,0.029124084763477765,0.004010700995263661,0.05408758598931585,0.015775545913550456,0.06310218365420182,0.04991447207897141,0.017486761233272252,0.04732663774065138,0.010817517197863169,0.11997202548902976,0.2995619175152436,0.03786131019252109,0.018930655096260546,0.05408758598931585,0.027043792994657926
397,0.04303849865916998,0.03371370781073971,0.022475805207159798,0.0025278493923674085,0.022475805207159798,0.00473174846466522,0.02996774027621307,0.02776784695287304,0.2129556483343064,0.009300333189169575,0.01685685390536985,0.08567092134747223,0.01348548312429588,0.043238823684854676,0.3103316520388174,0.00899032208286392,0.035213317084775445,0.00674274156214794,0.014195245393995663,0.02451906022599251,0.03180059605559009
398,0.05775414919698042,0.005885398497619094,0.08095889040833894,0.06918898549182083,0.04846600627504831,0.035110486662269645,0.10231712435843529,0.059795722027657,0.023296675033102888,0.026436003422753623,0.07673784326882649,0.007356748122023867,0.006201037839905168,0.10611013921205478,0.023154939168156537,0.11510676490323973,0.03965400513413043,0.05019293989080113,0.03255544865950215,0.01993190734255234,0.013788785084781253
399,0.01111914227589631,0.027211976170241556,0.023421402194216585,0.4670181622034162,0.042761676838951004,0.0013857896941977044,0.05442395234048311,0.04605103659579339,0.01397197986140234,0.010321784064574381,0.06234382554943034,0.042761676838951004,0.02494431148938809,0.03917886614392987,0.00864118333883789,0.010321784064574381,0.02217272132390052,0.011738499524417923,0.012217621953986001,0.05442395234048311,0.013568655192928143
400,0.00807764597844191,0.014986043213607615,0.020504793637583316,0.012693443680408718,0.2093901227602626,0.005226712103697708,0.029618035254287006,0.029618035254287006,0.014809017627143503,0.0026865377578479347,0.019040165520613078,0.019040165520613078,0.00807764597844191,0.010662492691543323,0.004038822989220955,0.0024202976475175175,0.012693443680408718,0.006015539770106783,0.5504377353221689,0.010443220851491965,0.009520082760306539
401,0.02058896344983301,0.1400049514588644,0.014506515695340194,0.01004297240446629,0.004662808616359349,0.00407995753931443,0.021759773543010293,0.10234836453076865,0.0720613720744155,0.03011787899492372,0.347438758215932,0.012722533090622365,0.005439943385752575,0.014506515695340194,0.024706756139799602,0.0018512653750982421,0.036135171926808596,0.11539186793508213,0.007253257847670098,0.008703909417204118,0.005676462663393992
402,0.1898293850338547,0.021239651472319414,0.009926815543092533,0.010229954253189079,0.00876853221701921,0.049186561304318616,0.02886101054626853,0.020429464934976826,0.0877450435250509,0.022465015980337833,0.058409041548878375,0.048166505075624,0.003409984751063026,0.04380678116165878,0.18496196490478142,0.0860961917801822,0.08502800478181045,0.013479009588202702,0.012275945103826895,0.005455182240355182,0.010229954253189079
403,0.014524403192077272,0.17114253066775473,0.04357320957623182,0.002123796190581387,0.17114253066775473,0.009472436864398222,0.03631100798019318,0.07262201596038637,0.1717445501258561,0.016758926760089162,0.014060387670087106,0.02564631265627573,0.024207338653462127,0.026415971823807022,0.0009123331783880352,0.016758926760089162,0.01614417609638833,0.012815649875362298,0.07262201596038637,0.07262201596038637,0.008379463380044581
404,0.01158866809232994,0.08580944067892655,0.01772146941897131,0.007594915465273417,0.031898644954148354,0.002345488599569732,0.05316440825691392,0.18770815148515183,0.013291102064228483,0.17282634550056694,0.06823393931418231,0.05316440825691392,0.00664555103211424,0.03987330619268544,0.005907156472990435,0.014499384070067435,0.009381954398278927,0.12488823228453294,0.008394380251091672,0.05316440825691392,0.031898644954148354
405,0.013676318506265014,0.02157138544420171,0.05470527402506005,0.04376421922004804,0.10941054805012011,0.007736894598584386,0.004100602618667845,0.04862691024449781,0.039785653836407316,0.014057980515264504,0.05470527402506005,0.03647018268337337,0.014945363447585049,0.05470527402506005,0.34211440853652114,0.011925881738001028,0.03126015658574861,0.019027921400020888,0.025743658364734145,0.027352637012530025,0.024313455122248914
406,0.07575810374980789,0.11799466264545536,0.04545486224988475,0.03787905187490395,0.010026255662709607,0.046158977637000206,0.12310691859343786,0.011933705721584704,0.18939525937451976,0.0066841704418064045,0.04010502265083843,0.02887268710080464,0.010026255662709607,0.05050540249987194,0.046238115580516326,0.06280608198698898,0.04419222718738796,0.0032084018120670747,0.011458577900239547,0.026736681767225618,0.011458577900239547
407,0.026703760566216178,0.05637460563978971,0.003773269235432007,0.018120408955646695,0.07248163582258677,0.014093651409947427,0.024160545274195595,0.029845379456359265,0.014706875082185903,0.011799336064142036,0.0202948580303243,0.4000865499638849,0.01749556726752095,0.028187302819894854,0.0107951372501725,0.003690577418229223,0.1546922639401538,0.014093651409947427,0.021140477114921143,0.03440180860762629,0.023062338670823065
408,0.30344493302742265,0.024026469701715916,0.024026469701715916,0.014384657668069185,0.012814117174248487,0.0045095590633651384,0.014785519816440563,0.014785519816440563,0.02745882251624675,0.004805293940343181,0.22879928874922062,0.019221175761372732,0.007537715984852051,0.14975953445403528,0.006006617425428978,0.05942409782427815,0.03863277834256101,0.0019734630716926756,0.012400758555724343,0.01747379614670248,0.01372941125812338
409,0.2998862425447985,0.038068582923279415,0.025379055282186275,0.02929201468808998,0.03172381910273284,0.009458143691693992,0.02928352532559955,0.025379055282186275,0.047585728654099275,0.01312709755975152,0.05438368989039916,0.05438368989039916,0.009458143691693992,0.19034291461639705,0.007613716584655881,0.031159170639479913,0.0034152901733229446,0.0036526691989810733,0.02719184494519958,0.03460780265752675,0.03460780265752675
410,0.008640377822369372,0.037030190667297305,0.037030190667297305,0.018515095333648653,0.025921133467108115,0.007406038133459459,0.018515095333648653,0.14434539746393793,0.03240141683388514,0.2045908543076807,0.2082661682701836,0.021600944555923426,0.005022063547843596,0.008039452870290663,0.003312926264182627,0.014400629703948953,0.008361655957131649,0.1338659892171415,0.010368453386843246,0.028801259407897906,0.023564666788280095
411,0.014414392064257613,0.039311978357066214,0.03603598016064403,0.005993931923206885,0.025437162466336965,0.34087507142317724,0.07207196032128806,0.028828784128515226,0.05405397024096604,0.008479054155445654,0.03326398168674833,0.07207196032128806,0.01491144006647339,0.08648635238554568,0.003484557251213496,0.017297270477109133,0.016015991182508457,0.038132167650270186,0.039311978357066214,0.03603598016064403,0.017486035220229092
412,0.299274308909243,0.034515238603665156,0.037966762464031675,0.02577147112474477,0.025311174976021113,0.009491690616007919,0.018983381232015834,0.042185291626701864,0.04745845308003959,0.007748318870210546,0.042185291626701864,0.04745845308003959,0.02665450909553902,0.1898338123201583,0.009735067298469659,0.010553323390117582,0.005893479221232783,0.004025052782297148,0.025311174976021113,0.04745845308003959,0.042185291626701864
413,0.009018356095827264,0.2780670297487065,0.011022435228233325,0.01240023963176249,0.01167081377107058,0.005087277797646149,0.015261833392938448,0.15630601744766284,0.014171702436299989,0.003913556324104777,0.0031342674926880783,0.014171702436299989,0.007348290152155549,0.011022435228233325,0.003948934978857694,0.0037434685680792423,0.022995324001038066,0.38673771396083795,0.007085851218149994,0.015261833392938448,0.007630916696469223
414,0.00929013421196218,0.025547869082895993,0.02221553833295304,0.03193483635361999,0.40319298654626673,0.008809610028584828,0.03406382544386132,0.029623310636701355,0.046450671059810905,0.0026944863003913262,0.024331303888472378,0.04257978180482666,0.014598782333083427,0.046450671059810905,0.011882729805998138,0.004048785052590754,0.017031912721930664,0.009083930614256082,0.01648249618251355,0.18265442581753907,0.017031912721930664
415,0.045531518148026855,0.014546327360392316,0.014000918511761749,0.20699690266914997,0.013091694624353086,0.001965524996432323,0.013091694624353086,0.012468280594621989,0.10155978902321128,0.003080398735141903,0.013780731183529562,0.06955777522994064,0.00557093388270344,0.2504079908277863,0.06339442805766742,0.05008159816555726,0.08989004798946174,0.0035267830436051598,0.012468280594621989,0.01007053432642545,0.004917847411256459
416,0.02716988112101292,0.016674157736959523,0.015012365105417574,0.6238710872570374,0.017036639426893426,0.0018807494706916633,0.016326779450772867,0.027988764772753486,0.07494472835560387,0.0044782023636405575,0.02528017463345476,0.03407327885378685,0.0073932586192179016,0.016326779450772867,0.006170751288481084,0.005892371531105997,0.010449138848494632,0.023140200566743117,0.012056698671339962,0.019114278381392624,0.014719714094427062
417,0.007201199556705601,0.010926721450415332,0.018072619099946948,0.6157105559125925,0.015211710254499774,0.025118393870125863,0.0158325963873365,0.023509006756954196,0.0945407261296551,0.004645492353170591,0.02424366321810902,0.02424366321810902,0.007532011873587269,0.04122796617947652,0.005621719007097744,0.007459588682495083,0.012717987261958828,0.005844854120782867,0.010627359218897105,0.017631755067715648,0.012080410380368433
418,0.013496523321775459,0.014267753225876912,0.022698698313895087,0.0022918618281162597,0.019206590880988153,0.006748261660887728,0.021711798387204,0.01783469153234614,0.3953503364961372,0.005148158380471051,0.02628270331082589,0.15677472042853147,0.007343696513318999,0.015146909915065197,0.0938744534020724,0.006485342375398596,0.03596559721506,0.00846392140518122,0.01783469153234614,0.02496856814528459,0.08810472172921732
419,0.04579176255602684,0.06174025726477151,0.0029881328519173957,0.027249232128223822,0.002880775524549254,0.017004510837201087,0.14723963792140632,0.11484691757869687,0.028292922428055832,0.06091446310780761,0.15092062886944146,0.053515945321434215,0.0009114822014353392,0.062360317237301496,0.01910765503817779,0.07088047685983978,0.02266715478526913,0.07210585339390015,0.0007068637480518958,0.03614063839889063,0.001734371947601644
420,0.020107477781402927,0.018545570543844855,0.04485514274312961,0.027767469317175476,0.15675329344647868,0.0038688445720165736,0.020825601987881602,0.03430099150945205,0.03644480347879281,0.0073401232925272555,0.029155842783034246,0.04859307130505707,0.011433663836484016,0.022427571371564804,0.002661805722647358,0.00809884521750951,0.01325265581047011,0.011433663836484016,0.46180962398460496,0.015759915017856348,0.00456402244158554
421,0.030925011652799917,0.04123334887039991,0.12494954203151486,0.03414092789245757,0.0090134459474114,0.03281388446571002,0.045814832078222116,0.019634928033523767,0.11368713110257395,0.014148698141803886,0.01389761499982634,0.07205020196627943,0.02425491110023524,0.05363290850764647,0.04823678320557306,0.1234670898379206,0.11726724158034847,0.06483230954465392,0.004120432433102355,0.004807171171952747,0.007071585436044016
422,0.001216678742251817,0.04175355118807219,0.026825433812108175,0.018877157127039086,0.01544494674030471,0.008941811270702725,0.02548416212150277,0.022160140975219796,0.01759769975549963,0.0045104711719473915,0.004232934239495995,0.10029039255958516,0.003122279181004997,0.01592760132593923,0.005726778004832082,0.22857169832953714,0.4041530874341677,0.007963800662969615,0.013068801087950136,0.018202972943930546,0.01592760132593923
423,0.3924064237413661,0.1355180406721353,0.012183321220842333,0.02918024303017502,0.031004008219560956,0.006986818753703877,0.033070942100865024,0.02918024303017502,0.024803206575648766,0.006889779604346879,0.02156800571795545,0.04509673922845231,0.008666558073856887,0.049606413151297546,0.00763175586943039,0.04181734483741202,0.0279762769890602,0.002712876564598257,0.024803206575648766,0.04133867762608128,0.027559118417387517
424,0.06890438768077975,0.01506283825872099,0.017611933964043,0.031703517357723206,0.08176969340448538,0.08774264838679842,0.05723878538313976,0.011784455814175832,0.04451905529799759,0.03789818762968496,0.0049629445014114015,0.05723878538313976,0.0016630476562417224,0.11447757076627953,0.06849887431097054,0.08156526917097418,0.07784474812107008,0.04707202268306764,0.0212601202851662,0.06868654245976771,0.002494571484362584
425,0.032137434705485315,0.02587040842820595,0.1535669841201364,0.2890371804415471,0.016601674053493474,0.031346216362590676,0.022827301823553532,0.020290934954269806,0.08265475017389486,0.004869824389024753,0.013044172470602019,0.016601674053493474,0.008116373981707923,0.18489733082511897,0.004348057490200673,0.03216781047980872,0.014609473167074258,0.005685510318005532,0.007304736583537131,0.019222991009308237,0.014799160168941115
426,0.5109839540500409,0.014352649205366217,0.10443001049497116,0.017455924709229183,0.024841123624672296,0.007688919217160473,0.032293460712073986,0.029357691556430896,0.024841123624672296,0.008073365178018497,0.02583476856965919,0.02583476856965919,0.007713734320923661,0.03588162301341554,0.0060931057947309405,0.01322671519367253,0.005019331229784023,0.004951728188082373,0.026911217260061654,0.04613351530296284,0.028081270184412158
427,0.018017351228506347,0.16063721266470785,0.011247361343041565,0.006961330865739785,0.008997889074433251,0.0018233536726871594,0.009543215685004963,0.3442225985672312,0.013121921566881826,0.06874547558899816,0.005694104423515885,0.014996481790722086,0.003246661006238802,0.00670055569372689,0.0027625098035540686,0.002943234743973494,0.042421799119201034,0.2498713950526477,0.012597044704206552,0.00874794771125455,0.00670055569372689
428,0.04761411954930779,0.01651918433343331,0.000548876485880245,0.004472864203015944,0.02312685806680664,0.023972962630226392,0.3104198916458882,0.020104107520864837,0.0664058477568195,0.007079650428614278,0.012389388250074984,0.09559786736253127,0.0017252476211632934,0.02064898041679164,0.12602838384720474,0.035469143119772305,0.023581545365455904,0.019779549662400416,0.014200702321723376,0.1282679254547125,0.0020469039573123822
