site,A,C,D,E,F,G,H,I,K,L,M,N,P,Q,R,S,T,V,W,Y,*
338,0.08044198071183019,0.019210354875162372,0.0493238841389304,0.13222938049864175,0.005347937620924322,0.1499572104717807,0.04325325224490822,0.0024572969006516126,0.0033358422783983394,0.0065755775766569505,0.03995526472555961,0.08578983266899436,0.001477719605781721,0.08598480956142389,0.00032657881120770003,0.12063451663131623,0.1408325893094211,0.0038903528168040386,0.0039482820716980355,0.022628959933314118,0.002398376546594195
339,0.08689187467822766,0.08893934778150872,0.03168875299497303,0.0050005268167639194,0.010164590919617847,0.0013558912192960734,0.01602732954091,0.006819936027551029,0.017859024345585426,0.004105278085045714,0.010417764201591496,0.025002634083819596,0.007441260143993927,0.0120204971556825,0.0024227358608352317,0.0036130974109565895,0.007912225975892279,0.634248799494604,0.0050005268167639194,0.017859024345585426,0.005208882100795748
340,0.0013575565408614852,0.02937032342061677,0.006475007057592688,0.004289692175655156,0.008170842239343154,0.0013148481764460249,0.012256263359014733,0.27662871707534015,0.006174293493886731,0.005874064684123354,0.00504669667724136,0.01319905284816971,0.004902505343605893,0.00927501010952466,0.0013990560219647086,0.0023505162606329622,0.3476721184432424,0.24565639743090237,0.004185065537224542,0.011070173356529435,0.003331799748081675
341,0.03564259451507473,0.1725758499061153,0.0021988935856595204,0.055767949621099856,0.001495247638248474,0.07499658099174837,0.0017800567122005643,0.002020604916551992,0.0032505383440184213,0.10633461458861647,0.06084404964638681,0.010140674941064465,0.0009837155514792592,0.08334980564462019,0.00033688448997186725,0.117767038315562,0.2566266805085381,0.004552990296722194,0.0008593377231313067,0.0018690595478105924,0.006606832515379345
342,0.0028246694292420422,0.006695512721166324,0.009038942173574538,0.004820769159239753,0.14745786134449693,0.001109072659334299,0.01721703271157055,0.36617196292478116,0.0193681204913719,0.0028140429173675614,0.2375976786993234,0.01446230747771926,0.003689364152479402,0.009514675972183723,0.001475745660991761,0.0028246694292420422,0.0024716202983169552,0.0011854628552316246,0.010858068094691762,0.1339931807430047,0.004409240084670506
343,0.20149291371589648,0.4446317362235042,0.0023173977215296794,0.002555596220015352,0.006833133816235233,0.0006368209489215682,0.07072892897506647,0.005111192440030704,0.006040500156399923,0.0030542037511960512,0.004861865979541403,0.055334985609904935,0.002555596220015352,0.0037610661351169337,0.0009537631825894616,0.1345316592650407,0.037715509167787584,0.0006840240673874047,0.0020764219287624738,0.0118574969164082,0.002265187558649972
344,0.005927804107570751,0.009145754908823444,0.014226729858169807,0.009145754908823444,0.015614703502869295,0.0015463836802358478,0.024623186292986193,0.172365615895454,0.011182215841133585,0.0037327160955587533,0.6496012889306324,0.01829150981764689,0.00842372162654791,0.013917453122122631,0.0023515093859303392,0.005716096818014653,0.0026852227424751783,0.0021454373632870415,0.0058200258510694635,0.016005071090441025,0.007531798160207541
345,0.0021425301462116375,0.010028037389428444,0.015533626544408766,0.008167164471802546,0.019322315945484076,0.00292330241241641,0.018862260803924932,0.00824640817846293,0.012003256875224955,0.004236443603020572,0.009544758479094544,0.016927037736333403,0.007268027098760065,0.013658878513187018,0.002685474419541854,0.004653042912437616,0.8045902723748188,0.005426129820307171,0.00792214953764847,0.01831397841591561,0.007544904321569971
346,0.004893331341726787,0.005533221792497693,0.6548130480974684,0.004209152022318997,0.012110447696787404,0.007521675573897752,0.010654055203783798,0.014587584725675734,0.012343340921725626,0.003225395617737349,0.011066443584995386,0.11130156556375498,0.005943090073423447,0.0149268308820868,0.0019274886724616586,0.0036626075992990323,0.005261096130571577,0.015094380065765026,0.003937752932084247,0.09150156220339357,0.005485929298544721
347,0.0014066350328571233,0.016988177790106317,0.007504991036205355,0.007730140767291515,0.010887522207452838,0.0013681665074852239,0.01610445993185733,0.004904969571315923,0.010887522207452838,0.0027314985043432917,0.00954338366332286,0.026631716217434678,0.03905343235235409,0.017178090593981146,0.0017935361409029042,0.008790186550707369,0.7907767679090422,0.0024540129419973068,0.004294522648495286,0.013327828909123304,0.005642438516271179
348,0.0018911136995530772,0.015239646808071852,0.01456232917215755,0.011496575662229645,0.02184349375823632,0.0036005758942147786,0.021138864927325474,0.005230753047946555,0.016802687506335633,0.007619823404035926,0.01872299464991685,0.031204991083194744,0.021196146575710104,0.06553048127470897,0.006212935930148344,0.0050316281965539925,0.6613715537845599,0.006553048127470896,0.027304367197795405,0.01872299464991685,0.01872299464991685
349,0.003752234000368116,0.011435321985690137,0.01095213936657647,0.008640021055854773,0.011108598500384707,0.0031481858098256254,0.01340692922460223,0.02160005263963693,0.014953882596671719,0.0027851765632636184,0.008737099944122802,0.024300059219591545,0.7891552061585441,0.02890610576011121,0.002627033429145032,0.002974416299149608,0.007389050861400875,0.004601194645129761,0.006220815160215436,0.01654472117078573,0.006761755608929821
350,0.003017774935432439,0.024633609166017152,0.006800052854507761,0.006071475762953358,0.19663490027249333,0.00147399989620833,0.004606943157568958,0.010000077727217296,0.008793171794622107,0.007085165780475763,0.011087042697567003,0.008500066068134703,0.004322067492271883,0.012439121075319077,0.002116199021112374,0.007885903115599748,0.006219560537659538,0.004112935194258727,0.15200127428143795,0.5173281620011322,0.004870497168010267
351,0.005281858198513315,0.006885287778051473,0.007423485538654073,0.009149250046151351,0.012961437565381083,0.7882240386074029,0.027774509068673743,0.021602395942301802,0.014139750071324814,0.004050449239181588,0.014673325545714433,0.022219607254938996,0.008362217784116829,0.012344226252743888,0.0026633090887769346,0.002498712810831947,0.008546002790361152,0.004175782618180286,0.005476663760020175,0.015871148039242142,0.00567654199943697
352,0.00485324844085903,0.011802217799361732,0.017309919439063876,0.012348795856305543,0.0179068132128247,0.0025086839766759236,0.012024105656538959,0.09541475657959536,0.011004855432798909,0.1017945822389006,0.06564861456972157,0.030479713907370736,0.031158703994433486,0.5243999498786543,0.0016861430404729687,0.005524442374169322,0.007418536902455946,0.006573387128758433,0.008114024737061193,0.021637399298829844,0.010391105535147382
353,0.006608655461374609,0.010898484445073913,0.01678955711808684,0.011946415641715637,0.012677828844269658,0.0029581600636629196,0.010710579540848504,0.014446828217888678,0.015064207864306,0.009746518079739041,0.01634772666761087,0.018270988628506266,0.02992295168998048,0.6273008569384931,0.002601443803770715,0.005091914863682074,0.009706462708893956,0.005264522147196722,0.009412327475291108,0.01634772666761087,0.1478858431319981
354,0.00854521354561072,0.010503491649813174,0.01575523747471976,0.011724827888163545,0.014828458799736245,0.001258048934174237,0.02965691759947249,0.07959420932622156,0.12459815346739479,0.005729177263534459,0.012296770711976398,0.0193910615073474,0.014828458799736245,0.012003990456929342,0.5079856557288792,0.02177863448565346,0.014828458799736245,0.004942819599912082,0.008265042609689055,0.02800931106616846,0.053476060285131216
355,0.0020516064427119453,0.018616686332448486,0.01515311678222551,0.012776157286974453,0.013107294368584672,0.002624844538032556,0.025060923909065273,0.0969216737037361,0.024132741542062856,0.004756087749165671,0.012294038144069756,0.020362000676115533,0.010024369563626108,0.0171469479377815,0.004588619870673922,0.006265230977266318,0.013574667117410354,0.6579811906191533,0.008144800270446211,0.02606336086542788,0.008353641303021755
356,0.0056718896419809435,0.02186960805253554,0.011892671829960042,0.009831275379433634,0.7475683244517448,0.0035968080656464518,0.023785343659920084,0.04172125347404131,0.018433641336438066,0.007030369362528172,0.011892671829960042,0.0160292533360331,0.007601501582036317,0.018433641336438066,0.00423761869803174,0.0026712533135965187,0.012289094224292045,0.004002119149518309,0.007928447886640027,0.014179724104952359,0.009333489284272438
357,0.010162647890656283,0.02771631242906259,0.02258366197923618,0.005744798486895719,0.02540661972664071,0.02047891597563581,0.03810992958996105,0.017421682098267912,0.6136103564349046,0.007346492451076829,0.019669641078689577,0.01365144780474574,0.016479969552415593,0.027419638676527237,0.0038709280554072964,0.008837085122309811,0.031159755962961694,0.006851223297071649,0.017421682098267912,0.05081323945328141,0.015243971835984423
358,0.006733553655037708,0.015308158855572388,0.011439248285772722,0.4771616306087195,0.026364051362374682,0.022309792465234284,0.023727646226137208,0.022597758310606866,0.024981155426767036,0.010975017106884767,0.016948318732955145,0.039546077043562014,0.009886519260890504,0.019773038521781007,0.005518057261892374,0.00753258610353562,0.014829778891335754,0.02876246419099634,0.011863823113068604,0.02497646971172338,0.17876485486515195
359,0.012256750881904132,0.03326832382231121,0.06653664764462242,0.019391789071879988,0.03881304445936307,0.010585375761644474,0.051750725945817436,0.06222759113167973,0.46777672025811046,0.014113834348859301,0.0273974431477857,0.011436037468828687,0.029109783344522307,0.03866289478082548,0.00405760118317191,0.015024404306850226,0.016652328373268816,0.010350145189163487,0.019406522229681544,0.03326832382231121,0.017913712827398346
360,0.017901737065747,0.06907777994209714,0.03837654441227619,0.009089181571328573,0.04934127138721225,0.003147995384811302,0.03453888997104858,0.04934127138721225,0.03453888997104858,0.01069726696832421,0.00619679079293847,0.06907777994209714,0.016447090462404085,0.031398990882771434,0.009089181571328573,0.013815555988419433,0.0265683769008066,0.3466314686131274,0.02302592664736572,0.1151296332368286,0.0265683769008066
361,0.0064009966002179924,0.05158818899076926,0.4152173544906925,0.011314689281410214,0.034392125993846175,0.000846768054586587,0.022629378562820428,0.0458561679917949,0.08254110238523081,0.013313081029875938,0.03174657784047339,0.00536472275890707,0.012506227634125882,0.02751370079507694,0.00809226493972851,0.017196062996923087,0.0152853893305983,0.05653068326397493,0.029478965137582424,0.08925746792546718,0.022928083995897446
362,0.0015336685733813422,0.018312405832273143,0.01765839133826339,0.01412671307061071,0.021497172063972822,0.0032106166069569802,0.041202913122614586,0.005352438194462513,0.021497172063972822,0.011772260892175593,0.04494863249739772,0.017308703807108004,0.005995041405667057,0.04494863249739772,0.005749243691527616,0.13556615450685133,0.4979316316384516,0.00686715218710243,0.02908440926302205,0.03296233049809166,0.022474316248698858
363,0.005718867950771794,0.023590330296933647,0.02461599683158294,0.010484591243081622,0.03145377372924486,0.004212571107674887,0.02979831195402145,0.02830839635632038,0.09139896603625168,0.010293962311389227,0.025817181263950915,0.03145377372924486,0.013166695979683896,0.013808973832351404,0.5709695541342773,0.006701369081340871,0.012867452889236533,0.0064337264446182665,0.005298242625024527,0.04044056622331483,0.013166695979683896
364,0.0925790571191261,0.007977065518825667,0.010045193616298985,0.006522634894226685,0.015067790424448483,0.0035587585770777085,0.011300842818336359,0.35071241800167174,0.010045193616298985,0.0022801270923879183,0.024876127751087822,0.02086309443385174,0.0033902528455009083,0.007137374411580858,0.0017275173735036473,0.003930727936812647,0.1342439877518361,0.2737196422527255,0.00577064314127814,0.010431547216925869,0.0038200032061982063
365,0.0204947066649792,0.4697543116708916,0.016059049231024095,0.010706032820682729,0.019270859077228905,0.0021176768216735068,0.01482373775171455,0.015109056808128088,0.01482373775171455,0.022976424945176804,0.006882449670438897,0.06799075563657642,0.19349578804802595,0.012454034394336627,0.004434179715428897,0.06698193963702687,0.003497654198548026,0.00621640615394481,0.013764899340877794,0.01482373775171455,0.003322561909867054
366,0.02763491210998178,0.028908169259460964,0.26148867958001576,0.007189905773192423,0.020013347948857594,0.0007599737488268174,0.2762136851028118,0.023652138485013522,0.028256678727879434,0.032966125182526014,0.015304324902067571,0.10175644909597581,0.013119172266515454,0.026017352333514873,0.004645955773841941,0.02295855146640204,0.011826069242506761,0.00377063077297317,0.020013347948857594,0.06049585411202128,0.013008676166757436
367,0.04290010947106157,0.023953307868974826,0.015243014098438529,0.03143871657802946,0.027945525847137304,0.0055276864313018835,0.03696739150914308,0.03143871657802946,0.026474708697287973,0.0036132745664297894,0.05030194652484713,0.02515097326242357,0.505934965504473,0.014794690154366807,0.004157185663210507,0.0032358807470618993,0.055471519995384834,0.010702541813797265,0.021870411532542235,0.03143871657802946,0.03143871657802946
368,0.04453131068345362,0.04898444175179898,0.006314984464262744,0.00717611870938948,0.00717611870938948,0.047373734769631526,0.2211596633932406,0.006072100446406483,0.05197158889664059,0.0028660588048029455,0.004048066964270989,0.16235373686675802,0.001438982685265387,0.15866483609779455,0.08953877247632325,0.0876710179080493,0.0032219308491136444,0.0023920395697964937,0.005443952124364433,0.0056383789859488775,0.03596216484329864
369,0.05610044906527402,0.054241176379301925,0.07991510148375065,0.06082213037476435,0.04651934224197075,0.0361182369074271,0.0429409313002807,0.06441139695042103,0.03394745772437681,0.04870130013324517,0.04981148030832559,0.12882279390084206,0.0721083563344336,0.03476980460123287,0.048541922339447735,0.03793115598191461,0.005855581540947366,0.02654321373207119,0.011520737665928968,0.03339850212244054,0.026978928911602914
370,0.007858710135310901,0.01425661126736298,0.004385001767140046,0.04223291843725038,0.031118992532710808,0.5945942836174286,0.02274080223544251,0.0257069938313698,0.03284782545119474,0.009854347635358423,0.03284782545119474,0.029563042906075268,0.014781521453037634,0.034780050477735615,0.005375098710195503,0.004175026052876172,0.01258001825790437,0.008164528789552487,0.017390025238867804,0.03284782545119474,0.021898550300796495
371,0.0377769980318374,0.026079889072094083,0.036110615638284105,0.01466993760305292,0.036110615638284105,0.008857320816937613,0.0223541906332235,0.004304310737168118,0.042676182117972125,0.009988042623355179,0.031295866886512896,0.07526511105454552,0.009580367414238643,0.03911983360814112,0.006096597445424591,0.04467905468708157,0.47166409592566516,0.008382821487458812,0.0223541906332235,0.031295866886512896,0.021338091058986063
372,0.06530089298084425,0.02853214533783845,0.003694086064164155,0.0032925549702332696,0.0035222681076914042,0.0014690820060295686,0.0011479575231455113,0.017328001085825988,0.1335700083699087,0.07899128084717008,0.005624000352417209,0.004454633195021481,0.006678500418495433,0.3353067796320466,0.1523459130734743,0.013871432215491208,0.05018994253899599,0.08334768522282301,0.002753773247831462,0.005825289562720399,0.002753773247831462
373,0.1042330928471399,0.015082824804754097,0.049019180615450804,0.09615300813030736,0.07465998278353277,0.011826305812818554,0.01141979903580715,0.12820401084040986,0.07404032758471035,0.015289827601748665,0.14705754184635242,0.04072362697283606,0.0030581301389283042,0.04817206277804731,0.04743008401100522,0.006363066714505635,0.0598876867247589,0.047510898134975395,0.002532633311168533,0.006874290416028876,0.01046161889471391
374,0.13124276858521813,0.5897957158395671,0.009062444261448109,0.005538160381996067,0.019937377375185843,0.001078000615410512,0.0166144811459882,0.0019218197993634658,0.009968688687592922,0.0050573513666875005,0.006230430429745577,0.0166144811459882,0.00664579245839528,0.0166144811459882,0.001533644413475834,0.025945451757278682,0.004746994613139487,0.0998844018001532,0.00332289622919764,0.019937377375185843,0.008307240572994104
375,0.061653508569266616,0.03757928141364823,0.025038465080322342,0.03641958557137795,0.04006154412851576,0.005071081535255159,0.03338462010709647,0.1394776187953514,0.012519232540161174,0.005684371427100266,0.402552886882911,0.05723077732645108,0.012923078751134116,0.03081657240655058,0.007153847165806385,0.01610540632013496,0.005016177653013537,0.0021754310495704136,0.016024617651406302,0.03641958557137795,0.016692310053548234
376,0.06059015564187464,0.07344261289924199,0.016039816189820543,0.05852458215408346,0.14321309515352187,0.06435807242971747,0.01826565728240037,0.007099618595231626,0.05011505577451139,0.07239343271496711,0.03442622479651969,0.07828495392502796,0.0018161815011057648,0.016948295284440463,0.057981010183612104,0.061637752268362246,0.07886592841122557,0.03418880255654368,0.012960461099866238,0.054737985635423377,0.00411030550250252
377,0.04990625562968374,0.031359111173160766,0.004146310410305118,0.003178837981233924,0.006811795674072694,0.0009349523474217424,0.0874254008463876,0.0956818013839155,0.12381864186933209,0.09318201557948437,0.23975942498097,0.012439977986047245,0.002270598558024231,0.047367608485333744,0.058828671099338335,0.012527583464822226,0.034134772539897,0.023997094395542887,0.009437224679070322,0.0586456105056513,0.004146310410305118
378,0.18776539030062933,0.2833770043149283,0.01286108397363951,0.005148685690573821,0.02672180632364667,0.0009916980183085511,0.01287171422643455,0.0029595876440854456,0.006213931005864956,0.003161473669650591,0.007508499965420155,0.01287171422643455,0.0032764363485469758,0.008191090871367442,0.0021200470490598086,0.004712240434564188,0.22174457130649197,0.1810167063774386,0.003400075456039315,0.008581142817623033,0.004505099979252094
379,0.22405184458239766,0.03801160586377198,0.017556897402068446,0.011327030581979642,0.005313820220357641,0.05073380414862562,0.02194612175258556,0.015960815820062223,0.012540641001477462,0.0063843263280248886,0.023409196536091265,0.029261495670114077,0.008532350997071616,0.023409196536091265,0.008360427334318308,0.35325146774550786,0.007762072973696175,0.0061603148779187525,0.014045517921654756,0.11222721981614682,0.009753831890038027
380,0.04483260219193439,0.06758380456025759,0.10546751541580333,0.03800631186155076,0.008933110984795578,0.04329156460479767,0.056361632931049704,0.027666359369805337,0.04089809645971223,0.06764556252970041,0.037180087690647484,0.1567760364288969,0.00063828790426015,0.08266372829887289,0.03319301249750568,0.06046925604522812,0.059027821502716224,0.028763867840673644,0.031355207285779375,0.007090032028332346,0.0021561015676802332
381,0.010742820475689531,0.013039621762236596,0.04297128190275812,0.019337076856241156,0.1933707685624116,0.0051560040634160325,0.03222846142706858,0.04297128190275812,0.025782769141654872,0.007959449062017683,0.02035481774341174,0.07734830742496462,0.010742820475689531,0.02274950218381312,0.0011389275865024855,0.0057722617481316876,0.03867415371248231,0.008789580389200526,0.3891924976517939,0.029749349009601776,0.001928246918155926
382,0.002055032387924685,0.013614589570001038,0.01089167165600083,0.004033952465185492,0.5381478406764237,0.0014522228874667773,0.006807294785000517,0.005732458766316227,0.006406865680000488,0.1094695143685311,0.16461937779272517,0.005186510312381347,0.00106749236413531,0.012173648995946309,0.004536035856362135,0.0017223534128188462,0.0023677547078262673,0.014094348208192048,0.00388988273428601,0.08870568802358635,0.003025464348889119
383,0.012473920627321021,0.018110357903841093,0.017646034058161446,0.012919417792582488,0.016077497697435984,0.004251156378273784,0.027826438322485356,0.017646034058161446,0.014469747927692386,0.007638845630469268,0.017225890390109983,0.022608981137019347,0.013154316297902166,0.019429154386686957,0.0018458536982634036,0.006291194751170601,0.008823017029080723,0.0061836529605523004,0.73120893487346,0.02127904107013586,0.002890513009194468
384,0.0649527314815971,0.027547328670918476,0.09581679537710776,0.04663993954947975,0.04551297780412618,0.07704023715133511,0.06633470449184382,0.06552177919169869,0.05101014605496352,0.04569902983398464,0.032478369492121524,0.10913743088685383,0.0008784333746674654,0.05424916632566678,0.04822341417977378,0.06256273109917035,0.0396256878181865,0.025151908786490786,0.014971374277673083,0.024875514184441432,0.0017702999678995072
385,0.09520591599281844,0.03367749570994368,0.008463925470180626,0.10283290902767844,0.06077142082997356,0.005598946763569767,0.23977756162148847,0.01546415619334149,0.016785567581622505,0.021382536958694402,0.061063591122425376,0.027062273338347605,0.002175764003939161,0.12897922884179003,0.013391640414852428,0.031086919116871087,0.0708296536756752,0.05583795391790456,0.002434783528217633,0.00538215306237582,0.0017956028282896438
386,0.007855748046538293,0.017955995534944674,0.027931548609913932,0.017955995534944674,0.1775319147708978,0.004121048155561071,0.010474330728717725,0.2021891251557447,0.013230733552064496,0.2525093702960642,0.09487706166523867,0.019337225960709647,0.01975480810322906,0.006026688608427141,0.017564026650956806,0.006284598437230634,0.007393645220271335,0.05403145232157757,0.011970663689963114,0.020948661457435454,0.010055357499569017
387,0.1390791954162861,0.01839830190990166,0.01839830190990166,0.03207945267185192,0.026889825868317813,0.3510977261734959,0.038840859587570165,0.019420429793785082,0.03177888511710287,0.006722456467079453,0.017478386814406575,0.026889825868317813,0.013444912934158906,0.024969124020580827,0.006687535677084464,0.1786023962216401,0.012484562010290414,0.004031291283366006,0.006087148037519164,0.014565322345338813,0.012054059872004533
388,0.08442573659696441,0.02345159349915678,0.004466970190315578,0.02996811142017021,0.017588695124367584,0.009466698293237598,0.08989777508010098,0.019670223138210152,0.13329843024386845,0.026620727755799586,0.057726999382539765,0.040289694024805055,0.0025491943102076095,0.07591171781957026,0.10468031878746759,0.059063272516394864,0.09308673926331316,0.05051112445972231,0.0022093017355132613,0.07296051310848777,0.0021561632497870153
389,0.04602013063624185,0.042705255208780074,0.055085545598741445,0.020031107490451436,0.054560921354943906,0.08628327564843336,0.08867882087568421,0.00650699201962923,0.14199829532120015,0.0030850326876375096,0.02670814332060191,0.08192209345453856,0.0013178718014438947,0.003855995270891396,0.10454321214429985,0.08168448506230819,0.039470497857555784,0.04069382647834952,0.007140718873910928,0.06528657256147134,0.002421206332885295
390,0.007573155044296644,0.012048201206835571,0.014725579252799033,0.057401431831681816,0.01559178979708133,0.004954400496268834,0.04475901202744435,0.012048201206835571,0.5351657496383245,0.004109463977525311,0.015663595980282358,0.011416516618013005,0.006796421193599554,0.014446820225530777,0.18298400212248456,0.004445864548325017,0.006824977081905253,0.025243850147655483,0.006710390545579307,0.011524366371755766,0.005566210685775818
391,0.07881602265473957,0.09346771917388987,0.007844336579547726,0.011683464896736233,0.043143851187512496,0.0012238257967457178,0.03543984352009993,0.010785962796878122,0.13580309785853412,0.012512571257679742,0.004108938208334524,0.044184739973111585,0.013882315983511022,0.06538508641327702,0.08660346733439932,0.05535366035520368,0.18479346978337816,0.09852002831842449,0.0003691440492963042,0.012326814625003566,0.003751639233696739
392,0.028087703576510227,0.033953983695666275,0.01485486786685399,0.013981052109980229,0.027962104219960458,0.005111352384293847,0.013981052109980229,0.025018724828385668,0.023767788586966387,0.06613547423020966,0.017605769323678803,0.018282914297666448,0.47826016916257197,0.05595256690298531,0.0045271978260888355,0.0032537841804097917,0.10397050821200889,0.004484488412635167,0.023767788586966387,0.022635989130444175,0.014404720355737205
393,0.010626399533547645,0.0044386014719112596,0.02687853999662051,0.024049219996976245,0.04569351799425487,0.005684196107741046,0.0812780574432505,0.05077057554917209,0.041539561812958974,0.05300666351232118,0.05077057554917209,0.03514885999558067,0.008621418489482053,0.017574429997790336,0.4589950902471274,0.00692862086807096,0.013055290855501394,0.009519482915469765,0.014279224373204648,0.02538528777458604,0.0157563855152603
394,0.0005032208742855381,0.01680983218962876,0.0018188873051723689,0.006747112248205004,0.006678238597221097,0.0011605842236803582,0.008621310094928614,0.07486339519612518,0.30047575038961405,0.11642079342350214,0.011937198592978081,0.009698973856794694,0.014568521231011594,0.03103671634174301,0.14204308200236299,0.004564222991432797,0.06070217179588162,0.1561352527961468,0.011937198592978081,0.015518358170871506,0.007759179085435753
395,0.014065489949637317,0.39608119565062966,0.01875398659951642,0.014065489949637317,0.023562576041079655,0.003959072844851459,0.04375930206553832,0.030294901429988058,0.03580306532634953,0.12523325185989267,0.10647361494160915,0.030294901429988058,0.013580473054822236,0.04375930206553832,0.00120877188776402,0.0052711907390135,0.017123205156080214,0.014065489949637317,0.0066751477727092345,0.003964702878622514,0.052004868407094916
396,0.0022276186744707546,0.03807504969871191,0.02030669317264635,0.03384448862107725,0.01171539990729597,0.05357382000553667,0.02343079981459194,0.003226674173605374,0.06122722286347048,0.012691683232903967,0.05076673293161587,0.014183933231108807,0.007344187442838838,0.03807504969871191,0.008702868502562721,0.2040360352554359,0.30561016936574076,0.03046003975896952,0.01523001987948476,0.0435143425128136,0.0217571712564068
397,0.06145478398363567,0.02182499333032861,0.014549995553552405,0.0016364351390302757,0.014549995553552405,0.003063156958642612,0.01939999407140321,0.017975865423825746,0.17499885043944252,0.006020687815263065,0.010912496665164305,0.009146264479349131,0.20280078714599772,0.027991197047528275,0.352916016112949,0.008193971197818088,0.007936361211028585,0.012290956796727136,0.009189470875927835,0.01587272242205717,0.0072749977767762024
398,0.0926916561933604,0.0041443887909192595,0.04743081498357105,0.06223948863262329,0.01096085917971785,0.03678102433664429,0.17586089617236192,0.06247689732439173,0.05314351712467422,0.029594319785238188,0.06941877480487968,0.041651264882927815,0.01388375496097594,0.04061099000868485,0.06271120839378697,0.05466728515884278,0.048227780390758535,0.058457845057728025,0.006941877480487971,0.015867148526829643,0.012238207810595559
399,0.008076165578645475,0.019764872129519568,0.027147742429276017,0.43786390718688434,0.031059084774959323,0.009805017687085062,0.039529744259039136,0.03344824514226389,0.010148266837703484,0.007497020462921216,0.024157065936079476,0.031059084774959323,0.018117799452059605,0.0996358197446962,0.00627634989356783,0.007497020462921216,0.016104710624052988,0.008526023271557461,0.008874024221416948,0.039529744259039136,0.11588229087135218
400,0.008004546842721474,0.014850426127923557,0.0203192342930622,0.012578573609990889,0.26556590647304595,0.005179412662937424,0.029350005089978735,0.029350005089978735,0.014675002544989369,0.0010138762469985006,0.01886786041498633,0.01886786041498633,0.008004546842721474,0.010566001832392346,0.004002273421360737,0.0023983950206022103,0.012578573609990889,0.005961101786657111,0.45291019041004144,0.05552227705714121,0.009433930207493165
401,0.05523162494965522,0.08033690901768031,0.009862671878155609,0.006828003607953883,0.003170144532264303,0.002773876465731265,0.014794007817233414,0.08895826159025685,0.03514739769523514,0.056379323779041764,0.3313897496979313,0.07213462084663401,0.0036985019543083536,0.02677896967256011,0.046997091775342996,0.015012226276400082,0.031089349803370515,0.10470902318716925,0.0049313359390778045,0.005917603126893365,0.0038593063871043692
402,0.13899434756209755,0.021281431205680004,0.003486650458742641,0.007053032500417085,0.00604545642892893,0.027357846222782364,0.005492570728998743,0.026118175131575785,0.19851490167836566,0.02025828547463771,0.08778590372343006,0.04234156092898638,0.0023510108334723616,0.010579548750625627,0.16825631546990763,0.06248779399718103,0.0372320157830367,0.0832840625068439,0.023409574326248007,0.020616483787624807,0.007053032500417085
403,0.011679477771431319,0.17519216657146977,0.035038433314293946,0.0017078037610850872,0.17519216657146977,0.007617050720498685,0.029198694428578295,0.05839738885715659,0.17572138941222218,0.013476320505497673,0.011306349946279824,0.09058838871679349,0.019465796285718862,0.021241819828797043,0.013880090925047274,0.013476320505497673,0.012981982348072863,0.010305421563027634,0.05839738885715659,0.05839738885715659,0.006738160252748837
404,0.001196838147966481,0.029421552256966296,0.02288342953319601,0.016131463340864204,0.041190173159752805,0.003028689202923001,0.06865028859958804,0.051487716449691016,0.017162572149897005,0.1628845799794253,0.08783043196769827,0.06865028859958804,0.008581286074948503,0.051487716449691016,0.007627809844398669,0.018722805981705823,0.015797261856112604,0.20658511539367946,0.010839519252566529,0.06865028859958804,0.041190173159752805
405,0.011072372428010263,0.047886266883340745,0.04428948971204106,0.03543159176963284,0.0885789794240821,0.006263803990273001,0.025269464678733214,0.03936843529959204,0.03221053797239348,0.05868209195032765,0.04428948971204106,0.029526326474694033,0.012099793529072,0.04428948971204106,0.3555597287162045,0.02179774270074538,0.025308279835452027,0.015405039899840364,0.020842112805666377,0.022144744856020526,0.01968421764979602
406,0.008334151886996953,0.04853568610477097,0.016668303773993906,0.013890253144994919,0.01041768985874619,0.026848874562450897,0.27173728839440675,0.036473747012483085,0.13935245558687528,0.006945126572497459,0.04167075943498476,0.051086136043609974,0.01041768985874619,0.05574098223475012,0.07662678542537356,0.0834887993742718,0.04125434474822042,0.008918557157560018,0.011905931267138502,0.027780506289989838,0.011905931267138502
407,0.019239426934614345,0.04061656797307473,0.029673849411853904,0.013055325419916877,0.05222130167966751,0.014197151820896954,0.10722453815813886,0.021502888926921915,0.027197349638265273,0.008501142133899364,0.014621964470306904,0.36716278914638384,0.012605141784747328,0.020308283986537366,0.007777640675695162,0.002658973608173714,0.17464875233285002,0.010154141993268683,0.015231212989903023,0.024785688198626532,0.016615868716257844
408,0.2703466573849834,0.016801941360588237,0.016801941360588237,0.03320224988214822,0.008961035392313728,0.0031535780281261626,0.010339656221900455,0.010339656221900455,0.01920221869781513,0.0033603882721176476,0.33739178992257013,0.01344155308847059,0.00729988997804073,0.059228652776375956,0.004200485340147059,0.14706974452820262,0.001957308602751257,0.00640858014076388,0.008671969734497156,0.012219593716791448,0.009601109348907564
409,0.34105160419508057,0.033991892695166254,0.022661261796777507,0.026155190018746697,0.02832657724597188,0.00844528954785245,0.026147609765512506,0.022661261796777507,0.04248986586895782,0.01172134230867802,0.048559846707380366,0.048559846707380366,0.00844528954785245,0.16995946347583127,0.006798378539033249,0.026697726512359587,0.021961822825085048,0.019282365827927674,0.024279923353690187,0.03090172063196932,0.03090172063196932
410,0.009557652376376787,0.040961367327329086,0.040961367327329086,0.02048068366366454,0.02867295712913036,0.008192273465465819,0.02048068366366454,0.05120576694549642,0.03584119641141295,0.2877736684796192,0.23473897498461294,0.023894130940941963,0.001326338975529942,0.008892932393717025,0.015218525690493211,0.015929420627294643,0.00924934100939689,0.07722836981943726,0.011469182851652143,0.03185884125458929,0.026066324662845784
411,0.03331371384626323,0.03271495979011405,0.029988713140937883,0.03824073483948066,0.02116850339360321,0.36099701339719664,0.05997742628187575,0.023990970512750304,0.04498306971140682,0.007056167797867738,0.027681889053173436,0.05997742628187575,0.01240912267900878,0.07197291153825093,0.0028998070085503405,0.014394582307650183,0.013328316951527948,0.05368982654336009,0.03271495979011405,0.029988713140937883,0.028511171994054226
412,0.331613898209752,0.030060299379103296,0.03306632931701363,0.02244510450428928,0.022044219544675753,0.05696526087087774,0.016533164658506815,0.03674036590779292,0.04133291164626704,0.006748230472859925,0.03674036590779292,0.04133291164626704,0.023214167296234517,0.16533164658506813,0.008478545978721441,0.014854233907014147,0.005132798060853317,0.007248049008174334,0.022044219544675753,0.04133291164626704,0.03674036590779292
413,0.010360432908027952,0.09607576213093356,0.012662751332034162,0.014245595248538431,0.013407619057447934,0.005844346768631151,0.017533040305893453,0.22849810756686245,0.016280680284043923,0.004495956613028006,0.07017430683489415,0.016280680284043923,0.00844183422135611,0.012662751332034162,0.004536600182105244,0.004300557056162546,0.07020653442208301,0.35955254285101773,0.008140340142021963,0.017533040305893453,0.008766520152946728
414,0.009525721007826268,0.026195732771522234,0.022778898062193253,0.0327446659644028,0.5264867701902821,0.009033011300524911,0.034927643695362984,0.030374522694197888,0.047628605039131335,0.01887637259063811,0.024948316925259274,0.043659554619203726,0.014968990155155567,0.047628605039131335,0.012184061754196389,0.004151457444175159,0.017463821847681495,0.009314288331210131,0.016900472755820798,0.0327446659644028,0.017463821847681495
415,0.1253626584657394,0.0072991224416084095,0.02147848571320121,0.13190196847858185,0.006569210197447569,0.0009862700911066622,0.009241157229273647,0.006256390664235781,0.17275313088112268,0.0015456965170464868,0.006914958102576388,0.03593783366939751,0.00279540859465854,0.21122645095482614,0.050299969728957804,0.08845107633733344,0.09478109978742198,0.006387673681190832,0.006256390664235781,0.005053238613421207,0.008501809186616516
416,0.021478078035926645,0.013340048574444839,0.034898162504962624,0.6337080054540919,0.013630049630411032,0.001504681057429121,0.013062130895810571,0.02239222439281812,0.05277038390495664,0.003582755902850899,0.020225234935448623,0.027260099260822058,0.0059149271981029,0.013062130895810571,0.004936868370070137,0.004714152503751183,0.008359763773318766,0.0049477145047986055,0.009645881276906269,0.0152922508048514,0.075274456122417
417,0.005520153425649682,0.00837599046806917,0.1034981736604789,0.6009868454461693,0.01166069261241002,0.002141083330811962,0.012136639249651247,0.018021070400997305,0.00711902193073886,0.00356104983971803,0.018584228851028475,0.018584228851028475,0.0057737410022612725,0.016991294949511748,0.004309386400238486,0.0057182242618549145,0.00974910365955592,0.00448043291165542,0.008146511277163164,0.013515802800747979,0.12112632467025967
418,0.012004897464049168,0.012690891604851977,0.02019005482590087,0.0535499679778173,0.017083892544993044,0.015843714848470813,0.019312226355209527,0.07141775384721437,0.44723390514832556,0.004579187692472361,0.03277319332009996,0.008851900005835349,0.00653207656132087,0.06729254868296547,0.11647175140222568,0.0057685870931145355,0.02869424295040523,0.007528495019827444,0.01586361450606497,0.02220906030849096,0.014108037840344213
419,0.0814613579454166,0.07917250238970774,0.012181946008030568,0.0317979395317544,0.011802112157471964,0.011690544394802108,0.11813040039099251,0.10405528885504448,0.025818049143443992,0.07224034780259048,0.015080476645658617,0.026100824963639913,0.0008373725537178675,0.1250792474728156,0.01256706387138218,0.09521742812317012,0.06429045306833411,0.09194026633336662,0.0006493909600261013,0.00822571453399561,0.011661272854638374
420,0.014656819182157199,0.12254358491807296,0.03269598125250453,0.020240369346788516,0.1213114961252657,0.005020517197795643,0.015180277010091387,0.025002809193091693,0.026565484767659926,0.036349023257807096,0.02125238781412794,0.0354206463568799,0.008334269731030564,0.016347990626252265,0.01278007547808983,0.005903441059479983,0.009660176279149064,0.008334269731030564,0.42778293422357344,0.011487777196825913,0.02312966925232577
421,0.04227163069209954,0.061059022110810456,0.04269861686070661,0.013514082141107095,0.01761317945504148,0.027784170407952752,0.008915797070416485,0.053678261196316884,0.13439924627646924,0.029009942631833017,0.07597507958282584,0.086219932187653,0.005525703358444385,0.09641067504804035,0.07402427756250407,0.033435188118044835,0.10643048089519135,0.06380623500694271,0.003821055887321351,0.009393695709355455,0.014013727800923009
422,0.0010070041640672417,0.012052791861237288,0.02220251132333185,0.015623989449752042,0.012783264095251672,0.015735874503551763,0.021092385757165256,0.018341205006230658,0.014565025521030665,0.003733165620737214,0.040552764283002224,0.12311007699837559,0.002584205696594428,0.013182741098228286,0.004739861967902304,0.20757288285701508,0.4254635402420398,0.006591370549114143,0.010816608080597567,0.01506598982654661,0.013182741098228286
423,0.4412115091260594,0.08846517469421938,0.010779969071218847,0.02581907770910663,0.02743277006592579,0.006182032690912854,0.029261621403654178,0.02581907770910663,0.021946216052740636,0.006096171125761287,0.019083666132817947,0.03990221100498297,0.024529441604513702,0.04389243210548127,0.006752681862381733,0.07139176656921199,0.0059486963503603855,0.022577557411190875,0.021946216052740636,0.03657702675456772,0.02438468450304515
424,0.05869169955357837,0.014396737609523669,0.007013795245665377,0.01069800269884253,0.13676900729047484,0.05464978867990639,0.04909656671965764,0.018772216686927922,0.1469000448675471,0.037045615421951936,0.011251548299880138,0.03545863151975274,0.0017977384317094847,0.020262075154144424,0.09940042606356916,0.1094152058323799,0.03100097498584097,0.06480654107162837,0.026051239483899973,0.06382553673555492,0.0026966076475642272
425,0.0593591731501745,0.008733350572632243,0.08241725895100112,0.23721721631419765,0.010718202975503207,0.0008870203368915123,0.014737529091316913,0.013100025858948367,0.002221256757069989,0.0031440062061476076,0.008421445195038235,0.010718202975503207,0.005240010343579345,0.3200338481449307,0.0028071483983460785,0.06554397555970702,0.009432018618442823,0.024799004226642316,0.004716009309221412,0.012410550813740559,0.10334274620096517
426,0.6119079834249795,0.013512174066091473,0.02118426828524254,0.016433725215516653,0.023386455114389085,0.007238664678263289,0.030402391648705816,0.02763853786245983,0.023386455114389085,0.007600597912176452,0.024321913318964647,0.024321913318964647,0.007262026637210279,0.03378043516522868,0.005736300311076569,0.017294815887012413,0.004725404787769295,0.004661760504835912,0.02533532637392151,0.043431988069579736,0.026436862303222442
427,0.020279394162853022,0.07414241229797819,0.008697871953319055,0.005383375055550449,0.006958297562655244,0.001410045990961129,0.007380012566452531,0.45218723983931747,0.010147517278872233,0.04271984691421658,0.06286649125337519,0.011597162604425407,0.002510725924669418,0.005181710950913481,0.002136319427130996,0.002276078641990033,0.016868804531501,0.24556835398593946,0.00974161658771734,0.0067650115192481545,0.005181710950913481
428,0.00860937219738714,0.03397627242183139,0.0007167940895737263,0.003806520067812857,0.06098305306482558,0.032600937285223404,0.15451507293230982,0.006045649519467479,0.09255426639031239,0.01269443145431063,0.010454237668255813,0.1032745891151641,0.0014682291690135308,0.09931525784843023,0.23680610268768218,0.040447660038789135,0.03873816159437531,0.01925780623099755,0.012838537487331702,0.029155081926211933,0.0017419668106940193
