site,A,C,D,E,F,G,H,I,K,L,M,N,P,Q,R,S,T,V,W,Y,*
338,0.1411153856380094,0.006451450773272768,0.07051585728926049,0.0859573950955772,0.00505996139080217,0.13597743286860553,0.011384913129304884,0.00329453951110448,0.002333632153699007,0.004143133524120126,0.023335034711837666,0.16421874695603408,0.0013772255333305613,0.07096595850600045,0.0030886396068819477,0.12109985809048325,0.12420550086861593,0.0024924161621892333,0.001018312212523203,0.015053385137636457,0.0069112208407112454
339,0.002745279570503665,0.051265801976860585,0.021286931957718754,0.010305422346878325,0.011746343521843594,0.0020294565747049384,0.041764080037348994,0.04403777778115663,0.019837938017740777,0.005152711173439162,0.016883351504460232,0.03051990464267811,0.011500253923327985,0.017250380884991978,0.0036567627682471465,0.006612646005913591,0.013681336563959152,0.6566051499412137,0.007148806492879556,0.018034489107037067,0.007935175207096308
340,0.0009920579360672226,0.0053714192153378765,0.004253185416806874,0.002675390826701098,0.0035292389628822996,0.0009588105852917231,0.005924079687695289,0.46474776698766895,0.004787749591764115,0.05596269322026437,0.01919996655695241,0.005924079687695289,0.00306761044790082,0.004253185416806874,0.0011108434711484003,0.0016754972854087684,0.13438387124912002,0.27247744746895763,0.001727856575577792,0.004607617534874113,0.002369631875078115
341,0.022248288320799097,0.16681280950377317,0.002108170521756375,0.05063274067358499,0.0018526347009374207,0.050076207599754494,0.00460627087387145,0.00518205473310538,0.002778952051406131,0.04996471505748989,0.08195323596429618,0.007738535068104033,0.0008610837342385193,0.08145826387477928,0.00028043737926631657,0.1189799766720995,0.34140595888694264,0.004680737401562362,0.0008733849304419268,0.002778952051406131,0.002726590000384626
342,0.0041623535880372185,0.009811262028944875,0.010844026453044334,0.00615034336142813,0.10859240874399297,0.0014160584371673015,0.01791621761807325,0.34103324816908576,0.020187809767151864,0.0138381503898761,0.22451497294340866,0.01791621761807325,0.005644835687886091,0.015261963156136472,0.0020811767940186097,0.003270420676314957,0.00413288218601619,0.05322933517947266,0.016288861311598946,0.11634900936856389,0.007358446521708657
343,0.21897353009517717,0.5922727959286093,0.005352072353864623,0.006326062161138146,0.009521015012156141,0.0008877719269125451,0.004580941564962106,0.008856487025593404,0.008302956586493816,0.001982795602744792,0.008570793895735552,0.008302956586493816,0.003363222921111419,0.006326062161138146,0.0014518831189497382,0.06262989953544924,0.0028429785217138986,0.03317086352347224,0.004151478293246908,0.005653076824846854,0.0064803563601902965
344,0.010199099895433212,0.015865266504007217,0.017413097382446945,0.014873687347506768,0.022310531021260148,0.002487585340349564,0.027459115103089415,0.036525177006143474,0.06299546068538632,0.005806694570419377,0.5896835474196237,0.02855747970721299,0.011703885125906964,0.01830607673539294,0.0030604116716569196,0.007676741856777686,0.05836644945434587,0.00663904524089087,0.009037177122535756,0.04199629368707793,0.009037177122535756
345,0.002383652429038633,0.017529708569500122,0.015069398594833437,0.015338494998312606,0.039043441813886644,0.003958321289887125,0.02961916275536228,0.009961170219688838,0.015617376725554655,0.005471055540799402,0.01244863362181893,0.03437060799414648,0.00802762355051875,0.020950139509890386,0.0037673496487083593,0.006592926977406342,0.7069500537368951,0.006556913892408443,0.01684226901775502,0.019396337702935525,0.010105361410653014
346,0.004648859633191449,0.00923181517214541,0.7362800931751805,0.007115858630538964,0.01846363034429082,0.032050998269855795,0.017628769432675148,0.02161595747624291,0.02110129182204665,0.006070234633739447,0.015021258585185751,0.03194856392556363,0.010426520665011287,0.020142142193771802,0.0032824231723183684,0.005027731777470331,0.008521675543518839,0.003923002330563299,0.006422132293666371,0.011845225750877843,0.00923181517214541
347,0.09812049401580804,0.03818101322850751,0.007694534167415462,0.007218583600358834,0.010147863901953724,0.0016133700673613065,0.019450072478744636,0.126961589495014,0.011114327130711222,0.0033663586982442643,0.010297097194629514,0.01181441947521464,0.0040804185031125895,0.021218260885903246,0.0024568512604730072,0.013519386645540523,0.583485402961449,0.0028008104369392282,0.00530456522147581,0.014289849168057285,0.006864731463086343
348,0.10540316329801291,0.025247619689179223,0.014779094452202471,0.012623809844589612,0.02754285784274097,0.0042974671811368895,0.033663492918905635,0.005182576555932371,0.01954654427549359,0.007869387955068849,0.02019809575134338,0.025247619689179223,0.04143381246041275,0.08656326750575735,0.005199761079860789,0.006639275503992224,0.4999759580127988,0.0076701629435481184,0.01893571476688442,0.016831746459452814,0.015148571813507532
349,0.005710556260246517,0.02029503194975564,0.01894202981977193,0.013748247449834465,0.016392141190187247,0.00434893541780478,0.02029503194975564,0.027496494899668936,0.020790032729017974,0.003117358323788848,0.014954234068240998,0.021309783547243426,0.7065033507399479,0.031201615304555702,0.003566490970249945,0.003441227814545402,0.02137804588351656,0.0072853960845276665,0.007820104054034284,0.0224313511023615,0.0089725404409446
350,0.0038799108609319085,0.0024450053092849836,0.006643682981047789,0.008981275141046085,0.20562848394872799,0.001830146632515051,0.03310463296751665,0.0088179792293907,0.013856824503328244,0.03364581577724541,0.009326708800317086,0.012124721440412213,0.006139099463499855,0.0146966320489845,0.002539208678620358,0.0028023444830245384,0.005271618017570528,0.005843239248391429,0.20402249992584975,0.4017884406242685,0.016611729918026254
351,0.006644913994903817,0.012599383103688702,0.029848181273897535,0.013425552410193508,0.0160073894121538,0.6891756500783044,0.03783564770145443,0.02134318588287173,0.021904848669263087,0.0056624778872925,0.01300600389737496,0.030829046275259165,0.013425552410193508,0.021904848669263087,0.005987855704198999,0.003239074205589946,0.012240944844588198,0.005502771396767951,0.00924871388257775,0.019357773242604594,0.010810185057558408
352,0.004759786933566029,0.011423488640558472,0.01223945211488408,0.00810820778017375,0.00979156169190726,0.0016241926977097355,0.0336226423503213,0.11162509077534154,0.011683667571768006,0.28935243237350067,0.14956662409306848,0.024644500560789696,0.006993972637076615,0.28274042155254325,0.001392042764601378,0.005192494836617487,0.007139680400349044,0.007857666845469178,0.007139680400349044,0.011054989006992068,0.0020474039724129073
353,0.009681974289778633,0.02278111597594972,0.04303099684346059,0.01801297542284397,0.02278111597594972,0.004666011705917413,0.028238127059124186,0.021515498421730294,0.023283359624535906,0.010547896795685343,0.018891657150787573,0.033676432312273505,0.02766218236389937,0.6397516833774897,0.004079545702999178,0.009006487711421984,0.011916276048958317,0.00806831190814886,0.013128100731903227,0.022130226948065445,0.00715002362907702
354,0.040420203535774,0.0158607035840558,0.018619086816065507,0.009309543408032752,0.0158607035840558,0.004319583473728544,0.016470730644981026,0.11060014036910991,0.12408482207410274,0.025262627209858748,0.04835988637315817,0.08462980115302682,0.008235365322490511,0.032239924248772124,0.3529651292607139,0.017813865912919776,0.030774473146555195,0.012384848949223431,0.009111468016372483,0.016470730644981026,0.006206362272021836
355,0.0020886227633730844,0.02293377689411717,0.02107428147026983,0.017327742542221858,0.01821910022280634,0.0033002969949385286,0.02688787635862013,0.013312450104913878,0.02688787635862013,0.006839898371929682,0.019493710359999597,0.04586755378823435,0.016244758633332995,0.02293377689411717,0.006839898371929682,0.008860777436363453,0.017721554872726905,0.6442517229179309,0.014439785451851551,0.028879570903703102,0.015594968287999675
356,0.007229987867883149,0.015665962162959242,0.017472470680717615,0.012902747579606853,0.6948686784314728,0.004323085529249719,0.027054148150788566,0.016545820057299602,0.017844225376052028,0.023544982043520433,0.023296627574290154,0.02795595308914818,0.013312358613880085,0.02995280688123019,0.005410829630157713,0.003808077346152273,0.012707251404158265,0.006022067899689016,0.013104353010538212,0.014459975735766297,0.012517590935439485
357,0.007550792400103994,0.014230339523272907,0.019473096189741874,0.06975938430821299,0.024665921840339708,0.004743446507757637,0.028460679046545815,0.08359600894344216,0.30427379845605607,0.0064910320632472936,0.012332960920169854,0.10181535016023438,0.007872102715002036,0.01739729780664723,0.22805234128635188,0.006166480460084928,0.009999698043380963,0.007550792400103994,0.011562150862659238,0.023124301725318472,0.010882024341326344
358,0.008951599309668495,0.016709884014691177,0.10946259501508127,0.3573300155903873,0.024136499132331707,0.06461019681698474,0.04344569843819708,0.04344569843819708,0.11854003557589356,0.010596511814194406,0.03341976802938236,0.03620474869849756,0.01316536316309002,0.024136499132331707,0.007240949739699513,0.010344213913856445,0.01498127532351623,0.0079667166883125,0.01316536316309002,0.02068842782771289,0.021457940174883987
359,0.020674922799724296,0.02526935008855192,0.07580805026565576,0.04272820222672292,0.045484830159393454,0.012995665759826703,0.03248916439956675,0.029265552230085326,0.37324248563347334,0.022742415079696734,0.045484830159393454,0.016353709147324945,0.03498833089184112,0.06391769548277605,0.0038034140679077534,0.018193932063757384,0.03229490801328239,0.019776013112779767,0.02675578244670203,0.03498833089184112,0.022742415079696734
360,0.0020787310401637615,0.06235839583815226,0.03897399739884516,0.03540656278758363,0.023983998399289334,0.004168104818823249,0.031179197919076126,0.06235839583815226,0.051965329865126884,0.007886246311428384,0.004993941543064267,0.15589598959538067,0.020786131946050754,0.044541711312965894,0.014172362690489148,0.011135427828241475,0.034643553243417925,0.256000003526004,0.028344725380978295,0.07794799479769034,0.031179197919076126
361,0.006624978014912656,0.13147050329661972,0.32458234829257565,0.024707352673694182,0.04930143873623239,0.0009851460687306279,0.025834242211549247,0.039441150988985915,0.02817225070641851,0.01792779590408451,0.04382350109887323,0.06520555907679314,0.015169673457302277,0.09860287747246477,0.014086125353209255,0.008963897952042254,0.012722951931930944,0.008005591336010842,0.02817225070641851,0.016759213732165764,0.039441150988985915
362,0.002007989822569019,0.023424812773973493,0.017568609580480125,0.02958923718817705,0.03307032391619788,0.004259056867995181,0.02958923718817705,0.04568173367185417,0.03513721916096025,0.02007841094912014,0.02958923718817705,0.02524910049148182,0.009150745574127138,0.025554341207971086,0.010411027899543774,0.060352735678092184,0.46310993591506977,0.011243910131507277,0.03123308369863133,0.0702744383219205,0.023424812773973493
363,0.009996646130499031,0.02903787685525909,0.03387752299780227,0.014518938427629548,0.06097954139604409,0.0448136389290708,0.02651284408523655,0.040653027597362716,0.005591540650354286,0.013551009199120907,0.014395520433421133,0.03209449547160215,0.012974370509796615,0.02258501533186818,0.502456679716436,0.016439499140218118,0.012974370509796615,0.01219590827920882,0.038810416065836295,0.03587031846826122,0.019670819805175512
364,0.11107177712177253,0.02981474496870583,0.02281155039332616,0.006168239496053704,0.024078858748510946,0.0018443381169072216,0.020639021784437953,0.09796273346860487,0.015479266338328466,0.015166431805847353,0.11559334599964977,0.061917065353313865,0.005221921174375868,0.013133922953733246,0.0030098573435638687,0.007346092499545712,0.04987193703856248,0.3578822885904911,0.010571206279834074,0.02281155039332616,0.00760385013110872
365,0.04120761821829724,0.049449141861956696,0.03906551410033139,0.0195327570501657,0.031252411280265124,0.011238441332262884,0.016448637515929006,0.02083494085351008,0.04464630182895018,0.02608963912143552,0.0347249014225168,0.17660407807841677,0.25675948260005493,0.017826261424157726,0.01196350206337662,0.06665558009032216,0.0566904388407216,0.012500964512106048,0.010081422993633907,0.03906551410033139,0.0173624507112584
366,0.015556636728776954,0.036501742385173494,0.30013068206251414,0.02537254526565687,0.03318340216833954,0.020741106326830048,0.07220448521498835,0.019211443360617628,0.040557491539081655,0.00890286399638378,0.05214534626453356,0.1154741011579621,0.015870322776162387,0.040557491539081655,0.009125435596293375,0.021393921545181736,0.022813588990733432,0.00869089104408893,0.015209059327155624,0.11175674575637527,0.014600696954069398
367,0.007694673869186546,0.026748152021457985,0.033041834850036346,0.031206177358367653,0.05617111924506176,0.006767604728320697,0.01447874452897549,0.051064653859147054,0.04012222803218697,0.004089858515882541,0.04680926603755147,0.04680926603755147,0.4623692124288107,0.02006111401609349,0.00597565098351721,0.004235888551731909,0.008495133220764188,0.015181383579746428,0.04680926603755147,0.02080411823891177,0.051064653859147054
368,0.007388750981716582,0.05594340029013984,0.0068748787866325526,0.006111003365895602,0.0068748787866325526,0.20470198742528445,0.23166438024099986,0.007857004327580061,0.05428498012094469,0.0017045229526019806,0.02610692013539859,0.07832076040619577,0.0018580843205178114,0.1357320608632609,0.052091372050934115,0.10041123128999459,0.003666602019537362,0.0025780795449872078,0.006346041956891588,0.008249854543959064,0.0012332055898947034
369,0.036229542918636004,0.019807130278217722,0.06157457772374719,0.05420719193804216,0.023794279879677135,0.03540689465639359,0.036643191014702786,0.04985468165265687,0.10044648126516866,0.033581361037733,0.020015188369375474,0.11897139939838565,0.11321650379958002,0.022001428655052852,0.0701081460740487,0.04147003064743729,0.03926056180146727,0.062206596796311645,0.03249149942190395,0.02617370786764485,0.002539604803817376
370,0.008642008551224847,0.01583335377237071,0.04326958780531695,0.06834259833060781,0.023771338549776626,0.4498023604721016,0.045561732220405195,0.023771338549776626,0.05467407866448624,0.01115797523765025,0.0303744881469368,0.039052913331775886,0.013017637777258626,0.032161222743815436,0.0075936220367341985,0.005337527948883248,0.022780866110202604,0.007856277308591774,0.022780866110202604,0.04205698358806634,0.032161222743815436
371,0.002544411130871928,0.04047550564608316,0.044155097068454364,0.034693290553785575,0.16190202258433267,0.009523648387313687,0.014285472580970529,0.005778601223310424,0.024285303387649906,0.00852115908338593,0.028570945161941065,0.04731094824093677,0.008232306233101661,0.04047550564608316,0.007249344294820866,0.01467148291698807,0.3994628108855516,0.01798911362048141,0.01566793766945155,0.05396734086144422,0.020237752823041584
372,0.009615063479459594,0.02144455324297196,0.005344373166452303,0.006610145758506796,0.01046606411763576,0.002000990972987612,0.017262645321882986,0.09935565595441581,0.1528548553144858,0.01872356329925409,0.00966098226243301,0.010921110383619924,0.006126476556664835,0.31462624385565,0.20686936224673697,0.003422726014941266,0.018064664718984692,0.06798018565302133,0.005581900862739072,0.006788798346574547,0.006279638470581457
373,0.0574801966405909,0.016066693992597393,0.032133387985194786,0.08135658601437479,0.12490404396175196,0.001694928875299475,0.05701648403306014,0.02542393312949212,0.03891413543570092,0.05891802279927896,0.036723458964821966,0.032133387985194786,0.016352460000312104,0.05267356722443153,0.05747191007357188,0.03631990447070304,0.1638431246122826,0.059614739751912574,0.01815995223535152,0.032133387985194786,0.0006656938288817189
374,0.16843419982322774,0.4238230158342477,0.023811854615861133,0.01738761090602042,0.010990086745782059,0.0017311012569594132,0.02041016109930954,0.0024333821396276363,0.017858890961895846,0.008642132408632618,0.010205080549654768,0.01587456974390742,0.011905927307930565,0.017858890961895846,0.0046087460546827995,0.02825486772228318,0.06027705114087077,0.11722694687598738,0.010990086745782059,0.012988284335924251,0.014287112769516679
375,0.01572383880907852,0.026533977990320007,0.06064909254930288,0.035378637320426676,0.0385948770768291,0.00758113656866286,0.032657203680393855,0.006996718722748429,0.035378637320426676,0.00815971892665252,0.3489407265669237,0.035378637320426676,0.01929743853841455,0.1259063695153066,0.0058156664088372615,0.012864959025609702,0.10845254904325806,0.003225675894279919,0.026533977990320007,0.02234440251816422,0.02358575821361778
376,0.04545081031615158,0.015150270105383858,0.00032871094324136063,0.2442981054493147,0.06817621547422735,0.030300540210767724,0.03867420759832395,0.0038304667746877933,0.039106353929764574,0.03834912120425289,0.06817621547422736,0.04712407880309119,0.00164162861772334,0.15453275507491535,0.04333681913865617,0.044730677989127256,0.038155737180613075,0.018807231854959278,0.020659459234614354,0.030962451537340032,0.008208143088616698
377,0.052819259808988564,0.013082169612133394,0.006830875872365478,0.006830875872365478,0.07456836678916035,0.00209480193419208,0.027617913625614936,0.12913440394080086,0.055105405568532474,0.0698890631716126,0.17580927601135485,0.02193187258504716,0.0034913365569868,0.2033682730613464,0.0406987587636652,0.010145356025736098,0.03765561575629677,0.032808664056194446,0.004134477501694894,0.026164339224266787,0.005818894261644666
378,0.1509634137619178,0.18663560384003983,0.012860942211404287,0.006353383328737121,0.012948108269385554,0.006383369547828335,0.01457540881298516,0.008202521045394751,0.016518796654716516,0.0040619991773893065,0.012389097491037386,0.019060149986211364,0.004858469604328386,0.01548637186379673,0.00364385220324629,0.008907608365092813,0.2793577602158895,0.20375555031116582,0.011799140467654654,0.012389097491037386,0.008849355350740992
379,0.3083561223919881,0.024640321822794933,0.03195772751844361,0.01406140010811519,0.04239115141664734,0.007642065276149561,0.02067852957075763,0.016739762033470464,0.02704115405406767,0.007811888948952884,0.01757675013514399,0.02929458355857331,0.0010288902670820732,0.016739762033470464,0.007323645889643328,0.28918649787658285,0.007437272491431312,0.015284130552299121,0.01757675013514399,0.08421177900432077,0.013019814914921475
380,0.05309742063190612,0.04067120048880965,0.01981417459711239,0.19134831468068536,0.003715781339673505,0.04755401903306974,0.032783452515222314,0.02453183521547248,0.035417837092338395,0.04857303372663552,0.06525468167315682,0.12121612694704054,0.0006816039897754748,0.09730961302137417,0.059826023944829665,0.053387931768213194,0.056496882349581126,0.029622191022683025,0.010845653463682572,0.0032022148130914628,0.0046500076856464696
381,0.020256251401154293,0.039163556130809046,0.03867102540220365,0.017015251176969604,0.10634531985606002,0.01780464182684533,0.06076875420346288,0.053172659928030004,0.028358751961616004,0.00889958934502911,0.026586329964015006,0.06076875420346288,0.01636081843939385,0.022388488390749483,0.0016800102608619655,0.011496791335790273,0.047264586602693344,0.009667756350550914,0.3501477352013384,0.06076875420346288,0.002414173815501131
382,0.003882936249632136,0.01844394718575265,0.00819730986033451,0.00819730986033451,0.36171955539487105,0.0034314320345586323,0.00819730986033451,0.01639461972066902,0.008679504558001245,0.12133790105791102,0.08670186044519575,0.02459192958100354,0.009246469124704624,0.0026795900244511632,0.0017524489861266682,0.003189184157635187,0.004471259923818824,0.013727497358439127,0.009836771832401415,0.27712385292348996,0.00819730986033451
383,0.011939215907162872,0.014133448918087047,0.03183790908576765,0.018193090906152943,0.021831709087383532,0.00470714112910125,0.023878431814325737,0.019102745451460592,0.03183790908576765,0.00982172190314379,0.019592559437395476,0.02065161670428172,0.01661108300127008,0.044255216777606014,0.02198403748540324,0.00812882785168536,0.011236909089094468,0.010054076553400314,0.6310464291852348,0.02315484297146738,0.00600107765480813
384,0.0566273930246148,0.0726288541618686,0.0629450069402861,0.0347563533234662,0.021082059740765678,0.10623321708017379,0.053515997803482124,0.022935427630063763,0.051506983336692305,0.04833196279120744,0.03997381746855234,0.0807498520436428,0.0011859501489791598,0.09967825752948871,0.043123753290898466,0.04827361434518184,0.0887387712477594,0.051604712167643466,0.011692570948659959,0.0031058391582378013,0.0013096058183350496
385,0.060939203167678334,0.07956354655678154,0.010350627687211228,0.1656893354989989,0.00874717318869995,0.013178387982194326,0.030601364060300583,0.053042364371187686,0.023271717152438913,0.046198188323292505,0.016461423425541008,0.08950898987637922,0.005437431982164835,0.17754017951360238,0.03017927628015851,0.014851862023932549,0.04269263473778522,0.08640257861035681,0.010608472874237537,0.02983632995879307,0.00489891272826462
386,0.013657287711760852,0.045524292372536176,0.0315168177963712,0.018623574152401165,0.0819437262705651,0.008717417688357992,0.013657287711760852,0.18517848719195457,0.022762146186268085,0.3369377687358656,0.010615522983700228,0.045524292372536176,0.00969170121111029,0.01144526520240563,0.005955378014429732,0.009993137350068917,0.016388745254113022,0.04423288897666219,0.022762146186268085,0.0512148289191032,0.013657287711760852
387,0.04260752776701925,0.03377130439596268,0.031660597871215015,0.006187555505666747,0.0266615561020758,0.4162139052604239,0.050656956593944036,0.04605177872176729,0.04605177872176729,0.01407137683165112,0.038966889687649255,0.04221413049495335,0.013691069349714603,0.050656956593944036,0.0038356648961556136,0.03875910590419171,0.016885652197981344,0.010368001056148875,0.0131234686455589,0.04221413049495335,0.015350592907255767
388,0.053384446052438916,0.03620536825701739,0.008120178092162547,0.0630443754317354,0.012822734591026992,0.009186436721929786,0.08174493301779709,0.023083203503674567,0.16009025637807822,0.08334777484167545,0.022517972940340084,0.0027039556897944703,0.003747774504075021,0.07010116435956575,0.15141704488874075,0.06430505705350849,0.08857714291122562,0.04756068830126376,0.0043307616491533585,0.009927278393053155,0.0037814524217430717
389,0.028345680500800687,0.040251142478576044,0.016770078907837604,0.006097223875808701,0.00918361464000631,0.03968677737898664,0.06541139999498094,0.006418130395588107,0.1386151834725952,0.009105548501061688,0.021428434160014716,0.1361335817224464,0.0014517199704306434,0.0602674710750414,0.10019970422717686,0.06894203491038489,0.07988409988160873,0.03214265124002208,0.034438554900023656,0.10210018629183483,0.0031267814747736934
390,0.010930531147362435,0.01736025535169328,0.024593695081565482,0.04318241085298605,0.019040280063147466,0.006944102140677314,0.015134581588655681,0.019674956065252387,0.4872892329581892,0.005786751783897761,0.012160971805071384,0.03725083246745939,0.006707371385881496,0.030230547113242596,0.17685861458463137,0.0052574898492150825,0.010025101049181988,0.03472051070338657,0.011804973639151433,0.019040280063147466,0.006006510306204115
391,0.05166552973683856,0.04931709656698226,0.02539682680513395,0.06888737298245141,0.0169312178700893,0.001433962536349184,0.12055290271928995,0.030476192166160737,0.032878064377988174,0.011457448745886644,0.01015873072205358,0.021768708690114814,0.018910259250084698,0.09221061812181915,0.12525575322400131,0.09472013785087069,0.04018430090642998,0.05538917151967376,0.0009410662067658249,0.12483937983445939,0.006625259166556682
392,0.03031321628390337,0.03662094931541876,0.021362220433994283,0.01653849323922138,0.08544888173597712,0.0070231957591214075,0.022291012626776643,0.022291012626776643,0.039437945416604815,0.04336425856968168,0.028482960578659042,0.039437945416604815,0.4219994567183627,0.020187708789665082,0.006408666130198284,0.019402364007943155,0.03171245983906752,0.008689716786709538,0.024413966210279178,0.05126932904158627,0.023304240473448305
393,0.01608881417966101,0.05391739368267377,0.023083950779513623,0.03539539119525422,0.053093086792881335,0.007807806881306077,0.004159805966272915,0.03792363342348667,0.06636635849110166,0.009894231335832948,0.03792363342348667,0.03792363342348667,0.011061059748516946,0.02949615932937852,0.4369183986541762,0.009304087606654002,0.018307960963062527,0.01769769559762711,0.02123723471715253,0.048266442538983025,0.024133221269491512
394,0.0005161296566631285,0.0557672067567284,0.0008338457369828644,0.007090481138022761,0.01213896287902791,0.0017559205178550507,0.012408341991539834,0.1517162534382402,0.14716346227469992,0.06815534491696393,0.11773076981975991,0.016544455988719776,0.012727650791325398,0.11773076981975994,0.08409340701411423,0.003168087316988894,0.0415520364069741,0.12257960878836664,0.006473917560803391,0.009926673593231867,0.009926673593231867
395,0.010639939987309912,0.280073346650522,0.02619062150722439,0.05674634659898619,0.04582320191742928,0.01489399123829617,0.06809561591878342,0.020028122329053946,0.03404780795939171,0.15375466601825208,0.12230484796906413,0.024319862828136935,0.011349269319797236,0.03783089773265745,0.0011451559582795214,0.014192886798441223,0.010983163857868294,0.013619123183756684,0.010639939987309912,0.004055331289007314,0.03926586095043226
396,0.0027523980869680297,0.03149303037220851,0.03599203471109546,0.06298606074441705,0.06298606074441705,0.06134231417734871,0.025194424297766818,0.002937123132226126,0.14952189080728748,0.009690163191448773,0.025194424297766818,0.038567996226451844,0.009159256310139682,0.03149303037220851,0.015949001686110666,0.13361007517363396,0.20706691726008392,0.025194424297766818,0.01799601735554773,0.03149303037220851,0.019380326382897547
397,0.035790850474599574,0.031118522484710743,0.06223704496942147,0.019538037699110535,0.019149859990591225,0.0075438842387177555,0.035564025696812274,0.08885772845303815,0.20441160556916954,0.0071128051393624546,0.03280827960171628,0.006150845729171347,0.10421453520545172,0.020293779131416834,0.2258824239930958,0.010823833907725476,0.010823833907725476,0.013102535783036103,0.01659654532517906,0.020745681656473825,0.027233341043474163
398,0.08886485740745888,0.007924027529850018,0.04801013832340334,0.07725814774922567,0.03724929081087245,0.04139085304745328,0.03192796355217637,0.03438396074849764,0.0218141491289686,0.059216821289079256,0.08764539014322925,0.057943341261357126,0.006772598329249534,0.1524900054855681,0.027090393316998137,0.036595794480857126,0.06573404260742192,0.013881882649409125,0.02352586788055101,0.05676082409275798,0.023519650165615216
399,0.00860759700369722,0.05523704133918775,0.059626655773078144,0.31275779652915187,0.04296214326381269,0.001123410821940054,0.06444321489571903,0.12888642979143808,0.07049901318678325,0.009206173556531288,0.03866592893743141,0.03866592893743141,0.014320714421270895,0.0490964337049612,0.009260042111895576,0.012083102792947317,0.019332964468715706,0.007733185787486284,0.012888642979143806,0.03222160744785951,0.012381972249517547
400,0.017047940151415555,0.0180222773954871,0.03254606756179332,0.022375421448732908,0.29138870834628267,0.009675857923776393,0.03977852701996962,0.02753898024459435,0.017900337158986326,0.013485758858835012,0.029833895264977213,0.02386711621198177,0.011187710724366456,0.02105922018704274,0.0070197400623475785,0.002820394034189301,0.014916947632488606,0.00612593801389518,0.36629067506943236,0.015184928583414678,0.011933558105990885
401,0.006690727586647522,0.05753639827018051,0.008658588641543851,0.0210280009866065,0.01051400049330325,0.004599875215820171,0.029439201381249093,0.11969960641290242,0.08851753580027771,0.09285860092873914,0.24548863261943682,0.013039145139530448,0.00566138488100944,0.01839950086328069,0.05555238453672602,0.005754889711325714,0.03669418121092917,0.13700257407856298,0.011322769762018882,0.0210280009866065,0.01051400049330325
402,0.09548719156005932,0.03618461995960143,0.007029025385543761,0.009594163767438078,0.01507692498316726,0.04975385244445198,0.04830038704200604,0.046876405346326144,0.0753193921812038,0.03957692808081407,0.03618461995960143,0.04685745472141424,0.003837665506975231,0.22615387474750895,0.07840000991246976,0.058358007639803,0.015469715560902467,0.0633230849293025,0.019188327534876162,0.017515352215608657,0.011512996520925693
403,0.013541958384294858,0.054167833537179425,0.17680899620218,0.023831208136613918,0.07222377804957257,0.012037296341595428,0.054167833537179425,0.054167833537179425,0.17736638911697794,0.0309530477355311,0.013932732484471841,0.01875740122904788,0.019697394013519793,0.034525871643826825,0.0009140330007377204,0.024074592683190857,0.011082227036071608,0.043334266829743534,0.043334266829743534,0.10833566707435884,0.012745372596983398
404,0.008956440289927044,0.05309175054771417,0.01704291507719377,0.010025244163055159,0.03408583015438754,0.004260728769298443,0.08521457538596887,0.21396339205127388,0.04260728769298442,0.1347546184510151,0.08193333267152172,0.04260728769298442,0.009468286153996539,0.015493559161085246,0.007409963077040771,0.01704291507719377,0.010025244163055159,0.1376905831114312,0.03408583015438754,0.02130364384649221,0.018936572307993074
405,0.018383881992713482,0.00475460213935328,0.05821562631025935,0.03881041754017291,0.03881041754017291,0.022168081641785117,0.0024973730209965402,0.043661719732694525,0.08732343946538904,0.011553624160587379,0.0498991082659366,0.1164312526205187,0.013801659017675254,0.043661719732694525,0.2829229825935469,0.013009758691341225,0.024949554132968302,0.018383881992713482,0.02910781315512968,0.0317539779874142,0.0498991082659366
406,0.11928433560835933,0.019374124869258505,0.029821083902089828,0.028624221204290284,0.028624221204290284,0.06331443153444659,0.1661460388830719,0.007775064286977184,0.057248442408580576,0.012721876090795687,0.03816562827238706,0.03814042385679087,0.017892650341253896,0.03816562827238706,0.08510782308241624,0.09281286650160393,0.04708592195066816,0.06262427619438862,0.011449688481716114,0.022899376963432232,0.012721876090795687
407,0.01704824930985505,0.1022894958591303,0.013301723977063482,0.02727719889576808,0.06819299723942021,0.011365499539903368,0.02785307445930152,0.02727719889576808,0.03291714161279126,0.009515301940384214,0.013638599447884042,0.3349474315740041,0.011365499539903368,0.04546199815961347,0.012786186982391288,0.03625193416418907,0.046421790765502534,0.01704824930985505,0.0340964986197101,0.08940929900037604,0.021534630707185323
408,0.35131248432329176,0.0225655951104124,0.016490242580685984,0.013431128893145424,0.018641143786862414,0.007357351035291189,0.025220371005755034,0.0285830871398557,0.0225655951104124,0.008574926141956712,0.18399046368003505,0.038976937008894146,0.01645443171122264,0.06746317001601282,0.006213714595620804,0.08829170033823816,0.0034990837450155528,0.002929101266031037,0.025220371005755034,0.035728858924819626,0.016490242580685984
409,0.28946103017481944,0.04431094502113223,0.01611307091677535,0.038478028682761296,0.03544875601690579,0.012595102645230115,0.04431094502113223,0.05064108002415112,0.03544875601690579,0.01541250261604599,0.07089751203381156,0.05064108002415112,0.013490622221531235,0.059081260028176305,0.009580744869433994,0.04704939096970424,0.004460774180341623,0.03487198262993261,0.07089751203381156,0.027268273859158296,0.029540630014088156
410,0.008246594433048288,0.02783225621153797,0.0371096749487173,0.031808292813186256,0.02783225621153797,0.005566451242307594,0.020241640881118524,0.1024771334568929,0.055664512423075935,0.18237509749731057,0.12090708030212965,0.024739783299144863,0.021348170902391432,0.011202121268303288,0.0033598384259174497,0.010120820440559264,0.020241640881118524,0.23005070776037181,0.017127542284023363,0.02783225621153797,0.013916128105768985
411,0.019937209175117633,0.0455707638288403,0.06379906936037642,0.005216272471801662,0.03189953468018821,0.2606953145472926,0.0455707638288403,0.028999576981989288,0.15949767340094104,0.007595127304806716,0.03189953468018821,0.06379906936037642,0.019937209175117633,0.06379906936037642,0.003911904923390807,0.01226905180007239,0.018764432164816595,0.009586801405444222,0.018764432164816595,0.06379906936037642,0.024688120024830038
412,0.21903604258246154,0.01576060460175864,0.04465504637164948,0.030398156046749048,0.03827575403284241,0.011649142531734649,0.02061002140229976,0.053586055645979354,0.13396513911494842,0.007241358871078295,0.053586055645979354,0.13396513911494842,0.01103895537481132,0.033491284778737106,0.00788030230087932,0.020125476857633048,0.0034830565871102823,0.0024080289021034397,0.0669825695574742,0.053586055645979354,0.03827575403284241
413,0.008272977007847359,0.12553105287217467,0.020682442519618406,0.012926526574761503,0.012926526574761503,0.012926526574761503,0.01880222047238037,0.16899018733111212,0.029546346456597712,0.004822268073687423,0.008784948212020883,0.013788295013078933,0.007131876730902897,0.014773173228298856,0.005864045533988107,0.009401110236190183,0.05174034522670653,0.4457282899055704,0.005589849329626594,0.01088549606295705,0.01088549606295705
414,0.01434043338271456,0.021852088964136474,0.03824115568723883,0.032778133446204706,0.37542661488924994,0.009763699324401402,0.026993756955697997,0.02656306661123863,0.05736173353085824,0.0028191871820052988,0.04171762438607872,0.03059292454979106,0.012747051895746275,0.022944693412343294,0.008824882081670498,0.0044083723655101775,0.01995190731508113,0.02719150398265889,0.022944693412343294,0.18068438766089417,0.021852088964136474
415,0.06604218008429652,0.010950199895099101,0.009533051513069357,0.19788459452116677,0.008307048196282075,0.0030059182466997264,0.010950199895099101,0.015056524855761262,0.06506413296631501,0.003706221502956619,0.01606029317947868,0.04391377955718476,0.0066917888247827835,0.3262166481390867,0.031068252203722543,0.07496392671883052,0.04228734327728902,0.03784481891092953,0.008603728489006437,0.012679178825904223,0.009170170197039213
416,0.010738871842761032,0.014583624137606993,0.022331657887053158,0.5782485279037413,0.015555865746780792,0.041192050579019125,0.015909408150116714,0.02187543620641049,0.07289831899595296,0.005785239327315171,0.02413841236569433,0.02413841236569433,0.007142999577603426,0.015217694752285557,0.005147161460331879,0.007368567985317218,0.010447969531419934,0.05948085232948185,0.01707351118549111,0.02000039881728959,0.010725018852632915
417,0.008330971851776881,0.012695875313945542,0.05332785895016441,0.5747668319367156,0.018375609007026446,0.06832077873492784,0.017904439545307817,0.023275771408900164,0.04912294407794458,0.006019596054025904,0.02252494007312919,0.029094714261125202,0.006913595467990147,0.027930925690680192,0.005631235018282297,0.007589925459423965,0.013174964948434053,0.007138600712272477,0.015517180939266777,0.017904439545307817,0.01443880100335287
418,0.011912297270380828,0.01603578478705112,0.021943705498069954,0.001870760330971101,0.020846520223166454,0.008508783764557735,0.018951382021060413,0.05387121734387298,0.34272353784736,0.007580552808424164,0.03132942681593934,0.09572575716680574,0.006617942927989351,0.023055686248133346,0.11364362143317679,0.0069488400743888176,0.01708529987298531,0.009696055917751838,0.013897680148777637,0.03474420037194409,0.14301094712719295
419,0.04425322522396901,0.13368059552590408,0.001963554944236408,0.029637765391685063,0.0038194455864544023,0.023028499267962393,0.057291683796816026,0.10384117688172904,0.052201659801245,0.0688601968711731,0.06684029776295203,0.026442315598530473,0.0015761841385139536,0.16406254905451867,0.0266970102529364,0.03385417678902766,0.049107157540128024,0.04370836533732625,0.0031828713220453356,0.06250001868743567,0.0034512502254110114
420,0.015324501939096052,0.025094954025168235,0.05959528531870688,0.033522347991772616,0.15524544296321746,0.006178878845580076,0.020629137225706227,0.033522347991772616,0.03575717119122413,0.006572204262062812,0.03575717119122413,0.02554083656516009,0.013408939196709045,0.028229345677282205,0.0028507535641982664,0.009247544273592445,0.016761173995886308,0.013408939196709045,0.4407626500772657,0.019865095106235627,0.0027252794014299823
421,0.09760337108308416,0.0249017398364467,0.08478449515742563,0.030199667395577574,0.009669818847084635,0.021296494057361715,0.09130637940030455,0.045653189700152266,0.09489469530547827,0.030435459800101504,0.039588968097236055,0.13610359363195326,0.0029753288760260414,0.03105625493972292,0.04263892154459305,0.09377411938409654,0.0750221440185966,0.03463345425528793,0.003412877240147518,0.006825754480295037,0.0032232729490282116
422,0.035983422389166984,0.039189759771610336,0.028303715390607474,0.026814046159522865,0.01698222923436448,0.009989546608449695,0.02315758531958793,0.02037867508123738,0.02670470724769927,0.006138155144951018,0.005839517437588053,0.07539317753613996,0.0038517351041397296,0.028303715390607474,0.005993727965069818,0.16315441273500192,0.4194733093277756,0.012736671925773362,0.01698222923436448,0.018195245608247663,0.016434415388094658
423,0.3037237898968162,0.10431973376206272,0.014907985196625288,0.020542215640402702,0.03697598815272487,0.013691965056270733,0.04621998519090608,0.04621998519090608,0.05282284021817838,0.009730523198085492,0.028443067809788364,0.06162664692120812,0.0158873926515164,0.041084431280805404,0.006722906936859066,0.08246516998790095,0.002028667442012149,0.03484232012017601,0.028443067809788364,0.02465065876848324,0.02465065876848324
424,0.06172966545255639,0.02042319341965723,0.011670396239804136,0.04006007953978656,0.04339928601677162,0.05972223251859155,0.1735971440670865,0.031563117103106636,0.04084638683931447,0.01349977134277907,0.006657974828314862,0.003232294105839236,0.0016161470529196182,0.06807731139885745,0.1361546227977149,0.07524334417768455,0.11436988315008051,0.04225176306151481,0.015710148784351723,0.03713307894483134,0.0030421591584369285
425,0.01852264011204818,0.020659185335279728,0.18453221023336455,0.3055388817119147,0.03718653360350351,0.043296135102701444,0.030914003579773978,0.02860502584884886,0.03792610988166089,0.008853936572262742,0.014302512924424427,0.034550945177394446,0.01328090485839411,0.09274201073932192,0.005997828000565084,0.03581500414729912,0.014302512924424427,0.007253234118166866,0.026561809716788225,0.024791022402335675,0.01436755300952701
426,0.5356159622947576,0.02415161162099311,0.032768131805058776,0.02415161162099311,0.02415161162099311,0.009450630634301651,0.031052072084134,0.029640614262127905,0.031052072084134,0.01003220790410483,0.02103527463763916,0.03835844198628318,0.009208489232460785,0.03432071125088494,0.009589610496570795,0.007591289080941798,0.030822474051947737,0.022270117264455914,0.027170563073617246,0.022485983233338412,0.025080519760262075
427,0.038118417539949725,0.07932970256437874,0.01098347912367538,0.025417088511455348,0.012301496618516424,0.0023511262791252774,0.00854270598508085,0.39141495605549376,0.01337119197664829,0.056939382011599635,0.002667024705219838,0.0093193156200882,0.0043315128938438115,0.007500912572266113,0.003379532038053962,0.0028741814529243985,0.044753434176943926,0.2534607591577246,0.013978973430132302,0.012814058977621274,0.006150748309258212
428,0.06644855652916327,0.02122662222459382,0.0006711528175261707,0.008055395085242606,0.08278382667591588,0.03575010058878959,0.1623254097682912,0.01244039398876427,0.04217054296468416,0.013645685715810311,0.019296929295085294,0.13250788546517425,0.002876926816158074,0.03183993333689074,0.19985681233002178,0.028889345179785496,0.0487243887972755,0.032264465781382604,0.04391714943019411,0.008938213819089212,0.005370263390161737
