site,A,C,D,E,F,G,H,I,K,L,M,N,P,Q,R,S,T,V,W,Y,*
338,0.09079197689396283,0.015055143300968491,0.044168935623592705,0.10664502170980754,0.0027407141240177895,0.14184218145189653,0.013624564073274647,0.0027407141240177895,0.0019413391711792679,0.00977468725256952,0.016755314966707978,0.20213898697803842,0.0011457083633189121,0.10963232557628336,0.00036312416490165373,0.1397469253549288,0.08225671393771426,0.0013747196397322485,0.0008471298201509531,0.015441172616377941,0.0009726008565583648
339,0.04926549863962144,0.06112085075642991,0.017748246284476615,0.008592275027760578,0.009793661114802014,0.008088595731904315,0.034821325112503396,0.008625601836210032,0.016540129428439115,0.004296137513880289,0.014076705896543926,0.025446352966829407,0.009588480828080646,0.01438272124212097,0.0030488717840440765,0.005513376476146372,0.01140698581271663,0.6700312434762943,0.00596040700123932,0.015036481298581011,0.006616051771375646
340,0.002104759769398158,0.015367336523441995,0.009023599561708917,0.005676135208171739,0.007487667721418038,0.0020342218665124153,0.012568585103808852,0.17500666100076298,0.010157736116345866,0.005718078706397022,0.026157168550539574,0.012568585103808852,0.004887783095925665,0.009023599561708917,0.002356776316351476,0.003554751342491392,0.35558932676795385,0.3222483901279353,0.003665837321944248,0.009775566191851326,0.00502743404152354
341,0.025963548653191157,0.08529587909958271,0.002649640160583752,0.055119512904382384,0.0023284716562705704,0.07709091115123323,0.0036590268884251816,0.002744270166318886,0.0034927074844058547,0.05390537212817355,0.04749429631681308,0.025330291368966983,0.0010822473895342086,0.1433161222191553,0.00035246586315694587,0.17794529686699304,0.284344937426149,0.0021351016764955557,0.0010977080665275545,0.0034927074844058547,0.001159485029235412
342,0.00316924494661801,0.007470363088456737,0.008256717097767973,0.004682914174853478,0.11653223320006208,0.0010781967344164363,0.013641532596312305,0.31729061889882854,0.011205544632685107,0.002560357192716607,0.2937107329780597,0.013641532596312305,0.004298017119386068,0.011620564804266036,0.001584622473309005,0.002490121029485579,0.0021930789393000355,0.0010829178535748567,0.003921940621439786,0.17396597670580694,0.005602772316342554
343,0.23049268049636568,0.370305170167426,0.01260807654588493,0.005433019166520315,0.06152893392774268,0.0007624461745008769,0.0684597793586838,0.00760622683312844,0.007130837656057913,0.0017028866044317404,0.007360864677221073,0.0733219795972267,0.0028884405695424453,0.005433019166520315,0.0012469224316604003,0.11740228294339979,0.011409420285970983,0.0009210243364443819,0.0035654188280289565,0.004855038404124537,0.005565531829118371
344,0.010167529160707095,0.015816156472211036,0.017359196128036505,0.014827646692697847,0.022241470039046765,0.0024798851611480717,0.027374116971134482,0.013240791185197028,0.016833116640308895,0.00463098185168197,0.7211408221338566,0.028469081649979862,0.011667656413926173,0.018249411314089657,0.0030509383410660647,0.00765297893816663,0.0025234886124182493,0.002390029642656962,0.009009203053791095,0.041866296544088036,0.009009203053791095
345,0.002048944744699091,0.015068222116623762,0.01295338392481692,0.013184694352045794,0.033561040168843835,0.0034025017682698827,0.02546009943843326,0.008562442713561297,0.013424416067537534,0.004702820915379392,0.01070062150310963,0.029544356284410957,0.006900400782379108,0.0180083630174284,0.0032383459812042304,0.005667161419162863,0.748099538332311,0.005636205219195149,0.014477311445383617,0.016672742937974057,0.00868638686723017
346,0.004172836047331238,0.008286516301242207,0.8099412751536725,0.006387224769968284,0.016573032602484418,0.0010353060476642308,0.01582365792108409,0.0194025747541281,0.01894060868855361,0.0054486682528715885,0.013483145168122913,0.009753593677518563,0.009358888999050023,0.018079671929983,0.0029463169071083403,0.004512913284701225,0.007649091970377421,0.0035213034658783484,0.005764533079125014,0.010632324677892413,0.008286516301242207
347,0.001657418722205924,0.008892027858952366,0.008501169491525889,0.007975323955967584,0.0112116873004182,0.0017825032804812348,0.02148906732580155,0.0062317566840171795,0.012279467043315173,0.0037192616525425753,0.011376565054836115,0.013052951643012827,0.022256720369315214,0.02344261890087442,0.002714408504311775,0.022708414632706144,0.7883812942578096,0.003094425694915423,0.005860654725218605,0.015787886198548078,0.0075843767032240765
348,0.0021590685043788383,0.024741835538085084,0.014483025680830293,0.012370917769042542,0.02699109331427463,0.004211376261801716,0.03298911405078011,0.005078754290067597,0.06460911193974098,0.00771174094693561,0.019793468430468062,0.024741835538085084,0.007397914232546674,0.0848291504162917,0.005095594557390676,0.0065062712696918315,0.5988771852588717,0.007516506998911923,0.01855637665356381,0.016494557025390055,0.014845101322851047
349,0.004895896986823628,0.017399773549557594,0.016239788646253753,0.01178694337228095,0.014053663251565748,0.003728522903476627,0.017399773549557594,0.0235738867445619,0.01782415827027851,0.0026726407251311314,0.012820885773358225,0.01826976222703547,0.7400248512988548,0.04495564069723005,0.0030577007911356435,0.0029503074867664792,0.008471371145998541,0.006246072556251444,0.006704499899829531,0.01923132866003734,0.0076925314640149366
350,0.005049428314649146,0.0031820006903987893,0.008646281360700595,0.01168849146909525,0.1072958039226509,0.0023818058087967673,0.004224971560351367,0.011475973442384423,0.018033672552318383,0.009161715825089909,0.012138048833291221,0.015779463483278584,0.007989601763685359,0.01912662240397404,0.003304599682362007,0.0059579560102020115,0.006860636297077647,0.007604560714833053,0.09444364504800123,0.6390661527755872,0.00658856804127211
351,0.0058951829480714734,0.011177822389582426,0.00603080211150891,0.011910776828370107,0.014201310833825899,0.7466505386612515,0.03356673469813395,0.018935081111767865,0.019433372719972284,0.005023592948020046,0.011538565052483542,0.02735067271699803,0.011910776828370107,0.019433372719972284,0.003356673469813395,0.0028736165793833406,0.010859825931749216,0.004881905789938133,0.008205201815099407,0.017173678217649927,0.009590495628038268
352,0.006340855915552655,0.015218054197326372,0.016305058068563975,0.010801529140911823,0.013044046454851176,0.0021637043882454556,0.010071080259868718,0.20006001938811555,0.015564657341141082,0.1523154474317486,0.015742814686889352,0.02075189208726324,0.009317176039179413,0.46043816957719946,0.0018544406969939577,0.006917297362421079,0.009511283873328983,0.006616545303185379,0.009511283873328983,0.014727149223219072,0.0027274946906655044
353,0.017668683060237455,0.016740910796172587,0.03162172039277044,0.013236999234182971,0.016740910796172587,0.003428861247408843,0.017787217720933373,0.01581086019638522,0.017109989120860546,0.016176177662093984,0.013882706513899218,0.024747433350863823,0.007392090481426856,0.5738999116193261,0.0029978913576893486,0.006618499617091488,0.008756784108767198,0.005929072573644459,0.009647304526607932,0.01626259905913908,0.16354337656432685
354,0.007578282787233022,0.018805368397948607,0.02207586724976576,0.011037933624882878,0.018805368397948607,0.0014396335817269527,0.03227765826410334,0.10549479006755849,0.08247434322113963,0.007578282787233022,0.018133748098021873,0.042312078895384374,0.009764325898934853,0.024178330797362497,0.511437311256417,0.004939017615209366,0.0153862105074125,0.006192011545666006,0.010803083973289626,0.01952865179786971,0.02975770123489183
355,0.001588027690699884,0.017437075473301138,0.016023258543033474,0.01317467924649419,0.01385239889214249,0.004080698578482542,0.02044346779628409,0.13961675709215352,0.02044346779628409,0.005200531281510865,0.014821514152305966,0.034874150946602275,0.012351261793588305,0.017437075473301138,0.005200531281510865,0.006737051887411802,0.013474103774823604,0.5984500388619896,0.010978899372078492,0.021957798744156983,0.01185721132184477
356,0.006198169565862938,0.044308877872574585,0.014978909784168767,0.011061348763693859,0.7280314718375939,0.003706122008454128,0.023193150633551644,0.012186231688815267,0.015297609992342571,0.0016880264493994014,0.01997187971222502,0.02396625565467003,0.011412502692700015,0.025678131058575034,0.004638630126710328,0.003264612547445923,0.010893752570304558,0.005162636322699823,0.011234182338126574,0.012396339131725876,0.010731159248359715
357,0.010989707407876503,0.02071137165330572,0.028341876999260454,0.0811288908562228,0.03589971086572991,0.006903790551101905,0.04142274330661144,0.03846397592756777,0.5413790419658713,0.00944729233308682,0.017949855432864956,0.016897056593898067,0.011457354531615928,0.02532068191678949,0.0034283028214619742,0.008974927716432478,0.02397163557261252,0.010989707407876503,0.016827989468310895,0.03365597893662179,0.015838107734880844
358,0.009242829333698717,0.01725352093975826,0.07642041318951377,0.45065761014521577,0.024921752468539702,0.0023313976810630044,0.04485915444337146,0.04485915444337146,0.01751826609450479,0.01811971770750877,0.03450704187951652,0.037382628702809555,0.01359368316465802,0.024921752468539702,0.007476525740561911,0.010680751057945588,0.01546867394599016,0.008225904685039887,0.01359368316465802,0.021361502115891176,0.10660403662784358
359,0.020463831857970304,0.02501135004863037,0.07503405014589111,0.003015221199981475,0.04502043008753468,0.012862980025009903,0.03215745006252477,0.028966750970170502,0.45216988118678547,0.022510215043767334,0.04502043008753468,0.01618673779277528,0.03463110006733436,0.030013620058356442,0.0037645812139594065,0.018008172035013863,0.031965177033756155,0.01957410003805855,0.02648260593384392,0.03463110006733436,0.022510215043767334
360,0.004622107100538687,0.05985655053362743,0.03741034408351714,0.011510875102620657,0.023021750205241314,0.0040008786846422876,0.02992827526681371,0.05985655053362743,0.04988045877802285,0.00756984676266863,0.010287573415527097,0.14964137633406857,0.01995218351120914,0.04275467895259102,0.013603761484915322,0.010688669738147754,0.033253639185348564,0.30020399392319375,0.027207522969830648,0.07482068816703429,0.02992827526681371
361,0.01572450403688436,0.12912691547254998,0.3895435849844221,0.011217369259585294,0.048422593302206246,0.0009675848951311155,0.025373722064650165,0.03873807464176499,0.027670053315546426,0.017608215746256813,0.04304230515751666,0.005757548411236292,0.014899259477601918,0.09684518660441248,0.013835026657773213,0.008804107873128407,0.012496153110246773,0.007862883991708498,0.027670053315546426,0.025656783040067167,0.03873807464176499
362,0.0019427208583126397,0.022663397924917752,0.016997548443688313,0.028627450010422422,0.03199538530576624,0.0041206178045305,0.028627450010422422,0.0050008341058739875,0.03399509688737663,0.0194257696499295,0.028627450010422422,0.024428387846944694,0.007603899393395736,0.024723706827183,0.010072621299963445,0.03186032227227803,0.5475374547450503,0.01087843100396052,0.03021786389989034,0.06799019377475325,0.022663397924917752
363,0.009240719356835361,0.02684208956033128,0.031315771153719835,0.01342104478016564,0.056368388076695704,0.0013558893111253658,0.02450799481595465,0.0375789253844638,0.04382479372170428,0.012526308461487935,0.01330695941261582,0.029667572671945107,0.011993274058871423,0.020877180769146554,0.5678052440478769,0.008733322961603427,0.011993274058871423,0.01127367761533914,0.01602634344953119,0.03315787533923277,0.018183350992482486
364,0.118128507888796,0.017645010079666054,0.021359749043806272,0.005775672648552072,0.022546401768462176,0.004215282681320591,0.019325487230110436,0.0719967009153772,0.014494115422582828,0.0093495207648869,0.07705924031977979,0.05797646169033131,0.004889581106413484,0.012298037328252095,0.002818300221057772,0.00687856325139524,0.08552335381462992,0.4093419281442451,0.00989842028859315,0.021359749043806272,0.007119916347935424
365,0.029620286269439362,0.03561780901878648,0.026865219595081816,0.013432609797540908,0.02149217567606545,0.004884585380923967,0.011311671408455501,0.014328117117376965,0.030703108108664928,0.022793336683567245,0.023880195195628277,0.43250196665669305,0.2156445839349548,0.012259058628778432,0.01723442371876766,0.027091885721299103,0.006003819729149081,0.008596870270426181,0.006932959895504985,0.026865219595081816,0.01194009759781414
366,0.004511818647568979,0.02291937729111013,0.23022400959212477,0.005033646248289487,0.020835797537372847,0.0008249090736147549,0.028649221613887662,0.012062830153215857,0.02546597476790014,0.005590092022221983,0.03274196755872876,0.0973014534679184,0.09085235677398085,0.02546597476790014,0.005729844322777532,0.008488658255966714,0.014324610806943828,0.00545699459312146,0.009549740537962556,0.34480297105094926,0.009167750916444053
367,0.011251291370864173,0.023586558507645086,0.029136336980032165,0.0275176515922526,0.04953177286605468,0.005967683477837914,0.012767377524845991,0.04502888442368607,0.03537983776146763,0.0036064430580275983,0.041276477388378904,0.041276477388378904,0.49794278436273065,0.017689918880733815,0.005269337538941987,0.003735212551399383,0.030998525813681534,0.013386965639474236,0.041276477388378904,0.018345101061501733,0.04502888442368607
368,0.012065125918040277,0.09135023909373355,0.005363109604968612,0.004767208537749877,0.005363109604968612,0.171973745566612,0.3142153003669834,0.006129268119964128,0.07026621659599087,0.0013297024867934936,0.0284200743847171,0.018270047818746707,0.0014494960821108166,0.12928542741419308,0.05729560521570003,0.06353526244660312,0.002860325122649926,0.0020111661018632297,0.004950562712278718,0.006435731525962334,0.0026632752793702727
369,0.024690269364050978,0.024461127482987455,0.028925836907897903,0.08415862752791609,0.018987308745535718,0.01560561847466115,0.02088603962008929,0.04972866576211736,0.0540558025461278,0.06042502028453506,0.045048320749212195,0.08860744081250002,0.1683835752317276,0.0342591031214471,0.053458315694276164,0.05063282332142858,0.052215099050223236,0.05735043064670864,0.012003471046028327,0.034810066033482155,0.021307037577047064
370,0.008142938888809808,0.014918989192049276,0.004779494250642889,0.06439586334703862,0.02239856116418734,0.5175671776216797,0.042930575564692416,0.02239856116418734,0.0515166906776309,0.010513610342373652,0.028620383709794944,0.036797636198307775,0.012265878732769263,0.030303935692724056,0.007155095927448736,0.005029289620282837,0.021465287782346205,0.0074025830497863815,0.021465287782346205,0.03962822359817761,0.030303935692724056
371,0.002269382584688811,0.05981433009914808,0.03938231801322758,0.030943249867535955,0.14440183271516777,0.008494225453833399,0.012741338180750097,0.005153985069837447,0.02166027490727517,0.007600096458693042,0.025482676361500197,0.042197049329171434,0.0073424660702627684,0.03610045817879194,0.006465753703664229,0.01843992972649271,0.4353074409647914,0.016044648079463087,0.01397437090791946,0.048133944238389265,0.01805022908939597
372,0.03736605803545248,0.02574922313669537,0.005402187883989791,0.006681653435461058,0.010579284606146674,0.0020226374269860952,0.0021133563821968326,0.07658497845282823,0.13770568241037381,0.10386715884541398,0.009765493482596931,0.011039253502066096,0.006192751964573662,0.1053043453726388,0.25540528645268296,0.005595394112319263,0.0689264806075454,0.11084667933961981,0.0056422851232782265,0.006862238663446491,0.006347570763688004
373,0.032367734779465036,0.017725188093516562,0.021387582189706926,0.02363358412468875,0.04277516437941385,0.002954198015586094,0.018292739245862954,0.0886259404675828,0.024212580394923713,0.05294882067678681,0.03348091084330907,0.21270225712219873,0.0012633480625580873,0.0428369205509332,0.030033990570330175,0.08102943128464715,0.1536182968104769,0.03178309589182281,0.015193018365871341,0.07074521027491902,0.0023899878553999086
374,0.07337158542651706,0.4801438783371693,0.02144112386684583,0.009895903323159615,0.009895903323159615,0.0038651238756693225,0.01837810617158214,0.009555079831857174,0.01608084290013437,0.05775422648459288,0.00918905308579107,0.01429408257789722,0.010720561933422915,0.01608084290013437,0.004149894941970161,0.03200959188914463,0.04979269849422497,0.1289257645206353,0.009895903323159615,0.011695158472824999,0.012864674320107497
375,0.01392542032892202,0.023499146805055913,0.053712335554413515,0.03133219574007456,0.03418057717099043,0.016652121615953825,0.0289220268369919,0.08855473139481732,0.03133219574007456,0.004849317028233089,0.37767822990005184,0.03133219574007456,0.01709028858549521,0.07770990087445112,0.005150497929875268,0.047096909620879486,0.0042818673657084045,0.04852400926524049,0.023499146805055913,0.01978875520425761,0.020888130493383034
376,0.044469183406387426,0.0203817090612609,0.0002817253720150567,0.1019085453063045,0.07812988473483345,0.032762126856299395,0.04145903360004038,0.0032829441771820146,0.051975422618479684,0.038215704489864194,0.14776739069414152,0.04935870516668022,0.0014069760759351493,0.04891610174702615,0.06446307982166238,0.029193446145131433,0.05580250481949557,0.005622540430692662,0.11117295851596856,0.0663951365809237,0.007034880379675746
377,0.024321237557534157,0.020518500936819457,0.005060419113561758,0.00847503299564282,0.007759309307461363,0.0015518618614922726,0.01624381324164874,0.11678644900208104,0.19467157430013377,0.05089599610773353,0.1519557536961235,0.034398663335256145,0.002586436435820454,0.1329039265225806,0.06936207354853342,0.007956153424481013,0.06526381820382815,0.04650606375969695,0.017953688319717026,0.020518500936819457,0.00431072739303409
378,0.09500103770461153,0.34710111201857863,0.056796291483275925,0.00425469945308382,0.0074522374376683066,0.0021667154084091854,0.009760781098251119,0.01582516751802405,0.011062218578017933,0.0027202176831191637,0.008296663933513452,0.01276409835925146,0.0032535936994170394,0.010370829916891812,0.0024401952745627797,0.022921771548396707,0.1989804849307629,0.1667074467981283,0.007901584698584235,0.008296663933513452,0.005926188523938178
379,0.43479521837625207,0.01966300147472105,0.025502298543137007,0.011221011358980284,0.03987675982277504,0.015186459071399976,0.016501487292618064,0.01335834685592891,0.021578867998039004,0.006233895199433492,0.014026264198725354,0.023377106997875593,0.0008210554628489078,0.01335834685592891,0.005844276749468898,0.28193984596520644,0.005934950891413657,0.012196751477152481,0.014026264198725354,0.014167965876980312,0.010389825332389151
380,0.03321093153786626,0.019982019374262375,0.03066471434742572,0.24948978475864733,0.007669681300422014,0.02920448985469116,0.02416007797069905,0.014463175928037524,0.05457589041595411,0.04772848056252384,0.030372669448878807,0.02679941421959895,0.00047861511538742975,0.20670288930486966,0.0734822647956745,0.04576408450589798,0.05348014144671415,0.03701669089082105,0.005994605812278712,0.005494192174522478,0.0032651862348271124
381,0.016483011096463645,0.031868351033810575,0.031467566638703315,0.01384572932102946,0.2155741371227585,0.004094823609573958,0.04944903328939093,0.04326790412821707,0.023076215535049096,0.01188050250938219,0.02163395206410853,0.04944903328939093,0.013313201270220636,0.018218064896091395,0.001367065762739426,0.009355222514209095,0.038460359225081835,0.007866891659675829,0.3479154289998972,0.04944903328939093,0.001964472744815437
382,0.007643858665693503,0.07261665732408826,0.009739576825499464,0.009739576825499464,0.04356999439445296,0.0040770321595114045,0.009739576825499464,0.019479153650998927,0.010312493109352373,0.17616104351591846,0.1752160478738751,0.029218730476498398,0.0016626167918760385,0.0031837362925938102,0.0044828336174889925,0.003789207025618789,0.005312496450272435,0.01139084820770012,0.011687492190599358,0.38123745095146333,0.009739576825499464
383,0.010678981408413443,0.012641603888113166,0.028477283755769186,0.016272733574725248,0.019527280289670296,0.0042102825675757165,0.021357962816826885,0.017086370253461512,0.028477283755769186,0.008784997810396732,0.017524482311242574,0.018471751625363794,0.014857713263879573,0.03958389234839342,0.002193673117980942,0.007270795852536812,0.010050806031447946,0.008992826449190269,0.6900043615965357,0.020710751822377586,0.0028241654603301204
384,0.049486087327326116,0.0691113390537187,0.07881117611388976,0.03671889131960841,0.0300915399707579,0.11305876296887624,0.04183054732198764,0.01636847503903864,0.057243512725959796,0.03757025929812827,0.022414551982556433,0.02615542323025315,0.001078294533284639,0.10206967165849155,0.04467999064930592,0.0662013879356674,0.11797507672697496,0.05547094318785317,0.022252567373333577,0.010343966864948028,0.0010675347180395761
385,0.030565594029045767,0.0586213000830091,0.042949800464835285,0.1424787594706542,0.006158255814941692,0.008433899265458145,0.0856772847367056,0.09770216680501514,0.021564587436701876,0.015128077440776539,0.052557027660628836,0.06594896259338522,0.003828104966044836,0.14832447482895852,0.026278513830314418,0.017195581357682666,0.06005108788991174,0.05739731397398358,0.011724260016601817,0.04396597506225683,0.003448972273088296
386,0.009740344766417315,0.032467815888057715,0.02247771869173227,0.013282288317841793,0.1453735452014671,0.00621724134026637,0.009740344766417315,0.10383824657247652,0.016233907944028857,0.29346567041498484,0.08160808092358877,0.032467815888057715,0.0012579960863791902,0.03313571331061645,0.013830053888454277,0.007127081536402912,0.01168841371970078,0.07950115753205232,0.016233907944028857,0.06057231050061131,0.009740344766417315
387,0.09751078875788326,0.024645076899176686,0.023104759592978148,0.004515454288265848,0.019456639657244756,0.37110270910709625,0.03696761534876503,0.03360692304433185,0.03360692304433185,0.01026878204132362,0.02843662719135772,0.030806346123970863,0.009991247391558118,0.03696761534876503,0.04014421190718824,0.10848974189021346,0.012322538449588343,0.02647031319047912,0.009577032920066859,0.030806346123970863,0.011202307681443952
388,0.022187986159032082,0.06395360716426894,0.01132511793533929,0.017340279871897898,0.006845050219593967,0.02839731064383584,0.046716111483274585,0.028535839160917408,0.16515641639599712,0.05662558967669645,0.04640536129602442,0.042486514769332476,0.003159253947504908,0.1575263389173287,0.12042578357734784,0.040567586634051196,0.057220707008570654,0.07165710984541952,0.003650693450450115,0.0052993937183953305,0.0045179481247214145
389,0.03727393445217427,0.021767601640236847,0.12360374281851536,0.0198340889639013,0.0062965361790162854,0.03613302037146311,0.04637252729807619,0.017398323652545,0.1570198709642186,0.007176406148964726,0.029383835502076,0.07000266693141635,0.0015741340447540714,0.12809515789186254,0.08011871742591924,0.07033364880816063,0.07099830066322482,0.007345958875519,0.02833441280557328,0.038890370517453525,0.0020467440449288797
390,0.009894297688886205,0.01571447279999574,0.022262169799993965,0.0024281703368362784,0.017235228232253392,0.006285789119998296,0.0339246994581438,0.01780973583999517,0.5391402970892094,0.030266153438147897,0.01100809042153113,0.019352149796305524,0.006071500854543808,0.07379805580108353,0.11618831678809846,0.004759070621831935,0.009074703946633659,0.03142894559999148,0.0106858415039971,0.017235228232253392,0.005437082630269729
391,0.07213715267554012,0.0031500089114426407,0.028690912995953465,0.016394807426259126,0.007700021783526457,0.004840931913832707,0.07824794453441854,0.09181092158705106,0.23996036323888345,0.010464376795172663,0.026778185462889896,0.01639480742625912,0.0067350253475038716,0.0680986610731935,0.06947449157336218,0.04303636949393019,0.04098701856564781,0.10235677068826642,0.0004279804528792144,0.06930019605173811,0.003013052002249483
392,0.09853373443460879,0.03250534336893234,0.018961450298543864,0.014679832489195249,0.07584580119417546,0.006233901468014421,0.019785861181089246,0.019785861181089246,0.03500575439731175,0.01738022654846813,0.025281933731391815,0.03500575439731175,0.45744270040965895,0.017918934880363387,0.0056884350895631585,0.0034172350697724233,0.020951179399049114,0.0077131323248314015,0.02167022891262156,0.045507480716505275,0.020685218507502393
393,0.014161155872071292,0.04600394680524709,0.0203181801642762,0.031154542918556842,0.04673181437783526,0.0068723256437993015,0.03480077366325865,0.033379867412739475,0.05841476797229407,0.008708768130232376,0.033379867412739475,0.033379867412739475,0.00973579466204901,0.025962119098797365,0.46933925159229845,0.013547339475354542,0.016114418750977674,0.015577271459278421,0.018692725751134103,0.042483467616213876,0.021241733808106934
394,0.0004127938791147781,0.015568703449486222,0.00048607507423800104,0.009390646525086926,0.05615186963772591,0.001404362707364646,0.00992403276569252,0.04540646169409567,0.3081305891044149,0.10097165891013511,0.029772098297077564,0.013232043687590029,0.005329826406130418,0.16903163745156471,0.07982049546323887,0.002533795599751282,0.011600210413342674,0.119776490283263,0.005177756225578707,0.007939226212554017,0.007939226212554017
395,0.01198302829817503,0.38555336824321895,0.02949668504166161,0.0639094842569335,0.013792754481736818,0.004483081840791694,0.07669138110832019,0.022556288561270645,0.0383456905541601,0.1176386672796245,0.05758536160541059,0.027389778967257212,0.012781896851386696,0.042606322837955665,0.001289709929779095,0.005415956321850017,0.01236957759811616,0.015338276221664036,0.01198302829817503,0.004567239068322559,0.04422242263418988
396,0.0013046774910644779,0.025427449373486684,0.02905994214112764,0.050854898746973375,0.050854898746973375,0.2331513617838767,0.020341959498789346,0.029976894118479477,0.050854898746973375,0.007823830576457441,0.020341959498789346,0.031139771558800208,0.004672824658665582,0.025427449373486684,0.02694193513947019,0.11186351533947524,0.20401469211135637,0.020341959498789346,0.01452997107056382,0.025427449373486684,0.015647661152914882
397,0.0820616849706701,0.03414213329821111,0.06828426659642223,0.0025520928450229142,0.021010543568129914,0.008276880799566328,0.039019580912241274,0.0974915313190222,0.2739554450709264,0.007803916182448253,0.05641740841733569,0.006748488617519681,0.03982405300047225,0.05386881248327967,0.06252319219746434,0.0686820624211043,0.011875524625464732,0.014375635072930994,0.018209137759045924,0.022761422198807404,0.010116187643914403
398,0.0849922438984012,0.005264303278552848,0.019836550812539364,0.0632392864749507,0.04957725422793773,0.049086081454186824,0.13810806534925507,0.06101815904976952,0.04804357066742043,0.07881512210595229,0.06415879958909589,0.046822962326385636,0.004507023111630703,0.04272796724648108,0.05556011391546147,0.01391642223942112,0.04957725422793773,0.04807185463895915,0.04435859588815482,0.01888657303921437,0.013431796458292029
399,0.0062657546361486426,0.04020886987500562,0.10516823455326113,0.2830729814813377,0.031273565458337704,0.0008177679046599165,0.04691034818750656,0.09382069637501313,0.007108847930018707,0.006701478312500939,0.028146208912503936,0.028146208912503936,0.0104245218194459,0.1798075963410961,0.005089095353643169,0.00879569028515748,0.014073104456251971,0.005629241782500787,0.009382069637501312,0.02345517409375328,0.06570254369185217
400,0.008814593081461448,0.00931837161742083,0.016827859519153672,0.011569153419418152,0.18607444970788306,0.005002877154342984,0.02056738385674338,0.014238958054668493,0.009255322735534522,0.0008563469546404264,0.015425537892557531,0.012340430314046025,0.005784576709709076,0.01088861498298179,0.003629538327660596,0.0014582773942162094,0.007712768946278768,0.003167400304972242,0.6430459960698562,0.00785132779943149,0.006170215157023012
401,0.008220353711413867,0.2160126280832644,0.0045017482357414575,0.010932817143943539,0.012796203377952493,0.002391553750237649,0.015305944001520959,0.07665793347450812,0.055645471277263096,0.04549523308710219,0.2973941298262616,0.010228068163990831,0.002943450769523261,0.04521194541277626,0.022865811473128227,0.011385269844677496,0.0245657935482691,0.11515951756346383,0.005886901539046522,0.010932817143943539,0.005466408571971769
402,0.21260338986692634,0.0067726459499253,0.00018670154851769936,0.005643871624937749,0.009111573851439698,0.10654663564108456,0.041207657554656406,0.02674693734671974,0.034737669048554576,0.0854210048572472,0.0067726459499253,0.03386404877133571,0.0022575486499751,0.06833680388579774,0.17494221794764223,0.050463626437308465,0.04392656954851688,0.054669443108638194,0.0112877432498755,0.017728619211050445,0.0067726459499253
403,0.012120429919315437,0.048481719677261746,0.19392687870904698,0.0018387498120960724,0.06464229290301565,0.010773715483835943,0.048481719677261746,0.048481719677261746,0.19461584722307107,0.027703839815578137,0.028439929292351996,0.053735752733805965,0.017629716246277002,0.03090161672240828,0.0008180849929528123,0.021547430967671886,0.009918901855172328,0.038785375741809396,0.038785375741809396,0.09696343935452349,0.011407463453473354
404,0.0010663770680772733,0.07522024618503532,0.016456322862055492,0.014349982072408748,0.032912645724110984,0.004114080715513874,0.08228161431027746,0.16456322862055495,0.04114080715513874,0.0734214804835094,0.11722927158876853,0.04114080715513874,0.00914240159003083,0.014960293510959538,0.007154922983502388,0.016456322862055492,0.051621737577965406,0.1649996050531547,0.032912645724110984,0.020570403577569365,0.018284803180061662
405,0.016751548096366514,0.029553146038146575,0.053046568971827295,0.03536437931455153,0.03536437931455153,0.022238839993980464,0.0022756273290033676,0.03978492672887047,0.07956985345774094,0.01052775963695439,0.04546848769013768,0.10609313794365459,0.012576187931138499,0.03978492672887047,0.3193335728556777,0.011854601684589988,0.02273424384506884,0.016751548096366514,0.026523284485913647,0.028934492166451248,0.04546848769013768
406,0.00944333139753828,0.003286150499275253,0.027591058991668187,0.033255349808578034,0.021247495644461125,0.026035166898833374,0.02850458555020975,0.012954312884841217,0.46557489732009255,0.00944333139753828,0.028329994192614838,0.03948296058695872,0.005665998838522968,0.028329994192614838,0.0764137345039268,0.08516783308091253,0.02442705827022791,0.03990641977029367,0.008498998257784454,0.016997996515568905,0.00944333139753828
407,0.014398487401073022,0.08639092440643814,0.0027574646169008427,0.023037579841716838,0.0575939496042921,0.009598991600715348,0.08246786243399071,0.023037579841716838,0.012101631910134887,0.008036365061064013,0.011518789920858419,0.34697098794540476,0.009598991600715348,0.038395966402861394,0.010798865550804768,0.0035751257676396773,0.16319306968096808,0.014398487401073022,0.028796974802146044,0.035144341176551346,0.018187563032934343
408,0.14790159644235276,0.007749700743176765,0.00566324285078302,0.007421845586853998,0.0064019267008851525,0.0025267345490790575,0.008661430242374032,0.009816287608023904,0.007749700743176765,0.002944886282407171,0.6508286819275556,0.013385846738214413,0.003591324734642891,0.009816287608023904,0.002133975566961718,0.07766432523544298,0.001201690084684374,0.00794548375217451,0.008661430242374032,0.012270359510029877,0.00566324285078302
409,0.32393349596294585,0.04038353423019362,0.014684921538252228,0.03506760660779422,0.032306827384154885,0.02377172677062043,0.04038353423019362,0.04615261054879271,0.032306827384154885,0.014046446688762999,0.0646136547683098,0.04615261054879271,0.012294908267246352,0.05384471230692483,0.008731574968690512,0.03930742856116498,0.05142748671708735,0.004202675914026538,0.0646136547683098,0.024851405680119145,0.026922356153462414
410,0.007443606211891041,0.02512217096513226,0.033496227953509684,0.02871105253157973,0.02512217096513226,0.005024434193026451,0.018270669792823463,0.13898942369565684,0.05024434193026452,0.20158766778924447,0.24906018731355317,0.02233081863567312,0.001126810772678337,0.006639388520624988,0.003032683901355004,0.009135334896411731,0.018270669792823463,0.10324928617391649,0.015459797517004468,0.02512217096513226,0.01256108548256613
411,0.01821762968876421,0.04164029643146106,0.058296415004045476,0.00476637022826525,0.029148207502022738,0.2921793028731591,0.04164029643146106,0.026498370456384302,0.1457410375101137,0.006940049405243511,0.029148207502022738,0.058296415004045476,0.01821762968876421,0.058296415004045476,0.004128577492412518,0.011210849039239515,0.017146004412954552,0.028067833977825623,0.017146004412954552,0.058296415004045476,0.034977672930769664
412,0.24509974234249865,0.014379741336707183,0.040742600454003686,0.027734825668828535,0.03492222896057459,0.0173142278624127,0.018804277132617085,0.04889112054480442,0.12222780136201103,0.006606908181730327,0.04889112054480442,0.12222780136201103,0.010071778775512689,0.030556950340502764,0.007189870668353591,0.023550609524824954,0.0031778890499017526,0.03268325570151616,0.06111390068100552,0.04889112054480442,0.03492222896057459
413,0.009397522080154068,0.11897713096704972,0.02349380520038517,0.014683628250240732,0.014683628250240732,0.014683628250240732,0.021358004727622875,0.23552109394663048,0.0335625788576931,0.005477758569365491,0.0023029088113864903,0.015662536800256775,0.008101312138063851,0.01678128942884655,0.006661144752657923,0.010679002363811438,0.007370521217292706,0.40952250704331294,0.006349677081185181,0.012365160631781669,0.012365160631781669
414,0.01351845491532465,0.020599550347161367,0.0360492131075324,0.03089932552074206,0.43452007043836327,0.009204054410433805,0.02544650337002287,0.06039838339523244,0.0540738196612986,0.00265759435581197,0.039326414299126256,0.028839370486025914,0.012016404369177468,0.021629527864519438,0.008319049178661322,0.004155689126170016,0.01880828509958212,0.007297948818675827,0.021629527864519438,0.13001126302445729,0.020599550347161367
415,0.13170214810563768,0.0093525750963531,0.011616463798705633,0.20666085996970618,0.007095056969647178,0.0013006526374012195,0.015384493004196644,0.01285979075748551,0.07034440570623535,0.0031654869556887416,0.013717110141317879,0.2213000147526748,0.014102451920513587,0.06043907965934393,0.04144394033783585,0.1076914510293765,0.04136719230017319,0.0044468273075577505,0.007348451861420292,0.010829297479987801,0.007832250208741247
416,0.07569277738588878,0.01275504292151382,0.09462740592332654,0.6181126267482561,0.013605379116281412,0.0018198385181481778,0.013914592278015078,0.01913256438227073,0.008239183336774052,0.0050598517374600286,0.021111795180436668,0.021111795180436668,0.006247367961557789,0.013309610005057903,0.004501779854651937,0.006444653265606984,0.00913794119750244,0.00776880462560422,0.014932733176406426,0.01749263029236181,0.014981626912442167
417,0.006386834005752448,0.009733131935934438,0.10180442394107078,0.5402036390590201,0.014087427802010371,0.002210198551049183,0.013726211704522926,0.017844075215879808,0.008296203859713833,0.004614847038589605,0.017268459886335293,0.022305094019849755,0.0053002203611524175,0.021412890259055767,0.004317114971583823,0.00581872017909124,0.010100419933516869,0.005472717780567958,0.01189605014391987,0.013726211704522926,0.16347510764686038
418,0.013992552590719975,0.01883612848750766,0.0257757547723789,0.002197452911188891,0.02448696703375996,0.009994680421942837,0.02226087912159996,0.04740490805182795,0.49298882597486915,0.008904351648639983,0.02332092098453329,0.011818559551316825,0.007773640328177762,0.10833227681775273,0.03498598467530134,0.00816232234458665,0.046397154568424546,0.01138928699244649,0.0163246446891733,0.04081161172293326,0.02384109631091871
419,0.06492773008379096,0.13122370460365185,0.003105687942119596,0.03660023093458565,0.022207088471387238,0.003323244337465958,0.07469657031284799,0.10220307762399809,0.04032679900497533,0.10365896192063621,0.04845182939211761,0.006988244623863117,0.001589704758228208,0.11837662862846915,0.01829561266108607,0.04019299483664302,0.05047065561678918,0.015942560655327263,0.003364710374452612,0.09910601466569509,0.014947948551869839
420,0.013903360667586039,0.014922345085035132,0.05406862481839014,0.030413601460344455,0.10694038496255961,0.050703491631517224,0.01871606243713505,0.030413601460344455,0.03244117489103409,0.005962720785292641,0.03244117489103409,0.02317226777931006,0.012165440584137783,0.025611453861342698,0.00225232103006925,0.0083899590235433,0.015206800730172228,0.012165440584137783,0.48961435195557806,0.01802287493946338,0.0024725464219725953
421,0.1419859841445104,0.0435263587758013,0.07523842016959938,0.0007082882313421455,0.01595966488446048,0.022898649616834594,0.101077877601583,0.020519569137163463,0.11786559536299705,0.034047285086849004,0.018451993012631708,0.08377795979335674,0.007365999177443296,0.11476307861359761,0.030178579442394767,0.04917302153590525,0.03951888748757684,0.06934199225662137,0.00344808904292916,0.00689617808585832,0.003256528540544207
422,0.0009873196831924117,0.03335396826403264,0.02408897707957913,0.022821136180653914,0.014453386247747476,0.008501991910439695,0.019709163065110197,0.017344063497296978,0.022728079050009543,0.005224115511234029,0.004969948283063278,0.1569769459086581,0.0032781688679297057,0.02408897707957913,0.005101195146263816,0.14456674654031568,0.43703947278991595,0.010840039685810609,0.014453386247747476,0.015485770979729445,0.013987147981691109
423,0.35170465457403743,0.206642947899054,0.014111278883376936,0.019444407138921052,0.03499993285005789,0.005468739507821546,0.04374991606257237,0.04374991606257237,0.04999990407151127,0.009210508644752077,0.0269230252692753,0.058333221416763156,0.006962721752237037,0.038888814277842104,0.006363624154555981,0.005656717842183956,0.0019202522445716304,0.00227981494520776,0.0269230252692753,0.02333328856670526,0.02333328856670526
424,0.02561908729556671,0.008386975720598367,0.0071888363319414575,0.0016232856233416196,0.05451958913710628,0.03958425715865609,0.13500088738712032,0.01888124299120563,0.052469980522929345,0.0052831418660561486,0.01889385478288263,0.003145115895224388,0.001572557947612194,0.02769248972043493,0.10331428857239183,0.09510183969780943,0.2741556482323058,0.05038900305045044,0.0175740800148914,0.056643728973616914,0.0029601090778582475
425,0.018241369966367344,0.064392245432522,0.16517947462197255,0.3531212906719705,0.035147263906095357,0.001646473863942662,0.018498559950576504,0.02703635685084258,0.00640612280843551,0.008368396168117943,0.013518178425421292,0.02067486112123256,0.012552594252176913,0.06078863168020973,0.005668913533241188,0.07774185729048386,0.013518178425421292,0.01647854381689685,0.02510518850435383,0.023431509270730237,0.032483989438989225
426,0.6087627547449195,0.02241456537389824,0.030411363185659013,0.02241456537389824,0.02241456537389824,0.008770916885438441,0.028818726909297734,0.02750878477705693,0.028818726909297734,0.009310665616850037,0.019522363390169436,0.0355996038291325,0.008546190918225066,0.03185227711027645,0.008899900957283123,0.007045303975864987,0.004515350657042232,0.005011590644884756,0.02521638604563552,0.02086873327914664,0.023276664042125094
427,0.00792695134065561,0.012033949878542153,0.006393136621164628,0.011089380298355754,0.007160313015704383,0.0021132342114460645,0.004972439594239156,0.6224226298290414,0.0077829489301134615,0.037831649963534615,0.045355390841808424,0.0054244795573518065,0.0025212369773606985,0.004366044521770966,0.0019671189603583474,0.0016729703307720527,0.01939682710686071,0.18039376278568117,0.00813671933602771,0.007458659391358733,0.0035801565078521914
428,0.035701004741897295,0.0038707279856224556,0.00048374722144674357,0.005806091978433683,0.06279176716368996,0.044005620362359985,0.10204979366166417,0.010230636794536747,0.07846515407066534,0.009200258925082777,0.014636775562631689,0.1167236664424162,0.0020736042780120302,0.06842692575530314,0.32547685228042844,0.00654302275626231,0.014086887066674398,0.014168398744627476,0.03997353877794585,0.04141479744467699,0.0038707279856224556
