site,A,C,D,E,F,G,H,I,K,L,M,N,P,Q,R,S,T,V,W,Y,*
338,0.14157843286050692,0.027336251197493652,0.06854645650295417,0.11350557518626346,0.001876931740595987,0.14372432342586972,0.008964160295282008,0.002258183500404547,0.011223420207101055,0.009553499553449338,0.007933797042950743,0.06573717549873474,0.005716276130324759,0.13287301430595322,0.0022871346190966083,0.12171424633826869,0.12193185777991121,0.0021872909360728257,0.0018962646778481174,0.008217146937341841,0.0009385612635763068
339,0.10960484184100994,0.09804962481338525,0.009660819107352699,0.006153405530547959,0.00869718024792816,0.00401091959144793,0.019866709284340554,0.03276749899310274,0.012416693302712846,0.007886532222461886,0.011398931556588842,0.013371823556767679,0.005794456874599328,0.010697458845414141,0.0021394917690828294,0.003950766050863178,0.006750823543222519,0.6112362821216258,0.0037996438521962807,0.01580306420345271,0.005943032691896747
340,0.008648716583809689,0.006469024583090207,0.007483773537300434,0.004337186936390024,0.008297227182659178,0.0013252515638969519,0.009541811260058056,0.18845612417619068,0.008678327139361354,0.00724270817265029,0.020153622741287756,0.011225660305950652,0.0034077897357350194,0.007633449008046444,0.0016523333750814648,0.0023415487754743693,0.36659902777829123,0.3185274798443059,0.004337186936390024,0.00978647308723903,0.0038552772767911337
341,0.014373706031243903,0.06808426630844569,0.0012101789218497746,0.045281542852549456,0.0023786275360495567,0.05853100110225404,0.001815268382774662,0.0021556312045449104,0.0017687230396265935,0.08398158289146965,0.157717639341119,0.04977928307142284,0.0006967696822771428,0.06437454666984448,0.00025746628540206085,0.13291450518303186,0.308205152358498,0.000570862668013683,0.0008211928398266327,0.0023786275360495567,0.0027034260937066137
342,0.003031881531356225,0.005858906202485679,0.013138153302543644,0.005939165191560824,0.1795718595678551,0.0012603461016975005,0.008671181179678805,0.37671845651157765,0.020521709949602326,0.008344351526836115,0.24176184021219055,0.01734236235935761,0.004250579009646473,0.010838976474598505,0.0014403955447971435,0.0027440446771135455,0.0024184638034952873,0.01876058005664326,0.01989501177946021,0.052674412139904175,0.004817322877599337
343,0.20814514082208085,0.38498675675511623,0.008644354799173188,0.002893824234510377,0.12278972144162202,0.0025398284474407425,0.006697136085581159,0.006697136085581159,0.005208883622118678,0.001686329230182306,0.004422637037647934,0.03140402082905935,0.002130906936321277,0.004041375224057596,0.000968594061964217,0.17489830380736032,0.019801588587131425,0.0008021440848143141,0.002170368175882783,0.005859994074883514,0.003210955657470418
344,0.005884110047388255,0.010333071302730598,0.021725944790356642,0.010862972395178317,0.021725944790356642,0.002360200130428716,0.03851417485563222,0.007406070870257416,0.011007577731367563,0.0042185894027154,0.7513817385362054,0.019257087427816115,0.008735173678597,0.0134493943940303,0.017349292921819612,0.005295699042649431,0.018237312285508876,0.002218087278971827,0.005966984836788091,0.017292078506610388,0.006778494774591269
345,0.0015512105866671692,0.015202570052898096,0.012395941735439987,0.007530244979472888,0.018312186654627253,0.0025497981417835413,0.019652102751307295,0.06451983717998667,0.012589628325056236,0.004331915122599995,0.010199192567134165,0.017212326092675746,0.02791585253583172,0.011190780733383322,0.002962265488248526,0.01633402716573091,0.7162269934605339,0.004796048885735709,0.008758002313082597,0.01966501300959518,0.006104062218209084
346,0.003403888026643926,0.01035488672297975,0.8281301377460203,0.006201633701390178,0.013656444808567498,0.0009956775194597152,0.013863087407178388,0.01812105176521456,0.015704911529852622,0.0045085870420629535,0.01223759339988516,0.00800474603034326,0.007787559436290557,0.01223759339988516,0.002546742410246371,0.00372490471513383,0.006498584081318326,0.008285505421993347,0.005642483184378187,0.012053631062751142,0.006040350588404854
347,0.001466427127849316,0.017037083721109438,0.007399971374831807,0.006234222459618576,0.010343141808003546,0.001499499965575473,0.013191253320352352,0.004002135003034273,0.019786879980528527,0.0030239085684528647,0.010708193871815439,0.010711932395540994,0.0507758730759066,0.017846989786359062,0.002121670114462266,0.004298321701169649,0.7925662343916894,0.002741555659952748,0.004550982395521561,0.013585022076183765,0.006108701202042364
348,0.0019222770683518533,0.019982661389770128,0.017711904413659885,0.013436617141397154,0.01812380916746593,0.004189912872048575,0.0311729517680414,0.005218681938950762,0.035403905265526336,0.007871957517182171,0.016581357323426277,0.021062805248676618,0.008662017486957906,0.07084761765463955,0.006237560407152859,0.006898487536151896,0.6484384244423933,0.006185109477785992,0.025139477232291447,0.019007897419537435,0.01590456722859255
349,0.004650858097678092,0.010240760654423343,0.018600565270279132,0.009906822806996495,0.01939207868603569,0.003519025861944701,0.013809510579449659,0.02604079137839078,0.014700446745865767,0.0024719961794492235,0.012658718031162189,0.017196749023465612,0.7881456424629233,0.009724163261111687,0.0031757062656574135,0.0028072356719971866,0.007534341229643682,0.005591580970820106,0.006652756921486696,0.016275494611494242,0.0069047552897248295
350,0.0037481683382529886,0.012553879775302422,0.005680213873434941,0.006333112019806773,0.15977443535271002,0.0014732105500620035,0.005589928133424015,0.008223593219749093,0.010203347143022023,0.0053983221253682415,0.010017831740421623,0.029531997509367438,0.005680213873434941,0.010017831740421623,0.0018427449689738772,0.016121586490787602,0.005247435673554183,0.005509807457231893,0.2171963221079009,0.47588958647592405,0.003966431430849565
351,0.005015487709362958,0.009823924078915363,0.005179080327151775,0.011425817010446062,0.012894850626074844,0.7802616179421522,0.02375367220592734,0.019622598778809543,0.017030934789155454,0.004178886776968699,0.011572301843913321,0.018421215180106917,0.008937025186388505,0.019622598778809543,0.0028746482287427995,0.002295469379902117,0.009602548338566374,0.004513864805540806,0.00658860980894335,0.017358452765869982,0.00902639543825239
352,0.005437610189027115,0.01326776886122616,0.020730888845665877,0.009480980815601362,0.025514940117742618,0.0030291709728826853,0.013307098502134553,0.02287546355383821,0.011083772814700603,0.09410608730288081,0.03663671573444579,0.07196497733551852,0.02873558125826365,0.570854996724646,0.005976616933412271,0.00663388443061308,0.0110564740510218,0.006317985172012457,0.012284971167802,0.021399627195526065,0.009304388021038387
353,0.005590640698894038,0.017661342207869798,0.01387676887761199,0.014944212637428293,0.012951650952437853,0.003718177306919958,0.018739212752589253,0.021586084920729758,0.033736037822806236,0.014695716563111548,0.021002677220169488,0.016189563690547314,0.008011330486044034,0.668574187858839,0.003084766076791496,0.005977685054971317,0.011427927310974577,0.007262608010712816,0.011101415102089588,0.019925616849904387,0.0699423775985568
354,0.0067970461881463546,0.015505761616708873,0.01984737486938735,0.011026319371881865,0.01772087041909585,0.0009238245951878423,0.017109805921885657,0.23227667266823462,0.08988579520187437,0.005011963350855393,0.016005947475312386,0.021573233553681907,0.009021534031539708,0.014593657992196588,0.4255767596348317,0.0048214460674773025,0.00954200714874392,0.005063105834027386,0.007517945026283089,0.016539479057822798,0.05363944997482488
355,0.009355415057811378,0.01738314483354773,0.014164043938446298,0.011084903951827537,0.015324897826570164,0.003174083392692999,0.02249583449047353,0.07322563059902683,0.024672850731487103,0.005929134671907752,0.01738314483354773,0.030594334907044,0.011084903951827537,0.02249583449047353,0.00463550528894606,0.006650942371096521,0.01141579660710597,0.6578432924813438,0.010335923955082432,0.02317752644473031,0.007572855175010892
356,0.007726946387369867,0.01093866910954613,0.012278435355272664,0.01262430677373105,0.7715060616701558,0.003983670137488464,0.02422502110634877,0.01600581751669472,0.01907076129648733,0.001590672526226361,0.011345895961201322,0.01948534306380227,0.009435008220367415,0.020844785603137312,0.004459332243457236,0.0029410722266434665,0.010930802206523227,0.00405631397023046,0.00914618143811127,0.015453892774739733,0.011951010412465393
357,0.006886771218888586,0.020395437840554656,0.021211255354176842,0.1712518760673244,0.02790954651865374,0.004734655212985902,0.02305571234149657,0.01657129324545066,0.4536355863731959,0.006312873617314536,0.020395437840554656,0.01441310736862614,0.013257034596360528,0.027172557729700602,0.09758889062485386,0.0072641285459509744,0.009641479706444021,0.005827267954444187,0.009469310425971806,0.017105851092078104,0.025899926324973267
358,0.00834715177779873,0.022434215637019573,0.020368035583254576,0.5573186145820557,0.034241697551240395,0.01808718900059499,0.036144014081864864,0.020331007921048985,0.012660102964086704,0.030034434923105254,0.025022778979752604,0.034241697551240395,0.011828950063155775,0.02168640844911892,0.006921194185889017,0.009567533139317172,0.013011845069471353,0.024766021570827718,0.02168640844911892,0.02168640844911892,0.0496142900709193
359,0.02029560543233264,0.02306318799128709,0.10147802716166318,0.0022589107603664406,0.03382600905388773,0.014094170439119891,0.026704743989911368,0.12034823497362934,0.43106099231011785,0.014923239288479884,0.039030010446793544,0.011822624579406948,0.026704743989911368,0.026704743989911368,0.0032478332771286155,0.011531593995643545,0.01642614957073065,0.014496861023094743,0.02306318799128709,0.02306318799128709,0.01585594174400988
360,0.03839241934382845,0.028024553568601555,0.052045599484545735,0.010715270482112361,0.03643191963918202,0.004502638300510006,0.07286383927836404,0.06071986606530338,0.09107979909795504,0.004927121552477958,0.0059433073615875395,0.06071986606530338,0.01175223214167162,0.017348533161515252,0.01457276785567281,0.010715270482112361,0.022769949774488762,0.3130827472520899,0.02428794642612135,0.09107979909795504,0.028024553568601555
361,0.02505748708526679,0.054624690645548604,0.3747346099255551,0.014123635624601973,0.031214108940313484,0.0008552021230541387,0.02919070657680772,0.03361519424341452,0.04369975251643888,0.018999892398451682,0.054624690645548604,0.0036526059667453857,0.01456658417214629,0.036416460430365734,0.011810743923361856,0.009104115107591432,0.00993176193555429,0.04819539373608446,0.048555280573820976,0.10061062299896256,0.036416460430365734
362,0.0013930503436445703,0.01699974961305091,0.01699974961305091,0.02185682093106546,0.02549962441957637,0.0038489999123888863,0.026608303742166647,0.00411908764252052,0.0611990986069833,0.013908886047041656,0.03399949922610183,0.018015471899404886,0.012239342737922274,0.0359994697688137,0.008159879814264439,0.06739851120675325,0.5257936091427752,0.009714142636029094,0.050999248839152744,0.029142427908087278,0.016105025949206125
363,0.006958251085679815,0.019609616696006756,0.032355867548411146,0.011983654647559683,0.04314115673121486,0.0011146315614233803,0.04314115673121486,0.02696322295700929,0.04906129053930285,0.008514701986423985,0.012477789390687362,0.04622266792630163,0.011555666981575409,0.019032863263771266,0.5626029393824589,0.005629818755948482,0.009114328886876378,0.0067408057392523224,0.041676568635690706,0.029414425044010126,0.012688575509180842
364,0.11540257264820522,0.09138674461144301,0.022538875234121406,0.005080946877534165,0.015708913041963403,0.006190923894381573,0.020735765215391694,0.07264074571678805,0.018514076085171156,0.0030160222054619037,0.028407760416519795,0.020735765215391694,0.00479994565171104,0.01079987771634984,0.0027141053946847767,0.006098754475115204,0.08002794019646138,0.4453194024001892,0.007199918477566559,0.016722391302735232,0.005958553222813705
365,0.027830541229801425,0.36468316079888397,0.02096616381988246,0.01834539334239715,0.01834539334239715,0.0036690786684794308,0.008153508152176513,0.01834539334239715,0.026684208498032227,0.0022094227396228018,0.01834539334239715,0.050143934609846515,0.2510113922094526,0.006835797888692949,0.0067704890612451,0.08390541219175389,0.004665859636326127,0.005990332519966417,0.02096616381988246,0.026684208498032227,0.015448752288334444
366,0.016637460127289876,0.1924338233848033,0.23210246950467137,0.012782216080155518,0.016978755857221948,0.009768773945421399,0.15955545986806535,0.018110672914370074,0.016978755857221948,0.023341029790609556,0.015092227428641733,0.15965330417819512,0.00876322882953391,0.018110672914370074,0.004604408368060189,0.03412619528006363,0.010448465142905813,0.0041793860571623246,0.019404292408253653,0.015117093640567745,0.011811308422415267
367,0.06393461034455351,0.038508877273167375,0.017386536639734575,0.014097191870055063,0.022678091269219013,0.00599535746197744,0.009675592092398695,0.03259975619950233,0.04741782719927611,0.002636857360892484,0.13039902479800933,0.02173317079966822,0.4469344027404506,0.012418954742667555,0.004074969524937791,0.02237594828889096,0.031998264504001395,0.007559363756406339,0.02745242627326512,0.020061388430462974,0.020061388430462974
368,0.030959588560675967,0.15221797708999021,0.004090576048161804,0.005506544680217811,0.004090576048161804,0.09089099113559608,0.18246282890287766,0.004936902127091831,0.08913810619454719,0.006072677883049924,0.025252751959629713,0.17268425972393844,0.0010306571550034197,0.1226058367316649,0.039319073129989196,0.04231542220262274,0.0015732984800622318,0.002045288024080902,0.004618392312440746,0.004618392312440746,0.0135698592977568
369,0.04517127717934699,0.027632606076483227,0.0503129286302016,0.07423724907115761,0.07027715680028668,0.041072261134129866,0.0356127121416745,0.010185095188447346,0.053160761643251696,0.05540155724873857,0.057199494578320284,0.02979140342620848,0.09102928824674816,0.05442457038347208,0.04326144391924664,0.07325332097872908,0.051491314563817135,0.05713857702503634,0.044488495783138,0.02912937223895941,0.005729113742606445
370,0.005765288868021652,0.011042061726775439,0.0035946772987731496,0.02665721096696599,0.03367226648458862,0.5477243277282086,0.019992908225224492,0.03554294795595466,0.037633709600422574,0.012071189871833657,0.07108589591190932,0.03198865316035919,0.010662884386786396,0.03554294795595466,0.005923824659325776,0.0036526122185143862,0.01142451898584257,0.007285139683250744,0.030465383962246847,0.02063784074861883,0.037633709600422574
371,0.002015490767092392,0.04811395561608413,0.03464070565027478,0.025193240472927113,0.03695008602695976,0.011792580646902055,0.032603017082611555,0.005085403720430828,0.03695008602695976,0.01204894109574775,0.03464070565027478,0.04375635768342048,0.00989734447150708,0.023093803766849854,0.008526942929298408,0.041191927308207754,0.4739101644035452,0.01108502580808793,0.020527825570533204,0.061583476711599604,0.026392918590685547
372,0.006285247708328951,0.0058293518422119555,0.005255766245600457,0.0045987954649004,0.005809004797768927,0.001660473855648876,0.0011336117863653466,0.05190398107523263,0.0793926026315236,0.04206922585301432,0.0098111183739769,0.0050168677798913455,0.0036187243002494944,0.4657699354382718,0.18925310309705784,0.012809014466605378,0.037573348937702734,0.05678906164701922,0.005255766245600457,0.005660055956800493,0.004504942496228963
373,0.11221602414502935,0.04463137323950031,0.005935143710167765,0.07213151230626312,0.04959041471055589,0.004891109396109623,0.07456116200561941,0.0765109255534291,0.007899155640378682,0.058791699272507984,0.054549456181611486,0.1014991784311444,0.0048371297409336295,0.05574392147286285,0.04045502886748749,0.02704931711484867,0.045339807735365396,0.0799114111335815,0.01893452198039407,0.049908876232319974,0.014612831129889392
374,0.17628174426205798,0.2791502936188912,0.006309922737741433,0.004206615158494289,0.007887403422176793,0.0020069218485385724,0.007887403422176793,0.06909694222476931,0.014022050528314296,0.004078799580746502,0.015774806844353586,0.03154961368870718,0.007011025264157148,0.007011025264157148,0.0030047251132102066,0.021173938680070694,0.1915737309149253,0.10747147706559836,0.0066420239344646675,0.03154961368870718,0.006309922737741433
375,0.012509421648141669,0.1496773343898835,0.06254710824070836,0.03980270524408713,0.03648581314041321,0.006534772502760574,0.02432387542694214,0.05371259530639097,0.03648581314041321,0.0054768761711729355,0.37541324605652315,0.06254710824070836,0.01326756841469571,0.033679212129612196,0.0054728719710619815,0.00858489720950899,0.003473876186489114,0.0022055966375734075,0.01621591695129476,0.03648581314041321,0.015097577851205463
376,0.12751779918559522,0.02869150481675892,0.0002684514181789671,0.03322174241940506,0.054650485365255096,0.05081419852151323,0.10381429189395631,0.003983351775727365,0.07325461287523166,0.028105963902131183,0.043611087321473556,0.05367823264972017,0.0009540641082299633,0.03972669897705081,0.05630031133854581,0.05307043548056375,0.02236290975918845,0.031424029085021676,0.08233214425678648,0.10851367125300906,0.003704013596657506
377,0.10132390879544233,0.05815649605951434,0.00516354383145792,0.0028399491073018562,0.007573197619471614,0.0011833121280424399,0.04699514833092069,0.09515115131423371,0.04825559087912045,0.06417189343052845,0.17011325735525745,0.01033893263280255,0.0014563841575906953,0.03289660383164448,0.03222648376169727,0.02167840713329567,0.038367736740750745,0.03288096466937222,0.002227411064550475,0.22401020704405525,0.0029894201129493226
378,0.1719561775272241,0.20116999887020354,0.003669886756688584,0.005184677439754846,0.007529036315369352,0.0022199093136539448,0.005369844491174662,0.001472154735339743,0.006264818573037106,0.003744786961513325,0.006014225830115622,0.00455623168948153,0.002592338719877423,0.00939722785955566,0.0012125455302652462,0.0316077248634035,0.38509508263528325,0.12813323186004622,0.005184677439754846,0.013668695068444595,0.003956727519812909
379,0.33006839064545,0.04256221671523747,0.01818030885185994,0.019089324294452936,0.02813284891469152,0.0097907991014831,0.01818030885185994,0.011930827684033087,0.015907770245377446,0.006582525618776875,0.016599412429959076,0.021210360327169928,0.0006781663516910837,0.012726216196301958,0.005614507145427335,0.32450383051286824,0.004715155106973599,0.009311865509489238,0.021210360327169928,0.06773334573416513,0.01527145943556235
380,0.05423179631701441,0.041698538939398136,0.045868392833337955,0.0870961418169687,0.003954804018909011,0.09148783916554518,0.02702683079405436,0.036486221571973385,0.04312008003960491,0.07420926421418315,0.017169986622105126,0.1499989109070017,0.0004824203117764379,0.05351312497222763,0.03703079204319687,0.06808063052715584,0.10543246070534729,0.021007218480833156,0.011521964706938963,0.027501670610651386,0.003080910401776492
381,0.018417629144597828,0.013254236321833627,0.030696048574329716,0.015348024287164858,0.27944646733517625,0.011570007369739496,0.015348024287164858,0.03348659844472333,0.020464032382886476,0.011475609794777648,0.01674329922236166,0.030696048574329716,0.010232016191443238,0.021667798993644505,0.012286197502516218,0.005666962813722409,0.06139209714865943,0.009444938022870681,0.3140365687400985,0.06706715216044226,0.0012602426875172221
382,0.004088394894199222,0.014173102299890637,0.0092433275868852,0.00885818893743165,0.22338967405608945,0.00386539153633381,0.007873945722161465,0.015185466749882826,0.008503861379934382,0.1817711822600702,0.1118908486998642,0.009663478840834525,0.005376466141457377,0.0069584494907010295,0.0013906062427187337,0.00291347393362908,0.024715453299822655,0.027657769168849163,0.005185281329228282,0.32267397363657363,0.004621663793442599
383,0.008671550087549348,0.014101207655625217,0.01506111330995413,0.011006198188043404,0.018265605503561395,0.004033275857546087,0.01788507205557053,0.03433933834669542,0.018265605503561395,0.007343107538420462,0.01716966917334771,0.016833008993478147,0.011149135826849161,0.02386662883611364,0.002118637265853856,0.01117155266093267,0.008334790860848401,0.005049902698043444,0.736538270052879,0.0158978418271738,0.0028984877579528185
384,0.10464345851198477,0.05335439496499224,0.0653243374875731,0.043881479833837056,0.034146812777595036,0.045576641466363595,0.013325585474183428,0.08305981486442034,0.06395769220710093,0.035906957766130856,0.04486216238725659,0.08646562726770764,0.001270868801617721,0.041986482291247185,0.04990731198749693,0.058747204778658114,0.05669942720414256,0.04143658179753104,0.02495344010670406,0.043252629518287046,0.007241088505169673
385,0.07962755318171373,0.06929426794294485,0.009760662121682395,0.13012929102855583,0.006090392805152793,0.012679281570654772,0.08661783492868107,0.011712293856063063,0.00515675506322043,0.04321578000742798,0.07666599857517303,0.16746114752878338,0.0022725346287883553,0.06693727193248619,0.02682358759081737,0.049891872918920305,0.056025152804934135,0.05938899278471478,0.023098089314314948,0.015398726209543304,0.0017525132054273293
386,0.01088206798588763,0.02652504071560111,0.023577813969423208,0.0184522022369399,0.023577813969423208,0.0068451717975744775,0.013262520357800551,0.0386491787107704,0.0184522022369399,0.3625728531362625,0.14339461474223242,0.02652504071560111,0.001480802571443825,0.02014983872735708,0.0035393246211419113,0.007859271323141069,0.01088206798588763,0.09522261421494156,0.007193231380501994,0.12883059570256802,0.012125732898560504
387,0.06390204562956127,0.04062505085220435,0.018211229692367468,0.0055128858132712,0.033007853817416034,0.451970434263819,0.052812566107865645,0.03520837740524377,0.014273666515639369,0.007438389592657134,0.017604188702621884,0.02640628305393283,0.016003807911474443,0.037723261505618326,0.02482606740106584,0.057714752619111145,0.015089304602247328,0.004719140807431099,0.012627696523795298,0.04401047175655471,0.020312525426102176
388,0.09328488180687226,0.007935582184855088,0.00547281529990006,0.03460964358925619,0.007557697318909609,0.027985464542061685,0.017705089812324735,0.055539793868121766,0.13497159421981417,0.0714247498653823,0.04819718893355068,0.027863772478768156,0.0020611901778844386,0.018621160685475396,0.1464713053844212,0.0984453220770397,0.07835975606326871,0.056644118952832744,0.003174232873942036,0.06134187682451905,0.002332763040800137
389,0.06515741273143363,0.039111088581862685,0.06453601599246259,0.04380272578673932,0.04982560058241597,0.022177806727456274,0.07130107383687016,0.006579733309309486,0.13097015010235058,0.012858643795551334,0.004464819031317151,0.06833225222731333,0.0009329472602752258,0.06557135314742187,0.10692736508354991,0.08673519874327854,0.03986400563989486,0.033858323175695794,0.032900714035373084,0.05143287802055842,0.002659892188869792
390,0.006627368953580837,0.010503754567939443,0.02141149969618425,0.0017344334726711076,0.015463860891688623,0.00418570670752474,0.020296124657532416,0.012371088713350896,0.4789429609871846,0.02383773030247096,0.08906027890115326,0.04470268151951716,0.004799129242248194,0.01660032897244571,0.19925737297995225,0.0040643450217455615,0.00634055408988111,0.013917474802519762,0.007626013590421787,0.013578024197580252,0.004679267732407219
391,0.061370018754381785,0.023525173855846356,0.011059438242243768,0.029203664096912718,0.022118876484487536,0.016821883289808357,0.04071664705819561,0.02823020862701562,0.13284804059772057,0.041122908068394554,0.009107772670083104,0.04705034771169271,0.011170873458521831,0.07763418385502928,0.13288144737689597,0.08951041759785441,0.16569905063683082,0.015683449237230907,0.0006224281606800549,0.040328869467165164,0.003294300753008782
392,0.051912648575109306,0.0210621164851477,0.015211528572606669,0.017112969644182505,0.027380751430692008,0.005704323214727501,0.01073754958066353,0.018253834287128005,0.04212423297029539,0.0024212795571616533,0.0322126487419906,0.04563458571782001,0.47078178666024195,0.07094251644230468,0.0048461506956976996,0.0028246205001273383,0.11028244380905193,0.007301533714851202,0.012735233223577676,0.016106324370995295,0.01441092180562737
393,0.012356140319166585,0.04081777956198283,0.02110840637857625,0.05066017530858301,0.031662609567864375,0.004443875027068685,0.12084724170699063,0.017469025968476895,0.023027352412992277,0.030903445600176088,0.04605470482598456,0.020264070123433203,0.006845969636295001,0.020264070123433203,0.4351873486162993,0.005636338959508933,0.013691939272590003,0.009742341405496732,0.018092919753065363,0.020264070123433203,0.05066017530858301
394,0.0003468213700570945,0.009448701791715884,0.000307401169689244,0.0034559343622639245,0.024765999774877014,0.0033770291070560933,0.007603055596980635,0.11318396007318855,0.19302347945933881,0.07753053502141295,0.19632302611676342,0.010367803086791775,0.08146313166371263,0.04330654987869781,0.07884778736535325,0.0020365327491912418,0.036683195191367556,0.09790657936080661,0.004223919776100353,0.005430753997843311,0.010367803086791775
395,0.01320442597606866,0.3517445557747481,0.018606236602642198,0.017055716885755346,0.010005180352680223,0.0039006159290616207,0.0341114337715107,0.016373488210325134,0.1023343013145321,0.07150190624993547,0.20075535216328033,0.0227409558476738,0.014115076043383738,0.0454819116953476,0.021430455560290017,0.00455261598882585,0.01320442597606866,0.009983834274588498,0.0074424946410568795,0.003429228000866982,0.018025788741358247
396,0.001265043131358902,0.027238123969520765,0.030642889465710862,0.013619061984760383,0.024514311572568687,0.05044854292930345,0.01885716274812976,0.03242779762786306,0.030642889465710862,0.013540301565440756,0.02042859297714057,0.011173033185291496,0.004719681497071995,0.015321444732855431,0.006128577893142172,0.3292509306347994,0.21002274793534093,0.09574927535561678,0.02042859297714057,0.027238123969520765,0.016342874381712457
397,0.015918936234726618,0.012407599435059887,0.023574438926613792,0.0016407081899175563,0.01683888494758128,0.0038646621191170145,0.03929073154435632,0.01825734762103596,0.20180991884814614,0.010249756055049472,0.01964536577217816,0.05222689810595017,0.21490563916880934,0.13757961508806774,0.16520612742310767,0.006933658507827586,0.010249756055049472,0.013431602448050584,0.014734024329133616,0.013867317015655169,0.007367012164566809
398,0.09287921291015594,0.004192962554509715,0.03431653193485983,0.06234797922257776,0.05282191067990678,0.0447210219378769,0.0324134451899428,0.04681942082991738,0.047549005058847724,0.0673202323175735,0.06259148036678609,0.0580030071820029,0.006823883197882696,0.059708284488827285,0.061421226919098536,0.0384159350399322,0.0881645709166444,0.010769546294132125,0.05598685987353756,0.07022913124487606,0.0025043518401117195
399,0.00782786875584574,0.02619731568810489,0.06976633871354258,0.4698507123867343,0.03492975425080652,0.001016350075119277,0.027576121776952518,0.04030356259708445,0.05379148697643902,0.008732438562701629,0.01871236834864635,0.05821625708467753,0.013434520865694813,0.02016898787178182,0.007941249388368044,0.007938580511546936,0.016901493992325732,0.006894030444238128,0.01746487712540326,0.030820371397770458,0.061515313186215954
400,0.0072519818994131666,0.06228213262889275,0.02287163522122614,0.02123794699113856,0.253882822631176,0.004437779968297608,0.019822083858395987,0.02123794699113856,0.018583203617246243,0.0077284382540341425,0.014866562893796991,0.01651840321532999,0.007623878407075379,0.02287163522122614,0.005830024664234114,0.0018787600203923024,0.0074332814468984956,0.04003155602294674,0.3240671066279868,0.11171831263294488,0.007824506786208944
401,0.023329213771729893,0.1353094398760334,0.00710004045806074,0.00931880310120472,0.008283380534404196,0.0038230987081865524,0.009940056641285033,0.12820791528653802,0.09367576606802314,0.08763047494024316,0.1353094398760334,0.013030614404804367,0.0045182075642204705,0.012425070801606297,0.09125520363732485,0.007400541902117459,0.08887879557323308,0.114333231829338,0.005522253689602797,0.012425070801606297,0.008283380534404196
402,0.0886061665690024,0.06891590733144633,0.0010072056032257054,0.021144653385784667,0.0886061665690024,0.07124970424714487,0.13700234545168502,0.004135959247519538,0.11237819580262864,0.045943938220964216,0.037590494908061635,0.05298557254389812,0.0038774617945495663,0.007754923589099133,0.08457861354313867,0.07046977541764624,0.041415786629436804,0.045108593889673955,0.006203938871279308,0.003269672795713625,0.007754923589099133
403,0.01291089109413499,0.09037623765894494,0.01807524753178899,0.00823068611107525,0.09037623765894494,0.009037623765894493,0.09037623765894494,0.1532098673834762,0.15362965627507552,0.015062706276490824,0.031360989779178436,0.03706780602135103,0.01063249854811117,0.038688322411900504,0.00939104068542233,0.008607260729423328,0.10940569897237688,0.022594059414736238,0.020083608368654436,0.06025082510596331,0.01063249854811117
404,0.0007076513068979203,0.01953926502356334,0.03126282403770135,0.019556216086897695,0.026052353364751122,0.0026950710377328744,0.03126282403770135,0.13772431327312407,0.03126282403770135,0.28762573650055867,0.08382075767200267,0.03126282403770135,0.005789411858833583,0.026052353364751122,0.00651308834118778,0.00710518728129576,0.055111296479816455,0.13803820718709162,0.01953926502356334,0.01953926502356334,0.01953926502356334
405,0.009828001569414832,0.0028772183067964133,0.06388201020119641,0.04791150765089729,0.029484004708244495,0.005969291253252726,0.0021865597926143698,0.06388201020119641,0.09582301530179461,0.008926786358537024,0.09582301530179461,0.015331682448287138,0.009831953559951435,0.05475600874388264,0.3422265557178593,0.007529416801722094,0.016664872226399063,0.016664872226399063,0.03832920612071785,0.04258800680079761,0.029484004708244495
406,0.046682737308688924,0.09971939309586843,0.2915043292153252,0.008122694671723963,0.011371772540413548,0.012972269872381825,0.15994979993661312,0.030633246866113382,0.011371772540413548,0.0035536789188792333,0.011371772540413548,0.019228386091783047,0.004690609968815635,0.014214715675516933,0.07947439686713342,0.049604984458133564,0.04385418902962034,0.039870184734932895,0.005168987518369795,0.049532720311101085,0.007107357837758467
407,0.010269411857399794,0.018256732190932965,0.015209893380044857,0.0106006832076385,0.08215529485919834,0.005765283849768304,0.014937326338036062,0.013692549143199725,0.005671116356893243,0.008215529485919837,0.01263927613218436,0.2787218966498088,0.006991939988016881,0.019330657613929023,0.005569850498928701,0.0019575245619063027,0.3932437109836094,0.009128366095466483,0.014937326338036062,0.06540293759270928,0.007302692876373188
408,0.3591545508256046,0.019832535007247208,0.011899521004348325,0.017498621874314866,0.012249506916240924,0.0052738383022424935,0.012620704095520952,0.019832535007247208,0.02603020219701197,0.005480042567791994,0.1971700189365608,0.01542530500563672,0.012037241693318733,0.026149869885485524,0.0054088731837946945,0.20201049750612668,0.0023423529635393354,0.007180960898341895,0.018107966745747453,0.01735346813134131,0.006941387252536525
409,0.3607322691757362,0.08377220597968707,0.019039137722656155,0.04772186849816622,0.052357628737304436,0.027069630577674256,0.026178814368652218,0.027924068659895693,0.03807827544531231,0.01821134912601893,0.04188610298984354,0.029918644992745384,0.017472825066382754,0.04188610298984354,0.008548184283641538,0.0729288741166957,0.0024793706246823382,0.011491254579260413,0.019945763328496926,0.026178814368652218,0.026178814368652218
410,0.009082794210419848,0.059946441788771,0.027248382631259543,0.024977684078654583,0.024977684078654583,0.0065159175857359775,0.02140944349598964,0.11662250919338905,0.04281888699197929,0.25043414046688806,0.06732271136407024,0.059946441788771,0.0010488171317249266,0.010715827656352874,0.005079008264860751,0.00881565320423103,0.00881565320423103,0.18338467025337263,0.014986610447192747,0.04281888699197929,0.013031835171471955
411,0.010727309435044697,0.01901659399848833,0.03803318799697665,0.059475734115499675,0.03218192830513409,0.35804784175529597,0.02988321914048166,0.052295633495842896,0.06972751132779054,0.011953287656192663,0.052295633495842896,0.02988321914048166,0.01901659399848833,0.05976643828096332,0.0026392368311776034,0.011621251887965088,0.024609709880396662,0.048354402017465076,0.023242503775930175,0.03218192830513409,0.015046835159408195
412,0.3506046559410181,0.02444706184055243,0.05195000641117391,0.034887040786462674,0.02770667008595942,0.011874287179696899,0.03196923471456856,0.037781822844490116,0.04617778347659903,0.014842858974621115,0.05937143589848448,0.05937143589848448,0.011553781494543133,0.04156000512893913,0.011874287179696899,0.05195795483273676,0.004402536812532882,0.031941079734794334,0.03196923471456856,0.025975003205586954,0.037781822844490116
413,0.008079026661222464,0.08924250699400847,0.03052076738684042,0.018312460432104247,0.018312460432104247,0.006104153477368084,0.01445720560429283,0.23396863376589094,0.02497153695286944,0.0044447327746512085,0.02910142777703207,0.017167931655097734,0.008583965827548867,0.017167931655097734,0.004821478734083524,0.006388067592594506,0.021688853205981472,0.4107928938472527,0.011445287770065156,0.011942908977459294,0.012485768476434718
414,0.020439050106512608,0.018925046394919078,0.030057426627224427,0.03406508351085435,0.4365613896531429,0.007514356656806107,0.023226193302855237,0.03010324520599806,0.03193601579142595,0.0796609284421039,0.02554881263314076,0.0638720315828519,0.00837665987971828,0.05109762526628152,0.006999674694011166,0.05012088368807067,0.017619870781476386,0.008519945077468538,0.01824915188081483,0.024332202507753104,0.012774406316570381
415,0.17444479737454743,0.007703214428900328,0.006720931204860491,0.21699008405220085,0.008473535871790361,0.0011501451641825083,0.007061279893158635,0.010591919839737951,0.15415534088230473,0.002824511957263453,0.010591919839737951,0.06746937404029202,0.00453939421703055,0.11103531270630917,0.07097427658783965,0.06505975353885302,0.05060203053021901,0.005807703312209442,0.00668963358299239,0.010591919839737951,0.006522921135832023
416,0.029146192529746495,0.015494802628045024,0.013953580268004102,0.7019738447608072,0.015494802628045024,0.001584814924256446,0.020530613482159656,0.013687075654773107,0.05463219865806219,0.0047196812602665885,0.016102441946791887,0.02281179275795517,0.0069595299939524255,0.0144074480576559,0.0052307295495948175,0.0048024826858853,0.008926353687895502,0.005954681410480868,0.012831633426349786,0.01747286253800822,0.01328243715126435
417,0.006759836914231322,0.011125407494765292,0.02063613896676359,0.642476318738902,0.011820745463188122,0.002295661541474742,0.016811726880978664,0.01759366766614046,0.00869479113531631,0.004758035909710942,0.014274107729132826,0.01801256451533428,0.005522100070394451,0.018913192741100995,0.004202931720244665,0.004669924133605184,0.007205025806133713,0.004643693484312121,0.006304397580366998,0.02292508211042545,0.1503546493974776
418,0.009752351920863064,0.014899426545763015,0.029798853091526037,0.0017640615982420296,0.026818967782373433,0.008793104190942109,0.013082423308474844,0.1566190349679704,0.4597723476865423,0.006621967353672452,0.047230940116549006,0.00998045615702626,0.0067896120968034,0.05022909086974951,0.05570188472550826,0.006965965657759333,0.04670696610833574,0.00909117551944862,0.012770937039225445,0.0124739385034295,0.014136494759795577
419,0.05912402830235257,0.10081545262290219,0.019743289030973152,0.04047724173027785,0.0015553363822361785,0.008629797416885661,0.05661737375561537,0.08328233042761488,0.061631248434057956,0.07620164646413347,0.02023052560994693,0.10812092020427191,0.0013031196716032849,0.07382367240120985,0.02748836954345896,0.10027504817167762,0.04791027576619215,0.07068058396504798,0.003443959132094396,0.01845591810030247,0.020189862867145282
420,0.011540234472383993,0.01352075921301966,0.031415082730378636,0.02261885956587262,0.18478850116007683,0.017811326245484184,0.023561312047783983,0.023561312047783983,0.02261885956587262,0.0053435864031406355,0.023561312047783983,0.016156328261337588,0.012566033092151457,0.04039082065334397,0.007289028079750709,0.016590379888224666,0.015707541365189318,0.009920552441172204,0.48439277718228657,0.014499268952482451,0.0021461245844797625
421,0.11473606592624153,0.029727071626344397,0.13624907828741187,0.0005706403075142867,0.04359970505197179,0.02647124949584002,0.06812453914370592,0.0054717772073282255,0.10164435584862026,0.006507418664473401,0.005293552464390679,0.12808322063138933,0.012976102694039223,0.05486380245782994,0.026977946962875844,0.06055514590551638,0.07692091200695457,0.08521760532885395,0.003883196727781322,0.007081123444777703,0.005045489816139559
422,0.005952198449434796,0.05033286126528491,0.015403485447434905,0.016635764283229697,0.012602851729719469,0.006116089810010919,0.010944581765282697,0.015995927195413172,0.013044749438319996,0.004892871848008736,0.0028270245362721764,0.1761650144284972,0.002649504433724541,0.014853360967169375,0.004332230282091068,0.25091253263560287,0.35216417754356844,0.006498345423136602,0.010397352677018561,0.013863136902691415,0.013415938938088467
423,0.4683256256826121,0.047536107228347294,0.06673847671484572,0.02887133469062289,0.02385023300529717,0.005898444721740161,0.022856473296743122,0.01891570203868396,0.036570357274789,0.008992710805275982,0.054855535912183485,0.02887133469062289,0.01167877036188986,0.030475297728990835,0.00914258931869725,0.046734905957261645,0.0022587152423110216,0.0036747367488767866,0.027427767956091746,0.03918252565155963,0.017142354972557335
424,0.018131023566313766,0.016820576894145796,0.0011975379465313275,0.008850553997234311,0.03826681243418168,0.03782016242582189,0.052984817216559246,0.04562581482537047,0.42076178377855855,0.012916258534546015,0.004293541218367146,0.019046829718370965,0.002308706632529815,0.013943372951726115,0.0571737878084667,0.0643600887093799,0.10147676981534008,0.027496395139139127,0.00981200318825171,0.045789348211841316,0.0009238149873241667
425,0.07554652309830011,0.01506025406416144,0.06626231579109654,0.28286200216856383,0.01506025406416144,0.001207796980922094,0.040197749529258656,0.011833056764698273,0.0017598999444627035,0.008148192472147025,0.013805232892147986,0.009744870276810345,0.00849552793362953,0.1871835147541452,0.0038526231326924615,0.08301709141912111,0.014706493730216581,0.0587151318022153,0.009744870276810345,0.014405460409197898,0.07839113849524121
426,0.6197765632833611,0.021816751842287426,0.03208784160257543,0.03130229612154283,0.020570080308442432,0.006728530942013878,0.021175082670455446,0.021175082670455446,0.03599764053977425,0.007499508445786303,0.0287981124318194,0.03130229612154283,0.009360373065119498,0.025712600385553036,0.00719952810795485,0.010754705086889683,0.004716686953284891,0.0038159801849712485,0.01714173359036869,0.02249852533735891,0.020570080308442432
427,0.018093883167660196,0.10470497824358913,0.0065331521391736565,0.0037320221365971747,0.00637380696504747,0.0012691260586466214,0.0065331521391736565,0.4667791862257906,0.007259057932415174,0.058644542992911254,0.04055231286554808,0.009011244329894698,0.0028717152260103987,0.005025501645518198,0.001866614896906759,0.001866614896906759,0.016224944975762774,0.224676419655579,0.006222049656355863,0.0065331521391736565,0.005226521711338926
428,0.044558202941697225,0.0157453265202632,0.00034062137463893147,0.0024712786360510373,0.04010238264752751,0.011699404604038052,0.13596970411544912,0.02087037429308512,0.10133963708786713,0.0038140853061507138,0.00572112795922607,0.08128262418405588,0.0009936068742885612,0.06102536489841142,0.28823587527910394,0.03463015109116153,0.011897376727981225,0.010842287443327308,0.06694723418954017,0.05904205519008485,0.0024712786360510373
