site,A,C,D,E,F,G,H,I,K,L,M,N,P,Q,R,S,T,V,W,Y,*
338,0.17982367870210098,0.013423213159172097,0.05278777368673472,0.10119525038119845,0.003492149411894842,0.14321846803729954,0.006111261470815973,0.004201492261185982,0.0036741044148411446,0.004691157540056685,0.024673511544493543,0.09885637191181952,0.0019485181501152375,0.09935716406942753,0.0023652899923653804,0.1124853539408352,0.13120108345900472,0.0030385831902472998,0.0012927668495956867,0.007061169422272823,0.005101638404522543
339,0.0027069855800693063,0.11299866807062374,0.015464176936708636,0.009849822342216546,0.013921669861517926,0.0021241029096764692,0.031800854990584854,0.009668812693473592,0.019875534369115534,0.004618381430167924,0.01824639220771262,0.021404421628278263,0.009275249372253916,0.017123537302622612,0.003424707460524522,0.0063240336629003975,0.010806115773499707,0.649475191741313,0.006082130735904207,0.025296134651601587,0.009513076279234785
340,0.0012446762036881294,0.009191457454349529,0.006188213883590712,0.003586351227990072,0.006860845827459267,0.0010958295418858552,0.007889972701578157,0.3373483871470842,0.007175971349543267,0.06904231351704679,0.02619787390370155,0.009282320825386065,0.0028178473934207704,0.006311978161262525,0.0013662883144494248,0.0019361896200191795,0.1714942606952126,0.3161027235522021,0.003586351227990072,0.008092279693926317,0.0031878677582133966
341,0.013303263731303227,0.1403043365559904,0.001382825327805217,0.043587115278736016,0.00333855852260675,0.04573801817273377,0.002074237991707826,0.0024631576151530436,0.0020210524021768562,0.07329546615652494,0.13529722423025556,0.023369909658247246,0.000796172158433307,0.08316434883878096,0.0029139740881031296,0.1289553298248901,0.28106178129497567,0.011164060036828398,0.0011525975851856634,0.002717967023617152,0.0018986035059447616
342,0.004274887816606414,0.008260931861820505,0.018524513871961128,0.00837409531198243,0.10229736916574389,0.001777060923763713,0.012226179155494347,0.358383458514695,0.011320536255087357,0.0297441522339047,0.16728225454513446,0.024452358310988687,0.005993225076222718,0.015282723944367934,0.002030926770015672,0.0038690440365488437,0.0034099820001347184,0.029597997249983826,0.048572851546324444,0.13753312965616682,0.006792321753052415
343,0.18089915629309583,0.5574715649664,0.003239059909417424,0.0038693500843454843,0.03787605848097071,0.0007758300161924761,0.008954781623770976,0.008954781623770976,0.006964830151821871,0.0022548011282876564,0.00591353503456574,0.009218157553881886,0.0028492486984725844,0.005403747531585935,0.0012951130447602655,0.09506897632821215,0.018893420481364893,0.02396415679558563,0.0029020125632591137,0.018938029240485356,0.00429338844975321
344,0.007598792682099427,0.013344221295394117,0.028057080672367122,0.014028540336183561,0.028057080672367122,0.0030479836942125835,0.04973755210101443,0.07904859516956828,0.02015252890125844,0.010239362124246015,0.6342090781438207,0.024868776050507215,0.011280681919817707,0.017368668987655836,0.003356776020721337,0.006838913413889485,0.007110136994097066,0.002864457878586105,0.007705817931143081,0.02233114584127179,0.00875380916977854
345,0.024913050759839326,0.021713214209739762,0.017704620817172424,0.010755143487067359,0.026154553479913807,0.0036417732693550865,0.02806830129551725,0.04078499819587772,0.01798125551744074,0.006187098672667782,0.014567093077420344,0.024583667248217395,0.01579910538426955,0.0159833382377251,0.004230883651162528,0.011351256878941667,0.6594170192382854,0.006850002101882188,0.012508699490393559,0.028086740493806262,0.008718184493304604
346,0.004695541238144904,0.014284194204827993,0.7623418577721164,0.008554930879279773,0.018838574965787645,0.0033257943888610115,0.019123631006332995,0.02499733985844899,0.02166436121065579,0.006219433840379654,0.016881320423887628,0.01104225955499839,0.010742658451564854,0.016881320423887628,0.00351313965578202,0.00513837222645542,0.008964563259581707,0.011719014911649372,0.007783602830175734,0.01495564227769914,0.008332446619482998
347,0.08169540915297942,0.023653053935691185,0.009109822377708693,0.007674713373001161,0.01273304718702465,0.0018459771869162593,0.01623924858635028,0.05343483753181195,0.02435887287952542,0.0037226184467048814,0.01318244885244905,0.013187051206346051,0.005006246555452506,0.021970748087415084,0.002611907115287108,0.009959771290480429,0.6650883187118697,0.0033750245555968957,0.006906691749221824,0.016724002275495062,0.007520188942672276
348,0.02331417465263286,0.023108424147135903,0.02048246685768864,0.01553842313341897,0.02095880329623954,0.004845314740528494,0.03604914166953201,0.006035007719042327,0.02253071354345751,0.009103318603417175,0.019175075356134046,0.024357528155089195,0.07116887795463424,0.08192986743075456,0.007213262974353394,0.0079775748009591,0.529613925883712,0.0071526074741134925,0.029071888443170983,0.02198118394483659,0.018392419219148984
349,0.006094966066188851,0.013420553233355685,0.02437610689323788,0.012982926497485392,0.02541338803763098,0.00461169589872068,0.018097412693464487,0.034126549650533036,0.019264987705946066,0.0032395597786596545,0.016589294969009113,0.022536400712616155,0.7050205085753543,0.012743550513430067,0.00416177434762598,0.021022495265548533,0.009873780958548664,0.00732778673477703,0.008718461589552232,0.021329093531583142,0.009048706346732244
350,0.005736620186956674,0.0032043199306866915,0.008693640901882795,0.009692909971064725,0.1565785079755179,0.0022547678274936656,0.02155175917402573,0.012586315932576584,0.015616354953382053,0.00839276206213792,0.015332421226956926,0.030608896932503002,0.008693640901882795,0.015332421226956926,0.0028203450417479295,0.0040371412804520316,0.008031268261739343,0.008432831674826311,0.1586886784231184,0.49764372143703156,0.006070674677060155
351,0.006665768467766159,0.013056358055212977,0.006883189100894283,0.015185332944694084,0.017137732894726178,0.7079595717990108,0.031569507963969276,0.026079158752844184,0.02263474155907231,0.005553894919587187,0.015380016700395287,0.024482475563894535,0.011877636659711213,0.026079158752844184,0.0038205137026459625,0.00305076361421644,0.012762141517349281,0.005999093095645329,0.008756505858619213,0.02307002505059293,0.011996413026308324
352,0.004194845078834882,0.010235421992357113,0.01599284686305799,0.007314103868112896,0.019683503831455982,0.002336854336154592,0.04061965396070566,0.054441050469602,0.00927698648136749,0.23190333947201616,0.17223168694019544,0.0601443986140365,0.021776096787794682,0.300910926999817,0.0011880691688193517,0.005117710996178556,0.00852951832696426,0.0060144398614036506,0.009477242585515846,0.016508745148963083,0.002102558216646949
353,0.00800561838496601,0.025290476261597167,0.019871088491254917,0.021399633759812988,0.01854634925850459,0.005324310791915193,0.02415198521875954,0.03091058209750765,0.027839932281713897,0.00795010051532351,0.030075160959737175,0.023182936573130735,0.011471968613507995,0.6546541644766524,0.004417286201663223,0.008559853503925196,0.01636442581632758,0.010399822014114723,0.015896870793003934,0.028532845013083986,0.007154588973497601
354,0.02650393084865162,0.019625058189526447,0.02512007448259385,0.013955596934774363,0.022428637930887372,0.0011692499785331584,0.026686716578642317,0.08937933889293902,0.04027029063543075,0.019543302544965332,0.09985997171362931,0.05047270309438872,0.011418215673906298,0.09104879773889733,0.3682827818359574,0.03482763244971558,0.01207695888586243,0.00640818226596782,0.011725981526979203,0.020933395402161548,0.008263182395590084
355,0.002223596659361133,0.022292040604693555,0.018163884937157707,0.014215214298645168,0.03638595869455706,0.005024158226115238,0.028848523135485766,0.07040003786121596,0.031640315696984396,0.007603486717879971,0.022292040604693555,0.03923399146426066,0.014215214298645168,0.028848523135485766,0.005944544161251614,0.0085291285791871,0.014639549053828601,0.5768109601924524,0.013254726846034005,0.029722720806258072,0.009711384025807093
356,0.010172311129093359,0.014400455230592192,0.01616422042431273,0.016619550577110277,0.695011292576912,0.005244391515443687,0.03189157002634675,0.02107121591026482,0.02510612959520914,0.006276835973514758,0.014936558113605437,0.02565191502119195,0.012420927273419258,0.02744158351104255,0.005870587517287709,0.0038718402125132614,0.01439009867042475,0.005340025111332129,0.012040694805865606,0.020344622258186715,0.01573317454633106
357,0.008776030815860673,0.02599055280081814,0.02703017491285086,0.004892980965961536,0.03556601962217219,0.006033521185904211,0.02938062490527268,0.021117324150664744,0.395718221281264,0.00804469491453895,0.02599055280081814,0.058292063801904985,0.016893859320531793,0.030880931394895953,0.22768504826716154,0.009256909216729751,0.012286443142204942,0.007425872228805184,0.012067042371808423,0.021798528155524893,0.01487260374430649
358,0.009926830808870826,0.026679838690694933,0.07301500965075952,0.45365511034484196,0.04072185905421857,0.002352679314889728,0.04298418455723073,0.024178603813442282,0.07921912518164971,0.012075578113748984,0.029758281616544344,0.04072185905421857,0.014067551309639145,0.025790510734338436,0.008231014064150565,0.011378166500443427,0.01547430644060306,0.010324212270203113,0.025790510734338436,0.025790510734338436,0.027864257010835128
359,0.025896758135953393,0.029428134245401586,0.12948379067976698,0.01244564973147267,0.043161263559922315,0.022068618162433617,0.03407468175783341,0.032460888217865705,0.37687577199825595,0.019041733923495143,0.04980145795375653,0.015085415918528263,0.03407468175783341,0.038697710644414574,0.004144165746822651,0.014714067122700793,0.020959415276202268,0.018497684382823856,0.029428134245401586,0.029428134245401586,0.020231842293713595
360,0.0022936752537886336,0.031900183629746066,0.05924319816952841,0.025355794623147007,0.04147023871866988,0.005125326555264889,0.08294047743733977,0.06911706453111648,0.10367559679667473,0.005608513331189154,0.011031820912777785,0.06911706453111648,0.013377496360861253,0.019747732723176134,0.016588095487467952,0.012197129034902906,0.025918899199168677,0.24206908646519626,0.02764682581244659,0.10367559679667473,0.031900183629746066
361,0.00821694840719859,0.06875620585428706,0.32208817362824776,0.0177774480173685,0.039289260488164036,0.006042304911909257,0.03674239994237181,0.04231151129494589,0.05500496468342965,0.023915202036273762,0.06875620585428706,0.023615582240625817,0.018334988227809882,0.0458374705695247,0.014866206671197202,0.011459367642381178,0.0125011283371431,0.03637543976831563,0.06111662742603293,0.041155093428961606,0.0458374705695247
362,0.00161134682471007,0.019663677400337295,0.019663677400337295,0.025281870943290805,0.02949551610050594,0.004452153373661274,0.030777929844006197,0.007579018123372375,0.07078923864121425,0.016088463327548697,0.03932735480067459,0.0208385673735322,0.0318819014845408,0.041640728612478965,0.0094385651521619,0.09329714826255095,0.4156075147795908,0.011236387085907023,0.058991032201011886,0.03370916125772107,0.018628747010845857
363,0.00930155492730858,0.026213472976960545,0.0432522304119849,0.016019344597031446,0.057669640549313214,0.001490001807153582,0.057669640549313214,0.036043525343320754,0.0057034366456120604,0.011382165897890763,0.016679887224496086,0.06178890058854986,0.015447225147137466,0.025442488477638178,0.505062704172594,0.007525751477554037,0.012183726876615465,0.009010881335830187,0.025831552543162783,0.03932020946544082,0.016961658985092117
364,0.08272223334699588,0.03875270330771421,0.028209478413342752,0.0062404336117619546,0.019661151621420712,0.0018860988474037304,0.025952720140275335,0.04990907719283718,0.023172071553817262,0.01486349576157528,0.13124566814818356,0.025952720140275335,0.006007574106545216,0.013517041739726739,0.0033969528979417973,0.007633152982433921,0.10180794936772376,0.38167082444262806,0.009011361159817823,0.020929613016351083,0.007457678201228543
365,0.07816420062864249,0.08882295525982098,0.03768129050075315,0.03297112918815902,0.03297112918815902,0.006594225837631802,0.014653835194737338,0.03297112918815902,0.04795800609186765,0.0052098363767922075,0.03297112918815902,0.08142104232150257,0.3090096522714163,0.013352359436472344,0.008245168842683809,0.044446686047415813,0.00838568342318375,0.010766083000215188,0.03768129050075315,0.04795800609186765,0.02776516142160759
366,0.04778060217625036,0.04117898682806176,0.21703529803013963,0.04040674692185935,0.023163180090784743,0.015384333198685984,0.15251477991851095,0.024707392096837057,0.023163180090784743,0.01726582414171822,0.020589493414030876,0.22892251279131745,0.014759494830823642,0.024707392096837057,0.006281540363602643,0.01277968556732951,0.014254264671252147,0.011896153352865793,0.026472205818039708,0.020623417015374904,0.016113516584893732
367,0.010064299082957372,0.019222870399435377,0.023708206825970298,0.019222870399435377,0.0309237480338743,0.008175243733093206,0.01319359589799322,0.0444528877986943,0.0646587458890099,0.0035956073931222915,0.1778115511947772,0.02963525853246287,0.41758567702064514,0.01693443344712164,0.0055566109748367894,0.003029425549756973,0.009775794516204436,0.010307916011291435,0.03743401077784783,0.027355623260734954,0.027355623260734954
368,0.016233608992544116,0.07482679145000802,0.005544981522149009,0.007464398202892897,0.005544981522149009,0.15200768420406124,0.18400326945737616,0.0066922190784557,0.13403337864935727,0.0012136357772752787,0.019310139729034326,0.12324412709413082,0.0013971075987531851,0.11368227009321029,0.05260806769624971,0.06956869259135881,0.002132685200826541,0.0027724907610745045,0.006260463008877912,0.006260463008877912,0.015198544361337338
369,0.06162594965240076,0.03116890084147619,0.03496496681230952,0.06171704746439013,0.05013179855622045,0.03736143769926511,0.03146202530080042,0.040105438844976374,0.06755333300629972,0.04630595077166678,0.06517133812308658,0.06354205467000942,0.05295171222500786,0.046658804741935296,0.05484716574715208,0.08548448247313954,0.03620629895727033,0.05572688891279183,0.04170965639877542,0.0325856690615433,0.0027190797394828444
370,0.006965337170875314,0.013340473434941815,0.004342911513996362,0.032205925265942105,0.040681168756979504,0.4535828778622266,0.02415444394945658,0.04294123368792281,0.045467188610741796,0.014583815214766236,0.08588246737584561,0.038647110319130526,0.01288237010637684,0.04294123368792281,0.007156872281320468,0.004412905621699032,0.013802539399689475,0.008801545836189424,0.03680677173250527,0.024933619560729373,0.045467188610741796
371,0.03859268664970187,0.03175319732464486,0.04167607148859639,0.030309870173524645,0.04445447625450282,0.014187598804628556,0.039224537871620134,0.033239878319079395,0.04445447625450282,0.014496024865598743,0.04167607148859639,0.03035090675697972,0.011907448996741824,0.027784047659064257,0.010258725289500649,0.011313393056431396,0.39044332353528366,0.013336342876350844,0.024696931252501563,0.0740907937575047,0.03175319732464486
372,0.018314669361378634,0.02134891306426682,0.006775468327093816,0.005928534786207089,0.007488675519419482,0.0021405990090091935,0.012874888627653066,0.09641787225087073,0.0971641406119456,0.03142347293312017,0.006940723652144884,0.006467492494044097,0.004665076553080988,0.43492520083442315,0.16704752012807184,0.0028251657868509795,0.007728387950296039,0.04964352730425455,0.006775468327093816,0.007296658198408726,0.0058075442803661274
373,0.09254098670318472,0.04416728910833817,0.016060832403032063,0.053536108010106866,0.0490747656759313,0.006453667814916994,0.07133314280550149,0.11777943762223515,0.03432167944115287,0.07443243550918995,0.01472242970277939,0.17189731777434708,0.0021292388740012983,0.0557255044879743,0.0698799093648049,0.01472242970277939,0.022434178594711453,0.06730253578413435,0.013384027002526715,0.007335853276429976,0.0007662303419216155
374,0.13259996300445312,0.2675135377321657,0.010829637965975834,0.007219758643983891,0.013537047457469793,0.0019881821775784934,0.013537047457469793,0.011678412030058887,0.02406586214661297,0.007000390437596621,0.02707409491493959,0.05414818982987917,0.01203293107330648,0.01203293107330648,0.005156970459988492,0.007039829940320148,0.18948875589361736,0.1266790110538687,0.011399618911553508,0.05414818982987917,0.010829637965975834
375,0.015559200953620136,0.03403575208604404,0.07779600476810068,0.049506548488791345,0.04538100278139206,0.008127940796667234,0.030254001854261376,0.08188487850767369,0.04538100278139206,0.0068121308356435895,0.3186359143005212,0.07779600476810068,0.016502182829597117,0.041890156413592665,0.006807150417208809,0.010677883007386367,0.044254701424240775,0.004368859656359507,0.02016933456950758,0.04538100278139206,0.018778345978507055
376,0.027451740477175773,0.027794887233140473,0.00042686327077340796,0.08127160009690196,0.06764893189018314,0.04682292831389255,0.11133636289062898,0.013775642976506446,0.05198855244646087,0.030252938485050854,0.019765253143566554,0.058481652205679815,0.0015170526143209067,0.09977651827281193,0.10372096284064997,0.05947455713263159,0.05152270215256707,0.014706289541344163,0.07519389782878579,0.051180932507799426,0.005889733679128224
377,0.026618539879702186,0.0499097622744416,0.009808138029531434,0.006654634969925545,0.026618539879702183,0.002247698298434287,0.012099336308955537,0.12626854997928644,0.03747370502857191,0.1569537710640707,0.1799483616752539,0.008872846626567394,0.0027663979057652765,0.01814900446343331,0.037607817770806726,0.0193199079772032,0.017915769562167807,0.04012775372096225,0.0042309615029351285,0.21073010738097558,0.005678395701307672
378,0.15383878427707975,0.1739939392799652,0.006116031121900156,0.008640497835733368,0.012547477204518796,0.004154481289377442,0.008949087044152417,0.013652515354210276,0.010440601551511152,0.0037965823823676906,0.010022977489450705,0.007593164764735382,0.004320248917866683,0.015660902327266725,0.002020761590615062,0.014276425787074066,0.36535925414021675,0.1466022113742223,0.008640497835733368,0.022779494294206146,0.0065940641377965166
379,0.3054068156097973,0.05546426366062172,0.023691375154107,0.024875943911812352,0.05615003171181678,0.007007308144172492,0.023691375154107,0.01554746494488272,0.020729953259843625,0.008577911693728395,0.021631255575489,0.0276399376797915,0.014153235728170416,0.0165839626078749,0.007316454091709513,0.29146155958848485,0.0061444780426646445,0.012134606786249924,0.0276399376797915,0.014251373845434463,0.01990075512944988
380,0.06359328341689786,0.04235181019717466,0.031763857647881,0.10519643178007901,0.0011327532019147423,0.09402733980342881,0.03019527208502268,0.043234139576282464,0.06400898586618443,0.03642973504248499,0.0871949033471243,0.053527982332540205,0.0007232327544850027,0.07411566784505567,0.07743427983811786,0.07024909548998637,0.06865940325742784,0.03256597526525173,0.011702473870271944,0.007274551719776419,0.004618825662612032
381,0.026783711733956987,0.02550236997764065,0.04463951955659498,0.02231975977829749,0.16541192566502938,0.0179036605231988,0.02231975977829749,0.0486976576981036,0.029759679704396646,0.00653974563147109,0.0243488288490518,0.04463951955659498,0.014879839852198328,0.031510249098772924,0.008279706457013439,0.008241142071986767,0.08927903911318995,0.01373523678664461,0.31428450600317986,0.03571161564527598,0.005212526519104205
382,0.004615735959227306,0.016001217991988,0.01043557695129652,0.010000761244992497,0.26204234408425586,0.004363968543269453,0.008889565551104444,0.01714416213427285,0.009600730795192799,0.1406468867899993,0.08002929865680493,0.010909921358173634,0.009739766476864628,0.006632683603477751,0.0015699734017254308,0.0032892679767317703,0.005106771699570636,0.009403866040290755,0.005854104143410242,0.37850560812170286,0.005217788475648259
383,0.011206985749074616,0.01822419655607327,0.019464764722076963,0.014224251143056244,0.023606204024646527,0.0052125473071423884,0.02311440810746639,0.04437966356633547,0.023606204024646527,0.014756048142144162,0.022189831783167736,0.02175473704232131,0.014408981677381649,0.030844885463882383,0.0027380961196284445,0.00978269438861242,0.010771763001537737,0.006526421112696393,0.6531490455371222,0.02054614053997013,0.009492129991017102
384,0.08298079888684998,0.03340785409730325,0.09005595452316528,0.05937227529356235,0.03340785409730324,0.03489591926611109,0.017926165613187106,0.04153408887772835,0.06328556946999486,0.05028398657944613,0.04213000497547537,0.11519110369144932,0.0018372204084589755,0.046945381332587854,0.0549648728462041,0.08046622922361213,0.06505247783135872,0.04504429765928526,0.00899442225696626,0.03118066382414969,0.0010428592458006207
385,0.043285929162353416,0.02322599052832204,0.008444054405678471,0.15895178643961932,0.010846022984595466,0.010086040919902187,0.10451695737744918,0.025727251046756727,0.02789452061302568,0.046751671257009526,0.10674072242803322,0.10451695737744918,0.0040470235017147265,0.07088207145511143,0.019779553224119412,0.05797207235869181,0.0711604816186888,0.05117396617007062,0.0199079918814189,0.03096798737109606,0.0031209478788938364
386,0.01595931011585833,0.038900818407404676,0.034578505251026376,0.0270614388921076,0.034578505251026376,0.010038920879330237,0.019450409203702338,0.15369659779735317,0.0270614388921076,0.3647483132526293,0.05066077868809841,0.038900818407404676,0.0021717000379597234,0.010747925703042218,0.005190665901256006,0.011526168417008794,0.01595931011585833,0.06894156273027371,0.01054937448336398,0.041494206301231656,0.017783231271956423
387,0.07035687366079807,0.04901511059114055,0.021972290954649216,0.0044414985424192244,0.03982477735530169,0.37284980765834824,0.06371964376848271,0.04247976251232181,0.01722152534283317,0.008974597713870804,0.021239881256160907,0.03185982188424135,0.01930898296014628,0.04551403126320194,0.0037704849899392453,0.07070865802910208,0.01820561250528078,0.005693758006923173,0.015235622568866352,0.053099703140402264,0.024507555295570273
388,0.07683117327825217,0.01209960696620371,0.008344556528416352,0.055474711430123815,0.011523435205908296,0.014405844989672284,0.08810105201166929,0.06899124806889981,0.14139723589656877,0.010760992642887733,0.03189865676284578,0.04802165043486309,0.0031427550561568085,0.09826231049749162,0.11480208445069043,0.07126295659784694,0.05806778206836786,0.03069286561373477,0.004839842786481484,0.040598290425440074,0.010480948287478866
389,0.06869389824426082,0.030296461319561447,0.033818566809671886,0.0819449888080511,0.006340981276813479,0.014289173152037545,0.08198748788901077,0.00865615257755953,0.15725633566497424,0.001111486134795002,0.01811708936232422,0.10957215646333685,0.0012273649177136645,0.05533947296128126,0.09633491176538984,0.07735949241431112,0.043021232637620074,0.017823298724016258,0.01803656896515833,0.07527358418926966,0.003499295722843214
390,0.01058560360054538,0.016777183065015317,0.034199642401761994,0.02571148834145076,0.024699741734605884,0.006685644379291818,0.017783814048916238,0.01975979338768471,0.522414876019348,0.005967722835206791,0.011864927789735758,0.018988299849428066,0.007665437090050103,0.01585585646068903,0.18084865556364377,0.006491798720939238,0.01012748689161682,0.022229767561145294,0.012180694554052218,0.021687578108434434,0.007473987596438633
391,0.04821025324041255,0.12320398050327651,0.016020087465333656,0.04779464760902968,0.0320401749306673,0.0015260333549805781,0.05597488537288283,0.04158134341985582,0.07337884132915728,0.002522558958938912,0.03261281836851437,0.030800995125819138,0.01289343982011033,0.09870491990003898,0.1315047414931331,0.06085074646808169,0.06026281655051567,0.09240298537745738,0.0009016148340060911,0.0320401749306673,0.004771940947120663
392,0.006218855626120538,0.029891275297691512,0.02158814327055498,0.02428666117937435,0.038858657886998965,0.008095553726458118,0.015238689367450571,0.025905771924665977,0.05978255059538301,0.005272464970813684,0.04571606810235172,0.06476442981166494,0.4559860415550177,0.03938242646826418,0.006877638564070612,0.04881369353208056,0.03157501573026653,0.010362308769866392,0.018073794366046027,0.02285803405117586,0.020451925203683663
393,0.01799202358724877,0.00722279331882715,0.030736373628216653,0.07376729670771996,0.04610456044232498,0.009515309987673436,0.00521808367480599,0.025436998864731025,0.03353058941259998,0.009874694072586536,0.06706117882519996,0.02950691868308799,0.009968553609151345,0.02950691868308799,0.4326077160514424,0.008207186134646768,0.01993710721830269,0.014186018597638456,0.02634546310989999,0.02950691868308799,0.07376729670771996
394,0.0004891629877421128,0.006018417777267341,0.0006370978819476245,0.004874310881729572,0.02723609931422069,0.0011334714702322438,0.01072348393980506,0.11950270785738618,0.26953913902475884,0.042163195709395196,0.1986077866498223,0.014622932645188718,0.021471112070251056,0.05792727110619816,0.06163689930511727,0.002872361769590641,0.03796913568305425,0.09433535881785954,0.005957491077669478,0.007659631385575043,0.014622932645188718
395,0.013233732421998746,0.24035817537293858,0.018647532049180054,0.01709357104508171,0.03942468148454111,0.005730409346806936,0.03418714209016343,0.016409828203278447,0.10256142627049028,0.04850158626136433,0.31126292721578863,0.02279142806010895,0.014146403623515902,0.0455828561202179,0.0009334970154894582,0.009501011382847062,0.013233732421998746,0.010005992806877102,0.00919640466773921,0.0034368389704897053,0.023760823169083657
396,0.005194660570405274,0.054071453579651194,0.06083038527710759,0.027035726789825593,0.04866430822168607,0.019393729963592135,0.03743408324745083,0.0038447154807888296,0.06083038527710759,0.014746760067177596,0.04055359018473839,0.02218002039708834,0.00936922231741194,0.03041519263855379,0.012166077055421517,0.07166570796327207,0.2850156247398465,0.0695204403166944,0.04055359018473839,0.054071453579651194,0.032442872147790715
397,0.018419767539420935,0.021226735997646184,0.040330798395527744,0.002806899092675923,0.028807713139662676,0.006611606294348811,0.06721799732587957,0.04579814315732589,0.23576956184958958,0.01753512973718598,0.03360899866293978,0.012363834455471576,0.09946674471287306,0.02525288698562951,0.22466280381889278,0.011861999528096395,0.01753512973718598,0.015541678861386413,0.025206748997204837,0.02372399905619279,0.02625082265486361
398,0.07936793625214672,0.0075032409346129205,0.09066405552822053,0.07231051499210961,0.050853501952624384,0.040765253416262526,0.03390233463508292,0.07628025292893657,0.027386884709921188,0.05427633381482025,0.023673181943463073,0.07226550277478203,0.008029500308309113,0.07636664313204157,0.021979055928676636,0.02966454280569756,0.08543388328040896,0.02902904818672402,0.058943831808723715,0.050853501952624384,0.01045099871381131
399,0.01084696109085432,0.036301229979295926,0.038301248916072915,0.3982202623604237,0.048401639972394564,0.011802772459578784,0.03821182103083782,0.055848046121993726,0.01180815424245499,0.012100409993098641,0.059704854901608824,0.08066939995399094,0.01861601537399791,0.027947865953137526,0.020668238891294724,0.011000372720998764,0.023420148373739305,0.009552955257709455,0.024200819986197282,0.04270732938740697,0.019669453032912756
400,0.0110222333543267,0.022676852234893772,0.03476242827133805,0.032279397680528184,0.2555789298140431,0.0067449487690655905,0.030127437835159643,0.032279397680528184,0.028244472970462165,0.012411717390640354,0.02259557837636973,0.02510619819596637,0.011587476090446016,0.03476242827133805,0.008861011127988129,0.0028555133822409655,0.011297789188184864,0.009059878425423062,0.37616466427949197,0.019689236989791418,0.011892409671773543
401,0.008969406965347166,0.10022664019915382,0.012386323904527036,0.016257050124691735,0.017210635185713283,0.006669559025514559,0.01734085346633785,0.1470902238178561,0.13106560641427809,0.05497452636428553,0.16264050250499054,0.009297466998236368,0.00788220612106266,0.06453988194642482,0.04322671162923337,0.004198518233807354,0.031771441992524865,0.11849185956984572,0.009633807481298806,0.02167606683292231,0.01445071122194821
402,0.05643332498357178,0.0219462930491668,0.011483610828341246,0.01020668164292998,0.04937915936062531,0.04489014487329573,0.03968498895338103,0.00544356354289599,0.19607255936677187,0.04206372834423637,0.03291943957375021,0.04676288255732828,0.00510334082146499,0.030861974600390814,0.25101072674984526,0.05438464913906672,0.027587862460173432,0.04444124342456278,0.014813747808187592,0.0043033962770837025,0.01020668164292998
403,0.017233292374749937,0.12063304662324954,0.024126609324649908,0.028094034291238967,0.12063304662324954,0.012063304662324954,0.12063304662324954,0.13872446022130003,0.1391151447728738,0.02010550777054159,0.022045684898541893,0.020199917777642018,0.014192123132147004,0.017267880791666766,0.004561670634696623,0.011488861583166622,0.01730260833052997,0.030158261655812386,0.02680734369405546,0.08042203108216638,0.014192123132147004
404,0.009730134102205207,0.03744658958024115,0.05110508476349571,0.0460881102526045,0.042587570636246415,0.005924482921834136,0.05110508476349571,0.14198248601859906,0.05110508476349571,0.1306570597192541,0.054539320900535225,0.05110508476349571,0.009463904585832537,0.042587570636246415,0.010646892659061607,0.011614791991703573,0.014195856878748808,0.14229285613135004,0.03194067797718481,0.03194067797718481,0.03194067797718481
405,0.010604953614884166,0.03941481565783642,0.06893219849674707,0.05169914887256031,0.031814860844652494,0.008995152711129625,0.008239948806771936,0.06893219849674707,0.10339829774512062,0.026942661366479218,0.10339829774512062,0.0165437276392193,0.01060921802978389,0.059084741568640346,0.22817151978806371,0.008124654373060562,0.017982312651325324,0.017982312651325324,0.041359319098048235,0.045954798997831385,0.031814860844652494
406,0.04454284812108768,0.12147490727852908,0.051966656141268955,0.033407136090815776,0.026204295721397052,0.056404251076873545,0.21825995579332966,0.006279273838985516,0.026204295721397052,0.008188842412936579,0.026204295721397052,0.013888688381578633,0.0059555217548629665,0.03275536965174632,0.0851977516449479,0.07398395095968151,0.05273087167275821,0.01417272440216426,0.011911043509725936,0.07388963527864315,0.01637768482587316
407,0.016891248223353826,0.030028885730406796,0.003015729842895786,0.017436127198300722,0.13512998578683055,0.009482806020128465,0.07971298376460888,0.0225216642978051,0.009327918231147888,0.01351299857868306,0.020789228582589324,0.31143196512564947,0.011500424322283456,0.031795290773371905,0.009161354968598686,0.004844780887050241,0.15283794300041248,0.0150144428652034,0.02456908832487829,0.06898357918363913,0.01201155429216272
408,0.3950884172138967,0.03255016697406909,0.019530100184441453,0.028719629821246227,0.020104514895748556,0.00865569213766695,0.02071374261986215,0.03255016697406909,0.042722094153465694,0.008994125084940144,0.11641246952331463,0.025316796535387077,0.010850055658023031,0.023570810567429344,0.008877318265655207,0.08119307427601623,0.03225530951373668,0.022301843385821044,0.029719717671976134,0.028481396102310458,0.011392558440924183
409,0.2817368477325694,0.09803282335010274,0.022280187125023346,0.05584560475286932,0.06127051459381421,0.012908519274391036,0.030635257296907113,0.032677607783367583,0.04456037425004669,0.021311483336978857,0.04901641167505137,0.035011722625036684,0.02044723966771617,0.04901641167505137,0.010003349321439054,0.08372468334236262,0.002901436098362435,0.004007863088404749,0.023341148416691132,0.030635257296907113,0.030635257296907113
410,0.008255793564154599,0.054488237523420364,0.024767380692463804,0.022703432301425155,0.022703432301425155,0.005922634513415257,0.019460084829792987,0.19068790939376704,0.03892016965958598,0.15821592398931708,0.13823486118345543,0.054488237523420364,0.011621290800211395,0.009740137115340256,0.003406750612665501,0.008012976106385346,0.008012976106385346,0.15597027371609745,0.013622059380855091,0.03892016965958598,0.011845269026830516
411,0.013386344500145862,0.023730337977531303,0.0474606759550626,0.00652869877663058,0.04015903350043758,0.30117501163103033,0.03729053110754918,0.06525842943821107,0.0870112392509481,0.014916212443019675,0.06525842943821107,0.03729053110754918,0.023730337977531303,0.07458106221509836,0.003293438457568788,0.01450187320849135,0.030709849147393442,0.025778609982542482,0.0290037464169827,0.04015903350043758,0.018776573967627514
412,0.28424569342900724,0.028891794756851014,0.0613950638583084,0.06164407246534319,0.03274403405776448,0.014033157453327639,0.03778157775895902,0.044650955533315204,0.05457339009627414,0.017541446816659548,0.07016578726663819,0.07016578726663819,0.013654380464327424,0.04911605108664672,0.014033157453327639,0.02239417539472509,0.005202964300036592,0.004636445320421884,0.03778157775895902,0.030697531929154205,0.044650955533315204
413,0.0076478616343776595,0.1934578711671036,0.028891921729871158,0.0173351530379227,0.0173351530379227,0.005778384345974231,0.013685647135202128,0.15075358440891543,0.023638845051712765,0.004207524332785454,0.003123107137276899,0.01625170597305253,0.008125852986526265,0.01625170597305253,0.004564163949148996,0.006047146408577683,0.033246268568817156,0.4156986753572525,0.010834470648701685,0.011305534589949585,0.011819422525856382
414,0.02466497920015989,0.022837943703851744,0.03627202823552924,0.04110829866693314,0.35611042642880375,0.00906800705888231,0.028028385454727144,0.03632732015401583,0.03853903000024982,0.0027289595354851935,0.030831224000199855,0.07707806000049965,0.010108598032852413,0.06166244800039971,0.008446910684986262,0.004079657714168024,0.021262913103586106,0.010673404600482468,0.02202230285728561,0.14273349056680185,0.015415612000099927
415,0.08896423554462789,0.012627897087334344,0.011884580076280248,0.2428654050165337,0.013890686796067775,0.0018854356065050291,0.02129208300105626,0.01736335849508472,0.0867108453854689,0.004630228932022591,0.01736335849508472,0.11710645650580945,0.007441439355036308,0.12264239808608407,0.0319381245015844,0.07452229050369691,0.07585304569126294,0.004737011603552338,0.010966331681106138,0.01736335849508472,0.017951429140716544
416,0.008563982759153875,0.019043395227309787,0.017149204817791194,0.59209729172318,0.019043395227309787,0.007980596604646069,0.025232498676185475,0.016821665784123647,0.09411176742377288,0.0058005744083185,0.01979019504014547,0.028036109640206083,0.008553389381757787,0.017707016614867,0.006428662083104578,0.0059023388716223325,0.010970651598341508,0.04830440292652786,0.015770311672615916,0.02147446695845572,0.01121808256056449
417,0.009208136048662153,0.015154842802927823,0.028110201109291893,0.6006257795278082,0.01610202047811081,0.029614535732267758,0.022900651346646487,0.023965797920909113,0.07811732774486987,0.006481316418862215,0.01944394925658664,0.02453641215712124,0.0075221117561977534,0.025763232764977297,0.005725162836661623,0.006361292040735136,0.009814564862848494,0.006325561091838016,0.008587744254992435,0.03122816092724521,0.024411198920439976
418,0.012361851374624533,0.01888616182234304,0.03777232364468608,0.0022360828926301394,0.033995091280217465,0.011145931567284413,0.020311579326803393,0.05472511281696378,0.3962949067553817,0.008393849698819126,0.0671592542257209,0.10101951162016978,0.008606352222839866,0.01662930447750024,0.04295527214442687,0.008829893839017522,0.01124537925783768,0.01152375975600592,0.01618813870486546,0.015811670362891845,0.10390857220897037
419,0.046960784480930794,0.06952942823150411,0.002613423569327408,0.029858426953496758,0.003058479247720123,0.019063619162424345,0.08822863052103741,0.10745457090323361,0.059100952940786426,0.08654712045599812,0.04862197778426861,0.08849199956736888,0.0017083397599878165,0.13140729259064174,0.02805261306196647,0.05411692732838115,0.04115906956621808,0.04460476152546988,0.006772346905665985,0.03992120281234686,0.0027280326312256343
420,0.014099502769972924,0.016519246851725868,0.03838197976270408,0.027635025429146934,0.17396885169749293,0.006719004866720208,0.028786484822028058,0.028786484822028058,0.027635025429146934,0.012471507741940717,0.028786484822028058,0.019739303877962095,0.015352791905081629,0.049348259694905236,0.0024335246068541193,0.011709756537774124,0.01919098988135204,0.01212062518822234,0.4032508843274877,0.017714759890478802,0.045349505074947095
421,0.07884121606936778,0.033214703000398846,0.1735468231770839,0.034646867283210404,0.012037126752457694,0.023333786441378304,0.05480425995065809,0.005471421251117135,0.06929670953672361,0.015268848543466928,0.046866539331405825,0.23256138641594798,0.01565835998590231,0.011125216207188093,0.036641480717258555,0.08795745424179693,0.035404144914344654,0.01860023368022335,0.0038829441136960315,0.007080662795563351,0.0037598155908102793
422,0.0013584681647495671,0.02352610177801632,0.026140113086684794,0.028231322133619577,0.021387365252742107,0.010379162549124847,0.018573238245802353,0.027145502051557288,0.02213727709022745,0.008303330039299877,0.004797533735411386,0.08658748096126727,0.004496277531314554,0.025206537619303193,0.007351906805630099,0.19732765973026895,0.41208498963595885,0.01102786020844515,0.01764457633351224,0.02352610177801632,0.022767195269048048
423,0.37261330952719685,0.05605689757632757,0.015218166390794862,0.03356879447927533,0.027730743265488314,0.006858140807593884,0.026575295629426298,0.021993348107111423,0.04252047300708208,0.010455854018134937,0.06378070951062312,0.03356879447927533,0.013578944175942928,0.035433727505901735,0.01063011825177052,0.12513836326691338,0.0026262155376201427,0.004272628335694856,0.031890354755311566,0.04555764965044508,0.01993147172206973
424,0.0561375212263558,0.012187387021128163,0.0020548602481808304,0.013888715646129087,0.05971819640352798,0.07138781002994954,0.06483689895240181,0.03753715202507474,0.25693879461013724,0.03260453557271737,0.00906523110710682,0.02208067766180867,0.0010878671902133808,0.03951279160534183,0.06890561123484,0.028919223439965135,0.08082161919274465,0.03219447673292386,0.032702821840027235,0.07583263035368633,0.001585177905739498
425,0.07316754035981737,0.02162327341889479,0.20134917966003804,0.27770333548780834,0.02162327341889479,0.0226131725237761,0.038988785850208485,0.016989714829131624,0.014444700341151402,0.006428540746157911,0.019821333967320227,0.013991529859284863,0.012197743979889368,0.1705759380946621,0.005531535060647504,0.016951646021829775,0.01160273207843135,0.006431098045112864,0.013991529859284863,0.020683131096334146,0.013290265301324032
426,0.5016514211111276,0.026130797827914533,0.023431492711706504,0.037492014274833896,0.024637609380605125,0.008059031105805416,0.025362244950622923,0.025362244950622923,0.04311581641605898,0.008982461753345621,0.03449265313284718,0.037492014274833896,0.011211293868429926,0.030797011725756416,0.008623163283211796,0.058193152273954926,0.005649364950604266,0.01719987621657177,0.020531341150504274,0.02694738526003686,0.024637609380605125
427,0.0341984763605148,0.03778266169731556,0.012804140651947937,0.005692621090063042,0.012491844538485791,0.0024873243747877954,0.012804140651947937,0.3511849965455613,0.01422682294660882,0.09366426016625136,0.004062460685308827,0.017660883657859224,0.005628193693163927,0.009849338963036875,0.003658325900556553,0.003658325900556553,0.0429348428378586,0.29996846649614706,0.012194419668521844,0.012804140651947937,0.01024331252155835
428,0.06069334580199321,0.015480489010224988,0.0005783144625282958,0.004195791229133768,0.02874947959041784,0.038510105377288086,0.2927775440837478,0.01733377217825628,0.029766190166343735,0.01640595302714061,0.021874604036187486,0.09563681660570045,0.0016869676075898655,0.06999873291579993,0.12321205538750497,0.02604320305313757,0.0332818585385809,0.014697767655775408,0.023831805449951626,0.0810494125935637,0.004195791229133768
