site,A,C,D,E,F,G,H,I,K,L,M,N,P,Q,R,S,T,V,W,Y,*
338,0.14950,0.00999,0.05393,0.10609,0.00459,0.13883,0.01027,0.00349,0.00526,0.00478,0.02794,0.12624,0.00163,0.09158,0.00195,0.11872,0.12283,0.00263,0.00108,0.01310,0.00558
339,0.00271,0.08315,0.01691,0.00889,0.01297,0.00197,0.03148,0.03612,0.02099,0.00455,0.01623,0.02816,0.01015,0.01667,0.00341,0.00588,0.01160,0.65131,0.00658,0.02219,0.00808
340,0.00099,0.00725,0.00467,0.00287,0.00496,0.00093,0.00685,0.42383,0.00512,0.06685,0.02636,0.00749,0.00286,0.00522,0.00108,0.00163,0.15068,0.26910,0.00254,0.00626,0.00246
341,0.02052,0.16238,0.00182,0.04355,0.00218,0.04946,0.00276,0.00485,0.00257,0.06748,0.09903,0.01365,0.00085,0.08166,0.00117,0.12647,0.30600,0.00804,0.00093,0.00239,0.00226
342,0.00410,0.00906,0.01389,0.00703,0.10857,0.00157,0.01787,0.36387,0.01329,0.02535,0.21001,0.02069,0.00555,0.01450,0.00204,0.00366,0.00364,0.02815,0.03244,0.10800,0.00672
343,0.21987,0.54650,0.00413,0.00480,0.02286,0.00089,0.00739,0.00874,0.00840,0.00224,0.00749,0.01197,0.00608,0.00597,0.00144,0.08711,0.01205,0.01942,0.00349,0.01432,0.00483
344,0.00865,0.01392,0.02167,0.01382,0.02394,0.00255,0.03700,0.04259,0.03283,0.01117,0.64093,0.02618,0.01152,0.01826,0.00322,0.00745,0.02305,0.01486,0.00824,0.02877,0.00938
345,0.00996,0.01713,0.01720,0.01200,0.02954,0.00371,0.02685,0.02025,0.01605,0.00560,0.01286,0.02649,0.01088,0.01783,0.00375,0.00786,0.70985,0.00666,0.01298,0.02323,0.00932
346,0.00446,0.01064,0.76023,0.00736,0.01857,0.01216,0.01765,0.02293,0.02051,0.00573,0.01624,0.01798,0.01007,0.01990,0.00324,0.00524,0.00849,0.00878,0.00673,0.01447,0.00863
347,0.07370,0.02301,0.00858,0.00804,0.01195,0.00170,0.01829,0.07761,0.01615,0.00345,0.01162,0.01335,0.00517,0.02122,0.00240,0.00893,0.66336,0.00303,0.00578,0.01563,0.00704
348,0.05201,0.02196,0.01733,0.01379,0.02454,0.00443,0.03134,0.00574,0.02046,0.00858,0.02030,0.02849,0.04138,0.08127,0.00652,0.00680,0.54267,0.00745,0.02646,0.02011,0.01835
349,0.00547,0.01592,0.01893,0.01245,0.01849,0.00428,0.01829,0.02939,0.01948,0.00326,0.01409,0.02457,0.72518,0.01878,0.00365,0.00937,0.01344,0.00676,0.00806,0.02136,0.00878
350,0.00444,0.00269,0.00789,0.00871,0.16371,0.00196,0.03824,0.01122,0.01342,0.02713,0.01275,0.02089,0.00671,0.01509,0.00265,0.00418,0.00698,0.00958,0.16583,0.46637,0.00955
351,0.00654,0.01130,0.01520,0.01318,0.01622,0.71329,0.03421,0.02442,0.02048,0.00535,0.01531,0.02730,0.01177,0.02092,0.00433,0.00309,0.01174,0.00681,0.00819,0.02047,0.00987
352,0.00418,0.01013,0.01367,0.00730,0.01423,0.00194,0.04062,0.08196,0.01194,0.29784,0.12924,0.03181,0.01282,0.29617,0.00253,0.00480,0.00705,0.00772,0.00754,0.01451,0.00199
353,0.01763,0.02107,0.02875,0.01867,0.01965,0.00470,0.02243,0.02417,0.02402,0.01060,0.02390,0.02742,0.01592,0.66063,0.00404,0.00822,0.01393,0.00860,0.01404,0.02446,0.00715
354,0.03951,0.01498,0.01931,0.01128,0.01722,0.00221,0.03144,0.10133,0.10424,0.02812,0.06355,0.05086,0.01101,0.04800,0.36047,0.02825,0.01874,0.00911,0.01170,0.02088,0.00779
355,0.00229,0.02286,0.01941,0.01585,0.03393,0.00387,0.02905,0.03196,0.02959,0.00680,0.01907,0.03688,0.01434,0.02443,0.00618,0.00842,0.01646,0.62361,0.01264,0.03043,0.01193
356,0.00817,0.01347,0.01618,0.01395,0.70953,0.00469,0.02959,0.01954,0.02202,0.01057,0.01772,0.02457,0.01176,0.02684,0.00553,0.00368,0.01417,0.00546,0.01170,0.01753,0.01332
357,0.00855,0.02187,0.02240,0.02664,0.02783,0.00581,0.03092,0.04022,0.38082,0.00709,0.01878,0.05940,0.01329,0.02446,0.22908,0.00784,0.01101,0.00708,0.01320,0.03049,0.01324
358,0.00953,0.02182,0.06620,0.45104,0.03429,0.02343,0.04021,0.03340,0.07793,0.01130,0.02921,0.04465,0.01383,0.02615,0.00781,0.01086,0.01728,0.00893,0.01869,0.02750,0.02595
359,0.02006,0.03053,0.09303,0.01954,0.04390,0.01560,0.04132,0.04358,0.38611,0.01915,0.04189,0.01471,0.03378,0.05500,0.00415,0.01652,0.02391,0.01658,0.02590,0.03377,0.02095
360,0.00225,0.05566,0.04621,0.02344,0.03913,0.00420,0.05016,0.06114,0.06400,0.00761,0.02191,0.09925,0.01716,0.03245,0.01344,0.01263,0.02951,0.26180,0.02674,0.10095,0.03035
361,0.00751,0.08739,0.34636,0.01869,0.04330,0.00268,0.02992,0.04561,0.06076,0.01928,0.05023,0.03175,0.01617,0.05916,0.01289,0.01369,0.01453,0.03457,0.04156,0.02634,0.03760
362,0.00180,0.02144,0.01923,0.02375,0.02916,0.00414,0.03604,0.02403,0.04362,0.01660,0.04034,0.02405,0.02013,0.03977,0.00884,0.08104,0.44445,0.01015,0.04131,0.04740,0.02270
363,0.00875,0.02796,0.03566,0.01442,0.05227,0.01590,0.04011,0.03701,0.00591,0.01247,0.01739,0.04401,0.01480,0.02159,0.51746,0.01070,0.01833,0.00967,0.03663,0.04142,0.01753
364,0.09042,0.02816,0.02369,0.00625,0.02460,0.00194,0.02305,0.07935,0.01956,0.01430,0.11076,0.04316,0.00600,0.01363,0.00328,0.00761,0.07481,0.38998,0.01037,0.02152,0.00756
365,0.05874,0.05734,0.03589,0.02437,0.03378,0.00730,0.01988,0.02481,0.04038,0.01986,0.02698,0.16495,0.28646,0.01839,0.00808,0.05681,0.02376,0.01175,0.02476,0.03852,0.01718
366,0.03176,0.04165,0.28463,0.03130,0.02969,0.02654,0.09066,0.02753,0.03215,0.01236,0.03258,0.15180,0.01527,0.03593,0.00767,0.01494,0.01880,0.01465,0.02480,0.05798,0.01733
367,0.01025,0.02535,0.02529,0.02996,0.04072,0.00729,0.01586,0.04499,0.04600,0.00407,0.09592,0.03601,0.46012,0.01852,0.00558,0.00378,0.01156,0.01297,0.03723,0.02921,0.03929
368,0.01879,0.07416,0.00642,0.00712,0.00673,0.15317,0.21368,0.00704,0.09582,0.00142,0.01660,0.08766,0.00160,0.12827,0.06033,0.09624,0.00310,0.00265,0.00617,0.00687,0.00617
369,0.05120,0.04279,0.04713,0.05545,0.03826,0.03681,0.04627,0.05843,0.07604,0.03784,0.04718,0.09147,0.07889,0.03607,0.06207,0.05253,0.02933,0.05493,0.02922,0.02526,0.00282
370,0.00820,0.01516,0.01754,0.04963,0.03335,0.47982,0.03191,0.03204,0.04591,0.01234,0.05128,0.03718,0.01427,0.03830,0.00697,0.00484,0.01699,0.00867,0.02650,0.03486,0.03423
371,0.01472,0.03456,0.04312,0.02756,0.08330,0.01146,0.02682,0.01474,0.04006,0.01169,0.03599,0.05613,0.01056,0.03847,0.00829,0.01255,0.41257,0.01381,0.02244,0.05526,0.02590
372,0.01890,0.01526,0.00624,0.00614,0.00808,0.00200,0.01412,0.09792,0.11571,0.04332,0.00791,0.00845,0.00501,0.34808,0.19613,0.00301,0.01645,0.06769,0.00576,0.00816,0.00567
373,0.09090,0.03422,0.02172,0.06829,0.07326,0.00387,0.06400,0.05069,0.06537,0.05836,0.05673,0.07332,0.00680,0.05709,0.06735,0.02258,0.08754,0.06572,0.01453,0.01695,0.00070
374,0.15657,0.32511,0.01754,0.01186,0.02135,0.00195,0.02230,0.01197,0.02056,0.00688,0.01654,0.03432,0.01237,0.02095,0.00427,0.02173,0.10129,0.13334,0.00966,0.03556,0.01386
375,0.01562,0.03128,0.05654,0.04341,0.04462,0.00734,0.03483,0.03292,0.03212,0.00870,0.35411,0.06148,0.01730,0.06872,0.00718,0.01260,0.08684,0.00343,0.02222,0.03769,0.02105
376,0.03422,0.04318,0.00092,0.12544,0.05881,0.04250,0.08033,0.01046,0.06711,0.04374,0.03285,0.05752,0.00171,0.10767,0.06682,0.05552,0.06228,0.02050,0.04150,0.04073,0.00619
377,0.03544,0.02996,0.00799,0.00637,0.03774,0.00200,0.02220,0.12954,0.06544,0.11844,0.21363,0.01760,0.00342,0.07816,0.04514,0.01815,0.02614,0.03221,0.00472,0.09945,0.00627
378,0.14447,0.17269,0.00820,0.00715,0.01149,0.00393,0.01323,0.01641,0.01159,0.00394,0.01061,0.01427,0.00443,0.01381,0.00278,0.00912,0.34480,0.17650,0.00824,0.01531,0.00703
379,0.29836,0.04129,0.02529,0.01733,0.05082,0.00966,0.02321,0.01689,0.02074,0.00791,0.02205,0.03021,0.00535,0.02009,0.00809,0.30028,0.00751,0.01150,0.02046,0.04826,0.01472
380,0.05631,0.04227,0.04635,0.12231,0.00375,0.06642,0.03333,0.03501,0.05150,0.04364,0.05869,0.10224,0.00080,0.08529,0.06084,0.06608,0.06062,0.03170,0.01757,0.01106,0.00421
381,0.01954,0.02624,0.04320,0.02006,0.16002,0.01711,0.03927,0.04939,0.02863,0.00778,0.02429,0.06291,0.01427,0.02614,0.00452,0.00865,0.05940,0.01096,0.33156,0.04284,0.00323
382,0.00361,0.01666,0.01035,0.00760,0.38912,0.00315,0.00828,0.01336,0.00853,0.12011,0.08413,0.01381,0.00809,0.00565,0.00146,0.00281,0.00409,0.01035,0.00671,0.27648,0.00562
383,0.01247,0.01769,0.02383,0.01573,0.02128,0.00493,0.02628,0.02789,0.02400,0.01111,0.02050,0.02276,0.01536,0.03244,0.00894,0.00837,0.01070,0.00789,0.64764,0.02268,0.01750
384,0.07315,0.04510,0.06874,0.04565,0.02792,0.07440,0.03610,0.03714,0.06021,0.04992,0.03820,0.09267,0.00149,0.07473,0.05075,0.07078,0.07205,0.04339,0.00967,0.02678,0.00116
385,0.05174,0.04571,0.01821,0.15560,0.00968,0.01281,0.09489,0.04261,0.02812,0.05006,0.06088,0.08614,0.00443,0.11812,0.01727,0.04100,0.05491,0.06220,0.01562,0.02342,0.00656
386,0.01464,0.03905,0.03899,0.02613,0.05792,0.00875,0.01740,0.11720,0.02464,0.35474,0.05419,0.03989,0.01263,0.01106,0.00533,0.01099,0.01527,0.06093,0.01837,0.05527,0.01659
387,0.05276,0.03724,0.02752,0.00519,0.03625,0.40793,0.05848,0.03969,0.03775,0.01121,0.02923,0.03878,0.01805,0.04514,0.00376,0.05367,0.01824,0.00747,0.01264,0.03940,0.01960
388,0.07629,0.01825,0.00713,0.04905,0.01223,0.01209,0.09773,0.04010,0.15493,0.03759,0.04344,0.03465,0.00362,0.06611,0.13648,0.06955,0.07172,0.03958,0.00420,0.01939,0.00587
389,0.03970,0.03313,0.03738,0.05546,0.01573,0.03571,0.07457,0.00771,0.15334,0.00397,0.02437,0.10715,0.00144,0.05069,0.09944,0.07019,0.06035,0.02497,0.02262,0.07888,0.00321
390,0.01060,0.01684,0.02627,0.02412,0.02164,0.00679,0.02058,0.01860,0.52754,0.00578,0.01192,0.02797,0.00787,0.02363,0.16684,0.00593,0.00981,0.03042,0.01104,0.01880,0.00702
391,0.05835,0.07534,0.01821,0.04603,0.04052,0.00133,0.07816,0.03007,0.07087,0.00910,0.03192,0.02192,0.01131,0.09610,0.12389,0.07761,0.07404,0.06931,0.00082,0.05921,0.00590
392,0.01449,0.03793,0.02121,0.02010,0.05441,0.00741,0.01900,0.02768,0.04411,0.01999,0.03290,0.04322,0.46758,0.03029,0.00653,0.03000,0.03303,0.00843,0.02519,0.03522,0.02127
393,0.01588,0.02227,0.02937,0.04661,0.05250,0.00772,0.00474,0.04271,0.05096,0.01193,0.05658,0.03742,0.01068,0.02714,0.44374,0.00878,0.01830,0.01468,0.02193,0.03672,0.03933
394,0.00052,0.02473,0.00069,0.00643,0.02459,0.00138,0.01083,0.13175,0.18594,0.06062,0.13853,0.01390,0.02394,0.12307,0.06470,0.00367,0.03696,0.11681,0.00846,0.01148,0.01099
395,0.01232,0.27023,0.02077,0.02898,0.06308,0.00917,0.04767,0.02155,0.05665,0.12311,0.18950,0.02510,0.01271,0.04138,0.00107,0.01096,0.01339,0.01224,0.01058,0.00373,0.02582
396,0.00357,0.04430,0.04069,0.04403,0.04207,0.03322,0.03058,0.00360,0.08815,0.01340,0.04295,0.03689,0.01201,0.03641,0.01298,0.10842,0.26388,0.04419,0.02583,0.04655,0.02629
397,0.03242,0.02869,0.04168,0.00829,0.02348,0.00630,0.04425,0.05414,0.21771,0.01132,0.02776,0.03473,0.07239,0.02960,0.25363,0.01056,0.02119,0.01180,0.01867,0.02300,0.02843
398,0.07533,0.00710,0.07321,0.07292,0.04552,0.03909,0.05605,0.05682,0.02417,0.04664,0.06269,0.04586,0.00700,0.11166,0.02407,0.06046,0.06361,0.03103,0.03834,0.04252,0.01592
399,0.01019,0.03958,0.04045,0.39267,0.04471,0.00477,0.05236,0.07693,0.03209,0.01054,0.05357,0.05403,0.01929,0.03874,0.01286,0.01114,0.02164,0.00967,0.01644,0.04312,0.01521
400,0.01205,0.01856,0.02927,0.02245,0.25212,0.00722,0.03317,0.02981,0.02032,0.00953,0.02382,0.02267,0.01028,0.02216,0.00664,0.00270,0.01297,0.00707,0.43096,0.01511,0.01112
401,0.01208,0.09926,0.01185,0.01578,0.01080,0.00512,0.02285,0.12305,0.09721,0.05932,0.25186,0.01169,0.00633,0.03248,0.04116,0.00393,0.03487,0.12363,0.00940,0.01714,0.01021
402,0.11392,0.02646,0.00948,0.01001,0.02441,0.04794,0.03895,0.02425,0.11971,0.03470,0.04250,0.04726,0.00412,0.10027,0.17146,0.06628,0.04270,0.04041,0.01543,0.00909,0.01065
403,0.01510,0.11531,0.08150,0.01802,0.12133,0.01119,0.07037,0.08850,0.16274,0.02261,0.01668,0.02153,0.01937,0.02607,0.00213,0.01744,0.01484,0.02877,0.04759,0.08713,0.01177
404,0.01009,0.05878,0.02862,0.02124,0.03619,0.00418,0.06316,0.18122,0.03567,0.14608,0.06824,0.04896,0.00853,0.03265,0.00799,0.01439,0.01120,0.13496,0.02481,0.03547,0.02759
405,0.01422,0.02191,0.06062,0.04476,0.06001,0.01297,0.00495,0.05374,0.07684,0.01752,0.06933,0.05648,0.01312,0.05248,0.28440,0.01102,0.02473,0.01846,0.03207,0.03502,0.03534
406,0.07986,0.08628,0.04241,0.03330,0.02162,0.05529,0.16917,0.00866,0.09095,0.00920,0.03482,0.02697,0.01129,0.04048,0.07218,0.07653,0.04800,0.02667,0.01161,0.04118,0.01352
407,0.02021,0.06290,0.00670,0.02094,0.09193,0.01165,0.04391,0.02655,0.01898,0.01161,0.01824,0.34882,0.01345,0.03515,0.01091,0.01493,0.11798,0.01539,0.02660,0.06426,0.01887
408,0.34995,0.02638,0.02002,0.01885,0.01719,0.00684,0.02024,0.02531,0.03092,0.00746,0.17640,0.02784,0.01161,0.08026,0.00703,0.07630,0.02480,0.00907,0.02245,0.02723,0.01387
409,0.29036,0.06014,0.02126,0.04121,0.04281,0.01165,0.03474,0.03623,0.04253,0.01662,0.05810,0.04668,0.01447,0.09948,0.00907,0.05398,0.00359,0.01418,0.04048,0.03084,0.03159
410,0.00838,0.03978,0.03297,0.02434,0.02549,0.00630,0.01941,0.14584,0.04233,0.18173,0.15580,0.03361,0.01266,0.00966,0.00336,0.01084,0.01221,0.17330,0.01371,0.03185,0.01644
411,0.01591,0.03620,0.04910,0.00591,0.03250,0.30092,0.05164,0.04103,0.10019,0.01033,0.04347,0.05772,0.01953,0.07496,0.00356,0.01469,0.02183,0.02450,0.02903,0.04666,0.02032
412,0.26752,0.02639,0.04801,0.03927,0.03211,0.01172,0.02579,0.04681,0.07867,0.01084,0.05531,0.08386,0.01712,0.09081,0.01055,0.01769,0.00486,0.00369,0.04336,0.04391,0.04170
413,0.00831,0.19902,0.02020,0.01422,0.01398,0.00793,0.01592,0.15868,0.02245,0.00431,0.00501,0.01474,0.00754,0.01402,0.00479,0.00640,0.03599,0.41605,0.00784,0.01248,0.01011
414,0.01610,0.02341,0.03224,0.03527,0.37824,0.00921,0.02970,0.03084,0.04745,0.00275,0.03229,0.05008,0.01248,0.04369,0.00972,0.00418,0.01942,0.01565,0.02048,0.16869,0.01810
415,0.06685,0.01271,0.01181,0.21592,0.01176,0.00229,0.01511,0.01496,0.08444,0.00381,0.01573,0.07686,0.00657,0.23309,0.04213,0.06652,0.06934,0.01537,0.01068,0.01337,0.01068
416,0.01549,0.01677,0.01816,0.59807,0.01721,0.01702,0.01916,0.02223,0.08065,0.00535,0.02307,0.02875,0.00770,0.01642,0.00592,0.00639,0.01062,0.04364,0.01497,0.02020,0.01222
417,0.00825,0.01293,0.03317,0.59703,0.01656,0.04102,0.01888,0.02358,0.07393,0.00572,0.02207,0.02596,0.00732,0.03164,0.00566,0.00714,0.01190,0.00644,0.01158,0.02225,0.01698
418,0.01259,0.01640,0.02747,0.00213,0.02468,0.00880,0.02032,0.04214,0.37812,0.00704,0.04159,0.11784,0.00752,0.01828,0.08349,0.00742,0.02143,0.00989,0.01597,0.02517,0.11167
419,0.04567,0.08832,0.00252,0.02892,0.00325,0.01970,0.09759,0.10871,0.04653,0.07211,0.08879,0.05615,0.00140,0.11928,0.02462,0.05295,0.03764,0.05347,0.00355,0.04619,0.00264
420,0.01651,0.02005,0.04761,0.02964,0.16199,0.00559,0.02341,0.03220,0.03328,0.00879,0.03123,0.03129,0.01340,0.03334,0.00265,0.00969,0.01640,0.01232,0.43527,0.01778,0.01755
421,0.06912,0.03312,0.12776,0.03300,0.01024,0.02581,0.06398,0.02359,0.09263,0.01995,0.03345,0.14691,0.01430,0.03194,0.04251,0.10173,0.07590,0.03936,0.00381,0.00624,0.00468
422,0.01285,0.03482,0.02709,0.02464,0.01794,0.00977,0.02240,0.02323,0.02215,0.00632,0.00496,0.08742,0.00382,0.02315,0.00636,0.19635,0.41190,0.01058,0.01590,0.01997,0.01838
423,0.35625,0.09863,0.01410,0.02776,0.03190,0.00918,0.03529,0.03246,0.04005,0.00903,0.03793,0.04676,0.01271,0.04204,0.00833,0.08314,0.01088,0.01394,0.02838,0.03718,0.02405
424,0.06226,0.01589,0.01045,0.02855,0.06163,0.07295,0.09856,0.02696,0.11410,0.02800,0.00690,0.02752,0.00146,0.07402,0.09119,0.06191,0.09101,0.04051,0.02322,0.06055,0.00237
425,0.04128,0.02272,0.17982,0.29076,0.02514,0.03242,0.03091,0.02196,0.04501,0.00672,0.01572,0.02171,0.01120,0.14941,0.00529,0.02831,0.01350,0.00646,0.01595,0.02157,0.01415
426,0.51608,0.02155,0.05354,0.02637,0.02454,0.00840,0.02957,0.02812,0.03300,0.00903,0.02712,0.03390,0.00938,0.03367,0.00810,0.02634,0.01383,0.01481,0.02487,0.03186,0.02593
427,0.03011,0.09258,0.01168,0.01269,0.01126,0.00222,0.01030,0.36227,0.01357,0.07312,0.00414,0.01399,0.00440,0.00802,0.00327,0.00316,0.04337,0.26777,0.01292,0.01146,0.00770
428,0.05825,0.01774,0.00060,0.00557,0.04489,0.03274,0.25517,0.01663,0.04611,0.01238,0.01785,0.10791,0.00210,0.04083,0.14970,0.03013,0.03520,0.02225,0.02732,0.07275,0.00387
429,0.03801,0.22211,0.22505,0.01311,0.00779,0.00075,0.03103,0.00985,0.00967,0.00255,0.00975,0.01217,0.00317,0.01058,0.00331,0.30857,0.00460,0.00472,0.00776,0.06894,0.00650
430,0.07173,0.04973,0.05648,0.06005,0.01374,0.05560,0.05246,0.03195,0.05306,0.03592,0.02025,0.06574,0.07951,0.06748,0.04471,0.06894,0.06294,0.04745,0.02121,0.03905,0.00201
431,0.04982,0.01795,0.01302,0.01366,0.01348,0.07545,0.02958,0.01697,0.24522,0.01347,0.01064,0.06236,0.00422,0.02596,0.33810,0.01879,0.00994,0.00737,0.00638,0.01690,0.01072
432,0.04860,0.03533,0.05696,0.02443,0.44399,0.01736,0.02915,0.03818,0.02161,0.05670,0.02317,0.03676,0.02458,0.02439,0.00735,0.00505,0.01553,0.03202,0.02157,0.02381,0.01348
433,0.01190,0.03097,0.03585,0.02566,0.04067,0.02037,0.03553,0.03465,0.01753,0.01674,0.02452,0.03312,0.01155,0.02641,0.00433,0.01102,0.01237,0.01293,0.55854,0.03213,0.00321
434,0.08270,0.05257,0.03736,0.04534,0.02896,0.07317,0.06639,0.03730,0.03912,0.06357,0.05419,0.09019,0.00164,0.06743,0.04694,0.06828,0.04822,0.04067,0.00903,0.04512,0.00181
435,0.00907,0.02025,0.02217,0.02590,0.01378,0.00881,0.01287,0.08660,0.02314,0.58831,0.03227,0.01659,0.00249,0.01397,0.00559,0.00788,0.00963,0.05158,0.01777,0.01814,0.01318
436,0.03684,0.03110,0.02282,0.01617,0.02537,0.00756,0.01762,0.21725,0.02171,0.00973,0.04376,0.02048,0.00602,0.01784,0.00679,0.00626,0.02150,0.41532,0.01570,0.02611,0.01404
437,0.12556,0.05024,0.18954,0.10818,0.00974,0.07020,0.05288,0.00615,0.02472,0.00334,0.01333,0.05483,0.00466,0.07464,0.01809,0.12515,0.04539,0.00538,0.00506,0.00864,0.00430
438,0.03341,0.04075,0.00415,0.00399,0.01268,0.01993,0.03084,0.01792,0.33080,0.02277,0.02946,0.07148,0.00119,0.03132,0.20811,0.03544,0.05359,0.03340,0.00822,0.00697,0.00357
439,0.00513,0.01662,0.01219,0.69467,0.01708,0.02912,0.00954,0.02088,0.06887,0.00412,0.01433,0.01314,0.00331,0.00903,0.00462,0.00416,0.00555,0.00914,0.03733,0.01350,0.00766
440,0.01104,0.02279,0.02263,0.02541,0.02033,0.04335,0.01353,0.01593,0.03192,0.00612,0.02549,0.01736,0.00548,0.02557,0.61710,0.01295,0.00856,0.01499,0.02562,0.01817,0.01568
441,0.05438,0.04786,0.11528,0.07665,0.02319,0.05443,0.05881,0.03066,0.01465,0.02615,0.06049,0.08271,0.00084,0.08086,0.02664,0.08040,0.08027,0.02549,0.01661,0.03987,0.00373
442,0.04920,0.07288,0.00650,0.00451,0.09140,0.00276,0.06818,0.03917,0.02100,0.04879,0.07812,0.13003,0.00061,0.06336,0.04740,0.02512,0.09001,0.04622,0.03753,0.07291,0.00430
443,0.00884,0.01871,0.01981,0.02989,0.03276,0.00917,0.60129,0.01938,0.02318,0.00560,0.02552,0.04758,0.00725,0.02319,0.05062,0.01063,0.00841,0.00968,0.02097,0.00704,0.02050
444,0.01263,0.04206,0.00555,0.00850,0.01517,0.00196,0.00427,0.12790,0.15547,0.09882,0.08191,0.00643,0.00701,0.08837,0.11339,0.01486,0.04936,0.14240,0.00606,0.01403,0.00386
445,0.07293,0.03064,0.02577,0.05484,0.00554,0.02603,0.10894,0.04598,0.09983,0.03126,0.05022,0.08415,0.00212,0.12641,0.08942,0.06734,0.01407,0.03595,0.00477,0.02026,0.00350
446,0.03147,0.01359,0.02401,0.00609,0.01380,0.37100,0.05142,0.01510,0.04411,0.00492,0.02341,0.11158,0.00614,0.11964,0.02819,0.06546,0.00767,0.01663,0.01530,0.01316,0.01731
447,0.10386,0.04877,0.01119,0.24660,0.01947,0.00076,0.04195,0.01338,0.05494,0.00344,0.03932,0.01838,0.00253,0.17730,0.02089,0.08934,0.04148,0.03037,0.01158,0.01912,0.00533
448,0.01633,0.47881,0.03811,0.03865,0.02785,0.00891,0.01830,0.03043,0.04024,0.00849,0.02821,0.04493,0.00967,0.03057,0.00858,0.00982,0.01546,0.01230,0.01146,0.10863,0.01424
449,0.02910,0.04588,0.00553,0.01197,0.04684,0.00350,0.12511,0.01808,0.00859,0.03812,0.06746,0.10032,0.00205,0.04172,0.04152,0.02716,0.06875,0.00710,0.27879,0.02781,0.00459
450,0.03060,0.02102,0.03161,0.02119,0.02437,0.08038,0.01799,0.02685,0.03670,0.00846,0.03746,0.00591,0.00791,0.02896,0.01394,0.46402,0.06115,0.01252,0.01867,0.02770,0.02259
