site,A,C,D,E,F,G,H,I,K,L,M,N,P,Q,R,S,T,V,W,Y,*
338,0.12688,0.01526,0.05397,0.11178,0.00396,0.14200,0.01611,0.00299,0.00538,0.00671,0.02475,0.12207,0.00220,0.10054,0.00147,0.12304,0.11892,0.00256,0.00165,0.01426,0.00351
339,0.04231,0.08293,0.01830,0.00774,0.01126,0.00323,0.02752,0.02609,0.01830,0.00499,0.01410,0.02472,0.00888,0.01452,0.00297,0.00512,0.01014,0.64491,0.00575,0.01921,0.00700
340,0.00252,0.01216,0.00616,0.00382,0.00647,0.00124,0.00915,0.31860,0.00673,0.03656,0.02174,0.00991,0.00363,0.00693,0.00144,0.00219,0.25365,0.28229,0.00330,0.00824,0.00327
341,0.02293,0.13551,0.00192,0.04781,0.00212,0.05983,0.00259,0.00358,0.00270,0.07444,0.09386,0.02103,0.00088,0.08934,0.00074,0.13467,0.29453,0.00523,0.00093,0.00248,0.00287
342,0.00355,0.00787,0.01202,0.00609,0.12821,0.00136,0.01552,0.35863,0.01516,0.01496,0.23385,0.01792,0.00482,0.01258,0.00177,0.00317,0.00300,0.01758,0.02200,0.11410,0.00583
343,0.21662,0.47324,0.00600,0.00421,0.04329,0.00110,0.02801,0.00761,0.00726,0.00219,0.00652,0.03266,0.00430,0.00519,0.00125,0.11470,0.01751,0.01011,0.00305,0.01092,0.00426
344,0.00799,0.01284,0.01972,0.01272,0.02190,0.00234,0.03359,0.05346,0.02292,0.00768,0.67415,0.02409,0.01056,0.01673,0.00540,0.00684,0.01543,0.00855,0.00759,0.02691,0.00858
345,0.00594,0.01528,0.01541,0.01081,0.02663,0.00334,0.02409,0.02368,0.01436,0.00501,0.01150,0.02386,0.01245,0.01606,0.00336,0.00837,0.73308,0.00597,0.01168,0.02072,0.00838
346,0.00431,0.00935,0.76226,0.00648,0.01634,0.00767,0.01555,0.02015,0.01808,0.00506,0.01425,0.03050,0.00888,0.01749,0.00286,0.00461,0.00748,0.00887,0.00592,0.02627,0.00762
347,0.03761,0.01866,0.00819,0.00767,0.01138,0.00162,0.01761,0.04133,0.01523,0.00330,0.01108,0.01507,0.02127,0.02035,0.00231,0.01043,0.72697,0.00290,0.00534,0.01493,0.00674
348,0.02700,0.02097,0.01646,0.01311,0.02343,0.00421,0.02989,0.00546,0.02970,0.00816,0.01933,0.02708,0.02690,0.07750,0.00618,0.00647,0.58945,0.00710,0.02507,0.01909,0.01742
349,0.00495,0.01447,0.01710,0.01128,0.01667,0.00387,0.01658,0.02656,0.01765,0.00295,0.01275,0.02225,0.74881,0.02332,0.00330,0.00614,0.01062,0.00612,0.00729,0.01936,0.00795
350,0.00419,0.00807,0.00747,0.00837,0.15914,0.00187,0.02152,0.01056,0.01288,0.01717,0.01192,0.01942,0.00635,0.01448,0.00254,0.00708,0.00654,0.00766,0.16019,0.50523,0.00735
351,0.00597,0.01030,0.01071,0.01201,0.01478,0.74250,0.03129,0.02224,0.01868,0.00489,0.01395,0.02498,0.01075,0.01903,0.00365,0.00282,0.01071,0.00567,0.00747,0.01864,0.00898
352,0.00486,0.01178,0.01589,0.00909,0.01653,0.00225,0.02621,0.09404,0.01225,0.20695,0.08429,0.03644,0.01795,0.40737,0.00285,0.00558,0.00819,0.00711,0.00875,0.01688,0.00473
353,0.01379,0.01809,0.02476,0.01603,0.01689,0.00403,0.01909,0.02073,0.02300,0.01207,0.02049,0.02358,0.01552,0.64194,0.00347,0.00706,0.01194,0.00737,0.01205,0.02099,0.06714
354,0.02357,0.01496,0.01927,0.01127,0.01717,0.00171,0.02890,0.12023,0.10161,0.01711,0.03952,0.03931,0.01111,0.03246,0.42107,0.01938,0.01600,0.00725,0.01028,0.02112,0.02671
355,0.00331,0.02033,0.01726,0.01410,0.02401,0.00358,0.02586,0.06761,0.02634,0.00605,0.01695,0.03274,0.01275,0.02173,0.00549,0.00748,0.01464,0.63085,0.01123,0.02708,0.01059
356,0.00735,0.01959,0.01462,0.01256,0.72928,0.00423,0.02666,0.02142,0.01981,0.00701,0.01606,0.02220,0.01062,0.02425,0.00499,0.00332,0.01277,0.00493,0.01057,0.01577,0.01200
357,0.00895,0.02241,0.02322,0.05634,0.02879,0.00826,0.03256,0.03219,0.45851,0.00740,0.01906,0.03719,0.01351,0.02555,0.13202,0.00810,0.01630,0.00749,0.01388,0.03217,0.01612
358,0.00882,0.02008,0.05114,0.47304,0.03140,0.01884,0.03756,0.03133,0.04816,0.01550,0.02735,0.04085,0.01280,0.02414,0.00722,0.01006,0.01586,0.01476,0.01720,0.02509,0.06881
359,0.01886,0.02882,0.08702,0.01388,0.04156,0.01406,0.03910,0.05705,0.41822,0.01816,0.03952,0.01393,0.03197,0.04340,0.00392,0.01569,0.02279,0.01570,0.02444,0.03205,0.01985
360,0.01128,0.05399,0.04441,0.01694,0.03770,0.00404,0.04797,0.05889,0.06125,0.00767,0.01469,0.09620,0.01661,0.03148,0.01293,0.01218,0.02852,0.29088,0.02579,0.09731,0.02926
361,0.01162,0.08292,0.36976,0.01545,0.04065,0.00179,0.02782,0.04250,0.05603,0.01796,0.04669,0.01834,0.01508,0.05638,0.01207,0.01270,0.01355,0.03605,0.03840,0.04909,0.03515
362,0.00171,0.02038,0.01823,0.02264,0.02775,0.00394,0.03409,0.01443,0.04126,0.01582,0.03810,0.02198,0.01437,0.03750,0.00842,0.07966,0.48410,0.00965,0.03904,0.04538,0.02156
363,0.00803,0.02565,0.03255,0.01319,0.04796,0.00906,0.03630,0.03398,0.03367,0.01146,0.01730,0.03990,0.01352,0.01975,0.54229,0.00886,0.01483,0.00891,0.02881,0.03788,0.01611
364,0.09956,0.03358,0.02083,0.00602,0.02119,0.00330,0.02008,0.12223,0.01696,0.00959,0.07710,0.03818,0.00518,0.01185,0.00285,0.00662,0.08737,0.38305,0.00899,0.01884,0.00660
365,0.04236,0.17368,0.02859,0.01927,0.02674,0.00543,0.01566,0.02037,0.03223,0.01793,0.02168,0.17425,0.25326,0.01445,0.00878,0.05807,0.01424,0.00934,0.01932,0.03066,0.01371
366,0.02401,0.06153,0.26295,0.01982,0.02448,0.01516,0.12273,0.02274,0.02786,0.01650,0.02682,0.13568,0.02643,0.02957,0.00633,0.01840,0.01550,0.00956,0.02056,0.09906,0.01433
367,0.02481,0.02701,0.02294,0.02716,0.03705,0.00656,0.01783,0.04067,0.04121,0.00368,0.08496,0.03270,0.47186,0.01675,0.00504,0.00678,0.02552,0.01176,0.03372,0.02624,0.03574
368,0.02399,0.08584,0.00584,0.00647,0.00614,0.12829,0.22648,0.00638,0.08314,0.00242,0.01792,0.10271,0.00146,0.13256,0.06119,0.08037,0.00282,0.00240,0.00559,0.00622,0.01178
369,0.04659,0.03912,0.05009,0.06426,0.04176,0.03387,0.03971,0.04994,0.06155,0.04634,0.04894,0.08694,0.09470,0.03861,0.05525,0.05323,0.03293,0.05097,0.02594,0.02885,0.01041
370,0.00773,0.01428,0.01090,0.04703,0.03121,0.51656,0.03023,0.02996,0.04329,0.01158,0.04773,0.03498,0.01342,0.03592,0.00656,0.00456,0.01607,0.00814,0.02480,0.03295,0.03209
371,0.01437,0.03961,0.03992,0.02558,0.07789,0.01059,0.02469,0.00979,0.03691,0.01078,0.03323,0.05494,0.00975,0.03562,0.00766,0.02366,0.43643,0.01282,0.02070,0.05113,0.02392
372,0.02761,0.01765,0.00551,0.00550,0.00736,0.00186,0.00779,0.07326,0.11630,0.05915,0.00815,0.00764,0.00525,0.32510,0.19757,0.00688,0.03434,0.07568,0.00515,0.00714,0.00510
373,0.08692,0.03001,0.02358,0.06613,0.06447,0.00522,0.04938,0.07423,0.05038,0.05035,0.06755,0.09582,0.00493,0.05300,0.05333,0.03036,0.08691,0.05939,0.01338,0.02973,0.00493
374,0.14177,0.38740,0.01490,0.00920,0.01696,0.00213,0.01830,0.01942,0.01696,0.01459,0.01347,0.02757,0.01025,0.01709,0.00358,0.02405,0.09166,0.12272,0.00814,0.02831,0.01151
375,0.02249,0.05076,0.05182,0.03963,0.04077,0.00838,0.03185,0.06342,0.02945,0.00702,0.36966,0.05593,0.01586,0.05806,0.00655,0.01826,0.04555,0.01053,0.02040,0.03430,0.01930
376,0.05587,0.04201,0.00323,0.09499,0.07540,0.04591,0.06742,0.00762,0.06278,0.04499,0.05406,0.05898,0.00155,0.07143,0.06320,0.05174,0.05731,0.02212,0.05516,0.05864,0.00557
377,0.04698,0.03332,0.00639,0.00560,0.02256,0.00161,0.03621,0.11604,0.09384,0.09393,0.20045,0.01833,0.00276,0.07461,0.04931,0.01610,0.03603,0.03333,0.00730,0.10025,0.00504
378,0.14802,0.22495,0.01632,0.00601,0.01269,0.00286,0.01128,0.01158,0.00972,0.00358,0.00894,0.01217,0.00374,0.01156,0.00235,0.01444,0.30670,0.16756,0.00687,0.01275,0.00591
379,0.31400,0.03735,0.02285,0.01560,0.03763,0.01745,0.02104,0.01532,0.01871,0.00716,0.02003,0.02741,0.00435,0.01829,0.00735,0.31009,0.00682,0.01036,0.01844,0.05649,0.01326
380,0.05020,0.04268,0.05351,0.12359,0.00530,0.06054,0.03459,0.03061,0.04885,0.05342,0.04346,0.10671,0.00067,0.09979,0.05437,0.06209,0.06663,0.03031,0.01693,0.01221,0.00352
381,0.01738,0.02281,0.03912,0.01812,0.19474,0.01202,0.03581,0.04465,0.02587,0.00911,0.02193,0.05770,0.01285,0.02351,0.00473,0.00779,0.05279,0.00983,0.34097,0.04580,0.00248
382,0.00411,0.02506,0.01016,0.00757,0.32875,0.00314,0.00821,0.01341,0.00847,0.13796,0.11735,0.01425,0.00540,0.00655,0.00247,0.00281,0.00745,0.01403,0.00682,0.27034,0.00571
383,0.01154,0.01632,0.02211,0.01457,0.01962,0.00455,0.02432,0.02546,0.02220,0.00951,0.01890,0.02103,0.01421,0.03004,0.00550,0.00831,0.00989,0.00731,0.68344,0.02099,0.01019
384,0.07309,0.04755,0.07436,0.04403,0.03225,0.07648,0.03830,0.04606,0.05881,0.04482,0.03573,0.08329,0.00128,0.07042,0.04918,0.06664,0.07174,0.04204,0.01520,0.02647,0.00226
385,0.06011,0.04979,0.01930,0.14038,0.01701,0.01086,0.11612,0.04212,0.02131,0.03832,0.06215,0.08648,0.00360,0.11643,0.01972,0.03686,0.05861,0.05987,0.01402,0.02250,0.00444
386,0.01207,0.03235,0.03183,0.02135,0.08671,0.00724,0.01428,0.11605,0.02031,0.32880,0.08041,0.03300,0.01007,0.01541,0.00849,0.00904,0.01263,0.06859,0.01509,0.06269,0.01361
387,0.07646,0.03256,0.02371,0.00961,0.03135,0.39966,0.05068,0.03455,0.03215,0.00967,0.02520,0.03341,0.01560,0.03918,0.01382,0.08430,0.01577,0.00960,0.01104,0.03460,0.01706
388,0.07146,0.02502,0.00711,0.03818,0.01145,0.01702,0.07458,0.03734,0.14970,0.04457,0.04711,0.03576,0.00311,0.07507,0.13017,0.06779,0.07397,0.04959,0.00361,0.03296,0.00444
389,0.04459,0.03383,0.05923,0.04167,0.02631,0.04195,0.07167,0.00893,0.14833,0.00584,0.02228,0.09029,0.00136,0.05827,0.09832,0.07489,0.05523,0.02614,0.02271,0.06538,0.00279
390,0.00932,0.01480,0.02287,0.02232,0.01887,0.00596,0.02679,0.01634,0.52264,0.01259,0.02525,0.02656,0.00688,0.02929,0.16649,0.00518,0.00861,0.02698,0.00969,0.01645,0.00612
391,0.06456,0.05769,0.01704,0.03256,0.03242,0.00448,0.06481,0.03684,0.12020,0.01523,0.02262,0.02890,0.01095,0.08324,0.11010,0.07012,0.10227,0.07075,0.00065,0.04993,0.00463
392,0.03700,0.03355,0.01878,0.01768,0.04907,0.00655,0.01692,0.02435,0.03887,0.02432,0.02897,0.03810,0.46820,0.03928,0.00578,0.01658,0.05571,0.00747,0.02229,0.03165,0.01889
393,0.01413,0.02634,0.02607,0.04095,0.04693,0.00669,0.04186,0.03829,0.04598,0.02140,0.04999,0.03351,0.00954,0.02420,0.44913,0.00874,0.01629,0.01314,0.01948,0.03305,0.03428
394,0.00047,0.01934,0.00078,0.00648,0.02689,0.00168,0.00977,0.10478,0.22658,0.07946,0.10894,0.01250,0.02887,0.10209,0.08247,0.00336,0.03664,0.12071,0.00779,0.01055,0.00984
395,0.01270,0.32401,0.02153,0.03033,0.03944,0.00664,0.04960,0.02231,0.05774,0.11395,0.15555,0.02596,0.01310,0.04267,0.00452,0.00802,0.01381,0.01268,0.00964,0.00386,0.03195
396,0.00259,0.03727,0.03368,0.03840,0.03555,0.07281,0.02573,0.01274,0.06786,0.01238,0.03673,0.02786,0.00879,0.03134,0.01345,0.16173,0.25188,0.04652,0.02128,0.03931,0.02210
397,0.04278,0.02574,0.03858,0.00512,0.02047,0.00568,0.03841,0.04936,0.21732,0.00967,0.02837,0.02872,0.11245,0.05137,0.22359,0.01925,0.01561,0.01258,0.01636,0.02025,0.01834
398,0.08276,0.00582,0.05354,0.06776,0.04165,0.04131,0.08575,0.05680,0.03687,0.05261,0.06404,0.04734,0.00770,0.07967,0.04199,0.04806,0.06280,0.03507,0.03705,0.03875,0.01266
399,0.00879,0.03415,0.05391,0.39480,0.03856,0.00433,0.04518,0.06639,0.02789,0.00909,0.03862,0.04659,0.01664,0.06931,0.00965,0.00961,0.01867,0.00835,0.01417,0.03719,0.04812
400,0.01004,0.02369,0.02464,0.01879,0.24365,0.00604,0.02821,0.02571,0.01724,0.00636,0.02010,0.01929,0.00871,0.01847,0.00556,0.00231,0.01111,0.01173,0.45215,0.03673,0.00946
401,0.02051,0.12157,0.00950,0.01240,0.00944,0.00406,0.01810,0.11049,0.07935,0.06124,0.25328,0.02174,0.00502,0.03031,0.04743,0.00760,0.04152,0.11751,0.00743,0.01345,0.00804
402,0.13033,0.02939,0.00552,0.01065,0.02950,0.05816,0.05009,0.02163,0.11746,0.04262,0.04328,0.04516,0.00347,0.06458,0.15702,0.06371,0.04178,0.05072,0.01453,0.01148,0.00892
403,0.01367,0.11000,0.08192,0.01097,0.11570,0.01017,0.06319,0.08760,0.16870,0.02068,0.02019,0.04100,0.01764,0.02817,0.00508,0.01599,0.02947,0.02633,0.04334,0.07950,0.01068
404,0.00554,0.05009,0.02608,0.01896,0.03479,0.00373,0.06195,0.14957,0.03276,0.16036,0.08226,0.04799,0.00818,0.03174,0.00754,0.01424,0.02602,0.15242,0.02295,0.03586,0.02697
405,0.01339,0.02434,0.05718,0.04216,0.05558,0.01223,0.00743,0.05071,0.07302,0.02178,0.06560,0.05340,0.01231,0.04938,0.31172,0.01237,0.02315,0.01737,0.03032,0.03312,0.03344
406,0.05067,0.06840,0.07717,0.02586,0.01798,0.03862,0.16128,0.01767,0.14819,0.00792,0.03097,0.03178,0.00911,0.03662,0.07484,0.07464,0.04226,0.02812,0.01007,0.03631,0.01150
407,0.01743,0.05566,0.01129,0.01825,0.07796,0.01075,0.05606,0.02298,0.01699,0.00993,0.01558,0.33989,0.01159,0.03058,0.00948,0.00883,0.18084,0.01331,0.02313,0.05302,0.01645
408,0.30454,0.02059,0.01574,0.01911,0.01320,0.00525,0.01539,0.01932,0.02429,0.00569,0.28577,0.02096,0.00963,0.05600,0.00547,0.10928,0.01331,0.00812,0.01713,0.02059,0.01064
409,0.31613,0.05643,0.02003,0.03876,0.04024,0.01571,0.03282,0.03424,0.04008,0.01564,0.05489,0.04411,0.01360,0.09402,0.00855,0.05014,0.01444,0.01292,0.03838,0.02907,0.02980
410,0.00854,0.04090,0.03344,0.02453,0.02587,0.00644,0.01973,0.12405,0.04265,0.21416,0.16975,0.03450,0.00692,0.00920,0.00557,0.01107,0.01216,0.14729,0.01384,0.03256,0.01683
411,0.01833,0.03366,0.04560,0.02004,0.03000,0.31899,0.04774,0.03765,0.09350,0.00949,0.03992,0.05355,0.01804,0.06915,0.00339,0.01355,0.02010,0.03393,0.02670,0.04341,0.02325
412,0.28831,0.02468,0.04496,0.03381,0.03017,0.02022,0.02411,0.04397,0.07429,0.01012,0.05182,0.07909,0.01603,0.08498,0.00987,0.02391,0.00455,0.01382,0.04087,0.04132,0.03909
413,0.00880,0.15023,0.02121,0.01498,0.01472,0.00840,0.01685,0.19567,0.02370,0.00456,0.01944,0.01555,0.00796,0.01478,0.00507,0.00676,0.03454,0.40467,0.00824,0.01322,0.01066
414,0.01530,0.02266,0.03094,0.03392,0.42205,0.00890,0.02878,0.03556,0.04600,0.01824,0.03112,0.04777,0.01214,0.04190,0.00944,0.01183,0.01869,0.01201,0.01970,0.11553,0.01752
415,0.10534,0.01041,0.01254,0.20055,0.00957,0.00172,0.01284,0.01243,0.10843,0.00316,0.01307,0.09255,0.00686,0.18033,0.04819,0.07680,0.06580,0.01046,0.00872,0.01110,0.00915
416,0.02880,0.01532,0.03300,0.62467,0.01573,0.00933,0.01750,0.02032,0.05960,0.00490,0.02111,0.02624,0.00704,0.01501,0.00540,0.00585,0.00972,0.02493,0.01372,0.01847,0.02337
417,0.00723,0.01134,0.05424,0.59579,0.01454,0.02162,0.01655,0.02070,0.04098,0.00501,0.01939,0.02280,0.00643,0.02537,0.00497,0.00627,0.01046,0.00565,0.01018,0.01949,0.08098
418,0.01225,0.01594,0.02636,0.01065,0.02374,0.01017,0.01927,0.06698,0.42239,0.00687,0.03802,0.06403,0.00728,0.04678,0.07627,0.00719,0.03102,0.00962,0.01548,0.02517,0.06452
419,0.05709,0.09603,0.00710,0.03260,0.00755,0.01379,0.09037,0.10261,0.04456,0.07807,0.05836,0.05161,0.00132,0.11252,0.02203,0.06576,0.04593,0.05650,0.00302,0.04406,0.00912
420,0.01494,0.03519,0.04350,0.02703,0.14983,0.01505,0.02128,0.02926,0.03024,0.01234,0.02849,0.02810,0.01221,0.03039,0.00504,0.00999,0.01496,0.01123,0.45127,0.01622,0.01340
421,0.08439,0.03894,0.10624,0.01896,0.01798,0.02577,0.06167,0.02507,0.10530,0.02157,0.03335,0.12313,0.01146,0.06031,0.04312,0.07473,0.07509,0.05607,0.00376,0.00701,0.00606
422,0.00775,0.03337,0.02383,0.02150,0.01561,0.00994,0.01983,0.02023,0.01946,0.00547,0.01054,0.11975,0.00333,0.02026,0.00554,0.19868,0.40840,0.00928,0.01389,0.01739,0.01595
423,0.38833,0.10642,0.02232,0.02624,0.03033,0.00751,0.03362,0.03098,0.03811,0.00856,0.03578,0.04457,0.01355,0.03990,0.00787,0.06220,0.00713,0.01173,0.02691,0.03511,0.02283
424,0.04820,0.01455,0.00779,0.01780,0.06907,0.05848,0.08879,0.02736,0.16041,0.02321,0.00919,0.02337,0.00167,0.04733,0.08891,0.07577,0.11328,0.04404,0.02052,0.05799,0.00228
425,0.04616,0.02606,0.14222,0.29091,0.02272,0.01683,0.02769,0.01964,0.02424,0.00664,0.01382,0.01771,0.00998,0.16937,0.00470,0.05187,0.01303,0.01989,0.01457,0.01916,0.04278
426,0.56478,0.02040,0.04072,0.02488,0.02333,0.00799,0.02818,0.02678,0.03120,0.00858,0.02567,0.03215,0.00888,0.03206,0.00769,0.01902,0.00924,0.00965,0.02372,0.03039,0.02468
427,0.02277,0.07811,0.00944,0.00971,0.00905,0.00191,0.00830,0.43804,0.01098,0.05976,0.02687,0.01133,0.00352,0.00644,0.00263,0.00255,0.03043,0.24232,0.01048,0.00919,0.00618
428,0.04394,0.01780,0.00056,0.00480,0.04976,0.03109,0.19301,0.01450,0.06845,0.01047,0.01406,0.10417,0.00180,0.05854,0.21660,0.02867,0.02839,0.01850,0.03362,0.05798,0.00328
429,0.04052,0.26081,0.23360,0.01366,0.00714,0.00068,0.03192,0.00897,0.00896,0.00235,0.00902,0.01277,0.00289,0.00831,0.00304,0.28901,0.00385,0.00373,0.00705,0.04583,0.00591
430,0.06922,0.03925,0.04493,0.04691,0.01977,0.05075,0.05186,0.03574,0.07055,0.03558,0.03091,0.06975,0.07653,0.06313,0.05239,0.06230,0.06207,0.04953,0.02881,0.03829,0.00171
431,0.03608,0.01488,0.01197,0.02144,0.01227,0.04239,0.03392,0.01454,0.25767,0.00988,0.02678,0.04869,0.00374,0.03647,0.35627,0.02348,0.01172,0.00709,0.00584,0.01494,0.00993
432,0.04454,0.03789,0.05126,0.02210,0.45474,0.01561,0.02595,0.03151,0.01961,0.02915,0.02051,0.03251,0.02200,0.02189,0.00663,0.00450,0.01410,0.07093,0.01949,0.04297,0.01211
433,0.01111,0.02657,0.03356,0.02387,0.03799,0.01569,0.03319,0.03225,0.01635,0.01248,0.02289,0.03095,0.01077,0.02462,0.00380,0.01029,0.01155,0.01206,0.59712,0.02991,0.00299
434,0.08233,0.05647,0.03281,0.03104,0.03134,0.06807,0.08330,0.03748,0.03338,0.06258,0.04926,0.09940,0.00108,0.06768,0.05034,0.06642,0.04812,0.04465,0.00723,0.04545,0.00158
435,0.00769,0.01774,0.01888,0.02204,0.01171,0.00749,0.01094,0.13222,0.01964,0.56495,0.02507,0.01408,0.00256,0.01188,0.00858,0.00669,0.00795,0.06824,0.01509,0.01536,0.01120
436,0.02067,0.05039,0.02030,0.01430,0.02254,0.00584,0.01572,0.23451,0.01921,0.00686,0.04701,0.01809,0.00534,0.01573,0.00603,0.00553,0.02300,0.41925,0.01390,0.02332,0.01245
437,0.11800,0.05386,0.16850,0.09870,0.00725,0.07242,0.04551,0.00491,0.02469,0.00246,0.01323,0.07833,0.00372,0.07679,0.01775,0.12472,0.05161,0.00476,0.00442,0.02498,0.00341
438,0.02803,0.03580,0.00431,0.00394,0.00907,0.01298,0.02862,0.01461,0.35959,0.01953,0.03054,0.06622,0.00117,0.02313,0.23690,0.03310,0.04720,0.02294,0.01023,0.00856,0.00353
439,0.00462,0.01506,0.01898,0.71623,0.01543,0.01559,0.00868,0.01911,0.06083,0.00373,0.01282,0.01191,0.00298,0.00815,0.00417,0.00374,0.00500,0.02011,0.03375,0.01214,0.00698
440,0.01022,0.02107,0.02094,0.02347,0.01870,0.02629,0.01249,0.02547,0.02476,0.00565,0.02374,0.01605,0.00504,0.02352,0.64986,0.00870,0.00785,0.01376,0.02366,0.01659,0.02215
441,0.05742,0.04488,0.09429,0.07333,0.02169,0.05688,0.05511,0.02371,0.01095,0.03454,0.04883,0.10441,0.00071,0.09946,0.02797,0.07509,0.07855,0.03191,0.01929,0.03764,0.00332
442,0.04403,0.06358,0.00505,0.00410,0.10900,0.00224,0.06941,0.03759,0.03067,0.03856,0.06960,0.11844,0.00059,0.05200,0.06610,0.01954,0.09868,0.05166,0.03624,0.07901,0.00392
443,0.00825,0.01747,0.02414,0.02804,0.03087,0.00856,0.64181,0.01803,0.02155,0.00524,0.02399,0.02958,0.00584,0.02088,0.02887,0.00988,0.00786,0.00906,0.01953,0.02141,0.01914
444,0.01227,0.03693,0.00454,0.00724,0.01482,0.00578,0.00710,0.11102,0.17999,0.09092,0.08543,0.00525,0.00367,0.07847,0.11991,0.01275,0.05499,0.12881,0.00688,0.03008,0.00315
445,0.07259,0.02391,0.02518,0.04485,0.00711,0.02351,0.10181,0.04393,0.09235,0.03081,0.05570,0.07896,0.00215,0.09615,0.10470,0.07141,0.04339,0.05190,0.00476,0.01822,0.00661
446,0.03578,0.01090,0.01968,0.00599,0.02253,0.33131,0.06790,0.01212,0.06617,0.00674,0.02637,0.08460,0.00491,0.12858,0.02932,0.07348,0.00620,0.01287,0.01251,0.02855,0.01349
447,0.10892,0.05758,0.01240,0.20949,0.02038,0.01246,0.04735,0.01674,0.03274,0.00697,0.05254,0.02490,0.00194,0.16153,0.01828,0.09003,0.05716,0.02925,0.01471,0.02038,0.00425
448,0.01597,0.53927,0.03720,0.03772,0.03002,0.00752,0.01778,0.02978,0.03927,0.00830,0.02755,0.04389,0.00943,0.02990,0.00517,0.00961,0.01510,0.01202,0.01338,0.05722,0.01391
449,0.03117,0.04898,0.00665,0.01277,0.04130,0.00375,0.15143,0.01499,0.00895,0.03397,0.05823,0.12039,0.00291,0.04080,0.08364,0.02478,0.06840,0.00668,0.22065,0.01475,0.00481
450,0.02335,0.02856,0.03165,0.01844,0.02132,0.12833,0.01562,0.02901,0.03217,0.00735,0.03288,0.01473,0.00690,0.02528,0.00886,0.45915,0.04537,0.01090,0.01628,0.02414,0.01970
