site,A,C,D,E,F,G,H,I,K,L,M,N,P,Q,R,S,T,V,W,Y,*
338,0.10427,0.02053,0.05401,0.11746,0.00332,0.14517,0.02195,0.00249,0.00550,0.00863,0.02155,0.11789,0.00278,0.10950,0.00099,0.12737,0.11501,0.00248,0.00223,0.01543,0.00144
339,0.08192,0.08270,0.01970,0.00658,0.00955,0.00449,0.02357,0.01607,0.01561,0.00543,0.01196,0.02127,0.00761,0.01237,0.00254,0.00436,0.00869,0.63851,0.00492,0.01623,0.00592
340,0.00404,0.01707,0.00766,0.00477,0.00799,0.00156,0.01146,0.21336,0.00834,0.00628,0.01712,0.01233,0.00440,0.00864,0.00180,0.00275,0.35662,0.29548,0.00406,0.01021,0.00407
341,0.02533,0.10865,0.00202,0.05206,0.00207,0.07021,0.00242,0.00231,0.00284,0.08141,0.08869,0.02842,0.00092,0.09701,0.00032,0.14288,0.28306,0.00242,0.00093,0.00258,0.00349
342,0.00301,0.00667,0.01014,0.00515,0.14785,0.00115,0.01318,0.35339,0.01703,0.00457,0.25769,0.01515,0.00408,0.01066,0.00150,0.00269,0.00236,0.00701,0.01156,0.12021,0.00494
343,0.21338,0.39997,0.00786,0.00363,0.06372,0.00131,0.04863,0.00647,0.00613,0.00215,0.00555,0.05335,0.00252,0.00441,0.00106,0.14228,0.02298,0.00080,0.00260,0.00752,0.00368
344,0.00733,0.01176,0.01777,0.01161,0.01986,0.00213,0.03017,0.06434,0.01301,0.00419,0.70737,0.02201,0.00961,0.01521,0.00758,0.00622,0.00782,0.00225,0.00693,0.02505,0.00777
345,0.00191,0.01343,0.01363,0.00963,0.02373,0.00296,0.02132,0.02711,0.01267,0.00442,0.01015,0.02123,0.01403,0.01429,0.00296,0.00888,0.75631,0.00529,0.01039,0.01822,0.00745
346,0.00416,0.00806,0.76429,0.00560,0.01411,0.00318,0.01345,0.01737,0.01566,0.00439,0.01226,0.04302,0.00770,0.01508,0.00247,0.00397,0.00647,0.00897,0.00511,0.03806,0.00660
347,0.00151,0.01431,0.00780,0.00731,0.01081,0.00155,0.01693,0.00505,0.01432,0.00316,0.01054,0.01680,0.03736,0.01949,0.00221,0.01193,0.79057,0.00276,0.00490,0.01423,0.00645
348,0.00199,0.01999,0.01559,0.01243,0.02232,0.00400,0.02843,0.00518,0.03894,0.00773,0.01837,0.02567,0.01242,0.07374,0.00585,0.00615,0.63623,0.00675,0.02367,0.01808,0.01649
349,0.00443,0.01303,0.01526,0.01011,0.01485,0.00347,0.01487,0.02374,0.01583,0.00264,0.01141,0.01992,0.77244,0.02786,0.00295,0.00291,0.00780,0.00548,0.00653,0.01735,0.00712
350,0.00394,0.01346,0.00704,0.00803,0.15457,0.00178,0.00481,0.00990,0.01234,0.00722,0.01108,0.01794,0.00600,0.01386,0.00242,0.00999,0.00611,0.00574,0.15455,0.54409,0.00514
351,0.00540,0.00930,0.00621,0.01083,0.01335,0.77171,0.02836,0.02005,0.01687,0.00442,0.01259,0.02266,0.00974,0.01713,0.00296,0.00256,0.00967,0.00452,0.00676,0.01680,0.00810
352,0.00554,0.01343,0.01812,0.01088,0.01882,0.00257,0.01180,0.10612,0.01255,0.11607,0.03934,0.04107,0.02307,0.51856,0.00317,0.00636,0.00933,0.00650,0.00997,0.01925,0.00747
353,0.00996,0.01510,0.02076,0.01338,0.01412,0.00337,0.01575,0.01728,0.02197,0.01354,0.01708,0.01974,0.01511,0.62326,0.00289,0.00590,0.00996,0.00615,0.01005,0.01751,0.12712
354,0.00764,0.01494,0.01923,0.01126,0.01712,0.00121,0.02635,0.13912,0.09899,0.00611,0.01548,0.02776,0.01120,0.01693,0.48167,0.01051,0.01325,0.00540,0.00886,0.02136,0.04562
355,0.00433,0.01781,0.01511,0.01235,0.01409,0.00329,0.02267,0.10325,0.02308,0.00530,0.01483,0.02861,0.01115,0.01903,0.00481,0.00655,0.01282,0.63809,0.00982,0.02373,0.00926
356,0.00653,0.02571,0.01305,0.01117,0.74904,0.00376,0.02373,0.02330,0.01760,0.00344,0.01440,0.01983,0.00948,0.02165,0.00445,0.00296,0.01137,0.00441,0.00944,0.01401,0.01067
357,0.00935,0.02294,0.02405,0.08604,0.02974,0.01071,0.03420,0.02415,0.53621,0.00770,0.01934,0.01499,0.01373,0.02664,0.03496,0.00836,0.02159,0.00789,0.01457,0.03386,0.01899
358,0.00811,0.01833,0.03608,0.49505,0.02851,0.01424,0.03491,0.02926,0.01839,0.01971,0.02549,0.03706,0.01177,0.02213,0.00664,0.00926,0.01444,0.02058,0.01571,0.02267,0.11166
359,0.01767,0.02711,0.08102,0.00822,0.03922,0.01251,0.03687,0.07051,0.45034,0.01718,0.03715,0.01315,0.03015,0.03179,0.00369,0.01485,0.02168,0.01481,0.02298,0.03032,0.01876
360,0.02031,0.05232,0.04261,0.01044,0.03626,0.00388,0.04578,0.05664,0.05850,0.00773,0.00748,0.09315,0.01605,0.03050,0.01242,0.01174,0.02753,0.31997,0.02484,0.09368,0.02817
361,0.01573,0.07845,0.39317,0.01222,0.03801,0.00089,0.02573,0.03940,0.05130,0.01664,0.04314,0.00492,0.01399,0.05359,0.01125,0.01170,0.01257,0.03753,0.03523,0.07184,0.03269
362,0.00162,0.01933,0.01722,0.02154,0.02633,0.00373,0.03215,0.00482,0.03890,0.01504,0.03586,0.01992,0.00861,0.03522,0.00799,0.07827,0.52375,0.00915,0.03677,0.04336,0.02041
363,0.00731,0.02335,0.02943,0.01196,0.04365,0.00223,0.03248,0.03095,0.06143,0.01044,0.01720,0.03578,0.01224,0.01791,0.56713,0.00702,0.01133,0.00815,0.02100,0.03434,0.01468
364,0.10870,0.03900,0.01798,0.00579,0.01777,0.00465,0.01712,0.16512,0.01435,0.00488,0.04345,0.03319,0.00436,0.01008,0.00242,0.00564,0.09993,0.37613,0.00762,0.01617,0.00563
365,0.02598,0.29002,0.02130,0.01416,0.01970,0.00356,0.01143,0.01593,0.02407,0.01599,0.01637,0.18355,0.22005,0.01052,0.00948,0.05933,0.00472,0.00693,0.01389,0.02279,0.01024
366,0.01626,0.08142,0.24127,0.00834,0.01928,0.00378,0.15481,0.01794,0.02357,0.02063,0.02105,0.11957,0.03758,0.02320,0.00499,0.02186,0.01220,0.00447,0.01632,0.14014,0.01133
367,0.03936,0.02868,0.02059,0.02435,0.03339,0.00583,0.01980,0.03636,0.03642,0.00329,0.07399,0.02939,0.48360,0.01497,0.00450,0.00978,0.03949,0.01055,0.03020,0.02328,0.03218
368,0.02919,0.09752,0.00526,0.00582,0.00554,0.10341,0.23928,0.00571,0.07046,0.00342,0.01924,0.11777,0.00131,0.13685,0.06205,0.06451,0.00255,0.00215,0.00500,0.00556,0.01740
369,0.04199,0.03544,0.05305,0.07307,0.04526,0.03093,0.03315,0.04144,0.04705,0.05484,0.05069,0.08241,0.11051,0.04115,0.04842,0.05394,0.03652,0.04701,0.02267,0.03245,0.01801
370,0.00726,0.01341,0.00425,0.04443,0.02906,0.55330,0.02855,0.02788,0.04067,0.01081,0.04418,0.03278,0.01257,0.03354,0.00615,0.00429,0.01516,0.00762,0.02311,0.03104,0.02995
371,0.01402,0.04467,0.03671,0.02360,0.07249,0.00971,0.02257,0.00485,0.03376,0.00988,0.03047,0.05374,0.00894,0.03277,0.00703,0.03477,0.46029,0.01184,0.01895,0.04700,0.02193
372,0.03632,0.02004,0.00478,0.00486,0.00664,0.00172,0.00146,0.04861,0.11689,0.07498,0.00840,0.00684,0.00550,0.30213,0.19900,0.01076,0.05223,0.08366,0.00455,0.00612,0.00454
373,0.08294,0.02581,0.02545,0.06397,0.05568,0.00656,0.03476,0.09778,0.03538,0.04234,0.07836,0.11831,0.00305,0.04892,0.03931,0.03815,0.08628,0.05307,0.01222,0.04251,0.00915
374,0.12697,0.44970,0.01227,0.00655,0.01257,0.00232,0.01429,0.02686,0.01336,0.02230,0.01040,0.02082,0.00813,0.01324,0.00290,0.02638,0.08204,0.11209,0.00662,0.02106,0.00916
375,0.02936,0.07025,0.04710,0.03585,0.03691,0.00942,0.02888,0.09391,0.02678,0.00534,0.38521,0.05037,0.01443,0.04740,0.00593,0.02393,0.00426,0.01764,0.01858,0.03090,0.01756
376,0.07753,0.04084,0.00553,0.06455,0.09200,0.04931,0.05451,0.00479,0.05845,0.04624,0.07527,0.06044,0.00139,0.03520,0.05958,0.04797,0.05234,0.02375,0.06882,0.07655,0.00495
377,0.05852,0.03668,0.00479,0.00483,0.00738,0.00122,0.05022,0.10254,0.12225,0.06942,0.18728,0.01906,0.00210,0.07106,0.05347,0.01405,0.04592,0.03446,0.00987,0.10106,0.00382
378,0.15157,0.27722,0.02444,0.00486,0.01390,0.00179,0.00933,0.00675,0.00785,0.00321,0.00727,0.01006,0.00304,0.00932,0.00192,0.01975,0.26861,0.15862,0.00550,0.01018,0.00480
379,0.32964,0.03341,0.02041,0.01388,0.02444,0.02524,0.01888,0.01375,0.01668,0.00640,0.01801,0.02462,0.00334,0.01650,0.00661,0.31990,0.00614,0.00922,0.01643,0.06471,0.01181
380,0.04409,0.04309,0.06067,0.12486,0.00685,0.05466,0.03585,0.02621,0.04620,0.06319,0.02824,0.11119,0.00053,0.11429,0.04790,0.05810,0.07265,0.02893,0.01629,0.01336,0.00283
381,0.01521,0.01939,0.03504,0.01618,0.22946,0.00694,0.03234,0.03991,0.02311,0.01044,0.01958,0.05250,0.01143,0.02088,0.00493,0.00693,0.04618,0.00870,0.35038,0.04876,0.00172
382,0.00460,0.03347,0.00996,0.00754,0.26837,0.00313,0.00814,0.01347,0.00841,0.15580,0.15058,0.01469,0.00270,0.00744,0.00347,0.00281,0.01080,0.01771,0.00692,0.26421,0.00580
383,0.01061,0.01495,0.02039,0.01340,0.01796,0.00416,0.02236,0.02302,0.02040,0.00792,0.01731,0.01930,0.01305,0.02763,0.00205,0.00824,0.00907,0.00674,0.71925,0.01930,0.00287
384,0.07303,0.05000,0.07998,0.04241,0.03658,0.07856,0.04050,0.05498,0.05740,0.03973,0.03325,0.07392,0.00108,0.06610,0.04760,0.06250,0.07143,0.04069,0.02073,0.02616,0.00336
385,0.06847,0.05386,0.02039,0.12515,0.02434,0.00890,0.13736,0.04163,0.01450,0.02658,0.06343,0.08682,0.00276,0.11475,0.02216,0.03272,0.06230,0.05754,0.01242,0.02158,0.00233
386,0.00949,0.02565,0.02466,0.01656,0.11549,0.00573,0.01116,0.11489,0.01597,0.30285,0.10663,0.02611,0.00750,0.01977,0.01164,0.00709,0.00999,0.07625,0.01180,0.07012,0.01064
387,0.10016,0.02789,0.01990,0.01404,0.02645,0.39139,0.04287,0.02941,0.02655,0.00814,0.02117,0.02803,0.01315,0.03322,0.02389,0.11494,0.01330,0.01174,0.00943,0.02979,0.01452
388,0.06663,0.03178,0.00709,0.02731,0.01066,0.02195,0.05144,0.03458,0.14448,0.05156,0.05078,0.03688,0.00259,0.08402,0.12386,0.06603,0.07622,0.05960,0.00301,0.04653,0.00300
389,0.04948,0.03453,0.08108,0.02789,0.03689,0.04820,0.06878,0.01016,0.14333,0.00771,0.02019,0.07342,0.00127,0.06584,0.09720,0.07958,0.05011,0.02730,0.02279,0.05187,0.00238
390,0.00803,0.01276,0.01947,0.02052,0.01610,0.00514,0.03299,0.01408,0.51775,0.01940,0.03858,0.02516,0.00589,0.03495,0.16614,0.00442,0.00741,0.02353,0.00834,0.01411,0.00523
391,0.07077,0.04005,0.01586,0.01909,0.02432,0.00763,0.05147,0.04361,0.16954,0.02137,0.01333,0.03588,0.01060,0.07037,0.09632,0.06263,0.13049,0.07219,0.00047,0.04065,0.00335
392,0.05951,0.02917,0.01634,0.01526,0.04373,0.00568,0.01483,0.02102,0.03363,0.02865,0.02503,0.03297,0.46883,0.04827,0.00502,0.00317,0.07840,0.00650,0.01939,0.02808,0.01650
393,0.01238,0.03042,0.02277,0.03529,0.04136,0.00567,0.07898,0.03387,0.04099,0.03087,0.04340,0.02960,0.00840,0.02127,0.45451,0.00870,0.01429,0.01161,0.01702,0.02938,0.02922
394,0.00042,0.01394,0.00087,0.00653,0.02920,0.00198,0.00872,0.07782,0.26721,0.09831,0.07934,0.01110,0.03379,0.08112,0.10024,0.00304,0.03633,0.12461,0.00711,0.00963,0.00869
395,0.01308,0.37779,0.02229,0.03168,0.01579,0.00411,0.05152,0.02307,0.05883,0.10479,0.12160,0.02681,0.01349,0.04395,0.00798,0.00508,0.01423,0.01313,0.00870,0.00399,0.03808
396,0.00160,0.03025,0.02667,0.03277,0.02903,0.11239,0.02088,0.02188,0.04758,0.01135,0.03051,0.01883,0.00558,0.02627,0.01392,0.21505,0.23988,0.04885,0.01673,0.03206,0.01792
397,0.05315,0.02279,0.03547,0.00194,0.01747,0.00507,0.03257,0.04457,0.21692,0.00802,0.02899,0.02271,0.15251,0.07315,0.19355,0.02794,0.01002,0.01337,0.01404,0.01750,0.00825
398,0.09019,0.00453,0.03386,0.06261,0.03779,0.04353,0.11546,0.05677,0.04958,0.05858,0.06539,0.04883,0.00840,0.04768,0.05990,0.03567,0.06199,0.03910,0.03576,0.03499,0.00939
399,0.00739,0.02872,0.06736,0.39693,0.03242,0.00388,0.03801,0.05586,0.02368,0.00764,0.02367,0.03914,0.01399,0.09987,0.00644,0.00808,0.01569,0.00702,0.01191,0.03127,0.08103
400,0.00802,0.02882,0.02001,0.01513,0.23517,0.00487,0.02325,0.02161,0.01417,0.00320,0.01639,0.01591,0.00714,0.01478,0.00449,0.00191,0.00924,0.01639,0.47334,0.05836,0.00781
401,0.02893,0.14389,0.00715,0.00903,0.00808,0.00300,0.01335,0.09794,0.06149,0.06317,0.25470,0.03180,0.00372,0.02814,0.05371,0.01127,0.04818,0.11140,0.00545,0.00976,0.00587
402,0.14673,0.03232,0.00156,0.01128,0.03459,0.06838,0.06123,0.01900,0.11521,0.05054,0.04405,0.04306,0.00283,0.02889,0.14259,0.06114,0.04086,0.06102,0.01363,0.01387,0.00719
403,0.01224,0.10468,0.08235,0.00393,0.11007,0.00914,0.05602,0.08670,0.17466,0.01875,0.02370,0.06046,0.01591,0.03028,0.00803,0.01454,0.04410,0.02389,0.03909,0.07187,0.00959
404,0.00099,0.04139,0.02353,0.01668,0.03339,0.00328,0.06073,0.11793,0.02986,0.17464,0.09629,0.04702,0.00784,0.03083,0.00710,0.01409,0.04084,0.16987,0.02110,0.03625,0.02634
405,0.01255,0.02677,0.05374,0.03957,0.05114,0.01149,0.00991,0.04768,0.06920,0.02605,0.06186,0.05032,0.01150,0.04628,0.33904,0.01373,0.02157,0.01627,0.02856,0.03122,0.03155
406,0.02149,0.05051,0.11192,0.01842,0.01435,0.02195,0.15340,0.02669,0.20543,0.00665,0.02712,0.03660,0.00692,0.03276,0.07750,0.07275,0.03651,0.02957,0.00852,0.03144,0.00949
407,0.01464,0.04842,0.01588,0.01556,0.06399,0.00985,0.06821,0.01941,0.01499,0.00825,0.01293,0.33095,0.00973,0.02601,0.00805,0.00273,0.24370,0.01123,0.01966,0.04178,0.01404
408,0.25913,0.01479,0.01145,0.01937,0.00920,0.00365,0.01054,0.01333,0.01766,0.00393,0.39513,0.01408,0.00764,0.03173,0.00391,0.14225,0.00183,0.00718,0.01181,0.01395,0.00740
409,0.34191,0.05272,0.01880,0.03631,0.03766,0.01976,0.03090,0.03225,0.03762,0.01466,0.05169,0.04154,0.01274,0.08856,0.00803,0.04631,0.02529,0.01166,0.03628,0.02731,0.02800
410,0.00869,0.04201,0.03390,0.02472,0.02626,0.00658,0.02005,0.10227,0.04297,0.24660,0.18371,0.03539,0.00117,0.00875,0.00778,0.01129,0.01211,0.12129,0.01397,0.03327,0.01722
411,0.02075,0.03112,0.04211,0.03416,0.02750,0.33707,0.04383,0.03426,0.08682,0.00865,0.03638,0.04939,0.01655,0.06335,0.00322,0.01241,0.01836,0.04337,0.02437,0.04016,0.02618
412,0.30911,0.02296,0.04192,0.02836,0.02822,0.02872,0.02244,0.04114,0.06991,0.00940,0.04833,0.07431,0.01495,0.07915,0.00918,0.03012,0.00424,0.02396,0.03838,0.03873,0.03648
413,0.00928,0.10143,0.02223,0.01575,0.01547,0.00888,0.01778,0.23266,0.02494,0.00481,0.03386,0.01637,0.00838,0.01554,0.00534,0.00712,0.03309,0.39329,0.00865,0.01395,0.01121
414,0.01449,0.02191,0.02963,0.03257,0.46586,0.00858,0.02787,0.04029,0.04455,0.03373,0.02994,0.04546,0.01179,0.04012,0.00917,0.01948,0.01796,0.00838,0.01893,0.06236,0.01695
415,0.14384,0.00812,0.01327,0.18518,0.00738,0.00115,0.01056,0.00990,0.13242,0.00251,0.01041,0.10824,0.00715,0.12757,0.05424,0.08707,0.06225,0.00555,0.00676,0.00882,0.00762
416,0.04211,0.01386,0.04783,0.65126,0.01424,0.00164,0.01584,0.01840,0.03855,0.00445,0.01915,0.02373,0.00637,0.01359,0.00489,0.00532,0.00881,0.00622,0.01247,0.01675,0.03451
417,0.00622,0.00974,0.07531,0.59456,0.01252,0.00222,0.01422,0.01782,0.00804,0.00431,0.01671,0.01963,0.00553,0.01911,0.00428,0.00540,0.00902,0.00487,0.00878,0.01672,0.14499
418,0.01192,0.01548,0.02525,0.01917,0.02280,0.01154,0.01822,0.09181,0.46667,0.00670,0.03444,0.01022,0.00703,0.07528,0.06905,0.00697,0.04060,0.00934,0.01499,0.02516,0.01736
419,0.06850,0.10374,0.01168,0.03629,0.01185,0.00788,0.08315,0.09651,0.04259,0.08403,0.02792,0.04707,0.00124,0.10576,0.01945,0.07856,0.05422,0.05952,0.00249,0.04193,0.01560
420,0.01337,0.05033,0.03939,0.02442,0.13768,0.02451,0.01915,0.02633,0.02721,0.01589,0.02575,0.02492,0.01102,0.02745,0.00744,0.01029,0.01352,0.01014,0.46726,0.01467,0.00925
421,0.09966,0.04477,0.08473,0.00493,0.02572,0.02572,0.05937,0.02656,0.11797,0.02319,0.03324,0.09936,0.00862,0.08868,0.04373,0.04772,0.07429,0.07279,0.00372,0.00779,0.00744
422,0.00265,0.03191,0.02056,0.01836,0.01328,0.01012,0.01725,0.01723,0.01678,0.00462,0.01612,0.15208,0.00284,0.01738,0.00472,0.20102,0.40489,0.00798,0.01189,0.01480,0.01353
423,0.42041,0.11421,0.03054,0.02471,0.02876,0.00585,0.03196,0.02949,0.03617,0.00810,0.03362,0.04237,0.01439,0.03775,0.00742,0.04126,0.00338,0.00951,0.02543,0.03303,0.02162
424,0.03415,0.01320,0.00513,0.00706,0.07652,0.04402,0.07903,0.02776,0.20671,0.01842,0.01148,0.01922,0.00189,0.02063,0.08663,0.08963,0.13554,0.04756,0.01781,0.05542,0.00219
425,0.05105,0.02940,0.10462,0.29107,0.02031,0.00125,0.02448,0.01732,0.00346,0.00655,0.01191,0.01371,0.00876,0.18934,0.00411,0.07543,0.01255,0.03333,0.01319,0.01675,0.07141
426,0.61348,0.01925,0.02789,0.02338,0.02212,0.00758,0.02680,0.02544,0.02940,0.00814,0.02421,0.03041,0.00839,0.03045,0.00728,0.01170,0.00465,0.00450,0.02256,0.02893,0.02343
427,0.01543,0.06363,0.00721,0.00673,0.00683,0.00160,0.00630,0.51380,0.00840,0.04640,0.04959,0.00868,0.00263,0.00486,0.00199,0.00194,0.01750,0.21688,0.00803,0.00692,0.00466
428,0.02962,0.01786,0.00051,0.00403,0.05463,0.02944,0.13084,0.01238,0.09079,0.00857,0.01027,0.10043,0.00151,0.07626,0.28351,0.02721,0.02157,0.01476,0.03992,0.04320,0.00269
429,0.04302,0.29951,0.24214,0.01422,0.00648,0.00062,0.03281,0.00809,0.00825,0.00214,0.00829,0.01336,0.00261,0.00605,0.00277,0.26944,0.00309,0.00274,0.00633,0.02272,0.00532
430,0.06670,0.02877,0.03339,0.03378,0.02581,0.04591,0.05126,0.03952,0.08803,0.03524,0.04157,0.07376,0.07356,0.05879,0.06008,0.05567,0.06121,0.05160,0.03641,0.03753,0.00142
431,0.02234,0.01181,0.01092,0.02922,0.01106,0.00934,0.03826,0.01212,0.27013,0.00629,0.04291,0.03502,0.00326,0.04697,0.37444,0.02817,0.01351,0.00680,0.00531,0.01297,0.00914
432,0.04047,0.04045,0.04557,0.01977,0.46549,0.01387,0.02275,0.02484,0.01760,0.00160,0.01785,0.02826,0.01943,0.01939,0.00591,0.00396,0.01267,0.10985,0.01741,0.06213,0.01074
433,0.01032,0.02216,0.03127,0.02207,0.03532,0.01102,0.03085,0.02986,0.01516,0.00821,0.02126,0.02877,0.00998,0.02282,0.00327,0.00957,0.01074,0.01118,0.63570,0.02769,0.00277
434,0.08197,0.06037,0.02826,0.01675,0.03372,0.06297,0.10020,0.03767,0.02763,0.06159,0.04432,0.10860,0.00051,0.06793,0.05375,0.06456,0.04802,0.04863,0.00543,0.04577,0.00135
435,0.00631,0.01522,0.01558,0.01818,0.00965,0.00617,0.00901,0.17785,0.01613,0.54159,0.01787,0.01157,0.00264,0.00978,0.01157,0.00550,0.00627,0.08489,0.01241,0.01258,0.00922
436,0.00450,0.06969,0.01777,0.01243,0.01972,0.00411,0.01383,0.25177,0.01672,0.00399,0.05026,0.01569,0.00465,0.01363,0.00526,0.00480,0.02451,0.42319,0.01211,0.02052,0.01085
437,0.11043,0.05748,0.14746,0.08923,0.00475,0.07464,0.03814,0.00366,0.02467,0.00157,0.01313,0.10184,0.00277,0.07893,0.01741,0.12429,0.05784,0.00414,0.00378,0.04131,0.00251
438,0.02266,0.03084,0.00447,0.00390,0.00546,0.00602,0.02641,0.01130,0.38838,0.01628,0.03162,0.06095,0.00116,0.01493,0.26569,0.03076,0.04080,0.01248,0.01224,0.01015,0.00349
439,0.00411,0.01351,0.02576,0.73778,0.01378,0.00205,0.00782,0.01733,0.05279,0.00334,0.01131,0.01067,0.00265,0.00727,0.00372,0.00332,0.00444,0.03108,0.03018,0.01078,0.00631
440,0.00940,0.01935,0.01924,0.02154,0.01707,0.00923,0.01146,0.03501,0.01760,0.00519,0.02198,0.01475,0.00461,0.02148,0.68263,0.00444,0.00715,0.01253,0.02171,0.01501,0.02861
441,0.06047,0.04190,0.07330,0.07000,0.02019,0.05932,0.05141,0.01675,0.00726,0.04292,0.03718,0.12610,0.00058,0.11806,0.02930,0.06977,0.07682,0.03834,0.02198,0.03541,0.00292
442,0.03887,0.05427,0.00360,0.00369,0.12659,0.00172,0.07064,0.03601,0.04034,0.02833,0.06109,0.10684,0.00056,0.04064,0.08480,0.01395,0.10734,0.05711,0.03496,0.08511,0.00354
443,0.00766,0.01623,0.02847,0.02618,0.02899,0.00795,0.68234,0.01668,0.01992,0.00489,0.02246,0.01158,0.00444,0.01856,0.00713,0.00912,0.00732,0.00845,0.01810,0.03577,0.01777
444,0.01191,0.03180,0.00353,0.00599,0.01447,0.00960,0.00994,0.09414,0.20452,0.08302,0.08896,0.00408,0.00032,0.06858,0.12642,0.01064,0.06062,0.11522,0.00769,0.04612,0.00244
445,0.07224,0.01718,0.02459,0.03486,0.00868,0.02098,0.09468,0.04188,0.08487,0.03037,0.06118,0.07376,0.00219,0.06590,0.11998,0.07547,0.07270,0.06785,0.00475,0.01618,0.00971
446,0.04010,0.00822,0.01534,0.00590,0.03126,0.29163,0.08437,0.00915,0.08823,0.00855,0.02933,0.05763,0.00368,0.13751,0.03045,0.08149,0.00473,0.00910,0.00973,0.04393,0.00966
447,0.11398,0.06640,0.01360,0.17238,0.02129,0.02415,0.05276,0.02010,0.01053,0.01051,0.06577,0.03141,0.00135,0.14575,0.01566,0.09072,0.07284,0.02813,0.01785,0.02164,0.00317
448,0.01562,0.59973,0.03629,0.03678,0.03219,0.00613,0.01727,0.02913,0.03830,0.00810,0.02689,0.04284,0.00919,0.02922,0.00177,0.00940,0.01473,0.01174,0.01530,0.00580,0.01358
449,0.03325,0.05208,0.00777,0.01358,0.03576,0.00400,0.17775,0.01191,0.00930,0.02982,0.04901,0.14047,0.00376,0.03987,0.12575,0.02239,0.06804,0.00627,0.16250,0.00170,0.00503
450,0.01610,0.03611,0.03169,0.01570,0.01828,0.17628,0.01326,0.03118,0.02764,0.00624,0.02830,0.02354,0.00588,0.02159,0.00378,0.45427,0.02960,0.00929,0.01389,0.02058,0.01681
