site,A,C,D,E,F,G,H,I,K,L,M,N,P,Q,R,S,T,V,W,Y,*
338,0.12688363016815418,0.015261323800530269,0.053973130063505965,0.11177724823966274,0.003955847281350445,0.14200063656443504,0.016110607626982684,0.0029860878834673268,0.005378595309112326,0.00670611326522045,0.024745384651645178,0.12206554095178089,0.0022042677009556848,0.10054043028763543,0.0014707879478639135,0.12304088934805235,0.11891650140476617,0.002555344989922106,0.0016548499492318092,0.014262082696059677,0.0035106998696653167
339,0.04231421845268399,0.08292828611654188,0.0183033215959923,0.0077352714265864755,0.011259451257136975,0.0032290330442442676,0.027524374878550282,0.02609397458370767,0.018296658300689144,0.004992114442378701,0.01409766884425769,0.024716003225855123,0.008881243964024661,0.014520676360007099,0.0029744541535815655,0.005119634059626111,0.010143066640913237,0.64490735411308,0.005750281899055804,0.019213303991133163,0.006999608649953957
340,0.002515585884928898,0.012160576500871581,0.006163450564762933,0.0038202030799297498,0.006472386863458864,0.0012418748281968314,0.009152243497106994,0.318596152514488,0.006727635042473902,0.036562630881434924,0.021741712708809677,0.009908391900127612,0.0036294392607971533,0.006932045909439465,0.001442307122987413,0.002191619232695807,0.2536482969537295,0.2822906372638478,0.003300214169719553,0.008235550398766986,0.0032670454214263466
341,0.022925716532972595,0.13551379571244052,0.0019189006673325038,0.04780562481797864,0.002121475497470706,0.05983370645740497,0.0025874198499711105,0.003578509608071883,0.002702471253138781,0.07444414563318963,0.0938582379723124,0.021030920450480495,0.0008830806441857856,0.08933686426620809,0.0007403464583957525,0.1346728207401471,0.29452833373739956,0.0052314903223081195,0.0009286070616099836,0.0024844091344464357,0.002873123182534869
342,0.0035518516022595412,0.007869722078310068,0.01201936404405385,0.006089110654549124,0.1282116403427418,0.0013586057350699872,0.01552117669127757,0.3586312525617152,0.015158680223941455,0.014961241231186586,0.23385213621271195,0.017919484757856916,0.004817012444027369,0.012580138684106406,0.001770548115091596,0.0031743953584003845,0.0029988562593214374,0.017578543298775822,0.02200042396283447,0.1141046739816184,0.005831141760150171
343,0.21662146623725456,0.47323673570346525,0.005995586075149488,0.00421371471987835,0.04328765519974052,0.0011023482465275648,0.028008621107106158,0.007605782818930922,0.007264294510197959,0.002194242673152739,0.006521396767995662,0.03265938689870049,0.004300221536204204,0.005192155235503007,0.0012475659440653003,0.11469600740016701,0.017514601996738537,0.010111260175604082,0.0030469674011719718,0.010922976112730784,0.004257013239715516
344,0.007986141611634683,0.012843762908798713,0.019719480315873245,0.012716118108335969,0.02189840007697443,0.0023408982377266384,0.03358640555316722,0.05346464791210865,0.022920881177218713,0.007680022987933477,0.6741506962799418,0.024093358098735803,0.010562966039469929,0.016733527888859467,0.0053996340182614665,0.006838207820919009,0.015434951709045333,0.008554773087466234,0.007588455235393689,0.026911262144389072,0.008575408787746408
345,0.00593930811964753,0.015282398794585192,0.015413608321459493,0.010812208927698233,0.026634933554834702,0.0033363914199632974,0.024086744165822408,0.02367806675692724,0.01436037930714669,0.005010556171748407,0.011504545043269676,0.023858550285703505,0.012453147726694355,0.01605737239824707,0.003356459183407728,0.008372880197942115,0.7330789027053558,0.005973507285579385,0.011684836290571139,0.020721484261542144,0.00838371908185377
346,0.004306118451994737,0.009349698257036874,0.7622607302619415,0.006477412208717892,0.016340595385468278,0.007673829944160791,0.01554695009630609,0.020148313628547437,0.018084971658386715,0.005062200986935242,0.014250811976522205,0.030500954003066388,0.008881509141922855,0.01749140096939027,0.0028574781395373137,0.004605290983840994,0.0074815133342133215,0.008873618806310171,0.005922299207051419,0.026265510245161997,0.007618792313487513
347,0.03760628613516472,0.018658041284072713,0.00819236631048653,0.007674167475654434,0.011382989907308577,0.0016233271915005634,0.017610968571659686,0.04132759983537391,0.01523362438008861,0.003303129476478423,0.0110800922826547,0.015073520906583359,0.021265920074362978,0.020354644226751397,0.0023059554876806907,0.010428807361761544,0.7269673242955713,0.0028983800507568244,0.005339201002737822,0.014932897155627955,0.006740756587723208
348,0.027002211568403392,0.020972945015042696,0.016459624719329068,0.013113547750477317,0.02342807483135179,0.004213898803228519,0.029885334804552282,0.00545972591426529,0.02970118498703508,0.00815582828094112,0.019332078338903342,0.027080651764073996,0.02690085572099128,0.07750425985160203,0.006183447404942452,0.006472821941037134,0.5894504654559668,0.00710165875076274,0.025065552300857958,0.01909330967021087,0.01742252212602474
349,0.0049526777425814685,0.014474272216132233,0.017095163804124902,0.011280613994913766,0.016668752208188222,0.003870922689676473,0.016580997743243866,0.02656409704672798,0.01765201111960676,0.0029516262833876677,0.012749711177485494,0.022246318761412597,0.7488090006467094,0.023320183374594333,0.0033028952526811353,0.006141881217021493,0.010621308445722928,0.00611782868678231,0.0072936863386300265,0.01935761892701085,0.007948432323366068
350,0.004188624289684635,0.008074266117244737,0.0074668086268589945,0.008368499386491403,0.15914151668489288,0.0018701799188992002,0.021522693649708022,0.010560700657959901,0.012880658043464166,0.01717498812447413,0.011915825854898492,0.01941511000052276,0.006353925221189175,0.014477200213578898,0.002536265529659263,0.007083380005603382,0.006542634196751641,0.0076633262407967626,0.16018656835339443,0.5052302933632496,0.007346535520677522
351,0.005970205296156419,0.010296462722829853,0.010707419558467606,0.012006803758156414,0.014784475586671654,0.7425025697691119,0.031287202006788875,0.022237106796951442,0.018676207759864918,0.0048857238466264675,0.013953676799955371,0.02498025488554288,0.010752645799406166,0.019025007558759164,0.0036481301301210553,0.002824421903193623,0.01070566136031132,0.00566725314372712,0.007471122815796938,0.018635954829095597,0.008981693672465344
352,0.004861762438909593,0.011777190415483418,0.015893652022378798,0.009087959109001403,0.016527571827849308,0.002252553883274128,0.026210186925709516,0.09404059682820408,0.01224770997900547,0.2069544729115196,0.08428917791229261,0.03643976747347381,0.017947604125553896,0.40736750677054484,0.0028515878054166124,0.005577624865409689,0.008189040363998838,0.007112726081056186,0.008753264012996776,0.01688459889622106,0.004733445351700317
353,0.013792323029146021,0.018087525517285825,0.024755611750134184,0.016025010394112537,0.01688743493303176,0.004034738388170682,0.01908644835552509,0.020726025777148608,0.022996367976839526,0.01207203300275213,0.020488193939630334,0.02357843622378866,0.015516272163763042,0.6419427389792802,0.003466313020251728,0.007055673096181943,0.011944559891622228,0.007373986807800037,0.012045424657270388,0.02098804161056357,0.06713684048570152
354,0.023574743150342595,0.014961193914141085,0.019269635160453772,0.011270298275343859,0.01716815084668973,0.0017073696723818056,0.02889532762981036,0.12022748471729887,0.1016141617099276,0.017110985564606416,0.03951501605458721,0.03930933509965162,0.011105460945837023,0.03246273721000335,0.42106640741932827,0.019382470731752043,0.015995495739454132,0.00725322072051549,0.0102806751786766,0.021121052460075524,0.0267087777991227
355,0.003313250307559372,0.020333946976792697,0.017262839938571296,0.014099500274271265,0.024012249896079026,0.003582503511341883,0.025859524283530975,0.06760867562856786,0.026339008195552616,0.006048692864781817,0.016949714683356487,0.0327435340485672,0.012748119374253823,0.021726734744196185,0.005493691989019962,0.007483043542356577,0.014640853294221054,0.630852834737107,0.011227634149858537,0.027079719762663948,0.010593927797350534
356,0.007352157624250938,0.019586470146023962,0.014617067877811212,0.012561590067664831,0.7292844988936268,0.0042275277946901635,0.026663438660304458,0.02142465246365186,0.019811950224134015,0.0070052684615203,0.01605988873061957,0.022198748106934396,0.0106193407096634,0.02424504702311635,0.004988631263844043,0.0033178535630384674,0.012770648040203248,0.004933765010950089,0.01056627649015089,0.015769776148109902,0.011995402699691092
357,0.008945804348256394,0.022405309809117025,0.02322107622297115,0.05634001740322461,0.028786668243986176,0.008257254471772854,0.03255632925424312,0.0321880596864662,0.4585119252864269,0.007395282264755194,0.019059271352877157,0.03719201106975501,0.01350929931467746,0.025551200360029377,0.13201995446622805,0.00809903435896905,0.01630000393462998,0.007486751711662872,0.013884374830070377,0.03217371352393104,0.016116658085949975
358,0.008818593261407487,0.02007659199497417,0.051135907117050065,0.4730409722857735,0.031400346491037595,0.018837454409205024,0.037562549197761634,0.031332925636947374,0.048156801273011356,0.015503193410894378,0.02734919790156903,0.04085355668610148,0.01279969153800061,0.024136728973208357,0.007224104019620155,0.010060837946684017,0.01585833384512864,0.014758065219605142,0.017201181224026373,0.025086447427476146,0.06880652014051739
359,0.018863845250852163,0.028823601640966933,0.08702384886613972,0.013881248919003407,0.041559508596331764,0.014058020218212857,0.03909645530547326,0.05704865571740555,0.4182241709537629,0.01816441987210363,0.039520574623668224,0.013928231837917643,0.03196620762414326,0.04339690159772716,0.003919715243613447,0.015689542722245226,0.022794793392174842,0.015695866146892928,0.024443661662643473,0.03204672344463246,0.019854006364089134
360,0.011275509382440888,0.05399101909883131,0.04440908161744873,0.01694120731992071,0.037699702472642406,0.004043219286533934,0.047969167568837325,0.05889036414027857,0.06125073334153497,0.007671330688098836,0.014694364865800003,0.09619678792478827,0.016605246652936122,0.03147502079950052,0.012932621407100971,0.012182963881329436,0.02852116273520275,0.29088431233552714,0.025792638488388402,0.09731135509402034,0.029262190898838334
361,0.01161853559747387,0.08291891039270043,0.3697630590327447,0.015454523867643259,0.040652916587507935,0.001785633807969117,0.02782395767609969,0.04250434365221443,0.056033876093558165,0.017958416480293803,0.046685747596519354,0.0183396605105119,0.015082362892666512,0.05637567892054548,0.012067922907124821,0.012696089600701501,0.013548673149377813,0.03605061623021621,0.0383985731547981,0.04909163151554491,0.03514887033378816
362,0.001711106845389934,0.02038203578432124,0.018226333094524295,0.022643018316104508,0.027746341470257705,0.003935544463689584,0.03409486983674673,0.014428736905787784,0.041256308729339046,0.01582007872111657,0.0380996141258732,0.021982853351796717,0.014372726098377685,0.037495398324385004,0.008415999374222445,0.07965719732568553,0.4841018587199288,0.009650097871670319,0.039040161428295715,0.045381543308508084,0.021558175903979144
363,0.008025551592409476,0.02565160426031011,0.03254630207198109,0.013190983703049797,0.04796124767516754,0.009064678534202642,0.0362961294281749,0.033981097441686696,0.033669949085567,0.011459205673727485,0.017296392747108456,0.03989706599268935,0.013518181183514154,0.019749581824791317,0.5422946963581362,0.008859809009788963,0.01482967271892196,0.008909904713421882,0.028814152609929717,0.03787663409281549,0.01610715928260583
364,0.09956221789731218,0.03358179859410939,0.020834226207323666,0.006022667794497314,0.02118731356989589,0.003296088676349915,0.0200832352582465,0.12223399545649799,0.016957538926540852,0.009593012855694258,0.07710172343125166,0.03817795094222288,0.005178824532137447,0.011854260712055609,0.002852198409649995,0.0066215383422418865,0.08737135664375728,0.3830548227874788,0.008994030510551317,0.01884435839720521,0.006596840054979952
365,0.04235929904531748,0.17367759786166426,0.02859398807112469,0.019267619386454837,0.026740666329954324,0.005430375505283,0.015656517493016293,0.020367738571559133,0.032227179535719054,0.01792738808901415,0.02167639417316683,0.1742481026482456,0.2532568070807283,0.014451937713491568,0.008780279940388215,0.05806836624123559,0.01424313256339156,0.009340379808131833,0.01932255483172899,0.030657400162018743,0.013706274948365625
366,0.02401144360448131,0.061533615602640486,0.2629484785703134,0.019816774852446956,0.024482110731264054,0.01516185759108276,0.12273287103091624,0.022735236322965074,0.02785671029464593,0.0164953325658548,0.026815524145697472,0.13568484165124087,0.026425859902152102,0.029565419778702293,0.006330412732087315,0.018396736811678516,0.015500078219701693,0.00956020733379827,0.0205611378042128,0.09905722269497864,0.014328127759139142
367,0.02480709771242015,0.027014542349584742,0.02294163090188069,0.027157697638891934,0.03705483221544102,0.006562037819274208,0.017832617333489956,0.040674746149045114,0.04121430572428708,0.003679603104291605,0.08495666513331707,0.032696001408109035,0.4718616196453537,0.0167450344644942,0.005042013175622786,0.006779034713222733,0.025522276111789078,0.011762096724102914,0.03371591931002791,0.026244754267475395,0.03573547409787867
368,0.02398841979586876,0.08583813731071004,0.005838720790623122,0.0064670520822295826,0.00613778394475555,0.12828901573573068,0.22648057449836534,0.006378010926449062,0.08313822407574475,0.0024210473191882283,0.01792083346875247,0.10271386374708101,0.0014556348923782257,0.13256000918059288,0.061190819762167746,0.08037135181320222,0.002824428911144204,0.0023985683890354915,0.005586539133734764,0.0062188918363118495,0.011782072385934128
369,0.04659450747581844,0.03911692806687067,0.05008926850002871,0.06426119175594298,0.0417591565905799,0.03387104810007852,0.039706376815427755,0.049937044133148624,0.06154639680923199,0.04633960698396556,0.04893533261827141,0.0869394103629117,0.09470082540298119,0.03861293291381982,0.05524742895897572,0.053234267232081765,0.03292681015159493,0.05097135795964827,0.025943806881154097,0.028852681590108148,0.010413620697359812
370,0.007727919246032323,0.014284375766869561,0.010898285774386944,0.04702739748086678,0.031208968261404877,0.5165564940503763,0.03023403959358521,0.02996320933967681,0.04328823179263069,0.011576317937895762,0.04773349305783154,0.034980043981970944,0.013420957740719545,0.035921743127569954,0.006559264632085236,0.004564185773359844,0.016074893598279596,0.008142212442690974,0.024801478154967044,0.03294906511634912,0.03208742313045093
371,0.014368335993100922,0.03961286397701081,0.039916256564577875,0.025582460142388696,0.07789196079131284,0.010588868986420759,0.024692898358768905,0.009791865113053452,0.036912349386517385,0.010782538736988936,0.033232438812272995,0.05493589164803706,0.009751572231220874,0.03562235133582436,0.0076578409348501365,0.02366175879050987,0.4364294615530461,0.012823960758021865,0.020695014972844483,0.05113329829671056,0.023916012616521046
372,0.027609256926105885,0.017648216586719435,0.005511285901125931,0.0054984299478328036,0.007359057984070287,0.001858790983002995,0.0077930465904449886,0.07326271596935591,0.11629970384307348,0.059149575447379255,0.008153145926286303,0.0076421928066446945,0.00525116429493172,0.3251023265300907,0.19756639075793747,0.006884658707718166,0.03433747821529266,0.07567746014008617,0.005154348005628861,0.007139027188617785,0.0051017272476543574
373,0.08692165612786905,0.030014230770752576,0.023583488842979314,0.06613177066205427,0.06446822468797657,0.005215047316807064,0.04938107394624167,0.07423308519116198,0.05037927543419032,0.0503515661953586,0.06754790676985656,0.09581557377443368,0.0049255431110794765,0.05300381060288851,0.05332685222447131,0.030363980057607695,0.08691078702867523,0.059392829695887696,0.01337634901837105,0.02973027854996795,0.0049266699913693875
374,0.14177016391843683,0.38740425519264293,0.014904124810320789,0.009204928620373644,0.016963550372448233,0.002134479786617111,0.018295294870381538,0.01941580268598744,0.01696051286333467,0.014590075260152999,0.013471279924440936,0.02757091781869032,0.010249011001252912,0.017090456878540796,0.0035825030345406753,0.02405305350333757,0.0916623826299016,0.122716802816605,0.00813990718821834,0.028308684602239453,0.011511812221536154
375,0.0224935486338716,0.050763991534318854,0.05182046819687484,0.039632018845859936,0.04076524984659711,0.008380324971179522,0.03185246642614791,0.06341647513011117,0.029447797169444723,0.007017690136993063,0.3696632098912147,0.055925474085351194,0.015862226443622895,0.05806289224651401,0.006551424838722157,0.01826394656779811,0.04554624327012125,0.010534764144918525,0.0203996779800269,0.03429533332100116,0.01930477631931041
376,0.055874465248139694,0.0420093652128267,0.003225662616868722,0.09499399243700168,0.07540168599580353,0.04590788646251915,0.06742082491464092,0.007623635215019742,0.06278047845397819,0.044990675281602555,0.05405802424296998,0.058982122211780126,0.001551393866928991,0.07143228045488191,0.06320200936017027,0.05174214506147334,0.057311913521155645,0.022123838952438444,0.05516195780582322,0.05863713179881782,0.0055685108851593204
377,0.046978372392757074,0.033317845456876834,0.0063885080342619945,0.005598780164478581,0.022559969423692986,0.0016106019802442873,0.0362104408397865,0.11604004654309191,0.0938431401828237,0.0939293153445687,0.20045278133419933,0.01832931089378256,0.002763448228602893,0.07460655018651867,0.04930666620063964,0.016102568373323595,0.03603306365719628,0.0333340388854527,0.007298446153925997,0.10025185425251054,0.005044251471265187
378,0.14802280165071538,0.22495469888446426,0.01632098835461139,0.0060074814516349745,0.012693605253564269,0.002860168923644116,0.011280699679635848,0.01158139454311611,0.009716745391946682,0.003575589141776973,0.008942765463169002,0.012167120238488578,0.003735645074604389,0.011564730122142158,0.0023497690465218066,0.014435786134531262,0.30670453788529045,0.1675576162077441,0.006865659736632265,0.01274777809022823,0.005914418725537784
379,0.31399701516169176,0.03734992065870509,0.02284995281472108,0.015602355947794418,0.03763097377203778,0.017449649671328886,0.021043618232552713,0.015318492195594785,0.018705815547742585,0.007156673687165511,0.020031837461170435,0.02741144443300697,0.004347525471828801,0.018294271686880238,0.0073472748381668215,0.3100870200121749,0.006821575850978946,0.010363214423834654,0.01844461963290898,0.05648606836240358,0.013260680137311116
380,0.050202475188765444,0.042678837415870224,0.05350877587761257,0.1235863940915863,0.005303682705692932,0.06054214126146921,0.03459100731749993,0.030607077010892075,0.04885032826685381,0.053417758298794644,0.043463084301318435,0.10671392628030058,0.0006671966468442172,0.09979377983738402,0.054368590958747916,0.062094509767856625,0.06663288708562011,0.030313587266184727,0.016930558926843364,0.0122091238743502,0.0035242776195127377
381,0.01737601827487515,0.022812507742556023,0.039122697544024046,0.018116112642500348,0.19474282714907185,0.012023702048971012,0.035805348396258437,0.044647807548564435,0.02586931577322263,0.009109781598132827,0.021932403664228217,0.05770416679832354,0.012850230337722366,0.023506827934100045,0.004726136003631064,0.00779175666946091,0.05278865077878431,0.009828827385982813,0.3409698474718004,0.045798890316823715,0.0024761439209658085
382,0.004105123262186822,0.025063948542610435,0.010155800731195022,0.007572084735027861,0.3287470209190646,0.0031411710047934264,0.008212463531011899,0.01341276117975608,0.008468942734840374,0.13795539115008368,0.11735161502437995,0.014248058706494099,0.0053978931594285155,0.006545708120514286,0.0024657551622085574,0.0028114471530425373,0.00744588867685447,0.014033669073063975,0.006815311413746695,0.2703409719511373,0.005708973768559437
383,0.01154070218156632,0.016322332021958246,0.02211316155355182,0.014566503481631616,0.01961755476701571,0.0045464804769773165,0.02431722167311789,0.02545766934428267,0.022202346516149007,0.00951427315504392,0.018902256468150438,0.021031820291935944,0.014205557859616328,0.030035336173199104,0.005498742761430239,0.008307317352232895,0.00988553636780001,0.007313776885352026,0.6834442820029324,0.020989605195250418,0.01018752347080576
384,0.07308707134847066,0.04755358153281667,0.07436242939127603,0.04403244219482061,0.03225216043977447,0.07647921961688621,0.038296420029635916,0.046063260233673124,0.05880829789001881,0.04482444255720746,0.03572561652781264,0.0832928866828496,0.001281420186533309,0.07041619082333937,0.049178187696654996,0.06663998738411137,0.0717422771263587,0.042039644386558876,0.01519670066851538,0.0264692521485797,0.0022585111341060023
385,0.06010515235380937,0.04978725905420727,0.019303151062058353,0.14037505795173547,0.01700958110957845,0.010858163347765076,0.11612338606202195,0.0421177895464041,0.0213128816409346,0.03831852941571192,0.06215417148203683,0.08648126975579984,0.003596455945151339,0.11643138336237974,0.0197170783842843,0.036864822021408776,0.05860574956665779,0.05987292228731388,0.014021072102801834,0.022499232116362053,0.0044448914315770175
386,0.01206788268467387,0.03234805571750246,0.03182857107919979,0.02134831175345092,0.08670927589828381,0.007241336040811707,0.0142780460128622,0.11604564849458038,0.020307625849362767,0.3287952884804534,0.08041020814342298,0.03299767580623855,0.010066108939240807,0.015414261781935628,0.00848586420167335,0.009040047841519495,0.012630467634651192,0.0685933540773344,0.015086484101406608,0.06269181844061435,0.01361366702078126
387,0.07646380391479969,0.03256360783555052,0.023712330397671445,0.009611980194216978,0.03135304783766738,0.39965868286118034,0.050677555881353246,0.03455018640303262,0.032149542592300705,0.009674168533832362,0.02520107264981128,0.03340900694184407,0.01559647294331274,0.03918146532360677,0.013820982363501494,0.0843037194078356,0.01576942856169224,0.009603452980280787,0.011036918513527278,0.034599393177796575,0.017063180685185923
388,0.07146391058417347,0.025016193393237993,0.007107498695044658,0.03817710629266008,0.011445211235206929,0.017019144755888515,0.07458358515325299,0.03733952782988628,0.14970263829416228,0.04457449803707524,0.04710759906684255,0.035764005197775756,0.003105043618579263,0.07506718420356569,0.13016897453178686,0.06778875341949588,0.07397047567997417,0.04959093253645148,0.0036075967304056906,0.03296224314753586,0.004437877596998386
389,0.044591261776545384,0.033829249013277864,0.05922748948311054,0.04167462574203865,0.026310407871655603,0.0419519029048445,0.07167481989509378,0.008933383458122513,0.1483326333748606,0.005837246855006715,0.022279264481337577,0.0902863019068028,0.0013554314394102155,0.05826735152900253,0.09832028894611107,0.07488772577932355,0.055231165903492176,0.026136193539796456,0.022706452712149647,0.06537581869588373,0.002790984692134098
390,0.009317352229136842,0.014796557323619548,0.022867843010062217,0.022320397542634304,0.01887044906984743,0.005964913972107314,0.02678651186885188,0.016339875360559444,0.5226428223662238,0.01259220938929658,0.025246301769686164,0.0265623471361565,0.006879551383725801,0.029291375561199765,0.16649361847374625,0.00517687103054807,0.008611513953367867,0.026975178658088406,0.00968807210682155,0.01645482944411721,0.006121408350203015
391,0.06456155905588808,0.05769176560163828,0.0170352666539561,0.032559767141791,0.0324223550586109,0.00447911638253945,0.06481267594774638,0.03683910427013449,0.12020206371827913,0.015233018827318784,0.022623943950126502,0.02889993279375357,0.010954534604540501,0.08323789889212846,0.11010397744563631,0.07012162917912151,0.10226811744235738,0.07074811782663094,0.0006472346750888384,0.049929714775095224,0.004628205757618179
392,0.03700267773623303,0.03355193517133049,0.01877705174100776,0.01767773281675586,0.04907182882416115,0.006547572705206078,0.01691692551742361,0.02434859730021609,0.038868805328691636,0.024320175098493827,0.02896897822851674,0.03809716391525344,0.46820374781648466,0.03928316836156826,0.005775302336828128,0.01658155059541951,0.05571326496531742,0.007465906102286951,0.022292595217513214,0.03164929764790963,0.01888572257338249
393,0.014130028668936083,0.026343774477399218,0.026068873750441826,0.04095086274436252,0.046929139136570326,0.006692073035335777,0.04185991036507412,0.038290988285371606,0.04597814223581861,0.021402251422821126,0.049992631421701045,0.033510205150524046,0.009538461170295007,0.02420377297748259,0.44912556587913205,0.008743685861988844,0.016293464540751482,0.013144400469677483,0.019477159494714708,0.03304818349718598,0.03427642541441552
394,0.00046908086780113903,0.019336513890069972,0.0007819264987008811,0.0064806587961493784,0.02689404566089947,0.0016819060517016557,0.00977342402127376,0.10478247479389606,0.2265755314000332,0.07946474908261535,0.10893677508019116,0.012499428161852977,0.028865407833621747,0.10209499967620295,0.08247098908583335,0.0033550773030048588,0.0366444866983394,0.12071018389347866,0.007788454324707899,0.010553869814954724,0.009840017064671407
395,0.012703240736257013,0.3240114015804709,0.02152536091878243,0.030327239420124413,0.03943576188896153,0.006643713233207383,0.0495963528250132,0.022310427583368958,0.057736581570242855,0.11394889343125174,0.15555297206770027,0.02595614398324374,0.013102411642851359,0.04266575540791334,0.004522128796890878,0.008018991604027173,0.013808866617354386,0.012684257370146008,0.009638275974321693,0.0038573124048563753,0.03195391094301429
396,0.0025855483323674864,0.03727195745570508,0.0336788030382281,0.03840139322053137,0.03554950359578001,0.07280673732598637,0.025730419061701076,0.012737317588037755,0.06786081219164426,0.012378047424496498,0.03673124725737547,0.027859871112952017,0.008791988909900048,0.03134313409274462,0.013450996245761737,0.1617330483092744,0.2518820114879354,0.04652124157005966,0.02127814109395597,0.039305330966166105,0.022102449719396722
397,0.04278075364370381,0.025738948726116043,0.03857539160811624,0.005117003726354101,0.02047213373444622,0.005681989812509623,0.038410011637817626,0.04935807715452017,0.21731683835193014,0.009670438019746467,0.028374900504117343,0.028717875455822356,0.11244954039298331,0.051370852403462786,0.22358703593072113,0.019247641274239294,0.01560565377020495,0.012580858420713196,0.016355195446747822,0.020248367095863144,0.018340492889864213
398,0.08275834264308393,0.005819053597677309,0.05353616366515551,0.06776406709388465,0.041654803854351254,0.04130912014244891,0.08575497154287572,0.05679573548486164,0.036872300287155844,0.052609805455902846,0.06403757835271341,0.0473404710915799,0.007702966291325527,0.07966900492894295,0.04198615627369639,0.048061124104665086,0.06279858942621701,0.035067186119625594,0.03705208026515954,0.03875484769980913,0.012655631678867846
399,0.008790581556847952,0.03415355086355922,0.05390527042990789,0.39479730369132465,0.0385646440932103,0.004325184773763467,0.04518253374842302,0.06639300277059777,0.027887958172466962,0.00909321749205468,0.038621708764283384,0.04658642608375235,0.016642980570309537,0.06930592829326712,0.00964602649626787,0.009606091806357683,0.01866752387316437,0.00834565601131834,0.0141713426506081,0.037193029821052076,0.04812003803746313
400,0.010036490217963375,0.023689350536370935,0.024638669750692784,0.0187889894717029,0.24364682328878226,0.006044598097019617,0.028210578819089064,0.025710553885865888,0.017244559442393687,0.006363779243832728,0.020104933393883483,0.019290028978820595,0.008710972458793384,0.01846839886442073,0.005563568432135352,0.0023052729165264174,0.011105467417375057,0.011726902387333519,0.45215272796316297,0.036734883985702606,0.009462450448132681
401,0.020505048405771113,0.1215711611508628,0.009502648135561481,0.012401274561477778,0.009439528789999478,0.004056320117467437,0.018096639475106105,0.11049371751880503,0.07935219155491545,0.06124267301572259,0.25327686879009764,0.021742074773969732,0.0050239491126461274,0.030310314065331394,0.047433993198592504,0.007600451890571058,0.041522455675855885,0.11751467902724366,0.007425054376452485,0.01344724471819602,0.008041711645354296
402,0.13032563426258534,0.02939009149468988,0.00552000156124393,0.01064539286244944,0.029497968901697133,0.058164124122179695,0.05009149337949929,0.02162508425833567,0.11746129360042923,0.04262148349303957,0.043277024277274506,0.04516300409976445,0.0034728353929167123,0.06458231778918017,0.15702497475463087,0.06371000740186461,0.041776659127312786,0.05071757290787068,0.014529879482382243,0.01148145108790607,0.00892170574274771
403,0.013668408789333968,0.1099989224559767,0.08192489577636526,0.01097104638378178,0.11570167541233452,0.010166904639757954,0.0631947566509012,0.08760054760612673,0.16869882948767945,0.020676724810621414,0.02019101234515185,0.04099926318915269,0.017637477813205994,0.028173580537067738,0.005079542236207465,0.01599223220483992,0.02947259910643533,0.026332172513415252,0.043338333241967626,0.07949856123909248,0.010682513560584724
404,0.005541018167900644,0.050088140712074465,0.02607867428210227,0.01895765523018395,0.034787869665566205,0.0037280902078120105,0.06194646589232423,0.1495715479830658,0.03276161297724095,0.16036163677238827,0.08226450901911812,0.0479884500843037,0.008181806882626038,0.0317424665525698,0.0075433055630302745,0.014240234544003643,0.026022225225662898,0.15241576652687333,0.02295205306381748,0.03586144788021862,0.026965022767117344
405,0.013386179367942378,0.024342905744945856,0.0571785279528552,0.04216354406131048,0.05557719831363728,0.012228677364834219,0.007428262707797878,0.05070936678393306,0.07301846629647434,0.021781817331358356,0.0655972787900151,0.05339938496829119,0.012310695919201019,0.04938036008519817,0.31172146136797885,0.012373675998243377,0.02314990321282703,0.01736926271111094,0.030317565671701657,0.033121442970174164,0.033444022380169365
406,0.05067425134541318,0.06839748741552627,0.07716771571237181,0.025863117799217822,0.0179819551053363,0.03862232859699773,0.1612840978585115,0.017674891768497514,0.14819118715864646,0.007922837639075607,0.03097457880210595,0.031783213676920975,0.009108121070818544,0.03661868208781453,0.07484310118405237,0.07464408606026537,0.042257435476480504,0.02811676067856776,0.010065537822495725,0.036306152854326805,0.011502459886557273
407,0.017425097382085367,0.055659535299962114,0.011288655077365145,0.018254553919831284,0.07796252749866593,0.010750564040226644,0.056059388404711946,0.022979543426961818,0.016987005471903075,0.009930112210682088,0.015583786097357893,0.3398869367341893,0.011592927417197888,0.030579916626034667,0.009481505987765183,0.008829819401198038,0.1808395884505827,0.013306223179135677,0.023128596364932447,0.0530212756265881,0.016452441382622744
408,0.304541439869592,0.020587734816201603,0.015735252947093825,0.01910968895429632,0.013195374144383211,0.005246125519295164,0.015390237333642198,0.019317875461256153,0.02428810556968812,0.0056932770482594755,0.2857654521232095,0.020961269022995947,0.009628443293350013,0.055998054217893806,0.005473497396268077,0.10927557328471747,0.01331475387538137,0.008123238752470839,0.017130368992679026,0.020587912088665866,0.01063632528866011
409,0.31613358163099164,0.05642666403326022,0.020026272396945145,0.03876005220807129,0.04023902051348067,0.015708068751243715,0.032823281001332874,0.03423928068252848,0.04007830460324613,0.015638370272706054,0.05489286967746596,0.04411126579808424,0.01360150474373716,0.09402181084870405,0.008545991427815704,0.0501445456902945,0.014441030103146957,0.012918135206422175,0.038378307807699866,0.029073879082388805,0.02979776352043433
410,0.008537803103043322,0.04089677741391467,0.033435537370096115,0.024532706787026487,0.025871605692164738,0.006437958188901759,0.0197296029995063,0.1240546900248567,0.0426484207083673,0.21416289208834338,0.16975499723633417,0.03450005945731246,0.006915582021729938,0.009204976637438182,0.005568288859912424,0.011069139163138494,0.012158656158514483,0.14729154949005618,0.01383894097792851,0.032558930748453785,0.016830884872960576
411,0.018332766451598873,0.03366415506391687,0.04560234026967384,0.020036957059147455,0.02999906164128713,0.31899492593785866,0.047739032851916,0.03764529416894885,0.0935024169070277,0.009489983127095992,0.039924612642697775,0.053553103535936085,0.018037055597563943,0.06915037479738004,0.003392920327385592,0.013549146453421276,0.02009571728993294,0.033934940262817945,0.026697270819644046,0.04341018991192925,0.023247734882819785
412,0.2883123902356634,0.02467579008643962,0.0449626348126968,0.03381344509940292,0.03016734694297296,0.02022129441900959,0.024113609483161182,0.043972602017180645,0.07428924646268988,0.010121520364526626,0.05182334281506687,0.07908692139473146,0.016031262083494684,0.08498162504000868,0.00986520514657476,0.023905962317841933,0.004548787338611269,0.013823651908217884,0.04086711287211736,0.041323512675305256,0.03909273648428618
413,0.008796029397909461,0.15022522564666277,0.02121235389949711,0.014983933862555017,0.014722700187257949,0.008404052869103642,0.01684965860638835,0.19567293741117905,0.023695281673202822,0.00456029944793706,0.019436827710883096,0.015553808693638314,0.00795552200942559,0.01477654780759386,0.005066061355140248,0.006759892037569266,0.034541307773653156,0.40467210382754076,0.008240912698291762,0.013215662326829915,0.010658880757740963
414,0.015296462137416693,0.022659705210747814,0.030935710008778528,0.03392172391045951,0.42204970969101807,0.008898789796605562,0.02878105137042126,0.035564974782897364,0.045998312513795804,0.0182395880677393,0.031117282688712875,0.04777028717386648,0.012136081110955573,0.0419022617737477,0.009442884699920629,0.0118274742317808,0.018689785144889653,0.012013503570791987,0.01970477415888292,0.11552673925697472,0.01752289869959672
415,0.10534125628714597,0.010413222718281266,0.01253907180297978,0.2005499691178899,0.009571205442598008,0.0017156577903879114,0.012836817941189562,0.012432710867821203,0.10843127414077634,0.003158757433353299,0.013071395156954197,0.09254753895921652,0.006856902799120868,0.18032798006223935,0.048186498569601284,0.07679501604894128,0.06579679326263797,0.010458469643174173,0.008722136145563839,0.011097921263426893,0.009149404546700332
416,0.02879829727908162,0.015315178537646664,0.03299539608442587,0.624668563974519,0.01572768862928691,0.009327121859031765,0.017496003822176726,0.020316288532191598,0.059599430112520425,0.0049043841666419575,0.021108042350328624,0.02623858134315019,0.007035245455365372,0.015005113296074965,0.005402658767705738,0.005854094473881503,0.00971530310616213,0.02493277606060609,0.01371846156818491,0.01847448129872656,0.02336688928229133
417,0.00723452196712968,0.011335328244342933,0.054241569287952755,0.5957949951035347,0.014543034269540922,0.021616775293442886,0.01655204418574061,0.020701564894963508,0.04098183581303976,0.005013389602346215,0.019389891502386906,0.02279611283709466,0.006427296755263885,0.02537325043080042,0.00496792499235144,0.006269612459534253,0.010460344412074643,0.005650976683571477,0.01017987390243439,0.019488575359327503,0.0809810820031265
418,0.012253412323735504,0.015936024412232287,0.026363231691076155,0.010651697923160954,0.023739671624249753,0.010172412742347604,0.019271714753392025,0.06697878642669926,0.42239397665143597,0.006871344597083189,0.03801607312894473,0.06402848415494757,0.007277220108408374,0.046780969501861086,0.07627216129711854,0.007193491897377575,0.031015773328841423,0.009615449101776924,0.015479951103408824,0.025169841569162372,0.06451831166273984
419,0.05708648143208112,0.09602699010640692,0.007099339057767422,0.03260347277833726,0.007553872894969861,0.013790035902790258,0.09036738278311929,0.10261389371171949,0.04456193862542743,0.07807045610372317,0.05835762267739753,0.05161004171318476,0.0013210338472477452,0.11251828456415942,0.02203472073816798,0.06575617535145656,0.04593412772382178,0.056497065201739693,0.0030200237403893875,0.044058251199777715,0.009118789846315298
420,0.014938649468766524,0.035191076772811115,0.043502016104302314,0.02703294551851677,0.14983466172584853,0.01505034389318565,0.02128314592177105,0.02926459117074547,0.030243753220621755,0.012339860957128529,0.02849239559153875,0.0281037423576178,0.012210189724265748,0.030392573647448528,0.005044584746934922,0.009989987666687338,0.014963223010369843,0.011230581829625991,0.45126887029179946,0.01622494851722375,0.013397857862790125
421,0.08439387992801722,0.03894370737003361,0.10624449594729037,0.018963412208534845,0.017982156823071246,0.025766372414179565,0.06167394754081503,0.025071524420933623,0.10529795557214373,0.021569608811421292,0.033345624581386075,0.12313271577109663,0.011459400865348414,0.060308655962337566,0.04311633157253323,0.07472700317054674,0.07509396848383541,0.05607197167876388,0.0037614325741629566,0.007014097614633769,0.006061736688914881
422,0.00775084859881047,0.033368172354708944,0.023827372689957726,0.021500569222302864,0.01560900721668832,0.009944079442046607,0.01982685271240853,0.020227585634492545,0.01946292301713109,0.005467018222696378,0.010536620419138852,0.11975384806542055,0.003330361802451326,0.020260488913471115,0.005540950028631531,0.19868432213795692,0.4083964294955711,0.009276348075874912,0.013893825610198411,0.017389869673193666,0.0159525066668483
423,0.38833088542468136,0.10642315030535772,0.02232319957961733,0.026237678781417268,0.0303322792598425,0.007514356923007177,0.033622372280694514,0.03097971202309258,0.03811049953332502,0.008562591232726109,0.03577566839210728,0.044566491290217454,0.013550638103326136,0.03989685267505314,0.007873946065615823,0.062200711410147325,0.007126470634322588,0.011726655687624092,0.02690560640314273,0.035106637836307034,0.022833596158374703
424,0.04820223079585847,0.014546284820629035,0.007789559996027688,0.017804025810509553,0.06907376411442463,0.058484483199953974,0.0887925166209942,0.027360666574310206,0.1604060076527474,0.023207918394622582,0.0091875157896605,0.023367055714022627,0.001674344151871036,0.04732760193279737,0.08890793513132551,0.07576749517136551,0.11327827391623035,0.0440350336231207,0.02051840226609804,0.057985144279883084,0.0022837400435476085
425,0.046162446898698806,0.026056452875282698,0.1422179038962682,0.29091331779933366,0.02272286700360863,0.01683280252847075,0.02769398830411467,0.01964251918445659,0.024235473317779227,0.006635482758976331,0.013818812645825697,0.01771368057728648,0.009980525891562864,0.1693702123730648,0.004701017602615498,0.051872897486374935,0.013028568157335121,0.019893753721173288,0.014570690708332635,0.019157444166941127,0.042779142102497954
426,0.5647831064848644,0.020396424989425167,0.04071885134753557,0.02487502288600232,0.023333574237166716,0.007989448910497193,0.028183996495881648,0.02678049267985899,0.03120197244805439,0.00858313446838029,0.025667514246849838,0.03215150635006937,0.008883684673728203,0.03205744310851918,0.007690268158471345,0.019017663583056055,0.009241435438405408,0.009651842167300329,0.023717761249018147,0.0303943550804039,0.02468050099651155
427,0.022772412300023286,0.07810515289108527,0.009443190305387037,0.009712636326293591,0.009047274629140427,0.001909035097942341,0.008295944436983184,0.4380352678437393,0.010984910105256636,0.0597575262729186,0.026866297462462708,0.011334927926723573,0.0035183409535478427,0.006437344057872087,0.0026284035044267812,0.0025485676611872155,0.030433442124688004,0.24232319285561987,0.010478470563826935,0.009187161731767384,0.0061805009491080086
428,0.043937433626907656,0.017803103749328194,0.0005565844085990188,0.0048013235332816494,0.04975622786819723,0.031089855141320916,0.1930095693678917,0.014504155715829123,0.06845027307278205,0.010473344142851554,0.014062177128576887,0.10417057486250701,0.0018040970610375595,0.05854253252860452,0.21660268030199095,0.028670420873151397,0.02838503634839054,0.018501712586418462,0.03361816127611447,0.0579779144047232,0.0032828220014959
