site,A,C,D,E,F,G,H,I,K,L,M,N,P,Q,R,S,T,V,W,Y
677,0.22887507525745648,0.00996431974417001,0.004147050123545797,0.003028808341317022,0.005924357319351139,0.4564112900290267,0.006597579742004677,0.005183812654432246,0.006908595022624539,0.001677997159816218,0.0038196514295816544,0.0054772360122302965,0.0023794549889197196,0.005005060493934582,0.001504111443773087,0.23356374389069265,0.0014592626137444485,0.009257607963523068,0.004207152299249358,0.00460783347060644
678,0.044717509550019435,0.0957834393082875,0.11496836257437675,0.07941993559667145,0.03275269581210439,0.08784247918955203,0.04480645806971923,0.016982879309980062,0.022874898662422122,0.012395070506925199,0.04017104144476052,0.16455332270417378,0.0005032307351882612,0.03857679908525375,0.012707435762927053,0.05066400866776174,0.05240431329936704,0.02584351199344791,0.015478067219222331,0.04655454050783944
679,0.49196472323760215,0.00810186888121552,0.006902761137453323,0.008208472419126252,0.014853426282228459,0.004100043269629662,0.01686064605009717,0.01686064605009717,0.01155266488617769,0.004077411136298007,0.011996998151030678,0.014853426282228459,0.006955712273066855,0.014507997764037097,0.003669670022668207,0.30324509352794404,0.0029293963858581453,0.03721440720416586,0.006636637275038247,0.014507997764037097
680,0.00403162474858496,0.007362097366981231,0.011813598100504764,0.007581861467488135,0.028363986220945516,0.00306014890555244,0.00627836591778592,0.36780293082198384,0.01638660381682919,0.40102248161923937,0.00806324949716992,0.007937261223776642,0.014428468596207918,0.009584617326824621,0.0024893157362083492,0.0023737603659892757,0.006271416275576603,0.07951421261218522,0.007696738156389469,0.007937261223776642
681,0.0493216708554685,0.05149629443268449,0.0019709606171034694,0.0014438432427618436,0.0430869668906468,0.01570842405786742,0.11320364593008443,0.022862472227690136,0.07980813245771269,0.014471191212252219,0.018230421856698053,0.0805782237954953,0.0009266456632650638,0.04962695293654853,0.09785019429778104,0.056156298708008916,0.11626896431673987,0.04511415523879528,0.07211469010611055,0.06975985115628529
682,0.004623770757115937,0.005515703583194498,0.007185140169331241,0.009696451296476139,0.7944834611439773,0.0033741029849224404,0.012032945584783645,0.010392412297303345,0.010975104214692773,0.0287065206954121,0.015365145900569884,0.007398033211385499,0.00599155497064035,0.01664557472561737,0.003232150432158713,0.023054079626830603,0.004755878493033535,0.002938177875293688,0.027028985470236074,0.006604806567025002
683,0.005633060265482898,0.008999946860943941,0.011514637895619451,0.008242056598969713,0.007682855275878943,0.0032761312841093,0.015659907538042455,0.1997628184923157,0.010725964067152366,0.6199171186612336,0.041132504626129315,0.017795349475048242,0.006692268178650622,0.011863566316698828,0.0029885319729088655,0.0026468751067420227,0.007054012404523628,0.002937684877343835,0.0045997743118991385,0.010874935790307258
684,0.006021519081348421,0.01391859328639553,0.09409490417371118,0.009872490586861946,0.018064557244045265,0.005084037068683396,0.031407729297606914,0.01974498117372389,0.011973038579484094,0.0042665034696991325,0.012129059863858963,0.6741264425739492,0.007580662414911851,0.013694099846292378,0.00479680333598942,0.003335286327000113,0.03948007357622218,0.0048516239455435855,0.009988637534942675,0.015568956619730104
685,0.005205325512426729,0.009209181840176902,0.6796303578405268,0.016219564023597713,0.01070567388920565,0.04304180771327693,0.011807592405552255,0.011419385481819358,0.014516167985363591,0.004078351957792627,0.007857375331527082,0.08460099935810216,0.008079753878645773,0.011122778066707167,0.004002121080076877,0.004264258962682702,0.005748012826419141,0.020476945033789693,0.009732430808368771,0.03828191600394194
686,0.008377425583692682,0.011706915238750028,0.02174141401482149,0.013628946098843318,0.02123579973540703,0.00380474745259376,0.025364983017291735,0.005550688681162526,0.015767424724107672,0.02166358759544919,0.7227673864730765,0.019850856274402227,0.01217519184830003,0.012861118149612709,0.032748797036131705,0.00681447304942166,0.014214436762522514,0.0029290075141826127,0.008534012977780395,0.018262787772450047
687,0.06818568862992314,0.015007645967040208,0.01318853736497473,0.019784790660152467,0.016119323446080226,0.6897698386219462,0.017764152369149636,0.022319063233034155,0.014507391101472204,0.005373107815360075,0.014039410743360197,0.019343188135296268,0.007569073618159411,0.016423461624308154,0.00283619348023833,0.01842492966922972,0.007439687744344721,0.007639221123799141,0.007841833027822813,0.016423461624308154
688,0.006904484762999596,0.011778238713352252,0.012918068266257307,0.004563895876476334,0.015402312163614483,0.003427295253084979,0.019069529345427452,0.17394288753973222,0.633795432236825,0.004149845764289913,0.016345310867509247,0.016153993130668294,0.009422590970681802,0.019989946049765367,0.002677650718037484,0.004883659954316787,0.009198984989324645,0.005762016061208295,0.006730422121915572,0.022883435214512946
689,0.008371383361046628,0.019906832957651673,0.0016839810182888606,0.0015035544806150543,0.0024164293911592624,0.0004868251455167604,0.0022756500247146766,0.03920917825881184,0.002338862525401195,0.039191380850865674,0.0021589500234472573,0.004009478614973477,0.0014271025578719157,0.0030071089612301086,0.0006817736916149233,0.022189537976555946,0.7125161306870429,0.13277154319885193,0.001667307938899862,0.0021869883354400793
690,0.007399631258058413,0.013828819072437033,0.01917177189587861,0.016871159268373178,0.019617627056247887,0.06188668310213253,0.021629691369709204,0.02410165609767597,0.009317132910823934,0.0052071479223374005,0.010405896970354501,0.026361186356833096,0.011247439512248786,0.01757412423788873,0.6655884719419956,0.005275217545756311,0.011423478431207642,0.0049330875053722745,0.030211735769804023,0.017948041774865083
691,0.004952725316367148,0.010834086629553135,0.018740041737605427,0.0991213610732256,0.013595716554733347,0.003081695752406226,0.01824688274451055,0.06479112531856394,0.5484392810997759,0.004151985295158089,0.009498377319060282,0.010153457571481134,0.005926337985396587,0.014150643761048996,0.1310012692359495,0.004716881253682997,0.00799848355837742,0.004473429318009038,0.007879335730584098,0.01824688274451055
692,0.04894453974766834,0.003816260166600391,0.28339841853605063,0.11461472273780435,0.026242634175905666,0.21327245935710012,0.054310989319111144,0.006522335557462486,0.005435279631218738,0.004104617140333964,0.004658811112473206,0.09669603124482072,0.004428746366178231,0.010497053670362267,0.0015733704195633191,0.0474311313994147,0.014166377740975627,0.0016032205293462596,0.0538322354157074,0.004450765731902518
693,0.020752673239656124,0.12279542248124367,0.0023094669134352923,0.0070205283123372176,0.003267415692534303,0.0006257910346082726,0.04700410860545774,0.12664903863980376,0.0035182933397410517,0.11470863211183459,0.047850442970929975,0.008658651585215903,0.0012767220246979812,0.03978299376991088,0.009097080430735316,0.02203671024746333,0.07627349253040086,0.3425814322846291,0.0013661635262574967,0.002424940259107057
694,0.1166943769540105,0.01904709491353218,0.07550812626435974,0.1459823774444288,0.00759204839871997,0.23652317176872498,0.010545142934171886,0.00493483145916798,0.003044090334016957,0.04724714172197075,0.07608015752393822,0.02202320349377158,0.05661419185828687,0.15553758111900887,0.0004769810020719379,0.005393437590311411,0.0029461680353241675,0.0022952704461246423,0.00328988763944532,0.008224719098613302
695,0.005245971167885574,0.02161456445661176,0.014573046348514463,0.6671474089027365,0.049586353753403464,0.02271247963661213,0.027192516574447066,0.03512366724199412,0.006861360593721083,0.006244207509687844,0.015905056864299223,0.03242184668491765,0.010280097729364134,0.013380444663616806,0.005509594861489273,0.0066375434158099135,0.008105461671229414,0.005336043997679988,0.009471550716942235,0.036650783209037335
696,0.006752194902489546,0.07113525925554114,0.0126894697305407,0.009316319549004564,0.012266487406189344,0.002548040883919566,0.01989160119922596,0.015333109257736677,0.019368138009772645,0.017555344649079263,0.015659345624922563,0.030666218515473354,0.008658696992604244,0.016355316541585792,0.12720981995465247,0.005712199954387415,0.010823371240755303,0.004304030668838366,0.5810655659327403,0.0126894697305407
697,0.13518232944988876,0.07703856615809002,0.03171078994400799,0.04332786540892926,0.06691909348478159,0.07149339921402177,0.09934966158928336,0.005686757122248237,0.022852568908439324,0.036240902793151994,0.05100540661949815,0.034911199368375334,0.0006091038530086543,0.07516383885819433,0.010549781038192128,0.10642999865780264,0.059556849537749,0.012868146643945273,0.011332823931154909,0.04777091741923729
698,0.14558145850424298,0.009921106801770633,0.07730732572808285,0.2297903413645404,0.006240044464436152,0.027903112879979906,0.003829834469450537,0.006134007964525096,0.012611576442928771,0.0056967316197013805,0.006225560322204576,0.01110571656914623,0.32941797446842125,0.034342292775359884,0.0015622192568827962,0.07581673031378028,0.0025327291524114234,0.004482427771884322,0.003862153162849135,0.00563665596740144
699,0.01786342421587387,0.013714153917489381,0.015428423157175554,0.008388268900988654,0.020571230876234074,0.0053005625570664485,0.02979281713109763,0.05082304098834301,0.014643927064437817,0.0036073336827002287,0.01289539845972882,0.02159979242004578,0.004452076782689732,0.02009283015818212,0.0044999567541762035,0.682293981327344,0.04383525575619177,0.004994171657814052,0.009494414250569573,0.015708939941851473
700,0.05349389909249132,0.07938231536689778,0.0021734210538844408,0.0022177765855963677,0.0369610780544286,0.00772748202686616,0.0431212577301667,0.1049845008902869,0.04527732061667505,0.05707225287816182,0.11858345875795843,0.04878242975051784,0.08455896972930375,0.06549041017769068,0.013756968417646466,0.019630454343266553,0.08545022260000089,0.07454193028355037,0.0189312838815366,0.0378625677630732
701,0.013288561781822576,0.014700657294149906,0.024236218782247142,0.006189182565215672,0.02490944708175401,0.7073273768659066,0.02299333576777293,0.02802312796697326,0.021871709632759622,0.005899605887783844,0.015732282367423585,0.02299333576777293,0.011645975259001873,0.01868208531131551,0.0032516141001177642,0.006951473604210421,0.010675477320751718,0.007974900054821614,0.011799211775567689,0.020854420812631263
702,0.0019164617179539137,0.01137894920345431,0.004140926212007564,0.003740191417297154,0.09468400251650413,0.002953360322750536,0.1715773342801331,0.18549841616898768,0.00515315261938719,0.07808126393225573,0.05642783988357319,0.0053928341365679896,0.002390637813117769,0.012170710563123627,0.003180025497379899,0.0015992542611891279,0.010345103978655085,0.03660575253985645,0.18284852366897436,0.12991525926683126
703,0.048626666467903513,0.031466926784686954,0.08657497701237697,0.07342481914431799,0.03357889516189043,0.025784133885421612,0.11891020939049371,0.047314595297785,0.0016181658736824536,0.051119293908695206,0.057606022491806165,0.060176962977949895,0.01024107066520998,0.05769969082106112,0.020302628928478374,0.04960040746117076,0.05698958814149788,0.04589516853668178,0.015111823786468389,0.10795795326242191
704,0.025460109049915938,0.017300604221870585,0.15350556234287507,0.015473600758785113,0.014892706135854934,0.0013630612395528245,0.03428791642328554,0.008042061313361664,0.011938418124695553,0.0021735300846923416,0.0039039132589134295,0.31762559735176354,0.003558434209452064,0.0320524587146263,0.006710047431847001,0.3005561618229899,0.03544519885811154,0.002436988276776262,0.007889835991292631,0.005383794389337836
705,0.006325512832571441,0.010336870691839292,0.016979008129533867,0.007868320840515693,0.014232403873285742,0.004726454313702108,0.024195086584585756,0.018260442705347744,0.015609733280377909,0.004482351767659219,0.009396150129936219,0.03226011544611435,0.010519602862863372,0.01792228635895242,0.002911392331050001,0.005346980460681936,0.008961143179476208,0.004963094684017591,0.7653469802598205,0.01935606926766861
706,0.00540443160639572,0.017267818059459487,0.11242061873407473,0.5583482244952059,0.0252850193013514,0.0025229717691937314,0.030781762627732138,0.02082295707170115,0.05516648963420348,0.0071513185902812035,0.02082295707170115,0.020228015441081118,0.012206561042031707,0.023599351347927976,0.005574649924707396,0.006555375374424437,0.018631066853627344,0.006088309198483711,0.011606238367833428,0.03951586348858276
707,0.005338025458194685,0.01826205526539319,0.376862539651776,0.30198996356745234,0.01826205526539319,0.05963405569809675,0.023968947535828563,0.01826205526539319,0.00926266711656353,0.004854470387003254,0.020751147564119738,0.027391514784638058,0.005810653948079652,0.06042245908376043,0.003919551381625919,0.006169260086630194,0.007519669815161904,0.0039258252267997396,0.006087351755131065,0.02130573114295873
708,0.14762860206531597,0.00869578147219383,0.039411510621156144,0.013469936005947307,0.013469936005947307,0.00305870246937479,0.02453452629654688,0.06768603871890934,0.0196276210372375,0.007082131302096006,0.0196276210372375,0.0140197293123125,0.008081961603568381,0.029868118969709246,0.00630244712204874,0.004872104512789451,0.008481070818559415,0.5415526063739411,0.01108010865005343,0.011449445605055208
709,0.003810674713145878,0.026092996047161816,0.016122085324847952,0.0157289555611396,0.026198388652877918,0.0029941015603289047,0.04949994838358638,0.024183127987271926,0.010656971655407967,0.002152705656142733,0.036193510646063166,0.04191742184460466,0.4961407427804567,0.06007442231786253,0.0026530013825699153,0.06149981766286085,0.034547834068942004,0.022439976600559162,0.006986236974100778,0.06010708018006917
710,0.004929321528425742,0.042922389224653926,0.012366543483594403,0.009928070120632128,0.5565171551586389,0.0029007941504727614,0.026107147354254852,0.013000267809096116,0.017622324464122024,0.05535863224638632,0.01499772294818896,0.020139799387568037,0.01243448201924085,0.01566428841255291,0.005380862431792985,0.1259710109158423,0.008196429983312572,0.026694643466999207,0.01499772294818896,0.013870391946036079
711,0.007413372510848424,0.6193186175401233,0.025348951166126867,0.013786271686840927,0.025348951166126867,0.003412384486387533,0.027097154694825275,0.025348951166126867,0.016371197628123602,0.007780371149999336,0.02067940753026139,0.04911359288437082,0.009354970073213488,0.03143269944599732,0.07446228516120473,0.008486517929131784,0.0133189404432192,0.008101211197421989,0.008271763012104557,0.005552389127545739
712,0.006212303519835203,0.028076148687184475,0.02467297914934393,0.012722004873880467,0.01496216059904455,0.007538965851188424,0.019385912188770237,0.032568332477133984,0.028076148687184475,0.01468169496007899,0.022005630052117562,0.022005630052117562,0.038856709346777894,0.019858739315325603,0.005576769259783218,0.6425136465005268,0.007931147676209702,0.007019037171796119,0.019385912188770237,0.025950127442930702
713,0.005828467004440605,0.011225195712255985,0.012628345176287983,0.01102110124476042,0.020902088567649073,0.0027805530663386384,0.47816355357511425,0.029080632230673257,0.012370623846159657,0.012018552836626254,0.015154014211545578,0.15878812947675638,0.005765841261887341,0.0102739079400309,0.0515144051326889,0.005561106132677276,0.00932554720710497,0.005180859559502761,0.008914126006791515,0.13350294981070826
714,0.012066369733831149,0.01987402073807484,0.013249347158716559,0.014376951172224352,0.03217698595688307,0.00656035636014121,0.5319180334882888,0.029378987178023674,0.027028668203781785,0.0068102819191897855,0.021797313067565948,0.03407590361267714,0.006580286879349534,0.012901250519736082,0.00946723949345402,0.012994552021048933,0.010395641616839148,0.012749371794236687,0.025026544633131278,0.16057189445280595
715,0.005212410247326019,0.02842374585922417,0.011351471205287775,0.010868429877403189,0.40283138666681734,0.0027316374558179137,0.017614351870274134,0.0112577486798519,0.01964677708607499,0.009372749313179305,0.015963006382435932,0.015024006006998528,0.005739507912785954,0.018243435865641068,0.0038407233401349613,0.05558563408058102,0.010642004254957288,0.003687378997680861,0.2044806150034918,0.14748297989403597
716,0.07165726871108162,0.07269577985182193,0.11201346529435777,0.02553217633820087,0.007329752314332184,0.003712124928603673,0.29213613936099875,0.026841518714518866,0.009592480098326275,0.0031868488323183414,0.006818374245890404,0.23105031783411514,0.0028465057531387116,0.07597881507093646,0.002443250771444061,0.0029684440604514917,0.023995715314245214,0.011895673066661769,0.006373697664636683,0.010931651773919766
717,0.008097454167844237,0.008080973322318837,0.007811607544908208,0.06775614756516893,0.009013393321047935,0.0014646764146702888,0.025102107920317137,0.01818993327559212,0.3705212281499845,0.0967477076095556,0.09124223075160158,0.008975327744915381,0.0037495716215559397,0.05829405220875468,0.1942168427362195,0.002367153801487336,0.005400531624334822,0.011009696456279444,0.004147756218535332,0.007811607544908208
718,0.007479340608259937,0.09089476433649231,0.007934885540994325,0.004257743461021346,0.00943608010280406,0.0017544470542902027,0.005631209093608877,0.21623943935445394,0.005371307135442312,0.2755774501813132,0.06345324915582302,0.007273645079244797,0.04931899490072153,0.00403994090570057,0.004937580278117609,0.0024415032433828692,0.003293726073620286,0.22615518850546193,0.0045342203091396135,0.00997528468010715
719,0.005761112418479806,0.07943004736445955,0.009129877986688423,0.008411224130980518,0.13916765573708456,0.0033377873535636975,0.07488086456515046,0.01201603447282931,0.01201603447282931,0.0048902465877793694,0.015020043091036637,0.018417915132668612,0.006184723625720968,0.01617543102111638,0.003936215664036638,0.003839614718892661,0.007251055285328031,0.007984662321126433,0.2408507843432317,0.33129866970699684
720,0.00699271195490138,0.01452332482941056,0.008990629656301775,0.012586881518822486,0.10119879151406087,0.005244533966176036,0.011225159758568056,0.15109867144799435,0.019874023450772344,0.29823005582602874,0.24952915392860128,0.020978135864704147,0.03237180907130488,0.015104257822586984,0.003834455884754166,0.004720080569558431,0.005721309781282947,0.005809329931764223,0.013985423909802761,0.017981259312603554
721,0.0067357484261486794,0.021284965026629833,0.02660620628328729,0.1223683421413628,0.021284965026629833,0.01043612977537425,0.1055208677287841,0.06651551570821822,0.4187475371008911,0.00886873542776243,0.011990779445875559,0.015620083111904826,0.011567915775342299,0.0477539921099907,0.026378235184859343,0.008186525010242241,0.017788841350439785,0.010859676033994813,0.01834910778157744,0.023135831550684598
722,0.031444885281168636,0.05005275314503589,0.5077521130511636,0.07388549100422652,0.02929612282494214,0.01749326693223571,0.03222573510743636,0.03580637234159595,0.03069117629279653,0.009765374274980712,0.03392182642888037,0.006640755323843151,0.01193545744719865,0.03392182642888037,0.0063187715896934026,0.007582525907632083,0.01611286755371818,0.009939434181124846,0.020141084442147718,0.03507216044129905
723,0.011630009999187493,0.013970061661738465,0.015339675550144196,0.007950856722294303,0.022352098658781537,0.6158076128939202,0.05215489687049027,0.023009513325216294,0.03401406317640669,0.01133802105880223,0.026077448435245128,0.011676469448617223,0.014224062782860983,0.03129293812229415,0.005288541887205087,0.006258587624458831,0.0101600448449007,0.013814131515648219,0.057342560149759914,0.016298405272028207
724,0.007953449675139291,0.015348762530970563,0.01715449929932004,0.01715449929932004,0.025731748948980063,0.05657757710898216,0.01620147156046893,0.015065848755351602,0.007161249577197886,0.007881796975363262,0.023023143796455845,0.018226655505527548,0.006204818895498739,0.01620147156046893,0.6923270125196218,0.006050109434135121,0.008748794642653221,0.009509559394188283,0.015622847576166466,0.01785468294419025
725,0.06866586492290074,0.10156063154900555,0.019557323842335033,0.031373206997079114,0.07838984861522742,0.049224789670961895,0.04481886713868444,0.005020937611912954,0.018617067888376613,0.0015449038805886012,0.011951697903649182,0.06793596703126907,0.03625041562201816,0.015514223240313846,0.009653294460639728,0.14239423640746965,0.05678464239937958,0.01664700779436851,0.1419861710953523,0.08210890192846744
726,0.002802476809154191,0.007518840219681975,0.012330897960278442,0.006701574978412194,0.006874280941627017,0.0029929363981258342,0.007518840219681975,0.24317503874143698,0.011856632654113885,0.3369428495336589,0.21502888116059868,0.0073946394132614985,0.0023353973409618264,0.008112432868604235,0.002802476809154191,0.0021374915911436384,0.0014520894668657678,0.10062448819746156,0.012330897960278442,0.009066836735498853
727,0.05245835331308639,0.029893284591230015,0.010110628050436344,0.007198986513103702,0.01786210955577087,0.014268563878925557,0.010110628050436344,0.26088684734164375,0.013740084273669899,0.006977563647642803,0.003877224871868746,0.019137974524040223,0.004871484424301148,0.010717265733462523,0.004090559440252872,0.0055819092361783975,0.07971542557661339,0.42249136850138996,0.01190807303718058,0.014101665438766474
728,0.16838929286864374,0.013030831026822723,0.01058042082048348,0.017591621886210676,0.018670649967335404,0.004319373433122568,0.011535489761449623,0.0040732582277667765,0.02606166205364544,0.0059209048511144145,0.03703499344465405,0.016753925605914925,0.005863873962070224,0.028146595017937075,0.010661589021945863,0.005540668310617535,0.008088102016648585,0.5550647570467755,0.03703499344465405,0.01563699723218727
729,0.018142411351777236,0.026608869982606607,0.029565411091785124,0.017739246655071074,0.046956829381070486,0.009503167850930935,0.01811476117173106,0.02347841469053524,0.019956652486954957,0.01832571646957178,0.018142411351777236,0.0249458156086937,0.6288998072238946,0.015351271143811506,0.005357490600524821,0.003768479849408232,0.008125250680246873,0.009503167850930935,0.03470722171644341,0.022807602842234237
730,0.006944534974985094,0.5193767323713622,0.02061658820698699,0.019991843109805566,0.021389295431142243,0.0047228902274226705,0.018849452074959538,0.014660684947190751,0.019991843109805566,0.008144824970661529,0.025374262408599375,0.016493270565589593,0.006467949241407684,0.025374262408599375,0.14333136256876003,0.004581464045997109,0.011780907546849712,0.007853938364566474,0.012447751370256296,0.09160614205505213
731,0.006700498525600772,0.003577350577727811,0.07504558348672864,0.01876139587168216,0.02274108590506928,0.005105141733791064,0.01031071972396461,0.019748837759665433,0.02680199410240309,0.0074646355899156405,0.01876139587168216,0.06822325771520787,0.008960220190037217,0.02207223043727313,0.5913501563375055,0.017937224589468108,0.013165891839776954,0.007215921489108524,0.011911997378845818,0.044144460874546265
732,0.06112617719296197,0.021185777322560672,0.06688176535232015,0.0822506648993532,0.004543160092322664,0.06628794326703431,0.0820659398252597,0.0036031959352903894,0.03728696808770679,0.03049706908065142,0.05713325755374428,0.05005389163510765,0.06739392401617356,0.21894217011313055,0.011547968008651183,0.06453513707487712,0.006384754809538834,0.009710147939506976,0.006904994090316073,0.05166509370349246
733,0.013343007687447346,0.028909849989469247,0.01927323332631283,0.24593630389213503,0.017944044821049877,0.008672954996840773,0.00968363033062398,0.011071857442775458,0.07874447757412899,0.00493089827122448,0.013694139468695958,0.021682387492101936,0.004884613522861607,0.4097297194627104,0.003946901802064059,0.05955722458926346,0.006671503843723673,0.009292451782329401,0.015769009085165042,0.016261790619076455
734,0.023018857885719717,0.010943482570672135,0.5709499201019652,0.11796470381900542,0.010318140709490869,0.1526109567077925,0.014682637695788868,0.0106216154362406,0.01536744360988002,0.0034892263268809704,0.010780147009915834,0.007660241637697321,0.004012610275913116,0.01003152568978279,0.0035061643187590335,0.004404084449172932,0.00494705376482439,0.004130928540700225,0.01003152568978279,0.01052873376001523
735,0.005296207898865296,0.014839552406905468,0.026047650204200017,0.6562772572618101,0.015109362450667385,0.0022888186830964437,0.011383766229954878,0.018065542060580572,0.11399867381622705,0.005226509023815762,0.019325928715969914,0.012591135375556154,0.006756218982005742,0.02770049782622354,0.0059358209627621865,0.0055400995652447075,0.007839763535723642,0.005722468178500022,0.019786069875873957,0.020268656946017222
736,0.09693377056247528,0.3437750262402419,0.012451694303886015,0.006723914924098448,0.012930605623266245,0.0025469374712494114,0.009338770727914511,0.011592956765686979,0.008199896248900546,0.26458930530862607,0.04250596404822924,0.009888110182497719,0.03253016417367013,0.00427253103503187,0.00800063562589737,0.002606168575231956,0.008216132950072818,0.10835192576742247,0.005698232986524108,0.008847256479076906
737,0.013601925155865216,0.026637103430236057,0.03551613790698141,0.03551613790698141,0.03389644166832414,0.007702294967779099,0.03995565514535408,0.501522069899087,0.030442403920269773,0.011382259346148983,0.03260156651327129,0.025714675668086752,0.013601925155865216,0.030442403920269773,0.009541648989935302,0.018865162539212076,0.00672896656841411,0.08218973561352709,0.021309682744188846,0.02283180294020233
738,0.007400726550994713,0.06432108468045478,0.006994123753405877,0.021003760305148042,0.027522168675711226,0.6291794810883563,0.01735093242599186,0.028505103271272342,0.026604763053187524,0.007529649920713449,0.025746544890181473,0.02157142950258448,0.011085317938828134,0.021003760305148042,0.007322411849501153,0.014573395512063117,0.013527845620264841,0.007220420000030267,0.01735093242599186,0.02418614823017047
739,0.021801166965312882,0.036789469253965486,0.036789469253965486,0.028030071812545135,0.04527934677411136,0.03242515983591261,0.01962105026878159,0.03098060568754989,0.025592674263628167,0.005338709245849098,0.04905262567195398,0.028030071812545135,0.004124873949058111,0.06724784314313362,0.4642769291921166,0.0120128879196622,0.01131983669352784,0.01962105026878159,0.01962105026878159,0.0420451077188177
740,0.5584532904072581,0.01611083378895622,0.03897694432274391,0.012222011839897826,0.020253619620402112,0.044205654433595254,0.01969101907539094,0.032221667577912456,0.023629222890469134,0.006273245015168795,0.01969101907539094,0.02084931431511982,0.004486561308316923,0.018654649650370364,0.004694547594132939,0.1014843343522814,0.004278194159740755,0.02775519349733447,0.01243643310024691,0.013632243975270655
741,0.005540815879581828,0.11402777153709932,0.018043169659151086,0.017592090417672308,0.02706475448872663,0.004294723278893278,0.04190118180458514,0.02706475448872663,0.030594939856821404,0.004674233112095005,0.02345612055689641,0.019546767130747007,0.004608370621588099,0.01675437182635458,0.5550335087727003,0.03694710003911759,0.008581507520815759,0.006576482399129834,0.012565778869765933,0.025131557739531865
742,0.02988932138253291,0.2988218410482044,0.007850231566201649,0.014363168056704826,0.007607698875057423,0.018165773775102406,0.008156860871708912,0.0036647006853191186,0.013483790420580042,0.004811008612075918,0.011011762176807034,0.013214114612168436,0.005005346444003196,0.01139147811393831,0.003003207866401918,0.003303528653042109,0.0069245702916696196,0.522263365174431,0.008258821632605275,0.008809409741445626
743,0.1129135870340667,0.0493281339518897,0.012902473401453516,0.008192046604097468,0.012288069906146204,0.006263890025636787,0.09692545618616927,0.01674166970488378,0.016128091751816894,0.003713915978335174,0.06770528189475057,0.023409961875473083,0.051092197804174865,0.015179380472298252,0.007937860635936274,0.407039359937813,0.03986930019006075,0.004265280463290418,0.0097377157746819,0.03836632640702533
744,0.008784716940523971,0.021204489166781994,0.02459720743346712,0.027951372083485363,0.021204489166781994,0.006832557620407532,0.009918228803817387,0.021961792351309923,0.02277519206802511,0.08182797328210528,0.017081394051018828,0.020497672861222595,0.4836594101362939,0.09228271844574305,0.008804077733332546,0.07117155909053123,0.007986106309567247,0.011602456336541092,0.02277519206802511,0.017081394051018828
745,0.007067660910749541,0.013670821113212177,0.05468328445284871,0.00858198805372965,0.021873313781139485,0.5164007432409756,0.028530409279747156,0.03280997067170924,0.024303681979043874,0.008670653909095587,0.021873313781139485,0.016825625985491914,0.007291104593713161,0.01773511928200499,0.1055719363782127,0.016257476079554228,0.017213798201880945,0.00884938977863026,0.037252897293743155,0.03453681123337814
746,0.051979266697312246,0.09156917646114439,0.0013797384650071777,0.0031200430618865023,0.1969229601314934,0.021482504741617458,0.07876918405259734,0.02726625601820677,0.05907688803944801,0.0406153605271205,0.03249228842169641,0.06695380644470775,0.0026039603293769743,0.02054848279632974,0.07595599890786173,0.08348673751739338,0.02230904924600924,0.04693514253871891,0.021267679694201288,0.055265475907870724
747,0.005347083738064213,0.006065538508831141,0.007392375057637953,0.0037260009159137265,0.011264571516400689,0.372986725414145,0.09876724805309713,0.01592473639278067,0.018439640454354284,0.009929541515498536,0.06492392529364427,0.11926242798506394,0.004549153881623356,0.12411926894373167,0.02916641598236003,0.02607899246345823,0.021367367818161405,0.041764505917680834,0.009462240073776579,0.009462240073776579
748,0.004597971780623943,0.00615924647949452,0.008904008845017795,0.010999069749727863,0.16316793164676982,0.002971878946116632,0.016679388568336465,0.019622810080395837,0.02243810228944484,0.056231912418525445,0.019622810080395837,0.011219051144722419,0.0042496405851221285,0.00863003934209417,0.024929380912308837,0.005109741379968265,0.005393774588808856,0.00428208058958871,0.442902977409272,0.16188818316326573
749,0.07273174969474074,0.053143734473739095,0.0028045171870965386,0.002792866567426772,0.004724455535726748,0.06073413020703634,0.04116307535915113,0.011813233310355588,0.1984271325005234,0.04042302006843754,0.030708960982223872,0.0825139805350861,0.030427227395230984,0.12379549895958998,0.09314492765961298,0.08116324850028142,0.039709863339082586,0.017008039928616294,0.004133442519791623,0.008636895276250464
750,0.042283453766843476,0.06604605588374726,0.01111999920491663,0.0064689971315566395,0.01426229483192533,0.01111999920491663,0.09199272069521941,0.13717724421493904,0.012973332405736072,0.07371862088516928,0.0753290268720159,0.072650661472122,0.0013752986027718841,0.040968418123377065,0.006045824810440112,0.04833409749151661,0.11226490810840825,0.15522965383070741,0.01415272626080299,0.006486666202868036
751,0.0323459577991803,0.025992287517198457,0.01617297889959015,0.0071582560731039465,0.020216223624487686,0.028286007859568765,0.09476354823978606,0.04717118845713795,0.15499104778773898,0.060221670160794286,0.13556761724656452,0.01276814123651854,0.016886905493833208,0.03693734400733113,0.10682488394811593,0.040432447248975385,0.08258542416811993,0.04410812427160951,0.003488852756638115,0.03308109320370713
752,0.0880705155300603,0.004480577619671365,0.23706321752736048,0.13743244385569436,0.0040637797015624,0.03932209769877536,0.028863239659225066,0.014843951824744323,0.0024593840644333404,0.001878951905023475,0.03208913115055023,0.031172298831963076,0.01998224284100197,0.053303741524533176,0.0020318898507812,0.062080425639926475,0.05583098298262042,0.019114053363882506,0.010055580268375186,0.15586149415981534
753,0.03386469095913408,0.08928698538452083,0.021365546968695127,0.017804622473912606,0.017804622473912606,0.005826967355098673,0.013353466855434457,0.003060547763849012,0.015261104977639378,0.011278356048571053,0.04081690760435239,0.09060490301118583,0.08180386339071263,0.01680696195473334,0.0035609244947825214,0.10635429891001685,0.2520551739396641,0.1523831217229156,0.011445828733229534,0.015261104977639378
754,0.3190353890283852,0.024975204532979908,0.014152017183503604,0.033843324487351945,0.01624479575392893,0.23410294402287754,0.01624479575392893,0.020305994692411164,0.031239991834478717,0.005972351380120931,0.01933904256420111,0.020305994692411164,0.0050234847290883565,0.015619995917239358,0.007124910418389883,0.16116239493036796,0.0025445126581902094,0.0031259795053623428,0.02256221632490129,0.027074659589881554
755,0.09247513171815958,0.1990518494455374,0.00815739660209095,0.006484084478585115,0.00842930982216065,0.37227710092014216,0.006654718280653144,0.007663008929236953,0.006654718280653144,0.002748687985487168,0.018295080112889942,0.010115171786592781,0.004597805357542173,0.006020935587257607,0.01772564124558701,0.12456226350072053,0.07179432953391661,0.030374524033580097,0.0033479008860980543,0.0025703414931090435
756,0.023284649258879575,0.09313859703551829,0.02610883276137568,0.01305441638068784,0.045469464253841546,0.025401435555141356,0.07640015542012378,0.015721046276257915,0.015665299656825407,0.2463798926158814,0.15966616634660277,0.018429764302147534,0.023360272249452373,0.01362199970158731,0.0037673208929889543,0.03287244601253587,0.022655334414044992,0.08537704728255842,0.014919333006500389,0.04470652657704878
757,0.3512439612937706,0.01652949310169014,0.01859567973940141,0.009284662176427313,0.01785185254982535,0.24711864220438115,0.011443495224247022,0.011157407843640846,0.02975308758304225,0.006866097134548212,0.01785185254982535,0.014876543791521125,0.003214356423053521,0.02028619607934699,0.004697855934164566,0.15811725037312352,0.0026156701052414016,0.029672592296676976,0.013946759804551059,0.014876543791521125
758,0.006107860823307626,0.013676297060884461,0.015344138165870375,0.20567006672598812,0.019659677025021416,0.011833466465734872,0.016131017046171415,0.08266024369447153,0.496270249775467,0.005719178770915321,0.017002963913532034,0.00949332261589653,0.006228808562383023,0.010365891574956005,0.025641193431342302,0.005423359179316253,0.018142543870606365,0.008617940613708018,0.012335483623542847,0.013676297060884461
759,0.025453086220982135,0.013466370162578914,0.014428253745620265,0.025249444054835465,0.01122197513548243,0.009773978343807277,0.010099777621934187,0.017823136979883858,0.025249444054835465,0.10736597769889561,0.012119733146321025,0.07887787531930852,0.05075271374941592,0.014428253745620265,0.005008154192694639,0.4775303506693424,0.059309539296142834,0.007214126872810133,0.020199555243868374,0.014428253745620265
760,0.0064454628455499945,0.01771033366353884,0.016563413619796075,0.01977585191248294,0.013340993169200187,0.007982912698616966,0.09763371203178252,0.014034475550794344,0.015265569897355254,0.004394633758329543,0.013595898189832022,0.013595898189832022,0.005000790138788788,0.016733413156716337,0.005148742509758871,0.017362915040488567,0.006745251815110461,0.007437072514096148,0.014034475550794344,0.6871981837471358
761,0.5253175566553363,0.013297022871465872,0.009234043660740187,0.009253842422138182,0.011268663450394805,0.25817370291510866,0.009923151396616321,0.01955444539921452,0.0118723418495231,0.004155319647333085,0.009107549911962925,0.008310639294666168,0.004407484077663686,0.017496082725612993,0.003934030435344933,0.04000318657526585,0.018979367893950928,0.0032904460828876987,0.012785598914871028,0.009635523819902805
762,0.004195768471427968,0.05104672554022192,0.010158176299246657,0.013923668743745088,0.011697293920344637,0.005287817799607851,0.2957011551706751,0.007423282680218711,0.020074255808874054,0.05268582501294515,0.016407876066499905,0.09530532268413774,0.002083911038142326,0.3046582673804222,0.07595959021217093,0.0034465241015301166,0.005648613072073738,0.004886211384447761,0.008976993008636582,0.010432721604631703
763,0.007601944253223194,0.014941752497714553,0.014443694081124068,0.025488871907866,0.020355179260932856,0.007344251227690204,0.016665800862835464,0.09159179556951035,0.032102313032438025,0.06364030487850326,0.34121497117076943,0.013977768465603937,0.007221847040562034,0.026672303859153396,0.010393833348787726,0.005777477632449628,0.06012118009262772,0.12534955796869282,0.010568556644724928,0.10452659620479035
764,0.014980685596716703,0.012009227330748586,0.026504289901883395,0.024611126337463155,0.026504289901883395,0.014265500566144501,0.019141987151360233,0.028712980727040347,0.024611126337463155,0.007783371637762064,0.018624636147269412,0.036269028286787804,0.008403799237182543,0.029961371193433405,0.10952367300815473,0.010032061695727523,0.014063500764264658,0.009312318073634706,0.5431502905597996,0.021534735545280265
765,0.028549677529420406,0.008289238518085508,0.0074997872306487925,0.004783830098879228,0.012115040911048048,0.002157473038953762,0.11053155197376395,0.01049970212290831,0.1259406534142015,0.06491465532368697,0.14694099763394003,0.05766246506928305,0.0011763949601765232,0.248590063901752,0.01388594632667748,0.06378001651045696,0.03764792641242252,0.006773602824403729,0.012221935530989339,0.0360390406683019
766,0.0058010069048309645,0.04892547332942341,0.010761684669905073,0.012106895253643207,0.0037730513071658,0.003874206481165826,0.029127046413355267,0.12053612052617382,0.013836451718449378,0.3830063107867783,0.19115433329668954,0.009312996348956314,0.0007077746787372322,0.007686917621360766,0.007759827341066369,0.0026463159024356733,0.02701093840061917,0.10713066923302704,0.00663391520747573,0.008208064578741158
767,0.00233120519197855,0.0067482255557273834,0.004273876185294009,0.004273876185294009,0.24276767299764768,0.0015447745248050634,0.05346875694974291,0.09062638134325714,0.006410814277941014,0.10090752168490665,0.40431007829755655,0.0236885978129786,0.012369779550581416,0.004273876185294009,0.0014092095862772481,0.0015829171056644473,0.0020680046057874233,0.008587116707204743,0.0029140064899731877,0.025443308762088127
768,0.01113612300978906,0.05485736422390068,0.017773957469181284,0.021741954447683398,0.026857708435373617,0.011414526085033787,0.30469005563386026,0.0507312270445946,0.019851349713102234,0.006341403380574327,0.013045172668610041,0.020753683790970524,0.0034589472984950876,0.019851349713102234,0.008010193743883358,0.006714427108843404,0.011707206241060293,0.010146245408918921,0.021741954447683398,0.35917515013533946
769,0.006644961711214652,0.022714559216730965,0.013977333254623926,0.018853147180655526,0.6406754199870694,0.009537474456096325,0.011105278476276544,0.013445922911633015,0.0207868033017484,0.06513976762925801,0.018424666562913358,0.012868021091558534,0.00800542314347166,0.014222549627512064,0.004405898525914063,0.08157805265175495,0.0046632635425559645,0.00769295400367092,0.014739733250330686,0.01051876947501111
770,0.07929259240057823,0.01956695545454237,0.015505889228127914,0.023480346545450847,0.01611396331550548,0.01982314810014455,0.6489967313940782,0.011910320711460571,0.013696868818179659,0.004313181350933787,0.015505889228127914,0.02506068195591428,0.002573148078551041,0.008962939931365247,0.0032142591155062627,0.04889709864702324,0.005667669855798479,0.010145828754207154,0.022828114696966096,0.004444372417538871
771,0.009043917103350814,0.02006619107305962,0.013959089442128432,0.018346231838225938,0.01689784511415547,0.0032050388415036605,0.027313012429502532,0.03330809590957787,0.2338431690961463,0.0057331974494456055,0.012590551261527605,0.013377460715373081,0.006979544721064215,0.020713487559287348,0.5061675302746338,0.009347263384799994,0.006124480277084647,0.01003309553652981,0.01689784511415547,0.0160529528584477
772,0.009704501688421652,0.023290804052211966,0.024954432913084253,0.023290804052211966,0.02794896486265436,0.0326008620909849,0.015880093671962706,0.01585570048618239,0.06654582222817794,0.007850832826588303,0.023290804052211966,0.025878671169124408,0.006718501168907298,0.016249398175961837,0.550415476703117,0.046755242639917795,0.011269743896231596,0.020550709457834087,0.02183512879894872,0.029113505065264958
