site,A,C,D,E,F,G,H,I,K,L,M,N,P,Q,R,S,T,V,W,Y
677,0.23410053062966946,0.012248509235916385,0.003275579616596822,0.004908533346198969,0.005180533771776395,0.4416229580215031,0.005322253031627944,0.004284731622192325,0.009521317843771698,0.0016218565638365498,0.003286558842009196,0.004684260791628141,0.002813730880126826,0.003884782142460326,0.0013418147459217013,0.22871707059543342,0.012050785496820536,0.01393399638427025,0.003420058511573666,0.0037801379266663316
678,0.04562076507023939,0.09382967999297953,0.11341509269392089,0.08026393611260002,0.034328034328756585,0.08906070029239342,0.045409733259682256,0.018720928699364894,0.02441644690416421,0.012840016266149376,0.04135333005891937,0.15166973943038403,0.0013049726377785552,0.039903430400317845,0.01276778722289789,0.05101231471477704,0.05317455646461805,0.026553994701468037,0.01645076016946657,0.04790378057912203
679,0.5135438745067438,0.00683449597933373,0.007739024577878275,0.006906883768820711,0.011189359654978569,0.0070428335735327,0.01301740786578819,0.012226037735048288,0.009221052108108514,0.0036512501369100887,0.00950882628098993,0.01169878883735277,0.013228045758465331,0.011251586362702272,0.003124138937371531,0.2873554941412869,0.02110234707640588,0.03613836513796884,0.005209246355502576,0.010010941204811032
680,0.0034606334478644676,0.006218336421537719,0.009021528670370524,0.005885114644556755,0.030036029795845836,0.002832916321617435,0.023091682664345838,0.327094375092854,0.012266838075352279,0.42269547374858174,0.007189329427914525,0.0066797975412458245,0.030008068687498012,0.008017256204256659,0.0035132224482123265,0.001944883770667531,0.005337628756749755,0.08173705676422713,0.006684147470368387,0.0062856800459332555
681,0.04974678804879731,0.05214287313259474,0.0018269385812353996,0.0012656193101158793,0.043365847584120924,0.015486614346395325,0.10876953257332261,0.024411366735900452,0.08036374191338323,0.014997399113440045,0.019110790637244128,0.07841266445677907,0.0008322913308749956,0.0512617699196081,0.09873014149872904,0.05676824502823904,0.11455217231444276,0.04633811864814569,0.07154739718267761,0.0700696876439537
682,0.003578231710878247,0.014662286658667832,0.005811056493078952,0.007213053747043766,0.7732958995097703,0.0028260029759428623,0.008859497346302442,0.016122640608472686,0.008711869982014488,0.03431687438193636,0.010041911246318288,0.006125697404116378,0.011302271262345067,0.011526049053230939,0.0024500003376413323,0.02844068527208785,0.0036014162930774786,0.00671102958062236,0.02930627355268917,0.01509725258376331
683,0.004797705564206408,0.00744199356957764,0.008458195936452133,0.006672991504840118,0.01940736531568749,0.002928172084109369,0.011690002404136552,0.1691107951436776,0.008120239789968502,0.6359585412198363,0.037476972441538386,0.013061757589856221,0.005559565125670656,0.008645477015463114,0.0025496405053434027,0.02400598836175964,0.00568170453189489,0.007360169394564872,0.012500351962928214,0.008572370538488408
684,0.0048652597413090986,0.010596054620854244,0.05019470359190648,0.00785454070832093,0.012051096268377331,0.0041787955839648495,0.03563428586225324,0.013613887781172644,0.026099544743975543,0.0036875777782678838,0.009194968339820937,0.7030584804533897,0.006363174813986714,0.010497190775169384,0.004184927695700844,0.02289343036203146,0.039441316690532864,0.00406165681122739,0.007677753891235312,0.02385135348650317
685,0.011605745327828678,0.007699287522530247,0.716686769027636,0.023569424859964425,0.008005876491328699,0.03553198688964404,0.014345911303767488,0.008181394565502686,0.011097886440520123,0.0036039462392758984,0.006398932133914506,0.05615754144626277,0.006842223900199313,0.008975497090357436,0.0034503451106337834,0.003816172356175599,0.004915317873901916,0.0235450600967997,0.008165155800041457,0.03740552552371515
686,0.006561638935760966,0.008934647132340521,0.014227230320128294,0.010227370241145462,0.013900729656475583,0.003101631241254733,0.015186014074363532,0.02516778001996484,0.020542003761248376,0.029894990798713845,0.7099129988800388,0.01389961698687609,0.009180449570541737,0.008819055232028129,0.03067668673500101,0.0053096282774091836,0.02972077765404182,0.02588752477138905,0.006774258348149084,0.0120749673631289
687,0.06999874656410117,0.010794657169794504,0.009187038380658106,0.03128752099894957,0.011449204140636663,0.7064497345659334,0.012927249916229297,0.01529425312527093,0.009533498448277753,0.004337706084813178,0.01113182654672617,0.012989909506661115,0.005843446040160918,0.01162167425681824,0.013996554655803822,0.02135919226842398,0.0057843315386540564,0.018381223027189076,0.006531360956706305,0.01110087180819175
688,0.005594238199817878,0.008828465100333319,0.009165539646998329,0.027844240816231304,0.010159884842949425,0.006001476809943364,0.012801729891713447,0.10668308113126768,0.6303391939925291,0.003595536745684709,0.022107818384273392,0.03855346084834468,0.006913311668266786,0.030820275225424233,0.029374294213821203,0.0042961054061310495,0.02321521599402995,0.004517833446689025,0.005411660879730084,0.013776636755820977
689,0.01424164770799359,0.022748168860839184,0.00148095952890106,0.0015336949496302047,0.004574941620853855,0.0012566525090153826,0.002199657707795048,0.03855311786711566,0.00238869803908001,0.042676405354860614,0.0021277839805142417,0.0037146282102581032,0.0013368801970172705,0.0027489454123827257,0.000721761898653327,0.024825270105743744,0.6846191176421479,0.14466553243114144,0.001628089020616849,0.001958046955439793
690,0.0066235206536592985,0.009923012892648641,0.013108473494473557,0.012369522137411713,0.014277293430876716,0.04613853007507467,0.014480478491827643,0.016612384048025536,0.028369449556940277,0.004258082739868895,0.023562218988720407,0.017266578507646797,0.008757161101905176,0.012861492567792288,0.6905233258923543,0.011001316544311695,0.01771851331634904,0.004094454330836036,0.03538690634206555,0.012667284887211796
691,0.009001892524845246,0.009943615821267557,0.013452378204771022,0.059232528668573675,0.011774965832814215,0.005843437900165381,0.013681010735770036,0.059423328326819,0.6310920888321254,0.0036610542428036487,0.007579730896131364,0.017654451162365636,0.0055811237310905894,0.019842968119475814,0.08508974058221867,0.004512176023804998,0.016306471340922467,0.004035149745629062,0.006865523494688695,0.015426363813717415
692,0.04910963883950935,0.006318477287374853,0.28428839416010826,0.1087480216612515,0.028370097415050435,0.2076473870354029,0.05608192261816401,0.004962235701908667,0.00447935776852009,0.005904117622649759,0.003869347616823599,0.0829508787932213,0.0037030330770037425,0.014680758745595738,0.0013802880315454552,0.04769710738162254,0.015920718811326763,0.0042842089738127885,0.0544344512049606,0.015169557254147597
693,0.021256527061500084,0.11841103993774825,0.002084502273275971,0.009596637398394791,0.005078427250781921,0.0005722927931373075,0.0481775641803085,0.1253567391636422,0.005341518591602985,0.11605180837214585,0.049527903988346916,0.012107453489128272,0.0035796802909868752,0.0403173361110986,0.009510896426564696,0.023347428647147218,0.07735937892757995,0.32900624986866767,0.0011545454499871433,0.002162069777954716
694,0.11374962044985994,0.022489312305647716,0.07504062917599837,0.13579985939840095,0.007197437566520996,0.23094107970911365,0.016568428563787343,0.00403683727181548,0.0027957945740846903,0.04714329870766744,0.075381712074853,0.02300627910032089,0.056196754309752704,0.15685697991434772,0.006495801833330639,0.007424995958659503,0.004999356385131554,0.00423929221867129,0.0032027064271204003,0.006433824054915817
695,0.015157361292591742,0.014967490565460343,0.019363053625671218,0.7223485039387708,0.024250576148298036,0.031112857693200123,0.017634585745173677,0.022379228475991254,0.016774992702538745,0.005520708685024603,0.012726331563712012,0.01974671150760527,0.008025943497158643,0.009626685989700956,0.004926163353661404,0.005427086122831652,0.00719090629568822,0.010975971811157205,0.008319510608519393,0.023525330377244587
696,0.005746719490352379,0.06392958211116333,0.010342142601657636,0.007407862622669302,0.009915374516571858,0.003778834570546612,0.01379531746145908,0.011164383956568828,0.014531357896990985,0.02194410369171178,0.012230400900730867,0.020134385996525714,0.008463133565824031,0.012428457427065968,0.10299972410427723,0.004733274294498703,0.009520304648429479,0.0038708125662562736,0.6532322834951718,0.009831544081528061
697,0.13253873580132453,0.07620251914765624,0.0338071772352118,0.044111399492435,0.06664592038368654,0.07139928084577432,0.09786124662290363,0.00700622088962762,0.022811554611350603,0.03630416067206586,0.05138932500031656,0.035745337779495706,0.0005730713156039587,0.07509909777516624,0.010445967830622247,0.10468754569532789,0.05983567186751975,0.013411038788803415,0.012291715641900345,0.047833012603207686
698,0.14209010144190035,0.013402522237542902,0.07250934457847144,0.20481845281184247,0.005622263239875881,0.02844306354886116,0.015010783952846439,0.0048319218466032696,0.017013759369674166,0.014229336942531213,0.005383175505446851,0.01584910768017914,0.3275617513960213,0.03656944715641337,0.0023306281292075474,0.07007879138345127,0.005339663321296017,0.006803044002509281,0.0035984282362223168,0.008514413219103671
699,0.022176246318868623,0.010493232680935468,0.0113276818097521,0.006782723816054347,0.014801536719389463,0.004470718761833471,0.018266804811008196,0.02555799490575579,0.00996625976595503,0.02045206827415124,0.010233962221536979,0.015718874067573035,0.03893758453197742,0.012372089280446565,0.003683142779534571,0.7040591885387133,0.04030557143156143,0.004685973894226124,0.01491271423066974,0.010795631160057061
700,0.051074570141734554,0.07909164461106459,0.0036770191237913068,0.0038836629009303372,0.03891973247709673,0.008797123716108923,0.0448615485075534,0.10246479572074657,0.04735229206652167,0.05866962990667722,0.10928018090919198,0.048561570880478674,0.08544866271214692,0.06349143764871128,0.014347642349668836,0.020008667900542097,0.08563318466248479,0.07515449097660505,0.02060146394938973,0.038680678838555346
701,0.020561606298500686,0.010563704303506383,0.015832062354241727,0.017774290570892644,0.016500082211265768,0.7441795725595217,0.01488711908869584,0.017368317622118403,0.013939212421327455,0.004682049452510213,0.01113382122489044,0.014981806446202945,0.008967945003624135,0.013183241415511316,0.01710391723974489,0.0058572094034366005,0.008293949514440959,0.021209112273831956,0.008743042070305027,0.014237938525430937
702,0.0017693274586841736,0.01610069579071256,0.0033231802337427025,0.0032862880504629524,0.09210964224375513,0.005098085285393765,0.16495212736430112,0.16720203872938044,0.004365953943510143,0.07849284035682914,0.0597420045951555,0.004855239809099046,0.002012249342145585,0.01587633764513798,0.011635981976656945,0.003284631653653966,0.012048480123705334,0.037624669765882496,0.18810817850138326,0.1281120471304077
703,0.04968427302652216,0.031895896373637406,0.08476303608413967,0.07265920210263578,0.03356756361933617,0.026212805806390127,0.11697235843813841,0.04820216596175413,0.0028454673543209462,0.05151179018647949,0.057055684006608064,0.06226365603970421,0.010771583884436591,0.05818197659534609,0.020956033691590773,0.0495692052593183,0.057049820717048234,0.04648096170447202,0.01591913684738013,0.10343738230074127
704,0.029482525957995324,0.02240786598770749,0.08071308279592261,0.020057003063175607,0.012415737202739726,0.0012874628631216912,0.03575518314792886,0.020595920641228425,0.020156977505532997,0.0021515973742924,0.003756364300240377,0.361049390220206,0.0034146970136557935,0.03712606257914213,0.009596808372750213,0.2736131689072691,0.03719408092909884,0.002414506658151167,0.012264328519436905,0.014547235960404341
705,0.005039092290652917,0.021617031579903745,0.012775620688791742,0.005608516352707483,0.010607928036190341,0.01181609290505369,0.015640499497021235,0.012598982506836514,0.01152684412051473,0.011603395778921659,0.006600890671837171,0.019226025919218757,0.00810360164726843,0.01236919613360032,0.025709421381148963,0.007911137194789194,0.007051979758186839,0.004187939488870615,0.7762073248372111,0.013798479211274596
706,0.013844585665318309,0.013164885600169193,0.05672464997308718,0.6296108408645039,0.01711565699286333,0.0292825020933838,0.02012852033640083,0.015511215492838636,0.04400218758855947,0.006018976137603331,0.01609002159296563,0.014217899623419945,0.010349725359157036,0.01669397946989818,0.004975275092898955,0.005675319956829416,0.01368499338476202,0.01971453580065975,0.011382586631909365,0.04181164234277172
707,0.017727151883159677,0.027264766882181796,0.3219619728922602,0.3328121686558588,0.014084058275456602,0.045592223418951625,0.01583719969775842,0.013376589786403796,0.028993363344017517,0.0043753614169065175,0.028047108740189286,0.035262132940160264,0.005008551510545657,0.06348863910190652,0.0036230894091427673,0.009567496484962896,0.006163165413997377,0.006680961642796307,0.004792301315502473,0.015341697187841544
708,0.08862207221067962,0.007356560265154808,0.04089109231112892,0.011935717465764365,0.021189885092689136,0.006564814859205142,0.01715352341221539,0.052958036248631525,0.015991880181033487,0.006238544750697554,0.014859805115638955,0.01174192142260138,0.006529108615397482,0.0212089741031764,0.005700398471652159,0.004503832071243974,0.00804074399644315,0.6390464487566574,0.009731408219434608,0.009735232430554507
709,0.0065887977696334745,0.03322236657710812,0.013472054469486275,0.01808246437835494,0.014988443214887954,0.0027382844022121517,0.05142563069814695,0.016143756825677934,0.009160581069776711,0.01751651816751259,0.04090570950491783,0.021351463639494948,0.52787452223286,0.05148768675927735,0.00479659327677158,0.04767313876817662,0.035169301140381796,0.02546557684821267,0.006381275833694608,0.05555583442341556
710,0.004218766757054867,0.04179377597224894,0.00948779681093324,0.008646433200081429,0.606060273386141,0.0027099650101567434,0.01557460623165665,0.021751730677459287,0.012477835558881264,0.040940540241630984,0.011178660654644281,0.014217123614341751,0.019282314126936918,0.011260224275279779,0.0046750775255512906,0.08662069228396867,0.006871080030175852,0.03091310714645515,0.011813747281180807,0.039506249215221036
711,0.006336171055642435,0.6618751630170032,0.016890121782034886,0.010377980347236459,0.03538953524051435,0.011839593724063126,0.018060821746413637,0.016530909108134255,0.010310553493323703,0.006292223907558093,0.014583404994089716,0.025029023750826496,0.007455483353339233,0.01985565829851815,0.05240693377771542,0.02605064325807281,0.010305485239657108,0.006606510587785317,0.006442136711069986,0.037361646607001586
712,0.013056850215016345,0.016096556300723104,0.016197531577371645,0.009413242177463746,0.04140596562150584,0.006395190424136044,0.013223867515555938,0.01735156530288429,0.018557342583446775,0.02025930715794529,0.014785322474612908,0.015484981451859656,0.03598358937949678,0.013168237490658631,0.004804781716200421,0.6728078797610452,0.013849596216395315,0.0064841376371120646,0.013489127232828179,0.03718492776374195
713,0.006016216491066261,0.010323555043353895,0.02578663820761493,0.009735313370975553,0.0168216577001163,0.0028822214539833547,0.6064379416859247,0.020564611660393063,0.011074147688282668,0.02374657284676945,0.013479284970534718,0.08330258478581556,0.02015143351413828,0.009107153246432173,0.0478548502617537,0.005635588369877944,0.008990877262022369,0.005506966887666343,0.008317048177062969,0.06426533637621572
714,0.00982898015248597,0.014017168307934123,0.010866352806346456,0.01193810072732122,0.02068715258200451,0.006209552979092553,0.6332813054171246,0.021991593882848635,0.017801992071819407,0.014880726607634943,0.017078237572442735,0.042818954365729925,0.018305189992396862,0.010768045066054574,0.03210240090417867,0.011531594744724899,0.009488056726511781,0.009876654765340281,0.017703270461335355,0.06882466986667252
715,0.004873742880200825,0.036226088709056116,0.010363144376608473,0.009337165267972614,0.471066701881853,0.002897234886990462,0.012505748776559343,0.02041288625056488,0.01467626410064129,0.028090811354438312,0.011700047333887846,0.010748744275184649,0.00532480900911368,0.014748340056945594,0.003790223102169406,0.046171642793247154,0.009895516313049097,0.004344817976882668,0.2028087506916439,0.08001731996299073
716,0.07388061868585373,0.07003409331226791,0.08239734635009492,0.029736443840252782,0.005795731287744158,0.005852458508185573,0.2596833415440831,0.031113445683465295,0.017897157065289458,0.002763527524960021,0.011516562933140663,0.2425819266688787,0.002452944595413017,0.07588109911314471,0.0021690834915630273,0.02201412862595942,0.02582454847023323,0.015204525118722447,0.006018321404758133,0.017182695775989673
717,0.010587616971256568,0.006764872603871524,0.006812044752753283,0.045256285782610046,0.00707130617616221,0.0013741667611882182,0.029962386199069716,0.026424935833776173,0.38013070733691684,0.09554017062116932,0.08522196411770956,0.010869179234468182,0.00338568629086022,0.056846941479899125,0.1937007370445338,0.002139612911663534,0.01385670820643628,0.013500189326906064,0.003981146382173077,0.006573341966576267
718,0.009958182228817556,0.09141034196209896,0.007105837259521508,0.003988014125909038,0.00777882250789655,0.00155752548883112,0.004557107971257889,0.19865217300230847,0.004297910418168482,0.2940542836069464,0.06314293861030672,0.006305441216789103,0.045157191777157185,0.010165698896880538,0.007940494809860772,0.0021182436447639815,0.0029635968958682244,0.22637471573735965,0.004478824338815947,0.007992655500441913
719,0.005490347186130217,0.05227584111090005,0.021156875953956187,0.007448494247316992,0.11372460102459397,0.003199040375842938,0.05763779185142531,0.019131223456075038,0.010444848325455334,0.004594443853423037,0.012777800728914893,0.036881008773088045,0.005704666781219053,0.012369163794545678,0.003935407851609729,0.00744334348608139,0.006548843490548563,0.012152506252272845,0.23461206248550898,0.3724716889710918
720,0.0065123785312607065,0.012286117691166984,0.007464645831769422,0.012097960366341377,0.07395713958990795,0.005300854440606358,0.03651008434818219,0.14288837331398566,0.015753323196720695,0.3594487706036974,0.20746552027829265,0.014881092847728254,0.03444107261662233,0.013125162741818724,0.011526189922493714,0.005292879999683695,0.005769413745540558,0.0110128898652831,0.01121740599476944,0.013048724074128793
721,0.006647144840068708,0.016723573371554237,0.01993868943912058,0.05963755074944015,0.015785227577856265,0.016861463899414786,0.096635682555355,0.029155390838408016,0.514321054520835,0.008490795046528206,0.02129546071096252,0.019003414407958323,0.009948297132718338,0.04167187841293582,0.037574442025321717,0.007784709902187523,0.035636344833342375,0.010263950699753457,0.013841213664102795,0.01878371537213627
722,0.0385082427909692,0.05434233797497535,0.5623233626734584,0.05465557542820309,0.019579537289591366,0.03504875341050519,0.026652832873497085,0.01970991949825438,0.018666408633961004,0.008167769322273151,0.01991762016802515,0.03432975373334062,0.009123514452166083,0.018042844298622275,0.005754699667051895,0.006496278159444525,0.012223704126107621,0.00812787815162197,0.014808572452856661,0.033520394895074926
723,0.016673315008079535,0.01019326782380613,0.012215390356083393,0.03250219344579366,0.01526181700769153,0.6643411844665076,0.027307626067453926,0.015990737024095647,0.01997049751146898,0.008928206306186707,0.017286887730945638,0.009715331625039073,0.011214007359413287,0.020992625450850504,0.023165000942040197,0.005622271959304055,0.008300137562446346,0.021414528985259272,0.046991895838829546,0.011913077528704867
724,0.0069219734445225625,0.02256773028223929,0.012612744659035294,0.012009589118051042,0.01572315935728316,0.043358089544940824,0.011199193469938624,0.0306302417177984,0.025537080711344872,0.006366939750459387,0.014556093926369612,0.01324881861171899,0.005086994431786993,0.01229901354015548,0.7066182198898093,0.021449036106101896,0.00986745998381572,0.007841810325413057,0.010254432240380635,0.011851378888834878
725,0.067584795167053,0.09840960749577408,0.021790078880822922,0.03388271472567645,0.07545044698056191,0.049563594122033205,0.04691915563593695,0.004185568455814776,0.023902819150421483,0.0020278561462084206,0.017051623710157664,0.0682749107911332,0.03472349561835501,0.018126696231326424,0.011151209993937983,0.14344435579965029,0.05528725840331031,0.01758584084805206,0.1343462766785712,0.07629169516520265
726,0.005233713119834607,0.006795932529791284,0.009996486539969021,0.006161193022198931,0.016611226856952446,0.0029520713738156856,0.006868221501451212,0.2656112397716373,0.008976750659599663,0.33200463438689126,0.18891319852913316,0.01746753712521189,0.004349096406004201,0.007146186537503951,0.0026052144187413136,0.005758591205514146,0.019718253444372467,0.0767382881207676,0.009040860937663512,0.007051303512946352
727,0.04356219965618846,0.038374256178991144,0.00796771168109654,0.013827211290082249,0.012506466648524549,0.020260160192550787,0.008192990234876964,0.21828769093132533,0.010410779532134833,0.01176956831236829,0.021267656609084477,0.013379143509404619,0.0043736722605300865,0.009293483643192709,0.003687538577837676,0.004382132824555347,0.082814656641266,0.45451347353272414,0.010537473334855156,0.010591734408410705
728,0.129680397067554,0.01010158229399681,0.032540430448252416,0.012919472202309979,0.01674237401028621,0.00792594767570331,0.00875402049487048,0.02420761694745638,0.017322943777822532,0.010431447724929392,0.040915783073983025,0.013087702550861781,0.00555756328789435,0.017146242015646306,0.008513140390532938,0.00806734395269026,0.007246486277371172,0.5969093003453194,0.020302035485965656,0.01162816997655352
729,0.02040039940758233,0.017391926519789155,0.017554865836293405,0.013784135450559194,0.026082927484260755,0.007756763988609713,0.027584901134798986,0.01631653340309814,0.014075144602282118,0.029284616279295024,0.013091516486974684,0.01610907798082207,0.6784357278338844,0.011424979640567677,0.008115619831124037,0.016314535758885407,0.02463927830548315,0.007381165065216505,0.019511304671563562,0.01474458031890976
730,0.005884099783087558,0.6478123478717218,0.016128733711264186,0.014157203915541365,0.01661482703049259,0.010199579833024585,0.01608393444045293,0.013092472117031762,0.016047138207258293,0.008474032399121152,0.018594521218360974,0.013454364284925791,0.006152678398284849,0.017670271283881614,0.07252995197877685,0.012979747134074132,0.010196310753113969,0.007245368436012262,0.021051826095222166,0.0556305911083512
731,0.006073607591056283,0.019012232084221602,0.02943080470137152,0.013162160163192584,0.01574759584316938,0.012541033859678623,0.03139109851026959,0.015292446746869087,0.034265705647870424,0.018787695266089564,0.014154117515147112,0.02910402534899846,0.01922065480845435,0.014902183663554265,0.6493074206347775,0.03144420952902972,0.011141890920290849,0.006552574208885828,0.009630462530986456,0.018838080426086697
732,0.06329096616650598,0.025210010953984858,0.06805617863449169,0.07949780457837788,0.008150353007030072,0.06748648955284596,0.08456929379212,0.003200834994846926,0.04078906308007758,0.03219094468690078,0.05870879068493392,0.049148147120334246,0.06975999627256031,0.18668490426663456,0.013755072040824896,0.06750815203213632,0.007801536323155937,0.011801595712984225,0.009901450042760714,0.05248841605649315
733,0.010061187124167384,0.01780345762478453,0.01497672267211238,0.21823733129714823,0.012443726653574617,0.0067997322403624254,0.017614267362339404,0.01149345076451701,0.047901603249101345,0.008651898211570802,0.011512107061367481,0.01402289523762071,0.007964935438632475,0.46628567212243854,0.02630117804756775,0.06688583712847071,0.006070648561973873,0.00849784463263191,0.013071450049316445,0.01340405452030207
734,0.027936648347941212,0.009630354573546055,0.6352491025628841,0.0903086447104014,0.008918502901039956,0.07838332336106152,0.02130323430521199,0.00838145013110597,0.011465024257213295,0.003312578793119708,0.009077419355156742,0.03236322484125265,0.0037025346992611147,0.008574465206377604,0.006676203270147343,0.007804785951751663,0.004662155108885052,0.005346141459357149,0.008222528655451434,0.018681677508834007
735,0.008619676101985106,0.0119003915212523,0.03753186056626757,0.7038512705867945,0.011903169101657262,0.024127887572679092,0.009023294659958875,0.013388770392241406,0.05375626211205801,0.008668945058630705,0.013192477386956492,0.009537653289192045,0.005357552981759565,0.016415693433945205,0.005048069000523295,0.0050535564946683435,0.013708779417671499,0.020708593191283174,0.014018997583286173,0.014187099547189401
736,0.10050554612487875,0.30533406609062475,0.008817874149391012,0.006109804777005186,0.010873950870256902,0.0025378418557395,0.007770465018672524,0.01717262298891665,0.006957187194228014,0.29081139486880997,0.04602658051037306,0.008390939752219273,0.033180244181022826,0.006205067868225377,0.01118988502673877,0.0023081537715315334,0.011767560169045262,0.11140308186269433,0.004954635490539315,0.007683097429087003
737,0.01024557523714217,0.018774841616686144,0.019887361070941995,0.021035883991888153,0.04591966118618517,0.006895562204337838,0.02190194542798004,0.5528187815722213,0.020102312824866492,0.020650409329718115,0.048598123864388026,0.04006401697288287,0.011286279422263684,0.018075234491829118,0.008311201909949665,0.023102172402560205,0.03417828201410533,0.04804624869891515,0.014757372118423035,0.015348733642715547
738,0.01645892292665529,0.05413958535132224,0.033446335264798115,0.016253622493807907,0.01982010099395798,0.6607722739044437,0.011372972245992445,0.016855090841600473,0.0167667763583393,0.006383645349579335,0.016643310798377487,0.015000368203486004,0.008688955656319632,0.013956940119402779,0.011685078168971479,0.029898305437011136,0.01025738336385391,0.013094989350151753,0.012739205600672474,0.015766137571256614
739,0.015801277982473754,0.02286258779399345,0.023041022982541973,0.01888458821950272,0.024329835077118535,0.04042048063609056,0.016579725988785286,0.022721905568358163,0.03736328032868188,0.013653519003865053,0.02698198196016881,0.018785512555160727,0.006285647647566889,0.047544324231778935,0.5838524950535581,0.011801572316325023,0.011174639149662944,0.01508671228052107,0.016129969168426683,0.026698922055419568
740,0.5930018058034097,0.011638157451294309,0.03926402953067512,0.009941961134852443,0.015352011453465571,0.04733484563268947,0.013577028202656174,0.020821016522923706,0.015607195611265737,0.006105867110946196,0.014484966646070572,0.015077055921432771,0.009166333265991526,0.012929303929399654,0.004107789705248026,0.09829972690719312,0.019692031252853005,0.03326374083044211,0.009533935418635479,0.010801197668555357
741,0.005596614687786779,0.0641184037918626,0.014453528712431017,0.012630238545510186,0.01854727230431846,0.00410756838899659,0.04047209011500743,0.01832498493201228,0.01683509271292651,0.012232108843069068,0.01910308200228068,0.015850599322651128,0.006465056265159573,0.01423359093995129,0.6566569814843609,0.039926007793695095,0.007673108739057105,0.006268103266597675,0.009930528601545176,0.016575038550780477
742,0.029665403577451895,0.2571656881391234,0.01481640501036556,0.011048048746757053,0.00986726944210361,0.020109211656178703,0.00702479066200826,0.021991996579297297,0.010088211780612122,0.007753830185922926,0.008592468775803937,0.01054239385899524,0.00439898358783869,0.009656411325084048,0.0027801010382587,0.002911415455267493,0.010204025090410683,0.548356485441741,0.006643456452819417,0.006383403193959971
743,0.10220452874332107,0.04789401114797601,0.008585166086742226,0.00606971809370109,0.01873932080156242,0.009007444804143463,0.08884188597511589,0.021999273731470866,0.011915822624094257,0.015706999718939442,0.06347513309179047,0.026525544507762778,0.04139792724484705,0.021593142968426474,0.011521366237747356,0.4052266137060624,0.03749579628508288,0.006757124747767773,0.015404639823218758,0.03963853966022733
744,0.00811429617217371,0.015804179257281434,0.01714324856254769,0.016776788956835237,0.015093921447172445,0.006423686151661122,0.01661784833157278,0.014970097542896809,0.01657139693251008,0.06200231082821728,0.014009968290532169,0.01443905068784282,0.555176228834712,0.09182623463653078,0.014619036321178365,0.06405265484625587,0.013770196631838087,0.01033864326236496,0.018481230886016848,0.013768981419859614
745,0.015175327994939465,0.02149476746472256,0.02568111372596915,0.0380276386996097,0.015498286619516537,0.555513573501495,0.018257168753510654,0.01886109840316933,0.015013806768779664,0.013095846536858875,0.0139709521025293,0.012346753405611834,0.005894166095958091,0.013758258678056318,0.08113295251455081,0.02272425835569998,0.024730217462537372,0.024189591750194323,0.042341041254838487,0.022293179911452493
746,0.05360978446361497,0.09150956540790396,0.0011828368103945787,0.006822830971593303,0.15480799651098517,0.02322034937662759,0.08038071192517245,0.03133020555095768,0.06077970416255831,0.043443053961164844,0.036004904114976026,0.0711355555203098,0.0032614107466676172,0.023929135093002936,0.08076060360903208,0.08450124737115214,0.023267673449035717,0.049774866632479334,0.0227011618049868,0.05757640251738474
747,0.007747307440295472,0.005022633084106774,0.011452995370749916,0.01919268589168791,0.008996082427500498,0.3726471666621293,0.08829751816007775,0.020895672681784397,0.025929715222962915,0.01195461002253203,0.06271080673895012,0.10823777611834107,0.007776198173386612,0.1105743976832704,0.02880531138921572,0.027181081982699938,0.02568566776127194,0.04174209201954007,0.007121144306334611,0.008029136863162478
748,0.004083250109233381,0.015609418764360993,0.006964009648977738,0.008253185798148528,0.14350088065903516,0.009465764275890567,0.02240811219607381,0.025790397219285405,0.014456588949399515,0.0528028836125371,0.026145630272885897,0.016675133223088112,0.003438662720766982,0.0073253466374965815,0.029534274389861805,0.007825760366149183,0.00466859251523315,0.0036940296526883714,0.45113899631811494,0.14621908267077274
749,0.07641318239991422,0.055122229324844486,0.005191797787628005,0.0026093688545152003,0.00723016422033069,0.06386196945317524,0.04334941873675773,0.013710689565793415,0.16385210791124624,0.04235666079944627,0.03355664716389586,0.08269197446361687,0.032483550965303046,0.1197793148321433,0.09666998297622795,0.08429375771326758,0.04196739672464761,0.018977312220109614,0.00395856239422702,0.011923911492909675
750,0.04223020287786116,0.06411457698159809,0.015328853356513773,0.011056147696483111,0.016685250533947756,0.012949818443748132,0.09133588752465145,0.13634807759312026,0.018582391312223417,0.07137974102374373,0.07499882398038797,0.07141026232083311,0.002583204239313179,0.04341359435724114,0.007363226166082933,0.04850979127868336,0.10131955596944113,0.14362875319089566,0.01784737182273763,0.008914469330493044
751,0.033642809813636286,0.030712341809344002,0.02241713090143211,0.006174368791933527,0.02645540358942189,0.028954818598245453,0.09277835131908416,0.048694687558332166,0.13384771925090755,0.06072143436728069,0.11926747158316398,0.01827253197739564,0.017223984577737918,0.03485002590347449,0.10806666821622998,0.042656175020862976,0.0809594822561289,0.04488028176707442,0.009998411111748514,0.03942590158656534
752,0.08770015124503826,0.0042596476056499105,0.21869252964088656,0.14049284747644256,0.006898324928132387,0.036764023346217686,0.03454881915128805,0.020507302042235755,0.011670544642699624,0.0016084651470957545,0.033770010689255905,0.03508299222742031,0.021638160907274353,0.054414557650097416,0.0017037516519835406,0.0643887259145849,0.0560171590142937,0.02019036223183373,0.014194772549135277,0.13545685193843426
753,0.030073403331540908,0.07767385525219776,0.01529920459325371,0.013317860234723393,0.014569225192948608,0.005542213245946037,0.010777317802645603,0.017971663916949415,0.012173223257996767,0.015633628291826993,0.04916886082267362,0.07502283454819836,0.08419427615916203,0.02267301065685242,0.003081020680126089,0.10489690890336092,0.2702412412243011,0.14421745439250888,0.009638821719812356,0.023833975772975045
754,0.35048217110279,0.032677811087518924,0.03210391918866095,0.021255048636123108,0.013339271439236992,0.20211453188904324,0.012254252661754344,0.014437916440909712,0.01914750078603727,0.005452677743493056,0.013837692766619338,0.01568755023974173,0.00549159541473993,0.012431964785968733,0.006375558139719878,0.16243087131776068,0.021856682215014606,0.02304119321165566,0.016953551132820155,0.018628239800391674
755,0.09183280172020307,0.20863902783068217,0.006927763757462183,0.006175349158967489,0.01026200023466084,0.3495617471507716,0.005588958365497406,0.006274973697253323,0.005857985472857333,0.005006573293599646,0.023532062639374546,0.008265427083836256,0.007894153933623749,0.005239979507773571,0.018899139171464113,0.11592599072492082,0.07340589342027316,0.035607313324728156,0.003447818388284323,0.011655041123766231
756,0.025796237263146587,0.08586172430159915,0.018067535168325637,0.010937411691104003,0.042101447182382915,0.02873737811140216,0.05134816855359149,0.03394612844431679,0.011862688513778238,0.25847626960066544,0.14240569047367588,0.025001194117882524,0.024276130946504156,0.020717585222747786,0.008910381354532548,0.03655448653609169,0.028158620206259827,0.08359708267410784,0.01267591326380913,0.05056792637407615
757,0.37725190773142064,0.010819184705147923,0.012434491717622185,0.01832690238153482,0.014633194907998467,0.23406126408045438,0.008625540089196016,0.009084454035101339,0.01858268755390873,0.006139220858051521,0.014957222136658893,0.02257457069573321,0.004625924163321846,0.014816070809736957,0.004529675847670788,0.1555248745835752,0.01706502880843699,0.033279550619363794,0.010345265344738879,0.012322968930327383
758,0.006004616269894823,0.012319443385885849,0.011703214859044289,0.0663606972403895,0.014658329711256277,0.019236097841223897,0.012612307769672178,0.08696220430228756,0.5928853156320529,0.00523950683848218,0.01371913090937261,0.028136248761236406,0.005790611388362161,0.026725047867049375,0.03807828387253348,0.005354139547813833,0.023997869046102373,0.008050932583761501,0.010496711971377578,0.011669290202201378
759,0.03711382201024771,0.0105633191681753,0.01196054553887074,0.01669826806953496,0.009470816310535722,0.00935996740465398,0.008133193942129083,0.013191173037585014,0.016881505055398205,0.09225998815129736,0.01000099916342165,0.07916281458351886,0.04200172645067715,0.02157866148799386,0.004980697696032419,0.5284903642313152,0.056269896869441505,0.006074637076232407,0.01404591837764265,0.011761685375295991
760,0.005827895778175197,0.036003418422393435,0.015285905552918854,0.013698781961327131,0.02474070198960403,0.006629300722195136,0.050379994368073985,0.011006139403184777,0.01119871099397432,0.003932671506107501,0.010251453391549757,0.01075386482330714,0.004412762982440247,0.012415383934140014,0.008911578400803203,0.02054164690574564,0.005790292791527024,0.006065513962917859,0.011007179232234389,0.7311468028773804
761,0.5451275865732388,0.0098160305200289,0.0073446965364079375,0.016117686248579427,0.008615947777335205,0.23658033468645825,0.00785637156578486,0.013889165407579068,0.00977312033664143,0.0038069290515469335,0.007094512998669065,0.007269904639843108,0.0033805952771009096,0.012372287374300444,0.0032749304137169,0.03913875656551359,0.030341181424490587,0.020431619627366962,0.010258206473727686,0.007510136501670085
762,0.0037145469550089287,0.05694365904502403,0.00913388761023987,0.02477695722665444,0.00957972552106263,0.004669952366761888,0.2828190669958942,0.006075842069880207,0.0239452686561071,0.053838893976036445,0.022374948322013012,0.08840865987318916,0.006510631754428022,0.3187984859186607,0.057354445004513546,0.003220542149350939,0.00812855366394579,0.004421707293094567,0.007589955766046249,0.007694269832088221
763,0.007180358667179574,0.012354845462720747,0.011471681755359345,0.01930066075746959,0.030499894449590784,0.006563128985745067,0.014581753960711702,0.06624369337929745,0.038127326135241994,0.07080128570930443,0.40963514223505954,0.011211896554215625,0.006389577228256272,0.036609286596851316,0.02024685708278657,0.005764651681697135,0.04631451698165995,0.06924834638154857,0.009489484300297729,0.10796561169500665
764,0.011533376708354685,0.016223462924786998,0.018495731918886545,0.016995033609769273,0.017954966783108813,0.02843061024308771,0.014927735258025482,0.018746233819560715,0.01591202366565385,0.016574384010983993,0.014281626946393471,0.019339318022934975,0.007644436519874286,0.0204518488711779,0.077611485947149,0.0165883499215768,0.012242251905496767,0.0076796034315443715,0.6324291464968679,0.01593837299476651
765,0.03022354375137455,0.012256069723382773,0.007259761377922047,0.007693962034903268,0.009538711249795228,0.001964197079360668,0.10522325290891602,0.009082660972302838,0.11675606209827809,0.06456898099621763,0.1350488874107277,0.06003152126365478,0.0035665732859094606,0.2539741725273495,0.017036622994937353,0.06350304630621822,0.038709400470141105,0.009187402206269905,0.016436842074352972,0.037938329267985856
766,0.008310537303291832,0.04928970254584975,0.008081818098079533,0.009718319228454522,0.01410078368506346,0.0033279679340292214,0.02792899993318304,0.11555691384720812,0.009844819422214943,0.39761446598535644,0.17093065928328982,0.007167264443108907,0.01230117197673516,0.006129567907599885,0.01113071846483366,0.002362882619421022,0.02975898522475506,0.10471142424472821,0.0055458337370094465,0.006187164115787939
767,0.0022761616069130733,0.0061409004782872305,0.0037282938791788852,0.004221749126435456,0.2408566592893103,0.00146109771204134,0.0527648339187567,0.09097456201799108,0.006090578339505962,0.11312592688784971,0.37675060759963497,0.028345070328741503,0.013986468343305655,0.003992095745122015,0.003419008174965976,0.001538936444902853,0.002222356429135033,0.01323231973782103,0.0030841018330527905,0.031788272107048494
768,0.012320697879482022,0.05212123716627814,0.03365019962650557,0.020612319267932354,0.021959533893898573,0.012324562079414668,0.051171828155721064,0.029869310039526267,0.019718359639187038,0.00834330834118898,0.014704964323483116,0.018886568501128846,0.005073567503743962,0.020499548733647437,0.009424779529971124,0.008229002546821646,0.013253219439765186,0.012170497162616246,0.022173837404586276,0.6134926587651014
769,0.005259740469940544,0.02338405391384082,0.0106911570086156,0.0142051260695238,0.6935160723873048,0.007863993716120777,0.00953025747072597,0.0256109969964663,0.013818226333300206,0.045090938278665386,0.012826635831160192,0.009676409057530522,0.01253880432520963,0.01114829157264712,0.0038953655543972174,0.04692509946998582,0.004066021848169654,0.015678999506992055,0.011681197555085038,0.02259261263431856
770,0.07319404528559223,0.013683825694321024,0.020525734069692714,0.014945666162569203,0.011021003092013096,0.023623323564118046,0.6338496112397896,0.008551637029385249,0.010146339601798884,0.008144625490702512,0.011417929396559976,0.03008225885068047,0.007609408049154864,0.013582599895243436,0.024054317900975695,0.04889537523129219,0.00421609051843273,0.007457173998373009,0.013659828514686091,0.021339206414618908
771,0.008413044287841728,0.01562540141551669,0.011293462510352096,0.01352727581074199,0.012557835284487714,0.02923800891705683,0.03590331809056719,0.03448503497688164,0.16840665723066534,0.004971594746688214,0.010892546089666727,0.010479103154507499,0.005923487422006502,0.01615434496569529,0.5612152455284835,0.0165944449179726,0.01094132825098534,0.00787064768471108,0.013285285708859217,0.012221933006312842
772,0.00810247993572004,0.016009325515487102,0.016431695543958784,0.015197374750079097,0.017751117731948887,0.03715600525182752,0.013659270514674434,0.034932401824648567,0.050690590022842014,0.007616950898056709,0.017000916459733707,0.01724392956015136,0.005866329099910782,0.012902605565889059,0.6256042327219675,0.04463186401096977,0.009121629276605751,0.013938467637957998,0.016493772966304273,0.019649040711266736
