site,A,C,D,E,F,G,H,I,K,L,M,N,P,Q,R,S,T,V,W,Y
677,0.20842835548112154,0.0041343758955501905,0.006142501330531711,0.014111886279327152,0.008775001900759588,0.5313391530296483,0.009772161207664087,0.007678126663164641,0.005733001241829597,0.0024854051626428887,0.005657567014963417,0.008112737606362637,0.005844316703674143,0.007413363674779652,0.0022278502235089114,0.15565700221892614,0.002161421318644806,0.0012692484795868788,0.006231523088945215,0.006825001478368568
678,0.05623994690108523,0.027298691686272802,0.05518405104756744,0.04014513483275413,0.033237043449195786,0.08068578823528907,0.07243145196826438,0.0035623575933339045,0.007597038502673321,0.017849679979679622,0.06204248110516546,0.26701683800766046,0.0013196504203454272,0.054734135093273885,0.00202955501280917,0.03050133149304224,0.07445097732619854,0.06114331471233697,0.01884834869017685,0.033682183942875144
679,0.48855190059289416,0.013087881683184937,0.011150824874954295,0.013260090652700526,0.02399444975250571,0.003952027018059764,0.02723694296230378,0.02723694296230378,0.018662349807504443,0.006586711696766275,0.01938013249240846,0.02399444975250571,0.011236362941301797,0.023436439293145112,0.005928040527089648,0.23967844073719705,0.004732191283686743,0.003736457318840051,0.010720924357502555,0.023436439293145112
680,0.009094985002482884,0.01660823348279482,0.02665042117006611,0.01710400164646034,0.040944078165131605,0.006903422351282188,0.02554513756078817,0.05653312506155632,0.03696671323589816,0.5563049169581531,0.018189970004965757,0.017905751723638168,0.050346673715390526,0.021622039817223448,0.005615673754162256,0.005354991169686183,0.014147754448306704,0.03889320582181692,0.017363153186558223,0.017905751723638168
681,0.03920396480055718,0.028528706779748187,0.007757723340302705,0.005682983377198494,0.009050677230353157,0.0012513884449877775,0.08806687745052696,0.04501195958582489,0.1505497380355397,0.001994843144649267,0.008036368037665486,0.07365593386771348,0.003647287839097541,0.04219871211171085,0.23751660468717906,0.054781205774308075,0.08851091212674814,0.05821906150022862,0.0038210990155315367,0.05251395285012905
682,0.006881742412495994,0.00820924160757954,0.010693930655389457,0.014431615156302277,0.7254010049073116,0.00502181203074032,0.01790911278432692,0.009210866536023302,0.016334685286803676,0.031248812684915535,0.022868559401525147,0.01101078785999359,0.008917470204335008,0.02477427268498558,0.004810538385434093,0.04973294642188176,0.007078363624281593,0.004373007305508798,0.011261033038629808,0.009830197011535865
683,0.008348616003822132,0.013338593385416967,0.01706555330193053,0.012215343416118697,0.011386565292809571,0.004855471232348436,0.023209152490625523,0.08590910200186762,0.015896679788099673,0.5648228939022495,0.07319230416416252,0.026374036921165373,0.009918441235310053,0.017582691280776913,0.0044292275745468545,0.06585791606423659,0.010454573193975462,0.012208162690807272,0.006817209052351414,0.016117467007378837
684,0.0074561887724550755,0.01723479699862567,0.22749200010219536,0.012224681592048437,0.022368566317365227,0.006295345011474045,0.015691382342032323,0.02444936318409688,0.014825700063800093,0.005283028225709376,0.015018894527373795,0.5129208366508247,0.009386809079608623,0.01695681640187364,0.005939675801786246,0.02645627526287938,0.009658932582055801,0.006007557810949519,0.012368501375484304,0.031964647897361656
685,0.008768954331492149,0.015513899139281697,0.7050355280359843,0.05395023452330077,0.018034907749414974,0.0019889824916690616,0.01989121301289968,0.019237234932709305,0.024454112202596575,0.006870441047396181,0.013236629540855027,0.018703352694951113,0.013611251131633943,0.018737566492898674,0.006742021588566347,0.007183622236909444,0.009683171945994619,0.005271641411922116,0.01639537068128634,0.016689864808237774
686,0.010095775452176992,0.014108199029324258,0.02620094105445933,0.016424470511750625,0.025591616843890504,0.004585164684530383,0.030567764563535885,0.03175637047357091,0.019001586810100668,0.006138336238804538,0.5349241589150253,0.023922598354071564,0.014672526990497224,0.015499148229398475,0.014702791433608078,0.008212235255875312,0.04306092625456944,0.1282421168836695,0.010284481535395252,0.022008790485745836
687,0.13478116881908989,0.018466903704339597,0.01622849113411661,0.005681202805667613,0.019834822497253636,0.5226600797263965,0.02185878397656523,0.027463600380812733,0.017851340247528272,0.006611607499084545,0.017275490562124136,0.023801786996704363,0.009313742737840839,0.020209064431164082,0.023955719805733567,0.05779911403274266,0.009154533460270908,0.017194109644628617,0.009649373106772038,0.020209064431164082
688,0.009833975408479845,0.016775605108583263,0.018399050764252613,0.031576010194381436,0.021937329757378114,0.004881455806384456,0.02716050350913481,0.022136096411997205,0.5517341598820027,0.005910575893179596,0.02328043157925841,0.02119508475524283,0.013420484086866613,0.136851390926335,0.024464667344473078,0.006955738703558915,0.013102004750995067,0.008206770844486776,0.00958606006204758,0.03259260421096177
689,0.018170155267575122,0.04216868020406901,0.0038344001425056604,0.003423571555808625,0.005502174372031181,0.0011084937342355512,0.0051816218141968375,0.05399500936776773,0.005325555753480084,0.012718957555097124,0.004915897618597,0.009129524148823,0.003249491646191238,0.00684714311161725,0.0015523887216622107,0.005423554427072926,0.6227662040705049,0.18591100025929308,0.00379643578465907,0.004979740444812547
690,0.010644094117491947,0.019892241465476756,0.027577880213501868,0.02426853458788164,0.028219226264978654,0.0026537053965073835,0.031113505881899543,0.034669335125545195,0.01340234886704523,0.007490288453049887,0.014968495438033528,0.03791958529356506,0.01617902305858776,0.025279723529043376,0.5888102927640992,0.041443258657828934,0.01643224849055763,0.007096062744994631,0.026122559662803527,0.025817589987108126
691,0.007551010916020874,0.01651783637879567,0.028571392655214127,0.0910354030404404,0.020728265259665146,0.004698406792190767,0.02781951390112955,0.0293650424511923,0.5115142193263684,0.0063301887918737875,0.014481390797848253,0.04263156017603817,0.009035397677289938,0.05366538303353436,0.0700161693410588,0.007191438967638929,0.012194626756571807,0.006820267924147888,0.012012971911851392,0.02781951390112955
692,0.051819325290798995,0.008900567865556375,0.4057021273604613,0.058828019596923894,0.06819317339793808,0.14912994891621018,0.03207513640889264,0.015211879624769081,0.012676566353974232,0.005363162688219866,0.010865628303406483,0.0547688730890579,0.010329054066201224,0.013715629169873761,0.003669532365624119,0.022009436916794824,0.0074040122067460115,0.003739151027958152,0.0552183660700118,0.010380409280581199
693,0.0327378205237719,0.08738739008591863,0.005749759171967343,0.0108250145376701,0.01511417124127524,0.0015579992595008288,0.011443586796965536,0.1717493217331393,0.03254932522689789,0.09242897028318318,0.05797080153725963,0.02002627689468969,0.0036439358893848787,0.09201262357019586,0.017356106642064394,0.02801185030330592,0.11669942576488389,0.19329710741830913,0.003401265989051105,0.006037247130565712
694,0.10638051427741416,0.09160819682416647,0.01621829888188084,0.009730979329128506,0.013099395250749912,0.22635381509806898,0.02074812554374124,0.008514606912987444,0.005252303511526421,0.07508995741931461,0.11555124826684639,0.07061465171862835,0.031590709058534935,0.16510201093948274,0.0008229877294107512,0.014411153411964969,0.005083347410738772,0.00396028228511044,0.005676404608658295,0.014191011521645739
695,0.007141128536084126,0.02942303304696827,0.019837699027804332,0.556766598631042,0.06749989934304486,0.001944324973722536,0.03701607383328266,0.04781242870132344,0.009340092875869484,0.008499987324679723,0.021650911110033255,0.04413454957045241,0.013993881571119056,0.018214258552885117,0.007499988815893873,0.009035419597100493,0.011033637392613102,0.026371617946517278,0.012893239200356883,0.04989122994920707
696,0.011110555390492318,0.01561931562120653,0.020880181682132116,0.015329753640046365,0.020184175626061045,0.006234211894437726,0.03273109560982872,0.025230219532576308,0.03186975098851744,0.0062776044680136625,0.025767032714120477,0.05046043906515262,0.014247653383101914,0.026912234168081393,0.05443359346635014,0.00939927163112385,0.01780956672887739,0.0070821668863372085,0.5875409958214107,0.020880181682132116
697,0.09410491652092515,0.1037697457852364,0.007453560329236189,0.037646775188383524,0.03242804555788638,0.03895260727674038,0.12783229553253764,0.0048113145827017294,0.10055677214283473,0.021177499139844163,0.05674907972630115,0.0742272729795437,0.0043479101920544435,0.0376817167560796,0.061032307845446686,0.055474392400912544,0.01648106826480839,0.01002606239470883,0.009789598658984567,0.10545705872483373
698,0.16876077131855896,0.03228176338489662,0.07187034519828561,0.1068146582588491,0.006243753217407458,0.05188140544001243,0.03296426221642371,0.00613765369499931,0.029311528497182167,0.0026243622007499257,0.006229260466566465,0.07227260459305215,0.20258766005860196,0.10110222598566523,0.0025908317323352025,0.09012104338279064,0.002534234472898008,0.004167181159840356,0.003864448622777344,0.005640006098107474
699,0.010383639285972779,0.016868321412589714,0.01897686158916343,0.010317516980516044,0.025302482118884577,0.006519657969283142,0.036644974103212144,0.062512014646656,0.01801193642361275,0.004436997307186997,0.01586125744765899,0.026567606224828802,0.1527296211450257,0.024714052302166334,0.005534917963506,0.5131087531722113,0.014366626673903534,0.006142799127128046,0.01167806867025442,0.019321895436239134
700,0.060641758116677054,0.10175872697966375,0.003000588563094716,0.0030618250643823634,0.0035721292417794236,0.007704446388824096,0.07600497508974885,0.10921177746407877,0.005000980938491194,0.07002444611018878,0.060803980071799074,0.08933328227441809,0.03847728896063317,0.05596729983881505,0.03155701815123901,0.024975501182553896,0.07234630943422908,0.10465430051160542,0.0182007479150618,0.06370261770271632
701,0.11429968278549828,0.01727157723539228,0.028474762469160246,0.00727157585950971,0.029265728093303585,0.508688132780298,0.027014518239972543,0.03292394410496654,0.025696736862412906,0.006931356653677164,0.018483617743139107,0.027014518239972543,0.013682678069596482,0.021949296069977687,0.03398864891278546,0.01353728607157096,0.01254245489713011,0.022599231805237242,0.013862713307354328,0.024501539799044864
702,0.005638605549850602,0.027542011546734038,0.007347772239098535,0.006636697506282547,0.2428423169859386,0.005096517223521924,0.07488343224130857,0.10586968006529832,0.009143894341989289,0.06176684909147667,0.009351710122489044,0.009569191753244603,0.004242012839067196,0.02675573613850677,0.0012876797405202082,0.008925537472001992,0.006822712715319229,0.09971657045466563,0.1992938163116262,0.08726725566105988
703,0.05258458730581886,0.036609339740365884,0.05737943795991225,0.05249272758420543,0.076392742846037,0.03243568014241383,0.09268986131985822,0.07113819330021788,0.0024593652365859976,0.04940492007925216,0.0415298729290274,0.06682929728937242,0.01173670321907296,0.07751068542427171,0.018516190529509754,0.046002532357296226,0.06854858348860594,0.04540600311564659,0.01647102065265774,0.08386225547987175
704,0.003826072271200838,0.006499713135413473,0.11661442758592153,0.046210233324626725,0.019980599638493263,0.018170803612395592,0.09318007041598937,0.010789523804786363,0.006796521093868828,0.0029160875148071257,0.005237632914944837,0.2531539530899893,0.0047741255773391,0.09572119760101248,0.004174756281664095,0.24019961204655738,0.010819666124461417,0.00541453238955222,0.019635117456617942,0.035885354120358225
705,0.008500134450339892,0.011145111582049137,0.022816150366701808,0.010573337974813033,0.01912530251326475,0.003968755412151561,0.03251301427255008,0.024538123979283077,0.020976138240354884,0.00895886045743669,0.012626413309728185,0.043350685696733435,0.014136093161978293,0.02408371427596302,0.060345926195491895,0.007185196524320459,0.01204185713798151,0.006669336261035913,0.6304354367697822,0.02601041141804006
706,0.012237161640905034,0.02628784771429437,0.07431755255796706,0.5203039057297626,0.0384929198673596,0.0038408730870137884,0.04686094592548125,0.031700051655472614,0.01061968689553658,0.01088688642713201,0.031700051655472614,0.030794335893887685,0.018582788901483942,0.03592672520953563,0.00848662800225251,0.009979645891537676,0.028363204112791286,0.009268602697582923,0.01766888125059129,0.03368130488393965
707,0.04913976526567945,0.03379134326364169,0.17537067206059817,0.34263199471987316,0.03379134326364169,0.03194380717048574,0.04435113803352972,0.03379134326364169,0.02909562982027623,0.008982508968816146,0.021503582076862898,0.028384728341459022,0.010751791038431447,0.034611563066377804,0.007252573943689181,0.02120348007669991,0.01391408252032305,0.012046534911323148,0.028018884387067736,0.03942323380758197
708,0.07785861754822887,0.014110055149814463,0.016754412735731094,0.021856752094810635,0.021856752094810635,0.004963149162356267,0.03981051274411936,0.027920512602626516,0.03184841019529549,0.011491694400364355,0.03184841019529549,0.022748864425211065,0.013114051256886378,0.04846497203631922,0.010226553732434333,0.007905633736420867,0.022799989024352266,0.5378634763450539,0.017978941239279716,0.018578239280589038
709,0.02108134339725011,0.02438898939495081,0.02689042420468937,0.03250861364996513,0.043696939332620206,0.008281956334633972,0.030844898352437797,0.040335636307034045,0.017775026169201447,0.022225860658840167,0.01691494425778847,0.06991510293219233,0.5079959082858942,0.010290794537139953,0.004425006514695718,0.004723970059524479,0.012942802459075793,0.055654746568740296,0.011652517155365392,0.03745451942796018
710,0.008359778630450891,0.015813110894116106,0.020972777967622407,0.016837300621894046,0.5776774181685184,0.0049195405109237755,0.04427586459831397,0.022047529339261587,0.029886208603861937,0.003198897480028183,0.02543507115222292,0.03415566697584221,0.02108799689079593,0.026565518758988382,0.009125559879041812,0.06838126608710986,0.013900562141331133,0.008401662174307137,0.02543507115222292,0.023523197973146243
711,0.0107092927191232,0.5495775068034906,0.03661887187829225,0.019915526811001043,0.03661887187829225,0.009731283707141918,0.039144311318174474,0.03661887187829225,0.023649688088063742,0.01123945572502039,0.02987329021650156,0.07094906426419123,0.013514107478893565,0.04540740112908239,0.0032592957312524476,0.012259549150695277,0.019240424207238295,0.011702938435330509,0.011949316086600626,0.008020932493322025
712,0.007912533298847389,0.035760239447642235,0.03142566496914015,0.016203858499712887,0.010817750718834762,0.009602286518348378,0.0246915939043244,0.041481877759265,0.035760239447642235,0.010475221656380049,0.028028295783287156,0.028028295783287156,0.056852337541135514,0.02529382790199085,0.007103061260148116,0.5021177957213213,0.061761113244470714,0.008940059861910559,0.0246915939043244,0.033052352777986856
713,0.010883404583443241,0.02096063104959439,0.023580709930793687,0.020579528666874493,0.0390301405751068,0.005192082920541729,0.5476932431131801,0.05430180626700016,0.023099470952614224,0.008625730352291763,0.02829685191695242,0.10423263433596691,0.010766464521326317,0.03181299915259078,0.0030824193028768706,0.01038416584108346,0.017413447333509184,0.009674137407505104,0.01664520700997202,0.013744924766776254
714,0.017980614562070514,0.029615129866939666,0.019743419911293116,0.02142371096757338,0.04794830549885469,0.009775868111416978,0.4869654938185233,0.04377888762938907,0.04027657661903795,0.01014829289580452,0.0324811101766435,0.07467791802771181,0.027455152096995464,0.019224706194249333,0.0043450358138336235,0.019363738759152864,0.025670587976181315,0.01899838519765941,0.03729312649910921,0.012833939377560362
715,0.009288362806315955,0.035624143143056196,0.020227990111532517,0.019367224574871562,0.43966552882674786,0.004867698155181623,0.03138826051789529,0.020060979308839242,0.035009982885344744,0.06212717952249793,0.028445611094342613,0.026772339853498927,0.010227635449651275,0.03250926982210584,0.006844056804653862,0.005440948109023581,0.018963740729561737,0.008652222471418723,0.026026895833581736,0.15848992997987876
716,0.03224936633766157,0.04514911287272621,0.05864878482245898,0.015988331016778067,0.016388039292197516,0.019212388456479237,0.1871973678877859,0.016808245427894886,0.013656699410164595,0.007125234474868484,0.015244687713672109,0.30649454271139115,0.006364287103766025,0.08738537975366362,0.005462679764065838,0.09265683896518197,0.03283700458216366,0.012313394419834419,0.014250468949736974,0.014567146037508904
717,0.023292062294289335,0.08488094801602306,0.006599484334707743,0.002345647768356736,0.007614789616970474,0.0012374033127577019,0.03282063323286224,0.021404760804040596,0.19092472768939145,0.13538511208555673,0.19154685962396217,0.030127397447477486,0.0031677524806597167,0.11394371961599131,0.04813658303005599,0.0019998437377902255,0.05745122977020098,0.010796260931862579,0.0035041509741811027,0.03282063323286225
718,0.0652666014077982,0.0991463129024712,0.013987330018320096,0.00750539659519615,0.016633581643407683,0.0030926759839501722,0.009926492271065875,0.12487232412206288,0.009468346473939758,0.2967049555730139,0.031445426817000535,0.012821719183460088,0.004887251103248272,0.018715313039339772,0.0066778094570928035,0.0043037938517907996,0.005806061517038531,0.24316177600630362,0.00799276001046863,0.017584072023030983
719,0.006476509065331894,0.007095286680705657,0.03229667910330329,0.009455703235384564,0.24170605966650358,0.0037522631886446694,0.15461086187627496,0.033608712965457296,0.013508147479120804,0.005497501881037537,0.016885184348901006,0.018184044683431853,0.006952722967194532,0.018184044683431853,0.004425002426521221,0.004316405882746489,0.008151468306366002,0.005029629380523704,0.1814201670025929,0.2284436051765261
720,0.01154410953445696,0.023976227494641376,0.014842426544301804,0.020779397162022525,0.13649633909026054,0.008658082150842718,0.013714757319454467,0.16512192345343893,0.03280957446635136,0.2988938608373366,0.1120357283472812,0.03463232860337088,0.002035961526637594,0.02493527659442703,0.019922989255851484,0.007792273935758447,0.009445180528192055,0.00959049099785655,0.02308821906891392,0.029684853088603608
721,0.009361847583972769,0.02958343836535395,0.036979297956692435,0.029144211017925623,0.02958343836535395,0.026947043032661325,0.04108810884076937,0.09244824489173106,0.3558178236237622,0.012326432652230813,0.027628479058359193,0.021709961253147936,0.016077955633344538,0.023570375302495433,0.12497651960727241,0.028294395184294403,0.021709961253147936,0.015093591002731608,0.02550296410806375,0.03215591126668907
722,0.011026949632681046,0.03510454453703231,0.3862618696252919,0.01550755803086161,0.036700205652351964,0.07628963317099617,0.040370226217587166,0.04485580690843019,0.03844783449294016,0.012233401884117326,0.04249497496588123,0.08404148422140884,0.014951935636143394,0.04249497496588123,0.007915730630899445,0.009498876757079333,0.020185113108793586,0.01245145238825708,0.02523139138599198,0.043936035787373866
723,0.018842338296792993,0.016224441763552772,0.01781507330899912,0.1562382004961821,0.02595910682168443,0.4380172150321904,0.060571249250597,0.026722609963498678,0.039502988641693694,0.013167662880564566,0.0302856246252985,0.013560727444163508,0.016519431613799183,0.036342749550358204,0.006141965722174974,0.024118193019895026,0.01179959400985656,0.007150352517769815,0.022091959650117073,0.018928515390811564
724,0.01029525834391413,0.0198680424180799,0.02220545917314812,0.02220545917314812,0.03330818875972218,0.12718182557649824,0.020971822552417668,0.01950182769012937,0.009269803352493942,0.010202508268743733,0.02980206362711985,0.02359330037146988,0.008031761828585492,0.020971822552417668,0.5477903909668365,0.007831499811719413,0.011324784178305541,0.012309548019897329,0.020222828889831325,0.02311180444552151
725,0.04891624463595668,0.12755973650106237,0.027954624880902834,0.010250029122997708,0.0760418533245966,0.106322335987705,0.01708338187166284,0.0061835884372948525,0.014192348016458363,0.001902642596090724,0.07516688023531652,0.06150017473798624,0.012125965747938292,0.021288522024687548,0.050461681836296395,0.10713240313583892,0.06230083306922793,0.004392869624141874,0.12177034598121274,0.04745353823262557
726,0.004138833390763491,0.01110418714595083,0.01821086691935936,0.009897210282260522,0.010152270807650993,0.004420113329941592,0.01110418714595083,0.21922734217344048,0.01751044896092246,0.2561133277843329,0.13854907848824355,0.01092076138374873,0.0034490278256362433,0.011980833499578528,0.004138833390763491,0.01254602633875313,0.002144516005345232,0.22279092488494004,0.01821086691935936,0.013390343323058353
727,0.013876894973583895,0.3993326977368973,0.010034732213378918,0.007144947030625307,0.017728026910302754,0.0030543950969374686,0.010034732213378918,0.05341126991674278,0.013636943777155963,0.004127801725922997,0.016372728205541438,0.018994314546752954,0.004834916430082569,0.010636816146181654,0.004059853490909028,0.00554000840946961,0.1252808463488305,0.25608357950177735,0.011818684606868501,0.013995810718660068
728,0.15145824675744346,0.07276513434855583,0.02344979844683024,0.019747978376943386,0.020959272216249294,0.004848836207996853,0.012949494017667793,0.09238740713308773,0.029256264262138346,0.006646681114911862,0.04157469131988082,0.018807598454231793,0.0065826594589811285,0.03159676540310943,0.011968471743602053,0.006219835709273508,0.00907953028824983,0.38057288486368296,0.04157469131988082,0.017553758557283007
729,0.12011117416529311,0.027239655701113738,0.030266284112348597,0.01815977046740916,0.048069980649024235,0.009728448464683475,0.03668230873360595,0.02403499032451212,0.0204297417758353,0.08986511646696199,0.01857249252348664,0.025537177219794135,0.39543645524734444,0.01571518598141177,0.0054844944364658525,0.03798682214526628,0.008073191108414498,0.009728448464683475,0.03552998569710488,0.02334827631524035
730,0.011934636123865586,0.5494467408826925,0.035430950992725946,0.0343572858111282,0.036758898736353664,0.008116594778525303,0.03239401233620659,0.02519534292816068,0.0343572858111282,0.013997412737867044,0.04360732429873965,0.028344760794180763,0.011115592468306183,0.04360732429873965,0.018988926144476632,0.007873544665050212,0.02024625771012912,0.013497505140086078,0.021392272297494914,0.00933733104414327
731,0.008321872955946226,0.022161089625040098,0.09320497710659775,0.023301244276649438,0.028243932456544767,0.006340474633101888,0.003961593374265872,0.024527625554367827,0.08282670419825412,0.005817262946558317,0.023301244276649438,0.0847317973696343,0.011128397953361006,0.02741322856076404,0.45221835934921656,0.007565530031889804,0.016351750369578553,0.008962017029480553,0.014794440810571073,0.05482645712152808
732,0.09502638742599324,0.00622926363189698,0.15657259694989073,0.1203448366709811,0.005958426082684067,0.027783314145028964,0.06622282228468573,0.007838552580102217,0.03788633747049405,0.02596960854848633,0.062329135838554726,0.01754672179046902,0.0557728481086016,0.16793435106002727,0.000567079687420756,0.014988001636678966,0.0264685371369205,0.0639331944814587,0.005075696292656798,0.03555228817696832
733,0.029072944657070384,0.037965601204770646,0.025310400803180425,0.06669675538974972,0.023564855920202465,0.011389680361431188,0.05246290026671356,0.014540017482678117,0.027854466870965947,0.006475457929210736,0.017983705833838726,0.028474200903577978,0.009549877691219656,0.33082123613396164,0.08913284122458993,0.1308282509568168,0.043609416985605595,0.012203228958676276,0.02070850974805671,0.021355650677683483
734,0.02052201960424549,0.014983191550456196,0.4797765254294558,0.14582372036227978,0.014127009176144413,0.05871071839382964,0.011257294657539054,0.014542509446031015,0.02104022643255551,0.0047772494798556,0.01475956182582252,0.1290422949793509,0.005493836901833939,0.013734592254584847,0.004800440011311209,0.006029820989817738,0.006773223577603486,0.005655831514954063,0.013734592254584847,0.014415341157743903
735,0.007527066455641072,0.02109024027600523,0.040871590552361683,0.5724358013156692,0.021473699190114416,0.09033736665755901,0.016178814458305383,0.02567507511861506,0.01013954191175342,0.007428009153813162,0.027466359429216113,0.017894749325095348,0.009602060613465798,0.039368448515209764,0.00843609611040209,0.007873689703041952,0.011142013730719746,0.008132875274607211,0.02812032036800698,0.028806181840397387
736,0.07907448295295981,0.17275157077179726,0.016645737775174457,0.00898869839859421,0.01728595845883502,0.003404809999467503,0.012484303331380843,0.025708945196528808,0.010961827315358793,0.21769459535508923,0.06275136061536524,0.021928217961745156,0.03211508212717781,0.07482514060948364,0.002383072129445132,0.003483991627362097,0.025532856530799158,0.19253457309268554,0.007617541015757806,0.011827234734992378
737,0.015893869049588154,0.031125493555443466,0.04150065807392461,0.04150065807392461,0.029880473813225724,0.009000142714827027,0.046688240333165196,0.3604453749543556,0.035571992634792535,0.11871852191735,0.038094977220922074,0.03004763539262423,0.015893869049588154,0.035571992634792535,0.011149430527323034,0.022043969479433583,0.007862807084430498,0.05743050416983974,0.024900394844354776,0.026678994476094398
738,0.010791150992768023,0.022086157567316703,0.010198275124077363,0.030626013176813804,0.040130637955825,0.547023162505677,0.025299750015628796,0.041563875025675885,0.03879295002396415,0.01097913679923514,0.03754156453932015,0.03145374326267363,0.016163729176651733,0.030626013176813804,0.010676958722191971,0.0052273425732817,0.019725228825744488,0.010528242317108196,0.025299750015628796,0.03526631820360378
739,0.030550057332500945,0.051553221748595335,0.051553221748595335,0.03927864514178692,0.06345011907519427,0.01312382601907882,0.02749505159925085,0.04341323936723818,0.03586311078163154,0.007481153362191228,0.0687376289981271,0.03927864514178692,0.005780201391676117,0.004856401183549178,0.37098117136805075,0.016833705060765827,0.015862529768798567,0.02749505159925085,0.02749505159925085,0.05891796771268039
740,0.3848814489685546,0.15315907324496544,0.01823573285098284,0.014052351258769696,0.023286753514532632,0.04713924876888316,0.02263989925024006,0.03704710786402919,0.027167879100288072,0.007212711265563205,0.02263989925024006,0.023971658029665943,0.005158458057016723,0.021448325605490585,0.005397591874229418,0.12689912486221255,0.024571690675637293,0.005118385417692486,0.014298883736993725,0.015673776404012348
741,0.008158884890940894,0.007621099908623549,0.026568676439730612,0.025904459528737343,0.03985301465959591,0.006324006000643179,0.11773151396638526,0.03985301465959591,0.045051233963021464,0.006882836525130264,0.034539279371649786,0.028782732809708157,0.006785853609553381,0.02467091383689271,0.4967022802237454,0.0067404116475013424,0.012636321721335289,0.009683910104200876,0.01850318537766953,0.03700637075533906
742,0.049646525057800275,0.3422037359089332,0.009972205023888632,0.018245634596398524,0.009664114020369877,0.003565599635059744,0.010361718412769533,0.04431722762514199,0.017128554927231268,0.003653988703843809,0.01398831985723887,0.016785983828686644,0.006358327207835851,0.014470675714385038,0.00381499632470151,0.004196495957171661,0.008177662806647302,0.40176633861317596,0.010491239892929152,0.011190655885791094
743,0.06239279112336647,0.03653833138471956,0.025576831969303698,0.016239258393208694,0.02435888758981305,0.006959682168518012,0.017948654013546454,0.01860133234131178,0.03197103996162962,0.0354128520425647,0.049833214842700736,0.05743489168311273,0.037883128212407344,0.030090390552121996,0.008819597230794379,0.48720862594932207,0.007920848753661499,0.008455151064232627,0.019303269410795243,0.01705122131286913
744,0.014501131325099779,0.03500273078472361,0.040603167710279386,0.04613996330713567,0.03500273078472361,0.011278657697299828,0.016372245044467493,0.03625282831274945,0.03759552565766609,0.03897024259494217,0.028196644243249573,0.03383597309189948,0.4895973021701845,0.017294979615405888,0.01453309062452582,0.0066953328763621235,0.013182846659181615,0.01915243759918839,0.03759552565766609,0.028196644243249573
745,0.008724916898433663,0.016876414934496205,0.06750565973798482,0.18894692922979184,0.02700226389519393,0.3862760756394586,0.035220344211122516,0.0405033958427909,0.030002515439104364,0.006000503087820873,0.02700226389519393,0.020770972227072255,0.00900075463173131,0.02189372748258967,0.018074336222821778,0.011250943289664138,0.01972055898598285,0.007924228512710825,0.014668042317308286,0.04263515351872725
746,0.11039876295085675,0.12433812966347321,0.004812592030937498,0.010882855524172615,0.06376314341716574,0.023186597606242088,0.09109020488166536,0.017769570575769226,0.025667157498333325,0.027896375245010013,0.011550220874249995,0.08289208644231548,0.0020869383399428477,0.01004367032543478,0.16644664710195214,0.07038069437728169,0.07373118237032616,0.06148174051085819,0.009240176699399996,0.012341253564612725
747,0.006006357510445805,0.01215479706315195,0.024541287450678545,0.05983201601097629,0.02257319454585362,0.4560344156522512,0.03341792333709419,0.017888191904261358,0.02204823653315935,0.060053973996954585,0.04027288197034428,0.11950539975982599,0.009116097797363963,0.018589689625997097,0.032088976664785156,0.005326259387223887,0.01200093887247914,0.010626395080119944,0.01896148341851704,0.01896148341851704
748,0.009906464316264454,0.013270276194672519,0.01918394677117878,0.02369781659969144,0.02627366623009268,0.006227435123023089,0.020143144109737724,0.03927734252591607,0.048343545863370536,0.03049553623647116,0.02369781659969144,0.024171772931685268,0.009155974595335329,0.018593671485911744,0.003980474749016031,0.00656841655752317,0.01162104467869484,0.02293676872696626,0.5835388719158834,0.058916013788874115
749,0.062419933523501246,0.040784270015161696,0.003738767213829883,0.00924619597411531,0.0058480213853378885,0.04109186148556863,0.007278920234941839,0.0026144040774666536,0.3947414435103073,0.04072729179074601,0.023757586877935163,0.03775484165025547,0.010462056606797141,0.13541824520423043,0.05589582076509359,0.06532693849424286,0.030270738197449604,0.022807283402817766,0.005510388541867522,0.004304991048334002
750,0.07447328184960153,0.18279805544902195,0.010831204575557536,0.011232360300578186,0.007396920197941733,0.0043324818302230145,0.07426171002616515,0.14390650200552696,0.06283683156060131,0.03642092004531986,0.03243191306353615,0.0335129768323207,0.002387982111146544,0.02645761328867424,0.03172344894321619,0.03368191383121996,0.07469767747436942,0.14110789097270382,0.009190112973200333,0.0063182026690752294
751,0.01596217781475387,0.1389564586552234,0.012039733139593148,0.00950505247862617,0.049881805671105846,0.01233411216802386,0.08885196635165729,0.049881805671105846,0.13301814845628226,0.04817683028869298,0.17605343178037358,0.00950505247862617,0.0383069154346162,0.009056390297939882,0.0866070529265814,0.023856515755746273,0.06686284589956742,0.013604128819392507,0.0011217579944648311,0.01641781791762702
752,0.06713092691933213,0.010205972542264881,0.11031218553237106,0.19100215830880385,0.009256579747635588,0.02970205279808839,0.03663224921491742,0.018953949007063348,0.012312732535218685,0.004279923969336884,0.03878708740403022,0.015921317165933216,0.014089326621122089,0.06728372304780751,0.004628289873817793,0.039115791534572834,0.08857349810174062,0.004183661767303033,0.012839771908010653,0.22478880200062965
753,0.009865536092048972,0.03288274735472314,0.035074930511704676,0.0292291087597539,0.0292291087597539,0.00956589013955582,0.021921831569815427,0.0050243740683093485,0.02505352179407477,0.006922683653625922,0.03758028269111216,0.02425598766500381,0.24726149742319006,0.015474234049281476,0.00584582175195078,0.13868707479530057,0.25319987388187465,0.02908183189928956,0.018790141345556077,0.02505352179407477
754,0.2272099894844558,0.25881375317432753,0.0146655571438453,0.039759270141691255,0.019084449668011805,0.03771286758101661,0.019084449668011805,0.023855562085014756,0.036700864746176544,0.007016341789710221,0.02271958293810929,0.023855562085014756,0.005901609532217458,0.018350432373088272,0.008370372661408686,0.09988960533704482,0.07502372041848328,0.003672412964557919,0.02650618009446084,0.031807416113353006
755,0.1162365679385511,0.17040114865704534,0.011498542242967525,0.00913986691107675,0.011881826984399775,0.24378540109125915,0.00938038972452614,0.010801660894908886,0.00938038972452614,0.003874508799260796,0.05589303435783933,0.014258192381279735,0.006480996536945332,0.008487019274571269,0.0009327083327178012,0.21433157003882725,0.04028653775142965,0.03977004367769338,0.01955648038537727,0.003623114294797288
756,0.07578815625619233,0.06662695055489436,0.03513496403219087,0.017567482016095433,0.016851572784372333,0.012719690560479833,0.015787936821419296,0.03149944174098362,0.021080978419314514,0.20279996972930214,0.09994042583234156,0.024801151081546492,0.03694454630486568,0.018331285582012625,0.005069728136935439,0.020575970024305612,0.01139512346989974,0.02914929086776628,0.020077122304109067,0.23785821348097286
757,0.24233639006442986,0.018774901440594825,0.021121764120669177,0.01054591427572678,0.02027689355584241,0.32858322565170295,0.012998008689642572,0.012673058472401506,0.033794822593070685,0.007798805213785541,0.02027689355584241,0.016897411296535342,0.003651002766176904,0.02304192449527546,0.005336024619958529,0.1826431826458288,0.002970989377889405,0.0035400527775895784,0.015841323090501885,0.016897411296535342
758,0.011593558732028705,0.025959490204325142,0.029125281692657476,0.014948336691981881,0.037316767168717395,0.01256985841472586,0.030618885882024518,0.035121663217616374,0.5709400078496519,0.010855786812717786,0.03227396079456639,0.017306326802883427,0.011823134152464915,0.019675885921548147,0.04117079681617643,0.010294280598266868,0.022674010974970578,0.01635803492327338,0.023414442145077582,0.025959490204325142
759,0.017646593854748895,0.021989915167059743,0.0235606233932783,0.041231090938237014,0.01832492930588312,0.015960422298672394,0.01649243637529481,0.02910429948581437,0.041231090938237014,0.005446587974961572,0.019790923650353773,0.08550747577569748,0.05184487908714482,0.0235606233932783,0.008178067624113128,0.4787015560467766,0.033102676849941545,0.011780311696639147,0.03298487275058962,0.0235606233932783
760,0.008604869953191355,0.00517887348978989,0.022112612173021042,0.026401305538200748,0.01781059235282677,0.010657407740191128,0.1902254424470215,0.01873641038194892,0.020379955152295313,0.0058669567862668325,0.018150897557513018,0.018150897557513018,0.006676192205062257,0.022339566224631405,0.00687371268450197,0.005457773495744197,0.009005096462642114,0.00992869609983618,0.01873641038194892,0.5587063313158535
761,0.45614116340625427,0.018792730310595567,0.013050507160135809,0.019441244352370064,0.01592604263609794,0.21354162983944566,0.014024425604922066,0.02763636810381701,0.016779223491603185,0.005872728222061114,0.012871733089449017,0.011745456444122228,0.0062291131195630275,0.02472727672446785,0.0055599793818330075,0.04230674825210031,0.04870723893691494,0.01495853741836553,0.018069932990957275,0.013617920514924322
762,0.005103963159068624,0.10092605193052266,0.012356963437745089,0.010784606812629409,0.01422923062528222,0.006432391926497444,0.21152412521924718,0.009030088666044487,0.02859122164228457,0.07715310990030247,0.06488103338390742,0.09939222135407094,0.004137833756842929,0.22744797576447867,0.0878800017887002,0.004192541166377798,0.006381740988581056,0.005943855830814093,0.0109201072240538,0.012690935422549012
763,0.012103018812994353,0.039427402163859405,0.02299573574468927,0.04058071013768695,0.018154528219491532,0.011692746988825055,0.08795343559630174,0.005874165110082095,0.01988581415716685,0.026721212528573204,0.3328882618021045,0.022253937817441234,0.011497867872344634,0.039427402163859405,0.007731463409573792,0.030490524340051273,0.09271372156987825,0.00626911119543273,0.0168261481058702,0.1545127922637734
764,0.022007000948759486,0.017641854610417555,0.03893546321703601,0.03615435870153344,0.03893546321703601,0.018980716218158673,0.028120056767859346,0.042180085151789004,0.03615435870153344,0.011433967151297705,0.027360055233592872,0.05328010756015454,0.01234539077613337,0.044014001897518966,0.0029838678447690887,0.0147373489571316,0.020659633543733395,0.013680027616796438,0.48876117802090724,0.03163506386384176
765,0.03528667286051972,0.029715092935174492,0.016215648790423018,0.010343347933854587,0.026194509584529492,0.00466477567943676,0.1320765807311144,0.022701908306592227,0.02368003889237946,0.019847879070352143,0.06415758701912674,0.02895316747529822,0.002543539826715316,0.3294042757061469,0.07378028260700134,0.09963295866499686,0.040327626126308254,0.00820550902647912,0.014805592373864496,0.017463006389686328
766,0.005201458363288459,0.03636354374567497,0.017222606580666225,0.019375432403249508,0.006038253327911181,0.006200138369039842,0.006915268586304824,0.06643350753045298,0.022143351317999438,0.3741968801937134,0.18531421331930512,0.01490417877173039,0.0011326967118575036,0.012301861843333017,0.003955806595675577,0.004235067191967106,0.04015141288584945,0.15416176059744474,0.010616675289451783,0.01313588637508441
767,0.00226605198925735,0.0065596241794291694,0.0041544286469718085,0.0041544286469718085,0.382114057695785,0.0015016007157729432,0.09743903822399412,0.0033969228661662127,0.006231642970457712,0.05984140783927513,0.3004318502318396,0.08555122765222574,0.006780163307528823,0.0041544286469718085,0.002006631509594769,0.0015386772766562255,0.0020102074098250684,0.009805978524742739,0.0028325649865716877,0.01722906667996213
768,0.013359281902475208,0.3797658742872423,0.021322259833576968,0.026082407523880163,0.03221944458832255,0.01369326395003709,0.021357251250884675,0.06085895088905373,0.023814372087021026,0.007607368861131717,0.0156494445143281,0.024896843545521973,0.004149473924253662,0.023814372087021026,0.009609308035113746,0.008054861147080641,0.014044373282089321,0.012171790177810745,0.026082407523880163,0.2614466505892752
769,0.010882968202311676,0.03720139203631649,0.02289176070141422,0.030877258620512202,0.6328639136112737,0.015620260243317936,0.018187974255918143,0.016222385641721463,0.034044156940564736,0.025316319187312735,0.030175502742773284,0.021074954296540074,0.007341766057500787,0.023293370538281136,0.007215881090663175,0.005185596568369711,0.007637387701871209,0.012599346308120879,0.02414040219421863,0.017227403060997813
770,0.05206631914428233,0.023749729638826572,0.01882054046850408,0.028499675566591887,0.01955860087903365,0.04462827355224199,0.47856425949642095,0.014456357171459653,0.016624810747178604,0.005235198250738899,0.01882054046850408,0.008703703294016867,0.0031232028574004127,0.010878922918463096,0.031012589522765022,0.16512461214329538,0.006879232033315283,0.012314674627539705,0.02770801791196434,0.013230739307457324
771,0.012833647342794094,0.02847465504182439,0.019808455681269144,0.026033970323953732,0.02397865687732581,0.09147710149835886,0.021694975269961447,0.016117675896983607,0.15974889805274253,0.008135615726235541,0.01786645022232119,0.018983103361216263,0.00990422784063457,0.02939319230123808,0.4389991719141438,0.0068636339257028625,0.008690860291596521,0.014237327520912198,0.02397865687732581,0.022779724033459518
772,0.012178500126858035,0.029228400304459282,0.03131614318334923,0.029228400304459282,0.03507408036535114,0.10984477701427403,0.01992845475304042,0.019257231124696943,0.009450670316767378,0.009852269765548073,0.029228400304459282,0.0324760003382881,0.008431269318594024,0.02039190718915764,0.4227069068402932,0.07753692376900888,0.014142774340867394,0.0257897649745229,0.027401625285430584,0.03653550038057411
