site,A,C,D,E,F,G,H,I,K,L,M,N,P,Q,R,S,T,V,W,Y
677,0.2410933162372292,0.0026841175728084805,0.003987831822458315,0.0029125228602985857,0.005696902603511879,0.41903940219254787,0.006344277899365501,0.004984789778072893,0.0037219763676277595,0.001613573569780821,0.0036730029943695,0.005266947690039284,0.002288100226000672,0.019251601901522898,0.005785455493721908,0.2601451876578374,0.002196234656752433,0.0008382077423267124,0.0040456264865519126,0.004430924247175905
678,0.04893737859040432,0.09927674694583102,0.07713072080721226,0.08921929872582854,0.03830121409947184,0.0926776175648304,0.05281046651789009,0.029181877409121405,0.023762385890284576,0.011917404849286824,0.03889046354715602,0.17470333073199268,0.001081022210164352,0.02816137235819936,0.011250698730344351,0.04656058205611773,0.057780117270060376,0.0266443228518065,0.01629013662964878,0.035422842214348625
679,0.5425732424336961,0.008166734956119475,0.006958026783880197,0.008274191995015783,0.014972347419552369,0.0024660336926321546,0.016995637611383774,0.016995637611383774,0.011645159104096286,0.004110056154386925,0.01209304983886922,0.014972347419552369,0.007011401862707241,0.01462415329351627,0.003699050538948232,0.28784463379728076,0.002952850041820044,0.0023315199003536343,0.006689772251289358,0.01462415329351627
680,0.0034939496286983513,0.006380255843710033,0.010238084958511445,0.006570711242029735,0.0022743026267554333,0.0026520340555180257,0.005441055563263868,0.42500394543947295,0.01420121461987072,0.3807979232503615,0.006987899257396702,0.006878713331499879,0.008302207821558176,0.008306370815396081,0.0064719890872463985,0.0020571852954018328,0.005435032755752992,0.08495814360308622,0.00667026747296958,0.006878713331499879
681,0.035028039370851305,0.0390483387652283,0.001833619082229636,0.0013432325834938032,0.0556197788276323,0.00703693681566054,0.12305178493136709,0.029337905315674175,0.07640061735940716,0.014616563541201954,0.00105397095964979,0.055133591949768385,0.000862074643137814,0.06979212631736553,0.09980158004284753,0.053331598577869684,0.11940096023695339,0.06848073183153436,0.07181454739448274,0.07701200145364472
682,0.004593622388278201,0.005479739545451093,0.007138290905525839,0.009633227532699917,0.8674445243663091,0.003352102823878687,0.011954487179133631,0.006148332820259239,0.010903543251297708,0.001766224494248986,0.015264960551816786,0.007349795821245122,0.005952488239468949,0.016537040597801523,0.003211075844233306,0.0015480769324075633,0.004724868742229007,0.002919020076400024,0.007516836635364329,0.006561741251951127
683,0.004709740416157203,0.007524757676389096,0.009627263497733105,0.0068910938720615905,0.006423551728359102,0.002739137731572599,0.013093078356917025,0.22211472212627092,0.00896786188829933,0.569317734802773,0.08184109300323024,0.014878498132860254,0.005595332631161121,0.00991899875524017,0.002498679075747523,0.01256627009411227,0.005897783043656318,0.0024561663722186366,0.003845821269603604,0.009092415525636824
684,0.006401115263851871,0.014796020527919894,0.009313123037210738,0.010494851769803646,0.019203345791555606,0.005404534444330022,0.013471003764225577,0.02098970353960729,0.012727818175187195,0.0045354635789101195,0.01289367503147305,0.7865158166455821,0.008058546894670657,0.01455737503553409,0.00509919351527183,0.01492003560708557,0.008292164089503819,0.005157470012589221,0.010618320614154277,0.01655042266153295
685,0.00582158809156314,0.01029946411724391,0.8352988612948274,0.010800046692804623,0.011973127036296046,0.001320458101400315,0.01320550255197166,0.01277133550538245,0.016234748523791254,0.004561191251922303,0.008787616173428292,0.006311955344965593,0.009036322291544186,0.012439612505242646,0.00447593534067142,0.004769107933256161,0.006428524583246199,0.003499770178574383,0.010884660942087314,0.011080171539780668
686,0.00807930459686208,0.011290310269973935,0.02096771907280873,0.013143943299372638,0.02048009769902248,0.0036693508377415277,0.02446233891827685,0.005353160601600855,0.015206321534163698,0.0049123010338512,0.766779932015366,0.019144439153434056,0.01174192268077289,0.012403439451520658,0.009716094053570793,0.006571971649686319,0.017409374293271898,0.002824775181488173,0.008230319636055763,0.017612884021159333
687,0.055234197989585974,0.014513836858706929,0.012754583906136392,0.004465071784790387,0.015588935885277811,0.7333311790448694,0.017179643628673507,0.02158468045653851,0.014030042296750032,0.0051963119617592715,0.01357746028717745,0.018706723062333376,0.00732002206786958,0.01588306675103777,0.005479127295670857,0.009950144805487547,0.007194893485512835,0.004543205033892543,0.0075838066468919075,0.01588306675103777
688,0.007641623666965198,0.013035710961293571,0.01429723137690263,0.005051148049473718,0.017046698949383904,0.0037932012914275127,0.02110543679447531,0.01720115326811557,0.7714195646157326,0.004592892981181155,0.01809037439526455,0.016469927426230338,0.010428568769034858,0.022124119333834413,0.0029635229566256902,0.0054050508863900185,0.010181090091354135,0.006377182340776711,0.007448977692167756,0.025326524153370375
689,0.005751075766208008,0.01784357287770546,0.0014810165488495534,0.0013223362043299585,0.002125185425824934,0.00042814977667565284,0.0020013737146615585,0.04080709370303545,0.002056967428957713,0.03265831364129785,0.0018987391651917353,0.0035262298782132227,0.001255098770211486,0.002644672408659917,0.0005996018416394952,0.019354193536102116,0.7329133177640098,0.12794331041437415,0.0014663530186629242,0.0019233981153890304
690,0.006225198261562705,0.01163397707898604,0.016128922768594286,0.01419345203636297,0.016504013995770898,0.00811099573855784,0.018196733379952527,0.020276360051947096,0.007838363504403688,0.004380695072951533,0.164277745496919,0.022177268806817137,0.009462301357575312,0.014784845871211427,0.6130536375380599,0.01775292650022488,0.00961040024710803,0.004150132174375137,0.006142613058659388,0.015099417059960605
691,0.005700931711870727,0.012470788119717212,0.021571092963835182,0.0033994372009798325,0.01564961646395886,0.003547246398497341,0.021003432622681624,0.022170289990608383,0.6947972414185907,0.004779224189592226,0.010933293693998654,0.011687336679686711,0.006821627689417963,0.01628837631963065,0.09932146887752674,0.005429458773210215,0.009206811533468489,0.005149228642980011,0.009069664087067065,0.021003432622681624
692,0.03366067896503203,0.008920509875847648,0.24207533566408235,0.11374798241641113,0.04582119826938136,0.1391154959251181,0.06465696396028532,0.005081987444422296,0.00423498953701858,0.0017917263425847839,0.0036299910317302113,0.0760320097003445,0.0034507322153484728,0.02291059913469068,0.0012259180238737995,0.026619934232688217,0.012367668559434792,0.0012491762389403283,0.024735337118869584,0.1686717653438957
693,0.01893004762238365,0.12192430210764897,0.002128837020927204,0.009666070797723521,0.008435014611221,0.000576846160509307,0.05875590177759084,0.13627761636979205,0.004145935776347762,0.09705313392842486,0.05176435282465097,0.008941115487894261,0.0011768660099864,0.048330353988617604,0.011325412951332728,0.02110418687009997,0.07719921043131417,0.3187702043510127,0.0012593120405484872,0.0022352788719735644
694,0.12422739683824499,0.04496126701078667,0.12872838947731186,0.05088827237608199,0.007997917689418783,0.21506729348395984,0.0030549515596383224,0.010397292996244418,0.0032068267550464744,0.045374463989536026,0.051986464981222086,0.015595939494366627,0.0746978249954185,0.17978928042558318,0.0018482189550939289,0.014853275708920597,0.00931100865335321,0.0024179751154056782,0.0069315286641629436,0.008664410830203681
695,0.005001350417666856,0.020606672723352714,0.013893502100812733,0.6987210556832397,0.047274131541809164,0.0056007321518690735,0.02592452374873406,0.03348584317544816,0.0065414138913388615,0.005953038786746338,0.015163400683221806,0.03091000908502907,0.009800734587936046,0.012756511685885014,0.00525268128242324,0.006328033355990202,0.007727502271257267,0.005087223132269344,0.009029890294502874,0.03494174940046764
696,0.00807097398201133,0.011346245580437639,0.015167864897228185,0.011135900810623225,0.014662269400653913,0.003045701727542484,0.023776653082141483,0.018327836750817388,0.02315095168524302,0.004560202487632014,0.01871779072423904,0.036655673501634775,0.010349837223990997,0.019549692534205215,0.002527058817128359,0.006827856404871971,0.012937296529988747,0.005144655930054006,0.7388776730323281,0.015167864897228185
697,0.1310569964701663,0.07892436097391566,0.037583029035197925,0.031710160928262274,0.030829828505435804,0.06458525034652257,0.05862135507120545,0.0053068868001626,0.028334319362979265,0.03556965247974089,0.06936711413723054,0.07610369840723488,0.0006851073001207955,0.09417111252569481,0.012165467767311654,0.10951375559666753,0.05398225725691436,0.019063855307709092,0.00868664350341839,0.053739148224109225
698,0.17520697860298065,0.021255879601944028,0.0621113364991871,0.19341287505445393,0.005962313252825481,0.023248618314626282,0.0036593766187844163,0.00586099621377133,0.013510092967337305,0.0013873664002445095,0.005948473769200754,0.01784542130760226,0.34446383615130133,0.04905202985064006,0.0014926881742938223,0.061684787303337534,0.0024200027223050544,0.0024008900152798227,0.0036902568753375046,0.005385780304546628
699,0.005563910223409843,0.013429621896566725,0.015108324633637564,0.008214234752268967,0.02014443284485008,0.00519059005818223,0.02917469584426564,0.04976859879315904,0.014340104737011927,0.003532491155114759,0.012627853425129905,0.021151654487092584,0.004359708094697533,0.01967595766241171,0.004406594684810957,0.7323023074639738,0.011437911303708878,0.004890555950772853,0.009297430543776963,0.015383021445158246
700,0.047120978393261306,0.07082343483876065,0.002397100871465745,0.0048920425948280515,0.06563490481394302,0.007424648716929299,0.036622374425171106,0.08936115910024832,0.05992752178664363,0.0614382996468111,0.08789369862041065,0.06082075052765354,0.06134036720006073,0.05093839351864709,0.021466574968349948,0.034044769221800844,0.1033814684532782,0.09354539986207784,0.032156231202589265,0.0087698812370698
701,0.015748762375565863,0.013669943745740541,0.022536934283518197,0.005755237728879312,0.023162960235838144,0.7202857408633233,0.021381194063850594,0.026058330265317915,0.020338208987565196,0.005485964266382719,0.01462923804368725,0.021381194063850594,0.010829435954417833,0.017372220176878606,0.007415275987915209,0.006464081926280413,0.009926982958216347,0.007194119761165344,0.010971928532765438,0.019392245778841237
702,0.0016837427430709277,0.002110473966096228,0.003638086998421111,0.0032860140630900352,0.09323368714597834,0.0028757662330380755,0.1540419275429036,0.16158124324022036,0.0045273971535907155,0.012330792321247574,0.027781755260670307,0.004737973765385633,0.0021003388856864146,0.003994762194344748,0.0006375661587860519,0.0014050542890453944,0.006111986157347467,0.029776342817846628,0.17617679431316416,0.3079682947500661
703,0.06841460641126762,0.03338942994056434,0.1303171558419072,0.07132222718374649,0.014630200447948001,0.0286273362359663,0.09040018918762933,0.05602657019489422,0.011379044792848445,0.06073377328812028,0.036021326860478035,0.06263286411874777,0.013688104206981652,0.06649009797075554,0.018939188158750335,0.05467798191460346,0.056292745843283386,0.04539576599898268,0.01546281348157106,0.06515857792095359
704,0.0176122853355625,0.05983933089914006,0.1511000887632435,0.015291454632477296,0.013139323980499011,0.002405164389650666,0.026520700938875447,0.021285704848408395,0.004469420047864604,0.0019176310674241797,0.0034442888104220704,0.30738953386152823,0.003139484490915692,0.03167515602441726,0.006631060700438753,0.27281271300998317,0.04609273090486326,0.002150071196808929,0.007796961482933479,0.005286894614543763
705,0.0057603577179831805,0.007552801652081323,0.015462012821954852,0.007165323015052249,0.012960804865462154,0.002689539912896392,0.022033368271285665,0.016628957185875974,0.01421507630405527,0.0045838641703647345,0.008556647872343948,0.02937782436171422,0.009579725335341594,0.01632101353428568,0.028011536581463894,0.004869252656637716,0.008160506767142838,0.004519665286417573,0.7639250270706123,0.017626694617028534
706,0.005994394719874046,0.0191528221537439,0.020764563852063534,0.6789959330152904,0.02804520386798214,0.010608218254616756,0.03414198731754347,0.023096050244220585,0.007737300392532973,0.007931976851550502,0.023096050244220585,0.02243616309438571,0.01353906393626724,0.026175523610116665,0.006183194553570865,0.0072709787805879614,0.02066488706061842,0.006752926333485564,0.01287320833284426,0.02453955338448437
707,0.0068476028336058505,0.023426508989536615,0.2657774969464695,0.42493019541617333,0.023426508989536615,0.006833355874181237,0.030747293048766798,0.023426508989536615,0.00504768595725704,0.006227299857978085,0.014907778447886934,0.03935653510242151,0.007453889223943467,0.057877257503561035,0.005027988599432883,0.008864084482527365,0.00964620958392684,0.005036036668953404,0.007808836329845538,0.027330927154459374
708,0.004746681886143437,0.010621549512791392,0.012612128198000032,0.01645298846099059,0.01645298846099059,0.0037360828152418254,0.02996794326823286,0.008510971349245635,0.023974354614586288,0.008650540324850723,0.023974354614586288,0.017124539010418775,0.009871793076594354,0.036482713543935646,0.007698187261564404,0.005951080932698724,0.010359289030994074,0.7252928635832195,0.013533909863072903,0.013985040191842001
709,0.007889493479268638,0.015136818884643317,0.016689313129222116,0.042581144712875114,0.02712013383498594,0.0030994438668555365,0.03828724776703898,0.025033969693833178,0.011031918848129874,0.018835057219049583,0.0629886979393222,0.0433922141359775,0.5622206794379415,0.006386894125265102,0.0027463426668340196,0.042372018008846025,0.004843721468796918,0.015621197088951903,0.007232035689329583,0.04649165800283305
710,0.005955210381482533,0.011264700457157394,0.014940264641263197,0.011994296965521158,0.7384896290260788,0.003504506520790132,0.03154055868711119,0.015705879474960414,0.02128987711380006,0.002278781331956714,0.01811904435217026,0.024331288130057208,0.015022342523675878,0.01892433521226672,0.006500725836274826,0.009375106257852593,0.00990226842502328,0.005985046735555051,0.01811904435217026,0.01675709357483235
711,0.007453914271823371,0.6823623877635843,0.025487577832686365,0.013861665137075041,0.025487577832686365,0.003431045908837205,0.027245341821147493,0.025487577832686365,0.016460727350276608,0.00782291992884433,0.02079249770561256,0.04938218205082984,0.009406129914443777,0.03160459651253109,0.002268544861407492,0.008532928436750142,0.013391778183275886,0.008145514565085332,0.008316999082245024,0.013058093008171325
712,0.005834419224525045,0.026368322334559418,0.023172162051582523,0.011948146057847237,0.02573288169498889,0.007080382849094659,0.01820669875481484,0.03058725390808893,0.026368322334559418,0.007724054017194174,0.020667063451411435,0.020667063451411435,0.004722246533155873,0.018650764578103007,0.005237543477412487,0.6622763484547637,0.007448708893066535,0.006592080583639855,0.01820669875481484,0.05250883859496575
713,0.008010042054270507,0.015426747660076531,0.0173550911175861,0.015146261338984234,0.02872566805669423,0.00382130446625749,0.7203368523514588,0.03996541233826948,0.01700090558457414,0.006348423633516658,0.02082610934110332,0.03277974100211799,0.007923975712786652,0.014119396163459877,0.0022686199024981495,0.00764260893251498,0.012816067286832815,0.007120037381573785,0.01225065255359019,0.0101160831218341
714,0.013707810513826083,0.022577570258066493,0.015051713505377665,0.016332710399452357,0.03655416137020289,0.007452790182274378,0.6619134742225249,0.03337553864235916,0.03070549555097043,0.007736714202636064,0.024762496412072926,0.018114882349093503,0.007475431936735444,0.014656263765903363,0.010311984550990957,0.01476225747642809,0.011809805981142474,0.014483724316495488,0.028431014399046693,0.009784159964400593
715,0.004713523655489026,0.010900987117014463,0.01026500707195388,0.009828198260381374,0.4002000317759269,0.002470188867582485,0.01592845924958361,0.010180254851822933,0.01776635839376633,0.022369490634052486,0.014435166194935142,0.013586038771703666,0.00519017211503286,0.016497332794211596,0.00347312269351823,0.002761093440787219,0.009623444129956762,0.003334455138338052,0.23096265911896233,0.1955140157249809
716,0.06745989569544769,0.03313819437671116,0.004318239956760252,0.0436454267400586,0.007456093734760012,0.008460815585543272,0.41616395386170973,0.016159166967745255,0.006213411445633342,0.0032417798846782644,0.013871802297227929,0.257843219071666,0.0028955703824310713,0.01924153221873551,0.0024853645782533366,0.01556160706849254,0.024975248096562652,0.030502201642200032,0.006483559769356531,0.019882916626026696
717,0.0033018013712196466,0.00882377952653526,0.00852965354231742,0.01012314085714583,0.009841907933443177,0.001599310039184516,0.010235584250780904,0.011125635055196634,0.44380390125083735,0.05437654133227355,0.07722206623508666,0.009800343354778312,0.00409423370031236,0.08577408939480409,0.19739149521345628,0.0025847434976719453,0.03484522630846161,0.013467874014185399,0.00452901957999155,0.00852965354231742
718,0.0026318112430966296,0.04112205067338483,0.007476736486069969,0.004011907382769252,0.008891254199650773,0.0016531477657642142,0.0053060710546303,0.2886935802376404,0.005061175467493518,0.28473872945992507,0.10909034114274935,0.006853675112230806,0.0009189261707452135,0.0038066804385728952,0.0035056892071724257,0.0023005343034061443,0.0031035509942177234,0.20716239194309535,0.00427242084918284,0.009399325868202246
719,0.005843500851842527,0.002751428379665929,0.009260442414090195,0.008531511243690088,0.22427712704398736,0.0033855203347976544,0.12278599467886638,0.012187873205271555,0.012187873205271555,0.009920361911267547,0.015234841506589443,0.016406752391711712,0.0062731700321250645,0.016406752391711712,0.0039925066402199064,0.0038945242256732075,0.007354751072146628,0.004538037895579835,0.14643638701856124,0.36833064355693057
720,0.006912420661531189,0.014356565989334005,0.008887397993397243,0.01244235719075614,0.14590546154025766,0.005184315496148391,0.008212168429268349,0.009966278954140735,0.019645827143299162,0.32445943711159514,0.35646455915802056,0.020737261984593563,0.0012190998778039846,0.014930828628907366,0.003012255283933439,0.004665883946533551,0.0056556169048891545,0.005742626395733602,0.013824841323062376,0.017774795986794482
721,0.0073666499656743,0.02327861389153079,0.029098267364413483,0.005194061878207393,0.02327861389153079,0.019185670789723174,0.06466281636536331,0.07274566841103372,0.502582935837751,0.009699422454804495,0.013113891642754396,0.017083132777560697,0.012651420593223255,0.01854705525331519,0.08032125139513749,0.026859939105612445,0.017083132777560697,0.011876843822209587,0.020067770596147227,0.02530284118644651
722,0.009473216995181078,0.030158201406008424,0.5999885299697798,0.013322493271967252,0.031529028742645175,0.003344058572722575,0.03468193161690969,0.038535479574344104,0.033030411063723515,0.010509676247548394,0.03650729643885231,0.007146903592992364,0.012845159858114701,0.03650729643885231,0.0068003787484136645,0.008160454498096398,0.017340965808454845,0.01069700273496632,0.021676207260568552,0.03774530715985843
723,0.006462913065095492,0.013849099425204625,0.015206854270812923,0.01665791028883032,0.0221585590803274,0.6671939299204153,0.05170330452076394,0.022810281406219386,0.03371954642658518,0.011239848808861723,0.02585165226038197,0.011575366683753118,0.01410090123293562,0.031021982712458363,0.005242750116905943,0.006204396542491672,0.010072072309239727,0.006103503860842364,0.012667844405136386,0.01615728266273873
724,0.0065074318588972955,0.012558201832959696,0.014035637342719658,0.014035637342719658,0.021053456014079486,0.0015682842232001748,0.013255879712568567,0.17742773232351072,0.011718523546791954,0.006448806346654977,0.018837302749439542,0.014912864676639633,0.005076719889919877,0.013255879712568567,0.6220277282194534,0.004950138177723048,0.007158175044787023,0.007780625048681549,0.01278245543711969,0.014608520499565358
725,0.07456128616772251,0.06523388395554586,0.021756545684605593,0.03190960033742154,0.027186106505887764,0.03042228845728748,0.08509226756645742,0.003988700042177692,0.005522815443015267,0.0012272923206700591,0.06381920067484309,0.05794111640216015,0.01884225194500635,0.03589830037959924,0.022091261772061062,0.12412624705996947,0.07924159590480993,0.009117028667834726,0.13784947345766105,0.10417273725526371
726,0.0023577529525591104,0.006325678653207371,0.010374112991260087,0.0056381048865543956,0.0057834042136939495,0.0025179885901116714,0.006325678653207371,0.2245887395105031,0.00997510864544239,0.37746810903093586,0.19689043026880373,0.006221187220096642,0.001964794127132593,0.006825074336355321,0.0023577529525591104,0.0017982939568410552,0.0012216580050544784,0.11336399375614217,0.010374112991260087,0.007628024258279475
727,0.0072615070466829175,0.07017155949044819,0.010591933507992183,0.0075416864403825175,0.01871241586411952,0.003223997321100945,0.010591933507992183,0.13609029719359647,0.014394166049322707,0.004357007290823337,0.004061795947146421,0.02004901699727091,0.005103386144759868,0.011227449518471712,0.0042852860757525615,0.005847629957537351,0.15410224829274896,0.4851387795517124,0.012474943909413016,0.014772959892725935
728,0.1499920727815641,0.024052851495654066,0.009764891058474078,0.016235674759566495,0.017231532281681186,0.0039864398336267376,0.010646344104633767,0.02638389529779759,0.024052851495654063,0.005464526583554257,0.03418036791487683,0.015462547390063325,0.0054118915865221644,0.02597707961530639,0.009839802884585755,0.005113598349469761,0.007464678050375399,0.5601268757043248,0.03418036791487683,0.01443171089739244
729,0.033431989374755104,0.02451679220815374,0.027240880231281937,0.01634452813876916,0.043264927426153656,0.008755997217197765,0.01669051845636311,0.021632463713076828,0.018387594156115305,0.012620340898346167,0.01671599468737755,0.022984492695144132,0.6350365089337003,0.014144303197011775,0.004936266887547733,0.014281387993969987,0.0072661986272322815,0.008755997217197765,0.03197842461933097,0.021014393321274638
730,0.0074643122660972595,0.6109744213410115,0.02215967703997624,0.021488171675128478,0.12834023290827581,0.005076384175897623,0.02026027615083542,0.015757992561760886,0.021488171675128478,0.008754440312089377,0.027273448664586145,0.017727741631980997,0.00695205554195333,0.027273448664586145,0.005280962238803649,0.004924372675550276,0.012662672594272138,0.008441781729514758,0.01337942764677811,0.014320008505773354
731,0.006358970532649427,0.005698404412185809,0.07122046996567358,0.017805117491418394,0.02158196059565866,0.004844929929637659,0.019297019499340713,0.018742228938335152,0.025435882130597706,0.004445129582446457,0.017805117491418394,0.06474588178697599,0.008503512975460049,0.020947197048727523,0.6142449773789921,0.005781028236232114,0.012494819292223435,0.006848122112083999,0.011304836502487871,0.041894394097455046
732,0.0695688458531446,0.008971880754845288,0.09063517876598275,0.08127468448506908,0.030036296440134228,0.08991818267633835,0.08490948599653472,0.00340312718287235,0.006579379220219878,0.02844205791626049,0.06685498239900843,0.030000160586756863,0.05951882508587815,0.22835254539154468,0.0024964646411764933,0.04121149621456407,0.0148711996073463,0.018504504056868404,0.0036552106778999323,0.04079549204755499
733,0.013395085206320073,0.029022684613693495,0.019348456409128998,0.16901445745621507,0.018014080105051136,0.008706805384108047,0.00972142536553009,0.011115070703116656,0.02129325972525456,0.009900286956873401,0.013747587448591654,0.02176701346027012,0.009807356163067889,0.4512235615511122,0.025185024598188787,0.12055576685688064,0.006697542603160035,0.00932872005440148,0.015830555243832815,0.01632526009520259
734,0.0049873842044724495,0.009061247084816336,0.5185905172769207,0.15158313732515283,0.008543461537112548,0.0030164894981622873,0.006807970655319996,0.008794739817615856,0.012724304416976131,0.002889093273419702,0.008926004591013108,0.03243062070522783,0.0033224572644326576,0.008306143161081641,0.002903117998047953,0.007293198873144857,0.004096180189026564,0.0034204252581640044,0.008306143161081641,0.1939973637088107
735,0.005344166400607567,0.014973928306332224,0.011001621970754688,0.7265168042479665,0.015246181548265538,0.0046190890300615,0.011486849111706911,0.01822913011205662,0.00719900634884587,0.005273836384620155,0.039001859774632774,0.012705151290221282,0.006817398253289468,0.05590266567697365,0.005989571322532891,0.005590266567697364,0.007910754576930232,0.005774286574860082,0.0199652377417763,0.020452194759868404
736,0.09140306922951977,0.3704690602133759,0.011969449541960924,0.006463502752658899,0.012429812985882499,0.002448296497219279,0.008977087156470694,0.011143970263204999,0.007882320430071827,0.27867503445412,0.006444355895384682,0.009505151106851323,0.001446254567282979,0.02053529559600414,0.0017135955157714792,0.002505233625061589,0.01770822671961342,0.12429812985882496,0.005477544705643135,0.008504608885077498
737,0.012079831861180574,0.023656337394811964,0.031541783193082616,0.031541783193082616,0.04542016779803895,0.0068403867165721345,0.03548450609221794,0.4693042402850527,0.027035814165499387,0.03032565850633475,0.08262070667437986,0.022837131867420583,0.012079831861180574,0.027035814165499387,0.008473911902619213,0.01675409832771046,0.0059759764749843,0.07179008898035771,0.018925069915849566,0.020276860624124537
738,0.00743268403461974,0.015212411618251528,0.01208925278735767,0.021094457795643156,0.027641013663256546,0.68293557323845,0.01742585643987913,0.02862819272265857,0.026719646541147998,0.007562164115419244,0.02585772245917548,0.021664578276606485,0.011133186058811665,0.021094457795643156,0.007354031158114128,0.0036004672452417223,0.013586260953126098,0.007251598892038618,0.01742585643987913,0.024290587764679995
739,0.01834286761530076,0.030953589100820033,0.030953589100820033,0.023583686933958122,0.03809672504716312,0.007879808559904118,0.016508580853770684,0.0260661802954274,0.04306586309679309,0.17777087851513163,0.04127145213442672,0.023583686933958122,0.0034705489342730664,0.002915880747034267,0.427512494360682,0.010107294400267768,0.00952418126179078,0.016508580853770684,0.016508580853770684,0.03537553040093718
740,0.5760549552446999,0.030702181518172746,0.06377306643999878,0.01164565505861725,0.01929851409713716,0.050881962090808815,0.018762444261105567,0.030702181518172753,0.022514933113326682,0.005977415870794695,0.018762444261105567,0.01986611745293531,0.004274987299998736,0.017774947194731588,0.004473165519203976,0.07137745583673315,0.004076446178483509,0.004241777759028345,0.011849964796487726,0.012989384488457698
741,0.005664150941431845,0.036785118671271703,0.01844479921953447,0.017983679239046105,0.0276671988293017,0.004390321106495335,0.01053244696221919,0.0276671988293017,0.031275963893993224,0.004778278588882287,0.023978238985394806,0.01998186582116234,0.004710950040936042,0.017127313560996293,0.6205399787713609,0.0744406438247904,0.008772526458071271,0.006722870743568639,0.01284548517074722,0.025690970341494437
742,0.0009437366483775816,0.30881051292249717,0.006814151469245137,0.012467505180100815,0.006603628444572116,0.0024364256384399835,0.007080311583760957,0.07388978207941364,0.011704188536421174,0.002496823163508646,0.009558420638077292,0.011470104765692749,0.004344736653671496,0.009888021349735128,0.002606841992202898,0.0028675261914231876,0.010120680675611251,0.5010810500782289,0.007168815478557969,0.007646736510461833
743,0.09607602462702272,0.019241377375500315,0.01346896416285022,0.00855172327800014,0.01282758491700021,0.007330048524000119,0.0850671420811593,0.009795610300254706,0.016836205203562774,0.003876977666189029,0.09507504114953096,0.01826300225471216,0.0017608641626262952,0.047537520574765485,0.004644470400982835,0.4687876417340449,0.030159501739793246,0.0044525501364794115,0.02033051194392486,0.03591723776760059
744,0.021166891125437046,0.024147617281804142,0.028011236046892804,0.031830950053287274,0.024147617281804142,0.0077808989019146685,0.011294853244714841,0.02501003218472572,0.025936329673048892,0.029118668631141167,0.01945224725478667,0.023342696705744004,0.6035633814840788,0.011931427613976186,0.010026060894539904,0.035543110344255405,0.00909455715808208,0.013212847191930568,0.025936329673048892,0.01945224725478667
745,0.01982523873006893,0.012782507802229153,0.05113003120891662,0.017872211575065758,0.020452012483566647,0.5294520823510518,0.026676538022043457,0.03067801872534997,0.022724458315074053,0.004544891663014811,0.10226006241783324,0.015732317295051267,0.006817337494522215,0.016582712824513502,0.003387925975225178,0.04260835934076385,0.02706884005177939,0.006001956765315607,0.011109845668772524,0.03229265128984207
746,0.07140112214431879,0.10772781712489246,0.0034528146514388606,0.0039039755252260203,0.08286755163453266,0.043944913745585505,0.06708325608509788,0.031872135244051025,0.01841501147434059,0.04488659046870518,0.01657351032690653,0.06905629302877724,0.0007486414005677161,0.0036029370275883774,0.12376322646715919,0.1177608629346756,0.05035148657918518,0.043895273287049674,0.026517616523050458,0.07217496432685103
747,0.0030335552873628976,0.006138870161095502,0.014963496017670287,0.005049127327127485,0.022801517741211867,0.4149127323126091,0.050939560911218,0.018069127266620723,0.044542499773530156,0.0422498711087161,0.036833220966573,0.18736899361256704,0.004604152620821626,0.05633316147828814,0.0016006721365694214,0.008070200099417682,0.060611629438664466,0.0027243368373186497,0.00957663745130898,0.00957663745130898
748,0.0033695952930907886,0.08953881828479623,0.006525248027890097,0.00806060050504071,0.16086154920929066,0.002118206396212965,0.04796057300499222,0.04030300252520355,0.016443625030283047,0.06251283005253905,0.048363603030244263,0.008221812515141523,0.0031143229224020923,0.006324471165493481,0.005879025408166366,0.002234188183462371,0.003952794478433425,0.018828578278950056,0.35656904887031754,0.10881810681804956
749,0.05704419489920679,0.0512942524347883,0.002451263533809851,0.014646482474120665,0.0023158968014635236,0.05847646757793406,0.04227743522671709,0.01666752948907977,0.2640122353668417,0.026727339616890264,0.011289996907134683,0.07929533220230923,0.03397356867468051,0.09031997525707745,0.09408953956540025,0.07791892989726068,0.04992119062504669,0.020843071213171714,0.003612799010283098,0.0028224992267836704
750,0.03950853532531485,0.10718344272465802,0.01804619188731487,0.006238189788207609,0.028756533413932635,0.016843112428160546,0.03827980097309214,0.14331567697357916,0.02807185404693424,0.08084178879750306,0.09236545525120297,0.013103530946346685,0.0013262293250520113,0.04432398007410669,0.014717282704217948,0.03879799758094207,0.10881988066396595,0.15202665973141924,0.020415893852315813,0.007017963511733559
751,0.036233792851194754,0.05545988701713482,0.008627093535998751,0.013621726635787501,0.035946223066661454,0.013341405717437518,0.10109875237498536,0.035946223066661454,0.0934601799733198,0.05129915780878955,0.1065699789741022,0.05448690654315,0.02202415689430132,0.029167731414348523,0.11070375604871459,0.035633647213907875,0.06332653765786317,0.05882109229090056,0.0036464401656598243,0.07058531074908067
752,0.07178574213420871,0.005327983463114045,0.15448217298041755,0.17975282889283148,0.004832357094452275,0.03552131190572512,0.061567808907095636,0.009894826431497514,0.0014201229286331905,0.002234315645822019,0.024446041771935028,0.008311654202457911,0.03374389526638895,0.05512831868977185,0.0024161785472261374,0.07924246591326396,0.037216362100557815,0.008736249531984883,0.006702946937466057,0.21723641665514992
753,0.020965120644785673,0.04474553337673529,0.023864284467592155,0.01988690372299346,0.01988690372299346,0.006508441218434224,0.014915177792245096,0.00801720313695974,0.017045917476851538,0.028260336869517025,0.02556887621527731,0.2100250888269595,0.0658312657801063,0.01052836079452595,0.003977380744598693,0.05737042546480053,0.30924742852356124,0.08352499563657254,0.012784438107638655,0.017045917476851538
754,0.30633610442651216,0.06150125987975193,0.010964552795339555,0.0297256089418801,0.014268292292102447,0.2567680607958323,0.014268292292102447,0.017835365365128062,0.02743902363865855,0.005245695695625899,0.016986062252502914,0.017835365365128062,0.004412277601102509,0.013719511819329275,0.006258022935132651,0.14323805329084532,0.0022349219342589523,0.007365968897342706,0.019817072627920068,0.02378048715350408
755,0.16601442303076974,0.18255922578734593,0.006805698793600103,0.0054096580154257235,0.00703255542005344,0.33790233496442446,0.005552017436884295,0.006393232200048582,0.005552017436884295,0.002293224593495687,0.022808287848821968,0.00843906650406413,0.0038359393200291486,0.005023253871466743,0.0018440602780328567,0.10191090106908005,0.08630863470065586,0.032457948092554346,0.0027931466536480413,0.009064373982714678
756,0.06426946395819004,0.10329020993280542,0.02012341442025281,0.010061707210126405,0.0028760565016778053,0.026292053437441378,0.03919221912012682,0.012117015426485162,0.012074048652151686,0.21015314841458535,0.17215034988800904,0.02835417527567208,0.002374563984053532,0.04191486779881959,0.0029036671335168143,0.01772135954729505,0.0065265127849468575,0.10042103743467193,0.01149909395443018,0.11568503512474207
757,0.38282532913980166,0.016431119295871315,0.018485009207855226,0.009229405336521926,0.01774560883954102,0.21901226099433538,0.011375390281757063,0.011091005524713137,0.029576014732568365,0.006825234169054237,0.01774560883954102,0.014788007366284182,0.0031952264671227105,0.02016546459038752,0.00466989706303711,0.18108748446812545,0.0026001031776026573,0.004500066233704397,0.013863756905891422,0.014788007366284182
758,0.008174362315810558,0.018303463446271467,0.020535593134841153,0.008404223898459325,0.026311228704015227,0.00886272966872092,0.021588700475089418,0.024763509368484926,0.7323977612544647,0.00765417562298625,0.022755657257526683,0.012202308964180978,0.008336230876519678,0.013873032786986745,0.0047714032555742246,0.007258269987314546,0.0074611899959144724,0.011533689294910785,0.016509006245656616,0.018303463446271467
759,0.02225497810540647,0.027732551936699178,0.01485672425180313,0.025999267440655473,0.011555229973624657,0.010064232557673088,0.01039970697626219,0.018352424075756806,0.025999267440655473,0.011086816398109486,0.01247964837151463,0.12999633720327738,0.016714884919649693,0.01485672425180313,0.005156879492361416,0.5417223497252671,0.05768747654925165,0.007428362125901563,0.020799413952524375,0.01485672425180313
760,0.006038045626826045,0.014334611335694965,0.01551644149828105,0.018525821809579904,0.012497710000519231,0.007478313391023081,0.10785544402045552,0.013147357413250255,0.01430063437932484,0.004116849291017757,0.012736502494086185,0.012736502494086185,0.004684690572537448,0.015675695377336846,0.004823290885334414,0.0038297249775359273,0.006318884958306324,0.006966975723260819,0.013147357413250255,0.7052691463382929
761,0.5340113416344218,0.012357551118125025,0.008581632720920156,0.008600032644603546,0.010472500947563582,0.29209177272002473,0.009222053073227631,0.01817286929136033,0.011033527784040202,0.003861734724414071,0.008464076108304812,0.007723469448828141,0.00409608303441587,0.016259935681743456,0.0036560802124630263,0.02465177010243283,0.0028485939859949467,0.0030579668895640865,0.01188226069050483,0.00895474718704712
762,0.0039908464996783344,0.027196879849659756,0.009662049420273863,0.008432605997971805,0.01112599630213354,0.005029559972197354,0.2900256964899014,0.0070607284225078235,0.022721821721112163,0.03317126672206817,0.034967416949562555,0.12498991590481935,0.0019821325053669906,0.3191656227727648,0.07108046505962018,0.0032781953390214895,0.003009490803036121,0.004647568075574769,0.008538555301637368,0.009923185891092076
763,0.007298878724679811,0.07173035988047398,0.013867869576891638,0.024472711018044067,0.010948318087019716,0.007051459106894053,0.12801110378669203,0.0035424896391305512,0.011992391990570839,0.0033761168982450723,0.3617354581157173,0.013420518945379005,0.006933934788445819,0.028692143952189594,0.004662556892846573,0.005547147830756655,0.0022608077553498934,0.003203046972593206,0.010147221641628028,0.2811054643964521
764,0.016287056718988856,0.013056476315743628,0.028815561887441818,0.02675730746691026,0.028815561887441818,0.007125407258241205,0.0208112391409302,0.031216858711395304,0.02675730746691026,0.008462110396134578,0.020248773218202357,0.03943182153018354,0.00913664157406692,0.03257411343797771,0.0022083165690262147,0.010906894533753533,0.015289889981091579,0.010124386609101178,0.6285616312629126,0.023412644033546478
765,0.025374171291691824,0.007770081161092231,0.007030073431464401,0.00448421746437482,0.02271254493242345,0.002022349891243184,0.11415712681141718,0.029526308412150485,0.09187399838468939,0.08167610306828003,0.2013157391737533,0.02271254493242345,0.0011027170105104651,0.2549742125048303,0.01952288174264417,0.054586452526664775,0.031635330441589816,0.007114773111361565,0.012837525396587168,0.007570848310807816
766,0.0032121280572394635,0.08127290046713433,0.010635712900637332,0.011965177013216999,0.012049478307372671,0.0038288566442294405,0.004270480834027691,0.13708435336583505,0.013674488015105141,0.4147925381587182,0.11965177013216999,0.00920398231785923,0.0006994897650589147,0.0075969377861695225,0.0024428836044645603,0.0026153392378616388,0.0299129425330425,0.12042229506701171,0.0065562613771052046,0.008111984415740339
767,0.0018607314054315365,0.005386327752564975,0.0034113409099578167,0.0034113409099578167,0.2839276675167492,0.001233014786731741,0.06260081395732975,0.05679722338206579,0.005117011364936726,0.0885708033436089,0.4413422302257926,0.007057946710257553,0.0002390036771557457,0.0034113409099578167,0.0022496179598808863,0.0012634595962806726,0.0016506488273989436,0.002558505682468363,0.00232591425678942,0.02558505682468363
768,0.011604139612997805,0.13390789053056787,0.018520941602976376,0.02265570114918619,0.027986454360759406,0.011894243103322748,0.16323926273249756,0.052863302681434444,0.020685640179691735,0.0066079128351793056,0.013593420689511714,0.02162589655149591,0.003604316091915984,0.020685640179691735,0.008346837265489649,0.006996613590189853,0.01219922369571564,0.01057266053628689,0.02265570114918619,0.409754201461903
769,0.007261495351793609,0.02482206419518743,0.015274179877910696,0.020602382160902797,0.7516095925379321,0.010422381563750827,0.012135649766011237,0.010824140596803537,0.02271544699791847,0.020316355921882,0.02013414620270046,0.01406194337966381,0.004898681968874437,0.015542147945944216,0.0048146871354283706,0.003460010603494653,0.005095931024148661,0.008406722591785584,0.01610731696216037,0.011494723215706772
770,0.04887576126233089,0.0184530935378188,0.014623206199780938,0.022143712245382564,0.015196665266439015,0.010473377413356619,0.6711845159812132,0.011232317805628838,0.012917165476473163,0.004067650641882566,0.014623206199780938,0.0067626138677109714,0.0024266699175797568,0.008452718631244126,0.0030312852835495466,0.09300359143060678,0.005345033990264757,0.009568270723313455,0.021528609127455273,0.006090534998188034
771,0.008804153122752328,0.01953421474110673,0.013589018950335114,0.017859853477583294,0.016449865045142505,0.01701168932896282,0.014883211231319412,0.04685410182293968,0.19398274272185512,0.005581204211744778,0.01225676219049834,0.013022809827404485,0.006794509475167556,0.02016435070049727,0.5406964574013802,0.004708597832426443,0.005962113710302795,0.009767107370553363,0.016449865045142505,0.015627371792885383
