site,A,C,D,E,F,G,H,I,K,L,M,N,P,Q,R,S,T,V,W,Y
677,0.21289031860693652,0.002551645895274337,0.0037910167586933012,0.0060379178476126895,0.0054157382267047156,0.5307965694852774,0.006031163025193888,0.0047387709483666255,0.0035382823081137474,0.0015339374168123181,0.0034917259619543567,0.005007003266198699,0.0021751735500699265,0.004575365053595363,0.003561690463377698,0.17995207782744713,0.01507005123170102,0.0007833522531192242,0.0038459590305584207,0.004212240842992557
678,0.05748119755740871,0.022612886208905125,0.06716873554478471,0.04544746738064264,0.0363421385500261,0.07723284616506185,0.06994061387895138,0.0071786940345730564,0.013844624209533744,0.014677929506376195,0.0608808474855138,0.24114728333262378,0.0007696961203666895,0.05279362999922875,0.010425848274493166,0.030740050153632657,0.07106907094227326,0.0562591130318171,0.020990864835270576,0.04299646278851665
679,0.528572399417824,0.008555655061459206,0.007289385218344343,0.00866822947016262,0.015685367612675215,0.002583472312675917,0.01780501188465835,0.01780501188465835,0.012199730365414054,0.004305787187793195,0.012668950764083826,0.015685367612675215,0.007345302150358917,0.01532059162168277,0.003875208469013876,0.2937473460158714,0.003115682946017768,0.002442552641114709,0.007008355741833606,0.01532059162168277
680,0.006624280386462548,0.012096512010062043,0.0194106820626577,0.012457601920810163,0.0043119162793737445,0.0050280682451462715,0.034664236683651546,0.06792465120980244,0.02692449447400907,0.6709963629411647,0.013248560772925095,0.01304155201084814,0.0071850508958300795,0.015748289220646812,0.0040901439085731526,0.003900277236889164,0.010304436156719518,0.04635497810851502,0.012646353465064862,0.01304155201084814
681,0.04341586542817706,0.029163419897583732,0.004757216739149373,0.00348493784379547,0.009586124133002059,0.0007673805569665586,0.07877293309292994,0.03697505022729365,0.155470468614123,0.0031692900194823137,0.011185110678041128,0.07647112660644823,0.002236601899749332,0.037745363773695605,0.24122665800727075,0.05208285180078844,0.08883159758199935,0.0650938009989481,0.002047457302543495,0.05751674479801233
682,0.004251701176317444,0.009678499607090446,0.0066069601013278275,0.008916188874607456,0.7436124121691122,0.003102592750285702,0.01106466812150082,0.005690688453407154,0.010091950044885362,0.10313199410966857,0.014128730062839504,0.0068027218821079104,0.005509421347811743,0.015306124234742794,0.002972062958202486,0.0014328475347348292,0.004373178352783657,0.002701746039072246,0.006957329197610362,0.033668182981891705
683,0.005582579950865279,0.00891929440425602,0.011411450193680494,0.008168195928108146,0.007614005852437746,0.0032467724400429858,0.01551957226340547,0.08374711168474232,0.010629844016031148,0.6260247317077552,0.06862811619250649,0.017635877572051675,0.0066322958390621686,0.011757251714701118,0.002961750431947609,0.07570319352439955,0.006990798316849312,0.013491123504436322,0.00455855372424494,0.010777480738476022
684,0.0049914463315203815,0.011537605454825796,0.22834870876270952,0.008183650380748532,0.014974338994561142,0.004214334926613016,0.010504387055886173,0.01636730076149706,0.009924867576992707,0.0035366529283636875,0.010054199039205338,0.5696751355238691,0.006283874399503337,0.011351515044264094,0.003976236908160304,0.046796704019343854,0.006466043856240847,0.004021679615682135,0.008279928620522044,0.020511389799490937
685,0.005601592657246987,0.009910251578318244,0.7463775143529288,0.05382653187951222,0.011520667459794959,0.0012705585295060336,0.01270647200848571,0.012288711957114626,0.015621244013281303,0.004388825698969509,0.008455535750308227,0.052285819550271645,0.00869484336588299,0.011969524633553203,0.004306791573755126,0.0045888852939049134,0.006185593267004006,0.008865845989319198,0.010473334054359055,0.01066145638648355
686,0.006843776186800893,0.00956373851745253,0.01776122867526898,0.011133904542705929,0.017348176845611563,0.003108215018172072,0.02072143345448048,0.08517679748191039,0.012880893393320799,0.004161086939453354,0.6016286069454369,0.016216774007854283,0.00994628805815063,0.010506642314947847,0.016697315339274522,0.005566952271352964,0.002546359208417608,0.1263006814751409,0.006971697237021471,0.014919432087225943
687,0.1583107067263969,0.012453216017999685,0.010943735288545179,0.0038311374182570255,0.013375676463777441,0.5787230075879751,0.014740541409060852,0.01852016741138415,0.012038108817399695,0.004458558821259147,0.011649782726515834,0.016050811756532925,0.0062807524264694055,0.013628047717810976,0.03216832147097374,0.06262072763963285,0.006173389137128049,0.0038981775978270193,0.006507085847243078,0.013628047717810976
688,0.007605576616579195,0.01297421893416451,0.014229788508438493,0.005027320784983623,0.016966286298522818,0.00377530801062288,0.021005878274361584,0.01712001202568124,0.7090310180301418,0.004571227396493195,0.018005038520881356,0.016392235520732077,0.010379375147331608,0.08302442246037119,0.005411682172530085,0.005379554192214552,0.010133063875525948,0.006347099910238753,0.007413839390951149,0.0252070539292339
689,0.025531858741471798,0.032337333517400875,0.0023906515087335784,0.002134510275654981,0.003430466559292372,0.0006911178071363812,0.003230610146937269,0.0558103802198322,0.0033203493176855257,0.013596897272531031,0.0030649378317097165,0.005692027401746616,0.0020259758548589655,0.004269020551309962,0.0009678751047504367,0.007038458082021693,0.637030587890784,0.19196521800519273,0.0023669816918154246,0.0031047422191345184
690,0.007962109470049416,0.014880007862059563,0.020629101808764393,0.018153609591712666,0.02110884836245659,0.0019850531792583678,0.023273858450913672,0.025933727988160953,0.010025368777963329,0.0056029659233681065,0.011196894537385075,0.028365014987051042,0.01210240639447511,0.01891000999136736,0.7294260805290155,0.005676209815441266,0.012291826798662569,0.005308072980032944,0.007856481922380374,0.01931235062948156
691,0.00481930796876919,0.010542236181682603,0.018235219341288827,0.13166380514186804,0.013229472855444834,0.002998680513900829,0.017755345148097016,0.018741753211880187,0.5420565578587072,0.004040138416932255,0.00924250843325598,0.03258333598962177,0.005766693295963133,0.0712888186410271,0.0748879414913411,0.004589817113113513,0.007783019062973635,0.004352923326630236,0.00766708085940553,0.017755345148097016
692,0.05082600125064599,0.010554519694540073,0.4621828582556745,0.04064099898994849,0.048793025473119665,0.15347150021819675,0.04590028209187897,0.010448727382304285,0.008707272818586905,0.0036838461924790745,0.0074633767016459174,0.04806535547862968,0.00709481488921896,0.009420983705356323,0.002520526342222525,0.018372682431236416,0.005085663770148104,0.002568345970131265,0.05706912861384056,0.0071300897301953756
693,0.03387905983568817,0.08409050403153354,0.003542029085828354,0.013888821987190223,0.012119962583161281,0.0009597756232567153,0.014682468957886809,0.1836849925324813,0.03132132864392754,0.08894187926412203,0.06423580169075478,0.01712954711753461,0.0019581083927594535,0.0798607264263438,0.01884250182928807,0.039252622192306005,0.11923234345698597,0.18656311099749653,0.002095284811335083,0.003719130540119772
694,0.11063365013386339,0.1001033027063159,0.010213868240899359,0.006128320944539614,0.008249662809957172,0.254954884324271,0.03135656115808394,0.005362280826472162,0.0033077659018775265,0.07483860174796277,0.10522222159470707,0.060187110752172444,0.025272694987651848,0.17221540651201717,0.0005182965422760482,0.01322793642904889,0.003201361687446067,0.002494084105335889,0.0035748538843147753,0.008937134710786939
695,0.0052874482778532805,0.021785459346838985,0.01468826769202128,0.6847894643353919,0.049978406736865905,0.001439620878121558,0.027407513371829686,0.03540137143861335,0.0069156097305855865,0.0062935771446423735,0.016030809708051326,0.03267818902025848,0.010361377006423419,0.013486236738519371,0.005553156304096212,0.006690022949029295,0.00816954725506462,0.00655692332275821,0.009546437241873262,0.03694056150116175
696,0.007864738361609629,0.011056317747473855,0.014780284162335337,0.010851347866018346,0.014287608023590826,0.009845457067563833,0.023169094092309446,0.01785951002948853,0.022559381089880252,0.004443676750925352,0.01823949960458403,0.03571902005897706,0.010085370369593524,0.019050144031454434,0.052193632314608794,0.006653385863297808,0.012606712961991905,0.005013195797751166,0.6889413396442104,0.014780284162335337
697,0.0975441514567315,0.12755773652034116,0.004222791363270398,0.028815194968593378,0.038267320956102344,0.03953140663333095,0.12644853881146864,0.0027258352744683302,0.09462645974004918,0.0218670405463442,0.05102309460813647,0.07854662882862197,0.002463294961907732,0.046495867268407765,0.05589704425173646,0.05776199389600354,0.008594231006901678,0.010352511949476966,0.007701599186133805,0.09955725777197358
698,0.19066048175845413,0.028190514088571435,0.06101842876314164,0.10018687605007007,0.004071102480262926,0.06166674956875002,0.024966026324300027,0.0040019226113939465,0.02787197720621469,0.0009473019201720549,0.004061652799623707,0.05960680839623315,0.21863797586554687,0.09396838029523812,0.0026395612442482617,0.1025787448642103,0.0016523920611434392,0.007075932251147448,0.0025197290516184106,0.0036774423996593017
699,0.013279417253126589,0.013074387728063934,0.014708686194071924,0.007996955600660462,0.019611581592095896,0.005053290962380538,0.02840298023682854,0.048452142756942804,0.013960786896068266,0.0034390513272554604,0.01229382726668698,0.020592160671700693,0.07480810295218235,0.019155498299256456,0.0042900334732709775,0.6609569265762194,0.011135360945800407,0.004761193218890334,0.009051499196351953,0.01497611685214596
700,0.05316074583004661,0.12444535286479363,0.0018114504719129545,0.00184841884889077,0.0021564886570392314,0.004845659757567187,0.07604993786181834,0.10813516434134389,0.003019084119854924,0.07427878684798969,0.06257823458343911,0.07865979419092942,0.04552443457584793,0.05475595526050922,0.030355113790474193,0.028516126501451237,0.07242706197597458,0.10684088831318872,0.0171708570503339,0.053420444156594374
701,0.1547696285432441,0.012340976065831174,0.020345933513937882,0.00519572372690993,0.020911098333769487,0.6025817644272249,0.019302552308094915,0.02352498562549068,0.01836096439062687,0.004952628552734879,0.01320700947395968,0.019302552308094915,0.00977661740280132,0.01568332375032712,0.006803024143938733,0.010072374794111608,0.00896189928590121,0.006494720200653977,0.009905257105469759,0.017506966046876786
702,0.009037401872738087,0.012997464465869633,0.0045220475819225895,0.004084430073994598,0.2409463245053731,0.0041703804752114965,0.08001407023912013,0.08295711650078894,0.0056274369908370005,0.05889205066937175,0.009941142060011893,0.005889178246224767,0.00261066664523366,0.021441678952966833,0.0019106533995064399,0.0073034212919579665,0.004374102506405235,0.0975761328351937,0.20329166094384601,0.14241263974342622
703,0.04801241414735688,0.0354465624033606,0.05552482355366635,0.0440424435676259,0.07254049528785442,0.03200232271478176,0.10209403040512845,0.07660982839467091,0.001437355499941701,0.050392276838621554,0.041765739711188916,0.062376332489963306,0.013738730168154252,0.07077121491497992,0.023979292295560894,0.044687873074575474,0.07478338258101189,0.04344147287098989,0.01769280372874498,0.08866060535182207
704,0.002349070116988734,0.010322185226086987,0.11259041385436833,0.03939040798920552,0.04230821598840594,0.014521040233308814,0.0994194672198882,0.010510449745396175,0.004172818355069903,0.00308735630185665,0.003215717344615646,0.2635318196154465,0.002931140588454969,0.08669406758338537,0.009341416847907385,0.2355426991626163,0.011700429184627627,0.003461581308142303,0.021967727532441535,0.02294197580178708
705,0.005793599318443452,0.007596387003402537,0.0155512402758219,0.0072066723229418555,0.013035598466497768,0.006272001908553835,0.022160517393046204,0.016724918787204685,0.01429710799551368,0.00410542999966967,0.008606026172056778,0.029547356524061607,0.009635007562194002,0.016415198068923113,0.07506324631481054,0.00489735191006546,0.008207599034461556,0.00454574715754794,0.7126105798703465,0.017728413914436966
706,0.023517856658461393,0.018582976462072732,0.020146764701862777,0.6105149085498078,0.02721078696232079,0.0430882767710667,0.03312617543239053,0.022408883380734764,0.007507095817016218,0.007695980150959415,0.022408883380734764,0.02176862956985663,0.013136241981810034,0.04385374563950864,0.005999228621614032,0.007054648471712796,0.020050053551183736,0.006552009416572757,0.02156741588828294,0.023809438592030687
707,0.046138511239439295,0.022849805299964714,0.20825412653274047,0.3842426159794591,0.022849805299964714,0.028909313880403815,0.02999036945620369,0.022849805299964714,0.023008283164296366,0.00607399887720581,0.01454078519088664,0.04972137644259353,0.0072703925954433184,0.034633332454525254,0.004904211745710739,0.01866418034631889,0.009408743358809,0.012724630069395034,0.02630760658338282,0.026658106183292167
708,0.05866355087849497,0.009409503994539794,0.011172933903458422,0.014575506187620463,0.014575506187620463,0.003309751193233446,0.02654824341316584,0.0841589258063091,0.021238594730532672,0.007663410469779831,0.021238594730532672,0.015170424807523336,0.008745303712572278,0.03231960067689755,0.006819732252923337,0.005271991599777615,0.03959272519320453,0.5951469907189709,0.01198952928336522,0.01238918025947739
709,0.018844452487366086,0.016755221921800758,0.018473706221472635,0.04068288340730435,0.030019772609893025,0.008883813315472581,0.021190427724630374,0.027710559332208954,0.012211432926058183,0.05758387990028581,0.01162055713931343,0.048031636175828854,0.5780011318642958,0.007069770027335834,0.0030399769731537245,0.003245364759380372,0.013149552285958564,0.04974935456664647,0.008005272695971474,0.025731233665622598
710,0.005723428604182773,0.029985173859950573,0.014358777024528714,0.011527468878846996,0.6564719494461205,0.0033681081909388336,0.030312973718449505,0.021935250677756476,0.02046125725995342,0.002190089253362682,0.0174138359659178,0.023384294011375335,0.014437660366993356,0.018187784231069704,0.00624771214044379,0.07231121977265809,0.009516863841838799,0.005752103702358006,0.0174138359659178,0.01900021308733682
711,0.007791066496684142,0.6621946561221276,0.02664042092414577,0.014488649976289807,0.02664042092414577,0.004234133455358103,0.028477691332707552,0.02664042092414577,0.017205271846844145,0.008176762857906129,0.021732974964434708,0.05161581554053244,0.009831583912482369,0.03303412194594076,0.002371154700926469,0.021884935471513347,0.013997509299127442,0.00851394895513937,0.008693189985773883,0.005835270363774571
712,0.007083005964413671,0.027140724627002573,0.023850939823729524,0.01229814084661054,0.008210280408589692,0.007287787168361801,0.01874002414721606,0.031483240567322976,0.027140724627002573,0.00795031327457651,0.021272459842785793,0.021272459842785793,0.045798678760680625,0.019197097906904253,0.0053909658505690026,0.6318530902564962,0.033419323914396726,0.006785181156750643,0.01874002414721606,0.02508553686658914
713,0.007323166326508746,0.014103875888090912,0.015866860374102277,0.013847441781034716,0.026262389584721012,0.0034936206328298595,0.6111131128552932,0.036538305277013496,0.015543046897079783,0.005804034718468839,0.019040232448922733,0.1435482236985614,0.007244480330913462,0.022288274690564387,0.0020740816046982695,0.00698724126565972,0.01171706612241399,0.006509481179118886,0.011200136734660433,0.01949492758934379
714,0.012482522787407717,0.02055944929690683,0.013706299531271218,0.014872793108400681,0.03328672743308725,0.006786614331017787,0.560300151969195,0.030392229395427486,0.027960851043793287,0.007045159490398457,0.022549073422413937,0.06671134951025902,0.012985670188879283,0.013346197501900182,0.003016415727674399,0.013442716847977541,0.018571458797728424,0.013189080681034568,0.025889676892401188,0.08290556204282579
715,0.006386861683458496,0.02146975913480625,0.013909165443976284,0.01331728606338155,0.5016698689198071,0.0033471253742188914,0.021583187757894227,0.013794325518072437,0.024073555576112793,0.014136094924523881,0.01955976390559165,0.018409189558203903,0.007032724100886884,0.022354015892104735,0.004706108608864156,0.0037413033624804984,0.013039842603727767,0.009233651810199814,0.055903397426830294,0.21233277233485848
716,0.03196553529655437,0.031965535296554375,0.04639335112472026,0.010852087212181246,0.011123389392485777,0.0190432976234792,0.2048553959077129,0.011408604505113619,0.009269491160404814,0.004836256257602512,0.010347338969754212,0.35320296187822436,0.0043197628708682625,0.07424253359199726,0.0037077964641619257,0.11300755114950019,0.026822331651669654,0.013076809894044968,0.009672512515205024,0.009887457237765136
717,0.019722857527540338,0.07906145474401946,0.004215361019090756,0.0014982613285778905,0.004863878098950872,0.0007903801910795165,0.03057042916768753,0.014240883152649465,0.20285769842461157,0.132380876306504,0.22104761362619582,0.00989715586109686,0.0020233732891635626,0.1302902699207181,0.05019031439938102,0.0012773821269971984,0.05222622903717822,0.011492642544243427,0.002238244788897746,0.02911469444541669
718,0.07788246401762436,0.10257508431439989,0.00884293339881255,0.004744988653021369,0.010515920798587897,0.00195522145501383,0.0062756301539960025,0.12331846871193158,0.0059859856853500355,0.3117933442569854,0.036651756313497166,0.008106022282244838,0.012736769502893363,0.004502261334417671,0.006703667121850979,0.0027209025842500154,0.0036706515995070968,0.25484799245778733,0.005053104799321458,0.011116830558507207
719,0.004732625047336993,0.02868116617959518,0.009879402811862366,0.00690963256911201,0.22474600167444783,0.002741917686155559,0.13440010152052576,0.025569127016132853,0.009870903670160013,0.0040172282378558195,0.012338629587700016,0.01750336630413904,0.005080612183170595,0.01328775494060002,0.0032335131638093553,0.003154157647135468,0.00595657980095863,0.006346946422444324,0.20480743530335266,0.27674289823350545
720,0.008679606426490426,0.01802687488578781,0.011159493976916263,0.015623291567682768,0.16369179234696385,0.006509704819867819,0.010311639491325502,0.1423734862149941,0.024668355106867525,0.3759254525695069,0.10538938686020573,0.026038819279471277,0.0015307672452297286,0.01874794988121932,0.011474198061333074,0.005858734337881039,0.0071014961671285294,0.007210749954315122,0.01735921285298085,0.022318987953832525
721,0.0061786856894959575,0.01952464677880722,0.024405808473509028,0.07635253544567576,0.01952464677880722,0.03241641971311763,0.027117564970565583,0.06101452118377256,0.39022282466019503,0.008135269491169677,0.02698507587606257,0.01432826434217742,0.01061122107543871,0.015556111042322332,0.12925911233802467,0.03241641971311763,0.05793528374718455,0.009961554478983278,0.01683159205069588,0.021222442150877412
722,0.008786052211682233,0.027970596714759814,0.5130470001691637,0.012356111079988213,0.029241987474521624,0.11645879433442471,0.03216618622197378,0.03574020691330421,0.03063446306854646,0.009747329158173872,0.03385914339155135,0.009228595159454895,0.011913402304434733,0.03385914339155135,0.006307095337641918,0.007568514405170301,0.01608309311098689,0.009921067424691166,0.020103866388733613,0.035007351739245206
723,0.023057786533991136,0.011442349091918384,0.012564148022498618,0.14740686178921983,0.018307758547069414,0.5127235714800821,0.042718103276495306,0.018846222033747927,0.02785963257162737,0.009286544190542454,0.021359051638247653,0.009563754464887005,0.011650391802680534,0.02563086196589718,0.0062963860750088006,0.03984385513073667,0.008321708430486095,0.0050428132339441325,0.03472879244701455,0.01334940727390478
724,0.007394317284306346,0.014269735110064878,0.015948527475954863,0.015948527475954863,0.023922791213932294,0.11241970768231649,0.015062498171735147,0.014006710346412115,0.006657809339188213,0.007327701813276559,0.021404602665097316,0.016945310443202043,0.005768616321090057,0.015062498171735147,0.6541370433180987,0.005624783029759564,0.00813374901273698,0.008841031535583674,0.014524551808458894,0.016599487781095882
725,0.06109738095511351,0.10685512745642012,0.030020114210428987,0.009712389891609377,0.08945009758337195,0.11457327736542589,0.015108162053614583,0.003753604926759754,0.01344792446530529,0.0011549553620799245,0.06906588367366669,0.06543083716452633,0.0005063713198741579,0.02465452818639303,0.042834129778379824,0.10790731071331379,0.06463601108070649,0.0064749265944062506,0.12354159942127128,0.049775367797332576
726,0.0025713643773422968,0.006898782475796407,0.011314003260306108,0.006148914815383754,0.006307378200384684,0.0027461172961908025,0.006898782475796407,0.22628600459018014,0.010878849288755871,0.28812342103384875,0.16183155917466657,0.006784824162841379,0.0021428036477852477,0.007443423197569806,0.0025713643773422968,0.005698579515437968,0.003901466714827397,0.22181923809089538,0.011314003260306108,0.008319120044342727
727,0.0012651272421606255,0.4075964832631806,0.006789296412703278,0.01052986151919686,0.011994423662442457,0.0020665418103502486,0.006789296412703278,0.07528477612941863,0.009226479740340352,0.0027927869776928306,0.0026035602123338276,0.012851168209759777,0.0032712064533933975,0.007196654197465475,0.0027468145791852954,0.0037482573945132676,0.127873406513939,0.28790829498882214,0.007996282441628305,0.009469281838770362
728,0.17770203735742593,0.08701811923104973,0.021528183450069037,0.013613408895369722,0.014448422890836018,0.0033425796152989364,0.008926825505160472,0.0808468211908994,0.020168013178325513,0.004581936747513914,0.028659808200778365,0.012965151328923544,0.004537802965123241,0.021781454232591552,0.00825055084567862,0.00428768784106133,0.01080224928385445,0.4357783311322664,0.028659808200778365,0.012100807906995309
729,0.10135589172783827,0.022408461182067498,0.02489829020229722,0.014938974121378332,0.039544343262472054,0.008003021850738394,0.015255210867823357,0.019772171631236027,0.016806345886550625,0.04574017722481155,0.015278496260500568,0.02100793235818828,0.5386534343479825,0.012927958374269712,0.004511770707798825,0.027071194606506394,0.015387623466246243,0.008003021850738394,0.0292284276287837,0.019207252441772144
730,0.008477705887319152,0.6460142414550359,0.025168189352978737,0.024405516948343017,0.041563706527251255,0.00576558033481129,0.023010915979866275,0.017897379095451547,0.024405516948343017,0.00994298838636197,0.03097623304981998,0.020134551482382995,0.007895902542110976,0.03097623304981998,0.005997932973137014,0.007380603469693789,0.014381822487416422,0.009587881658277614,0.03938437446251167,0.00663272390906728
731,0.006258798599273298,0.038973336370578704,0.07009854431186094,0.01752463607796523,0.02124198312480635,0.004768608456589181,0.002979475316795,0.01844698534522656,0.06487817075595602,0.004579788538223387,0.01752463607796523,0.06372594937441904,0.008369558378427828,0.020617218915253217,0.5629229240418769,0.0056899605433796225,0.01229799023015104,0.0067402446453712446,0.011126753065374752,0.04123443783050643
732,0.10162184394240235,0.003978604301603654,0.13885248834104866,0.1200654067239144,0.003805621505881756,0.03023869502676362,0.07003014701762224,0.005213568108062694,0.05039782504460605,0.024909344074476033,0.06340371537869792,0.00879917373894445,0.05666349153765564,0.1782103168320195,0.005073939866040017,0.017445400976979015,0.028996008929773335,0.056697553175181804,0.003241825727232607,0.03235502975109427
733,0.03337539347090338,0.02790783408497334,0.01860522272331556,0.06380589928260942,0.01732210391481104,0.008372350225492002,0.011482252602652064,0.010688106670840854,0.020475320165946,0.01644513479240385,0.013219500356040003,0.020930875563730002,0.011575456894291035,0.40292506336657613,0.060475875876223384,0.13350157388361358,0.08900104925574237,0.008970375241598574,0.015222454955440005,0.015698156672797507
734,0.01273653027232574,0.009426599166469521,0.5004035353540379,0.16255288092237696,0.008887936356956975,0.06949772998718201,0.007082469984989843,0.009149346249808654,0.013237352020999755,0.0030055823429323116,0.009285903656522217,0.15029279549931784,0.0034564196943721584,0.008641049235930395,0.003020172548480527,0.003793631371871882,0.004261339349225949,0.003558337785712599,0.008641049235930395,0.009069338964556256
735,0.007200552227276395,0.015321041163846121,0.057264328726346854,0.6895987142628306,0.01559960554864332,0.036116682446115586,0.011753127468155926,0.01865170228642136,0.007365887584944205,0.0053960899696564955,0.019952983841287967,0.012999671290536103,0.006975433375409615,0.028599276839179424,0.0061284164655384474,0.005719855367835885,0.008094134954484742,0.005908141170133938,0.020428054885128156,0.020926300126228845
736,0.07262911818621258,0.17537274879109865,0.011007333011293401,0.0059439598260984374,0.011430691973266226,0.002251499934128196,0.00825549975847005,0.026565083868602374,0.007248731495241997,0.23840066393108167,0.05046106781131849,0.03776408981320926,0.02842977442028017,0.07729661917734136,0.00581326262318259,0.002303860397712572,0.017588754159576916,0.20837898696078902,0.00503725408991393,0.007820999771182155
737,0.012173346614087048,0.02383947045258714,0.03178596060344952,0.03178596060344952,0.03938542026579795,0.006893340853760136,0.03575920567888071,0.4668373757583188,0.02724510908867102,0.15493599861316423,0.029177499859799814,0.02301392313142297,0.012173346614087048,0.02724510908867102,0.00853951180391181,0.016883798424805477,0.00602223887084007,0.006797975495722754,0.01907157636206971,0.020433831816503264
738,0.0078441000680442,0.016054453337992335,0.00923867438989218,0.022262084202618115,0.029171006886189253,0.6689050793631026,0.018390417384771488,0.03021282856069601,0.028198639989982944,0.007980747166976306,0.02728900644191898,0.022863762154040228,0.011749433329159559,0.022262084202618115,0.007761093575224664,0.003799761328726577,0.014338291520330311,0.007652991449323664,0.018390417384771488,0.025635127263620865
739,0.02375022292474222,0.040078501185502505,0.040078501185502505,0.030536000903239997,0.049327386074464616,0.01750680191529338,0.021375200632268002,0.03375031678779158,0.027880696476871306,0.005815997598708303,0.05343800158067,0.030536000903239997,0.004493643665151664,0.0037754629873826408,0.5036841585111991,0.01308685752996,0.012331846518616154,0.021375200632268002,0.021375200632268002,0.04580400135486
740,0.4563350792111319,0.16955502371235834,0.012924692691290002,0.00995969413973246,0.01650463600298522,0.05352368099087295,0.016046173891791186,0.02625737545929467,0.019255408670149427,0.005112055399154714,0.016046173891791186,0.016990066473661258,0.00365609025382584,0.015201638423802174,0.0038255778814866408,0.1304493368980552,0.003486292261828135,0.0036276885135268894,0.010134425615868118,0.011108889617393898
741,0.0058638249763309945,0.005477316641753361,0.01909501979471888,0.018617644299850907,0.028642529692078315,0.007831810013448117,0.1298901061706268,0.028642529692078315,0.03237851182582766,0.004946723634852964,0.024823525733134545,0.02068627144427878,0.004877021604460483,0.017731089809381814,0.5897151155861334,0.004844362274709416,0.009081777707244344,0.006959867027981647,0.013298317357036363,0.026596634714072726
742,0.023297431565596927,0.3982535859087034,0.009626627237346853,0.011867072236923043,0.006285598814317346,0.0023190877913094104,0.006739324974055062,0.028751632177673573,0.011140516793846124,0.002376576581774496,0.009098088714974334,0.0109177064579692,0.004135494870442878,0.009411815912042414,0.002481296922265727,0.0027294266144923,0.008305823449432852,0.4381608554686237,0.00682356653623075,0.007278470971979465
743,0.06831773060531567,0.023798074984698134,0.0166586524892887,0.010576922215421395,0.01586538332313209,0.00782006131146674,0.011690282448623647,0.012115383628573596,0.02082331561161087,0.07093234081287234,0.05071539762289458,0.04870970393159368,0.019165367106383484,0.01959841469328082,0.00574436292734093,0.5322906235743167,0.03599265391210737,0.005506992558442544,0.012572567916444299,0.011105768326192464
744,0.010694965076663806,0.02581543294367125,0.029945902214658652,0.03402943433483938,0.02581543294367125,0.008318306170738513,0.012074960570426877,0.026737412691659513,0.027727687235795054,0.051729360451897265,0.020795765426846288,0.024954918512215547,0.6005768264443068,0.012755501542711918,0.010718535899075742,0.004937983780988841,0.009722695524239822,0.014125425572952195,0.027727687235795054,0.020795765426846288
745,0.007239257698026534,0.014002737006191385,0.05601094802476555,0.1171804347941198,0.022404379209906213,0.5341254511378698,0.02922310331726898,0.033606568814859315,0.024893754677673574,0.004978750935534715,0.022404379209906213,0.017234137853774013,0.007468126403302071,0.01816571287289693,0.010560237141486533,0.00933515800412759,0.017046217471412495,0.006574908727424293,0.012170401104865072,0.035375335594588754
746,0.1170884882661246,0.11413406766506183,0.0030620271666700533,0.0069242518484307,0.0634078153694788,0.03650753006121506,0.10869911206196364,0.011305946461550968,0.028181251275323903,0.02906191537767778,0.007348865200008131,0.08031656613467314,0.0013278212345843644,0.011027446151213703,0.17128344930976092,0.07087245902743172,0.05554327504254084,0.06984696659022163,0.005879092160006504,0.008181653596061779
747,0.004263174402803392,0.00862719537103498,0.018150340496296765,0.00529960164418072,0.016021934260493535,0.5391076498742793,0.03707303590732957,0.012696627149825064,0.027014460273557975,0.05124802022483793,0.044677761221653574,0.13888956205861872,0.006470396528276234,0.013194534096877026,0.017961901392443077,0.003780456398543417,0.014704073313455607,0.013902425827864082,0.013458424778814568,0.013458424778814568
748,0.0062984044377757935,0.008437073390332762,0.012196910181089631,0.015066771400169548,0.05764911112939106,0.003959324312147699,0.03314823889939986,0.02599861874462734,0.030736213656345872,0.03911845111768453,0.015066771400169548,0.015368106828172934,0.005821252586429143,0.011821620637056105,0.00253073538886079,0.0041761159859165595,0.007388512898160067,0.02024319932787778,0.6167281934737462,0.06824637420464677
749,0.0690071754641665,0.050941445953659355,0.002241439828937529,0.007703503723966883,0.0036542261254714696,0.04640124734357872,0.004548345283831511,0.0015673694276803055,0.38369374317450433,0.03708293756919772,0.02375246981556456,0.040138417080384195,0.010459803221533016,0.14251481889338735,0.054965834644365226,0.06570752432681914,0.030002428645346177,0.01973282107754594,0.0033035499789810796,0.0025808984210789684
750,0.07704841215295861,0.14760494035511362,0.0063041144154826955,0.006537600134574647,0.004305248869110133,0.004349074135463171,0.0761087973706055,0.14077755687998467,0.06342399780883788,0.04675837259186243,0.02946146994991179,0.03382613216471354,0.0013898834931772872,0.016022904709601153,0.03251249596414215,0.03713881710020362,0.10359088818176017,0.15993658487460402,0.009225308772194603,0.003677400075698239
751,0.011339189921470358,0.13499035620798044,0.007299004076798138,0.0057623716395774766,0.07349474949101159,0.01199502145455,0.07382285105123931,0.036747374745505795,0.1417398740183795,0.05010556511914557,0.18342807225907934,0.0057623716395774766,0.034189369358975305,0.012331183850034174,0.08719298845899438,0.0314977497818621,0.07036731334245791,0.010737869243816629,0.007243536962092316,0.009953187377452008
752,0.06538998904962605,0.006051800612674022,0.09812931386641893,0.18848006531622286,0.005488842416146205,0.03728067723126705,0.03771294491817986,0.019395228815063927,0.022378618313579058,0.0025378518698310412,0.023958812065667207,0.00944080895577147,0.022627766950907915,0.07481016828667515,0.0027444212080731025,0.060404632114711816,0.10942382824021143,0.002480771601308534,0.007613555609493121,0.2036499025581712
753,0.03273731496740376,0.022220017587305407,0.023701352093125766,0.019751126744271475,0.019751126744271475,0.006464005116307028,0.014813345058203604,0.014724501845420322,0.016929537209375546,0.008075544505439123,0.025394305814063323,0.016390615622828498,0.26373479147499873,0.01045647886461431,0.003950225348854295,0.16614347604883775,0.28467749875782655,0.020458046080445776,0.012697152907031661,0.016929537209375546
754,0.25400360028924374,0.26659431480091256,0.021403827942458372,0.026676871274206485,0.012804898211619117,0.08048096080412125,0.012804898211619117,0.016006122764523893,0.02462480425311369,0.004707683166036441,0.01524392644240371,0.016006122764523893,0.003959742652230139,0.012312402126556845,0.005616183426148735,0.13719488947924924,0.047968632115699295,0.0024640414064972904,0.017784580849470995,0.021341497019365194
755,0.11238996948856812,0.17589658364354865,0.007116450802662696,0.0056566660226293215,0.007353665829418119,0.24874856203523818,0.005805525654803777,0.0066851507540164725,0.005805525654803777,0.002397934509592865,0.051469880921941845,0.008824398995301743,0.004011090452409882,0.005252618449584369,0.013525810785162911,0.2311502294146898,0.03462519262021543,0.05127191984147283,0.019770477738934006,0.00224234638500529
756,0.08357000423218681,0.07163143219901727,0.02421134783384521,0.012105673916922605,0.003460307624626188,0.018233455468840754,0.010879397218449913,0.01457850387971163,0.014526808700307129,0.23299434169189873,0.131324292364865,0.029495295611360044,0.03931084323091165,0.01263200756548446,0.0056917190819229125,0.022121471708520038,0.007852329027193043,0.020892501058046697,0.013835055905054409,0.23065321168083558
757,0.2862650170743286,0.013319993393535064,0.014984992567726948,0.007481877277807828,0.014385592865017867,0.3450430018397975,0.009221533887831966,0.008990995540636168,0.023975988108363117,0.00553292033269918,0.014385592865017867,0.011987994054181557,0.00259023105283017,0.016347264619338487,0.0037856823328994388,0.19385527644983927,0.002107790499511457,0.0025115167586607966,0.011238744425795208,0.011987994054181557
758,0.008351420206086852,0.018699919157107513,0.020980397103096234,0.00858626062443032,0.026881133788342053,0.009054697697125743,0.022056314903255023,0.02529989062432193,0.6785320267563795,0.007819966192972235,0.0232485481412688,0.012466612771405011,0.008516794863633124,0.01417352471798995,0.04297565376134538,0.007415485182990913,0.017591329899854943,0.011783510701738983,0.016866593749547954,0.018699919157107513
759,0.012676118734513388,0.015796066816855553,0.016924357303773806,0.02961762528160416,0.013163389014046295,0.011464887205782256,0.011847050112641665,0.020906559022308827,0.02961762528160416,0.0039124601856242,0.014216460135169999,0.07671320068336052,0.04776128025989223,0.016924357303773806,0.005874570303789255,0.5716124276365605,0.05189092853775535,0.008462178651886903,0.02369410022528333,0.016924357303773806
760,0.005725714521306552,0.05865450722045973,0.014713819652338804,0.01756753319037238,0.011851238638398034,0.00709148128785674,0.15086267280339152,0.012467281618973945,0.013560902813620783,0.0039038962645271953,0.012077679068381008,0.012077679068381008,0.004442364714806809,0.014864835776468936,0.004573795623528903,0.010552605343966674,0.005992026824623137,0.006606593678430637,0.012467281618973945,0.6199460902711932
761,0.4916272976218051,0.012188366413292262,0.00846414334256407,0.013482659065709753,0.010329124079061239,0.25284282277084263,0.009095795830815122,0.017924068254841562,0.010882470011868092,0.003808864504153832,0.008348196173487851,0.007617729008307664,0.0040400043993753295,0.016037324228016136,0.0036060255660627996,0.05517719613560425,0.050960079039304766,0.003016100890333831,0.011719583089704099,0.008832149574849464
762,0.003528648575540598,0.12453168704724768,0.00854304391972987,0.007455987882579961,0.009837444513628335,0.004447063958215548,0.2159901137933582,0.006242993633648751,0.020579086522795338,0.08282102266783214,0.06671340377531125,0.10730921968964958,0.0017525728043310336,0.26163762212845265,0.050685258446326494,0.002898532758479777,0.004593381899283725,0.00410931226518652,0.007549666719761281,0.008773936998641488
763,0.006789795988417957,0.08065849310489916,0.012900612377994117,0.02276578654940138,0.010184693982626935,0.0065596334125393825,0.11566959725482792,0.01446712929106714,0.011155945741883189,0.032677858689572105,0.3108804446911648,0.012484463591607214,0.00645030618899706,0.03456792561638535,0.004337352527830763,0.01782168609555867,0.0704589255121185,0.0029796406140700305,0.009439472471703013,0.2167502362973352
764,0.01569022917925479,0.014825506276647785,0.02775963624022002,0.025776805080204305,0.02775963624022002,0.06141289345912975,0.020048626173492234,0.030072939260238355,0.025776805080204305,0.00815202241548705,0.019506771412046497,0.037986870644511596,0.008801835881045373,0.03138045835850958,0.008053775201089712,0.010507219187677674,0.014729602902973886,0.00975338570602325,0.5794502768558448,0.02255470444517876
765,0.03799597599994772,0.031996611368377025,0.011177252834379713,0.007129546064103908,0.018055562270921074,0.005551923433782316,0.129246965072425,0.0156481539681316,0.03733891432559465,0.017696018451453972,0.06447801987869917,0.02078412362390303,0.0017532315915908415,0.37682651513778653,0.05735789751942461,0.09876825133879968,0.03618664380947402,0.009766033991954434,0.010205317805303218,0.012037041513947386
766,0.003464288032750052,0.025223034357603095,0.011470642597327949,0.012904472921993941,0.004021612263636573,0.004129431335038062,0.004605724113043258,0.07032728508915363,0.014747969053707363,0.4149270324616825,0.17995664897443747,0.009926517632303034,0.002062356034364929,0.014146252073576343,0.00263465599301821,0.00282064981901507,0.04873825909724349,0.1580734288819072,0.007070944066845996,0.008748795201351826
767,0.0014529613436683408,0.004205940731671513,0.002663762463391958,0.002663762463391958,0.38541747236109286,0.0009628057096597439,0.0869727061426428,0.0022638402933038947,0.003995643695087937,0.06372338502589592,0.3167223343974386,0.08796604361402004,0.006051188417209288,0.002663762463391958,0.0008783126689289463,0.0009865786901451696,0.001288917320996109,0.010067790891406074,0.0018162016795854258,0.017236589627071496
768,0.011399085994709976,0.3214253087375877,0.018193663044078833,0.022255358370624242,0.027491913281359356,0.011684063144577726,0.018223520200913973,0.051929169531456564,0.020320109816656915,0.0064911461914320704,0.013353215022374545,0.0212437511719595,0.003540625195326584,0.020320109816656915,0.008199342557598403,0.006872978320339839,0.011983654507259203,0.010385833906291312,0.022255358370624242,0.372431792818172
769,0.00738171205893177,0.02523300253190074,0.015527049503270274,0.02094346212069014,0.718541876585521,0.010594927896349129,0.01233655987931063,0.011003338196899335,0.023091509517683996,0.044596080144152055,0.020467474345219908,0.014294743987137716,0.004979781437659432,0.015799453880520634,0.004894396039074325,0.008529434866435518,0.005180296023070686,0.008545898954070087,0.016373979476175925,0.011685022555926761
770,0.05705905953378277,0.015887948993768247,0.012590450146005025,0.019065538792521895,0.013084193288985616,0.03112312338206333,0.5340875785115182,0.009670925474467627,0.011121564295637773,0.003502210932288912,0.012590450146005025,0.0058225502393156915,0.0020893411609388193,0.018838837355744875,0.023607139647718458,0.16505629766954255,0.004602026605091492,0.008238195774546498,0.018535940492729622,0.03342662755732757
771,0.009111869246239229,0.020216959890093283,0.014063972097456199,0.018484077613799575,0.01702480832849961,0.08524702671222469,0.015403398011499647,0.01144352430792304,0.17738053004750387,0.005776274254312367,0.012685151303587945,0.013477973260062191,0.007031986048728101,0.02086911988654791,0.5174328065967787,0.004873169194583778,0.006170497014539211,0.010108479945046643,0.01702480832849961,0.016173567912074627
