site,A,C,D,E,F,G,H,I,K,L,M,N,P,Q,R,S,T,V,W,Y
677,0.19233021389599883,0.004808171561163679,0.007143569176586036,0.005217323462278145,0.01020509882369434,0.47166854093527166,0.011364769144568698,0.008929461470732546,0.006667331231480301,0.002890461516537703,0.006579603188960823,0.009434902686057033,0.004098769199680514,0.008621549006224529,0.0025909318257047805,0.19160955708119082,0.039179244597079665,0.0014761029470417156,0.007247099164652502,0.007937299085095596
678,0.05813121721378969,0.0191734489318703,0.0772671797027947,0.04430839038877588,0.03179270868805024,0.07488574354108384,0.06726000221935659,0.013043162538687276,0.011179853604589094,0.008583387065886327,0.07374403435334728,0.22551924043551053,0.0015427416411604867,0.048594453667782984,0.021037148689945665,0.029073865100202358,0.07695465897825492,0.04862831250836668,0.020803018732589825,0.04847743199795525
679,0.4534330977767366,0.01532279836814357,0.013054965297930873,0.015524414136145461,0.028091797008263215,0.004626884213125707,0.031887985793163647,0.031887985793163647,0.021849175450871387,0.007711473688542844,0.022689528352827983,0.028091797008263215,0.013155110040615061,0.027438499403419886,0.0069403263196885605,0.22643553733554908,0.007493967289918765,0.004374503337795147,0.01255165398241548,0.027438499403419886
680,0.011555738390413338,0.02110178314771131,0.03386100086493211,0.021731687122269857,0.007845404650255466,0.008771223115614943,0.01799551262569409,0.05039547236699165,0.04696848507071226,0.5619879090483756,0.023111476780826676,0.022750359956126256,0.034407762785875935,0.027472132777209064,0.007135059241031608,0.006803845968187293,0.017975593051754078,0.03331823797092116,0.022060955108970916,0.022750359956126256
681,0.048170192302158875,0.03505342632316727,0.008405290640028417,0.006157364073509187,0.009806172413366484,0.0013558466991277188,0.0901736691646694,0.04608876423971992,0.1564461596019682,0.005079169936622195,0.023351525061692156,0.07541797784681442,0.003951741121804404,0.03024575153231619,0.20478448149323406,0.03274149871982422,0.07920705685258579,0.06954711729586478,0.004883648321946349,0.06913314635957987
682,0.007232196773899785,0.01651908811982864,0.011238521605484561,0.015166548574391788,0.6066397361857955,0.005277548997170115,0.018821138592317523,0.009679932094768445,0.017166533001784112,0.13638833941990283,0.024033146202497756,0.011571514838239658,0.00937159448543609,0.026035908386039232,0.0050555161914639275,0.0024372915424820518,0.00743883096743978,0.004595703737720993,0.011834503811836017,0.05349640647150124
683,0.010911188794482983,0.017432818878541777,0.022303753565193162,0.015964792025611945,0.014881623921099391,0.006345837834448262,0.030333104848662692,0.06361162623288913,0.020776099211412807,0.5873791842736532,0.0718995984133593,0.03446943732802579,0.012962865319941322,0.022979624885350526,0.00578876046730204,0.009524166769970416,0.013663560742640853,0.005690270084949705,0.012017030257560225,0.021064656144904652
684,0.00773360951403488,0.01787604822096587,0.30472998898304476,0.012679522575336258,0.02320082854210464,0.006529574499873763,0.0162752080817749,0.02535904515067251,0.015377316557381024,0.005479592670748333,0.015577699163984542,0.4221317846955753,0.009736061977490341,0.017587724862563197,0.006160671985756599,0.0444915819617335,0.010018310317995414,0.0062310796655938175,0.012828693429163743,0.01999565714420662
685,0.010151392934408584,0.017959688254053557,0.6488830040728935,0.07371876091228502,0.02087813759533726,0.002302548519391815,0.023027092125544917,0.022270013435026412,0.028309339112321714,0.007953576226795147,0.015323403739697072,0.011006470723005339,0.01575708497761303,0.02169157152762313,0.007804911250593369,0.008316130893432765,0.011209738306221345,0.01513596365935539,0.018980125086670237,0.019321046647730628
686,0.012564948748729888,0.017558710430917408,0.03260903365741804,0.02044148378524713,0.031850684037478094,0.005706580890048158,0.038043872600321056,0.029057043290405926,0.023648898050914288,0.007639619225724658,0.5299662903142345,0.029773465513294732,0.018261058848154106,0.019289850895937433,0.020376547823584498,0.010220741892623566,0.004675032040254311,0.10812474207863476,0.012799807603846334,0.02739158827223116
687,0.12406812542303425,0.02249326383105574,0.01976680760910959,0.006919881948352084,0.024159431522245055,0.48756885754030316,0.02662467963675986,0.03345152056926238,0.02174348837002055,0.008053143840748353,0.021042085519374726,0.028991317826694063,0.01134442871479333,0.02461526985285345,0.02443353630194365,0.06016417647980578,0.011150506856420795,0.007040971347602016,0.011753236956767867,0.02461526985285345
688,0.012577862226337803,0.021456353209635078,0.023532774487986855,0.008314024220502704,0.028058308043368948,0.00624348506543108,0.03473885757750441,0.02831253479228202,0.5619645124095136,0.0075597513899232395,0.02977616363786092,0.02710896101053062,0.017165082567708056,0.09821515460739308,0.004877861705512454,0.008896536696677958,0.016757740771319835,0.010496633224857447,0.012260773262648616,0.0416866290930053
689,0.02408466052499303,0.0180642172014386,0.004788096596363654,0.004275086246753261,0.006870681567966515,0.0013841995823929175,0.006470400805896826,0.0390380762751242,0.006650134161616183,0.016766745690575097,0.006138585379953401,0.011400229991342032,0.004057708979969197,0.008550172493506522,0.001938500646301074,0.0063891904590315475,0.6375356314447891,0.18463868498461222,0.004740689699369953,0.006218307268004744
690,0.012618895819327116,0.023582854482021163,0.032694411895529345,0.028771082468065822,0.03345474705589049,0.01880827651691076,0.03688600316418695,0.04110154638295117,0.015888890329294716,0.008879963724711675,0.017745604503272196,0.04495481635635284,0.01918072164537721,0.02996987757090189,0.5555137125595049,0.008996045655882043,0.01948092806121308,0.008412597212884744,0.012451490055226467,0.03060753454049555
691,0.0076030346278117495,0.0166316382483382,0.028768239132260676,0.1362384533911375,0.020871075448895,0.0047307771017495335,0.0280111802077275,0.029567356885934586,0.4094498242312479,0.006373801484393085,0.014581162299912949,0.05495343699868336,0.009097648272595257,0.06802349118228286,0.09860507764017075,0.007240985359820715,0.012278643288243766,0.006867257083184808,0.012095736907882328,0.0280111802077275
692,0.03925390053763972,0.012537042683754319,0.4543955919837231,0.024498610277393057,0.04531498308105628,0.12522935324759624,0.07104739821046326,0.021426945677689196,0.017855788064741,0.00755437187354427,0.015304961198349428,0.03267673723686568,0.014549160645344518,0.01931937725037551,0.005168780755582921,0.014625470729864724,0.010429044356397398,0.005266843278609712,0.048924141025565186,0.014621497885444291
693,0.046522218878256534,0.062443371462084875,0.007460457796796616,0.013260175407006443,0.013885655379035047,0.0020215434030029537,0.01401789971597824,0.1790174225328557,0.024919698744191157,0.09644794249027762,0.08392295224697498,0.016354216335307946,0.004124298437916067,0.07293096473853543,0.014718794701777145,0.04029686435915495,0.12048980462897965,0.1749190094993806,0.004413228555851519,0.007833480686636446
694,0.09527331245952937,0.07209872294234655,0.020293272718028253,0.012175963630816956,0.016390720272253592,0.2512344198419097,0.021770414908762248,0.010653968176964838,0.00657198565235112,0.07492291303417202,0.12125694313031014,0.050018489041252924,0.028888231529496648,0.16423261021719224,0.0010297698025026395,0.017013091510630247,0.006360578016098409,0.004955334035797597,0.007102645451309891,0.017756613628274725
695,0.008228014029980522,0.033901242288489675,0.02285701273944723,0.5113222303578275,0.07777343819124102,0.002240252795029942,0.04264994997584184,0.055089518718795714,0.010761662506934312,0.009793692216674794,0.024946197155681082,0.050851863432734505,0.01612376157623289,0.020986483321445988,0.00864149313236011,0.01041061771063856,0.012712965858183626,0.008369288254247221,0.014855600553383112,0.05748471518483031
696,0.01203786323585409,0.016922933073770685,0.022622880908760273,0.016609203705165772,0.021868784878468262,0.010672124385866373,0.035462894397516105,0.027335981098085334,0.034529660334423576,0.006801545141424883,0.02791759771719353,0.05467196219617067,0.015436789325977598,0.029158379837957688,0.10148107972902567,0.010183752516002575,0.019295986657471998,0.00767325785209413,0.5066944421000104,0.022622880908760273
697,0.10203554894029869,0.12781295077784782,0.00832175691859145,0.030333773566797884,0.04564748242065993,0.041123858036630566,0.11908038892346066,0.007978742177265507,0.0894156429059806,0.022357950573384456,0.04564748242065993,0.08668051412948695,0.004854358202511679,0.05651710511477254,0.05850264760154825,0.046508755673879916,0.004292224519999175,0.007938692594897379,0.010335279038639983,0.08461484546268669
698,0.1804477105604503,0.018001289680006374,0.0584457457143064,0.09265369688238573,0.00860526206068931,0.05062862722501792,0.02432709614302452,0.008459033636367439,0.022882995355940298,0.0020023522653127234,0.008585287869746059,0.06045209220897662,0.22185452993640212,0.10385359430772903,0.002154360626490584,0.10649918204016935,0.00349273121521213,0.013555188012052986,0.00532605821549061,0.007773166044229541
699,0.009177391654306541,0.02215148968354681,0.024920425893990166,0.013548969418091738,0.033227234525320226,0.0085616187120457,0.048122201726325836,0.08209081470961466,0.02365328559429575,0.005826667495363328,0.02082901268751417,0.03488859625158624,0.0071911204668879776,0.03245450814101045,0.007268457552413799,0.5371628778096176,0.04014942897045284,0.008066727457014158,0.015335646703993944,0.02537352454660817
700,0.04995845562714325,0.15743422237351723,0.0036846671349032648,0.0037598644233706783,0.004386508493932459,0.0038313638188245337,0.06814861014779566,0.10025060170419194,0.006141111891505441,0.07518917343048934,0.0769678420492751,0.0725604675717174,0.04263304967510906,0.05411801394089656,0.02584740964341328,0.020764566006143226,0.07065007868554783,0.09679644769916455,0.014079483301696668,0.0527980623813625
701,0.0965107802388407,0.020440775246398018,0.03369965648730484,0.008605852598498687,0.03463575805639663,0.4777286386051299,0.03197146897513535,0.03896522781344621,0.030411885122689733,0.00820320585546236,0.021875215614566294,0.03197146897513535,0.016193341428964655,0.02597681854229748,0.04213900232746236,0.009665792945971153,0.01484389630988427,0.010757424307577866,0.01640641171092472,0.02899737883791347
702,0.013006146659936598,0.022190300590318613,0.008976473565785008,0.008107782575547751,0.21338898248845128,0.004525458666664188,0.06717198915223352,0.06783378214880725,0.011170722659643566,0.07047488782630873,0.011424602720090011,0.011690291155440942,0.005182294017360418,0.015428860253454198,0.015742655428190533,0.0054267025719045795,0.005026825196839606,0.08474004785358691,0.19379708153140193,0.16469411293803438
703,0.048440351980095595,0.03833423611733999,0.04757871803892919,0.041133325201143205,0.06133489911649757,0.0314220876932267,0.10664195422518614,0.07775383651674335,0.002907010360413511,0.043180685279028165,0.05637854363233615,0.06896846887622951,0.0171149150312449,0.07562975365313385,0.02061655580136621,0.04328115018281489,0.07967481172718985,0.041410064046028074,0.019447650939377274,0.07875098158167589
704,0.0050311078127830465,0.013370749559612606,0.1707822788559129,0.023917504600169098,0.026273563022311472,0.013166788973110043,0.04361161549085304,0.014187724032048193,0.008937110423263443,0.0038345200086616735,0.006887244675751549,0.2734896760423636,0.0062777539964815,0.0792694438177033,0.012964628661773905,0.25512556546278525,0.005421624932448976,0.004299310312741876,0.018292948573316148,0.014858840745908281
705,0.009927821718612425,0.013017050667498786,0.026648363560485975,0.012349241649981305,0.02233759886687795,0.006247404911206989,0.03797391807369251,0.028659560810333974,0.024499301983027428,0.007035001020041864,0.014747152649977675,0.05063189076492335,0.016510399162475008,0.02812882820273519,0.0550252804118952,0.008392026093633705,0.014064414101367597,0.0077895216561420545,0.585636089236137,0.030379134458954012
706,0.014718247709807588,0.030029508010313514,0.032556540833556476,0.4726908331394631,0.04397177958653051,0.018244148110425667,0.05353086210534148,0.03621205377714277,0.012131231744892109,0.01243646291336216,0.03621205377714277,0.035177423669224404,0.021227755662463,0.04104032761409513,0.009694565578132709,0.011400091003915317,0.03240025864270669,0.02766678130420721,0.02018376767906318,0.03847530713821419
707,0.02875999589415609,0.04188961761057394,0.14594626218082554,0.33803360069740374,0.04188961761057394,0.023629122197419302,0.0549801231138783,0.04188961761057394,0.015811923411571588,0.011135214807874083,0.02665702938854705,0.055099271743140985,0.013328514694273525,0.03489825648663922,0.008990691693527269,0.007925062791189662,0.017248666074942208,0.02115140107295776,0.021864790374262293,0.048871220545669586
708,0.03512481241503422,0.014704456302510093,0.017460210277775987,0.02277749113526073,0.02277749113526073,0.005172227124971015,0.0414875731392249,0.12756831288645962,0.03319005851137992,0.011975794308229867,0.03319005851137992,0.023707184650985657,0.01366649468115644,0.05050661077818684,0.010657358237599055,0.008238667006370902,0.04486196739744954,0.4448360406825946,0.01873632335319834,0.01936086746497162
709,0.00759653188838093,0.029149482827508216,0.03213917337391931,0.03664637947081844,0.05222615673261888,0.005968703626585017,0.036865522399495684,0.048208760060878986,0.02124453833191277,0.026913616173454776,0.02021657679972344,0.08356185077219024,0.48179891733312397,0.012299457504535982,0.005288724732417103,0.0056460430523734475,0.01985266217846655,0.01568465041351029,0.013926975128698373,0.04476527719938762
710,0.009406685944219244,0.03394279778403639,0.02359922964953249,0.01894586042286411,0.515684202265082,0.005535621769643424,0.04982059592679081,0.024808573708513075,0.0336289022505838,0.0035995000935516988,0.028620342340922384,0.038433031143524345,0.02372887760709641,0.02989235755607449,0.0102683670994149,0.06990050510236273,0.01564134988399246,0.009453814625575896,0.028620342340922384,0.026469042485296853
711,0.011959185611864919,0.48747950762514153,0.040892699188957465,0.022239889032590904,0.040892699188957465,0.017232441175674323,0.04371288533992005,0.040892699188957465,0.0264098682262017,0.012551224503541401,0.03335983354888636,0.07922960467860508,0.015091353272115257,0.050706946994307264,0.006802995613282932,0.013690374113048754,0.021485994489113248,0.013068800771728674,0.013343933419554543,0.00895706401755074
712,0.01897316205137944,0.04485132619605048,0.03941480180865042,0.020323257182585368,0.013567875206999135,0.012043411663754295,0.030968772849653898,0.05202753838741855,0.04485132619605048,0.01313826726955014,0.03515374215366118,0.03515374215366118,0.002326812003525279,0.031724108772816194,0.008908825066338794,0.5002664774078528,0.012669917640701935,0.01121283154901262,0.030968772849653898,0.04145503159068374
713,0.010578775398613151,0.020373937804736442,0.022920680030328492,0.02000350257192305,0.037937677291578195,0.005046755236035631,0.423257385235125,0.05278188528537252,0.022452911050117708,0.008384294027322258,0.027504816036394198,0.16024951849203342,0.0104651085177442,0.018647332906029962,0.002996141624569441,0.010093510472071264,0.016926040637781043,0.009403355909878357,0.016179303550820114,0.10379706792152577
714,0.017316818669496196,0.028521818985052558,0.019014545990035034,0.020632805223229512,0.04617818311865652,0.009414969373706669,0.37301074200592893,0.04216268893442552,0.03878967381967148,0.022944350265840765,0.031281995015864095,0.08456044265697715,0.016008242647483642,0.01851498178724212,0.004184628786790441,0.018648881644072825,0.01491910531525826,0.018297015952675223,0.03591636464784396,0.13968174515974913
715,0.0099888293672752,0.023101210093624865,0.021753450622065986,0.020827771872190842,0.3757388150954682,0.005234787582850105,0.03375535441355068,0.02157384497515258,0.0376502029997296,0.0684125768205679,0.0305907899372803,0.028791331705675573,0.010998935707786175,0.0349609027854632,0.0073601900600975155,0.020878743084728667,0.020393859958186863,0.007066327835420016,0.026435701329334,0.19448637375355174
716,0.017144368219117634,0.025573220820265797,0.010089133181517749,0.022454535354379725,0.023015898738239223,0.00652933297538701,0.19915902342087177,0.02360604998793766,0.019179915615199345,0.010006912494886614,0.021410138361152763,0.3534797939655288,0.008938213102228821,0.0696835611486717,0.007671966246079737,0.09717053567025798,0.028049920297679543,0.016365078754612288,0.020013824989773235,0.020458576656212635
717,0.018132984990508062,0.08307229576932264,0.008553128807964386,0.003040029566455185,0.009868994778420445,0.0016037116514933227,0.016060643848735713,0.01745722157471273,0.19715967548902055,0.13049273127097766,0.229423638255545,0.009827315805950391,0.004105501827822906,0.14286459141908267,0.044702212052666404,0.0025918572145346625,0.044451135076892155,0.005283106529189381,0.004541484322812949,0.026767739747892854
718,0.06806961537749431,0.08441172541851973,0.017663173032937622,0.009477800164015306,0.02100485441754744,0.0039054251932123386,0.012535155055633152,0.1240335557170086,0.011956609437680853,0.29861411926349996,0.023987403946091848,0.016191241946859485,0.017324321168289816,0.008992968441897644,0.006910626967221065,0.005434822471673115,0.007331883145747692,0.22985632528872688,0.010093241733107211,0.022205131812835864
719,0.00944073386094977,0.017639376212888965,0.014961129378206635,0.013783471436986664,0.21915410712590236,0.005469631522613756,0.12325055173236255,0.019690673481409522,0.019690673481409522,0.008013646184294572,0.024613341851761898,0.0299757387097981,0.010134905468372549,0.02650667584035897,0.006450275884961335,0.00629197593391453,0.011882302962919538,0.007331633743078012,0.16102360822040426,0.2646955469674066
720,0.013906945320861076,0.02888365566640377,0.01788035826967853,0.025032501577549937,0.1725060008727915,0.010430208990645807,0.053703581226202626,0.09650646314976617,0.03952500249086832,0.2881683716122455,0.07653152927676755,0.041720835962583226,0.0024526799179974846,0.03003900189305992,0.006819196425379504,0.009387188091581226,0.011378409807977245,0.01155346226656151,0.02781389064172215,0.03576071653935706
721,0.008557166794228238,0.02704064706976123,0.03380080883720154,0.10883451300901718,0.02704064706976123,0.017440509968174027,0.03755645426355726,0.08450202209300385,0.25889690518969827,0.01126693627906718,0.015233214368997557,0.019843920537380065,0.01469600384226154,0.024351083812935777,0.1268479600152008,0.024416713955443634,0.09317533405846162,0.013796248504980218,0.023310902646345888,0.02939200768452308
722,0.012926340475893285,0.04115129841456535,0.3611081100009801,0.018178733170458167,0.043021811978863775,0.09763351717813436,0.04732399317675015,0.0525822146408335,0.045070469692143,0.014340603992954592,0.04981472965973701,0.009752052469440824,0.017527404880277837,0.04981472965973701,0.009279214348382385,0.011135057218058861,0.023661996588375075,0.014596213672089886,0.02957749573546885,0.051504013046855854
723,0.00905525605318822,0.019404120113974757,0.021306484831031106,0.08246949079747974,0.031046592182359608,0.41765582536461404,0.07244204842550575,0.03195972724654666,0.04724481419054723,0.01574827139684908,0.03622102421275288,0.01621836905048636,0.019756922297865208,0.04346522905530345,0.014943726469033943,0.03404873073687407,0.014112087355618004,0.008551684004546308,0.04171145608245278,0.02263814013297055
724,0.011311748575998204,0.0218296902343825,0.024397889085486322,0.024397889085486322,0.036596833628229485,0.109503882404971,0.023042450802959306,0.021427317725697195,0.06514407792732961,0.011209840931169392,0.032744535351573754,0.02592275715332922,0.008824768392622712,0.023042450802959306,0.47841806652317703,0.008604733740898747,0.012442923433598022,0.013524916775650025,0.022219506131425044,0.02539372129305719
725,0.06731276344716917,0.09879270004765937,0.02987748223890066,0.012172307578811385,0.09478241048206441,0.10583718284627523,0.012172307578811381,0.0078003547419133274,0.016853964339892686,0.002400109151357947,0.04868923031524554,0.07303384547286829,0.011683133405497741,0.02528094650983902,0.04307124220194796,0.1066908540913401,0.06528058087917857,0.0034778021653746813,0.135842952579535,0.03894782992631749
726,0.0049483713122714145,0.013276118154874526,0.021772833773994225,0.011833061833692515,0.012138011095373774,0.005284668391746172,0.013276118154874526,0.20814145969733672,0.02093541709037906,0.2513594472352917,0.16166234338166863,0.013056815106426627,0.004123642760226178,0.014324232746048833,0.0049483713122714145,0.0037741978935514585,0.0025639740665182134,0.19479864562093477,0.021772833773994225,0.01600943659852517
727,0.0022653298879021446,0.40960541547462753,0.01215687684920695,0.011662038802101515,0.021477149100265616,0.0037003384099063264,0.01215687684920695,0.06110663540880223,0.01652088392328124,0.005000749015811819,0.004661920609566519,0.023011231178856017,0.005857404300072441,0.012886289460159368,0.004918431091663881,0.006711609093833004,0.10873386594801575,0.24629321117001823,0.014318099400177075,0.016955644026525486
728,0.14174608270702616,0.06890000329858234,0.038522025168704205,0.023784524980615177,0.025243410950101228,0.00583995301770545,0.015596409823354215,0.04366565064542949,0.03523633330461508,0.008005282869885002,0.05007268416971616,0.022651928552966837,0.007928174993538394,0.038055239968984286,0.01441486362461526,0.007491188970272497,0.0171062077155101,0.3645255510858929,0.05007268416971616,0.021141799982769046
729,0.07536885884750782,0.037952929594451484,0.042169921771612766,0.025301953062967657,0.06697575810785557,0.013554617712304103,0.02583755927329553,0.033487879053927784,0.02846469719583861,0.006275707049443973,0.025876997450762378,0.03558087149479827,0.43749249197291695,0.02189592091987586,0.00764152944854728,0.005375081711331247,0.015157703900574528,0.013554617712304103,0.04950382121015411,0.032531082509529845
730,0.012624984601875174,0.4623427534001781,0.037480423036816916,0.036344652641761864,0.05248360966529496,0.008586092029536642,0.0342678153479469,0.026652745270625368,0.036344652641761864,0.014807080705902982,0.04612975142992853,0.02998433842945353,0.01175856408998178,0.04612975142992853,0.008932111167267661,0.009436261127897978,0.021417384592466813,0.014278256394977875,0.0531731416524565,0.03682563034394003
731,0.009418293309888064,0.05399648197023803,0.10548488507074633,0.02637122126768659,0.03196511668810496,0.007175842521819478,0.0044835397717391265,0.027759180281775347,0.03767317323955226,0.0065836968410196385,0.02637122126768659,0.09589535006431485,0.012594582559569328,0.031024966197278337,0.40719768543435014,0.00856230097026314,0.018506120187850236,0.010142777410648686,0.016743632550912116,0.062049932394556674
732,0.1066094743737887,0.008207589290712589,0.1298339957907849,0.1413734334087198,0.007850737582420738,0.025133054828216855,0.06945875032739712,0.006226447048126792,0.056549373363487934,0.02054853538392012,0.06384606670071216,0.006489161747223637,0.07339493127060515,0.15948389406322613,0.0007471761422365521,0.020196204772674257,0.029049335631928727,0.04123391807754327,0.006687665347988036,0.027080254848286665
733,0.03601031441609694,0.049794983385875985,0.033196655590584,0.026362050027816705,0.030907231067095444,0.014938495015762799,0.01667930520580465,0.01907041916905889,0.03653340579492509,0.013307584111461455,0.023587097393309688,0.03734623753940699,0.008413369467704537,0.3454381876430792,0.030179247722213625,0.11703352185231505,0.09002578604024235,0.016005530374031574,0.027160900028659635,0.028009678154555247
734,0.009603277459311369,0.017447556938732386,0.44456169511908183,0.17196662922753655,0.016450553685090536,0.021977184729910566,0.013108841921434312,0.016934393499357905,0.024500824637368884,0.005562989168871196,0.017187145641139368,0.15844307373735755,0.006397437544201875,0.01599359386050469,0.005589993970661833,0.007021577792416693,0.007887251766824229,0.0065860762749197785,0.01599359386050469,0.01678630916477413
735,0.008905870592867612,0.024953539573152352,0.031153629497046597,0.5391897569069514,0.02540724029266421,0.07901517238604203,0.019142441316390847,0.030378222089055034,0.011996897950775777,0.00878866802576435,0.03249763293247748,0.021172700243886844,0.011360961106475867,0.046579940536551054,0.00998141582926094,0.00931598810731021,0.013183002038646524,0.009622651157716617,0.033271386097536465,0.034082883319427604
736,0.06637326561872173,0.10302888443602969,0.02219512329515764,0.011985366579385124,0.023048781883432932,0.004539911583100427,0.016646342471368227,0.020664425136870907,0.014616300706567222,0.23105306096602013,0.034088282569861725,0.04141357119487468,0.054104015644944325,0.1073657746137144,0.003177544933644986,0.004645490922242298,0.025718016815081988,0.18940853112406722,0.010157090321512817,0.01577021918340148
737,0.0150455693283536,0.029464239934692476,0.03928565324625662,0.03928565324625662,0.028285670337304777,0.008519780222079752,0.044196359902038705,0.26338348091806046,0.033673417068219975,0.1254535323650526,0.036061742993552984,0.028443910041182442,0.0150455693283536,0.033673417068219975,0.01055435460347193,0.07266334411471762,0.11973593651112045,0.00840191402214634,0.023571391947753977,0.02525506280116498
738,0.012180861501804882,0.024930466325123343,0.011511633645654685,0.034570105182406455,0.04529875851487742,0.48868771044518544,0.028557912976770544,0.04691657131898018,0.043788799897714836,0.012393056574824955,0.04237625796553048,0.035504432349498516,0.018245333290714514,0.034570105182406455,0.012051963274600416,0.005900532385313228,0.022265491473414323,0.011884094811395164,0.028557912976770544,0.03980799990701349
739,0.03263464764528664,0.05507096790142122,0.05507096790142122,0.041958832686797114,0.06777965280174919,0.014019333359320433,0.029371182880757983,0.046375551916986286,0.0383102385401191,0.007991631612937325,0.07342795720189493,0.041958832686797114,0.0061746147865806055,0.0051877788550227285,0.328059924364989,0.017982356865770193,0.016944913200437298,0.029371182880757983,0.029371182880757983,0.06293824903019567
740,0.39401788594124854,0.11532630969204698,0.024227941071932126,0.018669912583261703,0.030938712280833683,0.05460783592248557,0.03007930360636607,0.04922067862859904,0.0360951643276393,0.00958278698963875,0.03007930360636607,0.03184867440674055,0.006853512214108726,0.02849618236392576,0.007171224700855489,0.07962749373055471,0.006535217934893474,0.006800271823273979,0.01899745490928384,0.02082413326594574
741,0.009330351817595327,0.008715350729295687,0.030383453354733497,0.02962386702086516,0.04557518003210024,0.007232017815093879,0.1330971728880355,0.04557518003210024,0.051519768731939405,0.0078710862012241,0.03949848936115354,0.032915407800961284,0.007760178309432025,0.028213206686538254,0.4259763528120456,0.00770821171119038,0.014450666839446423,0.011074342811538379,0.021159905014903686,0.04231981002980737
742,0.0017313644499018167,0.38026699157950916,0.012501135385999193,0.022872689414893836,0.012114913147590535,0.004469828253969215,0.012989428556606378,0.017140162771435777,0.02147232067520646,0.004580632605952055,0.01753572855141861,0.02104287426170233,0.007970785705190277,0.018140408846295114,0.004782471423114165,0.0052607185654255815,0.006189080665206567,0.40175808588588413,0.013151796413563956,0.014028582841134889
743,0.024279260088574412,0.04676207751915253,0.03273345426340678,0.020783145564067792,0.0311747183461017,0.008907062384600482,0.02297084509712756,0.023806148555204926,0.040916817829258476,0.05521278232341087,0.03850994619224327,0.03478102461126174,0.002715167654833024,0.03850994619224327,0.011287398021864403,0.495073972903375,0.014228459211296993,0.01082097661600224,0.02470449378370323,0.02182230284227118
744,0.016605104908697287,0.040081287710648617,0.0464942937443524,0.052834424709491366,0.040081287710648617,0.012915081595653445,0.01874769909046468,0.04151276227174321,0.04305027198551148,0.00734625145961832,0.03228770398913361,0.038745244786960335,0.44512769529281143,0.01980431350280318,0.016641701192661645,0.015360079523029119,0.015095549916997532,0.021931270634128492,0.04305027198551148,0.03228770398913361
745,0.010844326185681692,0.02097594172242972,0.08390376688971889,0.07124033203368217,0.03356150675588755,0.378219670313895,0.04377587837724463,0.050342260133831335,0.037290563062097284,0.007458112612419457,0.03356150675588755,0.025816543658375043,0.011187168918629186,0.027212032504773692,0.05474776685941353,0.013983961148286483,0.014806547098185689,0.009849138938749384,0.018231123258357854,0.05299185277245402
746,0.11037284083797039,0.13641040988689118,0.006059778748760146,0.013703155432097058,0.04847822999008117,0.0344470732037604,0.09743600706206511,0.022374567687729774,0.03231881999338744,0.037891780524136436,0.01454346899702435,0.06820520494344558,0.002627769925450114,0.012646494780021176,0.15353552627961778,0.07370516378222074,0.04100908291876497,0.0732169665850698,0.011634775197619482,0.009382883223886676
747,0.007123694351133292,0.014415901655431159,0.017569380142556726,0.008855547235196697,0.026772388788657876,0.4303274226283264,0.05619708120150914,0.021215855266483594,0.026149775095898387,0.03625262689273825,0.0677246876018187,0.13397709938620653,0.01081192624157337,0.022047849590659422,0.01495707209411722,0.0063170805006945545,0.01423342188764089,0.04007357627441266,0.022488806582472612,0.022488806582472612
748,0.010464477188185788,0.014017766388365637,0.02026454312632803,0.025032670920758154,0.10853560336617198,0.006578215062945414,0.02127777028264443,0.025032670920758154,0.05106664867834664,0.02249955534954111,0.025032670920758154,0.025533324339173314,0.009671713764838379,0.019641018722441016,0.004204687553443345,0.006938403353036228,0.012275636701525636,0.015244695434637896,0.48858255578179643,0.0881053721443043
749,0.06934939354356345,0.05114465682955707,0.0051902205166743575,0.01214040366088181,0.00767854590517311,0.04479556040283282,0.004068944419879221,0.003629360402956058,0.34553456573278996,0.05194771362377319,0.031194092739765762,0.044884203164537194,0.010989478543183535,0.13569430341798105,0.05237690388215665,0.07252423825487445,0.02710659093248611,0.01612494640086353,0.007649615509372937,0.005976262116697607
750,0.07940192422177718,0.17633414340160908,0.013987970933493401,0.014506043931030192,0.00955276063750769,0.008750416138726465,0.09048725779819412,0.148022437870379,0.03828307060692829,0.04722781491990732,0.01975900418422105,0.013611758438018947,0.0030839620955733474,0.020613851901990273,0.023787539017897184,0.04123159631773377,0.08877822337959891,0.13585908571509261,0.018561488779116744,0.008159649711204484
751,0.004900983027651641,0.10502106487824941,0.015663283353177432,0.012365750015666394,0.05105190653803791,0.013226202957234947,0.07466341331188044,0.04084152523043034,0.1429453383065062,0.06306405571168178,0.18378686353693646,0.012365750015666394,0.03917197956375828,0.008302269086797003,0.08909176779223946,0.0346265105214518,0.07038645837584802,0.005339755688583215,0.011826099333869912,0.021359022754332862
752,0.0639832153804589,0.012753002043960376,0.08564799027263956,0.18926320267004268,0.01156667627242918,0.03149592607474409,0.018421002952387213,0.023684146653069275,0.0461824042349955,0.00534803311520919,0.022885196390965437,0.01989468318857819,0.023276396329272534,0.03969881006596045,0.00578333813621459,0.06264337656171048,0.13936059891811783,0.0052277474634293145,0.016044099345627574,0.17684015393018743
753,0.04094230766200292,0.03762847273962183,0.040137037588929954,0.0334475313241083,0.0334475313241083,0.0109464647969809,0.025085648493081227,0.015649012054910465,0.0286693125635214,0.007921783734657226,0.04300396884528209,0.02775667619190282,0.1966064799868168,0.017707516583351453,0.006689506264821658,0.13390176022600517,0.23021917383927004,0.020068518794464977,0.021501984422641045,0.0286693125635214
754,0.20203376799599376,0.24579471636160757,0.01647235372038043,0.0446576120507602,0.0214356537843649,0.06147953421505388,0.0214356537843649,0.02679456723045612,0.04122241112377865,0.007880755067781213,0.025518635457577262,0.02679456723045612,0.006628687800998574,0.020611205561889324,0.00940160253700215,0.1221795254617821,0.03003606538210243,0.004124854225868683,0.029771741367173477,0.03572608964060816
755,0.08569149386161205,0.14922385200970606,0.01264538857808954,0.010051462715917326,0.013066901530692525,0.2341044093163809,0.010315974892651994,0.011879001391538658,0.010315974892651994,0.00426094615131278,0.05817212699349497,0.01568028183683103,0.0071274008349231956,0.009333501093351803,0.02103117194117978,0.23462545310372315,0.01863522682908497,0.05321790738690612,0.03663704668157667,0.003984477958374533
756,0.08082678098370691,0.0962223583139368,0.042959594985817216,0.021479797492908608,0.0061398239825571615,0.022043667541010975,0.019303943811880168,0.02586748273865555,0.025775756991490328,0.19535865931061167,0.11546682997672415,0.03032441998998862,0.03731605932561844,0.022413701731730722,0.00619876733761288,0.029715728302833422,0.013932841617021803,0.02245188360658525,0.024548339991895554,0.16165356196741382
757,0.22908773798507825,0.022413627833782666,0.025215331313005504,0.012589796995260659,0.024206718060485286,0.2683356922751771,0.01551712696184954,0.015129198787803302,0.04034453010080881,0.00931027617710972,0.024206718060485286,0.020172265050404405,0.004358596367609352,0.027507634159642365,0.0063701889632856,0.18959728383696628,0.02232737015419564,0.004226143381891843,0.018911498484754128,0.020172265050404405
758,0.014224418867008615,0.03185032920221494,0.03573451569028994,0.014624406940293003,0.04578484822818399,0.015422264666335657,0.03756705495645865,0.04309162186182022,0.5343384368584485,0.013319228575471704,0.03959770657572669,0.021233552801476634,0.01450609052774146,0.024140822451209867,0.008302841967186083,0.01263030295949903,0.012983409304349871,0.020070070456190237,0.028727747907880147,0.03185032920221494
759,0.02937049977945389,0.027139872189523965,0.02907843448877568,0.05088726035535744,0.02261656015793664,0.019698294331106102,0.020354904142142975,0.035920419074369964,0.05088726035535744,0.030458878844035406,0.024425884970571573,0.02544363017767872,0.007341554489137103,0.02907843448877568,0.0100933408969304,0.46884651191138027,0.03403079933001744,0.014539217244387836,0.040709808284285956,0.02907843448877568
760,0.009953872865270899,0.03742207256505561,0.02557925122478587,0.030540291745717534,0.020602795033462757,0.01232819116340891,0.15544543401331934,0.021673755432444698,0.023574962049325812,0.00678673149904834,0.020996450575180806,0.020996450575180806,0.007722832395468802,0.02584178532329945,0.007951318561015216,0.013472676494156115,0.010416843696213731,0.011485237921466423,0.021673755432444698,0.5155352914337342
761,0.44524963900656594,0.02306612545159467,0.016018142674718523,0.01605248725836005,0.019547563942029385,0.23981486123867596,0.017213526456413934,0.03392077272293334,0.020594754867495242,0.007208164203623337,0.015798716062736078,0.014416328407246671,0.007645589666500228,0.03035016506788773,0.0068242974708859995,0.036360357702042836,0.0053170750105371156,0.005707882348797445,0.02217896678037949,0.016714583660575853
762,0.006565473405075904,0.14003648117928622,0.015895356664920604,0.013872758679049624,0.018303744038393424,0.008274295250232645,0.16747948245575683,0.011615837562826598,0.007393776641776234,0.0772430001039979,0.06751758914001302,0.14078135607917605,0.0032608716597775315,0.2329213145247787,0.040476694403075726,0.0053930674398837775,0.004951012731696582,0.0076458677628732045,0.014047059378301934,0.01632496089910765
763,0.012409983007276814,0.09547846792658267,0.02357896771382595,0.041609943024398736,0.01861497451091522,0.011989305617199634,0.08519617138064298,0.05610345023515832,0.02039017038553623,0.05267995707567409,0.27134179659973845,0.02281835585208963,0.011789483856912973,0.038191387170633063,0.007927553531618059,0.009431587085530378,0.01814679325280018,0.005446008900926752,0.017252903205238496,0.1796027396673014
764,0.024117281662007228,0.019333555611247635,0.04266903678662817,0.039621248444726156,0.04266903678662817,0.03438814025980191,0.030816526568120343,0.04622478985218051,0.039621248444726156,0.01253038553249707,0.029983647471684655,0.05838920823433329,0.013529206786004054,0.048234563324014455,0.0032699949176200234,0.0161505330316472,0.022640713396986378,0.014991823735842331,0.4261504667641689,0.03466859238913539
765,0.022296318590924936,0.023988753283495614,0.021704110113638892,0.013844229447830984,0.0350604855681859,0.0062436481148824205,0.08998179592160574,0.030385754159094447,0.04626249330728879,0.01864463408088327,0.08107752214881797,0.023373657045457265,0.0034044440152193925,0.3510586434722286,0.013619915626387119,0.11391732523766691,0.050963013922114137,0.010982802708106428,0.01981679619071377,0.023373657045457265
766,0.0062643333996757035,0.01761105050097509,0.02074190392337066,0.023334641913791993,0.03296007661993442,0.0074670854124134385,0.008328346580386751,0.02939140228309994,0.02666816218719085,0.3565960629582968,0.1967351674931218,0.017949724549070765,0.012138109486918798,0.014815645659550472,0.004764142986291497,0.005100468177878031,0.045670663882331854,0.14485681061471845,0.01278610515824219,0.015820096212740335
767,0.0027863141771809594,0.008065646302365935,0.005108242658165093,0.005108242658165093,0.3372307405011356,0.0018463527680114794,0.09315133199220327,0.015438877773495684,0.007662363987247637,0.05801230385941955,0.32236500327475165,0.1034049729830799,0.0033557366975505436,0.005108242658165093,0.0016843221962503845,0.0018919417252463303,0.00247173031846698,0.005165050655904133,0.003482892721476199,0.016659690091718433
768,0.013683591672970983,0.1331020401504362,0.02183987876276488,0.02671558374246716,0.03300160344657708,0.014025681464795258,0.3075609815592222,0.06233636206575669,0.024392489503991754,0.007792045258219588,0.016029350245480294,0.025501239026900466,0.004250206504483412,0.024392489503991754,0.009842583484066848,0.00825040086164427,0.014385314322866934,0.01246727241315134,0.02671558374246716,0.21371530226774577
769,0.012197572231208703,0.04169512012063923,0.02565696227943899,0.034607065400173526,0.5628503003672107,0.017507103673028962,0.020384983728869335,0.018181962581255144,0.038156508005319535,0.004588176006616678,0.033820541186533215,0.023620695431864472,0.008228611912325566,0.026107084424692308,0.008087520718518813,0.0503486422032872,0.008559943061446352,0.01903639301867173,0.027056432949226574,0.019308380699672723
770,0.042052926847266366,0.028439305331138347,0.02253680799826057,0.034127166397366016,0.02342060439034922,0.025231756108359815,0.4567479528197555,0.017310881505910293,0.01990751373179684,0.006268930374617985,0.02253680799826057,0.010422319717084997,0.003739904454637933,0.030545581411610886,0.04547228924310936,0.11825283029451306,0.008237591889019383,0.014746306467997659,0.03317918955299473,0.03682333346595074
771,0.016309465305153755,0.03618662614580988,0.025173305144911225,0.03308491533331189,0.030472948333313585,0.0591330799179168,0.027570762777759914,0.02048292810454738,0.10582579280661425,0.010339036041659968,0.02270533405227287,0.024124417430539925,0.012586652572455613,0.03735393666664246,0.44136802067929076,0.008722555356905687,0.011044661008027363,0.018093313072904946,0.030472948333313585,0.028949300916647904
772,0.013649100070384243,0.032757840168922185,0.035097685895273775,0.032757840168922185,0.03930940820270662,0.10675796702921996,0.022334891024265124,0.021582614604555454,0.05536155940427584,0.011041968596265906,0.032757840168922185,0.036397600187691316,0.009449376971804476,0.022854307094596873,0.37592187532694077,0.03555580527242667,0.015850567823672026,0.028903976619637214,0.030710475158364548,0.04094730021115273
