site,A,C,D,E,F,G,H,I,K,L,M,N,P,Q,R,S,T,V,W,Y
677,0.23362282935446602,0.012050505077996918,0.0038200471260690138,0.005075434602251592,0.004966590225921498,0.4386813946842348,0.00559305593034463,0.004454663212550018,0.010259117922207569,0.0015075858114499158,0.0033599265906466193,0.004658955448857465,0.0027712301165133202,0.004098854829806941,0.0013617410126405306,0.22969329473150246,0.013613091696542318,0.01296899213856776,0.003428292838611577,0.004014396648819071
678,0.04487514698624976,0.09352450261401052,0.1124703161699315,0.08001045309645916,0.03426578362183057,0.08846938182578737,0.04505613657988027,0.01864258426312524,0.024214747909240854,0.012565522859464178,0.04139658765235595,0.1562271173588921,0.0012659992178058054,0.038973468395693746,0.012775480320090264,0.051216969591279415,0.053379119020652954,0.02641544012416554,0.016063254305728112,0.04819198808735668
679,0.513779669614369,0.006941782745549857,0.007489388317984633,0.00656551363687268,0.011221062365534655,0.007757405450052514,0.01210176059441255,0.012993618151769004,0.00961334523070641,0.003601585799381519,0.009195643147409645,0.00975315184511584,0.014990001881130092,0.01252356744315932,0.003263789202794551,0.28669221290859354,0.021425711418919052,0.034050900099078456,0.005586908149556231,0.010452981997610375
680,0.003365957383498614,0.006439906183359977,0.009476562663453711,0.006364908114426111,0.030354555559494987,0.0026585957019662574,0.0236328032602375,0.32748966701403276,0.012279479532742882,0.42334932957921156,0.0066270711068750245,0.006405164900159239,0.027116085175204245,0.0080098877612887,0.004149038084807946,0.0022210045039309195,0.005539576492013073,0.08152107093618997,0.0062181330802187,0.0067812029668878225
681,0.049690379458702666,0.052881286620714174,0.0017424312158886323,0.0013605980837073006,0.04366188792907658,0.015506710135772771,0.11035585539363633,0.025328680769629887,0.07960143909905376,0.015043652843012746,0.01778698228671869,0.08113141851168945,0.0008993899184304668,0.04990389735360178,0.09905566221170412,0.05701138410542219,0.11438233957693252,0.04527681794399597,0.07261275370244655,0.06676643283986344
682,0.0038932540108682526,0.014310761200445521,0.005261840636153377,0.007381788732554712,0.7740413362437731,0.002610586567188312,0.00868299686584222,0.014891938910657418,0.00822302331097253,0.03480531666087167,0.010879129601647086,0.006036903940816089,0.0105063763226387,0.01180518496896641,0.0026006399992725953,0.028001382221402873,0.003726964733954145,0.006751235827326134,0.029414184829943832,0.01617515441470491
683,0.005109562578040295,0.007739260762446988,0.00866517437049827,0.007175147494629184,0.019843004511787173,0.00276976766818712,0.010671113726309633,0.16948683183595276,0.007898436915224075,0.6301226079449403,0.04005189243066168,0.013908073447060196,0.0053716478800002595,0.008654394150583921,0.0026127279443872737,0.025707181692427958,0.005965252402415438,0.006950313004998098,0.013229963599953647,0.008067645639495722
684,0.00488591117371294,0.009826599418162635,0.0497953491324427,0.00788063439174973,0.01338627978221621,0.004709277250806262,0.035680833336682156,0.01323100487597922,0.02559415732453777,0.0035492907677603463,0.009280266183612424,0.700992279114215,0.006096146192620863,0.010069741125640545,0.0043665767878951645,0.024345506530504532,0.0376154036484024,0.004154501776964329,0.008024888906310016,0.026515352279784746
685,0.013032442235260459,0.0072383820046221375,0.7135167182475773,0.024186577592664547,0.008694491901813617,0.03421855672349606,0.013055538898643158,0.008691513386306266,0.011466604168248363,0.003680641974543356,0.006502646280354322,0.05837594077645839,0.006596174824100989,0.008833023815555726,0.003591184489592627,0.003766658376825567,0.004876941299223256,0.02421551725669048,0.007626850604944724,0.03783359514307872
686,0.0067600067841149195,0.00927598313094037,0.013787013285228121,0.009510249581335666,0.014053625725285554,0.0031734420804662646,0.01555749548009621,0.02468490345677552,0.019461215677647095,0.028858493687865836,0.7097025481892953,0.012922836284364633,0.008551662563275097,0.009034063088816876,0.03116688047806606,0.0058092523908218245,0.03282218960286839,0.0262160207148318,0.00676323593852556,0.011888881859378858
687,0.06621246025902089,0.0115070085721796,0.010154568523670596,0.03140888263796468,0.011325869110006636,0.7097978645703559,0.013370217634284177,0.014419748966087172,0.010168358554838476,0.004776600462644693,0.009822980327365909,0.013896489471749316,0.006113992733352729,0.011740908382319495,0.012706837421451402,0.02214288115575586,0.005863044893004518,0.015903039839677866,0.006296550665623467,0.012371695818646692
688,0.005182981562191581,0.008761252852412717,0.009263384698475187,0.028069663169955465,0.011113921603688704,0.005664996081508403,0.01360099440091972,0.11166425074866652,0.6232467398946109,0.0033740942887947275,0.023486757510497353,0.03811091877190124,0.0074660581809595245,0.030090351400761894,0.03069048767748825,0.004039533293872277,0.020649024142937577,0.0046918324564485855,0.005349155284831543,0.015483601979077881
689,0.014907953262512317,0.023340329512302953,0.0015677906357828288,0.0014191186240687713,0.00479888377045491,0.001299344619703952,0.0020872447170206766,0.03844757624170878,0.002231336590200554,0.0429170558550814,0.0018319995357929447,0.003631138913246483,0.0013824606471067409,0.0028933917539448258,0.000685590397425625,0.02523412231611967,0.6833791164556167,0.1442760140782245,0.001644899333219847,0.002024632740465548
690,0.0061857836409450785,0.011258119174487168,0.01300006093311055,0.011549831408297198,0.013505943167389478,0.0496731523549966,0.015520865151724485,0.015480554368630297,0.025992139832772217,0.004456375315786893,0.024423543379159134,0.017599720230817257,0.009026668156209079,0.012480618410748724,0.6920389244690608,0.011390460377583587,0.017549266185873928,0.004332205565124093,0.03180323771179389,0.012732530165489604
691,0.009136746314446132,0.008358662602472389,0.012809658419239648,0.058219965518527615,0.011513032669689678,0.0062513735918141335,0.013017978643751234,0.05353953654634582,0.6312049481996339,0.003601041393744792,0.007734792979233349,0.01929925750528114,0.005283343586058573,0.018157056347767066,0.09310381361186003,0.004628861071137647,0.016618462451617477,0.004028066128745097,0.007564493117153554,0.015928909301480564
692,0.04901009979948308,0.006402293439616325,0.28372673539155147,0.11054587111644719,0.028844089448947632,0.20730573167975122,0.05320353967986839,0.00518384243838631,0.004041264558350781,0.005789601454199031,0.003922780259176699,0.0857966210357132,0.003973669000135946,0.01509294222690593,0.0014100884482323571,0.04719025112834106,0.016057815865341028,0.004633440988821643,0.05407118382544424,0.013798138215286406
693,0.01960413259199635,0.12036743813732712,0.0019406578871298495,0.010035027454666041,0.005304220068632417,0.0006234261722304156,0.04877431370446715,0.11785973976284843,0.005401092508528328,0.11417479703237168,0.051086055188547586,0.01031612959930949,0.0035280293975723438,0.0418495548116029,0.010182758527214708,0.022833353969536677,0.0775575175059047,0.334962042654609,0.001326464209928293,0.00227324881557653
694,0.11351759273247353,0.022424907818311277,0.07567325769977898,0.13132290106822717,0.00614790668598448,0.2302643752109792,0.01836371421434797,0.00435659702336547,0.002834139310302372,0.0457035250951582,0.07793643698073578,0.02581565658058198,0.05612682554880255,0.1575162356859625,0.006752374204854331,0.0072953455661743175,0.0050836455973116415,0.0039216386282637005,0.0030751279762156296,0.005867796372168897
695,0.014351528334271663,0.01552338050015812,0.020853490845026627,0.7224739958560057,0.025549935713392553,0.029094749959988998,0.01668084188028613,0.023231202638212295,0.01901264353846823,0.005620935295695999,0.012250087579995992,0.020861844189844117,0.008476734629930245,0.010009075725864026,0.0049568982910156685,0.005877259402844119,0.0066094241470588755,0.010724329561194037,0.007851466335751213,0.019990175574995408
696,0.006069958904702262,0.06063142608393808,0.010224986034078959,0.008017405792326782,0.010418736954865917,0.0036019450839456894,0.014525093927266261,0.012854620636419067,0.014036104467866198,0.020386860421926292,0.011910342207001271,0.021115095812156523,0.007276055566050731,0.012717017455206474,0.10063660823499673,0.005490722152949979,0.009584806242427022,0.003931836952996193,0.6560988885280312,0.010471488540848258
697,0.1301733026883019,0.07693524989942968,0.033427124709609346,0.04294575750375562,0.06736791491813837,0.07031904061154876,0.10000769217268125,0.00639428313406669,0.022629506136765187,0.03565821759407916,0.050775853473380844,0.036924943713805225,0.0005263379230293671,0.07564256873720261,0.010613601376317125,0.10427862824003867,0.06038440867996414,0.013556206974900396,0.011906622720803358,0.049532738792182306
698,0.14137098141663806,0.013804773405659637,0.07351640100508605,0.2029514530934245,0.004882539265322485,0.02868420001964009,0.0155982708882289,0.005059546889421624,0.016607189005814704,0.01347924527080833,0.004915627288328845,0.01564831155485975,0.32790925604856475,0.03752336330680981,0.0021014138337687523,0.07133300224685694,0.005366905564245226,0.006625377421992127,0.0032144795242464766,0.009407662950282935
699,0.02161260975883476,0.011043709652217114,0.011395257624835236,0.0066168847162907584,0.01588454120786077,0.004481059682434795,0.018079490028794554,0.02476786372939556,0.010909374563267234,0.01939334506734878,0.009548418730114232,0.012931052706652907,0.036318293949854884,0.012973502435583198,0.004251104203771078,0.7017708812540723,0.047789213744901984,0.004234294488425218,0.015827391234065086,0.010171711221279635
700,0.05469136087168417,0.07689730136134279,0.003753189694755278,0.0039003297095049276,0.03781857126942668,0.008418480498204253,0.04360320635332838,0.10247809498083618,0.047208232032178964,0.057236656926742284,0.11362590617147891,0.05086963342960535,0.0815221871493812,0.06403689205396344,0.01425307727301072,0.02013083588489206,0.08428554456583125,0.07644093512279765,0.02125473012843113,0.03757483452260439
701,0.02096947294822128,0.011003891752703705,0.015085266487695998,0.016437410508507718,0.016195570626795282,0.7408918738736473,0.015113620393387688,0.017614017293864453,0.015284574523553673,0.004847182231785404,0.010818577297618162,0.014572744960638763,0.009710506773508987,0.013195418117679655,0.016083672412118274,0.005465994916171767,0.008540816543694997,0.02382206692583573,0.008820493135093258,0.01552682827747795
702,0.0019090250340627083,0.014831296617711633,0.003685547149697035,0.003615009439959677,0.09852817237924821,0.005632897919377966,0.16157692690088407,0.1616561565935539,0.004646409482777733,0.0793301602161156,0.05660708248290583,0.004835868037691106,0.001970081399363799,0.0146607110039856,0.010915257732917549,0.0032396759106020747,0.013454260027164698,0.040681531984704845,0.19226797301661464,0.1259559566706613
703,0.04907466714437694,0.03229198213012002,0.08475614929806509,0.07294015947343482,0.03409597250960204,0.025889779777665125,0.11421378102697663,0.048639493355883495,0.002984641418947042,0.05177716432753647,0.058164860994361786,0.06086728596400283,0.010985647336655899,0.05839184318811121,0.020914923889005423,0.04953579502521578,0.058339984184733316,0.04621973402171181,0.015693940168668385,0.10422219476492589
704,0.029283870454376724,0.02242428139921913,0.0871738606151208,0.019641986339805885,0.011549422944639601,0.0013325594601378966,0.03444262949043607,0.019136237830977988,0.018924357845643527,0.002270678423269533,0.003553034860634915,0.35610641309901286,0.0035539393086266437,0.039239548805632504,0.009256083693619063,0.27586343873781954,0.03793642382178661,0.0024187793703027496,0.012671976098731172,0.01322047740020673
705,0.005445564259073507,0.023181347297964366,0.011521404592067745,0.006501028006488302,0.0107397452630683,0.012073597508634902,0.015243179930318271,0.012682110314286581,0.01143145175415142,0.010531156423311398,0.007459433822344111,0.018852233057163183,0.007692053784557078,0.01348486399086518,0.02521964379035009,0.008919904960081994,0.006486829651444889,0.004130297969324617,0.7744824433671568,0.013921710257347264
706,0.015765682901603392,0.012335756592608762,0.05266244813740575,0.622701126056158,0.018291623750205724,0.034406360128026,0.01937977171529825,0.015205597988893274,0.04787930866225735,0.006272265183114798,0.01574614505698037,0.014217682146657697,0.009696840265317079,0.015508743570372291,0.0053684208746671335,0.005902461269922295,0.014659293497929519,0.01995327063400933,0.009120702449007421,0.04492649911956546
707,0.016000101725004857,0.02668387988025428,0.31352470990840986,0.33660722414376915,0.01273199233751109,0.05247194889751182,0.016013330773138733,0.014004706213137546,0.028152944404045917,0.003991039599773168,0.029095696178924654,0.03519618695095224,0.005233221992436396,0.06319924752203004,0.0038726302972550996,0.010009459575031606,0.006676606567405777,0.006315717518920722,0.005383076328197035,0.014836279186290073
708,0.0906219458949713,0.008419298482676826,0.03985419739350378,0.011580787753892511,0.020791920328316248,0.0069829452648934,0.01713509544898585,0.05428042488334338,0.015482149880716266,0.006349932095609182,0.014641353039315748,0.010276486319303956,0.007752170293586389,0.021433136631874752,0.00602804941870986,0.00498234706565877,0.007927737493085365,0.6373261110638564,0.008672387243289791,0.009461524004410228
709,0.006668197265353545,0.030784525584661968,0.010461866065924906,0.019034242701352407,0.015133642788045782,0.002654089527325684,0.05290954530155859,0.015207321753595576,0.008927067729377822,0.01387208842237086,0.039996275204742644,0.02307728651923191,0.517557890489106,0.05893632407293523,0.004639826201418678,0.05439445828404687,0.035550334807671585,0.02631336230448608,0.005824548055100869,0.05805710692169279
710,0.005011140224221707,0.040672173688843266,0.009748090590859104,0.008638358840693226,0.6129544787502992,0.002590763760199577,0.016585805905971127,0.0213403399335835,0.013471146750016228,0.041098474100755324,0.011100703232339243,0.013584202410083866,0.019939557636038184,0.011088909806305941,0.004508509226499872,0.08111712168735535,0.007564848549389901,0.029397821650233122,0.011718938448818482,0.0378686148074938
711,0.006222035467268409,0.6654590713332582,0.016015994717627026,0.010567073357821411,0.037554519634797355,0.011563161168575559,0.017579925356612364,0.01589771973758247,0.010973712153666238,0.006577717293996626,0.015248996750280968,0.024953646838894932,0.007215783557932836,0.020362085798761625,0.05333149455862311,0.022327231262540444,0.010894174473345722,0.006843529986384121,0.006745999292868211,0.03366612725916242
712,0.013463232326293977,0.017774902228654507,0.015411123660828517,0.01001118087693311,0.0380373923018179,0.005991917416667186,0.013548380820180304,0.021139945892382824,0.01679718397879125,0.01979478422849861,0.013866983771955287,0.01534937883315379,0.036372211681980605,0.013157251072532282,0.004768066024005257,0.6666609960833124,0.013831780515349496,0.005801813085785898,0.013162005693165571,0.04505946950771124
713,0.005676875226686323,0.010405356357792788,0.024620279833872338,0.009958178136311306,0.01617770098284567,0.0030425721691777472,0.6109306753204512,0.020090759194328237,0.010566120078634481,0.024152845240286235,0.012935279319437575,0.08560611572706119,0.019439184986483348,0.009767020936606445,0.0462616321081744,0.005514695758044915,0.008862391889804786,0.005081906183793941,0.008335675945030702,0.06257473460517629
714,0.010830086048333182,0.015307492454246164,0.011675666818093074,0.011937169738339418,0.021207060088958302,0.006359643484789816,0.6318766258382774,0.021212747065811544,0.017979702984471095,0.01429787091970513,0.016278836641375024,0.037087777085918795,0.01697499637523509,0.010995882905554725,0.035077206086114344,0.011033071812635879,0.00906208423858145,0.0107962235645776,0.017450636697501715,0.07255921915148024
715,0.004683343697138819,0.03674901900491289,0.009571148653632433,0.009645745719439089,0.46950095998767,0.00265298492685994,0.013224251745114742,0.021761380370510865,0.01583073629956673,0.03378268822076041,0.013162850772716547,0.012224385838388328,0.005407876901063445,0.014808572642114066,0.003910682374777251,0.046742408704456895,0.009250577814823748,0.004817716055283062,0.19844479505585963,0.07382787521491105
716,0.07518382960525702,0.0701477413641653,0.08839904749891107,0.03055856843752453,0.006595984298697985,0.00552607548317677,0.26178896026237486,0.030630451477575933,0.016326481752659328,0.002953658854548671,0.011380139781477104,0.2406183169982745,0.002546706366642067,0.07396629073378422,0.0022848507223140117,0.018600961583424443,0.026065250023640504,0.014925687902197496,0.005287763885133401,0.01621323296822076
717,0.010812524916452236,0.006949826147491957,0.006392804307597794,0.04685473481161809,0.007348213426951391,0.0013806038942481124,0.030119526953400054,0.02444827315489071,0.3825055206114129,0.09810853514812157,0.08574658863242764,0.011593114393994635,0.0031101141214996135,0.053386233503711335,0.1908225124464454,0.0021887244228759586,0.01364705181836568,0.014229274798445494,0.003425107216442386,0.006930715273607008
718,0.010008189321821691,0.09117862593213524,0.006754644977971754,0.0036489690774771312,0.008271295674480072,0.001724551362723925,0.005006039166012535,0.20577906104856794,0.004519667152779102,0.29339843748422006,0.06505194731453125,0.006115226461325526,0.03968610343952255,0.00998147019460229,0.007472014265518115,0.0023150597418126633,0.0033186954700733574,0.22351261048158344,0.0042023611540981136,0.008055030278743255
719,0.0054836824771021045,0.05717171616723692,0.02050064790797344,0.007060438477555098,0.10984638469082929,0.0034040703389016324,0.055817610493263045,0.01910495034728512,0.010196532703195692,0.0046170105699176855,0.011335345429977394,0.03995874569927783,0.005895139689529324,0.01271250702107331,0.003803177540573868,0.007373335242132893,0.006497492473214193,0.012677816817328328,0.2349970144869043,0.3715463814267286
720,0.006926025438854226,0.01223961821809892,0.0086587222721702,0.01106986554117133,0.06511586474500013,0.004691849384424205,0.034723562202279026,0.12835639973980917,0.016275153812544227,0.3588344256525862,0.22375576695860705,0.01796922989228443,0.03601706178230602,0.014141697772186308,0.011394624558055096,0.004699833407617158,0.00565489720953636,0.011814604314885692,0.013096437044678716,0.014564360052905465
721,0.006685346340628459,0.014941339900492215,0.019739255466516663,0.06126070433301147,0.01539950129874319,0.01665676138165348,0.09365662193511079,0.030225576435729592,0.5131765034969515,0.00874473045924758,0.02040624540821587,0.02237486316675766,0.00982484626773217,0.04794594541364365,0.034823626664292694,0.007493958129460292,0.03694782758604898,0.009571719806446022,0.013610456190300027,0.016514170319017613
722,0.036346722760174706,0.05329662047821583,0.5519983494312343,0.05490455130352973,0.018218939919232402,0.037026599403336705,0.029096980894542587,0.020443624604586496,0.02007449946990483,0.008291555265855536,0.02110269271854,0.03545404661681224,0.009409656188876818,0.019911754420713173,0.005504125035476126,0.006315324597315787,0.01235706482561704,0.008281501072870437,0.014496245988136714,0.03746914500502861
723,0.01754555654661887,0.009778325279264024,0.011744482123513646,0.03292551759606087,0.01633887698734975,0.6621993943559427,0.026197213262723323,0.01649428891704887,0.021826726792068398,0.009055308010787652,0.016780692189330315,0.009602721340997251,0.010625205140733084,0.019624457614416908,0.024766140984832794,0.005210801060206007,0.008560084427406165,0.022351878362826285,0.045890750104983676,0.012481578902889515
724,0.006468621449878431,0.023715615412815885,0.01205743422014684,0.012334463413800265,0.015835069936922106,0.044684065537233746,0.011746335121984829,0.029484431577576044,0.028774135317308863,0.005752879655407014,0.015254913884270667,0.012793963720650822,0.004863928593932337,0.011097530563847989,0.7046420784433612,0.019460483526354228,0.009451425068038163,0.00684806365547297,0.012415566201901667,0.012318994699095968
725,0.0698565425502811,0.09858537328299148,0.021242170321750097,0.03534927081099384,0.07581901978676926,0.05041042251433386,0.04433584256181369,0.004499438688708031,0.022862499741562254,0.0020007513039571453,0.01691410800601303,0.06807323686766742,0.03125241788987703,0.01809879621842987,0.01131059179684434,0.14344516199062432,0.05387281636309882,0.01821933067387226,0.13628780792868136,0.07756440070173073
726,0.005544274020230274,0.006653366362486965,0.010339245449112437,0.00573645066809484,0.018796725882833782,0.0029282908350973906,0.0063632484244043695,0.26472880191618087,0.009939568654286454,0.33438186589476177,0.18725268874854867,0.015574310220023424,0.004290781993429864,0.006211398038728488,0.002630773921499413,0.006164983156587539,0.01802356542935511,0.07743355757747844,0.009065350074393698,0.007940752732466205
727,0.04525030043253324,0.0398336977291889,0.007956732371373891,0.016859127007502427,0.012335984626331491,0.01974516102515063,0.00834727486882671,0.2088043087044203,0.011238042638911821,0.011652448915218125,0.025659929222114703,0.013493068692294963,0.0039041429249865194,0.008116910280090827,0.003889917676133993,0.005464133884051047,0.08131530086102295,0.45440636083898617,0.009932876344913142,0.011794280955948193
728,0.13044893143918326,0.010610271232418589,0.03326162915989202,0.013990543558665237,0.01500193190475589,0.008153397310566888,0.008995933919485551,0.022511428470850678,0.01823263402849595,0.009944073088325052,0.04232851909882315,0.012948558145835534,0.004900067574798431,0.017676383400513744,0.009103144523460815,0.004987225061066963,0.006553988490495486,0.5978966506574246,0.02023822266007531,0.012216466274866816
729,0.019052890234834734,0.01926519759630049,0.018546995301924937,0.013054732300073545,0.023481450367684713,0.007818203100045627,0.02832163695976372,0.01755992124759942,0.01305708041829098,0.03953741738977767,0.013405510251295348,0.015455779956448867,0.6674843897616535,0.010935170460860703,0.007492503944357356,0.014460946552768146,0.026477573830511813,0.007524135937517224,0.020480764423679153,0.016587699964611954
730,0.030368659186017066,0.6064874191363252,0.01415476302097769,0.015546666564081739,0.01703189606533933,0.01005658854609444,0.013952581069843943,0.012231957718047182,0.014811842518391793,0.0236617219067834,0.017751055990051223,0.013147375333615801,0.0062298080696156985,0.017837099581159283,0.06933567411501006,0.012485117130577098,0.009371755673778666,0.007112466756360871,0.02037899056849038,0.0680465610494392
731,0.02516410403149626,0.015545382696476281,0.03026285579241,0.013088439934765094,0.013125787837866896,0.012256954607380624,0.031206649658243577,0.014204108175746697,0.037532594397182886,0.01896107499116096,0.014395501550103135,0.027251929690916266,0.031120762543345216,0.014919726833840763,0.6203472993143805,0.030722756670372973,0.01001883304532077,0.006233729273243835,0.008992070129938731,0.024649438825808504
732,0.0635859216892253,0.017630517862288312,0.06818450015667626,0.08206088346456734,0.008751594639767898,0.06951524461612751,0.08636834638253729,0.003545378071340221,0.04177139957127922,0.033244795249204574,0.05537358519714985,0.05088852105887526,0.07195509616452293,0.1758195839108264,0.01293103332852405,0.06847344051065886,0.011959666438906134,0.01295093890724059,0.010679990972175105,0.05430956180810686
733,0.010053602420345536,0.019106368377609616,0.014043395378604183,0.21136257021378418,0.014089119908435867,0.00715419146230127,0.01665931778176389,0.009852958019218108,0.05601391706542331,0.00780743409052907,0.011827054510786356,0.015272689428250903,0.00895411723756358,0.46542562227348,0.02802320112192211,0.06549412762964864,0.005633227185458634,0.008580499889466086,0.012707531926675276,0.011939054078733444
734,0.028491445351812694,0.009068017425484652,0.6300622111221106,0.08754227210225601,0.008663301419967613,0.06859911987388283,0.02070998447986107,0.010052833650602054,0.012061469594069996,0.006577415462520466,0.009366751938502204,0.030726965042723736,0.011178943414297858,0.00831397385911988,0.010293661276742297,0.006611403605557454,0.0049028755332159515,0.005788590141480023,0.008519789288159819,0.022468975417632743
735,0.007971224274838547,0.01158876002859102,0.03629148687179916,0.6792227671032716,0.011719458503473328,0.02131239385217935,0.008854216772859299,0.013337840427747381,0.07132293782701776,0.007365517625914819,0.01389267880724871,0.009680389210677622,0.024015416615245384,0.01608971615630305,0.004868309115612008,0.004748118616045843,0.01322084376080428,0.0183153574415111,0.01393845845135351,0.012244108537506316
736,0.10295728391707819,0.28990030413154483,0.010902589099056805,0.006602831694236977,0.011379121428243969,0.0026384195576492635,0.008196659947224648,0.020500316743686475,0.007592208143996402,0.29225522150062516,0.04421069572715291,0.009061218947530342,0.033158178240854035,0.006385590342480342,0.010717940400766313,0.0025500615466045253,0.01576473781627475,0.11277383095845944,0.004606196760556795,0.007846593095977872
737,0.010566694806664998,0.016691711357949814,0.04269930950058214,0.021084653858679348,0.044600755635760624,0.005937456851384623,0.022948257036366063,0.534661268154368,0.019130137487784613,0.023879232514780992,0.045722506066980056,0.03972909030975955,0.010378950657102445,0.018938405097420247,0.007748007991211344,0.02523896914251364,0.032831107961006085,0.0463275306474841,0.015106058179120436,0.015779896743080873
738,0.017159626595590585,0.05533587680034857,0.033986260290365215,0.016219977777417974,0.0157249906454268,0.6659436995673824,0.012390868261538372,0.01647221872445092,0.017871150550901653,0.006071626137139818,0.014610300598348693,0.014804950434587854,0.00889844605117126,0.014294196645859004,0.01216488723155654,0.02636444958883925,0.00950136032695337,0.013851963633155984,0.013092365167585862,0.015240784971379855
739,0.018659726759829444,0.022748980521358323,0.02650466886031167,0.01919271935623749,0.025833039726482963,0.039086666544283645,0.0142805545371297,0.020073663479674483,0.035142103484137065,0.013943077201556813,0.026993192142277668,0.020049238079990237,0.006037982532250316,0.05345715817835735,0.5841580614031114,0.010546057491715234,0.011319898980442574,0.014936350959088759,0.015250140240847497,0.021786719520917402
740,0.5825734190427037,0.012050732743859045,0.044404282413834935,0.009640735733116218,0.014288381600409725,0.04673777674711611,0.013968680057753459,0.018530458493012405,0.017631462606910765,0.005142219645707642,0.014174995528175884,0.01444377125297423,0.009012488990856401,0.014229057251524934,0.004377897896706233,0.10258188543985396,0.019693008168409142,0.03593215521858023,0.010532937936678964,0.010053653231816062
741,0.005483799865659336,0.062215724150520714,0.013806245395468687,0.014028921607626801,0.016360783273313414,0.004239993353867485,0.04225318988694047,0.01850205948430347,0.020485416388872812,0.010653270717185736,0.01664310215146503,0.015636060962801058,0.006957694498922163,0.012497743565698256,0.6600969562215869,0.03896234266580747,0.007689186145461635,0.006121453242768374,0.00989216979349195,0.01747388662823832
742,0.030362364880591134,0.2585880205785918,0.016025905205916437,0.010114679401261817,0.009505973255187745,0.019527424027484346,0.00763582473020059,0.020206561801773267,0.00968794319835355,0.008435128286514755,0.007889251383844532,0.010738647920648825,0.004458333987845604,0.009374580385171007,0.002513142319938867,0.003018743330585982,0.009985720473741423,0.5469152590015279,0.007397047384845115,0.007619448445975249
743,0.10195310228475642,0.049110335722575636,0.00980395381382648,0.006827864409433121,0.017584129327176398,0.00913615505811379,0.0898822331291718,0.021231017879880604,0.010886115023992528,0.016457492714528236,0.06552148317905881,0.028221766471147915,0.04198179229182451,0.020303997776113306,0.010608986656755574,0.4058966432867303,0.032754909255277125,0.0068866485021524685,0.01588886637103684,0.039062506846448145
744,0.007176183803869977,0.01691195053555129,0.0184179776718416,0.019501356779692704,0.016116683755570932,0.00654149525404599,0.01629460400638782,0.016058888068868852,0.016677943323191564,0.06041176375882074,0.01276287133632073,0.01396578528906129,0.5619247794496729,0.0896943023151907,0.01697178080150293,0.0570564116134355,0.01360336653363868,0.009726576777080458,0.0163381431862312,0.013847135740024257
745,0.015521444233439274,0.021885312573832822,0.025545470315077756,0.03930761134711005,0.014582997970072824,0.5560937003920924,0.018234249514152326,0.01966966071468879,0.015971831023945143,0.012611460733008298,0.0153959396121169,0.012169930887635816,0.006178601430652228,0.01253266695948698,0.0840083970780767,0.022908804149838393,0.023786756402034065,0.025013029684511877,0.03789988027376926,0.020682254704458152
746,0.054422171555725984,0.09612214906749315,0.001177522583615272,0.006935673780002263,0.1460798908493932,0.02327258782863972,0.08016929615834047,0.03255238041400438,0.06393787056530209,0.04471170414764548,0.034604745329261735,0.07007316036070974,0.0034362804819433406,0.023424650914446326,0.07972279405133471,0.08736949529912628,0.02258869225374763,0.04830480330500873,0.023894768071889085,0.05719936298237042
747,0.007695130918222549,0.0053406362588807755,0.012835994386408936,0.01757427865805986,0.008717321166881252,0.3743907544369014,0.09040361537848639,0.021331640026142618,0.02366378748295513,0.011993743766857235,0.06271872893330435,0.10611656087006317,0.0078061354892725405,0.11266838186124026,0.027638162724312985,0.026719085423641268,0.026316232707219035,0.04166686276618059,0.006555377992720224,0.00784756875224947
748,0.003940010718853282,0.015516935391406951,0.007755490384833065,0.008286801676164262,0.13802166697786672,0.009764094188537369,0.022104594915458284,0.026796330993340875,0.015406745919753953,0.05075760322316642,0.02617077184794135,0.017827851049612025,0.0033654681250547187,0.00793096583668802,0.02928931414208381,0.00817741273421562,0.005006082766429896,0.0035399425088639986,0.4554366347284284,0.14490528187130097
749,0.0760831417646357,0.052760625892536904,0.004901395526058951,0.0027362915952203874,0.0074247110241864615,0.06231695957481771,0.043524415680960195,0.014355851303756006,0.16317294868034418,0.04236265409360336,0.03478032614323654,0.08477144628569527,0.03135378954866368,0.12045285281066674,0.09626775930025096,0.08475838264832156,0.04156628554480523,0.019953905023733932,0.003948381400644424,0.012507876157861796
750,0.04388569907265942,0.06680023881593163,0.016231532663613935,0.011601658506201745,0.017397696284562406,0.013145205935892502,0.09010782985021189,0.13784559313033773,0.01785266155521135,0.07326786604486764,0.07229305913211684,0.07426630325148126,0.0024989657228591923,0.04034410724581186,0.007372408759756062,0.04839886755802124,0.09762530806126057,0.140710122260662,0.01886950289654205,0.009485373251998703
751,0.0333339447997521,0.03245106371762563,0.021689888573612707,0.006178770526628891,0.02473219342627273,0.029669609378445164,0.09284142550193683,0.04970635195381501,0.1333099497475676,0.060400478639650534,0.12363965208898985,0.01691177336917005,0.017574027976317214,0.03284950831692163,0.10803577916351266,0.04226761135015093,0.08147558326521591,0.045243446091634644,0.010545705627176228,0.037143236485603685
752,0.08628228309366769,0.00423878990174058,0.21504284608513627,0.13832632919031548,0.006881388252702854,0.03737571386965951,0.032616734420768595,0.021555205800252848,0.01175931555268207,0.0016689710784508708,0.03696080475460031,0.03480380272270294,0.020763679014095093,0.05199667492657078,0.0016160140095863842,0.06299588447603165,0.05604831888887153,0.02124802034271433,0.01496032272178062,0.14285890089766962
753,0.03175255785231947,0.08171194496625594,0.015570756655102306,0.012636248095704981,0.014481213175611416,0.0045559958875575285,0.010332105057217609,0.01927395085774532,0.0113478020374977,0.01549628072687348,0.0481884449278215,0.07493664256732833,0.08574557586955647,0.024479183027995295,0.0030292356251159108,0.10315241265818781,0.2706859503428269,0.13874871614906,0.009337400469670505,0.024537583050551464
754,0.3549625493128337,0.03182109733519202,0.03045539731002542,0.020494595920356858,0.012373386268514303,0.2000757543685791,0.013520371365442768,0.014011318584151375,0.02006518870187974,0.005727437204683806,0.013888147779889769,0.015621775619252648,0.006017471819275276,0.011639580476234817,0.005849713512198775,0.16243175451409844,0.021959421453613355,0.024469078651977724,0.015339968382785172,0.019275991419014902
755,0.0937822064075656,0.21121385309834678,0.007034757053034181,0.005806557368594269,0.010594528479697501,0.34043197630515054,0.005776443006664935,0.007206436791312587,0.0055720074085195736,0.004985717501310973,0.02275509300097372,0.00814317402308275,0.008042398381277526,0.0051691270393563,0.022156349887302088,0.1164959498436798,0.07554878972107312,0.03450738282609994,0.003089378004553362,0.01168787385240444
756,0.028062968890871953,0.08459301949990256,0.018512444428325933,0.010680833107919705,0.04112812757119589,0.028146788712095475,0.05867154975794002,0.035882405472253256,0.01112477044724901,0.26226103708759974,0.13187465821360855,0.02649471511991739,0.022601204067916814,0.021632455091940814,0.010401920712966597,0.03597758618824041,0.02906842545875509,0.08248285157371822,0.012014748449773476,0.04838749014780907
757,0.37755947199896306,0.013858693896184408,0.013673880934703772,0.0183566836190848,0.012871477439680649,0.23158740311252055,0.009118760225128626,0.008964298959029993,0.018963192877622128,0.005925657493951138,0.011257225651774101,0.024159653758970518,0.005161307455047688,0.014565403933131068,0.0039719771177052,0.156897609093806,0.016637524620670308,0.03425901154587304,0.01101588743830195,0.011194878827851034
758,0.005746484443569197,0.011334022086694404,0.013676447200027704,0.07067405727771858,0.015314601510042675,0.01925199041842651,0.013045845679524356,0.08502372006984321,0.5922665861355488,0.005652774829295151,0.014887945564950192,0.027551897225278576,0.005931008649534604,0.025259996423429618,0.033401813180396374,0.005054124410189033,0.025556094538472893,0.007218401102426639,0.011186901950590415,0.011965287304041025
759,0.03434045025852608,0.010763367747106116,0.01169814770336598,0.01684688430659903,0.010796320756566846,0.008512827613212225,0.008182602112846734,0.013163137561318374,0.016422652358746355,0.091820181306655,0.009237176783561079,0.07845813032158551,0.0472069048272407,0.02146283504367903,0.004350597682353222,0.5270554399827813,0.057350506626526576,0.006221570674619684,0.014724225751738828,0.011386040580971377
760,0.005821782575081592,0.037440050328898834,0.01656611195940427,0.013568824663251195,0.02409808030631184,0.006777923124117656,0.05130467730474746,0.010988255236914792,0.011364129593809929,0.0038725790705056726,0.00999734323748679,0.011040223955123035,0.004238880678741923,0.012093278186295613,0.008973750372630868,0.02156809116058396,0.0057609632583026805,0.0065264802034071595,0.009777387473100453,0.7282211873112843
761,0.5376638425166131,0.010482757750335489,0.00690506282299357,0.016508506000419716,0.009294876937392796,0.24120131923196017,0.007608765758800515,0.01419696308843028,0.008522576084834,0.003367179256763508,0.007947121337542988,0.006666530145614003,0.004083956644341073,0.013764360874018288,0.003080052608877768,0.03963066834321723,0.029705688099481563,0.022195489418250704,0.010299435051976627,0.006874848028136594
762,0.00372416632684985,0.05137228519410433,0.008257340961258864,0.024697667165223407,0.00967942154230378,0.004871750985680154,0.2774753010272302,0.0060059513894883355,0.024939737992750708,0.05464761141449319,0.024493891738493267,0.09339138281168961,0.0070452711959703065,0.3221142567473976,0.05495193377722403,0.0030878969005461434,0.00868901989460301,0.004429878652133045,0.00717690333399261,0.00894833094856755
763,0.0060745790517174394,0.011858772579926902,0.012268601361053498,0.018894536457113427,0.029916678129571442,0.007572381192852785,0.012486692591834962,0.06449380639977768,0.03770544056773289,0.06982848931760079,0.3970379600014882,0.011404810128292673,0.006564504828471064,0.03566370657829515,0.020373846554834936,0.005412598706049073,0.04613035968687966,0.08970475741257798,0.009169506826999109,0.10743797162693033
764,0.011807184715007071,0.015596827205620098,0.018023079951858107,0.016596792687552743,0.01860048394229636,0.031095539295049594,0.014369235696360647,0.0177047391579138,0.01709278488433045,0.017698332928798764,0.014276046433703454,0.022515114924618513,0.006956575347513629,0.01918270829916879,0.07034975415562067,0.017821385226564384,0.01210560400521717,0.00786539862124383,0.6351981512559138,0.01514426126564808
765,0.03100167678334458,0.013018204485827373,0.006675906564121766,0.008441532664099478,0.009690550648438934,0.0017707391106734868,0.1067643856195245,0.007722444402704572,0.11891858196063015,0.062465016647136655,0.13509306908636162,0.05905795313424369,0.003852013136398547,0.25496352818829365,0.013984776810824271,0.06469941983352868,0.036226932262661,0.01013197445159725,0.01747406221742611,0.038047231992163755
766,0.008184185231265937,0.05099073116473701,0.008587886576347214,0.009527660722878728,0.013306451682954721,0.0034152836711832343,0.02781311073316163,0.11246009527253362,0.010780135739072884,0.3983554722306906,0.17249967777570543,0.007612177038688775,0.011788322841124523,0.005978626505386462,0.010966474832592188,0.0024683848946265635,0.02900107562043849,0.10383685622567963,0.0056655509268085155,0.006761840314123845
767,0.0022110719233528276,0.006834534242667899,0.004179825778290368,0.004277372871786129,0.24466616534595004,0.00165400989312856,0.04875921189129637,0.09775970824260126,0.0066193530517025265,0.11841088292675893,0.36038551958440224,0.03088353341098492,0.014930437661066085,0.004223053663918048,0.003921435735441245,0.0015782847206094203,0.0021805398484430016,0.013535671255462524,0.002894307685945561,0.03009508026619201
768,0.012150795993783041,0.052213986835434954,0.03243280736394622,0.01703601311666671,0.025005956315370673,0.012819150539058296,0.04429542826208673,0.03387462073227882,0.02185581969527273,0.007879526291394177,0.01583500612599717,0.020116439003654233,0.005193780357575248,0.02007866690625295,0.00975990454037605,0.00828994920054067,0.013225957003816773,0.011769183544474137,0.021760641725464314,0.6144063664465561
769,0.005817066608895358,0.022091951029361998,0.010509958995864469,0.013489948338797183,0.685513323990502,0.007479393116610763,0.008958898232201326,0.026931378711170982,0.01496968423873556,0.04881050960143388,0.013313895969461169,0.009559533221955416,0.011795879956101044,0.010655698181473576,0.003844687203837546,0.05105357692394185,0.004190613018019497,0.017179866628455564,0.010765719152069678,0.023068416881111036
770,0.07384898695289825,0.012808880967251846,0.021552183345555982,0.015113870064663608,0.010639202733949074,0.025661240979189627,0.6364991701919166,0.008934295057744084,0.010129922077314953,0.008630771164004427,0.011223939570199187,0.029323967414517087,0.007092751045295941,0.014156411671233715,0.02110403849262013,0.04801643150998441,0.0044626513960440125,0.0071989842140383,0.013277541670152403,0.020324759481426258
771,0.007389066779581683,0.015307431012626714,0.009916565725156186,0.013246174265918625,0.012129244303690471,0.03302337025304847,0.03321744050192369,0.04005379224133098,0.17396686129033614,0.005601560771338692,0.010067468925556147,0.011392748594815143,0.006084463318356819,0.014566722251027972,0.5548449557018789,0.018048604392117997,0.01079761935799997,0.008062050395139847,0.011199391827372913,0.01108446809078263
772,0.00772480679644872,0.015977166825198903,0.01632190522558667,0.016478341793147208,0.018313110065183078,0.039167558700201874,0.012081704089937216,0.03622401172207741,0.047815000509593565,0.006580099346379179,0.01572073178818585,0.019123519106640077,0.006605333821123591,0.012714180340031864,0.6276258427640427,0.04219694060731596,0.009697212417859194,0.013121893444339741,0.01694474833432156,0.019565892302385646
