site,A,C,D,E,F,G,H,I,K,L,M,N,P,Q,R,S,T,V,W,Y
677,0.25228887490355256,0.011931336529167284,0.0037430639389415075,0.004455104245191108,0.006406397895496041,0.40966909836208015,0.006285522463505551,0.004828010008199915,0.005373107912351518,0.001753329950346285,0.0049721297099372275,0.00584443316782095,0.0032031989477480207,0.011647257087996634,0.008507561699058409,0.23146861665349475,0.01590423248069595,0.0011824342962886037,0.0038736359368115596,0.006662653811315884
678,0.056923685926323776,0.021443854287313758,0.09426005996358701,0.11218482946193303,0.02811694181028902,0.12234774818282704,0.07534138315660503,0.008475831734116111,0.008260344486638581,0.019752499649658865,0.0358353179935056,0.12391446469603588,0.0008803455126954776,0.024469633053302152,0.003993883878112003,0.08081544624965772,0.09006912330114522,0.05210770767357545,0.010569260053988156,0.030237638928690195
679,0.46245925009020356,0.007738801012283923,0.028496381393828252,0.00849118444403375,0.013290549564574565,0.002183447428465821,0.010540780689145345,0.012736776666050624,0.013007771914264466,0.005181061694664661,0.011535193961706226,0.016523385945146754,0.005337166162623683,0.013585895110453999,0.0036829233733158425,0.3582973416805481,0.002770243298434829,0.0022737072796083046,0.008860366376383043,0.013007771914264466
680,0.008621270947440056,0.014548394723805097,0.015781309530907225,0.02327743155808815,0.004851075233514094,0.005144183769743238,0.012025613286348233,0.0542275249688701,0.02024124483312013,0.7059455640828602,0.01501769777941171,0.016626736827205824,0.014850728437207212,0.01633503968988642,0.004549683227516986,0.004799470424348073,0.009698929815870064,0.020951669422689646,0.015263889546287313,0.01724254189488011
681,0.05139113649384554,0.0355103710743764,0.004307985398128785,0.0038977010744974715,0.007754125693660357,0.009116658729925675,0.026708655167052335,0.03698121484668786,0.13849797511417145,0.0010584274469540547,0.002317023645900911,0.020031491375289256,0.0019035284317313233,0.11000344416260541,0.18623893638722389,0.05446035964531392,0.12286105030861776,0.05908730416845098,0.016652987080229387,0.11121962375533735
682,0.004063384658132577,0.005135201125695022,0.0059739827424200795,0.010135633641634067,0.6893780140281609,0.002957611128214531,0.013667748395536848,0.006880289142039223,0.011136683877844842,0.08395637024176325,0.008054208875941358,0.009299705093870432,0.0066059315708593734,0.013265755795668119,0.002708923105421718,0.0444134678215525,0.00482391119842477,0.002516647764321503,0.06308043413285137,0.011946095659647491
683,0.003832186908308892,0.005426376662165391,0.008478713534633423,0.00664997139971249,0.005979471291565309,0.002549989032972458,0.016543831287089607,0.14047398429037183,0.00788717538105435,0.5166504706709454,0.14456445612561133,0.011496560724926675,0.007979965679654987,0.007215926412453977,0.002540438512249715,0.06636497398057198,0.005699975485467848,0.026613605349953277,0.004465888247877399,0.008586039022413594
684,0.006472419423860457,0.012742575740725274,0.17320474472167538,0.009945424968370944,0.015683170142431105,0.0042697635989864795,0.04566368021506759,0.01812277438680928,0.008454195095875073,0.004384542190357084,0.010455446761620735,0.625328602569835,0.00741386224914925,0.014562943703686028,0.004769151154423494,0.0036432955285305613,0.008012579621350423,0.004972712484185474,0.008155248474064175,0.013742866968996141
685,0.006136746177140551,0.013056367919541251,0.8089101224805012,0.010312127252351993,0.014100877353104552,0.0017180741072386646,0.018773364104677004,0.01627024309973602,0.01468841390948391,0.004763809916589375,0.011621602214097157,0.007700746589959754,0.008962422046464757,0.015784564201236438,0.0040990922538094625,0.005189799632234823,0.007892282100618217,0.004360097452073505,0.008813048345690343,0.016846198843451125
686,0.00725731160212248,0.013218674703865948,0.01276285833476712,0.010728199759659319,0.01276285833476712,0.0031770205296845194,0.01721501821898821,0.13025149010304657,0.012451741060263217,0.03121535306224017,0.56444105054898,0.018506144585412325,0.007117747917466279,0.010140353197486206,0.002943918076400848,0.004158684176497152,0.002618288304132464,0.11281624932155272,0.007710893577255136,0.018506144585412325
687,0.048081080673658884,0.014231136433093396,0.012828066643915177,0.005680182159608733,0.021685541231380417,0.6900212954584817,0.017515244840730335,0.01821585463435955,0.01718476852298071,0.004399964887526461,0.01198411489102602,0.025299798103277156,0.007006097936292135,0.013199894662579382,0.006468578996488078,0.04496082534376863,0.008929340507038995,0.006172422641887083,0.00791993679754763,0.01821585463435955
688,0.006059189237305963,0.013009435715392214,0.015797171940119117,0.07137879877390592,0.02527547510419059,0.004123120346782574,0.017692832572933408,0.016903598028075683,0.6721396794203557,0.004536623736649592,0.014041930613439214,0.06384749774414233,0.009411081155815645,0.014116088734864583,0.0033968917054956888,0.0063643282636451125,0.008066466947439127,0.00589761085764447,0.009120016790171862,0.018822162311631283
689,0.022772256385678112,0.015269284011726196,0.003693768582639088,0.0035795283171966416,0.0035593181016637357,0.0009660196684566553,0.007715872150401649,0.0864528145854857,0.00475635954476814,0.015270013581540145,0.004395117047697142,0.005260821920728398,0.0024625123884260583,0.005341757642585757,0.0012098057378678543,0.010672510029138467,0.5352762853822937,0.2632479287261201,0.0032756061015856057,0.00482242009400103
690,0.008408575418661189,0.01572715032008852,0.018462306897495225,0.01196149460964479,0.016332040717015005,0.06923724333062861,0.03692461379499044,0.02653956616514938,0.0073864493405468995,0.005085425852004672,0.02482950631973762,0.028308870576159332,0.01061582646605975,0.01975037482057628,0.6434257465412166,0.004925482734889133,0.009056452230249049,0.005307913233029876,0.011979623744439977,0.025735336887417578
691,0.006821143362408987,0.016980293051103223,0.015057995724563237,0.13625370301961703,0.016626536945871906,0.003611193544804758,0.018138040304587537,0.014510432243670029,0.6065284399656118,0.004337357464140498,0.011736379020615462,0.0660097088706816,0.007980737734018514,0.015057995724563237,0.02017653225331605,0.004694551608246186,0.00932791598455813,0.004639963798847974,0.007000647135103961,0.014510432243670029
692,0.044737384109239275,0.008591937742314322,0.4236406198482366,0.02836302369997849,0.029802505394833294,0.1453469750285742,0.07112240855479535,0.009155343495908705,0.012692635301146159,0.0030351953981001684,0.009628895745697084,0.09381010903854656,0.006137098387367372,0.048783862997494966,0.002307751872935665,0.03642528437146291,0.004295968871157161,0.002748333262589242,0.010507293568691222,0.008867373310931256
693,0.022897874595695356,0.1437259033028088,0.003423053210882853,0.005123918121312256,0.00234208903902511,0.0007628518584253214,0.159695448114232,0.08074806598505956,0.029127305444482752,0.13295219125299698,0.03919797362803876,0.014517768010384726,0.0024610920351294564,0.03458644731885773,0.002561959060656128,0.042422937558401166,0.10111497501181217,0.17601293943168922,0.0029021538092267665,0.003423053210882853
694,0.13136144080948384,0.05026002952710686,0.04569093593373351,0.004936175750885084,0.011667324502092019,0.22009293975922617,0.018065187853816417,0.006937328082324983,0.004367057106110827,0.08710394777500247,0.027922238626170475,0.0987250579996742,0.04879063128763698,0.19467405013977435,0.0005956606950816035,0.02094167896962786,0.01047083948481393,0.003750748472172155,0.00414001837171007,0.009506708853556457
695,0.006694192444302786,0.017121336953686665,0.020728261666714636,0.691405101860387,0.02749790480440585,0.0016718310751407048,0.03240824494804976,0.041246857206608784,0.01824559514141441,0.003615262384643001,0.014875915713858904,0.03490118686713051,0.008810008335392168,0.012603206368686018,0.00467747865229584,0.007201832210677724,0.012099078113938577,0.004773260940862122,0.011066229982260894,0.028357214329543537
696,0.006511747145230701,0.011610032199778601,0.021958217117638415,0.012934292274773312,0.01781515728412173,0.006445227976705462,0.026977238173098626,0.02861222230480157,0.01781515728412173,0.005092007336906701,0.015478743214072981,0.030458172130917796,0.013488619086549313,0.018513790903106897,0.002973023494218693,0.006755141823158214,0.011108274541864135,0.005792658503426084,0.7154499352552923,0.024210341950216714
697,0.10342213301887497,0.06073998288410117,0.004660045177138383,0.017559879836142465,0.0325392765450542,0.08117693201239837,0.0811448208842289,0.002215141192488256,0.10580289296705929,0.012058673072578909,0.03489318165682408,0.08177629702275944,0.0024103681950715774,0.02084080816611223,0.05772095784109038,0.1468638392123043,0.03400159023702439,0.02523045442878049,0.005256344672662602,0.08968638097730565
698,0.24430331897717972,0.03858579881855785,0.03044770306773474,0.17375047946261674,0.0053946216190414965,0.01527012463883353,0.007917812106212663,0.006800993283946181,0.005648282557853608,0.0011204542784313245,0.00881690243274172,0.010356361587664878,0.25242294525833,0.14061439224631192,0.011819760507661,0.03504180534494935,0.001977167969869565,0.0018934583574622891,0.0035451986267379027,0.0042724188578636265
699,0.030286612890068662,0.01713717661876783,0.014889678045814671,0.007762994536706795,0.0181654072158939,0.005074136093825112,0.019745007843362933,0.03131966761361017,0.014649521948301533,0.0034537068317781155,0.019324901293504154,0.033639642992396114,0.0032546243509564425,0.021122566530109188,0.004474238230515739,0.6878574306880311,0.036564710545784335,0.005572210802421442,0.008568588309383915,0.01713717661876783
700,0.04814427584209481,0.03264411908982313,0.002179888796519291,0.00156951993349389,0.0725424868662736,0.024608930438930057,0.06740442357082327,0.07855144659545737,0.04169668992985811,0.0677321829243389,0.056839172062280265,0.05146338221901996,0.06352354754832161,0.16130035314971425,0.024341099569876404,0.027623070108802248,0.05918417096669874,0.05939949512814873,0.015027983212706297,0.0442237620468192
701,0.02772283539173856,0.018874695421833964,0.019713570773915473,0.003992209521245069,0.0211216829720523,0.6705033724414463,0.016737937449550874,0.01642797564492956,0.015563345347828005,0.0054092114928426605,0.012152201162002689,0.018874695421833964,0.01198798222738103,0.022177767120654907,0.015434173009990781,0.05942517694555138,0.010315240521234836,0.004999847220067404,0.011828142464349283,0.016737937449550874
702,0.0020606866359792987,0.06355465751287859,0.004487717562799362,0.0031554264113433017,0.15648756895351756,0.0009787732687821132,0.03364570351520197,0.07364120891930237,0.00517813564938388,0.032867687495761716,0.041814492109037066,0.00480826881728503,0.0017871441621767372,0.004296750857999389,0.010988584269000963,0.006604454755603346,0.0025890678246919393,0.0392199420936134,0.15290933280472083,0.35892439638092105
703,0.05203901777870292,0.09146367139070914,0.06434088852565366,0.05518556303974078,0.05063450449609433,0.04129628599977715,0.0567811575842597,0.06502529627768674,0.0019290022895038874,0.06257348831483793,0.020938051859195762,0.06912956881862076,0.0027917402478927684,0.10013850889180582,0.03151372199670823,0.05375304415943655,0.05715601201607196,0.05354051718285086,0.03397841749080014,0.03579154163965088
704,0.022999347576615533,0.044918913576864124,0.10730663281694668,0.03267666868808764,0.019932767899733462,0.0014891714014775444,0.0355497338905627,0.007556166000089761,0.003996222710757646,0.004006586512509238,0.00448387872532799,0.3066200033037358,0.003813392186961187,0.020620104723862203,0.018883674852379066,0.2915566879252554,0.022423546768543478,0.015332898384410354,0.02759921709193864,0.008234384963941327
705,0.007182639515512244,0.01711328433490019,0.014893414289518035,0.008883790979712513,0.01511570405503323,0.0027111409885775747,0.026651372939137538,0.019476003301677435,0.01607543129662264,0.004160307575807984,0.011776188042874725,0.02470127248017626,0.011776188042874725,0.013503362289163018,0.002597169543296392,0.004328000733706096,0.008730622169717468,0.00450112076305434,0.7686576956130914,0.017165291045546212
706,0.019953554554937383,0.029646818738174548,0.018247686346885877,0.6057534645757764,0.022870403026591792,0.04122442148378015,0.038117338377653,0.01861544432397006,0.01043654941843469,0.007847687313046203,0.016676335540223183,0.027602210549334923,0.010262360332445035,0.022870403026591792,0.006561181196153382,0.014368956110951053,0.01861544432397006,0.005352912586780395,0.03915540540234161,0.02582142277195848
707,0.05942673500307999,0.02569750740451097,0.10344000399488862,0.4274129379999503,0.023556048454135056,0.05408668683543593,0.03768967752661609,0.0217440447268939,0.04469705676630116,0.006078980246228401,0.020190898674972906,0.022613806515969653,0.008565835801503656,0.019494660789629012,0.00578207401867126,0.03568820273020557,0.025143961014463017,0.028974020369789587,0.01087202236344695,0.018844838763308044
708,0.049429096625745274,0.015720862861719486,0.03780977817638213,0.016389835749452228,0.012838704670404247,0.0035833298472473874,0.024072571257007964,0.06896253491975833,0.021397841117340412,0.006473296472472729,0.02200920800640728,0.017507324550551245,0.011164091017742822,0.03668201334401213,0.006698454610645694,0.005349460279335102,0.03275405557543076,0.5818119302431352,0.012227337781337376,0.017118272893872327
709,0.005844129036932946,0.014982221712864462,0.02841455842094984,0.06881964092991323,0.04577901078930808,0.004161728253573462,0.012875346784492899,0.026581361103469207,0.012298838719515603,0.008422399524630517,0.029858256911390917,0.02423594688845722,0.6234331756795155,0.006676401910461484,0.003419179229076952,0.003968245110461412,0.015783607655569694,0.008078648962819074,0.010300277427594321,0.04606702494900314
710,0.0061027175766292935,0.05554530833125898,0.01289630884117888,0.009626822092710995,0.5178453871408435,0.002659550072305373,0.021359511518202524,0.10728191964689596,0.015895450432150713,0.0015551847972577846,0.017087609214562018,0.019528696245213733,0.006935412217715368,0.01627391353767811,0.0041174961962800035,0.0908460614853934,0.009764348122606868,0.004128926363506434,0.020712253593408506,0.05983712257420142
711,0.007775278331538486,0.6232795630859232,0.045787750174615525,0.01498508187532872,0.0374627046883218,0.006748267017532745,0.02747265010476932,0.04848114724371056,0.02943498225510998,0.007166778288200691,0.0249751364588812,0.035833891441003456,0.009473327622334245,0.022275121706569718,0.002901076178371988,0.01715779075400452,0.01584960582967461,0.008958472860250864,0.007044269257633158,0.006937104826225194
712,0.01163511341561874,0.01545108878364305,0.01436680185145757,0.01204276037548649,0.010737252196109964,0.005934113808210736,0.019044365244955383,0.03275630822132327,0.024815385016153983,0.008107997084485957,0.02823819674252006,0.027296923517769387,0.05072647224738931,0.017802341424632207,0.005891422341964615,0.6206294949268442,0.050890701299243536,0.007653343042365248,0.016057013833981993,0.01992290462584442
713,0.004740306274952439,0.014220918824857319,0.009633525655548505,0.01012336594311877,0.0248866079435003,0.0031940031585241026,0.45221115917367327,0.03360138079452664,0.009049675615818294,0.004180366422785313,0.012984317187913203,0.3367963369615921,0.01769828357345037,0.013433376777753884,0.017658492595008977,0.004895726152819732,0.009332477978812615,0.00678725671186372,0.00853255129491439,0.006039870958566039
714,0.011865386188803779,0.029900773195785525,0.024917310996487942,0.024113526770794782,0.04671995811841489,0.008214498130710308,0.5651373574006364,0.03397815135884719,0.024113526770794782,0.008136303914693228,0.026697118924808506,0.024834820656881893,0.0073611091078182225,0.02403626429951777,0.003332188154082079,0.014375371728743041,0.013348559462404253,0.011157004923800569,0.019167162304990718,0.07859360759098409
715,0.004789450053420628,0.04221084973828837,0.021641218759900615,0.011236786663794551,0.44243160044501906,0.0026559677568968936,0.0224735733275891,0.019409704505678544,0.017185673721097548,0.028128601150947338,0.015376655434666226,0.026559677568968935,0.006956106029968054,0.019477096883910555,0.003478053014984027,0.007075671273081704,0.008229759246722769,0.0039129461883719435,0.06859113515205717,0.228179473084636
716,0.08479155826363755,0.015508658552845275,0.004023863865992663,0.02649736195738673,0.015508658552845275,0.035593471286041865,0.19551460050369374,0.016962595292174525,0.01644857725301772,0.005482859084339239,0.022616793722899365,0.40686308948624106,0.006619549382312009,0.02171212197398339,0.004307960709123688,0.07481552298793234,0.01211994973568978,0.0059648686741712595,0.015077862481932906,0.013570076233739615
717,0.009526283320207553,0.005964418390766386,0.004529938018303585,0.048034565503126,0.0077796761618692005,0.001046389191362524,0.008322444266185657,0.014003636480705106,0.2709004915170535,0.12310889213806683,0.06525685940106708,0.03379198065113269,0.003344533677065263,0.10752086556283642,0.10816566551928063,0.08907638589797626,0.07016694759862403,0.015127385087181441,0.0053860140310404234,0.00894662758614958
718,0.019272101683254945,0.10273010134548613,0.008474148364494755,0.004671645893247109,0.013013870702616948,0.001634028608400334,0.006282558270228869,0.2586618353370198,0.006506935351308473,0.275674880614063,0.10451346614417224,0.00910970949183186,0.01735661917813033,0.0049338496920652486,0.003173314038104603,0.0022774273729579656,0.007427789190421177,0.14207378383584876,0.004924167292882088,0.007287767593465492
719,0.006685650234071989,0.002621166426463096,0.011755446489463847,0.012857019680907673,0.2876111913420263,0.0033879984294283736,0.05802282451261978,0.01857125065019997,0.017290474743289628,0.004775464452908564,0.019285529521361512,0.015194659622890886,0.009831838579517634,0.009642764760680756,0.003587344105585874,0.004900195631613069,0.007373878934638224,0.006685650234071989,0.12053071679863638,0.37938893484962444
720,0.0068987580502866035,0.016162804574957182,0.022627926404940057,0.020203505718696477,0.03833605970515238,0.007644569731398668,0.01113660546790335,0.013218394773816644,0.05656981601235014,0.4292181495967519,0.24774011595506992,0.019506833107706945,0.002160807583882892,0.016638181180102983,0.006323659901635533,0.005546060393367662,0.011544860410683703,0.008571184244295475,0.02459557217928267,0.035356135007718836
721,0.0072904479979198555,0.02326000075526811,0.024423000793031516,0.05719199260283309,0.037573847373894645,0.0056797676262864,0.12462956028338092,0.030528750991289398,0.36860519192348506,0.006978000226580434,0.01622537099318173,0.02766372561671035,0.007878387352590813,0.04909046640820514,0.12773566694334254,0.01179621352476445,0.018082070294503386,0.008421724411390179,0.02123739199394045,0.0257084218874016
722,0.009429016042915,0.02861998483972495,0.5391523928310474,0.015670404780754054,0.02104410649979776,0.07355300121681464,0.024672400723900815,0.02235936315603512,0.03110867917361407,0.009292202870040567,0.051107115785223124,0.026542535431879764,0.011179681578017556,0.032522710045141984,0.007227268898920441,0.008620477361362934,0.017035705261741044,0.009698198553388975,0.01933782759440875,0.041826927355271104
723,0.006758181012839019,0.013643874874976885,0.01147818045037738,0.11442159649751735,0.01721727067556607,0.5457306494257869,0.06573866985216137,0.015065111841120308,0.027812514168222113,0.008608635337783038,0.02582590601334911,0.012686409971469735,0.011125005667288846,0.03443454135113215,0.0034260028394223607,0.013608466149235617,0.010330362405339641,0.0068446775723063295,0.039858297758493484,0.015385646135612234
724,0.005805364523806255,0.017539611965542302,0.019171203776290426,0.01397223326068624,0.03170622163001878,0.08845307614970986,0.013739362706341471,0.02377307348605041,0.007603083402388327,0.005888298302717773,0.01717420338292684,0.017539611965542302,0.005284370271669797,0.021693730588960215,0.6274258500496994,0.024884119031865208,0.007231243529653406,0.006812907127111475,0.016823709436336494,0.027478725412682942
725,0.0498474059568776,0.06881836472828412,0.019997945472514423,0.09608480309870837,0.07883221177370475,0.093707342848306,0.08032438805176272,0.002812791202645117,0.0496990360855388,0.0010925717894571944,0.012921749382240088,0.05168699752896035,0.01322166289461701,0.05384062242600037,0.015142675057312604,0.09967377386024669,0.04442511741739854,0.014357499313600098,0.10541427127616917,0.04809876983565606
726,0.0034132728489727126,0.009919824217326944,0.005989327829329476,0.00933630514571948,0.006644064791915329,0.003206407827822851,0.006613216144884629,0.2399537882282532,0.01269737499817849,0.24915232907945792,0.19687274251932543,0.012421970799240506,0.0024799560543317363,0.0067539228713715364,0.0027602989126474975,0.0029152998054831685,0.049528453129723496,0.1648827362059573,0.0069007472816187436,0.007557961308439576
727,0.0021153093561994555,0.07157316802727869,0.010898978108856273,0.010091617846907966,0.014635770603321281,0.0026916406074049596,0.01422922141989569,0.25727652290886666,0.010898978108856273,0.003466408086136296,0.058553898832840526,0.01766386107297396,0.003632992702952091,0.010245039422324896,0.003582181616197517,0.0036589426508303203,0.09569895500276587,0.3872117403977906,0.007645551807705147,0.01422922141989569
728,0.14571873563674279,0.0844631479579712,0.03511571589201952,0.013806239926696795,0.010253516952210183,0.003044954033081135,0.012080459935859695,0.10811995711936401,0.021476373219306132,0.004801126570790391,0.021476373219306132,0.015671948024899063,0.003624137980757908,0.026357367132784797,0.007071488742942261,0.0038916917914178888,0.008654657864496498,0.43839918285701585,0.021476373219306132,0.014496551923031635
729,0.015207284968026313,0.02661274869404605,0.027471224458370115,0.016698195259009282,0.032754152238825905,0.010779847572271815,0.020947761537380528,0.024331655948842103,0.019804836237429617,0.00484572804879844,0.020770925809987156,0.027471224458370115,0.6439127515781201,0.015207284968026313,0.005873158332479127,0.023256333780053196,0.008119968031567473,0.011508215651479373,0.020770925809987156,0.023655776616929816
730,0.008385908627354144,0.6344659748019443,0.022068180598300378,0.024664437139276893,0.015594599120776367,0.006326653533576799,0.018230236146422052,0.02395973893529755,0.03225349472059286,0.00822147904642563,0.016442958092851265,0.025411844325315586,0.01089079042513525,0.03105892084205238,0.005668720133347694,0.05132009557979951,0.011979869467648775,0.010103504370306196,0.013525659076377651,0.029426935017198633
731,0.006356088210028627,0.0035559034015884994,0.052543662536236636,0.01641989454257395,0.028148390644412484,0.004529626080710055,0.0033502761833731696,0.030313651463213444,0.025424352840114506,0.0052941145072244265,0.01791261222826249,0.07881549380435497,0.028774219065040664,0.020209100975475635,0.5970904419680593,0.006307980916107554,0.00973030787708086,0.006736366991825209,0.012125460585285377,0.04636205517903233
732,0.08011845847418113,0.05362160151798642,0.03513980280506797,0.1805625357238318,0.022980686364851323,0.08952892396306661,0.0649338980697869,0.006241667901564558,0.010532814583890188,0.07053338182730617,0.01465435072541244,0.022152088811601394,0.053349029219692985,0.1888266192109512,0.01457837332234091,0.031208339507822785,0.02973971176627818,0.0012841505634831403,0.01579922187583528,0.014214343765048591
733,0.03195891345699667,0.02610907833266901,0.020397717447397667,0.020397717447397667,0.022507826148852602,0.00974219340771232,0.013511159447711835,0.02837943297029241,0.02388314086310313,0.013378458138050268,0.01764126914369528,0.023311677082740196,0.013408326573851609,0.49450980506238873,0.0735063273308685,0.10652971152332218,0.008820634571847643,0.009193337441080642,0.02175756527722418,0.021055708332797594
734,0.009677005665558146,0.014319958869288463,0.532727823207907,0.2812480781099907,0.009482134926961278,0.010508702350005776,0.006894343918664742,0.01047280574022589,0.012757781538093357,0.0032040090620782413,0.011892847196527705,0.047026300096273954,0.003712581929074787,0.009232605060462298,0.00385537354173151,0.003986806730654175,0.005197614700704701,0.004310699741246844,0.011694633076585578,0.00779789453796501
735,0.006345059359322643,0.020506343038351027,0.011551970940770718,0.7002726018652481,0.017411045975958418,0.06633498041639324,0.013570374069497005,0.014883636076222518,0.00947897290817932,0.0069907987630742135,0.017411045975958418,0.013772916966056661,0.0071533754784945435,0.027140748138994003,0.007887055014750396,0.006111161832621168,0.008544309599312927,0.005844808426284528,0.023661165044251187,0.015127630110258954
736,0.14578316916699316,0.20090703761170464,0.008652539925321633,0.006292756309324824,0.010487927182208038,0.0023705588836497623,0.00596726891401492,0.009613933250357368,0.007063297898221741,0.2620355915887357,0.07972390994079148,0.009613933250357368,0.03220389250797559,0.0697661784627734,0.0017482194568875504,0.002454621255410392,0.040847063369849584,0.09110847949570536,0.005493676143061355,0.00786594538665603
737,0.009027622341160833,0.02472783510839706,0.02031215026761187,0.029933695131217495,0.08320399303866936,0.0076856784796369235,0.023697508645547184,0.4468218082095812,0.0162497202140895,0.03597210869972484,0.028203426618274127,0.038385431290902855,0.009479003458218872,0.02472783510839706,0.005924377161386796,0.008063518195329291,0.050407451988628726,0.09336631585818081,0.01672765316156272,0.027082867023482497
738,0.02058205088102571,0.012456999150283664,0.0058810229793357215,0.020037326762115455,0.03825307836403858,0.6284972745955352,0.02714734593576932,0.028052257466961633,0.02103919310022123,0.009785671209405223,0.0311691749632907,0.028052257466961633,0.012375995941306603,0.0311691749632907,0.006098316840643834,0.008066290542648064,0.011853066535335901,0.008645941831092128,0.017174851510384673,0.03366270896035396
739,0.015464018442401844,0.022929406655975145,0.04749662807309138,0.03694182183462663,0.04155954956395495,0.010262902069619155,0.022165093100775975,0.051150214847944554,0.02462788122308442,0.006275541082382497,0.0302251269556036,0.06649527930232792,0.005803202039290692,0.004139950300158855,0.4965523185812131,0.00841712396231999,0.012546279113646778,0.018998651229236548,0.017498757711138926,0.0604502539112072
740,0.4882729874880851,0.03897802107164811,0.04973831456760633,0.008815727653658224,0.017631455307316447,0.032605161872464615,0.01672727811206945,0.019187171952079664,0.03106494506527184,0.008257770207224157,0.0186389670391631,0.016309096159267716,0.004208799008843281,0.019768601405172986,0.004407863826829113,0.14334161454754796,0.011987377387181414,0.040540121248447816,0.012791447968053106,0.01672727811206945
741,0.006247194316235855,0.006794485988235161,0.02338693256847269,0.01658346127582609,0.035080398852709034,0.004588359915825013,0.053546081854740975,0.026826187357953963,0.021211403957451976,0.004485309837879162,0.015725696037421293,0.01940617808873266,0.005316232586925101,0.013819551063188407,0.6842825536609622,0.0059710177848553815,0.0094029935069117,0.007355567501374476,0.01658346127582609,0.02338693256847269
742,0.0034863173854792506,0.5260776146880245,0.008946294903433644,0.00884703086608584,0.005301520554946697,0.0018283803145285663,0.0054672662655586655,0.002752599596471583,0.009540915639896496,0.002128877072806505,0.007155686729922372,0.006853333769503115,0.00320122827391264,0.007723598375154307,0.00240884503779565,0.0022527161927533394,0.011673827763603211,0.3698160162506023,0.007051981125140889,0.0074859491943803265
743,0.10904811789651946,0.03506163997430825,0.012810983836766477,0.015140253625269471,0.032541464148200895,0.004562816161040114,0.013323423190237134,0.012810983836766477,0.014481981728518629,0.004818890489201692,0.018504754430884913,0.03425417278757988,0.0716145989503794,0.015140253625269471,0.0042978784484635916,0.5043113703994423,0.034313409826040225,0.00537234806057949,0.011102852658530947,0.04648780592600127
744,0.00980376452790954,0.03137204648931053,0.0211973287089936,0.028010755794027252,0.023067681242140096,0.015082714658322371,0.010893071697677267,0.03137204648931053,0.0326792150930318,0.03856766629993818,0.028010755794027252,0.0326792150930318,0.5956050429707086,0.012148018071232374,0.00883410712037219,0.0051720215540662735,0.010457348829770176,0.010893071697677267,0.02614337207442544,0.028010755794027252
745,0.008340846310506444,0.01775841020048102,0.050543167493676745,0.062246139728840126,0.0273775490590749,0.4926465785859776,0.03285305887088987,0.015280492498088315,0.01775841020048102,0.005973283431070888,0.02986641715535444,0.03865065749516457,0.008111866387874046,0.019325328747582287,0.024014857641118017,0.009522625759678226,0.10324722834462556,0.006034639274428327,0.008546403567827487,0.021902039247259922
746,0.08772662382342662,0.052284302675153424,0.0032378262448517327,0.005325181186481361,0.02376559212506973,0.02122322645587622,0.07129677637520918,0.010596522255878399,0.1385194512432635,0.022079001716193817,0.15209978960044623,0.08213388638424099,0.004811030648965288,0.0034282866121959524,0.07420402356720801,0.12313691362219532,0.04430042558230893,0.031975479198073455,0.00582808724073312,0.04202757344222858
747,0.003835537003376163,0.007286463195943498,0.008917760926378611,0.004380174546229993,0.006867700943303067,0.45223018158120726,0.04568658831557904,0.022491858863054298,0.02339153321757647,0.012644072009500797,0.056229647157635725,0.2314787141322671,0.006035252344114816,0.07057790194958416,0.0022168323970277793,0.003002462221444054,0.02146012221796007,0.0045533731445553,0.008415351860103759,0.008298471973157872
748,0.006090229473765683,0.00796715012618974,0.01385228664621214,0.011213755856457447,0.012394151209768757,0.014180523699075588,0.09720178400075173,0.09094903766152211,0.012844847617396713,0.03369351106803313,0.015699258199040427,0.013329558848241873,0.0061970756048843785,0.009812036374400267,0.0022622273465763335,0.003718245362930627,0.007208843050579787,0.005392874953868848,0.5356552774801736,0.10033732542013084
749,0.1340549949770998,0.05597190683979385,0.0055279030140655975,0.02570917711889586,0.011342284023042293,0.06396312336570335,0.0030570319775722345,0.007339958197444466,0.21424314265746547,0.020164060485408516,0.02410235354896487,0.06260909752753398,0.05099340916144632,0.06427294279723963,0.062264043166709755,0.09890713536164795,0.04884466320582578,0.031609643998642446,0.008763491669040406,0.0062596369064574315
750,0.05199768256552202,0.10485757160215604,0.005520782065381235,0.008030228458736343,0.004015114229368171,0.018093071178411232,0.07340030012150922,0.13349461143884722,0.008412620290104741,0.09550266518893069,0.009089820448484111,0.05233532985490853,0.0012709714107352486,0.006543149114525908,0.011023824799225415,0.012671701994216598,0.22051935508188236,0.16006231166911555,0.006309465217578555,0.0168494232703608
751,0.11770716034709898,0.009679905417802464,0.008711914876022218,0.01623547039270331,0.013402945963111106,0.06471800335297341,0.03652980838358245,0.024353205589054957,0.08229703957680641,0.06824552358895095,0.02272965854978463,0.09470691062410261,0.010178159465306593,0.037016631433789776,0.13093321685439585,0.06715580935163641,0.09608446568772594,0.07841732199675698,0.0050570033192636555,0.01583984522913131
752,0.06774104154085683,0.0058293839833117415,0.1024198797236052,0.19786055506155156,0.007494922264257952,0.06160184132357107,0.03563241008110374,0.00846200900803317,0.0016759578182194256,0.002281063297817638,0.007949159977243282,0.007949159977243282,0.02925608406659043,0.09517301789404481,0.0029474413398767225,0.12827667629197342,0.030674857374167558,0.011844569179809347,0.007715361154383185,0.18721460864233957
753,0.025098612626034442,0.056360081652397746,0.013595348959378419,0.011123467330400526,0.007197537684376811,0.005206729388698118,0.006274776442790041,0.017580991887139876,0.014395075368753622,0.0023991792281256035,0.04894325625376231,0.16641695360012201,0.2197217910282175,0.023180356163486168,0.0033069767739028586,0.07249418638754244,0.18529567899337876,0.09911600566456155,0.01165315625089579,0.010639838316035285
754,0.28052343825020587,0.009142465622192515,0.011248288226100857,0.014416965019611271,0.019728478447889115,0.13827079813705365,0.010709745443139802,0.017038231386813322,0.024989406033992873,0.007975342351274322,0.012925554845168727,0.014416965019611271,0.005530688608987707,0.022049475912346652,0.006941501676109132,0.34645004606844304,0.011747660141975692,0.0030209678684101028,0.0208245050283274,0.022049475912346652
755,0.20789197626027436,0.14903983573004173,0.00860302173630237,0.004946737498373862,0.005207092103551434,0.19028564844499454,0.007066767854819804,0.005653414283855842,0.006382887094675951,0.0021049946801590907,0.016129549882262666,0.006595649997831817,0.04838864964678799,0.005496374998193179,0.00042540236783355974,0.23925196408735175,0.05112762981547411,0.03646680842946342,0.007314795103602269,0.001620799984150138
756,0.013858228001162376,0.3159675984265021,0.00927794434528166,0.014947799222953787,0.0029524480853550116,0.013858228001162378,0.007735634692933776,0.011959175423683948,0.014947799222953787,0.20487687079898265,0.017553755468139014,0.01582708153018636,0.0010348672963206185,0.009965199481969193,0.0025521363633777628,0.009079528690416729,0.019266316977225743,0.05266126640441702,0.0122300175460531,0.24944810402092277
757,0.28134687739703607,0.009595652230489816,0.011340316272397058,0.019034033732590536,0.01386038655515196,0.2785154306738142,0.009355760924727572,0.012904497827210443,0.023389402311818932,0.004158115966545587,0.014969217479564118,0.01207194958029364,0.0026210861767302055,0.02201355511700605,0.0031447935881437216,0.2340684418416947,0.02541413401371566,0.002445297469978274,0.010395289916363968,0.009355760924727572
758,0.010310930937818508,0.02674397711996675,0.02674397711996675,0.009112805550170414,0.02852690892796453,0.01056552182517205,0.014505207929473489,0.021395181695973396,0.639101416822283,0.006901671514830129,0.02312992615780908,0.009104332636584427,0.006846458142711488,0.016597913875654638,0.08128003901796467,0.00673863990424359,0.016309365451748745,0.01205362349068924,0.015014162593665543,0.01901793928530969
759,0.014511883563277116,0.015612855465591408,0.017564462398790334,0.01898860799869225,0.025464895471896593,0.010808899937717128,0.014637051998991943,0.015967693089809394,0.02129025745307919,0.0035632043253855943,0.013776048940227712,0.16769565310761178,0.011730644839869506,0.019516069331989256,0.005322564363269798,0.5348883409054093,0.04800275425665924,0.00962436295824128,0.019516069331989256,0.011517680261501857
760,0.008059710571957554,0.07758352532851648,0.01453230872499367,0.01989205162440588,0.015354209863599316,0.007479411410776609,0.016431366901863906,0.009540065574970166,0.02397247247043785,0.004674632131735381,0.01731345233976067,0.014165551914349638,0.005165339372083294,0.016119421143915107,0.005108887575667083,0.0048247266802432,0.006150831752283396,0.008577306663734645,0.016119421143915107,0.7089353068107911
761,0.4015106216342386,0.008490701133658565,0.007741521621865161,0.02506213510886413,0.009235499478716333,0.3249825562794303,0.007414415074462408,0.011964169779246159,0.008225366723231734,0.003928533360349486,0.00862989295552182,0.007741521621865161,0.003011921534050843,0.010967155630975646,0.003290146689292694,0.09358014257085,0.042159625130268504,0.0025212625688188607,0.011443988484496329,0.0080988226197974
762,0.003334129060448166,0.04848652678461565,0.00982216398888784,0.01123610629671783,0.008652858752115479,0.004275530206927647,0.23328325282260642,0.00982216398888784,0.03516112953249836,0.09872269701817155,0.008259546990655684,0.10847833111134346,0.0022446280914908004,0.2770454381915479,0.07325544485523137,0.003274054662962614,0.04328652246278731,0.004600254020112026,0.010383430502538572,0.00637579065945351
763,0.013872907963975762,0.08585118406692245,0.009009325234057878,0.02217680057614246,0.014414920374492601,0.0046499743143524515,0.2720080882936676,0.02148974475147012,0.00885374421015211,0.045876392221834546,0.2192815543550682,0.009009325234057878,0.004118548678426456,0.008736315378480363,0.002647227612184808,0.002912105126160121,0.03373700566494031,0.007502588137952273,0.008008289096940334,0.2058439587087214
764,0.01258708824864878,0.012988747970926388,0.027421870827413417,0.028437495672873167,0.040411178061451336,0.040471323477106316,0.01919530957918939,0.033383147094242414,0.028437495672873167,0.007576953154458736,0.040411178061451336,0.030712495326703025,0.010517977851610625,0.01828124721827561,0.001908598589220591,0.008670278726764343,0.013710935413706708,0.01258708824864878,0.5827583452979908,0.029531245506445213
765,0.011557809340566643,0.012153437774832649,0.011168023901197567,0.007030248414265031,0.01530432904978926,0.0033057350747544806,0.17714313353373104,0.011478246787341946,0.05209367143707032,0.008139378112248203,0.18074446521949966,0.022897546806782975,0.0019941362874212813,0.3131480451910903,0.0477847979203547,0.04558009317406563,0.04362506466782507,0.017978814529770334,0.0082643376868862,0.00860868509050646
766,0.0031107466067543397,0.007855953295023673,0.007475826522683817,0.008427295352843575,0.002523590620105233,0.004065800389529795,0.0047451644880333954,0.0976085717509061,0.012875034566844353,0.352372672493881,0.10367495014133062,0.007357162609625343,0.0007381653720541818,0.023872521414122175,0.0025543110217394055,0.002491942174227939,0.008099605479791452,0.3316472763388254,0.008427295352843575,0.010076114008834708
767,0.0019943908413644555,0.00944011664912509,0.004882818956444012,0.0050572053477455844,0.38663845187571677,0.002247646821220259,0.026237461751232323,0.10367628708221077,0.003933381937135454,0.10686409901170145,0.23953562572146384,0.0047200583245625444,0.0003144397459018193,0.0035400437434219083,0.0016635948773385827,0.0017481697498379792,0.0022125273396386928,0.007779705372528468,0.004425054679277386,0.08308892017213276
768,0.011671078742773787,0.05420884124627509,0.037902898574656375,0.031678642301814566,0.06373565281623061,0.01231947200626122,0.012906472297031492,0.08315643604226325,0.018479208009391828,0.008420904915672225,0.015839321150907287,0.035013236228321365,0.004007539086374132,0.022175049611270196,0.012793297852655882,0.013576560986491959,0.020159136010245632,0.011087524805635098,0.03023870401536845,0.5006300233003596
769,0.006990360722393219,0.029631208681661237,0.017539450539822986,0.02296832808786343,0.7274160595438887,0.009365726016410333,0.009843569180512901,0.017294827768967576,0.017539450539822986,0.03380881360642722,0.013980721444786438,0.010718553107669603,0.008929095908433153,0.014841073533696375,0.00599173776205133,0.003201047096637013,0.005488002686535401,0.008922895686829291,0.0224341809230294,0.013094897162561441
770,0.06180787352058636,0.019578605795525138,0.018212656553976872,0.02237554948060016,0.01864629123383346,0.012236628622203208,0.5915181903438651,0.014776306260773687,0.010441923090946737,0.003400115684308371,0.016662643230234156,0.010585017618247388,0.002127502664487594,0.021422535208319198,0.06155778923414717,0.06967433015047918,0.004717736336271116,0.010583030159743316,0.02447325724440642,0.005202017567045325
771,0.008105233249543242,0.02460517236468484,0.012086751337038168,0.01722362065527939,0.01602197270258548,0.039197277324107715,0.013508722082572068,0.035246753981162504,0.21225034478454477,0.00499235381312446,0.013778896524223509,0.014060098494105623,0.007740953103496353,0.015309885026915014,0.5206333437393522,0.005020931739982932,0.00670330960926705,0.007918906048404315,0.013508722082572068,0.012086751337038168
772,0.011264961667607681,0.019352626454608064,0.026955443990346956,0.029028939681912103,0.029028939681912103,0.053195632483047435,0.02434685263644241,0.01470337682168454,0.04130460612541543,0.006506486480428573,0.022198600933226904,0.026025945921714297,0.006738860997586739,0.018868810793242864,0.5713582559602203,0.03604405374465092,0.009204297947923348,0.012372990684093683,0.02434685263644241,0.017153464357493518
