site,A,C,D,E,F,G,H,I,K,L,M,N,P,Q,R,S,T,V,W,Y
677,0.25379304963054244,0.004244572406138094,0.006933070191098716,0.008582323331287065,0.005427272846110035,0.4352970427667248,0.006008271654440395,0.004640249468931484,0.004786827601885092,0.0017790845683082147,0.004607429483385897,0.0049121628758393,0.006692714420233971,0.005039774650308539,0.002680754992632068,0.19565060739699938,0.02527289404366122,0.013867670920349127,0.0032958602949253162,0.006488366456198848
678,0.04531853424869246,0.06839004945705196,0.12013089501113051,0.08302368659342024,0.03883099869217104,0.1370298567563064,0.04808913290095191,0.010618633387966264,0.014907621903295353,0.011038088820343522,0.018499273537190275,0.11857009048653999,0.0018583542658189571,0.04337544302495003,0.021582183998780532,0.07948349341903348,0.0717605595695092,0.02240926283224674,0.009622085269012407,0.03546175582558871
679,0.4979617805353435,0.0071070094768285585,0.01024250506144885,0.00705106636432883,0.010809287234492442,0.0036249007464979675,0.00880960786984233,0.011170021261637407,0.01107674196490226,0.004746276859664277,0.010165165319516797,0.013081402349702023,0.007000651556893588,0.01138315583210737,0.0036871271663049036,0.3326995001925321,0.012969680647205087,0.018112293453675373,0.007468650099595147,0.010833176007481153
680,0.004451631516235715,0.014098731963181671,0.00893985528852912,0.009662285056380872,0.041457714895858075,0.002895736427335293,0.04507518632941162,0.2832140821893003,0.009539211700040684,0.4204569657386419,0.02395942076105024,0.008042946201192305,0.027526145865866432,0.008466078599447742,0.005104099686339935,0.0026212064600340547,0.005021089040842924,0.06327244340024747,0.007592371688780198,0.008602797191283564
681,0.05534784697930846,0.03672590282294137,0.0021338800173723764,0.0019792533583330753,0.04877947452534858,0.014952440291075817,0.06367144498519473,0.03867669368374789,0.05414350455802991,0.023195695955638453,0.015384038611474665,0.05833749569250589,0.0009509137767920977,0.10235724505936342,0.10007751385435827,0.058695605886817374,0.1071919842519523,0.054174871045397754,0.07930166233405603,0.08392253231029156
682,0.0037229121915176785,0.015429560946177971,0.00554287192288245,0.008385189040444168,0.7220301957542362,0.0026141921760672025,0.01105514421195472,0.04034845736109107,0.008887035322974418,0.02480124815465858,0.007495249723073289,0.00770258929802427,0.008749473698622948,0.010529525835275071,0.0025623864230503025,0.057940576216853286,0.0042812621936949005,0.006228787353969544,0.012066577982930395,0.0396267641925015
683,0.0038311898035730757,0.00535033494168927,0.007261640169596423,0.00657352242533006,0.015521029919441577,0.002867303035597649,0.013185703616626463,0.19578018938391892,0.007589491280932597,0.5789729537639243,0.04622542436973466,0.010920599885653267,0.007186361357043043,0.006972500183505263,0.0024650295378851376,0.04870937097706205,0.005314910484854662,0.00751334708133572,0.01958409014903834,0.008175007633257445
684,0.005790788804519713,0.010640637504327581,0.062209233971970535,0.008344648727356742,0.011447623787162447,0.003921878313782333,0.051241338224821416,0.020083891913244816,0.038757774917013245,0.003998979251919927,0.00872841299672425,0.6508737858050215,0.006525882794422353,0.011436203846706097,0.004501066107226981,0.03740533106136124,0.030266430921967895,0.004315196913820674,0.006809317265044769,0.02270157687158548
685,0.007398151461652703,0.0088219528265,0.6886459585931612,0.021881828375928274,0.009346624078247063,0.06136347959208705,0.012026910481920948,0.010766749409833196,0.01062533627503338,0.003566255449342078,0.008416636116383843,0.04627251701115943,0.006233756455679314,0.010959108780802067,0.0030623466106330603,0.004051037357326539,0.0055573886593446205,0.012108192198008443,0.006102314962861319,0.06279345530409546
686,0.006852257006594203,0.011920096167844407,0.011420251903649077,0.010491286086693282,0.011067763472419534,0.0035869896637711384,0.014021961824596025,0.03517504091817717,0.031159242337540805,0.02148931133380294,0.6887560976124154,0.01486071868844325,0.0074037521679301815,0.009562286665098629,0.017366376477864924,0.004040332444427027,0.033968101408868794,0.04404819710872588,0.007870358218373435,0.014939578492763882
687,0.07719654280331961,0.010598258742098963,0.009131704712658258,0.022407436599353747,0.013339773179487707,0.6970245725922518,0.012919214319958988,0.012725428988116563,0.012681364809684001,0.0037877157407906737,0.009277908361015944,0.015916189626880496,0.006343002065871474,0.010067283972866081,0.02347496275360109,0.01800147197060622,0.007924261635592922,0.017591084269693583,0.006287585705903224,0.013304237150248668
688,0.004526850861853731,0.00935034393863339,0.010221707385951328,0.045089249773098146,0.01714108572761769,0.003807273710779325,0.012782084026610902,0.04769043222403614,0.6493777795434962,0.004157854411179261,0.011789449016093509,0.05553509663848356,0.007482746404934719,0.017872571748065114,0.05434225187581115,0.004916087895483644,0.01821776127938735,0.004836022366462587,0.00761272666882944,0.013250624503192776
689,0.03041925443600675,0.026709815145841857,0.008753741482192191,0.0026714525277474715,0.0061068462132478135,0.002358269182414175,0.005257472139930094,0.03860219377900983,0.003239217729038487,0.0491626783526561,0.0064385170509574565,0.003886376469664664,0.00183737244440245,0.0038101283703350945,0.0008517114701911664,0.019885363083764818,0.5848864963119127,0.19959711487993653,0.0022649018742104915,0.0032610770565399305
690,0.007678830112684288,0.012325452233768335,0.0138500087026751,0.009988993074446307,0.013655875298241292,0.02160275331599067,0.022415158922267815,0.01788317672573566,0.02839000329822191,0.005053884941470377,0.02649168022503172,0.0197475016494067,0.00863000315656692,0.013241525383276406,0.70986164668713,0.00811939263145931,0.016624391262246376,0.005062961189525665,0.02369361300185404,0.015683148188001053
691,0.005701052237460237,0.011714509438550163,0.01108089221105783,0.0359125824832927,0.013720646579706838,0.003521816624758813,0.012510445855112604,0.03075736106170616,0.6461093777845044,0.004038856720114208,0.01012902131314844,0.038500357997652,0.006918828032054859,0.022436317850563655,0.10522679128031331,0.004480246294264434,0.015322899065395404,0.004148472528599093,0.006232218496763806,0.01153730614498114
692,0.05887491641460077,0.005039648273771884,0.28658190483367135,0.07399758410133239,0.04064950511506199,0.18670951943108927,0.04711005665536585,0.005409293029128878,0.006755334157690487,0.005488810877687791,0.022734851896269892,0.15675092826403683,0.003755051764557271,0.01187030803761245,0.0013820461145428833,0.012628916795839433,0.007865884023766154,0.006913381893256903,0.029499084296023187,0.029982974024694374
693,0.029373032953244668,0.12328694338022067,0.002480662765213506,0.008207744107358202,0.0036192197018658262,0.0005713949803400789,0.11031500859890798,0.09880777097060049,0.03153841222597385,0.12775198066074295,0.030296468280843532,0.017221123708021726,0.004231785172214504,0.08639052572463897,0.0033645897954367107,0.01754915550531406,0.08067591148883305,0.21916675958358356,0.0023440076563934083,0.0028075027402522457
694,0.06625486363796498,0.01828537480364203,0.16860820479332572,0.09249478657126071,0.006583335095657707,0.22028518958677168,0.006981690045563627,0.012933653755398223,0.004700220309762733,0.05763704921811652,0.04816731295344651,0.05110828804627246,0.06977002968807403,0.14062745100616394,0.006129822585503242,0.009910362363831636,0.007123598177077241,0.0012712258219565883,0.005585780871054784,0.0055417606691555545
695,0.013025290176151878,0.012103333369345222,0.02902914400073256,0.6604228338534026,0.01676055513800472,0.057886696549450264,0.01971185129882778,0.02194630781565084,0.03985216632797588,0.0033225778855178268,0.009918764086243976,0.020125890078553157,0.006529362209738201,0.014776382509723783,0.004217236450062072,0.005818673620645756,0.009973687733463205,0.031304460067891476,0.008242370280342961,0.015032416548275796
696,0.005369833723016226,0.026379759353155452,0.015170681041843067,0.009679960662080728,0.013208086539703913,0.008462490193213235,0.014929457751178467,0.01790104760726252,0.012305221999073822,0.01155510304828269,0.011983562050397063,0.018123935689274444,0.009918609977196142,0.012924831796570195,0.082810403570886,0.005832762369384592,0.008645033658400211,0.010179019742318102,0.6879836966917322,0.016636502535030896
697,0.13247274537775666,0.04045718088497868,0.09306765579779694,0.05592491945255558,0.05016105959319314,0.060180456649729944,0.05799721303780491,0.010630878258226978,0.021879039417533067,0.021554834191534412,0.05692650767203985,0.05104260124903397,0.0004979341666332053,0.08765580472142437,0.013743590037512752,0.1561494733758074,0.0369283614341393,0.012590548055720435,0.014116532895974877,0.026022663730603527
698,0.20584943670239955,0.012549935125018747,0.05467418938288149,0.15025164378439654,0.013918055872997005,0.007368148081589561,0.008460238348435538,0.008286549641045114,0.006545899361354154,0.01491588706556555,0.005708400430844428,0.007191977815135124,0.3593765366886696,0.042545054665374955,0.0015614851346022402,0.08483601354622831,0.004123929983220718,0.002586905473373506,0.004269728250355245,0.004979984646512611
699,0.0347422868110823,0.01212682139066512,0.012090429764493227,0.006424705295237056,0.013308050691881105,0.00402168028057951,0.013506148398169547,0.01814198571899161,0.010199900409897995,0.03795756783023525,0.01231326747266349,0.018351964156053818,0.06039689200743076,0.013465775272955272,0.0037996663759646337,0.6733277583202503,0.034010383737859556,0.004733648059694184,0.0066692676699209716,0.01041180033597431
700,0.0550819954534621,0.032693089638329134,0.002649487391311552,0.0018535884846088428,0.07299215753459487,0.004748370922213,0.053425474743125985,0.07085431059649347,0.0689642630474327,0.05205537256962281,0.08320971435530344,0.03963933164680553,0.07774333432429457,0.11596056246430708,0.021937865053954828,0.018304401617171527,0.07682260598373546,0.10236499520231516,0.012329363061179677,0.03636971590973828
701,0.01535152434873486,0.014650577631099141,0.015130459543156607,0.019809406490716476,0.015213066124902192,0.7357741407310128,0.01277918449938803,0.01217165127273757,0.012785724022153193,0.005179930587854396,0.009542751970010985,0.012530293114228838,0.011003830878590953,0.015309271671176114,0.02187868248915633,0.00566535280087834,0.009267910701387414,0.0334763379954714,0.009509090488449327,0.012970812638895112
702,0.0031936221525722037,0.02332579878684547,0.003856864552930579,0.002509327581769195,0.13830746501566177,0.0035960464223315724,0.07238063444602388,0.08120088743783785,0.004177581153588234,0.03313685447388752,0.05791424543305295,0.003927200177455417,0.0013613346054211827,0.003311813765922615,0.005453741189649983,0.0009854894597508964,0.004110033299906882,0.04372568006670412,0.1313319650166009,0.3821934149620868
703,0.06569532921736274,0.05495133980856002,0.08318354764689002,0.13619212229359504,0.023898297830943237,0.03690098430593053,0.11264802312903237,0.04349352388851642,0.0016012536649050574,0.07691025080067876,0.041088366513196306,0.034303936939076046,0.00844877615732697,0.060822397582451164,0.017359016466134875,0.04953741851498687,0.04316541764588219,0.04639019217440727,0.010124086277860269,0.053285719142263814
704,0.014691803315106404,0.10923430363724233,0.027646553154127004,0.006381933019511203,0.008689082417902888,0.001431668290271029,0.048794369507264755,0.00858816993881857,0.018717392597523305,0.001887026306881411,0.008306387832564842,0.3195822737180902,0.0033830463702807954,0.0745757086408461,0.006434872979251753,0.2577414442513183,0.04070300693096852,0.004257911332392862,0.011630985603105133,0.027322060156532667
705,0.00583443100016977,0.028529377128143563,0.010965809989880894,0.006841192331676011,0.01099005852562197,0.011840612064761209,0.015369320890558145,0.013585458943176724,0.013028687335065032,0.009196023476613288,0.0092158907052965,0.016167798506476403,0.009566016566302472,0.010348938461339004,0.018961884981306874,0.0036834650745806064,0.00708436058049073,0.0038443822635557644,0.7706785626768893,0.024267728498095734
706,0.017554791724128323,0.018653393192445664,0.05700976750239221,0.6047867404074283,0.013998247272552613,0.03614167967815336,0.04250993383562287,0.012573833614251462,0.037667307427964536,0.006609162394079482,0.011355666948355318,0.01892878675294563,0.00814556365625393,0.016384171369685986,0.0054020497306945196,0.006555587579058448,0.012755924833538247,0.023562825830475323,0.014767079623038137,0.03463748662693572
707,0.012792866130919595,0.01597462459071743,0.209941588710381,0.41462722212265096,0.015060002908209134,0.08118965290679145,0.02045120368138003,0.015090321308049374,0.020784734039123533,0.005268881826320047,0.013866104678403388,0.07497891141924576,0.007073376168224246,0.026192292477630764,0.004816634039499424,0.015222917892303912,0.0069029472148071985,0.01768440366976324,0.00811087042372738,0.01397044379185211
708,0.044284593710470416,0.012084824853139406,0.0395550369239598,0.012099838218324508,0.020179467118157195,0.010715465089513524,0.017684608870379422,0.09824960363548987,0.014558033921297264,0.006176900228399165,0.015602766983459184,0.01398300110330439,0.010134388434712862,0.022517561077176625,0.006094271762240651,0.005409253300776794,0.012410661930929627,0.6158587392096532,0.00940964502238271,0.012991338606233404
709,0.026550996715520272,0.038272648090853637,0.01483773637966681,0.04477354791099002,0.020999950751937422,0.00271498427524262,0.030775520185252724,0.027434680315699216,0.015416785689636305,0.024579374060510653,0.070249863525889,0.013068758483482882,0.4722880766630218,0.013333770973904882,0.003375456180949412,0.032826565471970125,0.03692612929256209,0.02581122577080119,0.006508449409004686,0.07925547985310423
710,0.005897999871496274,0.026327091351742292,0.010473561274221194,0.008226210566791426,0.5866711397134384,0.0026672964630094394,0.015129813003385388,0.05936844290571931,0.013661876821194465,0.04871481672878459,0.013069905590397269,0.01573192019323484,0.013075610350313988,0.013553318364389099,0.003989479699738997,0.090264345992272,0.008683010361919142,0.015102134552580993,0.01596578508600542,0.03342624110936548
711,0.007121524660299083,0.6410455474359602,0.025032214057998145,0.010761976831209835,0.03875608128447966,0.0072310152560900775,0.037438847667184444,0.026087524198109453,0.020787374676769606,0.006352869610040299,0.016486682604511655,0.019808514227564147,0.007780092295870933,0.015529221520976506,0.04106865549562798,0.01909087380141855,0.012681412039727367,0.00745529523930297,0.0063915579326039845,0.03309271916425508
712,0.023054760948231286,0.011130594218802489,0.01107883811405402,0.009626482218314332,0.050470828402041944,0.004798552913539334,0.013685177560136586,0.021314472400328657,0.015516595373856247,0.006790174501294014,0.017761573149681725,0.01645090796040642,0.040205495806148094,0.01310731980639195,0.0055291485347845615,0.6413103682209196,0.022740209284885113,0.0058912485728833276,0.012461066519942382,0.05707618549335802
713,0.0051020960544490394,0.013242470470268887,0.03729862750757552,0.0107112703756632,0.019029329664606683,0.003684280311779597,0.5814139691918228,0.02160354667648776,0.009177921262664058,0.025355347485488736,0.012613724726831189,0.10502422467420547,0.03000322286135822,0.006711374579497077,0.03490145590691196,0.005022488337339486,0.009622530275654361,0.00747397613411203,0.007924777719592005,0.05408336578369197
714,0.00899376103420358,0.037385407295109585,0.016280070284771502,0.01596805385010684,0.022231754752669246,0.006724133751643939,0.5330586545838588,0.019554260719963388,0.01434641344844281,0.026171981342434435,0.015818111825015718,0.048832024209060874,0.018296773012514422,0.046436874411320564,0.035218386807740726,0.010205449833996195,0.048259452269318284,0.00861883933502497,0.012232934845008864,0.05536666238779531
715,0.0037729835806759125,0.022297825273563502,0.014327641022187036,0.007875439140424092,0.3883603621187788,0.002037593054378332,0.013967921669088326,0.0192603974736792,0.011672152174183565,0.049025363453538764,0.010652485400545059,0.016731991444963325,0.004952318687556444,0.01198846657935463,0.0028289078918495455,0.03960490714465807,0.005956725292546124,0.011378845052782523,0.3220235196492338,0.041284153896012935
716,0.0940459727736785,0.015779357600712335,0.04755268094720839,0.0067095810043826505,0.007462222742462486,0.015356207053872539,0.32057712284133494,0.02465420114376391,0.018757657200428244,0.005932066832384167,0.022158051961045495,0.24269178906000471,0.0036683318982769905,0.050389549262744,0.0022448955163765706,0.024692188157954882,0.054321440532427434,0.025277096684049035,0.006938858967273525,0.010790727819619239
717,0.009632545884779816,0.007191416487453876,0.005437698474244252,0.04196351037970535,0.010050199060632438,0.0028447698565594592,0.02891592198493498,0.034877679123005906,0.40473421590686504,0.07416313515739568,0.0456152940379693,0.014430564837698879,0.004400227459321235,0.07834465946662007,0.18315220586137437,0.00932317597627804,0.024579291580261103,0.005953372212632053,0.003490826561917757,0.010899289690350302
718,0.012218433396919397,0.048062706935835614,0.008791945513807367,0.004608830429105159,0.011624747977391109,0.001829391158234014,0.006730782754411784,0.15675156794881748,0.006912111871269454,0.3236642425800862,0.11221265889670817,0.007976568909110018,0.028283600242299384,0.023303279771925447,0.004197748699494816,0.002225641556466651,0.004276564895899384,0.22393734925765685,0.005079395932675759,0.007312431271885898
719,0.006009610150736901,0.038227636291392204,0.02490826199680672,0.011045668266448289,0.1029773377308219,0.003836746931549862,0.047248702173520514,0.029841388443017355,0.013586544139211591,0.0047908479932116865,0.014001334674902399,0.02744128465379423,0.008595522424505118,0.008982201017355404,0.005684063126300595,0.009984426169473046,0.006824539193261305,0.0062969143606028295,0.19719227672452325,0.43252469353856476
720,0.005214277841229955,0.009740858122796386,0.012638206383985506,0.012865178705714226,0.0461310227439572,0.004970761635336678,0.04509853993323032,0.0544887115367691,0.02295844210899831,0.33274416752516867,0.3012900384675386,0.011323823106118305,0.058967469456231186,0.011217785326291954,0.010179774874288361,0.004120277875549519,0.014244717035554024,0.011412148352874508,0.01331565601069239,0.017078142957674732
721,0.007906526625678239,0.017039731301817938,0.01687691160282885,0.05405940330471545,0.026270719312112202,0.007304135543665448,0.101455017086012,0.019551095465586567,0.48885224538915334,0.007998840787278218,0.0231951247774226,0.04254056784514108,0.008696535525120034,0.03600625256203033,0.0476316093041691,0.028301401055615457,0.020773666470157624,0.0083666138879313,0.016762847814426156,0.02041075433913801
722,0.009102733584939142,0.04047026758527603,0.6167756493113277,0.03375391399146438,0.014752348111927733,0.04210735731427173,0.018049598004841193,0.016645715291371276,0.020333505193717332,0.008710273224942257,0.025834822129153702,0.033634362417553514,0.009516344607364547,0.02091491754742371,0.007221176623468812,0.008471207636654616,0.013371312830138518,0.016569370942100863,0.013451435693747937,0.030313687958315103
723,0.0068944771729572635,0.011992345731594127,0.010400889861705396,0.02857863178593393,0.014195967692452592,0.6642378156684708,0.029692831162025316,0.01338458020000815,0.018909216410630227,0.007754864735070724,0.019351864635299833,0.012354785977592795,0.009868416446391765,0.022933773954672422,0.027845662843057232,0.004919017776633638,0.009039234714078085,0.01630362325529931,0.05804382032592057,0.013298179650205667
724,0.005260297091092271,0.014447782681005815,0.015217496784878468,0.011029991528681705,0.017484506767189458,0.03698302569704534,0.010746046430306992,0.04764248256845086,0.04077654449864168,0.005382910415233487,0.013728395359513021,0.012914985264046618,0.005182013144884945,0.016195447565026205,0.6783847913038449,0.016646710032831507,0.017237009371953108,0.005940646464149294,0.012181724690000874,0.01661719234122353
725,0.0844543079714157,0.09899901646788392,0.016114120190671793,0.026236557867471356,0.06334786337354262,0.04363047624896051,0.08451182511394628,0.003321203214520849,0.034329920302969386,0.001902732235390857,0.009840851518296249,0.09688029103611427,0.032194050733390114,0.03329004114146504,0.009478940648700033,0.12357603240552033,0.02362574552522558,0.023998512949399406,0.09810179760919,0.09216571344592571
726,0.003463398781226516,0.009124829263774005,0.006295997965745391,0.00906770913492891,0.01218391970064397,0.003372261917061019,0.006324143343962242,0.27698167634001614,0.012121932348449821,0.23427395613084917,0.15768410145876718,0.037598077156326404,0.0027242294474441563,0.0069047587159068,0.002939171742717462,0.008592467043587399,0.039422188386078576,0.15775050185788714,0.006122078583380927,0.0070526006812468055
727,0.09061207532814891,0.06376559549615046,0.009782119771384224,0.036190521167861645,0.012333071370128873,0.014576093733005061,0.011668268077589602,0.13069723423125837,0.009944559336531196,0.018459747781586402,0.03622823885398715,0.015725221212476877,0.003955382022822649,0.009012816484413275,0.003678975295952838,0.0033095995789900598,0.04619953682824378,0.46450457883474966,0.008267828182857536,0.011088536411861475
728,0.12102095740335816,0.023682541590197677,0.04391571528834432,0.01235970482847779,0.016795213478417455,0.014595985768784991,0.01236848108605332,0.04951945214035751,0.016561362110934973,0.014076572064895142,0.016443158201394685,0.014300705508113609,0.00441239573027072,0.021292428916061534,0.007230434567090349,0.004125389639052801,0.008365912927902801,0.5667496384571811,0.018454591112263934,0.013729359180847066
729,0.026411073738246176,0.019853770956795067,0.017034769578351924,0.011914070154333016,0.0207270916581919,0.008918695602785425,0.03655175639714192,0.015956088826043664,0.014584173907716177,0.02693628851368904,0.015605452887235331,0.01718675646113352,0.6768164396424095,0.011593885631610073,0.005303081821886329,0.01600484169096266,0.017901805474060273,0.009754340944999718,0.014335608263968857,0.01661000784843946
730,0.01660609192792811,0.5921253249452638,0.014321539451435189,0.015699862226147304,0.03757029222488496,0.008721996645403888,0.011637454445536878,0.015563826968328056,0.019364107363212372,0.021045190795120752,0.012199415031462388,0.01604002620587719,0.007845373778175988,0.020860311866880792,0.04801111889747843,0.01082902856370265,0.017373803413687296,0.008520294349048265,0.028525670692415395,0.07713927020801016
731,0.016049315696518934,0.01635206769325487,0.02737370972190152,0.013140848503923035,0.020020791951797845,0.008018908384119623,0.027442831610206123,0.01957186425286447,0.017686763888438425,0.014218255846307091,0.01406987908063105,0.029178349300980778,0.030986996636461345,0.015792561779677673,0.648169029207316,0.02733416630707268,0.01650951869510379,0.005911347153422922,0.0099627540188041,0.022210040271197665
732,0.09360556470286595,0.0056281863344488006,0.06595952303688578,0.08642085230346178,0.01829410939779638,0.07103529666432372,0.0936126319176427,0.00817921122914561,0.06100322577738428,0.029948201117562384,0.03832639001128397,0.06202213895540824,0.05386928277049308,0.15112891395571845,0.006419185627805252,0.03859026692541073,0.03280982553905584,0.014160472911321463,0.014084924539479893,0.0549017962825057
733,0.00850776842213433,0.01809617920642893,0.01477810584958082,0.1499132852024557,0.014721587713719494,0.008212000440258386,0.04295106424982999,0.018529049021587578,0.0345594395568864,0.017551004898035762,0.012113217847359277,0.014883561052337011,0.013002686258902779,0.4832550698859459,0.04560209193678853,0.05768875397467216,0.006799274814559054,0.00728569431808328,0.016087256303495025,0.015462909046939595
734,0.010925229443216977,0.012564953739017587,0.6545086497934394,0.0576727304516392,0.0088338692668205,0.07460558576322635,0.02792870892790862,0.011024128743224088,0.012390878438755332,0.0036145055909890893,0.02085559946037931,0.027410990719129755,0.003825258055230101,0.009207966071287448,0.01010617523611862,0.0048257568883354725,0.008554406902033799,0.011313021599003657,0.010873179527760485,0.018958405382484226
735,0.02959630477334959,0.01357002623722344,0.025845852681138672,0.6490855062429407,0.011263901568684334,0.019401861315491216,0.00911966398967138,0.01091250400472106,0.05945949533365213,0.0056610589075173105,0.034716214717189386,0.020917947564945895,0.005582651915639298,0.033749733317921894,0.005730755519433243,0.004894710120938957,0.0211767530166938,0.014879411310951178,0.013859207730667216,0.010576439731229318
736,0.059890180268596695,0.2742448438901676,0.009323732710073057,0.007819553683320829,0.009806726496224846,0.00251256274896297,0.006612469489189729,0.017674814160812326,0.0066183193595259855,0.31509577263358207,0.09430991693027645,0.009324480488722947,0.0275926836442481,0.01902888988571648,0.0050706549678918075,0.0029023165240495276,0.021748688055143385,0.09679987985943468,0.00586125097431939,0.007762263229741125
737,0.01578655733444715,0.01646816014842169,0.0307141674020188,0.01803845754557747,0.045170079810394406,0.006714672976057565,0.017220417287093396,0.4793027476339017,0.012673844821130115,0.04122090561069701,0.04342771802088898,0.03987717041044698,0.008196806504614268,0.01736732853298662,0.005545943132051821,0.021004268704463452,0.06704172017296431,0.08467258401467063,0.012294051899935484,0.017262398037238173
738,0.009271982096958818,0.015996460698081433,0.021704619790346345,0.015169768461333112,0.022355270757667755,0.7001565660727892,0.017709179608273954,0.0182111817373177,0.01506345570196406,0.00907744031890424,0.020964146454165687,0.018424401539999254,0.009995431953778881,0.01890019387050501,0.006020557315624358,0.024377531444908753,0.010822012706818237,0.012392365002710543,0.013769903568500717,0.01961753089935195
739,0.012912909772362372,0.015001563551507635,0.02629019340327323,0.023439933206771093,0.02388745746902454,0.029183872179995306,0.03275173842841281,0.027155888280254004,0.01924081344275947,0.022657731213779453,0.02108997075588783,0.032981036585722094,0.016358517966201684,0.0248453314861791,0.5877336958786574,0.007011656227712818,0.010387435576475977,0.014731965637626155,0.02576021226024924,0.026578076677147656
740,0.5637343516536903,0.011410855257828523,0.03208359780596042,0.007722525835704994,0.014670350957271205,0.026968276457380216,0.014682120367809361,0.014686419391966047,0.019732877790338624,0.007597300496771383,0.014809769534664162,0.01265314214507959,0.00447730974302108,0.01416135951599021,0.0040415685562664744,0.12444773551996818,0.02609516324602943,0.061671889435911974,0.01147370051555685,0.012879685772790807
741,0.006236659761826011,0.026184588132318037,0.014960969226010581,0.012689823015302628,0.019870057472231098,0.004123567803509276,0.03094318479940331,0.017712327002913072,0.014457852795240485,0.008329779119139999,0.011634907645174313,0.014949131904358757,0.015038480903996919,0.01075525088975359,0.7357398768183073,0.015288382406826987,0.007452496078769451,0.006759912541127929,0.012983169914528787,0.013889581769261469
742,0.033274542257743206,0.2557407769825164,0.02845199063971344,0.007991800916461504,0.0314704868070163,0.008228750735495425,0.005836122450120387,0.06524243601111512,0.009325978576493319,0.017037716426567595,0.006762222618350355,0.007876322067183155,0.0036871369230255715,0.007285383513324586,0.0027927689553571933,0.0023086878355630842,0.0237156186853745,0.4677144503054319,0.007420163733642351,0.007836643559504577
743,0.06965606851804253,0.020564573814206982,0.008918819518784676,0.009906302837525938,0.020897772029086884,0.013866605119259185,0.1303057011928894,0.017557506849492314,0.009064675826343082,0.02962763829703388,0.07641587597027123,0.007162353908877914,0.02549830859251277,0.03799148878233028,0.003537305787245694,0.42162765907667255,0.028598177610957787,0.0071476600744235326,0.007263378643167923,0.054392127550875344
744,0.01206972583893548,0.01830270256591242,0.015255332554702471,0.01810832638795963,0.014669875663770853,0.012570029979749082,0.009563034960942638,0.01965680950003181,0.01855403217533335,0.025530412702868502,0.01903315795754292,0.0207309045897278,0.6250245674966675,0.0596161209996998,0.0078220168310612,0.02583128580215689,0.03363519369675468,0.009073288466669622,0.01693338069280098,0.018019801136712418
745,0.010643137515069009,0.013066031560873236,0.02832539656095142,0.03857727472622781,0.017573473432428963,0.5676561690623868,0.021939818157581364,0.025896545622811344,0.01441263532483797,0.01100578684391787,0.019988864503545138,0.02373716632910378,0.008034785023218137,0.014089093931043593,0.08362909974364084,0.026366760561394108,0.02070077348083438,0.012173422512903442,0.024059400213482678,0.01812436489374812
746,0.08037790173971712,0.10313619907849943,0.0026209070447542667,0.018193851604100694,0.03309722057034511,0.03093255933693592,0.07424424148610999,0.10634289959695566,0.013518453946623503,0.0297552487884063,0.061006727293452696,0.058419314740339595,0.003497956798996409,0.017389786346910616,0.07493747182755388,0.11082215676308915,0.02652470760396603,0.05096911836639682,0.05055183789711187,0.05366143916973492
747,0.008509498904033595,0.010728896059847634,0.01849774188193577,0.037904396724809795,0.015183738332375777,0.37687289984663014,0.05078263682401356,0.03126337378162295,0.017830528904178702,0.026909818137081418,0.0386763929686638,0.22904339109695115,0.004441882846426913,0.03474039295342065,0.01467097563570035,0.022226307978383677,0.03249932539733082,0.017252157343801384,0.005994629672122458,0.005971014710669472
748,0.004692345661513383,0.011335181486457036,0.019384437064894348,0.00858484667150688,0.13260597955427555,0.006729535693168195,0.015009069168998721,0.04796129692865377,0.008685222752946609,0.06488327037110589,0.030816191335771317,0.018348988010923478,0.0047724717671248276,0.0288160017141401,0.015094625083283714,0.011620005214052275,0.005223702487961572,0.011961439093802055,0.46222059521047604,0.09125479472894425
749,0.13048815265397218,0.05342952355566854,0.014005132591477802,0.02777958865119559,0.005811962162084358,0.06196960958850355,0.029122845746288557,0.03117833736969,0.09413607853682646,0.018746905270639467,0.06345565660170632,0.07388018672178683,0.022698385993543863,0.07227969515633087,0.10893139038397076,0.08495880802084659,0.04828430188622927,0.03309681133373663,0.00676943867659091,0.018977189098911437
750,0.019070331640794837,0.0588416552181071,0.021809894182502926,0.006442738123371676,0.0112721693079062,0.014542921989824731,0.07892789465301596,0.12014259610323201,0.025353952093162813,0.08431100332857569,0.07870482171965111,0.05461577197335623,0.003125769512209638,0.04585639574177728,0.009250747105276687,0.02433119994293764,0.13593687593385245,0.16001150177782533,0.04060536731460942,0.006846392338010233
751,0.07357121361898644,0.013546781053730979,0.03063435140493099,0.035508437877381525,0.050352604528117594,0.038291744034343676,0.11961150182903767,0.03650789468718522,0.0772896485311012,0.05888437461875716,0.056647416894112665,0.007049823715669359,0.020478466768229158,0.016834309525841726,0.10694357338880561,0.0453832177978788,0.0528399016907303,0.04793171315617084,0.012545977063309162,0.09914704781568
752,0.08954261171368255,0.004373471412311159,0.10191991724605615,0.1591560576830118,0.027912504355398732,0.03819674442048389,0.06007120122429129,0.0061924701952719005,0.04642758495326142,0.010040311724724074,0.04815766990314669,0.02095643305957242,0.019844832696056802,0.08339746331753972,0.002342733864396238,0.07196260021334126,0.05705866293099134,0.02136430131672426,0.011100445001922539,0.11998198276781577
753,0.10155776851106162,0.028184553845221068,0.01437524633670317,0.010500279398150406,0.00860314086178996,0.006518958118909994,0.007474921673009,0.03274169837597589,0.015091547775391042,0.017768225022779728,0.02905031363718224,0.13498541496766567,0.1146161873327226,0.018282255645252564,0.012578167074447264,0.07291031594399049,0.2543718291487065,0.09458204761680059,0.012825815928644383,0.012981312785595873
754,0.31209909696174704,0.016288366622448886,0.03286552643949312,0.011766221133011115,0.015321824977797566,0.12664014266570028,0.008718283512115127,0.01556423928857672,0.017732620905545858,0.007185847652404835,0.011182130761705267,0.012637015019683125,0.012189079119962474,0.01674695563951734,0.006277606858521105,0.28513162052491414,0.025831048430227054,0.03374414799206437,0.015475707796934187,0.016602517697630364
755,0.09878714449424707,0.20237617929310805,0.009254073339820831,0.0061831291132027335,0.00848059838383528,0.2523967469855368,0.015089631345259662,0.0065053360576849415,0.0076290592604508975,0.0028737187019888272,0.03801970429114376,0.007662962132243338,0.005288396435894853,0.00635281853783347,0.017218338143310953,0.14406964423957572,0.12317794350122856,0.020664998962193797,0.012360031564148121,0.01560954521729234
756,0.021651420747864046,0.15497913194830767,0.00935988909867974,0.015045154421617116,0.022445372815548002,0.018918383620429434,0.04955178200737207,0.047222907140055066,0.012691441474452702,0.23870027174677547,0.11051249296974049,0.026036036608183422,0.022507354351416244,0.029160396677596873,0.00808942035113962,0.02375712545281013,0.013557892023953138,0.08859121130954445,0.012548179542930487,0.07467413569158385
757,0.41136242089828884,0.011511838800087586,0.012132613816716478,0.04257299975367985,0.013004156078939531,0.2512989357479288,0.010096536031130804,0.011705775386309318,0.020308656501953216,0.005077458383352417,0.015660960739484454,0.01288641216499145,0.0031619232476973705,0.018919853608932835,0.0040237835402186705,0.07389336665549567,0.04118592362375996,0.018855945577666525,0.012077706059548467,0.010262733383817798
758,0.008518962849093708,0.01706450934102609,0.01760843044871713,0.04853356865783049,0.01723593686351662,0.016191471488943076,0.011351959940079748,0.055309342731126934,0.6325714264270562,0.005655325742745011,0.01536524849224545,0.021176549111039684,0.0059479232619760476,0.023673284728812558,0.050194767029612196,0.005616768202641954,0.014908089162907603,0.009609291843243927,0.010376827989193383,0.013090315688192189
759,0.028886028114498755,0.019743733187315583,0.012813747075069111,0.013126800033510721,0.010820028114176842,0.016634973739647067,0.01100355382269302,0.011604187963245,0.014711075966780252,0.06961297911683931,0.011914243793550664,0.1047921811812653,0.03532329534747347,0.013445717347398634,0.005008140339932142,0.510070829139989,0.08141087238154723,0.007100271039354277,0.012874269336465446,0.009103072959248242
760,0.006302365677312042,0.08390922837771282,0.014185080212639855,0.013813984699879675,0.03579420723122514,0.005878102601220914,0.05141216832885558,0.007485238295419181,0.015496914211522442,0.003887929428855882,0.011421645697846488,0.019960974017840947,0.0038269609748397657,0.011912870708908202,0.004059252093493051,0.019369373802712676,0.005061200133744848,0.0063845664786195515,0.012181664377800262,0.6676562726495506
761,0.4589215519649052,0.008111321985194663,0.007517731343826755,0.05660621261426995,0.00909747212395226,0.31512060290898847,0.00725974452013634,0.010620070663789527,0.008000583078700644,0.003934250619862899,0.008251472738999613,0.007289576524318819,0.006186756709371768,0.009373836405195141,0.0034327380819563695,0.017634674313229067,0.012749215385084193,0.03231472491362111,0.009606314633140187,0.007971148471456982
762,0.003818424061872004,0.033284644839823754,0.009776082038776118,0.012383741936049214,0.009867177387138552,0.005218159428002285,0.18752361302230014,0.010170256194717245,0.05490003527317563,0.05812314657507462,0.009377188324190738,0.07889227011183164,0.013378963414664607,0.3767576795978317,0.09080362021229677,0.003903906488665192,0.007270677722477635,0.00615551078760201,0.02111172980318345,0.007283172780326671
763,0.005590448826331884,0.08490379027472861,0.009843614470025505,0.019078097844676335,0.029532287927428326,0.005664290472731225,0.0936130060289862,0.05560774377440671,0.00984235329877641,0.008781428368564301,0.29278421896481854,0.009758175228661582,0.004561301333918617,0.01016231896692827,0.008546152172479546,0.00389942272090094,0.0470268737366412,0.07174143404891989,0.00878035678584582,0.22028268475423005
764,0.010824561679936444,0.018150662964518432,0.0196043680529516,0.01910483779086621,0.023867300893686515,0.022629733432698338,0.013699472179792128,0.022061813986257603,0.018458483138567544,0.012140116767046114,0.023818929997541916,0.021437766858472165,0.00906807282649723,0.013136359100346993,0.047867090549080775,0.015209778608527336,0.011473833910497023,0.009972003298216308,0.64863849122944,0.018836322735059526
765,0.02420912053528551,0.01615948170058447,0.008613539414746484,0.00844177212055639,0.031465693606024275,0.0027136024403975573,0.09000262389651413,0.01851725327838209,0.07582978784864276,0.08742122954923814,0.12725407717581028,0.022350576300068366,0.003248239961963017,0.2816651582669541,0.03370655393585228,0.03944713402114652,0.0717020198411105,0.018813735932143357,0.007150028465019417,0.03128837170956036
766,0.0028388243562319465,0.04987008243195575,0.006640374725369735,0.007275793674022249,0.012921211381914282,0.004156079879803007,0.03966641480306315,0.07607650747401914,0.010073081674802732,0.38287290952849284,0.2195794316458895,0.006658549137072211,0.02108485984540034,0.006197369753352227,0.014656307128000605,0.0025865766132285254,0.025540821242627406,0.09479848422441597,0.0075762191221884975,0.008930101358149875
767,0.0022016155280843576,0.021974535488379375,0.0059316910293562355,0.005343084785734457,0.3666317569821838,0.0028553020157346424,0.1403498078689235,0.031009437867186147,0.004586463204232389,0.13815747663199499,0.19813003452116337,0.009888614793910787,0.012010695907478587,0.004200354425602212,0.008559653993926714,0.002103253669069036,0.0025604436172548917,0.012293093466750334,0.004938444837439066,0.026274239365595083
768,0.010459121280578219,0.04876388802553547,0.02270737603133311,0.022153202129629918,0.04431898744230778,0.011113378683955847,0.04741025790052346,0.03432736585254411,0.014427458842304446,0.016806813525202885,0.013378626228958268,0.02183169490388894,0.004228416977068587,0.017087584708094825,0.011229687007881382,0.024621350759388996,0.016181833741769385,0.010082393794129743,0.02037351284376236,0.5884970493211423
769,0.005337269405622824,0.05701351151011563,0.012183185402495973,0.01483604029545217,0.6613969791576652,0.006875710799392814,0.007109660914495616,0.0217072897211374,0.011142660411950481,0.029777058898520455,0.009603458065590188,0.00889581070910561,0.003434475583948218,0.01041008819263237,0.00481936422533745,0.05534871862462829,0.004372597355093519,0.010005399363816498,0.014974678735757942,0.05075604262724149
770,0.04536815860864082,0.014930789557391872,0.028657192369373127,0.016938881176432538,0.014290640871669674,0.010386283906355374,0.6633378048937588,0.012203349766342677,0.009416748155134593,0.009106822368743573,0.01305713261728414,0.026776282188910636,0.003709169402262975,0.01834859817434466,0.034574115858039385,0.02265048050109182,0.004671203100134205,0.00995709445090896,0.018994881559666034,0.02262437047351418
771,0.007733346578186877,0.01619557077194361,0.010341428825613565,0.014118243398474124,0.011657230377288608,0.03731829691274979,0.022556945442484877,0.030219119559690564,0.11698034949223979,0.0051475464554659135,0.022530739377644618,0.012409703348652313,0.0077081371447106336,0.01121388799757261,0.574891894976944,0.06399268944148007,0.006878901480265432,0.00698549614216254,0.011239102330400838,0.009881369946029131
772,0.010562788640141875,0.015467680755108239,0.01887870385051246,0.017547037161856228,0.020953499744316643,0.030855765170662602,0.018403410320779603,0.030281155603873355,0.022754517621646903,0.006392165017283001,0.016581605788182317,0.01846011999839492,0.006403172953254068,0.014375988219194596,0.663721397993625,0.036100773118449114,0.008104545410168041,0.01113862023616815,0.017935203362957,0.015081849033425852
