site,A,C,D,E,F,G,H,I,K,L,M,N,P,Q,R,S,T,V,W,Y
677,0.27254925651526585,0.005824198832653442,0.0053661157783998,0.0063869080449895895,0.009184313543799661,0.428893186548582,0.009011024609010987,0.006921511656196844,0.007702972649638424,0.00251360160146096,0.007128123944441526,0.008378672004869865,0.00459215677189983,0.01705658229562794,0.002076453496859054,0.1796544235951024,0.0099603496170148,0.001695156544942605,0.005553305863692817,0.009551686085551648
678,0.047849300571296334,0.0941297716156649,0.09963332681093565,0.08140153205757186,0.041483473067801035,0.12920373382575537,0.055854248896749496,0.008526247428955157,0.009971374111828912,0.01297761404816893,0.02451296135824607,0.1073164031186322,0.0008669040326540843,0.030329691064851647,0.007110406270098753,0.07446975602505139,0.10549882103548944,0.021583739560719826,0.012994822888708762,0.03428587221082032
679,0.5453385688362372,0.012111697544339042,0.0115144976945277,0.013289223694483114,0.020800524043538795,0.003417228950009944,0.016496967344875595,0.019933835541724673,0.0203579597021869,0.008108678864430376,0.01805328501892046,0.025860110973048227,0.008352991917348847,0.021262757911172984,0.00576400063857099,0.20721860402377637,0.004335600424615728,0.0035584911449804022,0.01386701602902586,0.0203579597021869
680,0.006997830445896377,0.011808838877450134,0.012809587934861165,0.018894142203920217,0.00393758671678203,0.004175501039540379,0.009761113332225286,0.3091326697250053,0.0164296888729741,0.43187473041008195,0.012189769163819496,0.013495815859943012,0.019548032060999837,0.013259047160645767,0.0036929487546330034,0.003895699423488705,0.007872559251633424,0.07383917642911349,0.012389601445193585,0.013995660891792753
681,0.05150941324144484,0.033211355869607474,0.0028485373455413815,0.0025772480745374408,0.039282248878030335,0.009831294146678743,0.0962172614493978,0.028101916505052473,0.08369201445053187,0.013997123163436098,0.010852952417790444,0.029767215260907438,0.001258656036402006,0.12383895409006178,0.09260609147145861,0.06685645096383835,0.10010574100045427,0.05714579669183855,0.07148134081828772,0.08481838812470235
682,0.006301352511032861,0.007963487395487755,0.009264240115558247,0.0157179804207786,0.8088061363532315,0.004586558221145231,0.02119545844620144,0.010669707869041827,0.01727037354875673,0.0022016034772984173,0.012490180870082992,0.014421652138652529,0.01024424389860159,0.02057206260954846,0.004200901674021908,0.002120133034592651,0.007480750039835804,0.0039027279087037216,0.009992144696066392,0.010598304771361115
683,0.005728577040075868,0.008111665088747432,0.012674476701167862,0.009940766040131655,0.00893846327755703,0.00381187269208056,0.0247306862461812,0.21449114417360995,0.011790210884807313,0.5835158426171205,0.01968407324726292,0.017185731120227612,0.011928919248157989,0.010786788681844989,0.003797596015331195,0.004321472765511551,0.008520656605827133,0.02053027358731842,0.006675870851932101,0.012834913115106697
684,0.00963329707714005,0.01896555362061948,0.009789705038083834,0.014802383313654226,0.02334221984076243,0.006354949904291342,0.02334221984076243,0.03719666742424601,0.012582894830089578,0.006525781890965841,0.015561479893841618,0.70437542530889,0.011034503924724057,0.021674918423565115,0.007098218898945301,0.02580067510395992,0.011925611551401694,0.007401191656827113,0.012137954317196463,0.020454348140033232
685,0.007663175776880279,0.01630395644319864,0.7610834761684971,0.01287712437296083,0.01760827295865453,0.0024411385306305254,0.023442975300723378,0.020317238029216762,0.018341950998598467,0.005948740864410313,0.014512312878011975,0.00961619937156502,0.011191698914399065,0.019710753311926708,0.005118683999608874,0.0064806895512069685,0.009855376655963354,0.005444610582726708,0.011005170599159082,0.021036454691661363
686,0.012068217399436977,0.02198139597754592,0.021223416805906406,0.017839973546993793,0.021223416805906406,0.0052830822950324955,0.028626934296338873,0.007523936366591056,0.020706058435303258,0.007957946086562391,0.7098333836161567,0.03077395436856429,0.011836136295601648,0.01686244074989824,0.0048954551354453675,0.0069154953637223125,0.004353963864447067,0.006498357235080772,0.012822480986901787,0.03077395436856429
687,0.02825650861026665,0.018322579801969777,0.01651612827219811,0.007313231195446651,0.02792012160300156,0.6767606004603277,0.02255086744857819,0.023452902146521314,0.02212537938351068,0.005664952209304666,0.015429540885869286,0.032573475203501824,0.009020346979431274,0.016994856627913998,0.004241500277314995,0.019763681584147177,0.011496520660059469,0.007946990527367038,0.010196913976748398,0.023452902146521314
688,0.008304315435942297,0.01782985373011141,0.021650536672278137,0.007067935673346135,0.03464085867564502,0.005650870207060565,0.02424860107295151,0.023166929523053693,0.6975497175826535,0.006217590018705517,0.019244921486469457,0.024299917646500555,0.012898192060080593,0.01934655759789201,0.011726799535262419,0.008722518371565291,0.011055354662420254,0.00808286702431717,0.012499278903583254,0.025796384120161185
689,0.0035675850153757105,0.021912765430917053,0.002963884685944708,0.002872218149266006,0.0028560014461950127,0.0007751354308218237,0.006191225788417836,0.051911039331863265,0.0038165090476548298,0.03890432421100396,0.0035266476009975017,0.004221290310284888,0.0019759231239631385,0.004286233238135424,0.0009707496880794516,0.03209064675672071,0.6514149435655454,0.15924501049049725,0.002628350570554741,0.003869516117761147
690,0.011002111994832198,0.020578024286630584,0.024156811119088076,0.015650891710958476,0.0213694867591933,0.011849685429413092,0.04831362223817616,0.03472541598368911,0.009664721887193419,0.006653971925018274,0.017737349230828384,0.03704044371593506,0.013890166393475643,0.02584217003437329,0.6343397703489942,0.0064446960370477145,0.011849819589167995,0.006945083196737824,0.008272627468396994,0.03367313065085005
691,0.009516962643322292,0.023691162324866132,0.021009143948466195,0.008373431145930574,0.023197596443098087,0.005038391987641213,0.02530646884701609,0.020245175077612875,0.6421843543879507,0.0060515468981995005,0.01637477395983394,0.016982496417059414,0.011134846292687081,0.021009143948466195,0.09383381432891033,0.006549909583933576,0.013014449814134523,0.006473747844585512,0.009767409028672878,0.020245175077612875
692,0.03730855236111791,0.007757298042286798,0.2887600958795244,0.19930155849792303,0.02750314760447138,0.14086313925100405,0.08438797184991292,0.008265973323748229,0.011459644835196405,0.00822104955568438,0.008693523668080032,0.07962303794169882,0.005540927173061999,0.018008013312451495,0.0020835717882175283,0.025857660140956,0.011635947063430201,0.002481354134171433,0.02424155638214625,0.008005977194916782
693,0.02670670734094874,0.1603584242817803,0.003263297197431427,0.002495462562741679,0.0022327822929793977,0.0007272490897132891,0.13669589371462754,0.12646275067136578,0.007032411430898838,0.12950137299280506,0.04072594902394422,0.0035352386305507123,0.001297267824168595,0.05240471381757527,0.008318208542472264,0.014346064049131557,0.07276392657764535,0.20510227426831407,0.0027667084934744706,0.003263297197431427
694,0.07738251193191294,0.03552866634786959,0.09420479713450268,0.02217202328455623,0.013457828162071812,0.2283432804492707,0.017320151905688027,0.008001951880150808,0.005037239180024189,0.06257578631048753,0.1151391964977255,0.021148015683255708,0.09753072379635028,0.1692761152813696,0.003622907895382573,0.008224228321266108,0.00308408562047479,0.0022094941758625357,0.004775358380089998,0.010965637761688143
695,0.008162734469930679,0.020877339348392757,0.025275535087527164,0.6363034448562603,0.03353027228681261,0.0020385899058767845,0.03951782090945772,0.05029540843021893,0.009651719471169478,0.004408362491891697,0.018139327630570756,0.04255765328710831,0.010742708596745788,0.01536804146478911,0.005703603017859877,0.008781737979879493,0.01475331980619755,0.0058203975968914735,0.0134938900666441,0.0345780932957755
696,0.008250993045341912,0.01471099734066456,0.027823116083129706,0.01638895878869284,0.022573471539142968,0.004215987586089395,0.03418268547355935,0.036254363381047795,0.022573471539142968,0.006452049839560945,0.01961301625532094,0.038593354566921846,0.017091342736779674,0.02345870571714857,0.003767099002362672,0.008559396880758649,0.014075223430289146,0.007339840439107835,0.6433991573402055,0.03067676901473275
697,0.11297287132793002,0.044333293445354346,0.08074992734689541,0.049340693063622605,0.05880947089689863,0.05749994826559114,0.0653124412364595,0.006021063915324466,0.02711502481989394,0.033529381597326824,0.058616968537170654,0.07400588731433584,0.0008189647803944767,0.09711102373744285,0.013008709749958923,0.12406705255229761,0.0414229040591755,0.014615371465501433,0.010961528599126073,0.02968747328929978
698,0.17030687747716017,0.025130477205893606,0.05453313553678913,0.1524218074009634,0.009458369045551198,0.017404192192592278,0.034655942442695896,0.011924155000755643,0.009903111780288583,0.0019644881165832746,0.007895724257257113,0.018548685556731,0.3333789736955813,0.07051698560791698,0.0021169695472356025,0.0414449975510173,0.021368716184454625,0.003319793153619469,0.006215782925925813,0.0074908153209875174
699,0.009795408990981793,0.021558921852338625,0.018731522265146672,0.009766007334820059,0.022852457163478935,0.006383367922759483,0.02483962735160754,0.03940078821289472,0.018429400938289466,0.008304481928775238,0.02431112464199887,0.042319365117553596,0.020108939376871183,0.02657262460869644,0.005628684030413533,0.6497555916432466,0.011893347656503152,0.00700995618511624,0.010779460926169313,0.021558921852338625
700,0.0361538945072298,0.054866019311070435,0.004689403359920549,0.006752740838285591,0.042204630239284946,0.0049170442997225165,0.06201496688221461,0.0720665240409607,0.06752740838285591,0.05524969776779118,0.04389281544885635,0.07088688637358555,0.10297963690395907,0.1266138907178548,0.01664407953098561,0.0099033677675864,0.09601198179529388,0.09003654451047453,0.011009903540683026,0.025578563781384817
701,0.014983420780928465,0.024830296260207958,0.025933864982883876,0.012493594871922245,0.02778628391023272,0.6665778650783797,0.02201931932509008,0.02161155415240323,0.020474103933855688,0.0071159995379864276,0.015986629099038006,0.024830296260207958,0.015770593570672627,0.02917559810574435,0.004690114558288535,0.007993314549519001,0.01357004563057877,0.006577467077240287,0.015560318989730324,0.02201931932509008
702,0.0025150331061514126,0.003068375993884679,0.005477183208951965,0.0038511444437943506,0.17972007404373633,0.0011945761822409267,0.09963812007774317,0.07249213070671717,0.00631982677955996,0.0014433315386633493,0.042658830762029726,0.005868410581019962,0.0021811791540074193,0.0052441115830391145,0.0007443849431314862,0.0033083656966823947,0.009479740169339938,0.0312981897654398,0.14081484863840715,0.3826821426254596
703,0.05127258977735319,0.046978325590751845,0.125407397757668,0.17650869330502916,0.017105868406843038,0.03278244911007358,0.09463314318633163,0.023302106407372805,0.002357835915537824,0.050538993279252105,0.05059915874744169,0.06719136005645507,0.008723992887489946,0.04551648463038233,0.01285457365061974,0.04973203033301777,0.042314622945337756,0.050377987096772936,0.013774725611826232,0.03802766130444336
704,0.01685657252114435,0.046296220304551376,0.12770684046021474,0.016165729385031875,0.01643515820811574,0.0023992931690679908,0.026062706265437562,0.012174191265270917,0.006438553575822061,0.003303549388565977,0.00722424536620472,0.3769408716766375,0.0061439843768656965,0.011334591867666026,0.00692006661394347,0.25847738286593813,0.03212706606565311,0.00361212268310236,0.01011394351268661,0.013266910428079771
705,0.00890055591051656,0.010955533290896137,0.01845556446151228,0.011008582310375747,0.018731020647505,0.0046316432360305575,0.03302574693112724,0.024134199680439138,0.01992029179972754,0.005155354115078928,0.014592771899800407,0.030609228862995986,0.014592771899800407,0.016733045111771132,0.006092933441656944,0.00536315548454203,0.010818779167093406,0.005577681703923712,0.7194303199878707,0.02127082005733619
706,0.008134166721385647,0.034946790358545754,0.0246771893075376,0.5364699113080685,0.02695895256230672,0.0032740528760008096,0.04493158760384453,0.021943333480947333,0.008180189885924899,0.009250620977262107,0.019657569576681983,0.03253666688554259,0.01209696589334276,0.02695895256230672,0.007734125735087993,0.00865654440074069,0.021943333480947333,0.0063098545456062504,0.02358908349201838,0.12175010834590135
707,0.007931839876169043,0.030204265024507734,0.22737379170835817,0.3795093697543099,0.02768724293913209,0.014914972051840112,0.08859917740522269,0.02555745502073731,0.00931991931090812,0.007145094952034087,0.023731922519256075,0.05315950644313361,0.010068088341502579,0.022913580363419662,0.0067961181332556065,0.014290189904068175,0.010068088341502579,0.0058008560489682,0.012778727510368655,0.022149794351305672
708,0.019740118881163702,0.02071692273092482,0.01711143137503413,0.021598493910964175,0.0663601847477841,0.004722105155284153,0.03172278793172863,0.02073594053238158,0.028198033717092116,0.00853049759508669,0.02900369182329475,0.02307111849580264,0.014712017591526324,0.04833948637215792,0.00882721055491579,0.007049508429273029,0.01103401319364474,0.5798548478642144,0.01611316212405264,0.022558426973673693
709,0.012004844851727913,0.01538802840085124,0.029184191794717866,0.09289114705391903,0.04701897566926767,0.004274452333569789,0.026448173813963062,0.027301340711187685,0.012631963612639076,0.018878963214274614,0.06269196755902356,0.02489239888372995,0.48272481033906417,0.019980920493576925,0.003511790713887212,0.02248010525531223,0.005564415621292439,0.033189865178306584,0.010579269525585227,0.04836237497410389
710,0.010105939032606289,0.010579400362911174,0.021355946634941596,0.015941762981012738,0.6496060547296568,0.0044041446367778375,0.03537078661412202,0.0366512588517209,0.026322445852369872,0.002575344925957408,0.028296629291297615,0.03233900490434013,0.011484859352927219,0.026949170753616775,0.006818464889469303,0.003264700273533833,0.016169502452170064,0.006837392944335408,0.03429894459551226,0.020628245920720684
711,0.00929668693816589,0.5621056572670018,0.05474715641364357,0.017917251189919714,0.04479312797479929,0.004312200741126136,0.03284829384818614,0.05796757737915201,0.035194600551628014,0.008569120134309431,0.029862085316532862,0.04284560067154715,0.01132699787868488,0.026633751768799577,0.003468737177509951,0.010599005094678534,0.018950938758568927,0.010711400167886787,0.008422639448252858,0.009427171279606487
712,0.00824409558571074,0.020478916208072715,0.01904179928119042,0.015961508220997855,0.014231184035513374,0.007865091007448215,0.025241454861112886,0.04341530236111417,0.03289038057660164,0.010746361970572809,0.037426984794063936,0.036179418634261794,0.003248265335125834,0.02359527302234465,0.007808507618905423,0.6216316030416302,0.0141622068409687,0.010143762233905177,0.02128201096133047,0.02640587340912906
713,0.00812197143432929,0.02436591430298787,0.01650594194718533,0.017345227130940517,0.04264035003022876,0.005472558292649681,0.5844766945381191,0.05757211436088152,0.0155055818291741,0.007162578681950734,0.022247139146206314,0.026945806944926286,0.008299487150241624,0.09936342525536235,0.002999450605785984,0.008388265579717136,0.01599013126133579,0.011629186371880573,0.014619548581792723,0.010348626554304368
714,0.014953219019751782,0.037682111929774484,0.031401759941478743,0.030388799943366525,0.05887829989027264,0.010352228552135849,0.5359268128347562,0.04282058173838011,0.030388799943366525,0.010253685173978929,0.03364474279444151,0.0312978024220592,0.00927675466824334,0.030291430786001664,0.009992865320592374,0.018116399966237734,0.016822371397220755,0.014060489526035258,0.024155199954983646,0.009295644196922677
715,0.006711206063130543,0.012201435859840286,0.03032470887784912,0.015745521917344733,0.4697225195600793,0.0037216688168269377,0.031491043834689474,0.027197804572374338,0.024081386461821362,0.0023475122685988185,0.021546503676366482,0.037216688168269375,0.009747227853594359,0.02729223799006421,0.0048736139267971795,0.004914142880465862,0.011531931545097553,0.005483007003142251,0.21287945632250083,0.040970382401146956
716,0.07446519828569687,0.04052527797861053,0.008881345391724527,0.008864904557821057,0.010131319494652635,0.018523681165596235,0.39352656246197837,0.011081130697276318,0.010745338857964916,0.0035817796193216385,0.014774840929701757,0.20270601691471996,0.004324343686741978,0.1134707783401095,0.0028142554151812872,0.014554641357390903,0.02493381826997314,0.023379968064582996,0.009849893953134506,0.008864904557821057
717,0.005717399476050998,0.014007628716324947,0.010638705354170844,0.0061621790684192115,0.018270820064771674,0.002457478722162271,0.019545528441383648,0.01680915445958994,0.4813574818441734,0.036943196614483385,0.020760264835261222,0.0165182204692577,0.007854745074574737,0.05167062508912261,0.204433438664379,0.004973122621180455,0.03365146545996842,0.020752042542703634,0.006465059407534591,0.02101144307448742
718,0.0033055105798841353,0.14096041727099123,0.01137710618192679,0.006271994433626308,0.01747198449367329,0.0021937917749903675,0.00843475113487676,0.17266431734924187,0.008735992246836641,0.27980035577187595,0.11419362395644635,0.012230389145571298,0.0014898108624140614,0.006624020422805034,0.002669931797815193,0.0030575972863928244,0.005095995477321375,0.1870270773370852,0.006611021159768271,0.00978431131645704
719,0.007898428481599364,0.0030966465239654966,0.0138878867597815,0.015189285541537235,0.24915376225149005,0.004002582000810488,0.11573636246714478,0.021940079115553783,0.020426970211032836,0.005641734629713831,0.022783928312305853,0.017950973821816735,0.011615336002352003,0.011391964156152927,0.0042380890212378956,0.0057890920683968125,0.008711502001764003,0.007898428481599364,0.11431935960209604,0.338327588549649
720,0.006504779696863701,0.015239769575509241,0.02133567740571294,0.019049711969386554,0.05589822830297907,0.007207999123551669,0.010500609618652953,0.012463510870087652,0.053339193514282346,0.3077987299559984,0.36785650699505074,0.018392825349752534,0.0020374069068687843,0.015687998092435984,0.005962524593295608,0.005229332697478661,0.010885549696792318,0.008081695987012477,0.02319095370186189,0.033336995946426466
721,0.01097342581757787,0.03501045379893892,0.03676097648888585,0.010898744997108389,0.05655534844443979,0.008549064299740896,0.06393213302414932,0.045951220611107325,0.4198468319155778,0.010503136139681674,0.02442208009811755,0.041638845922694234,0.011858379512543827,0.02616001541092619,0.08490223677065774,0.009076784318243422,0.01962229240312069,0.012676198789270987,0.031966066512074655,0.03869576472514301
722,0.01207825103738344,0.03666123379226308,0.5245986875479467,0.020073259175497966,0.02695678955313462,0.0036020192967150975,0.03160451188988197,0.028641588900205527,0.03984916716550336,0.011902997984501,0.0654664889147555,0.009688077078493063,0.014320794450102769,0.041660492945753504,0.009257887321278559,0.011042540298874423,0.02182216297158517,0.01242306474027461,0.02477110391369127,0.05357888102215835
723,0.009367624290337558,0.01891199620879469,0.01591009204866855,0.010360512307096456,0.02386513807300282,0.5672995716775362,0.09112143627873806,0.020881995813877466,0.03855137688715841,0.011932569036501414,0.03579770710950424,0.01758483858010734,0.015420550754863363,0.047730276146005654,0.004748838090658998,0.006425229481193067,0.014319082843801694,0.009487518574014966,0.01895735220098749,0.02132629359715146
724,0.007792921955149197,0.023544572715557148,0.025734765526306654,0.01875584606154553,0.042561342985814855,0.0018864374864366144,0.018443248627186437,0.03191215737635571,0.020412236072457807,0.00790424941165133,0.02305406078398304,0.023544572715557148,0.007093557164302475,0.029120918885031207,0.6328237582289242,0.007092901497708857,0.00970697296167707,0.009145412542406499,0.022583569747575232,0.036886497254372874
725,0.0672889162666718,0.08653412794045409,0.026143158165843085,0.0633468832480044,0.061174233733878876,0.02095443975124828,0.06677103909924788,0.011680985563461806,0.0105578138746674,0.002268621163151673,0.0823509482224057,0.08784101143723276,0.03454805181707657,0.015250175596741803,0.027879227262793613,0.1569937309010867,0.035459467114944285,0.0110910367976304,0.07223767387930324,0.059628458164155795
726,0.006049358538367391,0.017580948252130225,0.010614912152229573,0.016546774825534332,0.011775305361402848,0.005682730748163306,0.011720632168086819,0.32250083128567086,0.02250361376272669,0.2759552942478962,0.0823915881291562,0.022015513685157695,0.004395237063032556,0.011970007320599304,0.004892089948418846,0.007124670979415513,0.002825096115599704,0.13783016235326565,0.012230224871047116,0.01339500819209922
727,0.003282453311918657,0.04542241875738553,0.01691260272881376,0.015659773038453412,0.022711209378692764,0.00417678133005812,0.022080342451506856,0.1933521879537357,0.01691260272881376,0.005379034829800475,0.007460625992154208,0.027410080284629202,0.00563753424293792,0.015897846565084937,0.005558687610169559,0.005677802344673191,0.09824511922243499,0.45427849017642036,0.011864064600809656,0.022080342451506856
728,0.0991252694041147,0.04018109007866228,0.01512744176234264,0.02248227659163247,0.01669697219377059,0.004958446263718934,0.019671992017678414,0.006338073108022288,0.0349724302536505,0.007818222491355083,0.0349724302536505,0.02552042207698821,0.005901597605303522,0.042920709856752885,0.011515312400592241,0.0063372860191178776,0.0140933674156502,0.5327878395321322,0.0349724302536505,0.023606390421214096
729,0.018323006712479942,0.0320652617468399,0.033099625028996014,0.02011937991958582,0.03946493753457218,0.012988460454416161,0.02523961220348379,0.0293168107399679,0.02386252036974132,0.005838537763424948,0.02502654575363114,0.033099625028996014,0.58539859405991,0.018323006712479942,0.007076471557923287,0.013578929151814108,0.009783615488257869,0.013866059133768606,0.02502654575363114,0.028502454886079907
730,0.010832667467928754,0.6156204824601813,0.02850701965244409,0.031860786670378685,0.020144639546868553,0.008172582955468875,0.023549277104192946,0.030950478479796442,0.041664105645879815,0.010620262223459563,0.021240524446919127,0.03282626505432956,0.014068399308998381,0.04012099062195834,0.0073226841481437745,0.007575291935614513,0.015475239239898221,0.013051406587865971,0.017472044303110893,0.008924852146562138
731,0.007576598475725355,0.005402463844919964,0.06263321406599627,0.019572879395623837,0.033553507535355145,0.005399415005689335,0.003993603704894115,0.036134546576536315,0.030306393902901428,0.006310702208705097,0.021352232067953277,0.09394982109899441,0.01769331851924397,0.024089697717690876,0.535165290506211,0.007519253511692513,0.011598743345554864,0.00802989923923029,0.014453818630614523,0.0552646006464673
732,0.059237925311597064,0.044795621206703565,0.07420514093029022,0.23464373013035206,0.029863747471135706,0.09923474420096137,0.09345072475717559,0.006083355966342461,0.0615939791592174,0.019248745754968797,0.02856532366804286,0.0036238251853027994,0.0361843274028295,0.08087617305903538,0.009775615518231012,0.05069463305285384,0.02254420152232794,0.0073545049742349145,0.010265663193202903,0.02775801753519467
733,0.013462213132828742,0.03230931151878898,0.02524164962405389,0.10096659849621556,0.027852854757576706,0.012055713253279471,0.029379054249682998,0.03511881686824889,0.029554771270021905,0.005635474907036626,0.021830615891073633,0.028847599570347302,0.008562838231266464,0.46167022925574497,0.005697311525059043,0.08654279871104191,0.010915307945536816,0.011376518140418656,0.026924426265657483,0.026055896386120145
734,0.008122951629549773,0.0232799195532638,0.6542607054290924,0.13221982929386114,0.015415081866350351,0.0045077091809246125,0.011208116815423762,0.017025612807610835,0.02074029196563502,0.005208749123789618,0.019334170476439427,0.007736300630624565,0.006035534698994319,0.01500942181723587,0.006267670648955639,0.006481341239260945,0.008449748578592046,0.007007893256573855,0.019011934301832102,0.012677016685990018
735,0.007900572802316857,0.025533544590995143,0.014383976927451617,0.6586640549708674,0.021679424652731726,0.0035394772895158675,0.016897198626393842,0.01853241139669002,0.011802776193453074,0.008704617474202892,0.02167942465273173,0.01714939562081763,0.008907050438719234,0.06758879450557537,0.009820594073459667,0.0076093344807601415,0.021277953825829275,0.01003139383752286,0.029461782220379002,0.018836221419586578
736,0.10563467128418562,0.27386766629233306,0.013204333910523204,0.009603151934925966,0.01600525322487661,0.0036176257289104665,0.009106437179671176,0.014671482122803559,0.010779048090223023,0.30115432871342646,0.01518493290537274,0.014671482122803559,0.022205384679463813,0.006810770054575238,0.002667895630283226,0.00374591032922644,0.01909060324412993,0.13759137856343504,0.008383704070173461,0.012003939918657459
737,0.012839483004608701,0.03516901866479775,0.028888836760369574,0.04257302259422885,0.04044437146451741,0.010930911206626327,0.03370364288709783,0.4092345425884611,0.023111069408295663,0.0265647157437735,0.040112158334981454,0.054593454849901094,0.013481457154839135,0.03516901866479775,0.008425910721774458,0.011468291529458316,0.0077848835972083,0.10319595506660306,0.02379080674383377,0.0385184490138261
738,0.008487218186433375,0.015047698815243902,0.022131950190105085,0.024204517841046314,0.04620862496927024,0.5566088201511931,0.03279321772012727,0.033886324977464834,0.025414743733098627,0.011820811038650524,0.03765147219718316,0.033886324977464834,0.0149498492547639,0.03765147219718316,0.007366592386405399,0.005717825794260323,0.014318165483435848,0.010444050535672563,0.020746729578039698,0.04066358997295781
739,0.017742415291851776,0.026307719225849187,0.05449456125354474,0.04238465875275703,0.04768274109685166,0.011774990523776594,0.025430795251654214,0.058686450580740485,0.028256439168504677,0.007200150237754995,0.03467835716134665,0.07629238575496264,0.006658218947883289,0.003781109352592311,0.4233454711713888,0.009657264019615523,0.01439478976508729,0.021797824501417894,0.02007694361972701,0.0693567143226933
740,0.505272371908999,0.09415241027905728,0.018246944582582164,0.012468832712631911,0.024937665425263815,0.034367391413424785,0.0236588107880708,0.027138047668669445,0.043937791463560055,0.011679666085250144,0.026362674878136035,0.023067340518369037,0.005952862069256525,0.02796041274953822,0.006234416356315955,0.06251100354711858,0.005155295933092914,0.005145219053479583,0.01809203177911297,0.0236588107880708
741,0.00802460228560199,0.008727605550700167,0.030040818812766417,0.021301671521779825,0.04506122821914964,0.005893807940630716,0.004706125315410938,0.03445858628523207,0.027246324039485823,0.00576143877630576,0.020199860925825697,0.024927487951018942,0.00682876984584264,0.01775139293481652,0.6585313499152774,0.007669849941948188,0.01207826735771021,0.00944832204595073,0.021301671521779825,0.030040818812766417
742,0.0012698575927373814,0.33602266896118144,0.015003840423045105,0.014837364603480736,0.00889118559856378,0.0030663785140030166,0.00916915790102742,0.03582536398932836,0.01600107947434197,0.003570341937689633,0.012000809605756477,0.011493733143541416,0.005368783244680529,0.012953254812562548,0.0040398765009477255,0.0037780326536640757,0.010012945437931787,0.472313747650633,0.011826884828861456,0.01255469312602216
743,0.10237724192733806,0.04028441599097059,0.014719305842854637,0.017395543268828206,0.019135097595711022,0.026212462459878124,0.04592423422970647,0.014719305842854637,0.016639215300618286,0.005536711609159768,0.02126121955079003,0.01342813866365686,0.00324161971413049,0.06958217307531282,0.0049380897021189755,0.4403209089320131,0.07068326501961793,0.006172612127648719,0.012756731730474018,0.054671707416317224
744,0.01537298396449027,0.03546758248336239,0.023964582759028647,0.031667484360144986,0.026079104767178233,0.017051722347770384,0.01231513280672305,0.03546758248336239,0.036945398420169154,0.004208855671916418,0.031667484360144986,0.036945398420169154,0.501565804457117,0.013733909042166545,0.009987375961125753,0.06620217997869021,0.027818481813437084,0.01231513280672305,0.029556318736135328,0.031667484360144986
745,0.011343391978829078,0.024151099340021492,0.0687377442754458,0.006928452005010078,0.03723294481586648,0.5089952098600217,0.04467953377903978,0.020781178501878956,0.024151099340021492,0.00812355159618905,0.040617757980945246,0.05256415738710562,0.011031983649145621,0.026282078693552802,0.003942002090376197,0.012950589501170943,0.04787092904897117,0.008206994373514697,0.01162294593020072,0.029786355852693177
746,0.07168655344025736,0.08903871403387188,0.0034917142758381136,0.005742745213652737,0.08903871403387188,0.029232956727946985,0.03928178560317877,0.06856457123463928,0.03591477540862059,0.020274469988737425,0.05237571413757169,0.06033682268648258,0.0010602772472539967,0.011091327699721064,0.06834267941834599,0.10477073244671017,0.06036495573045487,0.037886845988584786,0.012570171393017207,0.13893347329124275
747,0.005405093784907206,0.010268188496078178,0.012567036666841948,0.013179955941265786,0.0096780627204415,0.4829919869354748,0.03946834953180049,0.016192143397661743,0.06735931653427284,0.031859136198642564,0.04857643019298523,0.12279042076560151,0.008504964208872832,0.01451709408066225,0.012918438164647635,0.004231112847630204,0.06952223036794217,0.006416678775966828,0.011859034601104374,0.011694325787200146
748,0.007528310574856947,0.009848427026409074,0.017123216209478546,0.013861651217196918,0.04596231719386347,0.004580022365387946,0.06822531458464107,0.06894347579079518,0.01587789139424374,0.0042947785336476755,0.05821893511222705,0.03295411421446815,0.007660386198977244,0.012128944815047303,0.005980381638410129,0.004596231719386347,0.008911061496769446,0.013332580560051998,0.5013753756963378,0.0985965836578039
749,0.12641679422335006,0.0511488135990897,0.007156347927683023,0.011345096917480129,0.010010379633070705,0.05599563867815588,0.047491103375498236,0.04283543455681351,0.10210587225732116,0.04170991513779461,0.021272056720275243,0.061965309325177256,0.029534756438068112,0.06381617016082576,0.09769054352179606,0.09699687279790145,0.04132301037187302,0.04742622481897432,0.011345096917480129,0.032414562621371795
750,0.01891504614677447,0.06282497470178663,0.007853121837723326,0.011422722673052112,0.005711361336526056,0.011966661847959355,0.06910747217196526,0.1385494469048172,0.023933323695918707,0.09591184661480863,0.11903679417180622,0.050318706468053864,0.0036158258821172157,0.055844421957143675,0.013367015893997155,0.027977916784438575,0.0899277014976006,0.15168638804506826,0.03589998554387808,0.006129265824564549
751,0.06309032043967121,0.03680268692314153,0.01104080607694246,0.031545160219835604,0.033971711005976804,0.019207584497049943,0.10252177071446568,0.010515053406611866,0.0913721882229721,0.04519014746816663,0.05888429907702645,0.024535124615427686,0.023853102363767257,0.03780088638557685,0.12389693781114981,0.026765590489557473,0.08431161004210604,0.1324896729233095,0.00205696158290879,0.04014838573433621
752,0.10937337973240602,0.009106504899867893,0.08015868995904199,0.23459978673555784,0.011708363442687292,0.060639572098806216,0.04553252449933947,0.013219120015937266,0.00460085195578088,0.003563414960817872,0.024835922454185165,0.012417961227092584,0.053920094801849366,0.09914340011952948,0.004604412589820845,0.08436908951348196,0.05345122441226806,0.015272837773461945,0.02410545414670913,0.05537739466135881
753,0.01829490956140488,0.13163499810076948,0.02486438853014535,0.020343590615573465,0.013163499810076949,0.009522531777502475,0.011475871629297854,0.033510660401598676,0.026326999620153897,0.00438783327002565,0.08951179870852327,0.05697716418622157,0.060498622682214356,0.014437386888471494,0.006048094507332653,0.09067013333421084,0.2549616842177795,0.092598412457093,0.02131233302583887,0.019459086675765923
754,0.27019314515827814,0.0814994172660584,0.014324503031883094,0.018359758834661507,0.025123880510589426,0.16494394056407102,0.013638677991462834,0.021697896804599964,0.03182358198007995,0.010156462334068068,0.016460473437972384,0.018359758834661507,0.007043237526934201,0.02807963115889407,0.00883988388335554,0.19549419338315654,0.002882060560846941,0.016480213929465623,0.026519651650066624,0.02807963115889407
755,0.07459423007938762,0.19229163890880355,0.01459452327640193,0.008391850883931108,0.008833527246243273,0.2652960462040283,0.011988358405615872,0.009590686724492696,0.010828194688943367,0.003571000376140898,0.027972836279770368,0.011189134511908146,0.006993209069942592,0.009324278759923454,0.0022637546279547336,0.1760046809059633,0.1203359749393895,0.02918904655280386,0.00641437664303773,0.010332650915317852
756,0.03739673158973824,0.09473838669400357,0.016334204602414408,0.0263162185261121,0.005197906918758456,0.016620769595439223,0.02913458478051966,0.02105462276737654,0.0263162185261121,0.27458722088741466,0.1263178489253381,0.027864231380589286,0.0010069989742450692,0.017544145684074735,0.00449314158193613,0.06533681840965763,0.011553461791951655,0.02706811048400102,0.02153145152136444,0.14958692635895296
757,0.33865497813431106,0.01520608656647121,0.017970829578556884,0.19679252005112555,0.021964347262680636,0.11506695357016275,0.014825934402309431,0.020449564692840594,0.03706483600577357,0.006589304178804191,0.023721495043695088,0.019130237938463784,0.004153596060400999,0.034884551534845716,0.004983507362120818,0.08999575308920049,0.003371283352815712,0.003875026326101505,0.016473260447010477,0.014825934402309431
758,0.013185753684501995,0.03420054861917704,0.03420054861917704,0.011653575228458658,0.03648058519378885,0.013511327849551428,0.0185494500985367,0.03772273850804767,0.6314010969704067,0.008825948030755367,0.029578852859828794,0.011642739955464526,0.008755340446509323,0.021225629902944864,0.010545129582713426,0.008617461069398941,0.01096824348279179,0.015414331772023457,0.019200307996730975,0.024320390129192567
759,0.009496246661347425,0.019559361418497994,0.022004281595810242,0.02378841253601107,0.016299467848748327,0.013541096366652456,0.01833690132984187,0.02000389235982749,0.02667185647976999,0.012310089364005388,0.017258260075145287,0.06440277540237142,0.025319733424763704,0.024449201773122493,0.006667964119942497,0.5072045389453887,0.1217505408131804,0.012057140600443966,0.024449201773122493,0.014429037112006715
760,0.01086650358552268,0.006221557083818419,0.01959318308718269,0.02681945565788576,0.020701311175637636,0.010084115327365048,0.009547829241818441,0.012862391999190113,0.032320882459503354,0.006302572079603153,0.023342859554085757,0.01909870327152471,0.006964168043760392,0.021733007171045357,0.006888056917599077,0.006504937032409577,0.008292857999477835,0.011564352439638815,0.021733007171045357,0.7185582487018858
761,0.43213437506253677,0.012332342358340482,0.011244194503192789,0.00934954476397045,0.013414126775738769,0.3692939241782118,0.010769087693198728,0.017377391504934312,0.01194695665964234,0.005706009150873954,0.012534511905198522,0.011244194503192789,0.004374673767178991,0.015929275546189784,0.004778782663856936,0.013090199970470286,0.002892998673372192,0.013202400249632715,0.016621852743850214,0.011763157326417074
762,0.005070306049004666,0.025121061788250396,0.014936847549770503,0.017087070323501513,0.013158651412893064,0.006501921874605981,0.27087066787615566,0.014936847549770503,0.0418894864860025,0.05687695012026472,0.012560530894125198,0.07493740465647572,0.003413470559691473,0.31829543846077096,0.08207665804254681,0.004978949183256833,0.004805768342100074,0.00699573872584188,0.015790381695471676,0.009695848409500149
763,0.010052264666331301,0.026660354115052583,0.019162129520194037,0.04716831881893918,0.03065940723231046,0.009890131365261439,0.08759830637802991,0.004927906887199669,0.01883122086127509,0.01604094011447656,0.3538036672475619,0.019162129520194037,0.00875983063780299,0.05574437678601903,0.00563044590535574,0.012387639285782005,0.0031820446474702525,0.0047160936227084805,0.017033004017950257,0.24858978837008483
764,0.015825386613136393,0.016330381912001517,0.03447673512147571,0.03575365123708593,0.05080782017901684,0.007521749227399517,0.024133714585033002,0.041971677539187825,0.03575365123708593,0.009526286830618265,0.05080782017901684,0.0386139433360528,0.013223953197278357,0.022984490080983813,0.0023996265035279283,0.010900893851238967,0.017238367560737856,0.015825386613136393,0.5187756725267045,0.037128791669281534
765,0.021257243851272287,0.014588304603814313,0.013405469095396937,0.008438715629923326,0.018370457649247655,0.0039680188522374935,0.15145507444296377,0.013777843236935742,0.054843858790369356,0.05333102387911543,0.16885186605265928,0.009358535028862013,0.0023936492802606748,0.2822346447473337,0.019089885034219205,0.05239461512637536,0.04376491381144294,0.027555686473871487,0.009920047130593733,0.031000147283105416
766,0.003653994365405815,0.07382307260277511,0.008781373555572038,0.0098990029171903,0.002964299916436009,0.004775834740749705,0.005573840140032681,0.14322090565177825,0.015123476679040735,0.31047481411535865,0.2333336401909142,0.008641986673737561,0.0008670754809688275,0.007163752111124558,0.003000385200345196,0.002927124518524013,0.03402782252784165,0.1100128313375042,0.0098990029171903,0.011835764357510142
767,0.0027064054213730474,0.012810318994499088,0.006626027066120219,0.006862670889910227,0.3918991591459247,0.0030500759510712116,0.11309140329630364,0.04724848028346712,0.005337632914374622,0.11016788448511343,0.23889513800552364,0.006405159497249545,0.0020883975511920352,0.004803869622937159,0.0022575124702825518,0.0023722812952776096,0.0030024185143357235,0.0036255619795752146,0.006004837028671448,0.03074476558679782
768,0.01376315561989957,0.06392594330741339,0.04469711009800667,0.03735713668258455,0.03922499351671378,0.014527775376560659,0.015219997280709807,0.09806248379178444,0.02179166306484099,0.00993037810549716,0.018678568341292275,0.04128946685969872,0.0047259028333390095,0.02614999567780919,0.015086535967966837,0.01601020143539338,0.023772723343462893,0.013074997838904595,0.035659085015194346,0.4470518858429279
769,0.007781009915663536,0.03298266537612479,0.019523261242937597,0.025566175437180188,0.5863289158642998,0.01042504241127736,0.010956932330220081,0.019250970258078183,0.019523261242937597,0.14209357666285627,0.01556201983132707,0.011930881870684088,0.005143165000631157,0.016519682590177966,0.006669437070568746,0.004222408176143697,0.006108726719112794,0.01986425095152467,0.024971613217710877,0.014576003830543567
770,0.018001085743497677,0.02790168290242139,0.025955053862717577,0.031887637602767305,0.02657303133563942,0.01743855181401337,0.6389405888888671,0.021057873888619915,0.014880897547958074,0.004845541641009231,0.023746113108443732,0.015084823106678255,0.0030319270605140294,0.015597887096035185,0.0036131510445351622,0.0473483103798666,0.0067232970849208165,0.015081990758065617,0.03487710362802674,0.007413451505402824
771,0.010252630750157173,0.031124057634405712,0.015289010767778244,0.021786840344084003,0.020266828227054882,0.011404255450326643,0.017087717916928626,0.011568676358031226,0.2318484314724882,0.006315026186691014,0.017429472275267196,0.017785175791088976,0.009791838356891683,0.01936608030585244,0.49905548892017676,0.008755520489916194,0.008479281978920028,0.010016938089234019,0.017087717916928626,0.015289010767778244
772,0.015134899702803219,0.02600098154071322,0.03621565286027913,0.03900147231106983,0.03900147231106983,0.0029901045895688798,0.03271091226089727,0.019754539789390707,0.007187063883034906,0.008741709311101858,0.02982465529670046,0.03496683724440743,0.009053913215069782,0.02535095700219539,0.5819985518059472,0.00731914121643206,0.012366320488875803,0.016623578362095336,0.03271091226089727,0.023046324547450352
