site,A,C,D,E,F,G,H,I,K,L,M,N,P,Q,R,S,T,V,W,Y
677,0.2543689021314274,0.003721326582682453,0.006329518319508472,0.009463322026875555,0.005221563944364126,0.44267641890552806,0.005164099887744239,0.004538793013468613,0.00499732599673698,0.0015710649576731752,0.004908360780182322,0.005620212658967355,0.006838039614671654,0.005631868230629701,0.0026904397468358984,0.19309695315188477,0.02102632624215361,0.01286350071618255,0.003535538301120014,0.0057364247913630866
678,0.04477950364003733,0.06729099875489385,0.11949733494558523,0.08200830854448923,0.03811486322633474,0.13662612365630797,0.04797882555265574,0.010276848241465067,0.015536286077508217,0.011318193297725876,0.019089350481735472,0.12223869794805198,0.001868020312068389,0.04375681427031562,0.02177324176868973,0.07861165635438047,0.07240642138773114,0.021920467541638428,0.009524348870342994,0.03538369512804256
679,0.5027573300089421,0.006668718766366717,0.010374972003881941,0.007855669695686473,0.011107305723402407,0.003687419432470498,0.009793434733497933,0.010706693783562246,0.009922478180808497,0.004075034907052141,0.009325358973048098,0.011629199234420181,0.007369411024114227,0.010600046248745255,0.004112837758010907,0.33245987194686816,0.012817324286360855,0.01672770477264325,0.0074170239441407005,0.01059216457597751
680,0.003932407091945084,0.01456364657428914,0.008147222051887589,0.011808850137926227,0.04101744278812002,0.0029057567964336506,0.045584436095486326,0.28287033152974816,0.009324301482744607,0.41919855759403507,0.02171993114767774,0.00799166295851378,0.02937734911445665,0.008658833901655637,0.0051081651461834686,0.002803166568739964,0.005190958244485254,0.06371648373984423,0.00806155796517763,0.008018939070649793
681,0.056205779018821934,0.038329948143715466,0.0022505785843999694,0.001887927545556607,0.049880153663721734,0.015210584576815142,0.06199198020745134,0.038023747922977705,0.05162007925547671,0.023084411509660077,0.0157952651572756,0.058365392632487724,0.0010000863352819496,0.10191927465505474,0.10031042335529068,0.05891696722482831,0.10628319155243066,0.055497155133503284,0.08066138402481789,0.0827656695004325
682,0.0038398884347937453,0.014740654320884278,0.005116949941186137,0.008501512397310932,0.7161080988499577,0.002650728758445819,0.011222881304462834,0.04618803035723937,0.00827076815349005,0.029404187053527635,0.007258036709896238,0.00828726111103856,0.009191755484812223,0.010029921711705246,0.0026348354175244767,0.0532357710209746,0.00428924118835233,0.005936347760128943,0.011141319095600035,0.041951810928668815
683,0.0036394456293145283,0.005312580404137492,0.007609544653502596,0.00659125871057182,0.014817238958924577,0.002617104601598124,0.013362238859298364,0.20148007892974096,0.007739998526833675,0.5839459674755705,0.039633294642167936,0.009975456699664003,0.00772327335307772,0.006657396224262766,0.0025408504367340243,0.04577328135194783,0.0053099391501803435,0.00872472192492624,0.018445914001563018,0.008100415465983432
684,0.005780646588992361,0.009261139555676274,0.06247855406221654,0.008104730166727622,0.011003651075467575,0.004046387272399725,0.05048818076160812,0.021990009613604623,0.04056163125403149,0.004021837447509122,0.008623560036072746,0.6451777850406528,0.006058930230597166,0.010854597854592625,0.0044182009966464274,0.03853534544991707,0.03289736714152397,0.004485945343760685,0.006950475240355191,0.024261024867647873
685,0.0068658314494463865,0.008625230578173465,0.6845856558539813,0.02227581874060538,0.009236386636216821,0.0656547324468153,0.011464933183784241,0.010734570702740828,0.00921732758723791,0.0036483376198194898,0.007644222031220739,0.044775325774012616,0.006264962374094429,0.011219241671237695,0.0030366156562296547,0.0037884627049750135,0.005462670432070223,0.01263710796691004,0.006186138125797681,0.06667642846463062
686,0.007724708159162135,0.0108119925617203,0.011975653950586107,0.010468509894555155,0.011428636819869241,0.0034444400012582305,0.01472961184244135,0.03736558199692215,0.030469385190858397,0.021873965284159663,0.6909884036840753,0.014342415358831248,0.007271272093079454,0.009908758771871343,0.017212416071765515,0.004523500733436308,0.0321456066228459,0.03984455982083308,0.00811204315984487,0.015358537981884185
687,0.07479124269299986,0.010317241164102507,0.010419197550711442,0.023371998864616484,0.014527223668233545,0.695019044433373,0.013698282667869864,0.012511226559667,0.01258036221940013,0.004256411276468123,0.008929153447266613,0.016634018157706463,0.005992657371944601,0.0101590373129138,0.026416868081625102,0.01703768640302328,0.007385980015074526,0.01653017661950076,0.00699414421993537,0.012428047273567463
688,0.0052921367044171065,0.01011986898080895,0.011698732962696301,0.03732567705086944,0.01519157719274141,0.003903082404772121,0.012198194595526351,0.04888818164121649,0.6657524984513565,0.004262262780324803,0.010223265114362674,0.04830967642941825,0.007162926386986979,0.0182895462333531,0.05285039159786513,0.005333593597093474,0.0176053304335795,0.005448518374622713,0.007387039832685189,0.012757499235303473
689,0.03070762615999643,0.02617497683449096,0.009194899145497811,0.0026260503248932373,0.006747952700374122,0.002389589550035874,0.0049834875844761255,0.036234075098894494,0.0031822505240076755,0.04688721198073342,0.006271357666545964,0.0033185495006166255,0.0018016987582751443,0.0035642305980927553,0.0009332494275857522,0.020682431625155158,0.5910397427760745,0.19742170707640716,0.002370525556962745,0.003468387110884064
690,0.007800559579403955,0.0121283965689157,0.014239067166284198,0.009638811082705267,0.012938465237406976,0.022088865472139285,0.022549712884365847,0.017262764316206363,0.029249117442003654,0.004658220283160843,0.024407643291681057,0.01862183062785437,0.009693515063761591,0.014681337017915843,0.7102677620449565,0.008545966449476557,0.015621180850583932,0.00462767321302024,0.022982102995484883,0.017997008412672925
691,0.006139821311289662,0.014308025413929042,0.011131655168786779,0.03494464181934195,0.01120876491172121,0.0033699918662890346,0.013863053138303908,0.02869410096518839,0.6524927417063882,0.003858455265057372,0.008906925061716626,0.039634789924515475,0.006374693560876461,0.02080331946847971,0.10076382870850163,0.004436822074265971,0.016891791975681532,0.004499082811448816,0.005980416804929599,0.011697078043288614
692,0.060190868190396735,0.005110574460600348,0.2895520937576536,0.07301195593346156,0.04090137176408831,0.18722712406607875,0.04778381549904586,0.005551889298219193,0.0070158962162586306,0.005632981858501803,0.02232882754274809,0.15625275770072874,0.003958219176967364,0.012895653714830849,0.0013473076522107544,0.012682536342734432,0.008138323521794758,0.006917372672178361,0.029413307519420003,0.02408712311208183
693,0.028659737434732994,0.1266074913474513,0.0026122651530097844,0.00781689371265097,0.003612376414751831,0.0006178035375547249,0.10954254405977447,0.098055182456975,0.03307209371574802,0.1268106565574972,0.029849859961652733,0.016696506647128396,0.00431327768206466,0.08499295370733148,0.0027983136229915227,0.01729435678432559,0.08106968613201661,0.22050489507063395,0.0024321288976534325,0.002640977104055303
694,0.06494552206045094,0.019472694969591333,0.1686374698704009,0.0907959467011618,0.008630490093644217,0.22195142014610583,0.007746506537667257,0.013990853929552174,0.004242310240545016,0.05862759828435619,0.04710009133485033,0.05073308824997056,0.06770226106469569,0.14064865920069566,0.005622227653444932,0.00964231695208229,0.006826500750078845,0.0012150323238934136,0.005763514815515634,0.005705494821297013
695,0.014019199708633702,0.012222522224043015,0.02563757684451902,0.6530807144553225,0.01693653567348911,0.06403995167044313,0.019082394867541732,0.021406556310126456,0.04001186412089162,0.002832114422488911,0.010218120756726677,0.02074654107088002,0.007035481870596007,0.014648726378887643,0.0041729299458653415,0.0058176299475615366,0.009162452609446274,0.03148528720453396,0.008727111226470095,0.018716288691533387
696,0.005487495091228325,0.027207653722444734,0.01336809251557677,0.009205536652737309,0.011964208159381876,0.008390190519024973,0.01697777311794326,0.017793603617305077,0.01318158126594029,0.01213786222296305,0.011131537218516216,0.019093607953106242,0.009700958978921108,0.012860454064533977,0.08696687818754383,0.005996401039663237,0.009065353807460033,0.009726878701820978,0.6846154685163198,0.015128464647568885
697,0.1328111657939518,0.04127585980073056,0.09562586686617199,0.05579532324705567,0.05156920307773049,0.05936727751921757,0.05663213126170733,0.010767176700343774,0.02201340146917845,0.02209198747476415,0.05664595338392567,0.05168641468637377,0.0005359767698445722,0.08767737559288398,0.014057042052032804,0.15292033539205985,0.037526157912184104,0.013264076668788718,0.014083873349822213,0.02365340098123254
698,0.20410306885140952,0.013270943047293992,0.05547449923319433,0.15453843383357616,0.01277511236565141,0.007539882694331911,0.008747360861344948,0.008431673332285158,0.006812890761769613,0.014864079253084514,0.005580806228656423,0.0059474942375009904,0.35918700630364314,0.04224949878233875,0.0016900759931233352,0.0820506233455845,0.004256562361544828,0.0025364589305570894,0.004710615474743487,0.005232914108365878
699,0.03541130880099513,0.011557259192889887,0.011558047884151657,0.00618925591114373,0.012611410595024559,0.004100715224201242,0.013292130545115015,0.020425798546761173,0.011333186149288153,0.04086760443574403,0.013647925732351013,0.02058743361156545,0.04967476688818015,0.014895255410835216,0.0034960470194307968,0.6726466115681745,0.034339389383706787,0.004160102067799212,0.007388211675414684,0.011817539357227538
700,0.05268900200903013,0.033120537162059635,0.0027978621693651854,0.001989905423352227,0.0716208616720467,0.004834686960214315,0.05197317310557286,0.07095938434818408,0.0693626047264024,0.0514496634178093,0.08111365217002237,0.04023141057702176,0.07726509745848811,0.11813268434000991,0.02195955319871061,0.018119701533025424,0.07708900138870127,0.10518691734822576,0.012832156106928332,0.037272144884829626
701,0.015782787994215022,0.014347514745052317,0.013721117301901401,0.018595142401130384,0.01572597944755504,0.736628709669071,0.012974388312795094,0.01347004571128249,0.012513535055518192,0.004927912908518296,0.010103215427775085,0.01523976407498381,0.00979233056301387,0.015318434619430254,0.019126752419199547,0.005478480577314979,0.008807948812647048,0.03623460793095579,0.008489511717821018,0.012721820309819306
702,0.0034191345959273065,0.023726425243604545,0.003513502897624724,0.0025194119894417634,0.13705485820192284,0.0036198622860385684,0.07158088396002034,0.07953233145928122,0.003959170179571537,0.033047160665602815,0.05760586941700966,0.0035076725529619396,0.0014915040234063422,0.003063993914369725,0.005803674354737236,0.0010813580857958725,0.004006428318952547,0.04254506209427092,0.1302656952925307,0.38865600046692944
703,0.06579504127287154,0.057842538054984266,0.08501902040459274,0.1357013709292682,0.025050420203574543,0.037539355363633994,0.10912777909613793,0.043308685420218686,0.001720070587181799,0.0775726051568659,0.041083443288761255,0.03314561914147842,0.008262219647783727,0.06044876165244311,0.017630671103325602,0.04957041405807952,0.04350582544620193,0.04617784050146517,0.010004978609527497,0.05149334006160418
704,0.015082140913563493,0.10574123174820914,0.02489937867531097,0.006463834020618797,0.00882141133362621,0.0014360559677017702,0.05210766080192922,0.009288713047109357,0.016307869878663207,0.002039824913431826,0.008036710229484916,0.3194487028027885,0.0032981322133118058,0.07230741685450999,0.005949395271094402,0.2639996415005445,0.0417171619187078,0.004183261937574998,0.011926918354625497,0.026944537617193613
705,0.006441855394596828,0.0296547497398916,0.01241620087104022,0.007048673650042464,0.010784932611507784,0.01153988939234076,0.01779614326071922,0.013831381632391853,0.011504361450284138,0.009868634075979403,0.0096994842002452,0.015560879370612662,0.008840143901045427,0.01030836670789792,0.01823496337734552,0.003791231095269586,0.007507102899239539,0.004077438857598718,0.7675514374377368,0.02354213007421434
706,0.018488152607991498,0.017978514072180193,0.06009399721056618,0.6071515940646577,0.014652141624032802,0.03516841682510019,0.04392338986775144,0.014638783520199811,0.0335263100937499,0.0063413786962906145,0.012835834180942921,0.01647765678893271,0.008066999208768761,0.01582155885381844,0.0052971157918204415,0.006230914173608344,0.013370626766742607,0.023396697741702246,0.014390051284338557,0.03214986662680481
707,0.013461406150156398,0.015700418792523065,0.21044356789623206,0.40853143358065785,0.016388940038346532,0.08317237069815688,0.024064817842526384,0.014182044426811955,0.023284184940632835,0.005299563106570216,0.012903032413323792,0.07360635975525652,0.006732023928868423,0.02714783033350035,0.00502599704307937,0.014794390577179252,0.0071655691806392285,0.01721085492622858,0.008381997812287913,0.012503196557022398
708,0.04745596077472186,0.012282109609943026,0.03836864792625623,0.012121965192768997,0.01878173954919071,0.011070802065802594,0.01734966186962581,0.0972024619733552,0.015080365744242543,0.005566933271820028,0.016542892880509818,0.012283613946531855,0.009122442621039497,0.024110683835389536,0.005773439784597592,0.005056840833464109,0.011749991038043757,0.617925477473687,0.009950827113804043,0.012203142495205873
709,0.026693949391966457,0.03615548370012539,0.015943085932815935,0.04298825480873713,0.019705610492892312,0.002936692964852804,0.03293855877104723,0.03131423653270917,0.015153535174050933,0.028257704236630724,0.07118300414228301,0.01374550662596229,0.47773719613657833,0.011273996501843095,0.003579123888593874,0.027860617280044808,0.03724703023313708,0.027525566127641884,0.006793709189545487,0.07096713786854209
710,0.005737594258839134,0.02569793876866326,0.010828233880777012,0.008134482697834164,0.5823472935241927,0.0025566049139480306,0.01744503623880944,0.059493344170398414,0.012493089228552235,0.049236668907881594,0.0141908510843802,0.014330635176574992,0.013222674501864503,0.012843417108595392,0.0040338957561840095,0.09430746171218905,0.008574782557087783,0.014247448524212504,0.01605315835846877,0.0342253886305467
711,0.0068496921018360414,0.6448207971848771,0.0246270067849587,0.011310607488528732,0.035013483412341076,0.006764504379927017,0.03204465236803978,0.024565483160416478,0.017519437521635487,0.005788904114194318,0.016626260750978943,0.020994278635243065,0.008565257144679365,0.015665784548724204,0.04610637577782975,0.021071519877382924,0.012014640358503923,0.007108543739356692,0.005703919450944055,0.03683885119960237
712,0.024290569843148008,0.01193785573211062,0.012372990997232165,0.010109139211385945,0.04645432183667282,0.005478152152973317,0.013683431452407623,0.01984474453001149,0.01733460739537534,0.007210947339986154,0.01923547177750985,0.01643942889252925,0.03527246478715668,0.012814402529501015,0.005636341490424569,0.6493708573371865,0.022173253558014146,0.006648058902316019,0.012377872744155268,0.051315087489903155
713,0.005267902233208792,0.013102517495395094,0.03621987128588505,0.010373542216626128,0.019297748544377175,0.003949937789967394,0.5947256084140832,0.023226691151103596,0.008765182519066968,0.026788331135271574,0.013401985579233775,0.0949849777957301,0.03123369288303087,0.006772716339851306,0.03433981710675775,0.0054126820860201,0.010028035642217655,0.007343402200514847,0.008780830496865684,0.045984527084793
714,0.008689676257997485,0.03417033714884408,0.016083517041958876,0.016760014731019884,0.02090237240793863,0.0067406139452453944,0.5370725783741133,0.020075272751247455,0.017114022801045674,0.023050107566879002,0.017103281576359982,0.04762508567753343,0.017159413900587225,0.04830152841177312,0.035625192999308,0.010409677989223825,0.04918569905611433,0.008488946804376703,0.014079444734675053,0.05136321582375859
715,0.003752562980630505,0.021587841802149326,0.014056917192785496,0.007846991145658205,0.3886366033296129,0.0021521052042803687,0.013284555177752545,0.01977295138037247,0.011811430048559973,0.04932706791846711,0.010013317900110728,0.016064233677409778,0.005349526826811109,0.013300554471448144,0.0028397494918551173,0.04383892688403606,0.00650732446941651,0.011976183112194843,0.31665866673081916,0.04122249025562966
716,0.09314199301695265,0.015248694226566923,0.04860324997313668,0.007175505215249413,0.008011891121205678,0.015751678055915923,0.32451357465928404,0.023086697380520514,0.020635240501990587,0.00543071188817891,0.021368463789599924,0.2415030565307365,0.003415729669672817,0.048167817014097,0.0024546232920079677,0.02532945523516867,0.05133606089248459,0.02591343853262042,0.008083705415002713,0.010828413589608038
717,0.009650177450597786,0.007076051821354184,0.005657752782507094,0.041959993273398236,0.009234732245326569,0.003064181327798596,0.03053591401019197,0.034579417495168255,0.40726922649245517,0.07307620538562729,0.04326338884075969,0.012962507267755637,0.004172757193674043,0.07770851089946108,0.18399693030003308,0.008948094277778262,0.02674990483173585,0.0059720809877497685,0.0038048564201920106,0.010317316696435418
718,0.012986172875915416,0.05009393532677776,0.007610167734157305,0.004774855573869082,0.012549386682634233,0.0016497699089970915,0.007280665039776786,0.15618462196904298,0.007112038833733785,0.3269074479519365,0.1123046131249655,0.008794295607428629,0.025191846285609575,0.023707498783246746,0.003971488652739593,0.0022458921265237114,0.003975702730901286,0.22059805643920044,0.005184507548946171,0.006877036803597435
719,0.0064077993610214224,0.03850769903622748,0.02729945653237687,0.012270656566212212,0.09889391196356118,0.0034913675807952864,0.045715905008967175,0.02932637454338077,0.013701905594552921,0.004911034981398702,0.01566722903225952,0.027287122766596884,0.00945663592790365,0.009122360510735972,0.005950678649866871,0.009391386000489261,0.006926121156493071,0.00659351800104778,0.19882213378166488,0.43025670300444807
720,0.005353134908752785,0.011080096810776277,0.013503972790982425,0.01190297641493502,0.044608903284725006,0.005090424297088915,0.04838412160453156,0.05127078129583192,0.022266810706060455,0.3375112586673255,0.3133985344450872,0.00966821573627871,0.043252787123234965,0.01053796519645607,0.010138386617915753,0.004069928859217378,0.01440111776280945,0.011368593652188388,0.013165933679342792,0.019026056146459462
721,0.007874363335389982,0.016410708839434567,0.018982442990501426,0.059368973327145046,0.024711092378048454,0.00776274733774365,0.09599781987698347,0.020671791856384094,0.48541370293527636,0.006905687211680218,0.029794869376870883,0.042541097771092135,0.007983624128026657,0.033877912674401475,0.04594129922752485,0.027399439113649407,0.020933064922408106,0.008080230215941488,0.017475503191169688,0.021873629290328028
722,0.008609810891349146,0.03879781464035072,0.6154662418183234,0.03179054192487485,0.016558628325716,0.04359455897210468,0.01820313484013631,0.01704652178594059,0.020518691974871727,0.008378063013661195,0.02659880516728312,0.03380009775541132,0.010030906885185077,0.019528766731605907,0.0066788856569561985,0.008332282447475373,0.012733068929165465,0.01728432749715342,0.014790482588661863,0.03125836815377357
723,0.006779757454239467,0.012470403548766218,0.009649517497756542,0.028560424919046385,0.014298658473431777,0.6655978913609514,0.029842770453091406,0.01250470756662052,0.01864479532007072,0.00859522705586707,0.020145144121353587,0.011670815787884706,0.009852202551758003,0.023198536820123673,0.028469694863641974,0.004958006820050732,0.00981228796808868,0.016559319196852208,0.05532363399751928,0.013066204222885819
724,0.005116851168189474,0.013987099582995438,0.014142392016467357,0.011519444036301146,0.019080705676875268,0.03555310852381186,0.012037575764363706,0.04885040274705096,0.04684772611452187,0.005503177161795314,0.013835670045883933,0.014314294018917335,0.00522250905279073,0.015379271971344536,0.6691332479115112,0.01669413246218212,0.014567201966909804,0.0061198072209882525,0.0133031641595268,0.018792218397572988
725,0.08252259018885405,0.09975787923508578,0.01641782383517962,0.024745393323708148,0.06622865816580038,0.04310573671544499,0.0832131654460743,0.003067436524991154,0.03267892086700735,0.0018423294826303686,0.010123320859168252,0.09827937766254674,0.030812599080891487,0.03341513290156332,0.00962097954843693,0.1240958918755914,0.021789858953779297,0.022805594725854424,0.09966103711948278,0.09581627348790923
726,0.003515427031014869,0.00977298691951283,0.00583184383272745,0.008943388472894019,0.011951357893664898,0.0032225242080058834,0.006668822592078592,0.2725018992170686,0.011059379827635999,0.22910594729814598,0.16674069388732643,0.03951389623354984,0.0024673744915569614,0.006534459333701186,0.0025844310686792566,0.00838323013626587,0.03837514998402036,0.15895890065195,0.006440048390993321,0.0074282385292076866
727,0.08937996497153139,0.06174278549966002,0.009999529756797137,0.03213612595009232,0.013256037356191921,0.013870977264895282,0.012671743341473984,0.13161208301471294,0.010084388216931783,0.018146573191798798,0.032815236465697145,0.01429555410761516,0.0039440077748937015,0.009940710315068152,0.004077854704588322,0.0039529910322503815,0.04696629818011053,0.4716287384201649,0.007209924522435901,0.012268475913090226
728,0.1232386907141748,0.02348300325655984,0.04186442930396366,0.011927678834572865,0.01496587983754341,0.016295918114273774,0.011187239034110365,0.047839614907500154,0.01729173520296427,0.013036432864591089,0.01883120080946434,0.01408258138790954,0.004021013830287841,0.01861251679192957,0.007547549505571585,0.005931268980561582,0.009284304036492936,0.569297657064703,0.01751171222732922,0.01374957329549621
729,0.026846130500447707,0.017936163112983898,0.018165966544433514,0.01271869674835468,0.020056224324328603,0.008707424786047883,0.03925340045345572,0.015247020296462622,0.01430851977020883,0.02540737304669199,0.014567176615801595,0.017587923795300144,0.6750026838337498,0.01152610695338955,0.005587906318066441,0.017188464867371592,0.017540065767873075,0.009620505689051415,0.014956720168565517,0.017775526407415376
730,0.006239167068314917,0.6116660421691105,0.015038883201329503,0.014983021815398246,0.04150030990805797,0.008572481657992622,0.012468639930121667,0.01440833737423733,0.019813580288776583,0.006541294119202771,0.01293367434822557,0.016112123257194896,0.007586551898941897,0.01926267433426538,0.053315130594134334,0.009381167589399879,0.018291660063024916,0.007702984780411158,0.029775300100831386,0.07440697550102848
731,0.006140969542332642,0.01725987050106458,0.02679999324216877,0.012822684122205765,0.018539729946589204,0.00874468256760861,0.025794370250013007,0.018380757894825114,0.01681211576298466,0.017496586691234987,0.012561897388679502,0.02929247851203008,0.0220967030316589,0.014562649318644772,0.6679022017496172,0.03586957178610444,0.009178206261391157,0.006454179092155079,0.00963772756764427,0.02365262477104718
732,0.0942025366442664,0.005148957130402039,0.0648752387036966,0.08217311561250654,0.016392372587629506,0.06885181817719115,0.0926017513596782,0.00836919541586789,0.05827104428536667,0.029677047946190322,0.03796435751603361,0.06088339785651556,0.057504480716844365,0.16056963271237504,0.006683445757807152,0.03909233127846263,0.03658434559322749,0.01403386491377608,0.01411854473097848,0.052002521061184255
733,0.008839718542062938,0.014613346726235363,0.013583641730274763,0.14446567618970402,0.015603855552678318,0.007597734702780375,0.040955542602752124,0.016094886009251103,0.03799996945278142,0.017895112894162346,0.013428551328460424,0.015517935210732796,0.013977454062463706,0.4907891864547887,0.04667825912596578,0.059230512970557564,0.0071052283896622355,0.007871625220859815,0.012707921142161748,0.01504384169166444
734,0.010962582152826675,0.01355192429823645,0.667663311879989,0.06755883548104401,0.009268115877200262,0.07423939797130782,0.028921329346973113,0.010016657887357798,0.011521556158446283,0.003449065713058508,0.01148188262439811,0.02404643546854394,0.003945405450833077,0.009242211733857027,0.004190017697895816,0.004255590630123217,0.0057774527122068445,0.010301949496667321,0.011369512033190176,0.01823676538584458
735,0.02952294034013744,0.01500701353510243,0.02660571715563682,0.6559288454815513,0.011344465604600625,0.020722273070046184,0.01022744719119719,0.00938154848343696,0.05734827447042019,0.005375422562868087,0.03744185941037035,0.010216396034493288,0.005838534760740631,0.03230720161156584,0.0064876035093338605,0.004592871427221788,0.01926652131577167,0.015675910529536197,0.014759795034808076,0.01194935847116116
736,0.06421268631639787,0.27952184561380955,0.007585237532162554,0.006807865999759985,0.010209167754017283,0.00247451249028263,0.006103495549754021,0.017508585388062114,0.007978309785602027,0.3149998371095833,0.0923486900952282,0.009243637092934838,0.030215662158272573,0.01812486490463849,0.00453494986590741,0.002632038403756566,0.01712466997997169,0.09547060400460765,0.00581705097234508,0.0070862889829061745
737,0.014461609599263906,0.01658055107042747,0.01574306459298047,0.019159047346969226,0.04135600542245277,0.006774737606478625,0.017570367741793172,0.49663855947920976,0.01210717342601633,0.04495017853596123,0.04411719695804706,0.039948543138158966,0.008109332095089534,0.01779392705897852,0.005590634055846406,0.018223562998693894,0.06118962927813968,0.08878920487417077,0.011682692202915936,0.019213982518406284
738,0.010100955047417622,0.015892388626353268,0.021253336546169108,0.014864800263034453,0.021718306776304912,0.6974154708203397,0.017445075687040484,0.01880753058210741,0.015520605610862492,0.008146889330878012,0.020426225077295704,0.019640085666233844,0.009555655765350342,0.01898156655886159,0.005021113167707007,0.027170808509473714,0.010103133980551817,0.011948275586199153,0.013455950492531085,0.022531825905288357
739,0.01102578834403538,0.016592199217167532,0.02531371059461374,0.02121906542321959,0.026423725675059285,0.030264229046781225,0.03283329808931236,0.02954080170143411,0.015492304156965772,0.01903240486728668,0.019532500932200866,0.03164788123515095,0.014334514383104143,0.024941859475317473,0.5890145325577821,0.00838055419654838,0.010867844114601096,0.015588432028516997,0.027806466175870497,0.030147887785031698
740,0.5610465441917458,0.013016088740817082,0.030700948160513962,0.008204706114135953,0.012814565453623075,0.028002330397282445,0.013722391781829813,0.014250950919356136,0.019107443625930563,0.008112817630668139,0.015040058463949475,0.013056832477870694,0.004321749271619555,0.01528963184848967,0.004373339526028272,0.1268398150234701,0.027716710125197004,0.06124149411629962,0.009871366297071906,0.013270215834100674
741,0.005268324908240089,0.028204772812523267,0.015295171286476011,0.012392423820294466,0.02062747634240915,0.003992459193480966,0.030301869484014622,0.01804532528497085,0.015083167063299483,0.008408416345979693,0.011921976626485363,0.013942924157466148,0.014792203139613104,0.011258356669331428,0.733744454249167,0.015309153550432365,0.008582931040910603,0.006250918179297457,0.013007684635524819,0.013569991210083052
742,0.03087521484499618,0.2506765274088867,0.029342637141520213,0.008329177263384705,0.03314810720836021,0.008626517442846225,0.006475519685461913,0.06986727948745558,0.009866462999190827,0.01637585870101413,0.007843506361375539,0.0071487513331192675,0.0033318998091061702,0.007840345839866494,0.002588546435083646,0.002521162720774979,0.024338921841440462,0.4667754824180834,0.0070505543984057326,0.006977526659627604
743,0.07189748686493865,0.016721267838029207,0.008600928692240729,0.010603755327921252,0.020404179924968378,0.013502866930941928,0.12406322512663946,0.016456945616254656,0.00931942173856537,0.026796619106495643,0.07684640222856597,0.008133525797792255,0.026907972087023894,0.042825726858890266,0.0031278466019713323,0.4214975125129918,0.030886218978654317,0.008149896087339686,0.007868484261770193,0.055389717418005
744,0.012193500483277315,0.020703334570542326,0.013901235656986328,0.019537030900371222,0.014694870339121606,0.012515511845281987,0.009780726411094358,0.01890755183645865,0.019343302655245125,0.02526224852403854,0.018643801436766527,0.02013887854610466,0.6276723193277076,0.05450077603507125,0.007404698557552941,0.02565113841046724,0.03434620153811396,0.009509581908725173,0.017973434623566875,0.017319856393506215
745,0.011316764841980761,0.014505715213887035,0.02575027296022742,0.03799135117407334,0.017956972254384706,0.5649033864632512,0.02192768900360766,0.02496636484554723,0.013969505924484878,0.011710614242304077,0.020745454004746342,0.024542870688187543,0.00768572807186784,0.014520284552986854,0.08682422292940364,0.02610223773713239,0.021289148063662486,0.012745404968726127,0.023594113683105173,0.01695189837643323
746,0.08060383852885032,0.10354767151700511,0.0027615412600916103,0.016627398582441052,0.03210908145971891,0.031504113678634434,0.07133712686735123,0.10458627595538388,0.014393714762508239,0.029765015905933848,0.05941280019138709,0.05673067758160971,0.0034117657431930225,0.01873644409286883,0.07607761560616247,0.11143162997643824,0.027407840217747673,0.051729346514365046,0.05297809453667037,0.05484800702163893
747,0.008527919609614973,0.011215021991951648,0.017887512218751005,0.037060382928563756,0.014421458194830478,0.378984472142837,0.052998225152630994,0.03169127768915907,0.019098737129820506,0.027697950716854772,0.03887609168106642,0.22060618356428385,0.004544997804026888,0.03618779376631332,0.01598188119579882,0.022655129389281582,0.03237198815119248,0.016042666245548114,0.006882505109690925,0.0062678053177834215
748,0.004296393474427501,0.011306903238586855,0.019105509914861526,0.008291834201474446,0.1391522030780581,0.00689673554095078,0.015616282038323036,0.04589635556631414,0.008604979371240181,0.06677039010611374,0.03099217455168149,0.017757857839961744,0.004330998197805693,0.0285550812821663,0.015518017735968238,0.011769872900704033,0.005386936579245592,0.012802691073268849,0.45653870785328426,0.09041007545556348
749,0.12575555762063512,0.05516938861605876,0.013652201829458904,0.026945604978615676,0.006541727043046586,0.06186315436124564,0.02927948239715907,0.029091730643376747,0.10307369140237053,0.01785170714211127,0.06808966645396056,0.07027693992739108,0.024291262977439224,0.0733559703000563,0.1057779069575932,0.08360340107638595,0.04602354132121717,0.031988610875822124,0.007706824779748857,0.019661629296307194
750,0.019413791104930554,0.06118862541689392,0.022415298036947657,0.005960550701835943,0.008963975848377853,0.013934842204403953,0.0798630631167437,0.1220185549694803,0.025271864677397327,0.08470774195770348,0.07762347866652504,0.05441021774322312,0.0031585338339144794,0.04906816460072264,0.009847035387372485,0.025142567395129437,0.13160787765248277,0.15743556490645855,0.04144412037870502,0.006524131400751722
751,0.0730484124508341,0.01465763782288561,0.03227108606890354,0.035722228039314116,0.0523480898208674,0.036424964606273695,0.1150393136192205,0.03492572685240524,0.0744698768622257,0.05638036792559781,0.05765313401080715,0.007648258371439071,0.019803622379427507,0.016668151086341426,0.10635100198631023,0.045417237374493574,0.05169390482201635,0.0495680265062557,0.012001123421797679,0.10790783597258358
752,0.09099368333741926,0.00440831880604655,0.10225925879786017,0.15759401260219638,0.02670393510920409,0.04028467930035279,0.059272081025599256,0.005987517410111342,0.04881439439524215,0.010511527708990862,0.05102888312691971,0.022237357949408194,0.020280296999049627,0.08286198708363059,0.0023066084179952768,0.07060535686731381,0.05642262226085309,0.02234705364463162,0.011108895065490208,0.11397153009168501
753,0.10501792250584717,0.028321867828948803,0.013139713575186278,0.010045032096085546,0.008039833839928852,0.005949786426818797,0.008004469619313994,0.031320302840231885,0.014700193783806466,0.01731303336814849,0.035261420782977476,0.13338210409535453,0.11219440306306756,0.017827715130227836,0.011578198527018985,0.07087308906860494,0.25193819295612446,0.10065239620412625,0.012659692204896485,0.011780632083285196
754,0.31219902418246176,0.01746744605629733,0.03453297204425447,0.012176202752166725,0.015561240935341628,0.1247105498955417,0.009362123030331578,0.013805307880176037,0.016150046378459893,0.007749874950883816,0.010981366640136906,0.013709191618830914,0.012350841520785185,0.015567035973677406,0.006619518322634657,0.2869231574544785,0.02400456855441998,0.03327076258785212,0.01594268754168533,0.016916081679584142
755,0.09942004895180846,0.20164905575804673,0.00823556149088684,0.005910285055554801,0.008755925021824575,0.24757575269454515,0.01683163020690279,0.006543610278787227,0.007452398692121281,0.00262332812646546,0.037444446622221,0.006666322931065882,0.004754598428353505,0.006610563204853524,0.016592188803865957,0.1465335810620099,0.1263894541557591,0.021044553432511773,0.01310159489674208,0.015865100185673952
756,0.020639135837655125,0.16601755729886059,0.009508712481408315,0.013207234326506804,0.02264780272622241,0.019887680340009373,0.04482882667674298,0.04645289241870066,0.014061944281393408,0.24251654527383892,0.1076888642298515,0.027911175180582348,0.026307778479181088,0.028152200056868686,0.00858752191410908,0.023140686220601867,0.013260447066412582,0.08447095966589115,0.010805172107109304,0.06990686341805383
757,0.4142016450526423,0.010632035827655397,0.012684362637484275,0.03688064260757707,0.016292828683880517,0.24914079584037926,0.011932940614330288,0.011331387839534954,0.019835077371736915,0.0055275882752463335,0.016049159531596628,0.010923696491380338,0.005610742436089296,0.018043647153409826,0.0039108658677845095,0.07464238197565784,0.03993794427366004,0.02039609031976193,0.011475452144354211,0.010550715055838078
758,0.00874936265329647,0.016774316343131028,0.016965168067851106,0.045205002042136656,0.01812726173539047,0.016999133552594994,0.009685639445760012,0.0559966536798559,0.6350740457264998,0.005921377077166697,0.014049671647631629,0.02073335152722465,0.005455221449129512,0.02139296109467381,0.05469439325569678,0.0054875317089376876,0.015016100599607318,0.008622067154727174,0.012037927834767913,0.01301281340392035
759,0.028982878896111255,0.021629749584485866,0.011682243141922887,0.01338668908044982,0.00910789248270987,0.017475384718205176,0.010682868560521358,0.012074309095227727,0.01370369721485053,0.06886380069947823,0.009958719296785323,0.10282758331938839,0.04042101453338877,0.011746375121544998,0.004340884001230398,0.5116378650311911,0.08035317517465143,0.00816208608566576,0.013934957586129138,0.009027826376061946
760,0.005966715176206299,0.08171602805475349,0.014073007967961945,0.012492427955173153,0.03697369337142343,0.006356241528477231,0.05305929479845075,0.007726295211936218,0.015470532588376554,0.003930805072645273,0.011672771999333743,0.019149780388783743,0.004259250279392689,0.011782943191247765,0.004283658136914141,0.019457835479406934,0.005184216006210345,0.006614964938441785,0.011121188376582516,0.668708349478282
761,0.4652188147215672,0.008262787300592125,0.0072655623044232225,0.05191591996206085,0.00873758148660225,0.31630232679175463,0.007023743651953362,0.01078196508497436,0.007946422018081373,0.0041359455539675015,0.0080714552630176,0.007525130969412513,0.006681262026538447,0.009061886807802929,0.0035803060289348004,0.017989133904724938,0.011657588545258044,0.030824005009624813,0.009278132542878,0.007740030025831004
762,0.003836193003085787,0.029613116751830176,0.010168828878289871,0.012507371884712242,0.009766949538236603,0.004668487012948135,0.1880854468535804,0.010567564846691706,0.05278264382125655,0.05597128780932746,0.009174264676407856,0.08282272501138704,0.01246650122269412,0.37849191058541726,0.0939361134279025,0.0041053915908066145,0.008286916850146826,0.0051929560216771135,0.02002219782252019,0.007533132391081527
763,0.005735061261483815,0.08474960828181399,0.009169720477356773,0.01835824522159935,0.027252267029283753,0.005625800685093856,0.09577068663616138,0.059908109678092424,0.00960477432200291,0.0088539078468557,0.2954877561072453,0.009714083063441275,0.004950565225663974,0.008984413907983489,0.009011188444349779,0.0031741419718465335,0.0486346785515405,0.06983380194445636,0.00983132989062743,0.21534985945310137
764,0.010064488476542309,0.017142752717600514,0.016481519508099212,0.01861609723990304,0.023615022581045007,0.022546309545580345,0.01609062605949376,0.023229548456616532,0.020012825710335583,0.011385646900986432,0.02185757410252019,0.021762483436050972,0.009149482944797267,0.014685573542672881,0.0535850949982903,0.01618253919249649,0.011060511915895287,0.01063397434907591,0.6407837925379163,0.02111413578408181
765,0.024334263721432065,0.01718221775904917,0.00869842317181326,0.00716058308602008,0.03186795667427087,0.0024591727370842803,0.09044703770462932,0.017543867315387342,0.07349134220504695,0.08549113911820994,0.13020137381195632,0.02478662905033072,0.003094005798492932,0.2845783376203172,0.029958913903789783,0.039338845975780905,0.07165879957437532,0.0184256548078628,0.007549000225962483,0.03173243573818819
766,0.002959617079428973,0.050611204956295085,0.007383462143356078,0.007463706121249862,0.011406602727397613,0.003907187223496233,0.04308010275359984,0.07622256245222954,0.01003439090505871,0.38068106284950587,0.22141750761141651,0.006428727819422751,0.020059732589438606,0.005478444993202692,0.01597187885594139,0.002455428959834469,0.023242793612944422,0.09481840852578179,0.007706738202050018,0.00867043961834953
767,0.002344681692736756,0.020235079212604107,0.0057229017913428305,0.0053426983446730695,0.36690126192451555,0.003041189725601222,0.12334990910328522,0.036729297558618465,0.004437112068959658,0.14020464985897596,0.20720026352329715,0.01122919442124304,0.011240878740503049,0.004115670005976708,0.00839904503939644,0.002152931091380375,0.0026168425990303183,0.012292618068080519,0.005230823358850471,0.027212951870929068
768,0.011060264299871765,0.04899413802224823,0.02346533481582278,0.021664547044021116,0.04252349606387669,0.011432643531923997,0.04709369765887126,0.033802186080868546,0.015025264584316972,0.015300944238317484,0.012011155562793084,0.024222312376274816,0.004269677994628917,0.017803871558291468,0.01190355342045446,0.022514587609688396,0.016106238980703357,0.010428320346502368,0.021397333442712933,0.5889804323678113
769,0.005620000661076891,0.05722279683227777,0.012160835693664074,0.014527228343180298,0.6550513299516474,0.006935376790521062,0.007470770608986989,0.022330933634184716,0.010564883364646286,0.027549127276972177,0.009973417085728582,0.007370619193589158,0.0035947985616395415,0.00950658260899149,0.004282187953697386,0.06302644693603142,0.0046482274229316545,0.010157192677600079,0.013971686101954322,0.054035558300678715
770,0.04678760541009237,0.014925658628841078,0.030998877787632818,0.01506112172060248,0.013981531810003693,0.00909838576673985,0.6683333832212534,0.01144059178229312,0.008652600567525072,0.009644007428918489,0.014187286927076348,0.02338762394452492,0.0038876540143333786,0.020237681647066227,0.03510770586468424,0.023428986804091338,0.004521106583460511,0.009042122420357417,0.015926165718521578,0.021349901951981668
771,0.00774384568147209,0.01859231420242846,0.010122252536958998,0.013403621877186458,0.012331354314973593,0.03236250095576238,0.023098054143703892,0.029727086341091898,0.1160135164962506,0.005077738518800117,0.022534681618037726,0.011694324463503505,0.006801504468782733,0.012633380713041232,0.5812311329864154,0.06133698646883315,0.006263316314507874,0.007173310163374793,0.011721471856587473,0.010137605878287752
772,0.01024825782184172,0.01437059263860235,0.020489684705159435,0.020737790853174887,0.020075535617822316,0.032808978606132716,0.017407722267430852,0.03205667821139365,0.023625268373081137,0.0060783411708314064,0.017183394051903247,0.01793551895677919,0.006072078840187655,0.01584205294640053,0.6629138205935445,0.034063531036282846,0.008789618344114071,0.010737789157146418,0.015590690948513728,0.01297265485965732
