site,A,C,D,E,F,G,H,I,K,L,M,N,P,Q,R,S,T,V,W,Y
677,0.2353306704254579,0.007902436765257925,0.00728089679495674,0.00866593644916013,0.012461534899060576,0.36485464759795283,0.0122264115990783,0.009391301663060143,0.010451609915341126,0.003410525340795525,0.009671639026136563,0.011368417802651753,0.006230767449530287,0.020115920392216022,0.004897789312887377,0.21982985928542673,0.03311472134747334,0.002300036071659838,0.007534881566873837,0.012959996295022999
678,0.05441193715104167,0.023805222503580737,0.10928973121138626,0.102664032360456,0.032699481460962555,0.11247259144176908,0.07100208340579252,0.00425143722546233,0.008645964589678232,0.015592464556051046,0.035007680152324604,0.12454014024374815,0.0017290551821485824,0.023890565532133697,0.0019203132688261773,0.07963772446948349,0.09039957912752176,0.05454026719149225,0.014340495484084781,0.03915923344205593
679,0.38738710061858156,0.01353504495716595,0.022352183708241057,0.01485095210577931,0.023244968513393693,0.0038188162557718213,0.01843566468303638,0.022276428158668957,0.022750394715236388,0.00906159789505178,0.020174878332379433,0.028899150043678646,0.009334622228987491,0.02376152336924689,0.006441376816964519,0.3129363514786395,0.018515226369347656,0.003976679358996913,0.0154966456755958,0.022750394715236388
680,0.014671495341225936,0.024758148388318763,0.02685629655682036,0.039613037421310025,0.008255456547224286,0.008754262413549178,0.02046493265107645,0.05522033390128732,0.03444611949679133,0.5769334553445491,0.025556798336329047,0.028295026729507164,0.004813129246949635,0.027798622751796512,0.007742554048413214,0.008167636581713407,0.016505432258879175,0.015828509058325144,0.025975762243481984,0.029342990682451876
681,0.048110602388097765,0.03468200385221538,0.008792214153794888,0.00795486042486204,0.008083164625263041,0.0013396775840741478,0.04037058649464224,0.05030796163178494,0.12763284212456166,0.002160156063647882,0.004728838705678087,0.014533411138071203,0.00388493183539774,0.11084805105308543,0.18267798484128883,0.05173823363002066,0.14047328192095998,0.06576571520579706,0.017825512032643247,0.07808997029411392
682,0.007122870347159212,0.009001700528574042,0.010472034550128113,0.01776715974235219,0.5795399789329256,0.005184515465801132,0.023958745713171893,0.012060735478642866,0.0195219409514734,0.11661605235058414,0.014118546580976296,0.016301826980096343,0.011579803060796489,0.023254076721608015,0.004748580231439476,0.012161187435785542,0.00845602789876655,0.004411533055048832,0.04908497433571256,0.05463770963895741
683,0.0072571496921122036,0.01027612396403088,0.016056443693798248,0.012593289171606471,0.01132353908638717,0.004829005622194963,0.03132964623180146,0.15039834883532333,0.014936226691905348,0.4696462327983626,0.11460208122329102,0.02177144907633661,0.015111947005927764,0.01366505846280702,0.004810919458815955,0.04616061150929716,0.010794247861376973,0.014567479185092868,0.013610510613027035,0.016259689816504552
684,0.011864781509731972,0.02335878859728482,0.13733129709122138,0.018231249636905224,0.028749278273581313,0.007827028639927899,0.028749278273581313,0.03322138822724952,0.015497632505616787,0.008037432635624887,0.01916618551572088,0.5483124350160575,0.013590567911147532,0.026695758396896935,0.008742470586118297,0.006678631681692841,0.014688094252079687,0.009115624818452614,0.014949624702262285,0.0251924517288463
685,0.010596154201247416,0.022544078537747612,0.6700502595273431,0.017805672151772454,0.024347604820767428,0.0029665522483698498,0.03241546174262842,0.028093390177808573,0.02536208835496607,0.008225542169178186,0.020066707269863267,0.01329667155469105,0.015475172555572517,0.02725478151578443,0.0070777920990603,0.008961087128156422,0.013627390757892216,0.0075284627392173,0.015217253012979643,0.029087877434953543
686,0.012817184129993973,0.023345585379631884,0.022540565194127334,0.018947141757382397,0.022540565194127334,0.005610956142744142,0.030403553052543848,0.0992851169702577,0.02199109899893569,0.022768638930915335,0.47823415869902064,0.03268381953148463,0.012570699819801781,0.017908942209032677,0.007003242367378214,0.007344678546401041,0.004624175609279436,0.11307779979733873,0.013618258138118598,0.03268381953148463
687,0.02384194518949393,0.025105213005217918,0.022630051159633055,0.010020435380958452,0.03825556267461778,0.5677972732881644,0.030898723698729747,0.032134672646678936,0.03031572891196126,0.007761998223835491,0.02114123200439404,0.04463148978705407,0.012359489479491902,0.023285994671506476,0.00581161436187257,0.031261216481965955,0.01575229051307791,0.01088879907176336,0.013971596802903889,0.032134672646678936
688,0.011130504011758923,0.02389784684877652,0.029018814030657196,0.009473349967721508,0.04643010244905151,0.007574017869960599,0.03250107171433606,0.03105127737325958,0.5916811552393486,0.00833360813188104,0.02579450136058418,0.032569852739354116,0.017287804103370247,0.038344871532111746,0.006239963017286625,0.011691032990768365,0.014817798091929485,0.010833690571445353,0.01675312974965776,0.034575608206740494
689,0.026772027624191164,0.01332598195118989,0.007259916791511892,0.007035383282496061,0.006995661118038593,0.0018986631823449225,0.015165159520047064,0.12000082304488666,0.009348386005508464,0.015624374772042935,0.008638382005090098,0.010339881490941179,0.0048399445276745955,0.010498956590801812,0.0023778124683000628,0.006209488972020418,0.4692854795041331,0.24846741302986378,0.006438039418887904,0.009478224700029415
690,0.01321405157784491,0.024715170543746955,0.02901346107309425,0.018797453652990643,0.025665754026198757,0.08440760221619117,0.0580269221461885,0.041706850292572976,0.011607783447658703,0.007991731792588837,0.021303386813414163,0.04448730697874452,0.016682740117029197,0.031037656031682223,0.4858986120196884,0.007740381653729935,0.014232188084703376,0.008341370058514598,0.01468657112910466,0.0404430063443132
691,0.010500285853816281,0.026139009465883087,0.023179876318801987,0.1871969466272824,0.025594446768677195,0.005558974863785092,0.027921214656738753,0.022336971725391,0.44704582191128345,0.006676812200524485,0.018066668307301546,0.05923018899389483,0.012285334448965053,0.023179876318801987,0.04324554236152339,0.007226667322920618,0.014359144655721105,0.00714263630753782,0.010776609165758816,0.022336971725391
692,0.023312826040350218,0.01828233948722764,0.4321626429035019,0.03669935356312718,0.03750997873906015,0.1354530782258544,0.0575459775630921,0.019481181420816337,0.02700800151522265,0.006458435144944544,0.020488828735686148,0.055683704454097295,0.013058813919448313,0.021220572619103508,0.004910545730040481,0.03702908157573888,0.00914116974361382,0.005848036058646093,0.019837007987002966,0.018868424573425666
693,0.03202355063531679,0.11066578522802428,0.007091875913569904,0.005423199228024043,0.004852336151389933,0.0015804752035955786,0.1782057733140488,0.0959146595087495,0.020111513477907107,0.1392818807217697,0.028869335276875897,0.013365432998553656,0.0028192536195943037,0.042454904818935144,0.001807733076008015,0.048825153626589034,0.10050762408088068,0.1530949598016146,0.006012677404983179,0.007091875913569904
694,0.13623828314675132,0.055333702693449775,0.04191947173746195,0.010204016141674632,0.024118583607594588,0.21096727606435098,0.007728051243510075,0.014340779442353539,0.009027539425511674,0.08656328564263559,0.009826089617908906,0.08234181948430024,0.05500007190199918,0.19319194346922786,0.001231344193221639,0.02134787912555932,0.005527175410073759,0.006882301330031066,0.00855820708656582,0.019652179235817812
695,0.02180530665190629,0.02680900910223857,0.032456820235459365,0.5193932924779062,0.04305689340662558,0.004871103474077983,0.050745624372094435,0.06458534010993837,0.012393966052707569,0.0056608664638193,0.023293073482272858,0.054649133939178626,0.013794927013773245,0.019734409478036726,0.007324110734116723,0.011276805416020984,0.018945033098915258,0.007474088989492028,0.017327774175837127,0.04440242132558263
696,0.010414752090433957,0.018568842497394898,0.03511951286309125,0.02068683634401266,0.02849318968137592,0.005321597689414685,0.04314683008894068,0.045761789488270414,0.02849318968137592,0.008144049956760914,0.024756377919883995,0.048714163003642695,0.021573415044470343,0.029610569668880853,0.004754991550002273,0.01080403244395669,0.017766341801328515,0.009264656767563951,0.5498833472368168,0.03872151418238266
697,0.08770350207945704,0.07765882748232265,0.009566066293888837,0.029826599867664446,0.03565966568065834,0.0769498048898417,0.07800551867644014,0.0045472064523372265,0.1041356080090875,0.009788927833906213,0.03186608422526917,0.08449846077664082,0.00494796532442526,0.006377377529259225,0.07791194440687028,0.16020237865489798,0.029027600720462295,0.011520815066058848,0.00960067922171571,0.07020496680879613
698,0.24422500577253162,0.042260861768198855,0.02245862939681425,0.15867509899923116,0.01046396605620775,0.01672451125294678,0.018068410246710995,0.013191909998009125,0.010955993049194021,0.0021733490066577254,0.008735183647330369,0.010260374442895988,0.2350040988308348,0.13552621187732733,0.0122057768460947,0.03639889220022957,0.003835119492182715,0.00367274766990027,0.0068766339351324195,0.008287225511569837
699,0.041630573539403054,0.027435276899760032,0.023837207798152158,0.01242794594604514,0.029081393513745637,0.00812329427758258,0.031610210341027865,0.050140333644389024,0.023452736704633576,0.005529114005667427,0.030937652674197482,0.05385443243286229,0.005210398553948725,0.033815573853192595,0.007162904806341288,0.5282669257557212,0.03741043704671257,0.00892067285697719,0.013717638449880016,0.027435276899760032
700,0.04804511544042051,0.031139166376518968,0.004976315738927579,0.003582947332027857,0.0821728001602584,0.028720590347274783,0.06990425104932828,0.07083615397639668,0.03558761871602168,0.07926333259477557,0.04982266620243035,0.05563627123917441,0.05751266582959293,0.1479110402884651,0.02302543992629924,0.03463982293799326,0.06480689830219766,0.043594832927126556,0.016923459987238567,0.051898610627531615
701,0.023194962914905436,0.031125880414286315,0.03250925287714348,0.0065834723882911474,0.034831342368368025,0.5292331864735611,0.027602195839084093,0.027091044064286238,0.02566519963985012,0.008920221826045467,0.020039950403718584,0.031125880414286315,0.019769140263127795,0.03657290948678643,0.03860386343413431,0.03476794661026533,0.017010655575249497,0.008245147441240068,0.01950555172628609,0.027602195839084093
702,0.004522958343276023,0.060923365318103474,0.009849998169801116,0.006925779963141409,0.1445071787030253,0.006909495417245228,0.01639797772516599,0.04533558547545891,0.011365382503616673,0.026639260021219666,0.05928499639098474,0.010553569467644054,0.003922565642841153,0.009430849311511709,0.018598276727667645,0.010345032927285926,0.0056826912518083365,0.04281694183793342,0.16119903684417378,0.3447890579580955
703,0.06441391940029911,0.07956177682176303,0.06494563807459405,0.05477585598849482,0.05433360570946431,0.04550973104722711,0.042269703424820525,0.05540593110970323,0.004315892460003034,0.0601978879808651,0.022168111129461432,0.06982248226165115,0.0015968802102011227,0.09939506348807434,0.031203044498988513,0.057616703888820196,0.06869564374832865,0.053515147002052024,0.03828374454923439,0.031973237205953985
704,0.015895948282271977,0.05238946335284003,0.11986496431417187,0.030488949984029855,0.030997099150430352,0.002601922338622592,0.016082808861759158,0.013202346681159077,0.006982313205125061,0.0035825463355909056,0.007834359569039452,0.2595366030496819,0.006662866549370001,0.012291840013492934,0.022839967795053946,0.2982167833155893,0.02373213428909938,0.01362509852766169,0.03815027587745274,0.02502170850755775
705,0.012070817225956609,0.014857750605334412,0.02502919454205709,0.014929694989998963,0.02540276460984899,0.004556220213508144,0.0447890849699969,0.032730485170382344,0.027015638553331466,0.006991623656301422,0.019790525916975374,0.04151183485024103,0.019790525916975374,0.02269313638479843,0.009986704619977728,0.007273441148973855,0.014672286455688638,0.007564378794932809,0.6194966841059089,0.02884720726881156
706,0.03802139310719144,0.04698346589385078,0.028918433262340257,0.45998404996367853,0.036244387975256316,0.021170503008346914,0.06040731329209386,0.029501246026371424,0.010997681577260849,0.012436799795431091,0.02642819956529107,0.04374322686668866,0.0162635074247945,0.036244387975256316,0.010397980156835828,0.011638106230586892,0.029501246026371424,0.008483149176134736,0.031713839478349284,0.04092108319787004
707,0.019716571152137766,0.043204077336219684,0.1194574817413447,0.3448272336604981,0.039603737558201374,0.05404616929271532,0.0633659800931222,0.036557296207570505,0.009668749596078595,0.010220319369858422,0.033946060764172614,0.03801958805587333,0.01440135911207323,0.03277550694471838,0.009721144122428306,0.02664137990868049,0.025026750823305913,0.028838956110654797,0.018278648103785253,0.03168299004656111
708,0.07174909013090125,0.023719986313101522,0.034000680274935226,0.024729347432807965,0.019371322155699578,0.005406607492200948,0.0363212290419367,0.09565818786227483,0.03228553692616596,0.009767053187747688,0.03320798083834213,0.0264154393032267,0.016844627961477895,0.055346634730570214,0.010106776776886737,0.008071384231541492,0.032887133740363395,0.4198336738153636,0.018448878243523408,0.02582842954093277
709,0.009803473162210497,0.025132540288576005,0.04766516261626485,0.058529878146459234,0.07679387310398224,0.006981261191271113,0.021598276810495004,0.04458999083457034,0.02063118978912955,0.014222335262511003,0.01706530513421827,0.04065557987857883,0.5010713093667867,0.017965015149087774,0.005735641974571288,0.006656694983226779,0.014577999018090308,0.013551859959526279,0.017278621448396002,0.039493991882048
710,0.011518311855823238,0.09099608423227988,0.02434058354438118,0.018169731378200042,0.4671003963611925,0.005019653415767326,0.04031409149538133,0.0417735183242788,0.030001184368655877,0.002935266668221655,0.032251273196305066,0.03685859793863436,0.013089945547906975,0.0307154982821953,0.007771391131639777,0.056553149227247516,0.01842929896931718,0.007792964509241651,0.03909245235915766,0.025276607194172834
711,0.011444259009792084,0.4399795005262295,0.06739396972433116,0.022056208273417473,0.05514052068354368,0.027673454588954396,0.040436381834598696,0.07135832088458592,0.043324694822784324,0.010548621348156182,0.03676034712236245,0.05274310674078091,0.013943579942965068,0.032786255541566514,0.0042700294158932615,0.013047417898051476,0.023328681827653096,0.01318577668519523,0.010368303034512487,0.010210570094625929
712,0.010130760808084354,0.02516552598836715,0.023399524164622088,0.019614307020344984,0.01748799731646794,0.009665020850604776,0.031017973892638582,0.053350915095338354,0.04041735992071088,0.013205672053301575,0.04599216818563651,0.044459095912781965,0.005745476670102995,0.02899506255181432,0.009595488326499705,0.48430410200001994,0.066387102620918,0.012465167078350084,0.02615240936045998,0.03244887018293575
713,0.007349026007531093,0.022047078022593286,0.014935117370143835,0.01569453011777827,0.03858238653953823,0.004951750144111859,0.3361022391296583,0.052093136397691864,0.014029958741650271,0.0064809359944505325,0.020129940803237344,0.3176841418541305,0.013651404603214448,0.010643416976424345,0.03414548237983283,0.0075899776799091614,0.014468394952326841,0.010522469056237702,0.01322824681355597,0.04567036641598306
714,0.017036465039274005,0.04293189189897048,0.035776576582475406,0.03462249346691169,0.06708108109214138,0.011794475796420465,0.38944467488493323,0.048786240794284653,0.03462249346691169,0.011682203595056681,0.03833204633836651,0.035658135954887385,0.010569169512911545,0.059991790747943384,0.004784396064990238,0.02064033264373581,0.019166023169183255,0.01601936264886959,0.02752044352498109,0.0735397027767517
715,0.008079546192576219,0.0491515469384007,0.03650757909238144,0.018955858374890364,0.3574447955358883,0.004480475615883176,0.03791171674978073,0.03274313384391231,0.02899131280865585,0.06647285496780352,0.025939595670902604,0.04480475615883176,0.011734578993979746,0.032856821183143294,0.005867289496989875,0.03353527640752442,0.01388316388020139,0.010612081438575262,0.05140773658364612,0.12861988006603298
716,0.038997949693809035,0.025664683531329682,0.006658937801871196,0.02245659808991347,0.025664683531329682,0.029102947532693314,0.15543155540893813,0.02807074761239184,0.027220118896864813,0.009073372965621605,0.037427663483189114,0.32556985375533737,0.010954438092640718,0.035930556943861554,0.00712907875870269,0.13133203005093044,0.02603537797776788,0.009871032127434492,0.02495177565545941,0.02245659808991347
717,0.00935802183869278,0.01320951924450694,0.01003254626165084,0.005811077994772658,0.017229807710226443,0.0023174595165801654,0.018431887317916663,0.027512584205756765,0.28742437950830146,0.13983044170508246,0.062087807219978045,0.015577065582797275,0.007407207052994548,0.09174169493319037,0.10022690168539033,0.08546808702971777,0.0634394544656913,0.016983076670220223,0.006096701189772435,0.019814278866760408
718,0.016268303206858774,0.08161724998695251,0.016111674158351196,0.008882076779603865,0.024742928171753633,0.0031067353758255675,0.011944861876018993,0.236049889668147,0.012371464085876813,0.25127634671348764,0.10939107490865953,0.01732004972022754,0.04045832583744994,0.009380597927444497,0.0069084040259049136,0.0043300124300568845,0.00721668738342814,0.11940508892980986,0.00936218903796083,0.01385603977618203
719,0.012376769353761896,0.0048524184129206255,0.034969867313628354,0.023801479526465188,0.23748526513352897,0.0062720114968387985,0.04173393609555589,0.03437991487156082,0.03200888625972904,0.008840549538401353,0.035702219289697766,0.028129021258549762,0.018201131402591022,0.01785110964484889,0.006641048968003124,0.009071457374737309,0.013650848551943267,0.012376769353761896,0.08490817914226981,0.3367471170112063
720,0.010265592025306157,0.024050815602145847,0.03367114184300419,0.030063519502682313,0.044239629676892586,0.011375385757771686,0.016571656441196698,0.019669431365519973,0.08417785460751047,0.3056428867073871,0.22646553309109024,0.029026846416382923,0.0032153568714310475,0.02475819253162073,0.009409825969223714,0.008252730843873575,0.017179154001532748,0.012754220395077344,0.03659906722065673,0.052611159129694045
721,0.009693660946075787,0.03092739444700371,0.032473764169353894,0.009627689702013957,0.04995963718362138,0.00755203817891951,0.09810056396401542,0.040592205211692364,0.2348002253728039,0.009278218334101111,0.021573879297551182,0.12294890203991776,0.010475407796565772,0.05413473005724808,0.142545958262127,0.008018213375149111,0.0436786964968801,0.011197849713570306,0.028238055799438166,0.03418290965195146
722,0.013807314886659048,0.04190947824618659,0.3776878499225723,0.022946849620842143,0.03081579282807838,0.07397336655759791,0.0361288605570574,0.03274177987983328,0.04555378070237673,0.013606973456554086,0.07483835401104748,0.02007396659546009,0.016370889939916637,0.04762440709793931,0.010583201577319847,0.012623336821140538,0.024946118003682488,0.014201490447203176,0.028317215031207155,0.06124897381732533
723,0.011179446053002473,0.02256982505040122,0.018987313137639118,0.031487809796955764,0.02848096970645868,0.4336353299650228,0.10874552069738767,0.024920848493151345,0.046007720295048626,0.014240484853229337,0.04272145455968802,0.020985977678443235,0.018403088118019453,0.05696193941291735,0.014161577302479826,0.013327199181295612,0.017088581823875206,0.011322529468273246,0.03932130509455673,0.025451079312154564
724,0.009422137806256293,0.02846688443592327,0.031114966709032413,0.022677009635396504,0.051459368018784375,0.07677991220027028,0.022299059474806565,0.03858382596739417,0.019353135889265245,0.009556739774917096,0.027873824343508203,0.02846688443592327,0.008576561336464061,0.03520904127601036,0.4868880584115223,0.008575768593891305,0.011736347092003455,0.011057384863540444,0.027304970785477424,0.04459811894961313
725,0.04287315401428427,0.04715852480271615,0.022999396833756205,0.08669003421954262,0.06815086334609588,0.08295583972480768,0.08484912615696545,0.0059360213743293875,0.04644108976046926,0.0023057273106899265,0.009299766819782705,0.04829873335088804,0.03220437829826883,0.08049788891814671,0.015093354172152509,0.10009075025909844,0.05388819629218561,0.014635979803299403,0.10168154389660639,0.053949630645914466
726,0.006976120603516678,0.020274350503970345,0.012241117285416056,0.019081741650795618,0.01357928279889201,0.006553325415424758,0.01351623366931356,0.23441227687947258,0.02595116864508204,0.20512145340825136,0.19215046961946186,0.025388291608432454,0.005068587625992586,0.01380381310908619,0.005641558401104792,0.0059583525660951014,0.0032579009979244664,0.1614729350155044,0.014103896002761978,0.015447124193501215
727,0.004029343157157191,0.07257437610015798,0.020760898510763806,0.019222999792872782,0.0278789208573114,0.005127166686606832,0.027104506389052752,0.18307049827066876,0.020760898510763806,0.006602981101016145,0.06885986436477524,0.033646973448479285,0.0069202995035879365,0.01951524460011798,0.00682351209794335,0.00696973021432785,0.07610795995522185,0.3523557046768998,0.014563615373222375,0.027104506389052752
728,0.08134472579205694,0.0792313432992263,0.07004944831350687,0.025527240139721793,0.032924033005386204,0.005630010287346468,0.022336335122256572,0.019283322684438706,0.03970904021734501,0.008877110028833768,0.03970904021734501,0.028976867185630143,0.006700900536676972,0.04873382208492342,0.013074927876442868,0.007195597891733661,0.016002150535347988,0.3881814424177283,0.03970904021734501,0.026803602146707888
729,0.023528083325785064,0.04117414582012386,0.04250234407238592,0.02583475816164634,0.05067587177861398,0.016678135015746373,0.032409511623962856,0.037644933321256104,0.03064122479637124,0.007497110335338215,0.032135918688877156,0.04250234407238592,0.4777282638792702,0.023528083325785064,0.009086708043061817,0.007329489062510142,0.012562879228679675,0.01780503603032383,0.032135918688877156,0.036599240728998984
730,0.01329348259635173,0.4834108222030935,0.034982848937767715,0.03909847822456392,0.024720819319793898,0.010029116984105031,0.02889887520946029,0.03798137884671923,0.051128779216737426,0.013032826074854639,0.026065652149709274,0.040283280595005244,0.017264263112145108,0.04923512072722864,0.008986149955228203,0.05418779511521096,0.018990689423359616,0.016016244091990036,0.021441100961857633,0.010952276254818058
731,0.009506695072196527,0.005318505380675959,0.0785886792634913,0.02455896226984103,0.04210107817687035,0.006774886143404422,0.005010952181676481,0.045339622652014216,0.038026780288786116,0.007918318725983814,0.026791595203462942,0.11788301889523697,0.011100296822948432,0.030226415101342812,0.42931171985118927,0.009434741795441404,0.014553459122868758,0.010075471700447602,0.018135849060805682,0.06934295229131585
732,0.07763134617390272,0.051957029492564984,0.028374133418559797,0.2216126359988996,0.009896577046202856,0.08504870899080579,0.06809331030096018,0.006949924183407767,0.011727997059500605,0.07462878065041731,0.008158606650087379,0.024681637375754146,0.06095128877837549,0.17645257030591072,0.015718564543112032,0.0322555103728093,0.0192110025014526,0.0028007157157016373,0.011727997059500605,0.012121663382074498
733,0.029712073991975042,0.04097020625923033,0.03200797364002369,0.03200797364002369,0.0353191433269227,0.015287390395235198,0.02120162888635812,0.04453283289046775,0.03747727877683226,0.018656848517292123,0.027682571796777244,0.036580541302884226,0.010858208733274779,0.3728391455082502,0.04330189003211419,0.10611454997133944,0.013841285898388626,0.014426128964517723,0.03414183854935861,0.03304048891873413
734,0.009078630572979649,0.0260188413068861,0.4645796703821058,0.218060569615527,0.017228692216721884,0.005038048759907672,0.012526770640350762,0.01902870483637939,0.023180422255225798,0.005821567233047576,0.02160886820402405,0.08736585936565228,0.006745625524007509,0.016775305579439723,0.007005072659546259,0.007243881954758064,0.009443875733610513,0.007832383703956102,0.02124872040062365,0.014168489055250123
735,0.009003312865951666,0.02909744600569246,0.01639165257694985,0.47693429676007043,0.02470537868407851,0.17389966605286666,0.019255662797884716,0.02111911403638969,0.03144437622938579,0.009919583865576977,0.02470537868407851,0.01954306075009195,0.01015027186245086,0.03851132559576943,0.011191325386804792,0.008671424306332191,0.012123935835705191,0.008293482522913363,0.03357397616041438,0.021465329020592804
736,0.10570539983001867,0.17617566638336446,0.01518787461096373,0.011045726989791803,0.018409544982986335,0.004161061537250337,0.010474396283423261,0.016875416234404143,0.01239826498854182,0.22104782479202154,0.08578102120507103,0.016875416234404143,0.07827763286864044,0.08178396312692163,0.0030686640145920208,0.004308616910911695,0.04457456619338137,0.07039868908498349,0.009643094991088081,0.013807158737239754
737,0.014502984622183213,0.03972556657380619,0.03263171539991223,0.04808884374723907,0.08019866814798433,0.012347135556723548,0.03807033463323093,0.32772144651640694,0.026105372319929782,0.024503892883426616,0.04530914642637854,0.061666660244479136,0.015228133853292376,0.03972556657380619,0.009517583658307734,0.0129541396358986,0.05196354492310623,0.049357133029175666,0.026873177388163014,0.04350895386654964
738,0.03674283477031934,0.01870804608204122,0.008073074473070355,0.03009225800726153,0.05744885619568109,0.44406645124815314,0.0407701560098382,0.04212916121016614,0.03159687090762461,0.014696219026802147,0.04681017912240683,0.04212916121016614,0.01858639465154389,0.04681017912240683,0.009158513306557857,0.005047671133129478,0.01780105403246457,0.012984562031942993,0.025793364006224173,0.05055499345219937
739,0.020756652347123355,0.03077710520435533,0.06375257506616461,0.04958533616257247,0.05578350318289404,0.013775429143795774,0.029751201697543483,0.06865661930202342,0.033056890775048316,0.008423374882943561,0.04056982049665021,0.08925360509263044,0.007789375554505958,0.013879391834771949,0.31592242988042496,0.011297924695269678,0.016840302847666123,0.02550103002646584,0.02348779081385012,0.0811396409933004
740,0.39995891633181446,0.041212600262803704,0.022943726604961568,0.015678322885613976,0.031356645771227945,0.02350526595984814,0.029748612654754723,0.034123408633395115,0.05524742350168734,0.014686023968802961,0.0331484541010124,0.029004897338385852,0.007485134797002799,0.03515745131925558,0.007839161442806985,0.11022492814630622,0.00648227432933957,0.049699200207295874,0.022748939088930074,0.029748612654754723
741,0.010399649845738039,0.0113107215147414,0.03893202249942958,0.02760634322686825,0.058398033749144374,0.007638202699536246,0.04640160950392128,0.04465731992581628,0.03531043901111055,0.007466656134316135,0.02617842892203023,0.03230529526548412,0.008849885981429727,0.023005286022390208,0.5171640085639908,0.009939901184726648,0.01565308121111086,0.01224474901191737,0.02760634322686825,0.03893202249942958
742,0.035089410486259964,0.47956378923449444,0.016214782650145535,0.01603487076394639,0.009608782679491876,0.003313862299632757,0.009909189797944395,0.004988970815452849,0.01729250768660885,0.0038585000155971624,0.012969380764956635,0.01242137876080354,0.005802091394849021,0.013998696698683354,0.004365930158500253,0.004082953203782645,0.005410539214828536,0.3187249770796438,0.0127814187248848,0.013567967569493097
743,0.03359871235482547,0.06804306062086639,0.02486188753454733,0.029382230722646837,0.032320453794911524,0.008854918847920964,0.025856363035929225,0.02486188753454733,0.02810474243035785,0.009351874525045979,0.035911615327679475,0.022681020206955456,0.052602231624891645,0.029382230722646837,0.008340762269654587,0.46328062187859226,0.010147305187616779,0.010425952837068235,0.021546969196607684,0.06044515934668831
744,0.014993275952610354,0.047978483048353136,0.032417893951589956,0.042837931293172433,0.03527829635908318,0.023066578388631312,0.016659195502900393,0.047978483048353136,0.049977586508701176,0.0056934951967118974,0.042837931293172433,0.049977586508701176,0.43483269193412455,0.01857843348856134,0.013510341407486158,0.007909772432029165,0.01599282768278438,0.016659195502900393,0.039982069206960937,0.042837931293172433
745,0.013627565788329882,0.029014310334236272,0.08257919095128782,0.00832360687929848,0.044730395098614234,0.38053385455225686,0.05367647411833709,0.024965801915505622,0.029014310334236272,0.009759358930606745,0.04879679465303372,0.06314879308039656,0.013253450399589405,0.031574396540198287,0.027090487978683044,0.01555839829517017,0.05010480512809983,0.024500276534168537,0.0139634124090598,0.0357843160788914
746,0.08938588722011197,0.05426663430954856,0.00692568648847086,0.01139052333352187,0.010388529732706289,0.022716265524927306,0.054266634309548575,0.022665883053177353,0.10853326861909712,0.01400429272504479,0.16279990292864566,0.09550927638480548,0.002103020815922148,0.007333079811322085,0.0716530317096952,0.15308234433928467,0.03583237827040809,0.03040346097006254,0.012466235679247544,0.034273663774451714
747,0.00799464831341129,0.015187628394383165,0.0185878437065585,0.009129870215732703,0.01431477618780942,0.45034381015989505,0.06779445102044195,0.041719662166425815,0.02490771056678839,0.006731813666699566,0.08343932433285162,0.1355889020408839,0.012579651801408276,0.021472164281714126,0.004620681632953476,0.006258218735373969,0.011425555305866236,0.03306562499964875,0.017540641244217177,0.017297021226936382
748,0.010405706638613925,0.021930389222692668,0.02366788176625912,0.01915971381078119,0.02117652579086342,0.006330553005037682,0.0984900947017132,0.08293902711723221,0.021946581274167546,0.03023005514618942,0.02682359933509367,0.022774754152438025,0.010588262895431712,0.016764749584433542,0.003865219565161659,0.0063529577372590275,0.012316958878359341,0.009214213512055078,0.43641102891361655,0.11861172695260089
749,0.1264481594169029,0.04551538493142903,0.011865729491004874,0.04917428421768446,0.014463024769907198,0.050568359213193796,0.011435880050624294,0.018734185096670346,0.18030570879817637,0.01928403302654293,0.01763528501623729,0.058281219277615454,0.042671899527742724,0.06146785527210559,0.06759266543282078,0.10120227741340249,0.050799880390169916,0.04030679034236432,0.01881097068398644,0.013436407631418889
750,0.04507484410298184,0.10364737503899944,0.011552334565504639,0.01680339573164311,0.008401697865821556,0.015355166672444359,0.06449170002426632,0.13235505041267862,0.017603557433149924,0.10922166213804345,0.009728281739372327,0.03908587880258564,0.0026595302596845215,0.01369165578133883,0.003932709639320728,0.008098931860941804,0.22056878035480607,0.14879509656880657,0.013202668074862443,0.01572968293274788
751,0.10695999770962156,0.019110565229199124,0.017199508706279214,0.016380484482170676,0.026460782625044945,0.05600040619181544,0.0641759986257729,0.028522666055899072,0.07229020534857178,0.03704717720013304,0.029948799358694028,0.04991466559782338,0.007060145568313328,0.05405429992964982,0.12307543952685636,0.04083927185276458,0.10890472494070555,0.1018259178195597,0.008957109219708716,0.031271834011416755
752,0.05854330288120459,0.011650217970728906,0.07489231828243702,0.1884002515768894,0.014978851676651453,0.08738144322580561,0.02536002416783262,0.01691160673170325,0.0033494574980650065,0.004558780945067833,0.01588666086917578,0.01588666086917578,0.03203371473831489,0.08098846427791709,0.005890559648121358,0.12083305632908485,0.03473220701246641,0.007243379342309786,0.015419406137729436,0.1850596358193191
753,0.028903029975409028,0.04318850425712805,0.02341455024732461,0.019157359293265595,0.012395938366230682,0.008967274562805171,0.01080671549876521,0.0061287943303982816,0.02479187673246136,0.004131979455410226,0.08429238089036863,0.16775718662982927,0.19288146323329053,0.03552602769537953,0.005695431141241123,0.06522732871074893,0.15238791671205001,0.07595219714184588,0.020069614497706816,0.018324430628341003
754,0.23619338212022334,0.01619937420297476,0.04949983601854709,0.02554516701238328,0.03495654433273501,0.12231801578600891,0.018976409780627573,0.0301897428328166,0.04427828948813101,0.014131368985573725,0.022902563528343623,0.02554516701238328,0.00979972997214681,0.0390690789601156,0.012299524857814171,0.21276534703430616,0.0040100046536365895,0.005352799887674303,0.03689857457344251,0.0390690789601156
755,0.189468775675427,0.14081960044859057,0.017023949707404777,0.009788771081757748,0.010303969559744998,0.16982830150448538,0.013983958688225355,0.011187166950580281,0.012630672363558382,0.004165434502875637,0.010876412313064163,0.013051694775676994,0.035525395439142564,0.010876412313064163,0.019449368004091104,0.22586054209852016,0.04504352025491284,0.04942663713272009,0.0074821234861429066,0.003207293700014965
756,0.011975335798582157,0.27787782500506236,0.015691819322280066,0.025281264463673438,0.004993485646134913,0.013928713032835207,0.03563075068992753,0.02022659470762364,0.025281264463673438,0.1637196988951293,0.026464554762386894,0.02676839766741893,0.00790322003373934,0.01685417630911562,0.004316437047858684,0.007845909661140033,0.01936430836272212,0.04536780816409181,0.02068467092482372,0.2298237650417809
757,0.22917328397043038,0.01643465822301283,0.019422777899924255,0.032599955843174044,0.023738950766574084,0.20716998715333948,0.016023791767437512,0.022101781748189664,0.04005947941859377,0.007121685229972227,0.025638066827900013,0.020675860345080656,0.004489184732096679,0.03770303945279413,0.005386148493256305,0.20126598489218636,0.0529792503623054,0.004188108031364065,0.017804213074930568,0.016023791767437512
758,0.017373930060333668,0.04506363109399046,0.04506363109399046,0.015355087453973227,0.04806787316692316,0.017802915987749315,0.024441291440808387,0.036050904875192365,0.49784864817537083,0.011629324153287858,0.03897395121642419,0.020640117128055135,0.011536289560061558,0.02796750327997798,0.029947501168540037,0.011354615708722005,0.02322828610070998,0.020310368943770342,0.025298880614170082,0.03204524877794878
759,0.018760345049217583,0.024000190240509763,0.02700021402057348,0.02918942056278214,0.020000158533758135,0.01661551632035291,0.022500178350477903,0.02454564910961226,0.03272753214614967,0.01960970752984678,0.02117663844750861,0.137504104446627,0.10052704115880585,0.0300002378006372,0.008181883036537418,0.3924552661838221,0.012705983068505167,0.014794637819492319,0.0300002378006372,0.017705058374146543
760,0.013617789969486952,0.04997719559474544,0.024553974515816986,0.03360986460554227,0.02594266918187066,0.01263730909168389,0.04411111613775699,0.01611901669857639,0.04050419580667914,0.007898318182302433,0.02925303030482383,0.023934297522128577,0.008727423405859042,0.027235579938973912,0.008632041729292278,0.008151919849371726,0.010392523924082148,0.014492326940004465,0.027235579938973912,0.5729738266620289
761,0.37719669202140194,0.016666828830015485,0.01519622628619059,0.01263565814926275,0.018128831358964214,0.27225100535794555,0.014554132217760004,0.02348507698774909,0.0161459904290775,0.007711517816872838,0.016940055532146885,0.01519622628619059,0.005912253872470565,0.02152798723877,0.006458396171631,0.07932507923731177,0.03735735049612316,0.004949114449859621,0.022463986683933915,0.015897590576322465
762,0.006314999378886,0.054477059270508076,0.018603646818880375,0.02128172095273733,0.01638892695948985,0.008098058027042047,0.2152159259190464,0.018603646818880375,0.07110954560477695,0.07137662761364304,0.015643975734058495,0.10156739863993032,0.004251432607017656,0.2510829991279518,0.048061861831109866,0.0062012156062934585,0.031265094885682895,0.008713100408842708,0.01966671235138782,0.012076051443834628
763,0.008709112812875262,0.08035651884980273,0.016601746299543467,0.04086583704503007,0.026562794079269543,0.008568643251377274,0.23102499169318286,0.06574301976057735,0.01631505261041539,0.04487432405263602,0.1929400245773536,0.016601746299543467,0.007589369736934156,0.016098663078345177,0.004878123507907108,0.005366221026115061,0.014903927952224694,0.024900889490381512,0.014757107821816415,0.162341886054669
764,0.018965058068799046,0.019570241714644238,0.041316733649883634,0.04284698304432377,0.060887818010354824,0.01217901120141542,0.028921713554918554,0.050298632269423556,0.04284698304432377,0.01141625082149606,0.060887818010354824,0.046274741687869665,0.015847514276667696,0.027544489099922426,0.0028756994754908587,0.013063572470258212,0.020658366824941817,0.018965058068799046,0.42013837077546856,0.04449494393064392
765,0.005295474524497209,0.021804895100870858,0.02003693063323268,0.01261320722960821,0.027458016052948495,0.0059309314674368735,0.1652635617183154,0.020593512039711364,0.06492721974061647,0.006560854768852726,0.21962053975200133,0.024344729642320897,0.0035777475780641704,0.2695192710552774,0.021430100735354538,0.040888859293616436,0.031624281153014897,0.008237404815884546,0.014827328668592184,0.015445134029783522
766,0.006267445402793821,0.015827955339258966,0.015062086532520627,0.016979079363932344,0.005084459915883208,0.008191661096634027,0.009560424912608126,0.10042900823436049,0.02594026013934108,0.3375043668298083,0.13957799466114112,0.014823005793909189,0.001487234980032536,0.012287491644951038,0.005146354523298683,0.00502069551084021,0.008337940759073919,0.23519238184315214,0.016979079363932344,0.020301073152527806
767,0.003755184914310047,0.017774541927734224,0.009193728583310806,0.009522076032714762,0.35053334126743924,0.004232033792317672,0.040434138364953756,0.11170984709854324,0.007406059136555925,0.09551393730783754,0.19454685045483674,0.00888727096386711,0.0013869309311068598,0.006665453222900332,0.006162250439838589,0.0032915818384692997,0.004165908264312708,0.005030530734264402,0.008331816528625417,0.1114565181960613
768,0.016017025522135558,0.07439452795266023,0.05201675930848045,0.043474783560082234,0.0736816700130132,0.016906860273365312,0.017712441218022183,0.11412130684521585,0.025360290410047975,0.011556588034958567,0.021737391780041117,0.048051076566406684,0.0054998220166369086,0.03043234849205757,0.01755712413003321,0.0186320500971781,0.02766577135641597,0.015216174246028785,0.04149865703462396,0.3284673311425961
769,0.01188414654400221,0.050375315414082605,0.02981840405586009,0.03904791007315012,0.5863102197764812,0.015922448767692284,0.016734818602778628,0.02940252668238884,0.02981840405586009,0.005807722233554691,0.023768293088004423,0.018222358034136726,0.007855294779208826,0.025230957278035464,0.01018641132343047,0.0054420242819262004,0.009330023263568542,0.02444057837863557,0.038139819141216405,0.02226232422598648
770,0.038957376532370656,0.03471680714000255,0.03229470431628144,0.03967635101714577,0.03306362584762147,0.021698004462501596,0.5011668135593819,0.026201363879247208,0.018515630474668022,0.006029089185339788,0.02954621884255536,0.01876936586108772,0.003772490261269713,0.0337564505479423,0.038168549910662014,0.04391558809103603,0.008365495696386158,0.018765841697298676,0.04339600892500319,0.009224223752198687
771,0.01427949061360138,0.043348453648432754,0.021293977230809075,0.030343917553902935,0.028226900050142265,0.006317319239304512,0.023799151022668965,0.01611243099374925,0.2010130441148884,0.008795338421421139,0.024275134043122343,0.02477054494196158,0.013637715754563115,0.026972371159024823,0.43711453552832974,0.008845685922321836,0.011809635046713422,0.013951226461564565,0.023799151022668965,0.021293977230809075
772,0.017455745799001634,0.02998807611623357,0.041769106019039624,0.044982114174350364,0.044982114174350364,0.06951028205631789,0.03772693446880999,0.022783779986067537,0.037100731390487446,0.01008219800459577,0.034398087309797334,0.04032879201838308,0.010442276504759904,0.02923837421332773,0.4230272995074575,0.00844148762461705,0.014262621567476942,0.01917270440218212,0.03772693446880999,0.026580340193934307
