site,A,C,D,E,F,G,H,I,K,L,M,N,P,Q,R,S,T,V,W,Y
677,0.24300067514841828,0.006477060560981151,0.005967628831465781,0.007102846484718708,0.010213826269239506,0.4188942486054388,0.010021112566046311,0.007697376318847166,0.0085664349354912,0.0027953629789497603,0.00792714874627544,0.0093178765964992,0.005106913134619753,0.017041965867713952,0.00829869642253897,0.2100438474097101,0.002843623290437756,0.0018851745823613335,0.0061758019302378415,0.010622379320009088
678,0.04782260757449478,0.017496075941888335,0.10085364171835762,0.1182910794813205,0.022430866592164533,0.11162860952506878,0.07416302279761192,0.00950873692493931,0.009884788667733523,0.015695421634145418,0.034306031258604576,0.13738292517470943,0.001434958298628334,0.026526393226622775,0.0043749106030987325,0.07197752760903428,0.09781561444304658,0.055936091847756185,0.01229643891498176,0.030174257765792672
679,0.40631723336452163,0.011253633604592812,0.01813666427354648,0.012347736871706002,0.019326892494844174,0.0031751323384386866,0.015328225082117794,0.018521605307559003,0.01891568201623047,0.00753421232849858,0.01677428405212891,0.02402802850710357,0.0077612168067972475,0.019756378994729602,0.005355644908209832,0.356332324375557,0.0040284409725329755,0.003306386688091854,0.012884594996562786,0.01891568201623047
680,0.011836619994674717,0.019974296241013583,0.021667033210591005,0.031958873985621736,0.00666030965210927,0.007062734582457843,0.016510629991936598,0.012815372552192074,0.02779032520488846,0.585247837901483,0.02061862837782048,0.02282776713258695,0.10202578912717475,0.022427279989909992,0.006246511887699629,0.006589458553736439,0.013316197494009058,0.019794455451648787,0.02095663867909622,0.02367323998934943
681,0.046536629896687144,0.028250406306900393,0.006939694936872825,0.006278771609551603,0.01145638596777527,0.01154925426266481,0.03288407083342903,0.02731907423084872,0.14793572162237867,0.0017050112560420302,0.003732472554586054,0.017757398250051674,0.003066376832571714,0.12038914067831644,0.18114338103665784,0.0481666175496912,0.12016284530110155,0.05158573793311101,0.016525259238930064,0.11661574970183189
682,0.00635915389765621,0.008036535302744306,0.009349219637613766,0.015862159160445827,0.6502075301568351,0.004628630050097306,0.02138988129211634,0.01076757954161004,0.017428792163946646,0.041338267308162216,0.012604751475711416,0.014553939848244107,0.01033821285228419,0.020760767136465862,0.004239435931770806,0.08466393477194753,0.007549369867805768,0.003938527062034972,0.045287791068769,0.010695521473738734
683,0.005795555929183192,0.008206507195723401,0.012822667493317815,0.010056994112406127,0.009042972361832073,0.003856441351373778,0.025019839011351828,0.14172725041069492,0.01192806278448169,0.4713664015952392,0.0931544397250063,0.017386667787549576,0.012068392934887354,0.010912908504951331,0.003841997750806835,0.07619998192166134,0.008620280667776682,0.03605818170048237,0.028949477021205615,0.012984979740068674
684,0.008916859682948685,0.017555067500805228,0.19293316572267305,0.013701516098189448,0.021606236924067976,0.005882326282992328,0.05816126519144563,0.024967207112256324,0.011647093067591695,0.006040453333610401,0.01440415794937865,0.5192165063377037,0.010213857455013952,0.020062934286634547,0.006570317661120085,0.005019259860023836,0.011038692566592269,0.006850758049094722,0.011235243200515346,0.03397708171734216
685,0.011611183258958293,0.01917133791385242,0.7168126018978199,0.015141827909858173,0.02070504494696062,0.0025227367575645096,0.02756589805437991,0.023890436477262255,0.02156775515308398,0.006994947617216425,0.017064597483758753,0.01130740309823105,0.013159986195102086,0.023177289119732034,0.006018908414814134,0.0076204502713076655,0.011588644559866017,0.006402155799081154,0.012940653091850388,0.0247361419793001
686,0.011497655029762008,0.02094215737563794,0.02022001401785732,0.01699653352225688,0.02022001401785732,0.0050333082104537545,0.02727350727990057,0.06369120735353938,0.019727115367205554,0.025545752802683647,0.5390445382259376,0.02931902032589312,0.011276546279189665,0.01606521661692774,0.004664007325858551,0.0065885438934591275,0.0041481167324510845,0.11621146682811367,0.012216258469122136,0.02931902032589312
687,0.04076792305575165,0.020012841446271773,0.01803974440227315,0.007987878233100563,0.03049575839431889,0.5909303079491242,0.02463118947233449,0.02561643705122787,0.02416645004832818,0.006187545181456008,0.016852919112649915,0.035578384793372046,0.009852475788933796,0.01856263554436802,0.03357046748672932,0.03875584468611316,0.012557076985896014,0.00868010198990223,0.011137581326620813,0.02561643705122787
688,0.009193050577586145,0.019738020357758488,0.02396759614870674,0.06700669896233016,0.03834815383793077,0.006255631306590391,0.026843707686551546,0.025646274696047813,0.6138268963110592,0.006883001970910653,0.021304529909961543,0.026900516204935002,0.01427856791837848,0.021417043207418034,0.005153791379040872,0.009656009959191202,0.012238508441635303,0.008947902562183847,0.01383696272502657,0.028557135836756956
689,0.016586641075876134,0.011454025248031014,0.00603491619409046,0.0058482693014897235,0.005815249648450591,0.0015782926327273358,0.01260626938321118,0.07608387709950211,0.007770987975952099,0.02040432032941125,0.007180786357525356,0.008595183670371261,0.004023277462726973,0.00872741726530005,0.001976592760433809,0.008005823929906496,0.5243718680996068,0.25970556506649833,0.005351718134382106,0.00787891836450699
690,0.011446631966630667,0.021409441270920322,0.025132822361515157,0.016283237022953482,0.02223288131980187,0.06287380262205604,0.05026564472303031,0.03612843214467803,0.010055207087012625,0.006922813345088007,0.04404587351688756,0.03853699428765658,0.014451372857871214,0.026886275084411562,0.5288538715720733,0.006705082052204058,0.01232858961732878,0.007225686428935607,0.02318170954834813,0.035033631170596886
691,0.010922225085646962,0.027189368830227545,0.024111327075862162,0.0829699352641804,0.026622923646264472,0.005782354457107216,0.029043189432288518,0.02323455154583081,0.5849303205757503,0.006945110516416818,0.01879265198559845,0.01949010995787246,0.012779003350206944,0.024111327075862162,0.03874853698268078,0.00751706079423938,0.014936146705963247,0.007429653110585435,0.011209652061585041,0.02323455154583081
692,0.034420094578851736,0.013073164955439216,0.3887483566270787,0.039103477427970615,0.027729801828541917,0.11222842372590769,0.08508341553350855,0.01393042167382867,0.01931263004780793,0.0046182376201279835,0.014650960725923258,0.10571148383958068,0.009337974968170869,0.054469253591778746,0.0035113872814196236,0.03519551770545705,0.006536582477719608,0.004181759129538531,0.014664799043940437,0.013492257217408337
693,0.017341964826342704,0.1572010780131231,0.005758056343789113,0.004403219557015205,0.003939722761539919,0.001283223985187288,0.14928877304190227,0.08970062603316548,0.011232046022965885,0.12198464218292275,0.04433876559344497,0.016794986967214008,0.009567557126408763,0.017782927377050128,0.0026345077595629814,0.05032839968946037,0.10256157635435144,0.1832180396423346,0.0048818303784299005,0.005758056343789113
694,0.14198135623975788,0.04543403399672253,0.0344197227247898,0.008103813943028075,0.01915446931988454,0.22271585292511048,0.016543097140299633,0.011389143919931347,0.007169481001594232,0.08329136494312271,0.028045699997976875,0.08113220356557595,0.04827773764040867,0.19294920425519416,0.0009779075320100917,0.021034274998482653,0.011831779686646492,0.003144763619682537,0.006796747178023545,0.015607345371757772
695,0.009096199838700603,0.023264808075394945,0.028165968038427268,0.5655619028451241,0.037364691757452495,0.002271716817608372,0.04403695814271187,0.05604703763617875,0.025123455279654684,0.004912489354565467,0.02021368570485135,0.04742441646138201,0.011971211922290606,0.017125483722165727,0.006355849628845012,0.009785990698380417,0.016440464373279097,0.02126832123060302,0.01503701009751137,0.03853233837487288
696,0.009047741478236847,0.016131549268545906,0.030509825914984714,0.017971541292388257,0.024753254987629113,0.007840767513642944,0.03748350040983837,0.03975522770740433,0.024753254987629113,0.007075085220924203,0.021506926464661357,0.04232008110788203,0.01874175020491918,0.025723970869496918,0.009803635190929737,0.00938592600444035,0.01543438252169815,0.00804860438248063,0.6000739356429258,0.03363903882934212
697,0.09159849382813152,0.05477404883459988,0.0076310551278578435,0.024859340493331803,0.03912432059614277,0.08648534026515771,0.07060717232585141,0.011154282540042307,0.10430285275682559,0.01611001436311761,0.026221619122946748,0.07506075751061257,0.00394709747992647,0.01721228424682282,0.05279379367957815,0.15021987273668252,0.0452898281982665,0.034760454068111464,0.004402531804533371,0.08344484002146076
698,0.22401000573615212,0.030404279536921444,0.01885065331289129,0.17928610487804225,0.008494448004338278,0.01403772055215309,0.02950718922686211,0.010708940850349987,0.008893866129951685,0.001764283258677246,0.0070910554279344515,0.014960835962612136,0.24013311345524677,0.1462550688069152,0.01195240699186948,0.035245552757788755,0.003113276834211808,0.002981466486745166,0.005582320230501589,0.006727411559835249
699,0.03592202971028971,0.022677421853868927,0.019703333741886115,0.010272678275684215,0.024038067165101058,0.006714543900866218,0.026128333875109846,0.041444943388105275,0.019385538036371826,0.004570249144660609,0.025572411877767088,0.04451493919463159,0.08360583236854763,0.0279512408896524,0.005920706198300754,0.5476775700674607,0.012510387296199061,0.007373640234693578,0.011338710926934465,0.022677421853868927
700,0.04497851960347825,0.03179513958842089,0.003576315491080798,0.0025749471535781747,0.0738674960135031,0.024695254049258958,0.061348692341294496,0.0746078936999471,0.04955086689104555,0.06621797666348817,0.04624747576497584,0.04906171100049916,0.06632704756523776,0.16764709964803748,0.029311780414421312,0.027768926387594654,0.05855253324781632,0.06474646607096618,0.015080698619013861,0.042043159786341676
701,0.03515044032681568,0.026569451092174887,0.02775031558516044,0.005619736544290653,0.029732480984100473,0.5693185340088491,0.023561588704381502,0.023125262987633705,0.021908143883021397,0.007614415861781827,0.017106358922359177,0.026569451092174887,0.016875191909894862,0.031219105033305498,0.02445711053931112,0.046057101989199885,0.014520513968979302,0.012633018511087694,0.016650189351096266,0.023561588704381502
702,0.003137424973028581,0.08551492882583807,0.006832614385706688,0.004804181989950015,0.13801192166923318,0.0014901963465932169,0.023491390922422667,0.08118348333484304,0.007883785829661562,0.03320087650107414,0.04777335750088841,0.007320658270400022,0.002720952631476114,0.006541864837378744,0.001773452704348183,0.003493985789655021,0.00394189291483078,0.03724131219645976,0.14045245082559824,0.3631892675506136
703,0.05304148955818273,0.0898999412640861,0.06298676885034199,0.054275012571163725,0.043681226694974026,0.03561595007194227,0.053940497855779035,0.0854976212237823,0.0031959538536198875,0.06291818071729262,0.016973276658618475,0.07483907135564838,0.0031824893734909644,0.10608297911636547,0.03611410940996172,0.05357663777589837,0.04560592520635756,0.04838773954668039,0.03210405946942639,0.0380810694263876
704,0.029242355454921844,0.02409405343821025,0.11509330108676269,0.01869593217609757,0.02851129656854879,0.0023246819356334807,0.0370854200072213,0.011795608340066177,0.006238332764951804,0.005730913883125386,0.006999591762237072,0.28228849411246426,0.005952923835173586,0.019662963150723304,0.024009512899830568,0.30388220397940807,0.021047912493004813,0.009399328539082022,0.035090826545906215,0.012854347026630705
705,0.010461794236393911,0.012877233308977323,0.021692838048993256,0.012939587608171418,0.022016611751217042,0.0039488824556900195,0.038818762824514255,0.028367557448683495,0.02341449186240542,0.00605965003871002,0.01715247659687839,0.035978365544671743,0.01715247659687839,0.019668173164420554,0.0037828786061607383,0.006303901655262997,0.012716491270099495,0.006556057721473518,0.6750898542208804,0.025001915039517653
706,0.03213702972505301,0.039596530305148744,0.024371757112102384,0.4873078572290664,0.030545894806829035,0.054085853613013816,0.050909824678048395,0.024862937633465493,0.009268580416017793,0.010481434492539377,0.02227304829664617,0.036865735111690216,0.013706491259474568,0.030545894806829035,0.008763166542942756,0.009808314846229509,0.024862937633465493,0.007149393239630707,0.047970017663451645,0.03448730058835536
707,0.06558714619921302,0.034784316452356544,0.11017656190273994,0.34884275875112,0.03188562341466016,0.07594407798272115,0.05101699746345626,0.029432883151994004,0.0077844700404385535,0.008228547977976819,0.027330534355423,0.03061019847807377,0.011594772150785516,0.04736720510956875,0.007826653739230142,0.02215562819641119,0.03121929427676122,0.017987390049344878,0.014716441575997002,0.025508498731728137
708,0.057929682351059365,0.024150797115898563,0.01994768783320275,0.025178490610192113,0.019723150977983828,0.005504804214719167,0.03698090808371966,0.018416035269588456,0.03287191829663971,0.00994444587125235,0.03381111596225799,0.026895205879068854,0.017150566067812026,0.05635185993709665,0.010290339640687216,0.008217979574159928,0.012862924550859018,0.5386905998141249,0.01878395331236555,0.026297534637311763
709,0.008114857745653856,0.020803544402494434,0.039454998004730825,0.07519084200421007,0.06356638567428854,0.005778762334026232,0.01787804597089365,0.03690951426249012,0.01707753644980886,0.0039172185538833785,0.03805956200213104,0.03365279241579982,0.5226488826985117,0.009270509157792269,0.004747696855341052,0.01769279878283579,0.027024734375397493,0.011217597471933271,0.01430243677671492,0.03269128406106268
710,0.00995997603382627,0.05290562385064652,0.021047496524312117,0.01571151148997947,0.5092267623986111,0.004340534302679153,0.03485991611839195,0.08978501552911038,0.025942263157873083,0.0025381484747347346,0.027887932894713557,0.031871923308244066,0.01131898020935518,0.026559936090203386,0.00671998383005146,0.052515534405836964,0.015935961654122033,0.006738638501549584,0.033803555023895225,0.020330306201863744
711,0.010397839445028692,0.5032748579847598,0.061231721176280084,0.020039472384964393,0.050098680962410984,0.004822962336925712,0.03673903270576805,0.06483358712782598,0.03936324932760864,0.00958409548846123,0.03339912064160732,0.04792047744230617,0.012668631967506222,0.029788404896568695,0.0038795941488233084,0.02008533765721046,0.021195595791789264,0.01198011936057654,0.00942026479635078,0.009276954357227593
712,0.008253950202798318,0.02050339577353881,0.019064560982413277,0.015980587882317012,0.01424819534596154,0.007874492579692442,0.02527162734878039,0.04346719903990227,0.03292969624235022,0.010759207683144126,0.03747172331026058,0.03622266586658523,0.0953817434007494,0.023623477739077324,0.00781784155393926,0.49668468335095206,0.046544175771841695,0.01015588762614539,0.021307450509756014,0.02643743778979455
713,0.0070007778229404126,0.021002333468821237,0.014227387188556324,0.01495081365577105,0.036754083570437156,0.004717101634708513,0.40271586497896805,0.04962459972881354,0.013365121298340788,0.006173823978218327,0.019176043601967216,0.2824269040046864,0.007153788467859664,0.010139057536672325,0.05801390973148444,0.007230311522053213,0.01378278133891394,0.010023840973755591,0.012601400081292742,0.00892005541573898
714,0.016657285807163517,0.04197636023405207,0.03498030019504339,0.03385190341455811,0.06558806286570634,0.011531967097267054,0.4786963498651668,0.047700409356877346,0.03385190341455811,0.0114221937292588,0.037478893066117916,0.03486449569097723,0.010333932357156954,0.03374343808138225,0.015476397127693811,0.02018094242021734,0.018739446533058958,0.01566282098285525,0.026907923226956443,0.010354974533932311
715,0.006631857726580479,0.04330377392348404,0.02996617194973401,0.015559358512361891,0.3692163287881787,0.003677666557467356,0.031118717024723786,0.0427744899781646,0.023796665960082886,0.0261766408037306,0.021291753753758375,0.03677666557467356,0.009631983840985934,0.02696955475476061,0.004815991920492965,0.004856041689790687,0.011395586516096033,0.005418179983840635,0.07264658750190323,0.21397598323918968
716,0.06831616829816226,0.024255015318986908,0.006293186440245923,0.037953426832312356,0.024255015318986908,0.0283234528599346,0.2009545197697767,0.026528923005141928,0.025725016247410356,0.00857500541580345,0.035371897340189244,0.3748227255047452,0.010352750441030997,0.03395702144658167,0.006737504255274141,0.007810814635587972,0.025634301526491876,0.009328852045764193,0.02358126489345949,0.021223138404113547
717,0.014048129940455711,0.009590667529693056,0.007284051288374474,0.03449017350984585,0.012509566343077901,0.0016825732508233436,0.01338232678561822,0.02065075101246989,0.26186368043485864,0.11630230652627277,0.04164720034742612,0.03942371009493906,0.0053779444091736775,0.12061110570937936,0.11567697671252081,0.07942596543257652,0.0712861859809344,0.01593422146023912,0.004426461936781411,0.01438600129453959
718,0.018361877840205324,0.0921206074695047,0.014080437786513376,0.007762292625898399,0.02162352945785982,0.0027150619947088565,0.010438945255518535,0.24511306732572127,0.010811764728929911,0.27557863552130596,0.07487699740207507,0.015136470620501876,0.019805661840814632,0.0081979640488953,0.0024123587126331633,0.003784117655125469,0.01132315800145995,0.1455659992048449,0.008181876011082095,0.0121091764964015
719,0.00910189017556648,0.0035684739868628084,0.01600394563965703,0.017503634953012458,0.2807425473231774,0.004612444345726257,0.10061184723488682,0.025283028265462443,0.02353937114370641,0.00650135012540463,0.026255452429518693,0.02068611403537836,0.013385132611127176,0.013127726214759343,0.004883834919243371,0.00667116000930367,0.010038849458345381,0.00910189017556648,0.09680935082376514,0.3115719561295297
720,0.009455112653855057,0.022151978217603282,0.0310127695046446,0.027689972772004103,0.05473413719770764,0.010477286994812362,0.015263306599974161,0.03244691216395906,0.07753192376161151,0.35166818939414823,0.1675905274018445,0.026735146124693618,0.002961501038301863,0.02280350698870926,0.030139473008617166,0.007601168996236419,0.015822841584002344,0.01174726117600174,0.03370953207026586,0.04845745235100719
721,0.009152934418748183,0.029202219336006113,0.030662330302806417,0.09758358708693164,0.047172815850471415,0.00713077448902475,0.11960531615400416,0.03832791287850803,0.2784498436954224,0.008760665800801834,0.03655139252332343,0.0347309611727893,0.009891074291227878,0.03466482166448085,0.12915865728571072,0.007570945753779363,0.011871496873835647,0.010573217345795317,0.026662895915483844,0.032276137160848865
722,0.011061880882007012,0.03357623549487663,0.3794085232203785,0.018384118795490442,0.02468840845211517,0.04842050196419464,0.028945030599031578,0.02623143398037237,0.03649590814660505,0.010901375160674234,0.059957563383708286,0.14894585632270352,0.013115716990186188,0.038154813062359814,0.008478847347191069,0.01011332394423995,0.019985854461236092,0.011377678930587082,0.022686645604646376,0.04907028325739593
723,0.008546783278056119,0.01725482661796235,0.014515965250031819,0.17625929711765964,0.021773947875047727,0.415773785983163,0.08313689188654587,0.019052204390666762,0.035173300413538645,0.010886973937523864,0.032660921812571596,0.01604396159214043,0.014069320165415457,0.043547895750095454,0.004332719665679262,0.01052296472484143,0.013064368725028636,0.014651203514627903,0.02927509685787191,0.019457570441532013
724,0.007961451380211539,0.024053746723192302,0.026291304557907867,0.019161459254068446,0.043481772922693784,0.09593900270508539,0.01884210159983397,0.03260228844222408,0.010426835145249547,0.008075186399928847,0.02355262699979246,0.024053746723192302,0.0072469621537822985,0.02975068673657995,0.5175268777226039,0.031017699736521017,0.009916895578859986,0.00934319087595073,0.023071961142653842,0.03768420319966794
725,0.045638014407853984,0.06540675880692486,0.024367392399621067,0.07347706015885735,0.08920324209281921,0.10156180343658855,0.09404496309907805,0.004851745432252576,0.039362710799387864,0.0018845622753377773,0.013645739743787792,0.05321838500077241,0.02093388617175476,0.04548579914595932,0.01279288100980106,0.10361741264646025,0.04567475692518106,0.010337681624081663,0.09695657186375539,0.05753863295972504
726,0.005071129974042159,0.014737971487060028,0.00889839787897964,0.013871031987821202,0.009871146435275611,0.0047637887634941496,0.009825314324706687,0.2145450237197277,0.01886460350343683,0.23290372005294904,0.20852901916574604,0.01845543302395647,0.003684492871765007,0.010034363565657893,0.004101000761616703,0.0043312869732504535,0.035086918884927154,0.16094392406473773,0.010252501904041759,0.011228930656807641
727,0.018420069358859134,0.03561770540038508,0.014779201430524577,0.013684407054468415,0.019846356206704434,0.003649910874038073,0.019295068534295978,0.23584696819173911,0.014779201430524577,0.00470050887649536,0.10912053832411335,0.023952498870160523,0.004926400476841526,0.013892449344693105,0.004857499770871715,0.0049615890516761085,0.11205570238323397,0.315951356375114,0.010367499510965002,0.019295068534295978
728,0.1370044634045,0.062246947228202856,0.019440003786332906,0.019393350881991976,0.014402911515694684,0.0042771864241539,0.016969182021742982,0.14627486607266688,0.030167434705320857,0.0067440470910655765,0.030167434705320857,0.022014073974153055,0.005090754606522895,0.03702366986562105,0.009933179720044674,0.005466582127809819,0.012157025926024823,0.37069643281141784,0.030167434705320857,0.020363018426091575
729,0.020101836225828812,0.03517821339520043,0.03631299447246496,0.022072604483263005,0.04329626264024667,0.014249402894258398,0.02768991786551565,0.0321629379613261,0.026179135549916594,0.006405353213059004,0.027456166552351544,0.03631299447246496,0.5140867024626382,0.020101836225828812,0.007763467783768368,0.04595885786652148,0.01073342597792585,0.015212200387113696,0.027456166552351544,0.031269523017955936
730,0.010890658552550333,0.49776283110156844,0.028659627769869304,0.03203134868397158,0.020252480898049353,0.008216333670715203,0.02367534467945725,0.031116167293000964,0.041887148279039756,0.010677116227990523,0.02135423245598105,0.033001995613788894,0.014143712405909526,0.0403357724168531,0.09494784624015688,0.025826779623985274,0.015558083646500478,0.013121275364518474,0.017565578310565055,0.018975666765528663
731,0.008257333414610166,0.0046195519959485315,0.0682606228941107,0.021331444654409594,0.03656819083613073,0.005884536456388853,0.023055423288360927,0.039381128592756165,0.033029333658440664,0.017153125573959923,0.023270666895719556,0.10239093434116603,0.01635596876296242,0.026254085728504118,0.46861818591591303,0.00819483617535628,0.01264085609150198,0.008751361909501371,0.01575245143710247,0.060229961377156506
732,0.07535210453166705,0.06964361176411654,0.031060211489824067,0.17327993879405182,0.027083626797156424,0.0797999718130502,0.06479828891569284,0.00945777443710224,0.01595999436261003,0.07635964929550904,0.016653907160984385,0.02221686121781553,0.04740712354944283,0.1833573860817187,0.00609708613225091,0.033102210529857845,0.032545870857087135,0.002121430685703207,0.01595999436261003,0.017742957221749085
733,0.026661694186278218,0.03562175030310624,0.027829492424301754,0.027829492424301754,0.03070840543371228,0.013291697874293379,0.018433862046736044,0.03871929380772418,0.03258480707129594,0.01674144961345041,0.024068750204801516,0.03180513419920201,0.009440723773475776,0.40720447902386986,0.0808493764008163,0.09522033637956506,0.01203437510240076,0.012542869825037412,0.029684791919255205,0.028727217986376
734,0.0075305918723822,0.021582250021010736,0.48427641157902873,0.261137577089303,0.01429094933823684,0.05126790290037084,0.010390773852191297,0.015784033597455612,0.01922782274599139,0.004828905255842585,0.017924241542873327,0.016720504732097744,0.0055953981535953766,0.013914871724072714,0.0058106057748875065,0.006008694608122308,0.007833557415033526,0.00649684824029934,0.017625504183825438,0.011752555373379873
735,0.008967907117374089,0.028983019585899453,0.01632719200132049,0.5969083169841783,0.024608224176707078,0.07322218842671907,0.01917993943184522,0.02103606260266895,0.013397281852652715,0.009880574858829356,0.024608224176707078,0.01946620718455933,0.010110355669499806,0.03835987886369045,0.01114731522534594,0.008637323717652152,0.012076258160791435,0.008260868199562536,0.033441945676037824,0.02138091608795861
736,0.16843131317033536,0.1169661897016218,0.014641440883233416,0.010648320642351577,0.01774720107058596,0.004011353666639293,0.010097545436712702,0.01626826764803713,0.011952196639374219,0.2677829887501329,0.09144326338298187,0.01626826764803713,0.008875402769046989,0.06710750605637895,0.00295825873672418,0.004153600250562672,0.050732323244076935,0.09730800655849206,0.009296152941735504,0.01331040080293947
737,0.012733657036167322,0.03487914753384961,0.028650728331376468,0.04222212596202848,0.04011101966392705,0.010840816125385693,0.03342584971993921,0.3727063302864154,0.022920582665101177,0.03398926849508238,0.03978154471132156,0.054143483053686416,0.013370339887975688,0.03487914753384961,0.008356462429984805,0.011373767236148581,0.06886669472884765,0.07495334604104201,0.023594717449368863,0.03820097110850195
738,0.01657776777822369,0.01641236434403974,0.04277267255287244,0.026399609033683553,0.050399253609759505,0.4922516411748371,0.03576721223918417,0.03695945264715698,0.027719589485367728,0.012892832318775686,0.04106605849684108,0.03695945264715698,0.016305640873745725,0.04106605849684108,0.008034663618947169,0.0044282667127562405,0.015616670132601537,0.011391214346035083,0.022628236314585902,0.04435134317658836
739,0.019537941657232827,0.028970051422793505,0.060009392232929414,0.04667397173672287,0.05250821820381323,0.012966615541553208,0.02800438304203372,0.06462549932777013,0.031115981157815248,0.00792880298169854,0.038187795057318716,0.08401314912610117,0.013087721780447769,0.004163756327161003,0.35923253653285286,0.010634575838746982,0.015851537570962485,0.02400375689317176,0.02210872345423715,0.07637559011463743
740,0.43231069085209894,0.03535766937214442,0.0191078029425007,0.013057090041441967,0.026114180082883926,0.040331909028449735,0.02477499136068475,0.028418372443138395,0.04601069824127168,0.01223069193755323,0.027606418944763015,0.024155616576667635,0.006233707503656164,0.02927953524444562,0.006528545020720983,0.14775883699377074,0.017496705847409734,0.019505964576954745,0.01894558162875893,0.02477499136068475
741,0.00848141062799974,0.009224433042309322,0.03175092183815287,0.022514290030690217,0.0476263827572293,0.006229318728573553,0.08172514402420537,0.03642017504964594,0.028797347713673534,0.006089414319960126,0.021349757787723484,0.026346509610382172,0.007217504255707679,0.018761908358908518,0.5623417947429418,0.008106463659827666,0.012765834553484142,0.00998617702974163,0.022514290030690217,0.03175092183815287
742,0.001143351027819775,0.5193339677285783,0.013509118240536643,0.013359227181496116,0.008005422222770973,0.002760897793359801,0.008255702190812208,0.004156490907014048,0.014407009705535028,0.0032146550506704885,0.01080525727915127,0.01034869711242657,0.004833930888041359,0.011662817380671212,0.003637413341496468,0.003401655069362437,0.01212619373416239,0.3330855723372595,0.010648659347569369,0.011303961461265945
743,0.08747132357471217,0.055830100623690884,0.02039945984327167,0.024108452542048332,0.026519297796253165,0.007265561040069362,0.021215438237002535,0.02039945984327167,0.023060258953263624,0.04221005906789132,0.0294658864402813,0.018610033541230298,0.045167432242101895,0.024108452542048332,0.006843689753871786,0.478779168585345,0.008325978645208275,0.008554612192339732,0.01767953186416878,0.0339858026719298
744,0.012991118716018702,0.04157157989125985,0.028088905331932326,0.037117482045767716,0.030567338155338124,0.01998633648618262,0.014434576351131892,0.04157157989125985,0.04330372905339567,0.04073352173271119,0.037117482045767716,0.04330372905339567,0.47450312538432293,0.01609752503525006,0.011706210815658237,0.006853525073904394,0.013857193297086616,0.014434576351131892,0.03464298324271654,0.037117482045767716
745,0.010433500163203251,0.022213858022004356,0.06322405744724316,0.1225367381368761,0.03424636445059005,0.36977566135668144,0.041095637340708056,0.019114249925910723,0.022213858022004356,0.007471934061946919,0.037359670309734604,0.048347808636127136,0.010147070948322977,0.024173904318063568,0.017947151313716395,0.01191177893933567,0.09215035128788852,0.007548683612034772,0.010690630147136082,0.02739709156047204
746,0.08250899478720596,0.05470271163955658,0.0050762827690944146,0.008348849955189284,0.03418919477472287,0.019082341269612772,0.07692568824312646,0.016613289062490814,0.15238612528162196,0.021175243215312226,0.1504324570087806,0.05907892857072111,0.006921151514298867,0.005374887637864676,0.07488429457453863,0.10971803958003454,0.05414191028968792,0.02475321980626081,0.009137308984369947,0.034549081035509424
747,0.005832825232548719,0.011080760359742684,0.013561527604461191,0.006661073167519719,0.010443935051711492,0.4129435515788866,0.03823525202236614,0.03137251447989015,0.01817244698997799,0.008818220286239397,0.0627450289597803,0.23790823480583365,0.009178003530291919,0.07031770486871931,0.0033712087591211723,0.004565941454768341,0.0224500562333159,0.006924461880407816,0.012797497880266195,0.012619754854151385
748,0.009091345569619448,0.011893166803358926,0.020678354628938356,0.01673962041390248,0.018501685720629053,0.013207193330769399,0.08878181248012804,0.07476363156221308,0.01917447429228829,0.021699330157826324,0.02343546857946347,0.019898039359921814,0.009250842860314527,0.014647167862164667,0.010690421983467759,0.005550505716188717,0.010761184551794449,0.008050351802105771,0.4809910797716109,0.12219432255329449
749,0.12444954053989357,0.04910037173522542,0.00928021321748651,0.014712101679683448,0.01164634737672801,0.06465960749319549,0.005132128492912833,0.010850099385984226,0.2375854864852513,0.019410578961213346,0.024748488175547013,0.05704921209221752,0.04090659202569755,0.06805834248275429,0.06344349976316419,0.09896112954842601,0.03908277776788555,0.0357027370401334,0.014712101679683448,0.010508644056916747
750,0.055897038648483936,0.1392435159189912,0.009051595400418007,0.013165956946062552,0.006582978473031276,0.012377201415021447,0.06498030742886259,0.13020108015327403,0.013792907276827438,0.08476901599200153,0.013680064721865802,0.03150560360187276,0.002083820523837239,0.010727816770865784,0.016590716790347886,0.00881844186906793,0.19305202903065743,0.15777705982816378,0.010344680457620579,0.025358168752726857
751,0.09485208570583785,0.01643649158531376,0.014792842426782382,0.014088421358840366,0.022758219118126744,0.06142097978593744,0.01897041714116757,0.02529388952155676,0.07326505930381957,0.08032452488597498,0.009861894951188256,0.08852861332544865,0.009998110958484815,0.02736615322751361,0.1338764148462837,0.06840847393330123,0.12072083635288453,0.0849874687924307,0.007153025639502755,0.026896077139604336
752,0.055507211309348006,0.009108752422095162,0.08837011126981241,0.18573705591663692,0.011711253114122352,0.07905261993589574,0.040876224208869896,0.013222382548202655,0.002618781826645564,0.003564294426037237,0.012421026030129767,0.012421026030129767,0.025816562658233618,0.08900468174511994,0.004605548977463845,0.12443203545935397,0.01999380531955593,0.020566483453254975,0.01205570173512595,0.18891444161396628
753,0.0301069105697119,0.06010057085283243,0.0210649861518133,0.017234988669665424,0.011152051492136453,0.008067441504949775,0.009722301300836908,0.02221927130591857,0.022304102984272905,0.003717350497378818,0.0758339501465279,0.17376888348772998,0.18574476416120148,0.012231282281698046,0.0051239155504410735,0.06407260055154497,0.17253054649804647,0.07046273824125183,0.01805570241583997,0.016485641336201715
754,0.2259511246201431,0.012270793680986448,0.015097177259459237,0.0193500977277094,0.02647908110107602,0.12379198559879785,0.014374358312012699,0.022868297314565654,0.03354016939469629,0.010704309381286052,0.017348363480015325,0.0193500977277094,0.007423154938634017,0.02959426711296732,0.009316713720748972,0.30244845078462984,0.04849248040656051,0.004054669162787606,0.027950141162246908,0.02959426711296732
755,0.19457932362809488,0.14956431861433173,0.014400101505581554,0.008280058365709393,0.008715850911273046,0.1692302494998892,0.011828654808156279,0.009462923846525022,0.010683946278334702,0.0035234290917912307,0.02478132895263473,0.011040077820945859,0.049562657905269446,0.009200064850788217,0.0007120564686787511,0.22661013655414705,0.039276068528704085,0.03878816705629782,0.017047621774289354,0.002712963538557616
756,0.01731723243177206,0.32902741620366915,0.012637528477317098,0.02036046254678866,0.0040215424201643655,0.011544821621181376,0.05029618853008931,0.056833281907498284,0.02036046254678866,0.16739398321444962,0.012216277528073196,0.021558136814246814,0.0007790999637515317,0.013573641697859103,0.003476276076886064,0.01134577297254032,0.008938739654687704,0.06580548324073383,0.016658560265554352,0.15585509188594854
757,0.23451727000441622,0.013318086503998381,0.015739556777452632,0.026417892362249982,0.019237236061330997,0.27046100370776155,0.012985134341398422,0.01791053012606679,0.032462835853496054,0.005771170818399299,0.020776214946237475,0.016755012053417322,0.0036378821988992996,0.03055325727387864,0.00436475103912552,0.1973184128913446,0.046966791743992285,0.0033938999091379794,0.014427927045998249,0.012985134341398422
758,0.014683825665491868,0.03808617281986953,0.03808617281986953,0.01297757194080669,0.04062525100786083,0.015046389262170678,0.020656907292132626,0.030468938255895625,0.5517201963652473,0.009828689759966331,0.03293939270907635,0.012965505640806648,0.0097500602418866,0.023637135699070586,0.06108608613344133,0.009596515986108858,0.012214377654216346,0.017165599017405987,0.02138171105676886,0.027083500671907217
759,0.011279904663086118,0.023233150942626988,0.026137294810455364,0.02825653493022201,0.01936095911885582,0.016084489114126372,0.021781079008712803,0.023761177100413963,0.03168156946721861,0.005302326926266018,0.020499839067023812,0.1374983601743607,0.01708438396887575,0.029041438678283727,0.007920392366804653,0.47885171434040147,0.04172293155661598,0.014321805375591978,0.029041438678283727,0.017139209711774007
760,0.011406557641891522,0.006530762074513207,0.02056694414290146,0.02815235503105141,0.021730145058088242,0.010585285491675332,0.11296457650931212,0.013501639657749148,0.03392719708870299,0.006615803432297083,0.02450297567517438,0.020047889188779037,0.007310280035687384,0.022813115283783044,0.007230386264805556,0.0068282257152069625,0.008705004516180372,0.012139088866600152,0.022813115283783044,0.6016286530418176
761,0.35245737342133143,0.012387319292773352,0.011294320531646293,0.032775544613257615,0.013473926248279788,0.28861562494551707,0.01081709572044997,0.017454859003453362,0.012000215564874187,0.005731446239939908,0.012590390100851601,0.011294320531646293,0.004394175833037611,0.016000287419832247,0.004800086225949673,0.0831384509059858,0.06761507497618113,0.014647939470856942,0.016695952090259737,0.011815596863876121
762,0.005228675412139937,0.02590570999651151,0.015403395133060898,0.017620779416961812,0.013569657617220317,0.006705007293214744,0.2049633569605725,0.015403395133060898,0.04049358925146686,0.10051638109644248,0.012952854998255757,0.09543257523813964,0.0035200892042850196,0.2611683919992288,0.08907307779960667,0.005134465044353633,0.05341206582498248,0.007214248353458901,0.01628358914066438,0.009998695086372864
763,0.02066834482981849,0.05481604498343165,0.014627530000516474,0.03600622769357902,0.023404048000826367,0.007549692903492375,0.27016479313262737,0.0037617481792041984,0.01437492883055431,0.0448472898854675,0.21385622521704156,0.014627530000516474,0.0066868708573789605,0.01418427151565234,0.004298035680746315,0.004728090505217447,0.049188552843433986,0.007475052592562983,0.01300224888934798,0.18173247345858418
764,0.015979689939467998,0.04104645630396992,0.034812895939555284,0.03610226245583511,0.05130321506881831,0.05222618328107201,0.0243690271576887,0.042380916795980356,0.03610226245583511,0.009619171622723958,0.05130321506881831,0.03899044345230192,0.013352891593254083,0.023208597293036856,0.0024230237424390133,0.011007181566184118,0.017406447969777642,0.015979689939467998,0.44489561734194444,0.03749081101182877
765,0.012295191562629733,0.01878736884395835,0.017264068667421188,0.010867696241220045,0.023658168173873482,0.005110164325556672,0.14804170709960057,0.01774362613040511,0.022879160417540487,0.0032480632491870406,0.23195184082691547,0.012052274352727998,0.003082631815870818,0.29170898715295934,0.06439792362654105,0.03232538626794672,0.039376757292082155,0.019125853541868475,0.012775410813891679,0.01330771959780383
766,0.004865371724078061,0.012287125201485269,0.011692586885284366,0.013180734307047833,0.0039470287999508035,0.006359126200768692,0.007421687474012967,0.11721741454512885,0.020137232969100857,0.3310511273564997,0.09303638094075274,0.011506990268057633,0.0011545295656958656,0.017138280699612346,0.0039950771280077065,0.0038975289617614577,0.006472682025782419,0.30569878701193254,0.013180734307047833,0.015759573627991977
767,0.003062830829900928,0.014497399261531057,0.0074986547904471,0.007766463890105923,0.3871465742577788,0.0034517617289359665,0.011114203336686513,0.1010188186062715,0.006040583025637942,0.09881237151268323,0.2270883841170863,0.007248699630765528,0.006376734780017292,0.0054365247230741464,0.00762765737776494,0.0026847035669501965,0.0033978279519213425,0.006957432256827138,0.006795655903842683,0.08597671845177128
768,0.011276756352705064,0.2551891064599375,0.03662230044950492,0.030608338671628023,0.08653035062280238,0.011903242816744231,0.012470410548525827,0.08034688901302355,0.017854864225116347,0.008136393824103652,0.015304169335814011,0.033830269058115175,0.003872139229543303,0.021425837070139616,0.012361059848157474,0.013117859430697725,0.019478033700126924,0.010712918535069808,0.029217050550190388,0.289742010258054
769,0.01004283895426947,0.07637384697871155,0.025198395921621587,0.03299789942117112,0.6244375038204765,0.013455454132904726,0.014141956894787621,0.024846953815869,0.025198395921621587,0.0049078845390169296,0.02008567790853894,0.015399019729879853,0.006638209997984465,0.021321719625987494,0.008608147675088117,0.004598847148699266,0.00788444679040884,0.012819253247047453,0.032230506411376446,0.018813041064539095
770,0.05207155423643291,0.029980967470963963,0.02788927206601299,0.03426396282395882,0.028553302353299018,0.018738104669352478,0.5429609924208147,0.02262714526110488,0.01598984931784745,0.0052066402885573545,0.025515716996565078,0.016208971783107682,0.003257871824201612,0.016760270241671205,0.045448339895693746,0.04565465563355934,0.007224329511075656,0.016205928362683225,0.037476209338704956,0.007965915504392832
771,0.010450134563778886,0.031723622782900196,0.015583533998617638,0.022206535948030137,0.020657242742353615,0.06453083802626598,0.017416890939631478,0.08472073444670107,0.1980141227483705,0.006436677086385546,0.01776522875842411,0.01812778444737154,0.009980465594620284,0.019739143064915674,0.4043205710210592,0.006473522809639926,0.008642624497383877,0.010209901585301212,0.017416890939631478,0.015583533998617638
772,0.015532840251487823,0.026684622996145747,0.03716786774463157,0.040026934494218624,0.040026934494218624,0.056138731922617605,0.033570977317731746,0.02027394411694935,0.048782362449676465,0.008971554283186934,0.03060883226028482,0.035886217132747734,0.009291966936157893,0.026017507421242102,0.4743838769236685,0.009659444824600795,0.012691467034752244,0.017060660604093184,0.033570977317731746,0.023652279473856456
