site,A,C,D,E,F,G,H,I,K,L,M,N,P,Q,R,S,T,V,W,Y
677,0.25019123495173806,0.0041005811690516866,0.0037780635490139137,0.00449676180540305,0.006466301074273813,0.4612466223266897,0.006344295393627138,0.004873154432786062,0.005423349288100617,0.0017697245045380958,0.005018621729287139,0.005899081681793654,0.0032331505371369067,0.0060044224261113985,0.0014619463298358184,0.19850681382462565,0.016502879773415288,0.00404818562181282,0.003909856463514399,0.006724953117244766
678,0.044653393401202134,0.06795081604530759,0.12323089961226487,0.08242012727867497,0.03733561321170747,0.13745631035950898,0.04806190797714769,0.00923244783224288,0.014396359331632965,0.011027674103092503,0.01784422690265431,0.12496437338290958,0.000573104293338171,0.04294677658086297,0.021563672148018735,0.07871788703259527,0.07219006225428248,0.021749755809650346,0.00877161997142525,0.034912972471480896
679,0.4794916362995725,0.008161777011592911,0.007759338626083928,0.008955283109942222,0.014016964867735652,0.0023027870854137144,0.011116903170962759,0.013432924664913333,0.013718731572677448,0.005464240541659661,0.012165667621053587,0.01742649686259027,0.005628877137945378,0.014328452975907555,0.0038842191802159034,0.3537626890465354,0.0029216551806662706,0.002397980226696863,0.0093446432451571,0.013718731572677448
680,0.00494801416783832,0.008349773908227165,0.009057381866551499,0.013359638253163462,0.04703292588828583,0.0029524062437930308,0.04718366608966261,0.3189618354503312,0.011617076741881274,0.3978349216951183,0.016123846203220153,0.009542598752259619,0.013746574036490909,0.00937518473906208,0.002611203986764267,0.0027545645882811266,0.005566515938818109,0.060325424587909876,0.008760418526664567,0.009896028335676639
681,0.054631116236707425,0.037149947368756674,0.0023589020752522137,0.002134244734752003,0.04867288389752735,0.015076312518495545,0.06286914170097282,0.03627065867363817,0.055254617459632276,0.022762965098628095,0.01476565118256884,0.05867786558757464,0.001042305568134699,0.10442670994398878,0.09990483199564831,0.05940023215588343,0.10676471345513104,0.0547909838287808,0.0804715214479923,0.08257439506993446
682,0.004215821928059183,0.005327847430680762,0.006198095814762508,0.010515870427293695,0.7026466315596015,0.0030685654689479964,0.01418049193983544,0.04629508072825415,0.011554474913939987,0.011480108659913859,0.00835636132168874,0.009648582144630298,0.006853752109328054,0.013763418647487338,0.0028105479520394556,0.08346186427423063,0.005004879508177213,0.0026110594301706276,0.006685089057350991,0.04532145668360755
683,0.004055838455607838,0.005743067253140699,0.00897354258303234,0.007038072614143012,0.006328441223978744,0.0026988097994082223,0.017509351381526515,0.23247512058210143,0.008347481472588224,0.536579831069797,0.0457318332250971,0.012167515366823513,0.008445687136971615,0.007637057517474332,0.0026887018975377797,0.06408234072677685,0.006032633669265439,0.0026360750284597405,0.011741467266616503,0.009087131729653001
684,0.006137528462344754,0.012083259160241236,0.15379972238510908,0.009430836417749257,0.014871703581835368,0.004048840765735283,0.05387413208874355,0.017185079694565314,0.03851957937725304,0.0041576805712658016,0.009914469054556911,0.581452715653039,0.007030259875049447,0.013809439040275696,0.0045223893933066615,0.016635330119451182,0.027046536201052154,0.004715418208874628,0.00773328586255439,0.01303179408699734
685,0.004710530375317553,0.010021991443188235,0.608296366510196,0.014309601960770474,0.010823750758643298,0.0795030255224663,0.014410324186356176,0.012488943183049958,0.011274740373586768,0.0036566725535957085,0.00892067370217854,0.05775891260701309,0.0068795026008326024,0.012116138908929064,0.003146439174024214,0.0039836597610177,0.006058069454464532,0.003346785233491095,0.00676484422415206,0.12152902746672647
686,0.009166579091053336,0.016696269058704288,0.0161205356428869,0.013550595178078842,0.0161205356428869,0.004012837198658543,0.021743978309010235,0.01998137985954683,0.015727569037663706,0.006044566466644508,0.6995482841037599,0.02337477668218601,0.008990298723917694,0.012808096812156715,0.011746734676025895,0.0052527588049856196,0.004121271100569811,0.06187866664483399,0.009739490284244168,0.02337477668218601
687,0.0780384452858467,0.014410655201788946,0.012989886379077359,0.005751834856640584,0.021959093640821253,0.6909469695680504,0.017736191017586396,0.01844563865828985,0.017401545904047033,0.004455468274949239,0.012135288590980167,0.025618942580958128,0.007094476407034559,0.013366404824847716,0.0033359275110433724,0.014555485300506234,0.00904197973445581,0.006250284709877898,0.008019842894908633,0.01844563865828985
688,0.005539563891152399,0.011893769531003679,0.014442434430504471,0.004714811418602313,0.023107895088807156,0.0037695288424541363,0.016175526562165005,0.05387774873747292,0.6049729178781261,0.004147570913375643,0.012837719493781749,0.0905707871115925,0.008604003490513299,0.012905517945949968,0.08830921945460858,0.005818534734591728,0.007374701017107665,0.005391842187388335,0.008337900289775775,0.0172080069810266
689,0.03281892848001619,0.023667694541137475,0.00463536492614098,0.002579713934209434,0.0025651487261698328,0.0006961963081743963,0.005560716702629224,0.04021872437636668,0.0034278390632645904,0.045260561340605354,0.0031674968559280395,0.0037913977517926526,0.0017746968199880504,0.003849726947974078,0.0008718893784610282,0.01838067028063905,0.6145843782324946,0.18631272577582444,0.0023606816190407083,0.0034754479391432658
690,0.00919485527477025,0.017197784865773984,0.020188703972865114,0.013080005390870354,0.017859238129842213,0.0020817453313918322,0.04037740794573023,0.0290212619609936,0.008077150920240504,0.005560960375759254,0.014823731953658584,0.030956012758393173,0.011608504784397441,0.021597218203530118,0.6910717064388022,0.005386061092485991,0.009903314582301615,0.005804252392198722,0.018068253845637462,0.028141829780357428
691,0.006895374899923092,0.017165082197680894,0.015221865345113241,0.003926669605429585,0.01680747631856254,0.003650492594076932,0.018335428711159132,0.014668342968927307,0.6036037411290468,0.0043845590396250095,0.011864100930750026,0.012304417272709443,0.008067588632910018,0.015221865345113241,0.20727229338748426,0.004745640372300013,0.009429427638623642,0.0046904585075058245,0.0070768321341315955,0.014668342968927307
692,0.06002256416382043,0.006007111951731821,0.2910414540952927,0.07679793467477672,0.039849477391026844,0.19454273015540763,0.04754953944561722,0.006401020932173252,0.008874142655967462,0.003970509522656659,0.018894148762986857,0.1788860405243813,0.004290794251237016,0.006972540658260149,0.001613480482903175,0.011239596187212696,0.005619798093606347,0.0019215159704584798,0.028098990468031746,0.007406609612451617
693,0.027703818703438462,0.12993888703829146,0.00273812895363442,0.0058795876487914706,0.001873456652486708,0.0006102115953813849,0.11476084040418906,0.10322932134265161,0.02785247234624978,0.1280099696868459,0.027986837208247396,0.013882359726313196,0.0010884961972725741,0.08819381473187204,0.0018705287043384979,0.0168775092109451,0.07940857615268716,0.22303559758638714,0.0023214571563422255,0.00273812895363442
694,0.06468191454962573,0.013798808437253486,0.19600580166553241,0.0928765952507446,0.008378570238376931,0.2254707260989131,0.002684652681226957,0.009323519214360462,0.003136082714763948,0.05803221722876498,0.04471836067628444,0.049281458704476734,0.0694802518856276,0.13715209174130608,0.0004277574495409605,0.007985421549336506,0.00539015954580214,0.001375586158539496,0.0029730410523272975,0.0068269831571960175
695,0.006085403537420041,0.015564273858305092,0.01884317457567972,0.6169380825297283,0.024997167105762726,0.08944605325152308,0.029460946946077503,0.037495750658644085,0.007195457359099838,0.0032864801374110353,0.013523057614592951,0.031727173634237306,0.008008801111555048,0.011457034923474581,0.004252095435516338,0.006546877099128333,0.0109987535265356,0.028335252574927604,0.010059835542563046,0.025778328577817807
696,0.005802112534403762,0.01034479869208437,0.01956526319740803,0.011524744075185552,0.01587370410355746,0.0029646897390065937,0.02403732335681558,0.025494130832986222,0.01587370410355746,0.004537092570675296,0.013791906844074513,0.02713891346737243,0.01201866167840779,0.01649620230369697,0.1256695308530182,0.006018982643164772,0.00989772138221818,0.005161388450849972,0.6262171723128362,0.02157195685868065
697,0.13540603463708695,0.03980651645197044,0.09516245339299183,0.053245771663157145,0.04931387640813302,0.06038283284595044,0.05685256866309253,0.010249362663547243,0.022108723972569206,0.021403319967281897,0.05597791376058341,0.05038745885668495,0.0005155657415965972,0.08943707160811276,0.013925861830749163,0.15999657440524964,0.03669940006876911,0.01205678142535643,0.013456229269371015,0.023615682367746135
698,0.21305762470341127,0.009639247374489898,0.053787000349653634,0.16564837064204924,0.0077574691156534,0.005722021313792939,0.006439313074852671,0.009779832411184514,0.008122233697424429,0.004659152491236739,0.006475834974973529,0.007606536319810175,0.35665228278975547,0.0386400864580845,0.0017362745947392799,0.08746901809453429,0.002843168723564244,0.0027227942508411427,0.005097997746255758,0.006143740873692835
699,0.031070721317819197,0.015467019821465689,0.01343855820553576,0.007006427782373347,0.016395041010753626,0.00457962039406526,0.017820696750819157,0.028267312087506255,0.013221807266736796,0.04109636006919683,0.017441532990163433,0.03036118705695117,0.07799565872694918,0.019064001175294918,0.004038187441072322,0.610800086203552,0.023706098283266537,0.005029153684280255,0.007733509910732845,0.015467019821465689
700,0.05313902157833836,0.031247250991782327,0.002853701716591224,0.002054665235945681,0.07210904075026689,0.0037338014627969923,0.05101591998658338,0.07119821069670151,0.0686752769050161,0.050694840769884605,0.08268503339363938,0.03865111321352285,0.07691170198829579,0.1297962733504804,0.020989486039983792,0.01750537479313911,0.07620778517679501,0.10511895718261131,0.010450585615980711,0.034961959151644566
701,0.006103857172477198,0.02023043791381964,0.02112956848776718,0.004278964245700157,0.022638823379750553,0.7080087654176559,0.017940199659424963,0.017607973739805983,0.016681238279816192,0.005797747450911725,0.01302507646506196,0.02023043791381964,0.012849061918236798,0.023770764548738072,0.0038212621543389975,0.00651253823253098,0.011056169557552594,0.037699172710506455,0.012677741092660306,0.017940199659424963
702,0.0016345978821218942,0.022440656138820392,0.0035597909432876803,0.00250297800699915,0.13421764722954974,0.001050365830958001,0.06694279485768734,0.07344330901753746,0.0041074510884088625,0.029982002457263533,0.05186227513699953,0.0038140617249510867,0.0014176158623712004,0.0034083104776158643,0.0004837988209976673,0.0010751046473016486,0.002053725544204431,0.039239710817941455,0.11911899051679395,0.43764481299818897
703,0.06650002377530535,0.05609854596727318,0.08516880627627564,0.13841923072968618,0.023341282044613755,0.03724553960704583,0.11256286416876175,0.04262169022464117,0.0018096098496173765,0.07691185422903941,0.04009786557558909,0.03357992318149329,0.0075183497954229555,0.06129089507138277,0.017189751102935108,0.049666664701629254,0.0431735390154198,0.04632785965489497,0.009068185060268914,0.05140751996870396
704,0.012466839094776222,0.10956771260761071,0.004058241870989387,0.003406501410396402,0.010389829301709027,0.0015167634017093467,0.058418826662616954,0.007696169853117797,0.014455541322264407,0.0020884078998410103,0.004566957934817155,0.3100642428309321,0.003884048337087486,0.07376929616081379,0.004094372418494928,0.3039587141379705,0.042401268831506383,0.0022834789674085775,0.00897612414823888,0.021936662807699035
705,0.007234251812281483,0.022111786432043035,0.015000433904877783,0.008947627241506044,0.015224320978084913,0.0033445159966120157,0.02684288172451814,0.019615952029455562,0.016190944532249032,0.004190202300273854,0.01186080820385685,0.024878768427602175,0.01186080820385685,0.013600393407089191,0.0026158320259309646,0.004359100450990124,0.008793357806307665,0.004533464469029728,0.7615059143664569,0.01728863568697778
706,0.0067344629003189245,0.02893324801618501,0.11162243120560596,0.5818414534720242,0.02231993418391415,0.02011047153023487,0.03719989030652358,0.018167388289232447,0.006772566532167283,0.007658800945460737,0.016274952009104064,0.026937851601275698,0.010015355082525578,0.02231993418391415,0.006403259806860616,0.007166951343458672,0.018167388289232447,0.0066237921995206325,0.019529942410924876,0.025199925691515974
707,0.005651312442903656,0.021520068663338002,0.26003393145328924,0.35201832189379784,0.019726729608059844,0.1128357695966184,0.03156276737289574,0.018209288868978313,0.0048160305236237015,0.005090768931112217,0.016908625378337008,0.07088990889201811,0.007173356221112669,0.016325569330808143,0.004842128379986984,0.009528213560755122,0.007173356221112669,0.010807824540315236,0.009104644434489158,0.01578138368644787
708,0.05555243799544794,0.015045148137472385,0.030041785853925536,0.01568536720715206,0.012286870978935781,0.003429311027738753,0.023037883085504595,0.1387185155578981,0.020478118298226298,0.0061950609977827475,0.02106320739246134,0.016754824062185158,0.010684235633857201,0.03510534565410223,0.0064105413803143205,0.005119529574556575,0.0080131767253929,0.5482943639137643,0.011701781884700743,0.016382494638581043
709,0.025085842588162887,0.03291398920239215,0.022246228932526695,0.0441529123446724,0.03584114661351522,0.0032582860557741106,0.02828545947080575,0.020810988356234645,0.009628964761839913,0.018694959847203672,0.07449668337989993,0.018974724677743353,0.4800423478691551,0.005227065757818658,0.002676932112212755,0.021704851537658082,0.03802740108272653,0.023663652367732914,0.008064257988040925,0.08620330505388418
710,0.006275874755598241,0.015467082972651562,0.013262225898622698,0.009899971445450748,0.5241609030276485,0.002735011566642035,0.02196556164459384,0.08075431461069126,0.016346464479697745,0.06598710733345108,0.017572449315675073,0.02008279921791437,0.007132196093017963,0.01673566601492864,0.0042343251363072465,0.12899031117500115,0.010041399608957184,0.00424607962060836,0.021299938564454637,0.012810317518087774
711,0.007531985665595966,0.5935041692101316,0.04435502669739848,0.014516190555512226,0.036290476388780565,0.0034936568678026404,0.02661301601843908,0.0469641459148925,0.02851394573404187,0.006942525917853674,0.024193650925853714,0.034712629589268365,0.00917690207532382,0.021578121096031688,0.05545075032711092,0.008587097207174214,0.015353663087561009,0.008678157397317091,0.006823850261138226,0.006720039062772186
712,0.014214922502789237,0.014987277381433763,0.013935538617824376,0.011681260311999845,0.037398747162870505,0.005755983342144852,0.018472690725953245,0.03177302804863958,0.024070475794423923,0.00786461090312861,0.02739054142124102,0.02647752337386632,0.03992852476476073,0.017267950026434553,0.0057145733900430895,0.5917451577288539,0.01036446070203497,0.007423604684261584,0.015575013749333127,0.07795811536796263
713,0.0050140836040811565,0.015042250812243467,0.027947939348318823,0.010708042951088572,0.02632393892142608,0.003378473444461101,0.4703367300101385,0.03554203520700018,0.009572341425973118,0.01812706919298351,0.01373422900248317,0.2093488695155388,0.01639035610456387,0.007261776254186503,0.027983223228337722,0.005178479787821522,0.009871477095534778,0.007179256069479838,0.009025350487346083,0.07203407753699326
714,0.010645499878193378,0.02682665969304732,0.0223555497442061,0.02163440297826397,0.04191665577038643,0.0073699614541338785,0.49793961539153064,0.030484840560281043,0.02163440297826397,0.0089248190134324,0.023952374725935106,0.055296995223647026,0.006604309785094934,0.040336089025121126,0.016493616012361885,0.012897432544734291,0.044801361486398975,0.010009947646659448,0.017196576726312387,0.08267888936199572
715,0.003836057343305219,0.011703459949842713,0.01733329614382358,0.008999980690062243,0.34861512079174517,0.0021272681631056213,0.017999961380124486,0.015545989345314397,0.013764676349506956,0.05996581959392382,0.012315763049558857,0.021272681631056205,0.005571416617657579,0.01559996652944122,0.0027857083088287894,0.050365961744504265,0.0065915351532850235,0.0031340312128616946,0.3590530508047694,0.023418255197282786
716,0.09148687082960412,0.008731186124011555,0.06076046731004146,0.00763978785851011,0.008731186124011555,0.012801334537724453,0.38576828267788366,0.017868529458907045,0.009260348919406195,0.003086782973135399,0.01273297976418352,0.22733836611299704,0.003726725784639079,0.04574343541480204,0.002425329478892099,0.013981728055987337,0.04979618128351442,0.02199203625711638,0.008488653176122345,0.00763978785851011
717,0.0067319645271288545,0.008813039179825777,0.006693447478348691,0.04687360881663708,0.011495268495424928,0.0015461472245308383,0.023013925243905622,0.029687963564638258,0.3946067180051795,0.07340430551696271,0.049601984064571294,0.010392602996887657,0.0049418911288742675,0.08392202085577498,0.19603918926330618,0.0056545315233276095,0.02603018821528146,0.003264088585120659,0.0040675565445349735,0.013219558769738668
718,0.010627944322328307,0.046654874228525954,0.009773094616124491,0.00538773164735068,0.015008681017619752,0.0018844980649926147,0.007245570146437123,0.17734079643728212,0.007504340508809877,0.31320435699058113,0.1192463683330899,0.010506076712333827,0.022202124195102035,0.005690126935270534,0.0013042506489209032,0.0026265191780834567,0.004377531963472428,0.2253312922987626,0.005678960385045311,0.008404861369867062
719,0.006609990365260521,0.031740761984503936,0.011622412976181868,0.012711519933193312,0.18976402045512328,0.003349657279692831,0.05614316847894646,0.018361084347945894,0.017094802668777213,0.0047214216894718,0.019067279899789964,0.015022705375592095,0.009720574066559589,0.009533639949894982,0.0035467470095806126,0.00484474131592827,0.007290430549919692,0.006609990365260521,0.20347061127400395,0.3687744400143732
720,0.004412608607384496,0.010338111594443679,0.014473356232221152,0.012922639493054599,0.04364977202454866,0.004889647375750389,0.050509470603468255,0.05434102335467955,0.03618339058055288,0.2702807804417822,0.3504898404066297,0.012477031234673407,0.06558477547872607,0.010642173700162611,0.004044762246875714,0.0035473912333875376,0.007384365424602627,0.005482331906144374,0.01573190894806647,0.02261461911284555
721,0.007010827986141824,0.022367879765309635,0.023486273753575124,0.2225102265084696,0.03613272885165402,0.005461924128738399,0.09550791958160885,0.0293578421919689,0.34887271293515554,0.00671036392959289,0.015603058286265653,0.026602702853092013,0.007576217339862942,0.01671341030683751,0.05747708484724474,0.016271719632422244,0.00909315184756509,0.008098715087439697,0.020422846742239233,0.02472239342481591
722,0.00989478795290536,0.030033746884674525,0.5589006556481997,0.016444487074371343,0.022083637415201852,0.054590242358998065,0.025891161107478036,0.023463864753651968,0.03264537704855926,0.009751216520998217,0.05363169086549021,0.007936701105680824,0.01173193237682598,0.034129257823493776,0.007584279516331949,0.009046309302612805,0.017877230288496738,0.010177267466106749,0.020293072219374677,0.043893082270547924
723,0.007467842304447717,0.015076587293885016,0.012683478199617555,0.00825936968698583,0.019025217299426325,0.5931888042172293,0.0726417387796278,0.01664706513699804,0.030733043329842526,0.009512608649713162,0.028537825949139492,0.014018581167998347,0.012293217331937011,0.03805043459885265,0.0037857596431333912,0.0051221738883070874,0.011415130379655797,0.0075634216718473216,0.07697644245910241,0.017001258012253315
724,0.005913724535599438,0.017866997533087667,0.019529043815235358,0.014233031933137633,0.032298034002120016,0.034997464151976125,0.013995814734252007,0.057214018364316256,0.04141091455542713,0.005998206314679431,0.017494768417815006,0.017866997533087667,0.0053830056670200015,0.022098654843555793,0.6288811619905057,0.005382508108896854,0.007366218281185264,0.006940073421943142,0.017137732327655517,0.027991629468504014
725,0.08413223382071983,0.10094188945214408,0.014663117983138926,0.023686575203532113,0.06745563922651325,0.0423103709742482,0.08738425716978739,0.00350101051288131,0.02960821900441514,0.0013598966454993516,0.0054849164701807175,0.09853615284669358,0.034441475873508515,0.02993719921557531,0.008419837279380558,0.1223713399038693,0.023056168672820815,0.021772508520418406,0.1012912755414202,0.09964591568325291
726,0.0034758544508770614,0.010101701997861461,0.006099140828897486,0.009507484233281373,0.006765882248717674,0.003265196605369361,0.006734467998574307,0.24087808743759043,0.012930178557262669,0.21967789858171327,0.19817396144314833,0.033921313053505264,0.0025254254994653653,0.006877754551735462,0.002810908382013624,0.0029687511818984715,0.03955327004040955,0.17900891709713135,0.007027270955034059,0.007696534855513493
727,0.13448734238099155,0.06300782176497106,0.01253895528437961,0.011610110935685243,0.01683802566759548,0.005694688044643652,0.01637030273238449,0.14900498390364778,0.01253895528437961,0.014665853002128889,0.011247427201422225,0.020321755116063506,0.0041796517614598695,0.011786617967316834,0.004121195093467424,0.004209506416898869,0.04336212452926379,0.43884839662321634,0.008795983557699128,0.01637030273238449
728,0.1434873395276589,0.014568160321867703,0.03790167925862492,0.016302465122090045,0.012107395161874372,0.004182503841550452,0.014264656981828789,0.07109559041853697,0.02535939018991785,0.005669190082355509,0.02535939018991785,0.01850550094939951,0.004279397094548636,0.031122887960353725,0.008350043111314416,0.00459532573911263,0.010219455748175852,0.5101526497327594,0.02535939018991785,0.017117588378194548
729,0.015667452965826233,0.02741804269019591,0.028302495680202232,0.01720347776639743,0.03374528331101034,0.011106042608686952,0.021581634678136022,0.025067924745321973,0.020404124792703933,0.0049923583630712915,0.021399447953323634,0.028302495680202232,0.6522169805440827,0.015667452965826233,0.006050878386801857,0.004880738628826826,0.008365675890606212,0.01185645089305769,0.021399447953323634,0.02437159350239636
730,0.007140701761810482,0.5302670032124105,0.018791320425817062,0.02100206400532495,0.0355543370104476,0.005387221354429444,0.015523264699588004,0.02040200503374424,0.02746423754542493,0.007000688001774982,0.014001376003549965,0.021638490187304495,0.009273638651701924,0.02644704356226105,0.06057958754343657,0.004993497735531806,0.010201002516872115,0.008603255134711421,0.021548741796694467,0.13418052381716394
731,0.006453471219296063,0.0036103841706509286,0.053348695412847466,0.016671467316514827,0.028579658256882565,0.004599025466624779,0.0034016064931223526,0.030778093507411994,0.02581388487718425,0.0053752267865201184,0.01818705525437981,0.08002304311927118,0.007535262836192959,0.020518729004941325,0.5948573399326784,0.02414447626266602,0.009879388039416195,0.006839576334980443,0.012311237402964798,0.04707237830545363
732,0.09489284473459463,0.005625514958265061,0.06437198886921987,0.09096156973844713,0.014032638857721873,0.06753207450278652,0.0917389154279944,0.004583752928956715,0.05788463528810269,0.028609516965829165,0.03523412582754078,0.06262051100665367,0.056865150464809645,0.17757785403011359,0.0005505676863244904,0.03858975685873515,0.03404978546358984,0.012095296925872212,0.007735083067614457,0.05444841639682794
733,0.010351968393832294,0.024844724145197502,0.019409940738435546,0.18159959555614855,0.021417865642411642,0.009270419457163247,0.012856870130883102,0.02700513494043207,0.022726579579112775,0.005318100000424469,0.016786975773782097,0.022182789415354915,0.006584521419840523,0.4618151084928546,0.044603132830210473,0.05534463864568337,0.008393487886891048,0.008748142304647008,0.02070393678766459,0.020036067859030247
734,0.005736625675264062,0.01644084445135827,0.601099318859014,0.09432177077838934,0.010886505109683179,0.14266153047872132,0.022223646927198887,0.012023901165918735,0.014647297783937368,0.0036785451055550466,0.01365426064604331,0.005463563351498412,0.0042624411540558476,0.010600018133112569,0.004426381198442611,0.0045772805574804286,0.005967417615678187,0.004949144377386832,0.013426689635275922,0.008952816995985498
735,0.025202286529247067,0.01927882680387634,0.010860466275923556,0.6469198718002868,0.0163688152108384,0.0026724440626584626,0.012758047149624047,0.013992696873781213,0.09941153362427618,0.006572327319503298,0.030622931232023577,0.012948465763797538,0.006725172140887095,0.025516094299248098,0.0074149333861062835,0.005745345736254539,0.015027919956456016,0.0054949363297707434,0.022244800158318857,0.01422208534712189
736,0.06011988753193093,0.32008273454500263,0.010042681354174769,0.00730376825758165,0.012172947095969416,0.0027514195490889776,0.006925987140810185,0.011158534837971967,0.008198107227897771,0.2983915996993177,0.09902744322734823,0.011158534837971967,0.016844926467707706,0.007347451998492035,0.0020290933175945466,0.002848987618205608,0.013581299894261508,0.09450857945499688,0.006376305621698264,0.009129710321977064
737,0.00811582382106941,0.022230300031624906,0.018260603597406173,0.026910363196177515,0.025564845036368637,0.006909417577396929,0.0213040375303072,0.38612361995658306,0.014608482877924938,0.04168521007340837,0.025354853463546587,0.03450846589276729,0.00852161501212288,0.022230300031624906,0.0053260093825768,0.0072490951191989126,0.10457550442465237,0.18113583737299443,0.015038144139040378,0.024347471463208228
738,0.007173464801737083,0.01271843558479965,0.0054883806254679,0.02045785238010106,0.03905589999837475,0.6398610986667043,0.027717090321427246,0.028640993332141488,0.021480744999106113,0.00999104418563075,0.031823325924601645,0.028640993332141488,0.012635732352415356,0.031823325924601645,0.006226302898291626,0.0034315972859179154,0.012101828168510485,0.008827395179373192,0.01753530204008662,0.03436919199856978
739,0.01532035882392759,0.02271639411823746,0.04705538781634902,0.03659863496827146,0.04117346433930539,0.018182618792746772,0.021959180980962882,0.050675033032991264,0.024399089978847648,0.006217241757341434,0.029944337701313013,0.06587754294288864,0.005749290709968453,0.003264941727568864,0.4940508016988224,0.0083389294864416,0.012429725083563898,0.018822155126539612,0.017336195511286488,0.059888675402626025
740,0.5145556168413287,0.014070464625023362,0.023513100463315215,0.009316929278731683,0.01863385855746337,0.02391145356900733,0.017678276067337045,0.02027802254782779,0.03283108412505451,0.008727250210457527,0.01969865047503271,0.01723631916565362,0.004448082365329965,0.020892508079580145,0.004658464639365843,0.12669797351358011,0.0038521270375935068,0.08780286067242865,0.013518681698551858,0.017678276067337045
741,0.006585145353481163,0.007162043562249655,0.024652082605339735,0.017480567665604543,0.03697812390800961,0.004836573900265659,0.005080422437334513,0.028277388870830877,0.02235886561879651,0.004727949178893157,0.016576400372556033,0.0204559834384734,0.005603821899189549,0.01456713972133712,0.7185656728725646,0.00629402865207904,0.009911662078435565,0.007753477593614917,0.017480567665604543,0.024652082605339735
742,0.03174214530697777,0.2713012142507786,0.01084040773661523,0.010720127480928623,0.029469294280911815,0.0032121671897378853,0.006624797881472743,0.09542699893512749,0.011560921793158317,0.014235895532363606,0.008670691344868737,0.008304324104944708,0.003878993496388646,0.00935884145160435,0.002918846591341952,0.00272966209005127,0.02021087047442259,0.4411778938075937,0.008545029151464845,0.009070877099247294
743,0.08396489780360003,0.029157233675802727,0.010653604612312538,0.012590623632733,0.013849685996006297,0.01060949912440776,0.1445721080685964,0.010653604612312538,0.012043205213918521,0.0076996768488120666,0.08605482623130738,0.009719077891934245,0.018474647952835082,0.03520424709462575,0.0035741125150983996,0.4141696854385939,0.027987538925766622,0.004467640643872999,0.009233123997337533,0.05532095972012618
744,0.0095419337030613,0.03053418784979616,0.020631208006619033,0.027262667723032288,0.022451608713085415,0.014679898004709696,0.010602148558957001,0.03053418784979616,0.031806445676871,0.0036234211840984946,0.027262667723032288,0.031806445676871,0.5684853102027357,0.06536058074640949,0.008598173102624217,0.005033891485174993,0.02847525096963968,0.010602148558957001,0.025445156541496802,0.027262667723032288
745,0.008896000171085789,0.01894038258236394,0.05390724273442044,0.02131413101931667,0.02919975648114441,0.5203702385340434,0.035039707777373294,0.016297538501103853,0.01894038258236394,0.006370855959522416,0.03185427979761208,0.04122318562043916,0.008651779698116861,0.02061159281021958,0.09797565386827979,0.018981750773193615,0.012514181349061888,0.006436295553142232,0.009115239002281193,0.023359805184915528
746,0.08025327241111944,0.1136965741857586,0.0030040299162752988,0.008587243835484438,0.029476889603715185,0.030554118127439005,0.07263947795201242,0.11943882540726151,0.007724648356136481,0.027710992991511047,0.05895377920743037,0.056595628039133164,0.0024976435026439394,0.014862297279184127,0.0745712158629355,0.11509940542376504,0.028497207582206825,0.052113559830734346,0.05053181074922603,0.0531913797360274
747,0.006068339853910023,0.0061717873920687965,0.014109107535542023,0.04055773565881353,0.010865634538865692,0.37690982161786357,0.05169665182944693,0.027268563602345634,0.010121731322992827,0.025548924456251763,0.036358084803127515,0.2757154764237169,0.005111985516663044,0.032596903616597075,0.001877703608785482,0.02137636141691416,0.0303539974044459,0.013134229511312838,0.007127979804924527,0.007028980085411686
748,0.005346456079603713,0.006994156527725195,0.01216056676929472,0.009844268337048106,0.16260567181756955,0.0032526405727641844,0.00969045164428173,0.04573284519869144,0.011276161913346011,0.07450595260853843,0.02574589803778185,0.011701677457245862,0.005440253554684479,0.02413677941042048,0.001985951301613328,0.00893127325350703,0.006328458216673782,0.008844010776337279,0.46270056258172754,0.10277596394114527
749,0.13402417198800193,0.05540171735282538,0.008966448821252335,0.021322027361727582,0.003360522826577496,0.062490420248015384,0.027272360578953884,0.02921793680357169,0.10661013680863791,0.017768356134772983,0.06663133550539868,0.07524841510283492,0.023789038792010105,0.07329446905593856,0.1087734764116236,0.0848262306226336,0.04669700207320502,0.03145872889435217,0.007617185073575657,0.01523001954409113
750,0.017473101535986756,0.05803565867309887,0.01846589139598601,0.007220518286441496,0.003610259143220748,0.012662325528676117,0.07755674386314121,0.11820508351500317,0.021103875881126864,0.08509880576646446,0.07775112166730949,0.053718956788322926,0.002125570232631482,0.04377100182752239,0.007857826125951489,0.023299735972186115,0.1568676142434896,0.1743697023150856,0.03693178279197201,0.003874424446383243
751,0.07327132863802738,0.007952691002334433,0.02675996350258391,0.03185709940783799,0.05146146827419982,0.03584451875305624,0.12424268769056815,0.03185709940783799,0.07843437578343562,0.058685999606747245,0.05797992092226515,0.007952691002334433,0.019349908377724753,0.01609456409651177,0.10608776670312135,0.044599939170973185,0.051087203050387456,0.048167934304651036,0.006676642566384396,0.12163619773901777
752,0.0909638524007018,0.004664266519212317,0.1109091408628841,0.1559307204224179,0.022404795152935197,0.044526592185701645,0.059901709263055915,0.0067707094633727176,0.04928344742963219,0.008523563373399263,0.04752532305168072,0.017821996144380275,0.01891632924096503,0.08492633521497094,0.002358337004096116,0.07063276413103653,0.055403161927095206,0.020499742708131753,0.006173293922486889,0.12186391958184349
753,0.10518071485615618,0.018045602912712785,0.017043069417562073,0.013944329523459878,0.009022801456356392,0.006527132968428029,0.007866032038874803,0.018455255795090577,0.018045602912712785,0.014036219375088787,0.061355049903223484,0.15843236220127435,0.10695092208687969,0.009895975790842493,0.007738888520319223,0.07268336446227774,0.22809273304661995,0.09873754319027975,0.014608345215053206,0.01333805432678771
754,0.2873813720146084,0.009462189950354624,0.017211528196663876,0.014921145690943828,0.020418409892870505,0.13003078454587771,0.0110842796561297,0.017634081271115435,0.025863319197635966,0.008254250807756162,0.01337757889532895,0.014921145690943828,0.0057241042337060595,0.02282057576261997,0.007184255332676658,0.30627818699084275,0.010494669544012793,0.03256478056526281,0.021552765998029973,0.02282057576261997
755,0.1009922021978147,0.1972604062930858,0.011531047888784859,0.006630352536051295,0.006979318459001361,0.26709657478235516,0.009471932194358991,0.0075775457554871925,0.008555293594904895,0.0028214266110856566,0.0344291598401641,0.00884047004806839,0.005525293780042745,0.007367058373390326,0.013387728055225335,0.15537002233194114,0.130960728750511,0.017963039916607356,0.005067961648816939,0.00217243694230277
756,0.01481371825998975,0.19702245285786368,0.01042499507534587,0.016795825399168348,0.003317465119921017,0.014813718259989747,0.05633918640097576,0.06486096862454574,0.016795825399168348,0.22568324417825247,0.11258425877592211,0.01778381512853119,0.02199338081364959,0.02084893681035594,0.0028676620628097327,0.019411079099296912,0.007373777004512932,0.08845906046679596,0.013742038962955923,0.07406859129994874
757,0.37482003007404757,0.012927879533033168,0.015278403084493741,0.02564387383076922,0.0186736037699368,0.26740891811193807,0.012604682544707337,0.017385769027182536,0.03151170636176835,0.0056020811309810395,0.020167492071531744,0.01626410650929979,0.0035312957915250433,0.029658076575781973,0.004236868082254567,0.07132541438267696,0.043055451800546596,0.0032944619453654624,0.014005202827452596,0.012604682544707337
758,0.009291051038260523,0.02409866363048822,0.02409866363048822,0.057142964952197436,0.025705241205854105,0.00952045970587189,0.013070461630095308,0.05404657903990558,0.5759972177658806,0.006219009969158252,0.02084208746420603,0.008203800384847056,0.006169257889404986,0.01495617281090882,0.0953104620525487,0.006072104221855302,0.007728531294988748,0.010861369523600325,0.013529074318870583,0.017136827470569403
759,0.02489393253687497,0.014501343646760442,0.016314011602605497,0.01763676930011405,0.012084453038967035,0.010039391755449538,0.013595009668837916,0.01483091963873227,0.019774559518309694,0.0806136585797631,0.012795303217729802,0.11888518602024949,0.004157335713442771,0.018126679558450553,0.004943639879577424,0.4868774327749174,0.09216679702468515,0.008939184439783834,0.018126679558450553,0.010697712526298689
760,0.006662109272499727,0.15506807454473817,0.012012320770483233,0.01644265267255252,0.017107154257067023,0.006182437404879747,0.090356880307646,0.007885761996020084,0.019815504502819697,0.0038640233780498404,0.014311197696480892,0.011709161751666185,0.0042696390917677796,0.013324218544999454,0.004222976369453377,0.014391984623310079,0.005084241286907686,0.00708995115238503,0.013324218544999454,0.576875491831274
761,0.4380150088135438,0.009455704561327402,0.008621377688269104,0.053104220550084257,0.010285152329864893,0.3401235940522321,0.008257094123976043,0.013323947336415889,0.009160213793785923,0.004375027483599246,0.0096107161115131,0.008621377688269104,0.003354238918501785,0.012213618391714564,0.003664085517514369,0.01402030331923927,0.002218178830659764,0.02981220778345121,0.012744645278310847,0.009019287427727675
762,0.004325646450227338,0.021431611957944536,0.0127431206236427,0.014577547070190908,0.011226082454161422,0.005547005447938586,0.20442666539904839,0.0127431206236427,0.050992286442541813,0.054845169910606194,0.010715805978972268,0.0820640837630155,0.006220563064257302,0.3520386321844352,0.12004354503102889,0.004247706874547567,0.004099960548476347,0.0059682970009465805,0.01347129894499371,0.008271850229382103
763,0.005590750560321059,0.08306319541035088,0.010657368255612016,0.026233521859968037,0.017051789208979228,0.005500577164186848,0.0909739759256224,0.0720785988136256,0.010473327362174083,0.003276897685902131,0.25431152496122256,0.010657368255612016,0.0048719397739940655,0.010334417702411653,0.0031314753088085416,0.003444805900803884,0.05416748318528412,0.0923553144116582,0.009473216227210684,0.23235245202625182
764,0.012332363054514227,0.01272589437976211,0.026866933797334566,0.027862005419458075,0.03959337612238779,0.005861527717768576,0.01880685365813419,0.03270757157936382,0.027862005419458075,0.007423618179356363,0.03959337612238779,0.03009096585301472,0.01030512529212833,0.017911289198223043,0.0663337276855099,0.008494818096931006,0.013433466898667281,0.012332363054514227,0.5605290974585718,0.02893362101251415
765,0.022625134140317155,0.011068976516893704,0.010171491934442863,0.0064029335606237865,0.026070113412711128,0.0030107616125950873,0.09627447750881062,0.010454033377066276,0.07990840343650826,0.08854025867351316,0.14227625724171072,0.019921501758769822,0.0018161978648264154,0.28042047596739667,0.03642560623589671,0.03965594716299721,0.07245957992650592,0.01564206804762668,0.007526904031487719,0.02932887758930002
766,0.0031700267610540594,0.04486470277266968,0.007618290119307337,0.008587890679946452,0.0025716815964079444,0.004143280591202236,0.04133680182431997,0.07884389732513952,0.013120388538807079,0.3531950651641048,0.2647017463587512,0.00749736487931833,0.01412793056155628,0.006214920886803353,0.013900483708690238,0.0025394300397691126,0.019695070413597558,0.0950150069378028,0.008587890679946452,0.010268130160805541
767,0.0022278605600970953,0.010545206651126252,0.005454417233341164,0.005649217848817635,0.38007130505291375,0.002510763488363393,0.19014284938418022,0.029112846260501632,0.004393836104635938,0.11768917356006914,0.1998037165814454,0.005272603325563126,0.005834289570379129,0.003954452494172344,0.0018583405711322712,0.001952816046504861,0.002471532808857715,0.008369136807751107,0.00494306561771543,0.017742570032432348
768,0.011361527670989847,0.05277106456103599,0.036897603080033196,0.030838432249829583,0.03238035386232107,0.011992723652711507,0.07501814858576614,0.08095088465580266,0.017989085479067256,0.008197557939828118,0.015419216124914795,0.034084583012969544,0.0039012474532916946,0.021586902574880707,0.012453982254738871,0.013216470964212681,0.01962445688625519,0.010793451287440355,0.029436685329382786,0.481085622374528
769,0.005818378031666046,0.08574963690588162,0.014598839424907533,0.019117527818331294,0.5997282981936648,0.007795496780290429,0.008193226207856268,0.014395229366354916,0.014598839424907533,0.0028434118792305904,0.011636756063332091,0.008921512981887935,0.0038458861481034524,0.012352864128767911,0.004987181169999468,0.09648063560421323,0.004567900790408685,0.007426910041535171,0.018672934148137543,0.05826853489052329
770,0.04770439423167606,0.02259680216072157,0.021020281079740993,0.02582491675511036,0.021520763962591963,0.014123001350450979,0.6735104336751158,0.01705419030997854,0.012051627819051504,0.0039242703103733395,0.01923132098784814,0.012216781495337982,0.002455473965200426,0.012632297846227446,0.0217379486680059,0.020486042890832317,0.00544501256884857,0.012214487654444089,0.028246002700901957,0.006003949567542151
771,0.008272571093745427,0.025113162248870044,0.012336290227515109,0.017579213574209027,0.0163527568132177,0.003659827506679661,0.01378761848957571,0.013876347912539003,0.20240177668572645,0.005095424224408414,0.014063370859367224,0.014350378427925737,0.007900770145711923,0.01562596762151914,0.5236988687611104,0.06483764582262626,0.0068417038225486665,0.008082397045613348,0.01378761848957571,0.012336290227515109
