site,A,C,D,E,F,G,H,I,K,L,M,N,P,Q,R,S,T,V,W,Y
677,0.21596343854779154,0.006856225190398554,0.003979884952564875,0.0039013261391354507,0.0046720388573587655,0.44248087962202454,0.003907523407972785,0.005116994939011982,0.003837746204258986,0.0014423744123389477,0.003979884952564875,0.003979884952564875,0.0024702734188333697,0.01346758519542573,0.002432854099818842,0.26864704798135974,0.003148588124174144,0.001357690602015705,0.002984913714423655,0.00537284468596258
678,0.03575258351431098,0.08564730006317163,0.14274550010528606,0.05587684816955584,0.0533905247147044,0.10335555116231496,0.05339819753197616,0.01772013104755275,0.010705912507896452,0.011746467148395483,0.039903855711250436,0.10438224953467072,0.0006176522322581916,0.026754088235248927,0.0102009811855488,0.0884922278624728,0.06947613151977561,0.03043014998074321,0.01021928012117389,0.04918436765169249
679,0.544682034540734,0.009179925838571544,0.02196887148967264,0.011053380091341247,0.01934341515984718,0.0027775160229524154,0.020831370172143118,0.02850608549872216,0.01934341515984718,0.004476162185749761,0.01747147175728132,0.02005983794354522,0.007018054022043709,0.016412594681082453,0.0040419076453412014,0.21767795408122084,0.0034750644289149733,0.0032324418337794703,0.012035902766127135,0.016412594681082453
680,0.004595443256870635,0.007102048669709164,0.009300301829381049,0.00952713845936595,0.003259094752657924,0.003075690368771685,0.006140596488984191,0.43992949698314493,0.010279280969315895,0.3930977254074099,0.011836747782848607,0.011160362195257257,0.007628670584501866,0.011160362195257257,0.0025278420971232823,0.0026040845122266934,0.005072891906935118,0.04379914051868009,0.008137764100708416,0.009765316920850097
681,0.03953760353462471,0.03932657079990301,0.0018979648591909094,0.0015183718873527277,0.026048509870859667,0.010458184914788194,0.10822735714086211,0.029670493148141106,0.08335892045351224,0.010753359203098478,0.07502325126326831,0.08158171602107539,0.0010352535595586781,0.06798476335089616,0.09145167566628261,0.06117417377740998,0.06946269298895912,0.04362791448114239,0.047753467841170114,0.11010775523790411
682,0.005024111349774035,0.005073892108744381,0.006553188717096566,0.010921981195160945,0.762677337865389,0.003410030327900928,0.012773164448578055,0.008249572075100006,0.014492628893578946,0.09696823475581222,0.01322134565730009,0.011962169880414368,0.007031573652600825,0.014492628893578946,0.0035051939649586284,0.0015398254808932194,0.004769725964975349,0.003132025760349791,0.008103405402861346,0.0060979636049322
683,0.002407199367379642,0.004613798787477648,0.009688977453703061,0.0048444887268515304,0.3532690776742031,0.0017859866274107022,0.008074147878085884,0.1248041803833982,0.00824593825847069,0.3904118561314098,0.03654153528555718,0.00993741277302878,0.005784464151464513,0.006920698181216472,0.001967305066741738,0.012990821651470459,0.0051674546419749655,0.0020696109721539792,0.003675763564350452,0.0067992824236512706
684,0.006775263586576328,0.015424536250290789,0.014971060962048532,0.01647620917644698,0.02499838633667818,0.0038561340625726977,0.022654787617614598,0.04493636118044426,0.01830402003169653,0.005330538262968141,0.013941407764685906,0.7295236237976951,0.008332795445559394,0.011884478750224053,0.005215490674558757,0.004870408213593566,0.013403562967203965,0.004393655780385862,0.009930865804981742,0.02477641333377478
685,0.002183290063028138,0.0043115371688447505,0.29996876961022256,0.02509200743686479,0.0053124297258979975,0.003193635373927579,0.006572982158520703,0.007083239634530663,0.00561313329528845,0.0019572109516466304,0.004507516131064967,0.006653071848120936,0.0027545931912063685,0.00676127419659745,0.001814000394209072,0.0016799447629485603,0.002833295853812265,0.0034028143609294717,0.0043115371688447505,0.603993716673494
686,0.006446248388211493,0.014181746454065287,0.018233674012369652,0.010461944105457997,0.013024052865978323,0.004312017502925255,0.021272619681097928,0.1663360004844419,0.017431206394593977,0.005313913520999836,0.64303294722734,0.013873447618107345,0.010129818895760917,0.016794173432445735,0.00300162165779867,0.004985770237757327,0.002831385892931225,0.0023221949181495335,0.008288033641986206,0.017727183067581608
687,0.03461290309067624,0.009828326388455133,0.012965026299664218,0.009381770314994818,0.014171075257772519,0.612913680478884,0.02176272271729351,0.018465340487400554,0.015624518873954317,0.003761458247433447,0.025389843170175765,0.024374249443368735,0.007085537628886259,0.016035690423268904,0.004882960676203195,0.004914163194227566,0.008463281056725253,0.12980547455047245,0.0103280717980376,0.015233905902105459
688,0.00790950530192741,0.015344440285739174,0.01667873944102084,0.00573148266226391,0.020190053007551546,0.0044303758731657475,0.017436863961067244,0.020053016745259482,0.7723967560569328,0.005080940491966614,0.013949491168853795,0.01341019588381129,0.009026141344552456,0.021600107420215,0.0038072745039045624,0.007672220142869588,0.00907747059028337,0.006041118222731959,0.011451074840103862,0.01871273205577948
689,0.0009546046154754566,0.010620138069069102,0.0014420884138786763,0.0013433152348458904,0.0030764623285126328,0.0003457615599627194,0.0032687337381249993,0.035253650814205936,0.0021791558254166663,0.017104011837553397,0.001782945675340909,0.0023917563937499997,0.0011402559551598839,0.0021791558254166663,0.00043390270860066367,0.01803710546246736,0.7965517323414908,0.09853526478519205,0.0012735326252435065,0.0020864257902925526
690,0.005423203682696799,0.012898430380468066,0.011640046928715082,0.01403652717874466,0.01403652717874466,0.0099182730815642,0.020749648872926883,0.012898430380468066,0.004300717032639023,0.004820625495730488,0.2365926603097254,0.015908064135910616,0.00782363809962817,0.02386209620386592,0.47983659123106953,0.09137263545916519,0.00866340622714185,0.005187412218231721,0.005117255775147532,0.014913810127416202
691,0.006928621590804163,0.01567188216967608,0.013712896898466572,0.010008856761874184,0.016054123198204765,0.0038047343995745403,0.01241922737974331,0.015307419793637103,0.6626145539251168,0.005182827174223586,0.012658058675507605,0.017820293431749113,0.006928621590804163,0.016054123198204765,0.13817195739842933,0.006928621590804163,0.009247931884968554,0.004735388857024427,0.0063904762245281105,0.019359383856658686
692,0.030072814588000256,0.003481996576881337,0.19275236826584696,0.07431303872086971,0.026110769228413773,0.11427057252325784,0.036863636436947185,0.0051759408575263125,0.004910507993037783,0.0032074193319707543,0.004352495721101671,0.10333725634421294,0.0021045034255876213,0.00883447079156857,0.0010698872163601872,0.013796296852586532,0.0023938726466059194,0.001222148091722007,0.06474405022963822,0.3069859541578644
693,0.028077770215010144,0.1852809440658164,0.001647387611836605,0.001684828239378346,0.002745646019727675,0.0005532271830794569,0.04928473112150716,0.15363729325111974,0.0025184824016047658,0.12292987854105905,0.030262554197416674,0.005295174466617659,0.0011931454166251283,0.03445067553723772,0.012326542146527456,0.016437204384020236,0.07425259155389718,0.272966228059755,0.0018081083544548104,0.002647587233308829
694,0.06317607602487105,0.026934001063894868,0.04556335179975548,0.15201045457736495,0.006194351413596192,0.26938445618525875,0.07412950658892903,0.005126359790562366,0.025112584252374195,0.03455496800071175,0.048352944767087444,0.03591200141852648,0.034186011531805026,0.14924695278008637,0.0005547118207368952,0.005971605740465987,0.0032318355201371436,0.009298643224439894,0.0036259618030806966,0.00743322169631543
695,0.007551333149191278,0.023740717125570503,0.012968987126548093,0.6930605543492018,0.03129458166552475,0.0014628377565171103,0.03623583140218656,0.026480030640059406,0.014850871281593892,0.00529600612801188,0.015647290832762374,0.03442403983207722,0.01128657043674663,0.022209057956178852,0.006092750412757031,0.007649786629350495,0.009303794549210062,0.004381678902431071,0.011474679944025741,0.024588599880055163
696,0.004859051022123736,0.20929531569157464,0.010527943881268095,0.006649227714485112,0.015313372918208137,0.0023715159406371817,0.02659691085794045,0.02105588776253619,0.015313372918208137,0.09178101307353291,0.01010682612601737,0.022970059377312203,0.0072191615185838364,0.013298455428970225,0.0022084803941312546,0.006082009805195506,0.008021290576204263,0.005053413063008685,0.5083192225377321,0.012957469392329961
697,0.1452681672731452,0.045950209409343676,0.02348084600320235,0.04427527580376413,0.019321381854063645,0.09016644865229703,0.09861955321344987,0.007014864812757425,0.0257381133457943,0.0506197606469036,0.05160842784703844,0.051011644193046816,0.0006150429025686657,0.11065882334600091,0.012208195237173152,0.1166283411915581,0.0520635180752869,0.016306698160521802,0.01279388798444755,0.025650800047636223
698,0.14873863893960665,0.011101245503380834,0.024025883987993303,0.20416083684378547,0.005075730409950655,0.014304960648651815,0.16270658722724018,0.0058577737813565785,0.00728263767411899,0.0012302079679034693,0.010525625366168493,0.010525625366168493,0.2713069423111002,0.02786194949868131,0.0022030378673375916,0.06456549323884961,0.019598909607241578,0.0019813058378117844,0.0030972137234758917,0.0038493941991771807
699,0.006469278696737845,0.01610267032877988,0.020243356984751854,0.008856468680828936,0.02443163774021775,0.005535292925518085,0.030805108455057167,0.02285540304730048,0.018645197222797758,0.0032963862482399023,0.015074840307793934,0.028340699778652594,0.011781947572987962,0.017280914499178412,0.004512850283224935,0.7127265039968038,0.011982902812849089,0.00730430406666304,0.00932259861139888,0.02443163774021775
700,0.03795298208800579,0.052368782974293315,0.0023980402689205756,0.0065777215330030244,0.023113382609024524,0.009675369464242821,0.050429198419689854,0.048879854482581676,0.02959974689851361,0.062450111996476376,0.07564379762953478,0.14626290579260087,0.083341943208091,0.08685028616724365,0.012725124834875009,0.02787787996546089,0.08650589759305152,0.10473756594858664,0.010806256804219254,0.04180315132158501
701,0.0059570725305663225,0.015948149536103004,0.021264199381470672,0.005622744489271712,0.010812304770239324,0.6412086029418183,0.022783070765861436,0.02057825746593936,0.015188713843907624,0.006645062306709585,0.017241242741732974,0.01483548794056093,0.02434261462297335,0.017241242741732974,0.002977129170605833,0.006316098826179408,0.009245304078900292,0.10338913105614872,0.013867956118350436,0.024535614670927693
702,0.0016065789590534421,0.0936661877161121,0.0034746940277202354,0.0035574248379040504,0.20182101900441635,0.0021953181433922394,0.08822258410063791,0.048000674790239554,0.0045276316118778815,0.1117336128081819,0.027560196051812185,0.0041503289775547255,0.0019404135479476642,0.0037352960797992526,0.000637492676913484,0.001204934219290082,0.005950496874823086,0.03445024506476523,0.15009336618692284,0.21147150432063577
703,0.05590944497367515,0.04254746514949681,0.09883991164989002,0.10283344343372398,0.036304834398490374,0.029420305513702498,0.06353346019735813,0.04983574147720665,0.002495957364896213,0.03708279513560087,0.05476843589257975,0.05399568756727806,0.01668938655930602,0.09681289172930765,0.013956051023452069,0.04565136157397683,0.04310525952184887,0.047374249592539885,0.01566090895621153,0.09318240828945859
704,0.0043773030320540555,0.06794619631845103,0.15110335077075002,0.0274240671887724,0.009031402929468796,0.001413610893308159,0.028590559233497872,0.00878731095840207,0.0040974499158557285,0.0022422793480060457,0.004852694111356367,0.32726586272077124,0.005002007776321178,0.028452469708351368,0.0017480134702197666,0.23956571752778322,0.0727115185537715,0.0025203915152005934,0.0061188106899680355,0.006748983337690536
705,0.003928773442597008,0.19127443009373304,0.010866820160374704,0.006305438858489025,0.01064042807370023,0.0019116283537111115,0.02220611076250483,0.010866820160374704,0.00798032105527517,0.14049769935578157,0.00798032105527517,0.015021780809929736,0.007622993246830014,0.008372795861272311,0.013835791071182775,0.0030767502863711504,0.00928619177341111,0.003095397257803703,0.5145890802476824,0.01064042807370023
706,0.009483111288662048,0.025683426406793042,0.015718453605350236,0.6191622785191804,0.024656089350521323,0.0026834687056069804,0.041093482250868875,0.04741555644331024,0.009869746815346029,0.007802559921051051,0.01503420082348861,0.038525139610189565,0.014009141676432569,0.041093482250868875,0.004970985756153493,0.014595144337872592,0.01812947746361862,0.008939221985645791,0.014334935668907745,0.026800097120131868
707,0.008742189569237691,0.014552914802759838,0.34155620559277655,0.3359446075271188,0.018595391136859794,0.0027141211730847435,0.013388681618539053,0.014552914802759838,0.00438729906245175,0.004462893872846351,0.028378314279567766,0.06981966211639686,0.006973271676322424,0.07649806457970437,0.0040285244709025265,0.011278560803417959,0.014662129044443343,0.0035924053325705565,0.00727645740137992,0.018595391136859794
708,0.00555311928951409,0.011813973470817607,0.025976769960743006,0.014561409161705422,0.07555779199682557,0.0039186718158429595,0.025045623758133323,0.005519477913832295,0.031307029697666654,0.008238692025701754,0.02319039236864197,0.01956689356104166,0.010099041837956986,0.029816218759682534,0.007635860901869916,0.005797598092160492,0.0336064870446654,0.6293948455362994,0.016477384051403508,0.01692271875549549
709,0.008651029296950058,0.011256866121630068,0.010368166164659274,0.06920823437560049,0.01876144353605011,0.0026092073791857775,0.01922450954877791,0.02814216530407517,0.006566505237617541,0.00485448878368216,0.035190627648610404,0.020736332329318548,0.39639604307464116,0.1716608889311606,0.0019219039719856215,0.022606076799432422,0.11035983508687867,0.00814214522065888,0.006156098660266444,0.0471874325288185
710,0.005284582052099743,0.009562622029329901,0.010764889365388367,0.008187380644098192,0.5852311027163493,0.002716373952013887,0.021529778730776734,0.017384305816043312,0.01709717722738152,0.19052357716856785,0.01875174276551522,0.026422910260498717,0.010167034762982469,0.017615273506999145,0.00412272358674448,0.0021903439632640362,0.0074526157144996375,0.004472788684024472,0.026422910260498717,0.014099866792924399
711,0.007766984833369006,0.5853043061590577,0.029126193125133766,0.012944974722281675,0.020804423660809836,0.003149461613684851,0.038834924166845024,0.06472487361140837,0.022404763942410588,0.007191652623489819,0.019417462083422512,0.07281548281283443,0.010219716886011847,0.03236243680570419,0.0029189506108721467,0.006081557436466046,0.016181218402852096,0.006934807886936611,0.00939554616939799,0.03142026244701158
712,0.0025155934563207546,0.008029295810840461,0.0075832238213493245,0.005687417866011994,0.004109440269573829,0.0029673484518323444,0.008029295810840461,0.010919842302743026,0.009413657157537093,0.0027575359350361177,0.013649802878428782,0.010499848368022141,0.0021814127003939024,0.010919842302743026,0.002373878761465876,0.2743988720094929,0.0038286309546312807,0.004265563399508995,0.006658440428501846,0.6092110573147258
713,0.0027354077563515383,0.010109115621299163,0.006458601646941131,0.00387516098816468,0.01367703878175769,0.0011625482964494039,0.23380299559969073,0.008583771283110908,0.005812741482247019,0.0025153689176726935,0.009300386371595231,0.6764848109940038,0.002799787619166859,0.0055359442688066845,0.0008400738759608966,0.0025550512009877005,0.0046501931857976155,0.002801321196263623,0.0036329634264043874,0.002666717487328055
714,0.0063869831847618375,0.012773966369523675,0.011496569732571307,0.01231775328489783,0.026530545536703018,0.005306109107340603,0.34620219028927157,0.026530545536703018,0.011125712644423844,0.005191521637213036,0.01567714054441542,0.45551437707531106,0.004587991520206445,0.010662167665601373,0.005816239853645415,0.008843515178901005,0.006762688077983122,0.006507492301455456,0.01815247852511259,0.0036140119339582296
715,0.004063239849176627,0.010473128964567894,0.011738248453176921,0.01142099849498295,0.42472521385427225,0.0029550835266739105,0.023476496906353842,0.013924062733752303,0.019208042923380415,0.08412609776802248,0.01625295939670651,0.01837291062236388,0.006036813490205273,0.013205529509824038,0.0036429046923652513,0.0035578560739107637,0.008624019271721819,0.004214747411538773,0.13036069118484025,0.18962095487216374
716,0.08801992601953695,0.03738966088180331,0.008096092835991255,0.038768081559473484,0.006532684847807166,0.010271884857638271,0.2871903436698097,0.0074154800975108365,0.010552798600303885,0.008012070188957852,0.01143219848366254,0.2756141192016865,0.0039196109086843,0.10682760251943803,0.005060254856183905,0.02819660045443161,0.04225494837463267,0.012326261829165927,0.004497914157506573,0.007621465655775026
717,0.0029548028480901657,0.005818688685469866,0.008595790103535028,0.002430448553053453,0.010806136130158323,0.001427225526624684,0.010222020663663279,0.015128590582221654,0.38097006479299605,0.05522058331839883,0.11191490773406443,0.009353653621428938,0.0038593343321994007,0.09667703713431491,0.20479863614101176,0.010551703818802325,0.04649796350850383,0.003744700639163775,0.003899121284077745,0.015128590582221654
718,0.007099146666194417,0.07234368507455266,0.008257202667734661,0.0057800418674142625,0.010703781235952338,0.0015537746955414686,0.005160751667334163,0.24503506234929126,0.0048167015561785525,0.29080136772999976,0.08248430951871699,0.008257202667734661,0.001192324415500057,0.004897176749964839,0.0013914364807976816,0.002428589019921959,0.002752400889244887,0.23227946958537563,0.004737739235585461,0.008027835926964252
719,0.006703758164627558,0.004696918964889617,0.010645646159778267,0.012150561673387449,0.16540904707988102,0.00363381283690092,0.10442178607501597,0.045441267593946885,0.01767354425219993,0.004628785399385696,0.012150561673387449,0.015552718941935937,0.006271257637877394,0.012150561673387449,0.004795055261150577,0.005098461058440882,0.010508593879686444,0.012622574331651912,0.1549134122520916,0.390531675090377
720,0.005698296135210154,0.01709488840563046,0.014652761490540395,0.014652761490540395,0.08301561193915745,0.0047339690969438195,0.009655155239865197,0.27584440361807655,0.016195157436913066,0.30881373622163605,0.15820414662531948,0.016195157436913066,0.001258128736104937,0.016195157436913066,0.006989532611729233,0.004395828447162118,0.00654697853832656,0.008791656894324236,0.011834922742359548,0.01923174945633427
721,0.010268909111061519,0.012638657367460329,0.027383757629497383,0.010443983627649998,0.027383757629497383,0.008994003365637503,0.009957730047089958,0.023471792253854897,0.3295773535615532,0.006706226358244257,0.01698297100633639,0.3003155007112146,0.00912791920983246,0.013495578117752682,0.09261817298853224,0.025394833032388247,0.03431969615317681,0.005867948063463725,0.013144203662158743,0.021907006103597904
722,0.0028014385513398573,0.00705913597644327,0.15577199306478032,0.0037400845850792254,0.012941749290145995,0.0012767609768644119,0.008173736393776419,0.01109292796298228,0.006470874645072997,0.004197324094101403,0.01109292796298228,0.0019304322723784934,0.003529567988221635,0.00705913597644327,0.00277323199074557,0.003106019829635039,0.0030451174800343516,0.0025422823587530415,0.006212039659270078,0.7451832189409501
723,0.006469689851617735,0.010385554761807417,0.01195912366511157,0.004480545811522335,0.01273068003060264,0.3961817729748142,0.021925060052704545,0.009396454308301948,0.015178887728795453,0.006469689851617735,0.01973255404743409,0.014094681462452924,0.010962530026352273,0.026310072063245458,0.0023868587899014107,0.0033445006860057785,0.008770024021081818,0.0690388858538207,0.34006317552694626,0.010119258485863637
724,0.0044014099193335696,0.009557347253410039,0.011946684066762548,0.007117173486581942,0.017605639677334278,0.002260175358808889,0.006558963801359829,0.5281463277900765,0.00965643992057819,0.0030972884617532525,0.007117173486581942,0.01286565976420582,0.003635947324666862,0.011946684066762548,0.33632305747186897,0.0026807432992161963,0.005226674279208614,0.005146263905682328,0.005669612777446632,0.009040733888360845
725,0.07619283013536836,0.03804772113611413,0.015491387297620765,0.07837804600309749,0.056523705267592615,0.041536282191745676,0.1283848722290321,0.004601575939544083,0.019078866461280316,0.002369270998459647,0.028769719267009993,0.04769716615320078,0.02264268560574899,0.012946373670154502,0.012205335446610302,0.13852429564361948,0.041691951386282934,0.019528536714576484,0.08817530175348468,0.12721407669945675
726,0.0043870060952882544,0.01336042765383241,0.01336042765383241,0.009797646946143766,0.008883474902925658,0.00408235289422657,0.008906951769221606,0.2950170238929938,0.026720855307664826,0.24675542905484477,0.14262889717312843,0.010816399654428346,0.0033401069134581024,0.00918529401200978,0.0034991596236227736,0.003400541691266254,0.0020388643861581138,0.1772564514898063,0.008397983096694659,0.008164705788453137
727,0.002957735371099661,0.05063136022167957,0.014052725766373205,0.00930644927590151,0.024759564445514696,0.004997416042497394,0.02166461888982536,0.1518940806650387,0.022606558841556896,0.004478975904834949,0.005976264331713982,0.02736583438714782,0.005199508533558085,0.01083230944491268,0.00514802825104761,0.005048066537435035,0.0797443923491453,0.5225242083196325,0.011554463407906859,0.019257439013178095
728,0.09011167622312612,0.008930019418929134,0.00985007443937694,0.018475902246060275,0.11908687654076906,0.0033780918877752563,0.015758857798110235,0.006129440268452581,0.0282000613229341,0.006448658581134732,0.03827151179541057,0.013395029128393698,0.006088649603815317,0.023295702831989045,0.011906692558572176,0.006614829199206766,0.007546495283602085,0.5386720411280786,0.025514341196940377,0.02232504854732283
729,0.005814413431166682,0.011083725603161487,0.015420835621789895,0.014187168772046704,0.01688948663338893,0.004489610370900856,0.23452526279207495,0.014778300804215315,0.014187168772046704,0.0024135337604065214,0.014778300804215315,0.013136267381524725,0.35608166757781723,0.008650712665882136,0.003377897326677786,0.018083014425770073,0.21917157180212493,0.005293719691062203,0.01074785513033841,0.01688948663338893
730,0.008511083128796868,0.615210681967097,0.030639899263668717,0.030639899263668717,0.06491081083033283,0.006306176950670567,0.018023470155099246,0.030639899263668717,0.032252525540703916,0.008754256932476777,0.032252525540703916,0.02451191941093498,0.010213299754556239,0.021130965009426704,0.006927816187423443,0.016366515035515658,0.01494629232374084,0.007958415393160707,0.013038255005816476,0.006765293042537587
731,0.0065743067129215745,0.018308612303765487,0.05522417638854123,0.014532677996984532,0.019722920138764723,0.005020379671685566,0.003177104884790517,0.022089670555416493,0.01904281944432456,0.004585331998787607,0.017257555121419133,0.03068009799363402,0.0066777684915275155,0.017814250447916524,0.5550745287309374,0.1421342561568803,0.010040759343371132,0.005522417638854123,0.012005255736639396,0.034515110242838265
732,0.09658297625490733,0.03573570121431572,0.11454133570875762,0.011284958278204962,0.03126873856252625,0.0752330551880331,0.08155774355330082,0.0035398966056908545,0.025989600883138706,0.02047718544518741,0.01588253387302921,0.2163378985534776,0.050821570659918644,0.10685765370183661,0.004171835423230284,0.03327117009608705,0.02522520085716403,0.003486409874567387,0.004523201218382758,0.043211334048243594
733,0.00521298580975782,0.018044950879930917,0.008378012908539356,0.0373605485985735,0.012346545338900103,0.00434415484146485,0.023751356462624135,0.012346545338900103,0.5622457594260778,0.0032463264483331604,0.007819478714636731,0.009774348393295915,0.004026405643398621,0.2352943916323319,0.001724064527848296,0.02529021751288052,0.00617327266945005,0.004189006454269678,0.0067024103268314835,0.011729218071955098
734,0.007874126400417722,0.010662563663577245,0.45085647535264634,0.0726125114690324,0.0074637945645040695,0.005386316586523729,0.0717938251576432,0.009735384214570528,0.011195691846756109,0.0026188752857909023,0.00844957875226876,0.004439144473917193,0.003418531861604918,0.008780934781769495,0.0029657461845711544,0.0033172420286684758,0.004306035325675426,0.0035237835055960945,0.008780934781769495,0.3018185037626968
735,0.0062978265835418904,0.017538721928072,0.010453104348887746,0.6879045981457456,0.02072758046044873,0.004660002127652266,0.018000267241968633,0.014250211566558502,0.013908416741998239,0.01728637251997746,0.037453807126617826,0.024428934114100284,0.007600112835497867,0.023586557075683037,0.009370002125956275,0.006162253650403677,0.0164181072335859,0.02429203114100015,0.02011794574102377,0.01954314729128023
736,0.09151928409625912,0.2838334554066415,0.0074853640004669715,0.009980485333955964,0.009980485333955964,0.002281253790618506,0.004435771259535984,0.012606928842891742,0.005443901091248708,0.24054306803938008,0.10484102151602474,0.01041441947891057,0.0018886585645275166,0.026740819386908275,0.0015475141643469723,0.003822672800089448,0.007508821571604271,0.16125741083872475,0.006141837128588284,0.0077268273553207445
737,0.008105587452357847,0.01968499809858335,0.025836560004390635,0.04133849600702503,0.034448746672520854,0.0073818742869687535,0.04133849600702503,0.41439812503562,0.020669248003512514,0.0701540907417727,0.017210190922613382,0.019589868048548502,0.010082560001713422,0.020669248003512514,0.005741457778753475,0.01154196484052963,0.006696939587793363,0.15573225450895486,0.031798843082326944,0.03758045091547729
738,0.005071236360461481,0.38593259038411976,0.003424357268586853,0.01765864477546772,0.015621108839836827,0.40778938079650223,0.02030744149178788,0.011945553818698754,0.015042549253176205,0.0070025660316509935,0.021376254201881977,0.015042549253176205,0.006061922833369515,0.019340420468369406,0.004275250840376396,0.0031104844294200353,0.007521274626588103,0.005948549193217239,0.011281911939882153,0.016245953193430304
739,0.0115441943332905,0.011883729460740221,0.04489408907390751,0.031080523205012894,0.04489408907390751,0.009832541770441227,0.02020234008325838,0.031080523205012894,0.028860485833226257,0.22075186480009087,0.017567252246311636,0.03673152742410614,0.005756831178678542,0.00800284355000976,0.40516368822177184,0.00696632416664082,0.009620161944408751,0.013033767795650568,0.01836576371205307,0.023767458921480442
740,0.5215453787135549,0.024005880349200048,0.14307124487302358,0.01153161097335017,0.02731171020003988,0.03356034954628666,0.01526242628825758,0.032432655862547365,0.02075689975203031,0.007520615852184894,0.02162177057503157,0.017297416460025257,0.005241641351522806,0.017297416460025257,0.004804837905562572,0.0611122941213352,0.003613082574226418,0.0032053678857893275,0.012067964972110644,0.01673943528389541
741,0.0063878690069267005,0.005715754322068658,0.014329543988511249,0.012049843808520823,0.017673104252497202,0.003811859424236429,0.003101325499386347,0.023051875111952877,0.016066458411361097,0.03299748294527229,0.021207725102996646,0.015148375073569031,0.004946715564569571,0.022091380315621505,0.5329396352768612,0.22587504739514647,0.007683958370650959,0.00726291955582077,0.012931539696949174,0.014727586877081004
742,0.00094884902869979,0.36681158749137294,0.007144552697158376,0.008613893034879153,0.03555927358888344,0.0025371667280502173,0.006207069981015861,0.045447001311536145,0.010049541874025679,0.002737592415142674,0.028138717247271905,0.009175668667588663,0.0034596783500744147,0.008980441674661246,0.0026054367821548054,0.0025894525074176594,0.016088227521551444,0.4254882536870431,0.01082258355664304,0.006595011854829351
743,0.04305595878573738,0.05234799137834604,0.01273329520013823,0.019630496766879765,0.012398208484345115,0.007001443436423747,0.04876005250366539,0.013856821247209246,0.012398208484345115,0.005330195614359264,0.06826407350513154,0.043884047253298857,0.0019617846278707743,0.06826407350513154,0.004403102078552471,0.47355199584126245,0.05302136980634429,0.004244431733379408,0.011778298060127857,0.0431141516874515
744,0.007252491750324118,0.021330858089188578,0.022664036719762866,0.017267837500771707,0.011332018359881433,0.008058324167026796,0.026430805400367217,0.011697567339232447,0.019085504606116098,0.002321147690392428,0.012950878125578779,0.019085504606116098,0.36383051438093245,0.3935754108770307,0.004527773093172102,0.01623729824329106,0.0059446653691181284,0.006973549759927036,0.012950878125578779,0.016482935796191176
745,0.011479310369662172,0.05748079086799119,0.02623212901344532,0.018809692484404877,0.021860107511204433,0.39489769044354917,0.014573405007469623,0.01639508063340333,0.018737235009603802,0.00397456500203717,0.01639508063340333,0.021860107511204433,0.006245745003201267,0.039794393677840066,0.0021904422479752093,0.02028733795340866,0.006346482825833546,0.08728082981768975,0.18236941271986604,0.03279016126680665
746,0.05904331625908893,0.16634844044738406,0.0034701571065772134,0.0190588059557043,0.051625378069877804,0.022527437703219407,0.05936918478035946,0.01877286475268284,0.011472306237750625,0.03488201220937689,0.05736153118875312,0.11701752362505635,0.002196544850029457,0.013899140249582484,0.07915891304047931,0.06817719212526098,0.03740849087324205,0.036382798795141114,0.014750108019965093,0.12707785371046848
747,0.00381031686587594,0.01124415156328091,0.006644271378302356,0.0053128307228461945,0.011851943539674472,0.44081968493998136,0.045142262939369675,0.02325510515058438,0.01754087643871822,0.029723954822753973,0.04567967083150503,0.11369162518063475,0.007308698516132593,0.06771339440905451,0.013679340523586613,0.017441328862938282,0.016683010216723578,0.10039525062076739,0.0125291974562273,0.009533085021042512
748,0.0036167914287713434,0.32517697832593656,0.007233582857542688,0.018506413267047474,0.0528754664772785,0.0020239787707483988,0.034090761281403245,0.018506413267047474,0.008238247143312505,0.09499941086847595,0.042300373181822816,0.00898717870179546,0.0034485685716191877,0.0067403840263465945,0.0012341781489778666,0.0019133993365112914,0.0036614431748055575,0.006909060953031058,0.2981739999110001,0.06136337030652584
749,0.09058637446589075,0.045866831018064574,0.004197581283450636,0.012439678183696267,0.008293118789130841,0.047786079191908956,0.016083624318314355,0.09708662767293892,0.19903485093914025,0.04975871273478505,0.020413830865552842,0.042288105741043455,0.028816493570313226,0.07519094368811963,0.09488063768428288,0.07606262431150333,0.06139012523415337,0.0143096951655591,0.012062718238735769,0.003451346903415931
750,0.03688116992470852,0.03671428680287726,0.005234626473743096,0.005444011532692821,0.005234626473743096,0.010185975911773875,0.040620061994672725,0.13640415931977298,0.0340918377455289,0.0898698004283371,0.12391071795971077,0.07640344871279668,0.003671428680287727,0.005444011532692821,0.011441781161170655,0.01866841670078026,0.1364079632502873,0.18153169270672884,0.016271104378547882,0.025568878309146677
751,0.0530855059864193,0.01916976605065141,0.011602592289823343,0.01916976605065141,0.011602592289823343,0.016390613688374557,0.05111937613507043,0.05750929815195424,0.16839323903317316,0.09373406140534589,0.0584221441543662,0.02359355821618635,0.020627441832426624,0.01872014706001168,0.11627732956519297,0.0546858442375172,0.09564270373658339,0.06355381897873622,0.012620617047645322,0.03407958409004696
752,0.05232664374545995,0.008309907758352263,0.3213516992726154,0.13342940281680368,0.008020885699307432,0.02967243407809424,0.06047747817277802,0.006331358292077915,0.000957034454359319,0.01377270504946868,0.010572985694541612,0.017230050761475216,0.014214791878217056,0.09304227411196618,0.0014773169348181801,0.04855361391765226,0.04920504880921288,0.019012044282892028,0.0032428908325277126,0.10879943343737981
753,0.015653075653682146,0.247056860319973,0.015147210166872115,0.014137396155747311,0.015147210166872115,0.005301523558405241,0.009502186935383579,0.019859218512906004,0.014137396155747311,0.0037203674094071874,0.02650761779202621,0.09679858609548866,0.08371403368793212,0.016312380179708433,0.004001149855400183,0.061470774453155755,0.2127360425118321,0.11117558714398786,0.015147210166872115,0.012474173078600572
754,0.2087735547939133,0.15696713876590762,0.00558978609524432,0.011571709485270969,0.01602236697960596,0.1937129041467408,0.010414538536743873,0.013018173170929842,0.014877912195348389,0.004628683794108387,0.017357564227906457,0.026036346341859685,0.0034664528943563052,0.013018173170929842,0.003719478048837097,0.2565079371855194,0.0017722046582385662,0.007149258259475049,0.012252398278522203,0.023143418970541937
755,0.1807894382812057,0.14720599015837046,0.012231396492848318,0.007725092521798934,0.005645259919776145,0.21724992620230893,0.005871070316567192,0.008154264328565542,0.0063815981701817286,0.0022933868424090593,0.023315339820620607,0.00698936942448475,0.008548957934227556,0.006115698246424158,0.000453525056629233,0.13738623976483827,0.17328968785596396,0.04505531884255063,0.003557128408722363,0.0017413114115066809
756,0.03894783447562362,0.017310148655832715,0.005997353589307808,0.00799647145241041,0.0016627002524064152,0.02786511734841364,0.02701869173401015,0.40508378573693343,0.009995589315513014,0.12030013008897159,0.18175656088624353,0.007496691986634759,0.0007049419766517368,0.009441899266817844,0.0015765917792223646,0.014425123879860596,0.01298261149187454,0.08746180373473372,0.005997353589307808,0.0159785987592302
757,0.4019662320879841,0.021085837200459222,0.021085837200459222,0.014554260312399061,0.012923577638991135,0.16353474935897244,0.015408881031104812,0.025039431675545322,0.025039431675545322,0.005891630982481253,0.02225727260048473,0.02003154534043626,0.004600311129763678,0.014308246671740184,0.005488094613818153,0.13828970231526305,0.0035238664048269017,0.024431310286406556,0.016025236272349006,0.044514545200969466
758,0.009560120376590998,0.021809024609098213,0.024065130603142856,0.01219085335573049,0.036730988815323315,0.007504180510657451,0.015861108806616883,0.01702167774368641,0.7010644551622481,0.007504180510657451,0.020526140808563024,0.012923866435021164,0.006909789975159831,0.028867326777503175,0.006115544766403373,0.007669107554847724,0.011062171312078697,0.011828623516799029,0.015861108806616883,0.0249245995532551
759,0.009649382380557212,0.019481803528198047,0.016530015114834703,0.023716978208241105,0.012987869018798698,0.008523289043586648,0.01239751133612603,0.016530015114834703,0.034093156174346585,0.019765816720087096,0.02272877078289772,0.07130364940112013,0.004393324413261094,0.017596467702888557,0.0063429127766226195,0.5476978140547967,0.11121151429886295,0.011858489104120552,0.0202033518070202,0.012987869018798698
760,0.009996252427557776,0.0060551003483929125,0.025619728108772572,0.028835343541032045,0.011634569227179311,0.008330210356298145,0.015054268723131054,0.014700371216996728,0.02026267383964414,0.005100128789570293,0.020825525890745364,0.015619144418059025,0.005065668459911035,0.014417671770516022,0.005512639206373773,0.005549864862440111,0.007572918505725588,0.011534137416412816,0.013883683927163574,0.7544300989640776
761,0.39857297416092796,0.011326678708883028,0.009669115970997707,0.07822732789665175,0.008809638995797911,0.302455323931677,0.012388554837840812,0.013214458493696866,0.007079174193051892,0.003670682914915796,0.007341365829831592,0.008090484792059306,0.0031193562743771453,0.008434760740657575,0.00396433754810906,0.09020787662216224,0.0020071845671284574,0.013736648772316125,0.007773210878645215,0.009910843870272648
762,0.0033869126358971077,0.021175818687706353,0.011943323505531907,0.005499038321073892,0.010314688482050284,0.0032887412551464664,0.3178244468236786,0.007091348331409568,0.09519658280880829,0.05110288918015606,0.005157344241025141,0.1242314696345439,0.0030537077101085996,0.22783076894955287,0.08373193843990294,0.002140784401934964,0.005646884983388362,0.005534710892807468,0.010805864124052676,0.005042736591224582
763,0.007400989866223614,0.014129162471881444,0.01942759839883699,0.013514851060060512,0.006907590541808706,0.006343705599620241,0.18023691958854057,0.002381855790087644,0.008836363095999583,0.020252668556270267,0.3120985277817647,0.018284798493023044,0.006613650518753017,0.03379442242285136,0.01135249502207905,0.006613650518753017,0.0019007610340078267,0.010366814771944888,0.008634488177260884,0.31090868629023255
764,0.010985135659802484,0.013663864666426287,0.061202898676042394,0.018626969162273774,0.02040096622534747,0.004704670424232245,0.022548436354331413,0.018626969162273774,0.03894729915748153,0.2100797319891685,0.015300724669010602,0.03060144933802121,0.008925422723589517,0.018626969162273774,0.011057893300721804,0.009697785193695777,0.010449275383714558,0.00659108139588149,0.4300151581982299,0.03894729915748153
765,0.035491232118570755,0.011462449580260162,0.005253622724285908,0.006799349059113251,0.012008280512653503,0.0028656123950650406,0.06793986070719417,0.012008280512653503,0.0810138755061638,0.07502514577186102,0.2919017337013527,0.007641633053506775,0.001301854650016678,0.25358205333496964,0.018192365508059107,0.05807656164857033,0.02211376770464793,0.009477329016277685,0.005731224790130081,0.022113767704647926
766,0.003433045401038591,0.04336679838005478,0.007652830373148526,0.00895941116856413,0.003141125718860012,0.0037869676073312305,0.005135430114571978,0.2145049857138677,0.01469343431644517,0.3699693159727111,0.16045715400620272,0.007064151113675562,0.0007584656891771139,0.007346717158222585,0.0023454255134925618,0.0025509434577161753,0.02099439398211998,0.1098443879555182,0.007064151113675562,0.006930865243606213
767,0.0011863077025930134,0.006578615441652166,0.004522798116135864,0.0027832603791605316,0.18831587641684386,0.0009648635981089842,0.06621634641162225,0.03915163704153057,0.004824317990544922,0.07252606212887366,0.5683059646759964,0.005740464289656526,0.0002614497414182029,0.0017649943867847273,0.004664978849880076,0.0013400883307069225,0.0019043360488993108,0.0019043360488993108,0.002334347414779801,0.02470895498591288
768,0.013201797527463187,0.34324673571404285,0.02819229980547523,0.017162336785702146,0.01271284206348307,0.012258811989787245,0.05756495119290241,0.034324673571404285,0.010401416233758874,0.009032808834580077,0.024517623979574486,0.017162336785702146,0.004086270663262415,0.017162336785702146,0.008371871602781534,0.008581168392851071,0.011072475345614284,0.009807049591829797,0.017162336785702146,0.3439778563483805
769,0.007039728047245612,0.01524554053138305,0.014079456094491223,0.03705120024866112,0.708549153133325,0.010830350841916326,0.010830350841916326,0.013515111787601888,0.0113544000762026,0.04352479905753639,0.014079456094491223,0.015999381925558206,0.0049198650889268804,0.016371460574989793,0.006342097339860912,0.02815581147788117,0.006064139737095688,0.007967882089707053,0.01717006840791612,0.010909746603293458
770,0.0221036190446426,0.01988846334779987,0.011752273796427199,0.02872778039126648,0.017831036104924022,0.0074942035803303875,0.5203274267998546,0.014363890195633243,0.011491112156506592,0.0032468217644359048,0.01477428705836562,0.1943310418531554,0.00220651692715533,0.03541936805342074,0.0022892604057972287,0.05664052380189667,0.003977692669559975,0.010553062184546873,0.017831036104924022,0.004750583759357149
771,0.0052570740141674975,0.01485694830090815,0.011390327030696246,0.009763137454882496,0.0162718957581375,0.0024867686819500926,0.010678431591277732,0.3731516201929855,0.13713164242120618,0.003163979730748958,0.012655918922995831,0.006101960909301561,0.006101960909301561,0.013668392436835498,0.34307333417757646,0.0040342886778762885,0.0038792012788391485,0.005891548464153231,0.010678431591277732,0.009763137454882496
