site,A,C,D,E,F,G,H,I,K,L,M,N,P,Q,R,S,T,V,W,Y
677,0.23527840803964245,0.0038985174358174717,0.008167658613916117,0.00980074363244468,0.004527109215846959,0.42170581075624003,0.003966761071159787,0.0046412563477629286,0.003328093395393469,0.0014926123937531043,0.004032876676164011,0.003933305724231795,0.004655584846058292,0.0035578486075332977,0.004048819254477304,0.22966290707624284,0.036694470647678744,0.008576992226556845,0.0029137855992210685,0.005116438439858792
678,0.04894024735780368,0.10641228501689566,0.11958146338761676,0.05954135202218713,0.044336393008349725,0.12481699463117077,0.04304434575638034,0.015568080804853338,0.020872943136660823,0.014119326203486767,0.05448008790494577,0.0806589840270212,0.0019549151668402966,0.03018649746477705,0.0175905551475217,0.07655705760757735,0.05671534468441112,0.027556816532890015,0.016400982781906354,0.04066532735670417
679,0.6021694560683479,0.008347030353472989,0.010198212392720197,0.00929994748650565,0.015261026231153062,0.0027313522519529505,0.014663380997956773,0.01926191283570665,0.014913228886491029,0.004527422689975881,0.012504231078139536,0.014649771565258013,0.021422196067953647,0.014285566932537708,0.003932096158648697,0.16373919444780496,0.017091504610339116,0.027300830075200413,0.01091716099501635,0.012784477874818512
680,0.003933623304987083,0.011362778213589095,0.007705747002855663,0.007624742460857587,0.07570168233996612,0.0025048596199987797,0.017920530658661275,0.35050712327340233,0.008795527267004274,0.3883880210890581,0.00904192252075331,0.009040962540827898,0.021946753833623187,0.009097264143583764,0.0038825235106938597,0.0023217793429714507,0.0050835235614832665,0.04940343451667729,0.007972730831312726,0.007764469967692966
681,0.04443115938160092,0.04259363129483706,0.0019808229486565337,0.0015160817549247185,0.03277059511914082,0.018100936942917888,0.08534015513434165,0.01599337048602164,0.06422526825078795,0.019379546296150543,0.043108713766161974,0.08481826790246629,0.000920577993715905,0.10128181383553758,0.09603700571758934,0.05831145569380543,0.07453514682352684,0.04779362546899049,0.06668417432043623,0.1001776508683902
682,0.004047935073094294,0.007297591658777923,0.004994962357138737,0.00824404440923236,0.7550519727695421,0.003157618906971389,0.009441581601992871,0.032338523038487804,0.009263760627332923,0.03245217922709249,0.01093804531225074,0.008964051002198194,0.016758745468346107,0.011082320197900288,0.0032405516790589345,0.033697051884552055,0.004082563810123348,0.004203870177902573,0.019225491203665287,0.021517139594339575
683,0.0031309039411356785,0.005963714387267379,0.011781088099615483,0.005954673628962697,0.02322054532080507,0.00251812113871505,0.009411038013604203,0.19686081285909077,0.010610532062624734,0.5951215476455635,0.04195063816941362,0.011510618875714968,0.01215869939518158,0.00814142165179477,0.0026645862373573985,0.021895933803358986,0.006471599123392465,0.007295845122967873,0.014947992516733859,0.008389688006700044
684,0.0048271627453096355,0.011006526080667177,0.051400382906613085,0.01126002909243083,0.014527947950250144,0.002906940661930924,0.036681803665699494,0.026384871360626158,0.024616127452357094,0.003928310298776391,0.009132539437169459,0.6608427362550526,0.006261733298906818,0.008242074288140078,0.003885371511890544,0.041032918637487134,0.01821154969760269,0.0035822640911541952,0.006906098380373368,0.054362612187562206
685,0.013753829620312484,0.00842144207774691,0.7558397756179557,0.01248918079313558,0.009953446199788092,0.018160792683053626,0.01552416041406054,0.012519218909276266,0.011251361536382419,0.004189021369541459,0.009145412164300704,0.035907736043840906,0.005455302633612197,0.011302093147312595,0.003969864274895322,0.003905299386759539,0.005739011598968636,0.016517739042806696,0.00828195766395412,0.03767335482229637
686,0.017157805190962567,0.01159475369259187,0.013184143083566972,0.008897720411839612,0.010742946590436711,0.004402948987848312,0.014798660689214637,0.030446792661815273,0.024237853469591213,0.017222523734136314,0.70239246679015,0.012455092585225303,0.008562761537023275,0.012710068133767224,0.017809768546058,0.004687533039383394,0.037365958862307376,0.030732247216475276,0.00771910835377119,0.01287884642383543
687,0.037028324308201147,0.009317131252235033,0.011676336351949975,0.04274407481781132,0.01253402086314317,0.7109001228951987,0.015299177981593496,0.014111502909075377,0.013264248091264,0.0037581801053329636,0.017742028122804183,0.017787381769403213,0.006073286253624914,0.0131360135393578,0.018753686712526578,0.010028815570797564,0.00849477880643721,0.015305906966927341,0.009477544404380627,0.01256743827793558
688,0.005699348457125257,0.010867794155482533,0.01020351253035217,0.03164982383927761,0.010916431630654746,0.0064869849988264975,0.01084561281692424,0.10759259967836558,0.6262866754376998,0.0038134253319338112,0.008901383162553489,0.04839865418250125,0.006001352946172733,0.02992766551658945,0.03128809766333208,0.005073153799337845,0.022882358704334558,0.004409190897528394,0.0075750912566685475,0.011180842994339397
689,0.012740109350664493,0.02512353170205823,0.0016047495586251103,0.0014980544819118847,0.0021307152955469385,0.001152272776682807,0.003848913497672921,0.03135397487666033,0.0022677712984325526,0.03085333120574053,0.0022443101012110233,0.0029714737282079853,0.0014518021698704988,0.0026648358141683737,0.000544984216338783,0.02099484633342361,0.7257104152427976,0.126911624868749,0.0014304654067461905,0.002501818074491179
690,0.006134113759917598,0.012206087898359126,0.011689889363843275,0.013576854359140859,0.0141238201873386,0.03087019372412817,0.01811993660628945,0.012490181522780603,0.029361587958548176,0.005766959168079297,0.018570547606193293,0.01588367468395045,0.007871856380874662,0.019268995550638407,0.6872503520236874,0.01163948853730409,0.04658330098038825,0.0065670043037882805,0.016517778057182016,0.015507377327567911
691,0.005903912719181966,0.012127012389496934,0.00956363147616502,0.04152759556872666,0.011697866681907964,0.003294672431913807,0.009042913244497167,0.021085859326426842,0.6582289460317368,0.004422599276014592,0.009592783775525925,0.042377798951846346,0.006086907746956246,0.020385936189589747,0.10341437436435023,0.005798092655202102,0.011132593143453289,0.004270148963859816,0.005307609386360999,0.014738745676787537
692,0.058210070705541274,0.007209520163260484,0.23545978153030675,0.09068273095097036,0.02194560706336869,0.1634466725979765,0.0698907566577341,0.0054247963485760334,0.004974175951627072,0.0027404035756158247,0.013902142524289177,0.14454971893614338,0.002264920270309278,0.011126779682039466,0.0011683032601706791,0.031228029055771548,0.010742810299071065,0.0036061781315195832,0.0990820599971724,0.022344542298536385
693,0.019812659145272814,0.15716351091242212,0.001602503617959771,0.006341600122740611,0.0024912527371122504,0.000494582675413648,0.056333314264991205,0.10534271371242335,0.007069094488241876,0.11726546922287794,0.022249138416409363,0.02389186716105673,0.008161632280944851,0.05996978488126624,0.014213970078021058,0.022988569679270245,0.07338772441041656,0.2972022866019631,0.0017158317919644844,0.0023024937992318357
694,0.0906926929428308,0.04173001984940238,0.04560823965385297,0.1452314985029845,0.0051415945765976015,0.23591220873642266,0.049753150933727376,0.012957744338436711,0.005986191757603859,0.045080881243384247,0.06080831059033903,0.020810080988851214,0.06873284430395737,0.13743020265744121,0.0047919186443727444,0.009119831768830954,0.0027575659692080927,0.008728251074735746,0.002958817125791569,0.005767954341228986
695,0.010763469229725535,0.01621802136291095,0.02533461356769145,0.689229144306847,0.01910541240238838,0.031231000282190387,0.01993758851038379,0.01720414643518327,0.02929459647828424,0.004655856533475277,0.010888058724186564,0.02190147445879004,0.008187165579101726,0.023153225437277672,0.009909983310736309,0.006782899360124232,0.007528032510095966,0.02374379419808732,0.009071307910596257,0.01586020940192362
696,0.005420103149815801,0.017620037738454275,0.010821320693757892,0.00691070890585994,0.013777082326582805,0.009006719501429741,0.020112556075404086,0.018863696970122534,0.014596428326347034,0.02219957495930459,0.010284529825849225,0.021883727034788556,0.007762789587676965,0.013443269364908843,0.0643175497419566,0.009229486617333726,0.00913498198922026,0.006052697416715682,0.7056505325748416,0.012912207199629745
697,0.1094185391668233,0.04562097836301608,0.035212015914673406,0.05311285193986405,0.046350701281770094,0.08303944750512784,0.1163999204787172,0.008458022776183486,0.02328501856233145,0.03420826384437035,0.05125066159365864,0.03681350053362675,0.001582094679813849,0.0830089333174808,0.007375326951378578,0.10795159179952861,0.06277607419819482,0.012736082941231177,0.03865741604151738,0.04274255811069213
698,0.18482260060852432,0.024552319791994372,0.04771255211586076,0.1786000291805201,0.005536047936339187,0.004310113857336631,0.008121276484377073,0.0062564319337685415,0.007270695487729988,0.012603317031724593,0.017596572610437074,0.012476833611865206,0.34142935282849,0.026869348977039516,0.001449297585635637,0.10744295972070331,0.002671640468290193,0.0022375554100060925,0.003890672300375761,0.0041503820589815716
699,0.017588519328557217,0.011554421898628845,0.01350063032286388,0.006289091564124257,0.01789814889425067,0.004497386747993132,0.015364963351440452,0.012975220829259138,0.013321311449342841,0.031400438494624844,0.011360323157268943,0.018057402526112976,0.05084698421747375,0.011539021360842514,0.003658516484683662,0.6644244301363195,0.0463116499147639,0.005861577353445367,0.027138147034023574,0.01641181493398061
700,0.04136701776078466,0.040169655672203125,0.004200275678380548,0.009613168037179971,0.02989487763874556,0.008753355593684235,0.047640953165065114,0.052973481776092374,0.056126892109284565,0.07500800545754814,0.09324306457504572,0.09639822347862427,0.0765018378274444,0.07130391540101261,0.020797070584751286,0.026973709413747816,0.08322969998096855,0.12217141373424088,0.01701096920942729,0.026622412905768927
701,0.012967746278821121,0.012654647253923275,0.01596038088145819,0.024967490350771566,0.009463408536436683,0.7207793999373493,0.016800355414194574,0.015469591626674873,0.013062454637786112,0.005882793277713261,0.013673561045804666,0.011725962298719094,0.023405406180191376,0.011988851343568224,0.017627707507199657,0.006078979329705285,0.008730947835344553,0.031156697952614536,0.011944021653551639,0.01565959665817207
702,0.00337640514931987,0.023254287478690013,0.0038885511580574045,0.0034490991357548403,0.17199877441107497,0.005612154614854752,0.12562379215362965,0.05309158977685324,0.004259872548895195,0.04641210811693876,0.06892591458058099,0.003982877391380105,0.0020857972543205654,0.003886244654358702,0.014551753007878738,0.001895822940061833,0.012825021944918188,0.04486843375583755,0.16485839223052487,0.24115310769606976
703,0.07192401769220295,0.033111458898990795,0.1410214808565137,0.07237720390253546,0.05418810849931635,0.030589421973420974,0.08446261528244134,0.046132564553925726,0.005992377840530399,0.04076828310758774,0.06586774321445364,0.03989832968567783,0.01050484619829939,0.06449508976384885,0.013648280420328538,0.047333351050684515,0.04868849868010635,0.04604221601890789,0.021092728574383744,0.06186138378584379
704,0.03152183299567245,0.07893312355488283,0.044091291991055104,0.027231477978573015,0.008182646798074155,0.0030026909380733912,0.04289544562440489,0.014627088208433819,0.016962827120389753,0.002333837229833444,0.00481646141388861,0.3758914015503011,0.004982150083650013,0.014413559504650729,0.005468864421351348,0.24180924841686907,0.035495773670796094,0.002589838890531063,0.020715967048239373,0.024034472560329836
705,0.004875245497215323,0.026175357732197882,0.012383931907915442,0.007670775439914878,0.012149956226410475,0.004356818666448293,0.020146449677400473,0.01144182991753631,0.008575406920812153,0.013594514285170806,0.008647868730356903,0.01592380659028106,0.00870007262245231,0.019635231144893607,0.018531571627180814,0.008101252354277126,0.010127840922406407,0.0037196815888067554,0.7726793656482016,0.012563022500121406
706,0.00866366037362356,0.014824852727262458,0.04478067122713394,0.5387208422398981,0.015470567999404819,0.03918716580592345,0.021444351746740326,0.022236334696306124,0.03356003718543152,0.00570810985788393,0.019361872505863197,0.022786125503092593,0.008926584756553951,0.0803263157768348,0.003893532175909898,0.006181570970059456,0.03422486313433043,0.026849411648964486,0.009936364059112305,0.042916765609670594
707,0.01116610082960693,0.025095945989237343,0.25439734489466787,0.3674933650533715,0.014541564085119871,0.03770913600655986,0.011625037475814823,0.012521330460328028,0.05793590596928309,0.004265371200105487,0.0189389749131721,0.05880737503541737,0.007055144804212125,0.05968117893227968,0.0038937120588600875,0.016178218544594718,0.007538376096681003,0.009900315387691146,0.007317751298369605,0.013937850964627378
708,0.08495796236418292,0.007928598444619857,0.04008181196830531,0.009838409805649385,0.03152582398608918,0.009204044423506886,0.015935364789158808,0.0948263759644664,0.018128145062023437,0.029245222589261977,0.014983700489134642,0.012659474608268217,0.006679775742271171,0.019110017643798473,0.006232881041477219,0.0041770562195667,0.013865200827947356,0.5595836649155477,0.011113248257827172,0.009923220856897159
709,0.014852794998918353,0.010013802999673466,0.010455080046501957,0.05952715784722873,0.017749663892360143,0.0032914366928135613,0.04134830437840384,0.020559835363578745,0.0070637490768737255,0.019910909859848346,0.03674944377593801,0.049364926281310825,0.521631280052325,0.05009734887720757,0.006025904906621644,0.0260670745008657,0.0454932078478005,0.004879832196723673,0.007033513915448871,0.04788473248955741
710,0.004790304201008024,0.026972981405744105,0.008891276047985,0.00725281397688956,0.6257650658529155,0.002681093047931316,0.013298430511918213,0.021654897937151737,0.012950793084385875,0.05711293966976491,0.012487511070957916,0.018439408684658053,0.00790408052266831,0.012338789427341342,0.0038174856853022965,0.06648150362788446,0.006565611256547968,0.03558377942900029,0.017506931434854472,0.03750430312509073
711,0.006624485849406047,0.6231410300252841,0.01813035145461661,0.009809095032096286,0.025635982332513255,0.007692606503799855,0.023296721662429715,0.0256249671611316,0.01614822931828122,0.005991032984644672,0.014084489585731028,0.02975668609421435,0.00875075241411716,0.021460632440910142,0.036923478858942094,0.038147842148701844,0.012734131928579466,0.006571884955947916,0.016180157358771853,0.05329544188988075
712,0.013914645853122883,0.020965290306759914,0.012465048342525247,0.010541486030323245,0.07306804976758385,0.005893079113173179,0.014351142180930714,0.014741978160482137,0.016187741340686474,0.005611075868891455,0.01917718803628791,0.01717650225644481,0.02296325266141712,0.0151593843775972,0.004756362097033257,0.6555890446207374,0.02031252055387911,0.00808748113547633,0.013028243539407854,0.03601048375723992
713,0.0054400470698805665,0.017097553563858902,0.012080294295223618,0.0081284410756826,0.020044957070937893,0.0027112086581566343,0.587143830165296,0.015177005173785785,0.010549106178241644,0.013437566663925392,0.016062841245010985,0.08461622680549681,0.02291275468808808,0.015006150277987712,0.03713166602369455,0.005214249729193414,0.009836792810061999,0.005727836483256495,0.008137433547290143,0.1035440384749308
714,0.007800922568452671,0.01593513553660581,0.050994608606523266,0.013913982557372037,0.02434312675266431,0.0068798101640005485,0.5541963695666089,0.022034459419546893,0.012192912999080931,0.023708725340712087,0.017177401395552287,0.05353624769933315,0.01797078521370609,0.02441340663795758,0.047615477774251305,0.010488576849609714,0.016694459515506205,0.00798546197914866,0.01847581115318148,0.05364231827018609
715,0.0040423879631353845,0.023285341592720728,0.009971693765266494,0.010045636108589932,0.464741988139955,0.0028109845193982335,0.033807912663600434,0.029666891853280128,0.01505478164999316,0.04479492185251761,0.013928896811395287,0.014866843293381704,0.011629009805887503,0.010384259688125294,0.0038062011309535153,0.06024385528213674,0.008360805159991736,0.009317769264829797,0.16891397578765527,0.06032584366718602
716,0.04510450381947932,0.049289497252912574,0.03780877350736804,0.030348016868617482,0.0062146601274781586,0.013624963036278363,0.23593269132483966,0.02045586039850687,0.021091065073125304,0.006097434384465605,0.008331246064119613,0.2999148810523293,0.003773632905548489,0.054635739101805976,0.002869418216929457,0.05404525500373242,0.038190475542125506,0.04526523802954322,0.004052885148624707,0.02295376314216992
717,0.005338123328739504,0.005233867162783584,0.006508027658976641,0.038146732662928284,0.008706762385152125,0.0012070741626928024,0.0081355040818211,0.010757636935044893,0.3742087169271412,0.05480468225672409,0.025637364041169185,0.026197978931244034,0.0030565354330779797,0.1281879618127804,0.23541945194429445,0.0020615261331630415,0.038016210165441024,0.013000814642770357,0.003607241469798599,0.011767787864256732
718,0.017676380212328775,0.10053417866170544,0.007234414083147304,0.005322212742588542,0.009851202488500578,0.001477740328664973,0.004727735766157943,0.17710580185441835,0.004534669224003246,0.3040196416144019,0.12136938585810972,0.006847230569457205,0.022791527775221806,0.009654430323900044,0.013908284449595435,0.0021274583404399102,0.002599654418926024,0.17769151730305088,0.0043456952922136605,0.006180838693168278
719,0.0052675933149758,0.02240676624147231,0.03366819775707199,0.008214298887317818,0.18094961747808647,0.0032117746243101506,0.06096452770396487,0.03426733611389774,0.01200869292221887,0.007412247178854571,0.00900144888969674,0.0244963590043212,0.004993807115504203,0.008334896686993915,0.006236579699184585,0.01655504795119366,0.007809845216259325,0.005493525656170609,0.18755717313049863,0.3611502644280065
720,0.006072654039493371,0.014866839367504742,0.013294827483026845,0.014109975458921226,0.03327834694680537,0.005296479136094449,0.027761500531483217,0.11412149613286907,0.014756768843406843,0.390969548739693,0.21400427275233955,0.014940558753701469,0.037389136010259054,0.03215566332881093,0.020287238111909484,0.00456366415437558,0.006666733584845471,0.008023384316688616,0.011850799237631503,0.015590113070140174
721,0.012511425879292232,0.015181609095604603,0.02427537516380438,0.060062103639394716,0.0466863298017252,0.013462655907607061,0.012498603217235274,0.021336006216696173,0.5393956977211949,0.016885449682609133,0.01916657444078388,0.023756576843026487,0.010527426433751685,0.0355073303148376,0.032624489805491645,0.045776962736313036,0.025480859966832674,0.007873287488190116,0.014392727274286563,0.022598508371322726
722,0.03975175476360765,0.01684988140470851,0.5594774426163609,0.03148362949190363,0.02355918727302963,0.051527821877281096,0.019636367847943974,0.022033321644818638,0.013911803689222763,0.010600084972217844,0.0227154069969717,0.04548512596263233,0.009627808649657617,0.015824694540440238,0.007732242117892157,0.017489873868280905,0.009217664520903451,0.022066220986891445,0.01488928124791147,0.04612038552732398
723,0.01692615354518177,0.013972523496558097,0.013745759071271934,0.04275806163866582,0.014870089502172354,0.6751632315634438,0.01953366627406086,0.01219403662512008,0.015315540352015393,0.008625142352912367,0.018737007972493985,0.014983867619434606,0.012339669787836198,0.02408795357705677,0.02512781164772747,0.005006332411522467,0.010823696441847108,0.018231957693166354,0.025501286650649636,0.012056211776862941
724,0.007140635265375238,0.015213728847187252,0.015980771207050062,0.010102803148099731,0.02075860305936265,0.02703602399237781,0.010748718160524428,0.04297370538253214,0.035713948912041764,0.005241769861231655,0.011610875074359558,0.014861839750444014,0.0056714218997684415,0.016966198525407174,0.6914064944746983,0.019262370099716004,0.012057932310199802,0.015859034293710366,0.009102072474505408,0.01229105326140827
725,0.08912652219371514,0.02207920423159332,0.02329787499280932,0.05624572371352167,0.07750500762142047,0.0570752618794182,0.07037280790741363,0.004233152616056485,0.01954459622386957,0.003305021526278428,0.02227426000540193,0.05585594459229999,0.05166046099254452,0.01828380262692396,0.018078257143355543,0.1404015427960277,0.05016884094678581,0.011833016958470612,0.09538209998672538,0.11327660104536828
726,0.008068240122126048,0.010988972501371859,0.011071635412191683,0.007871517771990324,0.01654748386244803,0.00394981383153918,0.007043919756847776,0.297929997504076,0.016918873021699258,0.2727576148592253,0.10429449736421068,0.026012087812983118,0.002862465459457868,0.0072988697166273195,0.0031950261468404644,0.0059675406572499866,0.03118909110553966,0.15249593189823538,0.006920651707289849,0.0066157694880501754
727,0.048687034692853105,0.03675124669596235,0.010042939344690706,0.03349267127310903,0.01635344109604376,0.011793379480155311,0.014260158533194567,0.07526345556163193,0.014923386137083444,0.008331188276254823,0.04350312407560921,0.030984388114559995,0.004213792000768536,0.00886001421977647,0.004278257848438918,0.0040418392590007264,0.1259209581736098,0.48685547027007586,0.008479679534731778,0.012963575412449689
728,0.10562023070795735,0.06051178710975487,0.02802976118098976,0.013781789007871834,0.023077436455331054,0.013692461945946385,0.012142425367103912,0.04597077366153629,0.018216715933526688,0.012323147669136926,0.020366080778652044,0.00998416614814795,0.004948286652277011,0.01702584153003102,0.00861866484922541,0.00621788235884734,0.00669791903864426,0.5605244596062271,0.016999498251231274,0.015250671747561537
729,0.017942336035229958,0.015564803659088916,0.018288114905807704,0.017464011757356415,0.017947766640490345,0.006712849811039538,0.021441071344464966,0.017380345571515396,0.016954326023551923,0.02912309692647334,0.018369697438511152,0.01752552870454412,0.6842775380967204,0.011568399949832525,0.00562301975787414,0.015813077639580755,0.02548740028692261,0.008211859071881976,0.014517844764822228,0.019786911614291646
730,0.006239693582397656,0.5490445114006517,0.01612774501283562,0.016354707314997392,0.04103061961244625,0.011229379252098149,0.012762978034326525,0.01822202987268179,0.017429248526416675,0.006150295661312339,0.016736720031041846,0.014195199916249089,0.007885620010120263,0.013510426933109502,0.09428665468091109,0.008255433791246611,0.03135224583967409,0.006206426128833104,0.035793931160111106,0.07718613323853928
731,0.006256812172653883,0.024162886922424978,0.025165970189298302,0.013007350119689318,0.014909968223194252,0.006009763418356202,0.025897199745656373,0.014507929029644526,0.01568035275207383,0.025441567676523797,0.016340493056144944,0.021662929659224315,0.04076670886621142,0.014723132733864684,0.6725279464260896,0.01830256739678974,0.008000374241338187,0.005462655956003423,0.010401925350936835,0.02077146606388139
732,0.0849113903608937,0.062096682333944386,0.1206140228039628,0.05297993935426565,0.04089342577660464,0.08409769971882992,0.08793011280662903,0.0035365476226118403,0.007674401183840734,0.020319663882644955,0.035939299061042616,0.0786884517734049,0.06263187512826045,0.11971333502417722,0.009557729566666732,0.04090425316658821,0.025899258412295005,0.012062223595805123,0.014125821475219224,0.03542386695231287
733,0.00879697832858002,0.022390225631593423,0.013194194694136198,0.049775939225955725,0.016771266916910964,0.008340256739212577,0.04224082106256559,0.016212997712908583,0.043447190028761046,0.028071905809782333,0.013353339907472075,0.016253338158808358,0.007133445219725405,0.5424765360501655,0.03952594810546544,0.08091454680256772,0.010280632410168926,0.007605506167230385,0.011951798038021301,0.021263132989968302
734,0.011230925715058826,0.010568578491317385,0.6203320392850723,0.12274426044803044,0.008015831793168018,0.03875130373331649,0.05574244428994624,0.010744330001312597,0.01158495805834529,0.003193387668180664,0.00883186735813969,0.031515934610906404,0.004105879508213122,0.009641842980655155,0.0035762607349882005,0.007944879229500282,0.005118135145203191,0.011894071338647715,0.008521881501989207,0.01594118810800883
735,0.019021251146348,0.01195412763776513,0.017954054778473474,0.6849685309586248,0.014790851837978755,0.02794004537155875,0.012912973892741837,0.009978094195224066,0.0675367399637546,0.0163174897679008,0.014627959712361962,0.015291610586484239,0.00574876841179726,0.015310882162303625,0.00818854925176274,0.004965300616928028,0.007490591795009486,0.01647610355963068,0.014472877566793284,0.014053196786558536
736,0.058945506435031415,0.23843527585829452,0.0069913862938768305,0.009344399485305408,0.008518367701443126,0.002604483755555062,0.004655842952688296,0.058719071698332764,0.005788859867675344,0.28456331355579007,0.08022835865451496,0.009595855378128298,0.02856067250567798,0.013813047098106197,0.02129651710433003,0.004280667155246444,0.01512841726782857,0.13538628602130007,0.00583683648344003,0.007306834727434679
737,0.023600338923686463,0.015146769422366098,0.01842947473691023,0.02441217305963022,0.052639168631445105,0.0076769554554448685,0.02470507345579175,0.5187534749220565,0.017349131198415104,0.028295068614222197,0.038838414189776196,0.03054189734966708,0.009167197982740797,0.015472167326304364,0.005506360711948252,0.02987705971562266,0.042678713973657724,0.051365260957011244,0.02198000192129965,0.02356529745200354
738,0.016258908920509223,0.061911662324369454,0.06507031111073264,0.016966680098949315,0.015831932919763664,0.6321446450296029,0.020246896702381258,0.014037453087450828,0.012876287228570277,0.008818644749516581,0.020084751556297947,0.01575941993426719,0.007819092024925194,0.018800894831204392,0.00562558026022374,0.018659509377646825,0.009153473474213058,0.010612351866405164,0.01295864791129093,0.01636285659167938
739,0.014634102635325792,0.01428380392841339,0.03160692239098352,0.022763915420080917,0.02543776687004023,0.0253778041422927,0.019421540525954663,0.019108722464109003,0.02409907488154101,0.012457825866381668,0.01934435018661956,0.02643300468152719,0.010227416432685356,0.042812928417933854,0.6204258745285804,0.008551530004433922,0.011396094771787258,0.013852421090910175,0.017173359862820144,0.02059154089757919
740,0.5949414962659917,0.023126888847879962,0.033471693348427305,0.010695898422647574,0.018455784883432202,0.03734895796039439,0.011233049734554065,0.02009389183382242,0.01583928259279741,0.006495773159211673,0.016177762782988648,0.014225989288395831,0.004981045883888492,0.013506262617181162,0.004956066524893804,0.1123579805864876,0.02022563302713645,0.019755838073365877,0.009622716749104176,0.012487987417399227
741,0.00685336507683554,0.03338838146312689,0.014657607805008755,0.012194288689517987,0.015064255277319315,0.007125556494283342,0.03809132706677548,0.017083235152896337,0.013351657530166554,0.012364827750821204,0.017421063685388233,0.013773960935483711,0.010758641448761784,0.018225483219397227,0.7082073740030619,0.01813508884034149,0.00829844035855861,0.007995936777955688,0.013108778747065668,0.013900729677234245
742,0.015309824367849393,0.3155474650759906,0.021755399294865488,0.008178433357852836,0.010905705786120202,0.006282961698738697,0.006432540276664335,0.0347162955546968,0.008859815866975766,0.008546708753250032,0.01963248811099348,0.00870698020040273,0.0037140817438091793,0.008619818614054467,0.002542888325760078,0.002560196791501661,0.007357036740273175,0.49402764247008574,0.010261136321489298,0.006042580648626083
743,0.05014931399979735,0.11395623769167264,0.009467077820533987,0.012568679796700684,0.009379054591521774,0.01223168647535093,0.03230668714440045,0.028234877586340912,0.008748315040341655,0.03130801147603558,0.06433772338779574,0.011483275529281625,0.029118616495208926,0.08720828941137482,0.0038191457573474876,0.4310251720508578,0.04442247285300242,0.004084605346782593,0.008037583177600822,0.008113174368051753
744,0.008798865521339842,0.020734403987456698,0.019181643547329787,0.01597174521157282,0.011586064289718282,0.009866904340082179,0.01622207881802535,0.01230183924315637,0.01859729734813809,0.06412996738195022,0.01187392053056397,0.017625687339458424,0.546089325267394,0.11720219026097979,0.006185774228133992,0.04520650764384678,0.021205201909509735,0.007288087237366051,0.013424304019685255,0.016508191874292418
745,0.01540567993272391,0.036864638552208166,0.021488886839562845,0.041965530084874206,0.01953460347464091,0.5817580455480462,0.013350098660001732,0.016046467263863773,0.01754187385786945,0.005166031289411656,0.015444352987730406,0.019103231367389173,0.007614394798521107,0.015332588128703657,0.06747880988505017,0.017122135746689943,0.030856255522585207,0.012376539213218879,0.021481141781434485,0.024068695065474092
746,0.06495255633053718,0.1452514829266582,0.0073821178662964665,0.006112102300749211,0.07214359182086702,0.01736431885479323,0.08201710664630564,0.005550017259045163,0.007075105633802947,0.04959257151333078,0.07428449363074079,0.1288469620915709,0.010970092750820492,0.02589314476760028,0.07485454399706358,0.07521311251436136,0.024076401307430002,0.04312248058173511,0.029376305291912888,0.05592149191437877
747,0.008220841396365119,0.007913171598320761,0.004383238417028912,0.027679438280906618,0.007950886664505526,0.36770710056094613,0.07473343461606384,0.06000073955275318,0.01099322090536737,0.022634984654957866,0.04278402372674928,0.1398514356446497,0.010218753128178241,0.10006107735662723,0.01675176999710354,0.009998125618364873,0.05109563136111888,0.015571894851220338,0.007452436589119329,0.013997795079653307
748,0.00913299077892789,0.009413415551033671,0.023625505864923478,0.009985665068859922,0.0854957622279625,0.01682961903281891,0.017649648066829175,0.06486307029399688,0.008264780072208103,0.022995468481720866,0.03394834132344829,0.01036178611277987,0.004100063716020768,0.015742582003819398,0.021222118880254208,0.005537897835666816,0.004217205063721655,0.03705826845140333,0.40483406395249816,0.19472174722110608
749,0.06992280209485496,0.054875234350729434,0.0039378417749905605,0.026455239216761545,0.018081487912472362,0.06520118538498121,0.024478873929458734,0.03487811160794323,0.11755895698599017,0.044268620199313685,0.05516912436420091,0.05344109911302224,0.036446815447783755,0.09457487237264017,0.10542902733952972,0.0799288705989624,0.06907457645192626,0.0253562417845941,0.014299601894554467,0.006621417175290054
750,0.04589428194504524,0.06215256425588171,0.005305748321994779,0.004996276918854602,0.015522589243712286,0.004643067283503913,0.021881246311422853,0.14182959288393773,0.03834678208683576,0.0923666462967986,0.06416218191719038,0.06552896479719603,0.008120458057534214,0.010188424664225159,0.01019295906034195,0.0267638129045212,0.16761986038570614,0.17863636437846822,0.028353541272380038,0.007494637014449176
751,0.04751582264679712,0.035926319256093554,0.020841664086787594,0.028526778586548722,0.04236906543267758,0.03091821515660355,0.06735629939353165,0.014378516837747856,0.10573457615201173,0.05001620059716604,0.05857042711898315,0.04429718962194104,0.026368097589733276,0.026190922568702917,0.13319483774601523,0.04356342979467806,0.07687494052770671,0.1071101650941923,0.03198014386752973,0.008266387924552176
752,0.06302107324997842,0.008337137701330027,0.13315964795324658,0.1590110818965737,0.019156139251153923,0.02920251230377293,0.04321136688874966,0.005876702664656766,0.009193423943197521,0.005651497708574211,0.03313646948420274,0.015904535239044285,0.01914140797283627,0.10951398527142087,0.0015723190416454048,0.07178954876686627,0.07982738503550546,0.03808741845474072,0.003321952307944119,0.1518843948645601
753,0.05614526223886685,0.09757539830563883,0.013518292376095656,0.013445400226882117,0.01476880266944915,0.005842609202075526,0.02115111410444548,0.029020550134064637,0.013499512129480603,0.012324233187785739,0.02118943571556465,0.058188211713712676,0.11638088720830488,0.014588107521564711,0.004152026577549856,0.1001008114199358,0.24797688729832906,0.12459844084475617,0.01332315672387397,0.022210860401623584
754,0.29069182523888726,0.1744415111838215,0.01352278052123668,0.0118804446476534,0.015749567211695698,0.12299955995144655,0.01105938425685456,0.013357762481975663,0.013396029675397715,0.005476609197807767,0.0173576987070886,0.021729949966846875,0.007120351995992294,0.013679020849176876,0.004766987145856179,0.1985520173966473,0.014785118880133246,0.01668145110194254,0.013186624005112156,0.019565305584427144
755,0.17056578447128626,0.16685496311862513,0.010783157447434369,0.007534785445665061,0.007974227069447901,0.2325359968027512,0.00600005850097111,0.0078303728792382,0.006214495220517307,0.004871577763865476,0.02303589717065571,0.007007297769220885,0.019663180258530116,0.006219437693790587,0.005714112379196387,0.08725608407497204,0.18586680799700503,0.02384372412102331,0.004533839147180423,0.015694200668623516
756,0.037337550414384524,0.05162357929277772,0.009020668783428143,0.01217210734195386,0.027822168614692513,0.009081695994070795,0.050400283882070594,0.02546945533654654,0.013803834613766637,0.21415776610009865,0.14749667141043774,0.051075044034268144,0.03817973283405608,0.055817916109173346,0.006609617036129622,0.04868582962543269,0.02730724309805402,0.11035549803151089,0.00855618871827016,0.05502714872887734
757,0.42267544586939104,0.015326208102560657,0.015853698988114756,0.02120555840809946,0.010285012529293407,0.20610187460160964,0.011922123009537251,0.03230637945027983,0.015148496678209528,0.005316434432285567,0.01721070494060891,0.015332287060011362,0.003851409667849884,0.010539761039661982,0.004737210761918503,0.10230538546085961,0.03374406224577941,0.018574797147174922,0.012785614968566733,0.024777534638187552
758,0.007002489691283247,0.014644766900479812,0.014229631246912544,0.044051341724967316,0.01849164535089677,0.005260524274463529,0.009685102109887126,0.04012991269480298,0.5885158546814862,0.00531486102549019,0.012985294994787197,0.03445153835200026,0.005296143952465339,0.06252665962895121,0.08285313028883538,0.006012878093951606,0.01658453634170675,0.008114887649068044,0.009283717033073369,0.014565083964491111
759,0.03892637164524745,0.051246281086846576,0.011388140882814464,0.015138318265584719,0.010228213840979947,0.007571783867308624,0.009853210602352887,0.013746842185756234,0.01865641052909319,0.031197900226640547,0.016032555995686648,0.04063558250691929,0.06650255434875776,0.012684719702045674,0.0056181842616633264,0.544587602649293,0.0745448389969531,0.009040340027028406,0.012219242029241323,0.010180906349786833
760,0.007593182614317097,0.06900849567598777,0.020199202053364503,0.0188395244621353,0.028501789935980605,0.006433475086315247,0.02981489863034584,0.009406079828400825,0.012586468603186785,0.004210304172843477,0.013805856842067425,0.014574834302124771,0.004196724107689068,0.01045761150750122,0.0044080231304517055,0.008678388527586933,0.006080254380156698,0.008325005376245913,0.010464457787205193,0.7124154229760936
761,0.5180865685288967,0.011484034362187543,0.009250143181215649,0.05446645263171793,0.008579846886346682,0.241215451896057,0.011665184545026663,0.011813800656770408,0.007030023762213592,0.0041670309215103354,0.007506931083893515,0.008688810812093935,0.007014143829866333,0.00819034027746361,0.00448552701325745,0.019295357907223133,0.025328877380982776,0.023807130866937254,0.008662684282007015,0.009261659174332568
762,0.005230999245632,0.021041498384013063,0.014298666673936668,0.026225716527150767,0.014282419725291373,0.004226082465957182,0.21276211990371394,0.008450743687612672,0.014851213778921173,0.07864542103009325,0.007361390277027725,0.0685975040084783,0.014524163925884483,0.39729397196914584,0.05148571781426249,0.0033340427233835485,0.02940286378308591,0.007843008158044914,0.013716761041168573,0.0064256948771961135
763,0.00790367468792532,0.03608124649559872,0.017141714692314163,0.011847798880878401,0.013387952267546393,0.005803318976080316,0.16535436471034012,0.01842648158292015,0.014205655250540744,0.01149193401743461,0.37145629772087463,0.016083357695275823,0.007073899397614857,0.03360509219310313,0.024851832534913246,0.018724478931860584,0.024694993012119398,0.037110823683843844,0.008568731504084713,0.1561863517647308
764,0.011337923430402531,0.021538364174849577,0.03535073755665628,0.015045021530168623,0.01757363049950563,0.025564844082604034,0.019488136213984198,0.017323370779737658,0.024101470121915432,0.014969682437613525,0.015116819360207062,0.023427447088608493,0.010281023522093946,0.0161829427326124,0.06142777830761264,0.011427131998244548,0.012080546895677616,0.00817426440206767,0.6145514723665625,0.025037392498875717
765,0.018841880275682763,0.01848705467175734,0.004872155187809413,0.005432222602508666,0.018918830403850933,0.002585147700830937,0.06145457332043072,0.025880313453594345,0.07672629299743074,0.08522300666781155,0.20877749148233338,0.02507197840528271,0.003710403141349262,0.2474710408513562,0.027181944303816444,0.04543185502681143,0.06641398902969484,0.027873743017991535,0.009424045589962148,0.020222031869694672
766,0.003673518524825505,0.042049927082933695,0.006797347153771768,0.0078050643843541835,0.016210176385241498,0.003594751599897463,0.03808168998142935,0.17268994517848474,0.011581267274775249,0.3936136344434346,0.10647573108518063,0.00640972086638758,0.01581496480808407,0.01323453784144913,0.009252595894348901,0.0023833663455442504,0.019589521642986434,0.11821085995249932,0.006288083528191436,0.0062432960261802435
767,0.0015618660308105658,0.006617827446902362,0.005404248472603545,0.0036551885157234615,0.20753054547879232,0.001248451357542975,0.055004915006961676,0.06549935906874012,0.0061618555874072695,0.1007410097792097,0.45734013541384483,0.009395486506427768,0.022975792225399957,0.0026095661086426845,0.008200584459230317,0.001833018187592418,0.002161597243962353,0.005049992686508153,0.0029458152754409375,0.0340627451482565
768,0.015312730772233126,0.041930816033656414,0.03293832600622047,0.017608643891342576,0.019283398127142297,0.016171537804733075,0.048756013739365396,0.02712487599018536,0.013032600945737908,0.011241106581918275,0.0233629608192568,0.028044534790927115,0.005642425952839916,0.01965276981067957,0.011747715069602139,0.011601753339407198,0.013312725813751074,0.01156268332072827,0.01806605193020462,0.6136063292600684
769,0.005680869042193611,0.036177125600037954,0.009213669797467336,0.019824003574439683,0.6742444812395957,0.008248391000122174,0.00810856712869404,0.016119605310072865,0.007927989360683655,0.04333823775552532,0.00953475417057572,0.010171652596038559,0.0044434409928858646,0.012200736409883362,0.005134419288599328,0.06700375548488813,0.005404081850938202,0.02651623865350458,0.01204455910670263,0.01866342163715124
770,0.026437050729674637,0.016947075846365824,0.011009616859107084,0.02312780083458622,0.016889426340976437,0.007666260477446766,0.66222002920243,0.012906448561227288,0.010455729765839639,0.015830206673880413,0.013081174463281072,0.014791762934215962,0.006173583369115737,0.017659762369659694,0.027945244482110023,0.05530748405566253,0.004340284791986655,0.010400326567773753,0.016358181737461577,0.030452549937198592
771,0.00785807303684674,0.014745406779570874,0.013718195880890698,0.013360554689899218,0.017796003425250114,0.03963206786657528,0.012817144819075083,0.04182858571384868,0.13445865223738043,0.004769277776852193,0.01616750557103277,0.007836994157670946,0.00805939127047237,0.016156880582245986,0.5885029414712061,0.023949187854081642,0.005434859080291693,0.0075122988289008175,0.013656763695990807,0.01173921526191755
772,0.008781362561829693,0.014831105736680582,0.015289130354791621,0.015047686840481071,0.014471779357640822,0.06340367455364451,0.012894985969072698,0.03915545440750318,0.029971458034283,0.005832249199632902,0.014475029957819194,0.01210035857995008,0.005601300960609271,0.01428439800713744,0.6290212005377496,0.04391565622596531,0.013187535537063562,0.012821420895111072,0.020831752396643293,0.014082459886391093
