site,A,C,D,E,F,G,H,I,K,L,M,N,P,Q,R,S,T,V,W,Y
677,0.2464663180438676,0.042791394404086074,0.0074321661533669646,0.0072854628789814704,0.008724716788735131,0.33562036949647617,0.007297035859669384,0.009555642197186097,0.03602336773813368,0.0026935367267235974,0.012452522181083246,0.0074321661533669646,0.004613068646917426,0.007166731647889573,0.010845745125459601,0.2280888449721287,0.008137085290639608,0.0017662767732180382,0.005574124615025223,0.010033424307045402
678,0.046207206845871054,0.02461036016790959,0.05689369615756644,0.04439515951858199,0.049220720335819174,0.11847819408267979,0.07199559308983543,0.0067890648739060925,0.024610360167909594,0.028610745293391124,0.07383108050372877,0.10770156000234495,0.0013611856332569736,0.02133935825657978,0.0030649286042098143,0.1003345452999391,0.07698625488423,0.045156624161302,0.06614034295125701,0.03227301916968134
679,0.47002452397514516,0.012980482291647014,0.012483423660332539,0.015629560310350486,0.02735173054311335,0.003927427975421404,0.02945570981566053,0.04030781343195652,0.02735173054311335,0.0063293260760923465,0.024704788877650763,0.028364757600265696,0.00992357972786585,0.023207528945671935,0.005715286979158014,0.2125314828163951,0.004913766524379935,0.004570696399948526,0.017018854560159415,0.023207528945671935
680,0.009045234077737458,0.013978998120139708,0.018305830871611525,0.018752314551406926,0.006414892595016243,0.0060538968236825514,0.012086566956680924,0.21158546927704666,0.020232760437044316,0.4723902826018562,0.02329833020023285,0.021966997045933828,0.0643910979951342,0.021966997045933828,0.00497556431490119,0.005125632644051228,0.00998499865724265,0.024205411356495395,0.01601760201266008,0.0192211224151921
681,0.07508533452172698,0.019060123378592232,0.007710623745208553,0.006168498996166844,0.013466391517483639,0.042084450203124804,0.06993835594564084,0.01769868599440707,0.09079845551462519,0.0039708590372067145,0.005192177304663877,0.03953961764707962,0.004205794770113757,0.11202891666672564,0.22747071431507712,0.059899499154308186,0.09426474062238552,0.02382515422324029,0.003881605117324747,0.08371000132489831
682,0.006680042805163428,0.006746231147269022,0.008713099311082733,0.014521832185137884,0.6185364287482482,0.004533965704862055,0.016983159674144307,0.01096860534120675,0.01926935424566374,0.0023074246369930163,0.017579060013587968,0.015904863821817685,0.009349158431599145,0.01926935424566374,0.004660494980346577,0.05777011876985783,0.006341812789712116,0.00416433169757516,0.11735248852293441,0.03834817292713417
683,0.004995057044879224,0.009573859336018516,0.02010510460563888,0.010052552302819439,0.010101685423511739,0.003706010065555554,0.016754253838032404,0.05315385522550467,0.017110727323947986,0.4952110836973328,0.19119884098521098,0.02062062010834757,0.012003047525754556,0.014360789004027772,0.004082254742261701,0.07755623071995411,0.010722722456340737,0.004294544526185348,0.010287915731385404,0.014108845337290442
684,0.005684572552090228,0.01294147368241818,0.2873184097750192,0.0138238468880376,0.02097411251978119,0.003235368420604545,0.019007789471051702,0.02097411251978119,0.015357414296211982,0.004472421052012166,0.011697101212954895,0.3750970936946031,0.006991370839927063,0.009971299394650072,0.004375893978947155,0.14402546642318168,0.011245839393546425,0.003686359170143361,0.008332181685940472,0.020787873029097795
685,0.008434197468989569,0.016655760264162475,0.7096528275383269,0.014157892228766083,0.020522276039771626,0.0027091618789165392,0.02539187551113516,0.027363034719695502,0.021683914306173793,0.007560838540968494,0.017412840276169864,0.021996427271395655,0.010641180168770472,0.026119260414254795,0.007007606452604946,0.006489740464467283,0.010945213887878199,0.007265733753561032,0.016655760264162475,0.021334458549829138
686,0.009247651289900304,0.020344832837780668,0.026157642220003708,0.01500848324098574,0.01868403015714551,0.006185928903379256,0.030517249256670993,0.0804015592773183,0.025006439186282984,0.007623227692677692,0.5634007101866524,0.0199025538630463,0.014532023455557617,0.024092565202634995,0.004306062801783531,0.007152480294532267,0.0351135068222141,0.055002174891478836,0.01188983737272896,0.02543104104722583
687,0.04080526711155436,0.015049434867433419,0.019852445995337697,0.032431644607432114,0.021699185157694697,0.5756092954139299,0.03332374863503114,0.02827469581154157,0.02392474260976595,0.005759660257906618,0.03887770674086966,0.03732259847123488,0.010849592578847348,0.024554341099496627,0.004292304355009193,0.025199728688407922,0.012959235580289889,0.010073087604527806,0.01581466036916732,0.023326624044521797
688,0.009072333764397441,0.01760032750293104,0.019130790764055473,0.08665935760718496,0.023158325661751366,0.005081714606512603,0.020000372162421634,0.023001142796087674,0.538387562852172,0.0058279230142155745,0.016000297729937305,0.01538171709351252,0.01035313382525355,0.024775681459531396,0.09311153064405947,0.00880016375146552,0.042129975176734925,0.0069292627964295415,0.013134572763381367,0.02146381402796468
689,0.0386812248078591,0.014038521285438643,0.002852308469156282,0.0026569448753784547,0.0036475382191970282,0.0006838822199103552,0.006465232530087572,0.016076126868055367,0.004310155020058382,0.006465549675560443,0.003526490470956857,0.004730657948844565,0.0022553136732863625,0.004310155020058382,0.0008582167075337487,0.01179041707037416,0.7510478660239492,0.11895773318118487,0.002518921764969184,0.004126744168141004
690,0.010367865855357964,0.02465870798031083,0.022252980372475632,0.026834476331514732,0.026834476331514732,0.019785462703179633,0.03966835631615221,0.02465870798031083,0.00822194036682053,0.00921588076031819,0.056665623796670256,0.03041240650905003,0.014956921233959029,0.04561860976357504,0.5601494234362687,0.014924116653028495,0.016562356656465136,0.009917089079038053,0.009782966771755613,0.0285116311022344
691,0.007080732004752746,0.016015941439321685,0.014013948759406475,0.17026925264637427,0.01640657415735392,0.0038882632396041086,0.012691878121726619,0.015643477684918857,0.41194682226009405,0.005296610554736306,0.01293595270099059,0.028390576817878623,0.007080732004752746,0.027477655853018514,0.20317536979760695,0.007080732004752746,0.009450960254862197,0.004839349211881372,0.00653077223739331,0.019784398248573847
692,0.02027175724489785,0.00939674847951522,0.31714059182602206,0.08219148674901096,0.0480331489155654,0.13048938418632045,0.060416137550350774,0.013968139631711812,0.013251824778803515,0.0032918545628874973,0.011745935599394026,0.13413040280789507,0.005679353476630076,0.009067038006549774,0.0028872690858845647,0.005921895071782034,0.03242237551800665,0.0032981704516542283,0.055581215173725676,0.04081527088339244
693,0.018845228347823362,0.16911513249900345,0.00292221018659402,0.0029886240544711572,0.004870350310990033,0.0009813392417666485,0.07488260750653547,0.13230421305577222,0.011223386308690195,0.12352757504275032,0.051390024759387094,0.015731640232465434,0.002512540674366555,0.08947370382214716,0.01820189778962943,0.02629137437200709,0.08037173391842063,0.16646270478539008,0.0032073038633348996,0.004696409228454675
694,0.04483481769579208,0.03754639905558943,0.006496203093788895,0.01299240618757779,0.010827005156314823,0.21776911452241865,0.06275280378732101,0.008960280129363993,0.0074057422524571965,0.07826012231998382,0.24887898802562136,0.008960280129363993,0.056892983167366684,0.15945088991509812,0.0007773069485354825,0.005993645353828037,0.005648872255468604,0.006221974700640534,0.006337759115891605,0.01299240618757779
695,0.01032827993480916,0.032471189852386555,0.017738235999860536,0.5780898145010528,0.04280293207814591,0.0024273437961839363,0.04956128977469527,0.036217865604585,0.010853294890470926,0.007243573120916999,0.021401466039072954,0.047083225285960505,0.015437123044577212,0.030376274378039032,0.008333314209904512,0.010462938952435668,0.012725196023232568,0.017121358880759534,0.015694408428653498,0.0336308752042575
696,0.009309519734083935,0.018525116171837705,0.02017062609051519,0.012739342794009598,0.02933909249529482,0.004543618568427179,0.050957371176038394,0.04034125218103039,0.02933909249529482,0.0051881638116305275,0.019363801046894585,0.044008638742942245,0.013831286462067561,0.025478685588019193,0.020751231644387417,0.011652602544521645,0.015368096068963954,0.009681900523447293,0.5945851759030364,0.024825385957557157
697,0.11994411392817132,0.08822812226447219,0.006720709167629317,0.014470445833722867,0.01152121571593597,0.08236422109028649,0.13493712816919273,0.007723662087538942,0.09835655837965113,0.04497904272306425,0.024856839399588136,0.07848266832873264,0.0038404052386453234,0.04667169280207821,0.04255217209405808,0.07626881157389155,0.0502162889034975,0.005742005454008201,0.010940848229934545,0.05118304861590071
698,0.1088765399023088,0.02906209723954858,0.02695614816421897,0.08979185905736388,0.008372438728232269,0.027462706653211006,0.08184299066935899,0.00966242256919437,0.020107829441417393,0.017952379699435833,0.05786586472585673,0.016533104207387635,0.2732844704060015,0.12399828155540728,0.005190625739528676,0.08455247760248816,0.0037611322198665806,0.003268172339580449,0.005108867105551048,0.006349591974042017
699,0.022576073882869883,0.017657752129284384,0.022198316962528938,0.009711763671106412,0.02679107219615561,0.0060698522944415065,0.03378004755167447,0.025062615925435894,0.020445818254960866,0.024280661974159363,0.016530661567840697,0.031077643747540518,0.18700586746577386,0.018949782772890555,0.004948669386551038,0.4747495902379633,0.013140126658397923,0.008009701996788795,0.010222909127480435,0.02679107219615561
700,0.04994105031339717,0.03646371501699287,0.0034944248450080994,0.005469534540012678,0.03803930764118393,0.029397103579591157,0.07724905551748121,0.03422142316206578,0.041219851758339775,0.10533962116020162,0.09530727628780147,0.09061574060206945,0.05033008165259381,0.07802934900755677,0.02165861369649006,0.0480491886368503,0.07681268549799725,0.09723657337864768,0.004492831943581841,0.016632571762137106
701,0.013328033486779654,0.02359905644633819,0.03146540859511759,0.008320179359070885,0.015999360302602163,0.5770655718924482,0.03371293778048313,0.030450395414629922,0.02247529185365542,0.009832940185974247,0.02551249345550075,0.021952610647756457,0.02052091864898973,0.02551249345550075,0.02297757755069342,0.015651640378421632,0.013680612432659823,0.03111531877771427,0.02052091864898973,0.03630624068667414
702,0.003019481362368828,0.045168719645566846,0.0065305062023325805,0.006685994445245262,0.14693234507579622,0.006351359772861871,0.04599621237155361,0.05485474216163058,0.008509447475766698,0.033946489781359175,0.14435458463587,0.007800326852786138,0.00364690606104287,0.007020294167507525,0.0011981342378098744,0.0022646110217766206,0.02849596995409382,0.05196765046891319,0.17222045947271475,0.22303576483300355
703,0.03450788840628048,0.06267165257741344,0.12554997696753115,0.03661874328219659,0.02536363171061236,0.0300186934964258,0.07767612211375031,0.06111046016540007,0.0026067655264818807,0.036120529087880986,0.07971427109049599,0.05091939275617259,0.03019029296897515,0.09934089086656504,0.030480181380339037,0.05068613097579025,0.022268844488108654,0.055805548347613844,0.023249995734727993,0.06509998805723838
704,0.026470266806082936,0.017120073058660604,0.17911683664186343,0.0322462420261519,0.012728517477496136,0.011636687339872206,0.07095527620330985,0.012384503491617863,0.00577479083531514,0.005273769631863266,0.0068392034207441915,0.2724600487216581,0.007049640449074783,0.08602836711976955,0.006166908037259465,0.15001485692475863,0.05421253551010539,0.003552144412324503,0.008222544049679287,0.03174678784239294
705,0.008292888587912634,0.012657085906984484,0.022937776945290263,0.013309574276896819,0.02245990659226338,0.004035081480377233,0.04687284854037576,0.022937776945290263,0.016844929944197538,0.005597055162405863,0.016844929944197538,0.03170810342437183,0.016090679349681232,0.01767336912178102,0.02468640987148526,0.0064944308218592905,0.019601373025975317,0.006533791008658438,0.6619620824577326,0.02245990659226338
706,0.01026443000627962,0.02779949793367396,0.14594715837599523,0.4074996364392285,0.026687518016327003,0.06583168038445013,0.044479196693878335,0.051322150031398096,0.005888955728883468,0.00844541709377437,0.016272876839223786,0.041699246900510946,0.015163362509276709,0.044479196693878335,0.005380547987162703,0.009016053383894261,0.019623175012005153,0.009675729366580364,0.015515998846701748,0.02900817175687718
707,0.029060003022026125,0.025297485624585805,0.15647267390177397,0.3557066922083163,0.03232456496474852,0.07018633966793172,0.02327368677461894,0.025297485624585805,0.0076264883336006365,0.007757895591539646,0.031444216279871734,0.046417652603620185,0.012121711861780696,0.025297485624585805,0.007002826668896742,0.04998824126543712,0.024369267616900593,0.006244716160995777,0.031786001239435556,0.03232456496474852
708,0.003342889409613812,0.015113632950023253,0.028615663012678535,0.018628431310493777,0.018628431310493777,0.005013162389652192,0.03204090185404929,0.13193648700250632,0.040051127317561615,0.010539770346726741,0.02966750171671231,0.025031954573476012,0.012919718489536006,0.03814393077863011,0.009768567638429662,0.007416875429178077,0.04102770390489952,0.48938445186239254,0.021079540693453486,0.021649258009492765
709,0.03895244885638304,0.022778362897087404,0.020980071089422608,0.02428204604034268,0.03796393816181234,0.01326668078363093,0.022145630594390526,0.05694590724271851,0.01328737835663432,0.0034065831775313437,0.11317902815413959,0.04196014217884522,0.4889819988216196,0.009422500632496911,0.003888988787307605,0.004615923648849074,0.01167928054281436,0.02356786821562672,0.012456917209344677,0.03623830460900269
710,0.008677807289954353,0.04492054682195424,0.017677014849907014,0.013444490167534911,0.5845925334838865,0.0044605551490419565,0.03535402969981402,0.028546752468592222,0.02807525887926408,0.003129486041665265,0.03079221941596706,0.04338903644977176,0.01669527836139337,0.028926024299847843,0.006769920580815453,0.01842393588779819,0.012237933357627932,0.007344762152615416,0.04338903644977176,0.02315337819277657
711,0.009857827358222973,0.4529200494320265,0.03696685259333615,0.016429712263704956,0.026404894709525825,0.003997284599510249,0.04928913679111488,0.08214856131852478,0.02843604045641243,0.009127617924280532,0.024644568395557433,0.09241713148334037,0.01297082547134602,0.04107428065926239,0.055611563503408075,0.007718689370968562,0.020537140329631193,0.008801631569841942,0.011924791159140696,0.008721400610843979
712,0.008436647469396598,0.026928173951700142,0.025432164287716805,0.0190741232157876,0.01378199595957125,0.009951716460410924,0.026928173951700142,0.0366223165743122,0.03157096256406224,0.009248059740987928,0.04577789571789025,0.03521376593683865,0.0319030913619456,0.0366223165743122,0.007961373168328739,0.5611955367269138,0.012840234408101,0.014305592411840701,0.02233068083799524,0.02387517868018786
713,0.010135547402466406,0.03745745779172366,0.023931153589156786,0.014358692153494073,0.050677737012332004,0.004307607646048222,0.5278788825323951,0.03180557652872268,0.021538038230241106,0.009320234191982671,0.03446086116838577,0.13970918117126524,0.010374095074130282,0.020512417362134387,0.0031127383373117496,0.009467269551754335,0.017230430584192886,0.010379777460357162,0.013461273893900694,0.00988102831800483
714,0.014324346551291878,0.028648693102583757,0.02578382379232538,0.027625525491777197,0.05950113182844319,0.01190022636568864,0.47359949966255355,0.05950113182844319,0.024952087540960045,0.011643236393261728,0.035159759716807334,0.024675289654457432,0.010289674891679895,0.023912476393304904,0.042638774114348334,0.019833710609481064,0.015166955171956108,0.014594617240938895,0.06814374832749195,0.008105291322205452
715,0.0057918151165329305,0.050004939974352014,0.016731910336650682,0.01627969654376823,0.36844453716259085,0.004212229175660312,0.03346382067330138,0.01984760930153838,0.027379489641792033,0.16604096310798389,0.023167260466131722,0.026189077048670642,0.008604982458848926,0.01882339912873202,0.005192661828615731,0.0050714319991473165,0.012292832084069892,0.006007776719226887,0.04945179886413415,0.13700176836825212
716,0.02427506316811135,0.05106754029439721,0.005699459544707961,0.02221923757794244,0.01639991345038608,0.014731021238768427,0.10297983591909328,0.059020345314692635,0.026492167881392904,0.007653292943513508,0.04787581902599739,0.4077812603046257,0.009839948070231653,0.08511256715732868,0.007250488051749637,0.05635534553065767,0.010090697241700268,0.014731021238768427,0.011291743687151076,0.019133232358783763
717,0.02677681860099099,0.00449717775862061,0.006643558052507719,0.06696852521099249,0.00835190155172399,0.0011030813370201495,0.0926333184034283,0.011692662172413581,0.1782760770960096,0.08515360946402105,0.08111870927480198,0.01698900342360394,0.0029828219827585673,0.16388065378103933,0.09511873593481333,0.01091539102206002,0.0781373931190126,0.024239270020699064,0.015143296528395496,0.029377995265087248
718,0.024229038289761126,0.25792800199789073,0.011060118457105758,0.007742082919974031,0.0143371905925445,0.0020812050860145245,0.006912574035691099,0.09408291884290305,0.006451735766645026,0.23626175635058896,0.07419496553331502,0.011060118457105758,0.08625246100913853,0.0065595283462813285,0.007843872785897078,0.003252976016795811,0.006172635945248667,0.12647795701615464,0.006345969606536091,0.010752892944408376
719,0.007471519253652638,0.008049549253687428,0.011864859724511788,0.013542128647245407,0.2915814658606424,0.004049982399176197,0.0858690966654126,0.02888987444745687,0.019697641668720588,0.005158906151331584,0.013542128647245407,0.023382786379501246,0.006989485753416984,0.013542128647245407,0.005344218396041338,0.005682372339017036,0.011712111262482512,0.013437647156585526,0.16491657873991333,0.2652755186067136
720,0.008619393809770556,0.025858181429311667,0.022164155510838574,0.022164155510838574,0.14632907984532126,0.007160727165040155,0.014604643797403942,0.0814143383887041,0.024497224511979474,0.28213524019615344,0.17666772973914135,0.024497224511979474,0.04325606496363712,0.024497224511979474,0.019291470814216644,0.00664924665325157,0.009903133313353405,0.01329849330650314,0.017901817912600388,0.029090454107975627
721,0.01839984326974278,0.022645960947375726,0.04906624871931406,0.006239390059962246,0.04906624871931406,0.00919992163487139,0.017842272261568752,0.04205678461655492,0.35858382574698905,0.012016224176158549,0.030430107170251623,0.02187481818276245,0.016355416239771357,0.02418139254282976,0.17689086983969257,0.057985383532799105,0.01384629782518092,0.01051419615413873,0.023551799385270755,0.03925299897545126
722,0.00978285341417413,0.02465108237167599,0.3283938980114486,0.013060682425085813,0.04519365101473931,0.20708160024526293,0.028543358535624827,0.03873741515549083,0.022596825507369654,0.014657400329104642,0.03873741515549083,0.05894470056158067,0.012325541185837995,0.02465108237167599,0.00968435378887271,0.010846476243537434,0.010633800238762191,0.014827602476541555,0.021692952487074868,0.06495730848064908
723,0.02321590166173797,0.022262751875028318,0.025635896098517456,0.0385410567450123,0.027289824879066966,0.5165431389041918,0.046999142847282,0.020142489791692288,0.032537868125041385,0.013868599528706164,0.042299228562553796,0.03021373468753843,0.023499571423641,0.05639897141673841,0.0051165340917289385,0.007169360773314205,0.018799657138912802,0.009556499889620517,0.01821785947631434,0.021691912083360926
724,0.010540486297566643,0.022887913103287572,0.02860989137910946,0.01704419060883117,0.04216194519026657,0.13502509763670748,0.015707391345393434,0.048724132884342526,0.006623237060775538,0.007417379246435787,0.01704419060883117,0.030810652254425575,0.008707358245815923,0.02860989137910946,0.48988846115829204,0.030128389039713974,0.01251682747836039,0.01232426090177023,0.013577575569746864,0.021650728611217973
725,0.06328544245098953,0.031243492615165777,0.06346701240059077,0.07083281829127937,0.09763373605019432,0.08493379600667295,0.045500247860717664,0.009706719543619763,0.015326399279399628,0.005709835025658685,0.013866742205171092,0.049810797658048786,0.07382278493236225,0.03640019828857411,0.017648580988399575,0.10591289803381237,0.038980546945727085,0.020590011153132835,0.11018438400865678,0.045143556261826624
726,0.005671202769073446,0.017271390251269135,0.017271390251269135,0.01266568618426403,0.011483910980332518,0.005277369243443345,0.011514260167512756,0.23153134200678202,0.03454278050253827,0.33567392587503786,0.08351797685029491,0.0139826556743292,0.004317847562817283,0.011874080797747528,0.004523459351522868,0.014011516105533263,0.01128584496807829,0.1521723195276125,0.010856302443654882,0.010554738486886692
727,0.0791545301039554,0.04422916497382322,0.01929794257534485,0.025782925232118694,0.034001136918464736,0.006862714708629192,0.02975099480365664,0.034001136918464736,0.031044516316859106,0.006150765427636012,0.08618735904991483,0.03758020396251365,0.007140238752877594,0.014875497401828324,0.007069543319680787,0.0069322706338617425,0.05224570112532868,0.43538083183206355,0.015867197228616882,0.02644532871436146
728,0.1754765293030618,0.04512067348750683,0.011753037872519035,0.0185829837175558,0.025655364086755745,0.0033976704201452894,0.01585019199438583,0.18483227748147626,0.028363501463637808,0.006486033310706461,0.03849332341493702,0.013472663195227953,0.006123937816012707,0.023430718600396448,0.011975700617980404,0.006653167009989115,0.007590232786043921,0.3286253391529902,0.025662215609958017,0.02245443865871326
729,0.012922670044196446,0.024633839771749478,0.034273168378086236,0.031531314907839336,0.037537279652189684,0.00997826421134156,0.013703218530607143,0.032845119695665975,0.031531314907839336,0.05120141859964871,0.032845119695665975,0.029195661951703082,0.48317498393860886,0.019226411529170317,0.007507455930437936,0.0616598283240678,0.013042874489938388,0.01176541601038781,0.023887359778666163,0.037537279652189684
730,0.012087743086470967,0.5340206511983508,0.043515875111295475,0.043515875111295475,0.02630381350349717,0.008956256881056486,0.025597573594879693,0.043515875111295475,0.04580618432767945,0.012433107174655851,0.04580618432767945,0.034812700089036384,0.01450529170376516,0.030010948352617573,0.009839131043208028,0.008617004972533758,0.021227256151851455,0.011302824704232592,0.018517393664381057,0.00960830989021769
731,0.008865619971247525,0.004375093206395445,0.07447120775847921,0.01959768625223137,0.02659685991374257,0.006770109796225382,0.10776035696175051,0.02978848310339168,0.0430143200969843,0.013526736440792513,0.023272252424524752,0.0413728931991551,0.02870456812258085,0.02402297024467071,0.45758240872631023,0.0065571955731957895,0.013540219592450765,0.00744712077584792,0.016189392990973737,0.0465445048490495
732,0.044574047551557604,0.041577472926242816,0.13026411214535497,0.030636032682494704,0.08488734055774574,0.14552115524184983,0.07087652997231314,0.025308026998582582,0.010531919233029501,0.052961780594117845,0.059286396580012904,0.024219404190743567,0.044419402676338884,0.11860614795699316,0.012108922595021285,0.0535250226176919,0.0057067119702686195,0.0028256368673981584,0.026948362081824044,0.015215574560418693
733,0.020089008070716882,0.04152428820393431,0.019279133808969503,0.08218230574384178,0.028411355086902425,0.00999658790094715,0.038206279956784224,0.028411355086902425,0.025389374882558907,0.007470310999547408,0.017993858221704868,0.022492322777131087,0.02176729681348904,0.3307520728093174,0.02420460112766025,0.21557050968192343,0.014205677543451213,0.009639566904484751,0.015423307047175603,0.026990787332557307
734,0.032634865285625245,0.018475621779905683,0.4764572451919397,0.1146674339872782,0.01293293524593398,0.19652273448690805,0.012914173077245555,0.016869045972957363,0.019399402868900968,0.004537872016117185,0.014641058768981861,0.007691954478697708,0.005923481792030829,0.015215217936392916,0.005138914667258534,0.005747971220415101,0.007461308795731141,0.0061058572157515695,0.015215217936392916,0.011447687275535403
735,0.02024391793542145,0.025765828965591486,0.01535647237680616,0.616509399268003,0.030450525141153578,0.003907049320767629,0.026443877096264945,0.020934736034543083,0.010884593076463625,0.009662185862096806,0.03140210405181462,0.03588811891635957,0.011165192551756308,0.03465059757441614,0.013765305885726956,0.009052858825748359,0.013765305885726956,0.011886514637720186,0.029554921460531406,0.028710495133087655
736,0.16206376783522192,0.05240649014236798,0.011170763618083692,0.014894351490778253,0.014894351490778253,0.003404423197892173,0.006619711773679225,0.018813917672562006,0.008124191722242685,0.2193007481370243,0.12936208789804812,0.01554193199037731,0.05449914359809931,0.011466655113621443,0.002309428763180776,0.003249676688897074,0.05347601034935508,0.1977054829226642,0.00916575476355585,0.011531110831570263
737,0.010232399567805061,0.024850113236098002,0.03261577362237863,0.05218523779580581,0.07215846251595012,0.009318792463536752,0.05218523779580581,0.319360544458573,0.026092618897902906,0.08105040931222741,0.02172594536712639,0.024730022164527535,0.012728106779464832,0.026092618897902906,0.0072479496938619185,0.014570442517587262,0.11698971957753738,0.008281989454835437,0.04014249061215831,0.04744112526891437
738,0.010829655242490287,0.02397442217468424,0.030285690717904528,0.03771014036319049,0.0333589703212839,0.5159372517366538,0.04336666141766907,0.02550980083392298,0.03212345290197709,0.014954021178506574,0.04564911728175691,0.03212345290197709,0.01294527206497584,0.041301582302541974,0.00912982345635138,0.0052802921377476586,0.016061726450988544,0.010672747704759485,0.024092589676482815,0.03469332913413525
739,0.018520215337905988,0.019064927553726754,0.07202305964741217,0.0498621182174392,0.07202305964741217,0.01577423124127379,0.032410376841335485,0.0498621182174392,0.04630053834476498,0.0070103724286320005,0.028182936383769987,0.058927957893337234,0.009235616623815788,0.03657417305887556,0.36911503917009847,0.011175992014253615,0.015433512781588324,0.020909920542797087,0.029463978946668617,0.0381298551074535
740,0.46450423412190306,0.020441966595325933,0.019826810831768106,0.0172621051249419,0.04088393319065187,0.047584240223660736,0.022846903841834867,0.048549670663899085,0.031071789224895414,0.011257894646701235,0.032366447109266054,0.025893157687412845,0.007846411420428134,0.025893157687412845,0.007192543802059123,0.12324904887343965,0.0054085601192694855,0.004798236563519209,0.018064993735404315,0.02505789453620598
741,0.011147740120591115,0.009974804384134114,0.025007092702947646,0.02102869159111507,0.030842081000302096,0.00665223694968318,0.0592036197306662,0.040228801304741865,0.028038255454820096,0.01388299057136043,0.037010497200362515,0.026436069428830374,0.008632722353027039,0.03855260125037762,0.5616271965723187,0.007381060632861763,0.013409600434913954,0.012674827808343326,0.022567376341684462,0.025701734166918417
742,0.03004745047271322,0.3550453788932627,0.009721233545191535,0.011720491047489113,0.009400985270642322,0.014432054835937885,0.008445647960690686,0.08047512437467334,0.013673906222070632,0.003724904321824325,0.03828693742179778,0.012484870898412315,0.0047074103387456274,0.012219235347382267,0.003545086798314608,0.003523337799551942,0.016817939000207182,0.3480287593306287,0.01472574516222991,0.008973500958233852
743,0.007443842774704826,0.07924151664033748,0.019274963507109114,0.02971556874012655,0.018767727625343084,0.00609550128002596,0.05664364002926676,0.0209756955812658,0.018767727625343084,0.06389631477560068,0.04956318502560843,0.042482730021950084,0.04911622450500322,0.023772454992101247,0.006665174296850815,0.42994504646397197,0.03461062941026879,0.006424987835703039,0.01782934124407593,0.018767727625343084
744,0.016264000108790422,0.047835294437618886,0.050825000339970075,0.03872380978283434,0.02541250016998503,0.018071111231989356,0.01694166677999002,0.026232258239984547,0.04280000028629058,0.007652931040270211,0.02904285733712575,0.04280000028629058,0.496776957377315,0.0260825798763249,0.010153710561151401,0.00940921892283203,0.013331147630156082,0.01563846164306771,0.02904285733712575,0.03696363661088732
745,0.010876073294016091,0.036306785822865374,0.04356814298743845,0.17269861724336322,0.036306785822865374,0.39460178640841775,0.02420452388191025,0.02723008936714903,0.0311201021338846,0.006601233785975522,0.02723008936714903,0.036306785822865374,0.010373367377961535,0.025135467108137563,0.0036380387202500954,0.012814159702187779,0.01054067975502543,0.009021527301283512,0.02696556536295568,0.05446017873429806
746,0.09621610875509119,0.029513728671254746,0.009356165021450915,0.007418379517872786,0.022135296503441062,0.012073798092786029,0.019921766853096955,0.012073798092786036,0.01767275615162951,0.028716060328788397,0.1032980503493916,0.15052001622339925,0.005520310402940488,0.010216290693895874,0.11156189437734297,0.14871160588126586,0.06583402211267833,0.0765811502814651,0.011361057526047543,0.06129774416337525
747,0.004393903677820671,0.012966301923689316,0.00766190568218005,0.03167672860083126,0.013667183108753603,0.3079100420552013,0.014873111030114213,0.02562672949583827,0.02022743100095533,0.00893326133833799,0.02013528746101578,0.3758586992722947,0.008428096250398056,0.09949200863090152,0.002499589094942779,0.0038309528410900248,0.012256261932792221,0.0041211725799024344,0.014448165000682378,0.010993169022258333
748,0.010199931837016198,0.012385225696385716,0.020399863674032397,0.029871228951261715,0.02853400586019874,0.016272246908019285,0.11038154898550565,0.029871228951261715,0.02323317807320356,0.03467001929165997,0.01706927368643527,0.025345285170767513,0.009725516402736376,0.01900896387807564,0.03829040840953249,0.0053960929718408265,0.010325856921423805,0.01115192547513771,0.5110743491936703,0.036793849661835215
749,0.14748482996648593,0.07674183942540572,0.009970100507430186,0.03759417234439837,0.018797086172199187,0.06207721354592217,0.005465095760222766,0.04392146728964427,0.02254352001091891,0.05540193819174497,0.05783718822215135,0.029726701470678844,0.021265390417033427,0.12030135150207479,0.07641960985664288,0.10831211271636486,0.049671449933292415,0.005897125073631119,0.0163952872806683,0.03417652031308944
750,0.052912530649870726,0.062183529609890834,0.007461704778165346,0.007760172969291958,0.03606676594875823,0.04337680358153361,0.027519519486930405,0.11657060877326811,0.06929021870816406,0.05138174496068546,0.09949364737582533,0.1197608718412712,0.0029846819112661384,0.007760172969291958,0.011073779245596998,0.002724395377712793,0.07327110189568087,0.17649263197321244,0.008818378374195407,0.02309673956938802
751,0.018716727302843413,0.08364037513458149,0.014552652995098619,0.009095408121936639,0.09732698197478572,0.0023003719741348273,0.16589826472974842,0.030414681867120544,0.07156395733440128,0.02539886367428407,0.12745200020507655,0.011194348457768169,0.010068535474767323,0.004250008929751156,0.08836186175262946,0.05658545463650334,0.09026292683145451,0.04274495829973698,0.03395045664091319,0.016221163662464292
752,0.07273171747914738,0.018172814260750104,0.07505053879426044,0.1766453836825194,0.01002638028179316,0.06739886288037279,0.04857314371363702,0.01384595372247627,0.002092924480747644,0.003825855633842127,0.036797836146694705,0.010769075117481543,0.08095523952272837,0.11796334901883278,0.003230722535244463,0.06366382913923299,0.10742137552054341,0.013233765949323845,0.007091829955414675,0.07050940216495698
753,0.023518169023797306,0.05569272676906192,0.023868311472455106,0.022277090707624764,0.023868311472455106,0.008353909015359286,0.008568111810624909,0.011541953530198589,0.022277090707624764,0.009806276688107613,0.04176954507679643,0.026395563393302603,0.25961940048347715,0.10749187908117958,0.006304836992723989,0.08821854330014373,0.20353745807130963,0.01336625442457486,0.023868311472455106,0.019656256506727733
754,0.22756149747387325,0.18002873730560598,0.010123501122918958,0.020957190842758423,0.029017648859203972,0.1276662252251787,0.018861471758482583,0.023576839698103223,0.026944959654975124,0.008382876337103369,0.03143578626413764,0.04715367939620646,0.006277993320427389,0.023576839698103223,0.00673623991374378,0.12095206164436466,0.023314298360141747,0.003327804664469343,0.02218996677468539,0.04191438168551685
755,0.19823398186268582,0.14112480894563695,0.019439452250023664,0.012277548789488628,0.015002819967275233,0.1317211606747369,0.00933093708001136,0.012959634833349108,0.010142322913055822,0.003644897296879436,0.0070688917272813305,0.01110825842858495,0.007775780900009465,0.01625305496454817,0.0019415843229385148,0.21040106903224687,0.15813783208749568,0.01581378320874957,0.009453410095359795,0.008168770619642841
756,0.02809898602153295,0.0248930186198271,0.022403716757844385,0.029871622343792512,0.006211183808558639,0.054827289798113084,0.03628139437090884,0.018962105420489296,0.03733952792974064,0.2730888101042889,0.15610547789740525,0.028004645947305482,0.05086945672873057,0.020367015234403988,0.01979705809959385,0.10407031859827022,0.014002322973652741,0.02358285974509935,0.022403716757844385,0.028819472842597893
757,0.2780986570759409,0.02417742288956532,0.02417742288956532,0.01668819231944111,0.014818420480701325,0.1989095141383165,0.017668116726990042,0.028710689681358818,0.028710689681358818,0.006755456395613838,0.02552061305009673,0.022968551745087055,0.005274804436289974,0.016406108389347897,0.0062927539027635765,0.16039196718680085,0.05062586579086604,0.004388685723632698,0.018374841396069645,0.05104122610019346
758,0.008677470560784896,0.019795479716790538,0.02184328796335508,0.29826438928505833,0.03333975531248933,0.006811347859540832,0.014396712521302212,0.015450130510665785,0.3833055283435058,0.006811347859540832,0.01863103973344992,0.011730654646986987,0.0062718351577950235,0.02620211549780343,0.06371036512962211,0.006961047812497774,0.010040842805072647,0.010736531371818599,0.014396712521302212,0.02262340539061776
759,0.012985985066263377,0.026218300788951408,0.02224583097244362,0.03191793139524519,0.017478867192634272,0.011470506595166241,0.016684373229332715,0.02224583097244362,0.04588202638066496,0.0042735572223442,0.030588017587109974,0.07674017281598217,0.07110214579160276,0.023681045873891596,0.008536190954542318,0.44962654282513365,0.06769549247967092,0.015958965697622594,0.027189348966319974,0.017478867192634272
760,0.01176455843876526,0.007126228795990914,0.03015177844949333,0.03393622626566902,0.013692688392469055,0.009803798698971048,0.19157528491818582,0.017300821233478324,0.02384707791641607,0.006002325734063908,0.024509496747427625,0.01838212256057072,0.0059617694791040165,0.01696811313283451,0.0064878079625543695,0.006531618721575069,0.008912544271791863,0.013574490506267604,0.016339664498285084,0.5371315832760865
761,0.389284108795772,0.018113385311612946,0.015462645997718367,0.013183418734076642,0.014088188575698957,0.2563153193477791,0.01981151518457666,0.021132282863548436,0.01132086581975809,0.005870078573207899,0.011740157146415799,0.012938132365437817,0.004988408656606326,0.013488691189499,0.00633968485906453,0.04049767915681248,0.06162281812602163,0.05552265252311535,0.012430754625616727,0.015849212147661326
762,0.0070841707567357365,0.11336333103421051,0.02498102319480498,0.011501957874978482,0.021574520031877025,0.006878832473931803,0.20545032564439383,0.014832482521915456,0.053888065995736034,0.09535270603664624,0.010787260015938513,0.013561126877179846,0.0036667753836342807,0.29092477300511993,0.07016836216190334,0.004477730572653721,0.00678056343858992,0.011576571724421818,0.022601878128633075,0.010547543126695433
763,0.050225047052164136,0.02739548021027135,0.02252828828555829,0.015671852720388374,0.00801005805708739,0.007356175766712909,0.36831701171587033,0.002762005513606504,0.010246667196623952,0.022004529085168204,0.22032257937979544,0.021203094856996032,0.007669204522743247,0.050225047052164136,0.005045256234252149,0.007669204522743247,0.04739782320744362,0.005533017355156096,0.010012572571359239,0.09040508469389544
764,0.016593834387187048,0.02064024645533521,0.09245136301432787,0.028137371352186736,0.03081712100477595,0.03217571996078586,0.0340610284789629,0.028137371352186736,0.058832685554572266,0.008598333893275198,0.023112840753581963,0.04622568150716393,0.013482490439589476,0.028137371352186736,0.043634075838270864,0.01464919928258727,0.015784379051226708,0.00995630063231223,0.3957399001349128,0.058832685554572266
765,0.01938407165190908,0.07136862744566524,0.013025143770500338,0.016857415099749865,0.029771757189715062,0.007104623874818368,0.10647880885342874,0.029771757189715062,0.016377008318702774,0.023916006822822817,0.025008276039360657,0.01894566366618231,0.003227647829825175,0.38293026612957043,0.05200440487743759,0.07401190994365284,0.05233699346015449,0.02243014005435193,0.014209247749636732,0.020840230032800538
766,0.006083977609536039,0.04415698869249788,0.013562200087924088,0.015877697663911127,0.005566643114157664,0.006711191796086147,0.00910091134330495,0.029298175220486705,0.02603942416881425,0.3978740807656922,0.21784114421632286,0.01251895392731454,0.002706549683209436,0.013019712084407125,0.004156518380038432,0.004520733362641363,0.05598720996213907,0.11017618674476093,0.01251895392731454,0.01228274724944068
767,0.000837967914123488,0.0046469129783211615,0.003194752672595798,0.001966001644674337,0.12804284368635843,0.000681547236820437,0.601684678113223,0.011661771101181585,0.0034077361841021846,0.03106752571816785,0.17902260980952864,0.0023234564891605803,0.005006565448424204,0.0012467327502812867,0.0009440765444774895,0.0009465933844728289,0.001345159020040336,0.011030323826180022,0.0016489046052107343,0.009293840872655605
768,0.004585040588633452,0.721903383048422,0.03271980865835593,0.005960552765223488,0.004415224270535917,0.0042575376894453485,0.0944733130605215,0.011921105530446978,0.0036124562213475687,0.003137133034328152,0.008515075378890697,0.005960552765223488,0.0014191792298151164,0.005960552765223488,0.0029075867147431655,0.0029802763826117444,0.0038455179130474125,0.0034060301515562797,0.005960552765223488,0.07205912106640468
769,0.010057628582910068,0.09087453064232003,0.020115257165820133,0.052934887278474035,0.6069291992671396,0.015473274742938565,0.015473274742938565,0.019308980929937193,0.016221981585338816,0.0047070877664146735,0.020115257165820133,0.022858246779341063,0.00702898967266398,0.023389833913744336,0.009060926651270331,0.005285646536596708,0.0086638098433984,0.01138367819223499,0.02453080142173187,0.01558670711896636
770,0.02340315815230212,0.029464309494989783,0.017410728337948506,0.04255955815942968,0.0264162774782667,0.04635408136446313,0.46513143439988036,0.021279779079714838,0.017023823263771873,0.00481009315146467,0.021887772767706693,0.012812634698577584,0.004919908969048246,0.021991554218017743,0.04501663311828269,0.09709524542949152,0.005892861898997955,0.01563412340550478,0.0264162774782667,0.054479745133874345
771,0.011616304156666804,0.03282868566014532,0.025168659006111413,0.02157313629095264,0.03595522715158773,0.16273084018240586,0.023595617818229452,0.04320762824563299,0.014840947864768564,0.00699129416836428,0.02796517667345712,0.013483210181845399,0.013483210181845399,0.03020239080733369,0.46068458662100215,0.008914374081801735,0.008571684898954638,0.0130182718997128,0.023595617818229452,0.02157313629095264
772,0.014239720704809297,0.032632693281854634,0.03132738555058045,0.027006366853948662,0.02610615462548371,0.07952595835169239,0.02373286784134883,0.02872757289670683,0.027057539983269204,0.009435959503186883,0.027006366853948662,0.018647253303916932,0.009323626651958466,0.02610615462548371,0.47840592116764924,0.02045695551334527,0.00966894615758656,0.02237670396470032,0.06024497221265471,0.027970879955875407
