site,A,C,D,E,F,G,H,I,K,L,M,N,P,Q,R,S,T,V,W,Y
677,0.22842953288908313,0.004160131600843755,0.004237171074933454,0.004153533699503864,0.004974070392313185,0.4374240878549856,0.004160131600843755,0.005447791382057298,0.004085843536542974,0.0015356190472913187,0.004237171074933454,0.004237171074933454,0.0026299682534069715,0.004085843536542974,0.0027389996791787113,0.2348018928586269,0.038756004660614525,0.0010069765260045773,0.0031778783062000903,0.005720180951160163
678,0.04774641947316582,0.10868713206702926,0.12428692008053029,0.05931984163755386,0.04177811703902009,0.1270809492355668,0.04320105307808537,0.013909480108116079,0.020168746156768322,0.01391173827935265,0.05462368750791419,0.07977961045014745,0.0007528920069483356,0.02944899505174875,0.017386947392270605,0.0775721006029551,0.057403354446186765,0.0270150177879649,0.015756832934975252,0.04017016466370026
679,0.5704787138277811,0.009683734066104826,0.009312917058480318,0.011660006324493565,0.02040501106786374,0.002929950307180434,0.021974627303853255,0.030070542626325508,0.02040501106786374,0.004721820742976732,0.018430332577425313,0.02116075221852536,0.012672791906761512,0.01731334272424802,0.004263733655971527,0.1710517505251421,0.0036657812256824774,0.019789386717957262,0.012696451331115214,0.01731334272424802
680,0.004062932877096919,0.006279078082786149,0.008222602251267575,0.008423153525688737,0.08970139311973595,0.0027192857838837657,0.005429036975438406,0.4133849070521665,0.009088139330348372,0.34505907995809726,0.010465130137976918,0.009867122701521092,0.009220784007642679,0.009867122701521092,0.002234921027292956,0.0023023286303549212,0.004485055773418677,0.04335941673007185,0.007194776969859129,0.008633732363830955
681,0.043019557761565526,0.04095130979225949,0.001992949535760211,0.0015943596286081684,0.03086185665503614,0.01860990326819867,0.0887278378832289,0.012675405411889839,0.06624569455236405,0.018769350321452265,0.043122238639799346,0.08684001154528784,0.0010870633831419332,0.10383044858675722,0.09536524057772612,0.05715156359000601,0.07477970899860818,0.04709400626109843,0.06656340736138429,0.10071808624582738
682,0.005052384689192737,0.005102445590898166,0.006590066985903569,0.01098344497650595,0.7626050441516649,0.003429220377280138,0.012845045819981535,0.0301909081674826,0.014574186603440583,0.03330906001339797,0.013295749182086147,0.012029487355220803,0.012611586481789805,0.014574186603440583,0.003524919550599583,0.030081768113224598,0.004796567742904497,0.0031496513305701783,0.015121996183840029,0.0061322800805757765
683,0.0035345979020711873,0.006774645978969775,0.014226756555836528,0.007113378277918264,0.0071481458138564664,0.002622443604762494,0.011855630463197108,0.2501422481814941,0.012107877919860876,0.5700604791817401,0.049680033048700514,0.014591545185473362,0.008493586003484497,0.010161968968454664,0.0028886815341800064,0.0025905000892871444,0.00758760349644615,0.0030389018456090646,0.005397287137544257,0.009983688811113353
684,0.005263463889682917,0.01198277949353345,0.1565846562673431,0.012799787186274367,0.019420366765381794,0.0029956948733833623,0.03018213833985833,0.019420366765381794,0.014219749127362171,0.004141107619088766,0.010830589157616774,0.5652566925713364,0.0064734555884606,0.009232633380263477,0.004051731195655195,0.04370176946269801,0.010412756458766667,0.003413276583006498,0.007714940221864002,0.06190204505304231
685,0.005629107316279311,0.011116299126966435,0.7694468895609328,0.009449185298431117,0.01369686856715507,0.001808134444286505,0.016946910804414458,0.018262491422873426,0.014472163014352528,0.005046214735267657,0.011621585450919455,0.04040081028397964,0.007102079997784112,0.01743237817637918,0.004676979510735878,0.004331348141136564,0.007304996569149372,0.004849257464113867,0.011116299126966435,0.025290000987876163
686,0.013769348991600108,0.016328503605244318,0.020993790349599833,0.012045617413704824,0.014995564535428456,0.004964747717810773,0.024492755407866475,0.005051372299493781,0.020069849463166502,0.0061183054122878975,0.736143757335046,0.015973536135565094,0.011663216860888798,0.01933638584831564,0.01377685623895114,0.0057404895487187056,0.02476353248832901,0.003819108864336241,0.009542631977090833,0.0204106295065554
687,0.034026527136160604,0.010873655037248029,0.014343970474667612,0.05160746523586808,0.015678293309520412,0.675300500498041,0.02407737901104921,0.020429291282102354,0.01728632339254815,0.004161522298206035,0.02809027551289075,0.02696666449237511,0.007839146654760206,0.017741226639720466,0.0031013149186250566,0.005436827518624014,0.009363425170963582,0.005395473357888403,0.011426552751006402,0.016854165307734443
688,0.006230207412368583,0.01208660237999505,0.013137611282603314,0.004514609245864863,0.015903424184204012,0.0034897455088436437,0.013734775431812554,0.17129274255758126,0.6049318586110926,0.004002186218541408,0.010987820345450046,0.06695736921568071,0.0071097661058794415,0.01701410445032358,0.006895562023921441,0.006043301189997526,0.0071501974394479395,0.004758504874013798,0.009019852522384367,0.01473975899999396
689,0.00924375579456319,0.020188589878088928,0.0016203337245005991,0.0015093519625485028,0.002072086259912155,0.00038849845186445295,0.003672756442201358,0.029424893979857033,0.0024485042948009053,0.02625163999026956,0.002003321695746195,0.0026873827625863594,0.0012811941077446594,0.0024485042948009053,0.00048753404100018027,0.01730886662430911,0.7632171863409026,0.10997034266323145,0.001430944068390139,0.0023443126226817177
690,0.007649639231827178,0.01819373655137275,0.01641873786343395,0.019799066247082112,0.019799066247082112,0.021243235117558653,0.029268184886990952,0.01819373655137275,0.0060663282559033785,0.006799679317179717,0.011309456592956579,0.022438941746693062,0.011035545121324456,0.033658412620039595,0.672168812965628,0.005038318751334283,0.04534745998646125,0.007317046221747736,0.007218087836486539,0.021036507887524748
691,0.006007041756274878,0.01358735635347889,0.011888936809294027,0.03783349083426386,0.013918755288929593,0.0032986645482434305,0.010767338997096481,0.013271371322002635,0.5714929568593399,0.004493456431859162,0.010974403208579106,0.03517073470373054,0.006007041756274878,0.013918755288929593,0.20691440587524404,0.006007041756274878,0.008017859290500563,0.004105532135583551,0.005540475406272946,0.016784381377826865
692,0.0574758701327759,0.004257477335827212,0.23414457343374587,0.09421687101243541,0.01931378913904136,0.16805486725350166,0.06940828916142026,0.00632868252622964,0.006004134704371709,0.00149147295204138,0.009876369446100696,0.16226170097454504,0.0025732005875878754,0.007623864133832116,0.0013081634272094785,0.029764401070440448,0.00814800479303307,0.0014943345539389496,0.1024320602552729,0.013821873106649165
693,0.01948744969498002,0.16649590272097392,0.0015952669752711402,0.004540797346935654,0.0026587782921185673,0.0005357239842328456,0.05327868887071167,0.1074869015284317,0.004525057981273542,0.11350677194195095,0.019979508326516876,0.019028103168111314,0.0067516101205329585,0.058273565952340865,0.01312382942581592,0.02165861580369097,0.0714500850529872,0.3113086181108443,0.0017509027777366174,0.002563821924542904
694,0.09029195764336816,0.038887176690880584,0.043856093712493105,0.16289406236068865,0.005627201739503559,0.24068124979416297,0.05135191724149228,0.008641594820195688,0.003849042748542159,0.04439696716977573,0.060861517805092455,0.01728318964039137,0.06808598762407415,0.13469833193979308,0.00040399565251669886,0.008046989672017084,0.0029359313423496826,0.007160178565304995,0.0032939717499533027,0.006752642087404271
695,0.0073173844509311445,0.02300520330866466,0.012567193483483449,0.667965727570792,0.030325040725057966,0.027884297737286103,0.03511320505006712,0.02565964984427982,0.007689347284753842,0.005131929968855964,0.015162520362528981,0.03335754479756376,0.010936899933627465,0.021520996643589523,0.005903990229657302,0.007412787732791946,0.009015552647990204,0.01908472891634547,0.01111918159918792,0.023826817712545544
696,0.006066107698072083,0.012071014727670285,0.013143233345822845,0.008300989481572325,0.019117430321196865,0.002960633884702915,0.033203957926289294,0.02628646669164569,0.019117430321196865,0.01711372284961819,0.012617504011989931,0.0286761454817953,0.009012502865707097,0.01660197896314465,0.10510449182942637,0.0075928666587495725,0.010013892073007884,0.0063087520059949675,0.630514591667538,0.016176287194858887
697,0.11183663973234383,0.04460374343840134,0.03282162253014438,0.05256582638284607,0.043762163373525835,0.08409211842613773,0.12216937275109296,0.0074195484136412495,0.023354663783276705,0.03378131909535327,0.050671978643029914,0.03537376597458713,0.0010419562707982342,0.08729154577397633,0.007529799307957092,0.10845405705612926,0.06177849016834149,0.012104428167145444,0.037848357512238556,0.04149860319903311
698,0.1898959130230206,0.01946433108485961,0.045134680776486066,0.19867041383167047,0.006322063505386445,0.0022524982696957062,0.004498224252865397,0.007296135699666526,0.009070871410396222,0.0035324865499148355,0.013841302104789056,0.007458272048548005,0.3355082691018902,0.02442582724374539,0.0015610336845798148,0.1171074897548014,0.002840046671941671,0.0024678106042989724,0.0038577269216627614,0.004794603459780861
699,0.008719473435378681,0.013833063480253305,0.017390136946604157,0.00760818491413932,0.02098809631486709,0.004755115571337074,0.026463251875267196,0.01963402558487566,0.016017231398188038,0.024558406648382075,0.012950101981513733,0.02434619172524582,0.07035699307892415,0.014845238856857205,0.0038767821218544302,0.6083063516014916,0.05578860645316767,0.006274791681764387,0.022299860015021367,0.02098809631486709
700,0.044091193500346244,0.039127243423814136,0.0023430199036593145,0.006804737986750282,0.02825856469497687,0.008189423042193654,0.044344209213656005,0.05346674691004527,0.05443790389400226,0.07370480737974289,0.10061291166123633,0.09920317464841642,0.07704777214887888,0.07245785819224838,0.02047780964237001,0.02637099172837255,0.08396457916726842,0.12641109413847643,0.013974015508505045,0.024711943215040506
701,0.0065617414789898255,0.017566956552437826,0.02342260873658376,0.006193477677450427,0.011909801052500219,0.7016227945023987,0.02509565221776832,0.022667040712822994,0.016730434811845545,0.007319565230182425,0.018991304381013863,0.0163413549325003,0.015275614393424194,0.018991304381013863,0.003279320818546037,0.006957210515816959,0.010183742928949463,0.028588373278580333,0.015275614393424194,0.02702608700375049
702,0.0016671249628249696,0.020827792839480223,0.0036056423614586547,0.003691490989112432,0.19180093498731732,0.001661578215866733,0.1250875662960765,0.0479502337468293,0.004698261258870369,0.043335436277647806,0.06309241282477542,0.004306739487297838,0.0020135405395158724,0.0038760655385680536,0.0074846782115979005,0.0012503437221187271,0.010897780397006663,0.04239810141824908,0.15478375055833146,0.26557052536705467
703,0.07207146483892761,0.032492297355252955,0.15129195401268433,0.0706765332614,0.050865686816916646,0.029960257400584295,0.08734173854746871,0.044496874360286626,0.004141203120785155,0.040228830316198644,0.06815237135920711,0.040512005605583955,0.009230144269212683,0.06425139387399997,0.013021226856650218,0.047356422511721244,0.04814694071915826,0.04547203426744484,0.019921081679071074,0.06036953882744582
704,0.02835606934535944,0.08002798404117724,0.04058757560494633,0.024225338542585285,0.010037193142260693,0.0015710389266147173,0.04940412527955794,0.009765917651929324,0.011678542588244283,0.0024919927801474824,0.005393118703304254,0.3616285811478603,0.005559060817252078,0.009033473828034624,0.003603410571746556,0.2803962964801908,0.0361862133157663,0.0028010771559797286,0.01801705285873278,0.0192359372183099
705,0.005908664269380577,0.013470945113400684,0.016343113936584577,0.00948304141999352,0.01600263239623906,0.0028749863831397976,0.033396798044325,0.016343113936584577,0.012001974297179299,0.0039878890812620705,0.012001974297179299,0.022591951618219856,0.01146457246297724,0.012592235328188118,0.002842222424736794,0.004627267198912501,0.01396593372762682,0.004655311242542273,0.769442740425289,0.01600263239623906
706,0.00783615755360539,0.021222926707681267,0.05451287061636965,0.5083457805183217,0.020374009639374014,0.043150080968503784,0.03395668273229002,0.03918078776802695,0.015495656482871203,0.006447471404865196,0.0124231766093744,0.031834390061521896,0.011576141840553417,0.09452309973163937,0.0041076632337447615,0.006883111364653385,0.027800911685776298,0.007386726756009289,0.011845354441496519,0.04109699988332149
707,0.004475945026447219,0.013055506250334149,0.38577484947242524,0.29941166832585037,0.01668203576431586,0.0278133001182305,0.012011065750307418,0.013055506250334149,0.057983535901189785,0.004003688583435806,0.009686343347022114,0.05306812307656341,0.006255763411618448,0.04845350367860137,0.0036140132146941385,0.010715678698152228,0.007506916093942138,0.003222768147052872,0.006527753125167076,0.01668203576431586
708,0.13472181303231984,0.009176188569611898,0.037713597673666714,0.011310185911382109,0.019350357487014698,0.003043723740655217,0.019453519767577226,0.12128164663293207,0.02431689970947153,0.023746596846322278,0.018012518303312245,0.015198062318419706,0.00784416119660372,0.0231589521042586,0.005930951148651592,0.00450312957582806,0.0099252651875394,0.48536979241306233,0.012798368268142913,0.013144270113227855
709,0.011386190651199026,0.014795584189164898,0.013627511753178197,0.06114267781708356,0.0246593069819415,0.003429440043846168,0.0400338961897571,0.036988960472912245,0.008630757443679523,0.004183329607148274,0.03256994944251425,0.050569132029166866,0.5174205026300546,0.05847412262790666,0.0025260753493696166,0.013255183435672285,0.0484504035620297,0.006092299372009076,0.008091335103449554,0.04367334129791684
710,0.005098471945786838,0.00922584977658352,0.010385776185862077,0.007899041042768342,0.5611490256187129,0.002620709878675477,0.020771552371724157,0.016772072914424476,0.01649505629519271,0.08757602419529846,0.018091352065695232,0.025492359728934186,0.009808976566142885,0.016994906485956123,0.003977531305223774,0.0992499569493603,0.007190152744058362,0.0335450684701895,0.025492359728934186,0.022163755730476197
711,0.006876179928420711,0.5144473281644546,0.02578567473157766,0.011460299880701186,0.01841833909398405,0.0027882460437299015,0.03438089964210356,0.05730149940350593,0.019835134408905896,0.006366833267056214,0.01719044982105178,0.06446418682894418,0.00904760516897462,0.02865074970175296,0.03991341917468273,0.03604402467957743,0.01432537485087648,0.006139446364661349,0.008317959590831507,0.07824634925420713
712,0.005090499796461274,0.0162479070646776,0.015345245561084396,0.011508934170813298,0.2094657505019537,0.0060046613065112865,0.0162479070646776,0.022097153607961533,0.01904927035169098,0.005580089294939781,0.027621442009951914,0.021247263084578395,0.001535513868796347,0.022097153607961533,0.004803729045209029,0.5517985787511088,0.007747533706730553,0.008631700628109976,0.013473874151196058,0.014405792425586005
713,0.005135690502750926,0.01897972577103603,0.012125935909273019,0.007275561545563811,0.025678452513754627,0.0021826684636691435,0.43603771476349035,0.016115912720543395,0.010913342318345719,0.004722570604477867,0.017461347709353148,0.19288416172055875,0.005256562811188791,0.010393659350805443,0.030950944516423797,0.00479707354652559,0.008730673854676574,0.0052594420811304665,0.006820838948966073,0.17827772034746647
714,0.009230470796127635,0.01846094159225527,0.04623942309109074,0.01780162224967473,0.03834195561468402,0.007668391122936806,0.4967315811306218,0.03834195561468402,0.01607888461260943,0.0075027892627130095,0.02265661013594965,0.06800218397943723,0.006630567282717212,0.01540896921343933,0.06111693178260752,0.01278065187156134,0.009773439666488085,0.009404630622469667,0.026233969631099592,0.07159403072683278
715,0.004035428263434883,0.010401443724465359,0.011657903872145216,0.011342825389114264,0.4192281703112495,0.002934856918861733,0.023315807744290436,0.01382875694847565,0.01907656997260126,0.047594726976457336,0.01614171305373953,0.018247153886835996,0.005995493419960397,0.013115141856163368,0.003617970167217481,0.10998633387404684,0.008564990599943425,0.004185898804671631,0.1755510954572617,0.08117771875906413
716,0.04097212060144449,0.04701447374064741,0.0417540679333693,0.025592556270110478,0.006786200935964091,0.01130155618765563,0.27108065153635275,0.014294941340061712,0.010962324588865072,0.003166893770116577,0.011875851637937161,0.28434069542818446,0.004071720561578456,0.04897341014650773,0.0030002151506367566,0.07719375336131655,0.038139698174849315,0.04068560227556026,0.004672466218204785,0.01412080014063703
717,0.0028021082741450393,0.005517997832162537,0.00815158770660375,0.04500152527943718,0.010247710259730427,0.0013534711663794902,0.009693779975420674,0.014346794363622597,0.35883117772988327,0.053050225934109366,0.021531370571529887,0.013256787661917555,0.003659896521332295,0.14145897236204974,0.2400609221331567,0.002284521395481306,0.04082248354003458,0.009884245516076183,0.003697627413304793,0.014346794363622597
718,0.01515764310385793,0.0992980293130285,0.008322264696177641,0.005825585287324349,0.010788120902452496,0.0015660175503560076,0.005201415435111025,0.2005535466591095,0.004854654406103624,0.2912303892705737,0.12381714125449815,0.008322264696177641,0.009629540691433068,0.004935763698331935,0.013306392187598838,0.0024477249106404824,0.0027740882320592135,0.17910325712068376,0.004775069907642908,0.008091090676839373
719,0.005800105370656991,0.002507285562455018,0.03019889461299554,0.010512690984315795,0.21620913759567975,0.0031439823504495834,0.08456647765073093,0.0224270740998737,0.015291186886277524,0.004004834660691731,0.010512690984315795,0.013456244459924218,0.005425905024162991,0.010512690984315795,0.004148691687529224,0.011642694677033128,0.009092057067516365,0.006229742805520472,0.1986352368201406,0.33568237571541476
720,0.006375392653566761,0.019126177960700288,0.016393866823457386,0.016393866823457386,0.02018516598319253,0.0052964800506554634,0.010802423097130429,0.13185475184564358,0.01811953701540027,0.34387011441960685,0.2615380000246164,0.01811953701540027,0.04188368047005873,0.01811953701540027,0.015083919109183637,0.004918160047037217,0.007324919218991598,0.009836320094074431,0.013241200126638661,0.02151695020578782
721,0.015207123011329498,0.018716459090867072,0.040552328030211984,0.13047968382076192,0.040552328030211984,0.007603561505664749,0.014746301101895272,0.034759138311610274,0.4848175127000487,0.009931182374745794,0.025149908953133453,0.017680362612673084,0.01351744267673733,0.01998546431038152,0.014450054461541626,0.039810680863913324,0.011443703687698524,0.008689784577902569,0.019465117454501753,0.03244186242416959
722,0.03320852152433874,0.022535726484424878,0.4944605907725948,0.011939920624737166,0.04131549855477895,0.06333496807562146,0.02609399908722881,0.03541328447552481,0.020657749277389476,0.013399621152901279,0.03541328447552481,0.045650043057453675,0.011267863242212437,0.022535726484424878,0.0088533211188812,0.009915719653146946,0.009721293777595045,0.015068229569272269,0.019831439306293896,0.05938319928565453
723,0.010379139730152576,0.016661250619455455,0.019185682531494157,0.042968587814294405,0.02042346850126798,0.631055718878394,0.03517375130773929,0.01507446484617398,0.024351058597665662,0.010379139730152576,0.03165637617696535,0.02261169726926097,0.017586875653869644,0.04220850156928714,0.0038291697847517465,0.0053654874876212484,0.014069500523095718,0.007152001720163056,0.013634088193084563,0.016234039065110444
724,0.009124781255668362,0.019813810726594158,0.024767263408242698,0.014754965434697776,0.036499125022673454,0.002282526181238811,0.013597713243741087,0.030805413282224716,0.016729860184580246,0.006421142365099958,0.014754965434697776,0.02667243751656906,0.00753786277642169,0.024767263408242698,0.6939118856412028,0.0055575819240327095,0.01083567774110618,0.010668975006627621,0.011753955515776194,0.01874279393056204
725,0.0916943663408536,0.02003138927119081,0.019940426489139036,0.05604876634785026,0.08207084243383032,0.05670558782848913,0.06885678522030823,0.0046554263773323805,0.013643449703095136,0.0013692430521565825,0.018516110311343394,0.05457379881238053,0.061167319071550715,0.013887082733507543,0.017019858973053015,0.1392316516684073,0.05046039401600213,0.010473759368032624,0.09808534110873796,0.12156840087273926
726,0.003841541917612275,0.011699241294546471,0.011699241294546471,0.008579443616000746,0.007778936357142954,0.0035747681733336446,0.007799494196364313,0.2569114478662515,0.023398482589092943,0.2555604464824876,0.1267911006034993,0.01621222071530644,0.0029248103236366183,0.0080432283900007,0.003064087005714552,0.0029777308637929105,0.018765912225640103,0.21587452092464812,0.007353808813714924,0.007149536346667287
727,0.07548604197784932,0.031646896407633456,0.012443583454544424,0.015147065026391592,0.021924408943721132,0.004425174490396724,0.019183857825755986,0.08137773361962888,0.020017938600788855,0.003966099630014451,0.0518738844579279,0.02423224146411283,0.004604125878181437,0.009591928912877992,0.004558540473446966,0.004470025124447997,0.12816993045091546,0.45959681435362265,0.010231390840403191,0.017052318067338656
728,0.13180163102177653,0.05625866619799464,0.009556005725440176,0.01792431404784317,0.014777914704523092,0.0034737062980080436,0.015288385511395644,0.047843451072587646,0.027358163546707993,0.006256137321803873,0.03712893624196085,0.0129951276846863,0.005906876220311954,0.022600222060324,0.011551224608610043,0.006417347004783357,0.007321198695597913,0.5191295217331937,0.024752624161307236,0.021658546141143833
729,0.01076460668174168,0.020520031487070076,0.028549609025488795,0.0262656403034497,0.03126861940886868,0.008311911488433448,0.011414804932064832,0.027360041982760097,0.0262656403034497,0.004468334072121189,0.027360041982760097,0.024320037318008983,0.6552371730625192,0.016015634331371768,0.006253723881773737,0.0037919687299644463,0.010864737194660709,0.009800612053526007,0.019898212351098253,0.03126861940886868
730,0.005891630407728664,0.4227298317375549,0.02120986946782319,0.02120986946782319,0.033822184609669105,0.004365327340462765,0.012476393804601877,0.02120986946782319,0.02232617838718231,0.006059962705092341,0.02232617838718231,0.01696789557425855,0.007069956489274397,0.01462749618470565,0.18869470073860248,0.004199974152044196,0.01919486387783085,0.0055090570046294005,0.025116683584821213,0.12499207661088921
731,0.0074586433244547045,0.003680764553813452,0.06265260392541952,0.016487527348794613,0.022375929973364114,0.00569569126594723,0.0036044701251098923,0.02506104157016781,0.021604346181179148,0.015546964152792365,0.0195789387266936,0.034807002180788624,0.039982891659606494,0.020210517395296623,0.625301449354281,0.00551656659633231,0.01139138253189446,0.006265260392541953,0.013620131288134678,0.0391578774533872
732,0.08670872921133121,0.058758662652367316,0.131834743216859,0.051955028029461614,0.04113106385665712,0.08442692054787512,0.08819645163554628,0.0038554827732660587,0.008061463980465394,0.02027330449075181,0.031990827444066644,0.07982557885316507,0.06170477063782129,0.1281213028607163,0.005202254310960145,0.03971275130987583,0.024194743445092412,0.010031966794306612,0.009140236412590468,0.03487371753682418
733,0.011552874984792069,0.039990721101203316,0.018567120511272964,0.04384454773266172,0.027362072332402267,0.009627395820660056,0.014509458816558247,0.027362072332402267,0.032991801458466904,0.014820849882563424,0.017329312477188104,0.02166164059648513,0.008923208835361584,0.5180226042957251,0.04800374534250981,0.0816183119331088,0.013681036166201137,0.009283560255636482,0.014853696409018373,0.025993968715782155
734,0.006100448635067993,0.014468258407003812,0.6080335520067564,0.1908746692379448,0.010127780884902666,0.008079974133673359,0.056287506678582885,0.013210148980307828,0.015191671327354,0.003553607328036024,0.01146541232253132,0.006023569132257743,0.004638678267894352,0.01191503633517961,0.004024283795325563,0.004501235948845631,0.00584295051052077,0.00478149645225166,0.01191503633517961,0.00896468328038382
735,0.008050081399845746,0.016609030774960423,0.009899007039199605,0.647396051020992,0.019628854552225954,0.0025185412235165044,0.017046110532196224,0.013494837504655343,0.11330049970982568,0.011556813772370254,0.020242256256983015,0.02313400715083773,0.007197246669149516,0.02233628276632608,0.008873317811280226,0.005835605407418527,0.008873317811280226,0.0064493975755770235,0.019051535300689898,0.018507205720670186
736,0.05591936580581564,0.2751821422549348,0.008430837453842854,0.011241116605123806,0.011241116605123806,0.0025693980811711554,0.004996051824499468,0.05266643870907845,0.006131518148249348,0.2689593557661188,0.08037365793487819,0.011729860805346581,0.02146479779929618,0.00571892418191619,0.01999668677178422,0.0024526072592997395,0.011912646850862985,0.13339306697176595,0.006917610218537726,0.008702799952353913
737,0.015885198538107024,0.02129131929707297,0.027944856577408275,0.044711770523853236,0.053497046281353766,0.007984244736402362,0.044711770523853236,0.44484809116164276,0.022355885261926618,0.017457443141970626,0.018614564668071713,0.021188426512430834,0.010905309883866643,0.022355885261926618,0.006209968128312949,0.01248380403719681,0.007243418483600368,0.12527026323467608,0.034393669633733255,0.04064706411259385
738,0.006967310154433102,0.06916797168306642,0.09762563467209823,0.024260997972188253,0.02146165205232038,0.5566908260881176,0.027900147668016493,0.016411851569421466,0.02066677605038259,0.0096207405751781,0.02936857649264894,0.02066677605038259,0.008328402288960148,0.026571569207634756,0.0058737152985297875,0.0033971010346994924,0.010333388025191292,0.006866362944530277,0.015500082037786937,0.022320118134413192
739,0.014225534992795328,0.01464393308081872,0.055321524971981825,0.03829951728829512,0.055321524971981825,0.012116321242113447,0.02489468623739182,0.03829951728829512,0.035563837481988325,0.0053847267149166825,0.021647553249905936,0.04526306588616695,0.007093955716229189,0.046221936112228856,0.4972828907064646,0.00858437456461787,0.011854612493996107,0.016061087895091503,0.022631532943083472,0.02928786616163744
740,0.5697963134634972,0.015032373032738192,0.024712385190568027,0.012694003894312252,0.03006474606547639,0.0355898707337754,0.016800887507177977,0.03570188595275322,0.022849207009762056,0.008278698191942773,0.023801257301835473,0.01904100584146838,0.005770001770141933,0.01904100584146838,0.005289168289296772,0.11632023325677632,0.00397728334520613,0.0035284707851267524,0.013284422680094218,0.018426779846582298
741,0.008318485674088452,0.007443236608825292,0.018660386782414634,0.01569168888521231,0.02301447703164472,0.004963924272361592,0.03156797418002331,0.03001888308475397,0.020922251846949742,0.00620496536554431,0.027617372437973655,0.019726694598552613,0.006441769941281222,0.028768096289555893,0.6896491270268869,0.005507775250396047,0.010006294361584662,0.009458004259580021,0.016839861242666867,0.01917873085970393
742,0.0010404424318078847,0.37209385001317746,0.007834223946666394,0.00944540126559825,0.007576139755016351,0.0027820821232772018,0.00680624502962227,0.02946347776085897,0.011019634809864625,0.0053166039360559745,0.030854977467620955,0.010061405695963354,0.003793644770609133,0.009847333234347111,0.002856942358113051,0.002839415104382296,0.004059865456265916,0.46320938047077087,0.011867299026008058,0.0072316353439736605
743,0.05169741145645898,0.1669816870595827,0.010983857956141327,0.016933447682384545,0.010694809062558661,0.009633558868822074,0.026836342563147205,0.022100517404944762,0.010694809062558661,0.006396929027022059,0.06261813264734348,0.01451438372775818,0.01669355685478754,0.08766538570628084,0.0037981564895068144,0.4058468247412968,0.05139402603203564,0.003661285985380443,0.010160068609430728,0.010694809062558661
744,0.009150292288821893,0.026912624378887917,0.028594663402568415,0.021786410211480693,0.01429733170128421,0.010166991432024326,0.009531554467522806,0.01475853594971273,0.024079716549531293,0.07692517253904424,0.01633980765861052,0.024079716549531293,0.4557630495558244,0.13462510956734017,0.005712581088856308,0.0674678139309158,0.013874344261179866,0.008798357970021051,0.01633980765861052,0.020796118838231573
745,0.00884105527011501,0.02951343664783748,0.03541612397740498,0.038450945664436006,0.02951343664783748,0.5293651044120141,0.019675624431891654,0.022135077485878108,0.025297231412432127,0.005366079390515905,0.022135077485878108,0.02951343664783748,0.00843241047081071,0.02043237921773364,0.07548527818633496,0.010416507052177934,0.023828711773656933,0.007333512687468019,0.014578416165983068,0.044270154971756216
746,0.06304945319784477,0.1763317648527408,0.0037300714146953884,0.002957524297566089,0.06857346410939921,0.016030160441158257,0.07934929418373338,0.002882327911355527,0.007045690449980177,0.047657233743984,0.07183886716222775,0.13714692821879843,0.0097080832223472,0.02260663651958215,0.07210009940645401,0.0742869530183103,0.02408399664401321,0.04117527143699198,0.025190252121820116,0.05425592764699717
747,0.0059512196421662375,0.009475443677772828,0.005599125809593035,0.004477121106074917,0.009987629822517306,0.3687869358465368,0.08057814371245987,0.06226492923235537,0.014781692137325612,0.021705028147898524,0.0407687036640422,0.16488675704123734,0.006159038390552338,0.11079494760463234,0.0049259363032663215,0.007783116154044421,0.04963146533013833,0.012850886515221883,0.010558351526661153,0.00803352833550305
748,0.004912220800791029,0.005964644103550676,0.018205732093814334,0.014385789488030869,0.09140020602200666,0.013868766355217787,0.010600055412233272,0.06664598355771319,0.011188947379579563,0.020351281170614532,0.030466735340668884,0.0122061244140868,0.004683745414707725,0.0091545933105651,0.0052841045423556495,0.0025987232623539635,0.004972865502035363,0.034833634072831424,0.40255952696324704,0.2357163207935961
749,0.07062396714963727,0.05763085991510677,0.00447825292141692,0.023421213595542972,0.014052728157325787,0.06582963162060125,0.022711479850223492,0.03454063080401695,0.13115879613504064,0.04437703628629194,0.05188699627320289,0.05390422865745442,0.03709541708869836,0.09743224855745879,0.10651071137164976,0.08051636203737537,0.06927001354318162,0.02351306149199608,0.0073642430291855935,0.0036821215145927963
750,0.04257772689025427,0.05688522216106846,0.005140623553040259,0.0053462484951618695,0.008680493614275643,0.003006129626397927,0.018356578782472446,0.13295818504338672,0.0352146613378043,0.08790806514411788,0.06162565734115751,0.06390808909453372,0.00568852221610685,0.0053462484951618695,0.008441870868651715,0.023733250322731953,0.19031745172256012,0.21290877303608832,0.022409329942239098,0.009546872312789051
751,0.045979143934460176,0.03145941427094644,0.013573789703977645,0.023594560703209828,0.03775129712513572,0.0296806847632369,0.06863872204570133,0.008483618564986029,0.11843544196121009,0.05048625448695725,0.05992269384942178,0.0387192791027033,0.025997024071955508,0.027021751745214727,0.135011657809534,0.043896857122250846,0.08118558521534563,0.11563460380672207,0.035478426581045566,0.009049193135985097
752,0.06277578473389497,0.009768674552341632,0.1419974380635872,0.15572997357016158,0.014975086656042854,0.029044441331833298,0.04053256788235597,0.007442799658926956,0.001125037532530662,0.0038094518686424793,0.030706490819966646,0.010722901556178834,0.01769278756769507,0.11514792984507125,0.001736653253749623,0.07167687108183617,0.08073107613930793,0.03713409448773689,0.0038121656789625873,0.16343777371917734
753,0.058600656864693186,0.1357416303954466,0.01570684935910613,0.014659726068499046,0.01570684935910613,0.005497397275687144,0.01566249581485922,0.025389562623804974,0.014659726068499046,0.007144296336602453,0.027486986378435715,0.06653712982592423,0.10790775883851954,0.016915068540575826,0.004148979075990297,0.09854973324617328,0.2188757847996876,0.12216746735590193,0.01570684935910613,0.012935052413381515
754,0.24709193882042776,0.21382856649499593,0.0066645703244475,0.013796676710809584,0.019103090830351735,0.13059496811766502,0.012417009039728626,0.015521261299660786,0.01773858434246947,0.005518670684323834,0.02069501506621438,0.03104252259932157,0.00413297015255687,0.015521261299660786,0.004434646085617367,0.19539290848919294,0.002112957879406678,0.002190782412437324,0.014608245929092501,0.027593353421619175
755,0.17586319836732306,0.16013068241358697,0.013391375637567137,0.00845771092898977,0.006180634909646371,0.2459495224969252,0.006427860306032226,0.008927583758378092,0.006986804680469811,0.0025108829320438387,0.018060025421560114,0.007652214650038364,0.014899520972787088,0.006695687818783568,0.000496535648887029,0.09239508828526366,0.19731798045042373,0.02013448780106364,0.003894472944288467,0.0036277295759418785
756,0.029770339715658414,0.04725450748517209,0.009211427332855517,0.012281903110474019,0.017332100445511804,0.004493379186758788,0.14929764295651463,0.007796387449757638,0.015352378888092526,0.1835100303016371,0.17011622694661957,0.04252905673665489,0.03599041071297963,0.04639533462180532,0.002421511486962427,0.042529056736654886,0.02126452836832744,0.1074418275452334,0.009211427332855517,0.0458005226394745
757,0.3907523270091306,0.020635139469032067,0.020635139469032067,0.014243171307820403,0.012647343545535785,0.2140923069920481,0.015079524996600356,0.02450422811947558,0.02450422811947558,0.005765700733994254,0.021781536106200514,0.019603382495580465,0.0045019821058632946,0.01400241606827176,0.005370789724816566,0.10290229671954207,0.025987018359962144,0.0037456904487531504,0.01568270599646437,0.04356307221240103
758,0.006797746543635031,0.015507359302667414,0.017111568885701974,0.008668335543744354,0.026117657772913538,0.005335865566509218,0.011278079492849027,0.03361141215427663,0.4955215598268949,0.005335865566509218,0.014595161696628153,0.029245687840655923,0.004913222749359973,0.12385206938210493,0.15137793988527273,0.005453137337201729,0.007865783467111115,0.008410771147209443,0.011278079492849027,0.017722696345905613
759,0.0365210986350733,0.04647250337022651,0.014195635449592878,0.02036765086245935,0.011153713567537261,0.00731962452869633,0.010646726587194656,0.014195635449592878,0.02927849811478532,0.02706476581392393,0.01951899874319021,0.03253075235915856,0.1296525268854291,0.015111482897953705,0.005447162439960058,0.4674079979976357,0.07442746619376522,0.010183825431229674,0.01735022110505796,0.011153713567537261
760,0.008615067584924264,0.15423760255960353,0.022079843497748042,0.024851156494973835,0.010027017718891086,0.007179222987436885,0.006363917698106796,0.012669217036653328,0.017462974834305943,0.004395442645369521,0.017948057468592217,0.013461043101444161,0.004365743708576484,0.01242557824748692,0.004750956388744996,0.004783038566063822,0.00652656635221535,0.009940462597989533,0.011965371645728144,0.6459517188651451
761,0.4905352285022744,0.014021069811837707,0.011969205936934627,0.055968450314080646,0.010905276520318218,0.2827625907825162,0.015335545106697494,0.016357914780477323,0.008763168632398566,0.004543865216799256,0.009087730433598512,0.010015049865598362,0.0038613889574474385,0.010441222200304676,0.004907374434143198,0.011578715342457744,0.013924072194154124,0.0031313920705577925,0.009622302812045486,0.012268436085357994
762,0.005596903082620797,0.013392589519128334,0.019736447712399647,0.015482171642914443,0.017045113933436058,0.005434674007762223,0.23412874394711133,0.011718515829237289,0.008488350289598753,0.0797498143783175,0.008522556966718029,0.06944359164884445,0.008583885786017358,0.3744515473083011,0.06455003452646964,0.0035376651559961636,0.024801282731730167,0.009146158695990078,0.017856786025504442,0.008333166811902073
763,0.0082307898671564,0.029084201391608912,0.02160582340128555,0.0150301380182856,0.007682070542679306,0.0070549627432769145,0.2132841435384653,0.002648909788615139,0.009827097340720861,0.003699474214636429,0.344985338954196,0.02033489261297463,0.007355173923841889,0.026660517942308174,0.020586739691005954,0.013613881502455237,0.007863400106206694,0.03889412705731318,0.009602588178349133,0.1919557291846188
764,0.012930254221781495,0.016083301040643334,0.07203998780706831,0.021925213680412097,0.024013329269022776,0.010157635939947411,0.026541048139446223,0.021925213680412097,0.04584362860449802,0.0066999971513308125,0.018009996951767082,0.036019993903534164,0.010505831555197463,0.021925213680412097,0.0745705137235687,0.011414954883221671,0.012299510113401907,0.007758152533068899,0.5034925945167674,0.04584362860449802
765,0.016394277774615402,0.010846351610971,0.004971244488361708,0.006433889205311846,0.011362844544826762,0.0027115879027427496,0.06140962423276284,0.021078357138791238,0.07980501260679329,0.08641828356868397,0.25673438995047715,0.02012024999611891,0.001231880950191974,0.23840067136971269,0.030898125548936037,0.0424760833251399,0.06323507141637369,0.025294028566549477,0.0054231758054855,0.014754849997153865
766,0.0035427018719813574,0.03796120351511265,0.007897272922958444,0.00924558781224403,0.0032414578499217056,0.003907928869092837,0.044404981410774785,0.19759852552996282,0.01516276401208021,0.37949771878770205,0.11704704417159732,0.007289790390423179,0.002516014259505585,0.007581382006040105,0.0060127923609691394,0.002632424307652814,0.016408464136205232,0.12360990821984323,0.007289790390423179,0.007152247175509534
767,0.001341759378282585,0.007440665643203428,0.005115457629702357,0.0031479739259706813,0.1869662523621128,0.001091297627669836,0.007606671833969935,0.056861008042707085,0.005456488138349181,0.081540106266838,0.5831983982952537,0.003720332821601714,0.018154767392200462,0.001996276148176529,0.001511661169860277,0.0015156911495414391,0.0021538768967167814,0.0021538768967167814,0.0026402361959754097,0.026387202185151098
768,0.013667535888918224,0.3533219235098126,0.02918687917921103,0.01776779665559369,0.013161330855995327,0.012691283325424066,0.028371435733848323,0.035535593311187386,0.010768361609450725,0.009351471923996681,0.02538256665084813,0.01776779665559369,0.004230427775141356,0.01776779665559369,0.00866721788077741,0.008883898327796846,0.011463094616512062,0.010153026660339255,0.01776779665559369,0.35409276612836565
769,0.006171507830165459,0.02084100144141791,0.012343015660330917,0.03248162015876557,0.617422012853385,0.009494627431023783,0.009494627431023783,0.011848272783119982,0.009954044887363643,0.05921564975242742,0.012343015660330917,0.014026154159466954,0.004313090749514089,0.014352343791082465,0.005559916964113027,0.11335473649146438,0.005316240289331424,0.016851432349232615,0.01505245812235478,0.009564231194085716
770,0.022764070145651984,0.02581382347888988,0.015253622964798564,0.037286633913952046,0.02314342794659093,0.009726947977552709,0.670771865365791,0.018643316956976026,0.01491465356558082,0.010184045685340681,0.01917598315574677,0.011225210978211518,0.00286390343309611,0.01153677829047545,0.002971298635748986,0.05555517118879353,0.005162764695777975,0.013697130825533407,0.02314342794659093,0.006165922848900861
771,0.007880803444436866,0.022271835821234622,0.01707507412961321,0.014635777825382753,0.024392963042304584,0.03928827548493688,0.01600788199651238,0.02487887829116905,0.20629407092649266,0.004743076147114781,0.018972304588459124,0.009147361140864221,0.009147361140864221,0.020490088955535852,0.5113256575194649,0.008157740427583528,0.00581525440150773,0.008831934894627524,0.01600788199651238,0.014635777825382753
772,0.010036090534046267,0.022999374140522697,0.022079399174901794,0.01903396480594982,0.018399499312418157,0.1094009249816828,0.016726817556743778,0.020247063014191668,0.006099307106464881,0.00665042143822343,0.01903396480594982,0.013142499508870113,0.0065712497544350565,0.018399499312418157,0.550847480332439,0.05557268314316614,0.006814629374969687,0.015770999410644138,0.04246038302865729,0.01971374926330517
