site,A,C,D,E,F,G,H,I,K,L,M,N,P,Q,R,S,T,V,W,Y
677,0.2593217146778117,0.037976706276094854,0.004775742479960242,0.004681474261923341,0.005606306389518546,0.3242929753001069,0.00468891079850642,0.006140240331377455,0.03729855080687887,0.0017308059994486783,0.008595550803231343,0.004775742479960242,0.0029642539530787704,0.008288566845973082,0.008983736968538566,0.2353380803003472,0.03337661246940857,0.0011349696499186965,0.0035818068599701813,0.006447252347946328
678,0.047323921559007276,0.02404756310331777,0.06493052618715515,0.04122439389140189,0.053002792146088135,0.11272865232250606,0.06893858626248994,0.0063968887072865,0.023188721563913564,0.023496670364185304,0.0721426893099533,0.10360028947305805,0.0007967146294902462,0.02310792414917459,0.011936347213760433,0.10286279052710376,0.07452101972676496,0.049355811035118775,0.05990419737344337,0.03649350045478094
679,0.5417061192087498,0.009129024355186912,0.008779448719299658,0.010992090550123016,0.01923615846271528,0.0027621150613129633,0.020715862959847224,0.028348022997685674,0.01923615846271528,0.0044513424541820475,0.017374594740517023,0.019948608776149176,0.006979139834012415,0.016321588998667508,0.004019495798179311,0.224323445796736,0.014171510191309793,0.003214518368254011,0.011969165265689505,0.016321588998667508
680,0.006239191515552346,0.009642386887671807,0.012626935210046415,0.01293490923955974,0.004424843305107294,0.004175836841117711,0.00833703200604642,0.23598628932274493,0.013956086284788142,0.5337911867177354,0.016070644812786347,0.015152322252055695,0.044650507773942145,0.015152322252055695,0.0034320282252310306,0.003535541858812996,0.006887419205479863,0.028697666009926764,0.011048568308790611,0.013258281970548732
681,0.07249327312604333,0.030112590375433377,0.005039863327359976,0.004031890661887981,0.009455644320788258,0.03807105040220129,0.06313930240010224,0.01864112737526828,0.0982688024974882,0.005576405625080255,0.0036056135472008234,0.027763381197208076,0.002749016360378169,0.10642629458929764,0.24333891050577772,0.0684657814512204,0.08869553666021415,0.023420903625337074,0.002537117609227694,0.0881674943424851
682,0.004666866501544822,0.004713107546037324,0.006087217175928028,0.010145361959880047,0.7084857139562672,0.003167556449012322,0.011864914834435988,0.007662977368345029,0.013462114908302368,0.01708508066850284,0.012281227635644267,0.01111158690844005,0.0065315860353978555,0.013462114908302368,0.0032559533731708057,0.023297177705345604,0.004430569463491919,0.0029093196956331982,0.11499098124409435,0.020388571662223517
683,0.0032322663486718745,0.006195177168287762,0.013009872053404297,0.0065049360267021485,0.006536729724189901,0.0023981330974017136,0.010841560044503581,0.0737617764788627,0.011072231534812169,0.5242928742177771,0.19408021417611446,0.013343458516312101,0.007767087793077193,0.009292765752431643,0.00264159838647803,0.08753501507162859,0.006938598428482293,0.006490339799571025,0.004935630606972645,0.009129734774318806
684,0.003924529190470799,0.008934566454901607,0.32212864985469153,0.00954374144046308,0.014480159426909502,0.0022336416137254023,0.013122644480636736,0.014480159426909502,0.010602489482428347,0.003087681054267468,0.008075473526545683,0.4224376790349096,0.004826719808969835,0.006884010219350421,0.003021040455973925,0.12180391148043486,0.007763930280930444,0.002544997717456822,0.005752392101101035,0.014351582948923197
685,0.00550833124663713,0.010877791874912616,0.7572866278067264,0.009246447031501162,0.013402993560160191,0.001769339772361522,0.01658330407877707,0.017870658080213587,0.014161653572999446,0.00493794499584849,0.011372236960135916,0.06745487246940488,0.006949700364527504,0.017058355440203878,0.004576631947371772,0.004238416318141188,0.007148263232085433,0.004745213567934285,0.010877791874912616,0.013933425805145078
686,0.006409250443278807,0.014100350975213376,0.018129022682417197,0.01040189826040331,0.012949301916012285,0.004287268877598661,0.021150526462820063,0.08175605495659212,0.01733116079047533,0.005283414559745636,0.63932302257985,0.013793821606186998,0.010071679268009552,0.01669778404959479,0.002984393988910347,0.004957154639723452,0.0028151352843537735,0.0916928550841533,0.00824046485564418,0.01762543871901672
687,0.06165496014256049,0.010261144230984134,0.01353597749619184,0.05018276999216593,0.014795138193512011,0.6399634898483668,0.022721105082893444,0.019278513403667166,0.01631258826464145,0.003927104582228497,0.026507955930042355,0.025447637692840662,0.007397569096756006,0.016741866903184646,0.0029266184715906257,0.027730357046527227,0.008835985310014116,0.005091547426332278,0.010782897327474858,0.015904773558025415
688,0.007069407342154379,0.013714650243779495,0.014907228525847277,0.005122720583317067,0.01804559242602565,0.00395980918283592,0.015584829822476698,0.05643638700241108,0.6903262592714684,0.004541274915158773,0.01246786385798136,0.011985849129861803,0.008067441319870293,0.019305879717987022,0.05736204410571173,0.006857325121889748,0.02188597199242807,0.005399468599913189,0.010234813614760817,0.016725183224121337
689,0.02937286008381488,0.010921316878234435,0.0018067066849003297,0.0016829596516879785,0.002310420403443271,0.00043318406538336336,0.004095201819107414,0.015535790062069715,0.0027301345460716093,0.008342072031059116,0.002233746446785862,0.002996489135932254,0.0014285587741072374,0.0027301345460716093,0.000543610860943462,0.012484650544272027,0.7726122514930198,0.12353042018887901,0.001595533176275616,0.0026139586079409025
690,0.007525912214224783,0.017899466887885976,0.016153177435409297,0.019478831613287676,0.019478831613287676,0.032005294750413624,0.028794794558773085,0.017899466887885976,0.005968210072789951,0.006689699745977585,0.044078586274099565,0.022076009161726036,0.010857053686094771,0.03311401374258905,0.6660051050389412,0.004956827829482806,0.01202242042829117,0.007198698639693271,0.0071013408300283935,0.020696258589118163
691,0.004748881064706351,0.01074151669397865,0.00939882710723132,0.16886477083941503,0.01100350490602691,0.0026077670586537767,0.008512145304662327,0.027366592581363702,0.453967872631353,0.0035523126074575063,0.008675840406675064,0.052949863659684356,0.004748881064706351,0.019794717171687078,0.1810844817586185,0.004748881064706351,0.006338537621178424,0.003245638137748945,0.0043800359334670224,0.01326893238667951
692,0.029663578831208837,0.006232491477354944,0.34534475752247146,0.07305169380758668,0.041139185854451595,0.15684628692694944,0.05544096928161571,0.009264514358230324,0.008789411057808257,0.0058957431957016625,0.007790614346693681,0.11646356802432897,0.0037668904533463953,0.006013807565868807,0.0019150113477906254,0.006339943025514801,0.02699759071698386,0.002187545966097772,0.04848546904274652,0.048370927197249704
693,0.024373018401284186,0.16969094513460975,0.0017522702131509752,0.0017920945361771337,0.0029204503552516243,0.0005884489521775662,0.08509874263466995,0.1444612503174285,0.009636792313960028,0.11716493551150213,0.04491322527940914,0.015196204041905354,0.0012691082283780026,0.07534784504111401,0.019926702820790485,0.026578616834056636,0.07902325606795083,0.17399064627824962,0.0034592984810841447,0.0028161485568497812
694,0.05364978910896037,0.035223861539124324,0.004060030957389243,0.03648185659409306,0.0067667182623154035,0.22250320457387446,0.049151956436481216,0.005600042699847231,0.004628479493839984,0.071388944552563,0.2543306573988201,0.005600042699847231,0.0619390614515104,0.16305352949142807,0.0004858053587433578,0.005355134912894394,0.003530461702077602,0.0041693550393249205,0.003961005812087065,0.008120061914778485
695,0.007603600460512053,0.02390504088515904,0.013058753274361476,0.6978995927641186,0.03151119025770964,0.0014729629350678478,0.03648664135103221,0.026663314833446618,0.007990112443518186,0.005332662966689323,0.01575559512885482,0.0346623092834806,0.011364691568354294,0.022362780182890712,0.006134921997076213,0.007702735396329022,0.009368191698238002,0.00441200713332439,0.011554103094493534,0.02475879234534329
696,0.006704442105728162,0.013341243417880339,0.014526291229077686,0.009174499723628013,0.02112915087865845,0.0032721803608195504,0.03669799889451205,0.02905258245815537,0.02112915087865845,0.003736362874097669,0.013945239579914576,0.031693726317987676,0.0099608854142247,0.018348999447256025,0.021447758134299725,0.00839186138193342,0.011067650460249665,0.006972619789957288,0.7015288443710195,0.017878512281941768
697,0.12642239683826603,0.10229984159739806,0.007388321893145417,0.008710715117675686,0.007038990237853897,0.08865986271774501,0.12560147218347206,0.0075224017723795784,0.09880041651066633,0.04821852182894903,0.03033100566659698,0.07558043737501885,0.0023463300792846324,0.04593970051295407,0.03398901586573028,0.0809503094379411,0.04364427133499325,0.005659140173473086,0.011981062529425,0.048915786327031724
698,0.1248278514036914,0.04681044427638428,0.02894558873129076,0.11621903406550578,0.00522558165183856,0.021782041184536752,0.05723496896503184,0.0060307133594937135,0.020242354281679687,0.0012665275075325493,0.04993114056147655,0.022191618027322918,0.27932609530170577,0.10769461689730236,0.00580594657691588,0.09492650731055696,0.002347476542527452,0.00203980010688758,0.0031886530406518487,0.0039630402076672976
699,0.032975455855214025,0.01322161758823522,0.016621462110924277,0.007271889673529372,0.02006038530628792,0.0045449310459558575,0.025293529299232596,0.01876616689943064,0.015309241417956568,0.002706604402094083,0.012377684550688292,0.02327004695529399,0.14609509790864658,0.014189053021520723,0.003705421489696495,0.5851027890938404,0.024776182583894427,0.005997434782292266,0.007654620708978287,0.02006038530628792
700,0.05538349661196921,0.03776531575141699,0.002165307673514111,0.0033891772281090427,0.04286063613057642,0.029359082677181306,0.06545988063578945,0.03419425852952442,0.03659247985851584,0.10438784951886688,0.08349474570891509,0.10478778575783718,0.06286058909225051,0.0701355863954887,0.020975128641641475,0.03982716030482415,0.07807176629337453,0.10520337959323302,0.0027839670088038566,0.02030240658816778
701,0.016610484466636388,0.017003127983414957,0.022670837311219945,0.005994691983085667,0.011527544395535563,0.6836555318033023,0.024290182833449935,0.021939519978599945,0.01619345522229996,0.007084636659756232,0.01838175998207022,0.015816863240386003,0.014785328681230395,0.01838175998207022,0.01434527480924293,0.012145217658995603,0.009856885787486933,0.028372910103963315,0.014785328681230395,0.026158658436023007
702,0.0018483794894052245,0.03420335427235663,0.003997657965457811,0.004092840297968711,0.13524024744798838,0.00570659078133275,0.06048011065996995,0.056672103692490365,0.005209069470141996,0.041530152459395064,0.14642553107150624,0.004774980347630163,0.00223245834434657,0.004297482312867146,0.012195925647212445,0.0013862846170539186,0.03044369206621383,0.05857021242860248,0.1727232970415589,0.21796962958650137
703,0.033002079662392075,0.06227460153198526,0.11927382051897131,0.036350116729591264,0.028914865580356688,0.033191230517046436,0.07435251149234577,0.049206941322809346,0.00157692628855678,0.034483927701063136,0.0765948888230673,0.04928142485798875,0.02983964806160477,0.1294284459311204,0.02928999634548255,0.05052160858425712,0.024991357107145375,0.05243048306178902,0.021382421605641917,0.06361270427678471
704,0.026939332717962096,0.02240157731344397,0.19837248984383038,0.03315253510041809,0.007665036511727681,0.01087612811594743,0.07839537930268022,0.012836474060549947,0.0034775442370676025,0.01207625259770715,0.004118527080928306,0.27773336690471356,0.004245250991110714,0.06879151033336753,0.005379590250898731,0.15245616775378057,0.042408716001372235,0.0021390799567612127,0.005379590250898731,0.031155450674833787
705,0.005858171736179437,0.008941080316786807,0.01620345373836866,0.009402004021028726,0.01586588178548598,0.004622025730431924,0.033111405465362044,0.01620345373836866,0.011899411339114483,0.003953810546307639,0.011899411339114483,0.022398891932450794,0.011366601876169058,0.012484628290218474,0.009287686076540687,0.0045877248536344995,0.013846587740060493,0.00461552924668683,0.7675863584422045,0.01586588178548598
706,0.007125460928937065,0.019298123349204548,0.1755055925218878,0.46514614571479596,0.018526198415236367,0.07032193258346786,0.03087699735872728,0.03562730464468532,0.0040880520333547825,0.005862721017479863,0.011296462448314856,0.02894718502380682,0.010526249099566117,0.05561038985232934,0.0037351206482331392,0.006258850815958232,0.013622204717085563,0.006716791046201149,0.010771045590253702,0.02013717219047431
707,0.025047056820484047,0.016233306421430806,0.15873380621429597,0.37470485500626033,0.020742558205161587,0.07908173901980399,0.04032782054447791,0.016233306421430806,0.03176337813396125,0.004978213969238782,0.02168162394864404,0.06401241356266335,0.007778459326935597,0.016233306421430806,0.004493688930961876,0.038776750523536456,0.02520488784029869,0.0040072121182583055,0.029223058365563704,0.020742558205161587
708,0.033530355678992436,0.010577294989270248,0.022707882624095628,0.013037131033286586,0.013037131033286586,0.003508467990443331,0.02242386537725292,0.1148336674621167,0.028029831721566152,0.007376271505675305,0.020762838312271225,0.017518644825978848,0.009041881200505211,0.026695077830063006,0.006836544322333209,0.005190709578067806,0.05154752186533247,0.563441079248076,0.01475254301135061,0.015151260390035759
709,0.049974675730618916,0.01584935991988232,0.014598094663049503,0.018172609356588702,0.02641559986647053,0.01654790587106587,0.015409099922107811,0.0396233997997058,0.009245459953264687,0.009023090727100534,0.11011369228780438,0.029196189326099006,0.5582731248113738,0.0065562483372700155,0.0027059882790042987,0.006711116643014607,0.008304966940927803,0.029396868076834667,0.008667618706185643,0.02521489078163096
710,0.00548839852086668,0.049228232826388114,0.011180071061024718,0.00850315263796246,0.6080123635083485,0.0028211394266137134,0.022360142122049436,0.0180547860524099,0.017756583449862785,0.001979286470446489,0.019474962493397897,0.0274419926043334,0.010559158322195335,0.018294661736222264,0.004281729342520105,0.06083480691384672,0.007740049196094036,0.004645295797383864,0.0274419926043334,0.07390119491369983
711,0.0071235250282740215,0.5367394406701708,0.026713218856027576,0.011872541713790036,0.01908087061144827,0.009371000022808789,0.03561762514137011,0.05936270856895017,0.020548629889251983,0.006595856507661129,0.017808812570685055,0.06678304714006895,0.009373059247728976,0.02968135428447509,0.06447742778202299,0.00954713229475739,0.014840677142237545,0.006360290203816089,0.008617167372912122,0.039485614951542986
712,0.006210108464081643,0.019821484966193122,0.01872029135696017,0.014040218517720129,0.010144751226234866,0.007325331400549632,0.019821484966193122,0.02695721955402264,0.02323898237415745,0.0068073786752582445,0.033696524442528304,0.025920403417329464,0.022832746360790305,0.02695721955402264,0.005860265120439706,0.6776523500097785,0.009451532574732963,0.010530163888290096,0.01643732899635527,0.017574214134361662
713,0.006788525390622687,0.02508802861751863,0.016028462727859124,0.009617077636715475,0.03394262695311343,0.0028851232910146424,0.5803755888184647,0.021302545906507847,0.014425616455073212,0.00624244985953375,0.02308098632811714,0.17890209013408687,0.006948298401557459,0.024737714949308157,0.009167271312595955,0.006340930309922291,0.01154049316405857,0.006952104315697931,0.00901601028442076,0.00661805514381145
714,0.01006218413216483,0.02012436826432966,0.018111931437896692,0.019405640826317884,0.04179676485668468,0.008359352971336935,0.5454235720167526,0.04179676485668468,0.01752767558506131,0.008178829523833054,0.024698088324404583,0.017333238003464813,0.007228015815552758,0.016797397330754922,0.05617621540286224,0.013932254952228223,0.01065407731640982,0.010252036662960392,0.051471333174600155,0.06067025854569982
715,0.004425777918223243,0.028756641372726145,0.012785580652644925,0.012440024418789657,0.46263118037969575,0.0032187475768896317,0.02557116130528985,0.015166421788141237,0.020921859249782602,0.07848695894423571,0.01770311167289297,0.020012213195444228,0.006575441478503103,0.014383778234225542,0.003967938823234632,0.023799847378924505,0.009393487826433004,0.004590803574801724,0.04874589015438145,0.1864231340547401
716,0.04990175351347116,0.05248925184379928,0.003589073925010859,0.01399193828801899,0.010327383022109254,0.016823478155063874,0.11575569648954315,0.04147924592908943,0.016682695651099567,0.004819445410317653,0.03280578240237455,0.43581740119128237,0.006196429813265554,0.08748208640633214,0.004565790388721986,0.06765525284943046,0.010363937139473683,0.010094086893038322,0.00711065716276375,0.01204861352579413
717,0.02803793115243732,0.002913684955496938,0.004304307320620476,0.05416531099620867,0.005411129203065741,0.0007146774419143433,0.07852064116821572,0.007575580884292038,0.19058047468273706,0.11021673971310073,0.11463774443830076,0.0046838044289503325,0.0019325461439520506,0.14344154783341362,0.09897018780954984,0.010885214399490377,0.08471934428168804,0.018612638879128594,0.012332835695917447,0.027343658571519838
718,0.03065582140188553,0.25438075473482974,0.006931137803293074,0.004851796462305151,0.008984808263528057,0.0013042463608347182,0.004331961127058171,0.14813684019362752,0.004043163718587626,0.2440173715419947,0.06986962940835195,0.006931137803293074,0.05481255787158621,0.0048224022960288776,0.009898091081246311,0.0020385699421450213,0.010413247269846831,0.12286097417575961,0.003976882346151763,0.006738606197646043
719,0.005194060348813876,0.0051324984930233965,0.008248228418764712,0.00941423438222515,0.2682703964232026,0.002815471964777615,0.05634028701322084,0.020083700015413656,0.013693431828691129,0.0035863750027524386,0.00941423438222515,0.07266163095599062,0.004858959681148464,0.00941423438222515,0.003715200606986286,0.003950278899282259,0.008142040546789318,0.015060884617005534,0.17744460421490166,0.30255924782256016
720,0.006069497531489038,0.01820849259446711,0.015607279366686096,0.015607279366686096,0.15168374478315133,0.0050423517953908925,0.010284116427786183,0.018410125159881694,0.017250150878968844,0.32887965360715593,0.2676763731440307,0.017250150878968844,0.03477978051837465,0.017250150878968844,0.02189040273177869,0.004682183810005829,0.0069734652489448525,0.009364367620011659,0.01260587948847723,0.020484554168775503
721,0.012229334095901602,0.01505148811803274,0.032611557589070944,0.013098550132342275,0.032611557589070944,0.016526356329676205,0.02136741020402581,0.027952763647775086,0.3924594917559557,0.007986503899364311,0.020225169405168546,0.03202577498201616,0.01087051919635698,0.016072002569538345,0.1836399440261873,0.0933253063322892,0.023215285501273643,0.006988190911943773,0.01565354764275405,0.02608924607125675
722,0.007666007765494527,0.01931700096981027,0.42620606715424025,0.010234569471142195,0.03541450177798549,0.23665480385030147,0.022367053754517155,0.030355287238273278,0.017707250888992745,0.011485784360427725,0.030355287238273278,0.019031401532647665,0.009658500484905136,0.01931700096981027,0.0075888218095683194,0.008499480426716518,0.008332823947761291,0.011907760762118818,0.016998960853433037,0.050901634743580344
723,0.01738666065683061,0.015488997719385956,0.017835815555656553,0.08921278397650315,0.018986513333440848,0.5909829953774484,0.032698995185370346,0.014013855079444436,0.022637765897564086,0.009648883825191249,0.029429095666833317,0.021020782619166657,0.016349497592685173,0.039238794222444424,0.00355975691247959,0.004987982316412426,0.013079598074148139,0.00664880091313761,0.02170058114414784,0.015091843931709393
724,0.007587489898019285,0.016475692349984736,0.02059461543748092,0.012269132601052462,0.03034995959207714,0.10431554316087774,0.011306847691165993,0.07807469074881462,0.004767687455029739,0.005339344743050608,0.012269132601052462,0.02217881662497945,0.006267926437494193,0.02059461543748092,0.5797551730262284,0.017429513068984933,0.016193462290275608,0.00887152664999178,0.009773715800838401,0.015585114385120695
725,0.06793683611927671,0.024291335820184373,0.07122595584731958,0.07507600751474226,0.09148440247860208,0.0818177466953046,0.0628599761195633,0.00957866302774298,0.015124204780646812,0.00657359227394126,0.01824507243379615,0.0478933151387149,0.05065430904475932,0.04105141297604134,0.01838329267950673,0.1065366439082408,0.04534282415832305,0.023221001279376922,0.11131959734944545,0.03138381035447151
726,0.003505003202429904,0.01067432793467289,0.01067432793467289,0.007827840485426785,0.0070974617557293925,0.003261600202261161,0.00711621862311526,0.23559334384706007,0.02134865586934578,0.3527803465932955,0.0884308029090499,0.008641774049106269,0.0026685819836682226,0.0073386004550876115,0.002795657316223852,0.006368290371780307,0.05426367657838295,0.15638071192523165,0.006709577558937245,0.006523200404522321
727,0.058915439563187365,0.08073211692314679,0.013070807378490513,0.044472376173032784,0.02302951776210234,0.004648227224213454,0.02015082804183954,0.02302951776210234,0.021026951000180392,0.004166012507344841,0.06056066305367502,0.025453677526534157,0.00483619873004149,0.01007541402091977,0.004788315574298506,0.004695338572855816,0.08174126838468614,0.4859483743640659,0.01074710828898109,0.017911847148301813
728,0.20650178794743013,0.04470722073913731,0.0068375452056392534,0.012825265189610068,0.01057394299882583,0.0031703842910785446,0.010939196779373293,0.19139028897980973,0.019575404763089048,0.004476412319075965,0.026566620749906567,0.009298317262467298,0.0042265078465760445,0.01617098654342139,0.008265170899970932,0.01241867242753814,0.005238488598573126,0.37360951052109426,0.01771108049993771,0.015497195437445495
729,0.01622918834369374,0.019083098227135373,0.02655039753340574,0.024426365730733285,0.029079006822301523,0.007729862573016861,0.010615473173101114,0.025444130969513833,0.024426365730733285,0.046876107123282114,0.025444130969513833,0.02261700530623452,0.6132492422846801,0.014894125445569072,0.005815801364460305,0.02071762907287237,0.010103924412999295,0.009114315571169134,0.01850482252328279,0.029079006822301523
730,0.009021605744214144,0.6522194474385166,0.032477780679170905,0.032477780679170905,0.019631674275364535,0.00668444207878894,0.019104576870100535,0.032477780679170905,0.034187137557022004,0.009279365908334544,0.034187137557022004,0.02598222454333673,0.01082592689305697,0.022398469433910974,0.007343369271045306,0.006431243698845726,0.015842819843498005,0.008435787189395041,0.013820332203902514,0.00717109745613269
731,0.006522273651812432,0.0347613008133646,0.054787098675224424,0.014417657546111691,0.019566820955437297,0.004980645334111311,0.06555711453469294,0.021914839470089768,0.06795807361818945,0.00454904089304566,0.017120968336007632,0.030437277041791347,0.022651126769843145,0.017673257637169166,0.550686320419054,0.004824008253854574,0.009961290668222624,0.005478709867522442,0.011910238842440093,0.034241936672015263
732,0.047125077600015074,0.038321491674737536,0.13071372269293102,0.028236888602438184,0.0964025024942616,0.15353808177575765,0.07468448615208231,0.020410359696327603,0.0067790862775880915,0.05324520161940272,0.05588550869232557,0.018701797082681014,0.03984680228484049,0.12272808219664968,0.009181411308502198,0.05318758758304088,0.003944859437105335,0.001818779245206561,0.02235420347693023,0.022894070107176298
733,0.01495168291682248,0.028788958862659073,0.013366302329091714,0.10194329261469876,0.019697708695503576,0.006930675281751258,0.018853127987992366,0.019697708695503576,0.017602557458729993,0.005179197172532468,0.012475215507152266,0.015594019383940333,0.010975576197940637,0.3753773687994083,0.05455194024595427,0.23807679721401956,0.009848854347751786,0.006683151164545857,0.01069304186327337,0.018712823260728397
734,0.027631291513458212,0.012344764767604436,0.5219867485292229,0.13721919728533544,0.008641335337323103,0.17457241090153233,0.008628799111925777,0.01127130696172579,0.012962003005984659,0.003032047486780037,0.009782643778101627,0.00513949515603958,0.003957863513277758,0.010166276867438945,0.003433643180393287,0.003840593483254713,0.00498538577153256,0.004079720397557201,0.010166276867438945,0.026158196084072587
735,0.03301899305528713,0.017940896839352828,0.010692801194037815,0.703712327203632,0.021202878082871527,0.014368478514063495,0.018413025703546325,0.014576978681974174,0.007579005580761648,0.0067278363147573106,0.02186546802296126,0.024989106311955726,0.007774388630386225,0.024127412990853806,0.009584862694996718,0.006303558348961804,0.009584862694996718,0.006966570063428362,0.0205792640216106,0.01999128504956458
736,0.16633056527301893,0.05197830164781843,0.007223874356932848,0.009631832475910464,0.009631832475910464,0.0022015617087795345,0.004280814433737984,0.012166525232729007,0.005253726805042072,0.23207784034658846,0.14815840696984944,0.010050607800950049,0.06903619880987029,0.007944434950404844,0.0014934541443968599,0.003593637907911177,0.05197830164781841,0.19358389892669856,0.005927281523637208,0.0074569025619951965
737,0.007220355806468092,0.017535149815708227,0.023014884133117045,0.03682381461298728,0.08036824382875599,0.0065756811808905845,0.03682381461298728,0.3691338897551324,0.01841190730649364,0.11021385778749945,0.015330622572256465,0.017450409158331334,0.008981418198289579,0.01841190730649364,0.005114418696248233,0.010281437754413054,0.1506619061162714,0.005844075014181245,0.028326011240759442,0.03347619510271571
738,0.0081485869507809,0.01803913968735182,0.005502341237961808,0.028374343485097858,0.02510038077527887,0.653060953079036,0.03263049500786253,0.019194408828154437,0.024170737042861136,0.011251894830297426,0.03434788948196057,0.024170737042861136,0.009740446271003744,0.031076661912250027,0.006869577896392113,0.0039730645756057776,0.01208536852143057,0.008030524585377442,0.018128052782145857,0.02610439600629003
739,0.014367288860128025,0.014789856179543558,0.05587279001160899,0.0386811623157293,0.05587279001160899,0.012237057326540833,0.025142755505224042,0.0386811623157293,0.03591822215032007,0.007066897794887749,0.021863265656716556,0.04571410091858917,0.0071646451952520635,0.0372487812662112,0.500078672681283,0.008669915691456568,0.011972740716773353,0.016221132584015516,0.022857050459294582,0.029579712359087112
740,0.5334605969853987,0.03806288587671677,0.013611826816293363,0.011851063059968948,0.02806830724729488,0.056168347522092724,0.015685230520547138,0.03333111485616267,0.02133191350794411,0.007728954169544966,0.022220743237441783,0.017776594589953423,0.005386846845440431,0.017776594589953423,0.004937942941653729,0.13598826869879413,0.003713173252808098,0.003294163931880599,0.012402275295316342,0.017203156054793636
741,0.007979444081903762,0.00713986807641028,0.0178998340215679,0.01505213315450028,0.022076461959933742,0.004761606584416529,0.06423998470764188,0.02879538516513096,0.020069510872667038,0.010197500668614377,0.026491754351920485,0.018922681679943206,0.0061792187964036654,0.027595577449917173,0.6640942062126306,0.005283291496567339,0.009598461721710323,0.009072518613671402,0.016153508751171032,0.01839705163327812
742,0.010241982806653274,0.4012862301120692,0.006797989868911896,0.008196056501380323,0.0065740425153377295,0.009064542979299924,0.0059059818907005275,0.05341558055503231,0.009562065918277044,0.002604799249469013,0.026773784571175723,0.008730581925383387,0.0032918587587511135,0.008544824863141188,0.002479054126960715,0.002463845205936416,0.012672196740381132,0.40482186620181754,0.0102976094504522,0.00627510575886931
743,0.005015829369491803,0.05339472346169198,0.012987905706898053,0.020023021298134495,0.012646118714611259,0.004107286420130153,0.04123779290356718,0.014133897386918467,0.012646118714611259,0.05369397803936713,0.07216613758124259,0.06185668935535078,0.07463679284506301,0.016018417038507596,0.0044911449640675505,0.4829630411479529,0.02899187165660276,0.0043293019022993505,0.012013812778880695,0.012646118714611259
744,0.012250560414725505,0.03603106004331031,0.03828300129601721,0.02916800098744168,0.019141500648008604,0.01361173379413945,0.012761000432005735,0.019758968410847587,0.03223831688085659,0.00497091718487253,0.02187600074058126,0.03223831688085659,0.6146934184796484,0.0196462259228665,0.007648096644797221,0.007087321944078916,0.01709799077946583,0.01177938501415914,0.02187600074058126,0.027842182760739784
745,0.00852569120013368,0.028460680249869936,0.03415281629984392,0.1289597101150678,0.028460680249869936,0.5142081923985516,0.01897378683324663,0.021345510187402456,0.024394868785602805,0.0051746691363399894,0.021345510187402456,0.028460680249869936,0.008131622928534268,0.03565342570422746,0.002851837594736234,0.010044945970542332,0.008262778137059015,0.007071923280126877,0.0228296501167676,0.042691020374804906
746,0.09647172179864924,0.028960887925122376,0.005668100822224181,0.004494162185940699,0.028960887925122376,0.007898423979578831,0.03040893232137849,0.011847635969368244,0.010706412664201232,0.023481801020369494,0.10618992239211539,0.16218097238068532,0.003611270598218404,0.006683281828874394,0.12163572928551401,0.12988408492646433,0.06678371068604812,0.08041654914582295,0.006882693855557935,0.06683281828874396
747,0.0030768103061238005,0.009079591706231386,0.005365213280954909,0.011111140231350862,0.009570380447108756,0.3560268381671779,0.04692075498508828,0.029005557627145483,0.01416416306172096,0.020222184542869028,0.015193387328504775,0.35451237099844474,0.005901734609050402,0.08445735897315887,0.0017503254628033038,0.0026826066404774546,0.00924814880865508,0.00389625878587637,0.010117259329800687,0.007697914707457045
748,0.0063573373110222525,0.00771937094121774,0.012714674622044507,0.018617916410850886,0.03825968881121881,0.017893906959586935,0.16033830113648934,0.018617916410850886,0.014480601652884024,0.052915413813769296,0.010638809377629078,0.015797019984964387,0.006061647203532846,0.011847764988723291,0.017319751112709687,0.0033632365129279015,0.006435822956837343,0.0069506887933843305,0.5243352691112059,0.04933486188815056
749,0.14286400405573063,0.09206068014496634,0.006067022527813248,0.02476309403632665,0.012381547018163323,0.06655631841509557,0.006003174311836762,0.03351566467709476,0.013718221161414062,0.0612560747214396,0.0685747219467507,0.03292986712542976,0.02401269724734705,0.11886285137436789,0.08629012683644065,0.11000794888640601,0.05537599917740132,0.007768813815318164,0.009976888117392044,0.02701428440326543
750,0.03991630784584916,0.06524781090186879,0.004267531526556278,0.004438232787618531,0.04526571131909016,0.03772577875674769,0.02547849436969095,0.11118045398402568,0.05702329692264166,0.05395896288242548,0.09211455656734421,0.11827054176547899,0.0017070126106225117,0.004438232787618531,0.00956897790825151,0.004308545066451802,0.10929634420905385,0.18223811297777687,0.005043446349566512,0.02851164846132083
751,0.017817861957741706,0.07896552458544621,0.00932978092064837,0.00583111307540523,0.10949886075848543,0.0014747803415573637,0.17611704877238915,0.02105747322278566,0.05450169540015111,0.02514342396380656,0.12433936569644866,0.007176754554344899,0.021648717455979072,0.014049419868024222,0.09349651420664952,0.05680620683356131,0.09781535948648823,0.045529671833050074,0.022554448488808592,0.016845978578228525
752,0.08973384481918746,0.011762599133012855,0.059183070474640144,0.18891529758441927,0.006489709866489852,0.06402848669601846,0.05427427283305108,0.008961980291819317,0.0013546735981269788,0.002476336659581653,0.030837655018779015,0.006970429115859469,0.08480355130164229,0.11630201321368083,0.0020911287347578408,0.08398021585211178,0.10111192655195811,0.005535769651984198,0.0045902825884928215,0.07659675601438659
753,0.039609001534852,0.036299334931449774,0.015556857827764187,0.014519733972579914,0.015556857827764187,0.005444900239717467,0.005584513066376889,0.013510199220585484,0.014519733972579914,0.006869929081760375,0.027224501198587336,0.054545533253303954,0.28326786144533844,0.10542698860086112,0.004109358671484881,0.08769773628556105,0.21839341360624265,0.023495157459620476,0.015556857827764187,0.012811529975805808
754,0.25813354142479167,0.21642688738735763,0.00690946819618429,0.014303652644595372,0.019805057507901284,0.16619029606224198,0.012873287380135835,0.016091609225169796,0.018390410543051194,0.005721461057838148,0.02145547896689306,0.03218321845033959,0.004284841247772113,0.016091609225169796,0.004597602635762798,0.13832734223213253,0.002190601127589984,0.002271285419251761,0.015145043976630393,0.028607305289190744
755,0.20761972082141786,0.14969039709409226,0.012438558297938395,0.007855931556592668,0.009840861499549255,0.14160718707026307,0.00597050798301043,0.008292372198625596,0.006489682590228727,0.002332229680863449,0.004523112108341235,0.0071077475988219375,0.0049754233191753585,0.011227662207541213,0.013152965202459387,0.20839161421411587,0.1565803702457099,0.02548982771441789,0.009466037146025844,0.006947791450809448
756,0.027718142152140947,0.030797935724601058,0.01546762168471333,0.020623495579617773,0.004288227815206752,0.06084470228518745,0.025048829548633397,0.013091518526143011,0.02577936947452222,0.3103343198594053,0.13859071076070476,0.019334527105891664,0.06231106997718203,0.014061474258830298,0.0192606236845328,0.11549225896725396,0.009667263552945832,0.029176991739095742,0.01546762168471333,0.04264329561867838
757,0.3104931665895093,0.01629088706234511,0.01629088706234511,0.011244600286494717,0.009984737231759905,0.25246379597083934,0.011904879007098346,0.019345428386534816,0.019345428386534816,0.004551865502714075,0.0171959363435865,0.015476342709227854,0.0035541936682029,0.011054530506591323,0.004240093892939137,0.19023269667269335,0.03660046209989128,0.002957121766136754,0.01238107416738228,0.03439187268717301
758,0.006634705812126838,0.015135422633914349,0.016701156009836526,0.22494365650622017,0.0254912381202768,0.005207887357906013,0.011007580097392252,0.011813012787445345,0.4835084818536474,0.005207887357906013,0.014245103655448798,0.00896913933861591,0.004795381428566923,0.020033871249177777,0.08502301391815922,0.005322346420717133,0.01944586670342364,0.008209042784495916,0.011007580097392252,0.017297625867330687
759,0.009224165177375222,0.018623303192892335,0.015801590587908643,0.02267184736526023,0.01241553546192822,0.008147695146890397,0.011851192940931482,0.015801590587908643,0.03259078058756158,0.0030355800898214467,0.02172718705837439,0.08173886009847717,0.043847275528544435,0.016821048045193077,0.0060634010395463405,0.523546979362199,0.1130274534216295,0.011335923682630115,0.019313055162999457,0.01241553546192822
760,0.007701653923960795,0.15596421222191306,0.019738825219717225,0.022216309396040752,0.008963901861368953,0.0064180449366339955,0.08994724675560935,0.01132596165288352,0.015611460656677288,0.003929415267326936,0.01604511234158499,0.01203383425618874,0.003902865164169322,0.011108154698020376,0.00424723561983132,0.004275916280128069,0.005834586306030906,0.0088865237584163,0.010696741561056657,0.5811519981224413
761,0.4098120113119134,0.0116467782917878,0.009942371712501782,0.014413740060197584,0.009058605338057179,0.33115237598395625,0.012738663756642907,0.013587908007085767,0.007279236432367376,0.003774418890857158,0.007548837781714316,0.008319127351277,0.0032075113874533573,0.008673132770480277,0.00407637240212573,0.05678388272547734,0.05665427653240318,0.013146931195395603,0.007992887062991628,0.010190931005314326
762,0.004458121706635302,0.14322704867663316,0.015720744965503436,0.007238268222500329,0.013577007015662057,0.004328900787602395,0.2188597167484584,0.009334192323267662,0.06051910814191828,0.07633727351427196,0.012152598069532509,0.0229163277882613,0.0023075292073660224,0.2999981266323267,0.07379370516138649,0.002817869380609106,0.004267059347779503,0.007285223276696713,0.014223531159265008,0.006637647874323671
763,0.04477658734281338,0.0379922559272356,0.014563106538582006,0.01013085672249183,0.00517799343594027,0.00475530009423086,0.3482623459996598,0.028984380000833584,0.006623819091727769,0.03443760466877553,0.233876266882074,0.013706453212783062,0.004957653289730045,0.04353279324995747,0.007604783862313611,0.004957653289730045,0.041659985155141126,0.003048965641156718,0.006472491794925337,0.1044787037998979
764,0.01300680729676433,0.016178521608577866,0.07246649779625841,0.022055021068426474,0.024155499265419475,0.037961297223150545,0.02669818339862152,0.022055021068426474,0.04611504405216445,0.006739664227902798,0.018116624449064606,0.03623324889812921,0.010568030928621018,0.022055021068426474,0.03864777019853602,0.011482536686495806,0.01237232889204412,0.0078040843780586,0.5091737534427474,0.04611504405216445
765,0.029382912930179517,0.07727324504365395,0.007874880282610224,0.010191835738923037,0.01799972636025194,0.004295389245060122,0.09541857523980073,0.01799972636025194,0.03384015795111964,0.033847760924799776,0.01511977014261163,0.020606198678307715,0.0019514057351033432,0.3801722086540788,0.04384298019450891,0.09272789405238471,0.05342892943018358,0.014571526208231886,0.015454649008730788,0.03400022781920773
766,0.003431143781551256,0.05352381825609912,0.007648591346374674,0.008954448405511815,0.007462507884678941,0.003784869944597778,0.0051325855166011024,0.024843371537514546,0.014685295385039378,0.36971610850938263,0.27505295492717613,0.007060238165884315,0.022097886890396806,0.007342647692519689,0.0023441263442880995,0.0025495304487915585,0.049355296585063366,0.1210273140876259,0.007060238165884315,0.006927026125018574
767,0.0005197573430691408,0.0028822907206561446,0.0019815748704510995,0.0012194306895083689,0.12716159428169627,0.0004227359723629011,0.6038709797727942,0.0036665515737546,0.0021136798618145063,0.031736964147088875,0.19977042555949084,0.0014411453603280723,0.0015270584692939901,0.0007732975104199413,0.0005855722016812262,0.000587133294948474,0.000834347313874147,0.010437852156677491,0.0010227483202328257,0.0074448605798568025
768,0.003303338957836531,0.7363509792696324,0.012096742163494939,0.004294340645187491,0.003180993070509252,0.0030673861751339218,0.10868875667379599,0.00858868129037498,0.002602630694053024,0.0022601792869407842,0.0061347723502678435,0.004294340645187491,0.001022462058377974,0.004294340645187491,0.0020948003147256053,0.002147170322593745,0.0027705423517338647,0.0024539089401071374,0.004294340645187491,0.08605929349967177
769,0.006852458370750603,0.03749095333482422,0.013704916741501203,0.03606557037237159,0.6896894392154422,0.01054224364730862,0.01054224364730862,0.013155585028148675,0.011052352210888069,0.06733363986094938,0.013704916741501203,0.015573769024433184,0.004788987654824449,0.015935949699420002,0.006173385919595136,0.006402003783190174,0.005902822498821012,0.007755921813503821,0.01671331309939171,0.010619527335826063
770,0.03970438500758107,0.01983089196029022,0.011718254340171496,0.02864462172041921,0.017779420378191232,0.04718492131335721,0.5187409893184228,0.014322310860209606,0.011457848688167682,0.0032374231482277913,0.014731519741929879,0.00862351702073193,0.0037686087377124945,0.015989804145936457,0.0876802305984864,0.09551335475037996,0.003966178392058045,0.010522514101378486,0.017779420378191232,0.02880378539815675
771,0.007998635345309958,0.022604839019354235,0.01733037658150491,0.014854608498432778,0.024757680830721305,0.19436677833055882,0.016247228045160853,0.02722050049340115,0.03706237122605372,0.004813993494862475,0.0192559739794499,0.009284130311520486,0.009284130311520486,0.020796451897805896,0.5220161064001654,0.006138168099798971,0.005902202703799672,0.008963987886985299,0.016247228045160853,0.014854608498432778
772,0.010770094010418516,0.024681465440542436,0.02369420682292074,0.020426040364586846,0.01974517235243395,0.07769714465483436,0.017950156684030865,0.021727860201934148,0.022783307963305622,0.00713680928401227,0.020426040364586846,0.014103694537452822,0.007051847268726411,0.01974517235243395,0.5949796572319309,0.006122546065758277,0.007313026797197757,0.016924433444943387,0.045565782351770646,0.02115554180617923
