site,A,C,D,E,F,G,H,I,K,L,M,N,P,Q,R,S,T,V,W,Y
677,0.23876286172110828,0.003426761978464946,0.007965699621770772,0.009687846670545034,0.004705402423557422,0.4214858398146881,0.0037035671406113716,0.00510788818104,0.0038008311358610483,0.0013323699156814555,0.003927932843302123,0.0038616318114225363,0.00454797395030664,0.0037522782791333358,0.004026218369141967,0.23066559792679153,0.03250448339501159,0.008468676425424525,0.00314567254372862,0.005120465852408727
678,0.047668791610997165,0.10746023657897379,0.12230659845603936,0.05924136070587303,0.043745661469265215,0.12379852020653506,0.042888350645269024,0.015693320432766104,0.021089178483322212,0.013982562311403256,0.05496042218165703,0.07915553014349412,0.0019374080713784377,0.03053691818440891,0.017332405307119627,0.0768009101869745,0.056984007583255995,0.027333067652810815,0.01644816046074889,0.04063658932770745
679,0.6012835183090524,0.008526361023308202,0.010289425195185265,0.009022890558826827,0.014096746778347762,0.0026765138428204295,0.016710293098891008,0.020550556018405643,0.01427848615821025,0.004280803225394346,0.01304968083314329,0.013075895923482262,0.022409165171329914,0.012420446318684157,0.0038345538526021053,0.1649707052450175,0.017038173810770753,0.029243742662895148,0.009971786399383991,0.01227025557424879
680,0.0031382136476526554,0.011793725414415476,0.00733054187336783,0.007263131347332448,0.07756989575494752,0.002577212080708793,0.016906847016440945,0.3487724765705916,0.007490362396620661,0.3913209514383674,0.010454315488597751,0.009571544761265878,0.02250859579048807,0.00806434081415953,0.0042155159411414855,0.00220636629397071,0.004654468942334001,0.04900980279144559,0.0070866273894691235,0.008065064246682466
681,0.04422922470130319,0.042034437457279625,0.001769371827617778,0.0014692159015883882,0.03158592610288375,0.018017475759559042,0.08756656883171311,0.015228284177967214,0.06484640720089142,0.019042333860230378,0.04530288660394323,0.08521980466180439,0.0010056007045932602,0.10037155016385986,0.09601851714255785,0.05766903495759063,0.07628347102542736,0.04752822335716854,0.06715068054647104,0.09766098501554994
682,0.004384118580183154,0.006850969470140599,0.004963458051304898,0.008849242625815167,0.7556946340220043,0.0029224087147605333,0.01030467517429902,0.030281784251659748,0.010869423937489098,0.03420814907779215,0.009788176629926856,0.009803650589085083,0.017256905218698517,0.010655773511633321,0.0032156107357711305,0.03071897629606005,0.003991017396136798,0.00434814907157914,0.01905169852407666,0.021841178121583763
683,0.0033030912345392315,0.006037648152432038,0.01035676221733563,0.006312655165783036,0.02261522233152483,0.002465917623205128,0.009658629236386574,0.2022946769127589,0.00889570708306237,0.5933153867577982,0.04247756575841764,0.012345322263933105,0.011520157289390034,0.008665869811060682,0.0027926337206198005,0.02074383686258773,0.006414037025736144,0.0072356354450841395,0.01469584074919658,0.007853404359148369
684,0.0048432579558904554,0.010657002324861444,0.049144816750654345,0.011241648808074831,0.014473005895417747,0.0027562523625365588,0.041537940042407545,0.027261103146317755,0.02262578856305213,0.004252312353302736,0.010254713883803794,0.6671470158982319,0.006301918050923402,0.008468434023002241,0.003990409772095491,0.040110883106467744,0.016220386176829468,0.003644406886255802,0.006789558493909541,0.048279145505965036
685,0.014852486310836372,0.008599447115598024,0.7491769568511001,0.011845575478380006,0.0103667849789736,0.018154836788557505,0.013078480042696567,0.01211316456731573,0.010778023826791092,0.004258780589509497,0.008796580526717234,0.03987432768557967,0.0056834645319719795,0.012475961822661833,0.003876356167320629,0.0036751717929249693,0.005492039559150184,0.01712307548201932,0.008094244041513276,0.04168424184038231
686,0.017722256810065236,0.012024401228658629,0.012687193878337145,0.009249194904838824,0.011643635316036625,0.004102345799594599,0.015201020539539903,0.027478966722347776,0.02634273855130594,0.015663297800557897,0.708165619807373,0.011228438561594948,0.008668716627892262,0.01297996583258468,0.016830831477278756,0.005246731795324245,0.03496630942620595,0.0279568307156577,0.008111789917780993,0.013729714287024823
687,0.03828920553978869,0.008742697383165448,0.010983000838981521,0.04418904615041732,0.01190368924528875,0.7136658537254484,0.015888895073820946,0.014573139825098863,0.011532404226858653,0.003750007314644909,0.019480066159622923,0.017834553138702934,0.00685572226911563,0.013391169592814433,0.015628243762644,0.00921228364209937,0.007879457931288221,0.014463449137806967,0.009343174564005692,0.012393940478386281
688,0.005378970188314328,0.010019101136502033,0.009557832346376225,0.03233276887152543,0.012239965588307814,0.005912298316808597,0.010142389317464407,0.11256714644306387,0.6228263107622762,0.003655884808752154,0.008626477971483956,0.04715133446861166,0.005744131165010945,0.02698490193047715,0.03548543640405378,0.005300825087424229,0.02280352156120623,0.004520008177041911,0.007330958174148356,0.011419737281150673
689,0.014318169423248818,0.02420349365390815,0.0016743640060751716,0.0016119302678628664,0.002016044178625483,0.0011344933962547576,0.0040235072467403885,0.032794632210154204,0.002508456362541197,0.031085253406288926,0.002134526599919595,0.0026009507565598246,0.0014651682819473337,0.0026327295947576085,0.0005321417654441957,0.021520567313794304,0.7220606934510574,0.12748859207638685,0.0015796618553896103,0.002614624153043288
690,0.006551627498425887,0.013484073025500368,0.011968256492183056,0.01364480947670711,0.014659644897675446,0.029840787584153167,0.018547174195580128,0.012363904766287537,0.02845366703096873,0.005473953912640105,0.019001978579999555,0.0163257407137671,0.008575499094892068,0.018836599099478747,0.6872112006754597,0.011109009116893397,0.047724433516470245,0.00632505899922974,0.015894495459058414,0.01400808586462948
691,0.006020586328741436,0.01190036084242635,0.00988594304816395,0.040724132274762556,0.012008758865148206,0.003405940523984683,0.009787976934020719,0.02076446866898383,0.6551140474267746,0.0046586469742734525,0.011169430730328103,0.04699096007213905,0.0059398925691550464,0.020689953566968403,0.10250488858948908,0.005292497542985425,0.011598680119849675,0.0041940458214138245,0.005601323064355697,0.011747466036035983
692,0.05786057044689305,0.007361743608816855,0.2337047473092312,0.09319911616739662,0.022280950408608256,0.16435752584832353,0.06757117262491527,0.005423533897698697,0.0054332763182051115,0.0028160205657851824,0.014410767304616564,0.14047822559298392,0.002250396943076326,0.014182752592336232,0.0010629005073622573,0.030246834127694626,0.010613687390298535,0.003325583060950956,0.09944417120220292,0.02397602408260392
693,0.01984328716811252,0.15875549060803656,0.0015705665384815627,0.006421277239213853,0.002880645268593182,0.0005372978804929083,0.05811314790432591,0.10221669995358354,0.00718943602630319,0.1156803884991202,0.02203002102202465,0.023046534079746543,0.008132005933230385,0.06173573329551682,0.015023173262406347,0.022507795703442805,0.07338964062998019,0.2963651197360769,0.0020061179315168302,0.002555621319795165
694,0.0910738013004198,0.039840053628258175,0.04719865936028001,0.1419574345221092,0.004811664580532631,0.23326730992504557,0.04845931860627012,0.013228268260543257,0.005915952275262648,0.04407828862504212,0.06319545800068171,0.02385487915057425,0.06982857461194203,0.13778825413523388,0.005081420474747039,0.00919743363980162,0.002806800916936118,0.008700324367039998,0.003362630911324238,0.006353472707955564
695,0.010273370342283296,0.016869009245126933,0.027329186906829478,0.6844783214464842,0.019536705173661992,0.033034524869352114,0.019192129378483334,0.0171464825200724,0.031506392685209224,0.00436913603500148,0.012382831140812949,0.020357796516614603,0.008539047999508819,0.022773376625944735,0.010734336120871605,0.005893786071827785,0.0068755727850549645,0.024239561214667957,0.008563299736814802,0.015905133185377417
696,0.006066530084658366,0.017717306180031693,0.011533519602856368,0.007774118661062338,0.015082756799672163,0.009324116535356404,0.02060958922025208,0.015979916414726916,0.013158027005360387,0.022174650497436804,0.010721903767601156,0.01870918796562974,0.007755187892600265,0.014208107678862837,0.06757763139246138,0.008595526435056917,0.008516739229446629,0.00560627757386502,0.7052413420331385,0.01364756502992395
697,0.11086184878133115,0.045657644697111185,0.034572226854224765,0.05283177404934509,0.04507492471538654,0.08310171355754535,0.11706476931864407,0.008533204786510927,0.02295325523483101,0.03457785856041058,0.05062683479488558,0.03699803833063635,0.0016427640983217202,0.0840977963031207,0.007701290204547331,0.10760040675887146,0.06352220857051127,0.012517581273560553,0.03816693065131607,0.0418969284588883
698,0.18263964120954793,0.023190043579583788,0.04732094897137232,0.1768045905119022,0.005729911937781323,0.003770199081700637,0.008687200261891138,0.0066840809110483915,0.007608853577621101,0.014399565035925817,0.019859050357764058,0.012927458832062484,0.33881351270185794,0.0278635549537487,0.0015396329632877878,0.10945618496765516,0.0027371016866568373,0.002287895949851962,0.0033680381164768987,0.004312534392263507
699,0.01910245122496047,0.011436117449355377,0.013001473634944903,0.0064475627321914685,0.015480591629158888,0.004403956823840563,0.017131470336582525,0.014841903262496254,0.012070563473872652,0.034131231009540776,0.010115647712597334,0.017633584151389478,0.04723123434922572,0.011876838153656883,0.00400116976704533,0.6680789215368753,0.0436585314239986,0.005999403608452725,0.02797411818179229,0.015383229538022417
700,0.04353410281683796,0.04530433092841592,0.00460357116033375,0.00988735933506016,0.029374930024246966,0.009172615091963073,0.0437572420111327,0.052734314375708254,0.055500488904886444,0.0739569969633103,0.09676941173439474,0.09649939173973289,0.07626097725104997,0.06918249880932181,0.021020188169552978,0.02701674274030305,0.08402892690420068,0.11988498383164824,0.016162394032172296,0.025348533175727852
701,0.01112606040402655,0.012799538332280916,0.016907499305703434,0.024490404049849094,0.009880149916252207,0.7223167987264709,0.01604115891914907,0.01495564750504898,0.01169440771260384,0.005975163704343375,0.01467560224905954,0.012527298463979913,0.022960078803730313,0.013340454355501146,0.017082614091370116,0.005906972486995681,0.008919115677399206,0.031784763761342504,0.010784085337597532,0.015832186197295577
702,0.003322887214407423,0.021685027967227054,0.003227061049677831,0.003466679902750721,0.17427036554174327,0.0059363988105883125,0.12565925760344668,0.0535098332580527,0.0042368646990367355,0.04503072131088272,0.06724692332332202,0.0045818806582686115,0.0019944858439051166,0.0040353833986617885,0.014283204187987446,0.00204350493709322,0.013382795724176845,0.0464279661159094,0.16474621104737505,0.24091254740548707
703,0.0717416946171089,0.033373716006225726,0.14748027489974977,0.07014161230115629,0.0506446880663564,0.02922256539716314,0.08580042813949429,0.04538063598717109,0.00572458622255174,0.040398144667558596,0.06773092732466222,0.040681825835569306,0.009745314219240403,0.06548575676031645,0.013178390152333845,0.046972865506013976,0.04919584437864786,0.04565139683875649,0.020487841449600988,0.06096149123032251
704,0.031238648298652527,0.08034972170668546,0.04617345784247668,0.026387012761430777,0.008200610723456106,0.002843027624595959,0.044381935013213476,0.014266837088869829,0.01641489791432002,0.002263208480280193,0.004476842103148025,0.3731314096245615,0.0050285411283780565,0.014475879524856274,0.005488857454617019,0.24006241279123777,0.03541720930962103,0.0026547629902757184,0.021494335111082237,0.025250392508241338
705,0.00483151278916491,0.024813574903968266,0.012428329928047207,0.00793006095513654,0.010785098987216555,0.004363437528443114,0.020790814683737866,0.011711761674330577,0.009473411764382584,0.014377423712848388,0.00960155903577648,0.014447409206515192,0.009110518193858793,0.019520687726590776,0.01870710164267757,0.007727583064734349,0.010979931334543702,0.004087933296443896,0.7724041357257383,0.011907713845844835
706,0.008242207721970247,0.015784108549904835,0.04985911818866169,0.5375894706876777,0.01409927573747826,0.03579533554855105,0.01947975418838183,0.024347218169158153,0.03396077025943195,0.005049083175767237,0.020369801766219758,0.018547013485779876,0.0102797313682149,0.07795448751912797,0.0038425911982675077,0.006341943173266932,0.037201877459718785,0.02694589969463009,0.01078337001109805,0.04352694209669327
707,0.010494453044472033,0.023228704912740254,0.269564443066731,0.36462479778103724,0.015277998073333406,0.039942332590316654,0.011050991616071494,0.011902367381893509,0.04788178458692274,0.003850554860421619,0.019288469233023815,0.060768881924049854,0.0067147711246073076,0.0571842698406633,0.0036542546442904973,0.016093745873926077,0.007531457351791347,0.00970289000240258,0.006059157468871603,0.015183674622433642
708,0.08901569185513868,0.008410938981982188,0.04220755155474629,0.009482843022403247,0.031682673207462486,0.008577863368895294,0.014413077008177231,0.09002022132107579,0.01825456557439825,0.031066917352853603,0.014614404615262248,0.012207723393419554,0.007534715563680993,0.01609546576120212,0.005735503702076759,0.004269227420512193,0.014236792007055578,0.5599339586041696,0.011103704447873333,0.011136161237614555
709,0.014971094768864313,0.010988028931237176,0.009724379535894665,0.05748669269422859,0.014301786164612116,0.002677702834803952,0.043103996273739974,0.02131546767238248,0.006822757446865879,0.021247514537970795,0.034844568396907506,0.05332249563101773,0.5159025127176504,0.055326544634829215,0.005890694949939994,0.030210822230461242,0.04500507947149076,0.005132922777784286,0.00721727260114053,0.04450766572817838
710,0.004950253163588349,0.02376192354449758,0.009097879300946108,0.007528571571703833,0.6221562138528507,0.0026317394312301706,0.01628628558428312,0.02082966680632153,0.013034974179479368,0.055155901834740145,0.014455761106067576,0.018474436115947727,0.00829318930228389,0.013051862871878083,0.0040780769669637035,0.06413239383343225,0.005998538306231597,0.03610698283796786,0.0181672749551492,0.041808074434437244
711,0.006240042712178729,0.6154189847351105,0.018486471599504957,0.010085232330703832,0.026944008560726793,0.008588409668866597,0.024732362257672877,0.02627138618816193,0.016501970398740906,0.006196372504984416,0.014612599457464898,0.032271585716648885,0.008215053176084348,0.0211430845803333,0.04528068798647923,0.038522444153489536,0.011946805385668141,0.006118867558515642,0.015617947352676518,0.04680568367598796
712,0.013365337525416052,0.01988847718005491,0.013878329816054693,0.011298382521485262,0.07564229856307056,0.005631681813974795,0.013589635502002567,0.017114925208092376,0.014900322064174165,0.005512135414457632,0.019314942895473985,0.01606403946065165,0.023879002636297927,0.017151539566831856,0.004609883946035252,0.6522861518060349,0.01791585015366619,0.008009644486016628,0.011789934089081541,0.038157485351127056
713,0.006216151803864656,0.01663953621708044,0.012348550704822447,0.007512080617421044,0.020199141263146984,0.002661701990991039,0.5824314933881851,0.01489459695943345,0.011182894990968651,0.012923655026337867,0.01704674810351797,0.08902616191855528,0.02477963053157487,0.015251943544023249,0.03578497348821619,0.005515933720231401,0.009085881846558376,0.005852952664882818,0.007316251999112257,0.10332971922107595
714,0.008471323819353227,0.013637718713462713,0.05163351096208419,0.013995252692006438,0.02274909645037976,0.007165722880025845,0.5608211552188296,0.023072325203552815,0.01272748491857918,0.023978183803209912,0.015793274125509432,0.05047817676715789,0.01795970808196465,0.025187823019214926,0.04729780308893009,0.010355164865329471,0.016429838467612614,0.008387486651710954,0.019860973168786312,0.04999797710229996
715,0.0036837989627524757,0.023013732445837515,0.00942026741795668,0.009672641072880888,0.46411647398711364,0.0028426279762241145,0.034747039736885144,0.031390095205577555,0.015062731755147121,0.039846515971756646,0.013059745635975329,0.013327880010757718,0.010956926103129648,0.011014935290065038,0.003922753536761242,0.06616277150958487,0.006988273651786238,0.007938215783418608,0.16626584883523052,0.06656672511115905
716,0.0438455410651325,0.04965376429232578,0.041205755543943005,0.03236160836134677,0.0060192319735405736,0.014042915333246572,0.22872653285666203,0.020210687839051143,0.0231566467777303,0.0057042080552868486,0.010155847874740855,0.30247102974467693,0.0037817025886232422,0.0519617779456006,0.0029866935206912196,0.05340978527525108,0.04094025434362677,0.04496269822672235,0.004013891967915238,0.020389426413886212
717,0.005272292238062523,0.004629626978306174,0.007057242735965755,0.039564784953054814,0.00924012009344706,0.0012596058743229316,0.00842909580847097,0.011183261800402718,0.37343750065239173,0.05514766412520595,0.025019535476120347,0.025338908929447665,0.0035880166503473566,0.12791357561403607,0.23205743920659633,0.001931011019398846,0.04087253729396719,0.01283332317369652,0.0034067992779276677,0.011817658098831339
718,0.01741277599490069,0.10258206727301455,0.0077086417059034846,0.005507019694773634,0.009073620386734343,0.0016484097581339803,0.004653200586011133,0.17337026250653712,0.004533501091111494,0.3034554821868221,0.12298596491400762,0.007351185625806759,0.022658632291527123,0.010618750833579386,0.014454674914696028,0.002147697732807496,0.002404967911293862,0.17653005194558868,0.004258017633346005,0.006645075013404545
719,0.004960638342849034,0.022276385686628347,0.03399559502092378,0.009229819477628572,0.17744357568653887,0.0030416285402904675,0.06849396858059,0.031101398290301414,0.012417108551032965,0.0077618152593889565,0.009245157986853346,0.024347447594528292,0.004828303141018468,0.009035055151897887,0.006016900455725798,0.01677335200933099,0.00786590632848749,0.005699633873376486,0.18705098625128536,0.3584153237713235
720,0.00573280576676513,0.01569296212911677,0.013779481698396642,0.012071685149072474,0.031505312038831924,0.005333693817814603,0.03102968930345935,0.10055311701390736,0.013670896522237163,0.38835049071664446,0.2278224065130381,0.01370548962170632,0.040575005273314334,0.027790233939086795,0.020305505492946158,0.004557050676522814,0.007479091942864197,0.009107664567954633,0.011183623517400024,0.019753794298920827
721,0.013446804367725593,0.01439041876738202,0.02491495911871786,0.06383343094292138,0.043322031169207534,0.013864722964211084,0.011605724587306795,0.022388294567033926,0.5419926532824606,0.015770439026397628,0.017926704011417834,0.026290070874778842,0.011266910971155722,0.0358562126116652,0.031248089822320156,0.04697625703734456,0.023441915105197934,0.007545781135702245,0.014540686206918826,0.019377893430134272
722,0.041686522108647865,0.0170726185140855,0.5651606596633688,0.030025296516619795,0.02351070489232366,0.04605832295338179,0.01896121411117681,0.022087802326824994,0.015689950765405393,0.011136104866168953,0.023051046701126225,0.0449363437324173,0.009640951881185092,0.01603423550454296,0.007900729716819538,0.018094942293780312,0.009461850856859109,0.02208718864105297,0.015392693361562152,0.042010820592650835
723,0.016328225248952305,0.012450781649407517,0.01464170737583778,0.043871688166610225,0.015708786362847,0.6728762557938982,0.0205942566155758,0.011787128162452266,0.01567411117026087,0.008468875205886829,0.018742362879104305,0.01603115914023962,0.012980842846411895,0.0226717932453,0.02161452352440351,0.00501043244098855,0.010824922846068712,0.01851565951485024,0.028226918765773917,0.012979569045130463
724,0.006682114970633465,0.01351151338096509,0.014944042737625842,0.009817041829633985,0.021109319800781547,0.028638793753163316,0.011043383534190522,0.038542773985483086,0.03682043905931062,0.005534572480780744,0.011244044433534687,0.01667340862903057,0.00552633564591723,0.016449503446253927,0.6900048174023322,0.021495375267293265,0.011295279020719678,0.01824966868958241,0.00858859579604485,0.013828976136722985
725,0.0923591591254773,0.02199498003906409,0.023043487162240372,0.057145847294922385,0.07638365205285047,0.05834177949848517,0.07054446513090683,0.004161392719436126,0.01934792572292722,0.00356124420508024,0.02254299617943113,0.054962890891323876,0.05141805540499437,0.017558834799210787,0.01825307623274589,0.1406002168875168,0.0514217634454592,0.0117759143556796,0.09099915560548426,0.11358316324676386
726,0.007738431270187705,0.010334820913936959,0.010217250829688452,0.008818854096570114,0.01870431506693004,0.003427127302431252,0.007065200600029237,0.2947143483137778,0.016418402560846306,0.270255308041459,0.10415647013242506,0.02696906395438593,0.0029590209268894733,0.007662201997484914,0.00309515259520517,0.00547372410296388,0.03344928020681434,0.15468141396871216,0.007111892338070254,0.006747720781191981
727,0.04899379210800099,0.03901938825963883,0.009525386821796,0.03691991760872112,0.013995621704469212,0.011909924866460184,0.013807867731089987,0.08962239574368266,0.013561221481056563,0.008493209580455272,0.04818435809419586,0.03223271200482055,0.0038364612015098225,0.007342765342261879,0.004355480687435605,0.0039881070913026714,0.12249715912995432,0.4701450140511251,0.008247308446567481,0.013321908045455882
728,0.09645058372332546,0.061781811866276404,0.028820395921233977,0.01337130218398051,0.023614265004453863,0.014724044310594863,0.011647141162072707,0.041912004921742047,0.019465164980588607,0.011941401855142076,0.02217662918319046,0.009740285315185422,0.005391755590958427,0.015258569233440435,0.009777378568080152,0.005842619922257374,0.0068450460655295016,0.5688380397444932,0.017634989591860908,0.014766570855593558
729,0.02012661580068025,0.014145684955369301,0.017772110909974617,0.01946302439662878,0.019409794354025678,0.0067413707185723995,0.01819286913841171,0.018270853092306638,0.017082103977962858,0.02939705134448294,0.017192136361741245,0.017062134464030092,0.6798498059660849,0.013004797642405527,0.005335082355036337,0.016005383734482674,0.027081172800729143,0.00823058931448881,0.013185610520479629,0.022451808152106314
730,0.022585761677536193,0.5075298339989036,0.01683798997452363,0.01649412017085699,0.03992254200791606,0.010434664329724796,0.01106009575322007,0.015475495201557816,0.017377588764802686,0.01459443416397698,0.03356608118796979,0.013841316099999432,0.007689926597301505,0.013720904116213737,0.09689222243031437,0.006615359310887533,0.027143809107231378,0.00563559811930414,0.034170638167463185,0.08841161882029604
731,0.024315049695272376,0.023268251083348054,0.028199773839484358,0.013116617745582254,0.015471410600541994,0.0069377478032346855,0.026080691738317383,0.01672202251052445,0.016317648701000834,0.0248306022474383,0.012588665740051673,0.022226007231559656,0.05459136033165104,0.013271429325016034,0.6400514580462418,0.016621607896029046,0.00931169768501588,0.005558499715923814,0.010927824938709309,0.01959163312505714
732,0.08577572023845283,0.06173187923032613,0.12270988497050205,0.057203737275834984,0.04438295158913617,0.08400569467173821,0.09013356308795874,0.003408392686581696,0.0076116079075440116,0.020801074236624896,0.03525429216389537,0.08086289311722597,0.06075017756019194,0.11157401130483768,0.01007080010984538,0.03859530351366628,0.01977980026344912,0.013303929285989616,0.014779455220081388,0.03726483156611755
733,0.009701904793770548,0.02231506340866506,0.014790746013527726,0.04788970533758124,0.017388939306077718,0.00742449862044694,0.0406806344921583,0.018596850643611555,0.045431994304072645,0.027402259622738716,0.011769367574608166,0.014928913434142458,0.006850828563003026,0.544336216336903,0.043461932043807855,0.08191227316425229,0.010713998856098196,0.007368889668121382,0.012266046491588627,0.014768937324824472
734,0.011109482275327424,0.010785193057173199,0.6172891320058815,0.11922699622247421,0.0082980351782961,0.03955712750079102,0.058594615319343936,0.01012323830698842,0.00968060156863002,0.003207743494745653,0.008844132747594222,0.033603898440485794,0.004112210839226499,0.00997390103148173,0.003397113049497824,0.006722743987486285,0.005494192361917878,0.01269947544511781,0.009204461249792939,0.018075705917747393
735,0.02301163120854612,0.012797252779724058,0.016781038306240562,0.701324988161641,0.014805141878540047,0.027839271438245293,0.013569327444885843,0.011853037867639374,0.04911940453388528,0.01200036991308419,0.013122831137327878,0.01656277606355657,0.006048952180119883,0.016400416677069818,0.00803248686989615,0.005007737448645213,0.008082716340788911,0.01591141817307242,0.013682784402018444,0.014046417175072904
736,0.059277624266317254,0.25192391195986436,0.007576669801030178,0.010416172682494607,0.009454596154403062,0.002333685396333773,0.0052330757638905144,0.05479039229867626,0.005382364540662844,0.2880593238558888,0.06807829814715068,0.007826850928645194,0.025895896452916754,0.014298874080502233,0.02171337218026772,0.003585540475896005,0.010901497576601022,0.13927216640059023,0.006229744192560846,0.00774994284530772
737,0.02274188122480493,0.01621870023255207,0.017590921677910633,0.0242987448513002,0.05030772216923135,0.007142076549664424,0.0256775033489046,0.5123083985650424,0.016354887951884316,0.028352448360712164,0.034889865946085716,0.03010139046521465,0.010156376656369004,0.016132600159277494,0.005686137777487533,0.02961138957335477,0.04656150059408329,0.06181482203296809,0.021907962035406507,0.02214466982774591
738,0.01776869369348725,0.06131593281180141,0.05845525172992424,0.018133278513134617,0.016768862761000144,0.6392772730571009,0.016959549069451633,0.012682885682754734,0.015413218424892777,0.008712138279374679,0.01775280204726206,0.015653940188473315,0.0075537870575512304,0.018183868067467645,0.0057049618288973316,0.019348588192262706,0.009971786848728738,0.011436390743769294,0.012462473011178464,0.016444317991486976
739,0.011474754063393223,0.013450704340507644,0.028931513188840102,0.025864028611160928,0.03141551069535724,0.02297539470494274,0.018112030286172684,0.0242346660584723,0.021722075347068326,0.012566333781450714,0.017268114040964542,0.026561605279689343,0.010355405785937497,0.046472656455196805,0.6191281598181376,0.008162095702468375,0.010480283905261303,0.013686364096202348,0.01774430254388678,0.019394001294889496
740,0.5983853782471581,0.02181696790346478,0.03287701290142141,0.009067248663777455,0.01859087990754228,0.03792316256515546,0.011590182887734295,0.019532300633307624,0.014678467029486327,0.006811158164530647,0.015383700213663738,0.013853951215135532,0.0053222697247617985,0.011646785686902467,0.004489759882258946,0.11173887283382306,0.01988408380783163,0.022255873344373556,0.01112554426773576,0.013026400119935073
741,0.006238432918620362,0.033731225890324554,0.013823552263777947,0.011665469956106556,0.015584750790025385,0.006818334899946914,0.034818467236513106,0.017676600238760533,0.015515380434122483,0.012002157265685345,0.019662094603373363,0.012752110059878008,0.009340365208643581,0.018627788511600563,0.7145882970586809,0.014936186129002337,0.008600217469602418,0.008084962894499668,0.012572807688678201,0.012960798482157872
742,0.015581750011422781,0.32029375183064795,0.020005650551016503,0.00835446677607537,0.011072226514076485,0.006210532674832804,0.006233509606680845,0.035564163020809704,0.009303168153999054,0.009172760362497622,0.018919762570517414,0.008083444473887593,0.003456380797614743,0.008068832878701328,0.002980858705514266,0.002700854284518294,0.007629935194280132,0.4910737372200906,0.009203009349103744,0.006091205023712709
743,0.043794311408273306,0.1108082304754389,0.008522363834401445,0.013057756502973507,0.008758221700089101,0.013160429771317166,0.03324132986229535,0.03010318973896384,0.0093552673115435,0.031127808530892774,0.06168123963322497,0.01252122377757173,0.029033284349060766,0.08347203811482135,0.0036477709664273703,0.43936073260435415,0.047556474469689594,0.0036517691937925285,0.00878543684481249,0.008361120910056145
744,0.008757858353162621,0.019930167695022868,0.019593038051869776,0.014788055864543074,0.011943117026999328,0.008961319292492657,0.016512727819638494,0.013831477013126982,0.017469087055772145,0.07149028317333503,0.013174304299987059,0.019356087570353397,0.5424836070584302,0.106078589681347,0.00606145075808176,0.04977561260218108,0.02262352221669779,0.008322023776232111,0.013748444962615645,0.015099225728110968
745,0.014387247284210954,0.03882894666111807,0.02102976584896083,0.04345588360784655,0.019243430953223114,0.5803126633816947,0.015348053818932414,0.01587668974905459,0.01622529129293441,0.005053301449694544,0.016187039185738526,0.01935328309659273,0.007805425360246974,0.014626262819034222,0.06499870167044716,0.017650295959449405,0.030748996131558137,0.012555157098777863,0.022611151008535172,0.02370241362194963
746,0.0650900512765826,0.148749168570436,0.00697038159685018,0.006484390429255292,0.06896436297503708,0.017010509602549722,0.0805583169367877,0.005724139427082164,0.006589354407103142,0.05155664641431408,0.07500346974606993,0.1260541708242739,0.010648643941977124,0.025538642562763347,0.07574767541538367,0.07627902489715542,0.023576903444304548,0.041754886132080914,0.03049118188720095,0.057208079512792255
747,0.008703369196722786,0.008089116601858836,0.004738891616093844,0.024272377797089684,0.008154490902380143,0.3668227601293559,0.07588864893805737,0.06413849112739131,0.010992360902597554,0.02316073048677251,0.04259182210337712,0.14197796656833417,0.010133052332222212,0.09762390599133423,0.015408043467473527,0.009795457112046912,0.04938878163592944,0.016397963409090083,0.008344273598523957,0.01337749608334847
748,0.008779185537073991,0.008924492795864783,0.02406097343146882,0.01225521132437781,0.08633571610800538,0.01553348205987927,0.0173418813084039,0.060278506671627256,0.008467168703967694,0.02299507984691542,0.03503890298469189,0.009062116063280673,0.0038967937779394546,0.0161420173153885,0.023828022547698818,0.005337207199389745,0.004192780095185411,0.03752714206512894,0.4085569453447843,0.19144637481892796
749,0.07057047551830452,0.0565500380223385,0.004400524496125949,0.028208029525537005,0.01877380323516825,0.06531037529252996,0.024998626476528066,0.03437482594334718,0.11176893924386545,0.04491853643582066,0.04972379290306972,0.05467166803320197,0.037407888443334744,0.09628857776292783,0.10598146281645411,0.08032806694454121,0.06983883933947607,0.023917955468399695,0.015107781511745666,0.006859792587283394
750,0.04662055890020723,0.06056138438592487,0.005172547930100701,0.005433516389551937,0.01563096431604917,0.005019616613903233,0.022448029458308632,0.14403681834191107,0.04181939742387827,0.09111574182360518,0.07005628011459257,0.06782891574684002,0.008475227556359967,0.010565542335356158,0.010670188996734508,0.02668697565762205,0.1641154868174225,0.1667498889686168,0.02762705077351872,0.009365867449496456
751,0.04716043753628136,0.03619764354896033,0.022638476612968132,0.028636372414790678,0.04419486845576085,0.03065324500010185,0.06646633730877705,0.014439199725127787,0.10469944758386221,0.04963262501023094,0.059971294023123164,0.04243690000042174,0.026268655834961952,0.024413727032428577,0.13327778896421627,0.04382395936987538,0.07744317141686861,0.10553597424030606,0.03475917950623909,0.0073506964146979785
752,0.0633460190919577,0.008958007049382356,0.12982528768318674,0.1592757458385688,0.019233718407749848,0.02790813764181501,0.04337173903614422,0.006158494481158806,0.009888701264276146,0.005321993120759626,0.033715905849921714,0.016412884416845724,0.019643635908171166,0.11052441451322759,0.0016254793686069427,0.07290292954500509,0.08043294860854214,0.03716165215381107,0.0035618435860778233,0.15073046243479152
753,0.05333020766300162,0.09946498760560624,0.014571330894139436,0.012310227592994827,0.013160487223681062,0.0059230409094145845,0.02231194597085649,0.02878060370444687,0.012430271709779827,0.01237358282573532,0.02286492528349467,0.06334556479740075,0.11671867039894541,0.01342635956493269,0.004140620282767689,0.1030056893084099,0.25004594216720755,0.11780583235217405,0.012658545050432724,0.0213311646945783
754,0.29035571233854673,0.17116243796023706,0.011724534236761473,0.01151512115817887,0.014788373007160694,0.12507181059602743,0.010553033913932749,0.013630228979307314,0.014227227524157423,0.005306084239255223,0.0177867874079869,0.02104909307958117,0.007057807967119062,0.012384461502086289,0.004393683580459946,0.20819609090667474,0.014326467651870598,0.015663124510554037,0.01283171586141055,0.017976203578691837
755,0.1783376671674664,0.1665675354968677,0.010394154940326911,0.007448939953632265,0.007472133999286774,0.230465882265639,0.0062294051066202625,0.009073187776871295,0.006843916078354437,0.004763079253843764,0.02268787122172969,0.007757643097803841,0.019345979997387464,0.00569371374693772,0.005535828661564907,0.08222642509199629,0.18365932065147525,0.022804296260271723,0.004621726198616551,0.018071293033307775
756,0.03686950887579842,0.05670452884656514,0.00849139519586274,0.010269202898060823,0.024361079309804745,0.009512130552783915,0.05330253763197727,0.025843729525162274,0.011529587468113929,0.2121685217301165,0.14869970214153125,0.050979565612772976,0.03647477109950826,0.055008952208179175,0.00630204331555327,0.051410806149688314,0.02759124710747389,0.10917204586443527,0.008637465077823257,0.056671179388788594
757,0.41933240781726955,0.0179996474189173,0.01593080052368745,0.022920679047631624,0.009820644501784355,0.2064478656297557,0.011990253663774509,0.0364543847295342,0.01635363201419977,0.00584262014862534,0.015748691566626984,0.016279265650710736,0.004214759105089837,0.010596451729413354,0.005139701355578541,0.09568408310340529,0.0332158342901853,0.019483376231156868,0.012647749082293854,0.02389715239035946
758,0.006300712066547233,0.013357175663544978,0.016108631535662808,0.04483830557207336,0.018863996747956503,0.0055077046571073915,0.009843483115615826,0.040231726128207815,0.591178200752912,0.0055567160583634935,0.013073508760871062,0.03618537010675398,0.005062220954292976,0.05565936781877331,0.08162877094056115,0.0055852368723816855,0.01725801036835494,0.007933452595509679,0.011260475029817033,0.014566934254692819
759,0.042423809094293226,0.04937434240213525,0.013117511484347397,0.016916075690383506,0.010020177069004247,0.006916245280834913,0.009764186629041577,0.012537211866464802,0.019822763914259644,0.028418587701008552,0.016866630774239725,0.03915775000722192,0.07201634359010912,0.011951943280195233,0.005326146874457828,0.5456518208715891,0.06967123171579906,0.008699914731718973,0.01184357388276502,0.009503733140130857
760,0.007759708653756898,0.06331614722394477,0.020686122395648748,0.016802437165610282,0.026244215845569907,0.006403331703010958,0.03333281164026153,0.010522903874149767,0.01353478153054574,0.004420337783144134,0.013436065290882171,0.014710758896983112,0.004029675745375663,0.00998633016845311,0.004692296592340352,0.008785611258496903,0.0062465416075002484,0.008724613312836716,0.009996776640727307,0.7163685326707618
761,0.513124063600463,0.011327700704319685,0.010103285849421606,0.05368400213849093,0.008969948908697782,0.24802699552970947,0.011003117529574762,0.012090026531337643,0.007775752049089226,0.003895723217283856,0.007564263798767513,0.008647788012395964,0.006777695620881379,0.008571900966242342,0.004595485639794113,0.017521035494417445,0.025694414338245458,0.02238902114399527,0.008121395843836384,0.010116383083036107
762,0.005205240103122896,0.02315254140116958,0.0143127549681065,0.02247159990676557,0.01273378346682426,0.004677155973448944,0.20929333106161685,0.010144875027498008,0.015148830366746281,0.07952089056413798,0.007125204472678456,0.07012290668952341,0.015655294623707114,0.39675197598921075,0.054113146727663375,0.0032023925703572134,0.02891904306646163,0.007550159178822295,0.013226852441963385,0.0066720214001755
763,0.007282813313389474,0.0356344739090013,0.016856117605743286,0.011485921373328756,0.013274294720094653,0.00627760356813588,0.1637475068424144,0.018975987370902614,0.012925816475500238,0.011676921812909859,0.3688726367677431,0.014875668490703963,0.006031168365744935,0.0332296313173869,0.025360700235864175,0.02073642253618475,0.02587203942531538,0.04237340194677951,0.008345077206564069,0.1561657967162928
764,0.011822140459379526,0.023886644055724816,0.031671893499023794,0.01764018465243351,0.017881488895733266,0.027449238651676682,0.019384944605865363,0.016339792735266385,0.026746045589930764,0.017925922530015778,0.013154549288471895,0.021768506576933962,0.00959936551809143,0.01690270927298485,0.05896932962034932,0.01049686024994118,0.010958952097344281,0.007861958344472402,0.6134999962869964,0.02603947706936437
765,0.018226198461302558,0.016565783139179103,0.004406319193859979,0.005254272706478409,0.01849913435591655,0.002301230419108994,0.06333158157565082,0.027526132118585168,0.07526877809673452,0.0828641240563814,0.2136757910469857,0.024814432114648316,0.004201523740389727,0.2449641027128044,0.03176461953008186,0.04341526430960537,0.06679178509319579,0.028343690686726528,0.00842598521985052,0.019359251422514285
766,0.0033788073881565166,0.04607048070960367,0.0060540129464901615,0.007436354462662095,0.016510182419592474,0.003634451191131302,0.040114227441800786,0.16467427857116165,0.010753787795142295,0.39830845586354247,0.10415887062608185,0.006493601357499904,0.014876415708065617,0.013353231413306884,0.009593029082877628,0.002386358653058033,0.018962419395651964,0.12005800849793563,0.006639800591160366,0.006543225885078664
767,0.0015111675749582554,0.0068770609193596595,0.0061612162199562,0.0038031224370645945,0.21247760718598246,0.001209230743178874,0.05033679824294946,0.0672650216526546,0.00693402797792357,0.10176225399520418,0.452320123345918,0.009219096069087808,0.02135069993639407,0.002219099093701334,0.007974487572220947,0.0017191825262187067,0.002359515746229314,0.004475375832625434,0.0028937388359063145,0.03713117409246621
768,0.01492723136119113,0.05066769581112328,0.03959528819103866,0.017802003577723654,0.020783891550502205,0.014962379040034196,0.04638689378213048,0.027525373134519044,0.012931465489880545,0.011585182621944506,0.02573946235365596,0.030349357296501712,0.006185762909808198,0.01732874734663975,0.010852248253585633,0.010286182941573132,0.012802531286455362,0.01163941060200737,0.018468992480455016,0.59917989996923
769,0.005697531167567224,0.03176925377555078,0.010711493772177587,0.021174147779650196,0.6807768921816916,0.008412194893054488,0.008469822838368023,0.015029469440905314,0.009192226065917207,0.047103946550837474,0.009654310932655822,0.01165504202477375,0.004050153661420386,0.011788542940893912,0.005468483896024184,0.059087241426869525,0.00493392103756219,0.02454610229595298,0.011763496096019465,0.01871572722210791
770,0.026979041638062175,0.017782661334944213,0.011827909722996433,0.020362593352961637,0.016470435039657273,0.007787622781198885,0.6673001504818354,0.01302724273910101,0.010641969284001634,0.015998371427920526,0.013536582560658485,0.013290589353049137,0.0057686731252796376,0.01845034461704709,0.026298695658216065,0.054373800726314786,0.004179091755720275,0.010316691826573035,0.015360997312794973,0.03024653526166725
771,0.00684322665563679,0.01599868325060997,0.012461145130036072,0.011931411822614526,0.017229651218709598,0.04802827451983146,0.012771544116380753,0.047888704491916234,0.13824205340425097,0.004758644318480759,0.014995236702014613,0.008275719069416414,0.008257072008896386,0.016276720629616496,0.5796574353341519,0.021329693229703323,0.0056631298890483135,0.007635591647833569,0.011262267229503966,0.010493795331347932
772,0.00956751791371963,0.01582993495476513,0.016257756186969997,0.014152458071204948,0.012725993855893139,0.060092686992075095,0.014307816498472823,0.036178894419730566,0.028238677589806128,0.00686503601517068,0.015236705201027836,0.01144496217739854,0.006171317769798748,0.014163858011123315,0.624345369569335,0.04843711703954774,0.01311642395908802,0.013116633599626169,0.02418586801790912,0.015564972157337485
