site,A,C,D,E,F,G,H,I,K,L,M,N,P,Q,R,S,T,V,W,Y
677,0.23853501001534103,0.03587188037633631,0.009063452608785298,0.0088845494266566,0.010639705236400133,0.33446791133950454,0.008898662561352836,0.01165301049700967,0.04227757330068208,0.003284741213922189,0.009063452608785298,0.009063452608785298,0.005625591274418461,0.008739757872757251,0.007637239047865148,0.2088257992125039,0.026281003385452688,0.0021539569349923113,0.006797589456588975,0.012235661021860151
678,0.052541482935368186,0.034962789261930194,0.07233983957940551,0.03141042029948809,0.03677903805475774,0.12151186613961257,0.06907016867091907,0.004894274134367098,0.019070612324689196,0.018411910985368648,0.06913096967699835,0.10841704221443502,0.0016437017206109338,0.020466187387343043,0.015942906328360713,0.09241912126580147,0.07188153876229005,0.05458744078259659,0.06257544669038642,0.04194324278527124
679,0.4171947884396751,0.014535358100110756,0.01397875896607426,0.01750175771237826,0.030628075996661952,0.004397877579007869,0.03298408184255903,0.04513611199508077,0.030628075996661952,0.007087488660384584,0.027664068642146277,0.0317624491817235,0.011112282405126848,0.025987458421410137,0.006399896476914437,0.22365248542412988,0.009185855884759253,0.005118200344750762,0.019057469509034104,0.025987458421410137
680,0.010159316343271094,0.015700761621418965,0.020560521170905795,0.021061997297025445,0.0072050012880571996,0.00679954243447278,0.013575243731864091,0.269676899106368,0.022724786557316926,0.42187089935432265,0.02616793603569828,0.024672625405086947,0.026847929121126653,0.024672625405086947,0.005588394001409423,0.00575694592785362,0.011214829729584975,0.026164742215136403,0.017990456024542568,0.02158854722945108
681,0.08943366033460506,0.0324319867147469,0.01088821117351906,0.008710568938815246,0.01833112292572651,0.0021056829529053013,0.04080153167339125,0.0240923329880977,0.11797767339393132,0.005405331119124483,0.007180336577944187,0.011119875241040744,0.005939024276464941,0.1255876932358284,0.2557120560017991,0.06928729695219617,0.09077719455004814,0.019459192028848143,0.00778411712479046,0.05697511179617699
682,0.008233961563879401,0.008315546709479534,0.010739949865929656,0.01789991644321609,0.6068045197104234,0.005588661694940772,0.02093380058613407,0.021808373687626323,0.023751812203498278,0.061052621517577725,0.021668319904945797,0.019604670390189052,0.011523969744760198,0.023751812203498278,0.005744624346892606,0.0025236032687307236,0.007817052117607028,0.005133043026397143,0.10710985464405925,0.009993886370214602
683,0.006368831520345039,0.012206927080661322,0.025634546869388784,0.01281727343469439,0.012879919479563655,0.0047252620957398675,0.02136212239115732,0.04350776270714275,0.021816635633522367,0.5024111960224011,0.20454794471472493,0.026291842942962853,0.015304207086202256,0.018310390620991986,0.005204984135916504,0.01974845323584431,0.013671758330340684,0.005475659296410663,0.009725126704172533,0.017989155697816686
684,0.007436258182054755,0.016929353733614018,0.26370598741669926,0.018083627851814974,0.027437228464822716,0.0042323384334035045,0.024864988296245585,0.027437228464822716,0.02008975990172187,0.005850585481469549,0.015301531259228052,0.38943225811173976,0.009145742821607572,0.01304392828655506,0.005724313852373085,0.0936580336718386,0.014711214332832023,0.0048223007604839925,0.010899720896984367,0.02719359977968845
685,0.009628296755983907,0.01901385438383546,0.6439593064229426,0.016162342453920415,0.023427784865797264,0.017854366010897335,0.02898681392166871,0.031237046487729687,0.02475388589593673,0.008631289161083203,0.019878120492191623,0.03493566213472581,0.012147740300783767,0.029817180738287423,0.007999731417589308,0.007408546846448646,0.012494818595091876,0.00829440394139069,0.01901385438383546,0.024354954789860057
686,0.011378664851505542,0.025033062673312192,0.032185366294258534,0.01846701344752539,0.022989547353041807,0.007611404191209788,0.03754959400996829,0.011614591506652573,0.030768881925838334,0.009379911750827974,0.5516772143193743,0.024488865658674967,0.017880759052365854,0.029644416323659176,0.00529834483535743,0.008800686096086316,0.0049978513393716525,0.10431278407739399,0.014629711951935695,0.031291328341640244
687,0.045275940609779956,0.01760804916003928,0.02322763931749862,0.03235091261816529,0.025388349951684534,0.5157870292235653,0.03898925171151554,0.03308178933098287,0.02799228328006244,0.006738883011866883,0.04548746033010146,0.0436679619168974,0.01269417497584227,0.028728922313748288,0.005022056094372271,0.02826390098936663,0.01516248677670049,0.008737058496148996,0.018503373693600594,0.027292476198060876
688,0.012901888929421582,0.025029664523077866,0.02720615709030203,0.009349124867697465,0.032933769109312984,0.007226775284826557,0.02844280059440667,0.03271023722357489,0.6096630418460354,0.00828796838512512,0.022754240475525333,0.02187454856026944,0.014723332072398744,0.035233832731773856,0.00667293213065697,0.012514832261538931,0.03341782003551865,0.009854198631133017,0.0186788541216999,0.030523981125704723
689,0.02112353400053979,0.011921932589674635,0.00352254505704176,0.003281274847655338,0.004504638212641861,0.0008445811381882392,0.007984435462627988,0.024677937112228772,0.005322956975085327,0.006505345566024934,0.004355146615978903,0.005842269850703407,0.002785268184637671,0.005322956975085327,0.0010598808136231845,0.010902799642492767,0.7549834765424861,0.11685175323423568,0.003110819011413503,0.005096448167634886
690,0.01174966828920527,0.02794515701216388,0.025218800230489356,0.03041090616029599,0.03041090616029599,0.07304571559576195,0.044955252584785374,0.02794515701216388,0.0093177393835438,0.010444149590404687,0.017371062800652537,0.03446569364833545,0.016950341138525636,0.05169854047250319,0.5051960397269667,0.009467909033355542,0.018769744855486204,0.011238813146196345,0.011086815363553628,0.03231158779531449
691,0.009183244168669235,0.020771623714847084,0.018175170750491194,0.09253052320419085,0.021278248683501887,0.005042821942332817,0.016460532000444856,0.04912883634420592,0.4249051153932667,0.006869355874201396,0.0167770806927611,0.06994627576937078,0.009183244168669235,0.021278248683501887,0.15662379493673245,0.009183244168669235,0.01225727447254497,0.006276317957004154,0.0084699824856658,0.025659064588928745
692,0.01874483592328729,0.013640531119008212,0.36603433352351195,0.05369104750675831,0.040283308113360616,0.12752247722372567,0.03619170062619702,0.0202764651769041,0.019236646449883377,0.004778530009843642,0.017050663898760268,0.10594413251300225,0.008244277049950018,0.01316191599202547,0.004191224645505317,0.005138556243461998,0.022659360813765354,0.004787698295815603,0.051792824717177936,0.0666294701580558
693,0.02720684800596786,0.16880060680582612,0.003428119607662757,0.0035060314169278193,0.005713532679437929,0.0011512341966031648,0.06965246091356193,0.13657560039984207,0.00845101835147551,0.11031911511154215,0.06218969724425169,0.011018955881773148,0.002482867521970439,0.07773712155531463,0.019530648721335253,0.025729054130493267,0.07500476356808757,0.18223027564594688,0.0037625703010932695,0.005509477940886574
694,0.05581569320923517,0.0467422061358127,0.008409007138542455,0.027110479558771366,0.014015011897570756,0.21473647175264451,0.03182790998397945,0.011598630535920626,0.009586359688578695,0.04088257757962759,0.2556130929827016,0.011598630535920626,0.06668542624406486,0.16414719321422097,0.0010061846258044248,0.0030858741792816353,0.007312180120471701,0.0048051469363099755,0.008203909403456056,0.016818014277084906
695,0.011691507101009644,0.036757054333696686,0.020079501471760436,0.5215314346171789,0.04845248071260017,0.01621546330903835,0.05610287240406337,0.04099825291066169,0.01228581865346557,0.00819965058213234,0.02422624035630009,0.0532977287838602,0.017474665175036132,0.034385631473458196,0.009433226333426584,0.011843939729746712,0.01440479156320546,0.006784024620553709,0.017765909594620072,0.03806980627418586
696,0.010065738654263082,0.020029924555923357,0.021809100417570008,0.013774168684781063,0.03172232788010184,0.004912699941652284,0.05509667473912424,0.043618200835140016,0.03172232788010184,0.005609602054140448,0.02093673640086721,0.04758349182015274,0.01495481171490515,0.02754833736956212,0.0723502093596358,0.012599151750624387,0.016616457461005724,0.010468368200433606,0.5117397005353135,0.026841969744701547
697,0.08957570474451364,0.07441673932621133,0.008328801673036346,0.009895443101944033,0.014277945725205164,0.09213501059435684,0.12764537926093195,0.013871577439613906,0.0970873893667215,0.050916716381091943,0.02970141788897031,0.09640028998243697,0.004759315241735053,0.035188306962591294,0.04619398399965042,0.08412327054267366,0.04216136981300687,0.010291676715327098,0.017430947950283732,0.05559871328969812
698,0.1145635329178525,0.06672023934136294,0.02475417575563611,0.11043349959949726,0.009982883025860154,0.017195014702740524,0.09177239449910067,0.011520996138130539,0.014323400604162295,0.002419557629968935,0.06642370494429022,0.018978201412654352,0.25891229666170074,0.1172183028428651,0.009930454227551695,0.042807448116827754,0.00448458856666358,0.00389680751730886,0.006091561176482816,0.007570940319342928
699,0.020835341969169873,0.02336321594198369,0.02937090004135092,0.012849768768091026,0.03544763798094076,0.008031105480056894,0.04469484788901227,0.03316069359507363,0.027052144774928483,0.004782696420740157,0.02187194683930388,0.041119260057891294,0.0881022065212802,0.025072719547494696,0.006547652875460396,0.500740520261151,0.01738588323006485,0.010597747437600847,0.01352607238746424,0.03544763798094076
700,0.05833860448250643,0.03591960133177418,0.004598425737900699,0.007197535937583701,0.04447188736314899,0.0372322777924038,0.048919076099463873,0.028852113604026727,0.029003404802053684,0.0992860741130768,0.08894377472629797,0.11476744357913288,0.06463853946266816,0.06917849145378731,0.02369063158597656,0.03146387612718313,0.08038197842923565,0.10262743237649767,0.005912261663015183,0.024576569332266544
701,0.010341827152047562,0.027686922569953174,0.03691589675993757,0.009761414072064,0.018770794962680117,0.5372305438177526,0.03955274652850454,0.03572506138058475,0.026368497685669692,0.011536217737480488,0.029931808183733165,0.025755276809258768,0.024075584843437546,0.029931808183733165,0.025115468004340804,0.0176796137790129,0.016050389895625024,0.010899277298510883,0.024075584843437546,0.04259526549223566
702,0.004010039734409831,0.03113084903882328,0.008672876634886376,0.008879373697621767,0.11273207750640225,0.0038285574892723668,0.0653519289892187,0.05010314555840099,0.011301021069700429,0.05147533957813366,0.13712439837036067,0.010359269313892059,0.0048432947441573275,0.009323342382502856,0.02149167206750871,0.003007529800807373,0.027328988486400543,0.0411373195111082,0.18207004131328047,0.21582893471311201
703,0.03132168872759425,0.06860821326962631,0.11477161655182752,0.03188100459772986,0.028338670753537656,0.029796821032328127,0.0734229196796203,0.061981109217708545,0.0032991888198211678,0.03643543382597699,0.060725723043294974,0.06023085185529912,0.02791570551841022,0.13911711097191215,0.030225692523796383,0.05108181111014378,0.02635783649927424,0.047307398714522296,0.023337728855854542,0.05384347443172154
704,0.03009679793261641,0.025954120936916313,0.18609125865037207,0.03666410457654744,0.014977622730971807,0.011340822409391691,0.03503502757908985,0.014572822116621217,0.006795185585009539,0.014990742265287871,0.008047677885298284,0.2633302943589419,0.00829529874330746,0.06520972885400224,0.0046745325343370775,0.20900178360385974,0.027872420703474926,0.004179801692364225,0.005797789444247151,0.027072167397342955
705,0.009518151372896062,0.014527152791853827,0.02632680166971251,0.015276045413289977,0.025778326634926838,0.006573984762739209,0.053798246890282085,0.02632680166971251,0.019333744976195128,0.006424012298426117,0.019333744976195128,0.0363929317198967,0.01846805490263415,0.020284584893057178,0.03413054960627483,0.007453973966725833,0.02249744869957251,0.007499149566524171,0.6042779665541582,0.025778326634926838
706,0.028088367980337033,0.03146311246346129,0.14886172684673746,0.3669046642453353,0.030204587964922834,0.003287344777889924,0.05034097994153807,0.05808574608639006,0.006665043981451431,0.009558413912950262,0.01841743168592856,0.047194668695191934,0.017161697707342518,0.08114417416541812,0.006089634670347345,0.010204252690852308,0.022209255856560906,0.01372701549607819,0.017560806956350483,0.03283107387491612
707,0.015657727643316202,0.028312348313924544,0.2062916162418737,0.3168068267363962,0.036176889512236916,0.07225912604991003,0.02604736044881058,0.028312348313924544,0.008535385584057174,0.008682453482936859,0.02100593584581499,0.07503044253904675,0.013566333567088846,0.028312348313924544,0.007837398181547175,0.01346700250700839,0.016279600280506613,0.006988938809787384,0.03425302811565177,0.036176889512236916
708,0.003979020231642005,0.01798966220922671,0.054545446522199746,0.02217330458346548,0.02217330458346548,0.005967135650843231,0.038138083883560624,0.0958192419974693,0.04767260485445078,0.012545422330118627,0.03531304063292651,0.029795378034031737,0.015378259630467994,0.04540248081376264,0.011627464598646532,0.008828260158231627,0.019458206063041134,0.46233386296521206,0.025090844660237255,0.025768975597000424
709,0.026886069992591376,0.028614162646270196,0.026355149805775184,0.018209012593081036,0.047690271077117,0.006632421805426869,0.02781932479498491,0.07153540661567549,0.016691594876990946,0.004279347271370139,0.054683532188321435,0.052710299611550375,0.48748704989546426,0.01183653833468978,0.004885344842046133,0.005798519878170048,0.00875824739517015,0.03795680469542311,0.01564837019717901,0.0455225314827026
710,0.00940956585998615,0.020816504561851776,0.019167634159231048,0.014578200628147558,0.5027931283147649,0.0048366927317685824,0.038335268318462096,0.03095396549689383,0.030442713076425782,0.0033933808429976757,0.03338878208382183,0.04704782929993075,0.018103112461853126,0.03136521953328717,0.007340796060982103,0.09463957198598445,0.01326990057177534,0.007964111311963916,0.04704782929993075,0.025105793399941276
711,0.009737104768359634,0.3553757442417929,0.036514142881348625,0.01622850794726606,0.02608153062953474,0.022287093419996767,0.04868552384179818,0.0811425397363303,0.028087802216422025,0.009015837748481142,0.02434276192089909,0.09128535720337158,0.012811979958367942,0.04057126986816515,0.026402195270320884,0.018444001186468585,0.020285634934082575,0.008693843543178245,0.011778755768176979,0.11222837291563866
712,0.009715481891926876,0.03100997017587973,0.029287194054997526,0.021965395541248142,0.01587108299422643,0.011460206369346857,0.03100997017587973,0.042173559439196436,0.036356516757927955,0.010649888747271827,0.05271694929899554,0.040551499460765805,0.018086235056735938,0.042173559439196436,0.009168165095477486,0.5133339262166816,0.014786568400839422,0.016474046655936107,0.025715585023900266,0.027494199203569877
713,0.010728415288789069,0.03964849128465525,0.025330980542974186,0.015198588325784511,0.05364207644394534,0.004559576497735354,0.44419754744261103,0.03366600933822925,0.02279788248867677,0.00986541121360938,0.03647661198188283,0.1686865717666437,0.010980916548579042,0.02171226903683502,0.023586340996198548,0.010021047247770008,0.018238305990941416,0.010986931319844228,0.01424867655542298,0.025427349688872326
714,0.015537447991601979,0.03107489598320395,0.02796740638488356,0.029965078269518098,0.06454016858050052,0.012908033716100102,0.40860702016316947,0.06454016858050052,0.027065231985371183,0.020364173904324507,0.03813737234302303,0.02676499261666282,0.011161087726235601,0.025937578163234033,0.003960160882138737,0.021513389526833508,0.01645141552051974,0.01583060738766994,0.04415906271297404,0.09351470756153475
715,0.007259888186557461,0.026551800128027683,0.020973010316721552,0.0204061722000534,0.3671088035417692,0.0052799186811326995,0.04194602063344311,0.024878457167655896,0.034319471427362545,0.09642971749165115,0.029039552746229845,0.03282732049573808,0.010786119591456797,0.023594636606311743,0.006508865270706689,0.04031914812691878,0.015408742273509711,0.007530590385540362,0.03581095091245659,0.15302081381675678
716,0.049786198039813705,0.0628412455258093,0.007257113768233011,0.028291723747078303,0.02088198657522446,0.030212137272023702,0.04091658155714862,0.038214270927857,0.03373243985228566,0.00974492706843808,0.0365434765066428,0.4263343322786575,0.012529191945134672,0.07855155690726164,0.009232036170099232,0.0520980858111312,0.012848470510122043,0.011244146617428554,0.014377761248515197,0.024362317671095205
717,0.029222327252058273,0.005943087913678705,0.008779561690661722,0.032802131744644795,0.011037163268260451,0.001457738544864588,0.0758200923296647,0.015452028575564637,0.1876953833514975,0.10164287739846355,0.1028855256769436,0.0095536277658344,0.003941844024378733,0.16457417436823388,0.11111293671614492,0.01191228626835497,0.0793442591002929,0.01851711825873,0.012853807176163093,0.015452028575564637
718,0.02894715933748912,0.20543621754309885,0.013718511837749232,0.00960295828642446,0.017783256085971224,0.0025814403995764673,0.008574069898593268,0.17485018019176898,0.00800246523868705,0.23357669184400548,0.05063402958630767,0.013718511837749232,0.06437184814432588,0.00813616668008636,0.012153163435222299,0.00403485642286742,0.011061950175397628,0.11160780370624632,0.007871277283954474,0.013337442064478417
719,0.009516503031877854,0.004113820203611922,0.015112317817547216,0.017248661745278608,0.2758617254990763,0.005158478278961826,0.00311193042770654,0.03679714505659436,0.02508896253858706,0.006570918760106136,0.017248661745278608,0.08039424564008846,0.008902535094337345,0.017248661745278608,0.006806951684435726,0.0072376596722384026,0.014917761509430146,0.010221429182387321,0.1698420268745478,0.26859960349262985
720,0.010296593302662325,0.03088977990798698,0.026476954206845985,0.026476954206845985,0.07460994067174574,0.008554092897596396,0.04592708254273329,0.023833698157839877,0.029264002018092927,0.2697951489543213,0.28470324037030414,0.029264002018092927,0.010004856663643272,0.029264002018092927,0.008844030161159089,0.007943086262053794,0.011830128475399267,0.015886172524107588,0.021385232243990988,0.03475100239648535
721,0.016439291921583814,0.02023297467271854,0.04383811179089018,0.031377858456813464,0.04383811179089018,0.01987481104124265,0.025696725386657154,0.037575524392191584,0.2550300907606641,0.010735864112054735,0.027187699788697197,0.07331582845553981,0.014612703930296723,0.021604802022182963,0.17342752070135872,0.09976375738349244,0.019941659202338546,0.009393881098047894,0.021042293659627283,0.03507048943271214
722,0.012246541320483103,0.030859145698939033,0.32789089300732116,0.016349850112317533,0.056575100448054895,0.16339835283974058,0.035731642388245194,0.048492943241189905,0.02828755022402745,0.01834868122639618,0.048492943241189905,0.008438920988922058,0.015429572849469515,0.030859145698939033,0.012123235810297476,0.013578024107533176,0.013311788340718798,0.011113635150024507,0.027156048215066352,0.08131598509112418
723,0.023092202020539396,0.022996979042696333,0.026481369806741237,0.11593964665876487,0.028189845278143895,0.42536055532870126,0.04854917797902558,0.020806790562439538,0.03361096937009463,0.014325986944630505,0.043694260181123025,0.0312101858436593,0.024274588989512794,0.0582590135748307,0.00528527775628286,0.007405806810359836,0.019419671191610238,0.009871673947444256,0.0188186858000031,0.022407312913396427
724,0.012318198264835972,0.026748087660786686,0.033435109575983356,0.019918788683564552,0.04927279305934389,0.09942992582903362,0.018356530747598705,0.06232341965838713,0.037182513721063244,0.00866836174192161,0.019918788683564552,0.03600704108182823,0.010175902914429717,0.033435109575983356,0.45510641780084626,0.007502579414797057,0.014627860439492718,0.014402816432731292,0.015867509629280237,0.025302245084527945
725,0.07754452778635225,0.03018868786648167,0.052907253381441574,0.08829791611632479,0.07699835108788301,0.08597428674484256,0.07522750090173722,0.017194857348968508,0.01809984984101948,0.006743081313320985,0.01017996747101551,0.0452496246025487,0.05300112002343569,0.04912816385419576,0.015631688499062282,0.10278939405509448,0.029294636926398446,0.026052814165103806,0.09759243360225371,0.04190384441251961
726,0.0066877213018440435,0.020367151237434128,0.020367151237434128,0.014935910907451694,0.013542311784453821,0.006223296211438206,0.013578100824956082,0.21678061782296207,0.04073430247486826,0.30992215290872255,0.07568645680077275,0.01648893683003328,0.005091787809358533,0.01400241647573596,0.005334253895518463,0.005365576976872486,0.012809746807750879,0.1768333059202721,0.012802209349244307,0.012446592422876412
727,0.022517804736037077,0.10422638037857716,0.023614919983335026,0.022137699584691414,0.04160723997063792,0.008397913823196188,0.036406334974308174,0.04160723997063792,0.037989219103625925,0.007526700467823954,0.01004282061280899,0.045986949441231384,0.008737520393833962,0.018203167487154087,0.008651010290924716,0.008483029508576663,0.07914690759998201,0.4229392430424903,0.01941671198629769,0.03236118664382949
728,0.1526157850182421,0.025732651055074694,0.011740629052578317,0.022022038109228075,0.04389432697086229,0.004026459292667238,0.018783503093165118,0.1742964044089527,0.033612584482506,0.007686369149167366,0.045617078940543856,0.015965977629190352,0.007257262558722887,0.02776691761598322,0.01419198011483587,0.019061223003759033,0.008994916974191747,0.3097125438546494,0.030411385960362573,0.02660996271531725
729,0.03534885538916966,0.03028771109762747,0.042139424135829516,0.03876827020496315,0.046152702624956146,0.01226843993827948,0.016848332529898914,0.04038361479683662,0.03876827020496315,0.006595292582731586,0.04038361479683662,0.03589654648607699,0.4716674175341045,0.02363918914936778,0.009230540524991225,0.005596972570766713,0.01603642867267922,0.014465772464538488,0.029369901670426628,0.046152702624956146
730,0.013569938762217187,0.4768823938048867,0.048851779543981864,0.048851779543981864,0.02952917975686788,0.010054470594320462,0.028736340908224633,0.048851779543981864,0.051422925835770385,0.013957651298280535,0.051422925835770385,0.03908142363518549,0.01628392651466062,0.03369088244412542,0.011045602539253118,0.00967361971167958,0.023830136362917986,0.012688773907527758,0.02078799129531143,0.010786478161054764
731,0.010288983861225079,0.046964182508591586,0.08642746443429065,0.022744069587971222,0.030866951583675237,0.00785704222129915,0.05159249928137348,0.03457098577371626,0.04806143878815257,0.007176179785034529,0.027008582635715827,0.048015258019050364,0.023256620966595202,0.02787982723686795,0.4225173930406811,0.0076099448934550265,0.0157140844425983,0.008642746443429066,0.018788579224845798,0.05401716527143166
732,0.05821921821162937,0.028849701881655622,0.09913459741568983,0.03542945845115604,0.08414496382149558,0.1488037254948554,0.08135210299593419,0.029267813503128903,0.01518254687755413,0.04595149439001086,0.052356866377819486,0.028443423056187602,0.051607649215225405,0.12735403460167743,0.0009679786203862054,0.06267349029463119,0.004912000460385159,0.0040733662354413515,0.02243865701906549,0.018836911076070707
733,0.020915341501517543,0.04488021995852105,0.020837244980741916,0.0855627606880263,0.03070751891898809,0.010804497397421738,0.016283469895886492,0.03070751891898809,0.027441306729747404,0.008074050521267721,0.019448095315359123,0.024310119144198908,0.010014212403256615,0.28453001021977214,0.07667153536766576,0.21719777713114372,0.015353759459494045,0.010418622490370958,0.016669795984593536,0.029172142973038682
734,0.02173662426851572,0.023143956851506747,0.47494007164223223,0.15328741594693535,0.016200769796054726,0.08831656982924814,0.01617726688894078,0.021131438864419202,0.024301154694082085,0.00568448063019464,0.018340494108741195,0.040195493299520116,0.00742019990658995,0.019059729171829087,0.006437391971942275,0.007200342131579877,0.009346597959262343,0.007648657112937329,0.019059729171829087,0.02037161575363927
735,0.010468536144035277,0.02915366785487872,0.017375629392475445,0.5553176233891314,0.03445433473758394,0.025012555329747766,0.02992086964053342,0.023687355132088958,0.012315761767669117,0.010932625445579519,0.03553103269813344,0.0406068945121525,0.012633256070447444,0.03920665677035414,0.015575247210140683,0.010243180597660089,0.015575247210140683,0.016063038536341164,0.033440971951184416,0.032485515609722
736,0.12932303946037574,0.05152714853499344,0.013313852083041384,0.01775180277738851,0.01775180277738851,0.004057554920545946,0.007889690123283782,0.02242332982406969,0.009682801514939188,0.20803128320698738,0.14350568278076484,0.018523620289448876,0.09887814605012617,0.014563591566638279,0.002752488012505691,0.0062457149739386,0.053162931028167854,0.15594800256835517,0.010924186324546774,0.01374333118249433
737,0.012005269441130978,0.029155654357032382,0.038266796343605,0.06122687414976799,0.051022395124806656,0.010933370383887142,0.06122687414976799,0.2892993258510522,0.030613437074883995,0.07132035252900851,0.02549019184281063,0.029014756255651173,0.014933383938967803,0.030613437074883995,0.00850373252080111,0.017094923545647685,0.10680390478712044,0.009716930447745695,0.04709759549982153,0.05566079468160727
738,0.012455884081376342,0.027574527243877146,0.008410847800999542,0.0433728615121012,0.03836830056839721,0.46967092848698355,0.04987879073891637,0.029340465140539045,0.036947252399197314,0.017199583013419444,0.05250399025149091,0.036947252399197314,0.014889191265348174,0.047503610227539406,0.010500798050298186,0.006073204115079815,0.018473626199598657,0.012275414615109231,0.027710439299397985,0.0399030325911331
739,0.020332544492898074,0.020930560507395075,0.0790710063612703,0.05474146594241789,0.0790710063612703,0.017317847157965385,0.03558195286257163,0.05474146594241789,0.05083136123224519,0.007696385096841016,0.030940828576149243,0.06469445975013025,0.010139384585812034,0.012055783028940713,0.3354760725952624,0.012269638918128148,0.016943787077415062,0.022956098621013953,0.03234722987506512,0.04186112101479015
740,0.4095768707917474,0.05620063466846108,0.022691395366903594,0.0197561400862056,0.046790858098908,0.048014259849775094,0.02614783246703683,0.05556414399245326,0.035561052155170074,0.012884439186655827,0.037042762661635496,0.02963421012930841,0.008980063675548001,0.02963421012930841,0.008231725035919001,0.09225462529232385,0.006189990769234902,0.005491487453559249,0.0206750303227733,0.028678267867072647
741,0.012849966566470566,0.011497927064737741,0.028825600676136674,0.024239709659478567,0.03555157416723524,0.0076680135588894855,0.08007956378729254,0.046371618479002466,0.03231961287930475,0.013340536439292866,0.042661889000682275,0.030472777857630192,0.009950913137015108,0.044439467709044035,0.48551560171108465,0.008508126430232606,0.015457206159667492,0.01461023595913777,0.026013346951635534,0.02962631180602936
742,0.015359326095552253,0.2833212812601944,0.01400828303180181,0.01688921010915718,0.013546805746077044,0.004974608087016272,0.012170166108069147,0.06110359305425441,0.019704078460683377,0.005367581569142195,0.055171419689913466,0.017990680333667432,0.006783371273350016,0.01760789990103621,0.005108464786103098,0.005077124511341729,0.011669984125133865,0.3999955435638699,0.02121977680381287,0.012930801489823465
743,0.008819488548737197,0.0938856004547647,0.02283703794845628,0.03520710017053676,0.02223606326560217,0.007221969265751131,0.03231368299675826,0.024852070708614192,0.02223606326560217,0.07343802734122847,0.03520710017053676,0.04847052449513739,0.07204011452746573,0.028165680136429408,0.007896919664419463,0.40438335423551686,0.009816533453700283,0.007612345982818759,0.021124260102322056,0.02223606326560217
744,0.017995701533829653,0.05292853392302839,0.05623656729321766,0.04284690841388013,0.028118283646608833,0.01999522392647739,0.018745522431072553,0.029025325054563955,0.04735710929955171,0.005759493769899625,0.03213518131041009,0.04735710929955171,0.4364208557339435,0.028859709760634192,0.011234821907103643,0.019895015523149127,0.014750575027729224,0.017303559167143896,0.03213518131041009,0.04089932166779467
745,0.014455661304840075,0.048256258001816925,0.057907509602180315,0.023684318705113696,0.048256258001816925,0.41320782872561995,0.032170838667877955,0.0361921935013627,0.04136250685870022,0.00877386509123944,0.0361921935013627,0.048256258001816925,0.013787502286233407,0.03340817861664249,0.004835408343815029,0.017031620471229504,0.014009881355366205,0.011990737796100904,0.023836594164139295,0.0723843870027254
746,0.0875681340184548,0.04886037102973979,0.010725654547440702,0.013673203076826073,0.015194677275540991,0.00331520231466349,0.0219871669633829,0.013325555735383575,0.020259569700721326,0.02376991023068422,0.11400753240272617,0.14658111308921934,0.0025262619220077723,0.007012927973326613,0.10749281626542749,0.14140869931551103,0.05798033104416761,0.07235857233802956,0.013024009093320854,0.07892829166342578
747,0.005948180533177877,0.01755293478077545,0.010372188734094585,0.008293713461134495,0.018501742066222772,0.3316481199815868,0.04863709275894742,0.05011094405467309,0.027382578258009705,0.02329100216625651,0.016299153725005778,0.28581797720072805,0.011409407607504045,0.06484945701192989,0.003383780866779655,0.005186094367047294,0.009921224006525257,0.026953587939806577,0.01955898447000693,0.014881836009787885
748,0.011580737060573602,0.014061862816100976,0.0231614741211472,0.03391501567739412,0.0311773596567122,0.040434871223153125,0.10050596205124329,0.03391501567739412,0.02637834552686209,0.06947210911082893,0.019380008958510924,0.028776376938395014,0.011042098127523665,0.02158228270379626,0.003951760257868523,0.006126583477206679,0.011723709123049817,0.012661605852893804,0.45995043681884834,0.04020238482049731
749,0.12281908236162599,0.09219298699933771,0.012920426995447916,0.03522017803017217,0.02348011868678144,0.06543379572008322,0.007082312835308658,0.046581426917032306,0.029214540445648224,0.06426137745855973,0.05779721522900046,0.024993862356824683,0.017076449954022865,0.09392047474712573,0.07424093812539505,0.11224008225194748,0.054075424854405744,0.011049467617308913,0.021246938505925978,0.03415289990804573
750,0.05052347960312468,0.06870638022952395,0.009503294657925111,0.009883426444242114,0.04206574866594884,0.0314671497528172,0.0253385232052145,0.11825428546931009,0.056710028125956255,0.051343652991956014,0.11451063371587322,0.08821559930704306,0.0038013178631700435,0.009883426444242114,0.01087589580497791,0.0029736730705990466,0.09020490048333482,0.17615240368785126,0.011231166413911493,0.028355014062978134
751,0.018992963612295848,0.08230284231994865,0.02046416326228198,0.012790102038926235,0.06584227385595894,0.003234818260184455,0.1646056846398973,0.020575710579987163,0.06777881132231066,0.026152614381094164,0.09406039122279848,0.015741664047909214,0.02353264296312925,0.0017679081782492518,0.0982690452367171,0.061248626842752514,0.13805638066572035,0.040039220588083145,0.02259671136310226,0.02194742461865297
752,0.09245837530037762,0.023213362608969498,0.05074593820796285,0.17894960627493156,0.012807372473914202,0.05480020854768965,0.05975554172260487,0.017686371511595803,0.020352339227071168,0.004887023707151472,0.018107739915940863,0.01375606673124118,0.0829938079480623,0.11097457748483759,0.004126820019372355,0.08122112467150173,0.10916877814706655,0.006746119284351572,0.009058873213256387,0.048189953002100695
753,0.059583849344497224,0.06261026648373791,0.026832971350173387,0.025044106593495166,0.026832971350173387,0.009391539972560686,0.009632348689805831,0.019598753831591657,0.025044106593495166,0.006590554366709253,0.04695769986280343,0.025129624366191133,0.2567643464602302,0.0698316607768493,0.007087954696272216,0.07732411791046277,0.18178595093277328,0.015026463956097096,0.026832971350173387,0.022097741111907494
754,0.22116964297105765,0.10638210548904023,0.012428287556259585,0.025728450167851774,0.03562400792471784,0.1547997226182599,0.0231556051510666,0.028944506438833253,0.03307943593009514,0.01029138006714071,0.03859267525177767,0.057889012877666506,0.007707284793588416,0.028944506438833253,0.008269858982523784,0.10062839585142265,0.003940306252482628,0.023726026488659343,0.027241888413019527,0.05145690033570355
755,0.1967735518781687,0.13801589779384976,0.023868343079239653,0.015074742997414521,0.011016158344264457,0.13326224638234424,0.011456804678035034,0.0159122287194931,0.012453048563081558,0.004475314327357434,0.008679397483359873,0.013639053188136945,0.009547337231695862,0.011934171539619828,0.02074142831996352,0.1891524554481639,0.13725057516658132,0.012477325015143757,0.006941379202770323,0.027328540641316196
756,0.02996559783976398,0.04439347828113182,0.024842359079459312,0.03312314543927908,0.0068872705430321505,0.058469459199539456,0.049780555948295405,0.021026128693285677,0.04140393179909886,0.23851790246125565,0.0998853261325466,0.03105294884932414,0.06412182539744629,0.022583962799508465,0.014611410594888357,0.12208206527311247,0.015526474424662066,0.02614985166258875,0.024842359079459312,0.030733946502322026
757,0.25019746806781706,0.02746887842818715,0.02746887842818715,0.018960082226413665,0.016835764197921155,0.2289052011469374,0.02007341115905984,0.03261929313347224,0.03261929313347224,0.007675127796111114,0.028994927229753102,0.026095434506777794,0.005992903480852196,0.018639596076269853,0.00714943411144597,0.1431765316509573,0.02327542243922608,0.004986150722210182,0.020876347605422233,0.057989854459506204
758,0.013203090907688982,0.03011955113316549,0.03323536676763089,0.1591090663154602,0.05072766506638398,0.010363716518938663,0.02190512809684763,0.02350794234783648,0.4448795781994571,0.010363716518938663,0.028347812831214576,0.0178486228937277,0.009542828081795006,0.039867483325690845,0.008445928536483292,0.010591490508365886,0.015277511968095661,0.0163360277332423,0.02190512809684763,0.03442234415218913
759,0.015023332084289279,0.03033164118303876,0.02573593797348744,0.0369254762228298,0.020221094122025846,0.013270093017579462,0.01930195348011558,0.02573593797348744,0.05308037207031785,0.054376356512904324,0.03538691471354522,0.05123187228947329,0.03715034515855728,0.02739632106855115,0.009875418059594018,0.4127447557258645,0.06207331080996884,0.0184627381114149,0.031455035300929086,0.020221094122025846
760,0.011828647368996319,0.1961546778432398,0.030316034102219284,0.034121098179797076,0.013767281056157052,0.009857206140830268,0.10746746790065274,0.0173950696602887,0.023976987910127676,0.0060350241678552635,0.024643015352075665,0.01848226151405675,0.005994246977531919,0.017060549089898538,0.006523151122608263,0.0065672005463177285,0.00896109649166388,0.013648439271918831,0.016428676901383776,0.43077186840238046
761,0.353892325993838,0.020707684088073736,0.017677291294697094,0.02132448747935001,0.016105976512946235,0.2794449651086659,0.02264902947133065,0.02415896476941936,0.012942302555046086,0.006710823547060934,0.013421647094121865,0.014791202920052671,0.005702876010537296,0.015420615810267678,0.007247689430825808,0.04567848239310142,0.03178892154229312,0.05800433465459048,0.014211155746717271,0.01811922357706452
762,0.008134987285795753,0.15670980419488822,0.028686534113069234,0.013208078162958183,0.024774734006741607,0.007899190552874137,0.18276856698827754,0.017032629629634855,0.039729664227242605,0.06597875049820964,0.012387367003370802,0.03761035300677317,0.004210679294732087,0.2658808566209198,0.07069919837787117,0.005141925925927504,0.007786344973547364,0.013293759710934522,0.025954483245157874,0.012112092181073675
763,0.039848725996622716,0.0456449043234042,0.02598114476366456,0.01807383983559274,0.009237740360414066,0.008483639106502714,0.3533253705033881,0.06073250373859887,0.01181714919509618,0.0421192177982862,0.20197142176937335,0.024452842130507822,0.008844645025928362,0.027894108197635905,0.011788973656637286,0.008844645025928362,0.005288256099041163,0.01715783734853348,0.011547175450517581,0.06694585967432616
764,0.01895256793639931,0.023574157969831266,0.10559287850279613,0.032136963022590136,0.03519762616759871,0.03446877379584836,0.038902639448398585,0.032136963022590136,0.067195468138143,0.009820545598428602,0.02639821962569904,0.05279643925139808,0.01539896144832444,0.032136963022590136,0.0022950447031915844,0.01673151232794437,0.01802805242730666,0.011371540761839586,0.3596692146909389,0.067195468138143
765,0.027015447839964984,0.07459947528535786,0.014147090873094025,0.01830946264422445,0.0323362077099292,0.00771659502168765,0.08836039218075134,0.0323362077099292,0.042990179664873576,0.041539373199841925,0.027162414476340525,0.03315532234904794,0.0035056678037057427,0.33108414653114765,0.0021496777215914906,0.09946596704714379,0.06252146500106182,0.00970086231297876,0.0154331900433753,0.03647085458395273
766,0.006277124011486983,0.05841643624013159,0.013992755608939733,0.016381762664124565,0.05397908108875807,0.006924250198238218,0.009389835529626526,0.025537691747744083,0.02686609076916428,0.32480353346374585,0.23415254859586085,0.012916389792867446,0.031385828015872565,0.013433045384582143,0.004288474251882709,0.004664251869646577,0.03535013314531329,0.0956516935040697,0.012916389792867446,0.012672684325077493
767,0.001044769968286395,0.005793724369588191,0.003983185504091881,0.0024511910794411578,0.11047615564220403,0.0008497462408729346,0.6338679998459139,0.00897450059580976,0.004248731204364672,0.03054151711860365,0.16342415624993112,0.0028968621847940954,0.0030711717998778056,0.0015544138552553682,0.001177065141527988,0.0011802031123235202,0.0016771307385650028,0.011815059663906094,0.0020558376795312932,0.008916578005111335
768,0.01236771025733107,0.35420888000991285,0.026411115210379137,0.01607802333453039,0.011909646914466956,0.011484302381807423,0.25155696910307945,0.03215604666906077,0.009744256566382056,0.008462117544489679,0.022968604763614845,0.01607802333453039,0.0038281007939358074,0.01607802333453039,0.007842938211966044,0.008039011667265195,0.010372918280342187,0.009187441905445938,0.01607802333453039,0.15514784638239906
769,0.010622921853260683,0.032454252080436494,0.021245843706521363,0.0559101150171615,0.5085307435905506,0.01634295669732413,0.01634295669732413,0.02039425037362783,0.017133744924614003,0.052606681267078556,0.021245843706521363,0.02414300421195609,0.007424057011506917,0.024704469426187634,0.009570199867802416,0.09101978523445181,0.009150762941705543,0.012023502641990674,0.02590956549575776,0.02322434325422054
770,0.02567062247947869,0.03357372401455656,0.019839018735874323,0.048495379132137244,0.03010058015098174,0.03050711656981526,0.4224158472006066,0.024247689566068622,0.019398151652854894,0.0054809612958703225,0.024940480696527722,0.014599624720291582,0.003724822227351994,0.015004852367503967,0.08018596149025409,0.06891339725145769,0.006714744802911309,0.01781462906894837,0.03010058015098174,0.07827181642552747
771,0.014237778316735556,0.040237199590774396,0.030848519686260366,0.026441588302508888,0.04406931383751482,0.12147653366370521,0.0289204872058691,0.031625433446208606,0.0097599273996782,0.008569033246183438,0.03427613298473375,0.01652599268906806,0.01652599268906806,0.037018223623512446,0.44671746470418633,0.010926098378398953,0.010506073855012139,0.01595613087220364,0.0289204872058691,0.026441588302508888
772,0.015146836717346486,0.034711500810585695,0.033323040778162276,0.0287267592915192,0.02776920064846856,0.08348814456623309,0.025244727862244142,0.030557611695651184,0.08441748852767782,0.010037060475350083,0.0287267592915192,0.019835143320334685,0.009917571660167343,0.02776920064846856,0.4037957851520787,0.008610621732991637,0.010284889129062431,0.023802171984401623,0.06408277072723513,0.02975271498050203
