site,A,C,D,E,F,G,H,I,K,L,M,N,P,Q,R,S,T,V,W,Y
677,0.24150,0.01749,0.00410,0.00506,0.00581,0.42159,0.00567,0.00524,0.01540,0.00167,0.00569,0.00521,0.00278,0.00817,0.00702,0.21559,0.02145,0.00103,0.00377,0.00577
678,0.05391,0.02270,0.07545,0.06629,0.03915,0.10410,0.07141,0.00735,0.01510,0.01931,0.05629,0.15622,0.00082,0.03346,0.00879,0.07147,0.07855,0.05257,0.03049,0.03658
679,0.51091,0.00847,0.01486,0.00938,0.01607,0.00251,0.01635,0.01963,0.01481,0.00465,0.01386,0.01739,0.00655,0.01508,0.00386,0.29212,0.00669,0.00264,0.00928,0.01488
680,0.00716,0.01210,0.01594,0.01622,0.00453,0.00478,0.01834,0.11938,0.02037,0.63691,0.01478,0.01494,0.02223,0.01575,0.00402,0.00408,0.00896,0.03200,0.01299,0.01451
681,0.05577,0.03160,0.00470,0.00380,0.00893,0.01599,0.05621,0.03087,0.13075,0.00327,0.00570,0.04142,0.00230,0.08473,0.22360,0.05834,0.10013,0.04920,0.00708,0.08563
682,0.00433,0.00651,0.00622,0.00973,0.71383,0.00308,0.01220,0.00674,0.01156,0.06806,0.01149,0.00907,0.00622,0.01401,0.00298,0.02305,0.00454,0.00271,0.06168,0.02200
683,0.00422,0.00685,0.01097,0.00711,0.00671,0.00273,0.01430,0.09933,0.00986,0.55566,0.13576,0.01416,0.00746,0.00942,0.00271,0.07653,0.00654,0.01553,0.00465,0.00950
684,0.00513,0.01107,0.24123,0.00922,0.01505,0.00357,0.02310,0.01632,0.00966,0.00367,0.00953,0.53915,0.00617,0.01093,0.00392,0.05741,0.00741,0.00385,0.00740,0.01620
685,0.00575,0.01128,0.77086,0.02446,0.01301,0.00159,0.01602,0.01548,0.01482,0.00470,0.01048,0.04248,0.00820,0.01494,0.00433,0.00467,0.00708,0.00599,0.01005,0.01381
686,0.00684,0.01229,0.01622,0.01075,0.01435,0.00352,0.01970,0.09906,0.01422,0.01355,0.60180,0.01617,0.00905,0.01245,0.00754,0.00489,0.00266,0.11027,0.00764,0.01702
687,0.08935,0.01232,0.01244,0.01990,0.01662,0.63624,0.01833,0.01867,0.01518,0.00426,0.01671,0.02227,0.00689,0.01452,0.01385,0.04510,0.00798,0.00505,0.00840,0.01592
688,0.00691,0.01323,0.01498,0.02718,0.02010,0.00395,0.01809,0.03015,0.69050,0.00455,0.01484,0.03074,0.00929,0.03882,0.02206,0.00620,0.01336,0.00588,0.00892,0.02025
689,0.02589,0.01951,0.00263,0.00247,0.00310,0.00070,0.00501,0.05260,0.00360,0.01240,0.00323,0.00465,0.00197,0.00411,0.00091,0.01007,0.64831,0.19291,0.00241,0.00351
690,0.00797,0.01617,0.01841,0.01653,0.01897,0.03441,0.02966,0.02346,0.00779,0.00579,0.02670,0.02625,0.01119,0.02392,0.67962,0.00519,0.01112,0.00594,0.00898,0.02191
691,0.00546,0.01275,0.01423,0.14559,0.01362,0.00307,0.01480,0.02021,0.53418,0.00398,0.00988,0.05051,0.00617,0.03538,0.09205,0.00468,0.00782,0.00408,0.00635,0.01518
692,0.04174,0.00846,0.41039,0.04735,0.03991,0.15189,0.05749,0.00962,0.01006,0.00420,0.00829,0.08611,0.00567,0.02141,0.00225,0.02038,0.01213,0.00250,0.03869,0.02146
693,0.02705,0.13250,0.00291,0.00693,0.00579,0.00077,0.08649,0.13630,0.02336,0.11302,0.04945,0.01561,0.00190,0.06327,0.01378,0.03608,0.09979,0.17886,0.00282,0.00332
694,0.09855,0.06186,0.01999,0.01585,0.00889,0.23252,0.03286,0.00597,0.00410,0.07778,0.12916,0.05484,0.04533,0.17665,0.00053,0.01317,0.00573,0.00347,0.00389,0.00885
695,0.00653,0.02094,0.01616,0.69136,0.03633,0.00153,0.03210,0.03444,0.01105,0.00508,0.01555,0.03408,0.01018,0.01615,0.00546,0.00720,0.00988,0.00525,0.01072,0.03002
696,0.00703,0.01200,0.01709,0.01099,0.01774,0.00652,0.02895,0.02517,0.02050,0.00442,0.01589,0.03262,0.01118,0.01864,0.02554,0.00727,0.01159,0.00593,0.70197,0.01896
697,0.10913,0.09687,0.00542,0.01836,0.02595,0.06979,0.11106,0.00415,0.09974,0.02738,0.03875,0.07863,0.00241,0.03776,0.04920,0.09519,0.02875,0.01375,0.00831,0.07939
698,0.18660,0.03786,0.04014,0.13005,0.00490,0.03291,0.03004,0.00561,0.01792,0.00111,0.02094,0.03072,0.25013,0.11409,0.00676,0.07752,0.00199,0.00367,0.00308,0.00397
699,0.02551,0.01448,0.01541,0.00768,0.01928,0.00489,0.02448,0.03285,0.01464,0.00320,0.01467,0.02583,0.07472,0.01816,0.00416,0.64464,0.02416,0.00544,0.00842,0.01739
700,0.05223,0.06495,0.00205,0.00227,0.03919,0.01960,0.06964,0.07363,0.02710,0.08213,0.06764,0.07830,0.05730,0.09540,0.02522,0.03199,0.06989,0.09048,0.01166,0.03932
701,0.06637,0.01607,0.02091,0.00506,0.01785,0.65225,0.02011,0.02063,0.01671,0.00582,0.01458,0.01800,0.01218,0.01875,0.01219,0.02721,0.00971,0.01329,0.01217,0.02013
702,0.00432,0.03692,0.00434,0.00378,0.17756,0.00362,0.05805,0.07109,0.00534,0.04443,0.06606,0.00516,0.00221,0.01001,0.00837,0.00510,0.01247,0.06512,0.17631,0.23977
703,0.04435,0.06306,0.07971,0.04519,0.05070,0.03550,0.07774,0.06361,0.00165,0.04915,0.04643,0.06026,0.01546,0.10011,0.02826,0.04965,0.05231,0.04980,0.02435,0.06269
704,0.01743,0.02588,0.13942,0.03507,0.02330,0.00896,0.07112,0.01030,0.00388,0.00639,0.00394,0.28263,0.00366,0.05870,0.01120,0.22652,0.02551,0.00698,0.01832,0.02078
705,0.00628,0.01122,0.01555,0.00850,0.01467,0.00454,0.02731,0.01747,0.01409,0.00407,0.01076,0.02555,0.01093,0.01413,0.02898,0.00460,0.01026,0.00455,0.74962,0.01692
706,0.01687,0.02251,0.07130,0.56047,0.02287,0.05154,0.03404,0.02555,0.00734,0.00714,0.01679,0.02611,0.01131,0.04078,0.00543,0.00923,0.01743,0.00621,0.02383,0.02326
707,0.04354,0.02159,0.15681,0.39545,0.02238,0.05403,0.03600,0.02028,0.03316,0.00571,0.01880,0.04545,0.00787,0.02345,0.00506,0.03104,0.01992,0.01524,0.02213,0.02208
708,0.04721,0.01190,0.02390,0.01467,0.01348,0.00347,0.02435,0.08932,0.02356,0.00717,0.02134,0.01673,0.00965,0.03190,0.00678,0.00527,0.04130,0.58013,0.01299,0.01489
709,0.02489,0.01586,0.02050,0.04256,0.03407,0.00986,0.01649,0.03131,0.01125,0.02501,0.05053,0.03382,0.58657,0.00677,0.00306,0.00464,0.01241,0.02907,0.00899,0.03234
710,0.00577,0.04492,0.01281,0.00989,0.59411,0.00295,0.02468,0.04909,0.01804,0.00191,0.01799,0.02345,0.01064,0.01759,0.00488,0.07466,0.00901,0.00484,0.02186,0.05091
711,0.00756,0.60740,0.03305,0.01378,0.02773,0.00678,0.03052,0.04483,0.02240,0.00731,0.02151,0.05141,0.00956,0.02833,0.02325,0.01620,0.01490,0.00794,0.00812,0.01742
712,0.00831,0.02080,0.01898,0.01279,0.00970,0.00685,0.01920,0.03040,0.02507,0.00762,0.02774,0.02483,0.03979,0.02132,0.00571,0.64338,0.03125,0.00832,0.01708,0.02086
713,0.00628,0.01780,0.01384,0.01120,0.02836,0.00319,0.54790,0.03048,0.01301,0.00541,0.01837,0.21975,0.01063,0.02015,0.00963,0.00607,0.01086,0.00675,0.00958,0.01072
714,0.01147,0.02353,0.01891,0.01946,0.04060,0.00779,0.55695,0.03539,0.02320,0.00779,0.02465,0.03629,0.00919,0.01806,0.02084,0.01392,0.01419,0.01153,0.03218,0.07406
715,0.00520,0.03081,0.01611,0.01233,0.46891,0.00307,0.02321,0.01612,0.02073,0.04025,0.01755,0.02166,0.00685,0.01874,0.00405,0.01154,0.01022,0.00591,0.05775,0.20898
716,0.05555,0.03332,0.01800,0.01711,0.01232,0.02382,0.17204,0.02328,0.01413,0.00505,0.02192,0.39863,0.00571,0.06115,0.00419,0.08516,0.01644,0.00971,0.01062,0.01184
717,0.01910,0.02931,0.00435,0.03457,0.00602,0.00085,0.03914,0.01194,0.22145,0.12190,0.13365,0.01612,0.00243,0.12708,0.08578,0.03375,0.06904,0.01508,0.00665,0.02180
718,0.04260,0.15323,0.00808,0.00476,0.01084,0.00163,0.00563,0.17671,0.00551,0.27716,0.07034,0.00805,0.02830,0.00475,0.00659,0.00235,0.00717,0.17326,0.00465,0.00838
719,0.00554,0.01214,0.00996,0.00973,0.26021,0.00298,0.08292,0.02141,0.01362,0.00413,0.01368,0.03512,0.00659,0.01078,0.00351,0.00400,0.00716,0.00936,0.16759,0.31956
720,0.00722,0.01747,0.01646,0.01714,0.11790,0.00640,0.01058,0.05800,0.03283,0.37801,0.20694,0.02093,0.01282,0.01755,0.01323,0.00536,0.00854,0.00838,0.01819,0.02605
721,0.00857,0.01928,0.02715,0.04888,0.02990,0.01821,0.05770,0.03983,0.38376,0.00770,0.02115,0.02467,0.00979,0.02691,0.14688,0.04585,0.03308,0.00846,0.01791,0.02434
722,0.00863,0.02530,0.49280,0.01275,0.02857,0.14222,0.02640,0.02948,0.02648,0.01018,0.03844,0.01827,0.01092,0.02857,0.00704,0.00823,0.01382,0.01051,0.01881,0.04258
723,0.01573,0.01353,0.01396,0.11701,0.01817,0.54981,0.04705,0.01598,0.02610,0.00918,0.02554,0.01442,0.01304,0.03310,0.00443,0.01948,0.01058,0.00618,0.03210,0.01461
724,0.00693,0.01610,0.01857,0.01406,0.02866,0.10173,0.01337,0.03862,0.00634,0.00619,0.01695,0.01889,0.00577,0.01912,0.62044,0.01598,0.01052,0.00818,0.01371,0.01989
725,0.05963,0.06665,0.04041,0.06029,0.08659,0.09670,0.05276,0.00538,0.02609,0.00294,0.03341,0.05500,0.02146,0.03985,0.02545,0.10471,0.05147,0.01468,0.11343,0.04309
726,0.00316,0.00916,0.00933,0.00777,0.00668,0.00307,0.00688,0.23394,0.01497,0.29669,0.14905,0.00928,0.00243,0.00718,0.00271,0.00499,0.03590,0.18103,0.00831,0.00747
727,0.02077,0.18663,0.01025,0.02170,0.01655,0.00314,0.01372,0.11853,0.01372,0.00348,0.04057,0.01866,0.00391,0.00917,0.00371,0.00403,0.10177,0.38702,0.00880,0.01387
728,0.17664,0.07206,0.02116,0.01341,0.01176,0.00319,0.01065,0.12679,0.02041,0.00462,0.02557,0.01265,0.00413,0.02144,0.00786,0.00687,0.00823,0.41593,0.02262,0.01403
729,0.04426,0.02270,0.02631,0.01869,0.03379,0.00884,0.01561,0.02318,0.02035,0.03249,0.02050,0.02370,0.59861,0.01434,0.00540,0.02368,0.01120,0.00954,0.02283,0.02398
730,0.00863,0.64423,0.02657,0.02718,0.02560,0.00626,0.02012,0.02478,0.03028,0.00915,0.02720,0.02384,0.00987,0.02814,0.00634,0.02171,0.01407,0.00938,0.02224,0.01441
731,0.00638,0.02576,0.05914,0.01612,0.02299,0.00476,0.02396,0.02356,0.05275,0.00481,0.01752,0.05766,0.01993,0.01950,0.57023,0.00561,0.01066,0.00632,0.01172,0.04061
732,0.07629,0.03197,0.10157,0.10962,0.04106,0.09110,0.06988,0.01062,0.02257,0.04956,0.04465,0.01655,0.04995,0.16326,0.00961,0.03395,0.02089,0.01993,0.01380,0.02315
733,0.02676,0.02760,0.01746,0.06205,0.01984,0.00835,0.01462,0.01959,0.02065,0.01167,0.01445,0.01995,0.01199,0.42427,0.06284,0.15937,0.03589,0.00828,0.01589,0.01849
734,0.01668,0.01203,0.51837,0.19367,0.00900,0.08486,0.00754,0.01030,0.01299,0.00308,0.01032,0.06749,0.00371,0.00935,0.00344,0.00387,0.00481,0.00398,0.01017,0.01434
735,0.01552,0.01792,0.02650,0.69786,0.01807,0.03894,0.01458,0.01604,0.00814,0.00637,0.01974,0.01725,0.00730,0.02662,0.00787,0.00604,0.00874,0.00624,0.02156,0.01868
736,0.12825,0.14275,0.00896,0.00729,0.01052,0.00227,0.00617,0.01612,0.00652,0.24417,0.09278,0.01914,0.04322,0.05167,0.00302,0.00278,0.03680,0.16436,0.00549,0.00771
737,0.00947,0.02203,0.02504,0.03285,0.06765,0.00705,0.03209,0.42760,0.02064,0.10037,0.02424,0.02628,0.01021,0.02346,0.00653,0.01174,0.06903,0.03534,0.02138,0.02700
738,0.01219,0.01552,0.00687,0.02356,0.03084,0.65015,0.02606,0.02582,0.02447,0.00967,0.03094,0.02503,0.01129,0.02817,0.00691,0.00528,0.01276,0.00811,0.01790,0.02847
739,0.01786,0.02593,0.04782,0.03539,0.04892,0.01334,0.02289,0.04119,0.02948,0.00639,0.03518,0.04758,0.00582,0.01505,0.50011,0.01006,0.01228,0.01886,0.02058,0.04528
740,0.49269,0.08220,0.02542,0.01021,0.02073,0.04743,0.01615,0.02626,0.02388,0.00703,0.01897,0.01703,0.00442,0.01758,0.00439,0.13659,0.00640,0.01582,0.01178,0.01501
741,0.00670,0.00647,0.02013,0.01675,0.02860,0.00573,0.08256,0.02809,0.02455,0.00654,0.02235,0.01967,0.00546,0.01972,0.64603,0.00537,0.00936,0.00780,0.01535,0.02279
742,0.01234,0.44187,0.00846,0.00964,0.00605,0.00440,0.00604,0.02831,0.01008,0.00237,0.01434,0.00883,0.00354,0.00856,0.00246,0.00248,0.01088,0.40427,0.00806,0.00701
743,0.06079,0.03742,0.01415,0.01525,0.02035,0.00550,0.02208,0.01302,0.01598,0.04315,0.04713,0.04827,0.05514,0.01692,0.00484,0.50652,0.03310,0.00507,0.01190,0.02341
744,0.01092,0.03107,0.02981,0.03040,0.02267,0.01234,0.01191,0.02596,0.03088,0.03176,0.02356,0.02996,0.60363,0.01485,0.00907,0.00573,0.01243,0.01227,0.02525,0.02555
745,0.00804,0.02007,0.04690,0.10280,0.02608,0.51366,0.02702,0.02341,0.02235,0.00538,0.02454,0.02812,0.00790,0.02438,0.01248,0.00963,0.04285,0.00656,0.01452,0.03332
746,0.10043,0.06513,0.00399,0.00558,0.03871,0.02188,0.07013,0.01125,0.05914,0.02487,0.08855,0.10821,0.00325,0.00705,0.12237,0.10796,0.05554,0.06075,0.00620,0.03901
747,0.00373,0.00833,0.01081,0.00693,0.01082,0.44912,0.04323,0.02140,0.02152,0.02804,0.03870,0.24163,0.00614,0.05608,0.00731,0.00316,0.01514,0.00745,0.01066,0.00982
748,0.00625,0.00804,0.01292,0.01497,0.03610,0.01201,0.09690,0.04519,0.01935,0.04191,0.01380,0.01483,0.00603,0.01116,0.00737,0.00375,0.00701,0.01086,0.55891,0.07264
749,0.11531,0.06632,0.00461,0.01939,0.00913,0.05897,0.00454,0.01414,0.20389,0.03950,0.03881,0.04523,0.02849,0.10855,0.06784,0.09154,0.04474,0.01970,0.00735,0.01195
750,0.05632,0.10590,0.00536,0.00634,0.01786,0.02006,0.05833,0.12848,0.04295,0.06541,0.04356,0.06814,0.00146,0.00900,0.01770,0.01804,0.14447,0.16741,0.00686,0.01635
751,0.04895,0.07455,0.00845,0.00928,0.06547,0.02606,0.09549,0.02739,0.09285,0.04783,0.11017,0.03588,0.02201,0.02113,0.10387,0.05182,0.08809,0.04489,0.01162,0.01421
752,0.07429,0.00788,0.08658,0.19175,0.00649,0.05430,0.04254,0.01227,0.00847,0.00243,0.02092,0.00812,0.04556,0.09543,0.00259,0.09089,0.08040,0.00662,0.00664,0.15582
753,0.03248,0.03829,0.01762,0.01513,0.01417,0.00571,0.00889,0.01527,0.01528,0.00578,0.03385,0.07912,0.25557,0.04635,0.00379,0.10878,0.22946,0.04769,0.01330,0.01346
754,0.26422,0.16405,0.01319,0.01847,0.01745,0.12831,0.01213,0.01638,0.02267,0.00613,0.01654,0.02087,0.00459,0.01682,0.00572,0.20732,0.02064,0.00259,0.01792,0.02400
755,0.17597,0.15821,0.00939,0.00615,0.00747,0.19355,0.00628,0.00688,0.00623,0.00228,0.02404,0.00751,0.01913,0.00733,0.00903,0.22626,0.08078,0.03774,0.01218,0.00360
756,0.04172,0.13947,0.01632,0.01589,0.00357,0.03098,0.01455,0.01321,0.01842,0.24940,0.09582,0.02155,0.03422,0.01222,0.00917,0.04890,0.01226,0.03424,0.01384,0.17425
757,0.29270,0.01307,0.01421,0.01259,0.01274,0.29201,0.01016,0.01375,0.02224,0.00475,0.01552,0.01318,0.00292,0.01647,0.00372,0.20605,0.02137,0.00264,0.01134,0.01858
758,0.00843,0.02019,0.02148,0.08088,0.02697,0.00828,0.01586,0.01950,0.60038,0.00664,0.02021,0.01018,0.00672,0.01694,0.06976,0.00649,0.01778,0.01068,0.01430,0.01834
759,0.01214,0.01668,0.01676,0.02376,0.01701,0.01014,0.01278,0.01756,0.02783,0.00350,0.01657,0.10872,0.03445,0.01775,0.00575,0.54335,0.07097,0.00981,0.02084,0.01362
760,0.00716,0.09740,0.01633,0.01989,0.01206,0.00700,0.08575,0.01111,0.01771,0.00417,0.01515,0.01276,0.00450,0.01403,0.00464,0.00655,0.00599,0.00802,0.01309,0.63668
761,0.43432,0.01078,0.00872,0.01765,0.00954,0.30299,0.00975,0.01449,0.00880,0.00384,0.00818,0.00789,0.00342,0.01189,0.00366,0.06851,0.04992,0.00623,0.01039,0.00904
762,0.00377,0.10542,0.01136,0.00864,0.01069,0.00435,0.22271,0.00847,0.03875,0.08596,0.02904,0.07957,0.00210,0.27956,0.06591,0.00300,0.01738,0.00533,0.01072,0.00726
763,0.02181,0.06817,0.01216,0.01836,0.00993,0.00532,0.24531,0.02165,0.00888,0.03766,0.25468,0.01173,0.00518,0.02895,0.00486,0.00856,0.04862,0.00451,0.00797,0.17569
764,0.01376,0.01466,0.04255,0.02542,0.03078,0.04662,0.02198,0.02850,0.03344,0.00749,0.02601,0.03498,0.00996,0.02391,0.01620,0.01022,0.01360,0.01005,0.55713,0.03273
765,0.02631,0.04047,0.01007,0.00812,0.01712,0.00438,0.13394,0.01504,0.04109,0.01989,0.08678,0.02143,0.00190,0.35672,0.04966,0.07903,0.04441,0.01411,0.01131,0.01822
766,0.00334,0.02887,0.00887,0.01010,0.00467,0.00399,0.00483,0.06426,0.01410,0.37901,0.18623,0.00811,0.00830,0.01512,0.00251,0.00262,0.03540,0.20358,0.00752,0.00858
767,0.00132,0.00551,0.00318,0.00298,0.29974,0.00121,0.23903,0.03654,0.00335,0.06744,0.25201,0.03138,0.00263,0.00233,0.00104,0.00111,0.00145,0.00943,0.00242,0.03592
768,0.00879,0.37066,0.02273,0.01941,0.03147,0.00902,0.04661,0.04789,0.01380,0.00572,0.01178,0.02018,0.00286,0.01560,0.00770,0.00753,0.01164,0.00798,0.01893,0.31971
769,0.00707,0.03079,0.01559,0.02666,0.71188,0.01017,0.01091,0.01382,0.01723,0.04858,0.01605,0.01353,0.00623,0.01553,0.00569,0.00604,0.00552,0.00841,0.01851,0.01180
770,0.05286,0.01843,0.01417,0.02336,0.01650,0.03018,0.54812,0.01292,0.01101,0.00338,0.01466,0.00834,0.00266,0.01875,0.05762,0.11008,0.00443,0.00978,0.02026,0.02248
771,0.00841,0.02248,0.01449,0.01685,0.01927,0.10627,0.01505,0.02464,0.14223,0.00519,0.01524,0.01227,0.00802,0.01899,0.52003,0.00534,0.00626,0.00900,0.01559,0.01437
772,0.01039,0.02198,0.02470,0.02378,0.02502,0.07995,0.01908,0.01695,0.02372,0.00701,0.02151,0.02149,0.00670,0.01796,0.56408,0.03840,0.00904,0.01621,0.03015,0.02189
773,0.03156,0.03508,0.58133,0.02442,0.02687,0.00141,0.02365,0.02452,0.02350,0.01294,0.02847,0.00620,0.00758,0.02848,0.01363,0.00780,0.01057,0.02765,0.06993,0.01440
774,0.00634,0.02658,0.01386,0.01625,0.02070,0.00805,0.01092,0.06987,0.01127,0.44115,0.11990,0.01355,0.07793,0.00901,0.00699,0.00514,0.00513,0.10930,0.01524,0.01282
775,0.00939,0.02458,0.01754,0.02477,0.02687,0.01427,0.01411,0.02121,0.01899,0.00603,0.01831,0.01182,0.00956,0.00650,0.70021,0.00751,0.00746,0.01468,0.02570,0.02051
776,0.01046,0.01843,0.01953,0.02182,0.01844,0.01040,0.00988,0.06938,0.01920,0.38071,0.07768,0.01773,0.03024,0.00731,0.01366,0.02665,0.09042,0.11853,0.02327,0.01626
777,0.03855,0.05432,0.01613,0.01641,0.01205,0.00789,0.00908,0.12846,0.01146,0.31723,0.30318,0.00776,0.00237,0.00819,0.00511,0.00310,0.01811,0.01150,0.01876,0.01033
778,0.33394,0.01230,0.02192,0.01834,0.01782,0.21649,0.00621,0.01427,0.01511,0.00388,0.02216,0.00868,0.00299,0.01049,0.00445,0.21227,0.03534,0.01226,0.01988,0.01120
779,0.01319,0.04820,0.03142,0.03936,0.06120,0.01636,0.02633,0.02291,0.01329,0.01078,0.02548,0.49310,0.00851,0.02583,0.01050,0.02796,0.03673,0.02038,0.04936,0.01911
780,0.57986,0.01216,0.01044,0.01721,0.01288,0.04846,0.00820,0.01109,0.01503,0.00375,0.01626,0.00958,0.00223,0.01285,0.00385,0.18849,0.01738,0.00293,0.01550,0.01183
781,0.00905,0.00773,0.02559,0.03134,0.00607,0.00631,0.00765,0.26923,0.00901,0.06846,0.05762,0.00816,0.00199,0.01153,0.00340,0.00517,0.04530,0.40736,0.00937,0.00966
782,0.06861,0.15429,0.00844,0.04252,0.01612,0.03148,0.00432,0.01973,0.01716,0.02738,0.18843,0.19112,0.00091,0.05364,0.01218,0.04232,0.09382,0.01761,0.00882,0.00111
783,0.08930,0.02617,0.01392,0.01708,0.05440,0.09938,0.00927,0.02039,0.01807,0.00791,0.03319,0.01592,0.00092,0.01118,0.00443,0.39188,0.13824,0.01088,0.02203,0.01544
784,0.32558,0.04610,0.00825,0.01021,0.03002,0.08691,0.00614,0.01242,0.01788,0.00317,0.01352,0.00975,0.00242,0.00999,0.00367,0.18028,0.11521,0.09609,0.01001,0.01237
785,0.01214,0.19580,0.00764,0.00691,0.05011,0.00128,0.01316,0.05673,0.00413,0.05585,0.04852,0.00995,0.00285,0.00481,0.00167,0.00331,0.19793,0.31496,0.00305,0.00922
786,0.00225,0.00134,0.00153,0.00163,0.00191,0.00057,0.00094,0.00189,0.00205,0.00418,0.00254,0.00166,0.96281,0.00138,0.00054,0.00737,0.00093,0.00147,0.00143,0.00157
787,0.04037,0.05508,0.07244,0.03649,0.02513,0.04358,0.09001,0.06177,0.03770,0.05175,0.06791,0.03251,0.01595,0.08116,0.06225,0.07854,0.03779,0.05509,0.01356,0.04092
788,0.07716,0.00832,0.04549,0.01250,0.00630,0.43049,0.02876,0.00417,0.02230,0.00671,0.00770,0.04249,0.00875,0.11522,0.01891,0.04098,0.07508,0.00348,0.03423,0.01095
789,0.01503,0.00395,0.09751,0.04809,0.10375,0.05895,0.05315,0.02837,0.04806,0.00473,0.06839,0.05998,0.00763,0.02315,0.05138,0.00953,0.01042,0.03059,0.14246,0.13489
