site,A,C,D,E,F,G,H,I,K,L,M,N,P,Q,R,S,T,V,W,Y
677,0.23018,0.01336,0.00613,0.00699,0.00871,0.42355,0.00852,0.00782,0.01402,0.00250,0.00716,0.00782,0.00442,0.00935,0.00469,0.20899,0.01872,0.00280,0.00565,0.00863
678,0.05027,0.04664,0.09270,0.06693,0.03534,0.10800,0.06244,0.00913,0.01538,0.01579,0.05119,0.14888,0.00121,0.03406,0.01111,0.06788,0.07450,0.04384,0.02611,0.03859
679,0.46276,0.01185,0.01279,0.01310,0.02243,0.00369,0.02281,0.02730,0.02065,0.00651,0.01933,0.02429,0.00975,0.02108,0.00540,0.26663,0.00649,0.00939,0.01293,0.02081
680,0.00882,0.01490,0.01967,0.01995,0.02694,0.00590,0.01834,0.19515,0.02514,0.47985,0.01907,0.01842,0.03558,0.01942,0.00496,0.00503,0.01105,0.03793,0.01600,0.01788
681,0.05483,0.03418,0.00631,0.00513,0.02142,0.01212,0.06967,0.03137,0.11029,0.00848,0.01426,0.05090,0.00308,0.08880,0.17583,0.05437,0.10125,0.04838,0.03043,0.07890
682,0.00627,0.00809,0.00902,0.01409,0.67187,0.00446,0.01767,0.01793,0.01673,0.05138,0.01665,0.01311,0.00962,0.02031,0.00431,0.03843,0.00658,0.00392,0.04342,0.02612
683,0.00632,0.01028,0.01652,0.01068,0.01009,0.00410,0.02145,0.13563,0.01485,0.53527,0.09835,0.02127,0.01122,0.01416,0.00408,0.04049,0.00984,0.00966,0.01146,0.01427
684,0.00739,0.01599,0.20200,0.01343,0.02185,0.00513,0.03091,0.02364,0.01750,0.00530,0.01378,0.50977,0.00891,0.01567,0.00565,0.04267,0.01648,0.00552,0.01067,0.02773
685,0.00830,0.01569,0.68353,0.02566,0.01813,0.01719,0.02227,0.02158,0.02071,0.00656,0.01460,0.03267,0.01143,0.02083,0.00605,0.00651,0.00985,0.00873,0.01409,0.03563
686,0.01099,0.01845,0.02431,0.01617,0.02158,0.00528,0.02955,0.03849,0.02130,0.01255,0.59508,0.02437,0.01356,0.01861,0.01274,0.00735,0.01552,0.07707,0.01147,0.02557
687,0.06553,0.01767,0.01781,0.01917,0.02373,0.59071,0.02621,0.02680,0.02169,0.00612,0.02388,0.03177,0.00988,0.02083,0.01182,0.03110,0.01140,0.00910,0.01201,0.02277
688,0.00926,0.01781,0.02019,0.02513,0.02725,0.00533,0.02430,0.06244,0.59011,0.00612,0.01990,0.03541,0.01248,0.04497,0.02649,0.00836,0.01735,0.00791,0.01204,0.02714
689,0.02176,0.01942,0.00403,0.00357,0.00449,0.00101,0.00726,0.04875,0.00522,0.02102,0.00468,0.00673,0.00285,0.00595,0.00131,0.01184,0.65003,0.17151,0.00349,0.00509
690,0.01048,0.02127,0.02419,0.02168,0.02490,0.03853,0.03913,0.03084,0.01022,0.00761,0.02318,0.03450,0.01470,0.03148,0.58369,0.01166,0.01828,0.00781,0.01698,0.02887
691,0.00786,0.01832,0.02030,0.10012,0.01954,0.00441,0.02103,0.02911,0.50148,0.00572,0.01422,0.03692,0.00883,0.02900,0.12840,0.00677,0.01121,0.00585,0.00907,0.02184
692,0.03936,0.00999,0.35253,0.06452,0.03916,0.15066,0.05707,0.01373,0.01441,0.00463,0.01373,0.10297,0.00805,0.01734,0.00320,0.02315,0.01295,0.00357,0.04782,0.02117
693,0.02696,0.13054,0.00434,0.00643,0.00624,0.00115,0.07917,0.12696,0.01604,0.11558,0.04717,0.01498,0.00381,0.06429,0.01093,0.03112,0.09142,0.21446,0.00346,0.00496
694,0.09469,0.04672,0.04924,0.05356,0.01324,0.22738,0.02511,0.00982,0.00612,0.06541,0.10676,0.04369,0.05350,0.16294,0.00079,0.01159,0.00589,0.00453,0.00580,0.01320
695,0.00966,0.02698,0.02079,0.57830,0.04687,0.01889,0.04132,0.04434,0.01139,0.00655,0.02004,0.04388,0.01311,0.02080,0.00703,0.00927,0.01271,0.01557,0.01380,0.03870
696,0.00896,0.02215,0.02183,0.01403,0.02262,0.00533,0.03689,0.03213,0.02612,0.00870,0.02026,0.04158,0.01428,0.02377,0.06906,0.00926,0.01478,0.00755,0.57648,0.02422
697,0.10749,0.07646,0.02308,0.03291,0.03763,0.07044,0.10405,0.00816,0.07357,0.02853,0.04141,0.06845,0.00321,0.05017,0.04122,0.10530,0.03839,0.01303,0.01390,0.06260
698,0.17660,0.02864,0.04440,0.14797,0.00805,0.02376,0.03258,0.00921,0.01514,0.00476,0.02016,0.02440,0.27259,0.09171,0.00543,0.07511,0.00327,0.00458,0.00507,0.00655
699,0.02202,0.01924,0.02058,0.01024,0.02576,0.00652,0.03278,0.04368,0.01954,0.01319,0.01943,0.03426,0.07518,0.02411,0.00553,0.55590,0.02870,0.00727,0.01282,0.02325
700,0.05140,0.06047,0.00341,0.00408,0.04265,0.01680,0.06001,0.07196,0.03721,0.07520,0.08000,0.07318,0.06205,0.09340,0.02337,0.02791,0.07435,0.09064,0.01312,0.03880
701,0.03542,0.02213,0.02884,0.00698,0.02474,0.59069,0.02772,0.02851,0.02309,0.00801,0.02008,0.02488,0.01677,0.02585,0.02196,0.01753,0.01340,0.01895,0.01675,0.02771
702,0.00428,0.03635,0.00661,0.00577,0.15768,0.00376,0.07299,0.07912,0.00815,0.04766,0.06452,0.00787,0.00338,0.01044,0.00792,0.00415,0.01118,0.05287,0.16731,0.24799
703,0.05239,0.05508,0.08847,0.06152,0.04414,0.03309,0.08505,0.06081,0.00293,0.05072,0.04926,0.05843,0.01319,0.08670,0.02419,0.04987,0.05105,0.04773,0.02189,0.06348
704,0.01965,0.03848,0.12063,0.02570,0.01875,0.00708,0.04867,0.01138,0.00884,0.00479,0.00619,0.28818,0.00578,0.05256,0.00992,0.26015,0.02857,0.00533,0.01779,0.02156
705,0.00869,0.01389,0.02153,0.01174,0.02029,0.00448,0.03769,0.02420,0.01954,0.00597,0.01486,0.03548,0.01511,0.01963,0.02181,0.00638,0.01415,0.00631,0.67480,0.02346
706,0.01727,0.02995,0.08150,0.48480,0.03046,0.02580,0.04539,0.03443,0.01478,0.00950,0.02231,0.03494,0.01510,0.04554,0.00721,0.00918,0.02462,0.01067,0.02151,0.03502
707,0.02482,0.02890,0.21515,0.33336,0.03004,0.05870,0.03673,0.02720,0.01673,0.00766,0.02325,0.04721,0.01056,0.03650,0.00678,0.01864,0.01670,0.01236,0.01896,0.02975
708,0.06532,0.01586,0.03094,0.01953,0.01885,0.00462,0.03242,0.09167,0.03137,0.01148,0.02842,0.02229,0.01285,0.04248,0.00904,0.00702,0.02226,0.49646,0.01730,0.01983
709,0.01697,0.02496,0.02728,0.04071,0.04540,0.00629,0.03055,0.04228,0.01507,0.01111,0.04482,0.04821,0.49818,0.02165,0.00409,0.01573,0.02398,0.02331,0.01205,0.04735
710,0.00818,0.03633,0.01809,0.01393,0.53321,0.00415,0.03464,0.03872,0.02538,0.02530,0.02545,0.03305,0.01482,0.02482,0.00684,0.07940,0.01276,0.01246,0.03102,0.02141
711,0.00955,0.50176,0.04168,0.01741,0.03503,0.01060,0.03846,0.05629,0.02822,0.00924,0.02716,0.06476,0.01206,0.03578,0.03001,0.01537,0.01879,0.01004,0.01024,0.02755
712,0.00988,0.02706,0.02466,0.01656,0.03862,0.00888,0.02489,0.03951,0.03256,0.01062,0.03580,0.03215,0.03229,0.02752,0.00741,0.53822,0.02678,0.01074,0.02218,0.03368
713,0.00807,0.02297,0.01974,0.01442,0.03661,0.00412,0.45182,0.03945,0.01668,0.00930,0.02360,0.19267,0.01009,0.01571,0.02615,0.00781,0.01400,0.00873,0.01235,0.06570
714,0.01453,0.02977,0.02723,0.02466,0.05147,0.00988,0.45966,0.04496,0.02937,0.01238,0.03125,0.04873,0.01174,0.02777,0.01805,0.01765,0.01945,0.01462,0.03427,0.07254
715,0.00668,0.03092,0.02072,0.01585,0.38314,0.00395,0.02983,0.02250,0.02663,0.06695,0.02254,0.02786,0.00881,0.02407,0.00520,0.03623,0.01313,0.00625,0.11121,0.13752
716,0.04832,0.04033,0.03435,0.02313,0.01661,0.01733,0.20396,0.02792,0.01954,0.00685,0.02503,0.32636,0.00774,0.06237,0.00571,0.05906,0.02749,0.01649,0.01422,0.01721
717,0.01538,0.02485,0.00784,0.03390,0.01082,0.00153,0.03411,0.01960,0.26970,0.10356,0.09679,0.01712,0.00437,0.12014,0.12725,0.02251,0.05182,0.01288,0.00650,0.01933
718,0.02827,0.11750,0.01252,0.00738,0.01682,0.00252,0.00871,0.17702,0.00853,0.27467,0.07456,0.01248,0.03492,0.00829,0.00694,0.00363,0.00660,0.17852,0.00720,0.01292
719,0.00806,0.01767,0.01957,0.01411,0.23241,0.00435,0.08053,0.02572,0.01977,0.00602,0.01987,0.02752,0.00954,0.01585,0.00513,0.00662,0.01044,0.00870,0.16688,0.30123
720,0.00910,0.02220,0.02066,0.02157,0.08822,0.00801,0.02581,0.08403,0.04022,0.30096,0.21173,0.02638,0.02264,0.02224,0.01304,0.00676,0.01067,0.01066,0.02261,0.03250
721,0.01117,0.02467,0.03527,0.08424,0.03829,0.01241,0.06174,0.05179,0.33267,0.00999,0.02348,0.03937,0.01275,0.02966,0.10802,0.03226,0.02695,0.01091,0.02295,0.03140
722,0.01616,0.03443,0.41354,0.02297,0.03663,0.08914,0.03347,0.03759,0.03338,0.01300,0.04859,0.04338,0.01385,0.03602,0.00898,0.01048,0.01738,0.01264,0.02388,0.05449
723,0.01371,0.01849,0.01911,0.07335,0.02495,0.49856,0.06449,0.02204,0.03591,0.01261,0.03491,0.01962,0.01785,0.04517,0.00699,0.01259,0.01444,0.00996,0.03527,0.02001
724,0.00943,0.02188,0.02528,0.01906,0.03898,0.08197,0.01811,0.03625,0.02370,0.00838,0.02291,0.02574,0.00785,0.02601,0.55453,0.01229,0.01106,0.01112,0.01853,0.02693
725,0.06556,0.06921,0.03064,0.05031,0.08119,0.07954,0.05888,0.00721,0.02357,0.00280,0.02298,0.06135,0.03729,0.03527,0.02109,0.11447,0.04730,0.01426,0.11171,0.06536
726,0.00485,0.01404,0.01432,0.01190,0.01024,0.00471,0.01054,0.22951,0.02297,0.26703,0.15557,0.01731,0.00372,0.01101,0.00415,0.00601,0.01410,0.17384,0.01275,0.01144
727,0.04474,0.13224,0.01508,0.01484,0.02435,0.00613,0.02005,0.12226,0.02011,0.00664,0.04025,0.02743,0.00579,0.01357,0.00546,0.00598,0.08942,0.37222,0.01303,0.02041
728,0.14259,0.04865,0.02589,0.02010,0.02318,0.00444,0.01595,0.08708,0.03057,0.00692,0.03835,0.01890,0.00619,0.03205,0.01179,0.00763,0.01073,0.41407,0.03386,0.02104
729,0.03688,0.03011,0.03490,0.02476,0.04496,0.01171,0.02270,0.03072,0.02696,0.02174,0.02713,0.03140,0.52399,0.01902,0.00715,0.01959,0.01144,0.01263,0.03043,0.03177
730,0.01049,0.49736,0.03217,0.03293,0.03120,0.00760,0.02449,0.02995,0.03675,0.01112,0.03290,0.02896,0.01199,0.03438,0.06059,0.01438,0.01805,0.01143,0.02355,0.04970
731,0.00836,0.01648,0.07750,0.02109,0.03000,0.00624,0.02369,0.03077,0.03965,0.00962,0.02295,0.07482,0.01774,0.02551,0.49433,0.01061,0.01397,0.00826,0.01536,0.05304
732,0.07779,0.03245,0.09315,0.10532,0.03106,0.08115,0.07587,0.01079,0.02790,0.04176,0.04300,0.03512,0.05772,0.16198,0.00595,0.03995,0.02028,0.01654,0.01251,0.02973
733,0.02197,0.03828,0.02397,0.08800,0.02737,0.01148,0.02226,0.02682,0.03575,0.01064,0.01984,0.02739,0.01005,0.38457,0.04899,0.11983,0.02420,0.01140,0.02168,0.02551
734,0.01511,0.01817,0.51163,0.16312,0.01362,0.08058,0.01884,0.01557,0.01965,0.00466,0.01560,0.05096,0.00561,0.01414,0.00519,0.00586,0.00728,0.00602,0.01536,0.01304
735,0.01152,0.02331,0.02048,0.58977,0.02358,0.05032,0.01903,0.02093,0.04632,0.00889,0.02738,0.02258,0.00952,0.03469,0.01026,0.00788,0.01218,0.00888,0.02805,0.02444
736,0.10266,0.17910,0.01379,0.01118,0.01616,0.00349,0.00950,0.02180,0.01003,0.24409,0.08543,0.01815,0.04418,0.04161,0.00519,0.00378,0.03188,0.13773,0.00842,0.01185
737,0.01311,0.02882,0.03274,0.04352,0.04607,0.00928,0.04242,0.36282,0.02693,0.05840,0.03145,0.03438,0.01336,0.03062,0.00849,0.02103,0.06564,0.06630,0.02855,0.03606
738,0.01346,0.03110,0.02460,0.02983,0.03923,0.53149,0.03296,0.03289,0.03108,0.01225,0.03921,0.03178,0.01435,0.03570,0.00878,0.00593,0.01621,0.01029,0.02272,0.03616
739,0.02152,0.03117,0.05785,0.04278,0.05915,0.01663,0.02768,0.04974,0.03567,0.00705,0.04230,0.05748,0.00769,0.02149,0.39271,0.01213,0.01483,0.02275,0.02487,0.05451
740,0.45867,0.05188,0.02380,0.01475,0.02981,0.04054,0.02338,0.03790,0.03450,0.01013,0.02734,0.02463,0.00636,0.02539,0.00633,0.11384,0.00875,0.02339,0.01700,0.02161
741,0.00898,0.02078,0.02698,0.02241,0.03832,0.00620,0.06631,0.03761,0.03277,0.00790,0.02988,0.02633,0.00732,0.02641,0.55695,0.01079,0.01254,0.01045,0.02058,0.03048
742,0.02174,0.36688,0.01138,0.01485,0.01189,0.00641,0.00930,0.03786,0.01553,0.00542,0.02214,0.01363,0.00546,0.01319,0.00378,0.00382,0.01018,0.40333,0.01241,0.01079
743,0.05251,0.06953,0.02002,0.02146,0.02136,0.00798,0.04948,0.02033,0.02266,0.03304,0.05054,0.03023,0.03842,0.03468,0.00724,0.44286,0.02270,0.00719,0.01681,0.03097
744,0.01343,0.03823,0.03650,0.03750,0.02805,0.01522,0.01466,0.03220,0.03808,0.02984,0.02914,0.03693,0.47613,0.04655,0.01121,0.02331,0.01517,0.01512,0.03122,0.03149
745,0.01042,0.02620,0.06030,0.07286,0.03385,0.43208,0.03482,0.02995,0.02884,0.00739,0.03178,0.03669,0.01024,0.02469,0.04504,0.01425,0.02832,0.01038,0.01881,0.04309
746,0.08575,0.09219,0.00567,0.00890,0.05435,0.02032,0.06582,0.02827,0.04785,0.02994,0.07999,0.09594,0.00407,0.01229,0.10091,0.10776,0.04482,0.05322,0.01821,0.04372
747,0.00607,0.01167,0.01327,0.01925,0.01538,0.38977,0.05447,0.03260,0.02025,0.02236,0.04807,0.20539,0.00859,0.06270,0.01077,0.00964,0.02040,0.02106,0.01477,0.01353
748,0.00850,0.01185,0.01851,0.02041,0.07237,0.01213,0.05295,0.04642,0.02612,0.04002,0.02347,0.02018,0.00820,0.01691,0.01080,0.00595,0.00952,0.01414,0.47430,0.10724
749,0.10337,0.05796,0.00769,0.02285,0.01156,0.05752,0.01462,0.02243,0.18290,0.03929,0.04024,0.05160,0.02608,0.10104,0.07760,0.08945,0.04519,0.02265,0.01149,0.01446
750,0.05118,0.10154,0.01079,0.01027,0.01518,0.01583,0.05944,0.13085,0.03642,0.06968,0.05603,0.05733,0.00291,0.01991,0.01337,0.02143,0.13334,0.16430,0.01609,0.01410
751,0.04578,0.05676,0.01680,0.01520,0.04697,0.02693,0.09609,0.03145,0.10141,0.04995,0.09718,0.02741,0.02115,0.02054,0.10747,0.04605,0.09001,0.05516,0.01458,0.03310
752,0.07246,0.01156,0.10833,0.17323,0.01242,0.05141,0.03988,0.01482,0.01553,0.00452,0.02836,0.01649,0.03508,0.08437,0.00382,0.07737,0.07680,0.01488,0.01028,0.14839
753,0.04340,0.05946,0.02495,0.02142,0.01994,0.00813,0.01362,0.01412,0.02179,0.00795,0.05101,0.08452,0.18173,0.03354,0.00580,0.09389,0.21030,0.06636,0.01899,0.01909
754,0.24374,0.11864,0.01737,0.02651,0.02471,0.12472,0.01729,0.02330,0.03229,0.00868,0.02355,0.02965,0.00651,0.02379,0.00813,0.18019,0.02222,0.00913,0.02548,0.03412
755,0.15003,0.16062,0.01466,0.00958,0.01018,0.21858,0.00987,0.01071,0.00976,0.00356,0.02625,0.01171,0.01567,0.00957,0.01071,0.18592,0.09319,0.03089,0.01216,0.00638
756,0.03465,0.13072,0.02216,0.02109,0.01236,0.02425,0.05435,0.02920,0.02434,0.21072,0.10583,0.02681,0.03103,0.02167,0.00695,0.04338,0.01494,0.05487,0.01857,0.11215
757,0.28669,0.01919,0.02085,0.01855,0.01870,0.24789,0.01493,0.02024,0.03264,0.00696,0.02280,0.01937,0.00429,0.02420,0.00547,0.15630,0.03009,0.00683,0.01665,0.02735
758,0.01133,0.02713,0.02885,0.08742,0.03637,0.01163,0.02112,0.03933,0.50565,0.00890,0.02702,0.01652,0.00897,0.03452,0.05389,0.00871,0.01446,0.01432,0.01914,0.02472
759,0.02133,0.02526,0.02208,0.03130,0.01694,0.01336,0.01683,0.02313,0.03664,0.03717,0.02181,0.08269,0.05218,0.02338,0.00758,0.45700,0.05303,0.01291,0.02745,0.01794
760,0.00988,0.06993,0.02266,0.02754,0.01711,0.00969,0.11068,0.01548,0.02431,0.00576,0.02088,0.01764,0.00623,0.01942,0.00642,0.00928,0.00831,0.01108,0.01806,0.56964
761,0.42534,0.01628,0.01317,0.02597,0.01441,0.27012,0.01473,0.02189,0.01329,0.00580,0.01235,0.01193,0.00517,0.01796,0.00553,0.04366,0.03195,0.02111,0.01569,0.01366
762,0.00584,0.07525,0.01762,0.01469,0.01653,0.00673,0.21352,0.01316,0.03564,0.07499,0.02442,0.08168,0.00444,0.28451,0.07410,0.00464,0.01613,0.00827,0.01664,0.01120
763,0.01838,0.05225,0.01922,0.02884,0.01656,0.00839,0.19077,0.04014,0.01616,0.03376,0.26376,0.01855,0.00817,0.02774,0.00842,0.00993,0.03887,0.03593,0.01256,0.15160
764,0.01743,0.02029,0.05347,0.03216,0.03888,0.02386,0.02774,0.03608,0.04212,0.00948,0.03281,0.04426,0.01257,0.03034,0.03421,0.01292,0.01722,0.01271,0.46028,0.04118
765,0.02102,0.03005,0.01389,0.01116,0.02489,0.00496,0.11094,0.02173,0.05586,0.03929,0.13277,0.02650,0.00262,0.30257,0.03429,0.06735,0.05005,0.01404,0.01300,0.02300
766,0.00527,0.03516,0.01317,0.01501,0.01302,0.00598,0.01840,0.08503,0.02110,0.35975,0.18217,0.01208,0.00748,0.01161,0.00600,0.00392,0.02834,0.15239,0.01128,0.01284
767,0.00218,0.00912,0.00533,0.00489,0.27837,0.00197,0.19210,0.04764,0.00570,0.07488,0.28602,0.02700,0.00693,0.00382,0.00271,0.00184,0.00242,0.00766,0.00396,0.03546
768,0.01194,0.26439,0.03053,0.02436,0.03491,0.01204,0.12369,0.05877,0.01704,0.00784,0.01712,0.02521,0.00385,0.02015,0.00992,0.00977,0.01473,0.01047,0.02383,0.27944
769,0.00937,0.05092,0.02065,0.03520,0.59775,0.01346,0.01445,0.01867,0.02288,0.02501,0.02129,0.01790,0.00674,0.02055,0.00752,0.05037,0.00731,0.01381,0.02450,0.02164
770,0.04266,0.02754,0.02117,0.03491,0.02465,0.02565,0.54003,0.01930,0.01646,0.00572,0.02191,0.01445,0.00338,0.01801,0.03480,0.07377,0.00662,0.01462,0.03028,0.02407
771,0.01166,0.03114,0.02014,0.02336,0.02678,0.06131,0.02223,0.03159,0.14797,0.00720,0.02116,0.01699,0.01113,0.02639,0.46338,0.01479,0.00867,0.01249,0.02165,0.01996
772,0.01339,0.02821,0.03190,0.03082,0.03244,0.07219,0.02470,0.02174,0.03786,0.00902,0.02776,0.02796,0.00863,0.02312,0.47849,0.03276,0.01169,0.02080,0.03835,0.02815
773,0.02779,0.04406,0.47691,0.03071,0.03367,0.00996,0.02124,0.03083,0.02955,0.01631,0.03579,0.01914,0.00953,0.03604,0.01708,0.00976,0.01329,0.02730,0.08706,0.02399
774,0.00838,0.03432,0.01832,0.02150,0.05234,0.01061,0.01010,0.09120,0.01491,0.37296,0.10973,0.01786,0.07789,0.01196,0.00986,0.00677,0.00682,0.08747,0.02011,0.01689
775,0.01235,0.03232,0.02309,0.03255,0.03530,0.02007,0.01852,0.02785,0.02504,0.00793,0.02410,0.01554,0.01025,0.01718,0.59824,0.00988,0.00982,0.01935,0.03375,0.02688
776,0.01144,0.03345,0.02484,0.02788,0.02362,0.01328,0.01264,0.09542,0.02441,0.31038,0.08550,0.02258,0.05594,0.00934,0.00766,0.01584,0.07068,0.10484,0.02952,0.02075
777,0.02193,0.03838,0.02382,0.02396,0.01773,0.01152,0.01325,0.09144,0.02253,0.29350,0.28844,0.01137,0.00348,0.01200,0.01171,0.00457,0.03205,0.03546,0.02770,0.01518
778,0.30445,0.01752,0.02462,0.02577,0.02515,0.19212,0.00877,0.02029,0.02133,0.00547,0.03119,0.01226,0.00363,0.01482,0.00629,0.20765,0.01947,0.01500,0.02826,0.01593
779,0.01593,0.05801,0.00848,0.04737,0.07323,0.01979,0.02720,0.03505,0.02579,0.01304,0.03050,0.38562,0.01027,0.03118,0.01265,0.06749,0.02500,0.02443,0.05832,0.03065
780,0.54870,0.01761,0.02903,0.02491,0.01865,0.03780,0.01187,0.01606,0.02174,0.00543,0.02353,0.01385,0.00323,0.01859,0.00557,0.13595,0.01690,0.01106,0.02243,0.01711
781,0.01112,0.01176,0.03871,0.04763,0.01274,0.00959,0.01164,0.26974,0.01370,0.05811,0.04198,0.01385,0.00303,0.01750,0.00516,0.00610,0.06574,0.33300,0.01424,0.01467
782,0.06776,0.13943,0.01223,0.04824,0.01266,0.02171,0.00526,0.03240,0.02647,0.03707,0.15358,0.16185,0.00132,0.10078,0.01090,0.04715,0.08281,0.02324,0.01293,0.00219
783,0.07109,0.03539,0.01882,0.02295,0.07159,0.06513,0.01240,0.02782,0.02417,0.01065,0.04454,0.02142,0.01080,0.01490,0.00596,0.34188,0.12517,0.01464,0.04004,0.02062
784,0.30180,0.03319,0.01861,0.01469,0.04327,0.06265,0.00886,0.01784,0.02578,0.00458,0.01951,0.01398,0.00349,0.01438,0.00529,0.18164,0.10885,0.08932,0.01442,0.01783
785,0.01044,0.18097,0.01082,0.00677,0.07065,0.00206,0.01868,0.07963,0.00586,0.03399,0.04704,0.01413,0.00404,0.00684,0.00237,0.00469,0.19509,0.28852,0.00434,0.01306
786,0.00154,0.00210,0.00239,0.00255,0.00298,0.00090,0.00147,0.00296,0.00321,0.00383,0.00398,0.00260,0.95338,0.00216,0.00071,0.00508,0.00117,0.00229,0.00224,0.00246
787,0.05005,0.05505,0.05080,0.03384,0.03280,0.03983,0.08627,0.06121,0.03880,0.05529,0.07039,0.03433,0.01145,0.07616,0.05811,0.07418,0.05146,0.05674,0.01675,0.04649
788,0.06283,0.01864,0.05005,0.02327,0.01241,0.38237,0.03329,0.00611,0.03852,0.01347,0.01352,0.04561,0.00878,0.08896,0.02301,0.04633,0.07434,0.00530,0.04325,0.00995
789,0.02003,0.00524,0.10656,0.06314,0.09847,0.04285,0.06665,0.03827,0.06180,0.00630,0.04141,0.07745,0.00989,0.03006,0.04403,0.01071,0.01354,0.03957,0.12433,0.09970
