site,A,C,D,E,F,G,H,I,K,L,M,N,P,Q,R,S,T,V,W,Y
677,0.23867,0.01178,0.00408,0.00448,0.00580,0.43664,0.00568,0.00520,0.01044,0.00167,0.00502,0.00521,0.00276,0.00660,0.00446,0.21894,0.02018,0.00290,0.00377,0.00573
678,0.04981,0.05675,0.09814,0.07000,0.03822,0.11078,0.05838,0.01036,0.01712,0.01588,0.04692,0.13966,0.00071,0.03522,0.01300,0.07023,0.06961,0.03872,0.02191,0.03856
679,0.51245,0.00856,0.01142,0.00950,0.01625,0.00281,0.01650,0.01988,0.01502,0.00470,0.01403,0.01760,0.00749,0.01523,0.00390,0.28407,0.00493,0.01122,0.00942,0.01503
680,0.00575,0.00971,0.01282,0.01301,0.02978,0.00385,0.01899,0.24305,0.01637,0.50911,0.01316,0.01203,0.01735,0.01268,0.00323,0.00328,0.00720,0.04653,0.01044,0.01167
681,0.05238,0.03740,0.00340,0.00276,0.02490,0.01622,0.07224,0.02740,0.09892,0.01097,0.01554,0.05839,0.00166,0.08534,0.16065,0.05795,0.09970,0.04910,0.04006,0.08499
682,0.00448,0.00591,0.00644,0.01007,0.73354,0.00318,0.01261,0.01785,0.01197,0.04628,0.01191,0.00938,0.00735,0.01450,0.00308,0.03429,0.00470,0.00280,0.03898,0.02068
683,0.00431,0.00701,0.01127,0.00729,0.00688,0.00280,0.01465,0.16339,0.01013,0.56559,0.09064,0.01451,0.00767,0.00965,0.00278,0.04982,0.00672,0.00920,0.00595,0.00974
684,0.00547,0.01187,0.18803,0.00996,0.01625,0.00381,0.03079,0.01755,0.01562,0.00393,0.01024,0.57305,0.00660,0.01159,0.00419,0.03932,0.01653,0.00409,0.00794,0.02318
685,0.00547,0.01070,0.72832,0.01889,0.01238,0.02152,0.01520,0.01477,0.01412,0.00448,0.00997,0.05170,0.00778,0.01425,0.00413,0.00443,0.00672,0.00777,0.00963,0.03776
686,0.00864,0.01360,0.01792,0.01191,0.01590,0.00389,0.02178,0.05463,0.01570,0.01241,0.66064,0.01795,0.00999,0.01373,0.01348,0.00542,0.00851,0.06657,0.00846,0.01885
687,0.07472,0.01287,0.01297,0.02281,0.01727,0.66079,0.01909,0.01953,0.01579,0.00446,0.01740,0.02312,0.00720,0.01518,0.00847,0.02895,0.00830,0.00574,0.00875,0.01658
688,0.00657,0.01258,0.01424,0.01589,0.01912,0.00376,0.01721,0.08160,0.65253,0.00432,0.01411,0.04432,0.00883,0.02773,0.02734,0.00589,0.01063,0.00559,0.00848,0.01926
689,0.02135,0.02038,0.00264,0.00216,0.00273,0.00061,0.00443,0.04444,0.00317,0.02465,0.00284,0.00407,0.00173,0.00361,0.00079,0.01468,0.67254,0.16797,0.00212,0.00309
690,0.00802,0.01629,0.01850,0.01656,0.01903,0.03141,0.03004,0.02361,0.00781,0.00582,0.01944,0.02642,0.01124,0.02410,0.67795,0.00521,0.01667,0.00598,0.01374,0.02215
691,0.00571,0.01331,0.01476,0.09628,0.01420,0.00321,0.01529,0.02556,0.55435,0.00416,0.01033,0.03486,0.00642,0.02491,0.13689,0.00492,0.00815,0.00425,0.00659,0.01587
692,0.04861,0.00658,0.33996,0.07128,0.03419,0.17192,0.05729,0.00802,0.00842,0.00370,0.00972,0.11603,0.00472,0.01489,0.00187,0.02493,0.01072,0.00209,0.05007,0.01501
693,0.02485,0.13612,0.00256,0.00637,0.00420,0.00068,0.07909,0.12438,0.01766,0.11588,0.04069,0.01474,0.00247,0.06267,0.01090,0.02814,0.08775,0.23558,0.00232,0.00295
694,0.09455,0.04289,0.06256,0.07488,0.00805,0.23337,0.02719,0.00680,0.00372,0.06383,0.09486,0.04218,0.05503,0.15956,0.00048,0.01016,0.00475,0.00354,0.00354,0.00806
695,0.00637,0.02050,0.01574,0.67102,0.03565,0.02410,0.03134,0.03360,0.00915,0.00498,0.01521,0.03329,0.00996,0.01580,0.00534,0.00703,0.00963,0.01142,0.01047,0.02939
696,0.00662,0.02159,0.01611,0.01035,0.01675,0.00467,0.02733,0.02377,0.01931,0.00875,0.01496,0.03073,0.01054,0.01756,0.07243,0.00685,0.01092,0.00559,0.65729,0.01788
697,0.11830,0.07534,0.02933,0.03404,0.03964,0.07089,0.10193,0.00597,0.06126,0.02893,0.04565,0.05943,0.00156,0.06086,0.02994,0.11008,0.04071,0.01305,0.01460,0.05851
698,0.18472,0.02544,0.04944,0.16404,0.00584,0.02243,0.01748,0.00667,0.01393,0.00287,0.01489,0.01972,0.29533,0.07328,0.00419,0.08549,0.00237,0.00345,0.00368,0.00475
699,0.02237,0.01441,0.01541,0.00767,0.01930,0.00488,0.02459,0.03288,0.01463,0.01314,0.01455,0.02563,0.06283,0.01808,0.00415,0.63922,0.03263,0.00544,0.01080,0.01739
700,0.05124,0.05744,0.00225,0.00298,0.04248,0.01308,0.05790,0.07509,0.04162,0.07131,0.08413,0.07026,0.06840,0.09232,0.02182,0.02658,0.07588,0.09625,0.01306,0.03591
701,0.03751,0.01679,0.02192,0.00531,0.01884,0.67895,0.02106,0.02170,0.01757,0.00608,0.01525,0.01893,0.01272,0.01961,0.00782,0.01701,0.01017,0.01902,0.01271,0.02104
702,0.00303,0.02757,0.00405,0.00354,0.15890,0.00275,0.08962,0.08669,0.00500,0.04745,0.06159,0.00483,0.00208,0.00825,0.00604,0.00320,0.01012,0.05227,0.16428,0.25874
703,0.05338,0.05154,0.09370,0.06968,0.04331,0.03325,0.09201,0.05421,0.00209,0.05262,0.05086,0.05251,0.01223,0.08060,0.02255,0.04926,0.05087,0.04785,0.01953,0.06797
704,0.01976,0.04742,0.10274,0.02472,0.01754,0.00522,0.05925,0.00940,0.00829,0.00432,0.00428,0.30620,0.00400,0.04849,0.00800,0.26074,0.03176,0.00474,0.01497,0.01815
705,0.00638,0.01326,0.01583,0.00863,0.01491,0.00409,0.02773,0.01777,0.01435,0.00415,0.01092,0.02606,0.01110,0.01442,0.01589,0.00469,0.01042,0.00464,0.75753,0.01723
706,0.01176,0.02249,0.08208,0.55499,0.02276,0.03674,0.03401,0.02580,0.01658,0.00711,0.01665,0.02622,0.01129,0.04380,0.00540,0.00805,0.01948,0.00645,0.01908,0.02926
707,0.02435,0.01960,0.24885,0.35663,0.02030,0.06039,0.02926,0.01839,0.02859,0.00518,0.01729,0.04795,0.00714,0.03259,0.00459,0.01992,0.01366,0.01061,0.01469,0.02000
708,0.07992,0.01144,0.02981,0.01408,0.01426,0.00332,0.02335,0.09927,0.02251,0.00976,0.02045,0.01603,0.00926,0.03064,0.00650,0.00505,0.02505,0.55260,0.01242,0.01427
709,0.01916,0.02023,0.01891,0.04145,0.03149,0.00655,0.02788,0.02932,0.01045,0.01668,0.04914,0.03549,0.54222,0.02401,0.00284,0.01840,0.02638,0.02324,0.00835,0.04783
710,0.00560,0.03373,0.01241,0.00956,0.57069,0.00285,0.02381,0.04297,0.01743,0.03577,0.01744,0.02268,0.01022,0.01703,0.00471,0.09637,0.00874,0.01317,0.02123,0.03360
711,0.00742,0.59158,0.03244,0.01352,0.02721,0.00501,0.02994,0.04402,0.02198,0.00717,0.02110,0.05042,0.00938,0.02778,0.03993,0.01695,0.01461,0.00779,0.00796,0.02380
712,0.00841,0.02029,0.01848,0.01238,0.04849,0.00664,0.01862,0.02961,0.02440,0.00850,0.02670,0.02404,0.03328,0.02053,0.00554,0.61937,0.01997,0.00801,0.01661,0.03015
713,0.00581,0.01644,0.01571,0.01043,0.02633,0.00299,0.50471,0.02870,0.01198,0.00852,0.01691,0.20338,0.00988,0.01473,0.02322,0.00563,0.01009,0.00631,0.00892,0.06933
714,0.01106,0.02262,0.02310,0.01870,0.03904,0.00749,0.53291,0.03406,0.02239,0.00777,0.02373,0.04438,0.00790,0.02047,0.02493,0.01340,0.01792,0.01113,0.02750,0.08950
715,0.00478,0.02383,0.01478,0.01137,0.42957,0.00284,0.02143,0.01483,0.01911,0.03961,0.01618,0.01992,0.00631,0.01720,0.00373,0.04176,0.00941,0.00479,0.15205,0.14650
716,0.06180,0.03807,0.04476,0.01835,0.00997,0.01655,0.24419,0.02148,0.01204,0.00410,0.01620,0.32310,0.00463,0.05902,0.00341,0.05827,0.02687,0.01728,0.00857,0.01137
717,0.01249,0.01839,0.00595,0.04389,0.00814,0.00115,0.02920,0.01634,0.29805,0.09815,0.09389,0.01350,0.00328,0.11082,0.14794,0.01859,0.04656,0.01157,0.00531,0.01680
718,0.02685,0.11609,0.00838,0.00496,0.01129,0.00168,0.00583,0.18738,0.00571,0.28525,0.08626,0.00837,0.02768,0.00482,0.00655,0.00243,0.00533,0.19173,0.00482,0.00860
719,0.00580,0.02502,0.01347,0.01014,0.22096,0.00313,0.07739,0.01950,0.01421,0.00433,0.01427,0.02538,0.00685,0.01143,0.00369,0.00539,0.00752,0.00815,0.19096,0.33241
720,0.00657,0.01606,0.01488,0.01556,0.08646,0.00577,0.01738,0.08522,0.02878,0.34107,0.24706,0.01906,0.02972,0.01608,0.01044,0.00488,0.00768,0.00771,0.01625,0.02338
721,0.00911,0.02003,0.02868,0.10367,0.03128,0.01302,0.06481,0.04169,0.40062,0.00810,0.01936,0.02232,0.01034,0.02753,0.08982,0.03363,0.02293,0.00884,0.01866,0.02555
722,0.01674,0.02975,0.50659,0.02342,0.02973,0.09368,0.02724,0.03052,0.02724,0.01057,0.03971,0.01917,0.01128,0.02938,0.00731,0.00854,0.01419,0.01112,0.01945,0.04435
723,0.01278,0.01438,0.01485,0.06837,0.01939,0.58158,0.05019,0.01711,0.02790,0.00980,0.02715,0.01526,0.01387,0.03514,0.00436,0.01253,0.01123,0.00784,0.04071,0.01556
724,0.00730,0.01689,0.01953,0.01472,0.03008,0.06651,0.01398,0.03649,0.01406,0.00648,0.01769,0.01990,0.00607,0.02007,0.64607,0.01082,0.00975,0.00861,0.01427,0.02071
725,0.07056,0.07042,0.02923,0.04866,0.08128,0.07306,0.05989,0.00489,0.02336,0.00218,0.02270,0.06434,0.03271,0.02981,0.01858,0.11969,0.04745,0.01549,0.11361,0.07210
726,0.00327,0.00947,0.00968,0.00802,0.00691,0.00317,0.00711,0.24047,0.01552,0.28371,0.16452,0.01423,0.00251,0.00743,0.00280,0.00384,0.02791,0.17310,0.00861,0.00772
727,0.05412,0.11407,0.01098,0.01651,0.01771,0.00563,0.01447,0.14114,0.01457,0.00601,0.03145,0.01994,0.00423,0.00994,0.00398,0.00439,0.09276,0.41367,0.00955,0.01486
728,0.16227,0.05001,0.02025,0.01534,0.01347,0.00359,0.01217,0.08389,0.02333,0.00528,0.02937,0.01436,0.00474,0.02436,0.00903,0.00619,0.00839,0.47202,0.02583,0.01608
729,0.02956,0.02378,0.02756,0.01955,0.03556,0.00924,0.01632,0.02424,0.02128,0.02087,0.02140,0.02478,0.62203,0.01501,0.00564,0.01391,0.01016,0.00996,0.02408,0.02506
730,0.00764,0.56751,0.02339,0.02396,0.02793,0.00554,0.01787,0.02177,0.02677,0.00811,0.02388,0.02110,0.00874,0.02515,0.06860,0.01315,0.01390,0.00835,0.02097,0.06567
731,0.00662,0.01469,0.06141,0.01671,0.02378,0.00495,0.01487,0.02438,0.03875,0.00713,0.01818,0.05934,0.01938,0.02022,0.58703,0.01074,0.01107,0.00655,0.01217,0.04204
732,0.07860,0.03025,0.09463,0.09234,0.03048,0.08193,0.07861,0.00732,0.02849,0.03801,0.04305,0.04036,0.05597,0.16907,0.00769,0.04078,0.02122,0.01527,0.01086,0.03508
733,0.01926,0.02943,0.01827,0.10959,0.02104,0.00877,0.01348,0.02070,0.03274,0.01001,0.01519,0.02089,0.00939,0.44373,0.04751,0.11244,0.02274,0.00870,0.01650,0.01963
734,0.01415,0.01299,0.55587,0.16403,0.00972,0.09299,0.01930,0.01112,0.01403,0.00333,0.01114,0.03693,0.00401,0.01010,0.00371,0.00418,0.00520,0.00430,0.01098,0.01191
735,0.01419,0.01742,0.02105,0.67403,0.01755,0.02072,0.01415,0.01561,0.05852,0.00708,0.02157,0.01674,0.00710,0.02590,0.00764,0.00588,0.00966,0.00606,0.02096,0.01817
736,0.09962,0.22788,0.00963,0.00786,0.01132,0.00245,0.00663,0.02063,0.00702,0.26074,0.08338,0.01503,0.03342,0.02872,0.00651,0.00271,0.02402,0.13822,0.00591,0.00830
737,0.01100,0.02271,0.02614,0.03428,0.05265,0.00729,0.03371,0.43588,0.02155,0.06194,0.02488,0.02671,0.01061,0.02424,0.00678,0.01230,0.05427,0.08243,0.02248,0.02814
738,0.00969,0.03213,0.02179,0.02273,0.03009,0.62937,0.02519,0.02517,0.02369,0.00936,0.02996,0.02433,0.01099,0.02732,0.00669,0.00621,0.01237,0.00787,0.01735,0.02771
739,0.01749,0.02532,0.04710,0.03485,0.04809,0.01712,0.02253,0.04059,0.02900,0.00602,0.03436,0.04699,0.00574,0.02698,0.49265,0.00985,0.01208,0.01852,0.02022,0.04451
740,0.52015,0.04863,0.02725,0.01081,0.02186,0.04100,0.01710,0.02783,0.02516,0.00740,0.02002,0.01803,0.00466,0.01856,0.00464,0.12571,0.00522,0.02776,0.01243,0.01580
741,0.00676,0.02467,0.02029,0.01684,0.02881,0.00521,0.05437,0.02827,0.02459,0.00587,0.02245,0.01979,0.00550,0.01987,0.65022,0.01081,0.00943,0.00786,0.01549,0.02289
742,0.01662,0.37797,0.00865,0.01057,0.01047,0.00623,0.00662,0.03558,0.01105,0.00525,0.01559,0.00968,0.00388,0.00938,0.00269,0.00272,0.01064,0.43991,0.00881,0.00769
743,0.07183,0.05962,0.01283,0.01391,0.01631,0.00717,0.05576,0.01476,0.01447,0.02454,0.05963,0.03208,0.04195,0.03147,0.00497,0.45777,0.03642,0.00460,0.01080,0.02910
744,0.01004,0.02864,0.02721,0.02803,0.02100,0.01145,0.01096,0.02419,0.02855,0.04294,0.02189,0.02771,0.55313,0.05614,0.00839,0.02681,0.01460,0.01130,0.02338,0.02363
745,0.00815,0.02039,0.04745,0.06279,0.02647,0.51785,0.02738,0.02358,0.02260,0.00609,0.02491,0.02865,0.00801,0.02199,0.05274,0.01243,0.03035,0.00705,0.01742,0.03369
746,0.08276,0.09616,0.00335,0.00523,0.06852,0.02228,0.07353,0.03056,0.04188,0.03177,0.07149,0.09755,0.00409,0.01319,0.09829,0.09946,0.04025,0.05374,0.01926,0.04663
747,0.00476,0.00778,0.00992,0.01159,0.01076,0.41101,0.06012,0.02828,0.01799,0.02355,0.04303,0.21412,0.00570,0.07262,0.00965,0.01078,0.02446,0.01502,0.00986,0.00900
748,0.00560,0.00721,0.01301,0.01335,0.08758,0.00935,0.05461,0.04459,0.01716,0.04614,0.01954,0.01327,0.00541,0.01257,0.00905,0.00465,0.00629,0.01342,0.49748,0.11972
749,0.10388,0.06086,0.00501,0.01762,0.00825,0.06100,0.01746,0.01967,0.17464,0.03685,0.04428,0.05789,0.02946,0.10336,0.08532,0.08685,0.04832,0.02185,0.00686,0.01057
750,0.04522,0.08311,0.00847,0.00634,0.01336,0.01449,0.06048,0.12897,0.03303,0.07382,0.05756,0.06578,0.00226,0.01951,0.01258,0.02491,0.14881,0.17412,0.01568,0.01149
751,0.04974,0.04817,0.01364,0.01507,0.05097,0.02867,0.09569,0.02828,0.10507,0.05215,0.09733,0.02785,0.02138,0.02391,0.10992,0.04740,0.07985,0.05710,0.01342,0.03440
752,0.07745,0.00709,0.12495,0.17072,0.01015,0.04597,0.04282,0.01098,0.01305,0.00358,0.02884,0.01401,0.03221,0.08994,0.00232,0.07951,0.07220,0.01610,0.00666,0.15144
753,0.04918,0.05966,0.01783,0.01530,0.01417,0.00583,0.01059,0.01545,0.01564,0.00830,0.03854,0.09215,0.17723,0.03045,0.00447,0.10065,0.23123,0.08606,0.01361,0.01365
754,0.27436,0.12340,0.01293,0.01966,0.01802,0.14661,0.01269,0.01710,0.02381,0.00636,0.01717,0.02148,0.00478,0.01740,0.00598,0.21413,0.01284,0.00761,0.01875,0.02491
755,0.14954,0.17184,0.01021,0.00667,0.00733,0.24433,0.00690,0.00747,0.00681,0.00249,0.02382,0.00819,0.01373,0.00701,0.00979,0.17519,0.10707,0.03028,0.00814,0.00320
756,0.03217,0.12597,0.01578,0.01497,0.01280,0.02294,0.05428,0.02133,0.01718,0.23396,0.12164,0.02390,0.03067,0.01959,0.00609,0.04025,0.01468,0.06400,0.01323,0.11455
757,0.33249,0.01488,0.01619,0.01449,0.01457,0.26744,0.01160,0.01571,0.02541,0.00541,0.01773,0.01505,0.00334,0.01889,0.00425,0.15842,0.02263,0.00744,0.01294,0.02113
758,0.00792,0.01898,0.02016,0.08569,0.02540,0.00859,0.01467,0.03814,0.56149,0.00620,0.01884,0.01291,0.00624,0.03333,0.08027,0.00607,0.01451,0.00999,0.01334,0.01726
759,0.02055,0.02075,0.01587,0.02242,0.01425,0.00959,0.01211,0.01659,0.02630,0.03759,0.01569,0.09274,0.04798,0.01682,0.00544,0.51031,0.07314,0.00929,0.01970,0.01286
760,0.00720,0.10320,0.01661,0.02012,0.01277,0.00706,0.07527,0.01132,0.01761,0.00419,0.01522,0.01284,0.00452,0.01410,0.00468,0.00937,0.00606,0.00809,0.01310,0.63668
761,0.45947,0.01152,0.00933,0.02855,0.01018,0.29834,0.01046,0.01545,0.00936,0.00410,0.00872,0.00844,0.00365,0.01264,0.00391,0.04519,0.03082,0.00915,0.01105,0.00967
762,0.00424,0.06702,0.01279,0.01165,0.01201,0.00489,0.23373,0.00955,0.03264,0.07419,0.02046,0.08092,0.00387,0.31164,0.07638,0.00337,0.01445,0.00600,0.01208,0.00814
763,0.01448,0.05527,0.01386,0.02030,0.01248,0.00598,0.17614,0.03854,0.01317,0.03060,0.28409,0.01336,0.00583,0.02508,0.00812,0.00809,0.04467,0.04502,0.00893,0.17598
764,0.01359,0.01414,0.04218,0.02511,0.03041,0.02836,0.02174,0.02814,0.03311,0.00740,0.02571,0.03455,0.00985,0.02359,0.04984,0.01010,0.01343,0.00992,0.54643,0.03242
765,0.02442,0.02527,0.00881,0.00700,0.01682,0.00351,0.11167,0.01453,0.06815,0.04993,0.13438,0.02700,0.00165,0.30626,0.03837,0.06383,0.05110,0.01500,0.00985,0.02246
766,0.00375,0.03639,0.00881,0.01004,0.00393,0.00398,0.02156,0.09829,0.01407,0.37545,0.18860,0.00807,0.00704,0.01114,0.00587,0.00261,0.02822,0.15608,0.00751,0.00856
767,0.00164,0.00688,0.00406,0.00367,0.28484,0.00146,0.16138,0.04770,0.00438,0.08374,0.32389,0.02113,0.00738,0.00287,0.00132,0.00140,0.00184,0.00790,0.00296,0.02956
768,0.01042,0.26216,0.02534,0.02143,0.02780,0.01053,0.09132,0.05182,0.01500,0.00684,0.01486,0.02219,0.00336,0.01767,0.00870,0.00857,0.01295,0.00917,0.02096,0.35891
769,0.00664,0.03694,0.01462,0.02507,0.66558,0.00956,0.01025,0.01352,0.01617,0.04549,0.01509,0.01273,0.00581,0.01458,0.00534,0.05159,0.00519,0.00953,0.01733,0.01896
770,0.05139,0.02055,0.01572,0.02611,0.01838,0.02237,0.60627,0.01440,0.01228,0.00476,0.01632,0.01226,0.00265,0.01490,0.03346,0.07586,0.00493,0.01090,0.02250,0.01401
771,0.00840,0.02248,0.01448,0.01685,0.01924,0.06083,0.01704,0.02433,0.17821,0.00519,0.01522,0.01228,0.00801,0.01897,0.51688,0.01640,0.00626,0.00899,0.01558,0.01436
772,0.01058,0.02230,0.02520,0.02434,0.02563,0.06406,0.01950,0.01723,0.02496,0.00713,0.02193,0.02208,0.00682,0.01826,0.57006,0.04164,0.00924,0.01646,0.03031,0.02227
773,0.02806,0.03482,0.57032,0.02421,0.02651,0.00639,0.01865,0.02425,0.02322,0.01287,0.02827,0.02316,0.00751,0.02830,0.01344,0.00769,0.01045,0.02087,0.06917,0.02184
774,0.00599,0.03133,0.01314,0.01542,0.03656,0.00758,0.00868,0.08852,0.01068,0.41690,0.11560,0.01279,0.09151,0.00858,0.00613,0.00485,0.00491,0.09441,0.01440,0.01203
775,0.00930,0.02435,0.01738,0.02451,0.02656,0.01613,0.01394,0.02097,0.01889,0.00597,0.01816,0.01170,0.00795,0.01939,0.68973,0.00744,0.00740,0.01459,0.02543,0.02021
776,0.00996,0.03211,0.01817,0.02038,0.01729,0.00970,0.00925,0.10215,0.01786,0.35293,0.09618,0.01653,0.03835,0.00683,0.01023,0.01619,0.08152,0.10763,0.02155,0.01518
777,0.02389,0.03743,0.01712,0.01717,0.01272,0.00825,0.00944,0.10602,0.01780,0.30420,0.31635,0.00817,0.00249,0.00863,0.00904,0.00327,0.03315,0.03418,0.01977,0.01091
778,0.33398,0.01256,0.01877,0.01825,0.01791,0.20178,0.00628,0.01453,0.01523,0.00392,0.02219,0.00871,0.00299,0.01057,0.00449,0.23783,0.01927,0.01916,0.02016,0.01141
779,0.01267,0.04623,0.01840,0.03770,0.05839,0.01571,0.02549,0.03273,0.02749,0.01035,0.02439,0.47135,0.00818,0.02484,0.01008,0.05680,0.02281,0.01951,0.04695,0.02994
780,0.61175,0.01301,0.03068,0.01824,0.01372,0.03994,0.00873,0.01186,0.01596,0.00399,0.01730,0.01017,0.00237,0.01363,0.00409,0.13250,0.01633,0.00662,0.01651,0.01257
781,0.00904,0.00865,0.02821,0.03506,0.01206,0.00706,0.00858,0.30078,0.01005,0.06707,0.03860,0.00910,0.00222,0.01284,0.00378,0.00635,0.06980,0.34949,0.01045,0.01080
782,0.07407,0.14000,0.00769,0.03351,0.01118,0.02072,0.00416,0.03528,0.01810,0.04179,0.16710,0.16403,0.00083,0.10644,0.01143,0.05292,0.07858,0.02208,0.00820,0.00189
783,0.09611,0.02675,0.01413,0.01723,0.05511,0.05962,0.00932,0.02098,0.01823,0.00866,0.03364,0.01615,0.01409,0.01123,0.00448,0.39317,0.13652,0.01107,0.03801,0.01550
784,0.32864,0.03841,0.01725,0.01032,0.03067,0.06007,0.00626,0.01251,0.01815,0.00323,0.01378,0.00987,0.00308,0.01014,0.00372,0.19891,0.10969,0.10258,0.01019,0.01252
785,0.01434,0.19420,0.00775,0.00477,0.05047,0.00146,0.01336,0.07186,0.00417,0.03059,0.03299,0.01007,0.00290,0.00491,0.00170,0.00337,0.22102,0.31765,0.00312,0.00932
786,0.00151,0.00136,0.00154,0.00165,0.00193,0.00058,0.00095,0.00191,0.00207,0.00233,0.00257,0.00168,0.96872,0.00140,0.00048,0.00391,0.00089,0.00148,0.00145,0.00159
787,0.05447,0.05677,0.04243,0.03368,0.03505,0.03843,0.08026,0.06020,0.04060,0.05854,0.06865,0.03543,0.00970,0.07242,0.05645,0.07585,0.05834,0.05779,0.01814,0.04677
788,0.05638,0.01854,0.05008,0.01839,0.01243,0.40467,0.03171,0.00434,0.04241,0.01495,0.01043,0.04531,0.00843,0.08919,0.02390,0.04911,0.06652,0.00473,0.03702,0.01145
789,0.01600,0.00422,0.10387,0.05120,0.10819,0.05770,0.05672,0.03040,0.04994,0.00448,0.04963,0.06289,0.00806,0.02449,0.05006,0.00897,0.01095,0.03244,0.14942,0.12037
