site,A,C,D,E,F,G,H,I,K,L,M,N,P,Q,R,S,T,V,W,Y
677,0.24206,0.00657,0.00624,0.00778,0.00503,0.43182,0.00510,0.00473,0.00628,0.00154,0.00397,0.00448,0.00467,0.00430,0.00269,0.21867,0.02380,0.01177,0.00329,0.00521
678,0.04595,0.08979,0.11830,0.07409,0.03895,0.11643,0.04534,0.01498,0.02007,0.01253,0.03829,0.11798,0.00169,0.03763,0.01723,0.06917,0.06071,0.02539,0.01404,0.04143
679,0.53767,0.00753,0.00934,0.00755,0.01204,0.00469,0.01254,0.01490,0.01166,0.00421,0.01080,0.01197,0.01480,0.01211,0.00360,0.26145,0.01714,0.02714,0.00768,0.01119
680,0.00365,0.01078,0.00858,0.00776,0.04979,0.00271,0.02854,0.31983,0.00977,0.41171,0.01368,0.00801,0.02572,0.00818,0.00449,0.00235,0.00507,0.06460,0.00697,0.00782
681,0.04976,0.04388,0.00188,0.00160,0.04134,0.01616,0.08720,0.02641,0.06620,0.01909,0.02616,0.07490,0.00095,0.08421,0.09838,0.05779,0.09929,0.04899,0.07302,0.08278
682,0.00400,0.01220,0.00526,0.00821,0.75059,0.00272,0.01001,0.02851,0.00933,0.03127,0.00939,0.00785,0.01217,0.01100,0.00279,0.03889,0.00400,0.00578,0.02018,0.02588
683,0.00408,0.00638,0.00876,0.00669,0.01933,0.00270,0.01117,0.18919,0.00813,0.60080,0.04292,0.01239,0.00803,0.00810,0.00262,0.03172,0.00590,0.00723,0.01584,0.00803
684,0.00517,0.01037,0.05372,0.00916,0.01310,0.00380,0.04282,0.02019,0.02899,0.00393,0.00942,0.67300,0.00631,0.00999,0.00429,0.03395,0.02803,0.00404,0.00721,0.03250
685,0.01176,0.00822,0.71711,0.01930,0.00947,0.03791,0.01272,0.01052,0.01096,0.00384,0.00791,0.04817,0.00617,0.01076,0.00351,0.00383,0.00531,0.01782,0.00727,0.04744
686,0.01044,0.01107,0.01263,0.00975,0.01226,0.00362,0.01493,0.02911,0.02565,0.02200,0.70221,0.01300,0.00821,0.01053,0.02179,0.00503,0.03392,0.03274,0.00758,0.01352
687,0.06057,0.01028,0.01009,0.03267,0.01219,0.70683,0.01406,0.01391,0.01146,0.00410,0.01286,0.01588,0.00644,0.01173,0.01727,0.01645,0.00722,0.01599,0.00731,0.01269
688,0.00503,0.00938,0.00968,0.03516,0.01350,0.00513,0.01218,0.09064,0.63182,0.00373,0.01463,0.04693,0.00690,0.02498,0.04017,0.00475,0.02056,0.00468,0.00676,0.01338
689,0.01988,0.02475,0.00400,0.00190,0.00431,0.00160,0.00379,0.03661,0.00266,0.04105,0.00347,0.00337,0.00156,0.00311,0.00069,0.02221,0.66344,0.15712,0.00183,0.00263
690,0.00681,0.01236,0.01294,0.01173,0.01394,0.03371,0.01883,0.01524,0.02761,0.00499,0.02331,0.01789,0.00874,0.01485,0.69637,0.01021,0.02730,0.00524,0.02380,0.01414
691,0.00695,0.01066,0.01126,0.04495,0.01241,0.00439,0.01177,0.03502,0.64414,0.00410,0.00968,0.03493,0.00605,0.02043,0.10028,0.00480,0.01451,0.00412,0.00647,0.01307
692,0.05525,0.00627,0.26800,0.09258,0.03059,0.18612,0.05596,0.00534,0.00541,0.00470,0.01369,0.12768,0.00333,0.01372,0.00129,0.03002,0.01151,0.00496,0.06100,0.02259
693,0.02294,0.13414,0.00200,0.00822,0.00393,0.00058,0.07240,0.10629,0.01471,0.11920,0.03447,0.01686,0.00530,0.06333,0.00952,0.02096,0.07721,0.28350,0.00189,0.00255
694,0.09028,0.02685,0.09716,0.12193,0.00585,0.22794,0.02460,0.01017,0.00448,0.04914,0.06310,0.03359,0.06524,0.14531,0.00599,0.00880,0.00500,0.00463,0.00401,0.00592
695,0.01255,0.01483,0.02574,0.68913,0.02062,0.04001,0.01853,0.02077,0.03012,0.00444,0.01152,0.02045,0.00785,0.01585,0.00664,0.00586,0.00782,0.02209,0.00822,0.01698
696,0.00584,0.03491,0.01231,0.00849,0.01290,0.00713,0.01669,0.01558,0.01317,0.01804,0.01154,0.01932,0.00832,0.01328,0.08367,0.00664,0.00892,0.00657,0.68311,0.01359
697,0.12450,0.05435,0.05369,0.05057,0.05420,0.07120,0.09169,0.00852,0.02249,0.03060,0.05278,0.04166,0.00089,0.08247,0.01069,0.12268,0.05361,0.01289,0.02140,0.03915
698,0.17662,0.01651,0.05850,0.17667,0.00818,0.01327,0.01092,0.00668,0.01025,0.01426,0.01016,0.01192,0.34203,0.03598,0.00173,0.08854,0.00408,0.00383,0.00362,0.00623
699,0.02515,0.01154,0.01216,0.00650,0.01489,0.00430,0.01624,0.01925,0.01106,0.03049,0.01066,0.01631,0.04798,0.01277,0.00402,0.68106,0.04182,0.00499,0.01682,0.01199
700,0.05110,0.05163,0.00367,0.00521,0.04673,0.00745,0.04693,0.07536,0.05722,0.06108,0.09787,0.06234,0.07851,0.08306,0.01907,0.02182,0.08171,0.09956,0.01658,0.03310
701,0.01582,0.01282,0.01571,0.02025,0.01376,0.73299,0.01464,0.01491,0.01325,0.00533,0.01168,0.01321,0.01456,0.01395,0.01835,0.00568,0.00891,0.02969,0.00970,0.01478
702,0.00281,0.01995,0.00359,0.00320,0.13704,0.00506,0.11987,0.09879,0.00435,0.05250,0.06059,0.00445,0.00178,0.00734,0.01022,0.00209,0.01032,0.04361,0.16278,0.24969
703,0.06217,0.04021,0.10514,0.09309,0.03621,0.03067,0.10422,0.04584,0.00344,0.05636,0.05566,0.04528,0.00973,0.06157,0.01715,0.04868,0.05023,0.04609,0.01544,0.07282
704,0.02507,0.07067,0.05366,0.01747,0.00948,0.00187,0.04254,0.01400,0.01802,0.00214,0.00545,0.34961,0.00399,0.04276,0.00706,0.25789,0.03802,0.00311,0.01527,0.02193
705,0.00537,0.02551,0.01164,0.00709,0.01084,0.00943,0.01713,0.01266,0.01131,0.01137,0.00876,0.01649,0.00879,0.01445,0.02096,0.00678,0.00818,0.00402,0.77252,0.01670
706,0.01385,0.01559,0.05318,0.58836,0.01546,0.03545,0.02712,0.01738,0.03984,0.00598,0.01582,0.01723,0.00937,0.03662,0.00487,0.00627,0.02154,0.02349,0.01156,0.04103
707,0.01310,0.02196,0.26434,0.37195,0.01436,0.05787,0.01584,0.01367,0.03227,0.00437,0.02075,0.05698,0.00634,0.04886,0.00411,0.01378,0.00704,0.01123,0.00652,0.01466
708,0.07464,0.00964,0.04054,0.01105,0.02422,0.00876,0.01641,0.08085,0.01610,0.01453,0.01495,0.01216,0.00847,0.02002,0.00595,0.00489,0.01153,0.60437,0.00973,0.01120
709,0.01606,0.02668,0.01167,0.04043,0.01681,0.00268,0.04226,0.02132,0.01039,0.01990,0.04836,0.02982,0.50192,0.04253,0.00464,0.03914,0.03916,0.01909,0.00652,0.06061
710,0.00529,0.03025,0.00977,0.00813,0.60726,0.00263,0.01600,0.03385,0.01339,0.04832,0.01288,0.01593,0.01377,0.01256,0.00419,0.07850,0.00742,0.02687,0.01528,0.03770
711,0.00653,0.64064,0.01984,0.01047,0.03442,0.00913,0.02658,0.02275,0.01609,0.00638,0.01545,0.02568,0.00774,0.01901,0.04656,0.02665,0.01184,0.00681,0.00959,0.03785
712,0.01663,0.01626,0.01346,0.01031,0.05472,0.00547,0.01361,0.01986,0.01574,0.01070,0.01698,0.01595,0.03349,0.01447,0.00497,0.65342,0.01816,0.00657,0.01247,0.04676
713,0.00567,0.01343,0.02476,0.00939,0.01847,0.00313,0.59159,0.01886,0.01031,0.02081,0.01420,0.09322,0.02474,0.01058,0.03898,0.00535,0.00919,0.00614,0.00786,0.07333
714,0.00943,0.02211,0.02653,0.01397,0.02206,0.00675,0.57525,0.02128,0.01502,0.02148,0.01596,0.04547,0.01774,0.02754,0.03920,0.01053,0.02458,0.00927,0.01651,0.05931
715,0.00405,0.02735,0.01111,0.00906,0.44066,0.00251,0.02065,0.02414,0.01419,0.04088,0.01229,0.01409,0.00711,0.01260,0.00355,0.05084,0.00740,0.00804,0.22891,0.06056
716,0.07103,0.04519,0.05905,0.02321,0.00669,0.01164,0.27036,0.02517,0.01941,0.00486,0.01456,0.26193,0.00333,0.05877,0.00251,0.03223,0.04044,0.02839,0.00541,0.01580
717,0.00857,0.00626,0.00630,0.04279,0.00888,0.00183,0.02249,0.02350,0.38689,0.07581,0.05213,0.01712,0.00370,0.08655,0.20201,0.00448,0.02637,0.01101,0.00344,0.00988
718,0.01321,0.08061,0.00775,0.00459,0.00966,0.00173,0.00546,0.17863,0.00532,0.30684,0.10008,0.00715,0.03021,0.01463,0.00871,0.00223,0.00333,0.20799,0.00451,0.00734
719,0.00548,0.03923,0.02647,0.00911,0.13009,0.00343,0.05719,0.02668,0.01207,0.00572,0.01153,0.03058,0.00644,0.01024,0.00517,0.01138,0.00706,0.00822,0.20641,0.38750
720,0.00596,0.01256,0.01169,0.01200,0.04758,0.00500,0.03695,0.09447,0.01763,0.35998,0.25096,0.01433,0.04519,0.01772,0.01396,0.00446,0.00913,0.01078,0.01253,0.01713
721,0.00935,0.01546,0.02051,0.05972,0.02833,0.01261,0.06891,0.02405,0.51467,0.01084,0.02051,0.03040,0.00993,0.03994,0.03790,0.02759,0.02705,0.00849,0.01497,0.01877
722,0.02905,0.03695,0.57798,0.03956,0.01883,0.04173,0.02204,0.01973,0.01870,0.00938,0.02333,0.03801,0.00952,0.01895,0.00688,0.01096,0.01173,0.01565,0.01445,0.03660
723,0.01359,0.01141,0.01226,0.03513,0.01541,0.66644,0.02549,0.01389,0.01880,0.00843,0.01829,0.01266,0.01116,0.02174,0.02474,0.00505,0.00947,0.01906,0.04405,0.01292
724,0.00614,0.01722,0.01407,0.01106,0.01814,0.03677,0.01118,0.03856,0.03546,0.00556,0.01341,0.01413,0.00519,0.01458,0.69101,0.01920,0.01266,0.01035,0.01106,0.01426
725,0.08222,0.07319,0.02013,0.03958,0.07185,0.05079,0.06646,0.00399,0.02551,0.00249,0.01643,0.07331,0.03829,0.02298,0.01301,0.13587,0.04297,0.01800,0.10846,0.09444
726,0.00558,0.00870,0.00895,0.00787,0.01656,0.00324,0.00658,0.27881,0.01283,0.27964,0.14970,0.02671,0.00332,0.00693,0.00289,0.00674,0.03030,0.12996,0.00743,0.00725
727,0.06162,0.04754,0.00909,0.02999,0.01289,0.01541,0.01127,0.14304,0.01158,0.01287,0.03669,0.02048,0.00390,0.00816,0.00397,0.00425,0.08334,0.46302,0.00882,0.01207
728,0.11597,0.03202,0.03533,0.01324,0.01847,0.01249,0.01100,0.03798,0.01809,0.01199,0.02698,0.01233,0.00490,0.01808,0.00870,0.00499,0.00725,0.57783,0.01878,0.01357
729,0.02186,0.01775,0.01778,0.01481,0.02121,0.00783,0.02769,0.01726,0.01491,0.03196,0.01540,0.01657,0.67472,0.01184,0.00604,0.01549,0.02382,0.00850,0.01600,0.01855
730,0.02319,0.56871,0.01510,0.01591,0.03151,0.00974,0.01222,0.01442,0.01718,0.01977,0.02117,0.01434,0.00726,0.01747,0.07141,0.00998,0.01796,0.00709,0.02769,0.07787
731,0.02184,0.01839,0.02861,0.01312,0.01621,0.00907,0.02824,0.01683,0.02385,0.01934,0.01368,0.02622,0.03890,0.01466,0.63619,0.02489,0.01195,0.00590,0.00996,0.02215
732,0.08099,0.02833,0.08562,0.07523,0.02381,0.07485,0.09004,0.00504,0.03680,0.02800,0.04298,0.06459,0.06219,0.14617,0.00981,0.04855,0.02152,0.01347,0.01318,0.04883
733,0.00942,0.01984,0.01454,0.13639,0.01540,0.00760,0.03343,0.01566,0.04534,0.01759,0.01190,0.01503,0.00960,0.49767,0.03903,0.06837,0.00772,0.00775,0.01369,0.01406
734,0.01684,0.01081,0.63395,0.08815,0.00860,0.06092,0.03574,0.01040,0.01138,0.00447,0.01302,0.03058,0.00637,0.00917,0.00793,0.00605,0.00632,0.00993,0.00953,0.01983
735,0.02019,0.01265,0.02631,0.67654,0.01260,0.02285,0.01051,0.01203,0.05997,0.00834,0.02058,0.01572,0.01188,0.02208,0.00621,0.00488,0.01416,0.01637,0.01383,0.01229
736,0.07404,0.27202,0.00927,0.00828,0.01021,0.00249,0.00668,0.03099,0.00653,0.29847,0.06887,0.00874,0.02888,0.01324,0.01250,0.00301,0.01614,0.11628,0.00557,0.00779
737,0.01637,0.01646,0.03033,0.02114,0.04669,0.00660,0.02195,0.50876,0.01605,0.03115,0.04135,0.03657,0.00958,0.01748,0.00633,0.02528,0.04881,0.06427,0.01644,0.01840
738,0.01473,0.04422,0.03805,0.01651,0.01828,0.66846,0.01569,0.01579,0.01612,0.00795,0.01778,0.01629,0.00882,0.01713,0.00796,0.02336,0.01010,0.01256,0.01311,0.01710
739,0.01435,0.01707,0.02724,0.02283,0.02705,0.03042,0.02171,0.02382,0.02537,0.01639,0.02178,0.02653,0.01092,0.04159,0.59701,0.00857,0.01073,0.01445,0.01958,0.02259
740,0.58156,0.01509,0.03645,0.00881,0.01585,0.03721,0.01341,0.01758,0.01735,0.00652,0.01479,0.01365,0.00627,0.01335,0.00430,0.11292,0.02189,0.03995,0.01104,0.01199
741,0.00599,0.04071,0.01420,0.01279,0.01727,0.00506,0.03600,0.01796,0.01682,0.01033,0.01598,0.01445,0.01045,0.01396,0.70348,0.02306,0.00791,0.00699,0.01182,0.01477
742,0.02641,0.27821,0.02149,0.00882,0.01735,0.01132,0.00657,0.04034,0.00944,0.01155,0.01119,0.00890,0.00387,0.00824,0.00276,0.00268,0.01378,0.50190,0.00801,0.00718
743,0.07180,0.06016,0.00908,0.00993,0.01575,0.01205,0.08448,0.02296,0.00977,0.02574,0.06787,0.01597,0.03217,0.04726,0.00593,0.42230,0.03630,0.00590,0.01065,0.03394
744,0.00933,0.01838,0.01776,0.01747,0.01424,0.00936,0.01412,0.01652,0.01757,0.05248,0.01499,0.01802,0.57648,0.08513,0.01029,0.04422,0.02329,0.00904,0.01567,0.01566
745,0.01352,0.02459,0.02497,0.04045,0.01713,0.56802,0.01851,0.02048,0.01554,0.00956,0.01719,0.01842,0.00734,0.01375,0.07755,0.02231,0.02508,0.01658,0.02819,0.02084
746,0.06663,0.11600,0.00359,0.01054,0.08271,0.02374,0.07832,0.04821,0.02802,0.04201,0.05687,0.08485,0.00586,0.02212,0.07680,0.09149,0.02423,0.04701,0.03498,0.05602
747,0.00830,0.00805,0.01202,0.02658,0.01069,0.37270,0.07236,0.03891,0.01750,0.02069,0.04800,0.15905,0.00746,0.08168,0.01924,0.01958,0.03607,0.02511,0.00696,0.00907
748,0.00580,0.01193,0.01707,0.00971,0.11899,0.01068,0.01815,0.04501,0.01085,0.04621,0.03068,0.01508,0.00401,0.01763,0.02274,0.00838,0.00481,0.01768,0.44207,0.14254
749,0.09238,0.05425,0.00777,0.01957,0.01067,0.06320,0.03255,0.02664,0.12303,0.03534,0.04932,0.07111,0.03049,0.09634,0.10373,0.08335,0.05323,0.02566,0.00861,0.01278
750,0.03653,0.06207,0.01440,0.00783,0.01477,0.01090,0.06383,0.13401,0.02834,0.08290,0.07368,0.06557,0.00470,0.03226,0.00910,0.03314,0.13256,0.15582,0.02903,0.00857
751,0.05136,0.02740,0.02499,0.02344,0.03976,0.03287,0.09297,0.03355,0.10510,0.05631,0.08009,0.02213,0.02144,0.02470,0.11609,0.04382,0.07059,0.06624,0.01928,0.04788
752,0.07972,0.00586,0.14893,0.15225,0.01801,0.03449,0.04535,0.01130,0.02269,0.00568,0.03961,0.02406,0.02008,0.08197,0.00186,0.06929,0.06451,0.02659,0.00987,0.13786
753,0.06221,0.06979,0.01484,0.01182,0.01208,0.00567,0.01337,0.02693,0.01296,0.01521,0.03337,0.09109,0.10569,0.01873,0.00658,0.09302,0.25837,0.11705,0.01161,0.01962
754,0.31914,0.07309,0.02502,0.01459,0.01416,0.15060,0.01093,0.01440,0.01734,0.00607,0.01429,0.01644,0.00842,0.01359,0.00551,0.21859,0.02071,0.02463,0.01455,0.01795
755,0.12364,0.19339,0.00889,0.00648,0.00885,0.27443,0.00903,0.00759,0.00668,0.00421,0.02782,0.00785,0.01089,0.00574,0.01497,0.11426,0.12746,0.02599,0.00669,0.01512
756,0.02886,0.09876,0.01212,0.01200,0.02931,0.01886,0.05384,0.03632,0.01178,0.23771,0.13036,0.03450,0.02719,0.03527,0.00826,0.03705,0.02341,0.09342,0.01107,0.05991
757,0.40275,0.01446,0.01391,0.02795,0.01190,0.22978,0.01040,0.01904,0.01854,0.00562,0.01422,0.01778,0.00418,0.01469,0.00438,0.10883,0.03035,0.02420,0.01191,0.01512
758,0.00686,0.01392,0.01580,0.05468,0.01714,0.01365,0.01141,0.06019,0.60534,0.00562,0.01444,0.02830,0.00565,0.03486,0.05508,0.00542,0.01924,0.00825,0.01094,0.01321
759,0.03522,0.02663,0.01254,0.01563,0.01055,0.01069,0.00965,0.01243,0.01699,0.06328,0.01267,0.07414,0.05152,0.01562,0.00489,0.52759,0.06948,0.00734,0.01315,0.01000
760,0.00663,0.06156,0.01715,0.01473,0.02871,0.00635,0.04535,0.00967,0.01347,0.00406,0.01162,0.01524,0.00403,0.01133,0.00591,0.01657,0.00569,0.00721,0.01065,0.70408
761,0.50324,0.00997,0.00818,0.04227,0.00912,0.26812,0.00862,0.01230,0.00810,0.00373,0.00792,0.00753,0.00568,0.01057,0.00370,0.02493,0.02272,0.02563,0.00934,0.00832
762,0.00425,0.03594,0.01078,0.01985,0.01076,0.00492,0.22476,0.00877,0.03166,0.06410,0.01367,0.08080,0.01203,0.36521,0.06662,0.00340,0.01496,0.00605,0.01384,0.00763
763,0.00632,0.04413,0.01299,0.01649,0.02424,0.00650,0.08995,0.04636,0.02016,0.03010,0.35290,0.01201,0.00572,0.02635,0.01809,0.01002,0.03968,0.06794,0.00876,0.16130
764,0.01148,0.01921,0.02310,0.01778,0.02012,0.02706,0.01582,0.01870,0.02077,0.01592,0.01708,0.02191,0.00854,0.01641,0.05906,0.01451,0.01151,0.00857,0.63245,0.02001
765,0.02448,0.01525,0.00657,0.00738,0.01989,0.00226,0.08670,0.01792,0.09001,0.07758,0.15867,0.03541,0.00377,0.26053,0.02649,0.04919,0.05824,0.01910,0.01102,0.02956
766,0.00480,0.04898,0.00709,0.00808,0.01425,0.00374,0.03586,0.11774,0.01054,0.39318,0.16541,0.00692,0.01592,0.00851,0.01174,0.00248,0.02450,0.10623,0.00663,0.00741
767,0.00197,0.01190,0.00542,0.00447,0.27459,0.00191,0.07982,0.06534,0.00605,0.11944,0.33695,0.01666,0.01610,0.00355,0.00682,0.00180,0.00237,0.01010,0.00358,0.03117
768,0.01251,0.05055,0.03158,0.01900,0.03004,0.01296,0.04603,0.03191,0.01640,0.01209,0.01832,0.02410,0.00520,0.01816,0.01061,0.01440,0.01407,0.01116,0.02020,0.60069
769,0.00562,0.03696,0.01113,0.01650,0.67590,0.00759,0.00818,0.02122,0.01177,0.04190,0.01086,0.01004,0.00643,0.01095,0.00471,0.05516,0.00450,0.01724,0.01250,0.03085
770,0.04873,0.01517,0.02068,0.01747,0.01380,0.01461,0.65571,0.01139,0.01006,0.01125,0.01261,0.02313,0.00552,0.01699,0.02733,0.04168,0.00444,0.00916,0.01588,0.02440
771,0.00732,0.01583,0.01091,0.01310,0.01367,0.03946,0.02285,0.03939,0.14306,0.00517,0.01586,0.01069,0.00735,0.01402,0.56980,0.03446,0.00778,0.00756,0.01123,0.01049
772,0.00929,0.01576,0.01715,0.01606,0.01733,0.04337,0.01493,0.03423,0.03294,0.00661,0.01585,0.01634,0.00639,0.01375,0.63856,0.04224,0.01031,0.01246,0.01969,0.01674
773,0.02697,0.02118,0.61922,0.03687,0.01824,0.02556,0.01097,0.01695,0.01653,0.01023,0.01803,0.04003,0.00672,0.01820,0.01084,0.00665,0.00836,0.02584,0.02872,0.03387
774,0.00535,0.03299,0.01052,0.01182,0.04457,0.00649,0.01840,0.08157,0.00854,0.44300,0.10901,0.01042,0.08759,0.00777,0.01322,0.00429,0.00444,0.07939,0.01127,0.00936
775,0.00872,0.01639,0.01351,0.01621,0.01667,0.02190,0.01090,0.01369,0.01274,0.02006,0.01304,0.00931,0.00637,0.03948,0.72689,0.00600,0.00617,0.01137,0.01673,0.01386
776,0.01267,0.05063,0.01246,0.01439,0.01229,0.00789,0.00783,0.11470,0.01308,0.35531,0.10600,0.01143,0.04124,0.01598,0.01801,0.00865,0.07593,0.09575,0.01469,0.01109
777,0.01059,0.02127,0.01403,0.01409,0.01106,0.00750,0.00857,0.06009,0.03172,0.29994,0.36083,0.00740,0.00265,0.00772,0.01977,0.00321,0.04842,0.04740,0.01426,0.00947
778,0.35896,0.01055,0.02459,0.01280,0.01313,0.17550,0.00557,0.01086,0.01219,0.00364,0.01540,0.00730,0.00452,0.00823,0.00422,0.25489,0.01649,0.03772,0.01391,0.00954
779,0.01027,0.02467,0.02909,0.02310,0.02691,0.01510,0.03256,0.04172,0.04360,0.00879,0.01801,0.53277,0.00748,0.01671,0.00897,0.05983,0.02106,0.01481,0.02393,0.04061
780,0.66481,0.01052,0.04990,0.01308,0.01006,0.03319,0.00770,0.00991,0.01256,0.00365,0.01261,0.00891,0.00466,0.01133,0.00372,0.07514,0.02169,0.02351,0.01254,0.01051
781,0.00878,0.00905,0.02136,0.02382,0.03050,0.00762,0.00912,0.40809,0.01030,0.07433,0.03099,0.01590,0.00266,0.01191,0.00461,0.01307,0.06578,0.23147,0.01027,0.01038
782,0.08601,0.13667,0.00653,0.01743,0.01026,0.01531,0.00560,0.05543,0.02408,0.06087,0.13551,0.13292,0.00070,0.11471,0.01380,0.07029,0.06805,0.03052,0.00792,0.00739
783,0.10819,0.02084,0.01148,0.01312,0.02264,0.02801,0.00766,0.01557,0.01463,0.02845,0.02126,0.01322,0.02788,0.00994,0.00423,0.44738,0.12356,0.00981,0.06002,0.01211
784,0.36978,0.03790,0.03368,0.00890,0.02158,0.03937,0.00584,0.01028,0.01421,0.00324,0.01187,0.00880,0.00624,0.00873,0.00359,0.22683,0.09956,0.07070,0.00874,0.01016
785,0.02111,0.17681,0.00715,0.01039,0.02716,0.00511,0.01104,0.06381,0.00395,0.00914,0.02399,0.00876,0.00291,0.00470,0.00177,0.00332,0.25021,0.35712,0.00314,0.00839
786,0.00094,0.00119,0.00140,0.00147,0.00169,0.00052,0.00147,0.00172,0.00179,0.00351,0.00232,0.00149,0.96533,0.00435,0.00038,0.00421,0.00218,0.00127,0.00134,0.00142
787,0.06834,0.05887,0.01452,0.03204,0.04473,0.03347,0.06989,0.05894,0.04483,0.06441,0.06714,0.03989,0.00408,0.06233,0.04996,0.07215,0.07706,0.05955,0.02469,0.05313
788,0.05144,0.05193,0.08373,0.04286,0.02599,0.05158,0.05464,0.00889,0.09084,0.04013,0.02938,0.07780,0.01683,0.07976,0.04404,0.09008,0.08767,0.01462,0.03704,0.02075
789,0.02244,0.02551,0.04697,0.03657,0.04498,0.04501,0.03678,0.03043,0.03569,0.01499,0.02659,0.04037,0.01324,0.02913,0.05587,0.02464,0.01805,0.02924,0.38213,0.04137
