site,A,C,D,E,F,G,H,I,K,L,M,N,P,Q,R,S,T,V,W,Y
677,0.22895,0.01113,0.00594,0.00574,0.00845,0.42101,0.00827,0.00758,0.01264,0.00243,0.00640,0.00758,0.00403,0.00876,0.00347,0.21452,0.02588,0.00337,0.00548,0.00836
678,0.05037,0.05839,0.10356,0.06659,0.03552,0.11021,0.05723,0.01039,0.01606,0.01332,0.04842,0.13796,0.00112,0.03399,0.01509,0.06801,0.07021,0.03873,0.02295,0.04187
679,0.46666,0.01156,0.01223,0.01278,0.02187,0.00370,0.02221,0.02661,0.02015,0.00635,0.01885,0.02370,0.00981,0.02056,0.00527,0.26518,0.00745,0.01215,0.01263,0.02029
680,0.00824,0.01393,0.01840,0.01863,0.03140,0.00551,0.01849,0.24591,0.02354,0.45078,0.01825,0.01718,0.01724,0.01813,0.00463,0.00469,0.01034,0.04309,0.01495,0.01669
681,0.05545,0.03863,0.00573,0.00467,0.02647,0.00903,0.07269,0.03205,0.10056,0.01144,0.01856,0.05453,0.00281,0.08743,0.15605,0.05441,0.10138,0.05030,0.04161,0.07621
682,0.00608,0.00830,0.00874,0.01367,0.67545,0.00432,0.01713,0.02174,0.01626,0.06459,0.01614,0.01276,0.00966,0.01967,0.00419,0.02562,0.00638,0.00381,0.03614,0.02936
683,0.00629,0.01024,0.01645,0.01063,0.01004,0.00408,0.02134,0.15665,0.01479,0.54767,0.08793,0.02118,0.01117,0.01410,0.00406,0.02413,0.00980,0.00572,0.00952,0.01421
684,0.00741,0.01602,0.18504,0.01352,0.02196,0.00512,0.03089,0.02373,0.01928,0.00532,0.01382,0.53012,0.00893,0.01568,0.00567,0.03475,0.01939,0.00552,0.01069,0.02715
685,0.00765,0.01498,0.67004,0.02461,0.01731,0.02458,0.02127,0.02063,0.01978,0.00627,0.01394,0.04033,0.01091,0.01991,0.00578,0.00621,0.00941,0.00994,0.01347,0.04298
686,0.01135,0.01844,0.02437,0.01618,0.02162,0.00529,0.02960,0.02842,0.02133,0.01227,0.61972,0.02436,0.01359,0.01864,0.01516,0.00736,0.00957,0.06569,0.01148,0.02557
687,0.06224,0.01758,0.01769,0.02107,0.02359,0.60453,0.02602,0.02664,0.02154,0.00609,0.02366,0.03154,0.00982,0.02069,0.00742,0.02635,0.01132,0.00766,0.01192,0.02263
688,0.00921,0.01769,0.02004,0.00682,0.02697,0.00529,0.02411,0.08186,0.60117,0.00608,0.01975,0.04254,0.01239,0.03695,0.01928,0.00831,0.01479,0.00785,0.01196,0.02694
689,0.02040,0.01785,0.00392,0.00336,0.00424,0.00095,0.00685,0.04876,0.00492,0.02493,0.00441,0.00635,0.00269,0.00561,0.00124,0.01356,0.65869,0.16317,0.00329,0.00480
690,0.01030,0.02091,0.02378,0.02129,0.02447,0.04358,0.03852,0.03035,0.01005,0.00748,0.01549,0.03394,0.01445,0.03092,0.59591,0.00698,0.01986,0.00767,0.01562,0.02841
691,0.00752,0.01752,0.01933,0.09281,0.01868,0.00423,0.01996,0.03229,0.50082,0.00549,0.01363,0.04029,0.00843,0.02596,0.14061,0.00652,0.01072,0.00559,0.00864,0.02095
692,0.04129,0.00976,0.34353,0.06675,0.03475,0.16068,0.05601,0.01341,0.01407,0.00473,0.01438,0.10536,0.00786,0.01313,0.00313,0.02420,0.01169,0.00349,0.05082,0.02097
693,0.02895,0.12686,0.00410,0.00661,0.00538,0.00109,0.07949,0.12481,0.01490,0.11705,0.04513,0.01372,0.00309,0.06323,0.01002,0.02924,0.08719,0.23119,0.00327,0.00469
694,0.09317,0.04098,0.06433,0.07521,0.01269,0.22994,0.02098,0.00992,0.00587,0.05867,0.09473,0.03876,0.05746,0.15816,0.00076,0.01048,0.00508,0.00458,0.00557,0.01267
695,0.01006,0.02628,0.02023,0.58405,0.04570,0.02723,0.04021,0.04316,0.00953,0.00639,0.01951,0.04272,0.01277,0.02024,0.00684,0.00902,0.01236,0.01256,0.01343,0.03770
696,0.00852,0.02485,0.02082,0.01337,0.02156,0.00490,0.03514,0.03064,0.02485,0.00996,0.01928,0.03958,0.01361,0.02263,0.08943,0.00882,0.01407,0.00720,0.56769,0.02310
697,0.11029,0.07356,0.03099,0.03653,0.04260,0.07103,0.10052,0.00829,0.05983,0.02908,0.04415,0.06471,0.00279,0.05833,0.03577,0.11095,0.03892,0.01113,0.01667,0.05388
698,0.18130,0.02767,0.04698,0.15931,0.00823,0.02007,0.02482,0.00940,0.01299,0.00341,0.01838,0.01931,0.28956,0.07567,0.00486,0.07768,0.00334,0.00513,0.00519,0.00670
699,0.02155,0.01933,0.02073,0.01030,0.02595,0.00656,0.03308,0.04402,0.01967,0.01423,0.01949,0.03436,0.04222,0.02422,0.00557,0.57793,0.03638,0.00731,0.01368,0.02340
700,0.05118,0.06237,0.00344,0.00427,0.04473,0.01491,0.05424,0.07160,0.03985,0.07254,0.08627,0.07160,0.06722,0.08983,0.02130,0.02506,0.07691,0.09152,0.01338,0.03780
701,0.02600,0.02196,0.02865,0.00694,0.02462,0.61019,0.02753,0.02835,0.02295,0.00795,0.01993,0.02474,0.01663,0.02565,0.01937,0.01376,0.01330,0.01736,0.01662,0.02750
702,0.00446,0.02815,0.00647,0.00564,0.14856,0.00349,0.08542,0.07836,0.00797,0.05000,0.06320,0.00769,0.00329,0.00894,0.01116,0.00378,0.01022,0.04782,0.16564,0.25974
703,0.05523,0.05109,0.09172,0.06839,0.04197,0.03329,0.09019,0.05493,0.00302,0.05135,0.05085,0.05555,0.01227,0.08290,0.02209,0.04977,0.05384,0.04665,0.02086,0.06405
704,0.01955,0.04977,0.11248,0.02236,0.01793,0.00526,0.03947,0.01124,0.01013,0.00486,0.00611,0.29761,0.00571,0.04527,0.00915,0.27454,0.02851,0.00494,0.01619,0.01892
705,0.00850,0.01472,0.02105,0.01148,0.01983,0.00472,0.03683,0.02366,0.01911,0.00552,0.01452,0.03471,0.01477,0.01920,0.01792,0.00624,0.01383,0.00617,0.68428,0.02294
706,0.01680,0.02932,0.08148,0.49135,0.02973,0.01808,0.04437,0.03366,0.01787,0.00928,0.02176,0.03419,0.01474,0.04981,0.00704,0.00897,0.02479,0.01166,0.01874,0.03634
707,0.01327,0.02771,0.24906,0.32551,0.02872,0.05837,0.03532,0.02605,0.01768,0.00733,0.02149,0.05325,0.01009,0.03686,0.00649,0.01241,0.01346,0.01249,0.01602,0.02842
708,0.07479,0.01489,0.03553,0.01836,0.01824,0.00435,0.03050,0.10779,0.02960,0.01189,0.02674,0.02098,0.01208,0.03990,0.00851,0.00661,0.02060,0.48370,0.01631,0.01866
709,0.01409,0.02612,0.02636,0.03907,0.04390,0.00488,0.03402,0.04105,0.01458,0.01174,0.03920,0.04806,0.49399,0.02765,0.00396,0.01909,0.02737,0.01990,0.01167,0.05329
710,0.00777,0.03556,0.01719,0.01324,0.52123,0.00394,0.03289,0.03468,0.02409,0.03647,0.02415,0.03134,0.01405,0.02356,0.00650,0.09588,0.01213,0.01495,0.02943,0.02095
711,0.00916,0.50168,0.04005,0.01671,0.03370,0.01281,0.03682,0.05383,0.02709,0.00887,0.02609,0.06192,0.01157,0.03429,0.03455,0.01638,0.01802,0.00964,0.00982,0.03699
712,0.01072,0.02672,0.02434,0.01630,0.05146,0.00874,0.02452,0.03900,0.03214,0.01085,0.03515,0.03165,0.01775,0.02702,0.00729,0.54733,0.01998,0.01054,0.02188,0.03662
713,0.00744,0.02122,0.01931,0.01332,0.03384,0.00382,0.43135,0.03655,0.01536,0.00993,0.02174,0.20127,0.01042,0.01316,0.02853,0.00721,0.01293,0.00809,0.01140,0.09312
714,0.01364,0.02795,0.02743,0.02317,0.04837,0.00929,0.44961,0.04228,0.02754,0.01304,0.02936,0.05073,0.00959,0.02885,0.01667,0.01658,0.01925,0.01372,0.02934,0.10360
715,0.00640,0.02489,0.01993,0.01523,0.37849,0.00380,0.02876,0.01997,0.02557,0.05804,0.02167,0.02683,0.00847,0.02306,0.00500,0.05178,0.01258,0.00604,0.14212,0.12137
716,0.05167,0.04042,0.03976,0.02199,0.01540,0.01561,0.22408,0.02482,0.01832,0.00638,0.02113,0.30802,0.00718,0.05914,0.00532,0.06246,0.02981,0.01868,0.01315,0.01666
717,0.01239,0.02077,0.00834,0.03355,0.01148,0.00162,0.02802,0.02044,0.29937,0.09919,0.09280,0.01126,0.00463,0.11381,0.14773,0.01838,0.04325,0.01082,0.00590,0.01624
718,0.02443,0.10139,0.01225,0.00724,0.01646,0.00247,0.00852,0.18818,0.00834,0.27725,0.08175,0.01222,0.03388,0.00686,0.00759,0.00355,0.00601,0.18191,0.00705,0.01264
719,0.00825,0.02338,0.01933,0.01441,0.21294,0.00446,0.06395,0.02395,0.02020,0.00617,0.02036,0.03090,0.00976,0.01630,0.00525,0.00715,0.01068,0.00846,0.17646,0.31763
720,0.00871,0.02130,0.01965,0.02058,0.07606,0.00763,0.03146,0.07955,0.03786,0.29600,0.24154,0.02526,0.02592,0.02132,0.00801,0.00646,0.01014,0.01022,0.02146,0.03087
721,0.01061,0.02343,0.03346,0.10420,0.03647,0.01139,0.06285,0.04888,0.33353,0.00947,0.01946,0.04600,0.01207,0.03076,0.09019,0.03274,0.03252,0.01034,0.02180,0.02982
722,0.01892,0.03609,0.43797,0.02662,0.03718,0.07840,0.03390,0.03808,0.03382,0.01320,0.04935,0.01642,0.01404,0.03648,0.00912,0.01065,0.01761,0.01252,0.02422,0.05540
723,0.01213,0.01845,0.01900,0.04818,0.02492,0.51945,0.06495,0.02207,0.03599,0.01259,0.03482,0.01945,0.01776,0.04504,0.00788,0.01192,0.01438,0.00971,0.04130,0.02001
724,0.00934,0.02168,0.02507,0.01886,0.03864,0.06326,0.01792,0.03757,0.03116,0.00829,0.02264,0.02553,0.00778,0.02579,0.57259,0.00695,0.01096,0.01102,0.01832,0.02665
725,0.07204,0.06645,0.02666,0.04971,0.07797,0.07050,0.06222,0.00735,0.02388,0.00262,0.01735,0.06460,0.03812,0.03571,0.01815,0.11893,0.04646,0.01551,0.11275,0.07302
726,0.00479,0.01387,0.01409,0.01177,0.01011,0.00465,0.01040,0.23338,0.02263,0.26310,0.16158,0.01874,0.00368,0.01086,0.00410,0.00386,0.01307,0.17144,0.01257,0.01130
727,0.04854,0.11849,0.01527,0.01450,0.02460,0.00694,0.02022,0.12951,0.02026,0.00746,0.02509,0.02772,0.00586,0.01378,0.00553,0.00607,0.08587,0.39042,0.01321,0.02066
728,0.13656,0.04295,0.02973,0.02053,0.02460,0.00458,0.01630,0.06004,0.03122,0.00707,0.03915,0.01931,0.00632,0.03274,0.01204,0.00838,0.01129,0.44113,0.03456,0.02149
729,0.02980,0.03066,0.03554,0.02519,0.04596,0.01190,0.02103,0.03124,0.02742,0.00803,0.02755,0.03192,0.55387,0.01935,0.00727,0.00512,0.01185,0.01283,0.03117,0.03229
730,0.00991,0.48250,0.03032,0.03108,0.03292,0.00719,0.02313,0.02829,0.03478,0.01050,0.03089,0.02741,0.01135,0.03258,0.07026,0.01451,0.01757,0.01082,0.02575,0.06822
731,0.00830,0.01952,0.07692,0.02093,0.02977,0.00620,0.01307,0.03054,0.03300,0.00834,0.02278,0.07414,0.01724,0.02532,0.51176,0.01220,0.01387,0.00820,0.01525,0.05263
732,0.08086,0.02910,0.08674,0.10393,0.02693,0.07954,0.08015,0.00908,0.03112,0.03675,0.04145,0.04202,0.06199,0.16466,0.00579,0.04299,0.01963,0.01332,0.01077,0.03317
733,0.02031,0.03823,0.02388,0.10255,0.02728,0.01143,0.01520,0.02662,0.03932,0.01085,0.01975,0.02729,0.00828,0.39873,0.04112,0.10614,0.02466,0.01136,0.02155,0.02542
734,0.01255,0.01808,0.52736,0.15775,0.01354,0.06978,0.02250,0.01549,0.01953,0.00463,0.01551,0.05086,0.00558,0.01406,0.00516,0.00582,0.00724,0.00599,0.01528,0.01330
735,0.01115,0.02232,0.01862,0.58701,0.02261,0.04757,0.01825,0.02012,0.06374,0.00883,0.02715,0.02167,0.00914,0.03331,0.00983,0.00756,0.01210,0.00861,0.02689,0.02351
736,0.08573,0.21163,0.01360,0.01101,0.01593,0.00344,0.00938,0.02256,0.00987,0.24868,0.08088,0.01826,0.05035,0.03684,0.00650,0.00385,0.02619,0.12533,0.00829,0.01167
737,0.01319,0.02808,0.03198,0.04262,0.04541,0.00907,0.04158,0.36882,0.02630,0.04863,0.03057,0.03342,0.01304,0.02984,0.00828,0.02355,0.06618,0.07601,0.02805,0.03538
738,0.01382,0.03624,0.02302,0.02896,0.03819,0.53803,0.03203,0.03199,0.03018,0.01191,0.03810,0.03091,0.01396,0.03471,0.00852,0.00640,0.01575,0.01001,0.02207,0.03519
739,0.02085,0.03015,0.05618,0.04154,0.05740,0.01797,0.02686,0.04829,0.03463,0.00684,0.04093,0.05585,0.00685,0.02464,0.40584,0.01175,0.01439,0.02206,0.02413,0.05286
740,0.47439,0.04299,0.02618,0.01472,0.02967,0.03831,0.02336,0.03785,0.03437,0.01007,0.02724,0.02460,0.00634,0.02531,0.00631,0.10443,0.00522,0.03018,0.01694,0.02150
741,0.00884,0.02669,0.02658,0.02204,0.03776,0.00611,0.05635,0.03699,0.03217,0.00738,0.02933,0.02590,0.00720,0.02596,0.56532,0.01248,0.01234,0.01029,0.02028,0.02997
742,0.01914,0.34756,0.01154,0.01505,0.01332,0.00615,0.00944,0.03530,0.01576,0.00636,0.02270,0.01384,0.00554,0.01339,0.00384,0.00388,0.00908,0.42452,0.01264,0.01094
743,0.05255,0.07569,0.01916,0.02051,0.02043,0.00858,0.05825,0.02050,0.02169,0.02597,0.05433,0.02560,0.03560,0.03902,0.00714,0.43163,0.02557,0.00688,0.01608,0.03481
744,0.01285,0.03661,0.03483,0.03592,0.02691,0.01461,0.01403,0.03096,0.03651,0.03020,0.02799,0.03541,0.47071,0.05992,0.01075,0.03114,0.01603,0.01448,0.02995,0.03019
745,0.01062,0.02673,0.06140,0.02860,0.03452,0.45635,0.03548,0.03046,0.02937,0.00773,0.03240,0.03746,0.01043,0.02516,0.06095,0.01537,0.02208,0.01149,0.01950,0.04389
746,0.08043,0.10352,0.00530,0.00891,0.06151,0.02142,0.06741,0.03466,0.03916,0.03194,0.07577,0.09517,0.00368,0.01417,0.09255,0.10684,0.03495,0.05270,0.02235,0.04755
747,0.00641,0.01148,0.01227,0.01251,0.01528,0.38850,0.06728,0.03642,0.02030,0.02058,0.05159,0.18587,0.00844,0.06265,0.00982,0.01217,0.02282,0.02797,0.01446,0.01320
748,0.00788,0.01152,0.01773,0.01889,0.09634,0.01224,0.04287,0.04565,0.02405,0.04555,0.02451,0.01870,0.00761,0.01665,0.00737,0.00601,0.00884,0.01418,0.44885,0.12455
749,0.09933,0.05917,0.00770,0.02401,0.01129,0.05831,0.01896,0.02409,0.16521,0.03968,0.04264,0.05664,0.02701,0.09760,0.08377,0.08875,0.04794,0.02324,0.01114,0.01352
750,0.04622,0.08828,0.01163,0.01004,0.01443,0.01373,0.06137,0.13116,0.03031,0.07575,0.05978,0.05520,0.00312,0.02238,0.01016,0.02461,0.14317,0.16722,0.01941,0.01203
751,0.04708,0.04531,0.01831,0.01736,0.04213,0.02771,0.09852,0.02958,0.10581,0.04928,0.09354,0.02291,0.02200,0.02403,0.10973,0.04427,0.08870,0.05919,0.01484,0.03972
752,0.07613,0.01109,0.11688,0.16762,0.01347,0.04776,0.03881,0.01456,0.02046,0.00483,0.02787,0.01821,0.03248,0.08084,0.00365,0.07818,0.07920,0.01599,0.01009,0.14188
753,0.05451,0.06442,0.02408,0.02068,0.01920,0.00786,0.01373,0.01471,0.02108,0.00852,0.05065,0.08937,0.15715,0.02778,0.00582,0.09234,0.21057,0.08072,0.01836,0.01844
754,0.25215,0.10277,0.01940,0.02642,0.02463,0.13889,0.01722,0.02323,0.03224,0.00867,0.02340,0.02942,0.00650,0.02376,0.00812,0.18307,0.00886,0.01185,0.02544,0.03396
755,0.14021,0.16408,0.01444,0.00941,0.00933,0.23709,0.00972,0.01052,0.00960,0.00350,0.02475,0.01150,0.01287,0.00870,0.01547,0.17033,0.10017,0.03060,0.01056,0.00715
756,0.03177,0.12598,0.02154,0.02034,0.01402,0.02319,0.06446,0.02592,0.02338,0.20886,0.11403,0.02781,0.03178,0.02379,0.00570,0.04241,0.01669,0.06254,0.01799,0.09780
757,0.30421,0.01940,0.02110,0.01889,0.01899,0.23884,0.01512,0.02048,0.03313,0.00706,0.02311,0.01961,0.00435,0.02463,0.00554,0.14440,0.02837,0.00835,0.01687,0.02754
758,0.01117,0.02672,0.02843,0.07676,0.03601,0.01171,0.02073,0.04549,0.50748,0.00876,0.02656,0.01778,0.00882,0.04019,0.05317,0.00859,0.01420,0.01410,0.01885,0.02448
759,0.02500,0.02599,0.02113,0.03004,0.01622,0.01279,0.01608,0.02218,0.03517,0.05325,0.02090,0.07408,0.05493,0.02236,0.00726,0.45098,0.05579,0.01236,0.02631,0.01721
760,0.00952,0.10176,0.02185,0.02656,0.01680,0.00936,0.08356,0.01496,0.02343,0.00556,0.02012,0.01703,0.00601,0.01877,0.00620,0.01079,0.00802,0.01068,0.01744,0.57155
761,0.43837,0.01620,0.01312,0.02806,0.01437,0.27876,0.01466,0.02180,0.01325,0.00578,0.01233,0.01189,0.00515,0.01791,0.00551,0.03783,0.01826,0.01748,0.01567,0.01361
762,0.00586,0.07285,0.01764,0.01539,0.01657,0.00676,0.21662,0.01319,0.03296,0.06698,0.02187,0.08780,0.00477,0.29684,0.06997,0.00466,0.01309,0.00828,0.01666,0.01126
763,0.01373,0.05809,0.01881,0.02788,0.01658,0.00816,0.16508,0.05815,0.01682,0.03505,0.26779,0.01814,0.00795,0.02431,0.00978,0.00775,0.02675,0.05068,0.01220,0.15629
764,0.01705,0.01722,0.05250,0.03150,0.03814,0.01855,0.02719,0.03533,0.04133,0.00928,0.03225,0.04331,0.01233,0.02962,0.04314,0.01265,0.01685,0.01246,0.46886,0.04045
765,0.02036,0.02510,0.01309,0.01040,0.02407,0.00463,0.10197,0.02089,0.07331,0.05110,0.14564,0.02976,0.00245,0.28651,0.01973,0.06670,0.05308,0.01277,0.01254,0.02590
766,0.00522,0.03727,0.01268,0.01444,0.01693,0.00575,0.02369,0.09206,0.02027,0.35577,0.19056,0.01163,0.01039,0.01034,0.00698,0.00377,0.02541,0.13358,0.01087,0.01240
767,0.00225,0.00939,0.00552,0.00503,0.26801,0.00201,0.16978,0.05212,0.00593,0.08070,0.31127,0.02465,0.00736,0.00393,0.00230,0.00190,0.00250,0.00685,0.00406,0.03443
768,0.01304,0.17044,0.03069,0.02610,0.03183,0.01309,0.16415,0.06264,0.01802,0.00862,0.01910,0.02704,0.00419,0.02168,0.01073,0.01062,0.01587,0.01133,0.02554,0.31528
769,0.00889,0.04230,0.01961,0.03334,0.58592,0.01277,0.01371,0.01794,0.02174,0.03170,0.02021,0.01697,0.00661,0.01950,0.00713,0.07304,0.00693,0.01458,0.02326,0.02386
770,0.04274,0.02745,0.02108,0.03482,0.02456,0.02018,0.56227,0.01923,0.01641,0.00603,0.02182,0.01538,0.00319,0.01874,0.03196,0.05934,0.00660,0.01456,0.03015,0.02349
771,0.01167,0.03120,0.02011,0.02341,0.02674,0.03885,0.02290,0.02338,0.15986,0.00721,0.02115,0.01705,0.01113,0.02636,0.47773,0.01847,0.00869,0.01249,0.02165,0.01995
772,0.01309,0.02755,0.03121,0.03019,0.03180,0.06737,0.02418,0.02124,0.04258,0.00882,0.02716,0.02743,0.00844,0.02259,0.48848,0.03120,0.01146,0.02033,0.03733,0.02754
773,0.02139,0.04378,0.49039,0.03047,0.03333,0.00675,0.01727,0.03053,0.02924,0.01620,0.03555,0.02474,0.00945,0.03570,0.01690,0.00966,0.01315,0.02338,0.08662,0.02549
774,0.00806,0.03431,0.01766,0.02073,0.05696,0.01018,0.00913,0.08662,0.01435,0.37131,0.10510,0.01718,0.09672,0.01155,0.00908,0.00651,0.00660,0.08244,0.01935,0.01616
775,0.01203,0.03148,0.02250,0.03169,0.03436,0.02024,0.01802,0.02711,0.02441,0.00773,0.02347,0.01513,0.00885,0.02128,0.60468,0.00962,0.00957,0.01886,0.03285,0.02614
776,0.01147,0.03781,0.02404,0.02710,0.02295,0.01294,0.01228,0.10732,0.02359,0.31025,0.08842,0.02183,0.04148,0.00909,0.00744,0.01420,0.07064,0.10836,0.02867,0.02011
777,0.02095,0.03292,0.02356,0.02370,0.01754,0.01139,0.01312,0.07130,0.02537,0.28990,0.29567,0.01125,0.00344,0.01187,0.01007,0.00452,0.03892,0.05209,0.02741,0.01502
778,0.30833,0.01720,0.02391,0.02523,0.02465,0.19401,0.00862,0.01991,0.02093,0.00537,0.03058,0.01201,0.00392,0.01454,0.00617,0.21108,0.01341,0.01684,0.02769,0.01563
779,0.01587,0.05784,0.00704,0.04710,0.07269,0.01969,0.02804,0.03833,0.03067,0.01296,0.03044,0.39899,0.01025,0.03114,0.01261,0.05091,0.01836,0.02436,0.05827,0.03447
780,0.56283,0.01745,0.03300,0.02452,0.01842,0.03348,0.01172,0.01591,0.02143,0.00536,0.02323,0.01366,0.00319,0.01831,0.00550,0.12072,0.01782,0.01442,0.02216,0.01687
781,0.01102,0.01165,0.03842,0.04711,0.01440,0.00951,0.01151,0.28335,0.01363,0.05728,0.03954,0.01451,0.00300,0.01735,0.00512,0.00673,0.07603,0.31119,0.01413,0.01450
782,0.06725,0.13442,0.01161,0.04480,0.01055,0.01287,0.00461,0.04043,0.02600,0.04203,0.14544,0.16631,0.00125,0.11954,0.00616,0.05125,0.07752,0.02325,0.01231,0.00240
783,0.08439,0.03488,0.01849,0.02250,0.07044,0.04688,0.01215,0.02747,0.02371,0.01405,0.04377,0.02105,0.01557,0.01459,0.00585,0.34828,0.11661,0.01441,0.04473,0.02019
784,0.30580,0.03727,0.02053,0.01443,0.04253,0.05426,0.00871,0.01750,0.02534,0.00450,0.01919,0.01372,0.00392,0.01412,0.00519,0.18960,0.09876,0.09294,0.01417,0.01751
785,0.01151,0.17232,0.01060,0.00435,0.06904,0.00215,0.01830,0.08471,0.00572,0.02446,0.05552,0.01382,0.00396,0.00672,0.00232,0.00461,0.20082,0.29203,0.00427,0.01277
786,0.00128,0.00206,0.00234,0.00250,0.00292,0.00088,0.00144,0.00290,0.00314,0.00378,0.00390,0.00255,0.95606,0.00212,0.00074,0.00349,0.00107,0.00224,0.00219,0.00241
787,0.05861,0.05636,0.04132,0.03017,0.03638,0.03856,0.08403,0.05819,0.03815,0.05748,0.06980,0.03726,0.00987,0.07244,0.05629,0.07388,0.05870,0.05726,0.01797,0.04728
788,0.06133,0.02200,0.05275,0.02478,0.01403,0.35960,0.03664,0.00617,0.04718,0.01631,0.01494,0.04748,0.00965,0.07797,0.02416,0.04853,0.07502,0.00619,0.04493,0.01036
789,0.02006,0.00525,0.10652,0.06316,0.10121,0.04862,0.06585,0.03844,0.06105,0.00690,0.04025,0.07681,0.00986,0.02998,0.03980,0.00993,0.01347,0.03948,0.12964,0.09375
