site,A,C,D,E,F,G,H,I,K,L,M,N,P,Q,R,S,T,V,W,Y
677,0.24125,0.00662,0.00592,0.00806,0.00498,0.43534,0.00482,0.00449,0.00595,0.00156,0.00408,0.00475,0.00477,0.00436,0.00269,0.21716,0.02326,0.01179,0.00329,0.00488
678,0.04645,0.08918,0.11750,0.07394,0.03893,0.11683,0.04548,0.01486,0.02028,0.01276,0.03831,0.11819,0.00171,0.03795,0.01738,0.06873,0.06077,0.02534,0.01413,0.04132
679,0.53949,0.00728,0.00944,0.00802,0.01252,0.00449,0.01249,0.01406,0.01135,0.00408,0.01045,0.01266,0.01401,0.01205,0.00372,0.26118,0.01700,0.02672,0.00785,0.01113
680,0.00378,0.01071,0.00829,0.00844,0.04892,0.00275,0.02887,0.32016,0.01013,0.41009,0.01265,0.00790,0.02711,0.00859,0.00417,0.00236,0.00520,0.06495,0.00757,0.00736
681,0.05013,0.04436,0.00202,0.00156,0.04201,0.01627,0.08537,0.02614,0.06540,0.01915,0.02600,0.07387,0.00092,0.08482,0.09836,0.05800,0.09846,0.04988,0.07296,0.08434
682,0.00382,0.01223,0.00531,0.00799,0.74815,0.00288,0.00984,0.03155,0.00875,0.03206,0.00941,0.00779,0.01242,0.01088,0.00278,0.03846,0.00399,0.00562,0.01989,0.02619
683,0.00386,0.00624,0.00928,0.00641,0.01915,0.00269,0.01149,0.18915,0.00882,0.60501,0.03969,0.01152,0.00848,0.00781,0.00259,0.03056,0.00582,0.00779,0.01530,0.00835
684,0.00516,0.01029,0.05469,0.00907,0.01253,0.00371,0.04093,0.02066,0.03043,0.00388,0.00898,0.66969,0.00623,0.00986,0.00416,0.03415,0.03018,0.00404,0.00718,0.03416
685,0.01074,0.00825,0.71904,0.01944,0.00907,0.03978,0.01378,0.01048,0.01052,0.00381,0.00773,0.04561,0.00619,0.01050,0.00349,0.00384,0.00537,0.01757,0.00754,0.04725
686,0.01048,0.01045,0.01313,0.00986,0.01202,0.00365,0.01490,0.03099,0.02508,0.02300,0.70110,0.01357,0.00834,0.01048,0.02190,0.00484,0.03308,0.03215,0.00754,0.01344
687,0.06061,0.01014,0.01043,0.03247,0.01284,0.70412,0.01397,0.01397,0.01179,0.00412,0.01260,0.01580,0.00597,0.01164,0.01972,0.01614,0.00722,0.01674,0.00767,0.01203
688,0.00553,0.00994,0.01036,0.03227,0.01209,0.00546,0.01195,0.08772,0.64079,0.00389,0.01374,0.04509,0.00669,0.02635,0.03784,0.00490,0.02123,0.00479,0.00679,0.01257
689,0.01923,0.02468,0.00409,0.00189,0.00448,0.00160,0.00368,0.03538,0.00261,0.04014,0.00355,0.00333,0.00153,0.00299,0.00073,0.02217,0.66712,0.15633,0.00181,0.00264
690,0.00685,0.01142,0.01301,0.01186,0.01378,0.03303,0.01838,0.01546,0.02899,0.00489,0.02218,0.01726,0.00877,0.01560,0.69601,0.01040,0.02664,0.00510,0.02496,0.01539
691,0.00702,0.01213,0.01138,0.04523,0.01156,0.00417,0.01220,0.03640,0.64727,0.00398,0.00869,0.03322,0.00601,0.02034,0.09642,0.00492,0.01478,0.00427,0.00605,0.01395
692,0.05584,0.00621,0.26977,0.09081,0.03041,0.18611,0.05792,0.00531,0.00549,0.00476,0.01337,0.12792,0.00331,0.01290,0.00130,0.03054,0.01160,0.00494,0.06098,0.02053
693,0.02324,0.13406,0.00210,0.00792,0.00373,0.00056,0.07135,0.10958,0.01516,0.12004,0.03388,0.01757,0.00535,0.06176,0.00884,0.02121,0.07727,0.28224,0.00177,0.00237
694,0.08980,0.02790,0.09643,0.12394,0.00699,0.22960,0.02469,0.01033,0.00434,0.05028,0.06110,0.03152,0.06421,0.14498,0.00564,0.00873,0.00486,0.00473,0.00398,0.00597
695,0.01331,0.01447,0.02345,0.68822,0.02010,0.04213,0.01888,0.02033,0.02869,0.00434,0.01128,0.02080,0.00775,0.01581,0.00634,0.00601,0.00796,0.02207,0.00871,0.01937
696,0.00555,0.03625,0.01151,0.00784,0.01189,0.00706,0.01696,0.01594,0.01410,0.01876,0.01122,0.02037,0.00864,0.01291,0.08476,0.00665,0.00924,0.00655,0.68117,0.01262
697,0.12492,0.05437,0.05488,0.05101,0.05486,0.07127,0.09030,0.00874,0.02270,0.03087,0.05310,0.04142,0.00090,0.08193,0.01063,0.12185,0.05338,0.01314,0.02168,0.03808
698,0.17701,0.01708,0.05857,0.17932,0.00798,0.01343,0.01063,0.00651,0.01037,0.01390,0.00952,0.01142,0.34273,0.03523,0.00182,0.08652,0.00409,0.00386,0.00407,0.00597
699,0.02506,0.01120,0.01213,0.00642,0.01510,0.00436,0.01564,0.01965,0.01154,0.03091,0.01175,0.01812,0.04649,0.01294,0.00361,0.68038,0.04032,0.00490,0.01648,0.01301
700,0.04838,0.05079,0.00356,0.00516,0.04681,0.00746,0.04816,0.07547,0.05761,0.06171,0.09455,0.06173,0.07974,0.08431,0.01903,0.02170,0.08198,0.10084,0.01681,0.03419
701,0.01644,0.01252,0.01517,0.02045,0.01390,0.73386,0.01489,0.01544,0.01317,0.00516,0.01164,0.01398,0.01406,0.01350,0.01795,0.00580,0.00861,0.02953,0.00973,0.01421
702,0.00285,0.02103,0.00358,0.00308,0.13372,0.00478,0.12072,0.09994,0.00419,0.05265,0.06209,0.00412,0.00186,0.00761,0.01066,0.00209,0.00963,0.04168,0.16108,0.25264
703,0.06247,0.04095,0.10360,0.09358,0.03760,0.03145,0.10352,0.04588,0.00352,0.05662,0.05467,0.04510,0.00985,0.06104,0.01741,0.04882,0.04975,0.04623,0.01567,0.07226
704,0.02536,0.06903,0.04990,0.01792,0.00981,0.00191,0.04359,0.01484,0.01781,0.00218,0.00554,0.35213,0.00390,0.04128,0.00701,0.25981,0.03814,0.00306,0.01497,0.02184
705,0.00545,0.02582,0.01253,0.00678,0.01118,0.00924,0.01786,0.01262,0.01054,0.01169,0.00832,0.01690,0.00855,0.01410,0.02083,0.00660,0.00823,0.00400,0.77215,0.01663
706,0.01367,0.01532,0.05387,0.59183,0.01575,0.03455,0.02850,0.01746,0.03703,0.00602,0.01610,0.01783,0.00911,0.03761,0.00472,0.00603,0.02043,0.02332,0.01190,0.03896
707,0.01412,0.02269,0.26227,0.36961,0.01500,0.05549,0.01718,0.01336,0.03674,0.00465,0.01996,0.05589,0.00627,0.05011,0.00418,0.01351,0.00696,0.01126,0.00683,0.01393
708,0.07368,0.00919,0.03978,0.01130,0.02383,0.00895,0.01681,0.08166,0.01640,0.01368,0.01546,0.01223,0.00744,0.02148,0.00590,0.00458,0.01122,0.60552,0.01027,0.01062
709,0.01605,0.02646,0.01329,0.04020,0.01748,0.00299,0.04190,0.02267,0.01046,0.02190,0.04961,0.02815,0.50908,0.03762,0.00480,0.03387,0.03930,0.01929,0.00674,0.05814
710,0.00492,0.03149,0.00974,0.00801,0.60472,0.00265,0.01544,0.03430,0.01264,0.04910,0.01262,0.01566,0.01347,0.01215,0.00418,0.08247,0.00734,0.02691,0.01512,0.03708
711,0.00660,0.64328,0.01988,0.01050,0.03201,0.00877,0.02447,0.02224,0.01466,0.00602,0.01510,0.02526,0.00826,0.01899,0.04515,0.02842,0.01168,0.00676,0.00944,0.04250
712,0.01709,0.01633,0.01368,0.01002,0.05364,0.00592,0.01375,0.01731,0.01736,0.01103,0.01773,0.01637,0.03141,0.01371,0.00507,0.65926,0.01878,0.00707,0.01297,0.04150
713,0.00557,0.01351,0.02470,0.00941,0.01872,0.00318,0.59610,0.01966,0.01013,0.02132,0.01431,0.08763,0.02477,0.01030,0.03978,0.00542,0.00962,0.00619,0.00841,0.07126
714,0.00877,0.02137,0.02598,0.01420,0.02198,0.00661,0.57485,0.02137,0.01570,0.02055,0.01712,0.04799,0.01781,0.02783,0.03845,0.01081,0.02512,0.00878,0.01675,0.05794
715,0.00422,0.02703,0.01146,0.00908,0.44148,0.00262,0.01987,0.02328,0.01385,0.04074,0.01188,0.01389,0.00743,0.01281,0.00348,0.05008,0.00825,0.00855,0.22946,0.06052
716,0.07071,0.04486,0.05627,0.02242,0.00667,0.01174,0.27338,0.02489,0.01987,0.00476,0.01374,0.26133,0.00321,0.05956,0.00250,0.03380,0.03845,0.02879,0.00605,0.01699
717,0.00853,0.00636,0.00633,0.04179,0.00834,0.00188,0.02288,0.02392,0.38720,0.07447,0.05137,0.01668,0.00354,0.08758,0.20437,0.00438,0.02621,0.01082,0.00380,0.00955
718,0.01354,0.08068,0.00732,0.00470,0.01006,0.00156,0.00552,0.17731,0.00531,0.30833,0.09894,0.00732,0.03105,0.01451,0.00861,0.00216,0.00318,0.20822,0.00467,0.00702
719,0.00572,0.03773,0.02737,0.00931,0.13119,0.00330,0.05477,0.02757,0.01205,0.00564,0.01248,0.02955,0.00672,0.00994,0.00537,0.01113,0.00709,0.00808,0.20700,0.38796
720,0.00598,0.01274,0.01142,0.01270,0.05061,0.00523,0.03755,0.10276,0.01759,0.36264,0.24496,0.01316,0.03836,0.01861,0.01398,0.00464,0.00895,0.01013,0.01208,0.01589
721,0.00901,0.01611,0.02107,0.05969,0.02906,0.01270,0.06838,0.02372,0.51304,0.01076,0.02342,0.02843,0.00949,0.03702,0.03871,0.02699,0.02735,0.00874,0.01524,0.02109
722,0.02896,0.03666,0.57909,0.03931,0.01990,0.04339,0.02150,0.01960,0.01770,0.00905,0.02308,0.03787,0.00959,0.01780,0.00672,0.01077,0.01139,0.01583,0.01483,0.03697
723,0.01346,0.01221,0.01187,0.03461,0.01481,0.66837,0.02556,0.01356,0.01798,0.00872,0.01872,0.01212,0.01114,0.02276,0.02559,0.00520,0.00965,0.01874,0.04261,0.01235
724,0.00639,0.01726,0.01425,0.01121,0.01852,0.03532,0.01133,0.04082,0.03603,0.00570,0.01333,0.01414,0.00533,0.01488,0.68905,0.01914,0.01216,0.00994,0.01089,0.01431
725,0.07974,0.07342,0.02050,0.03829,0.07306,0.04991,0.06684,0.00383,0.02538,0.00239,0.01648,0.07414,0.03907,0.02328,0.01295,0.13598,0.04242,0.01741,0.10980,0.09513
726,0.00561,0.00919,0.00897,0.00766,0.01504,0.00337,0.00686,0.27868,0.01232,0.27796,0.15332,0.02766,0.00323,0.00699,0.00279,0.00670,0.02976,0.12940,0.00747,0.00703
727,0.06054,0.04562,0.00934,0.02649,0.01404,0.01531,0.01171,0.14172,0.01181,0.01275,0.03253,0.01955,0.00418,0.00936,0.00401,0.00413,0.08523,0.47100,0.00874,0.01194
728,0.11951,0.03137,0.03414,0.01288,0.01826,0.01264,0.01069,0.03934,0.01761,0.01193,0.02670,0.01238,0.00484,0.01759,0.00823,0.00674,0.00774,0.57558,0.01827,0.01354
729,0.02173,0.01696,0.01800,0.01466,0.02136,0.00773,0.02943,0.01631,0.01511,0.02794,0.01534,0.01707,0.67924,0.01151,0.00644,0.01644,0.02256,0.00840,0.01633,0.01744
730,0.00612,0.60284,0.01577,0.01516,0.03305,0.01000,0.01377,0.01524,0.01776,0.00706,0.01609,0.01459,0.00721,0.01681,0.07338,0.01021,0.01995,0.00705,0.02887,0.06907
731,0.00616,0.02014,0.02713,0.01300,0.01640,0.00910,0.02769,0.01606,0.02225,0.02058,0.01435,0.02669,0.02736,0.01473,0.66325,0.02854,0.00944,0.00616,0.00989,0.02109
732,0.08080,0.03082,0.08452,0.07155,0.02181,0.07348,0.08837,0.00504,0.03558,0.02740,0.04420,0.06291,0.06330,0.15566,0.01000,0.04917,0.02343,0.01263,0.01272,0.04664
733,0.00923,0.01827,0.01392,0.13749,0.01494,0.00758,0.03360,0.01460,0.04312,0.01821,0.01276,0.01526,0.00969,0.49985,0.03750,0.06901,0.00782,0.00799,0.01258,0.01657
734,0.01671,0.01125,0.64108,0.09354,0.00873,0.06379,0.03532,0.00971,0.01152,0.00332,0.00980,0.02931,0.00392,0.00915,0.00481,0.00667,0.00519,0.00918,0.00937,0.01762
735,0.01905,0.01295,0.02736,0.68158,0.01268,0.02426,0.01072,0.01092,0.05955,0.01012,0.02175,0.01168,0.00565,0.02134,0.00657,0.00487,0.01349,0.01762,0.01442,0.01340
736,0.07455,0.27443,0.00780,0.00742,0.00987,0.00254,0.00618,0.03113,0.00691,0.29679,0.07287,0.00908,0.03065,0.01271,0.01234,0.00307,0.01467,0.11409,0.00554,0.00736
737,0.01610,0.01683,0.01802,0.02154,0.04664,0.00712,0.02139,0.52274,0.01652,0.03130,0.04385,0.03685,0.00952,0.01711,0.00647,0.02373,0.04602,0.06273,0.01614,0.01938
738,0.01427,0.04398,0.03992,0.01603,0.01912,0.66344,0.01635,0.01657,0.01505,0.00778,0.01905,0.01680,0.00869,0.01725,0.00744,0.02524,0.00984,0.01189,0.01305,0.01822
739,0.01382,0.01791,0.02665,0.02096,0.02540,0.03202,0.02294,0.02379,0.02565,0.01505,0.02195,0.02562,0.01028,0.03843,0.59776,0.00958,0.01115,0.01484,0.02037,0.02581
740,0.58300,0.01593,0.03448,0.00961,0.01554,0.03756,0.01284,0.01839,0.01685,0.00690,0.01523,0.01412,0.00616,0.01391,0.00448,0.11250,0.02254,0.03809,0.00968,0.01219
741,0.00591,0.04190,0.01480,0.01241,0.01808,0.00508,0.03629,0.01782,0.01509,0.01100,0.01615,0.01452,0.01067,0.01457,0.69954,0.02446,0.00818,0.00684,0.01202,0.01468
742,0.02528,0.27446,0.02197,0.00919,0.01797,0.01167,0.00664,0.04219,0.00960,0.01089,0.01202,0.00880,0.00381,0.00871,0.00264,0.00266,0.01397,0.50305,0.00799,0.00647
743,0.07475,0.05952,0.00888,0.00975,0.01617,0.01158,0.08174,0.02223,0.00999,0.02460,0.06822,0.01538,0.03247,0.05054,0.00616,0.41925,0.03760,0.00633,0.01044,0.03438
744,0.00970,0.01908,0.01674,0.01743,0.01379,0.00960,0.01421,0.01539,0.01817,0.05046,0.01484,0.01740,0.57631,0.08784,0.00940,0.04497,0.02311,0.00905,0.01663,0.01587
745,0.01397,0.02429,0.02431,0.03933,0.01766,0.56739,0.01784,0.01996,0.01551,0.00999,0.01672,0.01866,0.00706,0.01454,0.07848,0.02198,0.02563,0.01644,0.02914,0.02110
746,0.06639,0.11344,0.00378,0.00985,0.08635,0.02403,0.07791,0.04716,0.02742,0.04093,0.05657,0.08557,0.00588,0.02285,0.07723,0.09038,0.02492,0.04821,0.03502,0.05612
747,0.00817,0.00805,0.01124,0.02798,0.01046,0.37311,0.07201,0.03753,0.01867,0.02076,0.04812,0.15623,0.00751,0.08227,0.02051,0.01994,0.03638,0.02445,0.00715,0.00943
748,0.00584,0.01211,0.01657,0.00884,0.12272,0.01106,0.01856,0.04552,0.01044,0.04752,0.03036,0.01493,0.00396,0.01721,0.02209,0.00838,0.00476,0.01785,0.43750,0.14378
749,0.09070,0.05506,0.00759,0.01867,0.01062,0.06364,0.03237,0.02589,0.12816,0.03483,0.05227,0.06880,0.03107,0.09590,0.10263,0.08261,0.05236,0.02544,0.00865,0.01274
750,0.03585,0.06249,0.01435,0.00734,0.01372,0.01051,0.06436,0.13340,0.02740,0.08282,0.07226,0.06378,0.00462,0.03422,0.00913,0.03347,0.13352,0.15990,0.02922,0.00764
751,0.05140,0.02710,0.02518,0.02347,0.04039,0.03210,0.09172,0.03267,0.10468,0.05571,0.07850,0.02341,0.02113,0.02590,0.11587,0.04388,0.06984,0.06719,0.01799,0.05187
752,0.08057,0.00567,0.15137,0.15237,0.01759,0.03542,0.04568,0.01079,0.02323,0.00592,0.03931,0.02441,0.02035,0.08226,0.00186,0.06893,0.06409,0.02687,0.00954,0.13377
753,0.06375,0.06786,0.01399,0.01227,0.01246,0.00578,0.01331,0.02610,0.01346,0.01509,0.03521,0.08886,0.10426,0.01836,0.00627,0.09196,0.25672,0.12316,0.01187,0.01928
754,0.31779,0.07486,0.02672,0.01510,0.01488,0.14994,0.01089,0.01387,0.01623,0.00623,0.01406,0.01704,0.00832,0.01389,0.00592,0.21597,0.02022,0.02433,0.01536,0.01837
755,0.12061,0.19238,0.00865,0.00654,0.00900,0.27656,0.00947,0.00688,0.00651,0.00417,0.02800,0.00731,0.01077,0.00602,0.01374,0.11657,0.12855,0.02683,0.00703,0.01440
756,0.02792,0.10117,0.01220,0.01211,0.03086,0.01924,0.04886,0.03529,0.01324,0.23838,0.13253,0.03466,0.02959,0.03490,0.00804,0.03613,0.02291,0.09281,0.01068,0.05850
757,0.40471,0.01226,0.01366,0.02547,0.01374,0.22977,0.01083,0.01757,0.01786,0.00566,0.01607,0.01628,0.00470,0.01447,0.00439,0.11082,0.03025,0.02408,0.01154,0.01588
758,0.00725,0.01458,0.01430,0.05187,0.01709,0.01383,0.01066,0.06103,0.60549,0.00549,0.01358,0.02777,0.00551,0.03688,0.05854,0.00562,0.01853,0.00826,0.01061,0.01308
759,0.03501,0.02781,0.01168,0.01507,0.00960,0.01147,0.00956,0.01300,0.01641,0.06411,0.01200,0.07421,0.04964,0.01534,0.00498,0.52824,0.07039,0.00776,0.01340,0.01032
760,0.00646,0.06224,0.01652,0.01501,0.03007,0.00647,0.04442,0.00938,0.01309,0.00402,0.01191,0.01483,0.00429,0.01155,0.00587,0.01623,0.00568,0.00700,0.01086,0.70409
761,0.50948,0.00985,0.00795,0.04083,0.00864,0.26470,0.00885,0.01216,0.00825,0.00404,0.00756,0.00783,0.00569,0.00987,0.00378,0.02547,0.02244,0.02502,0.00940,0.00817
762,0.00426,0.03587,0.01120,0.02117,0.01121,0.00452,0.22789,0.00836,0.03053,0.06282,0.01297,0.07994,0.01117,0.36486,0.06759,0.00355,0.01527,0.00582,0.01378,0.00722
763,0.00694,0.04440,0.01259,0.01650,0.02371,0.00600,0.09190,0.04819,0.02065,0.03038,0.35886,0.01234,0.00614,0.02640,0.01804,0.00922,0.03988,0.05873,0.00930,0.15983
764,0.01098,0.01830,0.02344,0.01689,0.01971,0.02551,0.01684,0.01977,0.02001,0.01431,0.01709,0.02151,0.00902,0.01711,0.06421,0.01473,0.01179,0.00883,0.62925,0.02070
765,0.02447,0.01598,0.00694,0.00676,0.02011,0.00234,0.08571,0.01750,0.08899,0.07843,0.15801,0.03663,0.00346,0.26201,0.02473,0.04942,0.05893,0.01850,0.01114,0.02996
766,0.00498,0.04732,0.00742,0.00833,0.01391,0.00361,0.03636,0.12149,0.01049,0.39064,0.16627,0.00667,0.01606,0.00828,0.01212,0.00240,0.02420,0.10591,0.00651,0.00703
767,0.00206,0.01100,0.00495,0.00441,0.27176,0.00192,0.07704,0.06440,0.00556,0.11802,0.34710,0.01632,0.01607,0.00357,0.00667,0.00184,0.00233,0.01019,0.00375,0.03102
768,0.01290,0.04768,0.03002,0.01996,0.02792,0.01331,0.04901,0.03027,0.01593,0.01163,0.01669,0.02372,0.00500,0.01932,0.01103,0.01412,0.01422,0.01139,0.02055,0.60536
769,0.00552,0.03893,0.01069,0.01619,0.67427,0.00768,0.00837,0.02135,0.01077,0.03866,0.01078,0.00907,0.00686,0.01095,0.00444,0.05899,0.00471,0.01745,0.01257,0.03176
770,0.04881,0.01519,0.02084,0.01771,0.01396,0.01346,0.65480,0.01097,0.00975,0.01121,0.01290,0.02275,0.00589,0.01716,0.02904,0.04254,0.00436,0.00897,0.01531,0.02438
771,0.00800,0.01632,0.01171,0.01343,0.01423,0.03374,0.02394,0.03535,0.13963,0.00494,0.01653,0.01000,0.00693,0.01498,0.57698,0.03396,0.00755,0.00752,0.01289,0.01137
772,0.00904,0.01507,0.01740,0.01699,0.01743,0.04446,0.01465,0.03538,0.03476,0.00651,0.01622,0.01576,0.00585,0.01434,0.63918,0.04087,0.01037,0.01250,0.01764,0.01557
773,0.02618,0.02076,0.62194,0.03680,0.01783,0.02674,0.01087,0.01708,0.01592,0.01036,0.01822,0.03873,0.00678,0.01742,0.01116,0.00678,0.00857,0.02650,0.02745,0.03394
774,0.00508,0.03382,0.01054,0.01230,0.04547,0.00666,0.01936,0.07944,0.00895,0.44610,0.10934,0.01019,0.08551,0.00735,0.01343,0.00429,0.00469,0.07642,0.01125,0.00982
775,0.00780,0.01612,0.01202,0.01532,0.01761,0.02330,0.01056,0.01437,0.01329,0.02088,0.01336,0.00923,0.00684,0.04332,0.72323,0.00637,0.00630,0.01021,0.01626,0.01362
776,0.01260,0.05103,0.01307,0.01358,0.01206,0.00752,0.00782,0.11435,0.01190,0.35138,0.10942,0.01175,0.04497,0.01687,0.01653,0.00808,0.07512,0.09451,0.01560,0.01185
777,0.01063,0.02102,0.01404,0.01363,0.01090,0.00767,0.00873,0.05658,0.03178,0.29724,0.35941,0.00759,0.00258,0.00789,0.01947,0.00330,0.05028,0.05135,0.01632,0.00959
778,0.35902,0.01026,0.02344,0.01378,0.01355,0.17406,0.00567,0.01139,0.01153,0.00382,0.01536,0.00757,0.00448,0.00894,0.00415,0.25524,0.01733,0.03644,0.01510,0.00888
779,0.01041,0.02578,0.03010,0.02131,0.02695,0.01507,0.03338,0.04234,0.04236,0.00859,0.01719,0.53559,0.00747,0.01665,0.00888,0.05833,0.02033,0.01493,0.02354,0.04081
780,0.66270,0.01010,0.05108,0.01340,0.01079,0.03289,0.00726,0.00922,0.01199,0.00354,0.01339,0.00857,0.00484,0.01111,0.00379,0.07392,0.02304,0.02446,0.01338,0.01053
781,0.00850,0.00913,0.02075,0.02361,0.02793,0.00769,0.00893,0.40520,0.00996,0.07498,0.03083,0.01490,0.00270,0.01241,0.00424,0.01296,0.06909,0.23584,0.01017,0.01017
782,0.08593,0.13813,0.00640,0.01790,0.00980,0.01477,0.00554,0.05529,0.02384,0.06143,0.13363,0.13754,0.00078,0.10937,0.01415,0.07072,0.06813,0.03078,0.00804,0.00782
783,0.10560,0.01825,0.01162,0.01358,0.02211,0.02771,0.00876,0.01597,0.01499,0.02831,0.02195,0.01311,0.02840,0.00946,0.00430,0.44972,0.12412,0.00938,0.05967,0.01298
784,0.36678,0.03669,0.03335,0.00935,0.02178,0.03826,0.00583,0.01079,0.01451,0.00296,0.01153,0.00910,0.00647,0.00860,0.00365,0.22571,0.10224,0.07327,0.00863,0.01051
785,0.02101,0.17574,0.00725,0.01047,0.02626,0.00501,0.01135,0.06489,0.00395,0.00973,0.02335,0.00905,0.00290,0.00491,0.00163,0.00342,0.24987,0.35754,0.00315,0.00851
786,0.00092,0.00115,0.00144,0.00138,0.00183,0.00052,0.00137,0.00169,0.00185,0.00358,0.00231,0.00155,0.96484,0.00462,0.00040,0.00426,0.00214,0.00135,0.00138,0.00140
787,0.06837,0.05768,0.01453,0.03220,0.04489,0.03317,0.06879,0.05818,0.04540,0.06471,0.06927,0.03977,0.00408,0.06251,0.05018,0.07210,0.07743,0.05960,0.02372,0.05342
788,0.05215,0.05229,0.08474,0.04348,0.02657,0.04817,0.05567,0.00878,0.08869,0.04096,0.03048,0.07926,0.01702,0.07977,0.04485,0.09192,0.08701,0.01420,0.03295,0.02102
789,0.02205,0.02632,0.04454,0.03371,0.04415,0.04851,0.03467,0.03036,0.03429,0.01543,0.02687,0.03964,0.01285,0.02869,0.05266,0.02586,0.02008,0.03002,0.38627,0.04303
