site,A,C,D,E,F,G,H,I,K,L,M,N,P,Q,R,S,T,V,W,Y
677,0.24018,0.00956,0.00420,0.00445,0.00604,0.43447,0.00593,0.00536,0.00865,0.00173,0.00499,0.00543,0.00288,0.00993,0.00412,0.22468,0.01515,0.00237,0.00391,0.00597
678,0.04793,0.06884,0.10093,0.07183,0.04028,0.10999,0.05693,0.01307,0.01635,0.01466,0.04276,0.13604,0.00076,0.03295,0.01184,0.07010,0.07227,0.03455,0.01900,0.03892
679,0.52303,0.00898,0.01211,0.00995,0.01696,0.00284,0.01704,0.02052,0.01572,0.00499,0.01464,0.01850,0.00748,0.01596,0.00410,0.26857,0.00448,0.00850,0.00990,0.01573
680,0.00551,0.00929,0.01214,0.01256,0.02091,0.00366,0.01503,0.29248,0.01546,0.47338,0.01222,0.01152,0.01551,0.01209,0.00357,0.00314,0.00684,0.05353,0.00998,0.01118
681,0.04893,0.03733,0.00300,0.00245,0.03004,0.01385,0.08455,0.02795,0.09300,0.01169,0.02002,0.05743,0.00146,0.08596,0.13864,0.05879,0.09857,0.05154,0.04794,0.08688
682,0.00475,0.00600,0.00684,0.01074,0.76002,0.00338,0.01351,0.01469,0.01272,0.04207,0.01250,0.01000,0.00748,0.01540,0.00327,0.02344,0.00502,0.00298,0.02883,0.01637
683,0.00430,0.00692,0.01107,0.00727,0.04555,0.00279,0.01487,0.17131,0.00997,0.54853,0.07576,0.01434,0.00770,0.00951,0.00277,0.03653,0.00665,0.00892,0.00554,0.00969
684,0.00618,0.01338,0.12914,0.01128,0.01834,0.00427,0.02714,0.02316,0.01526,0.00444,0.01154,0.62874,0.00745,0.01307,0.00473,0.03128,0.01476,0.00461,0.00892,0.02232
685,0.00538,0.01057,0.69626,0.01801,0.01213,0.01512,0.01494,0.01431,0.01388,0.00437,0.00974,0.03698,0.00774,0.01382,0.00402,0.00439,0.00661,0.00655,0.00933,0.09585
686,0.00871,0.01434,0.01866,0.01255,0.01668,0.00407,0.02278,0.05633,0.01640,0.01030,0.67594,0.01906,0.01041,0.01427,0.01095,0.00566,0.00841,0.04568,0.00890,0.01991
687,0.06293,0.01332,0.01334,0.01756,0.01792,0.66530,0.01956,0.02008,0.01628,0.00460,0.01764,0.02382,0.00740,0.01556,0.00727,0.02315,0.00855,0.01964,0.00896,0.01712
688,0.00703,0.01352,0.01534,0.01257,0.02073,0.00405,0.01845,0.06111,0.68406,0.00465,0.01511,0.03557,0.00948,0.02549,0.02028,0.00635,0.01046,0.00601,0.00914,0.02060
689,0.01538,0.01919,0.00241,0.00206,0.00271,0.00058,0.00422,0.04385,0.00301,0.02629,0.00269,0.00384,0.00164,0.00342,0.00075,0.01751,0.69068,0.15484,0.00201,0.00294
690,0.00787,0.01587,0.01811,0.01591,0.01846,0.02426,0.02973,0.02329,0.00763,0.00564,0.05947,0.02596,0.01096,0.02323,0.64388,0.01631,0.01446,0.00579,0.01133,0.02184
691,0.00627,0.01463,0.01609,0.06661,0.01556,0.00352,0.01672,0.02345,0.59174,0.00455,0.01133,0.02841,0.00704,0.02253,0.12807,0.00538,0.00893,0.00465,0.00720,0.01732
692,0.04363,0.00662,0.30704,0.09056,0.03384,0.15842,0.05885,0.00740,0.00790,0.00393,0.00833,0.10613,0.00438,0.01545,0.00174,0.02398,0.01008,0.00194,0.04602,0.06375
693,0.02476,0.14270,0.00249,0.00579,0.00429,0.00066,0.07992,0.12918,0.01330,0.11609,0.04077,0.01180,0.00205,0.05680,0.01082,0.02452,0.08341,0.24559,0.00219,0.00287
694,0.09246,0.04053,0.07154,0.07493,0.00844,0.23478,0.02863,0.00715,0.00619,0.05839,0.08718,0.03620,0.05962,0.16174,0.00099,0.01000,0.00490,0.00391,0.00406,0.00838
695,0.00655,0.02091,0.01629,0.67269,0.03622,0.01708,0.03219,0.03465,0.00955,0.00506,0.01558,0.03418,0.01018,0.01613,0.00545,0.00722,0.00995,0.00931,0.01076,0.03005
696,0.00676,0.04055,0.01669,0.01070,0.01700,0.00419,0.02761,0.02425,0.01966,0.01725,0.01535,0.03140,0.01088,0.01796,0.04923,0.00695,0.01117,0.00568,0.64826,0.01846
697,0.12212,0.06903,0.03531,0.03662,0.03853,0.07084,0.09268,0.00602,0.04986,0.03259,0.05039,0.06197,0.00128,0.07412,0.02411,0.11230,0.04353,0.01425,0.01334,0.05112
698,0.17806,0.02334,0.04859,0.17047,0.00617,0.02106,0.03399,0.00708,0.01270,0.00242,0.01264,0.01836,0.30235,0.06524,0.00344,0.07563,0.00640,0.00315,0.00390,0.00502
699,0.01734,0.01528,0.01628,0.00810,0.02036,0.00516,0.02582,0.03437,0.01547,0.01044,0.01548,0.02729,0.04591,0.01911,0.00438,0.65890,0.02568,0.00576,0.01047,0.01841
700,0.04763,0.05807,0.00256,0.00401,0.04287,0.01116,0.05516,0.07343,0.04519,0.06745,0.07914,0.07772,0.07312,0.09093,0.02019,0.02570,0.08236,0.09620,0.01470,0.03240
701,0.02908,0.01724,0.02236,0.00619,0.01942,0.67797,0.02139,0.02205,0.01793,0.00619,0.01548,0.01940,0.01414,0.02016,0.00689,0.01365,0.01042,0.02570,0.01296,0.02135
702,0.00266,0.02936,0.00410,0.00355,0.15868,0.00253,0.09774,0.08914,0.00504,0.04558,0.05195,0.00486,0.00207,0.00694,0.00425,0.00279,0.00914,0.04546,0.16142,0.27273
703,0.05509,0.04802,0.10186,0.08542,0.03644,0.03226,0.08896,0.05049,0.00319,0.05156,0.04962,0.05543,0.01250,0.07693,0.02012,0.04952,0.04966,0.04781,0.01801,0.06713
704,0.01749,0.05096,0.11626,0.02302,0.01598,0.00417,0.04852,0.01096,0.00719,0.00371,0.00458,0.31653,0.00425,0.04027,0.00703,0.25948,0.03794,0.00408,0.01265,0.01491
705,0.00632,0.03215,0.01553,0.00847,0.01465,0.00375,0.02707,0.01758,0.01424,0.01946,0.01074,0.02571,0.01094,0.01422,0.01592,0.00461,0.01009,0.00456,0.72701,0.01699
706,0.01046,0.02386,0.06151,0.57384,0.02403,0.02633,0.03603,0.02748,0.01392,0.00752,0.01752,0.02787,0.01193,0.03967,0.00570,0.00876,0.01974,0.00675,0.01836,0.03874
707,0.01884,0.02064,0.25865,0.36446,0.02128,0.04298,0.03425,0.01932,0.02114,0.00544,0.01898,0.05000,0.00748,0.03921,0.00482,0.01711,0.01293,0.00868,0.01289,0.02090
708,0.05662,0.01242,0.02606,0.01523,0.02710,0.00359,0.02520,0.07005,0.02429,0.00933,0.02210,0.01733,0.01003,0.03316,0.00702,0.00546,0.02281,0.58335,0.01341,0.01546
709,0.01594,0.01813,0.01886,0.05038,0.03131,0.00547,0.02792,0.02849,0.01032,0.01585,0.05064,0.03355,0.52163,0.03801,0.00280,0.02198,0.03100,0.02182,0.00823,0.04767
710,0.00611,0.02598,0.01350,0.01039,0.59972,0.00308,0.02570,0.03639,0.01881,0.04556,0.01887,0.02435,0.01089,0.01840,0.00508,0.06589,0.00955,0.01070,0.02291,0.02812
711,0.00767,0.59770,0.03378,0.01398,0.02826,0.00455,0.03095,0.04581,0.02289,0.00740,0.02185,0.05195,0.00969,0.02858,0.02758,0.01410,0.01513,0.00806,0.00821,0.02185
712,0.00745,0.01962,0.01785,0.01199,0.03722,0.00642,0.01813,0.02917,0.02390,0.00802,0.02577,0.02351,0.02331,0.01959,0.00541,0.58606,0.01614,0.00767,0.01620,0.09656
713,0.00597,0.01651,0.01495,0.01100,0.02700,0.00315,0.50743,0.03092,0.01224,0.00746,0.01709,0.21739,0.00870,0.02305,0.01616,0.00582,0.01044,0.00660,0.00933,0.04879
714,0.01127,0.02320,0.02184,0.01903,0.03958,0.00756,0.52683,0.03412,0.02295,0.00775,0.02405,0.08569,0.00764,0.01983,0.01952,0.01357,0.01588,0.01131,0.02619,0.06219
715,0.00491,0.01962,0.01567,0.01169,0.43023,0.00291,0.02216,0.01559,0.01952,0.03850,0.01659,0.02097,0.00654,0.01780,0.00382,0.02909,0.00958,0.00464,0.16517,0.14501
716,0.06675,0.03772,0.03220,0.02238,0.00933,0.01517,0.28467,0.01817,0.01108,0.00438,0.01525,0.29720,0.00432,0.06596,0.00342,0.04533,0.02816,0.01888,0.00803,0.01162
717,0.00965,0.01544,0.00705,0.03134,0.00975,0.00138,0.02391,0.01568,0.34383,0.08172,0.08591,0.01296,0.00394,0.09989,0.16603,0.01441,0.04382,0.01193,0.00520,0.01616
718,0.01935,0.10566,0.00860,0.00509,0.01165,0.00172,0.00599,0.20340,0.00588,0.28520,0.09148,0.00862,0.01885,0.00492,0.00521,0.00248,0.00477,0.19743,0.00495,0.00876
719,0.00614,0.01785,0.01274,0.01074,0.21829,0.00331,0.08970,0.02184,0.01506,0.00513,0.01509,0.02246,0.00725,0.01206,0.00391,0.00523,0.00796,0.00822,0.17349,0.34352
720,0.00650,0.01590,0.01490,0.01550,0.08928,0.00575,0.01474,0.08995,0.02909,0.33194,0.26277,0.01886,0.02031,0.01592,0.00874,0.00484,0.00768,0.00765,0.01626,0.02340
721,0.00925,0.02124,0.02948,0.07206,0.03277,0.01276,0.05860,0.04359,0.40619,0.00839,0.01897,0.05477,0.01063,0.02482,0.08853,0.02924,0.02318,0.00927,0.01968,0.02658
722,0.01386,0.02805,0.47999,0.01974,0.02776,0.06337,0.02643,0.02905,0.02698,0.01001,0.03904,0.01487,0.01093,0.02906,0.00697,0.00817,0.01415,0.01026,0.01882,0.12251
723,0.01100,0.01438,0.01468,0.04908,0.01945,0.56891,0.05176,0.01730,0.02832,0.00982,0.02714,0.01498,0.01375,0.03510,0.00428,0.01013,0.01117,0.01463,0.06844,0.01566
724,0.00694,0.01633,0.01876,0.01425,0.02908,0.04497,0.01357,0.10627,0.01401,0.00626,0.01724,0.01897,0.00581,0.01942,0.60751,0.00885,0.00896,0.00819,0.01407,0.02053
725,0.07127,0.06803,0.02653,0.05174,0.07029,0.05903,0.07107,0.00551,0.01948,0.00211,0.03457,0.06439,0.03025,0.02700,0.01929,0.12642,0.04901,0.01474,0.10888,0.08040
726,0.00360,0.01045,0.01027,0.00890,0.00755,0.00348,0.00774,0.25388,0.01692,0.28916,0.15656,0.01383,0.00275,0.00806,0.00306,0.00393,0.01928,0.16300,0.00918,0.00839
727,0.03758,0.09452,0.01193,0.01462,0.01916,0.00513,0.01569,0.14758,0.01571,0.00558,0.02291,0.02161,0.00459,0.01084,0.00432,0.00477,0.09874,0.43822,0.01036,0.01614
728,0.14587,0.04147,0.01736,0.01658,0.02598,0.00376,0.01323,0.06025,0.02525,0.00572,0.03152,0.01562,0.00509,0.02649,0.00971,0.00614,0.00883,0.49597,0.02774,0.01743
729,0.02610,0.02337,0.02679,0.01866,0.03477,0.00907,0.04160,0.02346,0.02046,0.01624,0.02055,0.02421,0.58985,0.01458,0.00547,0.01438,0.03302,0.00974,0.02358,0.02409
730,0.00807,0.58299,0.02463,0.02530,0.04233,0.00587,0.01878,0.02311,0.02845,0.00853,0.02490,0.02241,0.00930,0.02660,0.04791,0.01197,0.01405,0.00884,0.01886,0.04711
731,0.00670,0.01306,0.06195,0.01691,0.02417,0.00499,0.01285,0.02480,0.03414,0.00646,0.01839,0.06060,0.01657,0.02046,0.58074,0.02443,0.01117,0.00663,0.01231,0.04265
732,0.07744,0.03011,0.09413,0.09792,0.03045,0.08399,0.08129,0.00633,0.02946,0.03292,0.04107,0.05468,0.05359,0.15894,0.00695,0.04110,0.02111,0.01344,0.00929,0.03580
733,0.01640,0.02844,0.01807,0.10721,0.02050,0.00864,0.01597,0.02031,0.08995,0.00876,0.01495,0.02064,0.00875,0.42340,0.03530,0.10078,0.01780,0.00856,0.01650,0.01910
734,0.01177,0.01344,0.55099,0.14896,0.00997,0.06343,0.02285,0.01137,0.01431,0.00341,0.01151,0.02958,0.00409,0.01030,0.00382,0.00469,0.00534,0.00442,0.01133,0.06444
735,0.01163,0.01806,0.01802,0.67970,0.01811,0.01524,0.01459,0.01608,0.04267,0.00819,0.02528,0.01719,0.00732,0.03361,0.00789,0.00607,0.01151,0.00850,0.02170,0.01865
736,0.09847,0.25505,0.01005,0.00813,0.01181,0.00256,0.00692,0.01802,0.00736,0.26498,0.06964,0.01387,0.02512,0.02516,0.00500,0.00293,0.02094,0.13916,0.00616,0.00867
737,0.01101,0.02386,0.02701,0.03568,0.04847,0.00766,0.03475,0.43425,0.02224,0.05541,0.03214,0.02859,0.01103,0.02537,0.00703,0.01262,0.03846,0.09170,0.02326,0.02947
738,0.00879,0.06766,0.01871,0.02215,0.03000,0.60261,0.02463,0.02505,0.02326,0.00917,0.02940,0.02406,0.01090,0.02689,0.00657,0.00552,0.01219,0.00788,0.01706,0.02750
739,0.01695,0.02457,0.04588,0.03402,0.04658,0.01469,0.02192,0.03993,0.03046,0.04909,0.03330,0.04650,0.00559,0.01962,0.46799,0.00954,0.01178,0.01805,0.01959,0.04395
740,0.52486,0.04896,0.04317,0.01117,0.02252,0.04053,0.01781,0.02858,0.02646,0.00773,0.02076,0.01871,0.00483,0.01937,0.00481,0.10548,0.00490,0.01990,0.01295,0.01646
741,0.00673,0.02214,0.02051,0.01693,0.02925,0.00504,0.03829,0.02831,0.02468,0.00875,0.02223,0.01987,0.00550,0.01958,0.63482,0.04143,0.00946,0.00785,0.01556,0.02309
742,0.01143,0.36439,0.00898,0.01104,0.01265,0.00505,0.00691,0.04096,0.01156,0.00448,0.01592,0.01002,0.00405,0.00979,0.00282,0.00284,0.01112,0.44870,0.00918,0.00811
743,0.07472,0.05218,0.01310,0.01434,0.01581,0.00928,0.05715,0.01410,0.01474,0.01800,0.06026,0.02978,0.02874,0.04158,0.00487,0.45881,0.04138,0.00472,0.01219,0.03426
744,0.01156,0.02809,0.02643,0.02766,0.02084,0.01129,0.01287,0.02414,0.02814,0.03259,0.02172,0.02729,0.53197,0.08401,0.00832,0.03098,0.01450,0.01114,0.02319,0.02327
745,0.01017,0.02408,0.04787,0.04670,0.02649,0.50450,0.02780,0.02326,0.02236,0.00591,0.03431,0.02912,0.00802,0.02384,0.03622,0.01671,0.02927,0.01598,0.03440,0.03300
746,0.07763,0.10445,0.00339,0.00668,0.07052,0.02549,0.06743,0.03362,0.03523,0.03229,0.06169,0.09242,0.00317,0.01197,0.09567,0.09861,0.04329,0.04896,0.01882,0.06866
747,0.00453,0.00826,0.01041,0.01034,0.01210,0.42275,0.05514,0.02524,0.02637,0.02724,0.04325,0.18984,0.00607,0.06381,0.00957,0.01049,0.03262,0.02218,0.01034,0.00942
748,0.00535,0.05198,0.01210,0.01340,0.08724,0.00721,0.05310,0.04392,0.01595,0.04874,0.02957,0.01442,0.00519,0.01118,0.00749,0.00407,0.00603,0.01329,0.46011,0.10968
749,0.09971,0.05705,0.00488,0.01602,0.00779,0.05869,0.02340,0.03051,0.17922,0.03770,0.03540,0.05899,0.02990,0.09439,0.08873,0.08579,0.04917,0.02374,0.00758,0.01134
750,0.04073,0.07838,0.00911,0.00679,0.01332,0.01399,0.05677,0.13245,0.03158,0.07884,0.07563,0.05939,0.00246,0.02474,0.01278,0.02610,0.13645,0.17000,0.01852,0.01196
751,0.05010,0.04450,0.01257,0.01720,0.04304,0.02455,0.09209,0.03040,0.10929,0.05590,0.08976,0.02997,0.02164,0.02546,0.11227,0.04461,0.08027,0.06638,0.01098,0.03902
752,0.07757,0.00726,0.14508,0.17468,0.00950,0.04463,0.04717,0.01059,0.00947,0.00456,0.02588,0.01356,0.03280,0.08744,0.00249,0.07658,0.06367,0.01551,0.00822,0.14334
753,0.03889,0.08682,0.01898,0.01624,0.01480,0.00626,0.01105,0.01712,0.01681,0.00957,0.04142,0.10186,0.14149,0.02488,0.00454,0.09038,0.24048,0.08930,0.01455,0.01454
754,0.27016,0.11560,0.01205,0.01974,0.01817,0.16612,0.01272,0.01724,0.02411,0.00646,0.01709,0.02123,0.00484,0.01769,0.00608,0.20889,0.00933,0.00851,0.01901,0.02494
755,0.14651,0.17257,0.01054,0.00684,0.00728,0.25405,0.00720,0.00766,0.00707,0.00256,0.02411,0.00842,0.01131,0.00695,0.00703,0.16294,0.11359,0.03204,0.00685,0.00448
756,0.03707,0.10791,0.01524,0.01491,0.00962,0.02316,0.04678,0.06292,0.01683,0.22320,0.13445,0.02301,0.02090,0.02071,0.00506,0.03767,0.01324,0.06655,0.01316,0.10762
757,0.34649,0.01578,0.01719,0.03417,0.01556,0.23358,0.01236,0.01676,0.02713,0.00575,0.01890,0.01603,0.00355,0.02030,0.00451,0.15110,0.01614,0.00860,0.01378,0.02232
758,0.00871,0.02091,0.02220,0.06071,0.02799,0.00904,0.01601,0.03426,0.60375,0.00680,0.02066,0.01269,0.00683,0.02933,0.05589,0.00666,0.01295,0.01097,0.01462,0.01901
759,0.01830,0.02125,0.01651,0.02312,0.01404,0.00996,0.01265,0.01716,0.02717,0.02986,0.01629,0.09135,0.03715,0.01754,0.00565,0.51761,0.08105,0.00968,0.02041,0.01327
760,0.00779,0.07176,0.01782,0.02166,0.01350,0.00758,0.06489,0.01207,0.01917,0.00452,0.01647,0.01383,0.00487,0.01516,0.00503,0.00801,0.00650,0.00873,0.01415,0.66648
761,0.45795,0.01168,0.00950,0.02972,0.01042,0.30599,0.01057,0.01572,0.00958,0.00420,0.00896,0.00863,0.00372,0.01294,0.00399,0.04434,0.02140,0.00944,0.01140,0.00985
762,0.00421,0.05285,0.01259,0.01121,0.01185,0.00490,0.25346,0.00960,0.03951,0.06515,0.01950,0.08996,0.00352,0.30390,0.07724,0.00340,0.01113,0.00591,0.01196,0.00817
763,0.01240,0.04935,0.01507,0.02300,0.01371,0.00657,0.16141,0.02690,0.01319,0.02481,0.30358,0.01456,0.00636,0.02986,0.00782,0.00812,0.03059,0.03205,0.00993,0.21072
764,0.01385,0.01421,0.04195,0.02576,0.03138,0.02105,0.02199,0.02896,0.03334,0.03027,0.02674,0.03511,0.01004,0.02397,0.03497,0.01023,0.01373,0.01023,0.53955,0.03267
765,0.02540,0.02061,0.00873,0.00685,0.01711,0.00332,0.11151,0.01583,0.07074,0.05662,0.16315,0.02241,0.00164,0.29204,0.03189,0.06089,0.04490,0.01491,0.00973,0.02172
766,0.00365,0.04631,0.00888,0.01012,0.00464,0.00403,0.01604,0.12051,0.01421,0.37199,0.18278,0.00815,0.00495,0.00988,0.00478,0.00264,0.02825,0.14186,0.00762,0.00870
767,0.00174,0.00734,0.00433,0.00390,0.28591,0.00156,0.13447,0.04771,0.00462,0.08597,0.35465,0.01622,0.00520,0.00302,0.00190,0.00148,0.00195,0.00616,0.00316,0.02871
768,0.01123,0.23489,0.02705,0.02286,0.02741,0.01132,0.08710,0.05513,0.01588,0.00740,0.01622,0.02369,0.00362,0.01889,0.00934,0.00922,0.01386,0.00983,0.02236,0.37270
769,0.00688,0.03275,0.01517,0.02596,0.67111,0.00989,0.01060,0.01386,0.01674,0.05321,0.01559,0.01315,0.00554,0.01510,0.00554,0.03838,0.00538,0.01038,0.01803,0.01675
770,0.04415,0.02106,0.01629,0.02660,0.01888,0.01885,0.60756,0.01478,0.01255,0.00452,0.01678,0.03219,0.00262,0.01654,0.02330,0.07246,0.00507,0.01118,0.02325,0.01137
771,0.00830,0.02227,0.01412,0.01673,0.01872,0.04399,0.01610,0.06417,0.18136,0.00513,0.01485,0.01229,0.00786,0.01856,0.49823,0.01287,0.00621,0.00885,0.01530,0.01409
772,0.01062,0.02221,0.02541,0.02473,0.02609,0.04347,0.01975,0.06588,0.02001,0.00715,0.02210,0.02265,0.00683,0.01827,0.55736,0.02980,0.00938,0.01642,0.02955,0.02232
773,0.02205,0.03407,0.54877,0.04825,0.02626,0.00471,0.01664,0.02394,0.02296,0.01257,0.02766,0.01855,0.00739,0.02774,0.01334,0.00763,0.01033,0.01847,0.06795,0.04072
774,0.00625,0.02961,0.01379,0.01620,0.02631,0.00787,0.00864,0.10923,0.01119,0.42745,0.12332,0.01337,0.06158,0.00908,0.00572,0.00505,0.00522,0.09263,0.01506,0.01243
775,0.00914,0.02392,0.01697,0.02401,0.02585,0.01604,0.01356,0.02047,0.01891,0.04602,0.01791,0.01148,0.00727,0.01493,0.65995,0.00729,0.00725,0.01449,0.02502,0.01952
776,0.01051,0.03000,0.01850,0.02084,0.01774,0.00991,0.00947,0.11407,0.01817,0.35393,0.08873,0.01686,0.02651,0.00699,0.00945,0.01294,0.08254,0.11546,0.02185,0.01551
777,0.01806,0.04068,0.01851,0.01864,0.01374,0.00894,0.01016,0.10759,0.01607,0.30138,0.33230,0.00887,0.00268,0.00940,0.00782,0.00353,0.02426,0.02437,0.02117,0.01184
778,0.33290,0.01293,0.01707,0.01853,0.01829,0.22083,0.00645,0.01495,0.01560,0.00402,0.02263,0.00889,0.00276,0.01082,0.00459,0.22750,0.01343,0.01541,0.02066,0.01173
779,0.01331,0.04856,0.01896,0.03987,0.06215,0.01654,0.02478,0.03053,0.02320,0.01093,0.02562,0.48523,0.00855,0.02593,0.01059,0.03939,0.01879,0.02052,0.04951,0.02704
780,0.62225,0.01346,0.03675,0.01894,0.01427,0.03907,0.00908,0.01230,0.01670,0.00416,0.01802,0.01064,0.00247,0.01423,0.00427,0.11595,0.01148,0.00559,0.01720,0.01316
781,0.00973,0.00966,0.03191,0.03923,0.01191,0.00788,0.00957,0.32897,0.01122,0.07353,0.03459,0.01481,0.00249,0.01440,0.00425,0.00580,0.04758,0.31870,0.01169,0.01210
782,0.08208,0.13851,0.00779,0.03157,0.01303,0.02047,0.00363,0.03421,0.01748,0.04526,0.16402,0.16315,0.00084,0.10195,0.00996,0.05368,0.07547,0.02664,0.00820,0.00205
783,0.09805,0.02849,0.01519,0.01854,0.05749,0.05003,0.01002,0.02237,0.01951,0.00691,0.03592,0.01727,0.01004,0.01204,0.00482,0.40963,0.12083,0.01180,0.03438,0.01668
784,0.33416,0.03374,0.03428,0.01067,0.03212,0.05484,0.00655,0.01287,0.01890,0.00337,0.01442,0.01020,0.00271,0.01053,0.00385,0.20398,0.09587,0.09334,0.01064,0.01298
785,0.00996,0.16629,0.00684,0.00373,0.04475,0.00126,0.01180,0.19290,0.00369,0.02324,0.02240,0.00891,0.00256,0.00433,0.00150,0.00297,0.20624,0.27565,0.00274,0.00825
786,0.00128,0.00139,0.00158,0.00170,0.00198,0.00059,0.00106,0.00196,0.00213,0.00826,0.00264,0.00172,0.95802,0.00700,0.00047,0.00277,0.00082,0.00152,0.00148,0.00163
787,0.05821,0.06685,0.03620,0.03322,0.03699,0.03580,0.06961,0.05895,0.04195,0.05741,0.06067,0.04113,0.00843,0.06903,0.05392,0.07756,0.06315,0.06019,0.02094,0.04979
788,0.05327,0.02416,0.04673,0.02198,0.01589,0.41795,0.03383,0.00393,0.03500,0.01470,0.00931,0.04209,0.00800,0.07417,0.02693,0.05129,0.05866,0.00388,0.03476,0.02347
789,0.01648,0.00922,0.10327,0.05268,0.12286,0.04247,0.05867,0.03163,0.04959,0.02324,0.04421,0.06329,0.00821,0.02496,0.03624,0.00874,0.01104,0.03315,0.14972,0.11033
