site,A,C,D,E,F,G,H,I,K,L,M,N,P,Q,R,S,T,V,W,Y
677,0.22735,0.01700,0.00717,0.00854,0.01017,0.40947,0.00993,0.00915,0.01829,0.00293,0.00856,0.00912,0.00525,0.01152,0.00608,0.20234,0.01862,0.00181,0.00659,0.01010
678,0.05256,0.02456,0.07864,0.06354,0.03436,0.10328,0.07099,0.00701,0.01350,0.01746,0.05801,0.16176,0.00151,0.03259,0.00806,0.06732,0.08141,0.05333,0.03250,0.03762
679,0.43715,0.01345,0.01519,0.01485,0.02544,0.00398,0.02589,0.03089,0.02336,0.00739,0.02190,0.02752,0.01042,0.02393,0.00613,0.26193,0.00814,0.00418,0.01462,0.02362
680,0.01106,0.01869,0.02465,0.02504,0.01289,0.00739,0.01770,0.10937,0.03152,0.52912,0.02282,0.02307,0.04714,0.02433,0.00622,0.00630,0.01386,0.02637,0.02006,0.02241
681,0.05776,0.02967,0.00842,0.00683,0.01170,0.00995,0.06037,0.03509,0.13189,0.00339,0.00870,0.03867,0.00412,0.09022,0.21488,0.05277,0.10223,0.04807,0.00912,0.07617
682,0.00708,0.00947,0.01020,0.01594,0.63119,0.00504,0.02000,0.01242,0.01891,0.06483,0.01881,0.01482,0.01018,0.02297,0.00488,0.03488,0.00745,0.00444,0.05699,0.02950
683,0.00728,0.01184,0.01900,0.01228,0.01160,0.00472,0.02467,0.08972,0.01708,0.51514,0.12477,0.02449,0.01289,0.01630,0.00469,0.04917,0.01132,0.01305,0.01357,0.01642
684,0.00818,0.01765,0.23559,0.01479,0.02406,0.00567,0.02712,0.02607,0.01547,0.00586,0.01519,0.46119,0.00984,0.01739,0.00625,0.05339,0.01189,0.00612,0.01177,0.02652
685,0.00987,0.01848,0.68240,0.03182,0.02132,0.00506,0.02621,0.02535,0.02436,0.00771,0.01716,0.01854,0.01347,0.02447,0.00711,0.00766,0.01159,0.00832,0.01653,0.02259
686,0.01127,0.02022,0.02665,0.01771,0.02365,0.00579,0.03239,0.05263,0.02336,0.01318,0.53287,0.02668,0.01487,0.02042,0.00939,0.00805,0.01610,0.10416,0.01257,0.02802
687,0.06826,0.01979,0.01996,0.01590,0.02664,0.54339,0.02939,0.03000,0.02433,0.00685,0.02678,0.03567,0.01107,0.02333,0.01618,0.04024,0.01279,0.01044,0.01347,0.02553
688,0.01078,0.02075,0.02354,0.03540,0.03181,0.00621,0.02828,0.02714,0.57788,0.00713,0.02315,0.02417,0.01454,0.05914,0.02342,0.00975,0.02208,0.00921,0.01404,0.03157
689,0.02424,0.01850,0.00472,0.00442,0.00556,0.00125,0.00898,0.05498,0.00645,0.01308,0.00579,0.00834,0.00354,0.00738,0.00163,0.00812,0.62667,0.18576,0.00433,0.00630
690,0.01167,0.02370,0.02698,0.02423,0.02780,0.04360,0.04349,0.03437,0.01142,0.00849,0.02868,0.03846,0.01640,0.03508,0.53740,0.01488,0.01630,0.00871,0.01622,0.03212
691,0.00881,0.02054,0.02280,0.12671,0.02192,0.00495,0.02366,0.02821,0.46497,0.00642,0.01594,0.04577,0.00991,0.03629,0.10174,0.00757,0.01258,0.00656,0.01018,0.02447
692,0.03130,0.01264,0.39403,0.04917,0.04451,0.13001,0.05706,0.01738,0.01822,0.00534,0.01502,0.08149,0.01020,0.02183,0.00406,0.01999,0.01477,0.00452,0.04100,0.02747
693,0.02911,0.12594,0.00540,0.00673,0.00806,0.00143,0.08292,0.13421,0.01808,0.11400,0.05478,0.01555,0.00419,0.06540,0.01237,0.03658,0.09927,0.17554,0.00428,0.00615
694,0.09675,0.05813,0.02129,0.01339,0.01627,0.22396,0.02690,0.01091,0.00750,0.07317,0.12986,0.05078,0.04789,0.17318,0.00097,0.01381,0.00696,0.00499,0.00711,0.01617
695,0.01138,0.03044,0.02352,0.54211,0.05283,0.00500,0.04669,0.05013,0.01346,0.00739,0.02262,0.04957,0.01480,0.02347,0.00793,0.01047,0.01438,0.01456,0.01560,0.04367
696,0.01033,0.01763,0.02519,0.01619,0.02606,0.00659,0.04248,0.03701,0.03012,0.00652,0.02337,0.04796,0.01646,0.02741,0.04393,0.01067,0.01705,0.00870,0.55842,0.02792
697,0.09749,0.08778,0.00800,0.02451,0.02978,0.06967,0.10968,0.00835,0.09898,0.02756,0.03584,0.08256,0.00445,0.03327,0.05650,0.09547,0.03124,0.01338,0.01042,0.07508
698,0.17348,0.03646,0.03722,0.12294,0.00869,0.02965,0.04641,0.00995,0.01775,0.00482,0.02582,0.03224,0.23863,0.12133,0.00734,0.06594,0.00354,0.00526,0.00547,0.00706
699,0.02342,0.02169,0.02317,0.01152,0.02898,0.00734,0.03683,0.04907,0.02200,0.00824,0.02193,0.03867,0.08731,0.02716,0.00623,0.51695,0.02249,0.00819,0.01264,0.02617
700,0.05198,0.06575,0.00389,0.00427,0.04109,0.02193,0.06693,0.06966,0.02775,0.08255,0.06968,0.07866,0.05332,0.09548,0.02585,0.03128,0.07059,0.08494,0.01245,0.04194
701,0.04880,0.02445,0.03180,0.00769,0.02721,0.53321,0.03057,0.03138,0.02542,0.00884,0.02216,0.02740,0.01852,0.02853,0.03121,0.02289,0.01477,0.01604,0.01850,0.03059
702,0.00556,0.04541,0.00804,0.00701,0.16640,0.00470,0.04888,0.06753,0.00990,0.04625,0.06822,0.00955,0.00409,0.01242,0.01002,0.00558,0.01288,0.05960,0.17484,0.23313
703,0.04738,0.06261,0.07887,0.04520,0.04824,0.03413,0.07444,0.06881,0.00313,0.04804,0.04625,0.06527,0.01529,0.09951,0.02786,0.05037,0.05186,0.04864,0.02548,0.05860
704,0.01843,0.02324,0.14793,0.03137,0.02224,0.00987,0.04933,0.01282,0.00692,0.00605,0.00697,0.26738,0.00650,0.05970,0.01247,0.24274,0.02385,0.00675,0.02086,0.02457
705,0.00980,0.01318,0.02424,0.01323,0.02285,0.00489,0.04246,0.02726,0.02201,0.00684,0.01675,0.03993,0.01702,0.02209,0.03133,0.00718,0.01593,0.00710,0.62948,0.02641
706,0.02258,0.03369,0.07583,0.45245,0.03436,0.02774,0.05109,0.03861,0.00926,0.01071,0.02522,0.03925,0.01702,0.04490,0.00814,0.01034,0.02616,0.01266,0.02510,0.03490
707,0.03465,0.03455,0.15229,0.34114,0.03595,0.05467,0.04384,0.03255,0.01309,0.00917,0.02698,0.04559,0.01263,0.03388,0.00811,0.02356,0.02134,0.01554,0.02482,0.03566
708,0.04166,0.01830,0.02855,0.02256,0.02076,0.00534,0.03746,0.08289,0.03632,0.01104,0.03284,0.02577,0.01485,0.04904,0.01045,0.00811,0.02898,0.48216,0.02002,0.02291
709,0.01874,0.02514,0.03225,0.04089,0.05366,0.00782,0.02619,0.04975,0.01778,0.01249,0.04335,0.05374,0.49833,0.01185,0.00483,0.00752,0.01581,0.02627,0.01421,0.03936
710,0.00956,0.04323,0.02113,0.01628,0.52618,0.00485,0.04049,0.03965,0.02966,0.00313,0.02973,0.03863,0.01734,0.02900,0.00800,0.06007,0.01490,0.00795,0.03623,0.02398
711,0.01068,0.46477,0.04660,0.01948,0.03921,0.01429,0.04300,0.06283,0.03155,0.01034,0.03040,0.07242,0.01350,0.04006,0.01670,0.01421,0.02101,0.01124,0.01146,0.02624
712,0.01057,0.03070,0.02800,0.01886,0.01430,0.01010,0.02831,0.04485,0.03698,0.01125,0.04086,0.03660,0.03505,0.03141,0.00843,0.50965,0.03583,0.01226,0.02519,0.03079
713,0.00945,0.02691,0.02082,0.01680,0.04277,0.00480,0.44697,0.04571,0.01955,0.00814,0.02767,0.19550,0.01057,0.01891,0.02082,0.00913,0.01634,0.01017,0.01439,0.03457
714,0.01648,0.03379,0.02721,0.02802,0.05847,0.01122,0.43505,0.05108,0.03326,0.01470,0.03548,0.04687,0.01430,0.03022,0.01256,0.02003,0.01835,0.01657,0.03999,0.05634
715,0.00784,0.03796,0.02436,0.01857,0.37960,0.00463,0.03493,0.02698,0.03119,0.08094,0.02641,0.03269,0.01033,0.02829,0.00610,0.01835,0.01539,0.00755,0.04363,0.16427
716,0.03846,0.03909,0.01577,0.02489,0.02110,0.02135,0.14777,0.03204,0.02433,0.00870,0.03231,0.36575,0.00983,0.06510,0.00725,0.07290,0.02258,0.01231,0.01808,0.02037
717,0.02014,0.03353,0.00798,0.02424,0.01110,0.00157,0.04152,0.01903,0.21722,0.11813,0.11812,0.02025,0.00450,0.13294,0.08583,0.03205,0.06568,0.01529,0.00776,0.02310
718,0.03686,0.13678,0.01444,0.00850,0.01935,0.00291,0.01006,0.16650,0.00984,0.26534,0.06075,0.01437,0.03885,0.01000,0.00715,0.00419,0.00815,0.16268,0.00831,0.01497
719,0.00906,0.00755,0.02087,0.01589,0.25776,0.00489,0.08486,0.02977,0.02226,0.00676,0.02237,0.03346,0.01076,0.01774,0.00576,0.00655,0.01173,0.00958,0.14315,0.27922
720,0.01068,0.02597,0.02434,0.02537,0.10482,0.00944,0.02663,0.06983,0.04797,0.29938,0.17400,0.03098,0.01065,0.02605,0.01574,0.00794,0.01259,0.01247,0.02675,0.03839
721,0.01193,0.02661,0.03780,0.04713,0.04111,0.01469,0.05665,0.05592,0.29026,0.01073,0.02643,0.04907,0.01368,0.03042,0.14564,0.03767,0.03404,0.01176,0.02472,0.03372
722,0.01181,0.03454,0.36013,0.01740,0.03950,0.11113,0.03617,0.04061,0.03608,0.01401,0.05239,0.05503,0.01495,0.03893,0.00968,0.01130,0.01879,0.01309,0.02578,0.05867
723,0.01566,0.02012,0.02079,0.10016,0.02712,0.44116,0.07007,0.02393,0.03901,0.01371,0.03798,0.02137,0.01942,0.04916,0.00833,0.01610,0.01571,0.01018,0.02824,0.02176
724,0.01031,0.02398,0.02768,0.02090,0.04271,0.10731,0.01987,0.03719,0.02467,0.00919,0.02516,0.02814,0.00859,0.02850,0.49594,0.01561,0.01209,0.01216,0.02038,0.02962
725,0.05760,0.06672,0.03693,0.05695,0.08380,0.09460,0.05481,0.00861,0.02505,0.00349,0.02847,0.05519,0.03396,0.04301,0.02578,0.10437,0.04924,0.01325,0.11067,0.04749
726,0.00558,0.01617,0.01646,0.01371,0.01179,0.00542,0.01214,0.22077,0.02642,0.26518,0.14335,0.01638,0.00429,0.01267,0.00478,0.00766,0.01119,0.17817,0.01467,0.01318
727,0.02338,0.17760,0.01677,0.01661,0.02709,0.00513,0.02246,0.10151,0.02246,0.00568,0.04921,0.03053,0.00640,0.01500,0.00606,0.00660,0.09226,0.33817,0.01439,0.02269
728,0.13994,0.05900,0.02916,0.02151,0.02718,0.00467,0.01708,0.11012,0.03272,0.00741,0.04094,0.02031,0.00661,0.03443,0.01259,0.00868,0.01182,0.35705,0.03627,0.02249
729,0.04790,0.03274,0.03794,0.02694,0.04878,0.01274,0.02553,0.03343,0.02934,0.02797,0.02955,0.03417,0.46326,0.02068,0.00779,0.02732,0.01260,0.01376,0.03298,0.03457
730,0.01240,0.50064,0.03815,0.03903,0.03167,0.00899,0.02893,0.03555,0.04349,0.01315,0.03906,0.03425,0.01418,0.04050,0.02546,0.01927,0.02021,0.01348,0.02548,0.01608
731,0.00911,0.02291,0.08441,0.02298,0.03272,0.00680,0.03264,0.03356,0.04711,0.00970,0.02500,0.08171,0.01719,0.02780,0.43957,0.00799,0.01522,0.00900,0.01673,0.05784
732,0.07624,0.03441,0.09587,0.12045,0.03664,0.08535,0.07013,0.01417,0.02464,0.04940,0.04377,0.02060,0.05559,0.15553,0.00603,0.03612,0.01965,0.01950,0.01481,0.02109
733,0.02708,0.04179,0.02641,0.05344,0.02994,0.01262,0.02721,0.02933,0.03121,0.01179,0.02179,0.03017,0.01167,0.34526,0.05739,0.14699,0.03151,0.01254,0.02396,0.02788
734,0.01685,0.02028,0.47077,0.17749,0.01521,0.07031,0.01273,0.01738,0.02194,0.00520,0.01741,0.07324,0.00626,0.01578,0.00580,0.00654,0.00812,0.00672,0.01715,0.01482
735,0.01085,0.02651,0.02291,0.55955,0.02685,0.07423,0.02169,0.02381,0.01503,0.00944,0.02937,0.02576,0.01084,0.03945,0.01168,0.00897,0.01298,0.01038,0.03190,0.02782
736,0.11850,0.11214,0.01553,0.01255,0.01819,0.00393,0.01070,0.02013,0.01129,0.22749,0.09116,0.02176,0.05446,0.05952,0.00277,0.00435,0.04220,0.15055,0.00947,0.01333
737,0.01340,0.03153,0.03549,0.04742,0.05028,0.01016,0.04597,0.32215,0.02916,0.07584,0.03441,0.03801,0.01453,0.03343,0.00922,0.02512,0.07870,0.03469,0.03103,0.03946
738,0.01660,0.02228,0.01854,0.03380,0.04417,0.49294,0.03727,0.03707,0.03516,0.01385,0.04432,0.03585,0.01619,0.04031,0.00993,0.00533,0.01832,0.01162,0.02568,0.04076
739,0.02372,0.03439,0.06358,0.04702,0.06510,0.01450,0.03044,0.05461,0.03925,0.00776,0.04667,0.06302,0.00870,0.01279,0.34646,0.01337,0.01631,0.02504,0.02738,0.05989
740,0.41421,0.07028,0.02117,0.01641,0.03323,0.04353,0.02604,0.04215,0.03853,0.01131,0.03048,0.02742,0.00709,0.02832,0.00706,0.11334,0.01111,0.01524,0.01896,0.02413
741,0.01006,0.00972,0.03024,0.02515,0.04297,0.00696,0.08637,0.04218,0.03684,0.00926,0.03354,0.02954,0.00820,0.02961,0.50822,0.00806,0.01406,0.01171,0.02306,0.03422
742,0.02217,0.39329,0.01265,0.01652,0.01039,0.00559,0.01036,0.03536,0.01728,0.00407,0.02479,0.01518,0.00608,0.01468,0.00421,0.00426,0.01007,0.36723,0.01384,0.01200
743,0.03733,0.06338,0.02428,0.02591,0.02590,0.00755,0.02949,0.02225,0.02751,0.04659,0.03975,0.03741,0.04325,0.02900,0.00831,0.45978,0.01417,0.00872,0.02036,0.02905
744,0.01556,0.04423,0.04244,0.04342,0.03241,0.01755,0.01698,0.03710,0.04401,0.01769,0.03360,0.04267,0.46288,0.02112,0.01296,0.01102,0.01437,0.01752,0.03607,0.03638
745,0.01149,0.02894,0.06645,0.09791,0.03735,0.38710,0.03836,0.03306,0.03183,0.00768,0.03502,0.04044,0.01129,0.02723,0.02106,0.01376,0.03356,0.01181,0.01806,0.04761
746,0.09608,0.07468,0.00716,0.01090,0.03236,0.01914,0.06027,0.01747,0.05947,0.02558,0.09277,0.10046,0.00363,0.00877,0.11426,0.11617,0.05475,0.05647,0.01114,0.03846
747,0.00622,0.01389,0.01538,0.02074,0.01771,0.39820,0.04319,0.03132,0.02315,0.02401,0.04844,0.21478,0.01025,0.04946,0.01015,0.00525,0.01371,0.02029,0.01763,0.01621
748,0.01027,0.01459,0.02123,0.02474,0.03903,0.01484,0.07326,0.04763,0.03169,0.03484,0.02257,0.02442,0.00991,0.01837,0.01083,0.00616,0.01150,0.01321,0.49342,0.07747
749,0.10883,0.05925,0.00883,0.02635,0.01365,0.05477,0.00674,0.02106,0.20165,0.04184,0.03549,0.04212,0.02390,0.10248,0.06499,0.09309,0.04183,0.02198,0.01405,0.01709
750,0.05971,0.12215,0.01040,0.01223,0.01834,0.01928,0.05785,0.13155,0.04309,0.06339,0.04827,0.05428,0.00283,0.01486,0.01633,0.01625,0.12343,0.15603,0.01189,0.01784
751,0.04340,0.07424,0.01579,0.01237,0.05222,0.02475,0.09619,0.03259,0.09348,0.04669,0.10353,0.03121,0.02136,0.01747,0.10321,0.04759,0.09920,0.04809,0.01427,0.02235
752,0.06839,0.01418,0.08084,0.18500,0.01172,0.05831,0.03827,0.01738,0.01448,0.00441,0.02415,0.01477,0.04319,0.08432,0.00471,0.08198,0.08321,0.00953,0.01208,0.14905
753,0.03215,0.04868,0.02840,0.02440,0.02282,0.00922,0.01429,0.01336,0.02469,0.00652,0.05491,0.07418,0.22315,0.04304,0.00612,0.09457,0.19894,0.03733,0.02152,0.02171
754,0.22335,0.13658,0.01971,0.02933,0.02777,0.10463,0.01931,0.02604,0.03596,0.00973,0.02642,0.03343,0.00729,0.02669,0.00907,0.15981,0.03080,0.00738,0.02843,0.03826
755,0.16350,0.14819,0.01648,0.01077,0.01166,0.18032,0.01105,0.01203,0.01093,0.00399,0.02758,0.01313,0.01934,0.01101,0.01080,0.21683,0.07310,0.03492,0.01619,0.00817
756,0.04066,0.13984,0.02561,0.02461,0.00752,0.02892,0.03451,0.02907,0.02854,0.20681,0.08501,0.02708,0.03299,0.01902,0.00891,0.04927,0.01386,0.03542,0.02154,0.14079
757,0.24390,0.02043,0.02219,0.01963,0.01985,0.25039,0.01588,0.02152,0.03467,0.00741,0.02424,0.02059,0.00457,0.02564,0.00582,0.17907,0.03319,0.00412,0.01771,0.02918
758,0.01329,0.03181,0.03385,0.08588,0.04264,0.01300,0.02493,0.03062,0.49717,0.01047,0.03179,0.01695,0.01057,0.02692,0.03544,0.01024,0.01607,0.01683,0.02252,0.02900
759,0.01751,0.02549,0.02563,0.03640,0.01967,0.01552,0.01952,0.02689,0.04258,0.01991,0.02531,0.08565,0.04751,0.02713,0.00880,0.44687,0.04189,0.01498,0.03190,0.02086
760,0.01120,0.05040,0.02555,0.03113,0.01892,0.01098,0.13363,0.01745,0.02770,0.00653,0.02368,0.02000,0.00707,0.02204,0.00728,0.00783,0.00940,0.01254,0.02054,0.53612
761,0.39570,0.01829,0.01478,0.01924,0.01621,0.25833,0.01651,0.02463,0.01496,0.00652,0.01389,0.01340,0.00581,0.02025,0.00621,0.05455,0.04207,0.02563,0.01768,0.01534
762,0.00641,0.09857,0.01932,0.01471,0.01814,0.00738,0.19790,0.01442,0.04020,0.08127,0.03070,0.08139,0.00384,0.25490,0.06773,0.00509,0.01843,0.00906,0.01825,0.01229
763,0.02399,0.05719,0.02105,0.03213,0.01733,0.00927,0.23266,0.03250,0.01550,0.03887,0.23889,0.02033,0.00901,0.03100,0.00694,0.01109,0.03794,0.01113,0.01390,0.13926
764,0.01944,0.02363,0.05930,0.03583,0.04330,0.03074,0.03087,0.04023,0.04679,0.01057,0.03651,0.04933,0.01399,0.03388,0.00958,0.01439,0.01920,0.01416,0.42256,0.04572
765,0.02026,0.04004,0.01707,0.01381,0.02908,0.00613,0.12170,0.02559,0.03619,0.01896,0.10816,0.02347,0.00322,0.32595,0.03790,0.07671,0.04619,0.01311,0.01531,0.02115
766,0.00583,0.03078,0.01538,0.01752,0.01793,0.00698,0.00845,0.06138,0.02463,0.35367,0.17778,0.01410,0.00833,0.01383,0.00438,0.00457,0.03200,0.17429,0.01317,0.01500
767,0.00229,0.00956,0.00552,0.00516,0.28259,0.00209,0.24628,0.04203,0.00583,0.06230,0.23115,0.03505,0.00433,0.00403,0.00327,0.00192,0.00251,0.00830,0.00419,0.04159
768,0.01188,0.31976,0.03182,0.02482,0.04029,0.01205,0.11752,0.06029,0.01746,0.00778,0.01670,0.02572,0.00384,0.02035,0.01002,0.00985,0.01497,0.01053,0.02426,0.22010
769,0.01095,0.05483,0.02415,0.04106,0.58699,0.01572,0.01688,0.02139,0.02676,0.01632,0.02487,0.02089,0.00742,0.02401,0.00879,0.02698,0.00854,0.01538,0.02867,0.01940
770,0.03904,0.02999,0.02313,0.03794,0.02685,0.03119,0.47783,0.02102,0.01791,0.00551,0.02387,0.01359,0.00376,0.02149,0.04755,0.08983,0.00722,0.01591,0.03305,0.03333
771,0.01329,0.03547,0.02298,0.02661,0.03056,0.08428,0.02383,0.03538,0.11487,0.00821,0.02414,0.01934,0.01269,0.03011,0.43820,0.00846,0.00988,0.01424,0.02470,0.02277
772,0.01470,0.03100,0.03500,0.03379,0.03554,0.08421,0.02709,0.02386,0.04370,0.00990,0.03045,0.03060,0.00948,0.02540,0.42971,0.02671,0.01282,0.02285,0.04229,0.03091
773,0.02941,0.04880,0.43570,0.03406,0.03743,0.00925,0.02503,0.03425,0.03285,0.01808,0.03965,0.00865,0.01057,0.04001,0.01900,0.01085,0.01477,0.03391,0.09639,0.02135
774,0.00975,0.03343,0.02128,0.02496,0.05230,0.01236,0.01193,0.08322,0.01733,0.36312,0.10894,0.02077,0.06429,0.01386,0.01215,0.00788,0.00788,0.09145,0.02338,0.01970
775,0.01392,0.03643,0.02603,0.03670,0.03981,0.02111,0.02090,0.03141,0.02816,0.00894,0.02714,0.01752,0.01220,0.00963,0.55774,0.01113,0.01106,0.02178,0.03805,0.03035
776,0.01242,0.02727,0.02886,0.03234,0.02736,0.01542,0.01465,0.07567,0.02835,0.30299,0.07090,0.02621,0.06069,0.01084,0.00810,0.02089,0.06971,0.10890,0.03436,0.02407
777,0.02828,0.04729,0.02668,0.02697,0.01990,0.01297,0.01498,0.09538,0.02172,0.29467,0.26790,0.01277,0.00392,0.01346,0.01107,0.00513,0.02398,0.02475,0.03115,0.01703
778,0.28966,0.01988,0.02912,0.02958,0.02872,0.19464,0.00999,0.02303,0.02431,0.00623,0.03568,0.01401,0.00395,0.01690,0.00717,0.17978,0.02760,0.00947,0.03217,0.01809
779,0.01782,0.06489,0.01003,0.05305,0.08206,0.02215,0.02847,0.03129,0.01784,0.01460,0.03411,0.35362,0.01149,0.03485,0.01415,0.05842,0.03305,0.02732,0.06521,0.02560
780,0.50122,0.01949,0.01808,0.02774,0.02069,0.04098,0.01317,0.01778,0.02416,0.00602,0.02612,0.01540,0.00358,0.02068,0.00619,0.16566,0.01770,0.01143,0.02490,0.01901
781,0.01217,0.01284,0.04265,0.05205,0.01008,0.01048,0.01270,0.23844,0.01500,0.05433,0.05318,0.01576,0.00331,0.01918,0.00566,0.00539,0.05146,0.35369,0.01559,0.01603
782,0.06188,0.14629,0.01487,0.06011,0.01587,0.02758,0.00589,0.02319,0.03018,0.02751,0.15749,0.17431,0.00160,0.07155,0.01101,0.03896,0.09255,0.02159,0.01560,0.00196
783,0.05518,0.03943,0.02106,0.02573,0.07948,0.08777,0.01391,0.03094,0.02705,0.01128,0.04976,0.02394,0.00257,0.01671,0.00668,0.31559,0.12035,0.01634,0.03307,0.02316
784,0.28685,0.03442,0.01479,0.01683,0.04925,0.07736,0.01011,0.02046,0.02947,0.00523,0.02225,0.01598,0.00336,0.01643,0.00605,0.16369,0.11118,0.07945,0.01645,0.02041
785,0.00739,0.17515,0.01230,0.00884,0.08057,0.00228,0.02125,0.07594,0.00668,0.04832,0.06182,0.01610,0.00459,0.00775,0.00269,0.00533,0.17059,0.27262,0.00493,0.01487
786,0.00193,0.00246,0.00280,0.00300,0.00350,0.00105,0.00173,0.00347,0.00376,0.00550,0.00467,0.00305,0.94276,0.00254,0.00086,0.00739,0.00133,0.00269,0.00262,0.00288
787,0.04079,0.05334,0.06999,0.03533,0.02671,0.04310,0.09415,0.06249,0.03645,0.05027,0.07089,0.03232,0.01545,0.08241,0.06184,0.07468,0.03774,0.05487,0.01377,0.04341
788,0.07644,0.01357,0.04774,0.02276,0.00933,0.38412,0.03261,0.00691,0.02652,0.00860,0.01371,0.04436,0.00911,0.10186,0.02007,0.04088,0.08253,0.00496,0.04498,0.00896
789,0.02156,0.00562,0.10473,0.06755,0.09138,0.03606,0.06983,0.04119,0.06679,0.00733,0.04669,0.08327,0.01058,0.03217,0.04167,0.01186,0.01457,0.04221,0.10830,0.09663
