site,A,C,D,E,F,G,H,I,K,L,M,N,P,Q,R,S,T,V,W,Y
677,0.23583,0.00608,0.00405,0.00389,0.00579,0.45169,0.00570,0.00517,0.00547,0.00166,0.00436,0.00520,0.00275,0.00503,0.00190,0.22229,0.01891,0.00477,0.00376,0.00568
678,0.04571,0.09081,0.12083,0.07372,0.03729,0.11746,0.04536,0.01337,0.01915,0.01244,0.03755,0.12310,0.00061,0.03699,0.01722,0.06898,0.06067,0.02487,0.01334,0.04055
679,0.51398,0.00865,0.00799,0.00961,0.01643,0.00311,0.01665,0.02012,0.01523,0.00475,0.01420,0.01781,0.00842,0.01538,0.00394,0.27602,0.00317,0.01980,0.00956,0.01518
680,0.00435,0.00733,0.00970,0.00979,0.05503,0.00291,0.01963,0.36672,0.01236,0.38131,0.01155,0.00912,0.01247,0.00961,0.00245,0.00248,0.00544,0.06107,0.00788,0.00882
681,0.04899,0.04320,0.00211,0.00172,0.04087,0.01646,0.08827,0.02394,0.06710,0.01867,0.02537,0.07537,0.00102,0.08596,0.09771,0.05757,0.09927,0.04900,0.07305,0.08435
682,0.00463,0.00532,0.00666,0.01040,0.75325,0.00329,0.01302,0.02896,0.01237,0.02450,0.01234,0.00969,0.00849,0.01499,0.00319,0.04553,0.00485,0.00290,0.01628,0.01935
683,0.00441,0.00717,0.01157,0.00746,0.00705,0.00287,0.01501,0.22746,0.01039,0.57552,0.04551,0.01485,0.00788,0.00989,0.00286,0.02311,0.00689,0.00287,0.00725,0.00998
684,0.00581,0.01266,0.13483,0.01070,0.01745,0.00404,0.03849,0.01878,0.02157,0.00419,0.01096,0.60695,0.00703,0.01225,0.00446,0.02122,0.02565,0.00433,0.00848,0.03017
685,0.00518,0.01012,0.68579,0.01333,0.01174,0.04145,0.01439,0.01406,0.01342,0.00426,0.00947,0.06092,0.00735,0.01356,0.00394,0.00419,0.00637,0.00956,0.00920,0.06170
686,0.01044,0.01491,0.01962,0.01308,0.01745,0.00426,0.02387,0.01019,0.01719,0.01128,0.71949,0.01973,0.01094,0.01500,0.01942,0.00594,0.01437,0.02288,0.00927,0.02068
687,0.06008,0.01343,0.01351,0.02571,0.01792,0.68534,0.01986,0.02040,0.01640,0.00466,0.01809,0.02398,0.00750,0.01584,0.00309,0.01281,0.00862,0.00643,0.00910,0.01724
688,0.00622,0.01192,0.01350,0.00460,0.01814,0.00356,0.01633,0.13304,0.61457,0.00410,0.01339,0.05789,0.00838,0.01664,0.03263,0.00558,0.00791,0.00530,0.00803,0.01828
689,0.01681,0.02125,0.00265,0.00186,0.00235,0.00052,0.00384,0.03628,0.00274,0.03690,0.00244,0.00350,0.00149,0.00310,0.00068,0.01929,0.69677,0.14302,0.00182,0.00267
690,0.00808,0.01641,0.01859,0.01658,0.01909,0.02840,0.03043,0.02377,0.00782,0.00586,0.01218,0.02659,0.01130,0.02428,0.67628,0.00523,0.02222,0.00602,0.01850,0.02238
691,0.00595,0.01386,0.01528,0.04696,0.01477,0.00334,0.01578,0.03091,0.57451,0.00434,0.01078,0.01921,0.00667,0.01443,0.18173,0.00516,0.00848,0.00442,0.00683,0.01657
692,0.05548,0.00469,0.26953,0.09521,0.02847,0.19196,0.05709,0.00642,0.00677,0.00319,0.01114,0.14595,0.00376,0.00836,0.00150,0.02948,0.00931,0.00167,0.06145,0.00856
693,0.02265,0.13974,0.00221,0.00581,0.00260,0.00059,0.07168,0.11246,0.01197,0.11874,0.03194,0.01386,0.00304,0.06208,0.00803,0.02019,0.07571,0.29231,0.00181,0.00258
694,0.09056,0.02391,0.10512,0.13392,0.00720,0.23423,0.02153,0.00763,0.00334,0.04989,0.06055,0.02953,0.06473,0.14246,0.00044,0.00714,0.00376,0.00361,0.00319,0.00727
695,0.00622,0.02006,0.01533,0.65068,0.03497,0.04668,0.03059,0.03276,0.00725,0.00489,0.01486,0.03250,0.00974,0.01545,0.00522,0.00687,0.00937,0.01759,0.01022,0.02875
696,0.00621,0.03118,0.01513,0.00971,0.01575,0.00282,0.02571,0.02237,0.01812,0.01307,0.01402,0.02883,0.00990,0.01648,0.11933,0.00644,0.01024,0.00526,0.61260,0.01681
697,0.12748,0.05382,0.05323,0.04971,0.05333,0.07199,0.09279,0.00779,0.02277,0.03048,0.05255,0.04022,0.00072,0.08396,0.01067,0.12496,0.05268,0.01234,0.02088,0.03763
698,0.18284,0.01301,0.05874,0.19804,0.00677,0.01196,0.00492,0.00774,0.00993,0.00463,0.00885,0.00872,0.34053,0.03247,0.00162,0.09346,0.00274,0.00322,0.00427,0.00553
699,0.01922,0.01434,0.01542,0.00767,0.01932,0.00488,0.02469,0.03291,0.01463,0.02309,0.01443,0.02544,0.05093,0.01800,0.00414,0.63380,0.04111,0.00543,0.01318,0.01739
700,0.05024,0.04992,0.00246,0.00369,0.04578,0.00655,0.04616,0.07655,0.05613,0.06049,0.10063,0.06221,0.07951,0.08925,0.01841,0.02117,0.08187,0.10202,0.01445,0.03251
701,0.00865,0.01750,0.02293,0.00555,0.01982,0.70565,0.02201,0.02277,0.01843,0.00634,0.01592,0.01986,0.01326,0.02048,0.00345,0.00681,0.01064,0.02475,0.01325,0.02194
702,0.00174,0.01822,0.00377,0.00331,0.14023,0.00189,0.12120,0.10230,0.00465,0.05047,0.05713,0.00450,0.00194,0.00649,0.00372,0.00131,0.00777,0.03941,0.15225,0.27771
703,0.06240,0.04002,0.10768,0.09417,0.03593,0.03100,0.10627,0.04481,0.00252,0.05609,0.05529,0.04476,0.00900,0.06108,0.01684,0.04887,0.04944,0.04590,0.01470,0.07325
704,0.02209,0.06897,0.06605,0.01437,0.01177,0.00148,0.04737,0.00850,0.01269,0.00225,0.00462,0.32977,0.00433,0.03829,0.00480,0.29497,0.03801,0.00251,0.01163,0.01552
705,0.00649,0.01531,0.01611,0.00877,0.01515,0.00365,0.02814,0.01807,0.01460,0.00422,0.01109,0.02658,0.01128,0.01470,0.00279,0.00478,0.01057,0.00472,0.76543,0.01755
706,0.00666,0.02247,0.09285,0.54951,0.02266,0.02193,0.03398,0.02606,0.02581,0.00709,0.01651,0.02633,0.01127,0.04681,0.00536,0.00687,0.02153,0.00670,0.01433,0.03527
707,0.00516,0.01761,0.34089,0.31781,0.01822,0.06676,0.02251,0.01651,0.02402,0.00465,0.01578,0.05045,0.00641,0.04173,0.00413,0.00880,0.00740,0.00599,0.00724,0.01792
708,0.11263,0.01097,0.03572,0.01349,0.01504,0.00318,0.02234,0.10923,0.02147,0.01234,0.01957,0.01532,0.00887,0.02938,0.00621,0.00483,0.00881,0.52507,0.01186,0.01366
709,0.01343,0.02460,0.01733,0.04034,0.02890,0.00323,0.03927,0.02733,0.00964,0.00834,0.04775,0.03715,0.49787,0.04126,0.00262,0.03215,0.04034,0.01740,0.00771,0.06333
710,0.00543,0.02254,0.01200,0.00924,0.54728,0.00275,0.02295,0.03684,0.01682,0.06964,0.01689,0.02190,0.00979,0.01646,0.00453,0.11807,0.00848,0.02150,0.02060,0.01628
711,0.00727,0.57576,0.03183,0.01325,0.02669,0.00323,0.02936,0.04320,0.02157,0.00703,0.02069,0.04943,0.00919,0.02722,0.05661,0.01771,0.01433,0.00764,0.00780,0.03017
712,0.00851,0.01977,0.01798,0.01197,0.08728,0.00643,0.01804,0.02881,0.02373,0.00938,0.02567,0.02324,0.02677,0.01974,0.00537,0.59535,0.00868,0.00769,0.01614,0.03944
713,0.00533,0.01508,0.01757,0.00967,0.02430,0.00278,0.46151,0.02691,0.01095,0.01162,0.01545,0.18701,0.00914,0.00931,0.03682,0.00518,0.00931,0.00587,0.00825,0.12794
714,0.01065,0.02172,0.02728,0.01794,0.03748,0.00720,0.50886,0.03274,0.02158,0.00775,0.02280,0.05246,0.00661,0.02288,0.02903,0.01289,0.02166,0.01072,0.02282,0.10495
715,0.00436,0.01684,0.01345,0.01040,0.39022,0.00260,0.01964,0.01354,0.01750,0.03898,0.01481,0.01818,0.00577,0.01565,0.00341,0.07198,0.00860,0.00367,0.24636,0.08403
716,0.06804,0.04281,0.07151,0.01959,0.00762,0.00927,0.31633,0.01967,0.00994,0.00315,0.01048,0.24758,0.00355,0.05690,0.00262,0.03138,0.03731,0.02486,0.00651,0.01090
717,0.00588,0.00747,0.00755,0.05321,0.01025,0.00145,0.01927,0.02074,0.37465,0.07440,0.05413,0.01087,0.00412,0.09456,0.21011,0.00344,0.02408,0.00805,0.00397,0.01179
718,0.01109,0.07895,0.00868,0.00516,0.01174,0.00173,0.00603,0.19804,0.00591,0.29334,0.10217,0.00870,0.02705,0.00489,0.00652,0.00251,0.00348,0.21020,0.00500,0.00882
719,0.00606,0.03789,0.01698,0.01055,0.18171,0.00328,0.07186,0.01760,0.01480,0.00454,0.01487,0.01563,0.00711,0.01207,0.00388,0.00678,0.00788,0.00694,0.21432,0.34525
720,0.00593,0.01466,0.01329,0.01397,0.05501,0.00514,0.02418,0.11243,0.02473,0.30413,0.28719,0.01719,0.04661,0.01462,0.00765,0.00440,0.00681,0.00704,0.01432,0.02070
721,0.00965,0.02079,0.03021,0.15845,0.03266,0.00783,0.07193,0.04354,0.41748,0.00850,0.01758,0.01997,0.01089,0.02815,0.03277,0.02142,0.01278,0.00922,0.01941,0.02677
722,0.02485,0.03421,0.52037,0.03409,0.03090,0.04514,0.02807,0.03156,0.02800,0.01097,0.04099,0.02008,0.01165,0.03020,0.00759,0.00885,0.01457,0.01173,0.02009,0.04612
723,0.00983,0.01524,0.01574,0.01973,0.02060,0.61335,0.05332,0.01824,0.02970,0.01041,0.02876,0.01610,0.01470,0.03718,0.00430,0.00558,0.01188,0.00951,0.04932,0.01651
724,0.00766,0.01768,0.02048,0.01538,0.03151,0.03129,0.01460,0.03436,0.02177,0.00677,0.01842,0.02092,0.00638,0.02102,0.67171,0.00566,0.00898,0.00904,0.01484,0.02153
725,0.08150,0.07418,0.01805,0.03704,0.07597,0.04941,0.06702,0.00439,0.02062,0.00142,0.01198,0.07368,0.04395,0.01978,0.01170,0.13467,0.04343,0.01630,0.11379,0.10111
726,0.00337,0.00977,0.01004,0.00826,0.00714,0.00328,0.00735,0.24699,0.01606,0.27073,0.18000,0.01918,0.00260,0.00768,0.00289,0.00269,0.01992,0.16517,0.00890,0.00797
727,0.08748,0.04152,0.01170,0.01132,0.01887,0.00813,0.01522,0.16376,0.01543,0.00854,0.02233,0.02123,0.00455,0.01070,0.00426,0.00475,0.08375,0.44031,0.01031,0.01584
728,0.14789,0.02795,0.01935,0.01727,0.01519,0.00399,0.01370,0.04100,0.02626,0.00595,0.03317,0.01608,0.00535,0.02729,0.01019,0.00552,0.00854,0.52812,0.02905,0.01814
729,0.01486,0.02485,0.02881,0.02040,0.03732,0.00964,0.01704,0.02530,0.02221,0.00926,0.02230,0.02586,0.64545,0.01568,0.00589,0.00415,0.00912,0.01039,0.02533,0.02615
730,0.00666,0.49079,0.02021,0.02073,0.03026,0.00483,0.01562,0.01876,0.02326,0.00707,0.02057,0.01837,0.00760,0.02215,0.13087,0.00459,0.01373,0.00732,0.01970,0.11693
731,0.00687,0.00362,0.06368,0.01731,0.02457,0.00513,0.00577,0.02520,0.02474,0.00946,0.01884,0.06102,0.01883,0.02093,0.60384,0.01587,0.01148,0.00677,0.01261,0.04346
732,0.08091,0.02852,0.08770,0.07506,0.01990,0.07275,0.08733,0.00401,0.03441,0.02646,0.04145,0.06417,0.06199,0.17488,0.00577,0.04761,0.02154,0.01061,0.00793,0.04700
733,0.01175,0.03125,0.01908,0.15713,0.02224,0.00919,0.01235,0.02181,0.04482,0.00836,0.01594,0.02184,0.00680,0.46319,0.03218,0.06551,0.00958,0.00911,0.01711,0.02076
734,0.01162,0.01395,0.59336,0.13439,0.01044,0.10112,0.03106,0.01195,0.01507,0.00357,0.01197,0.00638,0.00430,0.01085,0.00399,0.00449,0.00559,0.00462,0.01179,0.00948
735,0.01285,0.01691,0.01560,0.65020,0.01704,0.00249,0.01373,0.01518,0.10890,0.00779,0.02340,0.01622,0.00689,0.02518,0.00741,0.00571,0.01058,0.00589,0.02036,0.01767
736,0.07099,0.31301,0.01031,0.00842,0.01211,0.00262,0.00709,0.02514,0.00751,0.27731,0.07397,0.01093,0.02361,0.00578,0.01001,0.00264,0.01124,0.11208,0.00633,0.00889
737,0.01253,0.02339,0.02724,0.03571,0.03765,0.00753,0.03532,0.44416,0.02247,0.02351,0.02552,0.02714,0.01101,0.02501,0.00703,0.01287,0.03952,0.12953,0.02358,0.02928
738,0.00718,0.04874,0.03670,0.02191,0.02935,0.60858,0.02432,0.02452,0.02292,0.00905,0.02898,0.02363,0.01068,0.02647,0.00647,0.00713,0.01199,0.00764,0.01680,0.02696
739,0.01712,0.02472,0.04639,0.03431,0.04726,0.02091,0.02216,0.03999,0.02852,0.00565,0.03355,0.04639,0.00566,0.03891,0.48520,0.00965,0.01187,0.01817,0.01986,0.04374
740,0.54760,0.01507,0.02907,0.01141,0.02298,0.03457,0.01806,0.02940,0.02644,0.00776,0.02106,0.01904,0.00490,0.01953,0.00488,0.11483,0.00404,0.03970,0.01308,0.01658
741,0.00681,0.04288,0.02045,0.01692,0.02902,0.00470,0.02618,0.02845,0.02463,0.00520,0.02255,0.01991,0.00555,0.02003,0.65442,0.01625,0.00950,0.00793,0.01563,0.02299
742,0.02089,0.31407,0.00884,0.01151,0.01488,0.00805,0.00720,0.04285,0.01202,0.00812,0.01685,0.01053,0.00423,0.01020,0.00293,0.00296,0.01040,0.47555,0.00956,0.00837
743,0.08286,0.08182,0.01151,0.01257,0.01228,0.00884,0.08944,0.01650,0.01296,0.00594,0.07213,0.01588,0.02875,0.04602,0.00510,0.40902,0.03975,0.00413,0.00971,0.03479
744,0.00916,0.02622,0.02461,0.02567,0.01932,0.01056,0.01002,0.02242,0.02622,0.05413,0.02023,0.02546,0.50264,0.09742,0.00770,0.04789,0.01678,0.01033,0.02152,0.02171
745,0.00827,0.02071,0.04800,0.02278,0.02686,0.52205,0.02775,0.02375,0.02285,0.00680,0.02529,0.02919,0.00813,0.01959,0.09301,0.01522,0.01785,0.00754,0.02032,0.03406
746,0.06509,0.12720,0.00270,0.00489,0.09832,0.02269,0.07692,0.04986,0.02462,0.03866,0.05443,0.08690,0.00494,0.01934,0.07421,0.09096,0.02496,0.04674,0.03233,0.05424
747,0.00579,0.00724,0.00903,0.01625,0.01071,0.37289,0.07701,0.03515,0.01445,0.01906,0.04735,0.18662,0.00527,0.08917,0.01199,0.01841,0.03378,0.02258,0.00905,0.00817
748,0.00495,0.00637,0.01309,0.01174,0.13906,0.00670,0.01232,0.04400,0.01497,0.05036,0.02528,0.01171,0.00479,0.01397,0.01073,0.00555,0.00557,0.01599,0.43605,0.16679
749,0.09246,0.05539,0.00542,0.01585,0.00738,0.06302,0.03038,0.02519,0.14540,0.03419,0.04974,0.07056,0.03044,0.09817,0.10281,0.08217,0.05189,0.02399,0.00637,0.00918
750,0.03411,0.06032,0.01158,0.00635,0.00885,0.00893,0.06264,0.12945,0.02310,0.08224,0.07157,0.06343,0.00306,0.03003,0.00745,0.03179,0.15315,0.18084,0.02450,0.00664
751,0.05053,0.02180,0.01884,0.02087,0.03648,0.03127,0.09588,0.02917,0.11729,0.05646,0.08449,0.01981,0.02074,0.02668,0.11597,0.04298,0.07162,0.06930,0.01521,0.05459
752,0.08060,0.00630,0.16332,0.14970,0.01381,0.03763,0.04310,0.00969,0.01762,0.00474,0.03677,0.01991,0.01886,0.08446,0.00204,0.06813,0.06399,0.02558,0.00668,0.14705
753,0.06588,0.08102,0.01804,0.01547,0.01418,0.00595,0.01229,0.01564,0.01599,0.01082,0.04322,0.10519,0.09889,0.01454,0.00515,0.09253,0.23301,0.12443,0.01392,0.01384
754,0.28450,0.08276,0.01268,0.02085,0.01859,0.16491,0.01325,0.01782,0.02495,0.00658,0.01780,0.02209,0.00496,0.01799,0.00625,0.22094,0.00505,0.01263,0.01957,0.02583
755,0.12311,0.18548,0.01103,0.00719,0.00720,0.29511,0.00752,0.00806,0.00740,0.00269,0.02359,0.00887,0.00834,0.00669,0.01054,0.12411,0.13336,0.02282,0.00410,0.00279
756,0.02262,0.11247,0.01525,0.01404,0.02204,0.01490,0.09401,0.02946,0.01594,0.21852,0.14746,0.02625,0.02711,0.02696,0.00302,0.03160,0.01710,0.09376,0.01262,0.05486
757,0.37227,0.01670,0.01817,0.01639,0.01639,0.24287,0.01304,0.01768,0.02859,0.00608,0.01993,0.01691,0.00375,0.02132,0.00477,0.11078,0.02389,0.01224,0.01454,0.02368
758,0.00740,0.01776,0.01885,0.09049,0.02383,0.00890,0.01349,0.05677,0.52260,0.00576,0.01748,0.01565,0.00577,0.04972,0.09078,0.00565,0.01125,0.00930,0.01238,0.01618
759,0.02896,0.02481,0.01498,0.02108,0.01149,0.00904,0.01145,0.01562,0.02477,0.07168,0.01481,0.07676,0.06152,0.01589,0.00513,0.47727,0.07530,0.00878,0.01856,0.01209
760,0.00724,0.10901,0.01689,0.02036,0.01349,0.00711,0.06478,0.01153,0.01751,0.00422,0.01529,0.01292,0.00455,0.01416,0.00471,0.01218,0.00612,0.00816,0.01311,0.63668
761,0.48462,0.01226,0.00994,0.03944,0.01082,0.29369,0.01117,0.01641,0.00993,0.00436,0.00927,0.00898,0.00387,0.01338,0.00417,0.02187,0.01171,0.01208,0.01172,0.01031
762,0.00471,0.02862,0.01421,0.01466,0.01332,0.00542,0.24475,0.01063,0.02652,0.06243,0.01188,0.08227,0.00563,0.34372,0.08685,0.00374,0.01152,0.00667,0.01344,0.00901
763,0.00714,0.04236,0.01557,0.02225,0.01503,0.00663,0.10697,0.05544,0.01747,0.02354,0.31350,0.01499,0.00648,0.02122,0.01137,0.00761,0.04072,0.08553,0.00988,0.17628
764,0.01341,0.01361,0.04180,0.02480,0.03004,0.01009,0.02150,0.02778,0.03277,0.00730,0.02541,0.03413,0.00974,0.02327,0.08348,0.00998,0.01327,0.00980,0.53572,0.03210
765,0.02252,0.01007,0.00755,0.00587,0.01652,0.00263,0.08941,0.01401,0.09522,0.07996,0.18198,0.03257,0.00141,0.25580,0.02707,0.04864,0.05778,0.01590,0.00839,0.02671
766,0.00417,0.04392,0.00876,0.00998,0.00320,0.00398,0.03829,0.13233,0.01404,0.37190,0.19097,0.00803,0.00578,0.00716,0.00922,0.00261,0.02104,0.10859,0.00750,0.00854
767,0.00197,0.00824,0.00495,0.00436,0.26994,0.00172,0.08374,0.05887,0.00542,0.10005,0.39577,0.01089,0.01212,0.00341,0.00159,0.00168,0.00223,0.00637,0.00350,0.02319
768,0.01206,0.15365,0.02795,0.02345,0.02413,0.01203,0.13603,0.05574,0.01620,0.00796,0.01795,0.02420,0.00386,0.01974,0.00971,0.00960,0.01426,0.01036,0.02298,0.39812
769,0.00621,0.04310,0.01364,0.02348,0.61928,0.00894,0.00960,0.01323,0.01511,0.04240,0.01413,0.01194,0.00539,0.01364,0.00498,0.09714,0.00485,0.01066,0.01616,0.02612
770,0.04992,0.02266,0.01726,0.02886,0.02026,0.01456,0.66443,0.01587,0.01355,0.00614,0.01797,0.01617,0.00263,0.01104,0.00931,0.04165,0.00543,0.01202,0.02474,0.00554
771,0.00840,0.02248,0.01446,0.01685,0.01921,0.01538,0.01904,0.02402,0.21418,0.00519,0.01521,0.01229,0.00801,0.01894,0.51373,0.02745,0.00626,0.00898,0.01556,0.01434
772,0.01077,0.02262,0.02570,0.02490,0.02624,0.04816,0.01992,0.01750,0.02620,0.00725,0.02236,0.02268,0.00693,0.01856,0.57604,0.04487,0.00945,0.01671,0.03048,0.02265
773,0.02456,0.03457,0.55931,0.02401,0.02616,0.01136,0.01365,0.02398,0.02294,0.01279,0.02807,0.04012,0.00744,0.02811,0.01325,0.00758,0.01032,0.01409,0.06840,0.02928
774,0.00564,0.03608,0.01241,0.01458,0.05241,0.00711,0.00645,0.10716,0.01008,0.39264,0.11130,0.01204,0.10508,0.00816,0.00527,0.00456,0.00468,0.07952,0.01357,0.01125
775,0.00921,0.02412,0.01722,0.02425,0.02626,0.01799,0.01376,0.02073,0.01880,0.00592,0.01801,0.01159,0.00634,0.03228,0.67925,0.00736,0.00734,0.01450,0.02516,0.01992
776,0.00946,0.04579,0.01682,0.01894,0.01615,0.00901,0.00862,0.13492,0.01652,0.32515,0.11468,0.01534,0.04646,0.00636,0.00679,0.00573,0.07263,0.09673,0.01983,0.01410
777,0.00923,0.02055,0.01810,0.01792,0.01339,0.00860,0.00980,0.08358,0.02414,0.29116,0.32951,0.00857,0.00261,0.00907,0.01298,0.00344,0.04818,0.05687,0.02079,0.01149
778,0.33402,0.01281,0.01562,0.01817,0.01800,0.18707,0.00635,0.01479,0.01535,0.00396,0.02222,0.00875,0.00299,0.01066,0.00453,0.26340,0.00320,0.02606,0.02044,0.01162
779,0.01214,0.04426,0.00538,0.03603,0.05557,0.01507,0.02466,0.04256,0.04169,0.00992,0.02329,0.44960,0.00785,0.02384,0.00965,0.08563,0.00889,0.01864,0.04455,0.04077
780,0.64364,0.01386,0.05092,0.01927,0.01455,0.03142,0.00926,0.01263,0.01689,0.00424,0.01834,0.01076,0.00252,0.01441,0.00434,0.07652,0.01528,0.01032,0.01751,0.01331
781,0.00903,0.00958,0.03083,0.03879,0.01805,0.00781,0.00951,0.33233,0.01109,0.06568,0.01958,0.01004,0.00246,0.01416,0.00416,0.00753,0.09431,0.29161,0.01154,0.01193
782,0.07953,0.12572,0.00694,0.02449,0.00624,0.00997,0.00401,0.05084,0.01904,0.05619,0.14577,0.13694,0.00075,0.15925,0.01069,0.06353,0.06333,0.02654,0.00758,0.00266
783,0.10292,0.02733,0.01433,0.01738,0.05583,0.01985,0.00938,0.02157,0.01839,0.00941,0.03410,0.01639,0.02727,0.01127,0.00452,0.39447,0.13481,0.01126,0.05398,0.01555
784,0.33171,0.03072,0.02625,0.01042,0.03132,0.03323,0.00638,0.01259,0.01842,0.00329,0.01405,0.00999,0.00375,0.01028,0.00376,0.21754,0.10418,0.10907,0.01038,0.01267
785,0.01653,0.19261,0.00786,0.00262,0.05082,0.00164,0.01356,0.08700,0.00421,0.00532,0.01747,0.01019,0.00295,0.00502,0.00172,0.00343,0.24411,0.32034,0.00318,0.00943
786,0.00076,0.00137,0.00156,0.00167,0.00195,0.00059,0.00096,0.00193,0.00210,0.00049,0.00260,0.00170,0.97462,0.00141,0.00042,0.00046,0.00085,0.00150,0.00146,0.00161
787,0.06858,0.05847,0.01242,0.03087,0.04498,0.03329,0.07050,0.05864,0.04350,0.06533,0.06939,0.03836,0.00345,0.06368,0.05065,0.07317,0.07889,0.06049,0.02271,0.05263
788,0.03561,0.02876,0.05468,0.02427,0.01856,0.37886,0.03466,0.00451,0.06252,0.02319,0.01315,0.04812,0.00811,0.06316,0.02889,0.05723,0.05796,0.00599,0.03981,0.01194
789,0.01697,0.00449,0.11023,0.05431,0.11263,0.05644,0.06029,0.03244,0.05181,0.00424,0.03086,0.06580,0.00850,0.02583,0.04875,0.00842,0.01147,0.03428,0.15638,0.10585
