site,A,C,D,E,F,G,H,I,K,L,M,N,P,Q,R,S,T,V,W,Y
677,0.24320,0.00512,0.00444,0.00440,0.00652,0.43014,0.00642,0.00567,0.00509,0.00186,0.00493,0.00588,0.00312,0.01659,0.00343,0.23615,0.00510,0.00130,0.00419,0.00645
678,0.04418,0.09302,0.10650,0.07550,0.04439,0.10841,0.05402,0.01848,0.01481,0.01221,0.03444,0.12880,0.00086,0.02842,0.00952,0.06984,0.07759,0.02622,0.01317,0.03963
679,0.54420,0.00982,0.01348,0.01087,0.01837,0.00289,0.01811,0.02181,0.01712,0.00556,0.01587,0.02030,0.00746,0.01743,0.00450,0.23758,0.00359,0.00304,0.01086,0.01713
680,0.00503,0.00843,0.01078,0.01166,0.00316,0.00330,0.00711,0.39136,0.01364,0.40192,0.01034,0.01051,0.01183,0.01091,0.00423,0.00285,0.00613,0.06753,0.00907,0.01021
681,0.04203,0.03720,0.00219,0.00181,0.04032,0.00911,0.10917,0.02904,0.08115,0.01312,0.02898,0.05549,0.00105,0.08721,0.09462,0.06045,0.09632,0.05642,0.06368,0.09065
682,0.00531,0.00617,0.00765,0.01209,0.81298,0.00378,0.01531,0.00836,0.01422,0.03365,0.01366,0.01124,0.00774,0.01720,0.00364,0.00174,0.00566,0.00332,0.00854,0.00775
683,0.00428,0.00675,0.01066,0.00723,0.12288,0.00278,0.01530,0.18714,0.00967,0.51442,0.04602,0.01400,0.00777,0.00921,0.00275,0.00996,0.00653,0.00835,0.00473,0.00958
684,0.00760,0.01640,0.01136,0.01392,0.02251,0.00521,0.01982,0.03437,0.01454,0.00546,0.01413,0.74014,0.00914,0.01604,0.00580,0.01520,0.01121,0.00565,0.01090,0.02059
685,0.00522,0.01030,0.63212,0.01626,0.01163,0.00232,0.01441,0.01339,0.01340,0.00416,0.00927,0.00753,0.00766,0.01297,0.00380,0.00431,0.00637,0.00412,0.00873,0.21204
686,0.00886,0.01582,0.02014,0.01382,0.01824,0.00442,0.02479,0.05974,0.01778,0.00606,0.70655,0.02126,0.01124,0.01535,0.00587,0.00616,0.00820,0.00388,0.00978,0.02204
687,0.03937,0.01422,0.01408,0.00705,0.01923,0.67434,0.02050,0.02117,0.01726,0.00487,0.01813,0.02522,0.00781,0.01630,0.00487,0.01154,0.00905,0.04743,0.00937,0.01819
688,0.00795,0.01540,0.01754,0.00595,0.02396,0.00462,0.02093,0.02014,0.74712,0.00530,0.01709,0.01806,0.01078,0.02102,0.00617,0.00727,0.01010,0.00683,0.01047,0.02328
689,0.00342,0.01679,0.00196,0.00185,0.00269,0.00052,0.00382,0.04266,0.00268,0.02956,0.00240,0.00338,0.00146,0.00304,0.00067,0.02316,0.72696,0.12857,0.00179,0.00263
690,0.00755,0.01504,0.01731,0.01463,0.01730,0.00996,0.02909,0.02263,0.00727,0.00529,0.13954,0.02504,0.01039,0.02150,0.57574,0.03852,0.01004,0.00543,0.00651,0.02123
691,0.00738,0.01728,0.01876,0.00726,0.01830,0.00413,0.01958,0.01924,0.66653,0.00534,0.01332,0.01550,0.00830,0.01778,0.11044,0.00630,0.01049,0.00545,0.00841,0.02020
692,0.03368,0.00672,0.24120,0.12912,0.03315,0.13142,0.06197,0.00617,0.00687,0.00441,0.00556,0.08633,0.00370,0.01658,0.00146,0.02209,0.00880,0.00165,0.03791,0.16122
693,0.02457,0.15585,0.00235,0.00462,0.00447,0.00062,0.08158,0.13879,0.00457,0.11649,0.04092,0.00592,0.00122,0.04506,0.01066,0.01730,0.07474,0.26561,0.00194,0.00272
694,0.08826,0.03581,0.08950,0.07502,0.00922,0.23760,0.03150,0.00784,0.01112,0.04750,0.07183,0.02422,0.06880,0.16610,0.00201,0.00968,0.00521,0.00464,0.00511,0.00902
695,0.00691,0.02174,0.01738,0.67603,0.03737,0.00303,0.03389,0.03675,0.01035,0.00522,0.01632,0.03596,0.01061,0.01678,0.00568,0.00759,0.01059,0.00510,0.01133,0.03137
696,0.00706,0.07845,0.01784,0.01139,0.01752,0.00321,0.02819,0.02521,0.02035,0.03426,0.01615,0.03274,0.01155,0.01877,0.00283,0.00716,0.01168,0.00585,0.63020,0.01960
697,0.12977,0.05640,0.04727,0.04178,0.03632,0.07075,0.07418,0.00611,0.02706,0.03991,0.05986,0.06704,0.00071,0.10065,0.01246,0.11674,0.04916,0.01666,0.01081,0.03636
698,0.16475,0.01916,0.04689,0.18333,0.00683,0.01832,0.06701,0.00788,0.01023,0.00153,0.00812,0.01564,0.31638,0.04914,0.00194,0.05590,0.01446,0.00257,0.00433,0.00558
699,0.00728,0.01703,0.01803,0.00895,0.02248,0.00570,0.02827,0.03734,0.01714,0.00504,0.01734,0.03060,0.01208,0.02118,0.00485,0.69826,0.01177,0.00640,0.00980,0.02046
700,0.04041,0.05935,0.00316,0.00607,0.04365,0.00734,0.04969,0.07010,0.05235,0.05971,0.06914,0.09266,0.08255,0.08813,0.01695,0.02394,0.09530,0.09611,0.01799,0.02538
701,0.01223,0.01815,0.02324,0.00796,0.02059,0.67602,0.02206,0.02275,0.01867,0.00642,0.01595,0.02035,0.01698,0.02126,0.00503,0.00692,0.01091,0.03905,0.01347,0.02198
702,0.00194,0.03295,0.00420,0.00356,0.15826,0.00209,0.11397,0.09402,0.00512,0.04184,0.03267,0.00492,0.00207,0.00432,0.00067,0.00197,0.00718,0.03184,0.15570,0.30071
703,0.05853,0.04097,0.11819,0.11689,0.02268,0.03028,0.08286,0.04305,0.00541,0.04945,0.04713,0.06127,0.01303,0.06961,0.01525,0.05002,0.04724,0.04772,0.01497,0.06546
704,0.01295,0.05803,0.14330,0.01963,0.01287,0.00207,0.02706,0.01408,0.00500,0.00249,0.00517,0.33720,0.00476,0.02382,0.00510,0.25695,0.05031,0.00276,0.00801,0.00843
705,0.00620,0.06993,0.01493,0.00816,0.01411,0.00308,0.02576,0.01721,0.01404,0.05008,0.01038,0.02500,0.01060,0.01381,0.01598,0.00444,0.00942,0.00440,0.66598,0.01651
706,0.00787,0.02659,0.02039,0.61154,0.02655,0.00552,0.04006,0.03082,0.00860,0.00833,0.01926,0.03117,0.01322,0.03141,0.00630,0.01017,0.02025,0.00733,0.01693,0.05770
707,0.00784,0.02273,0.27824,0.38013,0.02324,0.00815,0.04425,0.02118,0.00625,0.00595,0.02234,0.05411,0.00817,0.05243,0.00528,0.01148,0.01146,0.00481,0.00929,0.02269
708,0.01001,0.01438,0.01857,0.01754,0.05279,0.00413,0.02891,0.01159,0.02783,0.00847,0.02539,0.01992,0.01156,0.03821,0.00805,0.00627,0.01833,0.64485,0.01537,0.01782
709,0.00952,0.01393,0.01875,0.06823,0.03097,0.00333,0.02799,0.02683,0.01008,0.01419,0.05362,0.02967,0.48045,0.06601,0.00273,0.02915,0.04026,0.01898,0.00799,0.04735
710,0.00712,0.01047,0.01569,0.01204,0.65778,0.00354,0.02948,0.02325,0.02157,0.06513,0.02172,0.02770,0.01222,0.02116,0.00581,0.00494,0.01117,0.00577,0.02628,0.01716
711,0.00817,0.60992,0.03645,0.01491,0.03036,0.00363,0.03298,0.04939,0.02469,0.00786,0.02336,0.05501,0.01032,0.03020,0.00289,0.00840,0.01617,0.00860,0.00871,0.01797
712,0.00553,0.01829,0.01660,0.01120,0.01469,0.00597,0.01716,0.02831,0.02289,0.00708,0.02391,0.02245,0.00338,0.01772,0.00514,0.51944,0.00848,0.00700,0.01538,0.22938
713,0.00629,0.01663,0.01344,0.01212,0.02835,0.00349,0.51287,0.03537,0.01277,0.00534,0.01746,0.24540,0.00634,0.03967,0.00204,0.00620,0.01115,0.00718,0.01017,0.00771
714,0.01168,0.02434,0.01932,0.01968,0.04065,0.00770,0.51468,0.03424,0.02407,0.00773,0.02469,0.16831,0.00711,0.01854,0.00871,0.01391,0.01180,0.01168,0.02358,0.00756
715,0.00516,0.01119,0.01744,0.01233,0.43155,0.00305,0.02363,0.01710,0.02035,0.03628,0.01741,0.02306,0.00699,0.01900,0.00400,0.00374,0.00993,0.00434,0.19140,0.14204
716,0.07665,0.03702,0.00710,0.03043,0.00804,0.01242,0.36563,0.01155,0.00917,0.00495,0.01336,0.24539,0.00371,0.07985,0.00345,0.01944,0.03072,0.02207,0.00694,0.01212
717,0.00399,0.00955,0.00925,0.00624,0.01297,0.00183,0.01333,0.01435,0.43538,0.04885,0.06997,0.01189,0.00527,0.07804,0.20221,0.00604,0.03833,0.01265,0.00496,0.01489
718,0.00435,0.08481,0.00904,0.00535,0.01236,0.00180,0.00630,0.23546,0.00620,0.28511,0.10192,0.00911,0.00120,0.00511,0.00252,0.00260,0.00365,0.20882,0.00521,0.00907
719,0.00682,0.00351,0.01126,0.01196,0.21295,0.00367,0.11431,0.02652,0.01676,0.00673,0.01672,0.01664,0.00805,0.01332,0.00434,0.00493,0.00886,0.00835,0.13856,0.36573
720,0.00637,0.01556,0.01496,0.01538,0.09494,0.00571,0.00946,0.09942,0.02973,0.31369,0.29418,0.01844,0.00150,0.01560,0.00532,0.00476,0.00770,0.00754,0.01628,0.02345
721,0.00954,0.02364,0.03108,0.00885,0.03574,0.01224,0.04618,0.04739,0.41734,0.00897,0.01817,0.11968,0.01121,0.01940,0.08595,0.02044,0.02368,0.01014,0.02173,0.02864
722,0.00812,0.02463,0.42679,0.01238,0.02381,0.00274,0.02482,0.02609,0.02645,0.00887,0.03769,0.00626,0.01023,0.02841,0.00628,0.00744,0.01407,0.00855,0.01755,0.27884
723,0.00743,0.01438,0.01436,0.01050,0.01958,0.54356,0.05492,0.01770,0.02915,0.00988,0.02713,0.01442,0.01349,0.03502,0.00413,0.00532,0.01105,0.02821,0.12390,0.01587
724,0.00623,0.01522,0.01724,0.01330,0.02707,0.00190,0.01275,0.24583,0.01393,0.00582,0.01634,0.01711,0.00527,0.01811,0.53039,0.00491,0.00736,0.00736,0.01368,0.02018
725,0.07268,0.06327,0.02113,0.05788,0.04829,0.03097,0.09342,0.00676,0.01172,0.00196,0.05831,0.06449,0.02534,0.02136,0.02073,0.13988,0.05213,0.01325,0.09942,0.09701
726,0.00426,0.01242,0.01145,0.01066,0.00881,0.00409,0.00898,0.28070,0.01973,0.30006,0.14064,0.01302,0.00323,0.00933,0.00358,0.00411,0.00203,0.14282,0.01033,0.00973
727,0.00450,0.05541,0.01385,0.01084,0.02206,0.00413,0.01811,0.16045,0.01797,0.00474,0.00583,0.02494,0.00531,0.01265,0.00500,0.00552,0.11070,0.48731,0.01196,0.01870
728,0.11308,0.02439,0.01158,0.01906,0.05101,0.00411,0.01536,0.01295,0.02908,0.00658,0.03581,0.01813,0.00580,0.03073,0.01109,0.00602,0.00970,0.54386,0.03156,0.02012
729,0.01919,0.02256,0.02525,0.01688,0.03321,0.00874,0.09215,0.02191,0.01881,0.00696,0.01884,0.02307,0.52551,0.01371,0.00513,0.01531,0.07874,0.00931,0.02258,0.02214
730,0.00894,0.61394,0.02710,0.02800,0.07113,0.00652,0.02061,0.02578,0.03180,0.00938,0.02692,0.02502,0.01041,0.02951,0.00651,0.00962,0.01436,0.00982,0.01463,0.01000
731,0.00684,0.00980,0.06303,0.01730,0.02495,0.00509,0.00882,0.02566,0.02493,0.00511,0.01880,0.06313,0.01096,0.02095,0.56816,0.05181,0.01138,0.00680,0.01259,0.04389
732,0.07513,0.02983,0.09313,0.10907,0.03039,0.08813,0.08664,0.00434,0.03139,0.02272,0.03710,0.08332,0.04884,0.13870,0.00548,0.04173,0.02088,0.00978,0.00615,0.03725
733,0.01069,0.02646,0.01766,0.10245,0.01940,0.00837,0.02095,0.01953,0.20436,0.00626,0.01447,0.02013,0.00747,0.38273,0.01087,0.07746,0.00793,0.00830,0.01649,0.01804
734,0.00699,0.01433,0.54124,0.11881,0.01047,0.00430,0.02994,0.01185,0.01489,0.00357,0.01224,0.01487,0.00426,0.01070,0.00405,0.00570,0.00562,0.00465,0.01203,0.16950
735,0.00651,0.01935,0.01195,0.69103,0.01922,0.00427,0.01546,0.01700,0.01097,0.01042,0.03271,0.01809,0.00777,0.04903,0.00839,0.00645,0.01520,0.01337,0.02318,0.01961
736,0.09619,0.30939,0.01089,0.00868,0.01281,0.00278,0.00751,0.01281,0.00804,0.27346,0.04216,0.01153,0.00851,0.01803,0.00198,0.00336,0.01477,0.14105,0.00667,0.00941
737,0.01101,0.02617,0.02876,0.03848,0.04010,0.00838,0.03684,0.43098,0.02361,0.04235,0.04665,0.03234,0.01188,0.02762,0.00755,0.01325,0.00682,0.11024,0.02484,0.03213
738,0.00700,0.13873,0.01255,0.02099,0.02982,0.54911,0.02351,0.02482,0.02239,0.00880,0.02830,0.02353,0.01071,0.02603,0.00633,0.00414,0.01181,0.00788,0.01648,0.02707
739,0.01588,0.02305,0.04345,0.03235,0.04356,0.00983,0.02071,0.03861,0.03339,0.13524,0.03117,0.04554,0.00530,0.00490,0.41867,0.00891,0.01118,0.01711,0.01832,0.04283
740,0.53429,0.04962,0.07503,0.01188,0.02385,0.03960,0.01923,0.03009,0.02907,0.00839,0.02225,0.02008,0.00516,0.02101,0.00517,0.06500,0.00428,0.00420,0.01400,0.01780
741,0.00669,0.01708,0.02094,0.01711,0.03013,0.00470,0.00611,0.02839,0.02486,0.01451,0.02180,0.02002,0.00550,0.01899,0.60400,0.10266,0.00951,0.00781,0.01569,0.02349
742,0.00105,0.33721,0.00965,0.01197,0.01702,0.00268,0.00749,0.05172,0.01258,0.00293,0.01657,0.01071,0.00439,0.01061,0.00308,0.00308,0.01207,0.46629,0.00994,0.00893
743,0.08050,0.03729,0.01364,0.01519,0.01479,0.01351,0.05992,0.01279,0.01529,0.00491,0.06153,0.02519,0.00232,0.06179,0.00466,0.46089,0.05129,0.00496,0.01496,0.04457
744,0.01460,0.02698,0.02488,0.02692,0.02052,0.01096,0.01668,0.02406,0.02732,0.01188,0.02136,0.02646,0.48965,0.13975,0.00818,0.03933,0.01429,0.01083,0.02281,0.02253
745,0.01422,0.03147,0.04870,0.01454,0.02652,0.47778,0.02864,0.02262,0.02187,0.00555,0.05309,0.03005,0.00803,0.02755,0.00317,0.02528,0.02710,0.03383,0.06837,0.03162
746,0.06738,0.12104,0.00347,0.00957,0.07451,0.03190,0.05524,0.03974,0.02193,0.03335,0.04210,0.08214,0.00134,0.00953,0.09042,0.09690,0.04937,0.03939,0.01795,0.11273
747,0.00408,0.00922,0.01139,0.00785,0.01478,0.44624,0.04518,0.01917,0.04315,0.03461,0.04370,0.14128,0.00681,0.04619,0.00940,0.00991,0.04894,0.03651,0.01132,0.01027
748,0.00484,0.14152,0.01029,0.01348,0.08657,0.00291,0.05009,0.04258,0.01352,0.05394,0.04963,0.01672,0.00474,0.00840,0.00436,0.00291,0.00551,0.01302,0.38537,0.08959
749,0.09135,0.04944,0.00460,0.01281,0.00687,0.05409,0.03528,0.05220,0.18838,0.03940,0.01766,0.06118,0.03077,0.07644,0.09555,0.08366,0.05088,0.02753,0.00901,0.01290
750,0.03177,0.06891,0.01038,0.00770,0.01323,0.01300,0.04934,0.13942,0.02870,0.08887,0.11177,0.04661,0.00287,0.03520,0.01318,0.02848,0.11172,0.16175,0.02420,0.01291
751,0.05080,0.03714,0.01042,0.02145,0.02717,0.01631,0.08491,0.03466,0.11774,0.06341,0.07463,0.03421,0.02217,0.02856,0.11696,0.03903,0.08109,0.08495,0.00611,0.04827
752,0.07783,0.00758,0.18533,0.18259,0.00819,0.04194,0.05586,0.00982,0.00233,0.00652,0.01995,0.01265,0.03396,0.08244,0.00283,0.07072,0.04662,0.01434,0.01135,0.12714
753,0.01830,0.14115,0.02129,0.01812,0.01607,0.00711,0.01196,0.02046,0.01917,0.01212,0.04720,0.12127,0.07001,0.01376,0.00468,0.06984,0.25898,0.09577,0.01641,0.01633
754,0.26177,0.09999,0.01029,0.01989,0.01847,0.20514,0.01277,0.01752,0.02471,0.00668,0.01693,0.02074,0.00497,0.01827,0.00627,0.19841,0.00230,0.01033,0.01953,0.02500
755,0.14047,0.17402,0.01121,0.00718,0.00717,0.27348,0.00780,0.00805,0.00759,0.00272,0.02470,0.00887,0.00646,0.00682,0.00152,0.13843,0.12664,0.03557,0.00425,0.00705
756,0.04687,0.07178,0.01415,0.01479,0.00325,0.02359,0.03178,0.14609,0.01613,0.20168,0.16007,0.02124,0.00136,0.02297,0.00299,0.03249,0.01035,0.07165,0.01301,0.09375
757,0.37448,0.01757,0.01918,0.07353,0.01754,0.16587,0.01387,0.01886,0.03056,0.00644,0.02124,0.01798,0.00398,0.02312,0.00505,0.13646,0.00317,0.01094,0.01545,0.02471
758,0.01031,0.02477,0.02627,0.01075,0.03317,0.00996,0.01867,0.02650,0.68829,0.00799,0.02429,0.01226,0.00800,0.02132,0.00714,0.00785,0.00983,0.01293,0.01719,0.02252
759,0.01380,0.02226,0.01780,0.02450,0.01361,0.01071,0.01371,0.01830,0.02892,0.01439,0.01749,0.08857,0.01548,0.01897,0.00606,0.53221,0.09688,0.01045,0.02182,0.01409
760,0.00897,0.00887,0.02024,0.02473,0.01494,0.00863,0.04415,0.01357,0.02229,0.00517,0.01897,0.01582,0.00557,0.01728,0.00574,0.00529,0.00739,0.01002,0.01625,0.72609
761,0.45491,0.01201,0.00983,0.03206,0.01090,0.32128,0.01079,0.01625,0.01002,0.00441,0.00945,0.00902,0.00386,0.01354,0.00413,0.04265,0.00258,0.01000,0.01209,0.01021
762,0.00415,0.02450,0.01218,0.01034,0.01153,0.00494,0.29291,0.00970,0.05327,0.04705,0.01756,0.10805,0.00282,0.28843,0.07896,0.00347,0.00449,0.00573,0.01171,0.00822
763,0.00825,0.03751,0.01749,0.02839,0.01617,0.00776,0.13195,0.00362,0.01322,0.01322,0.34255,0.01696,0.00744,0.03941,0.00722,0.00818,0.00245,0.00610,0.01194,0.28020
764,0.01437,0.01435,0.04150,0.02705,0.03334,0.00645,0.02250,0.03061,0.03382,0.07602,0.02879,0.03622,0.01043,0.02473,0.00522,0.01050,0.01433,0.01085,0.52578,0.03316
765,0.02737,0.01127,0.00856,0.00657,0.01770,0.00295,0.11118,0.01844,0.07591,0.07001,0.22069,0.01324,0.00160,0.26360,0.01894,0.05502,0.03250,0.01472,0.00950,0.02023
766,0.00343,0.06615,0.00902,0.01027,0.00605,0.00413,0.00499,0.16494,0.01450,0.36508,0.17115,0.00830,0.00078,0.00737,0.00260,0.00270,0.02831,0.11343,0.00784,0.00896
767,0.00192,0.00826,0.00485,0.00435,0.28805,0.00175,0.08064,0.04773,0.00509,0.09042,0.41618,0.00640,0.00086,0.00333,0.00306,0.00166,0.00219,0.00270,0.00356,0.02701
768,0.01286,0.18036,0.03047,0.02573,0.02664,0.01289,0.07867,0.06175,0.01763,0.00852,0.01893,0.02669,0.00414,0.02133,0.01060,0.01053,0.01568,0.01115,0.02516,0.40026
769,0.00736,0.02435,0.01629,0.02774,0.68216,0.01056,0.01131,0.01453,0.01786,0.06864,0.01659,0.01400,0.00499,0.01614,0.00594,0.01195,0.00576,0.01208,0.01942,0.01233
770,0.02966,0.02208,0.01744,0.02759,0.01987,0.01180,0.61015,0.01555,0.01310,0.00405,0.01771,0.07206,0.00256,0.01982,0.00298,0.06566,0.00535,0.01173,0.02475,0.00608
771,0.00810,0.02184,0.01342,0.01647,0.01766,0.01030,0.01422,0.14386,0.18765,0.00502,0.01411,0.01230,0.00756,0.01773,0.46094,0.00583,0.00611,0.00856,0.01474,0.01356
772,0.01071,0.02203,0.02583,0.02550,0.02702,0.00231,0.02025,0.16320,0.01011,0.00718,0.02244,0.02379,0.00686,0.01829,0.53194,0.00612,0.00964,0.01634,0.02802,0.02241
773,0.01004,0.03255,0.50568,0.09633,0.02576,0.00136,0.01263,0.02331,0.02245,0.01198,0.02644,0.00934,0.00713,0.02662,0.01314,0.00750,0.01009,0.01367,0.06553,0.07847
774,0.00678,0.02616,0.01510,0.01778,0.00582,0.00845,0.00855,0.15066,0.01222,0.44854,0.13876,0.01451,0.00172,0.01008,0.00490,0.00545,0.00586,0.08909,0.01636,0.01321
775,0.00881,0.02307,0.01614,0.02299,0.02444,0.01587,0.01281,0.01948,0.01894,0.12611,0.01742,0.01103,0.00592,0.00602,0.60039,0.00699,0.00697,0.01429,0.02420,0.01812
776,0.01161,0.02579,0.01915,0.02175,0.01865,0.01033,0.00993,0.13791,0.01880,0.35594,0.07381,0.01752,0.00284,0.00731,0.00791,0.00643,0.08459,0.13111,0.02245,0.01616
777,0.00640,0.04717,0.02131,0.02159,0.01580,0.01031,0.01159,0.11072,0.01260,0.29575,0.36420,0.01027,0.00307,0.01093,0.00538,0.00406,0.00647,0.00474,0.02396,0.01369
778,0.33073,0.01368,0.01367,0.01907,0.01906,0.25892,0.00678,0.01579,0.01633,0.00422,0.02350,0.00923,0.00231,0.01132,0.00481,0.20684,0.00175,0.00792,0.02166,0.01239
779,0.01459,0.05321,0.02008,0.04421,0.06967,0.01820,0.02335,0.02613,0.01462,0.01208,0.02808,0.51300,0.00930,0.02813,0.01162,0.00457,0.01075,0.02255,0.05462,0.02124
780,0.64325,0.01436,0.04889,0.02034,0.01539,0.03733,0.00978,0.01320,0.01817,0.00449,0.01947,0.01157,0.00266,0.01543,0.00461,0.08283,0.00178,0.00353,0.01860,0.01435
781,0.01110,0.01168,0.03930,0.04757,0.01161,0.00952,0.01156,0.38534,0.01355,0.08645,0.02658,0.02621,0.00302,0.01751,0.00518,0.00471,0.00312,0.25714,0.01416,0.01469
782,0.09810,0.13553,0.00799,0.02771,0.01674,0.01996,0.00256,0.03207,0.01625,0.05222,0.15786,0.16139,0.00086,0.09297,0.00702,0.05521,0.06924,0.03576,0.00819,0.00237
783,0.10193,0.03197,0.01732,0.02116,0.06224,0.03085,0.01142,0.02516,0.02207,0.00340,0.04046,0.01952,0.00193,0.01366,0.00550,0.44255,0.08943,0.01325,0.02714,0.01904
784,0.34519,0.02439,0.06835,0.01137,0.03500,0.04437,0.00713,0.01359,0.02039,0.00366,0.01569,0.01087,0.00196,0.01132,0.00411,0.21412,0.06821,0.07484,0.01152,0.01391
785,0.00120,0.11046,0.00504,0.00166,0.03331,0.00085,0.00869,0.43498,0.00274,0.00856,0.00121,0.00660,0.00187,0.00315,0.00110,0.00217,0.17666,0.19164,0.00200,0.00611
786,0.00081,0.00146,0.00166,0.00179,0.00209,0.00062,0.00127,0.00205,0.00224,0.02012,0.00277,0.00181,0.93662,0.01820,0.00045,0.00049,0.00069,0.00159,0.00156,0.00171
787,0.06568,0.08699,0.02374,0.03229,0.04087,0.03055,0.04833,0.05644,0.04464,0.05513,0.04471,0.05253,0.00588,0.06226,0.04886,0.08097,0.07276,0.06501,0.02654,0.05583
788,0.04705,0.03538,0.04004,0.02917,0.02280,0.44451,0.03807,0.00311,0.02016,0.01420,0.00707,0.03565,0.00714,0.04414,0.03299,0.05564,0.04294,0.00218,0.03024,0.04753
789,0.01744,0.01923,0.10208,0.05564,0.15221,0.01202,0.06258,0.03408,0.04890,0.06076,0.03339,0.06409,0.00851,0.02591,0.00858,0.00827,0.01124,0.03456,0.15030,0.09024
