site,A,C,D,E,F,G,H,I,K,L,M,N,P,Q,R,S,T,V,W,Y
677,0.22207,0.01619,0.00783,0.00759,0.01110,0.39033,0.01083,0.00999,0.01980,0.00320,0.00844,0.00996,0.00532,0.01249,0.00504,0.20676,0.03286,0.00198,0.00719,0.01104
678,0.05503,0.02598,0.08630,0.05946,0.03376,0.10296,0.06911,0.00740,0.01297,0.01420,0.05929,0.15283,0.00164,0.03098,0.01297,0.06704,0.07975,0.05259,0.03257,0.04319
679,0.41934,0.01446,0.01646,0.01596,0.02732,0.00428,0.02777,0.03310,0.02508,0.00795,0.02351,0.02958,0.01120,0.02573,0.00659,0.25434,0.01173,0.00449,0.01570,0.02539
680,0.01213,0.02052,0.02709,0.02747,0.00777,0.00811,0.01735,0.12510,0.03471,0.52026,0.02495,0.02524,0.02202,0.02665,0.00682,0.00691,0.01523,0.02510,0.02201,0.02456
681,0.06190,0.03406,0.00936,0.00761,0.01207,0.00160,0.05712,0.04016,0.13402,0.00421,0.01175,0.03369,0.00459,0.08889,0.21439,0.05126,0.10349,0.05159,0.01016,0.06807
682,0.00753,0.01128,0.01082,0.01694,0.59766,0.00535,0.02124,0.01452,0.02015,0.10469,0.01994,0.01583,0.01083,0.02435,0.00518,0.00571,0.00790,0.00471,0.05601,0.03938
683,0.00818,0.01331,0.02133,0.01379,0.01303,0.00530,0.02767,0.08584,0.01918,0.51981,0.13035,0.02751,0.01446,0.01832,0.00527,0.02514,0.01271,0.00858,0.01178,0.01844
684,0.00901,0.01939,0.23526,0.01633,0.02646,0.00620,0.02330,0.02867,0.01699,0.00646,0.01668,0.45329,0.01082,0.01911,0.00688,0.04828,0.01314,0.00672,0.01289,0.02413
685,0.01013,0.01984,0.65430,0.03590,0.02288,0.00771,0.02814,0.02720,0.02614,0.00827,0.01842,0.01975,0.01446,0.02625,0.00763,0.00823,0.01244,0.01032,0.01774,0.02425
686,0.01225,0.02198,0.02911,0.01929,0.02579,0.00631,0.03533,0.04665,0.02547,0.01326,0.51996,0.02898,0.01624,0.02228,0.01089,0.00879,0.00477,0.10851,0.01368,0.03046
687,0.06440,0.02174,0.02187,0.01643,0.02927,0.52372,0.03217,0.03289,0.02668,0.00752,0.02922,0.03910,0.01213,0.02554,0.01176,0.03990,0.01402,0.00889,0.01474,0.02801
688,0.01220,0.02346,0.02659,0.00905,0.03581,0.00701,0.03189,0.03069,0.58777,0.00806,0.02611,0.02718,0.01639,0.05726,0.00593,0.01103,0.02166,0.01039,0.01590,0.03560
689,0.02399,0.01444,0.00519,0.00486,0.00612,0.00138,0.00987,0.06124,0.00711,0.01297,0.00638,0.00919,0.00389,0.00812,0.00179,0.00783,0.62060,0.18332,0.00476,0.00693
690,0.01253,0.02541,0.02898,0.02599,0.02984,0.05875,0.04662,0.03692,0.01227,0.00911,0.01881,0.04130,0.01760,0.03757,0.51554,0.00873,0.01749,0.00933,0.01274,0.03445
691,0.00910,0.02118,0.02337,0.13866,0.02258,0.00511,0.02413,0.03368,0.42713,0.00664,0.01647,0.06138,0.01019,0.03749,0.09949,0.00788,0.01297,0.00676,0.01045,0.02534
692,0.02710,0.01482,0.41753,0.03830,0.04104,0.12940,0.05493,0.02039,0.02137,0.00626,0.01761,0.06477,0.01195,0.01790,0.00476,0.01893,0.01408,0.00530,0.04018,0.03337
693,0.03525,0.11397,0.00599,0.00740,0.00815,0.00158,0.08729,0.13717,0.01783,0.11535,0.05833,0.01358,0.00314,0.06437,0.01202,0.03828,0.09867,0.17008,0.00473,0.00681
694,0.09578,0.05806,0.02354,0.01650,0.01817,0.22565,0.02044,0.01220,0.00840,0.06746,0.12890,0.04799,0.05019,0.17386,0.00109,0.01382,0.00640,0.00555,0.00795,0.01808
695,0.01391,0.03249,0.02513,0.51742,0.05643,0.00778,0.04983,0.05356,0.01181,0.00788,0.02416,0.05293,0.01580,0.02504,0.00847,0.01118,0.01535,0.00754,0.01665,0.04665
696,0.01084,0.01851,0.02652,0.01702,0.02736,0.00697,0.04457,0.03891,0.03158,0.00685,0.02454,0.05032,0.01732,0.02877,0.05953,0.01120,0.01789,0.00914,0.52277,0.02940
697,0.09310,0.09330,0.00874,0.02335,0.03186,0.07007,0.10824,0.00880,0.09688,0.02769,0.03574,0.08919,0.00485,0.03269,0.06087,0.09694,0.02516,0.00992,0.01246,0.07014
698,0.17975,0.04233,0.03522,0.12059,0.00968,0.02818,0.04472,0.01106,0.01605,0.00220,0.02791,0.02990,0.23859,0.11887,0.00810,0.06190,0.00394,0.00704,0.00610,0.00788
699,0.02388,0.02432,0.02604,0.01294,0.03259,0.00824,0.04148,0.05513,0.02472,0.00538,0.02455,0.04329,0.03350,0.03045,0.00699,0.52206,0.03165,0.00920,0.01419,0.02942
700,0.05211,0.07483,0.00442,0.00485,0.04368,0.02326,0.06232,0.06665,0.02358,0.08458,0.07191,0.08099,0.05493,0.09040,0.02419,0.02896,0.07195,0.08101,0.01231,0.04309
701,0.04335,0.02642,0.03437,0.00832,0.02941,0.51473,0.03304,0.03393,0.02748,0.00955,0.02395,0.02962,0.02001,0.03083,0.03529,0.02070,0.01597,0.00997,0.02000,0.03306
702,0.00718,0.03808,0.00917,0.00797,0.15688,0.00509,0.04964,0.05442,0.01128,0.04953,0.06928,0.01087,0.00465,0.01139,0.01861,0.00626,0.01268,0.05623,0.17902,0.24177
703,0.04806,0.06217,0.07577,0.04260,0.04800,0.03558,0.07411,0.06505,0.00351,0.04660,0.04642,0.06634,0.01554,0.10471,0.02735,0.05066,0.05824,0.04741,0.02702,0.05486
704,0.01701,0.03057,0.15891,0.03036,0.02408,0.00904,0.03158,0.01399,0.00757,0.00747,0.00759,0.26545,0.00708,0.05226,0.01349,0.25411,0.01901,0.00737,0.02075,0.02232
705,0.01051,0.01413,0.02600,0.01418,0.02451,0.00579,0.04552,0.02924,0.02362,0.00682,0.01796,0.04285,0.01826,0.02370,0.03305,0.00771,0.01708,0.00762,0.60314,0.02833
706,0.02694,0.03616,0.07011,0.43319,0.03681,0.01423,0.05476,0.04127,0.00993,0.01148,0.02702,0.04204,0.01822,0.05281,0.00873,0.01108,0.02804,0.01663,0.02315,0.03741
707,0.02138,0.03780,0.15723,0.33322,0.03922,0.04998,0.04813,0.03559,0.01134,0.01001,0.02720,0.05605,0.01377,0.03200,0.00885,0.01601,0.01952,0.01899,0.02480,0.03891
708,0.03695,0.01880,0.03534,0.02323,0.02144,0.00552,0.03865,0.10635,0.03772,0.01143,0.03390,0.02664,0.01530,0.05042,0.01080,0.00838,0.03240,0.44233,0.02076,0.02365
709,0.01476,0.02763,0.03539,0.03780,0.05890,0.00653,0.02876,0.05478,0.01952,0.01514,0.03066,0.05898,0.49012,0.01403,0.00530,0.00603,0.01440,0.02240,0.01562,0.04326
710,0.01011,0.04859,0.02237,0.01723,0.49519,0.00513,0.04282,0.03251,0.03136,0.00331,0.03142,0.04078,0.01831,0.03066,0.00846,0.07370,0.01578,0.00840,0.03825,0.02562
711,0.01105,0.42761,0.04827,0.02017,0.04070,0.02240,0.04428,0.06446,0.03261,0.01071,0.03149,0.07442,0.01395,0.04135,0.01249,0.01506,0.02170,0.01165,0.01183,0.04380
712,0.01294,0.03368,0.03070,0.02063,0.01564,0.01106,0.03100,0.04918,0.04054,0.01233,0.04462,0.04005,0.00872,0.03430,0.00922,0.49930,0.03128,0.01338,0.02761,0.03380
713,0.00955,0.02736,0.02106,0.01697,0.04339,0.00485,0.40119,0.04618,0.01976,0.00824,0.02804,0.21554,0.01170,0.01700,0.02024,0.00923,0.01654,0.01030,0.01455,0.05830
714,0.01663,0.03418,0.02759,0.02841,0.05927,0.01137,0.39035,0.05183,0.03349,0.01833,0.03592,0.04899,0.01258,0.03481,0.00431,0.02027,0.01685,0.01672,0.03587,0.10225
715,0.00844,0.03293,0.02641,0.02006,0.36676,0.00500,0.03787,0.02640,0.03365,0.07711,0.02852,0.03547,0.01117,0.03047,0.00658,0.03158,0.01656,0.00840,0.03788,0.15871
716,0.03531,0.03803,0.00800,0.02440,0.02319,0.02195,0.13184,0.02996,0.02671,0.00961,0.03179,0.36846,0.01081,0.06139,0.00801,0.09353,0.02231,0.01249,0.01978,0.02243
717,0.01890,0.03407,0.00912,0.01388,0.01271,0.00179,0.03677,0.02014,0.22409,0.12399,0.13147,0.01165,0.00515,0.13306,0.08535,0.03332,0.06241,0.01359,0.00783,0.02068
718,0.03776,0.12382,0.01583,0.00932,0.02118,0.00320,0.01102,0.17831,0.01078,0.26116,0.06134,0.01574,0.04072,0.00884,0.00866,0.00460,0.00854,0.15362,0.00911,0.01647
719,0.01044,0.00887,0.02168,0.01828,0.24417,0.00563,0.05603,0.03029,0.02560,0.00781,0.02585,0.04617,0.01241,0.02054,0.00663,0.00753,0.01348,0.00998,0.13859,0.29001
720,0.01149,0.02794,0.02601,0.02719,0.09712,0.01012,0.03873,0.04667,0.05099,0.28787,0.19590,0.03334,0.00522,0.02802,0.00836,0.00853,0.01346,0.01340,0.02860,0.04104
721,0.01156,0.02607,0.03670,0.04995,0.04028,0.01496,0.05378,0.05422,0.24958,0.01043,0.02133,0.07204,0.01326,0.03336,0.14761,0.04407,0.05227,0.01146,0.02420,0.03288
722,0.01299,0.03797,0.35556,0.01916,0.04347,0.11167,0.03973,0.04461,0.03964,0.01543,0.05772,0.01275,0.01644,0.04277,0.01066,0.01245,0.02064,0.01330,0.02835,0.06469
723,0.01444,0.02166,0.02226,0.07663,0.02924,0.42555,0.07658,0.02590,0.04229,0.01477,0.04088,0.02280,0.02081,0.05290,0.01146,0.01826,0.01687,0.00992,0.03328,0.02350
724,0.01102,0.02568,0.02965,0.02233,0.04578,0.09524,0.02123,0.04078,0.04056,0.00981,0.02685,0.03013,0.00919,0.03056,0.47347,0.00823,0.01294,0.01300,0.02180,0.03176
725,0.06258,0.05871,0.03526,0.06239,0.07998,0.09159,0.05742,0.01031,0.02713,0.00382,0.02272,0.05553,0.03230,0.05164,0.02460,0.10319,0.04949,0.01472,0.11171,0.04493
726,0.00620,0.01797,0.01813,0.01528,0.01309,0.00602,0.01346,0.21978,0.02921,0.25547,0.14317,0.01831,0.00476,0.01404,0.00531,0.00503,0.00621,0.17770,0.01623,0.01463
727,0.00960,0.19547,0.01884,0.01767,0.03032,0.00574,0.02522,0.09526,0.02509,0.00638,0.02785,0.03422,0.00717,0.01687,0.00680,0.00739,0.08800,0.34053,0.01610,0.02547
728,0.12524,0.05795,0.04010,0.02378,0.03402,0.00517,0.01891,0.07908,0.03619,0.00819,0.04513,0.02253,0.00730,0.03819,0.01389,0.01125,0.01403,0.35414,0.04006,0.02485
729,0.04475,0.03647,0.04227,0.02997,0.05460,0.01417,0.02503,0.03717,0.03262,0.00679,0.03280,0.03799,0.46230,0.02302,0.00865,0.00610,0.01459,0.01528,0.03700,0.03843
730,0.01316,0.47421,0.04044,0.04143,0.03558,0.00956,0.03063,0.03783,0.04630,0.01393,0.04121,0.03645,0.01510,0.04302,0.00965,0.02443,0.02141,0.01433,0.03180,0.01952
731,0.00974,0.03543,0.09017,0.02456,0.03498,0.00727,0.02036,0.03589,0.04125,0.00723,0.02672,0.08726,0.01565,0.02971,0.41968,0.00854,0.01626,0.00962,0.01789,0.06180
732,0.08082,0.02967,0.08578,0.13281,0.03396,0.08633,0.07297,0.01415,0.02782,0.04704,0.04145,0.01987,0.06198,0.15443,0.00581,0.03838,0.01772,0.01604,0.01362,0.01935
733,0.02888,0.04522,0.02868,0.04798,0.03231,0.01368,0.01805,0.03144,0.03382,0.01335,0.02357,0.03275,0.00976,0.33427,0.05005,0.14678,0.03974,0.01362,0.02599,0.03007
734,0.01347,0.02220,0.46136,0.18110,0.01663,0.03844,0.01394,0.01903,0.02399,0.00569,0.01905,0.09533,0.00685,0.01728,0.00634,0.00716,0.00889,0.00736,0.01877,0.01711
735,0.00946,0.02773,0.02164,0.52381,0.02819,0.09264,0.02277,0.02506,0.01859,0.00988,0.03091,0.02711,0.01138,0.04143,0.01225,0.00941,0.01363,0.01133,0.03343,0.02934
736,0.10047,0.11024,0.01690,0.01359,0.01974,0.00425,0.01167,0.01999,0.01223,0.22004,0.08779,0.02560,0.07709,0.06790,0.00300,0.00507,0.04115,0.13859,0.01024,0.01444
737,0.01385,0.03278,0.03673,0.04953,0.05317,0.01060,0.04783,0.29347,0.03013,0.07376,0.03562,0.03971,0.01507,0.03467,0.00953,0.03424,0.09283,0.02249,0.03251,0.04147
738,0.02046,0.02374,0.00933,0.03601,0.04704,0.46748,0.03974,0.03946,0.03744,0.01476,0.04723,0.03819,0.01724,0.04296,0.01057,0.00567,0.01951,0.01238,0.02735,0.04342
739,0.02457,0.03559,0.06596,0.04876,0.06754,0.01504,0.03157,0.05659,0.04073,0.00804,0.04831,0.06530,0.00803,0.01037,0.32649,0.01385,0.01691,0.02594,0.02840,0.06198
740,0.40118,0.07091,0.02329,0.01803,0.03636,0.04204,0.02866,0.04630,0.04230,0.01238,0.03342,0.03016,0.00777,0.03110,0.00775,0.09404,0.00640,0.02066,0.02081,0.02642
741,0.01086,0.01051,0.03271,0.02716,0.04651,0.00751,0.08653,0.04553,0.03972,0.00956,0.03611,0.03190,0.00885,0.03189,0.47622,0.00872,0.01519,0.01264,0.02493,0.03696
742,0.01739,0.38105,0.01424,0.01860,0.01176,0.00425,0.01169,0.02774,0.01949,0.00460,0.02856,0.01715,0.00685,0.01658,0.00475,0.00481,0.00776,0.37349,0.01572,0.01351
743,0.02223,0.06956,0.02681,0.02846,0.02858,0.00833,0.02705,0.02451,0.03042,0.04600,0.03654,0.03531,0.04245,0.03202,0.00918,0.45425,0.01140,0.00962,0.02246,0.03483
744,0.01653,0.04700,0.04505,0.04617,0.03449,0.01866,0.01805,0.03951,0.04679,0.00627,0.03575,0.04536,0.43879,0.02241,0.01380,0.01439,0.01528,0.01863,0.03839,0.03867
745,0.01298,0.03275,0.07480,0.03442,0.04218,0.39065,0.04321,0.03717,0.03589,0.00866,0.03952,0.04574,0.01274,0.03073,0.02889,0.01552,0.02631,0.01545,0.01868,0.05372
746,0.09578,0.07985,0.00790,0.01292,0.02469,0.02016,0.05790,0.01946,0.05370,0.02522,0.09712,0.10343,0.00242,0.00900,0.11089,0.12273,0.04494,0.05866,0.01238,0.04086
747,0.00702,0.01572,0.01551,0.00876,0.01986,0.40411,0.05754,0.03768,0.02615,0.02209,0.05582,0.18513,0.01160,0.03612,0.00765,0.00592,0.01186,0.03336,0.01986,0.01822
748,0.01082,0.01667,0.02236,0.02604,0.05363,0.01778,0.07342,0.04730,0.03313,0.04073,0.02375,0.02569,0.01043,0.01933,0.00401,0.00647,0.01211,0.01237,0.46165,0.08231
749,0.10621,0.06295,0.00999,0.03218,0.01521,0.05360,0.00753,0.02298,0.18502,0.04516,0.03554,0.04272,0.02358,0.09703,0.06474,0.09532,0.04399,0.02249,0.01590,0.01786
750,0.05833,0.11623,0.01168,0.01373,0.02001,0.01852,0.06011,0.13288,0.03753,0.06926,0.04800,0.04697,0.00318,0.01473,0.01287,0.01743,0.13318,0.15360,0.01433,0.01741
751,0.04362,0.06881,0.01778,0.01385,0.04778,0.02415,0.10115,0.02998,0.09434,0.04209,0.10260,0.02601,0.02325,0.02137,0.10348,0.04557,0.10578,0.04907,0.01446,0.02486
752,0.07166,0.01587,0.07043,0.18554,0.01312,0.05789,0.03451,0.01943,0.02329,0.00493,0.01896,0.01651,0.04610,0.07722,0.00527,0.08823,0.09442,0.00641,0.01351,0.13670
753,0.04314,0.04781,0.03013,0.02588,0.02423,0.00977,0.01517,0.01379,0.02617,0.00621,0.05808,0.07355,0.21542,0.04102,0.00649,0.09215,0.18813,0.03702,0.02280,0.02303
754,0.21980,0.12279,0.02613,0.03198,0.03067,0.11287,0.02119,0.02864,0.03953,0.01077,0.02900,0.03674,0.00805,0.02954,0.00999,0.14519,0.01266,0.01107,0.03130,0.04208
755,0.15731,0.14269,0.01785,0.01164,0.01146,0.17906,0.01192,0.01299,0.01180,0.00430,0.02591,0.01412,0.01740,0.01071,0.02041,0.21655,0.06698,0.03837,0.01702,0.01151
756,0.04092,0.13950,0.02783,0.02663,0.00601,0.03148,0.03491,0.02237,0.03082,0.19920,0.08061,0.02938,0.03645,0.02062,0.00838,0.05321,0.01627,0.03132,0.02336,0.14074
757,0.23615,0.02211,0.02404,0.02138,0.02159,0.23480,0.01720,0.02328,0.03767,0.00804,0.02628,0.02231,0.00495,0.02795,0.00630,0.17801,0.03286,0.00447,0.01920,0.03140
758,0.01493,0.03568,0.03801,0.06303,0.04819,0.01453,0.02797,0.03422,0.49236,0.01177,0.03564,0.01991,0.01186,0.03066,0.01557,0.01153,0.01716,0.01891,0.02531,0.03277
759,0.02105,0.02716,0.02727,0.03900,0.02095,0.01653,0.02072,0.02873,0.04557,0.03481,0.02700,0.07139,0.04834,0.02882,0.00938,0.42468,0.03627,0.01593,0.03406,0.02233
760,0.01180,0.09452,0.02682,0.03276,0.02010,0.01161,0.10234,0.01840,0.02935,0.00691,0.02496,0.02114,0.00748,0.02338,0.00770,0.00940,0.00992,0.01321,0.02178,0.50643
761,0.39211,0.02015,0.01630,0.01667,0.01793,0.26384,0.01814,0.02719,0.01656,0.00721,0.01539,0.01480,0.00642,0.02243,0.00684,0.05379,0.02482,0.02289,0.01962,0.01691
762,0.00701,0.11707,0.02106,0.01612,0.01982,0.00809,0.18849,0.01575,0.03941,0.07153,0.03185,0.09332,0.00391,0.24996,0.05308,0.00558,0.01467,0.00988,0.01989,0.01350
763,0.02032,0.07383,0.02205,0.03352,0.01814,0.00968,0.22318,0.06086,0.01617,0.04656,0.22208,0.02129,0.00941,0.02739,0.00820,0.00788,0.01278,0.01583,0.01452,0.13630
764,0.02068,0.02083,0.06319,0.03820,0.04625,0.02701,0.03288,0.04289,0.04989,0.01126,0.03909,0.05249,0.01493,0.03597,0.00281,0.01532,0.02044,0.01511,0.40199,0.04879
765,0.01820,0.04013,0.01863,0.01492,0.03162,0.00663,0.11454,0.02777,0.05139,0.02225,0.10929,0.02696,0.00350,0.31722,0.01240,0.08476,0.04837,0.00964,0.01669,0.02510
766,0.00627,0.03062,0.01660,0.01890,0.03067,0.00753,0.00909,0.05179,0.02649,0.33963,0.19016,0.01523,0.01500,0.01351,0.00473,0.00493,0.02979,0.15857,0.01423,0.01626
767,0.00253,0.01054,0.00610,0.00569,0.26608,0.00231,0.25582,0.04537,0.00644,0.06136,0.22678,0.03840,0.00260,0.00444,0.00301,0.00212,0.00277,0.00734,0.00462,0.04568
768,0.01402,0.18724,0.03342,0.02876,0.03953,0.01414,0.19228,0.06954,0.01983,0.00927,0.02025,0.02988,0.00453,0.02363,0.01175,0.01164,0.01747,0.01229,0.02810,0.23244
769,0.01157,0.04151,0.02557,0.04319,0.55256,0.01659,0.01782,0.02266,0.02837,0.02100,0.02628,0.02200,0.00784,0.02535,0.00928,0.04894,0.00901,0.01850,0.03037,0.02160
770,0.03556,0.03224,0.02489,0.04077,0.02886,0.02581,0.46011,0.02259,0.01927,0.00593,0.02567,0.01460,0.00375,0.02644,0.05461,0.07703,0.00777,0.01711,0.03556,0.04144
771,0.01494,0.03992,0.02577,0.02996,0.03426,0.06231,0.02676,0.02274,0.10553,0.00923,0.02709,0.02181,0.01425,0.03378,0.44173,0.00950,0.01112,0.01600,0.02773,0.02556
772,0.01542,0.03249,0.03673,0.03549,0.03735,0.08659,0.02844,0.02497,0.05896,0.01039,0.03196,0.03219,0.00994,0.02662,0.40091,0.01754,0.01347,0.02396,0.04417,0.03243
773,0.01822,0.05299,0.42147,0.03693,0.04051,0.00213,0.02089,0.03707,0.03553,0.01961,0.04304,0.00937,0.01146,0.04330,0.02055,0.01174,0.01598,0.03267,0.10484,0.02169
774,0.01047,0.03253,0.02290,0.02687,0.06151,0.01325,0.01181,0.06607,0.01863,0.34999,0.09889,0.02233,0.08836,0.01495,0.01289,0.00846,0.00853,0.08537,0.02513,0.02107
775,0.01484,0.03884,0.02777,0.03913,0.04246,0.02249,0.02228,0.03349,0.03001,0.00953,0.02894,0.01868,0.01136,0.01028,0.53012,0.01187,0.01180,0.02322,0.04054,0.03236
776,0.01349,0.02982,0.03127,0.03525,0.02975,0.01687,0.01595,0.07973,0.03067,0.29535,0.06216,0.02833,0.03650,0.01183,0.00810,0.02267,0.06865,0.11999,0.03750,0.02613
777,0.03267,0.04528,0.02902,0.02948,0.02169,0.01418,0.01643,0.05901,0.02660,0.28863,0.26182,0.01393,0.00428,0.01467,0.00715,0.00559,0.02966,0.04730,0.03403,0.01856
778,0.28264,0.02158,0.03221,0.03228,0.03130,0.20094,0.01088,0.02502,0.02650,0.00679,0.03893,0.01527,0.00485,0.01841,0.00781,0.15876,0.02361,0.00761,0.03495,0.01965
779,0.01959,0.07141,0.00869,0.05816,0.08980,0.02431,0.03143,0.03411,0.01965,0.01600,0.03759,0.34837,0.01266,0.03844,0.01556,0.01618,0.02782,0.03008,0.07199,0.02816
780,0.48202,0.02105,0.01508,0.02978,0.02228,0.03553,0.01419,0.01919,0.02597,0.00649,0.02812,0.01655,0.00386,0.02221,0.00666,0.16492,0.02035,0.01851,0.02680,0.02044
781,0.01302,0.01372,0.04602,0.05544,0.01074,0.01121,0.01351,0.23438,0.01617,0.04888,0.05951,0.01899,0.00354,0.02055,0.00609,0.00593,0.05776,0.33076,0.01672,0.01707
782,0.05497,0.14312,0.01629,0.06510,0.01486,0.01577,0.00522,0.03003,0.03295,0.02787,0.14510,0.19567,0.00175,0.07984,0.00163,0.03898,0.09171,0.01995,0.01705,0.00214
783,0.06586,0.04243,0.02264,0.02762,0.08506,0.07390,0.01492,0.03337,0.02902,0.01870,0.05344,0.02572,0.00388,0.01790,0.00718,0.30209,0.09842,0.01756,0.03547,0.02482
784,0.27989,0.04382,0.01481,0.01843,0.05375,0.07529,0.01105,0.02241,0.03226,0.00572,0.02433,0.01745,0.00409,0.01796,0.00663,0.16166,0.09333,0.07680,0.01797,0.02236
785,0.00649,0.15204,0.01334,0.00607,0.08726,0.00267,0.02304,0.08242,0.00723,0.04360,0.09358,0.01744,0.00498,0.00842,0.00292,0.00578,0.15752,0.26372,0.00535,0.01612
786,0.00179,0.00274,0.00312,0.00333,0.00390,0.00117,0.00192,0.00386,0.00419,0.00708,0.00519,0.00340,0.93750,0.00282,0.00105,0.00653,0.00129,0.00299,0.00292,0.00321
787,0.04864,0.05426,0.07021,0.02946,0.02777,0.04383,0.09756,0.05774,0.03280,0.04963,0.07021,0.03615,0.01630,0.08120,0.06194,0.07460,0.03851,0.05404,0.01322,0.04194
788,0.08705,0.01524,0.05082,0.02528,0.00950,0.34033,0.03863,0.00782,0.03184,0.00942,0.01674,0.04683,0.01118,0.09278,0.01943,0.03982,0.09208,0.00638,0.05006,0.00878
789,0.02314,0.00602,0.10281,0.07200,0.08979,0.04079,0.07142,0.04444,0.07028,0.00956,0.04963,0.08783,0.01122,0.03412,0.03084,0.01144,0.01546,0.04468,0.10290,0.08164
