site,A,C,D,E,F,G,H,I,K,L,M,N,P,Q,R,S,T,V,W,Y
677,0.24205958023537222,0.00657394648753332,0.006239605646312833,0.007781868201361231,0.005033088498529651,0.4318214257552159,0.005101631575132133,0.004734266954173834,0.006282258886651237,0.0015396800984798622,0.003965096305778213,0.004477583378706434,0.004670639495684643,0.004296969253082939,0.002689571458138189,0.2186698333517645,0.02379682304507171,0.01176844649478047,0.0032899418924218376,0.005207742985808883
678,0.04595415761531313,0.08979159621667876,0.11830260321236712,0.07409183346525082,0.03894748126108894,0.11643258626287628,0.04534454004203373,0.014984846027952537,0.02007051609861947,0.012528724663736985,0.03828542779040109,0.11798424599630875,0.0016872538516677332,0.0376286098683509,0.017230023208663472,0.0691671243990958,0.06070789539113939,0.025385923536407697,0.014044500011829802,0.04143011108021762
679,0.537674989486255,0.0075250510818955394,0.009340439524872915,0.007546490186676112,0.012042365459458288,0.00468627334645697,0.012540553854381964,0.014904731810604019,0.01165619111793964,0.004209555294813381,0.010803496433356577,0.011970150039433374,0.0147999395364512,0.012109056531316949,0.0035951567405671865,0.2614541394487144,0.017144521958964962,0.02713564540521633,0.00767578154951179,0.011185471193113439
680,0.0036519341824623277,0.010777454520319042,0.008582319941783554,0.0077634415060464776,0.04979405540343353,0.0027105147366701145,0.028538278868696688,0.3198254085913082,0.009769684543134741,0.41170908225207364,0.013680269118841007,0.008006551954205807,0.02571694227718625,0.00818010239163199,0.004489551237429789,0.0023495257526452286,0.005071711491729999,0.06460110570929434,0.0069657107194893405,0.007816354801617952
681,0.04975581704643811,0.04388054230031172,0.0018818943536262622,0.001603022447876255,0.04134242951910297,0.01615887539546921,0.08719795640351473,0.02641121954378166,0.06619711695265836,0.01909389421962719,0.026157969167378864,0.07489623962199991,0.0009519681332719414,0.08421089752560836,0.09838389773620675,0.05779200831661007,0.09928593161810406,0.048993304115520754,0.0730216988609912,0.08278331672190165
682,0.004000094927523029,0.01219709720558803,0.005256056870113574,0.008205406799604681,0.7505887220066713,0.0027157291526720157,0.010014272084031987,0.028507393507802747,0.009326494190478683,0.03127157129777414,0.009387518651549078,0.007847714609308483,0.012170918413320056,0.0109968281052916,0.0027928790526980094,0.03888697824477207,0.003999748107928615,0.005776057417624939,0.020177487112316966,0.02588103224293006
683,0.004081281205384201,0.0063757479521894325,0.008761192252476775,0.006687108361914094,0.01932641892091786,0.0027009961089966322,0.01117181552644089,0.1891872327108768,0.008127878426406348,0.6008036494888876,0.04291829418627132,0.012391331865548855,0.008026055508811114,0.008097588048383288,0.0026234637342974036,0.03172012984402591,0.005898066637668748,0.007233098510472653,0.01583663149939619,0.008032019210633845
684,0.00517331931137437,0.010374746415783885,0.05371646661835586,0.009155643975727101,0.013102303154932134,0.003795802642375051,0.04282003720130371,0.02019199997851393,0.028992573601534382,0.003933527457661003,0.009421131021380156,0.6730043602724894,0.006307982345988873,0.009991459665116291,0.004286017555739212,0.033953906899444504,0.028034073582399916,0.004038035192346935,0.007207921555088109,0.03249869155244509
685,0.011761026669249844,0.008219927315573387,0.7171132112306129,0.019304660482324276,0.009469300319678095,0.037912291034713545,0.012720309807753558,0.01052380912115173,0.010956654756690944,0.003835226004464977,0.0079052876411518,0.048174261824399156,0.00617113193725076,0.010756031473006543,0.003509962422515439,0.0038309558423590255,0.005308789839239354,0.017815594978906082,0.007274469869773106,0.047437097429185504
686,0.01044484020025812,0.011073493509147802,0.012631486355738115,0.009750243524289257,0.012255008171247236,0.0036209258479440007,0.014926825948077378,0.02911297036576682,0.025654398855497945,0.022003700940742225,0.7022080885363614,0.013003997844800943,0.008208043786365847,0.010525438528833397,0.021788029477736576,0.0050321055435243655,0.03391886681264771,0.03274034951307179,0.007581794691559996,0.013519391546389188
687,0.06056606953404306,0.010282654899148003,0.010089758025103458,0.03266845512924525,0.012189777178261032,0.7068294302960187,0.014059442342688036,0.0139061059264342,0.011460709197127043,0.004104774506026758,0.01286031828266826,0.01588241074577758,0.006437572356113278,0.011733120649333337,0.01727001464589883,0.016452212256153818,0.0072222548199618875,0.015985857749059473,0.007309103645177461,0.012689957815760546
688,0.0050296008707865466,0.009376899309182713,0.009680974810267579,0.03516389393819302,0.01349832430653807,0.005128189369698774,0.012175155914998343,0.09064060980525551,0.6318169434001278,0.0037292778362420474,0.014634228166024941,0.04693244995966548,0.006897645250301729,0.024982608359768052,0.040172725319117725,0.004752148758926717,0.020556768994510383,0.004682620999984362,0.006764280042603113,0.01338465458780711
689,0.019881792373922628,0.02475121277068432,0.003998632041350063,0.0019008338065597031,0.004307258054109402,0.0015973690661242948,0.0037894080345637197,0.036614800743624276,0.0026596702272600795,0.04105499587134214,0.0034683477288899992,0.0033728220464903235,0.0015616671244855081,0.003112083239679176,0.0006898145443536624,0.022213350904559597,0.6634421020728622,0.15712057367818263,0.001829821020939983,0.002633444650016255
690,0.006805413750685084,0.012355881477918626,0.012939442042656235,0.011727877986483538,0.013940487787768739,0.03370556441838014,0.01882773275652414,0.015242545286884499,0.02761193672065429,0.004994738056632459,0.0233057340613968,0.017890987531330352,0.008744056802556023,0.014852914297834627,0.6963705906105502,0.010206287375312097,0.027299363654863518,0.005240075251293166,0.023797115390902113,0.01414125473937338
691,0.006952794960215935,0.010657844294482967,0.01125883122615381,0.04495222675886096,0.012414146038181575,0.004393043580185877,0.011772133810961519,0.0350204554256786,0.6441427911369709,0.004099515029377485,0.009677748340903299,0.0349301918583574,0.006047354729089492,0.020427775921766374,0.10027849782722081,0.004800534969462502,0.014513347212287519,0.004123528159586005,0.006466011559424352,0.013071227160832562
692,0.055248528886992304,0.006267895107401688,0.26800446251148463,0.09258085712839208,0.030591514990872624,0.18612425898638799,0.055961589653383166,0.005338889788404628,0.005409958344748794,0.004698144299224001,0.013689466486687715,0.127675258297578,0.0033263725692565145,0.013715334285618205,0.0012850116900458327,0.03002200068395837,0.011512462426468572,0.0049574686476765,0.06100481310789011,0.022585712107528234
693,0.022940150904451177,0.13413662404186144,0.0019972957302749725,0.0082213496004127,0.003934695013030475,0.0005773730110211344,0.07240082340256701,0.10629473689567748,0.014709646920268457,0.11920238873074494,0.03447084816380525,0.016861262462359253,0.005297273501005745,0.0633252712772529,0.009523507195019256,0.020963435059431185,0.07720768987490598,0.2834979739914231,0.0018921965992795109,0.00254545762520798
694,0.09028208589028609,0.02685011208340383,0.09716004061779489,0.12192504072053238,0.005847635454058273,0.22793895824093216,0.024601574288727238,0.010172839679768984,0.004483437298442584,0.04913962097943895,0.063099735978288,0.033592941259142896,0.0652418099496062,0.14531064694245344,0.005987872421701537,0.008801047189935858,0.005004681563775,0.004631062939086762,0.004007846586198217,0.005921009916426671
695,0.01255006295090228,0.014831907704876758,0.025737273917529557,0.6891250503852975,0.02061573200835309,0.04000532379293046,0.018528274185865747,0.020774664324645174,0.03012373418388445,0.004437549738738435,0.011517227602350973,0.02044851026167063,0.00784838161305909,0.01585294495384418,0.0066361569539831146,0.00586323969843922,0.007819561555192348,0.02208945028125116,0.008219045450969659,0.016975908436216203
696,0.005835440904125618,0.034909497205708406,0.012309728892926133,0.00849049503848995,0.012903193431413997,0.007129517270838444,0.01668804696623227,0.015578528219469501,0.01316645115743347,0.018038871322548597,0.01153860267499983,0.019316073155686904,0.008316617811949046,0.013283318976879836,0.08367488106611469,0.006639670319130496,0.008915526376757953,0.006572378089726438,0.6831079757509673,0.013585185368601033
697,0.12450263228246324,0.05435002516050652,0.05368900245387701,0.05056748366855209,0.054201299742239355,0.07120040360627468,0.09168989150971008,0.008519455392934866,0.022487266929709756,0.03059697011534138,0.05277639864676876,0.04165519443115851,0.000889012062661431,0.08246538992058255,0.010686160539459068,0.12267616945823918,0.05361165956153824,0.012888112101393795,0.021396695422698103,0.03915077699389138
698,0.17662001977619515,0.016514917370087392,0.05850384645311329,0.17666922912990776,0.008176835692033604,0.013274182394310094,0.010915236499518526,0.006676725813838377,0.01025398064826332,0.0142648991240999,0.010161026025645777,0.011922582734019119,0.34203310181303076,0.03597732430864449,0.0017341773105529268,0.08854173358691347,0.004075979078040927,0.0038333929484058653,0.0036174152970262067,0.006233393996353018
699,0.025152449264959176,0.011535549497412536,0.012162387008091122,0.006496384247906428,0.014891061176300254,0.004302232262284956,0.016239036254515542,0.01925058423696114,0.011059946149012628,0.030494047969041604,0.010659111305125016,0.0163055336713654,0.04798214010217045,0.012772038620731785,0.004017313448927014,0.681059187037066,0.04181937630225338,0.004989115385524042,0.016823592361926116,0.011988913698425453
700,0.051102486380661415,0.05163157397602928,0.00366874941546686,0.00521375917639131,0.04672855294275618,0.007446488837460109,0.04692864103586236,0.0753555733176793,0.0572243279948327,0.06108300881989181,0.09786834408705904,0.06233611893871458,0.07850883290824191,0.08305998444253078,0.01907037683217284,0.02181732674745555,0.0817123591512558,0.0995636380522537,0.016582162407261035,0.03309769453602351
701,0.015815685900327562,0.01281800257202792,0.01570774177885201,0.020245740349691097,0.013762928889316559,0.732994271110377,0.014644654603974927,0.01491377202388367,0.013254902086103568,0.0053340921746610585,0.011678977172229562,0.013210112179615839,0.014558138818610082,0.013948381381452305,0.018348322997548242,0.005679440068015264,0.008909280974160539,0.029694389560883213,0.00970455632038004,0.014776609037889544
702,0.0028085114670141115,0.019947374457261385,0.003589824250768482,0.003197005641493198,0.13703533431221773,0.005055114384099284,0.11987227298345154,0.09878895909648149,0.004353618445134234,0.05249924533362862,0.06058941707976027,0.004448316291138378,0.0017753006162300328,0.007335969389523335,0.01021740103685166,0.0020895567691487306,0.010315696350416141,0.04361172605577279,0.1627820496935302,0.2496873063460784
703,0.062170563659616186,0.04020567931496858,0.1051399906149016,0.09309129802272871,0.036212986135633896,0.0306711098269196,0.10422074409850109,0.045837884410523666,0.0034368271021346128,0.056361853265257944,0.05566138494407344,0.04528434957954939,0.009726579237741092,0.06156666584362628,0.01715077683582471,0.04868202634873887,0.05023374873642112,0.046087107678291855,0.015435289298709881,0.07282313504583739
704,0.02507144068937855,0.07066943558104898,0.05366462387057483,0.017470310706915956,0.00947970536199953,0.0018690851250016281,0.04253964467030477,0.013997081619555462,0.018018882785828954,0.0021403044034770456,0.0054454215987825945,0.3496066988138882,0.003988508935761832,0.04276371232377829,0.007059938042495945,0.2578890985934585,0.03801888002079205,0.0031104845643237767,0.015265765604306182,0.021930976688326914
705,0.005370502682802729,0.025508099776692064,0.011638514836665281,0.007090760431100285,0.010838300925302274,0.009425882367279741,0.01713443850153809,0.012659776977264628,0.011311183617866344,0.01136820120425769,0.008758961187805697,0.016489146923384924,0.008789529514906115,0.014451496726264987,0.02096287680477818,0.006776984366465649,0.00818370718882644,0.004020871176441425,0.7725217139232615,0.016699050867095944
706,0.013854227449233989,0.015591086111653087,0.05317711127615321,0.5883591123837546,0.015463048920078866,0.035447791784910136,0.027123153246434318,0.017375549924100963,0.03983579544988461,0.0059768369176538385,0.015823871257185148,0.017231160795127737,0.009374045096595304,0.036615800819728754,0.004871020601209721,0.006266664007415892,0.02153903193039552,0.02348733205303825,0.011557050694381203,0.04103030928106482
707,0.013095806966798828,0.021962403127903988,0.26434358056184065,0.3719530813491525,0.014356664439684544,0.05786797813153997,0.01583850869019675,0.01366579830102681,0.03227315434336406,0.004370158762171611,0.020750090030117282,0.056981326764749284,0.006340456428422649,0.04885860328010804,0.004114506327015007,0.013775374447087199,0.007037003711334775,0.011234337063695513,0.006517701406932006,0.014663465866858608
708,0.07464074382019346,0.009638354105932806,0.04053892862406996,0.011054489664873423,0.024218020217978642,0.008758757907767407,0.016410927109180837,0.08085008327996969,0.016098249792137257,0.014531249892287318,0.014952841546012391,0.012155736938675965,0.008473758097326749,0.020015387823417833,0.0059526082943424236,0.004886942595649252,0.011525063810356858,0.6043729362925597,0.009728578904515277,0.011196341282752731
709,0.016063429583246042,0.026681734202250926,0.01167466066049546,0.04043149443552367,0.01681179323486511,0.0026822588791240855,0.04226302058685042,0.021319156580559093,0.010388870288626667,0.01989965900695077,0.048363569042513044,0.02982284687791084,0.5019161599565928,0.042532213227223115,0.004635325777436029,0.039143948662159415,0.03916051452390814,0.019085836951023852,0.0065167566884153615,0.06060675083432513
710,0.005286464419768777,0.030253729528361046,0.009773177055342135,0.00813104699306283,0.6072606107721961,0.0026299332181463956,0.016000634831213213,0.03384614988187478,0.013389332583563354,0.04832306422142669,0.012875456642934694,0.01593018623975548,0.013769452429545354,0.012564697014191042,0.0041920219644008576,0.0785046205043532,0.007415465739180213,0.026868979680260658,0.015283999496657699,0.037700976783765515
711,0.0065278676132487405,0.6406412011681096,0.01984489345837671,0.010471427506578361,0.03441820316000127,0.009127528697844079,0.026583711760489893,0.02275221004128462,0.016087685743058917,0.006375653136340447,0.015449426270752506,0.025677915594369317,0.00773697634329604,0.019011463966690477,0.046560279346910115,0.02664684973914951,0.011840797299580411,0.006805897594734244,0.009585168192716239,0.03785484336646849
712,0.016627776933313774,0.016264657875837304,0.013456097196979077,0.010312015205577568,0.054716839755643475,0.005474050714727105,0.013607731294106487,0.019856447833601285,0.01573803380560722,0.010699031381416752,0.016981166605703663,0.01595477541807062,0.033485570041475544,0.014472036815252028,0.00496903283494169,0.6534191720367556,0.018162613317966935,0.006567568714895285,0.01247100210072983,0.04676438011739877
713,0.005665041028333339,0.01342912101504737,0.02475581934875677,0.00939384304313185,0.018468723970199778,0.003129518157316128,0.5915920459668197,0.01886296761008315,0.010308978777422395,0.020810615917370948,0.01419858404992891,0.0932188341066073,0.024740679459805476,0.010576779686708922,0.03898268716776752,0.005351039271871934,0.00919026800400584,0.006136278327596264,0.007858901887911654,0.07332927320331474
714,0.00943172363396333,0.02211020615427282,0.026529749354982923,0.013966825426817564,0.022062637097335764,0.0067498333721532,0.5752521452136552,0.021279777663109248,0.01501786711716436,0.02148267868844983,0.015963407530633394,0.04546599268737919,0.017743825823238055,0.027540193445363403,0.03919779866092838,0.010531228837320515,0.024583791658504116,0.009267516517104508,0.01651484823709896,0.05930795288052517
715,0.004046708746855736,0.027353525574771304,0.01110635236459205,0.009064608644248023,0.44065926536452077,0.002511068652487462,0.02064640438369607,0.024137291016589207,0.014188540076299138,0.040884855882018616,0.01229169393641231,0.01409475243136979,0.0071057072305831795,0.012603991503844577,0.003554114601129346,0.05083669578623328,0.0073985255863853695,0.00804492563049473,0.22891138784677467,0.06055958474069434
716,0.07102511448135601,0.04519362108573447,0.05905249466335415,0.023209919267751317,0.006692479671567015,0.01164173262343196,0.27036420532012395,0.025165113486796994,0.019413595243605957,0.004863311247406563,0.014564679872421151,0.26192704526765204,0.0033322469511807666,0.05877253931404294,0.002505479919793934,0.032234311672210136,0.0404423149665649,0.02838849427098963,0.005413504940107387,0.015797795733908736
717,0.008572454346431524,0.006256956537750669,0.006295915172602601,0.042794343381459425,0.00887951086034363,0.0018283265417101673,0.02248818158226867,0.02350307135943311,0.38689241239022315,0.07580644481024106,0.05212713938217243,0.01712086272038039,0.003699452743722735,0.08654815619478916,0.20201071917147206,0.004480970472850948,0.02636629356419799,0.011005323394924688,0.003440911018762604,0.009882554354262883
718,0.013213132904547259,0.08060780004699515,0.007751744065894202,0.004588273067118642,0.009656554679535176,0.0017341174263639733,0.005463340835478485,0.1786336305013075,0.005321760038386684,0.3068393874170428,0.10008352370841568,0.007147660332080768,0.030209445324449687,0.014634500266702372,0.008708145959902986,0.002229466343695604,0.0033334094257555344,0.20799333722827631,0.004513258240039959,0.007337512188011233
719,0.005484643656896013,0.039225246048419156,0.02646816830856798,0.009111975407210654,0.1300890993693967,0.003427481936913987,0.05718676041579118,0.026682579026867964,0.012066728464480083,0.00572322460750611,0.011527279363911047,0.030582492649200117,0.006439655085017637,0.010243254396775535,0.005168047040866754,0.011377037806978976,0.0070626459983209955,0.00822478835043588,0.2064134258209043,0.387495466245539
720,0.005957703015616437,0.012557812823337358,0.011692136784850782,0.01200224313198601,0.047584066509263084,0.004998768279191828,0.0369505971463229,0.09446607609682854,0.017634830814593234,0.3599763612981332,0.2509560706463946,0.014332847540036352,0.04518651217061718,0.017716572345855018,0.013959968308429873,0.004459053986563164,0.009126235395984861,0.010778139078571608,0.012531905524257043,0.01713209910316701
721,0.009346225778010763,0.015457163323230725,0.020510375396021126,0.05971784619354944,0.028330750593354312,0.012608539963176672,0.06890578786947653,0.024054988822783365,0.5146738007228552,0.01083800342430781,0.020509358065685435,0.03040183396222586,0.009929430921335976,0.039936136862446396,0.03790110859692732,0.02759053874080677,0.027054469720468183,0.008494704943359856,0.014971330070548336,0.018767606029429965
722,0.029045326151253905,0.036946502192525786,0.5779782194686436,0.03956125393720464,0.018827330974494596,0.04173075989033007,0.022035931003520196,0.019725714074260922,0.018699318476342517,0.009379311118988915,0.02332952051627331,0.03800825092226102,0.009522317559142153,0.018953635824226614,0.006875343791921493,0.010960491509250237,0.011730076170871554,0.015646020218674755,0.014446791681148935,0.03659788451866485
723,0.013589419656176145,0.011407150886755223,0.012262359787018942,0.03512527918286835,0.015414543680883115,0.6664378219394372,0.025494767013441482,0.01388866575983643,0.018803351457653165,0.008426349317248403,0.018291639901244817,0.012662888819609886,0.011158154811178914,0.021743341604796445,0.024742109117431178,0.005046750425942732,0.00947474732918432,0.019057053710991947,0.04405382973222607,0.012919775866075215
724,0.006137011170534723,0.017224970491595597,0.014072991247550383,0.011060498924038651,0.01814296550163104,0.03676862832914747,0.011178588362160782,0.03855656271050333,0.035457039625087054,0.005556787517140415,0.013409117892439459,0.014127452537909336,0.005190759128244837,0.014580827191709373,0.6910105623831795,0.019200856275493002,0.012661237820236983,0.01034612626973489,0.011061962229315797,0.014255054392347496
725,0.08222333654905804,0.07319312326331316,0.02013325922488742,0.03957722532446253,0.07185017840438745,0.05079422608725986,0.06646404426888892,0.003994011540888335,0.025513448589152953,0.0024882425814760807,0.016432651901246806,0.07330547293170186,0.038288174676087174,0.022982557386368563,0.013014202892763421,0.1358738037612205,0.04297344177792787,0.01799791932631709,0.10846292038111854,0.09443775913147344
726,0.005582034690548164,0.008704338846732643,0.008950831414848759,0.007874337966531288,0.01656165355013593,0.003242560018196554,0.006584197456131951,0.27880827552332493,0.012826634521194194,0.27963704335569,0.14969775344658032,0.026713817110245248,0.003324677455921165,0.006926119584040068,0.0028883660864740153,0.006743724767712939,0.030298344674082673,0.12995515780135924,0.00743310699861496,0.007247024731634998
727,0.06161872262289438,0.04753956049499273,0.009088079654851372,0.02998985526136173,0.012888225900309858,0.01541039320820529,0.011274470225835434,0.14304131289312041,0.01158127448549986,0.012868468759086598,0.036690842056765906,0.02048366730319746,0.0038986620497729976,0.008157497368921995,0.003974791219840812,0.004253946851447927,0.08333733227307367,0.46301865124162034,0.008816004324779386,0.01206824180442185
728,0.11597349085528896,0.03202487489629755,0.03533258012315677,0.01324051685704118,0.01847047012920907,0.012491142463315582,0.011003852055870525,0.037980961844316756,0.01808638704000651,0.011987349002787423,0.02698276882780277,0.01232984965637819,0.00490140629867586,0.01807579385000524,0.008703652552877104,0.004985078207459046,0.007254982494642595,0.5778281096196997,0.018775934454733384,0.013570798770435813
729,0.02186352659125372,0.01775488450282162,0.01778462526341716,0.014810608950345113,0.0212061121266341,0.007826089807134484,0.027688754165105783,0.017262287721983238,0.014907786101323338,0.03195691908264988,0.015401033166757309,0.01656822362720416,0.674716878456716,0.011844617911625435,0.0060435560404266744,0.015490390659404494,0.023820184035100406,0.008503022065668582,0.01600066106937588,0.018549838655052577
730,0.02318683759716046,0.5687141926934975,0.015104764148978836,0.015913549653695343,0.031508243432713454,0.009737749840407707,0.012216710422866964,0.014423759962644353,0.017184512882135614,0.019767115621960377,0.021172184069827803,0.014342905879830807,0.007255036148364397,0.01747277185475127,0.07141300514760096,0.009976501668389093,0.017963122731565778,0.0070894530749044254,0.027691766476122984,0.0778658166925818
731,0.021842823141095858,0.01838856715769307,0.02861211311793196,0.01311530206142346,0.016205996796735577,0.009071203598244978,0.028243391002255692,0.016832664979711875,0.023845668995540716,0.01933664436163545,0.013684682123595285,0.026218762074485563,0.0388997065038192,0.014661239312844824,0.6361892621893127,0.024892843624491567,0.011946683141813482,0.00590119204753019,0.009960883029150713,0.022150370740687767
732,0.08098906887684804,0.028330194475687742,0.08561796938802137,0.07522849101462137,0.023809551875566815,0.0748520786507298,0.0900381804627129,0.005044327329022509,0.0367954110854025,0.027998023534463953,0.042984755790776395,0.06459118437716982,0.06219151883173598,0.14617416972379416,0.009807006355391562,0.04855300364991196,0.021516430747137032,0.013471780368183889,0.013181456910578794,0.04882539655224336
733,0.009421091878750138,0.01983920366423454,0.014537415747237575,0.13638852025127368,0.015399882309411028,0.007596896841002198,0.033430338841250726,0.01565961922813908,0.04533511697546078,0.017586899537101186,0.011903213310917933,0.01502838797157679,0.009602544019823129,0.49767230283210967,0.039029075034172835,0.06836505158952437,0.0077155002853719614,0.007745027958556916,0.013686944907252979,0.014056966816832503
734,0.016842052356785698,0.01080605474055848,0.6339533309738105,0.08814733292545646,0.00859840195502807,0.06092061104596672,0.03574443624237121,0.010400066900271522,0.011377649867151783,0.004466554849418402,0.013022161382158578,0.030580618067446427,0.006372137436251486,0.009165280320629686,0.007932316520786247,0.00605330149379307,0.006317158265722544,0.00993369572853383,0.009532476688571082,0.019834362239288122
735,0.02019305341891142,0.012652013015179507,0.026306125953059468,0.6765444205026178,0.012596167316899236,0.022851175535305284,0.010514402735805508,0.012034460766702603,0.05996727923151839,0.008342315482172107,0.020577241553921988,0.01572037094639336,0.01188234023700152,0.02207995538376492,0.0062105171683138,0.004883522061876671,0.01416010437276233,0.016368728975178232,0.013826816861346389,0.012288988481269513
736,0.07404169615066404,0.27202301999385897,0.009267663870053346,0.008279519353350804,0.010213481359623959,0.0024948892343153355,0.006680735066768297,0.030988507734391685,0.0065309640147284105,0.2984701059966987,0.06886630360152668,0.008737516788299494,0.028882252779339628,0.01323778476956635,0.012500655849641946,0.003012639515516686,0.016138307816006385,0.11628195907282812,0.0055657306424790115,0.007786266390342239
737,0.016365044455305695,0.016459523912974523,0.03033479952683719,0.02114061875185234,0.046692852538462136,0.0065980687923688705,0.02194872589078802,0.5087574714511041,0.01605295675359968,0.031150862162063392,0.041346696677984913,0.036569217061807054,0.009577377939361906,0.017479444596561453,0.006326696300250233,0.025284875806777286,0.04881144290935122,0.06427164556504093,0.016436024038154144,0.018395654869354985
738,0.014733434128678884,0.04421609010341047,0.03804871060354526,0.016507674917295236,0.018283041388031565,0.6684591795657576,0.015686532313087986,0.015788762048174452,0.01611594155925283,0.007953734911806246,0.01777574969992548,0.01629443072102014,0.008815888354167122,0.017126086194610552,0.007963468792026076,0.0233635230753369,0.010098386627500115,0.012560239793211941,0.013108247249088345,0.01710087795407293
739,0.014349130198528348,0.01706708280445787,0.027242125150808334,0.022832227058056504,0.02704533596362158,0.0304153111430739,0.021714774417238403,0.023821405939466928,0.025368330757988288,0.016389047398928994,0.02178375897971001,0.026530626648467226,0.010917302094796499,0.041591715373244416,0.5970066390333022,0.008573269807298809,0.010729206154059952,0.014451560230972419,0.019584885014994505,0.022586265830984848
740,0.581564382981184,0.015092851968384119,0.03645496437373893,0.008810170077532889,0.01584987082174107,0.03720973858988393,0.013413661104432371,0.017583059506095358,0.01734760247557857,0.006516892769003225,0.014789488425501261,0.01365028820439645,0.0062706894862130935,0.013345734151472536,0.004303075445077217,0.1129228312645484,0.021890751740756737,0.039953305999621914,0.011044060906657193,0.011986579708180645
741,0.005986297515368569,0.04071051272438777,0.01419692229508574,0.012794738193011995,0.017271863845189965,0.005060632019107891,0.03600494730761896,0.01796366224199236,0.016819549872745258,0.010328402367337026,0.015980034800004237,0.014445767642345939,0.010445513537187553,0.013960260989017469,0.7034750433661917,0.023062303733878933,0.007913966564611168,0.00698877622613199,0.011816049132232978,0.014774755626552553
742,0.02640621904991904,0.2782075164639187,0.021494515465548796,0.008820315697932896,0.01734956219209351,0.011322235812604192,0.006568485595667274,0.040337720277899364,0.009439029976281975,0.011548535025193325,0.0111904121909041,0.008899471487239857,0.0038672839028286395,0.008242932259065642,0.002762256660270109,0.0026760951502224537,0.013777091451132019,0.5019011488423502,0.008006740155863737,0.007182432343064179
743,0.07180116073702408,0.06016104667074051,0.0090817123890042,0.009930641249977522,0.015746707685450795,0.012054396649563379,0.0844764213947855,0.022963904822778918,0.009768686053959703,0.02573764651415163,0.06787286626085166,0.01596844805253252,0.032171128411132684,0.047255841557754974,0.005931354470142878,0.422295011655919,0.03630318711197484,0.00589535925678951,0.010645893953005752,0.03393858510245988
744,0.009334589331989359,0.018381606932162193,0.01775544942613795,0.017465913010731804,0.014243225482113703,0.009357614842095909,0.014123455595656316,0.01651572486067588,0.01756702085143235,0.05247748654500809,0.014990111197950235,0.0180175924830475,0.5764776513349236,0.08512967099874584,0.010285082796881964,0.04422110333925783,0.023287360815697055,0.009040629673327397,0.01567332294721594,0.015655387534949213
745,0.013517276344239744,0.024593430265274708,0.02496687757499667,0.040446923227061476,0.017133300785241636,0.5680208442787246,0.018507373830222034,0.020480965362184907,0.015536585880572508,0.009556849675540236,0.017190614433800187,0.018420126771110778,0.007339603938039113,0.013749341236521597,0.07754539949738824,0.022308620223560633,0.025078842004808862,0.016580536432064395,0.028190143831929037,0.020836344406718634
746,0.06663004152400857,0.11600250557214287,0.0035896037417399063,0.010537971937786083,0.08271382479825846,0.023738552256041785,0.07832395152707938,0.04820647314601406,0.028015226306342914,0.04200786645012195,0.056871647456261464,0.08484888197510775,0.005860960407638958,0.022117693274706765,0.07680264709809076,0.0914902256531236,0.024230101100672734,0.04700960260116215,0.034979262618733964,0.05602296055496586
747,0.008302666339659643,0.008052882973529081,0.012024209294812849,0.02658368439331978,0.01068518346721239,0.3726954714709625,0.07235830038018577,0.03891116831171896,0.01749555909657713,0.02068809746357039,0.04799564800178175,0.15904597284511615,0.007460356889307222,0.08167756026866504,0.01923906060916229,0.01958028350469062,0.03606811324682643,0.025105661173024017,0.006964760421122214,0.009065359848755804
748,0.005803847305813552,0.011925536557909589,0.017066966960398746,0.009708953224016317,0.11898778754671589,0.010675703980528278,0.018151848464286968,0.045012044864540635,0.010853045792222751,0.04621198448039591,0.03067528872280152,0.015079651707938726,0.004011577890039667,0.017629661622072208,0.02273732059102211,0.008378208382552549,0.0048075217831922935,0.01767617455593166,0.44207139176122956,0.14253548380639106
749,0.0923805899789708,0.05424672915684798,0.007769017537887567,0.019574636590650996,0.010670158807146356,0.06319898148528375,0.032548629301258944,0.02663633820559773,0.12302598882034536,0.03534269860002116,0.049319925216004194,0.07110776701356136,0.03048668799518076,0.09634037524330848,0.10372687083355862,0.0833484192045698,0.05322980892350352,0.02565622394195675,0.008608533862993666,0.012781619281352208
750,0.0365255298712205,0.06206775947332121,0.014404658258739189,0.007825971006375118,0.014766943302839258,0.01090258151320682,0.06382791798717882,0.1340083358584936,0.02834200369075081,0.0828982037323495,0.07368472032212016,0.0655703303238925,0.004699987597142932,0.03225534844098177,0.009097781620589086,0.03313901438619365,0.13255922360417852,0.1558238376690347,0.029033973661556727,0.00856587767983513
751,0.051355198651673296,0.02739849610677231,0.02498757219717061,0.023441193606267036,0.03975988880338373,0.032871532804296895,0.09297308821325052,0.033551148788709344,0.105099681954177,0.05630582608954621,0.08008612100207523,0.022132832361753715,0.021440383526502776,0.024699181625063977,0.11608571383884485,0.04382492950596837,0.07058621879093828,0.06623704449603718,0.019283620732241494,0.047880326905327224
752,0.07972363796643599,0.005856756121144699,0.1489293503381264,0.15225271090396533,0.01800920367195048,0.034493531977319476,0.0453532248937347,0.011302056825561185,0.02269186725673988,0.005677091974644857,0.03961146016922291,0.024057706733040363,0.02008404920610769,0.0819728509191127,0.0018614090808631884,0.06928713807812599,0.06451331014280166,0.026591324604416555,0.009874203769926995,0.13785711536675896
753,0.06221351134212757,0.06978716213902775,0.01483911129531497,0.011815585028950073,0.012081613753694147,0.005665998305294036,0.013372990900361032,0.02693208431272269,0.012956540507556189,0.015212696191796176,0.033367894616166134,0.09108920744413158,0.10569347786707482,0.018729266079393517,0.006582674327443621,0.09302280597019606,0.2583679072195803,0.11704553203934488,0.011607253816249205,0.019616686843575214
754,0.3191391195377091,0.07309063397262598,0.025015152662093337,0.014591979403848947,0.014161194751157522,0.1505959025434356,0.01093056293049688,0.01440192895067847,0.017341679043861007,0.006073123032114621,0.014285688649860644,0.016435961239505647,0.008421452968785605,0.013590332539279479,0.005507001317059943,0.21858648864856245,0.020705645845237,0.024625450384865372,0.014549130680376637,0.017951570898445703
755,0.12363567268975968,0.19338585596277416,0.008894328444393975,0.00647954214514309,0.008849086954273186,0.2744315351854421,0.00903182648618162,0.007594986875289607,0.00668166091577497,0.004207505152381188,0.027820889504615726,0.007854593084376643,0.010892258271519947,0.005738553108042496,0.014970172230725984,0.1142640063917506,0.12746201795792564,0.02599222601618849,0.006690378589106011,0.015122904034334852
756,0.028861299504844812,0.09875889343159179,0.012121242907622802,0.011998396809199214,0.029311526565516208,0.018859100961769612,0.05384195646576312,0.036316347379156864,0.011781933129938547,0.23770994352149724,0.13036228444162676,0.0345034391136246,0.027194443172947103,0.035267267992572286,0.008264461459886496,0.037048505930246285,0.023405854863394037,0.09341536958256598,0.01106679769017574,0.0599109350760605
757,0.40275143357150717,0.0144567267050631,0.013912431758369233,0.027950120806798758,0.011898759340134846,0.22977806816340163,0.010401849973344646,0.01904148635829117,0.018541827131258373,0.005615245341976299,0.014222292652628513,0.017775110524890902,0.0041793299359449655,0.01469390309049242,0.004378487337834137,0.10882501961756898,0.030346427511538526,0.024199444451565476,0.011913780860048092,0.015118254867342765
758,0.006855386453070046,0.013918569030421823,0.015797836394802547,0.054681977169207474,0.0171381783738386,0.01365038885482566,0.011413762911739978,0.060188262976392654,0.605338737771839,0.005621605543467884,0.014442234272688903,0.028304605481024078,0.005647050955267875,0.03486421632367183,0.05507511705018991,0.005418709828404224,0.019240731356578476,0.008253715180393415,0.01094140165653361,0.01320751241564201
759,0.03521676248910602,0.026627147778852316,0.012543135420927496,0.015629920010164416,0.010545508646582645,0.010688015544564736,0.009650114188193778,0.01243484579700939,0.016985497413262083,0.06328391604150095,0.012672683783783825,0.07413602050335759,0.051515514588274434,0.015620165223757634,0.0048949616322477305,0.5275926966647865,0.06947753690795762,0.007340585481897644,0.013147356323656432,0.009997615560116824
760,0.006627952302050179,0.061555141976852135,0.01714577152256429,0.014728415509580385,0.02871216779436896,0.006353119142783176,0.045349885757954865,0.009665465802161247,0.01346527511195937,0.004060282094168563,0.011618351408738485,0.015237318956649032,0.004031839132985784,0.011330826354552308,0.00590843301948809,0.016574358740597848,0.005689568333182592,0.007211886664954477,0.010651942830542674,0.7040819975438656
761,0.5032364860273272,0.009973926813283279,0.008175360005413976,0.042266240251060204,0.00912076599001428,0.2681163058902194,0.00862387593617054,0.012302353427852485,0.008099637070874624,0.0037323843646367544,0.007920952625103372,0.007534631560776262,0.005682802991531406,0.010570032748485258,0.0037027587768760834,0.024928792716954584,0.022716439274270403,0.02563307849195569,0.0093423818429844,0.008320793194209895
762,0.004249276830614917,0.03593649047836589,0.010782059322713826,0.019851003002679397,0.010760127465422195,0.0049223554623771286,0.22476408170371573,0.008773694203901195,0.031662867877557545,0.0640972161845686,0.013665428178454155,0.08080218653768155,0.012026509744780678,0.36520797077814676,0.06662290023906138,0.0033980653198561832,0.014959580227847427,0.0060451828728524505,0.013838495193046483,0.007634508376356573
763,0.006315947063812932,0.0441323455878856,0.012989444478940765,0.016486185225039505,0.024241086925698138,0.0065047584112399625,0.0899490684877452,0.046359179181695666,0.02015787011400318,0.030095613166358313,0.35289827191135,0.012012884615886073,0.005718991509378206,0.026351885620870107,0.01809356632105955,0.010016147987711587,0.03967642428294541,0.06793986446942579,0.008764980273136332,0.16129548436581773
764,0.011484628951441015,0.01921137807528778,0.023099780501277836,0.017780605043617486,0.020116424577238712,0.0270581704598082,0.015817884160672712,0.01870211529314593,0.02076577120427625,0.015921457408620217,0.017083175239905758,0.021907129453341546,0.008541337897367428,0.016407258890833543,0.05906205810835027,0.014509341361677634,0.01151279667101949,0.008566453421310847,0.6324455462574501,0.02000668702335733
765,0.024478998593310885,0.015247823108530316,0.006565255057576076,0.007379192497044759,0.01988512620345992,0.002261857323393346,0.0866995303638965,0.017921943266557275,0.09000571596866914,0.07758345675091873,0.15867431243638586,0.03540765384965346,0.00376725894625043,0.26053092972268405,0.026485316758919474,0.04918727272142686,0.05824024573232243,0.019096467023489046,0.011016691967432017,0.029564951708079473
766,0.004800605658551467,0.04897709810209882,0.007094091416069037,0.008079936286521025,0.014245948494820491,0.003735271580705848,0.035864584326008524,0.11773696043923813,0.010535668403005969,0.393178945874242,0.16541266001589225,0.006921442511086963,0.015916532798196825,0.008509742557348524,0.011738603681156807,0.002480440053637707,0.024501438752905957,0.10623111631601041,0.006627190213385793,0.0074117225191174625
767,0.001974618342131814,0.011895376883468978,0.005424244342534267,0.00447452669819506,0.2745918431713721,0.0019061808840140256,0.0798152726677231,0.06534472258748067,0.006046614744619494,0.11944353785131938,0.3369452258171612,0.016663748091327837,0.016097277834979582,0.0035475023944071976,0.006818525767196302,0.0018002403052990543,0.0023668330706424026,0.010101380184946097,0.0035754971197636473,0.03116683124141777
768,0.012512382878517464,0.050548523557364576,0.03157849052877266,0.018997072941340093,0.030036278436060215,0.012964969421016112,0.046030859981580234,0.03190911990644733,0.01640491467581924,0.012090507479513854,0.018317698236203796,0.024099163734681628,0.005202653414817344,0.01816499965366251,0.010613946600614354,0.014399160967167599,0.014070107344013838,0.011163662646870416,0.02020104901656056,0.6006944385789762
769,0.0056172890606951366,0.03695823877167614,0.011134879390179342,0.01650004547129985,0.6758957317766195,0.007589099603019354,0.008179460661688322,0.021222712624404564,0.011768190238867748,0.04189717168359727,0.010857221655902393,0.010036795318611591,0.0064268364004898835,0.010951443104999953,0.004710845108399727,0.05516317899181322,0.0044990438035584016,0.017243789429408348,0.012501297994615695,0.03084672891015348
770,0.04873206239986708,0.015174110619862643,0.02067909514597518,0.017471781531352596,0.013800092881758673,0.014611715888914628,0.6557123751891704,0.011388295854395923,0.01006287983881706,0.011245321653556175,0.01260588491604727,0.023130279652158955,0.005523531190946185,0.016985118154208487,0.02732561666962519,0.041680237579130336,0.004437648750632832,0.009157590163840098,0.0158778068475378,0.024398555072202562
771,0.007321880004468449,0.015833895011726763,0.010906379893601941,0.013098609829002425,0.013672041966562893,0.039456647228543244,0.022848643353596442,0.03938720543097926,0.14306308806227563,0.005169250515095122,0.015864481668405126,0.010692723670961293,0.007349890823987946,0.014019110292739024,0.5697980953376582,0.03445699568776713,0.0077798835757712384,0.007561046061711985,0.011233587129092573,0.01048654445605323
772,0.009285037783436744,0.015758260845024092,0.01715278842102304,0.01605927900873613,0.017330867888464288,0.043372003620979864,0.014930976969729884,0.034228020581893774,0.032936065240348866,0.0066124334596109535,0.015846347592465334,0.016342867094144512,0.006393274848058802,0.013751342190116594,0.6385642034423342,0.042244943588437604,0.010306060595705087,0.01245904909337802,0.019688606571729227,0.016737571164382996
