site,A,C,D,E,F,G,H,I,K,L,M,N,P,Q,R,S,T,V,W,Y
677,0.23583194769942595,0.006075010838021817,0.0040540949158310545,0.0038930346154079786,0.005788242928646045,0.451694000070234,0.005700668912158524,0.005168252823091868,0.005472595949089377,0.001661113570548544,0.004358481411267416,0.005204496256319135,0.002747524593154533,0.0050317754855296526,0.0019016858175958723,0.22229081685798172,0.018906049015924752,0.0047709233704468215,0.003764962356321283,0.00568432251300379
678,0.045705774141462464,0.09080712914020812,0.12082872742239063,0.07371996817096677,0.03728880868761065,0.11745991292820927,0.04535647304165077,0.01337493575011301,0.019146668050274467,0.01244482762979012,0.03754631861844301,0.12309910217907694,0.000609742345158256,0.036990856905955154,0.017219351767738797,0.06898466543443736,0.06066590999994542,0.024869428530354384,0.013335506708540945,0.04054589254767353
679,0.5139783577883187,0.008649126652971085,0.007991672274005856,0.009607920617854012,0.016425134072609284,0.003110926887407937,0.016650725508304393,0.02012137111377867,0.015225469175572959,0.004754490806978134,0.014197666116503194,0.01781355845444803,0.008419127105924582,0.015383264488064223,0.003939207619618547,0.27601984436654053,0.0031722775974022976,0.019800591382939995,0.009559243950436854,0.015180024020320856
680,0.0043475239311733995,0.007330316452664849,0.00969786073944128,0.009788217748780111,0.05503276840965576,0.0029106136444097454,0.019630356327628978,0.3667165577748272,0.012363939963019613,0.3813054944241516,0.011550741946122331,0.009115660892519119,0.012465275546780502,0.009608974922469262,0.002445146916755191,0.0024768845282084413,0.005440995995937797,0.061066351310055646,0.007883977884304389,0.008822340641094746
681,0.04899078161791382,0.043199183864566885,0.0021076040760386315,0.0017241492020406719,0.0408739024810701,0.01646487994818721,0.08826687517142873,0.02393617877107272,0.06710281482323634,0.018667835544110858,0.025372770559688746,0.07536536697611927,0.0010186715381805655,0.08596137048909817,0.0977067556237185,0.057569364817966116,0.09927112892349303,0.04899971510955817,0.07304987297182904,0.08435077749068237
682,0.004630659124789285,0.005315332201591142,0.006657767656665772,0.01039858890009193,0.7532450456184145,0.0032906296103835248,0.013019494448200206,0.028959467064346697,0.012367921910691115,0.024498563122907976,0.012339085468114927,0.009692034237078867,0.008485631187252736,0.014994393325515096,0.003189205978265917,0.04553257067142861,0.0048524419147050815,0.0028996295453448313,0.016278690237142363,0.019352847777069443
683,0.004407832207720641,0.007172553364351472,0.011571645678162773,0.00746450249701033,0.007053147437904718,0.0028657948960933385,0.015008296460922027,0.22746006241863706,0.010393774486533822,0.5755191429709235,0.04551479029997565,0.01485147000911504,0.007877180439702244,0.009887530934209273,0.0028553051348755507,0.023106571974268672,0.006891416523411739,0.0028708872504708805,0.007246176238686633,0.009981918777024536
684,0.005807503811125364,0.01266154398005674,0.13482642760872113,0.010701038063628524,0.017452209197087478,0.004042857569267346,0.03848799990873627,0.018783475877890334,0.0215707890280331,0.004188430553351233,0.010958039358677549,0.6069452835994414,0.007028125959473966,0.012245390755610519,0.004456974641650425,0.021224128636383104,0.02564645541201367,0.004326772912474904,0.008478954539787023,0.030167598586589916
685,0.005181654401341197,0.010115824136777191,0.6857912046372187,0.013326117094266435,0.011742097738334673,0.04145098922667658,0.014388275798774296,0.01405694002924758,0.013421023791100961,0.004260413082218664,0.009466544828208358,0.0609202407496983,0.007353778825754162,0.013557098384005137,0.0039418465882789895,0.004193088954945656,0.006370359616677681,0.00955766257713155,0.009204524719829089,0.06170031481951486
686,0.010437784555448708,0.014910562634232877,0.019618580002436076,0.01307505289687566,0.017450633304574126,0.004260777456354358,0.02386723891138948,0.010194480280067713,0.01718828107497929,0.011275486491460533,0.7194864759706275,0.01973305636405111,0.010942902477702174,0.015001866936695021,0.019424129317036246,0.005935907134375328,0.014366413450473778,0.022875594341117616,0.009272045079705131,0.020682731320397153
687,0.06008355368397681,0.013430652068692395,0.013507464739573233,0.025714696917553712,0.017918903465473965,0.6853391028960125,0.019859240799261747,0.020397997724475453,0.01639842013268913,0.004663366129505116,0.01808832494907704,0.02397626506954317,0.00750089889331806,0.01584369769629211,0.003091145303302253,0.01280574749611999,0.008615030883254703,0.006428326397188481,0.009096076224579282,0.017241088530110818
688,0.006224752022173526,0.011919536874783662,0.013499371326455031,0.004597772180314504,0.018137877145541884,0.003562189868127586,0.016326610446468336,0.13303779294492882,0.6145667362420145,0.0040998676320689875,0.013390283568913681,0.057894049819313835,0.008378786855691515,0.01663652281534631,0.03262747739885583,0.005581831959635347,0.00790796114862675,0.0053041210408701425,0.008029391644691906,0.018277067065177833
689,0.016811355878542003,0.02125437245895936,0.0026465598896434797,0.001864206792457664,0.0023512214590804166,0.0005238399685185365,0.0038363743898484196,0.036284265538345184,0.0027384019611555632,0.0369011940605802,0.0024432561917071636,0.0034960863764508295,0.0014943311618682085,0.0031017800680016978,0.0006803990370253772,0.01929302496050137,0.6967725650868134,0.1430182038793026,0.0018196445421102367,0.0026689162990883547
690,0.00808137525488528,0.01640678016319459,0.018593071244059223,0.01658341030210855,0.01909197714439074,0.028403887850361003,0.030425094734143465,0.023772218203347437,0.007820204028989274,0.005855929205092124,0.01217969517232322,0.026585380287306445,0.01129716313932356,0.024276585020486147,0.6762763304488085,0.005233199129858861,0.022224750999990172,0.006018128706439577,0.018499359150642675,0.022375459814249085
691,0.005951713990855039,0.013862175060237639,0.0152836146306709,0.04696050717097302,0.014773982720741827,0.0033436176315755294,0.015783216817588718,0.0309102798698313,0.5745119930293875,0.004343333588880754,0.010778960486129805,0.019209536515973704,0.006666989458193828,0.01443042146503061,0.1817293228328926,0.0051565211274192954,0.008481923495833876,0.004423139987032805,0.00683221442366288,0.016566535697088238
692,0.055480991348088225,0.004693616484719808,0.26952814868836306,0.09520984280833882,0.028468633568657958,0.19195668558866982,0.05708960597538287,0.006417346338621792,0.006771185663852636,0.003188866538344001,0.011143109773853585,0.1459479242479157,0.0037642470683343734,0.00836448615415151,0.0014983381098919908,0.029478376219022617,0.009311393542538349,0.0016730236845812294,0.061454428713004015,0.008559749483667766
693,0.022647980546024866,0.1397434040801697,0.0022142876141136177,0.005813637769354781,0.002599883545713193,0.0005905755380741677,0.07168121262678616,0.11245508717029569,0.011965274555754793,0.11874179124687716,0.03193892950189808,0.013856371493213471,0.0030389427808345053,0.062083458151374595,0.008030479520296578,0.020190945087366467,0.07571071791202506,0.29230854932728684,0.0018128411534454464,0.0025756303790947935
694,0.09055608304900147,0.023911026680555416,0.10512334054746175,0.13391767835195403,0.0071992734588668195,0.2342250492206003,0.021527237618963708,0.00763331516457471,0.0033430719324410215,0.049892108706837156,0.060553345335105035,0.029529283946213226,0.06472681045599621,0.14246266826670265,0.00043624470137653245,0.007141949603888333,0.0037574196411586636,0.003610345056656378,0.0031856334805753068,0.007268114781071197
695,0.00621625305207892,0.020061347207860503,0.015327804802559209,0.6506837396677523,0.03496952052807472,0.0466809435418071,0.030588889523530564,0.032759689248306,0.007248721745858254,0.00488753920531828,0.014863544947140386,0.03250218837223957,0.009741932924848882,0.015452825410226972,0.005221893508887638,0.006865736082576731,0.009373255948585074,0.017585341829651022,0.010216855952897735,0.02875197649980023
696,0.006206805044988464,0.031183690891765262,0.015132655424590524,0.009714017701920813,0.015752540610314555,0.0028244548358763583,0.025710960827443608,0.022371235594122862,0.018119757478175656,0.013068720023124251,0.014022918826995669,0.028827092488213694,0.009896620512239709,0.016484499269475802,0.11932794754569902,0.0064413497521005865,0.010244994898660457,0.005258057041894435,0.6125991099710382,0.01681257126136008
697,0.12747500127310651,0.05381627534948727,0.053231621955714736,0.04971315448497749,0.05333171108881348,0.07198945016203664,0.09279053433448962,0.007785222733145577,0.022771985554761745,0.03047518061859572,0.052551766341037164,0.04022414139988247,0.0007222086218011619,0.08396415208009449,0.010668480725632793,0.12496021003972718,0.05267824659161987,0.012343118745482383,0.02087913690425483,0.037628400995338845
698,0.1828449987435583,0.01300822842037338,0.05874300228474086,0.19803637527942,0.006773192361825332,0.011959210821156183,0.004922457265722868,0.007736658691792045,0.009934893850249808,0.004629456886950985,0.00884756580065572,0.008723508312501469,0.3405261754533557,0.03246940215906326,0.001619842512067297,0.09346441272103866,0.0027386481826391132,0.003224344209008146,0.004272625943589218,0.005525000100291712
699,0.019217872989690587,0.014338079073069457,0.01541903943643849,0.007667627199167106,0.019318122733951597,0.004878432840822927,0.02469225525239466,0.03290812622024164,0.014627655243120883,0.023087366800093045,0.014429011143801995,0.025435723734080925,0.05093490952952102,0.018000690063444746,0.004138308772367653,0.6338001397107959,0.04110998683087532,0.0054327056746195646,0.013175928058774593,0.017388018692728085
700,0.050241371390391976,0.04991893659416474,0.00245671422471166,0.0036923932694307767,0.045776227833224124,0.006550235510618937,0.04616046231013537,0.07654981949901123,0.05613016713856447,0.06049063367592977,0.10062713460427804,0.06221223920415237,0.07950614795549281,0.08924818057347317,0.018408088033333422,0.021168940288259403,0.08187419564802144,0.10202399386821272,0.01445196166867412,0.03251215670991942
701,0.008651386811096532,0.017499350586802458,0.022929465335532695,0.005553874829455419,0.019819357171334928,0.7056529789286538,0.022009729214988737,0.022766047473200744,0.018427794241473786,0.006338972856292664,0.01591622107116647,0.019855042871364293,0.013256883856887622,0.02048138474702248,0.0034507323576675997,0.006807074117519453,0.01063846326908459,0.0247541486813028,0.013250855753884063,0.021940235825268908
702,0.0017393948543002592,0.01821579939391831,0.003768786505584633,0.003311553471136245,0.1402341949111237,0.001888434789858423,0.12120256514463233,0.10229731964445148,0.004652954988888808,0.05046623422238902,0.05712750928178272,0.004504545116272304,0.0019405980716682807,0.006485028859769182,0.003716167509991823,0.0013082342102031677,0.007765536639955393,0.03941452159201566,0.1522504215813666,0.2777101992106916
703,0.06239938502737883,0.04001925670240436,0.10767857910044565,0.09417352771180139,0.03592862134114028,0.030996643631017246,0.10627160403557473,0.0448110532942376,0.002522992948028328,0.05608665948464442,0.055285419808867454,0.04475629725500905,0.008996521576615206,0.06108065992214796,0.016837868962687897,0.04887449822484042,0.049436689292025306,0.04589835415300719,0.014700363508602791,0.0732450040195239
704,0.022094339163350532,0.06896543362355285,0.0660504599396036,0.0143684802372556,0.011773242859941552,0.0014836211892922963,0.04737028945515348,0.008501382939469596,0.01269083401173475,0.0022513102548936113,0.00462132996567828,0.3297728071101853,0.004333847787930543,0.03828507623449157,0.004802610140696162,0.29497039081371706,0.03801089366846141,0.002507181466721523,0.011627670999421432,0.015518798138448925
705,0.0064894763047445006,0.015306534079094339,0.016107518656998745,0.008766329834005085,0.01515311908253657,0.003648652231151307,0.02814492211780963,0.01807316955712929,0.014600884036602082,0.004220147716398382,0.01108631087699079,0.026576945163978793,0.011281661176565821,0.014704971698076578,0.00278981559390592,0.0047777827035281875,0.010573478237803566,0.004717290131863197,0.7654318783505222,0.01754911245029515
706,0.006658350686773344,0.022474664261108588,0.09285197351868345,0.5495118194951839,0.022659654374879854,0.021927841422644128,0.033979445222181916,0.026057044376320185,0.025811570883080653,0.007085863646869046,0.016507028563393204,0.02633341903462624,0.011266019321703567,0.0468141284211605,0.0053618576551042576,0.006868479360845499,0.02153312227621203,0.006699609384671211,0.01432717840675161,0.03527092968780674
707,0.0051550943091818536,0.01761254339302178,0.34089044019249687,0.3178066512623669,0.0182236068792563,0.06676104180431522,0.02251426021967724,0.01650895012823522,0.02402074451379234,0.004649642633850426,0.01578203876315962,0.05044984891773987,0.006413257860270256,0.04173384403105665,0.004125230992102347,0.008804384115179182,0.007399980710072238,0.00598547263805595,0.007239916438262433,0.01792305019790749
708,0.11263428436436125,0.010972372726426037,0.035722298049582796,0.013488496374827158,0.015035721490632594,0.0031772457459229198,0.02234197638320957,0.10922873363657985,0.02147421301497844,0.01234126304873368,0.01956778224433703,0.015324205230972455,0.008870119478009768,0.029377472242690026,0.006214646550338218,0.004831587887724696,0.008806504243830572,0.5250722542335892,0.011860086267632361,0.01365873678562137
709,0.0134275693175026,0.024600856479572955,0.017331942003517613,0.04034151524096519,0.02889961408277821,0.0032272758866497275,0.039273101348049747,0.027327692272139607,0.00963889795364247,0.00834366503683156,0.04775338115615912,0.037153759517171626,0.49786786442655545,0.04125853690119595,0.002618669614717429,0.03215328421206374,0.040341879571232746,0.017398642780100382,0.007713943355197085,0.06332790884395673
710,0.005434556076603606,0.022538440657963,0.012004848522693061,0.009242360869617073,0.5472756946016668,0.0027521718652634246,0.022948087123524284,0.036842218444737285,0.016821281746337492,0.0696405879250453,0.016887174776519756,0.021904986111472197,0.009791884892800565,0.016464953637812557,0.004530906291108003,0.11807042634673459,0.008475994112109373,0.021495263852599023,0.020596673747192595,0.01628148839820002
711,0.007273846034955032,0.5757567049715698,0.031829884198367665,0.013254254041018113,0.02668592221629716,0.003231429132640025,0.029363690118455976,0.04320486549484176,0.021573425923690454,0.007029910111636408,0.020687836092388962,0.04943013643419445,0.009193159105837309,0.02722052341459399,0.05660881822099945,0.017705879938627808,0.014332659460552231,0.00763960498646681,0.007804524288024763,0.030172925814841683
712,0.008505908606361905,0.01977044437776528,0.017984587776084235,0.01197073311889787,0.08727555275462291,0.006433203499948188,0.01803550332646703,0.028812838044578366,0.023731964944433127,0.009375465052715795,0.025672537827770164,0.023243472170187424,0.02677358266011166,0.019741280983240562,0.005365023898345113,0.5953524609934965,0.008681047361658409,0.0076914474947225595,0.01614493336309981,0.039438011745493114
713,0.00532608037042423,0.015082390765178493,0.017567406811293276,0.009668235247137601,0.024301493334276596,0.002780564991489628,0.4615126661162477,0.026912860052738945,0.0109521025301595,0.011622730878029211,0.015449863641127298,0.1870070535709513,0.00913758672588,0.009309781181674281,0.03681619095915014,0.00517888648900813,0.00930923271910544,0.005873185903371021,0.008253438481034558,0.12793824923172267
714,0.010647446802717389,0.02172054067445914,0.027281439998004465,0.01793765880005435,0.03747853244731784,0.007199569645737299,0.5088630766701471,0.03273526111766291,0.021580651931551727,0.007745963398445066,0.0228020993098169,0.052458360938587134,0.006605054649053893,0.02288210291943218,0.029025929096141146,0.012890878812448188,0.0216568142565754,0.0107213166877886,0.022819030330181084,0.10494827151387816
715,0.00436129861802204,0.01684288317784408,0.01344755707375219,0.010403745318859898,0.39022489258993737,0.0025979208459284225,0.019643373664896352,0.013544164991213983,0.017496007802727736,0.038977765294520156,0.014806827495244772,0.01818128050829691,0.005768805983467976,0.01565284808374855,0.0034148006053937433,0.0719793098997107,0.008599510002728579,0.003669103005071395,0.24636158708850764,0.08402631795012762
716,0.06803875338071008,0.042813813238826964,0.07150933351258952,0.01958817348894049,0.007615713124769277,0.009271671884661251,0.31632835785841174,0.019668329837829207,0.009938384535532514,0.003146841858523439,0.010475735216003694,0.24757645979176557,0.0035483173664520827,0.056898553544082076,0.0026229318003243053,0.03138130849258513,0.03731053159086965,0.024857770533112805,0.006511605686321271,0.010897413257688969
717,0.005877175656372711,0.007470670111435717,0.007552214243286883,0.05321042722041439,0.010252124025401098,0.001454764935193539,0.019269937713214478,0.02074156373461766,0.37465304129501575,0.07440074635354256,0.05412519512923425,0.010874906134573531,0.004117119757254168,0.09455834847552647,0.21010565137756076,0.0034354022400987505,0.024084401126550286,0.008052676852492096,0.0039709800587917,0.011792653559423156
718,0.01108830934481539,0.0789492226260156,0.008676748284432155,0.005157020131898791,0.011744294007625436,0.001734987556546275,0.006026064891719009,0.19804459415028183,0.005910100683451938,0.29333739881415605,0.10217225291447035,0.008700662162585422,0.027050219929085545,0.004888610513101014,0.006516074371545784,0.0025052491107022696,0.003481782089717309,0.2101965793083028,0.004996083533942611,0.008823745575604528
719,0.006057069384799105,0.03789269830380617,0.01698372852528861,0.010545145016163208,0.18171360459596253,0.003277142327902037,0.07186350356494262,0.0176013976402163,0.01480067467596135,0.004538834312647633,0.014866671325047464,0.015632288322728307,0.007110400905481182,0.012073920651775719,0.0038772181203821587,0.006775683570618019,0.007877847634254696,0.006941465163969142,0.21431887747912545,0.3452518284789283
720,0.005926904405284213,0.014662538128184842,0.013285950903993439,0.013967795945111492,0.05501124317393402,0.005143553797527296,0.024179017819722246,0.11243148221610583,0.024725650348908498,0.30412698356247264,0.2871856647866158,0.017191568038259275,0.04661342167336322,0.014621989512716621,0.007654379080271172,0.004395210616661062,0.006810198141625724,0.007042660643994343,0.014319510994835962,0.020704276210412306
721,0.009651233141206668,0.020789767960935516,0.03021493602235813,0.15845275082353147,0.03265667396949862,0.007833871803259132,0.07192502947076274,0.04354416540393247,0.4174792542453651,0.008503427244033706,0.017581248895091554,0.01996771619255664,0.010887191930647524,0.028150955575736575,0.03276845816454857,0.02142297516885927,0.012775232295234466,0.009216058566445693,0.019412357326106144,0.026766695799890036
722,0.024849398252804245,0.0342074088380451,0.5203711198239861,0.03408996623444501,0.030898419598307646,0.045139492455618414,0.028070298434047736,0.031561173856924245,0.02799810087291509,0.010972070649626735,0.040988933923298464,0.020075833162325887,0.011645084355412354,0.03019560357893301,0.007585457408302184,0.008848184954463946,0.01457046387326999,0.011728310405501286,0.020088531989272098,0.046116147332500496
723,0.009825664011262595,0.01523596652502631,0.015736278760418637,0.01972627140785818,0.02060026148649195,0.6133507119965146,0.05332346231928579,0.018243681102796103,0.029699388367971622,0.010409923146222655,0.028757216853783324,0.01610224929529218,0.014701385256222547,0.03718395809681132,0.004301157105030075,0.0055820830001290555,0.011881558582550737,0.0095098516358862,0.0493176969339823,0.01651123411646399
724,0.007663985155469031,0.01767652359688413,0.020483602174266032,0.015380832222385149,0.03150963599125784,0.0312858558140657,0.014598333179487341,0.03436176013396419,0.02176734143906842,0.006767048551714217,0.018424292549656208,0.020922030185061422,0.006375229112980145,0.02102246327075581,0.6717066867171101,0.0056633998223548955,0.008983563554981554,0.009039535940919682,0.014838178473199392,0.021529702114418767
725,0.08149748836149139,0.07417797009078016,0.01805362277153767,0.03703618284948717,0.075972110091857,0.049413582824566406,0.06701996984292669,0.0043924581673755484,0.020622912198628964,0.0014246811927481784,0.011984241561724432,0.07368197289678106,0.043953070189025806,0.019779501729798903,0.011697663571024433,0.1346657426599154,0.04343373502940084,0.016297758560939846,0.11378759591517014,0.10110773949481988
726,0.0033732910592145088,0.009773261170696636,0.010043093361240799,0.008262834275898105,0.007139699849162548,0.003277633725609614,0.007350934138206865,0.24698819134842628,0.016061764600156497,0.27072706486595327,0.17999798106908213,0.019176057727357736,0.0025952110546879365,0.007677805270113466,0.002892490732294122,0.0026946578789450067,0.019923757244305142,0.16516930873974697,0.008903992576342475,0.007970969312559877
727,0.08747724589064243,0.041516000921278176,0.011697722263120125,0.011318720825060177,0.018874848055695826,0.008129475471321979,0.01522159620285894,0.16375652162164012,0.015432326052946121,0.00853650542659538,0.02233284551040629,0.021230657034738854,0.004551754021314151,0.01069860420455245,0.004256765002389087,0.004753813592508421,0.08374916018559754,0.44031219315940967,0.010311815811760966,0.01584142874616321
728,0.14789275447269304,0.027952552515561686,0.01934603526818286,0.017272800352047965,0.015185319944577622,0.003991861190893688,0.013696177418224686,0.04100409990629713,0.026259738596757096,0.005948744085091265,0.03317443995884425,0.016084851413333576,0.005350049092310272,0.027289901679538264,0.010187618913956774,0.005517780351504507,0.008542918820140783,0.5281156428375762,0.02904900259862638,0.018137710583841882
729,0.014858156999781718,0.024848981386624197,0.028805838599158713,0.020402788241639398,0.03732357736698317,0.009640373982683779,0.017037066927310638,0.025302127139539107,0.022208805861036195,0.009262136301588087,0.022300633762620325,0.025856116202301643,0.6454513202768322,0.0156781194803365,0.005887364289700138,0.004147062402733169,0.009118554588504598,0.010386743599171546,0.02533496067362177,0.026149271917833092
730,0.006658955714841413,0.4907911891071091,0.020205926033542414,0.0207345921943179,0.030255272350419648,0.004825146307438293,0.015616370193049805,0.01875751981625273,0.023260753014137603,0.007068491892509618,0.020567272266443882,0.018366552109050877,0.007603848127461334,0.022149600718522025,0.1308685502835997,0.004591645311191037,0.013725591313850892,0.007322083501302431,0.01970439225059066,0.11692624749436842
731,0.00687087102311718,0.0036228331007307304,0.06368229427499854,0.017306796845663868,0.02456555804510532,0.005133286155454358,0.0057722654473989525,0.02519599094574841,0.024740075053588828,0.009462275509742707,0.01884246328425186,0.061017767671755894,0.018826124895278892,0.020933825612503693,0.6038363152081551,0.015866089149488814,0.011478887470362535,0.006773586072210306,0.012614455356648431,0.0434582388777957
732,0.08090925037962927,0.02852331831106435,0.08769616581279967,0.07505575422242065,0.019902287602233885,0.07274897943923199,0.08733376896293345,0.004014143879171054,0.03441102245209162,0.026459963512410794,0.0414527369417839,0.06416666049830881,0.06198794837293483,0.1748804423346535,0.005766930001978606,0.04761254841449603,0.021543094572740357,0.0106124705532286,0.007926771190173666,0.04699574254571486
733,0.011749283688690569,0.031248431745290028,0.019083431525340446,0.15712681572698176,0.02224132759862126,0.00919025675822136,0.012349986426021775,0.021813021571869932,0.04482095287056956,0.008356616051404125,0.01593680923988872,0.021842272501313997,0.006797447926021238,0.4631891440837634,0.03218459332492812,0.06550672505601854,0.00958200929893862,0.00910805144753763,0.017108880760616004,0.02076394239796295
734,0.011618644065350592,0.013950861809678075,0.5933609303225785,0.13438704794511316,0.010444142234692236,0.10111748710672908,0.031064597100523547,0.011951888527489053,0.015068804240390463,0.003573792920157347,0.011966606659496821,0.006382458040484491,0.004304576565954438,0.010848860052691658,0.003985609770842402,0.004494200318499664,0.005585807297007782,0.00462052312344624,0.011791083886746108,0.009482078012128184
735,0.012849525275986035,0.016909136661914077,0.015602374506441058,0.6501977266943629,0.017035677404577246,0.0024932679897571373,0.013729307970591716,0.015184358813005708,0.10890356905010963,0.0077852167052297715,0.02339703873499217,0.016224536096730476,0.006892879264014117,0.02518429163059924,0.007408024053382899,0.005707016902972591,0.010580333767819963,0.005888934027949263,0.020360801778294236,0.017665982671269766
736,0.07099100796674061,0.3130133010133931,0.010308404370634546,0.008422933262267968,0.012114889774786489,0.002622585033836515,0.007086936564408056,0.0251393101042458,0.007509840541682554,0.27731342025802086,0.07396902173681856,0.010925501941938755,0.02361329614689134,0.0057796357384800314,0.01000880523842538,0.0026359211509124343,0.011236693231732438,0.11208452406472842,0.006330716275586699,0.008893255584469293
737,0.012534315838347215,0.023386240919644644,0.02724053269393195,0.035712757209004055,0.03765277766201552,0.0075319857605261305,0.03532382106650484,0.44416459367243766,0.022468924020040443,0.023508304187175994,0.025523661548296533,0.02713718935776162,0.011009616683951581,0.02500952973794043,0.007025875500275017,0.0128660205652026,0.03951596315888895,0.1295319454070659,0.023580498838987492,0.02927544617200147
738,0.0071805005023883,0.04873583064944029,0.03670271301699067,0.021907536885812453,0.029346573575468785,0.6085771352810595,0.02432272347181187,0.024519316057611765,0.022917428034225407,0.009047144893840765,0.028979482435810684,0.02362639962836952,0.01068315086006788,0.02646621847912815,0.006474143348774189,0.007134031277560174,0.011987687271322206,0.007638059374644579,0.016795438834621805,0.026958486121051145
739,0.017115686927345268,0.02471659881767389,0.04638879401409878,0.03430940802303723,0.04725811202846619,0.020908033290257606,0.022158305829045433,0.03998505200294542,0.028518533908154713,0.005646892572702404,0.03354817220772431,0.04639022688053357,0.005656040125085251,0.03891157366097712,0.4852035405324679,0.009645397323573892,0.011868058090362616,0.018168097763470902,0.019862926241050516,0.04374054976102706
740,0.5476017402373614,0.01507122381557259,0.029067476658875716,0.011410981670980586,0.022984074747780622,0.03456899291212599,0.018056727549968652,0.02940052535949782,0.02643650467509523,0.007759731139189698,0.021063642284086373,0.01904221310741394,0.0049015484812629405,0.01952938785713963,0.004880726840931851,0.11483418037421261,0.0040358681808467965,0.03969550831829662,0.013079845826297662,0.016579099963063334
741,0.0068148156357171474,0.042877683902724756,0.02045187968230182,0.01692144898949639,0.029019118476126992,0.004698407150506843,0.026183192807314324,0.028453675481437162,0.024625352440855886,0.0052023825521774906,0.0225499644558087,0.019909815055924342,0.005551320820686291,0.02002986927908253,0.6544161028907173,0.01624963464719756,0.009499821320278662,0.007929321417441591,0.01562873592601245,0.02298745706819184
742,0.020890636373772854,0.31407230177072015,0.008841621083161092,0.011509565601077234,0.014884377636995197,0.008053341029372498,0.007195967927601308,0.04285172579376852,0.01202144900786766,0.008121169360165166,0.016845810329765575,0.010526614804358833,0.004225994903666991,0.010199217599963258,0.002926332271952307,0.0029575352824918917,0.01039843540745271,0.4755502131509319,0.009557049936692727,0.008370640728222195
743,0.08285863209804191,0.08182235156242504,0.011513311989969128,0.012572039306405006,0.01227752165490372,0.008835649339622206,0.08944463560597098,0.016498597240713692,0.012955368676098025,0.005936840618056432,0.07212608025780048,0.01588114116505517,0.028753467537265834,0.04601633775773495,0.005103376546847163,0.4090186233725679,0.039750288382621006,0.004131402364181286,0.00971030279381672,0.03479403172990339
744,0.009158980977469054,0.026217100465155362,0.024607692947551524,0.025666816672666112,0.01931780986038387,0.010559815685713852,0.010017310610099063,0.02241817205027294,0.026220451431475795,0.05412552233508267,0.020227956477553877,0.02546127836254163,0.5026359232982847,0.0974228029198309,0.007704943974937689,0.047891088168874,0.01677856718012893,0.010334320955173048,0.021520052089377475,0.021713393537427562
745,0.008268238783983447,0.020708213447804533,0.04800221705489138,0.02278235491249411,0.02686216897004046,0.5220453620623444,0.02774858049633737,0.0237475288862304,0.022847098657946648,0.006802529753044635,0.025287557021543228,0.02918741608458952,0.008125098254213576,0.01959303043665274,0.09301095614427583,0.015218577968308592,0.017852230441533255,0.007539732673080169,0.02031551748733581,0.03405559046334996
746,0.06509399743542549,0.1271991718332146,0.002704613265325955,0.004888270398312343,0.0983244379482026,0.022688927770071574,0.07691931872944771,0.04986246977894127,0.024615742281854893,0.03866119575420519,0.054428311597118174,0.08689878756754645,0.004936562351456038,0.019339138865032007,0.07420910472575042,0.09095769865315624,0.024963417824076423,0.046741324602148415,0.03232991418841582,0.05423759443029843
747,0.005788881078046824,0.007237589859557588,0.009033536134257671,0.016253619226934055,0.010705945292594561,0.3728944942928485,0.07701401453166798,0.03515274307582723,0.014447687971557573,0.019061164706549606,0.04735023792027133,0.18662155381667275,0.005273392596279579,0.08917037338832036,0.011990018631470612,0.018412823344805606,0.03378427685091521,0.02258320731473852,0.00904952380178742,0.008174916164897105
748,0.004952216220339562,0.006372682370256798,0.013090102569375615,0.011743042524935613,0.1390579364954487,0.0066977619580328674,0.012323298541617156,0.04400054627893349,0.01496773719412347,0.05036304873255947,0.025278481152948857,0.011708951005351695,0.00479121318483811,0.013973804021026584,0.010733145585425942,0.0055465792986097535,0.0055650327691726675,0.01598657514625247,0.43605435565141554,0.1667934892993357
749,0.09245996294412666,0.05539210391389041,0.005416406309921931,0.01584536917489911,0.007379235506543343,0.06301806069188433,0.03038230526277617,0.02519060030598141,0.14539868848140067,0.03418947082983415,0.049742430920275145,0.07055554143179181,0.03043722775864648,0.09817407219099578,0.10280970514762877,0.0821686137200968,0.05189229298515641,0.02399327677165485,0.006371623540850957,0.009183012111644797
750,0.034111427397694835,0.060322312239304864,0.011575504717980967,0.006345254637720001,0.008851015863140575,0.008929484786663557,0.06263534778027768,0.12944683759110964,0.02309728987488908,0.08224183059858386,0.07156860196016097,0.06342590245165955,0.0030631303505034052,0.030028556148687106,0.007448507268347772,0.03178902792881156,0.15314999135815263,0.1808360430606271,0.024497946331671367,0.0066359876540134435
751,0.05053214345722262,0.02180146426349311,0.018835577368717233,0.020869972061383923,0.03647632967460774,0.03127040379195397,0.09588165265868519,0.029170635476653984,0.11728695517746157,0.05646464141816626,0.08449007733941716,0.019813370447185424,0.020744612647837824,0.02668455328301921,0.11597476948692376,0.042976414514066474,0.07161940414461766,0.06930355412766087,0.015214640634689358,0.05458882802623666
752,0.08060338422155237,0.006304506230408437,0.1633232654846106,0.14969771261609127,0.013814553836846816,0.037631043738770104,0.043099172268212325,0.009685820315681333,0.017622623008865395,0.0047373223823550725,0.03677364834073254,0.019905732177507397,0.018863786549887355,0.08445933552819179,0.002042293369542313,0.06813002028426639,0.06398840701634119,0.025582630186583716,0.006680346623274887,0.1470543958202787
753,0.0658820208933278,0.08102473956422673,0.018038488581787776,0.015469559355290511,0.014178091096458378,0.005950499199737949,0.012293998236389492,0.015635122060914854,0.01598881131961707,0.01081962392008743,0.043219647962003865,0.10519146501279479,0.09888751477203728,0.01453933542871722,0.005149597363697348,0.09252913220615595,0.23300789726199056,0.12442937742303244,0.013920341102462958,0.013844737239269536
754,0.2845028999544738,0.08275532032611016,0.012676038568204992,0.020853715629701786,0.01858876549238372,0.1649095655621401,0.013248694816595753,0.017820445754395797,0.02494729845819472,0.006581757624066976,0.017803878841914814,0.022089887660892187,0.004960186371783763,0.01798727765984004,0.006247937278894636,0.22094449680346787,0.00505071336053656,0.012627180827687491,0.019574409417341253,0.02582952959137357
755,0.12311017742776577,0.18548097938407004,0.011026606709480982,0.0071907159812087265,0.007196421063602794,0.29510773273314084,0.00751817026034812,0.008056046147700746,0.007398938852009283,0.0026936658428722213,0.023594755124871386,0.008869285494899846,0.008340873370124001,0.006694560593143835,0.010536634983233125,0.12410912470597511,0.1333576795782838,0.022824017250417033,0.004103445159734487,0.0027901693371178977
756,0.022622902411509244,0.11247185245951802,0.015248418389859021,0.014044048296776737,0.022039676606424793,0.014902844333963298,0.09401232825920473,0.0294594674501871,0.015937834648028764,0.21852438903192364,0.1474555506897148,0.026247545389111202,0.027114687925360537,0.026955423711249524,0.003018831480920371,0.03160419394949589,0.01709787992896179,0.09375931176486259,0.012624266434103942,0.054858546838824
757,0.3722721061256496,0.016697504034585125,0.018169740764309075,0.016390569105005647,0.016390933288432646,0.24287328910278913,0.013042567588518237,0.017682468330099656,0.02858967402142873,0.006077959666507835,0.019933626909185872,0.01691467759880046,0.003749211440147287,0.021315562907800244,0.0047685045804119,0.11078165382511419,0.02388604675525005,0.012237581563598532,0.014544889542822674,0.023681432849543164
758,0.007398886135067726,0.017760773331346697,0.01885145689402019,0.09049378907397664,0.023827525334596353,0.008896597246038659,0.013493186056371917,0.056772744962884585,0.5225963424560809,0.005758018102194264,0.01748007102478874,0.015647603613799837,0.005770429733715994,0.04972471125598992,0.09077653178972124,0.005649533579457761,0.011245619544235407,0.00929669376150593,0.012380879145087488,0.016178606959119827
759,0.0289560391309768,0.024813405726521954,0.014979300265939544,0.021084621405802955,0.011486713913995574,0.009044331542651048,0.011447171292655586,0.015616564022736333,0.024767500562643496,0.07168146736419422,0.014811345035747011,0.07676460456623885,0.061520858782762596,0.015888805400674843,0.005132985504077374,0.4772719271472985,0.07530126750486442,0.008779045581274547,0.018558818635792295,0.01209322661315207
760,0.007240879900991329,0.10900533692262683,0.01688519262934245,0.020356553693336433,0.013491721715052765,0.0071148576969778665,0.06478483667917843,0.01152981819448925,0.017514683078160297,0.004218033260582968,0.01528505111830171,0.012922034347647457,0.004545390979711017,0.01416106998306757,0.0047075584226524145,0.01217931274328749,0.006118686484744499,0.00815582875482357,0.013108021913840646,0.636675131481185
761,0.4846225979903848,0.012257932414876993,0.009941542428647974,0.03944217109543436,0.010819697433525973,0.2936866292499523,0.011171930209096619,0.016412102505369244,0.009931908091902529,0.004358070782577195,0.009268665485691512,0.008982355616177879,0.003874370651204304,0.013383641105877411,0.0041684967956675005,0.021867401745654286,0.011707206306254938,0.012078015312298901,0.011717515668409123,0.010307749110996158
762,0.0047061060014253675,0.028623642339098258,0.014212581545096336,0.014661129152283481,0.013322830102647372,0.0054231657517695535,0.24475218817227826,0.010628306377699565,0.026518297513671536,0.06242693643395628,0.011882079670730067,0.08227099936533257,0.005629453296138996,0.34371614895771946,0.08685105658988983,0.00374396537735795,0.01151661878409342,0.00666688902712814,0.013435025993044912,0.009012579548638627
763,0.0071411615602335506,0.042363049766558115,0.015568961912673878,0.02225084392870655,0.015029679670863797,0.006633263711717988,0.1069746401089744,0.05543976805725037,0.01746757924511099,0.023538892259680606,0.3135039450287293,0.014990009778063529,0.00648298691279933,0.02122241316795774,0.011370682782867408,0.0076120550119029165,0.04071735446137285,0.08553299981255473,0.009881453683428248,0.17627825913855366
764,0.01341443429100414,0.013606140917051342,0.041803737168762095,0.02479944847911111,0.03003699843109799,0.010094888074620162,0.02149662964964688,0.02778192199560542,0.03277225345380642,0.00730232898948308,0.025409336407141426,0.034126662681112224,0.009738252028169447,0.023265958024022846,0.0834759714724111,0.009980611558626734,0.01326549259211128,0.009800944553739277,0.5357239941783796,0.03210399505409748
765,0.02252302981478432,0.010068188881983403,0.0075475078844844555,0.005873550954938286,0.016515999622861977,0.0026266075180972,0.08940521790511247,0.014010697546255274,0.09521802315250101,0.07995773252196137,0.1819838816087093,0.032568072274723935,0.001408157925064971,0.25580373707962045,0.02706989270383674,0.04863734899953135,0.057780859251767375,0.015903233146193296,0.008390671789320852,0.026707589418251926
766,0.0041712451792887935,0.043917126539068575,0.008759082570723617,0.009980124581944564,0.0031953969178318167,0.003975138647153632,0.038289609882816676,0.13232618112709205,0.01403986808977889,0.37189969824619507,0.19096770794234605,0.008033383872899274,0.0057839064999330335,0.007161073504734741,0.009224367803575249,0.002606056749952533,0.021038157650140655,0.10858519479689104,0.007503865425948453,0.00854281397168541
767,0.00196694171011941,0.008244699283352355,0.00494791701611251,0.004357022653360775,0.26993507680422474,0.0017156118802794309,0.08373942605596436,0.058866745215488625,0.005420379506975378,0.10004560050393792,0.3957707310580852,0.010893844653381146,0.012119612171053668,0.0034082016092142945,0.0015930704424232652,0.0016838081005702494,0.002231138103787307,0.006370043470557543,0.0034991027678880093,0.023191026993223857
768,0.012055062189899044,0.1536501174315831,0.027952813242808506,0.023449394451035555,0.024133131051230005,0.012032844354389787,0.13602654665115824,0.05573923500386155,0.01620293226720674,0.007963477748133042,0.017948985148124322,0.02420202115317792,0.00386354084230938,0.01973534964785888,0.009710464626466546,0.009604932133617643,0.014264919247942515,0.010364241118899511,0.022982145477553294,0.3981178462127444
769,0.006211615857682053,0.0431017325213435,0.01363972944662079,0.02348409838591746,0.6192752436780397,0.008942532889136845,0.009597710705052198,0.013229808353702638,0.015113229204673192,0.04239960975363868,0.014134812762192124,0.011938562744304474,0.005388133347029734,0.013642585849120812,0.004984332220008853,0.0971378082491442,0.004849134874098692,0.010657098798146235,0.016155041840274335,0.02611717851987337
770,0.04992035225930209,0.022659193698051274,0.01725993109088916,0.02886396573817109,0.020259385074896125,0.01455769914271608,0.6644263434783283,0.015869275992805045,0.013554383400937326,0.006140499115549269,0.01797106445724094,0.016167558143154594,0.002630841825615859,0.011044005356022714,0.009307835473087049,0.04164610424221636,0.005425149040141675,0.01201914907806155,0.024739181781486333,0.005538081611327295
771,0.008399097213844369,0.022483729714388095,0.014456817933085583,0.01685374107927257,0.01921452165655925,0.015384380611040067,0.01903617097186354,0.024021107371095307,0.2141796722361218,0.005190565940322934,0.015208742236451316,0.012291733428054346,0.008009225335880119,0.018943181378780777,0.5137306855184031,0.027447549878336596,0.006260479500380348,0.008982475825590227,0.015564448533414517,0.014341673637115188
772,0.01076720172985505,0.022623118105232196,0.025696847229275288,0.024897844347534892,0.026239076119838462,0.04816112848287057,0.019918302332101248,0.017499262204748286,0.026203313145330014,0.007252107366418609,0.022359117744833488,0.02268048067192363,0.006934642774434102,0.018562864736089296,0.5760431560542071,0.0448736602174972,0.009449213321276503,0.016706077102582987,0.03048116919840109,0.022651417115550004
