site,A,C,D,E,F,G,H,I,K,L,M,N,P,Q,R,S,T,V,W,Y
677,0.23866612521442976,0.011780786869100321,0.004078684654181369,0.004475600033491845,0.005798861882942906,0.4366401072263611,0.005684600503946906,0.005201963292869933,0.010437954812435377,0.0016669023463754859,0.005022475118154196,0.0052067779471562155,0.0027642000383933858,0.006601085907359006,0.004459674430627048,0.21893853755920575,0.020178173871596632,0.002902254385111165,0.0037660481493840023,0.00572918575687769
678,0.049807687911187865,0.05675428183669351,0.09814091732711645,0.07000276587447964,0.03822138309487253,0.11078149757583712,0.05838166707049977,0.010362703621052448,0.017122282401818217,0.015876930401598453,0.04691630177405028,0.13965989067315807,0.0007126638830045302,0.035223959653261826,0.013002355778263664,0.07022871387228437,0.06960949066166995,0.03872181955526241,0.02191180706472082,0.038560879969168065
679,0.5124454736802889,0.00856181006464055,0.011423372025581637,0.009495877719646904,0.01624791297629882,0.002810302577446419,0.01650230534309402,0.019875654148288444,0.015020011378185448,0.004700277292929051,0.014028622969302776,0.01759967294955254,0.007486498244128126,0.015229644865832824,0.003899208416560778,0.28407127776546287,0.004929044871328214,0.011222092072966169,0.00941926987253612,0.015031670765929553
680,0.005754552440495858,0.009713040496588917,0.012818751503655863,0.013005765994133065,0.029781023341160406,0.0038466549648727435,0.01898632515982219,0.24304802313764984,0.01636894091349603,0.5091082661690359,0.013164854867248358,0.012027932294611169,0.017347018957886828,0.012677095988332785,0.003234549351931124,0.003277657184112593,0.007202295527647139,0.04653389457854973,0.010435124162175992,0.011668232966593537
681,0.05237876998363456,0.037397322156849024,0.0034046462821256712,0.0027644961977171564,0.024902933598443495,0.01622495492227586,0.07223691936239511,0.02740098812707799,0.09892428178258195,0.0109679382873082,0.015537676591701516,0.058393683351217224,0.0016575268844000867,0.08534320233214886,0.1606541286285713,0.057952847891870184,0.09970026188688504,0.04910019235356844,0.04006453015124795,0.0849926992279803
682,0.00447898828506045,0.0059121341472660365,0.006440243831612209,0.010065491862732893,0.7335352128347973,0.0031832748597771885,0.012609302449345711,0.017852059359471917,0.011965752427184319,0.046278189064776425,0.01191357049646165,0.009381686099275833,0.007350638752637864,0.014502862485876428,0.0030840928952654604,0.03429020084598646,0.004697497459802598,0.002804433689176907,0.03897746921433053,0.02067689893916184
683,0.0043117549718346615,0.007009751387960598,0.01126916213603442,0.007286101807592296,0.006881608196984517,0.0027987132097828625,0.014654975496294124,0.16339384328498135,0.010128429065249855,0.5655875842515413,0.09063619289902654,0.014505051140105927,0.007668481771816847,0.009654756113702428,0.002784950455883667,0.049820483083234356,0.006717270300172446,0.009201288400895544,0.005949766882525814,0.009739835144380338
684,0.005468484396537955,0.011866563265103816,0.18802689769420664,0.009962655163411355,0.01624904935919403,0.0038077188078544893,0.030792451912966548,0.01755344370148114,0.015615653206565905,0.003929027972173656,0.010243206233900732,0.5730462113211564,0.00660147238934072,0.01158910687235535,0.004189558740584833,0.03931938282290976,0.016530319999093785,0.004086618092458191,0.00793740546917472,0.023184772579530003
685,0.00546527221417471,0.010698647297183948,0.728324646425302,0.01889390957436078,0.012375138598010621,0.021518490014855993,0.015204661264710442,0.014766738870801162,0.01412239714484459,0.004478636643010561,0.00997483490152773,0.05170036014312187,0.007778050375689623,0.014247289904501489,0.004134675923295555,0.004432728018186316,0.006722869574956783,0.007774024123453607,0.009629624739074881,0.03775700424893739
686,0.008637281983091384,0.013602408683205081,0.01791814161662692,0.011914860208899258,0.015902039501685557,0.003892472799086388,0.0217814491450762,0.054627963896958696,0.015704773078166204,0.012414385672636793,0.6606420179976916,0.017952651548601154,0.009994070446122163,0.013725063395352318,0.013483002559282411,0.005415085415116593,0.008513170524720863,0.0665727614840333,0.008456531818172698,0.018849868225474405
687,0.0747162347657578,0.012872908814692401,0.012971695607895318,0.02280636338711547,0.017268844380848625,0.660787516930477,0.019092435621744983,0.01953475477047287,0.01578845433384821,0.004462621113254909,0.017401138065802554,0.02312117379354671,0.007197852689911954,0.015183483728741889,0.008472825808159867,0.028954858753048113,0.008297301267324211,0.0057411878096019706,0.008749691441000568,0.016578656916754735
688,0.0065680715437600205,0.012576152586281199,0.014238717158961663,0.015887026113858355,0.019116830877560786,0.0037574678574373555,0.017210562001529445,0.0815955626484924,0.6525328609080016,0.004324788157418088,0.014114280616507163,0.04431795530877961,0.008832376365015347,0.02772599322654362,0.027342175030050833,0.005891117242775908,0.010634897710212232,0.005592757081734474,0.00847614078832659,0.019264266776753337
689,0.0213518404744318,0.020381841964039932,0.0026384677408672393,0.002164936436985432,0.002725644906940105,0.0006103069077553349,0.004425134547665265,0.044441963580403865,0.003170341548665328,0.02465209417781181,0.0028372616502190355,0.004072932931293293,0.0017333400838328145,0.003607708823995404,0.0007937481357729809,0.014679115589489382,0.6725394700044229,0.1679663630930166,0.002116175766001226,0.0030913116363902524
690,0.008023453811265206,0.016287827593269636,0.0185039666456411,0.0165573611201618,0.019032608687655245,0.03140654246856394,0.0300447585011846,0.02361490260853977,0.007806773379711334,0.0058243131894377895,0.019440678774698652,0.026417672597809288,0.011244462660766718,0.024100692269331855,0.6779476539092665,0.005209686294898298,0.016674158742862218,0.005978178495345804,0.013739253991462795,0.022145054258127423
691,0.005707412394741607,0.013308428517912897,0.014757147677516014,0.09627730008563655,0.01419691047826152,0.0032080823353476586,0.015292530201685505,0.025558269607734635,0.5543481415906392,0.00415996820919542,0.010331934886489319,0.034861919677984805,0.006416213411544913,0.02490546598872821,0.1368894873336589,0.00491713552805399,0.00814920719270197,0.004251324204054262,0.006590734533160859,0.01587238614495188
692,0.0486116563725598,0.006576633061394793,0.33995878028191195,0.07128087415375502,0.034190102904729736,0.17192246982328832,0.0572887463090731,0.008020104042051448,0.008417146028183204,0.003696897400218819,0.009718702685932907,0.11603046754754205,0.004715257489155974,0.014885352121862436,0.001873050648770798,0.024928839747546994,0.010718900664317361,0.0020872160420936613,0.05007086289404839,0.01500793978156327
693,0.02484898241179039,0.13612292745157684,0.002560035892033839,0.006374291325457326,0.004197025435762932,0.000680467174680351,0.07908671626452453,0.12437659505764274,0.017663541678272447,0.11588072996154208,0.04069396485064949,0.014735438941577519,0.0024675228331284046,0.06267423220673989,0.010903767045270735,0.02813783530781053,0.08775045471213737,0.235582057448216,0.0023158767603303886,0.0029475372408561316
694,0.09455218819988533,0.04288671230236888,0.06255580946240123,0.07488323139089664,0.00804692099182751,0.23337102938652876,0.02719256971754545,0.00679993285039475,0.003722086383191901,0.06383463669933996,0.09485585893750213,0.042183343881722256,0.05503046984913131,0.15955516515722126,0.00048474945003843445,0.010158433187206025,0.004745820299635598,0.0035408704644670163,0.003538796418306305,0.008061374970389246
695,0.00637233338981748,0.0204993131348777,0.015743116173462506,0.6710242296605257,0.03564934389720093,0.02410454091895857,0.03134484470691722,0.033598435203931125,0.00914958042551549,0.004984020018654923,0.0152088258986977,0.033291375047931386,0.009960312614119421,0.015801783253462837,0.005338539580021864,0.007031966467294371,0.009626097485499403,0.011416369480982964,0.010469556362886816,0.029385416279241544
696,0.006616890457922314,0.021593111006738098,0.016110459797137166,0.010350365495030352,0.01674825633621911,0.004672704985452986,0.027329535607041825,0.02377300359580234,0.019310493614531233,0.008746367838550413,0.0149553731465931,0.0307253659954206,0.010537456067847777,0.017561072031707464,0.07243304276337072,0.006854073054115201,0.01091960377668118,0.005592107536136307,0.6572862415306061,0.017884475363095675
697,0.11830228085553202,0.0753410645083837,0.029327670716783067,0.034037542229557335,0.03964012016757514,0.07088942530826405,0.10192773914710641,0.0059698410731288155,0.06125762098034334,0.02892829621727655,0.0456504301591115,0.05942929790434128,0.0015644365169445711,0.06086147203129292,0.02993541002257592,0.11007612877757177,0.04071247205896315,0.013045243798029614,0.014596069516830984,0.058507438010387915
698,0.18472110806166667,0.025435240407438952,0.049440121236064956,0.16404425256940877,0.005835147139436497,0.022432757975931476,0.017481029865452188,0.006673934221701663,0.013927882599416234,0.002870442394498147,0.014892065532634858,0.019720885491454225,0.2953275904642749,0.0732809326526737,0.004187465977504505,0.0854900492804721,0.0023654968535762994,0.0034470372237536263,0.003678576424962636,0.004747983627677561
699,0.022365850827913508,0.014407903192379225,0.015412824110021055,0.007672453568066325,0.01929862371935542,0.004884609437438381,0.02458638052276801,0.03287705932178476,0.014633752665281503,0.013143577160234466,0.014547241090380901,0.025634836970272263,0.06282709230005808,0.018078198006870102,0.004147436585097695,0.6392195942484131,0.032634369094684194,0.005438159304577123,0.010800415398506324,0.017389622475897662
700,0.05123543874254776,0.057435266248088,0.002254464936013556,0.0029807159697976724,0.0424813825255936,0.013077396567589225,0.05789927149980619,0.07508838799389321,0.04161645922065371,0.07131178671983081,0.08413225936124478,0.0702579466300406,0.06840450251381641,0.09232273942102194,0.021815934350332054,0.026578862963309313,0.07588426436335204,0.09625262410653478,0.013056448712977736,0.035913847153556604
701,0.03750951813915144,0.016786141871914576,0.02191978960094523,0.00530737495326782,0.01883639953589369,0.6789499342429891,0.021059976706010324,0.021698437278103735,0.017566857947529366,0.006077232545701961,0.015248272305255333,0.018926539930734627,0.012720096647012603,0.019614500849019948,0.00782244483936254,0.01701066529186949,0.010174902566979458,0.019021653928098847,0.01271188258545027,0.021037378234709563
702,0.0030274420935038986,0.02756714573880996,0.0040522971044889425,0.003544559532785891,0.15889612094004169,0.0027535081491502716,0.08962459664136484,0.08669373134098934,0.004995584512838216,0.047448098881949265,0.06159394884765056,0.004831010459992812,0.0020753438944603013,0.00824849978385682,0.006040610974282552,0.003203143882537456,0.010117245386196197,0.052268308688909436,0.16427925925570425,0.2587395438904872
703,0.053375277778431394,0.05154043423887802,0.09369587831660471,0.06968311774539368,0.04331262156462105,0.03324662835410951,0.09200708526474301,0.05421253764631329,0.0020853771536812255,0.052618278551409305,0.05085915663667572,0.052509369655266654,0.012226613867916234,0.08059669158405834,0.02254943625430256,0.049264336748798404,0.05087346993005087,0.04785125592910855,0.01952578889183257,0.06796664388780489
704,0.01976179465026966,0.0474231628311756,0.1027368193889927,0.02472084208157967,0.017537624829948622,0.005222867219768446,0.05924590812976527,0.009401206437407444,0.0082865145563499,0.004320687696125646,0.00428035217465113,0.3062006018590753,0.0039985545217197495,0.04849348522401497,0.008002085395545611,0.2607444545471339,0.03176089549332126,0.004742517341579739,0.014971591312257199,0.018148034309318162
705,0.006383806580728106,0.013261725648728758,0.01582844404578414,0.008631909470949726,0.014912756925771114,0.004091854220169542,0.027726343691829112,0.017770647416439776,0.014345767123509509,0.004146665211830073,0.010923426364169727,0.02606305940477084,0.011103796835155874,0.014419683957089056,0.01588625811939423,0.004691070934665103,0.010417540609608368,0.004635711260479783,0.7575250448295349,0.017234487349392435
706,0.011761987367109315,0.0224919852221296,0.08207599402111447,0.5549916628876553,0.022764391921464757,0.03673635918437451,0.03400980780588609,0.025803794246391787,0.016577734986341276,0.007110663237015437,0.016650461176575402,0.026219713707812852,0.011287151563155315,0.04379615396365188,0.0053968505718855544,0.008047982246859762,0.019481178236812575,0.006453423533927988,0.01907923368352218,0.029263470436313947
707,0.02434626433175815,0.019603041550828638,0.24884987621990262,0.35663006046212836,0.020303205432838378,0.0603934775247649,0.029258441364388238,0.018392334472165848,0.02858849193432263,0.0051800201657040456,0.01729323735066374,0.047949523879074356,0.007142410217448891,0.03259380529312583,0.004592611278608486,0.01992371432426641,0.013659589057297902,0.010610380078601794,0.014687072771196796,0.02000244229091404
708,0.07992097604605274,0.01143746333746794,0.029809581475447423,0.014077993682473458,0.014259751060534847,0.0033222143781154873,0.02334510153284257,0.09927355484965394,0.022514817769062428,0.009756127932354816,0.020452331297037045,0.016028168312828467,0.009260272394141603,0.030638184763173797,0.006499778472819483,0.005051154186725768,0.02505230256090991,0.5526027938184916,0.012424944813158381,0.014272487316708262
709,0.019157660867904294,0.020231562165544403,0.018913697552670805,0.04144994656945031,0.03148553758566771,0.006545879183343516,0.027882363079230057,0.029316399508633798,0.010445404243294314,0.016676727543751924,0.04914210830116434,0.035487508490316656,0.5422185042724752,0.024013005163109197,0.002836858887564544,0.0183974298581746,0.026377294266025714,0.02323679999110023,0.00835249981589045,0.04783281265468781
710,0.005603035488581595,0.03372900616524777,0.012408283749135248,0.009564087703061946,0.5706927973167187,0.0028508855476080323,0.023812814788212386,0.04296643528521236,0.017429522730163235,0.035774387382700466,0.01743965533390616,0.02267832353255651,0.010217980930884293,0.01702520340306796,0.004706609425427984,0.09636722786868367,0.008741540582811303,0.013168686236840898,0.021226350567539586,0.03359716596163969
711,0.0074185679935602905,0.5915806291321553,0.032438507091648645,0.013518172614743819,0.027206960478801223,0.005007947982269952,0.029943172822369152,0.044016478870221955,0.021984860293712914,0.007171521331446194,0.02109673871186131,0.050420527237364704,0.009376241350009586,0.027775361363461256,0.03992935222071997,0.016951249722693112,0.014614295108782713,0.007791921163101126,0.007961366580065575,0.0237961279310113
712,0.008407658943866627,0.020287438585022428,0.018481966060066662,0.01238221984941846,0.048486490349133875,0.006641140479494456,0.01861873072296094,0.029605880412733997,0.024398497808435563,0.008498680698744683,0.026704132418524106,0.024036700548074486,0.03327977422486587,0.020530083639213464,0.00553962083466811,0.619365386362268,0.01996744997889141,0.008007171761928946,0.01661152784447546,0.030149448477212428
713,0.005805039850559426,0.016443332604333723,0.015705178198564956,0.010432098517046962,0.026332684080694085,0.002985740342806248,0.504706309866029,0.028696802022710802,0.011979107759741632,0.00851584060581259,0.016909187814722493,0.2033779685845157,0.009883970413926883,0.014731451660441547,0.02322473639829227,0.005626759532571021,0.01008628923710025,0.0063113999861322675,0.008918168959516541,0.06932793356448155
714,0.011058738919421418,0.02262436879673324,0.023096643659944877,0.01870082285094607,0.03903984129169006,0.007493195728379487,0.5329083852328376,0.03406215482732468,0.02239066819905076,0.007766363854043323,0.023725096433512952,0.04437574849772785,0.007898326509901991,0.0204710279817449,0.024933767762173695,0.013403829994382228,0.017924089724378117,0.011127012055193555,0.027497543893755888,0.08950237378685737
715,0.004780997584861414,0.023827649963225502,0.014779772679629733,0.011367555517090908,0.42956788791905565,0.002835933874298447,0.021426340564243706,0.014833824464255694,0.019111518659196025,0.0396141584838779,0.016176668916480858,0.019920820307917964,0.006311781593293662,0.01719557254358108,0.0037327503772106745,0.04175912528560313,0.009410269947511546,0.004790785098097944,0.15205419733313197,0.14650238888743625
716,0.06179585120263222,0.038067480901613306,0.04475571490891539,0.018350984654068075,0.009967761723624688,0.01654587711976145,0.24418512774603085,0.021475905873310868,0.012035986278519942,0.00409651438797162,0.016199520123839867,0.32310213865517406,0.004630115694300346,0.059022067100759835,0.0034083904938300856,0.05827037541076973,0.026872968883240343,0.017284846176765494,0.008565974869810915,0.011366397795060964
717,0.012486433161550556,0.01839192807076499,0.005951041514645911,0.04388823658152596,0.008135175923348182,0.0011526236049895,0.029203887956955388,0.016340798620249928,0.29804963141824153,0.09815145786971656,0.0938863004755444,0.013499609890816744,0.00327530206365723,0.1108212881239246,0.14794052031014895,0.018590864857460015,0.04656095404952352,0.011565116178004958,0.005311672448705121,0.01679715688022593
718,0.02684588585620183,0.11608893471212707,0.008379744069982807,0.004956581900711667,0.011291246964601534,0.0016830765156479511,0.005828057371073344,0.18737515444890407,0.005711064467600325,0.2852496321425852,0.08625860176823874,0.008374809344187674,0.027676101056644423,0.0048207241436358066,0.00655388255930654,0.0024254412052433015,0.005326172388154506,0.19172874806571735,0.004823734173363857,0.008602406846072054
719,0.005797257297436696,0.025018821001750027,0.013472377215992794,0.010136053613455744,0.22096140053792737,0.00312946917734461,0.07739228729019904,0.019504711767065894,0.014209472378337468,0.004332595105243287,0.014273067911071512,0.025376086975200912,0.006850435526713374,0.011427752673138848,0.0036946187062546656,0.005388613814980809,0.007517673697525043,0.00815297946090488,0.19095656479237785,0.3324077610570792
720,0.006571429204019785,0.016064297739961104,0.014875425410087122,0.015556244081399972,0.08645755439284493,0.005771214623206545,0.01737823580769696,0.08521607546616831,0.028777545507485333,0.3410673677434721,0.24706047838652564,0.01906175123015415,0.02971860339459616,0.0160837084130735,0.010441899655926803,0.004878768398539619,0.007675069375272376,0.007712380625100881,0.016253199584208105,0.023378750960260628
721,0.00910869453448957,0.02003423992248577,0.028680862487114312,0.10366688844190758,0.03128001227504478,0.013020693179809605,0.06481493731171009,0.04168808867243908,0.4006208785126218,0.008101675891535922,0.019363227159947916,0.02232015225309564,0.010336950569388178,0.027528574457879252,0.08982334963353338,0.03363447751279152,0.022926389404777495,0.008836607583609052,0.018659933944284803,0.025553366251534315
722,0.016738211796417417,0.02975496817307172,0.5065864699377349,0.023421830672536583,0.029732642424537967,0.09368084612806603,0.02723608933375583,0.030523063146397553,0.027240782624983088,0.010573588056253727,0.039714724697490524,0.019171671935159996,0.011281139572265746,0.02938094419055044,0.007313259711839538,0.0085388378427736,0.014193835656716532,0.01111865965945047,0.01945104180073195,0.044347392639266354
723,0.012779936706241425,0.014380520210226693,0.014847830051631412,0.06837000941446915,0.01938538783592536,0.5815815587121435,0.05018769254531406,0.0171093720437835,0.027901346290221406,0.00979563879869745,0.02714761731329668,0.015262949156899991,0.013871508471887032,0.035142678638317944,0.004364269523666829,0.01253109209946198,0.011229390776271013,0.007844307771174445,0.04070679369193379,0.015560099948436398
724,0.007296521195423163,0.01688576836937405,0.019527525535420715,0.014722065000808167,0.03008464673496696,0.06650764907251687,0.013983951351284107,0.03648995916386162,0.014055100752301923,0.006476081752364599,0.017686802716340874,0.01990497159815134,0.0060744333948657475,0.020069705668407285,0.6460730210908928,0.010821435766279064,0.009751524249601776,0.008607345522574328,0.014272752077538661,0.02070873898702597
725,0.07056234801929033,0.07041645637953818,0.029234147307479336,0.04866362484225358,0.08128050701854163,0.07305651923045596,0.05989207262562011,0.004887072276545749,0.023356650321229633,0.0021825271672871525,0.022697571695812702,0.06434284475375747,0.03270692563772132,0.029814178129638574,0.018575514704712078,0.11968582607692459,0.04745085962410509,0.015491117145033801,0.1136063759653994,0.0720968610786533
726,0.003268252267731407,0.009468786356647692,0.009684489851338478,0.008016927212370722,0.006911334049252842,0.003174504417183943,0.007113503276402815,0.24046628511846205,0.01551836232612494,0.2837062152174103,0.1645215079683814,0.014229457032210227,0.002512829141641503,0.007428227055728226,0.002800798800516002,0.003844357221589411,0.027910811359308212,0.17309843540688755,0.008606050971648254,0.007718864949164042
727,0.054121268972245784,0.11407496182957343,0.010975374781568405,0.01650833633571969,0.017714042699158928,0.0056324726759891,0.014472355747169222,0.141143396944218,0.014574897834702562,0.006005787308493352,0.03145277643834471,0.019943446318914076,0.004232609991721572,0.009935486709061248,0.00398126779614143,0.0043939965659541115,0.09276018507636395,0.4136674982048179,0.009554064995599574,0.014855772774242914
728,0.16226680405994634,0.05000769091247389,0.020253258392046065,0.015343885844636746,0.013471973779267484,0.0035889169186899468,0.01217250241251125,0.08389489450149408,0.02333316782516533,0.005284284648775677,0.0293710203410873,0.014364995142715107,0.004739766011564669,0.024363252157902086,0.009025011205077023,0.006191898852421814,0.008387358701224404,0.47202232550385087,0.02583237828598356,0.01608461450316635
729,0.029561139339817247,0.02377520871052025,0.027556237998591537,0.01954531663933985,0.03555803907075817,0.009238975657346401,0.016321607726706152,0.024242389994701546,0.02127732757297035,0.020874736883609395,0.02139924238797709,0.02477741845494964,0.6220282315068798,0.015010621204812434,0.005643803878973112,0.013914390777938579,0.010161196612721133,0.009964297311816923,0.024084842997153157,0.02506497527241713
730,0.007643681233901946,0.5675122051694708,0.023388654788512875,0.023958585224957422,0.027925966162441848,0.005542019144915318,0.017865806595923045,0.021767909693113027,0.026771401378061787,0.008108218169775167,0.023884690916504147,0.021104712779697988,0.008737360707114533,0.025147070913558237,0.06860261220472151,0.013151146446985356,0.013896880956685979,0.008348903953647692,0.02097392374909397,0.0656682498109173
731,0.006624962255077649,0.014693173314620667,0.06141269805805294,0.016713763117273742,0.023775644809995347,0.004946456389628936,0.014867277062842995,0.024377241519295833,0.03874680372917108,0.007134961744620266,0.01818093441583182,0.059338670539305506,0.019378879816524718,0.02021684239423485,0.5870347720089092,0.010736702860301364,0.011071041864423689,0.006546013286891636,0.012167636427174252,0.042035524385823524
732,0.07859885519258107,0.03024860873792011,0.09463241854624112,0.09233868228624105,0.030482612195282727,0.08192543984721397,0.07860830635471529,0.00731800455724467,0.02849046554372653,0.038011303009736215,0.04305029760363127,0.04035884018802555,0.05597052802683227,0.1690677242072635,0.0076890857504698235,0.040779828885221796,0.02121831064189632,0.015272982440592886,0.010862594108419853,0.035075111876743954
733,0.01925564015179904,0.02942519441936192,0.018269922845971048,0.1095878927542752,0.0210419369258385,0.008769331531603275,0.013482749886070266,0.020700718842041107,0.032737312849914636,0.010012106376199826,0.015191068787758952,0.02089389825572542,0.0093919505740245,0.44372994491327716,0.04751465390463842,0.11243804296483517,0.02273609434535961,0.008695169698306327,0.016499950729630928,0.01962641924336873
734,0.01415012660789898,0.012990651372066106,0.5558668163431505,0.16403021669217377,0.009723972220886343,0.09298855075981789,0.019299900719525167,0.011124854089037914,0.014027258214374859,0.003327169608710439,0.01114353576827367,0.03693432747884748,0.004006765805764669,0.010097751886984436,0.003711003097188755,0.0041839387568799605,0.0052002936187477596,0.004301721215809227,0.010979201806698874,0.011911943937163069
735,0.014185530078307381,0.0174159485045487,0.021052704063413096,0.6740294705691334,0.017553426970200833,0.020716657557640624,0.0141540751921624,0.015610898913939195,0.05852242887070235,0.007078395860529556,0.021570102340864025,0.01673921714312332,0.007096972546055455,0.025903385476804163,0.007637401055905709,0.005875937709722771,0.00966071809204238,0.006064386957282436,0.020958481547645444,0.01817386054997695
736,0.09961931275440776,0.2278829985151335,0.00963482673424192,0.007856224733022938,0.01131585349262403,0.0024485626046778395,0.006627398799907854,0.020627245444071022,0.007015879637258912,0.26074239277341144,0.08337507498873585,0.015034189448388824,0.033418292363133345,0.028724356634326615,0.006513558656623856,0.0027099805022952404,0.024020699812073703,0.13822082292956303,0.005908393430562098,0.00830393574554021
737,0.011004045379459605,0.022710196355937726,0.026139098847662384,0.03428029032911108,0.05265266501987831,0.007291776299311006,0.033708665356154945,0.4358811424567242,0.021552251444895917,0.06194114627698608,0.024880422282536663,0.02671022194232367,0.01061043638707504,0.02423557345289717,0.006775989027061982,0.012304469345025937,0.05427324774206784,0.08243403376488041,0.02247778954689239,0.02813653874311765
738,0.009686039901169284,0.032126347353991454,0.021788362943026954,0.022732727517878127,0.030094031125318842,0.6293657854801421,0.02518940479063982,0.0251695738381079,0.023693475705956923,0.009359957981366875,0.029957419699100384,0.024327659258161924,0.010985888020278924,0.02731776275259055,0.006691903059763863,0.00620686837994349,0.012373298065177231,0.007873939331621163,0.017346606363527906,0.027712948432236376
739,0.01748809850155132,0.025324593412340477,0.0471023835520832,0.034847868187117936,0.048089010289237864,0.0171218101970377,0.022526327787567385,0.04058947499338362,0.028997066929123322,0.006016519032347627,0.03436181846936052,0.04698601029429297,0.005738268545825029,0.026983152589447345,0.49265429522851645,0.009851681525743039,0.012075840103354024,0.018516546289322127,0.020219964587642178,0.04450926948470591
740,0.52014564739945,0.04863493368457349,0.027246210675302807,0.010809904977716897,0.02185943713348974,0.04100069485363471,0.017104810862385623,0.02782953972433841,0.02516029687810851,0.007396328865582154,0.020016135170109195,0.018033732757520706,0.004659396925316395,0.018555832998391246,0.004635594195460839,0.12571362687783919,0.00521574124072634,0.027758083108124193,0.012427947726355094,0.015796103945574496
741,0.006755818380270342,0.024674120402428844,0.020289570905277488,0.016836264283111076,0.02880945765551701,0.005212832994201698,0.054370958525825436,0.028270854776579122,0.024589247329752387,0.005872780299646496,0.02244847824831707,0.019790762730121276,0.00550440590830802,0.019872637693289164,0.6502233640219797,0.010807929249620802,0.009430449482783725,0.007862652899225383,0.015486915860345138,0.022890498353399843
742,0.016616273479841334,0.37797238933682625,0.008649295876529278,0.010573142734603485,0.010469049132597894,0.006228672362209232,0.006616746152186363,0.03557916495174717,0.011051307562603772,0.005245626830757585,0.015594165167561527,0.009680244427655369,0.003884427769017934,0.00937964865837128,0.002691365483813169,0.0027197656434429555,0.01064119236262922,0.4399082295623065,0.00880738448698367,0.007691908018315947
743,0.07182626236090878,0.05962024885132891,0.012832913000476768,0.013909385843006728,0.016314255191775897,0.007166185318583939,0.055764234226723476,0.014759342762399935,0.014469587013839137,0.024542621865935074,0.05962742173473725,0.032077331594948306,0.0419461935856039,0.03146768310504379,0.004973919330068927,0.4577701508732359,0.03642480009043556,0.004600474935644207,0.01080335695588435,0.029103631359419194
744,0.010037705491951003,0.02864497347862636,0.02720821851038734,0.028034773522384444,0.020996340735828595,0.011448700280056982,0.010963494088401178,0.02418715729043941,0.02855109558401847,0.042940751823659334,0.021894398565686073,0.027709380928954808,0.5531305096315863,0.05613635904938392,0.00838592859817637,0.026811765297626005,0.014602289445643771,0.011300140858384626,0.023384536053155696,0.023631480765649332
745,0.0081517519267695,0.020391077966659323,0.04745226383049339,0.062788891562585,0.026471519238162076,0.5178527180515721,0.0273826150850696,0.02357919302650688,0.022598054939599557,0.006089048793679917,0.024913162936215465,0.02865128730876285,0.008014485080391853,0.02198725977244415,0.05274330013502804,0.012426410606545653,0.030352152546282807,0.007050111550203333,0.017415501208577933,0.03368919443445058
746,0.08276147103241283,0.09616279562749691,0.0033469656716206392,0.005234734402631632,0.06851793487737978,0.0222826606344808,0.07352712949114906,0.030556252337270242,0.04187572367139222,0.03176771756280944,0.07148725199732071,0.0975546312670398,0.004093301589356029,0.013192738531230012,0.09829175272328904,0.09946109225592668,0.0402529441305212,0.05374382812342721,0.019263269303590836,0.04662580476965492
747,0.004757027491073971,0.007784336641980438,0.009922320517733882,0.01159196235042729,0.010762975254781508,0.41100802541686837,0.060120403800500134,0.028275378811251087,0.01798553674458802,0.02354962848280943,0.04302525157810134,0.21412421810655813,0.005704593545046699,0.07262348586409685,0.009649852524447666,0.010783999215813625,0.024460862482136064,0.015016946617085218,0.009856601229013546,0.0089965933256868
748,0.005600436647263736,0.007206940261418438,0.013005696526245522,0.013354595207047454,0.08757946010612079,0.009354506807484805,0.054609703276915396,0.04459453527563347,0.01716081241816617,0.046136087032860894,0.01954004707261427,0.013270256446239047,0.00540893582489345,0.012567139010543238,0.00905202510073744,0.004649555959600725,0.006288046202182533,0.013424414752314729,0.4974803011698954,0.11971650490182255
749,0.10388434388822948,0.06085839078001513,0.005014264050097028,0.01761864706731445,0.008252627281051186,0.06099581186667177,0.017459244560261503,0.019665798870027295,0.17464186207293095,0.03684524754425805,0.04427613967868426,0.0578906676714539,0.029462932151044303,0.10336213827299705,0.08532485334840033,0.08685474162252725,0.04831666166400708,0.021848518201078516,0.0068598000646610665,0.010567309344289372
750,0.04521611412623572,0.0831128765961755,0.008469823693560518,0.006340304215681588,0.013356520334498365,0.014492729738435461,0.06048227253377312,0.12896552251269774,0.03302529744104192,0.0738242487431617,0.057561942141037166,0.06578495185667996,0.0022595430943408773,0.019514992509634486,0.012575136746110398,0.024914357991217786,0.14880942692452573,0.1741241897838963,0.015678676555725628,0.011491072461570032
751,0.04974344043299649,0.048173363166951415,0.01364123866327007,0.015073145215306297,0.05097092420607189,0.02866650275415711,0.09568577769721108,0.028278326664551396,0.10506657908795364,0.05214807282106698,0.09732788808726067,0.027847691359930208,0.021375014037295737,0.023908482500150968,0.1099245046634685,0.0473981682515432,0.07985422515842085,0.05709925424276771,0.013416485112372105,0.03440091587725364
752,0.0774458380123879,0.007092883736703988,0.12495034341974935,0.17072484263507792,0.01015285600957241,0.04596735607786115,0.04281952410616194,0.010979446510326736,0.013046186459420276,0.0035845364957159246,0.02884442868064785,0.014012932430232737,0.03221312699480045,0.0899438676631627,0.0023183118985557675,0.07950859751859937,0.07219597220256012,0.016101500165475537,0.006660039870365631,0.15143740911262227
753,0.0491818319680456,0.05965894214397219,0.017828170770938616,0.015300501018853907,0.014173299257631266,0.005827855390656077,0.010592438212756503,0.015453509855981706,0.015635130084926716,0.008300587429264565,0.038536834525404094,0.09215458291910646,0.17723116471077774,0.03044697165251888,0.004469225480889013,0.10065379922340152,0.23123171385723662,0.08605955691228752,0.013611365048846752,0.01365251953650421
754,0.2743615466379438,0.12340493813146554,0.012931616678226418,0.019659772637919747,0.01801745510742678,0.1466117919483062,0.012689002580780333,0.01709955010661573,0.02380775270079032,0.006358293241224974,0.01717276613003499,0.021479328202858552,0.0047759719373902075,0.017402553373932237,0.005983183262450762,0.2141342946983714,0.012843172244479109,0.007606306196203605,0.018746226351075423,0.024914477832503886
755,0.14953869980892628,0.17184495910331546,0.010206308494224402,0.006671913836870339,0.007331813770554532,0.24432743262498635,0.006899552045613062,0.007466512613266692,0.0068124853159560505,0.0024860260665386783,0.023817801381193323,0.00818927551277584,0.013732963921457541,0.007010056239125044,0.009785680550859205,0.17518686363901378,0.10706770523604181,0.03028343462276754,0.008143607577960931,0.0031969076385530946
756,0.03216918027000298,0.1259687539547791,0.015783694838902875,0.014968185601637396,0.01280333555741039,0.022940819792846748,0.054283474372938546,0.021334600030016648,0.017177913556978237,0.2339631165743429,0.12163923511047552,0.023899923402461946,0.03066680738008265,0.019587492073338753,0.006093495595432431,0.04025097353577973,0.014679924890708332,0.06400144908269122,0.013234249073022111,0.11455337530615146
757,0.33248689657297054,0.014883174131687561,0.016187569699232723,0.014488703101985002,0.014567252752871277,0.26744034929880306,0.011601646097535431,0.015714721124113398,0.025413306811833836,0.005412796800247058,0.01772527123595435,0.015046719856684071,0.003335524203034189,0.018893673161056095,0.004246013925869666,0.15841689607326168,0.022630087813144757,0.007437780114261903,0.012941629523001581,0.021129987702451943
758,0.007915619226872563,0.018976939817504784,0.020163316819160015,0.08568734831712511,0.02539697614006207,0.00858631643638663,0.01467477684987275,0.03813771999939907,0.5614884921334254,0.006200596562048528,0.01884396517148215,0.012913815931334144,0.006244987272676586,0.03332990726846535,0.08026805034443883,0.006070845374387487,0.014513903447955593,0.009989376376906988,0.013338495645978036,0.017258550864517896
759,0.020546714144682687,0.02074540710915086,0.0158713851813819,0.022421990810494254,0.014250660281642973,0.009592412819723822,0.012112801488421976,0.01658758912803931,0.026300194168362573,0.037592607782235644,0.015692288540168856,0.09274025459802766,0.047983629496098995,0.016821315147163445,0.005443248703139586,0.510310588224344,0.07313748978843955,0.00929326700609699,0.01969994677127482,0.012856208811110015
760,0.007201619786699815,0.10320304258979496,0.01660675524751284,0.02012425921513805,0.012774085918087435,0.007055585121033491,0.07526596608306668,0.011320460571715896,0.01761481419586947,0.004193673907556403,0.015215232850771967,0.012840528046976961,0.004524457031698746,0.014095936927934523,0.004675432347830758,0.009365197755700069,0.0060555840561951554,0.008089651727508715,0.013101251677577941,0.6366764649413301
761,0.4594696207565186,0.0115166071805616,0.009328777327145822,0.02854750792017909,0.010180386866068779,0.29833960713068103,0.010460777548201716,0.015452075592880206,0.009363799573862465,0.0040976715171820105,0.008722153894633086,0.008437574138330578,0.00364709154574874,0.012638089324517383,0.0039130058407472875,0.04519057111148241,0.030815933270123542,0.009153056765240834,0.011051500940403235,0.00967419175549161
762,0.004239869557816694,0.06701936492096522,0.012787282918235027,0.011652291643108095,0.012005966764891332,0.004886832034675708,0.23373160798020964,0.009547378179817158,0.03263570278970443,0.07419363375035742,0.020461964641281607,0.080919479447542,0.003865514998600807,0.3116382723042476,0.07638126303876898,0.003370392155687558,0.014449470010355132,0.005999242773896613,0.0120769510601166,0.008137519029722425
763,0.014477129329317958,0.05526518039978859,0.013863321648109272,0.020304329272359218,0.012477774467608534,0.005977449826046109,0.17614399197917976,0.03854342636918699,0.013172707796516006,0.03060142205987067,0.2840916835024158,0.01336171189543979,0.005829244815925259,0.025084045624782735,0.008116902058488567,0.008087934924526264,0.04466799661938642,0.045021698971807196,0.008927435735642237,0.17598461270360258
764,0.013587904599613386,0.014135199767884346,0.04217653606169636,0.025111277876472878,0.030406218143397463,0.028355029730541187,0.021738668016707294,0.028142812234953917,0.03310768419444352,0.007395937794382971,0.025710430523997792,0.03455210048544675,0.009850433457630892,0.023585766786213366,0.04983967640101328,0.010100311546136338,0.013434890830843094,0.009924565332324744,0.546425726355287,0.03241882986101347
765,0.024417631285841138,0.025271310138802305,0.00881044677860681,0.006995380513684472,0.01681793609159137,0.0035054783846480866,0.1116707212602157,0.014526369959081886,0.06815446886188127,0.04992605917573101,0.13438231667782305,0.026998680988860917,0.001653874564885063,0.3062596633703028,0.03836589229096641,0.06383138092730735,0.05109720261046413,0.01500434569475609,0.009849386644813793,0.022461453779736226
766,0.003753318993153671,0.036392364254321935,0.008812051363092882,0.010037765071030503,0.003932316920319367,0.0039842529351044225,0.021558717294354632,0.09829296195980841,0.01407131721248796,0.3754524847005885,0.18859794631166374,0.008074011671085086,0.007041687966102504,0.011140773615737072,0.005867699461628576,0.0026133821153153606,0.02821793901875338,0.1560839339498386,0.007511678977236542,0.008563396208376891
767,0.0016446557764100277,0.006877074325251635,0.004061984556437433,0.0036685777434547055,0.28483712482186335,0.0014633373573468662,0.16138323763909376,0.047701152432622525,0.004383974002494005,0.08374354161608333,0.3238900964754415,0.021134796876509016,0.007375253857594351,0.002866951424146115,0.0013177818458697584,0.0013955510061070618,0.0018382010476451448,0.007899246472047443,0.0029602188304599444,0.029557241893122106
768,0.010423115044169573,0.2621559135913741,0.025341957251775946,0.021429420778455496,0.027801325386964875,0.010528242398190371,0.09131639818753605,0.051815331979279906,0.015001790886953664,0.006843777273074034,0.014862377327987107,0.02219289858416702,0.0033602081445011384,0.017665924836115208,0.008703139100729921,0.008568584338379745,0.01295134843551104,0.009169998501455346,0.02095580657730668,0.35891244137607275
769,0.0066432297875202925,0.03694339368540279,0.01461510085407614,0.025071609289779587,0.6655788510631618,0.009555082704579769,0.010252584137048125,0.013523862675853917,0.01617049998040244,0.04548956047874078,0.01509292513634732,0.012733792392025654,0.0058103775070010395,0.014584039110166572,0.005335419396791225,0.05159098508228255,0.005186420971787196,0.009532668808140318,0.017331099836570007,0.018958497102322395
770,0.05138872913997608,0.020545837973956236,0.015716859052136812,0.026112934534675752,0.018381343354283115,0.022369628457628663,0.6062709647681319,0.014396228428977677,0.01228074771292736,0.0047602078519121465,0.016316301081648648,0.012255626551293133,0.002646329673331081,0.014897198796344777,0.033461444316602196,0.0758637158828418,0.0049268980756409465,0.010900197878308824,0.02250102724329771,0.014007779226085254
771,0.008402171580437589,0.022479693402882774,0.014475258969209337,0.016853921667554908,0.019241337805247356,0.0608273707000019,0.0170446435091372,0.024329016815962102,0.17820537712774465,0.005192386563878017,0.015224374752769216,0.01228290039164189,0.008014124245230883,0.01896750015793519,0.5168790522152509,0.016395819778229244,0.0062595746381244955,0.008989800226201156,0.015579017342746013,0.014356658109815188
772,0.010576631350354547,0.022299825262288884,0.02519994375545957,0.02434066974199831,0.025627657804887488,0.064057199660544,0.019496778328881723,0.0172258253243989,0.02496291929772554,0.007130020881564777,0.02193291664920007,0.022083236961172304,0.006818441291997747,0.018263085221341895,0.5700637906024145,0.04163595767486713,0.009243260679681517,0.01645586983204565,0.03031386314352036,0.02227210653565509
