site,A,C,D,E,F,G,H,I,K,L,M,N,P,Q,R,S,T,V,W,Y
677,0.24017808473187388,0.00956102920116249,0.004200660053167912,0.004450484138374966,0.006038491811369748,0.43447267908014675,0.005930047660003411,0.005359452903389035,0.008654491566237495,0.0017301070735370714,0.004990651400033453,0.005429574703379036,0.0028817478496771316,0.009931364981858957,0.004116978852684677,0.2246753205099482,0.01515269062528013,0.002367175688883557,0.003908903884552489,0.005970063284439587
678,0.047931710015904315,0.0688421677383143,0.10092833907623697,0.07183491935553712,0.0402781678279125,0.10999176533421372,0.05692810170773493,0.013067164179104892,0.01635259632454658,0.014655896495049106,0.04275612125121713,0.13604014749158266,0.0007601735303448677,0.0329543232864301,0.011841802317285986,0.07009942768637202,0.07226800153281614,0.034554347747204894,0.018997231336428486,0.038917595765763306
679,0.5230296319880445,0.008981024302985927,0.012109069791285596,0.009954673566524618,0.016955973831192364,0.0028358437922525585,0.017037534131885176,0.02052105372684014,0.01571851135947145,0.004988506773571263,0.014643282714543071,0.018498926003717893,0.007477937474096506,0.015964152786752072,0.00410002325802501,0.2685743176105617,0.0044819760137022255,0.008495000590767833,0.009900923364628786,0.015731636919151436
680,0.005512726441604502,0.009285487374489202,0.01214005374940987,0.012558509763346033,0.020906347127017534,0.003664795028118505,0.01502896848260072,0.29248380566372467,0.015458203327015212,0.473379997342452,0.012222616156394993,0.01152249835048524,0.01550678046826454,0.012087595122366202,0.0035666751167321587,0.0031358791484214204,0.00684380634224493,0.05353331422468646,0.009978708665769727,0.011183232104855995
681,0.0489275195609698,0.03733002204175922,0.0030008887755239946,0.002447314414631879,0.030040904351909252,0.013852905045642516,0.08454643552177751,0.02794624930348175,0.09299969366210477,0.011686075070176192,0.020017359354546405,0.05742718037100606,0.0014556828383887799,0.08596389530569074,0.1386426798835574,0.05878659007448212,0.09857455172751967,0.05153951079176955,0.047937392995714256,0.08687714890934811
682,0.004754779551049755,0.00599888043703105,0.00684413141420599,0.010740682258337424,0.7600154750659682,0.0033831489479542198,0.01350876941888749,0.014686663213470286,0.012717895584082144,0.04206724412400202,0.01249532333977442,0.010002637159551889,0.007481348700722061,0.01540210077957639,0.0032690809838674,0.023438804502645797,0.005017814389539528,0.0029755973200572194,0.028830800224475032,0.016368822584801723
683,0.00430178296162452,0.006923192208930863,0.01106729894097895,0.0072658843871776175,0.04554674909578071,0.002792141812195671,0.014869751717660981,0.1713081229325741,0.009974953935897387,0.5485301043400612,0.07576487321446773,0.014336883207416912,0.0077021785179649666,0.009506113588946244,0.0027748092103469396,0.0365334958900556,0.006654390676943677,0.008918197926340478,0.005544006331226783,0.009685069103408534
684,0.006180064700755109,0.013376165554383673,0.12913725280028698,0.011283263915597,0.01833758312490671,0.004273547917591222,0.027135858077822435,0.023160377150353826,0.015256516919596527,0.004440661285098449,0.011539533343711663,0.6287435704087895,0.007448297844555381,0.013072379271495039,0.004727806170253877,0.031278601762455296,0.01475591762251913,0.0046080028893945935,0.008923508172375645,0.02232109106805789
685,0.005384409690724425,0.010567426834710108,0.6962554428472622,0.01801473732764388,0.012127184589879145,0.015118463566121596,0.014938825288830932,0.014308027377104092,0.013880468409638412,0.004370995880671402,0.00973960606574129,0.03697593193593142,0.007738990739031928,0.013821708826752857,0.0040240750304736325,0.004391790039614398,0.006606046060306946,0.0065545933181058,0.009331013016060048,0.09585026315539559
686,0.008713051364784317,0.014340878311201736,0.018659295510094036,0.012548335800579997,0.016682200486780062,0.004068809714468624,0.022783398640685647,0.05633120898159844,0.016396913870339796,0.010296719408581574,0.6759442634272236,0.019056416714634736,0.010408033394318715,0.014267826000664282,0.010945687355834366,0.00566263886020728,0.008408194133219485,0.0456757662487687,0.008897780574886658,0.019912581201127964
687,0.06293344647611951,0.013322466215254026,0.013340656902818958,0.017555361513102743,0.017921466559015962,0.6653033957296602,0.019560871947223904,0.020079050190366404,0.016278962950811587,0.004599827677558537,0.017644852526448648,0.023820165607831574,0.007401446979517649,0.015557168463852446,0.007271171455349805,0.023150793566905668,0.008548722534026979,0.019638088552149317,0.008956326785297924,0.017115757366688106
688,0.007029319296377225,0.013518546721647927,0.015339867827107953,0.012574747007581544,0.020730955099771686,0.004046583835141995,0.018450474870852305,0.061110497269709234,0.6840625781892586,0.004648905826262423,0.01510783008329231,0.035565308089913324,0.009483017818195556,0.025491860412355904,0.02028340524178863,0.006349610317497816,0.010458144622814573,0.006006412230914742,0.009139575129534935,0.02060236010998123
689,0.015376034249294441,0.019185280906881246,0.0024130884548751526,0.0020586098011504943,0.0027123909602414674,0.0005789875793324674,0.004223571169688443,0.04384706281461421,0.003008297954891242,0.026286579417414007,0.0026924335936493733,0.003841874907778652,0.0016412575947034884,0.0034173682684649365,0.0007518603392174995,0.017506293254691833,0.6906796459663982,0.15483575158312923,0.002007254534496503,0.0029363566490871384
690,0.007865692978520326,0.015870821922855837,0.018105508965582672,0.01591389307189299,0.01845618667329337,0.024257578784546527,0.029725395055351465,0.023287735785260322,0.007627160300278237,0.005644574625591892,0.05947242529840719,0.025959090249502062,0.010960320201697715,0.02323258508060464,0.6438795469526357,0.016314263973980843,0.0144631753911768,0.005794633173491057,0.011329780027886743,0.021839631487443487
691,0.006265665590494092,0.01463160041352631,0.016092891097318228,0.06660505840251153,0.01556475544164787,0.0035154296441998936,0.016720478895506003,0.023452500278696237,0.5917427776972769,0.004552600835243092,0.011328637294252902,0.02840684939960045,0.007042486226908742,0.022531604377630094,0.12807379606742442,0.00537897812403021,0.008929381820975933,0.004651812285435059,0.0071968840599148,0.01731581204740716
692,0.043634664905501004,0.006624400318153837,0.30703783127788065,0.09056086939530378,0.03384174805896054,0.15842044740434555,0.058849005566842666,0.0074049473197783915,0.007900890948261333,0.003933508847950314,0.008332025170723262,0.1061305676968343,0.004376411972103771,0.015451688441098375,0.0017352978801195894,0.02398299219016808,0.010078988028375008,0.0019417749685995264,0.04601623567721605,0.06374570393178407
693,0.02475649107212054,0.14270013724052294,0.002488859686933141,0.005788012172509721,0.004288399504278407,0.0006600139423760177,0.07991742491120808,0.12918191451534822,0.013297564408720673,0.11608541835906015,0.04076851612776764,0.011798240248280863,0.002052490694394506,0.056803459620429986,0.010821418434661874,0.024523829683346106,0.0834131618706312,0.24559233904093083,0.0021921543833844557,0.002870154083094512
694,0.09245545711048234,0.040527134248529384,0.07153682168733082,0.07493001539815367,0.00843684702400576,0.2347801340486291,0.028628892039947562,0.0071472446410362316,0.0061876853873995856,0.05839033761075279,0.08717930665233864,0.03619511332072026,0.059621931046484625,0.1617381488255963,0.0009927039301604447,0.009999967654876539,0.0049002057324198595,0.003907926144723356,0.004062847484130163,0.008381280012282525
695,0.006549935375077077,0.02091340088962024,0.01628852459507367,0.672692270316873,0.036221672097483566,0.017081045036446044,0.032194138255764636,0.03465021038547925,0.009549054133021685,0.0050623919465088265,0.015578108282082349,0.034182216943533655,0.010176876589571664,0.01612714562529222,0.005453363577019036,0.007216817418776268,0.0099490223932957,0.009309724057498853,0.01075731094249929,0.030046771139083064
696,0.006764706755223429,0.040545691628122826,0.016686853738272108,0.010697364475998143,0.0170042946528133,0.004185492796331887,0.027614829228432468,0.02425290105213505,0.019655639758864613,0.017252385825780932,0.015352207998348442,0.031396809268710274,0.010876119765160128,0.017963698430063197,0.04923343275487183,0.006954855712835259,0.01117238146628547,0.00567672829433204,0.6482570557882114,0.018456550609207215
697,0.1221235244671593,0.06902825009765731,0.03530886963177712,0.03661682035255478,0.038533489140205435,0.07084313323488835,0.09267997604486149,0.006017984663001932,0.04985924260119194,0.03258761911418118,0.0503883434973454,0.06196633526007392,0.001278414898305707,0.07412331019965512,0.024110536987766582,0.11229621355621708,0.04352705686057286,0.014250820857990001,0.013335386354219768,0.051124672180374746
698,0.1780643492655275,0.0233443383062058,0.048590120382262146,0.1704734483017395,0.006167477282771813,0.02106159100127325,0.03398978727571485,0.007076281147343726,0.012695904224249144,0.002422746316857793,0.012635801843159501,0.01836056057546968,0.3023461438826258,0.0652351734303645,0.003437499050432672,0.07562617486400411,0.006397845515051005,0.0031538013721369813,0.00389719023050167,0.0050237657323085215
699,0.017335966986512283,0.015282070359106732,0.016284460949295823,0.008096825797368434,0.020357807784964366,0.00515743417012112,0.025815301643059823,0.03436523844267365,0.01546857987664313,0.010443869143726298,0.015477473879689792,0.027291193467214706,0.04591257209387835,0.01911096497905635,0.004381416501003955,0.6589002187327225,0.02568004181568514,0.005759308003334986,0.010466886941375899,0.01841236843256673
700,0.04762672082708705,0.058074426068072484,0.0025568149018209124,0.004011866753878077,0.04287124586842379,0.011164604654047776,0.05516246319176808,0.07342642950968332,0.04519482582132616,0.06744542552556261,0.07913598531847449,0.07772424694156485,0.0731209958216677,0.0909265563255419,0.0201923761595781,0.025699910526078222,0.08235610378019287,0.0962039172178164,0.014701231536150883,0.03240385325126435
701,0.029082929391329924,0.017240582308171,0.022361526250393792,0.006190647423297798,0.019419994014630255,0.6779746460379396,0.021393716043429337,0.022048751728031436,0.017933574938944968,0.006190046820587834,0.015482971523998915,0.019400690872114143,0.014140358225571047,0.02016400734649729,0.006890798750331646,0.013648609672577309,0.010421305341063574,0.025698960162571935,0.012963499905949758,0.021352383242568485
702,0.0026633341521443525,0.029360879123216974,0.004100416318002997,0.0035513267268337534,0.15868350064826456,0.0025318566059525415,0.09773891239660819,0.08913738186479035,0.005038706958006428,0.045577369995532045,0.05195160835115729,0.004860308453768576,0.0020748883282670338,0.006940574284480448,0.004251456624947371,0.002793024166693623,0.00913841061318752,0.04545940330905648,0.16141784051919106,0.27272880055989834
703,0.05509425642587604,0.04801753623489789,0.1018599705721215,0.0854181189327624,0.036435181404556406,0.032256651220488826,0.08895658935108636,0.050493293773039266,0.0031939001105966485,0.051562803667936565,0.04961598459117264,0.055430681074897875,0.012495685206808334,0.07693329153719951,0.020116270039848613,0.04951637714604316,0.04966149421008613,0.0478061709181052,0.018005909044511582,0.06712983453796499
704,0.017490769865597652,0.05095785827879957,0.1162590218142405,0.02302292263286218,0.015981292677530585,0.004172807974515277,0.04851660169071138,0.010961605077391783,0.007191612319737978,0.0037097317756388973,0.004578149037321105,0.316533319934821,0.004252978197157896,0.0402692365493916,0.00703462812865285,0.2594802822985009,0.03794407649824617,0.004081965493843369,0.012651029284347923,0.014910110470691447
705,0.006321391839496153,0.032150346547675894,0.015528340190949631,0.008474533445512819,0.014645421682366008,0.003753770758183924,0.027069254235099156,0.017583762391703166,0.014243365766679447,0.019457434323578406,0.01074114433471532,0.025709687829251662,0.010935363499211918,0.01421610647220705,0.015917534423407667,0.004606176003949057,0.010085635707255285,0.004556334645669299,0.7270105218092637,0.016993874093824395
706,0.010464844103619737,0.023859438916873366,0.06151290787684868,0.5738420111298301,0.024027399701066526,0.026331543882496845,0.03602510044528594,0.027475300627425432,0.013917071890205726,0.007516570796884031,0.017521176411538178,0.027868472426332773,0.011929786764997162,0.0396672091339115,0.005696601052902853,0.00875672900003998,0.019736085269562206,0.006746949340922837,0.018363625510544834,0.03874117571871125
707,0.018844357585506833,0.020644659791308445,0.2586451946185577,0.36446272616337466,0.021280930629173193,0.04298036824974394,0.03425397780653978,0.019321209516225426,0.02114287288183919,0.005435045519675867,0.018975271038965916,0.05000364965959979,0.00748330117182909,0.039205748245048896,0.004823144319471326,0.01710834679284577,0.012925995701517798,0.008676842058011437,0.012887384207641654,0.02089897404312323
708,0.05661841959257084,0.012419691748815718,0.02606197982071797,0.015231205958722328,0.027103274618756598,0.003590016228340207,0.02520077379501669,0.0700453020992648,0.024285369404857735,0.009328499726640897,0.022098047398749474,0.017325728993803764,0.010027165207880807,0.03316305858386877,0.007017769950585223,0.005456123619387428,0.02281262273719596,0.5833510355438537,0.013408236101942148,0.015455678869028973
709,0.015943481426152484,0.018130120711154562,0.018858206267180454,0.050375578395455166,0.03131264206159,0.005473153186630244,0.02791712328946225,0.02848620808454431,0.010322534795350263,0.015847652719946436,0.05063599366154914,0.033549555143436216,0.5216280620540553,0.03801185939207309,0.0028001322975660125,0.02198253102362648,0.031003526419235816,0.02181933415939097,0.00823137808561377,0.04767092682598693
710,0.006107104933075348,0.025975639982320567,0.013501200348489407,0.010389774089889305,0.5997203967080442,0.0030811487105811167,0.025702001417920475,0.0363933395393332,0.018809626286058985,0.04555822530252053,0.01886726093471334,0.024351460498915015,0.010886902469432368,0.018404444432365597,0.005075730096117391,0.06589261307852805,0.009552625565395646,0.010700816198328925,0.02291100029037986,0.028118689117590617
711,0.007669888222746668,0.597695125109175,0.033776885546817285,0.013981436304193259,0.028258543593455872,0.0045489329063631,0.03095417741893262,0.04580876689384206,0.022885472622954747,0.007401424519480083,0.021850275264081755,0.05195182543993329,0.009690032531022002,0.02858366147420026,0.027581371774901043,0.014102332144894822,0.015134411777488132,0.00806036106650172,0.008211487131143258,0.02185358825787302
712,0.007448895769972922,0.019622351762623017,0.01785433127939136,0.011987821249040874,0.03722138312165326,0.006417740576149106,0.018132203751614874,0.0291730756720389,0.02389592743547906,0.008024448457252356,0.025774293959449867,0.023507392638015812,0.023314507768652314,0.019594042415385718,0.005406406096199161,0.5860554601866105,0.016138249618001664,0.007671604087625299,0.01620181302349999,0.09655805113134391
713,0.005966406705367544,0.016506863690040657,0.01495007821145581,0.010995471173374578,0.027004351261427244,0.003152317012466007,0.5074282668539382,0.030922456679836303,0.012243763939382781,0.007457934985335069,0.017092084638582205,0.21738646338312692,0.008703008107306268,0.023045275072253135,0.016161840308222073,0.005816275878738438,0.010441569684063078,0.006602104985167954,0.009334686479876283,0.04878878095003954
714,0.01126671624831869,0.02319776237086268,0.02183665612656633,0.01902713341482146,0.039578006060813214,0.007563366912447527,0.5268325320826198,0.034122177209043376,0.022951557481451706,0.007753344904231996,0.02404832870577862,0.08568683920364789,0.007636681909399685,0.01982622556755287,0.019524855144252323,0.013571683620873356,0.01588215597806834,0.01131264205279417,0.026191550693519805,0.06218978431293619
715,0.004908217230773854,0.019615716857863962,0.01566740005341759,0.011688894641694945,0.43022834363384577,0.002906949384097113,0.022161560375121018,0.015589452104831527,0.019524988859349363,0.03850311684154902,0.01658829364076592,0.02096672882331608,0.006538322557621607,0.017796503950620702,0.0038206826195494124,0.029087538234309183,0.009582334959093934,0.004641880015734083,0.1651697767361217,0.14501329848032324
716,0.06674668080183054,0.037717557627422765,0.03220332973755204,0.022376035642417955,0.009325185379885328,0.0151701827030385,0.2846657362744092,0.018167912555821956,0.011080829619446866,0.004379412891198609,0.015252884717070156,0.2971973541243463,0.004324468793739936,0.0659635906314269,0.003423357534733227,0.04532612237165927,0.028155758671178945,0.01887972317739355,0.008025246344318122,0.01161863040110984
717,0.009654733629407128,0.015444629483657777,0.007052266454210972,0.03133835421864159,0.009747768852051364,0.0013777506575453858,0.023914051233062242,0.01567868575761198,0.3438254707108285,0.08171656316482835,0.08591278240640875,0.012963319643373935,0.003940013943225542,0.09989438670686547,0.1660296324310823,0.014406084342490534,0.043817819952674995,0.011928368251564729,0.005195914995981623,0.016161403164486898
718,0.01934575373626513,0.10566219569907681,0.008598834417292029,0.005089270565342203,0.011646055746320622,0.0017221303700204176,0.005985546453697922,0.20340487629217754,0.00587558400845674,0.2852042495352569,0.0914799872474828,0.008621124776740312,0.018850851976502873,0.004916913608128622,0.005210039204624949,0.0024821519823534153,0.004767664632190114,0.1974268252510956,0.0049515095871910785,0.008758434909783987
719,0.006136581253632181,0.017850879986557912,0.012736470958845192,0.010743075571038804,0.21828981551143586,0.0033109700262863024,0.08969976299580237,0.021844165613018624,0.015060580215392127,0.0051318280635363105,0.015089748773190205,0.02246299633407443,0.007251375203626079,0.012057310473342797,0.0039103736844595975,0.0052348622491550836,0.007964543237638592,0.008219657497140043,0.173489838625224,0.34351516372660357
720,0.0065048968575248615,0.015897445601137813,0.01490315437224148,0.015498032793231436,0.08928495868216263,0.00575039682843146,0.014737483125996475,0.08995229402659052,0.029093939015489616,0.3319417899722291,0.26276534256639383,0.018855083572464897,0.02031402843203941,0.015924026070744158,0.008735078936057676,0.00484040616471245,0.007682062376849143,0.007654473669741734,0.016263323919170274,0.023401783016790998
721,0.009251239122361235,0.02123701828809385,0.029480908489498067,0.07205979123937903,0.03276642151285963,0.012761433059328801,0.058604700367429235,0.04358857925673671,0.40619248804340147,0.008390982255771775,0.018966478411877315,0.05477315477000482,0.010628824747992068,0.02481934394769662,0.0885313065506142,0.029237602392554803,0.023175939751391466,0.009271181797399846,0.019681960492898824,0.026580645502710373
722,0.013864686373600986,0.028045375579238346,0.4799864478009907,0.019740757896418215,0.027758158014794847,0.06336754617941093,0.026430746211455896,0.029045375035101913,0.02697723873602205,0.010005725184852576,0.03903945127794814,0.014866160506091543,0.010931373303337065,0.029056954500483526,0.00696789514794167,0.008171337964805273,0.014152362244485952,0.010263811976744086,0.01881840018199129,0.12251019588428501
723,0.010997760827166591,0.01438108573968521,0.014684783366042389,0.04907989165491823,0.019451856022165002,0.5689071807606251,0.051763995124898994,0.01730499597678886,0.028317543198207493,0.009823993387685064,0.027140846366344486,0.01498139796307926,0.013745892538385937,0.03510204475017969,0.00428489601549637,0.01012896436738471,0.01117083598130548,0.014632861657302746,0.06843657047607477,0.01566260382626358
724,0.006942321211768782,0.0163305257797968,0.018764693349812574,0.014249005210632906,0.029080924343003373,0.044973421278171874,0.013573533360979943,0.10626955249701253,0.014013089339293275,0.006256314970471906,0.01723659481311664,0.018972547416145628,0.005805869416453744,0.01941574629720067,0.6075125189406226,0.00885026639692472,0.008955663087031484,0.008190708292468483,0.014074683380819278,0.020532020618272764
725,0.07126856896505607,0.06803494125659368,0.026532886110327274,0.05173514207133832,0.07028523195762322,0.059028013975890796,0.07106673496093979,0.00551041057827312,0.019477710856260086,0.0021067052762226996,0.034569477593237224,0.06439292916834871,0.030252727021573316,0.02699776871381411,0.019292101412193046,0.12641769222958035,0.04901090801674086,0.014742589450027158,0.10887785609809392,0.08039960428786624
726,0.0036004034658447992,0.010453308077672906,0.010272932433928105,0.008898232214717425,0.007545576530393279,0.0034811220817339114,0.007737142472103633,0.2538782561555489,0.01692330574139817,0.28915734707090435,0.15655999593126407,0.013825538083660448,0.0027530125503858077,0.008061082000370416,0.0030615328141885266,0.0039321833285621425,0.019283387406962393,0.16300458000450438,0.009182069643210155,0.008388991992646234
727,0.037581034395908444,0.09451945660521709,0.011934390076954397,0.014617547418783954,0.019163049542586727,0.005132558972176784,0.015685669925815524,0.14757743860863098,0.01570696829198986,0.0055833046529354296,0.022912816100120317,0.021609512175836933,0.0045928987635094785,0.010841169531426312,0.00431995652375759,0.0047708309150411386,0.09873920781361256,0.43821627414185255,0.010357540210191887,0.01613837533365204
728,0.14586998252983144,0.04146778960756542,0.017362439734718894,0.016584129851675525,0.025983024854647305,0.003761831055251179,0.013234689821721102,0.060246752853693,0.02524715000258118,0.005715235060966459,0.03151671466782908,0.015618663272415095,0.005093414985003225,0.02648588947238454,0.009712430563801368,0.006135234075813921,0.008825410328552679,0.49596896770973786,0.027740156564596562,0.017430092987214162
729,0.026104027284145025,0.02336855909125296,0.02678875209706856,0.01865810851849342,0.034774176224295975,0.009074213554065909,0.04159833775690652,0.02346465724727437,0.020455694303969492,0.01623564819153711,0.020546255063676286,0.02420943287059586,0.5898540177347452,0.014575749978249829,0.005472606560665275,0.014381075137687292,0.03302095173266021,0.009744617768103345,0.02358465372069105,0.024088465163916252
730,0.008074461140692728,0.582986535198346,0.024626502743018478,0.025304485439880047,0.042327942251125364,0.005867473216836552,0.018780873665073985,0.023106203162656023,0.028448134570009213,0.008530918720741859,0.02489718268347045,0.02241046697504816,0.009295324316466128,0.026600869975257846,0.0479052373114111,0.01197478425873251,0.014051721099780784,0.008838336381380842,0.01885925216114103,0.04711329472893077
731,0.006695516583529139,0.013063168938732807,0.06195044986316986,0.016910361509741026,0.02416802856997229,0.0049937181049762415,0.012852376718453703,0.024803321687340327,0.034140657539205574,0.006461214917517862,0.018388945686197967,0.060600869346159714,0.01657198654281998,0.020461355508860447,0.5807437142966217,0.024428306118512568,0.011173397018632396,0.006630724301279803,0.012307747714754146,0.042654139033522415
732,0.07744254206390393,0.03011053951148725,0.09413068518694193,0.09791505184567471,0.030451606182832505,0.08399318012762408,0.08128531027058922,0.0063260452331526315,0.029456194724992796,0.03291508968609266,0.041067180617985345,0.05467943616152118,0.05359421014551333,0.15894363526622196,0.006953158898384081,0.04109514140831508,0.021105607315357357,0.013442590394358668,0.009291071082222747,0.03580172387682856
733,0.016400458339966766,0.028436457058731657,0.018065295113060945,0.1072076623418506,0.02049612241739544,0.008635851407608003,0.015972037266028756,0.020309416218056923,0.08994640750231579,0.008761636285493571,0.014949343864539527,0.020639150106473984,0.008749811497986664,0.4233964279909836,0.035299369342102954,0.10077967120775712,0.01780029881003384,0.008562806982103086,0.016495232912678594,0.019096543334832246
734,0.011765024653537091,0.01343862650378378,0.5509898440130625,0.1489551975823432,0.009974019032587225,0.06342686886939089,0.022845479660615328,0.01136720681933608,0.014313759723957379,0.0034088594816958726,0.011507885381040368,0.029579114520317164,0.004090790962179989,0.010298112342443736,0.0038225059349674753,0.004688379409150449,0.0053393028673089545,0.0044180477016877015,0.011330469231652941,0.06444050530894178
735,0.011628416250701178,0.018060209539187952,0.0180172141808414,0.6796958089754868,0.01810819427585011,0.015235390421452598,0.014589862903671532,0.016075238506548923,0.042671641389834584,0.008192800171330871,0.025283967288796276,0.01719097598709768,0.007322932978204367,0.03361092556878412,0.007889397095264788,0.006068608995244201,0.011507902687622189,0.008498225921897522,0.02169953944322797,0.01865274741895521
736,0.09847476679293456,0.2550520192225723,0.010052011984266956,0.008131609824408716,0.011812296944495473,0.0025598390716461434,0.006920409821680553,0.018020650432591826,0.007355616381677447,0.2649807542052661,0.06963564002768857,0.013866243266544266,0.0251166724433416,0.025159224982605262,0.005001150805571646,0.0029259666409054354,0.0209368722675322,0.139163539648707,0.006161494054197496,0.008673221181366328
737,0.011005463843878304,0.023863503588202155,0.027011308115979682,0.03568167152988922,0.04846991956159411,0.007655981111781473,0.03475318190258561,0.43424708473883095,0.022236626694075896,0.055410149183755274,0.03213617662524385,0.02858686515775691,0.011034051926687041,0.025365280172354742,0.007033023840613225,0.012621241196428226,0.038455254012488116,0.09170250012724424,0.023264606335929403,0.029466110334681536
738,0.008789708665392255,0.06766119832684042,0.018708415322690148,0.022150442835491776,0.030003881580475185,0.6026142763407775,0.024629216043959245,0.02505305717194106,0.02325975486257382,0.009171698785991335,0.0294033296725381,0.024062156450691007,0.010895587363179847,0.026888102997415453,0.006571921415942122,0.0055188875276203355,0.012185054383801495,0.007876426067850599,0.017059348459885378,0.027497535724942932
739,0.016950896472194547,0.024565844251272482,0.04588406008230794,0.034015119779381736,0.04657862410592772,0.014690911337372017,0.021922186990454177,0.03993000044905361,0.030462798852584887,0.04909133419411814,0.0332986635953609,0.04650262909764274,0.005590578926198341,0.01962208324292449,0.46799415834721564,0.009537885748998037,0.011777130399045661,0.01804882787630799,0.019585675079044868,0.04395059117259405
740,0.5248607322515504,0.04896334158376344,0.04317427999415793,0.011167280956766747,0.02252272361370881,0.04053487468581428,0.017812505167971962,0.02858334704393556,0.0264634895108409,0.007728407889080296,0.020760411192769817,0.01871480788627265,0.004825096919186272,0.019374197154960283,0.004813998328205282,0.10547583497469135,0.004904363570017876,0.0199045403718936,0.012953071989537988,0.016462694914874544
741,0.006734614723953621,0.02214146677317929,0.020505843050275228,0.01692808669644591,0.029250919692672288,0.005041442937396963,0.038285072103552115,0.028311420987329045,0.024680470035928274,0.008752653567593256,0.022230743833791065,0.019866922802942,0.0055014301001329305,0.019578434774574365,0.6348167942328197,0.04142590185106777,0.009457494342570531,0.007845558860076936,0.015555576839060784,0.02308915179463788
742,0.01142889823876253,0.3643865672662232,0.008984257760958254,0.011039735469564625,0.012652042491956299,0.0050457783393054005,0.006906335153213602,0.04095968189897346,0.01156251725115683,0.0044753909445429405,0.015918104277386092,0.010024552571417227,0.004053307206948228,0.009788845531909623,0.0028222609086871603,0.002839289468129184,0.011118778645652201,0.4487036031988605,0.009184732309551611,0.008105321066801001
743,0.07471853327839455,0.05217725309475449,0.013102115912078188,0.014337119819083165,0.015805158016412416,0.009282340703533959,0.05714853713054133,0.014103088218302022,0.014743461230173442,0.017999957342813167,0.06026276273487511,0.029782130860150857,0.02873793666869455,0.0415766517539414,0.0048699086846742045,0.45880905019408175,0.04137921523426321,0.004719160401263643,0.012187298163314758,0.034258320558653826
744,0.011557622199106384,0.028090655414012584,0.02643212962088982,0.027663879227612296,0.02083742053598171,0.011287016344117082,0.012869083998023575,0.024144236194439665,0.02814153402260499,0.03258813143726733,0.021715222348291874,0.027292209478417567,0.5319714175679606,0.08400654464771967,0.008317420170877332,0.030983686705776965,0.01449682677938888,0.011144708323209823,0.023194526983744124,0.023265728000557647
745,0.01017316140435302,0.02408454064557753,0.047868165275640896,0.046704856159998975,0.026486020026623334,0.504495698996006,0.02780279636877449,0.023258826224408172,0.022355680255810743,0.00590858900259117,0.03430576429438607,0.029118256227326493,0.008020219625468913,0.023842527092285695,0.036220019013749424,0.01671163893717971,0.029266574133808995,0.01597671669530445,0.03439946795225632,0.03300048166844949
746,0.0776333131153491,0.10445463837456997,0.0033884977848420024,0.006679325901152538,0.0705154725558401,0.02548903022040408,0.06743300037950338,0.033616342806110505,0.03522849279434057,0.032294375338186236,0.06169269640412841,0.092415380771395,0.003173919225998594,0.011972204018252443,0.09566837058507985,0.09860837122691186,0.04329362199622325,0.04895865409014876,0.018824167973064198,0.06866012443849907
747,0.004532347876065542,0.008261914452481913,0.010412080796579765,0.010343743121533688,0.012101041725557433,0.4227525062988084,0.05514139957615433,0.02524096096470815,0.026372879246005478,0.027236748114107687,0.043248981273296815,0.18984403868868358,0.006071708512900805,0.06381161835028734,0.009566396219054408,0.01049407078942977,0.032620227212905174,0.02218199399295158,0.010344941875857992,0.00942040091263027
748,0.005346368575589056,0.05197842946729472,0.012101802916931605,0.013395137359063315,0.08724178816857303,0.007205472041917571,0.053103874281392106,0.04392445591520523,0.015947182008537366,0.04873594907242534,0.029569243751108865,0.014420516012093269,0.0051863214047065806,0.011177403785571867,0.007489526199997666,0.004071239444107151,0.006028175151455959,0.01329074536732461,0.4601111368330031,0.10967523224370163
749,0.09970593632420272,0.05705113797022592,0.004876753005058409,0.01601590444213153,0.0077927954344413535,0.05869256184978106,0.023400847809122077,0.030509376104332884,0.17922268122232096,0.03769638363944647,0.03540363584056314,0.058988083699694806,0.029900267954369744,0.09438887986044502,0.08873442676243123,0.08578965297131433,0.049170477357235065,0.023741122267130696,0.007575490506051711,0.011343584979700847
750,0.04073349290602357,0.07837777375626388,0.009105875817793822,0.006794083254226896,0.013315738136799109,0.01399468095761184,0.05676677448248543,0.13245137980826174,0.03158320001495926,0.07884099203329101,0.07563162446988254,0.05939282191858633,0.0024634158281669127,0.0247447076246389,0.012775211137338684,0.026103386557051956,0.136445789662112,0.1699988754651771,0.01851767145656617,0.011962504712762776
751,0.05009669576391825,0.04449694655473736,0.012568658209153885,0.017197280466456924,0.043038452399877,0.02454873560308941,0.09209495171197643,0.030404503845837323,0.10929167575079854,0.05590131151207822,0.0897604167476732,0.029966859726038367,0.0216394205904744,0.02545996220676032,0.1122694501562076,0.044608232383360195,0.08026735582078641,0.06638445662772806,0.010980325496716285,0.03902430842633174
752,0.07757342152071134,0.007255744282395347,0.14507718030339678,0.17468123047285117,0.009497638032653497,0.04462638383886583,0.047166106246242755,0.010591331533497013,0.009472792010588338,0.0045641838478226796,0.025880169111616544,0.013559695641380237,0.032795282657250895,0.08744191098891597,0.0024897532736888627,0.07657963938399938,0.06367205205971105,0.015514459175688009,0.00822350345987741,0.1433375221588469
753,0.03888934418534959,0.08682122718459011,0.018982767532249038,0.016241210734159742,0.0148041565828589,0.006255514322030933,0.01104976284816284,0.017123126798594963,0.016813454862479225,0.009574673569393028,0.04142325554091682,0.1018587040692565,0.1414923233794355,0.024884439753091018,0.004537997554740623,0.09038156984361959,0.24048171537739915,0.08929514852348651,0.014545796843714463,0.014543810494471475
754,0.27016356491181853,0.11559971607783456,0.012052060221313943,0.019735079232147897,0.018168807825206502,0.16612173968849792,0.01271728047833235,0.01723874844226136,0.024109670446536537,0.006464511252350244,0.017093410744287964,0.021234159973200065,0.004841977738526029,0.017692515154749622,0.006079609382447762,0.20889399467219438,0.009327580068913233,0.008514808695945002,0.01900738674032905,0.024943378253107044
755,0.14651447669388007,0.17256962327493477,0.01054105216979964,0.0068397871602642,0.007278025023266672,0.25404587812452,0.007200973159193969,0.007659695436967441,0.007070746910193966,0.002563752023475302,0.02411147469293032,0.008417024835234675,0.011308432205882728,0.006947063145840514,0.007030602585308007,0.162935889285996,0.11359339210136225,0.032044769024946004,0.006847366352574857,0.004479975793428642
756,0.03706990129372997,0.10790569655681292,0.015239682405043586,0.014909278977608147,0.009617408557478335,0.023158095459819412,0.04678292687469866,0.06291811379009944,0.016828148648405136,0.22320213320411433,0.1344511300402715,0.0230127376730742,0.020898594357271805,0.020713985021082747,0.005059374896363321,0.03766546033905463,0.013238015045891451,0.06655107179439487,0.013159265944803898,0.10761897911998157
757,0.3464853243111022,0.015780231983658567,0.01718523268691863,0.03416760047910628,0.01555967225093783,0.23358400663514323,0.012357786922264878,0.016763147626419936,0.027128902587210027,0.005753661125758003,0.018897333766605216,0.01602556775392096,0.0035513643194991693,0.020302255751478888,0.00451306473268823,0.15109714625690657,0.016141753312679315,0.008603675947975986,0.013779114529251154,0.02232315702047497
758,0.008712661304237658,0.020908297286619495,0.022197908141346794,0.06070808248726657,0.027989406617055537,0.00904401518302773,0.016005324497719946,0.03425936062406817,0.6037549184652968,0.006798653726298915,0.020658271328312376,0.012694645660296837,0.006830142770472039,0.02932727034202521,0.055893375519036,0.006663323428654015,0.01295278060872428,0.010968100316130578,0.014622377436096965,0.019011084257314056
759,0.018297876890600806,0.021249573282033377,0.01651325911674883,0.023115178116430355,0.01403850317011439,0.009964788320695014,0.012645658730306882,0.017156874035406097,0.027173938344994167,0.029857596575068424,0.01629115671895231,0.09134936551054833,0.03714774663714093,0.017536698290088318,0.0056474720675293395,0.5176098035635017,0.08105271893243693,0.00967817709633867,0.020405738684479553,0.013267875916585405
760,0.007790057817789488,0.07175883603407512,0.017818876019923706,0.021658464033258447,0.013497567323540089,0.007580683311209691,0.06489481538708947,0.012070320451081385,0.01917478620596546,0.004520177067281069,0.016466253893727675,0.013833057607281297,0.004873474362933483,0.015155777320722819,0.005030731232921313,0.008008412600731782,0.006502018422297854,0.008733708438262749,0.014152395397436315,0.6664795870724708
761,0.4579484905996664,0.011679579474302015,0.009496400795331731,0.029717994758477813,0.010419843101723659,0.3059865181793333,0.010571595654830828,0.015719685871919197,0.009582495119989912,0.00420271732147732,0.008963653023459271,0.008631510397118188,0.0037191847056071603,0.012939167546188346,0.003986359496545861,0.04434369704043998,0.021404930760804092,0.00943503961143977,0.01139848110615774,0.00985265543518739
762,0.004209698059053363,0.052845549983489754,0.012585101998331827,0.011214718277910641,0.011848348531824988,0.004904579478889339,0.25345671767455485,0.009597021486954536,0.03951356752823884,0.06514587872495928,0.019495231103600283,0.08996396298678788,0.003515822307419101,0.30390238488984156,0.07724184886385375,0.003402253539815404,0.011128773798961706,0.00590816381528931,0.01195516749798459,0.00816520945223904
763,0.012401656581460275,0.049345662096237725,0.015070836376064255,0.02299798405902212,0.013709106962976676,0.006572221669783599,0.1614122535142601,0.026901423392393313,0.013188469191882395,0.024808695325357327,0.3035764171288376,0.014559746481248316,0.0063647649822837086,0.029859468545528494,0.007816323352356973,0.008119560798049917,0.030594621461460716,0.032046238799787755,0.009931036472299178,0.21072351280870943
764,0.013847222954400893,0.014206880166830835,0.04195049022834867,0.025756177236123026,0.03138462857246566,0.02105355614368001,0.021991710908948706,0.02896359764695338,0.03334492922534876,0.030271528442468793,0.026735544578912952,0.03510664634632645,0.01004317980452446,0.023966685933168384,0.0349670994199284,0.010234160317278479,0.013731875323400285,0.010232027401340835,0.5395452022355076,0.03266685711404337
765,0.025403159441842408,0.02060541068644228,0.00872798288030979,0.00685495169283536,0.017110988849319206,0.003320983494048248,0.11150848772476325,0.01583007243513678,0.07073983842805669,0.056620958641515826,0.16315147099941152,0.02241164432755086,0.0016357187033442442,0.29203876564543896,0.031888942892302326,0.06089399054060607,0.0448996919578295,0.014908206974449698,0.009731679687354859,0.021717053997442056
766,0.003646564642511766,0.04631299521954398,0.00888246944532391,0.010116686836128272,0.0046387561627316545,0.004033019622548545,0.01603689498386224,0.12050755738781462,0.014213255809502091,0.37199461960559105,0.18278113802214105,0.008150465570198096,0.004952795414646653,0.009883560972215455,0.004777210120897085,0.0026415222117771096,0.028249199239502712,0.14186479089545173,0.007621054363487813,0.008695443474124227
767,0.0017357087986508628,0.007337523126691782,0.004325785936759833,0.0038965265155285348,0.28590727244563313,0.001558664275554793,0.1344675543888687,0.047711583922533184,0.004620311809424477,0.08596955551712177,0.35465376797332904,0.016223594639579744,0.005204486012814676,0.0030202126071729326,0.0018976444839180072,0.0014832372509897304,0.001954067741833872,0.006164875838136394,0.0031584901870000373,0.028709136528458547
768,0.011234198113930888,0.2348906723444743,0.02705134389079044,0.02286129992091176,0.027414693584749503,0.011316698317645877,0.08710251114792511,0.05512693910225585,0.01587660720000151,0.007403751490411194,0.01621820855314457,0.023692787966877654,0.003619748717280471,0.01888816907332159,0.009336008826735284,0.00922216549430142,0.01386139033309545,0.009830522108417039,0.022356884712658082,0.372695399101072
769,0.0068824013377582795,0.032745625801679105,0.01517416692664404,0.025961045953935738,0.6711067519905032,0.009889807893824792,0.01060427086227071,0.013859266521956343,0.016735123133274812,0.05320801050163548,0.015592574771844744,0.013154995725340003,0.005535997455604302,0.0151041695302346,0.005537637547400597,0.03837601563902387,0.005376369256786701,0.010381652053539912,0.018026177511911937,0.01674793958483091
770,0.04414587121003641,0.02105758529241972,0.016292409796860734,0.026604081938607874,0.018876532536966792,0.018847100394830264,0.6075642578087473,0.014781272495972006,0.012552629050944666,0.0045245845732000654,0.0167823792062758,0.03219024868170038,0.0026158991050261784,0.01653924072875208,0.02330026251483279,0.07246385787882453,0.005067490244287914,0.01117827899286432,0.023249212480021368,0.011366805068828837
771,0.008302987485522504,0.022265931232635247,0.014124434507118403,0.016725929031319916,0.018715179540202118,0.043985215295694546,0.01610191353270544,0.06417205547441435,0.18135500882022415,0.005134947723605873,0.014854266878375186,0.012289705430849597,0.007863672690305122,0.01855598048786626,0.49823328819895984,0.012874813963288266,0.006208671644089883,0.008846043920127507,0.015298902067758326,0.014091052074937473
772,0.010622374593740972,0.022211191125708837,0.025410498857517658,0.024726399408636558,0.026092913195940298,0.0434740892766525,0.019746752406056826,0.06588434195792887,0.020013545064061288,0.007145986247919301,0.022101584345174466,0.022650788538165285,0.006832280972769633,0.018272776076171494,0.5573561919749795,0.029796534124099112,0.009376824278705191,0.01641851452036291,0.029548537841016766,0.02231787519439245
