site,A,C,D,E,F,G,H,I,K,L,M,N,P,Q,R,S,T,V,W,Y
677,0.22894862290584594,0.011134586869470562,0.005941700554636873,0.0057411521973864685,0.00844517795751553,0.42101218334723844,0.008265308340245902,0.007579755350012994,0.012635717049128609,0.0024281781304835086,0.006398356509614155,0.00758004364440858,0.00403295028384881,0.00876209228796446,0.003471836273207487,0.21452294435884445,0.025882186062963327,0.003373811010839055,0.0054790762095131935,0.008364320656831686
678,0.05036699328743116,0.0583938080196676,0.10356382212679306,0.06659045792693671,0.035522942377767076,0.11020832331784887,0.05723361223683674,0.010385613524809286,0.01605607244496332,0.013320374249446064,0.04842027333966654,0.1379622882384874,0.0011241209298991286,0.03398729621752086,0.01509307059839149,0.06801411785646656,0.07020558447798383,0.038727384345586445,0.022954246838780643,0.04186959764471717
679,0.46665834336665823,0.011556763564055586,0.01222682079904396,0.012783480967977512,0.021873373956024452,0.0036960597850215354,0.022209984807278708,0.02661077321470823,0.020150675614914768,0.006354005444152269,0.01885357894614388,0.02369901193283491,0.009809899332083857,0.02055621244304493,0.005266537078737192,0.26518065122299006,0.007451980389372095,0.012145192865060467,0.012630583503059324,0.020286070766838162
680,0.008238186978071762,0.01392527375257393,0.01839523346849702,0.018628562514490944,0.03140069461908404,0.00550947814947769,0.018487792998586928,0.24590706311652144,0.023538535168979895,0.45078479116995035,0.018248072831870167,0.017177499128046284,0.017244107965715624,0.018128384283583387,0.0046335746735199695,0.00469318034372994,0.01033647383800527,0.0430850905290916,0.014946517838318107,0.016691486631885577
681,0.0554477999797672,0.038627494747305036,0.005734754699243043,0.004665873507218082,0.02647369456792772,0.009032641180111467,0.07269106880783151,0.03204959919547012,0.10056085326502838,0.011441360625287856,0.018563168670730112,0.054527894192380695,0.0028052853080347967,0.08742760121475408,0.15604913153457958,0.05441252062598991,0.1013784866823455,0.050295194976530753,0.041607149399144526,0.07620842682031964
682,0.006080167676551042,0.008297055327109273,0.008737301498589941,0.013671565243372643,0.6754532286140646,0.004320435831510432,0.01712869470603735,0.02173790707567962,0.016257341981471524,0.06459211710946478,0.016139544848794107,0.012759019153293609,0.00965537680879183,0.01967082954794847,0.004186056450765628,0.02561996571021402,0.006378206121321434,0.0038065280758669104,0.03614423391717248,0.02936442430198026
683,0.006293444438350358,0.010238921669381399,0.016451613527144752,0.010628143687157301,0.010040754133460728,0.004082915040110518,0.021341627142397925,0.15664965417187773,0.014785047499406997,0.5476656736678646,0.0879323325418837,0.021181189895778395,0.01116842678852968,0.01410294446196289,0.004061763244443525,0.024125491239652987,0.009800636084098953,0.005724345052977646,0.009515199381803282,0.014209876331716583
684,0.007409526773199616,0.016024803748672486,0.1850410927195215,0.01351625237582367,0.021957327145295188,0.005119585713501201,0.0308922457296351,0.02372801491273596,0.019279512674803167,0.005322150407982745,0.013819922335827685,0.5301187214369495,0.008926125098111224,0.01567726396880779,0.005666396724866542,0.034750105537402376,0.019392830856491353,0.005524887330325856,0.01068581710796191,0.027147417402085188
685,0.00765346784927725,0.014977515597661367,0.6700443639891391,0.0246108544667962,0.017313303416150994,0.02457940574311479,0.021265699197694155,0.02062854503138457,0.0197813974560879,0.006265274467285421,0.013944644331062841,0.04033325444358619,0.010906889051871966,0.01990580482228507,0.005784662422013324,0.0062108386221458,0.00940717108487308,0.00993863634522634,0.013470801107162103,0.04297747055518147
686,0.011345691899429253,0.018444841064426686,0.02436511752551869,0.016180132946796984,0.021622116083061606,0.005285212265510861,0.029599789399500278,0.028423365434586553,0.02132895370010436,0.012269104896974928,0.619722848540752,0.024357553299267944,0.013590204192238045,0.018641468373119058,0.015158420496238148,0.007362304656372818,0.009566049890054456,0.06569035149612006,0.011477318822169338,0.025569155017757916
687,0.06223944537903977,0.017583080367065018,0.017691148717493495,0.02107255345002283,0.023593342424161542,0.6045284114566783,0.026015062907465067,0.026643662620058423,0.021541126826685273,0.006090687244161013,0.02365595878351689,0.031536594123212504,0.009816798308346947,0.020693546654497425,0.0074234404446825416,0.026351089406583053,0.01131839613266055,0.007658634684513302,0.011919406021168366,0.022627614047987618
688,0.009214085205673149,0.017690412534306744,0.020042643264718527,0.006821635932810864,0.02697263517305985,0.005288474637433499,0.024110426870942028,0.0818645713706505,0.6011681530368236,0.006080155133856059,0.019749292696785246,0.04253925196134928,0.012385429885091932,0.03695057121955293,0.01927886484167059,0.008307982971315216,0.014786207057441372,0.007849480925007707,0.011963488678013666,0.026936236603497338
689,0.020402381630891666,0.01784587485319687,0.003918373018974624,0.003364060792379609,0.004237440879314703,0.0009498273014136149,0.006854853159686189,0.0487616055078792,0.004922780504279444,0.02493334136839726,0.004410313762690649,0.006345106743723184,0.0026943191963143486,0.005612904377233126,0.0012362318398834087,0.013563425659174807,0.658687047125308,0.16316874381443658,0.003291413626000345,0.004799954838822351
690,0.010304456908505523,0.020910587087919295,0.02378431448854844,0.021288278864613014,0.024467889779259577,0.04357887631332449,0.03852391034959854,0.030345034716288393,0.010045837541244173,0.007480605453830262,0.015493189939051426,0.03394399297422535,0.014450882053150454,0.030922638189424295,0.5959062259420976,0.006983988955424018,0.01985951900022886,0.007674527756152402,0.01562049233330213,0.028414751353811746
691,0.007523617770477064,0.017521466101630214,0.019329021682261097,0.09280790745592164,0.01867761984388326,0.004227237800432339,0.019957096219612877,0.03229400076083757,0.5008227901039936,0.005491661720960206,0.013626965459727499,0.04029308521831168,0.008427865877468506,0.02596214676327976,0.1406103972395174,0.00652007670561141,0.01072347215066858,0.005592605218137533,0.008639828638382597,0.02095113726888533
692,0.04129242275759031,0.009756793790691599,0.3435295024126377,0.06675308996204916,0.03475236177324182,0.16067916091053094,0.05600898238765017,0.013406105215212502,0.014068998836900824,0.004726322773894077,0.014378963859059435,0.10535805782461873,0.007857498803290995,0.01313255405399317,0.0031275942434674485,0.024204706201022236,0.011693959256898603,0.0034869414478025163,0.05081954331145969,0.020966440177988172
693,0.028949426526269296,0.12685666262274073,0.004103886026728355,0.006605053226670442,0.005375195807833748,0.0010874965695707,0.07948662863732457,0.12481215732538907,0.014896342373473025,0.11704571867737014,0.045133128878966144,0.013717953282545861,0.0030905413203307208,0.06322889426115151,0.010024769176668358,0.029237317896389437,0.08718905766900385,0.23119498215480047,0.0032711666203773843,0.004693620946396217
694,0.09316592299375337,0.04098461863554588,0.06433196220606967,0.07520724906452085,0.012687022692336567,0.22993555255345102,0.02098468149885715,0.009915553941493856,0.0058691834272940925,0.05867418372949112,0.09472602695603931,0.03875779848335225,0.05745902684059156,0.15815995861679152,0.0007626721209430501,0.010478782271189369,0.005078698745019977,0.004578969578684629,0.005570277063842948,0.012671858580731839
695,0.010062264489855536,0.026275224558001076,0.020229458142390775,0.5840496960760282,0.04569856231578182,0.02722827503392793,0.04021085255376522,0.04315869658071896,0.009531268741780369,0.006386137813096879,0.0195093576392792,0.042717548545415346,0.012769858756598154,0.02024416675060364,0.006844085121094389,0.009021428517356074,0.012363759727676595,0.012563904558874338,0.01343330869708892,0.03770214538066658
696,0.00852312818591942,0.02484546213373079,0.02082491007719885,0.013368710306620324,0.02155698737848161,0.004896631087427069,0.035139880284651974,0.030638279700644058,0.02485074172173805,0.0099602262036165,0.01927991141982196,0.03957514908076786,0.013609146270345368,0.02262846411413801,0.08942835387929345,0.008818497661147569,0.014068961769297934,0.007196742324295832,0.5676858032975426,0.02310401310332079
697,0.11028995993059813,0.0735562239391406,0.030985248458776805,0.03653254666522314,0.04259670451549399,0.0710295040011565,0.10051714831071694,0.008292199044775562,0.05982576615767914,0.029081522774028295,0.04414504725966848,0.06470861484803536,0.002788044105679246,0.05832920764115108,0.03576900303082788,0.11095250583177219,0.03891932247138798,0.011130090102121746,0.016667386153900652,0.05388395475786625
698,0.18129520758025156,0.027667846008448054,0.046981259620163224,0.15931190355322902,0.008228614704705534,0.020070964274028963,0.024822545447667464,0.009396985974647207,0.012994511760007673,0.0034139382604653893,0.01838114564388897,0.019310198833671896,0.2895582419648341,0.07566771925085188,0.0048583532060564785,0.07768312675339044,0.0033380639703292935,0.005132962637714426,0.005185355192978917,0.006701055362669573
699,0.02154948768865854,0.019327369957416483,0.020730942007134785,0.010304927621621537,0.02595177237031024,0.006558552832025659,0.033084004285591655,0.044019370101633704,0.019673522133870077,0.014233429720341674,0.019487607605403585,0.03436157665743043,0.042218075688446655,0.024224145288671995,0.00556565692521974,0.577928457159813,0.0363792849566427,0.007313877462575148,0.01368452361961033,0.023403415917582205
700,0.051177714953541016,0.06237496664405078,0.0034382585476444207,0.004269587916879094,0.044726646586168706,0.014905823081726654,0.05424222070449899,0.07159805463027484,0.039853772804212366,0.07253508019435517,0.08626928113180626,0.07160015000041363,0.06721711647230809,0.08982534790059475,0.02129795754261489,0.02506251432268297,0.07691025706017425,0.0915151157679045,0.013378514992995465,0.03780161874515316
701,0.026000288456513882,0.02195860499850748,0.028652200355163995,0.006935393924536681,0.024615994483574922,0.6101918842804008,0.027525933164615032,0.02834657927965324,0.022954827528771815,0.007946093997977717,0.019932606235919574,0.02473629246879555,0.016634786351032143,0.025654281742314086,0.01936842180649005,0.013755762614634626,0.013303388598002092,0.017360715848539536,0.016623352590383424,0.027502591274173326
702,0.004459554883420538,0.028148652188166718,0.0064676179812044,0.00564126610828661,0.14855513723854166,0.0034881359904595094,0.08542159855008585,0.07836074535267026,0.00796599853327118,0.049998031682138185,0.0632027542211306,0.007686127547632327,0.0032949914365606237,0.008939689754462719,0.011163517792223727,0.0037839946551012304,0.010222519142485778,0.047822978996445914,0.1656362374054927,0.25974045054021944
703,0.05522901919835425,0.05109366605265706,0.09172195166111463,0.06838512815379534,0.04196550660048673,0.03328642844430561,0.09019156490605852,0.05492900612114465,0.003015178414053783,0.05134566425663392,0.05085477287194915,0.055548449126367826,0.012269510914950309,0.08289731797992737,0.0220931499520358,0.04976719330938336,0.05383972664181145,0.046654612036937326,0.020861702478379096,0.06405045087965384
704,0.019551145252953837,0.04976843912000458,0.11248164693987794,0.02236266664541886,0.01792800224725638,0.005260066214833536,0.03947338671619375,0.011244506941372879,0.010131185208100382,0.004860289895703547,0.00610554533785402,0.2976124991302573,0.005706243775491764,0.045271040231445535,0.009147826568875568,0.2745425508038976,0.028509810155067917,0.004937625822155393,0.01618733781554672,0.018918185177692625
705,0.008497536538616433,0.014720259383661677,0.021054485957208633,0.011475661925880917,0.01982967455987725,0.004720594430151377,0.0368326693812334,0.023656059386969453,0.019108556270393377,0.005518513353994091,0.01452172602902009,0.03471124880449958,0.014768993918630331,0.019203577429136757,0.017918663569977587,0.006242131553319659,0.013825763995006573,0.006167486735531438,0.6842843958246285,0.022942000952262977
706,0.016800510142942683,0.02931667985849189,0.08148210358311408,0.4913525009723381,0.02973328644189154,0.018080920027432484,0.04436958183425319,0.033661696503144135,0.017871444992141057,0.009281544593725108,0.021763128453090336,0.034185929389163955,0.014741836459951786,0.04981187916970851,0.0070446255617714415,0.008974648001315168,0.024785021225712512,0.01166262902173896,0.01873999155566963,0.036340042212403424
707,0.013266596269525937,0.02770727890663058,0.24906111345692247,0.32551460248023306,0.02872351088646352,0.05836959049216505,0.03532270738580714,0.026047685419462438,0.01767971535551406,0.00733115259370344,0.02149252371466892,0.05324980818188011,0.01008933015904106,0.03686460730640868,0.006487487828968298,0.012407766258736014,0.013459159884828575,0.0124892856512613,0.0160193693180811,0.028416708449698347
708,0.07479262931177687,0.014888537167352738,0.03552887187060989,0.01835760537933594,0.01823821372438726,0.0043462845842973255,0.030495469202391826,0.10778865727599056,0.02959513988948866,0.011885343162049538,0.026735737785943275,0.020981769613526907,0.012083290117855272,0.03989802384176496,0.008505923210691163,0.006605512509886352,0.020604469988724297,0.48370339002732304,0.016309384176642683,0.018655747159961485
709,0.014094797165948433,0.026116459200178882,0.0263592186344187,0.039068302655542377,0.04390152386034212,0.004877369047205364,0.03401707134152081,0.04105287238792393,0.014580669476493445,0.011741048969638434,0.03920425959845675,0.04806483480230572,0.4939934783125069,0.027646103615316896,0.003960953398864469,0.019093518424993582,0.027369091217570873,0.019898207234793474,0.011665966139977441,0.053294254516001394
710,0.007773038648306575,0.035561784758676176,0.017186998820203983,0.013236812506343822,0.52123413512434,0.003941413918828267,0.03288570285186785,0.034677118810649596,0.024089440822446323,0.036474985229984484,0.02415365365843476,0.03134240278608434,0.014049598382543035,0.023561322714165774,0.006495545527560132,0.0958840842259664,0.012128088626902183,0.014949447000763089,0.029425107540264766,0.020949318045668505
711,0.009160347915813624,0.5016841445513123,0.04004841073162338,0.01671456122938813,0.03369541952515456,0.012814546097090929,0.036820976895280806,0.05383469271573316,0.027090440506079897,0.008867568989181325,0.026087741811552465,0.06192474632089016,0.011571065081826698,0.03428767377463682,0.03455027916041591,0.01638323883557537,0.0180163816054176,0.009644539326583762,0.009817427514386383,0.03698579741205673
712,0.010722855095079397,0.02672302591559887,0.024342547226087124,0.016302526516812018,0.05145893563026038,0.00874470823059175,0.02451720448292888,0.038998421175948074,0.03213684961799812,0.010853370538045153,0.03514674552026729,0.031649125672961874,0.017746545285116534,0.027019428952258107,0.007294591697225221,0.5473269814341739,0.019981121791239096,0.010537731294577747,0.021878594553885595,0.03661868936894478
713,0.007439076301034333,0.021219446567920075,0.019314833062887723,0.013316887792816439,0.03384443671298192,0.0038166294753919547,0.4313491950260229,0.036546601863251746,0.015356176645153876,0.009933138978244967,0.02174349329081605,0.20127356547094358,0.010418364974529616,0.01315539374405203,0.028529422979675204,0.0072068658111291385,0.01292673995639427,0.008088718999345558,0.011402757060483791,0.09311825528692486
714,0.013638845351420723,0.027948371481767403,0.0274338081585679,0.023172225559970394,0.04837250502220866,0.009286031303906522,0.4496086111774121,0.04228248027703324,0.027536559177768257,0.013038102993426191,0.02935961860445072,0.05072644234071479,0.009592277305632077,0.02884844324278601,0.01666782883705714,0.01657920670866445,0.01925116446244791,0.01371848934209676,0.029342160312723724,0.10359682833994503
715,0.006402026600079168,0.02488886778226425,0.019929451875404257,0.015233506400619051,0.378494515323823,0.0037981574029418742,0.028757202131910593,0.019971321826727124,0.025574835107321867,0.058041407527263854,0.02166507014002451,0.026827874980856023,0.008471008707271107,0.023061817471027316,0.004996791107329218,0.05177851621971733,0.012580716020013953,0.006036051445791638,0.1421231916818266,0.12136767024778738
716,0.05167412934914511,0.04042009826564762,0.03975553088156508,0.02199456294303216,0.015401618036516867,0.015609905572347966,0.22408203899369894,0.024816009673612357,0.01832460466182456,0.006377623017419436,0.021134747333165962,0.3080188932291367,0.007177799206560077,0.059143555938673514,0.0053169794293090955,0.06245742950167917,0.029810893926363075,0.01867559484980229,0.013146363158785276,0.016661622031714705
717,0.012390810175062874,0.02077281887696924,0.008336979915022932,0.03354742016118597,0.01148205630551844,0.0016238674197531153,0.02802040610599342,0.02044108759331452,0.29937309370564447,0.09919471490585856,0.09279542609002824,0.011263787926383778,0.004634318696159782,0.11380925102451439,0.14772650076448066,0.018379739538817278,0.0432480086704212,0.01082355533593598,0.005900822144187263,0.016235334644747895
718,0.02442500099271473,0.10138547680443631,0.012253933980389086,0.0072389826042900006,0.016460653449691436,0.0024664272730421997,0.008522046917567075,0.18817790133796167,0.008343473468766753,0.27724655904391016,0.08175487786407835,0.01222196499876542,0.03388419248955371,0.0068625940981219226,0.007586736257164273,0.003552573109450705,0.006009311162287564,0.18190982597494856,0.0070524931094750574,0.012644975063384982
719,0.00825086906683114,0.02338061829014,0.01933241668087467,0.014411507959536681,0.21294031859106585,0.004455258047020082,0.06394782149174212,0.023945321055035603,0.02019842438460161,0.006173602903457494,0.020360706143646778,0.030899311762770207,0.009761629113624078,0.016304701530968937,0.005254988483091111,0.007154690615457384,0.010680742654509507,0.008459037961855776,0.17645507444576636,0.31763295881800463
720,0.008708307310780367,0.021301977593515185,0.019647717838584836,0.020579393853735455,0.07606488345720532,0.007631724839765962,0.03145656227821656,0.07955067322024058,0.037857301693866204,0.295997892993562,0.24154288284966818,0.025264398085306148,0.025918859745526917,0.02132119416348724,0.008006031632762636,0.006461439507915297,0.01013638111829774,0.010220306186288245,0.021459453848479627,0.030872617782795566
721,0.010607303180917974,0.023428386678715007,0.03345958214408667,0.10419971893973984,0.036468069658794774,0.011394829099685597,0.06285480533775302,0.048883707984780866,0.33352749734321024,0.009465216742887358,0.019456423356753436,0.04600196660175126,0.012074281893511103,0.030757247103262757,0.09018780224538869,0.032744601703443836,0.03252023110723061,0.010339359169322583,0.021804720680621628,0.0298242490281428
722,0.018921398573574694,0.03609035814563771,0.43796670206713867,0.026624221934492143,0.037184660674986665,0.07840395232372134,0.03389923190403266,0.03808340988877157,0.03381768387288207,0.013202078437464177,0.049352138113644965,0.01641540659013344,0.014043853455983508,0.036480848865569064,0.009123670660151044,0.010646828835020735,0.01760521575876439,0.01251604508097024,0.024219392491593106,0.055402902325467795
723,0.012133982693419648,0.018446470630358543,0.01899733400944456,0.04817929357946249,0.024919698604406338,0.5194506411079803,0.06495118900996273,0.022069734935087643,0.03599361149326756,0.012590752105562814,0.03481806491915232,0.01945354674307757,0.017756459195677518,0.04503967605558091,0.007882342140481143,0.011921330954819447,0.014377502686459277,0.009712573721320401,0.04130075629649325,0.020005039117985585
724,0.009340673352249593,0.02167903885362414,0.0250664619822167,0.018856030678600474,0.03864298378002188,0.06326188131274534,0.017915506760637766,0.03756997395889517,0.031163625309143895,0.008289348017191792,0.022635004337935857,0.025527128871044164,0.0077838199970761525,0.02579233191120341,0.5725887671478126,0.006945546869441964,0.010959636938339809,0.011017287649113467,0.01831775366096348,0.026647198611742428
725,0.07203715172204664,0.06644563716486628,0.026657500128118572,0.04971146774385671,0.07797465919860237,0.07050134296493744,0.062218140694382355,0.007351434661222977,0.023877273422878053,0.0026204935589355656,0.017353614881869508,0.06460468701944137,0.03812464038237994,0.035707584078596366,0.018148212597706007,0.11892803773087988,0.04646076986432752,0.015509978636099571,0.11274661963731758,0.0730207539115352
726,0.004788681065879277,0.013872900568061486,0.014085063730094468,0.011773202869939022,0.010113117537701208,0.00464903186590633,0.010403875843960792,0.2333831547408417,0.022634363668466478,0.26309737469168754,0.1615822021681916,0.018743702787827596,0.0036782752266068513,0.010860646356868562,0.004100275967629506,0.003863683512225678,0.013067148934184829,0.17143546879599203,0.012565152809171323,0.011302676858763738
727,0.04854070257550395,0.11849236245286617,0.015270977022111026,0.014496483442474376,0.024597975682550403,0.0069356408889458794,0.020222084470190783,0.12950898975250488,0.020261329949418223,0.007456657810739678,0.02509385701972827,0.027722854195463872,0.005861747710239465,0.013783419026848131,0.005527208081283201,0.0060709682657104636,0.08587270234333538,0.39042078972793953,0.013205645699163339,0.020657603882982892
728,0.1365641428225674,0.04295360919992806,0.029725034723222993,0.020525367380951492,0.02460295512668043,0.004578667695066703,0.016300796715574994,0.06004294624295204,0.031222862299122897,0.007069165717193322,0.039153687200689624,0.01930822126796468,0.006322747560978178,0.032737614118084284,0.012040771392960718,0.008383558486713119,0.011288671947578696,0.44112774431183316,0.03455668635721715,0.021494749432719975
729,0.029803378093634616,0.030660288445345896,0.03553820096288406,0.02518555769241589,0.0459625107687292,0.011903719102396883,0.021034434034848202,0.0312371347651063,0.027416768296713596,0.008025753145379674,0.02754973870405619,0.03192468511002768,0.5538736890361314,0.019349591972673035,0.007270145147616788,0.005123788425467935,0.011852112594574535,0.01283094283411351,0.03116908726505387,0.03228847360283071
730,0.009910878850828055,0.4825015894549143,0.030322138269865618,0.03108311449887689,0.03291657096553595,0.007190853088379502,0.023125357007463543,0.028293077185014105,0.034779769456113746,0.010500505626094503,0.030886691035789976,0.027408116497799482,0.011353049683195253,0.03258409279280811,0.07026158575209135,0.014512101981393606,0.01756916405338285,0.010824920816400496,0.025752568443566257,0.06822385454048635
731,0.008304430885443534,0.01952461152694963,0.07692465193225399,0.020932440610415076,0.029771636763994424,0.006201271558814354,0.013067297929497658,0.030542960257458507,0.03299693624620958,0.00834417031354435,0.022783131493270155,0.0741411549989783,0.01723831250582494,0.02532211422883336,0.5117559573251143,0.012200875851271003,0.013868387694067485,0.00819695896185938,0.01525190448441815,0.05263079443178187
732,0.08086463164970144,0.029097379266354376,0.08673853734390559,0.1039304650876729,0.026933190209470135,0.07953873793859567,0.08015091175218197,0.009081102728696106,0.031115497442802925,0.036751450160263446,0.04145329175899512,0.04201903394568196,0.06198628573050175,0.16465530432912914,0.005789084885278434,0.04299380844726714,0.019633603718664593,0.013324235281395343,0.010772438832845855,0.03317100949059607
733,0.02031426349594354,0.03823178413991624,0.02388202813122849,0.10255220525613533,0.027276312684811673,0.011433525513847303,0.015202393877685766,0.026624972615687425,0.03931914165220224,0.010851388550705615,0.01975469870418537,0.027293952581738685,0.008279689063716608,0.39872912927039855,0.04111774218279632,0.10614433735380897,0.02466114321582348,0.011362406028588857,0.021549862807409965,0.025419022873369487
734,0.012545744082809751,0.01807715675435991,0.5273607046851926,0.15774595977088976,0.013535407066990642,0.06978071077320892,0.022501111792049416,0.015491700463770608,0.019531469051308026,0.004631735965430909,0.01550605465539918,0.0508586334206639,0.005579498778777108,0.014062534794974747,0.005164881319112929,0.005824733805708938,0.007239191225120072,0.005988114410358655,0.01527921584886596,0.013295441335008013
735,0.01115438257180211,0.02232201056991096,0.018621339164299176,0.587005809523207,0.022612330988009733,0.04756786628965465,0.018251149611097358,0.020122961282758468,0.06374462384969327,0.008832754575435026,0.027154193419944322,0.02166604396605379,0.009137187805236088,0.03330846629907872,0.009828676764392518,0.007558607286703377,0.012103864397992048,0.008607662383469822,0.026894789924002998,0.023505279327258616
736,0.085729121468223,0.21162860039909448,0.013603677183511064,0.011008616022228223,0.015925799828027873,0.0034377138570677087,0.00937853976188324,0.022563516918013688,0.00987114813918265,0.24867873828984857,0.08088034196102555,0.018264852257423993,0.05034994716739749,0.036842039420452395,0.006504185446003139,0.0038512643766383157,0.026194265621971424,0.12533479916193185,0.008286086743984627,0.011666745976090576
737,0.013192795151118241,0.028084030604077496,0.031984293845261615,0.04262327379504597,0.04541084443269038,0.009066040574044806,0.041577505314092024,0.3688163390504721,0.026299833087192515,0.04863378172316929,0.030572010984605286,0.033422815769099605,0.013039322862078087,0.02984016832178858,0.008275549547234305,0.02355174483197862,0.06617521261633566,0.07601196895337756,0.02804727689211683,0.035375191644221045
738,0.013820180310110909,0.03623675526656042,0.0230172824951161,0.028959639226534425,0.03819260600089368,0.5380260826705834,0.03202917169016012,0.03199069097375344,0.0301808678845355,0.011905048882761475,0.03810481244114338,0.030910007473995093,0.013961728631301703,0.03471375832828952,0.008522284112963172,0.00640391691103384,0.015750538919907364,0.010009708263730188,0.022074672131043017,0.03519024738558323
739,0.020845150877890645,0.03015473834436555,0.056176821895192075,0.041535643143483195,0.05740141640521868,0.017972784921975734,0.026863209154668232,0.048288132195043985,0.03462568204531279,0.006842011551804853,0.040930520482977885,0.05584626302852641,0.006845249217025725,0.024642945783611123,0.4058448414063467,0.01174768540831495,0.01438886289943439,0.022055434136441746,0.024132497048804127,0.052860110053561234
740,0.47439314896281587,0.042992202678338254,0.02617758217007074,0.014722886761337173,0.02967307339905192,0.038305723411414465,0.023357655229677265,0.037851634555490156,0.0343688590016304,0.010072073927111106,0.02724357453687885,0.02460240353277944,0.006337226021741391,0.02531266789731811,0.0063140486170628375,0.10443493138197045,0.005219181262668056,0.0301795807398365,0.016943493633313367,0.021498052279493852
741,0.008837402522825897,0.026692841836158183,0.0265827859295342,0.022039044479283527,0.037763690562810134,0.006105575920840023,0.056354654100198714,0.03699419081353841,0.03217097965748706,0.007380904405227595,0.02933145010854869,0.025903821015308106,0.007202489981655955,0.025957928042536684,0.5653173786265455,0.012484190544623719,0.012343403028510126,0.010286215339153049,0.020277633828574136,0.029973419256640307
742,0.0191420016921721,0.34756149456439306,0.011541510719571636,0.015054244515204852,0.013320605747357507,0.006153053621455957,0.009442781374237307,0.035297984003741435,0.015755542307683612,0.006361703711864485,0.022702326665930906,0.013839129628208302,0.005539038847398381,0.01339077637431741,0.0038393105305957395,0.0038822336880042717,0.009077485037921182,0.4245215409970322,0.0126373569587233,0.01093987901418634
743,0.05254555954771047,0.07569296554700979,0.019162052619386295,0.020514765729411067,0.020427300061887758,0.0085818164195232,0.05824579965795465,0.020502649753417923,0.021687288258918764,0.02596886767397577,0.054334483743976834,0.025595998801420012,0.03560298606983132,0.03901781172075406,0.007139201599413325,0.431632303189198,0.02557386050007951,0.006875580421405515,0.016084438577347187,0.03481427010737864
744,0.012845170887924076,0.03660660101291604,0.0348286389719691,0.035919952405757044,0.02690521621624871,0.014609388494650615,0.014034058142455801,0.030961847754246524,0.03650772034803196,0.03019596790524631,0.027990781004229626,0.035410629280473026,0.4707148354759556,0.05991847758524857,0.01075028273867742,0.03113968866413824,0.016029109027982987,0.01448283136161532,0.029954613128502488,0.030194189593730564
745,0.010622044938466997,0.026728525066982752,0.06139951976797687,0.028599220392596113,0.03452244446107335,0.4563495732964675,0.03547815544207863,0.03045714036823181,0.029368112704812283,0.00773315431556659,0.03240219432915228,0.037463973832392854,0.010433902727848788,0.025162283161928783,0.06095108860245651,0.015371618969935321,0.022079654151041916,0.01149322521470989,0.019496280382260728,0.043887887874020114
746,0.08043480906380228,0.10352248845430391,0.005304159930108261,0.008905282172897004,0.061505791807156034,0.021424220725594318,0.06740796075388995,0.03465890263551909,0.039159814193128424,0.031941595123746835,0.07577263985329179,0.09516532618668494,0.0036777899529580253,0.014168319859960983,0.09255144807199861,0.1068448838994142,0.03495200761759499,0.052700495616601194,0.02235246042257255,0.047549603658776564
747,0.006405527738643821,0.01147820573487709,0.012271670164330471,0.01250666476547768,0.015284457153412291,0.388500472608059,0.06727844476265041,0.036417448452510694,0.020297187972561533,0.020576489474223858,0.05158564657008168,0.18587477334630612,0.008436860573220737,0.06264676517487743,0.009821931748043697,0.012166643939588773,0.022822171958796336,0.027973735193013924,0.014456167283676496,0.013198735385648032
748,0.007884594924732,0.01152134425632161,0.01772736778697687,0.018889421330623383,0.09634388305001561,0.012239487527539138,0.04287395377674206,0.04564805875869749,0.02404913117695778,0.04554847763403964,0.02451195377886822,0.01870188474101024,0.007612619057051347,0.01665157717895843,0.0073701840221252245,0.006009613743888532,0.008835233835075465,0.014180040039724033,0.448851181411418,0.12454999196923494
749,0.09933275402574539,0.05917155675033251,0.0077042659888154905,0.024011828905572626,0.011293232646915298,0.058308649568627136,0.018955675515690114,0.02408612888910049,0.1652084800701361,0.03967692276639639,0.04264231429097149,0.05663765151572545,0.027008251883481424,0.09760080833503328,0.08377327048054313,0.08874540651341913,0.04794312918875516,0.023243505779250218,0.011137065886973038,0.013519100998516102
750,0.04622242168682803,0.08827580589800783,0.011628352385144342,0.010038105003345904,0.014428875793116636,0.013726864487329784,0.061370587394751326,0.13116204775428278,0.03031475429845028,0.07575310364094305,0.05978395425332492,0.05519849065043771,0.0031223668783230216,0.022379100428938755,0.010156944377873189,0.02461188083928488,0.1431669797153663,0.16721911919227195,0.019414860377150796,0.01202538494482847
751,0.047075062453539485,0.045306477536312756,0.018305614571315052,0.01735770878681918,0.042130658673810835,0.02771210646418279,0.0985150090922677,0.029575301382713085,0.10581253675162888,0.0492762952579013,0.09354438102278008,0.02291036516715921,0.021999767673119053,0.024029689507292284,0.10972676016943071,0.044273942126528056,0.08870096273602117,0.05918592607986811,0.014837306970124827,0.03972412757718543
752,0.0761325077044497,0.011088350219147348,0.11687600720281187,0.16761769972835625,0.013466093655589213,0.047761784844091604,0.03880568094124361,0.01455659764056872,0.02045867833112131,0.004834300819082285,0.027866757033046616,0.01820910122025289,0.03248254644421863,0.08083997640221509,0.003654599652055874,0.07818126973584937,0.07920446752111239,0.015994189441640303,0.010093903094406343,0.1418754883687406
753,0.05451254161031543,0.06441691036219467,0.024083337488631878,0.0206762792127901,0.019201785721647917,0.007859462821926767,0.013734451231803458,0.014713654399940828,0.021078621641388188,0.008517198219506498,0.05065216558074429,0.08936964703771794,0.15715247233274157,0.02778053522362199,0.005820280698904507,0.09234010057761412,0.21056945554501083,0.08072255202691754,0.018360932262985023,0.018437616003596415
754,0.2521509154917827,0.10277369283865885,0.019404765499967013,0.02641539602001677,0.024630417086494816,0.13888766155095716,0.01721895886097439,0.023231692294215556,0.03223700531943149,0.008674796165449429,0.023404251793907167,0.02941640168386374,0.0065027102803475135,0.023764437323393048,0.008119133035670668,0.18306779312631907,0.008856419394971888,0.011847537180877466,0.02543923876760988,0.03395677628509134
755,0.1402107256164175,0.16408371473405944,0.014436250248862819,0.009414520789785963,0.009329382104251726,0.2370863592337722,0.009718541506659456,0.010524422584119045,0.009599418729219962,0.003497115418360419,0.024752033694088862,0.01149648104755742,0.012870458936022273,0.008704627787577884,0.015471978869155632,0.17032763746138876,0.10016706016423842,0.03059898688100351,0.01056181414161556,0.007148470051843232
756,0.031772736976096796,0.12598486982978085,0.021539838092855607,0.020336058714365224,0.014023268331833101,0.02319172879587925,0.06445870587128621,0.025916434748354363,0.02337907619972482,0.2088615712937946,0.11403056049013367,0.02781473377901088,0.03178086142214761,0.023786351995683897,0.005697184903853504,0.0424093808475956,0.01668621069854856,0.06254124645464226,0.0179913615497484,0.09779781900466478
757,0.3042124680667124,0.01940161276478967,0.02110270165567402,0.01888692372997755,0.018992372148379743,0.23883845798063688,0.0151236721089836,0.02048294644329403,0.033132054119526834,0.007056828033786093,0.02310676547428267,0.019614598783110705,0.004348053150166681,0.024632826402017846,0.005535214218203928,0.14439746030924208,0.02837336387024621,0.00835219113771028,0.01687112129892916,0.027538368304329607
758,0.01116634970670574,0.026719305237235164,0.02843131403899531,0.07676165465527605,0.03601049374421337,0.011713114818523268,0.020732172110538405,0.0454947839955838,0.5074759484335865,0.008764387259046836,0.02655994728295528,0.017777517277443162,0.008816082895124333,0.040191657137474746,0.05317097784022886,0.008587501652493367,0.01420434433431029,0.014101091402953446,0.018845732342360057,0.024475623834952054
759,0.025003715717648523,0.02598532013210639,0.021125414546775873,0.03004267022639637,0.01621632575928456,0.01278614971616527,0.01608309164178387,0.02217528303761311,0.03516627770995923,0.053248224163228185,0.020903912206477738,0.07407890343541591,0.054930252859131334,0.022356901593331424,0.007258266417548994,0.4509770525438271,0.05578564928718079,0.012355621653186452,0.026306922882204858,0.017214044470734043
760,0.009520491651121359,0.10176165946182024,0.02185080628847491,0.026556819268511028,0.01679798506944146,0.009361213247809445,0.0835630880148774,0.014962882729129589,0.023433365833435586,0.0055623622718258235,0.020124608264497572,0.017029852109051415,0.006013445952998803,0.018770187383562436,0.006204864446812167,0.010788289186618005,0.008021087261032208,0.010682248399643405,0.017443679669054055,0.5715510634902831
761,0.43836774183216004,0.016202405935719144,0.013119381256925022,0.02805652436221265,0.014373577352419627,0.27876178657585743,0.014655413128799075,0.021800186999368254,0.013246462021221067,0.005784119652548116,0.012327735857679894,0.011891804077003928,0.005147305250520167,0.017908281905759608,0.005505978910057552,0.03782768742823648,0.018264160994619704,0.017482562898357375,0.015667776036043007,0.013609107524491884
762,0.005855629679005626,0.07284904527699622,0.01763721370535987,0.015390990875265931,0.016572649218761167,0.006756840180909582,0.2166200899799859,0.013189505524073419,0.0329646465024684,0.06697986458628657,0.021865861814938756,0.08779535097031287,0.004768557241657378,0.29683893619113483,0.06996515406362104,0.004661350850696431,0.013092051490534516,0.008275565827339142,0.01666222215899706,0.011258473861655306
763,0.013731884416245907,0.058094840066577315,0.018811457419175937,0.027883691948523536,0.016584091327198368,0.008156896518372266,0.16507840898402285,0.05814971298434762,0.016820851654396795,0.035048362617606355,0.2677941796721089,0.01814049560272192,0.007945409893028913,0.024308566325081226,0.009784449840794114,0.007746436362213758,0.0267485067813641,0.05068395586291765,0.012200257921309536,0.15628754380199295
764,0.01704636842336967,0.01721606300781286,0.052498310074265704,0.03150058999149557,0.03814424604297928,0.018553431580154364,0.02718846142006302,0.03533435852183508,0.0413300766647687,0.009279028153478495,0.03224961572152713,0.04330672953615628,0.012331739765917421,0.029618981586432596,0.0431447755855893,0.012647908750954997,0.016853935070928115,0.012455209371283133,0.4688550057942859,0.04044516493670246
765,0.020362721733290016,0.025099615052612424,0.01308844254556983,0.010397925364413084,0.024067118033274923,0.004628499526383091,0.1019702339226683,0.02089126109125014,0.07330566036171364,0.05110300993591033,0.1456353535338813,0.02976298764349965,0.00245205552869737,0.2865122120495858,0.01973489536580723,0.06669736642950354,0.0530752229719155,0.012771794879258272,0.012541555045107303,0.02590206898565822
766,0.005220439725303814,0.0372678036162619,0.012678998962833645,0.014439309614613765,0.016934968063011858,0.00575140210812443,0.023691239445178574,0.09205610760774678,0.02026568622750548,0.3557671763317394,0.190561472429527,0.011631545292424203,0.010393815330437166,0.01033656720054798,0.006978679195366439,0.0037672643013704032,0.0254122017895235,0.1335760783921022,0.010865528432147891,0.012403715934233646
767,0.002247849031689272,0.009394668408290903,0.005521484632317552,0.005025429621733889,0.2680075779705755,0.002012494740340063,0.169778624728494,0.05212057685238577,0.005929715474849061,0.08070075996627908,0.31127470052562917,0.024645106681980753,0.0073621126569493696,0.003925452427327279,0.0023004748508144595,0.0019025251629583163,0.002501363938784435,0.006853461910957877,0.00406130920554949,0.034434311212093775
768,0.013038919003689123,0.1704426334012931,0.030687698835008336,0.026102762331697744,0.03183205225462454,0.013085896197189558,0.16415167197229977,0.06263857009860299,0.018017638880340334,0.008616864013677826,0.019097050372251536,0.02703940039789522,0.004194791973664044,0.02168481837902606,0.010729006617577625,0.010622709837823416,0.015869793617242108,0.011327268653554101,0.0255397834240469,0.31528066973849567
769,0.00888991470025296,0.04230498086319814,0.0196067330636138,0.033336230941372925,0.5859194991280603,0.012766684634242652,0.013709315190688116,0.017944694116396622,0.021741390766635532,0.031700234794694325,0.020206519377939228,0.016966957651811786,0.006612060624021751,0.01949504477937964,0.007132854761629709,0.0730373127445163,0.0069313556481694185,0.014578628405622782,0.02326182385117062,0.023857763956583306
770,0.04274033043950367,0.02745123626330855,0.0210750540538473,0.034815132293527055,0.024560494268940136,0.020184995761470818,0.5622682740024548,0.019227960488273545,0.01641407434368862,0.006033413033745983,0.021822783484844413,0.015382330787988013,0.003188290403351203,0.01873981673252088,0.03195838451054777,0.0593366880606093,0.006598879918123646,0.014564037411404893,0.030148887328906443,0.02348893641294313
771,0.011670670979503967,0.031203911421363553,0.020114375976872902,0.023405274071256903,0.026735454531774738,0.038846679109007784,0.02289981898698143,0.023380685776298527,0.15985629683825772,0.007212517588372225,0.021147137964913815,0.017049359224288765,0.011129672837287857,0.02636234593092035,0.47773201291116935,0.01847283154877271,0.008690301401815662,0.012491349647240637,0.021647655360349197,0.019951647893551906
772,0.013092214629382919,0.02755446190190634,0.031213395730050258,0.030193374446232737,0.03179632523084016,0.06737329651673044,0.02417691005860383,0.02123696548341984,0.042581619793071866,0.008819591529244598,0.02716000666745653,0.027433829590363324,0.00843552557667234,0.022591746027443505,0.48847907135818297,0.031204815880421153,0.011457619747340152,0.020332847385661653,0.037327281324935485,0.027539101122039847
