site,A,C,D,E,F,G,H,I,K,L,M,N,P,Q,R,S,T,V,W,Y
677,0.24124928026691309,0.006622784418138771,0.00592425218334047,0.008057533001839735,0.0049764023106624936,0.4353350625610904,0.004817704663510657,0.004488260327807956,0.005948912411967382,0.0015618446384209432,0.004075932099451843,0.004745926391609097,0.004769118446952257,0.004358166326874442,0.002693691249078301,0.21715897694118702,0.023257194128884297,0.011791496442336548,0.003289794137304916,0.004877667052629404
678,0.046446838689360136,0.08917765458825634,0.11749796367570763,0.07393786555975879,0.03892643018781367,0.11683460619329071,0.045477634856239436,0.014855285915227766,0.02027522537277775,0.012759178589120674,0.03830758948186687,0.11818914046848573,0.0017093027055624136,0.037948914045136846,0.01737719471303644,0.06872700955891162,0.06076544084558677,0.02534375959199883,0.014125363940571971,0.04131760102128959
679,0.539490220194678,0.007283415033057812,0.00943740299149347,0.008020833650337612,0.012519230536511347,0.004487201752652049,0.012491407865747631,0.014064881451439061,0.011352253058469347,0.004084569244646037,0.01044613877739252,0.012659253212343654,0.014006550950177735,0.012045733181328414,0.0037230242846770446,0.26118485351198667,0.017003725324368616,0.026722299995270832,0.007847810431553208,0.011129194551869018
680,0.003775554614932212,0.01071492040313865,0.008291499241704593,0.008439569081113525,0.04891838497464399,0.0027478442460166217,0.028865549806164476,0.3201572766320015,0.010128888941700387,0.41009401747722496,0.012650394365448523,0.007904141013529167,0.02711072387852595,0.008591118083165353,0.004167970368363218,0.0023566098941263155,0.005204036854239424,0.06495232500691621,0.0075728120889529136,0.007356363028092006
681,0.05012790881640672,0.044355484190382426,0.0020194467047639675,0.0015565428701990684,0.04200553212232783,0.016266045288709452,0.08536722263837186,0.026142828381633263,0.06540302980654929,0.01915378563975022,0.0260049231868939,0.07386544166391103,0.0009176518866242834,0.08482095280340014,0.09835919019053635,0.057998889315624254,0.09845683689680007,0.049876299750213154,0.07296431850931057,0.08433766933759214
682,0.0038220184062554285,0.012233510879443342,0.005307656263801276,0.007986203517862353,0.7481519903764234,0.0028781168804533574,0.009841320084252717,0.03154973133473329,0.008748799587612488,0.03205774688751883,0.009412664422821756,0.007792336505784377,0.012417590738501134,0.010879430320945493,0.002775129144741581,0.03845783605920483,0.003991073763851052,0.005617082506217959,0.019891027950651497,0.0261887343689239
683,0.003856018378218871,0.006239429453660837,0.009282942896523405,0.006406307948124878,0.01914838319847238,0.0026877992748075142,0.01148775975901304,0.18915056231083646,0.008823590126475636,0.6050086854469902,0.03968696841770666,0.011515944388411732,0.008480512624643319,0.007814764963840216,0.0025850257264782754,0.030558401172355486,0.0058210809351559,0.007793578814152995,0.015298086160408363,0.00835415800372396
684,0.005157689691870366,0.010287906752399231,0.05469121352024536,0.009073099989159795,0.012527565098031684,0.0037107078394318324,0.04093475676318695,0.02066292291846781,0.030425767816788036,0.003879241841517799,0.008983689271021047,0.6696930005830316,0.006227946114496899,0.009864620972634028,0.004162833401412605,0.034153898149811894,0.03018341117655317,0.004043288748714091,0.007178109170654624,0.034158330180571086
685,0.010741802132529182,0.008248653392816873,0.7190374001665244,0.019444808131235128,0.009065236442444537,0.03978250400650432,0.01377833496720409,0.010478394725839927,0.010522191854713486,0.003813768409545616,0.007729522109811984,0.045613534421372094,0.006187496302635313,0.01049894396963591,0.0034856083472529203,0.0038366448159700504,0.005372333301646925,0.017566635702172144,0.007544417196597753,0.04725176960354738
686,0.010481384095295225,0.01044713112888423,0.01312900911809379,0.009864533515846744,0.012024104355593847,0.003649673410120425,0.014904762202006505,0.030993384892900756,0.025083080807232663,0.02299715993900327,0.7010979564514214,0.013565708310310882,0.008338161066881488,0.010479294045888899,0.021899623784274843,0.004840220683409629,0.033077447713065034,0.0321547772695658,0.0075351366205883815,0.01343745058961617
687,0.060606104521767394,0.010143009862044014,0.01042752409443984,0.032467864893792456,0.01283681622400446,0.7041229672981683,0.013974903521897552,0.01397232753133777,0.011792702919647293,0.0041174324888714215,0.012601002705598989,0.015803769811256932,0.005969796555243478,0.011638908369696615,0.019722369816651833,0.016141898080748274,0.00722169678672193,0.01673910220453906,0.007667683193674102,0.012032119119898266
688,0.0055285744537867465,0.009938709412208266,0.010355928380015601,0.032273247235459455,0.01208929788878186,0.0054638480711806615,0.011948512434721349,0.08772128748361657,0.6407927892938617,0.003890408285981108,0.013744155553729853,0.04508726382008806,0.006692530333808833,0.02634582899178893,0.03783759449167281,0.004900950934187457,0.021234301710648006,0.00479184757294671,0.006791263989694606,0.012571659661821282
689,0.019229794406218168,0.02468222579912946,0.004093536077674661,0.001885933252145109,0.004484536538924971,0.0015995049452446877,0.0036773529299813645,0.035380389280890163,0.002612906620506746,0.040138982847111516,0.0035478172494237425,0.0033348838130275713,0.0015301270417209713,0.0029926706082146182,0.0007333318475259542,0.022167516021440837,0.6671230918870066,0.15633295479209922,0.001809693328108595,0.0026427507136050125
690,0.006852731330993616,0.011419165786641155,0.01301247667486701,0.011861729193085946,0.013779859618540766,0.033032529757114036,0.01838337599416098,0.015455109962337501,0.028993384985830702,0.004894420730369678,0.02218013662886492,0.01725736127315054,0.008774177515513812,0.015603941712115514,0.6960138133203327,0.010395590510364114,0.02664099838244041,0.005096377282548185,0.024962262464910817,0.015390556875817543
691,0.00701520885177229,0.012126217874897843,0.011382554949907607,0.04523492201888076,0.01156053247548113,0.004169367399456074,0.012195659039523703,0.03640109620614474,0.6472712588567501,0.003980702927958538,0.008693146577791305,0.03322234667957582,0.0060142416796410995,0.020344074592515093,0.09642264788502351,0.00491569691775769,0.01477695215335243,0.004268127173645897,0.006051183228659764,0.013954062511264522
692,0.05583685924514912,0.006212857303745228,0.26976675648268955,0.09081423618189448,0.030405692080835812,0.1861070612331527,0.05791883159164799,0.005312973782901298,0.005489809978801931,0.00475916768558913,0.013366772561286955,0.12791778514336447,0.0033087241747601285,0.012901064047488683,0.001298632981308963,0.030535890926709507,0.011600617544064195,0.004935919925836911,0.06097660624051767,0.020533740888255273
693,0.02324297454716863,0.13406068073254054,0.002099757014748509,0.007918377077928791,0.0037273521342153343,0.0005615596687018934,0.07135114083502474,0.10958487844434688,0.015160902265197626,0.12004264471750699,0.03387563412213634,0.017565275765771132,0.005351530084665462,0.06176002489989877,0.008841060042525758,0.021210118370247683,0.07727226315667103,0.2822378105137549,0.0017675020465350202,0.002368513560413952
694,0.08979594515104723,0.02789734237488048,0.09642877956675074,0.12394243486751576,0.006989840745587605,0.22960156953054742,0.024689362011727323,0.010328478513268123,0.004341432190744522,0.05028392607846929,0.06109670466668079,0.03151648277971422,0.06421061989280193,0.14497861392416153,0.005636649377049438,0.008729048226524249,0.004861141034806164,0.004727525205766816,0.0039750127894758675,0.005969091072480605
695,0.013313343410316994,0.014469344717471438,0.023445081345960562,0.6882194542336468,0.02009750807472518,0.04212793654861122,0.018884856374366397,0.02032997707376699,0.0286938177672382,0.004336226546996264,0.011277503681541753,0.020798242345758444,0.0077495303156187925,0.015809545935288757,0.006336358870087685,0.006009205143505807,0.00796046380507682,0.022068351071259495,0.008705976581861915,0.019367276156900533
696,0.0055514392437988344,0.03625242452402078,0.011510518603664097,0.007841369393755517,0.011885555000845515,0.0070585815303337756,0.016961882218268807,0.01594056151466548,0.014103122496426103,0.018760513624659806,0.011215489315032101,0.020370573661473507,0.008642294044140702,0.012910726952169596,0.08476138401125922,0.006653053983831889,0.009240213481703256,0.006550129561597645,0.6811660948621111,0.012624071976242232
697,0.12492281358736655,0.05436645243713429,0.05488168667201907,0.05100652489311824,0.05485527491439571,0.07126866862337325,0.0902977661211094,0.008743806788718294,0.0227033248809535,0.030868137330400124,0.05309531332596696,0.04141508433316541,0.0008970475884207933,0.081928468895177,0.01062611227801121,0.1218531576289721,0.05337930132596622,0.013137066132941104,0.02167766834441331,0.03807632389837746
698,0.17700525696727806,0.017075261692277088,0.05856546530917551,0.17931897194197957,0.007977807847288826,0.0134310200335099,0.010626473766189486,0.0065066757042189895,0.010365781873057922,0.013898911075780106,0.00952018478151345,0.011424478509848445,0.34272603684271813,0.03522943163859721,0.0018233339026555067,0.08652412481657969,0.004089288717043679,0.0038590194476908215,0.004066572003780522,0.005965903128817039
699,0.025058691482806993,0.0112016379241514,0.012128786672255878,0.006420357097107444,0.015103698736221563,0.004356273578009281,0.01564129956918789,0.019653004760592032,0.011540252454862008,0.03090670373484004,0.011747403703718977,0.018121236735083823,0.046486445212543775,0.012935455350708098,0.0036125687612163435,0.6803767434144025,0.04031887024334404,0.004902551105156901,0.016479690980036002,0.013008328483755069
700,0.04837686330384978,0.05079394581510912,0.003558385657179013,0.005162245453820846,0.04681182392929634,0.007461722090002491,0.04815855825939713,0.07546588728167433,0.05761392963406955,0.06170909959401155,0.09454563255142003,0.061730401645374904,0.07973853266602647,0.08430934579657794,0.019034755377710245,0.02170069294910511,0.08198396201071821,0.1008376073530239,0.016814863088581784,0.0341917455430513
701,0.016437380190512278,0.01252195543416066,0.015171186845867107,0.020445641107598198,0.013896490065085832,0.7338625607219806,0.014887287605228504,0.015435984986691922,0.013171734038210587,0.00516425187958059,0.011636865899490064,0.013982510939968615,0.014055227248943128,0.013496842459503264,0.017952792388714698,0.005804889770152287,0.008610948720810854,0.029533472719134094,0.009725525147225895,0.014206451831140771
702,0.002854955734643783,0.02102713617100237,0.0035750780964749437,0.003084933058553186,0.13372109161891765,0.004776700728762362,0.12071893449265036,0.09994198665517164,0.004194998890658958,0.05265070304645691,0.062091262864248715,0.00411526325114703,0.0018631835399574974,0.007608858737955471,0.010663803113090972,0.002087270893170557,0.009626643462525357,0.04167938853866365,0.16107742200814631,0.2526403850978023
703,0.062467777330532215,0.040949964442537484,0.10360117911508204,0.09357925897814649,0.03760203077407568,0.03144719438114837,0.10352091760557254,0.04588113864529952,0.0035193052606777146,0.05661755948364438,0.054668956836607656,0.04510253495562016,0.009846216576839904,0.061041942670546016,0.017411661738414973,0.04882432345602745,0.04974804828111884,0.04623367274161502,0.01567228134376379,0.07226403538272974
704,0.02536216662241042,0.06902740709693315,0.04990125115409622,0.017917438354122475,0.009806598444813365,0.0019087365896322843,0.04358609652475432,0.0148372406322572,0.017809224834861987,0.002175086505852557,0.005536511981204635,0.35212983152443184,0.0038983264368725374,0.041282346312767615,0.0070050226883986546,0.25980735294156093,0.038135672172867584,0.003062535828752409,0.014969071307433924,0.02184208204597593
705,0.005452064394155023,0.025815713017331075,0.012525251155915802,0.006775988480888275,0.0111809389580362,0.009237600321280915,0.017861030811713644,0.012624064685588224,0.010535537497203673,0.011688848046690624,0.008316081200813091,0.016903570626704164,0.008547939390255388,0.014104264662130618,0.0208253187952251,0.006601206881445303,0.008228974526610928,0.003995019978425363,0.7721460426410499,0.01663454392853678
706,0.013665466215644455,0.015322750799870615,0.05386643947026243,0.5918277590563533,0.01574612220543365,0.03454602824146915,0.02849875398363087,0.017462111236448193,0.0370295116225803,0.006022821563925958,0.016095909426590584,0.017827227305148418,0.00911443644149325,0.03761395136685047,0.004721974353543099,0.0060292683668324056,0.02042682776194502,0.023320215063775494,0.011903000658453409,0.03895942485974904
707,0.014118219620974334,0.022687043887980735,0.2622676285610534,0.3696123224299627,0.015004854132974336,0.05549124337455611,0.01717568500536654,0.013359988224514592,0.036737818084644484,0.004646765241194073,0.01996303868889506,0.05589195591027805,0.006265240081208735,0.050105882789228846,0.004180932837027408,0.013513368535578954,0.006955703563772536,0.011264043985572009,0.006830683475386664,0.013927581569830441
708,0.07367866511652814,0.009189089439905896,0.03978051740189682,0.011298697488060915,0.023832482875989675,0.008946553782838207,0.01681285002366667,0.08166229139548438,0.016400130329099826,0.013683566870593184,0.015462132828427807,0.012228336659133818,0.007443775659569382,0.021476558527454805,0.00590223976590899,0.004579243041424929,0.011218645287478088,0.605518530381964,0.010265161197021942,0.010620531927552511
709,0.01604518072017276,0.02646388442563566,0.013290073482934725,0.040199292344773596,0.017481239200046805,0.0029888046866261724,0.04190416461586601,0.022672609573988617,0.010459288440233791,0.02189504408799722,0.049612719141046285,0.028153965515589352,0.509080999473921,0.03761967737944267,0.004800540690662366,0.03386694351636237,0.03930317974043979,0.019290325057526075,0.006736166312896322,0.05813590159383836
710,0.004915555072300675,0.031488232048885435,0.009735768913231751,0.008011243291601718,0.6047242109210831,0.0026492209906786965,0.015439357660794767,0.03429999092833648,0.012640572623939793,0.0490967162730925,0.012619007603327466,0.01566238915852493,0.013469689717156577,0.012147476937072172,0.004175486322345865,0.08246988587468072,0.0073371579479372005,0.02691477836655598,0.015124612358168017,0.03707864699028615
711,0.0066034496689615085,0.6432789967423881,0.019882493340536735,0.010499227622620491,0.03201300032845623,0.008765568202596666,0.02446739859229438,0.022240453143227448,0.014659406777746803,0.006024053668799028,0.015098051776933229,0.025259996160094635,0.008257164304045253,0.01899402509605083,0.045145596138162415,0.02842333509471919,0.0116847525089135,0.006762313094363308,0.009442071173595298,0.0424986465654949
712,0.017087355303762413,0.01633323411319788,0.01367852363904302,0.01002128913972431,0.053642779075254166,0.005922140563427513,0.013752813716298091,0.017312762664459306,0.01735989710650286,0.0110271101222743,0.017732660762803554,0.01636697086694457,0.03140643560935686,0.013714008132585616,0.005065828434552749,0.6592559272396564,0.01877845677609619,0.007073225891634804,0.012965081172130436,0.04150349967029501
713,0.005574721931385207,0.013507875367535963,0.02469560126290787,0.009412432221094759,0.018721454438477118,0.0031811226340357946,0.5961024600884346,0.019656102661760818,0.010129478795197093,0.021324156881988802,0.01431470393159316,0.0876345964623475,0.02476596036175241,0.010295339954757064,0.039775444464068666,0.005420840061697153,0.00961856857143401,0.006192735190479228,0.008411770740406265,0.0712646339786465
714,0.008773192992978709,0.021374213664461336,0.025981492818276202,0.01420403267190438,0.021977550580869153,0.006609992362779499,0.5748500844526155,0.02136710868454766,0.01570297595731534,0.020546519838408675,0.017119640181451668,0.047993429247532166,0.017811796368896727,0.027827660038595093,0.03844769055924599,0.010809949861186144,0.025122738432710772,0.00878368784962188,0.016752842116397295,0.057943401320205735
715,0.004222897941322239,0.027033090701308726,0.01146391844488682,0.009076597507406916,0.4414817644504736,0.002620108203556355,0.019866072205970777,0.023284243161405826,0.013847491933064808,0.040737600375141014,0.011880754015131287,0.01389327374865871,0.007434448547270766,0.012811051405506346,0.0034787245749926797,0.050084808319806655,0.00825454864748578,0.008546256784635768,0.22946046440337278,0.060521884628602134
716,0.07070903850742856,0.04485742826391581,0.05626978994353321,0.022419988641373224,0.006674094178809331,0.011743033200126622,0.27337653584273564,0.02488533448749756,0.019874487546801784,0.004763891265868178,0.013738757595620066,0.26133328808398154,0.003214102390211441,0.059561551743015896,0.0024977083335001506,0.033796279621620164,0.03845036163494778,0.028794400560295363,0.006051637322795184,0.016988290835922543
717,0.008525305916864621,0.006358263862669765,0.006325941731412339,0.04178767057297886,0.0083376002688803,0.001881807417226539,0.022877934763694263,0.02392066342132977,0.3872028835855044,0.07447368608784023,0.05137423899987948,0.016676555144489284,0.003538326305870748,0.08758113806404687,0.2043723730962871,0.0043830777742016125,0.026207607734537716,0.010824361652475396,0.0037977480907212292,0.009552815509089471
718,0.013540245105687248,0.08067948531686071,0.007316806358942039,0.004695027480788888,0.010059803893010455,0.0015616785754977282,0.0055218362590642054,0.17731419894192327,0.005314872825301838,0.30832712439109494,0.09893897919779399,0.007315655797891646,0.03104685527932952,0.014509209334675774,0.008606755970731933,0.002163864703909201,0.0031796513485651775,0.20822142982653702,0.004669675726658593,0.007016843665735875
719,0.005721913287375813,0.03773010212953328,0.027374843414468344,0.009311149900282341,0.1311893768220805,0.003300727526982792,0.05477274152145245,0.027574978037784515,0.012051815614075709,0.00563924200455877,0.012482159550290384,0.029554830181335378,0.006718369941542302,0.009942140330758522,0.005374222066887061,0.011129925812588102,0.00709493662110032,0.00807984996983041,0.2069971231325575,0.38795955213451544
720,0.005979389159835621,0.012744351289816,0.01142114870192623,0.012703637413399207,0.05061479660714611,0.0052292526245965735,0.03755190216139899,0.10276021691422887,0.017592300915396,0.36264319267023865,0.24495610915857313,0.013163289112569476,0.038360998583372115,0.01860626375569524,0.013983938217439651,0.0046421576710922174,0.008945755031065159,0.010134955944720034,0.012078046303914578,0.015888297763576142
721,0.009010978018250307,0.016105297102197807,0.02106550253114213,0.059689542571993305,0.029060883252543305,0.012695622381588499,0.06837736854985792,0.023721062970496098,0.5130434850591022,0.010760643980272518,0.02341896817620576,0.028433696340692316,0.009486449231498894,0.037019040467391635,0.0387134103527794,0.026987037250716658,0.027350089907527714,0.008739156134628353,0.015236481376519681,0.021085284344595678
722,0.028956602815308666,0.03666334467334486,0.5790890157027142,0.039309915614993855,0.019899117629445667,0.04339037808663032,0.021497445187192456,0.019596587643004537,0.01769896809935183,0.009048639102717396,0.023077277444093325,0.03787165915046142,0.00959407666233626,0.017798768523556142,0.006721942480633417,0.0107728114917336,0.011391479192058846,0.015826142211888942,0.014829445429809997,0.03696638285872416
723,0.013459742002500259,0.012212064956376814,0.011870222308370622,0.03460689333450196,0.01481018832776522,0.6683674357969677,0.025561354264868733,0.013563160405278748,0.017976944394518364,0.008716191904988714,0.01872301327493107,0.012123338344119461,0.011135293233002497,0.022759705282676984,0.025587502484469882,0.0051955370636257514,0.009645373990794045,0.018735268625092612,0.04260560549566616,0.012345164509484544
724,0.006393153292695758,0.017256186237473995,0.014245302627517572,0.011210612100817306,0.018520822697840358,0.0353157406870435,0.011328495798275585,0.040818116615793834,0.03603291857930283,0.005703962257828785,0.0133342130155377,0.014141650793693448,0.005326975128115388,0.014881494678969064,0.6890526540920062,0.019135179556000005,0.012164198086975109,0.009940217280037226,0.010886556291470948,0.01431155018260538
725,0.07974463584987407,0.07341556365415106,0.020501925902937285,0.03829127725430209,0.07306137092259425,0.04991486423896546,0.06683504299647496,0.003828719198954138,0.025375445413766132,0.002391735718372406,0.01648306819157595,0.07413674434865998,0.03906551856393034,0.02327521058660457,0.012950148895243485,0.13598059682375646,0.04241531943462514,0.0174081508441257,0.10979647126159313,0.09512818989949338
726,0.005605793424325174,0.009185963983558657,0.008966655261629385,0.007658699755694425,0.01503668953768846,0.0033748031377869164,0.006860321283459194,0.278681045497594,0.012318334502978307,0.2779560655147542,0.15331612992689012,0.027664507057248284,0.0032263121190063433,0.006993171862610818,0.002794890544753678,0.006703120666343335,0.029760831511310832,0.12939770689031768,0.007467187011982228,0.007031770510068071
727,0.060543066440190994,0.04562276279153784,0.009336726927528127,0.026485336171094536,0.014038648366920077,0.015308172312533792,0.011708297369848505,0.14172107650255675,0.011806184628716687,0.012749109926807306,0.03252867238346361,0.01955302857719326,0.0041771573453974415,0.009364736059345777,0.004014550376954972,0.004125654371935485,0.08523397099832879,0.47099922740765504,0.008742359130674277,0.011941261911316873
728,0.11951310616322873,0.03136545755343718,0.03414487364440195,0.01287631334825156,0.018261896767720224,0.012638109245307824,0.010694561632028253,0.03933933517216428,0.01761046497143783,0.0119303427528858,0.02670435488736647,0.012384816695639756,0.0048422879234864,0.0175948667792023,0.008226451581776643,0.006738831764033061,0.00774290311750279,0.5755771390054165,0.018271081988175383,0.01354280500653709
729,0.021729621981086664,0.01696429776395399,0.018002982428844874,0.014655614652090096,0.021362306149693238,0.007725679528565711,0.02942645764423989,0.01631463309035872,0.015112663465347627,0.027938362084153453,0.01534279684709581,0.01707417682688878,0.6792386499214516,0.011506495514596584,0.006442181969021539,0.01643869275527925,0.022555581453426277,0.008404509942049965,0.016328623201650433,0.017435672780205594
730,0.006120986811266711,0.6028409671471614,0.015765120641809773,0.015164977681979002,0.033048585516998935,0.010000480247705118,0.013771850801633708,0.015240946454650295,0.01776332234081718,0.007055207393212088,0.016088305199209462,0.014587229152789927,0.007208283435782337,0.0168144575170855,0.07337724575127409,0.010205449504906873,0.01994673888527099,0.007051593115085508,0.02887368578538822,0.06907456661597298
731,0.006157129768680936,0.020144996502570383,0.02713225604427953,0.012997398135029222,0.016399098004317613,0.009098493281881144,0.02769422283531299,0.01606037789044624,0.022252724720976308,0.020575283211282786,0.014352169319990518,0.026686477840084284,0.027361355568774892,0.014729321905354573,0.6632458562701614,0.02853878290397463,0.00944015714100673,0.0061564697523481095,0.009890038483189187,0.021087390420338425
732,0.08080163105722202,0.030818550139443762,0.08451514671405036,0.07155028651505002,0.021812050457088072,0.07347866914962235,0.08836705265280907,0.005035526011108886,0.03557816951642833,0.02739588550524535,0.04420414908733672,0.06290666558341824,0.0632987840392217,0.1556559573343956,0.00999874912176626,0.049168245492395714,0.023428380109559475,0.012632561407521808,0.01271527208298614,0.04663826802333009
733,0.009232627998270114,0.01826900999420444,0.013918186365507781,0.13749298223760267,0.014939616374387966,0.007579241227451793,0.0336035436758857,0.014600444828892232,0.043116254243547945,0.01820630563850516,0.012764666099099993,0.015264722869053955,0.009691944906940529,0.4998504648757976,0.037501795092999654,0.06901029896719867,0.007818836453935012,0.007991658673574036,0.012577056409833164,0.016570343067311602
734,0.016710052071942236,0.011250285787699965,0.6410814845759818,0.09353724687982529,0.008734150190469412,0.06379134168856194,0.03532233598071045,0.00971414600659212,0.011523846158001623,0.0033183440581196267,0.00979705644589818,0.029308531640234333,0.003917939886102438,0.009152839973629928,0.004814160567677119,0.00666841860379172,0.0051859143220983625,0.009180720764890729,0.009371307396876938,0.017619877000895807
735,0.01905462252949018,0.012953844231373288,0.027363877500125953,0.6815828823423234,0.012679495514745549,0.024263402004761337,0.010721238581299301,0.01091613769030081,0.0595470921820776,0.010120619129799864,0.021754098836562933,0.01168188663672319,0.005648285384765819,0.02134459240260489,0.006574740587206633,0.004870576179606054,0.013488630842817552,0.01762020242681668,0.014417223394962509,0.013396551601636365
736,0.07455457962543602,0.27443039585424295,0.007798165991810133,0.007420690087356859,0.009867162108572436,0.002538946033859064,0.006176601173704947,0.031133426691770508,0.006908118949168461,0.2967915151780611,0.07286787642003874,0.009076810741094137,0.03065219294832446,0.012714326623656689,0.01234045066565874,0.0030736197768448472,0.014673549138948506,0.11408665729620067,0.0055361743154414755,0.007358740379809286
737,0.016102507920030845,0.016834054036493237,0.018019966800277565,0.021535701466162533,0.04663827841336102,0.007115751755420442,0.021392462208521656,0.5227369386578292,0.016519539149765974,0.031298552159967186,0.04385124500407043,0.036851485820236306,0.009520936500031338,0.017113776292370667,0.0064693988925814405,0.02373426503895892,0.046015541755300905,0.0627335715100324,0.01614002208087954,0.01937600453770846
738,0.014272928964860711,0.043981212100681656,0.03992332764056662,0.016028367618597227,0.019123446896675517,0.6634441299181287,0.01635498154513806,0.01656669150371957,0.015054556399257355,0.007783059809991309,0.01905142914399038,0.01679995793466235,0.008687901148865055,0.01724646716982292,0.007443923865634076,0.025242874441377225,0.009837996939539594,0.011885205600918687,0.013051268001498162,0.018220273356074786
739,0.013820389653944975,0.017912863646524793,0.026653885322713077,0.020955856354267745,0.025397109207406014,0.032020837941721496,0.022944854868017436,0.023790476577967092,0.025651553122396222,0.015047916579177803,0.02195294435966308,0.025622132823946292,0.01028252615445213,0.03843303737501009,0.5977643007133069,0.009577885505769108,0.011146192678683766,0.01484252179998275,0.02036993173570578,0.025812783579343482
740,0.5829966154203824,0.01592704501333045,0.0344788903465388,0.009614188557211991,0.015540787263506948,0.03756204466345544,0.01284415657301335,0.018388619758700753,0.016851307276664566,0.006904819300275336,0.015234262631002896,0.0141199592292331,0.006156376140499857,0.013908399465023494,0.0044790652520567,0.1124991741723836,0.022544791468395487,0.03808702434003587,0.009676006154937187,0.012186466973351753
741,0.005906101557620803,0.04190385268917091,0.014802102601305262,0.012405650351774213,0.018079667974682308,0.005075194692253633,0.036288428888599185,0.017817848456626487,0.015089972435464184,0.011001784313289987,0.016148707438051427,0.014522494805200329,0.010671966951178153,0.014572476942893315,0.6995362699121966,0.02445675006148965,0.008184826712842106,0.006838319407950273,0.012015663994711887,0.014681919812699257
742,0.025283480930099158,0.2744632268746669,0.02197148048225042,0.00918521978933153,0.017973694145528008,0.011672896932587875,0.00664428354137817,0.04219185720714989,0.009604830215592905,0.01089213254672903,0.012022821082724318,0.00879937513083908,0.003814988380251346,0.008705525259668336,0.002637178599700808,0.0026642583225147108,0.013966661224041438,0.5030532034433034,0.007985049057571483,0.0064678368340712195
743,0.07475044320268569,0.05952383889255929,0.00888439086650565,0.009747384406107675,0.016174185106017522,0.011580666070145441,0.08173726608205194,0.022230365644688808,0.009994519801000428,0.02460387676715689,0.06821975290271741,0.015380781944945549,0.03247483860902662,0.05054238641289719,0.006156119532355393,0.4192497660899706,0.037601496038913204,0.006330542060630016,0.010436902420863259,0.034380477148761364
744,0.009702220725596955,0.019080639271760153,0.016742042588954602,0.017428521689593093,0.01379161869200411,0.009602034112341763,0.014206884520230828,0.015393162874170608,0.018170665645297766,0.05046484224473535,0.014842563419287557,0.017401205524468635,0.5763126244766046,0.08784306697752726,0.009403169702288432,0.04497010030018996,0.02310720002648726,0.009045437469485393,0.016626323176422993,0.01586567656255275
745,0.013965924256548043,0.02428837374360592,0.024306757841919806,0.03932817331951908,0.01766328744951405,0.5673916685042641,0.017844985472373346,0.019957976837526776,0.015508395517044664,0.00999083068952487,0.016720253031668682,0.018664285153729518,0.0070647629887823455,0.014537043786582276,0.07847866177633488,0.021982877279840773,0.025625207016261687,0.016437178644046445,0.029138765573126047,0.021104591117786602
746,0.06638872644100081,0.11343623995052243,0.0037754986455942187,0.00985411061826119,0.08635355659719035,0.024029593970018425,0.07791164847960977,0.04715549958846224,0.0274161748529565,0.04093354712680983,0.05656739931236796,0.0855710650644968,0.00588108974689371,0.022852907984490686,0.0772309210707527,0.09038199662065056,0.024917304991404463,0.0482088979095265,0.03501852054452335,0.05611530048446748
747,0.00816535614875852,0.008050275558126395,0.011241248668843276,0.027977502367052764,0.0104561424289455,0.3731129131219708,0.07200972597625753,0.037529229974565544,0.018673891086050262,0.02076251513144822,0.04812364071558861,0.15623179844242488,0.00751331636853058,0.08227442293540366,0.020512987527372694,0.01994477899678213,0.03638442909119443,0.02445221770543617,0.007152028668381621,0.009431579086866404
748,0.005837544787529591,0.012109912517993841,0.016565008476254247,0.0088435616894943,0.12271628198835192,0.011064039616553419,0.018558014100408676,0.0455166076931988,0.010442116130949267,0.047522914066790566,0.030362048716005226,0.014931592391943242,0.003956574878197814,0.017207669974494095,0.022091470335361418,0.008377843700840009,0.004757578052733466,0.01785166305912018,0.43750392270796573,0.14378363511581407
749,0.09069718070513477,0.05505561743054423,0.007593947130692491,0.018670071016630808,0.010617793058616544,0.06364210306646735,0.03236925835445851,0.025893510605704467,0.1281615854332023,0.034825662713623744,0.05227181266068578,0.06880333783467674,0.031073876463508676,0.09590338583494658,0.10262563909111695,0.08260867646287198,0.052355171499263685,0.02544072162684195,0.008654996356176782,0.012735652654835644
750,0.035846091975945654,0.062485255551457904,0.014349966571818737,0.007337658439057885,0.013723938542012632,0.01050924264388533,0.06436006565093932,0.13339874181551278,0.027400346025485498,0.0828180430927486,0.07226149485470112,0.06378314828708409,0.0046207320435872916,0.034223394540729646,0.009134406871265788,0.033472057192777994,0.13351576466921,0.1599002274919408,0.029215011157940896,0.007644412581897981
751,0.05140234830375584,0.02709876629610772,0.02517662701904108,0.023474458472598787,0.040390852947655626,0.03209933278704089,0.09172465477727876,0.032666310416161755,0.10468405742171498,0.05570600096334818,0.07849701090431808,0.023405993323591914,0.021131901515632903,0.025903033186172944,0.11587083598285182,0.0438789473966782,0.06984277586861733,0.06718615778917414,0.017993226133691975,0.05186670849456703
752,0.0805716359441453,0.0056683680376754956,0.1513704787973311,0.15236598065840423,0.01758613309616347,0.035417071650114464,0.04567742235521233,0.010790507372334621,0.0232261209937131,0.005923830188220275,0.03931178776679278,0.024408295138624265,0.02035328862638675,0.08226351000171629,0.001860893037208074,0.06892787718292166,0.06408905543688409,0.02687494477706869,0.0095418733075232,0.13377092563155976
753,0.06374552935875165,0.0678570404622618,0.013985736848178547,0.012269430852563684,0.01245928723410887,0.005778202958280121,0.013310967175468362,0.02610417229708198,0.013457643057094612,0.015090298282587074,0.03520657244040525,0.08886438345242187,0.10425652214351148,0.01836294443621499,0.006270415261564977,0.09195693646396723,0.2567187738262516,0.12315609714713042,0.011873890216194269,0.019275156085961278
754,0.3177910068413797,0.07486225610921259,0.026719890584717368,0.015103898678647741,0.014883359862091439,0.14994154724534384,0.01089191998298016,0.013866995601020471,0.016231192279964956,0.0062263872973948794,0.014058919371281614,0.017042230608473173,0.008320929643839136,0.013892673869607672,0.005920687869403571,0.2159686820562955,0.020215456549855945,0.02433113563381677,0.015360954226539214,0.01836987568813432
755,0.12060621171443259,0.192381015569118,0.00864882756526113,0.006540139886729118,0.00899738410864444,0.27655783221602265,0.009473549024457103,0.00688298561842625,0.006508293128498641,0.00416715972797686,0.02800413547741708,0.007313015928041008,0.010770644206835793,0.006023326802139228,0.013735146784842153,0.11657188528730093,0.1285540518576791,0.02683186362608775,0.007027750810735607,0.014404780659354568
756,0.027924307838395414,0.10116762029774584,0.012198972144387366,0.012105584453188224,0.03085713950776595,0.019235584815160776,0.048859093037468354,0.03528949206652133,0.013242822469646094,0.23838352699153434,0.13253040870465504,0.03466247111091101,0.02958788075324711,0.034895900462929945,0.008035840101590417,0.03612700079404208,0.022908770123575475,0.09280784679050329,0.010679091363062864,0.0585006461736691
757,0.404709666217818,0.012259142878454659,0.01365751778107374,0.02547103446573712,0.013737012040390796,0.22976797817414776,0.010826867904354517,0.01757407377497204,0.01785542053461839,0.005661081188527807,0.01607236220295481,0.016276851415708303,0.004696025422420342,0.014466493000936255,0.0043925841591246,0.11082421400669755,0.030249011775958817,0.024083479362100216,0.011535444152553274,0.015883739541451006
758,0.007252156204824847,0.014579508876498897,0.014299338057935979,0.05187234700249782,0.017092412265847838,0.013831918556094142,0.010661016441773107,0.06102959022564882,0.6054917386800129,0.0054919149803796885,0.013584699183930479,0.027773712880153775,0.005513992263319004,0.036881556196891464,0.05854193580568854,0.005618183116901043,0.018532835329138814,0.008262629129185572,0.010606118946406286,0.013082395856870946
759,0.035007690850535476,0.027813116613169247,0.011676976521202698,0.015074425138523168,0.009602307544741846,0.011469045330055926,0.009556424368334442,0.01300410810618966,0.016413870933113972,0.06410722969247205,0.011997424818631206,0.07420866013660886,0.049641765110941226,0.015336585437194844,0.0049799219863087135,0.5282386106372664,0.07038930368034868,0.0077590210629755255,0.01340003933100437,0.01032347270038159
760,0.006462597856232864,0.062242647384378236,0.016519371858081767,0.015010244792878526,0.030072061765669355,0.006473005778995872,0.044418062598956864,0.009379504814507273,0.01308523739517922,0.004024593583865417,0.011910027410983641,0.014826159838071886,0.004289579123174001,0.011551979544296334,0.005867753222723017,0.01622595697091317,0.005684921059298023,0.007001828092535185,0.010864275132007365,0.7040901917772521
761,0.5094776566079009,0.00985428406093619,0.00795346734068227,0.04083335294745274,0.008644458716761378,0.26469937112475667,0.008848433254254962,0.01216164371644128,0.008249855372312131,0.004036635175674924,0.007557633115193394,0.007827948807116519,0.00569200037783523,0.009874838153188993,0.00378025448530305,0.02547441612582055,0.02244254911691047,0.025020918501309677,0.0093996744328709,0.008170608567277887
762,0.004260579734575572,0.03586609139362242,0.011200461054155472,0.02117001521283915,0.011209698261530203,0.004521507281889069,0.22788887791772952,0.008364716868061528,0.030526375418761607,0.06281853427181905,0.012970201091816196,0.07994296296435151,0.011167098967668876,0.36486145615774124,0.06759209208222618,0.0035533254878470344,0.01527277809905951,0.005819223824272198,0.013776304876578336,0.007217699033455287
763,0.006939698205529569,0.04439523341337782,0.012594372308343427,0.016502234953315778,0.023713371248806975,0.005997416215639747,0.09190226843573773,0.04819276154677,0.020645918569261883,0.03038237585786491,0.3588597320210598,0.012336445770977575,0.006138013950511701,0.026399597565979316,0.0180366260206832,0.009221090861801418,0.03988139618177328,0.0587309906699496,0.009296515231669958,0.15983394097094628
764,0.01097859620509984,0.018301526605745695,0.023442662994547347,0.016885384126613646,0.01971453995455315,0.02551392129042403,0.016835499177167815,0.019766384351971634,0.020008773165968288,0.014309904449861315,0.017085340136373573,0.021509749515864807,0.0090249809955885,0.017106788382154393,0.06420811975101731,0.014732673704105947,0.01179443690568989,0.00882928072756265,0.629254803800449,0.020696633759241342
765,0.024466562582829792,0.015975114051396427,0.006943446579181574,0.006762255907810671,0.02010849944263901,0.002336172505758628,0.08570828797799201,0.017502280580428176,0.08899123243358525,0.07842770892741303,0.15800925090167248,0.03663004290642274,0.0034569940752505516,0.26200785033300766,0.024725827067514528,0.04942458243627019,0.05892739635807043,0.018495600010708078,0.011136629296759203,0.02996426562528957
766,0.0049812243025154366,0.04731694486169285,0.00742087579840246,0.008329029911352854,0.013905854265900857,0.003609968919140972,0.03636359755607074,0.12148980715930746,0.010486825867349633,0.3906363877594323,0.1662746326599623,0.006668571042973079,0.016058623124752616,0.008280850247417237,0.012118397738374649,0.0024005593082665807,0.024197100160228645,0.10591356424100311,0.006513551822416967,0.007033633253439237
767,0.002060903110153465,0.010997935712597903,0.0049518147143750866,0.004406545328943996,0.2717628222308727,0.0019169129317285125,0.07703988600966787,0.06440107288178322,0.005563181998624297,0.11802386217534512,0.34709700217892564,0.016323250418804103,0.016067713103069557,0.0035724439532471355,0.006672879224530912,0.0018416285746252151,0.0023335987573759012,0.0101916434974699,0.0037535801557813993,0.03102132304207802
768,0.012897897650528971,0.047682063740727594,0.030017953482849608,0.01996183673443202,0.02792214269497252,0.01330958113869058,0.04900717985131924,0.03026545737019339,0.01592540838974731,0.011628453053808246,0.016693026901844335,0.023717805222776927,0.004995223817070932,0.019318730034206158,0.011025349340009242,0.014115114498639081,0.014224061411406539,0.011387166943282295,0.02054574092583461,0.6053598067976603
769,0.005520203391070348,0.03892799211538551,0.010688554166582336,0.01618545266238126,0.674270627859516,0.007682587168921337,0.008369865069468999,0.021353845313574624,0.010770366352876717,0.038659434437054295,0.010778269029154831,0.009072893615719413,0.006859014626578345,0.01095187019717399,0.0044373242655646435,0.05898510063030179,0.00470611037401317,0.017450810279365573,0.012565814254580664,0.031763864190716175
770,0.04880623380845308,0.015185520056509307,0.02084474290547754,0.01771152957258597,0.013963987080997742,0.013462656602768219,0.6548010078878242,0.010966225790968552,0.009751556645054532,0.01120627986450047,0.012895463595639131,0.02275388190980712,0.005890215144201326,0.01716001463732312,0.029035756082589986,0.04254394869701535,0.004359160631293299,0.008966540995501392,0.015314725323556414,0.024380552767933054
771,0.008004987668720187,0.01632104079917201,0.01171130364273393,0.013430484125942556,0.014228397674903808,0.03374419257979817,0.02393950568444872,0.035346902343940736,0.13962627532143213,0.004939537014113508,0.016531577759579075,0.010003473925227317,0.006928127720420535,0.014981535420327501,0.576983106662035,0.03396020641362913,0.007546501215261636,0.007518752225662231,0.012887840420479165,0.011366251382172713
772,0.009044033439797152,0.015070341296923343,0.017403503534636613,0.016994284147911685,0.017432810902470678,0.044456219470534915,0.014653992917059327,0.0353815114811818,0.03476243881006872,0.006509180422840339,0.016219780156485383,0.015759935698960212,0.0058465696335692355,0.014343018839809008,0.6391797512844205,0.040870350424405975,0.01036626105259446,0.012499225896738497,0.017638738770487095,0.015568051819105047
