site,A,C,D,E,F,G,H,I,K,L,M,N,P,Q,R,S,T,V,W,Y
677,0.23017634290094258,0.01335670578638231,0.006132499960353966,0.00699412320303846,0.008709401411536378,0.42354743013499935,0.008520239963872798,0.007823297475475095,0.014015234023358457,0.0025048192945796998,0.0071585974444452255,0.007815893580297807,0.004418000020922687,0.009354957213129992,0.004689256601194711,0.20899192897264796,0.0187150273641669,0.0027959517666889533,0.00565065632125416,0.008629636560712575
678,0.050274635671782,0.04664088621267515,0.09270159129825,0.06693045793269743,0.0353362538493091,0.10800472575001455,0.0624435268085258,0.00913042672678167,0.015380958000899595,0.015786454711543618,0.05118902587838867,0.14887500584618218,0.0012067244368472786,0.03405818487573351,0.01111420197894074,0.06787756794897945,0.07449848372459757,0.043844481866101535,0.02611229017656661,0.03859411630518358
679,0.4627604131258345,0.01185139766263981,0.01279242640034412,0.013104252626958008,0.022434812947401104,0.003692327338005452,0.02280897630041715,0.027303444554452078,0.02064820178403743,0.006508253640696757,0.01933118656656127,0.024286811939653822,0.009753395052052005,0.021081957987979582,0.005399799431875627,0.26662512836300994,0.006487364568536914,0.009387188621915916,0.012934208325842302,0.020808452761786278
680,0.008822884549258402,0.014901463373265743,0.019666076229250082,0.019954062807826075,0.02693593868075126,0.0058974358504765255,0.018341010277880807,0.1951529272877693,0.02513566776574559,0.4798501982756882,0.01906615173047112,0.01841839007449296,0.035580912070221474,0.019420735839396394,0.004959910888653655,0.005025462714428166,0.011051977069732226,0.03793373508939008,0.01600183343424702,0.017883225991054796
681,0.054834747677508275,0.034178244994341224,0.006312952246426927,0.005125055002913937,0.021423958013686486,0.01212010444349402,0.06967063523073176,0.03136970166487793,0.11029433719585709,0.008479875243291683,0.014260003324588454,0.05090225721323655,0.003083463476665755,0.08879804186058639,0.17582505436071016,0.0543691606926941,0.10124549090492313,0.048377902612862705,0.030430095529628172,0.07889891831097523
682,0.006266882797180209,0.008086037780027611,0.009020006510625065,0.014093888662457983,0.671873815055198,0.004456335863862475,0.017672702442979072,0.01793049931921309,0.016730764842804797,0.05138302303187327,0.01665440444262102,0.013113745161090781,0.009615233593441037,0.02031437459497844,0.004314089778016138,0.038431866024996805,0.006582087001080898,0.003923892724480044,0.04341852401481868,0.02611782635825448
683,0.0063222106231096325,0.010283609992605254,0.016522556284861753,0.010677083550476453,0.01008619420876864,0.004101712543326764,0.0214481120215997,0.1356320147410371,0.01484952832144126,0.5352660468002233,0.0983488422361869,0.021274273799081433,0.011222271380792227,0.014163783951281483,0.00408045105936406,0.04048523068264111,0.009844599202520732,0.009656328803926762,0.011460644232862457,0.014274505563893048
684,0.007390531294076854,0.015986684519320442,0.20199890354633515,0.013427506537024169,0.02185476429255394,0.005125617110675346,0.030912656820260027,0.023639863588061125,0.017500809275158086,0.00530320056213649,0.013782187522741495,0.5097718628116477,0.008905420884801889,0.015672737099556112,0.005653807532339193,0.04266684830783324,0.01647782774234918,0.005521555445793637,0.010672314323301287,0.027734900784034747
685,0.00830390468390039,0.015689565655918312,0.6835296823785517,0.025657231273633584,0.018126894359228134,0.017188590620759874,0.022271464640508852,0.021584664035330495,0.020710462933153526,0.006557541556588181,0.014597992587462298,0.03266741219178833,0.011428194645193145,0.020829882773399547,0.006052945665340597,0.006506538300617688,0.009851117433664146,0.008730149892880259,0.01409073229780798,0.03562503207427286
686,0.010990581463157203,0.018451581736589222,0.02430770027171472,0.01616780943953057,0.021580928613029217,0.005279519487936505,0.02955080638856768,0.038487703301327544,0.021300984840468374,0.012546882901779494,0.5950784998413474,0.024365499148735405,0.013558035764296976,0.01861174892085284,0.012735931615408782,0.007347454153567069,0.015524316572173482,0.07706642973110915,0.01147272114558471,0.025574864662823587
687,0.06553233680673716,0.01766974024671499,0.01780750820407649,0.019170671816259695,0.0237322022882485,0.5907077946477245,0.026211566614302365,0.02680185655154808,0.021687699318414896,0.006122548489268138,0.02388242990186056,0.03176914833339848,0.009879622328411518,0.02083192455577925,0.011817681590618592,0.031095691538529115,0.011397913646935568,0.009099900816237606,0.012013116769952262,0.02276864553498216
688,0.00926487455383359,0.017806269797234806,0.020194810807258445,0.02513020915119575,0.02725329114393548,0.005327738838232049,0.024296349398195572,0.062441215792003964,0.5901063930295751,0.006122492409049131,0.019897890599985413,0.03541253664686511,0.012484973904561136,0.044971949212289114,0.02648924204639966,0.008362201138011881,0.01735419230155706,0.007908980194794045,0.012037614179837501,0.027136774855185272
689,0.021761367881851148,0.019415163984079983,0.004025762546622239,0.0035681278318838282,0.004487734168396335,0.0010077369328172147,0.007264693631734747,0.04874718293140004,0.005215931308351914,0.021020986196716933,0.00467611744702479,0.006725111803375327,0.002854888662232296,0.005951349073374938,0.0013116210254366912,0.01184448326471138,0.6500342467717677,0.171509640154844,0.0034906174933347148,0.00508723689004385
690,0.010476148154501524,0.021269323693802633,0.024185507764309253,0.021679546792225324,0.024899324732428077,0.038531803177965555,0.0391323298909637,0.030836298172029382,0.010217169063149269,0.007612512809048628,0.023182125820655545,0.034503660437291535,0.014699178829924525,0.03148004861261952,0.5836945492694474,0.011664043455067287,0.018275589862858304,0.007809556087764745,0.016978909998080008,0.028872373375867764
691,0.007855074958809218,0.018316882584236246,0.020296755398227707,0.10012467063183611,0.019535942458509235,0.004414716810166236,0.02103301764142466,0.029111897360774155,0.5014809003095749,0.005724653354309794,0.014219087582533589,0.036918973140184365,0.008829147588562297,0.029003027393565955,0.1284002732842723,0.006767743555588835,0.011213618513489858,0.005849433506159987,0.009065818671236146,0.021838365256538466
692,0.03936285707334339,0.009990138227184489,0.352529787809932,0.06451572483846672,0.03916336608683292,0.15065808025462488,0.057069842646516995,0.013727452469064953,0.014406112689110066,0.004625687946066645,0.013726256420342262,0.10297323407602733,0.008054597258972014,0.017338582788017927,0.003203750465970333,0.023150565211129705,0.012947413971540431,0.0035711921439962237,0.047820182239604006,0.021165175383256782
693,0.02695795253950597,0.13053817514827662,0.004339260206968957,0.006427464167686568,0.006241713240089743,0.0011497268782087737,0.07917052657437229,0.1269585671971568,0.0160425346443769,0.11557949995256411,0.04716648501820984,0.014984513754404924,0.003807475734682725,0.06429362448181136,0.010926791916807439,0.03111728130479,0.09141856467240878,0.21446086053053742,0.0034574888836755788,0.004961493153465201
694,0.09468802513060937,0.046721815743305965,0.04923622199298639,0.05356341042742883,0.013244778431218742,0.22738356642958937,0.0251057906071672,0.00981748384569399,0.006115847481038044,0.06540961633992975,0.1067591220029645,0.043694880701520195,0.05350173232331774,0.16294020631228046,0.0007949149928460695,0.011590196376823542,0.0058929102025526365,0.0045334264530601425,0.005803619253959015,0.013202434951708038
695,0.0096599105831919,0.02697893092475069,0.020790961324492978,0.5783018324925986,0.04687321078592602,0.01889033731012027,0.04131993745258679,0.04433661238071122,0.011389383944075257,0.006552541853193717,0.02003580096551475,0.043883053621143,0.013113485453063976,0.02079789079519019,0.007028184820134415,0.009268102261339225,0.012709095128353814,0.015571636156791762,0.013802723323228362,0.038696368423593
696,0.008956287302036625,0.02214986154044165,0.02183445490564724,0.014028099951796241,0.022624271931097183,0.005333153833452252,0.03689013876706859,0.03212848640276393,0.026118505422429963,0.008700245635807489,0.02025746986051202,0.04158222815562045,0.01427506307468454,0.02376507503449173,0.06906206484193644,0.009260976238552363,0.014780646215036343,0.007554791748671126,0.5764794363502921,0.024218742787661795
697,0.10748747598453519,0.07645658450212801,0.023079646153042685,0.0329079823896419,0.037628200995881,0.07044213251545818,0.10405327621020927,0.008160272608770705,0.07357453113615403,0.02852841031891064,0.041410869089649666,0.0684469319896779,0.0032070752827446348,0.050171215516876345,0.04122136575600558,0.10529756796690219,0.03838923557721115,0.013034340281062106,0.013904143957428486,0.0625987417677103
698,0.17660206249316993,0.028639468468006104,0.04439607826626392,0.14797378261262548,0.008053592019801246,0.02375640203217226,0.0325833016442944,0.00921010366249188,0.015142254958733035,0.004758294969072815,0.020163672720410163,0.024403081973898143,0.2725949661898728,0.09170687687256655,0.005431553744452471,0.07511309269593446,0.00327078081655024,0.004579399534716947,0.005074196346300387,0.006547037978666909
699,0.022019852112342624,0.019240857237804658,0.02058490714848747,0.010236836073003987,0.025760250633555856,0.006517263461860536,0.03278415347150515,0.04368175495222216,0.019542713946462877,0.013187609638673001,0.019432219613965365,0.03425884990128705,0.07518330834555857,0.024106660855193474,0.0055331372332973585,0.555900739604057,0.028699205596484083,0.0072677117926734786,0.012816314493592365,0.023245653887972992
700,0.05140306863942207,0.06047415349437579,0.003411208909450015,0.004080426028805309,0.04264875693483097,0.016803526945337127,0.060006227463946495,0.07195882467863784,0.03721048182368341,0.07519916945555662,0.07999715765726821,0.07317907043105205,0.06204856855692369,0.09339953732199753,0.023368350835315525,0.027907633571455186,0.07435256339345424,0.09063644828540514,0.013116152048403365,0.03879867352467934
701,0.03541998748201966,0.022132412751661137,0.028844854308935804,0.006980428367787926,0.024743726253495083,0.5906915049293334,0.02771607152361415,0.02850878646501662,0.023089904196857844,0.008006141854366617,0.020077567504057384,0.024883814976964132,0.016765278526074883,0.025845176112518718,0.021959318649081145,0.017531178236333357,0.013395990320753531,0.018945762687252937,0.016752659649971205,0.02770943520390449
702,0.00428364902064125,0.036346397016348814,0.006612955634929356,0.005774941176799721,0.15767971190691313,0.003762987698414897,0.0729889585373111,0.0791191530753104,0.008148124316338292,0.04765582282963768,0.064521797509559,0.00786743801802497,0.003375535572327769,0.010439559296685485,0.007915597048446736,0.00415423357933789,0.011177298937684276,0.05287371189985712,0.16730935011587725,0.24799277680955484
703,0.052389786717823066,0.055082547766423094,0.08847198819383034,0.061521916928926425,0.04413673787272708,0.03308765493073506,0.08505065230285985,0.0608133679351409,0.002928128344556718,0.050724179491581034,0.04926067310109297,0.0584309395732667,0.013191839005693437,0.08670205147630738,0.024185486781336144,0.04987427344058722,0.05105130144821565,0.04772521813684053,0.021888365636342964,0.06348289091571342
704,0.01964950733888096,0.038480497150256865,0.12063493855042393,0.02570315637770993,0.018754269685341832,0.007076952241878055,0.04867345410263145,0.011381853031634187,0.008844083993637562,0.00478694560044634,0.006189966680561136,0.28817527674507276,0.005779350279393117,0.05255986325113095,0.009915348514667506,0.2601502197526788,0.028570997228664345,0.005332417808210123,0.01778583499394264,0.021555066672837513
705,0.008693337389593893,0.013888998566664553,0.021530409011581902,0.01174183015724075,0.020286652024000967,0.004475142881014121,0.037688960213871164,0.024197757188341506,0.019542988629924235,0.005969627309168569,0.01486157511388052,0.03547829416586384,0.015110356957813324,0.019627413459665018,0.021814132899222606,0.006381813146817856,0.014146033933788417,0.006307122822706277,0.6747993053773518,0.02345824875148877
706,0.017271298025543756,0.029953772789340933,0.0815032321716388,0.4848029339146762,0.030458450149096095,0.025804880805452513,0.04538527314476968,0.034428368704355665,0.014778432554809352,0.009500333952866268,0.022313860834431622,0.03494165491567473,0.015100406825549549,0.045535899080943784,0.007210899544776291,0.009183544681061384,0.024617716012504114,0.010674388826025307,0.021510538566084716,0.035024114500399196
707,0.024820721344897136,0.02890186875337417,0.21515406540073853,0.33336322895118975,0.030038066329092387,0.058699085308236545,0.03673089628738309,0.027200869395221795,0.016731653369711087,0.007661763122283695,0.023248163888907908,0.04721238094604818,0.010556028445027114,0.03649598862655382,0.006778553480625095,0.018643771898996034,0.0166952893025507,0.012357150558803513,0.01895972701233188,0.029750727578027634
708,0.06532077390884035,0.015856189802205857,0.030943443867252413,0.019534367365723573,0.01884862408106798,0.004617647030279065,0.032422793099582146,0.0916672198367405,0.03137136612738098,0.011476441065626739,0.028415717176658386,0.022285182506546375,0.012853786280151783,0.04248321175584841,0.009035666697299799,0.007019284866564108,0.02225749304582851,0.49646209646505657,0.017299860033883875,0.0198288349874625
709,0.016968603666108622,0.024963294655067327,0.02727564501170611,0.040710146403085797,0.04540404514786375,0.006287957081724814,0.030552333662982975,0.04227869912664292,0.015069328648289478,0.011110661800898388,0.0448198991116444,0.04821300514896352,0.4981764066312297,0.02165115844659228,0.004091934727836799,0.015732644782352315,0.023984596075856984,0.023314383962784572,0.012045296442365514,0.04734995946600377
710,0.008181754871563439,0.03633444334653044,0.01809103136256283,0.013934908590830151,0.5332112805330063,0.004152123719512722,0.03464489194752523,0.038715778911206866,0.025382263952853,0.025301827041815012,0.02544857171261246,0.03305233816115157,0.014822205084089188,0.02482437949267047,0.006843193050585501,0.07940280463739373,0.012760332101610466,0.012464638314783408,0.031019811985275387,0.021411421182421956
711,0.009547449668584066,0.5017641423920166,0.04167865667084986,0.017408008759555463,0.03503277385568405,0.010604311914013717,0.038455371354082474,0.05628990851322688,0.02822129121206269,0.00923962034142779,0.02716038112477568,0.06475946123501986,0.012064439489856223,0.03577734770363715,0.030005792038442145,0.015373667688036281,0.018785716662351595,0.01003910281391684,0.010244326347601154,0.02754823021485933
712,0.009882251282390965,0.0270588849629416,0.024664185955088107,0.01656374763318773,0.03862239508954776,0.008877416104666917,0.024888291344708692,0.03950688004768532,0.03256466621800482,0.010622523589864782,0.03579537643700464,0.032151053513831365,0.03229071600161441,0.027517355103214337,0.007405536240640827,0.5382177671560258,0.02678136157464978,0.010736436407484793,0.022177921397265474,0.033675233940181994
713,0.008072687512784006,0.02297078907973997,0.019736472120648125,0.014421151248115362,0.0366142868261964,0.004124063228183355,0.45182035119785346,0.03944573263378299,0.016682187816902155,0.009302069154662508,0.0235994129369113,0.1926677902597311,0.010089393101165996,0.01571075961285663,0.02615395613885825,0.007813660197962872,0.013998566554997961,0.008734452204187913,0.012347158149785356,0.06569506002467435
714,0.014532813225450025,0.02977004578824221,0.02723448809445214,0.024659388137081233,0.05147472559180624,0.009880472155312424,0.4596570011567463,0.04496392338632323,0.02936665807124063,0.012382482330986912,0.03125305273180812,0.04873070637971502,0.0117369359088472,0.027774586680628058,0.01805190889757985,0.017650403560093106,0.019453775161764872,0.014618528830448233,0.03426641776998888,0.07254168614148537
715,0.0066804661388782625,0.030918451526053086,0.020722531516704747,0.01584525755941289,0.38314372074671726,0.003949615367328948,0.02983489011193156,0.022501223283211667,0.026626127681238988,0.06695480317753283,0.022543894017153305,0.027856148040219922,0.00881007266590142,0.024074792059084707,0.005203717466415319,0.03622661323514062,0.01312627282775682,0.006254943094359564,0.11120715914339765,0.13751930034156054
716,0.048320597099867316,0.04033247311999956,0.03435273512186704,0.023125374787247317,0.016605852920074635,0.017325143998807788,0.20395821750431659,0.02791706353215595,0.019535723501101693,0.006846585659855785,0.02503343200876161,0.3263568764328425,0.007735975650487682,0.06236847822106834,0.005705838738549355,0.05906306401572251,0.027491929656503808,0.01649187075590898,0.014222406275895466,0.017210360998966046
717,0.015384652431790364,0.02484507850735024,0.007838774796191947,0.03389876305070121,0.01081873281609811,0.001529584713235543,0.034106523895318805,0.01959941106097902,0.26970033860601406,0.10355659083455576,0.09678725842070662,0.017124759836035907,0.004370492338838961,0.12014344280594405,0.1272545889182527,0.022513293047258937,0.051818095654741686,0.012879009380935183,0.006497649144942398,0.019332959740108496
718,0.02826750261045034,0.11750086479960939,0.012516832238252638,0.007382629751867621,0.016817580265773402,0.002520834078102973,0.00871225478529755,0.17701507981316192,0.008532520864679469,0.27466941130093,0.07456073965965121,0.012483344250406694,0.034916725432280415,0.008294263335916437,0.006939384277623186,0.003628480686712923,0.006595302493052503,0.17851829867522162,0.007203951587215239,0.012923999093794528
719,0.008061681432837538,0.017666335518010653,0.019573331616968906,0.014107834954762501,0.23240799826630207,0.004349582023963069,0.08053097052522523,0.02571706022317669,0.01977063406657305,0.006022152842057635,0.01987188914306064,0.02751653507499252,0.009544124001498129,0.01585356763680558,0.005131442960039177,0.006622009102645722,0.010442987217138992,0.00870259938709004,0.16687517147120773,0.3012320925356441
720,0.009096495540307196,0.022199805855849717,0.020656184287921556,0.02156776539636422,0.08821653965294682,0.008009605038810113,0.025813564598459102,0.0840319125919495,0.04022028143368218,0.3009649609321123,0.211727920287364,0.026383454194653426,0.022640742889082008,0.022240352564004355,0.013043346986140125,0.006756814070304246,0.010665493570592694,0.010662009177565655,0.02260625468251755,0.03249649624937331
721,0.011173160484219064,0.024666882080113983,0.03527392998259255,0.08424061131147316,0.03829232454310089,0.012405190417185671,0.06174050325365115,0.05179279892171992,0.3326684974583817,0.00998829145405726,0.02348316876582832,0.039369726691023024,0.012752237502823375,0.02966223023659807,0.10801698446722309,0.03225759274350399,0.02694990473283869,0.010913017724289018,0.022949553721394234,0.031403393507982894
722,0.01615556393003448,0.03443044569749014,0.41354050036221673,0.02296641009537675,0.0366322476854585,0.08913504992475353,0.03347266741960439,0.037591679486324754,0.03338296348713414,0.013000516444297918,0.04858919802077224,0.04338049784961041,0.01385070161645207,0.036020662621481264,0.008980106191985497,0.010482183328331236,0.017381784706819798,0.012639222697911906,0.02388081604747465,0.054486782386469514
723,0.013712102155233885,0.0184912048931883,0.019105659857135086,0.07334603509284766,0.024949007911359684,0.49855977628526965,0.06449049089380014,0.022037301528487065,0.03590842512665324,0.012607527664463498,0.034906018279481976,0.01961552268692309,0.017847453152991195,0.045169741450075275,0.006987252480274448,0.012593167138551927,0.014436515110283741,0.009959277583326737,0.03526549486258476,0.020012025847068668
724,0.009426804015021098,0.02187599281847829,0.02527838077816285,0.01906081034529451,0.03897886772809042,0.08196857931052923,0.018112706229052408,0.036249788085563,0.023700180823709158,0.008381240224251013,0.022912100807039846,0.025735608063928085,0.00785433357896007,0.026009599126147507,0.5545264814149564,0.012294541089400687,0.01105736987395164,0.011120080632477677,0.018530987507556988,0.02692554754742911
725,0.06556251242523112,0.06920931232359451,0.030637114494425126,0.05031430155958608,0.08119186518435825,0.07953622146895459,0.05888193744419475,0.00720562904227834,0.023571677625834907,0.002802222361188953,0.022977894608388047,0.06135083105705062,0.03729227546070388,0.035268891547866575,0.021088046602303675,0.11447010446682121,0.047302306236233466,0.014264492690883757,0.11171011329750338,0.06536225010259872
726,0.004845916947683862,0.01403899469918321,0.014321226381130548,0.011897016185997766,0.010242892605496264,0.004706162503590785,0.010540779633548334,0.22951140403833337,0.022969334997521827,0.2670305802069383,0.1555654763903816,0.017313451867666665,0.0037245577355399604,0.011005906222688369,0.004151661034408899,0.006007881165654546,0.014102241495939962,0.1738355534725825,0.01274562090245377,0.011443341513259457
727,0.04474396776549135,0.13223708253647803,0.015081970927990499,0.01484346444133985,0.024351486014530483,0.00613120733480889,0.020045922485830692,0.12225703483799731,0.020114293469005444,0.006635446988276937,0.040249307521993245,0.02742934917246782,0.0057857824356931644,0.013567253005976875,0.005461127229906749,0.005984408632141138,0.0894242737686006,0.37221561178628804,0.013031917282381157,0.02040909236280165
728,0.14259156626671218,0.04865049002931487,0.025888116493891125,0.020097390806911124,0.023181697619864702,0.004443966580299585,0.015952627591916287,0.08708358090499367,0.030569374913981595,0.0069213062022048695,0.0383508414049196,0.01890485147015565,0.006192648583042867,0.03205298206418141,0.011791331159932382,0.007626770640816795,0.01072875785397675,0.4140734580776767,0.03386049553094029,0.02103774580426752
729,0.03688399433301401,0.030112604393348785,0.034897961415578244,0.024764115112556315,0.044964287505981755,0.011708714464962747,0.02269800548209088,0.030718428508015778,0.026960089112652533,0.021736267461327525,0.027130245666204585,0.03139932714490314,0.5239933639850423,0.019015665063605455,0.007152921004041431,0.019594248765407017,0.011440240793747329,0.012632413540762895,0.03043200395760509,0.03176510228915225
730,0.010486478985317247,0.49735997332356646,0.0321710314992316,0.03293368851107296,0.031201624325679547,0.007603811540063778,0.024491008072813864,0.029953983160282416,0.036747692794947766,0.01112340776634227,0.03289865414412667,0.02895646172042255,0.011986988297461375,0.034384289091673216,0.06059393532670995,0.014376660127770098,0.018049620203197572,0.011430125567471123,0.02355451721487095,0.04969604832697863
731,0.00836349018382946,0.016478155998786874,0.07749830215030129,0.02109166876064232,0.030004311532264953,0.00624475002651136,0.023686795689040363,0.03077277764391852,0.039650219492326284,0.009618016315841874,0.022949216950723852,0.07481583943375836,0.0177354233193171,0.025513663322993225,0.49432829977134723,0.010613646320896432,0.01397146135754847,0.00826025038733179,0.015360856905017354,0.0530428544376028
732,0.0777933699341585,0.032448291546709175,0.09314757162761148,0.10531595540817389,0.031058726077156342,0.08114854098127812,0.0758670124095315,0.01078788559866263,0.027896803969216795,0.04175552659996599,0.04299879890372474,0.03512191009701332,0.05772412096859932,0.16198107900816824,0.005945288636262617,0.039953120607536835,0.020280304697362646,0.01653618596921468,0.012513187303796223,0.029726319655856943
733,0.021967691987747413,0.03827803828347874,0.023967910647091403,0.08800242056607836,0.027371388061076356,0.011475457691083948,0.022257489504038715,0.026824500230158806,0.03574927763755936,0.010643949982938028,0.01984161183171748,0.027392819263371466,0.010048448073387124,0.3845725070655045,0.04898814131664938,0.11983168012679547,0.024201814325155384,0.011395566873303509,0.021679531728771923,0.025509754804092635
734,0.015106882362123493,0.01816711154194801,0.5116304900346199,0.16312272111824438,0.01361814846247323,0.0805761800467069,0.018840990259919154,0.015571754644340848,0.01965069626169956,0.004659382504933424,0.015595687785563646,0.05095628385712553,0.005609967724458088,0.01413776563165544,0.005193249818681647,0.005859432183623197,0.0072781374598987324,0.0060208026036841005,0.015361178829777663,0.013043136868523026
735,0.01151835410436103,0.02330790580521799,0.020475921101809267,0.5897653749674547,0.023578492715114828,0.050319311349219284,0.01903439207255552,0.020931515716930877,0.04632101777100326,0.008885255258594385,0.02737798313082264,0.022582815469148552,0.009522303962904271,0.034692191416420964,0.010257864200870012,0.007879501774073636,0.012178529351687825,0.008880692490300985,0.02805399189428824,0.024436585447221704
736,0.10266047697420612,0.17909953922337266,0.013786667264173106,0.011175896296121486,0.016164701109818495,0.003494096667378358,0.009496977679230245,0.021796914669467787,0.010029456056896844,0.24409452910903756,0.08542652929583873,0.01814750346052262,0.04417659016652323,0.04160572647802205,0.005186208033929881,0.003777206091850193,0.03187853153956219,0.1377285397272703,0.008421774353884103,0.011852135802893952
737,0.01311296628447444,0.028817659772206225,0.0327414358999166,0.04351640717800386,0.046068335843249465,0.009283999416446479,0.042418262192606936,0.36282336488913075,0.026931576968994633,0.05839565445151951,0.03144828146744464,0.03438422613615953,0.013358694765499689,0.03062052988858628,0.008489682214952842,0.02103318313611568,0.06564116634320327,0.06630418370955361,0.028546807139842548,0.036063582302093
738,0.013457739541571938,0.031099275076155914,0.024595592596172323,0.02983262199254382,0.039227166432470054,0.5314853946045187,0.032956517090382526,0.03288636381658627,0.031080133302058,0.012250698177009585,0.03920951277386427,0.03177741040619759,0.014353890433687058,0.03569735599399266,0.008775016719474395,0.005928822543332071,0.01621187321430875,0.010294494883364877,0.022718734310328403,0.03616138609198075
739,0.021519902177220402,0.031168514532367655,0.0578496227777877,0.042780954884094245,0.05915443281752575,0.01663348692597336,0.027676562934514384,0.049736627786967934,0.03567041361734317,0.007052488675927875,0.04229905370412035,0.057477481148042645,0.007686115010899336,0.02149466725236139,0.3927108661676758,0.01212559837373957,0.014831195279772856,0.02274903709487446,0.024873637365886818,0.0545093414729043
740,0.45867280752438355,0.051879102809162816,0.023803982182852897,0.014745429665908511,0.029813700798042218,0.04054330427660893,0.02337863620342481,0.03790277314488973,0.03449594673069306,0.010125971268053811,0.027341579169504693,0.02462609483226923,0.006362437012394374,0.025388558435695305,0.006333663599931839,0.1138351776690273,0.008754671579813873,0.02338889677746505,0.016996713433448576,0.021610552886429577
741,0.00897916119738746,0.020775265372446235,0.02698037850644848,0.022409078669582645,0.03832262464377646,0.006204335244882227,0.0663098002580499,0.03760745954391269,0.0327680794529375,0.007904518649757377,0.02987647055678088,0.02633202643786326,0.00731678001202487,0.026414776855710993,0.5569528381442532,0.010792564356437008,0.012541352764532682,0.010451356330800458,0.020583406080165446,0.03047772692225024
742,0.02174325963459621,0.3668835611019036,0.011383513458560738,0.014850091101845875,0.011888239555325355,0.00640854155478813,0.009302195201077362,0.037859638547697555,0.0155269694112154,0.005418196705280614,0.022143830505974817,0.013628258845419482,0.005459322391001458,0.013188598520926999,0.003781484405343002,0.0038238767726790743,0.01017630064094933,0.40333443514036194,0.012409976239452024,0.01078971026560099
743,0.05250903497322737,0.06952974910342297,0.02002484122622247,0.02146131933909444,0.021356634820303984,0.007979071445083617,0.0494758366919493,0.020332487365150757,0.022658084010416548,0.03303693688110126,0.05054102097471683,0.03023373867275702,0.03842052237538893,0.034675352045643995,0.007240407875332993,0.44285851779264745,0.02270006886773507,0.0071875815134120535,0.016813197109235897,0.030965596917157095
744,0.01342525283082815,0.03822769013234428,0.03649876746822182,0.03750010773003111,0.028045985156393227,0.015221381820375055,0.01466142633670269,0.032203083663274776,0.03808284189839379,0.029836944755489044,0.02914462996128009,0.03693371979049154,0.4761295997541729,0.04655399444871914,0.011210523159266662,0.023310689873103106,0.015171760194924694,0.015124718195897767,0.031223227223169257,0.031493655606920884
745,0.010418528887383888,0.026196467686806935,0.0602994420867253,0.0728641785517342,0.03385445343723217,0.43208344035370705,0.034821048676245844,0.029954508593915723,0.028838350202651894,0.007385844092126985,0.031778354394110135,0.03668993440893577,0.010236067702789836,0.024686310875595942,0.04504067309683637,0.01424517730564439,0.028321057215016474,0.010383754523809827,0.018811324457884936,0.043091083450846446
746,0.08574808009732975,0.092187722300012,0.005674444378014711,0.008897975337179636,0.054346931726473986,0.020320895702467423,0.06582060272235873,0.02826778594935118,0.04785388045448393,0.02993747217017685,0.079990729705797,0.0959425542618384,0.004066126663881151,0.012293863090773469,0.10091128049842504,0.10776440480389636,0.04482435116425137,0.05322434269979903,0.018205922860583645,0.04372063341290631
747,0.006074028094742013,0.011674565972871833,0.01326608241370029,0.019245534041354814,0.015376783958532496,0.3897656494371881,0.054466328329497445,0.03259912517722822,0.02024791581771799,0.02236271027409724,0.048074119756847826,0.2053912193239768,0.008593706779708709,0.06269777713054249,0.010765707223012365,0.009635890813401654,0.020404476532373917,0.02105716007761264,0.014771572222391623,0.013529646623201661
748,0.008500590141254679,0.011852970470260758,0.01851404131066786,0.020405021549843992,0.07237473956789045,0.012127088947449623,0.052950025359535975,0.04642228395461953,0.02611622058784545,0.04001730572113281,0.02347492017097772,0.020180711767604005,0.00820089424452159,0.016906585144433623,0.01079804547497418,0.0059525219676537676,0.00952438768470732,0.01413547624917266,0.474301265483297,0.10724490420215704
749,0.1033723142427059,0.057961757964198654,0.007690519652404392,0.022847049270181427,0.011561205646195208,0.057520064437383236,0.014623355286913125,0.022433638231966455,0.18290237004747714,0.03928903839356474,0.04024412766905139,0.051595184923056064,0.026075950038935185,0.10104253213325103,0.07759983925201772,0.08945251331550538,0.045187082336795394,0.022652020021342624,0.01149335253600639,0.014456084601048533
750,0.05117970902988049,0.10154221515177234,0.010790513229445216,0.01026523558177868,0.015179991042047893,0.015827519305639644,0.0594427845900518,0.13085005305086284,0.03642316481514383,0.06967670031596279,0.05603437229790853,0.05733004401978788,0.002910076201798672,0.019913356178051612,0.013369956805155576,0.02143289290152333,0.1333358540769895,0.1642991442141902,0.016093592674213456,0.01410282451779566
751,0.04577570728274133,0.05676357673255502,0.01680210177659605,0.015203903853368696,0.046972328756320375,0.026925344745910317,0.09609007808624216,0.03144913170622907,0.10141359840047515,0.04995088782181775,0.0971815125637021,0.027410022807199806,0.02115246310073141,0.020538965499884262,0.10746732117134211,0.04605489967607991,0.09000582061111484,0.055161345821196535,0.01458323134395886,0.03309775824253425
752,0.07246276688161396,0.011557515615554915,0.10833209764592391,0.1732323106975664,0.012421197230787377,0.05141380496432295,0.039879522531654,0.01481798568012829,0.015530723203259973,0.004519542104856663,0.028356276864348266,0.01648511395945132,0.035084045274155096,0.08436573469167231,0.003821351033206816,0.07736658606091734,0.07680172045205716,0.014883227535524853,0.010283413573887703,0.14838506399911072
753,0.04339620726082786,0.05946416746108728,0.024945361451973815,0.021422095934864962,0.01994002067269255,0.008127113065713943,0.013624328008010889,0.014118613922674609,0.02178960503714462,0.007949944461794594,0.0510107523776558,0.08451536853026045,0.18172672178492424,0.03354228963932123,0.005799584276504764,0.09389098023474156,0.21029829019125507,0.06636068185851349,0.018986638756862365,0.019091235073175852
754,0.24373645605879649,0.1186394934658748,0.01736831428066951,0.026506548314695524,0.02470707579414008,0.12472189419008181,0.017292670322705934,0.02329898365144189,0.03228978063471521,0.008683589388977358,0.02354769371618947,0.029650861034679232,0.006513224385929327,0.023789795902724124,0.008126458278880606,0.18018854183599486,0.02221877950611299,0.009126678875231074,0.02547574673745027,0.034117413624709464
755,0.15003491412531522,0.1606213960690412,0.01466173305463885,0.009576066533887838,0.010175198943162045,0.21858388518539093,0.009872358961405613,0.0107078616754997,0.009755907921248494,0.0035583919664548863,0.026250606355809843,0.011709490546239452,0.015671354328706436,0.009574211757263883,0.010713135815474319,0.18592317782150597,0.09318919992811776,0.030885101692084645,0.012158710789413309,0.006377296529339682
756,0.0346489773962309,0.1307174004841195,0.022157248647165107,0.02109065768809644,0.012358212111565993,0.024249130528338866,0.05434641721668164,0.02919927083989971,0.02433949178824364,0.2107169100900898,0.10582728268873579,0.026805815168573787,0.031030919058914825,0.021665561609819903,0.006947352415170709,0.04338314963118775,0.014939272254392393,0.054865012509050334,0.018565285402888692,0.11214663247083423
757,0.2866919028383402,0.01918667638032184,0.020850550413525695,0.018552615704142576,0.018698531443128132,0.24788716570906694,0.014932588045770292,0.020243550771065696,0.03264007476056517,0.0069629334033905815,0.022801590488652514,0.01936761864374488,0.004294667589151807,0.02419980539673434,0.005467201652341245,0.15630425828660297,0.03008931445935833,0.006826198359624659,0.016652313258460526,0.02735044239601165
758,0.011328105910948879,0.027128552684932913,0.028849180745539334,0.08741780287216702,0.03637163732826086,0.011634031605286331,0.02111839315096553,0.039334381773075626,0.5056468247955471,0.008898016442945108,0.027022675214980488,0.01651862119503734,0.008971280769210284,0.03451834221591896,0.053888123902290336,0.008708539367981523,0.014461699715569034,0.014318523747802073,0.019140806641923223,0.02472445991961805
759,0.021326086432221062,0.02526147641014183,0.022077359606314725,0.031295730958009166,0.016940301130342283,0.013359146256106291,0.016828493162671505,0.023129222864927846,0.036643594782875114,0.03716797967810454,0.02181136150481711,0.0826910477087262,0.052179214000267926,0.023380501945049134,0.0075760277167504515,0.4570046809416972,0.05302611073436814,0.01291053474321916,0.027450799743158047,0.01794032968023232
760,0.009877659548952922,0.06993398012569059,0.022659574721807255,0.027536755827331928,0.01711348180222587,0.009690419046410463,0.11068264799597599,0.01547957418310599,0.024306047239780876,0.005762139953731418,0.02087900217412227,0.01764000244013014,0.006225435270871831,0.01941576877140262,0.006424565954748322,0.009283039228026028,0.008305463201867511,0.011081751763396042,0.018061252019815708,0.5696414387306062
761,0.42534323295736864,0.01627865228103297,0.013169306803450067,0.025971039319220027,0.01441440239717716,0.27011592150976516,0.014731723920304795,0.021891625774114257,0.013286564111506874,0.005797663438944179,0.012352077275866197,0.011925414867025544,0.005166169901369774,0.01796288297426186,0.005526180436354725,0.04365655587603527,0.03194778866742621,0.021113834089164674,0.015689255102565754,0.013659708297045898
762,0.005838954155775339,0.07525437384702466,0.017618295999752245,0.01469480992846281,0.016534367065216285,0.0067285858643446085,0.21351759418934765,0.013155888829495706,0.03564008398936643,0.07498904272790118,0.024424035476414915,0.0816842254768075,0.004437337977189611,0.28450830643507063,0.0741013740146596,0.004641426876395971,0.016125186577262286,0.008265341208081076,0.01664210082748151,0.011198668533949904
763,0.0183764130213836,0.052245329750780695,0.01922447761620218,0.028840104693643953,0.016563686915621725,0.008393332752140437,0.19076729937210404,0.040144021856553164,0.016159168901191765,0.03376257857831634,0.2637591271590661,0.01854750403236503,0.008169600290071147,0.027743124298018135,0.008420161596592993,0.009929604171254946,0.038865682034326714,0.03593121292451752,0.012560279677159404,0.15159729035869007
764,0.01742874842395917,0.02029165949073332,0.0534655091796126,0.03215528138428097,0.03888014172761177,0.023855912104549192,0.02774232010276545,0.03607828049232962,0.04211886296672811,0.00948062684312976,0.032808200598350656,0.04425962330406201,0.012574579044942384,0.03034154000681535,0.03421218010433499,0.01292013136795922,0.01721934122114516,0.012705252712919494,0.46028074780705336,0.04118106111671751
765,0.021015807386088735,0.030052086615608067,0.013892835166862615,0.011161779051255889,0.024891904794196396,0.0049611734486789275,0.11093538891335038,0.02172942868602369,0.05586335219987829,0.03929222319531377,0.13276998056541006,0.026503225706134045,0.0026184614049550585,0.3025685334762435,0.03428799814509148,0.06735049482817973,0.0500547460788931,0.01404358576647213,0.01300439791200408,0.023002596659359997
766,0.005274827338747272,0.03515716437080328,0.013172376370097395,0.015007746895765672,0.013017970402232312,0.005975429890515696,0.018398367119410466,0.0850317492158388,0.021101569535660825,0.3597472384784824,0.1821733970059492,0.012079932746849754,0.007484074215931756,0.011608806425626707,0.005997719697324483,0.0039174350360658165,0.028342723956767995,0.15238813385630573,0.011278837124077946,0.01284450031754655
767,0.0021837716581574887,0.009119105207669644,0.00533074932265778,0.004893274656906156,0.2783721048292639,0.0019677642359521913,0.19210107422720749,0.04764455263199266,0.005695361669921355,0.07488065165197787,0.2860212274791366,0.02699933598489293,0.006926237719740725,0.0038211556315878798,0.0027090238374137734,0.001842791689536572,0.002417930890499262,0.007657167341499686,0.003960553414324671,0.035456165919661296
768,0.011939399207327606,0.2643904626892623,0.030532284661276426,0.02436309699454646,0.034906370334378684,0.012041046848818225,0.12369011185485895,0.05877315178046025,0.01704305842394744,0.007842453311292276,0.01711677682917134,0.02521378530624799,0.0038455049139551494,0.020145519132948944,0.009916888255942237,0.009765472887481176,0.014731854066524034,0.010472705642862382,0.023833190153730602,0.27943686670496753
769,0.009369213771223218,0.050919961648504104,0.020649534685615416,0.0352030478853772,0.5977497346074725,0.013461010769401904,0.01445101078197478,0.01867183167621193,0.022879208783037595,0.025014744473434478,0.021290617120529747,0.017903774079625748,0.006742369941364416,0.0205527991949212,0.007520231554088876,0.05036599630230706,0.007308197580521663,0.013808227575682223,0.0244969614593723,0.021641526109333682
770,0.042664779352226595,0.027544713798292403,0.02117454057728327,0.03491266559012697,0.024654571813804465,0.02564782601720917,0.5400295922590939,0.019303449382435625,0.016458103265658847,0.005716934432581869,0.02190674790464915,0.014446588278181134,0.003381191785639721,0.018007738641475257,0.03480309662222534,0.07376607128555578,0.006621078105792307,0.01461543898490634,0.030277092078041627,0.024067779824820366
771,0.011658234660029286,0.031138936890339024,0.020138544949692846,0.023360587443386434,0.026778205995768398,0.06131320604011971,0.02223404421663455,0.031592239249678765,0.14797130552171422,0.007204299167913191,0.021164409271520593,0.016987805926240645,0.011127326737869711,0.02638986686211217,0.4633773785581357,0.014787613345531199,0.008671886455425444,0.012490399876596671,0.021653010866364657,0.019960697964926805
772,0.01338937209549474,0.028208054221544186,0.03189908565098476,0.03082466092555811,0.03244279120778827,0.07219436070988519,0.024699306695971555,0.02174228233765246,0.03786447683423825,0.00901970363637661,0.027755959935936884,0.027956938701903633,0.008628890707416046,0.023118449488949387,0.4784856814534121,0.03276469104327576,0.011694322890805235,0.02080269042858737,0.03835347364060333,0.028154807393616112
