site,A,C,D,E,F,G,H,I,K,L,M,N,P,Q,R,S,T,V,W,Y
790,0.06831944913853709,0.016294512705067255,0.016294512705067255,0.01511519183658326,0.05339649286522003,0.0016168363538478355,0.03937272562318,0.021680428709167004,0.03937272562318,0.06596055265745113,0.03937272562318,0.10321832881414636,0.03937272562318,0.13265782240039725,0.1423906476405868,0.07119532382029337,0.027157521175112095,0.03937091332766636,0.027157521175112095,0.040683042183024785
791,0.08834081226118011,0.19653023100535147,0.017687716385621374,0.009123137925215234,0.016994080448930343,0.05989346957471435,0.013333816967622265,0.024762802939869925,0.009420631553211382,0.01944761604914298,0.010196448269358201,0.022223028279370442,0.424075086282879,0.012647976178332167,0.002918175430624402,0.034350601117583236,0.005734741219867716,0.005284744529850288,0.005895905461873792,0.021138978119401155
792,0.087983189570075,0.01711505580821404,0.007876815457189419,0.020479720188692485,0.00922163760841688,0.04441023572053463,0.11522655754517089,0.03225578611150604,0.05359856035236937,0.01437915304936592,0.04835998327204666,0.09694542101156207,0.001425561324338518,0.07225665379395092,0.16628832631844323,0.12401635943300125,0.06992165348370337,0.008140848596048344,0.004847271050578103,0.005251210304792943
793,0.00511095941803553,0.015400127720133374,0.016962459517828064,0.0066612394338170225,0.015005252650386366,0.5562015903690137,0.06103737126438871,0.02208320201377616,0.03194924902120347,0.004150389030957931,0.01746880159298711,0.1350307883160298,0.007269625507640599,0.013004552297001516,0.02527116220890854,0.02138861859160065,0.009206361293360216,0.0044753747060150865,0.005722654439412886,0.0266002206075031
794,0.007873584347909501,0.018546665352853493,0.025290907299345675,0.018546665352853493,0.019871427163771598,0.04155304932317045,0.1390999901464012,0.01812611636539874,0.08274684120717925,0.011922856298262962,0.02781999802928024,0.024547057084659034,0.015174544379607403,0.036286953951235094,0.40643806993808757,0.006220254517664325,0.014868918579855953,0.009704650475330317,0.015747168695819002,0.0596142814913148
795,0.015518308711734506,0.026720099711509404,0.01665668553444742,0.022113185968145713,0.028501439692276694,0.005803460570825572,0.036509011102825506,0.010710472992870066,0.025148329140244143,0.00890669990383647,0.02982708805005701,0.020936354653612925,0.011424931115533065,0.025148329140244143,0.006380919334091799,0.0070420258270767755,0.6289616098070234,0.02568060220317928,0.018861246855183107,0.029149199685282984
796,0.0034892659232346004,0.01976010243541062,0.019460706943965005,0.027921883876123692,0.014595530207973752,0.01111942288691846,0.027921883876123692,0.00908462125225557,0.03892141388793,0.00818093412931013,0.02621238078166714,0.015290555455972502,0.006489780447809005,0.07555333284127588,0.0065867008118035385,0.006333932196967653,0.6304167932217793,0.008027541614385564,0.014763294923007932,0.029869922286085815
797,0.008221517861216427,0.015052149169577795,0.027988145910524002,0.014298291932550304,0.02302511351518906,0.009273212236793782,0.04794249002996019,0.02630885715589256,0.01686465202300805,0.006145599705782887,0.02529697803451208,0.030591694367316933,0.017308458655192475,0.023917142868993237,0.01274885893898497,0.006634885571398114,0.010440022680909745,0.00592192948609154,0.6451742272480522,0.026845772608053636
798,0.00702046041209412,0.020021468326453608,0.0166375581867713,0.019365026741979714,0.02187530798631042,0.0062171927961092764,0.03937555437535876,0.02567970937523397,0.02567970937523397,0.048382781466307485,0.02187530798631042,0.02460972148459922,0.04220544467781525,0.025133332580016227,0.0059360132224158925,0.5785319557918418,0.014928123576039256,0.010183333028110022,0.022716665985783896,0.023625332625215253
799,0.0028883980393763545,0.1189186495268824,0.009195716206994107,0.006725225285712107,0.03613707818515396,0.0017397300932151015,0.00790508937092476,0.2212632527690787,0.006626324913863401,0.4551559830078198,0.01344235930656745,0.008304334217434598,0.005301059931090721,0.006346339354122695,0.0017951796579390889,0.0024237170723347065,0.020409935234365337,0.05900282921598856,0.005428796314972426,0.010990002296163691
800,0.009422435290981992,0.021593080875167068,0.03140811763660664,0.017567252237424055,0.01919384966681517,0.006813039250142523,0.48939855708915275,0.014395387250111379,0.024103904232744635,0.007443579559858794,0.1457673808051746,0.026816650321566275,0.010428281192574197,0.014465673929770845,0.10776701354265267,0.00664402488466679,0.009966037327000184,0.007792991594045259,0.01279589977787678,0.016216843535667536
801,0.006677513082831707,0.0353656336026479,0.02046334654416168,0.006067767001265894,0.021874611823069386,0.3080333957942186,0.02046334654416168,0.015859093571725304,0.012199302747481003,0.005714988674495605,0.017144966023486814,0.09498198738996867,0.007642936661072435,0.017144966023486814,0.0031021636276394107,0.20599725897610727,0.008458183238253494,0.15333701689541004,0.014096972063755825,0.02537454971476049
802,0.0590743070847153,0.03794399538139972,0.008225875080093863,0.009521273289937878,0.008225875080093863,0.09087410810730755,0.03308161196744056,0.017958589353753454,0.09929133373186062,0.001958541685736634,0.003161681318228737,0.013673069391222158,0.002120070896931408,0.08987146041983883,0.09261344800177115,0.2058105608959946,0.16273573399130908,0.002098437520432108,0.04380143744817915,0.017958589353753447
803,0.140250553205384,0.033541713417566156,0.009066458411311557,0.005352825604787835,0.06772845978547012,0.16360709152721553,0.01677294806092638,0.009318304478292433,0.008601511826116091,0.02730139464220501,0.009066458411311557,0.017787272266891144,0.005324745416167104,0.11739599696148155,0.0016941013569943054,0.29086954604295656,0.04759297174114119,0.0033286112086641645,0.013418358448741102,0.011980677186375986
804,0.004072828935569226,0.011096984862866413,0.45842077276533766,0.22713630547238117,0.00968354745037571,0.0010847677148346413,0.009511701311028353,0.013708040124717331,0.005002182657349842,0.003192283316714996,0.09830097764174446,0.010132029657399767,0.0041613693235749045,0.10457216033265644,0.004088362844213942,0.0029498314192429706,0.005753992151115917,0.00427419702622583,0.012265088532641825,0.01059257646000885
805,0.00834279468956203,0.011463402768132139,0.022583082176917908,0.022583082176917908,0.016579984383053654,0.0047241379729500935,0.038173978103043876,0.020151057942480597,0.014393612816057569,0.0052229228706997845,0.018711696660874837,0.020151057942480597,0.00730145973889215,0.019845738882746045,0.08229110510546218,0.006549093831306193,0.009423156591807471,0.009355848330437419,0.642346196799327,0.01980659021685058
806,0.026219962765452985,0.04001509523669628,0.011014424837294617,0.009867088916743094,0.050631344993370804,0.037377565418834954,0.046987422437029726,0.10288219712788199,0.008995598255288693,0.04276410214788914,0.23128913596207396,0.008457504785779797,0.0029056458159734274,0.15233816958531743,0.02841549740629042,0.11813980498453187,0.04638318204016884,0.008701673088851239,0.013057557393027209,0.01355702680150366
807,0.05972764892856482,0.1654540420369108,0.09989768759030924,0.00546538656395119,0.0037293225965784583,0.20452760801375353,0.010659058477377912,0.0032413573478866945,0.003643591042634126,0.004199023036542813,0.003962405258864612,0.03874836131518466,0.0010560234751492285,0.011919807329540889,0.00201553105754055,0.1681658806527426,0.15524125221654414,0.048583157174543014,0.0050316257255423645,0.004731230159838342
808,0.042668702139582786,0.13809646194660163,0.060619266322713916,0.013278505956404004,0.002919954923544816,0.05156701342292816,0.08648733320778854,0.03631782585940619,0.03923194941664819,0.03824209715444353,0.057732634593060876,0.1054659437928204,0.0019669367221191417,0.058093463559267505,0.06604492491405133,0.05052698798534598,0.07380319216125165,0.07070373301461871,0.0036151822862935815,0.002617890621109146
809,0.08909209214592831,0.03209277137791265,0.09789981514049223,0.08927653731367632,0.0027045624623900787,0.0322770053669659,0.05067279691249368,0.003014922089221727,0.06018165432057707,0.039498795542046335,0.04279036183721687,0.11275838592239586,0.0010818249849560313,0.13678886161077528,0.046695831369978735,0.04986165044590949,0.08476577042572642,0.023030372987428764,0.0025496934303190196,0.002966294313589118
810,0.05086825861101036,0.07099787449741356,0.29953941081176894,0.12026980733831424,0.0091520241407444,0.06341921074232174,0.018287331309939852,0.00681317352699861,0.007570192807776234,0.004411407319639388,0.011148829407815907,0.09895191077315052,0.03657466261987971,0.02666024423608152,0.005574414703907953,0.12985838532739416,0.018497530520398937,0.0031685660752824225,0.01362634705399722,0.0046104181761644734
811,0.004476609345935306,0.08167599186939341,0.013046118665297179,0.007485477922711496,0.013046118665297179,0.003284993908528066,0.012340923061767602,0.19292492833034172,0.005628092938624204,0.22211202683322204,0.21650489178222576,0.01630764833162147,0.0027018588951798887,0.008406417876615932,0.0035506598352609627,0.03349008412135701,0.05071569362210374,0.09053223131227371,0.004857597375376608,0.016911635306866714
812,0.006705312134966566,0.012784795137336255,0.009784281992859377,0.013697994790003129,0.005765839923099908,0.0054440186084806705,0.009877907548007752,0.10518618898819593,0.011693410186588036,0.4721185919539822,0.27873564971658277,0.008716905775456535,0.006936807245524446,0.012957562639192148,0.003086116248589919,0.003978670685893024,0.00494257543969185,0.004480652501402892,0.01245272253636648,0.010653995947780211
813,0.05762085340710153,0.015982537598060127,0.09858435096200262,0.053303538727041425,0.08477404317637725,0.04596199330327831,0.06518095768252345,0.04465646740062348,0.02690043135028703,0.05842552152917293,0.039564332443104054,0.05586939229930583,0.009172845600972312,0.049886057113302525,0.029354121892138922,0.05603180332343174,0.04175013307703198,0.04275781738906752,0.07043681903216185,0.05378598269301512
814,0.04845691116092764,0.24929280375138413,0.008041473839670608,0.0053217881428958115,0.007768881506122454,0.010075706528179825,0.008333891070204087,0.13919323596187125,0.007639400147687079,0.020865855407157956,0.06161616547278824,0.005729550110765308,0.002794902493056248,0.006455831110721474,0.0020258341286903637,0.0030531201559578455,0.17785802372905768,0.2236249867138218,0.005208681918877553,0.006642956650162677
815,0.011279239336867836,0.016714577552287096,0.024814326541109235,0.026245922303096306,0.02394364841685979,0.009623548894941377,0.026760548230608,0.024371213567160856,0.030328621328022397,0.007523989339712335,0.02067860545092437,0.01772451895793517,0.010109540442674134,0.028957631306928765,0.002945093081271232,0.008748640767698771,0.011565999658991594,0.008583572073968605,0.6647095491817813,0.024371213567160856
816,0.011303190357834047,0.02654935409630788,0.007114855492231204,0.015221629681883184,0.018715118461331785,0.008631772535085909,0.030747394013959855,0.021435636177570463,0.029597214490904036,0.00687724232615204,0.022328240411419783,0.5545011597947078,0.011192374766090578,0.023298412778392633,0.006238372820443927,0.09187828214567852,0.06597778054418628,0.012144917299374879,0.016308888944874835,0.019938162861570408
817,0.02382654481290949,0.00767843101471453,0.009485120665235597,0.005758823261035898,0.0065815122983267395,0.022852133714152966,0.03999455736452665,0.005929298061030209,0.19819007202600322,0.015553438975093696,0.03245935090454336,0.15613259894228673,0.004127661587460295,0.23330158462640546,0.15553563346189325,0.04560772312465,0.020572478268567417,0.0031617068884118647,0.007166535613733561,0.006084794389019061
818,0.024654282313554994,0.21918368274682143,0.005515013573570277,0.005108335309447176,0.006533169925614022,0.004987377564600324,0.006434182502498658,0.0724671643540407,0.005898000627290436,0.02708352205975822,0.23257640179352929,0.006533169925614022,0.003509554092271995,0.006849291051046958,0.0021433199931699004,0.0023332749734335787,0.1487140341798566,0.2070884215208732,0.006244941840660463,0.006142859652347588
819,0.009149981176825877,0.02818083504666242,0.012284696950368077,0.01698114828828482,0.019510989274114005,0.004442437594361106,0.0163795959338241,0.02503296737056137,0.02073042610374613,0.005654082099661536,0.01868658127661623,0.010699574763223809,0.006199753601120337,0.020102231373329584,0.09008426158253185,0.010353058617496406,0.00896450858540373,0.007850575565915693,0.6517027144031355,0.017009580392817338
820,0.014611516336012228,0.01567417206954039,0.017241589276494426,0.026123620115900654,0.021026328385968816,0.00805681741892263,0.013061810057950327,0.4152673730374649,0.01759345844540248,0.005620284577818949,0.00923124235132091,0.017547244091823275,0.00439836461135062,0.016903518898523952,0.006475517193349434,0.00879672922270124,0.06956194441959376,0.27551649084304847,0.021026328385968816,0.0162656502608438
821,0.059525017490220676,0.058488335691354795,0.1199095352585168,0.07096718412513887,0.014539003900549841,0.023959112817835138,0.0505039082861205,0.10609926748889058,0.018639369546317737,0.08865357968965197,0.02274546387997131,0.020201563314448202,0.0013540864424134342,0.03280595751918939,0.009995565181628018,0.03152224613800372,0.06773465346609105,0.05640608986717532,0.07344889377907403,0.07250116611740855
822,0.021454525233161003,0.04784330155059453,0.0799767514742644,0.14664370316289294,0.0900209489701976,0.04674347459522803,0.04048279361973384,0.007168198897793587,0.01331753615994792,0.05556381783374438,0.04313740303742131,0.09666299701038486,0.003237251115132588,0.07894144755848097,0.019312892369047336,0.04629282418552897,0.059335074962256935,0.02543769252382299,0.04447405496252449,0.03395331077784128
823,0.015431061691047807,0.02790723922849071,0.003585586681840902,0.02914756097197919,0.02981000553952417,0.01643349424142715,0.035048835477206434,0.029063621813936995,0.023791784318719256,0.009302413076163571,0.02981000553952417,0.6180791890564897,0.009715853657326396,0.037475435535401815,0.008407950280378612,0.0028312796291696416,0.010195429561021119,0.0152516307411519,0.022614486961018334,0.026097135998182093
824,0.04544013203748701,0.016458511603411618,0.07414134622712279,0.04484732268422419,0.03166206169706309,0.029499184723938806,0.06155351391098929,0.028440308050695275,0.09331976079134388,0.037974274954053366,0.06850855454920086,0.060225805537616924,0.10885990692481369,0.07253846952268327,0.025778939445122627,0.050704876132048875,0.06240227165378618,0.04803730544320107,0.014609747286316067,0.024997706824881248
825,0.009176279091728645,0.03640946794242561,0.06006291769131479,0.009868672830531612,0.030376648027791386,0.01812598339106893,0.08163449339680541,0.007625792641774429,0.07341023273382918,0.020635277537955285,0.22023069820148758,0.037201460075289426,0.0021988094746359884,0.10734735469484945,0.05365635604780402,0.022396342189981783,0.0036471182199790744,0.0027502858708038916,0.14682046546765837,0.0564253444722852
826,0.008267173397672455,0.07565803870240582,0.011698830279725172,0.013192297975009235,0.018236411906630418,0.005961903892552251,0.028183545673883377,0.08452431738607141,0.029115404835957752,0.10959855725935096,0.30355501035846716,0.015500950120635855,0.007045886418470843,0.036147729602260564,0.013284591785358502,0.005438929866889773,0.05964143194857,0.14737812869172429,0.013479087061422482,0.014091772836941687
827,0.055536543845926885,0.03684200627544159,0.03265927313186422,0.045084873470906256,0.10460498210348594,0.03230059086658921,0.04191243390678393,0.019887860794983746,0.030785498499836,0.036981559329515246,0.038742585964254055,0.02288233983513755,0.08135943052493351,0.07845373657761448,0.03792649646753549,0.05047298004787542,0.07312050085152254,0.03449106538276736,0.05006734186149755,0.09588790026152882
828,0.013201258161199146,0.14053432846577374,0.14837983470697888,0.13170725211592912,0.01324161986557941,0.0006843117376776135,0.062176374480547164,0.199706677293468,0.01127989840401209,0.0036693645410641735,0.06012674155072155,0.04043250483117519,0.007607873420703544,0.0092290077851008,0.0027941032743883155,0.06174907230986399,0.005075954281805439,0.057631566038662464,0.010877044889583085,0.01989521184576635
829,0.014453032478297666,0.028454407691648524,0.03372374244936122,0.019736276981777153,0.015432899086995812,0.010088016580623946,0.043359097434892996,0.032519323076169754,0.4439705537653319,0.007284328369062023,0.02363117604454831,0.02544902882008276,0.008926873001301499,0.03489374876624395,0.10218773891663276,0.011525836026996873,0.09048146168948588,0.00968660687375269,0.020234245469616736,0.023961606477177707
830,0.13157018722010752,0.01705401509561154,0.02243949354685729,0.062156009608495606,0.030453598385020604,0.007733586608537271,0.01853697293001254,0.032644464220229465,0.01776459905792869,0.005537017888185566,0.01853697293001254,0.1305276201778408,0.007543509648104596,0.016965989597452522,0.016214611202216248,0.2052446479699713,0.20645166188512643,0.020158705818971542,0.014701737151389258,0.01776459905792869
831,0.10096647253960495,0.004937419854587091,0.009143370101087206,0.017500021300072617,0.055956858231096376,0.0025715728409307767,0.04723723357515154,0.026161648004148965,0.014388906402281926,0.12905185392726307,0.030116315725706368,0.02490387646548795,0.11911625749084188,0.03808828165309922,0.0604334068895841,0.006981208982227122,0.08648450002913619,0.0355769663792685,0.07047627625607472,0.11990755335234939
832,0.04529221672965648,0.04241492581623156,0.012468165448760256,0.00885871171894257,0.010909644767665226,0.015689655886708294,0.014076960990535773,0.33748321473793175,0.010643555870892904,0.1735829382212246,0.05022820162448474,0.015047785886434793,0.004156055149586752,0.016784068873331115,0.003232487338567474,0.003463379291322293,0.005387478897612457,0.2130614615887671,0.007934287103756526,0.009284804057587425
833,0.08664662929498881,0.017161916704955683,0.0609820106916092,0.1369242651703491,0.01279342881642151,0.07103399047594035,0.06318387293008172,0.0015311429754914048,0.08530404415667167,0.03890034453123288,0.05316380419268493,0.03272737604200851,0.03715996820707104,0.03166373632064323,0.0481436926512704,0.0684454120428513,0.07827716164377785,0.04020791913732473,0.002636880019181706,0.0331124039954439
834,0.06679828966469618,0.027681289328973412,0.009163461295108442,0.06534493046882754,0.005325613805202563,0.008799350250269695,0.04372942921842889,0.02705864462636664,0.14775128740496524,0.04818369483197131,0.07972211326744344,0.049637622164542004,0.0016061374968071222,0.12355983615448293,0.08618443557054668,0.04931264738192377,0.06814648806789649,0.08158695802223744,0.00433657124137923,0.0060711997379309214
835,0.011131225879341419,0.0266413648371894,0.03975437814050505,0.04839663425800616,0.024198317129003083,0.01184172965887385,0.02140620361411811,0.025298240634866857,0.023683459317747697,0.00830426229692304,0.022716787508860036,0.021002312979889467,0.009433242270628322,0.025298240634866857,0.04094291094748256,0.011358393754430018,0.013574665706513923,0.01504219713424516,0.5409983498286395,0.05897708346786964
836,0.033933178870949286,0.011040655902858184,0.008716307291730145,0.007886182787755847,0.009200546585715154,0.004600273292857576,0.011360614575510944,0.10598547912726364,0.1707091798882762,0.04771458121714595,0.03532874044823526,0.008492812232967835,0.04776468790845672,0.0804710199098692,0.031314532856024375,0.06016675511500749,0.16111895529542639,0.07623570307250764,0.07900791045696248,0.00895188316447961
837,0.009933352826809353,0.021391424325372548,0.3020390348344833,0.2518144473812715,0.020011332433413027,0.006831458880900182,0.029540538354085898,0.03265006870714757,0.044310807531128836,0.012052657310556587,0.029540538354085898,0.007062033021784966,0.00886216150622577,0.1291356140416777,0.009846846118028633,0.01373087541708978,0.013198963945442637,0.025487329733495677,0.013198963945442637,0.019361551331557557
838,0.01037916758068232,0.028172026290423438,0.02366450208395569,0.01908427587415781,0.018339316575834774,0.007383193935933661,0.016433682002747006,0.2871746031252421,0.03286736400549401,0.12199396446686873,0.02662115155808138,0.028833135814684236,0.0061626307510301275,0.015989528435105198,0.006573472801098804,0.017356577681277914,0.012723469147768526,0.28685804025512995,0.015989528435105198,0.017400369179379184
839,0.00985410704487617,0.019128560734171386,0.023227538034350965,0.028692841101257076,0.0406481915601142,0.1158451177434749,0.016707177203496532,0.03146956765944325,0.023227538034350965,0.006201544586119563,0.018760703796975784,0.016534857583775268,0.4762116145836792,0.01990931831515797,0.007018392787357846,0.09220838044406156,0.011113282938043345,0.010162047890028551,0.01625927662404568,0.016819941335219666
840,0.00923000804658496,0.05893791766660201,0.038717109893644346,0.028326576418829703,0.19137283122626708,0.009664361366424252,0.06678270847806267,0.02106335169605285,0.018254904803245806,0.006789014183025302,0.014669119931179666,0.05687130321757275,0.011570010086564246,0.027382357204868715,0.007073720740509222,0.008360185581647325,0.006223263001106525,0.010514161267970348,0.011253023508850157,0.39694407168099205
841,0.014781304259546298,0.03269803669536,0.020594354148868566,0.01584181088374505,0.014368154057350162,0.05473367012049389,0.017652303556173057,0.1866028044979737,0.02471322497864228,0.29818132312067613,0.13123401214218805,0.03853697181953141,0.020577201667052965,0.020894217492712402,0.005234044314084658,0.03702571802268704,0.00856550394201075,0.02390525750461082,0.01669812498556911,0.01716196179072381
842,0.139142295941289,0.0185055289617263,0.01283447976377792,0.02624953086207618,0.020403531932159765,0.3913192541270552,0.01263075786276557,0.02743923259842176,0.017683061007871797,0.005525956564959938,0.02340405133394797,0.17392786992661122,0.009587201751255794,0.030248325204628036,0.003967144054247165,0.007725609178196417,0.009823922782150999,0.023365154876284832,0.02411326501073427,0.02210382625983975
843,0.011602731118319382,0.02368890936656874,0.03790225498650999,0.20087480551115133,0.009974277628028943,0.017753195894434217,0.012096464357396803,0.018047078120484908,0.27591019019118307,0.004176424825549333,0.2745090379025441,0.01502003490349668,0.005215906649519722,0.01178098032732286,0.026050215013374827,0.005519745871821842,0.0073342892460830506,0.01033697863268454,0.018339800799924186,0.013866678653601213
844,0.01805277761008343,0.022465678803659378,0.02351059409685284,0.02732312286931546,0.019441452810859083,0.059198038342608394,0.019441452810859083,0.014442222088066746,0.13899800400225887,0.006607552589311582,0.021274129471360315,0.016573041740404464,0.009097044841787926,0.03063501655044461,0.4931214424365736,0.006112543837810025,0.009274821524446536,0.015553162248687264,0.03332473907592325,0.015553162248687264
845,0.031374423340552626,0.043886869059657295,0.03650676446917173,0.47237739176067617,0.027586031980356016,0.0019270528707631897,0.026094895116552993,0.027586031980356016,0.09170160725125195,0.009559516032796641,0.03329348687284347,0.030172222478514393,0.010381839992607106,0.020485436178627973,0.00985215427869858,0.008620634993861257,0.014854017220191707,0.0542101576123362,0.027586031980356016,0.02194343452982865
846,0.009242212147374416,0.024409622095314915,0.5624301354299374,0.031751888803981734,0.027981761914141492,0.06311321282007495,0.01147252238479801,0.03476521934787276,0.023413310989383693,0.007912084403308973,0.023901088301662526,0.008822401918213669,0.007498380643658832,0.02607391451090457,0.009481423458510753,0.008079241116054937,0.013340142307904665,0.017888981891397832,0.03700813672515488,0.05141431879034915
847,0.008689549373946023,0.021103191336726057,0.021103191336726057,0.017726680722849886,0.010012218967522015,0.035271290067357804,0.15519367629637437,0.13393677383583116,0.024620389892847063,0.21603946813643535,0.03695087530866056,0.09699604768523398,0.006517162030459518,0.15975819618744422,0.006517162030459518,0.003539909857775591,0.01197748697489857,0.009034918922634924,0.01197748697489857,0.013034324060919035
848,0.017057178482764064,0.022733660831829875,0.04219407308894269,0.03340364119541296,0.04219407308894269,0.04261554601549565,0.034855973421300486,0.034855973421300486,0.03206749554759644,0.009200820091186893,0.05010546179311944,0.034855973421300486,0.014576134339816565,0.05010546179311944,0.06791829742867851,0.017057178482764064,0.0127251966458716,0.013361456478165182,0.3916760685828511,0.036440335849541414
849,0.011357856942637086,0.45636029687211827,0.09607557563118901,0.03886822920480101,0.034026766369379444,0.012159110423923569,0.01865675001830449,0.023918910279877546,0.042401704587055646,0.007066950764509274,0.032166810376387044,0.0202790761068527,0.007231298456707163,0.0202790761068527,0.0021271196422956154,0.009152617413101515,0.010974558834296756,0.020164009700373,0.0113035746425135,0.12542970762682473
850,0.03631737325206145,0.02342169752963314,0.037433516949410585,0.011329829562061767,0.03903616254938857,0.49940195310839547,0.01911726956409812,0.0329367621510466,0.043915682868062134,0.012399722221570484,0.043915682868062134,0.030113611109528322,0.01211467113601714,0.030113611109528322,0.027091418341378976,0.010539763888334913,0.012255539405040598,0.0242777173285773,0.03399923834946746,0.020268776708336367
851,0.18597520407474086,0.04277809114171261,0.03126091275740537,0.02390540387330999,0.008883365272711025,0.01128866294017416,0.01847235753846681,0.018754355962064418,0.03533842311706693,0.011611196167036278,0.019823993455915605,0.021389045570856302,0.0527472466372528,0.029027990417590698,0.00934234174359241,0.3707482219961972,0.03787220911124364,0.01766921155853347,0.02802702523077723,0.0250847414333522
852,0.007873542395992153,0.046029940161184904,0.05439902019049124,0.024932884253975156,0.10001243182109636,0.007873542395992153,0.017051035315900614,0.06920715355782733,0.03519936600561198,0.2744006283906522,0.16835970171916478,0.03149416958396861,0.006125702633891806,0.02719951009524562,0.006329012946692717,0.00878218010024495,0.029919461104770183,0.012212024940722524,0.03739932638096273,0.03519936600561198
853,0.015890745229001472,0.04727997375286603,0.022150735773759634,0.028114395405156454,0.02610622430478814,0.009493172474468412,0.030457261688919497,0.34244892134136995,0.03322610366063945,0.03479858984790176,0.004490706872123903,0.03480829907305086,0.01029541240188828,0.04267065303187447,0.009461076281928053,0.01178990775054948,0.0913622257226247,0.14771950160081368,0.02284294626668962,0.03459314751958624
854,0.005448132728731864,0.015181842206855084,0.016372574928961367,0.01139942060631038,0.04638896229872387,0.38637782076544924,0.020365885887244625,0.026935526496033212,0.013688546252082453,0.005758629802600205,0.027833377379234324,0.025303070344758476,0.006516733484042282,0.015754741912774147,0.0026756171167431793,0.11890391784574553,0.2024813093750014,0.017147656056127187,0.007632857133346891,0.027833377379234324
855,0.006291189120701581,0.08827935119633021,0.00957625809089604,0.019223077868810386,0.10896194204804183,0.00823846194377588,0.16608912021548625,0.012815385245873593,0.02306769344257247,0.0032829441847694913,0.026347759029987185,0.04271747331364557,0.003997076621561276,0.008439400039965534,0.015527316899353534,0.003681014911048797,0.0067846157184036655,0.013308284678407192,0.08787253390971116,0.3454991015206584
856,0.02337955516791466,0.02727614769590044,0.04091422154385066,0.04909706585262079,0.061371332315775996,0.01023793292782295,0.03167552635652955,0.021735794508002112,0.015214329871299349,0.013069775928549346,0.03776697373278523,0.03167552635652955,0.011974894110395316,0.03927765268209664,0.46696367623847623,0.009717809541773564,0.01636568861754027,0.02727614769590044,0.022316848114827634,0.04269310074140939
857,0.008516440251503301,0.022426487971116203,0.021492050972319692,0.032238076458479537,0.035573049885218797,0.0070658797717215414,0.01480871263925691,0.02399112666677547,0.04912468793673072,0.09153201050012115,0.07935526512856501,0.02456234396836536,0.47817603481683446,0.021492050972319692,0.005606621992779049,0.008485309445400954,0.0073617312198864075,0.017786524942609398,0.02344587378798512,0.02695972067201129
858,0.005429405701796726,0.019328521526848608,0.015048896238675712,0.03219763846414337,0.02428944656066956,0.005299027547418571,0.046469815226823516,0.020360271381737724,0.04466124045026338,0.019353654070663716,0.02662497026842625,0.028843717790795108,0.009570028019867248,0.020065194984900947,0.6224205013409864,0.009210290204257298,0.008653115337238533,0.009819137971334506,0.015048896238675712,0.017306230674477063
859,0.11574566232978577,0.018377247882280387,0.00504260933157774,0.008363352062128935,0.013188362867203318,0.026365556083361726,0.12459542903835381,0.018759520990197086,0.009524928737424622,0.0031458480233695994,0.007143696553068464,0.004131294392135981,0.0017382483134053943,0.26014015335583573,0.0028106347094039854,0.19574221594150712,0.1659791814548158,0.0034589621267614823,0.009023616698612798,0.00672347910877032
860,0.029900743315513435,0.03493648563367891,0.018227731634962913,0.03645546326992582,0.033539026208331754,0.015820295381288565,0.02045062573678766,0.12428197143897385,0.02794918850694313,0.010351551298867827,0.04932209736519376,0.019963706076387953,0.025097927539520906,0.029945559114581924,0.01061361588871258,0.036126260085314624,0.4064101068258008,0.013745502544398259,0.0289129536278722,0.02794918850694313
861,0.021602002930206275,0.02931647033215785,0.024247146146149902,0.017218987842918046,0.02970275402903363,0.00955775902471677,0.02970275402903363,0.03211108543679311,0.01947721575674336,0.009006132916839873,0.02241717285210085,0.02970275402903363,0.011001020010753194,0.021216252877881165,0.003985218517994507,0.008366972965924965,0.014851377014516812,0.01015478770223372,0.5588054683771104,0.09755666720785837
862,0.3508258713776177,0.10530546878317774,0.03133182652377444,0.028351472364701695,0.04336107538130848,0.008282452600924091,0.02730141783267571,0.035101822927725915,0.032049490499228006,0.011168761840640064,0.04095212674901356,0.030714095061760174,0.009139000092222358,0.023778654241362718,0.008775455731931479,0.08733956634817032,0.021224688231347252,0.006272876428189203,0.04607114259264026,0.05265273439158887
863,0.07897073962660434,0.01635287425760365,0.057541998234058686,0.11808587668894352,0.0425174730697695,0.09479896335153355,0.020183801047872155,0.007368608360553314,0.0620141719383042,0.03370287499432948,0.0327057485152073,0.008857806889535313,0.002251519221280179,0.11456689425621626,0.006252569569083749,0.12755241920930846,0.05314684133721187,0.07302982562725582,0.029526022965117703,0.020572970840211043
864,0.010099800527986834,0.2358429526795482,0.04481603190681208,0.030299401583960495,0.02073116950481508,0.008206087928989301,0.11902721369030869,0.019011892904016878,0.017798680461884684,0.005547777754809669,0.021882901143971473,0.18925939779454276,0.0060598803167921,0.015149700791980249,0.013257444085536732,0.061783359991677,0.05711682843835625,0.010645735691661795,0.02073116950481508,0.09273257329753458
865,0.10809330487039981,0.02285912602466152,0.01622260556588882,0.023947655835359686,0.012850921028989704,0.00739559959621402,0.009143650409864605,0.23898564141656178,0.035921483753039524,0.05293120717994408,0.07921695056930729,0.012894891603655213,0.009143650409864605,0.020116030901702133,0.005029007725425533,0.007573769636040864,0.01935370930731898,0.2866107947148028,0.014368593501215807,0.01734140594974322
866,0.021710889527790905,0.04029672677506646,0.008932923802275913,0.011465022573679304,0.021564194328278805,0.020630881129955234,0.03447608846311241,0.020502516509998518,0.1467165325969897,0.020602411013167784,0.01108159986314328,0.004328532632718266,0.1764009774133011,0.12165153717575823,0.09612580280970934,0.011873142710510655,0.05121571601494806,0.053864991739835666,0.053191679343087724,0.07336783357667272
867,0.04889936359366355,0.09380976742599073,0.04323331541111905,0.046823911284638656,0.03585379432859424,0.05093464142825563,0.05498545306377726,0.050579459856409735,0.011444241422056346,0.06201525071900518,0.0670229879578763,0.09203569284107226,0.04613459823266463,0.04555109250226375,0.04109357389607812,0.04992332473136889,0.05422482633254736,0.06232057295203288,0.011876099588926397,0.03123803243165909
868,0.009131124470291754,0.025391829217460263,0.041896518208809436,0.04410159811453625,0.02992608443486388,0.017828305620769973,0.022646766599356452,0.10471492231871196,0.049290021422128745,0.013300481971050614,0.033517214567047544,0.019043871913095194,0.00862257049934357,0.03990144591315183,0.01205241159986468,0.015294659570875781,0.4045569512209246,0.035781713337519165,0.034913765174007856,0.03808774382619039
869,0.12018738236246344,0.2630029563729345,0.025824380127178703,0.0246895878312349,0.017304971838989044,0.010683101206590443,0.014659442774795722,0.02060102880320499,0.01415806009053572,0.018947142400436802,0.04931305431992522,0.015132328025595582,0.0032973492972117892,0.012028260738293925,0.04402951278564752,0.034522242068488675,0.05423837734473513,0.22731016976600307,0.018042391107440887,0.012028260738293925
870,0.08578471188610162,0.07524974726851016,0.021993000444320572,0.006019979781480816,0.022427375656497155,0.1101949957561305,0.0976551562490427,0.017394880482354224,0.07442236727226931,0.026960909449917653,0.10051541998775541,0.06340846055650987,0.0009078427290979516,0.02691285078779658,0.0596234167719004,0.05352464286815522,0.07606381767898705,0.004184620092004956,0.023395830514391345,0.05335997376677652
871,0.009732317468436261,0.1423351429758804,0.007155969175723204,0.005137618895391018,0.07007268577274112,0.018440180466510817,0.02967441433723306,0.02367243823271248,0.10294444672263918,0.1448207841875996,0.09623159666933782,0.0077064283430865275,0.0013723776501386967,0.033367945606067186,0.15155870090240434,0.054222911609859197,0.042463894317589984,0.0471541487021505,0.006370244161158281,0.005565753803340269
872,0.017222717318823248,0.27487340719001363,0.014582653775361925,0.0072167245714026594,0.01319382960627984,0.002340263684094718,0.012594110078721665,0.12126767964265303,0.008658450679121146,0.10377874805442343,0.22589510667867974,0.012046540075298984,0.0026138719031309123,0.008396073385814443,0.0026900040944842396,0.0025894431937558567,0.0204959458550963,0.1339317318454131,0.00769640060366324,0.007916297763767904
873,0.007172423133100228,0.014821373517959403,0.020591795446642587,0.023642431809108154,0.014185459085464895,0.01287702019871814,0.15008295668495217,0.01595864147114801,0.1700652288328506,0.005137066395261833,0.026597735785246674,0.010464682931900332,0.002705778642276758,0.17960970596122497,0.29163452927811334,0.003951983924857976,0.009527547146954037,0.007690911552360485,0.014507855882861824,0.018774872318997656
874,0.011794026377231731,0.0307955133183273,0.02519632907863142,0.012050418254997638,0.13857980993247285,0.055787070035313795,0.12134217281674115,0.019797115704638976,0.10861561844049639,0.009724898942629673,0.02224773857285852,0.043863592870041476,0.006521402820351663,0.014981601073780848,0.2679703247858253,0.007000977931920149,0.018668026587190953,0.018477307990996384,0.03579054114722655,0.0307955133183273
875,0.011073868231853056,0.0564595787153308,0.015110457882224744,0.050727965747468774,0.013554153582970291,0.007636467961984548,0.022909403885953646,0.3419469342855622,0.023673050682152096,0.06268437223543506,0.05369618059383591,0.013123701720507664,0.007246852249638397,0.025363982873734387,0.008454660957911463,0.0070884619809658276,0.0017019966754502544,0.2335183227194916,0.03087789219411143,0.01315169482341783
876,0.02770402088829927,0.08016640324329599,0.01161831931062261,0.019087238867451426,0.07332606523669262,0.009214529108424827,0.01113422267268,0.3910509190432598,0.024549030956739073,0.054059269331714704,0.07651120100433786,0.014845630230239996,0.004979279704552545,0.018219637100749086,0.008935447508270886,0.00568027802919894,0.02915705655975743,0.10464093168760231,0.019087238867451426,0.0160332806486592
877,0.03708027508126651,0.07674444934257911,0.08846832860055946,0.008081608390802353,0.0063870775991825045,0.1933928294105,0.005988081826004167,0.007333311317579913,0.009209274677891054,0.002129025866394168,0.006696956320364119,0.28024753541181097,0.004812331416162412,0.00707140734195206,0.0024905585606875176,0.2397046048978665,0.0067938796463469335,0.0029494410459647235,0.007471675682062553,0.006947347564023077
878,0.062227536724893166,0.06863153341022331,0.05580980207143855,0.03276610342026145,0.05286028716126179,0.03365291215914118,0.05339542783701815,0.07321864100039639,0.025759107994226663,0.035470090173446864,0.047890172608984795,0.058254371354648726,0.047796960767834074,0.10684050557184283,0.01926720112250305,0.06368538025613897,0.05246213701427842,0.040080290353837214,0.039657531374478784,0.030274007623145457
879,0.018381794885907847,0.028341382759260132,0.10864579327707218,0.10242361723880583,0.0026997771057151693,0.08357151015238765,0.04978891565815969,0.0032903533475903625,0.02003419583079832,0.0009933142181404867,0.0035691968516234442,0.15563328291076467,0.025039474088278363,0.08421439448465867,0.1417865244220289,0.07895099482936752,0.05824570942068532,0.001969602119728083,0.0030519219455910607,0.029368244453436224
880,0.05169050670776508,0.03803288281668178,0.027992415574453183,0.05248082617522498,0.05268068227986328,0.06181913967883399,0.1206812627837018,0.003395793108632301,0.04988854889386859,0.06401574335481092,0.04754110352085224,0.07650292520596909,0.02194204777885487,0.059807495841049295,0.03438240522490205,0.024344719677344615,0.00744619693700095,0.010230079554606152,0.06972695183058325,0.1253982730550015
881,0.024152133809541128,0.022673431739569233,0.032160472914810036,0.05201506431066934,0.09648141874443013,0.05349250377076146,0.08023875565614222,0.01960584979833339,0.06126610594373808,0.05554990776194461,0.05536199190387885,0.03881975850514167,0.06496000142653631,0.06722921568592997,0.053281723244431596,0.053297884474298195,0.05300612717750289,0.053718592121440936,0.013548757990718198,0.04914030302018176
882,0.007442920860617113,0.10615394214095189,0.007731938507138521,0.012027459899993258,0.2811558455764918,0.006367478770584666,0.10818047955732175,0.009147645557741349,0.011394435694730455,0.003628395724020312,0.011197979906890275,0.008180633304978728,0.003889118770057699,0.008434842007787477,0.004329885563997571,0.003094007456205027,0.0045738227788706745,0.007465319937926848,0.08776999308776409,0.30783385489593046
883,0.06186120454967972,0.030252986577786068,0.05474349952170813,0.04230179508495628,0.07441694466232197,0.03445907782393234,0.04549628676466282,0.056783306202573526,0.01122584169051105,0.048294389937189916,0.04479197343989402,0.0620053923154041,0.018377859337315398,0.10054928483579043,0.05014412660955652,0.039661106796339544,0.07191169015345822,0.06828572057718096,0.0386424702506175,0.045795042869121214
884,0.007884648913076147,0.139089602058773,0.18615799900026062,0.14799438778112067,0.09428810918510508,0.05396946497170548,0.0205331248225403,0.010695717248982045,0.011001309170381533,0.015306511231348224,0.059425278898175456,0.058012150766295595,0.0026016609524550922,0.022449549805977395,0.0034339025670051615,0.06782031125250326,0.009904213149695909,0.004857926311459727,0.011324877087157459,0.07324925482598184
885,0.06565238883907762,0.08862639576359012,0.006013061753511902,0.006201295757708785,0.2525069689195793,0.011417806754622194,0.05683313735781175,0.011529199991252657,0.009990976498530821,0.028136738073890413,0.018907887985654355,0.04432270454458707,0.0024977441246327053,0.0860454205235575,0.002900606080218625,0.06475594931049064,0.0727226460986706,0.06369678576727532,0.020331062350165977,0.08691122350517151
