site,A,C,D,E,F,G,H,I,K,L,M,N,P,Q,R,S,T,V,W,Y
790,0.05549096603856458,0.03561980882750058,0.01291247173335073,0.011977927224136004,0.07420793505729287,0.0012812505715510973,0.10774444463195985,0.027947405833358814,0.03905824151031463,0.08107641641776633,0.032281179333376826,0.10774444463195985,0.03905824151031463,0.10774444463195985,0.09894391340972383,0.04240453431845308,0.021520786222251224,0.03906026755546096,0.021520786222251224,0.04240453431845307
791,0.0777082748702658,0.17997977080731303,0.014713268876244337,0.007588949209852343,0.01413627793992103,0.06544559626085565,0.011091541152861116,0.020598576426742073,0.007836414944956224,0.0023168169898798085,0.00848176676395262,0.018485901921435195,0.4415571098533231,0.06769198749125839,0.0024274416664510855,0.028285332770864553,0.004770360834832609,0.004396037652048613,0.004904422958748113,0.01758415060819445
792,0.07520523166562006,0.01860216439719632,0.004484450345752683,0.013453351037258053,0.005250088209661678,0.045100757762998406,0.12607711829201826,0.026401431110009446,0.051957769523203495,0.01769702552552065,0.05756782769431351,0.08761079757356187,0.0011713420538048294,0.07031618142140207,0.16442984601093175,0.13402524479690037,0.0709974721712876,0.009126916133767638,0.009313858410409421,0.011211125864381707
793,0.006585063959558592,0.010792611463066386,0.011887514075261525,0.004668283950506146,0.010515877835808271,0.5027127018215529,0.11253579453275503,0.015476197569680099,0.01281622611239133,0.0029086470609682455,0.012242365241687241,0.09958356157709834,0.005094648889397797,0.009113760791033836,0.08966657456430639,0.028392922218933594,0.006451938726323084,0.003136401283900356,0.0040105112778532435,0.051408397047917644
794,0.006802296688190314,0.01602318775440385,0.021849801483277975,0.01602318775440385,0.0171677011654327,0.04870527022612612,0.12017390815802889,0.015659859077377006,0.10723232319765191,0.010300620699259617,0.024034781631605776,0.021207160263181563,0.013109880889966787,0.031349715171659714,0.4386486234310018,0.005373920546928927,0.01284583883826428,0.008384226150560153,0.013604593376380628,0.051503103496298094
795,0.03335578934954314,0.022790863068631224,0.014207291263562325,0.01886140391886722,0.024310253939873308,0.004950051707214021,0.031140298194966193,0.009135479508545047,0.02145022406459409,0.007596954356210409,0.025440963425448805,0.01785762767424336,0.009744875334821471,0.02145022406459409,0.005442594165643278,0.006006483811194024,0.6699440807895423,0.01536411360282605,0.01608766804844557,0.02486275971123406
796,0.03600752258641911,0.016304185967988237,0.016057152847261138,0.023038523650418155,0.012042864635445854,0.005246396474847698,0.023038523650418155,0.007495778669653191,0.032114305694522276,0.006750140687383663,0.0216280017942701,0.012616334379990896,0.013474284453525432,0.06233953458348441,0.005434728655996076,0.013993305972045149,0.6489676888701981,0.00662357554949522,0.01218128836688776,0.024645862509749653
797,0.007112343652847135,0.01302144681981087,0.02421223371182003,0.012369293309299362,0.019918769590997396,0.011220603030635936,0.04358807363827198,0.02275949968911083,0.014589422877635148,0.005316489947258599,0.02188413431645272,0.026464534522221892,0.014973355058625546,0.020690454262828024,0.0019744210839222434,0.0057397657072192285,0.009031547495678902,0.005122995328113259,0.6967866366826481,0.02322397927460289
798,0.00661705497938861,0.018871006872427185,0.015681540922157802,0.018252285335626294,0.02061832232357785,0.005859944239332652,0.037112980182440136,0.02420411751028704,0.02420411751028704,0.004451425320254118,0.02061832232357785,0.02319561261402508,0.002845722408362384,0.02368913628666391,0.005594921635543738,0.6808358493711087,0.014070332804895641,0.009598184529941415,0.02141133472063854,0.022267788109464077
799,0.002174962500510375,0.09409510884701701,0.0069243704097881305,0.00506409179223311,0.08189998908532109,0.00131001602347343,0.005952528948765234,0.20785992433690853,0.004989619854112034,0.4572329505423549,0.01418179870182314,0.006253160149120296,0.003991695883289628,0.004778790846191807,0.0013517695222295555,0.0018250579291048705,0.04303679911164651,0.037769992900088464,0.004087881326260461,0.015219491289761414
800,0.008939029478414894,0.02048527588803413,0.029796764928049647,0.01666598716314641,0.018209134122697007,0.006463505114533358,0.599362845222914,0.013656850592022757,0.02286728471222415,0.008033837888353967,0.1020426989851411,0.02544085688402137,0.009893271761583543,0.013723531304812284,0.05806461582696497,0.006303161811702809,0.009454742717554214,0.00739318227538074,0.012139422748464673,0.01106400057398406
801,0.019970946598738566,0.04036680695489709,0.016668125152014053,0.016270356302900482,0.017817651024566745,0.31284267904181706,0.016668125152014053,0.012917796992810891,0.00993676691754684,0.004655061979391312,0.013965185938173932,0.10841371010743787,0.006225444333884768,0.013965185938173932,0.0025268228476672113,0.19458871044924755,0.006889491729499142,0.15316017113488908,0.011482486215831901,0.020668475188497428
802,0.06183288635848803,0.06205602714054434,0.006398209785452004,0.002529004332955354,0.006398209785452004,0.09505199668869539,0.03091644317924402,0.014685310510140914,0.09657181924395078,0.0015233832822504772,0.002459203446661272,0.02172113798360382,0.0016490231405804133,0.13734497478900692,0.06190172349933711,0.2166209961786513,0.16038144096022283,0.0016321963738397966,0.014327132205015525,0.0039988811159075025
803,0.1183025995538815,0.021691097682518163,0.007448917263664474,0.0029378706544991346,0.04542152933518759,0.16745622015344636,0.013780496937779274,0.007655831632099596,0.007066921506553473,0.031387634889431956,0.007448917263664474,0.061348559102071556,0.004374760932628342,0.1417151715257853,0.0013918577984947476,0.3027715718184826,0.03419767652649259,0.0027347557746816792,0.011024397550223419,0.009843212098413767
804,0.0032584010644616315,0.008877963661497349,0.44834688467780376,0.22647295440349982,0.007747165869037175,0.022128504219258136,0.013978311165583195,0.010966896287732019,0.004001915512089198,0.002553934751937594,0.08266484016887994,0.008105966821367144,0.003329236373061507,0.1256264343505454,0.0032708287173937606,0.0023599650239423337,0.004603388565220849,0.003419502355805796,0.00981248615218128,0.008474419858702014
805,0.007572583673261316,0.010405095639064938,0.020498200632793565,0.020498200632793565,0.015049311856987678,0.004288003171042162,0.019814927278367107,0.0182907021031081,0.013064787216505787,0.00474073999529774,0.01698422338145752,0.0182907021031081,0.006627385290793022,0.01801357025306101,0.03782344549007341,0.005944478183510132,0.00855320601943904,0.00849211169072876,0.7270702895768479,0.01797803581175912
806,0.013657718707405455,0.04351198283771007,0.009750740275136484,0.0087350381631431,0.031460559019685426,0.041369746394529845,0.026276716908487263,0.10851529884972455,0.019384829173109498,0.032941613706988816,0.2550890623319885,0.007487175568408372,0.0025722811768764957,0.18255403325896413,0.032860376223598727,0.10185355982623157,0.041231831756895806,0.01999812493703672,0.008113512589287292,0.012635798294791684
807,0.05527225043289583,0.20812773404468582,0.08244713153918377,0.004433339998060267,0.0030251025869117115,0.1710395883058243,0.018180649518896936,0.0026292813893851728,0.0029555599987068446,0.0059683950440823285,0.0032141714985936933,0.03755884039952922,0.0008566111575985297,0.0076241433466341995,0.0034377955453914213,0.18248433695202207,0.15724947354187407,0.04557629036772323,0.004081487617261833,0.003837816714738739
808,0.041673142798353616,0.13200752212871997,0.04543737174720434,0.008250470133045003,0.002300898127252254,0.05446912320845242,0.08060709109823817,0.026258724182161047,0.037502136968386356,0.035202005900992005,0.05739457483857391,0.11402090181116332,0.005962811836435085,0.06646212051619582,0.0685379368818398,0.05934975764888707,0.07250398192600735,0.08714782305034548,0.0028487310146932663,0.0020628741830537446
809,0.08059287286569991,0.0360305995162425,0.08861753887096951,0.08488471309630072,0.0020637755069979734,0.043606379197169226,0.051923796295336916,0.006328559634000436,0.03971391712350035,0.0323351534120125,0.042893570852669635,0.09737999869254726,0.0008255102027991897,0.15610447097201072,0.04357442118366439,0.055252735335642233,0.09926679998689021,0.026282111129617633,0.0019455993067344073,0.010377476819194266
810,0.07606355137433424,0.09144381529438733,0.2942226741386411,0.09220431595924199,0.007210911770609775,0.032336363279251656,0.02479321542149193,0.005368123207009499,0.016450210158778678,0.0034757632275601072,0.00878420161147009,0.10436853883130501,0.043742604285843284,0.021005699505689344,0.004392100805735045,0.12970429263453367,0.027568283231608398,0.002496524272318016,0.010736246414018998,0.003632564576171841
811,0.007254490202744419,0.050451681864540736,0.011488407845253963,0.006591709419408013,0.011488407845253963,0.0028927645653517176,0.010867412826591587,0.20157353617579546,0.004956096807696476,0.2098453625044935,0.24586691253068899,0.014360509806567456,0.002379256062626561,0.023367094758313608,0.0017877318467719124,0.026256574217674973,0.06498244634055339,0.08441962517374313,0.004277598665786052,0.014892380540144027
812,0.004985763612206213,0.00950618928727318,0.007275144862709063,0.010185202807792691,0.004287215017551264,0.00404792339804652,0.004211035572998312,0.18404717718308977,0.008694685323725467,0.43631778250354863,0.25986246684546854,0.006481492695868076,0.009635753848881434,0.00963465130466876,0.007846898800532149,0.002958357662014475,0.003675073178069528,0.009166086409683397,0.009259275279811536,0.007921824406060981
813,0.05211413486180989,0.02052942430328209,0.10631663214066865,0.05103198342752094,0.08129484664662455,0.039830574547453285,0.060669817254185895,0.044984709804704065,0.02249887369387006,0.059919752197780465,0.0393398207756906,0.05330276801617761,0.007350102361680303,0.06916985705537478,0.03263286123498952,0.0591077206305316,0.037831286107720734,0.03382857692997718,0.07335847617706136,0.054887781832896554
814,0.05541039022354379,0.25145071655173534,0.006241156593573414,0.004130351452961454,0.006029591963282791,0.0019020023078172802,0.00646810774243063,0.17736463586558573,0.005929098763894744,0.03308150079644591,0.041746691630252235,0.0044468240729210575,0.002169182474595638,0.00501050599765753,0.001572292378467753,0.002369590621351661,0.16921900073694404,0.2162600544319593,0.004042567339019144,0.005155738055560646
815,0.009172644230935341,0.01359283802555453,0.020179817308057752,0.021344037537368774,0.019471753542862746,0.009691944218122747,0.021762548077317184,0.019819463427556718,0.024664221154292808,0.006118752812075384,0.01681651442338146,0.01441415522004125,0.008221407051430936,0.023549287484382175,0.052857139329623055,0.007114679179122925,0.009405847050365899,0.006980439949328151,0.6750030465506234,0.019819463427556718
816,0.009800437356128578,0.023019631929511307,0.03732264713393363,0.013197922306253152,0.016226953655229286,0.007484183077906778,0.026659544726605817,0.030861092093416444,0.026935718020518334,0.005962916704632449,0.01935971300996742,0.5974305160854154,0.009704354636950846,0.02020090148916298,0.005408984551743095,0.09634249659182433,0.012123703460544703,0.010530257159244535,0.01414063104241409,0.017287394968596617
817,0.017534536283159628,0.006142330465549341,0.007587584692737422,0.004606747849162006,0.005264854684756578,0.02954823697064496,0.06727536369865325,0.004743118489935734,0.16166236576625753,0.02125714616867169,0.05118777672723617,0.13584448439151137,0.0033019065316272455,0.2522826138699497,0.1502378295574,0.02692031497886094,0.03707703485803574,0.006925405086626072,0.005732841767846051,0.004867507161378722
818,0.028642999075831736,0.2258805319949111,0.0042045608811408924,0.0038945156749537867,0.009138186764466486,0.014763171914146405,0.004905321027997709,0.08131963415185152,0.004496544275664567,0.022324678901882,0.25059375984457405,0.004980787505351518,0.0026756296516351127,0.005221793352384658,0.0016340339473027582,0.0017788526804826856,0.1272818870764975,0.1968188433970749,0.004761046880115422,0.00468322100173527
819,0.008265854028525145,0.01133019645295181,0.011097674390149501,0.015340325873369065,0.017625718149060974,0.0040131821012728735,0.014796899186866002,0.022614128945965022,0.018727325533377286,0.005107750103297137,0.0168809694948753,0.009665716404323758,0.005600695486617505,0.01815983082024464,0.04936105505382552,0.005347546674948432,0.008098302933352338,0.0070920049357168415,0.7355088127372077,0.015366010694053158
820,0.013443039388411787,0.01442071498029628,0.015862786478325907,0.02403452496716046,0.019344861558934036,0.007412517045946685,0.012017262483580232,0.47775757426999693,0.016186516814618274,0.005170832733320785,0.008493023699869486,0.01614399820387395,0.004046629203654568,0.015551751449339122,0.0059576727485829185,0.008093258407309137,0.03728305072813432,0.2644702303756301,0.019344861558934036,0.014964892904081043
821,0.06900357160026276,0.049527832081436914,0.10336459000388219,0.0713489704434405,0.012311605986152638,0.020325322598703895,0.07697993637657548,0.10569964163721292,0.021159823079232427,0.07421862632282254,0.03129883832924139,0.01995776128281587,0.001091684127321182,0.027780034020036738,0.011003497850123925,0.025907901292599473,0.08157525284001375,0.06823708523048792,0.08225976740377543,0.046948257493862076
822,0.03972815361893339,0.05905093927094657,0.07847024622114097,0.14325539431735726,0.07407266943636279,0.05107477211226495,0.06662157251081151,0.0056108120921821245,0.0157022199542072,0.04572002803907114,0.031945590097397315,0.0927943331400589,0.0025339151384048304,0.07794723983764949,0.01589138426863394,0.05012039598614291,0.05094590839062057,0.030046457817039178,0.03354536925720438,0.034922598493570545
823,0.01327237750540286,0.02400323591402645,0.003083991300957975,0.025070046399094294,0.02563982018089189,0.008101053068310148,0.01864102240396425,0.024997849669191514,0.020463500783511168,0.008001078638008816,0.02563982018089189,0.6859110781762595,0.00835668213303143,0.03223291679883552,0.007231744153584891,0.0024352058733260683,0.011903279326473618,0.013118047534409804,0.01945089806826281,0.02244635189156527
824,0.04705738660108522,0.015288736906859144,0.07445481904753683,0.04323700944343071,0.030959692236389773,0.026539682317379507,0.06638066106589965,0.028520443757159057,0.08255917929703936,0.036844592413554755,0.060981211980767724,0.05080871076920665,0.12124075281383404,0.09105791834232284,0.01741579874673859,0.055328121323773474,0.06068179522799797,0.045572410847526806,0.02159081899424442,0.023480257867253523
825,0.012136160421728945,0.030096018454348922,0.021584039423970837,0.007762303162299339,0.016739531616177854,0.020976079741259906,0.08013716718254268,0.005998143352685853,0.06447335224043502,0.029280777766139406,0.24272320843457884,0.00935515482500429,0.001729495549336319,0.1781302249677064,0.05598176858605439,0.020569763426659223,0.002868677255632364,0.0021632648157227665,0.14833084959890933,0.04896401917880734
826,0.00621193356958761,0.06971987117020545,0.008790472032435298,0.009912659951469593,0.0137027946387962,0.004479759785760295,0.021177046259957765,0.07092194595517723,0.07480287307778738,0.12533176227524612,0.2844219405531218,0.011647375442976771,0.005294261564989441,0.057103894482263516,0.002853671675156036,0.004086798401044481,0.08564474589923006,0.12317951757570607,0.010128152559110235,0.010588523129978883
827,0.05649852571583961,0.052518984212454926,0.038788204141714785,0.04462348841740016,0.10183559133878455,0.036142536044229484,0.04937483216425917,0.019612780554136282,0.024852747653551513,0.03805976645994979,0.03879451098620364,0.023337323015138123,0.08203422635624313,0.06910272269417522,0.03560374473733716,0.05908978756694907,0.06015604551658159,0.033942603630978424,0.0386453013285644,0.09698627746550911
828,0.014917885850079003,0.1470137052954327,0.15927310345581894,0.08836781808991714,0.011383300006526148,0.014233376525278523,0.048531651864387085,0.23054421966783764,0.009696885190744495,0.005796816419097018,0.05432177966928012,0.052597438661621906,0.004582245359857642,0.007933815156063678,0.0024019807353220313,0.05311238939834995,0.0043635983358350245,0.07436553373477925,0.009350567862503621,0.007211888721268142
829,0.01185125824193548,0.023332164663810474,0.027652935897849448,0.08321363378824402,0.012654733376981954,0.008272014182866006,0.03555377472580643,0.026665331044354822,0.4402865838112205,0.005973034153935481,0.11817608069287894,0.0749246452672895,0.00731989479648956,0.017613540730881797,0.04208225477032307,0.009451003408125762,0.010794351677631975,0.007942864566403566,0.01659176153870967,0.01964813866426145
830,0.10462173868190124,0.012992152256044668,0.017094937179006144,0.06220921847034771,0.023200271885794058,0.005891629281439979,0.01412190462613551,0.060913918054838694,0.024883687388139085,0.004218231251962555,0.03894838025969596,0.16292235887454556,0.005746824155112691,0.02376503854642319,0.01731039122653154,0.18402107069658247,0.19626385377919653,0.01614077019771184,0.011200131255210922,0.013533491933379863
831,0.09161393667305912,0.003994470034967469,0.007397166731421239,0.00539793247968577,0.05440025150494661,0.0020804531432122237,0.06479131293500405,0.027818310428665886,0.012240056588612989,0.12860362307693687,0.029888510274520084,0.042369426652891104,0.1204780371128685,0.04320019972451643,0.05140823767217457,0.004917882188097988,0.08239710247429563,0.05245738537976995,0.06744520977398995,0.10710049515036364
832,0.05124918643659721,0.04711175791271528,0.01097564391819038,0.007798265574883087,0.009603688428416583,0.011364778126898348,0.012391856036666557,0.33020793273721777,0.00936945212528447,0.14388729567921515,0.07438698617797149,0.013246466797815973,0.0036585479727301268,0.014774905274487047,0.002845537312123432,0.003048789977275105,0.004742562186872386,0.23417849479545613,0.00698450067521206,0.008173351853971559
833,0.08775833439739711,0.022306541948727915,0.06859261649233832,0.1452186024837793,0.01385709424087643,0.06097121465985629,0.07699171238935934,0.001761267829192423,0.05708084741167606,0.038107009162410166,0.040647476439904184,0.026586285462146638,0.046415756346117096,0.054302488056434506,0.04362249733065376,0.07285050958479539,0.07527486182580556,0.03849585619467968,0.005622345614126093,0.023536682129723936
834,0.0727447766404823,0.03710217905674201,0.004174134253495521,0.06014108054055658,0.0042473646789954415,0.01179407016373256,0.0479040792884517,0.04258474251342241,0.14676783375936356,0.042810206603933094,0.08268485618359646,0.038571018903565825,0.0012809512523954507,0.10012484948044434,0.09697359372612796,0.040162152587194966,0.07961620307391588,0.08201534317806129,0.0034585683814677163,0.004841995734054804
835,0.009009054285998122,0.055912050558898446,0.03217519387856472,0.03916980124347009,0.019584900621735044,0.00958410030425332,0.017325104396150235,0.020475123377268454,0.01916820060850664,0.0067210521688356485,0.01838582507346555,0.016998215633958716,0.007634791767795018,0.020475123377268454,0.004581384614128411,0.009192912536732777,0.010986651568290394,0.012174397683781247,0.5450547940119355,0.12539132228896338
836,0.04481834151248001,0.008494934938007213,0.006706527582637275,0.006067810670005153,0.007079112448339345,0.0035395562241696725,0.018365658997211938,0.09066785192412641,0.1822927471698607,0.03030333734539971,0.06282399205753597,0.006534565336928626,0.044526267712787296,0.09756756342268845,0.013565137168478262,0.05876526237647079,0.15436259645106254,0.07148107804441174,0.08514987353252808,0.006887785084870714
837,0.019292036005507596,0.022630569297791225,0.39925425785428953,0.1490005721370046,0.021170532568901473,0.001246766505031869,0.031251738554092634,0.034541395243997124,0.04687760783113896,0.013411951470755759,0.031251738554092634,0.05636133442270233,0.009375521566227792,0.05747979201752468,0.010417246184697545,0.008307424172606903,0.013963542758211609,0.039719318619599854,0.013963542758211609,0.020483111477614255
838,0.00875540851146471,0.02376468024540421,0.01996233140613954,0.016098654359789952,0.015470239515292033,0.00622813713392405,0.013862730143152459,0.30246063382036703,0.027725460286304914,0.09645831586283052,0.015005098518853469,0.08752156187603696,0.005198523803682172,0.013488061760905093,0.005545092057260983,0.017470768668885694,0.028122084459791623,0.26869597095155395,0.013488061760905093,0.014678184857455544
839,0.008995124915713582,0.01746112483638519,0.021202794444182018,0.02619168725457778,0.03710489027731852,0.13509799439628342,0.015250813214227887,0.028726366666311117,0.021202794444182018,0.01766249688383369,0.017125333974147013,0.015093514689078722,0.5443476649108265,0.01817382380929887,0.006406599760112551,0.020340510647226407,0.010144538495078273,0.009276222569329631,0.01484195611092741,0.015353747700959392
840,0.007410891865976698,0.07085534406902227,0.03370803766851199,0.022743771588687105,0.303130337196935,0.007759639718493248,0.0035763087002882795,0.016912035283895538,0.0146570972460428,0.005450986579106827,0.011778024572712964,0.03738529361369152,0.009289709522139804,0.021985645869064204,0.005679581126413694,0.006712500250528956,0.0049967376975145915,0.008441954960938339,0.009035196932492138,0.398490905537544
841,0.02540084757079538,0.02809487685860701,0.016806438883133025,0.012928029910102324,0.011725422476604436,0.03359170059181273,0.014405519042685448,0.12939253045096322,0.02016772665975963,0.30345083537409295,0.1503455572433564,0.055186365257978064,0.03760855632774769,0.04837607572405937,0.015364472498014066,0.03635807593466789,0.006990052587424665,0.026174708534575895,0.013626842337675424,0.014005365735944185
842,0.13521589677839602,0.016249968729237226,0.011270139602535496,0.005306940651030888,0.017916632188646173,0.42884059964528465,0.011091248497733344,0.024094781219213823,0.015527747896826684,0.004852421217758338,0.037782218106403025,0.14719322470619509,0.008418658498279528,0.027925987296037014,0.0070049063098462155,0.006783967527739813,0.008626526609348156,0.04531424797096409,0.021174201677490935,0.019409684871033353
843,0.009687994901582985,0.01977965625739859,0.03164745001183775,0.19317247225096087,0.008328276318904673,0.015588589990372687,0.010100250003778006,0.016325857486569135,0.2875049938128892,0.0034872119334802983,0.23735587508878309,0.043030429442600625,0.004355153671353819,0.009836828603788698,0.06354341691878215,0.004608851943471518,0.006123950998967864,0.008631122730501204,0.01531328226379246,0.011578335370184543
844,0.017963372355454702,0.022354418931232516,0.02339415934663868,0.04998928710349729,0.019345170228951217,0.038461052792198996,0.019345170228951217,0.01437069788436376,0.03027521207394936,0.006574829097421329,0.021168770672649523,0.016490964785335464,0.00905199229486048,0.0304832985425898,0.6123059790610992,0.006082271845873259,0.009228888549591406,0.015476136183160972,0.022162191839019803,0.015476136183160972
845,0.019556920433413474,0.032937377599696074,0.02739856162055565,0.44189836915075825,0.020703494491237533,0.024335018040782495,0.01958438668090037,0.020703494491237533,0.19751793049025096,0.007174478289042711,0.024986976110114266,0.022644447099791055,0.007791637711756064,0.015374451656433868,0.007394105175441978,0.00646984202851173,0.011148035495281754,0.055208290143708774,0.020703494491237533,0.016468688799848037
846,0.00819509337803425,0.021644074946977076,0.6215453128464827,0.028154481798117192,0.024811500548973724,0.057986588901362615,0.010172715225079227,0.030826409772967356,0.020760643316488216,0.007015665672468433,0.02119315671891505,0.007822846563725444,0.00664883348044394,0.023119807329725513,0.008407202665354732,0.0071638839613234005,0.011828738633813056,0.01586220643935517,0.03281521040348138,0.03402562739691122
847,0.020874718863470247,0.03379716387418992,0.018365708204582734,0.015427194891849495,0.01116230599103894,0.013826112493986787,0.21292213240739655,0.03958367275102273,0.02142665957201319,0.23458465490076238,0.03379716387418992,0.029572518389916185,0.005671762827885844,0.19830982920296736,0.015656039147602684,0.004584118214189168,0.047955435226891115,0.011957109419516773,0.019182174090756444,0.01134352565577169
848,0.015530696727636514,0.020699179072603848,0.038418039273627164,0.0304142810916215,0.038418039273627164,0.022640828862890792,0.0317366411390833,0.0317366411390833,0.02919770984795664,0.008377419901313765,0.045621421637432255,0.0317366411390833,0.013271686294525745,0.045621421637432255,0.0794616837501394,0.015530696727636514,0.011586392796808195,0.012165712436648603,0.44465565151453523,0.03317921573631436
849,0.009955409301855057,0.49902748520820334,0.13274413247049288,0.06268472922217722,0.017034425267301694,0.007738717321300403,0.016353048256609624,0.020965446482832852,0.03716601876502188,0.0061943364608369805,0.02819491078725798,0.01777505245283655,0.006338390797135515,0.01777505245283655,0.05957829648266218,0.0080224687624526,0.009619440150946844,0.010094474232475082,0.024966024487641018,0.007772140637123962
850,0.07669560952442558,0.020382797245753672,0.03663319875809046,0.009859815604751698,0.033971328742922795,0.5431345239691844,0.01663685686848391,0.028663308626841102,0.03821774483578814,0.010790892659516651,0.03821774483578814,0.026206453601683295,0.010542826161596727,0.026206453601683295,0.0046741504394218385,0.009172258760589153,0.010665417163475759,0.01210172795925264,0.029587931485771463,0.017638959154979143
851,0.2280551581170969,0.03705901197710265,0.02708158567557501,0.020709447869557362,0.007695732353923727,0.009779461493957645,0.01600275517193069,0.016247052724222295,0.030613966415867402,0.01005887467949929,0.01717368847719391,0.018529505988551326,0.0412196293195968,0.025147186698748228,0.00809334744327529,0.4079789102023164,0.0172365421622586,0.015306983207933701,0.024280042329825877,0.02173111769156667
852,0.006590421328172396,0.038528616995469396,0.04553382008555474,0.020869667539212593,0.0409867603227181,0.006590421328172396,0.014272293354327182,0.033089796367236975,0.029463060055358946,0.2946195383517687,0.29588657329758783,0.02636168531268959,0.01575881547425611,0.022766910042777373,0.005297597931446315,0.007350981823628349,0.02504360104705511,0.010221877978389839,0.03130450130881889,0.029463060055358946
853,0.012285753657532372,0.020931284009129227,0.017125596007469365,0.021736333394095732,0.020183738151660323,0.0073395411460583,0.02354769451027038,0.33340126688251465,0.025688394011204048,0.04417017089602846,0.1066329388552167,0.02691165086888043,0.007959784059809705,0.03299034274357869,0.020202393953327562,0.00911523658462079,0.05692349409276945,0.16844830646465275,0.017660770882702785,0.02674530882847836
854,0.004742887193478483,0.013216595219232938,0.01425319092270219,0.03670813322958576,0.040384040947656206,0.4294697020936384,0.01772957895262955,0.023448797969606826,0.011916602246849373,0.0050131912900538735,0.024230424568593725,0.022027658698721562,0.00567316057146994,0.013715334661468145,0.0023292659686370864,0.08998361092611676,0.2003319337986704,0.010008871403186669,0.010586594769108417,0.024230424568593725
855,0.005393162456474611,0.022734882931478333,0.008209309022261956,0.016479107505894645,0.06547646284265761,0.0070624746453834195,0.17805810444202885,0.010986071670596429,0.019774929007073574,0.010127992173941091,0.022586786390697527,0.15306765633560612,0.001371187502349237,0.007234730124539112,0.026217362360455212,0.005804650961228511,0.005816155590315757,0.011408612888696292,0.052803599066659344,0.3693867620816624
856,0.020252171635971865,0.023627533575300508,0.03544130036295076,0.04252956043554092,0.05316195054442614,0.025103450688359,0.027438426087445747,0.018828289839508384,0.013179173755311928,0.011321487660805823,0.03271504648887763,0.027438426087445747,0.010373063520863639,0.03402364834843273,0.5101621014144884,0.00841789954309201,0.02604509159039911,0.023627533575300508,0.019331618379791325,0.03698222646568775
857,0.007999048548746794,0.02106403153913736,0.02018636355833997,0.030279545337509955,0.03341191209656271,0.00663661267671451,0.013909052121271769,0.02253361513489113,0.04614025956191993,0.026621445361782552,0.07453426544617835,0.02307012978095997,0.5698474405129758,0.02018636355833997,0.00526600788478434,0.007350111993001488,0.006914490525581011,0.016705956048281356,0.022021487518189057,0.02532186079483202
858,0.0039121943571627715,0.061457044119899995,0.010843582185614202,0.02320022235061643,0.017501922124149232,0.003818249511654777,0.10947558244982705,0.01467072883936039,0.03218095358311311,0.0039708495559293185,0.01918479925147128,0.020783532522427216,0.009412722889383123,0.014458109580818935,0.6090024176440801,0.009503082464675726,0.006235059756728166,0.007075245114017776,0.010843582185614202,0.012470119513456331
859,0.10754137063749636,0.03008262025811422,0.003927346326997467,0.006513647566727506,0.010271521162916452,0.019919572873616165,0.12051967990200477,0.03451527626307216,0.02047289434232773,0.00676168987453026,0.010236447171163869,0.005919873062841754,0.001353803691733991,0.25386388984486385,0.008054909249440419,0.1827616486141394,0.1623255135368528,0.0026939509508879015,0.007027882900942836,0.005236461769329956
860,0.009852824600585649,0.031127160731398314,0.016240257772903468,0.03248051554580693,0.02988207430214238,0.014095318067048295,0.018220777013501454,0.15927792372183402,0.024901728585118656,0.009222862438932831,0.04394422691491527,0.017786948989370464,0.035760504978984704,0.026680423484055697,0.009456352627260247,0.007357865264320957,0.4508033457323718,0.012246751763173106,0.025760408881157226,0.024901728585118656
861,0.01878083428445218,0.044817141412008495,0.021080528278466733,0.014970230226737245,0.02582364714112175,0.005105565277145519,0.02582364714112175,0.027917456368780267,0.016933539108932298,0.007829954027939045,0.019489545012167354,0.02582364714112175,0.009564313755971018,0.01844546224365839,0.014392507694969608,0.007274266800315985,0.012911823570560876,0.008828597313204015,0.6148278646029396,0.05935942859838608
862,0.36980962590346156,0.08852369596295341,0.048371883069684436,0.023833302759256682,0.03645093363180434,0.019180392903591265,0.022950587842247183,0.0295078986543178,0.026941994423507556,0.009388876844555666,0.03442588176337077,0.025819411322528078,0.0076825835820079815,0.019989221669053998,0.0073769746635794515,0.11221621843587733,0.026072987877031016,0.008466563725902779,0.03872911698379212,0.0442618479814767
863,0.07665790554148778,0.013364961586080776,0.0538997186061075,0.1145372914342957,0.034748900123810024,0.0976708014891961,0.00824796061586785,0.005723553314659859,0.07952970480580897,0.0508520489616732,0.022274935976801295,0.01085903128869063,0.0017488635128127346,0.15794954601731823,0.005110132371148533,0.10241781089122953,0.052123350185715026,0.07055989352290075,0.019304944513227788,0.022418645241167753
864,0.00881375760509158,0.18315890247764552,0.09189867146624651,0.026441272815274742,0.018091397189398506,0.0071611780541369074,0.10181020273335786,0.017449426402329913,0.042886500114875624,0.0048413598112474875,0.019096474811031758,0.2064582016253518,0.005288254563054948,0.013220636407637371,0.03650369734694333,0.07392056821789574,0.010210919405445891,0.009290176935096529,0.018091397189398506,0.10536700482853953
865,0.1366005614451618,0.0213833356056889,0.01517527042984374,0.022401589682150277,0.012021262619954462,0.006918137990075821,0.00855333424227556,0.2780918724892543,0.03360238452322541,0.06217595438906032,0.06921095113221531,0.012062394444234766,0.00855333424227556,0.018817335333006235,0.004704333833251559,0.007084805331267521,0.03265454125118747,0.2203258064022651,0.013440953809290168,0.016221840804315716
866,0.03350377483769167,0.038267714849577895,0.008065722427266983,0.012254749525577518,0.027304531676455572,0.014694059654961185,0.05144881663109917,0.056730025910805476,0.16537685628422014,0.008893201338282187,0.015785432375450884,0.003908322012550662,0.15463280694319234,0.07459972556432848,0.1246772237933459,0.009020247071686218,0.05463852844627384,0.06713804149558857,0.02245039271175236,0.05660982644989281
867,0.043974877765662855,0.09827285633976186,0.043481000938842475,0.04858473933372531,0.02520231068387778,0.04626014025849989,0.05549081045247885,0.05593712861788302,0.008446592611020855,0.061082522172679295,0.07496909579358459,0.09474335919713969,0.04675792338243688,0.051229960197169105,0.03804425243362443,0.053197960229506354,0.06053663140620642,0.055583924455200405,0.005008761117047408,0.03319515261365266
868,0.008138006862177466,0.024920512300065995,0.04111884529510889,0.04328299504748305,0.029370603782220634,0.017497380976642083,0.022226402862221023,0.010519004663962736,0.04837511211189281,0.013053601680986952,0.03289507623608712,0.018690384225049497,0.008462520456750703,0.03916080504296085,0.011828697686472846,0.025248657132931722,0.4966378228683229,0.03692709790597303,0.03426570441259075,0.037380768450098995
869,0.12336964827546681,0.21569189570148195,0.011449496966518796,0.022043712052014244,0.009490141351943723,0.0036293910335086234,0.013088454030883455,0.04065870738909026,0.012640802348917702,0.026637908467448304,0.030813127957354566,0.013510662225428082,0.002943986709680632,0.010739244333032577,0.059608729679406156,0.03954707006056173,0.08436927893085179,0.25291963165382914,0.01610886649954887,0.010739244333032577
870,0.07364191709290907,0.07340461768229821,0.02141314875387595,0.007593581139548088,0.02263184967080999,0.11143425981206749,0.09039209090845163,0.02318461794542707,0.06500222552873013,0.028855608330282747,0.09327065318879268,0.06317469618937063,0.004007723379205935,0.01697388725310749,0.0869761243997884,0.054346307029644825,0.06977852588032869,0.0046919688341923145,0.028418402143460277,0.06080779483770833
871,0.015303857412438853,0.16355997609544026,0.005347773085938251,0.003839426830930027,0.06611266402173584,0.011598712986269449,0.031108247156101967,0.021385391345150176,0.1231754956158535,0.14198006397070273,0.09002930316479117,0.00575914024639504,0.0010256003178511716,0.04263217422036538,0.1474196582099747,0.051377235598901866,0.03173772677181191,0.027422568423021397,0.015025605459485421,0.004159379066840863
872,0.020199640054309454,0.29534247642210704,0.01408730325637944,0.006971583438871775,0.012745655327200447,0.0022607684942390275,0.012166307357782243,0.08203957678391863,0.008364336308475292,0.10010876289136147,0.2275705614467578,0.011637337472661278,0.0025250826591623524,0.008110871571854828,0.0025986287560311586,0.002501483755805695,0.013865843963479207,0.16182142123574916,0.007434965607533594,0.007647393196320267
873,0.00564653356593587,0.001897880384534698,0.01621101572155782,0.018612647680307126,0.011167588608184273,0.01064926591814729,0.20293546855104103,0.012563537184207309,0.1406435508621694,0.0040441866427851445,0.020939228640345513,0.008238385038824465,0.002130140629196841,0.2063011269024169,0.29515085503091304,0.0031112232880917664,0.007500619214452125,0.00605471671528063,0.011421397440188464,0.014780631981420364
874,0.013030792067211614,0.03402484595327477,0.027838510325406633,0.013314070155629257,0.1531118067897365,0.053137306588480954,0.046921761369425316,0.02187311525567664,0.07876255950845204,0.010744688195770982,0.024580719597868894,0.0276739479800005,0.007205261495987599,0.016552627761052593,0.37066810106584686,0.012975294384250423,0.01177783129151819,0.020414907571964864,0.021367006689170704,0.03402484595327477
875,0.008858551371995335,0.017215708451400875,0.012087625082898484,0.04057988420687349,0.05894539794168566,0.006108799773077728,0.01832639931923319,0.3398459979437013,0.018937279296540963,0.05763813701737198,0.04516470914106353,0.016770569826228016,0.005797126315267641,0.020289942103436744,0.006763314034478914,0.005670421869947966,0.0013615138512370025,0.28441711265081576,0.02470079908244473,0.010520710720300534
876,0.03324656452213826,0.054944393994966576,0.007962955651444432,0.013081998570230138,0.03771252095048519,0.006315447585628342,0.007631165832634248,0.33309838388118407,0.016825397853863437,0.050935297887185496,0.13032264848809913,0.010174887776845665,0.003412695279190471,0.012487362271583317,0.010087503912871032,0.003893145025978929,0.04486529174105443,0.19893146140539333,0.013081998570230138,0.010988878798993316
877,0.048389493119821284,0.10549966412986946,0.12815607668869947,0.006719537504343842,0.005310602221174973,0.2005216625405239,0.004978853028155695,0.006097358105793487,0.007657147388670889,0.0017702007403916573,0.005568254112739993,0.2360890515255229,0.009816421080201684,0.005879595316300862,0.0020708008661185426,0.2021250702098408,0.008909020812283883,0.002452343489913082,0.006212402598355627,0.0057764445212780385
878,0.0612514871153307,0.0757448742976886,0.053380829469738766,0.024220356595290787,0.05403585228915463,0.029127305699828406,0.06399316351375967,0.07041906282363236,0.02560693193586631,0.04083413635937584,0.03400518124280034,0.05821774618832535,0.04734054643605538,0.11386405451820333,0.01772013114303724,0.06606479241449519,0.05277306815822564,0.03813561531788383,0.045789735432115626,0.027475129049192023
879,0.025796181481858638,0.020627388511125434,0.12040615479935354,0.0979422400699216,0.00207784003439532,0.10006527330514396,0.06039550690194384,0.002532367541919296,0.02035263607076561,0.0007644883145416744,0.002746974960726016,0.1592497618770795,0.017356378682500367,0.06384667872491206,0.12805204665614384,0.07781313969598656,0.07667860925295812,0.001515872598348,0.0023488626475773183,0.019431597872799328
880,0.05338376684456887,0.04867627359630015,0.024344859523018944,0.05308470375061701,0.0482377486089461,0.05359914852387425,0.09984876635138493,0.004828995396458349,0.05124745271372527,0.0734963536973839,0.048914882780595734,0.06434220073074161,0.023792088857165942,0.056576331317329594,0.03404441754503136,0.021163597215782676,0.007819481702216894,0.016730239243875036,0.0865355975045336,0.1293330940964497
881,0.02817799788404636,0.013226407170062581,0.053601755373411504,0.04910581036769547,0.09502129361650223,0.05057876075218375,0.08401217887650862,0.013615419145652657,0.06063735723082275,0.057992708361043616,0.06702393951178809,0.0450820061932378,0.05767580831535485,0.0640456055149011,0.050098390904030767,0.05317373152829212,0.05995372002256206,0.04781854899945702,0.013549002466893376,0.03560955776555309
882,0.005901681429507443,0.1620230053333315,0.006130850879138527,0.009536879145326598,0.2616519187028256,0.005048936018114081,0.10927367630008411,0.007253401040107554,0.00903493813767783,0.002877047339930929,0.008879163342200626,0.006486632407052099,0.0030837812805247678,0.0066882009590602115,0.0034332764923175755,0.004112432432170621,0.0036267005200537766,0.00591944222813375,0.06513745723653167,0.31390057877591065
883,0.061660478982052166,0.036110913773592,0.0506412576491564,0.05569053260537726,0.06202533068923894,0.0387248096366677,0.044702941037289314,0.0470645070320545,0.015411735231286866,0.0575888626852159,0.04780933871239408,0.05400845121239853,0.017600126373492776,0.09451478962169742,0.05485834931873286,0.04450696442503211,0.07760529326881258,0.06962275829659188,0.030269442427863884,0.039583117021052765
884,0.002378146184524587,0.14501883853543676,0.17542118166024115,0.13290651153056615,0.06404031909724887,0.08970320741474135,0.006224026270775748,0.008059273180888877,0.008289538128914274,0.015161060392341115,0.05493654824518899,0.09770046901100307,0.0019603637467027002,0.009671127817066654,0.002587461711993564,0.07738657409920306,0.013080130534568806,0.003660470291546646,0.01569615664148257,0.07611859550556495
885,0.07208724121921108,0.09003222741168879,0.0031346319096336684,0.004864083997707417,0.2420978725490436,0.013163757092203767,0.06546864237879245,0.012659222848251704,0.014417448243842217,0.02317089896331785,0.020761125471132794,0.033972902582173996,0.0019591449435210424,0.07502750092923526,0.008371421560940643,0.07601584007440808,0.08733646532327498,0.04969418330856255,0.020928553902351613,0.08483683529070646
