site,A,C,D,E,F,G,H,I,K,L,M,N,P,Q,R,S,T,V,W,Y
790,0.02763749403307487,0.030413386890351835,0.01093222786878393,0.05115168786459994,0.04868094251565221,0.0026070808604719883,0.05574864824480762,0.038961261860860144,0.050443727626174634,0.0994906899951133,0.07060115721335856,0.05392744895291901,0.10533730640873955,0.051828326446132875,0.03470138678728377,0.0189075815227559,0.12170726537654607,0.052789295691186386,0.029798521889407067,0.04433456195178036
791,0.18324783679485002,0.057782468686496495,0.00906229227246789,0.005109133431469322,0.008476454940244307,0.04497301018608459,0.007349986737878324,0.011228313572753824,0.010775030656075404,0.018800547048715584,0.011704904463570793,0.010711247082860583,0.539771596852812,0.034391593150634364,0.0019388946096598892,0.014718152569302907,0.015088217075075546,0.0029765878831524424,0.0034012844451555575,0.008492447540740265
792,0.04845158015320035,0.03128739362320894,0.021701716310346276,0.03951770204865749,0.018404637621893007,0.06448040975806678,0.07288522281442764,0.0026176837697357977,0.07287173383181877,0.021082773998030328,0.05671166980557106,0.10653950584806197,0.0017101387711596417,0.08050771717390705,0.10527455733366578,0.11353519506186624,0.07814094741746488,0.012275452358463852,0.0030075600435355747,0.04899640225691856
793,0.050504401756140224,0.007237252288841614,0.00785558689089127,0.01993639995986323,0.007126290375586115,0.6596838757907052,0.07923668518528933,0.010155081919979816,0.00835627007910545,0.002237686055926602,0.008866093514009736,0.040652518321115085,0.0038621042683772357,0.025027037201120796,0.014674340770469498,0.020410562919942338,0.00448847159014411,0.006565206422511,0.010667325213700181,0.012456809476281118
794,0.005912465569442648,0.01163850440937102,0.014597825606135024,0.024533620061413453,0.011645630744427742,0.0049642492301857875,0.034368894090679905,0.0221672878834867,0.028322795422170702,0.007791202847999525,0.014675121753107263,0.013086351953713054,0.01015736565175131,0.017199310336037416,0.661261774079417,0.02226916099569302,0.055380430379167955,0.006697240599236941,0.010422568977803177,0.022908199408760363
795,0.015786977903175615,0.011553755283751903,0.01661520351188771,0.010502667157770571,0.011987236017494423,0.006579076313569157,0.015065064424975733,0.020128474967979103,0.0124244710331167,0.004643479382377,0.012519220343995108,0.01937703812337555,0.008464865024426777,0.01238729388903424,0.003231288002058582,0.013903954531904381,0.7523655006176684,0.031276643512244406,0.009259969127358025,0.011927820831836678
796,0.009953599070096643,0.010122010912685253,0.009661269741029673,0.012343698028044602,0.007339069320744845,0.010257012858565577,0.012479199586720306,0.02629738859262519,0.01635728699237483,0.003705366489592185,0.010540070712635664,0.030534606297081768,0.009436946413156068,0.025377081895683898,0.0036475020390644205,0.01382906281374024,0.7651515156539841,0.0040583957567290555,0.00733979937893124,0.011569117446514487
797,0.00492243260354387,0.007764727752592295,0.012855496497221196,0.007301440760252362,0.01144144039722223,0.024178350810050726,0.012466895673864017,0.01177091583626688,0.008235822285784587,0.008947085475096398,0.01172338041043254,0.014242923871879313,0.0090259692934075,0.011386608757270199,0.00629446143964875,0.01032337675634243,0.00596539020049621,0.003382862680312448,0.8055686228206771,0.012201795677638976
798,0.012770166603466276,0.009998160344960044,0.007715846311904004,0.010556070960850698,0.010562891229770404,0.0036269829108653484,0.018125647696007035,0.013327145498598517,0.011674141867401514,0.015492516994954403,0.021361107254013172,0.011837859114797018,0.021467209880162232,0.012148916649302875,0.0032195584952438884,0.7468570774107571,0.040392065987984616,0.006337133450056242,0.011814052829587519,0.010715448509316971
799,0.005860423267664408,0.047597947893171136,0.0052882635994785385,0.0038197145511346827,0.0221618149424673,0.003095488313173188,0.004457165520932486,0.2827765891680078,0.003773288529119644,0.5319925836291478,0.032652046797849325,0.004486012727575341,0.006042536120054221,0.0038107716592210347,0.0010897007984573812,0.004283122938194332,0.01052116361361109,0.0056174981549743964,0.0031933888969904035,0.017480478878775588
800,0.005601989628106141,0.01083822815843608,0.014326253094994313,0.009228879446242056,0.009850745851059592,0.003794820056520121,0.6749321780567331,0.007569790876576091,0.012179812190379521,0.005528324008289037,0.05248821309172006,0.07572700590306965,0.00716386152459703,0.019829626642656133,0.006696286660188218,0.003878266053723367,0.005423994986565975,0.004472814716585919,0.007367577792829587,0.0631013312607281
801,0.06830369768262562,0.06075420178138718,0.006819589199089764,0.013488063028528797,0.012088105322000177,0.2008155502496943,0.005888743537946576,0.008427977989188318,0.003441004340311849,0.0018379861220299545,0.0053863655302126105,0.1811915236254313,0.0021942259226650747,0.005111421728691476,0.004037272070492273,0.20384911604032385,0.023972158721110578,0.18134466360865856,0.004178776620921135,0.006869556878690608
802,0.051156160249789945,0.07491468741353102,0.02432760775168161,0.002830465872141811,0.005082977349679328,0.08977165721019355,0.03347501579581655,0.021195441490376086,0.13396321939052636,0.0012451753982423844,0.016476005690942208,0.01745305858008808,0.0012834741946192978,0.09136524352200283,0.0436744150179364,0.16627190075738393,0.12338362717064343,0.013367386205916952,0.014686195447443155,0.07407628549104511
803,0.13819586608284742,0.0869024012139951,0.009164041961838518,0.01676953834186438,0.03202899578226632,0.19154990948787284,0.016052216167470646,0.004256090591873711,0.008902827139504367,0.028678519743822795,0.0433355027259179,0.07484450081837561,0.002756601289522713,0.08643768954892195,0.010923516587515591,0.21891372825816274,0.014679840493261565,0.0037432936077934293,0.006626037691300724,0.005238882465871686
804,0.012252439320940132,0.008559933332850773,0.34632520156898056,0.45024393929761874,0.008136198068694835,0.004903246227234352,0.008339756916908699,0.011189427229721311,0.02384228481345243,0.002940589547172566,0.012206734418064077,0.008166860132369216,0.0036603453824345317,0.05855134926077794,0.003620976718314222,0.0056894673314186175,0.004680002863902923,0.00823786963979581,0.010116132443925608,0.008337245485422695
805,0.004526503055349548,0.020182783113621015,0.010619877641754122,0.01079482833468325,0.00865188911312469,0.004544412053560704,0.01166046896021245,0.009428771367764517,0.007633573162776836,0.010837579298141997,0.009156586587809766,0.009652109111482952,0.008493015203684376,0.00967497025810594,0.012784215169174678,0.006333653589236009,0.0054097959202291405,0.005547834797393358,0.8243887046489644,0.009678428612930189
806,0.024835929986589185,0.06663184790869385,0.006202829386856608,0.005554492918622841,0.01637313815730347,0.0540438908477723,0.03444650744146637,0.012704768490870154,0.03895346432956721,0.06301709081613671,0.29321182103702903,0.019042415432472065,0.001634262097786814,0.26471850454520957,0.013198594458811823,0.04190163312663854,0.015307007557503948,0.0032371114203384706,0.005652059975833491,0.019332630064497484
807,0.003922312564340869,0.22723857293651828,0.010647234726513912,0.0035324159131115175,0.0028661358831277126,0.1157113450527179,0.0048779501778372985,0.030999629831704748,0.007646501501411988,0.0011281365745348247,0.0027266841662886353,0.019279789835281946,0.0024338872185987316,0.004842538333692738,0.0016141545347905155,0.265106452733003,0.23813005925295092,0.04829684049194447,0.0036024120036562165,0.005396946267973776
808,0.025108170400934503,0.07930931847024816,0.046394996164192785,0.02597838774739556,0.0014520240134988105,0.05232114413484542,0.0739765605389317,0.046156842696920636,0.07651036624428707,0.028838757751898935,0.11374821490361169,0.11530814827488471,0.006032766041561827,0.06504391286780792,0.03150922453969848,0.08384461530802692,0.0719501049615638,0.05111190306708277,0.0016372662944123244,0.003767275578195956
809,0.07710418408738604,0.06333112736724089,0.11952694581527729,0.12834205778021338,0.003874863744598098,0.01765298093884225,0.07625314210888164,0.013863584876164617,0.037861385908669665,0.014596973328014408,0.05408214266044568,0.09669798281164474,0.002214318318915341,0.09831853750235885,0.016334627648925182,0.09212841444717386,0.0659255128914201,0.014078769914456703,0.0018521665590242652,0.005960281290347063
810,0.06247297696487429,0.06278550756034448,0.31463103701056727,0.13160843489763432,0.003874561745207132,0.0047842841920211964,0.03743867664261776,0.003353379558146046,0.007063451936503764,0.0021168427697629867,0.005639667716649147,0.16882737818566187,0.03576530547621562,0.01205328978012967,0.0026006218235333878,0.10620158043460619,0.018716454088229532,0.004542179107300056,0.005887343020365454,0.0096370270896298
811,0.00890231414990612,0.027005356415787406,0.011436358460171393,0.006948600781792241,0.011638383317997483,0.005381832523215407,0.010859921566530373,0.09721832467917897,0.022561981089342566,0.15481352253844613,0.5001317476236836,0.014487486321699114,0.00546624509159582,0.023732975842700857,0.006591392541567064,0.04425252369435609,0.02502152740729545,0.005629419626521087,0.00475343459245462,0.013166651735758199
812,0.0033658883244088345,0.00660079190294131,0.005186556694677044,0.006668892810952308,0.013527449140533247,0.00267180877493529,0.00906507576973785,0.19437065517872987,0.005749414876792115,0.5428671015644767,0.1688529125319035,0.004144344758276873,0.008202361862324935,0.005765917992872479,0.003458368502295115,0.0021012969319793846,0.0024569751551000115,0.0034329550768289543,0.006056134462242547,0.0054550976879917
813,0.05831757217639191,0.053087991537180315,0.08281683504110808,0.09921376964724038,0.037637067886859915,0.063496596995247,0.04717264967781731,0.0237553911229321,0.021017211050933213,0.05814175682050472,0.04907108809973513,0.04718050159591163,0.003588873241039628,0.05249098684332589,0.03906446857235319,0.07085135698775992,0.0510887574973345,0.018436895392830333,0.07472922196754637,0.04884100784594844
814,0.0077201190024462196,0.1608287379915074,0.004661196739370467,0.007749605097316609,0.00473477981828982,0.007390545564368743,0.004614009745086725,0.11374033202748872,0.0049086367556979045,0.03955265539056561,0.05250060457323673,0.003416587304963177,0.0016243053687173927,0.00815549523427955,0.0012688285464200102,0.001878627939762378,0.2683323952023543,0.2962385585066294,0.006463268167297858,0.004220711024201016
815,0.005926767797037663,0.025408608715458365,0.010952589904286603,0.011719219285486138,0.021403293607627938,0.007638905832634588,0.01202426709197037,0.011156039061641886,0.013926443785704542,0.026569496654497784,0.010492210037366062,0.0077063974760487215,0.005112154252040853,0.012472196096831312,0.009375805548553735,0.006554464917706933,0.005642199399311212,0.004003066571251434,0.7811228159452026,0.0107930580193412
816,0.006228774664105554,0.011908615011215963,0.016411987161366406,0.008124914544214962,0.009435511521197128,0.00961365580828305,0.019913153114983113,0.04845338912792649,0.023159250104076098,0.003858088609993341,0.01066391300511277,0.6955275467763772,0.005735806476820861,0.011077465749230068,0.007010581916534306,0.009869914267455317,0.04132974069173897,0.02564013227871979,0.008122786123488988,0.02791477304715978
817,0.005735536670475051,0.006289393942453064,0.007371816564120786,0.00979328880221975,0.005771902522561753,0.009008245367945564,0.05134540696626907,0.01405196397913797,0.3065880419869275,0.0037290610785539707,0.035555850463392415,0.031511243770633655,0.0033700228400787543,0.14972655399644935,0.30008485299881593,0.007652795259085752,0.03914308328399512,0.002814577380556106,0.0058663583531608264,0.004590003773167568
818,0.010799609560374521,0.18280719012439095,0.0028591608842626,0.033263596044292396,0.01024109445227376,0.0037504546397302157,0.01313660141148054,0.11104753808268242,0.003135618906925167,0.06654213416975166,0.16078543647120475,0.00329926779129445,0.0018673199871256999,0.003414204919052177,0.001137581978263826,0.0036571826890186157,0.14897632734519253,0.23279051351641405,0.0033035634138641997,0.0031856036124054774
819,0.005455181432754955,0.025238725609945167,0.006247152112460764,0.00855067125927801,0.009087383760632893,0.010032838576620535,0.008513225472782101,0.011232063229802051,0.0102648078062288,0.01216463904241827,0.009214124696264939,0.011762259192170532,0.0035712557012256107,0.009565381054075974,0.009643638581305361,0.010164336701464235,0.0048250378242986145,0.0040342058239532476,0.8214418342195143,0.00899123790280359
820,0.01977756011564253,0.009521163045723167,0.010130557115012484,0.014402402572404367,0.030922711048769952,0.005805107168066979,0.00868862443580341,0.6997242835289204,0.010742971346776469,0.010362503009176596,0.012489582410236861,0.02138222876695496,0.006623058795963672,0.010914708316385958,0.004963517795932549,0.025477572999395928,0.019606279750224446,0.05431975189101694,0.013475131398203853,0.010670284489388508
821,0.0540076783589049,0.07112344464293699,0.07547908931279905,0.07662112332086281,0.03204828592070503,0.006832117309848512,0.03283827205294418,0.09041514290674235,0.015990274852429577,0.07777429709438405,0.03462620946498326,0.023661803260325322,0.0006694658747970569,0.08122912948320023,0.01672481599457299,0.054986740016290094,0.07940255964019886,0.043645214996174096,0.06756320866279554,0.06436112683410514
822,0.03533371890926655,0.04391348985014289,0.09793733478845237,0.12274294485851912,0.04463556260405089,0.0169634646180965,0.06700551920687563,0.005484532554740778,0.017835172972481633,0.07289409307677489,0.04958881172582936,0.08887880412341916,0.0027797810634808164,0.08447190188356285,0.016851362321567896,0.10009966083839432,0.08238618045845897,0.001953524475233235,0.023054303641620054,0.02518983602903208
823,0.007900380566528309,0.012473038626538927,0.00942977985166345,0.011680427506877613,0.012787792936433093,0.01337034164965591,0.014815482737425804,0.03010837707595167,0.03262618563768149,0.004674538794285126,0.01246304840090558,0.738520291123299,0.00488674526286284,0.015429687836170589,0.004500227971222225,0.008692135427107027,0.01883852285560487,0.007333047055128843,0.010217171669120924,0.029252777015536698
824,0.053554995032576304,0.022899845358193,0.06380428627837813,0.10419844415431333,0.022780286685393714,0.014365074791372313,0.05905966378285671,0.04130512613912543,0.04831884462111188,0.041038210493683974,0.07533404209616826,0.05874407521309572,0.09320995114516249,0.04523424856895112,0.03712477323829065,0.05137510321532767,0.07170863748263859,0.0440606084175957,0.03437059667076995,0.017513186614995107
825,0.024140738418202738,0.07321883515203088,0.022141680795157874,0.022581958101498358,0.09922489236751232,0.0122612546113354,0.09744533867557646,0.00422671513420706,0.09809395690011002,0.024758899216943655,0.07541864683365605,0.01838233669272894,0.003124355382695294,0.07557472660538943,0.036780235199708786,0.02117546158511801,0.012371599755598177,0.0014892516687698275,0.2148878129551953,0.06270130394856545
826,0.005229776196258493,0.14646639034378225,0.007146864430896329,0.009028450573476838,0.009420589965773508,0.0038852792368187197,0.01425733521551004,0.05556684001615238,0.012481394580523561,0.21576526839555382,0.4367800762916166,0.00971988112788919,0.004414246471995303,0.008347764270881762,0.006751786651461745,0.007239796205925957,0.0115686972005389,0.01953164809979523,0.007979658568314039,0.008418256156835268
827,0.038864739965310466,0.03340740731851488,0.06980916167129934,0.04979425144454708,0.07034471210818029,0.010539617268519487,0.053231491821200745,0.07744011967821653,0.03483848913694097,0.05732641003329283,0.07599549831238853,0.04860295930943587,0.06438051016129864,0.033544686226700246,0.04167532442631035,0.04436111653730776,0.05139703804770437,0.04371116116224083,0.03598379193832551,0.06475151343226529
828,0.0053214928639975685,0.18032793077141515,0.2719910228482677,0.03601619477258069,0.009716262992331928,0.004471264744784004,0.034496269419345596,0.06739215971094063,0.009001845223468896,0.024884751685423968,0.007700542311928949,0.07170677208318559,0.002403819205840108,0.028813715843378527,0.0022473693779951633,0.06297959615495843,0.02547841776001257,0.11824534484261372,0.008975641404298676,0.027829585983232152
829,0.008503992420206533,0.015067380193329306,0.01755676263285082,0.012968125817064873,0.009286118826072847,0.01172284439848322,0.020087877924775344,0.016578193738989982,0.6805753710090521,0.009717143547091658,0.03907048727068252,0.022987375076760862,0.006072256496319999,0.062429518018424286,0.0080802432139527,0.00738257002223446,0.020774129648062953,0.006522635300649878,0.011436895680253053,0.013180078764742621
830,0.021255829980380704,0.03043486810918102,0.013154446053849347,0.024608072642250067,0.01648936689972389,0.010602760385693556,0.04616164215315137,0.025299454886882553,0.04378825321997978,0.01233329792593276,0.033247197145974204,0.05116484864510451,0.00992062065207818,0.05448099829578246,0.0683636167052431,0.13743844178746742,0.3340944278416234,0.016054665191375772,0.01808354408010159,0.03302364739822437
831,0.042974430293040065,0.031100225355494,0.0049701508817187445,0.014315857831360154,0.07785411527068807,0.002654429957386198,0.0867684013912671,0.0842871016469249,0.05853259838232088,0.08513870666993956,0.032916696548261744,0.021033602615526153,0.13718903616394,0.030085216359440933,0.055946413425618007,0.01663987560098228,0.022413613144068294,0.014848545509789968,0.12396606790348205,0.05636491504875097
832,0.007245468598079441,0.10558654608564776,0.006409774138565815,0.005206085528629759,0.0062651145341515654,0.0034576966175228797,0.014340897182480529,0.2616173940036704,0.006021643019348909,0.24559376051346554,0.03565842299323187,0.00784412746618299,0.0022039656384739274,0.008562436812962888,0.0018507251618426106,0.004155340820820254,0.006160808510644438,0.2619694437907253,0.004511141978489253,0.005339206605063905
833,0.029351567322439952,0.06530827115383657,0.08094719439464855,0.058557568737620136,0.04677520625541878,0.03862272117321868,0.040542530564125656,0.00812022012974359,0.05283048844269534,0.061881256866506536,0.03426462311389122,0.03776941356295891,0.030235913904973676,0.06324378329138484,0.047309316175407165,0.08654214305900944,0.06445031887488495,0.04343088328561125,0.0587204457411921,0.05109613395043266
834,0.10610968601965365,0.06313968642340606,0.011427191115188104,0.008258522005000973,0.008537172220083909,0.017223951888875003,0.06821118719776029,0.007699880172188449,0.12477823387790427,0.04912030254126669,0.03620073058134871,0.06480134626499809,0.000650953070204722,0.15238121848888617,0.03898719546799891,0.07121361442177898,0.07859624410006871,0.08206235991001055,0.003692314904748655,0.006908209328629093
835,0.006205783832160848,0.04100015135294134,0.01658758162853795,0.019823907142931377,0.012393854092985226,0.021772301434905,0.01037726502572033,0.011897213269989763,0.011823614456132498,0.0127907427376052,0.01138786484640426,0.010392965433000285,0.005445626171173806,0.013169059940320409,0.018618072304604563,0.018883171976238095,0.007733742178096844,0.008651246770498439,0.7316251565939162,0.009420678811837528
836,0.019200729550219956,0.0049822136125429115,0.004170646488061915,0.003138765518563292,0.007917372429137964,0.0020057125528778422,0.036771994172714685,0.01054490692231385,0.11309169537146638,0.02803703582224092,0.12144355330090376,0.009516851509580027,0.010064561732418528,0.16173854047546507,0.06350435532568773,0.10434815986734372,0.15603864250038302,0.07173663730116067,0.0637101422846109,0.008037483262306858
837,0.04549343752487494,0.011638218108222374,0.4277358472374387,0.06226220135609058,0.01033978996313647,0.007243323207731486,0.04498186900938968,0.015599464088549252,0.01966575173708021,0.004524301379046296,0.029432458554926565,0.03989089019498199,0.005356017414237782,0.19653821273908476,0.006329236473342781,0.01188149467490115,0.007550678670824869,0.020159743891973607,0.007648024118404801,0.025729039655761766
838,0.007217643934478888,0.016166933381822512,0.013964687258425167,0.011907556218783132,0.07209266441820116,0.005086461245783381,0.01027602825699249,0.44282387459606815,0.016208027513520653,0.1281898170841083,0.029873109745453916,0.017807243176836088,0.008682974764029518,0.009643016370998628,0.004325484018611429,0.01460946832029669,0.006794282873423107,0.16342665161397432,0.010345058258404588,0.010559016949787869
839,0.010344571451635887,0.009842552997737336,0.012180825009115832,0.014251360142984709,0.018536727397858905,0.12697009112139498,0.02441918388664983,0.013808187829275216,0.011956693302162926,0.018161601745368718,0.010635805572885786,0.00929445499957714,0.6361955449209394,0.012042679513053623,0.004610251406118906,0.015308912948734155,0.027424429317314945,0.005817153378231919,0.008900115159197133,0.009298857899762583
840,0.004680394025616811,0.008323539197530587,0.031347246526765814,0.010860149859494801,0.4182274512302196,0.004410622520874255,0.01818299302366393,0.008660963907886619,0.008908140351775739,0.003143071304439015,0.00694056723254585,0.015358227458053255,0.005881377403624242,0.01232194052130053,0.003172103327589771,0.005212168690585675,0.0031059354350938565,0.004515547393679354,0.005283454169362534,0.4214641064198978
841,0.026529087861656076,0.018499988663924983,0.009152539874240393,0.006804936300412777,0.006755574142451468,0.017182950743178837,0.013403527156304199,0.12578096652708962,0.011713934054931072,0.33428782751327535,0.17909798031819057,0.04156488697587619,0.0049495711493537965,0.041193778045344104,0.004746033731665875,0.030040862950555386,0.0260016412396708,0.08572185689516508,0.008400705100881853,0.00817135075583165
842,0.07695710600569261,0.051129031506019836,0.005994823823497268,0.016752536036470637,0.009821491397916727,0.4479640738896786,0.006697006096746368,0.011911008548402657,0.009233246485202863,0.0027990429816725196,0.010276736227532885,0.20581098083863125,0.009785901315697657,0.08537720643711764,0.008058575484033381,0.00814802356491541,0.004681008550586789,0.008557221552381561,0.0099551787478082,0.010089800509995039
843,0.01067103301426155,0.018929033432768777,0.024558207538072228,0.020016546516375182,0.010470826557597294,0.009573597014994552,0.011622099175912035,0.03258044584019059,0.6885876471084906,0.0047308975775652625,0.04311056866585743,0.023841198793619567,0.006165986835238888,0.03337410586949944,0.008440338038784254,0.0057331326083544425,0.010268573286514253,0.00993386956176352,0.014394425111362302,0.0129974674527778
844,0.021107610850579647,0.012097618742861027,0.012908700712299577,0.014658470416743513,0.01076939586912684,0.008857697779959366,0.011275583107890922,0.008625647992828497,0.04952611641129401,0.00401117793517894,0.02629340387932304,0.009794773415250028,0.005689905685237749,0.015511156417559811,0.7338998622604433,0.006956822973226681,0.00931241924834658,0.009507103844309287,0.020249767060568608,0.008946765396972544
845,0.019943024298625083,0.018633773782515333,0.036552259194744,0.655862002061209,0.013888689081090536,0.008842441790934708,0.01349854488100437,0.013649792401267184,0.06652517156687852,0.011495314116644442,0.015474582733362528,0.014721954910130858,0.006184301345305994,0.020466372497044322,0.018072560514348503,0.005040905733356156,0.00855351853460106,0.02847478910025055,0.013088026643852993,0.011031974812833854
846,0.019820770520619608,0.011660326611027753,0.6961421526656566,0.040843972219221925,0.012734452646925583,0.007147954021959133,0.018166473144456994,0.014253403945312155,0.011876879908362795,0.008571545628029531,0.01179055737517506,0.023901815339106597,0.00404114976795541,0.012742917998757588,0.005083536420152143,0.004179701370950109,0.019696704272404175,0.02961398735411042,0.015805789869425515,0.03192590892039076
847,0.048697701236639114,0.04677668636170402,0.04965722702068556,0.04814962756784403,0.056233623764257376,0.052932400765307315,0.04749837098225226,0.04789504426869925,0.05149432661542112,0.04691792217542606,0.05349454405897097,0.05039513898006534,0.0550230016147887,0.04967401184444525,0.049573988099096085,0.053872260864622226,0.04279239297692677,0.050611791485756424,0.04911856230041497,0.04919137701667717
848,0.011771189051374194,0.030551960588338856,0.01942496602014471,0.01772640363865022,0.02284064684058187,0.01277730073966055,0.01821259704790805,0.018389398172841773,0.01750478252230309,0.027539689238568678,0.036865952536048546,0.01879215782632717,0.01746563433303311,0.021097899042969572,0.014998451046087994,0.011094970881505703,0.007520112955978228,0.007988294427359646,0.6327283930600867,0.03470920003023136
849,0.019327019871896344,0.5967895312136492,0.05038366782505155,0.08362866473941415,0.009965823665061565,0.014287499951942801,0.010220351401385998,0.013325640125103717,0.02036867429513186,0.0045113266671755895,0.01439661693046925,0.010428709196443842,0.0038083916953666206,0.010488264834951811,0.014624885802038176,0.014859324843493787,0.007092612489016702,0.01748846570621401,0.04462389601639069,0.03938063272980234
850,0.016425986308147837,0.011165330926215493,0.03905917920497309,0.024421582718347934,0.01788771427170189,0.6889127796331231,0.0097705958564403,0.01506684113515114,0.01820078463729988,0.006745896563813346,0.018184926206299877,0.014929582402693174,0.006640829240669302,0.014014757251760159,0.01930574096653505,0.006024691068066172,0.006412704614848644,0.021846394331580865,0.034574815278718855,0.010408867383613879
851,0.11097905187902672,0.018616181051793596,0.016853508909581105,0.012809534165343396,0.02375653620127135,0.013246795075610714,0.01070862170548682,0.05697391667435095,0.016419680109638853,0.006969727422075349,0.010561235186537555,0.011942187458185986,0.010482047259505774,0.01586619699783836,0.005770890553796632,0.5674296663007028,0.0254349369281801,0.010644136065243535,0.015521751246262408,0.03901339880956797
852,0.011563894996745625,0.021488937097587774,0.024693149949569528,0.014129427073045093,0.04355878784618643,0.006378221239021454,0.01835389230364145,0.04666436403039389,0.01876233138513036,0.5255704570806925,0.12980849069438824,0.017781366865027605,0.016730841116237283,0.015490266943630525,0.010558522012609189,0.006575426374376158,0.019433693087537705,0.014088700827862061,0.019167771799823655,0.019201457276493607
853,0.022033731084359676,0.07342409338511245,0.012369141221393617,0.01401326599598724,0.014119736872996785,0.006309434633059169,0.017080803337478356,0.5693817828605521,0.02557405659921988,0.09411556241895143,0.017790376213549054,0.016627214491729197,0.0076729085732187355,0.01888521375407616,0.02144199996166036,0.007299033922789163,0.014892569130667076,0.01486548837049059,0.012606272496140068,0.019497314676568876
854,0.005257072558708321,0.006339694802521828,0.006600799291091849,0.021208350478936336,0.01667033919132038,0.41554783632936926,0.008565420776388513,0.010493670967457645,0.005772719507674122,0.002565469633916334,0.06598260506332489,0.02062296278169255,0.003182553456106512,0.007421342207947981,0.011323854794383121,0.07715583073820381,0.26962309766527487,0.013168050901266685,0.011977911320624403,0.020520417533790636
855,0.0019564131503926837,0.037365966673900484,0.009393677175822965,0.005240078875523691,0.35045354857169086,0.002517943573607537,0.10637022652161682,0.004284287819025821,0.006610700400197678,0.004176418242958654,0.010945078947115107,0.0033024660336776505,0.001719905183788883,0.007870856833444646,0.0022203581129458263,0.0044345987118005565,0.0020711482615055296,0.00412261966396748,0.17959695306719506,0.25534675417982206
856,0.011873489803029378,0.012418715865250833,0.0172332676619737,0.02000441582288074,0.024213344916513696,0.006900018217526835,0.013796998384755874,0.04291817082576928,0.059600226703825226,0.006703859483940555,0.01593359609839753,0.015196900176156845,0.006953849502987721,0.016180163795766075,0.6199848652672593,0.021944584529274704,0.014310181562852518,0.014362989402594619,0.04116105857102268,0.018309303408221934
857,0.01245153435587151,0.011100437673462226,0.012151773171867742,0.016313168846396473,0.016919154494006786,0.00440336526310053,0.018457299888230753,0.012536517409608164,0.021204351876724075,0.02467206261417386,0.025668805252270773,0.011932322043285318,0.7221420756118678,0.011480234714271955,0.005961638009694092,0.029777872366665997,0.007723760582239002,0.010084326388131132,0.012091371993947228,0.012927927444184579
858,0.0029308819633076136,0.016496570724901155,0.00718406232875515,0.013132196396091575,0.0121635366326344,0.007674670875851711,0.01777213110205205,0.009413395838234993,0.01778393020874711,0.005826467032766397,0.011353304323970177,0.011857279689998888,0.00580647763668831,0.00961982287723659,0.809891962103737,0.009813279701150241,0.008977478013690986,0.007833191417808515,0.006621148499671759,0.007848212632705395
859,0.09944200750827327,0.09960393289946837,0.0018612298040566178,0.003233778764667102,0.013921842735366494,0.020397914935993113,0.07518747500696737,0.00632687640473382,0.006810182784544028,0.026406663772765165,0.03499929906722111,0.010737337693787059,0.005095157176280901,0.30823352956238903,0.0029926899248875418,0.13974498484364317,0.13147022186798557,0.007625510229055512,0.0035024721369379037,0.002406892880976887
860,0.012291917501092443,0.017749197379936254,0.011343199028982733,0.017995613316112172,0.019250945606515038,0.00975104947685241,0.013084328792562607,0.031560101129292334,0.015002529362642403,0.006704204369082595,0.023612292664384655,0.035542537207166436,0.005568174390363945,0.017587765251610925,0.00749284218640073,0.047390193128478475,0.6686181990304753,0.009163381327904901,0.014913585121423672,0.015377943728719975
861,0.011082614549641694,0.046985831875375625,0.011744213748987316,0.008522246300231332,0.015310630079835394,0.004976199880393898,0.013678869875442033,0.013843717522326694,0.009702349852295455,0.01422883310881524,0.011458974395407764,0.012868440579882559,0.006193461753349219,0.0099423748738799,0.010722416345980238,0.011853984168586067,0.008251646771087038,0.00570325505586961,0.755914695037759,0.017015244224853978
862,0.4649003565233064,0.02850772288458735,0.035311195480674566,0.013868770119914041,0.02020483685437156,0.020169471466574492,0.013575680671878285,0.01738954449406083,0.014820238589476483,0.006861488861987903,0.016628853815056414,0.014863530174055862,0.013652816599323069,0.012335068595001922,0.004938620387718256,0.2207599847650141,0.010580381939157512,0.030529274709375886,0.01938764713942944,0.020714515929035615
863,0.12062724454594698,0.026041640685640192,0.021525553726029947,0.10718341307851578,0.07971433034205207,0.016801990021717443,0.03211553470707795,0.012989727199793773,0.02464006231792023,0.013796638080027577,0.02899082006037999,0.02624729230147176,0.0010059538435954157,0.0994531264912144,0.05317017687691503,0.11887324674751362,0.08972412557859204,0.06119750598619662,0.042836639178994364,0.023064978230404837
864,0.00814627377857051,0.028546280344943442,0.010641368235745845,0.018887559676866363,0.028245784576495413,0.006708005790695588,0.1929263667936987,0.01610210751502649,0.13596607349251683,0.004547715571775713,0.01564495968671299,0.37467017777138206,0.005358091240642671,0.02261198787517758,0.06490854140042936,0.006273889236029934,0.010100879280309612,0.009432726501911372,0.01462779987461357,0.02565341135645591
865,0.032602744435380984,0.014373608812151483,0.010322878496663577,0.01471798181023583,0.014257071504008085,0.005027691678466622,0.006921143385994162,0.41033727047655083,0.019560478204326687,0.23572707672521764,0.10097569319398843,0.020405509637821912,0.0061043165662233835,0.013715710326231954,0.0037644580717832127,0.014581913635351025,0.006423394226710889,0.04930703345286786,0.009380594283081928,0.011493431076943582
866,0.0345760878422622,0.042804710215453436,0.006884930678384167,0.003054215572647516,0.023807072821531362,0.031004769744644188,0.07750422896402194,0.0940646484160384,0.12633089429927227,0.04614070607183652,0.010389048153429123,0.010728139449274301,0.10335096622121383,0.04261322691054896,0.053501105404613065,0.04308549954114214,0.07860109668063713,0.08956547195399187,0.023599567742818614,0.058393613316238976
867,0.06328171625931797,0.06466630271218672,0.04650887547365356,0.028791737130543497,0.02867889046386846,0.02893170837405536,0.06040237118974955,0.05679637971708969,0.013400432163567769,0.05489812429709555,0.06860535005041445,0.09540512261067428,0.044353359106472035,0.05049839988699743,0.0425675979926896,0.06960841549320848,0.07781588229044127,0.04635444633974887,0.022483248177169117,0.035951640271056316
868,0.009840819496533147,0.012173209385578986,0.01878733038887648,0.019477133193471247,0.015823943516746698,0.010288682052071925,0.013376949465258395,0.024366377778700234,0.025591121346189176,0.008830458864099538,0.03508147439314487,0.01089649152367942,0.010074377829744012,0.019020364071268447,0.008682303694663844,0.07232743633250194,0.5877259191271371,0.06353552581558465,0.01576537656845975,0.01833470515629006
869,0.009239188096390988,0.22941834101055214,0.015000433607401149,0.01610754405661484,0.008229597264078122,0.017401373364064218,0.010859917116448233,0.05894993441554533,0.010468209761479825,0.007888459375834905,0.0539303202856232,0.018668541102052308,0.003010329421103613,0.009448383354741428,0.00451977926305318,0.0036645019730959703,0.06451748934672315,0.43739765876283926,0.012362525537598878,0.008917472884759211
870,0.08304448263496447,0.07007329370040523,0.003892793300312067,0.022277986835659586,0.06696615256072506,0.09147028249909786,0.0715978811109707,0.023032203939696988,0.03937234332666792,0.026097046734863807,0.04192309411541399,0.07680774374116509,0.0005119138980499883,0.04589299892842008,0.11736897133857331,0.036741614920945666,0.05912078873268083,0.01596681982412415,0.056051466001442285,0.051790121855820916
871,0.058335919730388375,0.05660090566193919,0.0045659622306363275,0.002883991130215932,0.06996241616950312,0.018514011406579208,0.04330637967738371,0.06526075905251848,0.15823473763468907,0.1527405216631926,0.1155043993490558,0.008109467742676301,0.0015319267551461692,0.025492341630092803,0.16263099230008957,0.03435498120310412,0.009360247754017254,0.0033744935999208804,0.00641590542988081,0.0028196398789703254
872,0.01403413821119446,0.1660007836367816,0.011793602360153954,0.02562295392727166,0.013475822471866709,0.0036463184120305195,0.01145431405783189,0.09633838856805992,0.0084719928532582,0.11438142201093206,0.13017179729528822,0.011567846646342974,0.00567090437518228,0.008399434852678285,0.002812691126373719,0.005516903037179784,0.03407493096323938,0.3200900780000917,0.008567741606682635,0.007907935587560016
873,0.004139215174997615,0.010052669607887374,0.011374990729715697,0.012176962902664817,0.00860089168133971,0.012201785381182847,0.06043994174397747,0.010224536256352078,0.09345491770517246,0.008078846283649707,0.013641718753517298,0.006882993772243104,0.008311269306659326,0.23374696206283446,0.4557334485991052,0.011832677942073561,0.005779214934192162,0.004910274128563983,0.008482220712336506,0.01993446232153462
874,0.024925567355310575,0.01935952763543734,0.014893804370313322,0.016835995891167604,0.040058842008624404,0.007217812864915095,0.04256383068286318,0.014565418162358571,0.056836117662138814,0.014359285364922163,0.06427845633557934,0.015418321281727636,0.004708407377950667,0.01105150400775004,0.47240672720654847,0.057607852471950154,0.025020262314524113,0.04872607358165875,0.03078754822904772,0.018378645195212113
875,0.014389540437565634,0.020495935607571535,0.007668088747944958,0.01999363400660877,0.04773440708846852,0.008705491939494558,0.030950799182760863,0.4178151750563529,0.011986970405357183,0.11118166325936431,0.019172098932179523,0.009985521115673392,0.003559746841083723,0.011579368218790546,0.004819350336427053,0.00893281109601308,0.005487377999908481,0.21251340777087238,0.013431044694071326,0.019597567263491208
876,0.017407494501305684,0.11597929877829642,0.006599326342499802,0.010771012886708942,0.02610764523207107,0.005414916279810077,0.006389355610669144,0.5097929869554603,0.024590966711257507,0.06491667107274621,0.018865195983797288,0.007874136790397418,0.0030199533596780683,0.00891140834654322,0.004742963919261139,0.006191896455813839,0.014270920894807637,0.13078116270877502,0.009750581353097048,0.007622105817004343
877,0.019533549951051735,0.10697597825032401,0.11469949619508875,0.006110572183781149,0.004698889168030384,0.32501264547794,0.00493628542743561,0.005636703719094538,0.00696760110201768,0.0034157513438760703,0.00508542408420188,0.16167130311754396,0.0022966197749433536,0.011274856395466819,0.0020096250851386944,0.19631473854244574,0.009109041241392495,0.0035371415713919747,0.005699176564656524,0.005014600804178545
878,0.06028092296724231,0.08791985334323024,0.053739676976359285,0.04475480803947294,0.032205398158407686,0.02188087816592987,0.06272634836686904,0.09783062070454965,0.02788620347295187,0.04644257796995776,0.041064396937294655,0.040032918653757465,0.08835828598179972,0.042657024218935344,0.022843055285337324,0.07503563444558099,0.06593282870145749,0.03725095067222734,0.03053368237292823,0.020623934565710822
879,0.06839144330258744,0.06311676636073117,0.08007558566093259,0.10902153135662628,0.002856085407987043,0.030613307862763436,0.10017010176294207,0.0015614810786199922,0.03651366258371096,0.00207889606802426,0.014071758754295978,0.14855942956870125,0.014634741285419656,0.06988250092095187,0.059334264872040555,0.09241358413405269,0.07059479798024033,0.0027562659660501196,0.003137500442444709,0.030216294630877622
880,0.043459697013650975,0.07446200378256171,0.034517345498026375,0.06876841109100003,0.07594400582521138,0.013095357489724438,0.08241344400454,0.001601093112796616,0.03768645216053218,0.09375572842615172,0.0668141211518885,0.08093045014208315,0.012551914389743424,0.049774313426061124,0.03318091906042225,0.03809746747481423,0.0036016260429804162,0.007957753852901069,0.0716397836237835,0.1097481124311269
881,0.06115837591846736,0.0782968965706798,0.03142579334359349,0.009980420190997907,0.05529955720077241,0.03472419678094854,0.04675184180777433,0.07136083241107274,0.05990276798026275,0.05508385829073131,0.04902007035072753,0.039958167051804966,0.05065319921043068,0.03635933061982257,0.03520902682495968,0.0700538112448275,0.06829063308503276,0.05934351266452354,0.04204163151888414,0.04508607693368596
882,0.005110644408956873,0.011258420064308413,0.005647419397392113,0.00776870676521782,0.3590287264324527,0.004546983907585341,0.011923844897377729,0.006227118673995685,0.007643934918710903,0.0025206303748843513,0.007625757813301856,0.011268375895041392,0.0029280984782287392,0.0059984895532149566,0.003247013665590844,0.005112384517765883,0.003443747573267261,0.00529168854704681,0.029794814935692013,0.5036131991799682
883,0.042449202688491706,0.061788002493044156,0.06211234740939381,0.06787748493771166,0.09880829783501364,0.03775981222644681,0.05372745700566847,0.026355952663348402,0.03010723967333202,0.044696713705337336,0.041774290215511004,0.04571314924378464,0.013190070479032028,0.10141559064847086,0.0418679699088204,0.06019794938807245,0.043649481612249144,0.03280036263659134,0.043724378726081384,0.04998424650359878
884,0.008768124662163668,0.1721489479369238,0.18157056074539513,0.058045782709268905,0.03756415166802139,0.008241128827279903,0.023175198060187724,0.00470775377576488,0.0046829688248896445,0.0467052035043033,0.0759993951955214,0.10007940502018034,0.0019468569102361279,0.01133020893153666,0.0016137078360722477,0.11521701675085735,0.048793776349665884,0.011413335692744471,0.047822715420392396,0.04017376117859478
885,0.10765625847091127,0.04787088530738582,0.006657599388075788,0.01617624114632107,0.15565215769155216,0.009409992055849201,0.048839113337293114,0.09798833921702557,0.008601100602589236,0.054397347779115514,0.0314565130402319,0.019046242975109304,0.002275141393662443,0.03494034414486909,0.0082057680794359,0.025275540495481086,0.06643976661995461,0.07697225445698176,0.00840551279023465,0.1737338810079205
