site,A,C,D,E,F,G,H,I,K,L,M,N,P,Q,R,S,T,V,W,Y
790,0.04542509690340777,0.03392778878426006,0.006193523956995725,0.005745265565711081,0.05654631464043342,0.0006145574816106079,0.08481947196065014,0.020121400600931996,0.03096761978497862,0.06438628635098675,0.01548380989248931,0.1413657866010836,0.03096761978497862,0.22400797826752533,0.11309262928086686,0.03433169103169172,0.010322539928326206,0.030967854511579098,0.010322539928326206,0.04039022474316673
791,0.0915782112683314,0.20099364594417604,0.009599635254308635,0.004951390815380243,0.009223178969825944,0.07108654854684542,0.00723664811478651,0.013439489356032088,0.005112849211533947,0.016857807975824028,0.005533907381895567,0.01206108019131085,0.4749552896172688,0.029342004718034744,0.0015837782069398085,0.025791327566543135,0.003112409922703828,0.002868183704031239,0.003199878418102879,0.011472734816124954
792,0.08466544338358611,0.01868059838209279,0.0065673978687045,0.016549842629135336,0.008457527011404817,0.04443313758026358,0.12339202395600227,0.021288122230706877,0.042031346359708795,0.01565597129505931,0.05278355124242499,0.09595114711220343,0.00045679215723230685,0.07397516959308748,0.16579031064107358,0.13204991843363342,0.0691972325391616,0.008271237088117594,0.0066684347589922605,0.013134795737409
793,0.006711290387360982,0.007338239965376636,0.008082699092298903,0.0031741148073904124,0.007150079966264414,0.5640231331553098,0.11469294766460184,0.010522759195634421,0.016009223944850673,0.0019776816927965404,0.00832397369206902,0.11599135839288031,0.0034640138966995303,0.006196735970762492,0.050013824285371225,0.032152416290913484,0.004386878447138448,0.002132539036334121,0.0027268742362726306,0.034929215879674194
794,0.004856213966901414,0.01143908178870111,0.015598747893683332,0.01143908178870111,0.012256159059322619,0.055411295524872464,0.0857931134152583,0.01117969854259589,0.11941822737083635,0.0073536954355935685,0.017158622683051666,0.01513996119092794,0.009359248736209998,0.02238081219528478,0.5177817435500116,0.02179707868866759,0.009170747005382354,0.005985566052227325,0.00971242793380283,0.03676847717796784
795,0.0739165395246233,0.014817336707469918,0.009236781324137092,0.012262623482044072,0.01580515915463458,0.0032182450767355483,0.020245669597344633,0.007150502263668582,0.013945728665854041,0.004939112235823306,0.01654028283624549,0.011610024651066815,0.006335569590916785,0.013945728665854041,0.0035384684674555026,0.003905077784479629,0.7172593738214842,0.024704112333531793,0.010459296499390532,0.01616436731723991
796,0.029048934942957273,0.011293705091206328,0.011122588347400172,0.01595849632453068,0.008341941260550129,0.006618028930675296,0.01595849632453068,0.005192231853232696,0.022245176694800344,0.004675737776614085,0.014981445529151252,0.008739176558671562,0.008837280202754483,0.043181813584024197,0.0037645683637354426,0.01901930891717597,0.7409232961727986,0.00458806769330257,0.008437825642855303,0.017071879789032823
797,0.004870200540642139,0.00891647822956352,0.016579406095803023,0.00846991398372546,0.013639442519368194,0.01222070874393761,0.029599417478179273,0.015584641730054843,0.009990154955163361,0.003640483851633402,0.014985232432745042,0.01812167643029633,0.010253053769772926,0.014167856118231677,0.0015631102743658253,0.003930323310413738,0.006184381638910653,0.003507987779344243,0.7878728344749356,0.015902695642913106
798,0.007874945036275584,0.012826651907708727,0.010658767078236828,0.012406105943521555,0.014014304862126202,0.003983012960814814,0.025225748751827166,0.01645157527293076,0.01645157527293076,0.0030256405215709943,0.014014304862126202,0.015766092969891978,0.0019342418242326717,0.016101541756485423,0.003802876696255351,0.7631328578483714,0.02611709005673906,0.006523900539265644,0.014553316587592595,0.015135449251096297
799,0.001420080192096078,0.09259583439147129,0.0045210716319793506,0.0033064553726416144,0.07182297102127727,0.0008553378763204178,0.00388653526257874,0.22323510051225515,0.0032578310289262968,0.47355021964445027,0.013715213714724197,0.004082823894060942,0.0026062648231410376,0.0031201761967181436,0.0008825996413027418,0.0011916199079025694,0.02793737952246418,0.04081214241762385,0.002669066385144436,0.02453127656292133
800,0.0057307194802204255,0.013132898808838472,0.019102398267401417,0.010684392251258423,0.011673687830078643,0.004143686376670149,0.6353445471335869,0.008755265872558985,0.014659980065680155,0.010098720167353465,0.11209539357633078,0.01630987060629025,0.006342474352962414,0.029232420292316243,0.07297614720510852,0.004040891941181068,0.0060613379117716035,0.004739692803189826,0.0077824585533857625,0.007093016503816653
801,0.009165754842202906,0.032553401177432946,0.01080902590492644,0.0032050794116299194,0.011554475967335163,0.3366957323571601,0.01080902590492644,0.008376995076317992,0.006443842366398455,0.0030187369644389165,0.009056210893316749,0.11365787496806586,0.004037106060876141,0.009056210893316749,0.001638606224065617,0.22753992720431335,0.0044677307073695965,0.17706485310818187,0.007446217845615993,0.01340319212210879
802,0.0650210745199631,0.05347099489685327,0.004081045176743762,0.01652406172476386,0.004081045176743762,0.09187351379870574,0.02698987998941864,0.009323776723617349,0.10236509860180172,0.000971677423034229,0.001568582572495256,0.019791271900136614,0.0010518157672020005,0.09090909803750874,0.07990804811041226,0.21688014183007606,0.17439909096113934,0.0019028115762484389,0.02956319448951842,0.009323776723617349
803,0.14304063449976087,0.022609381447733272,0.0046987622891381435,0.0018532030029469162,0.04058094106003407,0.1744600329098886,0.008692710234905567,0.004829283463836425,0.004457800120464393,0.03189850715881748,0.008554901088331507,0.04795929398004027,0.0027595905507636718,0.14560441652340228,0.0008779811486579221,0.3122920812468158,0.029942153809160266,0.0017250785381599932,0.006954168187924454,0.006209078739218264
804,0.002069697531842339,0.005639176735606362,0.45576214436172097,0.23842335072696935,0.004920907451449263,0.027613626809617396,0.013214444872207345,0.006966041849866682,0.0025419690498969015,0.0016222289239415568,0.08186880213930757,0.00514881354120581,0.0021146912758523858,0.12667881045541618,0.002077591428907607,0.0014990216638953624,0.002924017566610707,0.0021720271525597695,0.011359785942774734,0.005382850520351528
805,0.004682980122637987,0.006434640824629266,0.012676342745761448,0.012676342745761448,0.009306682015875492,0.0026517546034788004,0.04470348303928107,0.011311198142371751,0.008079427244551253,0.00293173269817604,0.010503255417916628,0.011311198142371751,0.004098457662664654,0.011139816352335817,0.07909924443375875,0.0036761393962708197,0.0052894092032673675,0.005251627708958314,0.7430584260889717,0.011117841410959683
806,0.022182261387642326,0.050621793831712815,0.0057189543023221595,0.005123229895830268,0.045751475474725876,0.045596385727353916,0.030570304067203197,0.07719695989422018,0.006872827944043223,0.03454037369353512,0.2479981551868899,0.004391339910711658,0.0015086811963181156,0.16125388461179693,0.028194745095859997,0.10248330506338596,0.07379369963572226,0.03573701573335149,0.009439251782153968,0.011025355565220824
807,0.0672693635421977,0.18560976182927214,0.08709041546719681,0.0026788416973856075,0.0018279155111572383,0.18732131338946256,0.016305752678183433,0.0015887409093655565,0.0017858944649237385,0.00499603869937607,0.0019421602306045655,0.03940917375886062,0.0005176065197852439,0.0075976625382216745,0.0030832695973292317,0.17840303435125773,0.15658935972131222,0.05119846259036752,0.0024662352134661157,0.0023189972902741083
808,0.04225075660995196,0.12425795129627881,0.04404227952372831,0.016882873817429183,0.0014228306156971896,0.053107292396573365,0.08522193099614869,0.02993607147225382,0.03837016776688451,0.04051889716183005,0.052850735428473974,0.11854476452169449,0.004201268739869011,0.06753149526971673,0.07036003957420749,0.055225127849250814,0.07418239176552191,0.07805588414291935,0.0017615998099108064,0.0012756412416595495
809,0.08261133372787915,0.0384919932832838,0.09201154600501356,0.08829411973237086,0.0012922264593614675,0.04076080833783629,0.05346110178233863,0.00394385177082826,0.05187919836486635,0.03166542182492364,0.04633295487802681,0.10619975624329431,0.0005168905837445871,0.1432932810067601,0.04451779291039014,0.05210192122855036,0.09010247068402999,0.023544617851683255,0.0012182308080275117,0.00776048251679109
810,0.07343451514406521,0.07371448943185034,0.30800156212146634,0.13183454058296437,0.004554807577705022,0.04441676129690221,0.027995493989348613,0.003390801196735961,0.017189935807153035,0.0021954827892535,0.005548583776477027,0.07957488905037899,0.04219347879937562,0.013268352508966805,0.0027742918882385135,0.13621257368154815,0.023046369109727925,0.0015769417287596406,0.006781602393471922,0.0022945271256108006
811,0.0044111321997273275,0.07669354847253193,0.007015876990508042,0.004025503191275106,0.007015876990508042,0.001766587731422888,0.006636640396426525,0.20613681407226545,0.0030266479066733895,0.2236332677684939,0.2474210058944731,0.008769846238135051,0.0014529922761407188,0.021312733470261507,0.001848407099217004,0.02467388140105543,0.06626796344968133,0.07618432446901176,0.0026122946241253346,0.00909465535806598
812,0.0031928708883356975,0.006087740493760063,0.004658985071755149,0.006522579100457209,0.002745522067685403,0.0025922802966818806,0.004696994770510197,0.17224974394828052,0.0055680553296585935,0.4623835338763636,0.29178085230064404,0.004150732154836406,0.0007400068412252191,0.0061700072571892525,0.0034747805310930526,0.0018945250499253303,0.002353507922845385,0.007734547656567622,0.005929617364052008,0.005073117078133385
813,0.05343355853285764,0.020151862628336563,0.10252292531507645,0.05595318974822816,0.08438592475615934,0.04428763047174794,0.06028982638277893,0.040655587287726135,0.02335971929651298,0.05760649022565904,0.0400116376520814,0.055530103247296396,0.008358322005139742,0.05715490833370609,0.030898875782910926,0.058767821891781605,0.04163881504075439,0.03651041441177715,0.07249587193466087,0.055986515054808415
814,0.047330211258014954,0.24496845907374856,0.0038828105397497163,0.002569615409256537,0.003751189843487014,0.0011832926312128989,0.00402400365028607,0.14486530790700813,0.0036886700127622307,0.027147114428033702,0.06795617659950337,0.0027665025095716727,0.001349513419303255,0.005688266464978553,0.0009781702040562537,0.0014741933328432,0.2075427222708147,0.22311123902240806,0.002515002281428793,0.003207539141532374
815,0.00627516040667447,0.009299089427738673,0.013805352894683834,0.014601815561684826,0.013320954547501946,0.009386695004523406,0.01488812567073747,0.013558828735850195,0.016873209093502466,0.0041859418525216525,0.011504460745569862,0.009860966353345596,0.005624403031167488,0.01611046419188558,0.044919950940406676,0.004867271853894941,0.006434698383115347,0.004775436535896923,0.7661483460334484,0.013558828735850195
816,0.0068385924088243755,0.01606274030909912,0.0043045896971320476,0.00920930444388349,0.011322915299856752,0.009536780617932986,0.018602614716584344,0.0317978630758224,0.018753370480787783,0.0041608303210316985,0.013508905941242648,0.6963520608822227,0.00677154738520845,0.014095874148801264,0.0037743050999522513,0.08792653681645354,0.017703332443486267,0.007347849290332574,0.009867111904160883,0.01206287471718446
817,0.0184237609027321,0.0037416936701041965,0.004622092180716949,0.002806270252578147,0.003207166002946454,0.036231224001052366,0.053604371007472944,0.002889342494658414,0.18542304510339325,0.017037714075558975,0.04392331403622365,0.14154408616618225,0.0020114063933810863,0.24740478926525966,0.15787629729321878,0.03522122807460387,0.03333014590400932,0.004244690011903964,0.0034922474254305835,0.002965115738573137
818,0.027221137440854814,0.2387375536755696,0.0025136350629346048,0.0023282790832263914,0.010865619430106055,0.012150972234244696,0.002932574240090373,0.07597216897384328,0.002688193053416175,0.02867059421133626,0.25364556288672685,0.0029776907668609934,0.0015995859491402032,0.0031217725781607195,0.0009768832322987148,0.0019402891839475093,0.13092332255493433,0.19508804838926566,0.0028463220565583024,0.002799794996484683
819,0.005355860350093513,0.007341401110123675,0.00719073843299592,0.009939764580787148,0.011420584570052343,0.002600341455309667,0.00958765124399456,0.014652825486104892,0.012134371105680613,0.0033095668229839643,0.01093802465864168,0.006262901215835156,0.0036289707979605575,0.011766662890356959,0.07463969435008307,0.0034649430183248705,0.005247295613267293,0.0045952647974175104,0.7859667304389154,0.009956407061071272
820,0.007959753570819638,0.008538644739606522,0.009392509213567173,0.01423107456601087,0.011454279528740454,0.004389022996994006,0.007115537283005435,0.4726160305819086,0.009584193075068543,0.0030617000459465162,0.005028801431644006,0.009559017394634986,0.002396048268767136,0.009208342366242326,0.0035275956250776343,0.0047920965375342715,0.09350355175694872,0.3033266637400945,0.011454279528740454,0.008860857748648277
821,0.0730543494043778,0.04812110951087925,0.10371281711044293,0.07119698272740568,0.011777893936229186,0.01972426096550504,0.06648311182424108,0.10901733533656036,0.01958940030648042,0.08059047110695404,0.02735088702968778,0.022161037274747025,0.0006570777271522038,0.028236745718908433,0.010627708981519305,0.028633937794238354,0.07316150586269424,0.06962877235686586,0.07797402004077654,0.05830057498433447
822,0.03440250165883901,0.050948847730172116,0.09065467062778243,0.1454703888849202,0.06593380294492864,0.06080125342496226,0.06593380294492861,0.003444814885027517,0.018016113416049903,0.05140605287047406,0.03458822449570025,0.09419114706418374,0.0015557228513027495,0.07120850718052289,0.018146918241723473,0.04517686498078442,0.04266304896436557,0.026312788264271948,0.04086038492361773,0.03828414364544242
823,0.009154872838063396,0.016556684919901893,0.002127241195669033,0.01729253758300864,0.01768554980080429,0.005587854223148214,0.01285799696477241,0.01724273852618443,0.014115085817774065,0.005518894973300631,0.01768554980080429,0.7855130508640658,0.005764179194336213,0.02223326260672539,0.004988231995098646,0.0016797292041859067,0.006048699890476753,0.009048420828318474,0.013416623986817049,0.015482794786544643
824,0.05034429722607957,0.016439808724223282,0.07330276118297992,0.044669730383942514,0.029961551399896938,0.02949501947938359,0.06285885178900667,0.030183488817673958,0.08544590584415052,0.03712407715542786,0.05918331140720383,0.0491095838067488,0.1158276937747495,0.08714307433303357,0.021335420272486465,0.05206993263229952,0.06327577443004237,0.045480047033498505,0.021889717917732917,0.024859952389439693
825,0.010824187145369113,0.026842504116631156,0.02926893436983757,0.004658548217004772,0.0223948699559361,0.019599351209721852,0.0793805441866871,0.003599787258594597,0.06765116965855697,0.02736388786065645,0.2465509294222966,0.021568331321484578,0.0010379571937888317,0.15350645684160394,0.0578629071231401,0.023238367882713353,0.0017216373845452418,0.003548913818153807,0.14699513407291392,0.05238558096036409
826,0.004166716177433976,0.0791860431405779,0.005896296477500911,0.006649015176756345,0.009191285685516125,0.0030048433971879636,0.014204714241252196,0.08515261134691436,0.07085144242342342,0.1294414335079168,0.31434953699951196,0.007812592832688706,0.003551178560313048,0.044138887009840644,0.003075036837482074,0.0027412606430486687,0.07977884833091305,0.12291234110614906,0.0067935589849467005,0.007102357120626098
827,0.05948847906529803,0.044277482121505264,0.042194071983641425,0.04437594989856203,0.09537107910161664,0.03294022005749351,0.04291260675830317,0.019780668258113074,0.03218041813335115,0.03862134608247285,0.041423802034035506,0.024023396819157213,0.08429262041809552,0.07225081750122474,0.037722078435205086,0.05357264319905626,0.06145892324154812,0.03212426317046898,0.039837989219136824,0.10115114450171461
828,0.016509136774737605,0.1409263021431003,0.18064946369057955,0.10066813497464987,0.007815112840665902,0.017895752357949844,0.05254478671086206,0.19775142397499565,0.006657318345752435,0.005915289790693679,0.052792371250276936,0.059752051329967776,0.006234527652413654,0.005446896828342902,0.0016490605076634475,0.055097360565679654,0.0029957932555885964,0.07732839597469203,0.006419556976261277,0.004951264055126684
829,0.008709890259918272,0.017147596449214098,0.020323077273142635,0.03303601298033794,0.009300391294489004,0.006079382820830669,0.026129670779754817,0.01959725308481611,0.552308493424507,0.00438978469099881,0.07354142136843855,0.05209492469055867,0.005379638101714227,0.012944786428814397,0.06514477400318038,0.0069458618528462175,0.05445563326987601,0.0058374796422856505,0.012193846363885581,0.014440081220390819
830,0.11333296936788839,0.014495842562711187,0.01907347705619893,0.07549918001412076,0.014167543278218004,0.0035977989066208944,0.008623721995437044,0.10325190165542912,0.015099836002824153,0.0025759169596760003,0.031512701223285186,0.1352014094882383,0.0035093718009279705,0.021631531877958195,0.015756350611642593,0.19394361947613697,0.1989311914984334,0.014691732327072146,0.006839503651553518,0.008264400245627166
831,0.08071581785850239,0.0024607623680258676,0.004556967348196051,0.012165282681574425,0.03750962160152115,0.002344351350095072,0.06682199645280215,0.03409965600138286,0.026256735121064807,0.1314521141974437,0.03402035447579825,0.03895229935542581,0.12339269951901935,0.03971606993102239,0.057614778779936475,0.015194649647061612,0.08116254847491847,0.04328033261713978,0.06200570101475944,0.10627726120430994
832,0.05113987121261073,0.06296812025595792,0.006851596842266611,0.0048681036107114176,0.005995147236983286,0.008685495107318386,0.00773567385417198,0.33269825711487466,0.00584892413364223,0.17900716484164933,0.05735962371494144,0.008269168602735567,0.002283865614088871,0.009223303441512747,0.0017763399220691218,0.0019032213450740588,0.00296056653678187,0.24096319656352172,0.00436010708144239,0.00510225296764535
833,0.08748214172056681,0.017878396717072982,0.06885891584060533,0.1476834637906618,0.01211593827107425,0.0583872834777483,0.06255780372615888,0.007183303842077629,0.07107375387892935,0.03304794544671066,0.04590594389373688,0.034093686762790336,0.04175983110892732,0.04831230385590858,0.0460325944180617,0.0727013490434639,0.07323772158542285,0.040746413819337565,0.005462103318926916,0.025479105481817907
834,0.06851659232404439,0.028042820701061337,0.0069623554844014356,0.06767723984890515,0.004723001381231383,0.009805701543152575,0.056227630367697665,0.04003691236795721,0.1483150023173424,0.045115043413575605,0.08268625989570086,0.041804273346532514,0.0007799967988673398,0.10449123406250416,0.09090466417494902,0.04509979411717081,0.07644919530219707,0.07556802209970213,0.003845872553288412,0.0029483878997185443
835,0.006290345623282017,0.015055250384676313,0.022465520083150066,0.027349328796878337,0.013674664398439168,0.0066918570460447,0.012096818506311571,0.014296240052913675,0.0133837140920894,0.004692805676595103,0.012837440047514321,0.01186857664770192,0.005330801375662727,0.014296240052913675,0.024998077188097854,0.0064187200237571605,0.007671153199124411,0.008500467058489213,0.6326237312744214,0.13945824847193702
836,0.03767824119688499,0.008978907111351183,0.003883209668904419,0.0035133801766278074,0.004098943539399109,0.0020494717696995543,0.010563420131001394,0.12200402630865166,0.17644973091442565,0.0348592864323046,0.062414354310611896,0.0037836401902145616,0.045753706147199674,0.08978907111351186,0.019163525324299973,0.07190251055161263,0.14819794815739168,0.06805066442287214,0.07958576757788552,0.007280194955149609
837,0.00463055970799631,0.013676155701284798,0.39879996124159606,0.21875346860375106,0.012793823075395457,0.008402499364506344,0.01888611977796472,0.020874132386171536,0.02832917966694708,0.012064046659464006,0.01888611977796472,0.0045149617764811455,0.005665835933389417,0.1551091713359658,0.006295373259321575,0.01374385062470583,0.00843847904972892,0.029319383766837282,0.00843847904972892,0.012378399240798924
838,0.005874583016651933,0.015945296759483817,0.013394049277966405,0.010801652643521295,0.010380007534893253,0.0041788693907794175,0.009301423109698892,0.33643750137088296,0.01860284621939779,0.12335800281529526,0.010067913656640913,0.058491070179991826,0.0034880336661370854,0.009050033295923248,0.0037205692438795576,0.018764461120556856,0.01764519669868445,0.31159989105812835,0.009050033295923248,0.009848565645563533
839,0.005986204053668937,0.011620278457122053,0.014110338126505351,0.017430417685683083,0.024693091721384362,0.1461885593075391,0.010149328746427577,0.0191172323004266,0.014110338126505351,0.003767333881332329,0.011396811563715858,0.010044647479885167,0.5960854822329182,0.012094575537004586,0.007737626725938606,0.0624482611778803,0.006751132200038008,0.006173272930346091,0.009877236688553746,0.010217831057124562
840,0.004760305355887137,0.058802426214761096,0.055469005103816804,0.014609212988757076,0.27123805721927713,0.004984319725575944,0.05087548106727103,0.010863260940357824,0.009414826148310117,0.003501381625404589,0.0075654852977492006,0.03921029947886968,0.005967143333435989,0.014122239222465175,0.003648216833305447,0.004311701138250992,0.0032095998232875393,0.0054225974608005595,0.0058036599544377425,0.42622078106797895
841,0.02080561873918809,0.027614730326558732,0.01105677190879093,0.008505209160608405,0.007714026913109951,0.048425831442226196,0.009477233064677938,0.13637385086760195,0.013268126290549112,0.33326436360758627,0.12314677037519436,0.043394576227449445,0.037274376904484006,0.06374632409389111,0.0071243520865836895,0.04467088729296266,0.004598678972210715,0.04135934493935041,0.008964950196316969,0.009213976590659107
842,0.13096844564955712,0.010381366818870303,0.0071999802130874695,0.026157377684016617,0.01144612239003649,0.4488605416667495,0.007085694812879733,0.015393061145221485,0.009919972738031625,0.003099991480634883,0.023683994119939957,0.1929258687686775,0.005378298472426784,0.03501112174251993,0.00867354680929213,0.004333968671955565,0.005511095965573125,0.028042349376129167,0.013527235551861305,0.012399965922539532
843,0.007662798473642744,0.015644880217020603,0.025031808347232964,0.20075750249411653,0.006587317986113939,0.011746695062177518,0.007988875004436052,0.026242987415193673,0.37738511624774346,0.002758238681233754,0.1877385626042473,0.017316437596189147,0.0034447442679678393,0.007780519702614716,0.06532731718191714,0.003645408982606743,0.004843788920645103,0.006826856821972627,0.012112165329306274,0.009157978663621816
844,0.01202986493970019,0.014970498591626906,0.015666800851702575,0.033197853839851195,0.012955239165830974,0.06147535435621713,0.012955239165830974,0.009623891951760154,0.04041238909359468,0.004403087821066737,0.014176483518370739,0.011043810436446078,0.00606201567209132,0.020414316261309413,0.6788081203706923,0.004073227865266514,0.006180481069937714,0.01036419133266478,0.020822942363374845,0.01036419133266478
845,0.018845651122528312,0.024989357498333923,0.02078709664130984,0.5533435876303493,0.01570759614180989,0.005326863678347388,0.01485853689090125,0.01570759614180989,0.15442517089470906,0.0054432263857757054,0.018957443619425734,0.01718018328010457,0.005911460913584368,0.011664488698912788,0.005609855764932105,0.0049086237943155924,0.00845793638405148,0.06967304962782175,0.01570759614180989,0.012494678749166961
846,0.005717316218758067,0.015100013511261548,0.7152480930606693,0.01964200625786103,0.017309771586080307,0.06407021486153448,0.007097006350292926,0.021506079849372504,0.014483686429169237,0.004894487138133053,0.0147854298964436,0.005457617805249658,0.004638566242021521,0.01612955988702938,0.005865294504374319,0.004997891795980935,0.008252332965456891,0.01106628636887692,0.022893568871912663,0.02084477639952151
847,0.017766945666365684,0.017259318647326664,0.00946910767851521,0.007954050449952775,0.012353593935806038,0.01882834761526546,0.217467414956316,0.07944899071178624,0.011047292291601077,0.19941605918087482,0.060407615265643345,0.06795856717384875,0.005330083699909706,0.18122284579693,0.010660167399819412,0.01732714263556512,0.02938748850761027,0.021050572377008532,0.009795829502536756,0.005848566507318218
848,0.011152678038763667,0.014864193404322355,0.027588203569573283,0.021840661159245513,0.027588203569573283,0.043112873390042904,0.02279025512269097,0.02279025512269097,0.020967034712875695,0.006015870929256252,0.032760991738868275,0.02279025512269097,0.009530470324034406,0.032760991738868275,0.08580914160437757,0.011152678038763667,0.008320251870188767,0.008736264463698205,0.5260437277572734,0.04338499832220159
849,0.011827798642849552,0.5367701763300472,0.11428641225342764,0.08095287534617793,0.011107678675157467,0.005046204025907613,0.01066337152815117,0.013670989138655349,0.024234935291252657,0.0040391558818754425,0.018385123324398567,0.011590621226251272,0.004133089739593476,0.021118141394655107,0.04337083020848693,0.005231230510950317,0.006272571487147747,0.011993018569804137,0.010423824482123019,0.05488195194308741
850,0.07045405244928746,0.014340821728461201,0.03920259240715342,0.006937117421049812,0.023901369547435335,0.6486396257697942,0.011705272617700078,0.020166780555648568,0.026889040740864754,0.007592199738597105,0.026889040740864754,0.0184381993651644,0.0074176664112730354,0.0184381993651644,0.003288614284662117,0.006453369777807541,0.007503918346287838,0.008514470373105043,0.020817321863895292,0.012410326495783731
851,0.22552146413377946,0.026091105136601112,0.01906657683059312,0.014580323458688857,0.005418119675544163,0.006885152744380849,0.011266613581714118,0.011438609346884352,0.02155352163458353,0.007081871394220302,0.012090999941351736,0.013045552568300554,0.03259874255338576,0.017704678485550754,0.005698057443625531,0.49666070294395587,0.030127352938644134,0.010776760817291765,0.017094172330876595,0.015299622040027383
852,0.004517745255208698,0.026411433799681618,0.031213512672351,0.014306193308160877,0.06385376910152646,0.004517745255208698,0.00978368185761182,0.022683112822372856,0.02019697878799183,0.3447899120795487,0.33885828198626056,0.018070981020834792,0.01068845653923787,0.0156067563361755,0.003631512573632674,0.0050391107944583935,0.017167431969793052,0.00700711508971145,0.021459289962241317,0.02019697878799183
853,0.008494595651163424,0.04023948025084616,0.011840951513742955,0.015028899998212213,0.013955407141197055,0.005074693505889838,0.016281308331396564,0.3922665755842473,0.01776142727061443,0.06290134705819941,0.09705795291921357,0.01860720952159607,0.00550354084441574,0.022810128691468593,0.018749656293144207,0.006302441934734153,0.06934813061688316,0.1470730740437455,0.012210981248547421,0.01849219758074222
854,0.0030007433672003545,0.008361913075988298,0.009017749395673654,0.011255906477227164,0.02555028995440869,0.4624806543080784,0.011217200467789179,0.01483565223159214,0.007539429822612399,0.0031717601322714234,0.01533017397264521,0.013936521793313832,0.0035893113754231283,0.032211327706596536,0.0014736866218205483,0.11199718729190741,0.23236893903897549,0.01312732476899756,0.004204054224833452,0.01533017397264521
855,0.0031464403221396105,0.059376855222302766,0.004789416438501664,0.009614123206537699,0.11400356202682128,0.004120338517087586,0.17375896966725424,0.006409415471025133,0.011536947847845239,0.0016419134380020908,0.013177421600183065,0.14114311315273154,0.0012962399541255661,0.004220834578479965,0.02052930908760636,0.005053349380621513,0.0033932199552486,0.006655931450679946,0.07661529706103581,0.3395173016217704
856,0.014534714367768601,0.016957166762396704,0.025435750143595053,0.030522900172314068,0.03815362521539258,0.05458794585362705,0.019692193659557464,0.013512813330336042,0.009458517811315136,0.008125281195807556,0.023479153978703125,0.019692193659557464,0.007444609798125381,0.024418320137851255,0.6132231778415542,0.013214471395642288,0.010174300057438022,0.016957166762396704,0.01387404553287003,0.02654165232375136
857,0.005393847712763298,0.014203711559764222,0.013611890244774045,0.020417835367161068,0.022530025232729452,0.004475141998281878,0.009379029082500205,0.015194668180212888,0.031112891988054957,0.0739288106078346,0.05025928705762726,0.015556445994027479,0.6561935652169024,0.013611890244774045,0.0035509278899410555,0.0027283527127153757,0.0046625181331311875,0.011265012616364728,0.014849334812480776,0.017074813347959194
858,0.002788935743180306,0.04317136241886392,0.0077302023316410656,0.016539037546766933,0.012476817798438213,0.00272196408645648,0.07662557223422091,0.010458509036926147,0.02294124562938639,0.007395542840656189,0.01367651181751881,0.014816221135645378,0.008432089546474385,0.010306936442188087,0.7198108310748351,0.003999599002008815,0.0044448663406936135,0.005043819961070767,0.0077302023316410656,0.008889732681387225
859,0.1230433040791522,0.030599806190078464,0.002424734833818743,0.004021511431699378,0.0063416141807567114,0.027353745668563374,0.11316154741991277,0.03128299669449924,0.016659894481264936,0.005502350470876494,0.0062474604304743496,0.001986529743369572,0.000835835369785033,0.2648923222521125,0.0073740516556418546,0.18329418775392672,0.16574288910068063,0.001663239288654981,0.0043389991763072245,0.0032329797784249902
860,0.035302167912476604,0.02174345872662161,0.011344413248672145,0.02268882649734429,0.020873720377556748,0.009846094517715447,0.012727878278998017,0.15919983164919596,0.017394766981297292,0.006442506289369367,0.03069664761405404,0.012424833558069491,0.02734579785518265,0.018637250337104238,0.006605607714416694,0.018371952816878305,0.5244100886779484,0.008554803433424898,0.017994586532376507,0.017394766981297292
861,0.012696050800808233,0.0453348930360044,0.014250669266213323,0.010120040493397868,0.017457069851111322,0.008594550986099486,0.017457069851111322,0.018872507947147375,0.011447258918761524,0.00866274338595714,0.013175147057442507,0.017457069851111322,0.0064655814263375275,0.012469335607936657,0.002342215067753295,0.0049174844651017815,0.008728534925555661,0.005968229008926948,0.7030913589492052,0.060492189104017074
862,0.4692112088433492,0.06677485346137198,0.0364829408868302,0.01797784516267707,0.02749552789585905,0.028558393014059963,0.017311999045540878,0.022258284487123994,0.02032278148824364,0.00708218142772127,0.02596799856831132,0.01947599892623349,0.01022882213646785,0.015078192717083997,0.005564571121780998,0.12695322377181265,0.016676081923038186,0.003977670002458048,0.02921399838935024,0.03338742673068598
863,0.07822281872905354,0.022204161343015,0.04472623132760619,0.11918544878028493,0.03848721299455933,0.0999868165302451,0.01798508729713746,0.0036004532266591185,0.06684882251324073,0.046202256453072355,0.022204161343015,0.013530660818399765,0.0011001384859236193,0.14231110094035182,0.008489826395858676,0.11052413468503387,0.052318555164479086,0.07055868766543286,0.024054508121599583,0.017458917185031952
864,0.006006089238226217,0.1919894689640231,0.06872960253405651,0.01801826771467865,0.012328288436359077,0.004879947506058801,0.136918520642189,0.0064597929641863295,0.03731436136597468,0.0032991194407158094,0.013013193349490138,0.23516629465856773,0.0036036535429357294,0.009009133857339325,0.028885293407483106,0.06631815002307294,0.027959805632183213,0.0063307427105627695,0.012328288436359077,0.11144198557553768
865,0.14054752630083311,0.02511350783431814,0.009685069308341086,0.014297007074217796,0.0076721375204664355,0.004415252184684907,0.005458857246519522,0.30154821079962996,0.02144551061132669,0.06457817738150523,0.07734960412969989,0.007698388424578813,0.005458857246519522,0.012009485942342949,0.003002371485585737,0.004521621607117347,0.021743825173684225,0.25452338036138855,0.008578204244530678,0.010353005122709438
866,0.026876246959438584,0.029405271792942368,0.004450182853587218,0.02124889082974445,0.03746617641571808,0.01747424955352134,0.04107403044093537,0.03642291156859744,0.15197622556795912,0.014643470359664457,0.01732810659226961,0.002156378150052934,0.14711208862008482,0.08309065025318908,0.10939694893637883,0.012377218994478297,0.06333878657605116,0.06317081896928668,0.04928883652912245,0.07170251003697771
867,0.04373370813560776,0.09192870515022378,0.0435418790232111,0.040281293560483225,0.035801769980445805,0.05076860275087601,0.0566732553267391,0.05520099866401533,0.008691441214202978,0.06572279974945523,0.07008145114847307,0.09652322161240129,0.044905779606715365,0.04612563100520001,0.042119351531673656,0.051346344417827934,0.06029197959402065,0.057922965942328465,0.0067645650959598635,0.03157425649013916
868,0.0016293750385638665,0.0167936342966379,0.027709496589452536,0.029167891146792142,0.01979249756389467,0.011791275144447886,0.014978106264568936,0.07041013264542978,0.05960387808198327,0.008796665583953185,0.022167597271562027,0.012595225722478424,0.005702791020797436,0.02638999675185956,0.007971217475797467,0.010115573688099636,0.5566753408965197,0.049427606214327575,0.023091247157877113,0.025190451444956848
869,0.12805059180153933,0.262181731749095,0.014161278260322423,0.013054157004489959,0.009850830613105216,0.009643052772833146,0.007750905721415915,0.023975217256010605,0.007485809020555544,0.02084190907598823,0.045203746853292245,0.008000934938235782,0.0017434116648149154,0.006359717515007929,0.04843258591424169,0.05274244696437629,0.0753395780888204,0.2492828009983357,0.009539576272511894,0.006359717515007929
870,0.07834698608218271,0.08996783090776962,0.02404007084206855,0.005997855393851308,0.02681394176074702,0.10770539106641525,0.09544141696791623,0.01787419480212756,0.0669423445950362,0.026454826469308444,0.0863327670327082,0.06251362547647336,0.002769842942299389,0.021786327680606957,0.07516461333996638,0.06059089150321178,0.06559455586555522,0.004864114435257464,0.024604838604321843,0.05619356423217651
871,0.01873226996969173,0.1475166260113224,0.0032894463831237833,0.002361653813524767,0.06406436329634571,0.014197088819134786,0.028557902183130007,0.028739441233980804,0.119829612889257,0.1344744197874265,0.09240238653986721,0.006484247297200986,0.0006308527310100405,0.0421476074318064,0.14913219912458756,0.05418978098375109,0.042368691218827595,0.03299654928555147,0.015326402702475053,0.0025584582979851643
872,0.03620104719437806,0.3342166637168542,0.008495018014836753,0.004204049975167093,0.007685968680090397,0.0013633034468281777,0.007336606467359015,0.07184787616303272,0.005043916946309322,0.10681113895685614,0.20924471711928397,0.00701762357747384,0.0015226919083197953,0.004891070978239342,0.0015670421580766824,0.0027560472543995667,0.018690658492864668,0.1620094960115232,0.004483481730052731,0.004611581208054237
873,0.0035265007508511093,0.0011853071487015795,0.010124469897604798,0.011624391363916622,0.0069746348183499715,0.016785288111652245,0.19759498758235455,0.007846464170643719,0.1646774959506292,0.002525766838331023,0.0130774402844062,0.005145222406979488,0.0013303635656394205,0.2185143696267964,0.312294037701798,0.0019430914796488225,0.004684456221279832,0.0037814285159728763,0.007133149246039744,0.009231134318404374
874,0.015229987919909356,0.021775203883649123,0.01781607590480383,0.008520731954471396,0.09798841747642106,0.061431942812528124,0.08947617902946749,0.013998345353774437,0.10127818416449923,0.006876380173783934,0.015731156625527327,0.03234445697987385,0.004611219645949227,0.010593342429883358,0.39348269732552343,0.004950322479663406,0.027531132009066917,0.013065122330189477,0.04152389761736579,0.021775203883649123
875,0.006285538203883307,0.033462330725705085,0.008576710351645582,0.028793241894810164,0.01890762082303126,0.00433446652179938,0.01300339956539814,0.4056271095300765,0.013436846217578076,0.06431683363426946,0.031824526406716326,0.007449025653325526,0.004113320270687166,0.014396620947405082,0.004798873649135028,0.004023417802640716,0.0009660549414569654,0.3106928271417523,0.01752632115336271,0.007464914565321154
876,0.031158207453169776,0.0676578218983115,0.005376291051625848,0.008832478156242465,0.04544182067797042,0.00426395497197912,0.00515227892447477,0.37366741368088885,0.011359881918388198,0.04948730468630567,0.11907623976757604,0.006869705232633026,0.0023041247364110774,0.00843100187641326,0.006425148621688429,0.0026285065096470165,0.04624060528258831,0.18937545474620032,0.008832478156242465,0.00741928165124367
877,0.03893879157469484,0.0934793825808023,0.10624781407581571,0.004089083028495123,0.0032316946515525973,0.2015439255253757,0.0030298131985485558,0.0037104642295603895,0.00465965275340142,0.0010772315505175323,0.0033884852009582835,0.2764407163053091,0.009294213223497447,0.003577947649933233,0.0012601576628695663,0.22650707513327645,0.01073556179826443,0.001492340229987792,0.0037804729886086984,0.0035151766385308953
878,0.058943625460147635,0.07286773239569957,0.055044392069377036,0.032057841501682414,0.050965773972763584,0.03418671517871244,0.056081247386851676,0.07167061964919881,0.021771995194593868,0.0388101439735125,0.045362729181548184,0.05730797362069791,0.04627101007126923,0.10730348005036323,0.019774564442796266,0.0631085316191213,0.05767301836171107,0.039123739557741344,0.045278501302431245,0.026396365009780844
879,0.021300861297024604,0.021859432510681422,0.1043317766896876,0.09783934534469302,0.0012492395108972072,0.09393404726581009,0.055202452032886366,0.0015225106539059714,0.028573299390073952,0.0004596258577829347,0.0016515369805081724,0.1668901717006227,0.02155435547928235,0.07104315565971461,0.1262213369515997,0.08127146713304408,0.07574454096072515,0.0009113733068935805,0.0014121837949272777,0.027027287479239263
880,0.05170838594063075,0.04622204845897951,0.02452958648378787,0.052312081634333964,0.05348947907254277,0.052074558480576225,0.10821828805872188,0.005109580186791953,0.05007378772405968,0.07365889853434733,0.04979335985952157,0.06742296614295588,0.022010499266180716,0.061900362717103155,0.03299937203969802,0.023268748419078326,0.006894855191815646,0.012543682996953982,0.07375962865200116,0.13200983013991963
881,0.025108041267122,0.0160971414395486,0.04596157489976376,0.048875537890150846,0.0993363070414249,0.05317001280376707,0.08137999283327345,0.014913528098405316,0.06171329353322742,0.05293483050313096,0.0590021481909528,0.045606602791942,0.060342289767925356,0.06483824749318333,0.05149230765607282,0.05443661682766267,0.05431243591451292,0.05448263256462602,0.013741462204492705,0.04225499627881507
882,0.0039021255513553166,0.14839171410932192,0.004053649820443174,0.006305677498467158,0.28250953399459466,0.0033382998521296722,0.09358945149437618,0.004795867393200375,0.005973799735389938,0.0019022714241185839,0.005870803188228043,0.0042888885752547234,0.0020389615863306977,0.004422163440483462,0.002270043899448177,0.0016221058609966837,0.0023979336966001874,0.003913868792152029,0.07518865714456338,0.3432241829425456
883,0.06349524991812229,0.034835242688724906,0.04700233470029403,0.04970562296691576,0.06879487126095332,0.03353027338769153,0.04549867479261778,0.0526770036250637,0.013601988763711307,0.0503035824417529,0.04703606881548051,0.05902209042956539,0.017973328144126933,0.10130657312537344,0.053378783963772464,0.04287176717769427,0.07166419987102209,0.06777512280364001,0.034701603650277114,0.04482561747320036
884,0.004146571646530746,0.13166101745075942,0.19013617530903082,0.14702801171402094,0.062294469970987885,0.061576368567709754,0.012500028341077035,0.005253340034691529,0.0054034354642541445,0.015730926760350483,0.07125184473805807,0.10434238614195691,0.0012778394678979392,0.01153601295759035,0.001686605714282052,0.0766708994856735,0.011875307456343007,0.0023860334172541445,0.015268252443869583,0.06797447291766165
