site,A,C,D,E,F,G,H,I,K,L,M,N,P,Q,R,S,T,V,W,Y
790,0.07765781824331573,0.02909488169177435,0.013515508293225856,0.05064460396644798,0.060483218073651895,0.0022395153979798813,0.04099444964794298,0.02602619781866469,0.05026415149353038,0.056064181897186476,0.028005332619145378,0.05644406039434035,0.048471150514370245,0.0750597822690945,0.12468107122135079,0.08300400357547687,0.041086142097287476,0.04523828025550196,0.04120161208737707,0.04982403844233513
791,0.09446649963858789,0.17895636669790768,0.012210299051741943,0.007239573868536632,0.012959416909535471,0.0643672313271215,0.009847057109862587,0.014677751507334653,0.007676476015040848,0.02400062775861326,0.008401210328567497,0.013795430890007333,0.4631912906289984,0.02354579350062315,0.002516954327102226,0.03271920093380797,0.004621051781555811,0.0045678911945599854,0.005181441785074022,0.01505843474542118
792,0.08619522772395796,0.018504329748488698,0.010534341154452804,0.02147891623681867,0.010616499377885781,0.044407569594776965,0.11177450883761353,0.029693967207139498,0.053617624357992964,0.014903721489925303,0.049374071011128756,0.09532410571710857,0.0028824234105378757,0.07329113185148288,0.16187968520662926,0.12341129258394062,0.0699227941861025,0.009034259380504532,0.005885771632715808,0.007267759290797032
793,0.008221987217007738,0.01140122213240991,0.011619167396549718,0.026745683049539008,0.01081590334374798,0.5691206438070007,0.061175800952289396,0.012738097418810185,0.036368974653508725,0.003516168170459578,0.012676353618547317,0.10980938530575451,0.005888883012152523,0.009492238917345994,0.026158786306340432,0.024328539307950665,0.0064170894508061,0.007545785634534649,0.013589607885906664,0.0323696824193382
794,0.008754953508445112,0.01576941159962251,0.019807089704071832,0.016524906063707,0.016384979348008612,0.039843611795955525,0.03772983842458333,0.030589503460066374,0.05776114611876382,0.011075785186860415,0.02039676854636798,0.018947808951342744,0.013234926157536488,0.026509590710712093,0.5772045432405765,0.023033575866741603,0.011892293999432937,0.009466413190620807,0.015469204649717898,0.029603649476866473
795,0.033860384928251636,0.016341347239170325,0.011676152409191863,0.013800335567870269,0.016597618087214328,0.004689093394340733,0.020727797259728287,0.04139779491810699,0.01593118766104865,0.006600388359234987,0.017985683618395056,0.025697281272749752,0.016375681150674,0.014418475955037684,0.0050534326234744275,0.006215525423485769,0.6687274418455595,0.03164003134698307,0.013578298427682711,0.018686048511799887
796,0.025427517548251267,0.01402211076940142,0.01448155579056264,0.017047414962055796,0.011672661193403775,0.01653644618946295,0.017535403126451684,0.02770167467523151,0.021349738240720454,0.006696332100136771,0.016646609090960895,0.018240611702497408,0.015053850482035315,0.02933055557651937,0.005691854717876302,0.016355338319776355,0.6909694149023752,0.006168387478349338,0.011050883755936743,0.018021639377994933
797,0.006680389500620714,0.02054822700918213,0.015668185699615967,0.011003190206104565,0.014525777577223386,0.013802661232632685,0.050995611333843914,0.017205446472083746,0.012777819046838203,0.006453131273440099,0.015919012719102336,0.01829629859732674,0.012514036991066376,0.015586755729493132,0.02481718424413645,0.01108501041104826,0.00843910946097277,0.005076698566681145,0.7014800238723452,0.017125430056242105
798,0.015141726749857639,0.015604213307991818,0.013677004510654171,0.013859999749155597,0.016256289715729445,0.005621696377938159,0.022093246808551688,0.016676517712702912,0.01788699727454794,0.04291503709081625,0.01411135653105664,0.01676750965346666,0.040876078760437654,0.01645577538807415,0.005028307503069402,0.6648242089117911,0.02199488708093309,0.007842915281200468,0.01670468010128075,0.015661551490744448
799,0.005055547709036075,0.11538587217448458,0.00734884533516975,0.005189409336858434,0.04012256179156697,0.001626790535112001,0.00653828023168698,0.23160235207677685,0.005994291460562686,0.44779523358009327,0.017275900569066784,0.007067754716996451,0.00401315738729599,0.004972451646805069,0.0015791179982557939,0.0021326387898472072,0.023413846992061154,0.059171610522939136,0.004764070029803909,0.008950267115580928
800,0.00740109495242022,0.01613731456266963,0.02023129453855037,0.013223384547932935,0.01298001611612168,0.005960798675224248,0.5424373519476133,0.011191549069138532,0.015588206316947685,0.012657245639241753,0.1305970755960113,0.020608987957186173,0.016859834562908384,0.01905940588130192,0.07879603550348656,0.006143998510305119,0.016378111663914955,0.007093876308036405,0.009224277307571008,0.03743014034341783
801,0.00816235546135744,0.041909613580563436,0.013750006568721114,0.030411474428725018,0.014775876684329307,0.33711745189826753,0.013589799782394918,0.012172004828578041,0.009933908116572398,0.005390839824016199,0.013112035733968623,0.08667211549286927,0.006815871605782894,0.011959545798213133,0.00897401148006963,0.19669063177609616,0.007156856409432791,0.15351002554002932,0.01090886850687231,0.01698670648314047
802,0.06032822317360183,0.040742275178005605,0.006860493181458134,0.015505795520924124,0.006901913275425062,0.09123893589585294,0.03595531471362558,0.021675095533757464,0.10095070459098239,0.0016051616047382219,0.0056887146115887745,0.018506832511031395,0.0018074383225912772,0.07839501457410111,0.09347601340840136,0.19260226065206357,0.15534720176005107,0.003499189041043772,0.04596186980466839,0.02295155264608791
803,0.13763207504731476,0.036558203647058536,0.007159694185920543,0.018551466024557067,0.0698731965179373,0.16838332264132563,0.012346108642510815,0.00743652554095527,0.007156154653397971,0.02979034895401325,0.007723250066748721,0.024757941759610606,0.004464720239322243,0.10699176307774924,0.01048022014199788,0.27610321811703814,0.0491470253612527,0.007501588932215417,0.009098888875873507,0.00884428757320045
804,0.013665903993195854,0.009988360054098783,0.41738366116998293,0.24728006008734896,0.007520679980856751,0.01572251564314205,0.007665632376731679,0.011058245079760972,0.023309690138783715,0.0029894047635653336,0.09351186862911615,0.007971269702798572,0.003541101048522144,0.0993885680309733,0.00372013508452079,0.002699805189923409,0.004883736173812649,0.010368027142556606,0.008757896058036329,0.008573439652273038
805,0.007065013756717567,0.012706399808628489,0.014490552202764448,0.014787725783015631,0.012837852658182177,0.005496925373371788,0.04287610952059022,0.01265444179550056,0.01134944511474234,0.01285183606687183,0.013990408582292514,0.013236402613514485,0.006549192067438637,0.01365194157647812,0.0669766918911142,0.005851927944144812,0.007821715928618533,0.007864344840930867,0.7026249786914645,0.014316093783618259
806,0.02810977009425428,0.04260547993829832,0.0094409558186655,0.007624371233954232,0.053045750474381544,0.03898424753768759,0.050563700676668384,0.08452555788634218,0.01809472876514124,0.04412773814199261,0.236301944488757,0.006941316498033873,0.002580390343215829,0.14060384666851075,0.029446961176000694,0.11425403088971821,0.04273396648224542,0.015731525840635082,0.01675824589349989,0.01752547115199734
807,0.05749190770176523,0.15102511619665285,0.09887054460118307,0.00815918192600672,0.0030718624620545833,0.1998160016010073,0.013703710408707928,0.013265985856417743,0.0033148343637917706,0.005578266897833209,0.0034440770796335357,0.04098682114299362,0.002439362701561043,0.014231264851832376,0.00291518136604076,0.16504504622893879,0.1559545638679613,0.049088812817729005,0.007599278048118523,0.003998179879770718
808,0.04335384395755698,0.1322079361338278,0.059926227256901256,0.016161671769408515,0.0026185868438492695,0.05194714433372903,0.08582649683186779,0.03537724622482909,0.040307667026029274,0.038950783486632556,0.05900607002027025,0.10209844874965249,0.004409528269853808,0.057303091965544034,0.06697388461442769,0.052217956823547684,0.07482391411914664,0.07075992558131088,0.0034071793338287114,0.0023223966577862213
809,0.08963957254158494,0.03435765186167157,0.09598300836609146,0.0907580377111202,0.004629162894432859,0.031684406094050786,0.05129028675180714,0.005180472815610017,0.0592284276725118,0.04160697695388642,0.04433306850229478,0.10546137345270899,0.0009662300149848267,0.13039967303166505,0.047360284427605134,0.049600078663891406,0.08638089291682922,0.024283393054260072,0.0020132047965224077,0.004843797476470873
810,0.05044709114070272,0.07059286103086664,0.3157790290122126,0.1146703650639442,0.007757839589008076,0.056992266921882605,0.023321687489763154,0.005517535152415289,0.012288261143479124,0.0038975011654330265,0.008426944005556752,0.08720719396875447,0.04188661290323629,0.01764758357357524,0.004680928460626109,0.13190532619319204,0.02138949518016333,0.008754131202329929,0.010169392607172761,0.006667954195685596
811,0.008070493044222804,0.08133385975277146,0.010709270640377291,0.0060224553305560195,0.010356194056092014,0.0028865665834659146,0.00963584030637,0.17401484892014782,0.004555106790339027,0.23172484044550837,0.23469146118547332,0.012067717396075562,0.002561801480344034,0.012225387821962507,0.005564622490996308,0.038282853576354275,0.045473573192073215,0.09114175526475578,0.004328885521163135,0.014352466200951094
812,0.005128482848833206,0.010649374646358624,0.007759614030771726,0.009242152536359374,0.020193504966224546,0.004333101583610026,0.015014887560788896,0.09557497408316291,0.008331691598419315,0.5099630078442405,0.23846378310188523,0.00637732159239812,0.018009752442485795,0.010405936737721347,0.006318808012397453,0.003241810880725262,0.004444025772821515,0.008042365243731892,0.0101458621882936,0.008359542328770536
813,0.05783071448951666,0.016926956000135773,0.09769457437134438,0.052906736757618957,0.08399311432951372,0.04560883129081792,0.06412514042086417,0.044353122854049264,0.02716678486261427,0.05846059934191972,0.039379549465957335,0.056899931300987944,0.009707079029273228,0.05003182417954077,0.029367131133884162,0.05619415057532196,0.04208477624978695,0.04275742110872586,0.07040912268680385,0.05410243955132307
814,0.04222552921119141,0.23801476664670826,0.006623942303821597,0.004215645143835203,0.006592844044845281,0.01347984381842054,0.00696542794158147,0.13618535747988936,0.0066534485275483715,0.023005857071854607,0.055422774238707076,0.004843372754432566,0.002640868939414875,0.011521228729133066,0.0021005704679803463,0.00275608565523915,0.1788200642919958,0.2469513643622316,0.0047919045512822365,0.0061891038198872185
815,0.008835549328662085,0.0246234482169746,0.016406656376388596,0.018083418593140516,0.014018503596456955,0.018656975043362476,0.015821909748630132,0.014034329506867045,0.017018346081631195,0.016925911695678458,0.01462474326395033,0.012226994275529006,0.007813979092567033,0.016423024976503796,0.020603431245113782,0.0073415624112904525,0.009510731130372822,0.007357611149964699,0.7232414468339222,0.01643142743299391
816,0.008686096143113733,0.015817407809785827,0.03249236374463296,0.011279275396842576,0.01342323213014852,0.015346719876285093,0.0376693976703089,0.03444984509947934,0.03541179990295052,0.005486614263681175,0.01489654554069088,0.5995803894648758,0.009305436111061131,0.014763269895295604,0.005376741665306859,0.055881213099681304,0.051411296781906854,0.00908596749018073,0.012267333956645178,0.017369053957127036
817,0.026685492493643187,0.005972296670586711,0.007407181963172783,0.005182247969538628,0.00637596559437945,0.024396845161600796,0.04562004103539587,0.010368464022484515,0.1921950164168725,0.017153171809992658,0.037633184577675366,0.15073915657511994,0.0033854663637532725,0.20645326781096887,0.16626020884156564,0.05008330920249462,0.023437627328544458,0.0029955252988286135,0.00659191896894355,0.011063611894438594
818,0.024870954735899266,0.2084471231402893,0.0047310714888697545,0.0068691063185986,0.011156383625982631,0.007840375264526276,0.005543989812153815,0.07321971633321157,0.004752456882944117,0.029985391561928147,0.21880065936330098,0.005930883424267269,0.0032652056897502753,0.005629018917648137,0.0018961404423280814,0.004282816575733015,0.15025930292180417,0.22276538403027907,0.004891155854168881,0.004862863616316674
819,0.006813740350158513,0.03717084896460048,0.008836358646108785,0.01330453450113626,0.01292275879550717,0.006345180582173639,0.011533667141705463,0.016562054747123415,0.014294878329368715,0.008666952064064377,0.013031829641211872,0.008118151405823046,0.005342791989325205,0.013956487222498828,0.07565418424438808,0.01591022952330689,0.007150438452811884,0.0068507642407708924,0.7071352379350588,0.010398911222857665
820,0.011279220964722026,0.01174023146428248,0.014421636499214182,0.01936887606002041,0.01650234066579743,0.00715435945474491,0.01126832478922894,0.49879497764730957,0.015247465921986805,0.01067490236330405,0.009208305894877271,0.020268850723028278,0.003988412813436234,0.012799957563051863,0.005628009779330028,0.014771446028074876,0.053314929274541144,0.23345885958684143,0.0159922323178057,0.014116660188402358
821,0.05989174994263728,0.0593071699915862,0.1150173002828249,0.07078901799765316,0.016454431250952074,0.023409028734264065,0.05132964265724033,0.1027962605638083,0.01896783541498127,0.08833110532166502,0.02541503886956189,0.02325943724410763,0.0011916769586256964,0.0350145693367819,0.010999017493605568,0.03206857893488173,0.06699768146680282,0.05542276034982526,0.07369477950593795,0.06964291768225692
822,0.02288676487599697,0.048194851881376385,0.07369176818772982,0.1464865490333627,0.08738246913399741,0.04374649455385266,0.046589024564395495,0.005514858276818807,0.019433403894179475,0.05491048220545706,0.04481605076341231,0.09208175611852683,0.0027928708865103445,0.07678244082176748,0.020627061262374683,0.047819904175701936,0.060727587891727705,0.025010128305725045,0.04584798020899618,0.03465755295809071
823,0.011662380353305758,0.017106492329673106,0.02929968965068364,0.016919714957918244,0.01727056826467202,0.021726937755584156,0.038671016419125896,0.029880306501787784,0.03370094580193552,0.0071354969168411445,0.017147117407476684,0.6359313505124932,0.007537532760579235,0.020638298001087685,0.0064118996746410205,0.021099622223867447,0.016375735209423918,0.010602185555283198,0.015039072039947882,0.025843637663672477
824,0.04565297419181961,0.01827102671638824,0.0740164405111859,0.04532576499890434,0.03250297823861454,0.028579684654171832,0.06137097195874121,0.02946904232747368,0.08915785692991764,0.03848102086447663,0.06724257362467986,0.06031336865063913,0.1080732142666562,0.07284931470269362,0.026301663178512433,0.05091821578067405,0.0623066332223549,0.047746703532219284,0.016056326057175073,0.02536422559270182
825,0.011737576290422689,0.044300286017872934,0.06342208790140678,0.008517216568266964,0.035443867562334475,0.021929042490111808,0.08933817110058624,0.006942698308519523,0.07983481294547773,0.02382734227264388,0.16917549037441412,0.041958737823242394,0.007186721062913401,0.10301052751025475,0.058982166758703235,0.0266445520643109,0.0031096059716076074,0.005346556722225587,0.14343335909441451,0.055859181160270444
826,0.006778434729115319,0.0751623407513043,0.009309390467375958,0.010677138292027356,0.01385850309829082,0.004960184863807426,0.01814781341817168,0.061036688785925795,0.036176907930711204,0.12088144033169448,0.34698612955741026,0.011729427448069396,0.005876943410050869,0.041400316321063974,0.01755299226019383,0.005469864996377698,0.051278765425606686,0.14037963362991496,0.011213912259898593,0.011123172022989354
827,0.056062202273650635,0.038115082234187025,0.033225034023296206,0.04497606777914571,0.09784898868404357,0.03235791487180527,0.043673496462664094,0.022300538339752964,0.031291477422324084,0.03770152341653591,0.039274560635476956,0.024618163630770306,0.07895043184920955,0.07764910023170303,0.03788235700253812,0.051439115252469095,0.0720868364321708,0.03533028538634607,0.050533724916700044,0.09468309915521057
828,0.01643001739164816,0.13575576125492583,0.16133714990719528,0.12072985832010454,0.011697721963670839,0.007980387284212166,0.06563803926410706,0.16967903797895847,0.009217035696857811,0.0065854159009148105,0.06479730564732002,0.03893625564621558,0.010506573873430784,0.007689417965807162,0.002741941151987514,0.06340061711282985,0.008931797305425484,0.06216780128187174,0.009128142836187585,0.026649722216329302
829,0.011309190214801933,0.018978312667706606,0.01971054102104475,0.035516631381550784,0.011644496677153301,0.008400015625391393,0.022748620367788783,0.019301472515115766,0.5033627944187945,0.006155570928119992,0.04151395747244797,0.040096295230586894,0.007600145090934879,0.04158331598175727,0.0816575419500432,0.009549667188456448,0.08036229896525808,0.007735392440486359,0.014752614195063688,0.018021125667497466
830,0.13289050335861372,0.028849754081581615,0.01696757440304101,0.06072191226402624,0.017560928765846178,0.007117257809251507,0.014827093379032215,0.03658722325911093,0.012945234578074252,0.004885488265649903,0.027495254228939052,0.11208989482218687,0.010984610525683792,0.013604777335541027,0.02054474820759279,0.19892362403488287,0.2308103511508043,0.028314151394940215,0.011619215404087214,0.012260402731114303
831,0.09752308306713876,0.0041548237028780745,0.007788310008591436,0.02235991803961355,0.05684468530249563,0.004233628702578964,0.04707565220167485,0.03140240132763923,0.018252093275537208,0.12238366503620127,0.03163115901547542,0.02874093284904472,0.11782430258257602,0.0416587760306937,0.0605867058540315,0.011222460272564851,0.082735844244571,0.036020511350465155,0.06557173036115668,0.11198931677507198
832,0.043170499127547626,0.04987369529964289,0.01049662253265837,0.0079364041500249,0.009524399840268033,0.021404791070130203,0.010824020485755535,0.2888128490519642,0.008759939827168672,0.18793229583201776,0.05456230132253433,0.012695624335891472,0.004024239260198922,0.01406873987280228,0.0028709585777653827,0.0032499399730777385,0.005174302566686822,0.2491563935305431,0.007431901313316975,0.00803008203000474
833,0.08492615365010046,0.019092672935662865,0.05852253554497521,0.1304642677063487,0.015390921256136204,0.07007872703887662,0.06328183369804859,0.00863045670292523,0.07661424952265518,0.038254859137236384,0.05309716996057543,0.03659625586630248,0.03676005914330001,0.03386672685422795,0.04701701159760569,0.06560459938314048,0.07799644359735243,0.04203767778510936,0.004445445985232279,0.037321932634188475
834,0.0684561860025873,0.03028912945553479,0.013024089207997684,0.05495633127577037,0.008981633106264812,0.010420320395794625,0.045423123834446404,0.029660513496665816,0.15047521093723282,0.049318180131753084,0.07977379489639044,0.04929234645043079,0.0013755770714524325,0.11315470280235193,0.08191279289970069,0.05015574299982213,0.0682425700277013,0.08158838516697178,0.007595872844219249,0.005903496996911572
835,0.009701748903308273,0.0269405434666773,0.022027470682020458,0.02557234699126573,0.016938864984270538,0.019553695024398157,0.015966580487672747,0.018096976042103204,0.016650150921902356,0.0076902796996820184,0.015502513375597791,0.013425992386147766,0.008215963232896806,0.01774043763131181,0.04152682717342036,0.010115471551398351,0.010252709455302414,0.011772970020652172,0.6287949462529092,0.06351351171706253
836,0.033492234355256986,0.01615442674704774,0.007490308068457836,0.006430006390228962,0.006578935570724405,0.0035465772409815194,0.016363381836910103,0.09315558440577394,0.1539249947792264,0.05201078170982824,0.041962028390176695,0.00663836044499309,0.05124509929077376,0.07832957103612007,0.033761908019940085,0.05755032217915036,0.17177354265668346,0.07954873304373634,0.07666530755574881,0.013377896278241179
837,0.019013388061163785,0.015347978721790893,0.3572528972653284,0.20574031403682105,0.014139705342409022,0.0209945518194972,0.03829263399830442,0.021985896984388836,0.024514612261100934,0.01900802570574307,0.020424108904884105,0.021668033256845468,0.007695309302565678,0.11498598246647171,0.008071880517221961,0.02001614029261993,0.010940612170177857,0.03329349330374233,0.011579912500811319,0.015034523088112041
838,0.008398928468327306,0.01793050105792431,0.01563908739819323,0.014093728289287838,0.029048449937206077,0.006647699177902747,0.012260232649740209,0.3164058505158691,0.01981688362642378,0.11797774020963507,0.03555249661587253,0.029339702693831952,0.005420189041220802,0.011682082629931685,0.006065735361334328,0.025442054401233503,0.023599219907653363,0.2789677365344739,0.012840507845648321,0.01287117363828994
839,0.008840435532671392,0.015073767765341325,0.015890664699149692,0.019034325804736327,0.019334658198149578,0.12174239711396974,0.011957225248515458,0.021570476236898152,0.016410534641130986,0.018189203702217757,0.013608985749471057,0.012903765745560642,0.5606364472396388,0.01508455436092942,0.012384580119118652,0.07393577177745568,0.009241356961474018,0.008900460977543092,0.013109594605242822,0.012150793520785356
840,0.006881273071594251,0.04377850568257684,0.04770556044681987,0.018827049567828016,0.15746379686754772,0.008723120676230371,0.054809682966668154,0.014451508192320859,0.014543439559949963,0.011994748331643606,0.01257195207119996,0.05788996893425222,0.009107934155072448,0.018120503297827373,0.006745282282881861,0.011695206504063404,0.005833292552701397,0.009195145262961758,0.010291969667250395,0.47937005990860954
841,0.019587007528512442,0.03785161935635841,0.013567834622473228,0.01006255922260184,0.010898931129323395,0.059404059744480354,0.013077680195121804,0.16110959297822844,0.01584566162133639,0.3191045828399695,0.12364243018326465,0.044651827346629834,0.02786814619245672,0.034808749291574875,0.009486840704502777,0.041054346642482004,0.006466670997045488,0.027256696462169168,0.011858215980954758,0.01239654696051396
842,0.1318893436656449,0.026279831957221098,0.01059125832676549,0.035241548896349596,0.01326483694941558,0.4210350493353977,0.018689033428697682,0.017759458572929702,0.012783672893724838,0.004665647838776858,0.015967859562705824,0.15016493585110186,0.00737246446605867,0.035443251893802735,0.013407504978470155,0.0063869607463127075,0.0072006584785504315,0.02727086423692642,0.014539092674249526,0.030046725246898304
843,0.014356835564069817,0.024011328739348796,0.026741171718977684,0.0667898245281561,0.013248591863771248,0.03782183179557741,0.014227019669774058,0.03828102234961539,0.529408049826002,0.006175925706333845,0.04868305664988971,0.041228466946323275,0.007297667533604129,0.021780488864535413,0.041589972141689566,0.008023206066327945,0.012066125733492548,0.014086621450183764,0.019602196153691825,0.014580596698635458
844,0.013164680569528363,0.017121665971234146,0.016590929155321846,0.03626496548228109,0.01432753863838413,0.048846816912810224,0.014442899374278508,0.011577878758107936,0.06196513081808306,0.006090024184520688,0.026308572016013877,0.013446789053465974,0.007889903735150689,0.0198450367610753,0.5973620767593505,0.012699925256896397,0.00817849096888877,0.012897244981175067,0.04787193388157367,0.01310749672185974
845,0.037700828130380365,0.023766955395402682,0.033978977048025584,0.5798271243080932,0.019340675874530394,0.016895730078357526,0.01937687364024214,0.01907070935790236,0.061412122090672,0.008438900849874463,0.02195192133086988,0.019418770497637346,0.009834266344658572,0.015558583380630554,0.009031974481185444,0.007276378133664242,0.012046736332828677,0.053472366814563875,0.017251375728342906,0.014348730182137757
846,0.007817468114491036,0.016009910023386354,0.6460418777830618,0.01944462622236578,0.0182534351683541,0.05096998436682378,0.008820976432511264,0.020136200467597672,0.01588301023459941,0.007230768791531341,0.016707120520354175,0.034878104350530896,0.006647300040024229,0.01778970918652553,0.008204616920492498,0.006634118476068982,0.010242700057741682,0.013756022837487857,0.022381709513076272,0.05215034049297544
847,0.014709925979660352,0.015811671638310036,0.015244841337247126,0.013434585421734781,0.025828949447157447,0.04080425097125632,0.11334583448577613,0.09396666708818312,0.015790942853083398,0.24949387303979803,0.04503760240790049,0.09229538977215658,0.011981480870475967,0.15259814427163604,0.01232779942551384,0.02313387438889091,0.02040009728616006,0.023466915584010616,0.009426217683074903,0.010900936047973863
848,0.014522288431678921,0.02381727968429492,0.02534734062593713,0.021857302564829144,0.024856073001060103,0.04547140349361595,0.022449442483156137,0.022932222105943634,0.0228069342086119,0.01900806866519925,0.025099058079200258,0.02085895201282746,0.013059326862963886,0.02571856043407566,0.06162682534452175,0.015147397983724949,0.011900473131959393,0.011975839148353914,0.5245496231232004,0.046995588614845284
849,0.018269398395527704,0.5218311611701434,0.08974890377827123,0.04310690019820586,0.04343021267467509,0.023445914374529902,0.014078925603348866,0.01688928266329953,0.022159152975125086,0.0063299884192531235,0.02069893751639771,0.0140323250873927,0.006526430130464558,0.0146079792192478,0.020931158778541778,0.011457396081742184,0.009631834507914739,0.02796310855120813,0.009777168764987248,0.06508382110972344
850,0.04306006856146352,0.015443563465500805,0.045923510294885894,0.021882735098249197,0.023805274403382527,0.5773563559616011,0.013248299357449176,0.020688419604194645,0.026781776784321608,0.009516385231142635,0.026093383865954816,0.01810593165268347,0.010105560886109127,0.019320542064746486,0.03023986369544056,0.008981172926965106,0.021267025528516982,0.03384047216254102,0.020517088211276,0.013822570243575277
851,0.15936424920780354,0.03283426302058958,0.019649367716222825,0.01529260951308448,0.025459549552530002,0.009934269011777066,0.014810650486501093,0.015578045453984592,0.02070108720667996,0.010959620358600852,0.016795380247550437,0.016454778483205958,0.05280070367557781,0.01756215082479328,0.007633628631703687,0.4680856823403948,0.04684700653558871,0.013921751316313498,0.017427196232680617,0.01788801018441721
852,0.015005530585154307,0.025997223065250718,0.028964776161721023,0.018916847636639547,0.07211951218247022,0.007859833315547408,0.020511087570797747,0.06933479689823088,0.02246914726548254,0.37980081774729213,0.16467024495006705,0.023607154890261158,0.02298235854319764,0.02092805419284374,0.019163642921959906,0.0090443377500205,0.0195255588564603,0.01213125626218035,0.02320408044200293,0.023763738762419946
853,0.013076308178716438,0.05710515151114375,0.017436536235461757,0.018624473983902594,0.019180887283864124,0.008826947672703407,0.022128673842557258,0.46195768893940165,0.021470778735608407,0.042087656076016854,0.03966068052700343,0.02190328092659823,0.009365976030442926,0.025253937428617597,0.018021272083135614,0.011078027402994125,0.060533995964041694,0.09226737876634772,0.015874323782679466,0.024146024628762915
854,0.007816036977109463,0.011638082954331089,0.012154795560536415,0.03139422564973239,0.0241546326360334,0.4300020251789856,0.015388031116003578,0.01668191147229977,0.010613750828754601,0.005390260631441737,0.016536465351482732,0.015117024145029922,0.005405979840795317,0.02462259095988315,0.00928884130936226,0.12208295488077033,0.19221450239316346,0.02322226259657103,0.009222178156908139,0.017053447360805656
855,0.011509066828290618,0.08704105946212717,0.008139926789969927,0.013941926028380331,0.10625676648161721,0.00685720999507655,0.1893730111107542,0.011008184398297285,0.015434649087650425,0.004234169125647257,0.017418563641312258,0.043249265268560856,0.006352759236421453,0.007846275689449329,0.019893434788473576,0.003470581824081064,0.00643546944268607,0.0106966561676558,0.08895163709832692,0.3418893875352217
856,0.015365147295143206,0.02097740502948162,0.027090154860549307,0.023788282798351473,0.02856069853069548,0.030209305277636298,0.019251376011608822,0.032958616094533946,0.03389383580610894,0.010850762078692776,0.024676025656372315,0.020150227080231873,0.009320927165286545,0.022207445962912083,0.5708130335249054,0.02253710432342525,0.02105015928500128,0.017931978811340513,0.018356580319724026,0.030010934087998976
857,0.01191420260434991,0.015551317251777743,0.016882422655807975,0.021344109160248325,0.04207826485065609,0.006272540581723336,0.01902452708992302,0.01735230174900176,0.027318898721877868,0.0766804646280659,0.030963167531235,0.018173580887402105,0.5903493144144749,0.01676689763846862,0.00544662133716501,0.028189875196382833,0.0065006639780790165,0.013603706057036402,0.016086398908339804,0.019500724757984415
858,0.004486419899373859,0.033009586208944605,0.011248823519490584,0.019097906930667104,0.015633441537000012,0.008247226353250009,0.04212973832617246,0.01490096608378692,0.022070069817904832,0.023962440006090695,0.019263913267011126,0.017600786648781334,0.013675335164850979,0.01493334338366735,0.6891072804218177,0.01370400323905813,0.006529323185743952,0.007548711942100978,0.011656563260470747,0.011194120803816791
859,0.1154322813937888,0.023699341634716608,0.005021217247295067,0.007293432903991788,0.02229583087421294,0.02972394031546032,0.12054378683676514,0.022290431372839797,0.01565117112046227,0.0054626571511526886,0.006442331757721054,0.007280186816784639,0.0027574947124334274,0.2160880483662313,0.005149015144220276,0.2000341286662208,0.17614541612557102,0.005697317544500446,0.006916738796054109,0.006075231219577492
860,0.0392293715862409,0.02533021071823347,0.015318531856618727,0.02637175699406804,0.01999418059319114,0.014408306880195574,0.014098909854805249,0.07291329045820684,0.022327318197073714,0.009106757533851935,0.027341933668947514,0.016264638603701833,0.03403897345040393,0.018983301223944277,0.01021182619464165,0.04837693382058633,0.5340897973117289,0.011287705678326905,0.019466360321223335,0.020839895054009613
861,0.014829258677090371,0.03009548864490223,0.01573773669536421,0.012922783340183994,0.017938867649871064,0.01630242318001175,0.018414753958802307,0.018192189041313523,0.014155084647567548,0.017116294735779133,0.015317469363972139,0.018986918495349114,0.008675193920587562,0.015702367422267115,0.020394481501838226,0.007417207226470643,0.011585497114763725,0.009159875898277143,0.6359027285975054,0.08115337988808279
862,0.4720492926079627,0.034570945129535895,0.0401799115673473,0.019491599716704267,0.02421459629769935,0.013552397355658843,0.0193199846876509,0.04184357226135391,0.020249827763769955,0.010429571357135948,0.024485080353223845,0.018867230142029068,0.01434532002919388,0.018786793311924736,0.008631461440212148,0.10481281239820667,0.03459749665421956,0.028668437999674723,0.0250090615703966,0.02589460735609972
863,0.07858804194700664,0.020539108482796387,0.056735610096806104,0.12000482363505045,0.044662759545698164,0.09105547662880546,0.023544711759480617,0.00584818311915235,0.058097422549438796,0.036713438701533006,0.0354786834763988,0.012682582376058068,0.0019150943317416736,0.09519890741845155,0.008675547767281723,0.126835119711279,0.05336399090447727,0.07303796297814516,0.03328774739941123,0.023734787170987526
864,0.008736128047572275,0.1940985822732995,0.045779770276536215,0.019688195968809444,0.016966881671626445,0.014956511675947042,0.12048862487324716,0.028747801517670007,0.0200133265460953,0.005259726391870329,0.01657034419581286,0.22960299012654567,0.00593567893030726,0.012305448534032832,0.021374685053870076,0.05972967013723712,0.06174842004864108,0.009700533947974467,0.01576166879931165,0.09253501098359325
865,0.1076322228967231,0.01642780032764661,0.01379264395950652,0.016200545270397562,0.01679270670617051,0.007152623453151373,0.008501608218344954,0.2744662250982208,0.0219165664697627,0.05761507422423042,0.08402320257633773,0.015996595772223638,0.0071114593667039915,0.015144816877545637,0.004431601292909127,0.008614509975891227,0.024973823422152285,0.2745627506904114,0.011369942241310535,0.013273281160359886
866,0.0233611903093402,0.042839873170445145,0.006915272723894833,0.019633318873821012,0.025151965595727147,0.022717069738988564,0.03687600581017811,0.02895386402781147,0.14620890598254035,0.022172851858041024,0.015497159634771211,0.0100090260646698,0.16318761037015403,0.10736974063523835,0.08850391372128906,0.014068986709833396,0.048112697926172864,0.05326273567756978,0.05512513189223381,0.07003267927727984
867,0.048630405079083644,0.09105360465455589,0.04297654676503452,0.04644438116970455,0.03662712465353527,0.051305528344453004,0.05578796342309882,0.05019692945539226,0.012752163152374802,0.06184016640171248,0.06739367748600306,0.09178863574194908,0.0458157233871233,0.04528888077737188,0.040604457368599925,0.04940504349249488,0.05407917775462913,0.06325130558707834,0.013121323162898048,0.03163696214290715
868,0.029750361631173165,0.019880438228090276,0.022593888726456006,0.024598019926501426,0.022490932386035403,0.01535065220757863,0.017798909477674336,0.059996027558838566,0.05361246373603928,0.011811946160143074,0.02180076526213114,0.015138374089389327,0.018020827078944514,0.02118215242160373,0.010623811817304499,0.027398912285625545,0.5206216419557989,0.04465532596923448,0.020644967209845426,0.02202958187159222
869,0.12158597225255087,0.20855775270028065,0.03090215477829688,0.017458530231743884,0.026790944636859514,0.01509303999805054,0.010685518833581573,0.029274845661384177,0.011291780647704093,0.02296513284238785,0.05238242716571964,0.011250271517748425,0.0031827816944183292,0.01031355438075773,0.048780083046513996,0.03844770784961188,0.05891462313694955,0.25144646044181196,0.012363672667999663,0.018312745515628857
870,0.08558672284730652,0.0750963022043591,0.022300837306576733,0.008880899083677545,0.024491123378176126,0.10727107273354547,0.09620286689250006,0.01920394058180882,0.07154376100791314,0.02743903407210346,0.09683285152588153,0.06329548890195622,0.0015407236746653168,0.027654626149256428,0.05957290873544002,0.05333189591660059,0.07519409665022049,0.00542315396751193,0.024535093280957886,0.054602601089542555
871,0.012914548127803382,0.11818183724127593,0.006321651345527138,0.004504948639888959,0.07112149826073505,0.020197511338701287,0.0327737427120079,0.025498953647431988,0.10069659585563907,0.14781071429613898,0.09948010592941303,0.01229262291419032,0.0013178660412901735,0.036355029750686156,0.15158341081516896,0.056162704689642774,0.04257375684502392,0.0454613924097711,0.00951053370855968,0.005240575431104189
872,0.023401095695987056,0.2241250931811999,0.011933947858043534,0.018695114462662372,0.011106169043512032,0.00618516815117317,0.012482933501472025,0.09353063520488725,0.007948954611889205,0.12337631980347485,0.23460290784187326,0.009851989727787296,0.0027890816554625207,0.007368642027720242,0.002808968223174519,0.004807618706195322,0.02592154074611879,0.16323871323623856,0.008409599913082592,0.007415506408045428
873,0.006010835173652706,0.02451158602239781,0.016644173360240745,0.016672446778509327,0.011393141143960804,0.019768989804755152,0.14013640392218696,0.013655600722277348,0.14474578919535896,0.010289563185141019,0.016129575743835927,0.008814268060810255,0.0057135722238050345,0.1778987022154406,0.34345469137286194,0.003980560356552557,0.007747586654445355,0.007037131354665596,0.01196267929227781,0.013432703416824163
874,0.011951357781473066,0.02232946305070145,0.018426693127660942,0.011064531894859335,0.04025294249422343,0.055508699989112405,0.11861212787394361,0.03247346978421541,0.0639814661608338,0.00952150459016403,0.02147323306144001,0.05756763033834881,0.006753181708696032,0.02593539050370333,0.36569645553441743,0.010387193691126156,0.03107205180601278,0.03132766727360635,0.044928445871238204,0.020736493464223456
875,0.017094122621945977,0.05892680704060791,0.010856850366378908,0.026112673474040046,0.02024747483433109,0.00654232544217396,0.016496650206147694,0.376553602770078,0.015899494055579146,0.05781797933296366,0.05233098131756732,0.017243275391251735,0.005794195341471909,0.017348628372626813,0.014366399528595744,0.0158217377884818,0.013473930189772741,0.23009140283405635,0.01676249610803441,0.010218972983894823
876,0.03398988461423643,0.06376292087159435,0.009308518666139373,0.014551411104181991,0.07340246034129844,0.008452540641516276,0.009831612326935572,0.4394093824801597,0.035660237252015045,0.05463696020081106,0.05235416125455921,0.022046978476892066,0.004591338470498315,0.01341971847211185,0.014861280374172845,0.00982500732104352,0.03290239197955479,0.08114257927367571,0.014255537558861196,0.011595078319742196
877,0.042422639704615815,0.07464920066035931,0.08085390587438088,0.0067386694562585146,0.005692360019052761,0.20848062676913268,0.010362269725267464,0.0062174407112716825,0.00819296364969801,0.0018209884102844886,0.005893817818677578,0.2604728751813505,0.006943503406202568,0.006089619667415149,0.0023427580567349986,0.2469279707270838,0.01058433163096733,0.0038024352055325466,0.005961016657891197,0.005550606667822727
878,0.061158363555479274,0.06789790705428861,0.05538129228716435,0.0333317843898249,0.05420327785433717,0.03318395428666515,0.053567360822049076,0.07357652312526447,0.02591711201479793,0.03584154820190215,0.048635380863687086,0.05724293583899813,0.047933664467403526,0.10480083325182543,0.019678262364159288,0.06351184953736408,0.052817843437338946,0.04035440620224732,0.03972222728882096,0.03124347315638213
879,0.01908468990774734,0.03003430449920883,0.10752116628914254,0.10319564439018704,0.002473235172457799,0.08077891627906901,0.0492960782297641,0.0028384994985752037,0.024218601136940583,0.0008428936804818309,0.006220028827458395,0.14678527596672106,0.025942022103240363,0.08478567017016402,0.13973175136596083,0.0795754536849046,0.06073267487406117,0.0026107961900602708,0.0024064324631986062,0.030925865270656425
880,0.05167495053257275,0.03899500683136089,0.028252171858212636,0.05243781816116492,0.05324632827886429,0.06170668135233203,0.11856547370692437,0.0042955165088961605,0.0492623782979079,0.06431873775688009,0.04820274304745877,0.07683699115733686,0.02260085413343337,0.06130538133535547,0.034659859412941134,0.02486553501435186,0.00784297091265301,0.01067318818567714,0.07075731925265304,0.11950009426302327
881,0.025061429440418715,0.023916406953377826,0.03424761432569317,0.051093988204387646,0.09265363012101395,0.053607400766087616,0.07909806214713411,0.021711360676380048,0.061120506390387436,0.0561741693767762,0.053548979069278815,0.04021573990778723,0.06527130712361814,0.06500374160658885,0.052418202053941966,0.052548289951652234,0.053206322587897224,0.0543284212660149,0.015546952357101046,0.04922747567446287
882,0.006681572788830657,0.07343787855120973,0.006974129473195038,0.009461340926055132,0.26716462078415915,0.006018294209872575,0.10402122097238214,0.007981959646974379,0.009665633895542999,0.003573568613974858,0.009318831150043706,0.007645853905697856,0.00364411506936635,0.007349625367440881,0.004354735009250787,0.002891601621906218,0.008718808480064455,0.007485635883709969,0.09348722423197642,0.3601233494183466
883,0.06250423355880677,0.031745612537065565,0.05507328267453945,0.04391057901444063,0.07331022807162654,0.034780794882239494,0.045405392029039794,0.056402424293748574,0.012991300575987708,0.04788902060460373,0.0445490729045333,0.05988735237062049,0.018349594008664403,0.09674237082967499,0.050619314810790676,0.040386452247551496,0.07217667750040416,0.0676919407021594,0.03921274663462027,0.04637160974888257
884,0.010892378279790029,0.1326083709938178,0.19955466688223278,0.13622568607647828,0.08582647923879227,0.05019525228161506,0.023363301346399228,0.008602802140245822,0.008950905468316695,0.018756304286335145,0.06150437872684511,0.052532927191559484,0.002330819356441402,0.030873687445823386,0.0032292674800464445,0.07182756888431056,0.013779470023865656,0.008324052702649208,0.009133918548110612,0.07148776264632505
885,0.06865865053583767,0.08120216365578699,0.011723587577039793,0.005343960411480306,0.21748035218860176,0.014220408415735346,0.05443128636167516,0.015582059589875737,0.008283318721613853,0.03116410698079763,0.025960984893448863,0.04807180301716936,0.0023056259719502676,0.08603824935101324,0.005434380205231165,0.06837545265170476,0.0736853363577371,0.06494040751045693,0.02541276290528907,0.09168510269755502
