site,A,C,D,E,F,G,H,I,K,L,M,N,P,Q,R,S,T,V,W,Y
790,0.04299400732212755,0.02141580977083563,0.008184277268302408,0.021568624355798722,0.01023034658537801,0.0008120916075782194,0.14277206513890417,0.01742110001444105,0.04092138634151204,0.10421331884169029,0.053539524427089064,0.04092138634151204,0.04092138634151204,0.04092138634151204,0.03569301628472604,0.030594013958336608,0.21415809770835628,0.04093611947537795,0.03569301628472605,0.056089025590283774
791,0.1831707691750767,0.0702047553890698,0.010266222224860162,0.005295209358085767,0.009863625274865643,0.038017649773195446,0.007739152138740736,0.014372711114804223,0.005467879228458128,0.0017673357232117536,0.0059181751649193875,0.012898586897901226,0.5079561559937068,0.007341079612009734,0.001693753835077939,0.0024689356968343786,0.0967991949029438,0.0030673468842569995,0.0034220740749533866,0.012269387537027996
792,0.06484778817836104,0.03295711740340164,0.014830702831530734,0.03485215165409723,0.011575182697780089,0.08418189416754593,0.07288231105780821,0.00835169018101995,0.06273216829888864,0.017916285299835792,0.06346161211631757,0.1480467153834894,0.0004504921731922413,0.06169572377916788,0.08870957434415608,0.1188585076744672,0.06829642137616708,0.02291746991968839,0.0051337048262991005,0.01730248663678586
793,0.0886235941657847,0.039927228680662785,0.008400474779497494,0.0032989068480995297,0.007431189228017014,0.5861983422756007,0.07548431292861621,0.01093646716576089,0.009056761871645735,0.0020554353183876847,0.008651235220676524,0.03816942616013045,0.0036002034769274977,0.04495510192193142,0.0012782912885595467,0.03808957380414691,0.00455935094639607,0.007566629481876687,0.00854400262397929,0.013173471813302888
794,0.005803426134234761,0.01367029267175299,0.01864130818875408,0.01367029267175299,0.014646742148306779,0.0011553215904625627,0.10252719503814743,0.013360316315791444,0.03398027938616407,0.008788045288984065,0.020505439007629488,0.01809303441849661,0.011184784913252447,0.026746224792560204,0.6189828457578845,0.004584797219958594,0.010959515623536274,0.007153060118940519,0.011606852268469523,0.043940226444920336
795,0.0016596492917932673,0.013126588489354302,0.008182808408948136,0.010863383577396666,0.014001694388644587,0.002851023744294147,0.017935515588425387,0.011486662719426012,0.012354436225274637,0.004375529496451434,0.01465293598811643,0.15896230371922707,0.00561264257588919,0.012354436225274637,0.0031347076989502805,0.0034594846636603347,0.6354620184316004,0.045938436882657765,0.009265827168955978,0.014319914715659238
796,0.001807833019687191,0.010237960201674995,0.010082839592558707,0.014466682893671189,0.00756212969441903,0.011474068655374524,0.014466682893671189,0.009251329426444146,0.020165679185117413,0.004238645943368628,0.013580967614466831,0.12279422495593713,0.0033624377282180035,0.03914514194758086,0.0034126534005583316,0.01502253421239988,0.6716439802261628,0.004159171331930466,0.007649050725389364,0.01547598635136918
797,0.004188787824588882,0.16363904924451259,0.014259703232643002,0.00728484839058936,0.011731083819348516,0.002916800128727738,0.01396262608196294,0.01340412103868442,0.008592385281207962,0.0031311265944962124,0.012888577921811945,0.015586187254284213,0.008818500683345014,0.012185564580622203,0.004433838690182369,0.0033804132482783225,0.0053190956502715955,0.003017168672275313,0.6775824471328976,0.013677674529269818
798,0.008449285679651641,0.013036410298393347,0.010833073346552218,0.012608987009921436,0.014243485326022362,0.004048148461080039,0.025638273586840253,0.01672061320880886,0.01672061320880886,0.0030751198004320265,0.014243485326022362,0.016023920991775156,0.0019658731069060634,0.01636485548096186,0.0038650663698754145,0.7756379014003641,0.00972002356416772,0.006630587996596615,0.01479131168471553,0.01538296415210415
799,0.0015730092843985403,0.023612046770246566,0.005007947925840251,0.0036625290800921238,0.04462119470724582,0.0009474496075913989,0.004305078041511794,0.2473080867574699,0.0036086683583260635,0.5412196945144057,0.026563552616527396,0.004522505086450463,0.002886934686660851,0.003456189413608061,0.0009776472046461046,0.0013199460065971102,0.016248148419461778,0.03928721105171934,0.0029564993779056907,0.025915661089295022
800,0.008129476321661428,0.010718664132471778,0.015590784192686223,0.008720269124722804,0.009527701451086026,0.0033819481280046872,0.5185480407319808,0.00714577608831452,0.011965020426945241,0.0022866483482606456,0.0504814255458008,0.26772012552347163,0.005176530585347063,0.013282974320701553,0.007800790679215419,0.0032980505022990082,0.004947075753448512,0.013447254065906123,0.0063518009673906835,0.031479643110285116
801,0.0782151917041927,0.061863079470013634,0.005984529725161615,0.001774525584369324,0.0063972559131037976,0.18626625226674354,0.005984529725161615,0.016153137417170227,0.0035677004130771173,0.0016713551484685597,0.005014065445405679,0.20768319536361718,0.002235185800963977,0.005014065445405679,0.002088746127701629,0.18224052470653593,0.01938376490060428,0.19691940195021418,0.004122676032889114,0.007420816859200405
802,0.02696962146539987,0.0520987884312626,0.004972514729785447,0.0005060497172194515,0.01726055773785592,0.08356784116039398,0.022711260181389362,0.0215756971723199,0.12482114543284502,0.0011839320785203445,0.009951351511655495,0.04294783958568762,0.0012815759612849094,0.09142142872756694,0.0957900715315811,0.17749123328322977,0.17267508636179799,0.015411212265942784,0.01578709549194139,0.021575697172319896
803,0.1579373442534446,0.06515602652338139,0.004724166548224655,0.008102875716659973,0.062371580945459096,0.1754133227918362,0.05321075499409479,0.00485539339678645,0.007796447618182388,0.02003505725137567,0.01643575443833044,0.07831886016446851,0.0027745105124494006,0.06081229142182262,0.010178751370278046,0.21447192063946377,0.024653631657495654,0.019516894611862706,0.0069917664913724895,0.006242648653011153
804,0.0037851000213572107,0.010313027702835707,0.4037809959675937,0.43626827644181654,0.008999443934688097,0.001008133257139698,0.008839738031002036,0.012739622456444107,0.004648798656337706,0.0029667613939664368,0.014936109086865509,0.00941624268519782,0.00386738538856339,0.04132678931202178,0.0037995365220973663,0.0027414377437917706,0.005347495845914812,0.003972242269731176,0.011398609566292099,0.009844253716343176
805,0.004085760757637677,0.14295159684132777,0.01105973170601923,0.01105973170601923,0.008119803024672346,0.004027803646834478,0.010691073982485253,0.009868683676140234,0.007049059768671598,0.08624154141161623,0.009163777699273077,0.009868683676140234,0.003575782310927644,0.009719158165895686,0.002174636405775388,0.0032073221947455767,0.004614852078770614,0.004581888849636538,0.6482391264137328,0.009699985683678226
806,0.05834731225439227,0.07695301864409763,0.006393381765154017,0.0057274044979504736,0.043816106534088246,0.05121505986595877,0.0062480776341277905,0.03619408742771401,0.03624742114745665,0.07872705661745921,0.2773675757623813,0.012779697739109069,0.0016865976435682375,0.15066591018739114,0.015687698659562082,0.06815838794191503,0.02719725570983297,0.008497558891710041,0.0028938464831749764,0.035196544592956125
807,0.01843800501325474,0.17950759697705118,0.0049069804151213505,0.004193614078446191,0.0028615249005868133,0.1285062432571815,0.0031183284173061424,0.004870565791611481,0.004850578341384323,0.0012284324068175712,0.003040370206873489,0.10235862535494714,0.000810291250350984,0.002615372220966442,0.0008844713329086512,0.2451988052989872,0.2456638420887284,0.03945527229886619,0.0038607875642837955,0.0036302927843265545
808,0.03620876044011381,0.09173033224145925,0.056590392980923734,0.023242482831450813,0.0013692034163457197,0.03490133344269637,0.06938526568807886,0.033723788392430454,0.04507633033978341,0.03470877436163322,0.09162254101673369,0.16445894246836687,0.008232024082793443,0.06585370135577731,0.03666876872536045,0.08441181484507343,0.07140164370675424,0.047491133750843226,0.0016952042297613676,0.0012275616836203006
809,0.09186700496419811,0.05342360723265214,0.14774819401624273,0.11510083435198182,0.0016828779826625288,0.052629104058724,0.046862813361975564,0.01010534815245627,0.034150422022245414,0.014752080892645564,0.04794426290109808,0.049980505727013444,0.0006731511930650115,0.10464232817935,0.020112672645585365,0.09287024290769606,0.0904527763866779,0.016787021123538477,0.001586512789440731,0.006628239110750888
810,0.04740096694618748,0.0828944718770741,0.29755805704818544,0.21366768602311953,0.0043996288001566805,0.01654333473607659,0.020381078829280613,0.003275279217894418,0.012652803788195372,0.002120684385687033,0.005359547811099956,0.11084324893644154,0.01746949613938338,0.033419905657950805,0.002679773905549978,0.09906048284383695,0.01767029494558319,0.0015232165415680473,0.006550558435788836,0.004529483130940086
811,0.003913407803400446,0.00907199081697376,0.011404788455624157,0.006543731081095827,0.011404788455624157,0.0028717093233586004,0.010788313403968797,0.26505496363562214,0.004920023420018388,0.11623343852317591,0.4027847084269569,0.014255985569530196,0.0023619384375552985,0.021847733842385024,0.005009910285824073,0.020085819822837848,0.054524097637772044,0.01789220223653941,0.004246463786668569,0.01478398503506835
812,0.0030922426093424526,0.005895875908479609,0.004512149929958884,0.006317009901942438,0.010942068504315318,0.0025105805618519618,0.0026117450888370787,0.34996221995750004,0.005392569428487447,0.4477731518133578,0.13201860617420533,0.004019915392145187,0.0007166843776869154,0.005975549907242847,0.0014232029723880131,0.0018348161540911645,0.002279333469773045,0.0020663116501680873,0.005742736274493124,0.0049132299237330075
813,0.05688718233378674,0.04124017482619935,0.07159271246088807,0.08126740333398108,0.04825252072955125,0.06735730928421413,0.045344855483453204,0.0363214775889626,0.0242904529805291,0.049786132261007074,0.04679965648095212,0.046817091051097784,0.0013620235195639287,0.05972664582376922,0.03170395981990832,0.0753613420451743,0.05146511539306939,0.041773249835274,0.07422422837836938,0.04842646637024899
814,0.023491455460549537,0.12855587304325558,0.005097394410946166,0.0033734180669731384,0.004924601380066634,0.0015534389801175345,0.005282754207707845,0.1209831568191087,0.004842524690398858,0.07905805984326209,0.04299523603199253,0.003631893517799143,0.0017716553745361673,0.010688652779153006,0.0012841521058176123,0.0019353364730418732,0.25999158195217553,0.29302620244815114,0.0033017213798174024,0.004210891035129441
815,0.003865175075847288,0.31745914333161185,0.008503385166864033,0.008993965080336959,0.008205020775044243,0.002230298866839856,0.009170317336814152,0.008351539003170032,0.01039302631505604,0.10524593919995066,0.007086154305720028,0.006073846547760024,0.0034643421050186795,0.009923214805564835,0.0010092258913747738,0.002997988360112319,0.003963442238792558,0.002941422541996993,0.4717710140489549,0.008351539003170032
816,0.00773741564627153,0.018173929773800574,0.004870358939712631,0.010419719736978993,0.012811130824154499,0.005908739900300912,0.02104762991634485,0.025420599629943034,0.011619097981198282,0.004707704700442316,0.015284434858101163,0.7880726964987362,0.007661558630131612,0.015948550617824988,0.004270376941384833,0.0033484905580474806,0.009571627207811743,0.008313606173121537,0.01116398543247749,0.013648346033215571
817,0.0027859122556385,0.0062351369530956905,0.007702228000882912,0.004676352714821768,0.005344403102653449,0.001431280803851062,0.038775412846571246,0.07909369655225228,0.2999285803127888,0.0018185816113195769,0.026224916901062673,0.03479844742641009,0.003351796121437727,0.16156422019404684,0.2632957122274768,0.01372259495466067,0.03592280460608499,0.0025674093336276373,0.005819461156222646,0.004941051925094699
818,0.00713802671191418,0.12114890313657775,0.00272975187365829,0.012426031809963304,0.011262287558359441,0.0010448409470826608,0.008318735128333678,0.17896741747497932,0.002919317975995672,0.10951632879020896,0.1541408648095117,0.0032337060657182826,0.0017371148286916395,0.00339017571405949,0.0010608735026951522,0.001154895023470815,0.15686757670572077,0.21191002468516584,0.003091042562818946,0.007942084695073993
819,0.0035742885123356124,0.3757424189418307,0.0047988132804505906,0.006633404165552524,0.007621644621892116,0.0017353646257227625,0.006398417707267455,0.009778713854503091,0.008097997410760373,0.011049909015925887,0.007299603299840337,0.004179611566844064,0.002421831001348896,0.00785260354982824,0.0028462383890427885,0.0023123653748888043,0.0035018367181666476,0.0030666972443116197,0.524443730023479,0.00664451069600851
820,0.009851046283270059,0.010567486012962427,0.011624234614258669,0.017612476688270713,0.014175895871047157,0.005431885333765734,0.008806238344135357,0.5851184070348102,0.011861463892100684,0.0037891812340370527,0.006223679566426411,0.011830306295203086,0.002965365973025171,0.011396308445351637,0.004365776837450809,0.005930731946050342,0.004096693608729993,0.2492106670780019,0.014175895871047157,0.010966259070055348
821,0.06866327011740865,0.044094303081115345,0.13112451641820394,0.07424423670664966,0.04384376726815446,0.017121908507840813,0.047382036205584475,0.12860838398658644,0.008213093396940336,0.055696544246159475,0.022863712708726478,0.02199880252402137,0.0006848557929477549,0.047815937636038544,0.007535647499214048,0.03028820637365261,0.06581723180490014,0.057062307457613745,0.047632734809846845,0.07930850345839498
822,0.04022016730873044,0.07965821312599282,0.08039527381922176,0.14480097782949844,0.023058956431208446,0.0593449071678265,0.052959581254094105,0.003429207996085999,0.022466186985757433,0.07116363853285325,0.06156255346973682,0.08430300689427227,0.0015486745788775478,0.09513466596189998,0.010335731454093429,0.08113336522091862,0.06013414128138672,0.0011086448291137774,0.007052236172120087,0.020189869686311535
823,0.006789124619710164,0.01227820409947583,0.001577532078166295,0.012823902059452533,0.013115354378985545,0.004143873907237361,0.009535309260741302,0.0127869717810419,0.2690084812445324,0.0040927346998252765,0.013115354378985545,0.5822829877466493,0.004274634019817511,0.016487874076438966,0.0036992025171497687,0.0013612457633698052,0.004485630556542037,0.006710181310178651,0.009949579184058,0.01148182231764195
824,0.06084451598321287,0.027953081001637393,0.06360263006670608,0.11297084619250532,0.021399447071680334,0.026090050435589193,0.05574007091307716,0.0611149800240677,0.040497878329201493,0.034473400561221106,0.04371930046902434,0.051444395788907506,0.08790152719651856,0.053600133082766684,0.02715452916598894,0.062068426576806474,0.08420738724156981,0.04801383486330645,0.021181953796095426,0.01602161124011718
825,0.03153085324334227,0.05549124211095463,0.004249066593188898,0.023932336427584258,0.12065198571423517,0.009041104872642943,0.09373345261795904,0.004249066593188898,0.09154118683550981,0.022846384962750776,0.12205491578067977,0.009489086352656766,0.001225169411541858,0.0996814540880404,0.05008440244692218,0.015170667498163587,0.014151294583267221,0.004001800517399335,0.17178099258021595,0.05509353676975616
826,0.005346699055115204,0.12914425046611122,0.007566083568559252,0.008531966577311496,0.011794189092165891,0.003855792587823465,0.0182273831424382,0.11477826334837911,0.007936994299158963,0.12572124676798896,0.403547669473638,0.010025060728341008,0.004556845785609549,0.008911165091858674,0.002456195559441359,0.0035175651678389505,0.004404648116315091,0.11184684548908565,0.008717444111600877,0.0091136915712191
827,0.050811679416191226,0.040334577506512176,0.04815676654117719,0.052434783320860774,0.08771851126416251,0.027419670884985828,0.033079034550795285,0.03638693800587481,0.060376660758930265,0.05340885786847154,0.056313118342425306,0.08528188595126908,0.05369600226561387,0.038173796568663314,0.04164808217826373,0.04042993111763868,0.0696648654859312,0.04841720895030738,0.02589070588879553,0.05035692313313032
828,0.002732559222381853,0.05156671791612904,0.213673829249252,0.2599436624751581,0.009241043027078377,0.00047756651195309706,0.006203730361953492,0.07735007687419355,0.007871999615659358,0.015656401102246406,0.00685625772976783,0.09844459854251573,0.003536003514248847,0.016876380408914954,0.0019499448589247951,0.019287291895902812,0.0035423998270467114,0.057056641344459084,0.007590856772242952,0.14014203874997094
829,0.009492145701712036,0.018687661850245566,0.02214833997066142,0.0031578617044850463,0.010135681003523024,0.006625386289580106,0.02847643710513611,0.02135732782885208,0.6020952029347264,0.004784041433662867,0.013811269683841622,0.18461037082714438,0.005862795874586845,0.014107387715927873,0.0012825575608003015,0.0075696858127577,0.010408107094137588,0.006361757225615514,0.013289003982396849,0.015736978400206793
830,0.058414157427022856,0.013825110718720572,0.01048097158605978,0.043203470996001796,0.014224175723938274,0.003612180521505736,0.030054588518957773,0.006834631293008275,0.014401156998667263,0.0025862137679887767,0.00865819391891895,0.3310564449157653,0.0035233999428665847,0.0687687571878016,0.057604627994669054,0.11236486119033202,0.19984065746168272,0.005382120544192859,0.0068668434529357185,0.008297435838963993
831,0.09337781682433373,0.014090224201748254,0.005002504758274982,0.0036504764452276895,0.08697669260338427,0.0014069544632648388,0.09264773298978389,0.03558137424683902,0.03913951167152292,0.09688890344373674,0.02457597244490974,0.01806439000224135,0.13551186444139704,0.024174404267705334,0.05260350368652681,0.016107651357854677,0.040114513232218145,0.03483846643289403,0.11022964511571763,0.07501739737041895
832,0.0008332317244726464,0.071769465889213,0.005326983860790213,0.003784856284441786,0.004661110878191437,0.0015326098709364155,0.006014336617021208,0.4341724050984864,0.004547425247016036,0.23520503373867138,0.016998031394813606,0.006429118452677843,0.0017756612869300713,0.00717093981260221,0.0013810698898344999,0.0014797177391083925,0.002301783149724166,0.18725941736950932,0.0033898988205028633,0.0039669028750565416
833,0.05368221396937337,0.03506124602208573,0.08341113714143111,0.06906960177323794,0.024200523348577693,0.04309997967794313,0.04454871849064709,0.024913327437873483,0.09268936138952885,0.06536108826339439,0.03549410091124728,0.04828848612344107,0.033729871645513554,0.027951604467607236,0.05219033916884057,0.0806213286434959,0.06135782940186538,0.044005441435883114,0.034912230404505515,0.04541157028350755
834,0.06598363837601343,0.05734212161779223,0.021091355077808627,0.03989954650675374,0.01430758590073568,0.012151972793174511,0.09419915337493857,0.00386585243364917,0.11816769917486958,0.0403285250938319,0.03495138841465431,0.06874827789561715,0.0006220994468908745,0.10427166452151594,0.10086602051820147,0.07776984191920502,0.07568524850499246,0.059913015959330664,0.0016796685066053608,0.008155323963419338
835,0.0049490600173700975,0.22672459667329428,0.01767521434775035,0.021517652249435207,0.010758826124717603,0.005264957465287338,0.00951742311032711,0.01124786367584113,0.010529914930574676,0.12147861280122582,0.01010012248442877,0.009337849089377542,0.004194118658788219,0.01124786367584113,0.002516751114844173,0.005050061242214385,0.006035439045573289,0.006687918942392024,0.4976671785668227,0.007498575783894086
836,0.0291244063136864,0.02982893323483023,0.003014133801206193,0.002727073439186555,0.003181585679050982,0.00552387652496856,0.01754643131460602,0.05641306380097059,0.2068554451693905,0.02339524175280803,0.09700466092627716,0.0029368483191239826,0.028274856061840162,0.1160014070243398,0.0549333039664094,0.10340236470495529,0.11498571968118855,0.06698427112382929,0.027117212031663843,0.010749165129668552
837,0.0032307924511890667,0.00954200429047409,0.27822328495403437,0.40737597536629766,0.008926391110443506,0.000525689441732012,0.01317705354398803,0.014564111811776245,0.019765580315982044,0.0030746458269305405,0.01317705354398803,0.0068969193346278285,0.0039531160631964095,0.06883429058536389,0.004392351181329344,0.015248102344859094,0.005887619668590397,0.004552761673368762,0.005887619668590397,0.1127646368232383
838,0.0068702989640870606,0.018647954331093446,0.015664281638118498,0.012632485192031046,0.01213937309457522,0.004887169347193859,0.01087797335980451,0.3936018873200319,0.021755946719609023,0.11380850396611325,0.011774380678538686,0.03309315540669843,0.004079240009926692,0.010583974079809795,0.004351189343921805,0.0051178089835851115,0.0011271118573734727,0.296885437482003,0.010583974079809795,0.011517854145675363
839,0.005345017603180974,0.01037562240617483,0.012598970064640865,0.015563433609262246,0.02204819761312151,0.08445305833003831,0.10476802044136799,0.01706957234564246,0.012598970064640865,0.003363812147439208,0.010176091206056084,0.008968758351100278,0.5322413955697153,0.010799117198263599,0.0038068830411145064,0.0027516013806333736,0.11961675806330412,0.005512049403280378,0.008819279045248606,0.009123392115774417
840,0.004222269169625662,0.0024810306786958807,0.010927134346607595,0.01295799848609255,0.5116453113678706,0.004420964189372752,0.0020375601532678883,0.009635434771709844,0.008350710135481866,0.0031056360007990407,0.0067103920731550705,0.007724245447965405,0.005292703606995549,0.012526065203222797,0.003235875076863486,0.003824368695626312,0.002846833000732454,0.004809705337434543,0.005147698028721698,0.37809806422975906
841,0.008259245021706522,0.007008491960188946,0.007709341156207842,0.0059302624278521855,0.005378610108982215,0.009486767774917472,0.011484283553991925,0.4081745663508119,0.00925120938744941,0.23233602538086195,0.10320335896492744,0.023925590737483172,0.0007925777531181994,0.0493520024273784,0.001959325014628115,0.021673770432778877,0.016717706401296373,0.0646815970282304,0.006250817153682034,0.006424450963506535
842,0.07546081402310094,0.025687647657978593,0.005183852669960732,0.004860666140479562,0.008240996552245266,0.32308881747363705,0.00510156929424707,0.011082719501295359,0.007142197011945897,0.002231936566233093,0.0406091488710691,0.09780036686449142,0.0038722754884044025,0.06003091572244997,0.0016023314287944715,0.003120377335316169,0.003967887228858832,0.30224837434281526,0.009739359561744406,0.008927746264932371
843,0.010565653519571873,0.021571542602459238,0.03451446816393479,0.014318071899516524,0.009082754779982839,0.00924494682962539,0.011015255797000465,0.010125640938860711,0.5205301470346975,0.0038031267989673333,0.258858511229511,0.028507189063304433,0.0047496974537524946,0.010727970422658164,0.001939079913834663,0.005026378858825456,0.006678734359713398,0.009413036771982216,0.01670054911158135,0.012627244450220045
844,0.008350313011956113,0.010391500637100943,0.010874826248128893,0.012638311585663307,0.008992644782106584,0.0007814874080753416,0.008992644782106584,0.006680250409564892,0.01879168132143804,0.0030563237167943952,0.3485271716039742,0.007665861125730204,0.0042078384586259196,0.014170228141501283,0.4712235693265064,0.035674903267035325,0.004290069070362775,0.007194115825685267,0.010302143451958203,0.007194115825685267
845,0.007293545831487288,0.03188747646281658,0.02652521398056169,0.7062041195034053,0.02004355663377042,0.006620639624341508,0.018960121140053098,0.02004355663377042,0.019572858496534395,0.00694578695229668,0.024190499385584992,0.021922640068186394,0.0075432740019566085,0.014884380635323257,0.007158413083489436,0.006263611448053257,0.010792684341260995,0.007160326911929156,0.02004355663377042,0.01594373823140829
846,0.0034642364849712033,0.009149400825101349,0.43335837734958427,0.38337674214492057,0.010488337531213738,0.0009475430823330015,0.004300218387797633,0.013030964811507978,0.008775955893464556,0.00296566785365354,0.008958788307911737,0.003306880011279357,0.0028106002534625057,0.009773223608630985,0.003553899494047631,0.003028322808308193,0.005000253939299573,0.00670528470446059,0.013871672218702042,0.07313363028934962
847,0.006692436265079791,0.016253059500908065,0.016253059500908065,0.013652569980762773,0.12218485265543169,0.06924732094859283,0.08886739521736083,0.061851096948075675,0.01896190275105941,0.34235826001421704,0.12695342173908683,0.014221427063294554,0.005019327198809843,0.03484995890876895,0.008712489727192237,0.011053686871563122,0.016012143282407354,0.007592227582400056,0.009224709446461334,0.010038654397619686
848,0.00792744864030833,0.32984314902046347,0.019610004531289027,0.015524586920603812,0.019610004531289027,0.010698694127406377,0.016199568960630066,0.016199568960630066,0.014903603443779662,0.06649517571801687,0.023286880380905716,0.016199568960630066,0.006774365201718028,0.023286880380905716,0.002551562099436358,0.00792744864030833,0.005914128350706214,0.006209834768241523,0.3739016133584364,0.016935913004295068
849,0.0059139806739942425,0.48906209082574337,0.07436696095555252,0.03511773156234425,0.24406907135482991,0.016466772306718242,0.00971447867366575,0.012454459838033016,0.02207836062196761,0.0036797267703279355,0.016749101161492672,0.02748344209226941,0.003765301811498353,0.010559215949636684,0.0011075808155837738,0.005198000895918201,0.0057143992198033814,0.0059965917738677476,0.005885716145263851,0.0046170165514894095
850,0.008212115535611617,0.013869350682366288,0.014860018588249592,0.0067090516888822765,0.023115584470610476,0.6272174977339235,0.011320448286822255,0.019503774397077595,0.02600503252943679,0.007342597420076269,0.02600503252943679,0.017832022305899514,0.00717380207708601,0.017832022305899514,0.0031804972990144126,0.006241207807064829,0.00725721838030794,0.12418747484645398,0.020132928409886546,0.012002322705893902
851,0.30042814054141237,0.017719181144043902,0.01294863237449362,0.009901895345201002,0.007164184479975207,0.004675895024122696,0.007651464584928048,0.0077682716003114076,0.014637584423340616,0.004809492024811917,0.008211327847239856,0.00885959057202195,0.0008693984429164399,0.01202373006202979,0.003869706226860162,0.3384592009507139,0.004472895193015466,0.0073187922116703065,0.011609118680580486,0.2166014982703109
852,0.00500779564834808,0.02927634379034262,0.03459931538858673,0.015858019553102252,0.030095759999718325,0.00500779564834808,0.01084494070905891,0.15480828508308792,0.022387792310262007,0.38221751440147017,0.17281344066190243,0.02003118259339232,0.0010622711195179535,0.017299657694293365,0.020132532117513514,0.005585714926918086,0.019029623463722705,0.007767193250499063,0.023787029329653382,0.022387792310262007
853,0.011224144926624796,0.0191226172823978,0.015645777776507292,0.019858102562490026,0.01843966666516931,0.00670533333278884,0.02151294444269753,0.5184753486606487,0.023468666664760936,0.05895658965576129,0.04396977360008416,0.02458622222022575,0.00727198122006677,0.03013965593441057,0.006682662758723603,0.008327591397173236,0.020861891870048208,0.10418206694576666,0.016134708332023146,0.024434253751631337
854,0.002488838055394607,0.006935430635922126,0.00747938597991602,0.002880153426844863,0.02119159360976205,0.38401445212917557,0.009303626462822366,0.012304796289539257,0.006253257130749457,0.002630680586039427,0.012714956165857232,0.01155905105987021,0.0029770005797424754,0.007197144999541829,0.001222286246202677,0.11740068821186475,0.2942843917844076,0.0029911086577413476,0.08145620182274892,0.012714956165857232
855,0.001166934988699221,0.009247590116153373,0.0017762731993398399,0.003565634687692064,0.5171252392952965,0.0015281291518680275,0.06436388003295003,0.00237708979179471,0.004278761625230477,0.0006089440901638222,0.004887171772461221,0.0788772515623153,0.00029668801662695695,0.026799960614070688,0.00017921981852373788,0.0011805434190834089,0.0012584593015383756,0.002468516322248352,0.11276093754535403,0.16525277464858984
856,0.014077498574349999,0.016423748336741668,0.0246356225051125,0.029562747006135,0.03695343375766875,0.010791939965195245,0.019072740003958064,0.08149454423001883,0.009160982984263124,0.00786968574379588,0.022740574620103846,0.019072740003958064,0.007210426099057317,0.023650197604908003,0.5939626774218443,0.017898095001512987,0.009854249002045,0.016423748336741668,0.01343761227551591,0.025706736527073913
857,0.004609915492223213,0.01213936941739913,0.011633562358340831,0.017450343537511247,0.019255551489667583,0.003824732830139452,0.10007570877344024,0.01298630216745023,0.026590999676207615,0.007140219383089782,0.042954691784643076,0.013295499838103807,0.5620306342893212,0.011633562358340831,0.0030348423543497824,0.0023318187884381943,0.11210012039521619,0.009627775744833792,0.012691158936371816,0.014593190384911971
858,0.0027912259782019223,0.002532801167431421,0.007736550265668371,0.01655261917305791,0.01248706358669281,0.002724199325290371,0.005665845424863279,0.010467097418257208,0.022960084659402906,0.07167565273643761,0.013687742777720967,0.014828388009197712,0.0018678714374805749,0.010315400354224496,0.7203956188746267,0.05718177746202788,0.004448516402759314,0.005047961875471562,0.007736550265668371,0.008897032805518627
859,0.10256875811383065,0.06511229148106501,0.001361674492186898,0.0022583869626514406,0.003561302518027272,0.010239787731228297,0.10534677348115706,0.005449247066332862,0.002572051818575252,0.01975769762143326,0.03988127853215232,0.02563222448688681,0.00046938563624766345,0.3855190258108059,0.003922748708080556,0.12673709238335484,0.09294422309997596,0.002413803396196317,0.002436680670229186,0.0018155659895825308
860,0.0017520358532991437,0.01993429845985794,0.010400503544273708,0.020801007088547416,0.01913692652146362,0.00902685213276586,0.011668857635038794,0.020670198044793094,0.015947438767886353,0.00590645880292087,0.028142539002152384,0.28485232761844337,0.002794611327351735,0.01708654153702109,0.0060559894055264634,0.004712086767953876,0.4808235356005495,0.007843002672730994,0.016497350449537606,0.015947438767886353
861,0.009421133615682621,0.2745656976791794,0.01057474181352131,0.007509599258877452,0.012954058721563605,0.0025611329044843145,0.012954058721563605,0.014004387807095788,0.008494464735451544,0.04211873431288238,0.009776648091746117,0.012954058721563605,0.0047977995265050385,0.009252899086831145,0.015649722413973118,0.0036490306257925646,0.0064770293607818025,0.004428738024466189,0.5216634911760838,0.016192573401954506
862,0.31077510451720614,0.0442350855816935,0.21441451953837282,0.011909446118148249,0.018214447004226732,0.030489763527269474,0.011468355521179795,0.014745028527231167,0.013462852133558889,0.004691599985937189,0.01720253328176969,0.012901899961327267,0.0038389691996237596,0.009988567711995307,0.0036862571318077918,0.2321931753346629,0.0016769896998663591,0.0026350124912853917,0.019352849941990907,0.02211754279084675
863,0.08454953920558175,0.05943830975555601,0.022475821611863813,0.08633611614243246,0.09139439026929579,0.05837397536432316,0.049697313335274676,0.006797929854741008,0.0310575047375842,0.007295339356307423,0.02300837796989264,0.020252166025582587,0.0007973516700950981,0.18694307100537774,0.023459522635968972,0.11885643672341913,0.051097772741469906,0.028451585363696064,0.020771452333930858,0.02894602389760687
864,0.004706882714389659,0.009661496097957722,0.0008928223108483798,0.014120648143168978,0.009661496097957722,0.0038243422054415974,0.12435853211626276,0.005062443569460558,0.5215380346839182,0.0025854707867774187,0.010198245881177596,0.18438430183389398,0.0028241296286337955,0.007060324071584489,0.0671674832653072,0.001196649988197487,0.002265076459737359,0.004961308807059371,0.009661496097957722,0.013868815240267703
865,0.022238781678884913,0.016747448610325396,0.01188528611055351,0.017544946163198037,0.00941506421969787,0.005418292197458217,0.0066989794441301605,0.37017043577641595,0.026317419244797056,0.18545574916234386,0.12042300279116179,0.009447278703260483,0.0066989794441301605,0.014737754777086352,0.003684438694271588,0.005548826216242685,0.0012872506698720042,0.14304813738352176,0.010526967697918823,0.012704961014729614
866,0.03190772931455575,0.029611339704796055,0.0033136788423800113,0.006959750555716905,0.03961517068614608,0.030320479028404342,0.09047909354243241,0.053241481784659185,0.11308593298629513,0.028902335796371362,0.02035779604704729,0.01778651548437686,0.09372895486150752,0.04036332835940886,0.09159030981948382,0.022684401309566983,0.07281123770307048,0.08411119784501563,0.04994445963542269,0.07918480669334257
867,0.054613471361590366,0.04701420288696188,0.04938909379990321,0.04360662992844105,0.016830312026156462,0.04463572121494999,0.069047402090511,0.05514447857418085,0.013256955455207112,0.05165419368235034,0.08498603796720466,0.08090534125232908,0.035286896138124815,0.055681949125586126,0.03606050828205457,0.07075786167865847,0.0782455439228242,0.05415849063416598,0.016994210378206677,0.041730699600593286
868,0.0026457093208773993,0.006972251370209528,0.011504214760845722,0.012109699748258653,0.008217296257746943,0.004895410536530094,0.00621849446532201,0.0029430030891202984,0.5926160772540123,0.0036521316701097527,0.009203371808676577,0.0052291885276571455,0.002367640726625431,0.010956395010329259,0.003309428500476139,0.022297207979032046,0.23106394453303467,0.04375331175178363,0.0095868456340381,0.010458377055314291
869,0.047717433093114506,0.2622145920173854,0.004764984626101732,0.015398341340135149,0.09598091771007236,0.0025352627478948146,0.009142765170705246,0.07992730595475667,0.008830064052847718,0.0022482228417555475,0.07059623631237301,0.009437693079437674,0.0020564826899170767,0.007501756037501739,0.0034829581602686646,0.002730884743344419,0.062432045718425096,0.2942476636102089,0.01125263405625261,0.007501756037501739
870,0.06893938062039265,0.05499873024563181,0.02055667140708751,0.007638712534115529,0.05691589731301767,0.09486908347247872,0.09669377094811922,0.017791868468878837,0.0933087232650029,0.025295050934399713,0.0492581220381753,0.06698019916149871,0.0004640217097094689,0.061469169098059086,0.08708132288891703,0.062439453808256516,0.046494399078390085,0.014159564697384885,0.038263005511796885,0.03638285279868746
871,0.045231470427582604,0.053878663303444006,0.0039484026001315,0.002834750584709794,0.09961566192992313,0.017140346688347092,0.021633480998780177,0.039026612183725724,0.1450816501493936,0.14292651081007277,0.11099394500528899,0.0042521258770646915,0.0007572278959156298,0.029647518431524748,0.15540698751835602,0.05169310906009441,0.029164840496555006,0.028335476538652888,0.010449195307334595,0.007982024193102814
872,0.045565832825507864,0.24794187641446308,0.011247144861058609,0.005566033996779321,0.010175988207624456,0.001804972200091524,0.00971344328909607,0.03561595872668559,0.006677992261253548,0.1814404788452582,0.16437647142233094,0.009291119667831024,0.002015997663774656,0.006475628859397379,0.002074716042331199,0.0019971565641132105,0.03142925193986151,0.21454835016685286,0.005935993121114266,0.006105592924574673
873,0.004189955415745319,0.007539683317460574,0.01202922683875269,0.013811334518567902,0.00828680071114074,0.004296743868427827,0.09844867476410442,0.009322650800033333,0.028185326869643083,0.07025107451508451,0.015537751333388892,0.006113213639366121,0.0015806501743735161,0.237310386054227,0.37540872402926256,0.07818623615814088,0.005565761671661691,0.004492843759052209,0.008475137090939394,0.010967824470627451
874,0.00837442582085317,0.0218665563100055,0.017890818799095407,0.008556478556089108,0.09839950339502476,0.0013215636958084126,0.016399917232504124,0.02437629603214658,0.09800093186132643,0.006905228308422789,0.015797152761995798,0.030840981746468144,0.0046305648656482234,0.010637784150813488,0.39517658285917184,0.16945199849019366,0.007569192568848058,0.03412681444500521,0.007810651790573832,0.0218665563100055
875,0.015769041823269596,0.0408607404961756,0.008372702156483506,0.028108357239623197,0.032168225570008174,0.0042313656059647835,0.012694096817894348,0.3960162877134621,0.013117233378490828,0.10696915043033155,0.029145617326640734,0.007271840903352086,0.004015479605660457,0.014054178619811598,0.004684726206603867,0.003927715584581992,0.006590173556480223,0.2476062802467164,0.017109434841509775,0.0072873518769393485
876,0.007554437649577358,0.1722411784103638,0.004808389687294526,0.007899497343412436,0.012853819284355503,0.003813550441647382,0.004608040116990586,0.3341681530528247,0.010159929687724565,0.06741323619990391,0.07190908328777759,0.015948257260218864,0.0020607384374119395,0.007540429282348233,0.002273737042904878,0.0023508555382527347,0.052362816815284624,0.20549877534982744,0.007899497343412436,0.006635577768466446
877,0.0419772074467692,0.037534566799120594,0.10907699071331348,0.0058248294345664515,0.004603494230544454,0.287322429828658,0.004315917524090598,0.005285493375810298,0.006637596332412933,0.0015344980768481511,0.004826839709439314,0.19673023631455758,0.0013213733439525746,0.005096725755245645,0.0017950732219733092,0.1985595861841514,0.004857536699124879,0.07230707582957571,0.005385219665919927,0.005007309513925546
878,0.06415874340048601,0.06388715412318968,0.05524598794511539,0.061389496159510795,0.033729242860069085,0.04608316506156865,0.04824091715668405,0.055653250719114006,0.027187813941752657,0.05350155764010958,0.03524943408756515,0.042517111990339,0.0868031985369425,0.04090385678834702,0.021444371836722823,0.05896744249267799,0.054187963939127386,0.04533997023420785,0.03826524448607837,0.06724407660039208
879,0.0552683210486858,0.050359483855252955,0.07690710670877407,0.10084342547326638,0.0012868439226181218,0.0642566369256689,0.11835766201919386,0.0015683410306908362,0.04944354821297624,0.0008346166370707402,0.008996884426728656,0.1250773760244633,0.015460665471174485,0.06698394667233452,0.06709755099147355,0.08294002830890479,0.07415814295855018,0.0028041148949237435,0.001454693129916138,0.03590061128733271
880,0.03904370853153649,0.05026461897286488,0.03846685682383639,0.06528140129214174,0.07536179475544862,0.042479647882678356,0.11121769140547691,0.0007744998388911791,0.027759736161401392,0.07808262762940771,0.03893468837781497,0.067985736125605,0.015978515729520623,0.06393289687844152,0.025399262896925637,0.031295021391151506,0.0030540924490159906,0.010302699797413727,0.07886345390570178,0.13552104915472568
881,0.0535259758657966,0.04630778704355831,0.05463074316952822,0.03513829855238688,0.03938495437803197,0.04380811532371298,0.067053237740377,0.0638977912584769,0.05571600991632054,0.042707754499255506,0.04139439484180711,0.05234305738223587,0.030075025976667454,0.05940126549593638,0.054702452608527116,0.05643345468203622,0.04859047618851178,0.08170179121596705,0.021195364905250872,0.0519920489556154
882,0.005159134993683027,0.006304160314917805,0.0053594704643784505,0.00833695405569981,0.42795920889058353,0.0044136815588998995,0.0025980253891399806,0.006340781957856194,0.00789816700013666,0.002515058765406646,0.007761991707030858,0.0056704877486370665,0.0026957815509448483,0.005846695052049217,0.0030013034600519317,0.002144642195846224,0.003170390978928097,0.005174661138020572,0.03360475650455923,0.45404464627323005
883,0.0465991146433013,0.032916605665348424,0.06466881439559607,0.08006246758306454,0.07418831914626361,0.04376085184664397,0.06830241065253213,0.025552330248519505,0.042272712775984794,0.05177508284073871,0.044178689889944694,0.05001240211045025,0.013552062160887378,0.10080624800387629,0.040249996516624885,0.05548250859128075,0.059789687773382075,0.056089266126440065,0.02102237000476034,0.028718059024360105
884,0.0011969496411024844,0.1324584779349615,0.14679725592582646,0.2207049395752574,0.05585332486257542,0.013154204868364454,0.020124535011460103,0.004056329339291753,0.004172224463271517,0.03029235077773978,0.07840373142473825,0.08106849477761562,0.0009866747041520478,0.02538787493753429,0.0013023006691896223,0.09305905146532754,0.04355762856929902,0.001842358821440132,0.018667555101128157,0.02691373712972458
