site,A,C,D,E,F,G,H,I,K,L,M,N,P,Q,R,S,T,V,W,Y
790,0.032827222204821975,0.03214653700573517,0.011208518441189287,0.051731716152428636,0.04784622891281992,0.0028424048047669915,0.05346374336719143,0.043160195911137185,0.04578546658818354,0.10255418727835652,0.06947974256441018,0.045932249711990315,0.09005901797339372,0.05619977932711998,0.035736867051057615,0.021102539672967772,0.12602498742526808,0.057328342634129295,0.02810510685551307,0.04646514611751924
791,0.18576095841115167,0.057767439064312996,0.008452292455499173,0.005020579911151782,0.008367502499937623,0.044035401334552346,0.0070038096794858605,0.01182915940146953,0.010295396424015939,0.01835097405314971,0.012156596758240238,0.01062138702124271,0.5400822155626205,0.029915277577365014,0.001789696315849929,0.01619859532621409,0.01378535405750704,0.002901139282426374,0.0034723374326566755,0.012193887431150845
792,0.0478831383543194,0.03226154973644285,0.020501270083582233,0.040631160066138865,0.01782834287620918,0.06536547706158997,0.07345729846808087,0.0026558887160836064,0.07181726995354738,0.021654183649565572,0.0574438822421245,0.10372357608244738,0.002008257200235849,0.07949081658793218,0.10680076131444591,0.11515437435966469,0.0781777828955586,0.012465839067612674,0.002974145515468597,0.04770498576894965
793,0.05555814315622356,0.007388200775825587,0.0076132467841140425,0.0208651438529344,0.006941346833336539,0.6566057470786423,0.08152065991025097,0.009737057630416478,0.008601285532704946,0.002265553955126084,0.008517986187575355,0.03823432211536603,0.003676175433553781,0.024308034614832844,0.01430301928373067,0.020607845295065996,0.004600010046702332,0.0065570251438739745,0.010350980496566468,0.011748215873157745
794,0.005791253703215533,0.011500616623020302,0.014687856963795085,0.02310358767868812,0.01219481770537447,0.004905022606627117,0.03595972328257738,0.02226152320420226,0.0272184351025979,0.007996520842957704,0.01668845411096822,0.013887837171421663,0.009741343578792035,0.01741291346134207,0.6594099517177587,0.022704890031585098,0.055564668529272686,0.0063435314234979185,0.009663810759984242,0.022963241502321558
795,0.014106006782958473,0.012337680740776034,0.016800704763926567,0.009799322312625054,0.011889734215151751,0.006153843822198885,0.01484438282091853,0.018280577600164213,0.011533355862975506,0.005024819037803982,0.013405374109008838,0.01979819365805844,0.009242017700223275,0.011622499347394196,0.0031482838558119755,0.014057073176130051,0.7559081367108788,0.030628106646351044,0.008800286199254014,0.01261960063739038
796,0.009867952057049767,0.009007294249240497,0.009335917877936091,0.01274265515941588,0.007271014585431038,0.00991363029452369,0.012872847719374898,0.025387174981262688,0.01799482404493613,0.003958781673231197,0.011445190148293899,0.02965757922367776,0.009603271484305093,0.023481009072044468,0.0036660806242418617,0.014351873482533403,0.7655558321708934,0.004240572427708587,0.006892953926971816,0.012753544796927798
797,0.004457802911062997,0.007229095458163383,0.012553599777773835,0.007087019064609669,0.01004306837062548,0.025501324163312834,0.012503953349331694,0.010647910982154242,0.00800017191834374,0.00896245087161698,0.012428395463799783,0.015487704747526615,0.008256162160167705,0.012434638657023538,0.00629478273753822,0.011403284299544791,0.005624897215447804,0.002875460412651636,0.8053538922968603,0.012854385142444857
798,0.012573669672890066,0.010471522280104692,0.009301025435010293,0.009335112228511943,0.010595538508677942,0.003886999080686559,0.01741023442314008,0.011772962987813707,0.01234616849705916,0.017528492392878632,0.022811690692146544,0.011951774310225082,0.019916315225070248,0.012790762721205287,0.0037809259421675363,0.7530780589172148,0.034115347966504894,0.0055792567867477315,0.010652883221238632,0.010101258710706202
799,0.005903774698767254,0.04919877600691414,0.005272484153448273,0.0037360743103850304,0.02040648713478672,0.0032791538559126545,0.00466482172907449,0.2849155088771771,0.0038459019933591563,0.5282291464662541,0.03323317716358231,0.004651441431623771,0.005968355837935437,0.0038611160747154174,0.0011644870161762538,0.004273126589356335,0.010512904832451172,0.005353604725855324,0.0031242403455273176,0.01840541675669776
800,0.005441272195084877,0.01089036637617517,0.015110900081259206,0.009206069375784883,0.009158565809936712,0.004131951481212134,0.6739940424607135,0.007701784202094115,0.011416484008136494,0.0053910070726332976,0.06090633356410159,0.07346144052358163,0.00696644987674874,0.020128144172276496,0.007238614506078042,0.004122257883205718,0.005552264851921063,0.00457078005746205,0.00733441213864084,0.05727685936295342
801,0.06788885485471514,0.05595520821042485,0.00581587719460487,0.014581594546022368,0.012107858650999326,0.19839680301959292,0.005607560515814745,0.009658771241546932,0.003539716616676113,0.0017755312537523832,0.005367731563023071,0.18805677476473903,0.0022382583711557037,0.0049877324571297905,0.004209101373410147,0.20883747714152787,0.022810658891266884,0.17645572779349228,0.004524240600833288,0.0071845209392722926
802,0.051580192781429765,0.07160460739825891,0.024552453256253597,0.002668456477969832,0.005119492298250944,0.09077690002098651,0.034154655182346665,0.020444203135599578,0.13547087406024308,0.0012979952638503558,0.017087608028783518,0.016185111198705037,0.0014057523187047507,0.08893016111591572,0.04552213148861281,0.1657480181977107,0.12267364882618913,0.013194717527323416,0.015157040241211854,0.07642598118165386
803,0.142176312773244,0.08841216372054654,0.009673027258206162,0.017473132999297616,0.031560087616316845,0.19181154191420624,0.017139485054301396,0.00456930974602398,0.008980429122134178,0.028538334162318074,0.04392164538195074,0.072446685805688,0.0030712208797348418,0.0826824306421146,0.01149413192105441,0.21581217811756187,0.014639469667216139,0.004034073838336635,0.00570229930862786,0.005862040071119862
804,0.011663182078884527,0.00846365519464736,0.3521311357540986,0.44736774430701715,0.008169555342128003,0.004987540350918342,0.007849446576091122,0.010089709923684716,0.023697915669208224,0.0027624418855537636,0.012217177109376783,0.00809868729600375,0.003924284325363146,0.05786714147759833,0.00370696228570653,0.0052379085509680545,0.0045771370914369554,0.008256819036527032,0.010458535745947139,0.008473019998840389
805,0.0046325030997718,0.020045255005812647,0.011221347494515215,0.012159017210189487,0.00869744206176042,0.004630957861491183,0.00993040865154962,0.009876068842156293,0.007507487527188714,0.01238060686235979,0.009575728211322417,0.01091071821882131,0.008454747612657486,0.009413828205913485,0.011167576349456967,0.006274923635340198,0.005051404969824876,0.005066919355740155,0.8222990474006295,0.01070401142349835
806,0.023410588128656748,0.06656710928743985,0.006406992473288483,0.005226788115398701,0.01628456887959999,0.053472420927378084,0.03556522036176466,0.014141670594494704,0.04113855342104745,0.06301057756773186,0.2943663045627216,0.01898581525005008,0.0018779006477600618,0.26231023523581054,0.01343814582317417,0.041625781752377064,0.015856328166783378,0.003176154385589714,0.005714026448200829,0.017424817970732042
807,0.0036395876406528083,0.22638372944733948,0.01029904386648737,0.0038110521530218683,0.002783738134171088,0.11700535313920155,0.004951369060608796,0.030677730742941726,0.007448594478123164,0.0012224686957577763,0.0027042490384210976,0.019809886898017947,0.0026686431272143125,0.004946790300550962,0.0016365809493825677,0.26527163383292623,0.23749120194708767,0.048018645777175524,0.003442836813015562,0.005786863957902505
808,0.02630302473586437,0.07846358138278994,0.043868837340479395,0.02682902395148313,0.0012656708408685898,0.05311494369742696,0.07362003671203625,0.04794628183540501,0.07213570012195356,0.02883956598964445,0.11567432554688663,0.1173457747375287,0.006556080133544844,0.06115768741493467,0.030873543302981882,0.0865148608954317,0.07210081033828296,0.05183821177344935,0.0019077089889010124,0.003644330260106647
809,0.0744996709281045,0.06246165361860707,0.12013916265652079,0.12754144447626511,0.003557457052203233,0.018293017077715353,0.07971346793367155,0.01371527051683677,0.03577545265163125,0.013908422902682046,0.05618753636053011,0.09428382621290597,0.002161475760137134,0.09786129950899872,0.015571430968516398,0.09340937711027597,0.06774663968966625,0.013478524132610909,0.001733216115137975,0.007961654326982872
810,0.06086819962568412,0.06292647603075292,0.31269512710950453,0.13363667168500032,0.004511296501786613,0.004690375790622288,0.03708100263892309,0.0033443977266471706,0.007246909024746513,0.002171659839280373,0.005239466087295979,0.1711064890781939,0.03580932260166675,0.011020713285582195,0.002833867773321998,0.10506795753702347,0.01858781730684595,0.0046609658274134385,0.006813676928828493,0.009687607600879906
811,0.00875722245699371,0.024803597332687617,0.01072221819100807,0.006977587130222315,0.011176193384564942,0.005703294492602894,0.01074529179750792,0.11012671150522224,0.02310335214699554,0.14981938498467384,0.4928181527265659,0.01278628820988199,0.005462673771235489,0.02367924135253941,0.006454151173377785,0.043944176883579496,0.02921450599190132,0.005969477708407055,0.0044240261915103754,0.013312452568522136
812,0.003560453290457643,0.006197125245189061,0.005047941188933885,0.006531135968392168,0.014122523927547048,0.002914157408507269,0.008461329203383317,0.19675304539384197,0.006024582195892015,0.5419600064805581,0.16466668466911816,0.004924127532542592,0.008596530923850574,0.006038049392845201,0.0038814358119268412,0.0020978902176389037,0.002732786023398279,0.003993620398659079,0.006387543823617883,0.005109030903700025
813,0.05792982364436989,0.05268980997773573,0.08359085706020201,0.09899742715237916,0.038667294236471736,0.06347871803264463,0.04868089119118263,0.023355615840911684,0.021102830165907607,0.058236531164900886,0.048971520323740615,0.047381911925036824,0.003606656265062317,0.052498962029741095,0.03977244165944357,0.07087024955900535,0.05096958475026928,0.016678009128142726,0.0737510729762894,0.04876979291656283
814,0.007264491499136777,0.16226492411482807,0.004661990549457859,0.007506585738973396,0.004445008978215009,0.008114120948119046,0.0049250412486972085,0.11514230603067459,0.004693960829624416,0.039063171372704826,0.05450949424575672,0.0033327876141241,0.0018084453142428731,0.007545815172440371,0.001255692483835316,0.0019771082939945,0.2674516363965583,0.2935273481670859,0.006299567892666379,0.004210503108864369
815,0.00553880813023565,0.024663783358703548,0.010649889354797767,0.01079060365790698,0.0218841643123077,0.008401691365517374,0.012431519504801467,0.010584121983019694,0.012949009945811552,0.023996037247229794,0.009325906730659079,0.007921047127541048,0.004905168389212526,0.012885142400761787,0.009352999795802796,0.006520196250026957,0.005638525714812128,0.004611449292609609,0.7855216070504012,0.01142832838784133
816,0.005943332577571939,0.012684697559813211,0.016418584636969418,0.008415823976664235,0.008806621549567227,0.009692549704203607,0.01878053623926437,0.054038017307982966,0.022694967007086744,0.003956988892694927,0.01127999166774081,0.693461275661288,0.0056777962929467,0.010844471116872794,0.006819565712973323,0.009496549749434752,0.04003229012401796,0.024938814329077304,0.008027392827592707,0.027989733066237192
817,0.006136267312537563,0.006243856374567203,0.0076622067829076245,0.009400640801369596,0.005465263321509178,0.008837707746800367,0.05033009167011855,0.014408157201833836,0.3023280445224843,0.0038607390995263158,0.035937202777548895,0.03124761873293176,0.003617513367054933,0.15537792514901858,0.29925133361389056,0.006919698895957137,0.039101386132682686,0.0028025982140087824,0.005971307167061693,0.005100441116190378
818,0.011070722631802804,0.18383326755722565,0.0026736321320986575,0.03341364727949355,0.010044495408892394,0.003672491705201913,0.01270600194062641,0.11113129189275714,0.0030460536782311257,0.0695762743274327,0.15953945232539618,0.003254788146726051,0.0017184714104407398,0.0033695928910482537,0.0011369291734614525,0.0035172492460827883,0.14575775650351716,0.23434025623073568,0.003146589467537782,0.003051036051291572
819,0.004719962477938941,0.024890414676285992,0.006733751436207497,0.008403262122967946,0.00944785934708732,0.008503969103980942,0.008438674717290878,0.010571528120776566,0.011062090454306991,0.01310588862989392,0.008569802685648987,0.011835599109438514,0.0032913669622954642,0.009038175757635573,0.011134472028537798,0.009820682756522413,0.004561701475282406,0.004016482066819873,0.8236709901125201,0.008183325958561784
820,0.020673116207392036,0.010129256127618917,0.012139886237371991,0.015477409995384727,0.028319613627280044,0.0057682474765763814,0.009059205081799495,0.7031318438626127,0.011520002941278544,0.009838128406177867,0.012645737320330067,0.022718939710385813,0.006831849768712351,0.01141723512239762,0.00449697628027033,0.02341529017104285,0.018487242892232063,0.04992582278751022,0.012660763772045081,0.011343432211580882
821,0.05499864612659319,0.0724957628551577,0.07477559578563153,0.07540673589073274,0.03161530132497751,0.0065422834419403076,0.03274675966599485,0.09401256376640063,0.017598255704895267,0.0758281922518231,0.036067178073689414,0.023700249645934268,0.0006692321864846999,0.0775080550149257,0.01633403197265859,0.05473345524972858,0.07951148216951749,0.04379376254703095,0.06694732414787076,0.06471513217801272
822,0.03541034617477412,0.04557007501127271,0.09766981458950617,0.12235708526579285,0.04464194559719035,0.017016485258360314,0.06908426711576691,0.0058053749362190895,0.015702445460165523,0.07243686916877363,0.04887745114041903,0.08776168791423813,0.002569936260000533,0.0873078612253915,0.016340065469292668,0.10088654190042476,0.07991836286685561,0.0018690079669166821,0.0234338161988845,0.025340560479754887
823,0.007012535755768925,0.011913965552931637,0.00955490703630726,0.013062932841690923,0.012841705855835588,0.012721189029571945,0.015225134213326504,0.028793668997850495,0.034502471699159154,0.0047553515746684115,0.012344750785684698,0.7363631612781898,0.004836497436355262,0.014774804553358032,0.004081675367360449,0.009320998654809452,0.01833527302255956,0.007268901945734105,0.010269449466379593,0.032020624932458275
824,0.05405696982012936,0.02252000919581112,0.06413591017807216,0.10271168091806723,0.022425299056633614,0.014870837765282408,0.05878713456797931,0.041049997498399965,0.049034613814460414,0.04159963667649268,0.07567610426961298,0.05799195490608662,0.09418382389640514,0.04465763662782902,0.03765956154839839,0.050670741642078757,0.07217967151089426,0.04407009684442254,0.03429161892596187,0.01742670033698221
825,0.023855433323992443,0.07626579113616745,0.02176723308655676,0.021448508360761228,0.09296204172216538,0.01182716854449405,0.09664572290560397,0.003985694535222645,0.09471256710044268,0.025015609738270987,0.07666426301240295,0.021380023644105198,0.00294505914711666,0.07759385072800476,0.036637497662335934,0.02061767388264749,0.012226084271939906,0.0015766228226505813,0.21879655742569584,0.06307659694942302
826,0.005538595815856743,0.14716012017014682,0.007115473795913262,0.008697151352307522,0.010235797676708564,0.0040900864358057246,0.014185291392483267,0.04984331064325788,0.013826679740147615,0.2169657330439334,0.4411870820654596,0.009066838231086448,0.004341517778875624,0.008662455804004146,0.0068378557806869624,0.007084958425745509,0.010074902456547939,0.018742414816842374,0.008103320769664578,0.0082404138045259
827,0.03843548154855714,0.03333465415476237,0.07141432067667654,0.0496420253930434,0.07034648534143614,0.01026078765957867,0.052028458006345986,0.07647491941716941,0.03760903932555356,0.05826450949266455,0.07411135082261307,0.04744781205631563,0.06534084145116838,0.03328684092745838,0.04155431033270927,0.04442073710584004,0.05152366924062744,0.04310459144203004,0.036631899990054353,0.06476726561539563
828,0.005460020088356036,0.18426244494057112,0.27241837993215995,0.03517163172328433,0.009962291714916046,0.004388890815655733,0.03417485324264961,0.07236308219293867,0.008463551782338007,0.024381196735836108,0.007901901857470157,0.06864292710158355,0.002584136850573772,0.027818932497079688,0.0023974849759552832,0.061674652970688706,0.02516318782257236,0.11781941736803801,0.007466323433434144,0.027484691953898698
829,0.008824067906459853,0.014986007577813888,0.01602705397070498,0.01260905323878362,0.009964550779238463,0.010470044151912418,0.018578311861828203,0.016345282039659348,0.6778533399740251,0.009770234532209238,0.038679120458292644,0.023885234881350026,0.005758173937932717,0.06315733448079747,0.008797108255557526,0.007331303306160475,0.025344840719926334,0.006004374119212921,0.011666637704174398,0.013947926103960404
830,0.020567584525831496,0.0321690545694987,0.014203040739403783,0.02592324915109907,0.016476711117834643,0.0106640133245199,0.04511219415608526,0.02689759929608901,0.04460658642851314,0.010972532381202783,0.033624917042668914,0.05029452229986584,0.010365640852503265,0.05221054711140462,0.06659939298460883,0.13999834161272418,0.3324246206666614,0.01577731402515513,0.01903444624264558,0.03207769147168449
831,0.04115056255316165,0.03199195399348337,0.004620264582144776,0.014261777246595617,0.07631794569110112,0.0030092552279262753,0.08824181773656871,0.08113317081756041,0.05989002532372383,0.08481592136657633,0.03334587917445335,0.019788260654121707,0.1369127566231354,0.033364924071467246,0.05475973309014621,0.015720453847560715,0.023284465776368377,0.014572090538526854,0.12752663914840295,0.055292102536975134
832,0.007561427325939766,0.11012080130093684,0.007286477968322774,0.005189571373133123,0.006482980816039028,0.003287572612256218,0.014448838913788344,0.2582570496192196,0.005354583660622373,0.24311675112841785,0.03670456042686416,0.007785683775366473,0.002354163698818789,0.008780226920990876,0.0019083701784369936,0.003942576640693839,0.00611729653027145,0.2632814725056223,0.003733300855900066,0.004286293748359187
833,0.029821963048025337,0.0663028249260661,0.08211123497804783,0.05744841371726638,0.04736326823228891,0.039883710109993635,0.039736995152542635,0.0071566983082859996,0.05466459969035455,0.06194296029995238,0.03587521675885594,0.03744381936767232,0.02954055126040256,0.06152643140365692,0.04753544951084333,0.08920386641520542,0.06412676804476629,0.04303563902117211,0.05724721719726387,0.048032372557337485
834,0.1058946665981704,0.06342043339244176,0.010701888365242565,0.009079112042681844,0.008369746358482838,0.01681542090316275,0.0665072228096268,0.007205499639919205,0.12431787641473047,0.050881395853625895,0.03835279203354266,0.06599594196229189,0.000600913581139309,0.14919110425792256,0.03917777822078942,0.07174710188712073,0.08008044839283408,0.08115439051092231,0.0035017097760455295,0.00700455699930694
835,0.006205960163513507,0.04389395202461115,0.015848503653666884,0.019120025247605015,0.01178035462415445,0.027294556863462095,0.011693906814759753,0.012554859717609019,0.011828911599628227,0.012190382211413175,0.011640334843037121,0.010687230634287177,0.005341496749761643,0.012610287640884635,0.018194271659202288,0.02001153587972121,0.007292790379044981,0.008196679535113785,0.7245928948124574,0.009021064946066651
836,0.016788311132216977,0.005028397063414017,0.0035105175290769714,0.0038060370543086092,0.008124553545508527,0.0018438485918200777,0.037707357025762764,0.011198032449973163,0.11280489574382886,0.027365878089217994,0.11902395814420529,0.00935259018519979,0.010404607682206636,0.17041780381670277,0.06354779559529028,0.10449015938586613,0.1541741013074367,0.07055765262214873,0.061710767604039075,0.008142735431776644
837,0.04870543685435956,0.011380231156846603,0.42152076851659415,0.06268852467193212,0.011192731171470955,0.007462643103171959,0.04233987484388815,0.014374838764602878,0.01903650168076299,0.004355866839412927,0.030774907945767177,0.03629901272968375,0.005456120168185176,0.20596990990597397,0.005616542407057803,0.01153507209015559,0.007870629262014203,0.018589814626739604,0.007411791874171896,0.027418781387208577
838,0.006977764022090393,0.013928907435843772,0.013090903435170633,0.010692980690692815,0.07277586506466059,0.005475945438890017,0.009520793953098058,0.44889068804467025,0.016096785998968105,0.1309975512429618,0.028810437555114185,0.01637186741482894,0.009092811946215655,0.009509123307371092,0.004464645675922658,0.014568858165533013,0.00674381725141998,0.16131246669556973,0.010149762875671708,0.010528023785306586
839,0.010174358316703703,0.010771082745826823,0.011821403183240806,0.01266313711686619,0.016865572971289832,0.13216717099669803,0.02227267691553251,0.015226951971881422,0.012199682417557728,0.020055832138556887,0.010406399517601797,0.008877330980008924,0.6345026018954971,0.010925608739948887,0.00427053918590285,0.014463321115495097,0.029540761079239218,0.005804428560674453,0.008855844874072098,0.008135295277405592
840,0.004349909581745177,0.009492036615099661,0.03378444519418034,0.011395847621487983,0.40474070149459795,0.004730534011691747,0.017797260563826158,0.008699022099722179,0.007992699838168396,0.0049972326623079905,0.0065130946068992675,0.01605848260245386,0.005431851041937712,0.011427339961494145,0.0033338263566495877,0.005029165012526494,0.003019805230115248,0.005107817185971641,0.005270604083112656,0.43082832423601186
841,0.02431506074676648,0.018993099983686045,0.009147461777049868,0.007473173524652047,0.007672803714458374,0.01802450136175674,0.013770293449320454,0.12380738333512381,0.011242078777862178,0.3420366696273685,0.18179224628509488,0.0416274468107078,0.005331386071683926,0.031493451838744836,0.005125475498609522,0.031047434402001618,0.02554075672059847,0.08599344377300054,0.00795722656680709,0.00760860573470681
842,0.07723371588661535,0.05137520664230021,0.006227435129696421,0.014597515600098884,0.010277022892578539,0.4487095439017236,0.006412375404252944,0.011496902711514202,0.008253686900207103,0.0027214057276979758,0.010819246000024273,0.20377426218176098,0.009985987801673202,0.08932209618798201,0.007355272350970443,0.008225210978919912,0.004946173945094102,0.008508727158184074,0.010190550644872332,0.009567661953833555
843,0.011189583723728575,0.018337351612872584,0.023727469406668273,0.02043638382832197,0.009586719535218998,0.009551588019468165,0.011298424244329029,0.027959433146285916,0.6868363771956558,0.004656731878700261,0.049929467383825685,0.02263674010335931,0.00546315165385234,0.03449881782311162,0.008757343613900003,0.005544753485967849,0.010716848623798098,0.009514547282171658,0.015913317641263476,0.01344494979750047
844,0.020788452354997853,0.01211571567496201,0.013361575057010614,0.013544422243750435,0.010308805301754336,0.007929509330253801,0.011944055203557843,0.008875612857659384,0.05207230339506356,0.00434955435297714,0.026884633404813108,0.00919640665953646,0.00514491490936268,0.01599487341106537,0.7317856427138256,0.007435002095658894,0.009643621486951791,0.009231310760097002,0.01990334232272928,0.009490246463972759
845,0.018806147474158944,0.01904592220712829,0.04184612978041873,0.6693097348563639,0.01510238532823706,0.010161845093025307,0.01358691048868651,0.01274207711142626,0.05616396513998466,0.011484499725661233,0.01624366510923065,0.014724676101749606,0.006537252923175142,0.02228560096775049,0.005893814710522908,0.0050281191741901425,0.008620398683087007,0.02779004686947523,0.012965964430636802,0.011660843825091095
846,0.026606636339359842,0.011452708802639816,0.68859322483455,0.05830769559891446,0.012110552690974006,0.007563186093562848,0.017162950257214673,0.014093419068153151,0.012503267909007498,0.004200827721359641,0.010745349967288063,0.02576906899175449,0.0038012160746497175,0.01259686333648763,0.0046181791214289095,0.003972887944794134,0.006768501354930562,0.029623495243053122,0.016904006087004434,0.03260596256287294
847,0.014163546129900126,0.03986962877322598,0.013215676432489594,0.011621119117216215,0.1257282749293724,0.055467025082864406,0.04534623301559076,0.02702962445253769,0.015977989524271725,0.38817456955316004,0.04114512806327499,0.052861025945809874,0.005229589721135569,0.0715737078771269,0.02997480975565736,0.012175854926830789,0.009551619293909661,0.013110641980471497,0.008634226386734572,0.019149709038419782
848,0.011133871296516645,0.04250064175006129,0.019627266161002535,0.01777467979160418,0.021320089921325957,0.013763529063856543,0.016995478976128596,0.018219921311410002,0.018398398645901707,0.0276401119786895,0.0219225296686939,0.01791854775419983,0.018310304584952933,0.024640647535124457,0.015031015051499815,0.012058756376636927,0.008648597754795782,0.008566643058427996,0.6457312205005221,0.019797748818649274
849,0.018074609882978942,0.6075335592926021,0.04890409784649434,0.08356912234117023,0.011457058791784042,0.013050167693897894,0.009659750108915972,0.011913081382764406,0.01737450978647423,0.004057238948206279,0.014554211869393572,0.011428212084500901,0.0045121310092659985,0.010791014797949664,0.015515883340366002,0.014019682435231395,0.00614622546331584,0.006594356765457296,0.05061431469728957,0.04023077146194135
850,0.014445913054540344,0.011840103601973037,0.04879563266135511,0.02456982344117439,0.018098273876194917,0.6951450185152038,0.00947967150240913,0.015620842886752785,0.01781259841784628,0.006959005529245089,0.017802912667220207,0.016416563542845417,0.006565668753028534,0.014045487211211028,0.021235968357392165,0.0060716873636507815,0.006344236430886311,0.020860636176549086,0.016854040025810497,0.011035915984711065
851,0.11173605720537648,0.01812549417842687,0.016338166019176457,0.012891049588296738,0.02317728792410987,0.01479174079754053,0.010709407748163608,0.02876338421808101,0.016368583382582493,0.007086085126412865,0.011008651679718068,0.01157823506691315,0.010137145318053244,0.015393719436418582,0.005411180767807482,0.5959834292056241,0.02792096925026947,0.010788986962637508,0.014952159383831477,0.03683826674055994
852,0.012233296559161453,0.02273294162813432,0.024755661790045826,0.014573672752961054,0.04353365966871498,0.006747273426006772,0.01547657410393943,0.04436798860068027,0.01855221895667499,0.5285738079492792,0.13072756185297407,0.018700015829953776,0.014415894203814679,0.014776303730923207,0.009819319534992068,0.006187469499289182,0.01855918792738793,0.015084662304431501,0.019387719951159104,0.0207947697294762
853,0.019621474516802438,0.07439140675131253,0.013211023371584548,0.014835174264708794,0.014404771194455669,0.006254638916015341,0.01605665504210666,0.5585277745719229,0.027705165472692955,0.09070678796098654,0.0179697393774681,0.0171554147639734,0.006908084555923565,0.02115560601850549,0.01900754702701284,0.007936394963470194,0.014126150495653167,0.013565715866122898,0.013060170889250145,0.03340030398003185
854,0.005577837234254299,0.00666851860116875,0.007537087859130395,0.02069553933343514,0.01605477205941029,0.4153757464621843,0.008672930483913781,0.010870081952752674,0.006036207749574424,0.002769473883747725,0.06349323980346469,0.020662242016459595,0.0028874075461191124,0.007077087102046031,0.012213743370195306,0.08294793245765764,0.2644196038474557,0.0134513772580046,0.010909341830875594,0.021679829148149917
855,0.0019204088907201161,0.03770078556731198,0.00955621864443272,0.005840519225088864,0.35210605851822774,0.002597184494304925,0.10623215663498099,0.003709264152816213,0.006533791382127981,0.0043608179503570425,0.014435287493945638,0.0030595902613800275,0.0018296616936940829,0.008293861023041891,0.0023059236517232735,0.004292550691428816,0.0021972132871993814,0.004008856890675855,0.1750785739228104,0.2539412756237321
856,0.011641018361558116,0.013480979071434671,0.01778269912487634,0.020591981538743278,0.02083416344652047,0.007573016195582921,0.014266170490487935,0.038320141119258244,0.06184614113571374,0.007173387618064483,0.016351319283269293,0.014191788016208526,0.007346146772022885,0.016107849120569607,0.6251069263190664,0.020825373609376176,0.014328758115425921,0.012981707776800357,0.042974869760754104,0.016275563124266472
857,0.012835546642347973,0.012172027944806318,0.010517466777322302,0.014586089449659608,0.016623964648456734,0.004747965757394666,0.019704724779291992,0.012958748260180777,0.019174246851282557,0.02447261895433314,0.026195173763840125,0.01201756872363,0.7205746591443177,0.011090055065704756,0.0062380585395396355,0.030726621683880115,0.006783110844089353,0.010233223695149448,0.013099939335053259,0.01524818913971938
858,0.0031703853220920626,0.014096947006462272,0.006574819825805508,0.014179710877682194,0.010000130646424557,0.008310108562454203,0.017350001615882068,0.00987018082393959,0.017635954069970185,0.0049948313445473775,0.01201732003103415,0.012030109132310587,0.005766882668838622,0.009024236315604657,0.8107096944534816,0.010359948343493627,0.008297442753289573,0.008993109671386485,0.007518024666643008,0.009100161868657615
859,0.1024327629201156,0.09745291186303148,0.0018993201509558038,0.0032898819027171173,0.013878563616050565,0.02170091359877756,0.07701702398099464,0.006681701781674725,0.007300717234597337,0.027630225589372684,0.03357081973470331,0.01097713442494845,0.004892357085035274,0.29952596563367634,0.003285773341327758,0.1410938229039913,0.13391691590672514,0.007833128748665935,0.0032781184135012792,0.0023419411691377734
860,0.01221548043055799,0.01834551644491644,0.011938134703297461,0.020853292958684797,0.018853358379246454,0.010279847278921882,0.012495580735536901,0.028517303154015225,0.014734076696458254,0.00736817843413117,0.020685463908361117,0.038171702591333186,0.005304878024627425,0.016187637498106405,0.00721049301569616,0.04862768652780306,0.6690037725278047,0.008311876547419376,0.01474557745759952,0.016150142685482562
861,0.010572952944742219,0.04893149554556068,0.011608786804325623,0.009055320954812845,0.013932973334362483,0.004904333122945749,0.013628361645625864,0.014570746903668774,0.01024884660989598,0.01435257834294432,0.011106685351165749,0.01419847072536777,0.0062649351821829746,0.010405485062411811,0.010477041957487734,0.011792970919122993,0.007783564478720334,0.0054618741353311745,0.7546636854981167,0.016038890481208237
862,0.4677149071960519,0.03085647921466467,0.035192532597714696,0.01363830266533572,0.01836669468411614,0.02077242274598706,0.01335398581296375,0.014679038720134728,0.014681962140514971,0.006427439533976388,0.01723994649095065,0.01615223976930649,0.013475140176177172,0.010983538098734636,0.005189363000460607,0.21853485767561195,0.010093756836177645,0.03283492847027627,0.018124798022715154,0.021687666148129354
863,0.12085074659640808,0.027184100668325197,0.02212318056656441,0.10655784831819942,0.07979855168000341,0.01736140889895861,0.03136686996303654,0.012220360536711296,0.02571074672501855,0.01421117142476252,0.028488628231626564,0.02548856312042005,0.0009758699833440513,0.10193956978669924,0.05218083331574676,0.11634125290452982,0.08937450423266019,0.060732296491594354,0.04317359855791685,0.023919897997474068
864,0.00785014404252343,0.029281452089854793,0.010657149772531243,0.019628430438294795,0.028011994479750415,0.006517241210103316,0.19795576590807804,0.01680475597820565,0.13612299413933227,0.004635281641085185,0.01499832823171797,0.3751359902853813,0.005023803291390642,0.021685373825911406,0.0616341892417236,0.006483954588968622,0.009985971845143653,0.00853230670566583,0.014398801352441214,0.024656070931896635
865,0.030552994244428474,0.014406049529832196,0.010581547038913217,0.014706263147770952,0.013613251213047704,0.005274876224998596,0.00696599646294147,0.4116448305626185,0.01726893389746142,0.2358534647658411,0.10132905671504842,0.02214243155522214,0.006659326762971561,0.013038856565678545,0.003819227389973841,0.01510816459801728,0.007058363201983652,0.04883067449936546,0.009729454540817351,0.01141623708306811
866,0.03345795579065974,0.04375018430697735,0.006814574616583529,0.0029841580043072145,0.022472432442462623,0.031324983516528127,0.08095226119149539,0.09344017029536113,0.1265930346738725,0.04631633194953506,0.010463376449498246,0.010295590260600725,0.10215965283778655,0.03995935534799006,0.05521984857641488,0.04361899903553132,0.07815434025082463,0.08946380897394339,0.023817019192580148,0.058741922287047416
867,0.06404751924790805,0.06473712591800669,0.046490011991058046,0.028735938619561655,0.027252567229257004,0.02886152670855902,0.059976373936998686,0.05749321671106942,0.013492039543278963,0.054994644040113325,0.06799728098209416,0.09689997252198894,0.04430716432691864,0.04976643429361883,0.04287843894445775,0.06958430267792957,0.07733014177738759,0.0473324676351072,0.02202610916462682,0.0357967237300596
868,0.009169652677420509,0.01314457590429883,0.018672316991729113,0.020109334632246106,0.0152655660717382,0.01086675112548943,0.01332587663873054,0.02440727483355366,0.02859131682991328,0.007840707678411331,0.03249153197164487,0.010508999090766738,0.010850852478209211,0.018195945354487212,0.009615109335674837,0.06502121466994262,0.5914582308086342,0.06545775872923462,0.01733040547401842,0.017676578703856183
869,0.00878133161047142,0.23697446887891233,0.017031146895613067,0.015385852542566783,0.008625571389426297,0.016707228236946137,0.0114485653604407,0.058001854985556454,0.01037414377570494,0.007645104210173132,0.051330633554546354,0.018676656634001063,0.0028700057945046714,0.008755975611643235,0.004575944622394685,0.0036726597075326644,0.06423235903959122,0.43315887680084997,0.011926777608578938,0.00982484274054585
870,0.08503960377970536,0.07204004722391161,0.003923179174487745,0.021901744953654177,0.06522727190875736,0.09201494753226509,0.07244474377856762,0.02378585429850272,0.03960500806650922,0.02700985963651907,0.04026962719077584,0.07687223850677362,0.0005369839054132164,0.04526948466460839,0.11615290516836696,0.03732209918196265,0.057469397614402964,0.015594220079694509,0.05580936369236738,0.051711419642754525
871,0.05666852852066625,0.06331673144382219,0.003944365792340398,0.0026755411987796937,0.07277892274520162,0.018702013816073615,0.047652787542427334,0.06636088976705526,0.15832167139359532,0.1505939507337794,0.1134922159119599,0.007915492898295006,0.0015899466188583275,0.023221279675426303,0.15695127907359027,0.03400418994298595,0.00951310450395678,0.0033330409258887465,0.005869503051623021,0.0030945444436746143
872,0.015007809572572152,0.16494012956950477,0.013821175564624144,0.025972988486963455,0.011892510182612228,0.0037849151844969314,0.01165230812923677,0.09646135063511382,0.009027366784514287,0.11278330003334068,0.12788951281140346,0.010894821563345225,0.005520708016359101,0.00852136729101838,0.0030600818052358035,0.0058958583664031625,0.032703045725747386,0.32451464351066533,0.007473337213261336,0.008182769553581583
873,0.00413780383720613,0.010311369344317282,0.011513994434703934,0.012237391954838271,0.008473700268801192,0.012179949377858096,0.06383387990427564,0.009798934186037297,0.09767554631010941,0.007649686606849693,0.012755167725802869,0.0057622165979629575,0.008907055733364257,0.2261189456643118,0.45278538973527377,0.011565386847550565,0.0066405558602162995,0.005096971733516132,0.009759705585519573,0.022796348291484945
874,0.02528424680997216,0.017143020725278638,0.01431518886576266,0.016644652984860182,0.03872136531965628,0.007292659166969551,0.04131246725590944,0.012719277940649955,0.06320639173410185,0.014184635218036609,0.06466717606778542,0.015677186958916234,0.005002865414625717,0.010220558524045483,0.46940895106919167,0.058692969311129536,0.03235163603587002,0.04636167436482495,0.030711326588670023,0.016081749643743596
875,0.01408458259921043,0.02062905807211282,0.007365223879357282,0.01857195656350803,0.05091322828034809,0.008063051731610421,0.03164581470338475,0.41927199363981743,0.010159875823862364,0.1067780202022161,0.019245040639956575,0.011994687734586045,0.0039402448921610515,0.011855314804151203,0.004402542764514637,0.008907552526588725,0.006104850197862583,0.2127785886317989,0.013419776809430715,0.019868595503521776
876,0.017670459139801017,0.11624957078716806,0.006450778125700782,0.009717073907305246,0.025734433889302778,0.005169591397779203,0.006259783443911881,0.5100483196238585,0.026018328172624502,0.06596564462805322,0.01782422711049874,0.008310980227603761,0.003153639827203336,0.00969652615742319,0.004533527637975616,0.006455088584866328,0.013647752926588394,0.12815194757332293,0.01008347736314895,0.008858849475863627
877,0.02008786549432866,0.10651274124855581,0.11131220400889343,0.00591843466869829,0.004578660066931904,0.32714199330053534,0.004054931851392669,0.006002120386827352,0.006786581229343448,0.0031402411094827794,0.0050371136892946285,0.164745428595437,0.002565176600389398,0.010188082951253287,0.0020106843249509433,0.1969831274490301,0.00911034642480524,0.0035065254373544577,0.005516797084415461,0.004800944078079824
878,0.0604855358079696,0.08864288132914663,0.05374521888247957,0.044565695740807425,0.03164732101108743,0.022040248617463783,0.06281907082225084,0.09691705096095785,0.026915724133366382,0.04611200608596089,0.04154047173827292,0.038712688856510774,0.08963459801769941,0.04364814883265961,0.022972763955090476,0.07566935821875079,0.06580900636929807,0.03753927981941881,0.03003299081866147,0.020549939982147276
879,0.06816966477166149,0.06271188080635567,0.08040413688675403,0.10956327525586698,0.0029166537580744283,0.027953122064387156,0.1020731480215004,0.0017262443642954736,0.03679204030184226,0.0020090646782203684,0.014841216825686107,0.14956941670009186,0.014821175584337988,0.06843850715047292,0.05790904054361139,0.09167359579574252,0.07283697646367021,0.002438968060141044,0.003098573393821182,0.03005329857346653
880,0.043854440298668806,0.07453185400022666,0.03395106992787166,0.06925383078329093,0.07371614882076613,0.012093587217003326,0.08500902639303849,0.0015675641720129289,0.03790878419443817,0.09403487558766617,0.06742974836280535,0.08215832349793985,0.012585523139117108,0.049271507754370905,0.0330995176066199,0.03827367125742729,0.003640799640833967,0.007988632836763205,0.07104382439755404,0.10858727011158505
881,0.06228791967627053,0.07793907689765384,0.03127770762285056,0.009284702781237508,0.05626808262645893,0.03568252855197598,0.04611421315589262,0.07166223070328963,0.059716294614295076,0.05501596767605484,0.049494218771534475,0.03991780657152568,0.05150488938637353,0.037344367215324664,0.034540901621600985,0.0702049912402652,0.06805539471449379,0.05813283608745401,0.040923255952938296,0.044632614132509886
882,0.005117101526410633,0.012359003993628197,0.004972686279524632,0.008050581272988504,0.3572706670054554,0.004446083539720216,0.011230894845694707,0.006498394217874004,0.007604076583001452,0.002606284078827505,0.007652525829098197,0.012440369766453093,0.0028829885436119007,0.0056829409505688095,0.003133825371294881,0.004695745135252031,0.003514701926180566,0.00512748887295308,0.029039299611447734,0.5056743406500145
883,0.04198410898670115,0.061560959502870584,0.06311219728221507,0.06689203353340153,0.10048608670177699,0.03757332645090688,0.05358110653192509,0.02643905459071535,0.0306433956593733,0.04486112621275858,0.04178549876178541,0.043400076266712,0.013176221599149898,0.10272819414320859,0.042638373485159205,0.05995090849950442,0.04409889177574895,0.03292563576189536,0.042883151056832686,0.049279653197358955
884,0.008389359326553441,0.17157907390395086,0.17895466952073194,0.05652604236090476,0.038615961442332314,0.008544934574206063,0.023875805630930502,0.004633966089354648,0.0047156721743188005,0.04816446177703813,0.07952409968353819,0.10077823962614615,0.0019347286133777131,0.011399012459153266,0.0014850880483531358,0.11247419795965886,0.04690102605614567,0.011131661974112368,0.048477845847492484,0.04189415293170066
885,0.10788387150316062,0.04670263538879837,0.007085453735653237,0.017075221151120822,0.15763873942509993,0.009660753235144579,0.045629461514702846,0.09956524998821967,0.008452201011641083,0.05528178615461695,0.030804921670638623,0.020304757229440046,0.0022627110171691235,0.03599450141446247,0.008100553907459953,0.024112715259052626,0.0652336190622123,0.07728632602953336,0.008474252307484888,0.1724502689943885
