site,A,C,D,E,F,G,H,I,K,L,M,N,P,Q,R,S,T,V,W,Y
790,0.025324303945416446,0.017573732149605392,0.008888780471672412,0.02040365944855134,0.0329507477805101,0.0008819965142930211,0.04444390235836205,0.03311918623188214,0.04444390235836205,0.11123285330163696,0.0659014955610202,0.04444390235836205,0.2196716518700673,0.04444390235836205,0.021967165187006737,0.012552665821146704,0.1610925447047161,0.0444673089067062,0.014814634119454018,0.031381664552866756
791,0.19584038699886766,0.059099250510866654,0.010989496074833998,0.005668266396493325,0.010558535444448349,0.04412636622580646,0.008284389348721014,0.015385294504767595,0.00585310117029202,0.009929006770996953,0.006335121266669011,0.013807315581201688,0.5437831212298545,0.034940680312710234,0.0018130818439961813,0.002193045566350788,0.011313140405001957,0.003283446997968695,0.003663165358277999,0.013133787991874778
792,0.04801175417099786,0.03156719237451574,0.019370777138907384,0.03971009313476014,0.017008487243918676,0.06641409304768246,0.07416240390324542,0.0008225688246767099,0.07213944589662061,0.021320855374367856,0.055859915470337564,0.108308504086278,0.0007702132832070137,0.08161554101192978,0.10689799235915555,0.11663708748915996,0.07865405667557812,0.011681217425761012,0.002235089669873929,0.04681271141902617
793,0.058079527207735716,0.00875929748455659,0.009647921867047837,0.003788785318993268,0.008534700113157701,0.6733676408837934,0.0883787528768964,0.01256050205332643,0.010401665762910949,0.002360661733426599,0.009935919534720908,0.03724136127517018,0.0041348236573062165,0.021931023862044662,0.005440938056890296,0.01926993728464175,0.0052364018522666434,0.002545507356643313,0.003254936163328246,0.015129695655143199
794,0.005668186921359325,0.013351729192535302,0.01820690344436632,0.013351729192535302,0.014305424134859253,0.001128398738530244,0.10013796894401475,0.013048976321015631,0.008990332917328344,0.00858325448091555,0.020027593788802953,0.0176714062842379,0.01092414206661979,0.026122948420177768,0.6050670468616464,0.0070757970428620195,0.05509914507457015,0.006986369926326611,0.011336373842718654,0.04291627240457775
795,0.002007296392296327,0.015876217854055828,0.009896863077852983,0.013138938913701376,0.01693463237765955,0.003448228312193121,0.021692471965399637,0.006363816168004147,0.014942322686170191,0.0052920726180186095,0.01772228969755069,0.012439703861110998,0.0067883240450504175,0.014942322686170191,0.0037913356069387053,0.008534907037427276,0.7689463967214489,0.02871560757808063,0.011206742014627645,0.01731951038624272
796,0.0020548532574437466,0.011636863383340246,0.011460547271471454,0.016443393911241652,0.00859541045360359,0.007397829173215845,0.016443393911241652,0.0053499973872828096,0.02292109454294291,0.004817809681000739,0.015436655508512573,0.026685026660528577,0.0038218773766926953,0.04449388940688918,0.003878954461113415,0.0037300972450106163,0.7638200149041439,0.004727475749481975,0.008694208274909378,0.01759060743993293
797,0.004853741715821341,0.008886345024169993,0.016523376053859888,0.008441289940558856,0.01359334807352223,0.025007345849132893,0.016179139052737806,0.01553197349062829,0.009956393263223265,0.003628180849841802,0.014934589894834899,0.01806043429142825,0.010218403612255457,0.014119975900571177,0.0013474222348345455,0.007737449948553621,0.006163481543900117,0.0034961325475417943,0.7854720241711264,0.01584895254145744
798,0.00725172538235747,0.012753419058507128,0.01059791161199888,0.012335274171342963,0.013934291193554086,0.003960272233957477,0.025081724148397357,0.016357646183737407,0.016357646183737407,0.0030083658439973957,0.013934291193554086,0.015676077592748344,0.0019231984092516878,0.016009611158551502,0.0037811644444820124,0.7588323504026675,0.03219911803089043,0.0064866527969993145,0.014470225470229242,0.015049034489038412
799,0.0039281846094898175,0.04836872363639162,0.005725872300960279,0.004187578249956025,0.017897598611794817,0.002139157310700368,0.004922241100825503,0.2829893970769074,0.004125996216868436,0.559899647380633,0.03147964451542017,0.005170837833964473,0.003300796973494749,0.003951658348550053,0.001117799771900612,0.0021221759896192724,0.0008832989380131805,0.0008958436291458417,0.0033803342499645023,0.013513213255399885
800,0.005403103804393888,0.012382112885069324,0.01801034601464629,0.0100735833641242,0.011006322564506068,0.003906798736751366,0.5994013645779461,0.008254741923379551,0.01382189345310064,0.002641517415481456,0.0568379244062901,0.11390783480889997,0.00597988567125672,0.008295046389745028,0.0019724244361373836,0.0038098808877136377,0.005714821331570457,0.004468732469799457,0.007337548376337377,0.106774116482851
801,0.06932864786733424,0.056982734451789314,0.006243557714081252,0.0018513322533166012,0.006674147901259271,0.19436535408089164,0.006243557714081252,0.004838757228412971,0.0037221209449330543,0.0017436962985271968,0.005231088895581591,0.20223056165645228,0.00233193119441589,0.005231088895581591,0.0009464990296621981,0.21827726942475703,0.020405245860831225,0.18130927948626344,0.004301117536367085,0.007742011565460755
802,0.05018604800566605,0.07145685470644263,0.02104352909478963,0.0005422336039197803,0.005328062620587344,0.09004041836521778,0.03114996083110307,0.017536274245658023,0.13396254454596718,0.001268586338235082,0.01586455264616346,0.011687477038183087,0.001373212015615295,0.10292456046560401,0.04588945892354995,0.17162102641458465,0.12759004103393118,0.012078556240631802,0.012831420179749772,0.07562518268440022
803,0.14666510314918155,0.0924002956043303,0.005205457745264977,0.011140998131166136,0.029267061956122716,0.19331371359516025,0.009630096828740206,0.005350053793744558,0.004938511194225748,0.028333570213641666,0.04113208707346976,0.0749414162209809,0.003057173596425463,0.0913132333031029,0.007232179599193272,0.22930220416515795,0.01028302176836744,0.0019111040067750302,0.0077040774629921665,0.006878640591957292
804,0.003668131587822889,0.00999433105318569,0.39788000151996533,0.42312603663118964,0.008721340092311174,0.000976979584260216,0.008566569474159163,0.012345938359817614,0.004505139917181506,0.0028750815358479383,0.014474548421855138,0.009125258787691283,0.0037478741449446335,0.06403578039620654,0.003682121966963149,0.0026567209128721455,0.00518224573128147,0.0038494907035142613,0.011046365900889447,0.009540043278040885
805,0.005260062762923587,0.0072275802390880245,0.014238445754810402,0.014238445754810402,0.010453542452898774,0.002978529756883255,0.013763830896316716,0.012705074673523123,0.009075053338230806,0.0032930094923901507,0.011797569339700047,0.012705074673523123,0.004603509725054564,0.012512573542106107,0.0018160424585872653,0.004129149268895016,0.005941221969633117,0.005898784669850023,0.8348746085973778,0.012487890633397771
806,0.02252061940687135,0.06961425373368443,0.006775349068930473,0.006069583540916882,0.011744445527859686,0.05364623847047772,0.03269760402642754,0.002084070691095374,0.04328304719123558,0.06421995459493043,0.2942451879902159,0.015414584755315838,0.001787362024319082,0.30288306887638144,0.012482797521382202,0.0411055593475089,0.0015990356499715052,0.0006094064338847186,0.003066736946989583,0.014151094201601426
807,0.0004563836259705809,0.2437705045142947,0.008024544940611405,0.004020040440097829,0.0027430864179491072,0.11784907380096922,0.0029892608400727445,0.030544333042907962,0.005288205861245829,0.0011775876036650207,0.0029145293190709263,0.017546916164554994,0.0007767533048428041,0.0025071219948997214,0.0008478630746388148,0.2687124956827872,0.23560262416784777,0.047047650584208935,0.0037009896115186365,0.0034800350078458817
808,0.026352146417864153,0.07736821859615597,0.042812452978110024,0.024617160462413263,0.001368128427554506,0.05189748114128731,0.07301185847502469,0.04984712028010012,0.06873622726517989,0.02813389767132944,0.12537932657875078,0.11987084481857403,0.005601899986764114,0.06154290115603316,0.030564312915187738,0.08678659897202536,0.07135918986737892,0.0506310246928596,0.00169387329125796,0.002425336006149089
809,0.07717274493522869,0.062232917298558295,0.12142365540477174,0.12687189241428473,0.001853157941365859,0.01833259274750562,0.07861000079817891,0.012242541107913106,0.03845031320194738,0.013404012956612556,0.0553181487098296,0.09755430279233464,0.001464303936436666,0.09794032886330485,0.015287635323742022,0.0935251751492458,0.06679329481498382,0.013753399066570438,0.0017470421534537173,0.006022540383731447
810,0.06388090174299514,0.06267762905607831,0.3112283768260733,0.13672026815858612,0.004599490071844838,0.0006047890489127395,0.036073097222444624,0.0034240648312622688,0.0038045164791802987,0.002217020394342476,0.005603015178429167,0.18285557486151485,0.034594795258225036,0.013398514557113224,0.0028015075892145833,0.10669975931946747,0.016796369559855466,0.0015924114688863214,0.0068481296625245375,0.0035797687130493324
811,0.00452472893092507,0.02072273825205122,0.013186352884410203,0.007565940179579626,0.013186352884410203,0.0033203046831248714,0.012473577052820461,0.1625154425555274,0.017201963266518946,0.15040660782611048,0.46607591451569697,0.016482941105512752,0.0027309014849370246,0.01919579964400534,0.002051952133991432,0.04117808633310823,0.02401355021749445,0.0011636133998631064,0.0049098122441952885,0.01709342040571693
812,0.0036540968806327476,0.006967144719073105,0.005331998509494723,0.007464797913292612,0.003142126310176937,0.0029667480073923566,0.003086293925739822,0.21246643509518795,0.006372388462566864,0.5293900581655012,0.18492201763146685,0.004750325944822571,0.0008469044896386249,0.0070612953233849035,0.001681796093941075,0.0021681985640269,0.0026934837831468187,0.0024417563267779573,0.006786179921175101,0.005805953932560921
813,0.05796963144343782,0.05215738128706693,0.08397384381381166,0.10030637123447964,0.037918235093679295,0.06285595906688805,0.04783193018193979,0.023432920889877605,0.02049041769921135,0.05831698777899505,0.049176066836512614,0.04695266675947766,0.0032537658717257767,0.053213446068816436,0.039333121661761464,0.07139210030661106,0.05079708711580365,0.01767186989280004,0.07442085607719456,0.0485353409199095
814,0.0007687763341362256,0.17294357736934302,0.004928136718954481,0.0032614045733904548,0.004761081236956024,0.004661340263177586,0.0051073416905528255,0.1207043274545758,0.004681729883006756,0.03765257867783506,0.05997605941814015,0.003511297412255067,0.0017128280059780813,0.003956391450428244,0.001241512159979753,0.001871074115012255,0.27761995314552435,0.28337743207067434,0.003192088556595515,0.004071069463484135
815,0.006470391810238616,0.009588400642622506,0.01423486198252495,0.015056104019978315,0.013735393141032849,0.00373357150431838,0.015351321745860243,0.01398066801855129,0.017398164645308273,0.023465000309306844,0.011862384985437461,0.010167758558946393,0.005799388215102758,0.01661168939290296,0.001689467311076624,0.005018701339992771,0.006634893296939596,0.004924008861879701,0.7902971621994281,0.01398066801855129
816,0.00692952728238337,0.016276331523737687,0.004361829154674063,0.009331763406942938,0.011473479598700332,0.00529178943144571,0.018849979424990775,0.07097732119660714,0.01459065797123315,0.0042161581657874725,0.013688538032212436,0.7064143836263865,0.006861590740399219,0.014283311337157559,0.003824493199566778,0.001626358233756913,0.04673226954194132,0.022048621711324275,0.00999831793601029,0.0122232784847419
817,0.0030479122708531614,0.0068215179395285045,0.008426580984123447,0.005116138454646378,0.005847015376738718,0.0015658850404441078,0.04840845306494416,0.005267588263099462,0.3391923350816279,0.0019896093990291477,0.03274001656566271,0.027152177199888543,0.003667014460793451,0.16949563858340813,0.28817025633498244,0.001694490134665551,0.03681602924326757,0.0028088603280411488,0.006366750076893272,0.005405731197362211
818,0.0038425268773894044,0.19501522682836547,0.0029350666971829542,0.032628009576690715,0.006871504270379134,0.001123427333168414,0.010151085853969174,0.11356186580640569,0.0031388907733762156,0.06755459092645315,0.1702450285916788,0.0034769251643551923,0.0018677697163891529,0.0036451634787594764,0.0011406657571083507,0.002454108667992548,0.14584417226927138,0.22791123630200089,0.0033235314071042273,0.003269203701959758
819,0.005756874078793429,0.007891079862109993,0.0077291364946763625,0.010683992733948613,0.012275687373897755,0.002795038955752988,0.010305515326235151,0.01574993851745372,0.013042917834766361,0.0035573667365950737,0.011756996358099257,0.006731828559879413,0.003900685707593679,0.012647677900379501,0.0013976236439321326,0.007357040976680889,0.005640180685304374,0.004939329830917439,0.8451392071226627,0.010701881300321117
820,0.0118509158497086,0.012712800638778318,0.01398408070265615,0.02118800106463053,0.017053756954458717,0.0065346171507739016,0.010594000532315266,0.7042262832886278,0.014269470104751172,0.004558426247588575,0.007487154226706858,0.014231987176715432,0.0035673675261877935,0.013709883041819755,0.005252077031360967,0.020165261726207525,0.004928366979815077,0.08343926383766902,0.017053756954458717,0.013192528964769952
821,0.05458837353129357,0.0726511681985812,0.07634287970551712,0.0759602567312133,0.030595077516782188,0.005626842691084865,0.03148967042662963,0.09485303165094533,0.01741521937272175,0.07714349379122157,0.0349010513895145,0.021649148418307868,0.0007005758627188093,0.08095179221813402,0.015775586844590815,0.05419417917626476,0.07918725945520097,0.04414578588654956,0.06647819312288476,0.06535041400984339
822,0.03483382728699713,0.04367272512206534,0.10451816729105834,0.12224090154415983,0.04424736624209252,0.01749698139404955,0.06928845812635366,0.0028945892082223304,0.016766275033905265,0.07217879135600155,0.04922130905150807,0.08823673034866263,0.001307233835971375,0.08887399562340298,0.015425687313757028,0.10230740236928271,0.08031845354541464,0.0009358053993128947,0.021990139762166704,0.023245160145615427
823,0.008976776654476321,0.016234596077244413,0.0020858584757537223,0.016956133680677495,0.01734150035523835,0.007726775329049854,0.0126078613016664,0.016907303399949197,0.030275097310263056,0.005411532025748137,0.01734150035523835,0.7710033886637715,0.005652044560225832,0.021800743303728203,0.004891192407887739,0.001647052249954334,0.0059310302750476265,0.00887239553058706,0.013155620959146335,0.015181597084345999
824,0.054154835026500966,0.021903112423839383,0.06436515488866697,0.10601430146298378,0.02217690132913737,0.014845886390277669,0.0588032563749363,0.03970721380836025,0.0475219314195801,0.04147368560254263,0.07568307596451643,0.05840068541235392,0.09410654663759056,0.044726523689016556,0.037457433973444344,0.051235553722158066,0.0723501745489588,0.04402494286658714,0.033851238819426914,0.017197545639121903
825,0.022228922363104937,0.07582127727891116,0.01772761153272656,0.016333015709746004,0.09255375568856071,0.010528101631639359,0.09393197833918229,0.004257339237443693,0.09544606055382823,0.023534408216236286,0.07712812974046727,0.017666727719047724,0.0012275547332286937,0.07918276176729018,0.03631306484710045,0.018824492682419126,0.01006019083571312,0.001535433823340348,0.24338209829214114,0.06231707500787266
826,0.005574197912562928,0.1630422458328217,0.007888015914004147,0.008894996668983399,0.01229602480712411,0.004019854263867497,0.019002947429191806,0.0766044870080004,0.008274708675078492,0.22014434518948803,0.420934701833331,0.010451621086055492,0.004750736857297951,0.00929032985427155,0.0025607052162746713,0.003667235468791401,0.0022241471510875176,0.0017888589553847767,0.009088366161787384,0.009501473714595903
827,0.03872255935640607,0.03265353230442612,0.07136962659769448,0.05013088532227037,0.07063825355651365,0.010447988987824971,0.05244355188286621,0.07691720942820376,0.03684784031396667,0.058062503870316154,0.07534747046028124,0.04635635389646208,0.06524227585427997,0.03235325884548325,0.04166045804864963,0.04441053163414146,0.0519504117928284,0.04335107958439043,0.03575382372321998,0.06534038453977513
828,0.0032745137285091824,0.20405250829658217,0.25618032554020564,0.027992919925499737,0.01107383950183372,0.0005722833330959122,0.029358812462976197,0.09116275957383997,0.009433270686747245,0.02120773831954509,0.00821607446910244,0.0800538675705141,0.0024256981765921485,0.02286028935743171,0.00233668172974473,0.05878360120482441,0.020955265244312408,0.1207836504444321,0.009096368162220555,0.020179532271990434
829,0.010494273423141449,0.02066060080180972,0.024486637987330043,0.0034912511038843862,0.011205749587422225,0.007324857565581385,0.031482820269424346,0.023612115202068254,0.6663800858856834,0.00528911380526329,0.015269386389300426,0.018478410478380912,0.006481757114293247,0.09687396305453115,0.0014179628238879774,0.008368850957695078,0.009558384065059026,0.007033396017637353,0.014691982792398025,0.017398400675208186
830,0.010715449406186047,0.027918315583641835,0.018583699996935644,0.017644528809112034,0.025220735710126955,0.006404719123150791,0.045518992799416035,0.005284185368636803,0.04362236809944035,0.009064388176507088,0.030345995199610697,0.052346841719328435,0.006247303217054951,0.05554842646906652,0.07080732213242495,0.16935217286775175,0.3545744679249421,0.009542981079507493,0.012175527584199217,0.029081578732960245
831,0.04031069232701886,0.029599392821260943,0.0050441281932383135,0.010908867133142852,0.0797290042323527,0.0014186610543482755,0.09082248242523497,0.08561807840860601,0.05830183434490791,0.0866115862099893,0.031288998753975616,0.015524157074087906,0.136659110257322,0.03165710462166945,0.05381707785683808,0.015396374377641499,0.022795620071050984,0.013306420349218206,0.13513095338722306,0.05605945610087299
832,0.0010959333162580838,0.10754212885537737,0.007006477210051022,0.0049781471078694,0.0061306675587946445,0.0020158116512525555,0.007910538785541477,0.3009739086190683,0.005981139081750873,0.2413495833812916,0.03183813025323672,0.008456093184544338,0.002335492403350341,0.009431796244299453,0.0018164940914947095,0.0019462436694586175,0.0030274901524911827,0.24648766770664213,0.0044586673154870145,0.005217589411740124
833,0.030987672976452357,0.06752480184798222,0.0836993474069175,0.05742366869913258,0.046824809738135666,0.039243650066247034,0.03941884493261421,0.003065557337249456,0.05568355752643159,0.062290321084572754,0.03464393460491094,0.03743262406391659,0.02978103453240051,0.061164907720439705,0.0479550207166141,0.08947791865314172,0.06528606979248906,0.04270374867699872,0.058051249777811634,0.047341259845541564
834,0.10762327177060159,0.06417152466323894,0.008949741828264387,0.0011788691961986699,0.00648470143965362,0.016319116205750828,0.06862291650063829,0.002222308477912195,0.12546741740287715,0.05009610013270872,0.036962798206025625,0.06709357993456178,0.0006599909184525957,0.15952927197669803,0.041067359977406424,0.07190155519361845,0.08171879245921251,0.08322033514222144,0.0017819754798220084,0.00492837309413675
835,0.007073079461956253,0.03958630239497237,0.025260998078415194,0.030752519399809795,0.015376259699904898,0.023914817145589067,0.013602075888377411,0.01607518059535512,0.015049105238204795,0.005276750982843159,0.014434856044808679,0.01334543294708727,0.0059941351372510615,0.01607518059535512,0.0035968811367778223,0.014269595745730645,0.00862570666092226,0.009558215489130073,0.711416120293939,0.01071678706357008
836,0.01728168212512913,0.005060314703359216,0.003994985292125698,0.0036145105023994407,0.004216928919466015,0.002108464459733007,0.03528765236458138,0.0014196091808778167,0.11916613077855405,0.026465739273436033,0.12436745772395144,0.004666002131742299,0.00921593136444808,0.1832997497826866,0.06316415166752691,0.10729515542561985,0.15254370637135808,0.07137647447699651,0.06135239558841991,0.004102957867588555
837,0.04898815318869986,0.012888893983033778,0.3759622814799731,0.0970747658838228,0.012057352435741278,0.0007100767591614105,0.035184601497234035,0.019672522395156822,0.02669842325056997,0.004153088061199774,0.017798948833713312,0.03425414658855551,0.005339684650113995,0.26388451122925527,0.005932982944571105,0.005678622944847854,0.007952721819318716,0.0061496579493943975,0.007952721819318716,0.011665842286318435
838,0.007028809101760978,0.01907819613335122,0.016025684752015025,0.012923939316141152,0.10691083017934783,0.004999925122467808,0.011128947744454878,0.4029566132926929,0.022257895488909763,0.13381158068396445,0.012718174450229392,0.01952590184821354,0.00417335540417058,0.010828165372983128,0.004451579097781953,0.005235886029550269,0.0011531163524645992,0.18217964252709462,0.010828165372983128,0.011783591729422813
839,0.006379369712114442,0.012383482382339796,0.015037085749984039,0.0185752235735097,0.026314900062472068,0.1390323057979674,0.011253598282568849,0.020372825854817082,0.015037085749984039,0.004014767195124942,0.012145338490371724,0.010704366127107285,0.6353739977052173,0.012888930642843464,0.004543579866901653,0.003284083198711683,0.024665450403576036,0.006578725015618017,0.010525960024988828,0.010888924163781545
840,0.004081874298169716,0.0023985338104906143,0.021539605297965444,0.012527131466796715,0.5167372698895354,0.0042739625004365265,0.0019698091444360273,0.009315046475310377,0.008073040278602327,0.0030023703515463197,0.006487264509591155,0.007467406197980443,0.0051167156695366865,0.012109560417903491,0.0031282788419450887,0.00369720443161275,0.0027521728222507933,0.004649777598235015,0.004976531678590476,0.3656964443190648
841,0.02199139101688754,0.009845893460960861,0.01083048280705695,0.008331140620813037,0.007556150795621127,0.013959752558546,0.009283270977477385,0.1481608114688077,0.012996579368468339,0.32657673628807715,0.20826441654911876,0.03822313200554262,0.0011134543866294381,0.026167339148274675,0.002752561529499695,0.029001686623361837,0.022256611676382345,0.08488171383299814,0.008781472546262391,0.009025402339214124
842,0.07817494612834333,0.04894674623420423,0.006900122891256359,0.003249164958034673,0.010969426134817802,0.4302677706848392,0.0067905971310776875,0.01475198687096187,0.009506835983508762,0.0029708862448464884,0.01258257703699689,0.236779884907963,0.005154308665757762,0.09150913426394702,0.0021328314045792503,0.0041534720316300415,0.005281575546393757,0.005030320651216682,0.01296386725023922,0.011883544979385954
843,0.010780598414835743,0.022010388430289643,0.03521662148846343,0.006376386897669623,0.009267531970648273,0.009433023612981276,0.01123934728355216,0.010331634333121776,0.5319478911323262,0.0038804966171205576,0.2641246611634758,0.011200317920037228,0.004846324058045427,0.015894045977788294,0.001978528049079245,0.005128634197349044,0.006814604786922144,0.0096045331332173,0.017040300720224243,0.012884129812852476
844,0.01229798821137176,0.015304163107484859,0.016015984647367875,0.01861317134694104,0.013243987304554204,0.001150941637527268,0.013243987304554204,0.009838390569097409,0.10153526514732708,0.0045012244433779,0.01449245091790485,0.01128995639076752,0.0061971267047648045,0.02086931332838844,0.6945608626313939,0.004164012523861882,0.006318232475567144,0.010595189843643361,0.01517256162046116,0.010595189843643361
845,0.006637687106578393,0.029020053656864237,0.02413998278833111,0.6429464584017931,0.01824117658431466,0.0012742576289309507,0.017255167039216573,0.01824117658431466,0.11224055476617743,0.0063211998064456746,0.022015213119000454,0.01995128688909416,0.006864958929580787,0.013545930020205767,0.006514705922969523,0.0057003676825983325,0.009822172006938664,0.006516447653898763,0.01824117658431466,0.014510026828432119
846,0.02492721103278312,0.015043513764431284,0.7129952578937333,0.0579915025517527,0.017245003583616348,0.0015579574743693947,0.013968907808084435,0.021425610512977887,0.014429492794454494,0.004876173427091519,0.014730107227672299,0.0054371970272110845,0.00462121011064229,0.016069207884733417,0.0058433483217212425,0.0049791911755511994,0.008221455196840352,0.018741254339556115,0.02280790796542807,0.014088489907349344
847,0.007595446578373063,0.036439383023544984,0.018446084547477436,0.015494711019881048,0.16671430268311496,0.0546590745353175,0.03873677754970262,0.011554513382338781,0.021520431972057007,0.38864639895344766,0.036439383023544984,0.0478266902184028,0.005696584933779797,0.07877337212442814,0.028133347187295765,0.003094199141972411,0.010469399337757463,0.007897330582246571,0.010469399337757463,0.011393169867559593
848,0.012604544451484517,0.028533443178242704,0.031179662590514332,0.024683899550823844,0.031179662590514332,0.00868045557234732,0.025757112574772707,0.025757112574772707,0.02369654356879089,0.021148269624797496,0.03702584932623577,0.025757112574772707,0.010771156167632225,0.03702584932623577,0.00263810060319306,0.012604544451484517,0.009403390305075749,0.009873559820329536,0.5947518407288992,0.02692789041908056
849,0.014248724624010993,0.5966831714680033,0.05162950221034211,0.09752239306397953,0.01234416891229034,0.005607939938071719,0.011850402155798728,0.015192823276665037,0.026932732172269835,0.004488788695378306,0.02043172785482539,0.012880871908476877,0.004593179130154545,0.012880871908476877,0.001351104729921905,0.00581356329569753,0.0069708247975286625,0.007315063059135017,0.056225689804704625,0.03503645699426844
850,0.008958948445838768,0.015130668486305475,0.04798812206859242,0.007319191740607592,0.025217780810509127,0.6843785467262161,0.012349961729790854,0.021277502558867078,0.028370003411822768,0.008010353904514662,0.028370003411822768,0.019453716625249896,0.00782620783774421,0.019453716625249896,0.0034697406789318164,0.006808800818837464,0.007917210254462168,0.01264180252695002,0.02196387360915311,0.013093847728533585
851,0.15554669739573176,0.02955714944308034,0.021599455362251017,0.016517230571133128,0.0061378838539843765,0.007799803325257312,0.012763314532239237,0.012958158886592862,0.024416775626892453,0.008022654848836092,0.013697215595573815,0.014778574721540167,0.0011824548268498328,0.020056637122090236,0.00645500964848881,0.5648375691640375,0.020810266985914212,0.012208387813446226,0.019365028945466427,0.03128973133059428
852,0.006170148795140082,0.03607163911004971,0.042630118948240564,0.019538804517943594,0.04900121471099705,0.006170148795140082,0.013362146251203091,0.03145613746738971,0.02758419461356743,0.47103663256807965,0.14792335531597856,0.024680595180560327,0.001308833532448133,0.021315059474120282,0.004959769014178425,0.006882208190281977,0.02344656542153231,0.009570026702666249,0.02930820677691539,0.02758419461356743
853,0.01188083437286945,0.07992317953758891,0.01656116306521196,0.021019937736615184,0.01951851361257124,0.00709764131366227,0.02277159921466645,0.5493169741600573,0.024841744597817943,0.10955316739962742,0.003357510538111075,0.026024684816761654,0.007697441988056265,0.03190303248513765,0.0070736443555538585,0.008814812599225721,0.005620976000718685,0.004080617644095394,0.017078699410999838,0.025863825150651505
854,0.0027137358351675754,0.007562133907518081,0.008155242449284205,0.0031404114656107553,0.02310652027297191,0.4187691244874435,0.010144325973499865,0.013416689190757886,0.006818317457598269,0.0028683956200930647,0.068395553679287,0.012603556512530135,0.003246009975237583,0.007847497451198008,0.0013327351612786055,0.0844030236893329,0.3009404361888628,0.0068704230672319636,0.0038019554513128223,0.013863912163783148
855,0.0017096008300301977,0.03088344373238562,0.0056725266747207894,0.0052237803139811596,0.4076614572674903,0.0022387629917062116,0.09438548904227924,0.003482520209320773,0.0062685363767773904,0.001998391379616699,0.007159878656147996,0.0028153885088014275,0.00043465838662602214,0.004999105223663078,0.0002625633419798137,0.0029569254637390493,0.001843687169640409,0.0036164632942946493,0.17633450131071793,0.24005231982608113
856,0.01306678401153176,0.015244581346787052,0.02286687202018058,0.027440246424216698,0.03430030803027087,0.0016603756119928348,0.017703384789817225,0.0351136536736638,0.11557464680466564,0.007304670166344484,0.021107881864782074,0.017703384789817225,0.006692743030296756,0.021952197139373356,0.5516118003483584,0.00543126323129627,0.009146748808072232,0.015244581346787052,0.03697279271460075,0.02386108384714495
857,0.006799228471813009,0.01495020862099473,0.014327283261786616,0.021490924892679925,0.02371412401950888,0.0047103397025051895,0.00987195782283842,0.015993246431761803,0.03274807602694083,0.0029831009527873905,0.05290073819736597,0.016374038013470416,0.6922717144968908,0.014327283261786616,0.0037375521552486823,0.022433589027799863,0.0049075636671573756,0.01185706200975444,0.015629763558312672,0.017972205408596235
858,0.0031877728914696305,0.0028926339049845395,0.008835674862225607,0.01890423458894781,0.014261089251311506,0.004281614483440163,0.003718659516838331,0.011954148343011114,0.026222002816927603,0.00323556690053501,0.015632347833168383,0.016935043485932413,0.002133238218493049,0.011780899816300809,0.8231031633639492,0.0030795745361996917,0.005080513045779725,0.005765121186700396,0.008835674862225607,0.010161026091559446
859,0.09901448937076804,0.0961737007765115,0.0018506770541325407,0.0030694156019759208,0.009539496635726848,0.019272361446502215,0.07487604906532772,0.0009160035682472704,0.0034957233244725765,0.025030238879063107,0.03100336406611226,0.00896482816369511,0.004171168674633512,0.34723767754045737,0.002033007479745065,0.13484969602438115,0.1264678948066247,0.006254900229770697,0.003311737886342441,0.002467569405510054
860,0.0023171246142419184,0.026363760502962172,0.01375500547980635,0.0275100109596127,0.02530921008284369,0.011938306642850796,0.015432445172465663,0.009621446766026125,0.02109100840236974,0.007811484593470273,0.03721942659241718,0.02968449751534692,0.003695964715363824,0.022597509002539005,0.008009243697102434,0.048164935203356296,0.636196700017547,0.01037262708313266,0.021818284554175595,0.02109100840236974
861,0.01316556164235566,0.05775213441399076,0.014777671231215539,0.010494288265645817,0.018102647258239034,0.003579054761745941,0.018102647258239034,0.019570429468366523,0.011870588366058383,0.005488879825588079,0.013662375289237005,0.018102647258239034,0.006704684169718161,0.012930462327313593,0.0024288321886832068,0.006100401191035622,0.009051323629119517,0.006188939233585995,0.7292981231488243,0.022628309072798794
862,0.42808801931901874,0.06092098278208467,0.01812598800653216,0.0164018030567151,0.02508511055732898,0.016189317138703724,0.015794328869429358,0.020306994260694888,0.018541168672808375,0.006461316355675646,0.023691493304144034,0.017768619978108025,0.007433313399278954,0.013756350950793314,0.005076748565173722,0.2314352184760629,0.0023095662478738797,0.015500238701369,0.02665292996716204,0.03046049139104233
863,0.12357994653578552,0.024324958038325326,0.020845629004388168,0.10699787843167824,0.0796417144662207,0.015846818788170843,0.030023475127934088,0.009582559227219069,0.02521285056664043,0.012854652621879235,0.027027731153694803,0.024156034718614734,0.0009876370643758308,0.11122136762125652,0.05270407574970487,0.1187228653730194,0.09135373129948844,0.061822306109806664,0.040992058916437125,0.022101709185360106
864,0.00881708589896094,0.018098228950498774,0.0016724638120242058,0.02645125769688282,0.018098228950498774,0.007163882292905763,0.23878307339173108,0.009483134065379855,0.1752939058323304,0.004843188029006714,0.019103686114415375,0.34584996865939566,0.0052902515393765635,0.01322562884844141,0.05877051651411992,0.0010864066312652036,0.0042430149474859645,0.009293685136742613,0.018098228950498774,0.01633416373803912
865,0.026182386667709376,0.017210233152260838,0.012213713849991563,0.01802976806427326,0.009675231979192844,0.005568016608084389,0.006884093260904335,0.380578558227774,0.027044652096409886,0.24699505889669707,0.10604532741822019,0.009708336649993293,0.006884093260904335,0.015145005173989538,0.0037862512934973844,0.005702157691293757,0.0013228214439925184,0.07715039448315322,0.010817860838563956,0.01305603894309443
866,0.033221875912441294,0.041740305633580096,0.0037263777140291044,0.0006994952412361561,0.02030609463255248,0.030614418653379164,0.08116170539862796,0.10726297194536764,0.12729239663099168,0.04673738447703687,0.007826307306296269,0.0018056515306779579,0.10477668557000716,0.042267979077252646,0.05637661497208654,0.043603712135079215,0.07967676187659746,0.09034926915623033,0.022261496337909383,0.05829249579862048
867,0.06419570818761282,0.06412960643591613,0.046856821722136635,0.027737115045651673,0.027219539233120208,0.028723480367984888,0.060235873488703365,0.05690230158361447,0.012631589146468327,0.055099620781009474,0.0686160398079761,0.09769498528622197,0.0446316149841881,0.050378618701119295,0.043070768936790106,0.07006150460596137,0.07761030448550811,0.047425274758696456,0.02097320462055119,0.03580602782076919
868,0.0015932462615362874,0.016421262402736354,0.027095082964514988,0.028521139962647355,0.019353630688939274,0.011529822538091483,0.01464599079162972,0.00693145203929384,0.03187656819354704,0.008601613639528567,0.02167606637161199,0.012315946802052264,0.005576340780460584,0.0258048409185857,0.007794468518678754,0.10315485053729392,0.5446393499846108,0.06525719719637402,0.022579235803762487,0.02463189360410453
869,0.0010913749300041913,0.28964972302632025,0.006295306547035618,0.020343670894767834,0.00875824869936681,0.012711298974758886,0.012079054593768405,0.0829555863258201,0.01166592642044115,0.0035502036285550986,0.045734166793629516,0.012468701516148028,0.002716942436872406,0.009911019153861254,0.004601544607149868,0.0036079353771263896,0.05807513243635494,0.3890066157533659,0.014866528730791882,0.009911019153861254
870,0.08567849263546898,0.0725794496366987,0.0002759679310107558,0.0200417526632676,0.06570551069212435,0.09327415433854604,0.07301458000308501,0.022507630591699152,0.03907514319500875,0.026655531042145904,0.03923324915294204,0.07737238297225014,0.0005352738308812526,0.04479921183553934,0.12071957827597993,0.03768918181487005,0.05861987391123742,0.01486022636495939,0.05538811645121226,0.051974692661072984
871,0.05653696629652632,0.06285996904921178,0.00404297490514839,0.002902648649850126,0.07152067589599204,0.017644903592761194,0.04627273732294622,0.06875202589631409,0.16683063422220917,0.15283730088564587,0.11373119122145071,0.004353972974775189,0.0007753650503024308,0.021285915445235726,0.16222340571765637,0.033702699454956575,0.0061341685499612195,0.0003842340649012259,0.004063674766817731,0.003144536037337636
872,0.0013305386079551721,0.2001880373902769,0.014556519926771608,0.016202357558336447,0.013170184695650502,0.0023360696534523054,0.012571539936757298,0.13649184367518874,0.00864293370652064,0.10381026334400889,0.14125031769738333,0.012024951243854805,0.002609187534043967,0.008381026624504863,0.002685183287462723,0.002584802603819257,0.02773329908620084,0.277846224871292,0.007682607739129459,0.0079021108173903
873,0.004781096951575689,0.001606994807521383,0.01372637511903988,0.01575991217371246,0.009455947304227474,0.004902951695820742,0.07061624580268595,0.010637940717255906,0.10952932917880735,0.0034243395888178766,0.017729901195426515,0.00697569883098748,0.004811180046567425,0.25491647445781945,0.42855679890819115,0.00890500584940455,0.006351009383436362,0.005126718417954654,0.00967085519750537,0.012515224373242245
874,0.016221971499084917,0.02144548108037362,0.01754630270212387,0.008391709987972285,0.09650466486168129,0.0012961148903908417,0.0317680275190413,0.013786380694525898,0.09945087047912468,0.006772257183275878,0.10031995038403067,0.017442580890427925,0.004541395993490884,0.010432936741803383,0.3877506616575012,0.05840553421657897,0.0235552404417885,0.03812163302284956,0.024800804673560453,0.02144548108037362
875,0.0075925420328208666,0.012408860987724715,0.008712604523296075,0.02924945804249397,0.05896442686821269,0.004403144221450705,0.02599600089370872,0.41235974992073027,0.013649747086497186,0.11115337056512928,0.017702269191208417,0.007567052161072489,0.004178494006070566,0.014624729021246985,0.004874909673748995,0.004087167073290716,0.0009813616535476882,0.22876646399615563,0.017804017938909372,0.014923630142684635
876,0.0119510274163728,0.18165561672886657,0.00666971117237302,0.010957382640327105,0.02033458396218655,0.005289770929813085,0.00639180654019081,0.4639741616998187,0.014092825447945054,0.06679928895948337,0.002122429266547029,0.008522408720254414,0.002858447645302723,0.010459319793039509,0.0031538977379834306,0.003260868704038306,0.0017524871984547002,0.15959238137880088,0.010957382640327105,0.009204201417874768
877,0.016887002411800404,0.11247911976704213,0.12535381959688427,0.006299797516305815,0.004978872230628788,0.3108146482066237,0.004667845952277301,0.005716482931462683,0.007178839030208952,0.001659624076876263,0.005220429740428164,0.17478063262124077,0.0014291207328656708,0.005512322826767588,0.0019414470333269493,0.19556547620748171,0.005975406243461222,0.0022991563655826008,0.005824341099980848,0.005415615408754121
878,0.060659881683482464,0.0893853194994629,0.05399360423411538,0.043993969825660464,0.03104729286933171,0.02233281094571704,0.06287487528551436,0.09844263592714936,0.026503786595770972,0.04595730483601666,0.04031561904708823,0.039641686396210976,0.08964516054451946,0.04362055209446743,0.02266382909738967,0.07621486891719217,0.06604222233700309,0.03751076128166299,0.02924555762291969,0.01990826095932523
879,0.06751287648111623,0.062058024547812514,0.08004259364756071,0.10810105027059881,0.0013785829420088038,0.03073022440543732,0.10328291425453862,0.0016801479605732296,0.03812762874935859,0.0015021493032303177,0.012594291333298258,0.15739762124422502,0.013397810613924775,0.0697569524052479,0.05784681324274953,0.09098732922423639,0.0718086274759905,0.001005734836055011,0.0015583981083577784,0.029230228953679806
880,0.044009702757840316,0.07554287672952827,0.03422914848563945,0.06935296353783602,0.0737280328441342,0.012591121100662881,0.08393652969947586,0.0008225039102029916,0.03755830696915832,0.09419486176361352,0.06719551228698849,0.08152456045523807,0.012131451558127369,0.048889405374997634,0.0331858433549546,0.037558555861903146,0.003286671343654175,0.007648299833275529,0.0709263675960571,0.11168728453671199
881,0.06255299192774239,0.07812351890176998,0.029906659579583827,0.005865722315955876,0.05666524972973778,0.03556341707647162,0.0476291245156335,0.07212782604487863,0.06064407240924032,0.055540939219227106,0.04947220011236398,0.03930336969390028,0.051642100694800484,0.03667227516818894,0.035341086512765574,0.07153349656197754,0.0680106712702717,0.059156029937638334,0.039389258958476246,0.04485998936937574
882,0.005409423007603295,0.002275088273050774,0.005619477465520322,0.008741409390809389,0.4155095961362819,0.004627804971604971,0.0027240648541972945,0.0066483958747001,0.008281335212345737,0.0026370732240430556,0.00813855357075357,0.005945583305993747,0.00282656351559106,0.0061303390532948965,0.0031469073806913808,0.0022486864273744164,0.00332419793735005,0.00542570238050238,0.02405366920125692,0.4762861288170348
883,0.04187482266130274,0.06101187682174335,0.06256138480451778,0.0677469541332345,0.10220851239892498,0.036965103941745014,0.05370929697049222,0.026075060758368497,0.030041633595596546,0.04479657778545504,0.041911916319711244,0.04309074973780561,0.01275945969677923,0.10476966602917445,0.04266058026923866,0.05998908296831762,0.043129428581470564,0.03312256232666891,0.04221269908955352,0.049362631109899496
884,0.007131698189329136,0.18536213815569375,0.1770405563633743,0.06154965545287261,0.03480268716392618,0.0005137449627159738,0.022131314808821488,0.004890777397340368,0.005030513894407237,0.04745820976899025,0.08188867567982631,0.1068851039902097,0.0011896485561098192,0.005868932876808442,0.0015702035373996366,0.11355040185584099,0.04606238006990229,0.009252560383246542,0.046062380069902306,0.041758416823282934
