site,A,C,D,E,F,G,H,I,K,L,M,N,P,Q,R,S,T,V,W,Y
790,0.0781344213058635,0.025381948608404814,0.02207274302230707,0.046433646818498146,0.036222842443250136,0.021579331759258854,0.04940343404822727,0.03217074422384215,0.08690325284411451,0.015081809372572717,0.04495895197706045,0.041608930811186245,0.02130610601975136,0.0420997462343348,0.03621563909678731,0.01801815962668134,0.17456500727083485,0.08245954166561001,0.023586609129999478,0.10179713372141498
791,0.036715296401287255,0.12910262285280336,0.014113349369934759,0.011944575774736345,0.015870088211292762,0.08446488123337967,0.011141923492770999,0.013301904132909463,0.012391896257593373,0.01958569110950665,0.010080511778410968,0.015500393158342774,0.5057901132820396,0.022241824017839078,0.0038098473646501624,0.021657503260914854,0.042677349427739,0.0052443378641390094,0.008364209636191259,0.016001681373518695
792,0.1243823725845249,0.06654203475702107,0.018011997596687944,0.022265425532132878,0.011186311643468625,0.04281367575136046,0.06433482375634376,0.011301557130709185,0.1726681140666805,0.01510681104027975,0.011517597334911535,0.08358290444140025,0.002619162378595816,0.028185692555474016,0.09377751769481506,0.12849640311839983,0.06538793040773937,0.0063152199979069085,0.012699749639480874,0.01880469857206722
793,0.019166385542470327,0.01056949367957083,0.013251892807090979,0.04563464228201045,0.01576406722472471,0.6062611527077221,0.1159566177077034,0.016956393541735094,0.011829390412042104,0.00495147273666174,0.013214328393503644,0.03207682359437663,0.007232069657852764,0.011654117756210905,0.016529320082622315,0.01923678583958934,0.008033469561857558,0.00965401887017362,0.0067889241370596804,0.015238633465021908
794,0.01061299735802851,0.017502905296433363,0.0268510792558336,0.01629877053191919,0.023822000696512937,0.0356302585021943,0.04739470468268208,0.030885649474222402,0.042673394927822426,0.011901963491040073,0.022791449064022692,0.02168808465157907,0.012379333579154932,0.02504871773075801,0.5753775055472723,0.01489023891095267,0.01467632404126923,0.011651663064862212,0.013161595477939249,0.02476136371550072
795,0.02482042531667152,0.013306074821521685,0.014363952386189047,0.016741552297224724,0.014017665320617875,0.004770968786531026,0.016791397906026656,0.04219013426623612,0.015805907674802583,0.008860126229804305,0.017848497539038163,0.01575561180384557,0.02278273827009155,0.016041483287836212,0.005275275486127103,0.013699474761552767,0.6681646276052602,0.03564347269950558,0.016184222771953808,0.016936390769163593
796,0.01696000323546885,0.014228457831377665,0.013665196129653575,0.021522638090884918,0.020343916058053982,0.006377094178102283,0.01740463661073801,0.05324610061119338,0.01609613606131308,0.006773964360888246,0.015164768129764746,0.012113386946938729,0.02193070202657706,0.02812471671269414,0.006746668928605433,0.014319183992123431,0.6765631097518039,0.008209853012183809,0.013269163866444462,0.016940303465190328
797,0.008159622286760785,0.01269920704548,0.018966009912684267,0.012739748270668266,0.015847765313448177,0.01057313394026651,0.02080729233212042,0.021046992712448608,0.015207713479040328,0.00932970100246019,0.011867533847476852,0.020853305586448122,0.012011934153866418,0.019984709894032882,0.012994602652850113,0.006676344324473004,0.011499504543458779,0.007108494263986424,0.732649808875497,0.018976575562532818
798,0.018158876656346766,0.015292125458813234,0.015203339357828128,0.013620627792534557,0.01896283797457127,0.006845822308444533,0.023829647428001807,0.01958731495349183,0.015947417363343312,0.02458703447902153,0.016623286049344266,0.026457254854572745,0.03974244473040597,0.0186275321984408,0.007409341121622156,0.6540794575876085,0.023458431144819266,0.009568039419247458,0.01566371241900125,0.01633545670254067
799,0.01141042709432725,0.05362750391618358,0.0073580599696092775,0.005488335149401391,0.03855720273147432,0.0021758975678406677,0.007849776973196429,0.2777839189715267,0.006251948734392418,0.3969915082130929,0.05929571720738297,0.005866214880918877,0.005226823626058169,0.008286224957688887,0.0019027224887324511,0.002481346544212708,0.043970723229367445,0.02221236217396792,0.006350181087065735,0.03691310448355987
800,0.009225871785440584,0.014111112653717214,0.016836845304782928,0.016159889084806284,0.016280584042264522,0.0069296509990527284,0.6121117932153671,0.01483400497594099,0.016899252897230876,0.010653601980114998,0.020072932739056047,0.02984460139404904,0.046663041951033254,0.029035344363902867,0.05197812329131682,0.007594567698542142,0.010962427781599525,0.008610832573969095,0.014605197399180873,0.046590323868632176
801,0.05095238821000081,0.011409282996919248,0.020179788514922678,0.0334855768784343,0.01643245057896395,0.41770519503636144,0.015540125914862904,0.01830628256659049,0.016484372786232052,0.007256683208512689,0.014130241818346488,0.14447018576597956,0.009986263102213823,0.013206012539265384,0.012473419902190705,0.0739565770293881,0.028157205687371765,0.06670255502221335,0.01310976848111652,0.01605562396011379
802,0.05997562433730651,0.01816638040410704,0.0070379768892532115,0.021674946736893234,0.009253849788101948,0.1348607387414525,0.03806932368690119,0.007871192824921986,0.12358889179176885,0.0021094110818940127,0.006025074298678939,0.010428329946155916,0.0034676448962198294,0.028550808497817427,0.08566269848011553,0.18692689236065171,0.17403440436545214,0.017464555050591656,0.014111879180202515,0.05071937664151383
803,0.24832423713584736,0.09796907116234563,0.007798530458522926,0.024960664713295385,0.020057866861401517,0.16860657628032022,0.013316129123854267,0.00904242128257968,0.009108261928801391,0.025535235245217627,0.05813658566261756,0.013531861668665914,0.004063088672543268,0.05392384393895661,0.03437001854383055,0.15074035333442945,0.035540184160627784,0.004640342436129282,0.011068603042108304,0.009266124347905193
804,0.011815084469676778,0.008948822999565146,0.3915645718709638,0.26745561765424974,0.01443205098249972,0.02235324244335592,0.020153577271253373,0.016629266717313598,0.019457014714748533,0.0036536736047377938,0.01034519186464,0.00871454424664921,0.004216006684919038,0.15056312419483195,0.005063352270904887,0.0044301459069084675,0.00531049221247158,0.013312723626554519,0.010985188326393723,0.010596307937362272
805,0.008520520554388596,0.022009775618519363,0.01852278924026305,0.015150687526753734,0.016163796264788123,0.0049597261676389654,0.01499218723973594,0.018589888252749202,0.01638240520258445,0.007197408396358341,0.01374969347973285,0.01817160640759427,0.008065262828215186,0.013626109307936188,0.019696602737830124,0.006921115459910834,0.010360222423536096,0.0076365347989914316,0.7456789319969311,0.013604736095542089
806,0.07608152834155779,0.02342474192989186,0.011528468741476833,0.008920544421493093,0.0359459582903158,0.0925084514267111,0.010056825446952206,0.05143472838503169,0.019837742280769594,0.0699957365601516,0.2703508508545105,0.009315653066223003,0.0034416806824560608,0.14548346243410532,0.017253840742940767,0.09586774699065095,0.031613579102136115,0.012739900277756582,0.004740815813758578,0.009457744211110538
807,0.06690967591149254,0.07969851913762906,0.05916883309306154,0.005202763220746792,0.009286019157911309,0.1396718485086571,0.021374212356977024,0.020855608086282274,0.005303770241048489,0.0019912736918550325,0.005355634754489567,0.07443423972768384,0.003752584213037581,0.00938335382446393,0.0035131064939043894,0.22827981927179408,0.19493559185477444,0.06269865244983039,0.00349728471365311,0.004687209290707543
808,0.02784120863382979,0.06284411576809132,0.06452920883201048,0.05992765398872016,0.0033628114350055197,0.0273367339179249,0.08119851664706701,0.055058482474642935,0.029281294625062463,0.023257314589436983,0.06887557199702636,0.12667703131700409,0.011471679726294818,0.09248923539024827,0.10438568175795077,0.03922470759250135,0.07026949425037345,0.032657729534707115,0.003073420579925105,0.016238106942177158
809,0.06416236573147172,0.05419071495642872,0.08072680179861788,0.09927397953816094,0.00363457081467743,0.07755959161037046,0.03668470193410632,0.021907475488235736,0.05601789497154425,0.017358099620943278,0.015359456284063214,0.09871697690406214,0.001504250525590445,0.11436790133015379,0.02554907338845,0.11361446822240784,0.06931237227151339,0.023781257629469452,0.002540767276378768,0.023737279703354222
810,0.06999592981805464,0.09841690204678187,0.27731338139350376,0.12627331424198254,0.006848346919992707,0.020393846851154855,0.04119906642936252,0.005781200060654235,0.007613489561070168,0.004038247766853952,0.007937756663513467,0.08697727765578042,0.03725076060966579,0.01408636535289499,0.004790844589695178,0.1178023402495711,0.0443555388498469,0.009347832870442776,0.009253211723637252,0.010324346345540825
811,0.030109716760170626,0.014971992465192105,0.013627720225124504,0.007300506246303239,0.01264163424569915,0.004213423796060755,0.01373667205833178,0.232680415771669,0.009925523310381422,0.14897990451993054,0.283807521770587,0.013403115541598287,0.003567195264778325,0.013612927994289106,0.00811333476421887,0.06143535997433976,0.048531564080563167,0.06089355287817828,0.006895710859456081,0.011552207473128021
812,0.005872828497265482,0.018748160362684462,0.007805205186244082,0.013660482078539817,0.029918509135545866,0.005668241155796306,0.028204230306489178,0.28369423399612326,0.010366618945640386,0.47782146639807854,0.02097777242678783,0.008543999198239016,0.008737134509579242,0.011539368963451181,0.008608639683096338,0.003470443317159632,0.004629159068467732,0.028014152799743636,0.014323130582472482,0.009396223388595535
813,0.03325251199518059,0.037485856244327986,0.019871160717369798,0.04876706743259789,0.11306585368896603,0.05051194264231852,0.0635180572179458,0.04450101180492049,0.025770516814303927,0.05138476926457128,0.04548402311728588,0.0786011066348784,0.0119397465860337,0.041169984579169316,0.032365829977991215,0.05042291363036325,0.08994964415175229,0.030042362348036915,0.04046304352154298,0.09143259763044373
814,0.03605175626788882,0.15907250333486114,0.010110614088810203,0.00999691964592601,0.00838850734177085,0.015724481979911314,0.010109885740714204,0.1532770202968357,0.010025514548661749,0.046508462060737915,0.06320782779607066,0.007009738025791927,0.003976418497877807,0.01237714574519584,0.0029897364589909717,0.0034544508740969667,0.13169986843905385,0.2999786294839249,0.006314310891228706,0.009726208481650452
815,0.010163310471660223,0.027047664172567043,0.015128489831158182,0.01911679054416529,0.016169469083904178,0.021983168138658214,0.014762202645431202,0.0167444493282588,0.019540184192453833,0.009940693310248163,0.016778624918356917,0.01621028240775155,0.0107098841285033,0.022067781164061755,0.018068693944768073,0.00835509017826403,0.009642550118393612,0.009867156703917808,0.6984504480291617,0.01925306668831613
816,0.011550472336302138,0.019141912680296913,0.040368707742649106,0.014397427024710713,0.021293126434060474,0.006953069186750264,0.02656604015458884,0.03361687360387924,0.02666698251226057,0.006100341088775161,0.014750396435623767,0.6154306487190293,0.01071954317325505,0.01307273987703042,0.008283251767174055,0.036901118453762004,0.05251087922004477,0.011415543905510788,0.013227205804590665,0.017033719879705735
817,0.024196694406809705,0.010371696646888836,0.01001512112732984,0.03428033294397502,0.00829428210731643,0.0169112631371735,0.11057546974278644,0.010802891743079282,0.24506423017777698,0.01195381751187891,0.038375633253988115,0.023346285732805245,0.00458150063640096,0.11277869706410731,0.25112854349030095,0.04654057611226107,0.00875150899234397,0.01819620304609049,0.007082085892497114,0.006753166234189824
818,0.036181286670798105,0.20908821484935125,0.004852712219943879,0.019551459372318433,0.005613685324432033,0.007751221598882753,0.005134766105423487,0.028934296575216307,0.006105306369215707,0.07017936410449442,0.1545073621656913,0.01913012808683125,0.0027945456335534647,0.007177023887167676,0.001958330262531944,0.005907138603360119,0.17802150156240118,0.19405693037079497,0.0050462124865088545,0.03800851375108288
819,0.009502830086378079,0.03003870847866515,0.01392053228259315,0.012844616275691103,0.016337423916848986,0.00920063369923449,0.014299520818795517,0.017544433289144727,0.012460276307035256,0.015207916720058102,0.015108233956256888,0.011046806571152007,0.006652955561803074,0.01567127017992659,0.05248160604086247,0.006935982815963088,0.00859517699130672,0.008228532744282074,0.7086095900248872,0.015312953239115268
820,0.012379534183992383,0.01960329446014664,0.016465539279265876,0.018706278518337005,0.03841828731405011,0.010762879528028945,0.011652110643259425,0.5947004509499643,0.014811450106556498,0.006701617444259472,0.016477142718058717,0.012741063410333724,0.005834854482554229,0.014457351404077267,0.008677640977856733,0.009832155950470706,0.04891413887615962,0.10149019033247053,0.019598804112938087,0.017775215307219844
821,0.05847896808626292,0.015760268985618497,0.04494023854024324,0.06575803420898065,0.16958795669613155,0.022547731233642416,0.059949167888205875,0.0747964372289629,0.029261633674524102,0.035443106059457524,0.08146190573915149,0.027126568278850696,0.001314756880099802,0.04072703063561309,0.011456762300917533,0.03813765923656993,0.07876433224265741,0.014349111814508007,0.04678354602988781,0.08335478423971454
822,0.026362649708324,0.11267790939945307,0.0792559839903513,0.1181100181627679,0.041614204083792516,0.08337816264809111,0.04604138976086749,0.004469694933975953,0.009623349875174856,0.04968394399107799,0.01448055664663433,0.07124191896797366,0.0024878350524059683,0.1293056623516593,0.02181634275641409,0.026876631493914078,0.07686161477756807,0.005415943990562877,0.025206410870185676,0.05508977653880576
823,0.011451495529793706,0.01849855019432268,0.03148833753898224,0.021308330258276373,0.0256777370763732,0.017537909369674854,0.04942834810470545,0.021419855768041226,0.027401010584923825,0.008583386234662555,0.015619458587325804,0.6071314731370471,0.007766208417733639,0.019524675089407542,0.007094505872090957,0.02384484368609273,0.019219520386883956,0.01175454924939266,0.016465060366100154,0.03878474454816948
824,0.07849189652986273,0.03678483953706585,0.06566999498127439,0.02900397999264023,0.04751376463710714,0.05061356397839137,0.0512771986885674,0.05555442733839252,0.07760798001326054,0.041108498588653494,0.04298603632361118,0.07550839965566346,0.047985273423095214,0.03957041708055827,0.03934040863120549,0.07162696803834973,0.045334148925759286,0.04701361877236338,0.03742206454189103,0.019586520322287315
825,0.053301362040814135,0.04151993999825983,0.00719696658238075,0.040726826339157016,0.08261035920980589,0.02943947327984847,0.10149205558305481,0.009048866925700566,0.022496446680090404,0.008258836735785518,0.05387018302898881,0.1002729957865511,0.0055992025242210764,0.03613910286257387,0.04808810699024774,0.05745341617585086,0.0036153970146368367,0.01447969103619657,0.20511100819806175,0.07927976300777398
826,0.005675333400670452,0.1385957903377324,0.009300810879473986,0.008844863619687362,0.010482981722823193,0.004647985746521484,0.011557134546639114,0.14097310097793178,0.03543579751603172,0.13364200571263077,0.2565942373916733,0.015725600345827873,0.005894137381318104,0.031209186586730418,0.010586949146771715,0.0035717870732773177,0.030653335290610942,0.12862053683990576,0.010244174919450151,0.007744250564292105
827,0.027369931905622258,0.0438254332022358,0.05002745526423086,0.040090543279902024,0.011419890052495456,0.04474170230623921,0.10893055593862302,0.09375106695043062,0.054536621818317,0.06076800331098349,0.025394783384864887,0.10772381026694634,0.051342914849824714,0.0264974810402666,0.02611963008493055,0.03327286333850935,0.047769588207911856,0.03389032131570867,0.048545762623288684,0.0639816408586686
828,0.02748948580428206,0.15287011100794345,0.18849551929096733,0.02711250403684479,0.010796922809597808,0.009170473185057034,0.0760070371980085,0.07891891000369534,0.012420755100686194,0.016117235639574845,0.010641778298009198,0.20303320278401008,0.0036054382681734295,0.02450285577601069,0.007569696779112225,0.0049934880515839965,0.030426596332301683,0.07687668841746347,0.008036771348008983,0.03091452986866892
829,0.009759261067568565,0.01696562097273404,0.02365611821989803,0.025275769415215886,0.016809488393837453,0.00811048788857172,0.018639463567892603,0.018292362014650097,0.5000835554525325,0.006166742767533301,0.06739975401804651,0.04877658511625374,0.008493381280050937,0.04362941061904331,0.08161624854544083,0.009431678163389185,0.0491791275509954,0.01015007072055095,0.013874934156276478,0.02368994006951851
830,0.02976533332859313,0.04079749756945042,0.05574574373679173,0.019121277954925516,0.015521655343406831,0.007313570625023851,0.12242609898046039,0.04128120243467834,0.04452105963157511,0.006893211716094079,0.011388634313711494,0.023827314705137975,0.031401663856834176,0.026774608650326538,0.02011805953885336,0.2542472556878927,0.20956327605297712,0.006706161841887162,0.018352599269394563,0.014233774761985535
831,0.04017013234144812,0.08239356049313053,0.004028762253859462,0.016960053698428297,0.0035202122880066823,0.0016625995574650187,0.09503056855695934,0.03016311121950348,0.04911492414012472,0.059820636424301916,0.05070866297130264,0.17060852984047975,0.07862548816022481,0.04361614897578045,0.03061357384099532,0.01479534609318842,0.009237218651053964,0.03866884507666442,0.03182678348379395,0.14843484193328874
832,0.051156318311747696,0.04472682476593141,0.015126631993217564,0.024232334255061265,0.00821990741730969,0.003945556790046146,0.011738476621944284,0.12159685438058976,0.010867556670015968,0.2414967390050921,0.12476520194386499,0.012039371775842434,0.004182503748710904,0.009916712931116027,0.004407970373691532,0.004585996938554793,0.005523475134812679,0.28307286307727386,0.009180752351754584,0.009217951513422319
833,0.04347001685604324,0.06765108896597323,0.08307037074599961,0.0881617425586013,0.02145725794124784,0.06737035904071445,0.07780016016930393,0.032424989184424935,0.01334937877966768,0.01725409031175505,0.02408971974232295,0.028600352237551585,0.03861450128982363,0.04515283608709251,0.038902247432391866,0.11328119204576834,0.07208553099863461,0.07706651533287491,0.01465321955718413,0.03554443072262417
834,0.11011173260523952,0.08039143172831688,0.004482510807839756,0.03728794655176728,0.01658984816722936,0.03445540938335401,0.11425564807589496,0.02281266794574919,0.12023098084665249,0.020850575882022843,0.07549339207339693,0.041702024254914344,0.0014915159033275322,0.09839755945295703,0.07882220589074536,0.0362829899267502,0.0272435502513039,0.07097895283197815,0.004084116069787703,0.004034941350772588
835,0.008569158504718273,0.030041648442918928,0.017069943400289965,0.020216030123689593,0.019444429438358064,0.020811797775557882,0.019221994003264912,0.019714886211014592,0.016029969611494384,0.012485624882344205,0.02050242568723343,0.013458025533473833,0.009404206526923732,0.020745851383090104,0.05170588968135744,0.008327611917572648,0.010104941269872575,0.01216223925054739,0.6073024642285307,0.06268086212774733
836,0.03201506190742229,0.025398810234573,0.008348624670068411,0.011025031947061803,0.010222471330324102,0.00946293334826316,0.009198386797647323,0.19064247736738762,0.03617263472357448,0.027927013770834123,0.03010622674306888,0.009679349666782359,0.029005972707031508,0.0965060285326465,0.038006720166032446,0.0468910077345803,0.1901585501573812,0.12843110020152737,0.047154402165482646,0.023647195828310468
837,0.03998191004077251,0.019020028000130723,0.3797422300989376,0.17755829920712585,0.020058520149706858,0.017630788683944784,0.017203724771611167,0.024940275108158695,0.019323255850896795,0.007800705390163262,0.018653190747786458,0.05338990564777644,0.011924963481555667,0.10190450595550073,0.007174204377560679,0.006976344096600664,0.0095725090163346,0.02722238944427002,0.020845556395191023,0.019076693535975523
838,0.011897470554444147,0.01965371345949327,0.02285347614014016,0.017689466146512605,0.04762197551311184,0.011852234596793935,0.02122846076859936,0.3953767437436689,0.020261576836155013,0.0383895865351668,0.04108913514736366,0.04012088843324849,0.00792306296434763,0.018000102520285815,0.006788042903641352,0.006917136754331898,0.01592604618013145,0.2170695865739321,0.020073621162019203,0.01926767306661235
839,0.04453232385490827,0.014798540610491878,0.01721254752832729,0.012951822733305116,0.016360814189729275,0.19965662323399078,0.016970897509625205,0.01657609039910539,0.011984057979391899,0.04492193898678712,0.014382668494346251,0.01574173668785122,0.44966683316929246,0.011434071149558475,0.007784237102280408,0.056580793989338796,0.013649475995709297,0.00708852772495205,0.013166329092559433,0.014539669568449405
840,0.007609542779573374,0.027344515425541623,0.024796948308591887,0.010224066700479782,0.3948944852789454,0.006177011926397379,0.03905878435963387,0.013304414805179523,0.013822623210943834,0.004162027641242597,0.013027837939864721,0.02767543549584704,0.008939908929973988,0.01760879361438065,0.004047165608473396,0.01489947730852608,0.007601053118631787,0.006643579568480743,0.010609438673641338,0.3475528893056509
841,0.016706799811092406,0.03786162505589365,0.02014406046236488,0.011185394121051507,0.012641498035453488,0.034152615584381714,0.06131499047086698,0.15090335363540294,0.014073607789906612,0.336509439854324,0.09052851341308787,0.02410730316110371,0.020409302138526306,0.034160613597314135,0.014447946265403465,0.022310120077532133,0.03476324559768062,0.03651880033788823,0.012718901178985154,0.014541869411740155
842,0.08700898630956697,0.01994626597442128,0.014606284015760949,0.036277424813277066,0.01787309104663776,0.4138667457147334,0.012292714526246416,0.01652548167306635,0.015482106422703258,0.014750355277230124,0.018468140066627798,0.19597581076725504,0.00841081215890818,0.03603858817903875,0.01749930025647213,0.006737194536282537,0.012386418071720482,0.0198726511776519,0.01909308285060564,0.016888546161793982
843,0.012379143130059531,0.021383842696820966,0.028104909296682815,0.04109993329309346,0.01935115588610447,0.013487255374216377,0.01924298519069246,0.03297854060298961,0.5395014352767221,0.007388892980332991,0.036847306304595984,0.06977328951544194,0.00805848546673601,0.02934676132014306,0.051485811831835544,0.007917832494935566,0.015582546303511993,0.01333513984986945,0.015986351214252976,0.01674838197096276
844,0.014265190941375214,0.012535441570974502,0.019189195805324806,0.021163236809815647,0.015247827160640031,0.03825303279622234,0.015108749014534538,0.015974633781368982,0.039371115749550295,0.006548388535473977,0.026116712560752115,0.014430317988240364,0.00959378473195109,0.02081950936287001,0.6137266814253277,0.04254592387158649,0.018972505337188098,0.013744398737477565,0.026209311826353228,0.01618404199297296
845,0.030162186184257887,0.018461713521641023,0.04961021964600508,0.5290381169946006,0.022585164387724278,0.020021010627746215,0.01887870537042106,0.02683569031384376,0.09010779247610863,0.010939879349170107,0.02197622298996416,0.01935028134704222,0.010914805348257043,0.027748859885978687,0.009191734582308224,0.009137578954640157,0.01319440863528615,0.028411235469656175,0.02424282295627539,0.019191570959073225
846,0.02263285134306177,0.02050549326166617,0.6512290086056935,0.019474926232341278,0.01634569275385275,0.03476250871119362,0.013491276317343781,0.019371678594321547,0.018709126458929182,0.0076905922547416865,0.0189707874197573,0.04318599274852406,0.00681515084351322,0.020757640198343155,0.009965450783521892,0.0075519741870379775,0.011061354179506135,0.011868088490911484,0.02466877227313554,0.020941634342603852
847,0.012636479210726723,0.02367323578009753,0.020821332394829868,0.01579876200463101,0.019560840737766153,0.034353873683000774,0.026929093138371364,0.05166995027338214,0.02181252150824428,0.37411545866597884,0.09189739580806149,0.035689287337167364,0.00911924819520315,0.08178622434241624,0.01992635041747808,0.04984867338897176,0.01728885132925834,0.031258620106937494,0.04213352891620122,0.01968027276127612
848,0.016778099420372197,0.042731159160911684,0.021165931279158768,0.025566257194389062,0.020267915642047517,0.022566333064813496,0.026646228657218846,0.028505394775486012,0.022395614507498517,0.026224291310874354,0.02506329442981933,0.029733339225664384,0.014590185839668613,0.024807168450656097,0.04495063260376229,0.020809748595946604,0.016505032064932715,0.018180273929564943,0.5175961296582942,0.03491697018892043
849,0.011037078805175486,0.4446179880597813,0.0535548111320918,0.1392231386121295,0.018408951195009463,0.01901221215329773,0.02280787512426993,0.016542764742569552,0.02193414011076671,0.005432668850033546,0.01694947387800362,0.013961415816032908,0.0064055224681232445,0.07663389776445999,0.019447032972539215,0.007797415342540596,0.009883405179414446,0.008314244598509112,0.02101653895406969,0.06701942424118215
850,0.011441171596343417,0.024385766693221286,0.04207114633542342,0.036226440599905686,0.020811339661770057,0.5471925707328507,0.015687243596528216,0.019707544637773126,0.03245589483173944,0.01979762650597947,0.023894915324393116,0.021562717081607133,0.010888118359419621,0.019106514546274288,0.024481359911007645,0.010093406174747454,0.022130045978104362,0.05641538902992592,0.018872739494796238,0.022778048908189383
851,0.054562578088598844,0.025510929461808423,0.022491411593239797,0.02342708584509117,0.05205948048313452,0.013008707088738886,0.021349401668119876,0.041751886528997785,0.02807873249706961,0.012230748738916731,0.023197971454996805,0.016680524441183505,0.03346484792727014,0.02896885110608132,0.010297116571424247,0.530968627228967,0.010911963736045863,0.016164644498043935,0.016555876223108244,0.018318614819163293
852,0.016772022896564643,0.023443457037226206,0.026027870808494454,0.024071600320252264,0.05841409207486096,0.011985763054181324,0.03513359458120507,0.07609120986752475,0.022813873678902752,0.4030874529782306,0.09015587096650828,0.021673009741808365,0.036101383569664504,0.01741625771616346,0.03355502987466136,0.011906770567065399,0.022039576290706967,0.013550159731087441,0.025841308436271738,0.029919695808619487
853,0.015148157540058747,0.04252239489309591,0.018855089906640966,0.026289642860159137,0.0301955792866258,0.013118561749902403,0.018511661835556806,0.464450020458498,0.027769127629668384,0.018331648965519132,0.04589813101143253,0.025538610832201835,0.011971269832646207,0.0251103926244125,0.0353080183721326,0.011708460842375616,0.033360447414629894,0.07509126258901559,0.019209139086210768,0.041612382269217235
854,0.006104696476370386,0.015653261350389244,0.013789967641801197,0.03086070691256432,0.014963795572848314,0.42276285217089427,0.014058930274407624,0.023629235469814363,0.013185411878826154,0.005726822926609998,0.02556358159069742,0.014764187820180947,0.006926733801412925,0.013817077926567922,0.013182850743511037,0.13458265907804529,0.14901524702538413,0.03470173134121461,0.03141414483440501,0.015296105164054838
855,0.009669324684089813,0.12683329687010408,0.008745852911720513,0.012587857953273007,0.27444659657496784,0.007422150703304402,0.11643691573584651,0.005545750458075943,0.011548943464309968,0.004138085596956177,0.01035490871653805,0.030718497248103195,0.005964154489082409,0.005049486969537494,0.019486465721639583,0.0031909103704942992,0.004025764291283955,0.008639622917742491,0.11819248085170697,0.21700293347122324
856,0.015027976219594393,0.03195108402396196,0.025634616747509414,0.018446829740559643,0.029509795373466274,0.030426165628041887,0.021908542479022346,0.042903820366945185,0.0407718900280677,0.010671044335753844,0.02627761965952413,0.019892100019889773,0.013098382059911512,0.026814495468258173,0.5292289112745786,0.016160488394949716,0.013316871125612506,0.022527113175504515,0.040804461643137696,0.024627792235710707
857,0.017951384152823685,0.018483733290794994,0.01853281944881858,0.0191538178181458,0.02102785411632055,0.007425496520387881,0.04034942422280942,0.023790996933113286,0.02042187837286255,0.08894173861719175,0.03173737547092789,0.0200614588278712,0.5350159395165234,0.017496307715914185,0.005649364141574767,0.036829501107777336,0.02249420366943488,0.012700065186020371,0.02132249891482231,0.0206141419558652
858,0.006309223815763046,0.03456339529897022,0.01652719938674731,0.020394092078761996,0.014907311354670737,0.008366338257853814,0.034030026593629165,0.016375502400789714,0.025946800323496343,0.009679906548060805,0.024828350978021392,0.017220641921694507,0.004465747929028423,0.015761594560334286,0.680989035025594,0.02031870486813424,0.007889383963341687,0.008798455092747747,0.01458785635820091,0.01804043324415955
859,0.09912261813037515,0.030124637774645725,0.006269603685154485,0.00893206717366823,0.008724825817059474,0.022363817723759134,0.07612088935518005,0.0244061822013988,0.0123606621469786,0.048541797467876874,0.03229138117520239,0.008078067129519957,0.010705168115013786,0.052652713431564004,0.009337902569064128,0.3242738085512923,0.2079332878265626,0.004002955637038266,0.007279519930732825,0.006478094157913202
860,0.03916894972924462,0.03131017792600151,0.020520136862316036,0.022938418030111533,0.025404911012811924,0.009983146966383529,0.015399871800683976,0.12397559049253148,0.0530911131275148,0.010512803473663752,0.02528599253329093,0.027884252721495056,0.00902643614874452,0.025119879210632537,0.008248098792330263,0.018668427130095415,0.48261237608855884,0.013311029979714797,0.021585065027155206,0.01595332294671931
861,0.01424946371304731,0.036870167493884956,0.020793085384247872,0.01578587314908141,0.024477201890250832,0.016499326031241626,0.019467852644811868,0.02584814192707489,0.01701553635577754,0.016329849977507555,0.017037891147105105,0.0208901044058217,0.011332997012762133,0.017359459495458425,0.021321763696312748,0.008878617544518923,0.011867449333419693,0.011589374103272534,0.6568456224456671,0.015540222248735662
862,0.3754485483372554,0.04188416564193402,0.03337694918932604,0.016382938576662443,0.025797521494621407,0.05412890191910335,0.0190703210515964,0.018953974554084742,0.02514286531720567,0.009466732219418407,0.014566931949983016,0.016054625859301085,0.012716115426824964,0.014886890495257146,0.008597028528092276,0.22090378592983817,0.021099041376128513,0.024555031601679256,0.0214602947645727,0.025507335767114978
863,0.0950533616616833,0.039863091760439145,0.034501760969299286,0.10337432683767733,0.09248256055449096,0.05644833728744271,0.14702877534397177,0.006727023440012483,0.05039402221369671,0.025419098638799126,0.03123003967237791,0.010838442360639914,0.0029495289988417006,0.1098937719661971,0.0026727061297438775,0.06338137749734449,0.048069916388011974,0.03345545062810811,0.03776029267986982,0.00845611497135231
864,0.012744377480444498,0.04581286084753271,0.02369591813505317,0.020761044739377253,0.015728171802583978,0.009787578021813152,0.19058749449333212,0.016458986163223954,0.03246419667437169,0.010946962389968772,0.01824526637305729,0.2537291457641261,0.00921603439496385,0.020677877241974448,0.1030732463727388,0.026789816870874266,0.060017178972269394,0.008821516320560021,0.0628160687367357,0.05762625820499876
865,0.011866700685185113,0.016726729665311,0.023696533401996078,0.02025601234184915,0.015175572958453449,0.009905556067979894,0.015094634111561743,0.41014475155469254,0.02358235550087621,0.07231232569847014,0.04396572985867071,0.027419726517265333,0.010353169600678959,0.02269870765521393,0.009239617292442047,0.014125140870887072,0.02224208611199013,0.18901778211819492,0.02305416094527184,0.01912270704300976
866,0.029682661517342813,0.0299733822326614,0.01100910127678999,0.04267751831912104,0.04003011847747864,0.010016498695823097,0.055877215957606356,0.058051701810088376,0.15372228001223737,0.05653747541540613,0.03478362484718554,0.013438022822048675,0.1308662568256045,0.018922715446224838,0.10971388634018694,0.05558213676226719,0.026320970644008467,0.010871121450024198,0.04222281160400205,0.06970049954389235
867,0.032239514951290786,0.06639204863377558,0.04398394748559379,0.05685261223864605,0.04764663351360167,0.04614874882326086,0.10368515797565288,0.037054962410563864,0.0188928654875763,0.04244646454577321,0.08836996425337355,0.07676459434873134,0.030968766832842793,0.08357282667795297,0.0279533778950497,0.04105348190143553,0.055268260845654615,0.043294872077265324,0.016900957490972774,0.040509941610986366
868,0.02771557482408086,0.021722033471657996,0.01827222386362261,0.01806174435614508,0.023781387160711896,0.013177628349808623,0.01849965012246826,0.04300170276025448,0.01740350547220943,0.007116018029744855,0.02169317157104554,0.013265372287914018,0.010867044804863186,0.01810977396660011,0.013210592396995185,0.12028422564821342,0.40385560134152254,0.14829543672459267,0.01903235675435555,0.02263495609319368
869,0.13221424917775626,0.1469377751956013,0.009702187747253637,0.011919665079609754,0.01039386345450757,0.010366614795125854,0.007734398200896277,0.06651277823825015,0.015444989680997301,0.021345050348612806,0.07560855310284385,0.01417713048966924,0.0042709627723200765,0.014706940092198533,0.005933551650627438,0.026529162286294046,0.08216786993152284,0.3157690079278184,0.015124482310480348,0.013140767517614314
870,0.11321250292492716,0.11088890576788861,0.021090569865409782,0.07405494851106358,0.06204939849693611,0.10808211018409998,0.058552004752271486,0.013949184726762957,0.025573940084577793,0.023215037642078648,0.051313752497663415,0.056202158123133394,0.0023640903648431627,0.06917613673642843,0.03993492654476487,0.05529445392589225,0.028813587114592372,0.0161418805863296,0.036628693826594415,0.03346171732374201
871,0.06789145794985683,0.010255383108105238,0.008060223672356316,0.007289492094857074,0.08586571308842081,0.010812368322817225,0.047979320118155956,0.041622703843157964,0.07975242720854075,0.07822569681887057,0.13169964942963366,0.0474879144936954,0.0018601043850888185,0.07729941559478164,0.18148790930274236,0.05359627275311249,0.02410505993237314,0.023478900630391625,0.011688731564974702,0.009541255688067386
872,0.017752484245396223,0.1844568947955148,0.016713339649777625,0.008251897779195137,0.016614925575468415,0.004063728951618492,0.012462225215964434,0.02614752626380494,0.015234027760326152,0.17867712332360583,0.17891305117388046,0.010099824004127943,0.004021633855009181,0.009082077959863408,0.003980374228306939,0.0328820340636478,0.029196227506313382,0.22369513610415526,0.012529984933243577,0.01522548261078
873,0.006692224291563123,0.027155403005574674,0.014445242321761628,0.017270317785384275,0.011630326997819324,0.0081238923648524,0.12651398996130073,0.012281214953604647,0.15221218071500522,0.013040102895419322,0.01588746315520505,0.00793023310751584,0.007790090566788759,0.18698477605611843,0.28366974797847516,0.005503692967824537,0.06575925931906876,0.009694364539837286,0.014872924072850261,0.012542552944030599
874,0.01104929250640312,0.027626445690415183,0.02142125909838481,0.025657195577228713,0.08412114798831893,0.04424381360907681,0.01945189620013457,0.019039579404107106,0.05603745341604225,0.010634145796150705,0.0230755419539393,0.018703424709183604,0.012135389005577646,0.019812457252955714,0.4269745474855227,0.014994668448102353,0.02627099354480875,0.04624453169238575,0.04871814949024441,0.043788067131017544
875,0.01566828410499016,0.10455269048675565,0.014341160309554138,0.016794287626626363,0.013703858062625725,0.008740094884603538,0.01926188353298807,0.34697952930423087,0.014947961403726938,0.09897847364583881,0.018366778861653957,0.03412760496485861,0.006354675162057907,0.016194454201267434,0.007920671687887388,0.011769475010571684,0.014448508404518114,0.20740576043147363,0.016287324166166434,0.013156523747604646
876,0.03730087979602781,0.0441542206392362,0.011582382003640113,0.015744287300520358,0.023921268579910657,0.009742420138243306,0.011099603392470994,0.46486103986932215,0.022122779669707087,0.08828653311855998,0.06816724687424168,0.03518689563316928,0.004991508774666121,0.014131258028739694,0.015965542197816568,0.005327071344265766,0.03648442603091339,0.05352887311869515,0.024162649535795572,0.013239113954058107
877,0.09854004040518992,0.09723724918774103,0.1547868832979988,0.009115527100459032,0.008768049229160692,0.25674151128134065,0.005968769953354831,0.011043557865832263,0.007651816541901975,0.0026416385173853732,0.007187363025618468,0.14841795851143041,0.0027310670578060163,0.008039545404951417,0.002624594124933523,0.12497440760432196,0.03522082974202936,0.004076078142009301,0.007754775064671925,0.006478337941863063
878,0.07245420587204793,0.07036361863909182,0.056191206893348736,0.09089178252566758,0.06060937615653463,0.04043536438135235,0.038033945427957766,0.05015059675659754,0.0551307632253883,0.03168148022703117,0.025384763659250992,0.030270410619922018,0.06876719961747445,0.015991706481650225,0.012565696338684035,0.08712973950268398,0.04935599698215928,0.056967761708778424,0.042679192007694704,0.04494519297668409
879,0.0948551764921117,0.026944230440922975,0.10259055828000478,0.09397226756386097,0.0030917375373083486,0.06941230428023532,0.046198531451958874,0.003356254814079339,0.10223666635507046,0.0008369736316234988,0.002894442958554331,0.12635439480275767,0.01544317346705293,0.0640381333138007,0.09001048441005458,0.09594059921355194,0.04036223276219347,0.0017820298590426346,0.003457113063993505,0.016222695301821927
880,0.07577456474896781,0.04392269674633668,0.0245275263005908,0.06106678043412502,0.053604673547565346,0.05179583126076922,0.06939203868481218,0.006761940072039208,0.05116496980836024,0.05862993262888634,0.07210715665815051,0.07188364185016638,0.02332805219059327,0.08349597686813029,0.03400339634498406,0.03986819377775748,0.01102328198808382,0.00661387391705693,0.047065110772107746,0.11397036140051668
881,0.05308322150558011,0.057254329149834894,0.04366964701236051,0.0660529675128245,0.023782149661667838,0.024057270035962513,0.03938448433000911,0.042114381892975734,0.054685425225379114,0.06968808366586404,0.009832721542915316,0.0827218343354524,0.06474228163670172,0.06021861442109142,0.048769012610871736,0.060331338888727944,0.058576889115631275,0.04441939262461457,0.01709701836321686,0.07951893646831841
882,0.007716126029390783,0.04704730000602813,0.013080995062154809,0.014235710808122956,0.24236214393555083,0.006792696685895284,0.03847181674102351,0.009967401362769385,0.009913832222689984,0.004884292168337659,0.011897775075240816,0.013983556871695512,0.0045968656685268,0.01060057016021407,0.0054938693846996525,0.005813744283045884,0.005482597199423884,0.006457777061895082,0.1315909266629561,0.40961000261033886
883,0.045231059422846234,0.06667002919738066,0.033486599576587874,0.10536987948992942,0.07549938527688049,0.06615805054825184,0.04549666851536796,0.02803901126317315,0.03416707829152224,0.04082542953275283,0.04420339698588293,0.09126419257385684,0.01079810867922519,0.05437083751321375,0.04270300059080517,0.06808465707809482,0.045666722640334126,0.04216715744765837,0.023410087039692173,0.036388648336543955
884,0.010537877278198151,0.01658000153602228,0.19922714665082517,0.06019935497622218,0.245337281918697,0.03650249809832519,0.004506528027123362,0.012700539655476977,0.01121899964704399,0.02595032468528572,0.01561716655126161,0.06329323635691539,0.0026591173987100987,0.03699884679585352,0.0035767932952881112,0.11564529149537191,0.06604592760657843,0.0050133184277535445,0.013507935016252045,0.054881814582795334
885,0.061038971230925665,0.09263419216020193,0.011000179186066663,0.010479331631808038,0.038505858417000965,0.030313083816998737,0.13111888761649831,0.062164702297531335,0.014743677684452032,0.03738639289394314,0.07098686276133896,0.03564947478242568,0.004283304565527537,0.021681264113815255,0.028196836155461875,0.00683707138968679,0.05061141537020282,0.06278023896035748,0.09916323790788195,0.13042501705787482
