site,A,C,D,E,F,G,H,I,K,L,M,N,P,Q,R,S,T,V,W,Y
790,0.028234385310969473,0.04564513410820459,0.010143363135156574,0.03237280638793365,0.18258053643281835,0.0018404351994131078,0.051614236789288774,0.03189729424014428,0.030430089405469724,0.048937291698968696,0.25807118394644385,0.051614236789288774,0.01217203576218789,0.060860178810939455,0.030430089405469728,0.007607522351367432,0.036516107286563675,0.05164599247444921,0.01217203576218789,0.015215044702734862
791,0.1644350008888724,0.07989607052540836,0.011802828600344414,0.008159980266904782,0.011395834510677365,0.023945673181236513,0.009579107269844742,0.011015973360321453,0.009579107269844742,0.001884735361771691,0.014214159174608332,0.0127107384926786,0.566339459463645,0.00857312127422883,0.002263556169929066,0.011423000365998153,0.029762247931832037,0.003355118789945621,0.00560134238660413,0.01406294471530398
792,0.06143228703682787,0.07507095388180805,0.018981150881152802,0.05659194984936299,0.012070962311516529,0.05612997474855186,0.06756385849362725,0.0006459340343986722,0.11945610010589242,0.02463720265680711,0.035980753043943506,0.04971091777252471,0.000472364071100107,0.06529007479432247,0.07290444996076276,0.14952144938703493,0.07962179431719477,0.02506926304858743,0.003980849272946941,0.024867710331636896
793,0.123633505510554,0.007384236755235525,0.009685817042581665,0.01238177388501798,0.011473967881212124,0.6391826284361145,0.06905628817396184,0.013560143859614324,0.008286754580875421,0.0027219266871488608,0.009207505089861583,0.010967763415864532,0.004166524649602168,0.016573509161750842,0.0054838774562834015,0.020235098395160918,0.005214608839868967,0.012560389845866956,0.007719343540765233,0.010504336792658987
794,0.003932067892082637,0.010058778328583488,0.017301098725163597,0.01696186149525843,0.013516483379034059,0.0007386177250237669,0.3674810862421859,0.10902748845790451,0.004063281422960882,0.005406593351613624,0.01310689297360879,0.011689931571056486,0.00600732594623736,0.014914740280313444,0.3699474370025528,0.003689966704744506,0.006973535384894649,0.004650832990635376,0.005617239845832338,0.014914740280313444
795,0.00209957797435795,0.012328319357296247,0.012328319357296247,0.016005186534033728,0.01284923425971722,0.0029911332211145,0.015198905137142902,0.007397206045973829,0.015462637837964784,0.006291694016827051,0.016290993436427186,0.01340673815499084,0.008070017121475592,0.01425461925687379,0.003865659459491196,0.010638783207112994,0.7822618588334153,0.019832513748693957,0.013221675832462644,0.015204927207332039
796,0.0015930086970765446,0.00947452569605939,0.011291558021331053,0.01962580322755159,0.017537951820365254,0.007230559083834796,0.012489147508441921,0.0499200755101638,0.012121819640546571,0.004270900184234025,0.012302742321748762,0.008326098338961281,0.003761022505785686,0.04121418677785834,0.004080612552263202,0.048029062092525374,0.706796574156801,0.005283870099725428,0.009931129344062253,0.014719352420663695
797,0.004893918032389488,0.011059063133408563,0.01722282692167839,0.00844893396157808,0.012098630912104783,0.0020335526852764425,0.019055042551644176,0.020827604649471542,0.01163099999905554,0.003744239301482761,0.009629967741153512,0.020354249998347188,0.00913864285640078,0.01722282692167839,0.0013828794350391712,0.004432553182848642,0.015992624998701365,0.004107748218297598,0.7686136093961552,0.03811008510328835
798,0.00542553180217142,0.01135428236184776,0.013483210304694217,0.009918683442533676,0.02104696242683975,0.004168722026572125,0.026149256348497872,0.016920107049028035,0.014146319008203765,0.003497656358693875,0.015409383205364818,0.0345170183800172,0.0019670094309400974,0.015980101101859812,0.004494403434898073,0.7391981299550788,0.029479505953888218,0.0073754312777814515,0.011985075826394858,0.013483210304694217
799,0.002381887463260419,0.031493845347554436,0.009344327740483183,0.003918589052460689,0.04849518918181188,0.0011987788877593556,0.0051327997447724516,0.3128743346138253,0.008676875759020097,0.4710334141506138,0.049534009187415705,0.004928167958013837,0.003196743700691615,0.005606596644289909,0.0010813910441508725,0.005403488786371688,0.0010886638792696988,0.001142947502014827,0.0037186610395800413,0.02974928831664033
800,0.00646685150816001,0.010807614849253718,0.014088497928491449,0.013841331298167038,0.01293370301632002,0.004640276065387407,0.6752414587708322,0.011270798342793162,0.013149264733258685,0.0071957527438385235,0.018784663904655267,0.13879135277870533,0.006065604814913708,0.02312767432286178,0.002156496904387823,0.0052950059328558475,0.007811444395995259,0.010519411786606949,0.010661565999939478,0.007151229902576394
801,0.08737453152950699,0.05186712225310257,0.008150547782630404,0.020512139747708713,0.0067921231521920035,0.20836343169719337,0.0067921231521920035,0.012539304280969853,0.005315574640845915,0.002004233061302558,0.00520247730806196,0.06520438226104323,0.0030187214009742233,0.004990131295488003,0.007121017408478572,0.30224948027254417,0.019902500399446334,0.1709627452121358,0.004445753335980221,0.007191659808203298
802,0.05835969117631735,0.09643782173562576,0.003899715183499061,0.00040983962828820044,0.013788278684514538,0.10199327877105761,0.0900834207388283,0.012453929134400231,0.10980054308874002,0.00212711737281767,0.019852309442431947,0.026519879983701908,0.0015504891693430003,0.06505267020015312,0.05521657920813351,0.1322699894555419,0.1622619320197572,0.009482465340929296,0.0016713065072138837,0.03676874315870544
803,0.185396860800343,0.06130428578542092,0.0045811626605953126,0.0036040387913856965,0.04581162660595313,0.1796999124373534,0.038315178615888075,0.0056954995239833625,0.0056954995239833625,0.020631792418635733,0.05795170765653072,0.0403532200316268,0.002422223935487177,0.12644008943243065,0.009336041001333499,0.16888569865088257,0.01832465064238125,0.013057157691241187,0.006797854270560788,0.0056954995239833625
804,0.0027043698482869588,0.006820078386759655,0.36844479414226117,0.33905890283670975,0.011293963131455656,0.0008618218437049888,0.007607010508308846,0.01648185610133583,0.03490785832385155,0.0025686009508575328,0.007463482008152076,0.0067044838378315244,0.0029519742271049256,0.16091500273604326,0.0035318263074291074,0.00321597192221187,0.0038404324896316503,0.0030382377998000483,0.008990103328001363,0.008599229270262175
805,0.005152495580669824,0.055635023501462044,0.01581906537924946,0.010608079136673167,0.012184955765097556,0.003130343918403415,0.010996179592892917,0.014312487724082846,0.01202248968822959,0.017791137732463082,0.010246440075195673,0.014312487724082846,0.004794401347205049,0.009800942680621948,0.0019014583171288323,0.005262839229043302,0.0070444275516970255,0.005009370703428996,0.7732440220458989,0.010731352306473513
806,0.030856030753652765,0.10298754188822332,0.007992381299529526,0.005120119270011101,0.04519829424561525,0.048060852881170894,0.02137093260526373,0.009612069446130814,0.004543668596157011,0.03684842110585184,0.2811652616164401,0.006068289505198343,0.0020480477080044406,0.28913614701239176,0.020172150423810195,0.05978085201742693,0.0015391660093540577,0.0006616371785989053,0.0030063085622083533,0.02383182787496077
807,0.000582133760685999,0.17467362942848214,0.013104701002098562,0.003939704415187859,0.00361903079999815,0.13243143062155047,0.0032420484249983425,0.009624399424737305,0.0040952190631558015,0.0015640032603007079,0.0041498219839978786,0.04244216818783805,0.0009629346207883442,0.0037955688878029375,0.0011834093110260108,0.2782998215902195,0.2673518304575657,0.04840940696740078,0.002778898649998579,0.0037498391421667576
808,0.027608803220768786,0.05707087904623044,0.10968850010627774,0.037659270844321795,0.001791054182833828,0.03115306055023563,0.04507742185542337,0.019355164097037584,0.05717855995009125,0.04848741883767738,0.05892568261523293,0.11576591424315598,0.011163353725534389,0.10422229578204464,0.052488423169871345,0.07544211127034935,0.07161934876477208,0.07179373362483449,0.0017179499304732634,0.001791054182833828
809,0.07080381514613127,0.05007401268164863,0.15263218801545642,0.10684172576068157,0.002019113414582605,0.03516835286453393,0.031962135754243795,0.002503700634082431,0.025931180053842616,0.011949480299029784,0.06600665308035499,0.1222044357111663,0.0008076453658330421,0.12727144889919026,0.012224159642623756,0.08922027121453967,0.06752327360032141,0.017676293860733328,0.0014898852871807551,0.005690228713823705
810,0.038439622401562804,0.055830831544964384,0.29853739663208767,0.14559373309500384,0.004242305211202735,0.0005499629471021139,0.034135635566292365,0.003377369197268197,0.005041580106067018,0.0024326505406896803,0.005270742838160974,0.16184181260330374,0.02948042604395121,0.05270742838160973,0.002828203474135157,0.11538743469971055,0.025694871336034746,0.010455923869365249,0.0056107907632036175,0.002541278748284185
811,0.009716169922771266,0.014726070039200198,0.01240090108564227,0.006200450542821137,0.012082929262933495,0.002945214007840039,0.01240090108564227,0.20708096459336983,0.003926094665969241,0.19201861231924244,0.4048540821707243,0.011780856031360157,0.002632593526560929,0.02117906702266995,0.0019141590415563399,0.06411350221148385,0.0016102731550124852,0.0012198177521798364,0.005416485531659843,0.011780856031360157
812,0.0037769706969272825,0.006113241231109107,0.005594192447335692,0.009564264506735216,0.0033051459717481943,0.003056216303902072,0.0034625482543047268,0.2577316109277341,0.008013302694832206,0.5121968055033826,0.14632082583031272,0.005440223847867736,0.0007598524418100625,0.0074123049927197916,0.0016926276350063424,0.003993160938838945,0.002758066974035271,0.0033313730304358616,0.00988307332362639,0.005594192447335692
813,0.04724174467381541,0.037439978710418084,0.08860085870959733,0.07955995475963844,0.039511193748874504,0.06914289067489016,0.09509900842363031,0.020569808635324056,0.023861626387665435,0.05933798827992932,0.050781939894721455,0.057612381032841636,0.007257158035507562,0.04040153952637889,0.03873928640368729,0.06766147938263894,0.050158403104433626,0.0211192182787536,0.062264312420586596,0.043639228916667355
814,0.0008287138727281357,0.13750882762216213,0.006574875637671686,0.0038929692052476206,0.006914955412034015,0.010712257657736783,0.006684456898299548,0.17379587935578822,0.007292134798144961,0.06286584112260574,0.022627838907985004,0.005076802707569277,0.0025384013537846388,0.004010674138979728,0.0019559774706499017,0.002317993531345137,0.1892360333180577,0.343606557575129,0.004266674615935882,0.007292134798144961
815,0.006566644633136057,0.03598069330657171,0.013646308378235867,0.016478561060511234,0.012843584355986698,0.004113670318955707,0.011802212651447234,0.01455606227011826,0.01819507783764782,0.024117415393193016,0.01455606227011826,0.014086511874307992,0.006374917782533543,0.021289265719268157,0.0016570523850431645,0.004962293955722134,0.0065176398224410115,0.006616391940962843,0.7478158843252871,0.017823749718512152
816,0.00909876754456665,0.019851856460872692,0.0045562278526747515,0.013648151316849976,0.02360761308860537,0.005018613085024003,0.011340352302604524,0.023899594117905626,0.016341964060184056,0.004502482908651539,0.013229717948241376,0.7486778441226849,0.008398862348830756,0.012302558933498568,0.0058622931830764995,0.0018756654825604205,0.009182842869589704,0.008318873183603796,0.011646422457045313,0.04863929673292912
817,0.011834731408651336,0.009157827875742106,0.008547306017359297,0.006519131708155396,0.006868370906806579,0.0016079450161308145,0.025221558739748753,0.005821124771141418,0.30244119895175153,0.0021368265043398243,0.040793960537396645,0.013417282701668663,0.0034334226603456677,0.1718678308647638,0.32950291910461443,0.001978562161417768,0.045181280861329054,0.003403794431691755,0.004690594765624004,0.0055743300113212805
818,0.0005679361664805821,0.2099838434197101,0.0033490246159443406,0.031821894749187354,0.02694215325364178,0.00630243387037796,0.0032642391826292936,0.12888066710731613,0.004093252308376415,0.1190719472004701,0.1129032165106273,0.0029640792577898182,0.0016425152575013642,0.004297914923795236,0.002322957536313541,0.0058079931402638335,0.10760247435113252,0.22066174645675402,0.0032234361928464277,0.004296274498841923
819,0.012642908824036693,0.009078781149534577,0.012082779952085699,0.010045324826726055,0.015395800261528553,0.002742013157857257,0.011229877837820826,0.015908993603579506,0.01060599573571967,0.0037563093073990873,0.011229877837820826,0.008920930992661403,0.0049203073000761354,0.014497135416586095,0.001697614280695127,0.004544923116721024,0.013539569024322982,0.005681783429849823,0.8190824555525792,0.012396618392399616
820,0.011010292574074721,0.018506661986210707,0.015259879181612335,0.018908980725041373,0.01976847984890689,0.009352829175826914,0.009253330993105352,0.744086401038994,0.012982285273909,0.005502641688827036,0.008357808225354438,0.010869406911154579,0.004242990796838552,0.013178986565937927,0.0064899816125943526,0.007907391939562754,0.005370922676689697,0.04153508607410742,0.018506661986210707,0.018908980725041373
821,0.0414250616179263,0.03660942551311026,0.04901349161858913,0.08248871072165623,0.03958096979177181,0.00019363700405919144,0.05717251192144816,0.057262264687415916,0.006935577002888727,0.06163064246116067,0.07383818341272051,0.035571132982801464,0.000904238146852523,0.05959302367665552,0.0131191161645044,0.08819122669435096,0.05711952534876842,0.05364575974929785,0.09900356268329484,0.08670193880072717
822,0.04509714708918427,0.10471302887597198,0.09469905193976488,0.1171106602558168,0.03087228954791587,0.031315098308868035,0.04677619628472102,0.002407196066114298,0.018108438873817495,0.05335074843380103,0.06995028568590961,0.10976814061481197,0.0012704645904492128,0.05880436104364928,0.019900712516044163,0.09545055705635826,0.06070366274134899,0.000825743607706843,0.011434181314042913,0.027442035153703
823,0.009054507114968684,0.018109014229937367,0.002266922239980185,0.0228745442904472,0.02997354079437909,0.006162699093321352,0.01127485494364768,0.02347773682946189,0.03634464157338965,0.005794884553579959,0.01401988198446764,0.7462291024198106,0.005501472677449327,0.017384653660739872,0.005174004065696391,0.0017231733419181988,0.007060130573944144,0.009054507114968684,0.014732757339610061,0.013786971158282108
824,0.06387020335484438,0.053233055185888584,0.06879454928985347,0.044601835315286234,0.029369961481869565,0.02329004370474469,0.056252851853244294,0.044480593838483615,0.05886437195306908,0.03862788412289365,0.0393987288171421,0.05668079558008188,0.07593515682278242,0.046441251593206244,0.0347000656026533,0.07949293719413414,0.06854113717385844,0.06673718067679342,0.028452150185561135,0.02223524625360939
825,0.027642632831843553,0.020837272370598882,0.006908079735837957,0.035715861468000515,0.1194497144652017,0.014725514686122267,0.13085972596911172,0.006980827468745555,0.09324390976110133,0.02312545101677156,0.1264761682572724,0.04339504394169669,0.0019630559834832887,0.03562733784725484,0.05550038409932556,0.02413371782052035,0.022293610303413224,0.002559636738540037,0.13366991856820193,0.07489213666695671
826,0.005498917113705023,0.17229940289609072,0.010768712681005668,0.031013892521296323,0.011236917580179829,0.004343682425951867,0.013970221856439787,0.062214856888902326,0.005552071229318375,0.14204098585278227,0.44277327930279076,0.014768520248236347,0.005743313429869691,0.021995668454820087,0.0031508570658022412,0.0034231669449554442,0.002221999939135336,0.028097522652194604,0.010548943034454531,0.008337067882068904
827,0.04075182894782954,0.0502898821624249,0.04272906212337129,0.04664063785848103,0.07029153984066208,0.012687988618348973,0.09943681245752196,0.0723176817872887,0.0413180708240395,0.04969355944903647,0.03657445975449084,0.07596233949009637,0.05335862964182566,0.047276882479835185,0.04398028070596281,0.0428751019811048,0.05105939431072483,0.061126024961782405,0.03208891280346838,0.029540909801704138
828,0.003997407931131816,0.18370301820440355,0.2808544465811004,0.025804542835750677,0.009657992791962736,0.0007051537680886441,0.009511305573913343,0.1320993418571619,0.012161916849138256,0.015636750234606332,0.01931598558392547,0.15908031424118232,0.0027594265119893525,0.01132316396299079,0.006376150581101611,0.02078302246371728,0.04901070969055716,0.040697699495617294,0.0072971501094829545,0.00922450073217829
829,0.008384572325742657,0.017150261575382703,0.029023519589109193,0.003065180483740417,0.01605556402801785,0.0070493780969375225,0.019349013059406128,0.017966940698019976,0.645586102921188,0.004716321933230244,0.014729104100806762,0.025037202754648852,0.00639501279082067,0.12171332406743463,0.001667761671762722,0.007779500096049887,0.008273394998113965,0.0081141022507187,0.01279002558164134,0.025153716977227965
830,0.011973739552146484,0.013211088497869651,0.016083064258276096,0.023119404871271895,0.015412936580847926,0.013445593356190961,0.033628225267304565,0.004830089758640481,0.050442337900956855,0.012330349264678344,0.010879719939422067,0.03467910730690784,0.006259779558013475,0.0335571363105962,0.05222265570922592,0.2895270639554561,0.3153155333216366,0.028816782949768218,0.01946897252317633,0.01479641911761401
831,0.04197346742086014,0.048200448858821125,0.0033628220134061253,0.01091330917558214,0.03526862111621057,0.001326617858499664,0.0902504189296408,0.04820044885882112,0.021161172669726346,0.07002057197805137,0.08836748957450538,0.012394401135125431,0.12311865281265258,0.00602505610735264,0.06128798795293811,0.02146499859860134,0.017282215249454176,0.02677802714378951,0.10486571051726408,0.16773756202869752
832,0.0011395799703305498,0.041765225690102104,0.01116305571440517,0.007856105636630422,0.005323918879177851,0.002188518017358569,0.007864880162421825,0.27256294591923835,0.007209473482220006,0.2860485081250028,0.019225262619253346,0.008651368178664007,0.002601915241703461,0.006529334474463401,0.0024199631268990223,0.002370237857168221,0.006852568854387329,0.2958992111377233,0.005673028313878037,0.006654898598972313
833,0.0156633214337288,0.0398311655601126,0.08554648057796911,0.07681724786593143,0.010019641025991058,0.06264707592949749,0.052125989623310616,0.014246898141277798,0.060208113192216535,0.06930251709643816,0.041038594687241386,0.0727742348203561,0.029975116400518406,0.06995856502075899,0.036192746100677554,0.07278947080097392,0.06538146524871856,0.07047453932654262,0.023277953898767103,0.03172886324897168
834,0.1334881046110291,0.07109290615028006,0.02570901877463957,0.0015601184775901546,0.020362412625759222,0.02755815242583955,0.10499369010157099,0.002313068670794403,0.1305678959758512,0.044775985878632844,0.04772440459162319,0.06709864616114294,0.0007954067431937196,0.12115421284852908,0.016468107517934427,0.07546073473203138,0.04556554067425413,0.04786686550085189,0.002279374547659614,0.013165352990792602
835,0.006341889665562086,0.022881293913703336,0.015451149367005809,0.02124533037963298,0.01976309802756557,0.010303009431272686,0.020727151589885837,0.039526196055131135,0.015175235985452132,0.0061945707160420815,0.017704441983027487,0.01148396236736918,0.007263360813549739,0.019763098027565568,0.004182342493202143,0.005860780794381514,0.007796451515461646,0.009137776507369027,0.7250353067803981,0.01416355358642199
836,0.008440113630062583,0.007914538955056605,0.005018975922718822,0.005879371795184907,0.0062356973585294476,0.007528463884078233,0.07230038288673331,0.04896516688056725,0.10855242342207358,0.029177479431328084,0.08231120513258872,0.034810724010762434,0.03671400697163876,0.111231358287282,0.07042944987129386,0.08434070185515205,0.1756948896059923,0.0576653374281112,0.0333694074861846,0.013420305184661196
837,0.006292327928330189,0.016384380490999096,0.419332793504866,0.14048816912533102,0.015360356710311654,0.0010840633943145323,0.014456806315587436,0.03276876098199819,0.016384380490999096,0.005285284029354547,0.01755469338321332,0.005811613721841186,0.00833104092762666,0.1228828536824932,0.004866647670593791,0.022041800341666605,0.00655375219639964,0.10907382401386553,0.018204867212221216,0.016841583877986958
838,0.006548984161442474,0.013942998537264618,0.021611647732760156,0.01490458464328287,0.04707321236163211,0.007083012669963505,0.017289318186208127,0.3690246992170132,0.01490458464328287,0.09959539672523154,0.010279568760918666,0.07457086241413088,0.004502426610991701,0.01271273396044715,0.0038250703951787897,0.003660027688817568,0.001430465355103239,0.24822487562598355,0.014407765155173438,0.014407765155173438
839,0.007646578264161996,0.014263809454302185,0.015452460242160699,0.01324496592185203,0.021191945474963246,0.084767781899853,0.07740955816055749,0.01809068516155399,0.01196319502618893,0.004287684503039844,0.013994680974032333,0.014834361832474274,0.6354941211935516,0.01236196819372856,0.009134233678205716,0.002955193099271126,0.006673067820710977,0.006622482960926015,0.01236196819372856,0.01724925794473753
840,0.004942952205187374,0.002725328524268348,0.017659700855825813,0.007579193381287305,0.48439047730414947,0.003989049148045951,0.0018985937625900146,0.010105591175049741,0.010335263701755417,0.0026593660986973006,0.010335263701755417,0.00889572881897299,0.006229474012016963,0.01515838676257461,0.0025401705456324355,0.003952708930764836,0.004889802181475681,0.004371600896409839,0.007978098296091902,0.38936324969744845
841,0.039842732352189686,0.008107532746085114,0.012911996595617026,0.006455998297808514,0.007262998085034579,0.003486239080816598,0.009960683088047425,0.23673646384889235,0.009422267785990807,0.29762820170065774,0.16933161249680623,0.021344320902958763,0.0010064653306649182,0.03041667645646772,0.003718037390497302,0.013889849279127406,0.025414150727776464,0.08613061258488064,0.006972478161633195,0.009960683088047425
842,0.035533062371375886,0.09660551332217818,0.010962327752871285,0.015433008462728486,0.016620303367256464,0.442414553405622,0.018078224715261416,0.012566570838657327,0.0406760056093382,0.004600262539151343,0.015613012254089407,0.19137092162869582,0.005481163876435643,0.042935783698745865,0.0028214483289711653,0.004559552251194253,0.008310151683628232,0.005586820157697611,0.016620303367256464,0.013211010368844882
843,0.009251930622974152,0.020504278677942717,0.034484468685630924,0.006926063451226507,0.015805381480914177,0.010536920987276117,0.017643216536834427,0.04003587731720685,0.6515703244191723,0.005304352229236921,0.08429536789820892,0.0175490816259637,0.005380555397758015,0.01430047760484438,0.002136155135922553,0.011494822895210307,0.008811105248311146,0.01167166632436739,0.015805381480914177,0.01649257198008436
844,0.012289705784491465,0.012289705784491465,0.019663529255186343,0.023285758328510143,0.014045378039418816,0.001474323942699332,0.013825919007552898,0.015801050294346166,0.00793639515513678,0.004999202353013477,0.016357081868845807,0.012462800232160356,0.007372343259488764,0.0215819223532533,0.7583800903955978,0.0053931036628637515,0.007694424491159874,0.012824040818599785,0.017325617914143037,0.01499760705904043
845,0.00740361640913735,0.018900302129843973,0.030219320200717863,0.6782854729558234,0.02334743204274845,0.0013257616421745307,0.018460760219847598,0.039690634472672334,0.01300602104849874,0.008100129484218845,0.022050352484817966,0.020889807617195968,0.008820140993927186,0.018031198986154687,0.008355923046878386,0.008723216367620294,0.011340181277906387,0.007606048536038752,0.03608239497515667,0.019361285108620657
846,0.04562655906131438,0.019827613672365556,0.7121715981225339,0.01632081472653504,0.016328623024301044,0.0020719029877718665,0.010155607002918943,0.016328623024301044,0.019827613672365556,0.004626443190218629,0.016995097433456192,0.026230105417881858,0.004550599859231439,0.021352814724085983,0.007057286222367401,0.005304202383690148,0.008327597742393533,0.00895205749043942,0.023132215951093146,0.014812624290734986
847,0.017621020469220747,0.08369984722879854,0.014556495170225833,0.008369984722879855,0.1486369567547888,0.020414596885072814,0.019694081700893776,0.015151647075955076,0.012876899573661312,0.28508127683498924,0.10572612281532448,0.1357294819926463,0.0038930161501766762,0.07726139744196786,0.009172585997676553,0.0022980270164133228,0.009847040850446888,0.0051355007125151115,0.012876899573661312,0.011957121032685506
848,0.014993718612206056,0.018716345514937893,0.022490577918309083,0.026988693501970903,0.018235603717547906,0.009066117871137655,0.030668969888603303,0.033735866877463626,0.028113222397886356,0.019312330094277793,0.02326611508790595,0.03968925514995721,0.011245288959154541,0.029335536415185767,0.003557272747856405,0.01038026673152727,0.014355688032963245,0.014667768207592882,0.5749549174777435,0.05622644479577271
849,0.009706994626143967,0.6307617853808332,0.06149743778194673,0.026356044763691452,0.017999250082520995,0.005945495313655241,0.011181352323990314,0.017162075660078158,0.02306153916823002,0.023652860685364128,0.019945114956307047,0.013923948177044542,0.016521699702612556,0.012299487556389344,0.0016782067010417555,0.02168904203526683,0.009341382954219754,0.007850736738120858,0.013186246575085415,0.05623929881745795
850,0.0073312228114539475,0.025414905746373687,0.016574938530243707,0.005552708337319114,0.022424916835035603,0.6517508887966905,0.012292500249323138,0.02310445976943062,0.05864978249163158,0.006198757499115533,0.02382647413722533,0.021179088121978072,0.007624471723912106,0.020606680334897584,0.003790280695665726,0.007701486589810207,0.007474972278345202,0.0411571137507545,0.015560146375330828,0.021784204925463155
851,0.12693425332348532,0.023134914729286454,0.019052282718235905,0.020896052013549056,0.006780731703976587,0.008097220155250258,0.017046779274211072,0.018364379416288747,0.03409355854842214,0.01774733184712386,0.02399176342296373,0.012955552248400413,0.0013109172594175395,0.035987645134445585,0.0071184353013189075,0.5563005893254579,0.02919340618219372,0.01245726177730809,0.0150645956376749,0.013472329980989935
852,0.009956505831068514,0.01700903079474204,0.019438892336848045,0.016328669562952362,0.14223060330593337,0.006185102107178926,0.01349948743775972,0.07936065639018659,0.017748553872774308,0.35106467728228075,0.2041083695369045,0.014579169252636037,0.0011131520368621688,0.01360722463579363,0.013251131277094298,0.006182298703014582,0.017748553872774308,0.008874276936387154,0.018555306321536773,0.029158338505272077
853,0.012377909806535515,0.06188954903267757,0.016726905143966908,0.030944774516338786,0.041259699355118376,0.011252645278668651,0.01586911513658399,0.5285911661337722,0.03896201208865386,0.10705416186138661,0.002919762633294597,0.02813161319667163,0.008143361714825995,0.02688017852506473,0.008472395468112789,0.008969499859808345,0.00615653020117278,0.004820093791194439,0.02062984967755919,0.01994877657859289
854,0.004999339725889589,0.010738854952013027,0.009686026035149006,0.003539295001109049,0.010291402662345817,0.42244162120776346,0.009147913477640728,0.018295826955281456,0.008981587778047261,0.00621367707915219,0.007718551996759364,0.010510368676438281,0.004048261288990574,0.00898158777804726,0.0014612261741576435,0.13793152659144,0.27732621911163463,0.011297283477110802,0.02516244530847101,0.011226984722559074
855,0.005391800157217768,0.023064922894764892,0.0080461311192077,0.006487009564152624,0.4695359303577136,0.003145216758377029,0.088670539933534,0.0022563511527487388,0.004942483477449617,0.0007057125543025164,0.004712522700974395,0.01581314209702944,0.00046284634027704986,0.002208343681413659,0.00022727857254617838,0.0037515236033653734,0.0017298692171073664,0.003706862608087214,0.20758430605288403,0.1475572071568467
856,0.014610477846790327,0.044744588405795385,0.031126670195335923,0.014037517931229924,0.03977296747181812,0.0020404175210272336,0.02753513132664331,0.01825576701900644,0.009451015669842414,0.00708656971757135,0.02753513132664331,0.02045466898550646,0.010375556731778639,0.035795670724636304,0.6107307431855493,0.006617078372390529,0.01022733449275323,0.01988648373590906,0.01988648373590906,0.029829725603863586
857,0.00771613731687997,0.015211920685705907,0.015820397513134143,0.018833806563254934,0.021972774323797416,0.005038343157049091,0.011274850097374375,0.0292970324317299,0.02326529046049139,0.003187550934612769,0.04653058092098278,0.026367329188556915,0.6764347822147133,0.01614326276850423,0.004904301527231476,0.015457108543204602,0.011524561764581017,0.010835888707626128,0.018833806563254934,0.021350274317314562
858,0.0036843862720432096,0.003277540315481042,0.011731861550453379,0.017832429556689133,0.010018218852072549,0.003042412201281636,0.0033322210516915553,0.028761983155950212,0.026224161112778137,0.0027665365293828414,0.023463723100906754,0.014380991577975106,0.002343412385395107,0.012383631636589676,0.7762727672405974,0.025641672356465254,0.005607682250531176,0.004926085512897551,0.009691537802548441,0.014616745538269782
859,0.10208817943573045,0.07034175184434455,0.002455937317358538,0.003765770553283091,0.003851356247675889,0.0232136540955807,0.05214143843007358,0.0009561001690147861,0.01168687413087856,0.021182459362217392,0.043195603405306045,0.01291121332554203,0.0016743073746730594,0.2656394903802397,0.0011933779922375994,0.21820657269777058,0.14509326985211676,0.014605338718402408,0.002972976752591914,0.0028243279149623188
860,0.0023358002298577815,0.07528574410497017,0.02336454127395626,0.02336454127395626,0.02336454127395626,0.018068578585192844,0.013827993815198605,0.007308096777765093,0.03226531890213008,0.006708630662819124,0.03226531890213008,0.017830834130124516,0.0038888627827802533,0.029459638997597026,0.006159742699497559,0.058190544508616646,0.580141098218634,0.010266237832495933,0.02117411552952286,0.014729819498798513
861,0.00868446011293144,0.1861119797033243,0.016763027659844408,0.009874112183196022,0.02252531841791592,0.002835027490706889,0.014710412028026728,0.023251941592687404,0.013861734411025183,0.004186470681645091,0.012871610524523385,0.017580736326178282,0.00621388094287336,0.011816560481529665,0.0019572851360331617,0.0047421722985086165,0.006998157178381648,0.006864858946412472,0.6175501040405308,0.01060014984372514
862,0.3710873073156624,0.2175020320291378,0.026725952759232265,0.011153950360468607,0.025588474356369153,0.02847535225580483,0.014500135468609187,0.014500135468609187,0.025588474356369153,0.006590970667549631,0.009886456001324446,0.011447475369954621,0.011389571282415627,0.010357239620435135,0.004887686113014334,0.1407483829822005,0.002568712326840425,0.02004102525971162,0.01977291200264889,0.027187754003642223
863,0.0957424071771133,0.07466789154283764,0.04274273038194872,0.09258872942763953,0.09271401167181616,0.02214391162339754,0.07812104266455552,0.0033939950701289837,0.05017990868402506,0.0060337690135626385,0.025554786410382942,0.005297943524103779,0.0028962091265100657,0.16418897394526774,0.03378910647595077,0.0745528408624943,0.05666496117084912,0.04576468085402346,0.025063348210183262,0.007898752163209273
864,0.011783165363235263,0.05982222415180978,0.001978367412094168,0.022873203352162568,0.015553778279470543,0.007336687867674785,0.1835525216665654,0.014927490983702154,0.03257937175289842,0.0037751889027841136,0.020465497736145453,0.3325977169456818,0.007200823277532659,0.021602469832597976,0.11916201101207274,0.001156306807749082,0.004814953467488633,0.006590584016724807,0.016201852374448485,0.116025784797161
865,0.008321663638961386,0.013044770028642171,0.02193893141180729,0.014625954274538193,0.010263614014611473,0.0065223850143210855,0.010969465705903644,0.4133229401813644,0.02193893141180729,0.26750315810169917,0.0563737773829304,0.007312977137269096,0.0061879037315353885,0.01787616633554668,0.005612284779764655,0.004194170586177254,0.0015318589014373114,0.07328238412631312,0.02193893141180729,0.01723773182356287
866,0.024217787208729087,0.030590889105763054,0.006054446802182273,0.0006629037806408434,0.0663356780065188,0.026262938056457418,0.06837963447170566,0.06742780445652102,0.12394327816044816,0.046842298943199676,0.03790610171801074,0.0018927546891090532,0.07472917195836404,0.04387508792245196,0.08138869039980429,0.02969772446033932,0.0415113347184249,0.06135172759544702,0.06054446802182273,0.10638527952405993
867,0.04687718948248954,0.06721597649861939,0.051071879876712974,0.02457657776453856,0.047333422931642416,0.03234199582228438,0.06326526308891145,0.041448258623259626,0.017495450342224373,0.045162790809115685,0.07935219447753679,0.08149070446186603,0.027290697225003362,0.06682290061266256,0.04620559103338983,0.06984834690024373,0.07577037374554449,0.05137680854236564,0.025371820076370313,0.039681757685218776
868,0.0015179984681870672,0.032532608234247556,0.01971673226318034,0.02323757731017682,0.02602608658739804,0.012276455937451906,0.020332880146404723,0.010797705346394171,0.017122425386446084,0.006080861352195804,0.02711050686187296,0.01251254162855675,0.0051549645660160974,0.021688405489498373,0.00866414105231939,0.039814392532955,0.5557046571925635,0.11108695494621115,0.020332880146404723,0.028289224551519613
869,0.001159404509719656,0.15722196124075452,0.008749430787277452,0.012069564701310449,0.009048348825952091,0.004307957456193284,0.006963210404602182,0.04482174954605884,0.016959384119434914,0.004347153836240074,0.023614365719955222,0.013578260288974256,0.003458312062647857,0.015086955876638058,0.005123871807160095,0.0035962861154522035,0.1771077428996642,0.46546084518315944,0.015518011758827716,0.011807182859977613
870,0.08785336914481051,0.05949333527499448,0.0002745564466656036,0.05667959299665194,0.03102461932448317,0.07413357794380461,0.0851578616354342,0.035098772440927864,0.05178465612965437,0.049623562031762616,0.060979424189501405,0.06271833427286869,0.0007017473418633099,0.039828903186836496,0.09563173882201059,0.024576485251494723,0.03637436765460251,0.02415851504775329,0.07174443218786733,0.05216214867601241
871,0.051765805188744775,0.03318717703613284,0.004639067757738999,0.0041088885854259705,0.08459476499406408,0.013073736408173544,0.05424318420844112,0.05078504865231026,0.16328181827939406,0.1287124296245738,0.12291050244961442,0.0036874641151258716,0.001589072933590154,0.033837905997625636,0.18935778738277184,0.03834962679730906,0.004680315823023043,0.0003989335349760747,0.011660359499181809,0.005136110731782464
872,0.0012025516922169553,0.2236002816753766,0.017746054101220363,0.00715697499086042,0.01693941527843762,0.010214700750443402,0.011645848003925863,0.03726671361256276,0.014333351389447217,0.08633086010520355,0.18100086400753848,0.009555567592964812,0.002911462000981466,0.007763898669283909,0.0030298141148425014,0.008567060600589142,0.015181422758761108,0.3180038407965945,0.012021520520181538,0.015527797338567817
873,0.0060936857280715654,0.0019842301317417473,0.016988457181290426,0.020022110249378004,0.011928065680480514,0.007770727863282812,0.0771163269488238,0.011928065680480514,0.16818572609477525,0.003891881887716849,0.01751934646820575,0.008244398337979176,0.0029173208659398152,0.11402422108120355,0.479678363563525,0.008152865728444184,0.005442903757112465,0.009190476835780066,0.015572752416182892,0.013348073499585337
874,0.0062441989953001195,0.02955587524442057,0.01773352514665234,0.022166906433315425,0.22166906433315425,0.001484824938763311,0.0692715826041107,0.014301229956977694,0.03711761603284256,0.006157474009254285,0.010768136040780937,0.012657953589034278,0.00692715826041107,0.014301229956977694,0.37845767344867604,0.02574310307020755,0.007777861906426466,0.029555875244420576,0.07168878009692932,0.016419930691344762
875,0.00763895287679775,0.09799120340390997,0.012332226278723366,0.016708177538915528,0.02450744803484915,0.006474418796329767,0.016708177538915528,0.4457447047156884,0.012948837592659534,0.12251432597632725,0.01669356566877496,0.009878171342068193,0.004795865775059087,0.016186046990824415,0.006316506142760749,0.003773955266383443,0.0010126227599294968,0.1505684589973572,0.016186046990824415,0.011020287312901732
876,0.015060396056174508,0.05444912420309246,0.010258530646959451,0.015060396056174511,0.010258530646959451,0.007693897985219587,0.010111980209145744,0.6071761335931963,0.025369088988509984,0.037470333293106284,0.003437891359605642,0.03548105758423863,0.003629941613539498,0.01646136313116749,0.009361713243544905,0.003976066594662657,0.0021715783947205474,0.09147478907456079,0.02949327561000842,0.011603911715413147
877,0.05775920547002917,0.15590509999069993,0.059269257185415467,0.005866651406616903,0.006301218177477413,0.29087359592784856,0.003910032965979037,0.0072396974805059655,0.005078593754981796,0.0015900270167466368,0.005153686595154698,0.20415946895026815,0.0018003480507078323,0.005488157767480328,0.0016844840672464373,0.16956662744925388,0.002181190907588335,0.006590459538525201,0.005671096359729673,0.003911100937744601
878,0.058319201890862385,0.0488858998555836,0.05418448181473097,0.04647013695044646,0.03970887471977613,0.02824572751927352,0.06203440991307129,0.057270921073336596,0.035473261416333335,0.04800593513260999,0.04417487911338503,0.03445214338011944,0.05651749306066797,0.06716302140626255,0.028335499372942944,0.06809599289742563,0.08805419500508277,0.05107006390456817,0.03860092620638952,0.044936935367131774
879,0.08153782991935592,0.04600576090800722,0.06171736314173811,0.11376195871262705,0.0019261671233626208,0.030580913280554123,0.09855915819992557,0.0022914746812417387,0.023987556271248434,0.0005191622324688314,0.001898650450171726,0.09653138604557303,0.012421077711403817,0.13504916911705342,0.05586736944089371,0.09350433411686422,0.08616952043087066,0.005937487513042558,0.0020766489298753256,0.04965701177372207
880,0.04059200047833154,0.07394008033431256,0.035554838563892195,0.07720992836848532,0.07092424020815916,0.0053498561115872595,0.08095754166233758,0.001434463639642748,0.05166861098426571,0.07108249268854203,0.0633637214614607,0.09584825228521998,0.012501945950246084,0.09481442636571187,0.03422569203181654,0.04238339660851422,0.004131255282171114,0.0006020770031946347,0.09037120929749314,0.053043970674615526
881,0.045661421342252206,0.06736688999992411,0.056441737839066856,0.01349034212634778,0.051623540706463585,0.04109662247868308,0.0550651100868945,0.04884808152869672,0.05858326765501021,0.04387497806631212,0.016840052586241612,0.04727119328938773,0.03553794468923218,0.06742612316173575,0.04841895234423032,0.07275216285214699,0.05928907845793266,0.04850973983845466,0.02966870155543884,0.09223405939554827
882,0.004425611269026791,0.0017556917368856814,0.010954718424277058,0.010330805176311797,0.369034760784319,0.004591468967249687,0.0024531465829060878,0.006701062817067111,0.006792858198122825,0.002694992654690034,0.007628902284045633,0.008453449776920825,0.002556075507541063,0.006984206316379807,0.0030609793114997922,0.00205616954104193,0.003593323539586713,0.0039045562871099703,0.1171570972497788,0.4248701235752395
883,0.0675555408989304,0.04838939699265044,0.0603006331754567,0.047673577510510635,0.046595943817398365,0.05025052764621391,0.06752414652459994,0.025218546888738834,0.06071124676135701,0.04715635972192563,0.04269241734656113,0.06207418121002896,0.011899370306165644,0.08759889278867018,0.040319072172356446,0.06108297671964925,0.040028673452710654,0.030474383828694242,0.03633499691341621,0.06611911532396568
884,0.0029786421432502976,0.03442959889109903,0.16650057036180504,0.06614773187737592,0.041807370082048816,0.0004781983674657343,0.015443040668893807,0.006727622771823946,0.006096908136965451,0.044641768053713136,0.1951010603828945,0.10016698716772976,0.0010489304321660991,0.08671158239239755,0.001523950527496838,0.09551694456404602,0.051907621569760906,0.005245823557205614,0.015608084830631558,0.06191756322123002
