site,A,C,D,E,F,G,H,I,K,L,M,N,P,Q,R,S,T,V,W,Y
790,0.04049388162781761,0.059856633797832716,0.01278262446645671,0.04894685476897812,0.11906922938095231,0.005283837779473295,0.04912923474459935,0.04246363461959263,0.031338116565455605,0.06742580728255203,0.1262162987281214,0.04656355227538646,0.030127251214750253,0.0670298941297366,0.044527257753600336,0.021217192048022724,0.052044622712433326,0.07211231782271789,0.031192597875935077,0.03217916040558558
791,0.15215372870480753,0.07362535655068803,0.009360349653528874,0.0075477270178056916,0.009207036756497066,0.023842906557504213,0.016180195543207185,0.008903467525187758,0.007854747527476112,0.01435554617410855,0.01898321751247421,0.010834852401334768,0.5512601498595054,0.019230363805294935,0.0019299516978721683,0.021487150181640293,0.03070182301628341,0.0060560403476617964,0.0047486819630076955,0.011736707204114263
792,0.06107905560101618,0.0752214043658353,0.01950030129995231,0.057617693795914485,0.01310809097994638,0.055791417957709415,0.06704179936964405,0.0040251868072724096,0.11204327454066179,0.025225567133648007,0.03706907513140109,0.050413415704118204,0.0009538094016860338,0.06456124512929451,0.07185425057836058,0.14787203348825975,0.07956246205710452,0.026324036157075778,0.004815889191699324,0.025919991309399926
793,0.11405004566131491,0.006193318337175648,0.008309043055802613,0.026531067362790622,0.008674197122704279,0.6087485204908449,0.06313128838814883,0.010993700179195699,0.006711520042478467,0.005022719562995651,0.014882162950919604,0.017630336701332832,0.0038364763728805386,0.020300161095246787,0.015945138516822267,0.020377459600760435,0.004535551993298091,0.014488547864478323,0.012928606400477563,0.016710138300331925
794,0.012287008994414683,0.013700181185308281,0.01825373166672121,0.03363338452401232,0.01647098922228677,0.006801948429142728,0.04585481037599879,0.06708414810231066,0.016566826701173612,0.007848221576980499,0.034126177354710775,0.014291832574554601,0.008885781873446845,0.0167317645965088,0.6336224267179221,0.011615043946815283,0.009295069153826996,0.007269310058661581,0.008414441373392987,0.017246901571810483
795,0.012814299030818876,0.010085545652472603,0.009589827133877208,0.01433024383355723,0.010809903759932476,0.005308997821710959,0.01147932559131888,0.024413690419268715,0.012218713653508117,0.006111237517405553,0.011470042256500342,0.01106555536794055,0.018834698540920614,0.010812808241647823,0.0034046315124629002,0.01507019842792011,0.7662277717928389,0.023961934217094718,0.011295771950220804,0.010694803278582537
796,0.009323984918001512,0.00826045965218565,0.009426866636081468,0.014582261764231838,0.013884865484087766,0.010742129526490736,0.010371870693210732,0.039602818905629354,0.010889771010631072,0.004557975849057652,0.010491275504182246,0.015313148595478348,0.008240703191196373,0.0222023287328214,0.004057987975991131,0.04821336691364918,0.7355188461591134,0.0050557551254848425,0.008070644218789672,0.011192939143685472
797,0.004393139695117835,0.017929315806645037,0.013767834869206741,0.007348053679096243,0.009132234218157297,0.005836720573449771,0.014514664557717358,0.01465086110713316,0.008907684881255873,0.008134494061066273,0.008310392483703709,0.014243157360607335,0.007752453677595431,0.013541269666017826,0.012510133315582345,0.0039004128079738647,0.020630484042842668,0.0038527410193203563,0.7717540107328483,0.03888994144466263
798,0.0126286859589918,0.00847502950776198,0.010626919608657501,0.016341697415173273,0.013931599786201673,0.007749046983441686,0.016514067982556203,0.01234366645032676,0.010584047765683138,0.016058377800846957,0.011584769226396582,0.02205084012099389,0.019906870390059086,0.013419008352434387,0.003660132028868967,0.7393150825230271,0.03007013952177765,0.0058417444564389425,0.01879796558687516,0.010100308533487201
799,0.0024077699763975736,0.032931388157543554,0.013273983027686944,0.006860010648517536,0.04704430511255423,0.0011819600433366547,0.004884323060659983,0.3082071376338983,0.01169794342532849,0.43770803706713707,0.0498370731900416,0.008655872176312113,0.0029653156193276183,0.004917061149464234,0.0020218988540664762,0.0068138962384119055,0.012545972020288386,0.007878020303719709,0.006954001992683581,0.031214030302624013
800,0.005884254754502962,0.014665795560359893,0.011048878414072814,0.011224132882127645,0.010028089534149614,0.004398304607586346,0.6736965807371512,0.009244449548525692,0.010615351869105462,0.011763430880105221,0.026975681043751247,0.08002304605771036,0.016333718368220396,0.030813239050783987,0.010757981277988332,0.004710324810856971,0.007078798202159887,0.01483720804692277,0.008935344051184452,0.03696539030273475
801,0.08894496672264683,0.05304053474575918,0.007499602003922257,0.02524940588192256,0.01163418609875866,0.2122794450991272,0.006487791360835277,0.017687306312341312,0.00529844884718262,0.0021115873543105386,0.004933327582730586,0.06647707933405084,0.0029544967221552965,0.004509182046830925,0.010836979720208141,0.27423020957663197,0.022661932701991627,0.1676408335586083,0.008699920965614184,0.0068227633643717
802,0.05858050521678535,0.09353573377712648,0.0039675426021093755,0.0022109426050541487,0.018073846497104508,0.10149319326034568,0.08540259856468127,0.017114848863197453,0.11024042881715952,0.0032355302275498053,0.02121448605402091,0.026229926679000416,0.0013805804432618898,0.06577020177423773,0.054358526507097465,0.12901900137213188,0.15532093227883778,0.010770328535405016,0.0034557895308172113,0.03862505639407608
803,0.17376449756199736,0.06055633868550664,0.00854132234991811,0.011415686179408257,0.04807069904774535,0.17872717205745897,0.041318577403199296,0.00567131734284546,0.011259085847558272,0.021845754544712128,0.05618070608387312,0.04196716596758691,0.004582256788791959,0.11329765414042527,0.013266534336160879,0.16289936465588029,0.021305647959240254,0.01362592258137555,0.006403379308822286,0.005300917157493585
804,0.007380774538952244,0.006457791291075972,0.32992494309488984,0.37521146054525034,0.0195895985325421,0.005550584168949389,0.007322339989224949,0.013539217859412991,0.034873040448588424,0.0026287212371693906,0.007127233575568897,0.0068860770305219305,0.0029278411576337047,0.14005361449954787,0.007498405635774429,0.0065920697782434375,0.003937360623420794,0.006996867001547578,0.0076683397754648466,0.00783371921622082
805,0.004781208143703448,0.04682272688291575,0.012782374189669182,0.00890879007143316,0.008957259621336606,0.006805851825518063,0.009110776484088916,0.011074238364684342,0.009630168924012297,0.020714260599318943,0.00794010394211493,0.02175926213650321,0.0042395740803682965,0.00807991226995658,0.009143006859534255,0.010008492313462673,0.006201039680109382,0.00825351866427221,0.7760270741579629,0.008760360789034879
806,0.030947099373538595,0.09766864352004584,0.007587066769568605,0.00959484069536606,0.045684495987949866,0.047631801483202285,0.026195727217088058,0.01976319139928477,0.01139854574849551,0.03692627092305817,0.28101214049544954,0.011153333949905163,0.0020943329247907804,0.24671763573349825,0.021085823572303843,0.059409118313766274,0.011685283606837103,0.0037701004285334377,0.0028901345994749084,0.02678441325784294
807,0.004253581852323188,0.16573347220207232,0.0158609089797902,0.003725837677196089,0.003309895212662388,0.1304149103003853,0.0031472792620945386,0.019384269605980144,0.003901847024441188,0.00296486176204008,0.003968024451578533,0.04337098549145492,0.00194207250668253,0.00352180118629999,0.0011751110834868073,0.26905687371243137,0.2675672778078699,0.04810102179932992,0.005202420657338177,0.0033975474245425746
808,0.02796111427181662,0.057721276320839135,0.1039022727077363,0.03951300313387821,0.0016750733505709256,0.03244330418932929,0.04575314033399095,0.018123987810977488,0.058269941470836764,0.04868439215329601,0.06091363193443053,0.11176639749532379,0.011828337592958206,0.1028031463163291,0.052804721169536245,0.07592853491860023,0.07182221595479729,0.07082481096241959,0.003582141392396592,0.0036785565199367164
809,0.07001556272727723,0.050911530549443446,0.15098779980584548,0.1074282854416303,0.0022019833909995064,0.0351431604475774,0.03325918259899397,0.0025129497572784175,0.025045617832809532,0.012196207056871723,0.0669346260885251,0.12041404940588618,0.0007835648388677537,0.12408264821864436,0.013003394216827741,0.08941432002250058,0.0682311010427481,0.017804228640190656,0.0015311000139818028,0.008098687903100737
810,0.03719872412532858,0.05514372414942534,0.2999309431181974,0.13606482183556387,0.004231002786781623,0.003866625547224212,0.036056612906619906,0.0034218387799760117,0.004718891288917547,0.002199916450029002,0.005417320363357912,0.15312917236032594,0.030704387140850792,0.052974066245680754,0.0054655088255784615,0.11420973591618033,0.02715001326131989,0.01410215917610339,0.005116932481355135,0.008897603241183867
811,0.013391819765525455,0.012029588225030937,0.010410326273351285,0.005586739722164544,0.018820899226282772,0.0028715679780697,0.010648915051933654,0.14546241088328798,0.004860933777387038,0.18813726320562363,0.4236422267036186,0.01115701276546355,0.005202607159076369,0.02547963385579963,0.004460175055570041,0.06467865442527282,0.018139754109447306,0.010663706975609578,0.005457044867024642,0.018898719974460482
812,0.0069216297985196336,0.010722537533003987,0.00491673564277668,0.00860582944964745,0.017187561546375563,0.0030557766972879,0.005711438270424732,0.23752823284147606,0.006155856047010789,0.5151263957649129,0.13077838331103148,0.009464678773698238,0.005666559756216623,0.006144328763249601,0.005728107070557488,0.005758512126151046,0.0027423693036785716,0.0031802820311442664,0.009424844972260432,0.005179940300576561
813,0.04766876963039847,0.03791485777332724,0.08829726890024082,0.07878616281781767,0.03963468224854271,0.06955418827208015,0.09093495524782043,0.021020135978118106,0.02448167754515385,0.05879373338057285,0.05060622289105216,0.05805855203373901,0.0076868616707601875,0.041010784434046356,0.038773540481337555,0.06742153287294615,0.05008311740922853,0.020095991301696297,0.06397200240196362,0.04520496270915782
814,0.0066438794505490366,0.1286921494035,0.005844822288739528,0.0109733433451644,0.006348856071353521,0.01223367769857289,0.012185179869668253,0.1594007703290065,0.00666605672773945,0.06366821097272117,0.025226924784989613,0.00516234570424696,0.005066577816685263,0.003848229384649062,0.004092069165830642,0.002331195291538356,0.18102559475907432,0.3497656775260241,0.004417371260927871,0.006407068149019034
815,0.006165752905984688,0.03786706396755016,0.010802635065876321,0.012677096101117235,0.010352174221095281,0.011313289390990378,0.009535694911238884,0.011460836071136779,0.014739408646906427,0.023959066771897325,0.010980326774229545,0.011044117299139226,0.006076843971175333,0.0151993581288244,0.010330191971785675,0.006593693007311197,0.005524372727480106,0.005497739474189876,0.7659539683333036,0.013926370258767577
816,0.006873472106716133,0.013608882335292992,0.02127033725902986,0.009694747684667333,0.016523523740590542,0.009067206291301212,0.015454749822785723,0.032168733888915384,0.023396178081318955,0.008233212514670138,0.010271208691606507,0.7248963347176175,0.007081520109296473,0.00959761355315726,0.005145456259885797,0.009206283891103667,0.011482035907934523,0.013993578419294281,0.009382449416426115,0.042652475308389504
817,0.014252396697711186,0.008540550838206448,0.008588891394486355,0.006816921253458978,0.006552875247721384,0.007454508859052481,0.03017160294993729,0.011165815510566052,0.27009050019174513,0.0022370440436900374,0.042818727069907504,0.01742607785781784,0.003385949611284326,0.16068901258923204,0.3436099007198803,0.005789017344220514,0.047465081666320005,0.003296305825345876,0.004371296186911985,0.0052775241425041895
818,0.005243564264691882,0.19735511179307277,0.0066109330237594105,0.030644445210412943,0.029311332377219314,0.007617115041376139,0.003230358264395174,0.12058501167129161,0.004093059527121803,0.12057149960104101,0.1067363268985312,0.002586300822853582,0.0016811831588249876,0.0041453629936352345,0.0034646581252763334,0.007261517963314441,0.10698538305876605,0.22658586161255598,0.00671184485466632,0.00857912973719386
819,0.01562704134149165,0.023835687407859046,0.0097861012762069,0.016415529370238137,0.01035492742078633,0.006242882269485106,0.008853761390122988,0.02168590428598315,0.008663336524792021,0.007559417023011147,0.016387660477404486,0.0070135369643816005,0.008430093507675469,0.02187314496329824,0.01395982374560707,0.0070698193024630275,0.016764855401726935,0.004903949217068478,0.7650755189153403,0.009497009195057877
820,0.009499319563523246,0.014038842391436407,0.012336359704493458,0.020734476272948922,0.018254194922039432,0.007867792288775753,0.008043945472253943,0.7444025210004204,0.009648570642164893,0.008546289839749246,0.01480849997108368,0.009267438327696586,0.007833578133487342,0.01058022047736456,0.005831798373656128,0.015343210755087912,0.019249922407402212,0.03601158148487773,0.014744643321148663,0.012956794650389583
821,0.04138564417567077,0.038660535791295816,0.04866608403212646,0.08195478325109355,0.040140468042495374,0.0034846985295597945,0.05822557631997216,0.05822809139113216,0.009622806381021849,0.06144003505558319,0.07289290240962766,0.03551575308981354,0.0009015957347976352,0.05972985016843227,0.013742101760010365,0.08834643801202949,0.05679306232786406,0.053738297222675625,0.09329699290521887,0.08323428339957933
822,0.04516244046893777,0.10108357373522131,0.0872566693715859,0.11828289715324586,0.03388593625459254,0.030410907846980983,0.048329036993137786,0.002417775958888012,0.017203066531424224,0.05357319445812598,0.07124790469540061,0.10510604930592331,0.001325225477067709,0.061704609429857886,0.020963156231685605,0.09518427543701839,0.06030902666081264,0.0036401328245069045,0.012700633911944465,0.030213487253642136
823,0.007655711368929638,0.012911400492733247,0.00792195274356638,0.02402200363225065,0.035639337883717925,0.007528137171426032,0.0152925069241229,0.03423259474031336,0.03708180928017024,0.00969662273824699,0.01012828655606817,0.6925251186951227,0.009054358725236434,0.011912626117513906,0.008839174889202352,0.008275684195330785,0.018252060038454664,0.014414407046289478,0.01086765518618991,0.023748551575114324
824,0.06418251941090267,0.053254553311230995,0.06854663340255095,0.04524739028858744,0.02977620300048074,0.022965681975063604,0.05614089639613273,0.04492282427408581,0.0577722965191169,0.03875030172235529,0.04050535180730421,0.05563498410539778,0.07532415292168933,0.04635294713861582,0.03457542820761513,0.08012606595498815,0.06869558353384553,0.06649995182261541,0.028402747453833838,0.02232348675358768
825,0.030454800979354508,0.026397477535111305,0.012733439686459735,0.03843809599576357,0.10929853757195974,0.016602546914638097,0.13688239845905695,0.007122478958916371,0.09150343896680312,0.02487133249532811,0.11042028405575927,0.04018558915814279,0.005205308934969838,0.03522790890559949,0.05481740340274634,0.02671438305711588,0.024910929544319185,0.0026410443854147543,0.1318441940655629,0.0737284069269781
826,0.004753658651251077,0.15141845046527064,0.009766060694959092,0.03442651524605536,0.010452665153841785,0.0065341994938148094,0.011650683860736626,0.04424101182280039,0.013680652568813076,0.13773419024219408,0.4630506772772841,0.011498511057777265,0.0054846161863528415,0.02841452862681004,0.004297878580033462,0.0033889432668638805,0.010445513321882306,0.03202803305841855,0.009642694388721756,0.007090516036118904
827,0.04187916611919143,0.05153864693006779,0.04222417971536607,0.046223330084146516,0.06950618861258753,0.012383146634890083,0.09706958489987234,0.07240800803191921,0.041584137461212256,0.04921334215971494,0.037035768234383065,0.07432538533239863,0.05272781464166667,0.04761460936840949,0.04424862386428099,0.043055403653178885,0.05132623966961295,0.06130517094372293,0.03320642226077469,0.031124831382603513
828,0.006033952952085746,0.16037119309792663,0.29410448616473406,0.030371006690542258,0.0175497572249578,0.004656071134907558,0.013878340175229221,0.09869502647078122,0.02156862485412907,0.01814205173238431,0.025230797602947438,0.12708169947198764,0.00539460815898753,0.01985811466775012,0.009995405512430219,0.02445572044696782,0.05152362113002917,0.04075057173300096,0.006214399044692992,0.024124551733528257
829,0.013919742363709011,0.012390947388440453,0.0192531729564855,0.013806986771029013,0.013270755437681185,0.006024401693178334,0.014721713589139719,0.013572373203883189,0.6541182166705513,0.004042445949282555,0.027858563232969237,0.03776017776100282,0.0058058161752655305,0.08379788959815969,0.008157415014924386,0.007282991165484952,0.018862654178469627,0.007191648263399318,0.021108607101226074,0.01705348148571814
830,0.02275414925951719,0.02162332789283756,0.012220478463241194,0.017216516822032797,0.011986553671552469,0.017645789469191108,0.03713024354322322,0.021311169703859555,0.04879133002227031,0.017255314168494355,0.017874446939265244,0.03755197673771558,0.01628167838850678,0.04305978359909366,0.050838007307922733,0.2469093239308263,0.30500674958519614,0.028936252995131532,0.014657014100493524,0.01094989339962881
831,0.04298011131715091,0.048923193733664445,0.003389605578262422,0.013436699449553027,0.038746504788651735,0.002504908331258311,0.08892236339346664,0.051208368631909584,0.024254537956348975,0.07045293774840389,0.08440434507266535,0.01623744571104089,0.12486100801747341,0.008848965604062512,0.06174937676691278,0.02193130648344766,0.017524101083740258,0.028630916828229106,0.10192944458734039,0.14906385891641774
832,0.006828612965787556,0.04529874436228248,0.021448208308824712,0.01311891697585055,0.0051671704799011575,0.004562463210039121,0.0068767362193958275,0.21916911464178346,0.006828576110966184,0.2827532901311828,0.025439560131048682,0.007942905182031347,0.0027920045209301123,0.005961543851641895,0.005007440107629308,0.00455746949896732,0.010268510523922313,0.31368165633708034,0.00567421237401834,0.006622864066716439
833,0.014540918847472,0.04160817755882645,0.0835841727090075,0.07394624037964954,0.01136871701916566,0.06386558791061957,0.051179941346562965,0.015967133099365094,0.059619810183462754,0.06807907576466606,0.04269001482544274,0.07329481599362232,0.030173434251190696,0.0703655949731876,0.036364778119761354,0.0722879875670438,0.06492576167607894,0.06926266926115433,0.024225879879371276,0.03264928863434933
834,0.12918144775218596,0.06738456620180643,0.027689410294547922,0.0066963373659429575,0.0222410819538347,0.02702009874007043,0.10207981055987932,0.007287609784703929,0.1294083314966705,0.0450657191169585,0.04920020156923187,0.06406744339547268,0.0014933538933111852,0.11916255610206487,0.015149025164714936,0.07446006912544827,0.04532003933361293,0.047731232790766416,0.0044809714219199,0.014880693936856324
835,0.0051654956060123635,0.034640222898306094,0.012301600314436847,0.01434307126179851,0.027655760941072877,0.017159846429493957,0.013756562401104134,0.04194525942526678,0.011045297127140394,0.01981377884989915,0.013240936191595892,0.009387165666496196,0.005925981468510646,0.01475550403519019,0.026318516266710616,0.005440753620308246,0.006526683942036082,0.007379596702788872,0.702131850483415,0.01106611636841718
836,0.012263208636784238,0.007207119360852802,0.004791330319764332,0.005570042261919283,0.006143703596764411,0.009613610703571453,0.07470834895797439,0.04197130503875793,0.10144207916963449,0.03164976702044183,0.07758368142739523,0.03789228651659513,0.036526461302800045,0.1053055783665717,0.07141336489657978,0.0830418175728074,0.1805881294493489,0.05811384880690064,0.036497080947377206,0.0176772356471588
837,0.02157396486803321,0.014199579521703415,0.4694261869638246,0.08826807501254687,0.013304008050875055,0.009490479283772892,0.012832457143176811,0.0210314444610252,0.012671962617081488,0.005483670740258234,0.02932909168739925,0.028290502279646267,0.008014279527537275,0.09928091479834253,0.0052029691507760045,0.025588085408400355,0.006742274717446614,0.08387360615864335,0.015327965088474255,0.030068482521036322
838,0.012583355372940907,0.012075963434523397,0.017893484693537742,0.01193354491288636,0.04421707197535607,0.00604856255436989,0.014601648269240042,0.3939256306359932,0.012384758529174375,0.096492336563053,0.021333082299210406,0.05852632333100587,0.004338728092273603,0.021616204299247984,0.006345071833714178,0.010929201632662545,0.012041792459250066,0.21838925089132186,0.012060473525348165,0.012263514694890362
839,0.009208034230488452,0.012446612921589372,0.01057145275028777,0.010976938884474484,0.014601138141169173,0.08235913687544051,0.051448000377304355,0.014433958326185194,0.009723005194814421,0.014342091638789895,0.011428350849918447,0.011346743873409186,0.6571391376563803,0.019529079159688104,0.015547294629085152,0.013201360556786949,0.013539677488379113,0.0069038040285089594,0.009422045736531362,0.011832136680768837
840,0.005145000915893692,0.010694491687037348,0.025657700306909642,0.007501530227642991,0.411456799777815,0.008350920851809213,0.009383104743658584,0.009538873551548413,0.009857043958428497,0.0027807032767599893,0.009285872691646381,0.009453015857711524,0.006225763576945155,0.013757066495380044,0.002743398585298473,0.011246858330547303,0.004622454816658581,0.0041726761472096864,0.007583715428037795,0.4305430087730617
841,0.04144526724651116,0.015250917751928838,0.01153695346226189,0.011731027688210981,0.007323915240516485,0.006794622594975881,0.015235506921806245,0.20754156399683799,0.016729692682258598,0.30358464960961046,0.14396856703472907,0.025113778128319945,0.005615870255370854,0.0348342780935826,0.0098247582442214,0.016347313763407215,0.02791367027790541,0.08499289818340604,0.006333754373178847,0.0078809944509601
842,0.037088930006292826,0.08318814334506573,0.009877086797529692,0.027046592656435026,0.013088290622250117,0.4491524440104175,0.0243407344984615,0.011010169407194395,0.044451729742403225,0.004561101487864169,0.022563808133123617,0.150184733214051,0.004868723833000372,0.04626704811128482,0.0204375419017128,0.00856736470169524,0.007563503621962465,0.010950737844129676,0.013058465097028482,0.011732850968097319
843,0.009134821947635223,0.014879379707205077,0.021897160143422995,0.017236800354203864,0.012347420667398792,0.013747808796156193,0.013381643259745444,0.042661623586383195,0.6708739778961659,0.004782870440783541,0.03109109307949624,0.02228044444863415,0.010133216603902808,0.01865944565703983,0.007161788861577589,0.016159030206884546,0.0149705817793871,0.020003996322247523,0.01216446435563612,0.0264324318860939
844,0.009759975041616931,0.010045258002035914,0.014636503779120005,0.016448637725795415,0.010445884580344641,0.008625812198697538,0.0108882165640313,0.012054166347401528,0.027239678217912386,0.004382127167909619,0.023129120569579782,0.010036957506906146,0.006165998106094534,0.028704928345292355,0.7381760174127577,0.012216981109126309,0.006254840256144892,0.010967628010590466,0.028499599316233342,0.011321669742409208
845,0.01874476437199289,0.013446556483288345,0.04438241905906548,0.6518965499396765,0.03149020380226012,0.009610173110282994,0.013457321051026296,0.023656964701745675,0.03811482834163838,0.0072350879693985634,0.015583274221837777,0.013845204603706631,0.007019330466607601,0.02708989027464149,0.006627708076689773,0.006846128097596241,0.017604179923915574,0.01919756043730032,0.019039687730386338,0.015112167336942903
846,0.042824311197854084,0.014511467605088313,0.6841729929983014,0.024998429474179414,0.011834974833050804,0.01096722900514876,0.017382805021406024,0.012080184023539602,0.027535565995722686,0.004287524157125641,0.012191707680192036,0.03375249311033185,0.008001048142276401,0.014205734028296217,0.011603124509727154,0.0047625535300800355,0.006536563332957024,0.014095692158514075,0.01489745068155751,0.02935814851465094
847,0.02106381984930819,0.0796743693386134,0.012204275845656747,0.007486413127451168,0.1240862447170193,0.023389522659957123,0.030088934195901983,0.03315191163942311,0.010489205594050623,0.29508473358810117,0.0917785916940931,0.12370298569095767,0.0037533788407628677,0.07413047262405423,0.0134071592826541,0.01370750561155265,0.008787449339699254,0.013239893318426052,0.010261669935008147,0.010511463107309148
848,0.012539428123032343,0.027985369405351127,0.016470668035344298,0.01805748484854269,0.014952615766129293,0.023552780798101105,0.0200420722470616,0.021496784360971702,0.01989915954133445,0.02749121269361956,0.017394798414558484,0.022856587159463045,0.019851102791951035,0.021003706977936378,0.015074621094188046,0.015363540822305205,0.011927055200976023,0.012979221237916132,0.6322629720032205,0.028798818477997007
849,0.00859617580369476,0.6140347015267631,0.05738887674270061,0.0178031759138313,0.01377248164697675,0.01719130394781121,0.01797110951053031,0.013262053446801855,0.01616340076988223,0.0250187044393995,0.015932688465559335,0.010546385714511311,0.019600767645451767,0.01017650939870328,0.022136438413710408,0.02494458611108754,0.01587494831426808,0.006650996901440904,0.02740855027782517,0.04552614500905068
850,0.01713839862840412,0.016903337912409888,0.01226830555655657,0.015550167441054651,0.014437722927153661,0.6847281586121146,0.010729095701455697,0.016861521656554235,0.029648568875786725,0.005847771624414587,0.016890280709888548,0.016162646228205155,0.013087000401888878,0.016045493615415688,0.021839507787231253,0.007305781735496455,0.013905823787015359,0.04319103713765454,0.012611431499204127,0.014847948162095344
851,0.10011041883028109,0.03176389021616562,0.01353840195003227,0.015932073145105283,0.03237635629680626,0.007499242325355547,0.013148804679344067,0.034713759293800446,0.01987512090402179,0.021903463786330218,0.01689479443399418,0.010254257191927624,0.012029864680022716,0.021914847952742803,0.006793537372906801,0.5658697643026438,0.030201059376511297,0.011197948637632085,0.011518426030049074,0.022463968594327154
852,0.009354286204186928,0.026402130060414867,0.03028482828609713,0.014676901681358026,0.09591900053223237,0.005627155829854023,0.027390819669774122,0.06232887517400904,0.015668791654595806,0.40061171963096315,0.17021689593812633,0.014224263117188832,0.006652304087182901,0.025762680128568246,0.01969571419152884,0.01002216942636679,0.0148376665043774,0.014418904702312664,0.016570430781387036,0.01933446239947559
853,0.010816152025773306,0.059983239841919965,0.014302717746524746,0.020566863075657558,0.023760416578880377,0.009790508939839121,0.012165273693840921,0.5628097875737581,0.04251483697696331,0.08908370518196089,0.013120053887518588,0.018573203689634735,0.007472743439224868,0.01741264826750697,0.01235885389296683,0.007798922714595763,0.01350071337005708,0.020734645306391776,0.01616978736675203,0.027064926430233043
854,0.009078011192565745,0.008757010899956922,0.015965215119378658,0.018202691124033766,0.00930611318685553,0.41792417386378583,0.007640189693823384,0.013485777122358954,0.014918323129357904,0.008476167207705965,0.013420920324126744,0.00877105823112594,0.003645832595635862,0.007544826642021284,0.010797314885427846,0.13100604989079298,0.25106034654598613,0.014198001436156028,0.02645891726910094,0.009343059639803574
855,0.007898951318394864,0.03132205956188009,0.012593580617945847,0.0070802132333483755,0.39417377423011224,0.006991145568507933,0.10579483476907652,0.0027660169544875424,0.00547876052457075,0.002553945168688984,0.00509225712825806,0.021578962649032196,0.0020194343529556635,0.002694560036079852,0.0016467379145708755,0.005831202179687346,0.0020643992986670166,0.008494274099694188,0.20643462156358536,0.16749026883045634
856,0.013316871603324683,0.02607883740021588,0.018381289554118992,0.012759706276594016,0.021951032423143713,0.009888863973199996,0.019461231169004875,0.025849985789195968,0.03466898253824969,0.006505130077746729,0.0201186029548808,0.015721298282329748,0.009895955911100093,0.021230725250119088,0.6729247220039092,0.014428705352836753,0.009062326533574201,0.014059421512733756,0.015078748040302762,0.018617563353419034
857,0.01367639256043986,0.011393682161313685,0.012298121097855426,0.015484709784387945,0.01552472891514992,0.009840760408862323,0.023581223957755075,0.018853957213764986,0.016836234801456695,0.017390560607602423,0.023143932669393536,0.017046405446737623,0.6919856094935011,0.012136901684820844,0.009505320627625704,0.025326558360195518,0.015303164025126693,0.009549052842930672,0.014084058578472261,0.027038624762607707
858,0.003299839740317799,0.01589399983071829,0.00958625169482611,0.013285072047466024,0.008619085305115655,0.004359459430905734,0.012932370940159553,0.033152142078741766,0.018604478552541073,0.006824559239099508,0.016565543302113905,0.011127888109719911,0.006398867008312207,0.009124891668093939,0.7740543174587317,0.0261461473748326,0.005199473484249505,0.004604700152839483,0.007682355492084291,0.012538557089130946
859,0.1014386988898385,0.0699823777434093,0.00247010711998603,0.0037260064278425505,0.0035953465151992567,0.024552150563642284,0.054244153840877836,0.008632932499432013,0.016357440304977055,0.02285209198697916,0.04593741637123845,0.014574750705624013,0.003241873736679596,0.23733952397963476,0.0024075359838217647,0.21668219210122916,0.1493204160416246,0.016243498970796397,0.003302239494410816,0.003099246722756483
860,0.014100985228690468,0.029518208670361007,0.016286389357199803,0.03315883205751762,0.015865956375203865,0.02345758071045242,0.011238762805378959,0.019095592699312824,0.019266788535365377,0.0060683898967306815,0.0210396071827896,0.027001995492439552,0.009009336222441352,0.019213820797060202,0.01183105675258035,0.057531431998156905,0.6152965371542499,0.009606071348575461,0.029892912164285315,0.011519744551208268
861,0.008078711132798077,0.14511135133330377,0.013009745313135522,0.008342493448004938,0.015597491858181264,0.006511187135494944,0.01218290017679038,0.015349342485484372,0.011176623520981149,0.008909535993534133,0.01055265457729719,0.013739086389637277,0.006006893966621646,0.009661334998637344,0.014839552468408969,0.007846552318254664,0.013299968938828132,0.01251622502186205,0.6587288794131458,0.008539469509598456
862,0.47623309919933526,0.04469924244566427,0.034533691544081625,0.011465823045957934,0.019940303139333867,0.03691139398056074,0.013790880084387162,0.014370407758142656,0.019186398886441924,0.0071732843709459105,0.011036629219634225,0.022185311912247423,0.01921742171019507,0.00985483365129586,0.012081940140469916,0.15860780760990897,0.016041996795945583,0.035373753787670395,0.01779578883125292,0.01949999188652824
863,0.09611336937853734,0.07458042370716635,0.044201093866199304,0.09456320183387748,0.09216331594613587,0.021847904208190706,0.07722260929882199,0.006635308069851604,0.04906965168976906,0.007023508468886399,0.028837881504714905,0.007609633201075006,0.004715919781116127,0.14274466261936058,0.035419482576221364,0.07567161431519327,0.05748028219947039,0.046643528900153254,0.0272601526236774,0.010196455811581556
864,0.009807268699524429,0.062242407655010504,0.00859342054480735,0.016277196587239872,0.013276902047872567,0.00705869421263951,0.16142335931708482,0.022408961026317824,0.03879928989693023,0.003963456040694456,0.015990985069314696,0.362473196234604,0.006857474600715278,0.017118858459908553,0.11963131721071395,0.006114364896104349,0.013100882439562252,0.006264816699763142,0.013940799788129545,0.09465634857306272
865,0.007989015273515612,0.011337130450759764,0.015411203015075998,0.024288091554344037,0.009332851230945585,0.012945947165131875,0.009805599976774734,0.4358086920742924,0.03213648324138514,0.24723264232326242,0.0546618435777836,0.010894200904789009,0.006019167085852335,0.013433392418253755,0.005520634279221583,0.010695396879683468,0.007791474747737627,0.0544338382736607,0.016778972588708568,0.013483422938821741
866,0.025057576745099248,0.03175428362880589,0.011717872064334384,0.006612092464502018,0.06355935097888213,0.026564275570614734,0.06567108046061383,0.06730436077303449,0.12229000363455579,0.04669096517811619,0.038452510798052085,0.011961688097506269,0.07168957007227356,0.04066941523137848,0.07781860975856728,0.03006858548202599,0.04149949940966845,0.06090903036195323,0.057290088037880695,0.10241914125213525
867,0.046478263046785345,0.06703585154370113,0.05062506084320929,0.026185553581831972,0.048049564826764264,0.03193688808035311,0.0631583576247624,0.04185713783192512,0.018476708124490954,0.044936302946282106,0.07966016092407031,0.08045076189541824,0.027655821786648268,0.06579243496040954,0.04560381075913389,0.06945091024942258,0.0753448674984392,0.05146780868541448,0.025928610009096024,0.03990512478184179
868,0.010444525577852606,0.020953457161039295,0.013798681491940041,0.015157176860792675,0.018661107285379428,0.010789710074726455,0.016206026469252174,0.03769300755913776,0.03161197172705113,0.005874522745093294,0.020156141284803256,0.01039799646477318,0.012069855796918182,0.01645744141187774,0.011206662124277879,0.03645539348956623,0.5809019509447451,0.10002701557636723,0.014584324936626803,0.016553031017779597
869,0.007163149633301186,0.13702738013532131,0.017120483565236405,0.01000136681864642,0.008265926022704354,0.009547636788364167,0.006289798251658501,0.03889968636388508,0.013810208638565365,0.008768895562099407,0.03324748518169979,0.011300384800722443,0.0033115447015648982,0.012066390313431114,0.004779134293968862,0.003614691455673931,0.16867075471360193,0.4836666713587054,0.012150761865348287,0.010297649535501165
870,0.08588052273749054,0.060314314201640094,0.0050362321730058725,0.05622538509159724,0.03243745824862636,0.07349516749848094,0.08230370017062874,0.03589824085121782,0.05250698570418936,0.05032050330096437,0.06120948865154362,0.06229808203574039,0.0013686756043584135,0.04022747374207812,0.0937509992514484,0.024505639064940833,0.036414851318582034,0.02488446000651154,0.06974026205535172,0.051181558291603584
871,0.05135816039655688,0.03686529642832577,0.0046471229958324435,0.004012907921858754,0.08274769490268506,0.014130194934630691,0.0542991423395247,0.04921286760447422,0.15609488490327778,0.1263547343128325,0.1228230835936425,0.007307257008326073,0.0023516260847662395,0.0369511033920929,0.18304447385237455,0.03900161739246668,0.00708638748182624,0.0037225428990847378,0.013105438305746349,0.00488346324967494
872,0.01024611742198197,0.18822821604257828,0.015439055142335104,0.02023696826283073,0.014373491191710603,0.016437803549959273,0.010132868751706504,0.02383345653192414,0.013096397909312297,0.0909485900238433,0.15642317964081043,0.009226949257857428,0.0029625194180018808,0.014730767389587254,0.0031641090937776623,0.013735966565595337,0.01889043385063543,0.35453499919166814,0.010601902241382886,0.012756208522501302
873,0.006109382540682246,0.01073378353060815,0.014810593566386046,0.01616777423050196,0.010179033489855265,0.015590209269458566,0.06692089294547726,0.009723129937046448,0.1434208420914625,0.009579822794583668,0.013607716296781135,0.0077438142578965825,0.005175384186773378,0.10350276910339248,0.5156850317064168,0.012513673289746624,0.005627955728390918,0.008681195095668729,0.013220104365479603,0.011006891573391697
874,0.013433170125652273,0.04248992919205216,0.015380949420613762,0.03499794235068059,0.04500159096637045,0.00889835884792713,0.07190342824073508,0.026697878644738802,0.0394422377410445,0.007083284068854496,0.022584020592849065,0.012029618268554945,0.015004046051317645,0.025732565618495466,0.45600299162797037,0.030850819187642622,0.012173903448293041,0.037042102853150814,0.07020156717626473,0.013049595576792035
875,0.01410919383279118,0.08762231074596373,0.010830671134935478,0.013694625928159255,0.030147372411334486,0.005670423323198781,0.012894426560763656,0.45989669708503633,0.010498158850021104,0.1138698632071128,0.013502013599290081,0.022257555778580657,0.004731089302547169,0.026101593757120425,0.0057269949632523295,0.004895572419708628,0.008518091863837148,0.13312121278102226,0.012894631850775318,0.009017500604549183
876,0.01843866184334248,0.050718182207644985,0.008762317232163636,0.011253470576621861,0.01694879583142965,0.013502442602235014,0.008372941925413135,0.6011792990137215,0.031214764129679884,0.03389295248586455,0.03037231477346031,0.03629037844083519,0.006513878443842592,0.012749375530793479,0.014946657586564271,0.003934645992759989,0.015954513699091503,0.05659080133970957,0.019738022918602736,0.008625583426223729
877,0.061045540500937134,0.1442494819582693,0.048774234924337634,0.005762694160941784,0.006091810277392828,0.3114842598310883,0.00789693495939786,0.007133864453075138,0.005088127857736848,0.0017281000101880349,0.004659591571403496,0.1939732431132159,0.0019764197281644264,0.005603438021299523,0.0018060414511524236,0.1707663497924626,0.0019841133719279897,0.010126291247872078,0.005839645194674386,0.0040098175744623194
878,0.0576281479094844,0.048782219065738784,0.05378120152597809,0.04744707366396667,0.04049488782110448,0.028324802787068493,0.06185328872953595,0.05700633827567165,0.03626666167481219,0.0482600467370017,0.04496725017705169,0.03422055283696686,0.05632447190135854,0.06653487111436626,0.028535571695807078,0.06786277496832056,0.086923332189075,0.05091039381691307,0.03914117891969665,0.04473493419008188
879,0.08014873440779709,0.04708280114668745,0.06047296815744537,0.11386827857451882,0.003677497901135054,0.0299515856956189,0.09855615425687274,0.0021754429500517366,0.024845320033061336,0.0010628190737755677,0.003906696904981998,0.09482309317901037,0.013436094738634753,0.13116141540135867,0.05644371422031389,0.09290044455751813,0.0851010162968756,0.006860594172270635,0.00204112965223718,0.05148419867983472
880,0.03952262795038779,0.07215060468680794,0.03637894829763883,0.07664796038986035,0.07130180587602868,0.008681579154089084,0.08053389005465435,0.001442285495717568,0.05118848473041344,0.07027554713558987,0.062284034500396976,0.09416685088715365,0.012753273337209757,0.09451937555765055,0.03450247986141013,0.04220751269177016,0.004639191061640671,0.0024800385116074755,0.0897103237194949,0.05461318610047782
881,0.04532237847445327,0.06801029401402582,0.0565136884251289,0.013364724479889673,0.05180967290868479,0.04156651660710001,0.056335406859333685,0.05016326823442838,0.0582830110304543,0.04393347219995428,0.016783849803219248,0.047251681009555895,0.03523153167123918,0.06686164652068746,0.0481627323099208,0.07268425106401946,0.05955404124291187,0.04834909349271674,0.031109567772386038,0.08870917187989019
882,0.004414220950234602,0.00900788457569587,0.01815296015621064,0.009683660906459024,0.32570542403863034,0.004556534290790375,0.013128091964785468,0.00608240926609693,0.0064137385268809455,0.00269809699006824,0.006947295106161897,0.014149922711135363,0.0025875411725335726,0.006695584688261326,0.005864712393535612,0.0028683812145152993,0.006920426533948674,0.003807900500396862,0.10793226752783734,0.4423829464858216
883,0.06699627793512834,0.04747834018167863,0.06148731574453402,0.04875741743104122,0.04747187045387252,0.04953131207144908,0.06796321456158683,0.02495964124859762,0.06004137142152774,0.04708380777660966,0.04235303850201786,0.06133697248044432,0.012216866013457936,0.08798225009848742,0.04032783830345459,0.06058187772276383,0.040411377462693986,0.030935138764842787,0.03600127346848212,0.06608279835732948
884,0.004496547462837064,0.037019690808695056,0.1724422363597385,0.06509097743538544,0.04432883795826503,0.006303925491578278,0.01758566351863105,0.0065655020622702185,0.0060061855202236105,0.04629868938739039,0.1658540178685752,0.09508461289266534,0.0010508221333126342,0.08576843495797959,0.0030182643962760117,0.0959840671259813,0.05478900692913714,0.007977607060910892,0.02170199116291764,0.06263291946722965
885,0.08124355513203087,0.030695608945384777,0.016424042141851426,0.007365367221782367,0.19358311269137868,0.021653341567576426,0.05710570019524112,0.0355515081286693,0.010387889668682775,0.03947608757797782,0.06967963957851504,0.03408678841862997,0.002763692510857962,0.05155026976120614,0.013890080437408303,0.04993268618228596,0.034465883620669,0.040721689090345195,0.05509832817492061,0.15432472895458627
