site,A,C,D,E,F,G,H,I,K,L,M,N,P,Q,R,S,T,V,W,Y
790,0.037705773686081634,0.06070066360501828,0.013768366374717789,0.04458716756801131,0.1236872726076105,0.00514324023021979,0.05611712375197917,0.04467999516214151,0.032453242185332826,0.06349425874043953,0.13225834581176701,0.03712785021857494,0.031006959019170607,0.07345686497524453,0.04415052281941531,0.020747161934756383,0.05092309986607896,0.07157063926287432,0.025340553488698226,0.031080898691867385
791,0.15678156242490657,0.07322702272030111,0.009586747743651704,0.0067670557051573025,0.009187591407417806,0.024843826612695245,0.00810330670156542,0.007912175841648588,0.00808787367789753,0.014715110407060328,0.01818150676801294,0.009258274218536275,0.5547614430695459,0.023057514850531258,0.0021161067548297677,0.020765600799874728,0.031239989368627364,0.006225165743132685,0.005112032887163043,0.010070092297444332
792,0.059402406134653224,0.0743049501953996,0.020314096300891205,0.056573201448616134,0.013245180142114467,0.055880199703057326,0.06656498404609779,0.0038553167477300967,0.11448806469127566,0.024763521594527448,0.03669488891841701,0.05029191100030828,0.000939976028984484,0.06630276847687225,0.0727619964474233,0.14633637103685887,0.0798791508383881,0.02522161446963814,0.005153253509769784,0.02702614826897684
793,0.11196832100366803,0.006210333816862645,0.007300859273139927,0.0284821617332073,0.009686888684878266,0.6094865127746281,0.06398577041222366,0.01077791738253172,0.0068389104706602834,0.004798760891417316,0.014673920791491565,0.017330182896668073,0.0037644054328975587,0.020458605626072556,0.015083767309236168,0.021152838315739247,0.004448061333651437,0.014489803787573896,0.01145702843673417,0.01760494962671819
794,0.011806561109083687,0.012255397699039742,0.01804072349280361,0.023380622977447495,0.015631227133768577,0.007449494295555687,0.05027775502432553,0.06622557763081091,0.01577567673750757,0.00843182052891781,0.029832660674493503,0.013774490967058515,0.008589255079139829,0.02033399429570018,0.6426887041175652,0.012142825285542594,0.010077037647748605,0.007531221302662506,0.007671112834515773,0.01808384116631272
795,0.012760540638142873,0.010285077623387073,0.009928497292207855,0.012559388322593481,0.010082554214058587,0.005751057313910714,0.011282774292660228,0.02363176331571993,0.011765347826252485,0.006499118399681279,0.01284415510251406,0.009769785648621215,0.01930934097668142,0.011535596658891981,0.0036101964042141274,0.01582403696268904,0.7666608515160098,0.024885957249090162,0.009827174190077038,0.011186786052596608
796,0.008496526890651833,0.007788366422602919,0.009773961443836533,0.014387617533259308,0.014471716452654892,0.010611305294150865,0.01034436428327013,0.043298830988028246,0.01003718587032629,0.004420608293156328,0.010566599260547174,0.015470065414411559,0.009170509462868313,0.02352858733174353,0.0037128085501373902,0.044098516595361216,0.7335630772448373,0.005084831158087068,0.009124118982216805,0.012050402527852258
797,0.004104649768884832,0.017479558799203876,0.013354293213062758,0.007435314107735213,0.009622420491243528,0.005656709728824332,0.013156502425196644,0.015584027422185795,0.00998930892657662,0.0077292863941888935,0.00831491995277642,0.015473171976932236,0.0074878391477433155,0.013725736026944926,0.012684197166067432,0.003976381229202221,0.020526213428316474,0.003571638964434902,0.769359884713075,0.04076794611740471
798,0.011347158092716678,0.009529743615496907,0.010237128553611587,0.016242237051418692,0.015345313741298707,0.007989507390173517,0.016920596951309225,0.013023870444522592,0.012497063259555538,0.017119515207790856,0.01212583958774351,0.019477158752117002,0.022444016628826013,0.011509355573276623,0.0038233277463399105,0.730053996511787,0.034615484154073665,0.0070033733488038905,0.01831591284438428,0.010379400544753803
799,0.0022125548343557237,0.034446292470809194,0.012680089395773197,0.007378603540610364,0.0461862287194248,0.0011587108865883558,0.004605015093459801,0.30715631313364383,0.012194558785562328,0.43691875082984916,0.04908374235138193,0.008710801746355253,0.0031753798620862204,0.005343154103890896,0.002260913842259356,0.006755539724616898,0.012249663066290597,0.00738020958042015,0.006738735286871638,0.03336474274575031
800,0.005707821624038247,0.015835914380399763,0.010483794846195525,0.01122087251266077,0.010668208719198973,0.00446497922014077,0.6774917015232377,0.009514259931836086,0.010559510391369162,0.013002213414282739,0.025747262405385083,0.0762887826238243,0.017025937508899882,0.02707274271025696,0.01094574090137988,0.004758163480022833,0.006877063295665014,0.01381161302242197,0.008604229657430108,0.0399191878313543
801,0.08152070100360181,0.05171476674357438,0.0070372529265533305,0.02185412324753612,0.013124746234893342,0.2135882605487748,0.006245749275094132,0.01844611308003942,0.005221379666904873,0.0018478858230908202,0.004799679240494693,0.06715943138895447,0.003117164291732366,0.005214162281184095,0.01172793251324016,0.2805795108955822,0.02134198044900146,0.16949425922319375,0.00871043724458839,0.007254463921965395
802,0.059007491352758304,0.09544277958970915,0.00363908858448702,0.0021602826416561673,0.017822252003319813,0.10077671599980993,0.08737917719999437,0.015834130522035358,0.11083695231173488,0.0033352687858377024,0.01905378847150802,0.027067628683156483,0.0014575912832470372,0.06278338673444554,0.05490644700651314,0.1307016309116665,0.15238506532508372,0.010789364252178038,0.003519192266777462,0.04110176607408134
803,0.17288854100276055,0.05576509882004665,0.009240017009660756,0.010838251836049579,0.047015699482817974,0.17878643995311383,0.04121073658970551,0.004884153358232867,0.009906184469397516,0.02183974242834356,0.0596694122999372,0.039575336483116445,0.004600175817032371,0.11656784485540211,0.013654827295183207,0.1633304017158882,0.02326094342014349,0.014711195583294414,0.006788791387345088,0.005466206192528685
804,0.007163465381656325,0.0066053294566306466,0.3366029113453784,0.36963126817644354,0.018735949684280603,0.0057569136097906735,0.008024312011192296,0.014741833509489908,0.03410206948410695,0.0028326325557260284,0.007265858423859782,0.0070721653092720715,0.002912930962880833,0.1376124569186515,0.007115294755036686,0.007109662840552588,0.004260418686812453,0.006885030960925782,0.007696584111415292,0.007872911815897672
805,0.004470107158435882,0.04917074551987417,0.01233873371851101,0.009175066670685248,0.009964557438507151,0.006457653982963221,0.00867202817019924,0.011356294644562418,0.010187839487272362,0.020273456047295052,0.008790806213160883,0.021762700206177828,0.00421597846861499,0.008455259345004558,0.009499537677648094,0.009803159483644871,0.00638092590595578,0.00789523447932127,0.7722217361628272,0.008908179219338837
806,0.030623047602750524,0.09721939123164054,0.00681933607106388,0.00897527061178017,0.04639968141584661,0.04833341077552168,0.025947724471534848,0.018992401325768755,0.0116639827659101,0.03518422000434181,0.2758365218487503,0.010726544353021833,0.0019059747040605006,0.2589102303601037,0.02071783130567919,0.0563143028139276,0.012146382975151776,0.0039028965740955683,0.0028795539763847096,0.0265012948126659
807,0.004686963454208226,0.1645298965118975,0.01516123218141781,0.0038569946966570783,0.0035495933566750473,0.13013230816254026,0.003122110252284417,0.019364884121614835,0.004161809648537637,0.002841321104093176,0.0037579981456266525,0.042649812060776136,0.002063099448931074,0.0035736653319022858,0.0011567066283019382,0.2728403256192364,0.2656213164719311,0.048542384416253935,0.0050570570416197036,0.0033305213454948054
808,0.02752894057895881,0.05350632958396734,0.10748455491457426,0.039083116666048655,0.0018620668459385175,0.032016187379393615,0.04517556874428475,0.018689306140731964,0.056662812357223924,0.04977479114310585,0.05976498998126788,0.1132549380998099,0.011675154417442546,0.10315817330097932,0.05370432774843127,0.07595989353100106,0.0720445557209878,0.07176727802721812,0.003374172719292615,0.003512842099341829
809,0.07218358754819941,0.05047136199397333,0.14622755023791265,0.10868811383683688,0.0019713567773680203,0.0360898825027288,0.03438303984138277,0.002450862977788666,0.024151001664363667,0.012668675182225917,0.06623799202223711,0.12117312012955779,0.000755704726723345,0.12406582861927139,0.012988768545979485,0.09024569586601913,0.06768422339534177,0.017656864556142834,0.001659907243403048,0.00824646233254399
810,0.03882403390585132,0.05722783560437827,0.29884119735186393,0.14035569358153674,0.004019150711255068,0.0040793054395955874,0.03477700826058149,0.0031363797317858055,0.0050845716308121364,0.0023098962657951442,0.004653103517502788,0.14869435644972792,0.031079335990998595,0.052727771732771156,0.005583223421724529,0.11466603506249112,0.02655621718643813,0.013380661765411668,0.005131786747252801,0.00887243564222575
811,0.014083783530215414,0.012679961469168962,0.010925470952422498,0.006144854346434698,0.02039015146142721,0.002862653836540198,0.009795857582473682,0.14749369540857468,0.004829843679816135,0.18999849768769242,0.4198783557414542,0.009573483413683312,0.0052982884778896636,0.02626326220568609,0.004489820439783546,0.06567693995608442,0.015644457188414805,0.01052110288396576,0.004962858021235373,0.018486661717036945
812,0.006882983100225037,0.011091252195014112,0.005326280897477507,0.0077718796033205695,0.016684746008629743,0.0029438338135604593,0.006448892491788313,0.23715265927265441,0.006637535195541706,0.5130935271204864,0.13299975616066315,0.009923717125289062,0.00632864738921568,0.006303353995836428,0.005082877280308935,0.0057526823519676775,0.0027142749053774414,0.003419590877765541,0.008063056217102743,0.0053784539977751785
813,0.04823069765107921,0.03848035417586868,0.08680991902942768,0.07767849304216941,0.040618481444187275,0.0681144901231983,0.09307369176351654,0.021214696151948906,0.024941044260396696,0.058520852874419736,0.050746876499059186,0.05772347058964405,0.007749386739665016,0.04070241596345873,0.039339808566223995,0.06750475537516963,0.05110420311113814,0.021530025547569675,0.06182851633108387,0.044087820760775304
814,0.007080719893490104,0.12686970950025178,0.005974230413614448,0.011233532197432677,0.006162450911085797,0.013349480151942272,0.013222762162058874,0.1564612972109927,0.006797658254852449,0.06339556275328861,0.026977791427769314,0.005010805395190003,0.005068934899576693,0.003542422974469814,0.0038815753742995176,0.002521446702986213,0.1812437571193422,0.35063803423189127,0.00408702838567839,0.006480800039786797
815,0.005927568848504497,0.03624895029328008,0.011165749515503965,0.013296477962217066,0.010278621306402017,0.011682386892664206,0.009713994139971446,0.011625371496092293,0.014786506975835832,0.02471083496706905,0.012044095787926963,0.011533498972763078,0.006054863169691427,0.014594704266655668,0.010162936921340182,0.00662601209697677,0.0060348392148590994,0.00640598365241933,0.7638395217862408,0.013267081733586122
816,0.007640816805127716,0.013617233940995146,0.020373747905963913,0.010162981711277084,0.016436370345732077,0.009126841655608425,0.015099278206640176,0.031250158373390215,0.023413091635889133,0.008256912041137966,0.010960612082717286,0.7323645349998885,0.00693938322547001,0.010104843368568189,0.005120216537195715,0.009835767846206808,0.010797719567232423,0.013968276435535035,0.009498256035577314,0.035032957279846816
817,0.015152722448199214,0.008526084366693715,0.008220125103933842,0.00626126981294832,0.0067013369208023844,0.007801231465952854,0.02912647773779394,0.01189801728275121,0.2674786404330072,0.0022488090743135233,0.043054754083984605,0.01671307585040399,0.0032332012540059935,0.15896385782695302,0.34793385614037425,0.006041630049632689,0.047775624960924155,0.0031717096684967115,0.004705891482942696,0.0049916840358857515
818,0.005478648687687728,0.1985265958434788,0.006140675144535809,0.03275492826391674,0.02954751572943876,0.00788670656292883,0.0032285261172717177,0.12328199628231677,0.003818183639237702,0.11657036189255104,0.10377631706902712,0.002839006448946515,0.0015968457665529155,0.004201399477233485,0.003473860794680548,0.006959318415676417,0.10813542247552443,0.2275273700635143,0.006339392110063294,0.007916929215417085
819,0.016142509351099055,0.023929577530483696,0.009173731979220862,0.015693353503611517,0.011834567038448447,0.006205361592455654,0.009892704542965865,0.02409281174908628,0.0081354095181939,0.007797386686324245,0.017792944467633156,0.006603008066947203,0.00834947581216022,0.020085334215528217,0.013103608586597357,0.007361639815723938,0.016669942416934987,0.004754300622229202,0.7629901436328234,0.009392188871532951
820,0.009395967372341538,0.014635077396143743,0.011849710415202417,0.020289789051002875,0.018237103851046287,0.008138031428200097,0.007608490692672235,0.7418401611050275,0.010384121614104663,0.008039479300078029,0.015474911900263753,0.008825651609006235,0.00819111524130102,0.010388610972770891,0.005823499803821917,0.015337267292435381,0.021212609689039263,0.03741426845119508,0.013983767480842102,0.012930365333505
821,0.04218830108203003,0.03649820904134544,0.04515171070575281,0.08206785143112275,0.043053953891338224,0.0037969660368355213,0.057174645088960835,0.0580433901492258,0.009069892629558377,0.06085712371766143,0.07259057571015573,0.03612033774035824,0.0009082352316595339,0.05939992934027006,0.013892666810159528,0.08460187889437817,0.05701435835601036,0.053131169515880664,0.09611089964926257,0.08832790497803392
822,0.04680545548263874,0.09835602548364628,0.08729144319915359,0.11812732518527473,0.03297699130708505,0.03187994481630811,0.047644840567155254,0.00240165260845763,0.017818051092146868,0.05424397743655038,0.07189716538018893,0.10417062168051153,0.0013179046753894706,0.060352004434417905,0.02115335708992372,0.09609095401618506,0.06063230424020796,0.0034646852753200774,0.01334554770775346,0.030029748321685246
823,0.006961420597640233,0.011726121431930928,0.007895048423598307,0.02590712084053232,0.03742957160544669,0.007989643911780187,0.015394532001070937,0.03095184683420581,0.03633002103493383,0.009633201660145523,0.00989817863127344,0.6937874466549778,0.0092264691325209,0.011938540675611092,0.009044919158589031,0.008123616468722682,0.016927857539040456,0.01422087816680447,0.010613760334791087,0.02599980489638433
824,0.06233898551452123,0.05483046355243538,0.06809088298047453,0.045452782819585716,0.029789064249789284,0.023012048677547813,0.05685591865821652,0.04545243833546316,0.05982345767976143,0.038726778044098034,0.03930227001798452,0.0554126628159044,0.07628742932575253,0.04597191154403543,0.034166529866490214,0.07819748465187118,0.06728450854262932,0.06728475098708084,0.0291094475202422,0.022610184216116262
825,0.03059331737252064,0.026118283059350732,0.012473682818796,0.038695079011487825,0.10755598933584172,0.01628031728189414,0.13564745322262864,0.006112807784390764,0.09053762487289967,0.022841297050597804,0.11733494810335737,0.040501256966755446,0.0056357726783325506,0.03588798431750504,0.053630103479061324,0.027336210859751617,0.02537121935864663,0.0024766802447191275,0.13141307272401995,0.07355689945744301
826,0.00514376545555045,0.14917285222351115,0.009207498189664893,0.03618601788156567,0.009626181496971881,0.007237606614509355,0.01164823545276157,0.046514145088590135,0.013489267961513667,0.1382974264140371,0.46310311993912284,0.010652372184432726,0.004959099031010027,0.030674845045487377,0.004473452519827018,0.0034847607142856453,0.010368362989480743,0.029287213817893717,0.00901760817961267,0.00745616880017124
827,0.04055219718110291,0.051519518794020704,0.04279480248971239,0.04603493092132972,0.0688322059452551,0.012451960248395934,0.0972045639574865,0.07167609965777845,0.040922937142324395,0.049639628189819325,0.03760818983732643,0.07698589419573316,0.05390583027041597,0.04832199593233126,0.04405918228340459,0.04261511588630217,0.05105080357742495,0.06000879567370215,0.032690966388846894,0.031124381427286994
828,0.005879943868049675,0.1570202268799752,0.29420325073507886,0.0325037169020466,0.017156516468174062,0.004571626467130727,0.014215930446932283,0.09993091572316525,0.020965652241059327,0.01869546009847052,0.026052432506443814,0.12354286172112906,0.005472740977576447,0.021027085390623135,0.009602848857606835,0.024709728682105837,0.05257315442791458,0.04163979057212787,0.006901615637180433,0.0233345013972095
829,0.014795698223785868,0.013519144112888449,0.017394577013444133,0.01264990184419437,0.012914052992419175,0.006386982929439908,0.014353479174924882,0.014538863403850974,0.6630601911428127,0.00467602308313337,0.024974657274361413,0.03253295600813033,0.006069626724671309,0.08193755490804176,0.008450519591463245,0.006844445676139543,0.019520342436032467,0.007202865062344219,0.02063505108995207,0.017543067307969812
830,0.021719234676388022,0.02141350233144555,0.011295281315195388,0.017352406815284188,0.012469610720595253,0.017589158046389684,0.03627970405497459,0.022823907995805935,0.047835668626865877,0.016029412211190718,0.01828828969702533,0.03856720187631538,0.015473632162268627,0.03990603012170238,0.048930381133441656,0.2516012436182823,0.30645900058711467,0.029304360058652633,0.013784861673518238,0.01287711227754354
831,0.04326224895268973,0.05131552784002929,0.0031617856966235243,0.014152377300411228,0.03743920059069899,0.0026275851308552207,0.08844117507843705,0.05054084938111538,0.023122224064309835,0.07022315660036657,0.08907562592248815,0.015533384009635389,0.12462347993190871,0.008549323126476962,0.06138046376838351,0.02156172344344153,0.0153523662613892,0.02807405845694604,0.10235381964953741,0.14920962479425628
832,0.006328830633305843,0.04572433602649196,0.0191517314151438,0.013794835275526253,0.005420051713190793,0.0046140517233133164,0.006990289144474856,0.22398806987230085,0.006258078894141254,0.2840184164409884,0.025556855168627234,0.007744090587840423,0.0026953413223445508,0.00603599411755018,0.0052163590888242364,0.004908802054082504,0.010094599186430398,0.30990815826530477,0.0052835387791847835,0.006267570290933536
833,0.0147296930770097,0.04071616737024389,0.08463153147419007,0.07675295682146237,0.011368913944576021,0.06254429097380772,0.05355743580760911,0.014427480402116112,0.05950990016208987,0.06833835449669029,0.04309934329029154,0.07278897700291045,0.029766364969917254,0.0690114031137027,0.03527614429564064,0.07325082214767653,0.06494714016370726,0.06992329781364583,0.0250261256706003,0.030333657002112397
834,0.12867316834506,0.07106169517777891,0.026644264697866897,0.006705592568381991,0.021957268825357368,0.0281703767373684,0.10118346048859807,0.00680553957604555,0.12870816323560946,0.045427145702285544,0.047881348020958114,0.06501323199633158,0.0014821685095847252,0.11496959379723433,0.017945540471779813,0.07399062617441549,0.045671185854311014,0.04833905455402218,0.00436640470646985,0.015004170560540734
835,0.005681546604719062,0.03638090837176731,0.011423481022128654,0.015674413435484397,0.027363084808918484,0.01672802584198209,0.014808445112183322,0.04239236744009239,0.011745985036207588,0.02047534021940321,0.012862590031855938,0.009959833676016707,0.005811148886601959,0.014206577423592588,0.02574116583655886,0.004979427725974103,0.006892232252687152,0.007546736458296672,0.6991177421548658,0.01020894766066372
836,0.013543647287359564,0.007613624007891742,0.004237783890234568,0.005877152814602851,0.006362645344116855,0.009927498194340363,0.07141225520210168,0.03968945908534936,0.1041618756722321,0.031088486814211985,0.08214573991414088,0.034458222224338156,0.037871355918063385,0.10582128421185064,0.06728902533786522,0.08251445956216248,0.18111786553198742,0.059930593917625535,0.03733331603669803,0.017603709032827156
837,0.020086342521886996,0.016104170120399323,0.4682050590929992,0.08666992677625866,0.012266970919851355,0.009317299467302627,0.01279841533006786,0.023217239689601474,0.0132252530782854,0.005508159339679267,0.028127211253397264,0.025522328784153846,0.00804894827662325,0.10082367115126477,0.004948646336078399,0.025768265296154322,0.006123829963446262,0.08917099448839642,0.01504840890979583,0.029018859204357504
838,0.0060993765391463535,0.012029111977568528,0.015380063987217455,0.013575542508335951,0.04657807495245209,0.006433937590896712,0.014119197634671291,0.3983818572493575,0.012551476482814978,0.09457038635091239,0.022015570472558012,0.06105572255767495,0.004499592405670101,0.011115786759538806,0.006597794990243199,0.01113091170543285,0.012965756928949707,0.22698188434098437,0.011662181847340544,0.012255772718234241
839,0.00996245328478184,0.010927710827676816,0.01234260227116718,0.010181892686989432,0.015284245362501139,0.0805843304883048,0.05458072216738058,0.015108867281940969,0.010004324929269665,0.014704069094270347,0.012232492166204343,0.011273262911802376,0.6495540859941339,0.020603392141193673,0.016025249825071673,0.013656893593143007,0.013157499294445119,0.006343848349874384,0.010034142454178933,0.013437914875669872
840,0.005006479274162803,0.010119457783485851,0.02523557981634419,0.007096188495465249,0.4168864376130543,0.008145354135953747,0.009286418765955002,0.009796630097395294,0.010007130309163201,0.0028104003071465398,0.00914135801468793,0.00959124042379534,0.00619656740846307,0.01347406326177286,0.0024745884489154727,0.011509747647746907,0.0052091184717061095,0.004360663637330231,0.007921177123244564,0.42573139896421136
841,0.04192091196190719,0.014542637318425256,0.011042400067723526,0.012448418237667399,0.007023907079912532,0.0067462870673461635,0.014601652023211705,0.2095015399808658,0.008704117739794213,0.30032444994029,0.14746982332960104,0.021936196885023334,0.005673035166555761,0.039918858734497076,0.008028931595649522,0.01850440377955072,0.02791083653477401,0.08679980212637686,0.006301370804300354,0.010600419626527479
842,0.03838703862581488,0.08766828192683185,0.009892862241509657,0.03276043832646992,0.0142739678247534,0.4523356923524323,0.023143445834779952,0.011137293899891846,0.024087918050008112,0.0037948453103619534,0.024826491036418416,0.15235232350269476,0.0049441002225478455,0.04580847103033069,0.022688641649027192,0.00905153022110287,0.006863710483542903,0.011096602498041347,0.013542154165530817,0.011344190797909312
843,0.008557327305810606,0.01418044060719672,0.020499497070452694,0.018261764701854578,0.0118521119687648,0.009680875980301469,0.01343943575419909,0.047684321325787635,0.6705041578596267,0.0055450025107503685,0.0342439361237484,0.022930099640769183,0.010039711507871179,0.018830324997069697,0.007279947763825079,0.01552563737114515,0.015736029965762857,0.01944965814536618,0.011857445441194304,0.023902273958503303
844,0.009766265950143828,0.010173453932592051,0.014293906186140492,0.01639357837351101,0.010920555139520833,0.008965913187658778,0.011668319497259319,0.010997883021292827,0.032707981966646454,0.004587260377593693,0.02424603921066739,0.010181191216412186,0.0061158101821661235,0.02870450238211282,0.7331558677089807,0.014721839840963894,0.006586550861440343,0.009554294311852455,0.025847725989634,0.010411060663410838
845,0.0207512647772781,0.012037781087436394,0.04823966809480128,0.6437616256821252,0.031400465550262865,0.010128045269963883,0.013182654617311433,0.02213186372487168,0.03519090890341044,0.00730326702734998,0.014829120894177606,0.015148072111658882,0.007728292190578327,0.02427654252761134,0.01354270179589864,0.0069251691324268,0.016266858382700686,0.020013372317502658,0.022433866443880037,0.014708459468753713
846,0.030386860140475903,0.013507571255291385,0.6875913169047034,0.022910954620002057,0.011475072190016469,0.011420803880633636,0.015870407255125257,0.012493309943813187,0.029158489910843178,0.007198197093004532,0.01166802450092838,0.03541517590318291,0.008141654889198099,0.014414797788178765,0.011850565476899434,0.00498610966017538,0.012864889755489767,0.015102816801938746,0.015915597870062994,0.027627384160036506
847,0.04716028613925017,0.052978124477848054,0.04406263527450512,0.05109957877322097,0.051293766480990044,0.053008258261922424,0.05451877795864639,0.0549441494507462,0.052478002671478646,0.058443613573656725,0.048483193290303477,0.04568112867186705,0.04870562220068364,0.04396731930385316,0.04405027608052355,0.050148993339694116,0.04835282608843575,0.05317766796470182,0.048888610067009834,0.048557169930662857
848,0.012429935716072095,0.026353391317193928,0.016367997800978418,0.0395227168584624,0.0129882364490236,0.02215489583785171,0.020670435875369656,0.021402816828014256,0.019190989720883248,0.03126863599729097,0.016132709779816026,0.0250117624228139,0.019344082153676556,0.019336076585394806,0.012027369449814872,0.01601080368179977,0.010954640590577878,0.01190170541826099,0.5913710549549425,0.05555974256176246
849,0.008961163763924244,0.6173807137083257,0.057605085330361225,0.01827385511473711,0.012965420785800407,0.021129956479399685,0.009795026548581201,0.013888618145414349,0.017097859284687884,0.025105494323106117,0.01413093087073962,0.010842142155535856,0.019564514626862876,0.009130399314727481,0.020882740183182813,0.02566804826818707,0.015900267703555914,0.010895578969986962,0.029831265005507788,0.04095091941737571
850,0.0168938217454252,0.034519642202674526,0.024818873443371445,0.014948772830023892,0.015258759196587974,0.6677462469047679,0.01100250535264557,0.015547341659612753,0.027683803712607567,0.005567503582147579,0.01594893195394956,0.015470569918557584,0.013366074987508273,0.01279800811120918,0.019524681133335685,0.006484042739106178,0.014146180774146021,0.04003043651529867,0.012108333886045423,0.016135469350979034
851,0.10559779820979856,0.033142667419279105,0.013962631038292444,0.015942094197367765,0.03192946099506727,0.007715545238820195,0.014086937496251332,0.022509392337588,0.020638940522899527,0.02246675045088545,0.01604339326825461,0.011118365788497269,0.012481382337639435,0.021128310094636293,0.006431371932726226,0.5755202305128746,0.024135573111985924,0.011006980041718217,0.012020541979347066,0.022121633026070675
852,0.009794831350574655,0.02821355212871464,0.03141921054809318,0.01447988451208261,0.0919576078482761,0.005860448056971593,0.026672367225628796,0.06589063036808301,0.0140495118874035,0.39998740443959546,0.1701633311506183,0.01257643691875655,0.006329299394838817,0.025618560705123094,0.019989131286054226,0.010720184608540231,0.014463969047882757,0.014249463425646917,0.01604941392012457,0.02151476117699101
853,0.010618517692355774,0.057650212419583874,0.013627322684501942,0.02031072089964323,0.025865575921787093,0.009447971025745273,0.012484188034197617,0.559028255042623,0.04344924832066237,0.09712179116635561,0.013198633606556874,0.02069203049763361,0.008099169242676738,0.01893150962000864,0.01273285822106705,0.007279694314653197,0.0155088470099197,0.020655296100898987,0.017472278394049964,0.01582587978507944
854,0.008427427369784125,0.009469917366665866,0.01646649531832782,0.018901478005575366,0.008510935649618972,0.42029628031981137,0.007334493659833765,0.01280319220960648,0.015775636147581658,0.00954424463614567,0.01327903390959377,0.008138472595779224,0.003673003938614598,0.007653663024889549,0.010740351239237752,0.1323872274152422,0.24607685536309554,0.015292952838347815,0.026693399488496573,0.008534939503751851
855,0.008096679382287097,0.03153241962684227,0.013334712392331846,0.007160718752955969,0.39367898644723526,0.007283657395941619,0.10668191583406825,0.002858457817555047,0.005510240132952851,0.0025170057910349824,0.005743327576121758,0.020430566545610047,0.0020818459144348834,0.0027318220493096545,0.001694281986653467,0.0061017227856515685,0.002139092226259269,0.008505394561166777,0.2012307601910552,0.17068639259053217
856,0.012525110680126749,0.02820741724125907,0.021226961707376386,0.011371849083879264,0.025142358434072427,0.00984525257088491,0.01934032141024813,0.02475589624923904,0.03406450012666854,0.006855090957837631,0.01905810196246772,0.015411288776602939,0.008703349695111958,0.02408807025222655,0.663372380941453,0.01581524265432297,0.008890924732305157,0.015651316660749596,0.014851980693501353,0.020822585169666633
857,0.013491164563669692,0.01161645121306363,0.011836466047277163,0.01404434990498299,0.01505615192869326,0.009053084501482877,0.022866238036202385,0.019853507357386245,0.016116856493461916,0.017137760131923977,0.022925573320760378,0.018930425966864596,0.6875497098558124,0.011920617626130465,0.009357224462793058,0.027170259726300112,0.015965504079548252,0.008633413230444371,0.013587129273663467,0.03288811227953867
858,0.0035887681216173746,0.014194446352589964,0.00929092956735225,0.012837158524551875,0.009018035890526445,0.004337059590369872,0.013004895397497395,0.03329583959671631,0.016962509068852744,0.007152623859015438,0.017458656786702588,0.011589818589222974,0.006737842327646635,0.008732637229120262,0.7763323483230643,0.02592784148977529,0.0050015314027548755,0.004627629701307844,0.008228305531311162,0.01168112265000432
859,0.1024307000040993,0.06996767042971946,0.0021659540096239755,0.0035913753507669298,0.003591356212359907,0.024403806490025805,0.054771291210509186,0.008712555761126615,0.016366324443622102,0.023038553309113776,0.045444370919729866,0.014733161493525312,0.003127371660020423,0.2344742521067833,0.0023702267347013193,0.22039138010082707,0.14861644359676196,0.0160594936486052,0.0030697106523821433,0.002674001865696384
860,0.01328807342841992,0.03272123212900595,0.016028649849679277,0.03327713023880283,0.017375075621045313,0.02313841328635966,0.011144799092062134,0.021680003767901444,0.021436338935306276,0.006463938775427305,0.020788806586518386,0.026511368902936136,0.009491654104253993,0.020027769699761503,0.011043544533391935,0.05678141332929847,0.606854719689738,0.009393077701076889,0.030397504689702044,0.012156485639312539
861,0.008072785496265772,0.1461309311815081,0.014014946484691693,0.008896966887720244,0.016989471470829486,0.006655406202748373,0.011924608754100613,0.01761915243057493,0.011412397995290714,0.009236395526496457,0.01048370813964926,0.013735292982770448,0.005918105993261115,0.0101690119550231,0.015402683134037158,0.007408437183485907,0.012854926169257042,0.012515955328496278,0.6515958134587329,0.008963003225060506
862,0.467129989947361,0.048101147532779734,0.03525208932342125,0.011423044338259669,0.01929817845249937,0.03883249316264996,0.013742947333215814,0.013769144576757184,0.020642808037903426,0.007520953398743843,0.010097036224801176,0.02357421430655552,0.017945022395774668,0.010443182575794109,0.010823808735124035,0.15944167210503657,0.019239137982164443,0.03477827209392292,0.016708908098061966,0.0212359493791734
863,0.09561477417511702,0.07462614446643268,0.04218689877081559,0.09489013424004147,0.09162503943139605,0.020637199622860192,0.07636421335035183,0.007017936359304356,0.04898589697646832,0.006976620010355056,0.029223798405136853,0.0076953218668442975,0.004541874530529665,0.14744829208791707,0.035079233013426754,0.07638662923288994,0.05680404947823722,0.046992293914739504,0.026728300304607707,0.010175349762528388
864,0.01025380886767344,0.06309832779696782,0.008518537222221562,0.016602665896730137,0.012878550421983628,0.006890804428626443,0.16030595495788683,0.022845276676081556,0.03785909436485098,0.003640575893247476,0.01542042376049193,0.3587804151883788,0.00663979609776561,0.01840813592622176,0.11841952970090329,0.006123044069217253,0.013223665275489592,0.0064386041721202405,0.012920695415500387,0.10073209386764131
865,0.007296822419499404,0.011333003329883531,0.016607164438475396,0.02255519478367988,0.009364377880507707,0.013393861222866241,0.008767712999240621,0.432065306737442,0.03176585220372664,0.2489257317000234,0.05629662696379454,0.01110784891484045,0.006174821420279176,0.013497264305034895,0.00559190422853853,0.011791821251320807,0.007849254174621897,0.054460391771931814,0.016683473732959607,0.014471565521333371
866,0.023907369158082833,0.033225228072044054,0.011757686666693254,0.005998197480035941,0.06370674029082085,0.026403401977178283,0.06820612423505093,0.06375662096041713,0.12214677770268272,0.04646514590241888,0.03940624319335824,0.01287154771564212,0.07263026369595788,0.04110656822630116,0.07823597735654864,0.030548424070043847,0.041336704244600495,0.05989017530267262,0.06062060201482309,0.09778020173462701
867,0.04645674674256494,0.06768229233842502,0.050723526899177356,0.02582313412781479,0.048772781639983234,0.03198680338993001,0.06330794386222774,0.04136452940738689,0.018852928212618438,0.04461698676917268,0.07822395846986371,0.0800267975579041,0.027436526834463206,0.06607242773339567,0.04636138253870383,0.06959350402501195,0.07488056627249413,0.05107404511256629,0.02594693128601969,0.04079618678027631
868,0.011640015813313007,0.021885561898646988,0.014019050845320647,0.016373016682598406,0.018129174377753306,0.010365515902125016,0.01617149350092904,0.031295804192919406,0.02770162530642631,0.0054939042580431805,0.018473775656073527,0.011140993111279857,0.011027904343276424,0.015487643553528472,0.012953657012583221,0.03876212452075846,0.5880602458758519,0.09769623488309834,0.014879085733608004,0.018443172531866493
869,0.00735928734669263,0.1317117726305889,0.017286258214157472,0.010537779104951666,0.00892951567341641,0.009411244809504919,0.006655989174385144,0.03661816366577341,0.014794585195765922,0.008135804550224734,0.035775494963685754,0.011366627060937889,0.003582673812916417,0.012332191041099286,0.0049802240030929,0.003780801013327293,0.16675303672797778,0.4878683800694689,0.012219264995221978,0.009900905946810557
870,0.08571625425838883,0.05810067919149943,0.005047597503240637,0.05554334545518082,0.03334699537237041,0.07379652250016645,0.08558718692853357,0.03529599579296205,0.052335826335937426,0.04987989179969976,0.06182086460048388,0.06217213573455431,0.0013965698950834252,0.040390063913951745,0.09332616529351469,0.02346555072778663,0.03590631749777066,0.025193310053286292,0.07084914902354093,0.050829578122048046
871,0.051986652853746464,0.038474228615131265,0.004181787894511579,0.004081915168419583,0.0808714373515257,0.013095375687529874,0.054055709472541014,0.04720184121577811,0.157594687338422,0.12997601616893953,0.12197462639635163,0.0067317837575583414,0.0022765337508718225,0.03499855877010697,0.18381810061322806,0.038778490758675295,0.007563858622332894,0.0039530668170401975,0.013588292118920674,0.0047970366283690575
872,0.010228803786844001,0.18400604379876048,0.014718052477301763,0.019697134488343856,0.013126936511331587,0.016075533989025878,0.010906617792594466,0.024103726267953436,0.011827870332039523,0.09195808047235117,0.1635201245675596,0.009387908646537104,0.003331045719414902,0.01316464141126126,0.003427709926182407,0.01287528123555289,0.019502493649719916,0.3539609019523364,0.010753429657589348,0.013427663317300045
873,0.005568920145273589,0.01015690943174264,0.01330050632269709,0.015460310657605364,0.010472526325633294,0.015187545911589606,0.06970936935317458,0.010062774305433467,0.13967169472814558,0.010011768969827053,0.014279895684996543,0.007411392393869335,0.004701535042096545,0.11002176774608916,0.5134161238693424,0.01161130165156153,0.005739728194008819,0.00918647936241094,0.012804889693203895,0.011224560211298558
874,0.01353967096064867,0.040458566194222556,0.015007725351546717,0.03428890411056072,0.04486047719018143,0.008927170133117265,0.0739874343684811,0.02670838374045127,0.03928178624407237,0.00642377890358555,0.02360902691873363,0.011835385455258234,0.014640857798386295,0.02611248498600895,0.4550115807238441,0.02726046550469739,0.013779048025348435,0.0398635397356917,0.06966668042937807,0.01473703322578553
875,0.013360547720346543,0.08955397439087043,0.010467275753108515,0.012694598855823826,0.029220882383135187,0.005991975510765419,0.012723063786359557,0.4657761774595474,0.01176185633253863,0.11455904298733105,0.01312739265298473,0.0222269183706463,0.00427711669321992,0.026669955384366638,0.006233989212093339,0.005475397110289837,0.007907219397524912,0.12658898132897892,0.011751073634689637,0.009632561035379218
876,0.01969862065056674,0.049956741783621944,0.008331609841616574,0.011855952615231787,0.016320966733743565,0.013003226201251942,0.00898621586638353,0.5959953064368286,0.029672193998029183,0.032245619042653745,0.031001260959294622,0.035806865401029196,0.006884373707370255,0.0121201371009934,0.015601466501338089,0.003473853089218149,0.016302720355245853,0.06385798895020939,0.019669597361413646,0.00921528340395978
877,0.06163304752226263,0.14510812949501598,0.04901015671800243,0.005819938169280059,0.006514451793062641,0.3129786367747846,0.007755979102724455,0.006637133608417989,0.004840699033927897,0.0016391802238160768,0.005218393640162964,0.19352752445501184,0.002043164216893688,0.006133345607580474,0.0018396138112605595,0.16728771392442185,0.002304409342251238,0.010528485787129973,0.00536850636109218,0.0038114904129003973
878,0.05690152908010607,0.0506123874099999,0.05366046796996685,0.04523442376678055,0.0401579588601254,0.027951943652560932,0.06275694658300854,0.05714093071814873,0.03547832590992771,0.04804528048792725,0.04467508048038305,0.034389016456953504,0.05565562089346432,0.0661813670355966,0.028338463172436847,0.06845735016843563,0.08693902703871761,0.05089832612206256,0.04008097303403818,0.04644458115935976
879,0.08148097754693386,0.04710981405938003,0.06100632096861659,0.11478030998237596,0.003786653569432211,0.029601203857776887,0.09863739633423345,0.002323106410561493,0.024789107675867283,0.0009949117161471995,0.003596933065425852,0.09644210916959071,0.013819025148086627,0.12697713172763314,0.05695592676350975,0.09430040630047501,0.08636952584221746,0.00598763707236666,0.0020726577301307925,0.048968845059239
880,0.0410537434634271,0.07333447216394108,0.035729396312122734,0.07644401276974945,0.07189659957012492,0.008265867740901883,0.08009581755675081,0.0013617587363198473,0.050345084613640435,0.06915278467239971,0.06406993892209023,0.0939714324150159,0.012541179085183917,0.09218933205929958,0.03437252334322028,0.042300453963625965,0.004737120697710676,0.0026568785731168774,0.09064714693283957,0.05483445640851901
881,0.04544710489373083,0.06573257403522219,0.0566018937173184,0.015835701840573594,0.05163031707467934,0.04147233782684602,0.05562112370229254,0.050671053305978826,0.05797625886916467,0.04418603167207084,0.017481961017723584,0.04535434277556514,0.03486394415155845,0.06828571385985004,0.04770632725915165,0.07126245487231918,0.05884697796310877,0.04891437539937049,0.031106519259261195,0.09100298650421429
882,0.0042132660618740434,0.009073270135544901,0.01915850398779772,0.008833259121064807,0.3293068873287973,0.004494855501449077,0.013878226728393447,0.0061434833985132475,0.006280812142875273,0.0027095439378127593,0.006676366364522008,0.014904898769517396,0.0025136850855917866,0.006529856474060804,0.0058997269271479314,0.003048067637762862,0.006881742753847032,0.003896539085854197,0.1073666607125953,0.4381903478449782
883,0.06616831948940041,0.048506845158853285,0.06003193076195099,0.04676483885149863,0.047001739011273344,0.049906389812038834,0.0666002659505901,0.025555908828188784,0.05956209437506783,0.0474772778449255,0.042202505073165836,0.06441516533888214,0.01220497657064816,0.08628753029659152,0.04010699092686796,0.06027911337022218,0.0398561136023276,0.029521434956821992,0.03709680875724997,0.07045375102343492
884,0.004726459755505718,0.03804346099255628,0.1736163760944007,0.0668417883215448,0.045353275085990866,0.006112085656431539,0.01709021552576831,0.006479485080597507,0.0055664983699136574,0.04767609580316014,0.16334523602846626,0.09921257992043558,0.0011022367751525816,0.07925385154363702,0.0031388714024979747,0.09648525024922455,0.05510761431454786,0.007994776433481173,0.021898402002469102,0.060955440644218366
885,0.08323973434342757,0.028982413807539104,0.015744289316400165,0.007646343804654995,0.1969464615405165,0.021818768173203953,0.056870721059234776,0.03465955728810246,0.010546018313155017,0.04067470796500035,0.06940890164549893,0.028057133206185518,0.0028515579352686687,0.05443092195631575,0.014341747866438976,0.049883141988514845,0.03569652646102711,0.04190605974628025,0.04957139356831218,0.15672360001492283
