site,A,C,D,E,F,G,H,I,K,L,M,N,P,Q,R,S,T,V,W,Y
790,0.05348593549249459,0.030768980802543307,0.0205126538683622,0.013572011449471266,0.05295036876177043,0.011008739222865072,0.05295036876177043,0.021525598904663816,0.10515690855909343,0.004044164827666292,0.05295036876177043,0.05295036876177043,0.02461518464203464,0.05295036876177043,0.01538449040127165,0.01538449040127165,0.21998062553558903,0.05298172881090345,0.02461518464203464,0.12221145863088277
791,0.03285845103566538,0.14608148147034059,0.019933775531241097,0.013781375675919767,0.019246403961198304,0.08428058258652238,0.016178136663036254,0.018604857162491693,0.016178136663036254,0.011786462735155911,0.012003133653220442,0.021467142879798104,0.4860620250183976,0.014479128763896334,0.0038229158553065123,0.004517113548296483,0.03984144449204176,0.005666453958119296,0.009460096862283909,0.023750881484031948
792,0.12846753106690875,0.06713181649841769,0.015323566809421433,0.020512499485627635,0.009744941104609021,0.0427965330177413,0.06545352108595726,0.008135456953086349,0.1812559045457278,0.014989355973883347,0.010166597210096912,0.08391477062302213,0.001513198374046521,0.026747833136088306,0.09479475467621398,0.13024011461883456,0.06569760530233479,0.004658010374042678,0.011248150104788072,0.017207839039151372
793,0.014932920548078427,0.013222183642087333,0.017343383738322345,0.06234920876295738,0.020545239197704932,0.5644294133228387,0.1476699920865534,0.024280737233651286,0.014838228309453564,0.004873870612594236,0.01648692034383729,0.01963883158604148,0.007460561719836987,0.014838228309453564,0.003266546969260952,0.015453836381150934,0.009337256914672193,0.00492616771599971,0.005297450804789645,0.018809021800715784
794,0.006993332128322457,0.01788991939803419,0.03077066136461881,0.015083657531675886,0.024039579191108447,0.022642410239479292,0.3318296370340225,0.027285686279041026,0.035002723736443996,0.009615831676443379,0.023311107094408194,0.020790987408526224,0.01068425741827042,0.02652643221087828,0.33377974386529685,0.006562745969033124,0.012402697611954748,0.00827168316253194,0.00999047446903208,0.02652643221087828
795,0.0034394902035314984,0.020196027093680593,0.020196027093680593,0.02621940359530463,0.021049380351160062,0.004900019688302833,0.024898568170393237,0.012117967534123756,0.02533061025309092,0.010306937965050786,0.026687607230935072,0.02196267302694679,0.013220154321791624,0.023351656327068187,0.00633265256327273,0.007585409526256477,0.6533581516587668,0.03227932266324373,0.021659507317860347,0.0249084334155394
796,0.0026187520472430816,0.015575202827672018,0.018562228027499524,0.03226292014303488,0.02883069459590351,0.0059431695000327425,0.020530949181931296,0.08056799805892097,0.019927097735403902,0.007020946352370287,0.020224517104589036,0.013687299454620862,0.012157859771706471,0.06775213230037326,0.0067081319109280465,0.005787287022206478,0.5926336380384092,0.008686170807740163,0.016325815012138135,0.02419719010727616
797,0.008251176226552004,0.014793212501493206,0.029037793258827233,0.014244955183575625,0.02039836693117732,0.003428582469331104,0.03212692020125567,0.03511547091765154,0.019609938304662542,0.006312810739053559,0.016236185478053937,0.034317392033159456,0.015407808667949144,0.029037793258827233,0.002331543324400895,0.007473312222066528,0.013481832584455502,0.006925689032623546,0.6593422964636283,0.03212692020125567
798,0.008557169614443121,0.01790801778762504,0.021265771122804734,0.015643785653557507,0.03319535004535373,0.006574924405118373,0.041242707632106156,0.026686457879598103,0.02231162871900825,0.005516517054125518,0.02430373842606256,0.05444037407438014,0.030940518915346223,0.025203876886287096,0.007088590374268246,0.5941087939580799,0.01321054010141354,0.011632558562901737,0.018902907664715318,0.021265771122804734
799,0.007863268703583693,0.0519849430959144,0.007768349628757306,0.006515390011215805,0.037527640751213946,0.0019931949705364145,0.008534243254127744,0.2657168689792862,0.0072134675124174985,0.40722449852642395,0.05840194716739344,0.006511978748755375,0.005315186588097104,0.009322019554508768,0.0017980156410773592,0.002554833936706582,0.050774683714327674,0.019967514052513947,0.006182972153500713,0.03682898300964199
800,0.01096915090828449,0.018332005627543942,0.02389707876447692,0.02347783176860891,0.02193830181656898,0.007870891786073716,0.5628912169734965,0.019117663011581538,0.02230394018017846,0.0068627508246702955,0.03186277168596923,0.02670203230606612,0.04082339645325144,0.018556359863967233,0.06995258306820099,0.008981452421548375,0.013249865453571364,0.008921576072071386,0.018084275821766325,0.04520485519210383
801,0.04954559080128265,0.013284594837159344,0.029226108641750553,0.007668269079293413,0.024355090534792123,0.37925454275527903,0.024355090534792123,0.02248162203211581,0.019060505635924273,0.007186748026659972,0.018654962962819502,0.17389633881599278,0.010824484682129836,0.01789353590311258,0.003209115325988039,0.07245680783999699,0.020220504513487537,0.06469683035364056,0.01594151380459121,0.02578774291919166
802,0.05879564029218309,0.010109942242934843,0.008585260282218158,0.016523621395395264,0.0101183424754714,0.13585048485001577,0.035114062952276016,0.009139148042361264,0.12188117430727029,0.0023414346224231333,0.004094948430556135,0.0042820642058666305,0.0034134167387132428,0.027263850593342662,0.08742309784307219,0.19423370509797186,0.191593150472006,0.01478486861148464,0.010944642998112005,0.053507143546325374
803,0.2647187456146126,0.10112324560968487,0.008116287861220654,0.02144288934066258,0.016121097126181635,0.16225758710125007,0.016970420073461365,0.01009052004367973,0.01009052004367973,0.022569535976654304,0.055617785085326665,0.00794360088545,0.004291370593289081,0.05296931912888253,0.03550833244211578,0.1525215855767824,0.03224219425236327,0.0032709192779213155,0.012043523923101616,0.01009052004367973
804,0.0037279478102038273,0.009401412422729129,0.44680088808285034,0.23684816379789717,0.015568619488603802,0.009685326081811989,0.010486190779197874,0.022720080021595396,0.004853711677648547,0.0035407916916772053,0.010288338122986594,0.009242066449462533,0.004069268063569325,0.1697365140765866,0.004868588576056156,0.0044331863456771505,0.005293999228332908,0.004188181568367068,0.012392770920870216,0.011853954793875857
805,0.009263855109157056,0.012370923888522218,0.028441660422850613,0.019072642871793943,0.021907765460844393,0.005628156695701682,0.0197704224890547,0.0257329308587696,0.021615661921366467,0.005935291679059997,0.01842243913752824,0.0257329308587696,0.00862002474728587,0.017621463522853098,0.0034186995544580735,0.007505438167141134,0.012665426907050662,0.009006525800569362,0.7079734598178913,0.019294280089332014
806,0.07640414183796358,0.01706428788087653,0.01468167711705443,0.009405449403112996,0.030892245301586813,0.09556001213290855,0.013085842647809385,0.061606457980004595,0.008346533123939424,0.07015020506377236,0.2619841720152758,0.011147199292578363,0.0037621797612451976,0.16395100120842157,0.014908701844809904,0.09685136364821813,0.03251614069448507,0.0012154003995529868,0.005522465704580106,0.01094452294180421
807,0.07149166119266574,0.08194276770142492,0.06104975792492125,0.005687235259535539,0.0052243207616663664,0.14372832652233047,0.01858886859893435,0.00547839418689118,0.005911731388201416,0.002257746660820641,0.005990554473377435,0.07507376165368637,0.0013900625912093504,0.005479165676869605,0.0017083330247274055,0.23998675471689557,0.19614266160913466,0.06344321241071517,0.004011532013422389,0.005413151632569972
808,0.027192397624949505,0.061987935739632356,0.06264130001620292,0.05858356398276469,0.0034066130796455768,0.026293410606437688,0.08231151209134459,0.05524819326995305,0.027002127873457578,0.02162570419020913,0.06890543001782322,0.13476722029865496,0.010469453611114678,0.09843632859689032,0.10476119676917918,0.03900951622797823,0.06932294274405536,0.031234604266320957,0.003267567647823308,0.013532981345562663
809,0.06468629212913032,0.05494323513792047,0.08483217511862753,0.09868339002701546,0.003684069925895451,0.07869365716492012,0.03369485008458202,0.01809894804543262,0.057753052670867,0.016453589132211472,0.012340191849158601,0.10234524192357733,0.00147362797035818,0.11688903946008565,0.025406277336503014,0.11374338895955582,0.06996351557488036,0.023030029633382593,0.002718441440631699,0.020566986415264336
810,0.0693471704101366,0.104567962388635,0.265149726719279,0.14257551120539816,0.007428376658198106,0.014994438973457744,0.03742270229814185,0.005913853261866454,0.008827925883655722,0.004259628573232479,0.009229195242003708,0.09756098359906994,0.03418081095028021,0.018458390484007412,0.004952251105465404,0.11668544173848429,0.04125002412408816,0.003363565467997396,0.009824627193100722,0.00400741372350161
811,0.024666084732448645,0.018769290020111094,0.015805717911672502,0.007902858955836251,0.015400443093424487,0.003753858004022219,0.015805717911672502,0.2706423636271282,0.005004051266619544,0.14078285189406498,0.2541163446646445,0.015015432016088875,0.003355403802477961,0.0067485087712758985,0.0048594054535580486,0.056966909977321865,0.052621055920638815,0.0658646230569559,0.006903646903948908,0.015015432016088875
812,0.0068498168751989046,0.011086817004187916,0.010145483484964413,0.017345504022681094,0.005994127693575892,0.00554267525288388,0.024968260240668276,0.3288072318804493,0.014532719586570646,0.4722896442669205,0.013966509732548413,0.009866249994552549,0.0013780488376057601,0.013442765617577849,0.003069705927855568,0.003620946967697737,0.0050019592995638506,0.024022362339429244,0.0179236874901038,0.010145483484964413
813,0.03312645648995958,0.03685854979341465,0.01898773777236512,0.048072129757019626,0.1185450655517931,0.051170696369382755,0.06363858987769247,0.04477596668500574,0.02479652581869183,0.05112045720175843,0.04551635982060674,0.07922469898124758,0.01129000624302791,0.04025004829871148,0.032126135050243275,0.04988519499570033,0.08967648106473591,0.029246124210592188,0.03972977740413355,0.09196299861391766
814,0.03984462464073538,0.1697457513728324,0.010344730135101435,0.006125091647635799,0.010879802383468752,0.012604147029812872,0.010517142304019794,0.16676775573471253,0.011473246149839775,0.042639100983546556,0.07361737761098851,0.007987703015711235,0.003993851507855617,0.006310285382411874,0.003077481643649287,0.003647067847076077,0.12771826363485905,0.27452026127014584,0.006713069555757315,0.011473246149839775
815,0.011187228591103793,0.014861428150786516,0.023248459415887567,0.028073611370128385,0.02188090297965889,0.013674101360089683,0.020106775711037892,0.024798356710280068,0.030997945887850084,0.006022161266249255,0.024798356710280068,0.023998409719625875,0.010860594179684702,0.036269342326883294,0.002823028327948126,0.008453985242140935,0.01110374181057317,0.011271980322854579,0.6452042551696555,0.030365334747281716
816,0.014396122293013581,0.031409721366575084,0.014562226028285342,0.02159418343952037,0.03735210108457578,0.007940478461444717,0.017942770577938572,0.020924462903398357,0.017051877370738266,0.007123854330563421,0.02093213575927557,0.5991295083964648,0.013288728270474073,0.0194651794384409,0.009275353960599354,0.01953941735248885,0.07137699907451842,0.013162168953612417,0.018427036535057385,0.02510567440301473
817,0.02108199228172597,0.013247824137672047,0.012364635861827246,0.027871108440247892,0.009935868103254038,0.0023260726327006985,0.11681497362661275,0.008420909226280774,0.276694746586094,0.00913552998874792,0.03322010904999244,0.019120876720635182,0.004966830585999808,0.12580074082865988,0.23977356945052195,0.04498643403865867,0.004836242923727883,0.014552171663492264,0.006785470899783244,0.008063892953365594
818,0.038880338374693325,0.22264576717232304,0.005520469617081562,0.01327599216328293,0.006344420306198213,0.005272559504522982,0.005380710892598485,0.02429055155116823,0.006747240643099686,0.068087592053088,0.1698887365087697,0.014524886954391993,0.0027074914682501928,0.007084602675254671,0.0019145599049849844,0.0037947902853816924,0.1787919538055015,0.18444547160582553,0.005313452006441003,0.03508841250714233
819,0.010197853635044746,0.014646009496095723,0.019492099985971605,0.0162052505044841,0.02483670804664124,0.004423451792364837,0.018116187045785378,0.025664598314862615,0.017109732209908413,0.006059727718985729,0.018116187045785378,0.014391363541044457,0.007937504633462664,0.018552721673394664,0.06428942139404221,0.007331929917699749,0.010921105665898984,0.009165927969593791,0.6725438311116381,0.019998388297295545
820,0.014589887733961278,0.02452342831878598,0.02022107247338493,0.02505654632571611,0.0261954802496123,0.012393560548203666,0.012261714159392988,0.4956446337190673,0.01720300195496927,0.007291624989987909,0.011075044817339641,0.014403198234885698,0.0056224445413802,0.01746365349974153,0.008599962488388456,0.01047819209984492,0.06010342331711332,0.16729315588372237,0.02452342831878598,0.02505654632571611
821,0.05908437303716704,0.012154577169275115,0.043158301674766336,0.06526157282986739,0.18056913506779165,0.02268713609617763,0.057918401814197336,0.07648288354815974,0.029782191121162913,0.034909721641434,0.08284303912742776,0.026454079721363488,0.0014107091826494659,0.03886463564002784,0.010163149271484278,0.037144961496663784,0.07946848044811201,0.01304073384493756,0.0453205551815607,0.08328136208577394
822,0.025854083347679434,0.12018140783373522,0.088844287794712,0.11737356201435685,0.040296119097193564,0.0830712854733094,0.042738308133387116,0.0047506874571037255,0.0017579048396014435,0.04849662086446435,0.010534933097305507,0.07387621834485487,0.0025073072690269664,0.13645246678414752,0.02050693083826645,0.025306741462005622,0.07970660920324002,0.001629634517577437,0.022386732831774205,0.0537281587962581
823,0.014591314322447728,0.029182628644895455,0.003653139207700823,0.036862267761973204,0.048302281894999376,0.009931173326558978,0.053934318601445874,0.03783431094687152,0.02592873455874728,0.009338441166366547,0.02259300282185455,0.587924508025478,0.008865608702246721,0.02801532349909964,0.00833789389854156,0.0027768892933359955,0.011377381789411582,0.014591314322447728,0.02374179957550817,0.02221766764006914
824,0.07972656254302159,0.036138768559517746,0.06590325282785597,0.028560724280626986,0.04680830975328013,0.05112179024239565,0.05226783517193086,0.05486907579774951,0.07700270298396036,0.04082259239352565,0.04432350708345034,0.07627349646659592,0.047890854875779335,0.03975264541546953,0.039261872015278546,0.07156594392658369,0.045153725679432405,0.04701516995552374,0.036138768559517746,0.01940240146850432
825,0.05163851814113145,0.0376990450025624,0.008145997845533253,0.036858262501451605,0.08805029375346773,0.02750836947705133,0.09889141908054495,0.010367633621587775,0.0161725029343104,0.002234103998941057,0.0532741273130225,0.10412400956119315,0.002915448821295346,0.0374718676853058,0.049142612162596015,0.05498650997665536,0.003678837736692437,0.01132075205401728,0.2222221699492281,0.08329751838341201
826,0.005405176572601493,0.14577801569911095,0.010585137454677925,0.010161731956490809,0.011045360822272619,0.004269635275836474,0.013732070211474065,0.19832108813132915,0.032446340121151204,0.12194886884828168,0.22166943625169427,0.014516759937844015,0.005645406642494894,0.02147303013571192,0.006151979319588792,0.0033648119061227845,0.02950358580401325,0.1254175055417844,0.010369114241317152,0.008194945126202264
827,0.02680505630375655,0.042383984954674755,0.049427608524755084,0.0401723819656015,0.008669451468001653,0.04528067190009178,0.11559268624002209,0.09667751940074573,0.054110299927443685,0.061649432661345115,0.0237113202543635,0.11025763918279029,0.05067076657096859,0.024659773064538034,0.026143542703450276,0.03263793493835917,0.04669486731280099,0.03332502581150074,0.047109472128008985,0.06402056468678144
828,0.02473852080720624,0.17139406939262522,0.17813735283867255,0.020848871719976125,0.012064433284581342,0.0008808538972566068,0.07663851864227667,0.08141218296149698,0.015192249321324654,0.012922568724047144,0.012064433284581342,0.23323463428727495,0.0034469809384518124,0.014144507988819508,0.00398243428811423,0.005192287742731212,0.02430214416761104,0.07457147430501862,0.009115349592794794,0.02571613181513886
829,0.010580586844104681,0.021642109453850488,0.03662510830651621,0.0038679859915452157,0.02026069821211535,0.008895690114399534,0.024416738871010805,0.022672686094510036,0.4137154502991868,0.005951580099808883,0.11017882263412317,0.06194506367945214,0.008069939118384927,0.035533441987579774,0.10628764836866357,0.009817039339890943,0.04141849422470441,0.010239277591069046,0.016139878236769854,0.03174176053231405
830,0.029385545606379473,0.031181337311697973,0.05693983335179628,0.027481459414593835,0.018320972943062556,0.0079912205824649,0.13228446132235502,0.04469159711306769,0.039685338396706515,0.007328389177225024,0.01293245148922063,0.01374072970729692,0.022001212106405484,0.03988853020760775,0.015407249024603699,0.26264205067801044,0.18978611367757445,0.007581092252301748,0.02314228161228955,0.017588134025340055
831,0.038264692273730846,0.07966317624542822,0.0041106160364407065,0.013227093414335252,0.004311133891876838,0.0016216191703389941,0.0962058090696405,0.025036998248563154,0.047020704027789344,0.058039716839730346,0.04868305214998392,0.18527378703936734,0.07592170737879783,0.04016351802373673,0.02901638869866592,0.012834817317071305,0.0075323533924465755,0.03678275051332119,0.028041438038390737,0.1682486282303444
832,0.053652865698716024,0.038073204915035665,0.0179273696387325,0.012616555293821552,0.008549976289241652,0.0035146623345777748,0.01263064679092517,0.17481517376044914,0.011578092891681406,0.22497371464047788,0.1380153678170043,0.013893711470017686,0.004178559840606822,0.010485819977371838,0.0038863528587462057,0.00380649629315553,0.005502459988125815,0.24210086866761818,0.009110630472142743,0.010687470361552064
833,0.042984304181908524,0.07089512684167043,0.0870076556693228,0.09301585695595124,0.01809232915619189,0.06948859625426711,0.08025240289996545,0.03468820206964672,0.004525607421231883,0.01718771269838229,0.022697649305040736,0.026281488668994536,0.03850839561813728,0.04458466827775859,0.03849850721127091,0.11407228384562115,0.07263614859217093,0.07940706668185503,0.01260980516946708,0.032566192481145395
834,0.11064583930565833,0.08400961089925126,0.004956567894819125,0.04356154184518437,0.013534881755990482,0.032565129036969565,0.11843021536491669,0.020441968774618447,0.11816476015525858,0.019841711474750442,0.07331394284494842,0.03964789587797235,0.0014198501782033952,0.10018750933714277,0.08014483311985744,0.03463903387789033,0.02502108398392548,0.07070460618800996,0.0040688243912694304,0.0047001936933629635
835,0.00930318188725799,0.03356552231599329,0.022665934052592193,0.031165659322314264,0.028991310997501643,0.011986792047043948,0.030405521290062697,0.028991310997501643,0.022261185230224474,0.009087073589085174,0.025971382768595216,0.01684630233638609,0.010654926264039064,0.028991310997501643,0.05424285622920797,0.008597423261328074,0.011436939200849271,0.013404584654758822,0.5395708732459779,0.06185990931177875
836,0.03484245061241644,0.016113405168721034,0.01021825693626212,0.011969958125335627,0.01269541013293172,0.005109128468131059,0.01132293336180397,0.20726058963955274,0.03366678328700227,0.024845067403072102,0.02774365860009718,0.01132293336180397,0.026849917574793408,0.10122686245981405,0.035318045596538096,0.04942569179247433,0.18160981690848113,0.13537568353059465,0.04498971664880624,0.018093690391367726
837,0.03476746376951465,0.02292228983118695,0.29804044558322895,0.1976237204897924,0.021489646716737767,0.0015166405182978479,0.02022554985104731,0.04584457966237391,0.02292228983118695,0.007394287042318372,0.024559596247700304,0.07895656468816187,0.011655401609078112,0.12800627349907007,0.00680860093995652,0.007238617841427458,0.009168915932474781,0.01182797254217772,0.025469210923541055,0.02356193248072707
838,0.011549583763124656,0.02458943639891056,0.03811362641831136,0.026285259598835427,0.04001898819806428,0.012491379748427766,0.030490901134649088,0.3300012692842527,0.026285259598835427,0.03445863639260479,0.03572437725482207,0.0582085500786986,0.0079403388371482,0.022419780246065505,0.006745774587311746,0.006454710429173384,0.0025227239876808244,0.2348812354853353,0.02540908427887424,0.02540908427887424
839,0.037329959070611145,0.017542002051404524,0.01900383555568823,0.016289001904875627,0.026062403047801004,0.20691463027710177,0.02220750137376861,0.022248392845683786,0.014712646881823149,0.04573469756681194,0.017211020880623304,0.018243682133460705,0.3969926469354622,0.015203068444550587,0.007416130948561264,0.06412051528639733,0.008206711522269157,0.008144500952437813,0.015203068444550587,0.021213583876117097
840,0.0075889108313026065,0.004184194849177994,0.011819106267822272,0.011636329941330665,0.48470211160327564,0.006124384179647718,0.03884082900830478,0.01551510658844089,0.015867722647269086,0.004082922786431813,0.015867722647269086,0.013657605816173538,0.009564106801093698,0.023272659882661327,0.0038999219427765246,0.006068591071179641,0.007507309639568171,0.006711715593381752,0.012248768359295436,0.30083997954359737
841,0.010862305161507792,0.03505963714978297,0.028161531900205386,0.014080765950102693,0.015840861693865532,0.030151287948813353,0.06460990274745719,0.17118984928614764,0.020550307062312045,0.32713034920189743,0.10768317124576197,0.015517578802153991,0.005236850864632956,0.025244574725753113,0.007823318321223214,0.017131413607280314,0.0313997552255508,0.03539470155642497,0.015207227226110911,0.021724610323015585
842,0.08430687476400493,0.025675079238718458,0.017480905013595546,0.02321475936985129,0.02650330760125777,0.36097306336995344,0.014414079572613873,0.020039086235097335,0.021621119358920814,0.007335736925348131,0.024897046534514872,0.25613231475921505,0.008740452506797773,0.027165548535068258,0.004499178582449735,0.007270818899460096,0.013251653800628885,0.008908935648195043,0.02650330760125777,0.02106673168305104
843,0.011992270330817711,0.026577463976406823,0.044698462142138747,0.008977501952863126,0.02048679514848026,0.01365786343232017,0.022868980630861686,0.02890074958341472,0.4267032753172395,0.0068754542651808265,0.10926290745856136,0.11229035036046196,0.006974228135652853,0.01853615210551255,0.06533389429141101,0.007449743690356459,0.011420876394019758,0.015128710263493115,0.02048679514848026,0.02137752537232723
844,0.018318227302532516,0.018318227302532516,0.02930916368405203,0.034708220152166874,0.020935116917180016,0.036834711181770036,0.02060800571534908,0.02355200653182752,0.011829468741063847,0.0074514822925556,0.024380790633552942,0.018576230503976634,0.010988730076030604,0.032168594287374175,0.5734303393788708,0.03982833649871876,0.011468803180716011,0.019114671967860014,0.025824426774203213,0.0223544468776668
845,0.01792527635234778,0.023242556257026824,0.037162064658491804,0.4248705312789783,0.028711393023386073,0.0016303490462723183,0.022702031692909918,0.04880936813975633,0.18667594373954824,0.009961095538725782,0.02711631563319796,0.025689141126187538,0.010846526253279183,0.022173780817799284,0.010275656450475014,0.010727333657089303,0.013945533754216092,0.009353501852936602,0.04437215285432393,0.02380944787305186
846,0.01118739036082178,0.03170410528679803,0.5807118792279782,0.02609677780728402,0.026109263177363087,0.019599157222233602,0.01623868807372582,0.026109263177363087,0.03170410528679803,0.007397624566919543,0.02717494738868403,0.04647842390647295,0.007276352033035612,0.034142882616551726,0.011284512051233197,0.008481353006659347,0.01331572422045517,0.014314227516240452,0.03698812283459771,0.023685200238784728
847,0.012843345367306169,0.03660353429682259,0.031829160258106594,0.018301767148411287,0.020887490341207127,0.026631553008250486,0.04306298152567363,0.06532388049834312,0.028156564843709684,0.31769733557200536,0.11493617614087054,0.019785694214498693,0.008512449836470369,0.08399182102602079,0.01002836556077331,0.06356061621052686,0.02153149076283681,0.022013826903869292,0.028156564843709684,0.026145381640587557
848,0.020347915065477496,0.025399877023439307,0.030521872598216242,0.0366262471178595,0.024747464268823984,0.012303592003209816,0.041620735361203975,0.04578280889732437,0.03815234074777031,0.010059412657125504,0.031574350963671984,0.053862128114499266,0.015260936299108125,0.03981113817158641,0.046169922575618055,0.014087018122253651,0.019482046339286966,0.019905569085793204,0.39797994309219137,0.07630468149554062
849,0.011857335700938533,0.39254689952927957,0.049782941389510574,0.1920199167881122,0.021986532270120134,0.007262570605787154,0.013658300349620081,0.020963902862207565,0.028170244471091413,0.0057785116863777256,0.024363454677700687,0.017008449491979723,0.006727222560260636,0.07467441208426587,0.0020499712832046193,0.0074394447468822,0.011410731937657282,0.009589870458243888,0.01200363008840291,0.09070565701835744
850,0.010775685965616956,0.03735571134747213,0.048660353076358444,0.008161563608206222,0.03296092177718128,0.47275939649508236,0.0180679438922556,0.03395973758861102,0.08620548772493565,0.00911114910913954,0.035020979388255116,0.031129759456226768,0.011206713404241635,0.030288414606058477,0.005571086236012787,0.011319912529537006,0.010986973925727095,0.05156818503198006,0.02287084368212579,0.0320191811549761
851,0.050534038736042,0.03725311343787802,0.03067903459589955,0.0336479734277608,0.05705467755918381,0.013038589703257306,0.027449662533173283,0.02957133482515919,0.05489932506634655,0.014288865428227186,0.038632858380021645,0.020861743525211696,0.026577137859505884,0.05794928757003249,0.011462496442424006,0.4183758839280993,0.011712879416650765,0.020059368774242012,0.02425784130838569,0.021693887482498744
852,0.018226073215653858,0.031136208410075337,0.03558423818294324,0.02989076007367232,0.09012183002544913,0.01132225760366376,0.024711746328380673,0.08293795655935099,0.03248995660181774,0.3003007852597306,0.093408625230226,0.02668817863720743,0.029836017454081078,0.024908966728060266,0.021041208923294318,0.01131712577826042,0.03248995660181774,0.01624497830090887,0.03396677281099128,0.05337635727441486
853,0.017004234816466363,0.028340391360777276,0.022978695697927525,0.04251058704116591,0.05668078272155455,0.015458395287696694,0.021800301046751753,0.3548184040738947,0.04251058704116591,0.011031295850421861,0.04807405168316684,0.03864598821924174,0.011186996589780502,0.03692682162762257,0.02327532486232176,0.012321909287294468,0.008457573760970066,0.1522325049489057,0.028340391360777276,0.027404762722096573
854,0.0064886975405191154,0.021165726887116657,0.019090655623673847,0.007644552839640373,0.020283821600153462,0.39944507893045256,0.018030063644580853,0.036060127289161706,0.017702244305588477,0.006123417841555761,0.015212866200115098,0.020715392272497152,0.007978913319282662,0.017702244305588477,0.0028800011044687332,0.1390890624010523,0.1622705728012277,0.030987720876294304,0.02900103483504525,0.022127805381985596
855,0.006043749310892287,0.12926908248297397,0.005539110180884456,0.0145487339072949,0.33240621209907584,0.007053931591415709,0.09934286990300699,0.005060429185146051,0.011084749643653255,0.0015827360921928724,0.010569005353011075,0.022655224052634405,0.004150065599079693,0.0049527604790791145,0.018817769335199554,0.0028045752110448002,0.0038796623752786396,0.008313562232739942,0.11634217423467652,0.1955835967307198
856,0.02081054076141686,0.06373228108183912,0.04433549988301853,0.01999444112371424,0.05665091651719032,0.016687555114041453,0.03921986528113177,0.02600273500044512,0.013461623151309342,0.010093807301349749,0.03921986528113177,0.0291347570659836,0.014778499961006174,0.0509858248654713,0.4317602212958022,0.009425083877073498,0.0145673785329918,0.028325458258595167,0.028325458258595167,0.04248818738789275
857,0.008366487693355908,0.02059349652141359,0.02141723638227013,0.02549670997889301,0.029746161642041847,0.006820775917920424,0.034590493748592736,0.0396615488560558,0.031495935856279605,0.1046772315601359,0.06299187171255921,0.03569539397045022,0.43779533545012933,0.021854322839051157,0.005275181374943382,0.030636969125849994,0.013815359831615524,0.014669339987856259,0.02549670997889301,0.028903437571692815
858,0.006548669713738727,0.01674184982123558,0.020852343035852268,0.031695561414495435,0.017806495176682834,0.00540761775995689,0.029747587947647664,0.0255609366245931,0.04661111972719917,0.00491727322930075,0.04170468607170453,0.0255609366245931,0.004165207603633474,0.02201080653784406,0.6230609727285404,0.015679281389340202,0.009967157677514289,0.008755679948755646,0.01722584859483448,0.025979968372537247
859,0.10575704252545555,0.026419048008945286,0.0067642973163,0.010371922551660001,0.010607648064197726,0.019180952664028767,0.0769345903557198,0.021076029380389667,0.01609436258016207,0.04461451979941986,0.027455089107335295,0.004445109664997143,0.00782043593375964,0.05045800160267028,0.006573753729925352,0.3443680741427606,0.20106912632637233,0.0040226944229504935,0.008188359909205262,0.007778941913745
860,0.03142699153958458,0.09344635890804584,0.029000594143876287,0.029000594143876287,0.029000594143876287,0.011213563068965496,0.01716361694229413,0.1719439083854867,0.040048439532019635,0.008326903269033785,0.040048439532019635,0.022132032372958223,0.004826943954185273,0.036565966529235314,0.007645611183385567,0.008001766015676023,0.3629002193223329,0.012742685305642612,0.026281788442887883,0.01828298326461766
861,0.01695843935764924,0.02198446558617715,0.03273373178336945,0.01928151324225872,0.0439859520839027,0.011078667155981076,0.028725519728262993,0.04540485376402859,0.02706827820547859,0.008175063072894928,0.025134829762230113,0.03433049918743626,0.012134055747283505,0.02307459781450634,0.0038220569676659473,0.00926020043871636,0.013665538511503752,0.013405242539856062,0.5890772234819027,0.02069927156889539
862,0.25149951757744676,0.2505864348980329,0.01794226835800568,0.01522691175406118,0.03493232696519918,0.04302351370843377,0.019794985280279537,0.019794985280279537,0.03493232696519918,0.008997720581945244,0.013496580872917862,0.015627619958115423,0.006178065749267889,0.014139275200199667,0.006672466948408831,0.17420505250190005,0.003506699838022684,0.005334488415924889,0.026993161745835725,0.03711559740052413
863,0.09401333678814064,0.034908787733663335,0.031842325298224616,0.09715865254043103,0.09263600257128225,0.05767055778325954,0.16963000813574466,0.007014214682890155,0.04887825545992246,0.023272525155775565,0.02628426370534652,0.005474509020792317,0.002992731598033133,0.1319714777765341,0.002493942998360944,0.06058745532079877,0.04533083160777153,0.029387394728509254,0.03437172946083776,0.004080997633681546
864,0.01614707933143187,0.04091080703852411,0.002711058918809326,0.031344330466897156,0.021314144717490064,0.01005384184787267,0.2076261753802663,0.02045591092908946,0.017747328401273774,0.00517333609647817,0.02804492725985535,0.2282792487680465,0.009867659591430586,0.029602978774291754,0.10293686932273806,0.0232741145911568,0.06580615745103834,0.009031417253173756,0.06648006143760167,0.06319255242253423
865,0.014150987790351406,0.022182629509199497,0.037307149629108256,0.024871433086072165,0.017453274117646717,0.011091314754599749,0.018653574814554125,0.3466315100798717,0.037307149629108256,0.06966244901845255,0.03647810185957252,0.012478642730619917,0.010522529382568995,0.030398418216310428,0.009543689440004437,0.007132186463024708,0.002604925835897644,0.22491012359105794,0.037307149629108256,0.029312760422870766
866,0.02781622937482508,0.028234518538356297,0.014963771409064002,0.04821836707587788,0.03887361248034562,0.007080238690438214,0.05609995840300856,0.06692766211428879,0.15456070330348798,0.05646903707671258,0.031098889984276498,0.004678007657289711,0.13964882502463202,0.008511715939709499,0.11883305483222614,0.05482030606717352,0.025229966260534295,0.00794749410709288,0.03973747053546442,0.070250171125196
867,0.03162521220322277,0.06665909350202925,0.04425720976743232,0.05742657379240684,0.04847934072874855,0.04670401081325447,0.10471494729545962,0.03619572399004537,0.016857588935223936,0.04257207531909213,0.08871046029184197,0.07745950421067792,0.030732439211974535,0.08441801866481735,0.027639136330109698,0.04055850356243729,0.05587449439923564,0.04284696631005877,0.016096656101342297,0.040172044570589184
868,0.006608852122939772,0.03938431386351158,0.023869281129400954,0.028131652759651123,0.03150745109080926,0.0148620052315138,0.02461519616469473,0.013071814387154716,0.020728586243953462,0.007361553993179734,0.03282026155292631,0.01514781302442753,0.00624065371461768,0.026256209242341046,0.010488899263941068,0.12872170410447334,0.3388067764625084,0.172514550036729,0.02461519616469473,0.0342472294465318
869,0.1283325614139197,0.1666964908766569,0.010212584424034873,0.014087939143734773,0.010561490059161517,0.0050283704490237365,0.008127657198308526,0.09293379884765741,0.019795475421237028,0.016136161910495037,0.08262347808669082,0.01584893153670162,0.004036640184159838,0.017609923929668463,0.0059807288817741965,0.020971532793308705,0.0757326382881249,0.27338885234483695,0.018113064613373277,0.013781679597131844
870,0.11680270736415846,0.1181517963853858,0.02092867602751866,0.07455491959414368,0.061213512929928514,0.10946416429822511,0.0599464541973556,0.012249181237621354,0.024476582038037476,0.022417193510620076,0.049017717250402514,0.05604279508640271,0.0012369222170971386,0.06985325799811662,0.03849360387555787,0.055084215115006684,0.02844673305104001,0.014829503132387048,0.03400750718329362,0.03278255750770096
871,0.06784355802121451,0.011479311943820037,0.009627810017397449,0.008527488872552025,0.08749056124907752,0.008112761134005372,0.044880002971026546,0.04527077500080226,0.08444415806289703,0.07608506052043629,0.1279526550475569,0.04576429357644055,0.0016489619366813312,0.07582515308253385,0.18435516651565248,0.05288318368833132,0.0239073459921446,0.025202718080878792,0.00803967319586118,0.010659361090690033
872,0.00244743285320823,0.21283726264896183,0.021175936317224198,0.008540244820960186,0.02021339375735037,0.003967990995061795,0.013896708208178378,0.04446946626617081,0.01710364087160416,0.16851551939045534,0.1871152421072732,0.011402427247736106,0.0034741770520445945,0.009264472138785586,0.003615403761477302,0.02548338872712666,0.022170548192600198,0.19143281124809033,0.014344989118119619,0.018528944277571173
873,0.006629287994700733,0.021744105056369437,0.018481651379165683,0.02178194626830241,0.012976478627924842,0.008453733131795376,0.13043019522187307,0.012976478627924842,0.18296834865374026,0.004246588229555682,0.01905920298476461,0.008969036698712756,0.00317373771085256,0.19640670194469295,0.24750493489711994,0.003523433061086435,0.05921305781674441,0.009998270418237172,0.016941513764235208,0.014521297512201606
874,0.009234640782248435,0.043710633035975936,0.026226379821585565,0.032782974776981944,0.2813447062797772,0.03688095474646965,0.02048935923561372,0.021150306307730297,0.06568151181494478,0.009106381882494985,0.015925160025463826,0.01872003991562182,0.01024467961780686,0.021150306307730297,0.2824491762780882,0.006814153665134874,0.011502798167362091,0.02909378370829196,0.03320836861069098,0.024283685019986633
875,0.008641666639348625,0.11915288915564115,0.017494670233169533,0.023702456444939367,0.011466293137241543,0.009184701872414007,0.023702456444939367,0.31530438246068454,0.018369403744828008,0.11797718328762986,0.023681727839753117,0.01406071918867173,0.00680348286845482,0.022961754681035014,0.00896068475357464,0.005353786199497684,0.0014365209375157896,0.21314993032764498,0.022961754681035014,0.015633535101981285
876,0.029132525239060746,0.03527042358824623,0.013290304540498581,0.019511298155200047,0.013290304540498581,0.009967728405373934,0.013100443047062885,0.39860620415622844,0.012893376509868508,0.08913493893164899,0.1396613457421767,0.028086742281761126,0.004702723145099497,0.021326302634753536,0.0068346467277791015,0.0051511408148916665,0.029706479278073242,0.07709015140793654,0.03820962555393342,0.01503329529990823
877,0.0930554984236515,0.10587405891479759,0.17237975078805787,0.009205289303380751,0.009887162585112658,0.23222922185039144,0.006135183794455048,0.011359718714810287,0.007968757904419156,0.002494891493439642,0.00808658514017829,0.15529838231890858,0.0028249035957464736,0.008611399670904572,0.0026431028692875417,0.12215431592135019,0.0306509965103109,0.004105474338608913,0.008898446326601393,0.006136859535587167
878,0.07235158001644662,0.07029134577797536,0.05638574092645027,0.09237634508322068,0.06177245431951028,0.041147142761735096,0.037137266934364054,0.04960835800659302,0.05518339252542919,0.03189903225439958,0.023825066674219013,0.030706828224740194,0.06892760948863019,0.014186003767646279,0.012046007099990284,0.08794853183740277,0.04861568822885217,0.05795110928970617,0.04243840001345262,0.04520209676923594
879,0.09543395569784953,0.02463090540726359,0.10749335705527642,0.09291935259936088,0.003106269702692963,0.06941782317204918,0.045571787532540126,0.003695389818720938,0.1027517984688287,0.0008372367558039627,0.003061894421225921,0.12808070811777067,0.013965186243370632,0.06541756597413018,0.08973205952203696,0.09539934749184982,0.03987860875461724,0.0011830031515312743,0.00334894702321585,0.01407480308986491
880,0.07666252790592579,0.04229160611500657,0.024091142237246968,0.061221106401637616,0.053766433751054034,0.05336926635305221,0.0693176279575221,0.004494760070193935,0.05288310788604059,0.05820092486148353,0.07160617766998614,0.07293769750269251,0.022944595378084853,0.08571871948458598,0.03373939048434937,0.03951207689612344,0.01051773856425381,0.005646579269571446,0.047194980737036325,0.11388354047415288
881,0.05400709506065208,0.05754274776511375,0.04378729091840561,0.06801395855578635,0.021464358293336084,0.024424959437244508,0.037777270596271506,0.04154391927742467,0.05548012955993957,0.07004159022035984,0.007126760896159289,0.08277711105075951,0.06579292433392145,0.060594487266701,0.04999245333146987,0.06113266602532427,0.05895445720810991,0.04415525134629137,0.015543156005519233,0.07984741285121023
882,0.007626149400191274,0.05534378763598846,0.014991068822316126,0.0178018942265004,0.26652444407253495,0.007911952989555732,0.04137343754846623,0.011547174633405662,0.011705355107835878,0.004643972406913148,0.013146014198031063,0.009593342645118819,0.004404592385938243,0.01203508342073266,0.0052746353263704885,0.0035431616468105925,0.006191963209217531,0.006728274983244245,0.1389622494991203,0.3606514458417082
883,0.04560361096058312,0.06739780633553111,0.03119555607530297,0.10931776060576255,0.07562559048558297,0.06655051962731301,0.0454935192764835,0.02696508955588093,0.03267579771506383,0.04091069813362315,0.04435742080858421,0.09379056074927693,0.010566566322483147,0.05339779868745555,0.04280446122096084,0.06724790531203037,0.04579269321363384,0.04233595568949243,0.022396809489961114,0.035573879734994616
884,0.006394712583670372,0.008255864784932024,0.18117676703218222,0.05756395097879155,0.2797236561094115,0.03862780684115541,0.004432095831910877,0.01451893462177701,0.013157784500985417,0.021334855126989016,0.02004995733483492,0.0689577426119785,0.0022637048603845874,0.031080406234379056,0.003288849393907158,0.1099427244310568,0.06159052978555849,0.005009719147779129,0.01684196416126133,0.05578797362705465
885,0.06188366319138338,0.10586213958100528,0.008717276366265937,0.01347215438422918,0.04066551574387083,0.027669137869224304,0.13967304588571405,0.06416031969675202,0.008717276366265937,0.035416496472607105,0.0737843676512648,0.02643179211772142,0.004423692484373759,0.01233725712169178,0.02623444183156082,0.0033293063733129914,0.05002330010255242,0.061327266619233094,0.10821707255518839,0.1276544775857824
