site,A,C,D,E,F,G,H,I,K,L,M,N,P,Q,R,S,T,V,W,Y
790,0.053815478598598115,0.049360441983192144,0.008226740330532023,0.0054431481501287775,0.12340110495798036,0.0014926787377122575,0.04836379890965928,0.040945399969981096,0.024680220991596072,0.07666734576770834,0.1450913967289778,0.04836379890965928,0.009872088396638428,0.024680220991596072,0.049360441983192144,0.0370203314873941,0.13820923755293799,0.0483695288752063,0.02961626518991528,0.037020331487394094
791,0.03910464233594299,0.03134460860257409,0.0024254756656753767,0.0016768720651582846,0.002341838573755536,0.007381236680537305,0.0019685019895336383,0.0022637772879636844,0.0019685019895336383,0.0012881851103555715,0.001460501476105603,0.0026120507168811745,0.1345915146202373,0.7305509994829125,0.0004651597167048667,0.0024672447033274093,0.03135841201668095,0.0006894753161310716,0.0011510731972696699,0.0028899284527195974
792,0.07753324878568986,0.0450777431704453,0.014526331558762434,0.045961620487512865,0.008468114940937544,0.06741774235932778,0.06204818765814237,0.0004943352490855022,0.098028793519077,0.025413159654465233,0.0454346936254149,0.097285271672178,0.0003615016368717808,0.07084829119619622,0.05999088700634719,0.15216664604162092,0.07052639903168327,0.023613024018991027,0.007616389647071486,0.027187618740179234
793,0.04290508777746243,0.006451109164501562,0.004230922244251024,0.002314540134083224,0.005012015581651213,0.32178921424767126,0.018098945155962713,0.005923291141951434,0.003619789031192543,0.0011889817985668934,0.004021987812436159,0.0143726917414998,0.0018200056581415018,0.003619789031192543,0.007288011568353483,0.013889888142948129,0.0022778258600875917,0.16046729146493655,0.3715316825048753,0.009176929938234617
794,0.0005836352558976881,0.0014930204220638538,0.0025679951259498283,0.0012588211401714845,0.0020062461921483035,0.00010963273188207577,0.06337929427898377,0.8512229686968672,0.0007996406098242674,0.0008024984768593214,0.0019454508529922945,0.0017351318418579924,0.0008916649742881349,0.002213788901680886,0.06366955634843187,0.0005477002740247318,0.0010350790526963355,0.0006903212704166204,0.0008337646512824116,0.002213788901680886
795,0.0013322831868773758,0.0078229114625778,0.0078229114625778,0.010156060495276445,0.00815345701733461,0.0018980178630516628,0.009644436177395067,0.00469388294470574,0.00981178725814843,0.003992382401591429,0.01033741871840638,0.29163994882372624,0.005120813925494864,0.009045241378605585,0.0024529468145371076,0.009772231122112318,0.5756805387150845,0.012584683657190378,0.008389789104793583,0.009648257470512622
796,0.0029124506712030407,0.008007657585246335,0.00954337273858125,0.016587290712295977,0.014822685317370873,0.015277767761325245,0.010555548635097441,0.003876935811535518,0.010245091322300458,0.0036096694814322858,0.010398003133081061,0.11459457575290881,0.0031787322513952406,0.03483331049582155,0.003448842623348669,0.021798916920357434,0.691009302920377,0.004465809037925841,0.008393568794173871,0.012440468034221984
797,0.0018968282761533026,0.11547217074603887,0.006675376433385658,0.0032747129673212673,0.004689294970806399,0.0007881824356172309,0.0073855228624692395,0.008072548245024519,0.00450804642254616,0.4655891418772129,0.003732468543398433,0.007889081239455777,0.0035420364748576967,0.006675376433385658,0.001333930873081903,0.001718008384516294,0.003099281915500485,0.0015921175876296577,0.34468035044912926,0.0073855228624692395
798,0.004910603569221697,0.010276666237533729,0.012203541157071306,0.008977317632788086,0.01904943009884301,0.003773075526823978,0.023667473759168584,0.015314247726520853,0.012803715312337106,0.004720430826462463,0.013946904179510061,0.03124106536210254,0.0017803238252886747,0.014463456186158585,0.004067847052357102,0.7739153684139772,0.015161958520456268,0.006675441316688576,0.010847592139618938,0.012203541157071306
799,0.0017207879495759763,0.03250377238087956,0.0033753917472451847,0.0028309737234959607,0.033580324813788455,0.0008660544614642249,0.003708176849086259,0.2627254415485608,0.003134292336727671,0.49646222839130444,0.030673462868169837,0.0028294915107085756,0.0023094785639046,0.004050470096694222,0.0007812479414988853,0.0011100897613591093,0.024090012348696736,0.06369640353197874,0.0026865362886237185,0.026865362886237185
800,0.0008207218508489597,0.0013716173397749739,0.0017880011750638052,0.0017566327333960192,0.0016414437016979194,0.0005889072844844808,0.09917568299631645,0.001430400940051044,0.0016688010967262183,0.0005134772605311441,0.016688010967262183,0.8569792237269159,0.0007697987813594877,0.001388403727864872,0.00036298853588905835,0.0006720004416347188,0.000991366988154189,0.0006675204386904873,0.001353081970318555,0.009371918043019583
801,0.05658225310645001,0.04091691856871385,0.006001148056744698,0.0015745653534613275,0.005000956713953915,0.1773390636794152,0.005000956713953915,0.009232535471914924,0.003913792210920456,0.0014756921451011553,0.003830520036220021,0.056010715196283846,0.0022226474284239624,0.0036741722796396117,0.0025170755305240675,0.21004018198606442,0.018840813666524053,0.38725750773188927,0.0032733534854971088,0.005295130638304145
802,0.027735078234125618,0.049650760934046134,0.0020077581886656596,0.0002110048634364639,0.03076172367634171,0.07231866259958462,0.05300481618077339,0.006411872925093556,0.06548685543943732,0.0005475704150906343,0.003830596148909514,0.4478674510079444,0.0007982653039273102,0.042456342043136766,0.038617725444280625,0.058193570423183,0.07526412833749131,0.004184590751113688,0.0017209355902848506,0.018930291493133355
803,0.11263545816223718,0.03928555496279664,0.0026095477330360093,0.0039260412634939965,0.04175276372857614,0.11829370353324585,0.0054563270781662005,0.0032443025870177414,0.006488605174035483,0.021920200957502464,0.003000979892991411,0.028094279849281284,0.0013797608703408784,0.04115629567531077,0.013539380820492037,0.15153884282339597,0.010438190932144036,0.37650653288896263,0.015488928479955663,0.0032443025870177414
804,0.0024192423829498696,0.006101023016042217,0.38643347005824685,0.35140774102538835,0.010103216576089983,0.0007709581336161513,0.006804987210200936,0.014744138955435356,0.0031498040216781,0.0022977878891587574,0.006676591225102804,0.005997615846278789,0.002640741305451109,0.17163499651340738,0.003159458347593291,0.0028769051620361674,0.0034355275235965882,0.003610942958053201,0.00804225761205565,0.007692594237618447
805,0.001415283061652046,0.31895068697267615,0.004345167294545755,0.002913818068107153,0.0033469531863392966,0.0017196803589634155,0.0030204211681598534,0.003931341837922349,0.0033023271438547726,0.3931181042728791,0.0028144833612398635,0.003931341837922349,0.001316922045099347,0.0026921145194468265,0.0005222909377672863,0.0011466413693940187,0.0019349573108524065,0.0013759696432728223,0.24525381697337204,0.0029476786365332797
806,0.021097118796891613,0.03410505142032207,0.0030646387669095573,0.001963284210051435,0.03466212122573568,0.0184286944516828,0.008194577572388596,0.49226014469794876,0.003484494145591374,0.028062818191557287,0.12472449543590124,0.00465371072012192,0.000785313684020574,0.1576786691053074,0.00846024854444045,0.026318620761770585,0.01179017506844192,0.0031212268765443154,0.0011527540315898334,0.015991842292782596
807,0.02046046901388743,0.17741980041232952,0.007224573590197349,0.0028959261226529473,0.0026602112056928235,0.13558807210104876,0.002383105871766487,0.0021701980350829434,0.0030102389959155633,0.001149639013515491,0.003050375515861104,0.13646899202269375,0.0007078164321154802,0.005579955211941044,0.0008698789493900486,0.2382806253185779,0.22783065587145526,0.027450440722129422,0.0020426621757998467,0.002756363417946781
808,0.041726445621003895,0.02069161066328098,0.08554883726883025,0.044173866185754446,0.001623410942996779,0.0486639799999113,0.049029793039353925,0.029488981322105156,0.06334365717202524,0.033572138301173386,0.0381501571604243,0.16274306001016664,0.011368637660847898,0.10718377487928732,0.05924494994324714,0.06209981565855325,0.0752301604339371,0.06131275257925333,0.001557149271854053,0.003246821885993558
809,0.046982771787793094,0.022528281815602066,0.46163824870377085,0.07541976033803764,0.0012717578444291489,0.036940029159724,0.03187512214335185,0.004730939181276433,0.015550141940346532,0.007884898635460722,0.02580512280696236,0.07509427271867354,0.0005087031377716594,0.060668196646690035,0.014757831670648407,0.06273068527659359,0.039127763741026174,0.011963009157445663,0.0009384184600959581,0.0035840448343003282
810,0.019499805473652175,0.06003130035487327,0.1556556289376772,0.16583137158842612,0.0019128777847146872,0.0067303105735209735,0.011319503592022996,0.0015228735761806248,0.0022732750485015127,0.001096894953472758,0.0023766057325243085,0.0639099862473571,0.011520495584778852,0.009506422930097238,0.0012752518564764581,0.07101078921532003,0.0169333158442357,0.0008661501640556809,0.0025299351346226512,0.3941972054074897
811,0.012816283850314287,0.019424680210632587,0.008178812720266352,0.004089406360133176,0.007969099573592858,0.0019424680210632583,0.008178812720266352,0.3580103119704236,0.0025893919138002706,0.1551495382888635,0.30986385254872845,0.007769872084253035,0.0017362842646375498,0.017460386706186597,0.0012624524790234633,0.031713763609196054,0.02791052516074966,0.012591830452350156,0.0035723549812657638,0.007769872084253035
812,0.0028139563118568314,0.004554547844964148,0.004167840952467193,0.007125663563895523,0.002462432757652944,0.0022769726981894463,0.0025797021732883265,0.36222631627319357,0.005970150553534087,0.44428399508979743,0.13196358755993526,0.004053129733591948,0.000566112831230265,0.0055223892620190305,0.001877848281963983,0.0014875122591297048,0.0020548425161001044,0.002481972702031025,0.007363185682692041,0.004167840952467193
813,0.042184846714156524,0.045809453503872555,0.06946064647928533,0.05737500286109466,0.049441972636892546,0.05020321808848284,0.061299855381508714,0.11892681169537438,0.02636057994623075,0.04696390807535299,0.043462824206935,0.0521876077327787,0.002680588877903812,0.04775419445450866,0.028214531467769987,0.06828587421310922,0.05228831731929561,0.0404495484969948,0.040726821357524104,0.05592339649092864
814,0.015267481457643747,0.15568354831791326,0.004580852619694799,0.003153984068637917,0.004817793272437633,0.0011304423160418244,0.00465720016335638,0.20957400735103707,0.005080581996388777,0.07715104754738386,0.034727527288830974,0.0035371140481187694,0.0017685570240593847,0.005588640196027654,0.0013627701897740477,0.0016149943094981765,0.18497611916429565,0.2772740757171375,0.002972680955333859,0.005080581996388777
815,0.0011734694702505754,0.612584210474332,0.002438616242864477,0.002944744142326916,0.002295168228578331,0.0007351191970418984,0.0021090735073422506,0.0026011906590554424,0.0032514883238193024,0.19870652088306143,0.0026011906590554424,0.0025172812829568794,0.001139207587907493,0.0038044244452562145,0.0002961178033971685,0.00088676954285981,0.0011647122353979594,0.0011823593904797466,0.15438320450476511,0.0031851314192515613
816,0.00846906962118405,0.018477970082583384,0.004240905233074418,0.012703604431776075,0.021973802260369428,0.004671290195146737,0.010555521141636858,0.012309615708166343,0.010031419133939904,0.004190879812544685,0.012314129559139185,0.8116903573879931,0.007817602727246816,0.011451136389206603,0.005456581769353482,0.001745856400886055,0.008547326349642746,0.007743149367939704,0.010840409115115586,0.014769373313054942
817,0.0018641502497566795,0.0028849944341472413,0.002692661471870759,0.00205372485142685,0.0021637458256104315,0.0005065516064393471,0.007945558441585846,0.6005317448641725,0.12787703193843372,0.0013463307359353792,0.011015433294016741,0.004226852310494795,0.0010816326097818894,0.07349641558466909,0.12085534672072554,0.013916091722372143,0.021235670877691508,0.0010722988162317182,0.001477680076026636,0.0017560835686113645
818,0.004635518218304214,0.19091831064898898,0.003044949133157719,0.016992459485621093,0.0034994191530320056,0.0009842778967644465,0.014839309066654711,0.09464450942313492,0.0037216044960816565,0.12183537637109731,0.155552464436645,0.0026949549799212,0.0014933826958799005,0.003907684720885741,0.0010560220284564286,0.0010561310056447946,0.14000194179864012,0.2322847276617211,0.002930763540664305,0.003906193238704384
819,0.0011141666308112073,0.5075463967328143,0.0021296096361074976,0.0017705048534905198,0.0027135348589111662,0.00048328428279440584,0.001979284250029321,0.0028039860208748713,0.0018693240139165811,0.2989202044087104,0.001979284250029321,0.0015723286098363767,0.0008672121714045994,0.00202697784641557,0.00029920728051808837,0.000801050098000507,0.0011931855407978176,0.0010014235788838827,0.16674411076354306,0.00218492417211029
820,0.007917857337163667,0.013308738928424036,0.010973872449753152,0.013598059339911513,0.014216152946271128,0.0067259218240422565,0.006654369464212019,0.6211318275782497,0.009335981039342236,0.003957127531038681,0.006010370090941091,0.007816541902324083,0.003051271851882584,0.009477435297514087,0.004667155589519465,0.011372922357016906,0.003862404131121829,0.2190151920729361,0.013308738928424036,0.013598059339911513
821,0.04214650349707752,0.041136955704891086,0.26203976320005723,0.06002883841020664,0.04704571843341181,0.013461269073813887,0.022139161615723203,0.05342767063386263,0.009553794959841055,0.04003245662021183,0.08171098464750472,0.01790667483624671,0.0005689971443293347,0.043970834875672486,0.008255280602473058,0.0436415774327641,0.05501448293063749,0.03823813151126496,0.0368127919889351,0.08286811188107507
822,0.012765196984743148,0.018962921296123852,0.6618772359711294,0.04736502581106376,0.009607880123369418,0.02040683923102857,0.016377068392106967,0.000842796502049949,0.009611637461403102,0.024349307196728148,0.018838980634057683,0.04083349052432001,0.0004448092649708064,0.028976146403812533,0.0036671298180799305,0.0275008162951516,0.03273014107961011,0.0002891055838624773,0.003202626707789806,0.021350844718598706
823,0.004869472584507335,0.009738945169014667,0.0018151406588702722,0.012301825476650109,0.016119633383196694,0.003314271434155289,0.006063565508897307,0.0126262196700188,0.41758828373188533,0.003116462454084694,0.007539828517946841,0.46458284009234874,0.002958666886789266,0.009349387362254082,0.0027825557625756198,0.0012287429673412853,0.003796905986856905,0.004869472584507335,0.007923209629028883,0.007414570139070486
824,0.040375587405895794,0.028686244525517355,0.04680685982344453,0.05065220736674753,0.023381995537780184,0.025971098807305956,0.047049864693179705,0.023469850593477695,0.03552067118733713,0.02070869170012738,0.026138409645892483,0.038461109644298094,0.04518742727386769,0.03929474250099171,0.023109365960179176,0.040194085156365376,0.03255444332859473,0.042537379212509815,0.01298999752098899,0.3569099681154987
825,0.008585891231180998,0.009402280842764307,0.004033481869593272,0.00700387549448754,0.03973726582636333,0.003518301942324348,0.03703199155486261,0.001711174126494115,0.02420089121755963,0.01192026555203024,0.05757597649144905,0.6530990712084073,0.000481193758596027,0.021272941813521427,0.024879071267007613,0.004840178243511925,0.003643144914471342,0.0031371525652392107,0.06134876127578901,0.022577088804346803
826,0.0016585191213939724,0.055431394635034104,0.003247933279396529,0.003118015948220668,0.0033891477698050738,0.0013100907345464988,0.004213535065163064,0.6073697218873226,0.0016745508446046773,0.07060513953833267,0.1550236067781656,0.004454308497458097,0.0017322310823448155,0.013268152971151779,0.0009503246883623872,0.0010324556119935984,0.0009972866555230616,0.06482740697392449,0.0031816489267557837,0.0025145289905005386
827,0.04496946484869832,0.057142912541389895,0.22710377343251845,0.03550585795482992,0.054135390828685154,0.021101769725056098,0.07556398303170637,0.0278879286087166,0.022095818297891662,0.04733577652170057,0.02868713018272205,0.0735686080492388,0.0464723903004238,0.030476220022074615,0.02563229427643434,0.03245090654716702,0.04180752955086577,0.044541989890505784,0.02928077742935173,0.03423947796002309
828,0.0009258911552987032,0.0380292065226492,0.07481035125908339,0.11252753633253024,0.002237012148391129,0.00016332974973959415,0.0022030360318358072,0.03295864565296263,0.0028169782609369773,0.0018109145963166283,0.002237012148391129,0.04445608376175634,0.0006391463281117511,0.002622703898113738,0.0007384311946145475,0.0019255294441847693,0.0034056005841178382,0.015621140478668872,0.0016901869565621864,0.6581812634957346
829,0.0011800504985618203,0.002413739656149178,0.004084790187329379,0.0007721648369423393,0.0022596711674588055,0.00099213434086575,0.0027231934582195856,0.0025286796397753298,0.10526871764073932,0.0006637784054410241,0.0020729842814000013,0.8624851632558894,0.0009000385158522357,0.0020012235876489463,0.0003437461019609526,0.0010948922151604518,0.0017328193297685257,0.0011419843534469227,0.001800077031704472,0.0035401514956854624
830,0.06373090443699292,0.006999574805196269,0.008521221501978066,0.0367477677272804,0.008166170606062314,0.0035619107582272563,0.017817099504135958,0.004639655016375464,0.017817099504135958,0.016332341212124627,0.011528711443852677,0.24453676104980898,0.003316592367647772,0.12445604321282366,0.02997464975401697,0.186333626688262,0.1939860786800728,0.003379105078370613,0.010315162870815554,0.00783952378181982
831,0.026301167967268585,0.02013620321181458,0.0017170405839531814,0.006965353312262904,0.02341038259584947,0.000677364634036576,0.26414010967187773,0.007031690010474933,0.02160958393463028,0.04347248484414371,0.014356367104719653,0.00632852100942744,0.0727501112489343,0.010767275328539739,0.02542584599814115,0.014065066097781118,0.2525445869545264,0.027345461151846957,0.06644947059898812,0.09450591374078308
832,0.0007938455069095033,0.054032035498121044,0.007776322726776725,0.00547266038699899,0.003708707762001207,0.0015245487285693998,0.005478772830229056,0.26965841350187086,0.005022208427709968,0.30644445688512834,0.07365905693974621,0.006026650113251962,0.0018125263498502142,0.004548415179812801,0.0016857762554550943,0.0016511370173293047,0.002386792124060183,0.23972988735006975,0.003951901713607844,0.004635884702501509
833,0.04387286955646778,0.052115710899579684,0.07595272639626245,0.07932317761921319,0.01529482819878969,0.06318397474354381,0.03769082663273173,0.036177688661226816,0.10583553432320832,0.048114980375359245,0.040863455137170435,0.0802307654638266,0.018240570360134174,0.03978476144566128,0.03908678317468477,0.0528672140042815,0.057876465251770905,0.04894812755361899,0.01865505560609955,0.04588448459636907
834,0.12031698970677021,0.0962162647677291,0.03313124070666145,0.031167863989218784,0.00379628799763829,0.016269805704164104,0.10677059993357693,0.007180400900562205,0.11304230479023135,0.04829832373958662,0.021354119986715384,0.06799528488760538,0.0005931699996309829,0.10450380390430575,0.07890134846616757,0.05451541532153565,0.04618277349957423,0.03824618505083352,0.0016998304467037123,0.009817986200788683
835,0.0004668191074688101,0.6931170177736606,0.0011373410981967375,0.0015638440100205144,0.0014547386139725713,0.0006014784653925054,0.0015257014731907457,0.0014547386139725713,0.0011170314357289387,0.2288118603920887,0.001303203341683762,0.0008453210864975752,0.0005346475247933381,0.0014547386139725713,0.00030785735683915597,0.0004314052441435901,0.0005738877100992712,0.0006726210795787157,0.06158318438535218,0.0010425626733470096
836,0.03982445587880207,0.04514354800373345,0.003180846200805067,0.003726134120943079,0.003951960431303265,0.0015904231004025343,0.045821379054840565,0.0634524679266484,0.1524616366395619,0.019464879736269817,0.09563744243753904,0.007049442931513933,0.03183458975552793,0.13041469423300775,0.05902920410698099,0.0625599568539625,0.12916791617740483,0.0817055915676675,0.0211483287945418,0.002835102048543647
837,0.0007458896995539328,0.0019421970343894224,0.057435156483283095,0.08010124402983843,0.0018208097197400833,0.0003827637265652453,0.0017137032656377256,0.003884394068778845,0.0019421970343894224,0.0006265151723836846,0.0020809253939886667,0.008716317016013008,0.0009875578140963164,0.014566477757920668,0.0005768902082344819,0.0030666268964043507,0.0007768788137557688,0.0010021796846405,0.002157996704877136,0.8154732794755093
838,0.00571080841458931,0.01215849533428692,0.018845667768144718,0.012997012253892912,0.019787793156194722,0.006176488957542519,0.015076534214515777,0.3740439942771786,0.012997012253892912,0.08689648217863652,0.00896393186042971,0.028781805856226104,0.00392618078503015,0.011085686922438073,0.003335516419140658,0.0031915968045837257,0.004757111491280859,0.346140324027803,0.012563778512096483,0.012563778512096483
839,0.0009303261249838469,0.0017354160408352528,0.0018800340442381904,0.0016114577522041635,0.0025783324035266618,0.020626659228213294,0.566019006311942,0.002201015466425199,0.001455510227797309,0.0005216640399225034,0.0017026723419515694,0.0018048326824686629,0.08960459513051233,0.0015040272353905525,0.000733671822141733,0.00035954557053437963,0.3003228348113863,0.0008057288761020817,0.0015040272353905525,0.002098642654033329
840,0.004618461736460182,0.002546418615055115,0.014385750806805667,0.007081641329238946,0.4432768646517628,0.0037271796469678657,0.010270277053081962,0.00944218843898526,0.00965678363078038,0.002484786431311911,0.019313567261560763,0.008311750035785645,0.005820527119922421,0.01416328265847789,0.0023734157204220573,0.003693225059498591,0.004568800857573513,0.0040846179831468795,0.0074543592939357315,0.42272610166922636
841,0.01865154230677633,0.0037953719810300663,0.006044481303121957,0.0030222406515609786,0.0034000207330061013,0.005427321682447188,0.004662885576694081,0.6180776416786792,0.0044108377076835905,0.16147803659176604,0.06061751249702305,0.006661265109562973,0.0010846842586539644,0.04876557299092462,0.00167916651297866,0.0012363711756385822,0.008497931017163684,0.03456021074490908,0.0032640199036858566,0.004662885576694081
842,0.02247027880365021,0.006010515999219273,0.004092266212234398,0.00730392732627666,0.0062044036120973145,0.1927615060620607,0.010122974314474564,0.004691134438415043,0.005061487157237283,0.001717290285491221,0.005828379150758083,0.07693460479000672,0.002046133106117199,0.022439259730418618,0.0010532541925860322,0.006808372105310327,0.0031022018060486573,0.6102159018602434,0.0062044036120973145,0.00493170543525684
843,0.00829615982282085,0.018386083931657023,0.030922050248695893,0.011298867663371664,0.014172606363985622,0.01889680848531416,0.01582058384817,0.019993314937804846,0.6783523076759679,0.0047563860607656985,0.07558723394125665,0.03147234709071389,0.004824717060080212,0.01282316660026156,0.0019154796048671805,0.005153675041449317,0.007900873918592623,0.01046592469955861,0.014172606363985622,0.014788806640680649
844,0.0013054310268658098,0.0013054310268658098,0.002088689642985296,0.002473448261429956,0.001491921173560926,0.0007283111496577725,0.0014686099052240364,0.0016784113202560416,0.007295694887021768,0.000531022790589482,0.7937027140763072,0.0013238173793568779,0.000783101385859571,0.0022924642423009347,0.09301035567245779,0.08290765226620805,0.0008173133385594637,0.0013621888975991062,0.001840353185125522,0.001593068371768446
845,0.0016406400294269846,0.004188303462645109,0.760341332829109,0.17411175678555899,0.005173786630326311,0.0017911417899890935,0.004090901056537082,0.008795437271554732,0.002336404972330374,0.0017949871982764754,0.004886354039752626,0.004629177511344593,0.001954541615901051,0.0039957103664552945,0.0018516710045378374,0.001933063136605435,0.0025129820775870657,0.0016854989513758031,0.007995852065049755,0.0042904572056364524
846,0.0008560080837362762,0.0024258535313262824,0.10077398579473587,0.0671023975269172,0.0019977617316804678,0.0006720606156872454,0.0012425103453134621,0.0019977617316804678,0.0024258535313262824,0.0005660324906427993,0.002079303026851099,0.0017233927282098147,0.0005567532694847206,0.0026124576491206117,0.000863439392505965,0.0006489544478707253,0.0010188584831570386,0.0010952594010889601,0.0028301624532139965,0.8065111937654508
847,0.004958173145873265,0.014130793465738803,0.012287646491946783,0.007065396732869401,0.17195986900630292,0.0379118849080797,0.01662446290086918,0.14069038525357155,0.010869841127491384,0.27933250369729684,0.10412163606333853,0.053467867167660325,0.0032862310385439073,0.09782857014742245,0.0038714502645859736,0.007982736409487916,0.00831223145043459,0.004335055696895994,0.010869841127491384,0.010093423904099143
848,0.003121711156930233,0.15098233285046941,0.004682566735395349,0.005619080082474419,0.003796675731401634,0.0025023594309931964,0.006385318275539113,0.0070238501030930245,0.005853208419244187,0.6248604887864626,0.004844034553857258,0.008263353062462384,0.0023412833676976744,0.006107695741820021,0.005167438415266638,0.0021611846471055454,0.0029888723842949032,0.00305384787091001,0.138538281546094,0.011706416838488373
849,0.01873503603377336,0.4712338171696741,0.026376322943832898,0.016956207606749724,0.3042922090083249,0.027397630944966944,0.007193542621045336,0.011041251464860284,0.01483668165590601,0.0030434218781345656,0.01283172467537817,0.00895799647149042,0.0035430881566342705,0.01582579376629974,0.0010796772233861158,0.005193147058543106,0.006009795101126485,0.005050785244563747,0.006322062221350288,0.034079808753959634
850,0.002297278624324777,0.007963899230992562,0.005193847324560365,0.0017399714206617258,0.007026969909699318,0.2363030503786889,0.003851921949249356,0.007239908391811418,0.01837822899459822,0.0019424144465835516,0.007466155529055527,0.0066365826924937995,0.0023891697692977687,0.006457215592696671,0.009890638807338724,0.002413302797270473,0.0023423233032331065,0.6587650648245569,0.004875856672036261,0.006826199340850766
851,0.04188930129523381,0.01015183711178361,0.004180168222499133,0.004584700631128082,0.0034585931783881188,0.001776571494562132,0.0037401505148676457,0.004029238721531808,0.007480301029735293,0.0019469276652735695,0.005263915539443355,0.002842514391299411,0.0002876219480460368,0.007895873309165032,0.0015618210941205557,0.14187136212309326,0.0015959369965960982,0.002733186914710972,0.0033052492922086172,0.7494047285263136
852,0.001550149426197163,0.002648171936420154,0.0030264822130516046,0.0025422450589633475,0.011498619615532309,0.0009629716132436923,0.0021017637171768006,0.8570143178774255,0.0027633098466992912,0.06371858160309353,0.03149857300494201,0.002269861659788703,0.0001733089921795296,0.0021185375491361235,0.003576967811465746,0.000962535145327087,0.0027633098466992912,0.0013816549233496454,0.002888914839731077,0.004539723319577406
853,0.01021448582433048,0.0510724291216524,0.013803359222068214,0.0255362145608262,0.0340482860811016,0.0092858962039368,0.013095494646577537,0.5048402456706821,0.0255362145608262,0.0836562828855901,0.029965481029548498,0.023214740509842,0.006720056463375316,0.02218203289498646,0.006991581354185203,0.007401801321978611,0.005080485433311063,0.0938686605666661,0.0170241430405508,0.016462108607964217
854,0.0008222993935336363,0.0026822893615075457,0.0024193198162617076,0.007505134985109514,0.0025705273047780643,0.12200224867149814,0.0022849131598027244,0.004569826319605449,0.0022433692841699474,0.0007760082429518685,0.0019278954785835487,0.0026252193750924916,0.001011151397107451,0.0022433692841699474,0.0003649766608463886,0.02643970942057438,0.06710429174578528,0.256167721540711,0.49143551695269855,0.002804211605212434
855,0.0007155028279501011,0.022445588713842068,0.0013109825176554372,0.003443357359509862,0.4827259079236683,0.001669506598550236,0.054649728138762184,0.001197689516351256,0.0026235103691503716,0.00037459795511701223,0.0025014453214201697,0.09710030238823927,0.000245682596326397,0.02728561399212444,0.00028052783117779107,0.0006637797319537082,0.0009182286292026299,0.0019676327768627785,0.17905458269451285,0.1188258321176233
856,0.0026986799990756875,0.008264707497169291,0.005749361737161246,0.002592849410876641,0.00734640666415048,0.002804984984039485,0.005085973844411873,0.7976848696893793,0.0017456832847364877,0.0013089499302766847,0.005085973844411873,0.003778151998705962,0.0019164539123870822,0.006611765997735432,0.13056155722451973,0.0020183423193464406,0.0018890759993529808,0.0036732033320752418,0.0036732033320752418,0.005509804998112861
857,0.003247631672296673,0.004029087348167363,0.004190250842094056,0.0049883938596357825,0.005819792836241746,0.0013344747904758144,0.659877033881711,0.007759723781655661,0.00616213359131479,0.005477239005462744,0.012324267182629576,0.0069837514034900945,0.2069047142046877,0.004275766165402099,0.0010320814882005065,0.0008249805238828044,0.05125533363005313,0.002870034823352094,0.0049883938596357825,0.005654915109610489
858,0.001532857668286059,0.004652922641478808,0.0048809415227003446,0.007419031114504525,0.004167995008148609,0.0012657697994937404,0.022677072908986497,0.005983089608471391,0.01091033987427136,0.07795764975675284,0.009761883045400693,0.005983089608471391,0.0009749568529679094,0.0051521049406281424,0.37468451736877234,0.44750003834720237,0.002333028652359913,0.0020494561089791506,0.004032082127448111,0.006081173044675841
859,0.09541174869021307,0.054276899184161,0.0013028422358516906,0.0019976914283059257,0.0020430935062219695,0.010467355771602965,0.04741773060594284,0.017492272927489446,0.003099866009440229,0.02379603024893823,0.08989611427376665,0.022358247631357377,0.000502067952922818,0.3765918300657792,0.0018992136818401402,0.1542052738436528,0.08956888444873466,0.003099175539499606,0.001577124811820468,0.0029965371424588885
860,0.0013659282371654429,0.04402556452152238,0.013663106230817287,0.013663106230817287,0.013663106230817287,0.0052830677425826835,0.008086328177422475,0.00566278351268347,0.018868099080652446,0.003923070105878231,0.018868099080652446,0.40783387800446846,0.002274127477838613,0.017227394812769622,0.003602091642670012,0.003769887560369546,0.3912209878516927,0.006003486071116686,0.012382190021678164,0.008613697406384811
861,0.0016525434262570598,0.5078807741733448,0.0031897931251008366,0.001878919238073095,0.0042862845118542495,0.0005394700398300631,0.002799206211823183,0.004424551754172128,0.0026377135457564603,0.3185756946398053,0.0024493054353452847,0.003345392789739902,0.0011824233136149649,0.0022485426947432127,0.0012989388455521547,0.0009023756867061576,0.0013316612075663686,0.0013062962321841519,0.13605303806412866,0.002017075064401999
862,0.17351826046635851,0.262478670369845,0.2726940727894348,0.004486814878117008,0.01029328119097431,0.033380888538942624,0.0058328593415521105,0.0058328593415521105,0.01029328119097431,0.002651299700705505,0.003976949551058257,0.00460488895385693,0.0018204503821601966,0.0041663281011086505,0.0019661323623209365,0.1805072771340368,0.0010332963939410941,0.0015718789455341092,0.007953899102116514,0.010936611265410207
863,0.07407124214919365,0.06473890711229059,0.026143506984480636,0.07868850116174915,0.10494261865857238,0.04731984410567804,0.09233669638857923,0.017429705761001314,0.034174159403376966,0.002213295969650961,0.030465368052842633,0.005830145481031798,0.0010623820654324613,0.17022258093861026,0.02213295969650961,0.08102914058383177,0.05773815573002507,0.0286431311337416,0.02604879102743054,0.034768867595971455
864,0.007760284222568038,0.009849591513259436,0.004543793420283616,0.015064081137926197,0.010243575173789814,0.004831875081976327,0.15244797838411162,0.009831108126920516,0.3446841648722962,0.0024863046538324786,0.013478388386565543,0.25477807010952636,0.00474239591379158,0.014227187741374742,0.09087042492878059,0.0007615330176576137,0.006857314354808683,0.004340497954995683,0.010670390806031054,0.03753104019950396
865,0.02649818062147632,0.010384422135443423,0.01746470995506394,0.011643139970042623,0.008170454544538472,0.0051922110677217114,0.00873235497753197,0.3837190635329254,0.01746470995506394,0.16661604919250841,0.1707660528939585,0.0058215699850213114,0.004925943833479572,0.014230504407829875,0.004467716500132635,0.0033388122427067675,0.0012194518914119539,0.10815767023052895,0.01746470995506394,0.013722272107550237
866,0.016106312618089015,0.07084355550061708,0.004314190879845272,0.010457709128973324,0.024759704179981554,0.02562275250858029,0.09948016617054978,0.054224062841470674,0.10257049242247163,0.036784153817628104,0.004501764396360283,0.024245019149138528,0.08381856566556528,0.04251679877549771,0.10154138772616686,0.023428890617553884,0.049131746819508576,0.05061983965685118,0.06039867231783381,0.11463421480731718
867,0.04648156554831454,0.04465131138116449,0.0452953041190637,0.03793969756712851,0.02164912066965551,0.03774873584998409,0.047528497889717115,0.035435807312324645,0.023420412360809145,0.034342721732754274,0.05814442652075881,0.06340498938939701,0.024548556473627234,0.05622757729479973,0.03225916990028698,0.052343567839575555,0.05925988115507399,0.04335765128220076,0.017970461493366393,0.21799054421999758
868,0.00829835012220943,0.020558359696435546,0.012459611937233665,0.014684542640311106,0.016446687757148436,0.007757871583560583,0.012848974810272218,0.06124712731253143,0.2916265612093299,0.0038426840554085136,0.017131966413696288,0.007907061421705979,0.0032575812860579233,0.01370557313095703,0.005475138265327448,0.043860680282329756,0.4081084824573676,0.02005693628920541,0.012848974810272218,0.017876834518639605
869,0.046800492369379824,0.17594670283524005,0.005668743513322724,0.007819853459344004,0.08957834234798276,0.0027911193858434873,0.00451145391885231,0.06263975287807541,0.010987960366152036,0.006722991784357225,0.09179827974012525,0.008797335141762005,0.002240635368038725,0.009774816824180006,0.00331974911009887,0.002330028556676642,0.09944813638513571,0.3511196520655516,0.010054097304870863,0.007649856645010439
870,0.11789907031760388,0.09445135605275831,0.018172012910095146,0.043923183059499486,0.0427064743874912,0.07354073498011555,0.09972838580019397,0.024107763375039264,0.08332622820936224,0.03557258864324664,0.03316160463294335,0.05928989136811824,0.0005724324609258079,0.027615998452772093,0.07033611620950087,0.04558100607415747,0.026562259628880657,0.028574702352771885,0.02688926165138335,0.047988929433140586
871,0.04820094227616051,0.015095899504072249,0.0031652692508538586,0.0028035241936134173,0.05771961575086447,0.008920304252406327,0.029608411346345332,0.25058234688576525,0.10914228490805658,0.09915507245323117,0.09725370837702764,0.0025159832506787077,0.0005421179379915447,0.032707782258823204,0.14858293289958135,0.029073584230065067,0.01755263146895208,0.028434857717582716,0.011933920553894951,0.007008810484033544
872,0.046294987556324906,0.12096327905530448,0.014400390363726727,0.01161534086439329,0.013745827165375509,0.0026983751005222345,0.009450256176195663,0.030240819763826116,0.011631084524548509,0.17607449322705832,0.20067724924911545,0.007754056349699005,0.0023625640440489153,0.006300170784130442,0.0024586032328313915,0.003475956294692657,0.01890051235239132,0.29860058917793275,0.00975510314962133,0.012600341568260884
873,0.0035162052875549635,0.009688425133835528,0.009802754135001718,0.011553245944823454,0.0068827848181926944,0.004483899501931257,0.06748229974231709,0.0068827848181926944,0.19409453187303402,0.0818257740102577,0.01010909020172052,0.004757218918456715,0.0016833652918885045,0.120623720373072,0.320500635885313,0.1209814246399488,0.003140688218010259,0.0053031292861484705,0.008985857957084908,0.007702163963215635
874,0.00519744893460814,0.019681006632382817,0.002952150994857423,0.0036901887435717793,0.036901887435717796,0.0005292479091338483,0.013838207788394171,0.0023807669313366323,0.015219551455072408,0.0010250524287699386,0.4622733518174713,0.004214411965099995,0.0011531839823661807,0.0023807669313366323,0.07294245661747802,0.34574370190640946,0.0028006806834370186,0.0016400838860319018,0.0027023798131381007,0.002733473143386503
875,0.004519091015622286,0.031138800980540976,0.009148699015072205,0.012395011568807504,0.017979251154475424,0.004803066982912908,0.03716566568645213,0.3866968293201218,0.009606133965825816,0.09589514025104875,0.08664404710823544,0.007328151007398569,0.0035578273947503023,0.012007667457282269,0.00468591900771991,0.0055965233957781056,0.008607818978575182,0.24204125508969307,0.012007667457282269,0.00817543316240495
876,0.009405524676453447,0.01700229460743508,0.006406661736134958,0.009405524676453447,0.03843997041680976,0.004804996302101218,0.0063151379970473156,0.4407921515451618,0.006215320475437128,0.08320311009290815,0.12866690974008413,0.006800917842974032,0.002266972614324677,0.010280457204495629,0.003294677675551571,0.00248313472845156,0.03680520121861659,0.16174500428942845,0.018419152491388,0.007246879668742819
877,0.036828510941682276,0.5733208816625743,0.048632512960481565,0.0024859020441129866,0.002670042936269504,0.14290090337918457,0.0066272619721113556,0.0030677089055011317,0.0021519749038590033,0.000673749152142772,0.0021837943238220713,0.057672927423421276,0.0007628694103627153,0.0023255212670734385,0.0007137738542502634,0.06088248768355414,0.004621228158927987,0.04741764234861742,0.0024030386426425535,0.0016572680294086573
878,0.040100714093939706,0.024374294268911353,0.04488401086443284,0.0464903943796855,0.02878349496352636,0.04188970623269132,0.04224475222666812,0.03870504372126308,0.02391930744255834,0.04846877601168633,0.02419469420587727,0.029861131820965888,0.05451668500193873,0.034434065609907104,0.024183123333468913,0.0419335358602351,0.053754826566387776,0.03268401692660711,0.03714033089225368,0.2874370955769955
879,0.05795326303644684,0.06191914028786216,0.07785365190754057,0.11217263621628613,0.0016665607116815905,0.06878457923407191,0.08527547731458388,0.0019826325707936166,0.058069953197108344,0.0004491901918204287,0.009856516209088265,0.10772999295196471,0.006448188174169893,0.07975299405740773,0.05698752734458111,0.09311354914337806,0.06191914028786219,0.004122694897268632,0.007187043069126859,0.046755269196957154
880,0.05124122286914969,0.061444428665098645,0.021864897561488524,0.06699101221041977,0.08555553358431456,0.032388718996621595,0.09434279984620352,0.0021456784613209045,0.05471617344035583,0.06972606905039454,0.06914263869325468,0.0716851667759484,0.01015168821423369,0.0780331608627493,0.03451346631401286,0.03484232524691447,0.003862221230377629,0.005477374762328663,0.06592001050613669,0.08595541270867603
881,0.034811180279578635,0.06404789384025497,0.05111746998948651,0.026066681355986776,0.03407831332632435,0.05141124855264449,0.04165127184328532,0.06595802579288583,0.05613360047824064,0.03985767640505772,0.034918499034452294,0.080645528089344,0.03426352155092394,0.05995960258240533,0.05962492518739006,0.06973832052011524,0.049602908051520414,0.044896825493411445,0.020564499421057796,0.08065200820563427
882,0.0040114207112023036,0.008331123097824885,0.00788543218880419,0.009363950724204975,0.41253867373025416,0.004161755877424433,0.002223557925016001,0.006073913983268091,0.00615711828440875,0.002442769754140428,0.006914917457874443,0.005868158674371105,0.0023168537874321588,0.006330558236082236,0.0027745039182829555,0.0018637337491443833,0.0032570263388539042,0.0035391309823766827,0.05718053819399572,0.44676486238503804
883,0.044250829872581283,0.046709209309946896,0.05605105117193628,0.028744128806121177,0.04440407949984563,0.03683354791298671,0.07194052326755215,0.12270916119355746,0.04836887840234494,0.04586295764500378,0.039444774175153394,0.05966218332026832,0.01057770572042652,0.0865653299952684,0.02661170529553761,0.064729614270414,0.04598986986456448,0.04206001135962698,0.036340791419167476,0.042143647497696446
884,0.0006115551527883333,0.05133416886854719,0.06802190032781155,0.08808365091283042,0.011482643036385555,0.002474101772485338,0.000725219560192772,0.002375719248907356,0.0021529955693222916,0.013428853720518703,0.13123020613012062,0.040425784025743705,0.00037040783988340507,0.04082717524048198,0.0005381512497578992,0.04655664037614647,0.02338666746860178,0.0008197355054652043,0.005511668657465066,0.46964275533654437
