site,A,C,D,E,F,G,H,I,K,L,M,N,P,Q,R,S,T,V,W,Y
790,0.0408017393446865,0.02329824141196955,0.015532160941313038,0.010276713461034093,0.1378417935341057,0.00547932131109177,0.05019127391144829,0.046330867721706255,0.0465964828239391,0.003062237552469638,0.05019127391144829,0.05019127391144829,0.018638593129575644,0.0465964828239391,0.057434080639210724,0.011649120705984777,0.20216796385002175,0.05021362460661049,0.018638593129575644,0.11486816127842142
791,0.0901550196606053,0.16202477560859543,0.015713748062636198,0.010863825821081812,0.01517189468116598,0.0754115842800709,0.012753186833443867,0.01466616485846045,0.012753186833443867,0.002509250760343806,0.009462041844168032,0.01692249791360821,0.4795750815079922,0.011413862928563355,0.0030135955188617357,0.01198909502972905,0.02495420000504701,0.004466852241155467,0.007457371961929042,0.01872276364909845
792,0.12067519992489921,0.07160846486500459,0.020101809135072177,0.021793880611088355,0.006779202494232552,0.051488042943696244,0.07145279428921111,0.006440479038822255,0.17459053808223526,0.01636323533340712,0.004849737168950981,0.08092582153989115,0.0006460422244492968,0.039404114497726725,0.08087354810016185,0.12504966171314216,0.06906208411389002,0.009097335547864972,0.008048499982514395,0.020749508393739638
793,0.01508752537851958,0.010114841502737252,0.013267519373720293,0.08820252868457874,0.01571690756579173,0.5569342077581897,0.13054900431691244,0.01857452712320841,0.011351099908627359,0.003728463473636723,0.012612333231808178,0.015023514584947975,0.0057072569372986735,0.011351099908627359,0.023391987158759026,0.039034586008379134,0.007142910454035793,0.003768470247579482,0.004052498188607539,0.01438871819403468
794,0.005667203750048128,0.0144974979652394,0.024935696500211765,0.012223380637358708,0.01948101289079044,0.04065749071756551,0.33592553130368913,0.02211156867224483,0.061319670737079314,0.007792405156316176,0.018890679166827098,0.016848443581224164,0.008658227951462417,0.021496290086389456,0.3378303880778922,0.005318268585541838,0.010050804556031228,0.006703144220487033,0.00809600535721161,0.021496290086389456
795,0.03595339539130774,0.01588261176599164,0.01588261176599164,0.02061953106462073,0.016553708037794105,0.0038534861333881358,0.01958079625983328,0.009529843312480087,0.01992056390988782,0.008105608763333667,0.020987736976488952,0.017271942021684097,0.040707024560555014,0.018364269854427837,0.004980140977471955,0.011678360341762782,0.6415228600885172,0.0419834286009957,0.017033525662077994,0.01958855451138969
796,0.0020165767679396077,0.011993725107077774,0.0142938915659694,0.024844144864661095,0.022201150730122677,0.004576553001384939,0.0158099103684207,0.14515853057729156,0.01534491300464362,0.005406497846195679,0.015573941556951737,0.03115389584549763,0.013862213093902643,0.0521727042157883,0.005165614278790922,0.01310687502821628,0.5694252093102447,0.006688808232793372,0.01257173595561164,0.018633108648495822
797,0.0070903133359044605,0.012711946636490229,0.024952448855202234,0.012240823966702981,0.01752850855583258,0.0029462131625935593,0.02760696469086204,0.030175054429546887,0.01685100442169501,0.005424657641672569,0.013951906886779742,0.029489257737966273,0.01324007490276037,0.024952448855202234,0.002003517107420551,0.006421887480839656,0.011585065539915321,0.005951309723614775,0.7072696313781365,0.02760696469086204
798,0.050342659800869195,0.015304476571916262,0.01817406592915056,0.013369427809949838,0.028369273645503318,0.005619034876645584,0.03524667331714049,0.022806670969914435,0.01906787245025633,0.004714503135672686,0.020770361061886358,0.046525608778625445,0.002651338833506165,0.021539633693808076,0.00605802197638352,0.6338802790569659,0.011289937495156851,0.009941369397142187,0.016154725270356055,0.01817406592915056
799,0.0031526850153395813,0.035221102690738255,0.006184112914704563,0.005186675347816729,0.007536887614796186,0.0015867131820623548,0.006793814187985293,0.2639133740022578,0.005742390563654237,0.44113294402729886,0.06924537179489804,0.005183959760433935,0.0042312351521662794,0.007420935497645477,0.0014313377072609965,0.0020338144262232547,0.053239760577400784,0.03702574372153476,0.004922049054560775,0.038815092761221755
800,0.010280276717401522,0.01718073643182172,0.022396317134339032,0.022003399289876942,0.020560553434803043,0.00737659152017402,0.6809990746542892,0.017917053707471226,0.020903229325383094,0.006431762869348645,0.02986175617911871,0.025025116649278156,0.009642419634505866,0.0173910009867027,0.0345174627511889,0.00841740778203346,0.012417759995277085,0.008361291730153236,0.01694856431787819,0.011368224888955133
801,0.042737649361001454,0.02913930638250099,0.021694030509303477,0.07618992033709904,0.018078358757752894,0.35101301584397154,0.018078358757752894,0.01668771577638729,0.014148280766937046,0.005334597666222167,0.013847253516576685,0.15670471432367195,0.008034826114556843,0.013282059495491922,0.002382070314020702,0.07122941560166907,0.014908482335233059,0.09553504496346585,0.011833107550529168,0.019141791625856004
802,0.04078073940872135,0.007947757987127383,0.006749155370027035,0.013316014285607228,0.00795436168610329,0.16043450634745907,0.06027903043851625,0.021212562031149414,0.11977531877198026,0.0018406787372801004,0.0032191735930609533,0.006412817929922227,0.0026833991230227968,0.06797130058114774,0.06447560309748791,0.18433078744686884,0.15835037750178022,0.0115366565432567,0.008540122376177036,0.052189636743304124
803,0.23285861378209036,0.08054413878376034,0.007514444333896543,0.01015135259868198,0.007514444333896543,0.1871649278734344,0.01571201997087459,0.009342282144844352,0.009342282144844352,0.02666846066753268,0.03407636640851399,0.014500581450431486,0.003973154475393574,0.058416628128881126,0.033817986573197546,0.20784166745618463,0.0370395287049065,0.0030283722380088436,0.011150465785781967,0.009342282144844352
804,0.0028934129158773637,0.007296821070552237,0.48706629796869744,0.22909007269964632,0.012083442956848517,0.022808342001694168,0.008138761963308264,0.017633984253834573,0.0037671643416288154,0.002748153390207985,0.00798520041683075,0.007173146137153047,0.003158325538000222,0.15475900083016866,0.00377871091153598,0.003440777415382356,0.004108889534874075,0.003250619177335055,0.009618536865727948,0.0092003396106963
805,0.007775304321281509,0.010383117701570336,0.023871548354811648,0.016007979484991337,0.01838754400303059,0.004723803487997411,0.016593637271027604,0.021598067559115294,0.018142376749656852,0.004981586876790064,0.01546225291163936,0.021598067559115294,0.0072349270230786245,0.014789981045915909,0.016910370012932125,0.00629943637140863,0.010630298876752061,0.007559323645690355,0.740856373535361,0.01619400320783402
806,0.08075644843695819,0.04813034143940462,0.011910322337450024,0.0076300502474289204,0.016596669461863663,0.08342592516163468,0.010615722083379369,0.07025059472116174,0.0067710179915921485,0.07343898795056004,0.2646863134564652,0.009043022515471313,0.0030520200989715683,0.15099714961381844,0.02002106836834077,0.08780535262594089,0.020167118139294338,0.016992016116000496,0.008831255309982498,0.008878603924280925
807,0.0819952209875561,0.0709565215402434,0.057787305631112375,0.004699890648128606,0.0043173414093274414,0.14682872502089958,0.026686498781034525,0.002655748275263249,0.004885412647396841,0.001865785734684221,0.004950551482695465,0.06153444722435697,0.0011487378092517643,0.004527943429294633,0.004174748315555646,0.24737755630621186,0.20238824454535784,0.06343082887832249,0.0033151014393049995,0.004473389894001926
808,0.024524793592664476,0.06371921263321252,0.07249596368461922,0.0659549744799919,0.00484775441052165,0.026910762672580812,0.042703060269281,0.0648824725116839,0.02579371214654915,0.027341334875342106,0.09113778291780701,0.12127969017768168,0.004965215818403774,0.1220595306934915,0.09247804443130417,0.027917438091949374,0.06238246412097076,0.04170367298694294,0.0023588562534371323,0.014543263231564947
809,0.07910874626222304,0.0588244788862846,0.07524476863249387,0.09018544889421551,0.002701173313024124,0.06050212130328299,0.024531059280237844,0.01976502490579163,0.05436633111532723,0.014224828530683367,0.026952306689715867,0.12941385354982612,0.0010804693252096495,0.13176683270527756,0.026423830087956724,0.10919903262868301,0.05922784707223973,0.023258547993722196,0.0019931710364233684,0.011230127787381607
810,0.04547957861404701,0.10614721365365261,0.26293104368502385,0.18227343428533516,0.005909493319620774,0.02206654062645605,0.029474832761661376,0.004704645167076733,0.007022876118969615,0.0033886605049573675,0.007342097760740962,0.11513488302536815,0.03238389569094487,0.014684195521481924,0.003939662213080517,0.09213881351976899,0.048851842647419666,0.005122493264200661,0.007815781487240379,0.003188016132953314
811,0.03318455232999072,0.014573302452845131,0.012272254697132744,0.006136127348566373,0.011957581499770364,0.0029146604905690263,0.012272254697132744,0.22238710846281182,0.007662378131708062,0.13608146436468643,0.2543125705132246,0.011658641962276105,0.0026052831200616996,0.010333552410944144,0.001894301641998965,0.0782046058311249,0.08958276307322015,0.07494765985459034,0.005360295155069475,0.011658641962276105
812,0.00510267366624985,0.008258966655682747,0.0075577336377474205,0.012921286541955266,0.010639743806201361,0.0041289371042702566,0.009206440920194644,0.37183639039586847,0.01082594277839495,0.4372029448609884,0.051467185193211355,0.007349722620194738,0.006082261093400964,0.01001399707001533,0.0067141957006667955,0.0026973729481522784,0.003726138444656867,0.013358336831046997,0.013351996093353774,0.0075577336377474205
813,0.03270725564786722,0.0467469361326433,0.024912160321471356,0.04567229392269748,0.11109476900115604,0.055523801692496266,0.06294213006221745,0.05126243989303147,0.020160821247951762,0.04713911756726726,0.04509207363757376,0.07654046498769303,0.010554003055109819,0.051381330663034665,0.027444517917244848,0.04294011205410754,0.0894972680654643,0.028498100671583648,0.036637122733642113,0.09325328072574651
814,0.047884632433313,0.12517813936657535,0.009133416087908382,0.005407875301126115,0.009605834161420886,0.002253903561838823,0.009285639689373522,0.1916790259050685,0.010129788752043843,0.04829726568326859,0.07751531060886473,0.00705238457420774,0.0035261922871038702,0.0055713838136241135,0.002717124563643683,0.0032200151877477103,0.12341506698113061,0.30207020823264974,0.00592700405704693,0.010129788752043843
815,0.009263326094567126,0.0123056621280796,0.019250349540272313,0.023245705105234486,0.018117976037903348,0.02848218743206047,0.016648950953749027,0.020533706176290464,0.02566713272036308,0.004986511462517104,0.020533706176290464,0.01987132855770045,0.00899286401881334,0.030031990718110184,0.024292432701222513,0.007000127105553566,0.009194196795353939,0.009333502807404756,0.6671050297832601,0.02514331368525363
816,0.011017276941370982,0.024037695144809416,0.14123922759435772,0.016525915412056474,0.028585367199232825,0.006076806550829521,0.013731508285989374,0.016013381795739502,0.013049712383652864,0.005451848383358837,0.016019253792129214,0.56966247541681,0.01016979409972706,0.014896599808050906,0.0070983797743061385,0.05191738310670916,0.011119079865248065,0.010072938917824901,0.014102114484954858,0.019213241042842052
817,0.0230461356182484,0.010377291790940933,0.009685472338211537,0.007387224664737612,0.007782968843205698,0.001923481127940866,0.10524581839715315,0.012717527216429247,0.2738581614982667,0.007133327691362603,0.03242421677892092,0.049767402497878616,0.003890620054392366,0.14032775786287086,0.22674993286202388,0.04595243302080671,0.011160378989078085,0.018938038118661776,0.005315198234384379,0.006316612394485785
818,0.04162680306038891,0.2585739729743903,0.003917365457134049,0.0032081238690224202,0.004502046868646594,0.004982645277127681,0.003818191648092681,0.04562977874763334,0.004787891114274949,0.05045007884467373,0.16907491208369013,0.003467093565509446,0.0019212556700593743,0.005027285669988696,0.001358585656226648,0.004009786909217396,0.19212360298840184,0.16314550126642896,0.003770464252491522,0.034604614076601155
819,0.009219287257970901,0.013240606657018728,0.017621675644982356,0.014650225903890533,0.022453425418606548,0.003998985885172369,0.016377792658277716,0.0232018729325601,0.015467915288373402,0.0054782479280183404,0.016377792658277716,0.01301039603694959,0.007175836989451578,0.01677243826450128,0.0024758216522461564,0.0066283720560859315,0.00987313741811068,0.008286383190200036,0.7596104046534151,0.01807938150589099
820,0.01311414623226595,0.02204292664572361,0.01817574653243877,0.02252212070323934,0.023545853462477496,0.01113997368117215,0.011021463322861805,0.5570533142679427,0.015462948542522536,0.006554089937714935,0.009954823499115258,0.01294634004790397,0.005053744157800049,0.015697235641651663,0.007730091397633182,0.009418341384991,0.05108026318387359,0.1429215300097091,0.02204292664572361,0.02252212070323934
821,0.03640932496941867,0.010547945122631512,0.032960141273281084,0.07123358358817733,0.19809360575002666,0.023168063522168755,0.0325228307947805,0.11681669836492584,0.02467607803198631,0.037423531325500844,0.0924333085746393,0.02487040001953803,0.0012342944665780984,0.033727380083476075,0.00881975072400827,0.03338626878048264,0.07053144027783723,0.014751156966385999,0.06050759217633582,0.07588660518782117
822,0.035354211127129234,0.12176450991613262,0.10191219622612585,0.12094722435069992,0.02754197248102999,0.07889552483669356,0.030045788161123632,0.003922040650484037,0.014918720439138264,0.06884362169613475,0.02160154704394509,0.05508394496206,0.002069965898866575,0.11191658658958217,0.01850147769718045,0.022352905201995357,0.0823232584048369,0.002438806038310337,0.025705840982294663,0.053859857296236435
823,0.011412105893415337,0.022824211786830678,0.002857180001772151,0.028830583309680857,0.03777800571613353,0.007767333301441798,0.014210584509574353,0.05793756287500036,0.020279287933058766,0.007303747771785816,0.017670357512385042,0.5933729352412281,0.006933937758024508,0.02191124331535745,0.006521203367665908,0.002171850593410119,0.008898436624782357,0.011412105893415337,0.018568850267252076,0.10133847632778561
824,0.0740240715096721,0.032053080388989734,0.0644010530034201,0.03099955481586847,0.040600568492720326,0.04935662948934638,0.06991753130952559,0.06131893639632818,0.06573597842487724,0.03730235297443298,0.04013149902361316,0.0647344642153894,0.05424367450444417,0.03378928891006001,0.03438781093584207,0.07289708999858845,0.049598956198253226,0.05793176090699869,0.048079620583484604,0.018496077918144987
825,0.0589143821262878,0.054360920366230595,0.006760042972001369,0.0477252165286595,0.041458268903684016,0.02615358085045487,0.10243867411749717,0.008603691055274471,0.026651744295225443,0.0018539949706766709,0.06584548590585108,0.11408265495916156,0.0024194162198844923,0.03458989937927303,0.055466453529938106,0.058633837449495955,0.0030529226325167473,0.003154686720267305,0.21765591174434107,0.07017821527327876
826,0.004811455971477653,0.1584647393400796,0.009422434610810403,0.009045537226377985,0.009832105680845638,0.0038006458934361285,0.012223698954564845,0.14534405205461573,0.04772962392129577,0.13388714060047516,0.24611101142337077,0.012922196037682836,0.0050252984590988805,0.009622911942955305,0.0027569446367436156,0.0029952110021119155,0.03241602797207618,0.13706403615927648,0.009230140026916312,0.007294788085788697
827,0.02418425653566561,0.05980240270092279,0.04137188305152747,0.03726421887905749,0.014950600675230697,0.039354025795449346,0.13241960598061475,0.05591912979826546,0.07089584433639297,0.05844044321912124,0.021029416334390438,0.09200369646295814,0.05523822715232008,0.03948857067235537,0.030632622225078045,0.022973311961939132,0.05210506373941788,0.040662551603155093,0.046423428511767555,0.06484070036437051
828,0.02109871573725776,0.21108572992367863,0.19197586956955626,0.02665809341876109,0.010412847746920749,0.013070773745823364,0.035278941304119606,0.0232500224263762,0.013112474940566865,0.03598217756462983,0.010412847746920749,0.2777413212906568,0.002975099356263071,0.012208166323976049,0.0034372507125757807,0.004481478777155766,0.036436602309992544,0.05502024714848059,0.007867484964340121,0.0074938549919481975
829,0.011060541646683106,0.022623835186397264,0.03828649031544152,0.11001125575033341,0.021179760600031478,0.009299214914636334,0.025524326876961014,0.023701160671463793,0.5230756861279723,0.006221554676259246,0.019429955756374774,0.033027924743879424,0.008436006340690503,0.03622138173196037,0.020257408879822695,0.010262358228881231,0.020623749950120167,0.01070374998066107,0.016872012681381006,0.033181624940049316
830,0.051741558000503306,0.01343837102583871,0.03223926311013182,0.023517149295217747,0.01567809953014516,0.006838455143653855,0.05617447360098725,0.046463624466563644,0.11796639456207325,0.006271239812058065,0.01106689378598482,0.05775733643361286,0.006367472313436602,0.03413445064569467,0.008723565312153316,0.2676460357828016,0.20263323697348165,0.006487489460749723,0.019803915195972837,0.015050975548939355
831,0.03516229439790964,0.10431612910880998,0.003011242509180497,0.00721683912073528,0.006219389811365365,0.0011879213568326728,0.11117887403654311,0.03035654550785475,0.02176786433977878,0.06490159758101623,0.042499163710996664,0.17121091666430083,0.06950179690096295,0.05312395463874582,0.03208546134472596,0.014555939559771428,0.013699100004061247,0.026758732706923815,0.0331493476945774,0.15809688900490756
832,0.008101549472907804,0.08347452035204032,0.014402351283402143,0.01013579041375375,0.006868813689007176,0.002823582187749785,0.010147111131487875,0.19562455801241907,0.009301518537197217,0.2690485061411214,0.09780852889734018,0.01116182224463666,0.0033569390209433553,0.008424016788405026,0.0031221880404578065,0.0030580334916812764,0.0044205236612422415,0.24281440182154676,0.0073192277014010884,0.008586017111258969
833,0.03802686910127822,0.07413521426400227,0.0824543647282866,0.12142366895078312,0.013598171094619981,0.08259238676499282,0.0647855722865109,0.02547683157437289,0.006468357515710843,0.017677622423005974,0.018955026374318763,0.03950626549594858,0.03160129997804267,0.04244571977392094,0.028084386015827387,0.11271178724879645,0.06849632481069005,0.08837563672870456,0.013268518462023133,0.029915976408163958
834,0.13516345169984847,0.1042285131132491,0.004127512549452345,0.060515337318213194,0.022389828742846108,0.016834457701388052,0.10355295793566327,0.016814285323929635,0.12256112997199367,0.028133816221377304,0.041980928892836444,0.026554045718875884,0.0011823603657285361,0.08557410125812395,0.09706379991395653,0.03183387972916508,0.020668475803722764,0.07351884064815141,0.003388256570445953,0.003914020521032395
835,0.007843905154812378,0.028300508009952492,0.01911060528627016,0.026277082268621466,0.024443797459182758,0.010106570103315948,0.025636177823045333,0.024443797459182758,0.01876934447758676,0.0076616951309110715,0.021897568557184558,0.0142038282533089,0.008983617869614175,0.024443797459182758,0.005172890033038998,0.007248850280999025,0.009642965970136317,0.011301970868224286,0.5663524334543388,0.13815859408109107
836,0.034985140277042484,0.013311301601680063,0.008441313210821505,0.009888395475533763,0.010487692171020656,0.004220656605410753,0.009353887611991397,0.20534528570268798,0.036754852322147404,0.020370428388813557,0.02274697836750847,0.009353887611991397,0.021941785865244177,0.1383262198024164,0.02886499833434813,0.0710271222510832,0.18684229213763817,0.12332699114914235,0.03688699194731104,0.007523779166166995
837,0.022314831726307032,0.01992492856328833,0.32368641964157613,0.15488503774968373,0.01867962052808281,0.0013183217822400435,0.01758081932054853,0.03984985712657667,0.01992492856328833,0.006427396310738172,0.021348137746380356,0.0665282546470543,0.010131319608451693,0.18418691168712026,0.00591829561285792,0.006292082704196316,0.007969971425315333,0.03041312539168378,0.022138809514764816,0.020480930349845425
838,0.009360059611985782,0.01992786885132457,0.03088819671955308,0.021302204634174537,0.032432347591710715,0.01012331366040537,0.024710557375642466,0.33377951038579656,0.021302204634174537,0.06103308101742328,0.014691954357469816,0.09229993884072753,0.006435040983240225,0.01816952748209005,0.005466937472487271,0.015390462202244487,0.011475796206129842,0.2300267356806825,0.020592131146368722,0.020592131146368722
839,0.025873648878918985,0.016468475012341388,0.017840847930036503,0.015292155368602718,0.024467448589764344,0.13672744918696572,0.020848457341912312,0.020886846357115907,0.013812269365189554,0.04600525139545985,0.016157749068712306,0.017127214012835044,0.4667504803660293,0.014272678344029203,0.006962282119038636,0.06838855286101539,0.03028407264249864,0.007646077684301359,0.014272678344029203,0.01991536513120354
840,0.006094461055627931,0.05224260776135216,0.018569613689293912,0.009344840285296162,0.430985639206497,0.004918336992261138,0.03574860854135463,0.012459787047061547,0.012742964025403859,0.003278891328174092,0.012742964025403859,0.04323500213049798,0.0076806906454489005,0.018689680570592327,0.003131928010301931,0.004873530967485016,0.006028929216320104,0.005390007895677795,0.009836673984522275,0.30200484262142746
841,0.0180305603244797,0.014889276441129078,0.023712551369205567,0.011856275684602784,0.013338310145178132,0.018932088340703687,0.09015280162239851,0.16229147839417143,0.017303753701852713,0.3435369318687507,0.1262139222713579,0.013066099734052048,0.006594600545276806,0.0212564173390654,0.006587384458595434,0.009561660778133176,0.019716004862405753,0.05186256475159725,0.012804777739371005,0.018292539627672865
842,0.048237101104124165,0.01912056647154368,0.013018258023178677,0.033757092305954445,0.019737358938367675,0.33542887846934744,0.021165621674831565,0.014923368953399947,0.01610152966024731,0.005463018991869623,0.01854115536634539,0.29299267718445415,0.006509129011589338,0.030161010886634976,0.04142916790092517,0.005414673691056617,0.009868679469183836,0.03270468303320915,0.019737358938367675,0.015688669925369176
843,0.009141372600493977,0.020259258195689363,0.03407238878365938,0.11702443532619279,0.015616511525843884,0.010411007683895919,0.017432384959081546,0.02203023389963481,0.4059071292578215,0.005240966681192874,0.08328806147116737,0.0845332867496379,0.005316259242840472,0.04140928660286919,0.0626277621663918,0.0056787314639432296,0.01656672844918582,0.011532193126777019,0.015616511525843884,0.016295490287837097
844,0.01664524280930423,0.01664524280930423,0.026632388494886756,0.03153835479657643,0.01902313463920483,0.024603712144413918,0.018725898160467252,0.02140102646910543,0.010749095763914876,0.006770946227513582,0.022154118587784592,0.016879682848871893,0.00998514087966066,0.02923067029926595,0.6501418307500442,0.00730444825435906,0.010421369411042644,0.017368949018404408,0.02346590895333424,0.020312838682540746
845,0.007558768168844281,0.019296380880063774,0.03085260270040302,0.4398095113157339,0.023836705793019948,0.007163576719806934,0.01884762783634136,0.040522399848133925,0.17921617837373963,0.00826987752002733,0.0225124443600744,0.021327578867438902,0.009004977744029759,0.01840906462609722,0.008531031546975563,0.008906021944644817,0.011577828528038264,0.06775185359393852,0.03683854531648539,0.01976702431616289
846,0.0486157192084109,0.02795931640060417,0.6382971728242007,0.023014308751174672,0.023025319388732847,0.0029216320301423074,0.014320625473480187,0.023025319388732847,0.02795931640060417,0.006523840493474308,0.023965128343375008,0.008541021923640979,0.006416892288663253,0.030110033046804496,0.00995162109174047,0.007479562349206213,0.011742912888253755,0.012623476125139416,0.03261920246737154,0.020887579116247917
847,0.010590207114921703,0.05951621015825196,0.026245295893501615,0.015091045138763429,0.017223148836859964,0.021774223228628757,0.035508341502972766,0.027318352126116916,0.023216992521174505,0.3268251408865005,0.09397296340776623,0.01631464339325776,0.007019090762215546,0.06867255018259841,0.00826906582945941,0.061753424873626415,0.017754170751486387,0.11815950495820404,0.023216992521174505,0.021558635912519185
848,0.017828279891142013,0.022254669105767493,0.02674241983671301,0.03209090380405562,0.02168304311084839,0.010780066714146852,0.03646693614097229,0.04011362975506952,0.03342802479589126,0.00881377889649263,0.027664572244875528,0.047192505594199435,0.013371209918356507,0.03488141717832132,0.07822192254194786,0.012342655309252161,0.01706962968300831,0.017440708589160664,0.43475757729799674,0.06685604959178253
849,0.010306216468928252,0.4257453671764703,0.021764577347766403,0.30370309080594116,0.019110360598038795,0.01834751363134546,0.011871587644236221,0.018221506616734662,0.024485149516237207,0.005022594772561479,0.0211763455275565,0.014783486500369633,0.005847199884474557,0.051537494197371816,0.00719334849771775,0.0064662526138928745,0.009918035247083429,0.008335370048080753,0.01043337333311974,0.005731129572073118
850,0.008920631129008698,0.030924854580563488,0.07941451686414043,0.02266776148326386,0.027286636394614847,0.4890324322008465,0.014957512982163985,0.028113504164148623,0.07136504903206958,0.007542647458674023,0.02899205116927827,0.025770712150469572,0.009277456374169048,0.0250742064166731,0.05251308032289982,0.00937116805471621,0.009095545464871617,0.014239631108437007,0.018933584437079688,0.02650701821191156
851,0.09018470983996843,0.029944794527528927,0.02466041902267088,0.027046911186155154,0.06848710769396928,0.010480678084635124,0.022064585441337103,0.023770027885609973,0.04412917088267421,0.011485674613298765,0.03105386099151148,0.016769084935416196,0.04913689788484579,0.046580791487267216,0.00921378293154736,0.43251542191543924,0.009415045752946563,0.01612412013020788,0.01949893597141418,0.017437978821556437
852,0.015364551789158845,0.026247775973146363,0.029997458255024423,0.02519786493422051,0.07117216224204491,0.009544645808416859,0.020831964283829406,0.04591827301148243,0.027388983624152735,0.32962768223435124,0.15631630414557884,0.02249809369126831,0.027287417561252827,0.06252652165823153,0.00582638085635789,0.009540319687466417,0.027388983624152735,0.013694491812076364,0.028633937425250583,0.04499618738253662
853,0.013404904191385595,0.02234150698564266,0.01811473539376432,0.033512260478463986,0.04468301397128532,0.012186276537623268,0.01718577460434051,0.35228474804637333,0.033512260478463986,0.06009024772649988,0.07176962929209019,0.030465691344058174,0.008819015915385262,0.02911042521780064,0.01820036580905742,0.009713698689409854,0.006667337118139164,0.1313157790067273,0.02234150698564266,0.06428082220784635
854,0.016688196982038748,0.018331330348019266,0.016534141098213457,0.006041611154479863,0.017567524916851797,0.443368189933383,0.015615577703868264,0.03123115540773653,0.015331658109252477,0.005303403748483562,0.013175643687638851,0.01794130204274226,0.006910421581741696,0.015331658109252477,0.0024943273590481785,0.14634055400396817,0.16840098839572945,0.01588490773262259,0.008342835048363762,0.0191645726365656
855,0.007407710560307937,0.09154467001071909,0.0045789826401866655,0.0120269136779585,0.33499313311614787,0.005831230874161698,0.10271874568198794,0.004183274322768174,0.009163362802254096,0.0025698792532035165,0.008737015595481464,0.03223479765350688,0.003360691532033907,0.004094268486113532,0.013083069014643194,0.0023184411909317588,0.003207176980788934,0.0068725221016905725,0.14259842828592775,0.2084756862191866
856,0.017935055062469972,0.0549261061288143,0.038209465133088205,0.017231719569824094,0.04882320544783493,0.002504709358160468,0.03380068069465495,0.022409820549807134,0.06441168662313423,0.008699100701664986,0.03380068069465495,0.02510907708745796,0.012736488377696071,0.04394088490305144,0.4693433937998143,0.008122777790431733,0.01255453854372898,0.02441160272391746,0.02441160272391746,0.036617404085876194
857,0.03177342469784102,0.01992746674888595,0.020724565418841392,0.024672101689096892,0.028784118637279706,0.006600180069694709,0.021865173426120293,0.038378824849706276,0.030477302086531453,0.035534068243659726,0.06095460417306291,0.03454094236473564,0.5419149344900676,0.02114751573351162,0.005104572763261426,0.004080271917070934,0.0066842734399703415,0.014194907821124241,0.024672101689096892,0.02796864974044113
858,0.005275221568185731,0.0046927086592458925,0.016797416046065092,0.02553207239001894,0.014343860893269066,0.004356057502790545,0.03473376123084649,0.020590380959692692,0.037547165279439625,0.003961064907800988,0.033594832092130184,0.020590380959692692,0.0033552452554694735,0.01773060582640204,0.6946252958471303,0.012387863841313757,0.008028953581766961,0.007053058671275948,0.013876126298923335,0.020927928188540116
859,0.11819828982128351,0.04439101473444592,0.004931009787087411,0.00756088167353403,0.007732719893387077,0.02302078063528017,0.02954755140879916,0.042891739690195586,0.011732402596863149,0.024713485093756652,0.052722101533347526,0.0032403778600860124,0.0019002316025063064,0.08175488041826526,0.0023960540514720518,0.344672056278366,0.18402219723058608,0.0029324473249027557,0.005969117110684761,0.005670661255150523
860,0.003015181037168482,0.09718303179045674,0.030160251245314157,0.030160251245314157,0.030160251245314157,0.011661963814854808,0.017849944614573687,0.025821448397433538,0.041649870767338594,0.008659874119941688,0.041649870767338594,0.06826196782094393,0.009867813169251253,0.03802814287452654,0.007951338964673734,0.008321735487269845,0.46999803190216705,0.013252231607789555,0.027332727691065956,0.019014071437263275
861,0.014200592674517478,0.018387482801602684,0.027410446325231416,0.016145879342259594,0.036832787249529715,0.004635759747072921,0.024054065142550016,0.03802094167693389,0.022666330615095206,0.006845602849315639,0.021047306999731265,0.028747541267925628,0.010160768896421988,0.019322117901392637,0.03879359842183314,0.007754270999900992,0.011443196038688841,0.011225230399856673,0.6249730042974205,0.017333076352719863
862,0.281552813758506,0.2650720862211016,0.016017506244989956,0.01359344031903085,0.0311849513201296,0.03036828280976036,0.017671472414740107,0.017671472414740107,0.0311849513201296,0.008032487461245501,0.012048731191868254,0.013951162432689559,0.005515311929703867,0.012622480296242933,0.005956676094856215,0.16508366628076532,0.010478804725324298,0.00476222960280151,0.024097462383736508,0.033134010777637696
863,0.09628150362709101,0.017452188345675364,0.037076707904541796,0.10192542552213424,0.08172732103340657,0.06366653910572675,0.16365739581431293,0.005892273688767701,0.06627631607670655,0.011634792230450244,0.01095039268748258,0.0045988477570869865,0.0025140367738742194,0.13538667322705736,0.0020950306448951823,0.07414715048558121,0.04316676537674293,0.024423366670476027,0.053699041063616504,0.0034282319643739356
864,0.01566110618628639,0.019877557851825035,0.023643301894752045,0.030400970832202986,0.020672660165898037,0.009751254795234924,0.20620750192662993,0.019840256347416964,0.13613419734140034,0.0050176359625966095,0.027200868639339515,0.2768589057179948,0.009570676002730573,0.028712028008191712,0.09888757748199721,0.0015368572995322948,0.006399595966941686,0.00875960176521103,0.04257659586030436,0.012290849953513587
865,0.0244314022170747,0.019334545896938067,0.03251719082666856,0.021678127217779043,0.015212404342755444,0.009667272948469032,0.01625859541333428,0.3764705133799212,0.03251719082666856,0.12690388997879487,0.03148936285756295,0.01083906360888952,0.009171515361368053,0.02649548882172994,0.00831835114170591,0.006216467099073316,0.0022704728540588726,0.17214173301672805,0.03251719082666856,0.02554922136381101
866,0.03414120209450598,0.032344296721110916,0.012962931261212764,0.004311486625673393,0.03339900204897323,0.0030795668410824296,0.04217442611674268,0.09592595870360317,0.1671743877932364,0.0707531490774301,0.05343840327835718,0.0040525005390112815,0.11998193878926383,0.007373594906334172,0.10705406082348021,0.06728558077019424,0.0309060837809323,0.013656480837802385,0.03414120209450597,0.06584374689654723
867,0.03787169530597973,0.07514855061564392,0.045569885440424604,0.05470540599913836,0.03819024703417969,0.04199303153035157,0.10539253288523678,0.036225796663633396,0.022846951304905154,0.04504133875528184,0.08144515048507857,0.08161377395783233,0.03484640051966627,0.08609915908422594,0.024007873627308864,0.04089215638591005,0.049222057048609213,0.04153273733124515,0.01832515885914268,0.03903009716620584
868,0.0016158028209716211,0.03462867799941935,0.02098707757540567,0.024734769999585255,0.027702942399535486,0.013067425660158248,0.0216429237496371,0.011493399449579696,0.0182256199996944,0.006472650093349411,0.028857231666182794,0.013318722307468982,0.005487097953218159,0.023085785332946238,0.009222370013556887,0.08130420336572608,0.372688119764172,0.2337103621872168,0.0216429237496371,0.030111893912538563
869,0.0945448644356573,0.22794900349858813,0.008828521071763134,0.012178667262271677,0.009130141173382374,0.004346899141549316,0.0070261541897721205,0.06894416770777241,0.01711268809398129,0.024134013390067224,0.07061463695336698,0.013701000670055636,0.003489573397416377,0.015223334077839596,0.005170188932096466,0.007169377077064351,0.08826829619170873,0.294596272629448,0.015658286480063587,0.011913913626135334
870,0.11800415521224292,0.09197138841834764,0.026630337668261336,0.07351078521418411,0.055591258624576895,0.11242825973934038,0.10178005618627521,0.012745267350291542,0.027688203020649685,0.024635193326343112,0.04509373031287518,0.0547856260301598,0.004790176480122271,0.048937478634762686,0.0417356865661717,0.05565003043952171,0.03247310442905899,0.01813984863784008,0.021177622333172143,0.03223179137580252
871,0.07023383719214794,0.009166849718216902,0.0076883255701174,0.006809659790675412,0.09696643958362292,0.008563269989203062,0.04441146518379379,0.036578087345757244,0.06337762756290996,0.07948133377876165,0.1278936498246485,0.048305625580119846,0.0013167850423957978,0.06002684355176657,0.21478505598474346,0.04884235475323228,0.02732436550024643,0.018678530021192078,0.01272918511908563,0.01682070890736316
872,0.011464463328840555,0.16887674365850405,0.020359275595024588,0.00821088594875892,0.019433853977068923,0.0038149634102048777,0.013360774609234889,0.042754478749551635,0.016444030288289092,0.2232647406377724,0.15274273581162276,0.010962686858859394,0.003340193652308721,0.008907183072823257,0.0034759738820773684,0.009705559980373795,0.021109592957313007,0.23016573009716035,0.013791767338565046,0.017814366145646514
873,0.006209992616055166,0.006810760177672032,0.017312706687184102,0.02040426145275269,0.012155730227171814,0.007919043548645848,0.15382619191469576,0.012155730227171814,0.13199175663461835,0.007775704068693222,0.017853728771158605,0.008401754715839342,0.002973002193515345,0.22051891544282476,0.29859925678124216,0.0033005796866876296,0.032952172252747984,0.009365890502902874,0.015869981129918758,0.013602840968501794
874,0.007430932724057853,0.035173081560540505,0.0211038489363243,0.026379811170405384,0.2637981117040538,0.0017670215563690833,0.016487381981503364,0.017019233013164763,0.17935674798200282,0.007327725325112604,0.012814661182767108,0.015063645731847704,0.008243690990751682,0.017019233013164763,0.28448595661810455,0.005483214631839835,0.009256074094879082,0.0347266844259818,0.017522342490162185,0.019540600866966948
875,0.02661946383400317,0.07646542993303354,0.013620017927266482,0.018452927514361044,0.017563469921163217,0.007150509411814905,0.018452927514361044,0.3052016260975773,0.01430101882362981,0.11561747870342584,0.018436789800961414,0.04281154692323164,0.00529667363838141,0.01787627352953726,0.0069761067432340534,0.004168050214382324,0.0011183658029039634,0.2598239702872967,0.01787627352953726,0.01217107984989771
876,0.04458488687217419,0.02722016399177781,0.010256873388206134,0.015057963059281344,0.0202462771303593,0.0076926550411546,0.010110346625517474,0.38244007729191853,0.009950541765631449,0.04138454608040299,0.1164387773691894,0.010888065596711127,0.003629355198903708,0.016458703808981935,0.010343037742231758,0.0039754242637680525,0.033287230623875466,0.1949445260475726,0.029488510991092634,0.011602037111249559
877,0.052923029435418927,0.14068569054960134,0.24305927174807265,0.007040930605042472,0.007562481020230804,0.22142822521264596,0.004692671997834377,0.008688807980690709,0.0060951339566039315,0.0019082896032358103,0.00618525751090215,0.10544248774873229,0.002160708862923087,0.006586677017620378,0.002021653342041898,0.12494393658646645,0.043934369895305116,0.0031401902717290804,0.006806232918207723,0.004693953736694982
878,0.06793348084136439,0.07357318394211086,0.057278358746328306,0.07741489033523337,0.05439854243251367,0.0370477451039571,0.0418372488602687,0.03994194348469496,0.08330748212522092,0.03735761530278965,0.02603358816413154,0.04927667356009212,0.06485013578610012,0.019036327194626272,0.016845262929732173,0.07497673391269884,0.05465207160697117,0.0529475903164662,0.0309148859449062,0.04037623940979362
879,0.09485033551438095,0.025833322127051275,0.09294553573815222,0.09174829561388906,0.0024677577248466117,0.07432276191623986,0.06603461554948498,0.002935780741627866,0.09409267002469497,0.0006651378242750634,0.002432504043063088,0.14317099052518412,0.018831767531869152,0.05687497532810483,0.07727135291100294,0.0928742222488016,0.046130932369734416,0.0009398299069711372,0.0026605512971002534,0.012916661063525632
880,0.07805339516857739,0.0435845793141882,0.017749848885176167,0.060743963171178486,0.0438972113177077,0.054739869089738866,0.05709882560848338,0.005327004138400782,0.07402660955164828,0.05880759904566555,0.05529062916064259,0.07570802851242323,0.026529743930375434,0.08977746448457581,0.041890653820275084,0.03945699576931741,0.00831012645590522,0.013396311556945236,0.060767306467683,0.09484383455109216
881,0.04909949760015194,0.06692853502659009,0.04667725571854445,0.06907187781076517,0.0202944590080628,0.03061664074492233,0.032471134412900476,0.029459698560091167,0.055091332727077905,0.06349436005446549,0.008930134104074908,0.079654636172656,0.07279534209413832,0.0664792203739275,0.04990062935649145,0.07514087670706798,0.054149793662732655,0.0405889180161256,0.026242834924219145,0.06291282292499469
882,0.005627173598021119,0.024749545680833433,0.011061591145977162,0.013135639485847884,0.37585353710146174,0.005838061993710169,0.02019207557241361,0.008520414801631059,0.008637132812612304,0.0034266885615255333,0.009700164543395357,0.007078723693510218,0.0032500551305190634,0.008880432328460537,0.003892041329140113,0.0026144236922441516,0.004568918082034045,0.004964651144257467,0.13574087768913787,0.34226785161326717
883,0.0476363996156865,0.07396048085818341,0.03993865966341904,0.12084004718675502,0.07261574484258007,0.061505535881665324,0.037442493434455354,0.01874921475847025,0.03098092736930545,0.03774800336668957,0.04315066466989223,0.07674487543166793,0.009090837834018536,0.0626065475804947,0.04314553215595016,0.05548364695756418,0.0382512769733087,0.03668175290360411,0.02826428222334271,0.06516307629294685
884,0.0022555981507026124,0.02860058121828894,0.15908277551185884,0.0686101511827999,0.3334010610589112,0.027357857318418846,0.00311035113412676,0.010189081301449732,0.00923385492943882,0.024722536307334505,0.05556684350981853,0.015248092407770447,0.0015886202029142052,0.03241399204739414,0.0023080449589242854,0.1005790381500253,0.06690961661159339,0.003515714962831311,0.011819334309681687,0.0434868547257165
885,0.0628757769251502,0.09979368768109814,0.013312890945991177,0.010559280361837366,0.01571140700355124,0.02866395712764201,0.12233439066402513,0.029910216133191645,0.006832475528247709,0.04280484264394539,0.08189702036469143,0.07220274855405268,0.0034672263874689856,0.02863559895792509,0.04841023870446203,0.002609462332722168,0.06607285032812393,0.04764917548491138,0.09172466280845441,0.12453209106250798
