site,A,C,D,E,F,G,H,I,K,L,M,N,P,Q,R,S,T,V,W,Y
790,0.0479165598001789,0.01578857141622816,0.010525714277485438,0.0069642434179727885,0.08978280446385245,0.008750925133803692,0.057177992449533616,0.04438505702651054,0.08978280446385245,0.002075193377719207,0.057177992449533616,0.057177992449533616,0.012630857132982528,0.031577142832456315,0.06733710334788932,0.007894285708114079,0.20350769011806555,0.057205807049501796,0.012630857132982528,0.11971040595180328
791,0.09417533584022714,0.17350678546191306,0.010260569020764462,0.007093726730405062,0.009906756295910516,0.07298178910879412,0.008327418335692897,0.009576531086046832,0.008327418335692897,0.0016384595523796395,0.0061784071522882796,0.011049843560823266,0.526428605916928,0.007452883163536088,0.0019677803601466097,0.011534984260965388,0.019581214422663366,0.0029167099754457354,0.004869422586125508,0.012225358833251272
792,0.12561362670110326,0.06985291996409315,0.014531867774588451,0.022105354419016822,0.006931098224285277,0.04655387640644944,0.07002976279944531,0.009655215971922064,0.17409496975666294,0.018042019041841825,0.008264001728955521,0.08041470778629058,0.0003815911401335847,0.029842228465672714,0.08495773731468757,0.12918040102726971,0.06861877634987892,0.009555720958944436,0.011428938561321465,0.01994518560743696
793,0.012169963091415903,0.006783434084912276,0.008897751202287533,0.1031518171081515,0.010540412962709847,0.6232533971137684,0.10831267151360154,0.012456851683202545,0.007612520473068222,0.0025004629291099996,0.008458356081186913,0.019114000855341456,0.0038275242602018988,0.007612520473068222,0.007839751703462421,0.03778349006288426,0.004790333316272952,0.0025272931383542325,0.002717774107899408,0.009649673839100563
794,0.0037618755820079453,0.009623402651648232,0.01655225256083496,0.00811384929452694,0.01293144731315231,0.0342770248889431,0.375679719614288,0.014677603618416446,0.06202823827913748,0.005172578925260924,0.012539585273359813,0.011183954432996591,0.005747309916956583,0.0142691832420991,0.3778401399955341,0.00483731417491622,0.006671698761235994,0.004449530258288968,0.0053741079742970635,0.0142691832420991
795,0.013662984478897945,0.011161087327160854,0.011161087327160854,0.01448983267034918,0.011632682566336663,0.0027079359416718137,0.013759889129777457,0.006696846525739479,0.013998651901862768,0.005696003187654505,0.0147485796823197,0.01213740259183622,0.026181207137457824,0.012905007222029736,0.003499662975465692,0.00751107639121918,0.7582746260630587,0.0340402340720117,0.011969861771158018,0.013765341036831719
796,0.001493660366244243,0.008883644858397507,0.010587357570966892,0.01840183577810912,0.016444193674054957,0.0033898118538622066,0.011710259131523989,0.08043653102276131,0.011365839745302692,0.004004544573474524,0.011535479144486315,0.014385054999972119,0.015782368730317794,0.038643855134029154,0.0038261242706959554,0.011991463461109832,0.7090504861278581,0.00495434040179861,0.009311772321452806,0.01380137683358184
797,0.004758480127159209,0.008531293693458598,0.016746189678271833,0.008215111917642787,0.011763804456891413,0.006578679769431918,0.018527699218513514,0.020251206122561285,0.011309115107404356,0.0036406184552982765,0.009363460895377802,0.019790951437957623,0.008885733298674852,0.016746189678271833,0.0013446086073244112,0.004309883429507126,0.007775016636340495,0.003994067357642073,0.798940190893757,0.018527699218513514
798,0.03364422850099345,0.01069769806615496,0.012703516453559013,0.009345115552043414,0.019829879342140904,0.0039276572610037535,0.024637122819023544,0.015941667706426996,0.013328279557832409,0.003295397319887063,0.014518304518353158,0.03252100212111108,0.0018532631402740686,0.015056019500514387,0.004234505484519672,0.7456303098706468,0.007891569629409907,0.006948932077160487,0.011292014625385791,0.012703516453559013
799,0.0019491420543821358,0.04536791949126399,0.003823317106672652,0.003206653057209321,0.017424475778600765,0.000980982678685746,0.004200263863668547,0.27458171968593315,0.0035502230276246048,0.4455558846440595,0.06586649401868347,0.003204974150009774,0.0026159538098286567,0.0045879805280071816,0.0008849220602981212,0.0012574022490901553,0.03232438206974604,0.03942290846497707,0.003043048309392518,0.04615135295186664
800,0.006772666004681765,0.011318702090016099,0.0147547366530567,0.014495881624055707,0.01354533200936353,0.004859712631522843,0.7499116582045053,0.011803789322445362,0.01377108754285292,0.004237257705493207,0.0196729822040756,0.01648659481187602,0.011067210776108902,0.018779262306338924,0.05063328763029179,0.005545404379672317,0.00818084408486312,0.005508435017141168,0.011165746656367234,0.007489408345271138
801,0.04846552372561965,0.0389123266396962,0.015060305188719212,0.003951483039326045,0.012550254323932676,0.4111256094748263,0.012550254323932676,0.011584850145168624,0.009821938166556007,0.0037033537349309546,0.009612960758756945,0.19023804134962594,0.0055778908106367455,0.009220595013501557,0.0016536671640963688,0.09511902067481297,0.01990863223426318,0.07944007673219662,0.00821471192111957,0.013288504578281658
802,0.04582939529153132,0.009376323596580033,0.004203686139466535,0.02335231976330434,0.004954344378656989,0.15279652763393492,0.05255103993428925,0.01271396127442482,0.12589405234444065,0.0011464598562181461,0.0020050502132139846,0.007276683408972293,0.0016713450915951291,0.045609591657701586,0.07980552780073413,0.19518221948177525,0.16947870484290134,0.01382922103533928,0.00853101297634566,0.04379253327857438
803,0.2606107273775265,0.07985058172143472,0.004579474792207544,0.018663602918154654,0.017358822113355377,0.19215819402670764,0.009575265474615775,0.005693401093014785,0.005693401093014785,0.02603823317003306,0.04491595221830703,0.008494742736322844,0.002421331499328127,0.06273974278112728,0.020930526719705637,0.18688434019910258,0.03905734975504959,0.0018455595263144823,0.006795349691662807,0.005693401093014785
804,0.0018425849981619623,0.004646766095877042,0.49751989102572913,0.24627479854631038,0.007694985598584571,0.03758399869659843,0.005182931414632084,0.011229684731702853,0.002399007920164461,0.0017500807374082365,0.005085140255865442,0.0045680073484892945,0.0020112868176184206,0.1457000056617905,0.0024063610139363253,0.0021911579964298245,0.0026166255685521203,0.0020700613099596107,0.006125282580928828,0.011101341681260387
805,0.005022204316734803,0.006706636343385912,0.015419048340852462,0.010339832416806945,0.011876834532818788,0.003051186846011114,0.010718118968641345,0.01395056754648556,0.011718476739047872,0.0032176936211135974,0.009987338129870345,0.01395056754648556,0.004673165219670533,0.009553106037267287,0.03812774322668942,0.004068915534391622,0.006866294964285863,0.004882698641269947,0.8054095826527967,0.010459988375374192
806,0.07337701728134285,0.0318362939301554,0.007168391599626255,0.00459225086851057,0.02881733502298548,0.08728450585850939,0.00638921859966688,0.0543885651289382,0.010524463964809612,0.07828755604727076,0.26895134273022187,0.005442667696012528,0.001836900347404228,0.15840116832895945,0.0184396912990782,0.09034623953152206,0.04222919518058154,0.021232154888574238,0.005111331594291004,0.0053437101015395725
807,0.07775290052828257,0.07385510117139313,0.053779318252358085,0.0028427395859853097,0.0026113538057306917,0.1539844682438841,0.028827021719471456,0.001606335406018252,0.0029549529906952557,0.0011285247602655251,0.0029943523639045268,0.06731411367545001,0.0006948166859112578,0.007788163466423806,0.0024282486853488675,0.2499489660851179,0.20612472194151396,0.05865301387212239,0.0020051466722574955,0.002705740087865536
808,0.025063118103510654,0.059999334900864364,0.0701390826405209,0.07524208091312849,0.0028968582317111277,0.030553870876984683,0.05711158252901701,0.054591148168965924,0.026973576176404553,0.025052029987837825,0.08396060774909417,0.11962868435909674,0.0053040270844354346,0.11832286420239142,0.08970036312780807,0.0332779539856319,0.06527576478776777,0.039508490615524534,0.0014658412848933093,0.015932720274411196
809,0.0820975828981416,0.0537426265645058,0.07953562507058232,0.09504720900984077,0.001686504576100042,0.07145425157523083,0.0337019830639678,0.01583993204006487,0.04921576778479119,0.01439993821824079,0.02339989960464128,0.12257090269097817,0.0006746018304400167,0.11219951861712615,0.027499541200819703,0.10993875483608558,0.06763893466817422,0.0268620177442591,0.0012444562730092592,0.011249951733000614
810,0.06799275406661431,0.10883947996419008,0.26597617053220224,0.194455306922669,0.0035440086228100353,0.023338035699187364,0.019569917410240813,0.002821443757965271,0.00421172039232497,0.0020322287207721877,0.004403162228339741,0.1067278147052427,0.03268643280704224,0.008806324456679481,0.00236267241520669,0.0964648817293469,0.04696021596466296,0.002208293005068638,0.0046872372108132734,0.0019118993886212028
811,0.029699700809163728,0.009489737983204032,0.0079913583016455,0.00399567915082275,0.007786451678526386,0.0018979475966408067,0.0079913583016455,0.2613003874264272,0.00720060504424456,0.15623239681519047,0.2768883155574002,0.007591790386563227,0.0016964894718577042,0.006473867367390744,0.0012335176808338198,0.07643127085786829,0.06536662270887339,0.05965023413648871,0.0034904783386497584,0.007591790386563227
812,0.003399814018790063,0.005502791762371546,0.0050355735938683015,0.008609206466936128,0.003963334002540915,0.002751031942851492,0.02351107302092748,0.3541955172726855,0.0072131189317572965,0.49339350636808244,0.039482236381283835,0.004896979825229725,0.0006839759138135163,0.006672135011875498,0.005398694515480925,0.0017972080840068679,0.0024826548881397206,0.01707939438965649,0.008896180015833999,0.0050355735938683015
813,0.03269571209565601,0.04101965573977361,0.01990277165386479,0.04942346117926211,0.11834080442838525,0.052831296970973204,0.06461490102904018,0.04564073812363543,0.020170845584132388,0.04830374503843639,0.04670411635076457,0.07046038700448683,0.009204284788874403,0.0511851372857495,0.028371841383432718,0.04799964076442986,0.09432618004268715,0.028510137069618986,0.03807486751174133,0.09221947595505511
814,0.02862061849930963,0.15269868599896744,0.0057851613060929865,0.0034253811103240064,0.006084393787442624,0.001939380990605128,0.005881580661194537,0.17814846699879539,0.006416269812212222,0.049241936503452835,0.08550316099493767,0.004467023286983191,0.0022335116434915956,0.003528948396716721,0.001721043226119569,0.002039577206369868,0.1293771877412026,0.32271720160153083,0.0037542004220390657,0.006416269812212222
815,0.0062507586538363274,0.00830368306729398,0.01298985782750362,0.01568586605585343,0.012225748543532821,0.018083187215426816,0.011234471634597726,0.013855848349337199,0.017319810436671496,0.0033648259122674644,0.013855848349337199,0.013408885499358578,0.006068254751534538,0.020265153569759095,0.034147297528843545,0.004723584664546771,0.006204111201195759,0.006298112886062362,0.7587483489354855,0.016966344917555755
816,0.007931928881001213,0.01730602664945719,0.05226321094531265,0.01189789332150182,0.020580139799354497,0.008285389148127128,0.009886049677516136,0.019384505904113683,0.009395188220781413,0.003925078209155239,0.01153312043275788,0.695601485075939,0.0073217805055395815,0.010724861585579107,0.005110504513933668,0.058700778891982816,0.018914496756825782,0.007252049262629682,0.010152868967681554,0.013832643250809703
817,0.02615325565174074,0.006115334404976767,0.0057076454446449805,0.016464519296495377,0.004586500803732574,0.022426616800395212,0.11147289294184579,0.0038871799155472684,0.24832874543121186,0.008095055320776895,0.051513988404943895,0.03953399110146856,0.0022927410305729583,0.13535994142938415,0.23202673374324487,0.049322157845210025,0.012665040669141866,0.017193037849437653,0.003132244451329563,0.003722377463898901
818,0.04577626415621324,0.23709130429719794,0.0024482500220822014,0.014542093870772599,0.002813660473139247,0.005159697587219879,0.002386269008864931,0.03773364549817056,0.0029923055825449136,0.0649829751814431,0.17868035509350083,0.006153648980646593,0.0012007340872632456,0.003141920861672159,0.0008490801788227529,0.00562698532914981,0.1784558204387512,0.1719310071953528,0.0023564406462541192,0.035677541510937875
819,0.00597485327799816,0.008580997627443956,0.011420289176933194,0.009494546358732212,0.014551658789963264,0.0042548165864023735,0.010614151117384969,0.015036714082962036,0.010024476055308025,0.003550353370550148,0.010614151117384969,0.008431802289511424,0.004650530128751145,0.010869913794912317,0.016329367272863507,0.004295728010086203,0.006398601737430654,0.005370255029629299,0.8278198741111065,0.011716920064645746
820,0.008255136545370155,0.013875655044345578,0.01144132959796916,0.014177299719222656,0.02726931605600136,0.007012427818110132,0.00693782752217279,0.5929750438844056,0.009733668463943914,0.004125690411576627,0.010859882675239602,0.008149505348300124,0.003181247741874352,0.009881148289155185,0.0048659637360645115,0.005928688973493111,0.05903764152646274,0.17423957188272418,0.013875655044345578,0.014177299719222656
821,0.052904239982988564,0.007703739983737212,0.029716055880322105,0.06840015531776612,0.1862466683568286,0.019030178619101584,0.04696655115085244,0.10325369865957985,0.026090870837878102,0.036605956258340344,0.07876060483373439,0.028294250896152482,0.0007027372975934118,0.03299055317109685,0.011474002560523859,0.03279202594847432,0.07211814418510619,0.015558676929728128,0.06131639556823398,0.08907449356196151
822,0.035864062308902336,0.11897937108642472,0.10698950541407108,0.11752734657069377,0.03665850892933085,0.08302694848188112,0.03888023674322969,0.0022618165842185206,0.0066799601263406744,0.051754670166571336,0.021563828781959327,0.06415239062632899,0.0011937365305597749,0.1124970115291635,0.013991797301271319,0.027449608135489287,0.08325375654280269,0.005316148835037672,0.028512173611701774,0.04344712169402175
823,0.00846779191209587,0.01693558382419174,0.002120029899509428,0.02139231640950535,0.028031311157282877,0.00576336766612476,0.010544265335441639,0.02195642319504879,0.05556468576419367,0.005419386823741356,0.013111419734858121,0.7374499909365345,0.005144987490893693,0.016258160471224067,0.004838738235483354,0.0016115149176603857,0.006602647257690266,0.00846779191209587,0.013778102094257687,0.016541484962166623
824,0.07588792786273348,0.034848269015774445,0.06535363580748697,0.0320605236779338,0.043366734775185975,0.05130036219846381,0.06646218336098707,0.061234188647364046,0.06699267987062628,0.03585162980482765,0.04570884066025699,0.07270977853950487,0.053003786947449526,0.03577755618952842,0.03306426709578994,0.06987298496327432,0.0462654287116663,0.052961042579218354,0.03872029890641605,0.018557880385511785
825,0.05315634357116157,0.04053960536111642,0.004079309252963312,0.04529768148173734,0.07214075198943355,0.026294292781195407,0.10400574344700186,0.005191848140135124,0.023188098853746508,0.0059474782501509685,0.07001896516621493,0.09837698685013953,0.001459982874875478,0.04139578236005726,0.05709406903106294,0.055651437248991596,0.0018422686948866567,0.005410556399207517,0.2164222559683007,0.07248654227762137
826,0.003040861568141933,0.1444706740916926,0.005955020570944618,0.005716819748106834,0.006213934508811776,0.002402025104246569,0.0077254320920362605,0.18493162052592496,0.025382905834842307,0.14500996425624113,0.2620940088909426,0.008166885354438333,0.003176010971170463,0.01729037322905896,0.0030288906095319724,0.001892986671558554,0.04125483343753048,0.12180292448935735,0.0058334895388845245,0.004610338506537769
827,0.026715907437009048,0.050319138321309236,0.04056108838794338,0.039848504282731165,0.016917641332164314,0.039798423503589926,0.12232756040180351,0.07003666901147743,0.06464899843255412,0.05974926169486793,0.023491162717640384,0.09930355148820709,0.05761624529563232,0.031463920973324386,0.031586344138791696,0.02729569021660124,0.04947733641699235,0.036846523745505524,0.04792922479010848,0.0640668074117465
828,0.024740080789581165,0.18386254980455172,0.19811882409891957,0.015497678789836305,0.006376740477270031,0.006413147838730948,0.05654522078812701,0.08219737520674077,0.008029969489895594,0.026094404827536753,0.006376740477270031,0.2524051027515188,0.00182192585064858,0.014171961242541511,0.002104943458516321,0.0027444199522427977,0.0368047948686899,0.06628696375556961,0.004817981693937356,0.0045891738378753665
829,0.006674807884016602,0.013653016126397594,0.02310510421390362,0.04814848688473848,0.012781547011946686,0.00561188366810168,0.015403402809269082,0.014303159751464147,0.5438356103772483,0.0037545794347593393,0.08364114251339906,0.07159664104417097,0.005090955165775375,0.03049608157356703,0.056393395945917656,0.006193120717128806,0.02265123939393393,0.006459491500661228,0.01018191033155075,0.020024423652049806
830,0.05881270887936821,0.015240978844372918,0.055662705344666316,0.014068346537820912,0.009378897691880606,0.0040908766422565485,0.096988047191464,0.0721961069104502,0.0775904377531712,0.003751559076752243,0.006620398370739253,0.03964132444198159,0.003809126946080261,0.03871320706617079,0.012551394342424757,0.2616420486305478,0.20451014169937176,0.0038809231828471477,0.011847028663428136,0.009003741784205384
831,0.035202194747610334,0.09283066813052507,0.001790084290631939,0.011009567109819688,0.003557969858661239,0.0007061800412584714,0.10973545286718747,0.024312794034185143,0.02312680408129806,0.0666254564561941,0.04254738955982399,0.1813039783692092,0.0697259720870363,0.04254738955982399,0.03236338808523982,0.017240927739698018,0.010188022024446224,0.032417058712246864,0.03938672633537992,0.16338197590972414
832,0.02644274766331663,0.06911067660762345,0.009090763159386395,0.012133173374231752,0.004335594737553512,0.0017822448866024279,0.0064048558622949595,0.194921934144883,0.005871117873770379,0.26165716999147764,0.11876797757754547,0.007045341448524456,0.0021188996837667538,0.005317238829075061,0.001970724880706141,0.0019302305338423165,0.002790234237039389,0.25826968505459885,0.0046198960318193155,0.005419493421941889
833,0.03987502701995411,0.06697262323813734,0.07363183293511123,0.10636828396645344,0.014741256745350886,0.07680719533985415,0.07668963330617067,0.0352987433829077,0.01143694359241888,0.018426570931688604,0.022831576103910463,0.031723874165433485,0.03343951490067091,0.04709012571431532,0.0328029175043938,0.11872485312816436,0.07233666508468271,0.07876248259252934,0.012557366857150754,0.029482513490701762
834,0.1256919499917296,0.10382823246816933,0.004659216621395607,0.03997795923946707,0.017083794278450554,0.029864527592028216,0.11531561137954123,0.015099085374820298,0.12324609074380151,0.02683318473055061,0.06940291425620537,0.03124537371453633,0.0007039572316389048,0.08348991234739424,0.08991280360857595,0.031576681367752206,0.020612761060207346,0.06502041105977448,0.00201731027574134,0.004418222658219971
835,0.005175852785820363,0.018674277714025692,0.012610259514544156,0.017339106832498216,0.0161294017046495,0.006668887243268543,0.016916201787803137,0.0161294017046495,0.012385076308927295,0.005055620294325311,0.014449255693748511,0.009372490179728764,0.005927899771794262,0.0161294017046495,0.04608785856375806,0.0047832018848270935,0.006362974984403014,0.0074576803580637474,0.6308506415067546,0.1314945094617609
836,0.03187408033103644,0.008222826918977463,0.00521447560715644,0.0061083857112404025,0.006478590905861032,0.00260723780357822,0.005778202699822001,0.2254309316510738,0.021622480675129476,0.02421075307159893,0.02027650569746409,0.005778202699822001,0.03163061628523095,0.13700341687475742,0.03420835736946158,0.05479621266886029,0.19477655461608098,0.13680533964554084,0.03836095672493207,0.008815872042375692
837,0.007354845282612388,0.01443900170040562,0.39483902980979607,0.19396238694136358,0.013536564094130272,0.0009553484919648945,0.01274029561800496,0.02887800340081124,0.01443900170040562,0.004657742484001814,0.01547035896472031,0.0569186856791222,0.00734186527139269,0.15402119910757872,0.004288812386259095,0.004559684747496512,0.00577560068016225,0.03493631879826608,0.016043335222672914,0.014841919618832602
838,0.006554890687206407,0.013955573721149127,0.021631139267781145,0.014918027081228375,0.03714024719795158,0.007089400835790464,0.017304911414224917,0.3940750095025559,0.014918027081228375,0.05867017252039593,0.010288839899194732,0.06090730233854079,0.0045064873474544055,0.012724199569283027,0.0038285202243860434,0.00366332866608485,0.0014317554911405322,0.28755064813069503,0.014420759511854099,0.014420759511854099
839,0.02767941679939026,0.01113377479065242,0.01206158935654012,0.010338505162748675,0.016541608260397876,0.17253459626716638,0.014094931595270638,0.014120885100339653,0.009338004663127836,0.038123167243644736,0.010923703568187278,0.011579125782278515,0.5315447369756846,0.009649271485232095,0.004706961700113217,0.06333936406968158,0.014007733366102261,0.005169252581374337,0.009649271485232095,0.013464099746835483
840,0.004009980755560064,0.03602041401332251,0.017440804585738684,0.0061486371585254326,0.4407428739311383,0.003236124820276543,0.05204282641094289,0.00819818287803391,0.008384505216171043,0.002157416546851029,0.008384505216171043,0.04068161961164007,0.0050536743768702175,0.012297274317050865,0.002060718894497272,0.0032066437397600825,0.003966862682919634,0.0035464707603678042,0.0064722496405530865,0.33594821444360945
841,0.01145815014695058,0.027979203847204915,0.015670050916053876,0.007835025458026938,0.008814403640280306,0.03208282041146163,0.057290750734752906,0.16293902966446566,0.011434902019823102,0.3841911954869843,0.1260396516164564,0.008634517851703157,0.0012214503667167826,0.023700230459753443,0.0043531650501289244,0.015190729361487508,0.029234857923100474,0.05137971255759535,0.008461827494669096,0.01208832499238442
842,0.05829666389342261,0.013025681580716443,0.008868549161338857,0.04576429431057114,0.013445864857513748,0.3855613560534482,0.013864638575606459,0.010166385623973812,0.010968995015340165,0.0037216233087761265,0.023948012085138432,0.30482398239797637,0.004434274580669428,0.03951421994047842,0.0035772888907091138,0.0036886885892294355,0.006722932428756874,0.025472945115925082,0.013445864857513748,0.010687738732895547
843,0.006703769778559688,0.014857003293024171,0.024986778265540653,0.09203796212561645,0.011452273371706134,0.007634848914470756,0.012783933066090568,0.029806959828185667,0.503801262348446,0.003843430913856468,0.06107879131576606,0.09121255423896958,0.003898646254197832,0.017511042926599128,0.07598238898109198,0.004164463044256776,0.006384356248052893,0.008457063412952222,0.011452273371706134,0.011950198300910748
844,0.011112811445482058,0.011112811445482058,0.017780498312771297,0.021055853265123905,0.012700355937693782,0.04294077338374734,0.012501912876167316,0.014287900429905506,0.007176385217225264,0.004520465672738464,0.0147906849679167,0.011269329916545187,0.006666348404976021,0.019515181074992886,0.7319378276681598,0.012849428035327288,0.00695758629630181,0.011595977160503016,0.01566647147072486,0.013561397018215396
845,0.005876970495176471,0.01500300823661343,0.023988013882610428,0.5754383105664406,0.01853312782169894,0.0010523859724931724,0.014654101068320092,0.0315063172968882,0.1511247081958305,0.006429860672834327,0.017503509609382333,0.016582272261520106,0.007001403843752934,0.014313116533631183,0.006632908904608044,0.006924465339975429,0.009001804941968058,0.03442267245594638,0.028642106633534718,0.015368935266774731
846,0.032261739206314824,0.019505224779905215,0.7493196725458552,0.016055444951297213,0.016063126289333703,0.0020382146922184796,0.0099904809848295,0.016063126289333703,0.019505224779905215,0.004551219115311216,0.01671876409706161,0.005958463006882235,0.004476608965879885,0.02100562668605177,0.006942537633525585,0.005217958221375918,0.00819219440756019,0.008806500695392197,0.02275609557655608,0.014571777075410387
847,0.007039315825618538,0.03805900972295802,0.017445260959141593,0.010031025051506416,0.011448235417744068,0.02784805589484732,0.02360241188589745,0.047933539145045834,0.015432346233086794,0.3654476467143319,0.12018634649355162,0.02057243768808541,0.004665593047212286,0.05855232265070464,0.005496452083017214,0.08086152262361528,0.011801205942948721,0.10381489059973374,0.015432346233086794,0.014330035787866308
848,0.013112105308583418,0.060379667865096874,0.01966815796287513,0.023601789555450156,0.015947155105033885,0.00792837956620133,0.026820215403920628,0.029502236944312695,0.024585197453593912,0.006482240449612928,0.020346370306422546,0.03470851405213258,0.009834078981437563,0.02565411908201104,0.0600131539617202,0.00907761136748083,0.012554143380558592,0.012827059541005518,0.5377874088053624,0.04917039490718783
849,0.006505749588574849,0.45210230508207944,0.039079664549191435,0.30147169795090545,0.012063323235353775,0.025001203896747367,0.00749388261590159,0.011502238433709414,0.015456132895297027,0.003170488799035288,0.013367466287824457,0.00933200476697179,0.003691016810817201,0.05471153036886801,0.0011247551868876482,0.004081790869547811,0.006260712058854494,0.0052616622622287754,0.006586016747662017,0.02173635759354233
850,0.006536552256696791,0.02266004782321554,0.08219056416927858,0.004950820503828625,0.01999415984401371,0.6123791731105452,0.010960050227858734,0.02060004347565049,0.052292418053574326,0.005526840932491594,0.02124379483426457,0.018883373186012953,0.006798014346964661,0.03495597751277005,0.016750956752696267,0.006866681158550164,0.012680109489926388,0.010434025520201841,0.01387349866727482,0.01942289813418475
851,0.0770182223183491,0.02217043659098237,0.018258006604338423,0.020024910469274394,0.08088599708185396,0.007759652806843828,0.0163361111723028,0.017598781501717207,0.0326722223446056,0.008503729103390499,0.02299156387212986,0.012415444490950127,0.022043136811176346,0.03448734580819479,0.006821672797225344,0.5537569141850105,0.006970683157468462,0.011937927395144354,0.014436563361569916,0.012910678127471983
852,0.011020301780417272,0.018826348874879502,0.02151582728557657,0.01807329491988432,0.09839374127771033,0.00684594504541073,0.014941830795784152,0.0465977453050172,0.019644885782482958,0.40683929673303887,0.16223988396576988,0.01613687046418243,0.01195246746788424,0.04326396905753864,0.014585844392625738,0.006842842113475798,0.019644885782482958,0.00982244289124148,0.020537835136232186,0.032273740928364866
853,0.00991280073350195,0.03147633442398538,0.01339567666689453,0.02478200183375488,0.033042669111673174,0.00901163703045632,0.012708718889105066,0.444146822666256,0.02478200183375488,0.053609515663963624,0.06181969468711342,0.0225290925761408,0.006521579429935496,0.021526886006168484,0.019390346315756223,0.007183188937320256,0.004930433170694903,0.12183491371512126,0.016521334555836587,0.06087435175256675
854,0.003645873032243966,0.011892610556078716,0.010726668344698449,0.003919547966645733,0.011397085116242102,0.4895508598199018,0.010130742325548536,0.020261484651097072,0.009946547010538563,0.0034406294690542192,0.008547813837181575,0.011639576288928106,0.0044831963141646995,0.009946547010538563,0.0016182166442566762,0.1624997653182234,0.1920775734792159,0.016429591999766523,0.005412487052502166,0.012433183763173204
855,0.007459785015086238,0.10211616820651381,0.002873890925260806,0.007548409940372909,0.37199461275230034,0.003659835122605046,0.10950780481330591,0.00262553389230362,0.005751169478379359,0.0008211807932857456,0.005483582666016119,0.035929248217306274,0.004019504097879976,0.0025696714690631173,0.01814905221607928,0.0014551151692285124,0.002012909317432775,0.004313377108784519,0.12636875815556084,0.18534039064323493
856,0.01386736054064299,0.04246879165571915,0.029543507238761143,0.013323542480225617,0.0377500370273059,0.01880006799947489,0.02613464101890409,0.017327243219095415,0.008985656349043582,0.006726133005400171,0.02613464101890409,0.01941430475690019,0.009847835746253714,0.03397503332457531,0.6136509665398288,0.0062805209027293335,0.009707152378450089,0.018875018513652957,0.018875018513652957,0.02831252777047943
857,0.020829718520518035,0.01368913421036909,0.014236699578783853,0.016948451879504587,0.019773193859422018,0.0045339807575744745,0.013572005924303958,0.026364258479229356,0.02093632290997625,0.0722744253606874,0.0418726458199525,0.023727832631306418,0.6357207458403978,0.014527244468146792,0.003506576250931984,0.002802934793039191,0.00877120364162468,0.009751164095057432,0.016948451879504587,0.019213009099669304
858,0.0035191607581529405,0.003130559721445468,0.01120574872990805,0.017032738069460235,0.009568953971606875,0.002905975877208586,0.0430940825569974,0.013736079088274384,0.025048144219794465,0.004834049229438661,0.022411497459816097,0.013736079088274384,0.0022383225584755736,0.011828290326014054,0.7776522127119421,0.004778538854317596,0.005356206940081835,0.004705176262281833,0.009256922863837084,0.013961260712672322
859,0.119462945219943,0.035194360885582004,0.0031603672439156336,0.004845896440670638,0.004956030450685879,0.021293391859998248,0.0409956291634252,0.028096020545221555,0.007519494476902715,0.02895483775472311,0.044702205656414626,0.0020768127602874163,0.0032310692724785714,0.08962407817109173,0.005838188190722524,0.35132833641524785,0.1993807505532004,0.001879454892667081,0.003825707716318925,0.0036344223305029783
860,0.0021855617380922704,0.07044337081414141,0.02186173576990596,0.02186173576990596,0.02186173576990596,0.008453204497696971,0.012938578312801487,0.0842859956795409,0.03019001606320347,0.0062771320527452755,0.03019001606320347,0.016683956245454552,0.006556736628581484,0.02756479727509882,0.005763548521157027,0.011167986099036572,0.5785133818185734,0.009605914201928379,0.01981219804147728,0.013782398637549412
861,0.00986100389366537,0.012768413520280776,0.01903403077149362,0.011211826344852406,0.025576978849194548,0.003219108241729534,0.016703333126004607,0.02640204268303954,0.015739679291812032,0.00837271055964599,0.014615416485254032,0.019962520077420137,0.007055718303226083,0.013417431527446323,0.024727414182097913,0.005384627126146221,0.007946245856060444,0.007794888792135482,0.7381703850276975,0.012036225340797435
862,0.34359512340776055,0.19027796362486232,0.011497923127609125,0.009757844288454477,0.02238564277939557,0.05740558550547094,0.012685197574990823,0.012685197574990823,0.02238564277939557,0.005765998897723103,0.008648998346584651,0.010014629664466437,0.003959082745003192,0.009060855410707728,0.004275909294940728,0.22802762284681602,0.003069545928638423,0.0034184940559122984,0.017297996693169306,0.02378474545310779
863,0.09888645067061472,0.029977900286024668,0.03304464549259046,0.10239184096690071,0.08839012333657137,0.06282203606748611,0.1362991032203164,0.0035094559923564013,0.06659306716999237,0.02220585206372198,0.012539775283043,0.0027390876037903618,0.0014973678900720645,0.13539781888703153,0.0023686242201303442,0.06684337841554276,0.04479789285898694,0.02648809688939134,0.0573935868723891,0.005813895813047207
864,0.008803461748680835,0.021251820460012526,0.03179376705182561,0.01708907280626279,0.011620569508258698,0.005481400711442783,0.2538568418991873,0.020665253587844764,0.07266440598448269,0.0053645372034983076,0.015290223037182499,0.26385063481546017,0.005379893290860509,0.01613967987258152,0.124768752378138,0.013602562541094087,0.024017759507819137,0.004923970130618093,0.0460456109966938,0.037389782468055924
865,0.0235124166289134,0.0128956598953487,0.021688155278540996,0.014458770185694,0.010146294287975345,0.00644782994767435,0.010844077639270498,0.4304847600045136,0.021688155278540996,0.10649374533518595,0.04040652339191044,0.007229385092847,0.006117172001639769,0.017671830226959333,0.005548132745673279,0.004146228511783664,0.001514348766380996,0.21997766606946723,0.021688155278540996,0.017040693433139357
866,0.03780657628232722,0.03837509622642237,0.007111840884438944,0.030912581419615608,0.028178814620368118,0.004811572059967965,0.041301301821029736,0.08057264602053922,0.15500875598508665,0.05543069454927673,0.05283527741319021,0.002223319590051959,0.12807942169114936,0.013719615032659657,0.11236345369429071,0.060317061222065316,0.03727505504678134,0.010801878937807778,0.0450078289075324,0.057867208595398796
867,0.035025557707874654,0.07343446301016149,0.04577446496740353,0.0533826562752963,0.04448433816961707,0.04462645613522213,0.10161139685354986,0.03438900788573571,0.02095193070499713,0.043951019231935076,0.08469284489259545,0.07866295987518115,0.031471912718640645,0.08669346327588508,0.026056834553089665,0.04271176064134061,0.05316897669488442,0.04441983266563679,0.018005565449606905,0.03648455829134636
868,0.0011244846534405812,0.024099114368340654,0.014605523859600398,0.017213653120243325,0.019279291494672522,0.009094005422015343,0.015061946480212907,0.007998594339093425,0.012683744404389817,0.0045045073585683465,0.020082595306950547,0.009268890141669484,0.0038186326699249,0.016066076245560435,0.006418118234475757,0.12119945489373031,0.43827183799678887,0.22319183090546543,0.015061946480212907,0.020955751624644046
869,0.11966624665385932,0.2107590918812079,0.005658835071425348,0.007806185075253985,0.005852165120186162,0.007801077035914871,0.00450356831264653,0.06190691157478561,0.010968754422788607,0.021251464842999963,0.07254389032143023,0.008781958209660734,0.0022367189436485156,0.009757731344067481,0.0033139464942115973,0.022095752104269666,0.0870526683857163,0.3203700251380385,0.010036523668183694,0.0076364853997049845
870,0.11727050528298695,0.1024885088187449,0.028925543364863353,0.06668322849424747,0.066078117527875,0.11112969681718805,0.08729075587398981,0.008264750758095069,0.02358641079999399,0.02440202590922497,0.043292559759642246,0.0571433334453791,0.0034162836272914957,0.05332172418272538,0.042612686734034885,0.059544976117441875,0.030982175327905287,0.02156179010667584,0.025172616201095243,0.02683231085059934
871,0.06281351265581715,0.005576203974918576,0.004676816237028482,0.004142322952796656,0.09315442883685103,0.011266899298053917,0.03635845284699912,0.031237339693130375,0.07163268071640097,0.07732217933406664,0.1317227062886408,0.042371245223450635,0.0008010016759551545,0.07560359441831387,0.21199450661032399,0.05610266728660593,0.030335634004437607,0.028164431751637853,0.014887194267698868,0.009836181926872469
872,0.031118766081890615,0.19490342523785534,0.012217976596595053,0.004927504021005737,0.01166261402402255,0.0022894298692110885,0.008018047141515501,0.025657750852849607,0.009868365712634462,0.18488186461294537,0.20789812043211825,0.006578910475089642,0.0020045117853788753,0.0053453647610103355,0.0020859960042967163,0.01400168284754708,0.02436292815473192,0.23320931804378128,0.008276693823499874,0.01069072952202067
873,0.0036228950835580135,0.001179689585207703,0.010100192354161737,0.011903798131690619,0.0070916244188795165,0.004619951377187915,0.14776279283448995,0.0070916244188795165,0.15881672358545962,0.004083686303535992,0.010415823365229289,0.004901563936578489,0.0017344424858810898,0.2637972696843228,0.29512048018811926,0.0019255504247906883,0.04317347825624146,0.00546403848667766,0.00925850965798159,0.007935865421127076
874,0.0055332852215031,0.026190883381781344,0.015714530029068807,0.01964316253633601,0.19643162536336006,0.008526782379168985,0.03495898068055343,0.024057793156509893,0.14898996638497997,0.005456434037871113,0.009542163544505083,0.011216821818361845,0.006138488292605003,0.024057793156509893,0.3574100193975699,0.004082958575369913,0.006892337732047722,0.04971943919012044,0.030886044354121105,0.014550490767656302
875,0.016933201952229013,0.1070107972905697,0.009007616696166627,0.012203867781903174,0.00590373937488307,0.004728998765487481,0.012203867781903174,0.3452198425265195,0.009457997530974961,0.13638753372266163,0.012193195084008596,0.0250058449874111,0.0035029620485092445,0.0118224969137187,0.004613657332182908,0.002756545468737586,0.0007396326886246127,0.2604363455389604,0.0118224969137187,0.008049359600829753
876,0.03790572308928688,0.018049026421407273,0.00680108241966071,0.009984567807587,0.01936488027387482,0.005100811814745533,0.006703924099379843,0.42927754254822953,0.006597961396905918,0.07370115560136849,0.07692385168318831,0.013704376809203717,0.002406536856187637,0.010913364812943931,0.006105042361334807,0.0026360068071128034,0.06938288458646075,0.1771951209995716,0.01955311195652454,0.007693027655026051
877,0.07167001808855722,0.11357315643211435,0.21381328149609044,0.004467343634972106,0.004798257978303372,0.23682901065486395,0.0029774158497633393,0.005512892145284726,0.003867252698931077,0.00121077537770272,0.003924434470665465,0.1588530066463747,0.0013709308509438209,0.0041791279165868086,0.0012827026278632778,0.12455919326026785,0.037822144439613015,0.0019923941606474066,0.0043184321804730355,0.002978229089981404
878,0.0742163561149492,0.07274885839262014,0.056308888367408556,0.09067393299306999,0.05733044362881111,0.04056621312145748,0.03536171373881889,0.047834865792407776,0.06595896494264228,0.03497164851878421,0.02527065607322595,0.043633174431720274,0.059593076815032564,0.017731850390943462,0.016546799163811642,0.0768227944626069,0.05613528931288704,0.054839134611632034,0.03455570773649457,0.03889963139067601
879,0.10512983785778746,0.025256216329240834,0.1114656364353954,0.09473143267569759,0.0015047600723159238,0.07268023871574819,0.055336653755078236,0.0017901456032723923,0.09794028228529647,0.0004055798632414013,0.0014832634998542676,0.12545693142914474,0.012887751510061211,0.057193109235893776,0.07932239978095199,0.09893508104547306,0.04221396157887396,0.0005730783474161588,0.0016223194529656052,0.014071320526291323
880,0.08259832643383168,0.042567409044587834,0.021318126975262953,0.06031314942223217,0.048670671928536774,0.05238930764003842,0.068285218675693,0.0030015480736568347,0.05982164954369489,0.05780056211405571,0.06013446313084899,0.071946197765532,0.023419193270350157,0.08071281671120345,0.036210165058796276,0.04031148866364702,0.00864445845213168,0.009480111286170686,0.060697972156171544,0.11167716365355809
881,0.04975482848905585,0.060113409803043014,0.04958742906610202,0.06656979182647427,0.021141927121206286,0.025323942337987806,0.0361334754435162,0.044639846121022064,0.054995775241916865,0.062380486721262576,0.010983221735885344,0.08709394530463649,0.06612075033460267,0.06376603246980567,0.051857341421880296,0.07189228382412494,0.058050185095637565,0.04173471327822539,0.017894421074375225,0.05996619328923965
882,0.003486632512757608,0.04857446727599165,0.006853832152247548,0.008138925680793963,0.3744405380261282,0.0036173003025750943,0.017445119839355525,0.0052793031442987855,0.005351622365453564,0.0021231980036853816,0.006010283579663233,0.0043860221741337,0.0020137548076191243,0.005502372291240987,0.002411533535050063,0.0016199135300726936,0.002830930671580509,0.0030761293911662217,0.14160051436242577,0.35523760635376045
883,0.05072074002880999,0.07228647946698649,0.0364480622372697,0.10973610135952166,0.06242131479931232,0.05831689957963151,0.043355557903203876,0.022715062492080506,0.03030306758996746,0.03948660724655969,0.04469724790477979,0.08852660277742924,0.010322595253740444,0.06164711485641081,0.04009106388978663,0.06533475324741408,0.04382223956674389,0.03998926515667414,0.02532371569835116,0.05445550894532654
884,0.005011604759851388,0.02935772457400927,0.15924606433122937,0.05216775416354513,0.3406428041841393,0.02526018683502954,0.001845073397084887,0.0060442059559677325,0.005477561647595757,0.021147513464328718,0.04753155407220549,0.045941477820763806,0.0009423761974358293,0.02464599100040285,0.0013691419937327009,0.09865314906077531,0.06562843016391674,0.0020855369281238753,0.007011278908922569,0.05999057054093958
885,0.06585871823262128,0.08896023795391587,0.015581719224490427,0.0065197648284506665,0.03729439078968417,0.02764694109140247,0.14035013973043745,0.035506439394978426,0.004218671359585725,0.0362954713815335,0.09722001262910758,0.023214132040056994,0.0021408183018793232,0.03399334041622586,0.039320093996661296,0.0016111969902358441,0.0669005510634198,0.056564370984208065,0.09073867845383377,0.1300643111372715
