site,A,C,D,E,F,G,H,I,K,L,M,N,P,Q,R,S,T,V,W,Y
790,0.08784529480498506,0.0169683259098297,0.015641826396337846,0.05094800897271051,0.04080454014442181,0.01538596026395487,0.049841154243298935,0.062357230866896485,0.04004304788157343,0.17581146145372037,0.01705827597275219,0.04567232737103651,0.03284321774904107,0.05041158364700022,0.014957872220822557,0.02367191600483114,0.05039016814787129,0.10714989227600688,0.05960229521874829,0.04259560045416084
791,0.16593424123351783,0.10928380438332978,0.010311414882858805,0.005428378709941621,0.007764525872511712,0.04324698367734318,0.010059031792467518,0.009755606072072612,0.006891864380474448,0.00954232949192457,0.005141990782196119,0.007933227880679062,0.5391453813724656,0.014948538067402168,0.001696701886115796,0.016554392383485286,0.019303792438800406,0.002884399580889388,0.004686322377871076,0.009487072733652971
792,0.05487166445322051,0.055482035791772785,0.02326870287746511,0.04100427399611797,0.004645783677107511,0.046037151801942816,0.08186830236108698,0.0036180300866582834,0.11913164172283652,0.02182382979934289,0.052762470434900025,0.10827669715199026,0.001809547380800727,0.04690888451840966,0.0889582831041965,0.11118939623727288,0.08146675754090493,0.024046564196303046,0.013033817013580822,0.019796165854089772
793,0.09334618329076447,0.005738722581461685,0.007169624494538573,0.019577936451498194,0.008793040971146623,0.6262297888255953,0.026856227507175503,0.008916777133311262,0.00973509009730791,0.0022510048438538184,0.007642260994774655,0.11222080246090409,0.003912092674778418,0.023697054474327493,0.007502183743465249,0.0073679202984005205,0.004354561143312843,0.0030824122205957865,0.005966711972824885,0.01563960381996273
794,0.022199910957243576,0.009863900625472074,0.014062135049971067,0.010430070107764861,0.012525962854331862,0.00744529271971189,0.02532202619386135,0.0640637018049952,0.025224367602307434,0.009875413660336469,0.013995159537754856,0.01351999315002833,0.013047636177423104,0.02079080854542221,0.676040634611266,0.020980075600737717,0.007922047060196178,0.005709086192167147,0.01163282897325691,0.015348948575751848
795,0.007763355140497466,0.008303471318819044,0.009143147094184524,0.011919465892348156,0.011161513256123282,0.002837238858964475,0.011972393490328642,0.021286246404805736,0.012612509664786916,0.008783274516667671,0.007856629443149245,0.02591624868620611,0.04965329560168076,0.015447185308092273,0.0031520085774516746,0.015529187221903985,0.728320066761869,0.030678678394671498,0.007912356651629216,0.009751727715820354
796,0.007491014091640676,0.009519797359026643,0.008120270983121203,0.010590418847476515,0.011383276783931974,0.0066781697409490715,0.011005598403193782,0.04015095448331822,0.03350629482181713,0.009615844690830511,0.0091050512167062,0.009002956261368981,0.013191952548847535,0.01839319456021827,0.0043850528174741625,0.02093592737534604,0.7556687014536417,0.0038315714221911707,0.007496438941782169,0.009927513197117934
797,0.0044793079808567015,0.03721223310943753,0.011558482068987066,0.013596090272695788,0.008787515775624059,0.016895380774128815,0.015924122362556352,0.01139298304969091,0.008598234916483986,0.01641282104581501,0.007717291105886727,0.013413288609287661,0.006726352869070227,0.011961357055850044,0.007910953121148345,0.008584145789198217,0.006601336881275964,0.004008151658596441,0.7748485070332449,0.01337144452016527
798,0.024468423143400187,0.009332499854303365,0.010067768832212652,0.009483991416483139,0.012567504752867982,0.003613854254826102,0.017712845722150275,0.012406071174866603,0.013487469395089541,0.010922568049961131,0.011049132304330885,0.01268053281732876,0.010379131266958457,0.010498444613791442,0.003884899816802398,0.7823544270229468,0.018201006685287895,0.0055453963216242855,0.009492288407032095,0.01185174414773605
799,0.003213467488030841,0.041209457814620404,0.0046420816994728244,0.003022322074850815,0.01420230614939378,0.0009801772742706696,0.005984817389517048,0.305485383675054,0.008631263709984184,0.5083618024487124,0.03440634529647048,0.005669585460676277,0.0031520784136386476,0.005099986087946489,0.0010341691754916318,0.011153558425076737,0.012977047131249057,0.005044372845922941,0.003371156989501317,0.022358620450119455
800,0.004580541210869493,0.010000287749059566,0.053287330176851604,0.006831914464314863,0.0129114059720278,0.008854456932093321,0.6163742604507904,0.00930831526104349,0.007519904735430022,0.0076337284436874455,0.01018655600515546,0.05788264333030744,0.03449247370121244,0.08407690678517156,0.00878347188182979,0.00747189847639601,0.014324369950950964,0.005025449769730108,0.007497777085231527,0.032956307617846764
801,0.08754516182209894,0.09821457027326812,0.018738846003807198,0.014282367317722509,0.006226773224644797,0.21527115938155608,0.003422080246709079,0.01029491360767554,0.0041544113064667775,0.0020228471662708135,0.005106144500330351,0.15568878312954304,0.0021695912287899993,0.00370234453760855,0.00612595768048708,0.1680215219725526,0.029787958454949626,0.15805920701771553,0.0037197174173969833,0.007445643710406375
802,0.04677452611211843,0.0747545233384765,0.005719360395712294,0.001805969623447601,0.02324439447529038,0.10307240524373049,0.12354165765535509,0.02590201027442747,0.12093624443785757,0.0009515944726660596,0.006909823468286555,0.024686879231892056,0.0013589088388628041,0.04107827450093654,0.03803299205740363,0.13299471910757263,0.12679485577864233,0.02981550941337972,0.008368945593087204,0.06325640598085465
803,0.15674176175067298,0.060966103174107125,0.00591803901960881,0.02308478905205347,0.07211777277707716,0.22350431586345293,0.022527318620822426,0.005153300495047206,0.01174089985690189,0.019550052787542255,0.0285109052723549,0.056379626425416975,0.0029695906531345163,0.04353300561724767,0.010580797243301613,0.20184480832206927,0.023127100682231127,0.016655892866006727,0.008402081217742028,0.006691838303208963
804,0.05400872221474458,0.006383363853459953,0.37111203392171926,0.4163073704697686,0.009635418110855637,0.004006028899757061,0.008407265484233024,0.00961901451530773,0.01913644263921837,0.003665582580069626,0.00935387011326847,0.008203233457309212,0.003854318921298112,0.041014480903123866,0.0027753528991277376,0.0064704621171331415,0.0050732207846198914,0.006212310192232846,0.007971147776364216,0.006790360146388642
805,0.004669484038022198,0.049339604667220496,0.011946163657690507,0.011189885835723234,0.01509662603911191,0.01708742467491052,0.009080665949135149,0.010307459231188532,0.010591849039668796,0.014627709302491456,0.009418614062561023,0.008979771306791756,0.004606261751985755,0.007441765777712699,0.009989222572161565,0.011631394983837794,0.006243055922032398,0.0037652507591951208,0.7754959355742241,0.008491854854334926
806,0.043803006799485726,0.04215146923990111,0.009170512509993914,0.015263210219838444,0.02265961390410098,0.05462650797565309,0.052717947646819086,0.018882695422920703,0.011686509342597597,0.039187660261314906,0.3033480219834524,0.018828254317548344,0.0020413099213202144,0.27103444908059093,0.020978504155543438,0.052893383543637436,0.008650944644722856,0.0029076879133562747,0.0036556905500948686,0.005512620567107729
807,0.004163356730795884,0.15398573353544162,0.007399585250889176,0.003352516991478428,0.0031566043546089897,0.12552702756549128,0.0024916472783878944,0.007085989387664549,0.003939979899654108,0.004138828051960891,0.003860549609528425,0.01644029292447095,0.003268231180445511,0.003088750534614633,0.0009426085932547038,0.3164522639124696,0.2664157364103784,0.06946062565298318,0.00208859273112766,0.0027410794043540667
808,0.02740005743561426,0.07934407267272262,0.018164077676654806,0.07203863143054277,0.0018065490464526143,0.04112296295150646,0.053375164161966214,0.04439823903532423,0.04059107496909696,0.029700365808900262,0.09541526775001853,0.06247939966464469,0.008503549770464552,0.12058275165391981,0.05324134573839272,0.10794938688695245,0.0794715466268332,0.06003992380979018,0.0012862813106888304,0.0030893515995138285
809,0.088931924851743,0.03279624814897095,0.1558362433016266,0.11733422418271891,0.0021140701508067907,0.021278051450162414,0.06034825928059658,0.005086226520277691,0.04145617101620062,0.016094151580678076,0.04581015779693519,0.08509327216332938,0.0034646971020911373,0.13644984146449882,0.029425621561258247,0.08304846597873826,0.05259963958510157,0.010259974675121354,0.0012705940713883858,0.011302165117756051
810,0.05218766930996489,0.11354709057556814,0.2997386511587324,0.13748086245931962,0.0030571156255442804,0.0047952898179023365,0.020513250601251507,0.0032787450906686545,0.003588147260355072,0.0019295288510147743,0.003012846701117684,0.17330159950649768,0.016422019760377115,0.03033133110541554,0.0021398322016736187,0.08577467970480952,0.028363002543303175,0.003213927664045405,0.005174734836448175,0.012149675225990461
811,0.004082611074743932,0.008136938668495035,0.013906286091750831,0.0058940412706418,0.011833103462010185,0.0031109984608379514,0.010861979476361095,0.09572541572014097,0.009236802378027075,0.22781928219924558,0.505479428812475,0.010010377371263356,0.003526830188403879,0.015056569273447522,0.01140915798450972,0.02345621491839764,0.018485105157855015,0.00907908631215027,0.0047331669741987326,0.008156604205044425
812,0.0028677217755333872,0.00570839507430683,0.0045777883656610225,0.014098931995523421,0.013009529625976592,0.0028035674399849273,0.006972917836781954,0.27515570422567487,0.005875282164850311,0.5498988985510274,0.06055107904594214,0.00869341946398486,0.005563001699268538,0.004762123855269959,0.01492380861033545,0.002170381615921778,0.005854123318428851,0.0040545142688324315,0.007040734421994047,0.005418076644701161
813,0.06512676670791516,0.044672706827908804,0.07972016711920499,0.08571685248198288,0.03753050300030635,0.07913673479835066,0.05426370474214055,0.029073003315457594,0.02449004707934096,0.0467003570266718,0.04611878351380932,0.05422541093855248,0.002410488345106548,0.06477913409438964,0.031196534734828606,0.05007897592721365,0.03390529445181455,0.02791830411034315,0.0735197872455165,0.06941644353914582
814,0.005750093953503321,0.1114679730413658,0.004867223353369675,0.003398364531001673,0.004223993839952175,0.011289497754010834,0.004588177727060798,0.21339837003398474,0.0040468874423753975,0.03786291699826277,0.0229570643965784,0.004118379816456058,0.0017901121872601863,0.01160556089209408,0.0013493152655071187,0.0015162814395214875,0.24486544101297117,0.3021655964632113,0.0036586869752738165,0.00508006287623917
815,0.005296029701997446,0.013630130602534155,0.011744871941775672,0.00936584768113521,0.011986301181791259,0.019808933891046866,0.010143186152435691,0.011078429858096726,0.009937872199487045,0.023111308878117014,0.010366109532216885,0.011561150190681161,0.009878954683943973,0.026181642325003286,0.007512466276846859,0.008500189530123724,0.004934252710512235,0.004350395285610202,0.7780376181033815,0.012574309273263064
816,0.006176903578407655,0.009149433676262515,0.010101907807912357,0.00797926295984783,0.008027015345205515,0.00416194807293179,0.02791347335130327,0.015255769145323112,0.06415923485263707,0.0032435711073680274,0.010320457890956754,0.6523762290718585,0.004607675953734624,0.010432548838068836,0.0033551931117725077,0.007177510665145023,0.128398103505882,0.005384015218619958,0.010302551232673254,0.011477194614089399
817,0.013667022265087226,0.015921229474906966,0.004719057289871387,0.015124601916244587,0.0065466753451806385,0.006514510921758123,0.018782374197088354,0.014546491549617582,0.26499390118412064,0.00481406112005149,0.03497100344435501,0.050848006595440275,0.002651663140742819,0.12612551956022164,0.33773717491575755,0.01199033362805648,0.05587923170488207,0.003612075290754188,0.005237246914991048,0.005317819540871897
818,0.007073935392762124,0.1297792367804026,0.003394154510763056,0.01258550700818968,0.01603274409318397,0.010804270260185444,0.00995381769735873,0.11395237491964208,0.0033306932280673207,0.09568816647249248,0.14881573589222885,0.0037398998374208957,0.0019261722179235831,0.0067087998257125735,0.002157013915944637,0.004179493173604013,0.18101240729176532,0.24257649289857622,0.0029125853219645437,0.0033764992618118776
819,0.004824903519621451,0.020263844251411547,0.008142734940603042,0.007574812504182518,0.010106882864068717,0.011444874918224828,0.0069821985343732525,0.010701144977386572,0.014927744406064267,0.00811857752144521,0.008572438864742325,0.009399790312709573,0.00372165920452816,0.008155400471539004,0.008695387004303235,0.008166285854695764,0.004653655387965263,0.004215795159107373,0.8312327935492487,0.010099075753779328
820,0.008229739440197073,0.009725263183554855,0.011024028705760289,0.011696532678929483,0.013728673262733172,0.006551514482439539,0.009668932049634075,0.7380254344750683,0.008389455041034272,0.012943834534939963,0.029106651948461116,0.036340287898984955,0.0033335179209905775,0.009662837339931252,0.005128910185059688,0.02549605388749551,0.01684969261726113,0.019937078967734927,0.01253908833179035,0.011622473047999357
821,0.061268902643178316,0.041599870006221756,0.07285297621730347,0.09036880509222833,0.06357003964213756,0.0027921949402989646,0.08996399914965224,0.03706721383380996,0.010329853229518501,0.059009518737016695,0.05157866318323927,0.030277388973933318,0.0010316273658230294,0.07062105531503496,0.01388703470226797,0.05478301851345998,0.04736125718802347,0.05750580333810143,0.058806861385674314,0.08532391654307646
822,0.05378336817288718,0.010073964897862697,0.10632451683340152,0.14604475314210216,0.019110740139720934,0.014820655987696415,0.0499466080949754,0.002991587016518304,0.02057781267388375,0.04845000609994166,0.1140347529029382,0.0647469824042367,0.001193103757711209,0.0874302884127107,0.013371853535935981,0.10287273393688176,0.08501107933078494,0.0016338391794107614,0.0026505855816802873,0.054930767898719424
823,0.006754958919841751,0.01347907742204099,0.009442008406323699,0.012902498644727143,0.013842807064372383,0.0059771419435509,0.04755644658013633,0.013112469858652215,0.02501030032962814,0.004773872643005241,0.012289736086518396,0.748294051840197,0.005556703806222477,0.013133740333361073,0.005142700850953226,0.00786789052248868,0.01802175356505013,0.00755379413199742,0.008947502939046146,0.02034054411188661
824,0.07676528273525136,0.059463051580113384,0.07409570802023531,0.055173880274791955,0.017954897051877264,0.016413318375246375,0.05533347561551219,0.05061161546874052,0.04252070013993098,0.03555744569324188,0.03707024466793369,0.056019087888359624,0.08532256018929585,0.05795865371024731,0.04617789051799324,0.07164108394148358,0.048170297745244006,0.032688290463970184,0.041775954931679425,0.039286560988851874
825,0.0413110398609761,0.08708294074950232,0.017892380141227054,0.008701355634443683,0.16996378082506045,0.008207959429398462,0.12184758459694597,0.007730461873213667,0.07837807938447983,0.014167803472643112,0.0858285567745434,0.031019892413204884,0.0034767642320684615,0.07557405183396897,0.014470904204507945,0.025861459068080177,0.023788439243307504,0.007968986247340406,0.1402702126218895,0.03645734739319813
826,0.0038932138237399044,0.17742432503935485,0.007726028390508466,0.007745090011169755,0.006914265675045408,0.0025792964893544806,0.010140645523254692,0.037343119762933405,0.018330254617716053,0.16783712600218118,0.43181544307893827,0.0070384866035882255,0.007930978159340615,0.026448461096443613,0.02427994345558501,0.0034665844667722333,0.010327944785153122,0.03118471719701636,0.008407847315236415,0.009166228506667966
827,0.057184866777768024,0.03434127803937026,0.032763836827537376,0.049830163938434285,0.04858252939709322,0.007688213982671655,0.08666585541317506,0.06565476341410685,0.054824437162269146,0.04407562589270596,0.045881300477877,0.05142404911900105,0.08702959907329749,0.0532174517239845,0.04061096059576866,0.046127366052608795,0.04607435539455732,0.052162205036023396,0.05075515326731858,0.04510598841443136
828,0.011667254674604001,0.05003986603826294,0.357612237330151,0.042073044750308375,0.013933303435941801,0.005397327570755273,0.025712182504694772,0.05658176983288551,0.03626803368670967,0.016609649855241635,0.007810941369329824,0.1330173945069915,0.0036473650550156137,0.029298214069548828,0.015728446931496803,0.016575653341702728,0.04837303143985289,0.06524476184320924,0.008059361496029253,0.05635016026726832
829,0.009828713361097492,0.011927096207246078,0.017721696475602847,0.011573500208511557,0.016809735783340957,0.019685641777724402,0.018815952772269315,0.016009579134671825,0.6793418423354654,0.004574906430825505,0.021926634425153774,0.031002624951579197,0.013041868882340216,0.05828791165922438,0.007289646328221407,0.01155117382914138,0.022153105100027094,0.006522866452409514,0.0093727105841293,0.012562793301018473
830,0.016239035628556445,0.019963749590095354,0.005934074852728613,0.020124990012127874,0.010321654650717943,0.005196274871753601,0.05866153574580203,0.02884733406291529,0.167967293071475,0.003461598910771611,0.03461160962062734,0.05097027151943454,0.014292696556418051,0.0404888701723376,0.04487610072772588,0.156284485812018,0.2969781312639401,0.0053896061390462215,0.007946191815765438,0.011444494975742956
831,0.05333870909285248,0.018503119713608795,0.00576559429205751,0.026967994491085476,0.09300462554228406,0.0027389569191971588,0.0412108254796535,0.11230975110176984,0.03816508370337284,0.09969283030746866,0.039331861525953665,0.0189706437450241,0.13249229854471833,0.012150174089096785,0.06677469941003865,0.029810024514403313,0.010406969115765071,0.04591888896319323,0.07880316499065479,0.07364378445780172
832,0.007062329997964842,0.019534348238133444,0.008332888698290845,0.010481095731710889,0.0040662535138652305,0.012207647116475692,0.006113780805995899,0.327665648402201,0.005317571863609351,0.21941360807823385,0.05124380261982486,0.008401166873842155,0.003907822050431461,0.007979516180416743,0.002784867626767964,0.0023952414917427427,0.003219706693986281,0.2885585284017377,0.004999697798728802,0.006314477816040218
833,0.021439342087384218,0.03780929401406738,0.05928293804694429,0.10653215904214812,0.027261972923869466,0.057254057160268386,0.08260852087570822,0.012707518809269368,0.05211220370759335,0.07061475644415299,0.023078182547955853,0.0718325994235097,0.028858166679708107,0.0662199056779951,0.035134428963209015,0.04323156725796637,0.062438282666753823,0.05283992176936113,0.023850900289424305,0.06489328161271078
834,0.1099323780511153,0.14710456964267968,0.023594079872222548,0.0037242563809743814,0.007561343368726543,0.013377093696774017,0.04776257762966836,0.0054707566797048,0.11117010350485791,0.04245569357507655,0.040742157898251266,0.04212709200401518,0.000615004250512501,0.15166105762105042,0.04373543127315595,0.06526269692689325,0.07502408193683724,0.0540062394201223,0.0014863578071390672,0.013187028460222718
835,0.006838065681898675,0.023517991400293894,0.009910413700351372,0.014000244350554084,0.014322500730499474,0.028738264640501717,0.0133527396604851,0.012684002204262709,0.01313392073823747,0.022704302671297916,0.014145113262562748,0.009791025205408454,0.010836423173269565,0.01438174310834209,0.01714138632215671,0.015750909161664602,0.014192008565066035,0.005670724441506461,0.7249977358121356,0.013890485169505407
836,0.0077017883249095665,0.005636804490504561,0.00650635025357982,0.004612109920263495,0.004736063604901965,0.002154003614262671,0.06036268130532129,0.04470163632140681,0.057844472427794426,0.043457423050829884,0.07951481087001772,0.008844004849021725,0.04397959600349359,0.17997496096324456,0.07422395030467034,0.08136780315607223,0.18267153105537753,0.05332989048636669,0.031093985007812148,0.027286133990149015
837,0.036140818140306084,0.01813800449105687,0.6058988225185602,0.08123079523537989,0.01866064965807849,0.008316649281447567,0.013627508374784986,0.016501440287476105,0.02009732983468804,0.007430783311436075,0.014038143850841081,0.038676125359652064,0.005879274690534306,0.016276887414231923,0.006003512040155229,0.02663189454307548,0.011085441789338324,0.01969713055962657,0.015374750186284042,0.020294038433046637
838,0.005054649864011527,0.012535089351250849,0.015989937399033795,0.014047957482076406,0.018496221567062862,0.005425605456993738,0.008398003697438079,0.4642787271953811,0.018932515659065535,0.1453398619801334,0.06784257447608925,0.0373922603468496,0.004152229597452971,0.012243638942303502,0.0036740837378464357,0.02900383672171364,0.0069328856154517015,0.10661963707991394,0.012225282837895859,0.011415000992035775
839,0.008254284566818088,0.011672328952109056,0.012890629256852228,0.010671153863011762,0.011975593701400347,0.0670367624880582,0.04002684746042887,0.012903113155375689,0.015433939944147875,0.015242716953150688,0.015074443073571593,0.010267696179062324,0.673196028683625,0.011926738653399386,0.006803834783384914,0.012917465065451996,0.027457644885081792,0.006372601912258638,0.014926750009758313,0.014949426413053092
840,0.004217802947801793,0.009800954770544363,0.06959353362400955,0.0071847039941379965,0.3435010282338426,0.008919851104402078,0.013641501782086804,0.008178321850691884,0.008338301536137812,0.006449297857430241,0.006250328634923688,0.01572027163047311,0.003668776778572555,0.020866973997283326,0.0027288704057059046,0.01807945005339904,0.003940132361021556,0.009094407728674678,0.006657249536331824,0.4331682411725293
841,0.012997354975239043,0.020920812884964175,0.006452704702523952,0.016230662869649255,0.01676918352936769,0.007303814240593158,0.010815282984731537,0.1862520464463242,0.02188128427467595,0.3794859116013767,0.10725435839923732,0.01612270964796915,0.005069927129635363,0.015566452676989195,0.023706424323763558,0.01738880124397458,0.02294423338493956,0.09642076631977985,0.006400042198911818,0.010017226165353998
842,0.10278117047987037,0.10863629584196255,0.009423080569604827,0.029713504160306915,0.007467405538998394,0.4478150203892139,0.006313163075944334,0.010129408245409945,0.019348699198417772,0.003919397007788618,0.011533467435206791,0.15023170237822325,0.004227307399313816,0.027104741859104702,0.00699252522598603,0.004134229873350837,0.0039044861899714596,0.015298148140363867,0.02038983750963909,0.010636409481322537
843,0.009251186840855413,0.027121386506428303,0.031056843270560047,0.013551820237795874,0.009226995095412617,0.010566346091706041,0.012599270758221088,0.033426993377956404,0.6467391914514049,0.004717538408867599,0.026457713181170423,0.03604325125127475,0.004824688651968134,0.061644632463097454,0.006908793502268767,0.00716164904705296,0.02768065621594477,0.00770970992027643,0.01344440633059563,0.009866927397142369
844,0.007589785403885611,0.0118534136788794,0.012668197238137419,0.019216698543973194,0.011215622715979852,0.006711519812523376,0.02029025853865005,0.011266182919213419,0.029045160552713906,0.0038484738950071793,0.05483416665836246,0.012692625581289313,0.005267715597430309,0.011213373781818308,0.7167469990836869,0.023476511371418887,0.006340427634419184,0.006999798413427024,0.018104981407486103,0.01061808717169811
845,0.020382675570095644,0.010112130172920468,0.05053061862557441,0.6409928534123018,0.012708779115973855,0.008564018347945488,0.01959047039678339,0.02439245139798622,0.03196668007136299,0.0057352002997531955,0.016168248988779436,0.012217514017714091,0.005547650938793724,0.08249794746787574,0.005527190614059217,0.004925798964282289,0.0065837380444157744,0.015368286355041763,0.012701741527742436,0.013486005670598015
846,0.03246761254592596,0.010807391509911512,0.6489418635559633,0.11117467919822091,0.013398639445723236,0.008459848183304837,0.007023731851571154,0.013344055053000977,0.015274473312178051,0.004200258984788434,0.015170074339410679,0.02826062021525511,0.0032311769654404443,0.013358183393354555,0.004910895898326213,0.0037113614198300646,0.005941932196904505,0.0084658680079064,0.011324683772340074,0.04053265015064362
847,0.01477299048778118,0.02392999572950721,0.013106396750243948,0.01240576355081862,0.18006412934410793,0.07499845026164202,0.062335968303742974,0.028510160291708733,0.010716225335194196,0.35552827874034576,0.029247625168884645,0.04227700970813776,0.011830638043532746,0.02787053183818294,0.0042146197488417475,0.011657653719461553,0.008822495229200778,0.039617899923960816,0.008900521484283035,0.03919264634042147
848,0.011360647791884757,0.03231136758708251,0.02155914969088527,0.018252904220891916,0.01749305429171774,0.05604370922100619,0.014841456802210173,0.05015769046393959,0.017294865391915323,0.027305554936909414,0.0156255680733361,0.017414685846621467,0.00999473204058508,0.017564159485378993,0.007180397433252533,0.01923220638459481,0.013459975460607993,0.010014142675602864,0.5912025872959101,0.03169114490566719
849,0.009976277227186347,0.5604813402902574,0.09155116591466064,0.030158777321047506,0.028895617692466617,0.021805520271740018,0.007579318905820146,0.008336151978758118,0.01238724134014893,0.0035765775156474605,0.013523023888814345,0.0112554637617873,0.004165104043605885,0.010642889847209847,0.01538245910181347,0.023906027351182572,0.005008391039286134,0.011913528931670109,0.10093995222165363,0.028515171355243434
850,0.006545442790184952,0.012879342401911577,0.01217841183472315,0.014620701851304863,0.018544079839732937,0.7023913113859884,0.014719119327042455,0.016879915621166214,0.020288317601848394,0.00615640367095083,0.013252369117671975,0.015425487600698553,0.005852372718888662,0.02029956273876118,0.015434688058730392,0.005793496625254923,0.006804699160355014,0.06531792763952898,0.013656629404725066,0.01295972061053145
851,0.1312975186808583,0.016003716376455403,0.030472159678061307,0.010933357946345729,0.02724193910138385,0.0063937309410268045,0.010747611674543543,0.026859214907917567,0.01593213060493656,0.00610978354661579,0.014696191365443544,0.010786311285449567,0.007433677506020169,0.01671845725204247,0.006568138486603194,0.5901758518113809,0.02157586580943044,0.010993206645492422,0.00794968318453895,0.031111453195453567
852,0.006992071796385772,0.012767981020167771,0.02739926347179233,0.014738560284988819,0.0395236494438495,0.004571571286459797,0.02184756503515057,0.025677956006800503,0.015927274218320072,0.4159352117859149,0.2635902533282565,0.01339394457292156,0.009026086285150024,0.011310978873499196,0.04140280914142998,0.006267659440486638,0.026770703499666836,0.012035535241173418,0.018309628058163982,0.012511297209421832
853,0.00849512025509741,0.01659342894102648,0.012246733213280334,0.011321880817760128,0.029631953125168843,0.007388624935395475,0.03182576102342388,0.5177067363626205,0.011046751616975886,0.16587238569631244,0.0164567832397785,0.017072763418912815,0.01676593433033879,0.01872459109495153,0.03699526207535405,0.007241146088226715,0.02096695327896706,0.01442107278002816,0.01636625202402501,0.022859865682355974
854,0.0033932554253737614,0.009699274228471944,0.010453763569748219,0.03737517833490133,0.010590753019390864,0.5195748219550068,0.009113195461505873,0.010764493074440806,0.019491019370446675,0.0033815552427740466,0.03659948690451243,0.010251189080324068,0.004570194405467343,0.009302890367128913,0.011141273251712047,0.06001857367911289,0.1963512997047469,0.011915318150444006,0.017241682845417387,0.00877078192907374
855,0.0019473606388572624,0.0514059283194541,0.010493587276622914,0.0038564825804758298,0.2967108830416836,0.002294842276699243,0.09709277122341788,0.0035315808750510484,0.009396719449295633,0.0027955204991501974,0.011541818456625256,0.051211056672243786,0.0034772310132173785,0.009988830461551766,0.0010754475530296243,0.0017583848553024372,0.0010714766150561438,0.003926834856609086,0.24204107397087674,0.1943821693647801
856,0.011259191191096878,0.013289520473523686,0.012303793112364077,0.013835231048620585,0.024792725252439304,0.006472890894160855,0.013431493921383654,0.03786317533834002,0.038365450680120636,0.007836627860462067,0.017666770617464612,0.022125523132511912,0.007220721538718855,0.015575457922814494,0.6665185214129431,0.016388714073100247,0.02309017408831681,0.008238387382609078,0.024683193987178418,0.019042436071830718
857,0.01923966962233133,0.010210397963348104,0.01060430106943517,0.01398922022802238,0.01731171317938896,0.004157719140316093,0.03785787784271881,0.019091386249560582,0.016949032805646806,0.012074830325514152,0.017391682253493412,0.012048735163323067,0.7401174481403746,0.010922568996082438,0.0038075566285883946,0.010603412089910245,0.010798528382646446,0.009428851012674938,0.012128092859219078,0.011266976047405033
858,0.0029681777872116373,0.022824086721945247,0.0073940304378562645,0.010884286554599295,0.018485483034042516,0.01356481748490104,0.01239877142895311,0.009050861177131156,0.014845839741369235,0.006107108458956512,0.011475754889831448,0.00925016479380698,0.01883492100428466,0.007339920899959461,0.7729302943180398,0.03491731049442877,0.003962000205531008,0.003881664517878366,0.00895224881459789,0.009932257234675371
859,0.1085661643381756,0.11230270953575218,0.0021016551082120778,0.004776683315295427,0.003813943105992916,0.021655830273287584,0.11387058316757086,0.006840885678597661,0.0039009448134273415,0.03500245019064634,0.075907538022386,0.005201892198244309,0.004745756587464912,0.1641273228515589,0.006122054060802405,0.15484765044844084,0.15671887357961997,0.012765513807014938,0.00382072216634132,0.0029108267511684448
860,0.007689151016468444,0.016935041085054833,0.010113271334704342,0.01604575737359682,0.01565937323510353,0.007895170636751124,0.01016201343615164,0.027612356129992053,0.016116794050552562,0.006815434178721873,0.03888298365853171,0.04893407915425753,0.017648818695866056,0.016942120207727215,0.0074100993113854685,0.022044261872964818,0.6737908629031272,0.008736628071964278,0.015789431885317295,0.014776351761761213
861,0.008347219153401562,0.03467399848612576,0.011617208262991752,0.009447221281034417,0.01327690036637925,0.011691419138412255,0.014715221263944311,0.014914281697887043,0.010882104170911809,0.011510729516638094,0.01141780467361852,0.011744957202624551,0.006287483476656608,0.010638274721369943,0.009855896625562277,0.021567510881909488,0.00564025761459602,0.014974402249183708,0.7529233911780653,0.013873718038687375
862,0.5183337796311143,0.04217846904558338,0.03185906658147677,0.01511030580243041,0.022349186499385804,0.016278164673278077,0.014504837008493579,0.019672637727679604,0.01914308819780545,0.006943303640907532,0.01308048491868405,0.013957483426962944,0.020118664470170272,0.014065969685666016,0.006105721502136087,0.14352904813949,0.018097594388920873,0.019812441453774393,0.01796069699943905,0.026899056206601546
863,0.12030729800814872,0.05851498176923408,0.04703621332177395,0.1064095857505275,0.06261018179412174,0.009083339647858332,0.03206583796213229,0.00378773171386032,0.025694259421434527,0.006986040654662144,0.10612169119573468,0.023374017167105104,0.0014304138026979623,0.17175698092687255,0.02525902390018786,0.06816828055409097,0.04260100430563209,0.05766720228162508,0.024465216290233984,0.006660699532066108
864,0.011389704613351988,0.03683058516003177,0.004552167753570809,0.008540032294356863,0.00785189652940033,0.006294849186548193,0.23543080934182725,0.012179993853808847,0.19420189414346897,0.004148219790487074,0.009147784414629228,0.27347812859842935,0.0029018087000857234,0.013720279659473675,0.10731064011972176,0.0033764319750775157,0.012992840558649939,0.006231999470467739,0.011114653124302017,0.03830528071231093
865,0.022351438156139616,0.012703088642516463,0.008782773486761791,0.013295687527967484,0.02278213786283789,0.006524352146066456,0.008810021851285163,0.4288033275136706,0.012252841534674597,0.25865440746864415,0.11703280510768309,0.014455405660922127,0.006914145476092172,0.011515816964466423,0.005221443828926369,0.009759527119417803,0.006356829160715927,0.012158685344251016,0.009731466341110944,0.011893798805849922
866,0.024737553629538243,0.043318160708086556,0.008294064789124605,0.0032235017248286022,0.052602139473180896,0.024404683931372944,0.13427403553168532,0.05790163980127149,0.149442775234462,0.04045423905017222,0.022524182893184162,0.012317673590678532,0.07659678925385564,0.03693032310675303,0.03002229124065691,0.04471173861239171,0.06046028165415007,0.08762942181645107,0.036905114586391945,0.05324938937176407
867,0.07333852913145526,0.09283315601901129,0.0495457045301493,0.020035457157676125,0.035973042812130665,0.02873188805992708,0.03987913991568753,0.05598866786277121,0.011104775250103588,0.028970924089206672,0.08977391731511875,0.0964674536337101,0.038592853421580656,0.051016345468142675,0.04131048362233883,0.06252765736672332,0.07187704804012644,0.043787195290543465,0.03968737785238475,0.028558383161212293
868,0.01058335915724943,0.01385732534239556,0.014327490528780872,0.023330687536889508,0.019655114059444746,0.009440818053749142,0.01897650549907829,0.020817117509402395,0.018357646255555807,0.015100257018558614,0.025585096468324714,0.017737229012148015,0.020387645901797147,0.01710613509035331,0.007576608645354676,0.03354040607752237,0.6262452604082086,0.05418170480063,0.01911477113097099,0.014078821503585885
869,0.01147210942116077,0.06640772613601995,0.012219374449796948,0.017865654890655357,0.010872210575450191,0.019319090139014897,0.011503772038092738,0.05451625726152352,0.013172006629012521,0.010044036315104409,0.01773865142473469,0.011157133566594448,0.0035767932132013216,0.021572476139999717,0.006827001226986421,0.016674654959082394,0.1085474224446285,0.5627706502825337,0.012914192587515505,0.010828786298891911
870,0.06964287339278187,0.10353939250653006,0.0031663624847873884,0.04521578365583075,0.04689367535243647,0.07961608341033571,0.06282620980570029,0.030020568489454183,0.040310520151407146,0.027572901760969437,0.08412201385497453,0.07482829715273866,0.0007390636764220926,0.03440889896050247,0.09841349191891324,0.041095399897659056,0.04275410719268477,0.056534317488621866,0.026394411325303086,0.031905627521946894
871,0.018937729346838284,0.024955088649390153,0.0038356860942260055,0.002482815435796347,0.1254482113133959,0.010795471232268804,0.07348157088750715,0.04495447840959618,0.1910501348302029,0.13317065896500346,0.11873657431837066,0.0035520013979382114,0.0007724250721191595,0.026267071635137654,0.1643841187976449,0.03652887993824812,0.009722281919946974,0.0017614817631513035,0.0062410081344805145,0.0029223118587373433
872,0.008985063963002023,0.04954125154473209,0.013956357502409127,0.013195078990011485,0.016144025050580598,0.023600109391288163,0.012283135625382446,0.09176132361963528,0.011022604520772536,0.09644767320949915,0.1671416959567046,0.014490826522166895,0.003377000361973724,0.011964072610342175,0.003710831335393097,0.011792923330082158,0.05538318923208921,0.375456854486347,0.009413678381773186,0.010332304365815002
873,0.0045349506896481704,0.008778766218450527,0.008163650593742931,0.015204707851024768,0.01002825110273905,0.007214743915394339,0.05290918865839053,0.008529898253634776,0.10511019079186215,0.010343559499496727,0.007135940198687355,0.007364937556114471,0.004205440854489412,0.26312020433174726,0.4378559616456313,0.019746923374902862,0.0035052313046517866,0.005483745839872058,0.01187017133234966,0.008893535987169878
874,0.019266245468761288,0.04601213280116245,0.023032642311714095,0.01300124856215891,0.027427053024669884,0.006159072472786811,0.029316515483129673,0.030467630645703316,0.0473490637357874,0.0064593218908434325,0.022884797371939665,0.019960988953772695,0.007772714447199722,0.014024194861723276,0.559421381722064,0.019453347854043037,0.0286602896123071,0.01639122004765823,0.05029217356121253,0.012647965171362503
875,0.01843211506865839,0.011309951502040231,0.00894751264743036,0.014004297382499734,0.013600348132943696,0.00451563869497335,0.012035182157524398,0.47099519612829915,0.014570261159318972,0.13728804804573239,0.03028645606810629,0.014932795433424429,0.009261332349131955,0.013871927706078264,0.0057736917294530085,0.014837634367954433,0.006298509320239703,0.17044785720314445,0.012123408959352202,0.01646783594369455
876,0.0058104861835131145,0.05032723595101487,0.008647391781651246,0.00945644181106411,0.010479822281774076,0.006804814939173589,0.008485626944564405,0.6150021863806638,0.013508365922507853,0.08656811980360954,0.015978921333639345,0.007735257603666233,0.008339138542010594,0.010119940029113983,0.0812350154895772,0.003808952078400673,0.015219327145699969,0.021156674300430497,0.014051979559205003,0.007264301918719925
877,0.06975320898555076,0.05159075019184679,0.037565285873699186,0.006291509606914571,0.00496414517642446,0.4085404604490988,0.010759370222761695,0.008203658905743736,0.008733757521979553,0.0022131160774496584,0.007798087768978184,0.12593382288462845,0.00217242789904289,0.008512930940110545,0.005113838279648212,0.2087956910812664,0.008572688344164303,0.011578517498118827,0.0065054560440480184,0.0064012762485249385
878,0.05449324542929344,0.03086146468594196,0.05223603573723689,0.06960022081645088,0.04838154941638634,0.025719892894481636,0.09192575266919532,0.062353444212588476,0.0120703786594544,0.05157282510064762,0.05857414575449845,0.04109477104489394,0.05065034104188925,0.04847335041199418,0.024535379108124172,0.06956091851703863,0.06728851953136866,0.055652132634553694,0.041053687278163706,0.04390194505579835
879,0.0427753244774962,0.06251748937321029,0.11568043233024808,0.12273065367441002,0.0019988440959578906,0.008703792034045537,0.07833558775204796,0.0015604610798118602,0.039008293925525406,0.0012383612227455593,0.011096918845321902,0.09974960172209014,0.005309055537600235,0.10085576247913423,0.0696989723737397,0.0939618252580599,0.09461885893775873,0.006258046408127183,0.004291520419657285,0.0396101980530119
880,0.05882982039613536,0.03937029111524871,0.02268167462598114,0.0858158510003526,0.06149245844490877,0.003945591123727466,0.07974470821340984,0.003717022709797407,0.029819659768535126,0.07847430315522697,0.05479807114665545,0.13350892362054254,0.01037253490549046,0.07584953753787937,0.02595259056102858,0.034610485730689276,0.002440518072351529,0.004817187630884922,0.09448714509957186,0.09927162514158265
881,0.05128909344888125,0.05898475155989307,0.05495254119445789,0.01724035106555191,0.058865293678767194,0.036484660491092,0.05220048800654153,0.035298544253464306,0.055505759590818514,0.037775937643939335,0.05444408521042536,0.04667806850557067,0.028544729244382377,0.06123293752982922,0.03686967510683089,0.07568627186492795,0.060115693580245794,0.06288556510750548,0.035317534118879584,0.07962801879799568
882,0.004761906974178219,0.013444590915027822,0.02829055134598649,0.007441766152491566,0.31977126446936205,0.0046816729214532275,0.013289935142458634,0.00649821964354489,0.00786224336181504,0.0025939001695353767,0.007748921051084449,0.00920708112318376,0.005475910997871148,0.006323433904642567,0.0029912015075157544,0.007323910861472828,0.0033026688006968356,0.004103052201486318,0.036322705230879854,0.5085650632253133
883,0.04638580238813964,0.07982337181704048,0.05210370677872877,0.10125171189854933,0.05370611546483202,0.05013705445913992,0.0310408417786981,0.034100434230926235,0.04678158226378894,0.043903851724516926,0.0440476525799873,0.04161145358660593,0.007934126086175147,0.06951737153218637,0.038502083314154355,0.061466532087126755,0.0348042411165731,0.03365720043311766,0.043953007514848486,0.08527185894486454
884,0.01064762350351379,0.13085236809171108,0.17577492849072524,0.06201649408820647,0.039172194449151806,0.0027163685054511022,0.012449317930200505,0.007240789267831238,0.006211446413509993,0.01532549325304645,0.13495526937086727,0.08983873075375355,0.005032320447016683,0.015487384343920248,0.0023248406830342593,0.08981923932881496,0.05102933080450845,0.007979995593134566,0.051387585493935066,0.08973827918766727
885,0.0861604887782961,0.043705279564644754,0.031910915196674924,0.021043437816067514,0.14371689664607964,0.015295464302492612,0.06272729533802911,0.04832543106957478,0.01316219773929927,0.04692182569065827,0.04318732708312706,0.016941013597239003,0.0018874560116130985,0.07107231478919736,0.015550379941820836,0.02990104768719632,0.02598672255028236,0.056675007889620294,0.08902982551437658,0.13679967279371014
