site,A,C,D,E,F,G,H,I,K,L,M,N,P,Q,R,S,T,V,W,Y
790,0.08512696683328527,0.04107369079327781,0.013691230264425936,0.054204072723193386,0.016429476317311124,0.0060850103706078336,0.06564455570251887,0.06583549089167591,0.0410736907932778,0.007062874264794574,0.08214738158655562,0.054764921057703746,0.0410736907932778,0.06564455570251887,0.005134211349159726,0.030805268094958354,0.0410736907932778,0.06565870916398413,0.0205368453966389,0.1969336671075566
791,0.09420332146886469,0.06246022768828365,0.013988488492688531,0.006782297451000499,0.010329960733062298,0.05477707972895991,0.010329960733062298,0.012208135411800897,0.009457006304916188,0.009914254865403876,0.006104067705900449,0.010329960733062298,0.5426643884681959,0.007088820039514572,0.0019184212789972838,0.05979000369341183,0.0653114509456155,0.003228112729081968,0.005125553035488927,0.013988488492688531
792,0.10156015612742472,0.039145136248364895,0.005260127683374032,0.032542656601140675,0.008416204293398453,0.12241751699488655,0.03142049602868755,0.02606079019685619,0.0763932389708475,0.02391973851807981,0.040224505814036714,0.09731333196024938,0.0004409698001327878,0.0580035701301785,0.11476642218270619,0.11160815815751035,0.06738006081386058,0.01273783077620654,0.00834664888601499,0.022042439816043556
793,0.042657379921588495,0.0072437060244206885,0.009363815104738939,0.004018095895604704,0.006345725938748704,0.6153284969750659,0.04451204861383148,0.011633830887705955,0.013238497217044709,0.0025852957528235457,0.009844010751135807,0.04875129133895828,0.004543389577447296,0.021328689960794244,0.020597727141871143,0.08097146297843345,0.005155732856004348,0.0060467782343960295,0.0031766449077977464,0.042657379921588495
794,0.007323506348816517,0.010027570231456463,0.015897367440113903,0.011639144018654823,0.014169392718362393,0.10593158642691518,0.04345280433631133,0.011973222158190506,0.11426852625924529,0.009728239776786121,0.016712617052427436,0.018105335140129717,0.014169392718362393,0.027158002710194584,0.5248928616990008,0.008043562960845999,0.008257882481582074,0.0057174742547778075,0.012780236569503335,0.019751274698323336
795,0.048269985269544465,0.008568479947129814,0.012277224998872573,0.01495589227135386,0.015232853239341891,0.003013091849540155,0.015252845295689401,0.03059386026170776,0.015520265564612496,0.004838671028967425,0.00967734205793485,0.0096934853234055,0.008770910194972453,0.022231731754715198,0.0034273919788519254,0.01206472037347109,0.6660300062531832,0.07937118266814985,0.009242405336229912,0.010967654332326163
796,0.0019489823172971876,0.01146862475673112,0.011610212716690764,0.015939444577151726,0.01621426258710262,0.007772125868197947,0.014036227314208238,0.006072598259082131,0.016793343393784854,0.005283299045235685,0.013434674715027886,0.01056659809047137,0.029327751461502842,0.027659624413292703,0.005056060376623398,0.020504112112597176,0.7608005470272503,0.004975805450010327,0.008322364867716389,0.012213340650025349
797,0.00511507426724583,0.009296726122810201,0.01577147899067464,0.00868154806826127,0.011012435885776793,0.0021814204315694775,0.023657218486011957,0.015262721603878685,0.01051431932711643,0.003748675466162133,0.009187269314956103,0.016601556832289095,0.00901227370895694,0.01577147899067464,0.04135514330128836,0.004881344758389606,0.00788573949533732,0.004617639587437844,0.7648744410255002,0.020571494335662573
798,0.004569618696846166,0.010451356777473716,0.012479231973102944,0.009722192351138342,0.014930509682105308,0.0037832965710312087,0.026128391943684288,0.014930509682105308,0.018176272656476027,0.003698096815652167,0.013064195971842146,0.015201973494507224,0.09498057512263018,0.016079010426882638,0.004265859909172946,0.6762117109939031,0.03187303920590061,0.005806309320818731,0.010583652432884776,0.013064195971842146
799,0.002077084557601382,0.06646670584324424,0.005148829325885116,0.003549193030464498,0.024983050781711695,0.0010912444242920695,0.006897488342223457,0.29693122931335825,0.004810090554445307,0.43344116686431233,0.016033635181484353,0.004160771320157283,0.0036556688213784327,0.005711982533403801,0.0011317860128106606,0.0017507174615363406,0.04813243184449091,0.0633914506912955,0.0041074930577285765,0.006527980038175773
800,0.005773702602239289,0.014533803102188556,0.016528638822096788,0.00957909749916973,0.01960373441690549,0.005585130182372074,0.6736663204521006,0.01381902590044158,0.011239474399025815,0.016669935279049596,0.1017366217153199,0.013244266380113806,0.006396322135422591,0.009617654653367953,0.044541688481620864,0.004816917599582493,0.00795245830119751,0.00643481358722852,0.010156151565384772,0.008104242925171883
801,0.020476548636284776,0.053943237130134714,0.007089682594246276,0.0029326627911369497,0.010741943324615567,0.2844776220965094,0.0052130019075340255,0.007877425104718085,0.006111795339867479,0.0028358730376985097,0.007385086035673205,0.1210433613651803,0.0034753346050226835,0.005538814526754903,0.0012562715751505715,0.32494378556962095,0.014925647566834264,0.10267020264915803,0.005626732217655774,0.01143497192620367
802,0.04616833358030997,0.07791711013038595,0.005265884201467713,0.026491705956436698,0.004026852624651781,0.11093220865265684,0.023810954650114877,0.016429558708579265,0.1095305513505539,0.0009507846474872264,0.0019438918515509087,0.012818258392907832,0.0013422842082172607,0.06882325590134974,0.09561945733687012,0.11530327104972023,0.1874208791891991,0.010088325522811832,0.0017780907693267605,0.08333834127540209
803,0.18160476961327668,0.07467064953570608,0.0060736891966842255,0.020966856535936586,0.028850023684250086,0.18576227601327325,0.004438465182192319,0.005128893099422236,0.006237842958756772,0.026190092422581624,0.005495242606523824,0.004616003789480012,0.0027152963467529487,0.017753860728769277,0.011975432398216903,0.3601137708104974,0.025293171449205547,0.016777267595888025,0.008548155165703727,0.0067882408668823715
804,0.002089708272832435,0.0038536378211790896,0.6062075044625406,0.21439299846810256,0.006496292664888907,0.03387950030769571,0.005213745287477593,0.006183744410729238,0.002123545015476822,0.002197529005465762,0.006183744410729238,0.005318020193227145,0.0023121826927074538,0.08459401035696337,0.001641364257168872,0.0019408832821996877,0.0032426952397726487,0.002451840712347711,0.005318020193227145,0.004359032945268152
805,0.0063333738942427335,0.007803537727838824,0.017471376259979954,0.01634419069481996,0.010340202276314665,0.0028316934929536034,0.013693781392957259,0.01512447497132593,0.015833434735606833,0.0034994714275351202,0.01206356932236711,0.012991536193318425,0.005367701075746333,0.010780210883817419,0.002448345659595385,0.004606090104903806,0.007979053725030216,0.004802558403217238,0.8182903683606705,0.0113950293977586
806,0.13550188538163843,0.11052999681551866,0.009410201749084563,0.004852135276871727,0.058453959100195865,0.03525010709251676,0.005263333181691365,0.02956664265868556,0.023357201154629,0.040930744385668516,0.2505596925897259,0.006337482810607971,0.0018935162056084788,0.10017311539348081,0.042933544649192024,0.0421716448755271,0.0448887040902723,0.04841353792419464,0.003653372443762242,0.0058591822211281255
807,0.10818470928973613,0.17051406314851172,0.020976566948372365,0.002572179456671453,0.0024308509150960987,0.19351088155306723,0.007900265474062319,0.045819988647352775,0.0029494324436499324,0.0019489641698127312,0.002765092915921812,0.029683521322123114,0.0006926284406395666,0.004560978005644227,0.0013782394596495015,0.16388342369010153,0.17908359408764887,0.05718831714067905,0.0016758138884374616,0.002280489002822113
808,0.04753484774229362,0.15216508281078256,0.07077445712129422,0.06818718333502048,0.001981316182432065,0.010498402628990683,0.0776311120221743,0.046192538632724746,0.02797152257551151,0.012453987432430124,0.09915012044851523,0.020312809518433114,0.034829245918380235,0.11069386147095865,0.029875343483792394,0.04267884339354896,0.07627851510016703,0.06778630683725022,0.001419450399354315,0.0015850529459456519
809,0.0723697526467349,0.03149954720149548,0.10070040923080747,0.11166041793199527,0.0022439193570957805,0.06486390926186851,0.040050560646345906,0.013124811333956455,0.04918533665531863,0.021755860104187896,0.028642970617046133,0.08833206358091328,0.0008861337588531107,0.12540664801346563,0.0625922423413237,0.09687917418651579,0.0492035199213999,0.03689306286004086,0.00135164339911084,0.0023580169515243794
810,0.018057789247586102,0.3079030107785849,0.22403784800325444,0.12640998972337683,0.0024772416487288036,0.043197714349572466,0.02820625788077373,0.0028603202542023297,0.0033029888649717385,0.0014997354846358162,0.0028603202542023297,0.08518502932707675,0.023866758250118365,0.021342389589048157,0.0016917747844977197,0.08138535506563341,0.018216484043177467,0.0012346676288855437,0.004548378109141411,0.0017159467125318348
811,0.011276761524342725,0.006318874992088595,0.011822411275520597,0.003983638581968897,0.009162368738528463,0.0020360819418952136,0.008329426125934965,0.2278277393158545,0.004215861224729525,0.11332593474350929,0.29426859837204156,0.007635307282107053,0.002395390519876722,0.03628660886545926,0.006148228370688311,0.034145473559733394,0.09723734611249867,0.11294288672069307,0.0035930857798150834,0.0070479759527142015
812,0.002879366525820217,0.005869477918018136,0.005308049595425097,0.007825970557357516,0.048210352265776274,0.002866771478900945,0.007080865032906844,0.16218264092314266,0.006707974763449299,0.49696601813410474,0.19967195908024316,0.00462443714752944,0.015253402357904173,0.0056520898469804275,0.0016230048068667873,0.002260835938792171,0.003114416854458603,0.008248995992890352,0.007726907638909952,0.005926463140523165
813,0.03840401624956991,0.05047547489299267,0.02321722177249959,0.1640871123540845,0.030527834856573857,0.06460212862189543,0.03909148723192444,0.05225561139391702,0.02926790479277859,0.05454260553506391,0.041656123443143046,0.09827364710211965,0.0029237926341507355,0.05127205034947464,0.041059184006220606,0.057178904844193426,0.05073824386797825,0.033781438671514785,0.032359504947968284,0.044285712431936484
814,0.04637318338274361,0.16711869028564222,0.005413458097027074,0.008258370664100127,0.004763843125383826,0.006372433546385518,0.005178090353678071,0.0725741726132692,0.004410965856836875,0.020693153523997566,0.1308102388234653,0.004701160978997196,0.0019209044860418645,0.01276029408584953,0.0013388731546678822,0.0016546583140473758,0.20761343350490313,0.2880291777234635,0.004060093572770306,0.0059548039067297805
815,0.006378822036746396,0.007428782203437281,0.016114918829675102,0.011340128065326928,0.015837075401577257,0.008956680466441982,0.013508093724874722,0.015837075401577257,0.013312324250601172,0.0038956537964162583,0.012757644073492792,0.015568650394770863,0.005670064032663463,0.017688411423353027,0.06261912801519598,0.004834475648902532,0.005964612813581046,0.004912034081772625,0.7409727401022455,0.016402685237347874
816,0.007416856095669263,0.011561569796190324,0.003979745727927304,0.010210217482349895,0.010079317258217204,0.004827172962847219,0.011405010008506168,0.06037129342214084,0.0077177833656535836,0.0036063612208300094,0.013340245262489206,0.6350505720980111,0.0054219775595927035,0.014039049038231107,0.003761659072444699,0.07854745971994612,0.08819891056263725,0.006444153656892967,0.013792749932297227,0.010227895757125814
817,0.028660800895842543,0.004689949237501507,0.004486038401088398,0.004240228077741088,0.006585886163299989,0.053239344639510994,0.06603448526402121,0.041433494827927506,0.1089537837453797,0.001864678612500599,0.030953664967509953,0.03140226880761879,0.0024195134874469763,0.10739026621381001,0.24667287446738861,0.05157104075860212,0.18466638665966575,0.014739840460719023,0.004836510151173429,0.005158944161251657
818,0.04475616270356276,0.2189733476843905,0.0028144722516512226,0.03550658490444164,0.12261112180177339,0.0009668593872568764,0.015218998101521422,0.031083152512819633,0.002536499683586904,0.0634137646732139,0.10519153847458505,0.006042837481486447,0.0014781041321621528,0.0024753792092836054,0.0008457481309334194,0.003177161974802152,0.15827758025582278,0.16528555450752658,0.0022092094018337557,0.017135922727345713
819,0.0055014081002114044,0.00908769425388332,0.009957548661382641,0.010380163464280284,0.012604491976433726,0.002725680862095569,0.009306120244282842,0.01327673154851019,0.008811989965825346,0.0030024888429055524,0.010942361166354553,0.011997046579979085,0.004237254749524529,0.010481630169876464,0.04383904136020134,0.004507133654905612,0.005594128461450922,0.004881151304599335,0.8062614426568636,0.012604491976433726
820,0.008318332982269867,0.010677263230973266,0.01192294394125348,0.012334079939227737,0.016258559919891107,0.006813110823573416,0.009171495339425753,0.5731053267278226,0.008724105322868398,0.004001269617610575,0.008640962371016716,0.01254694746985409,0.0029932076839966886,0.009799679951715188,0.004771414836538969,0.016766639917387704,0.015034247105335933,0.242563097576743,0.013006847935912884,0.012550467306582607
821,0.043397237848053785,0.056263113152312236,0.09374113603478254,0.08653771742846576,0.020219556289112206,0.03046419746501744,0.0866236728451583,0.019446130638709005,0.02484418025541631,0.054628274886373326,0.03235129006257952,0.0020346723309798446,0.0010783763354193178,0.03741305653495592,0.0026142456616225886,0.09252735223659578,0.06451001292240562,0.08755233354540339,0.053918816770965876,0.10983462675567124
822,0.062101395555132534,0.06628553303360041,0.12503680327841135,0.16375839962245742,0.016048076418661152,0.084742764960617,0.03154277089185123,0.0036299220470781186,0.02586720349757105,0.06778602106220465,0.05847655242964201,0.021397435224881536,0.0015636587279721124,0.06493527217550857,0.02622911414662898,0.042475505744914085,0.026379280830674565,0.011800436655975773,0.013551708975758305,0.08639214472045922
823,0.008131129620111303,0.01868429785046853,0.016922587484360156,0.017921673448408587,0.019958227249364104,0.006887589416562323,0.011024649830783767,0.055486988190856866,0.029811218761591887,0.005290132523927836,0.017563239979440416,0.700713838961474,0.006755092299784774,0.016887730749461937,0.005777381572184349,0.02019557831357182,0.007045331826156916,0.009342148925234264,0.011404701285350918,0.01419646171090508
824,0.07008233580740847,0.05678035594025691,0.0629401783019196,0.04083463810326878,0.016873246219738795,0.027446123619693057,0.0672966201195419,0.05534891839554455,0.04077370321805115,0.022754555340390538,0.03920548386351073,0.058076268377535004,0.08816155438737644,0.040470176891365915,0.035512213644484356,0.04363190946100387,0.05673959473714116,0.05945746535441338,0.07754930874101024,0.04006534947634526
825,0.011445382786367487,0.004849063652170871,0.018679387502532934,0.011118371849614133,0.10006534664652716,0.015722950090363414,0.08930108531141913,0.0030884366248928137,0.1197363122266137,0.014745747347120053,0.034943454384501554,0.1292263175617235,0.0011668048079045814,0.05942915152570592,0.06707490956695206,0.012019861459042304,0.026160874940268544,0.006445432956298046,0.20786521284061196,0.0669158959193698
826,0.003063957494422044,0.04442738366911964,0.006024052022931477,0.005923651155882618,0.006834982102941483,0.001974550385294206,0.008265559752394352,0.10570837664688346,0.11582597393759685,0.17295473062037278,0.28778337889728506,0.0058265421205402805,0.006581834617647354,0.01615541224331623,0.0016465033279349606,0.0026133755099482137,0.05277236360600126,0.14113733573066364,0.006581834617647354,0.007898201541176826
827,0.07032958501136743,0.05639867400683406,0.009404626775340659,0.04646992826686017,0.050614194621517755,0.04751569690898015,0.1194324861321192,0.055907182294356206,0.05639168592092031,0.030363383487452083,0.016747343808590436,0.04112403312998317,0.050363096561737014,0.0766358452681098,0.07547159720408321,0.06635138118451066,0.04260668328077953,0.03099270860744799,0.028595464652279783,0.02828440287673051
828,0.012162732982273008,0.17693359508454193,0.23302853349080485,0.005539464523544839,0.012564849506003702,0.009935051257852056,0.054940705260347875,0.037050197261292966,0.011559661545523405,0.057798307727617036,0.006422034191957449,0.20082208487644354,0.00267584757998227,0.012564849506003702,0.003074378070617927,0.025886457232240437,0.007506273730859353,0.11337664799894656,0.006422034191957449,0.009736293981189538
829,0.009878668653209351,0.013305961859424842,0.021733071037060576,0.14409713960694717,0.023285433253993473,0.005306898505742068,0.022482487279717838,0.019757337306418703,0.519743349186637,0.004496497455943568,0.032148629222352954,0.01381459442721251,0.0062094488677315925,0.009865315717394883,0.1123369200602842,0.005478925471527876,0.00698373780258992,0.006721568361977498,0.00931417330159739,0.013039842622236342
830,0.08873347453233846,0.009842388965307229,0.005624222265889846,0.06561592643538151,0.010206921889948237,0.00475732191996431,0.06889672275715061,0.03964442536711746,0.1684142111841459,0.011982038740374018,0.008105496794958896,0.00862480943690755,0.0038970943682568064,0.0716368374208173,0.025937589743868457,0.1412702426467692,0.2209211885173419,0.0043743950956921015,0.007066330539194935,0.0344483613785753
831,0.04823050645275983,0.017989087651192996,0.005673481489991637,0.0068609543599898876,0.055316444527418455,0.0013658381364794682,0.02578797142901584,0.09387033010713436,0.12421938420192218,0.08196896630113631,0.0684870265577562,0.014751051873978254,0.11790562217498239,0.06785483862029998,0.0837859746441965,0.04176538985120674,0.053373248400731446,0.03308647149303534,0.011346962979983274,0.0463604487467888
832,0.008432518017450288,0.038117494141641395,0.008073497023055987,0.005111391890396302,0.0038752785710668733,0.0015739861320959191,0.006183955166596075,0.3582627784403425,0.005483884770377651,0.2305509269281975,0.06318388974565554,0.008548408612647518,0.0017614902595758518,0.007266147320750389,0.0022357376371539657,0.0019376392855334366,0.0033407573888507534,0.2350539927129173,0.004687836981129284,0.006318388974565554
833,0.09068721573929689,0.03664338176640038,0.07135617213808337,0.05539115848409358,0.010477213261654066,0.08773160759902283,0.027066134259273004,0.09115706618948716,0.010290726109332298,0.051245214197556885,0.05281196928638635,0.016475038244774875,0.023274808384892834,0.08464318350172648,0.026450994844289522,0.05588089857492708,0.0869423180717926,0.03787722752496227,0.0030932724867740583,0.08050439933527355
834,0.1411868654780539,0.05978033322217103,0.002744153714294573,0.02461171829153725,0.023611155916742895,0.017244326891010874,0.018398303311747712,0.005486494640210422,0.13012319204202763,0.052138920571596914,0.033830909970258484,0.06614651837940642,0.0008015102432840587,0.1090141782471521,0.10720410650694254,0.06493994531575126,0.05235494227746347,0.023502348746619658,0.025667876815413878,0.041212199418314874
835,0.008985799480882063,0.018929973662281645,0.013692646828010763,0.01916970555921507,0.020061319771271586,0.005565398388159212,0.01760483163601384,0.01725273500329356,0.020538970242016147,0.039245907616111735,0.01835397340775911,0.012685834561245266,0.007501189131866766,0.01835397340775911,0.031238990871506844,0.005828626690301878,0.008540957922422555,0.0071886395847056495,0.6916556945991633,0.01760483163601384
836,0.04245965598487087,0.0055809570213866035,0.006735637784432107,0.0046507975178221705,0.004883337393713279,0.0020561420605108545,0.0806812265048281,0.18225522006563316,0.004583796079434104,0.03478541705110829,0.04883337393713278,0.027904785106933023,0.032270776609287774,0.11246473997642703,0.02830681142403856,0.06997814182155583,0.15683102128497278,0.07751329196370285,0.07268223097619764,0.0045426394360123514
837,0.031008031417511774,0.023942142115945475,0.5195327289376993,0.1622616238268422,0.028105992918718604,0.0026567059902199534,0.01576677651537873,0.020852833455823477,0.02938353805138763,0.007980714038648492,0.016160945928263195,0.027875260736193425,0.0062760955061216305,0.02308706561180457,0.006529675122530583,0.020630994802038123,0.012196940323217506,0.008907960066964012,0.020852833455823477,0.015991141178867848
838,0.0043004439939497525,0.01331750398126375,0.017949679279094615,0.014235952531695729,0.015964786414982605,0.0048609873018192525,0.007242853042441687,0.33154978827273984,0.02293570130106534,0.08122382815982633,0.010623960820024397,0.012243564108289196,0.003469265743018287,0.01146785065053267,0.003356444092838831,0.017281900808393164,0.07052547975954569,0.331418553680521,0.014235952531695729,0.011795503526262177
839,0.012032743483286855,0.012077986065332487,0.016202176429104556,0.011654197080583979,0.01413381348070823,0.18581517023588437,0.010283525416327662,0.01509748258166561,0.018452478710924633,0.06486904949768976,0.01509748258166561,0.01054427354909979,0.5383036565783927,0.013025279090064448,0.004341759696688148,0.013025913991481794,0.005601668600593573,0.006038993032666243,0.017953763070088835,0.015448586827750856
840,0.0044835504258033355,0.11738363044269813,0.026817923532387607,0.007706102294349482,0.2845330077913655,0.004931905468383669,0.008275183434123198,0.00896710085160667,0.009484433593045516,0.0031275945999258473,0.007045579240548098,0.08679285144600081,0.003977343119664249,0.008219842447306112,0.0028519649371794467,0.0032476621683910968,0.004403487025342562,0.00474540681653254,0.007147689084614011,0.3958577412807322
841,0.009319612716123693,0.012567356541439523,0.0075404139248637135,0.008640057622239673,0.009425517406079643,0.036701129722787995,0.05266320836412753,0.25303215269668117,0.012960086433359509,0.332035808493181,0.02962305470482173,0.06770983932530683,0.01659395760785621,0.03748686732863626,0.00303965172136994,0.03570460898197056,0.004883130045790532,0.0527505524210081,0.006689076868830714,0.010633917073525751
842,0.08063739253492588,0.03415523069913175,0.015221352811569581,0.06892286006636168,0.012966337580225942,0.5722521201144887,0.010147568541046386,0.017504555733305022,0.017504555733305022,0.011767768560205052,0.019449506370338907,0.05001301638087148,0.0065437591526373885,0.014587129777754181,0.0032080853371875026,0.006196302914444253,0.006036053701139661,0.014164204944659703,0.021217643313096994,0.017504555733305022
843,0.011062543626928292,0.01921389156255967,0.08112531993080749,0.013501101334529145,0.011589331418686783,0.008203684037946824,0.015872345203853642,0.018284000564716053,0.5898666630196586,0.005072706421796312,0.052151991384090525,0.026653328031048164,0.0051417456294173755,0.04230155740996155,0.04436354288488341,0.00829690772019622,0.007395164593214111,0.009482180251652822,0.018253196984431685,0.012168797989621121
844,0.008357784358200374,0.01760469471195398,0.01723793023878827,0.029550737552208467,0.014516151780032228,0.10634536046483306,0.013133661134314875,0.014516151780032228,0.004994305796129886,0.004332045295611712,0.01599782356824376,0.016886135744119124,0.006087099200000852,0.014265873301066155,0.6680395752825936,0.005114144772206618,0.006895172095515309,0.008802347355976991,0.013758732593388306,0.013564272974784214
845,0.010802523787001854,0.014845270949415224,0.01711760548423606,0.6100844566146111,0.015773100383753673,0.03514163735673223,0.012017600292383754,0.05047392122801177,0.0788306997414502,0.006882807440183421,0.020462400497842603,0.016108698264259074,0.00647101554205279,0.016483977136063963,0.006700078039116607,0.00569254750691862,0.007805245550723468,0.03301570503395084,0.016824640409337257,0.018466068741955523
846,0.018312726839912356,0.015036898218664656,0.6670830550736476,0.019264785162989264,0.019691176238727525,0.10326220484758797,0.009088235187105014,0.01797890004405557,0.022352146000717735,0.005267703197621377,0.02362941148647303,0.006327439592100178,0.0040342897659832,0.01797890004405557,0.005824150718496875,0.004594607789036423,0.0070087237459877634,0.007195965586901465,0.015904411577433775,0.01016426888250259
847,0.004504820290432314,0.01167916371593563,0.013139059180427582,0.01261349681321048,0.013216418465076875,0.011974838746718806,0.018549260019427177,0.16677419644361854,0.009555679403947333,0.2532454407179987,0.03709852003885435,0.1651767439825182,0.006781449899575525,0.14190183914861793,0.02279547616845267,0.04039189308899946,0.0076911565934210235,0.04584683406143274,0.00750803381738719,0.009555679403947333
848,0.01458905425627465,0.021979319616024808,0.03890414468339907,0.0291781085125493,0.026933638626968584,0.005943838515529536,0.021883581384411977,0.046684973620078875,0.025009807296470832,0.00625634490834642,0.021883581384411977,0.025009807296470832,0.012504903648235413,0.025009807296470832,0.04975813542689249,0.01000392291858833,0.018428279060557454,0.011671243405019719,0.5633577008468281,0.025009807296470832
849,0.009268292996284512,0.399564887743789,0.24776466072091638,0.046455873885171826,0.009349609838525147,0.052523373252493316,0.006979286217490604,0.007623528022182044,0.013040245301100865,0.0029321261623777087,0.012705880036970074,0.06463425931849995,0.0036170023462907502,0.011011762698707397,0.046684098434424864,0.003979833769537994,0.004199401029168075,0.004271804495188215,0.007909608216776375,0.045484465514104705
850,0.053026460757571225,0.011941909550775337,0.01094675042154406,0.0027692753561057992,0.017514800674470497,0.41687584691676915,0.012963470869907533,0.013472923595746535,0.018765857865504106,0.00964117468319477,0.011676533782980331,0.012815707810588169,0.0041373544900324,0.3502960134894099,0.013678441897334873,0.004237451776081572,0.005101398254700145,0.006520184473527982,0.011676533782980331,0.011941909550775337
851,0.2742444855967887,0.020557831693422717,0.019231519971266414,0.01354947997975588,0.01331030373533483,0.006275548622202723,0.011923542382185175,0.015147263584758408,0.01863053497216434,0.006551396913288558,0.01863053497216434,0.011464944598254976,0.03716102309974168,0.02292988919650995,0.006480186077274551,0.46744566201122445,0.005578435245027123,0.01104031702054183,0.00876731057513616,0.011079789752957378
852,0.003571222788333966,0.00679684337134529,0.00810392863506554,0.009577370205077455,0.013857051158759333,0.002172187056821691,0.007389166082492461,0.006208191422935857,0.010033435452938288,0.167110420777698,0.6991480249706543,0.0072655911900587605,0.01700420893472111,0.006197121897403059,0.0016492349669516822,0.003101325860691326,0.008779256021321,0.0036965288510825266,0.010535107225585202,0.007803783130063112
853,0.007767301003513336,0.020600233096274505,0.013537296034694671,0.012805550303089556,0.0197418900505964,0.006866744365424835,0.059225670151789214,0.3730584545480597,0.012578730942385069,0.019832451688249705,0.07552899914987168,0.020600233096274505,0.008614642931169337,0.022638221999694216,0.011576149943402704,0.006768648017347337,0.07622492524321435,0.1962162492651311,0.018223283123627445,0.01759432504619043
854,0.004067092984724373,0.01269581015105964,0.012960306195873383,0.003998838412651355,0.012960306195873383,0.4897107578629634,0.011737635800036271,0.014467318544230754,0.011963359565421584,0.00363798068656095,0.009284995483610779,0.011963359565421584,0.004979515701184996,0.011310812680034952,0.001586231237893713,0.2868340820356169,0.07069257925021845,0.007331749036101046,0.0062969964364129535,0.011520272174109673
855,0.0028222050578606667,0.09219203189011509,0.007316311715147147,0.005644410115721334,0.16522727793293354,0.0030988918282391633,0.12637849210239852,0.005268116108006578,0.007183794692736244,0.0011386817724102299,0.008348083011905988,0.009543873621882588,0.0016017989748266697,0.003435727896526029,0.021300214115027152,0.007586087195529472,0.00162931426020822,0.005644410115721334,0.25587992524603376,0.26876035234677026
856,0.013788525752489119,0.016852642586375585,0.016852642586375585,0.01995707674702372,0.03791844581934507,0.04506594851283422,0.01849680283870491,0.01976634646640638,0.03238531174219518,0.009256344928166769,0.02708460415667505,0.03611280554223341,0.007660292084716177,0.022980876254148526,0.6037413500360423,0.006395149106993599,0.008716884096401164,0.010833841662670022,0.015799352424727114,0.03033475665547606
857,0.005024384984528368,0.01254816669369252,0.01312731284878602,0.020811593540758323,0.025856828338517917,0.0046627067495688046,0.009412422456386188,0.03413101340684365,0.025856828338517917,0.06625304031159376,0.025856828338517917,0.017065506703421825,0.670462061888177,0.01312731284878602,0.003615573454114793,0.003119427588071556,0.004934200087482341,0.011227307041724885,0.017065506703421825,0.015841977677088493
858,0.003825393431879949,0.003089655751601792,0.0099163111292422,0.015475455247150705,0.01309461597835829,0.0033500402161144864,0.0035607723470144756,0.01309461597835829,0.023753024332835965,0.006835984951747887,0.016743935185441743,0.01361840061749262,0.002699367122222108,0.010013529865803398,0.8208546438484371,0.0033642219674625954,0.005375684454273402,0.004886985867521274,0.012455854223316427,0.013991507483725298
859,0.235760547318582,0.051277860532054464,0.0031200814609451126,0.006720175454343319,0.005576315802540201,0.035508539981336636,0.011648304120861755,0.001491262714885989,0.01828512856181787,0.024461438653809685,0.13728358428158496,0.0026743555379529537,0.0012761064603715488,0.07147822983256077,0.0017951153610917087,0.16700577209586703,0.21126262273047855,0.0027607775774004177,0.006095042853939289,0.00451873866757568
860,0.08531185435652616,0.019664417240014102,0.010534509235721839,0.019030081200013645,0.01685521477715494,0.007762269963163462,0.010349693284217946,0.1953237599346183,0.017350956388247733,0.005958914315155789,0.028092024628591568,0.01282461993913963,0.02363928029657218,0.018435391162513217,0.00634336040000455,0.005097415461821323,0.4747903489312731,0.008081267358909907,0.019030081200013645,0.01552453992632692
861,0.010065645187707788,0.009084103284322931,0.01677607531284631,0.012078774225249346,0.019693653628123933,0.0036778979969326725,0.023228411971633355,0.023839685970886863,0.014154813545214077,0.005642814390069185,0.014154813545214077,0.017092605035730204,0.007305710216884684,0.013937047182980012,0.04945810922558642,0.004977516851064291,0.006862939900709855,0.008969386800927733,0.7188687053525007,0.020131290375415573
862,0.39409001314731,0.12391798194212163,0.014275324039513143,0.019064304914172554,0.027537329320471468,0.06900073032093286,0.016522397592282877,0.027537329320471468,0.024783596388424315,0.006119406515660326,0.015489747742765202,0.018358219546980976,0.0055936266306272995,0.014162055079099614,0.0062743281996010935,0.1488307405943567,0.003923474673963296,0.0038602420316051814,0.022530542171294837,0.038128609828345116
863,0.09848568988244238,0.041716455029223394,0.035075769798216645,0.09803396609384432,0.12523609368440453,0.08341156860697853,0.015589898750011846,0.004064680233616638,0.046805764885164504,0.026551540235721593,0.030485101752124787,0.026826889541869816,0.0015242550876062393,0.14080387946507242,0.01202229364872527,0.03392327112266518,0.01816133721403179,0.06963165395604139,0.03372819768320189,0.05792169332903709
864,0.012006390166927196,0.011339368490986797,0.0955058580706231,0.009876224169569146,0.0090047926251954,0.006958248846741897,0.2177470272690764,0.020855886311515772,0.15993690766740642,0.004312154214882303,0.010557343077815296,0.24485564724957776,0.002915837611968034,0.017009052736480196,0.031891973880900364,0.04506667603152573,0.004145905899670923,0.006803621094592078,0.012756789552360145,0.07645429503218507
865,0.10363757939673776,0.015069750065341971,0.00981286050766454,0.015069750065341971,0.009828184672351255,0.006593015653587112,0.00937673337399056,0.3350416816775456,0.013186031307174224,0.20613689588618977,0.04219530018295752,0.012786454600896217,0.006393227300448108,0.012410382406752213,0.00485003450378822,0.0040263128059891745,0.03776056780903925,0.1323653025473477,0.011404135184583115,0.012055800052273576
866,0.01678019344846239,0.025906263569555967,0.004394812569835387,0.034244771298585094,0.0047328750752073405,0.03599935174682916,0.18834911013580233,0.01182854121129852,0.1477119387931709,0.019895079657458403,0.003238282946194496,0.010486232745492869,0.12005341654184472,0.04506721586456991,0.11022570858792095,0.01845821279330863,0.07545237569186582,0.06364900963209871,0.0031824504816049355,0.060344157208893585
867,0.062119242032449326,0.08352033576957842,0.04905107339448169,0.030847167196721325,0.05049432064500658,0.049333857495204456,0.040440826677181324,0.07924130528423001,0.020135085768943697,0.027176331111692056,0.06497212820949728,0.05306224545547986,0.03436818997533921,0.047155651760660104,0.04269284228548757,0.0532757448593289,0.08580259776077886,0.08114961239281139,0.012474314855290897,0.032687127069836903
868,0.05002797540912666,0.015482115848160158,0.017251500516521315,0.035517795181073286,0.025158438253260244,0.009738750291584615,0.02415210072312984,0.05670666115201161,0.01829704600237109,0.007454352075040074,0.040253501205216397,0.019477500583169226,0.005571594838426985,0.02236305622512022,0.006729801624545924,0.022366944488763058,0.48370439884777044,0.10063375301304099,0.02322317377224023,0.015889539949427527
869,0.09490970026984169,0.10785938035127898,0.0063593424042935436,0.015579688272962524,0.005126833233916193,0.0030966237366635246,0.008498011785252283,0.0695237979870112,0.010124226762230928,0.016147955928367687,0.04154583539456672,0.007955585501087246,0.0022408098393191527,0.011684766204721891,0.01869562592755503,0.015479453227568581,0.24549811824062157,0.3006818630380822,0.010683214815745733,0.008309167078913344
870,0.016614569378592525,0.15861510644562823,0.0445708971585393,0.05824647885598529,0.03838972470053577,0.03619602614621944,0.06894169001550036,0.01572475564681277,0.03362664082946976,0.052977820086739354,0.1032257041947739,0.06759779702674053,0.001468824249411803,0.015355889880214304,0.024992494243818178,0.0869025132108589,0.047155602357887266,0.04896080831372676,0.02621091548519338,0.05422574177335233
871,0.023017766905548628,0.020626310603673443,0.004246593359579828,0.0028876834845142823,0.030080036297023768,0.018685010782151235,0.20852612860260478,0.04659818611544633,0.13794760385793423,0.10928143923655981,0.11547833990829501,0.015609099916293421,0.0007442483207511036,0.03500222405471857,0.08431602228651155,0.04498927167902686,0.05039074152662185,0.03150297708950908,0.01678885746810629,0.0032814585051298664
872,0.04651805286477032,0.04662948459877033,0.015913236807516856,0.006849555248584533,0.017588314366202836,0.007173306651761746,0.011523378377857033,0.06683559459157079,0.010126605241147092,0.10874648126615247,0.21454668103375438,0.014529477085124086,0.002739163712769295,0.011523378377857033,0.0032444463393966412,0.0033755350803823646,0.12585923656854245,0.2678783917291484,0.007956618403758428,0.010443061654932938
873,0.0028436677643289715,0.0009361563614643365,0.005304534098844428,0.011493157214162926,0.006727701783900251,0.005034425767587795,0.10118285585403038,0.005516715462798205,0.18389051542660684,0.0017927718158220133,0.004597262885665171,0.0048392240901738645,0.001486906683763849,0.4290778693287493,0.21452991816461398,0.0014462873949947213,0.0022244820414508894,0.003447947164248878,0.007881022089711722,0.005746578607081463
874,0.009336654700783733,0.03801352271033377,0.03130525399674546,0.014783036609574246,0.04838084708587936,0.0805447060400085,0.018351355791195612,0.018351355791195612,0.1405081519369053,0.006117118597065203,0.010748947153637885,0.053405533736939716,0.0073915183047871215,0.01612694902862645,0.4270852100835757,0.0141794563827627,0.006736573644869274,0.026173245144819977,0.018077068180708786,0.014383495079585756
875,0.0059745816741090495,0.012085352931705772,0.010112234085712995,0.017086188627584025,0.010365281427490929,0.004235038206837066,0.01339187757297126,0.39829389977594254,0.018351832229627284,0.020003181279567406,0.020673984688767223,0.010553002961089774,0.004857837943136634,0.01651664900666456,0.006117277409875763,0.003431168437814793,0.016945517922342626,0.3878388848223997,0.014157127719998193,0.009009081276362485
876,0.05864592986816135,0.1428942764314555,0.006711700862689577,0.006825458504430077,0.02928742194628179,0.004737671197192643,0.005922088996490803,0.324586871446562,0.010155414360630255,0.07252463923110065,0.05293230081795318,0.0052987112073865075,0.002470564734732359,0.007598151920025933,0.003313997495661986,0.0025023307451847365,0.058685986334201974,0.18962647948786032,0.010597422414773015,0.004682581997225286
877,0.14497494239751815,0.04579388244187739,0.1351474015710957,0.005343599062703714,0.004561608955966585,0.3014970564122392,0.018719103766015616,0.0077927486331095825,0.008501180327028636,0.0016773629344809862,0.00706699027332162,0.06234198906487666,0.007091031931549951,0.007481038687785201,0.004299447521715632,0.21611485436886563,0.007239714859146966,0.00288044880358497,0.005343599062703714,0.006131998924414099
878,0.05705923404506069,0.08186999897838752,0.050413939102554366,0.027427387983427285,0.035052382429732694,0.05013581910303033,0.10451855999757746,0.07096005458789974,0.011401446973111979,0.02806792255649449,0.028702943428813372,0.05719505817759257,0.044323053526814024,0.04775862019707934,0.024128248437882274,0.0637925383593988,0.071599995943586,0.047625256527707736,0.019058137169131458,0.07890940247471799
879,0.037267565041923655,0.0588898385842074,0.08383599260415378,0.09330275738894399,0.00175665711685846,0.079633826769413,0.10340538379777638,0.0015057061001643942,0.010512441478133419,0.0005107461220821953,0.003220538047573843,0.17331142895191198,0.025006530722338074,0.09822641045100222,0.039647660108991976,0.10759173509334699,0.06670484284837878,0.0008430770691612734,0.0017836826109639745,0.013043179092674063
880,0.049145468154550086,0.030766159085938213,0.04016257122395675,0.06014310183459748,0.061730649576137116,0.050159404348817,0.09202130465343682,0.0027311135873078845,0.06576923583078709,0.07891532919847963,0.06733607637672887,0.12396952337569221,0.01890413656520934,0.03043175054463931,0.011891723744736413,0.04301203116575191,0.0051291645420172465,0.011149960047041123,0.040645396328758514,0.1159858998154171
881,0.05536029619539762,0.043212013230575455,0.06848696436544036,0.11275667803197206,0.014328193860664496,0.03865331203400209,0.055158863947263964,0.028317659734079237,0.04827347455935106,0.025743327030981127,0.07382366662974114,0.09696040332924079,0.03448005200781669,0.01801596121982073,0.049162340938743124,0.0683535482010921,0.059815913501052614,0.03693489972971292,0.02739478574617614,0.04476764570687617
882,0.003167244473503213,0.1581809490964394,0.004826363498857383,0.006171415621489766,0.3336676020429868,0.0032735335035728327,0.08521638451857465,0.004953373064616786,0.006380616151031793,0.0018098863120715187,0.0056187515359832204,0.004439925017329059,0.0018274580238392033,0.0051569363412448735,0.0019109459538623138,0.001490872376171763,0.002352852205692974,0.0028093757679916107,0.06524419652371154,0.3015013179710292
883,0.03905628085178491,0.07948068070427018,0.12868300685453266,0.0372341927623608,0.03414725541368644,0.047272823163977684,0.03922423203587358,0.03368809855576854,0.046282465545578085,0.05668874838573634,0.04210934145053091,0.032755674472062866,0.012814977096408943,0.04070961694608959,0.05015640081243914,0.07424358158809732,0.050858753919099185,0.06437200113838024,0.027376678909248615,0.0628451893940741
884,0.005831642154326187,0.19539081921149698,0.25498329190499747,0.05796870235104304,0.013267277847694246,0.04680607013308604,0.005770133522553418,0.01326727784769425,0.010613822278155396,0.03286861092590057,0.054585371716227744,0.1543933358641467,0.0039310452882057026,0.00649825853764616,0.0037938701341521264,0.03709379018325233,0.04302900923576512,0.004037851844216744,0.028946788031332885,0.026923030988106823
