site,A,C,D,E,F,G,H,I,K,L,M,N,P,Q,R,S,T,V,W,Y
790,0.09076228873683585,0.06717579490065619,0.02860539364520132,0.045970529237889045,0.02795283265751284,0.018084405555036424,0.05453413663828997,0.05930480473168281,0.0386150482626176,0.044499236321783854,0.04765336244931934,0.039261163383225835,0.046483566927768394,0.05082754036679503,0.012723510106183989,0.07801026793377275,0.03612959379703997,0.10338444816241957,0.032928356343448914,0.07709371984252032
791,0.06607319117048105,0.04851040946758572,0.020461376055128367,0.009633506406552968,0.015602434700469368,0.03615590162660485,0.015827938518945903,0.016283451472352932,0.01408990562110371,0.020392336608103752,0.011589216154303514,0.014384580651804086,0.5229642607208561,0.028059267199114862,0.003499889419316258,0.04081975067854302,0.07498196509475155,0.01228271713494187,0.009689380360352617,0.018698520938687416
792,0.10745211213285324,0.04826023340600453,0.005357659461992921,0.029374723293219277,0.004303095297182715,0.12404376378157976,0.036071992938294314,0.029856993371752207,0.07836610368973264,0.025371318983081665,0.03432844050198767,0.09346721131946385,0.0018001902361941256,0.05721921194922838,0.096398848831006,0.11826619693245687,0.06469342393556396,0.007589562871109824,0.012888259862576518,0.024890657204719547
793,0.037363706542040666,0.009452172320649875,0.013970137327363472,0.02607113380692365,0.009688949560162773,0.5221113447255992,0.0449152388928936,0.018374603646084613,0.017916275060964253,0.004161192632070812,0.015487175709309239,0.06271946557300734,0.008171600901903208,0.04471620973564158,0.021678457629858337,0.0863811556395656,0.009412807461946393,0.007143544160235955,0.009522411275527994,0.030742417398251416
794,0.012274211555908448,0.015155175812094152,0.021234538957827634,0.01648929090046835,0.01773637132987698,0.05487550908112612,0.036056182299168196,0.02195993903402401,0.06548725179320287,0.01879873563768504,0.02319693596971403,0.020664422042363514,0.019529675051731508,0.027024526951291147,0.5342057786938007,0.026182323396396492,0.012074770193319458,0.010598843665597232,0.01984643428741709,0.026609083346987028
795,0.04213485711282235,0.013462152825709237,0.01675613830038753,0.0174039511702694,0.020869617554597295,0.00543017499051404,0.018098516111306695,0.04443985340063433,0.01844016863996847,0.007974179534818169,0.014099132882747986,0.014640570482529532,0.02098037400153096,0.025321593794666263,0.006054802195284397,0.01846494340796672,0.6104437401137787,0.05747840209480661,0.011669774758795957,0.01583705662686541
796,0.025123880410526857,0.014811838458327451,0.014047771511226296,0.017773495120186868,0.019385479666997812,0.012006784856148292,0.019542465316189403,0.03111347135253103,0.02064524608350937,0.008432585093405299,0.015775295104972758,0.013101947966585453,0.03969891154166155,0.02544867039796782,0.008496642506510558,0.021392186192777902,0.6574959717692515,0.007950571779940265,0.012573974477845189,0.0151828103934384
797,0.008106812395155996,0.04201201758745832,0.01888245182774329,0.010981792006043692,0.01591177574380094,0.012586027860356449,0.02560977009906875,0.018110993267164914,0.013631522690263185,0.008030955472110033,0.013524492100464823,0.020772056878127238,0.012249267528290383,0.01998869192007743,0.04159167539387553,0.007956785203527795,0.012076472726417825,0.007131590459659639,0.668164391977582,0.02268045686281167
798,0.01754091035674006,0.013699707437354866,0.01663871152431764,0.01242614403521398,0.018645882647570517,0.006842916832265363,0.02363508549551526,0.016598211296716507,0.0208400486423139,0.023838227099188453,0.017430870435927212,0.01642268463252367,0.09424628165917377,0.017714839278554412,0.006788831392453733,0.6100262837296339,0.024172525176303118,0.009726589525611637,0.015121337377209462,0.017643911425412533
799,0.004118979991643169,0.04914498870645638,0.009778784239292444,0.007005569285677798,0.03360785540946331,0.0021716865374698975,0.013049417532456349,0.2918198154861623,0.008467048557410976,0.41165776143413224,0.024020608924574655,0.007401627699061235,0.006773414030588964,0.01095264939293448,0.0023323615741031242,0.005248656892219218,0.023810987012723314,0.06976123737644548,0.0077682213434043775,0.011108328573780307
800,0.00916402512696182,0.01753103171112853,0.019814400707186538,0.012321629896440391,0.022329510825098237,0.008197582255514297,0.5400495326861176,0.01720777490917568,0.01473002293883315,0.026561016083054296,0.06608723035531258,0.033475992604726855,0.019046728669856235,0.02262714193299996,0.08006927687945707,0.007288066353538018,0.01204565723553328,0.009047588202803407,0.014023139401555144,0.0483826512247069
801,0.02044637579555669,0.07458492709033432,0.010831117562020251,0.017620855362436256,0.015281864510068873,0.26228249224886285,0.00836225017794219,0.011520969928376113,0.01038750278284779,0.005245428683491998,0.011387532201051695,0.12379755527435232,0.00653479981574004,0.010048411028784184,0.011288459418484333,0.2735849696315177,0.0132307568711398,0.08741209012414286,0.009825751167781727,0.016325890325068055
802,0.05465674727323191,0.07807009272869243,0.00983643946417648,0.024731825573446053,0.008004379161485385,0.11136090056469318,0.03210913858835372,0.020452286327730138,0.11249499200778691,0.0041363776142650625,0.010830170887885735,0.02524581422835818,0.003059371801696808,0.04790058284893821,0.08895801058898146,0.12772043883827439,0.16663860899853233,0.01551100383938808,0.0037425225729283093,0.05454029609115521
803,0.18265414923990325,0.07107210319475485,0.010629796203921673,0.024275950823086045,0.015987391152194684,0.16797355569024752,0.007381124779444444,0.00906383919857424,0.019825212911264403,0.027262998492306973,0.009366877517021649,0.015495136007759097,0.005231720835483112,0.03075480629323637,0.013933811664989474,0.31072206922407625,0.03908598022607514,0.01567585282230499,0.012292568548989427,0.011315055174366477
804,0.008681933103315453,0.007723030106136986,0.5250511626224674,0.22866715916008878,0.013067716163484627,0.0377206267325147,0.010764523474066475,0.011347274657479365,0.010314560653564774,0.004545311581102204,0.011942425846797172,0.009729099750274986,0.005189176342996948,0.0692666556650017,0.003742984414889792,0.003936460774141305,0.0070620341271491515,0.012680314069304826,0.010141486891315646,0.008426063863907717
805,0.009993994432498297,0.012114831254635978,0.020286752043978694,0.020425438389433295,0.015887160626183693,0.006638613602988098,0.018084031073261474,0.017975449723269615,0.017651105556521014,0.014053717802269446,0.016311415092619897,0.015706632553660043,0.008504708035958042,0.0153347201242431,0.025616800841720754,0.0072765844887453515,0.011881655853798367,0.008122534267677579,0.721886647182476,0.016247207054061213
806,0.12878104246793362,0.09913766715057211,0.014296338619406023,0.008539717544056956,0.06800972526943623,0.03254203938336508,0.010205755535067276,0.03644929331662682,0.053383644009352194,0.04565831463869752,0.2439614769410729,0.01123360696070282,0.0035686180714925983,0.07393994534022384,0.041278153632446114,0.053882897781223286,0.027095841735147553,0.030445835637198927,0.006688593552351722,0.010901492413626384
807,0.10721023852048725,0.16746416835862657,0.023132482096164076,0.004932496675862836,0.004984280053919288,0.19378409869952845,0.00800496233937828,0.03169932784574253,0.005760469846062687,0.004071624369252598,0.005342593282133177,0.025074851482885588,0.003690704181197396,0.004433467176675726,0.0014760180838220924,0.16736119697078775,0.17642865627834317,0.05765141795102239,0.0033243824595313555,0.004172563328576739
808,0.050504030519389086,0.16464827249873756,0.0694526189038976,0.06407737148961826,0.003719805158561152,0.01240493578660452,0.0780564922391323,0.046806134641700324,0.03781379341684661,0.011644056526377818,0.11167468723141187,0.02409441868392767,0.033819556926912964,0.10618715567443983,0.02867984773677066,0.04191530190821397,0.07067810812791854,0.03781997933610152,0.0028934402679770036,0.003109992925460733
809,0.0707715915417107,0.03625632939367451,0.09584931297824284,0.1141297636103367,0.009013778995019915,0.053400892261335216,0.03872351375035354,0.027253835977917647,0.044833284426321895,0.01772403480752652,0.03088051383140991,0.08762507788851108,0.0020067988355537813,0.1025153276199703,0.06444373167582229,0.10019302294804851,0.049084194182611326,0.04706286390317583,0.0030507026116328743,0.005181428760824619
810,0.01643876959293664,0.27001902018211893,0.24295431588605146,0.09575615082977831,0.005344412532543738,0.047934892619526194,0.04219289670744437,0.0062072311057795905,0.006924896803159413,0.0034336777236230616,0.006119242550466414,0.05687582162869104,0.037275449951353776,0.026583971225171876,0.003679947096119505,0.08310904074847732,0.027405728564631568,0.0028459186652259453,0.008385926681879458,0.010512688905021361
811,0.005187363657998162,0.010157608256314015,0.01669049596022579,0.007132636762050203,0.01282023821444244,0.004023337039599836,0.01331332983514374,0.21243298596967275,0.007431411319289734,0.1287278186394116,0.26979978920146835,0.010598356110456435,0.004604137360587156,0.0334583782810234,0.008719046312946274,0.04765235297998761,0.06413517526766574,0.12516235885946753,0.006011093690929071,0.011942086281320142
812,0.005707493220172112,0.007905846872291825,0.009267296761035333,0.01178353658153518,0.051289219764788424,0.005264245591778603,0.006643000920946071,0.15722215109862248,0.011542405324967092,0.480209296630586,0.16590332651788248,0.007778944285495187,0.02692900039222926,0.010204782034640807,0.004381440425549054,0.004459152400403034,0.006043940959984418,0.004809271279832725,0.012871723152399867,0.009783925784860146
813,0.037079185206077045,0.04937301110906638,0.020888189728730373,0.1519596062934143,0.034776533466613184,0.06389284481945073,0.03713322076417213,0.061830935700110584,0.028546125325561656,0.05655375224741666,0.041961495099901665,0.10579633298810959,0.002012901525850891,0.047967283492301324,0.04167101749126752,0.05503828463765015,0.05325458943139755,0.03707281108358951,0.02794095189792145,0.04525092769139736
814,0.0323564192643949,0.10684282289605003,0.01072715127004106,0.008822314164067886,0.010057417745615948,0.015086621799812043,0.009963785222326138,0.07567753345268878,0.009094682515920728,0.030615459812776878,0.1103804025035281,0.009807747554990549,0.004354667985460685,0.017195581166634416,0.003116572762678694,0.0038426116481496877,0.20005464945012771,0.32223896327890095,0.007944579643294349,0.011820015862540443
815,0.010441696219987867,0.02024335409428202,0.021310909339672092,0.016131630225210306,0.019914203694297236,0.01895860978874467,0.017745961875729306,0.020921092499748006,0.0178087240460823,0.007095578780874783,0.01724380764633561,0.01906442392336806,0.009455644079944469,0.019726719517238665,0.029732530866808077,0.007790602766471733,0.009235267463524065,0.008278966082602486,0.689675171168037,0.019225105921041326
816,0.011451139009879471,0.01579250248370262,0.0328622109486441,0.015014454602982633,0.014184105382372863,0.008138602374338083,0.015230265031836325,0.06369583916093151,0.024180404121418104,0.005972687560439888,0.018188704258647773,0.5729654361229536,0.009029008662888291,0.01628856386979887,0.006613996948224791,0.03246453885022047,0.0960749200357714,0.009853950091780986,0.017616006568162226,0.01438266391500599
817,0.02883959686010148,0.011072291819280641,0.008402615181547907,0.008477774583602106,0.012916384514001067,0.029757209588686693,0.06947417771921749,0.036479425282682436,0.05860473223979451,0.004581942314330633,0.03350187371800009,0.05207134894165548,0.005031393496271678,0.11693394187286289,0.2649179481450293,0.06113916476892841,0.17107225589182873,0.0070018851290869445,0.010498489121807614,0.00922554881128394
818,0.043654243774229606,0.20838805040438096,0.0058505182117525424,0.04135341840659488,0.13299878939499168,0.002071306163478292,0.02581391963949111,0.03456608565959048,0.005138689957498326,0.04751176961081943,0.07123021298799403,0.018290312982509282,0.0029746374572117017,0.005494848374592776,0.0018150430761824982,0.0021449263819300454,0.15073961567538385,0.16942506346891745,0.00435093365844276,0.026187614714008246
819,0.009513443441165646,0.017237806069896656,0.013655586604605316,0.014676883476788702,0.015137592070684127,0.005695981005204977,0.013286075383693158,0.0157394858157843,0.012955759544867643,0.013558454054860792,0.013141799201298064,0.01537046505823108,0.0070189760902458435,0.015187179656010514,0.07154905169033912,0.007546234934034334,0.008499787896991682,0.008106399231442192,0.7066034250738478,0.015519613700008006
820,0.014784470929033185,0.018201336821256426,0.018169083460589645,0.018533290030092995,0.02154233512401632,0.012323604332470307,0.014855394628615364,0.6294441671702997,0.015858890978697346,0.011019033853387587,0.024052087938270388,0.018521280073438985,0.006861030174419107,0.016871580479361183,0.00938024845555306,0.02066885816747313,0.026336781960613564,0.06620732536329171,0.01904384303268999,0.017325357026429983
821,0.04046966964696898,0.07225433642917349,0.0895646993171046,0.08351628747221185,0.026634013790331,0.027030626711446546,0.07557546801601298,0.021476170394373075,0.031291655848640035,0.044250810774648694,0.03644109930654871,0.00895184149354474,0.002178550762303561,0.05304728328113823,0.0028357583312139775,0.07121629746623792,0.06370784725275809,0.08478553508426308,0.05619920125410579,0.1085728473669747
822,0.051299640422779826,0.07318291869001901,0.13660479530475517,0.1655785804677384,0.031414876232898445,0.06681938367615411,0.027782731499919642,0.0071170510604538235,0.01566996459905147,0.06608007571429819,0.05654976246589997,0.028497478182946696,0.0032043014594116868,0.049178215417491775,0.036365967383513075,0.05093935697086891,0.022352698953781627,0.008329649827976751,0.02034787781737761,0.08268467385266381
823,0.010815380391848338,0.020743694850337134,0.060775387814638746,0.019285755415940648,0.021507539242437736,0.009575395668118583,0.03781549309139755,0.03157597822920023,0.02774714055467198,0.008633548488015143,0.019422983473025273,0.5742103158944563,0.009414226910385754,0.01846179374580067,0.008861054553360547,0.027830663175806552,0.030377485499838996,0.013771757743511035,0.014465615073480442,0.03470879018372836
824,0.06666288636789613,0.04765130856953512,0.06315296454841511,0.0483481611593704,0.014695945360639118,0.023356247128672132,0.06452896746684028,0.06250274630575708,0.0426112552853873,0.018011003518691983,0.042230085969529464,0.0593398612204222,0.089977030100609,0.04212921097351747,0.035334165835329424,0.04920232425262526,0.06074125089481217,0.05840603431714485,0.0700170534836561,0.04110149724114941
825,0.007670947740182473,0.010247553449183214,0.028299724048755182,0.008125716081108809,0.1125583830080214,0.007929769393081596,0.09763042564386906,0.006699301511394709,0.08995350227884191,0.01764591156164594,0.027312164241999375,0.14081418963293282,0.002775747759912023,0.07476685549481873,0.04377077236895065,0.017370001629014455,0.018880586098361223,0.011136744685046414,0.21676129608568917,0.05965040728719082
826,0.006138934274769075,0.05053997370039037,0.010976572512550888,0.010875947881095997,0.01198450126413746,0.003999757883517921,0.013120113797180205,0.052950965320959935,0.08234842904182109,0.1677253717033401,0.2892628144001003,0.009708414369798598,0.011459516899936413,0.026188869315755717,0.0069706537513435024,0.004880920587251149,0.052304248800322035,0.16595505777637407,0.010488828680037724,0.012120108039317378
827,0.07500860600622007,0.054260717017807124,0.013326184796275967,0.04527347736109655,0.05168486598299765,0.05294664696881772,0.0968858785338878,0.025984073561831814,0.046911715760487735,0.02830948970000623,0.028770686708340747,0.05375319389165623,0.0541652843835358,0.09020979860266391,0.07204766225176791,0.06689533735213538,0.03804161472785756,0.0334459480803164,0.03711800913378178,0.03496080917851558
828,0.019723382545318024,0.15647540304827867,0.2514410730404859,0.021019113466990588,0.018618639468496893,0.01420094296982987,0.04825881527785298,0.06351732729853946,0.03645128932279951,0.03728598577489632,0.01144550405532896,0.08626194402466549,0.006113040102442895,0.01844580881798798,0.0062832055368583885,0.0376373078628455,0.02234174677457556,0.10046856205729292,0.01213483580232704,0.03187607275218703
829,0.015746027864399697,0.01780857124400305,0.022858498215272686,0.06103064620952858,0.024855710435088288,0.017125057237916328,0.02273730951307742,0.021323500511958374,0.4704645503214243,0.007811836398906058,0.05955812976442683,0.029847958824450245,0.009838497476951294,0.021401877762659612,0.11284645194795234,0.009109211743160837,0.031763091652008774,0.011124881664692129,0.013668303111895454,0.019079888100227736
830,0.07892597306523967,0.016269194104584474,0.021392788914727744,0.05833937180110737,0.015614560660615558,0.00960340681849733,0.03840503267139091,0.031225638330297772,0.15926214661027122,0.012467229846463394,0.014358365970831758,0.015309799114761529,0.011201707999843867,0.04736827153560822,0.03455291625942302,0.14328876583592093,0.23660467288307596,0.00853847080523779,0.012225812943721319,0.035045873828380175
831,0.04019310807918816,0.021936038300440087,0.009414327359829281,0.019697252366627803,0.06858988396916298,0.002550131387664302,0.028167179462373213,0.0760426544528191,0.12805541603988105,0.0829220462999664,0.0411994284797564,0.016857908423579714,0.11280177617766281,0.08029171756373576,0.06870932628101674,0.019580036234014022,0.06724644956567954,0.043972718973189225,0.01684327192358492,0.054929328659828504
832,0.03898709062663195,0.06737989275954782,0.01506053411275554,0.010582131708445247,0.008052625395581357,0.00387842466169498,0.012137029997463947,0.20483303475179754,0.011591766220539288,0.23927534743842876,0.047888992364091595,0.015198420673370723,0.003894385169893261,0.013137636298755456,0.00476872150783746,0.0041515978026053415,0.00733031819864795,0.2705814668427041,0.009229047167486848,0.012041536301720807
833,0.07888054350899139,0.02515597777607473,0.07167383286263915,0.06090090698297728,0.011134394491128243,0.09816187348122352,0.030148229847050123,0.07826508582238291,0.025730362802200885,0.057172545025955784,0.04008429795893148,0.020811226870288455,0.02774988614284628,0.07382193947387898,0.03315540612230464,0.059846213415354996,0.09077721197081605,0.036313380772670975,0.00653784284522373,0.07367884182706042
834,0.13227440586111344,0.040940794505911086,0.005694275199462627,0.027007798692053154,0.02554386360024709,0.019273408862601413,0.022863050341850374,0.02281739507341091,0.13009465368723455,0.046093060157279715,0.04349382985078263,0.07209435648021242,0.0035926507316179092,0.1338740403731275,0.0915062077039888,0.04172704932617651,0.06555936041619721,0.018634096177379093,0.028403863806530524,0.028511839152823022
835,0.013411937197345984,0.03480802846901358,0.01673342264196034,0.020777172088159303,0.021984066215748756,0.009314722443760028,0.020847739838282316,0.019147595143259793,0.022952057686512456,0.02811455735354627,0.02004877769381606,0.015681649489612422,0.010831599899850297,0.021304128387059775,0.05151414570002846,0.009577471464656918,0.012658276341367408,0.011362293859322012,0.6180912011887308,0.020839156897966924
836,0.03885640009564333,0.019638776718235853,0.012400259370605822,0.00900754331685253,0.010199946765108209,0.004753312357675034,0.11228948959948111,0.11484459358416521,0.014388873303095033,0.03356267126884688,0.04916253303882064,0.04571441517526597,0.03147665405509237,0.11254195732670184,0.03438497981135825,0.050487081960302785,0.17020735190473396,0.04565766151949795,0.08171242602374451,0.008713072804772659
837,0.048205104182479294,0.024734156201234203,0.4315581719224563,0.12488594035898086,0.02535686956574805,0.02410403202455121,0.018477261197926396,0.020751999500552926,0.025932169462906177,0.010869081001130628,0.018685546607321152,0.052895805430860136,0.009490363514869796,0.04655042201963842,0.009530615743288767,0.030070792668043543,0.01596154223353372,0.02080279027701067,0.021875242608875047,0.01926209347859267
838,0.00859885740750614,0.019101691473708264,0.023896154487583875,0.021082562024913393,0.021542651995100134,0.009109903470993799,0.013526274660019157,0.33732830759906235,0.026304549368661476,0.08792464882744633,0.01697283553033961,0.01837825765668723,0.006694620657031755,0.01608270105123874,0.006348853621361284,0.018741615584193114,0.03399418165427096,0.2759393340194603,0.019811637546589798,0.018620361363832275
839,0.03020154619872373,0.016519504627286852,0.01987706226221993,0.016700618018665684,0.01922626249397726,0.15060226775873453,0.013973634691131236,0.020273687001622992,0.02069580022496521,0.04581030429419181,0.019177939809433345,0.014995407757649152,0.4946493213165906,0.01714355252400578,0.007634348771798963,0.03298738253312078,0.008663364375093036,0.009529356550208049,0.020701983641586257,0.020636655148994775
840,0.009377218894881382,0.050147794190138664,0.03227931972461629,0.014207651575258277,0.204221008345848,0.010699914008605245,0.05745470559175276,0.015711591939898018,0.016908817961454103,0.012930469502168534,0.013433572092159838,0.03789772090891903,0.009154890184563632,0.015386365218453974,0.006456198015542237,0.006894593328736454,0.008574166427904616,0.009704850862671179,0.013934092965356672,0.4546250582610711
841,0.008136193614195403,0.03696681779880437,0.011121814059723836,0.014199535878134545,0.015957394938569205,0.03498684334811542,0.046549864521400704,0.15688885935999036,0.019394195078522858,0.3367047612855327,0.05044331530383824,0.06803183343010662,0.03463749684090682,0.027222080283562565,0.005909537305104851,0.042733436655743626,0.009973943856863496,0.049001919532261774,0.012522987152249204,0.01861716975637342
842,0.07667874166408857,0.04137269922138186,0.020562466831656273,0.03830455468558638,0.017838606422424,0.5355507544055519,0.02905321650394096,0.023546259986817406,0.02093474573278275,0.009109923312172767,0.04302042065558478,0.019757657378959896,0.009299677427008678,0.016334157430175775,0.01734937279143749,0.010457408970340757,0.009906744016163526,0.017886444578379974,0.02080353405927343,0.022232613926272887
843,0.015577502475603763,0.020604179872665673,0.038495127316789786,0.04250854043476707,0.016154726237152906,0.011389000154161374,0.020333130767976677,0.022208644252610543,0.5366371082606463,0.009020823252627598,0.03416331982426871,0.044291354304135166,0.00870926763856634,0.05872668776376381,0.03126721804622716,0.012225185796619263,0.02583719391311946,0.013390714040787085,0.02244606773204094,0.016014207915470483
844,0.013232058285375624,0.020813722367486565,0.019495136351152176,0.026482264951468954,0.01888976036360698,0.07579436306397767,0.017284577901838512,0.018271720796947385,0.032887857130448665,0.007056322438884097,0.027792030322763787,0.019365692532386448,0.008967503148520054,0.017873112172619908,0.5835243571442201,0.013887130490004515,0.011000631225441395,0.011781274858023397,0.0376905363684894,0.01790994808634447
845,0.013924319266566348,0.01928797413758871,0.023996786458489048,0.5484039839280161,0.019902748900178336,0.0348995992151258,0.0169274534000877,0.036077873187023116,0.06753747292193621,0.010473259475027709,0.022713208543519322,0.017677324563818875,0.011242294534863502,0.020307760660549685,0.010992173428438041,0.009288138792374992,0.011944579343319633,0.06380180189446144,0.020359549119356852,0.02024169822925845
846,0.01608195631647811,0.018203361643373536,0.6064105343589351,0.022590934058334396,0.02200225712547973,0.03872570236513014,0.013737595713217567,0.021568396939669044,0.023142899188517765,0.008317532744921764,0.026204127574493533,0.052417589252092965,0.007414072208303102,0.021183031377890005,0.00967628559853756,0.007862632767156525,0.010666701640015356,0.011397851554454637,0.019281713451411223,0.0431148241215879
847,0.010546959843025814,0.01847167619622609,0.021707059418196225,0.018021161572300572,0.029298497254711536,0.024025767566015013,0.025736026522712206,0.04890712630179014,0.015241052161680375,0.30000949080493267,0.0741436933317235,0.16247655613783746,0.0067218242457204825,0.11341162855816801,0.03312792017277798,0.027586928139204353,0.013851362722358459,0.02566322033367832,0.014696056817901695,0.016355991899039128
848,0.017638363375094515,0.0323278089881416,0.0313725245744426,0.027434788503769503,0.027213312641742458,0.0175331148847076,0.02515016143540937,0.033717414899694126,0.023497802289433524,0.018128926107650472,0.02458134407319183,0.026227804768597287,0.017726421221591557,0.026631085209660166,0.02690087302976429,0.015173975907846705,0.02211320920220593,0.017033868615729527,0.544801322960683,0.024795877310643987
849,0.008653907363652135,0.418642576237031,0.1532571229110922,0.04070531074723417,0.030671088941674328,0.05639376156009639,0.013164388895444433,0.013579111531934276,0.01980979965073247,0.005849579343934968,0.018933651941664482,0.048098395812772164,0.007140582297299983,0.01805652362510631,0.034498487828426176,0.011632551003700184,0.008069024824586032,0.00815660720313008,0.018462401007192073,0.06622512727329617
850,0.05777072946820027,0.016923388984107886,0.031917592869690016,0.010961359650281702,0.02435372802622798,0.38266962305929497,0.029746893607799405,0.01805212323809199,0.04295174817245843,0.008597841956120886,0.016505358874773404,0.017831574919242803,0.007336537472508568,0.2291364116918645,0.0365405525071156,0.007233052827590845,0.008956382436638348,0.021167374197705778,0.016524234726514656,0.014823491313771968
851,0.1520952536469602,0.023140211230920072,0.02295047550465419,0.01856560019507766,0.02890160323100773,0.010001169588158165,0.018475571477363423,0.028523467623024566,0.023292442876782275,0.010984383241857998,0.024445924785936206,0.017019941612271963,0.039054371560302684,0.027353695300148483,0.011024816419129408,0.46889525361489814,0.010622442547638328,0.016724870642568685,0.014616401484451591,0.033312103416848246
852,0.008114365686968982,0.012752479079111808,0.015234697956213796,0.017991717369572585,0.03373197278163223,0.005688534607035358,0.017181254337803393,0.026155085537776814,0.018275457007089456,0.1919210924761403,0.5311499290947579,0.01462169408757509,0.02218455885915234,0.011513988076928558,0.007235739670879887,0.007985262144848022,0.016400386470816593,0.007421018244855766,0.01966709683343799,0.014773669677403215
853,0.015418577654080843,0.025614707937275966,0.02160601872998468,0.019985632002886642,0.02491833903372032,0.014816926851276136,0.038464792377664266,0.4583314992299205,0.018501926786370623,0.02615077782703424,0.03322500543933896,0.028256798335287207,0.01634276868711646,0.02902907140936189,0.0363570164849537,0.012979033662755123,0.03661970717217644,0.09372006386222427,0.02420919655567475,0.025452139960896923
854,0.011016840957339284,0.017253333987550523,0.01735506439811511,0.03566019664729874,0.017279698594686917,0.4254370680727374,0.0161400807465921,0.017663271757418796,0.01787225998729902,0.00662324230885662,0.013462667234986238,0.015333926716342696,0.008296130527259764,0.01613191887923834,0.01572368866235283,0.24713728953548675,0.0478797701788369,0.012375398462160124,0.026295373189622218,0.015062779155819613
855,0.006772595983167658,0.11597588696674166,0.008322027999984249,0.010774588867172289,0.13824934785751383,0.006898083079570447,0.14232507186307544,0.00981494581570978,0.013332027966146236,0.004926085845597406,0.01585206402666082,0.029369778789004927,0.003137454181804982,0.007195930101021086,0.014946844100426699,0.002984464566894306,0.003937294387524759,0.010913730268549523,0.2275020943078895,0.22676968302554443
856,0.01780872784998689,0.020376517599425825,0.020598846490588574,0.023615559888303404,0.03227663877731185,0.03619299516545344,0.02209265322621842,0.02200950629718576,0.04232435025601392,0.015154936885912696,0.02824323453564342,0.02814525499783855,0.011179805503542743,0.022256525569070536,0.5428328066898678,0.027507573664518628,0.02045350642287365,0.016064169412977378,0.020614114893670085,0.03025227587359648
857,0.013199544127986249,0.015820423186063103,0.01652477768960395,0.023454371377682127,0.02701978254522628,0.008155361294699787,0.03920478360670192,0.029790099790571317,0.024274720044229967,0.0667696274940581,0.025374630109263843,0.02009253019787896,0.5873268048736404,0.018305315777692496,0.006293014120959991,0.016148856256447873,0.008490398799834039,0.01432974209728967,0.018698597851567644,0.02072661875860223
858,0.006686342726859209,0.0331904726186294,0.013770686740720515,0.019411221979023334,0.016317894313775814,0.01072054224370297,0.029863633614457825,0.017690601716812134,0.022210893435054117,0.010994073170819072,0.02107901288141745,0.015710790188495746,0.004638421279613633,0.013450708245071661,0.6812282679216922,0.01786003940648215,0.009141499411894337,0.007485823841593574,0.032763162437983925,0.0157859118259009
859,0.20875185792943943,0.021572668328526463,0.006384683975893166,0.01257131862242515,0.009995299889202178,0.04412689573895409,0.011933403694464365,0.01026257979544913,0.023856984907088197,0.030739533141207677,0.11874808644499217,0.014789866025918618,0.00807185619064165,0.05577839592819416,0.003828903516879818,0.17260288630015405,0.21904361921697568,0.00591621311292419,0.011568218094792694,0.009456729145877082
860,0.037271893150148755,0.021759767587781396,0.016210043701280322,0.02186845992628105,0.021742755804930534,0.01165131255260133,0.016365506275586215,0.17337708757610065,0.02168379425860067,0.010519469765436109,0.027044942202516693,0.027044896389904653,0.028711208186383952,0.022235713395134603,0.010003138499495953,0.018111820380386275,0.4586888442427973,0.013633352466842922,0.022917223843897154,0.01915876979389347
861,0.016089263779894402,0.02017330958063291,0.022139523958358304,0.014316021748569335,0.0222877872990909,0.010757919597804791,0.025504543018188552,0.02555278087678279,0.01832320098333805,0.014154410090111784,0.02014268168855453,0.02095607065212081,0.012312060319321234,0.017663630268074534,0.017247849383620985,0.008786801133254401,0.010460372929372895,0.014941378068365003,0.6649687596016866,0.02322163502285731
862,0.4172862864393801,0.04140854494985815,0.022366799710637816,0.023555430614988142,0.02687693960997452,0.06315725632672678,0.020863602843923842,0.027028811768395663,0.026315247237771216,0.0115858213250755,0.021837760382707863,0.024041931897312924,0.009932171625974484,0.020606484520051028,0.011233090549200051,0.11227619688888292,0.02627334925688166,0.02998872812990835,0.02941147377775016,0.03395407214459881
863,0.09165507148105739,0.044614008946514475,0.03611108083359549,0.09968684552925067,0.09501219246828035,0.059420949653458864,0.021540349289909465,0.008097986913897794,0.06106485827509128,0.02060372789238644,0.039183694664996264,0.03983526531797344,0.0035247263153577436,0.15600413233209537,0.005529819155886093,0.041025458507013425,0.013695489542804347,0.08098488035561567,0.02238246024971625,0.060027002275099176
864,0.023113831054490875,0.01938169995763588,0.050582983626690295,0.017573543315977807,0.01564641212010353,0.027463870642573784,0.15171607172866367,0.03410973907863067,0.048184696029381385,0.009049840794628134,0.01795108861500668,0.27878370192431373,0.005999353218216893,0.02451131593199916,0.03735297044061354,0.07249078047466358,0.05279381530368321,0.01267836424767403,0.02076745520292432,0.07984846629212881
865,0.0933480452060008,0.019259218317262176,0.013207767335907115,0.017982762493059523,0.023981385606500896,0.01033889222975014,0.013871278797576917,0.2853609833859692,0.015717215242026822,0.1371143337256021,0.053575767447356044,0.02988766286209298,0.010980759135828709,0.016159963086481696,0.007672820794222286,0.009108908275607987,0.029540439174852846,0.1814513374794554,0.015617727656059526,0.015822731748386797
866,0.022311153887567162,0.020097027927098672,0.009076293894383084,0.037256984215530385,0.009031477064040882,0.035035864634608456,0.18248990037053694,0.020587080792186015,0.15464365200065205,0.021279447751648497,0.007188499535058855,0.01623813820560353,0.10169950740885882,0.04736187334901385,0.09686556684994937,0.026219841528062268,0.06826725406375225,0.07534244856008135,0.0064958131076143875,0.04251217485375317
867,0.0646212871875486,0.08624371031341309,0.04919169950739815,0.025305994353565647,0.05597179162325151,0.04540808039294498,0.03779553603873633,0.07433397021569213,0.012847594808036123,0.03367978223510288,0.0641303885855789,0.0626186538191626,0.03198681788056139,0.056113798762143015,0.045990643528061176,0.05313890398733206,0.07107272750422702,0.07912320589584736,0.016561954816141377,0.033863458545255694
868,0.04345819631982946,0.01898659586637186,0.020208159033505937,0.02776324346471762,0.025892398922051644,0.014760592815703081,0.026156080212675504,0.06074584816615643,0.044022117070078595,0.010866345958234418,0.03020447720420024,0.022981977460525865,0.011473521506047706,0.022940528069627868,0.01097151407149516,0.05818075119900166,0.44264772774876726,0.06264026418870246,0.024838024365423306,0.020261636356883956
869,0.0690811338647032,0.0641904764393838,0.018492458879741616,0.021529596086074975,0.00951391825364194,0.01291467565460514,0.014175256062443416,0.07012250129833676,0.015000211854749151,0.028404121223990518,0.0383776926917344,0.013203777726231453,0.004759143866129266,0.016724622996830165,0.01817044198303111,0.02200560930409318,0.22069388935270873,0.31305607292184146,0.016450622520431724,0.01313377701929803
870,0.017411946861841818,0.141805330736645,0.045705468017464196,0.06485245740479247,0.032949906048317316,0.03842512167018271,0.07168942038095309,0.01775911751448226,0.03334461008962238,0.05997142269936155,0.11429049726845553,0.06870542515699118,0.004803527168652394,0.02335677529093614,0.021172272434138186,0.07058092069473022,0.06159643367705935,0.04509118798252034,0.017743154987522766,0.04874500391533108
871,0.022844150502304508,0.012583143783047111,0.008339071032041786,0.005842816181887125,0.03328718375063334,0.01872672815344309,0.1983905150150004,0.0488280922542152,0.1299569390707597,0.10167049612958327,0.12178937915809324,0.02439587976937631,0.001758423269545093,0.03614943890713171,0.09233051362128278,0.04943396117420057,0.03845050240485116,0.04134517532524982,0.0071986348278635075,0.006678955669490276
872,0.03023923235860018,0.049985248427441106,0.02061407391625547,0.01589825765327308,0.019764854227354703,0.019077270743837794,0.014809114734641688,0.040046429616664554,0.015231647334153206,0.12408537893274733,0.21367100550925683,0.018627321741871827,0.005201443023165549,0.01678487459462856,0.006298778651516307,0.006173865130653816,0.10512812182941529,0.2493999944319736,0.012996186337277406,0.015966900805271664
873,0.0056311229107634106,0.013120120756668002,0.010232315575925204,0.017240420268706275,0.01246030126435522,0.004929165731444587,0.07362842715730422,0.010763273122416225,0.17342340181791507,0.007915646396171643,0.00865390624095843,0.010041921614918022,0.0029741853846814137,0.3827252459142862,0.21466023419584027,0.00461046886089161,0.004607116102055459,0.006870055044772408,0.013240095664221959,0.02227257597570439
874,0.015283211260637376,0.031417526907577216,0.03201965599657748,0.021364828214648763,0.03212413210421893,0.06776750332696939,0.04410331506408959,0.021981038256895635,0.051578007652028475,0.01080057065733364,0.025323498817929807,0.028026623224939727,0.012672485845998734,0.021001471383380165,0.4405514062170993,0.02314631538079925,0.0227368807362149,0.04383136846515159,0.033963163585034456,0.020306996902475487
875,0.009005395940088548,0.016627311660013383,0.015201189394389598,0.020664141533921352,0.019825488543272,0.007270573314005578,0.019737507761156927,0.37918887360177805,0.02215748638036979,0.021523596880938526,0.03280720835604673,0.031660904684975844,0.008821139031312918,0.022079446868404042,0.009542279720946132,0.013853982893409394,0.017718083723041476,0.2992317677170122,0.018563473176383717,0.01452014881853371
876,0.058777814674184324,0.1426471670175047,0.012953310524413135,0.011505191643851316,0.03841043494188119,0.00967778135693047,0.010444957202986948,0.3440866144165147,0.05006600803993962,0.06917405180142792,0.030023760829119193,0.021061426078332498,0.005258704272915265,0.013118441778683506,0.011875034103804874,0.01080739893030359,0.05320281334361218,0.07975489681955686,0.017702012438881348,0.00945217978515625
877,0.15617407055289592,0.044677425439586006,0.061117095578715815,0.009814192430575259,0.009455509496572414,0.3225454357543721,0.01973011047182343,0.012004477936670878,0.014679732530603149,0.003487582651599564,0.013124443350282849,0.08220608582017724,0.003958519764309569,0.013113778606490113,0.009584244969374269,0.18053525841140566,0.015235216356169843,0.008554971136895623,0.009486000093780698,0.010515848647699624
878,0.056283690544297306,0.08760908691048817,0.0491283551787247,0.038959941234989165,0.03151166847789711,0.05598149010433422,0.09658194118593583,0.074779937848127,0.017098030589632517,0.02784670786692791,0.03217510268879856,0.05160364179731392,0.03634090627484223,0.051780693213628354,0.019701779115385166,0.061470053496948035,0.06924568367277191,0.04479445426960573,0.012549513158316013,0.08455732237103618
879,0.036365981102639444,0.06918000536200973,0.05816915581882563,0.09811225295480179,0.003661660805287164,0.07726868835142835,0.08732700447118727,0.0032196318290317505,0.019140470601972246,0.001234584422830785,0.010673356669563299,0.16816591935630162,0.027665173354162714,0.09758510598701896,0.04524808729687509,0.1151257753161552,0.06089857575257147,0.004197699264572258,0.004063506639420671,0.012697364643344559
880,0.05407292862869913,0.029422133440831992,0.03869299954539328,0.06388946262032898,0.05442314329337002,0.05209641555282988,0.09948331289058344,0.005979574311894198,0.04973454323370288,0.07429499691323264,0.07314157194858854,0.12838772438253881,0.018406950114547828,0.032712353142232996,0.010212952855983492,0.04957903464730272,0.005257531629257493,0.015001535514316277,0.04063920568535233,0.1045716296490131
881,0.05183929541446688,0.051384572905040456,0.06082285103418919,0.1056038289874541,0.020198853440511106,0.04002280519034924,0.042785414807118394,0.031227667226553298,0.045343036602836534,0.028239813550313478,0.07162139110346046,0.11696729195127543,0.035487840169748826,0.01896702087206101,0.05044100086592519,0.055117687054646945,0.05315777345408489,0.04334348963206425,0.029411024415875654,0.048017341322024655
882,0.006271804722651687,0.1331294776940483,0.008816633651660017,0.011391484392762597,0.2699813876260881,0.006213734796527065,0.1121640040236254,0.008801906184062108,0.011873754999938535,0.0035688799625745228,0.009504066242214015,0.008341399463904537,0.0037819286303731503,0.010204058984101962,0.0038718918931318308,0.0074942235576599,0.004766948490557564,0.005107426910132023,0.08357138053059116,0.2911436072433955
883,0.03017042319686358,0.07713719416455872,0.13723731731162989,0.039546185513116706,0.053508446505182494,0.045942144062860575,0.040201152609131346,0.03340572975056807,0.0569880522611854,0.0536370531349785,0.04114122818882891,0.032557691493994165,0.014155921973548704,0.035162422937189845,0.04927886722179949,0.07307645298501293,0.05901140905750856,0.06410207339989622,0.027859987590852717,0.0358802466412932
884,0.012037054371288105,0.19744930178252576,0.20878020925842988,0.04452922073961078,0.03101809182590747,0.03356224898306216,0.016731764956794574,0.03333135676907284,0.014145562890651615,0.034944214244403644,0.07373632217685257,0.10351552609834316,0.00666473817339705,0.009494320829400459,0.006100917888717282,0.03299144956344601,0.0516209546434394,0.013303478237385303,0.03069780563496996,0.04534546093230194
885,0.05428738761708106,0.09035266101686432,0.029156363726682878,0.013962602546583793,0.07165540236162501,0.005117925858190148,0.1286506038959923,0.038473128453783235,0.01910421600099124,0.010822991401654656,0.04183559813928431,0.022502511415241146,0.004474194082674576,0.14707281758172613,0.03213273576316595,0.045012995210811646,0.017275723853143146,0.04078286077338722,0.049921421040677705,0.13740585926043947
