site,A,C,D,E,F,G,H,I,K,L,M,N,P,Q,R,S,T,V,W,Y
790,0.07625126663601672,0.06235872774332315,0.031179363871661567,0.030271312266126216,0.037415236645993895,0.00550878738215503,0.0677299253447668,0.04463679046230373,0.0677299253447668,0.016084451318740402,0.031179363871661567,0.06235872774332314,0.0677299253447668,0.0677299253447668,0.011692261451873088,0.07015356871123851,0.0677299253447668,0.06776154401948983,0.04676904580749236,0.0677299253447668
791,0.06609357205274775,0.04734751060738454,0.028276985501632438,0.013710053576549065,0.02088146621659011,0.033700116227680266,0.02088146621659011,0.02467809643778831,0.019116835268709255,0.004553364980349105,0.012339048218894155,0.02088146621659011,0.4974562041727702,0.016520924078422865,0.0038779865830810196,0.049079355976059516,0.07544207111828452,0.006525458192684408,0.010361032855559976,0.028276985501632438
792,0.10800966002769154,0.047927680853575495,0.0028001226585648727,0.028673256023704297,0.0022400981268518986,0.12737086870033934,0.03584157002963037,0.029113736100829953,0.07995427160456005,0.02515197896816166,0.03426032429302904,0.09774973644444647,0.0009389654422248682,0.05812146491291412,0.09639210121605137,0.11982738565056457,0.06510668275217105,0.005203948630074004,0.011848452902357148,0.02346769466225798
793,0.03538182056354179,0.014019211921403355,0.018122395898399455,0.007776480394303186,0.012281293088171533,0.5269366452194882,0.04307352068605088,0.022515703994981144,0.02562131833911647,0.005003489776662476,0.01905174953421481,0.0707636411270836,0.008793115169637607,0.041278790657465425,0.015261802009218815,0.09186407229952305,0.009978222649399637,0.005489365368928082,0.006147965973677819,0.020639395328732713
794,0.012364836311241672,0.01693031433385398,0.026840742236597773,0.019651257708937657,0.023923270254358885,0.062101876801093636,0.07336469544670057,0.020215307402318538,0.11044008010100684,0.016424931816425504,0.028217190556423306,0.030568623102791913,0.023923270254358885,0.04585293465418787,0.4016630764554509,0.008996487668478244,0.013942415053512324,0.009653249400881655,0.02157785160197076,0.03334758883940936
795,0.04794009989988434,0.015496324237855243,0.022203688460210497,0.02704812957880188,0.027549020867298213,0.005449256874850195,0.027585177033765777,0.050055827210950386,0.028068813713851008,0.008750865451965314,0.01750173090393063,0.017530926429570475,0.014053174032479764,0.040206679103624424,0.006198529695142098,0.00820469350315467,0.547408486920451,0.05219814480119661,0.016715136256562957,0.01983529502445471
796,0.0034838961007559585,0.020500697577604674,0.020753792609426953,0.028492494938365823,0.028983744851096272,0.006946517361006543,0.025090405990501243,0.0108550504581349,0.03001887859577828,0.009444141580694287,0.024015102876622618,0.018888283161388575,0.035992610734551116,0.049442858863634816,0.009037941942814966,0.013858907060718764,0.6185916686425388,0.008894482546897267,0.014876612401447642,0.021831911706020564
797,0.008871045297256006,0.03224652243262099,0.027352389666539353,0.015056361284333592,0.019098807264914825,0.0049403813471736256,0.04102858449980903,0.026470054516005828,0.018234926444359572,0.006501307337408859,0.015933430873712247,0.028791989122673004,0.015629936952308205,0.027352389666539353,0.044070671099279174,0.008465689489688155,0.013676194833269678,0.008008347055461232,0.6025939408168134,0.03567702999983394
798,0.008062158910422994,0.01767554416002448,0.02110512735525312,0.016442366660487893,0.025250777371463553,0.006398387026253208,0.04418886040006122,0.025250777371463553,0.030740076800042593,0.006254295491470722,0.02209443020003061,0.02570988241458107,0.13390786247884365,0.02719314486157614,0.007214507820418157,0.5192222577352582,0.013476080761407749,0.009819746755569158,0.01789928522534125,0.02209443020003061
799,0.0042671736492924175,0.04876769884905618,0.010577782567260073,0.007291481187140439,0.026424743094369506,0.0022418583948521356,0.014170237024065386,0.2773594096181887,0.009881875819414018,0.4238801688489439,0.019763751638828035,0.00854791090383434,0.007510225622754653,0.011734727535554145,0.0023251472516268275,0.0034848411872505907,0.022013817245516713,0.07790757662265745,0.008438455755904106,0.013411117183490452
800,0.009304745283719816,0.0234222898521223,0.026637113949472418,0.01543741831162606,0.031592856079606824,0.009000846996038949,0.4809746760520096,0.02227037395775563,0.018113237485641247,0.02048780618877521,0.07026686955636689,0.021344106828241772,0.010308142334806631,0.015499555994045046,0.12189688565201631,0.007762816065274821,0.012815969919085788,0.010370174133000714,0.016367383270157757,0.05612673209023612
801,0.013506650754341976,0.07159679064351905,0.013173809478407503,0.005449375252173795,0.019960317391526518,0.2398733582535318,0.009686624616476106,0.01463756608711945,0.011356732308971985,0.005269523791363001,0.013722718206674483,0.14459059183617995,0.006457749744317404,0.010292038655005862,0.0023343615407555476,0.2950384414435014,0.00693358393600395,0.08441628190830448,0.010455404347942463,0.021248079803883067
802,0.05340210784822909,0.08363633878106533,0.011775849422942826,0.02670019191232861,0.009005061323426867,0.11302000426962876,0.026623659564914224,0.01224688339986054,0.11095311946157219,0.0021261950346980105,0.0043470340141488146,0.018222480308139544,0.003001687107808955,0.05203176147951247,0.08979702720462443,0.1327530589320795,0.1802425037507015,0.012891456210379517,0.003976260844110565,0.05324731912982844
803,0.18792794822427017,0.07915520618671068,0.011803846536614752,0.02025380092346077,0.009344711841486678,0.16418843248974554,0.008625887853680009,0.009967692630919121,0.012122869415982717,0.025449427993836055,0.010679670675984776,0.00897092336782721,0.005277013745780712,0.02760284113177603,0.006673919102874185,0.33402374241909816,0.036866808360933735,0.011259901683035008,0.01661282105153187,0.013192534364451782
804,0.0042242790493142056,0.007790006731220422,0.575582584160254,0.1965364043488953,0.013132049750326188,0.03895024879745379,0.010539420871651162,0.012500243359400216,0.004292678952261417,0.004442235243423217,0.012500243359400216,0.010750209289084186,0.004674004038732253,0.06577081196050089,0.003317965829964255,0.0039234340471110156,0.0065550056640757215,0.004956318299581407,0.010750209289084186,0.008811646958265725
805,0.011332072387122019,0.013962582327232182,0.03126088934378489,0.02924405777321812,0.018501342672852278,0.0050666447577747895,0.02450177813431788,0.027061665402082442,0.028330180967805055,0.006261475194057658,0.021584899784994328,0.023245276691532354,0.009604229618921488,0.019288633850420463,0.01348355933271461,0.008241507190634198,0.014276626629445066,0.008593040672699163,0.665770831320339,0.02038870594805197
806,0.12832194881713332,0.10729038574651754,0.01918222048195314,0.009890832436007085,0.06702493509576564,0.030795240449405847,0.010729038574651755,0.04089393828387587,0.05673680354461485,0.04436563340799809,0.2318670928876398,0.012918638283764355,0.0038598370481978867,0.07146924082792215,0.03901191492160204,0.050797361646653674,0.023300991349962892,0.03215308447051484,0.007447215010640627,0.011943646715178367
807,0.11189672705349929,0.17612528436457,0.020244285559145977,0.005461249127583566,0.005161180494199854,0.19485740774957694,0.004193459151537382,0.03132259412046458,0.0062622323329624896,0.002069019493269545,0.0058708428121523335,0.0222011736851241,0.0014705880872236347,0.00484193221620811,0.0014631383955519836,0.17007264439712377,0.17265435561340467,0.05543186657737403,0.0035580865528195963,0.00484193221620811
808,0.05011914214288711,0.17317667645964618,0.07004112293615619,0.06392904381201049,0.003921573289394162,0.011000777019599206,0.0782762931411069,0.049498443786191684,0.03690892507665094,0.010084045601299272,0.11214030853076072,0.023251892638952325,0.033452865414210345,0.10800398567511789,0.026609209335365615,0.03897263812532159,0.06862121387155677,0.03604509917060166,0.0028094853416555194,0.0031372586315153296
809,0.07081878596450487,0.035012821769384764,0.10299634458544923,0.11271666659311155,0.004988385897251054,0.05503582066349345,0.0374884758338867,0.023341881179589845,0.04851427380114746,0.016545839642733953,0.027289405202608717,0.08836569303701869,0.0019699358320354483,0.10890138226393149,0.06381966719340239,0.10017163583143819,0.04746800031762591,0.04630815621630827,0.0030047955372886387,0.005242032637789244
810,0.015157393551290877,0.30459867637477694,0.22886883132455235,0.0941282909584275,0.005575243630074043,0.051109978952299004,0.037844077973835925,0.006437394706889616,0.007433658173432057,0.0033752826300988787,0.006437394706889616,0.06367643967052179,0.033571359492918965,0.01601095606585366,0.0038074834546847117,0.07949840495350523,0.025229385315890605,0.0027787248114188035,0.010236512894562178,0.004224510358077013
811,0.005223755827138675,0.011708418233241858,0.021906072823484772,0.00738139410356552,0.016977206438200693,0.0037727125418223774,0.015433824034727907,0.2386992898893354,0.007811685860891685,0.12281795788467834,0.24119367004332046,0.014147672031833912,0.004438485343320445,0.026894584456555563,0.005600116083351719,0.04217939487751725,0.06800100302138948,0.12609563892279677,0.006657728014980665,0.01305938956784669
812,0.005508177721819948,0.011228208432940662,0.010154205887181121,0.014970944577254217,0.0708646773490372,0.005484083617709235,0.006660807300491169,0.17053418177600044,0.012832238209075041,0.43154293157237766,0.1746143816113389,0.008846467250195675,0.021180080919698058,0.010812348861350267,0.0031047797629875306,0.004324939544540107,0.005957824882784841,0.005260061608224455,0.014781438949694038,0.01133722016529931
813,0.03681887571084982,0.04886066554093939,0.019681142444122026,0.15905212853032547,0.03384087841070754,0.06343808537510259,0.03735681383000185,0.06068961172580292,0.028176921998177902,0.056066211036506046,0.04194387826315802,0.10771479596259255,0.0016205491069916289,0.04713259691900955,0.041283042129689675,0.05498394049739741,0.05250618369971805,0.03727150127306483,0.02707270272856604,0.04448947481727685
814,0.03121693224701046,0.11566090639123557,0.012072350498748496,0.009061603855139233,0.010623668438898675,0.010359239667837387,0.011547465694455082,0.07469766871100632,0.009836730036017293,0.02785494386418393,0.14270825661283468,0.010483883327860535,0.004283737273749466,0.009485418249016676,0.0029857709631838205,0.0036899916402453096,0.1991937832293502,0.29190380087654216,0.009054262874061372,0.013279585548623346
815,0.011856864580454537,0.013808515753603616,0.02995418420325356,0.02107887036525251,0.02943773275147333,0.011685814610702384,0.02510865440566843,0.02943773275147333,0.02474476086355729,0.007241186421310028,0.023713729160909074,0.028938788128567004,0.010539435182626254,0.032878970079722916,0.014950132413693265,0.00898625526097607,0.011086938308996451,0.009130419783879427,0.6249319346241403,0.030489080349740235
816,0.01338869321107125,0.020870610005493416,0.007184121401573728,0.018431188056799382,0.018194890774019905,0.008713872433641622,0.02058799282383911,0.08815616419601392,0.013931918378810155,0.006510098533823636,0.02408142329796649,0.5197882053556282,0.009787596416369327,0.025342883578099155,0.006790437705136616,0.009861699186946462,0.1333840336748288,0.011632799019455348,0.024898271585500918,0.018463100364982627
817,0.02456835305531464,0.01005068988626508,0.009613703369470946,0.009086925102650622,0.014113734733904157,0.028159716491009394,0.07075685679930618,0.03440584498759415,0.07345876937640258,0.00399605742465961,0.028429094249721235,0.04806851684735474,0.005185083783746916,0.1353766392843868,0.2411432763202349,0.05917669459530406,0.17667193437263334,0.006317576499938052,0.010364773945210865,0.011055758874891589
818,0.04369744349905721,0.22465007276130713,0.00599698121877743,0.041356107573927964,0.14121923515185564,0.0019340136078368722,0.02161874710966678,0.03056811615207983,0.005404686777416696,0.045477901235449286,0.07806039130785318,0.012875871440316246,0.003149493733602535,0.005274453361093402,0.0018020911927798104,0.002256596025622435,0.14916935505670081,0.1599167703286483,0.004707307838395187,0.02086436462761318
819,0.009662305888129035,0.01596101945162711,0.017488773657513553,0.01823102608163229,0.022137688174067787,0.004118463595087248,0.01634464827805005,0.023318364876684736,0.015476790847357126,0.006078438278268623,0.019218432590674236,0.0210708116355585,0.00744203134362279,0.018409235428961637,0.09310639885258501,0.007916028634688191,0.009825153740176156,0.008572928263487037,0.6434837722077611,0.022137688174067787
820,0.017204071299253738,0.022082837787101812,0.024659168862263686,0.025509485029927954,0.033626139357632305,0.014090953635579249,0.01896859143251053,0.536035568078872,0.018043294289461234,0.0077549026897556625,0.017871337086649616,0.025107050705886383,0.006190586325254482,0.020267810023778372,0.009868294671672766,0.011558985404186104,0.008437744281367784,0.12986524769772617,0.026900911486105843,0.02595701985501441
821,0.040644279012564635,0.07431001768966305,0.09310806231360969,0.08292407776140391,0.023737922317531256,0.027545710768059912,0.0784518875281033,0.018679020840024593,0.03236028159603344,0.043477878771057236,0.03646144867972802,0.004299699136760379,0.002278840542483001,0.051157644831251035,0.0013811154802927277,0.07174127633742779,0.06307505072944018,0.08491354019788115,0.05551021834253463,0.11394202712415004
822,0.05353619485922172,0.07725559200180791,0.1642814678155066,0.16243697245620728,0.029224977237526012,0.0708983564790386,0.022976878655710114,0.007932493821614206,0.0029635044401660413,0.06640456567824111,0.05476680665881589,0.023379981790020814,0.0034170742616184266,0.049357739334488386,0.03439119902015965,0.04972608067280547,0.020345938351621164,0.003052923863005079,0.014807321800346515,0.08884393080207911
823,0.013665985723863584,0.03140269059951631,0.1151780902051861,0.030120948126066666,0.03354378314039242,0.011193318648142318,0.031062030811874898,0.02273142422419395,0.024223748738969077,0.008891123242031727,0.02951852916354534,0.5204090678227572,0.011353280447517437,0.02838320111879359,0.009710042488008332,0.002532954101344566,0.01735057350490092,0.015701345299758154,0.019167876080224244,0.023859986512913205
824,0.06723729582457781,0.04806546530316439,0.0634717484137687,0.04807219368566272,0.01323321354865602,0.023913170626854486,0.06435655200124209,0.0614955217849309,0.04181695481375302,0.017765372960091154,0.04157935847958398,0.058817595107125614,0.09118118385554956,0.04121742857986408,0.034721203423255076,0.04917988637370147,0.06128950663657268,0.05840622661416221,0.07275843786275708,0.04142168410472706
825,0.0036696287127277838,0.010882977422416881,0.02079456270545744,0.008317825082182977,0.12476737623274464,0.005041106110413924,0.09109633375705378,0.006931520901819148,0.08957657780812438,0.013660139691300041,0.021388693068470514,0.15079291784424456,0.0026187138985292826,0.07671770371102606,0.04548673687480531,0.013488364998134553,0.014678514850911135,0.007232891375811281,0.23326074686991394,0.05959666808391238
826,0.005930652861196143,0.04299723324367204,0.011660266642351737,0.011465928864979208,0.013229917921129855,0.0038219762883264026,0.015998970509273312,0.07146172366398089,0.08830681223652004,0.15594876463005106,0.2528593932245365,0.011277962818012336,0.012739920961088008,0.015635357543153466,0.0031870023296874717,0.0050584980286672975,0.0689084650402013,0.1814833270787792,0.012739920961088008,0.01528790515330561
827,0.07655623472997361,0.053646297464953634,0.010609260970828366,0.04547325541857455,0.051353720650212015,0.05306779643015949,0.10371617509891035,0.023180498904609582,0.04871458498996376,0.028056396950061954,0.026479262210265565,0.05215612253537157,0.054292638398266306,0.09262927362281992,0.07258607012797798,0.06656114685466466,0.03835998689698296,0.03309962201517283,0.037365580323848284,0.032096075406382506
828,0.013581954868484177,0.18050027319373885,0.2311283776787847,0.011729352090244317,0.02746743287730809,0.0012608336628159372,0.04367393434284511,0.06479496986441907,0.025270038247123438,0.03296091945276971,0.0140389101372908,0.13110625731727477,0.005849545890537832,0.02746743287730809,0.006720754852958361,0.03427479463684653,0.016409115744885353,0.09919616990684521,0.0140389101372908,0.01853002222022906
829,0.016270061981569967,0.02191477736293098,0.035794136359453936,0.08201438758049344,0.03835086038512921,0.00874040527619817,0.03702841692357304,0.03254012396313993,0.3926488668561606,0.007405683384714607,0.07851846874911354,0.02004434763661195,0.010226896102701123,0.014753126103635036,0.12295436190154765,0.009023731855324521,0.023884170156600486,0.011070351451377504,0.015340344154051685,0.021476481815672358
830,0.08900868428409904,0.020782382560258276,0.01187564717729044,0.0554196868273554,0.021552100432860433,0.010045171396039672,0.03232815064929065,0.012521914356438336,0.22629705454503457,0.006325072953122083,0.017114903284918576,0.017633536717794898,0.008228785340634306,0.043217851331888914,0.02738384525586973,0.14029367394976408,0.21156812656408938,0.0092366144712259,0.01492068491505722,0.02424611298696799
831,0.03947183225948603,0.01494876039908035,0.011786522622351817,0.014253469217727775,0.06895115734075812,0.0028374961868624744,0.023637776787977027,0.08357716041304014,0.1451603312437013,0.0865368631090062,0.03830619852264341,0.010214986272704908,0.11079071719799242,0.08580588469072123,0.06864470775257697,0.019560312886826425,0.06823486271520668,0.04296022264221691,0.011786522622351813,0.052534215116768104
832,0.03931706897509155,0.054170992892393,0.0152982896594258,0.009685462628996425,0.007343179036524385,0.002982511258746721,0.011717838888070826,0.34633418825375956,0.010391291089421299,0.19630483569495605,0.0359177235482171,0.016198189051156733,0.00333780865296563,0.013768460693483222,0.004236449444148684,0.0036715895182621926,0.006330326755624471,0.2021383415759206,0.008882877866763369,0.011972574516072365
833,0.08124979975170277,0.022744578002769814,0.0727998803497746,0.06303245454255975,0.00794837403322601,0.09983431867595081,0.025666624482292327,0.09505888925861673,0.0237815263804732,0.05585057487346808,0.03605847732146433,0.016069538806304757,0.026682724561126345,0.07615987482745651,0.03219994707778492,0.05949215980199325,0.08997652570762421,0.03605847732146434,0.0035199942147143767,0.07581526000923272
834,0.1396066887054419,0.03834588596347928,0.006035066798126279,0.024426729184680335,0.022254308818090655,0.01896225130062162,0.020231189834627867,0.017851130157002307,0.12982276374555804,0.045263000985947086,0.042515694458441854,0.07668950014178573,0.0017627175301457947,0.1436096275163473,0.09553214486975396,0.04108487781801351,0.06682753191506824,0.01722914231077986,0.026053824957764666,0.02589592298832367
835,0.015002279165003093,0.03160461682590628,0.022860615870480903,0.03200486221867326,0.03349346046140225,0.009291734192518044,0.029392220404904017,0.02880437599680594,0.03429092380572136,0.01969434545231189,0.03064295318809142,0.021179688232945543,0.01252364173774171,0.03064295318809142,0.058665958352905424,0.009731208107029033,0.014259592077626702,0.012001823332002474,0.5245205269849352,0.029392220404904017
836,0.04251165651423275,0.012483994295875121,0.015066889667435489,0.010403328579895932,0.010923495008890729,0.004599366319532938,0.11398429574494671,0.12750990009237595,0.009930450008082481,0.029927383586002,0.04681497860953168,0.03745198288762535,0.029816196569288838,0.13240600010776643,0.031531429110894786,0.05228927978138119,0.15928354244315415,0.04161331431958372,0.0812911256475589,0.010161390705944863
837,0.04529254530084608,0.03582020761696244,0.3528932651993303,0.1511165008840603,0.042049808941651556,0.0019749195406952224,0.023588917211170388,0.031198245343806,0.04396116389354482,0.011940069205654146,0.02417864014144964,0.0750101209104623,0.009389763161728017,0.03454091448778521,0.009769147531898848,0.020577566077829484,0.018248030295433697,0.013327336271625871,0.031198245343806,0.023924592640259822
838,0.008084180235475325,0.02503488072921391,0.033742665330679614,0.026761424227780387,0.0300113688217225,0.009137916346672666,0.0136154614492216,0.2827220529564228,0.04311562792253505,0.08518418926052822,0.019971429509264064,0.023016037208078818,0.006521691618534716,0.021557813961267533,0.006309604086224644,0.007861506823394305,0.030721640183108506,0.2776953335990771,0.026761424227780387,0.022173751503018032
839,0.02054027493462725,0.02128719402315915,0.028555991982286665,0.020540274934627248,0.0249105461973139,0.14737288169879412,0.01701889499712972,0.026608992528948935,0.032522101979826475,0.049750125694236584,0.026608992528948935,0.01858405827418656,0.4292690137473737,0.02295677786811281,0.007652259289370936,0.02643426776564545,0.009872821984497893,0.010643597011579575,0.03164312625064198,0.02722780630869194
840,0.009644856992002002,0.0661605744654433,0.02048725228633257,0.016577097955003443,0.24483098518158924,0.010609342691202202,0.08617789732740047,0.019289713984004007,0.020402582098465773,0.006508799197056564,0.015156203844574575,0.025037857900158268,0.008555921525163065,0.017682237818670336,0.0061350473069277985,0.006986257362513092,0.009472627402859108,0.010208153308798186,0.015375858972756815,0.3847007323790793
841,0.009440177090233526,0.02545987154638739,0.015275922927832437,0.017503661688141332,0.019094903659790545,0.029740734903744567,0.04000836957289448,0.19972799820008438,0.026255492532211995,0.304409627198417,0.04500941576950629,0.06858577641067624,0.03612262874260634,0.024248549285284506,0.006157949137247082,0.0389485452133476,0.009892602577175797,0.049023583360750474,0.01355122195210942,0.021542968231558563
842,0.08497033033017411,0.03274466388333539,0.02918546128732067,0.014175566606417942,0.024861689244754646,0.4972019526115162,0.019456974191547113,0.03356328048041877,0.03356328048041877,0.011281774951401268,0.037292533867131966,0.02397377177172769,0.012547020740343466,0.027969400400348975,0.00615119113090528,0.011880807249705761,0.011573544993247852,0.013360711080175999,0.04068276421868941,0.03356328048041877
843,0.017639840738411763,0.030637618124609904,0.12935883208168625,0.009488399874418293,0.01847983315452661,0.013081230210507598,0.025309336711634267,0.02915485523939823,0.4247592299700338,0.008088712362262721,0.08315924919536971,0.04250021310396257,0.008198799216444902,0.06812240723649063,0.0033701356924138223,0.013229880553808821,0.011792001013320308,0.015119863490067225,0.0291057372183794,0.019403824812252935
844,0.014201447165546393,0.02991368658274666,0.029290484778939432,0.05021225962103903,0.024665671392791102,0.10242211133669851,0.0223165598315729,0.024665671392791102,0.008486264642940944,0.007360959525597345,0.027183310364454823,0.028692719783450872,0.010343126117561807,0.02424040119636367,0.5150277331042058,0.008689893597001841,0.011716193911575775,0.01495684329137333,0.022566412045494692,0.023048250317853982
845,0.014247092319681742,0.022731057768300547,0.026210453176839822,0.42487224453355343,0.024151748878819327,0.01606033455485397,0.018401332479100443,0.07728559641222187,0.12250651896331749,0.010538944965302981,0.03133199854549534,0.024665615876241016,0.0099084097964387,0.02524024235111554,0.01025914996622414,0.008716420647994945,0.011951380888487914,0.06688437420567687,0.02576186547074062,0.028275218199593364
846,0.010180518666968941,0.025345714289427106,0.5117273537089597,0.032472105183384135,0.03319081633139265,0.035372743731401084,0.0153188383067966,0.03030465838953241,0.03767606178158084,0.00887907188483115,0.03982897959767117,0.07610106304979104,0.0068000696874072715,0.03030465838953241,0.009817002013510497,0.0077445238106582815,0.011813680389139753,0.012129289242362836,0.026807967036894052,0.03818488450875795
847,0.009517091282769443,0.02467394036273559,0.02775818290807754,0.02664785559175444,0.027921615703641156,0.016865731387186354,0.03918802292905064,0.030705166899592108,0.020187769387692754,0.2432421306562478,0.07837604585810128,0.2220654632646203,0.007163402040794203,0.13323927795877225,0.024079387582910637,0.005005861968362689,0.01624869243399661,0.011064773591385548,0.015861818804615735,0.020187769387692754
848,0.022604998965098256,0.03405583997743487,0.06027999724026201,0.04520999793019651,0.04173230578171985,0.00920967604424864,0.03390749844764738,0.0723359966883144,0.0387514267973113,0.00969388883571002,0.03390749844764738,0.0387514267973113,0.01937571339865565,0.0387514267973113,0.003709858421648078,0.015500570718924515,0.028553682903281998,0.018083999172078605,0.39683276983788685,0.0387514267973113
849,0.008919182952098762,0.34964942304675733,0.2384320757792641,0.02980400947240802,0.01799487364371805,0.05463767256619683,0.013432793001648681,0.01467274312487779,0.025098113239922545,0.0056433627403376105,0.02445457187479632,0.041466447961611155,0.006961520460708441,0.021193962291490145,0.028204877562050815,0.007659849666746674,0.008082443246754716,0.00822179571652635,0.013878461395875325,0.08159182025621028
850,0.047108699257219604,0.01945018264786719,0.017829334093878258,0.004510410269771148,0.02852693455020521,0.304160508156247,0.020409807452420454,0.02194379580785016,0.030564572732362735,0.007851449876203268,0.019017956366803476,0.020873366744052595,0.006738645956741387,0.3565866818775651,0.03012938171404512,0.006901677713759324,0.008308815888409284,0.010619639879928013,0.019017956366803476,0.01945018264786719
851,0.19666417202281344,0.03782445229119381,0.035384165046600656,0.024929752646468642,0.009109866619851746,0.011546411752048635,0.021938182328892407,0.027869522299238263,0.034278409888894384,0.012053946334556266,0.034278409888894384,0.021094406085473465,0.03657646638238947,0.04218881217094693,0.011922925178745873,0.37524640347018295,0.010263789534406506,0.020313131786011487,0.016131016418303244,0.02038575785408717
852,0.006367255358809982,0.012118324715154484,0.014448771775761114,0.017075821189535864,0.023196370610174218,0.003872866661544217,0.013174397153148786,0.011068797005702211,0.017888955531894714,0.12914248370546752,0.6488812052023626,0.012954071247234102,0.015351142246717847,0.011049060769699677,0.0029404774789082372,0.0055294600410844405,0.015652836090407875,0.006590667827540158,0.01878340330848945,0.013913632080362556
853,0.014877543434820084,0.0394578325880011,0.02592943284354357,0.024527841879027706,0.037813756230167715,0.01315261086266703,0.11344126869050314,0.3184454404363309,0.023270003833949362,0.009094552214673642,0.006028671710690456,0.0394578325880011,0.016500548173164094,0.04336141098886306,0.022173039710069495,0.012964716421771787,0.011701782312836247,0.159196414341731,0.03490500575092405,0.03370029498826433
854,0.00698951033877063,0.02337371090337314,0.023860663213860083,0.03026666435742063,0.023860663213860083,0.39650396064596144,0.021609657250288378,0.026635158936401948,0.022025227582024694,0.00669773002494318,0.0170942064815714,0.022025227582024694,0.009167572534045113,0.020823851532096073,0.00292034221836035,0.26060987845557354,0.043383024025200154,0.006630914710615442,0.01431255758128881,0.021209478412320074
855,0.0058322975632233475,0.12247824882769028,0.007434462864428815,0.011664595126446693,0.14845848342750337,0.006404091441970733,0.1174765000017958,0.010886955451350246,0.014845848342750335,0.0023531709391624587,0.017251937123531746,0.020219527919827784,0.0015754063217718114,0.007100188337837117,0.008776589501268448,0.0026128693083240593,0.0033670996241289422,0.011664595126446693,0.2643974895327917,0.2151996432177495
856,0.02208751928905091,0.02699585690884,0.02699585690884,0.03196877791836316,0.060740678044890015,0.03490302122091883,0.029629599046287803,0.0316632515098288,0.013369727619657497,0.014827524045497368,0.04338619860349287,0.057848264804657164,0.01227084404947273,0.03681253214841818,0.4326133314131744,0.018668004476070275,0.013963374263193105,0.017354479441397147,0.025308615852037506,0.04859254243591201
857,0.007871549729638794,0.020365416280657862,0.021305358570534387,0.03377678797767646,0.04196510021468894,0.007567477087894725,0.03173481918970895,0.055393932283389395,0.04196510021468894,0.07587572072247943,0.04196510021468894,0.0276969661416947,0.48064258143369754,0.021305358570534387,0.005868001301206503,0.0050627667721675285,0.008008105187520922,0.01822168825111493,0.0276969661416947,0.025711203714321826
858,0.007315998293208616,0.005908912797555685,0.018964772274628162,0.029596538549798494,0.02504322492675257,0.006406893549568618,0.006809915078580571,0.02504322492675257,0.04542724521596979,0.006291323651182485,0.032022484332568865,0.02604495392382268,0.0049685867769261515,0.019150701414575498,0.6579298957841111,0.012868031803900315,0.010280902864666845,0.009346275331515315,0.023821604198618302,0.02675851430529727
859,0.2342273729411451,0.01269881012749364,0.006954110307913183,0.014978083740120702,0.0124286226779725,0.041455470480721165,0.0064905029540523055,0.0033237611091903757,0.013584773624760635,0.027260112407019685,0.1390822061582637,0.006875803580488152,0.005209605652925073,0.053104115078609765,0.004000994971676079,0.1765921431551293,0.21192398187189604,0.006153285434746402,0.013584773624760635,0.010071470101115644
860,0.037262850526117226,0.03186697013886364,0.017071591145819808,0.03083900336019062,0.027314545833311683,0.012579067160077754,0.016772089546770338,0.23756826053319047,0.02811791482840909,0.009656657617837466,0.04552424305551949,0.020782806612302373,0.01942587288260768,0.029875284505184663,0.010279667786730206,0.008260564466497528,0.34770945719466373,0.0130960151255604,0.03083900336019062,0.02515813432015551
861,0.018222000102371343,0.01644509893702899,0.030370000170618906,0.02186640012284561,0.035651739330726545,0.006658158163419271,0.042050769467010786,0.04315736866351108,0.025624687643959698,0.009238389550663832,0.025624687643959698,0.030943019041762658,0.013225645235592104,0.025230461680206477,0.003989755829951453,0.009010879171502314,0.01242409097888955,0.016237425833796247,0.5775854222274407,0.036444000204742685
862,0.27258151961239246,0.19113926603188822,0.022019201059571385,0.029406040927982803,0.04247539245153072,0.043019308312951025,0.02548523547091843,0.04247539245153072,0.03822785320637764,0.00943897610034016,0.02389240825398603,0.028316928301020484,0.008341878835454812,0.02184448754650151,0.009677937520601936,0.08608738036141508,0.006051826036243201,0.005954291839348095,0.03475259382397968,0.058812081855965606
863,0.09396915169755954,0.04206372603098508,0.03614623742732256,0.09709763832577917,0.10080136147965796,0.06331500162093662,0.017029650894263157,0.008880119939874632,0.06377673404696473,0.01933574503037218,0.03330044977452987,0.03729650374747344,0.0033300449774529865,0.17129568118723595,0.003752163354876604,0.04006069145808104,0.01133632332749953,0.08026748109373201,0.01700448499124929,0.05994080959415376
864,0.01167048987091971,0.022044258645070567,0.05750894382476286,0.019199838174738876,0.017505734806379566,0.013527158714020573,0.22135592127707138,0.01993211818806194,0.0476441464644135,0.008383027935449369,0.020523964945410526,0.21432868403620062,0.005668523651589573,0.03306638796760585,0.02479979097570438,0.07454879247341663,0.05086940872762583,0.013226555187042337,0.02479979097570438,0.09939646315881136
865,0.10092648269967584,0.025682185329828223,0.016723283470585826,0.025682185329828223,0.01674939923466967,0.011235956081799853,0.015980026427448675,0.2559705525353468,0.0224719121635997,0.141239988070926,0.04794007928234602,0.0217909451283391,0.010895472564169553,0.021150034977505602,0.008265530910749315,0.006861727051272644,0.02402926552648941,0.18642405767493012,0.01943516727662677,0.02054574826386258
866,0.01877351989918364,0.014491839922176845,0.009833748518620003,0.04375576913010385,0.010590190712360002,0.03152013678752306,0.2022942552401829,0.00997587505985036,0.1494371111302689,0.01978526648057677,0.007245919961088422,0.004313632569214288,0.10409382578246539,0.05167915012385635,0.10493738655489672,0.024092683870619,0.0703882528421498,0.07595722993692693,0.007120990306586897,0.03971321517135
867,0.0652545154864146,0.09015712597284538,0.04931394764761567,0.023580688553826883,0.056158479141334657,0.045439281296137314,0.03738368235586987,0.07711386630130956,0.011196861149136286,0.032972523808879724,0.06533125070496042,0.06124501854048807,0.03195727984858989,0.05610427211513646,0.04529040520431382,0.05366495593621747,0.07072286907390622,0.0785518930391524,0.014940811595878732,0.03362027222798663
868,0.04086518479881753,0.023669454471195103,0.026374534982188825,0.054300513198624056,0.038462863515692045,0.014888850393171112,0.036924348975064365,0.08621682773044044,0.027972991647776033,0.011396404004649491,0.061540581625107275,0.02977770078634222,0.008517996613219048,0.034189212013948485,0.010288692754569085,0.04932094981755969,0.3342125580919038,0.05128381802092272,0.035504181706792655,0.02429233485201602
869,0.07793558920652385,0.05905276873072689,0.0130564713654434,0.0319869163958104,0.010525986345512167,0.0061514604059075976,0.017447408943169308,0.0911161678841563,0.020786217884584613,0.02210242409622187,0.02843281457405369,0.01633374454254148,0.004600643846873424,0.023990187296857802,0.00959607491874312,0.015890561080813638,0.23323122786996905,0.2787697603391036,0.021933885528555706,0.01705968874443221
870,0.015401864732082616,0.1558217924601919,0.04696497300933895,0.06479405163151995,0.03074772268332129,0.037167576869948794,0.07137491465267225,0.01456366872500855,0.0329339583730325,0.05978723855090251,0.1252684998209386,0.06829545378855159,0.0032678739083723102,0.017082068157400713,0.019173749972592642,0.07151944175642709,0.06122598282976788,0.043571652111630804,0.012958810326303988,0.048078705639994945
871,0.018465975860679787,0.015168480171272683,0.009368767164609599,0.006370761671934526,0.026544840299727195,0.014990027463375357,0.21468862322244717,0.055298487504339695,0.13901066132973888,0.09965535338868606,0.11486518178642212,0.017218274789012236,0.001641948884519208,0.033784342199652796,0.0911403613500979,0.04616493965169947,0.03847716187071222,0.04249844708192124,0.007407862409226194,0.007239501899925598
872,0.026273789712736046,0.03896414597428507,0.026594575823718377,0.011447137915473176,0.029394004857793993,0.011930870851653416,0.0192581411137271,0.11169721845961716,0.016923820978729874,0.11153229887458552,0.20938232069030382,0.024282004012960257,0.004577754854902344,0.0192581411137271,0.005422195070855203,0.0056412736595766256,0.09428985973863789,0.20238046800054257,0.013297287911859189,0.017452690384315184
873,0.0051204637418353766,0.0016856943577224868,0.009551634287654452,0.020695207623251312,0.012114267877025157,0.004532631224938137,0.07180225955684058,0.00993369965916063,0.17935846606817804,0.003228163006752364,0.008278083049300526,0.008713771630842658,0.0026774055173432276,0.4552945677115289,0.16965673081595425,0.0026042642038710683,0.004005524056113157,0.006208562286975394,0.014190999513086616,0.010347603811625658
874,0.01643650870417466,0.0669200711527111,0.05511064683164445,0.026024472114943208,0.08517099964890502,0.08184399869379827,0.032306241246136395,0.032306241246136395,0.04919687853670851,0.010768747082045465,0.01892274793418805,0.04700829945251265,0.013012236057471602,0.02839033321630168,0.3395153491896157,0.011373908311439706,0.011859253115670322,0.030717409709441163,0.017794549752427214,0.025321108003728526
875,0.011543948285624708,0.023351038929087697,0.019538624410052968,0.033013537796296406,0.02002755662098218,0.008182842701646115,0.025875475570070153,0.3461766487789818,0.035458985040466504,0.008891673170035495,0.019972897110032018,0.020390267818881466,0.009386201922476425,0.031913086536419846,0.011819661680155502,0.0066296241588007674,0.0018128801727370655,0.32125383701240423,0.02735407417407416,0.017407138110774465
876,0.056446743996452844,0.18754885908498847,0.013842891980082483,0.014077517267880492,0.030202673411089054,0.009771453162411166,0.012214316453013957,0.30387957306641655,0.04189111132430547,0.06744804071795076,0.012283076221141944,0.010928598931644067,0.0050955430601530615,0.015671198468017906,0.006835124254380007,0.005161060499074529,0.06661649106490722,0.10857069755879088,0.021857197863288134,0.009657831614011035
877,0.1550063966584516,0.04537597467578661,0.0791250002803822,0.011434439319115286,0.009761106735830121,0.2932643583537246,0.010013965007903703,0.01667522400704313,0.018191153462228868,0.003589285884924081,0.015122218284129248,0.08489204949040136,0.003793415887858152,0.016008215046761406,0.004600061795046379,0.19209963195509622,0.010327880675329939,0.006163695417624709,0.011434439319115286,0.01312148774324705
878,0.05605200814843549,0.09034298121101106,0.04929196892266287,0.03860279111286414,0.029380839172568937,0.056029332162739136,0.09935668624307979,0.07596328076668468,0.01571058761310978,0.027409116189749054,0.031075887586370997,0.05168066595209199,0.03645550716854203,0.0510524265476296,0.019132331519477956,0.06177801020177191,0.06910296055390393,0.04536035629461212,0.010859853188785564,0.08536240944390895
879,0.035948077084377965,0.07250476490554214,0.060942969165021066,0.09807929328234186,0.004071123163145413,0.07859858870305395,0.087144041762464,0.003489534139838926,0.011436595335805272,0.0011836745760687105,0.007463725799099926,0.17451268157070757,0.02634256164388209,0.100760298287849,0.04455032186820265,0.11607586362760201,0.060732234584456896,0.0019538648445618983,0.004133755827193804,0.010076029828784899
880,0.053627287219242974,0.027565683586962045,0.03866202594069794,0.06382556580804764,0.05303997705984478,0.05284604923972246,0.10147533694659903,0.0031999325003046857,0.04954825773769253,0.0746071218821038,0.07484899584046018,0.13358754353681607,0.017958804848648747,0.031664601964892715,0.009533132240491042,0.049620098683138734,0.004292592378457505,0.013822192789745284,0.0393403466213929,0.10693445317473886
881,0.05112904212641873,0.05176603185390734,0.061830469548227296,0.10897530353007885,0.016584083431457727,0.03918860723467153,0.04263084976204134,0.029498497337656717,0.04546233506851945,0.028157656549581415,0.07519501401268731,0.12006053512913334,0.03526480746254016,0.01701026172028011,0.0501787653686703,0.054835164177261524,0.053345349360795546,0.042455253584531776,0.028537139791489516,0.04789483295004991
882,0.0058424747013123435,0.16828873937236233,0.008902977612657273,0.01138413530798799,0.28371059156051115,0.006038541337280585,0.11768543528529911,0.009137266497200886,0.011770038199784194,0.003338616604746478,0.010364660504287573,0.00819013177115975,0.0033710303581906188,0.009512770599825578,0.0035250368212551646,0.002964215655153093,0.004340201586170422,0.005182330252143787,0.08023537405805053,0.2462154319146212
883,0.0294463118986117,0.07901577013569712,0.14503327505426655,0.03727525274214705,0.05363494700120048,0.04507138403462224,0.040300841438749894,0.03359950944406139,0.057003480306514205,0.0534386601226804,0.04110351102096828,0.031345098896805465,0.013266464785288918,0.03363864271852293,0.048952186215506156,0.073503041986695,0.058971259890415705,0.06383599623111774,0.02681747350060023,0.03474689257552855
884,0.005334174706700949,0.23752249732127687,0.19918669163112596,0.040055700415723,0.022918837460824966,0.03793771690194879,0.00965003682561051,0.02291883746082496,0.018335069968659967,0.03193850897766576,0.07857887129425702,0.11674807306120447,0.0033953833275296237,0.011225553042036715,0.006553800557302888,0.030154562854935583,0.04955424315854046,0.0069752718810045244,0.02500236813908178,0.04601380101374544
885,0.054369670344695295,0.10562781758407681,0.01567644866090657,0.01834976374133466,0.08115941697799203,0.005168947532770326,0.1454469501086232,0.0305829395688911,0.01079397867137333,0.006016315980765463,0.036699527482669324,0.015019452048886084,0.004475552132032843,0.1689421159386479,0.029359621986135453,0.042708963474878354,0.012440517790735362,0.03822867446111388,0.04587440935333665,0.13305891616013538
