site,A,C,D,E,F,G,H,I,K,L,M,N,P,Q,R,S,T,V,W,Y
790,0.08846500450485177,0.023768011621428126,0.016250534916360648,0.05522532165572052,0.03474448782507925,0.015488950676084256,0.047567351715048264,0.0655096756880517,0.03005613438963768,0.18183376478853142,0.015708966631231912,0.04540578813727655,0.03472807481019148,0.05258361271750051,0.013758360169572756,0.026402159275577493,0.0506738583090006,0.10535582047301173,0.0549929808923217,0.0414811408035216
791,0.1634153917564549,0.10955748488492302,0.010168923764678678,0.005089807751650922,0.007700117978951808,0.044103675589453224,0.0088281838611471,0.008931433150381054,0.0080460935851507,0.008336539145573807,0.004933414663708219,0.007766174951836636,0.5386038313669788,0.017060060391582012,0.0017550150053088206,0.017174919080776053,0.020631474472212287,0.002701051085451588,0.004005639457877369,0.011190768055903058
792,0.05559917299135643,0.05281821539478726,0.024031070157476523,0.04027752048443603,0.004531757206605472,0.04562617556195951,0.08270448092000594,0.004066340512964982,0.11953942683068404,0.022031599826884178,0.05226658316177318,0.10846153970483884,0.0018524337230716227,0.04754642186968406,0.08812208828963744,0.11025796783074329,0.08158999519163881,0.02482940794534073,0.01313496239446314,0.020712840001648487
793,0.09387314910003035,0.005935991803388362,0.007535483242944315,0.0186531148729241,0.008791940208746045,0.6274583480591853,0.024991303089178792,0.008637210666543908,0.009320721515684787,0.0023007676398882175,0.007771385479078967,0.1099836463966546,0.0036506725896565265,0.02573795098615882,0.0070671130636389135,0.007402995366557053,0.004708100335736626,0.0030759115447500846,0.005927319463255188,0.017176874575999056
794,0.0229185518891644,0.009396466658781313,0.014163876782989748,0.011733619627026712,0.012960528899540922,0.00649258092375801,0.024834158286274735,0.06645477476468874,0.027038110515559998,0.008760340264230943,0.013382232548497384,0.01484669972477499,0.011651674582165442,0.02084025365091999,0.6698441354644382,0.021957365770421393,0.009130300119568632,0.006019936108704447,0.010507812482046268,0.017066580936447705
795,0.007571894851641003,0.007538904472929879,0.010043203507649364,0.01097982354334855,0.012145283592954036,0.0028070513648988317,0.01207266044725965,0.021773837025307483,0.012518439544967449,0.00904285740643721,0.008466678498418739,0.02541662446191874,0.046244137722125926,0.015883721464142304,0.003236516257060301,0.015907158680321908,0.7286717214619878,0.03202133766884549,0.008021188769449046,0.00963695925833646
796,0.007887200639085632,0.008820487718075648,0.009259817920633292,0.012012487302894857,0.013060405221874587,0.006622005130792967,0.010879056531789758,0.03630676565040125,0.03774968656340551,0.009318916294189381,0.011067594360256788,0.008415523714052941,0.011224723961699426,0.018199653339914242,0.004544828603047156,0.018346575597167496,0.7557872776635127,0.003979457886697484,0.006399203692562117,0.010118332207946711
797,0.004460050039986461,0.035210392773192045,0.011384519625919808,0.01386294869959459,0.008638452518721737,0.016349251566300075,0.015267698524552816,0.011557404390327966,0.008716562535802474,0.015852827056569076,0.007172320752829239,0.012857408633385128,0.0075803911211210035,0.011990290896626564,0.008949701466650842,0.008260810762539239,0.006379593718379976,0.0039859046844563,0.7770522606641534,0.014471209568891174
798,0.022660890256282692,0.009420879664811841,0.010699825302025241,0.007930653928615089,0.011788377002105908,0.003832589435378759,0.016911458634599044,0.011859301643629507,0.013736173784054154,0.010435648959742291,0.010705610447656562,0.013116816049301799,0.01064660873088015,0.01280993280707987,0.004054656688398375,0.7787352002614155,0.025301031765990016,0.005703072412434848,0.0087884743083477,0.010862797917250634
799,0.0031671754135329127,0.04161254936569855,0.004990453509419646,0.0030589745846202354,0.014967797815147591,0.0010039286961782841,0.005866481385124054,0.3069385699987158,0.008998969965750166,0.500643522191896,0.03473343445073586,0.006465525673473358,0.0034714095022590763,0.004941916379995366,0.0009523612909235563,0.011262986450013748,0.015816321171196482,0.0050466310422489806,0.003589170847200159,0.02247182026587013
800,0.0042105458961585575,0.009833135753832675,0.05439214792601772,0.006917544237885188,0.01287425632690734,0.008216779728898898,0.6108868491232763,0.00906693997588383,0.007875780297198659,0.007367993101529061,0.009803126686100635,0.05847503349053909,0.035861438701385084,0.08666244231708785,0.009794153355538422,0.0075974931133423905,0.013843023623193739,0.004764337248989456,0.0075431127006974465,0.034013866395537704
801,0.08483351062202983,0.10138839758931224,0.018366044312562554,0.014386235460365845,0.00654953378198818,0.21631729708529474,0.003555813050579471,0.010739365937617169,0.004354483126171808,0.0018681403132486327,0.004722901354543415,0.15431290988591692,0.0023515335120665613,0.0035021255662320656,0.006227723374127483,0.16523517806546933,0.030823800477478312,0.15971048030248247,0.00347034390961879,0.007284182272894187
802,0.04544095996574343,0.07846096193757375,0.00508978868504243,0.0020325723996006038,0.024541777049885787,0.10325000891894608,0.11864729886525886,0.024799246939802764,0.12282641135029765,0.0009797069349426735,0.007617912117941668,0.025729336403199885,0.0013861823868875872,0.04010593949359617,0.03846743630268535,0.13461428346127352,0.12604340314597354,0.030186692848000983,0.008845110974090065,0.06093496981925719
803,0.15656669149897282,0.061917520281483965,0.0062167064035649365,0.025723293914913223,0.07018284274297147,0.22289085344404488,0.022730789363017697,0.005249151339712771,0.012468203435339418,0.019160030631771973,0.028091125258163385,0.0572106281138163,0.0026218905034274243,0.0429275785974837,0.009501549993008266,0.19826393488864477,0.023990512283104393,0.017493888095526714,0.008961421969436903,0.007831387241594948
804,0.056287571196378144,0.006047339484109933,0.38122723304951717,0.4114901508443281,0.009716198005878997,0.004122482396765689,0.007454335174986453,0.009989738125427057,0.02066192849009334,0.0035435562298085066,0.008935429082910135,0.007934738566970839,0.004088771919011567,0.032931358749008446,0.00268074808957139,0.006280305586076711,0.005615675163723071,0.0060757389213481556,0.007667624152937869,0.007249076771148431
805,0.005115201160656743,0.04403032143816478,0.0120929519738616,0.011585815390083834,0.016198157293712934,0.016567230758567707,0.008725771727076606,0.010948779948560883,0.010582847069488236,0.01601286474695256,0.008913735473329763,0.010108627196977239,0.004106045036187315,0.00782200809227486,0.00999059166575942,0.011220433089297596,0.005640444175369656,0.0038379838206468696,0.7782532351575819,0.00824695478544955
806,0.04410935275839585,0.042821011761068964,0.008786383379169725,0.015043325785409874,0.023212456500458063,0.05481822186550278,0.05499553511361287,0.019701107692550155,0.011206387862972655,0.039010325135133556,0.30465416606150314,0.018550871824246296,0.0021949477287382148,0.26428031822158743,0.021467126418637385,0.053999693729969545,0.008667628648665805,0.003338855608646969,0.003461050457154788,0.005681233446575987
807,0.004148415429143654,0.15336823744668585,0.007504581366989067,0.003560224051528858,0.003147999950997414,0.1279643299995364,0.002678294904049009,0.007416161944425032,0.00374918619368216,0.004110781041454159,0.003569104762143813,0.016971516788131684,0.003086090731664891,0.0029197381325955585,0.0008913249277439009,0.31419158177105044,0.26730635206644326,0.06814436596871583,0.00215815391238387,0.003113558610635197
808,0.02734553514096143,0.07900226200240866,0.0190948393518808,0.070718586405475,0.001843019373670419,0.04162719563671227,0.05312687727788101,0.045134361547147124,0.044375746731950515,0.029834689987515615,0.09374032692516424,0.06073899527303774,0.008793224818806138,0.11988003134036516,0.05327013092601846,0.10621642413523844,0.0796409527834058,0.06136030788898355,0.0014964898711394227,0.0027600025822382248
809,0.08799786672327528,0.03451959344580815,0.1586692253956836,0.1179608402606093,0.00218097527068599,0.022387641527791494,0.06059385960969405,0.005057480292785219,0.04034562768621589,0.016076472537574146,0.04577868183573481,0.08110034847791218,0.0034527093482740485,0.13721329928096943,0.028705407732649683,0.0818382756023141,0.05339675742522852,0.010435197403851907,0.0013373894256131368,0.010952350717329069
810,0.05060592116074136,0.11354690764592656,0.3001869033158399,0.14233140493585728,0.002965848922126326,0.004472644539992745,0.020708335263993825,0.0030393080952370996,0.003765935539925642,0.0018835883870754206,0.0032576726536725636,0.1688275814352489,0.015982496295180944,0.03163463364645997,0.0020331265583324737,0.08558130439179412,0.028614699427096043,0.0031925564714729263,0.004874679795698645,0.01249445151832724
811,0.004086391363848339,0.008068462486399657,0.014579328778019039,0.005720920846731283,0.010988155449524216,0.0030582547749995925,0.009363351818793641,0.0949154064687906,0.009844386571393617,0.2286586934357793,0.5055449740766799,0.009390057066694109,0.0034034234968135877,0.01567695869050384,0.011975113498237468,0.023466526013735486,0.01819184445581254,0.008757760329444152,0.005273942880254975,0.009036047497544665
812,0.0027251042125448995,0.0050728573243052286,0.0046444764795874885,0.013921410305348098,0.012858492059728353,0.002619214360053714,0.006831879455879412,0.28364678972469226,0.006148708810890781,0.5453537427111709,0.05979984868033056,0.00784910950811108,0.005264940049632294,0.005085170509268225,0.01308849948101263,0.0022384349002800385,0.005685612641223848,0.004172149343101089,0.006948655103993626,0.006044904338845541
813,0.06486487038225781,0.04482269685114932,0.08048235201010488,0.08615914509524282,0.03661678418028313,0.07776497828533284,0.055152608669602185,0.028397485104652186,0.025086395804702278,0.045900799181681363,0.045828331943730365,0.0536009223488585,0.002497643838166569,0.06341041068025072,0.031025827864532857,0.05058969444666601,0.03412735189191771,0.028891296485588653,0.07484517599581847,0.06993522893946134
814,0.005912245285158503,0.11209117537199965,0.004872107613477512,0.0040009661748734516,0.004602916736399067,0.011056864233022238,0.004661962253180173,0.21029126354173985,0.004080182062921641,0.03798015296577732,0.02037653282840368,0.004220477480290736,0.0018420830089661692,0.011575350172233262,0.0012394884428115983,0.001644518636909305,0.24912146263131107,0.3014513925274826,0.003705983638005292,0.005272874395036875
815,0.005215224503052941,0.013095920742425377,0.012342977024990756,0.00998242100218873,0.011744306621993215,0.019327490692280565,0.010422613263478262,0.011926456652674364,0.01025498706360498,0.024910378425450012,0.009863648609677535,0.011737094065098954,0.009648403579254136,0.025398507210570045,0.007654390593713719,0.008792858361145841,0.0046299192313639945,0.004367245720161384,0.7771805974669532,0.011504559169921977
816,0.006154975751953618,0.008866108720481833,0.01120990054933616,0.008381074624505689,0.008252660085331594,0.004371668709200193,0.02736017677418878,0.015287592309294416,0.06286548611162582,0.0031290284771423385,0.009982793018353453,0.6521403208950681,0.0046005104574543855,0.010996808336216439,0.003470533111331771,0.0067467955034534325,0.1287340201380562,0.0054363941565212445,0.010315023188945956,0.011698129081538442
817,0.013682351393415285,0.01581060833973516,0.004915910302175211,0.013970874077640917,0.007236886326507355,0.006945944994159593,0.019224644527176583,0.013667181456694481,0.2594067725565917,0.004597136130177338,0.03546935313849189,0.04923919147357868,0.0031325607562375877,0.13086342423625374,0.338921085072371,0.012525133895161718,0.0562829742732275,0.003247855164101204,0.005274779942964089,0.005585331943338923
818,0.006778036240281352,0.12996653199429806,0.0036285925397006777,0.01257801210982922,0.01600844744270094,0.010942304575819635,0.010024503522042457,0.11484303299002195,0.003383640902718074,0.09636716165769087,0.1493102556390573,0.0038350685949877523,0.001839607651356453,0.006687666019904439,0.0022878802196147413,0.004289838026538709,0.17746215832943046,0.24369943660297236,0.0028663452412681085,0.0032014796997663986
819,0.004763188882279368,0.020503727489944355,0.00818732380675843,0.008091381540711115,0.009586936963003176,0.012098135908144295,0.00791701559923828,0.010628230583646904,0.014554307190391125,0.008040134324055221,0.008598476994487044,0.008594041917805313,0.0036911088243063083,0.00825388109206065,0.00943377686534594,0.007739536135746245,0.004710524259330338,0.004289464030905744,0.8300991034334984,0.010219704158341805
820,0.008845615478090617,0.00959623030193872,0.011075516003741535,0.010023519061809268,0.014468614864135074,0.00682333593025741,0.00871472471166917,0.739438812395338,0.008299842965259267,0.013062020898232371,0.027917990656842688,0.0354244065074053,0.0032781820155223878,0.009839511487253467,0.004873299436693658,0.026342912092663023,0.016167090493457284,0.021830956179451105,0.011400095845085641,0.012577322675153985
821,0.06065511990883486,0.04143759116796634,0.07326801578050833,0.09130356393942018,0.061585691968108994,0.002759939786763069,0.0921835416198213,0.03669582241785257,0.009510218241969216,0.05913544477607733,0.05021342024993013,0.03045652181279139,0.0009864198814126944,0.0713198539725349,0.013912248202339156,0.055235857074475835,0.04796640319736343,0.05776106280026414,0.05895274999051652,0.0846605132110496
822,0.054303899319679286,0.006724830442842602,0.11296814914025885,0.14631591686312181,0.019820498606856248,0.014868499926615363,0.04957870940239728,0.002780766198299384,0.021828968608015406,0.0490566516981277,0.11280412881394937,0.06374477810385511,0.0013605761129076742,0.08623761664359797,0.013928563822329966,0.10294826075357955,0.08394011851215087,0.0017339802038035508,0.002902769527500823,0.05215231730011117
823,0.007183660705562076,0.012773268595537755,0.00911202033534212,0.013081624821843454,0.01481263066190168,0.005880394046873235,0.04654068971799918,0.013384168457151895,0.024550631405257855,0.004631062079315145,0.012771384272873387,0.7508475422234244,0.005940092361504824,0.01179076935665036,0.004895909927650095,0.008186893867610205,0.019286123947961926,0.007829978425817626,0.008593575101647443,0.017907579688075322
824,0.07664732474800853,0.06008940995438794,0.07375328717106767,0.05495914841502996,0.018181439787090668,0.01618053771825805,0.055890037882854016,0.050306254908022374,0.04330213728241106,0.034792611227923945,0.03765629522941888,0.05371528527444135,0.08555297164997695,0.058486443422602084,0.04592037181015555,0.07196673026751735,0.04829392299793956,0.03356230721329822,0.04083126364034275,0.03991221939925308
825,0.04349871635416887,0.08711073588317765,0.017285557907662483,0.008763798135277131,0.1694701470300581,0.008780698711320437,0.12357889302933338,0.007679681521386023,0.07701019274583974,0.014728784866549362,0.08483740470694692,0.030671009743213705,0.0032966851853076734,0.07725454733549805,0.013656614499390258,0.025569467121328647,0.02444239005895809,0.008188365144308518,0.13805564524334163,0.036120664776933244
826,0.003816333977767268,0.1751694134056593,0.007353235290829055,0.006985535829537196,0.007699785794018513,0.0026541933367657524,0.009047263468179568,0.041807664477830554,0.017591009716112674,0.1657840090014115,0.4285227595921932,0.007313837134108016,0.008265509461670742,0.02765412694558321,0.02529734461798765,0.0033460395542612062,0.010187148696019992,0.03368601075713245,0.00795575713171666,0.009863021811215443
827,0.057234198124294686,0.03520879961803247,0.029972112008775476,0.04991372599166386,0.04948876585348988,0.00806263175591027,0.08389892660311372,0.06722219407063475,0.05305164328868054,0.043580530306026086,0.045055842081000747,0.052601236822812224,0.08846387099765865,0.054805032923293834,0.040862456855543246,0.046057392805773624,0.046598492108888924,0.05226562122186665,0.05075165330077727,0.044904873261763074
828,0.011484223250195822,0.05171453341486242,0.3585806578731281,0.04004950124017699,0.014311063636602648,0.005237231966067108,0.025281064555214658,0.054923817422043136,0.03826385474431979,0.01667294695141055,0.008480439724403724,0.13343040719995417,0.003433470126326639,0.026613524376426983,0.015615506038386264,0.016896668422118993,0.04856381911934385,0.06592321617199423,0.00823877023069226,0.056285283536331734
829,0.010308977438675562,0.012503302022212975,0.017926943732687675,0.011070193469646855,0.01889249881369655,0.017250780057841208,0.016804491303685914,0.015500547518824712,0.6772084139635933,0.004663728511504711,0.021753262188399895,0.03339994720248103,0.012959942639398897,0.06022675158933756,0.006674674058597587,0.012386683747996834,0.022372224666070844,0.006599102347511136,0.008936253895855376,0.012561280831981148
830,0.0165418747337632,0.0195831246087428,0.0062011467204841205,0.022058634684775605,0.010985450432925115,0.005685240054474562,0.056934220250784415,0.028388927754354466,0.16634890721635315,0.003777891234372242,0.036119218612645845,0.05087239672156621,0.013803318436640538,0.04218661987496014,0.04572095601327378,0.15125205522072263,0.2991412554066932,0.005282630285669878,0.008263790078417923,0.01085234165838012
831,0.05279010999873749,0.016464162888066864,0.005349255926326304,0.027860393783947147,0.09718232132305597,0.002816773928964198,0.041936073443504855,0.11518534660612947,0.04038423972316676,0.09720955054787993,0.04072641181133372,0.019022888450151824,0.13225176227117608,0.01202246102411616,0.06523528736014626,0.030653773535833442,0.010020848348552158,0.04722995935641705,0.07602556310255974,0.06963281656993454
832,0.007447297650850444,0.020227697614688445,0.007810595097526344,0.009743422272113528,0.004378165130633069,0.012037361081197724,0.006375830115550816,0.33615748642788723,0.0056416022092829095,0.21699885889745218,0.050323772798387977,0.008416931596268079,0.0037541531681334183,0.006666173864701888,0.0023485393314742003,0.0022436750545681595,0.00375271203787197,0.2850768775092681,0.004386082481321053,0.006212765660822463
833,0.02148518226832747,0.03790322712834314,0.058687423758187154,0.104809872020192,0.027645194001537907,0.05543526144806657,0.08498110147406936,0.013557262582388319,0.0538922415233126,0.06978155868930823,0.022407275879361026,0.06871132481385162,0.02902996954350636,0.06675757661838246,0.03456070927044956,0.04228920773487867,0.062046567577911105,0.05357799151465004,0.024073688763560072,0.06836736338971638
834,0.11031174883340504,0.14518976096112604,0.02253822423697289,0.00305493467911892,0.005070193518463724,0.013514199243351654,0.0446611582947704,0.0062641537960466745,0.11193490695558848,0.043575492158261044,0.042060345094209535,0.04285949476562349,0.0006649181665844794,0.15100433559018872,0.042750649114624034,0.06636037863794908,0.07734521655051614,0.055273244937302846,0.0016146863262558064,0.01395195813964098
835,0.00772714089249158,0.023683779502339432,0.010364461979658702,0.013760163027270735,0.01500920194794555,0.029489829523246663,0.012885446147996334,0.013052507260210134,0.013710322979919719,0.022312110734459583,0.012901211732247092,0.009109464044915675,0.010852891692473407,0.014494809731928583,0.016884655503935163,0.014868105550320086,0.013740498530369943,0.006484260470176537,0.7259629555899488,0.012706183158146232
836,0.007950258897344034,0.005460491373674169,0.006580274358888544,0.004845396682020875,0.004730503330217436,0.0021640429162368153,0.06326262652094783,0.042614812962684274,0.05776359048565907,0.042784116545396544,0.07730326940241293,0.0100036871691072,0.043902452795348386,0.18231120619244753,0.07495897467473514,0.08179282594198083,0.18179300585845964,0.0525644137771443,0.031008767878179147,0.026205282237115286
837,0.03766550083681307,0.0167306763782567,0.6093325789928181,0.08187849301521133,0.020207592746417976,0.008876453130860964,0.012903891034036585,0.016204826467379998,0.020047977010786647,0.007835724521291405,0.012947266689136023,0.03416445349650693,0.005568752380872194,0.016503657393343422,0.006450860419486438,0.027483268705479076,0.010385926769612969,0.021112546689312228,0.015860190945992943,0.01783936237638499
838,0.00479610468540792,0.013413041452161446,0.016703313355122457,0.013070840522966325,0.01740160211728505,0.006279359147188593,0.007670292627362906,0.46514292476361835,0.020862687696609032,0.143450820788186,0.06572671404182465,0.03292309371201142,0.0042431062298031695,0.011434665976508631,0.003966767647304944,0.02777631319749166,0.007176942438913415,0.1117944405064009,0.014233981908891013,0.011932987184942099
839,0.00803859598303228,0.011142565430245301,0.013595768703782346,0.011309735661865113,0.012682592046738562,0.06898581769711486,0.033692155486776246,0.01351321173728651,0.015556850068925153,0.015537153214202229,0.012593979852093613,0.010502346205676584,0.679855149074529,0.010919859031878532,0.007166658978731832,0.013413220829072162,0.026819362099793118,0.0055608699239879916,0.015458438492956353,0.0136556694813121
840,0.004215749021873203,0.009590423084169264,0.07252748842522369,0.006799500318016957,0.3443433019081063,0.004253635003967022,0.01292711082882815,0.00814948665909511,0.008254544706301232,0.00723860639449604,0.006566625057412668,0.016528619550447824,0.0037617419203770405,0.021426215817162666,0.0027611115528004314,0.01864009490662836,0.0041812980779725025,0.008846098795667539,0.006536350051383456,0.4324519979200706
841,0.014347012813679078,0.02086344482623075,0.007367370546144582,0.00826529350213935,0.016186169919170254,0.007544582487444244,0.010276319383483792,0.1914306634512795,0.010010120219795481,0.3847633791269318,0.10793949355468506,0.015231220408793291,0.00512148690115688,0.01768984609086868,0.021543657108045296,0.020343024330511206,0.025345416000856352,0.09915820876571028,0.006498473166311068,0.010074817396763023
842,0.10381867989804837,0.11098420734364348,0.009375508142794906,0.03320732938170891,0.009232216205980132,0.4580568511389898,0.00671691579316847,0.010395450863377316,0.01182507191319643,0.0038183277972801337,0.012244421758722975,0.14360907993493255,0.004612139742728981,0.026465415650335826,0.007335838794217196,0.004182621422211828,0.00422655190993319,0.01629957531882189,0.012618326665076594,0.010975470324830969
843,0.009286590443902148,0.015032792832245886,0.030243109434249134,0.014571170306037579,0.009732556394437878,0.007238237387780414,0.012100292484271835,0.03303451210138156,0.6565720316490229,0.004507939652379925,0.027533555753024665,0.033406837278418526,0.00454154097136972,0.06649976895898599,0.006434527452408925,0.007531537483182103,0.028918261454561472,0.008629126503188384,0.013756555986815544,0.01042905547233546
844,0.007979394932357069,0.013542441086969942,0.012970221247082168,0.017999973413302468,0.010859163344849713,0.007047601724550139,0.01961968005114709,0.011455883960656657,0.029552943741735158,0.004084124955242455,0.05340989725875114,0.0129708379221683,0.005045907803259789,0.01159171260604258,0.7160377316363441,0.022873560094822026,0.006249428885408487,0.007223632764678602,0.017752823898084694,0.011733038672547448
845,0.01947494740454567,0.011010334038608828,0.050643095027014924,0.6363095387475202,0.011951684785659939,0.008449085086519054,0.01905022409393694,0.02598286054089985,0.03213853060434338,0.006005477340277832,0.01495673620482404,0.011962641505692068,0.005325467151092172,0.08394083979566416,0.011576126297047887,0.00478639764761666,0.006377668429095233,0.014819319367676687,0.011181968567699473,0.014057057364265034
846,0.026878144998296973,0.010602399904271833,0.6492639291668604,0.11484535279156341,0.014913611636616513,0.008399568246998498,0.007388401568703469,0.012399966705532284,0.015061600166662097,0.0050994014548530085,0.01576006587987614,0.026284979126197167,0.003400976954004843,0.013204660050533747,0.004747883048613723,0.0036958927822008606,0.010834038921818086,0.008237168570148093,0.01135097177338331,0.03763098625286556
847,0.05729816146528587,0.050895777311988605,0.043231296549150984,0.053633853712751714,0.05493190999400627,0.051148611828616755,0.05678753359265595,0.04826278660029643,0.04109651087073869,0.043023911628079066,0.053295239420841724,0.05215153456910604,0.049295649793445334,0.04584262070902108,0.04918904907797821,0.06010832279297645,0.05069386439463399,0.042616925037624445,0.04644283519265406,0.050053605458148374
848,0.011749507261025747,0.029331089186806315,0.021941209317970212,0.01790978525511124,0.018139613797583876,0.05661655530389294,0.015169537692546274,0.04418448027473874,0.014757624415266776,0.032390714955067845,0.023535184278219098,0.016934907723859846,0.010530481916200722,0.016961409012269467,0.00693198584553846,0.019515186114244305,0.012846560386673098,0.009775833632741137,0.5904198769009142,0.030358456729329613
849,0.010214885991396978,0.5533129744846026,0.1008977562944844,0.03247686804079211,0.029310742758442847,0.01962551734232291,0.007263149110079689,0.00793166890824775,0.01331654442975605,0.003541417742841701,0.01328143614484109,0.011634554401667722,0.004314958131333005,0.012205334009274043,0.01542316583059143,0.022810931412308024,0.00500650394741141,0.008723202217314601,0.10190900477386138,0.02679938402843025
850,0.006370780430293888,0.013696679518469415,0.01317312771830887,0.012708177917615861,0.01854851173307336,0.7179552087257796,0.014148213867698803,0.014599209689165116,0.019287944279389565,0.006945324016524777,0.014259573333157888,0.013798649350554706,0.005693822594452655,0.018693581569971966,0.013718330521948291,0.005729074229338937,0.007111614617139308,0.0577948528702805,0.011757930550387999,0.014009392466448585
851,0.13671352066336356,0.01649027532008092,0.01609728668026347,0.011421810445218727,0.026106937558299997,0.0070798966655271686,0.01137022132319778,0.016720273890835493,0.014987930633071318,0.006712673381852642,0.015395557362552747,0.010437137050542378,0.007589420596410848,0.017567806915770888,0.006375002699714441,0.6087802282096147,0.019181136589140623,0.009999714496367947,0.009118128683478251,0.03185504083469601
852,0.007103128674993957,0.012503438633276805,0.028213562463467987,0.014992895589632363,0.04054858701810854,0.004319445657336945,0.02315521098020708,0.030328375718410575,0.017474675118877483,0.4173798059654271,0.252482966360402,0.012456933977466278,0.008189385805943925,0.011642563357373535,0.04433631283200092,0.006622339801361049,0.02834972679128597,0.011702809330264258,0.015871108635816873,0.01232672728834628
853,0.00843066517985799,0.018796926381038383,0.013430007153051057,0.012654484151085416,0.032349101759933704,0.007325356482091647,0.030700747746601816,0.5174955314028525,0.011937328596977702,0.1590880390063651,0.01707857221836506,0.0175893895439557,0.017669982326222345,0.018357186961194635,0.04266090580220723,0.006443321488015191,0.020663327147146193,0.01404141787063995,0.016082742188991587,0.01720496659340673
854,0.003414123062925647,0.009680801303818305,0.010394580762818142,0.03793211893611405,0.009876089045231894,0.5186310951314327,0.008430681395892231,0.011088179482849994,0.01910514002105229,0.003122864368460136,0.038710640250155914,0.009585715288904006,0.004383432592881668,0.009583259625417824,0.010772532423356023,0.05606848120662188,0.20160465392213267,0.012492691113359376,0.01612425230590361,0.008998667760671533
855,0.001992880818775416,0.05293438508008882,0.010626057771976715,0.004027820219244456,0.29380537142672863,0.0020371964450200536,0.09661100589284628,0.003872859041360176,0.010180452133738428,0.002707341776221865,0.011553374243946406,0.05213817382049573,0.0034434090687991514,0.007948934153389408,0.0010957173014899927,0.0017027056116458378,0.0011678039875386297,0.003938383735244278,0.24689755750291628,0.1913185699685335
856,0.010436567417856302,0.012889426943861903,0.013101072041684632,0.014200632668758695,0.021426247886739965,0.006877788517846236,0.012718687754576012,0.03823815124824233,0.04015629995209723,0.008331056147687447,0.017600106308850047,0.020916131286428784,0.007171508676133959,0.016834305085951858,0.6691819030366974,0.01800819470559789,0.022671342769979373,0.008145958973139229,0.022738684463980113,0.018355934113890443
857,0.018808073023760648,0.009571474025634184,0.010838797661698313,0.01452794368994559,0.018087217700132135,0.0041642863515631715,0.03713235284989128,0.019730151969001016,0.016884374413108985,0.011514716848672722,0.017520742539551843,0.012289503886093485,0.74020028106505,0.010243943753276355,0.0035491665395710995,0.010170717372181396,0.011600880269663815,0.008562583949406385,0.012883015526734428,0.01171977656506318
858,0.002876217765609807,0.024467305141502225,0.007358036202525444,0.009774961616995365,0.01791302093063108,0.015025506473589481,0.012901087496999017,0.009474028895834529,0.014891208882876702,0.006194048517162824,0.01041934247299236,0.009581153731479832,0.017301551752399013,0.006621545188511888,0.7743670917742241,0.03501351186941056,0.004281403061857261,0.0038408076547760367,0.008455082097832812,0.009243088472789726
859,0.1094985388629713,0.11216844322406266,0.002085723540513993,0.004100071755009273,0.003791318644527788,0.02195881715196899,0.11018644759124627,0.006948587523751965,0.004029249708099809,0.03482445133084088,0.07831746907145543,0.004991169274499976,0.004937992182811446,0.1713719502098044,0.006013834111409925,0.15051038930709573,0.15495599904594887,0.013118988324349434,0.003521141911494458,0.002669417228137412
860,0.007747394527180949,0.01877031420204274,0.01071663471084999,0.018833980811596086,0.015401984464593803,0.008239806775309428,0.011096279774632973,0.02798814646072658,0.014945745360037023,0.006318689343462485,0.04057455740870312,0.05069376901610172,0.01714848172568165,0.016381584030742937,0.007306130703894502,0.022195200172795762,0.6639724091606202,0.009205009122322912,0.01766524763330687,0.014798634595398277
861,0.0076289259418662325,0.03457497424343058,0.011650542293719257,0.008968441555212215,0.013945553843887836,0.012865524042560892,0.01656507277808032,0.014288810784634433,0.011315478822449935,0.010972778343779558,0.010578237099122718,0.013014157506391587,0.006183002839778568,0.009762740958081953,0.010251113197751596,0.02209646393826009,0.005945174454339132,0.014958772068424608,0.7508900375647496,0.013544197723478953
862,0.524546680100229,0.03520428665137392,0.03008665583908175,0.0161932863480309,0.01928841927827375,0.01795865317950203,0.014355044086660312,0.01838133630274704,0.018864806157037894,0.006242988777323453,0.014446629676500695,0.01471863120037222,0.020267209993472653,0.012592026345412602,0.007300824061819794,0.14410159955790144,0.021517846328071123,0.020667960444525336,0.017394409703800875,0.025870705967863256
863,0.1195050944497294,0.05915596093750255,0.04627586778628033,0.10723668410238901,0.06446399141620403,0.008705470235257803,0.03220934142406636,0.004379185927072423,0.025936289713358412,0.006788148924253721,0.10329656014899546,0.024808570444263347,0.0014291039262801987,0.16919582774616876,0.025629929096401882,0.0658821994527156,0.04281928358101429,0.06104821567800825,0.025276460802296716,0.005957814207741458
864,0.01078950357256078,0.03864880261375948,0.00442221117147468,0.008709876870796475,0.0077300876042215375,0.006751415553781215,0.232143605502606,0.012318909196925415,0.1961672315295364,0.003695129588253994,0.00938449743207141,0.2705297239939246,0.0028807849561593287,0.013742614245370504,0.1091685668183543,0.0032255148197527644,0.013246823792458945,0.006403978791665685,0.010751804758821077,0.039288917187505434
865,0.02203909076351387,0.013279896275855354,0.00938961796550343,0.011759464413664792,0.02348695809253349,0.00673092733193736,0.009139883595615315,0.4309225966055337,0.012177989225303906,0.26224581486313,0.10847148678808857,0.01542925973443058,0.006472176008408705,0.011835698001803851,0.0048454390014024155,0.010061263297517392,0.007378243344184373,0.012531472089548789,0.010388201826850449,0.011414520775173681
866,0.023676483314480083,0.04238677670956309,0.007981405889458722,0.0030376653614018353,0.05306893117668997,0.02348697244230408,0.1393206348161872,0.05684023716039096,0.14738788712571313,0.039810786700731925,0.023505482939288877,0.01241335715843722,0.07661049757722695,0.03974744743821389,0.03139242856133032,0.044426318638715386,0.060441746885377755,0.08758761695280046,0.03523841126507317,0.05163891188661496
867,0.07206470013538545,0.09361759883277923,0.0498308376031174,0.01898355662771101,0.0366783136174904,0.02919220148012655,0.03941772196139492,0.05586139662001393,0.01137638741855261,0.028606849853486393,0.08925024709929125,0.09862967211749267,0.039349666263010195,0.050778926691399946,0.041383372447130876,0.06333273974617941,0.07014133715883586,0.043426912579746194,0.03951761853528318,0.02855994321157251
868,0.010682316376801119,0.013284303706611024,0.014373731974282506,0.021545111844246543,0.02133691519652414,0.009963531497378275,0.019195228091833577,0.024303210438740296,0.020618491957551582,0.01615506232407302,0.02615831647994379,0.017416652600479175,0.02102966606369475,0.01874926183186834,0.007712408252347496,0.033992402271886206,0.6225502225761448,0.052353320222311005,0.01590923592305549,0.012670610370226995
869,0.011535689511036458,0.06969989528395916,0.012228457851537089,0.017042241458820433,0.010721465873565197,0.018757117815107433,0.011949591360793406,0.05283504156549857,0.013859246304995665,0.010048945843956578,0.016783896358135764,0.010847190096023446,0.0034109771680000925,0.024101768241490497,0.006438449180049547,0.016178925466201956,0.10846774709026666,0.5599145094998201,0.014027807535866429,0.011151036494875496
870,0.06956795248158618,0.10437346401755825,0.0032262596051264294,0.04689343674546612,0.04876363499570818,0.07906714976963872,0.061013668030170956,0.029657947737872052,0.03844987746089145,0.027744432343443252,0.08368746269332715,0.07480586985745115,0.0007533553715678385,0.03441706782633791,0.09816284944608054,0.04082562989448468,0.04307783465245661,0.056873465290260834,0.026794435859379125,0.03184420592119255
871,0.01921823826841135,0.02481230460088164,0.003589172088877887,0.0024807967736406363,0.13141288878659377,0.011327650633355998,0.07032444876313326,0.044378459792356946,0.1890021729362491,0.1314357763970533,0.11830578265031236,0.003362832335796321,0.0005986841831637558,0.02610928817173741,0.16594866698289842,0.037591324591885654,0.009620114178045524,0.0019266963790258568,0.005654765647874659,0.0028999358387060974
872,0.008796398876083774,0.050574643247102084,0.014451545440175594,0.011594209706216156,0.01707668268870434,0.0196373737333063,0.012120094868691972,0.08945245863504835,0.010784061781679037,0.09819327730910837,0.17073224412471769,0.01347525258011109,0.0032289569901864388,0.012587837581246219,0.003585571422867611,0.011499295054006311,0.05569946725339688,0.3775671427570831,0.008366816893352735,0.01057666905691599
873,0.0049954008140241654,0.009438159165160573,0.00896913907649234,0.015099071016971706,0.010342281508403505,0.0073947840510123425,0.05204256198670889,0.008451882160339442,0.1060568501135976,0.009762018602015247,0.00755020993491722,0.006818810802649332,0.004268767059914986,0.2714760721031837,0.4280734203769472,0.01965550719056099,0.003715552999283043,0.005111854777036365,0.012029678213036337,0.008747978047745051
874,0.017253865388580657,0.04800233387970152,0.021955980133900585,0.013493116713810543,0.026434811131193812,0.006667095040742846,0.030169831581219476,0.030465501585040015,0.04518584883305342,0.006322393000821804,0.021987782867372782,0.018542356213778855,0.007587037609303719,0.01379965989465465,0.5588915637546572,0.019787315955845434,0.028846177639815562,0.01701463906093832,0.053933843191802215,0.01365884652376659
875,0.01841621440976036,0.010400146370460304,0.008896323341650206,0.013636779954236724,0.01255822431393307,0.004114555295882012,0.011792739806271487,0.47802152206063886,0.014427330622823175,0.13675362643575917,0.031049510251203553,0.01620133678490522,0.010113383157957578,0.013757141693181074,0.006264975567692746,0.016134778765479085,0.006736791311684493,0.16195863744116268,0.011899481336024234,0.016866501079293987
876,0.005662410830466373,0.04539620121067766,0.009626654646410986,0.009215748485658017,0.01035126009544184,0.007280890269978304,0.008567318975171241,0.613354743652196,0.013382490656617379,0.08583748310307446,0.018516513767655788,0.008401349316823969,0.008107207192597419,0.011170082359283712,0.0814455139200453,0.003949068137927702,0.014897797790755582,0.023625041045439683,0.014155277767894842,0.007056946775883675
877,0.0709310644332021,0.052285470056812576,0.03638769319449551,0.005625356892624919,0.004774243353422781,0.404544450871558,0.009981531633197071,0.008174780190716754,0.009120630058326605,0.0019588977228958307,0.007382776007891977,0.12814880363243136,0.0020187129443082798,0.008233713266180916,0.004954847179053095,0.21172496568300986,0.008665893617189451,0.012337875287148132,0.005534558922176431,0.0072137350533584
878,0.054850085992673596,0.03074094757514535,0.052575984777578695,0.07142873021588923,0.04929488902249764,0.025265699607497853,0.0903693093835056,0.06144246247591242,0.012235895442970816,0.051910608963258525,0.05686493083257369,0.04109223178876523,0.05085617433652167,0.04915191383397746,0.024472829178349993,0.0703578714270097,0.06665755021765493,0.056645704119219854,0.040236420303219306,0.043549760505778454
879,0.0425098723742567,0.05992485878400021,0.11409225039107121,0.1235629273433081,0.0021809997162186355,0.00850029819384307,0.07883458859760588,0.0017832712029409105,0.04245370189362841,0.0013275940940388536,0.011717614913760034,0.09614871614862067,0.005495641255084293,0.09927685429082772,0.07082462058525327,0.09282708323722749,0.09620583099792598,0.006409080279479342,0.004137204816102404,0.041786990884806835
880,0.05720337287046855,0.03939365069131245,0.021765345675190378,0.08520582146465022,0.06458192558819084,0.0038222079375771203,0.0813760179250803,0.0037500023953393026,0.030552949650652157,0.07807326549927834,0.0556717768845273,0.13492711690051357,0.010261611800789836,0.07313091190642709,0.026297232356392364,0.03450713813647578,0.0025161849234555185,0.004946983857803595,0.0939066092627027,0.09810987427317258
881,0.050756853293700624,0.05855535290451809,0.053491568219164586,0.01961182097249411,0.05835627028223953,0.036123765555172924,0.05168788832609414,0.03620364529956918,0.05563883933547176,0.0388725005526855,0.05642359731593149,0.048648806556131116,0.028138975577240138,0.05942007270601074,0.0364976814667268,0.07616036919045657,0.05988278139963719,0.062433302285678664,0.035013241976431755,0.07808266678464512
882,0.004493164716714397,0.014206493808798232,0.02621343539372068,0.007854212140029817,0.31968630410024396,0.00441256300586455,0.013729519485507716,0.006777912149267987,0.007826834069947086,0.002693933924498003,0.007773933079409166,0.009321196502021598,0.005204063151298113,0.006760082618567094,0.002689646426395961,0.007406517003350369,0.0031879979873198415,0.004076471469430187,0.03711534411698178,0.5085703748506335
883,0.04852185108042876,0.08001221617941423,0.05343259095828763,0.0970365854213376,0.051175578939224954,0.05028493000755326,0.03195344380611024,0.03591918513698565,0.04658103775431211,0.044079446816670836,0.044299328420140845,0.043902345346950526,0.008237111588604795,0.07072438489447713,0.03886662227965796,0.06101820047867019,0.03483042284589532,0.033651849513058496,0.0414673361303803,0.08400553240183917
884,0.010775633918889431,0.12990806461017707,0.17749524437945208,0.06383956353969389,0.04028081137704158,0.0026965998792123458,0.01170575578404979,0.007426322765168464,0.006170034652444112,0.015483798584346078,0.1345418799202087,0.09039785158532125,0.0050570641699508034,0.015892213403845834,0.0023623411951870167,0.08930816251895506,0.051484545575884895,0.008544375649637873,0.05188654013210931,0.08474319635842437
885,0.08553413623527471,0.04391118120781807,0.03203385241050106,0.02161787996367911,0.15010657459340188,0.014649038508111034,0.06080808768256729,0.047490278189412684,0.012699429231342261,0.04752987913391916,0.042857251148964375,0.017256854360324734,0.001966414067205815,0.07027178817561894,0.015030759367730594,0.02988734403942676,0.026875113833227392,0.05681028822329921,0.08694177387643695,0.13572207575173798
