site,A,C,D,E,F,G,H,I,K,L,M,N,P,Q,R,S,T,V,W,Y
790,0.07979319461532898,0.013395827378916394,0.013395827378916394,0.02138815798113169,0.016074992854699672,0.0019235905391418976,0.0571520673142798,0.05299355654767323,0.04018748213674919,0.17054663889820573,0.10716661903133115,0.053583309515665575,0.04018748213674919,0.0571520673142798,0.020093741068374592,0.04018748213674918,0.08037496427349837,0.05715719049565482,0.02009374106837459,0.0571520673142798
791,0.05408859756632042,0.04308162154208918,0.004824244078931861,0.002339027432209387,0.003562518704441989,0.007392171455636588,0.003562518704441989,0.004210249377976896,0.0032614607857567508,0.0028503838240636595,0.002105124688988448,0.003562518704441989,0.1662843214545346,0.6188006703025372,0.0006616106165392265,0.0019511057163757331,0.06975666191805843,0.0011132870951381217,0.0017676619525857195,0.004824244078931861
792,0.06635671886023263,0.049531292131056205,0.013311534760221353,0.04669883601808026,0.011832475342418982,0.05632649419201102,0.06563079656595064,0.0008136490961723152,0.09757241205440882,0.02358191577015432,0.05220209709890729,0.1602602441824579,0.0004959731589134905,0.05884258008121873,0.07995884852604343,0.10101735374589808,0.06754829068012519,0.019659662534890553,0.004693874516000918,0.023664950684837965
793,0.06301004393298287,0.0047805898651102135,0.006179786898801007,0.0026518012258932074,0.004187954757865145,0.36302734160135813,0.007344094575386704,0.0076779170560861,0.008736940098304872,0.0017062037902413555,0.00649669904745747,0.024130596461984892,0.0029984764834419084,0.007038090634745593,0.011443329393689635,0.016584300841145976,0.003402601397066121,0.19914588100065383,0.2524192603030393,0.0070380906347455915
794,0.0012169359993597767,0.0016662662145080023,0.0026416415595858574,0.0019340589989825028,0.00235450660745696,0.00040006378732396463,0.007220486929534676,0.8810013645911517,0.0011673421303002882,0.0016165269245226887,0.0027771103575133372,0.0030085362206394486,0.00235450660745696,0.004512804330959173,0.07782489292445394,0.0005749797353786111,0.0013721998714377646,0.0009500640696756155,0.002123672626333729,0.003282039513424853
795,0.0022535215458107816,0.007061432698581287,0.010117873717370203,0.012325409801160064,0.012553658130811177,0.0024831411687318817,0.012570133930635096,0.00540218250268436,0.012790519604977426,0.003987632582728258,0.007975265165456514,0.3569896940881247,0.006403811710998419,0.018321555109832532,0.002824573079432515,0.003244627695790293,0.48820009840834305,0.017839408922731673,0.007616826281615772,0.009038633854184047
796,0.0022264125521049244,0.009817490807979976,0.009938694398201954,0.013644648241599291,0.013879900797488935,0.013306351177757986,0.012015436511259076,0.005198328383192018,0.014375611540256399,0.004522664304799765,0.011500489232205117,0.23230728533805947,0.004076108883494846,0.023677477831010534,0.004328141108894399,0.024962415058405785,0.5783839162963141,0.004259440456372266,0.007124196869507595,0.010454990211095562
797,0.0027476495703931954,0.18484974726475173,0.008471919508712353,0.004663441931401295,0.00591551816252114,0.001563861669786656,0.012707879263068529,0.008198631782624857,0.005647946339141568,0.3512801785267367,0.004935098742939235,0.008917810009170898,0.0048410968621213435,0.008471919508712353,0.0008356451692382009,0.002622097769765517,0.004235959754356176,0.0024804440298939728,0.3655628243406917,0.011050329793972634
798,0.005429967822554507,0.012818780203243446,0.015306006212827999,0.01192444670069158,0.01831254314749064,0.004640282426513465,0.032046950508108615,0.01831254314749064,0.022293530788249475,0.013730071563381931,0.01602347525405431,0.018645498477445017,0.002970687585940746,0.019721200312682225,0.005232155184997325,0.7366925812533691,0.009773216355756271,0.007121544557357471,0.012981043243790832,0.01602347525405431
799,0.0018579347649685894,0.05096049641056704,0.004605584769499601,0.003174723481888075,0.04619430903660928,0.0009761090108491692,0.006169745634612673,0.23625623673341517,0.004302585771506206,0.48287353486003026,0.04302585771506207,0.003721775147051108,0.0032699651863447167,0.0051093206036636205,0.0010123731227073428,0.0015173058619868693,0.02439912053264066,0.059381232528560805,0.0036741181869041763,0.017517670641132414
800,0.0010066701252099677,0.0025340316944940573,0.002881839966287359,0.0016701572531892645,0.0034179962390850074,0.0009737917047930151,0.10547656347817069,0.0024094071849287755,0.001959651177075404,0.0007204599915718397,0.005068063388988114,0.8470899626548004,0.0011152265449993622,0.005592141114520271,0.0007145649597900501,0.0008398505044608875,0.0013865456441571253,0.0011219376967988954,0.0017707691359115094,0.012250369540768098
801,0.038908520182967074,0.05920861766973248,0.0038908520182967064,0.0016094594910552472,0.0058952303307525855,0.13878981436280174,0.0028609206016887547,0.004323168909218562,0.003354182774393712,0.0015563408073186826,0.004052970852392402,0.07591906377164305,0.0019072804011258365,0.0030397281392943016,0.0018465669691051048,0.19859557176722775,0.014334717962145761,0.43054344742509487,0.003087977792298973,0.0062755677714463
802,0.02741170798669617,0.039028335092871014,0.004121340711286486,0.00032699546343748463,0.003151613485101431,0.055672635977043146,0.08851923092937064,0.004286194339737945,0.07683298593200391,0.00074413096176006,0.00912831386292376,0.39014953404993225,0.0010505378283671438,0.021865859459320954,0.04608949092780895,0.07594626047982135,0.08194118237262281,0.0169191881831761,0.0055664861555038275,0.05124797580121457
803,0.10441244030128113,0.0775534742013966,0.0043368719125781,0.006468534745358885,0.05150035396186493,0.1177859144868896,0.0031692525514993805,0.0036622473928437285,0.004454084666972102,0.00818161651592748,0.0117715094769977,0.0296642038820342,0.0019388368550349155,0.020283216329596034,0.004437816022579284,0.12038664302007578,0.0045150995254237755,0.41452704635931964,0.006103745654739547,0.004847092137587288
804,0.004670012447498264,0.008611985140233739,0.3915100128487338,0.4275325890094947,0.014517704696886903,0.0011755228412384773,0.011651509307375057,0.01381923196921228,0.004745629705364552,0.004910966732860561,0.01381923196921228,0.011884539493522561,0.005167191084140243,0.0436264517971375,0.0036680677449143703,0.004337423172818452,0.007246670422879608,0.005479294308591255,0.011884539493522561,0.009741425814362752
805,0.0014399888072947628,0.40475831581696303,0.003972382916675209,0.0037161001478574532,0.002351002134358797,0.0006438285507270136,0.0031134893130697577,0.003438779241300926,0.0035999720182369075,0.3916602766189973,0.0027428358234185962,0.0029538231944507957,0.001220428416046163,0.0024510447783740647,0.000514931828382783,0.001047264587123464,0.001814159127300489,0.001091934640602664,0.16487860892750072,0.0025908331113189574
806,0.01943232081196563,0.03899381918839752,0.004357263886582298,0.0022467141915189976,0.020299723518665765,0.01632207499135964,0.004874227398549688,0.6353723215234534,0.008378278778376883,0.018866749467952224,0.10340076599916401,0.0029344838419839967,0.000876766513763511,0.07885242065718288,0.0056964952518702375,0.019526997417646595,0.012142287577064018,0.0030216319946035916,0.0016916436265554807,0.002713013363343695
807,0.021959210992804654,0.12133166927776229,0.0027892337765002824,0.0037622223031864264,0.003555506792022338,0.1644132304844635,0.0028888492685181497,0.006567210200133139,0.00431401490765377,0.0014253353219120387,0.00404438897592541,0.12412287361566525,0.001013079456970509,0.003335578536845698,0.0010079474083303202,0.2394198925261094,0.2337106244375079,0.054552408346949126,0.0024511448338941874,0.003335578536845698
808,0.04199295954453365,0.07943233502288066,0.0438725106231027,0.06556914447643453,0.002068550391220851,0.036105606828582125,0.058110665969983974,0.02930416344333907,0.033096806259533616,0.020094489514716835,0.09506529457525614,0.10884185713796775,0.010233009730960302,0.11393982482790263,0.05562342832099628,0.07134978036566088,0.07089848515651845,0.06126430094849839,0.001481946548934341,0.001654840312976681
809,0.06177099358900211,0.04035499302049053,0.43426199032559404,0.07498245047734961,0.0017248505081338698,0.03293401467362507,0.030785968160328768,0.0020177496510245274,0.026271802028641073,0.008801706296650199,0.04088910322223232,0.05431910171646979,0.0006811511560783436,0.06827502085450492,0.01640889531018358,0.043728801141434376,0.04067610637990183,0.01826376873582381,0.001038977981271815,0.0018125547712593215
810,0.014138328182967869,0.04773628897690223,0.14821115249745154,0.1931015766825217,0.0018394622632076992,0.0038378962383086015,0.016648062503374732,0.0021239151905078587,0.004905232701887198,0.0011136203971852017,0.0021239151905078587,0.06443151979646008,0.004430532762994889,0.031695349766040354,0.0012562181309711117,0.03557512400015321,0.012486046877531047,0.0009167957078811887,0.0033773733357256117,0.41005158879742015
811,0.0034243665752422617,0.007675304392784379,0.01436024692843529,0.004838778856320587,0.011129191369537349,0.0024731536376749667,0.010117446699579407,0.3637842019312267,0.005120851135375994,0.1392564282693688,0.32179156091702904,0.009274326141281125,0.0029095925149117256,0.013222801627173089,0.0018355423729491584,0.027650164893260498,0.04156735499517916,0.0066433815321974045,0.004364388772367589,0.008560916438105654
812,0.002505418625089407,0.005107199504989945,0.004618684769730036,0.006809599339986594,0.005654758244298565,0.0024944593169039264,0.0030296972086928564,0.4376735933518027,0.005836799434274223,0.3870662080077418,0.1092081539010934,0.004023854155446624,0.0006913996175079436,0.004918043967768094,0.00141222259662665,0.0019672175871072377,0.0027099425944844607,0.00239256193026556,0.006723401879986763,0.005156783966203439
813,0.060743520889629525,0.05887521409566058,0.05428914478715648,0.10196956198175879,0.040450735331606785,0.055699076526571155,0.039443844733525676,0.10234249858882297,0.01931766357191465,0.033771415505411295,0.04100619577545638,0.05242816937483079,0.001345192685127769,0.06559029875556725,0.028309616583836836,0.05350176535194452,0.03668243807410477,0.033780346621844724,0.05932774515302331,0.06112555561220583
814,0.014352469103973307,0.09356659647940105,0.0054934933539042274,0.00550228077914385,0.004834274151435721,0.001495570044996426,0.0052546458167779565,0.20961110578490824,0.004476179769847889,0.09651221838863275,0.06393355673690108,0.004770665281022092,0.0019493040933208554,0.008632632413278074,0.0013586677212719198,0.0016791216055026894,0.20578329158138547,0.2606309641895737,0.004120120015428171,0.00604284268929465
815,0.001076505310780153,0.6672996427431586,0.002719592364076176,0.001913787219164717,0.002672702840557622,0.0004935527026955405,0.002279658305181501,0.002672702840557622,0.0022466197790194506,0.19118340356476865,0.002153010621560306,0.002627402792412578,0.0009568936095823588,0.002985138749256645,0.0002570962846969766,0.0008158777092228531,0.0010066023685217018,0.0008289666564296369,0.1110426870249222,0.0027681565134346797
816,0.010163075313784145,0.01584244093031058,0.005453315399533338,0.013990727055339214,0.01381135875975794,0.006614517221484797,0.015627912174080136,0.016110898167209346,0.010575426108969168,0.004941678822298713,0.018279701744003705,0.7822841072990588,0.007429558505249099,0.01923724970109142,0.005154478388809184,0.0029154144459209315,0.009823221876213878,0.00883021297755016,0.018899754092300342,0.014014951017035104
817,0.0027164231024452215,0.002222527992909727,0.002125896341044087,0.002009408870301945,0.003120996756000894,0.0005873370951313044,0.011734947802563362,0.6364111629394087,0.10933131534274979,0.0008836557080243494,0.010477631966574426,0.014881274387308607,0.0011465873472733543,0.059872182666139584,0.1062978166047028,0.0029581977885949594,0.02708885690839493,0.001397017595543257,0.002291981992688156,0.0024447807922007
818,0.00820430683746858,0.16455091096128296,0.0040788875515516965,0.003386367247095487,0.0336179280458535,0.001315432505414051,0.0036760344600404193,0.07969926283644528,0.0036760344600404184,0.10952505460961452,0.13956484154009016,0.004378805753871675,0.002142149577433625,0.0035874553164249863,0.0012257045778257462,0.0015348391302230611,0.21173958489832806,0.21379917252521796,0.003201707432938429,0.0070955197328395605
819,0.0009213788130205201,0.6637856687227013,0.001667695651567141,0.001738475408015998,0.0021110071538824574,0.0003927287277638126,0.0015585940668851788,0.0022235942020895215,0.0014758368597939302,0.19319641068107543,0.0018326325841397154,0.002009271869358001,0.000709657724071124,0.0017554691069127802,0.00028472076465264207,0.0007548571895479252,0.0009369076694197424,0.0008174978684152653,0.11971658778280504,0.0021110071538824574
820,0.010496759280510274,0.013473452210804234,0.015045354968731394,0.01556416031248075,0.020516393139179172,0.008597345696417938,0.011573349975947222,0.649662408025172,0.011008796318583945,0.004731516474340455,0.010903879678036093,0.015318622140021396,0.0037770765611877975,0.012366045179779227,0.006020965146905918,0.007052510141592839,0.00518365460756736,0.14645737987483953,0.016413114511343335,0.015837215756559362
821,0.035653648184667396,0.024152616517260708,0.29762884881239565,0.0661771524318146,0.06172335332188847,0.017397766518358598,0.04098025917272923,0.025802385405051743,0.01465590906491901,0.048728963148859335,0.044440814391759696,0.03144397244699979,0.0009258502998283273,0.06424267386563902,0.008977942301365598,0.03257621425321892,0.04711916704483451,0.035950969860007086,0.03798360204423907,0.06343789091416316
822,0.01090671890962507,0.006173683642702355,0.7755835909066165,0.04056351047601148,0.004484043908910133,0.018720875536502417,0.007834191656946437,0.001014248027015387,0.005183246897935502,0.01208260966672405,0.017895225462956414,0.01395035882772041,0.0004369068424066282,0.018932629837620556,0.002198627981143032,0.023312566591099933,0.019510725405181485,0.0003903466014992742,0.0009466314918810277,0.019879261329501585
823,0.004590610942040705,0.010548637909370131,0.001442597825934961,0.010118081260008084,0.011267863221372642,0.003760004737468972,0.005022366313791688,0.007635828609826196,0.5344674943777906,0.002986662540604796,0.009915719634807921,0.35707781390396287,0.0038137383210799696,0.009534345802699925,0.0032617498798710276,0.0008508575267289161,0.003977599531984934,0.0052743189546850654,0.006438778983641508,0.008014929722329365
824,0.04573181789505622,0.034416993453354444,0.045418840017784595,0.06462533755379289,0.018547913789432328,0.019436470101050266,0.04174908155651172,0.032478614598034104,0.021023657064804382,0.021985523727900008,0.01954678859330986,0.043514031832330435,0.055125619874742224,0.04452713291665965,0.024236758803298862,0.037248659266821055,0.03489536500782211,0.028931814333782946,0.02380300833177985,0.3427565712817321
825,0.014357675598035937,0.006082914322011331,0.002905720061507273,0.0046491520984116375,0.05578982518093963,0.0035220849230391178,0.049768806321369354,0.0019371467076715154,0.03576270844932028,0.013056355833135802,0.03187990010339408,0.5743899361623078,0.000731849918470028,0.03970856225366427,0.03384752048398766,0.014135935434359703,0.009571783732023954,0.0010106852387851385,0.07276933719252995,0.03412209998503546
826,0.002203083096832339,0.0372688223880804,0.004331485410721209,0.0042592939872091885,0.004914569985241372,0.001419764662403063,0.005943200912384913,0.5762282979454514,0.004585975606744049,0.08191527284383866,0.18431828918655419,0.004189469495615596,0.0047325488746768766,0.0174243844931285,0.002763713253902758,0.0018791002884746423,0.001316872699166781,0.04989424734528495,0.0047325488746768766,0.005679058649612252
827,0.03392128244639882,0.06056864017348023,0.27580013876116266,0.03599582947261126,0.022001429122845383,0.02051425955873936,0.0548001982521964,0.07664550145409534,0.025107249702270306,0.03451948362377464,0.02038367698145969,0.042061555676027935,0.05716317446091506,0.042398048121436153,0.0321633984046569,0.03965803820882633,0.030528548474536395,0.04093016406702698,0.026366945349151835,0.02847243768838814
828,0.0006928240677818201,0.009559196486848774,0.04788437732375577,0.05546791845291467,0.002909320669910497,0.0001335461327214086,0.0011564739275737304,0.010294519293529451,0.005353150032635314,0.004073048937874695,0.001486986120176476,0.03203946361619359,0.0006195775500735315,0.0029093206699104973,0.0007118550575312916,0.005377048023852435,0.007821160761967177,0.011162776385121885,0.001486986120176476,0.7988604503694504
829,0.0024465370948712557,0.003295335678806181,0.005382381608716762,0.0006808188212210368,0.0057668374379108165,0.0013142989717340866,0.005567980974534581,0.00489307418974251,0.11592941879236228,0.0011135961949069162,0.0036997671667312795,0.8320954234572464,0.001537823316776218,0.002218434712709907,0.00030578251324724694,0.001356902926567251,0.005194768095732393,0.0016646541057886897,0.002306734975164327,0.0032294289652300572
830,0.06141570943236593,0.027598490149335637,0.005256855266540122,0.012265995621926953,0.009540218817054294,0.004446579741569724,0.021465492338372163,0.0032951235907490144,0.028620656451162893,0.0027998468267441956,0.030304224477701883,0.3279940599800431,0.003642541152440274,0.0669576108963254,0.09394309588087583,0.09419018357992943,0.1848371375470229,0.004088665207308984,0.006604766873345282,0.010732746169186081
831,0.034491408948961896,0.007960007241600672,0.004184106370584968,0.002529924782214167,0.04351470625408366,0.0010072848669926773,0.2406694720732743,0.04615196117857358,0.028628096219791888,0.05558940761181186,0.031081933038631188,0.0072524510423472785,0.07770433278103826,0.015230147188929285,0.03655235325343028,0.011303114912203854,0.22451417751309866,0.027450866094865866,0.06066954237348203,0.043514706254083664
832,0.0012354320181197085,0.01765459233976413,0.007478681477261195,0.004734809679691984,0.0035897671090853733,0.001458022576580581,0.005728351769817085,0.4676355622510432,0.005079859116630245,0.2403344514203731,0.017558643468352363,0.007918603917100088,0.0016317123223115332,0.006730813329535073,0.0020710194860107927,0.0017948835545426867,0.003094626818177046,0.19407482597688305,0.004342460212603274,0.005852881156117456
833,0.051482068924713784,0.0436595260749367,0.0788296998575246,0.0879959440270042,0.02288604189412004,0.03465788528218753,0.05091084782465131,0.051249319083999656,0.10990288987155009,0.06411482255078665,0.04037618773190284,0.03598747167408732,0.021190161797610154,0.0802629671276614,0.030904825512324978,0.03522936131361764,0.05638196437435134,0.0358899446505803,0.013513662832718503,0.054574407593670875
834,0.11350113923778485,0.1033243580327152,0.021682270450771556,0.02088259885623939,0.006662781023935009,0.016085293832931852,0.06905063970259918,0.011014037841701223,0.11502468809898313,0.039299115192023434,0.03580001744203884,0.05525267777676684,0.0007916175473982188,0.11117848010276787,0.08644866442213874,0.05974537709374689,0.05814413278238651,0.06834723760036555,0.001950082250907807,0.0058147907117978275
835,0.0008933599709134315,0.7004577554930836,0.0013613104318680863,0.001905834604615321,0.001994478074597429,0.0005533068206947707,0.0017502562695446825,0.001715251144153789,0.0020419656478021294,0.2162085927641247,0.0018247352597380734,0.0012612140765836683,0.0007457613670233864,0.0018247352597380734,0.0004412924600957174,0.0005794767378897934,0.0008491342297791032,0.0007146879767307452,0.061126595141478675,0.0017502562695446825
836,0.04176397484404676,0.010412839050680626,0.006283609771962446,0.004338682937783593,0.004555617084672774,0.0019181545619674834,0.0198070308029251,0.07667444442681456,0.14780326926970158,0.029954742474560703,0.0715882684734293,0.010412839050680626,0.02173394321790349,0.12148312225794063,0.03945031797373277,0.10341214499304699,0.13073455220094515,0.09834347992309479,0.055091183349531204,0.0042377833345793245
837,0.0025094714754470547,0.0034587477432141685,0.0667037475960842,0.15670569838087373,0.00406026908986011,0.00019069539120076186,0.0022777119284581107,0.0030124577118316944,0.004244826775762843,0.0011529159144047225,0.0023346547266695633,0.001371101296906387,0.0009066620297745877,0.0033352210380993767,0.0009432948390584095,0.0019869401929102667,0.0017620035672977837,0.0012868684276054804,0.0030124577118316944,0.7387442541627091
838,0.0055163936656387885,0.017083025545203995,0.0230249474739706,0.018261165237976683,0.020478826552976444,0.006235430480720646,0.009290768278970593,0.3812116356781626,0.029420766216740214,0.03683455277789951,0.013627883598537581,0.015705429389809678,0.004450199931943896,0.014710383108370102,0.004305477982937592,0.005364448240854764,0.0014473759983269965,0.3596394448343732,0.018261165237976683,0.015130679768609247
839,0.0018010355157784803,0.0037330554327044863,0.005007757287774311,0.0036020710315569607,0.004368469123377591,0.011486324408321496,0.300732593059027,0.004666319290880608,0.005703279133298521,0.00082268081246948,0.004666319290880608,0.0032590166475991544,0.14800204816628063,0.004025844094093073,0.0013419480313643577,0.0007450615131498853,0.4838456746469142,0.0018665277163522431,0.005549136454020182,0.004774838344156901
840,0.004874120365006637,0.003466199304246556,0.009610157920012746,0.008377394377355157,0.4983581921410791,0.005361532401507301,0.0028540574865264776,0.009748240730013274,0.010310639233667887,0.0032892836819063192,0.007659332002153287,0.011744755472156716,0.004323816452828469,0.008935887335845502,0.0031004046035905918,0.0035305717144422286,0.004787082501345805,0.005158787525080268,0.007770336813778697,0.386739207937457
841,0.0031229491477604925,0.005614999477791593,0.001684499843337478,0.0019301560704908603,0.0021056248041718476,0.0038279935210162657,0.0014705951013263697,0.8616513916864176,0.0028952341057362904,0.0664004340031553,0.006617677955968663,0.005672295390830284,0.00028063521045631356,0.008021776032491174,0.0006790466543971197,0.004908476364691988,0.0032726181397048516,0.015973705410958845,0.0014943143771542144,0.0023755767021425974
842,0.02450979040898751,0.01062387321409206,0.0031563681288244525,0.0015330683385142887,0.002688758035665275,0.10542795741828374,0.0021042454192163017,0.0036298233481481205,0.0036298233481481205,0.0012201086884531497,0.004033137053497912,0.03370550251851826,0.001356943307718924,0.01512426395061717,0.0006652429937207093,0.005139572882333622,0.001251663223499352,0.7721702484970695,0.004399785876543176,0.0036298233481481205
843,0.011790790249935203,0.020478740960413775,0.08646579516619149,0.016919001795221843,0.012352256452313071,0.008743732095457568,0.016917220793385295,0.019487635290630183,0.5642691071896563,0.005406642399430455,0.05558515403540882,0.08522374533606286,0.005480226454195236,0.021109113698648086,0.010514692704194566,0.008843092687451403,0.007881987861280521,0.010106391642801605,0.019454803912393088,0.012969869274928726
844,0.002360541727235617,0.004972204914815449,0.004868617312423459,0.008346201107011645,0.00409988826309344,0.0026167113570043326,0.0037094227142273977,0.00409988826309344,0.0014105732721821263,0.0012235268638551104,0.659831699638679,0.004769257775435225,0.001719217802661578,0.004029200534419414,0.16821193002663118,0.11221131468601338,0.0019474469249693839,0.0024861024574077246,0.0032552112277537794,0.003831043131087313
845,0.0036377144560308734,0.005803927958716768,0.6851538919078709,0.21232908693510044,0.006166673456136565,0.002878186933588696,0.004698417871342145,0.019733355059637008,0.00962812559866608,0.0026909120535868647,0.00800000880796095,0.006297879274352236,0.002529917315338078,0.006444598828599907,0.002619471910571284,0.0022255663601094375,0.003051549751490259,0.00231341035725295,0.006577785019879004,0.007219520143769638
846,0.0012232634057333896,0.0030454720232501726,0.11999102302435381,0.11453449641820279,0.00398811812568475,0.0003849552647246775,0.0018406699041621918,0.0036413252451904235,0.00452705300753404,0.001066885103686366,0.004785741750821699,0.0012815169708755157,0.0008170778598963876,0.0036413252451904235,0.0011795842343574608,0.000930560895993108,0.0014194996718538938,0.0014574223723864226,0.0032211723322838363,0.7270228371438187
847,0.00473002442722186,0.012263026292797413,0.013795904579397092,0.013244068396221208,0.17581163226667898,0.06286741327320193,0.07790628468365417,0.07435184941218206,0.01003338514865243,0.23709280091665655,0.07790628468365417,0.0473002442722186,0.0035602334398444103,0.11588559846693558,0.003989177227777471,0.020773107353360937,0.008075651461110493,0.022496554504412312,0.007883374045369767,0.01003338514865243
848,0.0038588016258564997,0.25985615870404666,0.010290137668950667,0.007717603251712999,0.007123941463119691,0.0015721439734648463,0.00578820243878475,0.012348165202740803,0.006615088501468286,0.5110482848508161,0.00578820243878475,0.006615088501468286,0.003307544250734143,0.006615088501468286,0.0018408820789721856,0.0026460354005873143,0.004874275737924,0.0030870413006852007,0.13239222560694622,0.006615088501468286
849,0.009620370401991096,0.3699255488592041,0.12858828533012537,0.04822060699879702,0.28807297331417736,0.029842660471451118,0.0072444104411338245,0.00791312525108464,0.01353560898211846,0.00304350971195563,0.013188542085141065,0.011181590028706556,0.003754402491390521,0.011430069807122257,0.002856700121688293,0.004131016899946594,0.004358924926444927,0.004434078804487081,0.007484762895610161,0.03117281217742412
850,0.003215161611755499,0.00796483217457612,0.007301096160028112,0.0018470089195358347,0.01168175385604498,0.2516967154309988,0.008357797662726192,0.008985964504649982,0.012516164845762477,0.003215161611755499,0.007787835904029987,0.008547624772715838,0.0027594694148137745,0.014602192320056225,0.006846647539602662,0.002826230771623785,0.0034024525794305767,0.6206932218412875,0.007787835904029987,0.00796483217457612
851,0.12224889755128152,0.006496799067191883,0.00607765074027628,0.00428198120337647,0.007299246155835569,0.0019832333994585748,0.003768143458971293,0.004786921568165818,0.005887724154642645,0.0020704084939402703,0.005887724154642645,0.003623214864395474,0.0003699604883287266,0.007246429728790947,0.0020479040537887457,0.13700481631124814,0.0017629277949521211,0.003489021721269716,0.002770693719831833,0.6708963013696113
852,0.0038583890513432285,0.007343385613846791,0.008755575154971173,0.010347497910420476,0.005751029515462183,0.0023468551961778397,0.013342389542681509,0.6644780955476545,0.010840235906154782,0.1676364407067608,0.05173748955210238,0.007849826001008638,0.000592271578560712,0.006695439824389721,0.0017818519080819955,0.0033507071540393634,0.009485206417885436,0.003993771123320184,0.011382247701462523,0.008431294593675944
853,0.010481350229820963,0.08339509095901028,0.018267496114830823,0.01728006389240753,0.02664009850079495,0.00926612121766781,0.07992029550238487,0.4581605507856603,0.016393906769719968,0.05340706352992448,0.033991754602093895,0.027798363653003432,0.011624770254892343,0.03054846635297202,0.0078105433158083964,0.009133748057415412,0.008244000716334948,0.04930332375666219,0.02459086015457996,0.023742131634015312
854,0.0012213536390309487,0.004084344322539957,0.004169434829259539,0.001286458506636071,0.004169434829259539,0.14367302049644304,0.0037760919208388284,0.004654252832661811,0.003848709073162652,0.0011703676713710988,0.0029870577881262374,0.003848709073162652,0.0016019502844752305,0.007277558974707559,0.0005103033578511708,0.02996001074917035,0.06974327350761411,0.22260756793323827,0.4857039359177758,0.003706164292675146
855,0.0012412756212166398,0.011585239131355304,0.0015822610918630395,0.0024825512424332796,0.3222802885631567,0.001362969309571212,0.05002067708761357,0.002317047826271061,0.003159610672187811,0.0005008204207131549,0.0036716934858116424,0.13788700180845792,0.00033529041334529736,0.04786906161605999,0.00026607628376776457,0.0005560914783050546,0.000716612729774555,0.0024825512424332796,0.2383249192735949,0.17135796070206805
856,0.0029435810629168248,0.0035977101880094522,0.0035977101880094522,0.004260446275274352,0.00809484792302127,0.0012500398497089856,0.003948706303912814,0.8174020117430242,0.0017817699001213135,0.0019760489360118347,0.005782034230729478,0.007709378974305971,0.0016353228127315696,0.004905968438194708,0.11601581576428362,0.001076177497771503,0.0018608845800048895,0.0023128136922917915,0.003372853301258862,0.006475878338417015
857,0.0015285946007027756,0.003954807685513601,0.004137337270998844,0.006559193234510363,0.008149300685300755,0.0014695460252181687,0.6655849500954021,0.010757076904596997,0.008149300685300755,0.002530169845365955,0.008149300685300755,0.005378538452298498,0.1928221314983633,0.004137337270998844,0.0011395208585378172,0.0009831504873066238,0.060659774507153826,0.0035385121396700643,0.005378538452298498,0.004992918615161308
858,0.0023882491509760583,0.009642342779105246,0.006190898284569006,0.00966155338349405,0.008175160555264196,0.002091479175761327,0.025189882280473985,0.008175160555264196,0.01482936100722343,0.13485696252731283,0.010453483988698484,0.008502166977474766,0.0016219554291804677,0.006251593365790269,0.4770282770744668,0.25202286276871466,0.003356118543740039,0.003051016857945491,0.007776372235495213,0.008735103059049417
859,0.14053175201332394,0.06235511990953448,0.001897047298835044,0.004085948028260095,0.003390467512811568,0.015421158687304223,0.06019963428303206,0.023577157082444032,0.007411719679169474,0.01593519731021437,0.09864645953942229,0.05259712235145944,0.0006843119728201921,0.22695584047881076,0.002182903741125256,0.15074444210695093,0.11518030703653419,0.01175010331625687,0.003705859839584737,0.002747447812105925
860,0.0018535302171868784,0.018924790235390745,0.01013828048324504,0.018314313131023295,0.016221248773192067,0.007470311935022662,0.00996041591336355,0.048909145303812344,0.016698344325344772,0.005734784919815376,0.027035414621986772,0.3371416085012617,0.0037500498968229094,0.01774199084567882,0.006104771043674434,0.004905689153162861,0.4080630626433074,0.007777311055640032,0.018314313131023295,0.014940623870045322
861,0.0028589101072675005,0.44479749347795505,0.004764850178779169,0.0034306921287210012,0.00559351977508859,0.0010446205445201278,0.006597484862925004,0.006771102885633556,0.004020342338344923,0.30401932171443663,0.004020342338344923,0.00485475301234104,0.002075015400436089,0.003958490917755001,0.004383253846013025,0.001413746756341072,0.0019492568913187505,0.0025475436599413375,0.18518143894930225,0.005717820214535003
862,0.1996668607117307,0.06945819058791784,0.35493592898747195,0.010685875475064282,0.015435153463981737,0.034303259996097006,0.009261092078389044,0.015435153463981737,0.01389163811758357,0.003430034103107052,0.00868227382348973,0.010290102309321158,0.0030313593959164498,0.007938078924333467,0.003516870409514827,0.2016747062789881,0.002199175998510823,0.0021637329993959803,0.012628761925075968,0.021371750950128564
863,0.09020827196437495,0.04024539075227941,0.031079184509339313,0.07790394243635093,0.06199965602378179,0.0608822651795894,0.027931699391116515,0.0036412496394919477,0.039251639909610794,0.00792852744082924,0.0873899913478067,0.019662748053256515,0.0013654686148094801,0.1820624819745973,0.021539786599811515,0.06324275689643907,0.034863028463220765,0.03253371087845315,0.05345664364360518,0.06281155628123608
864,0.003205590253383179,0.012110007623892012,0.003318162649223454,0.005273712997501359,0.004808385380074769,0.0037155705209668665,0.1577470520457588,0.005474851912784161,0.5647019440222314,0.002302607083416086,0.0056374173421566256,0.11781629105255699,0.0015570009802146872,0.009082505717919008,0.06471285324017294,0.0014781583566604265,0.0029541122284442497,0.0036330022871676033,0.006811879288439257,0.023658895017035962
865,0.00863573107769138,0.017579881122443162,0.011447364451823455,0.017579881122443162,0.011465241124782534,0.007691197991068885,0.010938592698409078,0.3564369380041002,0.015382395982137765,0.25746681296475876,0.13126311238090893,0.014916262770557834,0.007458131385278918,0.014477549159659073,0.005657892775039179,0.004696965788029081,0.0024326623678096685,0.0771057881127151,0.013303693822389422,0.014063904897954529
866,0.02704903866730741,0.014914256909292309,0.004048155446807913,0.01283090665114221,0.06103372827495007,0.03748495683741398,0.15267329113675557,0.04381901843237997,0.12212651458571909,0.024434375391511234,0.005965702763716924,0.030200125158995776,0.05943877021898447,0.04267964728265181,0.10131530058735336,0.041088777785100304,0.04368854149441428,0.058628458195149065,0.0381084978268469,0.07847193635350723
867,0.04029239188105628,0.06293532321449263,0.03736970061084599,0.0443888373999877,0.03263313055566285,0.03417271071476604,0.03947043105326895,0.038065719686185065,0.006878177400491001,0.03270316126173595,0.05168601423412439,0.0605571535538884,0.01972743311769265,0.028096126435041356,0.02804604421323202,0.04923511680045343,0.057281558954089054,0.0354959799733066,0.009833644252264477,0.29113134468741525
868,0.004469009063104881,0.010331046896557002,0.011511737970449232,0.02370063699798371,0.01678795120690513,0.006498561757511663,0.016116433158628925,0.01422211529878684,0.4519094920364909,0.004974207765008927,0.026860721931048204,0.012997123515023325,0.003717864413942131,0.014922623295026782,0.004490723158874417,0.02333196046151565,0.28975174593901043,0.03730655823756695,0.015496570344835503,0.010602916551729555
869,0.049575123895358036,0.13482925325000453,0.0074526322902401685,0.01825812804427145,0.16034154786426585,0.0035112528622808312,0.00995897893323897,0.07366275228288165,0.011864770676756444,0.012616061024577716,0.01622944715046351,0.009323299426862016,0.0026260469562894985,0.013693596033203585,0.0054774384132814345,0.0030234434533449104,0.1283601729173023,0.31693852700474134,0.012519859230357562,0.009737668290278103
870,0.06423282041149221,0.08494746981248831,0.0214949469808845,0.0390318977672899,0.047493358122436664,0.06219368325557182,0.07097563000434097,0.007448881530150229,0.11726481129333553,0.04511869021631482,0.07497794036921714,0.06223773403561911,0.0007571404918069614,0.043535578278900276,0.08085178823224336,0.07364385145232731,0.03872063605815444,0.008833305737747883,0.030024536744069158,0.026215299205609395
871,0.017078746288530466,0.012470195702736529,0.0038510898493745163,0.0026187410975746705,0.07637994867926122,0.00924261563849884,0.025214025743851398,0.20954581773839379,0.18949286668881135,0.11301856503741983,0.09404066001319784,0.0035388393210468517,0.0006749332725707914,0.019838947708899022,0.13989668929424356,0.026566938671047386,0.0286050766759398,0.01885936484651231,0.006090095575755048,0.002975842156334853
872,0.03150608810285796,0.12267597525500132,0.016746244241158913,0.007208107723371918,0.018509006792859856,0.003489206807512084,0.012126590657390938,0.07033422581286743,0.010656700880737491,0.17437482810691082,0.18276327406553194,0.015290049089753791,0.0028825502382322727,0.012126590657390938,0.003414282806449876,0.0035522336269124973,0.041104417682844625,0.2518767825483753,0.008373122120579455,0.010989722783260538
873,0.003813208124814444,0.007537761553639686,0.007113099771288485,0.01541171617112505,0.009021492392853688,0.0033754493899661,0.09480924433043936,0.007397623762140024,0.11301925192158371,0.11300690899693303,0.006164686468450019,0.006489143651000021,0.001993863248897204,0.20548954894833402,0.26567616586425147,0.1138005157141546,0.0029829128073145255,0.004623514851337513,0.01056803394591432,0.007705858085562525
874,0.004417114096723235,0.005994654845552962,0.004936774578690674,0.002331254662159485,0.007629560712521952,0.00023974023000447137,0.008681913914249119,0.002893971304749706,0.009910481634406328,0.0009646571015832353,0.3228517614338592,0.004210971764377647,0.0011656273310797429,0.002543186904173984,0.06004731369175599,0.5521510260181738,0.003542893223966712,0.0013758224235695322,0.0018430263490036812,0.0022682477793984183
875,0.006408405358492053,0.0129628892383265,0.010846499158599723,0.018326843405909878,0.04447168264855398,0.00454255092966997,0.01436428266949693,0.38810600795044986,0.0196843873619032,0.08884880652799755,0.011087577464629395,0.011319272948781824,0.005210573125209671,0.01771594862571288,0.006561462453967733,0.003680310924205435,0.015106971993959729,0.29590718368715974,0.015185098822039611,0.009663244704934298
876,0.0055144919362436415,0.03664468835052226,0.009466544490551584,0.009626994397171103,0.041308557776952366,0.006682266699212881,0.008352833374016102,0.410232172922906,0.014323743538589107,0.1332897159998514,0.055578244510443096,0.014947175511397235,0.0034846176038840176,0.010716842819492358,0.0046742406099560575,0.003529422096424267,0.0433448200584486,0.1667308858689001,0.014947175511397239,0.00660456592364064
877,0.04192377204160842,0.4740732142357183,0.06461313389753266,0.002968908666102933,0.0025344342271610408,0.1491740700463444,0.002600087915488379,0.004329658471400112,0.00472326378698194,0.0009319444243372437,0.003926426443961865,0.07242337806705641,0.0009849460029725371,0.004156472132544107,0.004777554175338055,0.08848347640896691,0.002681594924222005,0.06831781109522196,0.002968908666102933,0.003406944370937793
878,0.04112531754288294,0.02671009326178056,0.03401721812084993,0.03225133135967667,0.016198727267043477,0.027590488610151384,0.04836179551145111,0.025850195672441185,0.010941245610196035,0.03381965299232529,0.028134631569075516,0.02648971003112068,0.02901545797179059,0.03601000784586367,0.013580468790173062,0.04350716222021987,0.03424280815973006,0.03542784807334826,0.021932911707074995,0.43479292768280475
879,0.0383632762566694,0.02354293677663127,0.11031658563775712,0.10546417093314234,0.0022472803286784403,0.0583472777682754,0.09219923078199653,0.0019262402817243768,0.05775234726218862,0.000653394280584921,0.0020600069679552364,0.10550633625568676,0.010178857959308228,0.12360041807731416,0.04687850053502279,0.0943318390766062,0.08533508316570734,0.001078543157286317,0.006845561616589709,0.03337211288087483
880,0.05741375859553245,0.04162784666114989,0.014633868919053307,0.08259448311768877,0.08361684815634629,0.03902251556906128,0.099606811470283,0.0020940068320457225,0.048464453995704426,0.05466420009017908,0.03706632783161393,0.0721549342126598,0.014494230963309675,0.08676930725152178,0.026393211112242958,0.033993018396865575,0.0050562603993299145,0.009801123522094935,0.08265168142956938,0.10788111147374796
881,0.04086344126088468,0.04818440907460289,0.04555268861869113,0.04970084060031328,0.03550430142339161,0.0453500320702145,0.08040680028238689,0.04683546145213361,0.05081128780394271,0.03437118542051741,0.06293897388871492,0.09708296448400398,0.03495242109038552,0.029846784730772628,0.05279298740863817,0.05164262025220598,0.04426615125324121,0.0657763900054413,0.03483440894370498,0.048285849935812586
882,0.00556639533977132,0.0031379880633248492,0.008482277737899691,0.010846191205838946,0.3160039397959414,0.00575319707440153,0.003724855288068423,0.008705495573107578,0.011213858704341963,0.0031808541517123847,0.009874890500838446,0.007803116599350664,0.003211736230855223,0.009063255665153095,0.003358465297239472,0.0026201908682272346,0.004135110397226099,0.004937445250419223,0.10192525943186834,0.47645547682441425
883,0.03914763530980805,0.06553490858937919,0.04390516043426388,0.08062076359550843,0.032541471851277946,0.05157716943748302,0.03451368226650691,0.1589538117857707,0.04163663666867011,0.03809026707976552,0.038754097714430204,0.041416418719808286,0.005962258157385594,0.03902330974035364,0.02918397506049372,0.053605137739508237,0.054123810620565066,0.05094715061839024,0.02982968253033811,0.0706326520802932
884,0.0007606099463679862,0.04797028639025368,0.060355925143513414,0.09022360603063295,0.008794552504879842,0.003484795771405309,0.001481187790295552,0.003517821001951936,0.0028142568015615487,0.003268169188910187,0.03377108161873859,0.0488644400311836,0.0005211586669558424,0.008615071841514946,0.0010059453182340661,0.02256362169976204,0.02129707849830361,0.001070637110597985,0.009594057278050737,0.6300256973668862
