site,A,C,D,E,F,G,H,I,K,L,M,N,P,Q,R,S,T,V,W,Y
790,0.07113611912693127,0.014273640604133364,0.014273640604133364,0.044505315063759925,0.017128368724960034,0.008192139688343866,0.07465484271875704,0.04772703286076053,0.04282092181240009,0.25395379973262866,0.014273640604133364,0.028547281208266728,0.04282092181240009,0.07465484271875704,0.005352615226550011,0.010705230453100022,0.04282092181240009,0.07468296069642728,0.04282092181240009,0.07465484271875704
791,0.1722274965264156,0.12111836956918738,0.012764926204595732,0.00618905512950096,0.009426407043393769,0.04346588770249252,0.009426407043393769,0.011140299233101728,0.008629809265078805,0.002055500857875792,0.005570149616550864,0.009426407043393769,0.5396425963049424,0.006468766423860527,0.0017506184509159855,0.0025763585839197194,0.017733041726865,0.002945752201060553,0.004677224868859505,0.012764926204595732
792,0.05606549324359568,0.05439175337158146,0.02192667557791878,0.03991629474095792,0.0035082680924670047,0.04639032188386121,0.08357474211388062,0.0008041425765276906,0.12377889474960506,0.021665094185059394,0.05228007353480242,0.1101550735822474,0.0005693809761955112,0.04677690789956006,0.08894699911204222,0.11223080031390778,0.08186895774626642,0.023845863456862324,0.012370752502362988,0.018933510340298127
793,0.09858647675940457,0.006859841554262663,0.008867600057949298,0.0038051656294107792,0.006009447973155721,0.640595186588685,0.02107661463048818,0.011017321284118822,0.012536951806066248,0.002448293618693072,0.009322348778869774,0.12696151194079786,0.00430262251332451,0.02019842235421784,0.0014478067139566983,0.005288314216377034,0.0048825159896138184,0.0026860409041119465,0.003008305509387456,0.01009921117710892
794,0.015755227232574432,0.010786270951531727,0.017100185654867373,0.012519778783027898,0.01524146982281657,0.0011094037533664722,0.04674050745663747,0.10261949707849244,0.007556576734813643,0.01046429271417257,0.017977118252552878,0.019475211440265622,0.01524146982281657,0.02921281716039843,0.6166968725922652,0.011477654473480123,0.00888268602226625,0.006150066770610194,0.013747208075481613,0.021245685207562495
795,0.0016363113681744426,0.008583931522056627,0.012299364568916954,0.014982862293044292,0.015260322705878446,0.003018525370393538,0.015280350813982919,0.004903243913136799,0.015548253322970492,0.0048473966242202115,0.009694793248440423,0.01942193125025542,0.06210998504027743,0.02227182232749827,0.0034335726088226496,0.011140131124001917,0.7264064016928865,0.028914295653243372,0.009259072203566698,0.01098743234823248
796,0.0018193471971280285,0.01070579764674707,0.010837967988064936,0.014879244187004403,0.015135782879883788,0.003627584326583719,0.013102618015421789,0.01925526126598906,0.0313526931083307,0.0049318843091756175,0.012541077243332283,0.009863768618351233,0.004444923631334959,0.02581986491274293,0.004719760252866988,0.01984622364247515,0.773301569127192,0.004644843423456401,0.007768808911798758,0.011400979312120257
797,0.004729112889093576,0.035805440545821667,0.014581431408038527,0.008026476004424877,0.010181485109850657,0.014083780569162173,0.0218721471120578,0.014111062652940515,0.009720954272025687,0.01210118002159816,0.008494037713420503,0.015348875166356347,0.00833224651887916,0.014581431408038527,0.0014382694151160037,0.004513019597942079,0.007290715704019264,0.004269212478492359,0.771499863054411,0.019019258358311125
798,0.020705866033018185,0.010874028755739135,0.012983914932225834,0.010115375586734079,0.015534326793913051,0.003936300002077515,0.027185071889347833,0.015534326793913051,0.018911354357807192,0.0038476546128041822,0.01359253594467392,0.015816769099256923,0.0018006813959233958,0.01672927500882944,0.004438379083975158,0.7663211256629592,0.01102767632625036,0.006041127086521742,0.011011674689356089,0.01359253594467392
799,0.0019810533198389765,0.040753096865258936,0.004910780060445914,0.0033851008183656294,0.007842545677043787,0.0010407921919154024,0.006578592156446412,0.3076297917905426,0.004587702424890262,0.5389123455706442,0.03364315111586191,0.003968403600480797,0.0034866538429165986,0.005447896629557186,0.001079459394091826,0.010236295672070673,0.0009512784883429931,0.0009689690638288148,0.003917588587546741,0.018678502729910347
800,0.004639884010516249,0.01167970802647194,0.05313122082630373,0.007697989381083776,0.015754024779892385,0.004488342752498057,0.5962668044744873,0.01110529615631758,0.009032307540471629,0.003320701301643982,0.01167970802647194,0.07613064042259708,0.038460428043490376,0.1234804750886169,0.001972530540727577,0.003870988945916414,0.007443296210136076,0.005171168439201316,0.008161723681149065,0.006512761352006683
801,0.08752621262256481,0.10424440430868644,0.01438572779459873,0.0019835626426530917,0.007265519088181175,0.2102632559434452,0.0035259136751467465,0.005328047331332863,0.004133829826034116,0.0019180970392798306,0.004995044373124558,0.1754357048121796,0.0023506091167644983,0.0037462832798434184,0.0008497033388995806,0.1723290308727973,0.027761930831681762,0.1604171127538165,0.0038057480938091873,0.007734262255160605
802,0.04624419144914085,0.07492332816593729,0.005274536425233573,0.00041849233140658264,0.020167345155304835,0.10355422946143501,0.13117542761885234,0.021942071528971662,0.12044487583295706,0.0009523468545560618,0.0019470858046711757,0.022992206931206433,0.0013444896770203221,0.04459834389275163,0.039931643393818606,0.13607558400345723,0.13239341115470885,0.028871146748646926,0.0071240491977180714,0.05962519437220561
803,0.16669515766166715,0.05981920707717585,0.006690306054684141,0.026280286695287817,0.07415089210608258,0.2230157863031478,0.019556279236769027,0.005649591779511053,0.006871125137243172,0.01832674235362426,0.024212536197904512,0.055930958617159424,0.002990960353858793,0.04302381432089187,0.001207397714884621,0.21095816112855098,0.020895750417369647,0.016831659660355453,0.009415986299185086,0.007477400884646981
804,0.058516478058848256,0.006311781895619125,0.42631015169302233,0.38423408506693835,0.01064012352316582,0.0008615486053909285,0.008539469623484697,0.0101282081580865,0.003478103964403651,0.003599280585105121,0.0101282081580865,0.00871025901595439,0.003787069137371475,0.0337111934934781,0.0026883515481340714,0.0031789266481585367,0.005311133546313654,0.004015811692029528,0.00871025901595439,0.00713955657045442
805,0.005467865899353053,0.05610430889201927,0.015083767998215319,0.014110621675749816,0.00892712799894376,0.014647437748397418,0.01182241275535795,0.013057590207410277,0.013669664748382633,0.009539308669064415,0.010414982665434384,0.011216135178160105,0.004634160269090409,0.009307005786132855,0.001934502237067657,0.00861320120093427,0.0068886499519408536,0.004146249023206107,0.7705772028368486,0.009837804258290932
806,0.043177515832485754,0.04069182797226888,0.010393150867376036,0.010717936831981537,0.02017493991902407,0.055617401938931214,0.05231806453577427,0.0021683858846548,0.004996066202275977,0.03952804552210396,0.30257965775456985,0.013998937902996294,0.0020913047477037153,0.31531478679894065,0.020370990964541112,0.05292808312089648,0.0018094014380502287,0.0006173066377825934,0.004034987983804814,0.006471207143837909
807,0.000488600575891534,0.16250697551488363,0.005172635825407437,0.003488521835739899,0.0032968448117981462,0.1273651463502473,0.0026786864095859936,0.0016595253341492985,0.00400017170498175,0.002643285267609087,0.0037501609734203914,0.015346372096013451,0.0009393782509842332,0.003092916266738466,0.0009346195572387269,0.3230373100816761,0.2651019992889019,0.06913110875561813,0.002272824832375995,0.003092916266738466
808,0.02759939652923877,0.07939163840096804,0.016784701564686692,0.07149332789109472,0.0018795368939623117,0.041008077686450435,0.05280081214692729,0.04673582614329361,0.04068644570459592,0.02899856922113281,0.09597635203211803,0.06173873549828615,0.008062917918486831,0.1242343074828859,0.05290256723529521,0.10714803679081887,0.07892525477808089,0.06078333267232571,0.0013465338941819544,0.001503629515169849
809,0.08854372996223553,0.030001526821908375,0.16265773373245795,0.1163514141621634,0.00213720553973272,0.022317494020287355,0.06023033793792211,0.002500127235159031,0.04206806681062634,0.01526826673652676,0.042869828767579866,0.08623454733334246,0.002531975989747045,0.14370449643216912,0.028159841581327456,0.08207907591054488,0.052168861696120006,0.009904597850847689,0.0012873634478832775,0.008983508031418895
810,0.05393637774647235,0.11920832699519093,0.29746181303876357,0.14261347191293655,0.0030095698317751407,0.0005537014240894897,0.018144734425294618,0.0034749672284414,0.004012759775700188,0.001822009844101707,0.0034749672284414,0.17926511908134277,0.014497712738013582,0.02592860162760121,0.0020553159826757054,0.08584089769246077,0.027238126962328548,0.0014999822282456983,0.005525767559980586,0.010435776676144006
811,0.004096044191241557,0.009180788704506936,0.01717695951165814,0.0057878885311022,0.01331214362153506,0.002958254138118902,0.012101948746850052,0.1574301226788751,0.006125288308476627,0.23073285114076825,0.4701889350735766,0.011093453017945882,0.003480298986022238,0.010544272175473319,0.007611723743512212,0.019844189249493258,0.0016204801711809753,0.0012537990525254086,0.005220448479033357,0.010240110478103892
812,0.002882765029770164,0.005876405637608412,0.005314314663576302,0.007835207516811216,0.00324124559190891,0.00287015511697108,0.0034860063210795243,0.31005666371881546,0.0067158921572667545,0.5427904806428417,0.06282811261143946,0.004629895350842992,0.0007955327780311525,0.005658760984363655,0.013214568154122138,0.002263504393745462,0.0031180927873024227,0.0027529107491498866,0.007736027674826262,0.005933458119526939
813,0.06544944823337027,0.04406657324528337,0.07979699792798833,0.08530727655728676,0.0364494727108407,0.07973366547008329,0.05410515816596747,0.029134472749603298,0.02426867455077268,0.04601398614969984,0.046248017862060266,0.053296422297879356,0.0022282566475911006,0.06417200168624813,0.030985993322665495,0.050401982223388084,0.033835874853117655,0.028501028983863995,0.0756908199271926,0.07031387643509696
814,0.0006261694476738059,0.11795978224913915,0.00503685020623046,0.003780700473471868,0.004432428181482805,0.00912449760480218,0.004817856719003049,0.23374132988288226,0.004104100168039635,0.03639633088376245,0.009465703064621217,0.004374106758042241,0.0017872694280172605,0.007915050324076434,0.0012457293294481785,0.0015395456879822211,0.25157024813821327,0.2927641285715852,0.0037776376546728445,0.005540535226853507
815,0.006150422357993016,0.007162787720597101,0.015537909114929723,0.010934084191987584,0.015270014130189555,0.017821005635072388,0.013024423816926388,0.015270014130189555,0.012835664051463686,0.02313778832546927,0.012300844715986033,0.015011200331372784,0.005467042095993792,0.017055061337164994,0.0014688740703111582,0.004661372734478917,0.005751044282798663,0.004736154115245959,0.7805889210641331,0.015815371777696326
816,0.006832508669911827,0.010650675279568434,0.0036661958705097677,0.009405791155982514,0.009285204089880173,0.004446857360368059,0.01190457396405514,0.010831155728839886,0.06628921090799623,0.003322228986287402,0.012289215300796925,0.6420336267951878,0.0049947994414527835,0.012932962839475958,0.0034652914785198736,0.0014687297405783072,0.1581163850538643,0.005936441959103717,0.01270606875457287,0.009422076623048009
817,0.010365269392546677,0.011307566610050921,0.00540796663958957,0.010223279400867955,0.007939355279397453,0.0014940989150503787,0.014925987925267213,0.006137302502772562,0.2959718830759045,0.0022478897477812066,0.031984259839858316,0.04867169975630614,0.002916749045432978,0.14591694740582783,0.32990074263968083,0.00205100764496115,0.056934561860995575,0.003553806648873146,0.005830464033307505,0.006219161635528006
818,0.0005811628081723377,0.13716385515272,0.0037579138398005484,0.005167878012984412,0.013273921466392266,0.009888655764220773,0.006773523711245434,0.1181226763514345,0.003386761855622717,0.09583534044911511,0.15620341666050278,0.00403423103390353,0.0019735806496794252,0.0033051531362101225,0.0011292520664772938,0.0028281207247983515,0.18898131154374764,0.24137490306706075,0.002949760325864948,0.0032685813800471136
819,0.005327099626919948,0.00879975667821554,0.009642050324725109,0.010051274857397088,0.012205126993322919,0.0045135356060262335,0.009011261985724398,0.012856067099633477,0.00853278789798682,0.002907356971801246,0.010595659697500117,0.011616928102078443,0.004103000138180896,0.010149526657605375,0.0016461588412101595,0.004364328109125987,0.005416882204901745,0.004726495257218189,0.8513295759571033,0.012205126993322919
820,0.010072641289848323,0.012929061954133667,0.01443745251544926,0.014935295705637166,0.019687435248339897,0.008249972865971004,0.011105732704191736,0.7621757591738589,0.010563989645450677,0.004540341159535707,0.012013378802143673,0.0342573586267159,0.003624465066639981,0.011866399327766513,0.005777690096796619,0.024775799264246046,0.004940131319112432,0.0030998285981757735,0.01574994819867192,0.01519731843731501
821,0.06260548386378821,0.04081403252053553,0.07695205040225508,0.0914994258432035,0.06301611039628982,0.0001959588685353252,0.0923333850464574,0.035907427518066776,0.005634808473410773,0.05969947300701138,0.05006521322519024,0.029519583269569712,0.0010430252755247967,0.07059601210792292,0.013274867143042868,0.05537047758958797,0.04749490093907558,0.057902757499541116,0.05883732323473213,0.08723768377625886
822,0.05260211624854638,0.007079097406473806,0.12479568715044825,0.14304524366974175,0.017138867405147105,0.01521263641147609,0.04772288079191824,0.002907486434801742,0.02084646431383064,0.04774223248590736,0.11598082874168046,0.06284251381887274,0.0012524556949915196,0.08593237685080704,0.012605360543140457,0.10206579245751787,0.08347906832291246,0.0011189841325793214,0.0027136540058149594,0.0529162531133917
823,0.007833618843176878,0.0180006560651724,0.0024617118843328688,0.01726593540945108,0.01922797352416143,0.006416236168508243,0.06116195424200104,0.01303011116307168,0.016167502454524724,0.00509657129556086,0.016920616701262055,0.746169109504827,0.0065079295004854066,0.016269823751213518,0.005565992335941466,0.001451940414553957,0.006787549421584686,0.0090003280325862,0.010987413442377959,0.013677025845206338
824,0.07730170492948867,0.05948304622871825,0.07439058288517057,0.05550276842487118,0.017182071041787882,0.01633835928573502,0.05491907298171146,0.049903809275780975,0.04241823788441383,0.035265358554885225,0.0366339327183574,0.056488734038301944,0.086594744696679,0.05746987068210906,0.046414158844539775,0.07189401652170233,0.048599790138926395,0.03265654062314861,0.04101983443767491,0.039523365805997426
825,0.04017587404413682,0.08960545561009786,0.012220971081351749,0.004516029868609006,0.19644729928449167,0.007068141354820729,0.1187015058932309,0.0037633582238408387,0.07642512085338314,0.01242338929284396,0.0851594203794841,0.031191908531882345,0.001421788756826807,0.07786840930804982,0.0096039335666579,0.023800697956182584,0.02125190526404238,0.005890473741663919,0.144316606670766,0.038147710317637376
826,0.004078246253158432,0.2069709973477904,0.008018246870616579,0.007884609422772968,0.009097626257045735,0.002628203140924324,0.011001780589915772,0.04066679199781567,0.008489347434135035,0.17207555540618635,0.4167907529269088,0.007755353530596365,0.00876067713641441,0.02150348024392628,0.024735586966697764,0.003478504157105722,0.0024377342638529946,0.024353016354024523,0.00876067713641441,0.010512812563697295
827,0.0580971625876033,0.03288527868829157,0.030558726970870108,0.05031570962932052,0.04869550882689328,0.007844681170651128,0.08879025245838723,0.06607505069777103,0.05512957081333425,0.04398878514195322,0.04537536049778692,0.05035558299144646,0.0887506316406905,0.053514805541237956,0.041133155786570515,0.04567399817818273,0.04641067556815342,0.052317675335284565,0.04981874308748649,0.0442686443880848
828,0.003868297869317881,0.04700059433444454,0.32844646854954795,0.043799691202476315,0.016243833711794955,0.0007456383874131682,0.01937108930530371,0.07006896444893151,0.02988865402970272,0.012995066969435967,0.008302403897139645,0.18559801423374303,0.0034593349571415194,0.01624383371179496,0.011923665171423957,0.013343149120403002,0.04366848803040982,0.06564069681890339,0.008302403897139645,0.07108971135353213
829,0.011841865674480862,0.015950268051341566,0.026052104483857894,0.0032953373347409543,0.027912969089847747,0.01377290200511717,0.026950452914335753,0.023683731348961724,0.6878319615345584,0.0053900905828671505,0.008953909978951693,0.014588910141475227,0.007443458423959399,0.07505879063202975,0.0014800656221685506,0.006567757432905352,0.008371622519922914,0.008057351902224091,0.011165187635939098,0.015631262690314736
830,0.0007206142801306705,0.012017943482282125,0.006867396275589784,0.016023924643042826,0.012463052500144423,0.005808876906072194,0.05608373625064991,0.0049601238976504,0.22433494500259968,0.0036576349728684723,0.02969138977975584,0.050985214773318105,0.004758505280365975,0.03748773942735015,0.04354737167697523,0.1675508902079144,0.2950501312507952,0.005341308214347609,0.0086282671154846,0.014020934062662475
831,0.05233331822482517,0.014653794739395832,0.0057769767722618175,0.024451390059340716,0.09763090745122471,0.0013907536673963636,0.04486961772806355,0.12289205133720595,0.03952668317863349,0.10151679506190642,0.03755034901970182,0.015020139607880723,0.1314738108262763,0.009012083764728436,0.06608861427467519,0.03112477547630697,0.00834508868345467,0.04492004368711992,0.07846784262989573,0.0729549638097064
832,0.0012448680059516343,0.013342075994197868,0.007535802181908054,0.004770973228854372,0.0036171850473158654,0.008550503065152464,0.005772103798908297,0.4474847540497326,0.005118658085824339,0.18900088339811416,0.04128309021393109,0.007979084663196764,0.001644175021507212,0.006782221963717249,0.002086837527297615,0.0018085925236579327,0.0031182629718240224,0.23858671686926672,0.004375627073365967,0.005897584316275868
833,0.02151899216000923,0.03889597856334979,0.05910168171314189,0.10919302952169624,0.026796999056317015,0.057912854782130416,0.08577952415310176,0.001416023277404673,0.052534828189459454,0.07127225024369999,0.021432192106130836,0.07066505422223487,0.02919213149425172,0.0669819059415608,0.0349539957719793,0.04340651187679211,0.0632381101074696,0.053442442091106615,0.023734484878452217,0.06853100984971154
834,0.11107503335505957,0.15167367383198888,0.021774383481896732,0.0011244582673614664,0.005266447008055171,0.012714262599328457,0.04739802307249655,0.002008501506024831,0.111060004781727,0.04231009969183307,0.039616258090444875,0.044267299977172124,0.0006257164762045746,0.15558125668749342,0.04412483368387377,0.06539475710808312,0.07692960824148604,0.05402355317940466,0.0015413991243088307,0.011490429835756736
835,0.008628688797236014,0.018177664883266297,0.01314847816721678,0.018407869434103497,0.019264049407782726,0.027609324531546686,0.016905186214993005,0.016567082490693146,0.019722717250825174,0.01311799471877995,0.01762455584116292,0.012181678301980256,0.007203079343779628,0.01762455584116292,0.0042623079505558215,0.01119397465587375,0.008201525985491656,0.006902951037788811,0.7263511289307679,0.016905186214993005
836,0.00038516860387834503,0.005746523484944865,0.006935459378381734,0.004788769570787389,0.005028208049326758,0.0021171402312954767,0.061212967557021415,0.052175852030181324,0.05635792228363979,0.04132773739172678,0.0790146979179919,0.005746523484944865,0.043195225961256314,0.20112832197307026,0.07225017384501804,0.0830568659256622,0.17647533634701826,0.051605674761440935,0.02806441701949819,0.023387014182915156
837,0.036793857982913014,0.022305058511505674,0.5281333542633923,0.18482478824473902,0.026184199122202313,0.0012297722107524277,0.014688697068552515,0.01942698644550494,0.027374389991393324,0.007435019503835224,0.015055914495266328,0.008842071444122825,0.005846957085540321,0.0215084492789519,0.006083197775865184,0.02028076181730946,0.011362954336050059,0.00829886354986837,0.01942698644550494,0.01489772042673007
838,0.004946701213549213,0.015318816661313689,0.020647100717422796,0.01637528677588705,0.018363924386448176,0.005591481209564982,0.008331286254398676,0.41724912990624174,0.026382406472262466,0.1394834142534686,0.08340778825272559,0.030491421216173258,0.003990616105048105,0.013191203236131233,0.0038608399715506056,0.028769217318357465,0.001297901680219748,0.13235808283618594,0.01637528677588705,0.013568094757163553
839,0.006572476905701777,0.01362295213181823,0.018274691884146405,0.013144953811403556,0.015941752494680907,0.06811476065909115,0.041545699482652895,0.017028690164772792,0.0208128435347223,0.0030021899031693927,0.017028690164772792,0.011893053448412742,0.6600636131360436,0.014691418965686329,0.004897139655228777,0.002718935604325495,0.026159621522345463,0.006811476065909115,0.020250334250000075,0.017424706215116343
840,0.004127555804950996,0.0029352847258503206,0.07994232110036405,0.007094236539759525,0.41181169403620965,0.004540311385446097,0.002416904110688733,0.008255111609901992,0.008731368048934799,0.002785467107635641,0.0064861591220658505,0.009945822014340923,0.003661541439875883,0.01513437128482032,0.002625518465059431,0.014912349577652166,0.004053849451291157,0.0043686207563782345,0.006580161428182747,0.3995913519905914
841,0.00922025033247858,0.012433367872584753,0.00746002072355085,0.008547940412402016,0.009325025904438563,0.003630983538011476,0.00651271650468725,0.2689008420330082,0.012821910618603025,0.36022713149455504,0.10990209101659731,0.00837349264888361,0.001242828542871361,0.011841816762159754,0.02002505054826698,0.01403375109795661,0.019324271426146993,0.09903820615748543,0.006617760319278981,0.01052054204603325
842,0.10910651300096266,0.12366448388918297,0.011022269216209786,0.005353587181304268,0.009389340443437966,0.4482622459698996,0.007348179477473191,0.012675609598641255,0.012675609598641255,0.004260709108786976,0.014084010665156948,0.17202613026727417,0.004738545644351871,0.021126015997735424,0.0023230773698497266,0.004486941450846462,0.004370899861600433,0.005045846388923613,0.015364375271080307,0.012675609598641255
843,0.010184161929201055,0.017688281245454466,0.07468385414747442,0.0054780200231437735,0.010669122021067772,0.007552299857609771,0.014612058420158034,0.016832224915381014,0.593773414004547,0.004669926317227674,0.04801104909480498,0.02453701587757522,0.004733483713572322,0.11182711146738758,0.0019457096083744319,0.007638121446900791,0.008428418951215993,0.008729281653600903,0.01680386718318174,0.01120257812212116
844,0.008020754919021059,0.016894781637937967,0.01654280702048093,0.028359097749395882,0.01393078485935236,0.0011547941440028166,0.01260404344417595,0.01393078485935236,0.004792909348289239,0.004157354643890495,0.08408412395322029,0.0162051987139405,0.005841635624766075,0.013690598913501459,0.7002866312917446,0.020361191266296784,0.00661712280819237,0.008447390818968985,0.011060703213255509,0.013017290770214502
845,0.008889993840600179,0.014183874085756805,0.05696188605039521,0.6359498592019058,0.015070366216116605,0.0013125513175960982,0.011482183783707892,0.048225171891573146,0.007056032644035897,0.006576159803396337,0.01955074536144857,0.015391012305821216,0.006182714345073479,0.09449742894977692,0.006401571490031831,0.005438929160703737,0.007457500807975226,0.005653605876806301,0.016075057297191046,0.017643355570087737
846,0.03333165376469608,0.013105885165233172,0.6338825850734948,0.13432667211413588,0.01716246866875773,0.001656616594970152,0.007921139385580488,0.01567008008886575,0.01948172119156282,0.004591233656610347,0.020594962402509274,0.005514880494507929,0.0035162130931113388,0.01567008008886575,0.005076223127379045,0.004004576022710136,0.006108675288879869,0.006271871849065121,0.013861993924765857,0.038250468004298314
847,0.010546927806504038,0.013671943452875606,0.015380936384485051,0.01476569892910565,0.27835799690854424,0.07009034301790659,0.06514278939311317,0.013815707157826238,0.011186135552352768,0.32326565370422083,0.021714263131037727,0.03515642602168012,0.007938547811347126,0.018457123661382066,0.004447499677441461,0.0027737710620277817,0.009003474956771739,0.04193724820889929,0.00878910650542003,0.0335584066570583
848,0.013276961493383326,0.020002570082102277,0.0354052306490222,0.026553922986766648,0.02451131352624614,0.07022490841885562,0.019915442240074986,0.042486276778826645,0.022760505417228558,0.02652853564083442,0.019915442240074986,0.022760505417228558,0.011380252708614279,0.022760505417228558,0.00210546717779464,0.010614865988409349,0.0167708987284842,0.010621569194706661,0.5586443204768894,0.022760505417228558
849,0.005763500412623899,0.5418063498782683,0.1232582288774062,0.019259098262094723,0.023256269599510607,0.017102286324776988,0.008680156963197622,0.009481402221338942,0.01621818801018503,0.0036466931620534387,0.0158023370355649,0.01339763357363111,0.00449847550647468,0.013695358764156248,0.0012789241520038163,0.019765105238385705,0.005222806308364671,0.005312854692991648,0.13891433378118664,0.013639997235785026
850,0.0069603136312184994,0.017242595131882192,0.01580571220422534,0.003998480609069008,0.025289139526760547,0.6669641630018497,0.01809330292640452,0.01945318425135427,0.027095506635814875,0.0069603136312184994,0.016859426351173698,0.01850424843421504,0.0059738124866363495,0.03161142440845068,0.0026147354494957956,0.006118340208087229,0.0073657687942021025,0.06898751083488588,0.016859426351173698,0.017242595131882192
851,0.17642487034060736,0.02237037384211582,0.020927123916818027,0.014744110032303607,0.005387814220520563,0.006828850962330091,0.012974816828427174,0.016482766963430526,0.020273151294417462,0.007129020235399546,0.020273151294417462,0.012475785411949209,0.0012738818524523877,0.024951570823898418,0.007051530885014768,0.5730765832941912,0.0160262295781791,0.012013719285580716,0.009540306491490567,0.019774342446455994
852,0.007012609698268209,0.013346579748316913,0.015913229699916324,0.0188065441908102,0.03619536009787836,0.004265401775235303,0.014509690602745836,0.012190676964596652,0.019702093914182112,0.3658824509808571,0.3573243396253938,0.01426703352406291,0.0010764516902144825,0.012168940358759539,0.04073964986108103,0.006089899481829857,0.01723933217490935,0.0072586661789092,0.020687198609891218,0.015323850822141643
853,0.009019333571104205,0.023920841210319843,0.015719409938210187,0.014869712103712336,0.02292413949322318,0.007973613736773282,0.06877241847966954,0.4826000587165805,0.014107162765060424,0.1790912907996508,0.0036548104455293227,0.023920841210319843,0.010003260869770117,0.02628733913872985,0.03684850943643002,0.007859704969105093,0.0070940662024149325,0.0037423401744494486,0.021160744147590633,0.020430402591356513
854,0.0036130970589017546,0.012082604077734488,0.012334324996020623,0.039429636921671014,0.012334324996020623,0.5207313968525111,0.0111707094303583,0.013768548832767206,0.011385530765557497,0.0034622666655496487,0.03534612536173074,0.011385530765557497,0.004739005703488651,0.010764501814708907,0.001509616463633457,0.06026831854343011,0.21529003629417814,0.003427727734496346,0.00599285228077646,0.010963844440907219
855,0.0017283977851179394,0.044362209818027104,0.006969796888005176,0.003456795570235879,0.3343664078846341,0.0018978485483647964,0.08506367630166622,0.003226342532220154,0.004399557998482028,0.0006973607562307671,0.005112600924433379,0.044962290276329885,0.0017644602715369713,0.006656415061010573,0.00022208265097419511,0.0007743222077328368,0.0009978378965629343,0.003456795570235879,0.2673255240982413,0.1825592769599578
856,0.013547743367964974,0.016558353005290523,0.016558353005290523,0.01960857592731773,0.037256294261903695,0.001911976809489384,0.018173802078977404,0.019421176277733203,0.021965396038459185,0.009094705834634264,0.026611638758502632,0.03548218501133685,0.007526524093313874,0.022579572279941625,0.6542366808838536,0.004953074587230756,0.018540800923376045,0.010644655503401051,0.015523455942459867,0.029805035409522947
857,0.014474942378742825,0.011834181770127817,0.012380374774902945,0.01962742342362662,0.024385586677839136,0.004397400876331648,0.03977658754492386,0.03218897441474766,0.024385586677839136,0.0025227849869260285,0.024385586677839136,0.016094487207373828,0.7077712225849296,0.012380374774902945,0.0034098489846131,0.0029419335905496364,0.005419160599632933,0.010588478425903837,0.016094487207373828,0.014940576420873488
858,0.0033003888618047747,0.002665625277760351,0.008555376952445386,0.013351573122755677,0.011297484950024037,0.012455862480010087,0.00307208489865934,0.011297484950024035,0.02049311223492732,0.0028381382379006983,0.014445964362325816,0.011749384348024998,0.018465569332583764,0.008639253197077205,0.7888311706763028,0.03686965158160168,0.004637914874220394,0.004216286249291267,0.010746388123193597,0.012071285289066779
859,0.1102931049008028,0.11595363700789378,0.0020483361376202433,0.004411800911797447,0.0036608560757468178,0.01998118864568908,0.11279504331162138,0.0009790152429742537,0.004001400826979079,0.03326497887495275,0.07783677322956925,0.0035114333787775597,0.004055356191628934,0.18248812862434896,0.004713979056441108,0.1508666130595117,0.15129568091960796,0.010874716991539005,0.004001400826979079,0.002966555785518973
860,0.0024495640788879283,0.02501037529965895,0.013398415339103005,0.024203588999669946,0.021437464542564805,0.009872516565654847,0.013163355420873128,0.007460370548255905,0.022067978205581422,0.007578901605957257,0.03572910757094135,0.048933342977593594,0.004955941605978483,0.02344722684343026,0.008067862999889984,0.017178120532631333,0.6608190083078308,0.010278236424517376,0.024203588999669946,0.01974503313130969
861,0.00937161108118597,0.03370833141485949,0.015619351801976615,0.011245933297423166,0.018335760811016028,0.0034243040541125157,0.021626794802736857,0.022195920981756243,0.013178828082917773,0.004751322214845495,0.013178828082917773,0.015914056552957304,0.006801975784731752,0.012976076881642113,0.002051939399469849,0.01929843677379656,0.0063897348280813416,0.008350940567393437,0.7428366304238079,0.01874322216237194
862,0.44352403940223734,0.12647032394277474,0.014569353271977564,0.019456972914273035,0.028104516431727712,0.010906198175982908,0.01686270985903663,0.028104516431727712,0.025294064788554945,0.006245448095939493,0.01580879049284684,0.01873634428781848,0.012851419867631478,0.014453751307745684,0.006403560705963277,0.14235540171447628,0.004004286587149008,0.003939751540358755,0.022994604353231765,0.03891394582854608
863,0.1224248052616191,0.0572137862311404,0.04728835168693232,0.10593679238821212,0.06202455504336843,0.000665484469964588,0.03088427639965789,0.004026155327376546,0.026924582905912736,0.005844419023611116,0.10870619383916674,0.02174123876783334,0.0015098082477662043,0.18633085208195432,0.024667289681814048,0.06720349493816491,0.0411181820668243,0.05934113773055981,0.023128977412588667,0.0030196164955324095
864,0.00517488644178848,0.02932435650346805,0.001338095879206837,0.008513522855845565,0.0077623296626827204,0.005998163830254829,0.296211056687227,0.00883822781291688,0.21879802109771346,0.003717171951143838,0.009100662363145258,0.23219913808447049,0.002513516271725833,0.014662178251734029,0.0989697031992047,0.0007945750106770581,0.003573862240165533,0.00586487130069361,0.01099663368880052,0.03564902686713549
865,0.016204243083798604,0.016493604567437863,0.01074002157879675,0.016493604567437863,0.012502710344067053,0.007215951998254067,0.010262687286405782,0.4064637091868997,0.014431903996508134,0.27486875406464784,0.14104485709829892,0.013994573572371521,0.006997286786185761,0.013582968467301773,0.005308286527451267,0.004406736077164637,0.001357054467167931,0.0019545159761717263,0.01248164669968271,0.013194883653950294
866,0.023152293516127024,0.04170120703489546,0.004042463947260275,0.0007388561459741327,0.0522410725492097,0.023271979375218618,0.14899367119902157,0.059677826244917395,0.1490768536548957,0.03965003560246903,0.02085060351744773,0.001773250974413118,0.07729979840614769,0.04147624227687164,0.033641598979822745,0.04386073382777399,0.06141224375883466,0.08977057869088334,0.035127617748606524,0.052241072549209705
867,0.07329733261962054,0.0948633595648209,0.04994371017557871,0.01890575967186454,0.03576711719037402,0.029277041597276822,0.039667414323595676,0.055303163368531444,0.010305124977414874,0.02844987990486153,0.09110327878584162,0.09661155133660504,0.0387967757698505,0.05000327687904717,0.041255568395241374,0.06326945237756991,0.07133192892168028,0.04435043543321216,0.039288288976394206,0.028209539730618634
868,0.0017571450909222121,0.017619885654954218,0.019633586872663273,0.040422090620189095,0.02863231418930061,0.011083476460374428,0.027487021621728582,0.006054074334524293,0.020823501228582262,0.008483648648681662,0.04581170270288097,0.022166952920748856,0.006340920383985043,0.025450945946044988,0.0076590523070602,0.01193405688177255,0.6032243369046651,0.05090189189208997,0.026429828482431326,0.018083566856400383
869,0.0012373939188739204,0.07026601480501214,0.01035713458752809,0.025373838679587715,0.008349810158929579,0.012940381219410912,0.013840275643411485,0.07976738984967559,0.016488808512698423,0.00509756643778793,0.02255452327074464,0.012956853793832027,0.0036494919781668612,0.01903037900969079,0.007612151603876316,0.01260529550280475,0.1107222051472919,0.536218568252227,0.017399203666003008,0.013532713962446784
870,0.0707116377272746,0.10765750704769009,0.0003071276776733819,0.0446214817382457,0.04705538074215,0.08089402430161442,0.06350355687080649,0.028964523586746935,0.03945851767101694,0.0274489720995875,0.086268198027275,0.0755159199852811,0.0007501582437154349,0.031370253828100006,0.09947251405185789,0.041850314550219675,0.042582183637802515,0.056261868278657604,0.02379812359373104,0.031507736340553726
871,0.01786927819143458,0.018881912150129392,0.003887452501497227,0.002643467701018114,0.1376806094280268,0.009329886003593347,0.07126588254145182,0.04577239270450683,0.2029617247082023,0.13230086895396184,0.11612611124224212,0.0035722536500244783,0.0006813061085098232,0.024031524554710134,0.16441911476314694,0.035437791644083415,0.006748647714244785,0.0003120352175305795,0.0030737996523466445,0.003003940569338766
872,0.0013034724520648096,0.04399757992282589,0.018018056539823937,0.007755535547824353,0.019914694070331713,0.01621012652395491,0.013047558184010434,0.15135167493452104,0.011466035979887958,0.09093336122521439,0.17948007373301045,0.01645126901462185,0.0031014687486582183,0.013047558184010434,0.0036735843430708995,0.007644023986591973,0.04994965598384942,0.3318208927515559,0.009009028269911968,0.011824349604259456
873,0.004563249306248997,0.0015022552636351216,0.008512215052041399,0.018443132612756364,0.010795980066003727,0.004039385363417826,0.05531997060880699,0.008852703654123056,0.1106587956765382,0.0028768707960309206,0.007377253045102547,0.007765529521160575,0.002386047335857987,0.319680965287777,0.38924612498902567,0.0170086572551677,0.0035696385702109084,0.005532939783826909,0.012646719505890077,0.009221566306378184
874,0.010747356001932397,0.043757092293581906,0.036035252477067445,0.01701664700305963,0.05569084473728606,0.0017499481856861683,0.021124113521039538,0.021124113521039538,0.05892068735154976,0.007041371173679846,0.01237303567587298,0.030737362681728095,0.008508323501529814,0.018563614912428684,0.5377173748631333,0.00743706853787831,0.024537174545577228,0.010042611346067978,0.06031927004526289,0.01655673762459856
875,0.013366400519953194,0.01251614047276552,0.010472688967007883,0.017695233082185735,0.010734756288818858,0.004385997943447746,0.01386923674009152,0.4536721570566149,0.01900599108827357,0.14755920220498722,0.024841150647819624,0.01092916923625725,0.005030997641013593,0.01710539197944621,0.006335330362757856,0.005555332051509693,0.0009717024998833755,0.20196114285638447,0.014661764553811036,0.00933021380697066
876,0.006826210676297635,0.04536127094571975,0.011718328327644273,0.011916944062011124,0.012783630902884662,0.008271761172454782,0.010339701465568478,0.6197422704630574,0.017730897460386866,0.10078811768198465,0.002455259733307973,0.0092513118376139,0.004313495089930407,0.013266032069031253,0.08963618697449137,0.00436895711777638,0.0024015966273886647,0.0021498258142150038,0.0185026236752278,0.008175577903007634
877,0.06899375942650728,0.05377247922087702,0.041946643223536154,0.006373581973141773,0.005440862659999075,0.39209955148992764,0.00558180642467967,0.009294807044165087,0.010139789502725545,0.002000675955694727,0.008429158191299796,0.135197193369674,0.0021144584745020098,0.008923014762398481,0.002564084701838644,0.2196805871132898,0.005756783717676439,0.008003234248368978,0.006373581973141773,0.007313946526556132
878,0.05492013721297447,0.030313741331306696,0.05266803593657077,0.07030973690361852,0.04789571130346459,0.02563810083597994,0.09187969446654358,0.06217231755738192,0.01097610050704397,0.05165743199212165,0.0580274963868898,0.04096856816442524,0.05027726600916173,0.04888685164499806,0.024261732576141067,0.07005364990906227,0.0677472232252953,0.05640848810417183,0.040556852313417595,0.04438086361943086
879,0.04270345263223325,0.06206224448329776,0.11871472531406076,0.12284541727348999,0.0021157583346578775,0.004091427213543725,0.07925516356313023,0.001813507143992467,0.04426275530105561,0.0006151544056714535,0.009697225700515276,0.09789199387571708,0.004107060296688822,0.10279059242546192,0.07090531040708371,0.09495523405944556,0.09660030862211927,0.004023346710911479,0.0021483084628833838,0.03840101377404048
880,0.05802653904412392,0.038937483707257387,0.022314978649967867,0.08601367375905526,0.06171162839116178,0.0004265739536765734,0.08117024995594249,0.0017806122025908336,0.02999825777912995,0.07877273548418144,0.054032370285514955,0.138051078598458,0.00999323174923427,0.07524576555533541,0.025707588674905163,0.034514069125108675,0.0019109009003413823,0.0028705746796729302,0.09562934946855477,0.10289233803578678
881,0.051485613449169194,0.05950424666562554,0.0544088177058695,0.015039764137079989,0.05733607573448937,0.03616813521216386,0.05277299704281721,0.03544933843909606,0.05606084204473685,0.03783535160326598,0.055611995409115815,0.047331449871272455,0.028554449177127596,0.060853278070959416,0.037404239881348965,0.07656490480052514,0.06028902754419089,0.06273241227420602,0.03385437546142991,0.08074268547551033
882,0.004711610316757926,0.002656113342756568,0.022722721633957423,0.009180631856640515,0.36956180251750725,0.004869726463087577,0.003152860250205386,0.007368665042829887,0.009491839716187651,0.0026923968425724585,0.008358485720224948,0.0066048569007813255,0.002718536617743065,0.007671486893905088,0.002842733722106961,0.002217829955125235,0.0035001158953441957,0.004179242860112473,0.03235254198840833,0.4931458014637458
883,0.047708725111350346,0.07921166293503337,0.05190249914219331,0.1027610762400433,0.05294859602412898,0.05019844992275058,0.030943984689426034,0.033843557106607323,0.0462650565605242,0.04372494615011118,0.04431948293449956,0.041478107136890215,0.007848060453036184,0.07109729746363971,0.038492169878564915,0.061600883919709686,0.03432640380082322,0.033352467334792496,0.043091144636658155,0.08488542855921719
884,0.008774866360542487,0.13724688703012136,0.17083712555621716,0.06322279351164842,0.0365253812257581,0.0005242108970781291,0.007965773985583091,0.008116751383501798,0.006493401106801439,0.013824660420932097,0.1447100818087178,0.09696596436402151,0.003806349537019781,0.011926655094125096,0.0023210413630974937,0.08810420659721209,0.04913925161903794,0.005349229953715589,0.0487005083010108,0.09544485988385773
